lsstCam/transmission_filter_detector/r22_s20/y_10/19700101T000000.ecsv
# %ECSV 1.0
# ---
# datatype:
# - {name: wavelength, unit: nm, datatype: float32}
# - {name: efficiency, unit: '%', datatype: float64}
# meta: !!omap
# - {MODE: DETECTOR}
# - {TYPE: transmission_filter_detector}
# - {CALIBDATE: '1970-01-01T00:00:00'}
# - {INSTRUME: LSSTCam}
# - {OBSTYPE: transmission_filter_detector}
# - {CALIBCLS: lsst.ip.isr.IntermediateFilterDetectorTransmissionCurve}
# - {SOURCE: Materion (DM-46256)}
# - {DETECTOR: 96}
# - {FILTER: y_10}
# - {CALIB_ID: 'calibDate=1970-01-01T00:00:00 filter=y_10 detector=96'}
# - {DATE: '2025-04-02T15:59:51.188221'}
# - {CALIB_CREATION_DATE: '2025-04-02'}
# - {CALIB_CREATION_TIME: '15:59:51'}
# - __serialized_columns__:
#     efficiency:
#       __class__: astropy.units.quantity.Quantity
#       unit: !astropy.units.Unit {unit: '%'}
#       value: !astropy.table.SerializedColumn {name: efficiency}
#     wavelength:
#       __class__: astropy.units.quantity.Quantity
#       unit: !astropy.units.Unit {unit: nm}
#       value: !astropy.table.SerializedColumn {name: wavelength}
# schema: astropy-2.0
wavelength efficiency
300.0 0.12063595931977034
301.0 0.0693690322805196
302.0 0.018102099420502782
303.0 0.017721026961226016
304.0 0.017339957412332296
305.0 0.01434773876098916
306.0 0.011355516471667215
307.0 0.01281494478462264
308.0 0.01427437091479078
309.0 0.012076139682903886
310.0 0.009877909906208515
311.0 0.00762895870138891
312.0 0.005380006768973544
313.0 0.004364712367532775
314.0 0.0033494179660920054
315.0 0.003551127520040609
316.0 0.003752836710191332
317.0 0.0026042556783067994
318.0 0.0014556733731296845
319.0 0.0016093967133201659
320.0 0.0017631196897127666
321.0 0.0018891376384999603
322.0 0.0020151557691860944
323.0 0.003892285531037487
324.0 0.005769414929090999
325.0 0.0027443169528851286
326.0 1.5728710651627398e-10
327.0 0.0010121832929144148
328.0 0.002305147245351691
329.0 0.0025962535801227205
330.0 0.00288735991489375
331.0 0.0026872425223700702
332.0 0.0024871253117453307
333.0 0.003234135147067718
334.0 0.003981145346187986
335.0 0.003953090708819218
336.0 0.003925035707652569
337.0 0.0031155046599451452
338.0 0.002305973248439841
339.0 0.0016628013327135704
340.0 0.0010196292350883596
341.0 0.0008543134754290804
342.0 0.0006889973064971855
343.0 0.0011524198271217756
344.0 0.001615842484170571
345.0 0.0016310601495206356
346.0 0.0016462778148707002
347.0 0.001438643448636867
348.0 0.001231009082403034
349.0 0.001475181670684833
350.0 0.0017193542589666322
351.0 0.0019515175154083408
352.0 0.00218368113564793
353.0 0.001900272945931647
354.0 0.001616864938114304
355.0 0.001681131834629923
356.0 0.0017453989130444825
357.0 0.0017443551769247279
358.0 0.001743311804602854
359.0 0.0014441937310039066
360.0 0.0011450756574049592
361.0 0.0011395129149605054
362.0 0.0011339500815665815
363.0 0.0010995182492479216
364.0 0.0010650861440808512
365.0 0.0014413492863241117
366.0 0.001817612792365253
367.0 0.001926190270751249
368.0 0.002034767749137245
369.0 0.0016198668163269758
370.0 0.0012049657016177662
371.0 0.0013470062185660936
372.0 0.0014890466445649508
373.0 0.0018763626940199174
374.0 0.0022636786525254138
375.0 0.0032095747883431613
376.0 0.0041554707422619686
377.0 0.004124406405026093
378.0 0.004093341703992337
379.0 0.003521162216202356
380.0 0.002948982728412375
381.0 0.002190964005421847
382.0 0.0014329453733807895
383.0 0.0012028205674141645
384.0 0.000972695488599129
385.0 0.0007383906449831557
386.0 0.0005040858013671823
387.0 0.0005336354661267251
388.0 0.0005631852673104731
389.0 0.00053121666496736
390.0 0.0004992480626242468
391.0 0.0004973867817170685
392.0 0.0004955254553351551
393.0 0.0007017271855147555
394.0 0.000907928915694356
395.0 0.0008006069037946872
396.0 0.0006932850283192238
397.0 0.0007783509317960124
398.0 0.0008634166988485958
399.0 0.001101960788219003
400.0 0.0013405049685388803
401.0 0.001453682671126444
402.0 0.0015668605556129478
403.0 0.0017076270523830317
404.0 0.0018483935491531156
405.0 0.0018596583686303347
406.0 0.0018709230062086135
407.0 0.0016330017388099805
408.0 0.0013950804714113474
409.0 0.0011622886631812435
410.0 0.0009294967640016694
411.0 0.0007120786904124543
412.0 0.000494660480399034
413.0 0.0003312368562546908
414.0 0.00016781319800429628
415.0 0.0005194301138544688
416.0 0.0008710470865480602
417.0 0.0004843323949899059
418.0 9.761790806805948e-05
419.0 0.00024402968392678304
420.0 0.0003904415734723443
421.0 0.00046799846131762024
422.0 0.0005455556220113067
423.0 0.0007965969416545704
424.0 0.001047638215823099
425.0 4.679738481172535e-05
426.0 1.5728710651627398e-10
427.0 1.5728710651627398e-10
428.0 0.0006508652859338326
429.0 1.5728710651627398e-10
430.0 1.5728710651627398e-10
431.0 1.5728710651627398e-10
432.0 0.0007081179319357034
433.0 0.00034794568364304723
434.0 1.5728710651627398e-10
435.0 0.00015923745877444162
436.0 0.0003307015049358597
437.0 0.0003850580469588749
438.0 0.0004394146799313603
439.0 7.288464942689643e-07
440.0 1.5728710651627398e-10
441.0 1.5728710651627398e-10
442.0 1.5728710651627398e-10
443.0 1.5728710651627398e-10
444.0 1.5728710651627398e-10
445.0 1.5728710651627398e-10
446.0 6.295688308455283e-05
447.0 0.00015077741863933625
448.0 0.00023859790871938458
449.0 0.00017033823951351224
450.0 0.00010207853620158858
451.0 7.95359540006757e-05
452.0 5.699355938304507e-05
453.0 1.5728710651627398e-10
454.0 1.5728710651627398e-10
455.0 1.5298161315513426e-05
456.0 0.00033103224268415943
457.0 9.245797514267906e-05
458.0 1.5728710651627398e-10
459.0 1.5728710651627398e-10
460.0 1.5728710651627398e-10
461.0 0.00013764994264420238
462.0 0.000765525419410551
463.0 0.0008403053470829036
464.0 0.0009150852747552563
465.0 0.0006728969765390502
466.0 0.0004307087237975793
467.0 0.000868968891154509
468.0 0.0013072289220872335
469.0 0.0016580494047957473
470.0 0.0020088697056053206
471.0 0.002332114127057139
472.0 0.0026553581847110763
473.0 0.0026588728360366076
474.0 0.0026623871235642582
475.0 0.00281583870673785
476.0 0.0029692902899114415
477.0 0.0029814036679454148
478.0 0.0029935174097772688
479.0 0.003362835559528321
480.0 0.0037321537092793733
481.0 0.004083085514139384
482.0 0.0044340176827972755
483.0 0.004246380922268145
484.0 0.004058744525536895
485.0 0.003657623165054247
486.0 0.0032565018045715988
487.0 0.0029718126825173385
488.0 0.0026871235604630783
489.0 0.0024568756998633035
490.0 0.002226628021162469
491.0 0.0019816161511698738
492.0 0.0017366046449751593
493.0 0.0016906582459341735
494.0 0.0016447118468931876
495.0 0.0017904103515320458
496.0 0.0019361084923730232
497.0 0.001990979944821447
498.0 0.0020458512153709307
499.0 0.0022151274606585503
500.0 0.0023844035240472294
501.0 0.0027143054467160255
502.0 0.0030442073693848215
503.0 0.00284952166111907
504.0 0.0026548355890554376
505.0 0.002618167673062999
506.0 0.0025814999389695004
507.0 0.002183923243137542
508.0 0.0017863467292045243
509.0 0.0019098204575129785
510.0 0.0020332940039224923
511.0 0.001948261160578113
512.0 0.0018632283172337338
513.0 0.001825639083108399
514.0 0.0017880498489830643
515.0 0.0014879982700222172
516.0 0.0011879467820108403
517.0 0.0011410559636715334
518.0 0.0010941653272311669
519.0 0.001183844233310083
520.0 0.001273523139388999
521.0 0.0016437836166005582
522.0 0.0020140436390647665
523.0 0.001994304147956427
524.0 0.001974564111151267
525.0 0.00203171803150326
526.0 0.0020888719518552534
527.0 0.0022391601305571385
528.0 0.002389448491157964
529.0 0.002365251748415176
530.0 0.002341055187571328
531.0 0.002226998913101852
532.0 0.0021129424567334354
533.0 0.002060302722384222
534.0 0.0020076629880350083
535.0 0.0017644342733547091
536.0 0.0015212053767754696
537.0 0.0020361329006846063
538.0 0.0025510606064926833
539.0 0.0031438696169061586
540.0 0.003736678627319634
541.0 0.00393798400182277
542.0 0.004139288648730144
543.0 0.0044944135879632086
544.0 0.0048495381633983925
545.0 0.004646878369385377
546.0 0.004444217847776599
547.0 0.003893158645951189
548.0 0.0033420990803278983
549.0 0.0027079699066234753
550.0 0.0020738403691211715
551.0 0.00239296568906866
552.0 0.0027120910090161487
553.0 0.003056116111110896
554.0 0.0034001408494077623
555.0 0.003792730421992019
556.0 0.004185320358374156
557.0 0.004192813139525242
558.0 0.004200305193080567
559.0 0.0038334088458213955
560.0 0.003466512498562224
561.0 0.00342711791745387
562.0 0.003387723336345516
563.0 0.0034236989449709654
564.0 0.0034596745535964146
565.0 0.0037755748053314164
566.0 0.004091475420864299
567.0 0.004409625398693606
568.0 0.004727775740320794
569.0 0.005470914038596675
570.0 0.006214051973074675
571.0 0.006237521301954985
572.0 0.006260990630835295
573.0 0.006195468449732289
574.0 0.006129946996225044
575.0 0.006031027078279294
576.0 0.005932106796535663
577.0 0.005635413981508464
578.0 0.005338721166481264
579.0 0.005711402991437353
580.0 0.006084084452595562
581.0 0.007166306022554636
582.0 0.00824852759251371
583.0 0.009410720667801797
584.0 0.010572914470685646
585.0 0.010938117338810116
586.0 0.011303320206934586
587.0 0.01091902086045593
588.0 0.010534721513977274
589.0 0.010192707122769207
590.0 0.0098506934591569
591.0 0.00894495751708746
592.0 0.008039220119826496
593.0 0.00689023727318272
594.0 0.005741255881730467
595.0 0.005623811375699006
596.0 0.005506367961061187
597.0 0.006155098526505753
598.0 0.0068038294557482
599.0 0.007959624053910375
600.0 0.009115418652072549
601.0 0.010147405555471778
602.0 0.011179391731275246
603.0 0.011148128396598622
604.0 0.011116867972305045
605.0 0.01074868778232485
606.0 0.010380507592344657
607.0 0.008823761163512245
608.0 0.007267014734679833
609.0 0.005771909491159022
610.0 0.004276804975233972
611.0 0.003731099786818959
612.0 0.0031853949622018263
613.0 0.003528226079652086
614.0 0.0038710571971023455
615.0 0.00488261430291459
616.0 0.005894170681131072
617.0 0.007668514444958419
618.0 0.009442856389796361
619.0 0.01062108131009154
620.0 0.011799306230386719
621.0 0.011719225585693493
622.0 0.01163914566859603
623.0 0.0113283000246156
624.0 0.01101745365303941
625.0 0.0095575196610298
626.0 0.00809758566902019
627.0 0.006676217162748799
628.0 0.005254849747871049
629.0 0.004282823647372425
630.0 0.003310796819278039
631.0 0.002867036710085813
632.0 0.0024232767827925272
633.0 0.0027070276701124385
634.0 0.00299077873933129
635.0 0.0033032454666681588
636.0 0.0036157121940050274
637.0 0.003981968984589912
638.0 0.004348226138972677
639.0 0.004720763172372244
640.0 0.005093300205771811
641.0 0.005283002974465489
642.0 0.0054727057431591675
643.0 0.005208752190810628
644.0 0.004944797910866328
645.0 0.004451725180842914
646.0 0.0039586528146173805
647.0 0.0032413776352768764
648.0 0.002524102819734253
649.0 0.0020759563994943164
650.0 0.0016278101611533202
651.0 0.0016634969142614864
652.0 0.0016991836673696525
653.0 0.0016361078451154754
654.0 0.0015730320228612982
655.0 0.0015112356777535751
656.0 0.0014494390597974416
657.0 0.001475732551625697
658.0 0.0015020260434539523
659.0 0.0017248035874217749
660.0 0.001947580858541187
661.0 0.0017618460333324037
662.0 0.0015761112081236206
663.0 0.0018679100321605802
664.0 0.00215970903809648
665.0 0.0028420383387128823
666.0 0.0035243672755314037
667.0 0.004590855314745568
668.0 0.005657342990161851
669.0 0.006489517545560375
670.0 0.007321691373363137
671.0 0.0076324860856402665
672.0 0.00794328298070468
673.0 0.00782101196818985
674.0 0.007698740955675021
675.0 0.007257785910042003
676.0 0.006816830136813223
677.0 0.005384342875913717
678.0 0.003951852340833284
679.0 0.0026433061066200025
680.0 0.0013347589629120193
681.0 0.0008830089427647181
682.0 0.0004312591045163572
683.0 0.0005065020104666473
684.0 0.0005817448709422024
685.0 0.0004681503469328163
686.0 0.0003545557092365925
687.0 0.000297842848340224
688.0 0.0002411299874438555
689.0 0.0001942553581102402
690.0 0.00014738070603925735
691.0 0.00013031476555624977
692.0 0.00011324887054797728
693.0 6.724687295900367e-05
694.0 2.1244851211577043e-05
695.0 0.00015839287925700773
696.0 0.0002955408945126692
697.0 0.0003894827841577353
698.0 0.0004834247192775365
699.0 0.00038519810914294794
700.0 0.0002869714990083594
701.0 0.0001479738557463861
702.0 8.976171272934153e-06
703.0 1.3805139076339401e-05
704.0 1.8634177934018226e-05
705.0 0.00014993044032962644
706.0 0.0002812266302498756
707.0 0.00025460083179495996
708.0 0.00022797503334004432
709.0 0.0004291755431040656
710.0 0.0006303760983428219
711.0 0.0005145709565113066
712.0 0.0003987658601545263
713.0 0.0002134630449290853
714.0 2.816024675666995e-05
715.0 0.0001014552935885149
716.0 0.00017475031199865043
717.0 4.511713314059307e-05
718.0 1.5728710651627398e-10
719.0 0.00027868459255842026
720.0 0.0006418852535716724
721.0 0.0007603949143231148
722.0 0.0008789046660240274
723.0 0.0006517051133414498
724.0 0.0004245056061336072
725.0 3.3905971008607594e-05
726.0 1.5728710651627398e-10
727.0 1.5728710651627398e-10
728.0 0.0002566060402386938
729.0 0.0002554891580075491
730.0 0.00025437234398850705
731.0 0.0002926552724602516
732.0 0.0003309384510430391
733.0 0.0002801262553475681
734.0 0.00022931417333893478
735.0 0.0002079565092572011
736.0 0.00018659894749362138
737.0 0.00017424096085960628
738.0 0.00016188309928111266
739.0 0.00021265311715978896
740.0 0.0002634229531395249
741.0 0.00041149787648464553
742.0 0.0005595728453045012
743.0 0.0003354709178893245
744.0 0.0001113690018428315
745.0 0.0002926999741248437
746.0 0.0004740309577755397
747.0 0.0004018864274257794
748.0 0.0003297418061265489
749.0 2.0263794908714772e-05
750.0 1.5728710651627398e-10
751.0 0.0002830758603522554
752.0 0.0008553658517485019
753.0 0.0007959096365084406
754.0 0.0007364533757936442
755.0 0.0004041370175400516
756.0 7.182054559962125e-05
757.0 8.320402571371233e-05
758.0 9.458744330004265e-05
759.0 0.00035934294828621205
760.0 0.0006240985840122448
761.0 0.0005179135314392624
762.0 0.00041172847886628006
763.0 0.00045563160711026285
764.0 0.0004995347353542456
765.0 0.000557170915271854
766.0 0.0006148071406641975
767.0 0.0004334739060141146
768.0 0.0002521407623135019
769.0 0.00031604156447428977
770.0 0.00037994223021087237
771.0 0.00037858258110645693
772.0 0.0003772227728404687
773.0 0.0005036644324718509
774.0 0.0006301060238911305
775.0 0.0004952183644491015
776.0 0.00036033070500707254
777.0 0.0003639714805103722
778.0 0.0003676123242257745
779.0 0.0006004591341479681
780.0 0.0008333060577569995
781.0 0.0007706443284405395
782.0 0.0007079825991240796
783.0 0.0008285482181236148
784.0 0.00094911383712315
785.0 0.0008873206752468832
786.0 0.0008255275133706164
787.0 0.0005861441422894131
788.0 0.00034676074847084237
789.0 0.00037389684166555526
790.0 0.0004010328211734304
791.0 0.0006334293175314087
792.0 0.000865825768414652
793.0 0.000766772518545622
794.0 0.000667719223201857
795.0 0.0007289341283467365
796.0 0.000790148988016881
797.0 0.0006764714271412231
798.0 0.0005627939117403002
799.0 0.0002861732355086133
800.0 9.552591961892176e-06
801.0 0.00028069350719306385
802.0 0.0005518345005839365
803.0 0.0006633071734540863
804.0 0.0007747799827484414
805.0 0.0008205642188841011
806.0 0.0008663482731208205
807.0 0.000868594361236319
808.0 0.000870840267452877
809.0 0.0007766387170704547
810.0 0.0006824372121627675
811.0 0.0008465884093311615
812.0 0.0010107394700753503
813.0 0.0009913781468640082
814.0 0.0009720169146021362
815.0 0.0008337211511388887
816.0 0.0006954254331503762
817.0 0.0008564118616050109
818.0 0.0010173983355343807
819.0 0.0010477333489689045
820.0 0.0010780680895550177
821.0 0.0009155403859040234
822.0 0.0007530128641519696
823.0 0.0005713559858122608
824.0 0.0003896991529472871
825.0 0.0005576306648436002
826.0 0.0007255621767399134
827.0 0.0009553373274684418
828.0 0.001185112341772765
829.0 0.0007163587724789977
830.0 0.00024760508949839277
831.0 0.00028284196105232695
832.0 0.00031807903724256903
833.0 0.0007630910658917855
834.0 0.0012081032764399424
835.0 0.0007315987204492558
836.0 0.00025509391434752615
837.0 0.00029758673463220475
838.0 0.000340079623128986
839.0 0.0003975762410846073
840.0 0.00045507285904022865
841.0 0.0007101932624209439
842.0 0.000965313574852189
843.0 0.0008514217370247934
844.0 0.0007375298537226627
845.0 0.0008799168426776305
846.0 0.0010223038771073334
847.0 0.0009480018889007624
848.0 0.0008736998097447213
849.0 0.0007438759439537534
850.0 0.0006140518053143751
851.0 0.0010014828148996457
852.0 0.0013889137335354462
853.0 0.0011096681191702373
854.0 0.0008304225957544986
855.0 0.0007353330147452652
856.0 0.0006402435701602371
857.0 0.0008295662155433092
858.0 0.0010188889064011164
859.0 0.000771268878452247
860.0 0.0005236488050286425
861.0 0.0010684079825296067
862.0 0.0016131671145558357
863.0 0.0015362420526798815
864.0 0.001459316899854457
865.0 0.0018117576473741792
866.0 0.002164198122045491
867.0 0.002554984894231893
868.0 0.0029457713026204146
869.0 0.0029497412469936535
870.0 0.002953711009467952
871.0 0.003286121864221059
872.0 0.0036185330827720463
873.0 0.0029950695534353144
874.0 0.002371606205997523
875.0 0.0021445437596412376
876.0 0.0019174813132849522
