lsstCam/transmission_filter_detector/r22_s20/y_10/19700101T000000.ecsv
# %ECSV 1.0
# ---
# datatype:
# - {name: wavelength, unit: nm, datatype: float32}
# - {name: efficiency, unit: '%', datatype: float64}
# meta: !!omap
# - {MODE: DETECTOR}
# - {TYPE: transmission_filter_detector}
# - {CALIBDATE: '1970-01-01T00:00:00'}
# - {INSTRUME: LSSTCam}
# - {OBSTYPE: transmission_filter_detector}
# - {CALIBCLS: lsst.ip.isr.IntermediateFilterDetectorTransmissionCurve}
# - {SOURCE: Materion (DM-46256)}
# - {DETECTOR: 96}
# - {FILTER: y_10}
# - {CALIB_ID: 'calibDate=1970-01-01T00:00:00 filter=y_10 detector=96'}
# - {DATE: '2025-04-02T15:59:51.188221'}
# - {CALIB_CREATION_DATE: '2025-04-02'}
# - {CALIB_CREATION_TIME: '15:59:51'}
# - __serialized_columns__:
#     efficiency:
#       __class__: astropy.units.quantity.Quantity
#       unit: !astropy.units.Unit {unit: '%'}
#       value: !astropy.table.SerializedColumn {name: efficiency}
#     wavelength:
#       __class__: astropy.units.quantity.Quantity
#       unit: !astropy.units.Unit {unit: nm}
#       value: !astropy.table.SerializedColumn {name: wavelength}
# schema: astropy-2.0
wavelength efficiency
[from data line 578]
878.0 0.0017966816812986508
879.0 0.001800180325517431
880.0 0.05011186585761607
881.0 0.10621304390951991
882.0 0.04803274059668183
883.0 0.09451989317312837
884.0 0.046623937669210136
885.0 0.1050274702720344
886.0 0.04756941052619368
887.0 0.10790842352434993
888.0 0.03128308744635433
889.0 0.10973991593346
890.0 0.03842701262328774
891.0 0.10516805341467261
892.0 0.045736556057818234
893.0 0.10111158480867743
894.0 0.058693537721410394
895.0 0.11361490469425917
896.0 0.0597649603150785
897.0 0.12740427628159523
898.0 0.07838650490157306
899.0 0.14909279998391867
900.0 0.09325384744443
901.0 0.15806237934157252
902.0 0.1819984521716833
903.0 0.19693488720804453
904.0 0.24354797787964344
905.0 0.30388336163014174
906.0 0.3762230044230819
907.0 0.49087144434452057
908.0 0.6835272070020437
909.0 0.9289084002375603
910.0 1.3561555184423923
911.0 1.9179657101631165
912.0 2.8134437277913094
913.0 4.105832427740097
914.0 5.578886717557907
915.0 7.68546462059021
916.0 10.149962455034256
917.0 12.743321061134338
918.0 15.637336671352386
919.0 18.348681926727295
920.0 22.044728696346283
921.0 25.965794920921326
922.0 29.95205819606781
923.0 34.67771112918854
924.0 39.78471755981445
925.0 45.3447699546814
926.0 51.91006660461426
927.0 58.81364345550537
928.0 64.7712230682373
929.0 71.05159163475037
930.0 76.45716071128845
931.0 81.65226578712463
932.0 86.28683090209961
933.0 90.08595943450928
934.0 92.72664785385132
935.0 94.51868534088135
936.0 95.85437774658203
937.0 96.74203991889954
938.0 97.28534817695618
939.0 97.5081205368042
940.0 97.72696495056152
941.0 97.84185290336609
942.0 97.99886345863342
943.0 98.0402946472168
944.0 98.22867512702942
945.0 98.14818501472473
946.0 98.19393754005432
947.0 98.16107153892517
948.0 98.3180284500122
949.0 98.24912548065186
950.0 98.38083386421204
951.0 98.44145774841309
952.0 98.52951765060425
953.0 98.67086410522461
954.0 98.76751899719238
955.0 98.80188703536987
956.0 98.9788293838501
957.0 99.08789992332458
958.0 99.22581911087036
959.0 99.21907782554626
960.0 99.28860068321228
961.0 99.33353066444397
962.0 99.35364127159119
963.0 99.39549565315247
964.0 99.43755269050598
965.0 99.42970275878906
966.0 99.53588247299194
967.0 99.58319067955017
968.0 99.54794645309448
969.0 99.58215951919556
970.0 99.62148666381836
971.0 99.65307116508484
972.0 99.67265725135803
973.0 99.77157711982727
974.0 99.7528076171875
975.0 99.7121274471283
976.0 99.74681735038757
977.0 99.68980550765991
978.0 99.77128505706787
979.0 99.677175283432
980.0 99.62464570999146
981.0 99.57879185676575
982.0 99.49357509613037
983.0 99.52175617218018
984.0 99.48705434799194
985.0 99.5138168334961
986.0 99.40534234046936
987.0 99.48168396949768
988.0 99.40808415412903
989.0 99.4147539138794
990.0 99.40211176872253
991.0 99.43583011627197
992.0 99.5040237903595
993.0 99.45790767669678
994.0 99.45643544197083
995.0 99.51549768447876
996.0 99.48254823684692
997.0 99.62902665138245
998.0 99.64141249656677
999.0 99.67375993728638
1000.0 99.6843159198761
1001.0 99.6578574180603
1002.0 99.74408149719238
1003.0 99.76397752761841
1004.0 99.82230067253113
1005.0 99.73700642585754
1006.0 99.8231291770935
1007.0 99.80915188789368
1008.0 99.78962540626526
1009.0 99.68844652175903
1010.0 99.77079033851624
1011.0 99.7620701789856
1012.0 99.69773888587952
1013.0 99.7043788433075
1014.0 99.66204762458801
1015.0 99.64585304260254
1016.0 99.6136486530304
1017.0 99.68925714492798
1018.0 99.70274567604065
1019.0 99.64417219161987
1020.0 99.71729516983032
1021.0 99.86698627471924
1022.0 99.72959756851196
1023.0 99.7556746006012
1024.0 99.76836442947388
1025.0 99.76432919502258
1026.0 99.81812834739685
1027.0 99.94376301765442
1028.0 99.8665988445282
1029.0 99.95748400688171
1030.0 99.98593330383301
1031.0 99.88128542900085
1032.0 99.9704658985138
1033.0 99.8895525932312
1034.0 99.9289333820343
1035.0 99.98184442520142
1036.0 99.87651705741882
1037.0 99.88695979118347
1038.0 99.85461831092834
1039.0 99.7725248336792
1040.0 99.72976446151733
1041.0 99.81346130371094
1042.0 99.732106924057
1043.0 99.69884753227234
1044.0 99.80829358100891
1045.0 99.52784776687622
1046.0 99.73486661911011
1047.0 99.71948862075806
1048.0 99.71864223480225
1049.0 99.6864378452301
1050.0 99.68730211257935
1051.0 99.64850544929504
1052.0 99.65739846229553
1053.0 99.52770471572876
1054.0 99.73350763320923
1055.0 99.85025525093079
1056.0 99.67363476753235
1057.0 99.76516962051392
1058.0 99.59583878517151
1059.0 99.60688352584839
1060.0 99.73865151405334
1061.0 99.60544109344482
1062.0 99.58146810531616
1063.0 99.60402846336365
1064.0 99.73785877227783
1065.0 99.65078234672546
1066.0 99.60753321647644
1067.0 99.69687461853027
1068.0 99.6442198753357
1069.0 99.4303822517395
1070.0 99.70131516456604
1071.0 99.68490600585938
1072.0 99.67263340950012
1073.0 99.87156987190247
1074.0 99.32688474655151
1075.0 99.48949813842773
1076.0 99.23532605171204
1077.0 99.53359961509705
1078.0 99.68155026435852
1079.0 99.5118498802185
1080.0 100.10937452316284
1081.0 99.46430921554565
1082.0 99.44413900375366
1083.0 99.30910468101501
1084.0 99.63231086730957
1085.0 99.60998296737671
1086.0 99.35817122459412
1087.0 99.33175444602966
1088.0 99.20355081558228
1089.0 99.22381639480591
1090.0 99.20654296875
1091.0 99.28910732269287
1092.0 99.03768301010132
1093.0 99.06120896339417
1094.0 98.88358116149902
1095.0 98.9321231842041
1096.0 98.89265894889832
1097.0 98.82097840309143
1098.0 98.18385243415833
1099.0 99.11035895347595
1100.0 98.4656274318695
