lsstCam/transmission_filter_detector/r32_s00/u_24/19700101T000000.ecsv
# %ECSV 1.0
# ---
# datatype:
# - {name: wavelength, unit: nm, datatype: float32}
# - {name: efficiency, unit: '%', datatype: float64}
# meta: !!omap
# - {MODE: DETECTOR}
# - {TYPE: transmission_filter_detector}
# - {CALIBDATE: '1970-01-01T00:00:00'}
# - {INSTRUME: LSSTCam}
# - {OBSTYPE: transmission_filter_detector}
# - {CALIBCLS: lsst.ip.isr.IntermediateFilterDetectorTransmissionCurve}
# - {SOURCE: Materion (DM-46256)}
# - {DETECTOR: 135}
# - {FILTER: u_24}
# - {CALIB_ID: 'calibDate=1970-01-01T00:00:00 filter=u_24 detector=135'}
# - {DATE: '2025-04-02T15:59:40.375888'}
# - {CALIB_CREATION_DATE: '2025-04-02'}
# - {CALIB_CREATION_TIME: '15:59:40'}
# - __serialized_columns__:
#     efficiency:
#       __class__: astropy.units.quantity.Quantity
#       unit: !astropy.units.Unit {unit: '%'}
#       value: !astropy.table.SerializedColumn {name: efficiency}
#     wavelength:
#       __class__: astropy.units.quantity.Quantity
#       unit: !astropy.units.Unit {unit: nm}
#       value: !astropy.table.SerializedColumn {name: wavelength}
# schema: astropy-2.0
wavelength efficiency
[from data line 586]
881.0 0.002361032602493651
882.0 0.002398082688159775
883.0 0.0023950582544784993
884.0 0.0023920338207972236
885.0 0.0024448718249914236
886.0 0.002497710011084564
887.0 0.002297313039889559
888.0 0.0020969160686945543
889.0 0.00234882791119162
890.0 0.002600739389890805
891.0 0.002703398968151305
892.0 0.0028060589102096856
893.0 0.0028099251721869223
894.0 0.0028137912522652186
895.0 0.0029480672310455702
896.0 0.0030823430279269814
897.0 0.0033122985769296065
898.0 0.0035422541259322315
899.0 0.0037179830542299896
900.0 0.0038937119825277478
901.0 0.004148556035943329
902.0 0.004403400089358911
903.0 0.004630742478184402
904.0 0.004858085230807774
905.0 0.005102395152789541
906.0 0.005346704710973427
907.0 0.005335632886271924
908.0 0.005324561425368302
909.0 0.005414355837274343
910.0 0.005504150249180384
911.0 0.005356039400794543
912.0 0.005207928552408703
913.0 0.00499433881486766
914.0 0.004780748713528737
915.0 0.004559494846034795
916.0 0.004338240978540853
917.0 0.004199521572445519
918.0 0.004060802166350186
919.0 0.004161475953878835
920.0 0.004262149377609603
921.0 0.004543189788819291
922.0 0.004824229836231098
923.0 0.005213784606894478
924.0 0.005603339377557859
925.0 0.005924268043600023
926.0 0.006245197437237948
927.0 0.006614594894926995
928.0 0.006983993080211803
929.0 0.007244023436214775
930.0 0.007504053064621985
931.0 0.00765603908803314
932.0 0.007808024383848533
933.0 0.007801280298735946
934.0 0.007794534758431837
935.0 0.00766790471971035
936.0 0.0075412717706058174
937.0 0.0071354719693772495
938.0 0.0067296721681486815
939.0 0.006453378591686487
940.0 0.006177085015224293
941.0 0.005191801756154746
942.0 0.004206518497085199
943.0 0.0036783658288186416
944.0 0.003150213888147846
945.0 0.0029635530154337175
946.0 0.002776892142719589
947.0 0.0023107382730813697
948.0 0.0018445842215442099
949.0 0.001525414154457394
950.0 0.001206243996421108
951.0 0.0012601652088051196
952.0 0.0013140860573912505
953.0 0.0016060945199569687
954.0 0.0018981028915732168
955.0 0.0021235915482975543
956.0 0.002349079841224011
957.0 0.0025375895347679034
958.0 0.0027260992283117957
959.0 0.002983415834023617
960.0 0.0032407322578364983
961.0 0.00384562554245349
962.0 0.004450518463272601
963.0 0.004341284511610866
964.0 0.0042320509237470105
965.0 0.004478748087421991
966.0 0.004725445978692733
967.0 0.004656645251088776
968.0 0.004587844523484819
969.0 0.004592243931256235
970.0 0.00459664297522977
971.0 0.004509492646320723
972.0 0.004422342317411676
973.0 0.004265870666131377
974.0 0.004109399014851078
975.0 0.003921454481314868
976.0 0.003733509947778657
977.0 0.0031350969948107377
978.0 0.002536683859943878
979.0 0.0024951883460744284
980.0 0.002453692832204979
981.0 0.0025262468625442125
982.0 0.0025988010747823864
983.0 0.0026694726329878904
984.0 0.0027401443730923347
985.0 0.002969258275697939
986.0 0.0031983727240003645
987.0 0.0034935492294607684
988.0 0.003788726098719053
989.0 0.0042079624108737335
990.0 0.004627198723028414
991.0 0.005331002830644138
992.0 0.006034806938259862
993.0 0.00626781111350283
994.0 0.006500813469756395
995.0 0.006426136678783223
996.0 0.00635145916021429
997.0 0.006160670454846695
998.0 0.0059698817494791
999.0 0.006242051313165575
1000.0 0.006514219421660528
1001.0 0.006617973849643022
1002.0 0.006721729732817039
1003.0 0.006462989404099062
1004.0 0.006204249075381085
1005.0 0.005631591920973733
1006.0 0.0050589340389706194
1007.0 0.005002934267395176
1008.0 0.004946935951011255
1009.0 0.004467735925572924
1010.0 0.003988535900134593
1011.0 0.0036895075027132407
1012.0 0.003390479469089769
1013.0 0.0028184147595311515
1014.0 0.0022463496861746535
1015.0 0.0018666420146473683
1016.0 0.001486934252170613
1017.0 0.0012701754712907132
1018.0 0.0010534166904108133
1019.0 0.0009690093975223135
1020.0 0.0008846022865327541
1021.0 0.0010301601832907181
1022.0 0.0011757181709981523
1023.0 0.0013344541912374552
1024.0 0.0014931903933756985
1025.0 0.001226766107720323
1026.0 0.0009603420039638877
1027.0 0.0013359071999730077
1028.0 0.001711472032184247
1029.0 0.0017201991795445792
1030.0 0.001728926508803852
1031.0 0.001778630212356802
1032.0 0.0018283339159097522
1033.0 0.0017013655451592058
1034.0 0.0015743966287118383
1035.0 0.001605752004252281
1036.0 0.001637107015994843
1037.0 0.0018936818378278986
1038.0 0.002150256659660954
1039.0 0.0019159486328135245
1040.0 0.0016816407878650352
1041.0 0.001713004348857794
1042.0 0.0017443677279516123
1043.0 0.0018280714357388206
1044.0 0.0019117753254249692
1045.0 0.0018785782231134363
1046.0 0.001845380938902963
1047.0 0.0019189486920367926
1048.0 0.0019925164451706223
1049.0 0.0019080840502283536
1050.0 0.0018236514733871445
1051.0 0.0019102693840977736
1052.0 0.001996887476707343
1053.0 0.0020719864551210776
1054.0 0.0021470856154337525
1055.0 0.0018846887542167678
1056.0 0.0016222920748987235
1057.0 0.0011393092790967785
1058.0 0.0006563264832948335
1059.0 0.0005406494437920628
1060.0 0.00042497249523876235
1061.0 0.0007460449523932766
1062.0 0.0010671175914467312
1063.0 0.000988859301287448
1064.0 0.0009106012839765754
1065.0 0.0012421939572959673
1066.0 0.0015737867215648293
1067.0 0.0018921520677395165
1068.0 0.002210517595813144
1069.0 0.002293108445883263
1070.0 0.0023756996597512625
1071.0 0.0026285533749614842
1072.0 0.002881407090171706
1073.0 0.00263244983216282
1074.0 0.0023834925741539337
1075.0 0.002456628135405481
1076.0 0.002529763696657028
1077.0 0.0023763910576235503
1078.0 0.002223018236691132
1079.0 0.0035774904972640797
1080.0 0.004931962757837027
1081.0 0.005214001430431381
1082.0 0.005496040830621496
1083.0 0.005331075954018161
1084.0 0.005166109622223303
1085.0 0.005036633956478909
1086.0 0.004907158290734515
1087.0 0.0043403539166320115
1088.0 0.003773548814933747
1089.0 0.005243295163381845
1090.0 0.006713040784234181
1091.0 0.0053027044486952946
1092.0 0.003892368113156408
1093.0 0.004458963303477503
1094.0 0.005025557766202837
1095.0 0.004752491076942533
1096.0 0.004479424387682229
1097.0 0.0038007194234523922
1098.0 0.0031220155506161973
1099.0 0.0033847285521915182
1100.0 0.0036474422813626006
