lsstCam/transmission_filter_detector/r32_s00/u_24/19700101T000000.ecsv
# %ECSV 1.0
# ---
# datatype:
# - {name: wavelength, unit: nm, datatype: float32}
# - {name: efficiency, unit: '%', datatype: float64}
# meta: !!omap
# - {MODE: DETECTOR}
# - {TYPE: transmission_filter_detector}
# - {CALIBDATE: '1970-01-01T00:00:00'}
# - {INSTRUME: LSSTCam}
# - {OBSTYPE: transmission_filter_detector}
# - {CALIBCLS: lsst.ip.isr.IntermediateFilterDetectorTransmissionCurve}
# - {SOURCE: Materion (DM-46256)}
# - {DETECTOR: 135}
# - {FILTER: u_24}
# - {CALIB_ID: 'calibDate=1970-01-01T00:00:00 filter=u_24 detector=135'}
# - {DATE: '2025-04-02T15:59:40.375888'}
# - {CALIB_CREATION_DATE: '2025-04-02'}
# - {CALIB_CREATION_TIME: '15:59:40'}
# - __serialized_columns__:
#     efficiency:
#       __class__: astropy.units.quantity.Quantity
#       unit: !astropy.units.Unit {unit: '%'}
#       value: !astropy.table.SerializedColumn {name: efficiency}
#     wavelength:
#       __class__: astropy.units.quantity.Quantity
#       unit: !astropy.units.Unit {unit: nm}
#       value: !astropy.table.SerializedColumn {name: wavelength}
# schema: astropy-2.0
wavelength efficiency
295.0 1.582028128291335e-10
296.0 1.582028128291335e-10
297.0 0.0018177219317294657
298.0 1.582028128291335e-10
299.0 1.582028128291335e-10
300.0 0.06194015732035041
301.0 1.582028128291335e-10
302.0 1.582028128291335e-10
303.0 1.582028128291335e-10
304.0 0.15640073688700795
305.0 0.544087216258049
306.0 1.2951845303177834
307.0 2.3106155917048454
308.0 4.297845810651779
309.0 7.097385823726654
310.0 10.023624449968338
311.0 13.75882476568222
312.0 17.596207559108734
313.0 20.825305581092834
314.0 23.602578043937683
315.0 26.206058263778687
316.0 28.206154704093933
317.0 30.66730797290802
318.0 33.181190490722656
319.0 36.33042871952057
320.0 41.2038654088974
321.0 46.197980642318726
322.0 52.061229944229126
323.0 57.68141746520996
324.0 62.60284185409546
325.0 66.1613941192627
326.0 68.70405077934265
327.0 70.69922685623169
328.0 72.6788341999054
329.0 74.07766580581665
330.0 75.46373009681702
331.0 76.50220394134521
332.0 76.95832252502441
333.0 77.15682983398438
334.0 77.01750993728638
335.0 77.1807074546814
336.0 77.20696926116943
337.0 77.596914768219
338.0 78.53385210037231
339.0 79.17611598968506
340.0 79.60878014564514
341.0 80.1611065864563
342.0 80.46519160270691
343.0 80.41221499443054
344.0 80.53181767463684
345.0 80.811607837677
346.0 81.09813928604126
347.0 81.42638802528381
348.0 81.68385028839111
349.0 81.8951964378357
350.0 81.93991184234619
351.0 82.1470558643341
352.0 82.02883005142212
353.0 81.94586634635925
354.0 81.88945651054382
355.0 82.0853054523468
356.0 82.27821588516235
357.0 82.14804530143738
358.0 81.90678358078003
359.0 81.64921402931213
360.0 81.66595101356506
361.0 81.55592083930969
362.0 81.39779567718506
363.0 81.51596188545227
364.0 81.59506916999817
365.0 81.76963329315186
366.0 81.82622790336609
367.0 81.86993598937988
368.0 81.72098994255066
369.0 81.67522549629211
370.0 81.32315278053284
371.0 81.1343789100647
372.0 81.03792667388916
373.0 81.13815784454346
374.0 81.15501403808594
375.0 81.47444725036621
376.0 81.52070641517639
377.0 81.51875734329224
378.0 81.59228563308716
379.0 81.34223818778992
380.0 80.7388186454773
381.0 79.5716941356659
382.0 77.8524100780487
383.0 75.94829201698303
384.0 73.85878562927246
385.0 71.50355577468872
386.0 69.13329362869263
387.0 66.01799130439758
388.0 62.877267599105835
389.0 59.143996238708496
390.0 55.359405279159546
391.0 51.2252151966095
392.0 46.86099290847778
393.0 42.93219447135925
394.0 39.659544825553894
395.0 36.53886616230011
396.0 33.37179720401764
397.0 29.31026816368103
398.0 24.59418922662735
399.0 18.49256455898285
400.0 12.363965809345245
401.0 7.38728865981102
402.0 3.6343608051538467
403.0 1.3556132093071938
404.0 0.40648365393280983
405.0 0.16431509284302592
406.0 0.052606884855777025
407.0 0.049242976820096374
408.0 0.03167505783494562
409.0 1.582028128291335e-10
410.0 0.007706621545366943
411.0 1.582028128291335e-10
412.0 1.582028128291335e-10
413.0 1.582028128291335e-10
414.0 1.582028128291335e-10
415.0 1.582028128291335e-10
416.0 1.582028128291335e-10
417.0 1.582028128291335e-10
418.0 1.582028128291335e-10
419.0 1.582028128291335e-10
420.0 1.582028128291335e-10
421.0 1.582028128291335e-10
422.0 1.582028128291335e-10
423.0 1.582028128291335e-10
424.0 1.582028128291335e-10
425.0 1.582028128291335e-10
426.0 0.0016724448869354092
427.0 1.582028128291335e-10
428.0 1.582028128291335e-10
429.0 1.582028128291335e-10
430.0 1.582028128291335e-10
431.0 1.582028128291335e-10
432.0 1.582028128291335e-10
433.0 1.582028128291335e-10
434.0 1.582028128291335e-10
435.0 0.0002355361402806011
436.0 0.0007294030183402356
437.0 0.00040395093492406886
438.0 7.849852181607275e-05
439.0 0.0008144355888362043
440.0 0.0015503734175581485
441.0 1.582028128291335e-10
442.0 1.582028128291335e-10
443.0 1.582028128291335e-10
444.0 1.582028128291335e-10
445.0 1.582028128291335e-10
446.0 1.582028128291335e-10
447.0 1.582028128291335e-10
448.0 1.582028128291335e-10
449.0 1.582028128291335e-10
450.0 1.582028128291335e-10
451.0 1.582028128291335e-10
452.0 0.00011655442904157098
453.0 6.311740889941575e-05
454.0 9.680526602551254e-06
455.0 1.582028128291335e-10
456.0 1.582028128291335e-10
457.0 1.582028128291335e-10
458.0 1.582028128291335e-10
459.0 1.582028128291335e-10
460.0 1.582028128291335e-10
461.0 1.582028128291335e-10
462.0 1.582028128291335e-10
463.0 1.582028128291335e-10
464.0 0.0009406261597177945
465.0 0.000555494989384897
466.0 0.00017036378494594828
467.0 1.582028128291335e-10
468.0 1.582028128291335e-10
469.0 1.582028128291335e-10
470.0 0.00027021285404771334
471.0 0.0002502502411516616
472.0 0.00023028740088193445
473.0 1.582028128291335e-10
474.0 1.582028128291335e-10
475.0 1.582028128291335e-10
476.0 1.582028128291335e-10
477.0 1.582028128291335e-10
478.0 1.582028128291335e-10
479.0 1.582028128291335e-10
480.0 1.582028128291335e-10
481.0 1.582028128291335e-10
482.0 1.582028128291335e-10
483.0 1.582028128291335e-10
484.0 1.582028128291335e-10
485.0 1.582028128291335e-10
486.0 1.582028128291335e-10
487.0 1.9366650860774826e-05
488.0 0.0002870297748813755
489.0 1.582028128291335e-10
490.0 1.582028128291335e-10
491.0 1.582028128291335e-10
492.0 1.582028128291335e-10
493.0 1.582028128291335e-10
494.0 1.582028128291335e-10
495.0 1.582028128291335e-10
496.0 1.582028128291335e-10
497.0 1.582028128291335e-10
498.0 1.582028128291335e-10
499.0 1.582028128291335e-10
500.0 1.582028128291335e-10
501.0 1.582028128291335e-10
502.0 1.582028128291335e-10
503.0 1.582028128291335e-10
504.0 0.00017153539602077217
505.0 2.5326437480543973e-05
506.0 1.582028128291335e-10
507.0 1.582028128291335e-10
508.0 1.582028128291335e-10
509.0 1.582028128291335e-10
510.0 1.582028128291335e-10
511.0 0.0002526075149944518
512.0 0.0006161448709463002
513.0 0.00031028293960844167
514.0 4.421055166403676e-06
515.0 1.582028128291335e-10
516.0 1.582028128291335e-10
517.0 1.582028128291335e-10
518.0 1.582028128291335e-10
519.0 1.582028128291335e-10
520.0 1.582028128291335e-10
521.0 1.582028128291335e-10
522.0 1.582028128291335e-10
523.0 1.582028128291335e-10
524.0 1.582028128291335e-10
525.0 1.582028128291335e-10
526.0 5.195919925427006e-05
527.0 1.582028128291335e-10
528.0 1.582028128291335e-10
529.0 1.582028128291335e-10
530.0 1.582028128291335e-10
531.0 1.582028128291335e-10
532.0 1.582028128291335e-10
533.0 0.00012524629937615828
534.0 0.0006091519026085734
535.0 0.0001030801627166511
536.0 1.582028128291335e-10
537.0 1.582028128291335e-10
538.0 1.582028128291335e-10
539.0 1.582028128291335e-10
540.0 1.582028128291335e-10
541.0 1.582028128291335e-10
542.0 1.582028128291335e-10
543.0 1.582028128291335e-10
544.0 1.582028128291335e-10
545.0 1.582028128291335e-10
546.0 0.00016424135083070723
547.0 1.582028128291335e-10
548.0 1.582028128291335e-10
549.0 1.8171256499499577e-05
550.0 0.00021737778297392651
551.0 0.00021921102870692266
552.0 0.00022104450181359425
553.0 1.582028128291335e-10
554.0 1.582028128291335e-10
555.0 1.582028128291335e-10
556.0 1.582028128291335e-10
557.0 1.582028128291335e-10
558.0 1.582028128291335e-10
559.0 1.582028128291335e-10
560.0 0.00014542492863256484
561.0 1.582028128291335e-10
562.0 1.582028128291335e-10
563.0 1.582028128291335e-10
564.0 1.582028128291335e-10
565.0 1.582028128291335e-10
566.0 1.582028128291335e-10
567.0 1.582028128291335e-10
568.0 1.582028128291335e-10
569.0 9.837452807914815e-05
570.0 0.00025890349206747487
571.0 0.0002439118816255359
572.0 0.00022892029392096447
573.0 0.0002986392019010964
574.0 0.0003683581098812283
575.0 0.0002725869080677512
576.0 0.0001768157176229579
577.0 0.00021317439404811012
578.0 0.00024953310457931366
579.0 0.0004684075065597426
580.0 0.0006872819085401716
581.0 0.0009119403330259956
582.0 0.0011365988029865548
583.0 0.0014923434719094075
584.0 0.0018480877770343795
585.0 0.0016509444321854971
586.0 0.0014538009054376744
587.0 0.0011700887625920586
588.0 0.0008863763468980324
589.0 0.0009660179784987122
590.0 0.0010456593372509815
591.0 0.0008288252502097748
592.0 0.0006119912541180383
593.0 0.0005916419468121603
594.0 0.0005712927304557525
595.0 0.0005778688318969216
596.0 0.000584445069762296
597.0 0.0007009366072452394
598.0 0.0008174280083039775
599.0 0.0009336762559541967
600.0 0.0010499244126549456
601.0 0.0013661874618264847
602.0 0.0016824507838464342
603.0 0.0017253429177799262
604.0 0.0017682352336123586
605.0 0.001797391814761795
606.0 0.0018265487597091123
607.0 0.0014253658264351543
608.0 0.001024182711262256
609.0 0.0007389187430817401
610.0 0.00045365454752754886
611.0 0.0003821831796813058
612.0 0.00031071178909769515
613.0 0.0003709810243890388
614.0 0.0004312502369430149
615.0 0.00047955863919924013
616.0 0.000527866859556525
617.0 0.0005681752554664854
618.0 0.0006084836513764458
619.0 0.0004884697773377411
620.0 0.0003684558805616689
621.0 0.0005029961357649881
622.0 0.0006375362772814697
623.0 0.0005352981588657713
624.0 0.0004330599040258676
625.0 0.0004673841431213077
626.0 0.0005017085186409531
627.0 0.00062199542298913
628.0 0.0007422824182867771
629.0 0.0006771718744857935
630.0 0.0006120614216342801
631.0 0.001058398174791364
632.0 0.0015047351553221233
633.0 0.001922634692164138
634.0 0.0023405340471072122
635.0 0.0024512019081157632
636.0 0.002561869769124314
637.0 0.002406243766017724
638.0 0.0022506177629111335
639.0 0.0022533145966008306
640.0 0.0022560117940884084
641.0 0.0020825955289183185
642.0 0.0019091792637482285
643.0 0.0013651584595208988
644.0 0.0008211378371925093
645.0 0.000337694496010954
646.0 1.582028128291335e-10
647.0 9.356194823340047e-05
648.0 0.00033287296901107766
649.0 0.00014222724757928518
650.0 1.582028128291335e-10
651.0 0.0002328592472622404
652.0 0.0005141369911143556
653.0 0.0007603428912261734
654.0 0.0010065490641864017
655.0 0.0011477490261313505
656.0 0.0012889491699752398
657.0 0.0017666312487563118
658.0 0.002244313327537384
659.0 0.0027231406420469284
660.0 0.0032019677746575326
661.0 0.00321272891596891
662.0 0.0032234893296845257
663.0 0.0032132862543221563
664.0 0.003203083178959787
665.0 0.0027104561013402417
666.0 0.0022178290237206966
667.0 0.0018478482161299326
668.0 0.0014778674994886387
669.0 0.0012297022294660565
670.0 0.0009815369594434742
671.0 0.0007152861599024618
672.0 0.00044903526941197924
673.0 0.000612073654338019
674.0 0.0007751121302135289
675.0 0.0007650284715055022
676.0 0.0007549446763732703
677.0 0.0007651770829397719
678.0 0.0007754095349810086
679.0 0.0013497799955075607
680.0 0.001924150637933053
681.0 0.0028674186978605576
682.0 0.003810687121585943
683.0 0.005043310011387803
684.0 0.00627593180979602
685.0 0.007110000296961516
686.0 0.007944070239318535
687.0 0.007528666901635006
688.0 0.007113265746738762
689.0 0.006606156239286065
690.0 0.006099047823227011
691.0 0.005194956247578375
692.0 0.00429086503572762
693.0 0.0033969055948546156
694.0 0.0025029454263858497
695.0 0.0020483043044805527
696.0 0.001593663364474196
697.0 0.0012053807040501852
698.0 0.0008170979526767042
699.0 0.0007185556114563951
700.0 0.0006200130883371457
701.0 0.0005712183337891474
702.0 0.0005224234428169439
703.0 0.0004581702796713216
704.0 0.0003939171165256994
705.0 0.0005422965841717087
706.0 0.0006906760063429829
707.0 0.000805781292001484
708.0 0.0009208863957610447
709.0 0.0009076697097043507
710.0 0.0008944531145971268
711.0 0.0006523088359244866
712.0 0.00041016446630237624
713.0 0.0005367893209040631
714.0 0.0006634143119299551
715.0 0.0006346658665279392
716.0 0.0006059174666006584
717.0 0.000672568012305419
718.0 0.0007392185580101795
719.0 0.0006813888376200339
720.0 0.0006235591172298882
721.0 0.00038514244806719944
722.0 0.00014672579027319443
723.0 0.00034742024581646547
724.0 0.000548114576304215
725.0 0.00025664160148153314
726.0 1.582028128291335e-10
727.0 1.582028128291335e-10
728.0 1.582028128291335e-10
729.0 1.582028128291335e-10
730.0 0.00019197730125597445
731.0 0.00024083360585791524
732.0 0.0002896900468840613
733.0 0.00022225890461413655
734.0 0.00015482789876841707
735.0 0.00036336386983748525
736.0 0.000571899863643921
737.0 0.0004275564606359694
738.0 0.0002832130348906503
739.0 0.0005383183179219486
740.0 0.0007934235327411443
741.0 0.0010067182302009314
742.0 0.0012200129276607186
743.0 0.0015840900232433341
744.0 0.0019481671188259497
745.0 0.002310768650204409
746.0 0.0026733703634818085
747.0 0.002610356932564173
748.0 0.002547343319747597
749.0 0.002646383836690802
750.0 0.0027454243536340073
751.0 0.002942355968116317
752.0 0.0031392875825986266
753.0 0.0030143990443320945
754.0 0.0028895105060655624
755.0 0.0028056669179932214
756.0 0.0027218233299208805
757.0 0.0024575652787461877
758.0 0.0021933070456725545
759.0 0.0018252154404763132
760.0 0.0014571239262295421
761.0 0.0010706936336646322
762.0 0.000684263204675517
763.0 0.0005030758984503336
764.0 0.0003218887059119879
765.0 0.00026033560516225407
766.0 0.00019878245893778512
767.0 0.00044454131966631394
768.0 0.0006903002031322103
769.0 0.000612826715951087
770.0 0.000535353456143639
771.0 0.0006525363914988702
772.0 0.0007697194632783066
773.0 0.0008113040166790597
774.0 0.000852888661029283
775.0 0.0008150598659995012
776.0 0.00077723134381813
777.0 0.0005561131729336921
778.0 0.00033499509299872443
779.0 0.0005257668362901313
780.0 0.0007165385341068031
781.0 0.0008520824849256314
782.0 0.0009876262993202545
783.0 0.0009585519364918582
784.0 0.0009294773917645216
785.0 0.0010640645086823497
786.0 0.0011986516256001778
787.0 0.001032537875289563
788.0 0.0008664242159284186
789.0 0.0008939839062804822
790.0 0.0009215435056830756
791.0 0.0008161505320458673
792.0 0.0007107573310349835
793.0 0.000630183740213397
794.0 0.0005496101493918104
795.0 0.0003991820904047927
796.0 0.00024875407689251006
797.0 0.0002847189762178459
798.0 0.00032068380733107915
799.0 0.00018425469079375034
800.0 4.7825568572079646e-05
801.0 1.4264399794683413e-05
802.0 1.582028128291335e-10
803.0 1.582028128291335e-10
804.0 1.582028128291335e-10
805.0 1.582028128291335e-10
806.0 1.582028128291335e-10
807.0 1.582028128291335e-10
808.0 0.00011935100019400124
809.0 0.0001368687890135334
810.0 0.00015438655509569799
811.0 8.146856202984054e-05
812.0 8.550642860427615e-06
813.0 8.961371804616647e-05
814.0 0.00017067686712834984
815.0 0.0003859321168420138
816.0 0.0006011874120304128
817.0 0.00037551290006376803
818.0 0.00014983842220317456
819.0 0.00018471690736987512
820.0 0.00021959540390525945
821.0 3.0478625490104605e-05
822.0 1.582028128291335e-10
823.0 1.582028128291335e-10
824.0 1.582028128291335e-10
825.0 1.582028128291335e-10
826.0 1.582028128291335e-10
827.0 1.582028128291335e-10
828.0 1.582028128291335e-10
829.0 1.582028128291335e-10
830.0 1.582028128291335e-10
831.0 1.582028128291335e-10
832.0 1.582028128291335e-10
833.0 1.582028128291335e-10
834.0 3.2868701538291134e-06
835.0 1.582028128291335e-10
836.0 1.582028128291335e-10
837.0 1.582028128291335e-10
838.0 1.582028128291335e-10
839.0 1.582028128291335e-10
840.0 1.582028128291335e-10
841.0 1.582028128291335e-10
842.0 1.582028128291335e-10
843.0 1.582028128291335e-10
844.0 2.846184372629068e-05
845.0 0.00011895344869117253
846.0 0.0002094451474476955
847.0 1.582028128291335e-10
848.0 1.582028128291335e-10
849.0 1.582028128291335e-10
850.0 0.0002718539462875924
851.0 0.00019100812096439768
852.0 0.00011016231837857049
853.0 1.582028128291335e-10
854.0 1.582028128291335e-10
855.0 3.8580418504352565e-05
856.0 0.00022237827579374425
857.0 0.00026854297630052315
858.0 0.0003147075858578319
859.0 0.0006588561973330798
860.0 0.0010030045814346522
861.0 0.0010358485269534867
862.0 0.0010686925634217914
863.0 0.00100335737442947
864.0 0.0009380222763866186
865.0 0.0010612311598379165
866.0 0.0011844399523397442
867.0 0.001377175431116484
868.0 0.0015699108189437538
869.0 0.001654502921155654
870.0 0.001739095023367554
871.0 0.0016701451386325061
872.0 0.0016011948900995776
873.0 0.0021643647414748557
874.0 0.0027275345928501338
875.0 0.0026632726076059043
876.0 0.002599010622361675
877.0 0.002754977140284609
878.0 0.0029109438401064835
879.0 0.002617462996568065
