lsstCam/transmission_filter_detector/r30_s10/i_39/19700101T000000.ecsv
# %ECSV 1.0
# ---
# datatype:
# - {name: wavelength, unit: nm, datatype: float32}
# - {name: efficiency, unit: '%', datatype: float64}
# meta: !!omap
# - {MODE: DETECTOR}
# - {TYPE: transmission_filter_detector}
# - {CALIBDATE: '1970-01-01T00:00:00'}
# - {INSTRUME: LSSTCam}
# - {OBSTYPE: transmission_filter_detector}
# - {CALIBCLS: lsst.ip.isr.IntermediateFilterDetectorTransmissionCurve}
# - {SOURCE: Materion (DM-46256)}
# - {DETECTOR: 120}
# - {FILTER: i_39}
# - {CALIB_ID: 'calibDate=1970-01-01T00:00:00 filter=i_39 detector=120'}
# - {DATE: '2025-04-02T15:59:47.036148'}
# - {CALIB_CREATION_DATE: '2025-04-02'}
# - {CALIB_CREATION_TIME: '15:59:47'}
# - __serialized_columns__:
#     efficiency:
#       __class__: astropy.units.quantity.Quantity
#       unit: !astropy.units.Unit {unit: '%'}
#       value: !astropy.table.SerializedColumn {name: efficiency}
#     wavelength:
#       __class__: astropy.units.quantity.Quantity
#       unit: !astropy.units.Unit {unit: nm}
#       value: !astropy.table.SerializedColumn {name: wavelength}
# schema: astropy-2.0
wavelength efficiency
[from data line 596]
896.0 0.00014993330523793702
897.0 0.00011956790331169032
898.0 8.920247864807607e-05
899.0 9.482799612214876e-06
900.0 1.9704045253060576e-10
901.0 1.9704045253060576e-10
902.0 1.9704045253060576e-10
903.0 1.9704045253060576e-10
904.0 2.796819273953588e-05
905.0 4.891403477813583e-05
906.0 6.985994787100935e-05
907.0 1.9704045253060576e-10
908.0 1.9704045253060576e-10
909.0 1.9704045253060576e-10
910.0 1.9704045253060576e-10
911.0 1.9704045253060576e-10
912.0 4.1587730947867385e-05
913.0 7.734824976068921e-05
914.0 0.00011310877425785293
915.0 7.678033853153465e-05
916.0 4.045193406909675e-05
917.0 1.9704045253060576e-10
918.0 1.9704045253060576e-10
919.0 1.9704045253060576e-10
920.0 0.0002201872121077031
921.0 1.9704045253060576e-10
922.0 1.9704045253060576e-10
923.0 1.9704045253060576e-10
924.0 1.9704045253060576e-10
925.0 0.00017623493704377324
926.0 0.0003880285021296004
927.0 9.033329888552544e-05
928.0 1.9704045253060576e-10
929.0 1.9704045253060576e-10
930.0 1.9704045253060576e-10
931.0 1.9704045253060576e-10
932.0 0.00023650006824027514
933.0 2.9188535677349137e-05
934.0 1.9704045253060576e-10
935.0 1.9704045253060576e-10
936.0 1.9704045253060576e-10
937.0 8.266640350029775e-06
938.0 0.00014408053630177164
939.0 1.9704045253060576e-10
940.0 1.9704045253060576e-10
941.0 9.428333669347921e-06
942.0 0.00019512792732712114
943.0 0.0001472268081670336
944.0 9.93257117443136e-05
945.0 1.9704045253060576e-10
946.0 1.9704045253060576e-10
947.0 1.9704045253060576e-10
948.0 0.00011286781500530196
949.0 3.44694939258261e-05
950.0 1.9704045253060576e-10
951.0 1.9704045253060576e-10
952.0 1.85376265449122e-05
953.0 1.9362826719770965e-05
954.0 2.0188011262689542e-05
955.0 1.9704045253060576e-10
956.0 1.9704045253060576e-10
957.0 5.327004259925161e-05
958.0 0.00020736638361995574
959.0 0.0002488432073732838
960.0 0.0002903200538639794
961.0 0.00024173705241992138
962.0 0.00019315400550112827
963.0 0.00016252878367595258
964.0 0.0001319035618507769
965.0 1.9704045253060576e-10
966.0 1.9704045253060576e-10
967.0 1.9704045253060576e-10
968.0 1.9704045253060576e-10
969.0 1.9704045253060576e-10
970.0 0.00011721015198418172
971.0 2.6063830205202976e-05
972.0 1.9704045253060576e-10
973.0 6.789780400140444e-05
974.0 0.00020087809389224276
975.0 0.00016715282527002273
976.0 0.0001334276021225378
977.0 5.362200568015396e-05
978.0 1.9704045253060576e-10
979.0 1.9704045253060576e-10
980.0 1.9704045253060576e-10
981.0 1.9704045253060576e-10
982.0 1.9704045253060576e-10
983.0 1.9704045253060576e-10
984.0 1.9704045253060576e-10
985.0 1.9704045253060576e-10
986.0 8.884652515916969e-05
987.0 2.000762009402024e-05
988.0 1.9704045253060576e-10
989.0 5.0848228738686885e-05
990.0 0.00015052773960633203
991.0 0.00011566954754016479
992.0 8.081136684268131e-05
993.0 0.0001028312567541434
994.0 0.00012485114666560548
995.0 0.00017535010101710213
996.0 0.00022584902126254747
997.0 0.0002183260903620976
998.0 0.00021080311398691265
999.0 0.00029409764010779327
1000.0 0.0003773920752792037
1001.0 0.00033063545288314344
1002.0 0.0002838788532244507
1003.0 0.0002036089199464186
1004.0 0.0001233390207744378
1005.0 0.00010935375485132681
1006.0 9.536854577163467e-05
1007.0 0.00010654586048985948
1008.0 0.0001177232093141356
1009.0 0.00016234002941928338
1010.0 0.0002069567926810123
1011.0 0.0001556774009259243
1012.0 0.00010439798643346876
1013.0 0.0002242793925688602
1014.0 0.0003441607759668841
1015.0 0.000219809089685441
1016.0 9.545742614136543e-05
1017.0 0.00014564670891559217
1018.0 0.000195836037164554
1019.0 0.00018743605778581696
1020.0 0.00017903611251313123
1021.0 0.00019162393982696813
1022.0 0.00020421182398422388
1023.0 0.00020520537873380817
1024.0 0.00020619893348339247
1025.0 0.00030936657822167035
1026.0 0.0004125342456973158
1027.0 0.0005235921435087221
1028.0 0.0006346499048959231
1029.0 0.000950146477407543
1030.0 0.0012656429134949576
1031.0 0.0015565896319458261
1032.0 0.0018475358956493437
1033.0 0.0021892825316172093
1034.0 0.0025310284399893135
1035.0 0.0028345790269668214
1036.0 0.0031381296139443293
1037.0 0.003134338476229459
1038.0 0.0031305477023124695
1039.0 0.002615424818941392
1040.0 0.0021003019355703145
1041.0 0.002074616168101784
1042.0 0.002048930218734313
1043.0 0.00213444418477593
1044.0 0.002219958150817547
1045.0 0.0026366777092334814
1046.0 0.003053397813346237
1047.0 0.0034783541195793077
1048.0 0.0039033107896102592
1049.0 0.0033064858143916354
1050.0 0.0027096613848698325
1051.0 0.0026625657483236864
1052.0 0.0026154702936764807
1053.0 0.0025297957108705305
1054.0 0.0024441211280645803
1055.0 0.0017557109458721243
1056.0 0.0010673008546291385
1057.0 0.0012807970051653683
1058.0 0.001494293610448949
1059.0 0.0010883620234380942
1060.0 0.0006824304364272393
1061.0 0.001121163586503826
1062.0 0.0015598969184793532
1063.0 0.0020165440218988806
1064.0 0.0024731909434194677
1065.0 0.0027000773116014898
1066.0 0.002926963679783512
1067.0 0.003553311762516387
1068.0 0.004179661118541844
1069.0 0.004052919030073099
1070.0 0.003926177305402234
1071.0 0.0037588240957120433
1072.0 0.0035914708860218525
1073.0 0.002625742126838304
1074.0 0.0016600133676547557
1075.0 0.0014776175703445915
1076.0 0.0012952216820849571
1077.0 0.0018724947949522175
1078.0 0.0024497676349710673
1079.0 0.0026006026018876582
1080.0 0.002751437568804249
1081.0 0.0024281165678985417
1082.0 0.002104795930790715
1083.0 0.002001951725105755
1084.0 0.0018991075194207951
1085.0 0.0009476225386606529
1086.0 1.9704045253060576e-10
1087.0 0.000575495414523175
1088.0 0.0011548533620953094
1089.0 0.00042660817598516587
1090.0 1.9704045253060576e-10
1091.0 0.0003137235353278811
1092.0 0.0009290838534070645
1093.0 0.00030937299015931785
1094.0 1.9704045253060576e-10
1095.0 0.0002597551201688475
1096.0 0.0008298480679513887
1097.0 0.00029522989279939793
1098.0 1.9704045253060576e-10
1099.0 0.0006929179107828531
1100.0 0.0016252239220193587
