lsstCam/transmission_filter_detector/r30_s10/i_39/19700101T000000.ecsv
# %ECSV 1.0
# ---
# datatype:
# - {name: wavelength, unit: nm, datatype: float32}
# - {name: efficiency, unit: '%', datatype: float64}
# meta: !!omap
# - {MODE: DETECTOR}
# - {TYPE: transmission_filter_detector}
# - {CALIBDATE: '1970-01-01T00:00:00'}
# - {INSTRUME: LSSTCam}
# - {OBSTYPE: transmission_filter_detector}
# - {CALIBCLS: lsst.ip.isr.IntermediateFilterDetectorTransmissionCurve}
# - {SOURCE: Materion (DM-46256)}
# - {DETECTOR: 120}
# - {FILTER: i_39}
# - {CALIB_ID: 'calibDate=1970-01-01T00:00:00 filter=i_39 detector=120'}
# - {DATE: '2025-04-02T15:59:47.036148'}
# - {CALIB_CREATION_DATE: '2025-04-02'}
# - {CALIB_CREATION_TIME: '15:59:47'}
# - __serialized_columns__:
#     efficiency:
#       __class__: astropy.units.quantity.Quantity
#       unit: !astropy.units.Unit {unit: '%'}
#       value: !astropy.table.SerializedColumn {name: efficiency}
#     wavelength:
#       __class__: astropy.units.quantity.Quantity
#       unit: !astropy.units.Unit {unit: nm}
#       value: !astropy.table.SerializedColumn {name: wavelength}
# schema: astropy-2.0
wavelength efficiency
300.0 1.9704045253060576e-10
301.0 1.9704045253060576e-10
302.0 0.01357248256681487
303.0 0.013141357339918613
304.0 0.01271023356821388
305.0 0.011361695942468941
306.0 0.010013157589128241
307.0 0.010188052692683414
308.0 0.010362943430664018
309.0 0.008163241000147536
310.0 0.005963539661024697
311.0 1.9704045253060576e-10
312.0 1.9704045253060576e-10
313.0 1.9704045253060576e-10
314.0 1.9704045253060576e-10
315.0 1.9704045253060576e-10
316.0 1.9704045253060576e-10
317.0 1.9704045253060576e-10
318.0 1.9704045253060576e-10
319.0 1.9704045253060576e-10
320.0 0.006265725096454844
321.0 0.002989929635077715
322.0 1.9704045253060576e-10
323.0 0.0003384162482689135
324.0 0.0009626989594835322
325.0 0.0022410098608816043
326.0 0.003519322126521729
327.0 0.0015267056369339116
328.0 1.9704045253060576e-10
329.0 0.0016307983969454654
330.0 0.003727506918949075
331.0 0.0035479657526593655
332.0 0.0033684253139654174
333.0 0.0018724213077803142
334.0 0.0003764173925446812
335.0 0.0013521410437533632
336.0 0.0023278642402146943
337.0 0.002145860889868345
338.0 0.0019638573576230556
339.0 0.00010440728601679439
340.0 1.9704045253060576e-10
341.0 1.9704045253060576e-10
342.0 0.00029700663617404643
343.0 3.995889699126565e-05
344.0 1.9704045253060576e-10
345.0 0.00030550900191883557
346.0 0.0008281067493953742
347.0 0.00045524625420512166
348.0 8.238592954512569e-05
349.0 0.0005109267021907726
350.0 0.0009394674634677358
351.0 1.9704045253060576e-10
352.0 1.9704045253060576e-10
353.0 1.9704045253060576e-10
354.0 0.0005698300810763612
355.0 0.0006679257239738945
356.0 0.0007660210940230172
357.0 2.1574491881892754e-05
358.0 1.9704045253060576e-10
359.0 1.9704045253060576e-10
360.0 0.0003318023800602532
361.0 0.0006396572644007392
362.0 0.0009475121260038577
363.0 0.0007095936780388001
364.0 0.00047167536649794783
365.0 0.0007061352789605735
366.0 0.0009405952368979342
367.0 0.0006778671377105638
368.0 0.0004151389020989882
369.0 0.00015384241578431102
370.0 1.9704045253060576e-10
371.0 1.9704045253060576e-10
372.0 1.9704045253060576e-10
373.0 1.9704045253060576e-10
374.0 1.9704045253060576e-10
375.0 1.9704045253060576e-10
376.0 1.9704045253060576e-10
377.0 1.9704045253060576e-10
378.0 0.00015721292356829508
379.0 0.0005202025477046845
380.0 0.0008831919330987148
381.0 0.00038092291561042657
382.0 1.9704045253060576e-10
383.0 0.00044075536607124377
384.0 0.0010028565156972036
385.0 0.0008259887181338854
386.0 0.0006491211934189778
387.0 0.00041309076550533064
388.0 0.00017706017843011068
389.0 0.00012378133078527753
390.0 7.050230692584591e-05
391.0 1.9704045253060576e-10
392.0 1.9704045253060576e-10
393.0 8.694286748323066e-05
394.0 0.00034592030715430155
395.0 0.0009302712896896992
396.0 0.0015146222722250968
397.0 0.0009699909242044669
398.0 0.00042535943975963164
399.0 0.0013282924555824138
400.0 0.0022312253349809907
401.0 0.004847587842959911
402.0 0.007463948713848367
403.0 0.005048836828791536
404.0 0.0026337234885431826
405.0 0.0017856400518212467
406.0 0.0009375567969982512
407.0 0.0009615998351364397
408.0 0.0009856426004262175
409.0 0.001007388436846668
410.0 0.0010291339094692376
411.0 0.003383332659723237
412.0 0.005737531682825647
413.0 0.004675376112572849
414.0 0.003613220906117931
415.0 0.00402393052354455
416.0 0.004434640140971169
417.0 0.004792608160641976
418.0 0.005150575452717021
419.0 0.004375237040221691
420.0 0.0035998979001305997
421.0 0.004735470065497793
422.0 0.005871041867067106
423.0 0.005273102215141989
424.0 0.004675163654610515
425.0 0.004647982495953329
426.0 0.004620802064891905
427.0 0.005308763138600625
428.0 0.005996724576107226
429.0 0.00483221847389359
430.0 0.0036677134630735964
431.0 0.004444374644663185
432.0 0.005221035826252773
433.0 0.004199594332021661
434.0 0.0031781535653863102
435.0 0.0026259664082317613
436.0 0.0020737792510772124
437.0 0.001235995841852855
438.0 0.0003982122962042922
439.0 0.001444965982955182
440.0 0.002491719715180807
441.0 0.0017114085494540632
442.0 0.0009310976565757301
443.0 0.0014977852515585255
444.0 0.002064472937490791
445.0 0.0011526890375535004
446.0 0.00024090500119200442
447.0 0.0001317232204200991
448.0 2.254134301438171e-05
449.0 0.00019718102066690335
450.0 0.0003718204425240401
451.0 0.0006648942871834151
452.0 0.0009579684046912007
453.0 0.0006076556473999517
454.0 0.00025734307200764306
455.0 0.00021992766505718464
456.0 0.00018251220126330736
457.0 1.9704045253060576e-10
458.0 1.9704045253060576e-10
459.0 4.9867247753354604e-05
460.0 0.00047844823711784557
461.0 0.000533012644154951
462.0 0.0005875772785657318
463.0 0.0006271744041441707
464.0 0.0006667714842478745
465.0 0.00040091094888339285
466.0 0.00013505072047337308
467.0 1.1097353791456044e-05
468.0 1.9704045253060576e-10
469.0 0.00021573550839093514
470.0 0.0005443273494165624
471.0 0.0002621791963974829
472.0 1.9704045253060576e-10
473.0 0.00014766725371373468
474.0 0.0003153031684632879
475.0 0.0006682848834316246
476.0 0.0010212665074504912
477.0 0.0008116425306070596
478.0 0.000602018553763628
479.0 0.0014137174730421975
480.0 0.0022254167561186478
481.0 0.0019331206203787588
482.0 0.0016408248484367505
483.0 0.002963156657642685
484.0 0.004285488103050739
485.0 0.004708969936473295
486.0 0.0051324506785022095
487.0 0.007475930760847405
488.0 0.009819409751798958
489.0 0.0137300172355026
490.0 0.01764062326401472
491.0 0.022181800159160048
492.0 0.026722977054305375
493.0 0.029526438447646797
494.0 0.03232989984098822
495.0 0.030059361597523093
496.0 0.027788823354057968
497.0 0.02158897987101227
498.0 0.015389140753541142
499.0 0.011201056622667238
500.0 0.007012971036601812
501.0 0.004705905666924082
502.0 0.0023988375687622465
503.0 0.0021297100829542615
504.0 0.0018605825971462764
505.0 0.0016908072211663239
506.0 0.0015210315723379608
507.0 0.0017997503164224327
508.0 0.0020784689695574343
509.0 0.002550860881456174
510.0 0.0030232522476580925
511.0 0.0025381932573509403
512.0 0.0020531340851448476
513.0 0.002120709541486576
514.0 0.0021882853616261855
515.0 0.002034662975347601
516.0 0.0018810407709679566
517.0 0.0022355856344802305
518.0 0.0025901304979925044
519.0 0.001958677967195399
520.0 0.0013272254363982938
521.0 0.0014533281500916928
522.0 0.0015794312275829725
523.0 0.0019028619135497138
524.0 0.002226292599516455
525.0 0.0023086169676389545
526.0 0.0023909415176603943
527.0 0.0027961099476669915
528.0 0.0032012787414714694
529.0 0.0036931978684151545
530.0 0.00418511699535884
531.0 0.0037242305552354082
532.0 0.0032633459341013804
533.0 0.0023327635062742047
534.0 0.0014021809874975588
535.0 0.0015993988199625164
536.0 0.0017966165614780039
537.0 0.0021936382836429402
538.0 0.0025906600058078766
539.0 0.0032882777304621413
540.0 0.003985895818914287
541.0 0.004452667781151831
542.0 0.0049194397433893755
543.0 0.005250437243375927
544.0 0.005581434379564598
545.0 0.004787943544215523
546.0 0.003994452708866447
547.0 0.002917695564974565
548.0 0.001840938421082683
549.0 0.0016717811377020553
550.0 0.0015026241271698382
551.0 0.0014138528058538213
552.0 0.0013250814845378045
553.0 0.0017628395653446205
554.0 0.002200597918999847
555.0 0.0017209145880769938
556.0 0.0012412317119014915
557.0 0.0010573563486104831
558.0 0.0008734810762689449
559.0 0.0006984064384596422
560.0 0.0005233318006503396
561.0 0.0007680640010221396
562.0 0.00101279638329288
563.0 0.0014667727555206511
564.0 0.0019207491277484223
565.0 0.001537476600788068
566.0 0.0011542043466761243
567.0 0.0013066221981716808
568.0 0.0014590400496672373
569.0 0.0011617717063927557
570.0 0.0008645035450172145
571.0 0.0006974135430937167
572.0 0.0005303234956954839
573.0 0.0005144298484083265
574.0 0.0004985362011211691
575.0 0.0003970106718043098
576.0 0.00029548516522481805
577.0 0.0002812070306390524
578.0 0.0002669288278411841
579.0 0.0002553389322201838
580.0 0.00024374903659918346
581.0 0.0003683626800921047
582.0 0.0004929762326355558
583.0 0.00031918370950734243
584.0 0.00014539114090439398
585.0 0.00043374102460802533
586.0 0.0007220909992611269
587.0 0.0004303237346903188
588.0 0.00013855660654371604
589.0 0.0004191486368654296
590.0 0.0006997408945608186
591.0 0.000621875869910582
592.0 0.0005440107543108752
593.0 0.0005873016107216245
594.0 0.0006305924216576386
595.0 0.0004932122465106659
596.0 0.00035583200315159047
597.0 0.00035001041851501213
598.0 0.00034418881114106625
599.0 0.00036945614283467876
600.0 0.00039472352000302635
601.0 0.0004052630174555816
602.0 0.00041580265133234207
603.0 0.00020201678125886247
604.0 1.9704045253060576e-10
605.0 0.00014882947425576276
606.0 0.0003094279463766725
607.0 0.00042533179112069774
608.0 0.0005412355676526204
609.0 0.0003921245934179751
610.0 0.00024301366465806495
611.0 0.00039756732803652994
612.0 0.0005521209914149949
613.0 0.0003611121201174683
614.0 0.00017010326018862543
615.0 0.0003227027946195449
616.0 0.000475302294944413
617.0 0.0003185845798725495
618.0 0.00016186689890673733
619.0 0.0001549693479319103
620.0 0.00014807185380050214
621.0 0.0002476375811966136
622.0 0.0003472033313300926
623.0 0.0002840617298716097
624.0 0.00022092008293839172
625.0 0.00031141858016781043
626.0 0.00040191712287196424
627.0 0.00041870980567182414
628.0 0.00043550248847168405
629.0 0.0004535818334261421
630.0 0.00047166108743113
631.0 0.0004171879027126124
632.0 0.0003627146497819922
633.0 0.00039745145841152407
634.0 0.0004321882897784235
635.0 0.00048649144446244463
636.0 0.0005407946446212009
637.0 0.0003780157157962094
638.0 0.0002152366505470127
639.0 0.00025862862003123155
640.0 0.00030202061225281795
641.0 0.0004583180725603597
642.0 0.000614615555605269
643.0 0.0005747029717895202
644.0 0.0005347902060748311
645.0 0.0006300451332208468
646.0 0.0007253000603668625
647.0 0.0007528743935836246
648.0 0.0007804484994267114
649.0 0.0008145329957187641
650.0 0.0008486175829602871
651.0 0.0008345319656655192
652.0 0.0008204463483707514
653.0 0.0008460850949632004
654.0 0.0008717240234545898
655.0 0.001153775883722119
656.0 0.0014358278349391185
657.0 0.0022897675080457702
658.0 0.0031437073630513623
659.0 0.005229356247582473
660.0 0.06301612593233585
661.0 0.1183556392788887
662.0 0.05928997998125851
663.0 0.0955563213210553
664.0 0.12240210780873895
665.0 0.09348980383947492
666.0 0.0794866937212646
667.0 0.1456752303056419
668.0 0.15684992540627718
669.0 0.2060453174635768
670.0 0.309390714392066
671.0 0.38985866121947765
672.0 0.5803658161312342
673.0 0.9311526082456112
674.0 1.441094558686018
675.0 2.2100070491433144
676.0 3.163614869117737
677.0 4.357939958572388
678.0 5.638370290398598
679.0 6.9480448961257935
680.0 8.63560289144516
681.0 10.546060651540756
682.0 12.999419867992401
683.0 15.784771740436554
684.0 18.860021233558655
685.0 21.848686039447784
686.0 24.95487481355667
687.0 28.249841928482056
688.0 31.463876366615295
689.0 34.51171815395355
690.0 37.83358931541443
691.0 41.50002598762512
692.0 45.78527808189392
693.0 50.491201877593994
694.0 55.829256772994995
695.0 61.28965616226196
696.0 67.54518151283264
697.0 73.0903685092926
698.0 79.57097291946411
699.0 84.60798859596252
700.0 88.76687288284302
701.0 92.32761859893799
702.0 94.79452967643738
703.0 96.31922841072083
704.0 97.16675281524658
705.0 97.73920178413391
706.0 97.88764119148254
707.0 98.10361862182617
708.0 98.19594025611877
709.0 98.30358028411865
710.0 98.05610179901123
711.0 98.20795059204102
712.0 98.04960489273071
713.0 98.15831184387207
714.0 98.17301034927368
715.0 98.29682111740112
716.0 98.1013834476471
717.0 98.38001132011414
718.0 98.4102189540863
719.0 98.35168123245239
720.0 98.62863421440125
721.0 98.59737157821655
722.0 98.35023880004883
723.0 98.17590117454529
724.0 97.84849286079407
725.0 97.54893779754639
726.0 97.23513126373291
727.0 96.95794582366943
728.0 96.58617377281189
729.0 96.39966487884521
730.0 96.34798765182495
731.0 96.3519811630249
732.0 96.43043875694275
733.0 96.68421149253845
734.0 97.11343050003052
735.0 97.36224412918091
736.0 97.75766134262085
737.0 98.16997647285461
738.0 98.40051531791687
739.0 98.83443713188171
740.0 99.00906682014465
741.0 98.81550073623657
742.0 99.12078380584717
743.0 99.04214143753052
744.0 98.81804585456848
745.0 98.73962998390198
746.0 98.68213534355164
747.0 98.93115162849426
748.0 98.81429076194763
749.0 98.69873523712158
750.0 98.70251417160034
751.0 98.65487217903137
752.0 98.51568937301636
753.0 98.76466393470764
754.0 98.65671396255493
755.0 98.71792197227478
756.0 98.81662726402283
757.0 98.7833321094513
758.0 98.93086552619934
759.0 98.95291328430176
760.0 98.78697991371155
761.0 98.71366620063782
762.0 98.74153733253479
763.0 98.72896671295166
764.0 98.51549863815308
765.0 98.5584557056427
766.0 98.52915406227112
767.0 98.34941625595093
768.0 98.45711588859558
769.0 98.50103855133057
770.0 98.29297661781311
771.0 98.36277365684509
772.0 98.44825863838196
773.0 98.39615821838379
774.0 98.28624725341797
775.0 98.4117865562439
776.0 98.29781651496887
777.0 98.32082986831665
778.0 98.25109243392944
779.0 98.28547835350037
780.0 98.08157682418823
781.0 98.33731055259705
782.0 98.09994697570801
783.0 98.10259342193604
784.0 98.10582399368286
785.0 98.21725487709045
786.0 98.3864963054657
787.0 98.10808897018433
788.0 98.2378363609314
789.0 98.2553243637085
790.0 98.24506640434265
791.0 98.2495367527008
792.0 98.14748167991638
793.0 98.15490245819092
794.0 98.1188416481018
795.0 98.07677268981934
796.0 98.17612171173096
797.0 98.29440712928772
798.0 98.30749034881592
799.0 98.17262887954712
800.0 98.07265996932983
801.0 98.09805154800415
802.0 98.0583906173706
803.0 97.8255569934845
804.0 97.71352410316467
805.0 97.4109411239624
806.0 97.20436334609985
807.0 96.7822253704071
808.0 96.14949226379395
809.0 95.38548588752747
810.0 94.5050597190857
811.0 93.21953654289246
812.0 91.5795624256134
813.0 89.54509496688843
814.0 87.25646734237671
815.0 84.30735468864441
816.0 81.18042349815369
817.0 77.40921378135681
818.0 72.94275164604187
819.0 68.8305914402008
820.0 63.82156014442444
821.0 59.12373661994934
822.0 54.45858836174011
823.0 49.67801570892334
824.0 44.97637152671814
825.0 40.55154323577881
826.0 36.06876730918884
827.0 31.315630674362183
828.0 27.070513367652893
829.0 22.777697443962097
830.0 18.26988458633423
831.0 14.65972363948822
832.0 10.824943333864212
833.0 7.630882412195206
834.0 5.106719210743904
835.0 3.2423678785562515
836.0 1.9860070198774338
837.0 1.1381804943084717
838.0 0.635649636387825
839.0 0.3809373825788498
840.0 0.2224489813670516
841.0 0.13801021268591285
842.0 0.050268659833818674
843.0 0.07947384146973491
844.0 0.029572099447250366
845.0 0.0038607387978117913
846.0 1.9704045253060576e-10
847.0 1.9704045253060576e-10
848.0 1.9704045253060576e-10
849.0 1.9704045253060576e-10
850.0 1.9704045253060576e-10
851.0 0.0012620846064237412
852.0 0.0026636111215339042
853.0 0.0012342764421191532
854.0 1.9704045253060576e-10
855.0 0.00012599168712768005
856.0 0.00044704142965201754
857.0 0.0004631410774891265
858.0 0.0004792408162757056
859.0 0.000189267962014128
860.0 1.9704045253060576e-10
861.0 1.9704045253060576e-10
862.0 1.9704045253060576e-10
863.0 1.9704045253060576e-10
864.0 1.9704045253060576e-10
865.0 3.149091867271636e-05
866.0 0.0001590915530869097
867.0 1.9704045253060576e-10
868.0 1.9704045253060576e-10
869.0 1.9704045253060576e-10
870.0 0.0001977098918359843
871.0 0.00022578099105885485
872.0 0.0002538520448069903
873.0 0.0001451588445888774
874.0 3.646562163339695e-05
875.0 4.035392109358327e-06
876.0 1.9704045253060576e-10
877.0 3.945409048355941e-05
878.0 0.00010730302619776921
879.0 1.673404881330498e-05
880.0 1.9704045253060576e-10
881.0 1.9704045253060576e-10
882.0 5.072558906249469e-05
883.0 1.9704045253060576e-10
884.0 1.9704045253060576e-10
885.0 1.9704045253060576e-10
886.0 5.090462877888058e-05
887.0 1.9704045253060576e-10
888.0 1.9704045253060576e-10
889.0 1.9704045253060576e-10
890.0 1.9704045253060576e-10
891.0 1.9704045253060576e-10
892.0 1.9704045253060576e-10
893.0 1.9704045253060576e-10
894.0 1.9704045253060576e-10
