lsstCam/transmission_filter_detector/r11_s01/r_57/19700101T000000.ecsv
# %ECSV 1.0
# ---
# datatype:
# - {name: wavelength, unit: nm, datatype: float32}
# - {name: efficiency, unit: '%', datatype: float64}
# meta: !!omap
# - {MODE: DETECTOR}
# - {TYPE: transmission_filter_detector}
# - {CALIBDATE: '1970-01-01T00:00:00'}
# - {INSTRUME: LSSTCam}
# - {OBSTYPE: transmission_filter_detector}
# - {CALIBCLS: lsst.ip.isr.IntermediateFilterDetectorTransmissionCurve}
# - {SOURCE: Materion (DM-46256)}
# - {DETECTOR: 37}
# - {FILTER: r_57}
# - {CALIB_ID: 'calibDate=1970-01-01T00:00:00 filter=r_57 detector=37'}
# - {DATE: '2025-04-02T15:59:44.357325'}
# - {CALIB_CREATION_DATE: '2025-04-02'}
# - {CALIB_CREATION_TIME: '15:59:44'}
# - __serialized_columns__:
#     efficiency:
#       __class__: astropy.units.quantity.Quantity
#       unit: !astropy.units.Unit {unit: '%'}
#       value: !astropy.table.SerializedColumn {name: efficiency}
#     wavelength:
#       __class__: astropy.units.quantity.Quantity
#       unit: !astropy.units.Unit {unit: nm}
#       value: !astropy.table.SerializedColumn {name: wavelength}
# schema: astropy-2.0
wavelength efficiency
[from data line 603]
903.0 1.611317849981031e-10
904.0 1.611317849981031e-10
905.0 9.625016446079826e-05
906.0 7.812256086481284e-06
907.0 1.611317849981031e-10
908.0 1.611317849981031e-10
909.0 1.611317849981031e-10
910.0 1.611317849981031e-10
911.0 1.611317849981031e-10
912.0 1.611317849981031e-10
913.0 1.611317849981031e-10
914.0 1.611317849981031e-10
915.0 9.828687552726478e-05
916.0 7.511305852858641e-05
917.0 5.1939264267275576e-05
918.0 0.00011501563221827382
919.0 0.00017809196606322075
920.0 6.943803896319878e-05
921.0 1.611317849981031e-10
922.0 6.910557317496568e-05
923.0 0.00017742707996148965
924.0 0.00017403575611751876
925.0 0.00017064443227354786
926.0 0.0001483545133851294
927.0 0.00012606459449671092
928.0 0.00016980492318907636
929.0 0.00021354524051275803
930.0 0.00022983949747867882
931.0 0.0002461337544445996
932.0 0.00011625297702266835
933.0 1.611317849981031e-10
934.0 0.00011974525477853604
935.0 0.0002531182190068648
936.0 0.00024305927581735887
937.0 0.0002330003326278529
938.0 0.00025683700641820906
939.0 0.00028067370294593275
940.0 0.0002692312818908249
941.0 0.00025778886083571706
942.0 0.00034025813420157647
943.0 0.00042272745304217096
944.0 0.00035339267014933284
945.0 0.00028405795546859736
946.0 0.0003141926072203205
947.0 0.0003443272362346761
948.0 0.0003940783699363237
949.0 0.00044382954911270645
950.0 0.0005022749974159524
951.0 0.0005607204002444632
952.0 0.0006843731171102263
953.0 0.0008080260158749297
954.0 0.001154418077931041
955.0 0.0015008104128355626
956.0 0.001528689062979538
957.0 0.0015565676221740432
958.0 0.0017289339666604064
959.0 0.0019013006749446504
960.0 0.002000566564674955
961.0 0.00209983281820314
962.0 0.0022498843463836238
963.0 0.002399936056463048
964.0 0.002414506525383331
965.0 0.0024290768124046735
966.0 0.002421765384497121
967.0 0.0024144535927916877
968.0 0.0023648053684155457
969.0 0.002315157325938344
970.0 0.0024059887437033467
971.0 0.0024968201614683494
972.0 0.0025612927856855094
973.0 0.0026257650461047888
974.0 0.002883523302443791
975.0 0.003141281194984913
976.0 0.003244357867515646
977.0 0.0033474338124506176
978.0 0.0032202362490352243
979.0 0.003093038685619831
980.0 0.0029889028155594133
981.0 0.002884767127397936
982.0 0.002979804776259698
983.0 0.0030748426070204005
984.0 0.003056920104427263
985.0 0.0030389974199351855
986.0 0.002948549808934331
987.0 0.0028581021979334764
988.0 0.002665120155143086
989.0 0.0024721382942516357
990.0 0.002516651147743687
991.0 0.0025611640012357384
992.0 0.002582425622676965
993.0 0.0026036874260171317
994.0 0.0026675465051084757
995.0 0.0027314050385029987
996.0 0.0028269718313822523
997.0 0.0029225384423625655
998.0 0.0030683419026900083
999.0 0.0032141451811185107
1000.0 0.0033233201975235716
1001.0 0.003432495577726513
1002.0 0.003632275911513716
1003.0 0.003832056245300919
1004.0 0.003958095840062015
1005.0 0.00408413507102523
1006.0 0.0042674764699768275
1007.0 0.004450817868928425
1008.0 0.0043562591599766165
1009.0 0.004261700087226927
1010.0 0.004251883729011752
1011.0 0.004242067370796576
1012.0 0.004222548159305006
1013.0 0.004203029311611317
1014.0 0.003955774081987329
1015.0 0.0037085188523633406
1016.0 0.003544313585734926
1017.0 0.0033801086829043925
1018.0 0.0030155426429701038
1019.0 0.0026509769668336958
1020.0 0.0022430680473917164
1021.0 0.0018351589460507967
1022.0 0.001639664696995169
1023.0 0.0014441701750911307
1024.0 0.0014383327652467415
1025.0 0.001432495719200233
1026.0 0.0013161406968720257
1027.0 0.0011997855835943483
1028.0 0.0011521980013640132
1029.0 0.001104610328184208
1030.0 0.0010068232768389862
1031.0 0.0009090356797969434
1032.0 0.0009737534128362313
1033.0 0.0010384707820776384
1034.0 0.0009309417691838462
1035.0 0.0008234125743911136
1036.0 0.0008623253961559385
1037.0 0.0009012379450723529
1038.0 0.0008002366485015955
1039.0 0.0006992353974055732
1040.0 0.0008135282769217156
1041.0 0.0009278212019125931
1042.0 0.0009712843166198581
1043.0 0.0010147469765797723
1044.0 0.0009387049431097694
1045.0 0.000862663182488177
1046.0 0.0008579870154790115
1047.0 0.0008533111213182565
1048.0 0.0007298815489775734
1049.0 0.0006064520675863605
1050.0 0.0007036159331619274
1051.0 0.0008007797987374943
1052.0 0.0010201682016486302
1053.0 0.0012395561498124152
1054.0 0.001087044620362576
1055.0 0.000934533090912737
1056.0 0.0009648502782511059
1057.0 0.0009951676474884152
1058.0 0.0008713961506146006
1059.0 0.0007476246992155211
1060.0 0.0010286392353009433
1061.0 0.0013096531802148093
1062.0 0.0014868104699417017
1063.0 0.0016639678506180644
1064.0 0.0011454221748863347
1065.0 0.0006268761353567243
1066.0 0.0010860519978450611
1067.0 0.001545227860333398
1068.0 0.0018500115402275696
1069.0 0.0021547948563238606
1070.0 0.0016156709534698166
1071.0 0.0010765468687168323
1072.0 0.0012101795618946198
1073.0 0.0013438124369713478
1074.0 0.0021298936189850792
1075.0 0.0029159748009988107
1076.0 0.003223899329896085
1077.0 0.003531823676894419
1078.0 0.0037774676457047462
1079.0 0.004023111978312954
1080.0 0.004101189551874995
1081.0 0.004179267125437036
1082.0 0.003970967736677267
1083.0 0.003762668347917497
1084.0 0.0044627984607359394
1085.0 0.005162928573554382
1086.0 0.005298657561070286
1087.0 0.00543438654858619
1088.0 0.005411364327301271
1089.0 0.005388343197409995
1090.0 0.004842551425099373
1091.0 0.0042967600165866315
1092.0 0.0037888694350840524
1093.0 0.0032809784897835925
1094.0 0.003745503636309877
1095.0 0.004210028419038281
1096.0 0.0033243086363654584
1097.0 0.002438588307995815
1098.0 0.0015924108083709143
1099.0 0.0007462338089680998
1100.0 0.0010262272553518414
1101.0 0.0013062204743619077
