lsstCam/transmission_filter_detector/r11_s01/r_57/19700101T000000.ecsv
# %ECSV 1.0
# ---
# datatype:
# - {name: wavelength, unit: nm, datatype: float32}
# - {name: efficiency, unit: '%', datatype: float64}
# meta: !!omap
# - {MODE: DETECTOR}
# - {TYPE: transmission_filter_detector}
# - {CALIBDATE: '1970-01-01T00:00:00'}
# - {INSTRUME: LSSTCam}
# - {OBSTYPE: transmission_filter_detector}
# - {CALIBCLS: lsst.ip.isr.IntermediateFilterDetectorTransmissionCurve}
# - {SOURCE: Materion (DM-46256)}
# - {DETECTOR: 37}
# - {FILTER: r_57}
# - {CALIB_ID: 'calibDate=1970-01-01T00:00:00 filter=r_57 detector=37'}
# - {DATE: '2025-04-02T15:59:44.357325'}
# - {CALIB_CREATION_DATE: '2025-04-02'}
# - {CALIB_CREATION_TIME: '15:59:44'}
# - __serialized_columns__:
#     efficiency:
#       __class__: astropy.units.quantity.Quantity
#       unit: !astropy.units.Unit {unit: '%'}
#       value: !astropy.table.SerializedColumn {name: efficiency}
#     wavelength:
#       __class__: astropy.units.quantity.Quantity
#       unit: !astropy.units.Unit {unit: nm}
#       value: !astropy.table.SerializedColumn {name: wavelength}
# schema: astropy-2.0
wavelength efficiency
300.0 0.0023650227376492694
301.0 0.0057251712860306725
302.0 0.009085318743018433
303.0 0.011314912990201265
304.0 0.013544505054596812
305.0 0.012486368359532207
306.0 0.011428232392063364
307.0 0.010003843635786325
308.0 0.008579455607105047
309.0 0.007407339580822736
310.0 0.006235222099348903
311.0 0.005864696504431777
312.0 0.00549417054571677
313.0 0.005119718116475269
314.0 0.004745265687233768
315.0 0.004550339872366749
316.0 0.00435541442129761
317.0 0.004127402644371614
318.0 0.003899389776051976
319.0 0.003694035331136547
320.0 0.0034886805224232376
321.0 0.0030654005968244746
322.0 0.0026421206712257117
323.0 0.0024502562155248597
324.0 0.0022583915779250674
325.0 0.0023836888431105763
326.0 0.002508985562599264
327.0 0.002668042725417763
328.0 0.0028271007977309637
329.0 0.002724291152844671
330.0 0.0026214820536551997
331.0 0.0023791806597728282
332.0 0.0021368792658904567
333.0 0.0019589013390941545
334.0 0.0017809234122978523
335.0 0.001611749394214712
336.0 0.0014425755580305122
337.0 0.0013610188943857793
338.0 0.0012794624126399867
339.0 0.0011431783605075907
340.0 0.0010068943083751947
341.0 0.001002681256068172
342.0 0.000998468112811679
343.0 0.0009314862836617976
344.0 0.0008645043635624461
345.0 0.0008269492354884278
346.0 0.0007893941983638797
347.0 0.0007932478183647618
348.0 0.0007971013474161737
349.0 0.0008449410415778402
350.0 0.005803533713333309
351.0 0.006327322626020759
352.0 0.00685111153870821
353.0 0.006221382500370964
354.0 0.005591654553427361
355.0 0.005111130667501129
356.0 0.004630607509170659
357.0 0.0065162072132807225
358.0 0.008401808008784428
359.0 0.006225728429853916
360.0 0.004049648487125523
361.0 0.002694940849323757
362.0 0.001340233393420931
363.0 0.0026180183340329677
364.0 0.003895803092746064
365.0 0.004003093999926932
366.0 0.0041103849071078
367.0 0.003195261160726659
368.0 0.0022801374143455178
369.0 0.0015151505067478865
370.0 0.0007501638719986659
371.0 0.001397606229147641
372.0 0.0020450488591450267
373.0 0.002534924897190649
374.0 0.0030248009352362715
375.0 0.00299691400869051
376.0 0.002969027445942629
377.0 0.0016694270016159862
378.0 0.0003698267391882837
379.0 0.0009668393431638833
380.0 0.001563851947139483
381.0 0.0025328336050733924
382.0 0.003501815808704123
383.0 0.003508463123580441
384.0 0.0035151108022546396
385.0 0.004417129457578994
386.0 0.005319147385307588
387.0 0.004765865014633164
388.0 0.004212582280160859
389.0 0.003646334880613722
390.0 0.003080086753470823
391.0 0.002181766103603877
392.0 0.001283445362787461
393.0 0.00133757557705394
394.0 0.0013917054275225382
395.0 0.0010638786989147775
396.0 0.0007360518793575466
397.0 0.0006658918664470548
398.0 0.0005957321718597086
399.0 0.0005678892193827778
400.0 0.0005400458121584961
401.0 0.00015331902432080824
402.0 1.611317849981031e-10
403.0 9.8706806284099e-06
404.0 0.0002531500740587944
405.0 0.0007844980245863553
406.0 0.0013158457477402408
407.0 0.0017676749848760664
408.0 0.0022195043129613623
409.0 0.001728367897158023
410.0 0.0012372313904052135
411.0 0.0009541268809698522
412.0 0.000671022371534491
413.0 0.0007125387583073461
414.0 0.0007540552360296715
415.0 0.0007297657703020377
416.0 0.0007054766683722846
417.0 0.0012551953659567516
418.0 0.0018049146092380397
419.0 0.002272244637424592
420.0 0.0027395748475100845
421.0 0.004141496538068168
422.0 0.0055434178648283705
423.0 0.008549879566999152
424.0 0.011556340177776292
425.0 0.01571813045302406
426.0 0.01987991709029302
427.0 0.020538469834718853
428.0 0.021197026944719255
429.0 0.01609450700925663
430.0 0.010991989984177053
431.0 0.007836006989236921
432.0 0.004680022902903147
433.0 0.003768186434172094
434.0 0.0028563494197442196
435.0 0.0022058451577322558
436.0 0.0015553405319224112
437.0 0.0013643294551002327
438.0 0.0011733186511264648
439.0 0.00096739167929627
440.0 0.0007614648438902805
441.0 0.0010600091627566144
442.0 0.001358553345198743
443.0 0.0016628755474812351
444.0 0.001967197567864787
445.0 0.0019418719602981582
446.0 0.0019165461708325893
447.0 0.0017191312508657575
448.0 0.0015217166037473362
449.0 0.0014317941349872854
450.0 0.0013418712114798836
451.0 0.0014469387679127976
452.0 0.0015520063243457116
453.0 0.0015429041013703682
454.0 0.0015338018783950247
455.0 0.0013261827007227112
456.0 0.0011185637958988082
457.0 0.000804919000074733
458.0 0.0004912744316243334
459.0 0.0007513542641390814
460.0 0.0010114340511790942
461.0 0.0016445106666651554
462.0 0.0022775868274038658
463.0 0.002958743971248623
464.0 0.00363990111509338
465.0 0.004683345832745545
466.0 0.005726790550397709
467.0 0.006364526052493602
468.0 0.007002263009781018
469.0 0.005997066909912974
470.0 0.0049918719014385715
471.0 0.0038222231523832306
472.0 0.0026525736757321283
473.0 0.002192708052461967
474.0 0.001732842247292865
475.0 0.0014289590581029188
476.0 0.0011250762327108532
477.0 0.0009143249371845741
478.0 0.0007035734597593546
479.0 0.000886717316461727
480.0 0.001069860900315689
481.0 0.0007991325219336431
482.0 0.0005284041890263325
483.0 0.000613872725807596
484.0 0.0006993410806899192
485.0 0.0006374064469127916
486.0 0.0005754716767114587
487.0 0.0005915524070587708
488.0 0.0006076330009818776
489.0 0.0005402052011049818
490.0 0.000472777355753351
491.0 0.000625378061158699
492.0 0.000777978766564047
493.0 0.0009222274456988089
494.0 0.0010664763067325111
495.0 0.0009468706593906973
496.0 0.0008272650120488834
497.0 0.0010764847502287012
498.0 0.0013257043974590488
499.0 0.0013351906090974808
500.0 0.001344676911685383
501.0 0.001495045580668375
502.0 0.0016454145224997774
503.0 0.0019849598174914718
504.0 0.0023245052943821065
505.0 0.0029165568776079454
506.0 0.0035086086427327245
507.0 0.004137443829677068
508.0 0.00476627865282353
509.0 0.00524837632838171
510.0 0.005730472912546247
511.0 0.005097843677503988
512.0 0.004465214078663848
513.0 0.003811133501585573
514.0 0.0031570529245072976
515.0 0.002997609226440545
516.0 0.0028381658921716735
517.0 0.0026287603759556077
518.0 0.002419354859739542
519.0 0.07045683450996876
520.0 0.06444098544307053
521.0 0.01563560508657247
522.0 0.0943769933655858
523.0 1.611317849981031e-10
524.0 0.12179338373243809
525.0 0.10708188638091087
526.0 0.1241195946931839
527.0 0.12135356664657593
528.0 0.048337873886339366
529.0 0.1512179966084659
530.0 0.13647571904584765
531.0 0.15751589089632034
532.0 0.16821192111819983
533.0 0.30342608224600554
534.0 0.3894614288583398
535.0 0.48601962625980377
536.0 0.6404564715921879
537.0 1.0031296871602535
538.0 1.484758872538805
539.0 2.3112021386623383
540.0 3.6728940904140472
541.0 5.370762199163437
542.0 7.904905825853348
543.0 10.944540053606033
544.0 14.498554170131683
545.0 18.861840665340424
546.0 23.816516995429993
547.0 30.055037140846252
548.0 37.80222535133362
549.0 45.79680860042572
550.0 52.73449420928955
551.0 60.295552015304565
552.0 65.83964824676514
553.0 70.84903717041016
554.0 74.96405243873596
555.0 78.86887788772583
556.0 82.75042176246643
557.0 85.75509786605835
558.0 88.82012963294983
559.0 91.70991778373718
560.0 92.73630976676941
561.0 94.26886439323425
562.0 95.16973495483398
563.0 95.15504240989685
564.0 95.62022686004639
565.0 94.90862488746643
566.0 95.64300775527954
567.0 95.23032903671265
568.0 95.44234275817871
569.0 96.60574197769165
570.0 95.88087797164917
571.0 96.49118781089783
572.0 96.96685075759888
573.0 96.80924415588379
574.0 97.08855748176575
575.0 96.92751169204712
576.0 96.97628617286682
577.0 96.6206431388855
578.0 96.79815769195557
579.0 96.98450565338135
580.0 96.4431643486023
581.0 96.26701474189758
582.0 96.57849669456482
583.0 96.72081470489502
584.0 96.1771011352539
585.0 96.16425037384033
586.0 96.04955911636353
587.0 95.95731496810913
588.0 96.24266028404236
589.0 97.25725650787354
590.0 96.58623933792114
591.0 95.61514258384705
592.0 95.46709060668945
593.0 95.55566906929016
594.0 95.84683775901794
595.0 95.91217041015625
596.0 96.93334698677063
597.0 96.9128429889679
598.0 96.6261088848114
599.0 96.70398235321045
600.0 96.77870273590088
601.0 95.81854343414307
602.0 96.76609635353088
603.0 96.18748426437378
604.0 96.0142433643341
605.0 96.71725034713745
606.0 95.55326104164124
607.0 96.13237380981445
608.0 96.07027769088745
609.0 95.40095925331116
610.0 95.55379152297974
611.0 95.51682472229004
612.0 95.7021176815033
613.0 96.57564163208008
614.0 96.53066396713257
615.0 96.02335691452026
616.0 96.24189138412476
617.0 96.33630514144897
618.0 96.06177806854248
619.0 96.7457115650177
620.0 95.95791101455688
621.0 95.28968930244446
622.0 96.21362686157227
623.0 96.44244909286499
624.0 96.13772630691528
625.0 96.80105447769165
626.0 95.70488929748535
627.0 94.71307396888733
628.0 96.8417763710022
629.0 95.36603689193726
630.0 96.32831811904907
631.0 95.67505121231079
632.0 96.63680791854858
633.0 96.23358845710754
634.0 95.6922173500061
635.0 96.03685736656189
636.0 95.78197002410889
637.0 95.6493616104126
638.0 95.40886282920837
639.0 95.26969194412231
640.0 95.3069806098938
641.0 95.26001811027527
642.0 95.89231014251709
643.0 95.8345890045166
644.0 95.82411646842957
645.0 95.94478011131287
646.0 95.95813751220703
647.0 97.0092236995697
648.0 96.13080024719238
649.0 95.34894227981567
650.0 96.0250198841095
651.0 96.5177595615387
652.0 96.58006429672241
653.0 95.8311378955841
654.0 96.52623534202576
655.0 96.4943528175354
656.0 95.63843011856079
657.0 95.42635083198547
658.0 96.34023308753967
659.0 96.10609412193298
660.0 95.26730179786682
661.0 95.5513596534729
662.0 95.78874707221985
663.0 95.63060402870178
664.0 95.15359997749329
665.0 95.04678249359131
666.0 95.27614712715149
667.0 95.97558975219727
668.0 94.84370350837708
669.0 95.49879431724548
670.0 94.97337341308594
671.0 95.56723833084106
672.0 95.23857235908508
673.0 95.42139768600464
674.0 94.81162428855896
675.0 95.65709233283997
676.0 94.69886422157288
677.0 93.94661784172058
678.0 93.44280958175659
679.0 92.69811511039734
680.0 91.71411991119385
681.0 90.59917330741882
682.0 88.48052620887756
683.0 85.72668433189392
684.0 82.46559500694275
685.0 79.26338315010071
686.0 75.35996437072754
687.0 70.8806037902832
688.0 66.90836548805237
689.0 62.16992139816284
690.0 57.025182247161865
691.0 52.94085741043091
692.0 48.31759035587311
693.0 44.03016269207001
694.0 39.02822434902191
695.0 33.96379351615906
696.0 28.695198893547058
697.0 23.563219606876373
698.0 17.799939215183258
699.0 13.233241438865662
700.0 9.316308051347733
701.0 6.002037599682808
702.0 3.776152804493904
703.0 2.20696534961462
704.0 1.2925675138831139
705.0 0.7497184909880161
706.0 0.47623426653444767
707.0 0.341344578191638
708.0 0.14378869673237205
709.0 0.15135512221604586
710.0 0.11121080024167895
711.0 0.06967457011342049
712.0 0.08395829354412854
713.0 0.11472320184111595
714.0 0.07275473908521235
715.0 0.06037191487848759
716.0 0.06333242054097354
717.0 0.024431332712993026
718.0 0.023060280364006758
719.0 0.01020766721921973
720.0 1.611317849981031e-10
721.0 0.00458797840110492
722.0 0.004323508983361535
723.0 0.00405903956561815
724.0 0.003741465843631886
725.0 0.0034238917578477412
726.0 0.003204113818355836
727.0 0.0029843358788639307
728.0 0.0028200958695379086
729.0 0.002655855678312946
730.0 0.002483567914168816
731.0 0.0023112805138225667
732.0 0.0022965015887166373
733.0 0.0022817228455096483
734.0 0.0021692199879908003
735.0 0.002056716948573012
736.0 0.0018786007785820402
737.0 0.0017004846085910685
738.0 0.0016675208826200105
739.0 0.0016345569747500122
740.0 0.0016326348486472853
741.0 0.0016307129044434987
742.0 0.0014926125913916621
743.0 0.0013545121873903554
744.0 0.0013884707186662126
745.0 0.0014224289770936593
746.0 0.0013467222743202
747.0 0.0012710155715467408
748.0 0.0011772196558013093
749.0 0.0010834236491064075
750.0 0.001056829933077097
751.0 0.0010302363989467267
752.0 0.0010685515007935464
753.0 0.0011068666935898364
754.0 0.0011364146303094458
755.0 0.001165962930826936
756.0 0.0011395806723157875
757.0 0.0011131981409562286
758.0 0.0011186727533640806
759.0 0.0011241472748224624
760.0 0.001110480479837861
761.0 0.0010968138667521998
762.0 0.001100401277653873
763.0 0.001103989143302897
764.0 0.001029628128890181
765.0 0.0009552671144774649
766.0 0.0008094160875771195
767.0 0.0006635650152020389
768.0 0.0006676424618490273
769.0 0.0006717198630212806
770.0 0.0007730734068900347
771.0 0.0008744271326577291
772.0 0.0008198762770916801
773.0 0.0007653254215256311
774.0 0.0008597730811743531
775.0 0.0009542208317725454
776.0 0.0009298868462792598
777.0 0.000905552769836504
778.0 0.0008783475095697213
779.0 0.0008511423402524088
780.0 0.000763443222240312
781.0 0.0006757441497029504
782.0 0.0007546432243543677
783.0 0.0008335422535310499
784.0 0.0008753310794418212
785.0 0.0009171196325041819
786.0 0.0007870203262427822
787.0 0.0006569211109308526
788.0 0.0006478346676885849
789.0 0.0006387484063452575
790.0 0.0006780184321542038
791.0 0.00071728845796315
792.0 0.0007730893230473157
793.0 0.0008288902790809516
794.0 0.0008453710506728385
795.0 0.000861851640365785
796.0 0.0007568390628875932
797.0 0.0006518264854094014
798.0 0.0007995150554052088
799.0 0.0009472036254010163
800.0 0.0008620687367510982
801.0 0.0007769336662022397
802.0 0.0006574645340151619
803.0 0.0005379951289796736
804.0 0.000656183146929834
805.0 0.0007743711648799945
806.0 0.0007103004463715479
807.0 0.0006462298188125715
808.0 0.0007510573595936876
809.0 0.0008558849003748037
810.0 0.0007566959084215341
811.0 0.0006575070983672049
812.0 0.0006552866580022965
813.0 0.0006530661266879179
814.0 0.000567279357710504
815.0 0.00048149267968256027
816.0 0.0006157607913337415
817.0 0.0007500289939343929
818.0 0.0006889688847877551
819.0 0.0006279086846916471
820.0 0.0004910117695544614
821.0 0.0003541148316799081
822.0 0.0003704125447256956
823.0 0.0003867103259835858
824.0 0.0004264823928679107
825.0 0.00046625450522697065
826.0 0.000515301144332625
827.0 0.0005643477834382793
828.0 0.0004521820301306434
829.0 0.0003400162768230075
830.0 0.00019466408502921695
831.0 4.931195007884526e-05
832.0 3.4145571703447786e-05
833.0 1.897917059068277e-05
834.0 2.1222379587015894e-05
835.0 2.3465551635126758e-05
836.0 0.00030619044082413893
837.0 0.0005889154635951854
838.0 0.0007431451649608789
839.0 0.0008973748663265724
840.0 0.0012142179912189022
841.0 0.0015310610251617618
842.0 0.0019997594790766016
843.0 0.0024684581148903817
844.0 0.0022972881197347306
845.0 0.00212611830647802
846.0 0.002134652095264755
847.0 0.0021431857021525502
848.0 0.0021502857634914108
849.0 0.002157385642931331
850.0 0.0018967557480209507
851.0 0.0016361262169084512
852.0 0.0014076027582632378
853.0 0.001179079117719084
854.0 0.0010656376616680063
855.0 0.0009521957508695778
856.0 0.0007233371889014961
857.0 0.0004944786724081496
858.0 0.000559005866307416
859.0 0.0006235329692572122
860.0 0.0005224483174970374
861.0 0.0004213635293126572
862.0 0.0003978678705607308
863.0 0.00037437223454617197
864.0 0.00026570521640678635
865.0 0.00015703826647950336
866.0 9.609710787117365e-05
867.0 3.51559208411345e-05
868.0 0.00012825938711102935
869.0 0.00022136282495921478
870.0 7.583689125567616e-05
871.0 1.611317849981031e-10
872.0 1.611317849981031e-10
873.0 1.611317849981031e-10
874.0 1.611317849981031e-10
875.0 1.611317849981031e-10
876.0 1.611317849981031e-10
877.0 1.611317849981031e-10
878.0 0.00011733400242519565
879.0 0.0002596928425191436
880.0 0.00018259631815453758
881.0 0.00010549975968388026
882.0 9.43749853377085e-05
883.0 8.325024509758805e-05
884.0 1.611317849981031e-10
885.0 1.611317849981031e-10
886.0 1.611317849981031e-10
887.0 0.00011295273907308001
888.0 0.00017067977751139551
889.0 0.00022840679321234347
890.0 0.0001593879119354824
891.0 9.036899655257002e-05
892.0 1.611317849981031e-10
893.0 1.611317849981031e-10
894.0 1.611317849981031e-10
895.0 6.676445423181576e-05
896.0 6.593896841877722e-05
897.0 6.511352239613188e-05
898.0 6.852613978480804e-05
899.0 7.193875717348419e-05
900.0 1.611317849981031e-10
901.0 1.611317849981031e-10
