lsstCam/transmission_filter_detector/r02_s11/y_10/19700101T000000.ecsv
# %ECSV 1.0
# ---
# datatype:
# - {name: wavelength, unit: nm, datatype: float32}
# - {name: efficiency, unit: '%', datatype: float64}
# meta: !!omap
# - {MODE: DETECTOR}
# - {TYPE: transmission_filter_detector}
# - {CALIBDATE: '1970-01-01T00:00:00'}
# - {INSTRUME: LSSTCam}
# - {OBSTYPE: transmission_filter_detector}
# - {CALIBCLS: lsst.ip.isr.IntermediateFilterDetectorTransmissionCurve}
# - {SOURCE: Materion (DM-46256)}
# - {DETECTOR: 13}
# - {FILTER: y_10}
# - {CALIB_ID: 'calibDate=1970-01-01T00:00:00 filter=y_10 detector=13'}
# - {DATE: '2025-04-02T15:59:50.800944'}
# - {CALIB_CREATION_DATE: '2025-04-02'}
# - {CALIB_CREATION_TIME: '15:59:50'}
# - __serialized_columns__:
#     efficiency:
#       __class__: astropy.units.quantity.Quantity
#       unit: !astropy.units.Unit {unit: '%'}
#       value: !astropy.table.SerializedColumn {name: efficiency}
#     wavelength:
#       __class__: astropy.units.quantity.Quantity
#       unit: !astropy.units.Unit {unit: nm}
#       value: !astropy.table.SerializedColumn {name: wavelength}
# schema: astropy-2.0
wavelength efficiency
300.0 0.5347848404198885
301.0 0.288022356107831
302.0 0.0412598077673465
303.0 0.03529018140397966
304.0 0.029320557950995862
305.0 0.019078741024713963
306.0 0.008836919732857496
307.0 0.014814069436397403
308.0 0.020791216229554266
309.0 0.014640812878496945
310.0 0.008490405889460817
311.0 0.007513745367759839
312.0 0.006537081935675815
313.0 0.007817424921086058
314.0 0.00909776717890054
315.0 0.007437147723976523
316.0 0.005776529724244028
317.0 0.005726747622247785
318.0 0.0056769615184748545
319.0 0.002642251638462767
320.0 1.6357509964592953e-10
321.0 0.0017950103938346729
322.0 0.003982480484410189
323.0 0.0028303649742156267
324.0 0.0016782496459200047
325.0 0.0004642689418687951
326.0 1.6357509964592953e-10
327.0 0.0006466597824328346
328.0 0.0020430317817954347
329.0 0.0034692304325290024
330.0 0.004895429447060451
331.0 0.004456931128515862
332.0 0.004018432809971273
333.0 0.0028137890694779344
334.0 0.0016091449651867151
335.0 0.0021470072169904597
336.0 0.0026848700144910254
337.0 0.002954729825432878
338.0 0.0032245894544757903
339.0 0.0016130910807987675
340.0 1.592520249005247e-06
341.0 1.6357509964592953e-10
342.0 1.6357509964592953e-10
343.0 9.321914831161848e-05
344.0 0.0005532094746740768
345.0 0.0009842439794738311
346.0 0.0014152791663946118
347.0 0.001570881977386307
348.0 0.0017264845155295916
349.0 0.0015474955944227986
350.0 0.001368506400467595
351.0 0.0014488866327155847
352.0 0.0015292664102162234
353.0 0.0011936406735912897
354.0 0.0008580149369663559
355.0 0.0009752149708219804
356.0 0.0010924149137281347
357.0 0.0008538600013707764
358.0 0.0006153049071144778
359.0 0.0006941937044757651
360.0 0.0007730825018370524
361.0 0.00117540921564796
362.0 0.0015777357475599274
363.0 0.0012305077689234167
364.0 0.0008832794264890254
365.0 0.0011607477063080296
366.0 0.0014382163499249145
367.0 0.0018909917343989946
368.0 0.0023437671188730747
369.0 0.0020597612092387863
370.0 0.0017757551177055575
371.0 0.0017501641195849515
372.0 0.0017245725757675245
373.0 0.0021039017155999318
374.0 0.0024832306735333987
375.0 0.0034006436180789024
376.0 0.004318056380725466
377.0 0.004203238859190606
378.0 0.004088420610059984
379.0 0.0036640947655541822
380.0 0.0032397685572504997
381.0 0.0021954538169666193
382.0 0.0011511388947837986
383.0 0.00112102707134909
384.0 0.0010909148841165006
385.0 0.0008804337994661182
386.0 0.0006699527148157358
387.0 0.0006689766451017931
388.0 0.0006680006663373206
389.0 0.0005544246960198507
390.0 0.00044084881665185094
391.0 0.0004696167707152199
392.0 0.0004983847247785889
393.0 0.0005778687409474514
394.0 0.0006573528935405193
395.0 0.0006459336418629391
396.0 0.0006345145266095642
397.0 0.0008690036338521168
398.0 0.0011034926501451991
399.0 0.0013068948646832723
400.0 0.0015102969882718753
401.0 0.0016665544535499066
402.0 0.0018228121916763484
403.0 0.0018183591237175278
404.0 0.0018139060557587072
405.0 0.0017549327822052874
406.0 0.0016959598724497482
407.0 0.0014637581443821546
408.0 0.0012315567801124416
409.0 0.0010308774108125363
410.0 0.0008301976777147502
411.0 0.000366845915777958
412.0 1.6357509964592953e-10
413.0 0.0006813184882048517
414.0 0.0014591426406695973
415.0 0.002209259218943771
416.0 0.0029593757062684745
417.0 0.00143800880323397
418.0 1.6357509964592953e-10
419.0 1.6357509964592953e-10
420.0 1.6357509964592953e-10
421.0 8.70225278504222e-05
422.0 0.0010202119483437855
423.0 0.0010566869605099782
424.0 0.0010931616088782903
425.0 0.00034728659557003994
426.0 1.6357509964592953e-10
427.0 1.6357509964592953e-10
428.0 0.00028420461148925824
429.0 1.6357509964592953e-10
430.0 1.6357509964592953e-10
431.0 0.00020519773897831328
432.0 0.0007719307177467272
433.0 0.0005845883151778253
434.0 0.000397246230932069
435.0 8.851847042024019e-05
436.0 1.6357509964592953e-10
437.0 3.918465267815918e-05
438.0 0.00029857844765501795
439.0 1.6357509964592953e-10
440.0 1.6357509964592953e-10
441.0 1.6357509964592953e-10
442.0 1.6357509964592953e-10
443.0 1.6357509964592953e-10
444.0 1.6357509964592953e-10
445.0 7.886583262006752e-05
446.0 0.00030827570753899636
447.0 0.0005961566785117611
448.0 0.0008840375812724233
449.0 0.0009401218449056614
450.0 0.0009962059266399592
451.0 0.000441450083599193
452.0 1.6357509964592953e-10
453.0 1.6357509964592953e-10
454.0 1.6357509964592953e-10
455.0 1.6357509964592953e-10
456.0 1.6357509964592953e-10
457.0 1.6357509964592953e-10
458.0 0.00015026321307232138
459.0 0.000211194196708675
460.0 0.00027212524855713127
461.0 0.00032753616778791184
462.0 0.00038294706428132486
463.0 0.00040004706534091383
464.0 0.0004171471118752379
465.0 0.00045508609218813945
466.0 0.0004930252998747164
467.0 0.0009674015018390492
468.0 0.0014417774764297064
469.0 0.001482646166550694
470.0 0.0015235143109748606
471.0 0.0016097752450150438
472.0 0.0016960359062068164
473.0 0.0021973535694996826
474.0 0.002698671414691489
475.0 0.002729798507061787
476.0 0.002760925781331025
477.0 0.003117947926511988
478.0 0.003474970071692951
479.0 0.003941199975088239
480.0 0.004407430242281407
481.0 0.004440429256646894
482.0 0.0044734279072145
483.0 0.003913434557034634
484.0 0.0033534404792590067
485.0 0.0035659464629134163
486.0 0.003778452446567826
487.0 0.0031997522455640137
488.0 0.002621051862661261
489.0 0.002306597161805257
490.0 0.0019921430066460744
491.0 0.0017320839106105268
492.0 0.0014720245417265687
493.0 0.001196140146930702
494.0 0.0009202561159327161
495.0 0.0011749631994462106
496.0 0.0014296702829597052
497.0 0.0018268510757479817
498.0 0.0022240321413846686
499.0 0.0021639640181092545
500.0 0.0021038958948338404
501.0 0.002276742088724859
502.0 0.002449588464514818
503.0 0.0026361236450611614
504.0 0.0028226586437085643
505.0 0.003245532207074575
506.0 0.0036684061342384666
507.0 0.002710801891225856
508.0 0.001753197102516424
509.0 0.0019725290258065797
510.0 0.002191860585298855
511.0 0.002104248596879188
512.0 0.002016636608459521
513.0 0.0019446366422926076
514.0 0.0018726368580246344
515.0 0.0016258505638688803
516.0 0.0013790639059152454
517.0 0.0013775434126728214
518.0 0.0013760223737335764
519.0 0.0014477549484581687
520.0 0.0015194871593848802
521.0 0.0016910104022827
522.0 0.001862533281382639
523.0 0.0016670062905177474
524.0 0.0014714792996528558
525.0 0.0019573002646211535
526.0 0.002443121775286272
527.0 0.002331115501874592
528.0 0.0022191094103618525
529.0 0.002355595825065393
530.0 0.002492081875971053
531.0 0.002371829395997338
532.0 0.0022515765522257425
533.0 0.0023664277250645682
534.0 0.002481278352206573
535.0 0.0022660748072667047
536.0 0.002050870898528956
537.0 0.0024235368982772343
538.0 0.0027962027161265723
539.0 0.0033221182093257084
540.0 0.0038480331568280235
541.0 0.003872862725984305
542.0 0.003897692295140587
543.0 0.004189271567156538
544.0 0.00448085083917249
545.0 0.0049014230171451345
546.0 0.005321994831319898
547.0 0.0044629221520153806
548.0 0.0036038494727108628
549.0 0.0031446066714124754
550.0 0.0026853636882151477
551.0 0.002598599712655414
552.0 0.0025118355551967397
553.0 0.0030645598599221557
554.0 0.0036172834370518103
555.0 0.003624257806222886
556.0 0.0036312321753939614
557.0 0.0034449480153853074
558.0 0.0032586638553766534
559.0 0.003305868449388072
560.0 0.0033530730433994904
561.0 0.003611085412558168
562.0 0.0038690974179189652
563.0 0.003570640183170326
564.0 0.003272182948421687
565.0 0.0037780024285893887
566.0 0.004283822272554971
567.0 0.004499269198277034
568.0 0.004714715760201216
569.0 0.005185521513340063
570.0 0.00565632690268103
571.0 0.005812133167637512
572.0 0.005967939432593994
573.0 0.006403752922778949
574.0 0.006839566049166024
575.0 0.006789073813706636
576.0 0.006738580850651488
577.0 0.005913240238442086
578.0 0.005087899262434803
579.0 0.005774006058345549
580.0 0.006460113218054175
581.0 0.007094543252605945
582.0 0.0077289718319661915
583.0 0.008615003753220662
584.0 0.009501032764092088
585.0 0.009849309572018683
586.0 0.01019758710754104
587.0 0.010095854668179527
588.0 0.009994118590839207
589.0 0.01041922951117158
590.0 0.010844344069482759
591.0 0.010120157094206661
592.0 0.009395970846526325
593.0 0.007628581079188734
594.0 0.00586119458603207
595.0 0.005703723218175583
596.0 0.005546252214116976
597.0 0.005929982216912322
598.0 0.006313711492111906
599.0 0.007323238241951913
600.0 0.008332763536600396
601.0 0.008834202162688598
602.0 0.009335637878393754
603.0 0.010360037413192913
604.0 0.011384436947992072
605.0 0.011591195652727038
606.0 0.011797955085057765
607.0 0.010065450624097139
608.0 0.00833295052871108
609.0 0.006466136255767196
610.0 0.004599322710419074
611.0 0.003870521322824061
612.0 0.003141719935229048
613.0 0.003580338670872152
614.0 0.004018957042717375
615.0 0.004802769035450183
616.0 0.005586581755778752
617.0 0.006723245314788073
618.0 0.007859909237595275
619.0 0.008864195115165785
620.0 0.009868480992736295
621.0 0.01103329923353158
622.0 0.012198118201922625
623.0 0.012244998652022332
624.0 0.012291877646930516
625.0 0.010872455459320918
626.0 0.00945303327171132
627.0 0.007409809768432751
628.0 0.005366584082366899
629.0 0.004433700451045297
630.0 0.0035008168197236955
631.0 0.0030805043934378773
632.0 0.00266019233094994
633.0 0.0027898951884708367
634.0 0.002919598227890674
635.0 0.003050850864383392
636.0 0.003182102955179289
637.0 0.0038993101043161005
638.0 0.004616517253452912
639.0 0.004539528526947834
640.0 0.0044625394366448745
641.0 0.0049971920816460624
642.0 0.005531845090445131
643.0 0.005495989171322435
644.0 0.005460133252199739
645.0 0.0051321054343134165
646.0 0.004804077616427094
647.0 0.003897543138009496
648.0 0.0029910088414908387
649.0 0.002174998735426925
650.0 0.0013589886293630116
651.0 0.0014678656043543015
652.0 0.0015767431250424124
653.0 0.0015822559362277389
654.0 0.001587768565514125
655.0 0.001583886296430137
656.0 0.001580004027346149
657.0 0.0016232388588832691
658.0 0.0016664738723193295
659.0 0.00195632383110933
660.0 0.0022461737898993306
661.0 0.0019701876226463355
662.0 0.0016942012734944
663.0 0.002422670331725385
664.0 0.0031511397537542507
665.0 0.0036616602301364765
666.0 0.0041721803427208215
667.0 0.004710917346528731
668.0 0.005249652895145118
669.0 0.005403425893746316
670.0 0.005557195618166588
671.0 0.006286557618295774
672.0 0.00701591998222284
673.0 0.008000817615538836
674.0 0.00898571452125907
675.0 0.008413242176175117
676.0 0.00784077201387845
677.0 0.006246622069738805
678.0 0.0046524724893970415
679.0 0.0030361692552105524
680.0 0.0014198666576703545
681.0 0.0007270257810887415
682.0 3.4184748187726655e-05
683.0 0.00043291902329656295
684.0 0.0008316533239849377
685.0 0.00039976985135581344
686.0 1.6357509964592953e-10
687.0 0.0001057366830536921
688.0 0.0002435870101180626
689.0 0.00032792318052088376
690.0 0.0004122593509237049
691.0 0.0004357813395472476
692.0 0.0004593033736455254
693.0 0.0004625449037121143
694.0 0.00046578634282923304
695.0 0.0005215182682150044
696.0 0.0005772501936007757
697.0 0.0005356490873964503
698.0 0.0004940478447679197
699.0 0.00042602823668858036
700.0 0.00035800835576083045
701.0 0.00023812813196855132
702.0 0.00011824803323179367
703.0 0.0003047563723157509
704.0 0.0004912647455057595
705.0 0.00044674375203612726
706.0 0.00040222262214228977
707.0 5.165970833331812e-05
708.0 1.6357509964592953e-10
709.0 1.6357509964592953e-10
710.0 0.00011272973097220529
711.0 0.0003094582780249766
712.0 0.0005061868250777479
713.0 0.0003454647867329186
714.0 0.00018474278249414056
715.0 0.0002450696456435253
716.0 0.00030539649742422625
717.0 0.0001944505584106082
718.0 8.350466487172525e-05
719.0 0.0003146416929666884
720.0 0.0005457786755869165
721.0 0.0003582441877370002
722.0 0.0001707097226244514
723.0 0.000323906328958401
724.0 0.00047710291255498305
725.0 0.000579408015255467
726.0 0.0006817131634306861
727.0 0.0002995175009345985
728.0 1.6357509964592953e-10
729.0 0.00019782794424827443
730.0 0.0004783339136338327
731.0 0.0006196242793521378
732.0 0.0007609149179188535
733.0 0.0002753103672148427
734.0 1.6357509964592953e-10
735.0 1.6357509964592953e-10
736.0 1.6357509964592953e-10
737.0 0.0002654738409546553
738.0 0.0009538448466628324
739.0 0.0006487093287432799
740.0 0.00034357353797531687
741.0 0.0001859801159298513
742.0 2.838666546267632e-05
743.0 1.6357509964592953e-10
744.0 1.6357509964592953e-10
745.0 0.000221294203583966
746.0 0.0007181454293458955
747.0 0.0003742656645044917
748.0 3.038588829440414e-05
749.0 1.6357509964592953e-10
750.0 1.6357509964592953e-10
751.0 1.6357509964592953e-10
752.0 1.6357509964592953e-10
753.0 0.00020294939986342797
754.0 0.0004961560080118943
755.0 1.6357509964592953e-10
756.0 1.6357509964592953e-10
757.0 1.6357509964592953e-10
758.0 1.6357509964592953e-10
759.0 0.00012414650427672314
760.0 0.0007117096174624749
761.0 0.0002746871359704528
762.0 1.6357509964592953e-10
763.0 1.6357509964592953e-10
764.0 1.6357509964592953e-10
765.0 0.00011144044265165576
766.0 0.0005549431079998612
767.0 4.7867371222309885e-05
768.0 1.6357509964592953e-10
769.0 1.6357509964592953e-10
770.0 1.6357509964592953e-10
771.0 1.6357509964592953e-10
772.0 1.6357509964592953e-10
773.0 0.00028665574518527137
774.0 0.0007481703050871147
775.0 0.00048236825023195706
776.0 0.00021656608168996172
777.0 0.00027937178401771234
778.0 0.00034217757729493314
779.0 0.0005318006060406333
780.0 0.000721423657523701
781.0 0.0007205525889730779
782.0 0.0007196815204224549
783.0 0.0005196460278966697
784.0 0.00031961067179508973
785.0 0.00014605341220885748
786.0 1.6357509964592953e-10
787.0 0.0005183931989449775
788.0 0.00106429042716627
789.0 0.0009203523404721636
790.0 0.0007764142537780572
791.0 0.0006523510364786489
792.0 0.0005282875463308301
793.0 0.000618435751675861
794.0 0.0007085836841724813
795.0 0.0007846418156987056
796.0 0.0008606997653259896
797.0 0.00046262289288279135
798.0 6.454603749261878e-05
799.0 0.0005013268491893541
800.0 0.0009381076779391151
801.0 0.0005252426035440294
802.0 0.00011237750641157618
803.0 0.00041899047573679127
804.0 0.0007256033768499037
805.0 0.00096553467301419
806.0 0.0012054659237037413
807.0 0.0007161176654335577
808.0 0.00022676945263810921
809.0 1.6357509964592953e-10
810.0 1.6357509964592953e-10
811.0 0.00012205497341710725
812.0 0.0005373339718062198
813.0 0.0007066152193146991
814.0 0.0008758963303989731
815.0 0.0009297005817643367
816.0 0.0009835041055339389
817.0 0.0009726873940962832
818.0 0.0009618707736080978
819.0 0.0009855138159764465
820.0 0.0010091569492942654
821.0 0.0008616445484221913
822.0 0.0007141321930248523
823.0 0.0006208580543898279
824.0 0.0005275842340779491
825.0 0.0006105705324443989
826.0 0.0006935568762855837
827.0 0.0006353267508529825
828.0 0.0005770967163698515
829.0 0.00032052928418124793
830.0 6.396188609869569e-05
831.0 0.00011037296872018487
832.0 0.00015678429008403327
833.0 0.00034085212519130437
834.0 0.0005249198693491053
835.0 0.00010406329238321632
836.0 1.6357509964592953e-10
837.0 1.6357509964592953e-10
838.0 1.6357509964592953e-10
839.0 0.0004132791218580678
840.0 0.0008522860298398882
841.0 0.0011171347978233825
842.0 0.0013819835658068769
843.0 0.0009419147318112664
844.0 0.0005018455340177752
845.0 0.0005236153356236173
846.0 0.000545384955330519
847.0 0.0008237228030338883
848.0 0.0011020605597877875
849.0 0.0010453161849000026
850.0 0.0009885713552648667
851.0 0.001074335796147352
852.0 0.001160100055130897
853.0 0.00046030136218178086
854.0 1.6357509964592953e-10
855.0 1.6357509964592953e-10
856.0 1.6357509964592953e-10
857.0 0.0002690193241505767
858.0 0.0012503284779086243
859.0 0.001207053992402507
860.0 0.0011637792340479791
861.0 0.0014235780326998793
862.0 0.0016833768313517794
863.0 0.0018413336874800734
864.0 0.0019992905436083674
865.0 0.0019157474525854923
866.0 0.0018322045434615575
867.0 0.0025595205443096347
868.0 0.0032868363632587716
869.0 0.0030109567887848243
870.0 0.002735076668614056
871.0 0.003396253669052385
872.0 0.004057430487591773
873.0 0.002891141048166901
874.0 0.0017248517906409688
