lsstCam/transmission_filter_detector/r02_s11/y_10/19700101T000000.ecsv
# %ECSV 1.0
# ---
# datatype:
# - {name: wavelength, unit: nm, datatype: float32}
# - {name: efficiency, unit: '%', datatype: float64}
# meta: !!omap
# - {MODE: DETECTOR}
# - {TYPE: transmission_filter_detector}
# - {CALIBDATE: '1970-01-01T00:00:00'}
# - {INSTRUME: LSSTCam}
# - {OBSTYPE: transmission_filter_detector}
# - {CALIBCLS: lsst.ip.isr.IntermediateFilterDetectorTransmissionCurve}
# - {SOURCE: Materion (DM-46256)}
# - {DETECTOR: 13}
# - {FILTER: y_10}
# - {CALIB_ID: 'calibDate=1970-01-01T00:00:00 filter=y_10 detector=13'}
# - {DATE: '2025-04-02T15:59:50.800944'}
# - {CALIB_CREATION_DATE: '2025-04-02'}
# - {CALIB_CREATION_TIME: '15:59:50'}
# - __serialized_columns__:
#     efficiency:
#       __class__: astropy.units.quantity.Quantity
#       unit: !astropy.units.Unit {unit: '%'}
#       value: !astropy.table.SerializedColumn {name: efficiency}
#     wavelength:
#       __class__: astropy.units.quantity.Quantity
#       unit: !astropy.units.Unit {unit: nm}
#       value: !astropy.table.SerializedColumn {name: wavelength}
# schema: astropy-2.0
wavelength efficiency
[from data line 576]
876.0 0.0031065053917700425
877.0 0.002026631773333065
878.0 0.0009467583367950283
879.0 0.0016748694179113954
880.0 0.0648113724309951
881.0 0.0886213849298656
882.0 0.06196586764417589
883.0 0.08862780523486435
884.0 0.05879034870304167
885.0 0.09369180770590901
886.0 0.07460949709638953
887.0 0.0989929772913456
888.0 0.05989312776364386
889.0 0.10765861952677369
890.0 0.0693720590788871
891.0 0.10265118908137083
892.0 0.07449129479937255
893.0 0.10335861006751657
894.0 0.07048421539366245
895.0 0.10904709342867136
896.0 0.0708926934748888
897.0 0.09950918611139059
898.0 0.0871234864462167
899.0 0.10531843872740865
900.0 0.08948391187004745
901.0 0.11949465842917562
902.0 0.13889423571527004
903.0 0.15644103987142444
904.0 0.17336049349978566
905.0 0.1898932852782309
906.0 0.23521119728684425
907.0 0.29433269519358873
908.0 0.3907308913767338
909.0 0.505263963714242
910.0 0.6994155701249838
911.0 0.9963867254555225
912.0 1.4571372419595718
913.0 2.156721241772175
914.0 3.0559493228793144
915.0 4.425107687711716
916.0 6.172646209597588
917.0 8.188030868768692
918.0 10.603153705596924
919.0 12.995703518390656
920.0 16.24325066804886
921.0 19.57269459962845
922.0 22.81402349472046
923.0 26.551619172096252
924.0 30.666813254356384
925.0 35.29908061027527
926.0 40.96640944480896
927.0 47.260770201683044
928.0 53.00195813179016
929.0 59.39950942993164
930.0 65.26612639427185
931.0 71.20433449745178
932.0 76.91712975502014
933.0 81.96074366569519
934.0 85.89417338371277
935.0 88.88186812400818
936.0 91.29632711410522
937.0 93.12199354171753
938.0 94.37680244445801
939.0 95.1197624206543
940.0 95.6240177154541
941.0 95.9948182106018
942.0 96.27044200897217
943.0 96.5096652507782
944.0 96.82438373565674
945.0 96.88897728919983
946.0 97.04660773277283
947.0 97.05361127853394
948.0 97.20938205718994
949.0 97.13233709335327
950.0 97.24536538124084
951.0 97.25338816642761
952.0 97.2640872001648
953.0 97.44870662689209
954.0 97.50115871429443
955.0 97.54969477653503
956.0 97.815603017807
957.0 97.99897074699402
958.0 98.18516969680786
959.0 98.2676088809967
960.0 98.42795133590698
961.0 98.50817322731018
962.0 98.60616326332092
963.0 98.6303985118866
964.0 98.71113896369934
965.0 98.73747825622559
966.0 98.80409240722656
967.0 98.85811805725098
968.0 98.84089231491089
969.0 98.83885383605957
970.0 98.8987684249878
971.0 98.93345236778259
972.0 99.00818467140198
973.0 99.0878164768219
974.0 99.06894564628601
975.0 99.10337924957275
976.0 99.14599061012268
977.0 99.12144541740417
978.0 99.14159774780273
979.0 99.14019107818604
980.0 99.10057783126831
981.0 99.04515147209167
982.0 98.98850321769714
983.0 99.000084400177
984.0 98.95191192626953
985.0 98.94760847091675
986.0 98.83497357368469
987.0 98.88948798179626
988.0 98.74241352081299
989.0 98.76568913459778
990.0 98.69048595428467
991.0 98.71240854263306
992.0 98.77146482467651
993.0 98.72909188270569
994.0 98.68291020393372
995.0 98.72621297836304
996.0 98.69713187217712
997.0 98.82785081863403
998.0 98.85194301605225
999.0 98.90857338905334
1000.0 98.95025491714478
1001.0 98.92944097518921
1002.0 99.01769757270813
1003.0 99.05790090560913
1004.0 99.10759925842285
1005.0 99.0756094455719
1006.0 99.22448396682739
1007.0 99.19841289520264
1008.0 99.17020201683044
1009.0 99.11757111549377
1010.0 99.18019771575928
1011.0 99.17672872543335
1012.0 99.09186363220215
1013.0 99.06678795814514
1014.0 99.07694458961487
1015.0 98.98761510848999
1016.0 98.99618029594421
1017.0 99.02475476264954
1018.0 99.02985692024231
1019.0 98.9560604095459
1020.0 99.01264309883118
1021.0 99.10430312156677
1022.0 98.98548722267151
1023.0 99.03088808059692
1024.0 99.01041388511658
1025.0 98.97386431694031
1026.0 99.03039336204529
1027.0 99.1665780544281
1028.0 99.06038045883179
1029.0 99.18208718299866
1030.0 99.21868443489075
1031.0 99.18605089187622
1032.0 99.16645288467407
1033.0 99.20506477355957
1034.0 99.19140338897705
1035.0 99.26886558532715
1036.0 99.14820790290833
1037.0 99.19901490211487
1038.0 99.18751120567322
1039.0 99.06933903694153
1040.0 99.0702748298645
1041.0 99.1032600402832
1042.0 99.09551739692688
1043.0 98.96708726882935
1044.0 99.13548231124878
1045.0 98.81008863449097
1046.0 98.9713728427887
1047.0 98.93835186958313
1048.0 98.93730282783508
1049.0 98.83013963699341
1050.0 98.84139895439148
1051.0 98.8213300704956
1052.0 98.77929091453552
1053.0 98.73496294021606
1054.0 98.98598194122314
1055.0 99.10885691642761
1056.0 98.97263646125793
1057.0 99.01290535926819
1058.0 98.76989126205444
1059.0 98.86727333068848
1060.0 99.09791946411133
1061.0 98.9905834197998
1062.0 98.99677038192749
1063.0 98.84639382362366
1064.0 99.13886785507202
1065.0 98.99396896362305
1066.0 99.02927279472351
1067.0 99.1037368774414
1068.0 99.06476140022278
1069.0 98.86863827705383
1070.0 99.1395354270935
1071.0 98.97897243499756
1072.0 99.10159111022949
1073.0 99.14746284484863
1074.0 98.8333523273468
1075.0 98.9727258682251
1076.0 98.62983822822571
1077.0 98.96854758262634
1078.0 99.05193448066711
1079.0 98.74956011772156
1080.0 99.40990209579468
1081.0 98.73064756393433
1082.0 98.7336277961731
1083.0 98.76980185508728
1084.0 98.99566769599915
1085.0 98.99014234542847
1086.0 98.76937866210938
1087.0 98.76985549926758
1088.0 98.75835180282593
1089.0 98.45277070999146
1090.0 98.70074987411499
1091.0 98.79985451698303
1092.0 98.80144000053406
1093.0 98.71706366539001
1094.0 98.33720922470093
1095.0 98.59206080436707
1096.0 98.81408214569092
1097.0 98.34144115447998
1098.0 97.64504432678223
1099.0 98.60278964042664
1100.0 98.16901683807373
