lsstCam/transmission_filter_detector/r33_s12/u_24/19700101T000000.ecsv
# %ECSV 1.0
# ---
# datatype:
# - {name: wavelength, unit: nm, datatype: float32}
# - {name: efficiency, unit: '%', datatype: float64}
# meta: !!omap
# - {MODE: DETECTOR}
# - {TYPE: transmission_filter_detector}
# - {CALIBDATE: '1970-01-01T00:00:00'}
# - {INSTRUME: LSSTCam}
# - {OBSTYPE: transmission_filter_detector}
# - {CALIBCLS: lsst.ip.isr.IntermediateFilterDetectorTransmissionCurve}
# - {SOURCE: Materion (DM-46256)}
# - {DETECTOR: 149}
# - {FILTER: u_24}
# - {CALIB_ID: 'calibDate=1970-01-01T00:00:00 filter=u_24 detector=149'}
# - {DATE: '2025-04-02T15:59:40.440455'}
# - {CALIB_CREATION_DATE: '2025-04-02'}
# - {CALIB_CREATION_TIME: '15:59:40'}
# - __serialized_columns__:
#     efficiency:
#       __class__: astropy.units.quantity.Quantity
#       unit: !astropy.units.Unit {unit: '%'}
#       value: !astropy.table.SerializedColumn {name: efficiency}
#     wavelength:
#       __class__: astropy.units.quantity.Quantity
#       unit: !astropy.units.Unit {unit: nm}
#       value: !astropy.table.SerializedColumn {name: wavelength}
# schema: astropy-2.0
wavelength efficiency
295.0 1.6082341621620477e-10
296.0 1.6082341621620477e-10
297.0 1.6082341621620477e-10
298.0 1.6082341621620477e-10
299.0 1.6082341621620477e-10
300.0 1.6082341621620477e-10
301.0 0.31122660730034113
302.0 1.6082341621620477e-10
303.0 1.6082341621620477e-10
304.0 0.09950080420821905
305.0 0.7513372227549553
306.0 1.7787868157029152
307.0 3.229019418358803
308.0 5.566474422812462
309.0 8.811886608600616
310.0 12.182886153459549
311.0 16.146831214427948
312.0 19.730445742607117
313.0 22.766879200935364
314.0 25.84443986415863
315.0 28.41678559780121
316.0 30.63337206840515
317.0 33.092352747917175
318.0 35.92378795146942
319.0 39.71305191516876
320.0 45.20204961299896
321.0 50.689077377319336
322.0 56.66700601577759
323.0 62.15253472328186
324.0 66.56329035758972
325.0 69.86802220344543
326.0 72.03904986381531
327.0 73.96625876426697
328.0 75.68801641464233
329.0 77.14980244636536
330.0 78.46065759658813
331.0 79.19629216194153
332.0 79.4293999671936
333.0 79.48405742645264
334.0 79.4503927230835
335.0 79.60771918296814
336.0 79.82974052429199
337.0 80.40428757667542
338.0 81.173175573349
339.0 81.8513035774231
340.0 82.25548267364502
341.0 82.72197246551514
342.0 83.03148746490479
343.0 83.05767178535461
344.0 83.19866061210632
345.0 83.63966345787048
346.0 83.91759395599365
347.0 84.22985672950745
348.0 84.50978398323059
349.0 84.77395176887512
350.0 84.78001952171326
351.0 85.01296639442444
352.0 84.79762077331543
353.0 84.89488959312439
354.0 84.71190929412842
355.0 84.95475053787231
356.0 85.09179353713989
357.0 85.0370466709137
358.0 84.66825485229492
359.0 84.44361686706543
360.0 84.35510396957397
361.0 84.06686782836914
362.0 83.85618329048157
363.0 84.00689363479614
364.0 84.13147926330566
365.0 84.41653251647949
366.0 84.61273312568665
367.0 84.72086787223816
368.0 84.75873470306396
369.0 84.81411337852478
370.0 84.63741540908813
371.0 84.43806767463684
372.0 84.45910215377808
373.0 84.59928035736084
374.0 84.62954759597778
375.0 84.93381142616272
376.0 85.02888083457947
377.0 85.10023951530457
378.0 85.16924381256104
379.0 84.88035202026367
380.0 84.20571088790894
381.0 82.8906774520874
382.0 81.06918931007385
383.0 79.11336421966553
384.0 76.97616815567017
385.0 74.65062737464905
386.0 72.15721011161804
387.0 68.79509687423706
388.0 65.48170447349548
389.0 61.4440381526947
390.0 57.33294486999512
391.0 53.02136540412903
392.0 48.56635332107544
393.0 44.77204978466034
394.0 41.454607248306274
395.0 37.926891446113586
396.0 34.23384130001068
397.0 29.26260232925415
398.0 23.548348248004913
399.0 16.717633605003357
400.0 10.592308640480042
401.0 5.804761499166489
402.0 2.5000721216201782
403.0 0.8102059364318848
404.0 0.2752383705228567
405.0 0.12319569941610098
406.0 0.029738314333371818
407.0 0.018102364265359938
408.0 0.0035305722121847793
409.0 1.6082341621620477e-10
410.0 1.6082341621620477e-10
411.0 1.6082341621620477e-10
412.0 1.6082341621620477e-10
413.0 1.6082341621620477e-10
414.0 1.6082341621620477e-10
415.0 1.6082341621620477e-10
416.0 1.6082341621620477e-10
417.0 1.6082341621620477e-10
418.0 1.6082341621620477e-10
419.0 1.6082341621620477e-10
420.0 1.6082341621620477e-10
421.0 1.6082341621620477e-10
422.0 1.6082341621620477e-10
423.0 1.6082341621620477e-10
424.0 1.6082341621620477e-10
425.0 1.6082341621620477e-10
426.0 0.003362606730661355
427.0 0.0014508619642583653
428.0 1.6082341621620477e-10
429.0 0.000425146208726801
430.0 0.0013111747648508754
431.0 1.6082341621620477e-10
432.0 1.6082341621620477e-10
433.0 1.6082341621620477e-10
434.0 1.6082341621620477e-10
435.0 1.6082341621620477e-10
436.0 1.6082341621620477e-10
437.0 1.6082341621620477e-10
438.0 1.6082341621620477e-10
439.0 1.6082341621620477e-10
440.0 1.6082341621620477e-10
441.0 1.6082341621620477e-10
442.0 1.6082341621620477e-10
443.0 1.6082341621620477e-10
444.0 0.00022225385691854171
445.0 1.6082341621620477e-10
446.0 1.6082341621620477e-10
447.0 1.6082341621620477e-10
448.0 1.6082341621620477e-10
449.0 1.6082341621620477e-10
450.0 1.6082341621620477e-10
451.0 1.6082341621620477e-10
452.0 0.0005166850769455777
453.0 0.0001678329567766923
454.0 1.6082341621620477e-10
455.0 1.6082341621620477e-10
456.0 1.6082341621620477e-10
457.0 1.6082341621620477e-10
458.0 0.0004186831574770622
459.0 1.6082341621620477e-10
460.0 1.6082341621620477e-10
461.0 1.6082341621620477e-10
462.0 0.0006461848897743039
463.0 0.0004487361366045661
464.0 0.0002512876562832389
465.0 1.6082341621620477e-10
466.0 1.6082341621620477e-10
467.0 1.6082341621620477e-10
468.0 1.6082341621620477e-10
469.0 1.6082341621620477e-10
470.0 1.6082341621620477e-10
471.0 4.589339255289815e-05
472.0 0.0008962370884546544
473.0 0.00028995102638873504
474.0 1.6082341621620477e-10
475.0 1.6082341621620477e-10
476.0 1.6082341621620477e-10
477.0 1.6082341621620477e-10
478.0 1.6082341621620477e-10
479.0 1.6082341621620477e-10
480.0 0.0004819836249225773
481.0 1.6082341621620477e-10
482.0 1.6082341621620477e-10
483.0 0.0001227904022016446
484.0 0.0007404298230540007
485.0 1.555980730927331e-05
486.0 1.6082341621620477e-10
487.0 1.6082341621620477e-10
488.0 1.6082341621620477e-10
489.0 1.6082341621620477e-10
490.0 1.6082341621620477e-10
491.0 1.6082341621620477e-10
492.0 1.6082341621620477e-10
493.0 1.6082341621620477e-10
494.0 1.6082341621620477e-10
495.0 1.6082341621620477e-10
496.0 1.6082341621620477e-10
497.0 1.6082341621620477e-10
498.0 1.6082341621620477e-10
499.0 1.6082341621620477e-10
500.0 1.6082341621620477e-10
501.0 1.6082341621620477e-10
502.0 1.6082341621620477e-10
503.0 1.6082341621620477e-10
504.0 0.0004173722118139267
505.0 8.653347549625323e-05
506.0 1.6082341621620477e-10
507.0 1.6082341621620477e-10
508.0 1.6082341621620477e-10
509.0 1.6082341621620477e-10
510.0 1.6082341621620477e-10
511.0 1.6082341621620477e-10
512.0 1.6082341621620477e-10
513.0 1.6082341621620477e-10
514.0 0.0002445450263621751
515.0 0.00017595759800315136
516.0 0.0001073700445886061
517.0 1.6082341621620477e-10
518.0 1.6082341621620477e-10
519.0 1.6082341621620477e-10
520.0 1.6082341621620477e-10
521.0 1.6082341621620477e-10
522.0 1.6082341621620477e-10
523.0 1.6082341621620477e-10
524.0 1.6082341621620477e-10
525.0 1.6082341621620477e-10
526.0 1.6082341621620477e-10
527.0 1.6082341621620477e-10
528.0 1.6082341621620477e-10
529.0 0.00010043319207397872
530.0 0.0003075291715504136
531.0 1.6082341621620477e-10
532.0 1.6082341621620477e-10
533.0 1.6082341621620477e-10
534.0 0.00026313416583434446
535.0 0.00012733788707919302
536.0 1.6082341621620477e-10
537.0 2.5379051749041537e-05
538.0 5.921630759075924e-05
539.0 6.780199868217096e-06
540.0 1.6082341621620477e-10
541.0 1.6082341621620477e-10
542.0 1.6082341621620477e-10
543.0 1.6082341621620477e-10
544.0 1.6082341621620477e-10
545.0 0.00020839504486502847
546.0 0.0007273005394381471
547.0 0.00017665287259660545
548.0 1.6082341621620477e-10
549.0 1.6082341621620477e-10
550.0 1.6082341621620477e-10
551.0 1.6082341621620477e-10
552.0 0.00010178198408539174
553.0 1.6082341621620477e-10
554.0 1.6082341621620477e-10
555.0 8.296651685668621e-05
556.0 0.00035352804843569174
557.0 0.00011885865660588024
558.0 1.6082341621620477e-10
559.0 1.6082341621620477e-10
560.0 1.6082341621620477e-10
561.0 1.6082341621620477e-10
562.0 1.6082341621620477e-10
563.0 0.00014083982478041435
564.0 0.0002959284756798297
565.0 8.205593076127116e-05
566.0 1.6082341621620477e-10
567.0 1.6082341621620477e-10
568.0 4.928215275867842e-05
569.0 0.0001382327013743634
570.0 0.00022718324999004835
571.0 0.00010725924539656262
572.0 1.6082341621620477e-10
573.0 9.870421990854084e-05
574.0 0.00021007324448873987
575.0 0.00016257290553767234
576.0 0.00011507264616739121
577.0 0.0003013026571352384
578.0 0.00048753272494650446
579.0 0.000749285209167283
580.0 0.0010110377843375318
581.0 0.0013346183550311252
582.0 0.0016581987438257784
583.0 0.0015283083484973758
584.0 0.0013984175893710926
585.0 0.0011022187209164258
586.0 0.0008060199434112292
587.0 0.0003998461124865571
588.0 1.6082341621620477e-10
589.0 0.0004447505489224568
590.0 0.0008958288162830286
591.0 0.0008492637789458968
592.0 0.000802698741608765
593.0 0.0007579463272122666
594.0 0.0007131939582905034
595.0 0.0009392659194418229
596.0 0.001165338107966818
597.0 0.0012174253242847044
598.0 0.0012695122677541804
599.0 0.001739706567605026
600.0 0.0022099007765064016
601.0 0.002639375816215761
602.0 0.0030688508559251204
603.0 0.0027026517273043282
604.0 0.0023364529624814168
605.0 0.0017773267245502211
606.0 0.0012182009413663764
607.0 0.0009117406989389565
608.0 0.0006052802746125963
609.0 0.0006348132501443615
610.0 0.0006643461347266566
611.0 0.0006498291440948378
612.0 0.000635312107988284
613.0 0.0006834872237959644
614.0 0.0007316623396036448
615.0 0.0007358416951319668
616.0 0.0007400208232866134
617.0 0.0006363814009091584
618.0 0.0005327418875822332
619.0 0.0005457629868033109
620.0 0.0005587839041254483
621.0 0.0006187999133544508
622.0 0.0006788157861592481
623.0 0.0006080613729864126
624.0 0.0005373068233893719
625.0 0.0007183651632658439
626.0 0.0008994235940917861
627.0 0.0008424037332588341
628.0 0.0007853839633753523
629.0 0.001127314772020327
630.0 0.0014692456716147717
631.0 0.0016956890249275602
632.0 0.0019221326510887593
633.0 0.0025827219360508025
634.0 0.0032433112210128456
635.0 0.003156526872771792
636.0 0.0030697428883286193
637.0 0.002354139360249974
638.0 0.0016385358321713284
639.0 0.0013935160495748278
640.0 0.0011484965398267377
641.0 0.0012276148481760174
642.0 0.0013067332474747673
643.0 0.0010832343832589686
644.0 0.0008597356099926401
645.0 0.0003768232090806123
646.0 1.6082341621620477e-10
647.0 3.5479746429700754e-05
648.0 0.0001770486164787144
649.0 0.0001780888851499185
650.0 0.00017912916518980637
651.0 0.00066362454163027
652.0 0.0011481200090202037
653.0 0.0011808911040134262
654.0 0.001213662289956119
655.0 0.0017143967852462083
656.0 0.002215131462435238
657.0 0.0025926970920409076
658.0 0.0029702629035455175
659.0 0.0034419070289004594
660.0 0.003913550972356461
661.0 0.003493104668450542
662.0 0.0030726583645446226
663.0 0.0024972270693979226
664.0 0.0019217955923522823
665.0 0.0015006117791926954
666.0 0.0010794279660331085
667.0 0.001223570689035114
668.0 0.001367713321087649
669.0 0.0011040232493542135
670.0 0.000840333268570248
671.0 0.0007534822998422896
672.0 0.0006666312856395962
673.0 0.0006206331363500794
674.0 0.0005746351689595031
675.0 0.0009543896339891944
676.0 0.0013341440535441507
677.0 0.0017128691979451105
678.0 0.0020915942513966
679.0 0.0024916440452216193
680.0 0.0028916938390466385
681.0 0.0040858631109585986
682.0 0.005280031473375857
683.0 0.007012904097791761
684.0 0.008745775994611904
685.0 0.009765525464899838
686.0 0.010785276390379295
687.0 0.0093811126134824
688.0 0.00797695029177703
689.0 0.0062674167566001415
690.0 0.004557882857625373
691.0 0.003976648804382421
692.0 0.003395415478735231
693.0 0.0029612097932840697
694.0 0.0025270041078329086
695.0 0.0019043611246161163
696.0 0.0012817183232982643
697.0 0.001021574189508101
698.0 0.0007614302830916131
699.0 0.0006534081876452547
700.0 0.0005453860921988962
701.0 0.0006164624664961593
702.0 0.0006875387953186873
703.0 0.0005211510597291635
704.0 0.0003547632559275371
705.0 0.0006571287485712674
706.0 0.0009594942639523651
707.0 0.000984519374469528
708.0 0.0010095444849866908
709.0 0.0009637528819439467
710.0 0.0009179613698506728
711.0 0.0007032768280623714
712.0 0.0004885921953245997
713.0 0.0004818101388082141
714.0 0.00047502808229182847
715.0 0.0004048119535582373
716.0 0.00033459593851148384
717.0 0.0004900474323221715
718.0 0.0006454988579207566
719.0 0.0005167959443497239
720.0 0.00038809316720289644
721.0 0.00021690061657864135
722.0 4.570793521452288e-05
723.0 0.0001718091994007409
724.0 0.0002979105147460359
725.0 0.00019679309843922965
726.0 9.567556844558567e-05
727.0 0.0002786201775961672
728.0 0.00046156460484780837
729.0 0.0005089515980216675
730.0 0.0005563385911955265
731.0 0.00041749608499230817
732.0 0.00027865366973856
733.0 0.00038023961224098457
734.0 0.00048182560021814425
735.0 0.0004247907781973481
736.0 0.0003677559107018169
737.0 0.0003746809625226888
738.0 0.0003816059688688256
739.0 0.0005199079623707803
740.0 0.000658209955872735
741.0 0.0010765110346255824
742.0 0.0014948121133784298
743.0 0.0022575919501832686
744.0 0.0030203716960386373
745.0 0.003921274401363917
746.0 0.004822176924790256
747.0 0.004612466727849096
748.0 0.004402756167110056
749.0 0.004212779458612204
750.0 0.004022802386316471
751.0 0.003241721060476266
752.0 0.00246063937083818
753.0 0.002288614086864982
754.0 0.0021165882571949624
755.0 0.002075324118777644
756.0 0.002034060344158206
757.0 0.0020383178707561456
758.0 0.0020425752154551446
759.0 0.001613731001270935
760.0 0.0011848868780361954
761.0 0.000978666685114149
762.0 0.000772446674091043
763.0 0.0007057033144519664
764.0 0.0006389601821865654
765.0 0.00041023095036507584
766.0 0.00018150175264963764
767.0 0.00022913388875167584
768.0 0.0002767659907476627
769.0 0.0005090450031275395
770.0 0.000741324083719519
771.0 0.000820569766801782
772.0 0.0008998155863082502
773.0 0.0008013981641852297
774.0 0.0007029807420622092
775.0 0.0007474348876712611
776.0 0.0007918892151792534
777.0 0.0007122192528186133
778.0 0.0006325493814074434
779.0 0.0008548458026780281
780.0 0.0010771422239486128
781.0 0.001106276613427326
782.0 0.0011354110029060394
783.0 0.000978057232714491
784.0 0.0008207034625229426
785.0 0.0011493418242025655
786.0 0.0014779801858821884
787.0 0.0012438033081707545
788.0 0.001009626703307731
789.0 0.001013755172607489
790.0 0.0010178836419072468
791.0 0.0005817180863232352
792.0 0.00014555242842106964
793.0 0.0004023049768875353
794.0 0.0006590576958842576
795.0 0.0005259701538307127
796.0 0.00039288265725190286
797.0 0.0003674336085168761
798.0 0.00034198444609501166
799.0 0.00014348214563142392
800.0 1.6082341621620477e-10
801.0 1.6082341621620477e-10
802.0 1.6082341621620477e-10
803.0 1.6082341621620477e-10
804.0 1.6082341621620477e-10
805.0 9.552312576488475e-05
806.0 0.00024184307676478056
807.0 0.000300901547234389
808.0 0.000359960040441365
809.0 0.0003138066858809907
810.0 0.00026765328584588133
811.0 0.00013654704389409744
812.0 5.440762151920353e-06
813.0 1.6082341621620477e-10
814.0 1.6082341621620477e-10
815.0 0.0001242335429196828
816.0 0.0005009001142752822
817.0 0.0005619344847218599
818.0 0.0006229689461179078
819.0 0.0003514656100378488
820.0 7.996240469765326e-05
821.0 4.7524608248750155e-06
822.0 1.6082341621620477e-10
823.0 1.6082341621620477e-10
824.0 1.6082341621620477e-10
825.0 1.6082341621620477e-10
826.0 1.6082341621620477e-10
827.0 1.6082341621620477e-10
828.0 1.6082341621620477e-10
829.0 1.6082341621620477e-10
830.0 1.6082341621620477e-10
831.0 1.6082341621620477e-10
832.0 6.665400178462733e-05
833.0 6.544473762915004e-05
834.0 6.423545073630521e-05
835.0 8.69132406933204e-05
836.0 0.00010959099654428428
837.0 1.6082341621620477e-10
838.0 1.6082341621620477e-10
839.0 1.6082341621620477e-10
840.0 1.6082341621620477e-10
841.0 1.6082341621620477e-10
842.0 1.6082341621620477e-10
843.0 1.6082341621620477e-10
844.0 0.00016316080291289836
845.0 0.000237113022194535
846.0 0.0003110653096882743
847.0 0.00016446223298771656
848.0 1.7859079548543377e-05
849.0 0.00017340992144454503
850.0 0.0003289607775514014
851.0 0.000462598609374254
852.0 0.0005962364866718417
853.0 0.0002471915422574966
854.0 1.6082341621620477e-10
855.0 0.0001662152726567001
856.0 0.0004342838565207785
857.0 0.000541973076906288
858.0 0.0006496624337160029
859.0 0.0007830755748727825
860.0 0.0009164885341306217
861.0 0.0011423871910665184
862.0 0.0013682854842045344
863.0 0.0016217298252740875
864.0 0.0018751741663436405
865.0 0.0015534867998212576
866.0 0.0012317995242483448
867.0 0.0014435488992603496
868.0 0.0016552981833228841
869.0 0.0015925026673357934
870.0 0.0015297069694497623
871.0 0.001599823372089304
872.0 0.0016699395928299055
873.0 0.0021933346943114884
874.0 0.0027167299776920117
875.0 0.0024819089958327822
