lsstCam/transmission_filter_detector/r33_s12/u_24/19700101T000000.ecsv
# %ECSV 1.0
# ---
# datatype:
# - {name: wavelength, unit: nm, datatype: float32}
# - {name: efficiency, unit: '%', datatype: float64}
# meta: !!omap
# - {MODE: DETECTOR}
# - {TYPE: transmission_filter_detector}
# - {CALIBDATE: '1970-01-01T00:00:00'}
# - {INSTRUME: LSSTCam}
# - {OBSTYPE: transmission_filter_detector}
# - {CALIBCLS: lsst.ip.isr.IntermediateFilterDetectorTransmissionCurve}
# - {SOURCE: Materion (DM-46256)}
# - {DETECTOR: 149}
# - {FILTER: u_24}
# - {CALIB_ID: 'calibDate=1970-01-01T00:00:00 filter=u_24 detector=149'}
# - {DATE: '2025-04-02T15:59:40.440455'}
# - {CALIB_CREATION_DATE: '2025-04-02'}
# - {CALIB_CREATION_TIME: '15:59:40'}
# - __serialized_columns__:
#     efficiency:
#       __class__: astropy.units.quantity.Quantity
#       unit: !astropy.units.Unit {unit: '%'}
#       value: !astropy.table.SerializedColumn {name: efficiency}
#     wavelength:
#       __class__: astropy.units.quantity.Quantity
#       unit: !astropy.units.Unit {unit: nm}
#       value: !astropy.table.SerializedColumn {name: wavelength}
# schema: astropy-2.0
wavelength efficiency
[from data line 582]
877.0 0.0025033181373146363
878.0 0.002759548988251481
879.0 0.002999014213855844
880.0 0.003238479985157028
881.0 0.003166254100506194
882.0 0.00309402821585536
883.0 0.002993735506606754
884.0 0.0028934422516613267
885.0 0.0027433734430815093
886.0 0.0025933048164006323
887.0 0.002276971827086527
888.0 0.0019606388377724215
889.0 0.0023180800781119615
890.0 0.002675521500350442
891.0 0.0028764088710886426
892.0 0.003077296423725784
893.0 0.0032332929549738765
894.0 0.0033892887586262077
895.0 0.0037170586438151076
896.0 0.004044828529004008
897.0 0.003997300882474519
898.0 0.00394977287214715
899.0 0.003941258910344914
900.0 0.003932745676138438
901.0 0.003970842954004183
902.0 0.0040089402318699285
903.0 0.00406706276407931
904.0 0.004125184932490811
905.0 0.004901945794699714
906.0 0.005678706293110736
907.0 0.005747691466240212
908.0 0.005816676275571808
909.0 0.0060023434343747795
910.0 0.006188011320773512
911.0 0.006127225060481578
912.0 0.006066439163987525
913.0 0.005649501690641046
914.0 0.005232563853496686
915.0 0.004876158345723525
916.0 0.004519752474152483
917.0 0.0044007036194670945
918.0 0.004281654400983825
919.0 0.004380336031317711
920.0 0.004479018025449477
921.0 0.0046159511839505285
922.0 0.0047528836148558185
923.0 0.0052050880185561255
924.0 0.005657292058458552
925.0 0.006057442806195468
926.0 0.006457592826336622
927.0 0.006734825728926808
928.0 0.007012058631516993
929.0 0.007187660958152264
930.0 0.0073632647399790585
931.0 0.007209863542811945
932.0 0.0070564638008363545
933.0 0.007193421333795413
934.0 0.007330378139158711
935.0 0.007189820462372154
936.0 0.00704926424077712
937.0 0.006823762669228017
938.0 0.006598261097678915
939.0 0.0066110042098443955
940.0 0.006623747322009876
941.0 0.006029071664670482
942.0 0.005434396371128969
943.0 0.004759920921060257
944.0 0.004085445470991544
945.0 0.003380570706212893
946.0 0.002675695941434242
947.0 0.002275022052344866
948.0 0.0018743476175586693
949.0 0.0016268499166471884
950.0 0.001379352033836767
951.0 0.0014156572433421388
952.0 0.0014519623618980404
953.0 0.0015762008843012154
954.0 0.0017004394976538606
955.0 0.001938791319844313
956.0 0.0021771427782368846
957.0 0.0023398128178087063
958.0 0.0025024830392794684
959.0 0.0028430649763322435
960.0 0.003183646549587138
961.0 0.003667357304948382
962.0 0.0041510676965117455
963.0 0.004252574217389338
964.0 0.004354080374469049
965.0 0.004535633706836961
966.0 0.004717187039204873
967.0 0.004560989327728748
968.0 0.0044047916162526235
969.0 0.00454992514278274
970.0 0.004695058669312857
971.0 0.004719946809927933
972.0 0.004744834950543009
973.0 0.0047874596930341795
974.0 0.00483008443552535
975.0 0.004673416697187349
976.0 0.004516748958849348
977.0 0.004022559369332157
978.0 0.0035283694160170853
979.0 0.003275597555330023
980.0 0.0030228253308450803
981.0 0.003059489608858712
982.0 0.0030961538868723437
983.0 0.0028058100724592805
984.0 0.0025154668037430383
985.0 0.0028102957003284246
986.0 0.003105124778812751
987.0 0.00344894033332821
988.0 0.0037927558878436685
989.0 0.004606824222719297
990.0 0.005420892557594925
991.0 0.005819657235406339
992.0 0.006218423368409276
993.0 0.006966920045670122
994.0 0.007715415995335206
995.0 0.007862747588660568
996.0 0.00801007918198593
997.0 0.007759830623399466
998.0 0.007509582792408764
999.0 0.007048283441690728
1000.0 0.006586982635781169
1001.0 0.0060335245507303625
1002.0 0.005480065010488033
1003.0 0.005189677176531404
1004.0 0.004899289342574775
1005.0 0.004909283961751498
1006.0 0.004919278944726102
1007.0 0.004829564932151698
1008.0 0.0047398516471730545
1009.0 0.00449956496595405
1010.0 0.004259278648532927
1011.0 0.003758016464416869
1012.0 0.0032567539165029302
1013.0 0.003033862230950035
1014.0 0.0028109703634981997
1015.0 0.002318718907190487
1016.0 0.0018264676327817142
1017.0 0.0017316762750851922
1018.0 0.0016368852811865509
1019.0 0.0015224904018396046
1020.0 0.0014080955224926583
1021.0 0.001287402119487524
1022.0 0.0011667087164823897
1023.0 0.0012504281585279386
1024.0 0.0013341476005734876
1025.0 0.0012901420632260852
1026.0 0.001246136616828153
1027.0 0.0015274910765583627
1028.0 0.0018088456272380427
1029.0 0.0019388720829738304
1030.0 0.002068899084406439
1031.0 0.002102478174492717
1032.0 0.002136057628376875
1033.0 0.002253462662338279
1034.0 0.002370867514400743
1035.0 0.0020705063434434123
1036.0 0.0017701449905871414
1037.0 0.0022084101146901958
1038.0 0.0026466754206921905
1039.0 0.0022688323952024803
1040.0 0.0018909891878138296
1041.0 0.002022200897044968
1042.0 0.002153412606276106
1043.0 0.0021212934370851144
1044.0 0.0020891740859951824
1045.0 0.0019393532056710683
1046.0 0.0017895319615490735
1047.0 0.0019972068912466057
1048.0 0.0022048816390451975
1049.0 0.001768104084476363
1050.0 0.0013313264389580581
1051.0 0.0012000610695395153
1052.0 0.0010687957001209725
1053.0 0.0011546452697075438
1054.0 0.0012404945664457045
1055.0 0.0012614611478056759
1056.0 0.0012824275472667068
1057.0 0.0009135090294876136
1058.0 0.0005445906936074607
1059.0 0.0008226398676924873
1060.0 0.001100689041777514
1061.0 0.0011984187040070537
1062.0 0.0012961484571860638
1063.0 0.001132411853177473
1064.0 0.0009686755220172927
1065.0 0.0016031102859415114
1066.0 0.00223754504986573
1067.0 0.0019930110283894464
1068.0 0.0017484771888121031
1069.0 0.002156662776542362
1070.0 0.002564848546171561
1071.0 0.002887531627493445
1072.0 0.0032102147088153288
1073.0 0.0026848409106605686
1074.0 0.002159467294404749
1075.0 0.002538520857342519
1076.0 0.0029175746021792293
1077.0 0.0034451983083272353
1078.0 0.003972822378273122
1079.0 0.004688627814175561
1080.0 0.005404433613875881
1081.0 0.005152256926521659
1082.0 0.004900078783975914
1083.0 0.004635299046640284
1084.0 0.00437051712651737
1085.0 0.00491093669552356
1086.0 0.00545135626452975
1087.0 0.003976140942540951
1088.0 0.002500926530046854
1089.0 0.0037241716199787334
1090.0 0.004947416891809553
1091.0 0.005085935117676854
1092.0 0.005224454071139917
1093.0 0.004705962783191353
1094.0 0.0041874725866364315
1095.0 0.004028894181828946
1096.0 0.003870316140819341
1097.0 0.00406769904657267
1098.0 0.004265081588528119
1099.0 0.003733811536221765
1100.0 0.003202541483915411
