lsstCam/transmission_filter_detector/r03_s00/y_10/19700101T000000.ecsv
# %ECSV 1.0
# ---
# datatype:
# - {name: wavelength, unit: nm, datatype: float32}
# - {name: efficiency, unit: '%', datatype: float64}
# meta: !!omap
# - {MODE: DETECTOR}
# - {TYPE: transmission_filter_detector}
# - {CALIBDATE: '1970-01-01T00:00:00'}
# - {INSTRUME: LSSTCam}
# - {OBSTYPE: transmission_filter_detector}
# - {CALIBCLS: lsst.ip.isr.IntermediateFilterDetectorTransmissionCurve}
# - {SOURCE: Materion (DM-46256)}
# - {DETECTOR: 18}
# - {FILTER: y_10}
# - {CALIB_ID: 'calibDate=1970-01-01T00:00:00 filter=y_10 detector=18'}
# - {DATE: '2025-04-02T15:59:50.823922'}
# - {CALIB_CREATION_DATE: '2025-04-02'}
# - {CALIB_CREATION_TIME: '15:59:50'}
# - __serialized_columns__:
#     efficiency:
#       __class__: astropy.units.quantity.Quantity
#       unit: !astropy.units.Unit {unit: '%'}
#       value: !astropy.table.SerializedColumn {name: efficiency}
#     wavelength:
#       __class__: astropy.units.quantity.Quantity
#       unit: !astropy.units.Unit {unit: nm}
#       value: !astropy.table.SerializedColumn {name: wavelength}
# schema: astropy-2.0
wavelength efficiency
300.0 0.525914179161191
301.0 0.2867657458409667
302.0 0.04761729505844414
303.0 0.03903401084244251
304.0 0.030450732447206974
305.0 0.02063549472950399
306.0 0.010820253373822197
307.0 0.016325508477166295
308.0 0.02183076285291463
309.0 0.01659608824411407
310.0 0.011361412180121988
311.0 0.009789696923689917
312.0 0.008217980939662084
313.0 0.008154933311743662
314.0 0.00809188568382524
315.0 0.007141783135011792
316.0 0.006191682041389868
317.0 0.0054315860325004905
318.0 0.004671485294238664
319.0 0.0026891293600783683
320.0 0.0007067721981002251
321.0 0.002590371332189534
322.0 0.004473971057450399
323.0 0.0034409735235385597
324.0 0.0024079765353235416
325.0 0.000800221550889546
326.0 1.7283993247046991e-10
327.0 0.0005912587312195683
328.0 0.0019900511688319966
329.0 0.003809094414464198
330.0 0.005628137296298519
331.0 0.004978859942639247
332.0 0.004329582225182094
333.0 0.003016101436514873
334.0 0.0017026201021508314
335.0 0.0018535392882768065
336.0 0.0020044590200996026
337.0 0.002686101470317226
338.0 0.0033677435567369685
339.0 0.0016731997675378807
340.0 1.7283993247046991e-10
341.0 1.7283993247046991e-10
342.0 1.7283993247046991e-10
343.0 0.00029252942113089375
344.0 0.0009676463378127664
345.0 0.0013331004993233364
346.0 0.0016985552065307274
347.0 0.0018022941731032915
348.0 0.001906032775877975
349.0 0.0014741338418389205
350.0 0.0010422346349514555
351.0 0.0012961169886693824
352.0 0.0015499988876399584
353.0 0.0014056359759706538
354.0 0.0012612730643013492
355.0 0.0012214350135764107
356.0 0.0011815970538009424
357.0 0.0009146779120783322
358.0 0.0006477585884567816
359.0 0.0007189731604739791
360.0 0.0007901877324911766
361.0 0.0011251021533098537
362.0 0.0014600163922295906
363.0 0.0011581821127037983
364.0 0.0008563473784306552
365.0 0.0011792505574703682
366.0 0.0015021542822069023
367.0 0.0019962957594543695
368.0 0.0024904371457523666
369.0 0.0022615362468059175
370.0 0.0020326353478594683
371.0 0.0019828517906717025
372.0 0.0019330682334839366
373.0 0.0023698730728938244
374.0 0.0028066780942026526
375.0 0.0034819204302038997
376.0 0.004157162766205147
377.0 0.004036687096231617
378.0 0.003916211426258087
379.0 0.0034692478948272765
380.0 0.0030222847271943465
381.0 0.0020884026525891386
382.0 0.0011545203960849904
383.0 0.0011296834600216243
384.0 0.0011048462511098478
385.0 0.0008845472621032968
386.0 0.000664248364046216
387.0 0.0007394685326289618
388.0 0.000814688883110648
389.0 0.0006278982255025767
390.0 0.0004411077497934457
391.0 0.0003635087068687426
392.0 0.0002859097094187746
393.0 0.0005069563940196531
394.0 0.000728003260519472
395.0 0.0007073381311784033
396.0 0.0006866730927868048
397.0 0.0008468134183203802
398.0 0.0010069536983792204
399.0 0.0012896119187644217
400.0 0.0015722702300990932
401.0 0.001620627153897658
402.0 0.0016689842595951632
403.0 0.0017408980056643486
404.0 0.001812811751733534
405.0 0.0017833679521572776
406.0 0.0017539243344799615
407.0 0.0015312729374272749
408.0 0.0013086217222735286
409.0 0.0009990541911975015
410.0 0.0006894862508488586
411.0 0.00029943735171400476
412.0 1.7283993247046991e-10
413.0 0.0006685176231258083
414.0 0.0014276467481977306
415.0 0.0020730143660330214
416.0 0.0027183821657672524
417.0 0.00123587014968507
418.0 1.7283993247046991e-10
419.0 1.7283993247046991e-10
420.0 1.7283993247046991e-10
421.0 0.00020696636511274846
422.0 0.000915555028768722
423.0 0.0008992684342956636
424.0 0.0008829815669741947
425.0 9.823754680837737e-05
426.0 1.7283993247046991e-10
427.0 1.7283993247046991e-10
428.0 0.00017853886902230443
429.0 2.9570165338554943e-05
430.0 1.7283993247046991e-10
431.0 0.0004910357802145882
432.0 0.0011014702977263369
433.0 0.0008754419468459673
434.0 0.0006494140052382136
435.0 0.0001861145960901922
436.0 1.7283993247046991e-10
437.0 1.7283993247046991e-10
438.0 1.7283993247046991e-10
439.0 1.7283993247046991e-10
440.0 1.7283993247046991e-10
441.0 1.7283993247046991e-10
442.0 1.7283993247046991e-10
443.0 1.7283993247046991e-10
444.0 1.7283993247046991e-10
445.0 1.7283993247046991e-10
446.0 0.00019761978364840616
447.0 0.0005658145710185636
448.0 0.0009340092219645157
449.0 0.0007693380212003831
450.0 0.0006046665475878399
451.0 0.00023662817056901986
452.0 1.7283993247046991e-10
453.0 1.7283993247046991e-10
454.0 1.7283993247046991e-10
455.0 1.7283993247046991e-10
456.0 1.7283993247046991e-10
457.0 1.7283993247046991e-10
458.0 0.00011110497553090681
459.0 0.0001345389250673179
460.0 0.00015797301102793426
461.0 0.00020993486486986512
462.0 0.0002618967528178473
463.0 0.00041083771975536365
464.0 0.0005597786639555125
465.0 0.0006204357759997947
466.0 0.000681092888044077
467.0 0.0010859766916837543
468.0 0.0014908602679497562
469.0 0.0015365170838776976
470.0 0.0015821731722098775
471.0 0.0016511343346792273
472.0 0.0017200954971485771
473.0 0.0024311830202350393
474.0 0.003142270725220442
475.0 0.002973500704683829
476.0 0.0028047308660461567
477.0 0.0030928928026696667
478.0 0.0033810545573942363
479.0 0.003895784175256267
480.0 0.004410514156916179
481.0 0.004390430331113748
482.0 0.004370346141513437
483.0 0.0038051970477681607
484.0 0.003240047226427123
485.0 0.0034543820220278576
486.0 0.003668716090032831
487.0 0.003147685856674798
488.0 0.0026266554414178245
489.0 0.0022441248802351765
490.0 0.0018615948647493497
491.0 0.0016162161045940593
492.0 0.0013708372534892987
493.0 0.0010841511539183557
494.0 0.0007974653271958232
495.0 0.0010572527571639512
496.0 0.0013170404599804897
497.0 0.0017833765014074743
498.0 0.002249712633783929
499.0 0.0022269832697929814
500.0 0.0022042537239030935
501.0 0.00215522031794535
502.0 0.002106187093886547
503.0 0.002414874506939668
504.0 0.0027235619199927896
505.0 0.003194811870343983
506.0 0.003666061456897296
507.0 0.0025677740268292837
508.0 0.0014694857782160398
509.0 0.0017642481907387264
510.0 0.002059010148514062
511.0 0.0020073415726074018
512.0 0.0019556729967007414
513.0 0.0019024733774131164
514.0 0.0018492741219233721
515.0 0.0015458987036254257
516.0 0.0012425231034285389
517.0 0.0013642222256748937
518.0 0.0014859209841233678
519.0 0.0015213579899864271
520.0 0.0015567946320516057
521.0 0.0016328011042787693
522.0 0.0017088073946069926
523.0 0.0015734167391201481
524.0 0.0014380259926838335
525.0 0.001879319825093262
526.0 0.0023206142941489816
527.0 0.002386544474575203
528.0 0.0024524753825971857
529.0 0.002700423283386044
530.0 0.0029483711841749027
531.0 0.002779885289783124
532.0 0.0026113992134924047
533.0 0.0026024817998404615
534.0 0.002593563658592757
535.0 0.002117688381986227
536.0 0.0016418129234807566
537.0 0.002213082007074263
538.0 0.0027843510906677693
539.0 0.0032962969271466136
540.0 0.003808242399827577
541.0 0.004031842763652094
542.0 0.00425544312747661
543.0 0.004330473529989831
544.0 0.004405503932503052
545.0 0.004574894774123095
546.0 0.004744285615743138
547.0 0.0039766895497450605
548.0 0.003209093483746983
549.0 0.003048116195714101
550.0 0.002887138725782279
551.0 0.0026583515136735514
552.0 0.002429563937766943
553.0 0.003037063288502395
554.0 0.003644562093541026
555.0 0.0035855500755133107
556.0 0.0035265380574855953
557.0 0.0035017303162021562
558.0 0.003476922574918717
559.0 0.003422621011850424
560.0 0.003368319812580012
561.0 0.0034686159779084846
562.0 0.003568911415641196
563.0 0.003192181611666456
564.0 0.002815451989590656
565.0 0.0035755259887082502
566.0 0.004335600169724785
567.0 0.004740038639283739
568.0 0.005144477108842693
569.0 0.0058451340009924024
570.0 0.006545791984535754
571.0 0.0067176777520217
572.0 0.0068895635195076466
573.0 0.006896987179061398
574.0 0.006904411566210911
575.0 0.006594366277568042
576.0 0.006284321716520935
577.0 0.005643428448820487
578.0 0.0050025359087157995
579.0 0.005568273991229944
580.0 0.006134012073744088
581.0 0.006741647666785866
582.0 0.007349282532231882
583.0 0.008623798930784687
584.0 0.009898312418954447
585.0 0.010375606507295743
586.0 0.010852900595637038
587.0 0.010630890028551221
588.0 0.010408876551082358
589.0 0.010372755787102506
590.0 0.010336637933505699
591.0 0.009613273869035766
592.0 0.00888990907697007
593.0 0.007151461613830179
594.0 0.005413017061073333
595.0 0.005400911322794855
596.0 0.005388805948314257
597.0 0.005920540570514277
598.0 0.006452275556512177
599.0 0.0077132142905611545
600.0 0.00897415229701437
601.0 0.009268302528653294
602.0 0.009562450577504933
603.0 0.010389444651082158
604.0 0.011216440907446668
605.0 0.01117299689212814
606.0 0.011129551421618089
607.0 0.009622164361644536
608.0 0.008114780212054029
609.0 0.006425392348319292
610.0 0.004736005575978197
611.0 0.004010722113889642
612.0 0.003285438651801087
613.0 0.0037030851672170684
614.0 0.004120730955037288
615.0 0.004677394827012904
616.0 0.005234059790382162
617.0 0.006394815864041448
618.0 0.0075555719377007335
619.0 0.008565579628339037
620.0 0.009575587318977341
621.0 0.010564679541857913
622.0 0.011553771037142724
623.0 0.01149794552475214
624.0 0.011442117829574272
625.0 0.010069025302072987
626.0 0.008695931319380179
627.0 0.007016589370323345
628.0 0.005337244874681346
629.0 0.0042900603148154914
630.0 0.0032428761187475175
631.0 0.0028259208193048835
632.0 0.0024089649741654284
633.0 0.002580801083240658
634.0 0.002752637374214828
635.0 0.0031081443012226373
636.0 0.003463650864432566
637.0 0.004223094219923951
638.0 0.004982537211617455
639.0 0.004959802026860416
640.0 0.004937066478305496
641.0 0.005390907608671114
642.0 0.005844748375238851
643.0 0.0054229272791417316
644.0 0.005001105819246732
645.0 0.004597873703460209
646.0 0.004194641223875806
647.0 0.0035569450119510293
648.0 0.0029192489819251932
649.0 0.0021471239961101674
650.0 0.001374998737446731
651.0 0.001468617938371608
652.0 0.001562237594043836
653.0 0.0015143839846132323
654.0 0.0014665303751826286
655.0 0.0014982341781433206
656.0 0.001529938163002953
657.0 0.0016027719539124519
658.0 0.0016756057448219508
659.0 0.0017168669728562236
660.0 0.0017581282008904964
661.0 0.001776801400410477
662.0 0.0017954744180315174
663.0 0.00238549655477982
664.0 0.002975518691528123
665.0 0.00354956864612177
666.0 0.004123618782614358
667.0 0.004687819819082506
668.0 0.005252019400359131
669.0 0.005587212581303902
670.0 0.005922402488067746
671.0 0.006396816752385348
672.0 0.00687123101670295
673.0 0.007848871609894559
674.0 0.008826512203086168
675.0 0.008223003533203155
676.0 0.007619497046107426
677.0 0.006199852941790596
678.0 0.004780208473675884
679.0 0.0032028325222199783
680.0 0.001625457480258774
681.0 0.0007963478310557548
682.0 1.7283993247046991e-10
683.0 0.0003272891490269103
684.0 0.0006873403435747605
685.0 0.0003328992534079589
686.0 1.7283993247046991e-10
687.0 4.0428156466987275e-05
688.0 0.00010239814400847536
689.0 0.00022817948774900287
690.0 0.000353960899701633
691.0 0.00042005431168945506
692.0 0.00048614770093990956
693.0 0.0003830065907095559
694.0 0.0002798654122670996
695.0 0.00048532465370954014
696.0 0.0006907839633640833
697.0 0.000646926719127805
698.0 0.0006030694748915266
699.0 0.0005376548870117404
700.0 0.00047224011723301373
701.0 0.00026030018034362
702.0 4.836030598198704e-05
703.0 0.00018320805565963383
704.0 0.0003180558223903063
705.0 0.0004572490524878958
706.0 0.0005964421234239126
707.0 8.485855005346821e-05
708.0 1.7283993247046991e-10
709.0 1.7283993247046991e-10
710.0 1.7283993247046991e-10
711.0 0.00026721929771156283
712.0 0.0005528169367607916
713.0 0.00030161709219100885
714.0 5.0417247621226124e-05
715.0 0.0002408841055512312
716.0 0.00043135091800650116
717.0 0.0003636698920672643
718.0 0.0002959888433906599
719.0 0.0004160051958024269
720.0 0.0005360213890526211
721.0 0.00034743393371172715
722.0 0.00015884645563346567
723.0 0.00022366562006936874
724.0 0.00028848485271737445
725.0 0.0004154233010922326
726.0 0.0005423619313660311
727.0 0.00035071420825261157
728.0 0.00015906671251286753
729.0 0.00026078973860421684
730.0 0.00036251292385713896
731.0 0.0005792706815554993
732.0 0.0007960285984154325
733.0 0.00030499779768433655
734.0 1.7283993247046991e-10
735.0 1.7283993247046991e-10
736.0 1.7283993247046991e-10
737.0 0.00024672781364643015
738.0 0.0008198919204005506
739.0 0.0004687272394221509
740.0 0.00011756225148928934
741.0 7.170939397838083e-05
742.0 2.5856556362668925e-05
743.0 1.7283993247046991e-10
744.0 1.7283993247046991e-10
745.0 0.0004173373326921137
746.0 0.0008976592653198168
747.0 0.00038435541682702024
748.0 1.7283993247046991e-10
749.0 1.7283993247046991e-10
750.0 1.7283993247046991e-10
751.0 1.7283993247046991e-10
752.0 1.7283993247046991e-10
753.0 0.0001459508553125488
754.0 0.0002982304977194872
755.0 1.7283993247046991e-10
756.0 1.7283993247046991e-10
757.0 1.7283993247046991e-10
758.0 1.7283993247046991e-10
759.0 0.00022272922706179088
760.0 0.0007662639291083906
761.0 0.000355777387994749
762.0 1.7283993247046991e-10
763.0 1.7283993247046991e-10
764.0 1.7283993247046991e-10
765.0 1.7283993247046991e-10
766.0 0.00033246394650632283
767.0 1.7283993247046991e-10
768.0 1.7283993247046991e-10
769.0 1.7283993247046991e-10
770.0 1.7283993247046991e-10
771.0 1.7283993247046991e-10
772.0 1.7283993247046991e-10
773.0 0.0002037810190813616
774.0 0.0006899585969222244
775.0 0.00034594995668157935
776.0 1.941231353441708e-06
777.0 0.00015976535223671817
778.0 0.00031758950171933975
779.0 0.0005201257863518549
780.0 0.0007226621164591052
781.0 0.0007159894721553428
782.0 0.0007093168278515805
783.0 0.0006011801815475337
784.0 0.0004930436716676923
785.0 0.00025228343929484254
786.0 1.1522936205210499e-05
787.0 0.0005541834980249405
788.0 0.0010968440619762987
789.0 0.0009965221579477657
790.0 0.0008962002539192326
791.0 0.0006295671028055949
792.0 0.00036293376979301684
793.0 0.0005805668024549959
794.0 0.0007981995622685645
795.0 0.0009407602192368358
796.0 0.001083320785255637
797.0 0.0004918757895211456
798.0 1.7283993247046991e-10
799.0 0.00041482066990283784
800.0 0.0009292104550695512
801.0 0.0006008216587360948
802.0 0.00027243277145316824
803.0 0.0004909035851596855
804.0 0.0007093743079167325
805.0 0.0009478986612521112
806.0 0.0011864229236380197
807.0 0.0007406667918985477
808.0 0.00029491072837117827
809.0 7.709347755735507e-05
810.0 1.7283993247046991e-10
811.0 5.0611555479918025e-05
812.0 0.00024194689558498794
813.0 0.0007345429821725702
814.0 0.00122713909149752
815.0 0.0011820004147011787
816.0 0.0011368611922080163
817.0 0.0009917373972712085
818.0 0.0008466136932838708
819.0 0.0009232798220182303
820.0 0.00099994604170206
821.0 0.0008602853995398618
822.0 0.0007206247573776636
823.0 0.0006890419626870425
824.0 0.0006574593498953618
825.0 0.0006052618573448854
826.0 0.0005530644557438791
827.0 0.0006483709967142204
828.0 0.0007436775831592968
829.0 0.0003718675316122244
830.0 5.7506810424712285e-08
831.0 5.7959010746344575e-05
832.0 0.00011586072332647745
833.0 0.0004319030722399475
834.0 0.0007479454325221013
835.0 0.00011851294630105258
836.0 1.7283993247046991e-10
837.0 1.7283993247046991e-10
838.0 0.00023154514110501623
839.0 0.0006264814601308899
840.0 0.001021417756419396
841.0 0.0012347311894700397
842.0 0.001448044440621743
843.0 0.0010623248272167984
844.0 0.0006766048500139732
845.0 0.0005962346676824382
846.0 0.000515864439876168
847.0 0.0007605318842252018
848.0 0.0010051992830995005
849.0 0.0009367066923005041
850.0 0.0008682136467541568
851.0 0.0011026387255697045
852.0 0.0013370635315368418
853.0 0.0004129772150918143
854.0 1.7283993247046991e-10
855.0 1.7283993247046991e-10
856.0 1.7283993247046991e-10
857.0 0.00033170217648148537
858.0 0.0013797802239423618
859.0 0.0012552683074318338
860.0 0.0011307561180728953
861.0 0.0013139803741069045
862.0 0.0014972047210903838
863.0 0.0017124464648077264
864.0 0.001927688208525069
865.0 0.0017519038010505028
866.0 0.0015761197573738173
867.0 0.0023486623831558973
868.0 0.0031212050089379773
869.0 0.0029965694920974784
870.0 0.0028719336114590988
871.0 0.0034267963201273233
872.0 0.003981659028795548
873.0 0.002704945109144319
