lsstCam/transmission_filter_detector/r03_s00/y_10/19700101T000000.ecsv
# %ECSV 1.0
# ---
# datatype:
# - {name: wavelength, unit: nm, datatype: float32}
# - {name: efficiency, unit: '%', datatype: float64}
# meta: !!omap
# - {MODE: DETECTOR}
# - {TYPE: transmission_filter_detector}
# - {CALIBDATE: '1970-01-01T00:00:00'}
# - {INSTRUME: LSSTCam}
# - {OBSTYPE: transmission_filter_detector}
# - {CALIBCLS: lsst.ip.isr.IntermediateFilterDetectorTransmissionCurve}
# - {SOURCE: Materion (DM-46256)}
# - {DETECTOR: 18}
# - {FILTER: y_10}
# - {CALIB_ID: 'calibDate=1970-01-01T00:00:00 filter=y_10 detector=18'}
# - {DATE: '2025-04-02T15:59:50.823922'}
# - {CALIB_CREATION_DATE: '2025-04-02'}
# - {CALIB_CREATION_TIME: '15:59:50'}
# - __serialized_columns__:
#     efficiency:
#       __class__: astropy.units.quantity.Quantity
#       unit: !astropy.units.Unit {unit: '%'}
#       value: !astropy.table.SerializedColumn {name: efficiency}
#     wavelength:
#       __class__: astropy.units.quantity.Quantity
#       unit: !astropy.units.Unit {unit: nm}
#       value: !astropy.table.SerializedColumn {name: wavelength}
# schema: astropy-2.0
wavelength efficiency
[from data line 575]
875.0 0.0022567233827430755
876.0 0.0030852148483972996
877.0 0.0018912471205112524
878.0 0.0006972798473725561
879.0 0.0015691293810959905
880.0 0.0604386324994266
881.0 0.0945483217947185
882.0 0.055236357729882
883.0 0.09404575685039163
884.0 0.06513933767564595
885.0 0.09444004972465336
886.0 0.06633531884290278
887.0 0.10125176049768925
888.0 0.06529102683998644
889.0 0.10034546721726656
890.0 0.06062822649255395
891.0 0.09855304379016161
892.0 0.0575160956941545
893.0 0.0876431877259165
894.0 0.06210492574609816
895.0 0.10222987039014697
896.0 0.07205732399597764
897.0 0.10631041368469596
898.0 0.07402464980259538
899.0 0.12207585386931896
900.0 0.08522724383510649
901.0 0.11069733882322907
902.0 0.1284467987716198
903.0 0.13060277560725808
904.0 0.15780035173520446
905.0 0.14179617865011096
906.0 0.18923829775303602
907.0 0.21063806489109993
908.0 0.27797878719866276
909.0 0.3323974087834358
910.0 0.43815295211970806
911.0 0.5912847351282835
912.0 0.8200508542358875
913.0 1.2057380750775337
914.0 1.7010420560836792
915.0 2.5367561727762222
916.0 3.613917902112007
917.0 4.982529953122139
918.0 6.711955368518829
919.0 8.508753031492233
920.0 11.14446148276329
921.0 13.96588385105133
922.0 16.780342161655426
923.0 19.92429792881012
924.0 23.285196721553802
925.0 27.017083764076233
926.0 31.680431962013245
927.0 37.046411633491516
928.0 42.17225909233093
929.0 48.060956597328186
930.0 53.78239154815674
931.0 59.91398096084595
932.0 66.2518858909607
933.0 72.27820754051208
934.0 77.3741066455841
935.0 81.59739375114441
936.0 85.36056876182556
937.0 88.38863968849182
938.0 90.80169200897217
939.0 92.44358539581299
940.0 93.5433566570282
941.0 94.2627489566803
942.0 94.81581449508667
943.0 95.27884721755981
944.0 95.74103951454163
945.0 96.00306153297424
946.0 96.32386565208435
947.0 96.55011296272278
948.0 96.8139111995697
949.0 96.84322476387024
950.0 96.94047570228577
951.0 96.98992967605591
952.0 96.94896936416626
953.0 97.08150029182434
954.0 97.01802730560303
955.0 97.01815843582153
956.0 97.24583029747009
957.0 97.37667441368103
958.0 97.52858877182007
959.0 97.69905209541321
960.0 97.8749930858612
961.0 97.99449443817139
962.0 98.16086292266846
963.0 98.24000000953674
964.0 98.41017723083496
965.0 98.46294522285461
966.0 98.61139059066772
967.0 98.68894219398499
968.0 98.69818091392517
969.0 98.68171215057373
970.0 98.7514317035675
971.0 98.7902283668518
972.0 98.80285263061523
973.0 98.89414310455322
974.0 98.90521168708801
975.0 98.92621040344238
976.0 98.92111420631409
977.0 98.9245593547821
978.0 98.99066686630249
979.0 98.94057512283325
980.0 98.96036982536316
981.0 98.91395568847656
982.0 98.87472987174988
983.0 98.93340468406677
984.0 98.8793432712555
985.0 98.8940954208374
986.0 98.79619479179382
987.0 98.82234930992126
988.0 98.68232607841492
989.0 98.66774678230286
990.0 98.56886863708496
991.0 98.57032895088196
992.0 98.61352443695068
993.0 98.52975010871887
994.0 98.44850897789001
995.0 98.54221940040588
996.0 98.46652746200562
997.0 98.57270121574402
998.0 98.56472611427307
999.0 98.64300489425659
1000.0 98.6522912979126
1001.0 98.63268733024597
1002.0 98.79623651504517
1003.0 98.82984757423401
1004.0 98.90283942222595
1005.0 98.88500571250916
1006.0 99.03107285499573
1007.0 99.01182055473328
1008.0 99.01478886604309
1009.0 98.95781874656677
1010.0 99.0332841873169
1011.0 99.04124736785889
1012.0 99.00943636894226
1013.0 99.0208625793457
1014.0 98.98151159286499
1015.0 98.90987873077393
1016.0 98.89801740646362
1017.0 98.91896843910217
1018.0 98.9518940448761
1019.0 98.82338643074036
1020.0 98.90211224555969
1021.0 98.96181225776672
1022.0 98.8280177116394
1023.0 98.8788366317749
1024.0 98.82948994636536
1025.0 98.80350828170776
1026.0 98.84228110313416
1027.0 98.9675760269165
1028.0 98.88486862182617
1029.0 99.00689125061035
1030.0 99.0005612373352
1031.0 98.98918271064758
1032.0 99.0237295627594
1033.0 98.98817539215088
1034.0 98.98925423622131
1035.0 99.09857511520386
1036.0 99.00765419006348
1037.0 98.99675250053406
1038.0 98.9800214767456
1039.0 98.89311790466309
1040.0 98.86868000030518
1041.0 98.96470308303833
1042.0 98.90685081481934
1043.0 98.79966378211975
1044.0 98.89522790908813
1045.0 98.58736395835876
1046.0 98.80946278572083
1047.0 98.71111512184143
1048.0 98.67004752159119
1049.0 98.65500330924988
1050.0 98.613440990448
1051.0 98.62682223320007
1052.0 98.54832887649536
1053.0 98.46088290214539
1054.0 98.65601062774658
1055.0 98.79812598228455
1056.0 98.61350655555725
1057.0 98.70273470878601
1058.0 98.50830435752869
1059.0 98.58975410461426
1060.0 98.68857860565186
1061.0 98.64685535430908
1062.0 98.7059473991394
1063.0 98.68536591529846
1064.0 98.92517328262329
1065.0 98.75771403312683
1066.0 98.78239035606384
1067.0 98.84671568870544
1068.0 98.8816499710083
1069.0 98.7318754196167
1070.0 99.05454516410828
1071.0 98.83826971054077
1072.0 98.89779686927795
1073.0 98.86062741279602
1074.0 98.69022965431213
1075.0 98.73916506767273
1076.0 98.49644899368286
1077.0 98.8019347190857
1078.0 98.98142218589783
1079.0 98.46389293670654
1080.0 99.32374954223633
1081.0 98.46804738044739
1082.0 98.62531423568726
1083.0 98.42812418937683
1084.0 98.8695740699768
1085.0 98.8379955291748
1086.0 98.66442084312439
1087.0 98.73400926589966
1088.0 98.7406313419342
1089.0 98.23598265647888
1090.0 98.54823350906372
1091.0 98.40790033340454
1092.0 98.60512018203735
1093.0 98.6066997051239
1094.0 98.35955500602722
1095.0 98.20994138717651
1096.0 98.71214032173157
1097.0 98.20336103439331
1098.0 97.56982922554016
1099.0 98.52427244186401
1100.0 98.05118441581726
