lsstCam/transmission_sensor/r43_s12/19700101T000000.ecsv
# %ECSV 1.0
# ---
# datatype:
# - {name: amp_name, datatype: string}
# - {name: wavelength, unit: nm, datatype: float32}
# - {name: efficiency, unit: '%', datatype: float64}
# meta: !!omap
# - {MODE: AMP}
# - {TYPE: transmission_sensor}
# - {CALIBDATE: '1970-01-01T00:00:00'}
# - {INSTRUME: LSSTCAM}
# - {OBSTYPE: transmission_sensor}
# - {DETECTOR: 185}
# - {PARQUETFILE: qe_raft_allvalues_nircorrected_20230725.parquet}
# - {CALIBCLS: lsst.ip.isr.IntermediateSensorTransmissionCurve}
# - {CALIB_ID: 'raftName=R43 detectorName=S12 detector=185 calibDate=1970-01-01T00:00:00 ccd=185 ccdnum=185 filter=None'}
# - {DATE: '2024-01-18T22:42:25.635751'}
# - {CALIB_CREATION_DATE: '2024-01-18'}
# - {CALIB_CREATION_TIME: '22:42:25'}
# - __serialized_columns__:
#     efficiency:
#       __class__: astropy.units.quantity.Quantity
#       unit: !astropy.units.Unit {unit: '%'}
#       value: !astropy.table.SerializedColumn {name: efficiency}
#     wavelength:
#       __class__: astropy.units.quantity.Quantity
#       unit: !astropy.units.Unit {unit: nm}
#       value: !astropy.table.SerializedColumn {name: wavelength}
# schema: astropy-2.0
amp_name wavelength efficiency
C00 319.994 52.521976470947266
C00 324.969 55.04348373413086
C00 349.982 66.8978042602539
C00 374.975 79.87305450439453
C00 400.019 87.6250228881836
C00 424.965 87.44956970214844
C00 450.035 87.2706069946289
C00 475.003 86.49759674072266
C00 500.018 87.11602783203125
C00 525.002 88.39561462402344
C00 550.029 89.87803649902344
C00 575.023 92.54243469238281
C00 599.982 94.15802764892578
C00 619.997 95.55538177490234
C00 624.979 95.68861389160156
C00 650.012 96.77129364013672
C00 675.004 97.83560943603516
C00 700.03 98.52117919921875
C00 725.012 99.04194641113281
C00 750.022 100.01719665527344
C00 774.987 100.52447509765625
C00 799.976 100.38037872314453
C00 824.988 99.77983093261719
C00 850.022 97.71788787841797
C00 869.967 95.43058013916016
C00 875.002 94.28524017333984
C00 899.999 87.7834701538086
C00 919.999 80.01842498779297
C00 925.012 77.77051544189453
C00 949.965 64.68563842773438
C00 975.002 48.67600631713867
C00 999.976 30.0074462890625
C00 1025.028 14.143294334411621
C00 1050.014 5.636791229248047
C00 1075.002 0.9528533181252646
C00 1099.99 0.09454123085603498
C01 319.994 51.70573806762695
C01 324.969 54.17201614379883
C01 349.982 65.8978500366211
C01 374.975 79.05284881591797
C01 400.019 86.87519836425781
C01 424.965 86.70840454101562
C01 450.035 86.45658111572266
C01 475.003 85.59870910644531
C01 500.018 86.14164733886719
C01 525.002 87.34370422363281
C01 550.029 88.7717514038086
C01 575.023 91.40906524658203
C01 599.982 93.0321044921875
C01 619.997 94.44377136230469
C01 624.979 94.57682800292969
C01 650.012 95.6805648803711
C01 675.004 96.76007843017578
C01 700.03 97.45834350585938
C01 725.012 98.03692626953125
C01 750.022 99.0528793334961
C01 774.987 99.6204833984375
C01 799.976 99.51224517822266
C01 824.988 98.9087142944336
C01 850.022 96.85951232910156
C01 869.967 94.62444305419922
C01 875.002 93.49153137207031
C01 899.999 87.0920181274414
C01 919.999 79.43675231933594
C01 925.012 77.21080780029297
C01 949.965 64.20915985107422
C01 975.002 48.14187240600586
C01 999.976 29.648883819580078
C01 1025.028 14.07703971862793
C01 1050.014 5.663016319274902
C01 1075.002 0.943665804623117
C01 1099.99 0.0936296542067471
C02 319.994 51.25136184692383
C02 324.969 53.6799430847168
C02 349.982 65.37578582763672
C02 374.975 78.85227966308594
C02 400.019 86.86296844482422
C02 424.965 86.71865844726562
C02 450.035 86.4033203125
C02 475.003 85.47373962402344
C02 500.018 85.9629135131836
C02 525.002 87.12126159667969
C02 550.029 88.51990509033203
C02 575.023 91.15646362304688
C02 599.982 92.79450225830078
C02 619.997 94.21757507324219
C02 624.979 94.35794830322266
C02 650.012 95.48143005371094
C02 675.004 96.5834732055664
C02 700.03 97.30595397949219
C02 725.012 97.9482192993164
C02 750.022 99.03279876708984
C02 774.987 99.66767120361328
C02 799.976 99.5933609008789
C02 824.988 98.98272705078125
C02 850.022 96.92988586425781
C02 869.967 94.67081451416016
C02 875.002 93.5308837890625
C02 899.999 87.05225372314453
C02 919.999 79.33745574951172
C02 925.012 77.10560607910156
C02 949.965 64.15447998046875
C02 975.002 48.087276458740234
C02 999.976 29.55962562561035
C02 1025.028 14.046051025390625
C02 1050.014 5.627519607543945
C02 1075.002 0.9434738898221857
C02 1099.99 0.0936106125965072
C03 319.994 50.657447814941406
C03 324.969 53.0382080078125
C03 349.982 64.62802124023438
C03 374.975 78.36724090576172
C03 400.019 86.57006072998047
C03 424.965 86.47057342529297
C03 450.035 86.11238098144531
C03 475.003 85.12460327148438
C03 500.018 85.57196807861328
C03 525.002 86.69588470458984
C03 550.029 88.07035064697266
C03 575.023 90.69087219238281
C03 599.982 92.3321762084961
C03 619.997 93.75852966308594
C03 624.979 93.899169921875
C03 650.012 95.03217315673828
C03 675.004 96.14098358154297
C03 700.03 96.89801025390625
C03 725.012 97.59133911132812
C03 750.022 98.75135803222656
C03 774.987 99.45623016357422
C03 799.976 99.41736602783203
C03 824.988 98.81051635742188
C03 850.022 96.77488708496094
C03 869.967 94.51142883300781
C03 875.002 93.36311340332031
C03 899.999 86.80682373046875
C03 919.999 79.05010223388672
C03 925.012 76.82576751708984
C03 949.965 64.01747131347656
C03 975.002 48.048255920410156
C03 999.976 29.449180603027344
C03 1025.028 13.962908744812012
C03 1050.014 5.565501689910889
C03 1075.002 0.9407919810804612
C03 1099.99 0.09334451607497221
C04 319.994 50.3648796081543
C04 324.969 52.711517333984375
C04 349.982 64.2744369506836
C04 374.975 78.32331085205078
C04 400.019 86.74459838867188
C04 424.965 86.67507934570312
C04 450.035 86.2784652709961
C04 475.003 85.23382568359375
C04 500.018 85.64219665527344
C04 525.002 86.73426055908203
C04 550.029 88.10176849365234
C04 575.023 90.72752380371094
C04 599.982 92.37109375
C04 619.997 93.80374145507812
C04 624.979 93.94831848144531
C04 650.012 95.09034729003906
C04 675.004 96.2133560180664
C04 700.03 97.00598907470703
C04 725.012 97.74600219726562
C04 750.022 98.98171997070312
C04 774.987 99.75584411621094
C04 799.976 99.75167846679688
C04 824.988 99.15021514892578
C04 850.022 97.1096420288086
C04 869.967 94.83557891845703
C04 875.002 93.67760467529297
C04 899.999 87.03987121582031
C04 919.999 79.21174621582031
C04 925.012 76.98509216308594
C04 949.965 64.27141571044922
C04 975.002 48.28260040283203
C04 999.976 29.540668487548828
C04 1025.028 14.001703262329102
C04 1050.014 5.571273326873779
C04 1075.002 0.9429859993804148
C04 1099.99 0.09356220455509043
C05 319.994 49.91862869262695
C05 324.969 52.221439361572266
C05 349.982 63.708740234375
C05 374.975 78.01321411132812
C05 400.019 86.63345336914062
C05 424.965 86.61016845703125
C05 450.035 86.1771240234375
C05 475.003 85.09208679199219
C05 500.018 85.4640121459961
C05 525.002 86.52848052978516
C05 550.029 87.87712097167969
C05 575.023 90.4861831665039
C05 599.982 92.1244125366211
C05 619.997 93.55260467529297
C05 624.979 93.69705963134766
C05 650.012 94.84241485595703
C05 675.004 95.96965789794922
C05 700.03 96.79017639160156
C05 725.012 97.56636810302734
C05 750.022 98.8526840209961
C05 774.987 99.67416381835938
C05 799.976 99.69706726074219
C05 824.988 99.11144256591797
C05 850.022 97.0865478515625
C05 869.967 94.8230972290039
C05 875.002 93.66764831542969
C05 899.999 87.04308319091797
C05 919.999 79.23622131347656
C05 925.012 77.0191879272461
C05 949.965 64.40347290039062
C05 975.002 48.34718704223633
C05 999.976 29.572084426879883
C05 1025.028 14.026927947998047
C05 1050.014 5.607944011688232
C05 1075.002 0.9417562551895524
C05 1099.99 0.09344019046621582
C06 319.994 49.5933723449707
C06 324.969 51.863548278808594
C06 349.982 63.295982360839844
C06 374.975 77.85889434814453
C06 400.019 86.68635559082031
C06 424.965 86.7049560546875
C06 450.035 86.24685668945312
C06 475.003 85.10718536376953
C06 500.018 85.42799377441406
C06 525.002 86.46820831298828
C06 550.029 87.8121109008789
C06 575.023 90.42517852783203
C06 599.982 92.06096649169922
C06 619.997 93.49394989013672
C06 624.979 93.63941192626953
C06 650.012 94.790283203125
C06 675.004 95.94892883300781
C06 700.03 96.7708969116211
C06 725.012 97.57511901855469
C06 750.022 98.85940551757812
C06 774.987 99.68716430664062
C06 799.976 99.72442626953125
C06 824.988 99.15340423583984
C06 850.022 97.1315689086914
C06 869.967 94.89842224121094
C06 875.002 93.75688934326172
C06 899.999 87.22882080078125
C06 919.999 79.47520446777344
C06 925.012 77.267333984375
C06 949.965 64.5804214477539
C06 975.002 48.31177520751953
C06 999.976 29.59571647644043
C06 1025.028 14.059779167175293
C06 1050.014 5.666528224945068
C06 1075.002 0.9418202569862785
C06 1099.99 0.09344654066568975
C07 319.994 49.03171920776367
C07 324.969 51.25682067871094
C07 349.982 62.56161880493164
C07 374.975 77.31483459472656
C07 400.019 86.41844940185547
C07 424.965 86.56397247314453
C07 450.035 86.09696960449219
C07 475.003 84.93553924560547
C07 500.018 85.25001525878906
C07 525.002 86.26919555664062
C07 550.029 87.62915802001953
C07 575.023 90.20777130126953
C07 599.982 91.79703521728516
C07 619.997 93.2011489868164
C07 624.979 93.34335327148438
C07 650.012 94.49353790283203
C07 675.004 95.6056137084961
C07 700.03 96.4383544921875
C07 725.012 97.19145202636719
C07 750.022 98.44831085205078
C07 774.987 99.23355865478516
C07 799.976 99.28772735595703
C07 824.988 98.71512603759766
C07 850.022 96.69635772705078
C07 869.967 94.52532196044922
C07 875.002 93.42609405517578
C07 899.999 87.14906311035156
C07 919.999 79.47874450683594
C07 925.012 77.27398681640625
C07 949.965 64.38835144042969
C07 975.002 47.96489334106445
C07 999.976 29.53369140625
C07 1025.028 14.026124954223633
C07 1050.014 5.737224578857422
C07 1075.002 0.9379041137782267
C07 1099.99 0.09305798453427368
C10 319.994 52.11560821533203
C10 324.969 54.60322570800781
C10 349.982 66.34107971191406
C10 374.975 79.34239959716797
C10 400.019 87.15454864501953
C10 424.965 87.0479507446289
C10 450.035 86.87429809570312
C10 475.003 86.14576721191406
C10 500.018 86.79647064208984
C10 525.002 88.06562805175781
C10 550.029 89.55250549316406
C10 575.023 92.17436218261719
C10 599.982 93.7328109741211
C10 619.997 95.09796905517578
C10 624.979 95.22403717041016
C10 650.012 96.3000717163086
C10 675.004 97.32035827636719
C10 700.03 98.00637817382812
C10 725.012 98.51371765136719
C10 750.022 99.48886108398438
C10 774.987 100.00806427001953
C10 799.976 99.90007781982422
C10 824.988 99.27732849121094
C10 850.022 97.2911148071289
C10 869.967 95.170654296875
C10 875.002 94.08911895751953
C10 899.999 87.71701049804688
C10 919.999 79.8387680053711
C10 925.012 77.52650451660156
C10 949.965 64.38449096679688
C10 975.002 48.47427749633789
C10 999.976 30.004459381103516
C10 1025.028 14.438573837280273
C10 1050.014 5.774403095245361
C10 1075.002 0.9478198056360239
C10 1099.99 0.0940418103710454
C11 319.994 51.555538177490234
C11 324.969 54.00273513793945
C11 349.982 65.67456817626953
C11 374.975 78.87853240966797
C11 400.019 86.76084899902344
C11 424.965 86.64613342285156
C11 450.035 86.41360473632812
C11 475.003 85.594970703125
C11 500.018 86.16661071777344
C11 525.002 87.36226654052734
C11 550.029 88.78521728515625
C11 575.023 91.3885498046875
C11 599.982 92.96373748779297
C11 619.997 94.33718872070312
C11 624.979 94.46636962890625
C11 650.012 95.55706787109375
C11 675.004 96.59233093261719
C11 700.03 97.2909164428711
C11 725.012 97.85091400146484
C11 750.022 98.87904357910156
C11 774.987 99.45285034179688
C11 799.976 99.37137603759766
C11 824.988 98.7490463256836
C11 850.022 96.77491760253906
C11 869.967 94.69429779052734
C11 875.002 93.60566711425781
C11 899.999 87.23954010009766
C11 919.999 79.41284942626953
C11 925.012 77.1222152709961
C11 949.965 64.05294799804688
C11 975.002 47.97407150268555
C11 999.976 29.769987106323242
C11 1025.028 14.42698860168457
C11 1050.014 5.832001686096191
C11 1075.002 0.9420096106975845
C11 1099.99 0.09346532816696984
C12 319.994 51.10402297973633
C12 324.969 53.51247024536133
C12 349.982 65.15166473388672
C12 374.975 78.69146728515625
C12 400.019 86.78131866455078
C12 424.965 86.705078125
C12 450.035 86.4266128540039
C12 475.003 85.54574584960938
C12 500.018 86.06143188476562
C12 525.002 87.21208953857422
C12 550.029 88.60619354248047
C12 575.023 91.19381713867188
C12 599.982 92.76924133300781
C12 619.997 94.15116119384766
C12 624.979 94.28300476074219
C12 650.012 95.38691711425781
C12 675.004 96.44100189208984
C12 700.03 97.17037200927734
C12 725.012 97.78787231445312
C12 750.022 98.8885269165039
C12 774.987 99.53244018554688
C12 799.976 99.4775390625
C12 824.988 98.84066772460938
C12 850.022 96.86273956298828
C12 869.967 94.7591781616211
C12 875.002 93.6559066772461
C12 899.999 87.18798065185547
C12 919.999 79.2647933959961
C12 925.012 76.9566421508789
C12 949.965 63.872066497802734
C12 975.002 47.78367614746094
C12 999.976 29.66753578186035
C12 1025.028 14.372864723205566
C12 1050.014 5.78622579574585
C12 1075.002 0.9420993216892071
C12 1099.99 0.09347422920914285
C13 319.994 50.662052154541016
C13 324.969 53.02964401245117
C13 349.982 64.6244125366211
C13 374.975 78.48915100097656
C13 400.019 86.7796401977539
C13 424.965 86.74958038330078
C13 450.035 86.45649719238281
C13 475.003 85.52904510498047
C13 500.018 85.99064636230469
C13 525.002 87.09601593017578
C13 550.029 88.44279479980469
C13 575.023 90.9999008178711
C13 599.982 92.56206512451172
C13 619.997 93.94125366210938
C13 624.979 94.07286071777344
C13 650.012 95.18341827392578
C13 675.004 96.24089050292969
C13 700.03 97.00144958496094
C13 725.012 97.67323303222656
C13 750.022 98.84774017333984
C13 774.987 99.5654296875
C13 799.976 99.54558563232422
C13 824.988 98.89986419677734
C13 850.022 96.93742370605469
C13 869.967 94.817138671875
C13 875.002 93.70760345458984
C13 899.999 87.17639923095703
C13 919.999 79.18770599365234
C13 925.012 76.86868286132812
C13 949.965 63.78755187988281
C13 975.002 47.7448616027832
C13 999.976 29.606040954589844
C13 1025.028 14.318037986755371
C13 1050.014 5.728177547454834
C13 1075.002 0.9417100910691303
C13 1099.99 0.09343561010459765
C14 319.994 50.33272171020508
C14 324.969 52.665443420410156
C14 349.982 64.22607421875
C14 374.975 78.41957092285156
C14 400.019 86.94026184082031
C14 424.965 86.954833984375
C14 450.035 86.6321029663086
C14 475.003 85.65975952148438
C14 500.018 86.08187103271484
C14 525.002 87.15234375
C14 550.029 88.47855377197266
C14 575.023 91.02228546142578
C14 599.982 92.5792236328125
C14 619.997 93.95746612548828
C14 624.979 94.09088134765625
C14 650.012 95.20669555664062
C14 675.004 96.28024291992188
C14 700.03 97.07257080078125
C14 725.012 97.7967758178711
C14 750.022 99.04440307617188
C14 774.987 99.83068084716797
C14 799.976 99.84780883789062
C14 824.988 99.20538330078125
C14 850.022 97.2400131225586
C14 869.967 95.09410095214844
C14 875.002 93.97280883789062
C14 899.999 87.36750030517578
C14 919.999 79.29961395263672
C14 925.012 76.97055053710938
C14 949.965 63.95677947998047
C14 975.002 47.918766021728516
C14 999.976 29.68505096435547
C14 1025.028 14.31407356262207
C14 1050.014 5.711521148681641
C14 1075.002 0.9435830715893109
C14 1099.99 0.09362144551113812
C15 319.994 49.640811920166016
C15 324.969 51.924434661865234
C15 349.982 63.35906219482422
C15 374.975 77.70899200439453
C15 400.019 86.34722900390625
C15 424.965 86.40519714355469
C15 450.035 86.06219482421875
C15 475.003 85.05399322509766
C15 500.018 85.42749786376953
C15 525.002 86.45579528808594
C15 550.029 87.74590301513672
C15 575.023 90.25482940673828
C15 599.982 91.7935791015625
C15 619.997 93.15757751464844
C15 624.979 93.28954315185547
C15 650.012 94.4036865234375
C15 675.004 95.4725112915039
C15 700.03 96.2862319946289
C15 725.012 97.03868103027344
C15 750.022 98.3317642211914
C15 774.987 99.1565933227539
C15 799.976 99.20096588134766
C15 824.988 98.57997131347656
C15 850.022 96.6273193359375
C15 869.967 94.49702453613281
C15 875.002 93.37816619873047
C15 899.999 86.74434661865234
C15 919.999 78.6523208618164
C15 925.012 76.33366394042969
C15 949.965 63.59233093261719
C15 975.002 47.800025939941406
C15 999.976 29.64571189880371
C15 1025.028 14.222138404846191
C15 1050.014 5.693253993988037
C15 1075.002 0.9367934395250284
C15 1099.99 0.0929477844552268
C16 319.994 49.55390167236328
C16 324.969 51.80885314941406
C16 349.982 63.24407958984375
C16 374.975 77.95903778076172
C16 400.019 86.87059783935547
C16 424.965 86.98451232910156
C16 450.035 86.62483978271484
C16 475.003 85.57331085205078
C16 500.018 85.91098022460938
C16 525.002 86.9105453491211
C16 550.029 88.1836929321289
C16 575.023 90.68315124511719
C16 599.982 92.20880889892578
C16 619.997 93.57418060302734
C16 624.979 93.70572662353516
C16 650.012 94.82196044921875
C16 675.004 95.91395568847656
C16 700.03 96.73796081542969
C16 725.012 97.5136947631836
C16 750.022 98.82395935058594
C16 774.987 99.66117858886719
C16 799.976 99.71947479248047
C16 824.988 99.111083984375
C16 850.022 97.14535522460938
C16 869.967 95.03418731689453
C16 875.002 93.91252899169922
C16 899.999 87.19551849365234
C16 919.999 79.02913665771484
C16 925.012 76.70063781738281
C16 949.965 63.997825622558594
C16 975.002 48.11545944213867
C16 999.976 29.874330520629883
C16 1025.028 14.295589447021484
C16 1050.014 5.764899253845215
C16 1075.002 0.9414824372833812
C16 1099.99 0.09341302250511686
C17 319.994 49.27025604248047
C17 324.969 51.4894905090332
C17 349.982 62.882080078125
C17 374.975 77.89454650878906
C17 400.019 87.06570434570312
C17 424.965 87.25884246826172
C17 450.035 86.9040298461914
C17 475.003 85.84394836425781
C17 500.018 86.15392303466797
C17 525.002 87.12828826904297
C17 550.029 88.3761215209961
C17 575.023 90.8271255493164
C17 599.982 92.30181121826172
C17 619.997 93.63581085205078
C17 624.979 93.76310729980469
C17 650.012 94.8636245727539
C17 675.004 95.95759582519531
C17 700.03 96.77339172363281
C17 725.012 97.52818298339844
C17 750.022 98.7863540649414
C17 774.987 99.58002471923828
C17 799.976 99.6289291381836
C17 824.988 99.04462432861328
C17 850.022 97.07173919677734
C17 869.967 94.9647216796875
C17 875.002 93.8422622680664
C17 899.999 87.18643951416016
C17 919.999 79.04862213134766
C17 925.012 76.70804595947266
C17 949.965 63.97282409667969
C17 975.002 48.04667282104492
C17 999.976 29.853544235229492
C17 1025.028 14.216076850891113
C17 1050.014 5.793067932128906
C17 1075.002 0.9411245784200499
C17 1099.99 0.09337751607745531
