lsstCam/transmission_sensor/r43_s12/19700101T000000.ecsv
# %ECSV 1.0
# ---
# datatype:
# - {name: amp_name, datatype: string}
# - {name: wavelength, unit: nm, datatype: float32}
# - {name: efficiency, unit: '%', datatype: float64}
# meta: !!omap
# - {MODE: AMP}
# - {TYPE: transmission_sensor}
# - {CALIBDATE: '1970-01-01T00:00:00'}
# - {INSTRUME: LSSTCam}
# - {OBSTYPE: transmission_sensor}
# - {DETECTOR: 185}
# - {PARQUETFILE: qe_raft_allvalues_nircorrected_20230725_adjust.parquet}
# - {CORRFILE: qe_corr_factor_bydetnum.parquet}
# - {CALIBCLS: lsst.ip.isr.IntermediateSensorTransmissionCurve}
# - {CALIB_ID: 'raftName=R43 detectorName=S12 detector=185 calibDate=1970-01-01T00:00:00 ccd=185 ccdnum=185 filter=None'}
# - {DATE: '2025-03-03T21:56:48.430563'}
# - {CALIB_CREATION_DATE: '2025-03-03'}
# - {CALIB_CREATION_TIME: '21:56:48'}
# - __serialized_columns__:
#     efficiency:
#       __class__: astropy.units.quantity.Quantity
#       unit: !astropy.units.Unit {unit: '%'}
#       value: !astropy.table.SerializedColumn {name: efficiency}
#     wavelength:
#       __class__: astropy.units.quantity.Quantity
#       unit: !astropy.units.Unit {unit: nm}
#       value: !astropy.table.SerializedColumn {name: wavelength}
# schema: astropy-2.0
amp_name wavelength efficiency
C00 319.994 51.8979727211596
C00 324.969 54.38952242956202
C00 349.982 66.1030039972811
C00 374.975 78.92409772731462
C00 400.019 86.58396642893739
C00 424.965 86.41059776929202
C00 450.035 86.23376128412869
C00 475.003 85.46993502003915
C00 500.018 86.08101864756416
C00 525.002 87.34540290892
C00 550.029 88.8102124077125
C00 575.023 91.44295538595438
C00 599.982 93.03935378565178
C00 619.997 94.42010620938903
C00 624.979 94.55175542030292
C00 650.012 95.62157205384699
C00 675.004 96.6732429134307
C00 700.03 97.3506675508648
C00 725.012 97.86524762522549
C00 750.022 98.82891110416391
C00 774.987 99.33016266653377
C00 799.976 99.1877782740164
C00 824.988 98.5943654791308
C00 850.022 96.55691998355603
C00 869.967 94.2967873184694
C00 875.002 93.16505492192724
C00 899.999 86.74053121232282
C00 919.999 79.06774109127002
C00 925.012 76.84653853699822
C00 949.965 63.91712049203477
C00 975.002 48.09769581727802
C00 999.976 29.650933448836756
C00 1025.028 13.975260507582856
C00 1050.014 5.56982157006611
C00 1075.002 0.9415326465995713
C00 1099.99 0.09341800422734288
C01 319.994 51.09143189318994
C01 324.969 53.52840858219103
C01 349.982 65.1149300421966
C01 374.975 78.11363674875943
C01 400.019 85.84305042951983
C01 424.965 85.67823825240252
C01 450.035 85.4294066939856
C01 475.003 84.58172690112119
C01 500.018 85.11821458625413
C01 525.002 86.3059900586672
C01 550.029 87.71707087818449
C01 575.023 90.32305128992896
C01 599.982 91.92680751072537
C01 619.997 93.32170263157505
C01 624.979 93.45317845121305
C01 650.012 94.54380203786496
C01 675.004 95.61049008969172
C01 700.03 96.30045920899954
C01 725.012 96.87216793939331
C01 750.022 97.8760506555891
C01 774.987 98.4369111231125
C01 799.976 98.32995886088747
C01 824.988 97.7335984143116
C01 850.022 95.7087426331173
C01 869.967 93.50022779699061
C01 875.002 92.38077602603275
C01 899.999 86.05729419777055
C01 919.999 78.49297916667022
C01 925.012 76.29348067689027
C01 949.965 63.446302867960696
C01 975.002 47.569907850944524
C01 999.976 29.29663099279107
C01 1025.028 13.909793050460506
C01 1050.014 5.595735084717954
C01 1075.002 0.9324542882218454
C01 1099.99 0.09251725784922138
C02 319.994 50.64245403112798
C02 324.969 53.042181750815345
C02 349.982 64.59906838014449
C02 374.975 77.91545052040718
C02 400.019 85.83096581146481
C02 424.965 85.68837033391591
C02 450.035 85.37677867237477
C02 475.003 84.45824215767678
C02 500.018 84.94160426362457
C02 525.002 86.08619023083662
C02 550.029 87.46821670351417
C02 575.023 90.07345077889717
C02 599.982 91.69202818440735
C02 619.997 93.09819373819046
C02 624.979 93.23689922015832
C02 650.012 94.34703309472441
C02 675.004 95.43598307862634
C02 700.03 96.14988019400819
C02 725.012 96.78451488005093
C02 750.022 97.85620866262538
C02 774.987 98.483538298827
C02 799.976 98.41011086285945
C02 824.988 97.80673183898523
C02 850.022 95.77828007350382
C02 869.967 93.54604832633464
C02 875.002 92.41966090434083
C02 899.999 86.01800222690166
C02 919.999 78.39486232076493
C02 925.012 76.18952883761342
C02 949.965 63.39227263864042
C02 975.002 47.51596054788664
C02 999.976 29.20843325867984
C02 1025.028 13.879172528074344
C02 1050.014 5.5606601027602
C02 1075.002 0.9322646535246625
C02 1099.99 0.09249844246878071
C03 319.994 50.05559618034646
C03 324.969 52.408071007975856
C03 349.982 63.86018784353097
C03 374.975 77.43617441756969
C03 400.019 85.5415380782342
C03 424.965 85.44323276355074
C03 450.035 85.08929593693466
C03 475.003 84.1132538286473
C03 500.018 84.55530357842444
C03 525.002 85.66586716180471
C03 550.029 87.02400333216387
C03 575.023 89.61339095267994
C03 599.982 91.23519494367207
C03 619.997 92.64460216043936
C03 624.979 92.78357149869665
C03 650.012 93.90311373466801
C03 675.004 94.99875059081874
C03 700.03 95.74678317129926
C03 725.012 96.43187471862853
C03 750.022 97.57811167233719
C03 774.987 98.27460935012016
C03 799.976 98.23620695188414
C03 824.988 97.63656714856845
C03 850.022 95.62512280562736
C03 869.967 93.3885562765607
C03 875.002 92.25388376707939
C03 899.999 85.77548814192834
C03 919.999 78.11092279835405
C03 925.012 75.9130149850617
C03 949.965 63.25689174591914
C03 975.002 47.47740360525255
C03 999.976 29.09930041269162
C03 1025.028 13.797018045334521
C03 1050.014 5.4993790083725225
C03 1075.002 0.9296146080375958
C03 1099.99 0.0922355073901007
C04 319.994 49.76650392154095
C04 324.969 52.08526168475917
C04 349.982 63.51080442259502
C04 374.975 77.392766288586
C04 400.019 85.71400208774442
C04 424.965 85.64530898748403
C04 450.035 85.25340701019725
C04 475.003 84.22117858976758
C04 500.018 84.62469778253957
C04 525.002 85.70378707996865
C04 550.029 87.05504790930087
C04 575.023 89.6496071130894
C04 599.982 91.27365011316596
C04 619.997 92.68927679961223
C04 624.979 92.83213613345053
C04 650.012 93.960596712004
C04 675.004 95.07026318400028
C04 700.03 95.85347911598599
C04 725.012 96.58470028145545
C04 750.022 97.8057367238366
C04 774.987 98.57066364559056
C04 799.976 98.56654748747575
C04 824.988 97.97223004245501
C04 850.022 95.95590058878426
C04 869.967 93.70885519565242
C04 875.002 92.56463862724554
C04 899.999 86.00576683382411
C04 919.999 78.27064631846129
C04 925.012 76.07044672482662
C04 949.965 63.507819077149115
C04 975.002 47.70896388483975
C04 999.976 29.189701346819433
C04 1025.028 13.835351652466503
C04 1050.014 5.5050820735993655
C04 1075.002 0.9317825596177063
C04 1099.99 0.09245060955422307
C05 319.994 49.32555482942822
C05 324.969 51.601006236802945
C05 349.982 62.95182864285314
C05 374.975 77.08635374906844
C05 400.019 85.60417756134039
C05 424.965 85.58116929290374
C05 450.035 85.15326977899016
C05 475.003 84.08112367134815
C05 500.018 84.44863024999108
C05 525.002 85.50045188459731
C05 550.029 86.83306938239485
C05 575.023 89.41113379871963
C05 599.982 91.02989967300796
C05 619.997 92.44112372879664
C05 624.979 92.58386244261693
C05 650.012 93.71560991666135
C05 675.004 94.82946039553256
C05 700.03 95.64023046288392
C05 725.012 96.40720038619304
C05 750.022 97.67823382604202
C05 774.987 98.48995377603525
C05 799.976 98.51258510691561
C05 824.988 97.93391810923252
C05 850.022 95.93308078912575
C05 869.967 93.69652179881024
C05 875.002 92.55480055702607
C05 899.999 86.00894064804817
C05 919.999 78.2948306320736
C05 925.012 76.10413740360886
C05 949.965 63.6383073203896
C05 975.002 47.77278318249717
C05 999.976 29.22074403926865
C05 1025.028 13.860276648376946
C05 1050.014 5.541317080886638
C05 1075.002 0.9305674257868862
C05 1099.99 0.09233004509184961
C06 319.994 49.00416279142323
C06 324.969 51.24736719085635
C06 349.982 62.54397466818368
C06 374.975 76.93386743004218
C06 400.019 85.6564512616483
C06 424.965 85.67483073689357
C06 450.035 85.2221739642821
C06 475.003 84.09604285982658
C06 500.018 84.4130398059251
C06 525.002 85.44089575070167
C06 550.029 86.76883168404994
C06 575.023 89.35085394471588
C06 599.982 90.96720741864388
C06 619.997 92.3831658101397
C06 624.979 92.52689963910863
C06 650.012 93.66409763021717
C06 675.004 94.80897760872314
C06 700.03 95.62118003878844
C06 725.012 96.41584733373459
C06 750.022 97.68487546578405
C06 774.987 98.50279980795402
C06 799.976 98.53961906845355
C06 824.988 97.97538124042569
C06 850.022 95.97756695952047
C06 869.967 93.77095188867754
C06 875.002 92.64298132894727
C06 899.999 86.19247154421141
C06 919.999 78.53097447234543
C06 925.012 76.34933528398305
C06 949.965 63.81315357525566
C06 975.002 47.73779206914569
C06 999.976 29.244095320881534
C06 1025.028 13.89273756838175
C06 1050.014 5.599205266095656
C06 1075.002 0.9306306671902715
C06 1099.99 0.09233631984579484
C07 319.994 48.449182549778136
C07 324.969 50.64784800755866
C07 349.982 61.81833594792304
C07 374.975 76.39627154849371
C07 400.019 85.39172801585768
C07 424.965 85.53552215483562
C07 450.035 85.07406765966007
C07 475.003 83.92643603699311
C07 500.018 84.23717581965703
C07 525.002 85.24424742757913
C07 550.029 86.58805243204769
C07 575.023 89.13602969262847
C07 599.982 90.70641186218994
C07 619.997 92.09384361942485
C07 624.979 92.23435840166296
C07 650.012 93.37087790517016
C07 675.004 94.46974134680282
C07 700.03 95.29258849345808
C07 725.012 96.0367386171087
C07 750.022 97.27866493886008
C07 774.987 98.05458335975578
C07 799.976 98.10810849275062
C07 824.988 97.54231014323966
C07 850.022 95.5475264402871
C07 869.967 93.40228434236121
C07 875.002 92.31611615762478
C07 899.999 86.11366143993988
C07 919.999 78.5344724528679
C07 925.012 76.35590907496494
C07 949.965 63.62336551565781
C07 975.002 47.39503144107396
C07 999.976 29.182807158914677
C07 1025.028 13.85948319482093
C07 1050.014 5.669061689889195
C07 1075.002 0.9267610509450405
C07 1099.99 0.09195238007688639
C10 319.994 51.496432450558196
C10 324.969 53.95449502645879
C10 349.982 65.55289378886343
C10 374.975 78.39974743149459
C10 400.019 86.1190818019995
C10 424.965 86.01375037126658
C10 450.035 85.84216085688696
C10 475.003 85.12228551186217
C10 500.018 85.76525805665031
C10 525.002 87.01933684521686
C10 550.029 88.48854897466697
C10 575.023 91.0792558766301
C10 599.982 92.61918903039351
C10 619.997 93.96812792437892
C10 624.979 94.09269824798547
C10 650.012 95.15594862929876
C10 675.004 96.16411335613414
C10 700.03 96.84198277988467
C10 725.012 97.34329465226355
C10 750.022 98.3068525886862
C10 774.987 98.81988721906605
C10 799.976 98.71318373562819
C10 824.988 98.09783317496583
C10 850.022 96.13521732306805
C10 869.967 94.03994960635661
C10 875.002 92.97126378548145
C10 899.999 86.67486115126395
C10 919.999 78.89021857975423
C10 925.012 76.60542665973435
C10 949.965 63.619550907588035
C10 975.002 47.89836369875461
C10 999.976 29.647982027770915
C10 1025.028 14.267031850069781
C10 1050.014 5.705798495298294
C10 1075.002 0.9365589363279723
C10 1099.99 0.09292451726344855
C11 319.994 50.94301649977175
C11 324.969 53.36113877220663
C11 349.982 64.89430095174215
C11 374.975 77.94139136303185
C11 400.019 85.73005962764287
C11 424.965 85.61670696571186
C11 450.035 85.38694090889265
C11 475.003 84.57803291306942
C11 500.018 85.1428813799385
C11 525.002 86.32433184015684
C11 550.029 87.73037677392193
C11 575.023 90.30277958815105
C11 599.982 91.85925276188499
C11 619.997 93.21638627834439
C11 624.979 93.34403241241036
C11 650.012 94.42177227338789
C11 675.004 95.44473556868367
C11 700.03 96.13502131553878
C11 725.012 96.68836564818952
C11 750.022 97.70428021118246
C11 774.987 98.27126968337132
C11 799.976 98.19076336009643
C11 824.988 97.575827430746
C11 850.022 95.62515296063185
C11 869.967 93.56925260230057
C11 875.002 92.49355574287819
C11 899.999 86.2030634895435
C11 919.999 78.46936025939237
C11 925.012 76.2059406988148
C11 949.965 63.291946938655194
C11 975.002 47.40410055867858
C11 999.976 29.416295474102355
C11 1025.028 14.255584256484902
C11 1050.014 5.762712768096217
C11 1075.002 0.9308177712256547
C11 1099.99 0.09235488413629658
C12 319.994 50.49686566938205
C12 324.969 52.87669862484782
C12 349.982 64.37761002706618
C12 374.975 77.75654872417267
C12 400.019 85.75028609691401
C12 424.965 85.67495135691158
C12 450.035 85.39979447956254
C12 475.003 84.52939289080427
C12 500.018 85.03895215691502
C12 525.002 86.17593906299203
C12 550.029 87.55347997874959
C12 575.023 90.11036050441022
C12 599.982 91.66706737942906
C12 619.997 93.03256890963834
C12 624.979 93.16284606784731
C12 650.012 94.25364304577512
C12 675.004 95.29520444009881
C12 700.03 96.01590904774747
C12 725.012 96.62607294763512
C12 750.022 97.71365087883211
C12 774.987 98.34991393511808
C12 799.976 98.29566508201516
C12 824.988 97.66636029301851
C12 850.022 95.7119315248436
C12 869.967 93.63336214187633
C12 875.002 92.54319841904311
C12 899.999 86.15211660943378
C12 919.999 78.3230632550406
C12 925.012 76.04233472187765
C12 949.965 63.113214457583666
C12 975.002 47.215967254952886
C12 999.976 29.315061354606435
C12 1025.028 14.202103413652939
C12 1050.014 5.717480732511971
C12 1075.002 0.9309064163778148
C12 1099.99 0.09236367942685729
C13 319.994 50.06014581665102
C13 324.969 52.39960875983689
C13 349.982 63.85662201424836
C13 374.975 77.55663612181256
C13 400.019 85.74862757166629
C13 424.965 85.71892489222972
C13 450.035 85.4293237677232
C13 475.003 84.51289056458938
C13 500.018 84.9690076239677
C13 525.002 86.06124450336058
C13 550.029 87.39202254588336
C13 575.023 89.91874806703987
C13 599.982 91.46235259260166
C13 619.997 92.82515524990784
C13 624.979 92.95519870683188
C13 650.012 94.05256193699047
C13 675.004 95.09747053681413
C13 700.03 95.848993559066
C13 725.012 96.51279567321536
C13 750.022 97.67334871531234
C13 774.987 98.38251149498704
C13 799.976 98.36290320330824
C13 824.988 97.7248534630054
C13 850.022 95.78572835961634
C13 869.967 93.6906340341808
C13 875.002 92.5942809966731
C13 899.999 86.14067278522445
C13 919.999 78.24689171366317
C13 925.012 75.95542046014563
C13 949.965 63.02970394198504
C13 975.002 47.1776138585992
C13 999.976 29.254297135842837
C13 1025.028 14.147928063373492
C13 1050.014 5.660122144569557
C13 1075.002 0.9305218101337188
C13 1099.99 0.09232551914864859
C14 319.994 49.73472808554473
C14 324.969 52.039735166709065
C14 349.982 63.46301627920711
C14 374.975 77.48788271154315
C14 400.019 85.90734089912264
C14 424.965 85.92173991377337
C14 450.035 85.60284320239109
C14 475.003 84.64205198763169
C14 500.018 85.05914847118166
C14 525.002 86.11690310292407
C14 550.029 87.42735667241108
C14 575.023 89.94086676284364
C14 599.982 91.47930724388411
C14 619.997 92.84117509605065
C14 624.979 92.97300523699157
C14 650.012 94.07556266667599
C14 675.004 95.1363554151222
C14 700.03 95.91926979706287
C14 725.012 96.63487067019919
C14 750.022 97.86767510308808
C14 774.987 98.6446112553858
C14 799.976 98.66153575166375
C14 824.988 98.02674275184735
C14 850.022 96.0847227680259
C14 869.967 93.96430577755801
C14 875.002 92.8563355245651
C14 899.999 86.3295034234293
C14 919.999 78.35747011517981
C14 925.012 76.0560778651804
C14 949.965 63.19692098071156
C14 975.002 47.34945215176597
C14 999.976 29.332368442504023
C14 1025.028 14.144010739819628
C14 1050.014 5.643663637345593
C14 1075.002 0.9323725381236939
C14 1099.99 0.09250914667958506
C15 319.994 49.05103874592489
C15 324.969 51.30753019421765
C15 349.982 62.60630506249371
C15 374.975 76.78574604791791
C15 400.019 85.32135377409618
C15 424.965 85.37863320515177
C15 450.035 85.03970603202762
C15 475.003 84.04348268697588
C15 500.018 84.4125497871019
C15 525.002 85.42863020261962
C15 550.029 86.70341040177823
C15 575.023 89.18252870957384
C15 599.982 90.70299680792984
C15 619.997 92.05078981174408
C15 624.979 92.18118758997106
C15 650.012 93.28209403315888
C15 675.004 94.33822029465807
C15 700.03 95.14227333475614
C15 725.012 95.88578266456103
C15 750.022 97.1635029766588
C15 774.987 97.97853243839637
C15 799.976 98.02237781494537
C15 824.988 97.408761167042
C15 850.022 95.47930828134764
C15 869.967 93.37432311443476
C15 875.002 92.26875772305104
C15 899.999 85.71375330895727
C15 919.999 77.717867392145
C15 925.012 75.42675799868151
C15 949.965 62.83680237817214
C15 975.002 47.232122798615976
C15 999.976 29.29349675701042
C15 1025.028 14.053167846407053
C15 1050.014 5.625613511290146
C15 1075.002 0.9256635724042915
C15 1099.99 0.09184348926430609
C16 319.994 48.9651610624727
C16 324.969 51.19332188403383
C16 349.982 62.492688544273285
C16 374.975 77.03282107732248
C16 400.019 85.83850456259084
C16 424.965 85.95106565565362
C16 450.035 85.5956663113191
C16 475.003 84.55663039862263
C16 500.018 84.89028798470967
C16 525.002 85.87797746348674
C16 550.029 87.13599901889219
C16 575.023 89.6057617365404
C16 599.982 91.11329333796412
C16 619.997 92.46244331698105
C16 624.979 92.5924264638961
C16 650.012 93.69539852489245
C16 675.004 94.77441997356141
C16 700.03 95.58863525017736
C16 725.012 96.35515284841891
C16 750.022 97.6498504280525
C16 774.987 98.47712282161875
C16 799.976 98.53472641897275
C16 824.988 97.9335637879296
C16 850.022 95.99118948280521
C16 869.967 93.90510396496529
C16 875.002 92.79677185191832
C16 899.999 86.1595648955463
C16 919.999 78.09020631025972
C16 925.012 75.78937192784365
C16 949.965 63.23747946176961
C16 975.002 47.5438086945462
C16 999.976 29.51939920387753
C16 1025.028 14.125746230529034
C16 1050.014 5.696407567254985
C16 1075.002 0.9302968610598924
C16 1099.99 0.0923031999082
C17 319.994 48.68488537310908
C17 324.969 50.87775353127369
C17 349.982 62.134989880845325
C17 374.975 76.96909601405413
C17 400.019 86.03129304513686
C17 424.965 86.22213652989235
C17 450.035 85.87153937002512
C17 475.003 84.82405251731636
C17 500.018 85.1303444368159
C17 525.002 86.0931334206237
C17 550.029 87.32614139979297
C17 575.023 89.74802550903975
C17 599.982 91.20519071419046
C17 619.997 92.52334134857715
C17 624.979 92.64912541111498
C17 650.012 93.73656764479172
C17 675.004 94.81754163000231
C17 700.03 95.62364521040665
C17 725.012 96.36946893680724
C17 750.022 97.6126919237523
C17 774.987 98.39693312589115
C17 799.976 98.44525652060901
C17 824.988 97.86789372687073
C17 850.022 95.91844807319013
C17 869.967 93.83646363596276
C17 875.002 92.72733995404757
C17 899.999 86.1505937817063
C17 919.999 78.1094602806356
C17 925.012 75.79669205518702
C17 949.965 63.212774974329605
C17 975.002 47.475839314393895
C17 999.976 29.498859876434658
C17 1025.028 14.04717830863742
C17 1050.014 5.724241578756185
C17 1075.002 0.9299432538505852
C17 1099.99 0.0922681153257448
