lsstCam/transmission_filter_detector/r03_s10/y_10/19700101T000000.ecsv
# %ECSV 1.0
# ---
# datatype:
# - {name: wavelength, unit: nm, datatype: float32}
# - {name: efficiency, unit: '%', datatype: float64}
# meta: !!omap
# - {MODE: DETECTOR}
# - {TYPE: transmission_filter_detector}
# - {CALIBDATE: '1970-01-01T00:00:00'}
# - {INSTRUME: LSSTCam}
# - {OBSTYPE: transmission_filter_detector}
# - {CALIBCLS: lsst.ip.isr.IntermediateFilterDetectorTransmissionCurve}
# - {SOURCE: Materion (DM-46256)}
# - {DETECTOR: 21}
# - {FILTER: y_10}
# - {CALIB_ID: 'calibDate=1970-01-01T00:00:00 filter=y_10 detector=21'}
# - {DATE: '2025-04-02T15:59:50.838290'}
# - {CALIB_CREATION_DATE: '2025-04-02'}
# - {CALIB_CREATION_TIME: '15:59:50'}
# - __serialized_columns__:
#     efficiency:
#       __class__: astropy.units.quantity.Quantity
#       unit: !astropy.units.Unit {unit: '%'}
#       value: !astropy.table.SerializedColumn {name: efficiency}
#     wavelength:
#       __class__: astropy.units.quantity.Quantity
#       unit: !astropy.units.Unit {unit: nm}
#       value: !astropy.table.SerializedColumn {name: wavelength}
# schema: astropy-2.0
wavelength efficiency
[from data line 576]
876.0 0.0031100040359888226
877.0 0.0019505810996633954
878.0 0.000791158527135849
879.0 0.001698805863270536
880.0 0.056942482478916645
881.0 0.09175227605737746
882.0 0.05879413220100105
883.0 0.09257257916033268
884.0 0.06806079763919115
885.0 0.09204155066981912
886.0 0.06756194634363055
887.0 0.09390072082169354
888.0 0.06365662557072937
889.0 0.09658029302954674
890.0 0.0678824435453862
891.0 0.1045945449732244
892.0 0.05783957312814891
893.0 0.09258282952941954
894.0 0.06917333812452853
895.0 0.10371945099905133
896.0 0.07246028981171548
897.0 0.11173643870279193
898.0 0.0732801214326173
899.0 0.11421636445447803
900.0 0.08713727002032101
901.0 0.12094535632058978
902.0 0.13097735354676843
903.0 0.1478424994274974
904.0 0.16000934410840273
905.0 0.17573608784005046
906.0 0.22063711658120155
907.0 0.2717551775276661
908.0 0.366722047328949
909.0 0.45589450746774673
910.0 0.6347859278321266
911.0 0.8863872848451138
912.0 1.2934899888932705
913.0 1.9211884588003159
914.0 2.7254100888967514
915.0 3.97053062915802
916.0 5.5581700056791306
917.0 7.424317300319672
918.0 9.67075452208519
919.0 11.928550899028778
920.0 15.02302885055542
921.0 18.255887925624847
922.0 21.40539288520813
923.0 25.021502375602722
924.0 28.947001695632935
925.0 33.3447128534317
926.0 38.75559866428375
927.0 44.82516348361969
928.0 50.406789779663086
929.0 56.65620565414429
930.0 62.47149705886841
931.0 68.47618818283081
932.0 74.3478775024414
933.0 79.64762449264526
934.0 83.86979699134827
935.0 87.16399669647217
936.0 89.92912769317627
937.0 91.99965000152588
938.0 93.57449412345886
939.0 94.50490474700928
940.0 95.14874815940857
941.0 95.57362198829651
942.0 95.95474004745483
943.0 96.26914262771606
944.0 96.58032655715942
945.0 96.71090841293335
946.0 96.87954783439636
947.0 96.96346521377563
948.0 97.12246656417847
949.0 97.09646105766296
950.0 97.1409261226654
951.0 97.18502759933472
952.0 97.16968536376953
953.0 97.34122157096863
954.0 97.36659526824951
955.0 97.42591381072998
956.0 97.68184423446655
957.0 97.8455662727356
958.0 98.00683856010437
959.0 98.1280505657196
960.0 98.28808903694153
961.0 98.37690591812134
962.0 98.49427342414856
963.0 98.5465943813324
964.0 98.6146330833435
965.0 98.66242408752441
966.0 98.76716732978821
967.0 98.82211089134216
968.0 98.81288409233093
969.0 98.79452586174011
970.0 98.85878562927246
971.0 98.89879822731018
972.0 98.94555807113647
973.0 99.03145432472229
974.0 99.04619455337524
975.0 99.04218316078186
976.0 99.05818104743958
977.0 99.07647371292114
978.0 99.10580515861511
979.0 99.07218813896179
980.0 99.07360076904297
981.0 98.99694323539734
982.0 98.95108938217163
983.0 98.98301362991333
984.0 98.93768429756165
985.0 98.92985820770264
986.0 98.81653189659119
987.0 98.87775182723999
988.0 98.73270392417908
989.0 98.72047305107117
990.0 98.66422414779663
991.0 98.6814558506012
992.0 98.73144626617432
993.0 98.67464303970337
994.0 98.61563444137573
995.0 98.69717359542847
996.0 98.64914417266846
997.0 98.76644611358643
998.0 98.78432750701904
999.0 98.82753491401672
1000.0 98.87735247612
1001.0 98.83771538734436
1002.0 98.95747900009155
1003.0 99.00091290473938
1004.0 99.04599189758301
1005.0 99.02511239051819
1006.0 99.17123317718506
1007.0 99.15643334388733
1008.0 99.13909435272217
1009.0 99.06794428825378
1010.0 99.1342306137085
1011.0 99.1294264793396
1012.0 99.0746796131134
1013.0 99.04562830924988
1014.0 99.04969334602356
1015.0 98.9918053150177
1016.0 98.95454049110413
1017.0 98.98532032966614
1018.0 99.02696013450623
1019.0 98.91644716262817
1020.0 98.98889064788818
1021.0 99.0596055984497
1022.0 98.93673062324524
1023.0 98.99021983146667
1024.0 98.9591896533966
1025.0 98.93535375595093
1026.0 98.98880124092102
1027.0 99.0968406200409
1028.0 99.03954863548279
1029.0 99.1324245929718
1030.0 99.15035963058472
1031.0 99.17689561843872
1032.0 99.1395890712738
1033.0 99.13264513015747
1034.0 99.1184949874878
1035.0 99.20748472213745
1036.0 99.12127256393433
1037.0 99.0975558757782
1038.0 99.09831881523132
1039.0 99.02539849281311
1040.0 99.02139902114868
1041.0 99.10030364990234
1042.0 99.03243780136108
1043.0 98.92174005508423
1044.0 99.08061623573303
1045.0 98.7040102481842
1046.0 98.94397854804993
1047.0 98.87108206748962
1048.0 98.86980652809143
1049.0 98.79934787750244
1050.0 98.79249334335327
1051.0 98.81194233894348
1052.0 98.75024557113647
1053.0 98.67449998855591
1054.0 98.94573092460632
1055.0 98.99188280105591
1056.0 98.93632531166077
1057.0 98.93377423286438
1058.0 98.74606132507324
1059.0 98.8065242767334
1060.0 98.94139766693115
1061.0 98.84344935417175
1062.0 98.91437888145447
1063.0 98.86707663536072
1064.0 99.03870820999146
1065.0 98.92241358757019
1066.0 98.93324971199036
1067.0 99.02017712593079
1068.0 99.01583790779114
1069.0 98.82586002349854
1070.0 99.14287328720093
1071.0 98.97927641868591
1072.0 99.05632734298706
1073.0 99.01654124259949
1074.0 98.8180160522461
1075.0 98.88412952423096
1076.0 98.52858781814575
1077.0 98.95419478416443
1078.0 99.11349415779114
1079.0 98.59499335289001
1080.0 99.4137167930603
1081.0 98.61854314804077
1082.0 98.70737195014954
1083.0 98.60087037086487
1084.0 98.93752932548523
1085.0 98.91562461853027
1086.0 98.784339427948
1087.0 98.83887767791748
1088.0 98.76517057418823
1089.0 98.35207462310791
1090.0 98.68139028549194
1091.0 98.64087104797363
1092.0 98.76239895820618
1093.0 98.67297410964966
1094.0 98.42666387557983
1095.0 98.4295904636383
1096.0 98.72122406959534
1097.0 98.23595881462097
1098.0 97.68823385238647
1099.0 98.62943291664124
1100.0 98.09902906417847
