lsstCam/transmission_filter_detector/r03_s10/y_10/19700101T000000.ecsv
# %ECSV 1.0
# ---
# datatype:
# - {name: wavelength, unit: nm, datatype: float32}
# - {name: efficiency, unit: '%', datatype: float64}
# meta: !!omap
# - {MODE: DETECTOR}
# - {TYPE: transmission_filter_detector}
# - {CALIBDATE: '1970-01-01T00:00:00'}
# - {INSTRUME: LSSTCam}
# - {OBSTYPE: transmission_filter_detector}
# - {CALIBCLS: lsst.ip.isr.IntermediateFilterDetectorTransmissionCurve}
# - {SOURCE: Materion (DM-46256)}
# - {DETECTOR: 21}
# - {FILTER: y_10}
# - {CALIB_ID: 'calibDate=1970-01-01T00:00:00 filter=y_10 detector=21'}
# - {DATE: '2025-04-02T15:59:50.838290'}
# - {CALIB_CREATION_DATE: '2025-04-02'}
# - {CALIB_CREATION_TIME: '15:59:50'}
# - __serialized_columns__:
#     efficiency:
#       __class__: astropy.units.quantity.Quantity
#       unit: !astropy.units.Unit {unit: '%'}
#       value: !astropy.table.SerializedColumn {name: efficiency}
#     wavelength:
#       __class__: astropy.units.quantity.Quantity
#       unit: !astropy.units.Unit {unit: nm}
#       value: !astropy.table.SerializedColumn {name: wavelength}
# schema: astropy-2.0
wavelength efficiency
300.0 0.533814774826169
301.0 0.2896598307415843
302.0 0.045504869194701314
303.0 0.038256001425907016
304.0 0.031007136567495763
305.0 0.021098875731695443
306.0 0.01119061271310784
307.0 0.016696385864634067
308.0 0.02220215683337301
309.0 0.016089511336758733
310.0 0.009976863657357171
311.0 0.008489281754009426
312.0 0.007001697667874396
313.0 0.0076190226536709815
314.0 0.008236347639467567
315.0 0.007226886373246089
316.0 0.006217426562216133
317.0 0.005751130447606556
318.0 0.005284829967422411
319.0 0.0029582492061308585
320.0 0.0006316669896477833
321.0 0.0021395544536062516
322.0 0.0036474422813626006
323.0 0.002573646997916512
324.0 0.0014998521692177746
325.0 0.0007048090083117131
326.0 1.6537399704849576e-10
327.0 0.000972441011981573
328.0 0.002035116449405905
329.0 0.003405312236282043
330.0 0.004775507841259241
331.0 0.004382930274005048
332.0 0.003990351979155093
333.0 0.002827449861797504
334.0 0.0016645473806420341
335.0 0.0017871876480057836
336.0 0.0019098282791674137
337.0 0.0026608240659697913
338.0 0.003411819488974288
339.0 0.0017462411051383242
340.0 8.066282362051425e-05
341.0 1.6537399704849576e-10
342.0 1.6537399704849576e-10
343.0 0.0002509225623725797
344.0 0.0008319316293636803
345.0 0.001191642786579905
346.0 0.0015513545804424211
347.0 0.0017502276023151353
348.0 0.0019491002603899688
349.0 0.001560530836286489
350.0 0.0011719609574356582
351.0 0.0014439351616601925
352.0 0.001715908911137376
353.0 0.0013756690350419376
354.0 0.0010354291589464992
355.0 0.001208698176924372
356.0 0.001381967194902245
357.0 0.0010868759090953972
358.0 0.000791784350440139
359.0 0.0008364769200852606
360.0 0.0008811693987809122
361.0 0.0011005063242919277
362.0 0.001319843067904003
363.0 0.0011124803677375894
364.0 0.0009051173037732951
365.0 0.0012467417036532424
366.0 0.0015883664673310705
367.0 0.0020476454665185884
368.0 0.002506924283807166
369.0 0.0021357778678066097
370.0 0.0017646318156039342
371.0 0.001776572571543511
372.0 0.0017885133274830878
373.0 0.002240492540295236
374.0 0.002692471753107384
375.0 0.0034510358091210946
376.0 0.004209599501336925
377.0 0.004150799577473663
378.0 0.004091999653610401
379.0 0.0036257333704270422
380.0 0.0031594670872436836
381.0 0.0021843859940418042
382.0 0.0012093046279915143
383.0 0.001186752888315823
384.0 0.0011642009667411912
385.0 0.0009543769010633696
386.0 0.000744552880860283
387.0 0.0007903787263785489
388.0 0.00083620470832102
389.0 0.0006651381227129605
390.0 0.000494071582579636
391.0 0.0004543988779914798
392.0 0.0004147263098275289
393.0 0.000539152142664534
394.0 0.0006635781574004795
395.0 0.00063886764110066
396.0 0.0006141572157503106
397.0 0.000799429471953772
398.0 0.0009847017281572334
399.0 0.0012755675925291143
400.0 0.0015664334569009952
401.0 0.0016720339772291481
402.0 0.0017776346794562414
403.0 0.0017870672309072688
404.0 0.0017964999642572366
405.0 0.0017925754946190864
406.0 0.001788651388778817
407.0 0.0015164924661803525
408.0 0.0012443339073797688
409.0 0.0009517004400549922
410.0 0.0006590665634575998
411.0 0.0004412734597281087
412.0 0.00022348033326125005
413.0 0.0009021594451041892
414.0 0.001580838579684496
415.0 0.0022861417164676823
416.0 0.002991445035149809
417.0 0.0014059011846256908
418.0 1.6537399704849576e-10
419.0 1.6537399704849576e-10
420.0 1.6537399704849576e-10
421.0 0.00012804124480680912
422.0 0.0006550000307470327
423.0 0.0007470756827387959
424.0 0.0008391511073568836
425.0 0.0001619413978914963
426.0 1.6537399704849576e-10
427.0 1.6537399704849576e-10
428.0 0.00035150333133060485
429.0 0.00020618965663743438
430.0 6.087601036597334e-05
431.0 0.0004953393727191724
432.0 0.0009298028999182861
433.0 0.0007594517683173763
434.0 0.0005891010914638173
435.0 0.00019114531824016012
436.0 1.6537399704849576e-10
437.0 1.6537399704849576e-10
438.0 3.4204749255195566e-06
439.0 1.6537399704849576e-10
440.0 1.6537399704849576e-10
441.0 1.6537399704849576e-10
442.0 1.6537399704849576e-10
443.0 1.6537399704849576e-10
444.0 1.6537399704849576e-10
445.0 6.69417602239264e-05
446.0 0.00027016935746360105
447.0 0.0004621904736268334
448.0 0.0006542114533658605
449.0 0.0007038781859591836
450.0 0.0007535446457040962
451.0 0.0003902714979631128
452.0 2.699848664633464e-05
453.0 1.6537399704849576e-10
454.0 1.6537399704849576e-10
455.0 1.6537399704849576e-10
456.0 1.6537399704849576e-10
457.0 1.6537399704849576e-10
458.0 4.0392166056335554e-05
459.0 6.856492404949677e-05
460.0 9.673771046436741e-05
461.0 0.00017276078096983838
462.0 0.00024878388558136066
463.0 0.00033132619137177244
464.0 0.00041386851989955176
465.0 0.00046076643229753245
466.0 0.0005076644811197184
467.0 0.0009458612112211995
468.0 0.0013840577594237402
469.0 0.001481995150243165
470.0 0.001579932177264709
471.0 0.0016255644368357025
472.0 0.0016711965145077556
473.0 0.002255049184896052
474.0 0.0028389016733854078
475.0 0.002864641101041343
476.0 0.0028903807105962187
477.0 0.0031528361432719976
478.0 0.0034152915759477764
479.0 0.00396267460018862
480.0 0.004510057260631584
481.0 0.004518142668530345
482.0 0.004526228076429106
483.0 0.0039121456211432815
484.0 0.003298062438261695
485.0 0.0035890465369448066
486.0 0.003880030635627918
487.0 0.003323112105135806
488.0 0.002766193210845813
489.0 0.0023731166947982274
490.0 0.0019800407244474627
491.0 0.001686554060142953
492.0 0.0013930672139395028
493.0 0.0010803050827234983
494.0 0.0007675433153053746
495.0 0.001057455847330857
496.0 0.0013473684703058098
497.0 0.0017874577679322101
498.0 0.002227547338407021
499.0 0.0021185423975111917
500.0 0.0020095376385143027
501.0 0.0021157004084670916
502.0 0.0022218631784198806
503.0 0.0024731816665735096
504.0 0.002724499790929258
505.0 0.0032600084523437545
506.0 0.0037955174775561318
507.0 0.0027273958039586432
508.0 0.001659273220866453
509.0 0.0018972497855429538
510.0 0.002135225986421574
511.0 0.0019822735339403152
512.0 0.0018293210814590566
513.0 0.0017837632185546681
514.0 0.00173820553754922
515.0 0.0015345909559982829
516.0 0.0013309761925484054
517.0 0.0014346587704494596
518.0 0.001538340984552633
519.0 0.0015133664419408888
520.0 0.0014883915355312638
521.0 0.001643588620936498
522.0 0.001798785524442792
523.0 0.0016714053344912827
524.0 0.0015440249626408331
525.0 0.0020148645489825867
526.0 0.002485705044819042
527.0 0.0024088696591206826
528.0 0.0023320348191191442
529.0 0.0024855409719748423
530.0 0.0026390469429316
531.0 0.0025547216864652
532.0 0.0024703960662009194
533.0 0.0025919758627424017
534.0 0.002713555113587063
535.0 0.0022580052245757543
536.0 0.001802454971766565
537.0 0.002307204886164982
538.0 0.002811954436765518
539.0 0.003350001497892663
540.0 0.0038880483771208674
541.0 0.0039018854295136407
542.0 0.003915722481906414
543.0 0.00412505105487071
544.0 0.004334378900239244
545.0 0.0047670611820649356
546.0 0.005199743100092746
547.0 0.004319000800023787
548.0 0.0034382581361569464
549.0 0.0031917868909658864
550.0 0.0029453156457748264
551.0 0.002663098530319985
552.0 0.0023808812329662032
553.0 0.0030115996196400374
554.0 0.0036423174606170505
555.0 0.0036736666515935212
556.0 0.0037050162063678727
557.0 0.003500730963423848
558.0 0.0032964460842777044
559.0 0.003215224205632694
560.0 0.0031340023269876838
561.0 0.0036047902540303767
562.0 0.004075577453477308
563.0 0.003584526348276995
564.0 0.003093475243076682
565.0 0.0037831723602721468
566.0 0.004472869477467611
567.0 0.004708127744379453
568.0 0.004943385647493415
569.0 0.005443110785563476
570.0 0.005942836287431419
571.0 0.0061333426856435835
572.0 0.006323848356259987
573.0 0.006671038863714784
574.0 0.007018228643573821
575.0 0.006758074596291408
576.0 0.006497921276604757
577.0 0.005807342677144334
578.0 0.0051167644414817914
579.0 0.0057105469750240445
580.0 0.006304329872364178
581.0 0.006910289084771648
582.0 0.007516247569583356
583.0 0.008505313599016517
584.0 0.009494376718066633
585.0 0.009821418643696234
586.0 0.010148461296921596
587.0 0.010146481508854777
588.0 0.010144499538000673
589.0 0.0104671431472525
590.0 0.010789789666887373
591.0 0.010060806380352005
592.0 0.009331823093816638
593.0 0.007487450784537941
594.0 0.005643081749440171
595.0 0.005608849824056961
596.0 0.005574618626269512
597.0 0.005971924838377163
598.0 0.006369230686686933
599.0 0.0074249292083550245
600.0 0.008480626274831593
601.0 0.008994766540126875
602.0 0.009508904622634873
603.0 0.010421641491120681
604.0 0.011334379814798012
605.0 0.011421085218898952
606.0 0.011507790622999892
607.0 0.009911229426506907
608.0 0.008314670412801206
609.0 0.006561700138263404
610.0 0.004808731682715006
611.0 0.003977739834226668
612.0 0.0031467479857383296
613.0 0.003592683788156137
614.0 0.0040386192267760634
615.0 0.004708984852186404
616.0 0.005379351568990387
617.0 0.006590667180716991
618.0 0.0078019831562414765
619.0 0.008761782373767346
620.0 0.009721583046484739
621.0 0.01093987884814851
622.0 0.012158175377408043
623.0 0.012044487812090665
624.0 0.011930798063986003
625.0 0.010562589159235358
626.0 0.009194379526888952
627.0 0.007298405398614705
628.0 0.005402429451351054
629.0 0.0044156669900985435
630.0 0.003428904528846033
631.0 0.0028624343030969612
632.0 0.0022959635316510685
633.0 0.0025301686036982574
634.0 0.002764374039543327
635.0 0.0028811411539209075
636.0 0.0029979075407027267
637.0 0.0038016849430277944
638.0 0.004605462163453922
639.0 0.004593045377987437
640.0 0.004580627864925191
641.0 0.005201323801884428
642.0 0.0058220197388436645
643.0 0.005573961971094832
644.0 0.005325903839548118
645.0 0.0049950442189583555
646.0 0.0046641845983685926
647.0 0.0038372403651010245
648.0 0.003010296495631337
649.0 0.002210072307207156
650.0 0.0014098481187829748
651.0 0.001489493570261402
652.0 0.00156913938553771
653.0 0.001549988883198239
654.0 0.0015308383808587678
655.0 0.0015974808775354177
656.0 0.001664123556111008
657.0 0.001637196692172438
658.0 0.0016102698282338679
659.0 0.0017886039131553844
660.0 0.001966937998076901
661.0 0.0018316581190447323
662.0 0.0016963782400125638
663.0 0.0023720764147583395
664.0 0.0030477747714030556
665.0 0.0036350109439808875
666.0 0.004222246934659779
667.0 0.004724919926957227
668.0 0.005227591464063153
669.0 0.005391083323047496
670.0 0.005554571907850914
671.0 0.006115962605690584
672.0 0.006677353667328134
673.0 0.007767006900394335
674.0 0.008856660133460537
675.0 0.008327131945407018
676.0 0.007797605212545022
677.0 0.006270235462579876
678.0 0.004742865348816849
679.0 0.0031270901672542095
680.0 0.0015113158951862715
681.0 0.0006980297257541679
682.0 1.6537399704849576e-10
683.0 0.00027336411676515127
684.0 0.0006619848136324435
685.0 0.0003700689376273658
686.0 7.815307299097185e-05
687.0 0.0001072245026989549
688.0 0.00013629597788167302
689.0 0.00025684798856673297
690.0 0.0003774000106204767
691.0 0.0004841833742830204
692.0 0.0005909667379455641
693.0 0.000514559360453859
694.0 0.00043815202843688894
695.0 0.0004424235612532357
696.0 0.0004466950940695824
697.0 0.0004741456450574333
698.0 0.0005015960596210789
699.0 0.0005194940058572683
700.0 0.0005373917247197824
701.0 0.0003385492163943127
702.0 0.0001397067535435781
703.0 0.00026463621907169
704.0 0.0003895656845998019
705.0 0.00047398480091942474
706.0 0.0005584037353401072
707.0 0.00011693454098349321
708.0 1.6537399704849576e-10
709.0 1.6537399704849576e-10
710.0 1.6537399704849576e-10
711.0 0.00026358150080341147
712.0 0.0005845513442181982
713.0 0.0003342593572597252
714.0 8.396739303861978e-05
715.0 0.00025421704776817933
716.0 0.00042446667976037133
717.0 0.00032655159429850755
718.0 0.0002286365770487464
719.0 0.0004403342700243229
720.0 0.000652031985737267
721.0 0.0003778033942580805
722.0 0.00010357478004152654
723.0 0.000214000760934141
724.0 0.00032442674182675546
725.0 0.00039078754525689874
726.0 0.00045714846237387974
727.0 0.00017712286535243038
728.0 1.6537399704849576e-10
729.0 9.892620482787606e-05
730.0 0.000300755095850036
731.0 0.000461386935057817
732.0 0.0006220189789019059
733.0 0.00023613524717802648
734.0 1.6537399704849576e-10
735.0 1.6537399704849576e-10
736.0 1.6537399704849576e-10
737.0 0.0003423360567467171
738.0 0.0009533748198009562
739.0 0.0006095102889958071
740.0 0.0002656454853422474
741.0 0.00014589610373150208
742.0 2.6146719278585806e-05
743.0 1.6537399704849576e-10
744.0 1.6537399704849576e-10
745.0 0.00024931559892138466
746.0 0.0007981441740412265
747.0 0.00037773938856844325
748.0 1.6537399704849576e-10
749.0 1.6537399704849576e-10
750.0 1.6537399704849576e-10
751.0 1.6537399704849576e-10
752.0 1.6537399704849576e-10
753.0 0.0002193952695961343
754.0 0.00045015267460257746
755.0 1.6537399704849576e-10
756.0 1.6537399704849576e-10
757.0 1.6537399704849576e-10
758.0 1.6537399704849576e-10
759.0 0.00022757317310606595
760.0 0.0007724147508270107
761.0 0.0003715254251801525
762.0 1.6537399704849576e-10
763.0 1.6537399704849576e-10
764.0 1.6537399704849576e-10
765.0 1.6537399704849576e-10
766.0 0.0003378930159669835
767.0 1.6537399704849576e-10
768.0 1.6537399704849576e-10
769.0 1.6537399704849576e-10
770.0 1.6537399704849576e-10
771.0 1.6537399704849576e-10
772.0 1.6537399704849576e-10
773.0 0.0002702824531297665
774.0 0.0006291656518442323
775.0 0.00041273669921793044
776.0 0.00019630758743005572
777.0 0.00028445081170502817
778.0 0.0003725940359800006
779.0 0.0005532446721190354
780.0 0.0007338952855207026
781.0 0.0007056499271129724
782.0 0.0006774045687052421
783.0 0.0004971884209226118
784.0 0.00031697231861471664
785.0 0.00014321002481665346
786.0 1.6537399704849576e-10
787.0 0.0004937019184581004
788.0 0.0010179563105339184
789.0 0.0009042414603754878
790.0 0.000790526519267587
791.0 0.000566435528526199
792.0 0.0003423442876737681
793.0 0.0004782593805430224
794.0 0.0006141741778264986
795.0 0.0007653922693862114
796.0 0.0009166101335722487
797.0 0.00036936339711246546
798.0 1.6537399704849576e-10
799.0 0.0003793171117649763
800.0 0.0009365175174025353
801.0 0.0005159236934559885
802.0 9.532988656246744e-05
803.0 0.00039060523704392835
804.0 0.0006858805591036798
805.0 0.0009555327778798528
806.0 0.0012251847692823503
807.0 0.0007538490535807796
808.0 0.0002825133606165764
809.0 1.6537399704849576e-10
810.0 1.6537399704849576e-10
811.0 2.2177698610903462e-05
812.0 0.00033251731110794935
813.0 0.0007490145435440354
814.0 0.0011655117305053864
815.0 0.0011565894965315238
816.0 0.00114766662591137
817.0 0.0010036468665930443
818.0 0.0008596271072747186
819.0 0.0009618835974833928
820.0 0.0010641401786415372
821.0 0.0008943825378082693
822.0 0.0007246247605507961
823.0 0.0007085195193212712
824.0 0.000692414596414892
825.0 0.0006785435289202724
826.0 0.000664672597849858
827.0 0.0006730118911946192
828.0 0.0006813512754888507
829.0 0.00040150130189431366
830.0 0.00012165136240582797
831.0 0.0001676680540185771
832.0 0.0002136849616363179
833.0 0.00046936543185438495
834.0 0.000725045902072452
835.0 0.0001247646082447318
836.0 1.6537399704849576e-10
837.0 1.6537399704849576e-10
838.0 0.0001073856878974766
839.0 0.0004663819709094241
840.0 0.0008253781743405852
841.0 0.0010704773558245506
842.0 0.0013155764463590458
843.0 0.0009238667189492844
844.0 0.0005321567641658476
845.0 0.000543607438885374
846.0 0.0005550579771806952
847.0 0.0007803701009834185
848.0 0.0010056822247861419
849.0 0.0009201050488627516
850.0 0.0008345273272425402
851.0 0.0010570092854322866
852.0 0.001279491243622033
853.0 0.00043219565668550786
854.0 1.6537399704849576e-10
855.0 1.6537399704849576e-10
856.0 1.6537399704849576e-10
857.0 0.00028496892809926067
858.0 0.0013392344953899737
859.0 0.0012803388017346151
860.0 0.001221442835230846
861.0 0.0013165865311748348
862.0 0.0014117304999672342
863.0 0.0016844172932906076
864.0 0.001957103995664511
865.0 0.0018594426364870742
866.0 0.0017617818230064586
867.0 0.002518568180676084
868.0 0.0032753545383457094
869.0 0.0030104880352155305
870.0 0.002745621168287471
871.0 0.003300781099824235
872.0 0.0038559413951588795
873.0 0.0027163980121258646
874.0 0.0015768548109917901
