lsstCam/transmission_sensor/r32_s21/19700101T000000.ecsv
# %ECSV 0.9
# ---
# datatype:
# - {name: amp_name, datatype: string}
# - {name: wavelength, unit: nm, datatype: float32}
# - {name: efficiency, unit: '%', datatype: float32}
# meta: !!omap
# - {MODE: AMP}
# - {TYPE: transmission_sensor}
# - {CALIBDATE: '1970-01-01T00:00:00'}
# - {INSTRUME: LSSTCAM}
# - {OBSTYPE: transmission_sensor}
# - {DETECTOR: 142}
# - {CALIBCLS: lsst.ip.isr.IntermediateSensorTransmissionCurve}
# - {PICKLEFILE: RaftRun12002.p}
# - {CALIB_ID: 'raftName=R32 detectorName=S21 detector=142 calibDate=1970-01-01T00:00:00 ccd=142 ccdnum=142 filter=None'}
# - {DATE: '2020-07-23T19:16:16.670956'}
# - {CALIB_CREATION_DATE: '2020-07-23'}
# - {CALIB_CREATION_TIME: '19:16:16'}
# - __serialized_columns__:
#     efficiency:
#       __class__: astropy.units.quantity.Quantity
#       unit: !astropy.units.Unit {unit: '%'}
#       value: !astropy.table.SerializedColumn {name: efficiency}
#     wavelength:
#       __class__: astropy.units.quantity.Quantity
#       unit: !astropy.units.Unit {unit: nm}
#       value: !astropy.table.SerializedColumn {name: wavelength}
# schema: astropy-2.0
amp_name wavelength efficiency
C01 349.982 71.09794
C01 450.035 86.3966
C01 500.018 90.891014
C01 619.997 98.505486
C01 750.022 96.51475
C01 869.967 89.61449
C01 999.976 30.631195
C04 349.982 72.63613
C04 450.035 86.792404
C04 500.018 91.067856
C04 619.997 98.62042
C04 750.022 96.68931
C04 869.967 89.83689
C04 999.976 30.615211
C17 349.982 72.165436
C17 450.035 86.56988
C17 500.018 90.90611
C17 619.997 98.46839
C17 750.022 97.26717
C17 869.967 90.87625
C17 999.976 30.821787
C11 349.982 68.554474
C11 450.035 85.70485
C11 500.018 90.45563
C11 619.997 98.22424
C11 750.022 96.896774
C11 869.967 90.539185
C11 999.976 30.855618
C07 349.982 73.66406
C07 450.035 86.93237
C07 500.018 91.056
C07 619.997 98.548195
C07 750.022 96.76354
C07 869.967 89.85457
C07 999.976 30.410742
C06 349.982 73.47053
C06 450.035 86.94506
C06 500.018 91.10858
C06 619.997 98.60627
C06 750.022 96.74684
C06 869.967 89.86303
C06 999.976 30.487452
C15 349.982 71.44731
C15 450.035 86.561646
C15 500.018 91.00709
C15 619.997 98.64161
C15 750.022 97.35577
C15 869.967 90.9297
C15 999.976 30.913813
C05 349.982 73.09593
C05 450.035 86.86857
C05 500.018 91.08416
C05 619.997 98.60604
C05 750.022 96.70019
C05 869.967 89.85731
C05 999.976 30.548578
C03 349.982 72.21765
C03 450.035 86.68013
C03 500.018 91.019325
C03 619.997 98.59394
C03 750.022 96.63306
C03 869.967 89.778336
C03 999.976 30.583534
C00 349.982 70.57706
C00 450.035 86.280334
C00 500.018 90.84502
C00 619.997 98.500336
C00 750.022 96.541084
C00 869.967 89.70638
C00 999.976 30.711092
C13 349.982 70.315315
C13 450.035 86.290436
C13 500.018 90.88267
C13 619.997 98.57324
C13 750.022 97.23829
C13 869.967 90.81592
C13 999.976 30.909908
C02 349.982 71.7297
C02 450.035 86.580284
C02 500.018 90.99953
C02 619.997 98.59264
C02 750.022 96.603325
C02 869.967 89.7202
C02 999.976 30.596508
C12 349.982 69.58891
C12 450.035 86.11581
C12 500.018 90.780914
C12 619.997 98.51455
C12 750.022 97.17676
C12 869.967 90.770294
C12 999.976 30.906672
C10 349.982 67.78764
C10 450.035 85.66536
C10 500.018 90.527794
C10 619.997 98.375175
C10 750.022 97.058464
C10 869.967 90.719955
C10 999.976 30.997934
C16 349.982 71.83963
C16 450.035 86.56548
C16 500.018 90.946945
C16 619.997 98.537186
C16 750.022 97.2896
C16 869.967 90.87738
C16 999.976 30.838917
C14 349.982 70.742935
C14 450.035 86.28604
C14 500.018 90.79092
C14 619.997 98.44575
C14 750.022 97.14141
C14 869.967 90.719925
C14 999.976 30.839018
