lsstCam/transmission_sensor/r32_s21/19700101T000000.ecsv
# %ECSV 1.0
# ---
# datatype:
# - {name: amp_name, datatype: string}
# - {name: wavelength, unit: nm, datatype: float32}
# - {name: efficiency, unit: '%', datatype: float64}
# meta: !!omap
# - {MODE: AMP}
# - {TYPE: transmission_sensor}
# - {CALIBDATE: '1970-01-01T00:00:00'}
# - {INSTRUME: LSSTCam}
# - {OBSTYPE: transmission_sensor}
# - {DETECTOR: 142}
# - {PARQUETFILE: qe_raft_allvalues_nircorrected_20230725_adjust.parquet}
# - {CORRFILE: qe_corr_factor_bydetnum.parquet}
# - {CALIBCLS: lsst.ip.isr.IntermediateSensorTransmissionCurve}
# - {CALIB_ID: 'raftName=R32 detectorName=S21 detector=142 calibDate=1970-01-01T00:00:00 ccd=142 ccdnum=142 filter=None'}
# - {DATE: '2025-03-03T21:56:48.181651'}
# - {CALIB_CREATION_DATE: '2025-03-03'}
# - {CALIB_CREATION_TIME: '21:56:48'}
# - __serialized_columns__:
#     efficiency:
#       __class__: astropy.units.quantity.Quantity
#       unit: !astropy.units.Unit {unit: '%'}
#       value: !astropy.table.SerializedColumn {name: efficiency}
#     wavelength:
#       __class__: astropy.units.quantity.Quantity
#       unit: !astropy.units.Unit {unit: nm}
#       value: !astropy.table.SerializedColumn {name: wavelength}
# schema: astropy-2.0
amp_name wavelength efficiency
C00 319.992 48.23181835439716
C00 330.006 50.231131743251815
C00 349.994 69.86032714827047
C00 370.001 75.83669269724383
C00 400.009 83.20273566326658
C00 429.983 85.97602240001854
C00 449.989 87.34033925082133
C00 469.993 88.72022307613783
C00 500.016 91.13122248661008
C00 549.99 94.16970699209215
C00 569.998 95.33425270782486
C00 599.983 96.52813385805379
C00 630.013 96.89869586253373
C00 649.987 97.36098210810462
C00 670.017 97.40093482376189
C00 699.987 97.37694959215679
C00 720.012 96.81240494895508
C00 749.995 96.25107949562852
C00 770.007 95.75197659965433
C00 800.008 94.85919549772572
C00 830.013 93.22472362805641
C00 869.994 88.75522609844244
C00 900.005 81.51719504905182
C00 919.989 74.69094070268373
C00 959.989 54.6622861521461
C00 1000.013 28.079716184609083
C00 1030.002 11.69283724680728
C00 1049.996 5.7866746911194795
C00 1080.005 0.6672609103851328
C00 1100.007 0.09076827668160811
C01 319.992 48.76244437376161
C01 330.006 50.78963095945792
C01 349.994 70.67494087914578
C01 370.001 76.73276855688505
C01 400.009 83.80603149351019
C01 429.983 86.42398098360982
C01 449.989 87.73418370601811
C01 469.993 89.07477981264687
C01 500.016 91.45292232739796
C01 549.99 94.4636507661864
C01 569.998 95.62518132520506
C01 599.983 96.81368960219164
C01 630.013 97.18096440574271
C01 649.987 97.64479223519749
C01 670.017 97.68138973887218
C01 699.987 97.65610474046304
C01 720.012 97.09003362694493
C01 749.995 96.52435546618153
C01 770.007 96.01973611807384
C01 800.008 95.1228592393557
C01 830.013 93.48216057988091
C01 869.994 88.9441985895416
C01 900.005 81.75864184647291
C01 919.989 75.05203405713179
C01 959.989 54.489795006393734
C01 1000.013 28.137176079006462
C01 1030.002 11.697966413773871
C01 1049.996 5.743323311973115
C01 1080.005 0.6691553920850486
C01 1100.007 0.09102598522774032
C02 319.992 49.172456567779804
C02 330.006 51.22868009501442
C02 349.994 71.40568942402443
C02 370.001 77.59362980427682
C02 400.009 84.29710152836395
C02 429.983 86.72434046710319
C02 449.989 87.96963041714608
C02 469.993 89.26290594396664
C02 500.016 91.60307562040154
C02 549.99 94.58611600355007
C02 569.998 95.7455231063365
C02 599.983 96.93580722750305
C02 630.013 97.30433645715571
C02 649.987 97.77342380809668
C02 670.017 97.81117749968429
C02 699.987 97.79472638147247
C02 720.012 97.22554942983537
C02 749.995 96.66015842685427
C02 770.007 96.1592267892139
C02 800.008 95.26386882402842
C02 830.013 93.60056782437375
C02 869.994 89.11917591714591
C02 900.005 81.87675437639973
C02 919.989 75.21080964038786
C02 959.989 54.55150748084334
C02 1000.013 28.15495341276544
C02 1030.002 11.698715479962548
C02 1049.996 5.718168195784567
C02 1080.005 0.6700968503572382
C02 1100.007 0.09115405289003599
C03 319.992 49.41501043401947
C03 330.006 51.50011221033377
C03 349.994 71.93798171420454
C03 370.001 78.29030481125143
C03 400.009 84.63618952854797
C03 429.983 86.87629227463795
C03 449.989 88.04510001640257
C03 469.993 89.29429682364137
C03 500.016 91.59276061059028
C03 549.99 94.55245808875199
C03 569.998 95.7093487825515
C03 599.983 96.89988983436535
C03 630.013 97.27637635730099
C03 649.987 97.74804812828259
C03 670.017 97.79549717341442
C03 699.987 97.78681442889196
C03 720.012 97.2203276922679
C03 749.995 96.66302244789344
C03 770.007 96.16460721924
C03 800.008 95.27462968408061
C03 830.013 93.59938140932587
C03 869.994 89.15729233435326
C03 900.005 81.91184808010928
C03 919.989 75.29420630579236
C03 959.989 54.56797749101452
C03 1000.013 28.147961498605827
C03 1030.002 11.762901856490517
C03 1049.996 5.7385072792329375
C03 1080.005 0.6701167127698817
C03 1100.007 0.09115675479709862
C04 319.992 49.60381289748439
C04 330.006 51.70750058341832
C04 349.994 72.33204531612994
C04 370.001 78.7999796476842
C04 400.009 84.884618794149
C04 429.983 86.97503676782758
C04 449.989 88.09134753291903
C04 469.993 89.30188383452088
C04 500.016 91.56734714685746
C04 549.99 94.50561358631973
C04 569.998 95.66222467912068
C04 599.983 96.84974301743674
C04 630.013 97.23266036333895
C04 649.987 97.70313060570517
C04 670.017 97.75284668596035
C04 699.987 97.74637807907504
C04 720.012 97.18635994933629
C04 749.995 96.63460894101405
C04 770.007 96.13448587923435
C04 800.008 95.24347306470196
C04 830.013 93.56527008750312
C04 869.994 89.13479578914584
C04 900.005 81.93134458217013
C04 919.989 75.29372267163271
C04 959.989 54.53416844054154
C04 1000.013 28.17405318367971
C04 1030.002 11.782239666092739
C04 1049.996 5.7362737773374475
C04 1080.005 0.6699197386894571
C04 1100.007 0.09112996018414764
C05 319.992 50.04286203304089
C05 330.006 52.17124528825191
C05 349.994 73.02578829101168
C05 370.001 79.56530803497776
C05 400.009 85.36249468458485
C05 429.983 87.31883264428443
C05 449.989 88.37609470119621
C05 469.993 89.55780942959647
C05 500.016 91.79383151246441
C05 549.99 94.71510274528525
C05 569.998 95.86761050451295
C05 599.983 97.05579383979851
C05 630.013 97.43419978580526
C05 649.987 97.91061721697841
C05 670.017 97.9584516580812
C05 699.987 97.94803085329751
C05 720.012 97.38670539997096
C05 749.995 96.82825152446732
C05 770.007 96.32858942649604
C05 800.008 95.43423651354857
C05 830.013 93.73735316693329
C05 869.994 89.31165475590254
C05 900.005 82.03734358775449
C05 919.989 75.44943775747225
C05 959.989 54.52924141754012
C05 1000.013 28.131640734913603
C05 1030.002 11.801379110121667
C05 1049.996 5.761747695340219
C05 1080.005 0.6712621634591288
C05 1100.007 0.09131257178482942
C06 319.992 50.32273129741099
C06 330.006 52.47035790242743
C06 349.994 73.49785301474797
C06 370.001 80.10800601637408
C06 400.009 85.67236815881256
C06 429.983 87.51136438052725
C06 449.989 88.53325313273096
C06 469.993 89.6830706769456
C06 500.016 91.8969513834421
C06 549.99 94.79662532832111
C06 569.998 95.95007768551687
C06 599.983 97.1370670489708
C06 630.013 97.51521606433023
C06 649.987 97.99168639298959
C06 670.017 98.0401329335757
C06 699.987 98.03032422827532
C06 720.012 97.46571913080365
C06 749.995 96.90912422410116
C06 770.007 96.40649986690202
C06 800.008 95.5024440436266
C06 830.013 93.78699367935103
C06 869.994 89.31535002315361
C06 900.005 82.00263528001592
C06 919.989 75.34057473084873
C06 959.989 54.495164101244214
C06 1000.013 28.096159746037156
C06 1030.002 11.776897964583332
C06 1049.996 5.758085961317016
C06 1080.005 0.6718228136510502
C06 1100.007 0.09138883768164711
C07 319.992 50.394891025387395
C07 330.006 52.558439773753534
C07 349.994 73.72009046789051
C07 370.001 80.4286781345727
C07 400.009 85.81245581586843
C07 429.983 87.55267731725854
C07 449.989 88.53963861499507
C07 469.993 89.6710176068731
C07 500.016 91.86365619426375
C07 549.99 94.75188161176982
C07 569.998 95.89970416507592
C07 599.983 97.0921344128259
C07 630.013 97.47156808142189
C07 649.987 97.94796284224381
C07 670.017 98.00190316461219
C07 699.987 97.99505671853964
C07 720.012 97.43939129623774
C07 749.995 96.87904066801423
C07 770.007 96.3730384284813
C07 800.008 95.46298251891272
C07 830.013 93.73878895584474
C07 869.994 89.2285225779291
C07 900.005 81.97054917623669
C07 919.989 75.22488037172016
C07 959.989 54.33163530101284
C07 1000.013 28.016958984806795
C07 1030.002 11.833576676461123
C07 1049.996 5.783404965253023
C07 1080.005 0.6716142540305565
C07 1100.007 0.0913604670742236
C10 319.992 46.15944975869238
C10 330.006 48.04802981694674
C10 349.994 66.72719392638832
C10 370.001 72.60133130486584
C10 400.009 81.5404472726337
C10 429.983 85.05163882847035
C10 449.989 86.681161004787
C10 469.993 88.22994650357724
C10 500.016 90.80163336359293
C10 549.99 93.97440191621507
C10 569.998 95.16846442925387
C10 599.983 96.39246691948846
C10 630.013 96.7878982992716
C10 649.987 97.26371118774519
C10 670.017 97.31066904193362
C10 699.987 97.29505672671745
C10 720.012 96.73373127339089
C10 749.995 96.17835300887128
C10 770.007 95.67859267271132
C10 800.008 94.8005775262195
C10 830.013 93.15971261750232
C10 869.994 88.79874561602712
C10 900.005 81.53512729687756
C10 919.989 74.91119072170146
C10 959.989 54.419286435665505
C10 1000.013 28.029098957892366
C10 1030.002 11.751872730615393
C10 1049.996 5.812716784800041
C10 1080.005 0.666756737061287
C10 1100.007 0.09069969339875418
C11 319.992 46.829509773318804
C11 330.006 48.75488759001709
C11 349.994 67.7673776520375
C11 370.001 73.71053869323744
C11 400.009 82.14798245855798
C11 429.983 85.40760112675588
C11 449.989 86.94658547702946
C11 469.993 88.43296705565746
C11 500.016 90.95026774306385
C11 549.99 94.07492225358466
C11 569.998 95.26269752254801
C11 599.983 96.47341518695973
C11 630.013 96.86128222621461
C11 649.987 97.33278774795383
C11 670.017 97.3797002614398
C11 699.987 97.36732224966627
C11 720.012 96.79868938645878
C11 749.995 96.24290305561695
C11 770.007 95.74169937376179
C11 800.008 94.86394115791728
C11 830.013 93.22286465925525
C11 869.994 88.83693004428817
C11 900.005 81.50966093565853
C11 919.989 74.93152602675796
C11 959.989 54.53238503957784
C11 1000.013 27.98522427147169
C11 1030.002 11.669752217065746
C11 1049.996 5.772961962417083
C11 1080.005 0.6672042296813634
C11 1100.007 0.09076056633963818
C12 319.992 47.586113853779324
C12 330.006 49.55156529467479
C12 349.994 68.93357830341026
C12 370.001 74.95887402712937
C12 400.009 82.92744958823754
C12 429.983 85.95385835329586
C12 449.989 87.4103226250793
C12 469.993 88.84181928337087
C12 500.016 91.31200342413018
C12 549.99 94.40612852832314
C12 569.998 95.58527395025025
C12 599.983 96.79658860057779
C12 630.013 97.18218860470932
C12 649.987 97.65315759480266
C12 670.017 97.69418337375166
C12 699.987 97.67973480323214
C12 720.012 97.1167317439143
C12 749.995 96.5510006856647
C12 770.007 96.05217739068905
C12 800.008 95.15762800136423
C12 830.013 93.51830467653093
C12 869.994 89.0821023360953
C12 900.005 81.78050362184581
C12 919.989 75.14551147205148
C12 959.989 54.62581333540319
C12 1000.013 28.026882931059284
C12 1030.002 11.70631382601766
C12 1049.996 5.770055906768333
C12 1080.005 0.6693401143534332
C12 1100.007 0.09105111321246868
C13 319.992 48.04069217993081
C13 330.006 50.035131443270245
C13 349.994 69.65297655910464
C13 370.001 75.7324468654882
C13 400.009 83.27730600525749
C13 429.983 86.10474465432266
C13 449.989 87.4864194373866
C13 469.993 88.87486509868565
C13 500.016 91.29699565161357
C13 549.99 94.35220331952226
C13 569.998 95.52178941001256
C13 599.983 96.72272859625888
C13 630.013 97.10068869202469
C13 649.987 97.57043348315143
C13 670.017 97.61154994350535
C13 699.987 97.59837846943866
C13 720.012 97.03098491876526
C13 749.995 96.4693194101702
C13 770.007 95.96652124694495
C13 800.008 95.07120106567818
C13 830.013 93.42866610775346
C13 869.994 88.99256956229026
C13 900.005 81.72001912475469
C13 919.989 75.08533680309388
C13 959.989 54.59819329081697
C13 1000.013 27.97960202436577
C13 1030.002 11.67585620913538
C13 1049.996 5.7383528374651585
C13 1080.005 0.6687738581771049
C13 1100.007 0.0909740847270806
C14 319.992 48.30294280300057
C14 330.006 50.32304868232826
C14 349.994 70.15702159164775
C14 370.001 76.3443800995518
C14 400.009 83.54710585528802
C14 429.983 86.19908354258922
C14 449.989 87.5155281683705
C14 469.993 88.85722756542594
C14 500.016 91.24127192828149
C14 549.99 94.26493002405682
C14 569.998 95.43332214271548
C14 599.983 96.6326139501055
C14 630.013 97.0112163724896
C14 649.987 97.48257831533766
C14 670.017 97.5281608348846
C14 699.987 97.51272232569454
C14 720.012 96.95152533769165
C14 749.995 96.39091777882082
C14 770.007 95.89301641146201
C14 800.008 94.9970085628745
C14 830.013 93.35185140099044
C14 869.994 88.89372683091196
C14 900.005 81.66825515610473
C14 919.989 75.0511196862987
C14 959.989 54.50251307343576
C14 1000.013 27.98917458017414
C14 1030.002 11.654736887765388
C14 1049.996 5.741246141041341
C14 1080.005 0.6682303421599048
C14 1100.007 0.09090014961195206
C15 319.992 48.79194983589208
C15 330.006 50.83785079653169
C15 349.994 70.91062940735355
C15 370.001 77.15708196413973
C15 400.009 84.02711275873982
C15 429.983 86.51550119153968
C15 449.989 87.7705242790455
C15 469.993 89.07733400555252
C15 500.016 91.42535518029796
C15 549.99 94.42050908778896
C15 569.998 95.58406486485114
C15 599.983 96.77331370664467
C15 630.013 97.15572474803602
C15 649.987 97.62141154629195
C15 670.017 97.66910996528735
C15 699.987 97.65660348819017
C15 720.012 97.08904368827439
C15 749.995 96.52644113849502
C15 770.007 96.02207872103465
C15 800.008 95.12557968150374
C15 830.013 93.46579258629028
C15 869.994 89.00713148456595
C15 900.005 81.7948463973929
C15 919.989 75.13503776978158
C15 959.989 54.53379437974619
C15 1000.013 28.01106658268201
C15 1030.002 11.678947878284855
C15 1049.996 5.735559661273591
C15 1080.005 0.6691698534286473
C15 1100.007 0.09102795242110731
C16 319.992 49.131479907925154
C16 330.006 51.20058019466043
C16 349.994 71.44830968434351
C16 370.001 77.73291644225577
C16 400.009 84.33756054853211
C16 429.983 86.69093948295242
C16 449.989 87.90262441568343
C16 469.993 89.1750885600716
C16 500.016 91.49231584105813
C16 549.99 94.46425530888597
C16 569.998 95.62030719968985
C16 599.983 96.80226374516992
C16 630.013 97.18101730322893
C16 649.987 97.64949255468657
C16 670.017 97.68938481607388
C16 699.987 97.67512516514799
C16 720.012 97.10642429088678
C16 749.995 96.53955215829176
C16 770.007 96.03706382320001
C16 800.008 95.13986200278087
C16 830.013 93.46855836914078
C16 869.994 89.01372855677491
C16 900.005 81.80668032073682
C16 919.989 75.0785659248588
C16 959.989 54.482385579932235
C16 1000.013 27.964970201840448
C16 1030.002 11.673911281919134
C16 1049.996 5.742414608727837
C16 1080.005 0.6692607439396118
C16 1100.007 0.09104031636288563
C17 319.992 49.5462377621349
C17 330.006 51.63999205583667
C17 349.994 72.09010732776544
C17 370.001 78.4272186191346
C17 400.009 84.81251952044256
C17 429.983 87.06889957871823
C17 449.989 88.24488626504015
C17 469.993 89.49694709331813
C17 500.016 91.79622701291142
C17 549.99 94.76612614912824
C17 569.998 95.92173974647493
C17 599.983 97.10980217322059
C17 630.013 97.48631136650745
C17 649.987 97.95490752650502
C17 670.017 97.99515495672833
C17 699.987 97.97604385063845
C17 720.012 97.40729007889102
C17 749.995 96.83734989209573
C17 770.007 96.32904283352072
C17 800.008 95.42550087153991
C17 830.013 93.74651954561539
C17 869.994 89.28369465604781
C17 900.005 82.0644875549648
C17 919.989 75.34365789861648
C17 959.989 54.60131424250346
C17 1000.013 28.076599011314467
C17 1030.002 11.760374112327975
C17 1049.996 5.787407699142698
C17 1080.005 0.6713252237421354
C17 1100.007 0.09132114994837305
