lsstCam/transmission_sensor/r32_s21/19700101T000000.ecsv
# %ECSV 1.0
# ---
# datatype:
# - {name: amp_name, datatype: string}
# - {name: wavelength, unit: nm, datatype: float32}
# - {name: efficiency, unit: '%', datatype: float64}
# meta: !!omap
# - {MODE: AMP}
# - {TYPE: transmission_sensor}
# - {CALIBDATE: '1970-01-01T00:00:00'}
# - {INSTRUME: LSSTCAM}
# - {OBSTYPE: transmission_sensor}
# - {DETECTOR: 142}
# - {PARQUETFILE: qe_raft_allvalues_nircorrected_20230725.parquet}
# - {CALIBCLS: lsst.ip.isr.IntermediateSensorTransmissionCurve}
# - {CALIB_ID: 'raftName=R32 detectorName=S21 detector=142 calibDate=1970-01-01T00:00:00 ccd=142 ccdnum=142 filter=None'}
# - {DATE: '2024-01-18T22:42:25.479836'}
# - {CALIB_CREATION_DATE: '2024-01-18'}
# - {CALIB_CREATION_TIME: '22:42:25'}
# - __serialized_columns__:
#     efficiency:
#       __class__: astropy.units.quantity.Quantity
#       unit: !astropy.units.Unit {unit: '%'}
#       value: !astropy.table.SerializedColumn {name: efficiency}
#     wavelength:
#       __class__: astropy.units.quantity.Quantity
#       unit: !astropy.units.Unit {unit: nm}
#       value: !astropy.table.SerializedColumn {name: wavelength}
# schema: astropy-2.0
amp_name wavelength efficiency
C00 319.992 43.42880617981942
C00 330.006 50.23349410754826
C00 349.994 71.53412169203963
C00 370.001 76.20261495815096
C00 400.009 84.77167314641468
C00 429.983 87.09222697063261
C00 449.989 88.63051415791027
C00 469.993 90.27883777851154
C00 500.016 92.84331760587992
C00 549.99 96.22529917434076
C00 569.998 97.3887364414984
C00 599.983 98.5348341952906
C00 630.013 99.10231579466799
C00 649.987 99.49500774627649
C00 670.017 99.43384902005805
C00 699.987 99.30980337029006
C00 720.012 99.11995332294102
C00 749.995 99.34489485261896
C00 770.007 99.33175748037925
C00 800.008 98.5516811056639
C00 830.013 96.72136445050693
C00 869.994 91.82628856598498
C00 900.005 83.41183418291287
C00 919.989 74.6853391015243
C00 959.989 53.299189176890685
C00 1000.013 26.5177886347622
C00 1030.002 9.556914453483467
C00 1049.996 4.066857502916986
C00 1080.005 0.577810755257604
C00 1100.007 0.11776850069425635
C01 319.992 43.90659149530601
C01 330.006 50.79201958990769
C01 349.994 72.36825288115881
C01 370.001 77.10301450455701
C01 400.009 85.38634520646552
C01 429.983 87.54600128522067
C01 449.989 89.03017640861542
C01 469.993 90.6396232791421
C01 500.016 93.17106126691134
C01 549.99 96.52565932736779
C01 569.998 97.68593466392706
C01 599.983 98.8263262896422
C01 630.013 99.39100354282594
C01 649.987 99.78503862088519
C01 670.017 99.72015748040772
C01 699.987 99.59449952275949
C01 720.012 99.40419935130869
C01 749.995 99.6269547807008
C01 770.007 99.60952744911748
C01 800.008 98.8256082125501
C01 830.013 96.98845725884594
C01 869.994 92.0217997855661
C01 900.005 83.6588927356313
C01 919.989 75.04640537503143
C01 959.989 53.13099939091641
C01 1000.013 26.572052336168152
C01 1030.002 9.56110667893591
C01 1049.996 4.036390284530966
C01 1080.005 0.5794512708112848
C01 1100.007 0.11810286805478855
C02 319.992 44.27577392949378
C02 330.006 51.231089373894086
C02 349.994 73.11650954512612
C02 370.001 77.96802952346451
C02 400.009 85.88667525156283
C02 429.983 87.85026025858276
C02 449.989 89.26910109385315
C02 469.993 90.83105436331265
C02 500.016 93.32403551099051
C02 549.99 96.65079780852251
C02 569.998 97.80886984905332
C02 599.983 98.95098258912145
C02 630.013 99.51718125750553
C02 649.987 99.9164896299538
C02 670.017 99.8526541205744
C02 699.987 99.73587269134993
C02 720.012 99.54294520793837
C02 749.995 99.76712287979542
C02 770.007 99.75423311482287
C02 800.008 98.9721067312081
C02 830.013 97.11130568147968
C02 869.994 92.20283158823739
C02 900.005 83.77975046086647
C02 919.989 75.20516905058514
C02 959.989 53.19117295996744
C02 1000.013 26.588840809955098
C02 1030.002 9.561718913702723
C02 1049.996 4.018711344817084
C02 1080.005 0.5802665211980989
C02 1100.007 0.11826903113651019
C03 319.992 44.49417384068286
C03 330.006 51.50253425463431
C03 349.994 73.6615551098379
C03 370.001 78.6680660812215
C03 400.009 86.23215736690825
C03 429.983 88.00418481732594
C03 449.989 89.34568551569957
C03 469.993 90.86299671011498
C03 500.016 93.3135267116363
C03 549.99 96.61640518880986
C03 569.998 97.77191595698429
C03 599.983 98.91431851786992
C03 630.013 99.48858530354777
C03 649.987 99.89055774836218
C03 670.017 99.83664652067071
C03 699.987 99.7278036929028
C03 720.012 99.53759900892364
C03 749.995 99.77007895956598
C03 770.007 99.75981469746452
C03 800.008 98.9832864681089
C03 830.013 97.11007476678483
C03 869.994 92.24226689001559
C03 900.005 83.81565981953518
C03 919.989 75.2885594614847
C03 959.989 53.207232262452806
C03 1000.013 26.58223781936153
C03 1030.002 9.61418040757363
C03 1049.996 4.033005591260797
C03 1080.005 0.5802837209403169
C03 1100.007 0.11827253676155249
C04 319.992 44.66417501152495
C04 330.006 51.70993238116999
C04 349.994 74.065060143456
C04 370.001 79.18020016741639
C04 400.009 86.4852712138948
C04 429.983 88.10421128485612
C04 449.989 89.39261619174846
C04 469.993 90.87071700770515
C04 500.016 93.28763580157901
C04 549.99 96.56853813681197
C04 569.998 97.72377631400485
C04 599.983 98.86312921073227
C04 630.013 99.44387514310299
C04 649.987 99.84465569232272
C04 670.017 99.79310584893268
C04 699.987 99.68656471421072
C04 720.012 99.50282163617227
C04 749.995 99.74075215234348
C04 770.007 99.72856724183303
C04 800.008 98.95091704729288
C04 830.013 97.07468400925285
C04 869.994 92.21899193097639
C04 900.005 83.83560946324003
C04 919.989 75.28807586359619
C04 959.989 53.174266298094224
C04 1000.013 26.60687816064437
C04 1030.002 9.62998579237334
C04 1049.996 4.031435892871602
C04 1080.005 0.5801131523660082
C04 1100.007 0.11823777173670809
C05 319.992 45.05950283581301
C05 330.006 52.173698895863225
C05 349.994 74.77542461516627
C05 370.001 79.9492213673031
C05 400.009 86.97215831520995
C05 429.983 88.45247057469204
C05 449.989 89.68156959112719
C05 469.993 91.13113863966353
C05 500.016 93.5183751608793
C05 549.99 96.78260014931172
C05 569.998 97.93358826983199
C05 599.983 99.07346357446374
C05 630.013 99.64999787068506
C05 649.987 100.05669013927353
C05 670.017 100.00300212757342
C05 699.987 99.89222013308533
C05 720.012 99.70794237174167
C05 749.995 99.94061902337455
C05 770.007 99.92992753921148
C05 800.008 99.14910614723944
C05 830.013 97.25322152155202
C05 869.994 92.40197048030565
C05 900.005 83.94407211915006
C05 919.989 75.44377927126168
C05 959.989 53.16946213878225
C05 1000.013 26.566824894276998
C05 1030.002 9.645629046906935
C05 1049.996 4.049338885538054
C05 1080.005 0.5812756173897615
C05 1100.007 0.11847470357245406
C06 319.992 45.311502209933835
C06 330.006 52.47282557727028
C06 349.994 75.2587996117162
C06 370.001 80.49453793958568
C06 400.009 87.2878750120778
C06 429.983 88.64750190091338
C06 449.989 89.84104953717106
C06 469.993 91.25860044529563
C06 500.016 93.62343235940494
C06 549.99 96.86590225561167
C06 569.998 98.01783264504598
C06 599.983 99.15642635298475
C06 630.013 99.73285657943673
C06 649.987 100.13953624579966
C06 670.017 100.08638822268618
C06 699.987 99.97614696507125
C06 720.012 99.78883941500938
C06 749.995 100.02409122839991
C06 770.007 100.01075073729493
C06 800.008 99.21996872116264
C06 830.013 97.30472393321078
C06 869.994 92.40579360928454
C06 900.005 83.90855711390341
C06 919.989 75.33492440904539
C06 959.989 53.136234598264814
C06 1000.013 26.533317526987663
C06 1030.002 9.625619855921485
C06 1049.996 4.046765429921342
C06 1080.005 0.5817611092053131
C06 1100.007 0.11857365576864733
C07 319.992 45.37647614098593
C07 330.006 52.56091159107657
C07 349.994 75.48636168688206
C07 370.001 80.8167573439637
C07 400.009 87.43060427429641
C07 429.983 88.68935119286927
C07 449.989 89.8475293445667
C07 469.993 91.24633562990088
C07 500.016 93.58951164881546
C07 549.99 96.82018184669417
C07 569.998 97.96637355907727
C07 599.983 99.1105596229907
C07 630.013 99.6882159767178
C07 649.987 100.09485433189585
C07 670.017 100.04736053694509
C07 699.987 99.94017942376011
C07 720.012 99.76188404978895
C07 749.995 99.99304069128479
C07 770.007 99.9760383104168
C07 800.008 99.17897111856715
C07 830.013 97.25471116353941
C07 869.994 92.31596180567007
C07 900.005 83.87572525841087
C07 919.989 75.21923872665391
C07 959.989 52.97678366649913
C07 1000.013 26.458522289307517
C07 1030.002 9.67194510524432
C07 1049.996 4.06455954944936
C07 1080.005 0.5815805081990827
C07 1100.007 0.11853684594893717
C10 319.992 41.5628078171887
C10 330.006 48.05028951021294
C10 349.994 68.32592123950226
C10 370.001 72.95164251110478
C10 400.009 83.07803931331436
C10 429.983 86.15584236508961
C10 449.989 87.96159865599135
C10 469.993 89.77994814967441
C10 500.016 92.50753644556221
C10 549.99 96.02573086350259
C10 569.998 97.21937537233134
C10 599.983 98.39634690911788
C10 630.013 98.98899853063318
C10 649.987 99.39560477431485
C10 670.017 99.34169924615465
C10 699.987 99.22628499763336
C10 720.012 99.0394044402459
C10 749.995 99.26983070562177
C10 770.007 99.25563002387213
C10 800.008 98.49078137312209
C10 830.013 96.65391502936211
C10 869.994 91.8713139234276
C10 900.005 83.4301832156693
C10 919.989 74.90557260243756
C10 959.989 53.062249071191836
C10 1000.013 26.469986979270843
C10 1030.002 9.605165964777544
C10 1049.996 4.085159807734464
C10 1080.005 0.5773741692617842
C10 1100.007 0.11767951640712782
C11 319.992 42.166142037147765
C11 330.006 48.75718052672234
C11 349.994 69.39102689030668
C11 370.001 74.06620197458584
C11 400.009 83.69703066973507
C11 429.983 86.51642603027746
C11 449.989 88.23094392813856
C11 469.993 89.9865353160663
C11 500.016 92.65896324006614
C11 549.99 96.12844541837855
C11 569.998 97.31563921902048
C11 599.983 98.4789779908024
C11 630.013 99.06405131681801
C11 649.987 99.46619540255453
C11 670.017 99.41217125826076
C11 699.987 99.29998493282908
C11 720.012 99.10591084651304
C11 749.995 99.33645559585972
C11 770.007 99.32109603038958
C11 800.008 98.55661149525217
C11 830.013 96.7194357561443
C11 869.994 91.91081958954283
C11 900.005 83.40412496013236
C11 919.989 74.9259063824059
C11 959.989 53.17252736926351
C11 1000.013 26.428552811871477
C11 1030.002 9.538046350751925
C11 1049.996 4.057220238583743
C11 1080.005 0.5777616729275232
C11 1100.007 0.11775849680912338
C12 319.992 42.84740210749684
C12 330.006 49.55389569904003
C12 349.994 70.58516872613832
C12 370.001 75.3205606946712
C12 400.009 84.49119605647176
C12 429.983 87.06977517379585
C12 449.989 88.70153131328424
C12 469.993 90.40257015751891
C12 500.016 93.02749490034927
C12 549.99 96.46688146000079
C12 569.998 97.64516727223777
C12 599.983 98.80886977938715
C12 630.013 99.39225558189112
C12 649.987 99.79358733825325
C12 670.017 99.73321813902794
C12 699.987 99.61859862318373
C12 720.012 99.43153382470815
C12 749.995 99.65445646215467
C12 770.007 99.64318157029811
C12 800.008 98.86173038212917
C12 830.013 97.02595703582323
C12 869.994 92.16447520629373
C12 900.005 83.68126262680886
C12 919.989 75.13987577941958
C12 959.989 53.26362587179978
C12 1000.013 26.46789421840452
C12 1030.002 9.567929274943875
C12 1049.996 4.0551778714471975
C12 1080.005 0.5796112299992832
C12 1100.007 0.1181354706908098
C13 319.992 43.25671269734276
C13 330.006 50.03748458969533
C13 349.994 71.3218031575612
C13 370.001 76.09786612621046
C13 400.009 84.84764964655349
C13 429.983 87.22262039283429
C13 449.989 88.77875221325355
C13 469.993 90.43619651345696
C13 500.016 93.01220517469545
C13 549.99 96.41177913977864
C13 569.998 97.58031461978905
C13 599.983 98.73347431706598
C13 630.013 99.30890224042233
C13 649.987 99.70905002205808
C13 670.017 99.648860016162
C13 699.987 99.53562743189259
C13 720.012 99.34374320210308
C13 749.995 99.57014969107273
C13 770.007 99.55432308821509
C13 800.008 98.77193919467517
C13 830.013 96.93295633448419
C13 869.994 92.0718444657172
C13 900.005 83.6193723368036
C13 919.989 75.0797056233854
C13 959.989 53.23669457995119
C13 1000.013 26.42324330092674
C13 1030.002 9.543035330654998
C13 1049.996 4.032897050052663
C13 1080.005 0.579120883713713
C13 1100.007 0.11803552906399316
C14 319.992 43.492847926500986
C14 330.006 50.325415369467684
C14 349.994 71.83792468415642
C14 370.001 76.71275202058358
C14 400.009 85.12253705884127
C14 429.983 87.3181840586066
C14 449.989 88.80829093288432
C14 469.993 90.41824912842165
C14 500.016 92.95543456192043
C14 549.99 96.32260079108953
C14 569.998 97.48994085449716
C14 599.983 98.64148629904061
C14 630.013 99.21739518775748
C14 649.987 99.61926918364712
C14 670.017 99.56373044269829
C14 699.987 99.44827108289714
C14 720.012 99.26238968164019
C14 749.995 99.48922798231379
C14 770.007 99.47807020288455
C14 800.008 98.69485867719477
C14 830.013 96.85326048815882
C14 869.994 91.96958162922658
C14 900.005 83.56640525952523
C14 919.989 75.04549107277347
C14 959.989 53.14340031134901
C14 1000.013 26.432283385589702
C14 1030.002 9.525773861655782
C14 1049.996 4.0349304550711045
C14 1080.005 0.5786502291384109
C14 1100.007 0.11793960097131945
C15 319.992 43.93315874986595
C15 330.006 50.8402416947548
C15 349.994 72.60958830780875
C15 370.001 77.52937528117597
C15 400.009 85.61159535726213
C15 429.983 87.63870967645494
C15 449.989 89.06705379768715
C15 469.993 90.64222234347027
C15 500.016 93.14297621193394
C15 549.99 96.48157592684254
C15 569.998 97.64393213066036
C15 599.983 98.78511102923888
C15 630.013 99.3651898979019
C15 649.987 99.7611454577987
C15 670.017 99.707621408194
C15 699.987 99.59500817022607
C15 720.012 99.40318581719737
C15 749.995 99.62910749314585
C15 770.007 99.611957632571
C15 800.008 98.82843455053063
C15 830.013 96.97147534018968
C15 869.994 92.08691025210234
C15 900.005 83.69593876004599
C15 919.989 75.12940286264659
C15 959.989 53.173901565140326
C15 1000.013 26.452957650652735
C15 1030.002 9.54556224665976
C15 1049.996 4.030934014257843
C15 1080.005 0.5794637935287658
C15 1100.007 0.11810542041583226
C16 319.992 44.238877799937804
C16 330.006 51.20298815200504
C16 349.994 73.16015095095207
C16 370.001 78.10798823823994
C16 400.009 85.92789719944925
C16 429.983 87.81642563805138
C16 449.989 89.2011052924601
C16 469.993 90.74169422556828
C16 500.016 93.21119487206407
C16 549.99 96.52627706638374
C16 569.998 97.68095549944313
C16 599.983 98.81466290320577
C16 630.013 99.39105764327937
C16 649.987 99.78984196524195
C16 670.017 99.72831942773212
C16 699.987 99.61389748750776
C16 720.012 99.42098069090774
C16 749.995 99.64263994275518
C16 770.007 99.62750296737212
C16 800.008 98.84327282492848
C16 830.013 96.97434486107066
C16 869.994 92.09373559279472
C16 900.005 83.70804772982963
C16 919.989 75.0729352529463
C16 959.989 53.123774731092176
C16 1000.013 26.409425370057463
C16 1030.002 9.54144568199817
C16 1049.996 4.035751650633564
C16 1080.005 0.5795424996450221
C16 1100.007 0.11812146217556524
C17 319.992 44.612333312845934
C17 330.006 51.64242067867012
C17 349.994 73.81732552485249
C17 370.001 78.80564051667622
C17 400.009 86.41181237848495
C17 429.983 88.1992926924625
C17 449.989 89.54842296886629
C17 469.993 91.06920708907468
C17 500.016 93.5208156659308
C17 549.99 96.83473732225733
C17 569.998 97.9888840143255
C17 599.983 99.12859467423962
C17 630.013 99.70329454595337
C17 649.987 100.10195123457085
C17 670.017 100.04047148310703
C17 699.987 99.92078916579165
C17 720.012 99.72901769173605
C17 749.995 99.95000984143198
C17 770.007 99.93039789729926
C17 800.008 99.14003046194637
C17 830.013 97.26273170960836
C17 869.994 92.37304291952466
C17 900.005 83.97184697193603
C17 919.989 75.33800734558461
C17 959.989 53.23973770540495
C17 1000.013 26.514844853492438
C17 1030.002 9.61211440475397
C17 1049.996 4.067372658742748
C17 1080.005 0.5813302240798639
C17 1100.007 0.11848583342416191
