lsstCam/transmission_sensor/r32_s21/19700101T000000.ecsv
# %ECSV 1.0
# ---
# datatype:
# - {name: amp_name, datatype: string}
# - {name: wavelength, unit: nm, datatype: float32}
# - {name: efficiency, unit: '%', datatype: float64}
# meta: !!omap
# - {MODE: AMP}
# - {TYPE: transmission_sensor}
# - {CALIBDATE: '1970-01-01T00:00:00'}
# - {INSTRUME: LSSTCAM}
# - {OBSTYPE: transmission_sensor}
# - {DETECTOR: 142}
# - {PARQUETFILE: qe_raft_allvalues_nircorrected_20230725.parquet}
# - {CALIBCLS: lsst.ip.isr.IntermediateSensorTransmissionCurve}
# - {CALIB_ID: 'raftName=R32 detectorName=S21 detector=142 calibDate=1970-01-01T00:00:00 ccd=142 ccdnum=142 filter=None'}
# - {DATE: '2023-08-02T16:57:55.994912'}
# - {CALIB_CREATION_DATE: '2023-08-02'}
# - {CALIB_CREATION_TIME: '16:57:55'}
# - __serialized_columns__:
#     efficiency:
#       __class__: astropy.units.quantity.Quantity
#       unit: !astropy.units.Unit {unit: '%'}
#       value: !astropy.table.SerializedColumn {name: efficiency}
#     wavelength:
#       __class__: astropy.units.quantity.Quantity
#       unit: !astropy.units.Unit {unit: nm}
#       value: !astropy.table.SerializedColumn {name: wavelength}
# schema: astropy-2.0
amp_name wavelength efficiency
C00 319.992 48.69526290893555
C00 330.006 50.71378707885742
C00 349.994 70.5315933227539
C00 370.001 76.56538391113281
C00 400.009 84.00220489501953
C00 429.983 86.80213928222656
C00 449.989 88.1795654296875
C00 469.993 89.57270812988281
C00 500.016 92.00687408447266
C00 549.99 95.07455444335938
C00 569.998 96.25028991699219
C00 599.983 97.45564270019531
C00 630.013 97.82976531982422
C00 649.987 98.29649353027344
C00 670.017 98.33683013916016
C00 699.987 98.31261444091797
C00 720.012 97.74264526367188
C00 749.995 97.1759262084961
C00 770.007 96.67202758789062
C00 800.008 95.77066802978516
C00 830.013 94.12049102783203
C00 869.994 89.60804748535156
C00 900.005 82.30046844482422
C00 919.989 75.40862274169922
C00 959.989 55.18751907348633
C00 1000.013 28.349525451660156
C00 1030.002 11.805190086364746
C00 1049.996 5.8422770500183105
C00 1080.005 0.6736724131218137
C00 1100.007 0.09164044084601577
C01 319.992 49.230987548828125
C01 330.006 51.277652740478516
C01 349.994 71.35403442382812
C01 370.001 77.4700698852539
C01 400.009 84.61129760742188
C01 429.983 87.25440216064453
C01 449.989 88.57719421386719
C01 469.993 89.93067169189453
C01 500.016 92.3316650390625
C01 549.99 95.37132263183594
C01 569.998 96.54401397705078
C01 599.983 97.74394226074219
C01 630.013 98.11474609375
C01 649.987 98.5830307006836
C01 670.017 98.61997985839844
C01 699.987 98.59445190429688
C01 720.012 98.02294158935547
C01 749.995 97.45182800292969
C01 770.007 96.9423599243164
C01 800.008 96.036865234375
C01 830.013 94.38040161132812
C01 869.994 89.79883575439453
C01 900.005 82.54423522949219
C01 919.989 75.77318572998047
C01 959.989 55.013370513916016
C01 1000.013 28.40753746032715
C01 1030.002 11.810368537902832
C01 1049.996 5.798509120941162
C01 1080.005 0.6755850983076741
C01 1100.007 0.09190062563348488
C02 319.992 49.64493942260742
C02 330.006 51.72092056274414
C02 349.994 72.09180450439453
C02 370.001 78.33920288085938
C02 400.009 85.10708618164062
C02 429.983 87.55764770507812
C02 449.989 88.81490325927734
C02 469.993 90.12060546875
C02 500.016 92.48326110839844
C02 549.99 95.49496459960938
C02 569.998 96.66551208496094
C02 599.983 97.86723327636719
C02 630.013 98.23930358886719
C02 649.987 98.71289825439453
C02 670.017 98.75101470947266
C02 699.987 98.73440551757812
C02 720.012 98.15975952148438
C02 749.995 97.58893585205078
C02 770.007 97.08319091796875
C02 800.008 96.17922973632812
C02 830.013 94.49994659423828
C02 869.994 89.97549438476562
C02 900.005 82.66348266601562
C02 919.989 75.93348693847656
C02 959.989 55.07567596435547
C02 1000.013 28.425485610961914
C02 1030.002 11.811124801635742
C02 1049.996 5.7731122970581055
C02 1080.005 0.6765356027598433
C02 1100.007 0.09202992385815054
C03 319.992 49.88982391357422
C03 330.006 51.99496078491211
C03 349.994 72.62921142578125
C03 370.001 79.04257202148438
C03 400.009 85.44943237304688
C03 429.983 87.7110595703125
C03 449.989 88.89109802246094
C03 469.993 90.15229797363281
C03 500.016 92.47284698486328
C03 549.99 95.46098327636719
C03 569.998 96.62899017333984
C03 599.983 97.83097076416016
C03 630.013 98.21107482910156
C03 649.987 98.6872787475586
C03 670.017 98.73518371582031
C03 699.987 98.7264175415039
C03 720.012 98.15448760986328
C03 749.995 97.59182739257812
C03 770.007 97.088623046875
C03 800.008 96.19009399414062
C03 830.013 94.49874877929688
C03 869.994 90.01397705078125
C03 900.005 82.69891357421875
C03 919.989 76.01768493652344
C03 959.989 55.09230422973633
C03 1000.013 28.418426513671875
C03 1030.002 11.875927925109863
C03 1049.996 5.793646812438965
C03 1080.005 0.6765556560242376
C03 1100.007 0.09203265172699851
C04 319.992 50.080440521240234
C04 330.006 52.204341888427734
C04 349.994 73.02706146240234
C04 370.001 79.55714416503906
C04 400.009 85.70024871826172
C04 429.983 87.81075286865234
C04 449.989 88.93778991699219
C04 469.993 90.15995788574219
C04 500.016 92.44718933105469
C04 549.99 95.41368865966797
C04 569.998 96.58141326904297
C04 599.983 97.78034210205078
C04 630.013 98.16693878173828
C04 649.987 98.64192962646484
C04 670.017 98.69212341308594
C04 699.987 98.68559265136719
C04 720.012 98.12019348144531
C04 749.995 97.56314086914062
C04 770.007 97.05821228027344
C04 800.008 96.15863800048828
C04 830.013 94.46430969238281
C04 869.994 89.99126434326172
C04 900.005 82.71859741210938
C04 919.989 76.01719665527344
C04 959.989 55.058170318603516
C04 1000.013 28.44476890563965
C04 1030.002 11.895451545715332
C04 1049.996 5.791391849517822
C04 1080.005 0.6763567892810839
C04 1100.007 0.09200559965293811
C05 319.992 50.52370834350586
C05 330.006 52.672542572021484
C05 349.994 73.72747039794922
C05 370.001 80.32982635498047
C05 400.009 86.1827163696289
C05 429.983 88.15785217285156
C05 449.989 89.22527313232422
C05 469.993 90.41834259033203
C05 500.016 92.67584991455078
C05 549.99 95.62519073486328
C05 569.998 96.78877258300781
C05 599.983 97.98837280273438
C05 630.013 98.37041473388672
C05 649.987 98.85140991210938
C05 670.017 98.89970397949219
C05 699.987 98.8891830444336
C05 720.012 98.32246398925781
C05 749.995 97.7586441040039
C05 770.007 97.25418090820312
C05 800.008 96.35123443603516
C05 830.013 94.63804626464844
C05 869.994 90.1698226928711
C05 900.005 82.82561492919922
C05 919.989 76.17440795898438
C05 959.989 55.05319595336914
C05 1000.013 28.401948928833008
C05 1030.002 11.914774894714355
C05 1049.996 5.817110538482666
C05 1080.005 0.6777121129932091
C05 1100.007 0.09218996591174432
C06 319.992 50.80626678466797
C06 330.006 52.97452926635742
C06 349.994 74.20407104492188
C06 370.001 80.87773895263672
C06 400.009 86.49556732177734
C06 429.983 88.35223388671875
C06 449.989 89.38394165039062
C06 469.993 90.54480743408203
C06 500.016 92.77996063232422
C06 549.99 95.7074966430664
C06 569.998 96.87203216552734
C06 599.983 98.07042694091797
C06 630.013 98.45220947265625
C06 649.987 98.93325805664062
C06 670.017 98.98217010498047
C06 699.987 98.9722671508789
C06 720.012 98.40223693847656
C06 749.995 97.84029388427734
C06 770.007 97.33283996582031
C06 800.008 96.42009735107422
C06 830.013 94.68816375732422
C06 869.994 90.17355346679688
C06 900.005 82.79057312011719
C06 919.989 76.06449890136719
C06 959.989 55.01879119873047
C06 1000.013 28.366127014160156
C06 1030.002 11.890058517456055
C06 1049.996 5.813413619995117
C06 1080.005 0.6782781502986027
C06 1100.007 0.09226696462386492
C07 319.992 50.879119873046875
C07 330.006 53.06345748901367
C07 349.994 74.4284439086914
C07 370.001 81.20149230957031
C07 400.009 86.63700103759766
C07 429.983 88.3939437866211
C07 449.989 89.39038848876953
C07 469.993 90.53263854980469
C07 500.016 92.74634552001953
C07 549.99 95.66232299804688
C07 569.998 96.82117462158203
C07 599.983 98.02506256103516
C07 630.013 98.40814208984375
C07 649.987 98.88911437988281
C07 670.017 98.94357299804688
C07 699.987 98.93666076660156
C07 720.012 98.37565612792969
C07 749.995 97.80992126464844
C07 770.007 97.29905700683594
C07 800.008 96.38025665283203
C07 830.013 94.63949584960938
C07 869.994 90.08589172363281
C07 900.005 82.7581787109375
C07 919.989 75.94769287109375
C07 959.989 54.85369110107422
C07 1000.013 28.286165237426758
C07 1030.002 11.947281837463379
C07 1049.996 5.83897590637207
C07 1080.005 0.6780675866935255
C07 1100.007 0.09223832141209085
C10 319.992 46.60298156738281
C10 330.006 48.509708404541016
C10 349.994 67.36835479736328
C10 370.001 73.29893493652344
C10 400.009 82.32394409179688
C10 429.983 85.8688735961914
C10 449.989 87.51405334472656
C10 469.993 89.07772064208984
C10 500.016 91.67411804199219
C10 549.99 94.87737274169922
C10 569.998 96.0829086303711
C10 599.983 97.31867218017578
C10 630.013 97.71790313720703
C10 649.987 98.19828796386719
C10 670.017 98.24569702148438
C10 699.987 98.22993469238281
C10 720.012 97.66321563720703
C10 749.995 97.10250091552734
C10 770.007 96.59793853759766
C10 800.008 95.71148681640625
C10 830.013 94.05485534667969
C10 869.994 89.65198516845703
C10 900.005 82.31857299804688
C10 919.989 75.63098907470703
C10 959.989 54.94218444824219
C10 1000.013 28.29842185974121
C10 1030.002 11.864792823791504
C10 1049.996 5.868569374084473
C10 1080.005 0.6731633953531708
C10 1100.007 0.09157119856770914
C11 319.992 47.27947998046875
C11 330.006 49.223358154296875
C11 349.994 68.41853332519531
C11 370.001 74.4188003540039
C11 400.009 82.93731689453125
C11 429.983 86.22825622558594
C11 449.989 87.78202819824219
C11 469.993 89.2826919555664
C11 500.016 91.82418060302734
C11 549.99 94.9788589477539
C11 569.998 96.17804718017578
C11 599.983 97.40039825439453
C11 630.013 97.7919921875
C11 649.987 98.26802825927734
C11 670.017 98.31539154052734
C11 699.987 98.30289459228516
C11 720.012 97.72879791259766
C11 749.995 97.16767120361328
C11 770.007 96.66165161132812
C11 800.008 95.77545928955078
C11 830.013 94.11861419677734
C11 869.994 89.69053649902344
C11 900.005 82.29286193847656
C11 919.989 75.65151977539062
C11 959.989 55.05636978149414
C11 1000.013 28.254125595092773
C11 1030.002 11.781883239746094
C11 1049.996 5.828432559967041
C11 1080.005 0.6736151877907753
C11 1100.007 0.09163265641776583
C12 319.992 48.04335403442383
C12 330.006 50.02769088745117
C12 349.994 69.59593963623047
C12 370.001 75.67913055419922
C12 400.009 83.72427368164062
C12 429.983 86.7797622680664
C12 449.989 88.2502212524414
C12 469.993 89.69547271728516
C12 500.016 92.18939208984375
C12 549.99 95.31324768066406
C12 569.998 96.50372314453125
C12 599.983 97.72667694091797
C12 630.013 98.11598205566406
C12 649.987 98.59147644042969
C12 670.017 98.63289642333984
C12 699.987 98.6183090209961
C12 720.012 98.04989624023438
C12 749.995 97.47872924804688
C12 770.007 96.97511291503906
C12 800.008 96.07196807861328
C12 830.013 94.4168930053711
C12 869.994 89.93806457519531
C12 900.005 82.5663070678711
C12 919.989 75.86756134033203
C12 959.989 55.15069580078125
C12 1000.013 28.296184539794922
C12 1030.002 11.818796157836914
C12 1049.996 5.825498580932617
C12 1080.005 0.6757715955149333
C12 1100.007 0.09192599506520997
C13 319.992 48.50230026245117
C13 330.006 50.51590347290039
C13 349.994 70.32225036621094
C13 370.001 76.46013641357422
C13 400.009 84.0774917602539
C13 429.983 86.93209838867188
C13 449.989 88.3270492553711
C13 469.993 89.72883605957031
C13 500.016 92.17424011230469
C13 549.99 95.25880432128906
C13 569.998 96.43962860107422
C13 599.983 97.65210723876953
C13 630.013 98.03369903564453
C13 649.987 98.5079574584961
C13 670.017 98.54946899414062
C13 699.987 98.53617095947266
C13 720.012 97.96332550048828
C13 749.995 97.3962631225586
C13 770.007 96.88863372802734
C13 800.008 95.98471069335938
C13 830.013 94.3263931274414
C13 869.994 89.84767150878906
C13 900.005 82.50524139404297
C13 919.989 75.80680847167969
C13 959.989 55.12281036376953
C13 1000.013 28.248449325561523
C13 1030.002 11.788045883178711
C13 1049.996 5.793490886688232
C13 1080.005 0.6751998983589707
C13 1100.007 0.0918482264370424
C14 319.992 48.76707077026367
C14 330.006 50.80658721923828
C14 349.994 70.83113861083984
C14 370.001 77.07794952392578
C14 400.009 84.34988403320312
C14 429.983 87.02734375
C14 449.989 88.35643768310547
C14 469.993 89.71102905273438
C14 500.016 92.11798095703125
C14 549.99 95.17069244384766
C14 569.998 96.35031127929688
C14 599.983 97.56112670898438
C14 630.013 97.94336700439453
C14 649.987 98.41925811767578
C14 670.017 98.46527862548828
C14 699.987 98.44969177246094
C14 720.012 97.88310241699219
C14 749.995 97.31710815429688
C14 770.007 96.81442260742188
C14 800.008 95.90980529785156
C14 830.013 94.24884033203125
C14 869.994 89.74787902832031
C14 900.005 82.4529800415039
C14 919.989 75.77226257324219
C14 959.989 55.02621078491211
C14 1000.013 28.258113861083984
C14 1030.002 11.7667236328125
C14 1049.996 5.796411991119385
C14 1080.005 0.6746511598652588
C14 1100.007 0.0917735809023679
C15 319.992 49.26077651977539
C15 330.006 51.32633590698242
C15 349.994 71.59198760986328
C15 370.001 77.8984603881836
C15 400.009 84.83450317382812
C15 429.983 87.3468017578125
C15 449.989 88.61388397216797
C15 469.993 89.9332504272461
C15 500.016 92.3038330078125
C15 549.99 95.32776641845703
C15 569.998 96.50250244140625
C15 599.983 97.70317840576172
C15 630.013 98.08926391601562
C15 649.987 98.5594253540039
C15 670.017 98.60758209228516
C15 699.987 98.59495544433594
C15 720.012 98.02194213867188
C15 749.995 97.45393371582031
C15 770.007 96.9447250366211
C15 800.008 96.03961181640625
C15 830.013 94.36387634277344
C15 869.994 89.86237335205078
C15 900.005 82.5807876586914
C15 919.989 75.85698699951172
C15 959.989 55.05779266357422
C15 1000.013 28.280216217041016
C15 1030.002 11.791167259216309
C15 1049.996 5.790670871734619
C15 1080.005 0.6755996986058297
C15 1100.007 0.09190261172900163
C16 319.992 49.60356903076172
C16 330.006 51.69255065917969
C16 349.994 72.13483428955078
C16 370.001 78.47982788085938
C16 400.009 85.14793395996094
C16 429.983 87.52392578125
C16 449.989 88.74725341796875
C16 469.993 90.03194427490234
C16 500.016 92.3714370727539
C16 549.99 95.37193298339844
C16 569.998 96.53909301757812
C16 599.983 97.73240661621094
C16 630.013 98.11479949951172
C16 649.987 98.58777618408203
C16 670.017 98.6280517578125
C16 699.987 98.61365509033203
C16 720.012 98.03948974609375
C16 749.995 97.46717071533203
C16 770.007 96.95985412597656
C16 800.008 96.05403137207031
C16 830.013 94.36666870117188
C16 869.994 89.86903381347656
C16 900.005 82.59273529052734
C16 919.989 75.79997253417969
C16 959.989 55.005889892578125
C16 1000.013 28.23367691040039
C16 1030.002 11.78608226776123
C16 1049.996 5.797591686248779
C16 1080.005 0.6756914624554697
C16 1100.007 0.0919150944720544
C17 319.992 50.02231216430664
C17 330.006 52.13618469238281
C17 349.994 72.78279876708984
C17 370.001 79.18080139160156
C17 400.009 85.62745666503906
C17 429.983 87.905517578125
C17 449.989 89.09280395507812
C17 469.993 90.35689544677734
C17 500.016 92.67826843261719
C17 549.99 95.67670440673828
C17 569.998 96.84342193603516
C17 599.983 98.04290008544922
C17 630.013 98.42302703857422
C17 649.987 98.89612579345703
C17 670.017 98.93675994873047
C17 699.987 98.91746520996094
C17 720.012 98.34324645996094
C17 749.995 97.76782989501953
C17 770.007 97.254638671875
C17 800.008 96.34241485595703
C17 830.013 94.64730072021484
C17 869.994 90.14159393310547
C17 900.005 82.85301971435547
C17 919.989 76.06761169433594
C17 959.989 55.12596130371094
C17 1000.013 28.346378326416016
C17 1030.002 11.87337589263916
C17 1049.996 5.843017101287842
C17 1080.005 0.6777757792028791
C17 1100.007 0.09219862650019578
