lsstCam/transmission_filter_detector/r31_s10/r_57/19700101T000000.ecsv
# %ECSV 1.0
# ---
# datatype:
# - {name: wavelength, unit: nm, datatype: float32}
# - {name: efficiency, unit: '%', datatype: float64}
# meta: !!omap
# - {MODE: DETECTOR}
# - {TYPE: transmission_filter_detector}
# - {CALIBDATE: '1970-01-01T00:00:00'}
# - {INSTRUME: LSSTCam}
# - {OBSTYPE: transmission_filter_detector}
# - {CALIBCLS: lsst.ip.isr.IntermediateFilterDetectorTransmissionCurve}
# - {SOURCE: Materion (DM-46256)}
# - {DETECTOR: 129}
# - {FILTER: r_57}
# - {CALIB_ID: 'calibDate=1970-01-01T00:00:00 filter=r_57 detector=129'}
# - {DATE: '2025-04-02T15:59:44.781011'}
# - {CALIB_CREATION_DATE: '2025-04-02'}
# - {CALIB_CREATION_TIME: '15:59:44'}
# - __serialized_columns__:
#     efficiency:
#       __class__: astropy.units.quantity.Quantity
#       unit: !astropy.units.Unit {unit: '%'}
#       value: !astropy.table.SerializedColumn {name: efficiency}
#     wavelength:
#       __class__: astropy.units.quantity.Quantity
#       unit: !astropy.units.Unit {unit: nm}
#       value: !astropy.table.SerializedColumn {name: wavelength}
# schema: astropy-2.0
wavelength efficiency
[from data line 603]
903.0 1.6023073709861557e-10
904.0 1.6023073709861557e-10
905.0 2.410195376612023e-07
906.0 6.465618866968725e-05
907.0 0.00012907137261208845
908.0 0.00017474715150456177
909.0 0.00022042290765966754
910.0 8.106994187073724e-05
911.0 1.6023073709861557e-10
912.0 6.246921770980407e-05
913.0 0.00018322148207516875
914.0 0.0001377867079099815
915.0 9.235192237611045e-05
916.0 3.274852531376382e-05
917.0 1.6023073709861557e-10
918.0 7.791477969476546e-05
919.0 0.00018268445955982315
920.0 0.00019313433767820243
921.0 0.00020358422716526547
922.0 0.00021310863758117193
923.0 0.00022263307073444594
924.0 0.00020993281850678613
925.0 0.0001972325435417588
926.0 0.0001520620799055905
927.0 0.00010689159353205469
928.0 0.00011237655144213932
929.0 0.00011786146387748886
930.0 0.0001345149598819262
931.0 0.00015116839904294466
932.0 0.000143016643505689
933.0 0.00013486488796843332
934.0 5.6778020507408655e-05
935.0 1.6023073709861557e-10
936.0 8.108199267553573e-06
937.0 3.7525197171817126e-05
938.0 3.274211906045821e-05
939.0 2.795900400087703e-05
940.0 6.69539303999045e-05
941.0 0.00010594881132419687
942.0 0.00028006900265609147
943.0 0.0004541891939879861
944.0 0.0004201449883112218
945.0 0.0003861007826344576
946.0 0.0004882273969997186
947.0 0.0005903541023144498
948.0 0.0004132564299652586
949.0 0.00023615893951500766
950.0 0.00030117346341285156
951.0 0.0003661880555227981
952.0 0.0005385187250794843
953.0 0.0007108495083230082
954.0 0.0008797997907095123
955.0 0.0010487504368938971
956.0 0.0011887619621120393
957.0 0.0013287734873301815
958.0 0.001540582707093563
959.0 0.0017523921997053549
960.0 0.0019014505596715026
961.0 0.0020505089196376503
962.0 0.0022246862499741837
963.0 0.0023988632165128365
964.0 0.00241517809627112
965.0 0.0024314933398272842
966.0 0.0024565530111431144
967.0 0.0024816126824589446
968.0 0.002420258715574164
969.0 0.0023589049305883236
970.0 0.0023834700186853297
971.0 0.002408035106782336
972.0 0.0025688075766083784
973.0 0.002729580046434421
974.0 0.0028871749236714095
975.0 0.0030447699828073382
976.0 0.003043917786271777
977.0 0.003043065771635156
978.0 0.0030922376026865095
979.0 0.0031414092518389225
980.0 0.003141252454952337
981.0 0.003141095658065751
982.0 0.0031681047403253615
983.0 0.003195113822584972
984.0 0.0030361925382749178
985.0 0.0028772710720659234
986.0 0.0027575955755310133
987.0 0.0026379200789961033
988.0 0.0026139834517380223
989.0 0.0025900473701767623
990.0 0.0026013731257990003
991.0 0.002612698699522298
992.0 0.00258287454926176
993.0 0.002553050399001222
994.0 0.0025910137992468663
995.0 0.002628977563290391
996.0 0.0026596637326292694
997.0 0.002690350083867088
998.0 0.0028787371775251813
999.0 0.0030671242711832747
1000.0 0.0031083854992175475
1001.0 0.0031496463634539396
1002.0 0.003363302312209271
1003.0 0.0035769578971667215
1004.0 0.003627715341281146
1005.0 0.00367847278539557
1006.0 0.0038561105611734092
1007.0 0.00403374906454701
1008.0 0.0040892093238653615
1009.0 0.0041446692193858325
1010.0 0.004104316758457571
1011.0 0.004063965025125071
1012.0 0.004038002953166142
1013.0 0.004012040881207213
1014.0 0.0038846766983624548
1015.0 0.0037573125155176967
1016.0 0.0034097738534910604
1017.0 0.003062235191464424
1018.0 0.0027897556719835848
1019.0 0.002517275970603805
1020.0 0.002285902519361116
1021.0 0.0020545288862194866
1022.0 0.0017302989363088273
1023.0 0.0014060687135497574
1024.0 0.0012843504919146653
1025.0 0.001162632179330103
1026.0 0.0010536024092289153
1027.0 0.0009445729119761381
1028.0 0.0009254923497792333
1029.0 0.0009064119694812689
1030.0 0.0008641300155431964
1031.0 0.000821848152554594
1032.0 0.0008187320418073796
1033.0 0.0008156157491612248
1034.0 0.0006662024588877102
1035.0 0.0005167889412405202
1036.0 0.0005594791673502186
1037.0 0.000602169393459917
1038.0 0.0007798045771778561
1039.0 0.0009574398063705303
1040.0 0.0008500268450006843
1041.0 0.0007426137017318979
1042.0 0.0007553782779723406
1043.0 0.0007681427632633131
1044.0 0.0007893750080256723
1045.0 0.0008106071618385613
1046.0 0.0007962757081259042
1047.0 0.0007819443453627173
1048.0 0.0007346332040469861
1049.0 0.0006873221991554601
1050.0 0.0008016920219233725
1051.0 0.0009160617992165498
1052.0 0.0008660302228236105
1053.0 0.0008159982826327905
1054.0 0.0008698941201146226
1055.0 0.0009237898666469846
1056.0 0.0008884161616151687
1057.0 0.0008530423656338826
1058.0 0.0010036358617071528
1059.0 0.0011542291758814827
1060.0 0.0011129758604511153
1061.0 0.0010717224540712778
1062.0 0.0011463947885204107
1063.0 0.0012210669410706032
1064.0 0.0013396174836088903
1065.0 0.0014581680261471774
1066.0 0.001743649409036152
1067.0 0.002029130519076716
1068.0 0.002039073297055438
1069.0 0.0020490157112362795
1070.0 0.002043367021542508
1071.0 0.002037718513747677
1072.0 0.0019232014892622828
1073.0 0.0018086844647768885
1074.0 0.0021410347471828572
1075.0 0.002473385029588826
1076.0 0.0026719146262621507
1077.0 0.002870444041036535
1078.0 0.0031381747248815373
1079.0 0.003405905226827599
1080.0 0.0038824266084702685
1081.0 0.004358947262517177
1082.0 0.004210046245134436
1083.0 0.004061145227751695
1084.0 0.00406328217650298
1085.0 0.004065418761456385
1086.0 0.0040164344682125375
1087.0 0.003967449811170809
1088.0 0.003731239849003032
1089.0 0.0034950298868352547
1090.0 0.0027095946279587224
1091.0 0.00192415936908219
1092.0 0.002926847264461685
1093.0 0.0039295355236390606
1094.0 0.003910745363100432
1095.0 0.003891955566359684
1096.0 0.0036810692108701915
1097.0 0.0034701832191785797
1098.0 0.0035101213143207133
1099.0 0.003550059409462847
1100.0 0.002473160384397488
1101.0 0.0013962609045847785
