lsstCam/transmission_filter_detector/r31_s10/r_57/19700101T000000.ecsv
# %ECSV 1.0
# ---
# datatype:
# - {name: wavelength, unit: nm, datatype: float32}
# - {name: efficiency, unit: '%', datatype: float64}
# meta: !!omap
# - {MODE: DETECTOR}
# - {TYPE: transmission_filter_detector}
# - {CALIBDATE: '1970-01-01T00:00:00'}
# - {INSTRUME: LSSTCam}
# - {OBSTYPE: transmission_filter_detector}
# - {CALIBCLS: lsst.ip.isr.IntermediateFilterDetectorTransmissionCurve}
# - {SOURCE: Materion (DM-46256)}
# - {DETECTOR: 129}
# - {FILTER: r_57}
# - {CALIB_ID: 'calibDate=1970-01-01T00:00:00 filter=r_57 detector=129'}
# - {DATE: '2025-04-02T15:59:44.781011'}
# - {CALIB_CREATION_DATE: '2025-04-02'}
# - {CALIB_CREATION_TIME: '15:59:44'}
# - __serialized_columns__:
#     efficiency:
#       __class__: astropy.units.quantity.Quantity
#       unit: !astropy.units.Unit {unit: '%'}
#       value: !astropy.table.SerializedColumn {name: efficiency}
#     wavelength:
#       __class__: astropy.units.quantity.Quantity
#       unit: !astropy.units.Unit {unit: nm}
#       value: !astropy.table.SerializedColumn {name: wavelength}
# schema: astropy-2.0
wavelength efficiency
300.0 0.002072594543278683
301.0 0.005213831173023209
302.0 0.00835507016745396
303.0 0.011441620881669223
304.0 0.014528172323480248
305.0 0.01267076440853998
306.0 0.010813356493599713
307.0 0.009154291183222085
308.0 0.0074952273280359805
309.0 0.007314243703149259
310.0 0.007133259350666776
311.0 0.0066966458689421415
312.0 0.006260032387217507
313.0 0.00581230633542873
314.0 0.005364579919842072
315.0 0.004725097824120894
316.0 0.004085615000803955
317.0 0.00391275025322102
318.0 0.003739884778042324
319.0 0.0036575358535628766
320.0 0.0035751854738919064
321.0 0.0033167580113513395
322.0 0.003058328729821369
323.0 0.002953262082883157
324.0 0.0028481957997428253
325.0 0.002561025758041069
326.0 0.002273855534440372
327.0 0.0022303029254544526
328.0 0.0021867504983674735
329.0 0.0023090695322025567
330.0 0.0024313882022397593
331.0 0.002223482988483738
332.0 0.0020155774109298363
333.0 0.001832423913583625
334.0 0.0016492704162374139
335.0 0.0014687599104945548
336.0 0.0012882493138022255
337.0 0.001254939616046613
338.0 0.0012216300092404708
339.0 0.001080422407540027
340.0 0.0009392149877385236
341.0 0.0008493145287502557
342.0 0.0007594142516609281
343.0 0.000799410463514505
344.0 0.0008394065844186116
345.0 0.0008543276635464281
346.0 0.0008692486517247744
347.0 0.0008744808837946039
348.0 0.0008797132977633737
349.0 0.0008265235919679981
350.0 0.002519472036510706
351.0 0.004783849362866022
352.0 0.007048225961625576
353.0 0.006514957203762606
354.0 0.005981689901091158
355.0 0.004468410043045878
356.0 0.0029551301850005984
357.0 0.003453827230259776
358.0 0.003952525366912596
359.0 0.003954936255468056
360.0 0.003957347507821396
361.0 0.003160741471219808
362.0 0.0023641352527192794
363.0 0.002252823833259754
364.0 0.0021415125956991687
365.0 0.002070961090794299
366.0 0.0020004099496873096
367.0 0.00233668033615686
368.0 0.0026729507226264104
369.0 0.003539790486684069
370.0 0.004406629886943847
371.0 0.004105282278032973
372.0 0.003803934305324219
373.0 0.003082624971284531
374.0 0.002361315091548022
375.0 0.0016261450582533143
376.0 0.0008909747521101963
377.0 0.00207079756364692
378.0 0.0032506206480320543
379.0 0.002598270839371253
380.0 0.0019459215764072724
381.0 0.0021266947442200035
382.0 0.0023074682758306153
383.0 0.002970451532746665
384.0 0.0036334346077637747
385.0 0.004242116847308353
386.0 0.004850799450650811
387.0 0.004538505163509399
388.0 0.004226210876367986
389.0 0.003250021836720407
390.0 0.0022738322513760068
391.0 0.0019734416127903387
392.0 0.0016730515199014917
393.0 0.0017211230442626402
394.0 0.001769194750522729
395.0 0.001318872546107741
396.0 0.0008685504326422233
397.0 0.0007767708666506223
398.0 0.0006849914370832266
399.0 0.0007575402833026601
400.0 0.000830089356895769
401.0 0.0008182972123904619
402.0 0.0008065050678851549
403.0 0.0007341033779084682
404.0 0.0006617019607801922
405.0 0.0010109044524142519
406.0 0.001360107125947252
407.0 0.0012612566933967173
408.0 0.0011624062608461827
409.0 0.0009359563591715414
410.0 0.0007095066393958405
411.0 0.0009850977221503854
412.0 0.0012606889868038706
413.0 0.0016896399756660685
414.0 0.0021185909645282663
415.0 0.0020415018298081122
416.0 0.0019644128769868985
417.0 0.001630181577638723
418.0 0.0012959501873410773
419.0 0.001986536881304346
420.0 0.0026771233024192043
421.0 0.0040514983993489295
422.0 0.005425873678177595
423.0 0.00858402345329523
424.0 0.011742173228412867
425.0 0.015522395551670343
426.0 0.01930261933011934
427.0 0.01960821682587266
428.0 0.0199138157768175
429.0 0.015726260608062148
430.0 0.011538706166902557
431.0 0.007971031300257891
432.0 0.004403356069815345
433.0 0.0035421067877905443
434.0 0.0026808578695636243
435.0 0.00224145915126428
436.0 0.001802060432964936
437.0 0.00117278268589871
438.0 0.0005435051662061596
439.0 0.0007591885605506832
440.0 0.0009748720003699418
441.0 0.0010976149496855214
442.0 0.0012203581718495116
443.0 0.0015488465578528121
444.0 0.0018773349438561127
445.0 0.0016981157386908308
446.0 0.001518896624475019
447.0 0.0013769156794296578
448.0 0.0012349347343842965
449.0 0.0012642100955417845
450.0 0.0012934852748003323
451.0 0.0013183104783820454
452.0 0.001343135409115348
453.0 0.001471551149734296
454.0 0.0015999667084543034
455.0 0.0013333487913769204
456.0 0.001066731147147948
457.0 0.0008973176591098309
458.0 0.0007279038527485682
459.0 0.000961055229709018
460.0 0.001194206652144203
461.0 0.0016878053429536521
462.0 0.002181404306611512
463.0 0.0030396488000405952
464.0 0.0038978931115707383
465.0 0.0047646095481468365
466.0 0.0056313248933292925
467.0 0.006177741306601092
468.0 0.0067241569922771305
469.0 0.00581911881454289
470.0 0.004914079909212887
471.0 0.00371170935977716
472.0 0.002509338446543552
473.0 0.0018007120161200874
474.0 0.0010920851309492718
475.0 0.0008149056156980805
476.0 0.0005377260549721541
477.0 0.0006435619070543908
478.0 0.0007493977591366274
479.0 0.0006874014161439845
480.0 0.0006254051641008118
481.0 0.0005514944405149436
482.0 0.0004775838533532806
483.0 0.0005502986823557876
484.0 0.0006230136477824999
485.0 0.0006985774689383106
486.0 0.0007741413355688564
487.0 0.0005215475994191365
488.0 0.0002689538632694166
489.0 0.0005837074695591582
490.0 0.0008984609848994296
491.0 0.0008188544597942382
492.0 0.0007392479801637819
493.0 0.0008512947715644259
494.0 0.0009633414265408646
495.0 0.0010065275091619696
496.0 0.0010497135008336045
497.0 0.0010110959919984452
498.0 0.0009724786650622264
499.0 0.0010371621101512574
500.0 0.001101845919038169
501.0 0.0012534700545074884
502.0 0.0014050939171283972
503.0 0.0017773178115021437
504.0 0.0021495412511285394
505.0 0.0025898511012201197
506.0 0.0030301611332106404
507.0 0.003807770917774178
508.0 0.004585380884236656
509.0 0.004903640001430176
510.0 0.005221900210017338
511.0 0.004821547554456629
512.0 0.0044211952626938
513.0 0.003779927283176221
514.0 0.003138659303658642
515.0 0.002919903454312589
516.0 0.002701147423067596
517.0 0.0027368596420274116
518.0 0.0027725714971893467
519.0 1.6023073709861557e-10
520.0 0.12793660862371325
521.0 0.16326792538166046
522.0 0.1232842798344791
523.0 0.07287346525117755
524.0 0.040878832805901766
525.0 0.16495099989697337
526.0 0.03783315478358418
527.0 0.18402222776785493
528.0 0.1000109943561256
529.0 0.056306004989892244
530.0 0.07168632582761347
531.0 0.18767488654702902
532.0 0.2974084811285138
533.0 0.3038575407117605
534.0 0.2359610516577959
535.0 0.413687014952302
536.0 0.6237008608877659
537.0 0.8432147093117237
538.0 1.3380154967308044
539.0 2.1706419065594673
540.0 3.474034368991852
541.0 5.058874562382698
542.0 7.484134286642075
543.0 10.441644489765167
544.0 13.984045386314392
545.0 17.97611117362976
546.0 23.066730797290802
547.0 29.095372557640076
548.0 36.78480386734009
549.0 44.805458188056946
550.0 51.824748516082764
551.0 59.761130809783936
552.0 65.11284112930298
553.0 70.11198401451111
554.0 74.50581192970276
555.0 78.48809957504272
556.0 82.11666345596313
557.0 84.97688174247742
558.0 88.12581300735474
559.0 91.59254431724548
560.0 92.55295395851135
561.0 94.05521750450134
562.0 95.29569149017334
563.0 95.48418521881104
564.0 95.5325722694397
565.0 95.05711793899536
566.0 95.49731016159058
567.0 95.07993459701538
568.0 95.41451334953308
569.0 96.02969884872437
570.0 95.9421157836914
571.0 96.79368734359741
572.0 96.43287658691406
573.0 96.71871066093445
574.0 97.0460593700409
575.0 96.86964750289917
576.0 97.20690250396729
577.0 97.07574844360352
578.0 96.84690237045288
579.0 97.13913798332214
580.0 96.18756771087646
581.0 96.70736193656921
582.0 96.74051403999329
583.0 96.56123518943787
584.0 95.65635919570923
585.0 96.38630747795105
586.0 96.58077359199524
587.0 96.05198502540588
588.0 96.23026251792908
589.0 97.1387267112732
590.0 96.4464783668518
591.0 95.77768445014954
592.0 95.97215056419373
593.0 95.55602669715881
594.0 95.97771763801575
595.0 95.95720171928406
596.0 96.84835076332092
597.0 97.17935919761658
598.0 96.29694819450378
599.0 96.93081378936768
600.0 96.4942455291748
601.0 95.95874547958374
602.0 96.39416337013245
603.0 96.02391719818115
604.0 96.54130339622498
605.0 96.63197994232178
606.0 96.26966714859009
607.0 95.77862024307251
608.0 96.21082544326782
609.0 95.45518159866333
610.0 96.04837894439697
611.0 95.9557831287384
612.0 95.91091871261597
613.0 96.77267074584961
614.0 96.30300402641296
615.0 96.31646275520325
616.0 96.56993746757507
617.0 96.29481434822083
618.0 95.9847629070282
619.0 96.9631552696228
620.0 95.83539366722107
621.0 95.80801129341125
622.0 96.5221643447876
623.0 96.58122062683105
624.0 96.45662903785706
625.0 96.7976450920105
626.0 96.088045835495
627.0 95.05763649940491
628.0 96.9266951084137
629.0 95.499187707901
630.0 96.28317952156067
631.0 95.70740461349487
632.0 96.93081974983215
633.0 95.98013758659363
634.0 95.70972919464111
635.0 96.39204144477844
636.0 96.01999521255493
637.0 95.48088908195496
638.0 95.27392387390137
639.0 95.48025131225586
640.0 95.68026661872864
641.0 95.46888470649719
642.0 95.95995545387268
643.0 95.76322436332703
644.0 95.87464928627014
645.0 95.79026699066162
646.0 96.05891704559326
647.0 96.76611423492432
648.0 96.22288346290588
649.0 95.32346725463867
650.0 96.2514877319336
651.0 96.26177549362183
652.0 96.6311514377594
653.0 95.8879292011261
654.0 96.03419899940491
655.0 96.36261463165283
656.0 95.75757384300232
657.0 95.53620219230652
658.0 96.41859531402588
659.0 96.34020328521729
660.0 95.36285996437073
661.0 95.00404596328735
662.0 95.82235217094421
663.0 95.37486433982849
664.0 95.44750452041626
665.0 95.18063068389893
666.0 95.6310510635376
667.0 95.62028050422668
668.0 95.10573148727417
669.0 95.7520604133606
670.0 95.5116331577301
671.0 95.65249681472778
672.0 95.23141980171204
673.0 95.1863944530487
674.0 95.02354264259338
675.0 95.68076133728027
676.0 94.9963390827179
677.0 94.15688514709473
678.0 93.33863854408264
679.0 92.76077151298523
680.0 92.02231168746948
681.0 90.61077237129211
682.0 88.62994313240051
683.0 86.05860471725464
684.0 82.81499147415161
685.0 79.25680875778198
686.0 75.87481737136841
687.0 71.32123112678528
688.0 66.97068810462952
689.0 62.362176179885864
690.0 57.29294419288635
691.0 53.07478904724121
692.0 48.40806424617767
693.0 44.15385723114014
694.0 39.2544150352478
695.0 34.17221009731293
696.0 28.893321752548218
697.0 23.814892768859863
698.0 17.981500923633575
699.0 13.27388733625412
700.0 9.509081393480301
701.0 6.065678596496582
702.0 3.889036923646927
703.0 2.2164003923535347
704.0 1.286374032497406
705.0 0.7686622440814972
706.0 0.5394638050347567
707.0 0.3037909511476755
708.0 0.219262158498168
709.0 0.18323599360883236
710.0 0.11977773392572999
711.0 0.06138653261587024
712.0 0.10129640577360988
713.0 0.036980517324991524
714.0 0.09598808828741312
715.0 0.04234876541886479
716.0 0.023099013196770102
717.0 0.05029042367823422
718.0 0.029706736677326262
719.0 1.6023073709861557e-10
720.0 1.6023073709861557e-10
721.0 0.004760919910040684
722.0 0.004480746429180726
723.0 0.00420057367591653
724.0 0.0039184877095976844
725.0 0.0036364021070767194
726.0 0.003392934740986675
727.0 0.0031494673748966306
728.0 0.0029899692890467122
729.0 0.002830471385095734
730.0 0.002683755519683473
731.0 0.0025370396542712115
732.0 0.00244774782913737
733.0 0.002358456367801409
734.0 0.0022403981347451918
735.0 0.0021223399016889744
736.0 0.0019965682440670207
737.0 0.0018707971321418881
738.0 0.0018015440218732692
739.0 0.001732291275402531
740.0 0.0016611704268143512
741.0 0.0015900495782261714
742.0 0.0014760372323507909
743.0 0.0013620246136269998
744.0 0.001497586981713539
745.0 0.001633149258850608
746.0 0.0014462239960266743
747.0 0.00125929846035433
748.0 0.0012755787793139461
749.0 0.0012918588254251517
750.0 0.0012580957445607055
751.0 0.0012243329365446698
752.0 0.0012138881174905691
753.0 0.0012034437531838194
754.0 0.0012142365449108183
755.0 0.0012250292456883471
756.0 0.0011523403372848406
757.0 0.0010796514288813341
758.0 0.0010710898095567245
759.0 0.0010625284630805254
760.0 0.0010155957170354668
761.0 0.0009686631528893486
762.0 0.0009337586561741773
763.0 0.0008988545232568868
764.0 0.0010001770533563104
765.0 0.0011014994925062638
766.0 0.0009602339559933171
767.0 0.00081896823758143
768.0 0.0007999731678864919
769.0 0.000780977734393673
770.0 0.0007438600732712075
771.0 0.0007067424576234771
772.0 0.0008254224667325616
773.0 0.000944102430366911
774.0 0.000999128315015696
775.0 0.001054154199664481
776.0 0.001091786180040799
777.0 0.001129418615164468
778.0 0.0009544632121105678
779.0 0.0007795080819050781
780.0 0.0007627021204825724
781.0 0.0007458963409590069
782.0 0.0008138767043419648
783.0 0.0008818573405733332
784.0 0.0007937821465020534
785.0 0.0007057070888549788
786.0 0.0008047602932492737
787.0 0.0009038134521688335
788.0 0.0007129478490242036
789.0 0.0005220821549301036
790.0 0.0005909665560466237
791.0 0.0006598510481126141
792.0 0.00068645008468593
793.0 0.0007130489393603057
794.0 0.0007759424988762476
795.0 0.0008388361493416596
796.0 0.0006678548288618913
797.0 0.000496873553856858
798.0 0.000586388750889455
799.0 0.0006759041752957273
800.0 0.0007647671736776829
801.0 0.0008536298992112279
802.0 0.0008131528375088237
803.0 0.0007726758667558897
804.0 0.0006995066087256419
805.0 0.000626337350695394
806.0 0.0006545112228195649
807.0 0.0006826849585195305
808.0 0.0006717996711813612
809.0 0.0006609143383684568
810.0 0.000701012822901248
811.0 0.0007411111710098339
812.0 0.0006152229616418481
813.0 0.0004893344794254517
814.0 0.0004899845407635439
815.0 0.000490634556626901
816.0 0.0006875883173051989
817.0 0.0008845422598824371
818.0 0.0006969154128455557
819.0 0.0005092884748592041
820.0 0.0005966397111478727
821.0 0.0006839909474365413
822.0 0.0006754197784175631
823.0 0.000666848700348055
824.0 0.0006107581157266395
825.0 0.0005546673946810188
826.0 0.0005185065674595535
827.0 0.00048234578571282327
828.0 0.0005138713277119678
829.0 0.0005453969151858473
830.0 0.0002492615067239967
831.0 1.6023073709861557e-10
832.0 1.6023073709861557e-10
833.0 1.6023073709861557e-10
834.0 1.6023073709861557e-10
835.0 7.1176674509843e-05
836.0 0.00010749165539891692
837.0 0.00014380661923496518
838.0 0.0006796945399401011
839.0 0.001215582506119972
840.0 0.001544158840260934
841.0 0.0018727354472503066
842.0 0.002131028850271832
843.0 0.0023893226170912385
844.0 0.0023596245227963664
845.0 0.0023299264285014942
846.0 0.0020866609702352434
847.0 0.0018433955119689927
848.0 0.0018436854588799179
849.0 0.001843975405790843
850.0 0.001723843888612464
851.0 0.0016037125533330254
852.0 0.0014875618035148364
853.0 0.0013714113265450578
854.0 0.0010758738426375203
855.0 0.0007803362677805126
856.0 0.0006535752163472353
857.0 0.0005268139375402825
858.0 0.00046318118620547466
859.0 0.000399548525820137
860.0 0.00032677521630830597
861.0 0.0002540019295338425
862.0 0.0003225510226911865
863.0 0.000391100093111163
864.0 0.00027047474304708885
865.0 0.000149849427089066
866.0 0.0001469965241085447
867.0 0.00014414357565328828
868.0 3.276563802501187e-05
869.0 1.6023073709861557e-10
870.0 2.7555236670195882e-05
871.0 0.00013372280136536574
872.0 0.0001105426804315357
873.0 8.736258791941509e-05
874.0 0.00011495940270833671
875.0 0.0001425561890755489
876.0 0.0001376656200591242
877.0 0.00013277506241138326
878.0 0.0001538567516945477
879.0 0.0001749384637150797
880.0 0.0001368469725093746
881.0 9.875551540972083e-05
882.0 0.00013644577165905503
883.0 0.00017413602790838922
884.0 0.00011463014288892737
885.0 5.5124235132097965e-05
886.0 0.00015411969798151404
887.0 0.00025311514946224634
888.0 0.00021915409433859168
889.0 0.00018519306195230456
890.0 0.00012671375770878512
891.0 6.823445914960757e-05
892.0 8.20380648747232e-05
893.0 9.584166491549695e-05
894.0 7.47674505419127e-05
895.0 5.3693230483986554e-05
896.0 2.0581994419899274e-05
897.0 1.6023073709861557e-10
898.0 3.858573336401605e-05
899.0 8.970067142399785e-05
900.0 3.1447518722416135e-05
901.0 1.6023073709861557e-10
