lsstCam/transmission_filter_detector/r13_s02/z_20/19700101T000000.ecsv
# %ECSV 1.0
# ---
# datatype:
# - {name: wavelength, unit: nm, datatype: float32}
# - {name: efficiency, unit: '%', datatype: float64}
# meta: !!omap
# - {MODE: DETECTOR}
# - {TYPE: transmission_filter_detector}
# - {CALIBDATE: '1970-01-01T00:00:00'}
# - {INSTRUME: LSSTCam}
# - {OBSTYPE: transmission_filter_detector}
# - {CALIBCLS: lsst.ip.isr.IntermediateFilterDetectorTransmissionCurve}
# - {SOURCE: Materion (DM-46256)}
# - {DETECTOR: 56}
# - {FILTER: z_20}
# - {CALIB_ID: 'calibDate=1970-01-01T00:00:00 filter=z_20 detector=56'}
# - {DATE: '2025-04-02T15:59:48.896840'}
# - {CALIB_CREATION_DATE: '2025-04-02'}
# - {CALIB_CREATION_TIME: '15:59:48'}
# - __serialized_columns__:
#     efficiency:
#       __class__: astropy.units.quantity.Quantity
#       unit: !astropy.units.Unit {unit: '%'}
#       value: !astropy.table.SerializedColumn {name: efficiency}
#     wavelength:
#       __class__: astropy.units.quantity.Quantity
#       unit: !astropy.units.Unit {unit: nm}
#       value: !astropy.table.SerializedColumn {name: wavelength}
# schema: astropy-2.0
wavelength efficiency
[from data line 598]
898.0 98.74510765075684
899.0 98.50660562515259
900.0 98.8463819026947
901.0 99.33577179908752
902.0 99.20098781585693
903.0 98.74331951141357
904.0 97.83176183700562
905.0 98.65475296974182
906.0 98.03466200828552
907.0 98.59087467193604
908.0 98.26251864433289
909.0 98.33752512931824
910.0 98.03299307823181
911.0 97.11979031562805
912.0 95.90249061584473
913.0 94.60892081260681
914.0 92.16800928115845
915.0 89.98643755912781
916.0 88.04376125335693
917.0 86.3941490650177
918.0 83.29493999481201
919.0 81.75569176673889
920.0 78.87030839920044
921.0 75.06367564201355
922.0 70.60519456863403
923.0 64.8058295249939
924.0 59.42591428756714
925.0 53.7761926651001
926.0 47.806692123413086
927.0 40.925922989845276
928.0 34.9074512720108
929.0 28.807517886161804
930.0 23.0588436126709
931.0 17.929807305336
932.0 12.344423681497574
933.0 8.112116903066635
934.0 5.247548595070839
935.0 3.1994272023439407
936.0 1.835440844297409
937.0 1.1436181142926216
938.0 0.6729386281222105
939.0 0.35491143353283405
940.0 0.15191531274467707
941.0 0.3283246885985136
942.0 0.08839888614602387
943.0 0.22541875950992107
944.0 0.07221223204396665
945.0 0.004146232822677121
946.0 1.623034063917561e-10
947.0 0.07686823955737054
948.0 1.623034063917561e-10
949.0 0.0082069804193452
950.0 1.623034063917561e-10
951.0 1.623034063917561e-10
952.0 0.07956365589052439
953.0 0.0518210930749774
954.0 0.0567880691960454
955.0 0.08480984251946211
956.0 1.623034063917561e-10
957.0 0.004729253851110116
958.0 1.623034063917561e-10
959.0 1.623034063917561e-10
960.0 0.09818826802074909
961.0 0.03439356223680079
962.0 1.623034063917561e-10
963.0 1.623034063917561e-10
964.0 0.018486838962417096
965.0 0.002032288830378093
966.0 0.02668008382897824
967.0 1.623034063917561e-10
968.0 0.007617603841936216
969.0 1.623034063917561e-10
970.0 1.623034063917561e-10
971.0 0.05047156591899693
972.0 1.623034063917561e-10
973.0 1.623034063917561e-10
974.0 1.623034063917561e-10
975.0 1.623034063917561e-10
976.0 0.006421228317776695
977.0 0.0063716193835716695
978.0 0.006322011904558167
979.0 0.006164355727378279
980.0 0.0060066977312089875
981.0 0.0058343986893305555
982.0 0.005662100738845766
983.0 0.005506140223587863
984.0 0.005350180072127841
985.0 0.005143692033016123
986.0 0.004937203630106524
987.0 0.004926134715788066
988.0 0.004915065801469609
989.0 0.004814476415049285
990.0 0.004713887392426841
991.0 0.004809419624507427
992.0 0.0049049518565880135
993.0 0.0048799538490129635
994.0 0.004854955477640033
995.0 0.004787951911566779
996.0 0.004720948345493525
997.0 0.00454427681688685
998.0 0.004367605652078055
999.0 0.004355165583547205
1000.0 0.004342725151218474
1001.0 0.004465317033464089
1002.0 0.0045879085519118235
1003.0 0.004517253546509892
1004.0 0.004446598904905841
1005.0 0.004333638571552001
1006.0 0.004220678601996042
1007.0 0.004266761607141234
1008.0 0.004312844612286426
1009.0 0.004397920201881789
1010.0 0.0044829954276792705
1011.0 0.004522640665527433
1012.0 0.004562285903375596
1013.0 0.0043867887143278494
1014.0 0.004211291525280103
1015.0 0.004402651757118292
1016.0 0.00459401126136072
1017.0 0.0048479694669367746
1018.0 0.005101927672512829
1019.0 0.004927281770505942
1020.0 0.0047526358684990555
1021.0 0.004692083894042298
1022.0 0.00463153155578766
1023.0 0.004558360160444863
1024.0 0.004485188401304185
1025.0 0.00465338489448186
1026.0 0.004821581023861654
1027.0 0.004753981193061918
1028.0 0.004686381726060063
1029.0 0.0047170728066703305
1030.0 0.004747764251078479
1031.0 0.004873243597103283
1032.0 0.004998723306925967
1033.0 0.005012796464143321
1034.0 0.005026869985158555
1035.0 0.005231636896496639
1036.0 0.005436404171632603
1037.0 0.005564884850173257
1038.0 0.005693365528713912
1039.0 0.005525815504370257
1040.0 0.005358265480026603
1041.0 0.005724167931475677
1042.0 0.006090070746722631
1043.0 0.005618156865239143
1044.0 0.005146243347553536
1045.0 0.005854097980773076
1046.0 0.006561951886396855
1047.0 0.0061959690356161445
1048.0 0.005829985093441792
1049.0 0.0059561276430031285
1050.0 0.006082270192564465
1051.0 0.00642262093606405
1052.0 0.006762973498553038
1053.0 0.006795460649300367
1054.0 0.006827947800047696
1055.0 0.007554260810138658
1056.0 0.008280574547825381
1057.0 0.008107163739623502
1058.0 0.007933752931421623
1059.0 0.00801143323769793
1060.0 0.008089112088782713
1061.0 0.00854718018672429
1062.0 0.009005249012261629
1063.0 0.008957708632806316
1064.0 0.008910168980946764
1065.0 0.009008423512568697
1066.0 0.009106680226977915
1067.0 0.009229590796167031
1068.0 0.00935250282054767
1069.0 0.01023511213134043
1070.0 0.011117721442133188
1071.0 0.010792197281261906
1072.0 0.010466673847986385
1073.0 0.010680453851819038
1074.0 0.010894235310843214
1075.0 0.011653348337858915
1076.0 0.012412466458044946
1077.0 0.012276989582460374
1078.0 0.01214151197928004
1079.0 0.01325070479651913
1080.0 0.014359898341353983
1081.0 0.014277856098487973
1082.0 0.014195815310813487
1083.0 0.014219516015145928
1084.0 0.014243216719478369
1085.0 0.014603974705096334
1086.0 0.014964734145905823
1087.0 0.015099126903805882
1088.0 0.015233522572088987
1089.0 0.016560970107093453
1090.0 0.017888419097289443
1091.0 0.017923564882948995
1092.0 0.017958706303033978
1093.0 0.01745576591929421
1094.0 0.016952824080362916
1095.0 0.018369697500020266
1096.0 0.019786572374869138
1097.0 0.02024046261794865
1098.0 0.020694354316219687
1099.0 0.0225391035201028
1100.0 0.024383845448028296
1101.0 0.02462377888150513
1102.0 0.024863705039024353
1103.0 0.025976033066399395
1104.0 0.027088358183391392
1105.0 0.026829942362383008
1106.0 0.026571526541374624
1107.0 0.02791721490211785
1108.0 0.02926290617324412
1109.0 0.030637255986221135
1110.0 0.032011608709581196
1111.0 0.03204871900379658
1112.0 0.032085832208395004
1113.0 0.03397584368940443
1114.0 0.0358658580807969
1115.0 0.034170233993791044
1116.0 0.03247461572755128
1117.0 0.03341120318509638
1118.0 0.03434779355302453
1119.0 0.03801280108746141
1120.0 0.04167780571151525
1121.0 0.04255814419593662
1122.0 0.04343848268035799
1123.0 0.04449072584975511
1124.0 0.045542969019152224
1125.0 0.04579929809551686
1126.0 0.04605563299264759
1127.0 0.04897547769360244
1128.0 0.05189531948417425
1129.0 0.0558328116312623
1130.0 0.059770309599116445
1131.0 0.059862370835617185
1132.0 0.05995442625135183
1133.0 0.06327136652544141
1134.0 0.06658830679953098
1135.0 0.06558687891811132
1136.0 0.06458544521592557
1137.0 0.06934268749319017
1138.0 0.07409993559122086
1139.0 0.07902774377726018
1140.0 0.08395551703870296
1141.0 0.0922235834877938
1142.0 0.10049163829535246
1143.0 0.12386873131617904
1144.0 0.14724578941240907
1145.0 0.2903841435909271
1146.0 0.43352250941097736
1147.0 0.9188076481223106
1148.0 1.4040928333997726
1149.0 1.6011184081435204
1150.0 1.7981451004743576
