lsstCam/transmission_filter_detector/r13_s02/z_20/19700101T000000.ecsv
# %ECSV 1.0
# ---
# datatype:
# - {name: wavelength, unit: nm, datatype: float32}
# - {name: efficiency, unit: '%', datatype: float64}
# meta: !!omap
# - {MODE: DETECTOR}
# - {TYPE: transmission_filter_detector}
# - {CALIBDATE: '1970-01-01T00:00:00'}
# - {INSTRUME: LSSTCam}
# - {OBSTYPE: transmission_filter_detector}
# - {CALIBCLS: lsst.ip.isr.IntermediateFilterDetectorTransmissionCurve}
# - {SOURCE: Materion (DM-46256)}
# - {DETECTOR: 56}
# - {FILTER: z_20}
# - {CALIB_ID: 'calibDate=1970-01-01T00:00:00 filter=z_20 detector=56'}
# - {DATE: '2025-04-02T15:59:48.896840'}
# - {CALIB_CREATION_DATE: '2025-04-02'}
# - {CALIB_CREATION_TIME: '15:59:48'}
# - __serialized_columns__:
#     efficiency:
#       __class__: astropy.units.quantity.Quantity
#       unit: !astropy.units.Unit {unit: '%'}
#       value: !astropy.table.SerializedColumn {name: efficiency}
#     wavelength:
#       __class__: astropy.units.quantity.Quantity
#       unit: !astropy.units.Unit {unit: nm}
#       value: !astropy.table.SerializedColumn {name: wavelength}
# schema: astropy-2.0
wavelength efficiency
300.0 0.8714121766388416
301.0 0.5888366606086493
302.0 0.3062612609937787
303.0 0.2969275461509824
304.0 0.2875938545912504
305.0 0.24290909059345722
306.0 0.1982242800295353
307.0 0.18300446681678295
308.0 0.16778467688709497
309.0 0.14639149885624647
310.0 0.12499830918386579
311.0 0.12564886128529906
312.0 0.1262994483113289
313.0 0.11149311903864145
314.0 0.09668681886978447
315.0 0.09626944083720446
316.0 0.09585206280462444
317.0 0.07974329055286944
318.0 0.06363453576341271
319.0 0.06366805173456669
320.0 0.06370156188495457
321.0 0.06326376460492611
322.0 0.06282597314566374
323.0 0.05485782166942954
324.0 0.04688967310357839
325.0 0.04362721520010382
326.0 0.040364760207012296
327.0 0.039472407661378384
328.0 0.03858005511574447
329.0 0.03400270943529904
330.0 0.029425363754853606
331.0 0.02693143323995173
332.0 0.024437502725049853
333.0 0.02359335485380143
334.0 0.022749205527361482
335.0 0.02152067027054727
336.0 0.02029213501373306
337.0 0.02455193316563964
338.0 0.02881172695197165
339.0 0.024512194795534015
340.0 0.020212667004670948
341.0 0.016990906442515552
342.0 0.013769145880360156
343.0 0.013601002865470946
344.0 0.013432862760964781
345.0 0.012616526510100812
346.0 0.011800191714428365
347.0 0.011308015382383019
348.0 0.01081584268831648
349.0 0.013367885549087077
350.0 0.015919929137453437
351.0 0.013257484533824027
352.0 0.010595034837024286
353.0 0.011171200458193198
354.0 0.011747365351766348
355.0 0.01008764884318225
356.0 0.008427932334598154
357.0 0.0094496994279325
358.0 0.01047146797645837
359.0 0.010123928223038092
360.0 0.009776387014426291
361.0 0.008845787669997662
362.0 0.00791519123595208
363.0 0.009161287016468123
364.0 0.010407382069388404
365.0 0.010127268615178764
366.0 0.009847158071352169
367.0 0.008630850788904354
368.0 0.007414542778860778
369.0 0.00790976919233799
370.0 0.008404995605815202
371.0 0.008329001138918102
372.0 0.008253006672021002
373.0 0.00723185803508386
374.0 0.006210710853338242
375.0 0.006512871186714619
376.0 0.006815031520090997
377.0 0.007115367043297738
378.0 0.007415701111312956
379.0 0.006240048242034391
380.0 0.0050643953727558255
381.0 0.0032154603104572743
382.0 0.001366525702906074
383.0 0.0035743651096709073
384.0 0.005782204971183091
385.0 0.005511802373803221
386.0 0.005241400504019111
387.0 0.005908568709855899
388.0 0.0065757376432884485
389.0 0.00579939951421693
390.0 0.005023062112741172
391.0 0.004657377576222643
392.0 0.004291693039704114
393.0 0.004756976341013797
394.0 0.00522226000612136
395.0 0.004330820229370147
396.0 0.0034393800888210535
397.0 0.0036108322092331946
398.0 0.003782283965847455
399.0 0.004000961416750215
400.0 0.004219638503855094
401.0 0.004520939910435118
402.0 0.004822241317015141
403.0 0.004896564860246144
404.0 0.004970888767275028
405.0 0.0040362512663705274
406.0 0.0031016141292639077
407.0 0.0017842050510807894
408.0 0.00046679647311975714
409.0 0.0018980843378813006
410.0 0.00332937270286493
411.0 0.0040951490518637
412.0 0.00486092540086247
413.0 0.004637444726540707
414.0 0.004413963688421063
415.0 0.0036802623071707785
416.0 0.0029465611078194343
417.0 0.003966556323575787
418.0 0.004986552085028961
419.0 0.0045027813030174
420.0 0.004019010521005839
421.0 0.003970881152781658
422.0 0.003922752512153238
423.0 0.0036873876524623483
424.0 0.0034520242479629815
425.0 0.002536326428526081
426.0 0.0016206291547860019
427.0 0.0018352049664827064
428.0 0.0020497811419772916
429.0 0.0012315013918851037
430.0 0.00041322209654026665
431.0 0.0006093015599617502
432.0 0.0008053809324337635
433.0 0.0007346422989940038
434.0 0.0006639038019784493
435.0 0.0011678593182296026
436.0 0.0016718147890060209
437.0 0.0018496761185815558
438.0 0.0020275374481570907
439.0 0.0021409608962130733
440.0 0.002254384344269056
441.0 0.0016425776266260073
442.0 0.0010307708180334885
443.0 0.002235785905213561
444.0 0.003440800719545223
445.0 0.003330222170916386
446.0 0.003219643622287549
447.0 0.002539829074521549
448.0 0.001860014526755549
449.0 0.0025400484446436167
450.0 0.003220082726329565
451.0 0.002529548692109529
452.0 0.001839014294091612
453.0 0.001690284079813864
454.0 0.0015415540474350564
455.0 0.002308896364411339
456.0 0.0030762384994886816
457.0 0.002231614416814409
458.0 0.001386990425089607
459.0 0.001524743674963247
460.0 0.0016624970157863572
461.0 0.0007991993697942235
462.0 1.623034063917561e-10
463.0 0.0009196869541483466
464.0 0.0019034723663935438
465.0 0.00218829281948274
466.0 0.0024731138182687573
467.0 0.002156439222744666
468.0 0.0018397640815237537
469.0 0.0016548037820030004
470.0 0.0014698431186843663
471.0 0.0013423620657704305
472.0 0.0012148813766543753
473.0 0.0012394928489811718
474.0 0.0012641044122574385
475.0 0.0011118298971268814
476.0 0.0009595554729457945
477.0 0.001292613069381332
478.0 0.0016256704839179292
479.0 0.001974969018192496
480.0 0.002324267552467063
481.0 0.0018638706023921259
482.0 0.0014034735613677185
483.0 0.000977003583102487
484.0 0.0005505334229383152
485.0 0.00136411772473366
486.0 0.002177702117478475
487.0 0.0014700981409987435
488.0 0.0007624940735695418
489.0 0.0016196210708585568
490.0 0.002476748159097042
491.0 0.002318616861884948
492.0 0.002160485564672854
493.0 0.002045272776740603
494.0 0.0019300603526062332
495.0 0.001639573383727111
496.0 0.0013490864148479886
497.0 0.0012134733879065607
498.0 0.0010778607247630134
499.0 0.0012131779840274248
500.0 0.0013484954251907766
501.0 0.0009180002962239087
502.0 0.0004875049853581004
503.0 0.0012410086128511466
504.0 0.001994512240344193
505.0 0.0021457626644405536
506.0 0.0022970130885369144
507.0 0.0022529307898366824
508.0 0.0022088481273385696
509.0 0.0018877668480854481
510.0 0.0015666859326302074
511.0 0.0012040039109706413
512.0 0.0008413220712100156
513.0 0.0012691763913608156
514.0 0.001697030893410556
515.0 0.0013353870599530637
516.0 0.0009737436812429223
517.0 0.0009440253961656708
518.0 0.0009143072020378895
519.0 0.0011141126378788613
520.0 0.0013139177099219523
521.0 0.0016346011761925183
522.0 0.001955284460564144
523.0 0.001295406764256768
524.0 0.0006355289769999217
525.0 0.0007307423402380664
526.0 0.0008259557944256812
527.0 0.0011537231330294162
528.0 0.0014814905625826214
529.0 0.0012541749129013624
530.0 0.0010268586265738122
531.0 0.001121350760513451
532.0 0.0012158428944530897
533.0 0.0008770378371991683
534.0 0.0005382327344705118
535.0 0.0010971175470331218
536.0 0.001656002496019937
537.0 0.0016448359019705094
538.0 0.0016336694898200221
539.0 0.001174066164821852
540.0 0.0007144626124500064
541.0 0.0007933350389066618
542.0 0.0008722075108380523
543.0 0.0012492373571149074
544.0 0.0016262672943412326
545.0 0.0010937922525044996
546.0 0.0005613174835161772
547.0 0.0012235263056936674
548.0 0.001885734855022747
549.0 0.001664511910348665
550.0 0.0014432887837756425
551.0 0.0014558097063854802
552.0 0.0014683303561469074
553.0 0.0012856765351898503
554.0 0.0011030223504349124
555.0 0.0010039845619758125
556.0 0.0009049469554156531
557.0 0.0013567816495196894
558.0 0.0018086162526742555
559.0 0.0017939446479431354
560.0 0.0017792726794141345
561.0 0.001579709532961715
562.0 0.0013801463865092956
563.0 0.0011339974662405439
564.0 0.000887848455022322
565.0 0.0016281686839647591
566.0 0.0023684890038566664
567.0 0.002716242852329742
568.0 0.0030639963370049372
569.0 0.002905312430812046
570.0 0.0027466285246191546
571.0 0.002637114448589273
572.0 0.00252759982686257
573.0 0.002018801387748681
574.0 0.0015100033124326728
575.0 0.001969263939827215
576.0 0.0024285242034238763
577.0 0.0019568820789572783
578.0 0.0014852402273390908
579.0 0.0016927750039030798
580.0 0.0019003093257197179
581.0 0.0017138052498921752
582.0 0.0015273011740646325
583.0 0.0019398234144318849
584.0 0.002352346018597018
585.0 0.0025198718503816053
586.0 0.0026873976821661927
587.0 0.002041658626694698
588.0 0.0013959191164758522
589.0 0.0020299929019529372
590.0 0.002664066596480552
591.0 0.0019068465917371213
592.0 0.0011496264960442204
593.0 0.0008881484063749667
594.0 0.000626670271230978
595.0 0.0010461144483997487
596.0 0.0014655583072453737
597.0 0.0013605394997284748
598.0 0.0012555205103126355
599.0 0.0009236451660399325
600.0 0.000591770049140905
601.0 0.0005187512670090655
602.0 0.00044573239392775577
603.0 0.0009503016372036655
604.0 0.001454870289308019
605.0 0.0009120794857153669
606.0 0.0003692882501127315
607.0 0.0007966324119479395
608.0 0.0012239765965205152
609.0 0.001183683161798399
610.0 0.0011433892723289318
611.0 0.001009973948384868
612.0 0.0008765584425418638
613.0 0.0007829821697669104
614.0 0.0006894057605677517
615.0 0.0011865260603372008
616.0 0.0016836467693792656
617.0 0.0021836052837898023
618.0 0.0026835636163013987
619.0 0.0022192754840943962
620.0 0.001754986988089513
621.0 0.0015232925761665683
622.0 0.001291597800445743
623.0 0.0015926661944831721
624.0 0.001893734406621661
625.0 0.0016710155250621028
626.0 0.0014482964616036043
627.0 0.0018853261281037703
628.0 0.0023223563403007574
629.0 0.0020558944015647285
630.0 0.0017894326447276399
631.0 0.0015833602446946315
632.0 0.0013772875718132127
633.0 0.0017405376638635062
634.0 0.0021037882106611505
635.0 0.00507431395817548
636.0 0.00804483934189193
637.0 0.015391958004329354
638.0 0.022739075939171016
639.0 0.01980483502848074
640.0 0.01687059411779046
641.0 0.01460812782170251
642.0 0.012345664435997605
643.0 0.009874030365608633
644.0 0.0074023992056027055
645.0 0.006696931814076379
646.0 0.005991464786347933
647.0 0.005496445010066964
648.0 0.005001424869988114
649.0 0.004139971133554354
650.0 0.0032785181247163564
651.0 0.003646206096163951
652.0 0.004013894067611545
653.0 0.0032826621463755146
654.0 0.002551430407038424
655.0 0.0028511625714600086
656.0 0.003150895281578414
657.0 0.003045422818104271
658.0 0.002939949990832247
659.0 0.0027709284040611237
660.0 0.002601906999188941
661.0 0.002775701977952849
662.0 0.002949496229120996
663.0 0.0019834105842164718
664.0 0.0010173248483624775
665.0 0.0015114717825781554
666.0 0.0020056193534401245
667.0 0.002358884557907004
668.0 0.0027121499442728236
669.0 0.0019596847778302617
670.0 0.00120721970233717
671.0 0.000893020933290245
672.0 0.0005788222097180551
673.0 0.001269575659534894
674.0 0.0019603294276748784
675.0 0.0020582017896231264
676.0 0.002156073969672434
677.0 0.0019239549146732315
678.0 0.0016918354958761483
679.0 0.0014340110283228569
680.0 0.0011761862879211549
681.0 0.0012145639630034566
682.0 0.0012529415471362881
683.0 0.002362781742704101
684.0 0.003472622120170854
685.0 0.002833683174685575
686.0 0.002194744592998177
687.0 0.001659319423197303
688.0 0.0011238939805480186
689.0 0.0014862820535199717
690.0 0.0018486698536435142
691.0 0.0021399651814135723
692.0 0.0024312601453857496
693.0 0.002753540684352629
694.0 0.003075821587117389
695.0 0.003267200736445375
696.0 0.00345857952197548
697.0 0.003651266888482496
698.0 0.003843954618787393
699.0 0.0057454995840089396
700.0 0.007647043094038963
701.0 0.007196162187028676
702.0 0.006745282735209912
703.0 0.006196100730448961
704.0 0.00564691836189013
705.0 0.005153090751264244
706.0 0.004659264232032001
707.0 0.004362825711723417
708.0 0.004066386827616952
709.0 0.004199759496259503
710.0 0.004333131801104173
711.0 0.0038861002394696698
712.0 0.003439069041633047
713.0 0.0024864501028787345
714.0 0.0015338313460233621
715.0 0.002202830364694819
716.0 0.0028718292014673352
717.0 0.002474360189808067
718.0 0.002076890814350918
719.0 0.0016240819604718126
720.0 0.0011712727427948266
721.0 0.0011456303582235705
722.0 0.001119987791753374
723.0 0.000982995788945118
724.0 0.0008460037861368619
725.0 0.0012637391591852065
726.0 0.0016814747141324915
727.0 0.0017195518012158573
728.0 0.0017576285245013423
729.0 0.0017823340385803021
730.0 0.001807039552659262
731.0 0.0014029681551619433
732.0 0.0009988967576646246
733.0 0.0009449176104681101
734.0 0.0008909383723221254
735.0 0.0010279473826813046
736.0 0.0011649561201920733
737.0 0.0013447576748149004
738.0 0.0015245591384882573
739.0 0.001174714088847395
740.0 0.0008248689482570626
741.0 0.0010259795999445487
742.0 0.0012270900697330944
743.0 0.0016593759937677532
744.0 0.002091661917802412
745.0 0.001376778800477041
746.0 0.0006618957286264049
747.0 0.001188533497042954
748.0 0.0017151714928331785
749.0 0.0023029037038213573
750.0 0.002890635914809536
751.0 0.0029243072276585735
752.0 0.0029579783586086705
753.0 0.0029426271794363856
754.0 0.0029272760002641007
755.0 0.001961501402547583
756.0 0.0009957268957805354
757.0 0.0019302240616525523
758.0 0.002864721136575099
759.0 0.0026690755476010963
760.0 0.0024734297767281532
761.0 0.004359459853731096
762.0 0.006245489930734038
763.0 0.005718342436011881
764.0 0.005191192758502439
765.0 0.005206320565775968
766.0 0.005221448373049498
767.0 0.004444417936610989
768.0 0.0036673867725767195
769.0 0.0033501310099381953
770.0 0.0030328759748954326
771.0 0.0039103917515603825
772.0 0.0047879075282253325
773.0 0.003954161729780026
774.0 0.0031204152037389576
775.0 0.012234397581778467
776.0 1.623034063917561e-10
777.0 0.1329020014964044
778.0 0.01740378502290696
779.0 0.05259893951006234
780.0 1.623034063917561e-10
781.0 1.623034063917561e-10
782.0 0.01267359621124342
783.0 1.623034063917561e-10
784.0 1.623034063917561e-10
785.0 1.623034063917561e-10
786.0 0.2012833720073104
787.0 0.16156749334186316
788.0 1.623034063917561e-10
789.0 0.08226869977079332
790.0 0.09786899900063872
791.0 1.623034063917561e-10
792.0 1.623034063917561e-10
793.0 0.04653341602534056
794.0 0.029379018815234303
795.0 0.05729787517338991
796.0 0.20423689857125282
797.0 0.08342595538124442
798.0 0.16609294107183814
799.0 0.23225657641887665
800.0 0.13823494082316756
801.0 0.608493946492672
802.0 0.8517300710082054
803.0 1.4145588502287865
804.0 2.2425102069973946
805.0 3.4848764538764954
806.0 5.131354555487633
807.0 7.227519899606705
808.0 9.468216449022293
809.0 12.355658411979675
810.0 15.668639540672302
811.0 18.899062275886536
812.0 21.71856313943863
813.0 24.97566193342209
814.0 28.46817672252655
815.0 32.79486894607544
816.0 38.30660283565521
817.0 44.18259859085083
818.0 50.518327951431274
819.0 56.9379448890686
820.0 64.46247100830078
821.0 72.17066287994385
822.0 77.94497013092041
823.0 83.12971591949463
824.0 87.62500286102295
825.0 92.13511347770691
826.0 94.44413185119629
827.0 96.42459750175476
828.0 98.69604706764221
829.0 99.05558824539185
830.0 98.74528050422668
831.0 99.35112595558167
832.0 98.80873560905457
833.0 99.10355806350708
834.0 98.18558096885681
835.0 98.9510178565979
836.0 99.0480899810791
837.0 99.15390610694885
838.0 98.24462532997131
839.0 98.44545722007751
840.0 99.05536770820618
841.0 99.18347597122192
842.0 99.47600364685059
843.0 99.73032474517822
844.0 98.21383953094482
845.0 98.52640628814697
846.0 98.48013520240784
847.0 98.45425486564636
848.0 99.77566003799438
849.0 99.11101460456848
850.0 98.35706949234009
851.0 99.12885427474976
852.0 99.38073754310608
853.0 98.64515662193298
854.0 100.01645088195801
855.0 98.6415684223175
856.0 99.04770255088806
857.0 98.15985560417175
858.0 98.54984283447266
859.0 99.28088188171387
860.0 98.72701168060303
861.0 98.95639419555664
862.0 98.89673590660095
863.0 98.26210737228394
864.0 99.19344782829285
865.0 99.86522793769836
866.0 98.81010055541992
867.0 99.31702613830566
868.0 99.78798031806946
869.0 98.82214665412903
870.0 98.463374376297
871.0 98.55622053146362
872.0 99.36553239822388
873.0 99.25251603126526
874.0 99.92476105690002
875.0 98.88916611671448
876.0 99.14034605026245
877.0 99.62496161460876
878.0 99.2745578289032
879.0 98.73718023300171
880.0 98.66682291030884
881.0 100.03359317779541
882.0 99.24602508544922
883.0 98.81611466407776
884.0 99.12652969360352
885.0 98.89144897460938
886.0 98.68942499160767
887.0 98.47970008850098
888.0 99.03111457824707
889.0 99.50842261314392
890.0 98.47208261489868
891.0 99.59848523139954
892.0 98.64580035209656
893.0 98.79282712936401
894.0 98.40587973594666
895.0 99.48053359985352
896.0 99.09471869468689
