lsstCam/transmission_filter_detector/r24_s02/r_57/19700101T000000.ecsv
# %ECSV 1.0
# ---
# datatype:
# - {name: wavelength, unit: nm, datatype: float32}
# - {name: efficiency, unit: '%', datatype: float64}
# meta: !!omap
# - {MODE: DETECTOR}
# - {TYPE: transmission_filter_detector}
# - {CALIBDATE: '1970-01-01T00:00:00'}
# - {INSTRUME: LSSTCam}
# - {OBSTYPE: transmission_filter_detector}
# - {CALIBCLS: lsst.ip.isr.IntermediateFilterDetectorTransmissionCurve}
# - {SOURCE: Materion (DM-46256)}
# - {DETECTOR: 110}
# - {FILTER: r_57}
# - {CALIB_ID: 'calibDate=1970-01-01T00:00:00 filter=r_57 detector=110'}
# - {DATE: '2025-04-02T15:59:44.691916'}
# - {CALIB_CREATION_DATE: '2025-04-02'}
# - {CALIB_CREATION_TIME: '15:59:44'}
# - __serialized_columns__:
#     efficiency:
#       __class__: astropy.units.quantity.Quantity
#       unit: !astropy.units.Unit {unit: '%'}
#       value: !astropy.table.SerializedColumn {name: efficiency}
#     wavelength:
#       __class__: astropy.units.quantity.Quantity
#       unit: !astropy.units.Unit {unit: nm}
#       value: !astropy.table.SerializedColumn {name: wavelength}
# schema: astropy-2.0
wavelength efficiency
300.0 0.003690487938001752
301.0 0.008677656296640635
302.0 0.013664823200087994
303.0 0.01637987297726795
304.0 0.019094922754447907
305.0 0.016531064466107637
306.0 0.013967204722575843
307.0 0.012462939776014537
308.0 0.01095867482945323
309.0 0.01004720907076262
310.0 0.00913574403966777
311.0 0.008324878581333905
312.0 0.007514013123000041
313.0 0.006941158062545583
314.0 0.006368303002091125
315.0 0.005684173447662033
316.0 0.005000043893232942
317.0 0.004965351763530634
318.0 0.004930658542434685
319.0 0.0047005709348013625
320.0 0.0044704825995722786
321.0 0.0044045002141501755
322.0 0.0043385163735365495
323.0 0.0041018334741238505
324.0 0.003865151302306913
325.0 0.003722780820680782
326.0 0.0035804117942461744
327.0 0.0036180499591864645
328.0 0.0036556884879246354
329.0 0.0036629462556447834
330.0 0.003670201840577647
331.0 0.003393307633814402
332.0 0.0031164134270511568
333.0 0.0028285207008593716
334.0 0.002540627792768646
335.0 0.002228199446108192
336.0 0.0019157707356498577
337.0 0.0017837812265497632
338.0 0.0016517917174496688
339.0 0.0016376381609006785
340.0 0.0016234846043516882
341.0 0.00156695405166829
342.0 0.001510423498984892
343.0 0.001425129721610574
344.0 0.0013398359442362562
345.0 0.001281622280657757
346.0 0.0012234088899276685
347.0 0.001225726828124607
348.0 0.0012280447663215455
349.0 0.0011822000487882178
350.0 0.005797533231088892
351.0 0.006243758252821863
352.0 0.006689984002150595
353.0 0.006060526720830239
354.0 0.005431070167105645
355.0 0.005184517067391425
356.0 0.004937965059070848
357.0 0.006410007335944101
358.0 0.007882049976615235
359.0 0.005829810106661171
360.0 0.0037775698729092255
361.0 0.002399185177637264
362.0 0.001020800118567422
363.0 0.002248056625830941
364.0 0.0034753131330944598
365.0 0.0038134210626594722
366.0 0.004151529719820246
367.0 0.003524247949826531
368.0 0.0028969658160349354
369.0 0.0025306015231763013
370.0 0.002164237230317667
371.0 0.002596522062958684
372.0 0.003028807077498641
373.0 0.0031548239348921925
374.0 0.0032808409741846845
375.0 0.0032882700907066464
376.0 0.0032956992072286084
377.0 0.0017388148989994079
378.0 0.00018193062487625866
379.0 0.0008854938641889021
380.0 0.0015890573195065372
381.0 0.002346393375773914
382.0 0.0031037296139402315
383.0 0.003463016400928609
384.0 0.0038223035517148674
385.0 0.004723143138107844
386.0 0.005623981996905059
387.0 0.005052002961747348
388.0 0.004480023926589638
389.0 0.003859868593281135
390.0 0.0032397125323768705
391.0 0.0023370090275420807
392.0 0.0014343057046062313
393.0 0.0015228328265948221
394.0 0.0016113594028865919
395.0 0.0012362547749944497
396.0 0.0008611499652033672
397.0 0.0008811400221020449
398.0 0.0009011303518491331
399.0 0.0008975018317869399
400.0 0.0008938727660279255
401.0 0.00044243452066439204
402.0 1.706775888156431e-10
403.0 0.00014438111293202383
404.0 0.000297766655421583
405.0 0.0008494355824950617
406.0 0.0014011040548211895
407.0 0.0019108618289465085
408.0 0.0024206196030718274
409.0 0.001979961962206289
410.0 0.0015393039575428702
411.0 0.0011189721590199042
412.0 0.0006986403150222031
413.0 0.0006634674264205387
414.0 0.0006282945832936093
415.0 0.0006572425718331942
416.0 0.0006861909696453949
417.0 0.0013222287634562235
418.0 0.001958267057489138
419.0 0.00230541882046964
420.0 0.0026525705834501423
421.0 0.00436832124250941
422.0 0.006084071719669737
423.0 0.009496879647485912
424.0 0.012909686483908445
425.0 0.01734521792968735
426.0 0.021780742099508643
427.0 0.022080563940107822
428.0 0.022380388691090047
429.0 0.01711444347165525
430.0 0.011848498252220452
431.0 0.00861072912812233
432.0 0.005372958548832685
433.0 0.004455738599062897
434.0 0.003538518285495229
435.0 0.0027273852538201027
436.0 0.0019162518583470955
437.0 0.0016897138266358525
438.0 0.00146317606777302
439.0 0.001190062175737694
440.0 0.0009169482837023679
441.0 0.0011586993423406966
442.0 0.0014004504919284955
443.0 0.0017027854482876137
444.0 0.0020051205865456723
445.0 0.0019220249669160694
446.0 0.0018389295291854069
447.0 0.001717587474558968
448.0 0.00159624578373041
449.0 0.0016867015801835805
450.0 0.0017771570128388703
451.0 0.0019148479623254389
452.0 0.0020525389118120074
453.0 0.0018194350559497252
454.0 0.001586331200087443
455.0 0.0014208191714715213
456.0 0.0012553075066534802
457.0 0.0009199467058351729
458.0 0.0005845859959663358
459.0 0.0007842691957193892
460.0 0.0009839522135735024
461.0 0.0017365124222123995
462.0 0.0024890719942050055
463.0 0.0032863350497791544
464.0 0.004083598105353303
465.0 0.005137713014846668
466.0 0.006191827560542151
467.0 0.006855015089968219
468.0 0.007518204802181572
469.0 0.0063857733039185405
470.0 0.005253343260847032
471.0 0.00396648574678693
472.0 0.002679627687030006
473.0 0.002224941817985382
474.0 0.0017702557670418173
475.0 0.0015155572327785194
476.0 0.001260858971363632
477.0 0.0009718231012811884
478.0 0.0006827871857240098
479.0 0.0009063967809197493
480.0 0.0011300062396912836
481.0 0.0008844149306241889
482.0 0.0006388237579812994
483.0 0.0007180306511145318
484.0 0.0007972374987730291
485.0 0.0007173443464125739
486.0 0.0006374509666784434
487.0 0.0006385647793649696
488.0 0.0006396784101525554
489.0 0.0006702652626700001
490.0 0.0007008521606621798
491.0 0.0008511389751220122
492.0 0.0010014256986323744
493.0 0.001065404103428591
494.0 0.0011293824172753375
495.0 0.0010233057764708064
496.0 0.0009172290447168052
497.0 0.001160201099992264
498.0 0.0014031729733687826
499.0 0.001417784733348526
500.0 0.0014323965842777397
501.0 0.0015834419173188508
502.0 0.0017344877051073126
503.0 0.002108568514813669
504.0 0.0024826495064189658
505.0 0.0031997700716601685
506.0 0.003916890636901371
507.0 0.004510816143010743
508.0 0.005104740921524353
509.0 0.005542071085073985
510.0 0.005979399793432094
511.0 0.005380821676226333
512.0 0.004782243559020571
513.0 0.0040614955651108176
514.0 0.0033407479349989444
515.0 0.0031225954444380477
516.0 0.0029044427719782107
517.0 0.0027335850973031484
518.0 0.0025627272407291457
519.0 0.08131416980177164
520.0 0.06166775128804147
521.0 0.08493444765917957
522.0 0.06351692136377096
523.0 0.16517358599230647
524.0 0.1378611079417169
525.0 0.08633053512312472
526.0 0.10562421521171927
527.0 0.07450373959727585
528.0 0.15321291284635663
529.0 0.1761745661497116
530.0 0.14786350075155497
531.0 0.2176059177145362
532.0 0.3278373973444104
533.0 0.3845876781269908
534.0 0.6407737731933594
535.0 0.8517560549080372
536.0 1.3366267085075378
537.0 2.1285954862833023
538.0 3.148047998547554
539.0 4.751536622643471
540.0 7.171676307916641
541.0 9.903199970722198
542.0 13.208043575286865
543.0 17.454639077186584
544.0 22.629177570343018
545.0 28.59640121459961
546.0 35.267093777656555
547.0 42.64499545097351
548.0 51.083630323410034
549.0 58.77276062965393
550.0 64.28034901618958
551.0 70.53435444831848
552.0 74.13397431373596
553.0 78.4396231174469
554.0 81.49135112762451
555.0 85.21904349327087
556.0 88.17992806434631
557.0 90.55052399635315
558.0 92.97987222671509
559.0 95.0960099697113
560.0 94.72272396087646
561.0 95.70040702819824
562.0 96.15254998207092
563.0 95.36479115486145
564.0 95.99233865737915
565.0 95.33974528312683
566.0 95.85399627685547
567.0 95.9912121295929
568.0 96.2079644203186
569.0 97.23766446113586
570.0 96.45915627479553
571.0 97.5948691368103
572.0 97.05063700675964
573.0 96.9225525856018
574.0 97.24979400634766
575.0 96.99909687042236
576.0 97.62601852416992
577.0 97.28081822395325
578.0 97.5263237953186
579.0 97.21136689186096
580.0 96.94744348526001
581.0 96.66612148284912
582.0 97.00208902359009
583.0 96.83699011802673
584.0 96.59286737442017
585.0 96.66506052017212
586.0 97.05489873886108
587.0 96.44415378570557
588.0 96.76479697227478
589.0 97.45759963989258
590.0 96.81955575942993
591.0 96.16444706916809
592.0 96.18198871612549
593.0 96.0727870464325
594.0 96.36276960372925
595.0 96.76377773284912
596.0 97.29371070861816
597.0 97.7483868598938
598.0 97.09740281105042
599.0 96.9598114490509
600.0 97.33813405036926
601.0 96.47004008293152
602.0 97.04170227050781
603.0 96.51085138320923
604.0 96.54392004013062
605.0 96.61950469017029
606.0 96.43406271934509
607.0 96.40148282051086
608.0 96.38383388519287
609.0 95.99777460098267
610.0 96.14030122756958
611.0 96.20134830474854
612.0 95.92509269714355
613.0 97.14072346687317
614.0 97.13205099105835
615.0 96.34069204330444
616.0 96.70919179916382
617.0 96.71237468719482
618.0 96.6062605381012
619.0 97.44518399238586
620.0 96.41134738922119
621.0 95.92147469520569
622.0 96.76815271377563
623.0 96.75856232643127
624.0 96.58341407775879
625.0 97.30815887451172
626.0 96.22374176979065
627.0 95.50517201423645
628.0 97.42305278778076
629.0 95.91757655143738
630.0 96.51368856430054
631.0 96.35714292526245
632.0 96.93063497543335
633.0 97.12709784507751
634.0 96.1159884929657
635.0 96.61031365394592
636.0 96.21104001998901
637.0 95.94693779945374
638.0 95.71436643600464
639.0 95.65447568893433
640.0 95.76936960220337
641.0 95.5805242061615
642.0 96.54203653335571
643.0 96.47247195243835
644.0 96.31964564323425
645.0 96.6640055179596
646.0 96.52553200721741
647.0 97.39647507667542
648.0 96.81278467178345
649.0 95.81714868545532
650.0 96.63823246955872
651.0 96.91382050514221
652.0 97.15532660484314
653.0 96.28565907478333
654.0 96.71190977096558
655.0 96.82151079177856
656.0 96.07416987419128
657.0 96.05888724327087
658.0 96.51218056678772
659.0 96.40108346939087
660.0 95.84288597106934
661.0 95.62684297561646
662.0 96.06234431266785
663.0 95.8686351776123
664.0 95.25923132896423
665.0 95.63392996788025
666.0 95.55437564849854
667.0 95.93314528465271
668.0 95.29562592506409
669.0 95.56872844696045
670.0 95.50361633300781
671.0 95.56163549423218
672.0 95.20410299301147
673.0 95.34359574317932
674.0 94.61934566497803
675.0 95.25710344314575
676.0 94.83385682106018
677.0 93.35965514183044
678.0 92.63303279876709
679.0 91.13790392875671
680.0 89.95223641395569
681.0 88.04216980934143
682.0 85.70167422294617
683.0 82.09125399589539
684.0 78.23755741119385
685.0 74.50396418571472
686.0 70.22249698638916
687.0 65.84327816963196
688.0 61.141979694366455
689.0 56.70384168624878
690.0 51.71824097633362
691.0 47.73748815059662
692.0 42.948198318481445
693.0 38.149747252464294
694.0 32.74316489696503
695.0 27.36639678478241
696.0 21.76687866449356
697.0 16.795608401298523
698.0 11.587468534708023
699.0 7.832140475511551
700.0 5.195816233754158
701.0 3.0364831909537315
702.0 1.832340657711029
703.0 1.0578865185379982
704.0 0.6556765642017126
705.0 0.3632534062489867
706.0 0.2883970504626632
707.0 0.1857821480371058
708.0 0.12574864085763693
709.0 0.04719089483842254
710.0 0.1039491849951446
711.0 0.0365591055015102
712.0 0.0695142603944987
713.0 0.03135700826533139
714.0 0.028581390506587923
715.0 0.07673858781345189
716.0 0.07331350934691727
717.0 0.0919213518500328
718.0 0.03553115529939532
719.0 0.027964278706349432
720.0 1.706775888156431e-10
721.0 0.004173750130576082
722.0 0.00393843583879061
723.0 0.0037031215470051393
724.0 0.003414341699681245
725.0 0.003125562216155231
726.0 0.0028812750315410085
727.0 0.002636987846926786
728.0 0.0025565630494384095
729.0 0.0024761380700510927
730.0 0.0022784915927331895
731.0 0.0020808452973142266
732.0 0.002073073119390756
733.0 0.002065300759568345
734.0 0.00194725926121464
735.0 0.0018292179447598755
736.0 0.0016326810509781353
737.0 0.0014361444300448056
738.0 0.0014800290045968723
739.0 0.0015239135791489389
740.0 0.001469359722250374
741.0 0.00141480622914969
742.0 0.0013041598322161008
743.0 0.0011935134352825116
744.0 0.00125906244647922
745.0 0.001324611275776988
746.0 0.0012361419976514298
747.0 0.0011476727195258718
748.0 0.001038629125105217
749.0 0.0009295854397350922
750.0 0.0009208933988702483
751.0 0.0009122019037022255
752.0 0.0009563474122842308
753.0 0.0010004931027651764
754.0 0.0010226949598290958
755.0 0.0010448971806908958
756.0 0.00105898097899626
757.0 0.001073064595402684
758.0 0.0010718071280280128
759.0 0.0010705497516028117
760.0 0.0010496975846763235
761.0 0.0010288456905982457
762.0 0.0009792847777134739
763.0 0.000929724319576053
764.0 0.000926312441151822
765.0 0.0009229006536770612
766.0 0.0007550449481641408
767.0 0.0005871894700248959
768.0 0.0005830454938404728
769.0 0.0005789014721813146
770.0 0.0007260444363055285
771.0 0.0008731875823286828
772.0 0.0007660755727556534
773.0 0.000658963517707889
774.0 0.0007548069334006868
775.0 0.0008506503036187496
776.0 0.0008525640623702202
777.0 0.0008544778211216908
778.0 0.0008110101589409169
779.0 0.0007675425877096131
780.0 0.000664716208120808
781.0 0.0005618898285320029
782.0 0.0006439246135414578
783.0 0.0007259594895003829
784.0 0.0007695321073697414
785.0 0.0008131044523906894
786.0 0.0007007834028627258
787.0 0.0005884623988094972
788.0 0.0005797141511720838
789.0 0.0005709660854336107
790.0 0.0006238012247195002
791.0 0.0006766363640053896
792.0 0.0007212129730760353
793.0 0.000765789627621416
794.0 0.0007905963684606832
795.0 0.0008154028364515398
796.0 0.0007079601800796809
797.0 0.0006005174327583518
798.0 0.0006915998255863087
799.0 0.0007826821274647955
800.0 0.0006961827239138074
801.0 0.0006096830475144088
802.0 0.0005387465989770135
803.0 0.0004678098775912076
804.0 0.0005856867574038915
805.0 0.0007035636372165754
806.0 0.0006145992756501073
807.0 0.0005256349140836392
808.0 0.0006533522082463605
809.0 0.0007810695024090819
810.0 0.0006954442142159678
811.0 0.0006098192443459993
812.0 0.0006471746928582434
813.0 0.0006845300958957523
814.0 0.0005490945568453753
815.0 0.00041365906326973345
816.0 0.0005279179731587647
817.0 0.000642176973997266
818.0 0.0005783321739727398
819.0 0.0005144874194229487
820.0 0.00040001136767386924
821.0 0.0002855352931874222
822.0 0.0003428878926570178
823.0 0.00040024046938924585
824.0 0.0004677194738178514
825.0 0.0005351983872969868
826.0 0.0005364094249671325
827.0 0.0005376204171625432
828.0 0.00038021132695575943
829.0 0.00022280225948634325
830.0 0.00012981055306227063
831.0 3.681888358642027e-05
832.0 1.706775888156431e-10
833.0 1.706775888156431e-10
834.0 1.706775888156431e-10
835.0 1.7652316275373892e-07
836.0 0.0002570365268184105
837.0 0.0005138966571394121
838.0 0.0007093036856531398
839.0 0.0009047107596416026
840.0 0.0013190075151214842
841.0 0.0017333042706013657
842.0 0.0025396861019544303
843.0 0.0033460681152064353
844.0 0.003925952842109837
845.0 0.004505838296608999
846.0 0.0047413177526323125
847.0 0.004976797936251387
848.0 0.004205089135211892
849.0 0.0034333810617681593
850.0 0.002556104118411895
851.0 0.0016788269931566902
852.0 0.0013915388990426436
853.0 0.0011042505320801865
854.0 0.0010369410119892564
855.0 0.0009696312190499157
856.0 0.0007503734650526894
857.0 0.0005311157565301983
858.0 0.0006236115041247103
859.0 0.0007161072517192224
860.0 0.0005802482064609649
861.0 0.00044438911572797224
862.0 0.0005011253051634412
863.0 0.0005578615400736453
864.0 0.0004342726697359467
865.0 0.0003106838676103507
866.0 0.0002645914946697303
867.0 0.0002184991217291099
868.0 0.0002290202473886893
869.0 0.00023954132757353364
870.0 9.667854783401708e-05
871.0 1.706775888156431e-10
872.0 1.706775888156431e-10
873.0 1.706775888156431e-10
874.0 1.706775888156431e-10
875.0 1.706775888156431e-10
876.0 1.706775888156431e-10
877.0 2.155160530037392e-05
878.0 0.00014651016044808784
879.0 0.0002714686843319214
880.0 0.00017466078361394466
881.0 7.785283173689095e-05
882.0 0.0001111186634261685
883.0 0.00014438453490583925
884.0 6.296251058302005e-05
885.0 1.706775888156431e-10
886.0 6.943034804862691e-05
887.0 0.00015732016436231788
888.0 0.00022158442334330175
889.0 0.0002858486823242856
890.0 0.00022132314825284993
891.0 0.00015679754596931161
892.0 3.565283535067465e-06
893.0 1.706775888156431e-10
894.0 1.706775888156431e-10
895.0 1.706775888156431e-10
896.0 4.4134642962490034e-05
897.0 0.00010753268497865065
898.0 0.00010857622783078114
899.0 0.00010961979342027917
900.0 4.26702825961911e-05
901.0 1.706775888156431e-10
