lsstCam/transmission_filter_detector/r24_s02/r_57/19700101T000000.ecsv
# %ECSV 1.0
# ---
# datatype:
# - {name: wavelength, unit: nm, datatype: float32}
# - {name: efficiency, unit: '%', datatype: float64}
# meta: !!omap
# - {MODE: DETECTOR}
# - {TYPE: transmission_filter_detector}
# - {CALIBDATE: '1970-01-01T00:00:00'}
# - {INSTRUME: LSSTCam}
# - {OBSTYPE: transmission_filter_detector}
# - {CALIBCLS: lsst.ip.isr.IntermediateFilterDetectorTransmissionCurve}
# - {SOURCE: Materion (DM-46256)}
# - {DETECTOR: 110}
# - {FILTER: r_57}
# - {CALIB_ID: 'calibDate=1970-01-01T00:00:00 filter=r_57 detector=110'}
# - {DATE: '2025-04-02T15:59:44.691916'}
# - {CALIB_CREATION_DATE: '2025-04-02'}
# - {CALIB_CREATION_TIME: '15:59:44'}
# - __serialized_columns__:
#     efficiency:
#       __class__: astropy.units.quantity.Quantity
#       unit: !astropy.units.Unit {unit: '%'}
#       value: !astropy.table.SerializedColumn {name: efficiency}
#     wavelength:
#       __class__: astropy.units.quantity.Quantity
#       unit: !astropy.units.Unit {unit: nm}
#       value: !astropy.table.SerializedColumn {name: wavelength}
# schema: astropy-2.0
wavelength efficiency
[from data line 603]
903.0 1.706775888156431e-10
904.0 1.706775888156431e-10
905.0 2.2133923494038754e-05
906.0 1.706775888156431e-10
907.0 1.706775888156431e-10
908.0 1.706775888156431e-10
909.0 1.706775888156431e-10
910.0 1.706775888156431e-10
911.0 1.706775888156431e-10
912.0 1.706775888156431e-10
913.0 1.706775888156431e-10
914.0 1.706775888156431e-10
915.0 4.21509639636497e-05
916.0 3.8713591266059666e-05
917.0 3.527623846366623e-05
918.0 0.00011847397445308161
919.0 0.00020167167349427473
920.0 8.469860972581955e-05
921.0 1.706775888156431e-10
922.0 0.00011934008625757997
923.0 0.0002709546606638469
924.0 0.00027668006623571273
925.0 0.0002824054718075786
926.0 0.00020684556147898547
927.0 0.00013128561704434105
928.0 0.00012999050795770017
929.0 0.0001286953988710593
930.0 0.00021252733404253377
931.0 0.00029635930332005955
932.0 0.00013006194876652444
933.0 1.706775888156431e-10
934.0 0.00011573728215807932
935.0 0.00026770987915369915
936.0 0.00030366234113898827
937.0 0.0003396148031242774
938.0 0.0003609752184274839
939.0 0.000382335656468058
940.0 0.0003566597797544091
941.0 0.00033098388030339265
942.0 0.0003781307896133512
943.0 0.00042527772166067734
944.0 0.00037194511151028564
945.0 0.00031861254683462903
946.0 0.00031218196454574354
947.0 0.00030575133678212296
948.0 0.00046185587052605115
949.0 0.0006179605406941846
950.0 0.0006013318397890544
951.0 0.000584703093409189
952.0 0.0007353874025284313
953.0 0.0008860717571224086
954.0 0.0011976669156865682
955.0 0.0015092624380486086
956.0 0.0015283538232324645
957.0 0.00154744502651738
958.0 0.0016690893971826881
959.0 0.0017907339497469366
960.0 0.0019009206880582497
961.0 0.0020111077901674435
962.0 0.0021857562387594953
963.0 0.002360404687351547
964.0 0.0023583457732456736
965.0 0.002356286313442979
966.0 0.002363652311032638
967.0 0.002371018308622297
968.0 0.0023040502128424123
969.0 0.002237082298961468
970.0 0.0023017224521026947
971.0 0.0023663626052439213
972.0 0.0024873133952496573
973.0 0.0026082638214575127
974.0 0.002877437509596348
975.0 0.003146611197735183
976.0 0.0032491367164766416
977.0 0.0033516622352181002
978.0 0.0032554617064306512
979.0 0.0031592611776432022
980.0 0.003137693420285359
981.0 0.0031161260267253965
982.0 0.00322720552503597
983.0 0.0033382850233465433
984.0 0.003241909507778473
985.0 0.003145534356008284
986.0 0.003057827416341752
987.0 0.0029701208404731005
988.0 0.0027689999114954844
989.0 0.0025678791644168086
990.0 0.0026053376132040285
991.0 0.0026427960619912483
992.0 0.0026505418645683676
993.0 0.0026582878490444273
994.0 0.002732189022935927
995.0 0.002806089469231665
996.0 0.0028820013540098444
997.0 0.0029579130568890832
998.0 0.003052052852581255
999.0 0.0031461928301723674
1000.0 0.0032476080377819017
1001.0 0.0033490236091893166
1002.0 0.0035753921110881492
1003.0 0.003801760612986982
1004.0 0.003921288589481264
1005.0 0.004040816565975547
1006.0 0.00426004953624215
1007.0 0.004479282870306633
1008.0 0.004446130697033368
1009.0 0.004412978159962222
1010.0 0.004436344170244411
1011.0 0.004459710180526599
1012.0 0.004413631177158095
1013.0 0.00436755180999171
1014.0 0.004102095772395842
1015.0 0.0038366397347999737
1016.0 0.003631839354056865
1017.0 0.0034270386095158756
1018.0 0.002998678246513009
1019.0 0.0025703182473080233
1020.0 0.0021269266653689556
1021.0 0.0016835349015309475
1022.0 0.0015027001609269064
1023.0 0.0013218651474744547
1024.0 0.0013706607205676846
1025.0 0.0014194564755598549
1026.0 0.0012883815543318633
1027.0 0.001157306269305991
1028.0 0.0010570066478976514
1029.0 0.0009567067536409013
1030.0 0.0008809943210508209
1031.0 0.0008052812518144492
1032.0 0.0007974367690621875
1033.0 0.0007895920134615153
1034.0 0.0008134275049087591
1035.0 0.0008372629054065328
1036.0 0.000921156879485352
1037.0 0.0010050504897662904
1038.0 0.0008848662218952086
1039.0 0.0007646819540241268
1040.0 0.0008601655281381682
1041.0 0.0009556490113027394
1042.0 0.001019317551254062
1043.0 0.0010829857274075039
1044.0 0.0009998083442042116
1045.0 0.0009166311428998597
1046.0 0.0008896184226614423
1047.0 0.0008626057024230249
1048.0 0.0007855690455471631
1049.0 0.0007085325250955066
1050.0 0.0007405490123346681
1051.0 0.0007725655450485647
1052.0 0.0010601856956782285
1053.0 0.0013478053915605415
1054.0 0.0011617603377089836
1055.0 0.0009757152838574257
1056.0 0.0009923731340677477
1057.0 0.0010090311661770102
1058.0 0.0008335076927323826
1059.0 0.0006579843557119602
1060.0 0.0010541010851738974
1061.0 0.0014502172234642785
1062.0 0.0014734324395249132
1063.0 0.001496647655585548
1064.0 0.0010306855074304622
1065.0 0.0005647229954774957
1066.0 0.0009980466529668774
1067.0 0.0014313703104562592
1068.0 0.001728108873066958
1069.0 0.002024846980930306
1070.0 0.0015578429156448692
1071.0 0.0010908387594099622
1072.0 0.0013046297681285068
1073.0 0.0015184208677965216
1074.0 0.002260196561110206
1075.0 0.0030019722544238903
1076.0 0.0030769842851441354
1077.0 0.00315199613396544
1078.0 0.003681831731228158
1079.0 0.004211667692288756
1080.0 0.004327734495745972
1081.0 0.004443801299203187
1082.0 0.004347033973317593
1083.0 0.0042502666474319994
1084.0 0.004614681165548973
1085.0 0.004979095319868065
1086.0 0.005173924000700936
1087.0 0.0053687534091295674
1088.0 0.005338043411029503
1089.0 0.0053073341405251995
1090.0 0.005155226972419769
1091.0 0.005003119440516457
1092.0 0.004238249675836414
1093.0 0.0034733799111563712
1094.0 0.004256080137565732
1095.0 0.005038780363975093
1096.0 0.0036851910408586264
1097.0 0.0023316018996411003
1098.0 0.0020436764316400513
1099.0 0.001755751327436883
1100.0 0.0017104066500905901
1101.0 0.0016650614270474762
