lsstCam/transmission_filter_detector/r24_s22/g_6/19700101T000000.ecsv
# %ECSV 1.0
# ---
# datatype:
# - {name: wavelength, unit: nm, datatype: float32}
# - {name: efficiency, unit: '%', datatype: float64}
# meta: !!omap
# - {MODE: DETECTOR}
# - {TYPE: transmission_filter_detector}
# - {CALIBDATE: '1970-01-01T00:00:00'}
# - {INSTRUME: LSSTCam}
# - {OBSTYPE: transmission_filter_detector}
# - {CALIBCLS: lsst.ip.isr.IntermediateFilterDetectorTransmissionCurve}
# - {SOURCE: Materion (DM-46256)}
# - {DETECTOR: 116}
# - {FILTER: g_6}
# - {CALIB_ID: 'calibDate=1970-01-01T00:00:00 filter=g_6 detector=116'}
# - {DATE: '2025-04-02T15:59:42.564966'}
# - {CALIB_CREATION_DATE: '2025-04-02'}
# - {CALIB_CREATION_TIME: '15:59:42'}
# - __serialized_columns__:
#     efficiency:
#       __class__: astropy.units.quantity.Quantity
#       unit: !astropy.units.Unit {unit: '%'}
#       value: !astropy.table.SerializedColumn {name: efficiency}
#     wavelength:
#       __class__: astropy.units.quantity.Quantity
#       unit: !astropy.units.Unit {unit: nm}
#       value: !astropy.table.SerializedColumn {name: wavelength}
# schema: astropy-2.0
wavelength efficiency
300.0 0.4315032623708248
301.0 0.34009460359811783
302.0 0.24868592154234648
303.0 0.2321750158444047
304.0 0.21566408686339855
305.0 0.2171371364966035
306.0 0.2186102094128728
307.0 0.2157452516257763
308.0 0.2128802938386798
309.0 0.20662520546466112
310.0 0.20037011709064245
311.0 0.2012273296713829
312.0 0.202084518969059
313.0 0.1904500531964004
314.0 0.17881556414067745
315.0 0.17552695935592055
316.0 0.17223834292963147
317.0 0.17246789066120982
318.0 0.17269747331738472
319.0 0.1615707529708743
320.0 0.15044400934129953
321.0 0.1404575421474874
322.0 0.1304710633121431
323.0 0.11687786318361759
324.0 0.1032846630550921
325.0 0.09145461954176426
326.0 0.07962457602843642
327.0 0.07160292589105666
328.0 0.0635812699329108
329.0 0.06170444539748132
330.0 0.059827620862051845
331.0 0.05507870810106397
332.0 0.05032979534007609
333.0 0.04679329285863787
334.0 0.043256787466816604
335.0 0.04165467689745128
336.0 0.04005256632808596
337.0 0.04087482229806483
338.0 0.04169707535766065
339.0 0.040986231761053205
340.0 0.040275382343679667
341.0 0.0382750149583444
342.0 0.03627464757300913
343.0 0.032842051587067544
344.0 0.029409458511509
345.0 0.025957581237889826
346.0 0.022505699598696083
347.0 0.021056200785096735
348.0 0.01960669906111434
349.0 0.017992686480283737
350.0 0.7995490916073322
351.0 0.7377235218882561
352.0 0.7598463445901871
353.0 1.1339647695422173
354.0 0.499520730227232
355.0 0.5572172347456217
356.0 0.3827007720246911
357.0 0.5968911107629538
358.0 0.43957936577498913
359.0 0.783844105899334
360.0 0.5244037602096796
361.0 0.878286175429821
362.0 0.5725219380110502
363.0 0.9557542391121387
364.0 0.5880864337086678
365.0 0.7188918069005013
366.0 0.5565304774791002
367.0 0.6720744073390961
368.0 0.4022860433906317
369.0 0.5819183308631182
370.0 0.44246953912079334
371.0 0.6096872966736555
372.0 0.4121688660234213
373.0 0.6074512843042612
374.0 0.35232375375926495
375.0 0.545567600056529
376.0 0.41873231530189514
377.0 0.5091797094792128
378.0 0.3380278591066599
379.0 0.5631613079458475
380.0 0.3498679492622614
381.0 0.49012498930096626
382.0 0.5274372175335884
383.0 0.45903297141194344
384.0 0.597229041159153
385.0 0.5811454728245735
386.0 0.6451606750488281
387.0 0.8255720138549805
388.0 1.0391169227659702
389.0 1.419095415621996
390.0 2.0767509937286377
391.0 3.264571726322174
392.0 5.084541067481041
393.0 8.058007806539536
394.0 12.04051747918129
395.0 17.330384254455566
396.0 23.82635623216629
397.0 31.878545880317688
398.0 40.933358669281006
399.0 50.514960289001465
400.0 59.888625144958496
401.0 68.56918931007385
402.0 76.18693113327026
403.0 82.30106830596924
404.0 86.57904863357544
405.0 89.5708680152893
406.0 91.31681323051453
407.0 92.55653023719788
408.0 93.28285455703735
409.0 93.54828000068665
410.0 93.59119534492493
411.0 93.41681003570557
412.0 93.06509494781494
413.0 92.8589940071106
414.0 92.6732063293457
415.0 93.01420450210571
416.0 93.43265295028687
417.0 93.85908842086792
418.0 94.37611103057861
419.0 94.93030905723572
420.0 95.41393518447876
421.0 95.91302871704102
422.0 95.9746241569519
423.0 96.19100689888
424.0 95.90485692024231
425.0 95.79774737358093
426.0 95.76237201690674
427.0 95.71417570114136
428.0 95.59662938117981
429.0 95.37670016288757
430.0 95.3506588935852
431.0 95.46937942504883
432.0 95.51798105239868
433.0 95.60267925262451
434.0 95.59552669525146
435.0 95.81576585769653
436.0 95.83444595336914
437.0 95.77863216400146
438.0 95.86634635925293
439.0 96.02062106132507
440.0 95.98238468170166
441.0 96.10158801078796
442.0 96.07718586921692
443.0 95.9843635559082
444.0 95.82228064537048
445.0 95.58851718902588
446.0 95.53717970848083
447.0 95.39598822593689
448.0 95.45453190803528
449.0 95.71674466133118
450.0 95.94521522521973
451.0 96.17540240287781
452.0 96.3496744632721
453.0 96.4352011680603
454.0 96.44664525985718
455.0 96.7302680015564
456.0 96.8512237071991
457.0 96.98424339294434
458.0 96.99995517730713
459.0 96.99395895004272
460.0 97.03222513198853
461.0 97.09808230400085
462.0 96.97960615158081
463.0 96.85330986976624
464.0 96.97533845901489
465.0 96.85971736907959
466.0 96.8687653541565
467.0 96.89854979515076
468.0 96.88473343849182
469.0 96.93383574485779
470.0 96.77419066429138
471.0 96.60520553588867
472.0 96.71244621276855
473.0 96.5883731842041
474.0 96.4970350265503
475.0 96.57579064369202
476.0 96.6478943824768
477.0 96.68688178062439
478.0 96.83024883270264
479.0 96.8231737613678
480.0 97.01484441757202
481.0 97.10108637809753
482.0 97.27866053581238
483.0 97.19213247299194
484.0 97.33775854110718
485.0 97.38715291023254
486.0 97.35759496688843
487.0 97.40312695503235
488.0 97.45982885360718
489.0 97.53267168998718
490.0 97.53406047821045
491.0 97.53541946411133
492.0 97.45829105377197
493.0 97.52050042152405
494.0 97.47928977012634
495.0 97.54962921142578
496.0 97.41312861442566
497.0 97.33001589775085
498.0 97.10297584533691
499.0 97.13407158851624
500.0 97.09511995315552
501.0 97.0928430557251
502.0 97.03276753425598
503.0 97.19877243041992
504.0 97.0181941986084
505.0 96.98797464370728
506.0 97.08566069602966
507.0 96.97918891906738
508.0 96.96099162101746
509.0 97.01244235038757
510.0 96.94057106971741
511.0 96.92797660827637
512.0 96.84152603149414
513.0 96.97001576423645
514.0 96.95757627487183
515.0 96.96322083473206
516.0 97.08382487297058
517.0 97.10133671760559
518.0 97.1360445022583
519.0 97.14009165763855
520.0 97.18902111053467
521.0 97.2365140914917
522.0 97.2136914730072
523.0 97.18222618103027
524.0 97.20288515090942
525.0 97.19562530517578
526.0 97.2217321395874
527.0 97.20292091369629
528.0 97.2829282283783
529.0 97.32550978660583
530.0 97.39218950271606
531.0 97.47608304023743
532.0 97.37757444381714
533.0 97.36387133598328
534.0 97.28579521179199
535.0 96.97078466415405
536.0 96.45395874977112
537.0 95.6500232219696
538.0 94.58130598068237
539.0 92.74008274078369
540.0 90.60071110725403
541.0 87.39342093467712
542.0 84.1731309890747
543.0 79.96805906295776
544.0 74.99006390571594
545.0 70.68763375282288
546.0 65.67134857177734
547.0 61.32342219352722
548.0 57.24259614944458
549.0 53.71333360671997
550.0 51.07530355453491
551.0 48.42870235443115
552.0 46.16381525993347
553.0 43.49876940250397
554.0 40.060970187187195
555.0 36.15786135196686
556.0 31.16586208343506
557.0 25.68863034248352
558.0 20.13474553823471
559.0 15.008583664894104
560.0 10.486437380313873
561.0 6.598438322544098
562.0 3.959560766816139
563.0 2.164837531745434
564.0 1.1269360780715942
565.0 0.5165963899344206
566.0 0.2936696633696556
567.0 0.15872224466875196
568.0 0.10888283140957355
569.0 0.07330944063141942
570.0 0.059092865558341146
571.0 0.042031690827570856
572.0 0.036819177330471575
573.0 0.031443763873539865
574.0 0.03885818878188729
575.0 0.03232305170968175
576.0 0.02817263302858919
577.0 0.022356680710799992
578.0 0.029194998205639422
579.0 0.019365256594028324
580.0 0.025182648096233606
581.0 0.02419365628156811
582.0 0.032058244687505066
583.0 0.009500667511019856
584.0 0.01201402410515584
585.0 0.011332809663144872
586.0 0.011863036343129352
587.0 0.015399228141177446
588.0 0.01620467082830146
589.0 0.013227715680841357
590.0 0.011106998135801405
591.0 0.014837855997029692
592.0 0.013102754019200802
593.0 0.005773403245257214
594.0 0.011748468386940658
595.0 0.008464355778414756
596.0 0.0058431825891602784
597.0 0.005565836181631312
598.0 0.015421284479089081
599.0 0.010379216109868139
600.0 0.007541410741396248
601.0 0.0020116798623348586
602.0 0.002061596569546964
603.0 0.002111513094860129
604.0 0.0019658447854453698
605.0 0.0018201766579295509
606.0 0.0019102646547253244
607.0 0.0020003528334200382
608.0 0.0017890824892674573
609.0 0.001577811963215936
610.0 0.0017143738659797236
611.0 0.0018509357687435113
612.0 0.0017832504454418086
613.0 0.0017155649402411655
614.0 0.0016553254681639373
615.0 0.0015950861779856496
616.0 0.001628487734706141
617.0 0.0016618891095276922
618.0 0.0016550486179767177
619.0 0.0016482086721225642
620.0 0.0016022386262193322
621.0 0.001556268944113981
622.0 0.001442874508938985
623.0 0.0013294799828145187
624.0 0.001314975361310644
625.0 0.0013004708307562396
626.0 0.0012975600839126855
627.0 0.0012946495189680718
628.0 0.001364272611681372
629.0 0.001433895704394672
630.0 0.0013480676898325328
631.0 0.001262239402421983
632.0 0.0013551553820434492
633.0 0.0014480715435638558
634.0 0.0014195534276950639
635.0 0.0013910350389778614
636.0 0.0013170561942388304
637.0 0.00124307771329768
638.0 0.0011810486284957733
639.0 0.0011190193617949262
640.0 0.0011144132258777972
641.0 0.001109806999011198
642.0 0.0012064371730957646
643.0 0.0013030674381298013
644.0 0.0012318204426264856
645.0 0.00116057353807264
646.0 0.0012252356100361794
647.0 0.0012898975910502486
648.0 0.0012386775779305026
649.0 0.0011874573829118162
650.0 0.001191293904412305
651.0 0.0011951303349633235
652.0 0.0011479032764327712
653.0 0.0011006763998011593
654.0 0.001120033448387403
655.0 0.0011393908607715275
656.0 0.0010710619790188503
657.0 0.0010027332791651133
658.0 0.001055062239174731
659.0 0.0011073914720327593
660.0 0.0009985549695556983
661.0 0.0008897184670786373
662.0 0.001055263237503823
663.0 0.0012208079169795383
664.0 0.0012379877261992078
665.0 0.0012551672625704668
666.0 0.0011603654456848744
667.0 0.0010655632650014013
668.0 0.0011261843610554934
669.0 0.0011868054571095854
670.0 0.0011213799552933779
671.0 0.0010559543625277001
672.0 0.0010932108125416562
673.0 0.001130467080656672
674.0 0.0010997597200912423
675.0 0.0010690522685763426
676.0 0.0010410186405351851
677.0 0.001012984648696147
678.0 0.001050836726790294
679.0 0.0010886888958339114
680.0 0.0010356473467254546
681.0 0.0009826060704654083
682.0 0.0010243549695587717
683.0 0.0010661039596016053
684.0 0.0010178664524573833
685.0 0.0009696290362626314
686.0 0.0010366380593040958
687.0 0.0011036471732950304
688.0 0.0010481223398528527
689.0 0.000992597415461205
690.0 0.001018330021906877
691.0 0.0010440625374030787
692.0 0.0010663393368304241
693.0 0.0010886161362577695
694.0 0.0011128689038741868
695.0 0.001137121671490604
696.0 0.001155266090790974
697.0 0.0011734104191418737
698.0 0.0012235290341777727
699.0 0.0012736477401631419
700.0 0.001188393980555702
701.0 0.0011031402209482621
702.0 0.0011749748409783933
703.0 0.0012468093700590543
704.0 0.0011547401300049387
705.0 0.0010626709809002932
706.0 0.001076972512237262
707.0 0.0010912743164226413
708.0 0.0011244796951359604
709.0 0.00115768534669769
710.0 0.0011850861483253539
711.0 0.0012124874047003686
712.0 0.0012136543773522135
713.0 0.0012148213500040583
714.0 0.0012697159036179073
715.0 0.0013246105481812265
716.0 0.0014416283192986157
717.0 0.0015586463632644154
718.0 0.0018751570678432472
719.0 0.0021916679543210194
720.0 0.001869845436885953
721.0 0.0015480227375519462
722.0 0.0015296845958800986
723.0 0.001511346454208251
724.0 0.0015568646631436422
725.0 0.0016023830539779738
726.0 0.0016876725567271933
727.0 0.0017729618775774725
728.0 0.0019235212675994262
729.0 0.002074080111924559
730.0 0.0020326209778431803
731.0 0.0019911618437618017
732.0 0.0018513401300879195
733.0 0.0017115185983129777
734.0 0.0015107571925909724
735.0 0.0013099958778184373
736.0 0.0011856023775180802
737.0 0.0010612090591166634
738.0 0.0010167806067329366
739.0 0.0009723525181470904
740.0 0.0009515610145172104
741.0 0.0009307692380389199
742.0 0.0009446838703297544
743.0 0.0009585988664184697
744.0 0.001001796863420168
745.0 0.0010449949513713364
746.0 0.0009477612366026733
747.0 0.0008505275218340103
748.0 0.001001996406557737
749.0 0.0011534652912814636
750.0 0.0010456713425810449
751.0 0.0009378776667290367
752.0 0.0008170319233613554
753.0 0.0006961861345189391
754.0 0.000736215224605985
755.0 0.000776244360167766
756.0 0.0007959536560520064
757.0 0.0008156629519362468
758.0 0.0008230094863392878
759.0 0.0008303560207423288
760.0 0.0008062176675593946
761.0 0.00078207913247752
762.0 0.0007229478342196671
763.0 0.000663816445012344
764.0 0.0007416017524519702
765.0 0.0008193871508410666
766.0 0.0007135145551728783
767.0 0.00060764195950469
768.0 0.0006375622433552053
769.0 0.0006674824817309855
770.0 0.0006053583547327435
771.0 0.0005432342277345015
772.0 0.000582200709686731
773.0 0.0006211671916389605
774.0 0.0006984449100855272
775.0 0.0007757225830573589
776.0 0.0007210910098365275
777.0 0.000666459345666226
778.0 0.000646442458673846
779.0 0.000626425617156201
780.0 0.0006210187166288961
781.0 0.0006156118615763262
782.0 0.0005755897291237488
783.0 0.0005355675511964364
784.0 0.000529887029188103
785.0 0.0005242065071797697
786.0 0.00048474616960447747
787.0 0.0004452860139281256
788.0 0.00033809849355748156
789.0 0.0002309110186615726
790.0 0.0003554650902515277
791.0 0.00048001916184148286
792.0 0.0004070557224622462
793.0 0.00033409228308300953
794.0 0.0002961124664579984
795.0 0.00025813267257035477
796.0 0.00033974745292653097
797.0 0.0004213622105453396
798.0 0.00044426687964005396
799.0 0.0004671715487347683
800.0 0.0005054789653513581
801.0 0.0005437864274426829
802.0 0.0004346424248069525
803.0 0.0003254984903833247
804.0 0.00034986069294973277
805.0 0.00037422289551614085
806.0 0.00039129176911956165
807.0 0.00040836066546035
808.0 0.00043397167246439494
809.0 0.000459582724943175
810.0 0.00034417464576108614
811.0 0.0002287665211042622
812.0 0.0003105133373537683
813.0 0.0003922601536032744
814.0 0.00037944221276120516
815.0 0.00036662427191913594
816.0 0.0004542231181403622
817.0 0.0005418219643615885
818.0 0.0004310555596021004
819.0 0.00032028915484261233
820.0 0.00039386604839819483
821.0 0.00046744289647904225
822.0 0.000492992239742307
823.0 0.0005185415375308366
824.0 0.00044621183405979536
825.0 0.0003738819941645488
826.0 0.0004860326498601353
827.0 0.0005981833055557217
828.0 0.0005785705525340745
829.0 0.0005589577085629571
830.0 0.0004625229848898016
831.0 0.00036608819300454343
832.0 0.00039911574276629835
833.0 0.0004321433152654208
834.0 0.0003486768264338025
835.0 0.0002652103148648166
836.0 0.0004265555162419332
837.0 0.0005879006948816823
838.0 0.0005889254680369049
839.0 0.0005899503321415978
840.0 0.0005195886387809878
841.0 0.0004492268999456428
842.0 0.00035191039842175087
843.0 0.0002545938741604914
844.0 0.0002836743533407571
845.0 0.0003127547870462877
846.0 0.0003631344952736981
847.0 0.000413514180763741
848.0 0.0004869418717134977
849.0 0.0005603695171885192
850.0 0.0005031483851780649
851.0 0.0004459272076928755
852.0 0.0004986234671378043
853.0 0.0005513196356332628
854.0 0.0006097097411839059
855.0 0.0006680998467345489
856.0 0.0005096410859550815
857.0 0.0003511823251756141
858.0 0.00040269565033668187
859.0 0.0004542090209724847
860.0 0.0004748992978420574
861.0 0.0004955896201863652
862.0 0.0005140786470292369
863.0 0.0005325677193468437
864.0 0.0005572505870077293
865.0 0.0005819334091938799
866.0 0.0005895642516406951
867.0 0.0005971950486127753
868.0 0.000576590673517785
869.0 0.0005559862529480597
870.0 0.00047965427256713156
871.0 0.0004033222921862034
872.0 0.00038096077332738787
873.0 0.00035859920899383724
874.0 0.00046318486965901684
875.0 0.0005677705757989315
876.0 0.0005301122655509971
877.0 0.0004924539553030627
878.0 0.0005494921424542554
879.0 0.0006065303296054481
880.0 0.0006628326445934363
881.0 0.000719135232429835
882.0 0.0005661475825036177
883.0 0.00041316006900160573
884.0 0.0004931407147523714
885.0 0.0005731214969273424
886.0 0.0006429142104025232
887.0 0.0007127071057766443
888.0 0.0006357253823807696
889.0 0.0005587436589848949
890.0 0.0005627539394481573
891.0 0.0005667642199114198
892.0 0.0006278529326664284
893.0 0.0006889417818456423
894.0 0.0005647572834277526
895.0 0.00044057287595933303
896.0 0.00031404699711856665
897.0 0.0001875211069091165
898.0 0.0002889129291361314
899.0 0.00039030478546919767
900.0 0.0003705568360601319
901.0 0.0003508089776005363
902.0 0.00045316319301491603
903.0 0.0005555174539040308
904.0 0.0004328639533923706
905.0 0.00031021045288071036
906.0 0.0004280260327504948
