lsstCam/transmission_filter_detector/r24_s22/g_6/19700101T000000.ecsv
# %ECSV 1.0
# ---
# datatype:
# - {name: wavelength, unit: nm, datatype: float32}
# - {name: efficiency, unit: '%', datatype: float64}
# meta: !!omap
# - {MODE: DETECTOR}
# - {TYPE: transmission_filter_detector}
# - {CALIBDATE: '1970-01-01T00:00:00'}
# - {INSTRUME: LSSTCam}
# - {OBSTYPE: transmission_filter_detector}
# - {CALIBCLS: lsst.ip.isr.IntermediateFilterDetectorTransmissionCurve}
# - {SOURCE: Materion (DM-46256)}
# - {DETECTOR: 116}
# - {FILTER: g_6}
# - {CALIB_ID: 'calibDate=1970-01-01T00:00:00 filter=g_6 detector=116'}
# - {DATE: '2025-04-02T15:59:42.564966'}
# - {CALIB_CREATION_DATE: '2025-04-02'}
# - {CALIB_CREATION_TIME: '15:59:42'}
# - __serialized_columns__:
#     efficiency:
#       __class__: astropy.units.quantity.Quantity
#       unit: !astropy.units.Unit {unit: '%'}
#       value: !astropy.table.SerializedColumn {name: efficiency}
#     wavelength:
#       __class__: astropy.units.quantity.Quantity
#       unit: !astropy.units.Unit {unit: nm}
#       value: !astropy.table.SerializedColumn {name: wavelength}
# schema: astropy-2.0
wavelength efficiency
[from data line 608]
908.0 0.0004851814082940109
909.0 0.0004245212039677426
910.0 0.0003297277999081416
911.0 0.0002349343503738055
912.0 0.00037707654882979114
913.0 0.0005192187472857768
914.0 0.00043849727262568194
915.0 0.00035777577522821957
916.0 0.00041315997805213556
917.0 0.0004685442490881542
918.0 0.00040993013499246445
919.0 0.0003513160663715098
920.0 0.000390067953048856
921.0 0.0004288198397262022
922.0 0.00044044745663995855
923.0 0.0004520750280789798
924.0 0.0004124012320971815
925.0 0.000372727345165913
926.0 0.00042237097659381106
927.0 0.00047201460802170914
928.0 0.0005325208348949673
929.0 0.0005930271072429605
930.0 0.000502762122778222
931.0 0.00041249713831348345
932.0 0.0004604498371918453
933.0 0.0005084026724944124
934.0 0.0005486110239871778
935.0 0.0005888194664294133
936.0 0.0004549399818642996
937.0 0.00032106054277392104
938.0 0.00044966050154471304
939.0 0.000578260460315505
940.0 0.0006268767265282804
941.0 0.0006754929472663207
942.0 0.0006945133009139681
943.0 0.0007135336090868805
944.0 0.0008243343472713605
945.0 0.0009351349945063703
946.0 0.000812490725365933
947.0 0.0006898464107507607
948.0 0.0008144824278133456
949.0 0.0009391185813001357
950.0 0.0008771821740083396
951.0 0.0008152458576660138
952.0 0.0008656702448206488
953.0 0.0009160945410258137
954.0 0.0008024613634916022
955.0 0.0006888280040584505
956.0 0.0006045266218279721
957.0 0.0005202250576985534
958.0 0.0006339947958622361
959.0 0.0007477644885511836
960.0 0.0006616031896555796
961.0 0.0005754417543357704
962.0 0.00061011969592073
963.0 0.0006447975920309545
964.0 0.0006478482191596413
965.0 0.0006508986643893877
966.0 0.0006809894784964854
967.0 0.0007110802016541129
968.0 0.0006926081368874293
969.0 0.0006741360721207457
970.0 0.0006863962425995851
971.0 0.0006986564585531596
972.0 0.0008344139132532291
973.0 0.0009701713679532986
974.0 0.0008840580449032132
975.0 0.0007979448128025979
976.0 0.0007638671377208084
977.0 0.0007297895535884891
978.0 0.0009020893230626825
979.0 0.0010743891834863462
980.0 0.0010451767593622208
981.0 0.0010159642442886252
982.0 0.0009447742741031107
983.0 0.0008735844858165365
984.0 0.00101093428384047
985.0 0.0011482841728138737
986.0 0.0012591426639119163
987.0 0.0013700008821615484
988.0 0.0014222484423953574
989.0 0.001474495729780756
990.0 0.001513529696239857
991.0 0.0015525638445978984
992.0 0.001582346340001095
993.0 0.001612129017303232
994.0 0.0016014168068068102
995.0 0.0015907045963103883
996.0 0.0015284311302821152
997.0 0.001466157573304372
998.0 0.0014303869647847023
999.0 0.0013946163562650327
1000.0 0.001366736523777945
1001.0 0.001338856509391917
1002.0 0.0013122741620463785
1003.0 0.0012856916328018997
1004.0 0.0012532268556242343
1005.0 0.001220762078446569
1006.0 0.001414115286024753
1007.0 0.001607468402653467
1008.0 0.0015594965589116327
1009.0 0.0015115249880182091
1010.0 0.0016088441043393686
1011.0 0.0017061634935089387
1012.0 0.0018082908354699612
1013.0 0.0019104179955320433
1014.0 0.0020444660549401306
1015.0 0.0021785139324492775
1016.0 0.0023877882995293476
1017.0 0.002597062848508358
1018.0 0.0027430332920630462
1019.0 0.002889003917516675
1020.0 0.0031895528081804514
1021.0 0.0034901018807431683
1022.0 0.0035520912206266075
1023.0 0.0036140809243079275
1024.0 0.0036837634979747236
1025.0 0.0037534460716415197
1026.0 0.00395803690480534
1027.0 0.004162627374171279
1028.0 0.004418701428221539
1029.0 0.004674775482271798
1030.0 0.004696819087257609
1031.0 0.004718862328445539
1032.0 0.004953959432896227
1033.0 0.005189056173549034
1034.0 0.005196093479753472
1035.0 0.005203131149755791
1036.0 0.005360790964914486
1037.0 0.005518450780073181
1038.0 0.005784539825981483
1039.0 0.006050628871889785
1040.0 0.006234178727027029
1041.0 0.006417728582164273
1042.0 0.006615382881136611
1043.0 0.0068130371801089495
1044.0 0.007222789281513542
1045.0 0.007632541382918134
1046.0 0.008585631439927965
1047.0 0.009538720769342035
1048.0 0.010617863881634548
1049.0 0.011697004811139777
1050.0 0.013909667904954404
1051.0 0.016122328815981746
1052.0 0.01957916101673618
1053.0 0.02303599612787366
1054.0 0.027594933635555208
1055.0 0.03215386823285371
1056.0 0.03850265929941088
1057.0 0.04485144454520196
1058.0 0.05219423910602927
1059.0 0.05953702493570745
1060.0 0.06736964569427073
1061.0 0.07520226645283401
1062.0 0.08211889071390033
1063.0 0.08903548587113619
1064.0 0.094337371410802
1065.0 0.09963923366740346
1066.0 0.10452534770593047
1067.0 0.10941147338598967
1068.0 0.11603106977418065
1069.0 0.122650689445436
1070.0 0.1321902615018189
1071.0 0.1417298335582018
1072.0 0.15439349226653576
1073.0 0.16705715097486973
1074.0 0.1818841672502458
1075.0 0.19671123009175062
1076.0 0.2109989756718278
1077.0 0.22528674453496933
1078.0 0.23872905876487494
1079.0 0.2521713497117162
1080.0 0.2688393462449312
1081.0 0.28550734277814627
1082.0 0.3087978111580014
1083.0 0.33208823297172785
1084.0 0.3703534370288253
1085.0 0.4086186643689871
1086.0 0.4419028293341398
1087.0 0.4751870408654213
1088.0 0.5364340264350176
1089.0 0.5976809188723564
1090.0 0.6765943020582199
1091.0 0.7555076386779547
1092.0 0.7829480804502964
1093.0 0.8103882893919945
1094.0 0.8465752005577087
1095.0 0.8827620185911655
1096.0 0.9255361743271351
1097.0 0.9683102369308472
1098.0 1.0170020163059235
1099.0 1.0656937956809998
1100.0 1.1897186748683453
1101.0 1.3137434609234333
