lsstCam/transmission_filter_detector/r30_s00/r_57/19700101T000000.ecsv
# %ECSV 1.0
# ---
# datatype:
# - {name: wavelength, unit: nm, datatype: float32}
# - {name: efficiency, unit: '%', datatype: float64}
# meta: !!omap
# - {MODE: DETECTOR}
# - {TYPE: transmission_filter_detector}
# - {CALIBDATE: '1970-01-01T00:00:00'}
# - {INSTRUME: LSSTCam}
# - {OBSTYPE: transmission_filter_detector}
# - {CALIBCLS: lsst.ip.isr.IntermediateFilterDetectorTransmissionCurve}
# - {SOURCE: Materion (DM-46256)}
# - {DETECTOR: 117}
# - {FILTER: r_57}
# - {CALIB_ID: 'calibDate=1970-01-01T00:00:00 filter=r_57 detector=117'}
# - {DATE: '2025-04-02T15:59:44.724268'}
# - {CALIB_CREATION_DATE: '2025-04-02'}
# - {CALIB_CREATION_TIME: '15:59:44'}
# - __serialized_columns__:
#     efficiency:
#       __class__: astropy.units.quantity.Quantity
#       unit: !astropy.units.Unit {unit: '%'}
#       value: !astropy.table.SerializedColumn {name: efficiency}
#     wavelength:
#       __class__: astropy.units.quantity.Quantity
#       unit: !astropy.units.Unit {unit: nm}
#       value: !astropy.table.SerializedColumn {name: wavelength}
# schema: astropy-2.0
wavelength efficiency
[from data line 602]
902.0 4.960035653311934e-05
903.0 5.416075055109104e-05
904.0 1.1642627129049288e-05
905.0 1.7137079515866516e-10
906.0 6.292903549365292e-05
907.0 0.00015673360849177698
908.0 0.0001972789732462843
909.0 0.00023782436073815916
910.0 0.00011658958101179451
911.0 1.7137079515866516e-10
912.0 9.914780321196304e-05
913.0 0.0002029408506132313
914.0 0.00014929458984624944
915.0 9.564832907926757e-05
916.0 0.00010081682830787031
917.0 0.0001059853047991055
918.0 0.00013732822026213398
919.0 0.00016867113572516246
920.0 0.00014979676734583336
921.0 0.00013092239896650426
922.0 0.00015985219761205371
923.0 0.0001887819848889194
924.0 0.00017358299828629242
925.0 0.00015838397757761413
926.0 0.00016386131846957142
927.0 0.00016933867073021247
928.0 0.00016373869584640488
929.0 0.00015813870959391352
930.0 0.00021123642000020482
931.0 0.0002643340621943935
932.0 0.0001800678546715062
933.0 9.58016244112514e-05
934.0 6.472562859016762e-05
935.0 3.3649678243818926e-05
936.0 3.131793278043915e-05
937.0 2.8986161737520888e-05
938.0 1.995009171196216e-05
939.0 1.0913984027638435e-05
940.0 3.459065567312791e-05
941.0 5.8267272606826737e-05
942.0 0.0001927523044287227
943.0 0.0003272373305662768
944.0 0.0002936968030553544
945.0 0.0002601562300696969
946.0 0.00042111137190659065
947.0 0.0005820665137434844
948.0 0.00045797869461239316
949.0 0.00033389094369340455
950.0 0.0004527319106273353
951.0 0.0005715729457733687
952.0 0.0006624695288337534
953.0 0.0007533662028436083
954.0 0.000863840523379622
955.0 0.0009743152077135164
956.0 0.001127017276303377
957.0 0.0012797192539437674
958.0 0.001543763755762484
959.0 0.0018078082575812005
960.0 0.0019051023627980612
961.0 0.0020023966499138623
962.0 0.0022064210497774184
963.0 0.002410445267742034
964.0 0.0023484486519009806
965.0 0.002286452036059927
966.0 0.002357265111641027
967.0 0.002428078187222127
968.0 0.0023413422240992077
969.0 0.002254606442875229
970.0 0.0022971142243477516
971.0 0.0023396221877192147
972.0 0.0025355022444273345
973.0 0.002731382664933335
974.0 0.002951460555777885
975.0 0.0031715386285213754
976.0 0.003168703187839128
977.0 0.0031658681109547615
978.0 0.0032446536351926625
979.0 0.003323438431834802
980.0 0.0033433043427066877
981.0 0.0033631702535785735
982.0 0.0033425025321776047
983.0 0.003321834810776636
984.0 0.003132354686385952
985.0 0.002942874561995268
986.0 0.002880376632674597
987.0 0.002817878885252867
988.0 0.002775191569526214
989.0 0.002732504617597442
990.0 0.00274526155408239
991.0 0.0027580183086683974
992.0 0.0027246191166341305
993.0 0.0026912202883977443
994.0 0.0027174904971616343
995.0 0.0027437607059255242
996.0 0.002758678783720825
997.0 0.002773597043415066
998.0 0.0029406019166344777
999.0 0.00310760697175283
1000.0 0.003144284710288048
1001.0 0.0031809628126211464
1002.0 0.003413012746023014
1003.0 0.0036450623156270012
1004.0 0.003700487286550924
1005.0 0.0037559118936769664
1006.0 0.0039953229133971035
1007.0 0.004234734296915121
1008.0 0.004286880357540213
1009.0 0.004339026418165304
1010.0 0.004297319901525043
1011.0 0.0042556141124805436
1012.0 0.004191275729681365
1013.0 0.004126937346882187
1014.0 0.0039363618270726874
1015.0 0.003745786307263188
1016.0 0.003406976247788407
1017.0 0.0030681661883136258
1018.0 0.002774356289592106
1019.0 0.0024805467546684667
1020.0 0.0022026475562597625
1021.0 0.0019247483578510582
1022.0 0.0016182788385776803
1023.0 0.001311809137405362
1024.0 0.001238163804373471
1025.0 0.0011645185622910503
1026.0 0.0010635767466737889
1027.0 0.0009626351129554678
1028.0 0.0009265429071092512
1029.0 0.0008904507922125049
1030.0 0.0008557941328035668
1031.0 0.000821137655293569
1032.0 0.0008417957360506989
1033.0 0.0008624538168078288
1034.0 0.0007527207344537601
1035.0 0.000642987470200751
1036.0 0.0006829540780017851
1037.0 0.0007229206403280841
1038.0 0.0007366857062152121
1039.0 0.0007504506356781349
1040.0 0.0007079103397700237
1041.0 0.0006653700438619126
1042.0 0.0007230320989037864
1043.0 0.00078069406299619
1044.0 0.0008588271157350391
1045.0 0.0009369601684738882
1046.0 0.0009833048352447804
1047.0 0.0010296497748640832
1048.0 0.0009045136721397284
1049.0 0.0007793777513143141
1050.0 0.0009582351594872307
1051.0 0.0011370926586096175
1052.0 0.001065986361936666
1053.0 0.0009948796105163638
1054.0 0.0009401983334100805
1055.0 0.0008855170563037973
1056.0 0.0008108291694952641
1057.0 0.0007361413281614659
1058.0 0.0008480335964122787
1059.0 0.000959925637289416
1060.0 0.001139254163717851
1061.0 0.0013185824172978755
1062.0 0.001493316813139245
1063.0 0.0016680509361322038
1064.0 0.0015184305084403604
1065.0 0.0013688098988495767
1066.0 0.001584966594236903
1067.0 0.0018011234715231694
1068.0 0.0019447925296844915
1069.0 0.002088461405946873
1070.0 0.0021985668354318477
1071.0 0.0023086722649168223
1072.0 0.002244532515760511
1073.0 0.0021803925847052597
1074.0 0.0022837682990939356
1075.0 0.0023871440134826116
1076.0 0.002558660344220698
1077.0 0.002730176674958784
1078.0 0.0029338703825487755
1079.0 0.0031375642720377073
1080.0 0.003696536077768542
1081.0 0.004255507519701496
1082.0 0.004016913226223551
1083.0 0.0037783182051498443
1084.0 0.004106904088985175
1085.0 0.004435489609022625
1086.0 0.0045818516809958965
1087.0 0.004728212661575526
1088.0 0.004546684431261383
1089.0 0.00436515620094724
1090.0 0.003617332549765706
1091.0 0.002869509262382053
1092.0 0.00392167130485177
1093.0 0.004973833347321488
1094.0 0.004689492197940126
1095.0 0.004405151048558764
1096.0 0.0036125420592725277
1097.0 0.0028199332518852316
1098.0 0.0034830718504963443
1099.0 0.004146210631006397
1100.0 0.0033752836316125467
1101.0 0.002604356632218696
