lsstCam/transmission_filter_detector/r30_s00/r_57/19700101T000000.ecsv
# %ECSV 1.0
# ---
# datatype:
# - {name: wavelength, unit: nm, datatype: float32}
# - {name: efficiency, unit: '%', datatype: float64}
# meta: !!omap
# - {MODE: DETECTOR}
# - {TYPE: transmission_filter_detector}
# - {CALIBDATE: '1970-01-01T00:00:00'}
# - {INSTRUME: LSSTCam}
# - {OBSTYPE: transmission_filter_detector}
# - {CALIBCLS: lsst.ip.isr.IntermediateFilterDetectorTransmissionCurve}
# - {SOURCE: Materion (DM-46256)}
# - {DETECTOR: 117}
# - {FILTER: r_57}
# - {CALIB_ID: 'calibDate=1970-01-01T00:00:00 filter=r_57 detector=117'}
# - {DATE: '2025-04-02T15:59:44.724268'}
# - {CALIB_CREATION_DATE: '2025-04-02'}
# - {CALIB_CREATION_TIME: '15:59:44'}
# - __serialized_columns__:
#     efficiency:
#       __class__: astropy.units.quantity.Quantity
#       unit: !astropy.units.Unit {unit: '%'}
#       value: !astropy.table.SerializedColumn {name: efficiency}
#     wavelength:
#       __class__: astropy.units.quantity.Quantity
#       unit: !astropy.units.Unit {unit: nm}
#       value: !astropy.table.SerializedColumn {name: wavelength}
# schema: astropy-2.0
wavelength efficiency
300.0 0.0031215022318065166
301.0 0.008264460484497249
302.0 0.013407418737187982
303.0 0.016728242917452008
304.0 0.020049067097716033
305.0 0.01812012487789616
306.0 0.016191182658076286
307.0 0.014039635425433517
308.0 0.011888086010003462
309.0 0.01070246726158075
310.0 0.009516847785562277
311.0 0.008598649583291262
312.0 0.007680451381020248
313.0 0.0072541661211289465
314.0 0.006827881588833407
315.0 0.006652421870967373
316.0 0.0064769614255055785
317.0 0.006104435306042433
318.0 0.005731908458983526
319.0 0.005406887430581264
320.0 0.005081866038381122
321.0 0.00459459115518257
322.0 0.004107316271984018
323.0 0.0038851037970744073
324.0 0.003662890594569035
325.0 0.003577241295715794
326.0 0.0034915927244583145
327.0 0.003674226172734052
328.0 0.0038568596210097894
329.0 0.003824771920335479
330.0 0.003792685311054811
331.0 0.003555158036760986
332.0 0.003317630762467161
333.0 0.003052379543078132
334.0 0.0027871290512848645
335.0 0.0024788922019070014
336.0 0.0021706548068323173
337.0 0.0019218230590922758
338.0 0.0016729913113522343
339.0 0.0015937450370984152
340.0 0.0015144986718951259
341.0 0.0014725230357726105
342.0 0.001430547399650095
343.0 0.0013457657587423455
344.0 0.0012609842997335363
345.0 0.0012398364560795017
346.0 0.001218688612425467
347.0 0.0012319662346271798
348.0 0.0012452439477783628
349.0 0.0012050867553625721
350.0 0.003102380651398562
351.0 0.00541935623914469
352.0 0.007736331463092938
353.0 0.007935076428111643
354.0 0.00813382284832187
355.0 0.005971220889477991
356.0 0.0038086196582298726
357.0 0.0037294277717592195
358.0 0.0036502369766822085
359.0 0.003470811861916445
360.0 0.0032913871109485626
361.0 0.0030031085771042854
362.0 0.0027148302251589485
363.0 0.002689711982384324
364.0 0.0026645937396096997
365.0 0.002133253110514488
366.0 0.0016019130271160975
367.0 0.0024667780962772667
368.0 0.003331643165438436
369.0 0.003437913255766034
370.0 0.0035441829822957516
371.0 0.00347295354004018
372.0 0.0034017240977846086
373.0 0.002708939791773446
374.0 0.002016155303863343
375.0 0.0010870832738874014
376.0 0.00015801136896698154
377.0 0.0014818477211520076
378.0 0.002805684198392555
379.0 0.0021573778212768957
380.0 0.001509071807959117
381.0 0.0020749792383867316
382.0 0.002640886668814346
383.0 0.003688839206006378
384.0 0.004736791379400529
385.0 0.005219805098022334
386.0 0.00570281881664414
387.0 0.005151407822268084
388.0 0.0045999971916899085
389.0 0.0036848268791800365
390.0 0.002769655839074403
391.0 0.002359774589422159
392.0 0.0019498937035677955
393.0 0.0019115894247079268
394.0 0.0018732855096459389
395.0 0.0015068108041305095
396.0 0.0011403362805140205
397.0 0.0008113185685942881
398.0 0.00048230108404823113
399.0 0.000714769657861325
400.0 0.000947238368098624
401.0 0.0010454011317051481
402.0 0.0011435638953116722
403.0 0.0010961318366753403
404.0 0.0010486999599379487
405.0 0.0014857231690257322
406.0 0.001922746560012456
407.0 0.0017952328562387265
408.0 0.001667719152464997
409.0 0.0011799623280239757
410.0 0.0006922057309566298
411.0 0.0009568819223204628
412.0 0.001221558250108501
413.0 0.0016332764062099159
414.0 0.002044994653260801
415.0 0.0021392033886513673
416.0 0.002233412305940874
417.0 0.001937393426487688
418.0 0.001641374547034502
419.0 0.0021604915673378855
420.0 0.0026796084057423286
421.0 0.0042804658733075485
422.0 0.005881323158973828
423.0 0.009568667883286253
424.0 0.013256011880002916
425.0 0.017190938524436206
426.0 0.021125866624061018
427.0 0.02125180180883035
428.0 0.021377738448791206
429.0 0.01669093471718952
430.0 0.012004130257992074
431.0 0.008455321949440986
432.0 0.004906513277092017
433.0 0.003994003418483771
434.0 0.0030814935598755255
435.0 0.0025665474822744727
436.0 0.0020516015865723602
437.0 0.0014430921510211192
438.0 0.0008345829883182887
439.0 0.0009432017577637453
440.0 0.0010518203453102615
441.0 0.0011320483281451743
442.0 0.0012122764019295573
443.0 0.0015080946468515322
444.0 0.0018039127098745666
445.0 0.0016274618246825412
446.0 0.0014510114851873368
447.0 0.0013733337254961953
448.0 0.0012956562386534642
449.0 0.0014395505786524154
450.0 0.0015834448277018964
451.0 0.0016967367628240027
452.0 0.0018100281522492878
453.0 0.0018372025806456804
454.0 0.0018643766452441923
455.0 0.0015901199731160887
456.0 0.0013158636647858657
457.0 0.0011208560863451567
458.0 0.0009258484169549774
459.0 0.001097835865948582
460.0 0.0012698233149421867
461.0 0.0017545713490108028
462.0 0.0022393196559278294
463.0 0.003222616942366585
464.0 0.004205914228805341
465.0 0.005294212678563781
466.0 0.006382510764524341
467.0 0.006838745321147144
468.0 0.007294979877769947
469.0 0.006294136983342469
470.0 0.00529329408891499
471.0 0.004011320925201289
472.0 0.002729347579588648
473.0 0.0019405797502258793
474.0 0.0011518116480147
475.0 0.0008397914825764019
476.0 0.0005277712716633687
477.0 0.0006883362402732018
478.0 0.0008489011634082999
479.0 0.0007770969205012079
480.0 0.0007052927685435861
481.0 0.0006610694981645793
482.0 0.0006168463187350426
483.0 0.000653748475087923
484.0 0.0006906507223902736
485.0 0.0007571266905870289
486.0 0.0008236028406827245
487.0 0.0006026914888934698
488.0 0.0003817802280536853
489.0 0.0006225223842193373
490.0 0.0008632644494355191
491.0 0.0008864022674970329
492.0 0.0009095400855585467
493.0 0.0009787937415239867
494.0 0.0010480474884388968
495.0 0.0010721538274083287
496.0 0.0010962599844788201
497.0 0.0011058248674089555
498.0 0.001115389841288561
499.0 0.001206973956868751
500.0 0.0012985582543478813
501.0 0.0013789373952022288
502.0 0.0014593162632081658
503.0 0.0019451405023573898
504.0 0.0024309641958097927
505.0 0.0029532495318562724
506.0 0.0034755346860038117
507.0 0.004267584517947398
508.0 0.005059634713688865
509.0 0.0053666968597099185
510.0 0.005673759005730972
511.0 0.00521265174029395
512.0 0.004751544474856928
513.0 0.003981813642894849
514.0 0.0032120828109327704
515.0 0.0030109675208223052
516.0 0.00280985223071184
517.0 0.0029136523153283633
518.0 0.0030174518542480655
519.0 1.7137079515866516e-10
520.0 0.020206812769174576
521.0 0.08183307945728302
522.0 0.06517285946756601
523.0 0.07151890895329416
524.0 0.0654237694106996
525.0 0.06252297898754478
526.0 0.073089892975986
527.0 0.05997865810059011
528.0 0.11059619719162583
529.0 0.21663131192326546
530.0 0.15170328551903367
531.0 0.2881410298869014
532.0 0.2939286408945918
533.0 0.32223432790488005
534.0 0.5245300475507975
535.0 0.8291485719382763
536.0 1.1765922419726849
537.0 1.834847405552864
538.0 2.909473516047001
539.0 4.434371739625931
540.0 6.797026842832565
541.0 9.428287297487259
542.0 12.72561252117157
543.0 16.85790717601776
544.0 22.02095240354538
545.0 27.50929296016693
546.0 34.24466550350189
547.0 41.50444269180298
548.0 49.84564483165741
549.0 57.662028074264526
550.0 63.21391463279724
551.0 69.37922835350037
552.0 73.49165081977844
553.0 77.70461440086365
554.0 80.98439574241638
555.0 84.33064818382263
556.0 87.99140453338623
557.0 90.07611870765686
558.0 92.18864440917969
559.0 94.66286897659302
560.0 94.52447891235352
561.0 95.56939601898193
562.0 95.96478939056396
563.0 95.34088373184204
564.0 95.75464129447937
565.0 95.65370678901672
566.0 96.48979902267456
567.0 95.66895365715027
568.0 96.19585275650024
569.0 96.8798041343689
570.0 96.61368131637573
571.0 97.08607792854309
572.0 97.24931120872498
573.0 97.0299482345581
574.0 97.18140959739685
575.0 96.91278338432312
576.0 97.43623733520508
577.0 97.12690711021423
578.0 97.37222790718079
579.0 97.40607738494873
580.0 96.91903591156006
581.0 96.88143730163574
582.0 96.84527516365051
583.0 97.15002179145813
584.0 96.56805396080017
585.0 96.82032465934753
586.0 97.04346656799316
587.0 96.60016894340515
588.0 97.02684283256531
589.0 97.4672019481659
590.0 96.69771790504456
591.0 96.13327980041504
592.0 96.39587998390198
593.0 96.24684453010559
594.0 96.17797136306763
595.0 96.54013514518738
596.0 97.11971282958984
597.0 97.36015796661377
598.0 97.02630043029785
599.0 97.27587699890137
600.0 97.40047454833984
601.0 96.34885787963867
602.0 96.89078330993652
603.0 96.5026319026947
604.0 96.68219089508057
605.0 97.03011512756348
606.0 96.38997912406921
607.0 96.62622809410095
608.0 96.58162593841553
609.0 95.81787586212158
610.0 96.12739086151123
611.0 96.14034295082092
612.0 95.94765305519104
613.0 97.0903992652893
614.0 96.96097373962402
615.0 96.45176529884338
616.0 96.98943495750427
617.0 96.59861326217651
618.0 96.42787575721741
619.0 97.05330729484558
620.0 96.35198712348938
621.0 95.66327929496765
622.0 96.92035913467407
623.0 96.97484374046326
624.0 96.69405817985535
625.0 97.10572361946106
626.0 96.23571634292603
627.0 95.44538259506226
628.0 97.61731624603271
629.0 95.5784022808075
630.0 96.63187265396118
631.0 96.38395309448242
632.0 96.81850671768188
633.0 96.6875672340393
634.0 96.24567031860352
635.0 96.60874009132385
636.0 96.22687697410583
637.0 95.82460522651672
638.0 95.60258388519287
639.0 95.48126459121704
640.0 95.85737586021423
641.0 95.83373665809631
642.0 96.43523693084717
643.0 96.49770259857178
644.0 96.64482474327087
645.0 96.76588773727417
646.0 96.65578007698059
647.0 97.46037721633911
648.0 96.8054711818695
649.0 95.89595794677734
650.0 96.5547263622284
651.0 97.33168482780457
652.0 97.1127986907959
653.0 96.18368744850159
654.0 97.04996347427368
655.0 96.9747245311737
656.0 96.02321982383728
657.0 96.20033502578735
658.0 96.48894667625427
659.0 96.59691452980042
660.0 96.01659178733826
661.0 95.67136764526367
662.0 95.75590491294861
663.0 95.54032683372498
664.0 95.74106931686401
665.0 95.50737738609314
666.0 95.40484547615051
667.0 95.97334861755371
668.0 95.22615075111389
669.0 95.76365351676941
670.0 95.32030820846558
671.0 95.67185044288635
672.0 95.51514983177185
673.0 95.54402232170105
674.0 94.88688111305237
675.0 95.81664204597473
676.0 95.09475231170654
677.0 93.51088404655457
678.0 92.83143877983093
679.0 91.77445769309998
680.0 90.77633023262024
681.0 88.79939913749695
682.0 86.0379159450531
683.0 83.27034115791321
684.0 79.67765927314758
685.0 76.2096643447876
686.0 72.08054661750793
687.0 67.35175251960754
688.0 62.897539138793945
689.0 58.78100395202637
690.0 53.737467527389526
691.0 49.60961937904358
692.0 44.76819932460785
693.0 40.08239209651947
694.0 34.87820029258728
695.0 29.40755784511566
696.0 23.988282680511475
697.0 18.853339552879333
698.0 13.35645318031311
699.0 9.34571623802185
700.0 6.251833587884903
701.0 3.782600909471512
702.0 2.2868452593684196
703.0 1.2742013670504093
704.0 0.73865563608706
705.0 0.43099410831928253
706.0 0.2949390560388565
707.0 0.2020541811361909
708.0 0.1512304530479014
709.0 0.11554531520232558
710.0 0.08533672662451863
711.0 0.03263436374254525
712.0 0.03794250078499317
713.0 0.04129138251300901
714.0 0.026633741799741983
715.0 0.02658864832483232
716.0 0.07028770633041859
717.0 0.03267464053351432
718.0 0.021661406208295375
719.0 0.003148231189697981
720.0 1.7137079515866516e-10
721.0 0.004311019438318908
722.0 0.004023136352770962
723.0 0.0037352532672230154
724.0 0.0035186945751775056
725.0 0.003302135883131996
726.0 0.0030369756132131442
727.0 0.0027718157070921734
728.0 0.0026199630156042986
729.0 0.0024681106879143044
730.0 0.002331369432795327
731.0 0.00219462817767635
732.0 0.0021263593225739896
733.0 0.0020580910131684504
734.0 0.0020001887605758384
735.0 0.001942286871781107
736.0 0.0017996208043769002
737.0 0.0016569549188716337
738.0 0.0016404424968641251
739.0 0.0016239300748566166
740.0 0.0015741095921839587
741.0 0.0015242889276123606
742.0 0.0013995979315950535
743.0 0.0012749068446282763
744.0 0.0013907769243814982
745.0 0.0015066470950841904
746.0 0.0013055176168563776
747.0 0.0011043879567296244
748.0 0.0011511567208799534
749.0 0.0011979254850302823
750.0 0.0011556512617971748
751.0 0.0011133773114124779
752.0 0.0011593727322178893
753.0 0.0012053684258717112
754.0 0.0011382536285964306
755.0 0.0010711390132200904
756.0 0.0010055362508865073
757.0 0.0009399336704518646
758.0 0.0009678175047156401
759.0 0.0009957014299288858
760.0 0.0009446096555620898
761.0 0.0008935178811952937
762.0 0.0008840557711664587
763.0 0.0008745940249355044
764.0 0.0009454654900764581
765.0 0.001016337046166882
766.0 0.000854265545058297
767.0 0.0006921937711013015
768.0 0.0006597439096367452
769.0 0.0006272937753237784
770.0 0.0005949585101916455
771.0 0.0005626231995847775
772.0 0.0006847985332569806
773.0 0.0008069736395555083
774.0 0.0009311962458014023
775.0 0.0010554188520472962
776.0 0.0010443522114655934
777.0 0.0010332860256312415
778.0 0.0008716388038010336
779.0 0.0007099918548192363
780.0 0.0007123669092834461
781.0 0.0007147422365960665
782.0 0.0007512809133913834
783.0 0.0007878197720856406
784.0 0.000748494676372502
785.0 0.0007091697170835687
786.0 0.0007600642220495502
787.0 0.0008109586815407965
788.0 0.0006242651124921395
789.0 0.0004375714070192771
790.0 0.0005449602667795261
791.0 0.0006523493539134506
792.0 0.0007163887858041562
793.0 0.0007804280357959215
794.0 0.0007765963346173521
795.0 0.0007727647243882529
796.0 0.000649579897071817
797.0 0.000526395069755381
798.0 0.0006126434982434148
799.0 0.000698892108630389
800.0 0.0007617737082910025
801.0 0.0008246550351032056
802.0 0.0008242162039096002
803.0 0.0008237774636654649
804.0 0.0007080871910147835
805.0 0.0005923969638388371
806.0 0.0006310145181487314
807.0 0.0006696318450849503
808.0 0.0006416072210413404
809.0 0.000613582369624055
810.0 0.0005955449978500837
811.0 0.0005775073987024371
812.0 0.00045647584556718357
813.0 0.00033544417874509236
814.0 0.00036457815895118983
815.0 0.00039371211641991977
816.0 0.0005605049409496132
817.0 0.0007272979928529821
818.0 0.0005629668521578424
819.0 0.00039863548408902716
820.0 0.0004909473773295758
821.0 0.0005832592250953894
822.0 0.0006792663953092415
823.0 0.0007752735655230936
824.0 0.0005971471182419918
825.0 0.0004190203981124796
826.0 0.0004377008735900745
827.0 0.0004563812581181992
828.0 0.00042223200580338016
829.0 0.00038808279896329623
830.0 0.0001711546133265074
831.0 1.7137079515866516e-10
832.0 1.7137079515866516e-10
833.0 1.7137079515866516e-10
834.0 1.7137079515866516e-10
835.0 7.70309839026595e-05
836.0 0.00011078277566411998
837.0 0.00014453457879426423
838.0 0.0006309750460786745
839.0 0.0011174155588378198
840.0 0.0014651205674454104
841.0 0.0018128257579519413
842.0 0.0024720962755964138
843.0 0.0031313673389377072
844.0 0.003710489909281023
845.0 0.004289613571017981
846.0 0.004320528751122765
847.0 0.00435144393122755
848.0 0.003736300641321577
849.0 0.0031211573514156044
850.0 0.0024539696823921986
851.0 0.0017867818314698525
852.0 0.0015344183339038864
853.0 0.0012820550182368606
854.0 0.0010511909749766346
855.0 0.0008203268407669384
856.0 0.0006740978733432712
857.0 0.0005278686330711935
858.0 0.00046682084757776465
859.0 0.0004057731075590709
860.0 0.00038662356018903665
861.0 0.00036747394460689975
862.0 0.0004070243903697701
863.0 0.00044657485887000803
864.0 0.00040074555727187544
865.0 0.0003549162784111104
866.0 0.00025553986233717296
867.0 0.00015616338941981667
868.0 0.00010766557352326345
869.0 5.916773488934268e-05
870.0 1.7137079515866516e-10
871.0 1.7137079515866516e-10
872.0 1.7137079515866516e-10
873.0 1.7137079515866516e-10
874.0 1.7137079515866516e-10
875.0 1.7137079515866516e-10
876.0 6.834703185631952e-05
877.0 0.0001370966629110626
878.0 0.00011484683000162477
879.0 9.25970141452126e-05
880.0 0.00012577430652527255
881.0 0.00015895159322099062
882.0 0.00019482961306493962
883.0 0.00023070761017152108
884.0 9.601440069673117e-05
885.0 1.7137079515866516e-10
886.0 0.00012758320053762873
887.0 0.0002938452098533162
888.0 0.0002797609795379685
889.0 0.0002656767719599884
890.0 0.00020353852505650138
891.0 0.00014140027815301437
892.0 5.135037213221949e-05
893.0 1.7137079515866516e-10
894.0 1.7137079515866516e-10
895.0 1.5357652216607676e-05
896.0 1.4797129210819548e-05
897.0 1.4236616152629722e-05
898.0 6.775152314730803e-05
899.0 0.00012126639603593503
900.0 8.315316790685756e-05
