ts8/qe_curves/rtm-006_s11/19700101T000000.ecsv
# %ECSV 0.9
# ---
# datatype:
# - {name: amp_name, datatype: string}
# - {name: wavelength, unit: nm, datatype: float32}
# - {name: efficiency, unit: '%', datatype: float32}
# meta: !!omap
# - {MODE: AMP}
# - {TYPE: QE}
# - {CALIBDATE: '1970-01-01T00:00:00'}
# - {INSTRUME: TS8}
# - {OBSTYPE: qe_curves}
# - {DETECTOR: 40}
# - {PICKLEFILE: RaftRun11746.p}
# - {CALIB_ID: 'raftName=RTM-006 detectorName=S11 detector=40 calibDate=1970-01-01T00:00:00 ccd=40 ccdnum=40 filter=None'}
# - {DATE: '2020-01-23T14:12:33.005312'}
# - {CALIB_CREATION_DATE: '2020-01-23'}
# - {CALIB_CREATION_TIME: '14:12:33'}
# - __serialized_columns__:
#     efficiency:
#       __class__: astropy.units.quantity.Quantity
#       unit: !astropy.units.Unit {unit: '%'}
#       value: !astropy.table.SerializedColumn {name: efficiency}
#     wavelength:
#       __class__: astropy.units.quantity.Quantity
#       unit: !astropy.units.Unit {unit: nm}
#       value: !astropy.table.SerializedColumn {name: wavelength}
# schema: astropy-2.0
amp_name wavelength efficiency
C14 319.994 47.409904
C14 324.969 52.397526
C14 349.982 66.0375
C14 374.975 69.73595
C14 400.019 81.34698
C14 424.965 86.42575
C14 450.035 90.37795
C14 475.003 93.18255
C14 500.018 95.69605
C14 525.002 97.83927
C14 550.029 98.02575
C14 575.023 99.309715
C14 599.982 99.329056
C14 619.997 99.150444
C14 624.979 99.881584
C14 650.012 99.35096
C14 675.004 98.16195
C14 700.03 97.29383
C14 725.012 95.945435
C14 750.022 95.52209
C14 774.987 95.30891
C14 799.976 93.66087
C14 824.988 91.97851
C14 850.022 89.712135
C14 869.967 86.689735
C14 875.002 85.360085
C14 899.999 79.446594
C14 919.999 70.717735
C14 925.012 68.2244
C14 949.965 55.70955
C14 975.002 41.278152
C14 999.976 25.048672
C14 1025.028 10.652006
C14 1050.014 3.7588048
C14 1075.002 2.082697
C14 1099.99 1.6331213
C11 319.994 47.914673
C11 324.969 52.97614
C11 349.982 66.85605
C11 374.975 70.41593
C11 400.019 81.80709
C11 424.965 86.76776
C11 450.035 90.6654
C11 475.003 93.44314
C11 500.018 95.942505
C11 525.002 98.0818
C11 550.029 98.26773
C11 575.023 99.55397
C11 599.982 99.58153
C11 619.997 99.401855
C11 624.979 100.134155
C11 650.012 99.608925
C11 675.004 98.419334
C11 700.03 97.56178
C11 725.012 96.23822
C11 750.022 95.85036
C11 774.987 95.68224
C11 799.976 94.048134
C11 824.988 92.35495
C11 850.022 90.17755
C11 869.967 87.08325
C11 875.002 85.687675
C11 899.999 79.82168
C11 919.999 71.38109
C11 925.012 68.82391
C11 949.965 55.819267
C11 975.002 41.341427
C11 999.976 25.212072
C11 1025.028 10.772868
C11 1050.014 3.8545449
C11 1075.002 2.1069942
C11 1099.99 1.6277553
C12 319.994 47.890366
C12 324.969 52.94429
C12 349.982 66.80365
C12 374.975 70.38014
C12 400.019 81.79684
C12 424.965 86.77376
C12 450.035 90.67717
C12 475.003 93.45844
C12 500.018 95.96062
C12 525.002 98.09829
C12 550.029 98.28397
C12 575.023 99.573364
C12 599.982 99.594635
C12 619.997 99.41569
C12 624.979 100.14921
C12 650.012 99.62317
C12 675.004 98.43043
C12 700.03 97.566574
C12 725.012 96.2293
C12 750.022 95.820305
C12 774.987 95.629105
C12 799.976 93.98972
C12 824.988 92.28884
C12 850.022 90.0754
C12 869.967 87.051796
C12 875.002 85.68165
C12 899.999 79.66882
C12 919.999 71.16109
C12 925.012 68.660675
C12 949.965 55.942257
C12 975.002 41.332813
C12 999.976 25.13165
C12 1025.028 10.698501
C12 1050.014 3.794349
C12 1075.002 2.096793
C12 1099.99 1.6327102
C01 319.994 46.588722
C01 324.969 51.484833
C01 349.982 64.83064
C01 374.975 68.76451
C01 400.019 80.989876
C01 424.965 86.385086
C01 450.035 90.51162
C01 475.003 93.42954
C01 500.018 96.01803
C01 525.002 98.21427
C01 550.029 98.4343
C01 575.023 99.74819
C01 599.982 99.787315
C01 619.997 99.621284
C01 624.979 100.35651
C01 650.012 99.8381
C01 675.004 98.65307
C01 700.03 97.78636
C01 725.012 96.43969
C01 750.022 96.02946
C01 774.987 95.840775
C01 799.976 94.19412
C01 824.988 92.515976
C01 850.022 90.274635
C01 869.967 87.2648
C01 875.002 85.9312
C01 899.999 80.153305
C01 919.999 71.42838
C01 925.012 68.85561
C01 949.965 56.041252
C01 975.002 41.57196
C01 999.976 25.223701
C01 1025.028 10.760369
C01 1050.014 3.8306131
C01 1075.002 2.1140554
C01 1099.99 1.6397506
C05 319.994 47.012318
C05 324.969 51.98011
C05 349.982 65.612816
C05 374.975 69.36596
C05 400.019 81.18911
C05 424.965 86.370804
C05 450.035 90.379616
C05 475.003 93.23304
C05 500.018 95.782555
C05 525.002 97.95684
C05 550.029 98.17221
C05 575.023 99.47976
C05 599.982 99.522095
C05 619.997 99.35722
C05 624.979 100.089584
C05 650.012 99.57746
C05 675.004 98.40035
C05 700.03 97.536545
C05 725.012 96.20378
C05 750.022 95.80417
C05 774.987 95.62344
C05 799.976 93.995155
C05 824.988 92.32288
C05 850.022 90.19552
C05 869.967 87.10534
C05 875.002 85.7144
C05 899.999 80.14198
C05 919.999 71.70471
C05 925.012 69.05643
C05 949.965 55.830734
C05 975.002 41.338528
C05 999.976 25.211992
C05 1025.028 10.80941
C05 1050.014 3.8443966
C05 1075.002 2.0973225
C05 1099.99 1.6300194
C04 319.994 46.934715
C04 324.969 51.886833
C04 349.982 65.4762
C04 374.975 69.280914
C04 400.019 81.22902
C04 424.965 86.472565
C04 450.035 90.51913
C04 475.003 93.39347
C04 500.018 95.955
C04 525.002 98.14081
C04 550.029 98.357735
C04 575.023 99.67408
C04 599.982 99.715416
C04 619.997 99.55274
C04 624.979 100.28984
C04 650.012 99.77492
C04 675.004 98.59547
C04 700.03 97.72809
C04 725.012 96.3823
C04 750.022 95.9673
C04 774.987 95.77403
C04 799.976 94.13532
C04 824.988 92.44929
C04 850.022 90.29481
C04 869.967 87.272064
C04 875.002 85.88952
C04 899.999 80.094536
C04 919.999 71.65898
C04 925.012 69.06594
C04 949.965 56.06371
C04 975.002 41.317753
C04 999.976 25.209673
C04 1025.028 10.77772
C04 1050.014 3.8271255
C04 1075.002 2.102487
C04 1099.99 1.6345268
C03 319.994 46.613327
C03 324.969 51.520123
C03 349.982 64.93382
C03 374.975 68.81907
C03 400.019 80.912125
C03 424.965 86.23567
C03 450.035 90.32193
C03 475.003 93.21421
C03 500.018 95.789215
C03 525.002 97.97269
C03 550.029 98.19376
C03 575.023 99.504196
C03 599.982 99.54506
C03 619.997 99.38052
C03 624.979 100.116615
C03 650.012 99.59879
C03 675.004 98.41314
C03 700.03 97.54906
C03 725.012 96.20163
C03 750.022 95.779144
C03 774.987 95.57851
C03 799.976 93.93953
C03 824.988 92.26151
C03 850.022 90.06397
C03 869.967 87.06583
C03 875.002 85.70142
C03 899.999 79.90034
C03 919.999 71.358696
C03 925.012 68.81115
C03 949.965 55.87584
C03 975.002 41.33925
C03 999.976 25.15522
C03 1025.028 10.727662
C03 1050.014 3.814839
C03 1075.002 2.102496
C03 1099.99 1.6306875
C07 319.994 46.958664
C07 324.969 51.922226
C07 349.982 65.56347
C07 374.975 69.328
C07 400.019 81.17982
C07 424.965 86.36635
C07 450.035 90.38239
C07 475.003 93.24144
C07 500.018 95.79722
C07 525.002 97.9706
C07 550.029 98.19226
C07 575.023 99.505875
C07 599.982 99.55244
C07 619.997 99.39018
C07 624.979 100.12629
C07 650.012 99.61194
C07 675.004 98.43524
C07 700.03 97.58793
C07 725.012 96.289734
C07 750.022 95.93606
C07 774.987 95.8062
C07 799.976 94.198364
C07 824.988 92.55059
C07 850.022 90.425064
C07 869.967 87.322464
C07 875.002 85.96372
C07 899.999 80.581215
C07 919.999 71.87271
C07 925.012 69.13067
C07 949.965 55.82862
C07 975.002 41.5869
C07 999.976 25.472187
C07 1025.028 10.96313
C07 1050.014 3.8972378
C07 1075.002 2.112491
C07 1099.99 1.6361929
C10 319.994 47.823395
C10 324.969 52.88288
C10 349.982 66.76389
C10 374.975 70.29383
C10 400.019 81.666504
C10 424.965 86.613884
C10 450.035 90.505066
C10 475.003 93.278244
C10 500.018 95.77913
C10 525.002 97.91457
C10 550.029 98.10446
C10 575.023 99.39264
C10 599.982 99.418335
C10 619.997 99.24773
C10 624.979 99.97709
C10 650.012 99.45339
C10 675.004 98.267525
C10 700.03 97.419525
C10 725.012 96.11892
C10 750.022 95.76328
C10 774.987 95.62445
C10 799.976 94.00683
C10 824.988 92.32992
C10 850.022 90.17246
C10 869.967 87.04672
C10 875.002 85.65472
C10 899.999 79.972336
C10 919.999 71.403206
C10 925.012 68.7749
C10 949.965 55.68764
C10 975.002 41.444553
C10 999.976 25.470404
C10 1025.028 10.964613
C10 1050.014 3.9469178
C10 1075.002 2.1305392
C10 1099.99 1.6440116
C06 319.994 47.16684
C06 324.969 52.153183
C06 349.982 65.83433
C06 374.975 69.58983
C06 400.019 81.431404
C06 424.965 86.61722
C06 450.035 90.63182
C06 475.003 93.48804
C06 500.018 96.03864
C06 525.002 98.216995
C06 550.029 98.428085
C06 575.023 99.74053
C06 599.982 99.78227
C06 619.997 99.62307
C06 624.979 100.35456
C06 650.012 99.840385
C06 675.004 98.65993
C06 700.03 97.79925
C06 725.012 96.47543
C06 750.022 96.09533
C06 774.987 95.93636
C06 799.976 94.311584
C06 824.988 92.64753
C06 850.022 90.51591
C06 869.967 87.39399
C06 875.002 86.025764
C06 899.999 80.5627
C06 919.999 71.976
C06 925.012 69.301
C06 949.965 55.869934
C06 975.002 41.623085
C06 999.976 25.44359
C06 1025.028 10.8858795
C06 1050.014 3.8692863
C06 1075.002 2.1055923
C06 1099.99 1.6354092
C15 319.994 47.540764
C15 324.969 52.534405
C15 349.982 66.17386
C15 374.975 69.882095
C15 400.019 81.53062
C15 424.965 86.6329
C15 450.035 90.599434
C15 475.003 93.416885
C15 500.018 95.938705
C15 525.002 98.08345
C15 550.029 98.270706
C15 575.023 99.55401
C15 599.982 99.57244
C15 619.997 99.38965
C15 624.979 100.11982
C15 650.012 99.58947
C15 675.004 98.39749
C15 700.03 97.52581
C15 725.012 96.17627
C15 750.022 95.74989
C15 774.987 95.54001
C15 799.976 93.88146
C15 824.988 92.19069
C15 850.022 89.9073
C15 869.967 86.83038
C15 875.002 85.49938
C15 899.999 79.67133
C15 919.999 70.84055
C15 925.012 68.30876
C15 949.965 55.733215
C15 975.002 41.35813
C15 999.976 25.118282
C15 1025.028 10.670731
C15 1050.014 3.7660866
C15 1075.002 2.085781
C15 1099.99 1.6375111
C00 319.994 46.214375
C00 324.969 51.068768
C00 349.982 64.302734
C00 374.975 68.27325
C00 400.019 80.56653
C00 424.965 85.999855
C00 450.035 90.14645
C00 475.003 93.07488
C00 500.018 95.66965
C00 525.002 97.86778
C00 550.029 98.092964
C00 575.023 99.4059
C00 599.982 99.449394
C00 619.997 99.28891
C00 624.979 100.018684
C00 650.012 99.504814
C00 675.004 98.32389
C00 700.03 97.467415
C00 725.012 96.139786
C00 750.022 95.74145
C00 774.987 95.57158
C00 799.976 93.93776
C00 824.988 92.259224
C00 850.022 90.02621
C00 869.967 87.03578
C00 875.002 85.69332
C00 899.999 79.89408
C00 919.999 71.21405
C00 925.012 68.663826
C00 949.965 55.913727
C00 975.002 41.435318
C00 999.976 25.159399
C00 1025.028 10.7397375
C00 1050.014 3.8316965
C00 1075.002 2.1123054
C00 1099.99 1.6332188
C17 319.994 47.055748
C17 324.969 51.995358
C17 349.982 65.47438
C17 374.975 69.28943
C17 400.019 81.11055
C17 424.965 86.299866
C17 450.035 90.312355
C17 475.003 93.1575
C17 500.018 95.69272
C17 525.002 97.84357
C17 550.029 98.03915
C17 575.023 99.325134
C17 599.982 99.345634
C17 619.997 99.1689
C17 624.979 99.89558
C17 650.012 99.36254
C17 675.004 98.17723
C17 700.03 97.31472
C17 725.012 95.98632
C17 750.022 95.58702
C17 774.987 95.39852
C17 799.976 93.738556
C17 824.988 92.01888
C17 850.022 89.74339
C17 869.967 86.53965
C17 875.002 85.183304
C17 899.999 79.402336
C17 919.999 70.64478
C17 925.012 68.054146
C17 949.965 55.19964
C17 975.002 41.006714
C17 999.976 24.975327
C17 1025.028 10.652122
C17 1050.014 3.772227
C17 1075.002 2.07378
C17 1099.99 1.6256961
C02 319.994 46.645058
C02 324.969 51.551525
C02 349.982 64.942924
C02 374.975 68.82759
C02 400.019 80.9356
C02 424.965 86.26463
C02 450.035 90.357635
C02 475.003 93.255936
C02 500.018 95.831024
C02 525.002 98.01735
C02 550.029 98.23492
C02 575.023 99.54476
C02 599.982 99.58265
C02 619.997 99.41633
C02 624.979 100.151695
C02 650.012 99.63441
C02 675.004 98.45383
C02 700.03 97.58389
C02 725.012 96.23772
C02 750.022 95.820206
C02 774.987 95.62056
C02 799.976 93.977806
C02 824.988 92.30404
C02 850.022 90.07023
C02 869.967 87.069336
C02 875.002 85.7326
C02 899.999 79.989174
C02 919.999 71.31414
C02 925.012 68.73796
C02 949.965 55.912548
C02 975.002 41.435307
C02 999.976 25.175392
C02 1025.028 10.74179
C02 1050.014 3.8182976
C02 1075.002 2.1053467
C02 1099.99 1.632665
C16 319.994 47.318466
C16 324.969 52.283558
C16 349.982 65.83283
C16 374.975 69.58967
C16 400.019 81.32551
C16 424.965 86.47361
C16 450.035 90.46536
C16 475.003 93.295
C16 500.018 95.82084
C16 525.002 97.967766
C16 550.029 98.15718
C16 575.023 99.43955
C16 599.982 99.46009
C16 619.997 99.27807
C16 624.979 100.00908
C16 650.012 99.47824
C16 675.004 98.287125
C16 700.03 97.41817
C16 725.012 96.07735
C16 750.022 95.65853
C16 774.987 95.4594
C16 799.976 93.79866
C16 824.988 92.09079
C16 850.022 89.80639
C16 869.967 86.65706
C16 875.002 85.31579
C16 899.999 79.54698
C16 919.999 70.71642
C16 925.012 68.142296
C16 949.965 55.428497
C16 975.002 41.16322
C16 999.976 25.043144
C16 1025.028 10.652047
C16 1050.014 3.7632096
C16 1075.002 2.0761788
C16 1099.99 1.6311057
C13 319.994 47.69869
C13 324.969 52.72242
C13 349.982 66.479004
C13 374.975 70.11616
C13 400.019 81.62904
C13 424.965 86.65392
C13 450.035 90.583664
C13 475.003 93.37953
C13 500.018 95.88846
C13 525.002 98.02854
C13 550.029 98.214165
C13 575.023 99.49718
C13 599.982 99.51743
C13 619.997 99.34014
C13 624.979 100.07075
C13 650.012 99.542694
C13 675.004 98.35361
C13 700.03 97.481895
C13 725.012 96.13402
C13 750.022 95.71596
C13 774.987 95.512535
C13 799.976 93.860886
C13 824.988 92.16737
C13 850.022 89.927345
C13 869.967 86.88805
C13 875.002 85.533745
C13 899.999 79.56804
C13 919.999 71.00235
C13 925.012 68.51617
C13 949.965 55.8509
C13 975.002 41.321735
C13 999.976 25.089392
C13 1025.028 10.677397
C13 1050.014 3.7774854
C13 1075.002 2.0932875
C13 1099.99 1.6318238
