lsstCam/transmission_filter_detector/r24_s21/z_20/19700101T000000.ecsv
# %ECSV 1.0
# ---
# datatype:
# - {name: wavelength, unit: nm, datatype: float32}
# - {name: efficiency, unit: '%', datatype: float64}
# meta: !!omap
# - {MODE: DETECTOR}
# - {TYPE: transmission_filter_detector}
# - {CALIBDATE: '1970-01-01T00:00:00'}
# - {INSTRUME: LSSTCam}
# - {OBSTYPE: transmission_filter_detector}
# - {CALIBCLS: lsst.ip.isr.IntermediateFilterDetectorTransmissionCurve}
# - {SOURCE: Materion (DM-46256)}
# - {DETECTOR: 115}
# - {FILTER: z_20}
# - {CALIB_ID: 'calibDate=1970-01-01T00:00:00 filter=z_20 detector=115'}
# - {DATE: '2025-04-02T15:59:49.172513'}
# - {CALIB_CREATION_DATE: '2025-04-02'}
# - {CALIB_CREATION_TIME: '15:59:49'}
# - __serialized_columns__:
#     efficiency:
#       __class__: astropy.units.quantity.Quantity
#       unit: !astropy.units.Unit {unit: '%'}
#       value: !astropy.table.SerializedColumn {name: efficiency}
#     wavelength:
#       __class__: astropy.units.quantity.Quantity
#       unit: !astropy.units.Unit {unit: nm}
#       value: !astropy.table.SerializedColumn {name: wavelength}
# schema: astropy-2.0
wavelength efficiency
[from data line 597]
897.0 99.4505763053894
898.0 98.60727787017822
899.0 98.66223931312561
900.0 98.74191284179688
901.0 99.47419762611389
902.0 99.15939569473267
903.0 98.50425720214844
904.0 97.57912158966064
905.0 98.33751320838928
906.0 97.71836996078491
907.0 98.69006276130676
908.0 98.22365045547485
909.0 98.3351469039917
910.0 98.02170991897583
911.0 96.9946026802063
912.0 95.41174173355103
913.0 94.7773277759552
914.0 92.3782229423523
915.0 90.08450508117676
916.0 87.75895237922668
917.0 86.33792400360107
918.0 82.77829885482788
919.0 81.58447742462158
920.0 78.42755913734436
921.0 74.75627660751343
922.0 69.90358233451843
923.0 64.07186388969421
924.0 58.68202447891235
925.0 52.967822551727295
926.0 46.729546785354614
927.0 39.85467255115509
928.0 33.7813675403595
929.0 27.5855153799057
930.0 22.06549197435379
931.0 17.061585187911987
932.0 11.718428134918213
933.0 7.511701434850693
934.0 4.790597036480904
935.0 3.0396083369851112
936.0 1.683189533650875
937.0 1.0279351845383644
938.0 0.661121029406786
939.0 0.34623476676642895
940.0 0.2131559420377016
941.0 0.16013429267331958
942.0 0.1819072407670319
943.0 0.040569627890363336
944.0 1.6472836549680236e-10
945.0 0.09902029996737838
946.0 0.0012953591976838652
947.0 1.6472836549680236e-10
948.0 1.6472836549680236e-10
949.0 0.06431749789044261
950.0 1.6472836549680236e-10
951.0 1.6472836549680236e-10
952.0 1.6472836549680236e-10
953.0 0.04758864815812558
954.0 0.007460117194568738
955.0 1.6472836549680236e-10
956.0 1.6472836549680236e-10
957.0 1.6472836549680236e-10
958.0 1.6472836549680236e-10
959.0 0.03314549976494163
960.0 0.042384356493130326
961.0 0.03189182898495346
962.0 0.03032064123544842
963.0 1.6472836549680236e-10
964.0 1.6472836549680236e-10
965.0 1.6472836549680236e-10
966.0 0.0002512686705813394
967.0 0.015352059563156217
968.0 0.06917052087374032
969.0 1.6472836549680236e-10
970.0 1.6472836549680236e-10
971.0 1.6472836549680236e-10
972.0 0.029356181039474905
973.0 1.6472836549680236e-10
974.0 0.011040196841349825
975.0 1.6472836549680236e-10
976.0 0.006210363790160045
977.0 0.006272426253417507
978.0 0.00633448944427073
979.0 0.006075996861909516
980.0 0.005817503915750422
981.0 0.005692339982488193
982.0 0.005567175321630202
983.0 0.005465580761665478
984.0 0.0053639862017007545
985.0 0.00525181858392898
986.0 0.005139650238561444
987.0 0.004999896555091254
988.0 0.004860142871621065
989.0 0.004809528400073759
990.0 0.004758914656122215
991.0 0.004749429717776366
992.0 0.004739944779430516
993.0 0.004630109833669849
994.0 0.00452027416031342
995.0 0.004574663398670964
996.0 0.004629052637028508
997.0 0.004502046795096248
998.0 0.004375040589366108
999.0 0.004241591159370728
1000.0 0.004108141365577467
1001.0 0.004152565088588744
1002.0 0.004196989175397903
1003.0 0.004247120159561746
1004.0 0.00429725150752347
1005.0 0.004289177741156891
1006.0 0.004281103610992432
1007.0 0.004255713793099858
1008.0 0.004230323975207284
1009.0 0.004144198101130314
1010.0 0.004058072227053344
1011.0 0.0041615301597630605
1012.0 0.004264987728674896
1013.0 0.0042638850572984666
1014.0 0.004262782385922037
1015.0 0.004337006248533726
1016.0 0.004411230111145414
1017.0 0.004435423761606216
1018.0 0.004459617048269138
1019.0 0.004377045115688816
1020.0 0.004294473183108494
1021.0 0.004344350236351602
1022.0 0.004394226925796829
1023.0 0.00443776989413891
1024.0 0.004481312862480991
1025.0 0.004501399598666467
1026.0 0.004521485971054062
1027.0 0.004601941327564418
1028.0 0.004682396684074774
1029.0 0.004600898682838306
1030.0 0.004519400317803957
1031.0 0.004665181040763855
1032.0 0.004810961399925873
1033.0 0.004863923095399514
1034.0 0.004916885154671036
1035.0 0.005037141454522498
1036.0 0.00515739775437396
1037.0 0.005233705815044232
1038.0 0.005310013875714503
1039.0 0.005382080053095706
1040.0 0.005454146230476908
1041.0 0.005451988181448542
1042.0 0.0054498304962180555
1043.0 0.005411490928963758
1044.0 0.005373150634113699
1045.0 0.005686702570528723
1046.0 0.006000254143145867
1047.0 0.0061053113313391805
1048.0 0.006210368883330375
1049.0 0.00626913461019285
1050.0 0.006327898881863803
1051.0 0.006436111289076507
1052.0 0.0065443236962892115
1053.0 0.006777505041100085
1054.0 0.007010688568698242
1055.0 0.007232433563331142
1056.0 0.007454178557964042
1057.0 0.007426052616210654
1058.0 0.00739792812964879
1059.0 0.007508858107030392
1060.0 0.007619787356816232
1061.0 0.008292632264783606
1062.0 0.008965478627942502
1063.0 0.009068161307368428
1064.0 0.009170844714390114
1065.0 0.009429376223124564
1066.0 0.009687908459454775
1067.0 0.009523634798824787
1068.0 0.0093593611381948
1069.0 0.009887462510960177
1070.0 0.010415564611321315
1071.0 0.010279702109983191
1072.0 0.010143840336240828
1073.0 0.010580359230516478
1074.0 0.01101687885238789
1075.0 0.010903167276410386
1076.0 0.010789456428028643
1077.0 0.011793100566137582
1078.0 0.012796741793863475
1079.0 0.012777550728060305
1080.0 0.012758358207065612
1081.0 0.0131403241539374
1082.0 0.013522287190426141
1083.0 0.01404036011081189
1084.0 0.014558433031197637
1085.0 0.014935432409401983
1086.0 0.015312433242797852
1087.0 0.01571495522512123
1088.0 0.01611747866263613
1089.0 0.016253638023044914
1090.0 0.01638979883864522
1091.0 0.016099029744509608
1092.0 0.015808260650373995
1093.0 0.01700195571174845
1094.0 0.01819565222831443
1095.0 0.018966387142427266
1096.0 0.019737119146157056
1097.0 0.019560428336262703
1098.0 0.019383734615985304
1099.0 0.020700231834780425
1100.0 0.022016727598384023
1101.0 0.022752996301278472
1102.0 0.0234892635489814
1103.0 0.024772153119556606
1104.0 0.02605504123494029
1105.0 0.025682116392999887
1106.0 0.02530918864067644
1107.0 0.02604419132694602
1108.0 0.0267791940132156
1109.0 0.02762547228485346
1110.0 0.028471750556491315
1111.0 0.028780815773643553
1112.0 0.02908988099079579
1113.0 0.03091850085183978
1114.0 0.03274712071288377
1115.0 0.0325316475937143
1116.0 0.03231617156416178
1117.0 0.033497746335342526
1118.0 0.034679321106523275
1119.0 0.036877443199045956
1120.0 0.03907556238118559
1121.0 0.039995432598516345
1122.0 0.0409153028158471
1123.0 0.04151820030529052
1124.0 0.04212110070511699
1125.0 0.04250896454323083
1126.0 0.04289683129172772
1127.0 0.046789227053523064
1128.0 0.05068161990493536
1129.0 0.05324948579072952
1130.0 0.055817351676523685
1131.0 0.057932932395488024
1132.0 0.06004850729368627
1133.0 0.06241275114007294
1134.0 0.0647770008072257
1135.0 0.06429562927223742
1136.0 0.06381425773724914
1137.0 0.0699612544849515
1138.0 0.07610825705341995
1139.0 0.0789332203567028
1140.0 0.08175817783921957
1141.0 0.09488280629739165
1142.0 0.10800742311403155
1143.0 0.13494319282472134
1144.0 0.16187896253541112
1145.0 0.31854184344410896
1146.0 0.4752047825604677
1147.0 0.9611770510673523
1148.0 1.447149459272623
1149.0 1.5751207247376442
1150.0 1.7030928283929825
