lsstCam/transmission_filter_detector/r24_s21/z_20/19700101T000000.ecsv
# %ECSV 1.0
# ---
# datatype:
# - {name: wavelength, unit: nm, datatype: float32}
# - {name: efficiency, unit: '%', datatype: float64}
# meta: !!omap
# - {MODE: DETECTOR}
# - {TYPE: transmission_filter_detector}
# - {CALIBDATE: '1970-01-01T00:00:00'}
# - {INSTRUME: LSSTCam}
# - {OBSTYPE: transmission_filter_detector}
# - {CALIBCLS: lsst.ip.isr.IntermediateFilterDetectorTransmissionCurve}
# - {SOURCE: Materion (DM-46256)}
# - {DETECTOR: 115}
# - {FILTER: z_20}
# - {CALIB_ID: 'calibDate=1970-01-01T00:00:00 filter=z_20 detector=115'}
# - {DATE: '2025-04-02T15:59:49.172513'}
# - {CALIB_CREATION_DATE: '2025-04-02'}
# - {CALIB_CREATION_TIME: '15:59:49'}
# - __serialized_columns__:
#     efficiency:
#       __class__: astropy.units.quantity.Quantity
#       unit: !astropy.units.Unit {unit: '%'}
#       value: !astropy.table.SerializedColumn {name: efficiency}
#     wavelength:
#       __class__: astropy.units.quantity.Quantity
#       unit: !astropy.units.Unit {unit: nm}
#       value: !astropy.table.SerializedColumn {name: wavelength}
# schema: astropy-2.0
wavelength efficiency
300.0 0.4583121743053198
301.0 0.36802105605602264
302.0 0.27772998437285423
303.0 0.2526806900277734
304.0 0.2276314189657569
305.0 0.19705761224031448
306.0 0.16648380551487207
307.0 0.15189592959359288
308.0 0.13730806531384587
309.0 0.13584099942818284
310.0 0.134373945184052
311.0 0.12619637418538332
312.0 0.11801880318671465
313.0 0.11338231852278113
314.0 0.10874583385884762
315.0 0.09644119418226182
316.0 0.08413654868490994
317.0 0.0738065573386848
318.0 0.06347656599245965
319.0 0.06585837691091001
320.0 0.06824018782936037
321.0 0.06337982486002147
322.0 0.05851946189068258
323.0 0.05527352914214134
324.0 0.0520276022143662
325.0 0.045326128019951284
326.0 0.03862465382553637
327.0 0.03853891394101083
328.0 0.038453168235719204
329.0 0.034553848672658205
330.0 0.030654532019980252
331.0 0.029506412101909518
332.0 0.028358298004604876
333.0 0.028131247381679714
334.0 0.027904199669137597
335.0 0.027276697801426053
336.0 0.026649193023331463
337.0 0.024467232287861407
338.0 0.022285268642008305
339.0 0.019927340326830745
340.0 0.017569412011653185
341.0 0.017299680621363223
342.0 0.017029950686264783
343.0 0.01598595845280215
344.0 0.014941967674531043
345.0 0.013586034765467048
346.0 0.012230098946020007
347.0 0.012775832146871835
348.0 0.013321566802915186
349.0 0.014038330118637532
350.0 0.014755090523976833
351.0 0.013167680299375206
352.0 0.011580271529965103
353.0 0.013374323316384107
354.0 0.015168375102803111
355.0 0.012697918282356113
356.0 0.01022745855152607
357.0 0.010422515333630145
358.0 0.010617571388138458
359.0 0.01015779489534907
360.0 0.009698019130155444
361.0 0.008880857058102265
362.0 0.008063696441240609
363.0 0.00797408793005161
364.0 0.007884479418862611
365.0 0.007746580376988277
366.0 0.0076086827903054655
367.0 0.007746184564894065
368.0 0.007883687794674188
369.0 0.00813347360235639
370.0 0.00838325941003859
371.0 0.008186334889614955
372.0 0.007989409641595557
373.0 0.007045990787446499
374.0 0.0061025730246910825
375.0 0.006117122393334284
376.0 0.006131671398179606
377.0 0.006727179425070062
378.0 0.007322685996768996
379.0 0.006380999548127875
380.0 0.005439312735688873
381.0 0.004767654536408372
382.0 0.0040959967009257525
383.0 0.004651233030017465
384.0 0.005206469359109178
385.0 0.004946728586219251
386.0 0.004686987813329324
387.0 0.00485121418023482
388.0 0.005015440910938196
389.0 0.004911207361146808
390.0 0.0048069741751533
391.0 0.004264648669050075
392.0 0.0037223235267447308
393.0 0.004160355820204131
394.0 0.0045983884774614125
395.0 0.004198150782031007
396.0 0.003797912722802721
397.0 0.003946449942304753
398.0 0.004094987161806785
399.0 0.0042250434489687905
400.0 0.004355100099928677
401.0 0.004576829815050587
402.0 0.004798559530172497
403.0 0.0048088175390148535
404.0 0.0048190762754529715
405.0 0.0037326975871110335
406.0 0.002646319626364857
407.0 0.0026473393518244848
408.0 0.002648359804879874
409.0 0.0026557854653219692
410.0 0.002663211307663005
411.0 0.0031870084058027714
412.0 0.0037108053220435977
413.0 0.0035464123357087374
414.0 0.003382019349373877
415.0 0.0034091222914867103
416.0 0.0034362252335995436
417.0 0.0034237360523547977
418.0 0.003411246871110052
419.0 0.003376007589395158
420.0 0.003340768307680264
421.0 0.0036347093555377796
422.0 0.0039286511309910566
423.0 0.003722148176166229
424.0 0.003515645585139282
425.0 0.0029463195460266434
426.0 0.0023769938707118854
427.0 0.0021992813344695605
428.0 0.0020215687982272357
429.0 0.0020342806237749755
430.0 0.002046992813120596
431.0 0.0015720770534244366
432.0 0.0010971615665766876
433.0 0.0014971476048231125
434.0 0.0018971340978168882
435.0 0.001953755236172583
436.0 0.0020103761926293373
437.0 0.001975088525796309
438.0 0.0019398006770643406
439.0 0.0022087455363362096
440.0 0.0024776903956080787
441.0 0.0023726935978629626
442.0 0.0022676968001178466
443.0 0.0026352274289820343
444.0 0.0030027582397451624
445.0 0.0031183317332761362
446.0 0.0032339055906049907
447.0 0.0026345163860241883
448.0 0.002035127363342326
449.0 0.0019338480342412367
450.0 0.0018325688870390877
451.0 0.0018991728211403824
452.0 0.001965776573342737
453.0 0.001643188988964539
454.0 0.0013206015864852816
455.0 0.0015795481886016205
456.0 0.0018384949726168998
457.0 0.0016475947631988674
458.0 0.0014566947356797755
459.0 0.0018204056686954573
460.0 0.002184116601711139
461.0 0.0016105439499369822
462.0 0.0010369712981628254
463.0 0.0012954371413798071
464.0 0.0015539029845967889
465.0 0.0016308835256495513
466.0 0.001707864248601254
467.0 0.00168235110322712
468.0 0.001656837594055105
469.0 0.0013879202924726997
470.0 0.0011190030818397645
471.0 0.001059176429407671
472.0 0.0009993497769755777
473.0 0.0010897245374508202
474.0 0.0011800992069765925
475.0 0.001156323833129136
476.0 0.001132548368332209
477.0 0.0013362321624299511
478.0 0.0015399156836792827
479.0 0.0016523603335372172
480.0 0.0017648049833951518
481.0 0.0015657198673579842
482.0 0.001366634933219757
483.0 0.001098625307349721
484.0 0.0008306155905302148
485.0 0.0011792220902862027
486.0 0.0015278286809916608
487.0 0.0015504954717471264
488.0 0.0015731624444015324
489.0 0.0019049382899538614
490.0 0.0022367143174051307
491.0 0.0019473258362268098
492.0 0.0016579371731495485
493.0 0.001843957397795748
494.0 0.002029977986239828
495.0 0.001794289710232988
496.0 0.0015586012523272075
497.0 0.0014331223610497545
498.0 0.0013076433788228314
499.0 0.0011804645509982947
500.0 0.0010532859050726984
501.0 0.0009659661373007111
502.0 0.0008786466423771344
503.0 0.0012639537089853548
504.0 0.0016492609574925154
505.0 0.0018997863662661985
506.0 0.002150311956938822
507.0 0.0016609048543614335
508.0 0.0011714980246324558
509.0 0.0014541363270836882
510.0 0.0017367749023833312
511.0 0.0017053691408364102
512.0 0.0016739631973905489
513.0 0.001384138704452198
514.0 0.0010943144843622576
515.0 0.0010633991223585326
516.0 0.0010324838513042778
517.0 0.0012278838767088018
518.0 0.0014232840840122662
519.0 0.001340051858278457
520.0 0.0012568195415951777
521.0 0.001359606540063396
522.0 0.0014623934475821443
523.0 0.001340860308118863
524.0 0.0012193270777061116
525.0 0.0010456006748427171
526.0 0.0008718740900803823
527.0 0.0010777612260426395
528.0 0.0012836482710554264
529.0 0.0014028451005287934
530.0 0.00152204174810322
531.0 0.0014276475667429622
532.0 0.001333253203483764
533.0 0.0010510636457183864
534.0 0.0007688740879530087
535.0 0.0010054459380626213
536.0 0.0012420179700711742
537.0 0.0014833909517619759
538.0 0.001724764115351718
539.0 0.0015713003449491225
540.0 0.0014178361197991762
541.0 0.0011468974662420806
542.0 0.0008759587217355147
543.0 0.0010018857210525312
544.0 0.0011278128113190178
545.0 0.0011575471944524907
546.0 0.0011872813956870232
547.0 0.001523700757388724
548.0 0.001860120210039895
549.0 0.001654279367357958
550.0 0.0014484381608781405
551.0 0.0016340853107976727
552.0 0.0018197322788182646
553.0 0.002053084426734131
554.0 0.0022864362108521163
555.0 0.0017147471226053312
556.0 0.0011430580343585461
557.0 0.0012983319720660802
558.0 0.0014536060916725546
559.0 0.0012829946172132622
560.0 0.0011123830518044997
561.0 0.0012468412933230866
562.0 0.0013812995348416734
563.0 0.001370907193631865
564.0 0.0013605148524220567
565.0 0.0017781620044843294
566.0 0.002195809247496072
567.0 0.002376304109930061
568.0 0.0025567989723640494
569.0 0.0026807298127096146
570.0 0.0028046610168530606
571.0 0.0024989631128846668
572.0 0.0021932648451183923
573.0 0.0019057555618928745
574.0 0.0016182466424652375
575.0 0.0018489685317035764
576.0 0.0020796900571440347
577.0 0.0020344703443697654
578.0 0.0019892502677976154
579.0 0.0020982344722142443
580.0 0.0022072186766308732
581.0 0.002001678330998402
582.0 0.001796137985365931
583.0 0.0021427278625196777
584.0 0.002489317557774484
585.0 0.0024817127268761396
586.0 0.0024741075321799144
587.0 0.0018223638107883744
588.0 0.001170619907497894
589.0 0.001513862662250176
590.0 0.0018571057808003388
591.0 0.0019194882042938843
592.0 0.00198187080968637
593.0 0.0014525658116326667
594.0 0.0009232610864273738
595.0 0.0010488323823665269
596.0 0.0011744035873562098
597.0 0.0009545989996695425
598.0 0.0007347944574576104
599.0 0.0009550702998240013
600.0 0.0011753461876651272
601.0 0.0011569505659281276
602.0 0.0011385547622921877
603.0 0.0014783930964767933
604.0 0.0018182312487624586
605.0 0.0014640814697486348
606.0 0.0011099316907348111
607.0 0.0011997215551673435
608.0 0.0012895113286504056
609.0 0.0012746561878884677
610.0 0.0012598009561770596
611.0 0.0010867974197026342
612.0 0.0009137937922787387
613.0 0.0009774783393368125
614.0 0.001041162704495946
615.0 0.001177406738861464
616.0 0.0013136508641764522
617.0 0.001489271471655229
618.0 0.0016648922610329464
619.0 0.0016368139768019319
620.0 0.0016087356925709173
621.0 0.0017797625332605094
622.0 0.0019507890101522207
623.0 0.001625651384529192
624.0 0.0013005134860577527
625.0 0.0013239392501418479
626.0 0.0013473651961248834
627.0 0.0014898528206686024
628.0 0.0016323407180607319
629.0 0.0017573403965798207
630.0 0.0018823404388967901
631.0 0.0022184687622939236
632.0 0.002554596903792117
633.0 0.0028501754059107043
634.0 0.0031457537261303514
635.0 0.005948898979113437
636.0 0.008752044232096523
637.0 0.015587038069497794
638.0 0.022422030451707542
639.0 0.02037177764577791
640.0 0.018321526295039803
641.0 0.015431830252055079
642.0 0.012542134209070355
643.0 0.009402797877555713
644.0 0.00626346081844531
645.0 0.006447202758863568
646.0 0.006630944699281827
647.0 0.006302726978901774
648.0 0.005974508530925959
649.0 0.004651016934076324
650.0 0.003327525337226689
651.0 0.003508784720906988
652.0 0.003690043740789406
653.0 0.0030633229471277446
654.0 0.0024366017896682024
655.0 0.0024422310161753558
656.0 0.0024478600607835688
657.0 0.0025447519874433056
658.0 0.0026416433684062213
659.0 0.0021277914129314013
660.0 0.0016139394574565813
661.0 0.001962728492799215
662.0 0.0023115175281418487
663.0 0.001996521132241469
664.0 0.0016815249182400294
665.0 0.0017631915397942066
666.0 0.0018448581613483839
667.0 0.0020998966647312045
668.0 0.002354935168114025
669.0 0.0018861315766116604
670.0 0.0014173279851092957
671.0 0.0013340727491595317
672.0 0.0012508174222602975
673.0 0.0013550314179155976
674.0 0.0014592454135708977
675.0 0.001589786734257359
676.0 0.0017203276001964696
677.0 0.0016570656953263097
678.0 0.0015938037904561497
679.0 0.0014573345652024727
680.0 0.0013208653399487957
681.0 0.001552401045046281
682.0 0.001783936568244826
683.0 0.0022630840248893946
684.0 0.0027422314815339632
685.0 0.0026750843971967697
686.0 0.002607937676657457
687.0 0.0018965372873935848
688.0 0.0011851367162307724
689.0 0.0018316062778467312
690.0 0.00247807583946269
691.0 0.002451421278237831
692.0 0.0024247667170129716
693.0 0.0026033432732219808
694.0 0.0027819200113299303
695.0 0.003075816130149178
696.0 0.0033697124308673665
697.0 0.003876247865264304
698.0 0.0043827832996612415
699.0 0.005779825369245373
700.0 0.007176867075031623
701.0 0.007255705713760108
702.0 0.007334545080084354
703.0 0.006307083094725385
704.0 0.005279622200760059
705.0 0.004583754707709886
706.0 0.0038878879422554746
707.0 0.00357908611476887
708.0 0.003270283923484385
709.0 0.0038016321923350915
710.0 0.004332980461185798
711.0 0.003945187199860811
712.0 0.0035573939385358244
713.0 0.0026620124117471278
714.0 0.0017666307030594908
715.0 0.0020982422938686796
716.0 0.0024298535208799876
717.0 0.001980090200959239
718.0 0.00153032651724061
719.0 0.0015684870959375985
720.0 0.0016066480384324677
721.0 0.0012793330824933946
722.0 0.0009520179446553811
723.0 0.001395083381794393
724.0 0.001838148818933405
725.0 0.0016024670912884176
726.0 0.0013667857274413109
727.0 0.0011927503692277241
728.0 0.0010187147381657269
729.0 0.0012909066754218657
730.0 0.0015630985217285343
731.0 0.0012323425835347734
732.0 0.000901586827239953
733.0 0.0013670392945641652
734.0 0.0018324917618883774
735.0 0.001708659874566365
736.0 0.0015848279872443527
737.0 0.0014237975847208872
738.0 0.0012627669093490113
739.0 0.0014646344425273128
740.0 0.0016665020666550845
741.0 0.0015938761862344109
742.0 0.0015212503967632074
743.0 0.0018541764802648686
744.0 0.002187102654716
745.0 0.001806060754461214
746.0 0.001425018854206428
747.0 0.0016806188796181232
748.0 0.0019362192688276991
749.0 0.002543760092521552
750.0 0.0031513012800132856
751.0 0.0027446765670902096
752.0 0.0023380523998639546
753.0 0.0027081510779680684
754.0 0.0030782499379711226
755.0 0.0022823527615400963
756.0 0.0014864556760585401
757.0 0.0020290348402340896
758.0 0.0025716140953591093
759.0 0.002702976780710742
760.0 0.0028343391022644937
761.0 0.004702845762949437
762.0 0.0065713531512301415
763.0 0.006272333848755807
764.0 0.005973316001472995
765.0 0.005372655141400173
766.0 0.004771994645125233
767.0 0.004596806684276089
768.0 0.0044216187234269455
769.0 0.004590632306644693
770.0 0.004759646617458202
771.0 0.004953712414135225
772.0 0.005147778210812248
773.0 0.004627816451829858
774.0 0.004107854329049587
775.0 0.0032194904633797705
776.0 1.6472836549680236e-10
777.0 1.6472836549680236e-10
778.0 0.15081048477441072
779.0 0.1474767690524459
780.0 0.08719570469111204
781.0 0.014409548020921648
782.0 0.04064793174620718
783.0 1.6472836549680236e-10
784.0 0.0006735695023962762
785.0 0.05352171137928963
786.0 0.0327622692566365
787.0 1.6472836549680236e-10
788.0 0.0760777504183352
789.0 0.1296251779422164
790.0 0.1592265092767775
791.0 0.0421846576500684
792.0 0.04950111033394933
793.0 0.030783427064307034
794.0 0.025047131930477917
795.0 0.036940499558113515
796.0 0.1685583614744246
797.0 0.21633810829371214
798.0 0.0010829173334059305
799.0 0.18176978919655085
800.0 0.13798198197036982
801.0 0.5738514009863138
802.0 0.9872802533209324
803.0 1.5836913138628006
804.0 2.48093344271183
805.0 3.660503402352333
806.0 5.465158820152283
807.0 7.717489451169968
808.0 10.066909343004227
809.0 13.04328590631485
810.0 16.512322425842285
811.0 19.647161662578583
812.0 22.723963856697083
813.0 26.216521859169006
814.0 29.92319166660309
815.0 34.731510281562805
816.0 40.11644721031189
817.0 46.42455875873566
818.0 52.656614780426025
819.0 59.18318033218384
820.0 67.02587008476257
821.0 74.24882054328918
822.0 79.85729575157166
823.0 84.98318195343018
824.0 89.59469795227051
825.0 93.17699074745178
826.0 95.5924391746521
827.0 96.80020213127136
828.0 98.9266037940979
829.0 99.10033345222473
830.0 98.55517745018005
831.0 99.03753399848938
832.0 98.54019284248352
833.0 99.93074536323547
834.0 98.0692982673645
835.0 99.32180047035217
836.0 99.03464913368225
837.0 98.99941682815552
838.0 98.33112955093384
839.0 97.93684482574463
840.0 98.98688197135925
841.0 99.59743618965149
842.0 99.55753087997437
843.0 99.85389709472656
844.0 98.03035259246826
845.0 98.43660593032837
846.0 98.81625771522522
847.0 98.68314266204834
848.0 99.75791573524475
849.0 98.34527373313904
850.0 98.55099320411682
851.0 99.2568850517273
852.0 99.06600713729858
853.0 98.64962100982666
854.0 99.58451390266418
855.0 98.55907559394836
856.0 98.87591004371643
857.0 98.18880558013916
858.0 98.52699637413025
859.0 99.25106167793274
860.0 98.53712320327759
861.0 98.97157549858093
862.0 98.880136013031
863.0 98.30014109611511
864.0 99.5057463645935
865.0 99.71222281455994
866.0 98.66306781768799
867.0 99.4414746761322
868.0 99.29702281951904
869.0 99.0358829498291
870.0 98.21320176124573
871.0 99.20012354850769
872.0 99.01449680328369
873.0 98.885178565979
874.0 99.35539960861206
875.0 99.25677180290222
876.0 98.69330525398254
877.0 99.46973323822021
878.0 99.05481934547424
879.0 98.64209294319153
880.0 98.15247654914856
881.0 99.63546395301819
882.0 99.09566640853882
883.0 98.581463098526
884.0 99.25189018249512
885.0 99.16774034500122
886.0 98.56806993484497
887.0 98.57395887374878
888.0 98.88986945152283
889.0 99.3141233921051
890.0 97.90655970573425
891.0 99.39516186714172
892.0 98.6827552318573
893.0 98.59798550605774
894.0 97.91746139526367
895.0 99.86733198165894
