lsstcam/transmission_sensor/r30_s12/19700101T000000.ecsv
# %ECSV 0.9
# ---
# datatype:
# - {name: amp_name, datatype: string}
# - {name: wavelength, unit: nm, datatype: float32}
# - {name: efficiency, unit: '%', datatype: float32}
# meta: !!omap
# - {MODE: AMP}
# - {TYPE: QE}
# - {CALIBDATE: '1970-01-01T00:00:00'}
# - {INSTRUME: LSSTCAM}
# - {OBSTYPE: qe_curve}
# - {DETECTOR: 122}
# - {PICKLEFILE: RaftRun11063.p}
# - {CALIB_ID: 'raftName=R30 detectorName=S12 detector=122 calibDate=1970-01-01T00:00:00 ccd=122 ccdnum=122 filter=None'}
# - {DATE: '2020-07-23T19:16:08.174855'}
# - {CALIB_CREATION_DATE: '2020-07-23'}
# - {CALIB_CREATION_TIME: '19:16:08'}
# - __serialized_columns__:
#     efficiency:
#       __class__: astropy.units.quantity.Quantity
#       unit: !astropy.units.Unit {unit: '%'}
#       value: !astropy.table.SerializedColumn {name: efficiency}
#     wavelength:
#       __class__: astropy.units.quantity.Quantity
#       unit: !astropy.units.Unit {unit: nm}
#       value: !astropy.table.SerializedColumn {name: wavelength}
# schema: astropy-2.0
amp_name wavelength efficiency
C16 319.994 42.848263
C16 324.969 48.26662
C16 349.982 72.75512
C16 374.975 79.6364
C16 400.019 85.63224
C16 424.965 87.25846
C16 450.035 88.61256
C16 475.003 90.70215
C16 500.018 92.70591
C16 525.002 94.5068
C16 550.029 95.888824
C16 575.023 97.29779
C16 599.982 98.424065
C16 619.997 98.49437
C16 624.979 98.520996
C16 650.012 98.846664
C16 675.004 99.03344
C16 700.03 98.62942
C16 725.012 98.209015
C16 750.022 98.48751
C16 774.987 98.70007
C16 799.976 97.87839
C16 824.988 96.311165
C16 850.022 94.021065
C16 869.967 91.00708
C16 875.002 89.95694
C16 899.999 82.346344
C16 919.999 74.21864
C16 925.012 71.441185
C16 949.965 58.595936
C16 975.002 43.448597
C16 999.976 26.088232
C16 1025.028 11.086374
C16 1050.014 3.7914956
C16 1075.002 2.0651133
C16 1099.99 1.5903256
C00 319.994 42.42392
C00 324.969 47.79093
C00 349.982 72.490135
C00 374.975 79.870285
C00 400.019 85.87254
C00 424.965 87.434425
C00 450.035 88.7417
C00 475.003 90.79608
C00 500.018 92.77948
C00 525.002 94.58509
C00 550.029 95.97331
C00 575.023 97.402405
C00 599.982 98.54788
C00 619.997 98.64045
C00 624.979 98.6737
C00 650.012 99.02048
C00 675.004 99.21452
C00 700.03 98.76654
C00 725.012 98.189575
C00 750.022 98.24359
C00 774.987 98.22654
C00 799.976 97.28938
C00 824.988 95.692245
C00 850.022 93.273445
C00 869.967 89.97678
C00 875.002 88.884384
C00 899.999 81.51632
C00 919.999 73.35212
C00 925.012 70.53734
C00 949.965 56.710476
C00 975.002 42.204796
C00 999.976 25.633759
C00 1025.028 11.067047
C00 1050.014 3.7509844
C00 1075.002 1.9971449
C00 1099.99 1.5480281
C05 319.994 43.41434
C05 324.969 48.91418
C05 349.982 74.00972
C05 374.975 80.949394
C05 400.019 86.30993
C05 424.965 87.60612
C05 450.035 88.77866
C05 475.003 90.760544
C05 500.018 92.69151
C05 525.002 94.45404
C05 550.029 95.80932
C05 575.023 97.208534
C05 599.982 98.331764
C05 619.997 98.39779
C05 624.979 98.430855
C05 650.012 98.75705
C05 675.004 98.944984
C05 700.03 98.54843
C05 725.012 98.13619
C05 750.022 98.42518
C05 774.987 98.63846
C05 799.976 97.79576
C05 824.988 96.20636
C05 850.022 93.81556
C05 869.967 90.57766
C05 875.002 89.52445
C05 899.999 82.06481
C05 919.999 73.397995
C05 925.012 70.58725
C05 949.965 57.98832
C05 975.002 43.30345
C05 999.976 26.040447
C05 1025.028 10.964639
C05 1050.014 3.6879787
C05 1075.002 2.0123281
C05 1099.99 1.5756978
C11 319.994 41.818535
C11 324.969 47.107353
C11 349.982 71.21775
C11 374.975 78.51427
C11 400.019 85.13401
C11 424.965 87.02571
C11 450.035 88.5082
C11 475.003 90.67017
C11 500.018 92.72394
C11 525.002 94.56942
C11 550.029 95.98467
C11 575.023 97.42217
C11 599.982 98.5817
C11 619.997 98.67482
C11 624.979 98.70343
C11 650.012 99.05363
C11 675.004 99.247536
C11 700.03 98.8078
C11 725.012 98.244896
C11 750.022 98.34041
C11 774.987 98.37035
C11 799.976 97.45743
C11 824.988 95.89977
C11 850.022 93.54014
C11 869.967 90.29871
C11 875.002 89.280876
C11 899.999 82.09161
C11 919.999 73.63172
C11 925.012 70.77369
C11 949.965 57.549545
C11 975.002 43.0862
C11 999.976 26.017252
C11 1025.028 11.104607
C11 1050.014 3.739803
C11 1075.002 2.0232759
C11 1099.99 1.575464
C06 319.994 43.58136
C06 324.969 49.10512
C06 349.982 74.26565
C06 374.975 81.13211
C06 400.019 86.41686
C06 424.965 87.67894
C06 450.035 88.84153
C06 475.003 90.81706
C06 500.018 92.74242
C06 525.002 94.50263
C06 550.029 95.85612
C06 575.023 97.251465
C06 599.982 98.368034
C06 619.997 98.43644
C06 624.979 98.4665
C06 650.012 98.788864
C06 675.004 98.974556
C06 700.03 98.576706
C06 725.012 98.16446
C06 750.022 98.4538
C06 774.987 98.66703
C06 799.976 97.82589
C06 824.988 96.240456
C06 850.022 93.84774
C06 869.967 90.70864
C06 875.002 89.655334
C06 899.999 82.08264
C06 919.999 73.63343
C06 925.012 70.871056
C06 949.965 58.276096
C06 975.002 43.31054
C06 999.976 26.000566
C06 1025.028 10.961699
C06 1050.014 3.7261472
C06 1075.002 2.0377305
C06 1099.99 1.5802424
C17 319.994 43.049946
C17 324.969 48.498013
C17 349.982 73.071014
C17 374.975 79.908104
C17 400.019 85.83528
C17 424.965 87.432785
C17 450.035 88.7775
C17 475.003 90.859764
C17 500.018 92.86377
C17 525.002 94.66344
C17 550.029 96.04352
C17 575.023 97.4504
C17 599.982 98.57448
C17 619.997 98.645226
C17 624.979 98.67387
C17 650.012 98.995224
C17 675.004 99.17618
C17 700.03 98.75664
C17 725.012 98.29545
C17 750.022 98.52158
C17 774.987 98.681274
C17 799.976 97.84399
C17 824.988 96.28551
C17 850.022 94.03933
C17 869.967 91.009705
C17 875.002 89.941475
C17 899.999 82.51315
C17 919.999 74.59528
C17 925.012 71.78119
C17 949.965 58.614098
C17 975.002 43.484585
C17 999.976 26.178385
C17 1025.028 11.209315
C17 1050.014 3.8778331
C17 1075.002 2.0862176
C17 1099.99 1.5948141
C07 319.994 43.813393
C07 324.969 49.369663
C07 349.982 74.590034
C07 374.975 81.35391
C07 400.019 86.6014
C07 424.965 87.85895
C07 450.035 89.02113
C07 475.003 91.00022
C07 500.018 92.93183
C07 525.002 94.694954
C07 550.029 96.04904
C07 575.023 97.43946
C07 599.982 98.55745
C07 619.997 98.621506
C07 624.979 98.64667
C07 650.012 98.95978
C07 675.004 99.14082
C07 700.03 98.727356
C07 725.012 98.27029
C07 750.022 98.5082
C07 774.987 98.660324
C07 799.976 97.80696
C07 824.988 96.217834
C07 850.022 93.83769
C07 869.967 90.75011
C07 875.002 89.64572
C07 899.999 82.15567
C07 919.999 74.131546
C07 925.012 71.16092
C07 949.965 58.44344
C07 975.002 43.400414
C07 999.976 26.134012
C07 1025.028 11.0137005
C07 1050.014 3.8289318
C07 1075.002 2.0654972
C07 1099.99 1.5789144
C03 319.994 42.92996
C03 324.969 48.36926
C03 349.982 73.30352
C03 374.975 80.47346
C03 400.019 86.06083
C03 424.965 87.44145
C03 450.035 88.65502
C03 475.003 90.65348
C03 500.018 92.59866
C03 525.002 94.37563
C03 550.029 95.740555
C03 575.023 97.15262
C03 599.982 98.28422
C03 619.997 98.36466
C03 624.979 98.40038
C03 650.012 98.735725
C03 675.004 98.92988
C03 700.03 98.51946
C03 725.012 98.049225
C03 750.022 98.25804
C03 774.987 98.39578
C03 799.976 97.52635
C03 824.988 95.93569
C03 850.022 93.56316
C03 869.967 90.27663
C03 875.002 89.224174
C03 899.999 81.91864
C03 919.999 73.31026
C03 925.012 70.411224
C03 949.965 57.323326
C03 975.002 42.942295
C03 999.976 26.017721
C03 1025.028 11.064884
C03 1050.014 3.700555
C03 1075.002 1.9932305
C03 1099.99 1.5640036
C02 319.994 42.826473
C02 324.969 48.244556
C02 349.982 73.160805
C02 374.975 80.43277
C02 400.019 86.1357
C02 424.965 87.55566
C02 450.035 88.78456
C02 475.003 90.79522
C02 500.018 92.74554
C02 525.002 94.52966
C02 550.029 95.90589
C02 575.023 97.32218
C02 599.982 98.46086
C02 619.997 98.542625
C02 624.979 98.57476
C02 650.012 98.91713
C02 675.004 99.11288
C02 700.03 98.690155
C02 725.012 98.18084
C02 750.022 98.33636
C02 774.987 98.41753
C02 799.976 97.532745
C02 824.988 95.92746
C02 850.022 93.558685
C02 869.967 90.249855
C02 875.002 89.16648
C02 899.999 81.83195
C02 919.999 73.49252
C02 925.012 70.61772
C02 949.965 57.088844
C02 975.002 42.696995
C02 999.976 25.90372
C02 1025.028 11.077931
C02 1050.014 3.714066
C02 1075.002 1.9902904
C02 1099.99 1.5584481
C01 319.994 42.67721
C01 324.969 48.078785
C01 349.982 72.93954
C01 374.975 80.300186
C01 400.019 86.15894
C01 424.965 87.64769
C01 450.035 88.913345
C01 475.003 90.94341
C01 500.018 92.91251
C01 525.002 94.71098
C01 550.029 96.09198
C01 575.023 97.51748
C01 599.982 98.66423
C01 619.997 98.75348
C01 624.979 98.78657
C01 650.012 99.1312
C01 675.004 99.32776
C01 700.03 98.89537
C01 725.012 98.35042
C01 750.022 98.454575
C01 774.987 98.48314
C01 799.976 97.573105
C01 824.988 95.96366
C01 850.022 93.5672
C01 869.967 90.25354
C01 875.002 89.158714
C01 899.999 81.794395
C01 919.999 73.54734
C01 925.012 70.69731
C01 949.965 56.967255
C01 975.002 42.51675
C01 999.976 25.797813
C01 1025.028 11.066265
C01 1050.014 3.7247968
C01 1075.002 1.9920596
C01 1099.99 1.5532126
C12 319.994 42.059788
C12 324.969 47.381798
C12 349.982 71.606636
C12 374.975 78.817055
C12 400.019 85.25403
C12 424.965 87.06681
C12 450.035 88.50641
C12 475.003 90.648796
C12 500.018 92.683784
C12 525.002 94.51629
C12 550.029 95.92251
C12 575.023 97.35226
C12 599.982 98.50654
C12 619.997 98.59368
C12 624.979 98.623955
C12 650.012 98.96766
C12 675.004 99.16333
C12 700.03 98.731606
C12 725.012 98.20496
C12 750.022 98.34926
C12 774.987 98.42308
C12 799.976 97.54002
C12 824.988 95.97578
C12 850.022 93.61553
C12 869.967 90.43814
C12 875.002 89.41584
C12 899.999 82.0728
C12 919.999 73.60471
C12 925.012 70.78484
C12 949.965 57.819904
C12 975.002 43.24233
C12 999.976 26.03495
C12 1025.028 11.064622
C12 1050.014 3.7147489
C12 1075.002 2.0192792
C12 1099.99 1.5765151
C14 319.994 42.461567
C14 324.969 47.838314
C14 349.982 72.21307
C14 374.975 79.249596
C14 400.019 85.44792
C14 424.965 87.15655
C14 450.035 88.55128
C14 475.003 90.66405
C14 500.018 92.686264
C14 525.002 94.500656
C14 550.029 95.8974
C14 575.023 97.31449
C14 599.982 98.453255
C14 619.997 98.53608
C14 624.979 98.565575
C14 650.012 98.898865
C14 675.004 99.09309
C14 700.03 98.68107
C14 725.012 98.22982
C14 750.022 98.47588
C14 774.987 98.65558
C14 799.976 97.811325
C14 824.988 96.24326
C14 850.022 93.896095
C14 869.967 90.803
C14 875.002 89.77869
C14 899.999 82.20855
C14 919.999 73.76302
C14 925.012 70.997154
C14 949.965 58.311333
C14 975.002 43.447727
C14 999.976 26.043333
C14 1025.028 11.037004
C14 1050.014 3.722996
C14 1075.002 2.034058
C14 1099.99 1.5824541
C15 319.994 42.640675
C15 324.969 48.033558
C15 349.982 72.44871
C15 374.975 79.39361
C15 400.019 85.47196
C15 424.965 87.12808
C15 450.035 88.49911
C15 475.003 90.59403
C15 500.018 92.60316
C15 525.002 94.408516
C15 550.029 95.795525
C15 575.023 97.208046
C15 599.982 98.336754
C15 619.997 98.41251
C15 624.979 98.44086
C15 650.012 98.76761
C15 675.004 98.956215
C15 700.03 98.55268
C15 725.012 98.12761
C15 750.022 98.40792
C15 774.987 98.62076
C15 799.976 97.7935
C15 824.988 96.22753
C15 850.022 93.90737
C15 869.967 90.84849
C15 875.002 89.818565
C15 899.999 82.2143
C15 919.999 73.8571
C15 925.012 71.13182
C15 949.965 58.38922
C15 975.002 43.387268
C15 999.976 26.041143
C15 1025.028 11.049996
C15 1050.014 3.7463627
C15 1075.002 2.04417
C15 1099.99 1.5856209
C04 319.994 43.193287
C04 324.969 48.66771
C04 349.982 73.68463
C04 374.975 80.71404
C04 400.019 86.184456
C04 424.965 87.52203
C04 450.035 88.71598
C04 475.003 90.70845
C04 500.018 92.64631
C04 525.002 94.41502
C04 550.029 95.778786
C04 575.023 97.1791
C04 599.982 98.30768
C04 619.997 98.38072
C04 624.979 98.41415
C04 650.012 98.7463
C04 675.004 98.9358
C04 700.03 98.52979
C04 725.012 98.09385
C04 750.022 98.35112
C04 774.987 98.53076
C04 799.976 97.68215
C04 824.988 96.08629
C04 850.022 93.69793
C04 869.967 90.461006
C04 875.002 89.424736
C04 899.999 81.965416
C04 919.999 73.24378
C04 925.012 70.38886
C04 949.965 57.66411
C04 975.002 43.16932
C04 999.976 26.045073
C04 1025.028 11.018524
C04 1050.014 3.6779172
C04 1075.002 1.9957619
C04 1099.99 1.5680506
C10 319.994 41.578587
C10 324.969 46.834473
C10 349.982 70.783646
C10 374.975 78.11622
C10 400.019 84.93191
C10 424.965 86.923065
C10 450.035 88.458885
C10 475.003 90.656815
C10 500.018 92.732475
C10 525.002 94.59159
C10 550.029 96.02172
C10 575.023 97.4661
C10 599.982 98.62761
C10 619.997 98.71921
C10 624.979 98.75375
C10 650.012 99.10244
C10 675.004 99.29561
C10 700.03 98.84259
C10 725.012 98.24443
C10 750.022 98.288666
C10 774.987 98.26984
C10 799.976 97.33855
C10 824.988 95.781815
C10 850.022 93.403435
C10 869.967 90.176155
C10 875.002 89.15886
C10 899.999 81.95121
C10 919.999 73.54883
C10 925.012 70.72898
C10 949.965 57.45997
C10 975.002 43.03815
C10 999.976 25.991217
C10 1025.028 11.1313925
C10 1050.014 3.7601874
C10 1075.002 2.0254228
C10 1099.99 1.5720571
C13 319.994 42.32551
C13 324.969 47.68243
C13 349.982 72.01686
C13 374.975 79.14987
C13 400.019 85.473045
C13 424.965 87.23095
C13 450.035 88.6525
C13 475.003 90.777245
C13 500.018 92.80895
C13 525.002 94.63304
C13 550.029 96.03779
C13 575.023 97.46304
C13 599.982 98.609856
C13 619.997 98.69493
C13 624.979 98.72268
C13 650.012 99.060234
C13 675.004 99.25389
C13 700.03 98.83418
C13 725.012 98.345894
C13 750.022 98.54256
C13 774.987 98.67472
C13 799.976 97.80512
C13 824.988 96.23634
C13 850.022 93.8713
C13 869.967 90.75986
C13 875.002 89.73408
C13 899.999 82.20256
C13 919.999 73.717995
C13 925.012 70.91627
C13 949.965 58.15426
C13 975.002 43.405518
C13 999.976 26.061789
C13 1025.028 11.054418
C13 1050.014 3.7137327
C13 1075.002 2.0259414
C13 1099.99 1.5799651
