lsstCam/transmission_sensor/r30_s12/19700101T000000.ecsv
# %ECSV 1.0
# ---
# datatype:
# - {name: amp_name, datatype: string}
# - {name: wavelength, unit: nm, datatype: float32}
# - {name: efficiency, unit: '%', datatype: float64}
# meta: !!omap
# - {MODE: AMP}
# - {TYPE: transmission_sensor}
# - {CALIBDATE: '1970-01-01T00:00:00'}
# - {INSTRUME: LSSTCam}
# - {OBSTYPE: transmission_sensor}
# - {DETECTOR: 122}
# - {PARQUETFILE: qe_raft_allvalues_nircorrected_20230725_adjust.parquet}
# - {CORRFILE: qe_corr_factor_bydetnum.parquet}
# - {CALIBCLS: lsst.ip.isr.IntermediateSensorTransmissionCurve}
# - {CALIB_ID: 'raftName=R30 detectorName=S12 detector=122 calibDate=1970-01-01T00:00:00 ccd=122 ccdnum=122 filter=None'}
# - {DATE: '2025-03-03T21:56:48.068490'}
# - {CALIB_CREATION_DATE: '2025-03-03'}
# - {CALIB_CREATION_TIME: '21:56:48'}
# - __serialized_columns__:
#     efficiency:
#       __class__: astropy.units.quantity.Quantity
#       unit: !astropy.units.Unit {unit: '%'}
#       value: !astropy.table.SerializedColumn {name: efficiency}
#     wavelength:
#       __class__: astropy.units.quantity.Quantity
#       unit: !astropy.units.Unit {unit: nm}
#       value: !astropy.table.SerializedColumn {name: wavelength}
# schema: astropy-2.0
amp_name wavelength efficiency
C00 319.994 42.311368392387806
C00 324.969 47.66414165416355
C00 349.982 72.29781779379807
C00 374.975 79.65838798860067
C00 400.019 85.64472220947918
C00 424.965 87.20246053246252
C00 450.035 88.50626618034192
C00 475.003 90.55519819791904
C00 500.018 92.53333465007702
C00 525.002 94.33415499508091
C00 550.029 95.71869376302662
C00 575.023 97.1439947669945
C00 599.982 98.28643309373855
C00 619.997 98.37875495479081
C00 624.979 98.4119156463317
C00 650.012 98.75777450649888
C00 675.004 98.95130572004895
C00 700.03 98.50451143691483
C00 725.012 97.92907680242905
C00 750.022 97.98294961016416
C00 774.987 97.96594315179016
C00 799.976 97.03127276504706
C00 824.988 95.43837254311686
C00 850.022 93.0259893021687
C00 869.967 89.7380740165279
C00 875.002 88.64857257162186
C00 899.999 81.30005527617695
C00 919.999 73.15751518977649
C00 925.012 70.35020165686969
C00 949.965 56.56002219161059
C00 975.002 42.09282589083981
C00 999.976 25.56575180498811
C00 1025.028 11.037686079714934
C00 1050.014 3.7410330132315743
C00 1075.002 0.9334787442393875
C00 1099.99 0.09261890343413351
C01 319.994 42.563988488489706
C01 324.969 47.951231216231555
C01 349.982 72.7460273795083
C01 374.975 80.08714857762007
C01 400.019 85.93036222777974
C01 424.965 87.4151592040189
C01 450.035 88.67745691881993
C01 475.003 90.70213856376262
C01 500.018 92.66601546200879
C01 525.002 94.4597136392104
C01 550.029 95.83704653866387
C01 575.023 97.2587636312697
C01 599.982 98.40247268667079
C01 619.997 98.49148456589187
C01 624.979 98.52448546520644
C01 650.012 98.8682061532022
C01 675.004 99.06424077829816
C01 700.03 98.63299960519376
C01 725.012 98.08949297936005
C01 750.022 98.19337314478372
C01 774.987 98.22186181599278
C01 799.976 97.31424197042178
C01 824.988 95.70906818367847
C01 850.022 93.31896454457329
C01 869.967 90.01409606463395
C01 875.002 88.922174908872
C01 899.999 81.57739370786183
C01 919.999 73.35221821298633
C01 925.012 70.50975039028629
C01 949.965 56.81611967092365
C01 975.002 42.40395276924046
C01 999.976 25.72937143559939
C01 1025.028 11.036906141467355
C01 1050.014 3.714914831165827
C01 1075.002 0.9354830637439057
C01 1099.99 0.0928177701740413
C02 319.994 42.712853970202914
C02 324.969 48.11656290641069
C02 349.982 72.9667080532277
C02 374.975 80.21938044948739
C02 400.019 85.9071771366542
C02 424.965 87.3233699837211
C02 450.035 88.5490144054628
C02 475.003 90.55433836355829
C02 500.018 92.49948152555534
C02 525.002 94.27887449392335
C02 550.029 95.651451672355
C02 575.023 97.0639845165235
C02 599.982 98.19964308737887
C02 619.997 98.2811903868841
C02 624.979 98.31324014199431
C02 650.012 98.65470091136051
C02 675.004 98.84992896617116
C02 700.03 98.42832859072219
C02 725.012 97.9203643215171
C02 750.022 98.07546930921092
C02 774.987 98.15642309473263
C02 799.976 97.27398954769315
C02 824.988 95.67296274968086
C02 850.022 93.31047272911675
C02 869.967 90.01042084342829
C02 875.002 88.92992102727231
C02 899.999 81.61484596205281
C02 919.999 73.29754644411958
C02 925.012 70.430371699567
C02 949.965 56.937386752403064
C02 975.002 42.58371902386501
C02 999.976 25.83499790178227
C02 1025.028 11.048541488519325
C02 1050.014 3.704212556578339
C02 1075.002 0.9343592828072512
C02 1099.99 0.09270626966190278
C03 319.994 42.816064530106715
C03 324.969 48.24093452257315
C03 349.982 73.10904488112216
C03 374.975 80.25996006582231
C03 400.019 85.8325085120349
C03 424.965 87.20946856296027
C03 450.035 88.41981858589581
C03 475.003 90.4129755073291
C03 500.018 92.35299770892986
C03 525.002 94.12525329118833
C03 550.029 95.48655370393305
C03 575.023 96.89487107698783
C03 599.982 98.02346835327
C03 619.997 98.1036992691964
C03 624.979 98.139325326515
C03 650.012 98.47377806538346
C03 675.004 98.66741580708442
C03 700.03 98.25808899644855
C03 725.012 97.78909881216141
C03 750.022 97.99736134714865
C03 774.987 98.13473700687317
C03 799.976 97.2676130769471
C03 824.988 95.68117302645292
C03 850.022 93.31493930230043
C03 869.967 90.03712136353316
C03 875.002 88.98746144705945
C03 899.999 81.7013087748062
C03 919.999 73.11576376378179
C03 925.012 70.22442234728477
C03 949.965 57.171246480218116
C03 975.002 42.828368531534345
C03 999.976 25.948695777683373
C03 1025.028 11.035528884659438
C03 1050.014 3.690737458849082
C03 1075.002 0.9336146561172913
C03 1099.99 0.09263238848579944
C04 319.994 43.078694467815325
C04 324.969 48.53859319904003
C04 349.982 73.48914493264638
C04 374.975 80.49990711654529
C04 400.019 85.95580723753486
C04 424.965 87.28983644365209
C04 450.035 88.48061572343867
C04 475.003 90.46779945926856
C04 500.018 92.40051687337981
C04 525.002 94.16453935140532
C04 550.029 95.52468317279754
C04 575.023 96.92128244925458
C04 599.982 98.04686650069732
C04 619.997 98.11971653759787
C04 624.979 98.15305223967238
C04 650.012 98.48432435232142
C04 675.004 98.6733205103051
C04 700.03 98.2683917904702
C04 725.012 97.83360475177196
C04 750.022 98.09019302149446
C04 774.987 98.26935815298184
C04 799.976 97.42299960332541
C04 824.988 95.83137011005223
C04 850.022 93.44934739210733
C04 869.967 90.22101177942781
C04 875.002 89.18749087781373
C04 899.999 81.74796049574178
C04 919.999 73.04946520816088
C04 925.012 70.20211991798087
C04 949.965 57.51112454562825
C04 975.002 43.05479031167128
C04 999.976 25.975974593464493
C04 1025.028 10.989291862596962
C04 1050.014 3.6681596732980237
C04 1075.002 0.9344986777570735
C04 1099.99 0.09272010030076464
C05 319.994 43.29916208523295
C05 324.969 48.78441071179233
C05 349.982 73.81337096902952
C05 374.975 80.73463428787471
C05 400.019 86.08094737821443
C05 424.965 87.37369692586233
C05 450.035 88.54313252970303
C05 475.003 90.51975476028767
C05 500.018 92.44560110866661
C05 525.002 94.2034525630942
C05 550.029 95.55513500564442
C05 575.023 96.95063856397802
C05 599.982 98.0708885987227
C05 619.997 98.13673821427915
C05 624.979 98.16971628613281
C05 650.012 98.495045649793
C05 675.004 98.68248193128153
C05 700.03 98.28698095280026
C05 725.012 97.87583555444566
C05 750.022 98.16405507582844
C05 774.987 98.37676896569211
C05 799.976 97.53630751010273
C05 824.988 95.9511229699583
C05 850.022 93.56666532285024
C05 869.967 90.33735573850545
C05 875.002 89.28694251582188
C05 899.999 81.84709254929727
C05 919.999 73.20326903058314
C05 925.012 70.39998073994921
C05 949.965 57.83447552934337
C05 975.002 43.188566841726484
C05 999.976 25.971361544073336
C05 1025.028 10.93554936161786
C05 1050.014 3.6781944824401007
C05 1075.002 0.9352020747491466
C05 1099.99 0.0927898907041206
C06 319.994 43.46573787203139
C06 324.969 48.974844999813
C06 349.982 74.06862002771229
C06 374.975 80.91686590827696
C06 400.019 86.1875972755612
C06 424.965 87.44632629730746
C06 450.035 88.60583195565461
C06 475.003 90.57612337041502
C06 500.018 92.49636938171867
C06 525.002 94.25191526259489
C06 550.029 95.6018095540409
C06 575.023 96.99345527148161
C06 599.982 98.10706251510302
C06 619.997 98.17528618659355
C06 624.979 98.20526625191506
C06 650.012 98.52677582045054
C06 675.004 98.7119750107704
C06 700.03 98.31518047617121
C06 725.012 97.90402746866296
C06 750.022 98.19259701111295
C06 774.987 98.40526524605481
C06 799.976 97.56635605780696
C06 824.988 95.98512827755268
C06 850.022 93.59876073288224
C06 869.967 90.46798968810943
C06 875.002 89.41747754642861
C06 899.999 81.86487514134203
C06 919.999 73.43807990260257
C06 925.012 70.6830336460139
C06 949.965 58.12148899987503
C06 975.002 43.1956357454533
C06 999.976 25.931586595735297
C06 1025.028 10.932616984035809
C06 1050.014 3.7162616513592046
C06 1075.002 0.9354739915534136
C06 1099.99 0.09281687003963512
C07 319.994 43.69715506152964
C07 324.969 49.23868479294956
C07 349.982 74.39214602196101
C07 374.975 81.13807922275082
C07 400.019 86.3716474836822
C07 424.965 87.62585666816932
C07 450.035 88.78495904137382
C07 475.003 90.75879632172808
C07 500.018 92.68528183901236
C07 525.002 94.44372680742349
C07 550.029 95.79422222200665
C07 575.023 97.18095242619921
C07 599.982 98.29597497239672
C07 619.997 98.35986142631535
C07 624.979 98.38495641500326
C07 650.012 98.6972360801796
C07 675.004 98.87780129593581
C07 700.03 98.46543082384596
C07 725.012 98.00957403873268
C07 750.022 98.24685788568344
C07 774.987 98.39857680000974
C07 799.976 97.54747774763877
C07 824.988 95.9625671370252
C07 850.022 93.58873947754508
C07 869.967 90.50934543811512
C07 875.002 89.40789001284864
C07 899.999 81.9377099599353
C07 919.999 73.93487393427162
C07 925.012 70.97212822006469
C07 949.965 58.28838817570295
C07 975.002 43.28527157527244
C07 999.976 26.064678301963355
C07 1025.028 10.984480975211296
C07 1050.014 3.8187735958449
C07 1075.002 0.9359914332876736
C07 1099.99 0.09286821013314446
C10 319.994 41.46827797421757
C10 324.969 46.71022010872417
C10 349.982 70.59585557281883
C10 374.975 77.90897508555418
C10 400.019 84.70658204867858
C10 424.965 86.69245701008327
C10 450.035 88.22420246424977
C10 475.003 90.41630070746754
C10 500.018 92.4864546545324
C10 525.002 94.34063799397784
C10 550.029 95.76697384284006
C10 575.023 97.20752359069229
C10 599.982 98.36594874922328
C10 619.997 98.4573042477639
C10 624.979 98.49175849542273
C10 650.012 98.83951964399861
C10 675.004 99.03217580488068
C10 700.03 98.58035948034751
C10 725.012 97.983786617064
C10 750.022 98.02790448983916
C10 774.987 98.00912509866822
C10 799.976 97.08030615107037
C10 824.988 95.5277040067906
C10 850.022 93.15563406180014
C10 869.967 89.93691641931514
C10 875.002 88.92231948279105
C10 899.999 81.73379225167359
C10 919.999 73.35370199794514
C10 925.012 70.54133598702477
C10 949.965 57.3075264218192
C10 975.002 42.92396993780324
C10 999.976 25.922261577955727
C10 1025.028 11.101860730327486
C10 1050.014 3.750211554803674
C10 1075.002 0.9339070273837533
C10 1099.99 0.09266139729426183
C11 319.994 41.70758966061203
C11 324.969 46.98237670678368
C11 349.982 71.02880880549107
C11 374.975 78.30596745814786
C11 400.019 84.90814852846712
C11 424.965 86.79483056308723
C11 450.035 88.27338803334578
C11 475.003 90.42962433548226
C11 500.018 92.47794001161495
C11 525.002 94.31852579351482
C11 550.029 95.73002379278898
C11 575.023 97.16371008406253
C11 599.982 98.32016447180207
C11 619.997 98.41303419191604
C11 624.979 98.44156851804692
C11 650.012 98.79083627904252
C11 675.004 98.98423052782717
C11 700.03 98.54566173977237
C11 725.012 97.98425077543573
C11 750.022 98.07950976979106
C11 774.987 98.10937569780803
C11 799.976 97.1988719830094
C11 824.988 95.64534913113981
C11 850.022 93.2919748766303
C11 869.967 90.05914986330619
C11 875.002 89.04401267687403
C11 899.999 81.87382350601668
C11 919.999 73.43637545218834
C11 925.012 70.58592562732528
C11 949.965 57.39686549464657
C11 975.002 42.971892387395854
C11 999.976 25.948227814734828
C11 1025.028 11.075145943059551
C11 1050.014 3.7298813230075245
C11 1075.002 0.9343982868095997
C11 1099.99 0.09271013960318354
C12 319.994 41.94820251227806
C12 324.969 47.25609318133834
C12 349.982 71.41666258456925
C12 374.975 78.6079519384562
C12 400.019 85.02784812429775
C12 424.965 86.83582107371844
C12 450.035 88.27159988224157
C12 475.003 90.40830348699727
C12 500.018 92.43789303603445
C12 525.002 94.26553564760137
C12 550.029 95.6680244089718
C12 575.023 97.09397980015228
C12 599.982 98.24519909019102
C12 619.997 98.33211084300886
C12 624.979 98.36230396463216
C12 650.012 98.70509633588445
C12 675.004 98.90024829915876
C12 700.03 98.46966912242061
C12 725.012 97.94442446531065
C12 750.022 98.08833638800753
C12 774.987 98.16196255857884
C12 799.976 97.28124868026084
C12 824.988 95.72115151965069
C12 850.022 93.3671685328504
C12 869.967 90.19820714598401
C12 875.002 89.17861860467544
C12 899.999 81.85505933315301
C12 919.999 73.40943904832079
C12 925.012 70.59705020993951
C12 949.965 57.66650726742975
C12 975.002 43.12760610738047
C12 999.976 25.965879148879388
C12 1025.028 11.03526732000324
C12 1050.014 3.7048935758286623
C12 1075.002 0.9344819420936655
C12 1099.99 0.09271843980361603
C13 319.994 42.213217919651214
C13 324.969 47.55592807574481
C13 349.982 71.82579916636426
C13 374.975 78.93988604747149
C13 400.019 85.24628409769485
C13 424.965 86.9995244050197
C13 450.035 88.41729995604267
C13 475.003 90.53641119759446
C13 500.018 92.56272881056864
C13 525.002 94.38197852567626
C13 550.029 95.78299872039517
C13 575.023 97.20447232008469
C13 599.982 98.34824224871485
C13 619.997 98.43309192089764
C13 624.979 98.46076641266778
C13 650.012 98.79742580609035
C13 675.004 98.99056895280503
C13 700.03 98.57197419304185
C13 725.012 98.08498075125455
C13 750.022 98.28112190450139
C13 774.987 98.41293527291879
C13 799.976 97.54564394161275
C13 824.988 95.98102694374347
C13 850.022 93.62225779930682
C13 869.967 90.51906993646053
C13 875.002 89.49601162109442
C13 899.999 81.98447581817541
C13 919.999 73.5224197614918
C13 925.012 70.72812549045432
C13 949.965 57.99997462090247
C13 975.002 43.29036209905419
C13 999.976 25.99264624907856
C13 1025.028 11.025090077016559
C13 1050.014 3.7038801316789143
C13 1075.002 0.9363180951962634
C13 1099.99 0.0929006212276166
C14 319.994 42.348915760999226
C14 324.969 47.71139830281311
C14 349.982 72.02149137954665
C14 374.975 79.03934529463328
C14 400.019 85.22122715477512
C14 424.965 86.92531993877215
C14 450.035 88.31634931476843
C14 475.003 90.42351418511343
C14 500.018 92.4403660109658
C14 525.002 94.24994449180346
C14 550.029 95.64298268435935
C14 575.023 97.05631448965953
C14 599.982 98.19205676120488
C14 619.997 98.27466173306536
C14 624.979 98.30407872101789
C14 650.012 98.63648459755855
C14 675.004 98.83019082164223
C14 700.03 98.41926608874303
C14 725.012 97.96921508785316
C14 750.022 98.214625510886
C14 774.987 98.39384390644882
C14 799.976 97.55183018351792
C14 824.988 95.98792844609032
C14 850.022 93.64698754862025
C14 869.967 90.56209970026589
C14 875.002 89.5405023423977
C14 899.999 81.9904490037788
C14 919.999 73.56732898624499
C14 925.012 70.80879773729154
C14 949.965 58.15663187593782
C14 975.002 43.33245974153928
C14 999.976 25.974239706435736
C14 1025.028 11.007723134989101
C14 1050.014 3.7131188331219396
C14 1075.002 0.9356841723806834
C14 1099.99 0.09283772398822768
C15 319.994 42.52754825173216
C15 324.969 47.906124153483866
C15 349.982 72.25650008956057
C15 374.975 79.18297567864568
C15 400.019 85.2452035978787
C15 424.965 86.89693018656033
C15 450.035 88.26431792221298
C15 475.003 90.35368498220595
C15 500.018 92.35747950042082
C15 525.002 94.15804874335475
C15 550.029 95.54137765587251
C15 575.023 96.95015157814538
C15 599.982 98.07586498519993
C15 619.997 98.15142388079451
C15 624.979 98.17969188654816
C15 650.012 98.50557671842371
C15 675.004 98.6936826054321
C15 700.03 98.29121925137491
C15 725.012 97.86727525660639
C15 750.022 98.1468431703063
C15 774.987 98.35911572925913
C15 799.976 97.5340552006268
C15 824.988 95.97223837129516
C15 850.022 93.65823387769264
C15 869.967 90.60746547423717
C15 875.002 89.58027538844732
C15 899.999 81.99618630561952
C15 919.999 73.66115745971696
C15 925.012 70.94310690810119
C15 949.965 58.234313725396525
C15 975.002 43.2721610035595
C15 999.976 25.97205587934252
C15 1025.028 11.020680572485134
C15 1050.014 3.736423530631182
C15 1075.002 0.9350381269147464
C15 1099.99 0.09277362395060719
C16 319.994 42.73458571298419
C16 324.969 48.138568578722825
C16 349.982 72.56209891784547
C16 374.975 79.42512177476912
C16 400.019 85.4050566974407
C16 424.965 87.02696301302716
C16 450.035 88.37746603676396
C16 475.003 90.46151429836613
C16 500.018 92.45995958157567
C16 525.002 94.25606986047956
C16 550.029 95.63442999567373
C16 575.023 97.03965805235273
C16 599.982 98.16294413939774
C16 619.997 98.23306249014335
C16 624.979 98.25961843632916
C16 650.012 98.58442276838855
C16 675.004 98.77070245852457
C16 700.03 98.36775211863474
C16 725.012 97.94846492589079
C16 750.022 98.22622186102558
C16 774.987 98.43822049044756
C16 799.976 97.6187146439687
C16 824.988 96.05564991344094
C16 850.022 93.77162548515993
C16 869.967 90.76563695084586
C16 875.002 89.71828260792353
C16 899.999 82.12787792757875
C16 919.999 74.02174003216766
C16 925.012 71.25165047884279
C16 949.965 58.44047993855735
C16 975.002 43.33332718505366
C16 999.976 26.01901957557713
C16 1025.028 11.056961968160547
C16 1050.014 3.7814366678886953
C16 1075.002 0.9357943709793095
C16 1099.99 0.092848657791946
C17 319.994 42.9357336893228
C17 324.969 48.36934659931574
C17 349.982 72.87715592409855
C17 374.975 79.69610656316887
C17 400.019 85.60755910312633
C17 424.965 87.20082456443102
C17 450.035 88.54196832919689
C17 475.003 90.61871180330955
C17 500.018 92.61740057943541
C17 525.002 94.41229339375771
C17 550.029 95.78871319477497
C17 575.023 97.19186395251165
C17 599.982 98.31295860330982
C17 619.997 98.38351828496626
C17 624.979 98.41208304771168
C17 650.012 98.73258820796735
C17 675.004 98.91306211387993
C17 700.03 98.49463475549672
C17 725.012 98.03466902742058
C17 750.022 98.26020434115905
C17 774.987 98.41947153589116
C17 799.976 97.58440497022895
C17 824.988 96.03006032976677
C17 850.022 93.78984179896189
C17 869.967 90.76825449969627
C17 875.002 89.70285885350557
C17 899.999 82.29424446265223
C17 919.999 74.39738111966182
C17 925.012 71.59075241058216
C17 949.965 58.45859352878524
C17 975.002 43.369219562749485
C17 999.976 26.10893313950394
C17 1025.028 11.179576820977548
C17 1050.014 3.867545179425952
C17 1075.002 0.9361185711997181
C17 1099.99 0.09288082463997831
