lsstCam/transmission_sensor/r30_s12/19700101T000000.ecsv
# %ECSV 1.0
# ---
# datatype:
# - {name: amp_name, datatype: string}
# - {name: wavelength, unit: nm, datatype: float32}
# - {name: efficiency, unit: '%', datatype: float64}
# meta: !!omap
# - {MODE: AMP}
# - {TYPE: transmission_sensor}
# - {CALIBDATE: '1970-01-01T00:00:00'}
# - {INSTRUME: LSSTCAM}
# - {OBSTYPE: transmission_sensor}
# - {DETECTOR: 122}
# - {PARQUETFILE: qe_raft_allvalues_nircorrected_20230725.parquet}
# - {CALIBCLS: lsst.ip.isr.IntermediateSensorTransmissionCurve}
# - {CALIB_ID: 'raftName=R30 detectorName=S12 detector=122 calibDate=1970-01-01T00:00:00 ccd=122 ccdnum=122 filter=None'}
# - {DATE: '2024-01-18T22:42:25.408363'}
# - {CALIB_CREATION_DATE: '2024-01-18'}
# - {CALIB_CREATION_TIME: '22:42:25'}
# - __serialized_columns__:
#     efficiency:
#       __class__: astropy.units.quantity.Quantity
#       unit: !astropy.units.Unit {unit: '%'}
#       value: !astropy.table.SerializedColumn {name: efficiency}
#     wavelength:
#       __class__: astropy.units.quantity.Quantity
#       unit: !astropy.units.Unit {unit: nm}
#       value: !astropy.table.SerializedColumn {name: wavelength}
# schema: astropy-2.0
amp_name wavelength efficiency
C00 319.994 42.423919677734375
C00 324.969 47.790931701660156
C00 349.982 72.4901351928711
C00 374.975 79.87028503417969
C00 400.019 85.87254333496094
C00 424.965 87.4344253540039
C00 450.035 88.74169921875
C00 475.003 90.79608154296875
C00 500.018 92.77947998046875
C00 525.002 94.58509063720703
C00 550.029 95.97331237792969
C00 575.023 97.40240478515625
C00 599.982 98.54788208007812
C00 619.997 98.64044952392578
C00 624.979 98.67369842529297
C00 650.012 99.02047729492188
C00 675.004 99.21452331542969
C00 700.03 98.76654052734375
C00 725.012 98.1895751953125
C00 750.022 98.24359130859375
C00 774.987 98.2265396118164
C00 799.976 97.28938293457031
C00 824.988 95.69224548339844
C00 850.022 93.27344512939453
C00 869.967 89.9767837524414
C00 875.002 88.88438415527344
C00 899.999 81.51631927490234
C00 919.999 73.35211944580078
C00 925.012 70.53733825683594
C00 949.965 56.71047592163086
C00 975.002 42.204795837402344
C00 999.976 25.633758544921875
C00 1025.028 11.067047119140625
C00 1050.014 3.7509844303131104
C00 1075.002 0.9359618648875665
C00 1099.99 0.09286527638364976
C01 319.994 42.67721176147461
C01 324.969 48.07878494262695
C01 349.982 72.93953704833984
C01 374.975 80.30018615722656
C01 400.019 86.15894317626953
C01 424.965 87.64768981933594
C01 450.035 88.91334533691406
C01 475.003 90.94341278076172
C01 500.018 92.91251373291016
C01 525.002 94.71098327636719
C01 550.029 96.09197998046875
C01 575.023 97.5174789428711
C01 599.982 98.66423034667969
C01 619.997 98.75347900390625
C01 624.979 98.78656768798828
C01 650.012 99.1312026977539
C01 675.004 99.3277587890625
C01 700.03 98.89537048339844
C01 725.012 98.35041809082031
C01 750.022 98.45457458496094
C01 774.987 98.48313903808594
C01 799.976 97.57310485839844
C01 824.988 95.96366119384766
C01 850.022 93.56719970703125
C01 869.967 90.2535400390625
C01 875.002 89.1587142944336
C01 899.999 81.79439544677734
C01 919.999 73.5473403930664
C01 925.012 70.69731140136719
C01 949.965 56.967254638671875
C01 975.002 42.51675033569336
C01 999.976 25.797813415527344
C01 1025.028 11.066265106201172
C01 1050.014 3.724796772003174
C01 1075.002 0.9379715160262305
C01 1099.99 0.09306467212339944
C02 319.994 42.826473236083984
C02 324.969 48.24455642700195
C02 349.982 73.16080474853516
C02 374.975 80.43276977539062
C02 400.019 86.13569641113281
C02 424.965 87.55565643310547
C02 450.035 88.78456115722656
C02 475.003 90.79521942138672
C02 500.018 92.74553680419922
C02 525.002 94.5296630859375
C02 550.029 95.90589141845703
C02 575.023 97.32218170166016
C02 599.982 98.46086120605469
C02 619.997 98.5426254272461
C02 624.979 98.57476043701172
C02 650.012 98.91712951660156
C02 675.004 99.11287689208984
C02 700.03 98.69015502929688
C02 725.012 98.18083953857422
C02 750.022 98.33635711669922
C02 774.987 98.41752624511719
C02 799.976 97.53274536132812
C02 824.988 95.92745971679688
C02 850.022 93.55868530273438
C02 869.967 90.2498550415039
C02 875.002 89.1664810180664
C02 899.999 81.83194732666016
C02 919.999 73.49252319335938
C02 925.012 70.61772155761719
C02 949.965 57.088844299316406
C02 975.002 42.69699478149414
C02 999.976 25.90372085571289
C02 1025.028 11.07793140411377
C02 1050.014 3.7140660285949707
C02 1075.002 0.9368447457513988
C02 1099.99 0.09295287501187321
C03 319.994 42.92995834350586
C03 324.969 48.369258880615234
C03 349.982 73.30352020263672
C03 374.975 80.47345733642578
C03 400.019 86.06082916259766
C03 424.965 87.44145202636719
C03 450.035 88.65502166748047
C03 475.003 90.65348052978516
C03 500.018 92.59866333007812
C03 525.002 94.3756332397461
C03 550.029 95.74055480957031
C03 575.023 97.15261840820312
C03 599.982 98.28421783447266
C03 619.997 98.36466217041016
C03 624.979 98.40038299560547
C03 650.012 98.73572540283203
C03 675.004 98.92987823486328
C03 700.03 98.51946258544922
C03 725.012 98.04922485351562
C03 750.022 98.25804138183594
C03 774.987 98.39578247070312
C03 799.976 97.52635192871094
C03 824.988 95.9356918334961
C03 850.022 93.56316375732422
C03 869.967 90.27662658691406
C03 875.002 89.22417449951172
C03 899.999 81.91864013671875
C03 919.999 73.31025695800781
C03 925.012 70.41122436523438
C03 949.965 57.323326110839844
C03 975.002 42.94229507446289
C03 999.976 26.01772117614746
C03 1025.028 11.064884185791016
C03 1050.014 3.7005550861358643
C03 1075.002 0.936098138300848
C03 1099.99 0.09287879730652374
C04 319.994 43.19328689575195
C04 324.969 48.66770935058594
C04 349.982 73.68463134765625
C04 374.975 80.71404266357422
C04 400.019 86.18445587158203
C04 424.965 87.52203369140625
C04 450.035 88.71598052978516
C04 475.003 90.70845031738281
C04 500.018 92.64630889892578
C04 525.002 94.41502380371094
C04 550.029 95.7787857055664
C04 575.023 97.1791000366211
C04 599.982 98.30767822265625
C04 619.997 98.38072204589844
C04 624.979 98.41414642333984
C04 650.012 98.74629974365234
C04 675.004 98.93579864501953
C04 700.03 98.52979278564453
C04 725.012 98.0938491821289
C04 750.022 98.35111999511719
C04 774.987 98.53076171875
C04 799.976 97.6821517944336
C04 824.988 96.08628845214844
C04 850.022 93.69792938232422
C04 869.967 90.46100616455078
C04 875.002 89.42473602294922
C04 899.999 81.96541595458984
C04 919.999 73.24378204345703
C04 925.012 70.38886260986328
C04 949.965 57.66410827636719
C04 975.002 43.16931915283203
C04 999.976 26.045072555541992
C04 1025.028 11.018524169921875
C04 1050.014 3.677917242050171
C04 1075.002 0.9369845115018207
C04 1099.99 0.09296674244122992
C05 319.994 43.41434097290039
C05 324.969 48.914180755615234
C05 349.982 74.00971984863281
C05 374.975 80.94939422607422
C05 400.019 86.30992889404297
C05 424.965 87.60611724853516
C05 450.035 88.7786636352539
C05 475.003 90.76054382324219
C05 500.018 92.69151306152344
C05 525.002 94.45404052734375
C05 550.029 95.80931854248047
C05 575.023 97.20853424072266
C05 599.982 98.3317642211914
C05 619.997 98.39778900146484
C05 624.979 98.43085479736328
C05 650.012 98.75704956054688
C05 675.004 98.94498443603516
C05 700.03 98.54843139648438
C05 725.012 98.13619232177734
C05 750.022 98.42517852783203
C05 774.987 98.63845825195312
C05 799.976 97.79576110839844
C05 824.988 96.20635986328125
C05 850.022 93.81555938720703
C05 869.967 90.5776596069336
C05 875.002 89.52445220947266
C05 899.999 82.06481170654297
C05 919.999 73.39799499511719
C05 925.012 70.58724975585938
C05 949.965 57.988319396972656
C05 975.002 43.30345153808594
C05 999.976 26.040447235107422
C05 1025.028 10.964638710021973
C05 1050.014 3.687978744506836
C05 1075.002 0.9376897795805208
C05 1099.99 0.09303671849208207
C06 319.994 43.58135986328125
C06 324.969 49.10512161254883
C06 349.982 74.2656478881836
C06 374.975 81.13211059570312
C06 400.019 86.41686248779297
C06 424.965 87.67893981933594
C06 450.035 88.8415298461914
C06 475.003 90.81706237792969
C06 500.018 92.74241638183594
C06 525.002 94.50263214111328
C06 550.029 95.85611724853516
C06 575.023 97.25146484375
C06 599.982 98.36803436279297
C06 619.997 98.43643951416016
C06 624.979 98.46649932861328
C06 650.012 98.78886413574219
C06 675.004 98.97455596923828
C06 700.03 98.57670593261719
C06 725.012 98.16445922851562
C06 750.022 98.45379638671875
C06 774.987 98.66703033447266
C06 799.976 97.82588958740234
C06 824.988 96.2404556274414
C06 850.022 93.84774017333984
C06 869.967 90.7086410522461
C06 875.002 89.65533447265625
C06 899.999 82.0826416015625
C06 919.999 73.63343048095703
C06 925.012 70.87105560302734
C06 949.965 58.27609634399414
C06 975.002 43.31053924560547
C06 999.976 26.000566482543945
C06 1025.028 10.961698532104492
C06 1050.014 3.726147174835205
C06 1075.002 0.9379624197030587
C06 1099.99 0.09306376959457095
C07 319.994 43.813392639160156
C07 324.969 49.36966323852539
C07 349.982 74.59003448486328
C07 374.975 81.35391235351562
C07 400.019 86.60140228271484
C07 424.965 87.85894775390625
C07 450.035 89.02113342285156
C07 475.003 91.0002212524414
C07 500.018 92.93183135986328
C07 525.002 94.69495391845703
C07 550.029 96.04904174804688
C07 575.023 97.43946075439453
C07 599.982 98.55744934082031
C07 619.997 98.62150573730469
C07 624.979 98.64666748046875
C07 650.012 98.95977783203125
C07 675.004 99.14082336425781
C07 700.03 98.72735595703125
C07 725.012 98.2702865600586
C07 750.022 98.5082015991211
C07 774.987 98.66032409667969
C07 799.976 97.80696105957031
C07 824.988 96.21783447265625
C07 850.022 93.83769226074219
C07 869.967 90.75010681152344
C07 875.002 89.64572143554688
C07 899.999 82.15567016601562
C07 919.999 74.13154602050781
C07 925.012 71.16091918945312
C07 949.965 58.44343948364258
C07 975.002 43.400413513183594
C07 999.976 26.13401222229004
C07 1025.028 11.013700485229492
C07 1050.014 3.8289318084716797
C07 1075.002 0.9384812378695755
C07 1099.99 0.0931152462564243
C10 319.994 41.57858657836914
C10 324.969 46.83447265625
C10 349.982 70.78364562988281
C10 374.975 78.11621856689453
C10 400.019 84.9319076538086
C10 424.965 86.92306518554688
C10 450.035 88.4588851928711
C10 475.003 90.65681457519531
C10 500.018 92.73247528076172
C10 525.002 94.59159088134766
C10 550.029 96.02172088623047
C10 575.023 97.46610260009766
C10 599.982 98.62760925292969
C10 619.997 98.71920776367188
C10 624.979 98.75375366210938
C10 650.012 99.1024398803711
C10 675.004 99.29560852050781
C10 700.03 98.84259033203125
C10 725.012 98.24443054199219
C10 750.022 98.28866577148438
C10 774.987 98.26983642578125
C10 799.976 97.33854675292969
C10 824.988 95.78181457519531
C10 850.022 93.40343475341797
C10 869.967 90.17615509033203
C10 875.002 89.15885925292969
C10 899.999 81.95121002197266
C10 919.999 73.548828125
C10 925.012 70.7289810180664
C10 949.965 57.45996856689453
C10 975.002 43.038150787353516
C10 999.976 25.9912166595459
C10 1025.028 11.131392478942871
C10 1050.014 3.7601873874664307
C10 1075.002 0.9363912872959226
C10 1099.99 0.09290788328050459
C11 319.994 41.81853485107422
C11 324.969 47.10735321044922
C11 349.982 71.2177505493164
C11 374.975 78.51426696777344
C11 400.019 85.1340103149414
C11 424.965 87.02571105957031
C11 450.035 88.5082015991211
C11 475.003 90.67017364501953
C11 500.018 92.72393798828125
C11 525.002 94.56941986083984
C11 550.029 95.98467254638672
C11 575.023 97.42217254638672
C11 599.982 98.58170318603516
C11 619.997 98.67481994628906
C11 624.979 98.70343017578125
C11 650.012 99.05362701416016
C11 675.004 99.2475357055664
C11 700.03 98.80780029296875
C11 725.012 98.2448959350586
C11 750.022 98.34040832519531
C11 774.987 98.37035369873047
C11 799.976 97.45742797851562
C11 824.988 95.89977264404297
C11 850.022 93.5401382446289
C11 869.967 90.29871368408203
C11 875.002 89.28087615966797
C11 899.999 82.09161376953125
C11 919.999 73.63172149658203
C11 925.012 70.77368927001953
C11 949.965 57.54954528808594
C11 975.002 43.08620071411133
C11 999.976 26.01725196838379
C11 1025.028 11.104606628417969
C11 1050.014 3.7398030757904053
C11 1075.002 0.9368838535072008
C11 1099.99 0.09295675524747633
C12 319.994 42.05978775024414
C12 324.969 47.381797790527344
C12 349.982 71.60663604736328
C12 374.975 78.81705474853516
C12 400.019 85.2540283203125
C12 424.965 87.06681060791016
C12 450.035 88.50640869140625
C12 475.003 90.64879608154297
C12 500.018 92.68378448486328
C12 525.002 94.51628875732422
C12 550.029 95.9225082397461
C12 575.023 97.35225677490234
C12 599.982 98.50653839111328
C12 619.997 98.59368133544922
C12 624.979 98.62395477294922
C12 650.012 98.96765899658203
C12 675.004 99.163330078125
C12 700.03 98.73160552978516
C12 725.012 98.20496368408203
C12 750.022 98.34925842285156
C12 774.987 98.42308044433594
C12 799.976 97.54002380371094
C12 824.988 95.97577667236328
C12 850.022 93.61553192138672
C12 869.967 90.43814086914062
C12 875.002 89.41584014892578
C12 899.999 82.07279968261719
C12 919.999 73.6047134399414
C12 925.012 70.78484344482422
C12 949.965 57.81990432739258
C12 975.002 43.24232864379883
C12 999.976 26.034950256347656
C12 1025.028 11.064621925354004
C12 1050.014 3.7147488594055176
C12 1075.002 0.9369677313203435
C12 1099.99 0.09296507752703939
C13 319.994 42.32550811767578
C13 324.969 47.682430267333984
C13 349.982 72.01686096191406
C13 374.975 79.14987182617188
C13 400.019 85.4730453491211
C13 424.965 87.23094940185547
C13 450.035 88.65249633789062
C13 475.003 90.7772445678711
C13 500.018 92.80895233154297
C13 525.002 94.63304138183594
C13 550.029 96.03778839111328
C13 575.023 97.46304321289062
C13 599.982 98.60985565185547
C13 619.997 98.69493103027344
C13 624.979 98.7226791381836
C13 650.012 99.06023406982422
C13 675.004 99.25389099121094
C13 700.03 98.83418273925781
C13 725.012 98.34589385986328
C13 750.022 98.54255676269531
C13 774.987 98.67472076416016
C13 799.976 97.80512237548828
C13 824.988 96.23634338378906
C13 850.022 93.87129974365234
C13 869.967 90.75985717773438
C13 875.002 89.73407745361328
C13 899.999 82.20256042480469
C13 919.999 73.7179946899414
C13 925.012 70.91626739501953
C13 949.965 58.154258728027344
C13 975.002 43.405517578125
C13 999.976 26.06178855895996
C13 1025.028 11.054417610168457
C13 1050.014 3.7137327194213867
C13 1075.002 0.9388087687223541
C13 1099.99 0.09314774356674058
C14 319.994 42.46156692504883
C14 324.969 47.838314056396484
C14 349.982 72.21307373046875
C14 374.975 79.24959564208984
C14 400.019 85.44792175292969
C14 424.965 87.15654754638672
C14 450.035 88.55127716064453
C14 475.003 90.66404724121094
C14 500.018 92.68626403808594
C14 525.002 94.50065612792969
C14 550.029 95.89739990234375
C14 575.023 97.31449127197266
C14 599.982 98.45325469970703
C14 619.997 98.53607940673828
C14 624.979 98.5655746459961
C14 650.012 98.89886474609375
C14 675.004 99.09308624267578
C14 700.03 98.68106842041016
C14 725.012 98.22982025146484
C14 750.022 98.47588348388672
C14 774.987 98.65557861328125
C14 799.976 97.81132507324219
C14 824.988 96.2432632446289
C14 850.022 93.8960952758789
C14 869.967 90.8030014038086
C14 875.002 89.7786865234375
C14 899.999 82.20854949951172
C14 919.999 73.76302337646484
C14 925.012 70.99715423583984
C14 949.965 58.31133270263672
C14 975.002 43.44772720336914
C14 999.976 26.043333053588867
C14 1025.028 11.037004470825195
C14 1050.014 3.7229959964752197
C14 1075.002 0.9381731596264571
C14 1099.99 0.09308467901616775
C15 319.994 42.64067459106445
C15 324.969 48.0335578918457
C15 349.982 72.4487075805664
C15 374.975 79.39360809326172
C15 400.019 85.47196197509766
C15 424.965 87.12808227539062
C15 450.035 88.49910736083984
C15 475.003 90.59403228759766
C15 500.018 92.60315704345703
C15 525.002 94.40851593017578
C15 550.029 95.79552459716797
C15 575.023 97.20804595947266
C15 599.982 98.33675384521484
C15 619.997 98.41251373291016
C15 624.979 98.44085693359375
C15 650.012 98.76760864257812
C15 675.004 98.95621490478516
C15 700.03 98.55268096923828
C15 725.012 98.12760925292969
C15 750.022 98.40792083740234
C15 774.987 98.62075805664062
C15 799.976 97.79350280761719
C15 824.988 96.22753143310547
C15 850.022 93.9073715209961
C15 869.967 90.8484878540039
C15 875.002 89.81856536865234
C15 899.999 82.21430206298828
C15 919.999 73.85710144042969
C15 925.012 71.13182067871094
C15 949.965 58.38922119140625
C15 975.002 43.38726806640625
C15 999.976 26.0411434173584
C15 1025.028 11.049996376037598
C15 1050.014 3.7463626861572266
C15 1075.002 0.9375253956330807
C15 1099.99 0.0930204084678335
C16 319.994 42.848262786865234
C16 324.969 48.26662063598633
C16 349.982 72.75511932373047
C16 374.975 79.63639831542969
C16 400.019 85.63224029541016
C16 424.965 87.25846099853516
C16 450.035 88.61255645751953
C16 475.003 90.7021484375
C16 500.018 92.7059097290039
C16 525.002 94.50679779052734
C16 550.029 95.88882446289062
C16 575.023 97.29779052734375
C16 599.982 98.42406463623047
C16 619.997 98.49436950683594
C16 624.979 98.52099609375
C16 650.012 98.84666442871094
C16 675.004 99.03343963623047
C16 700.03 98.6294174194336
C16 725.012 98.20901489257812
C16 750.022 98.48751068115234
C16 774.987 98.7000732421875
C16 799.976 97.87838745117188
C16 824.988 96.31116485595703
C16 850.022 94.02106475830078
C16 869.967 91.007080078125
C16 875.002 89.95693969726562
C16 899.999 82.34634399414062
C16 919.999 74.21864318847656
C16 925.012 71.4411849975586
C16 949.965 58.5959358215332
C16 975.002 43.4485969543457
C16 999.976 26.088232040405273
C16 1025.028 11.086374282836914
C16 1050.014 3.7914955615997314
C16 1075.002 0.9382836513612873
C16 1099.99 0.09309564190459094
C17 319.994 43.04994583129883
C17 324.969 48.49801254272461
C17 349.982 73.07101440429688
C17 374.975 79.9081039428711
C17 400.019 85.83528137207031
C17 424.965 87.43278503417969
C17 450.035 88.77749633789062
C17 475.003 90.8597640991211
C17 500.018 92.86376953125
C17 525.002 94.66343688964844
C17 550.029 96.04351806640625
C17 575.023 97.45040130615234
C17 599.982 98.57447814941406
C17 619.997 98.64522552490234
C17 624.979 98.67386627197266
C17 650.012 98.99522399902344
C17 675.004 99.17617797851562
C17 700.03 98.75663757324219
C17 725.012 98.29544830322266
C17 750.022 98.5215835571289
C17 774.987 98.6812744140625
C17 799.976 97.84398651123047
C17 824.988 96.28550720214844
C17 850.022 94.0393295288086
C17 869.967 91.00970458984375
C17 875.002 89.94147491455078
C17 899.999 82.51315307617188
C17 919.999 74.59528350830078
C17 925.012 71.78118896484375
C17 949.965 58.614097595214844
C17 975.002 43.48458480834961
C17 999.976 26.17838478088379
C17 1025.028 11.209315299987793
C17 1050.014 3.877833127975464
C17 1075.002 0.9386087139776169
C17 1099.99 0.09312789431875428
