lsstCam/transmission_filter_detector/r43_s10/g_6/19700101T000000.ecsv
# %ECSV 1.0
# ---
# datatype:
# - {name: wavelength, unit: nm, datatype: float32}
# - {name: efficiency, unit: '%', datatype: float64}
# meta: !!omap
# - {MODE: DETECTOR}
# - {TYPE: transmission_filter_detector}
# - {CALIBDATE: '1970-01-01T00:00:00'}
# - {INSTRUME: LSSTCam}
# - {OBSTYPE: transmission_filter_detector}
# - {CALIBCLS: lsst.ip.isr.IntermediateFilterDetectorTransmissionCurve}
# - {SOURCE: Materion (DM-46256)}
# - {DETECTOR: 183}
# - {FILTER: g_6}
# - {CALIB_ID: 'calibDate=1970-01-01T00:00:00 filter=g_6 detector=183'}
# - {DATE: '2025-04-02T15:59:42.876810'}
# - {CALIB_CREATION_DATE: '2025-04-02'}
# - {CALIB_CREATION_TIME: '15:59:42'}
# - __serialized_columns__:
#     efficiency:
#       __class__: astropy.units.quantity.Quantity
#       unit: !astropy.units.Unit {unit: '%'}
#       value: !astropy.table.SerializedColumn {name: efficiency}
#     wavelength:
#       __class__: astropy.units.quantity.Quantity
#       unit: !astropy.units.Unit {unit: nm}
#       value: !astropy.table.SerializedColumn {name: wavelength}
# schema: astropy-2.0
wavelength efficiency
300.0 0.34860025625675917
301.0 0.29219603165984154
302.0 0.23579183034598827
303.0 0.23464940022677183
304.0 0.23350699339061975
305.0 0.2271788427606225
306.0 0.2208507154136896
307.0 0.214338768273592
308.0 0.20782684441655874
309.0 0.1948875025846064
310.0 0.18194816075265408
311.0 0.1859633019194007
312.0 0.1899784430861473
313.0 0.18723852699622512
314.0 0.1844986341893673
315.0 0.18175005679950118
316.0 0.17900146776810288
317.0 0.1776610966771841
318.0 0.17632076051086187
319.0 0.16011882107704878
320.0 0.14391688164323568
321.0 0.13361596502363682
322.0 0.12331506004557014
323.0 0.11003109393641353
324.0 0.09674711618572474
325.0 0.08554062223993242
326.0 0.0743341282941401
327.0 0.07123478571884334
328.0 0.06813544896431267
329.0 0.06189481355249882
330.0 0.05565417231991887
331.0 0.05200176383368671
332.0 0.048349358257837594
333.0 0.04607570881489664
334.0 0.04380206228233874
335.0 0.0413110654335469
336.0 0.03882006858475506
337.0 0.039419298991560936
338.0 0.040018532308749855
339.0 0.039412156911566854
340.0 0.03880577860400081
341.0 0.037155160680413246
342.0 0.035504542756825686
343.0 0.031774319359101355
344.0 0.028044090140610933
345.0 0.024843396386131644
346.0 0.021642698266077787
347.0 0.020480075909290463
348.0 0.01931745355250314
349.0 0.0173349428223446
350.0 0.5913127679377794
351.0 1.160668209195137
352.0 0.7421405054628849
353.0 0.9970988146960735
354.0 0.4915195517241955
355.0 0.8401504717767239
356.0 0.6887388415634632
357.0 0.8955481462180614
358.0 0.3868814092129469
359.0 0.7809396833181381
360.0 0.4624803550541401
361.0 0.7604006212204695
362.0 0.37676014471799135
363.0 0.7489067502319813
364.0 0.5186234135180712
365.0 0.7183993235230446
366.0 0.5256421398371458
367.0 0.5800897721201181
368.0 0.4258180037140846
369.0 0.681049469858408
370.0 0.35254014655947685
371.0 0.4496338311582804
372.0 0.30953818932175636
373.0 0.5256349686533213
374.0 0.29606414027512074
375.0 0.5585364997386932
376.0 0.39484500885009766
377.0 0.548288831487298
378.0 0.3444876754656434
379.0 0.6356647238135338
380.0 0.29651932418346405
381.0 0.6101719569414854
382.0 0.5300499498844147
383.0 0.5581550300121307
384.0 0.5704646930098534
385.0 0.5769181530922651
386.0 0.6170830223709345
387.0 0.7484657224267721
388.0 0.9020738303661346
389.0 1.244971714913845
390.0 1.7668062821030617
391.0 2.877936325967312
392.0 4.421550408005714
393.0 7.045517116785049
394.0 10.629750788211823
395.0 15.408448874950409
396.0 21.36869877576828
397.0 28.659215569496155
398.0 37.27759122848511
399.0 46.50010168552399
400.0 55.83348870277405
401.0 64.7394061088562
402.0 72.91218638420105
403.0 79.83562350273132
404.0 84.76569056510925
405.0 88.4604811668396
406.0 90.61123132705688
407.0 92.30012893676758
408.0 93.15826892852783
409.0 93.75368356704712
410.0 93.89399886131287
411.0 93.731689453125
412.0 93.43168139457703
413.0 93.16374659538269
414.0 93.03404688835144
415.0 93.22797060012817
416.0 93.6313807964325
417.0 93.87587904930115
418.0 94.34645175933838
419.0 94.93264555931091
420.0 95.39090394973755
421.0 96.03303074836731
422.0 96.12623453140259
423.0 96.32537961006165
424.0 96.13515138626099
425.0 96.02400064468384
426.0 96.05686664581299
427.0 96.00940942764282
428.0 95.82447409629822
429.0 95.74462175369263
430.0 95.60421705245972
431.0 95.66559791564941
432.0 95.72300910949707
433.0 95.7853615283966
434.0 95.85786461830139
435.0 95.97775936126709
436.0 96.0500180721283
437.0 96.04989886283875
438.0 96.0974633693695
439.0 96.19735479354858
440.0 96.20317816734314
441.0 96.31949067115784
442.0 96.28996253013611
443.0 96.24726176261902
444.0 96.1743712425232
445.0 95.87600231170654
446.0 95.76941132545471
447.0 95.60449719429016
448.0 95.5963671207428
449.0 95.76005935668945
450.0 96.00561857223511
451.0 96.2270200252533
452.0 96.42396569252014
453.0 96.5320348739624
454.0 96.58359289169312
455.0 96.84469103813171
456.0 97.02202081680298
457.0 97.14295864105225
458.0 97.09829092025757
459.0 97.13783264160156
460.0 97.15889692306519
461.0 97.25015163421631
462.0 97.15021252632141
463.0 97.07427620887756
464.0 97.20891118049622
465.0 97.0928966999054
466.0 97.13900685310364
467.0 97.09066152572632
468.0 97.11728692054749
469.0 97.16556072235107
470.0 97.00127243995667
471.0 96.88057899475098
472.0 96.95733189582825
473.0 96.87641263008118
474.0 96.71046137809753
475.0 96.84003591537476
476.0 96.81382775306702
477.0 96.85229659080505
478.0 96.99535965919495
479.0 97.0328152179718
480.0 97.17509150505066
481.0 97.25637435913086
482.0 97.45692610740662
483.0 97.3352313041687
484.0 97.51944541931152
485.0 97.55176305770874
486.0 97.57279753684998
487.0 97.60901927947998
488.0 97.62418270111084
489.0 97.70293831825256
490.0 97.71238565444946
491.0 97.72541522979736
492.0 97.65802025794983
493.0 97.69657850265503
494.0 97.66996502876282
495.0 97.71900773048401
496.0 97.57628440856934
497.0 97.48022556304932
498.0 97.26004600524902
499.0 97.2818672657013
500.0 97.25374579429626
501.0 97.23279476165771
502.0 97.17484712600708
503.0 97.31751084327698
504.0 97.16061353683472
505.0 97.13422656059265
506.0 97.2003698348999
507.0 97.1220314502716
508.0 97.13878035545349
509.0 97.13623523712158
510.0 97.09318280220032
511.0 97.07589149475098
512.0 96.96197509765625
513.0 97.09481596946716
514.0 97.02940583229065
515.0 97.08167910575867
516.0 97.13323712348938
517.0 97.18177914619446
518.0 97.26588726043701
519.0 97.24583029747009
520.0 97.28304743766785
521.0 97.39878177642822
522.0 97.38017320632935
523.0 97.34586477279663
524.0 97.37440347671509
525.0 97.30936288833618
526.0 97.42823243141174
527.0 97.44051098823547
528.0 97.50441312789917
529.0 97.5772500038147
530.0 97.56748080253601
531.0 97.70547747612
532.0 97.58930802345276
533.0 97.5473165512085
534.0 97.55582213401794
535.0 97.30364680290222
536.0 96.91404104232788
537.0 96.29236459732056
538.0 95.48267722129822
539.0 94.00899410247803
540.0 92.24501252174377
541.0 89.4981324672699
542.0 86.65916919708252
543.0 82.948899269104
544.0 78.27819585800171
545.0 74.17958378791809
546.0 69.20251846313477
547.0 64.71361517906189
548.0 60.26480793952942
549.0 56.2974750995636
550.0 53.24687957763672
551.0 50.24104118347168
552.0 47.893714904785156
553.0 45.36658823490143
554.0 42.43389070034027
555.0 39.077675342559814
556.0 34.70398783683777
557.0 29.71232831478119
558.0 24.30819720029831
559.0 19.052109122276306
560.0 14.05695527791977
561.0 9.463994950056076
562.0 6.041404977440834
563.0 3.5203680396080017
564.0 1.9142583012580872
565.0 0.9218438528478146
566.0 0.4939003847539425
567.0 0.24476004764437675
568.0 0.16857546288520098
569.0 0.09946358622983098
570.0 0.07930652936920524
571.0 0.046009544166736305
572.0 0.051384454127401114
573.0 0.03145445662084967
574.0 0.033581312163732946
575.0 0.025138253113254905
576.0 0.03497422439977527
577.0 0.020589717314578593
578.0 0.040594374877400696
579.0 0.018797742086462677
580.0 0.025241251569241285
581.0 0.0179317852598615
582.0 0.028547344845719635
583.0 0.0210713769774884
584.0 0.013494693848770112
585.0 0.008291822450701147
586.0 0.022290556808002293
587.0 0.01914085733005777
588.0 0.018394069047644734
589.0 0.010128119902219623
590.0 0.01871592248789966
591.0 0.015180064656306058
592.0 0.011277040175627917
593.0 0.007175486825872213
594.0 0.010889579425565898
595.0 0.00425329853896983
596.0 0.013999472139403224
597.0 0.01149952004197985
598.0 0.017790176207199693
599.0 0.015688601706642658
600.0 0.011427516437834129
601.0 0.0023235281332745217
602.0 0.002231795951956883
603.0 0.002140063588740304
604.0 0.0021034004021203145
605.0 0.002066737215500325
606.0 0.0019887331291101873
607.0 0.00191072922461899
608.0 0.0019472687199595384
609.0 0.0019838080334011465
610.0 0.00193895903066732
611.0 0.001894110391731374
612.0 0.0018927214114228263
613.0 0.0018913327949121594
614.0 0.0018671136785997078
615.0 0.0018428945622872561
616.0 0.00182437252078671
617.0 0.0018058502973872237
618.0 0.0016059235349530354
619.0 0.0014059965906199068
620.0 0.0014174166608427186
621.0 0.0014288366401160602
622.0 0.001465610239392845
623.0 0.0015023840205685701
624.0 0.0014481036487268284
625.0 0.0013938233678345568
626.0 0.0013597656106867362
627.0 0.0013257080354378559
628.0 0.0013106714504829142
629.0 0.001295635047426913
630.0 0.0013346912965062074
631.0 0.001373747545585502
632.0 0.0014000564988236874
633.0 0.001426365543011343
634.0 0.0013377580216911156
635.0 0.0012491502275224775
636.0 0.0012716700439341366
637.0 0.0012941901331942063
638.0 0.0012233067536726594
639.0 0.0011524232832016423
640.0 0.0012254096873220988
641.0 0.0012983962733414955
642.0 0.0012443941159290262
643.0 0.0011903921404154971
644.0 0.0011630649169092067
645.0 0.001135738148150267
646.0 0.0011785296010202728
647.0 0.0012213209629408084
648.0 0.001180003982881317
649.0 0.0011386870028218254
650.0 0.00109907623482286
651.0 0.0010594656487228349
652.0 0.0010975021723425016
653.0 0.0011355386959621683
654.0 0.0010780809134303126
655.0 0.0010206232218479272
656.0 0.0010707372894103173
657.0 0.0011208514479221776
658.0 0.0011032951988454442
659.0 0.001085739040718181
660.0 0.0010867156561289448
661.0 0.0010876920896407682
662.0 0.0011439447916927747
663.0 0.0012001976756437216
664.0 0.001175717989099212
665.0 0.0011512382116052322
666.0 0.0010595083949738182
667.0 0.0009677783054939937
668.0 0.000979817286861362
669.0 0.00099185617727926
670.0 0.0010026908057625405
671.0 0.001013525343296351
672.0 0.001006502589007141
673.0 0.000999480198515812
674.0 0.0010005344847741071
675.0 0.0010015889529313426
676.0 0.0009616264833312016
677.0 0.0009216641046805307
678.0 0.0009510300515103154
679.0 0.0009803959983401
680.0 0.0010105416549777146
681.0 0.0010406874935142696
682.0 0.0010119953913090285
683.0 0.000983303561952198
684.0 0.0009004687854030635
685.0 0.0008176339179044589
686.0 0.0008476009497826453
687.0 0.0008775679816608317
688.0 0.000891530180524569
689.0 0.0009054921065398958
690.0 0.0009499157386017032
691.0 0.0009943393706635106
692.0 0.000986840132100042
693.0 0.0009793409844860435
694.0 0.0009708136531116907
695.0 0.000962286412686808
696.0 0.0009796615813684184
697.0 0.0009970367500500288
698.0 0.0009719071385916322
699.0 0.0009467774361837655
700.0 0.0010052045581687707
701.0 0.0010636314073053654
702.0 0.0010607849617372267
703.0 0.001057938516169088
704.0 0.0010391442629043013
705.0 0.0010203500096395146
706.0 0.0010190845387114678
707.0 0.001017819158732891
708.0 0.0010617874067975208
709.0 0.0011057556548621505
710.0 0.0011139523849124089
711.0 0.0011221491149626672
712.0 0.0011067261766584124
713.0 0.0010913032383541577
714.0 0.001180433355330024
715.0 0.00126956338135642
716.0 0.0013589003174274694
717.0 0.001448237344447989
718.0 0.0014874239241180476
719.0 0.0015266105037881061
720.0 0.001253134360013064
721.0 0.0009796580343390815
722.0 0.0010407717127236538
723.0 0.0011018856639566366
724.0 0.0011946466656809207
725.0 0.001287407758354675
726.0 0.0013759537068835925
727.0 0.0014644997463619802
728.0 0.0015409674233524129
729.0 0.0016174350093933754
730.0 0.0017004671462927945
731.0 0.0017834992831922136
732.0 0.0016275789676001295
733.0 0.0014716584701091051
734.0 0.001485873872297816
735.0 0.0015000897292338777
736.0 0.0013643027159560006
737.0 0.0012285156117286533
738.0 0.0010793011824716814
739.0 0.0009300867532147095
740.0 0.0010121714694832917
741.0 0.0010942562767013442
742.0 0.0011767163414333481
743.0 0.0012591764971148223
744.0 0.0011319218174321577
745.0 0.0010046673196484335
746.0 0.000953916969592683
747.0 0.0009031665285874624
748.0 0.0008311156307172496
749.0 0.000759064823796507
750.0 0.0008472475201415364
751.0 0.0009354303983855061
752.0 0.0008936485755839385
753.0 0.0008518667527823709
754.0 0.0008571420949010644
755.0 0.0008624177098681685
756.0 0.0008156431249517482
757.0 0.0007688685400353279
758.0 0.0007431636277033249
759.0 0.000717458760846057
760.0 0.0007275730695255334
761.0 0.0007376871963060694
762.0 0.0007112068487913348
763.0 0.0006847263648523949
764.0 0.000586758096687845
765.0 0.0004887897830485599
766.0 0.0005168017196410801
767.0 0.0005448137017083354
768.0 0.0005679077275999589
769.0 0.0005910017534915823
770.0 0.0006129614575911546
771.0 0.0006349211616907269
772.0 0.000607216179560055
773.0 0.0005795112883788534
774.0 0.0006271015081438236
775.0 0.0006746919098077342
776.0 0.000622414518147707
777.0 0.0005701370355382096
778.0 0.0005862807029188843
779.0 0.000602424324824824
780.0 0.000642202621747856
781.0 0.000681980873196153
782.0 0.000613273050475982
783.0 0.000544565182281076
784.0 0.0005661413524649106
785.0 0.0005877176590729505
786.0 0.0005887618044653209
787.0 0.0005898060862818966
788.0 0.0005655765562551096
789.0 0.0005413468898041174
790.0 0.0003989757715316955
791.0 0.0002566046987340087
792.0 0.00035002208278456237
793.0 0.00044343946683511604
794.0 0.00036986627947044326
795.0 0.00029629306936840294
796.0 0.00042387341636640485
797.0 0.0005514538315765094
798.0 0.0004024727331852773
799.0 0.0002534916575314128
800.0 0.0002643718744366197
801.0 0.0002752520913418266
802.0 0.0003498534852042212
803.0 0.0004244549018039834
804.0 0.0004600135525834048
805.0 0.0004955722033628263
806.0 0.0004275766514183488
807.0 0.00035958107673650375
808.0 0.00040210861698142253
809.0 0.00044463617996370886
810.0 0.00036764015476364875
811.0 0.00029064412956358865
812.0 0.0002942613946288475
813.0 0.00029787861421937123
814.0 0.0004232263108860934
815.0 0.0005485739620780805
816.0 0.0004485023964662105
817.0 0.00034843083085434046
818.0 0.00039483238651882857
819.0 0.00044123403313278686
820.0 0.00041148746277031023
821.0 0.00038174102883203886
822.0 0.0004748642368213041
823.0 0.0005679874448105693
824.0 0.0003596616352297133
825.0 0.0001513357801741222
826.0 0.00028819993076467654
827.0 0.0004250640358804958
828.0 0.0003947721324948361
829.0 0.00036448022910917643
830.0 0.0003411360694371979
831.0 0.00031779188702785177
832.0 0.0003399689376237802
833.0 0.0003621460109570762
834.0 0.0004438878931978252
835.0 0.0005256298209133092
836.0 0.0004568690656014951
837.0 0.00038810826481494587
838.0 0.00038330267670971807
839.0 0.0003784969976550201
840.0 0.00038465527723019477
841.0 0.0003908136477548396
842.0 0.0004727364284917712
843.0 0.0005546592092287028
844.0 0.000427811710324022
845.0 0.00030096425689407624
846.0 0.0003142586365356692
847.0 0.0003275529707025271
848.0 0.0004390809863252798
849.0 0.0005506089564732974
850.0 0.0004289178377803182
851.0 0.00030722678729944164
852.0 0.00022403635284717893
853.0 0.00014084594113228377
854.0 0.00025524579996272223
855.0 0.0003696457042678958
856.0 0.0003827641648967983
857.0 0.00039588267100043595
858.0 0.0004673709099733969
859.0 0.0005388590579968877
860.0 0.0004305420588934794
861.0 0.0003222250597900711
862.0 0.0003361733206475037
863.0 0.0003501216042423039
864.0 0.00039690803532721475
865.0 0.00044369448914949317
866.0 0.00035321784253028454
867.0 0.0002627411731737084
868.0 0.00038670168578391895
869.0 0.0005106622211314971
870.0 0.00044836619963462
871.0 0.0003860701326630078
872.0 0.0004225900283927331
873.0 0.0004591099241224583
874.0 0.00048520087148062885
875.0 0.0005112917733640643
876.0 0.00039670849218964577
877.0 0.00028212525648996234
878.0 0.00036092444588575745
879.0 0.00043972363528155256
880.0 0.0005317049726727419
881.0 0.0006236861281649908
882.0 0.0006531606686621672
883.0 0.0006826350727351382
884.0 0.0006071625648473855
885.0 0.0005316900114848977
886.0 0.000397832582166302
887.0 0.00026397515284770634
888.0 0.00045153733481129166
889.0 0.0006390994713001419
890.0 0.0005966908247501124
891.0 0.0005542820872506127
892.0 0.0005151963705429807
893.0 0.0004761105628858786
894.0 0.0004939330210618209
895.0 0.0005117554337630281
896.0 0.0004902674845652655
897.0 0.00046877944441803265
898.0 0.0004051352334499825
899.0 0.00034149095426982967
900.0 0.0002900881781897624
901.0 0.00023868542484706268
902.0 0.0002658654921106063
903.0 0.0002930455593741499
904.0 0.0003498314299577032
905.0 0.00040661730054125655
906.0 0.0003930651018890785
