lsstCam/transmission_filter_detector/r43_s10/g_6/19700101T000000.ecsv
# %ECSV 1.0
# ---
# datatype:
# - {name: wavelength, unit: nm, datatype: float32}
# - {name: efficiency, unit: '%', datatype: float64}
# meta: !!omap
# - {MODE: DETECTOR}
# - {TYPE: transmission_filter_detector}
# - {CALIBDATE: '1970-01-01T00:00:00'}
# - {INSTRUME: LSSTCam}
# - {OBSTYPE: transmission_filter_detector}
# - {CALIBCLS: lsst.ip.isr.IntermediateFilterDetectorTransmissionCurve}
# - {SOURCE: Materion (DM-46256)}
# - {DETECTOR: 183}
# - {FILTER: g_6}
# - {CALIB_ID: 'calibDate=1970-01-01T00:00:00 filter=g_6 detector=183'}
# - {DATE: '2025-04-02T15:59:42.876810'}
# - {CALIB_CREATION_DATE: '2025-04-02'}
# - {CALIB_CREATION_TIME: '15:59:42'}
# - __serialized_columns__:
#     efficiency:
#       __class__: astropy.units.quantity.Quantity
#       unit: !astropy.units.Unit {unit: '%'}
#       value: !astropy.table.SerializedColumn {name: efficiency}
#     wavelength:
#       __class__: astropy.units.quantity.Quantity
#       unit: !astropy.units.Unit {unit: nm}
#       value: !astropy.table.SerializedColumn {name: wavelength}
# schema: astropy-2.0
wavelength efficiency
[from data line 608]
908.0 0.00035393209145695437
909.0 0.0003283513024143758
910.0 0.0003388876393728424
911.0 0.00034942402180604404
912.0 0.00040833883758750744
913.0 0.0004672537215810735
914.0 0.0005045391844760161
915.0 0.0005418246928456938
916.0 0.0004656808414438274
917.0 0.0003895369445672259
918.0 0.0003861015557049541
919.0 0.0003826660758932121
920.0 0.0003850962457363494
921.0 0.00038752641557948664
922.0 0.0003912574811693048
923.0 0.0003949885012843879
924.0 0.0003152520321236807
925.0 0.00023551558570034103
926.0 0.00032560512863710755
927.0 0.00041569460336177144
928.0 0.00044446110223361757
929.0 0.0004732275556307286
930.0 0.00040602644730824977
931.0 0.00033882529351103585
932.0 0.0003977690539613832
933.0 0.00045671272346226033
934.0 0.0004722310677607311
935.0 0.0004877493211097317
936.0 0.00045360484364209697
937.0 0.00041946036617446225
938.0 0.00048397355385532137
939.0 0.0005484867415361805
940.0 0.0005342571057553869
941.0 0.0005200273790251231
942.0 0.0005184068413655041
943.0 0.0005167863037058851
944.0 0.0005821275408379734
945.0 0.0006474687324953265
946.0 0.0008461959623673465
947.0 0.0010449231922393665
948.0 0.0008614959369879216
949.0 0.000678068818160682
950.0 0.0006910299362061778
951.0 0.0007039909178274684
952.0 0.0006784199285903014
953.0 0.0006528489393531345
954.0 0.0007251950592035428
955.0 0.0007975413609528914
956.0 0.0008192913810489699
957.0 0.0008410414920945186
958.0 0.0008455967872578185
959.0 0.0008501520824211184
960.0 0.000700871214576182
961.0 0.0005515903922059806
962.0 0.0005841719485033536
963.0 0.0006167533683765214
964.0 0.0005748489911638899
965.0 0.0005329444775270531
966.0 0.000524601136930869
967.0 0.0005162576599104796
968.0 0.0006426402705983492
969.0 0.0007690228812862188
970.0 0.0007356180503848009
971.0 0.0007022131740086479
972.0 0.0007420439942507073
973.0 0.0007818750418664422
974.0 0.0007401385119010229
975.0 0.0006984020274103386
976.0 0.0007852027920307592
977.0 0.0008720035111764446
978.0 0.0009136852895608172
979.0 0.0009553669769957196
980.0 0.0009416470675205346
981.0 0.0009279271580453496
982.0 0.0010267614015901927
983.0 0.001125595736084506
984.0 0.0012904747563879937
985.0 0.0014553537766914815
986.0 0.0014174668649502564
987.0 0.001379580226057442
988.0 0.00141502168844454
989.0 0.0014504628779832274
990.0 0.0015570170944556594
991.0 0.0016635707652312703
992.0 0.0016315843822667375
993.0 0.001599597635504324
994.0 0.0016391139070037752
995.0 0.0016786299966042861
996.0 0.0015864670785958879
997.0 0.0014943042515369598
998.0 0.0015096932656888384
999.0 0.0015250825526891276
1000.0 0.0014686253962281626
1001.0 0.0014121684216661379
1002.0 0.0013533442142943386
1003.0 0.0012945199159730691
1004.0 0.0013335537005332299
1005.0 0.0013725873941439204
1006.0 0.0013442561794363428
1007.0 0.0013159251466277055
1008.0 0.0012070012417098042
1009.0 0.0010980773367919028
1010.0 0.0012612523278221488
1011.0 0.0014244275007513352
1012.0 0.0012619441804417875
1013.0 0.0010994606782332994
1014.0 0.0012431493814801797
1015.0 0.0013868383575754706
1016.0 0.001568365769344382
1017.0 0.0017498930901638232
1018.0 0.0018943630493595265
1019.0 0.0020388330085552298
1020.0 0.0021605233996524476
1021.0 0.002282214154547546
1022.0 0.0025698131139506586
1023.0 0.0028574118914548308
1024.0 0.0030245078960433602
1025.0 0.0031916039006318897
1026.0 0.0033689229894662276
1027.0 0.003546242442098446
1028.0 0.00375215859094169
1029.0 0.003958074375987053
1030.0 0.004027281102025881
1031.0 0.004096488191862591
1032.0 0.004223532596370205
1033.0 0.00435057700087782
1034.0 0.0045069351472193375
1035.0 0.004663293293560855
1036.0 0.004730368164018728
1037.0 0.00479744267067872
1038.0 0.004843306305701844
1039.0 0.004889169576927088
1040.0 0.005071181658422574
1041.0 0.00525319337612018
1042.0 0.005529355985345319
1043.0 0.005805518958368339
1044.0 0.00592645192227792
1045.0 0.0060473845223896205
1046.0 0.006346587178995833
1047.0 0.006645789108006284
1048.0 0.007117279164958745
1049.0 0.007588769221911207
1050.0 0.008327077375724912
1051.0 0.009065385529538617
1052.0 0.010549870057730004
1053.0 0.012034356041112915
1054.0 0.013933033915236592
1055.0 0.01583171106176451
1056.0 0.018896172696258873
1057.0 0.021960634330753237
1058.0 0.02655959688127041
1059.0 0.031158566707745194
1060.0 0.03751329495571554
1061.0 0.04386801447253674
1062.0 0.051842437824234366
1063.0 0.059816864086315036
1064.0 0.06920376908965409
1065.0 0.07859069155529141
1066.0 0.08794617606326938
1067.0 0.09730166057124734
1068.0 0.1063509494997561
1069.0 0.11540025006979704
1070.0 0.12413772055879235
1071.0 0.13287520268931985
1072.0 0.1426302595064044
1073.0 0.15238531632348895
1074.0 0.16224902356043458
1075.0 0.17211271915584803
1076.0 0.18146930960938334
1077.0 0.19082588842138648
1078.0 0.20001735538244247
1079.0 0.20920883398503065
1080.0 0.21916767582297325
1081.0 0.2291264943778515
1082.0 0.24001270066946745
1083.0 0.2508989302441478
1084.0 0.2653585048392415
1085.0 0.27981805615127087
1086.0 0.3026292659342289
1087.0 0.32544047571718693
1088.0 0.365406577475369
1089.0 0.4053726326674223
1090.0 0.4472448490560055
1091.0 0.48911701887845993
1092.0 0.5427206866443157
1093.0 0.5963243078440428
1094.0 0.691158277913928
1095.0 0.785992294549942
1096.0 0.8716964162886143
1097.0 0.9574002586305141
1098.0 1.014191284775734
1099.0 1.0709824040532112
1100.0 1.1556092649698257
1101.0 1.2402362190186977
