lsstCam/transmission_filter_detector/r23_s01/r_57/19700101T000000.ecsv
# %ECSV 1.0
# ---
# datatype:
# - {name: wavelength, unit: nm, datatype: float32}
# - {name: efficiency, unit: '%', datatype: float64}
# meta: !!omap
# - {MODE: DETECTOR}
# - {TYPE: transmission_filter_detector}
# - {CALIBDATE: '1970-01-01T00:00:00'}
# - {INSTRUME: LSSTCam}
# - {OBSTYPE: transmission_filter_detector}
# - {CALIBCLS: lsst.ip.isr.IntermediateFilterDetectorTransmissionCurve}
# - {SOURCE: Materion (DM-46256)}
# - {DETECTOR: 100}
# - {FILTER: r_57}
# - {CALIB_ID: 'calibDate=1970-01-01T00:00:00 filter=r_57 detector=100'}
# - {DATE: '2025-04-02T15:59:44.645578'}
# - {CALIB_CREATION_DATE: '2025-04-02'}
# - {CALIB_CREATION_TIME: '15:59:44'}
# - __serialized_columns__:
#     efficiency:
#       __class__: astropy.units.quantity.Quantity
#       unit: !astropy.units.Unit {unit: '%'}
#       value: !astropy.table.SerializedColumn {name: efficiency}
#     wavelength:
#       __class__: astropy.units.quantity.Quantity
#       unit: !astropy.units.Unit {unit: nm}
#       value: !astropy.table.SerializedColumn {name: wavelength}
# schema: astropy-2.0
wavelength efficiency
[from data line 604]
904.0 1.5870244571628e-10
905.0 1.5870244571628e-10
906.0 1.5870244571628e-10
907.0 1.5870244571628e-10
908.0 1.5870244571628e-10
909.0 1.5870244571628e-10
910.0 1.5870244571628e-10
911.0 1.5870244571628e-10
912.0 1.5870244571628e-10
913.0 1.5870244571628e-10
914.0 3.057149058349751e-05
915.0 0.00012094906196580268
916.0 9.909759910442517e-05
917.0 7.724613624304766e-05
918.0 0.0001474579107707541
919.0 0.00021766963982372545
920.0 0.00011217917972317082
921.0 6.688684806022138e-06
922.0 0.00013812655197398271
923.0 0.0002695644298000843
924.0 0.00024111443508445518
925.0 0.00021266446310619358
926.0 0.00016320643680955982
927.0 0.0001137484332502936
928.0 0.0001251149114978034
929.0 0.0001364813897453132
930.0 0.00020293718989705667
931.0 0.0002693930127861677
932.0 0.00012192692793178139
933.0 1.5870244571628e-10
934.0 0.0001334944499831181
935.0 0.00029252798867673846
936.0 0.0002867508101189742
937.0 0.00028097360882384237
938.0 0.00032019427180784987
939.0 0.00035941498026659247
940.0 0.0003467553824521019
941.0 0.00033409578463761136
942.0 0.00039516007745987736
943.0 0.00045622441575687844
944.0 0.000360966782864125
945.0 0.0002657091954461066
946.0 0.00033309304399153916
947.0 0.0004004768925369717
948.0 0.0004925022039969917
949.0 0.0005845276064064819
950.0 0.0005626495749311289
951.0 0.0005407715889305109
952.0 0.0007070225819916232
953.0 0.0008732737114769407
954.0 0.001150210027844878
955.0 0.0014271466170612257
956.0 0.0015348843589890748
957.0 0.0016426221918663941
958.0 0.0017563246728968807
959.0 0.0018700275177252479
960.0 0.0019878010789398104
961.0 0.0021055748220533133
962.0 0.002305502857780084
963.0 0.0025054307116079144
964.0 0.002559778658905998
965.0 0.002614126424305141
966.0 0.0025499013645458035
967.0 0.0024856764866854064
968.0 0.0024716353436815552
969.0 0.002457594746374525
970.0 0.0025897437808453105
971.0 0.002721892815316096
972.0 0.0027126126951770857
973.0 0.0027033322112401947
974.0 0.002890223913709633
975.0 0.0030771156161790714
976.0 0.0031750638299854472
977.0 0.003273012043791823
978.0 0.003138236206723377
979.0 0.003003460733452812
980.0 0.002931978269771207
981.0 0.0028604958060896024
982.0 0.0029314884159248322
983.0 0.0030024813895579427
984.0 0.0029528187951655127
985.0 0.0029031562007730827
986.0 0.0028512384233181365
987.0 0.0027993206458631903
988.0 0.002624011722218711
989.0 0.002448702980473172
990.0 0.002461471922288183
991.0 0.0024742408641031943
992.0 0.0024865301384124905
993.0 0.002498819594620727
994.0 0.002571432378317695
995.0 0.002644044434418902
996.0 0.0027389311071601696
997.0 0.0028338177799014375
998.0 0.002956961907329969
999.0 0.0030801063985563815
1000.0 0.0032450836442876607
1001.0 0.00341006089001894
1002.0 0.0036004072171635926
1003.0 0.003790753908106126
1004.0 0.003927771467715502
1005.0 0.004064788663526997
1006.0 0.004218878166284412
1007.0 0.004372968032839708
1008.0 0.004333744436735287
1009.0 0.004294520476832986
1010.0 0.004248052209732123
1011.0 0.004201583578833379
1012.0 0.00417175360780675
1013.0 0.00414192363678012
1014.0 0.0038774465792812407
1015.0 0.003612969521782361
1016.0 0.0034623877581907436
1017.0 0.003311806358397007
1018.0 0.002931773451564368
1019.0 0.00255174109042855
1020.0 0.002174412293243222
1021.0 0.0017970831322600134
1022.0 0.0015842055290704593
1023.0 0.0013713275620830245
1024.0 0.0014719576938659884
1025.0 0.0015725880075478926
1026.0 0.0014140872735879384
1027.0 0.0012555861758301035
1028.0 0.0011039394848921802
1029.0 0.0009522925211058464
1030.0 0.0008824842552712653
1031.0 0.0008126754437398631
1032.0 0.0008095928933471441
1033.0 0.0008065100701060146
1034.0 0.0007912877663329709
1035.0 0.0007760653716104571
1036.0 0.0008782400982454419
1037.0 0.000980414461082546
1038.0 0.0008713212082511745
1039.0 0.0007622280008945381
1040.0 0.0008118554433167446
1041.0 0.0008614828402642161
1042.0 0.0010037880201707594
1043.0 0.001146092836279422
1044.0 0.000992546119960025
1045.0 0.0008389997674385086
1046.0 0.0008527530553692486
1047.0 0.0008665066161483992
1048.0 0.0007714755156484898
1049.0 0.0006764445970475208
1050.0 0.0006636716989305569
1051.0 0.0006508987098641228
1052.0 0.0009392447282152716
1053.0 0.0012275902008695994
1054.0 0.000995881055132486
1055.0 0.0007641717274964321
1056.0 0.0009139671419688966
1057.0 0.0010637629202392418
1058.0 0.0009030371984408703
1059.0 0.0007423116585414391
1060.0 0.0009937804861692712
1061.0 0.0012452489499992225
1062.0 0.0014573169210052583
1063.0 0.0016693849829607643
1064.0 0.001251494813914178
1065.0 0.0008336045539181214
1066.0 0.0011500404070829973
1067.0 0.0014664762602478731
1068.0 0.0016744153981562704
1069.0 0.0018823538994183764
1070.0 0.0014639304936281405
1071.0 0.0010455070878379047
1072.0 0.001310264997300692
1073.0 0.0015750229067634791
1074.0 0.0021439405827550218
1075.0 0.0027128582587465644
1076.0 0.0028593709430424497
1077.0 0.0030058838092372753
1078.0 0.003606039535952732
1079.0 0.00420619580836501
1080.0 0.0042801406380021945
1081.0 0.004354085467639379
1082.0 0.004264497692929581
1083.0 0.004174910282017663
1084.0 0.00472696301585529
1085.0 0.005279015385895036
1086.0 0.005149873322807252
1087.0 0.005020731623517349
1088.0 0.005181532469578087
1089.0 0.005342334043234587
1090.0 0.004781266397912987
1091.0 0.004220198388793506
1092.0 0.0035617820685729384
1093.0 0.002903365748352371
1094.0 0.003682305759866722
1095.0 0.004461245771381073
1096.0 0.003102624395978637
1097.0 0.0017440030205762014
1098.0 0.0016660069377394393
1099.0 0.0015880108549026772
1100.0 0.0016101674191304483
1101.0 0.0016323234376613982
