lsstCam/transmission_filter_detector/r23_s01/r_57/19700101T000000.ecsv
# %ECSV 1.0
# ---
# datatype:
# - {name: wavelength, unit: nm, datatype: float32}
# - {name: efficiency, unit: '%', datatype: float64}
# meta: !!omap
# - {MODE: DETECTOR}
# - {TYPE: transmission_filter_detector}
# - {CALIBDATE: '1970-01-01T00:00:00'}
# - {INSTRUME: LSSTCam}
# - {OBSTYPE: transmission_filter_detector}
# - {CALIBCLS: lsst.ip.isr.IntermediateFilterDetectorTransmissionCurve}
# - {SOURCE: Materion (DM-46256)}
# - {DETECTOR: 100}
# - {FILTER: r_57}
# - {CALIB_ID: 'calibDate=1970-01-01T00:00:00 filter=r_57 detector=100'}
# - {DATE: '2025-04-02T15:59:44.645578'}
# - {CALIB_CREATION_DATE: '2025-04-02'}
# - {CALIB_CREATION_TIME: '15:59:44'}
# - __serialized_columns__:
#     efficiency:
#       __class__: astropy.units.quantity.Quantity
#       unit: !astropy.units.Unit {unit: '%'}
#       value: !astropy.table.SerializedColumn {name: efficiency}
#     wavelength:
#       __class__: astropy.units.quantity.Quantity
#       unit: !astropy.units.Unit {unit: nm}
#       value: !astropy.table.SerializedColumn {name: wavelength}
# schema: astropy-2.0
wavelength efficiency
300.0 0.0012686248737736605
301.0 0.004095090480404906
302.0 0.00692155517754145
303.0 0.009525104542262852
304.0 0.012128654634580016
305.0 0.010729369387263432
306.0 0.009330085595138371
307.0 0.007763743633404374
308.0 0.006197400944074616
309.0 0.005563581726164557
310.0 0.0049297621444566175
311.0 0.004706036997959018
312.0 0.004482311851461418
313.0 0.003595016823965125
314.0 0.0027077212507720105
315.0 0.0027094176402897574
316.0 0.0027111140298075043
317.0 0.0027652735298033804
318.0 0.002819433393597137
319.0 0.0025874485800159164
320.0 0.002355463402636815
321.0 0.0022975656975177117
322.0 0.0022396679923986085
323.0 0.0021218982510617934
324.0 0.0020041286916239187
325.0 0.0020635159671655856
326.0 0.0021229032427072525
327.0 0.002037978447333444
328.0 0.0019530536519596353
329.0 0.001999286178033799
330.0 0.002045518886006903
331.0 0.0019775045075220987
332.0 0.0019094903109362349
333.0 0.001834634895203635
334.0 0.0017597796613699757
335.0 0.0015194354091363493
336.0 0.001279091156902723
337.0 0.0011722622730303556
338.0 0.001065433298208518
339.0 0.0010211260814685374
340.0 0.0009768187737790868
341.0 0.0008161712685250677
342.0 0.000655523945169989
343.0 0.0007537886631325819
344.0 0.0008520532901457045
345.0 0.0008296612577396445
346.0 0.0008072692253335845
347.0 0.0007370152161456645
348.0 0.0006667612524324795
349.0 0.0006786515314161079
350.0 0.0055682907259324566
351.0 0.005316293390933424
352.0 0.005064296055934392
353.0 0.005000103919883259
354.0 0.0049359128752257675
355.0 0.004703375088865869
356.0 0.004470838030101731
357.0 0.0062067643739283085
358.0 0.007942692172946408
359.0 0.006122185732237995
360.0 0.004301679655327462
361.0 0.002724148907873314
362.0 0.0011466178875707556
363.0 0.002470858453307301
364.0 0.0037950987461954355
365.0 0.00396379255107604
366.0 0.0041324867197545245
367.0 0.003151541022816673
368.0 0.00217059459828306
369.0 0.0015852978322072886
370.0 0.0010000013389799278
371.0 0.0013644056707562413
372.0 0.0017288102753809653
373.0 0.002396398485871032
374.0 0.003063986514462158
375.0 0.0027924026653636247
376.0 0.0025208193619619124
377.0 0.0009903134014166426
378.0 1.5870244571628e-10
379.0 0.000563496087124804
380.0 0.0016671847333782353
381.0 0.002313880941073876
382.0 0.0029605776944663376
383.0 0.0031595132895745337
384.0 0.0033584496122784913
385.0 0.004237439134158194
386.0 0.0051164279284421355
387.0 0.0047400906623806804
388.0 0.004363753396319225
389.0 0.0037714264180976897
390.0 0.0031790990760782734
391.0 0.0021288640709826723
392.0 0.0010786287020891905
393.0 0.0011297640412522014
394.0 0.0011808989256678615
395.0 0.0008358426384802442
396.0 0.0004907862603431568
397.0 0.0006955522167118033
398.0 0.0009003185368783306
399.0 0.0007153885690058814
400.0 0.0005304581918608164
401.0 3.167093325373571e-05
402.0 1.5870244571628e-10
403.0 1.5870244571628e-10
404.0 0.00022988110686128493
405.0 0.0006751949058525497
406.0 0.001120508477470139
407.0 0.0016774067262304015
408.0 0.002234304520243313
409.0 0.0017868043869384564
410.0 0.0013393040717346594
411.0 0.0009210667485604063
412.0 0.0005028296982345637
413.0 0.0005597692961600842
414.0 0.0006167089850350749
415.0 0.0006358735390676884
416.0 0.0006550384568981826
417.0 0.0012762213373207487
418.0 0.0018974045815411955
419.0 0.0023414848328684457
420.0 0.0027855649022967555
421.0 0.00404702550440561
422.0 0.005308485560817644
423.0 0.008198119758162647
424.0 0.011087752500316128
425.0 0.015096890274435282
426.0 0.01910602441057563
427.0 0.019805713964160532
428.0 0.020505407883320004
429.0 0.015665717364754528
430.0 0.010826029028976336
431.0 0.007672267383895814
432.0 0.004518505375017412
433.0 0.0035447857953840867
434.0 0.0025710656700539403
435.0 0.0020896835849271156
436.0 0.0016083009541034698
437.0 0.001380254343530396
438.0 0.0011522079148562625
439.0 0.0009821941603149753
440.0 0.0008121805876726285
441.0 0.0011352016372256912
442.0 0.0014582228686776944
443.0 0.0017750560800777748
444.0 0.0020918894733767956
445.0 0.0020383060473250225
446.0 0.0019847228031721897
447.0 0.001733292629069183
448.0 0.0014818629097135272
449.0 0.0013874653632228728
450.0 0.0012930673619848676
451.0 0.0013648257663589902
452.0 0.0014365841707331128
453.0 0.0014346784155350178
454.0 0.0014327725693874527
455.0 0.001318350768997334
456.0 0.0012039292414556257
457.0 0.0008821991286822595
458.0 0.0005604691523330985
459.0 0.0007817899131623562
460.0 0.0010031107194663491
461.0 0.0016232999769272283
462.0 0.002243488961539697
463.0 0.0028201475288369693
464.0 0.003396806278033182
465.0 0.0043660624214680865
466.0 0.00533531820110511
467.0 0.006030805525369942
468.0 0.006726293941028416
469.0 0.005797893390990794
470.0 0.004869493932346813
471.0 0.003726354771060869
472.0 0.0025832154278759845
473.0 0.0021251251382636838
474.0 0.001667034302954562
475.0 0.0013683210454473738
476.0 0.0010696079698391259
477.0 0.0008950725714385044
478.0 0.0007205371275631478
479.0 0.0009356871487398166
480.0 0.00115083694254281
481.0 0.0008394959877477959
482.0 0.0005281551239022519
483.0 0.0005858988060936099
484.0 0.0006436423518607626
485.0 0.0005727141797251534
486.0 0.0005017858256906038
487.0 0.0005325450274540344
488.0 0.0005633041382679949
489.0 0.000579057632421609
490.0 0.0005948110811004881
491.0 0.0007361388725257711
492.0 0.000877466573001584
493.0 0.0009848644367593806
494.0 0.0010922623005171772
495.0 0.0009209448762703687
496.0 0.0007496274520235602
497.0 0.0010211184417130426
498.0 0.0012926093404530548
499.0 0.0013121006304572802
500.0 0.0013315921933099162
501.0 0.0014325886695587542
502.0 0.0015335854186560027
503.0 0.0018977601939695887
504.0 0.0022619347873842344
505.0 0.002734462032094598
506.0 0.0032069892768049613
507.0 0.003844960519927554
508.0 0.004482931763050146
509.0 0.005030831380281597
510.0 0.005578730269917287
511.0 0.0049058937293011695
512.0 0.004233056824887171
513.0 0.0036349698348203674
514.0 0.0030368822990567423
515.0 0.00285500555037288
516.0 0.002673128619790077
517.0 0.0024699897039681673
518.0 0.002266850606247317
519.0 0.0788212288171053
520.0 0.05484707071445882
521.0 0.1959074754267931
522.0 0.13114960165694356
523.0 0.062033889116719365
524.0 0.09098080918192863
525.0 0.08281053742393851
526.0 0.12312826002016664
527.0 0.14696179423481226
528.0 0.10095988400280476
529.0 0.1158927334472537
530.0 0.16119307838380337
531.0 0.11392800370231271
532.0 0.14535599621012807
533.0 0.2230900339782238
534.0 0.2906442154198885
535.0 0.38804621435701847
536.0 0.5090384744107723
537.0 0.6874703802168369
538.0 1.107073575258255
539.0 1.5936877578496933
540.0 2.618182450532913
541.0 4.083650559186935
542.0 6.049628928303719
543.0 8.820496499538422
544.0 12.155765295028687
545.0 15.798814594745636
546.0 20.26359885931015
547.0 25.82586109638214
548.0 33.12943875789642
549.0 41.01270139217377
550.0 48.15507233142853
551.0 55.86332678794861
552.0 62.22090721130371
553.0 67.51943230628967
554.0 72.17736840248108
555.0 76.3231635093689
556.0 80.46891689300537
557.0 83.62318277359009
558.0 86.95074915885925
559.0 90.3648853302002
560.0 91.45040512084961
561.0 93.52118372917175
562.0 94.43750381469727
563.0 94.5488452911377
564.0 94.93900537490845
565.0 94.88003253936768
566.0 95.45212388038635
567.0 94.84139084815979
568.0 95.03101110458374
569.0 95.89704871177673
570.0 95.10557651519775
571.0 96.3966429233551
572.0 96.28435373306274
573.0 96.18659019470215
574.0 96.46169543266296
575.0 96.17268443107605
576.0 96.62802219390869
577.0 96.53258323669434
578.0 96.54234647750854
579.0 96.14108800888062
580.0 95.72113752365112
581.0 95.7767128944397
582.0 96.13475799560547
583.0 96.13889455795288
584.0 95.62932252883911
585.0 96.13600969314575
586.0 96.01762890815735
587.0 95.74805498123169
588.0 95.83935737609863
589.0 96.84096574783325
590.0 95.75332403182983
591.0 95.58281302452087
592.0 95.25008201599121
593.0 95.18218636512756
594.0 95.56818008422852
595.0 95.9819495677948
596.0 96.32014036178589
597.0 96.66122198104858
598.0 96.31568789482117
599.0 96.18262052536011
600.0 96.18709683418274
601.0 95.4548716545105
602.0 96.2374746799469
603.0 96.0231602191925
604.0 95.89762687683105
605.0 96.26831412315369
606.0 95.69495916366577
607.0 95.65587043762207
608.0 95.92161178588867
609.0 95.16763687133789
610.0 95.22125720977783
611.0 95.42813301086426
612.0 95.24951577186584
613.0 96.37233018875122
614.0 96.28949761390686
615.0 96.09557390213013
616.0 95.59690952301025
617.0 95.75929045677185
618.0 95.84431648254395
619.0 96.54978513717651
620.0 95.76146602630615
621.0 95.19272446632385
622.0 96.15539908409119
623.0 96.21593952178955
624.0 96.09645009040833
625.0 96.08280658721924
626.0 95.64321637153625
627.0 94.44682002067566
628.0 96.58981561660767
629.0 94.6755051612854
630.0 95.83717584609985
631.0 95.74453830718994
632.0 96.12104296684265
633.0 96.16852402687073
634.0 95.16624212265015
635.0 95.79361081123352
636.0 95.79691290855408
637.0 95.01188397407532
638.0 95.13559341430664
639.0 94.99331712722778
640.0 95.37523984909058
641.0 94.89664435386658
642.0 95.44451236724854
643.0 95.05805373191833
644.0 95.42487263679504
645.0 95.57321071624756
646.0 95.42451500892639
647.0 96.6875672340393
648.0 96.00860476493835
649.0 95.28756737709045
650.0 96.31550312042236
651.0 96.33520245552063
652.0 96.4015245437622
653.0 95.12469172477722
654.0 95.82760334014893
655.0 96.00948691368103
656.0 95.43120861053467
657.0 95.4346239566803
658.0 95.73351740837097
659.0 95.90421319007874
660.0 95.09209990501404
661.0 95.3575611114502
662.0 95.52737474441528
663.0 95.53182721138
664.0 95.26641964912415
665.0 95.08131742477417
666.0 94.67586278915405
667.0 95.34006118774414
668.0 94.7131872177124
669.0 95.07856965065002
670.0 95.74388861656189
671.0 95.04141211509705
672.0 95.25234699249268
673.0 95.03348469734192
674.0 94.2991852760315
675.0 95.07895112037659
676.0 94.73960399627686
677.0 93.43124032020569
678.0 93.00753474235535
679.0 91.93954467773438
680.0 91.22485518455505
681.0 89.8210346698761
682.0 87.66597509384155
683.0 84.9190890789032
684.0 81.38211965560913
685.0 77.8204619884491
686.0 74.4001030921936
687.0 69.59409713745117
688.0 64.85731601715088
689.0 60.10085940361023
690.0 54.85429763793945
691.0 50.673556327819824
692.0 45.917075872421265
693.0 41.74832105636597
694.0 36.967214941978455
695.0 32.013389468193054
696.0 26.686280965805054
697.0 21.87180519104004
698.0 16.23566895723343
699.0 11.886409670114517
700.0 8.350805938243866
701.0 5.3558263927698135
702.0 3.3477306365966797
703.0 1.948215439915657
704.0 1.130679715424776
705.0 0.6722013931721449
706.0 0.4031023010611534
707.0 0.2923967083916068
708.0 0.1767159439623356
709.0 0.16946719260886312
710.0 0.07670300547033548
711.0 0.09363425779156387
712.0 0.06447347695939243
713.0 0.055869307834655046
714.0 0.07194450008682907
715.0 0.0680664845276624
716.0 0.06058624712750316
717.0 1.5870244571628e-10
718.0 0.0722141528967768
719.0 0.0314239296130836
720.0 0.016515028255525976
721.0 0.004525468830252066
722.0 0.004247544347890653
723.0 0.003969619865529239
724.0 0.0036743378586834297
725.0 0.003379056215635501
726.0 0.0031048151868162677
727.0 0.002830574339895975
728.0 0.002711338493099902
729.0 0.002592102282505948
730.0 0.0023968626919668168
731.0 0.002201623283326626
732.0 0.002219863745267503
733.0 0.0022381043891073205
734.0 0.002144428981409874
735.0 0.002050753573712427
736.0 0.0018542010366218165
737.0 0.0016576484995312057
738.0 0.0016404392226831988
739.0 0.0016232301277341321
740.0 0.0016134905308717862
741.0 0.001603751297807321
742.0 0.0014637661479355302
743.0 0.0013237809071142692
744.0 0.0013949657841294538
745.0 0.0014661505701951683
746.0 0.0014225518498278689
747.0 0.0013789533113595098
748.0 0.0012230745596752968
749.0 0.0010671958989405539
750.0 0.001034913020703243
751.0 0.0010026303243648726
752.0 0.0010642243978509214
753.0 0.0011258185622864403
754.0 0.0011161718248331454
755.0 0.0011065252692787908
756.0 0.0010945097528747283
757.0 0.0010824940545717254
758.0 0.0011052309673686977
759.0 0.00112796788016567
760.0 0.0010816163921845146
761.0 0.0010352650861022994
762.0 0.0010677871614461765
763.0 0.0011003096005879343
764.0 0.0010172462680202443
765.0 0.0009341832083009649
766.0 0.0007655720764887519
767.0 0.0005969611265754793
768.0 0.0006035815658833599
769.0 0.0006102019142417703
770.0 0.0007248532256198814
771.0 0.0008395049007958733
772.0 0.0007774695404805243
773.0 0.0007154341346904403
774.0 0.0008228524166042916
775.0 0.0009302707439928781
776.0 0.0008830439583107363
777.0 0.0008358171726285946
778.0 0.000828708380140597
779.0 0.0008215996786020696
780.0 0.0007601351171615534
781.0 0.0006986706011957722
782.0 0.0007783337423461489
783.0 0.0008579968380217906
784.0 0.0008790838364802767
785.0 0.0009001707439892925
786.0 0.0007629671017639339
787.0 0.0006257635504880454
788.0 0.0006759771167708095
789.0 0.0007261908194777789
790.0 0.0007824314707249869
791.0 0.00083867216744693
792.0 0.0007978263056429569
793.0 0.000756980534788454
794.0 0.0008068709576036781
795.0 0.0008567611985199619
796.0 0.0007206304871942848
797.0 0.0005844997303938726
798.0 0.0007336229828069918
799.0 0.0008827461897453759
800.0 0.0008199671356123872
801.0 0.0007571878995804582
802.0 0.0007020207704044878
803.0 0.0006468534593295772
804.0 0.0007258309324242873
805.0 0.0008048084964684676
806.0 0.000734822469894425
807.0 0.0006648364433203824
808.0 0.0007512964202760486
809.0 0.0008377563972317148
810.0 0.0007583385468024062
811.0 0.000678920923746773
812.0 0.0007166735031205462
813.0 0.0007544260370195843
814.0 0.0006414655217668042
815.0 0.0005285049610392889
816.0 0.0006623936315008905
817.0 0.0007962824383866973
818.0 0.0007016849394858582
819.0 0.000607087395110284
820.0 0.00045620599848916754
821.0 0.000305324556393316
822.0 0.00041746129681996536
823.0 0.0005295981281960849
824.0 0.00047508542593277525
825.0 0.00042057272366946563
826.0 0.0005408153811004013
827.0 0.0006610580385313369
828.0 0.0005151990080776159
829.0 0.00036933995488652727
830.0 0.0001897480501611426
831.0 1.0156161067698122e-05
832.0 2.4792367980808194e-05
833.0 3.942855641980714e-05
834.0 1.5870244571628e-10
835.0 1.5870244571628e-10
836.0 0.00025176777853630483
837.0 0.0005803147359983996
838.0 0.0007318870757444529
839.0 0.0008834595064399764
840.0 0.001210096070280997
841.0 0.0015367324522230774
842.0 0.001978636828425806
843.0 0.002420541386527475
844.0 0.002215059612353798
845.0 0.002009577838180121
846.0 0.0017830763681558892
847.0 0.0015565745343337767
848.0 0.001497747507528402
849.0 0.0014389202078746166
850.0 0.0013149396181688644
851.0 0.001190958937513642
852.0 0.0011535981684573926
853.0 0.0011162372175022028
854.0 0.0009879565368464682
855.0 0.0008596756742917933
856.0 0.0006396749995474238
857.0 0.0004196744157525245
858.0 0.0005750228865508689
859.0 0.000730371220925008
860.0 0.0005667650384566514
861.0 0.00040315881051355973
862.0 0.0003943307547160657
863.0 0.0003855026989185717
864.0 0.00024860894427547464
865.0 0.00011171525784448022
866.0 6.932579594831623e-05
867.0 2.6936314156955632e-05
868.0 0.00013686401416634908
869.0 0.0002467917056492297
870.0 0.00011364504644006956
871.0 1.5870244571628e-10
872.0 1.5870244571628e-10
873.0 1.5870244571628e-10
874.0 1.5870244571628e-10
875.0 1.5870244571628e-10
876.0 1.5870244571628e-10
877.0 1.5870244571628e-10
878.0 0.0001426261860615341
879.0 0.00030028238597878953
880.0 0.00021825640033057425
881.0 0.00013623038057630765
882.0 0.00010108834658240085
883.0 6.594634101020347e-05
884.0 1.5870244571628e-10
885.0 1.5870244571628e-10
886.0 2.562756584723047e-06
887.0 0.00012398436410876457
888.0 0.00020801664959435584
889.0 0.00029204891234257957
890.0 0.00021154048681637505
891.0 0.00013103202718411922
892.0 1.5870244571628e-10
893.0 1.5870244571628e-10
894.0 1.5870244571628e-10
895.0 8.803193054518488e-05
896.0 5.47851414012257e-05
897.0 2.1538411942856328e-05
898.0 4.229270871292101e-05
899.0 6.304699695647287e-05
900.0 1.742845654462144e-05
901.0 1.5870244571628e-10
902.0 1.5870244571628e-10
