lsstCam/transmission_filter_detector/r30_s01/i_39/19700101T000000.ecsv
# %ECSV 1.0
# ---
# datatype:
# - {name: wavelength, unit: nm, datatype: float32}
# - {name: efficiency, unit: '%', datatype: float64}
# meta: !!omap
# - {MODE: DETECTOR}
# - {TYPE: transmission_filter_detector}
# - {CALIBDATE: '1970-01-01T00:00:00'}
# - {INSTRUME: LSSTCam}
# - {OBSTYPE: transmission_filter_detector}
# - {CALIBCLS: lsst.ip.isr.IntermediateFilterDetectorTransmissionCurve}
# - {SOURCE: Materion (DM-46256)}
# - {DETECTOR: 118}
# - {FILTER: i_39}
# - {CALIB_ID: 'calibDate=1970-01-01T00:00:00 filter=i_39 detector=118'}
# - {DATE: '2025-04-02T15:59:47.026786'}
# - {CALIB_CREATION_DATE: '2025-04-02'}
# - {CALIB_CREATION_TIME: '15:59:47'}
# - __serialized_columns__:
#     efficiency:
#       __class__: astropy.units.quantity.Quantity
#       unit: !astropy.units.Unit {unit: '%'}
#       value: !astropy.table.SerializedColumn {name: efficiency}
#     wavelength:
#       __class__: astropy.units.quantity.Quantity
#       unit: !astropy.units.Unit {unit: nm}
#       value: !astropy.table.SerializedColumn {name: wavelength}
# schema: astropy-2.0
wavelength efficiency
[from data line 598]
898.0 5.9221713399892906e-05
899.0 1.3843235535659915e-05
900.0 1.6561775822293567e-10
901.0 1.6561775822293567e-10
902.0 1.6561775822293567e-10
903.0 1.6561775822293567e-10
904.0 1.0208455591964594e-05
905.0 2.597562627215666e-05
906.0 4.174284526925476e-05
907.0 1.6561775822293567e-10
908.0 1.6561775822293567e-10
909.0 1.6561775822293567e-10
910.0 8.048628075130182e-06
911.0 2.1544445871768403e-05
912.0 3.504024448375276e-05
913.0 2.8320255296421237e-05
914.0 2.1600273214517074e-05
915.0 5.1926372179877944e-05
916.0 8.22525066723756e-05
917.0 1.6561775822293567e-10
918.0 1.6561775822293567e-10
919.0 1.6561775822293567e-10
920.0 0.00013820938420394668
921.0 1.6561775822293567e-10
922.0 1.6561775822293567e-10
923.0 1.6561775822293567e-10
924.0 2.2383065356734733e-05
925.0 9.856405540631386e-05
926.0 0.00017474508240411524
927.0 7.54767057742356e-06
928.0 1.6561775822293567e-10
929.0 1.6561775822293567e-10
930.0 1.6561775822293567e-10
931.0 3.272856758940179e-05
932.0 0.00017192060113302432
933.0 3.178422787186719e-05
934.0 1.6561775822293567e-10
935.0 1.6561775822293567e-10
936.0 1.6561775822293567e-10
937.0 3.831652577446221e-05
938.0 0.00012352327303233324
939.0 1.6561775822293567e-10
940.0 1.6561775822293567e-10
941.0 1.6561775822293567e-10
942.0 0.00018694521486395388
943.0 0.00012633163350983523
944.0 6.571806352440035e-05
945.0 1.6561775822293567e-10
946.0 1.6561775822293567e-10
947.0 1.6561775822293567e-10
948.0 0.00020603840766852954
949.0 3.421947951665061e-05
950.0 1.6561775822293567e-10
951.0 1.6561775822293567e-10
952.0 1.6561775822293567e-10
953.0 1.9867636069648142e-05
954.0 5.43605892744381e-05
955.0 3.6520142998597294e-05
956.0 1.8679723723380448e-05
957.0 5.0523823347248253e-05
958.0 8.23679158656887e-05
959.0 0.00013515580121747917
960.0 0.00018794369225361152
961.0 0.00017838835901784478
962.0 0.00016883299167602672
963.0 0.00020403856524353614
964.0 0.00023924415017972933
965.0 0.0001175236320705153
966.0 1.6561775822293567e-10
967.0 1.6561775822293567e-10
968.0 1.6561775822293567e-10
969.0 1.6561775822293567e-10
970.0 1.6561775822293567e-10
971.0 1.6561775822293567e-10
972.0 1.6561775822293567e-10
973.0 9.395201914230711e-05
974.0 0.00018868512370318058
975.0 5.8876622688330826e-05
976.0 1.6561775822293567e-10
977.0 3.117758353710087e-05
978.0 0.00013328701697901124
979.0 7.873212553022313e-05
980.0 2.41771999753837e-05
981.0 1.3654650388161826e-05
982.0 3.1320961824121696e-06
983.0 1.6561775822293567e-10
984.0 1.6561775822293567e-10
985.0 1.6561775822293567e-10
986.0 0.00012672612683672924
987.0 1.6561775822293567e-10
988.0 1.6561775822293567e-10
989.0 1.6561775822293567e-10
990.0 3.565660620097333e-05
991.0 0.00010128403573617106
992.0 0.00016691149085090728
993.0 9.871367865343927e-05
994.0 3.0515869298142206e-05
995.0 8.291269182336691e-05
996.0 0.0001353095058220788
997.0 0.00014149571825328167
998.0 0.00014768191931580077
999.0 0.00019888341284968192
1000.0 0.00025008482680277666
1001.0 0.00029927396099083126
1002.0 0.00034846304970415076
1003.0 0.00023554309791506967
1004.0 0.0001226231347573048
1005.0 0.00017865457948573749
1006.0 0.0002346860128454864
1007.0 0.00015167466926868656
1008.0 6.866335979793803e-05
1009.0 0.00014236602510209195
1010.0 0.00021606865630019456
1011.0 0.00018782623101287754
1012.0 0.00015958380572556052
1013.0 0.0002484162450855365
1014.0 0.0003372486844455125
1015.0 0.00025712370188557543
1016.0 0.0001769987534316897
1017.0 0.00015630741927452618
1018.0 0.00013561610785473022
1019.0 0.00010130632972504827
1020.0 6.699657433273387e-05
1021.0 0.0001436234128959768
1022.0 0.0002202502628279035
1023.0 0.0001814711822589743
1024.0 0.00014269211305872886
1025.0 0.00027617109026323305
1026.0 0.00040965010157378856
1027.0 0.00047418016038136557
1028.0 0.0005387101737142075
1029.0 0.0008715122021385469
1030.0 0.001204314139613416
1031.0 0.001559444899612572
1032.0 0.0019145754777127877
1033.0 0.0022630003513768315
1034.0 0.0026114252250408754
1035.0 0.0029763674319838174
1036.0 0.0033413096389267594
1037.0 0.0034041207982227206
1038.0 0.0034669323213165626
1039.0 0.002998352465510834
1040.0 0.0025297726097051054
1041.0 0.0022726300812792033
1042.0 0.002015487552853301
1043.0 0.0022006770450389013
1044.0 0.0023858667191234417
1045.0 0.002712108471314423
1046.0 0.003038350223505404
1047.0 0.003386395110283047
1048.0 0.0037344401789596304
1049.0 0.003090590689680539
1050.0 0.0024467412004014477
1051.0 0.0022902930140844546
1052.0 0.002133845009666402
1053.0 0.0019494287698762491
1054.0 0.0017650121662882157
1055.0 0.0012002131370536517
1056.0 0.0006354140168696176
1057.0 0.0007899206138972659
1058.0 0.0009444274837733246
1059.0 0.0009253201824321877
1060.0 0.0009062127901415806
1061.0 0.0011825932233477943
1062.0 0.001458973747503478
1063.0 0.0019335939214215614
1064.0 0.002408213731541764
1065.0 0.002887815935537219
1066.0 0.0033674179576337337
1067.0 0.003948745506932028
1068.0 0.004530073783826083
1069.0 0.0043698590161511675
1070.0 0.0042096435208804905
1071.0 0.003942993862438016
1072.0 0.00367634384019766
1073.0 0.002802394374157302
1074.0 0.0019284450900158845
1075.0 0.0020249375666026026
1076.0 0.0021214298612903804
1077.0 0.002404509359621443
1078.0 0.0026875888579525054
1079.0 0.002545675670262426
1080.0 0.002403762482572347
1081.0 0.0018700589862419292
1082.0 0.0013363558537093922
1083.0 0.0014218227079254575
1084.0 0.001507289653090993
1085.0 0.0008685960892762523
1086.0 0.00022990261641098186
1087.0 0.00060201186897757
1088.0 0.0009741212124936283
1089.0 0.00010895886362050078
1090.0 1.6561775822293567e-10
1091.0 5.871261237189174e-05
1092.0 0.0008736285053601023
1093.0 0.0004997100404580124
1094.0 0.0001257913936569821
1095.0 0.0002360680127821979
1096.0 0.00034634465464478126
1097.0 1.6561775822293567e-10
1098.0 1.6561775822293567e-10
1099.0 1.6561775822293567e-10
1100.0 0.000483235180581687
