lsstCam/transmission_filter_detector/r30_s01/i_39/19700101T000000.ecsv
# %ECSV 1.0
# ---
# datatype:
# - {name: wavelength, unit: nm, datatype: float32}
# - {name: efficiency, unit: '%', datatype: float64}
# meta: !!omap
# - {MODE: DETECTOR}
# - {TYPE: transmission_filter_detector}
# - {CALIBDATE: '1970-01-01T00:00:00'}
# - {INSTRUME: LSSTCam}
# - {OBSTYPE: transmission_filter_detector}
# - {CALIBCLS: lsst.ip.isr.IntermediateFilterDetectorTransmissionCurve}
# - {SOURCE: Materion (DM-46256)}
# - {DETECTOR: 118}
# - {FILTER: i_39}
# - {CALIB_ID: 'calibDate=1970-01-01T00:00:00 filter=i_39 detector=118'}
# - {DATE: '2025-04-02T15:59:47.026786'}
# - {CALIB_CREATION_DATE: '2025-04-02'}
# - {CALIB_CREATION_TIME: '15:59:47'}
# - __serialized_columns__:
#     efficiency:
#       __class__: astropy.units.quantity.Quantity
#       unit: !astropy.units.Unit {unit: '%'}
#       value: !astropy.table.SerializedColumn {name: efficiency}
#     wavelength:
#       __class__: astropy.units.quantity.Quantity
#       unit: !astropy.units.Unit {unit: nm}
#       value: !astropy.table.SerializedColumn {name: wavelength}
# schema: astropy-2.0
wavelength efficiency
300.0 1.6561775822293567e-10
301.0 1.6561775822293567e-10
302.0 0.009608124673832208
303.0 0.006933013355592266
304.0 0.004257906039129011
305.0 0.0037667010474251583
306.0 0.003275496419519186
307.0 0.005306294042384252
308.0 0.007337090210057795
309.0 0.007741859735688195
310.0 0.008146628533722833
311.0 0.001460035127820447
312.0 1.6561775822293567e-10
313.0 1.6561775822293567e-10
314.0 1.6561775822293567e-10
315.0 1.6561775822293567e-10
316.0 1.6561775822293567e-10
317.0 1.6561775822293567e-10
318.0 1.6561775822293567e-10
319.0 8.887676017366175e-05
320.0 0.004910676216240972
321.0 0.0032303785701515153
322.0 0.0015500789231737144
323.0 0.0012671735930780414
324.0 0.0009842671715887263
325.0 0.0012573050298669841
326.0 0.0015303427062463015
327.0 0.0014796222785662394
328.0 0.0014289023056335282
329.0 0.002466554542479571
330.0 0.003504206324578263
331.0 0.003781706254812889
332.0 0.004059206185047515
333.0 0.0029233129680505954
334.0 0.001787419751053676
335.0 0.001898426671687048
336.0 0.00200943359232042
337.0 0.002395687442913186
338.0 0.0027819407478091307
339.0 0.0009524504093860742
340.0 1.6561775822293567e-10
341.0 1.6561775822293567e-10
342.0 0.0006406090506061446
343.0 0.00044138432713225484
344.0 0.00024215958092099754
345.0 1.6561775822293567e-10
346.0 1.6561775822293567e-10
347.0 1.6561775822293567e-10
348.0 1.6561775822293567e-10
349.0 0.00014267221786212758
350.0 0.0011593539056775626
351.0 1.6561775822293567e-10
352.0 1.6561775822293567e-10
353.0 1.6561775822293567e-10
354.0 9.100241271653431e-06
355.0 0.00012980873407286708
356.0 0.0002505172005839995
357.0 0.00026170650926360395
358.0 0.00027289590889267856
359.0 0.00011502748975544819
360.0 1.6561775822293567e-10
361.0 9.643803196013323e-05
362.0 0.00023571694782731356
363.0 1.6561775822293567e-10
364.0 1.6561775822293567e-10
365.0 1.6561775822293567e-10
366.0 0.00023086465716914972
367.0 0.0004183478267805185
368.0 0.000605831110078725
369.0 0.00015343133554779342
370.0 1.6561775822293567e-10
371.0 1.6561775822293567e-10
372.0 1.6561775822293567e-10
373.0 1.6561775822293567e-10
374.0 1.6561775822293567e-10
375.0 1.6561775822293567e-10
376.0 1.6561775822293567e-10
377.0 1.6561775822293567e-10
378.0 1.6561775822293567e-10
379.0 0.000371355599781964
380.0 0.0009742897418618668
381.0 0.0005263984348857775
382.0 7.850717338442337e-05
383.0 0.0002975178176711779
384.0 0.0005165283255337272
385.0 0.0003538420287441113
386.0 0.00019115600480290595
387.0 0.00033355893265252234
388.0 0.0004759615876537282
389.0 0.0005595661605184432
390.0 0.0006431705514842179
391.0 0.0002773025016722386
392.0 1.6561775822293567e-10
393.0 4.2536376554380695e-05
394.0 0.00017363845472573303
395.0 0.0009826222594710998
396.0 0.0017916059732669964
397.0 0.0014841474694549106
398.0 0.0011766887837438844
399.0 0.0016007050362532027
400.0 0.0020247211068635806
401.0 0.004723921665572561
402.0 0.0074231211328879
403.0 0.0055570013500982895
404.0 0.003690880475915037
405.0 0.0023538421373814344
406.0 0.0010168042535951827
407.0 0.0013356674571696203
408.0 0.0016545305697945878
409.0 0.0022573953174287453
410.0 0.002860259519366082
411.0 0.004659086698666215
412.0 0.006457913696067408
413.0 0.006004082388244569
414.0 0.00555025071662385
415.0 0.004839827306568623
416.0 0.004129404624109156
417.0 0.004625886140274815
418.0 0.005122366928844713
419.0 0.004934211756335571
420.0 0.004746056220028549
421.0 0.005438982407213189
422.0 0.0061319078668020666
423.0 0.005634643457597122
424.0 0.005137379412190057
425.0 0.005307130413712002
426.0 0.005476882142829709
427.0 0.005922514174017124
428.0 0.00636814656900242
429.0 0.005240796963335015
430.0 0.0041134480852633715
431.0 0.0041257819248130545
432.0 0.004138116128160618
433.0 0.0036660556361312047
434.0 0.003193995144101791
435.0 0.002715312621148769
436.0 0.002236629734397866
437.0 0.0015455250832019374
438.0 0.0008544205229554791
439.0 0.0012936509847349953
440.0 0.0017328813555650413
441.0 0.0016685602531651966
442.0 0.001604239150765352
443.0 0.002017542465182487
444.0 0.0024308459614985622
445.0 0.0015554218407487497
446.0 0.000679997674524202
447.0 0.00040595928112452384
448.0 0.00013192072856327286
449.0 0.0003686881200337666
450.0 0.0006054553978174226
451.0 0.0005638898528559366
452.0 0.0005223243988439208
453.0 0.0005739753760281019
454.0 0.0006256262622628128
455.0 0.0007900968739704695
456.0 0.0009545675311528612
457.0 0.0003544651463016635
458.0 1.6561775822293567e-10
459.0 8.017957497941097e-05
460.0 0.00040599657040729653
461.0 0.0004811276539840037
462.0 0.000556258828510181
463.0 0.0006243006282602437
464.0 0.0006923423825355712
465.0 0.0005444732778414618
466.0 0.00039660435504629277
467.0 0.0003411102170503
468.0 0.0002856160790543072
469.0 0.0004925666871713474
470.0 0.0006995173407631228
471.0 0.0005557351869356353
472.0 0.0004119533514312934
473.0 0.0005436552328319522
474.0 0.0006753570687578758
475.0 0.0005929065082455054
476.0 0.0005104557658341946
477.0 0.0003377670282134204
478.0 0.0001650782223805436
479.0 0.0011888702829310205
480.0 0.0022126627300167456
481.0 0.002249602221127134
482.0 0.002286542257934343
483.0 0.0036538498534355313
484.0 0.005021156903239898
485.0 0.005553114169742912
486.0 0.006085069981054403
487.0 0.008616226841695607
488.0 0.011147381883347407
489.0 0.014310756523627788
490.0 0.017474130436312407
491.0 0.021163065684959292
492.0 0.0248520023887977
493.0 0.027481268625706434
494.0 0.03011054068338126
495.0 0.028329790802672505
496.0 0.026549038011580706
497.0 0.021091655071359128
498.0 0.015634273586329073
499.0 0.011159342102473602
500.0 0.006684410618618131
501.0 0.004627179077942856
502.0 0.0025699469915707596
503.0 0.002297462742717471
504.0 0.002024978311965242
505.0 0.0018594510038383305
506.0 0.0016939235138124786
507.0 0.0019222616174374707
508.0 0.0021505995391635224
509.0 0.002465798388584517
510.0 0.002780997056106571
511.0 0.0023891754608484916
512.0 0.001997353865590412
513.0 0.0019855959180858918
514.0 0.0019738381524803117
515.0 0.002001039138121996
516.0 0.0020282401237636805
517.0 0.0022199496015673503
518.0 0.00241165907937102
519.0 0.001978661930479575
520.0 0.0015456647815881297
521.0 0.00158992570504779
522.0 0.0016341866285074502
523.0 0.0017927648514159955
524.0 0.0019513430743245408
525.0 0.0022675649233860895
526.0 0.0025837869543465786
527.0 0.0026955709472531453
528.0 0.002807354940159712
529.0 0.0031792500521987677
530.0 0.003551144982338883
531.0 0.0032397147151641548
532.0 0.002928285721282009
533.0 0.002289633448526729
534.0 0.0016509811757714488
535.0 0.0017498994566267356
536.0 0.0018488177374820225
537.0 0.0024737506464589387
538.0 0.0030986833735369146
539.0 0.0037251709727570415
540.0 0.004351658935775049
541.0 0.0046665863919770345
542.0 0.00498151384817902
543.0 0.0052730218158103526
544.0 0.005564529783441685
545.0 0.004665846063289791
546.0 0.0037671623431378976
547.0 0.002904421489802189
548.0 0.0020416804545675404
549.0 0.0016411971955676563
550.0 0.0012407142094161827
551.0 0.0014466598258877639
552.0 0.0016526053514098749
553.0 0.001792332659533713
554.0 0.0019320599676575512
555.0 0.001430482279829448
556.0 0.0009289047739002854
557.0 0.0009413291081727948
558.0 0.0009537535333947744
559.0 0.0007361034931818722
560.0 0.0005184534074942349
561.0 0.0009888121894618962
562.0 0.001459171198803233
563.0 0.001603777491254732
564.0 0.0017483835108578205
565.0 0.0015233133126457687
566.0 0.0012982432963326573
567.0 0.0013107859558658674
568.0 0.0013233285244496074
569.0 0.0010572002793196589
570.0 0.0007910720341897104
571.0 0.0006617525286856107
572.0 0.0005324328412825707
573.0 0.0005731488727178657
574.0 0.0006138648132036906
575.0 0.00048292181418219116
576.0 0.0003519788606354268
577.0 0.00036513399663817836
578.0 0.0003782892008530325
579.0 0.00038638854675809853
580.0 0.00039448800635000225
581.0 0.0005196265192353167
582.0 0.000644764986645896
583.0 0.0005557300482905703
584.0 0.0004666949735110393
585.0 0.0006669614776910748
586.0 0.0008672280273458455
587.0 0.0006306910108833108
588.0 0.00039415403989551123
589.0 0.0005767365109932143
590.0 0.0007593190275656525
591.0 0.0005720648459828226
592.0 0.0003848106643999927
593.0 0.0004687192358687753
594.0 0.0005526278073375579
595.0 0.0004022501343570184
596.0 0.0002518724159017438
597.0 0.0003876843948091846
598.0 0.0005234963282418903
599.0 0.0004030135642096866
600.0 0.000282530845652218
601.0 0.00034309105103602633
602.0 0.00040365130189456977
603.0 0.0002165216528737801
604.0 2.9392015221674228e-05
605.0 0.00010755364883152652
606.0 0.00018571527107269503
607.0 0.0003478642156551359
608.0 0.0005100131602375768
609.0 0.0004070264367328491
610.0 0.00030403973596548894
611.0 0.00039297688090300653
612.0 0.00048191404857789166
613.0 0.0004237046141497558
614.0 0.00036549524793372257
615.0 0.0004309538326197071
616.0 0.0004964124400430592
617.0 0.0004083165094925789
618.0 0.0003202206471542013
619.0 0.0003117626647508587
620.0 0.0003033047505596187
621.0 0.00027936623610003153
622.0 0.0002554277443778119
623.0 0.00032529178497497924
624.0 0.0003951558483095141
625.0 0.00035897912766813533
626.0 0.00032280245250149164
627.0 0.0003486520654405467
628.0 0.0003745016783796018
629.0 0.0004248272034601541
630.0 0.0004751525921165012
631.0 0.0005062002401245991
632.0 0.0005372477971832268
633.0 0.00045882575250288937
634.0 0.0003804036396104493
635.0 0.0004604963123711059
636.0 0.00054058900786913
637.0 0.00043604072743619327
638.0 0.00033149235605378635
639.0 0.00046947957343945745
640.0 0.0006074667908251286
641.0 0.0005925729510636302
642.0 0.0005776791567768669
643.0 0.0005725848950532963
644.0 0.0005674904969055206
645.0 0.0006274145107454387
646.0 0.0006873385245853569
647.0 0.0006786679023207398
648.0 0.0006699970981571823
649.0 0.00078595730883535
650.0 0.0009019174285640474
651.0 0.000923495645110961
652.0 0.0009450738616578747
653.0 0.0009456288353248965
654.0 0.0009461839908908587
655.0 0.0013043341823504306
656.0 0.0016624842828605324
657.0 0.0026304578568669967
658.0 0.003598431430873461
659.0 0.005902167322346941
660.0 0.060113059589639306
661.0 0.10318341664969921
662.0 0.06847917684353888
663.0 0.10748812928795815
664.0 0.10405106004327536
665.0 0.10230210609734058
666.0 0.11991539504379034
667.0 0.148989784065634
668.0 0.17049836460500956
669.0 0.24175583384931087
670.0 0.3148193936794996
671.0 0.4645007196813822
672.0 0.6854491773992777
673.0 1.0760431177914143
674.0 1.6597237437963486
675.0 2.508581057190895
676.0 3.5237587988376617
677.0 4.793461039662361
678.0 6.101368740200996
679.0 7.458234578371048
680.0 9.239180386066437
681.0 11.18762493133545
682.0 13.658390939235687
683.0 16.390642523765564
684.0 19.398030638694763
685.0 22.300004959106445
686.0 25.303399562835693
687.0 28.478479385375977
688.0 31.731820106506348
689.0 34.89781320095062
690.0 38.48211169242859
691.0 42.44971573352814
692.0 47.141265869140625
693.0 52.11220383644104
694.0 57.761675119400024
695.0 63.377487659454346
696.0 69.69483494758606
697.0 75.23984909057617
698.0 81.41714334487915
699.0 86.21649146080017
700.0 90.04331231117249
701.0 93.2026743888855
702.0 95.37489414215088
703.0 96.63243293762207
704.0 97.34676480293274
705.0 97.84587621688843
706.0 97.94230461120605
707.0 98.1218695640564
708.0 98.17222356796265
709.0 98.26066493988037
710.0 98.01478385925293
711.0 98.16908836364746
712.0 98.0154275894165
713.0 98.19148778915405
714.0 98.16703796386719
715.0 98.26657176017761
716.0 98.09422492980957
717.0 98.37032556533813
718.0 98.38780760765076
719.0 98.3130931854248
720.0 98.66060614585876
721.0 98.55644702911377
722.0 98.26264381408691
723.0 98.1096625328064
724.0 97.72488474845886
725.0 97.42726683616638
726.0 97.1625566482544
727.0 96.85353636741638
728.0 96.5710997581482
729.0 96.380215883255
730.0 96.3539183139801
731.0 96.39168381690979
732.0 96.36428952217102
733.0 96.70672416687012
734.0 97.05114364624023
735.0 97.27473258972168
736.0 97.662353515625
737.0 98.11328053474426
738.0 98.34150075912476
739.0 98.7377405166626
740.0 98.92868399620056
741.0 98.79974722862244
742.0 99.06504154205322
743.0 98.9520251750946
744.0 98.73818755149841
745.0 98.6787736415863
746.0 98.6329197883606
747.0 98.90826344490051
748.0 98.74746203422546
749.0 98.66535067558289
750.0 98.69415163993835
751.0 98.60942959785461
752.0 98.44055771827698
753.0 98.69314432144165
754.0 98.60119819641113
755.0 98.66635203361511
756.0 98.75907897949219
757.0 98.74774217605591
758.0 98.90245199203491
759.0 98.92339706420898
760.0 98.80538582801819
761.0 98.75224828720093
762.0 98.75048995018005
763.0 98.71782660484314
764.0 98.57845306396484
765.0 98.58949780464172
766.0 98.6052393913269
767.0 98.39428663253784
768.0 98.49637150764465
769.0 98.54051470756531
770.0 98.2831597328186
771.0 98.29021692276001
772.0 98.38833808898926
773.0 98.25095534324646
774.0 98.1145977973938
775.0 98.21784496307373
776.0 98.12016487121582
777.0 98.13112616539001
778.0 98.15921783447266
779.0 98.15971851348877
780.0 98.07329773902893
781.0 98.35269451141357
782.0 98.2167661190033
783.0 98.20519685745239
784.0 98.23141694068909
785.0 98.34708571434021
786.0 98.53333234786987
787.0 98.21670055389404
788.0 98.36699962615967
789.0 98.40635657310486
790.0 98.37585091590881
791.0 98.45224022865295
792.0 98.2775330543518
793.0 98.24907183647156
794.0 98.16848039627075
795.0 98.10102581977844
796.0 98.16650748252869
797.0 98.22076559066772
798.0 98.2104241847992
799.0 98.01799058914185
800.0 97.8976309299469
801.0 97.95688986778259
802.0 97.79927730560303
803.0 97.67014980316162
804.0 97.50539660453796
805.0 97.10977673530579
806.0 96.83411717414856
807.0 96.19169235229492
808.0 95.36454677581787
809.0 94.34369802474976
810.0 93.223637342453
811.0 91.63888096809387
812.0 89.60956335067749
813.0 87.17238903045654
814.0 84.44598317146301
815.0 81.07856512069702
816.0 77.57710218429565
817.0 73.45209121704102
818.0 68.69627237319946
819.0 64.44184184074402
820.0 59.38729643821716
821.0 54.829996824264526
822.0 50.30662417411804
823.0 45.73264420032501
824.0 41.04489088058472
825.0 36.68822646141052
826.0 32.26701319217682
827.0 27.62410342693329
828.0 23.458415269851685
829.0 19.234992563724518
830.0 14.889387786388397
831.0 11.539307981729507
832.0 8.162812888622284
833.0 5.509763956069946
834.0 3.5375364124774933
835.0 2.2144369781017303
836.0 1.3122872449457645
837.0 0.7452641613781452
838.0 0.42449976317584515
839.0 0.26491647586226463
840.0 0.14846555422991514
841.0 0.06495399866253138
842.0 0.04292289377190173
843.0 0.0412729277741164
844.0 0.01492380106355995
845.0 0.017183345335070044
846.0 1.6561775822293567e-10
847.0 1.6561775822293567e-10
848.0 1.6561775822293567e-10
849.0 1.6561775822293567e-10
850.0 1.6561775822293567e-10
851.0 0.0012943732144776732
852.0 0.0026205982067040168
853.0 0.00164334851433523
854.0 0.0006660988674411783
855.0 0.00033359654025844065
856.0 1.0942533990032643e-06
857.0 7.960744028423505e-05
858.0 0.00015812059928066446
859.0 1.6561775822293567e-10
860.0 1.6561775822293567e-10
861.0 1.6561775822293567e-10
862.0 1.6561775822293567e-10
863.0 1.6561775822293567e-10
864.0 1.7271023011744546e-05
865.0 2.177302036443507e-05
866.0 2.6274963715877675e-05
867.0 1.6561775822293567e-10
868.0 1.6561775822293567e-10
869.0 1.6561775822293567e-10
870.0 7.02487909620686e-05
871.0 0.0001150414504991204
872.0 0.0001598340759301209
873.0 4.1037142750610656e-05
874.0 1.6561775822293567e-10
875.0 1.6561775822293567e-10
876.0 1.6561775822293567e-10
877.0 1.6561775822293567e-10
878.0 0.00018596069821796846
879.0 6.687340601274627e-05
880.0 1.6561775822293567e-10
881.0 1.1662375243304268e-05
882.0 7.553861109954596e-05
883.0 1.6561775822293567e-10
884.0 1.6561775822293567e-10
885.0 1.6561775822293567e-10
886.0 1.6561775822293567e-10
887.0 1.6561775822293567e-10
888.0 1.6561775822293567e-10
889.0 1.6561775822293567e-10
890.0 7.334560336857976e-05
891.0 2.7764156129705952e-05
892.0 1.6561775822293567e-10
893.0 1.6561775822293567e-10
894.0 1.6561775822293567e-10
895.0 1.6561775822293567e-10
896.0 7.881338248694192e-07
