lsstCam/transmission_filter_detector/r14_s12/i_39/19700101T000000.ecsv
# %ECSV 1.0
# ---
# datatype:
# - {name: wavelength, unit: nm, datatype: float32}
# - {name: efficiency, unit: '%', datatype: float64}
# meta: !!omap
# - {MODE: DETECTOR}
# - {TYPE: transmission_filter_detector}
# - {CALIBDATE: '1970-01-01T00:00:00'}
# - {INSTRUME: LSSTCam}
# - {OBSTYPE: transmission_filter_detector}
# - {CALIBCLS: lsst.ip.isr.IntermediateFilterDetectorTransmissionCurve}
# - {SOURCE: Materion (DM-46256)}
# - {DETECTOR: 68}
# - {FILTER: i_39}
# - {CALIB_ID: 'calibDate=1970-01-01T00:00:00 filter=i_39 detector=68'}
# - {DATE: '2025-04-02T15:59:46.794068'}
# - {CALIB_CREATION_DATE: '2025-04-02'}
# - {CALIB_CREATION_TIME: '15:59:46'}
# - __serialized_columns__:
#     efficiency:
#       __class__: astropy.units.quantity.Quantity
#       unit: !astropy.units.Unit {unit: '%'}
#       value: !astropy.table.SerializedColumn {name: efficiency}
#     wavelength:
#       __class__: astropy.units.quantity.Quantity
#       unit: !astropy.units.Unit {unit: nm}
#       value: !astropy.table.SerializedColumn {name: wavelength}
# schema: astropy-2.0
wavelength efficiency
300.0 0.07201482076197863
301.0 0.03737587539944798
302.0 0.0027369565941626206
303.0 0.018702894158195704
304.0 0.034668834996409714
305.0 0.03240510413888842
306.0 0.03014137619175017
307.0 0.005407144271885045
308.0 1.951905000477372e-10
309.0 1.951905000477372e-10
310.0 1.951905000477372e-10
311.0 1.951905000477372e-10
312.0 0.0017541065972181968
313.0 1.951905000477372e-10
314.0 1.951905000477372e-10
315.0 1.951905000477372e-10
316.0 1.951905000477372e-10
317.0 1.951905000477372e-10
318.0 1.951905000477372e-10
319.0 1.951905000477372e-10
320.0 1.951905000477372e-10
321.0 1.951905000477372e-10
322.0 1.951905000477372e-10
323.0 1.951905000477372e-10
324.0 1.951905000477372e-10
325.0 1.951905000477372e-10
326.0 1.951905000477372e-10
327.0 1.951905000477372e-10
328.0 0.0036177334550302476
329.0 0.0019915454686270095
330.0 0.0003653577323348145
331.0 0.00039018113966449164
332.0 0.00041500484257994685
333.0 0.0012414283446560148
334.0 0.0020678517103078775
335.0 0.001321230774919968
336.0 0.0005746103852288797
337.0 0.0015001178326201625
338.0 0.0024256252800114453
339.0 0.0033037158573279157
340.0 0.004181806798442267
341.0 0.0006371340077748755
342.0 1.951905000477372e-10
343.0 1.951905000477372e-10
344.0 1.951905000477372e-10
345.0 1.951905000477372e-10
346.0 1.951905000477372e-10
347.0 1.951905000477372e-10
348.0 1.951905000477372e-10
349.0 1.951905000477372e-10
350.0 1.951905000477372e-10
351.0 1.951905000477372e-10
352.0 0.000158646298586973
353.0 1.951905000477372e-10
354.0 1.951905000477372e-10
355.0 1.951905000477372e-10
356.0 0.00025672131869214354
357.0 0.0006798242338845739
358.0 0.001102927217289107
359.0 0.0010436669981572777
360.0 0.0009844063242780976
361.0 0.0005133855211170157
362.0 4.2364652586002194e-05
363.0 1.951905000477372e-10
364.0 1.951905000477372e-10
365.0 0.0010424119864183012
366.0 0.0022325702957459725
367.0 0.00123783493108931
368.0 0.0002430996119073825
369.0 0.0007692899089306593
370.0 0.0012954802514286712
371.0 0.0010467423635418527
372.0 0.000798004384705564
373.0 0.000685748773321393
374.0 0.000573493207411957
375.0 1.951905000477372e-10
376.0 1.951905000477372e-10
377.0 1.951905000477372e-10
378.0 0.000139753512939933
379.0 1.951905000477372e-10
380.0 1.951905000477372e-10
381.0 1.951905000477372e-10
382.0 1.951905000477372e-10
383.0 0.00013486909438142902
384.0 0.0014889371414028574
385.0 0.0012557188711070921
386.0 0.0010225003279629163
387.0 1.951905000477372e-10
388.0 1.951905000477372e-10
389.0 1.951905000477372e-10
390.0 1.951905000477372e-10
391.0 1.951905000477372e-10
392.0 1.951905000477372e-10
393.0 5.107166316520306e-05
394.0 0.0006864996066724416
395.0 1.951905000477372e-10
396.0 1.951905000477372e-10
397.0 1.951905000477372e-10
398.0 3.70136689298306e-05
399.0 0.0002734997224251856
400.0 0.0005099856934975833
401.0 0.0005994586899760179
402.0 0.0006889307314850157
403.0 0.0009091498213820159
404.0 0.0011293696843495127
405.0 0.0032794610888231546
406.0 0.005429552402347326
407.0 0.003074882988585159
408.0 0.0007202111646620324
409.0 0.0006382799710991094
410.0 0.0005563468675973127
411.0 0.003072961771977134
412.0 0.005589577631326392
413.0 0.004863189678872004
414.0 0.004136802817811258
415.0 0.0050812937843147665
416.0 0.0060257840232225135
417.0 0.0032337618904421106
418.0 0.00044174039430799894
419.0 0.003279443262727
420.0 0.00611714567639865
421.0 0.0051487691962393
422.0 0.00418039271607995
423.0 0.004323558823671192
424.0 0.0044667249312624335
425.0 0.0034974891605088487
426.0 0.002528252298361622
427.0 0.003539717727107927
428.0 0.004551183519652113
429.0 0.005024762140237726
430.0 0.005498341852216981
431.0 0.004506181358010508
432.0 0.003514021955197677
433.0 0.004233826621202752
434.0 0.004953631287207827
435.0 0.003220694634364918
436.0 0.0014877574358251877
437.0 0.0012134984899603296
438.0 0.0009392395440954715
439.0 0.0014530311091220938
440.0 0.0019668228560476564
441.0 0.0004581234861689154
442.0 1.951905000477372e-10
443.0 1.951905000477372e-10
444.0 1.951905000477372e-10
445.0 1.6751961595673492e-05
446.0 0.00032108107461681357
447.0 0.00041482585402263794
448.0 0.0005085706106910948
449.0 1.951905000477372e-10
450.0 1.951905000477372e-10
451.0 0.000269925158136175
452.0 0.0014231245586415753
453.0 0.001603320379217621
454.0 0.0017835165635915473
455.0 0.0017806969481171109
456.0 0.0017778773326426744
457.0 0.0012241989679750986
458.0 0.0006705206033075228
459.0 0.00046181744437490124
460.0 0.00025311437639174983
461.0 0.0004171042746747844
462.0 0.0005810941274830839
463.0 0.00016258258028756245
464.0 1.951905000477372e-10
465.0 0.0002349892383790575
466.0 0.0007259074209287064
467.0 0.0008375180186703801
468.0 0.0009491285709373187
469.0 0.0004970019745087484
470.0 4.4875446292280685e-05
471.0 0.00037680995319533395
472.0 0.0007087445283104898
473.0 0.0009500974556431174
474.0 0.0011914506103494205
475.0 0.0007336141152336495
476.0 0.0002757780066531268
477.0 0.0006274833140196279
478.0 0.0009791886441234965
479.0 0.0010489195119589567
480.0 0.001118650379794417
481.0 0.0023967599190655164
482.0 0.003674867912195623
483.0 0.00491946266265586
484.0 0.0061640574131160975
485.0 0.006153420690679923
486.0 0.006142783968243748
487.0 0.00915247801458463
488.0 0.012162172060925514
489.0 0.016494389274157584
490.0 0.020826603577006608
491.0 0.024464621674269438
492.0 0.028102638316340744
493.0 0.030296857585199177
494.0 0.032491079764440656
495.0 0.028592220041900873
496.0 0.024693357408978045
497.0 0.018897328118328005
498.0 0.01310129591729492
499.0 0.009555221913615242
500.0 0.0060091482737334445
501.0 0.00443455865024589
502.0 0.002859969754354097
503.0 0.002277058047184255
504.0 0.0016941459762165323
505.0 0.001665467061684467
506.0 0.0016367881471524015
507.0 0.0019720671843970194
508.0 0.0023073462216416374
509.0 0.0025681787519715726
510.0 0.0028290114642004482
511.0 0.002109596607624553
512.0 0.0013901818419981282
513.0 0.0015274970792233944
514.0 0.0016648122254991904
515.0 0.0021791669496451505
516.0 0.002693521855690051
517.0 0.002182105708925519
518.0 0.0016706895621609874
519.0 0.002001517714234069
520.0 0.002332346048206091
521.0 0.001926144068420399
522.0 0.0015199422705336474
523.0 0.001500998405390419
524.0 0.0014820549040450715
525.0 0.0019624023479991592
526.0 0.0024427496100543067
527.0 0.0028495660444605164
528.0 0.003256382478866726
529.0 0.0032989213650580496
530.0 0.0033414609788451344
531.0 0.0029184546292526647
532.0 0.002495448825357016
533.0 0.002179170223826077
534.0 0.0018628918041940778
535.0 0.0016661208064761013
536.0 0.0014693498997075949
537.0 0.0020918621885357425
538.0 0.0027143742045154795
539.0 0.003219932477804832
540.0 0.003725490751094185
541.0 0.004491516665439121
542.0 0.005257542579784058
543.0 0.005269591201795265
544.0 0.005281640187604353
545.0 0.004399278986966237
546.0 0.0035169185139238834
547.0 0.0026272467948729172
548.0 0.0017375752577208914
549.0 0.0018218273908132687
550.0 0.0019060797058045864
551.0 0.0016768695786595345
552.0 0.0014476595424639527
553.0 0.0017969925465877168
554.0 0.002146325641660951
555.0 0.0016330079233739525
556.0 0.001119690205086954
557.0 0.0008559547495678999
558.0 0.0005922193395235809
559.0 0.0001830532482927083
560.0 1.951905000477372e-10
561.0 0.0005191918262426043
562.0 0.0012644966773223132
563.0 0.001397532832925208
564.0 0.001530569170427043
565.0 0.0012132862138969358
566.0 0.0008960032573668286
567.0 0.0010203242709394544
568.0 0.00114464519356261
569.0 0.001052124298439594
570.0 0.0009596030395186972
571.0 0.0006242905783437891
572.0 0.0002889780034820433
573.0 0.0003719407231983496
574.0 0.00045490351112675853
575.0 0.00043835498217958957
576.0 0.0004218064077576855
577.0 0.0005357816917239688
578.0 0.0006497569302155171
579.0 0.0002887337814172497
580.0 1.951905000477372e-10
581.0 0.0001564313151902752
582.0 0.00038515199776156805
583.0 0.000484167776448885
584.0 0.0005831833732372615
585.0 0.0006533045507239876
586.0 0.0007234258191601839
587.0 0.0006861197562102461
588.0 0.0006488135568361031
589.0 0.0006622110049647745
590.0 0.0006756084530934459
591.0 0.0008701647857378703
592.0 0.0010647212548065
593.0 0.0007547960649390006
594.0 0.00044487087507150136
595.0 0.0007046502560115186
596.0 0.0009644295460020658
597.0 0.0007618589734192938
598.0 0.000559288537260727
599.0 0.0005416301064542495
600.0 0.0005239715846983017
601.0 0.0004045443802169757
602.0 0.00028511717573564965
603.0 0.0002812778802763205
604.0 0.00027743847113015363
605.0 0.0002569961452536518
606.0 0.00023655381937714992
607.0 0.00041648800106486306
608.0 0.0005964220235910034
609.0 0.0005455540758703137
610.0 0.0004946859007759485
611.0 0.0006818012479925528
612.0 0.0008689166861586273
613.0 0.0005160554792382754
614.0 0.0001631943973734451
615.0 1.951905000477372e-10
616.0 1.951905000477372e-10
617.0 1.951905000477372e-10
618.0 0.00012274516620891518
619.0 0.00027369549115974223
620.0 0.0004246458502166206
621.0 0.0005383535153669072
622.0 0.0006520610895677237
623.0 0.00060286342886684
624.0 0.0005536657681659563
625.0 0.0005063724074716447
626.0 0.0004590790922520682
627.0 0.00034580339161038864
628.0 0.00023252773644344416
629.0 0.0004469310169952223
630.0 0.0006613343430217355
631.0 0.0005329241048457334
632.0 0.0004045138211949961
633.0 0.0004135046765441075
634.0 0.0004224954864184838
635.0 0.0003966723852499854
636.0 0.0003708491931320168
637.0 0.0003369832256794325
638.0 0.0003031170990652754
639.0 0.0005951733783149393
640.0 0.0008872295438777655
641.0 0.0006380097147484776
642.0 0.0003887898401444545
643.0 0.0005399463589128572
644.0 0.00069110287768126
645.0 0.0006705356099701021
646.0 0.0006499684786831494
647.0 0.0007535794793511741
648.0 0.0008571909347665496
649.0 0.0007413161711156135
650.0 0.0006254414074646775
651.0 0.0008372099728148896
652.0 0.0010489785381651018
653.0 0.0011542451829882339
654.0 0.0012595117368618958
655.0 0.0017295824363827705
656.0 0.002199652954004705
657.0 0.0031228199077304453
658.0 0.0040459857700625435
659.0 0.006461668817792088
660.0 0.06509874947369099
661.0 0.08891639881767333
662.0 0.09502317989245057
663.0 0.05470822216011584
664.0 0.10549267753958702
665.0 0.11205896735191345
666.0 0.12736472999677062
667.0 0.1630093203857541
668.0 0.19066716777160764
669.0 0.24786139838397503
670.0 0.3438446670770645
671.0 0.39815730415284634
672.0 0.6699216086417437
673.0 1.1574001982808113
674.0 1.706082560122013
675.0 2.493143267929554
676.0 3.539867326617241
677.0 4.76112887263298
678.0 6.100969761610031
679.0 7.524361461400986
680.0 9.351732581853867
681.0 11.354033648967743
682.0 13.978670537471771
683.0 16.839034855365753
684.0 19.990940392017365
685.0 22.997954487800598
686.0 26.132747530937195
687.0 29.40017282962799
688.0 32.55549073219299
689.0 35.62825918197632
690.0 39.10438418388367
691.0 42.80565679073334
692.0 47.34588861465454
693.0 52.171409130096436
694.0 57.76811242103577
695.0 63.27083706855774
696.0 69.53867077827454
697.0 75.07007718086243
698.0 81.33952617645264
699.0 86.1053466796875
700.0 89.9711012840271
701.0 93.01258325576782
702.0 95.18475532531738
703.0 96.3513731956482
704.0 96.96206450462341
705.0 97.47123122215271
706.0 97.57903814315796
707.0 97.80943393707275
708.0 97.88262844085693
709.0 98.00623059272766
710.0 97.69535660743713
711.0 97.90019989013672
712.0 97.77441620826721
713.0 97.79819846153259
714.0 97.93758988380432
715.0 98.02474975585938
716.0 97.87548184394836
717.0 98.02002310752869
718.0 98.12749028205872
719.0 98.0614960193634
720.0 98.31424355506897
721.0 98.28463792800903
722.0 97.9762315750122
723.0 97.75527119636536
724.0 97.446608543396
725.0 97.1510112285614
726.0 96.84939384460449
727.0 96.57462239265442
728.0 96.3139295578003
729.0 96.08977437019348
730.0 96.1164116859436
731.0 96.17903232574463
732.0 96.2045669555664
733.0 96.5613305568695
734.0 96.94763422012329
735.0 97.14738130569458
736.0 97.57450222969055
737.0 97.93316721916199
738.0 98.22965860366821
739.0 98.55266213417053
740.0 98.65970015525818
741.0 98.50739240646362
742.0 98.73861074447632
743.0 98.626047372818
744.0 98.43387007713318
745.0 98.37466478347778
746.0 98.38957786560059
747.0 98.61252903938293
748.0 98.49897027015686
749.0 98.39462041854858
750.0 98.46182465553284
751.0 98.35214614868164
752.0 98.26216101646423
753.0 98.51564168930054
754.0 98.43176603317261
755.0 98.47502112388611
756.0 98.54412078857422
757.0 98.51654767990112
758.0 98.61105680465698
759.0 98.62067699432373
760.0 98.42919111251831
761.0 98.37891459465027
762.0 98.47536087036133
763.0 98.39343428611755
764.0 98.23327660560608
765.0 98.25032949447632
766.0 98.34169745445251
767.0 98.07273149490356
768.0 98.1889545917511
769.0 98.15899729728699
770.0 98.01837801933289
771.0 98.07924032211304
772.0 98.15736413002014
773.0 98.07629585266113
774.0 97.92299270629883
775.0 98.07897806167603
776.0 97.95019626617432
777.0 98.0578601360321
778.0 97.95278906822205
779.0 97.90940880775452
780.0 97.77774214744568
781.0 98.01788330078125
782.0 97.83477783203125
783.0 97.83339500427246
784.0 97.83722162246704
785.0 97.87842035293579
786.0 98.04378747940063
787.0 97.78262972831726
788.0 97.91004657745361
789.0 98.01702499389648
790.0 97.94030785560608
791.0 98.01164269447327
792.0 97.85171151161194
793.0 97.84719944000244
794.0 97.86086678504944
795.0 97.76294231414795
796.0 97.87352681159973
797.0 97.96481132507324
798.0 97.99153208732605
799.0 97.84831404685974
800.0 97.63396382331848
801.0 97.67707586288452
802.0 97.67343997955322
803.0 97.4633276462555
804.0 97.33189344406128
805.0 97.01610803604126
806.0 96.78336977958679
807.0 96.23991847038269
808.0 95.5605149269104
809.0 94.73146200180054
810.0 93.76672506332397
811.0 92.50803589820862
812.0 90.73230624198914
813.0 88.5105550289154
814.0 85.99417805671692
815.0 82.9249918460846
816.0 79.67145442962646
817.0 75.647634267807
818.0 70.98312377929688
819.0 66.8142318725586
820.0 61.71378493309021
821.0 57.00148344039917
822.0 52.314215898513794
823.0 47.59684205055237
824.0 42.821478843688965
825.0 38.531067967414856
826.0 34.01341140270233
827.0 29.37398850917816
828.0 25.153395533561707
829.0 20.97294330596924
830.0 16.523264348506927
831.0 13.018228113651276
832.0 9.422030299901962
833.0 6.559034436941147
834.0 4.273435473442078
835.0 2.6400476694107056
836.0 1.5863504260778427
837.0 0.9157554246485233
838.0 0.4992055706679821
839.0 0.31898526940494776
840.0 0.16252306522801518
841.0 0.1091863727197051
842.0 0.03756690421141684
843.0 0.031890024547465146
844.0 0.0013499303349817637
845.0 1.951905000477372e-10
846.0 1.951905000477372e-10
847.0 1.951905000477372e-10
848.0 1.951905000477372e-10
849.0 1.951905000477372e-10
850.0 1.951905000477372e-10
851.0 0.00018243954400531948
852.0 0.0011915726645383984
853.0 0.0012227984370838385
854.0 0.0012540245734271593
855.0 0.0008851054190017749
856.0 0.0005161864010005957
857.0 0.0007096405624906765
858.0 0.0009030944056576118
859.0 0.0006093045158195309
860.0 0.00031551451229461236
861.0 0.0003503742163957213
862.0 0.00038523380680999253
863.0 0.00019291662738396553
864.0 5.994985841084599e-07
865.0 2.7762595777858223e-05
866.0 5.49256242265983e-05
867.0 1.809920462392256e-05
868.0 1.951905000477372e-10
869.0 1.951905000477372e-10
870.0 1.951905000477372e-10
871.0 1.5491328042571695e-05
872.0 0.0002670838966878364
873.0 0.0002072553570542368
874.0 0.00014742680605195346
875.0 0.0001772432028701587
876.0 0.00020705963379441528
877.0 1.951905000477372e-10
878.0 1.951905000477372e-10
879.0 1.951905000477372e-10
880.0 0.0003759242645173799
881.0 0.0001599527877260698
882.0 1.951905000477372e-10
883.0 0.00014165372022034717
884.0 0.0003393261522433022
885.0 0.00019939868707297137
886.0 5.947127306171751e-05
887.0 9.282293262913299e-05
888.0 0.00012617463198694168
889.0 6.786607968933822e-05
890.0 9.557550839645046e-06
891.0 7.717760581726907e-05
892.0 0.00014479763876806828
893.0 0.00023494787910749437
894.0 0.0003250981080782367
895.0 1.951905000477372e-10
896.0 1.951905000477372e-10
897.0 1.951905000477372e-10
898.0 2.3016944794562733e-06
