lsstCam/transmission_filter_detector/r14_s12/i_39/19700101T000000.ecsv
# %ECSV 1.0
# ---
# datatype:
# - {name: wavelength, unit: nm, datatype: float32}
# - {name: efficiency, unit: '%', datatype: float64}
# meta: !!omap
# - {MODE: DETECTOR}
# - {TYPE: transmission_filter_detector}
# - {CALIBDATE: '1970-01-01T00:00:00'}
# - {INSTRUME: LSSTCam}
# - {OBSTYPE: transmission_filter_detector}
# - {CALIBCLS: lsst.ip.isr.IntermediateFilterDetectorTransmissionCurve}
# - {SOURCE: Materion (DM-46256)}
# - {DETECTOR: 68}
# - {FILTER: i_39}
# - {CALIB_ID: 'calibDate=1970-01-01T00:00:00 filter=i_39 detector=68'}
# - {DATE: '2025-04-02T15:59:46.794068'}
# - {CALIB_CREATION_DATE: '2025-04-02'}
# - {CALIB_CREATION_TIME: '15:59:46'}
# - __serialized_columns__:
#     efficiency:
#       __class__: astropy.units.quantity.Quantity
#       unit: !astropy.units.Unit {unit: '%'}
#       value: !astropy.table.SerializedColumn {name: efficiency}
#     wavelength:
#       __class__: astropy.units.quantity.Quantity
#       unit: !astropy.units.Unit {unit: nm}
#       value: !astropy.table.SerializedColumn {name: wavelength}
# schema: astropy-2.0
wavelength efficiency
[from data line 600]
900.0 1.951905000477372e-10
901.0 1.951905000477372e-10
902.0 1.951905000477372e-10
903.0 1.951905000477372e-10
904.0 1.951905000477372e-10
905.0 1.951905000477372e-10
906.0 1.951905000477372e-10
907.0 8.889207379070285e-05
908.0 0.0002493372676326544
909.0 1.951905000477372e-10
910.0 1.951905000477372e-10
911.0 1.951905000477372e-10
912.0 1.951905000477372e-10
913.0 2.734250337255162e-06
914.0 3.4624770250957226e-05
915.0 1.951905000477372e-10
916.0 1.951905000477372e-10
917.0 1.951905000477372e-10
918.0 1.951905000477372e-10
919.0 1.951905000477372e-10
920.0 7.42298539080366e-05
921.0 9.403000831298414e-05
922.0 0.00011383016271793167
923.0 1.951905000477372e-10
924.0 1.951905000477372e-10
925.0 5.0822745834011585e-05
926.0 0.0003111589421678218
927.0 1.951905000477372e-10
928.0 1.951905000477372e-10
929.0 1.951905000477372e-10
930.0 0.00026183481622865656
931.0 0.00022038602764951065
932.0 0.0001789372504390485
933.0 0.0001666807065703324
934.0 0.0001544241968076676
935.0 1.951905000477372e-10
936.0 1.951905000477372e-10
937.0 1.951905000477372e-10
938.0 1.951905000477372e-10
939.0 1.951905000477372e-10
940.0 1.951905000477372e-10
941.0 1.951905000477372e-10
942.0 1.951905000477372e-10
943.0 1.951905000477372e-10
944.0 1.951905000477372e-10
945.0 1.951905000477372e-10
946.0 1.951905000477372e-10
947.0 1.951905000477372e-10
948.0 1.951905000477372e-10
949.0 1.951905000477372e-10
950.0 1.951905000477372e-10
951.0 1.951905000477372e-10
952.0 1.951905000477372e-10
953.0 1.951905000477372e-10
954.0 1.951905000477372e-10
955.0 0.00010081206482936977
956.0 0.00033501075904496247
957.0 0.0002280876742588589
958.0 0.00012116453262933646
959.0 8.922805250222154e-05
960.0 5.729156669076474e-05
961.0 7.795485998940421e-05
962.0 9.861813623501803e-05
963.0 1.951905000477372e-10
964.0 1.951905000477372e-10
965.0 1.951905000477372e-10
966.0 1.951905000477372e-10
967.0 1.951905000477372e-10
968.0 1.951905000477372e-10
969.0 1.951905000477372e-10
970.0 1.951905000477372e-10
971.0 1.951905000477372e-10
972.0 1.951905000477372e-10
973.0 1.951905000477372e-10
974.0 1.951905000477372e-10
975.0 1.951905000477372e-10
976.0 1.951905000477372e-10
977.0 1.951905000477372e-10
978.0 1.951905000477372e-10
979.0 1.951905000477372e-10
980.0 1.951905000477372e-10
981.0 1.951905000477372e-10
982.0 1.951905000477372e-10
983.0 1.951905000477372e-10
984.0 1.951905000477372e-10
985.0 9.147925652541744e-05
986.0 0.0002866662271117093
987.0 4.423002621933847e-05
988.0 1.951905000477372e-10
989.0 1.951905000477372e-10
990.0 1.951905000477372e-10
991.0 1.951905000477372e-10
992.0 1.951905000477372e-10
993.0 1.951905000477372e-10
994.0 3.3485498818208725e-06
995.0 1.951905000477372e-10
996.0 1.951905000477372e-10
997.0 0.00010608632692310493
998.0 0.00035203602237743326
999.0 0.00034894515010819305
1000.0 0.0003458542096268502
1001.0 0.00012290893209865317
1002.0 1.951905000477372e-10
1003.0 9.167052184011482e-06
1004.0 0.00011837055353680626
1005.0 8.680019902840286e-06
1006.0 1.951905000477372e-10
1007.0 2.830691698818555e-05
1008.0 0.00015762439034006093
1009.0 0.0001283961410081247
1010.0 9.916783483276959e-05
1011.0 0.0001708344825601671
1012.0 0.00024250109618151328
1013.0 0.0003702838284880272
1014.0 0.0004980666290066438
1015.0 0.00042397869037813507
1016.0 0.00034989079722436145
1017.0 0.0004900085968984058
1018.0 0.0006301265784713905
1019.0 0.0004146882474742597
1020.0 0.00019924984826502623
1021.0 0.00019702808913280023
1022.0 0.0001948063072632067
1023.0 0.0005086501914774999
1024.0 0.0008224941666412633
1025.0 0.0006253299034142401
1026.0 0.000428165685661952
1027.0 0.00041723624235601164
1028.0 0.0004063067990500713
1029.0 0.0008519394214090426
1030.0 0.001297572089242749
1031.0 0.0018423084839014336
1032.0 0.002387044696661178
1033.0 0.0024909591957111843
1034.0 0.002594872967165429
1035.0 0.003118787572020665
1036.0 0.0036427016311790794
1037.0 0.0036377532524056733
1038.0 0.0036328045098343864
1039.0 0.0029887120035709813
1040.0 0.002344619861105457
1041.0 0.0018614446162246168
1042.0 0.0013782694622932468
1043.0 0.0021415320588857867
1044.0 0.0029047945645288564
1045.0 0.003354785803821869
1046.0 0.0038047779526095837
1047.0 0.0036482582800090313
1048.0 0.0034917389712063596
1049.0 0.0031713821954326704
1050.0 0.0028510254196589813
1051.0 0.002823774229909759
1052.0 0.002796523222059477
1053.0 0.001956025334948208
1054.0 0.001115527356887469
1055.0 0.0009276410310121719
1056.0 0.0007397545687126694
1057.0 0.0007776730853947811
1058.0 0.0008155919204000384
1059.0 0.0009472048077441286
1060.0 0.00107881824078504
1061.0 0.0017664318875176832
1062.0 0.0024540451704524457
1063.0 0.002530828533053864
1064.0 0.0026076117137563415
1065.0 0.003071833270951174
1066.0 0.0035360550100449473
1067.0 0.004207973324810155
1068.0 0.004879891639575362
1069.0 0.0040546419768361375
1070.0 0.003229391950299032
1071.0 0.0027829672035295516
1072.0 0.00233654191106325
1073.0 0.0023537513698101975
1074.0 0.0023709606466582045
1075.0 0.0024630424377392046
1076.0 0.0025551236831233837
1077.0 0.0019719471310963854
1078.0 0.0013887703062209766
1079.0 0.0015664729289710522
1080.0 0.0017441758245695382
1081.0 0.0008923741006583441
1082.0 4.057214653130359e-05
1083.0 1.951905000477372e-10
1084.0 1.951905000477372e-10
1085.0 0.0004515291948337108
1086.0 0.0009494106052443385
1087.0 0.0009028457498061471
1088.0 0.0008562811672163662
1089.0 1.951905000477372e-10
1090.0 1.951905000477372e-10
1091.0 1.951905000477372e-10
1092.0 1.951905000477372e-10
1093.0 1.951905000477372e-10
1094.0 0.00033754399737517815
1095.0 0.0003481529120108462
1096.0 0.00035876203128282214
1097.0 1.951905000477372e-10
1098.0 1.951905000477372e-10
1099.0 1.951905000477372e-10
1100.0 1.951905000477372e-10
