ts8/qe_curve/rtm-024_s00/19700101T000000.ecsv
# %ECSV 0.9
# ---
# datatype:
# - {name: amp_name, datatype: string}
# - {name: wavelength, unit: nm, datatype: float32}
# - {name: efficiency, unit: '%', datatype: float32}
# meta: !!omap
# - {MODE: AMP}
# - {TYPE: QE}
# - {CALIBDATE: '1970-01-01T00:00:00'}
# - {INSTRUME: TS8}
# - {OBSTYPE: qe_curve}
# - {DETECTOR: 171}
# - {PICKLEFILE: RaftRun11351.p}
# - {CALIB_ID: 'raftName=RTM-024 detectorName=S00 detector=171 calibDate=1970-01-01T00:00:00 ccd=171 ccdnum=171 filter=None'}
# - {DATE: '2020-07-23T19:15:54.677605'}
# - {CALIB_CREATION_DATE: '2020-07-23'}
# - {CALIB_CREATION_TIME: '19:15:54'}
# - __serialized_columns__:
#     efficiency:
#       __class__: astropy.units.quantity.Quantity
#       unit: !astropy.units.Unit {unit: '%'}
#       value: !astropy.table.SerializedColumn {name: efficiency}
#     wavelength:
#       __class__: astropy.units.quantity.Quantity
#       unit: !astropy.units.Unit {unit: nm}
#       value: !astropy.table.SerializedColumn {name: wavelength}
# schema: astropy-2.0
amp_name wavelength efficiency
C07 319.994 45.477806
C07 324.969 51.40227
C07 349.982 76.97247
C07 374.975 81.694084
C07 400.019 87.10096
C07 424.965 87.408714
C07 450.035 88.36835
C07 475.003 90.467735
C07 500.018 92.43409
C07 525.002 94.34748
C07 550.029 95.857216
C07 575.023 96.56058
C07 599.982 98.04969
C07 619.997 98.22509
C07 624.979 98.34239
C07 650.012 98.673874
C07 675.004 98.90922
C07 700.03 98.31707
C07 725.012 97.95679
C07 750.022 98.396835
C07 774.987 98.73713
C07 799.976 97.96268
C07 824.988 96.03424
C07 850.022 94.01306
C07 869.967 90.77251
C07 875.002 90.17334
C07 899.999 82.84991
C07 919.999 72.81118
C07 925.012 70.67107
C07 949.965 57.427483
C07 975.002 43.348095
C07 999.976 26.55017
C07 1025.028 11.478202
C07 1050.014 4.0573316
C07 1075.002 2.1413417
C07 1099.99 1.565852
C05 319.994 45.33711
C05 324.969 51.23798
C05 349.982 76.820915
C05 374.975 81.62736
C05 400.019 87.07899
C05 424.965 87.395164
C05 450.035 88.34945
C05 475.003 90.43971
C05 500.018 92.400345
C05 525.002 94.30633
C05 550.029 95.8159
C05 575.023 96.52078
C05 599.982 98.0132
C05 619.997 98.19492
C05 624.979 98.315475
C05 650.012 98.65058
C05 675.004 98.89876
C05 700.03 98.32274
C05 725.012 97.985634
C05 750.022 98.46162
C05 774.987 98.834236
C05 799.976 98.07001
C05 824.988 96.12602
C05 850.022 94.08528
C05 869.967 90.798485
C05 875.002 90.202965
C05 899.999 82.86765
C05 919.999 72.90879
C05 925.012 70.79211
C05 949.965 57.4273
C05 975.002 43.07695
C05 999.976 26.328053
C05 1025.028 11.302387
C05 1050.014 4.0494933
C05 1075.002 2.1559007
C05 1099.99 1.5662208
C00 319.994 44.725876
C00 324.969 50.55047
C00 349.982 76.05365
C00 374.975 81.18425
C00 400.019 86.7999
C00 424.965 87.1681
C00 450.035 88.13395
C00 475.003 90.23115
C00 500.018 92.19616
C00 525.002 94.11383
C00 550.029 95.63801
C00 575.023 96.36038
C00 599.982 97.86588
C00 619.997 98.06032
C00 624.979 98.18209
C00 650.012 98.53636
C00 675.004 98.7866
C00 700.03 98.20713
C00 725.012 97.81273
C00 750.022 98.20013
C00 774.987 98.47125
C00 799.976 97.67016
C00 824.988 95.73315
C00 850.022 93.66393
C00 869.967 90.47911
C00 875.002 89.87187
C00 899.999 82.579796
C00 919.999 72.76531
C00 925.012 70.65722
C00 949.965 57.52617
C00 975.002 42.68109
C00 999.976 26.08273
C00 1025.028 11.2809105
C00 1050.014 4.0540147
C00 1075.002 2.1734946
C00 1099.99 1.5838885
C11 319.994 44.606323
C11 324.969 50.405193
C11 349.982 75.429886
C11 374.975 80.42009
C11 400.019 86.52477
C11 424.965 87.152954
C11 450.035 88.275505
C11 475.003 90.46694
C11 500.018 92.487656
C11 525.002 94.439445
C11 550.029 95.97833
C11 575.023 96.70319
C11 599.982 98.211136
C11 619.997 98.39553
C11 624.979 98.51474
C11 650.012 98.85431
C11 675.004 99.09025
C11 700.03 98.44899
C11 725.012 97.916435
C11 750.022 98.145615
C11 774.987 98.28022
C11 799.976 97.43184
C11 824.988 95.53166
C11 850.022 93.47681
C11 869.967 90.29491
C11 875.002 89.73596
C11 899.999 82.57593
C11 919.999 72.749664
C11 925.012 70.65199
C11 949.965 57.337948
C11 975.002 42.93992
C11 999.976 26.248772
C11 1025.028 11.29385
C11 1050.014 4.026378
C11 1075.002 2.165085
C11 1099.99 1.5749031
C17 319.994 45.09802
C17 324.969 50.957253
C17 349.982 75.99695
C17 374.975 80.72688
C17 400.019 86.66376
C17 424.965 87.25115
C17 450.035 88.36342
C17 475.003 90.55429
C17 500.018 92.57614
C17 525.002 94.52058
C17 550.029 96.04367
C17 575.023 96.75195
C17 599.982 98.23997
C17 619.997 98.41113
C17 624.979 98.52249
C17 650.012 98.846695
C17 675.004 99.05693
C17 700.03 98.35947
C17 725.012 97.725
C17 750.022 97.83023
C17 774.987 97.85229
C17 799.976 96.96909
C17 824.988 95.13612
C17 850.022 93.146164
C17 869.967 89.99313
C17 875.002 89.424194
C17 899.999 82.46079
C17 919.999 73.15677
C17 925.012 71.03763
C17 949.965 57.46996
C17 975.002 43.083977
C17 999.976 26.429167
C17 1025.028 11.413625
C17 1050.014 4.053154
C17 1075.002 2.1545444
C17 1099.99 1.5695059
C01 319.994 44.71137
C01 324.969 50.53523
C01 349.982 75.99674
C01 374.975 81.07847
C01 400.019 86.65781
C01 424.965 87.015396
C01 450.035 87.97541
C01 475.003 90.0608
C01 500.018 92.02408
C01 525.002 93.93387
C01 550.029 95.45209
C01 575.023 96.16957
C01 599.982 97.67547
C01 619.997 97.86809
C01 624.979 97.98958
C01 650.012 98.33965
C01 675.004 98.59655
C01 700.03 98.03667
C01 725.012 97.69977
C01 750.022 98.167145
C01 774.987 98.52133
C01 799.976 97.754265
C01 824.988 95.80288
C01 850.022 93.75245
C01 869.967 90.55451
C01 875.002 89.94556
C01 899.999 82.569
C01 919.999 72.69112
C01 925.012 70.59773
C01 949.965 57.54397
C01 975.002 42.749508
C01 999.976 26.081774
C01 1025.028 11.2382765
C01 1050.014 4.0223227
C01 1075.002 2.1643963
C01 1099.99 1.5804517
C06 319.994 45.40444
C06 324.969 51.31633
C06 349.982 76.894936
C06 374.975 81.674095
C06 400.019 87.08678
C06 424.965 87.39254
C06 450.035 88.3406
C06 475.003 90.43419
C06 500.018 92.39198
C06 525.002 94.29992
C06 550.029 95.80958
C06 575.023 96.51269
C06 599.982 98.005936
C06 619.997 98.1852
C06 624.979 98.30292
C06 650.012 98.63879
C06 675.004 98.87963
C06 700.03 98.30017
C06 725.012 97.95068
C06 750.022 98.40993
C06 774.987 98.766396
C06 799.976 97.99456
C06 824.988 96.06032
C06 850.022 94.032074
C06 869.967 90.74852
C06 875.002 90.159294
C06 899.999 82.85089
C06 919.999 72.91317
C06 925.012 70.76926
C06 949.965 57.300755
C06 975.002 43.242874
C06 999.976 26.399874
C06 1025.028 11.393972
C06 1050.014 4.0580525
C06 1075.002 2.1430428
C06 1099.99 1.5640444
C02 319.994 44.85166
C02 324.969 50.69284
C02 349.982 76.20394
C02 374.975 81.21147
C02 400.019 86.73697
C02 424.965 87.07021
C02 450.035 88.02338
C02 475.003 90.10646
C02 500.018 92.06417
C02 525.002 93.97369
C02 550.029 95.490486
C02 575.023 96.20396
C02 599.982 97.70554
C02 619.997 97.89441
C02 624.979 98.01418
C02 650.012 98.36402
C02 675.004 98.62051
C02 700.03 98.06453
C02 725.012 97.75595
C02 750.022 98.258026
C02 774.987 98.649376
C02 799.976 97.89561
C02 824.988 95.93465
C02 850.022 93.89706
C02 869.967 90.67848
C02 875.002 90.06633
C02 899.999 82.609375
C02 919.999 72.75322
C02 925.012 70.66722
C02 949.965 57.668125
C02 975.002 42.88821
C02 999.976 26.11898
C02 1025.028 11.221521
C02 1050.014 4.0072827
C02 1075.002 2.1628978
C02 1099.99 1.5788596
C15 319.994 45.08104
C15 324.969 50.938293
C15 349.982 76.06238
C15 374.975 80.8351
C15 400.019 86.77019
C15 424.965 87.34023
C15 450.035 88.43323
C15 475.003 90.61227
C15 500.018 92.626686
C15 525.002 94.56566
C15 550.029 96.09428
C15 575.023 96.80274
C15 599.982 98.29589
C15 619.997 98.47352
C15 624.979 98.58818
C15 650.012 98.91765
C15 675.004 99.13964
C15 700.03 98.4645
C15 725.012 97.87923
C15 750.022 98.04832
C15 774.987 98.12964
C15 799.976 97.26536
C15 824.988 95.392586
C15 850.022 93.38684
C15 869.967 90.18566
C15 875.002 89.602844
C15 899.999 82.50833
C15 919.999 72.89061
C15 925.012 70.85599
C15 949.965 57.466076
C15 975.002 43.065887
C15 999.976 26.47804
C15 1025.028 11.2860565
C15 1050.014 4.025619
C15 1075.002 2.1467338
C15 1099.99 1.5670296
C04 319.994 45.00268
C04 324.969 50.86211
C04 349.982 76.3324
C04 374.975 81.21877
C04 400.019 86.67327
C04 424.965 86.99315
C04 450.035 87.94095
C04 475.003 90.02104
C04 500.018 91.97196
C04 525.002 93.87437
C04 550.029 95.38025
C04 575.023 96.08661
C04 599.982 97.57976
C04 619.997 97.765045
C04 624.979 97.88225
C04 650.012 98.223915
C04 675.004 98.47232
C04 700.03 97.90885
C04 725.012 97.59176
C04 750.022 98.085785
C04 774.987 98.475685
C04 799.976 97.71878
C04 824.988 95.769356
C04 850.022 93.73844
C04 869.967 90.503784
C04 875.002 89.89916
C04 899.999 82.50906
C04 919.999 72.58563
C04 925.012 70.47675
C04 949.965 57.34899
C04 975.002 42.87914
C04 999.976 26.150846
C04 1025.028 11.250904
C04 1050.014 4.016746
C04 1075.002 2.153377
C04 1099.99 1.5678425
C14 319.994 44.943874
C14 324.969 50.78528
C14 349.982 75.871185
C14 374.975 80.69804
C14 400.019 86.64798
C14 424.965 87.22022
C14 450.035 88.31588
C14 475.003 90.49331
C14 500.018 92.50659
C14 525.002 94.44621
C14 550.029 95.97326
C14 575.023 96.68514
C14 599.982 98.17972
C14 619.997 98.35955
C14 624.979 98.475174
C14 650.012 98.80885
C14 675.004 99.032265
C14 700.03 98.37099
C14 725.012 97.81526
C14 750.022 98.019615
C14 774.987 98.134186
C14 799.976 97.277885
C14 824.988 95.39543
C14 850.022 93.38541
C14 869.967 90.16116
C14 875.002 89.613365
C14 899.999 82.45332
C14 919.999 72.78674
C14 925.012 70.64328
C14 949.965 57.42922
C14 975.002 42.931545
C14 999.976 26.454773
C14 1025.028 11.275531
C14 1050.014 4.0166345
C14 1075.002 2.1433244
C14 1099.99 1.563916
C10 319.994 44.575207
C10 324.969 50.36906
C10 349.982 75.386635
C10 374.975 80.38887
C10 400.019 86.53982
C10 424.965 87.1883
C10 450.035 88.32058
C10 475.003 90.52135
C10 500.018 92.54939
C10 525.002 94.506
C10 550.029 96.04305
C10 575.023 96.77062
C10 599.982 98.28186
C10 619.997 98.469864
C10 624.979 98.58885
C10 650.012 98.932594
C10 675.004 99.159966
C10 700.03 98.49595
C10 725.012 97.90235
C10 750.022 98.062164
C10 774.987 98.11832
C10 799.976 97.23748
C10 824.988 95.35164
C10 850.022 93.284355
C10 869.967 90.08564
C10 875.002 89.53376
C10 899.999 82.50429
C10 919.999 72.75478
C10 925.012 70.669014
C10 949.965 57.21541
C10 975.002 42.795704
C10 999.976 26.185226
C10 1025.028 11.338732
C10 1050.014 4.061287
C10 1075.002 2.1737204
C10 1099.99 1.578592
C16 319.994 45.112644
C16 324.969 50.976017
C16 349.982 76.09208
C16 374.975 80.844696
C16 400.019 86.728455
C16 424.965 87.28526
C16 450.035 88.37278
C16 475.003 90.547424
C16 500.018 92.5594
C16 525.002 94.496284
C16 550.029 96.02275
C16 575.023 96.72816
C16 599.982 98.21874
C16 619.997 98.39407
C16 624.979 98.511086
C16 650.012 98.83804
C16 675.004 99.05609
C16 700.03 98.372215
C16 725.012 97.7592
C16 750.022 97.896095
C16 774.987 97.94369
C16 799.976 97.06968
C16 824.988 95.21398
C16 850.022 93.23052
C16 869.967 90.026505
C16 875.002 89.43635
C16 899.999 82.3637
C16 919.999 73.027824
C16 925.012 70.975395
C16 949.965 57.400215
C16 975.002 43.018448
C16 999.976 26.367931
C16 1025.028 11.359266
C16 1050.014 4.0254445
C16 1075.002 2.1454425
C16 1099.99 1.5675547
C12 319.994 44.724552
C12 324.969 50.53915
C12 349.982 75.62128
C12 374.975 80.555305
C12 400.019 86.58518
C12 424.965 87.188835
C12 450.035 88.29523
C12 475.003 90.477
C12 500.018 92.500374
C12 525.002 94.44704
C12 550.029 95.98266
C12 575.023 96.701996
C12 599.982 98.20559
C12 619.997 98.39456
C12 624.979 98.51056
C12 650.012 98.85229
C12 675.004 99.08714
C12 700.03 98.44504
C12 725.012 97.92608
C12 750.022 98.17661
C12 774.987 98.33343
C12 799.976 97.49417
C12 824.988 95.587296
C12 850.022 93.54079
C12 869.967 90.351845
C12 875.002 89.78663
C12 899.999 82.605194
C12 919.999 72.756165
C12 925.012 70.64821
C12 949.965 57.342075
C12 975.002 42.937664
C12 999.976 26.284292
C12 1025.028 11.297892
C12 1050.014 4.017575
C12 1075.002 2.1577191
C12 1099.99 1.5695478
C13 319.994 44.84516
C13 324.969 50.67373
C13 349.982 75.76385
C13 374.975 80.63106
C13 400.019 86.582695
C13 424.965 87.15537
C13 450.035 88.24746
C13 475.003 90.42272
C13 500.018 92.43615
C13 525.002 94.37669
C13 550.029 95.90861
C13 575.023 96.6237
C13 599.982 98.119156
C13 619.997 98.302925
C13 624.979 98.41956
C13 650.012 98.756355
C13 675.004 98.98625
C13 700.03 98.33738
C13 725.012 97.80764
C13 750.022 98.04017
C13 774.987 98.185715
C13 799.976 97.33783
C13 824.988 95.44
C13 850.022 93.40644
C13 869.967 90.21381
C13 875.002 89.61235
C13 899.999 82.37927
C13 919.999 72.69775
C13 925.012 70.72012
C13 949.965 57.228706
C13 975.002 42.99499
C13 999.976 26.237808
C13 1025.028 11.317
C13 1050.014 4.013669
C13 1075.002 2.144913
C13 1099.99 1.5638506
C03 319.994 44.92768
C03 324.969 50.778175
C03 349.982 76.26467
C03 374.975 81.195915
C03 400.019 86.654205
C03 424.965 86.9721
C03 450.035 87.92039
C03 475.003 89.99706
C03 500.018 91.9497
C03 525.002 93.85527
C03 550.029 95.36336
C03 575.023 96.07415
C03 599.982 97.566185
C03 619.997 97.75508
C03 624.979 97.87452
C03 650.012 98.21895
C03 675.004 98.477715
C03 700.03 97.916855
C03 725.012 97.60817
C03 750.022 98.11367
C03 774.987 98.51019
C03 799.976 97.76233
C03 824.988 95.80486
C03 850.022 93.77635
C03 869.967 90.55582
C03 875.002 89.94332
C03 899.999 82.507416
C03 919.999 72.664444
C03 925.012 70.57
C03 949.965 57.500496
C03 975.002 42.84018
C03 999.976 26.12636
C03 1025.028 11.233941
C03 1050.014 4.014406
C03 1075.002 2.1607325
C03 1099.99 1.5726196
