lsstCam/transmission_filter_detector/r42_s12/r_57/19700101T000000.ecsv
# %ECSV 1.0
# ---
# datatype:
# - {name: wavelength, unit: nm, datatype: float32}
# - {name: efficiency, unit: '%', datatype: float64}
# meta: !!omap
# - {MODE: DETECTOR}
# - {TYPE: transmission_filter_detector}
# - {CALIBDATE: '1970-01-01T00:00:00'}
# - {INSTRUME: LSSTCam}
# - {OBSTYPE: transmission_filter_detector}
# - {CALIBCLS: lsst.ip.isr.IntermediateFilterDetectorTransmissionCurve}
# - {SOURCE: Materion (DM-46256)}
# - {DETECTOR: 176}
# - {FILTER: r_57}
# - {CALIB_ID: 'calibDate=1970-01-01T00:00:00 filter=r_57 detector=176'}
# - {DATE: '2025-04-02T15:59:44.998838'}
# - {CALIB_CREATION_DATE: '2025-04-02'}
# - {CALIB_CREATION_TIME: '15:59:44'}
# - __serialized_columns__:
#     efficiency:
#       __class__: astropy.units.quantity.Quantity
#       unit: !astropy.units.Unit {unit: '%'}
#       value: !astropy.table.SerializedColumn {name: efficiency}
#     wavelength:
#       __class__: astropy.units.quantity.Quantity
#       unit: !astropy.units.Unit {unit: nm}
#       value: !astropy.table.SerializedColumn {name: wavelength}
# schema: astropy-2.0
wavelength efficiency
[from data line 603]
903.0 0.00013024820191276376
904.0 0.00019501321730786003
905.0 0.000259778198596905
906.0 0.00018352573079027934
907.0 0.00010727325161496992
908.0 0.00014334831348605803
909.0 0.00017942337535714614
910.0 0.00013524883115678676
911.0 9.10742812720855e-05
912.0 0.00013963966694063856
913.0 0.0001882050582935335
914.0 0.00013666906397702405
915.0 8.513304692314705e-05
916.0 0.00012923308077006368
917.0 0.00017333309187961277
918.0 8.059658966885763e-05
919.0 1.636259487278191e-10
920.0 5.467426262839581e-05
921.0 0.0001214884036926378
922.0 0.00014288932561612455
923.0 0.00016429027027697884
924.0 0.00020957177184754983
925.0 0.0002548533075241721
926.0 0.00026339582746004453
927.0 0.0002719383701332845
928.0 0.000244463649323734
929.0 0.0002169888830394484
930.0 0.00013273754575493513
931.0 4.8486191417396185e-05
932.0 8.979933454611455e-05
933.0 0.00013111249472785858
934.0 0.00016075850908237044
935.0 0.00019040453480556607
936.0 0.00016378988902943092
937.0 0.00013717525462197955
938.0 7.86966495525121e-05
939.0 2.0218078589095967e-05
940.0 0.00014538969708155491
941.0 0.00027056132694269763
942.0 0.00032223035759670893
943.0 0.00037389934277598513
944.0 0.0002849049678843585
945.0 0.00019591050204326166
946.0 0.00039752167140250094
947.0 0.0005991329089738429
948.0 0.0005763181434303988
949.0 0.00055350351431116
950.0 0.0006049133844499011
951.0 0.0006563232091139071
952.0 0.00061901491790195
953.0 0.0005817066266899928
954.0 0.0008432813046965748
955.0 0.0011048561646020971
956.0 0.0009511568350717425
957.0 0.0007974578693392687
958.0 0.0011107682439615019
959.0 0.0014240784366847947
960.0 0.0015500114386668429
961.0 0.0016759446225478314
962.0 0.0018071599697577767
963.0 0.0019383751350687817
964.0 0.0020316427253419533
965.0 0.0021249104975140654
966.0 0.0021959180230624042
967.0 0.002266926094307564
968.0 0.0022151825760374777
969.0 0.002163439057767391
970.0 0.002254136052215472
971.0 0.0023448330466635525
972.0 0.0024567767468397506
973.0 0.0025687204470159486
974.0 0.002743257755355444
975.0 0.0029177954274928197
976.0 0.0030285351385828108
977.0 0.003139274485874921
978.0 0.003189171911799349
979.0 0.003239068973925896
980.0 0.0032716783607611433
981.0 0.0033042877475963905
982.0 0.003299319723737426
983.0 0.0032943520636763424
984.0 0.0032041130907600746
985.0 0.0031138741178438067
986.0 0.0030076736948103644
987.0 0.002901473817473743
988.0 0.0028701733754132874
989.0 0.002838873115251772
990.0 0.0028042048143106513
991.0 0.002769536695268471
992.0 0.0027136560674989596
993.0 0.002657775803527329
994.0 0.0027198040697840042
995.0 0.0027818323360406794
996.0 0.00281439224636415
997.0 0.0028469517928897403
998.0 0.0028708562240353785
999.0 0.002894760837079957
1000.0 0.002954895535367541
1001.0 0.0030150300517561845
1002.0 0.003204273889423348
1003.0 0.003393517545191571
1004.0 0.0037167548725847155
1005.0 0.00403999219997786
1006.0 0.00411090295528993
1007.0 0.004181813710602
1008.0 0.0041966766730183735
1009.0 0.004211538907838985
1010.0 0.004209265898680314
1011.0 0.0042069928895216435
1012.0 0.004192429332761094
1013.0 0.004177865412202664
1014.0 0.004148832522332668
1015.0 0.004119799996260554
1016.0 0.0036513854865916073
1017.0 0.003182970976922661
1018.0 0.002880047213693615
1019.0 0.0025771230866666883
1020.0 0.002346790279261768
1021.0 0.002116456744261086
1022.0 0.001973061080207117
1023.0 0.0018296648704563268
1024.0 0.0015627487300662324
1025.0 0.001295832589676138
1026.0 0.0011630874723778106
1027.0 0.0010303429007763043
1028.0 0.0009039529686560854
1029.0 0.0007775632184348069
1030.0 0.0008123415682348423
1031.0 0.0008471200089843478
1032.0 0.0006150023637019331
1033.0 0.00038288467294478323
1034.0 0.000545628608961124
1035.0 0.0007083725904521998
1036.0 0.0007088919119269121
1037.0 0.0007094112788763596
1038.0 0.0009553057680022903
1039.0 0.001201200302602956
1040.0 0.0009822249012358952
1041.0 0.0007632494998688344
1042.0 0.0007531225037382683
1043.0 0.0007429954621329671
1044.0 0.0007542282673966838
1045.0 0.0007654610271856654
1046.0 0.0006426975687645609
1047.0 0.0005199340648687212
1048.0 0.000754850634621107
1049.0 0.0009897674317471683
1050.0 0.00109514157884405
1051.0 0.0012005159987893421
1052.0 0.0013770856639894191
1053.0 0.001553655238240026
1054.0 0.0012904847608297132
1055.0 0.001027314556267811
1056.0 0.00111671279228176
1057.0 0.0012061113011441194
1058.0 0.0011574738891795278
1059.0 0.001108836386265466
1060.0 0.001177459034806816
1061.0 0.0012460815014492255
1062.0 0.00088965316535905
1063.0 0.0005332247383194044
1064.0 0.0008161281584762037
1065.0 0.0010990314876835328
1066.0 0.0014309092875919305
1067.0 0.001762786996550858
1068.0 0.0017165488316095434
1069.0 0.0016703104847692885
1070.0 0.0017857832062873058
1071.0 0.0019012557459063828
1072.0 0.0022274316506809555
1073.0 0.002553607919253409
1074.0 0.0025906681912601925
1075.0 0.002627728827064857
1076.0 0.0026015701223514043
1077.0 0.0025754112357390113
1078.0 0.003070952880079858
1079.0 0.003566494706319645
1080.0 0.003585394733818248
1081.0 0.00360429439751897
1082.0 0.004021071072202176
1083.0 0.004437847746885382
1084.0 0.0035694538382813334
1085.0 0.0027010599296772853
1086.0 0.0031323492294177413
1087.0 0.0035636385291581973
1088.0 0.0035513592592906207
1089.0 0.0035390803532209247
1090.0 0.003605449091992341
1091.0 0.003671818194561638
1092.0 0.0034425724152242765
1093.0 0.003213326635886915
1094.0 0.0029157494282117113
1095.0 0.002618172402435448
1096.0 0.0025067130991374142
1097.0 0.00239525361394044
1098.0 0.002557307743700221
1099.0 0.0027193618734600022
1100.0 0.001958165921678301
1101.0 0.0011969696970481891
