lsstCam/transmission_filter_detector/r42_s12/r_57/19700101T000000.ecsv
# %ECSV 1.0
# ---
# datatype:
# - {name: wavelength, unit: nm, datatype: float32}
# - {name: efficiency, unit: '%', datatype: float64}
# meta: !!omap
# - {MODE: DETECTOR}
# - {TYPE: transmission_filter_detector}
# - {CALIBDATE: '1970-01-01T00:00:00'}
# - {INSTRUME: LSSTCam}
# - {OBSTYPE: transmission_filter_detector}
# - {CALIBCLS: lsst.ip.isr.IntermediateFilterDetectorTransmissionCurve}
# - {SOURCE: Materion (DM-46256)}
# - {DETECTOR: 176}
# - {FILTER: r_57}
# - {CALIB_ID: 'calibDate=1970-01-01T00:00:00 filter=r_57 detector=176'}
# - {DATE: '2025-04-02T15:59:44.998838'}
# - {CALIB_CREATION_DATE: '2025-04-02'}
# - {CALIB_CREATION_TIME: '15:59:44'}
# - __serialized_columns__:
#     efficiency:
#       __class__: astropy.units.quantity.Quantity
#       unit: !astropy.units.Unit {unit: '%'}
#       value: !astropy.table.SerializedColumn {name: efficiency}
#     wavelength:
#       __class__: astropy.units.quantity.Quantity
#       unit: !astropy.units.Unit {unit: nm}
#       value: !astropy.table.SerializedColumn {name: wavelength}
# schema: astropy-2.0
wavelength efficiency
300.0 0.002138427043973934
301.0 0.005617827991954982
302.0 0.00909722875803709
303.0 0.011549794726306573
304.0 0.014002360694576055
305.0 0.013058460899628699
306.0 0.012114561104681343
307.0 0.01083078095689416
308.0 0.009547001536702737
309.0 0.008386630361201242
310.0 0.007226259185699746
311.0 0.006658321944996715
312.0 0.006090385068091564
313.0 0.005518160833162256
314.0 0.004945936598232947
315.0 0.004665831875172444
316.0 0.004385726788314059
317.0 0.004123602047911845
318.0 0.0038614776713075116
319.0 0.00370356829080265
320.0 0.00354565963789355
321.0 0.0034264994610566646
322.0 0.0033073400118155405
323.0 0.003123510759905912
324.0 0.002939681689895224
325.0 0.0027556015993468463
326.0 0.0025715218725963496
327.0 0.002629194023029413
328.0 0.002686866355361417
329.0 0.00275848651654087
330.0 0.002830106677720323
331.0 0.002640668571984861
332.0 0.0024512306481483392
333.0 0.002283048161189072
334.0 0.002114865492330864
335.0 0.0019321774743730202
336.0 0.001749489274516236
337.0 0.0015435998648172244
338.0 0.0013377101822698023
339.0 0.0012163982319179922
340.0 0.0010950860087177716
341.0 0.0011171074220328592
342.0 0.0011391286534490064
343.0 0.0010974749784509186
344.0 0.0010558212125033606
345.0 0.0010045528142654803
346.0 0.0009532844160275999
347.0 0.0009266068445867859
348.0 0.0008999291821965016
349.0 0.000921581158763729
350.0 0.005984049857943319
351.0 0.005681949187419377
352.0 0.005379850335884839
353.0 0.005184251131140627
354.0 0.004988652290194295
355.0 0.005292342393659055
356.0 0.005596032497123815
357.0 0.005222931577009149
358.0 0.0048498321120860055
359.0 0.003682156602735631
360.0 0.002514481093385257
361.0 0.0029752372938673943
362.0 0.0034359938581474125
363.0 0.0029672819437109865
364.0 0.002498570211173501
365.0 0.0026036714189103805
366.0 0.0027087724447483197
367.0 0.0034899941965704784
368.0 0.004271215948392637
369.0 0.003936507710022852
370.0 0.0036018005630467087
371.0 0.0033968994102906436
372.0 0.003191998621332459
373.0 0.0037358400732045993
374.0 0.004279681161278859
375.0 0.0033778429497033358
376.0 0.0024760045562288724
377.0 0.0021654315787600353
378.0 0.0018548587831901386
379.0 0.0021079900761833414
380.0 0.002361121187277604
381.0 0.003404913513804786
382.0 0.0044487056584330276
383.0 0.004561011883197352
384.0 0.004673318835557438
385.0 0.00512701335537713
386.0 0.005580707511398941
387.0 0.004614470890373923
388.0 0.0036482339055510238
389.0 0.0027898744519916363
390.0 0.0019315148165333085
391.0 0.0015214499399007764
392.0 0.0011113850632682443
393.0 0.0010198486052104272
394.0 0.0009283123290515505
395.0 0.0013202980881033
396.0 0.0017122840290539898
397.0 0.0015092599824129138
398.0 0.0013062356629234273
399.0 0.001157320639322279
400.0 0.0010084059795190115
401.0 0.0009082334145205095
402.0 0.0008080607585725375
403.0 0.0011204649126739241
404.0 0.001432869157724781
405.0 0.001475913177273469
406.0 0.0015189572877716273
407.0 0.0014768039363843855
408.0 0.0014346509487950243
409.0 0.0015403509678435512
410.0 0.001646050986892078
411.0 0.0016825508282636292
412.0 0.0017190506696351804
413.0 0.0015623349099769257
414.0 0.0014056190593692008
415.0 0.0014491846741293557
416.0 0.0014927506526873913
417.0 0.0017969612599699758
418.0 0.0021011719582020305
419.0 0.002828917422448285
420.0 0.003556662704795599
421.0 0.005346059697330929
422.0 0.0071354545070789754
423.0 0.010238211689284071
424.0 0.013340967416297644
425.0 0.017955046496354043
426.0 0.02256912412121892
427.0 0.022508592519443482
428.0 0.022448062372859567
429.0 0.017795847088564187
430.0 0.013143631804268807
431.0 0.009296167263528332
432.0 0.005448700540000573
433.0 0.004523282404989004
434.0 0.003597864633775316
435.0 0.0029298629669938236
436.0 0.0022618611183133908
437.0 0.001790649002941791
438.0 0.0013194367056712508
439.0 0.001144501038652379
440.0 0.0009695655535324477
441.0 0.0011600067409744952
442.0 0.001350448110315483
443.0 0.001454564608138753
444.0 0.0015586809240630828
445.0 0.0011344091944920365
446.0 0.0007101373284967849
447.0 0.0010074480996991042
448.0 0.001304758643527748
449.0 0.0014201817066350486
450.0 0.0015356048606918193
451.0 0.0015625839296262711
452.0 0.0015895631804596633
453.0 0.0015896652257652022
454.0 0.0015897674529696815
455.0 0.0013517819752451032
456.0 0.0011137967703689355
457.0 0.0012031135156576056
458.0 0.0012924305337946862
459.0 0.001408217485732166
460.0 0.0015240043467201758
461.0 0.0021837100575794466
462.0 0.002843416041287128
463.0 0.003778636528295465
464.0 0.004713857197202742
465.0 0.005658397640218027
466.0 0.00660293735563755
467.0 0.007141005335142836
468.0 0.007679075497435406
469.0 0.00659586294204928
470.0 0.005512651841854677
471.0 0.004011643250123598
472.0 0.0025106344764935784
473.0 0.0018755710698314942
474.0 0.001240508117916761
475.0 0.0010978400496242102
476.0 0.00095517225418007
477.0 0.0010079281310027
478.0 0.0010606839168758597
479.0 0.0009274502190237399
480.0 0.0007942163392726798
481.0 0.0007682354407734238
482.0 0.0007422543603752274
483.0 0.000648821196591598
484.0 0.0005553879418584984
485.0 0.0007116163942555431
486.0 0.0008678445738041773
487.0 0.0008608353709860239
488.0 0.0008538261681678705
489.0 0.0009236076948582195
490.0 0.0009933892215485685
491.0 0.0009285233318223618
492.0 0.0008636574420961551
493.0 0.0009078470611711964
494.0 0.0009520365892967675
495.0 0.0010259253031108528
496.0 0.0010998141078744084
497.0 0.0011356537470419426
498.0 0.0011714936590578873
499.0 0.0012387300557747949
500.0 0.0013059664524917025
501.0 0.0016174011761904694
502.0 0.0019288359908387065
503.0 0.0023161303033703007
504.0 0.0027034244340029545
505.0 0.0032563668355578557
506.0 0.0038093090552138165
507.0 0.004629207251127809
508.0 0.005449104719446041
509.0 0.005674967178492807
510.0 0.005900829273741692
511.0 0.005338576738722622
512.0 0.004776323839905672
513.0 0.004058991180500016
514.0 0.00334165888489224
515.0 0.0031710620532976463
516.0 0.0030004657673998736
517.0 0.0030425970180658624
518.0 0.003084728814428672
519.0 0.07754286052659154
520.0 0.13580538798123598
521.0 0.027343776309862733
522.0 0.10327186901122332
523.0 0.06974379066377878
524.0 0.08407483692280948
525.0 0.15184516087174416
526.0 0.07010474218986928
527.0 0.13678721152245998
528.0 0.15205410309135914
529.0 0.10077633196488023
530.0 0.1696955761872232
531.0 0.16218096716329455
532.0 0.1933873980306089
533.0 0.30170134268701077
534.0 0.3885190933942795
535.0 0.6010073237121105
536.0 0.7973631843924522
537.0 1.1535772122442722
538.0 1.7953021451830864
539.0 2.8639178723096848
540.0 4.462049901485443
541.0 6.526001542806625
542.0 9.194161742925644
543.0 12.632972002029419
544.0 16.732676327228546
545.0 21.274825930595398
546.0 26.972907781600952
547.0 33.6700975894928
548.0 41.827383637428284
549.0 49.77544546127319
550.0 56.7421555519104
551.0 64.02491927146912
552.0 68.73369812965393
553.0 73.3211874961853
554.0 77.27954983711243
555.0 81.22676014900208
556.0 84.80780720710754
557.0 87.22671866416931
558.0 90.55415987968445
559.0 93.2212233543396
560.0 93.86367201805115
561.0 95.38384675979614
562.0 95.70559859275818
563.0 95.27117609977722
564.0 95.87250351905823
565.0 95.3977108001709
566.0 95.88793516159058
567.0 95.2167809009552
568.0 96.07399106025696
569.0 96.67353630065918
570.0 96.32290601730347
571.0 97.07961678504944
572.0 96.6133177280426
573.0 96.98389768600464
574.0 97.28779196739197
575.0 97.01781272888184
576.0 97.44936227798462
577.0 97.488933801651
578.0 97.20078706741333
579.0 97.16358780860901
580.0 96.73386812210083
581.0 96.58372402191162
582.0 96.77784442901611
583.0 96.91770076751709
584.0 96.13698124885559
585.0 96.38493061065674
586.0 96.6431736946106
587.0 96.19375467300415
588.0 96.76328301429749
589.0 97.41546511650085
590.0 96.53976559638977
591.0 95.93735933303833
592.0 95.71883082389832
593.0 95.97172141075134
594.0 96.02653384208679
595.0 96.3926613330841
596.0 97.04143404960632
597.0 97.14576005935669
598.0 96.8902051448822
599.0 96.8931257724762
600.0 96.67093753814697
601.0 95.96388339996338
602.0 96.81742191314697
603.0 96.16920351982117
604.0 96.6572105884552
605.0 97.08872437477112
606.0 96.58990502357483
607.0 96.27507328987122
608.0 96.35633826255798
609.0 95.60085535049438
610.0 96.18721604347229
611.0 95.7707405090332
612.0 95.79225778579712
613.0 96.94877862930298
614.0 96.38627171516418
615.0 96.31568789482117
616.0 96.5225875377655
617.0 96.33238315582275
618.0 96.16074562072754
619.0 97.02901244163513
620.0 96.23532891273499
621.0 95.85270881652832
622.0 96.64157032966614
623.0 96.69802784919739
624.0 96.6706395149231
625.0 96.93499207496643
626.0 96.23923897743225
627.0 95.41165232658386
628.0 97.1231997013092
629.0 95.64237594604492
630.0 96.66615128517151
631.0 96.28737568855286
632.0 96.8013346195221
633.0 96.36692404747009
634.0 96.1956799030304
635.0 96.42935991287231
636.0 96.01073861122131
637.0 95.80003619194031
638.0 95.48414945602417
639.0 95.46300768852234
640.0 95.81432342529297
641.0 95.55434584617615
642.0 96.36366963386536
643.0 96.21353149414062
644.0 96.15098834037781
645.0 96.20195031166077
646.0 96.21422290802002
647.0 97.34939336776733
648.0 96.3888943195343
649.0 95.63779830932617
650.0 96.54417634010315
651.0 96.69833183288574
652.0 96.91985845565796
653.0 96.02087140083313
654.0 96.57334685325623
655.0 96.59520387649536
656.0 95.76422572135925
657.0 95.77974081039429
658.0 96.3435709476471
659.0 96.40282988548279
660.0 95.54094076156616
661.0 95.4978346824646
662.0 95.75406908988953
663.0 95.94615697860718
664.0 95.68944573402405
665.0 95.2688455581665
666.0 95.57881355285645
667.0 95.66166400909424
668.0 95.08099555969238
669.0 95.79442143440247
670.0 95.52671313285828
671.0 95.43501734733582
672.0 95.23001909255981
673.0 95.6130862236023
674.0 94.78130340576172
675.0 95.58929800987244
676.0 95.03564834594727
677.0 94.02139186859131
678.0 92.92082190513611
679.0 92.37471222877502
680.0 91.56739115715027
681.0 90.15229344367981
682.0 87.99828290939331
683.0 85.27143597602844
684.0 82.2055995464325
685.0 78.36242318153381
686.0 74.56437945365906
687.0 69.92778182029724
688.0 65.44026136398315
689.0 61.021119356155396
690.0 55.898457765579224
691.0 51.7017126083374
692.0 47.13609516620636
693.0 42.84122586250305
694.0 37.660422921180725
695.0 32.637691497802734
696.0 27.134668827056885
697.0 21.898694336414337
698.0 16.206824779510498
699.0 11.617664247751236
700.0 8.094906061887741
701.0 5.073866620659828
702.0 3.1299762427806854
703.0 1.8149742856621742
704.0 1.0653953067958355
705.0 0.6212036125361919
706.0 0.39292466826736927
707.0 0.27524344623088837
708.0 0.21547372452914715
709.0 0.14325082302093506
710.0 0.1056533888913691
711.0 0.11690024985000491
712.0 0.04827121738344431
713.0 0.028112795553170145
714.0 0.039775477489456534
715.0 0.04940568469464779
716.0 0.09406935423612595
717.0 0.053909013513475657
718.0 0.05602933233603835
719.0 0.04934881580993533
720.0 1.636259487278191e-10
721.0 0.00400259013986215
722.0 0.00396109935536515
723.0 0.00391960893466603
724.0 0.0036348083085613325
725.0 0.0033500080462545156
726.0 0.003105756695731543
727.0 0.0028615047995117493
728.0 0.002774146014417056
729.0 0.0026867870474234223
730.0 0.002531314385123551
731.0 0.002375841540924739
732.0 0.0023149174012360163
733.0 0.002253993079648353
734.0 0.002133648013113998
735.0 0.0020133033103775233
736.0 0.0018966073184856214
737.0 0.0017799115084926598
738.0 0.001546815110486932
739.0 0.001313718985329615
740.0 0.001468242953706067
741.0 0.0016227671949309297
742.0 0.0014956703125790227
743.0 0.001368573521176586
744.0 0.0013611297617899254
745.0 0.0013536861843022052
746.0 0.0012983142369193956
747.0 0.001242942289536586
748.0 0.0012010933460260276
749.0 0.0011592444934649393
750.0 0.0010911492609011475
751.0 0.0010230538464384153
752.0 0.0010459859367983881
753.0 0.0010689179362088908
754.0 0.001109288314182777
755.0 0.0011496587831061333
756.0 0.0010946718248305842
757.0 0.0010396848665550351
758.0 0.0010668052709661424
759.0 0.00109392585727619
760.0 0.0012027247976220679
761.0 0.0013115237379679456
762.0 0.0012796253031410743
763.0 0.001247726959263673
764.0 0.0011166960575792473
765.0 0.0009856652468442917
766.0 0.0008150420399033464
767.0 0.0006444186965381959
768.0 0.0007386203378700884
769.0 0.0008328219337272458
770.0 0.0007579162229376379
771.0 0.0006830105576227652
772.0 0.000707947401679121
773.0 0.0007328841547860065
774.0 0.0006785219284211053
775.0 0.0006241598384804092
776.0 0.0006703694452880882
777.0 0.0007165791885199724
778.0 0.0007067151273076888
779.0 0.0006968509751459351
780.0 0.0006324115929601248
781.0 0.0005679720743501093
782.0 0.0006198297342052683
783.0 0.0006716875304846326
784.0 0.0006903835583216278
785.0 0.0007090796316333581
786.0 0.0006542581559187965
787.0 0.000599436680204235
788.0 0.000645997170067858
789.0 0.0006925578873051563
790.0 0.0005971073278487893
791.0 0.0005016564500692766
792.0 0.0005892241460969672
793.0 0.0006767918421246577
794.0 0.0007584406375826802
795.0 0.0008400894330407027
796.0 0.0007697767614445183
797.0 0.0006994642717472743
798.0 0.0006876708084746497
799.0 0.0006758772997272899
800.0 0.0006764779300283408
801.0 0.0006770784239051864
802.0 0.0006701960046484601
803.0 0.0006633135399169987
804.0 0.0006455977654695744
805.0 0.0006278817636484746
806.0 0.0006097243840486044
807.0 0.0005915670499234693
808.0 0.0007045368874969427
809.0 0.0008175067705451511
810.0 0.0006856038453406654
811.0 0.0005537009656109149
812.0 0.0006683545962005155
813.0 0.0007830082722648513
814.0 0.0008057554623519536
815.0 0.0008285025614895858
816.0 0.0007192112661869032
817.0 0.0006099199254094856
818.0 0.00041225716813642066
819.0 0.0002145945927622961
820.0 0.0003883047156705288
821.0 0.0005620148840534966
822.0 0.0005823063020216068
823.0 0.0006025976745149819
824.0 0.0005557590611715568
825.0 0.000508920584252337
826.0 0.0005248251454759156
827.0 0.0005407297066994943
828.0 0.0005230249371379614
829.0 0.0005053201675764285
830.0 0.0002772490688585094
831.0 4.9177981509274105e-05
832.0 4.271439593139803e-05
833.0 3.62508131956929e-05
834.0 1.4678022353109554e-05
835.0 1.636259487278191e-10
836.0 0.0003184919705745415
837.0 0.0006438785021600779
838.0 0.0015972771507222205
839.0 0.002550675708334893
840.0 0.0033561278542038053
841.0 0.004161579272476956
842.0 0.004685785825131461
843.0 0.00520998946740292
844.0 0.004618843377102166
845.0 0.004027697286801413
846.0 0.0037237536162137985
847.0 0.0034198106732219458
848.0 0.003333847416797653
849.0 0.0032478845241712406
850.0 0.003168256807839498
851.0 0.0030886298191035166
852.0 0.0027420612241257913
853.0 0.0023954924472491257
854.0 0.00201688235392794
855.0 0.0016382718968088739
856.0 0.0013065873645246029
857.0 0.0009749025593919214
858.0 0.0007136981366784312
859.0 0.00045249375943967607
860.0 0.0003296667955510202
861.0 0.0002068398771370994
862.0 0.00020115962797717657
863.0 0.00019547937881725375
864.0 0.00018101143268722808
865.0 0.00016654349792588619
866.0 0.00018795273035721038
867.0 0.00020936197415721836
868.0 0.00011082328228440019
869.0 1.228458046398373e-05
870.0 7.304385576389905e-05
871.0 0.00013380312111621606
872.0 0.00015540188087470597
873.0 0.00017700064063319587
874.0 0.00016537751434952952
875.0 0.00015375439943454694
876.0 0.00010997370054610656
877.0 6.619300734200806e-05
878.0 1.636259487278191e-10
879.0 1.636259487278191e-10
880.0 7.712714023000444e-06
881.0 8.56537099025445e-05
882.0 6.385649840012775e-05
883.0 4.205932668810419e-05
884.0 8.167380087797937e-05
885.0 0.00012128834896429908
886.0 0.00020577238046826096
887.0 0.00029025636649748776
888.0 0.0002241692072857404
889.0 0.00015808202533662552
890.0 0.00018761569435810088
891.0 0.00021714936337957624
892.0 0.00022815781903773313
893.0 0.00023916627469589002
894.0 0.0001336540890406468
895.0 2.814190622757451e-05
896.0 3.139064972401684e-05
897.0 3.4639390378288226e-05
898.0 7.129964956220647e-05
899.0 0.00010795989737744094
900.0 8.469098133900843e-05
901.0 6.142202551018272e-05
