lsstCam/transmission_filter_detector/r03_s21/r_57/19700101T000000.ecsv
# %ECSV 1.0
# ---
# datatype:
# - {name: wavelength, unit: nm, datatype: float32}
# - {name: efficiency, unit: '%', datatype: float64}
# meta: !!omap
# - {MODE: DETECTOR}
# - {TYPE: transmission_filter_detector}
# - {CALIBDATE: '1970-01-01T00:00:00'}
# - {INSTRUME: LSSTCam}
# - {OBSTYPE: transmission_filter_detector}
# - {CALIBCLS: lsst.ip.isr.IntermediateFilterDetectorTransmissionCurve}
# - {SOURCE: Materion (DM-46256)}
# - {DETECTOR: 25}
# - {FILTER: r_57}
# - {CALIB_ID: 'calibDate=1970-01-01T00:00:00 filter=r_57 detector=25'}
# - {DATE: '2025-04-02T15:59:44.300572'}
# - {CALIB_CREATION_DATE: '2025-04-02'}
# - {CALIB_CREATION_TIME: '15:59:44'}
# - __serialized_columns__:
#     efficiency:
#       __class__: astropy.units.quantity.Quantity
#       unit: !astropy.units.Unit {unit: '%'}
#       value: !astropy.table.SerializedColumn {name: efficiency}
#     wavelength:
#       __class__: astropy.units.quantity.Quantity
#       unit: !astropy.units.Unit {unit: nm}
#       value: !astropy.table.SerializedColumn {name: wavelength}
# schema: astropy-2.0
wavelength efficiency
300.0 0.00285416426777374
301.0 0.00754386346670799
302.0 0.012233562301844358
303.0 0.014616647968068719
304.0 0.016999735089484602
305.0 0.015078889555297792
306.0 0.013158044021110982
307.0 0.011500909022288397
308.0 0.00984377329587005
309.0 0.008531555067747831
310.0 0.007219336839625612
311.0 0.0070361704274546355
312.0 0.006853004015283659
313.0 0.006340804975479841
314.0 0.00582860411668662
315.0 0.005277821037452668
316.0 0.004727037594420835
317.0 0.004618401362677105
318.0 0.004509763675741851
319.0 0.004201240153633989
320.0 0.0038927162677282467
321.0 0.0035647066397359595
322.0 0.0032366981031373143
323.0 0.0032306747016264126
324.0 0.0032246494811261073
325.0 0.003066970020881854
326.0 0.0029092898330418393
327.0 0.002940170634246897
328.0 0.0029710508897551335
329.0 0.003016205482708756
330.0 0.003061359893763438
331.0 0.0028153723178547807
332.0 0.002569384560047183
333.0 0.0022616140995523892
334.0 0.001953844002855476
335.0 0.0017388003470841795
336.0 0.0015237564184644725
337.0 0.0013955320355307776
338.0 0.0012673076525970828
339.0 0.001204185900860466
340.0 0.0011410644219722599
341.0 0.001149446234194329
342.0 0.0011578280464163981
343.0 0.001103311478800606
344.0 0.0010487949111848138
345.0 0.0010397978257969953
346.0 0.0010308005585102364
347.0 0.001027423877530964
348.0 0.0010240471965516917
349.0 0.001006589809549041
350.0 0.005876658906345256
351.0 0.005932775093242526
352.0 0.0059888912801397964
353.0 0.00522854934388306
354.0 0.0044682084990199655
355.0 0.0049131664127344266
356.0 0.005358125054044649
357.0 0.006940821185708046
358.0 0.008523518044967204
359.0 0.006343337008729577
360.0 0.004163155608694069
361.0 0.002783242962323129
362.0 0.0014033303159521893
363.0 0.002246207259304356
364.0 0.0030890838388586417
365.0 0.0034306849556742236
366.0 0.0037722864362876862
367.0 0.0033068343327613547
368.0 0.002841381683538202
369.0 0.002145169310097117
370.0 0.001448957027605502
371.0 0.0021108555301907472
372.0 0.002772754305624403
373.0 0.003196946272510104
374.0 0.0036211382393958047
375.0 0.0033760905353119597
376.0 0.003131043558823876
377.0 0.001490793511038646
378.0 1.629434109341743e-10
379.0 0.0008757104296819307
380.0 0.0019008775780093856
381.0 0.0027190741093363613
382.0 0.003537271186360158
383.0 0.0035535558708943427
384.0 0.003569840919226408
385.0 0.004664385051000863
386.0 0.005758928455179557
387.0 0.005041190888732672
388.0 0.004323453322285786
389.0 0.0036772227758774534
390.0 0.0030309916837722994
391.0 0.0021162666598684154
392.0 0.0012015416359645315
393.0 0.0013520697393687442
394.0 0.0015025974789750762
395.0 0.0012170242371212225
396.0 0.000931451086216839
397.0 0.0008606001756561454
398.0 0.0007897495379438624
399.0 0.0006355995992635144
400.0 0.00048144911488634534
401.0 0.00023711133962933673
402.0 1.629434109341743e-10
403.0 0.00017946615571418079
404.0 0.00036615952012652997
405.0 0.0008010318197193556
406.0 0.0012359038009890355
407.0 0.001774781230778899
408.0 0.002313658478669822
409.0 0.0018935965272248723
410.0 0.0014735343029315118
411.0 0.0010369871233706363
412.0 0.0006004398983350256
413.0 0.0007028295840427745
414.0 0.0008052194061747286
415.0 0.0008335350685229059
416.0 0.0008618510037194937
417.0 0.0012696504199993797
418.0 0.0016774503819760866
419.0 0.0022323081793729216
420.0 0.0027871665224665776
421.0 0.004261137655703351
422.0 0.0057351084251422435
423.0 0.009008008055388927
424.0 0.012280905502848327
425.0 0.016538890486117452
426.0 0.020796868193428963
427.0 0.02125322207575664
428.0 0.021709577413275838
429.0 0.01656890963204205
430.0 0.011428239668020979
431.0 0.00820154309622012
432.0 0.004974843977834098
433.0 0.004061236904817633
434.0 0.003147629104205407
435.0 0.0024905295504140668
436.0 0.0018334296328248456
437.0 0.0016003836208255962
438.0 0.0013673379726242274
439.0 0.0011140920832986012
440.0 0.0008608460120740347
441.0 0.0011186480151081923
442.0 0.0013764499271928798
443.0 0.0016344380128430203
444.0 0.0018924260075436905
445.0 0.0018189874026575126
446.0 0.001745548433973454
447.0 0.0016812149624456652
448.0 0.0016168816728168167
449.0 0.0014874094631522894
450.0 0.0013579367987404112
451.0 0.0016022033378249034
452.0 0.0018464699678588659
453.0 0.0017360947822453454
454.0 0.0016257194147328846
455.0 0.0014258218470786233
456.0 0.0012259244613233022
457.0 0.0009284574844059534
458.0 0.0006309904620138695
459.0 0.0008530209015589207
460.0 0.0010750512046797667
461.0 0.0017300693798460998
462.0 0.002385087100265082
463.0 0.0031553565349895507
464.0 0.00392562615161296
465.0 0.004973469185642898
466.0 0.006021312219672836
467.0 0.006600190681638196
468.0 0.007179070234997198
469.0 0.006170598499011248
470.0 0.005162127854418941
471.0 0.003945146090700291
472.0 0.0027281639631837606
473.0 0.002176580164814368
474.0 0.0016249961845460348
475.0 0.0013459385627356824
476.0 0.0010668813956726808
477.0 0.0009002482329378836
478.0 0.0007336150702030864
479.0 0.000961136265686946
480.0 0.0011886573702213354
481.0 0.0009107819096243475
482.0 0.0006329066764010349
483.0 0.0007044115136523033
484.0 0.0007759162144793663
485.0 0.0007098622063494986
486.0 0.0006438080617954256
487.0 0.0006950451734155649
488.0 0.0007462821031367639
489.0 0.0007034260306681972
490.0 0.0006605698672501603
491.0 0.000780362643126864
492.0 0.0009001553735288326
493.0 0.0010230170119029935
494.0 0.0011458787412266247
495.0 0.0010314167411706876
496.0 0.0009169545592158101
497.0 0.0011220138731005136
498.0 0.0013270730050862767
499.0 0.0013448040590446908
500.0 0.0013625352949020453
501.0 0.0015465931937796995
502.0 0.0017306516383541748
503.0 0.002115290772053413
504.0 0.0024999300876515917
505.0 0.0030339999284478836
506.0 0.003568069587345235
507.0 0.0042623014451237395
508.0 0.004956532575306483
509.0 0.005444525959319435
510.0 0.005932517888140865
511.0 0.005282446363708004
512.0 0.004632374111679383
513.0 0.0039482365536969155
514.0 0.0032640989957144484
515.0 0.003087906225118786
516.0 0.002911713636422064
517.0 0.002724778460105881
518.0 0.0025378434656886384
519.0 0.06721580866724253
520.0 0.10607813019305468
521.0 0.05324462545104325
522.0 0.08888276061043143
523.0 0.07534496253356338
524.0 0.10932284640148282
525.0 0.08939003455452621
526.0 0.10763134341686964
527.0 0.11386513942852616
528.0 0.09396002278663218
529.0 0.15328798908740282
530.0 0.15957198338583112
531.0 0.19246905576437712
532.0 0.2810559934005141
533.0 0.28867467772215605
534.0 0.4139198921620846
535.0 0.5534466356039047
536.0 0.8724037557840347
537.0 1.3011472299695015
538.0 2.0484888926148415
539.0 3.1724952161312103
540.0 4.966976493597031
541.0 7.12493360042572
542.0 9.904111921787262
543.0 13.399791717529297
544.0 17.71993488073349
545.0 22.382567822933197
546.0 28.30550968647003
547.0 35.10863184928894
548.0 43.34453344345093
549.0 51.17936134338379
550.0 57.813167572021484
551.0 64.74967002868652
552.0 69.5194959640503
553.0 74.09454584121704
554.0 77.69848704338074
555.0 81.69586062431335
556.0 85.31221747398376
557.0 88.1354570388794
558.0 91.0002589225769
559.0 93.34200620651245
560.0 93.68926882743835
561.0 95.12075185775757
562.0 95.70455551147461
563.0 95.45838236808777
564.0 95.87175250053406
565.0 95.32187581062317
566.0 95.92227339744568
567.0 95.45684456825256
568.0 95.94891667366028
569.0 96.87433242797852
570.0 96.02255821228027
571.0 97.11889028549194
572.0 96.88438773155212
573.0 96.87489867210388
574.0 96.94985151290894
575.0 97.01933264732361
576.0 97.54196405410767
577.0 97.06511497497559
578.0 97.09747433662415
579.0 96.94289565086365
580.0 96.33653163909912
581.0 96.78230881690979
582.0 96.59912586212158
583.0 96.72546982765198
584.0 96.39386534690857
585.0 96.45267724990845
586.0 96.54053449630737
587.0 96.5907633304596
588.0 96.35963439941406
589.0 97.16158509254456
590.0 96.74150347709656
591.0 95.909184217453
592.0 95.7233190536499
593.0 95.89970111846924
594.0 95.51026225090027
595.0 96.63784503936768
596.0 97.05272316932678
597.0 97.16225266456604
598.0 96.9942033290863
599.0 96.80324196815491
600.0 97.0147430896759
601.0 96.25431299209595
602.0 96.73827886581421
603.0 96.34149670600891
604.0 96.53763771057129
605.0 96.82691693305969
606.0 96.18757963180542
607.0 96.22800946235657
608.0 96.25636339187622
609.0 95.8634614944458
610.0 95.92766761779785
611.0 95.964115858078
612.0 95.9795594215393
613.0 96.73224091529846
614.0 96.70026302337646
615.0 96.38075828552246
616.0 96.56294584274292
617.0 96.39691114425659
618.0 96.63959741592407
619.0 96.97334170341492
620.0 96.2451696395874
621.0 95.85089683532715
622.0 96.60184383392334
623.0 96.71406149864197
624.0 96.73600196838379
625.0 97.07472324371338
626.0 96.30067348480225
627.0 94.99706625938416
628.0 97.02383279800415
629.0 95.52586674690247
630.0 96.13320827484131
631.0 96.36594653129578
632.0 96.92663550376892
633.0 96.5361475944519
634.0 95.610511302948
635.0 96.2073028087616
636.0 96.106618642807
637.0 95.54378390312195
638.0 95.77766060829163
639.0 95.54815292358398
640.0 95.54836750030518
641.0 95.93841433525085
642.0 95.97023129463196
643.0 96.21480107307434
644.0 96.03476524353027
645.0 95.99878191947937
646.0 96.18121385574341
647.0 97.49975204467773
648.0 96.59815430641174
649.0 95.99624276161194
650.0 96.15224003791809
651.0 96.94222211837769
652.0 97.0238447189331
653.0 95.92633247375488
654.0 96.7204749584198
655.0 96.77561521530151
656.0 95.8047091960907
657.0 95.77502012252808
658.0 96.3969349861145
659.0 96.42864465713501
660.0 95.59884071350098
661.0 95.51647901535034
662.0 95.69096565246582
663.0 96.15392088890076
664.0 95.41281461715698
665.0 95.59406638145447
666.0 95.33191323280334
667.0 96.00611329078674
668.0 95.05102038383484
669.0 95.76827883720398
670.0 95.50150036811829
671.0 95.56720852851868
672.0 95.14714479446411
673.0 95.35824656486511
674.0 94.81517672538757
675.0 95.83103656768799
676.0 94.94576454162598
677.0 93.92005205154419
678.0 93.30446124076843
679.0 92.20154285430908
680.0 91.06575846672058
681.0 89.5855188369751
682.0 87.56195902824402
683.0 84.90964770317078
684.0 81.32436871528625
685.0 77.76538729667664
686.0 73.59544634819031
687.0 69.38408017158508
688.0 64.75151181221008
689.0 60.34495234489441
690.0 55.277347564697266
691.0 51.227837800979614
692.0 46.540069580078125
693.0 42.1112596988678
694.0 37.03325390815735
695.0 31.78890347480774
696.0 26.13953948020935
697.0 21.06364667415619
698.0 15.407268702983856
699.0 11.034706234931946
700.0 7.675644755363464
701.0 4.7994595021009445
702.0 2.937132492661476
703.0 1.6848696395754814
704.0 1.003269013017416
705.0 0.5857336334884167
706.0 0.3845951287075877
707.0 0.23874985054135323
708.0 0.145095307379961
709.0 0.1409201300702989
710.0 0.08367404225282371
711.0 0.07525195251218975
712.0 0.08858217624947429
713.0 0.06983437342569232
714.0 0.0694284331984818
715.0 0.09005545289255679
716.0 0.027783578843809664
717.0 0.022306556638795882
718.0 0.034659975790418684
719.0 0.04445519298315048
720.0 1.629434109341743e-10
721.0 0.004352358519099653
722.0 0.004086113040102646
723.0 0.0038198679249035195
724.0 0.0035425593523541465
725.0 0.003265250416006893
726.0 0.0030222370696719736
727.0 0.0027792237233370543
728.0 0.002676789154065773
729.0 0.002574354220996611
730.0 0.002384748586337082
731.0 0.002195143315475434
732.0 0.002180584124289453
733.0 0.002166024933103472
734.0 0.002077431054203771
735.0 0.00198883717530407
736.0 0.0017806481992010958
737.0 0.0015724595868960023
738.0 0.0015590941984555684
739.0 0.0015457291738130152
740.0 0.0015329680536524393
741.0 0.0015202073882392142
742.0 0.0013890246918890625
743.0 0.0012578419955389109
744.0 0.0013297712030180264
745.0 0.0014017001376487315
746.0 0.00133778085000813
747.0 0.0012738613804685883
748.0 0.0011355049537087325
749.0 0.0009971486178983469
750.0 0.0010048867807199713
751.0 0.0010126252163900062
752.0 0.0010496050890651532
753.0 0.0010865850526897702
754.0 0.001056969449564349
755.0 0.0010273542102368083
756.0 0.0009954433153325226
757.0 0.0009635322385292966
758.0 0.0010209137144556735
759.0 0.0010782950994325802
760.0 0.0010643800123943947
761.0 0.0010504651982046198
762.0 0.0010664702131180093
763.0 0.0010824757737282198
764.0 0.0010214210306003224
765.0 0.0009603664693713654
766.0 0.0008112871000776067
767.0 0.0006622077307838481
768.0 0.0006371752078848658
769.0 0.0006121425485616783
770.0 0.000727983797332854
771.0 0.0008438252734777052
772.0 0.0007886445018812083
773.0 0.000733463548385771
774.0 0.0007999325134733226
775.0 0.0008664012966619339
776.0 0.0008289499419333879
777.0 0.0007914984962553717
778.0 0.0008260935828729998
779.0 0.0008606887604400981
780.0 0.0007347259270318318
781.0 0.0006087631390983006
782.0 0.0007128848665161058
783.0 0.000817006548459176
784.0 0.0008677521691424772
785.0 0.0009184976079268381
786.0 0.0007758266292512417
787.0 0.0006331557869998505
788.0 0.0006749520252924412
789.0 0.0007167484000092372
790.0 0.0007450924840668449
791.0 0.0007734365681244526
792.0 0.0007763601388433017
793.0 0.0007792835276632104
794.0 0.0008301100024254993
795.0 0.0008809361133899074
796.0 0.0007120544978533871
797.0 0.0005431728368421318
798.0 0.0006990646397753153
799.0 0.0008549564881832339
800.0 0.0008090643859759439
801.0 0.0007631721928191837
802.0 0.0006655724519077921
803.0 0.0005679725290974602
804.0 0.0006676773864455754
805.0 0.0007673823347431608
806.0 0.000651265600026818
807.0 0.0005351490017346805
808.0 0.0006810333616158459
809.0 0.0008269176760222763
810.0 0.0007402268693113001
811.0 0.0006535362899739994
812.0 0.0006666487934126053
813.0 0.0006797612968512112
814.0 0.0005903876626689453
815.0 0.0005010139830119442
816.0 0.0006434147053369088
817.0 0.0007858154276618734
818.0 0.0007079422630340559
819.0 0.0006300690074567683
820.0 0.000474014177598292
821.0 0.0003179592795277131
822.0 0.00038790726648585405
823.0 0.00045785527618136257
824.0 0.00043426716729300097
825.0 0.00041067905840463936
826.0 0.0004697470103565138
827.0 0.0005288149168336531
828.0 0.000382652160624275
829.0 0.00023648933620279422
830.0 0.00019071802626058343
831.0 0.00014494675042442395
832.0 6.81416224779241e-05
833.0 1.629434109341743e-10
834.0 1.629434109341743e-10
835.0 1.629434109341743e-10
836.0 0.00023291258912649937
837.0 0.0005593590231001144
838.0 0.0007391405688395025
839.0 0.0009189221600536257
840.0 0.0012179359146102797
841.0 0.0015169496691669337
842.0 0.0020641315131797455
843.0 0.002611313175293617
844.0 0.0027411866540205665
845.0 0.002871060132747516
846.0 0.0032011048460844904
847.0 0.003531149559421465
848.0 0.0033585303754080087
849.0 0.0031859111913945526
850.0 0.002493150532245636
851.0 0.0018003900549956597
852.0 0.001511695700173732
853.0 0.0012230011634528637
854.0 0.0010420089893159457
855.0 0.0008610165423306171
856.0 0.0006803390078857774
857.0 0.0004996615189156728
858.0 0.0005720403805753449
859.0 0.0006444191967602819
860.0 0.0005366603090806166
861.0 0.00042890133045148104
862.0 0.0004421711764734937
863.0 0.00045544097702077124
864.0 0.00033379865271854214
865.0 0.00021215637389104813
866.0 0.00020175730242044665
867.0 0.00019135818547511008
868.0 0.0002081229695249931
869.0 0.00022488773083750857
870.0 0.00010666410616977373
871.0 1.629434109341743e-10
872.0 1.629434109341743e-10
873.0 1.629434109341743e-10
874.0 1.629434109341743e-10
875.0 1.629434109341743e-10
876.0 1.629434109341743e-10
877.0 5.375856062528328e-05
878.0 0.00014511757626678445
879.0 0.0002364765578022343
880.0 0.00021315388494258514
881.0 0.00018983117797688465
882.0 0.00016617559595033526
883.0 0.00014252005939852097
884.0 1.4115428825789422e-05
885.0 1.629434109341743e-10
886.0 1.629434109341743e-10
887.0 4.238691531099903e-05
888.0 0.00014512804682453861
889.0 0.00024786916128505254
890.0 0.00023599989162903512
891.0 0.0002241305764982826
892.0 8.89377929524926e-05
893.0 1.629434109341743e-10
894.0 4.229776493502868e-05
895.0 0.0001308505488850642
896.0 0.0001548105274196132
897.0 0.00017877056279758108
898.0 0.00012252593251105282
899.0 6.62812851714989e-05
900.0 2.459552206346416e-05
901.0 1.629434109341743e-10
