lsstCam/transmission_filter_detector/r03_s21/r_57/19700101T000000.ecsv
# %ECSV 1.0
# ---
# datatype:
# - {name: wavelength, unit: nm, datatype: float32}
# - {name: efficiency, unit: '%', datatype: float64}
# meta: !!omap
# - {MODE: DETECTOR}
# - {TYPE: transmission_filter_detector}
# - {CALIBDATE: '1970-01-01T00:00:00'}
# - {INSTRUME: LSSTCam}
# - {OBSTYPE: transmission_filter_detector}
# - {CALIBCLS: lsst.ip.isr.IntermediateFilterDetectorTransmissionCurve}
# - {SOURCE: Materion (DM-46256)}
# - {DETECTOR: 25}
# - {FILTER: r_57}
# - {CALIB_ID: 'calibDate=1970-01-01T00:00:00 filter=r_57 detector=25'}
# - {DATE: '2025-04-02T15:59:44.300572'}
# - {CALIB_CREATION_DATE: '2025-04-02'}
# - {CALIB_CREATION_TIME: '15:59:44'}
# - __serialized_columns__:
#     efficiency:
#       __class__: astropy.units.quantity.Quantity
#       unit: !astropy.units.Unit {unit: '%'}
#       value: !astropy.table.SerializedColumn {name: efficiency}
#     wavelength:
#       __class__: astropy.units.quantity.Quantity
#       unit: !astropy.units.Unit {unit: nm}
#       value: !astropy.table.SerializedColumn {name: wavelength}
# schema: astropy-2.0
wavelength efficiency
[from data line 603]
903.0 1.629434109341743e-10
904.0 1.629434109341743e-10
905.0 2.3905829493742203e-05
906.0 1.9528288319747844e-06
907.0 1.629434109341743e-10
908.0 1.629434109341743e-10
909.0 1.629434109341743e-10
910.0 1.629434109341743e-10
911.0 1.629434109341743e-10
912.0 1.629434109341743e-10
913.0 1.629434109341743e-10
914.0 1.629434109341743e-10
915.0 1.629434109341743e-10
916.0 1.629434109341743e-10
917.0 1.629434109341743e-10
918.0 6.758641006854305e-05
919.0 0.00016483254512422718
920.0 6.13261875059834e-05
921.0 1.629434109341743e-10
922.0 9.910177141136955e-05
923.0 0.00024038376977841835
924.0 0.00024152434434654424
925.0 0.00024266494165203767
926.0 0.00017218494576809462
927.0 0.00010170496125283535
928.0 0.00011216068287467351
929.0 0.00012261640449651168
930.0 0.00023747745672153542
931.0 0.0003523385430526105
932.0 0.0001642558231651492
933.0 1.629434109341743e-10
934.0 0.0001347287479802617
935.0 0.0002932843244707328
936.0 0.0002713587946345797
937.0 0.00024943326479842653
938.0 0.00027412947929406073
939.0 0.00029882573926443
940.0 0.00029748202905466314
941.0 0.0002961382733701612
942.0 0.00035223854411015054
943.0 0.00040833879211277235
944.0 0.0003753425289687584
945.0 0.00034234631129947957
946.0 0.0003281334102211986
947.0 0.0003139204636681825
948.0 0.00044458724914875347
949.0 0.0005752541710535297
950.0 0.0005832131137140095
951.0 0.0005911721018492244
952.0 0.000740675704946625
953.0 0.0008901793989934959
954.0 0.001218165925820358
955.0 0.001546152816445101
956.0 0.0016069623598014005
957.0 0.0016677719031576999
958.0 0.001775630698830355
959.0 0.0018834900401998311
960.0 0.002001900429604575
961.0 0.00212031136470614
962.0 0.002274599319207482
963.0 0.002428887273708824
964.0 0.0024277065676869825
965.0 0.0024265253159683198
966.0 0.0024005910745472647
967.0 0.0023746566512272693
968.0 0.0022943897420191206
969.0 0.002214122832810972
970.0 0.002313673758180812
971.0 0.0024132248654495925
972.0 0.0024903556550270878
973.0 0.0025674862627056427
974.0 0.002836876046785619
975.0 0.003106265648966655
976.0 0.0032042516977526248
977.0 0.0033022373827407137
978.0 0.0032108306186273694
979.0 0.003119424218311906
980.0 0.0030446059099631384
981.0 0.0029697879654122517
982.0 0.003089798701694235
983.0 0.003209809074178338
984.0 0.0031183786632027477
985.0 0.0030269482522271574
986.0 0.002942265746241901
987.0 0.002857583422155585
988.0 0.0026804254957824014
989.0 0.002503267751308158
990.0 0.002539020169933792
991.0 0.0025747725885594264
992.0 0.002637262332427781
993.0 0.002699752621992957
994.0 0.0027507145205163397
995.0 0.0028016758733429015
996.0 0.002841657078533899
997.0 0.0028816382837248966
998.0 0.0030389091989491135
999.0 0.0031961801141733304
1000.0 0.0032619111152598634
1001.0 0.003327642480144277
1002.0 0.0035705197660718113
1003.0 0.0038133970519993454
1004.0 0.003951660983148031
1005.0 0.0040899249142967165
1006.0 0.004289432035875507
1007.0 0.004488939157454297
1008.0 0.004410849942360073
1009.0 0.00433276072726585
1010.0 0.004306079063098878
1011.0 0.004279397398931906
1012.0 0.004265634561306797
1013.0 0.004251871359883808
1014.0 0.00400063036067877
1015.0 0.0037493893614737317
1016.0 0.003604271842050366
1017.0 0.0034591543226270005
1018.0 0.0030330791560118087
1019.0 0.0026070043531944975
1020.0 0.002210801721957978
1021.0 0.0018145989088225178
1022.0 0.0015936057025101036
1023.0 0.0013726120414503384
1024.0 0.0014283280506788287
1025.0 0.0014840441508567892
1026.0 0.0013588650290330406
1027.0 0.0012336855434114113
1028.0 0.0011398957212804817
1029.0 0.0010461056263011415
1030.0 0.0009632114597479813
1031.0 0.0008803166565485299
1032.0 0.0008512619388056919
1033.0 0.0008222070391639136
1034.0 0.000769917642173823
1035.0 0.000717628063284792
1036.0 0.00078475177360815
1037.0 0.0008518751201336272
1038.0 0.0007719190762145445
1039.0 0.0006919632141944021
1040.0 0.0007072839252941776
1041.0 0.0007226046363939531
1042.0 0.0008614677426521666
1043.0 0.0010003303941630293
1044.0 0.0010122281310032122
1045.0 0.0010241260497423355
1046.0 0.0008902668014343362
1047.0 0.0007564077805000124
1048.0 0.0007044014637358487
1049.0 0.00065239519244642
1050.0 0.0007220215593406465
1051.0 0.0007916478352854028
1052.0 0.0010482653124199715
1053.0 0.0013048823348071892
1054.0 0.0010650582225935068
1055.0 0.0008252340194303542
1056.0 0.0008210013220377732
1057.0 0.0008167689884430729
1058.0 0.000709428422851488
1059.0 0.0006020880391588435
1060.0 0.0010537490197748411
1061.0 0.0015054096365929581
1062.0 0.0016298601622111164
1063.0 0.001754310869728215
1064.0 0.0012144316315243486
1065.0 0.000674552302371012
1066.0 0.0010894678780459799
1067.0 0.0015043833627714776
1068.0 0.0017058058801922016
1069.0 0.001907228033815045
1070.0 0.0012852315194322728
1071.0 0.0006632349141000304
1072.0 0.001191299088532105
1073.0 0.00171936335391365
1074.0 0.002448385021125432
1075.0 0.0031774066883372143
1076.0 0.0033480457204859704
1077.0 0.0035186847526347265
1078.0 0.004050908319186419
1079.0 0.004583131885738112
1080.0 0.00452648637292441
1081.0 0.004469840860110708
1082.0 0.0044056509068468586
1083.0 0.004341461681178771
1084.0 0.004663343861466274
1085.0 0.004985226041753776
1086.0 0.004904040906694718
1087.0 0.00482285613543354
1088.0 0.004959596844855696
1089.0 0.005096337918075733
1090.0 0.004768178041558713
1091.0 0.004440017437445931
1092.0 0.004130777233513072
1093.0 0.0038215366657823324
1094.0 0.004078269921592437
1095.0 0.00433500281360466
1096.0 0.0033441039704484865
1097.0 0.002353204763494432
1098.0 0.0019241997506469488
1099.0 0.0014951951925468165
1100.0 0.0014603431736759376
1101.0 0.0014254907000577077
