lsstCam/transmission_sensor/r14_s01/19700101T000000.ecsv
# %ECSV 1.0
# ---
# datatype:
# - {name: amp_name, datatype: string}
# - {name: wavelength, unit: nm, datatype: float32}
# - {name: efficiency, unit: '%', datatype: float64}
# meta: !!omap
# - {MODE: AMP}
# - {TYPE: transmission_sensor}
# - {CALIBDATE: '1970-01-01T00:00:00'}
# - {INSTRUME: LSSTCAM}
# - {OBSTYPE: transmission_sensor}
# - {DETECTOR: 64}
# - {PARQUETFILE: qe_raft_allvalues_nircorrected_20230725.parquet}
# - {CALIBCLS: lsst.ip.isr.IntermediateSensorTransmissionCurve}
# - {CALIB_ID: 'raftName=R14 detectorName=S01 detector=64 calibDate=1970-01-01T00:00:00 ccd=64 ccdnum=64 filter=None'}
# - {DATE: '2024-01-18T22:42:25.198941'}
# - {CALIB_CREATION_DATE: '2024-01-18'}
# - {CALIB_CREATION_TIME: '22:42:25'}
# - __serialized_columns__:
#     efficiency:
#       __class__: astropy.units.quantity.Quantity
#       unit: !astropy.units.Unit {unit: '%'}
#       value: !astropy.table.SerializedColumn {name: efficiency}
#     wavelength:
#       __class__: astropy.units.quantity.Quantity
#       unit: !astropy.units.Unit {unit: nm}
#       value: !astropy.table.SerializedColumn {name: wavelength}
# schema: astropy-2.0
amp_name wavelength efficiency
C00 319.994 44.6838493347168
C00 324.969 50.461219787597656
C00 349.982 74.01016235351562
C00 374.975 78.18782806396484
C00 400.019 84.48793029785156
C00 424.965 86.3165054321289
C00 450.035 88.41035461425781
C00 475.003 90.2904281616211
C00 500.018 92.50763702392578
C00 525.002 94.7916030883789
C00 550.029 95.44551849365234
C00 575.023 97.30955505371094
C00 599.982 97.99633026123047
C00 619.997 98.3436279296875
C00 624.979 99.18849182128906
C00 650.012 99.2789077758789
C00 675.004 98.65000915527344
C00 700.03 98.40530395507812
C00 725.012 97.86690521240234
C00 750.022 98.2979736328125
C00 774.987 98.85822296142578
C00 799.976 97.53736114501953
C00 824.988 95.84296417236328
C00 850.022 93.69912719726562
C00 869.967 90.52068328857422
C00 875.002 89.07451629638672
C00 899.999 82.39884948730469
C00 919.999 73.32948303222656
C00 925.012 70.5162124633789
C00 949.965 57.54963684082031
C00 975.002 42.53529739379883
C00 999.976 25.61080551147461
C00 1025.028 10.922356605529785
C00 1050.014 3.8839364051818848
C00 1075.002 0.9364758799265919
C00 1099.99 0.09291627648360595
C01 319.994 44.994930267333984
C01 324.969 50.81284713745117
C01 349.982 74.5100326538086
C01 374.975 78.61571502685547
C01 400.019 84.76165771484375
C01 424.965 86.51517486572266
C01 450.035 88.57404327392578
C01 475.003 90.4323501586914
C01 500.018 92.63790893554688
C01 525.002 94.9111328125
C01 550.029 95.55860900878906
C01 575.023 97.42021942138672
C01 599.982 98.0997543334961
C01 619.997 98.44420623779297
C01 624.979 99.29020690917969
C01 650.012 99.3768310546875
C01 675.004 98.74724578857422
C01 700.03 98.49713134765625
C01 725.012 97.95065307617188
C01 750.022 98.37626647949219
C01 774.987 98.93643188476562
C01 799.976 97.61311340332031
C01 824.988 95.92882537841797
C01 850.022 93.79203033447266
C01 869.967 90.61479187011719
C01 875.002 89.16199493408203
C01 899.999 82.59366607666016
C01 919.999 73.48384094238281
C01 925.012 70.63703918457031
C01 949.965 57.676448822021484
C01 975.002 42.659515380859375
C01 999.976 25.709077835083008
C01 1025.028 10.923272132873535
C01 1050.014 3.8969452381134033
C01 1075.002 0.9372218017265376
C01 1099.99 0.09299028615933229
C02 319.994 45.247169494628906
C02 324.969 51.094417572021484
C02 349.982 74.90583038330078
C02 374.975 78.94712829589844
C02 400.019 84.99270629882812
C02 424.965 86.69363403320312
C02 450.035 88.7314453125
C02 475.003 90.57574462890625
C02 500.018 92.77013397216797
C02 525.002 95.03598022460938
C02 550.029 95.67568969726562
C02 575.023 97.53670501708984
C02 599.982 98.21343994140625
C02 619.997 98.55352020263672
C02 624.979 99.39830017089844
C02 650.012 99.48527526855469
C02 675.004 98.84941101074219
C02 700.03 98.6010513305664
C02 725.012 98.05146026611328
C02 750.022 98.4792709350586
C02 774.987 99.0345230102539
C02 799.976 97.71869659423828
C02 824.988 96.0447998046875
C02 850.022 93.92615509033203
C02 869.967 90.75452423095703
C02 875.002 89.29739379882812
C02 899.999 82.83584594726562
C02 919.999 73.69252014160156
C02 925.012 70.8218765258789
C02 949.965 57.89473342895508
C02 975.002 42.82869338989258
C02 999.976 25.847412109375
C02 1025.028 10.968661308288574
C02 1050.014 3.9123551845550537
C02 1075.002 0.9382031236923272
C02 1099.99 0.09308765202325596
C03 319.994 45.39838790893555
C03 324.969 51.268409729003906
C03 349.982 75.2070083618164
C03 374.975 79.21207427978516
C03 400.019 85.12110900878906
C03 424.965 86.75480651855469
C03 450.035 88.7585678100586
C03 475.003 90.57980346679688
C03 500.018 92.76534271240234
C03 525.002 95.02657318115234
C03 550.029 95.6640853881836
C03 575.023 97.52023315429688
C03 599.982 98.19747161865234
C03 619.997 98.54053497314453
C03 624.979 99.38631439208984
C03 650.012 99.47074890136719
C03 675.004 98.83650207519531
C03 700.03 98.58728790283203
C03 725.012 98.0404281616211
C03 750.022 98.47129821777344
C03 774.987 99.0361328125
C03 799.976 97.7196273803711
C03 824.988 96.0550537109375
C03 850.022 93.9485855102539
C03 869.967 90.78738403320312
C03 875.002 89.32964324951172
C03 899.999 82.91556549072266
C03 919.999 73.75141143798828
C03 925.012 70.8669662475586
C03 949.965 57.96525192260742
C03 975.002 42.898468017578125
C03 999.976 25.89899253845215
C03 1025.028 10.982227325439453
C03 1050.014 3.9214046001434326
C03 1075.002 0.938127121377749
C03 1099.99 0.0930801111434254
C04 319.994 45.46504592895508
C04 324.969 51.34892654418945
C04 349.982 75.3534164428711
C04 374.975 79.30278015136719
C04 400.019 85.0893783569336
C04 424.965 86.67451477050781
C04 450.035 88.6441421508789
C04 475.003 90.45451354980469
C04 500.018 92.6261978149414
C04 525.002 94.87980651855469
C04 550.029 95.51590728759766
C04 575.023 97.36788177490234
C04 599.982 98.04080963134766
C04 619.997 98.38172149658203
C04 624.979 99.22772979736328
C04 650.012 99.30879211425781
C04 675.004 98.6780776977539
C04 700.03 98.43274688720703
C04 725.012 97.89015197753906
C04 750.022 98.33101654052734
C04 774.987 98.89803314208984
C04 799.976 97.58749389648438
C04 824.988 95.9274673461914
C04 850.022 93.81471252441406
C04 869.967 90.6644058227539
C04 875.002 89.22346496582031
C04 899.999 82.89429473876953
C04 919.999 73.6009521484375
C04 925.012 70.69058990478516
C04 949.965 57.88856506347656
C04 975.002 42.904022216796875
C04 999.976 25.92998695373535
C04 1025.028 10.991903305053711
C04 1050.014 3.9160373210906982
C04 1075.002 0.9367906042381039
C04 1099.99 0.09294750314066288
C05 319.994 45.732975006103516
C05 324.969 51.64793395996094
C05 349.982 75.70531463623047
C05 374.975 79.5685806274414
C05 400.019 85.32681274414062
C05 424.965 86.9024887084961
C05 450.035 88.87648010253906
C05 475.003 90.68496704101562
C05 500.018 92.86043548583984
C05 525.002 95.11697387695312
C05 550.029 95.7459487915039
C05 575.023 97.60108947753906
C05 599.982 98.27191162109375
C05 619.997 98.60447692871094
C05 624.979 99.45169067382812
C05 650.012 99.53018951416016
C05 675.004 98.89186096191406
C05 700.03 98.64630889892578
C05 725.012 98.10474395751953
C05 750.022 98.5579833984375
C05 774.987 99.1330337524414
C05 799.976 97.82978820800781
C05 824.988 96.16236877441406
C05 850.022 94.04783630371094
C05 869.967 90.90892028808594
C05 875.002 89.47779846191406
C05 899.999 83.18870544433594
C05 919.999 73.70667266845703
C05 925.012 70.7675552368164
C05 949.965 58.1115837097168
C05 975.002 43.04682159423828
C05 999.976 26.037870407104492
C05 1025.028 11.03756332397461
C05 1050.014 3.9263298511505127
C05 1075.002 0.9389528150317855
C05 1099.99 0.09316203570922973
C06 319.994 45.83237075805664
C06 324.969 51.758541107177734
C06 349.982 75.76171875
C06 374.975 79.54619598388672
C06 400.019 85.24967193603516
C06 424.965 86.8072509765625
C06 450.035 88.77276611328125
C06 475.003 90.58116912841797
C06 500.018 92.74908447265625
C06 525.002 94.99881744384766
C06 550.029 95.62175750732422
C06 575.023 97.46710968017578
C06 599.982 98.1305160522461
C06 619.997 98.46065521240234
C06 624.979 99.30309295654297
C06 650.012 99.37708282470703
C06 675.004 98.73458099365234
C06 700.03 98.48591613769531
C06 725.012 97.95596313476562
C06 750.022 98.42080688476562
C06 774.987 99.01174926757812
C06 799.976 97.7125244140625
C06 824.988 96.05353546142578
C06 850.022 93.95951843261719
C06 869.967 90.84569549560547
C06 875.002 89.40345764160156
C06 899.999 83.12432098388672
C06 919.999 73.63802337646484
C06 925.012 70.69852447509766
C06 949.965 58.05970764160156
C06 975.002 43.041202545166016
C06 999.976 26.034809112548828
C06 1025.028 11.046419143676758
C06 1050.014 3.9294474124908447
C06 1075.002 0.9376458285480169
C06 1099.99 0.09303235771101402
C07 319.994 45.89019012451172
C07 324.969 51.81786346435547
C07 349.982 75.72906494140625
C07 374.975 79.43319702148438
C07 400.019 85.11388397216797
C07 424.965 86.66881561279297
C07 450.035 88.6387939453125
C07 475.003 90.44139099121094
C07 500.018 92.60578918457031
C07 525.002 94.84829711914062
C07 550.029 95.46849060058594
C07 575.023 97.30149841308594
C07 599.982 97.95524597167969
C07 619.997 98.27978515625
C07 624.979 99.12169647216797
C07 650.012 99.18476867675781
C07 675.004 98.54048156738281
C07 700.03 98.29375457763672
C07 725.012 97.77778625488281
C07 750.022 98.26002502441406
C07 774.987 98.86966705322266
C07 799.976 97.58509063720703
C07 824.988 95.92864227294922
C07 850.022 93.86006927490234
C07 869.967 90.78641510009766
C07 875.002 89.37299346923828
C07 899.999 83.04561614990234
C07 919.999 73.52293395996094
C07 925.012 70.59306335449219
C07 949.965 58.15559768676758
C07 975.002 43.185157775878906
C07 999.976 26.144025802612305
C07 1025.028 11.148603439331055
C07 1050.014 3.915316581726074
C07 1075.002 0.9361139155451219
C07 1099.99 0.09288036271020633
C10 319.994 44.19035720825195
C10 324.969 49.88991165161133
C10 349.982 72.8362808227539
C10 374.975 77.00804138183594
C10 400.019 83.96175384521484
C10 424.965 86.13263702392578
C10 450.035 88.42472076416016
C10 475.003 90.42324829101562
C10 500.018 92.7168197631836
C10 525.002 95.0465087890625
C10 550.029 95.72181701660156
C10 575.023 97.60247039794922
C10 599.982 98.29452514648438
C10 619.997 98.63614654541016
C10 624.979 99.48311614990234
C10 650.012 99.56420135498047
C10 675.004 98.91419982910156
C10 700.03 98.57177734375
C10 725.012 97.75033569335938
C10 750.022 97.84918975830078
C10 774.987 98.08541107177734
C10 799.976 96.66345977783203
C10 824.988 95.07832336425781
C10 850.022 92.89386749267578
C10 869.967 89.81190490722656
C10 875.002 88.46883392333984
C10 899.999 82.52136993408203
C10 919.999 73.37702178955078
C10 925.012 70.42867279052734
C10 949.965 57.44907760620117
C10 975.002 42.4075927734375
C10 999.976 25.792444229125977
C10 1025.028 11.032628059387207
C10 1050.014 3.889169216156006
C10 1075.002 0.9322032543933669
C10 1099.99 0.09249235050337977
C11 319.994 44.520912170410156
C11 324.969 50.261051177978516
C11 349.982 73.3793716430664
C11 374.975 77.475830078125
C11 400.019 84.24114990234375
C11 424.965 86.3244857788086
C11 450.035 88.57321166992188
C11 475.003 90.5435562133789
C11 500.018 92.8245849609375
C11 525.002 95.14228820800781
C11 550.029 95.81143188476562
C11 575.023 97.68882751464844
C11 599.982 98.37512969970703
C11 619.997 98.70972442626953
C11 624.979 99.55915069580078
C11 650.012 99.64028930664062
C11 675.004 98.98827362060547
C11 700.03 98.6326904296875
C11 725.012 97.8054428100586
C11 750.022 97.88753509521484
C11 774.987 98.11322784423828
C11 799.976 96.67960357666016
C11 824.988 95.10379028320312
C11 850.022 92.92467498779297
C11 869.967 89.81044006347656
C11 875.002 88.49372100830078
C11 899.999 82.55596160888672
C11 919.999 73.4709243774414
C11 925.012 70.48298645019531
C11 949.965 57.54722595214844
C11 975.002 42.38103103637695
C11 999.976 25.783788681030273
C11 1025.028 11.041088104248047
C11 1050.014 3.8844411373138428
C11 1075.002 0.9325687276812525
C11 1099.99 0.09252861242725037
C12 319.994 44.71505355834961
C12 324.969 50.484169006347656
C12 349.982 73.72000885009766
C12 374.975 77.77268981933594
C12 400.019 84.4205322265625
C12 424.965 86.44205474853516
C12 450.035 88.65691375732422
C12 475.003 90.61089324951172
C12 500.018 92.87784576416016
C12 525.002 95.18893432617188
C12 550.029 95.85157012939453
C12 575.023 97.72476959228516
C12 599.982 98.40727996826172
C12 619.997 98.74453735351562
C12 624.979 99.59379577636719
C12 650.012 99.6721420288086
C12 675.004 99.01524353027344
C12 700.03 98.66502380371094
C12 725.012 97.825927734375
C12 750.022 97.90248107910156
C12 774.987 98.11729431152344
C12 799.976 96.68321228027344
C12 824.988 95.1052017211914
C12 850.022 92.9201889038086
C12 869.967 89.86915588378906
C12 875.002 88.48430633544922
C12 899.999 82.72257232666016
C12 919.999 73.38523864746094
C12 925.012 70.41223907470703
C12 949.965 57.590763092041016
C12 975.002 42.36088562011719
C12 999.976 25.913084030151367
C12 1025.028 10.990828514099121
C12 1050.014 3.874941110610962
C12 1075.002 0.9327111802799583
C12 1099.99 0.09254274644322544
C13 319.994 44.74492263793945
C13 324.969 50.523502349853516
C13 349.982 73.88984680175781
C13 374.975 77.9741439819336
C13 400.019 84.5266342163086
C13 424.965 86.48858642578125
C13 450.035 88.67301177978516
C13 475.003 90.60758972167969
C13 500.018 92.8624496459961
C13 525.002 95.16876220703125
C13 550.029 95.83512115478516
C13 575.023 97.70674133300781
C13 599.982 98.3924331665039
C13 619.997 98.73429870605469
C13 624.979 99.57965850830078
C13 650.012 99.66278076171875
C13 675.004 99.01078033447266
C13 700.03 98.65953826904297
C13 725.012 97.82872772216797
C13 750.022 97.90696716308594
C13 774.987 98.1231460571289
C13 799.976 96.69163513183594
C13 824.988 95.12077331542969
C13 850.022 92.93548583984375
C13 869.967 89.86833190917969
C13 875.002 88.5235595703125
C13 899.999 82.68091583251953
C13 919.999 73.40245056152344
C13 925.012 70.47744750976562
C13 949.965 57.56205749511719
C13 975.002 42.48476791381836
C13 999.976 25.79136085510254
C13 1025.028 11.03658390045166
C13 1050.014 3.8764138221740723
C13 1075.002 0.9327539020846948
C13 1099.99 0.09254698526144368
C14 319.994 44.96599197387695
C14 324.969 50.77922821044922
C14 349.982 74.33292388916016
C14 374.975 78.39838409423828
C14 400.019 84.82520294189453
C14 424.965 86.71844482421875
C14 450.035 88.86428833007812
C14 475.003 90.77641296386719
C14 500.018 93.022216796875
C14 525.002 95.32382202148438
C14 550.029 95.9851303100586
C14 575.023 97.86131286621094
C14 599.982 98.5457992553711
C14 619.997 98.89046478271484
C14 624.979 99.74136352539062
C14 650.012 99.82534790039062
C14 675.004 99.1748046875
C14 700.03 98.82737731933594
C14 725.012 97.99668884277344
C14 750.022 98.08377075195312
C14 774.987 98.3061752319336
C14 799.976 96.87928771972656
C14 824.988 95.31018829345703
C14 850.022 93.11620330810547
C14 869.967 90.12488555908203
C14 875.002 88.75904846191406
C14 899.999 82.8767318725586
C14 919.999 73.39521789550781
C14 925.012 70.57234954833984
C14 949.965 57.7258186340332
C14 975.002 42.66829299926758
C14 999.976 25.98004150390625
C14 1025.028 11.050263404846191
C14 1050.014 3.8727591037750244
C14 1075.002 0.9344382151725157
C14 1099.99 0.09271410125867063
C15 319.994 45.029788970947266
C15 324.969 50.85133743286133
C15 349.982 74.43390655517578
C15 374.975 78.46540069580078
C15 400.019 84.83699798583984
C15 424.965 86.70606994628906
C15 450.035 88.83815002441406
C15 475.003 90.74440002441406
C15 500.018 92.98151397705078
C15 525.002 95.27813720703125
C15 550.029 95.93883514404297
C15 575.023 97.81321716308594
C15 599.982 98.49645233154297
C15 619.997 98.83747863769531
C15 624.979 99.68927764892578
C15 650.012 99.77122497558594
C15 675.004 99.11759948730469
C15 700.03 98.77302551269531
C15 725.012 97.95488739013672
C15 750.022 98.0521469116211
C15 774.987 98.28864288330078
C15 799.976 96.87141418457031
C15 824.988 95.30594635009766
C15 850.022 93.13590240478516
C15 869.967 90.17325592041016
C15 875.002 88.8189697265625
C15 899.999 82.89386749267578
C15 919.999 73.40142822265625
C15 925.012 70.55364227294922
C15 949.965 57.8872184753418
C15 975.002 42.67781066894531
C15 999.976 26.01042938232422
C15 1025.028 11.080143928527832
C15 1050.014 3.873145818710327
C15 1075.002 0.93413683018306
C15 1099.99 0.09268419811689355
C16 319.994 45.067535400390625
C16 324.969 50.890235900878906
C16 349.982 74.4386978149414
C16 374.975 78.4416732788086
C16 400.019 84.76009368896484
C16 424.965 86.60992431640625
C16 450.035 88.73113250732422
C16 475.003 90.62825012207031
C16 500.018 92.86180877685547
C16 525.002 95.15486907958984
C16 550.029 95.80491638183594
C16 575.023 97.67091369628906
C16 599.982 98.35179901123047
C16 619.997 98.68765258789062
C16 624.979 99.53800201416016
C16 650.012 99.61543273925781
C16 675.004 98.96415710449219
C16 700.03 98.6193618774414
C16 725.012 97.81443786621094
C16 750.022 97.9305648803711
C16 774.987 98.18600463867188
C16 799.976 96.78012084960938
C16 824.988 95.21803283691406
C16 850.022 93.07642364501953
C16 869.967 90.15357208251953
C16 875.002 88.8088150024414
C16 899.999 82.85671997070312
C16 919.999 73.42273712158203
C16 925.012 70.56768035888672
C16 949.965 57.909698486328125
C16 975.002 42.771034240722656
C16 999.976 26.03591537475586
C16 1025.028 11.084550857543945
C16 1050.014 3.8820810317993164
C16 1075.002 0.9329783411617605
C16 1099.99 0.0925692539004822
C17 319.994 45.233665466308594
C17 324.969 51.0693359375
C17 349.982 74.52389526367188
C17 374.975 78.4482421875
C17 400.019 84.77658081054688
C17 424.965 86.64021301269531
C17 450.035 88.77046203613281
C17 475.003 90.67281341552734
C17 500.018 92.9062271118164
C17 525.002 95.19247436523438
C17 550.029 95.83643341064453
C17 575.023 97.69688415527344
C17 599.982 98.36441802978516
C17 619.997 98.69172668457031
C17 624.979 99.53936767578125
C17 650.012 99.60684204101562
C17 675.004 98.94689178466797
C17 700.03 98.60108184814453
C17 725.012 97.80567169189453
C17 750.022 97.9453125
C17 774.987 98.22537994384766
C17 799.976 96.82833862304688
C17 824.988 95.26795196533203
C17 850.022 93.146240234375
C17 869.967 90.26229095458984
C17 875.002 88.91948699951172
C17 899.999 82.87887573242188
C17 919.999 73.4597396850586
C17 925.012 70.61427307128906
C17 949.965 57.965206146240234
C17 975.002 42.8405876159668
C17 999.976 26.067485809326172
C17 1025.028 11.136002540588379
C17 1050.014 3.8904120922088623
C17 1075.002 0.9331186172576115
C17 1099.99 0.09258317196584354
