lsstCam/transmission_sensor/r14_s01/19700101T000000.ecsv
# %ECSV 1.0
# ---
# datatype:
# - {name: amp_name, datatype: string}
# - {name: wavelength, unit: nm, datatype: float32}
# - {name: efficiency, unit: '%', datatype: float64}
# meta: !!omap
# - {MODE: AMP}
# - {TYPE: transmission_sensor}
# - {CALIBDATE: '1970-01-01T00:00:00'}
# - {INSTRUME: LSSTCam}
# - {OBSTYPE: transmission_sensor}
# - {DETECTOR: 64}
# - {PARQUETFILE: qe_raft_allvalues_nircorrected_20230725_adjust.parquet}
# - {CORRFILE: qe_corr_factor_bydetnum.parquet}
# - {CALIBCLS: lsst.ip.isr.IntermediateSensorTransmissionCurve}
# - {CALIB_ID: 'raftName=R14 detectorName=S01 detector=64 calibDate=1970-01-01T00:00:00 ccd=64 ccdnum=64 filter=None'}
# - {DATE: '2025-03-03T21:56:47.733595'}
# - {CALIB_CREATION_DATE: '2025-03-03'}
# - {CALIB_CREATION_TIME: '21:56:47'}
# - __serialized_columns__:
#     efficiency:
#       __class__: astropy.units.quantity.Quantity
#       unit: !astropy.units.Unit {unit: '%'}
#       value: !astropy.table.SerializedColumn {name: efficiency}
#     wavelength:
#       __class__: astropy.units.quantity.Quantity
#       unit: !astropy.units.Unit {unit: nm}
#       value: !astropy.table.SerializedColumn {name: wavelength}
# schema: astropy-2.0
amp_name wavelength efficiency
C00 319.994 44.65886093982018
C00 324.969 50.43300053375558
C00 349.982 73.96877390577025
C00 374.975 78.14410335463786
C00 400.019 84.44068240408875
C00 424.965 86.26823495060263
C00 450.035 88.36091319667756
C00 475.003 90.23993535699752
C00 500.018 92.45590429723988
C00 525.002 94.73859310723086
C00 550.029 95.39214282564832
C00 575.023 97.25513696697267
C00 599.982 97.94152811156239
C00 619.997 98.28863156194252
C00 624.979 99.13302298322492
C00 650.012 99.22338837481243
C00 675.004 98.59484145101275
C00 700.03 98.35027309646227
C00 725.012 97.81217544065778
C00 750.022 98.24300279616246
C00 774.987 98.80293881847665
C00 799.976 97.48281566306679
C00 824.988 95.7893662421836
C00 850.022 93.64672815764094
C00 869.967 90.47006171917042
C00 875.002 89.02470346196044
C00 899.999 82.35276986299587
C00 919.999 73.28847523842957
C00 925.012 70.47677792517587
C00 949.965 57.5174535559658
C00 975.002 42.511510526191266
C00 999.976 25.59648326907004
C00 1025.028 10.916248533729252
C00 1050.014 3.8817644048262525
C00 1075.002 0.9359521777512607
C00 1099.99 0.09286431523488489
C01 319.994 44.9697679077207
C01 324.969 50.78443124425941
C01 349.982 74.46836466531983
C01 374.975 78.57175103177852
C01 400.019 84.71425674544193
C01 424.965 86.46679328297448
C01 450.035 88.52451031730114
C01 475.003 90.38177798751906
C01 500.018 92.5861033573493
C01 525.002 94.85805598715673
C01 550.029 95.50517009756643
C01 575.023 97.36573944819592
C01 599.982 98.04489434634091
C01 619.997 98.38915362398777
C01 624.979 99.23468118933788
C01 650.012 99.32125689232366
C01 675.004 98.69202370700657
C01 700.03 98.44204913672446
C01 725.012 97.8958764703984
C01 750.022 98.32125185940362
C01 774.987 98.88110400531014
C01 799.976 97.55852555869352
C01 824.988 95.87517943237226
C01 850.022 93.73957934094707
C01 869.967 90.56411767269601
C01 875.002 89.11213317927901
C01 899.999 82.54747750574222
C01 919.999 73.44274682754428
C01 925.012 70.59753707685685
C01 949.965 57.64419462054025
C01 975.002 42.63565904725548
C01 999.976 25.69470063618596
C01 1025.028 10.917163549085805
C01 1050.014 3.8947659628730134
C01 1075.002 0.9366976824119317
C01 1099.99 0.09293828352243562
C02 319.994 45.22186607614281
C02 324.969 51.06584421716706
C02 349.982 74.86394105421331
C02 374.975 78.90297896572247
C02 400.019 84.94517612092385
C02 424.965 86.64515265135044
C02 450.035 88.68182433247638
C02 475.003 90.52509226773907
C02 500.018 92.71825445021936
C02 525.002 94.98283358127857
C02 550.029 95.62218531141353
C02 575.023 97.48215990206127
C02 599.982 98.15851637824079
C02 619.997 98.49840645756011
C02 624.979 99.34271400243482
C02 650.012 99.42964046130727
C02 675.004 98.79413179566984
C02 700.03 98.54591100482112
C02 725.012 97.99662728628279
C02 750.022 98.42419871214372
C02 774.987 98.97914027563674
C02 799.976 97.66404970468791
C02 824.988 95.99108900266353
C02 850.022 93.87362909068199
C02 869.967 90.70377189148981
C02 875.002 89.24745632538512
C02 899.999 82.78952194293421
C02 919.999 73.65130932781443
C02 925.012 70.78227105221679
C02 949.965 57.86235715692622
C02 975.002 42.80474244745439
C02 999.976 25.83295755027902
C02 1025.028 10.962527341668876
C02 1050.014 3.910167291663482
C02 1075.002 0.9376784555964242
C02 1099.99 0.09303559493678314
C03 319.994 45.372999925097346
C03 324.969 51.23973907311584
C03 349.982 75.16495060600712
C03 374.975 79.16777678478073
C03 400.019 85.0735070246803
C03 424.965 86.70629092742408
C03 450.035 88.70893166241424
C03 475.003 90.52914883581978
C03 500.018 92.71346586985341
C03 525.002 94.97343179849
C03 550.029 95.61058749176924
C03 575.023 97.4656972507713
C03 599.982 98.14255698539694
C03 619.997 98.485428489753
C03 624.979 99.33073492639195
C03 650.012 99.41512221764998
C03 675.004 98.78123007914245
C03 700.03 98.53215527396095
C03 725.012 97.98560135123633
C03 750.022 98.41623045341375
C03 774.987 98.98074917763867
C03 799.976 97.66497997030041
C03 824.988 96.00133717465691
C03 850.022 93.89604696691751
C03 869.967 90.73661331766206
C03 875.002 89.27968774131968
C03 899.999 82.86919690510601
C03 919.999 73.71016769062466
C03 925.012 70.827335558527
C03 949.965 57.93283621476466
C03 975.002 42.87447805531563
C03 999.976 25.884509134210774
C03 1025.028 10.97608577234279
C03 1050.014 3.9192116465784035
C03 1075.002 0.9376024957843582
C03 1099.99 0.0930280582740128
C04 319.994 45.43962066818233
C04 324.969 51.320210861160625
C04 349.982 75.31127681177578
C04 374.975 79.25843193123114
C04 400.019 85.0417941174478
C04 424.965 86.62604408065444
C04 450.035 88.59456999310115
C04 475.003 90.4039289842756
C04 500.018 92.5743987859134
C04 525.002 94.82674721170669
C04 550.029 95.46249225631125
C04 575.023 97.31343107031303
C04 599.982 97.9859826076349
C04 619.997 98.32670382590308
C04 624.979 99.17223901638116
C04 650.012 99.25325600107588
C04 675.004 98.62289429681906
C04 700.03 98.37770068177493
C04 725.012 97.83540920558625
C04 750.022 98.27602722540603
C04 774.987 98.84272673623073
C04 799.976 97.532920378966
C04 824.988 95.87382215959339
C04 850.022 93.76224884640565
C04 869.967 90.61370387989318
C04 875.002 89.17356883534352
C04 899.999 82.8479380483221
C04 919.999 73.55979254190326
C04 925.012 70.6510578500872
C04 949.965 57.856192240961455
C04 975.002 42.880029148478705
C04 999.976 25.915486216594054
C04 1025.028 10.985756340892351
C04 1050.014 3.913847369050616
C04 1075.002 0.9362667260605818
C04 1099.99 0.09289552442916614
C05 319.994 45.70739991227735
C05 324.969 51.619051064046616
C05 349.982 75.66297821432259
C05 374.975 79.52408376462218
C05 400.019 85.27909572504166
C05 424.965 86.85389052956393
C05 450.035 88.82677801521021
C05 475.003 90.63425359977575
C05 500.018 92.8085054648873
C05 525.002 95.06378193982157
C05 550.029 95.69240511490095
C05 575.023 97.54650835701081
C05 599.982 98.2169553590126
C05 619.997 98.54933468728022
C05 624.979 99.39607464797776
C05 650.012 99.47452958967413
C05 675.004 98.83655800770198
C05 700.03 98.59114326394669
C05 725.012 98.04988118003412
C05 750.022 98.50286715742331
C05 774.987 99.07759592800176
C05 799.976 97.77507919307756
C05 824.988 96.10859222470079
C05 850.022 93.99524225669576
C05 869.967 90.85808160624438
C05 875.002 89.42776010139374
C05 899.999 83.1421841116054
C05 919.999 73.66545394020113
C05 925.012 70.72798014106135
C05 949.965 58.07908616925361
C05 975.002 43.02274866871695
C05 999.976 26.023309338671783
C05 1025.028 11.031390825518404
C05 1050.014 3.924134143254356
C05 1075.002 0.9384277276885813
C05 1099.99 0.09310993702542485
C06 319.994 45.80674007948704
C06 324.969 51.729596356810085
C06 349.982 75.71935078541418
C06 374.975 79.50171163915448
C06 400.019 85.20199805612415
C06 424.965 86.75870605709858
C06 450.035 88.72312202556877
C06 475.003 90.53051373372664
C06 500.018 92.69721672214663
C06 525.002 94.94569158293052
C06 550.029 95.56828328178463
C06 575.023 97.41260348470735
C06 599.982 98.07563886232107
C06 619.997 98.40559339989383
C06 624.979 99.24756003048135
C06 650.012 99.32150852154672
C06 675.004 98.67936599457427
C06 700.03 98.4308401986067
C06 725.012 97.9011835594664
C06 750.022 98.36576735649989
C06 774.987 98.9563792686425
C06 799.976 97.65788097615916
C06 824.988 95.99981977419063
C06 850.022 93.90697377530034
C06 869.967 90.79489217074648
C06 875.002 89.35346085444169
C06 899.999 83.07783565665586
C06 919.999 73.59684303871566
C06 925.012 70.65898798317731
C06 949.965 58.027239111612964
C06 975.002 43.01713276196611
C06 999.976 26.020249756073312
C06 1025.028 11.040241692811053
C06 1050.014 3.927249961171616
C06 1075.002 0.9371214721063547
C06 1099.99 0.09298033154658866
C07 319.994 45.8645271118173
C07 324.969 51.78888553935069
C07 349.982 75.68671523769714
C07 374.975 79.38877586877202
C07 400.019 85.0662860284915
C07 424.965 86.6203481100599
C07 450.035 88.58922477839329
C07 475.003 90.39081376416502
C07 500.018 92.55400156859027
C07 525.002 94.79525543318536
C07 550.029 95.4151020859698
C07 575.023 97.24708483183501
C07 599.982 97.9004667974371
C07 619.997 98.22482449107895
C07 624.979 99.06626498783646
C07 650.012 99.12930192077494
C07 675.004 98.48537511385722
C07 700.03 98.23878610039435
C07 725.012 97.7231063208254
C07 750.022 98.20507540963337
C07 774.987 98.81437651043356
C07 799.976 97.53051846365506
C07 824.988 95.87499642930096
C07 850.022 93.80758023219485
C07 869.967 90.73564492640972
C07 875.002 89.32301371845242
C07 899.999 82.99917483650425
C07 919.999 73.48181798326907
C07 925.012 70.55358583923046
C07 949.965 58.123075532519856
C07 975.002 43.161007489092
C07 999.976 26.12940536926402
C07 1025.028 11.142368844294245
C07 1050.014 3.91312703274258
C07 1075.002 0.9355904157898829
C07 1099.99 0.09282842154542087
C10 319.994 44.165644787254585
C10 324.969 49.86201188844703
C10 349.982 72.79554884072688
C10 374.975 76.96497644054475
C10 400.019 83.91480020329423
C10 424.965 86.08446936649506
C10 450.035 88.37527131264746
C10 475.003 90.37268120984935
C10 500.018 92.66497005595613
C10 525.002 94.99335625787893
C10 550.029 95.66828683512783
C10 575.023 97.5478885051736
C10 599.982 98.23955623831944
C10 619.997 98.58098659348896
C10 624.979 99.42748255009141
C10 650.012 99.50852241017006
C10 675.004 98.85888438240185
C10 700.03 98.51665338879536
C10 725.012 97.69567111038477
C10 750.022 97.7944698935085
C10 774.987 98.03055910575493
C10 799.976 96.60940300472576
C10 824.988 95.02515304151912
C10 850.022 92.8419187756574
C10 869.967 89.76167970551155
C10 875.002 88.41935980257733
C10 899.999 82.47522179308648
C10 919.999 73.33598741081855
C10 925.012 70.38928720683353
C10 949.965 57.41695055674049
C10 975.002 42.38387732164418
C10 999.976 25.77802040952802
C10 1025.028 11.02645832086199
C10 1050.014 3.8869942894735465
C10 1075.002 0.9316819415836715
C10 1099.99 0.09244062632532202
C11 319.994 44.49601489430177
C11 324.969 50.23294386373738
C11 349.982 73.3383359502337
C11 374.975 77.43250353697513
C11 400.019 84.19404001473008
C11 424.965 86.27621083446058
C11 450.035 88.52367917835227
C11 475.003 90.49292185282827
C11 500.018 92.7726749885503
C11 525.002 95.08908211443024
C11 550.029 95.75785158827836
C11 575.023 97.6341973286804
C11 599.982 98.3201157153359
C11 619.997 98.65452332764387
C11 624.979 99.50347457545308
C11 650.012 99.58456781142752
C11 675.004 98.9329167498749
C11 700.03 98.57753241051797
C11 725.012 97.75074740972124
C11 750.022 97.8327937866921
C11 774.987 98.05836032233817
C11 799.976 96.62553777551297
C11 824.988 95.05060571868721
C11 850.022 92.87270904240539
C11 869.967 89.76021568094107
C11 875.002 88.44423297001961
C11 899.999 82.50979412330821
C11 919.999 73.42983748588892
C11 925.012 70.443570492861
C11 949.965 57.51504401552688
C11 975.002 42.3573304386122
C11 999.976 25.769369701844614
C11 1025.028 11.03491363464113
C11 1050.014 3.8822688546986015
C11 1075.002 0.9320472104891911
C11 1099.99 0.09247686797056204
C12 319.994 44.69004771322267
C12 324.969 50.455936918693155
C12 349.982 73.67878266389492
C12 374.975 77.72919726633721
C12 400.019 84.37332202359056
C12 424.965 86.39371405649784
C12 450.035 88.60733445732505
C12 475.003 90.5602212323027
C12 500.018 92.82590600691775
C12 525.002 95.13570214684657
C12 550.029 95.79796738653519
C12 575.023 97.67011930655305
C12 599.982 98.35224800460682
C12 619.997 98.68931678657677
C12 624.979 99.5381002815706
C12 650.012 99.61640272070757
C12 675.004 98.95987157725334
C12 700.03 98.60984770286021
C12 725.012 97.7712208783241
C12 750.022 97.84773141238782
C12 774.987 98.06242451554687
C12 799.976 96.62914446104338
C12 824.988 95.0520163673619
C12 850.022 92.86822546715828
C12 869.967 89.81889866580796
C12 875.002 88.43482356210306
C12 899.999 82.67631166794479
C12 919.999 73.3441996736436
C12 925.012 70.37286268118342
C12 949.965 57.558556808294924
C12 975.002 42.33719628820407
C12 999.976 25.89859274557371
C12 1025.028 10.984682150989398
C12 1050.014 3.872774140662877
C12 1075.002 0.9321895834246217
C12 1099.99 0.09249099408242012
C13 319.994 44.71990008923019
C13 324.969 50.49524826594904
C13 349.982 73.84852563766333
C13 374.975 77.93053877041856
C13 400.019 84.479364678287
C13 424.965 86.44021971199462
C13 450.035 88.62342347734443
C13 475.003 90.55691955189114
C13 500.018 92.81051849867173
C13 525.002 95.11554130849053
C13 550.029 95.78152761062914
C13 575.023 97.65210112915693
C13 599.982 98.33740950557474
C13 619.997 98.67908386483933
C13 624.979 99.52397091943985
C13 650.012 99.60704668868682
C13 675.004 98.95541087739015
C13 700.03 98.60436523584886
C13 725.012 97.77401930028955
C13 750.022 97.85221498763492
C13 774.987 98.06827298870083
C13 799.976 96.63756260232365
C13 824.988 95.06757925355126
C13 850.022 92.88351384874068
C13 869.967 89.81807515198706
C13 875.002 88.47405484551524
C13 899.999 82.63467846922165
C13 919.999 73.36140196234679
C13 925.012 70.43803464995385
C13 949.965 57.52986726430303
C13 975.002 42.461009303637546
C13 999.976 25.776937641356096
C13 1025.028 11.030411949715091
C13 1050.014 3.874246028646581
C13 1075.002 0.9322322813381907
C13 1099.99 0.09249523053017868
C14 319.994 44.94084579732568
C14 324.969 50.75083111785401
C14 349.982 74.29135494459479
C14 374.975 78.35454163638894
C14 400.019 84.77776643631464
C14 424.965 86.669949567513
C14 450.035 88.81459306071211
C14 475.003 90.72564838363938
C14 500.018 92.97019630351807
C14 525.002 95.2705144093786
C14 550.029 95.93145287680024
C14 575.023 97.80658622185484
C14 599.982 98.49068982805319
C14 619.997 98.83516260928323
C14 624.979 99.6855855067909
C14 650.012 99.76952291549863
C14 675.004 99.11934350364446
C14 700.03 98.77211042608882
C14 725.012 97.94188649257704
C14 750.022 98.0289197032411
C14 774.987 98.25119980873157
C14 799.976 96.82511024990498
C14 824.988 95.25688830569395
C14 850.022 93.06413025499613
C14 869.967 90.07448533027693
C14 875.002 88.70941204547644
C14 899.999 82.83038500373225
C14 919.999 73.35417334103002
C14 925.012 70.53288361678847
C14 949.965 57.69353682364233
C14 975.002 42.64443175698643
C14 999.976 25.965512774931558
C14 1025.028 11.044083804167578
C14 1050.014 3.8705933540630943
C14 1075.002 0.9339156525134147
C14 1099.99 0.09266225307170307
C15 319.994 45.00460711742143
C15 324.969 50.82290001487446
C15 349.982 74.39228113842249
C15 374.975 78.42152076048858
C15 400.019 84.7895548841582
C15 424.965 86.6575816099436
C15 450.035 88.78846937228255
C15 475.003 90.69365334667194
C15 500.018 92.92951624579135
C15 525.002 95.22485514308664
C15 550.029 95.88518360027058
C15 575.023 97.75851741512396
C15 599.982 98.44137050033503
C15 619.997 98.78220609552277
C15 624.979 99.63352875813104
C15 650.012 99.71543025767043
C15 675.004 99.06217029411589
C15 700.03 98.71778901442148
C15 725.012 97.90010841642246
C15 750.022 97.9973135478002
C15 774.987 98.2336772646536
C15 799.976 96.81724111783863
C15 824.988 95.25264873454192
C15 850.022 93.08381833541794
C15 869.967 90.12282864161477
C15 875.002 88.76929980056278
C15 899.999 82.84751104115571
C15 919.999 73.36038019519863
C15 925.012 70.51418680300291
C15 949.965 57.854846405874525
C15 975.002 42.65394410413058
C15 999.976 25.995883659641123
C15 1025.028 11.073947617867052
C15 1050.014 3.870979852737138
C15 1075.002 0.9336144360664468
C15 1099.99 0.0926323666525568
C16 319.994 45.04233243805928
C16 324.969 50.86177672983598
C16 349.982 74.39706971878846
C16 374.975 78.39780661249793
C16 400.019 84.71269359420782
C16 424.965 86.56148974724967
C16 450.035 88.68151170222956
C16 475.003 90.57756839843734
C16 500.018 92.80987798792214
C16 525.002 95.10165595045486
C16 550.029 95.75133972899089
C16 575.023 97.61629352820385
C16 599.982 98.29679807399975
C16 619.997 98.63246383242299
C16 624.979 99.48233772071671
C16 650.012 99.55972514449712
C16 675.004 98.90881372035773
C16 700.03 98.56421131195216
C16 725.012 97.75973743559938
C16 750.022 97.87579950845006
C16 774.987 98.13109641805612
C16 799.976 96.72599883653443
C16 824.988 95.16478438492899
C16 850.022 93.02437283775393
C16 869.967 90.1031558114489
C16 875.002 88.75915075523302
C16 899.999 82.8103842930636
C16 919.999 73.3816771776224
C16 925.012 70.52821703847005
C16 949.965 57.87731384544187
C16 975.002 42.74711554281152
C16 999.976 26.021355399629147
C16 1025.028 11.078352082411456
C16 1050.014 3.8799100690177393
C16 1075.002 0.9324565949029656
C16 1099.99 0.09251748671600302
C17 319.994 45.20836959963366
C17 324.969 51.040776608961515
C17 349.982 74.48221952284362
C17 374.975 78.40437184768119
C17 400.019 84.72917149575373
C17 424.965 86.59176150529561
C17 450.035 88.72081923692146
C17 475.003 90.62210677091753
C17 500.018 92.85427148297086
C17 525.002 95.13924020622524
C17 550.029 95.7828391326402
C17 575.023 97.64224946381806
C17 599.982 98.30941003566424
C17 619.997 98.63653565075965
C17 624.979 99.48370261862358
C17 650.012 99.55113925040148
C17 675.004 98.89155805575874
C17 700.03 98.545941505333
C17 725.012 97.75097616356038
C17 750.022 97.89053888081853
C17 774.987 98.17044970351583
C17 799.976 96.77418964531286
C17 824.988 95.214675597245
C17 850.022 93.09415038381901
C17 869.967 90.21181388503948
C17 875.002 88.86976086158425
C17 899.999 82.83252766469217
C17 919.999 73.41865904828305
C17 925.012 70.57478369499059
C17 949.965 57.93279046399684
C17 975.002 42.81663002196159
C17 999.976 26.052908179174256
C17 1025.028 11.129774992308699
C17 1050.014 3.888236470477116
C17 1075.002 0.9325967925526996
C17 1099.99 0.09253139699801267
