lsstCam/transmission_filter_detector/r02_s00/r_57/19700101T000000.ecsv
# %ECSV 1.0
# ---
# datatype:
# - {name: wavelength, unit: nm, datatype: float32}
# - {name: efficiency, unit: '%', datatype: float64}
# meta: !!omap
# - {MODE: DETECTOR}
# - {TYPE: transmission_filter_detector}
# - {CALIBDATE: '1970-01-01T00:00:00'}
# - {INSTRUME: LSSTCam}
# - {OBSTYPE: transmission_filter_detector}
# - {CALIBCLS: lsst.ip.isr.IntermediateFilterDetectorTransmissionCurve}
# - {SOURCE: Materion (DM-46256)}
# - {DETECTOR: 9}
# - {FILTER: r_57}
# - {CALIB_ID: 'calibDate=1970-01-01T00:00:00 filter=r_57 detector=9'}
# - {DATE: '2025-04-02T15:59:44.227083'}
# - {CALIB_CREATION_DATE: '2025-04-02'}
# - {CALIB_CREATION_TIME: '15:59:44'}
# - __serialized_columns__:
#     efficiency:
#       __class__: astropy.units.quantity.Quantity
#       unit: !astropy.units.Unit {unit: '%'}
#       value: !astropy.table.SerializedColumn {name: efficiency}
#     wavelength:
#       __class__: astropy.units.quantity.Quantity
#       unit: !astropy.units.Unit {unit: nm}
#       value: !astropy.table.SerializedColumn {name: wavelength}
# schema: astropy-2.0
wavelength efficiency
[from data line 603]
903.0 1.700506705934468e-10
904.0 1.700506705934468e-10
905.0 1.6054380580499128e-05
906.0 1.700506705934468e-10
907.0 1.700506705934468e-10
908.0 1.700506705934468e-10
909.0 1.700506705934468e-10
910.0 1.700506705934468e-10
911.0 1.700506705934468e-10
912.0 1.700506705934468e-10
913.0 1.700506705934468e-10
914.0 1.700506705934468e-10
915.0 0.00010192559329880169
916.0 7.072219432302518e-05
917.0 3.951879818941961e-05
918.0 0.0001276625653190422
919.0 0.00021580628981610062
920.0 9.079719802684849e-05
921.0 1.700506705934468e-10
922.0 0.00011277380735918996
923.0 0.0002597595312181511
924.0 0.00022388562683772761
925.0 0.00018801172245730413
926.0 0.00014881844663250376
927.0 0.0001096251708077034
928.0 0.00013662614719578414
929.0 0.00016362710084649734
930.0 0.0002151362195945694
931.0 0.00026664538381737657
932.0 9.100719466914597e-05
933.0 1.700506705934468e-10
934.0 9.244006378139602e-05
935.0 0.0002695110651984578
936.0 0.0002997864157805452
937.0 0.0003300617663626326
938.0 0.0003538568080330151
939.0 0.0003776518951781327
940.0 0.00031464858238905435
941.0 0.0002516452468626085
942.0 0.0003555620878614718
943.0 0.0004594789061229676
944.0 0.00036046187688043574
945.0 0.00026144489311263897
946.0 0.00032888883652049117
947.0 0.0003963327344536083
948.0 0.0005207769390835892
949.0 0.0006452212346630404
950.0 0.0005966753178654471
951.0 0.0005481294010678539
952.0 0.0007049433861539001
953.0 0.0008617574167146813
954.0 0.001130632790591335
955.0 0.001399508437316399
956.0 0.001483420783188194
957.0 0.001567333129059989
958.0 0.0017014013792504556
959.0 0.0018354698113398626
960.0 0.0019748953491216525
961.0 0.002114321068802383
962.0 0.002266868614242412
963.0 0.002419416341581382
964.0 0.0023944530767039396
965.0 0.002369489629927557
966.0 0.0023273642000276595
967.0 0.0022852385882288218
968.0 0.002215506356151309
969.0 0.0021457744878716767
970.0 0.0022338010239764117
971.0 0.0023218281057779677
972.0 0.002448271516186651
973.0 0.002574714926595334
974.0 0.0028771757570211776
975.0 0.003179636405548081
976.0 0.0032441657822346315
977.0 0.003308695158921182
978.0 0.0032290598028339446
979.0 0.003149424446746707
980.0 0.0030859158869134262
981.0 0.003022407145181205
982.0 0.0031592284358339384
983.0 0.0032960502721834928
984.0 0.0032822572393342853
985.0 0.0032684642064850777
986.0 0.0031471594411414117
987.0 0.0030258546757977456
988.0 0.0028211601602379233
989.0 0.002616465644678101
990.0 0.002609411058074329
991.0 0.002602356471470557
992.0 0.0026584853912936524
993.0 0.002714614493015688
994.0 0.002743859658949077
995.0 0.0027731042791856453
996.0 0.002856727223843336
997.0 0.0029403499866020866
998.0 0.003035722693311982
999.0 0.003131095218122937
1000.0 0.0032377334719058126
1001.0 0.003344372089486569
1002.0 0.003573494905140251
1003.0 0.0038026177207939327
1004.0 0.0039282058423850685
1005.0 0.004053793236380443
1006.0 0.0042753883462864906
1007.0 0.004496983819990419
1008.0 0.004463100412976928
1009.0 0.004429217005963437
1010.0 0.004455180169316009
1011.0 0.004481143696466461
1012.0 0.00444230463472195
1013.0 0.004403465209179558
1014.0 0.004137630094191991
1015.0 0.0038717949792044237
1016.0 0.0036593672120943666
1017.0 0.0034469390811864287
1018.0 0.0029773887945339084
1019.0 0.002507839053578209
1020.0 0.0020820332792936824
1021.0 0.001656227141211275
1022.0 0.0014634333638241515
1023.0 0.001270639131689677
1024.0 0.001365199659630889
1025.0 0.0014597604604205117
1026.0 0.0013138614121999126
1027.0 0.0011679621820803732
1028.0 0.0010593037586659193
1029.0 0.0009506451533525251
1030.0 0.0009296274583903141
1031.0 0.0009086092177312821
1032.0 0.0008938970495364629
1033.0 0.0008791845175437629
1034.0 0.0007977169843798038
1035.0 0.0007162492238421692
1036.0 0.0008986967259261291
1037.0 0.0010811438187374733
1038.0 0.0009562078048475087
1039.0 0.0008312719728564844
1040.0 0.0008467588486382738
1041.0 0.0008622457244200632
1042.0 0.0009618568583391607
1043.0 0.0010614675375109073
1044.0 0.0009572401722834911
1045.0 0.0008530130799044855
1046.0 0.0008800557225185912
1047.0 0.0009070985470316373
1048.0 0.0007876610652601812
1049.0 0.0006682236289634602
1050.0 0.0007097999514371622
1051.0 0.0007513762739108643
1052.0 0.0010294630556018092
1053.0 0.0013075493370706681
1054.0 0.0010709242815210018
1055.0 0.0008342990440723952
1056.0 0.0009596120435162447
1057.0 0.001084925406757975
1058.0 0.0008666906069265679
1059.0 0.0006484558980446309
1060.0 0.0010238931281492114
1061.0 0.001399329903506441
1062.0 0.0014549555999110453
1063.0 0.0015105812963156495
1064.0 0.0011938628631469328
1065.0 0.0008771440661803354
1066.0 0.0010894568731600884
1067.0 0.0013017697710893117
1068.0 0.0016084804883575998
1069.0 0.0019151908418280073
1070.0 0.0013295353710418567
1071.0 0.0007438797183567658
1072.0 0.0010948869203275535
1073.0 0.001445894031348871
1074.0 0.0020661245798692107
1075.0 0.00268635485554114
1076.0 0.0031485804356634617
1077.0 0.0036108063795836642
1078.0 0.0038555797800654545
1079.0 0.004100353180547245
1080.0 0.00401672805310227
1081.0 0.003933102198061533
1082.0 0.0038387541280826554
1083.0 0.003744406421901658
1084.0 0.004595610153046437
1085.0 0.005446813884191215
1086.0 0.0052147024689475074
1087.0 0.0049825910537038
1088.0 0.004909534618491307
1089.0 0.004836478547076695
1090.0 0.004882351277046837
1091.0 0.004928223279421218
1092.0 0.00440084986621514
1093.0 0.003873476089211181
1094.0 0.0044187629100633785
1095.0 0.004964049730915576
1096.0 0.0037646816053893417
1097.0 0.002565313479863107
1098.0 0.001940506808750797
1099.0 0.0013157003195374273
1100.0 0.0014328175893751904
1101.0 0.0015499344954150729
