lsstCam/transmission_filter_detector/r02_s00/r_57/19700101T000000.ecsv
# %ECSV 1.0
# ---
# datatype:
# - {name: wavelength, unit: nm, datatype: float32}
# - {name: efficiency, unit: '%', datatype: float64}
# meta: !!omap
# - {MODE: DETECTOR}
# - {TYPE: transmission_filter_detector}
# - {CALIBDATE: '1970-01-01T00:00:00'}
# - {INSTRUME: LSSTCam}
# - {OBSTYPE: transmission_filter_detector}
# - {CALIBCLS: lsst.ip.isr.IntermediateFilterDetectorTransmissionCurve}
# - {SOURCE: Materion (DM-46256)}
# - {DETECTOR: 9}
# - {FILTER: r_57}
# - {CALIB_ID: 'calibDate=1970-01-01T00:00:00 filter=r_57 detector=9'}
# - {DATE: '2025-04-02T15:59:44.227083'}
# - {CALIB_CREATION_DATE: '2025-04-02'}
# - {CALIB_CREATION_TIME: '15:59:44'}
# - __serialized_columns__:
#     efficiency:
#       __class__: astropy.units.quantity.Quantity
#       unit: !astropy.units.Unit {unit: '%'}
#       value: !astropy.table.SerializedColumn {name: efficiency}
#     wavelength:
#       __class__: astropy.units.quantity.Quantity
#       unit: !astropy.units.Unit {unit: nm}
#       value: !astropy.table.SerializedColumn {name: wavelength}
# schema: astropy-2.0
wavelength efficiency
300.0 0.003099822424701415
301.0 0.008840358350425959
302.0 0.014580895367544144
303.0 0.017916501383297145
304.0 0.021252107399050146
305.0 0.019218114903196692
306.0 0.01718412240734324
307.0 0.014618202112615108
308.0 0.012052283273078501
309.0 0.010861105693038553
310.0 0.009669927385402843
311.0 0.009038056305143982
312.0 0.008406185952480882
313.0 0.007942890806589276
314.0 0.007479597115889192
315.0 0.0070985741331242025
316.0 0.0067175496951676905
317.0 0.00605062123213429
318.0 0.005383692405303009
319.0 0.00522495829500258
320.0 0.00506622382090427
321.0 0.004686789907282218
322.0 0.004307355629862286
323.0 0.004092265589861199
324.0 0.0038771751860622317
325.0 0.0037549449189100415
326.0 0.0036327121051726863
327.0 0.0036599554732674733
328.0 0.0036871995689580217
329.0 0.0037090154364705086
330.0 0.0037308313039829955
331.0 0.0034156870242441073
332.0 0.0031005420169094577
333.0 0.002922480598499533
334.0 0.0027444189981906675
335.0 0.0024005683371797204
336.0 0.002056717494269833
337.0 0.0018569427993497811
338.0 0.0016571681044297293
339.0 0.0015135108696995303
340.0 0.0013698536349693313
341.0 0.0013063445294392295
342.0 0.0012428353329596575
343.0 0.0012869160855188966
344.0 0.0013309969290276058
345.0 0.0012863467418355867
346.0 0.0012416965546435677
347.0 0.0011650076885416638
348.0 0.00108831882243976
349.0 0.0011219149200769607
350.0 0.005838508150191046
351.0 0.005586408224189654
352.0 0.005334307934390381
353.0 0.005355639223125763
354.0 0.0053769705118611455
355.0 0.0053628140449291095
356.0 0.0053486575779970735
357.0 0.006499377195723355
358.0 0.007650096813449636
359.0 0.0054697160521754995
360.0 0.003289335290901363
361.0 0.0023358203179668635
362.0 0.001382305254082894
363.0 0.0024982013201224618
364.0 0.00361409765901044
365.0 0.0037075122236274183
366.0 0.003800927515840158
367.0 0.0033410644391551614
368.0 0.002881200816773344
369.0 0.002035987563431263
370.0 0.0011907745829375926
371.0 0.002005405622185208
372.0 0.0028200369342812337
373.0 0.0032786607334855944
374.0 0.0037372847145888954
375.0 0.0032467574783368036
376.0 0.0027562306058825925
377.0 0.0013296466931933537
378.0 1.700506705934468e-10
379.0 0.0008704445463081356
380.0 0.0018378264940110967
381.0 0.002427995605103206
382.0 0.0030181648980942555
383.0 0.0032921343517955393
384.0 0.0035661039873957634
385.0 0.004470629937713966
386.0 0.0053751555242342874
387.0 0.004940486905979924
388.0 0.004505818651523441
389.0 0.003928774094674736
390.0 0.0033517291740281507
391.0 0.0023554683139082044
392.0 0.0013592077266366687
393.0 0.0015250279830070212
394.0 0.001690847784630023
395.0 0.0011746644304366782
396.0 0.000658480803394923
397.0 0.0007305475264729466
398.0 0.0008026145223993808
399.0 0.0007467062459909357
400.0 0.0006907972874614643
401.0 0.0002171899723180104
402.0 1.700506705934468e-10
403.0 2.654350055308896e-05
404.0 0.0003095053216384258
405.0 0.0007683069270569831
406.0 0.0012271081686776597
407.0 0.0017804042727220803
408.0 0.00233369992201915
409.0 0.002059420876321383
410.0 0.0017851418306236155
411.0 0.0013528833733289503
412.0 0.000920624916034285
413.0 0.0008556172360840719
414.0 0.0007906095561338589
415.0 0.000737057553124032
416.0 0.0006835059139120858
417.0 0.001377906392008299
418.0 0.0020723075067508034
419.0 0.002506638520571869
420.0 0.0029409697162918746
421.0 0.0045765027607558295
422.0 0.006212035805219784
423.0 0.009718732326291502
424.0 0.013225426664575934
425.0 0.01754341647028923
426.0 0.021861404820811003
427.0 0.022107049881014973
428.0 0.02235269930679351
429.0 0.0170670376974158
430.0 0.011781375360442325
431.0 0.008500782132614404
432.0 0.00522018744959496
433.0 0.004326906127971597
434.0 0.0034336248063482344
435.0 0.0026312909540138207
436.0 0.0018289569197804667
437.0 0.00163496624736581
438.0 0.0014409756659006234
439.0 0.0011523786270117853
440.0 0.000863781497173477
441.0 0.0011562660802155733
442.0 0.0014487506632576697
443.0 0.001760019404173363
444.0 0.0020712881450890563
445.0 0.00197067220142344
446.0 0.0018700560758588836
447.0 0.001731335578369908
448.0 0.0015926152627798729
449.0 0.0016570158550166525
450.0 0.0017214162653544918
451.0 0.001881722164398525
452.0 0.0020420282453414984
453.0 0.001859335861809086
454.0 0.0016766434782766737
455.0 0.0015051188711368013
456.0 0.0013335945368453395
457.0 0.0009796514859772287
458.0 0.0006257086170080584
459.0 0.0008217526556109078
460.0 0.0010177966032642871
461.0 0.0017154507077066228
462.0 0.0024131042664521374
463.0 0.0031900093745207414
464.0 0.003966914300690405
465.0 0.005155676626600325
466.0 0.0063444385887123644
467.0 0.006930928793735802
468.0 0.007517420453950763
469.0 0.006397528341040015
470.0 0.005277638410916552
471.0 0.003954532076022588
472.0 0.0026314253773307428
473.0 0.002226225842605345
474.0 0.0018210259440820664
475.0 0.0015071395864652004
476.0 0.001193253501696745
477.0 0.0009600259545550216
478.0 0.0007267983619385632
479.0 0.0009494296136836056
480.0 0.0011720607290044427
481.0 0.0008945203262555879
482.0 0.0006169800144562032
483.0 0.0006840629339421866
484.0 0.0007511457624786999
485.0 0.0006614496214751853
486.0 0.0005717533440474654
487.0 0.0006294847480603494
488.0 0.0006872160611237632
489.0 0.0007211191586975474
490.0 0.0007550222107965965
491.0 0.0008422558494203258
492.0 0.0009294894880440552
493.0 0.0011064887985412497
494.0 0.001283488018088974
495.0 0.0011243074368394446
496.0 0.0009651266736909747
497.0 0.001214278927363921
498.0 0.0014634309081884567
499.0 0.0014075147191761062
500.0 0.0013515985301637556
501.0 0.001518186127213994
502.0 0.001684773997112643
503.0 0.00210675807466032
504.0 0.0025287419703090563
505.0 0.003155357626383193
506.0 0.0037819732824573293
507.0 0.00448534483439289
508.0 0.005188716022530571
509.0 0.005600718213827349
510.0 0.0060127196775283664
511.0 0.005365551987779327
512.0 0.004718383570434526
513.0 0.004072151932632551
514.0 0.0034259202948305756
515.0 0.003196903708158061
516.0 0.002967886939586606
517.0 0.0027854341169586405
518.0 0.002602981112431735
519.0 0.04256846441421658
520.0 0.02934665826614946
521.0 0.06008325144648552
522.0 0.16656764782965183
523.0 0.05781877553090453
524.0 0.08782732766121626
525.0 0.13355182018131018
526.0 0.18089284421876073
527.0 0.019682917627505958
528.0 0.0822929257992655
529.0 0.07932811859063804
530.0 0.1883497112430632
531.0 0.21030593197792768
532.0 0.3109310753643513
533.0 0.3487028880044818
534.0 0.48502390272915363
535.0 0.7511199917644262
536.0 1.1966448277235031
537.0 1.8867364153265953
538.0 2.9254233464598656
539.0 4.343040660023689
540.0 6.737057864665985
541.0 9.365785121917725
542.0 12.74709552526474
543.0 16.866090893745422
544.0 21.995149552822113
545.0 27.721041440963745
546.0 34.65192914009094
547.0 42.223891615867615
548.0 50.869154930114746
549.0 58.33125710487366
550.0 63.907575607299805
551.0 70.23492455482483
552.0 74.0516722202301
553.0 78.24347019195557
554.0 81.63296580314636
555.0 84.91240739822388
556.0 88.22245001792908
557.0 90.93347191810608
558.0 92.9777204990387
559.0 95.09159326553345
560.0 94.85419988632202
561.0 95.48944234848022
562.0 95.57432532310486
563.0 95.51607370376587
564.0 96.10218405723572
565.0 95.44219374656677
566.0 96.1435854434967
567.0 95.55955529212952
568.0 96.66520953178406
569.0 97.16500639915466
570.0 96.72909379005432
571.0 97.45454788208008
572.0 96.7380166053772
573.0 97.28381633758545
574.0 97.2468614578247
575.0 97.181636095047
576.0 97.47957587242126
577.0 97.19455242156982
578.0 97.33023643493652
579.0 96.97374105453491
580.0 96.82437181472778
581.0 96.78708910942078
582.0 96.9248116016388
583.0 97.06125855445862
584.0 96.46546244621277
585.0 96.51638269424438
586.0 96.81398868560791
587.0 96.46011590957642
588.0 96.80594205856323
589.0 97.4092185497284
590.0 97.19623327255249
591.0 96.3763415813446
592.0 96.01874351501465
593.0 95.79295516014099
594.0 96.41584157943726
595.0 96.73692584037781
596.0 97.27565050125122
597.0 97.3905861377716
598.0 97.07618951797485
599.0 97.2811222076416
600.0 97.08859324455261
601.0 96.0025429725647
602.0 96.68044447898865
603.0 96.25576138496399
604.0 96.47313356399536
605.0 96.89318537712097
606.0 96.10673189163208
607.0 96.37575149536133
608.0 96.50269746780396
609.0 95.88220119476318
610.0 96.13960981369019
611.0 96.35528922080994
612.0 96.13635540008545
613.0 97.32099175453186
614.0 96.82192802429199
615.0 96.6327428817749
616.0 96.78581953048706
617.0 96.91643714904785
618.0 96.65931463241577
619.0 97.56945371627808
620.0 95.93488574028015
621.0 95.38061618804932
622.0 97.11257219314575
623.0 96.91898226737976
624.0 96.52057886123657
625.0 96.77441716194153
626.0 96.39963507652283
627.0 95.39218544960022
628.0 97.52956032752991
629.0 95.7567036151886
630.0 96.90291285514832
631.0 96.24712467193604
632.0 97.12105989456177
633.0 96.7211127281189
634.0 96.21534943580627
635.0 96.44927382469177
636.0 96.42029404640198
637.0 95.93302607536316
638.0 95.97694277763367
639.0 95.78534960746765
640.0 95.66375017166138
641.0 95.96368670463562
642.0 96.05978727340698
643.0 96.11125588417053
644.0 96.47982120513916
645.0 96.5612530708313
646.0 96.50261402130127
647.0 97.49601483345032
648.0 96.73382639884949
649.0 95.81045508384705
650.0 96.51933908462524
651.0 97.16015458106995
652.0 97.43453860282898
653.0 95.9750771522522
654.0 97.05010056495667
655.0 96.86715006828308
656.0 95.80822587013245
657.0 96.27982378005981
658.0 96.65083885192871
659.0 96.73941731452942
660.0 95.51287293434143
661.0 95.57705521583557
662.0 95.71383595466614
663.0 95.81016302108765
664.0 95.41447758674622
665.0 95.78322172164917
666.0 95.52997350692749
667.0 95.80414295196533
668.0 95.17122507095337
669.0 95.78356742858887
670.0 95.73683738708496
671.0 95.6835150718689
672.0 95.16138434410095
673.0 95.38186192512512
674.0 94.60951089859009
675.0 95.59098482131958
676.0 94.6178138256073
677.0 93.82532238960266
678.0 92.62436628341675
679.0 91.61598086357117
680.0 90.40309190750122
681.0 88.55518698692322
682.0 86.40372157096863
683.0 83.29173922538757
684.0 79.49586510658264
685.0 75.56571960449219
686.0 71.60127758979797
687.0 66.71265363693237
688.0 62.200671434402466
689.0 57.94416069984436
690.0 53.13894748687744
691.0 49.14795160293579
692.0 44.38289999961853
693.0 39.908161759376526
694.0 34.41678583621979
695.0 28.622958064079285
696.0 22.99226224422455
697.0 17.804275453090668
698.0 12.328682839870453
699.0 8.37022215127945
700.0 5.562741681933403
701.0 3.2740432769060135
702.0 1.9880669191479683
703.0 1.1475268751382828
704.0 0.6786209531128407
705.0 0.41266181506216526
706.0 0.288182869553566
707.0 0.19137132912874222
708.0 0.10713855735957623
709.0 0.030338010401465
710.0 0.11695808498188853
711.0 0.07617517258040607
712.0 0.06375040393322706
713.0 0.03473784599918872
714.0 0.06945572677068412
715.0 0.06219299393706024
716.0 0.06862196605652571
717.0 0.0032780011679278687
718.0 0.07396159926429391
719.0 0.01734856195980683
720.0 1.700506705934468e-10
721.0 0.00418906711274758
722.0 0.003931440005544573
723.0 0.0036738128983415663
724.0 0.003394031955394894
725.0 0.0031142510124482214
726.0 0.0028844713597209193
727.0 0.002654692252690438
728.0 0.0025376300982316025
729.0 0.0024205679437727667
730.0 0.0022441397959482856
731.0 0.0020677121938206255
732.0 0.0020712477635242976
733.0 0.0020747831513290294
734.0 0.0019489445548970252
735.0 0.0018231054127682
736.0 0.0016273004803224467
737.0 0.0014314955478766933
738.0 0.0014342413123813458
739.0 0.0014369870768859982
740.0 0.001424786023562774
741.0 0.0014125851521384902
742.0 0.0013249706171336584
743.0 0.0012373559002298862
744.0 0.0013128593309374992
745.0 0.0013883623978472315
746.0 0.0012962374967173673
747.0 0.001204112504638033
748.0 0.0010360930900787935
749.0 0.0008680736755195539
750.0 0.000884455039340537
751.0 0.000900836857908871
752.0 0.0009622853212931659
753.0 0.001023733875626931
754.0 0.0010219632713415194
755.0 0.0010201928489550482
756.0 0.0009622244760976173
757.0 0.0009042558303917758
758.0 0.0009508934454061091
759.0 0.0009975309694709722
760.0 0.0009885100553219672
761.0 0.0009794894140213728
762.0 0.0009875858268060256
763.0 0.000995682603388559
764.0 0.0009645893442211673
765.0 0.0009334961760032456
766.0 0.00069954671744199
767.0 0.0004655973498302046
768.0 0.0005077447440271499
769.0 0.0005498920472746249
770.0 0.0007308528893190669
771.0 0.0009118139132624492
772.0 0.0007589501365146134
773.0 0.0006060862233425723
774.0 0.00073019018600462
775.0 0.0008542941031919327
776.0 0.0008632783647044562
777.0 0.0008722626262169797
778.0 0.000818508578959154
779.0 0.0007647546226507984
780.0 0.0006787566690036329
781.0 0.0005927587608312024
782.0 0.0006620072326768422
783.0 0.0007312557499972172
784.0 0.0007938413546071388
785.0 0.0008564266863686498
786.0 0.0006997142008913215
787.0 0.0005430016699392581
788.0 0.0005525240339920856
789.0 0.0005620466254185885
790.0 0.0006688243502139812
791.0 0.000775602075009374
792.0 0.0007618924882990541
793.0 0.0007481829925382044
794.0 0.0007639820978511125
795.0 0.0007797808393661398
796.0 0.0005926412995904684
797.0 0.0004055016688653268
798.0 0.0005942009920545388
799.0 0.0007829003152437508
800.0 0.0007054511115711648
801.0 0.0006280016350501683
802.0 0.0005271063400869025
803.0 0.0004262108177499613
804.0 0.0005693733328371309
805.0 0.0007125358933990356
806.0 0.0006183090135891689
807.0 0.0005240822247287724
808.0 0.0006640090305154445
809.0 0.0008039357453526463
810.0 0.0007189790267148055
811.0 0.0006340225809253752
812.0 0.0006642349489993649
813.0 0.0006944472715986194
814.0 0.0005640004928864073
815.0 0.00043355380512366537
816.0 0.0005830369900650112
817.0 0.0007325202659558272
818.0 0.0006770017080270918
819.0 0.0006214831046236213
820.0 0.00046721456783416215
821.0 0.00031294600830733543
822.0 0.0003776749281314551
823.0 0.0004424039161676774
824.0 0.0004065429493493866
825.0 0.0003706820507431985
826.0 0.0004976670879841549
827.0 0.000624652193437214
828.0 0.0004925438588543329
829.0 0.0003604355924835545
830.0 0.00021971939077047864
831.0 7.900320611042844e-05
832.0 3.790513858348277e-05
833.0 1.700506705934468e-10
834.0 1.700506705934468e-10
835.0 1.700506705934468e-10
836.0 0.00025751958219188964
837.0 0.0005851262358191889
838.0 0.0007419409939757315
839.0 0.0008987558430817444
840.0 0.0011826426089101005
841.0 0.0014665292837889865
842.0 0.0022338614144246094
843.0 0.0030011935450602323
844.0 0.003715399725479074
845.0 0.004429606269695796
846.0 0.0047857160097919405
847.0 0.0051418261136859655
848.0 0.004350400558905676
849.0 0.0035589750041253865
850.0 0.002604431392683182
851.0 0.0016498885088367388
852.0 0.001363018418487627
853.0 0.0010761479643406346
854.0 0.000985595670499606
855.0 0.0008950429219112266
856.0 0.0006576375199074391
857.0 0.00042023216337838676
858.0 0.0005434292233985616
859.0 0.0006666261924692662
860.0 0.0005438490006781649
861.0 0.00042107171793759335
862.0 0.00042799979382834863
863.0 0.0004349278697191039
864.0 0.00039016308619466145
865.0 0.00034539834814495407
866.0 0.00025252516024920624
867.0 0.00015965192687872332
868.0 0.00015917742075544083
869.0 0.00015870286915742327
870.0 6.265850061026867e-05
871.0 1.700506705934468e-10
872.0 1.700506705934468e-10
873.0 1.700506705934468e-10
874.0 1.700506705934468e-10
875.0 1.700506705934468e-10
876.0 1.700506705934468e-10
877.0 1.700506705934468e-10
878.0 0.00010052017387351952
879.0 0.00020829327240790008
880.0 0.00019228600649512373
881.0 0.0001762787292136636
882.0 0.00013124364386385423
883.0 8.62085812514124e-05
884.0 7.4247168413421605e-06
885.0 1.700506705934468e-10
886.0 2.4354935135306732e-05
887.0 0.00012006896668026457
888.0 0.00015683602896388038
889.0 0.00019360306851012865
890.0 0.00018835844457498752
891.0 0.0001831137751651113
892.0 5.227846031630179e-05
893.0 1.700506705934468e-10
894.0 1.700506705934468e-10
895.0 2.0318154270171362e-05
896.0 8.222388458989371e-06
897.0 1.700506705934468e-10
898.0 1.700506705934468e-10
899.0 1.700506705934468e-10
900.0 1.700506705934468e-10
901.0 1.693543225655958e-05
