lsstCam/transmission_filter_detector/r30_s02/u_24/19700101T000000.ecsv
# %ECSV 1.0
# ---
# datatype:
# - {name: wavelength, unit: nm, datatype: float32}
# - {name: efficiency, unit: '%', datatype: float64}
# meta: !!omap
# - {MODE: DETECTOR}
# - {TYPE: transmission_filter_detector}
# - {CALIBDATE: '1970-01-01T00:00:00'}
# - {INSTRUME: LSSTCam}
# - {OBSTYPE: transmission_filter_detector}
# - {CALIBCLS: lsst.ip.isr.IntermediateFilterDetectorTransmissionCurve}
# - {SOURCE: Materion (DM-46256)}
# - {DETECTOR: 119}
# - {FILTER: u_24}
# - {CALIB_ID: 'calibDate=1970-01-01T00:00:00 filter=u_24 detector=119'}
# - {DATE: '2025-04-02T15:59:40.299754'}
# - {CALIB_CREATION_DATE: '2025-04-02'}
# - {CALIB_CREATION_TIME: '15:59:40'}
# - __serialized_columns__:
#     efficiency:
#       __class__: astropy.units.quantity.Quantity
#       unit: !astropy.units.Unit {unit: '%'}
#       value: !astropy.table.SerializedColumn {name: efficiency}
#     wavelength:
#       __class__: astropy.units.quantity.Quantity
#       unit: !astropy.units.Unit {unit: nm}
#       value: !astropy.table.SerializedColumn {name: wavelength}
# schema: astropy-2.0
wavelength efficiency
295.0 1.6213762103756135e-10
296.0 1.6213762103756135e-10
297.0 1.6213762103756135e-10
298.0 1.6213762103756135e-10
299.0 1.6213762103756135e-10
300.0 1.6213762103756135e-10
301.0 1.6213762103756135e-10
302.0 1.6213762103756135e-10
303.0 1.6213762103756135e-10
304.0 0.27715531177818775
305.0 0.672178715467453
306.0 1.8470130860805511
307.0 3.5667486488819122
308.0 5.705469846725464
309.0 8.97500291466713
310.0 12.43719682097435
311.0 16.207045316696167
312.0 19.944149255752563
313.0 23.19350689649582
314.0 26.156318187713623
315.0 28.689786791801453
316.0 30.783727765083313
317.0 33.30443501472473
318.0 36.33943796157837
319.0 40.095171332359314
320.0 45.745065808296204
321.0 51.11680030822754
322.0 57.188451290130615
323.0 62.67585754394531
324.0 67.08073019981384
325.0 70.13207077980042
326.0 72.57355451583862
327.0 74.35532212257385
328.0 76.09681487083435
329.0 77.4296522140503
330.0 78.73992919921875
331.0 79.42523956298828
332.0 79.7989547252655
333.0 79.90525960922241
334.0 79.7926664352417
335.0 79.92383241653442
336.0 80.13554811477661
337.0 80.71504831314087
338.0 81.64975643157959
339.0 82.17161297798157
340.0 82.5917899608612
341.0 83.06339979171753
342.0 83.38234424591064
343.0 83.3331823348999
344.0 83.51070284843445
345.0 83.8982880115509
346.0 84.25870537757874
347.0 84.59877967834473
348.0 84.86523628234863
349.0 85.086190700531
350.0 85.07480025291443
351.0 85.31858325004578
352.0 85.25266647338867
353.0 85.17842888832092
354.0 85.15046834945679
355.0 85.34176349639893
356.0 85.52899360656738
357.0 85.42415499687195
358.0 85.05585193634033
359.0 84.79621410369873
360.0 84.71598029136658
361.0 84.4528317451477
362.0 84.28943157196045
363.0 84.47418808937073
364.0 84.55311059951782
365.0 84.87226963043213
366.0 85.11611223220825
367.0 85.21372079849243
368.0 85.2179229259491
369.0 85.24980545043945
370.0 85.08347868919373
371.0 84.91176962852478
372.0 84.97350215911865
373.0 85.12499928474426
374.0 85.12278199195862
375.0 85.4701280593872
376.0 85.62374114990234
377.0 85.6907308101654
378.0 85.75671911239624
379.0 85.47369837760925
380.0 84.77559089660645
381.0 83.43124389648438
382.0 81.64933323860168
383.0 79.60554957389832
384.0 77.5444746017456
385.0 75.21355748176575
386.0 72.69673347473145
387.0 69.35400366783142
388.0 65.93009829521179
389.0 61.77741289138794
390.0 57.6164186000824
391.0 53.34059000015259
392.0 48.85690212249756
393.0 45.10725438594818
394.0 41.7855829000473
395.0 38.262513279914856
396.0 34.51727628707886
397.0 29.485931992530823
398.0 23.582161962985992
399.0 16.692954301834106
400.0 10.461049526929855
401.0 5.645955353975296
402.0 2.392367459833622
403.0 0.7892165333032608
404.0 0.2572108991444111
405.0 0.13562949607148767
406.0 0.057229818776249886
407.0 0.02918652317021042
408.0 1.6213762103756135e-10
409.0 0.0018956343410536647
410.0 1.6213762103756135e-10
411.0 1.6213762103756135e-10
412.0 1.6213762103756135e-10
413.0 1.6213762103756135e-10
414.0 1.6213762103756135e-10
415.0 1.6213762103756135e-10
416.0 1.6213762103756135e-10
417.0 1.6213762103756135e-10
418.0 1.6213762103756135e-10
419.0 1.6213762103756135e-10
420.0 1.6213762103756135e-10
421.0 1.6213762103756135e-10
422.0 1.6213762103756135e-10
423.0 1.6213762103756135e-10
424.0 1.6213762103756135e-10
425.0 1.6213762103756135e-10
426.0 1.6213762103756135e-10
427.0 1.6213762103756135e-10
428.0 1.6213762103756135e-10
429.0 1.6213762103756135e-10
430.0 1.6213762103756135e-10
431.0 1.6213762103756135e-10
432.0 1.6213762103756135e-10
433.0 1.6213762103756135e-10
434.0 1.6213762103756135e-10
435.0 0.00020543491245916812
436.0 0.0007361138614214724
437.0 3.846714378141769e-05
438.0 1.6213762103756135e-10
439.0 1.6213762103756135e-10
440.0 0.0006064433364372235
441.0 1.6213762103756135e-10
442.0 1.6213762103756135e-10
443.0 1.6213762103756135e-10
444.0 1.6213762103756135e-10
445.0 1.6213762103756135e-10
446.0 1.6213762103756135e-10
447.0 1.6213762103756135e-10
448.0 1.6213762103756135e-10
449.0 1.6213762103756135e-10
450.0 1.6213762103756135e-10
451.0 1.6213762103756135e-10
452.0 0.00019563083242246648
453.0 0.00030427806905208854
454.0 0.00041292523746960796
455.0 1.6213762103756135e-10
456.0 1.6213762103756135e-10
457.0 1.6213762103756135e-10
458.0 0.0001832352268138493
459.0 1.6213762103756135e-10
460.0 1.6213762103756135e-10
461.0 1.6213762103756135e-10
462.0 1.6213762103756135e-10
463.0 1.6213762103756135e-10
464.0 0.0006812200808781199
465.0 0.0006447077339544194
466.0 0.000608195477980189
467.0 0.0006769563697162084
468.0 0.0007457174433511682
469.0 0.00014883311223456985
470.0 1.6213762103756135e-10
471.0 1.6213762103756135e-10
472.0 1.6213762103756135e-10
473.0 1.6213762103756135e-10
474.0 1.6213762103756135e-10
475.0 1.6213762103756135e-10
476.0 5.266223297439865e-05
477.0 1.6213762103756135e-10
478.0 1.6213762103756135e-10
479.0 1.6213762103756135e-10
480.0 1.6213762103756135e-10
481.0 1.6213762103756135e-10
482.0 1.6213762103756135e-10
483.0 1.6213762103756135e-10
484.0 1.6213762103756135e-10
485.0 1.6213762103756135e-10
486.0 1.6213762103756135e-10
487.0 1.6213762103756135e-10
488.0 0.00017542193972985842
489.0 1.6213762103756135e-10
490.0 1.6213762103756135e-10
491.0 1.6213762103756135e-10
492.0 1.6213762103756135e-10
493.0 1.6213762103756135e-10
494.0 0.00016252263321803184
495.0 1.6213762103756135e-10
496.0 1.6213762103756135e-10
497.0 1.6213762103756135e-10
498.0 1.6213762103756135e-10
499.0 1.6213762103756135e-10
500.0 1.6213762103756135e-10
501.0 1.6213762103756135e-10
502.0 1.6213762103756135e-10
503.0 1.6213762103756135e-10
504.0 1.6213762103756135e-10
505.0 1.6213762103756135e-10
506.0 1.6213762103756135e-10
507.0 6.707141437800601e-05
508.0 0.0003866365204885369
509.0 7.620269002472924e-05
510.0 1.6213762103756135e-10
511.0 0.0003007490477102692
512.0 0.0008357292244909331
513.0 0.00018713262761593796
514.0 1.6213762103756135e-10
515.0 1.6213762103756135e-10
516.0 2.2492459095246886e-05
517.0 1.6213762103756135e-10
518.0 1.6213762103756135e-10
519.0 1.6213762103756135e-10
520.0 1.6213762103756135e-10
521.0 1.6213762103756135e-10
522.0 1.6213762103756135e-10
523.0 1.6213762103756135e-10
524.0 1.6213762103756135e-10
525.0 1.6213762103756135e-10
526.0 1.6213762103756135e-10
527.0 1.6213762103756135e-10
528.0 1.6213762103756135e-10
529.0 5.6902200640251976e-05
530.0 0.00028133454179624096
531.0 1.6213762103756135e-10
532.0 1.6213762103756135e-10
533.0 1.6213762103756135e-10
534.0 0.0005016839622840052
535.0 0.00010274879969074391
536.0 1.6213762103756135e-10
537.0 1.6213762103756135e-10
538.0 1.6213762103756135e-10
539.0 1.6213762103756135e-10
540.0 1.6213762103756135e-10
541.0 1.6213762103756135e-10
542.0 1.6213762103756135e-10
543.0 1.6213762103756135e-10
544.0 0.00013484963119481108
545.0 0.0001525726020190632
546.0 0.00017029551599989645
547.0 9.693532092569512e-05
548.0 2.357505479722022e-05
549.0 1.6213762103756135e-10
550.0 1.6213762103756135e-10
551.0 5.4818858785665725e-06
552.0 4.6032505451876204e-05
553.0 1.6213762103756135e-10
554.0 1.6213762103756135e-10
555.0 1.6213762103756135e-10
556.0 1.6213762103756135e-10
557.0 1.6213762103756135e-10
558.0 1.6213762103756135e-10
559.0 1.6213762103756135e-10
560.0 1.6213762103756135e-10
561.0 3.559316894552467e-05
562.0 0.00032691423257347196
563.0 0.00023402494662150275
564.0 0.00014113542192717432
565.0 1.6213762103756135e-10
566.0 1.6213762103756135e-10
567.0 1.6213762103756135e-10
568.0 1.6213762103756135e-10
569.0 1.6213762103756135e-10
570.0 4.436881795299996e-05
571.0 0.00012834534572903067
572.0 0.00021232197013887344
573.0 0.0002643316520334338
574.0 0.00031634133392799413
575.0 0.00032528737392567564
576.0 0.00033423345939809224
577.0 0.0002859095729945693
578.0 0.00023758570932841394
579.0 0.0004389006790006533
580.0 0.0006402156486728927
581.0 0.000993371577351354
582.0 0.0013465275515045505
583.0 0.001533555769128725
584.0 0.0017205835320055485
585.0 0.0013015443983022124
586.0 0.0008825053555483464
587.0 0.0006853316335764248
588.0 0.0004881578661297681
589.0 0.0006687682798656169
590.0 0.0008493785571772605
591.0 0.0007683323019591626
592.0 0.0006872861376905348
593.0 0.0007207791895780247
594.0 0.0007542722869402496
595.0 0.000916688259167131
596.0 0.0010791043678182177
597.0 0.0009778667845239397
598.0 0.0008766291102801915
599.0 0.0011197597814316396
600.0 0.0013628902706841473
601.0 0.0018182727217208594
602.0 0.002273655445605982
603.0 0.002498926187399775
604.0 0.002724197292991448
605.0 0.0022379719666787423
606.0 0.0017517470041639172
607.0 0.0011311015441606287
608.0 0.0005104560386826051
609.0 0.0004819884452444967
610.0 0.00045352076085691806
611.0 0.0002998966465384001
612.0 0.00014627250948251458
613.0 0.0003931520950573031
614.0 0.000640031612419989
615.0 0.0006858135748188943
616.0 0.0007315954462683294
617.0 0.0006542787104990566
618.0 0.0005769619292550487
619.0 0.0005661410796165001
620.0 0.0005553201390284812
621.0 0.0006056221081962576
622.0 0.0006559239864145638
623.0 0.0006815756933065131
624.0 0.0007072273092489922
625.0 0.0006800150458730059
626.0 0.0006528029643959599
627.0 0.0008424920451943763
628.0 0.001032181262416998
629.0 0.0010253583241137676
630.0 0.0010185350220126566
631.0 0.0014148025002214126
632.0 0.0018110698874806985
633.0 0.0021298461433616467
634.0 0.002448622035444714
635.0 0.002852177931345068
636.0 0.0032557338272454217
637.0 0.0027084646717412397
638.0 0.002161195698135998
639.0 0.002009273521252908
640.0 0.0018573517081676982
641.0 0.0015682891898904927
642.0 0.0012792269444616977
643.0 0.000995434311334975
644.0 0.0007116415872587822
645.0 0.000305960656987736
646.0 1.6213762103756135e-10
647.0 0.0001156104872279684
648.0 0.00033094124773924705
649.0 0.00012648340543819359
650.0 1.6213762103756135e-10
651.0 0.00023489867544412846
652.0 0.0005477718332258519
653.0 0.0007813617230567615
654.0 0.0010149517038371414
655.0 0.0014162938896333799
656.0 0.0018176362573285587
657.0 0.00214330866583623
658.0 0.002468981074343901
659.0 0.0030751154554309323
660.0 0.003681249654619023
661.0 0.003548691893229261
662.0 0.003416133768041618
663.0 0.00309540810121689
664.0 0.002774682070594281
665.0 0.002110179229930509
666.0 0.0014456765711656772
667.0 0.0011903884114872199
668.0 0.0009351001608592924
669.0 0.0009534539458400104
670.0 0.0009718078217701986
671.0 0.0006261878297664225
672.0 0.0002805677468131762
673.0 0.0003009086867677979
674.0 0.0003212496721971547
675.0 0.0005955489541520365
676.0 0.0008698480996827129
677.0 0.001079789853974944
678.0 0.0012897314263682347
679.0 0.0017036822100635618
680.0 0.002117633084708359
681.0 0.0031458559533348307
682.0 0.004174078640062362
683.0 0.0055106680520111695
684.0 0.006847256736364216
685.0 0.008005225390661508
686.0 0.009163195500150323
687.0 0.008679919847054407
688.0 0.008196645649150014
689.0 0.006993624265305698
690.0 0.005790604336652905
691.0 0.004753650136990473
692.0 0.003716696664923802
693.0 0.0031764957384439185
694.0 0.0026362949938629754
695.0 0.001905908175103832
696.0 0.0011755212653952185
697.0 0.0010155735253647435
698.0 0.0008556257853342686
699.0 0.0007285281299118651
700.0 0.0006014304744894616
701.0 0.0005768587016063975
702.0 0.0005522868377738632
703.0 0.0005095961114420788
704.0 0.00046690538511029445
705.0 0.0005260230409476208
706.0 0.000585140651310212
707.0 0.0007463559541065479
708.0 0.0009075711204786785
709.0 0.0009298870281782001
710.0 0.0009522028449282516
711.0 0.0008559720299672335
712.0 0.0007597414423798909
713.0 0.0006498834864032688
714.0 0.0005400256668508518
715.0 0.0006232942268979969
716.0 0.0007065626959956717
717.0 0.0007113022093108157
718.0 0.0007160416316764895
719.0 0.000657936016068561
720.0 0.0005998303549858974
721.0 0.00039192859730974305
722.0 0.00018402676005280227
723.0 0.0002202260020567337
724.0 0.0002564252099546138
725.0 0.00032520495096832747
726.0 0.0003939847374567762
727.0 0.00016698584204277722
728.0 1.6213762103756135e-10
729.0 0.00013862336345482618
730.0 0.00033725980301824166
731.0 0.0002771238996501779
732.0 0.00021698804175684927
733.0 0.00017858166074802284
734.0 0.0001401753706886666
735.0 0.00033689209431031486
736.0 0.0005336088179319631
737.0 0.00032998825645336183
738.0 0.00012636763813134166
739.0 0.0005140050689078635
740.0 0.0009016425792651717
741.0 0.0010336629202356562
742.0 0.0011656831702566706
743.0 0.001600381438038312
744.0 0.0020350797058199532
745.0 0.002820480403897818
746.0 0.0036058812838746235
747.0 0.0038669168134219944
748.0 0.004127951979171485
749.0 0.004045887180836871
750.0 0.003963822018704377
751.0 0.003790425034821965
752.0 0.0036170276871416718
753.0 0.0031282674171961844
754.0 0.0026395069653517567
755.0 0.0025858338631223887
756.0 0.0025321605789940804
757.0 0.0021467054466484115
758.0 0.0017612503143027425
759.0 0.0015090367014636286
760.0 0.0012568229976750445
761.0 0.0010602820111671463
762.0 0.0008637411156087182
763.0 0.0006682813818770228
764.0 0.0004728219209937379
765.0 0.00037571724078588886
766.0 0.00027861251510330476
767.0 0.00040794470805849414
768.0 0.0005372769464884186
769.0 0.0005845613031851826
770.0 0.0006318458872556221
771.0 0.0005554470135393785
772.0 0.0004790481852978701
773.0 0.000605871127845603
774.0 0.0007326940249186009
775.0 0.000724033770893584
776.0 0.0007153737442422425
777.0 0.0006093294814490946
778.0 0.0005032854460296221
779.0 0.0006785674941056641
780.0 0.0008538495421817061
781.0 0.0009914099791785702
782.0 0.0011289704161754344
783.0 0.0009234606295649428
784.0 0.0007179509793786565
785.0 0.0011455384083092213
786.0 0.0015731258827145211
787.0 0.001211013204738265
788.0 0.0008489003448630683
789.0 0.0007878647920733783
790.0 0.0007268292847584235
791.0 0.0006866867352073314
792.0 0.0006465440947067691
793.0 0.0006498817583633354
794.0 0.0006532194220199017
795.0 0.0005787627287645591
796.0 0.0005043059445597464
797.0 0.0004478711161937099
798.0 0.00039143633330240846
799.0 0.00018297359929420054
800.0 1.6213762103756135e-10
801.0 1.6213762103756135e-10
802.0 1.6213762103756135e-10
803.0 1.6213762103756135e-10
804.0 1.6213762103756135e-10
805.0 1.6213762103756135e-10
806.0 0.00012474788491090294
807.0 0.00012422216286722687
808.0 0.00012369645219223457
809.0 0.00026226423415209865
810.0 0.00040083195926854387
811.0 0.0002579150759629556
812.0 0.00011499838592499145
813.0 0.00012192878102723625
814.0 0.000128859278447635
815.0 0.0002877196038753027
816.0 0.00044657995204033796
817.0 0.0005720914487028494
818.0 0.000697602990840096
819.0 0.000539219854545081
820.0 0.00038083687741163885
821.0 0.00017787205024433206
822.0 1.6213762103756135e-10
823.0 0.00015135727835513535
824.0 0.0003278072199464077
825.0 0.00012868611065641744
826.0 1.6213762103756135e-10
827.0 1.6213762103756135e-10
828.0 1.6213762103756135e-10
829.0 1.6213762103756135e-10
830.0 1.6213762103756135e-10
831.0 1.6213762103756135e-10
832.0 0.00022682420421915594
833.0 0.00016998629916997743
834.0 0.00011314847370158532
835.0 8.540858402739104e-05
836.0 5.766871140622243e-05
837.0 1.6213762103756135e-10
838.0 1.6213762103756135e-10
839.0 1.6213762103756135e-10
840.0 1.6213762103756135e-10
841.0 1.6213762103756135e-10
842.0 1.6213762103756135e-10
843.0 1.6213762103756135e-10
844.0 8.813929639472917e-05
845.0 4.8810829866852146e-05
846.0 9.482432972163224e-06
847.0 1.6213762103756135e-10
848.0 1.6213762103756135e-10
849.0 1.6213762103756135e-10
850.0 0.00019012881011803984
851.0 0.0002477943553458317
852.0 0.00030545998015441
853.0 0.00015322842727982788
854.0 9.970284153837383e-07
855.0 4.450063499916723e-05
856.0 8.800421369414835e-05
857.0 0.00023310240067075938
858.0 0.0003782004796448746
859.0 0.0007659610673727002
860.0 0.0011537216778378934
861.0 0.0010825700883287936
862.0 0.001011418589769164
863.0 0.0010567751814960502
864.0 0.0011021318641724065
865.0 0.0011814492609119043
866.0 0.0012607664757524617
867.0 0.0015883577361819334
868.0 0.0019159488147124648
869.0 0.0016440782928839326
870.0 0.001372208134853281
871.0 0.0016026364392018877
872.0 0.0018330647435504943
873.0 0.0022729935153620318
874.0 0.002712922287173569
