lsstCam/transmission_filter_detector/r30_s02/u_24/19700101T000000.ecsv
# %ECSV 1.0
# ---
# datatype:
# - {name: wavelength, unit: nm, datatype: float32}
# - {name: efficiency, unit: '%', datatype: float64}
# meta: !!omap
# - {MODE: DETECTOR}
# - {TYPE: transmission_filter_detector}
# - {CALIBDATE: '1970-01-01T00:00:00'}
# - {INSTRUME: LSSTCam}
# - {OBSTYPE: transmission_filter_detector}
# - {CALIBCLS: lsst.ip.isr.IntermediateFilterDetectorTransmissionCurve}
# - {SOURCE: Materion (DM-46256)}
# - {DETECTOR: 119}
# - {FILTER: u_24}
# - {CALIB_ID: 'calibDate=1970-01-01T00:00:00 filter=u_24 detector=119'}
# - {DATE: '2025-04-02T15:59:40.299754'}
# - {CALIB_CREATION_DATE: '2025-04-02'}
# - {CALIB_CREATION_TIME: '15:59:40'}
# - __serialized_columns__:
#     efficiency:
#       __class__: astropy.units.quantity.Quantity
#       unit: !astropy.units.Unit {unit: '%'}
#       value: !astropy.table.SerializedColumn {name: efficiency}
#     wavelength:
#       __class__: astropy.units.quantity.Quantity
#       unit: !astropy.units.Unit {unit: nm}
#       value: !astropy.table.SerializedColumn {name: wavelength}
# schema: astropy-2.0
wavelength efficiency
[from data line 581]
876.0 0.0024972669052658603
877.0 0.002416183997411281
878.0 0.002335101271455642
879.0 0.0023409711502608843
880.0 0.002346841210965067
881.0 0.002530898927943781
882.0 0.002714956644922495
883.0 0.0027401129045756534
884.0 0.0027652689823298715
885.0 0.0027991922252113
886.0 0.0028331156499916688
887.0 0.0026108979000127874
888.0 0.0023886799681349657
889.0 0.0025764855308807455
890.0 0.0027642912755254656
891.0 0.0027050034987041727
892.0 0.0026457157218828797
893.0 0.002759546259767376
894.0 0.002873376797651872
895.0 0.0031040995963849127
896.0 0.0033348223951179534
897.0 0.0035508855944499373
898.0 0.0037669487937819213
899.0 0.003872951492667198
900.0 0.003978954191552475
901.0 0.004009195617982186
902.0 0.004039437044411898
903.0 0.00417519586335402
904.0 0.004310954682296142
905.0 0.0045716893509961665
906.0 0.004832424019696191
907.0 0.005046328078606166
908.0 0.005260232137516141
909.0 0.005549943671212532
910.0 0.005839655568706803
911.0 0.005764200977864675
912.0 0.005688746387022547
913.0 0.00556019258510787
914.0 0.005431638783193193
915.0 0.0051041290134890005
916.0 0.004776619607582688
917.0 0.004550992525764741
918.0 0.004325365080148913
919.0 0.004325306144892238
920.0 0.004325247209635563
921.0 0.0045961744035594165
922.0 0.004867101233685389
923.0 0.005101889473735355
924.0 0.005336678077583201
925.0 0.005753377990913577
926.0 0.006170078268041834
927.0 0.006475691043306142
928.0 0.00678130381857045
929.0 0.006905489135533571
930.0 0.0070296744524966925
931.0 0.007004928920650855
932.0 0.006980181933613494
933.0 0.007065387035254389
934.0 0.007150590681703761
935.0 0.007204537541838363
936.0 0.007258484401972964
937.0 0.007031455606920645
938.0 0.006804428994655609
939.0 0.0067178749304730445
940.0 0.0066313201386947185
941.0 0.005714687722502276
942.0 0.004798054942511953
943.0 0.004434860602486879
944.0 0.004071666262461804
945.0 0.003499556623864919
946.0 0.0029274473490659148
947.0 0.0025502306016278453
948.0 0.002173013490391895
949.0 0.0016364170733140782
950.0 0.0010998202924383804
951.0 0.0011842234926007222
952.0 0.0012686262380157132
953.0 0.0015919547877274454
954.0 0.0019152832464897074
955.0 0.0018268105122842826
956.0 0.0017383375961799175
957.0 0.0022164875190355815
958.0 0.002694637623790186
959.0 0.0029784467187710106
960.0 0.003262255631852895
961.0 0.0038515234336955473
962.0 0.0044407912355381995
963.0 0.004414121576701291
964.0 0.004387451917864382
965.0 0.00456311900052242
966.0 0.004738786083180457
967.0 0.004401787737151608
968.0 0.004064789027324878
969.0 0.004403926141094416
970.0 0.004743063618661836
971.0 0.004652844654629007
972.0 0.004562625690596178
973.0 0.004524462565314025
974.0 0.004486299803829752
975.0 0.004573845217237249
976.0 0.004661390630644746
977.0 0.0039746268157614395
978.0 0.003287863000878133
979.0 0.0031508760002907366
980.0 0.0030138888178044
981.0 0.0028972986910957843
982.0 0.0027807089281850494
983.0 0.002834868064383045
984.0 0.0028890272005810402
985.0 0.0030800929380347952
986.0 0.0032711592211853713
987.0 0.0035895805922336876
988.0 0.003908001963282004
989.0 0.004511812949203886
990.0 0.005115623935125768
991.0 0.005555236566578969
992.0 0.005994849561830051
993.0 0.006420310091925785
994.0 0.006845768803032115
995.0 0.006860933353891596
996.0 0.006876097177155316
997.0 0.006444322207244113
998.0 0.00601254687353503
999.0 0.0062883205828256905
1000.0 0.0065640953835099936
1001.0 0.006469681102316827
1002.0 0.00637526682112366
1003.0 0.006186906830407679
1004.0 0.005998546475893818
1005.0 0.0056776883866405115
1006.0 0.005356829933589324
1007.0 0.005363326636143029
1008.0 0.0053698240662924945
1009.0 0.004997891664970666
1010.0 0.004625958899850957
1011.0 0.004088400237378664
1012.0 0.0035508419387042522
1013.0 0.0028989277780056
1014.0 0.002247013799205888
1015.0 0.0019891185729647987
1016.0 0.0017312229829258285
1017.0 0.0015315667042159475
1018.0 0.0013319104255060665
1019.0 0.0012635477105504833
1020.0 0.0011951853593927808
1021.0 0.0011956436537730042
1022.0 0.001196102130052168
1023.0 0.0012255959518370219
1024.0 0.0012550899555208161
1025.0 0.0009176666026178282
1026.0 0.0005802435225632507
1027.0 0.0011916705261683092
1028.0 0.001803097256924957
1029.0 0.0016908961697481573
1030.0 0.0015786950825713575
1031.0 0.0017629150534048676
1032.0 0.0019471350242383778
1033.0 0.001750838964653667
1034.0 0.0015545429050689563
1035.0 0.0015078267097123899
1036.0 0.001461110332456883
1037.0 0.0016483929357491434
1038.0 0.0018356755390414037
1039.0 0.001895171226351522
1040.0 0.00195466691366164
1041.0 0.0019896659068763256
1042.0 0.0020246647181920707
1043.0 0.002257343294331804
1044.0 0.0024900216885725968
1045.0 0.002146490260201972
1046.0 0.0018029588318313472
1047.0 0.0019682765923789702
1048.0 0.0021335945348255336
1049.0 0.002020322426687926
1050.0 0.0019070505004492588
1051.0 0.0018294727851753123
1052.0 0.0017518948880024254
1053.0 0.0016118343410198577
1054.0 0.00147177379403729
1055.0 0.0015787078154971823
1056.0 0.001685642018856015
1057.0 0.0012200366654724348
1058.0 0.000754431493987795
1059.0 0.0010034782462753356
1060.0 0.0012525251804618165
1061.0 0.000826966788736172
1062.0 0.0004014086698589381
1063.0 0.00037468257687578443
1064.0 0.00034795646115526324
1065.0 0.0005671467988577206
1066.0 0.0007863371138228104
1067.0 0.001099075234378688
1068.0 0.001411813445884036
1069.0 0.0014837753951724153
1070.0 0.0015557374354102649
1071.0 0.0027838314053951763
1072.0 0.004011925193481147
1073.0 0.0030521296139340848
1074.0 0.002092333488690201
1075.0 0.0023284579583560117
1076.0 0.002564582428021822
1077.0 0.0025137684133369476
1078.0 0.0024629542167531326
1079.0 0.0036657242162618786
1080.0 0.004868494215770625
1081.0 0.005443115151138045
1082.0 0.006017737541696988
1083.0 0.004722880839835852
1084.0 0.0034280241379747167
1085.0 0.0036337740311864763
1086.0 0.0038395242881961167
1087.0 0.004484039527596906
1088.0 0.005128554766997695
1089.0 0.005309262269292958
1090.0 0.005489970135386102
1091.0 0.002883080014726147
1092.0 0.0002761891209956957
1093.0 0.0022739588530384935
1094.0 0.0042717270844150335
1095.0 0.003335280780447647
1096.0 0.0023988341126823798
1097.0 0.0018055994587484747
1098.0 0.0012123646229156293
1099.0 0.002452669468766544
1100.0 0.0036929737689206377
