lsstCam/transmission_filter_detector/r12_s00/i_39/19700101T000000.ecsv
# %ECSV 1.0
# ---
# datatype:
# - {name: wavelength, unit: nm, datatype: float32}
# - {name: efficiency, unit: '%', datatype: float64}
# meta: !!omap
# - {MODE: DETECTOR}
# - {TYPE: transmission_filter_detector}
# - {CALIBDATE: '1970-01-01T00:00:00'}
# - {INSTRUME: LSSTCam}
# - {OBSTYPE: transmission_filter_detector}
# - {CALIBCLS: lsst.ip.isr.IntermediateFilterDetectorTransmissionCurve}
# - {SOURCE: Materion (DM-46256)}
# - {DETECTOR: 45}
# - {FILTER: i_39}
# - {CALIB_ID: 'calibDate=1970-01-01T00:00:00 filter=i_39 detector=45'}
# - {DATE: '2025-04-02T15:59:46.687667'}
# - {CALIB_CREATION_DATE: '2025-04-02'}
# - {CALIB_CREATION_TIME: '15:59:46'}
# - __serialized_columns__:
#     efficiency:
#       __class__: astropy.units.quantity.Quantity
#       unit: !astropy.units.Unit {unit: '%'}
#       value: !astropy.table.SerializedColumn {name: efficiency}
#     wavelength:
#       __class__: astropy.units.quantity.Quantity
#       unit: !astropy.units.Unit {unit: nm}
#       value: !astropy.table.SerializedColumn {name: wavelength}
# schema: astropy-2.0
wavelength efficiency
300.0 0.08236758876591921
301.0 0.03787439491134137
302.0 1.5971634821990155e-10
303.0 0.01946542615769431
304.0 0.04554962215479463
305.0 0.035463282256387174
306.0 0.025376942357979715
307.0 0.008844368130667135
308.0 1.5971634821990155e-10
309.0 1.5971634821990155e-10
310.0 1.5971634821990155e-10
311.0 1.5971634821990155e-10
312.0 0.0038922225940041244
313.0 0.0013568878785008565
314.0 1.5971634821990155e-10
315.0 1.5971634821990155e-10
316.0 1.5971634821990155e-10
317.0 1.5971634821990155e-10
318.0 0.0012087501090718433
319.0 1.5971634821990155e-10
320.0 1.5971634821990155e-10
321.0 1.5971634821990155e-10
322.0 0.0010709586604207288
323.0 1.5971634821990155e-10
324.0 1.5971634821990155e-10
325.0 1.5971634821990155e-10
326.0 1.5971634821990155e-10
327.0 1.5971634821990155e-10
328.0 0.003880789881804958
329.0 0.0021355013814172707
330.0 0.0003902133357769344
331.0 0.00025684685169835575
332.0 0.00012348119753369247
333.0 0.0008348877599928528
334.0 0.001546294333820697
335.0 0.0013328296518011484
336.0 0.001119365515478421
337.0 0.002510469130356796
338.0 0.0039015729271341115
339.0 0.003483407272142358
340.0 0.003065242344746366
341.0 1.5971634821990155e-10
342.0 1.5971634821990155e-10
343.0 1.5971634821990155e-10
344.0 1.5971634821990155e-10
345.0 1.5971634821990155e-10
346.0 1.5971634821990155e-10
347.0 1.5971634821990155e-10
348.0 1.5971634821990155e-10
349.0 1.5971634821990155e-10
350.0 1.5971634821990155e-10
351.0 1.5971634821990155e-10
352.0 9.824307198869064e-05
353.0 1.5971634821990155e-10
354.0 1.5971634821990155e-10
355.0 1.5971634821990155e-10
356.0 0.000365117648470914
357.0 0.0007646157428098377
358.0 0.0011641138371487614
359.0 0.001393104230373865
360.0 0.0016220941688516177
361.0 0.001259157943422906
362.0 0.0008962216270447243
363.0 0.0009142494491243269
364.0 0.0009322773621533997
365.0 0.0016090620192699134
366.0 0.0022858468582853675
367.0 0.001184929715236649
368.0 8.401257218793035e-05
369.0 0.0005083405540062813
370.0 0.0009326686267741024
371.0 0.0008266181794169825
372.0 0.0007205676865851274
373.0 0.0008827089914120734
374.0 0.0010448502507642843
375.0 0.0002109603201461141
376.0 1.5971634821990155e-10
377.0 1.5971634821990155e-10
378.0 1.5971634821990155e-10
379.0 1.5971634821990155e-10
380.0 1.5971634821990155e-10
381.0 1.5971634821990155e-10
382.0 1.5971634821990155e-10
383.0 0.00016781624481154722
384.0 0.0016388443327741697
385.0 0.001225749383593211
386.0 0.0008126545253617223
387.0 1.5971634821990155e-10
388.0 1.5971634821990155e-10
389.0 1.5971634821990155e-10
390.0 1.5971634821990155e-10
391.0 1.5971634821990155e-10
392.0 1.5971634821990155e-10
393.0 1.5971634821990155e-10
394.0 0.00047579519559803884
395.0 1.5971634821990155e-10
396.0 1.5971634821990155e-10
397.0 1.5971634821990155e-10
398.0 1.5971634821990155e-10
399.0 1.5971634821990155e-10
400.0 1.5971634821990155e-10
401.0 1.5971634821990155e-10
402.0 1.5971634821990155e-10
403.0 0.00013347226968107861
404.0 0.0008328260264534038
405.0 0.00322182422678452
406.0 0.005610822336166166
407.0 0.00287300135823898
408.0 0.0001351776745650568
409.0 0.0004567256382870255
410.0 0.0007782715329085477
411.0 0.002423816295049619
412.0 0.004069362330483273
413.0 0.0036969679058529437
414.0 0.003324575664009899
415.0 0.0042059658881044015
416.0 0.005087355384603143
417.0 0.002691082045203075
418.0 0.00029480777357093757
419.0 0.002865150418074336
420.0 0.005435492494143546
421.0 0.004764866389450617
422.0 0.004094239557161927
423.0 0.004467531471163966
424.0 0.004840823021368124
425.0 0.0034336298995185643
426.0 0.0020264360500732437
427.0 0.0036188030207995325
428.0 0.005211170355323702
429.0 0.005533642615773715
430.0 0.005856116331415251
431.0 0.004573710612021387
432.0 0.0032913059840211645
433.0 0.003307039150968194
434.0 0.0033227726817131042
435.0 0.0025982260922319256
436.0 0.0018736793208518066
437.0 0.0015522520698141307
438.0 0.0012308250916248653
439.0 0.0016175308701349422
440.0 0.0020042369214934297
441.0 0.0005537960078072501
442.0 1.5971634821990155e-10
443.0 1.5971634821990155e-10
444.0 1.5971634821990155e-10
445.0 1.5971634821990155e-10
446.0 1.5971634821990155e-10
447.0 1.5971634821990155e-10
448.0 0.0003182503633070155
449.0 1.5971634821990155e-10
450.0 1.5971634821990155e-10
451.0 0.00010485176744623459
452.0 0.0013462064089253545
453.0 0.0014729494978382718
454.0 0.0015996931324480101
455.0 0.0015381756384158507
456.0 0.0014766582353331614
457.0 0.0011746218660846353
458.0 0.0008725854058866389
459.0 0.0005590535238297889
460.0 0.000245521687247674
461.0 0.0004056449597555911
462.0 0.0005657682777382433
463.0 0.0002292083081556484
464.0 1.5971634821990155e-10
465.0 0.0001737984689498262
466.0 0.0004549485311144963
467.0 0.0007716244908806402
468.0 0.0010883005415962543
469.0 0.0006639090770477196
470.0 0.00023951779439812526
471.0 0.0003813780949712964
472.0 0.0005232384410192026
473.0 0.0006644879704253981
474.0 0.0008057376362557989
475.0 0.00045666783989872783
476.0 0.00010759841870822129
477.0 0.0006385305823641829
478.0 0.0011694628483382985
479.0 0.0013306619621289428
480.0 0.0014918610759195872
481.0 0.0027980053346254863
482.0 0.0041041475924430415
483.0 0.005556371979764663
484.0 0.007008596003288403
485.0 0.007825718785170466
486.0 0.008642841567052528
487.0 0.011562192958081141
488.0 0.014481545076705515
489.0 0.017605689936317503
490.0 0.020729836251121014
491.0 0.022471141710411757
492.0 0.024212448624894023
493.0 0.02553636149968952
494.0 0.026860280195251107
495.0 0.02415953786112368
496.0 0.02145879261661321
497.0 0.017505587311461568
498.0 0.01355237909592688
499.0 0.009688894351711497
500.0 0.005825411062687635
501.0 0.004485429599299096
502.0 0.003145448863506317
503.0 0.0025507088139420375
504.0 0.0019559689462766983
505.0 0.0019153942048433237
506.0 0.0018748198272078298
507.0 0.0018331455066800117
508.0 0.0017914711861521937
509.0 0.0018304419427295215
510.0 0.0018694126993068494
511.0 0.0014036889297130983
512.0 0.0009379649782204069
513.0 0.0013514866623154376
514.0 0.0017650081645115279
515.0 0.002279467480548192
516.0 0.002793926978483796
517.0 0.0024099290385493077
518.0 0.0020259310986148193
519.0 0.0022121676011011004
520.0 0.0023984041035873815
521.0 0.0018509572328184731
522.0 0.0013035107258474454
523.0 0.001374803832732141
524.0 0.0014460973034147173
525.0 0.0019127095583826303
526.0 0.002379321631451603
527.0 0.002346933979424648
528.0 0.0023145465092966333
529.0 0.0018025408280664124
530.0 0.0012905351468361914
531.0 0.001344395786873065
532.0 0.0013982564269099385
533.0 0.0015173359315667767
534.0 0.0016364158000214957
535.0 0.0015785119103384204
536.0 0.0015206078387564048
537.0 0.002198470065195579
538.0 0.002876332109735813
539.0 0.0037235109630273655
540.0 0.004570689634419978
541.0 0.005272560156299733
542.0 0.005974430678179488
543.0 0.005091420462122187
544.0 0.0042084102460648865
545.0 0.003332007327117026
546.0 0.0024556049538659863
547.0 0.0020177387341391295
548.0 0.0015798725144122727
549.0 0.0017060268874047324
550.0 0.0018321816241950728
551.0 0.0016860991308931261
552.0 0.0015400168194901198
553.0 0.001601979420229327
554.0 0.001663942020968534
555.0 0.0012126202818762977
556.0 0.0007612983608851209
557.0 0.0007340993761317804
558.0 0.0007069004823279101
559.0 0.00025352621833008016
560.0 1.5971634821990155e-10
561.0 0.0005778261311206734
562.0 0.0013555003533838317
563.0 0.0015755647837067954
564.0 0.0017956293959286995
565.0 0.0015049679859657772
566.0 0.0012143068488512654
567.0 0.0008671447176311631
568.0 0.0005199826773605309
569.0 0.0006258462235564366
570.0 0.0007317095423786668
571.0 0.0005061092451796867
572.0 0.0002805089479807066
573.0 0.0003351473196744337
574.0 0.00038978578231763095
575.0 0.00038921548366488423
576.0 0.00038864513953740243
577.0 0.0005300772500049789
578.0 0.0006715094059472904
579.0 0.00037172294469201006
580.0 7.19365459644905e-05
581.0 0.00022626354621024802
582.0 0.0003805905180342961
583.0 0.0004968130724591902
584.0 0.0006130354904598789
585.0 0.0006761355507478584
586.0 0.0007392357474600431
587.0 0.0006474227575381519
588.0 0.0005556096311920555
589.0 0.0005528024757950334
590.0 0.0005499953658727463
591.0 0.0007088248366926564
592.0 0.0008676543984620366
593.0 0.0005241354301688261
594.0 0.00018061638229482924
595.0 0.0004737181825476
596.0 0.0007668198122701142
597.0 0.0006529229267471237
598.0 0.0005390260412241332
599.0 0.0005582463927567005
600.0 0.0005774665169155924
601.0 0.00047048661144799553
602.0 0.0003635066605056636
603.0 0.00020973075152141973
604.0 5.595470042862871e-05
605.0 8.721876270101347e-05
606.0 0.00011848283065774012
607.0 0.00039626311263418756
608.0 0.0006740432127116947
609.0 0.0005664659056492383
610.0 0.00045888828026363626
611.0 0.0006409542038454674
612.0 0.0008230202183767688
613.0 0.0005500603037944529
614.0 0.0002771004574242397
615.0 1.5971634821990155e-10
616.0 1.5971634821990155e-10
617.0 1.5971634821990155e-10
618.0 0.00017361786603942164
619.0 0.0003657970637505059
620.0 0.0005579763637797441
621.0 0.0006004144779581111
622.0 0.000642852592136478
623.0 0.0005571634119405644
624.0 0.00047147427721938584
625.0 0.00041859084376483224
626.0 0.00036570741031027865
627.0 0.0003411654688534327
628.0 0.0003166235273965867
629.0 0.0005112828148412518
630.0 0.0007059423296595924
631.0 0.0006354553079290781
632.0 0.0005649682861985639
633.0 0.0005542186045204289
634.0 0.0005434688773675589
635.0 0.000498028248330229
636.0 0.00045258752834342886
637.0 0.0003393512770344387
638.0 0.0002261148665638757
639.0 0.0005351257186703151
640.0 0.0008441364116151817
641.0 0.000625446273261332
642.0 0.0004067560894327471
643.0 0.0006340398158499738
644.0 0.0008613235877419356
645.0 0.0006791325176891405
646.0 0.0004969415840605507
647.0 0.0007229358743643388
648.0 0.0009489305739407428
649.0 0.000841957353259204
650.0 0.0007349841780524002
651.0 0.0008850893209455535
652.0 0.001035194600262912
653.0 0.0011675446330627892
654.0 0.0012998946658626664
655.0 0.0020063189367647283
656.0 0.00271274311671732
657.0 0.0036885045119561255
658.0 0.004664264270104468
659.0 0.007430672849295661
660.0 0.03808362234849483
661.0 0.11536492966115475
662.0 0.1591682666912675
663.0 0.08070235489867628
664.0 0.14224479673430324
665.0 0.1203015330247581
666.0 0.13993580359965563
667.0 0.16498786862939596
668.0 0.20325046498328447
669.0 0.3575310343876481
670.0 0.41047693230211735
671.0 0.6786024663597345
672.0 1.049160398542881
673.0 1.5925444662570953
674.0 2.4241292849183083
675.0 3.375154733657837
676.0 4.496879130601883
677.0 5.824108794331551
678.0 7.17395693063736
679.0 8.644472062587738
680.0 10.711294412612915
681.0 12.817510962486267
682.0 15.385560691356659
683.0 18.170572817325592
684.0 21.17649018764496
685.0 24.029171466827393
686.0 27.004286646842957
687.0 30.307263135910034
688.0 33.628299832344055
689.0 37.100768089294434
690.0 41.120460629463196
691.0 45.50516605377197
692.0 50.64067840576172
693.0 56.11774921417236
694.0 62.19926476478577
695.0 67.94846057891846
696.0 74.12022948265076
697.0 79.6548068523407
698.0 85.3450357913971
699.0 89.39980864524841
700.0 92.47498512268066
701.0 94.70212459564209
702.0 96.29173278808594
703.0 97.00683355331421
704.0 97.4007248878479
705.0 97.6898729801178
706.0 97.68639206886292
707.0 97.76031374931335
708.0 97.78280854225159
709.0 97.8075385093689
710.0 97.62967228889465
711.0 97.91648983955383
712.0 97.81805872917175
713.0 97.8283166885376
714.0 98.006272315979
715.0 98.06007742881775
716.0 97.92450070381165
717.0 98.16158413887024
718.0 98.17898273468018
719.0 98.08601140975952
720.0 98.26279878616333
721.0 98.15528988838196
722.0 97.8541374206543
723.0 97.60810136795044
724.0 97.3182737827301
725.0 97.05578684806824
726.0 96.76831364631653
727.0 96.61736488342285
728.0 96.35307788848877
729.0 96.28027677536011
730.0 96.25691771507263
731.0 96.27299904823303
732.0 96.35066390037537
733.0 96.61766290664673
734.0 97.05250263214111
735.0 97.19285368919373
736.0 97.58412837982178
737.0 97.93806076049805
738.0 98.20429682731628
739.0 98.58580827713013
740.0 98.57754707336426
741.0 98.48024845123291
742.0 98.7672209739685
743.0 98.63314628601074
744.0 98.41252565383911
745.0 98.43652248382568
746.0 98.46312999725342
747.0 98.71244430541992
748.0 98.48595261573792
749.0 98.4590470790863
750.0 98.3992874622345
751.0 98.35044145584106
752.0 98.2197642326355
753.0 98.55412244796753
754.0 98.33685159683228
755.0 98.45032691955566
756.0 98.54391813278198
757.0 98.53801131248474
758.0 98.68005514144897
759.0 98.71817231178284
760.0 98.51264357566833
761.0 98.50667119026184
762.0 98.6024796962738
763.0 98.59346747398376
764.0 98.42785596847534
765.0 98.37587475776672
766.0 98.4490692615509
767.0 98.23266267776489
768.0 98.25486540794373
769.0 98.21532368659973
770.0 97.95528650283813
771.0 98.05833697319031
772.0 98.02097082138062
773.0 97.8948175907135
774.0 97.67956733703613
775.0 97.80660271644592
776.0 97.73088693618774
777.0 97.7099597454071
778.0 97.78072834014893
779.0 97.8729248046875
780.0 97.88697361946106
781.0 98.22283387184143
782.0 98.1491208076477
783.0 98.33689332008362
784.0 98.26376438140869
785.0 98.33101630210876
786.0 98.48517775535583
787.0 98.25230836868286
788.0 98.30315709114075
789.0 98.43004941940308
790.0 98.38961958885193
791.0 98.38446378707886
792.0 98.27455282211304
793.0 98.1734037399292
794.0 98.0181336402893
795.0 97.96162843704224
796.0 97.9587972164154
797.0 97.78377413749695
798.0 97.79134392738342
799.0 97.63663411140442
800.0 97.43542671203613
801.0 97.51445055007935
802.0 97.33419418334961
803.0 97.03514575958252
804.0 96.5903103351593
805.0 95.97349166870117
806.0 95.31190991401672
807.0 94.25179958343506
808.0 92.84958839416504
809.0 91.13641381263733
810.0 89.29159045219421
811.0 86.91012859344482
812.0 84.08462405204773
813.0 80.88376522064209
814.0 77.10543274879456
815.0 73.08043241500854
816.0 68.94378066062927
817.0 64.23599123954773
818.0 59.26583409309387
819.0 55.009567737579346
820.0 50.17719864845276
821.0 45.733872056007385
822.0 41.43427014350891
823.0 36.85871958732605
824.0 32.30348229408264
825.0 28.081658482551575
826.0 23.744286596775055
827.0 19.21689063310623
828.0 15.173138678073883
829.0 11.359386146068573
830.0 7.791150361299515
831.0 5.378992483019829
832.0 3.340703621506691
833.0 2.0280078053474426
834.0 1.1334431357681751
835.0 0.6596810184419155
836.0 0.38877781480550766
837.0 0.24246673565357924
838.0 0.152897578664124
839.0 0.12668123235926032
840.0 0.06833290099166334
841.0 0.04613510682247579
842.0 1.5971634821990155e-10
843.0 0.01639803231228143
844.0 1.5971634821990155e-10
845.0 0.009982549090636894
846.0 1.5971634821990155e-10
847.0 1.5971634821990155e-10
848.0 0.02228924713563174
849.0 1.5971634821990155e-10
850.0 1.5971634821990155e-10
851.0 1.5971634821990155e-10
852.0 0.0011277545127086341
853.0 0.0011332421308907215
854.0 0.0011387301128706895
855.0 0.0009166345080302563
856.0 0.0006945390850887634
857.0 0.0006842881248303456
858.0 0.0006740369371982524
859.0 0.00043044092308264226
860.0 0.000186844863492297
861.0 0.00028500671760411933
862.0 0.0003831684807664715
863.0 0.00018474838725524023
864.0 1.5971634821990155e-10
865.0 1.5971634821990155e-10
866.0 1.5971634821990155e-10
867.0 5.050217737334606e-05
868.0 0.00011090456837337115
869.0 1.6314534434513916e-05
870.0 1.5971634821990155e-10
871.0 0.00010894947308770497
872.0 0.0002961744485219242
873.0 0.00024098208086797968
874.0 0.00018578970184535137
875.0 0.00020419554402906215
876.0 0.00022260144305619178
877.0 1.5971634821990155e-10
878.0 1.5971634821990155e-10
879.0 1.3830553768912068e-05
880.0 0.0003869193278660532
881.0 0.00020504674012045143
882.0 2.3174163743533427e-05
883.0 0.00019438994058873504
884.0 0.0003656057742773555
885.0 0.00017527330555822118
886.0 1.5971634821990155e-10
887.0 0.0001413813151884824
888.0 0.00029782179353787797
889.0 0.00017137514305431978
890.0 4.492856362503517e-05
891.0 0.00012124741033403552
892.0 0.00019756623714783927
893.0 0.0002676629719644552
894.0 0.0003377596840437036
