lsstCam/transmission_filter_detector/r12_s00/i_39/19700101T000000.ecsv
# %ECSV 1.0
# ---
# datatype:
# - {name: wavelength, unit: nm, datatype: float32}
# - {name: efficiency, unit: '%', datatype: float64}
# meta: !!omap
# - {MODE: DETECTOR}
# - {TYPE: transmission_filter_detector}
# - {CALIBDATE: '1970-01-01T00:00:00'}
# - {INSTRUME: LSSTCam}
# - {OBSTYPE: transmission_filter_detector}
# - {CALIBCLS: lsst.ip.isr.IntermediateFilterDetectorTransmissionCurve}
# - {SOURCE: Materion (DM-46256)}
# - {DETECTOR: 45}
# - {FILTER: i_39}
# - {CALIB_ID: 'calibDate=1970-01-01T00:00:00 filter=i_39 detector=45'}
# - {DATE: '2025-04-02T15:59:46.687667'}
# - {CALIB_CREATION_DATE: '2025-04-02'}
# - {CALIB_CREATION_TIME: '15:59:46'}
# - __serialized_columns__:
#     efficiency:
#       __class__: astropy.units.quantity.Quantity
#       unit: !astropy.units.Unit {unit: '%'}
#       value: !astropy.table.SerializedColumn {name: efficiency}
#     wavelength:
#       __class__: astropy.units.quantity.Quantity
#       unit: !astropy.units.Unit {unit: nm}
#       value: !astropy.table.SerializedColumn {name: wavelength}
# schema: astropy-2.0
wavelength efficiency
[from data line 596]
896.0 1.5971634821990155e-10
897.0 1.5971634821990155e-10
898.0 3.6631001876230584e-05
899.0 1.5971634821990155e-10
900.0 1.5971634821990155e-10
901.0 1.5971634821990155e-10
902.0 5.044426032441152e-06
903.0 5.597451746552906e-06
904.0 6.150478526478764e-06
905.0 1.5971634821990155e-10
906.0 1.5971634821990155e-10
907.0 3.266404462465289e-05
908.0 0.00017853882354756934
909.0 1.5971634821990155e-10
910.0 1.5971634821990155e-10
911.0 1.5971634821990155e-10
912.0 9.749859373187064e-05
913.0 0.0001147110310739663
914.0 0.0001319234911534295
915.0 1.5971634821990155e-10
916.0 1.5971634821990155e-10
917.0 1.5971634821990155e-10
918.0 1.5971634821990155e-10
919.0 1.5971634821990155e-10
920.0 4.711132817192265e-05
921.0 4.26254942453852e-06
922.0 1.5971634821990155e-10
923.0 1.5971634821990155e-10
924.0 1.5971634821990155e-10
925.0 2.3949328920025437e-05
926.0 0.00019664864794322057
927.0 1.5971634821990155e-10
928.0 1.5971634821990155e-10
929.0 1.5971634821990155e-10
930.0 8.013706178644497e-05
931.0 9.478865194978425e-05
932.0 0.00010944022506009787
933.0 0.0001495204401180672
934.0 0.00018960068928208784
935.0 1.5971634821990155e-10
936.0 1.5971634821990155e-10
937.0 1.5971634821990155e-10
938.0 1.5971634821990155e-10
939.0 1.5971634821990155e-10
940.0 1.5971634821990155e-10
941.0 1.5971634821990155e-10
942.0 6.333114583867427e-05
943.0 1.5971634821990155e-10
944.0 1.5971634821990155e-10
945.0 1.5971634821990155e-10
946.0 1.5971634821990155e-10
947.0 1.5971634821990155e-10
948.0 1.5971634821990155e-10
949.0 1.5971634821990155e-10
950.0 1.5971634821990155e-10
951.0 1.5971634821990155e-10
952.0 1.5971634821990155e-10
953.0 1.5971634821990155e-10
954.0 1.5971634821990155e-10
955.0 0.00014870468021399574
956.0 0.00031286870125768473
957.0 0.00018806267689797096
958.0 6.325660137918021e-05
959.0 8.85892006863287e-05
960.0 0.00011392180567781907
961.0 0.00012500370303314412
962.0 0.0001360855890197854
963.0 5.4583011888098554e-05
964.0 1.5971634821990155e-10
965.0 1.5971634821990155e-10
966.0 1.5971634821990155e-10
967.0 1.5971634821990155e-10
968.0 1.5971634821990155e-10
969.0 1.5971634821990155e-10
970.0 3.55730634282736e-05
971.0 2.1750976486600848e-05
972.0 7.928895229269983e-06
973.0 1.5971634821990155e-10
974.0 1.5971634821990155e-10
975.0 1.5971634821990155e-10
976.0 1.5971634821990155e-10
977.0 1.5971634821990155e-10
978.0 1.5971634821990155e-10
979.0 1.5971634821990155e-10
980.0 1.5971634821990155e-10
981.0 1.5971634821990155e-10
982.0 1.5971634821990155e-10
983.0 1.5971634821990155e-10
984.0 1.5971634821990155e-10
985.0 5.3270224498191965e-05
986.0 0.00025773406377993524
987.0 6.41634983367112e-05
988.0 1.5971634821990155e-10
989.0 1.5971634821990155e-10
990.0 1.5971634821990155e-10
991.0 1.5971634821990155e-10
992.0 1.5971634821990155e-10
993.0 1.5971634821990155e-10
994.0 2.998492831807198e-06
995.0 1.5971634821990155e-10
996.0 1.5971634821990155e-10
997.0 1.5971634821990155e-10
998.0 0.00024895525712054223
999.0 0.00027634064281301107
1000.0 0.00030372598303074483
1001.0 0.00016334951169483247
1002.0 2.297301477938163e-05
1003.0 7.616173434144002e-05
1004.0 0.00012935050790474634
1005.0 1.5971634821990155e-10
1006.0 1.5971634821990155e-10
1007.0 7.735787335150235e-05
1008.0 0.00034550689633761067
1009.0 0.00022151205030240817
1010.0 9.751709058036795e-05
1011.0 0.00016748469988669967
1012.0 0.00023745228645566385
1013.0 0.0003805746018770151
1014.0 0.0005236969627731014
1015.0 0.0003906367965100799
1016.0 0.0002575767211965285
1017.0 0.00030452574719674885
1018.0 0.000351474932358542
1019.0 0.0003318616791148088
1020.0 0.0003122483121842379
1021.0 0.00022041281226847786
1022.0 0.0001285772896153503
1023.0 0.0005306533239490818
1024.0 0.0009327295629191212
1025.0 0.0007443741196766496
1026.0 0.000556018721908913
1027.0 0.00046318850763782393
1028.0 0.0003703582478919998
1029.0 0.0008600128239777405
1030.0 0.0013496674910129514
1031.0 0.001821355544961989
1032.0 0.002293043326062616
1033.0 0.0024321499950019643
1034.0 0.002571255754446611
1035.0 0.003130929690087214
1036.0 0.0036906032619299367
1037.0 0.0037322897696867585
1038.0 0.0037739759136456996
1039.0 0.003242476668674499
1040.0 0.002710977969400119
1041.0 0.0023778171453159302
1042.0 0.0020446563212317415
1043.0 0.0028226017093402334
1044.0 0.003600546915549785
1045.0 0.0035251621739007533
1046.0 0.003449778159847483
1047.0 0.0030051836802158505
1048.0 0.0025605895643820986
1049.0 0.002306625719938893
1050.0 0.002052661875495687
1051.0 0.002306913665961474
1052.0 0.0025611660021240823
1053.0 0.0016532283552805893
1054.0 0.0007452907539118314
1055.0 0.0007577770702482667
1056.0 0.0007702633411099669
1057.0 0.0008630279808130581
1058.0 0.0009557927114656195
1059.0 0.0011070830623793881
1060.0 0.0012583736861415673
1061.0 0.0018079510482493788
1062.0 0.0023575281375087798
1063.0 0.002807074270094745
1064.0 0.0032566207664785907
1065.0 0.003444958565523848
1066.0 0.003633296728366986
1067.0 0.00447822458227165
1068.0 0.005323152436176315
1069.0 0.004234233347233385
1070.0 0.0031453142582904547
1071.0 0.002976739233417902
1072.0 0.002808163844747469
1073.0 0.0029729431844316423
1074.0 0.0031377225241158158
1075.0 0.003432470839470625
1076.0 0.003727219154825434
1077.0 0.0028144682801212184
1078.0 0.001901717041619122
1079.0 0.0019222441551391967
1080.0 0.0019427714505582117
1081.0 0.0011969859770033509
1082.0 0.0004512003215495497
1083.0 0.00014221124047253397
1084.0 1.5971634821990155e-10
1085.0 0.0005160928594705183
1086.0 0.001198964127979707
1087.0 0.0006356362973747309
1088.0 7.230850656014809e-05
1089.0 1.5971634821990155e-10
1090.0 1.5971634821990155e-10
1091.0 1.5971634821990155e-10
1092.0 1.5971634821990155e-10
1093.0 1.5971634821990155e-10
1094.0 0.0005744564532506047
1095.0 0.00028708720947179245
1096.0 1.5971634821990155e-10
1097.0 1.5971634821990155e-10
1098.0 1.5971634821990155e-10
1099.0 1.5971634821990155e-10
1100.0 0.00019458832412055926
