lsstCam/transmission_filter_detector/r12_s20/u_24/19700101T000000.ecsv
# %ECSV 1.0
# ---
# datatype:
# - {name: wavelength, unit: nm, datatype: float32}
# - {name: efficiency, unit: '%', datatype: float64}
# meta: !!omap
# - {MODE: DETECTOR}
# - {TYPE: transmission_filter_detector}
# - {CALIBDATE: '1970-01-01T00:00:00'}
# - {INSTRUME: LSSTCam}
# - {OBSTYPE: transmission_filter_detector}
# - {CALIBCLS: lsst.ip.isr.IntermediateFilterDetectorTransmissionCurve}
# - {SOURCE: Materion (DM-46256)}
# - {DETECTOR: 51}
# - {FILTER: u_24}
# - {CALIB_ID: 'calibDate=1970-01-01T00:00:00 filter=u_24 detector=51'}
# - {DATE: '2025-04-02T15:59:39.985714'}
# - {CALIB_CREATION_DATE: '2025-04-02'}
# - {CALIB_CREATION_TIME: '15:59:39'}
# - __serialized_columns__:
#     efficiency:
#       __class__: astropy.units.quantity.Quantity
#       unit: !astropy.units.Unit {unit: '%'}
#       value: !astropy.table.SerializedColumn {name: efficiency}
#     wavelength:
#       __class__: astropy.units.quantity.Quantity
#       unit: !astropy.units.Unit {unit: nm}
#       value: !astropy.table.SerializedColumn {name: wavelength}
# schema: astropy-2.0
wavelength efficiency
295.0 1.5721045342267925e-10
296.0 1.5721045342267925e-10
297.0 1.5721045342267925e-10
298.0 1.5721045342267925e-10
299.0 1.5721045342267925e-10
300.0 1.5721045342267925e-10
301.0 0.26896714698523283
302.0 1.5721045342267925e-10
303.0 1.5721045342267925e-10
304.0 0.09561527986079454
305.0 0.3924243152141571
306.0 1.447315327823162
307.0 2.6678474619984627
308.0 4.565000161528587
309.0 7.373735308647156
310.0 10.316779464483261
311.0 13.661004602909088
312.0 17.48812645673752
313.0 20.76241672039032
314.0 23.855330049991608
315.0 26.226073503494263
316.0 28.47362458705902
317.0 30.905303359031677
318.0 33.12126100063324
319.0 36.6181880235672
320.0 41.49861931800842
321.0 46.49827182292938
322.0 52.430057525634766
323.0 57.92185068130493
324.0 62.71557807922363
325.0 66.38181805610657
326.0 68.9706563949585
327.0 70.90135216712952
328.0 72.70339131355286
329.0 74.2182195186615
330.0 75.63897967338562
331.0 76.52503252029419
332.0 76.99843049049377
333.0 77.22934484481812
334.0 77.03371047973633
335.0 77.17967629432678
336.0 77.38378047943115
337.0 77.75745391845703
338.0 78.61067056655884
339.0 79.16946411132812
340.0 79.62669134140015
341.0 80.13134598731995
342.0 80.50297498703003
343.0 80.45921921730042
344.0 80.49865961074829
345.0 80.86028099060059
346.0 81.20134472846985
347.0 81.4368486404419
348.0 81.74725770950317
349.0 81.97709321975708
350.0 82.05407857894897
351.0 82.22727179527283
352.0 82.13053941726685
353.0 81.9872260093689
354.0 81.9425106048584
355.0 82.12035298347473
356.0 82.27826356887817
357.0 82.24494457244873
358.0 81.91126585006714
359.0 81.80791735649109
360.0 81.66047930717468
361.0 81.61475658416748
362.0 81.52437806129456
363.0 81.5948486328125
364.0 81.71302080154419
365.0 81.84102177619934
366.0 81.97258710861206
367.0 81.91718459129333
368.0 81.78025484085083
369.0 81.71114921569824
370.0 81.356281042099
371.0 81.15931749343872
372.0 81.14303350448608
373.0 81.21181130409241
374.0 81.21961951255798
375.0 81.50208592414856
376.0 81.58677220344543
377.0 81.60249590873718
378.0 81.66899085044861
379.0 81.38168454170227
380.0 80.7205080986023
381.0 79.49647307395935
382.0 77.87644863128662
383.0 75.90780258178711
384.0 73.85365962982178
385.0 71.50283455848694
386.0 69.1264808177948
387.0 66.02808833122253
388.0 62.89169788360596
389.0 59.103500843048096
390.0 55.33665418624878
391.0 51.23564600944519
392.0 46.79950475692749
393.0 43.0059939622879
394.0 39.782121777534485
395.0 36.593466997146606
396.0 33.33592116832733
397.0 29.211953282356262
398.0 24.265550076961517
399.0 18.094168603420258
400.0 11.942330002784729
401.0 7.012622803449631
402.0 3.344540297985077
403.0 1.2277099303901196
404.0 0.33246653620153666
405.0 0.1655801897868514
406.0 0.08027892909012735
407.0 0.01802666811272502
408.0 0.037971968413330615
409.0 1.5721045342267925e-10
410.0 1.5721045342267925e-10
411.0 1.5721045342267925e-10
412.0 0.0028066724553355016
413.0 1.5721045342267925e-10
414.0 1.5721045342267925e-10
415.0 1.5721045342267925e-10
416.0 1.5721045342267925e-10
417.0 1.5721045342267925e-10
418.0 1.5721045342267925e-10
419.0 1.5721045342267925e-10
420.0 1.5721045342267925e-10
421.0 1.5721045342267925e-10
422.0 1.5721045342267925e-10
423.0 1.5721045342267925e-10
424.0 1.5721045342267925e-10
425.0 1.5721045342267925e-10
426.0 1.5721045342267925e-10
427.0 1.5721045342267925e-10
428.0 1.5721045342267925e-10
429.0 0.0009357374437968247
430.0 0.0020254710761946626
431.0 0.0013433414096652996
432.0 0.0006612119250348769
433.0 0.0008044811693252996
434.0 0.0009477505955146626
435.0 0.001297265407629311
436.0 0.0016467807654407807
437.0 0.0002552721980464412
438.0 1.5721045342267925e-10
439.0 1.5721045342267925e-10
440.0 0.00047879079829726834
441.0 1.5721045342267925e-10
442.0 1.5721045342267925e-10
443.0 1.5721045342267925e-10
444.0 6.607855151941067e-07
445.0 1.5721045342267925e-10
446.0 1.5721045342267925e-10
447.0 1.5721045342267925e-10
448.0 0.0002491819714123267
449.0 0.0005289834916766267
450.0 0.0008087846254056785
451.0 1.5721045342267925e-10
452.0 1.5721045342267925e-10
453.0 1.5721045342267925e-10
454.0 1.5721045342267925e-10
455.0 1.5721045342267925e-10
456.0 1.5721045342267925e-10
457.0 1.5721045342267925e-10
458.0 1.5721045342267925e-10
459.0 1.5721045342267925e-10
460.0 1.5721045342267925e-10
461.0 1.5721045342267925e-10
462.0 1.5721045342267925e-10
463.0 1.5721045342267925e-10
464.0 4.5486788735615846e-05
465.0 0.00022740214262739755
466.0 0.0004093174993613502
467.0 1.5721045342267925e-10
468.0 1.5721045342267925e-10
469.0 1.5721045342267925e-10
470.0 0.0007406081294902833
471.0 1.5721045342267925e-10
472.0 1.5721045342267925e-10
473.0 1.5721045342267925e-10
474.0 1.5721045342267925e-10
475.0 1.5721045342267925e-10
476.0 0.00010758711823655176
477.0 0.00014229941598387086
478.0 0.00017701183878671145
479.0 0.00011076343753302353
480.0 4.451530628557521e-05
481.0 0.00017899548083732952
482.0 0.0003134756525469129
483.0 1.5721045342267925e-10
484.0 1.5721045342267925e-10
485.0 1.5721045342267925e-10
486.0 1.5721045342267925e-10
487.0 1.5721045342267925e-10
488.0 1.5721045342267925e-10
489.0 1.5721045342267925e-10
490.0 1.5721045342267925e-10
491.0 1.5721045342267925e-10
492.0 1.5721045342267925e-10
493.0 1.5721045342267925e-10
494.0 1.5721045342267925e-10
495.0 1.5721045342267925e-10
496.0 0.0006354708602884784
497.0 0.0003955140527978074
498.0 0.00015555683603452053
499.0 5.333684498509683e-05
500.0 1.5721045342267925e-10
501.0 1.5721045342267925e-10
502.0 1.5721045342267925e-10
503.0 1.5721045342267925e-10
504.0 1.5721045342267925e-10
505.0 1.5721045342267925e-10
506.0 1.5721045342267925e-10
507.0 1.5721045342267925e-10
508.0 1.5721045342267925e-10
509.0 1.5721045342267925e-10
510.0 1.5721045342267925e-10
511.0 1.5721045342267925e-10
512.0 0.0005422532922239043
513.0 0.0005641440566250822
514.0 0.0005860344572283793
515.0 0.0006117023986007553
516.0 0.0006373705218720715
517.0 1.5721045342267925e-10
518.0 1.5721045342267925e-10
519.0 1.5721045342267925e-10
520.0 9.118893444792775e-05
521.0 0.0004256035936123226
522.0 0.0007600180651934352
523.0 0.00028858082714577904
524.0 1.5721045342267925e-10
525.0 1.5721045342267925e-10
526.0 1.5721045342267925e-10
527.0 1.5721045342267925e-10
528.0 1.5721045342267925e-10
529.0 1.5721045342267925e-10
530.0 1.5721045342267925e-10
531.0 9.041146995514282e-05
532.0 0.0003839862984023057
533.0 1.5721045342267925e-10
534.0 1.5721045342267925e-10
535.0 1.5721045342267925e-10
536.0 0.00010365316711613559
537.0 1.5721045342267925e-10
538.0 1.5721045342267925e-10
539.0 1.5721045342267925e-10
540.0 1.5721045342267925e-10
541.0 1.5721045342267925e-10
542.0 1.5721045342267925e-10
543.0 1.5721045342267925e-10
544.0 1.5721045342267925e-10
545.0 1.5721045342267925e-10
546.0 1.5721045342267925e-10
547.0 1.5721045342267925e-10
548.0 0.00011913282378372969
549.0 1.5721045342267925e-10
550.0 1.5721045342267925e-10
551.0 1.5721045342267925e-10
552.0 1.5721045342267925e-10
553.0 1.5721045342267925e-10
554.0 3.0293480790533067e-05
555.0 1.5721045342267925e-10
556.0 1.5721045342267925e-10
557.0 1.5721045342267925e-10
558.0 1.5721045342267925e-10
559.0 1.5721045342267925e-10
560.0 0.0002928139565483434
561.0 0.00011724742989827064
562.0 1.5721045342267925e-10
563.0 1.5721045342267925e-10
564.0 1.5721045342267925e-10
565.0 1.5721045342267925e-10
566.0 1.5721045342267925e-10
567.0 1.5721045342267925e-10
568.0 7.099463346094126e-05
569.0 0.00022341293970384868
570.0 0.0003758311322599184
571.0 0.00038541884350706823
572.0 0.00039500673665315844
573.0 0.0004720584911410697
574.0 0.0005491105639521265
575.0 0.00036186327179166256
576.0 0.00017461611605540384
577.0 0.00031397687507705996
578.0 0.000453337588623981
579.0 0.0003932782874471741
580.0 0.00033321898627036717
581.0 0.0005233098818280268
582.0 0.0007134010502340971
583.0 0.0011289191206742544
584.0 0.001544437327538617
585.0 0.0012799014257325325
586.0 0.0010153652510780375
587.0 0.0013514393685909454
588.0 0.0016875135770533234
589.0 0.0013587645298684947
590.0 0.001030015482683666
591.0 0.0009568499081069604
592.0 0.0008836842425807845
593.0 0.0007314119102375116
594.0 0.0005791392595710931
595.0 0.0006738969659636496
596.0 0.0007686543540330604
597.0 0.0009004939784063026
598.0 0.0010323333299311344
599.0 0.0012317167602304835
600.0 0.001431099826731952
601.0 0.0015126838661672082
602.0 0.0015942679965519346
603.0 0.0016503563529113308
604.0 0.0017064450730686076
605.0 0.0017168867998407222
606.0 0.0017273285266128369
607.0 0.0016389105439884588
608.0 0.0015504927432630211
609.0 0.0009748499905981589
610.0 0.0003992071924585616
611.0 0.0005068584869150072
612.0 0.0006145098268461879
613.0 0.0004930413524562027
614.0 0.0003715728780662175
615.0 0.0006289049906627042
616.0 0.0008862371032591909
617.0 0.0007753009413136169
618.0 0.0006643649612669833
619.0 0.0005350074388843495
620.0 0.0004056501893501263
621.0 0.0005957456323812949
622.0 0.0007858409844629932
623.0 0.0005663977844960755
624.0 0.00034695444810495246
625.0 0.0005562353635468753
626.0 0.0007655162335140631
627.0 0.0006505064447992481
628.0 0.0005354967925086385
629.0 0.0004991803507436998
630.0 0.00046286404540296644
631.0 0.0010555975677561946
632.0 0.0016483310901094228
633.0 0.0015094879017851781
634.0 0.0013706448044104036
635.0 0.001894037086458411
636.0 0.002417429641354829
637.0 0.0024358954760828055
638.0 0.002454361310810782
639.0 0.002124836464645341
640.0 0.0017953114365809597
641.0 0.001569886808283627
642.0 0.0013444623618852347
643.0 0.0008468799933325499
644.0 0.0003492975110930274
645.0 0.0003160771257171291
646.0 0.0002828566493917606
647.0 7.87184546879871e-05
648.0 1.5721045342267925e-10
649.0 4.4887906369694974e-05
650.0 0.00021519542769965483
651.0 0.000488428167955135
652.0 0.0007616611583216581
653.0 0.0012025563592032995
654.0 0.0016434514691354707
655.0 0.0013046435014985036
656.0 0.0009658354429120664
657.0 0.0020178120394120924
658.0 0.0030697890906594694
659.0 0.003398962871870026
660.0 0.0037281366530805826
661.0 0.0038856189348734915
662.0 0.00404310085286852
663.0 0.0034222688555018976
664.0 0.002801436676236335
665.0 0.002568263516877778
666.0 0.00233509017562028
667.0 0.001947543933056295
668.0 0.001559997326694429
669.0 0.0011087854545621667
670.0 0.0006575735369551694
671.0 0.0005854599294252694
672.0 0.0005133461854711641
673.0 0.00031577858408127213
674.0 0.0001182108576358587
675.0 0.00031509009659203
676.0 0.0005119693923916202
677.0 0.001100249482988147
678.0 0.0016885300283320248
679.0 0.001838972639234271
680.0 0.0019894148863386363
681.0 0.0026946661819238216
682.0 0.003399917477509007
683.0 0.0047512174205621704
684.0 0.006102517363615334
685.0 0.006575377483386546
686.0 0.007048239785945043
687.0 0.007113643368938938
688.0 0.007179046951932833
689.0 0.006339937681332231
690.0 0.00550082913832739
691.0 0.004893714140052907
692.0 0.004286599141778424
693.0 0.003604808443924412
694.0 0.0029230177460704
695.0 0.0025110921342275105
696.0 0.0020991667042835616
697.0 0.0016318466805387288
698.0 0.0011645268386928365
699.0 0.0008957063982961699
700.0 0.000626885730525828
701.0 0.00046576706154155545
702.0 0.00030464850624412065
703.0 0.0004790437742485665
704.0 0.0006534392923640553
705.0 0.0006206233592820354
706.0 0.0005878075626242207
707.0 0.0007380133865808602
708.0 0.0008882188922143541
709.0 0.0007074059794831555
710.0 0.0005265929303277517
711.0 0.000746065643397742
712.0 0.0009655381290940568
713.0 0.0009281033271690831
714.0 0.0008906687071430497
715.0 0.0007991096026671585
716.0 0.0007075504981912673
717.0 0.0007297482625290286
718.0 0.0007519458904425846
719.0 0.0006206967100297334
720.0 0.0004894475750916172
721.0 0.0006105173270043451
722.0 0.0007315871698665433
723.0 0.0006131559075583937
724.0 0.0004947246452502441
725.0 0.0002592175178506295
726.0 2.3710251184638764e-05
727.0 0.00024104690510284854
728.0 0.00045838360165362246
729.0 0.0002372590188315371
730.0 1.613453122217834e-05
731.0 3.5615622095974686e-05
732.0 5.5096751339078764e-05
733.0 1.5721045342267925e-10
734.0 1.5721045342267925e-10
735.0 0.0002956602884296444
736.0 0.0006576220130227739
737.0 0.0005970958682155469
738.0 0.0005365696779335849
739.0 0.00032247146464214893
740.0 0.00010837318313861033
741.0 0.0006313894118648022
742.0 0.001154405799752567
743.0 0.0013978433344163932
744.0 0.001641280687181279
745.0 0.0019457307644188404
746.0 0.002250180477858521
747.0 0.0029474065740942024
748.0 0.0036446326703298837
749.0 0.0033784308470785618
750.0 0.0031122297514230013
751.0 0.003340498369652778
752.0 0.0035687669878825545
753.0 0.0030500681532430463
754.0 0.002531368772906717
755.0 0.002625363595143426
756.0 0.002719358781178016
757.0 0.002286662856931798
758.0 0.0018539665688876994
759.0 0.001419646832800936
760.0 0.0009853271876636427
761.0 0.0009835181117523462
762.0 0.0009817090358410496
763.0 0.0007931364052637946
764.0 0.0006045637292118045
765.0 0.0006815939286752837
766.0 0.0007586241281387629
767.0 0.0007205083420558367
768.0 0.0006823924650234403
769.0 0.0005754565790994093
770.0 0.0004685204203269677
771.0 0.00040944059946923517
772.0 0.0003503605739751947
773.0 0.0003994299731857609
774.0 0.0004484991677600192
775.0 0.00040049999370239675
776.0 0.0003525007059579366
777.0 0.00046490226850437466
778.0 0.0005773035809397697
779.0 0.0007609438853251049
780.0 0.0009445840078114998
781.0 0.0009508142284175847
782.0 0.0009570444490236696
783.0 0.0008595287908974569
784.0 0.0007620130418217741
785.0 0.0009036076335178223
786.0 0.00104520204331493
787.0 0.0010288897101418115
788.0 0.0010125772860192228
789.0 0.0009589675755705684
790.0 0.0009053578651219141
791.0 0.0008944018190959468
792.0 0.0008834455911710393
793.0 0.0004394219104142394
794.0 1.5721045342267925e-10
795.0 7.825655075066607e-05
796.0 0.00016111478089442244
797.0 0.0002660983000168926
798.0 0.00037108179640199523
799.0 0.00015884345430094982
800.0 1.5721045342267925e-10
801.0 1.5721045342267925e-10
802.0 1.5721045342267925e-10
803.0 6.360917268466437e-05
804.0 0.0002697000581974862
805.0 8.676159950482543e-05
806.0 1.5721045342267925e-10
807.0 1.5721045342267925e-10
808.0 1.5721045342267925e-10
809.0 8.874239370015857e-05
810.0 0.0005620480351353763
811.0 7.083964419507538e-05
812.0 1.5721045342267925e-10
813.0 1.5721045342267925e-10
814.0 0.0003562586243788246
815.0 0.0004495646408031462
816.0 0.0005428704753285274
817.0 0.0002247502607133356
818.0 1.5721045342267925e-10
819.0 1.5721045342267925e-10
820.0 1.5721045342267925e-10
821.0 1.5721045342267925e-10
822.0 1.5721045342267925e-10
823.0 1.5721045342267925e-10
824.0 1.1376175024224722e-05
825.0 1.5721045342267925e-10
826.0 1.5721045342267925e-10
827.0 4.177040580088942e-05
828.0 0.0005255627911537886
829.0 0.0004382952283776831
830.0 0.0003510280293994583
831.0 1.5721045342267925e-10
832.0 1.5721045342267925e-10
833.0 1.5721045342267925e-10
834.0 1.5721045342267925e-10
835.0 1.5721045342267925e-10
836.0 1.5721045342267925e-10
837.0 1.5721045342267925e-10
838.0 1.5721045342267925e-10
839.0 1.5721045342267925e-10
840.0 1.5721045342267925e-10
841.0 1.5721045342267925e-10
842.0 1.5721045342267925e-10
843.0 1.5721045342267925e-10
844.0 1.345268003660749e-05
845.0 8.521587346876913e-05
846.0 0.0001569789901623153
847.0 8.982158306025667e-05
848.0 2.2664143273232185e-05
849.0 0.00017881133089758805
850.0 0.00033495832667540526
851.0 0.00013382574479692266
852.0 1.5721045342267925e-10
853.0 1.5721045342267925e-10
854.0 1.5721045342267925e-10
855.0 1.5721045342267925e-10
856.0 1.5721045342267925e-10
857.0 0.00022419701508624712
858.0 0.0007016464223852381
859.0 0.000611070754530374
860.0 0.0005204950866755098
861.0 0.00057928641581384
862.0 0.0006380776994774351
863.0 0.0006955668595765019
864.0 0.0007530557468271581
865.0 0.0012711268936982378
866.0 0.0017891979950945824
867.0 0.0016436446458101273
868.0 0.0014980916603235528
869.0 0.0014679889318358619
870.0 0.0014378859304997604
871.0 0.0014435046068683732
872.0 0.0014491229194391053
873.0 0.0017151252905023284
874.0 0.001981127388717141
