lsstCam/transmission_filter_detector/r12_s20/u_24/19700101T000000.ecsv
# %ECSV 1.0
# ---
# datatype:
# - {name: wavelength, unit: nm, datatype: float32}
# - {name: efficiency, unit: '%', datatype: float64}
# meta: !!omap
# - {MODE: DETECTOR}
# - {TYPE: transmission_filter_detector}
# - {CALIBDATE: '1970-01-01T00:00:00'}
# - {INSTRUME: LSSTCam}
# - {OBSTYPE: transmission_filter_detector}
# - {CALIBCLS: lsst.ip.isr.IntermediateFilterDetectorTransmissionCurve}
# - {SOURCE: Materion (DM-46256)}
# - {DETECTOR: 51}
# - {FILTER: u_24}
# - {CALIB_ID: 'calibDate=1970-01-01T00:00:00 filter=u_24 detector=51'}
# - {DATE: '2025-04-02T15:59:39.985714'}
# - {CALIB_CREATION_DATE: '2025-04-02'}
# - {CALIB_CREATION_TIME: '15:59:39'}
# - __serialized_columns__:
#     efficiency:
#       __class__: astropy.units.quantity.Quantity
#       unit: !astropy.units.Unit {unit: '%'}
#       value: !astropy.table.SerializedColumn {name: efficiency}
#     wavelength:
#       __class__: astropy.units.quantity.Quantity
#       unit: !astropy.units.Unit {unit: nm}
#       value: !astropy.table.SerializedColumn {name: wavelength}
# schema: astropy-2.0
wavelength efficiency
[from data line 581]
876.0 0.002198417132603936
877.0 0.0022321972210193053
878.0 0.0022659778551314957
879.0 0.0023935506760608405
880.0 0.0025211240426870063
881.0 0.002595569458208047
882.0 0.0026700154194259085
883.0 0.002487457823008299
884.0 0.00230490059038857
885.0 0.002182350908697117
886.0 0.0020598014089046046
887.0 0.002021607360802591
888.0 0.001983413312700577
889.0 0.001958410575753078
890.0 0.0019334076569066383
891.0 0.0021502675735973753
892.0 0.002367127308389172
893.0 0.002440293064864818
894.0 0.002513458275643643
895.0 0.0028244039640412666
896.0 0.00313534947053995
897.0 0.0034798205888364464
898.0 0.003824291707132943
899.0 0.004016607272205874
900.0 0.004208922473480925
901.0 0.004225186421535909
902.0 0.004241450733388774
903.0 0.004532101229415275
904.0 0.004822752089239657
905.0 0.00491508690174669
906.0 0.005007422078051604
907.0 0.005424568371381611
908.0 0.005841714664711617
909.0 0.005580740253208205
910.0 0.005319766205502674
911.0 0.00541198969585821
912.0 0.005504213186213747
913.0 0.005354993845685385
914.0 0.005205773777561262
915.0 0.004871478449786082
916.0 0.004537183122010902
917.0 0.00413181223848369
918.0 0.0037264417187543586
919.0 0.004137673749937676
920.0 0.0045489054173231125
921.0 0.004545586489257403
922.0 0.004542267561191693
923.0 0.005211222742218524
924.0 0.005880176468053833
925.0 0.00616731122136116
926.0 0.006454445974668488
927.0 0.007014913717284799
928.0 0.007575378549518064
929.0 0.007625589205417782
930.0 0.007675800588913262
931.0 0.007479260966647416
932.0 0.007282719889190048
933.0 0.007157535583246499
934.0 0.007032351277302951
935.0 0.007372129039140418
936.0 0.007711906073382124
937.0 0.007390818791463971
938.0 0.007069734419928864
939.0 0.0069346548116300255
940.0 0.006799575203331187
941.0 0.0060237900470383465
942.0 0.005248004163149744
943.0 0.004157327930442989
944.0 0.003066652425331995
945.0 0.0024278700948343612
946.0 0.0017890881281346083
947.0 0.0016518106349394657
948.0 0.0015145329598453827
949.0 0.0014878070032864343
950.0 0.0014610809557780158
951.0 0.0014071651094127446
952.0 0.0013532494449464139
953.0 0.001422222612745827
954.0 0.0014911962352925912
955.0 0.002075532938761171
956.0 0.0026598696422297508
957.0 0.002716716880968306
958.0 0.0027735633921111003
959.0 0.002917027632065583
960.0 0.003060491508222185
961.0 0.003571106935851276
962.0 0.004081722363480367
963.0 0.004372454714030027
964.0 0.004663187064579688
965.0 0.004588780211634003
966.0 0.004514374086284079
967.0 0.004674307274399325
968.0 0.0048342408263124526
969.0 0.00482286122860387
970.0 0.004811481630895287
971.0 0.004793566768057644
972.0 0.0047756511776242405
973.0 0.004454937152331695
974.0 0.004134222763241269
975.0 0.003969811587012373
976.0 0.0038053996831877157
977.0 0.003381972055649385
978.0 0.0029585446100099944
979.0 0.002870707794500049
980.0 0.002782870978990104
981.0 0.0025804632969084196
982.0 0.002378055614826735
983.0 0.00268099938693922
984.0 0.0029839427952538244
985.0 0.003369740807102062
986.0 0.0037555393646471202
987.0 0.003914609987987205
988.0 0.0040736806113272905
989.0 0.004999732846044935
990.0 0.005925784353166819
991.0 0.006042048698873259
992.0 0.0061583130445797
993.0 0.006273767940001562
994.0 0.006389222835423425
995.0 0.00607938964094501
996.0 0.00576955389988143
997.0 0.00552291348867584
998.0 0.005276275987853296
999.0 0.005896619404666126
1000.0 0.006516961002489552
1001.0 0.006397036486305296
1002.0 0.006277110514929518
1003.0 0.0058344012359157205
1004.0 0.005391690865508281
1005.0 0.005458516534417868
1006.0 0.005525341839529574
1007.0 0.005445438000606373
1008.0 0.005365531978895888
1009.0 0.00470692066301126
1010.0 0.004048310074722394
1011.0 0.0037942805647617206
1012.0 0.003540252146194689
1013.0 0.0030071078072069213
1014.0 0.0024739638320170343
1015.0 0.0022485028239316307
1016.0 0.0020230416339472868
1017.0 0.0017427499187760986
1018.0 0.0014624577488575596
1019.0 0.0014225525774236303
1020.0 0.00138264695124235
1021.0 0.0011892555448866915
1022.0 0.000995864138531033
1023.0 0.0010792693501571193
1024.0 0.0011626745617832057
1025.0 0.0013079667951387819
1026.0 0.0014532592103932984
1027.0 0.0011963498764089309
1028.0 0.0009394405424245633
1029.0 0.0011394648936402518
1030.0 0.001339489608653821
1031.0 0.0016558569768676534
1032.0 0.0019722247088793665
1033.0 0.0019749964849324897
1034.0 0.0019777684428845532
1035.0 0.002075280099234078
1036.0 0.0021727913917857222
1037.0 0.002274702819704544
1038.0 0.0023766147933201864
1039.0 0.0020612649677786976
1040.0 0.0017459155060350895
1041.0 0.001543739199405536
1042.0 0.0013415632565738633
1043.0 0.001417763633071445
1044.0 0.0014939641914679669
1045.0 0.0013715964087168686
1046.0 0.0012492288988141809
1047.0 0.0019840323147946037
1048.0 0.0027188358217244968
1049.0 0.001980726119654719
1050.0 0.0012426158718881197
1051.0 0.001387995325785596
1052.0 0.0015333745977841318
1053.0 0.0015297449863282964
1054.0 0.0015261150110745803
1055.0 0.0011904714483534917
1056.0 0.0008548280675313435
1057.0 0.001521784179203678
1058.0 0.0021887404727749527
1059.0 0.0013888903595216107
1060.0 0.0005890403826924739
1061.0 0.0009737028449308127
1062.0 0.0013583651707449462
1063.0 0.0014104116417001933
1064.0 0.0014624579307565
1065.0 0.0011591511793085374
1066.0 0.000855844518810045
1067.0 0.0010505268619454
1068.0 0.0012452083865355235
1069.0 0.001625643199076876
1070.0 0.0020060775568708777
1071.0 0.0012489459550124593
1072.0 0.0004918145350529812
1073.0 0.0009364970537717454
1074.0 0.0013811794815410394
1075.0 0.0026197127226623707
1076.0 0.0038582453271374106
1077.0 0.004131945024710149
1078.0 0.004405645086080767
1079.0 0.0051618742872960865
1080.0 0.005918100941926241
1081.0 0.003995137012680061
1082.0 0.00207217235583812
1083.0 0.0017430918887839653
1084.0 0.0014140114217298105
1085.0 0.0025825049306149594
1086.0 0.0037509980757022277
1087.0 0.0035045406548306346
1088.0 0.003258082870161161
1089.0 0.005385069016483612
1090.0 0.007512055162806064
1091.0 0.005239417077973485
1092.0 0.0029667788112419657
1093.0 0.0020497282093856484
1094.0 0.0011326779713272117
1095.0 0.0010720501450123265
1096.0 0.0010114224096469115
1097.0 0.0025969537091441453
1098.0 0.0041824852814897895
1099.0 0.003004379141202662
1100.0 0.0018262735466123559
