lsstCam/transmission_sensor/r31_s22/19700101T000000.ecsv
# %ECSV 1.0
# ---
# datatype:
# - {name: amp_name, datatype: string}
# - {name: wavelength, unit: nm, datatype: float32}
# - {name: efficiency, unit: '%', datatype: float64}
# meta: !!omap
# - {MODE: AMP}
# - {TYPE: transmission_sensor}
# - {CALIBDATE: '1970-01-01T00:00:00'}
# - {INSTRUME: LSSTCam}
# - {OBSTYPE: transmission_sensor}
# - {DETECTOR: 134}
# - {PARQUETFILE: qe_raft_allvalues_nircorrected_20230725_adjust.parquet}
# - {CORRFILE: qe_corr_factor_bydetnum.parquet}
# - {CALIBCLS: lsst.ip.isr.IntermediateSensorTransmissionCurve}
# - {CALIB_ID: 'raftName=R31 detectorName=S22 detector=134 calibDate=1970-01-01T00:00:00 ccd=134 ccdnum=134 filter=None'}
# - {DATE: '2025-03-03T21:56:48.137852'}
# - {CALIB_CREATION_DATE: '2025-03-03'}
# - {CALIB_CREATION_TIME: '21:56:48'}
# - __serialized_columns__:
#     efficiency:
#       __class__: astropy.units.quantity.Quantity
#       unit: !astropy.units.Unit {unit: '%'}
#       value: !astropy.table.SerializedColumn {name: efficiency}
#     wavelength:
#       __class__: astropy.units.quantity.Quantity
#       unit: !astropy.units.Unit {unit: nm}
#       value: !astropy.table.SerializedColumn {name: wavelength}
# schema: astropy-2.0
amp_name wavelength efficiency
C00 319.994 39.08697761868015
C00 324.969 44.14733663631437
C00 349.982 66.1009704916333
C00 374.975 72.24993079911549
C00 400.019 81.57089202966037
C00 424.965 84.22377866069435
C00 450.035 86.40365200292052
C00 475.003 89.37140029156811
C00 500.018 91.34990420892886
C00 525.002 93.39058681644681
C00 550.029 96.15170761649757
C00 575.023 97.30279867963836
C00 599.982 97.74455190701266
C00 619.997 97.89464572625484
C00 624.979 98.94461959553047
C00 650.012 98.51606843293634
C00 675.004 99.0223220928947
C00 700.03 98.00326685234276
C00 725.012 98.21820253687883
C00 750.022 98.11188039103712
C00 774.987 97.7767376304595
C00 799.976 96.86002874152811
C00 824.988 95.13555076028243
C00 850.022 93.38840164710389
C00 869.967 90.17759120602362
C00 875.002 89.29407716388147
C00 899.999 82.57882415126534
C00 919.999 73.11877082212843
C00 925.012 70.77552572194438
C00 949.965 57.2684818642581
C00 975.002 42.73717022664977
C00 999.976 26.61464938183678
C00 1025.028 11.873092017331603
C00 1050.014 4.273765866510967
C00 1075.002 0.9347084145780025
C00 1099.99 0.09274091019545594
C01 319.994 39.11967169749496
C01 324.969 44.18537603388644
C01 349.982 66.2780906067071
C01 374.975 72.45545052825375
C01 400.019 81.52918412730598
C01 424.965 84.04150670539889
C01 450.035 86.14182622623417
C01 475.003 89.05147784245544
C01 500.018 90.9983726782793
C01 525.002 93.01145234805571
C01 550.029 95.75484899676941
C01 575.023 96.89878514779082
C01 599.982 97.33819387055762
C01 619.997 97.4959737194678
C01 624.979 98.54147102654784
C01 650.012 98.12251032940323
C01 675.004 98.63437866058993
C01 700.03 97.64081706237212
C01 725.012 97.89724820224312
C01 750.022 97.84605605794896
C01 774.987 97.5635394590468
C01 799.976 96.67460043051507
C01 824.988 94.95737599750494
C01 850.022 93.24490886025178
C01 869.967 90.05647364275585
C01 875.002 89.17250435700059
C01 899.999 82.44189445983557
C01 919.999 72.98921607723103
C01 925.012 70.6501895678618
C01 949.965 57.23315495988081
C01 975.002 42.758263180723844
C01 999.976 26.603852520812534
C01 1025.028 11.825438443705176
C01 1050.014 4.24418499011289
C01 1075.002 0.9321752929809344
C01 1099.99 0.09248957619772584
C02 319.994 39.41229091091139
C02 324.969 44.51675544726236
C02 349.982 66.77486002472567
C02 374.975 72.91838775842476
C02 400.019 81.90048081815806
C02 424.965 84.36106495962106
C02 450.035 86.43445682074092
C02 475.003 89.3347987050741
C02 500.018 91.27652652588917
C02 525.002 93.28641949037382
C02 550.029 96.03345050059883
C02 575.023 97.17928350000821
C02 599.982 97.61582418801241
C02 619.997 97.7703262829082
C02 624.979 98.8202242782483
C02 650.012 98.39712845161795
C02 675.004 98.91511222200742
C02 700.03 97.92846273931532
C02 725.012 98.2243331508687
C02 750.022 98.22484150623667
C02 774.987 97.99237894259589
C02 799.976 97.12204420305325
C02 824.988 95.40128404464795
C02 850.022 93.7022541813751
C02 869.967 90.50371255566812
C02 875.002 89.61082808248946
C02 899.999 82.82270574220162
C02 919.999 73.28074649967276
C02 925.012 70.92647691665792
C02 949.965 57.54068719532334
C02 975.002 43.023632270198895
C02 999.976 26.766158249976378
C02 1025.028 11.904886041586327
C02 1050.014 4.259850112524825
C02 1075.002 0.935783237629169
C02 1099.99 0.09284755315117305
C03 319.994 39.440800542182366
C03 324.969 44.54910429967056
C03 349.982 66.75058795275339
C03 374.975 72.79751299175064
C03 400.019 81.68744956940348
C03 424.965 84.1158100504519
C03 450.035 86.17596190982383
C03 475.003 89.0589969494653
C03 500.018 90.98979133617217
C03 525.002 92.98798453979992
C03 550.029 95.72015184605692
C03 575.023 96.85353393264775
C03 599.982 97.28293488331968
C03 619.997 97.4331804504329
C03 624.979 98.4801345370749
C03 650.012 98.05093085863531
C03 675.004 98.56307233598989
C03 700.03 97.58973872898123
C03 725.012 97.92012419380187
C03 750.022 97.97309178818715
C03 774.987 97.78776970068385
C03 799.976 96.94112280381
C03 824.988 95.21642478815131
C03 850.022 93.54374594268393
C03 869.967 90.38735228815735
C03 875.002 89.48463455293552
C03 899.999 82.61525122770765
C03 919.999 73.08406608402238
C03 925.012 70.7780902609649
C03 949.965 57.55460626879417
C03 975.002 43.01110548344483
C03 999.976 26.74064374230998
C03 1025.028 11.823797669849595
C03 1050.014 4.24399293421361
C03 1075.002 0.9333848299448114
C03 1099.99 0.09260958534410295
C04 319.994 39.75159156315541
C04 324.969 44.897635016170376
C04 349.982 67.2362646013992
C04 374.975 73.21324145924218
C04 400.019 81.99061146616017
C04 424.965 84.36842473136633
C04 450.035 86.40076120597728
C04 475.003 89.27589776893129
C04 500.018 91.19893025203466
C04 525.002 93.19582601136504
C04 550.029 95.92263661777444
C04 575.023 97.05413703076442
C04 599.982 97.47959253678941
C04 619.997 97.62619615499776
C04 624.979 98.67065398916121
C04 650.012 98.23834706675892
C04 675.004 98.74857652093844
C04 700.03 97.78491684070836
C04 725.012 98.15161557106802
C04 750.022 98.24859004805388
C04 774.987 98.11045396104937
C04 799.976 97.27898185127918
C04 824.988 95.54659021855895
C04 850.022 93.87897216459062
C04 869.967 90.70890602688365
C04 875.002 89.80501983305484
C04 899.999 82.8833593662549
C04 919.999 73.26821212552515
C04 925.012 70.93335868260942
C04 949.965 57.761795224513826
C04 975.002 43.16775481071579
C04 999.976 26.82712675086206
C04 1025.028 11.849659300770988
C04 1050.014 4.2501771341704435
C04 1075.002 0.9360094878129217
C04 1099.99 0.09287000148655322
C05 319.994 39.93053265268163
C05 324.969 45.100169105945994
C05 349.982 67.49580657262645
C05 374.975 73.40285042410227
C05 400.019 82.08949796632109
C05 424.965 84.4257095526826
C05 450.035 86.44220354955733
C05 475.003 89.30738545217136
C05 500.018 91.22136617476741
C05 525.002 93.21213132010791
C05 550.029 95.93603595478697
C05 575.023 97.06321914084596
C05 599.982 97.48112519028687
C05 619.997 97.62430689400335
C05 624.979 98.66903787433466
C05 650.012 98.23221645276905
C05 675.004 98.74171751716759
C05 700.03 97.78488649113416
C05 725.012 98.17764791834433
C05 750.022 98.30925884689427
C05 774.987 98.20101709048394
C05 799.976 97.38256494804868
C05 824.988 95.64300322842197
C05 850.022 93.98294980582482
C05 869.967 90.8201675659276
C05 875.002 89.92125111487525
C05 899.999 82.99162388484588
C05 919.999 73.31158166706737
C05 925.012 70.96562027999178
C05 949.965 57.81354504223404
C05 975.002 43.25090505665023
C05 999.976 26.84322909682742
C05 1025.028 11.857675382058488
C05 1050.014 4.257178401570389
C05 1075.002 0.9365874760359125
C05 1099.99 0.0929273489470515
C06 319.994 40.06857389726674
C06 324.969 45.25325994564115
C06 349.982 67.63648443647082
C06 374.975 73.4699381578875
C06 400.019 82.15258714370451
C06 424.965 84.48822208815608
C06 450.035 86.5086387674971
C06 475.003 89.37706048715776
C06 500.018 91.29334019000001
C06 525.002 93.28144216020382
C06 550.029 96.00615105859937
C06 575.023 97.12274983065356
C06 599.982 97.53977574244247
C06 619.997 97.67651574903346
C06 624.979 98.71839386938927
C06 650.012 98.2730138678972
C06 675.004 98.77944962530081
C06 700.03 97.81996301152424
C06 725.012 98.20982605439761
C06 750.022 98.34295446165792
C06 774.987 98.23313452738881
C06 799.976 97.41457616144383
C06 824.988 95.6772223733407
C06 850.022 94.03548491877766
C06 869.967 90.89437227486444
C06 875.002 90.00269419726052
C06 899.999 83.06954641662311
C06 919.999 73.44494528352779
C06 925.012 71.10742107808183
C06 949.965 57.97811560837311
C06 975.002 43.45517286585244
C06 999.976 26.92653678117806
C06 1025.028 11.86528364094258
C06 1050.014 4.275482514302068
C06 1075.002 0.9369084924780279
C06 1099.99 0.09295919990352644
C07 319.994 40.038000494949664
C07 324.969 45.21659765999873
C07 349.982 67.49682328336239
C07 374.975 73.28371317055154
C07 400.019 82.01200791597631
C07 424.965 84.38332637230211
C07 450.035 86.42430488816858
C07 475.003 89.30347035709862
C07 500.018 91.22636626711805
C07 525.002 93.21659270751638
C07 550.029 95.93651396058073
C07 575.023 97.05193668663439
C07 599.982 97.46242226518163
C07 619.997 97.59671913104891
C07 624.979 98.63471250590621
C07 650.012 98.1856222689673
C07 675.004 98.6851762604194
C07 700.03 97.71005202853252
C07 725.012 98.05968671079413
C07 750.022 98.13768511650687
C07 774.987 97.97263654457404
C07 799.976 97.13508693256884
C07 824.988 95.42262738270924
C07 850.022 93.78422838130899
C07 869.967 90.63009577006086
C07 875.002 89.74665760185422
C07 899.999 83.01126764675155
C07 919.999 73.39347240567221
C07 925.012 71.07080431680072
C07 949.965 57.84055236958176
C07 975.002 43.360614973712835
C07 999.976 26.8535479520579
C07 1025.028 11.95403622859085
C07 1050.014 4.3159664752341165
C07 1075.002 0.9349529022090811
C07 1099.99 0.09276516803360539
C10 319.994 37.92296901801738
C10 324.969 42.82083641534574
C10 349.982 63.93607466427844
C10 374.975 70.15300284319787
C10 400.019 80.28085302840502
C10 424.965 83.36943814675895
C10 450.035 85.7836329640461
C10 475.003 88.88315910390178
C10 500.018 90.95385744031074
C10 525.002 93.0457246047293
C10 550.029 95.83710393026473
C10 575.023 97.00818777541457
C10 599.982 97.46530547473132
C10 619.997 97.62215966162819
C10 624.979 98.67249013840075
C10 650.012 98.25139738366806
C10 675.004 98.77916889173939
C10 700.03 97.83901495673287
C10 725.012 98.29959250750925
C10 750.022 98.50002109557423
C10 774.987 98.48021799840397
C10 799.976 97.69451304653838
C10 824.988 95.94750809383733
C10 850.022 94.33690171501742
C10 869.967 91.18661591230006
C10 875.002 90.21977711417176
C10 899.999 83.33330697866518
C10 919.999 73.65415248593224
C10 925.012 71.30658257142365
C10 949.965 57.95132831543839
C10 975.002 43.31881222893906
C10 999.976 26.980437624970218
C10 1025.028 12.01322358884024
C10 1050.014 4.3218884359013146
C10 1075.002 0.9384048576904409
C10 1099.99 0.0931076678852196
C11 319.994 38.25328998999282
C11 324.969 43.198115766013416
C11 349.982 64.60034338234709
C11 374.975 70.85551961216126
C11 400.019 80.733683850365
C11 424.965 83.67137088576024
C11 450.035 86.00159601860936
C11 475.003 89.04896641518978
C11 500.018 91.08875371026862
C11 525.002 93.1601424994908
C11 550.029 95.94272803589968
C11 575.023 97.1122412905843
C11 599.982 97.56467756807956
C11 619.997 97.72851974443765
C11 624.979 98.7789792069006
C11 650.012 98.36224920346021
C11 675.004 98.89616650030852
C11 700.03 97.97275794287087
C11 725.012 98.46241038573784
C11 750.022 98.70757424618438
C11 774.987 98.72162609904235
C11 799.976 97.9564829837022
C11 824.988 96.20497111923137
C11 850.022 94.60148930295662
C11 869.967 91.43112725690114
C11 875.002 90.5235763519868
C11 899.999 83.51680809171604
C11 919.999 73.72633894818429
C11 925.012 71.38470237543324
C11 949.965 58.26929701071146
C11 975.002 43.68932741825529
C11 999.976 27.13247571381006
C11 1025.028 11.977360824793351
C11 1050.014 4.303693866164041
C11 1075.002 0.9403819833147593
C11 1099.99 0.09330383647331648
C12 319.994 38.429909337092184
C12 324.969 43.396567838058154
C12 349.982 64.8844153969274
C12 374.975 71.0699090043616
C12 400.019 80.78092296261865
C12 424.965 83.6397542168298
C12 450.035 85.92662498292378
C12 475.003 88.9500875024224
C12 500.018 90.97087596404748
C12 525.002 93.02913097503146
C12 550.029 95.79972842962844
C12 575.023 96.96056929348333
C12 599.982 97.41182193758452
C12 619.997 97.5658232645059
C12 624.979 98.61414308198722
C12 650.012 98.1946133303262
C12 675.004 98.72736216856754
C12 700.03 97.8147732343348
C12 725.012 98.328986070129
C12 750.022 98.61317948300614
C12 774.987 98.66335491656434
C12 799.976 97.90824992289326
C12 824.988 96.1559565568866
C12 850.022 94.56597271374054
C12 869.967 91.39444979647162
C12 875.002 90.49749089295562
C12 899.999 83.49603380817115
C12 919.999 73.70133089903747
C12 925.012 71.25743902338849
C12 949.965 58.141881910795675
C12 975.002 43.74695367228139
C12 999.976 27.16605182712527
C12 1025.028 11.986254198460282
C12 1050.014 4.291215923255969
C12 1075.002 0.9394821972981188
C12 1099.99 0.09321456053136183
C13 319.994 38.59415743900529
C13 324.969 43.5804027964253
C13 349.982 65.14082377461773
C13 374.975 71.29474623748281
C13 400.019 80.92800458662076
C13 424.965 83.74722964649138
C13 450.035 86.01484360775085
C13 475.003 89.02545308257268
C13 500.018 91.04121868966645
C13 525.002 93.0939804277189
C13 550.029 95.86271897089568
C13 575.023 97.01519852705646
C13 599.982 97.46273334831726
C13 619.997 97.61644635428365
C13 624.979 98.66557802287504
C13 650.012 98.23830912979116
C13 675.004 98.7717635956328
C13 700.03 97.86617782564839
C13 725.012 98.4127433075476
C13 750.022 98.73168698289207
C13 774.987 98.81987525814493
C13 799.976 98.07782058138298
C13 824.988 96.32344068214955
C13 850.022 94.74747834228728
C13 869.967 91.5759630124119
C13 875.002 90.64956502191484
C13 899.999 83.58785644493531
C13 919.999 73.74893420618163
C13 925.012 71.39257050254648
C13 949.965 58.31931690270186
C13 975.002 43.79834688250467
C13 999.976 27.201134038060516
C13 1025.028 12.007857404750714
C13 1050.014 4.298185418445416
C13 1075.002 0.9406107696150582
C13 1099.99 0.09332653643985048
C14 319.994 38.78383089671057
C14 324.969 43.79423830889636
C14 349.982 65.43108710233632
C14 374.975 71.51722379120939
C14 400.019 81.01895467312647
C14 424.965 83.77186591335416
C14 450.035 86.00654299920515
C14 475.003 88.99637060308854
C14 500.018 90.99304632800592
C14 525.002 93.03916909670053
C14 550.029 95.79564641189756
C14 575.023 96.94743551524512
C14 599.982 97.38600203732766
C14 619.997 97.53560267598897
C14 624.979 98.58512130165148
C14 650.012 98.15729852883834
C14 675.004 98.68405332617372
C14 700.03 97.78961343731694
C14 725.012 98.36051169033684
C14 750.022 98.71545754808473
C14 774.987 98.83045967214971
C14 799.976 98.10387569083994
C14 824.988 96.34587660488229
C14 850.022 94.78699348790518
C14 869.967 91.6299852545009
C14 875.002 90.71812471004912
C14 899.999 83.58997332773627
C14 919.999 73.73561074310462
C14 925.012 71.3471447773517
C14 949.965 58.34929848832189
C14 975.002 43.876322526036766
C14 999.976 27.23680996254119
C14 1025.028 11.9834165132719
C14 1050.014 4.301010774119277
C14 1075.002 0.9404558547225461
C14 1099.99 0.09331116592653281
C15 319.994 38.967574806355096
C15 324.969 44.00044469715106
C15 349.982 65.70043957342607
C15 374.975 71.71045953018725
C15 400.019 81.08759782258983
C15 424.965 83.78464308409542
C15 450.035 85.99082950715932
C15 475.003 88.96726536142374
C15 500.018 90.95516247200166
C15 525.002 92.99037456876874
C15 550.029 95.73880924680086
C15 575.023 96.88257847516412
C15 599.982 97.31888395396822
C15 619.997 97.46568484440891
C15 624.979 98.51011232899816
C15 650.012 98.07835928632515
C15 675.004 98.6049168114282
C15 700.03 97.71606124422556
C15 725.012 98.30601144245409
C15 750.022 98.68039620248175
C15 774.987 98.81375981894216
C15 799.976 98.09615931159773
C15 824.988 96.33875204233713
C15 850.022 94.78770670289904
C15 869.967 91.64778527977347
C15 875.002 90.74229055851168
C15 899.999 83.60281878501951
C15 919.999 73.73423742487174
C15 925.012 71.37804823128829
C15 949.965 58.42350319725873
C15 975.002 43.98664702197706
C15 999.976 27.254344429039456
C15 1025.028 11.978100595664653
C15 1050.014 4.320089749417435
C15 1075.002 0.9401216347767746
C15 1099.99 0.09327800493055492
C16 319.994 38.96117104619736
C16 324.969 43.9948945187679
C16 349.982 65.6495812744482
C16 374.975 71.63981330882622
C16 400.019 81.02744496651097
C16 424.965 83.72901231457345
C16 450.035 85.9381198841548
C16 475.003 88.91347832853486
C16 500.018 90.8999869460928
C16 525.002 92.93268761559423
C16 550.029 95.6788915999221
C16 575.023 96.8181842660898
C16 599.982 97.24748658064556
C16 619.997 97.3922009378595
C16 624.979 98.43512611852547
C16 650.012 97.99966284040563
C16 675.004 98.5208940152353
C16 700.03 97.63298687222664
C16 725.012 98.21359698899288
C16 750.022 98.58022743281056
C16 774.987 98.7001841248649
C16 799.976 97.97895684340271
C16 824.988 96.23187601676614
C16 850.022 94.69154407702322
C16 869.967 91.56275336023818
C16 875.002 90.65555906282077
C16 899.999 83.54668724752312
C16 919.999 73.67366726214753
C16 925.012 71.31586195373754
C16 949.965 58.429079931519325
C16 975.002 43.952522719477734
C16 999.976 27.259646120283794
C16 1025.028 11.979153346519968
C16 1050.014 4.3333482454371515
C16 1075.002 0.9391674649249343
C16 1099.99 0.09318333307443315
C17 319.994 38.95435377309104
C17 324.969 43.98375622503382
C17 349.982 65.5140249012513
C17 374.975 71.45516649934902
C17 400.019 80.92779213960131
C17 424.965 83.67995222786736
C17 450.035 85.91777808204236
C17 475.003 88.91105794999183
C17 500.018 90.905654729076
C17 525.002 92.94579104425823
C17 550.029 95.69028786503694
C17 575.023 96.82600686884173
C17 599.982 97.24813150909746
C17 619.997 97.385319171908
C17 624.979 98.42972389431658
C17 650.012 97.98561098754766
C17 675.004 98.49875400085108
C17 700.03 97.59058092966549
C17 725.012 98.13271537373042
C17 750.022 98.44531598806557
C17 774.987 98.50754020258408
C17 799.976 97.76492405869931
C17 824.988 96.03378434591512
C17 850.022 94.48971182115116
C17 869.967 91.39529958454942
C17 875.002 90.49390205580562
C17 899.999 83.47997129602193
C17 919.999 73.62808978908173
C17 925.012 71.27169573587237
C17 949.965 58.43332128451479
C17 975.002 43.909737407239
C17 999.976 27.263255822766073
C17 1025.028 12.023759633211142
C17 1050.014 4.36755126714458
C17 1075.002 0.9378828148974033
C17 1099.99 0.09305587127888526
