lsstCam/transmission_sensor/r31_s22/19700101T000000.ecsv
# %ECSV 1.0
# ---
# datatype:
# - {name: amp_name, datatype: string}
# - {name: wavelength, unit: nm, datatype: float32}
# - {name: efficiency, unit: '%', datatype: float64}
# meta: !!omap
# - {MODE: AMP}
# - {TYPE: transmission_sensor}
# - {CALIBDATE: '1970-01-01T00:00:00'}
# - {INSTRUME: LSSTCAM}
# - {OBSTYPE: transmission_sensor}
# - {DETECTOR: 134}
# - {PARQUETFILE: qe_raft_allvalues_nircorrected_20230725.parquet}
# - {CALIBCLS: lsst.ip.isr.IntermediateSensorTransmissionCurve}
# - {CALIB_ID: 'raftName=R31 detectorName=S22 detector=134 calibDate=1970-01-01T00:00:00 ccd=134 ccdnum=134 filter=None'}
# - {DATE: '2023-08-02T16:57:55.966609'}
# - {CALIB_CREATION_DATE: '2023-08-02'}
# - {CALIB_CREATION_TIME: '16:57:55'}
# - __serialized_columns__:
#     efficiency:
#       __class__: astropy.units.quantity.Quantity
#       unit: !astropy.units.Unit {unit: '%'}
#       value: !astropy.table.SerializedColumn {name: efficiency}
#     wavelength:
#       __class__: astropy.units.quantity.Quantity
#       unit: !astropy.units.Unit {unit: nm}
#       value: !astropy.table.SerializedColumn {name: wavelength}
# schema: astropy-2.0
amp_name wavelength efficiency
C00 319.994 39.303348541259766
C00 324.969 44.391719818115234
C00 349.982 66.46688079833984
C00 374.975 72.6498794555664
C00 400.019 82.0224380493164
C00 424.965 84.69001007080078
C00 450.035 86.88195037841797
C00 475.003 89.86612701416016
C00 500.018 91.85558319091797
C00 525.002 93.90756225585938
C00 550.029 96.68396759033203
C00 575.023 97.8414306640625
C00 599.982 98.28562927246094
C00 619.997 98.43655395507812
C00 624.979 99.49234008789062
C00 650.012 99.06141662597656
C00 675.004 99.57047271728516
C00 700.03 98.5457763671875
C00 725.012 98.76190185546875
C00 750.022 98.65499114990234
C00 774.987 98.3179931640625
C00 799.976 97.39620971679688
C00 824.988 95.66218566894531
C00 850.022 93.90536499023438
C00 869.967 90.6767807006836
C00 875.002 89.78837585449219
C00 899.999 83.03594970703125
C00 919.999 73.52352905273438
C00 925.012 71.16731262207031
C00 949.965 57.58549880981445
C00 975.002 42.97374725341797
C00 999.976 26.761978149414062
C00 1025.028 11.938817024230957
C00 1050.014 4.297423839569092
C00 1075.002 0.9398826115695988
C00 1099.99 0.09325428926752505
C01 319.994 39.33622360229492
C01 324.969 44.429969787597656
C01 349.982 66.64498138427734
C01 374.975 72.85653686523438
C01 400.019 81.98049926757812
C01 424.965 84.50672912597656
C01 450.035 86.6186752319336
C01 475.003 89.54443359375
C01 500.018 91.50210571289062
C01 525.002 93.52632904052734
C01 550.029 96.284912109375
C01 575.023 97.4351806640625
C01 599.982 97.87702178955078
C01 619.997 98.03567504882812
C01 624.979 99.08695983886719
C01 650.012 98.66567993164062
C01 675.004 99.18038177490234
C01 700.03 98.18132019042969
C01 725.012 98.43917083740234
C01 750.022 98.3876953125
C01 774.987 98.1036148071289
C01 799.976 97.20975494384766
C01 824.988 95.48302459716797
C01 850.022 93.76107788085938
C01 869.967 90.55499267578125
C01 875.002 89.66613006591797
C01 899.999 82.89826202392578
C01 919.999 73.39325714111328
C01 925.012 71.0412826538086
C01 949.965 57.54997634887695
C01 975.002 42.994956970214844
C01 999.976 26.751121520996094
C01 1025.028 11.890899658203125
C01 1050.014 4.267679214477539
C01 1075.002 0.9373354675566175
C01 1099.99 0.09300156397857015
C02 319.994 39.630462646484375
C02 324.969 44.76318359375
C02 349.982 67.14450073242188
C02 374.975 73.32203674316406
C02 400.019 82.35385131835938
C02 424.965 84.82805633544922
C02 450.035 86.91292572021484
C02 475.003 89.8293228149414
C02 500.018 91.78179931640625
C02 525.002 93.80281829833984
C02 550.029 96.56505584716797
C02 575.023 97.71723175048828
C02 599.982 98.15618896484375
C02 619.997 98.3115463256836
C02 624.979 99.36725616455078
C02 650.012 98.94181823730469
C02 675.004 99.4626693725586
C02 700.03 98.4705581665039
C02 725.012 98.76806640625
C02 750.022 98.7685775756836
C02 774.987 98.53482818603516
C02 799.976 97.65967559814453
C02 824.988 95.92938995361328
C02 850.022 94.22095489501953
C02 869.967 91.00470733642578
C02 875.002 90.10688018798828
C02 899.999 83.28118133544922
C02 919.999 73.6864013671875
C02 925.012 71.31909942626953
C02 949.965 57.85921096801758
C02 975.002 43.26179504394531
C02 999.976 26.914325714111328
C02 1025.028 11.970787048339844
C02 1050.014 4.283431053161621
C02 1075.002 0.9409633844401006
C02 1099.99 0.09336152255885061
C03 319.994 39.65913009643555
C03 324.969 44.795711517333984
C03 349.982 67.1200942993164
C03 374.975 73.20049285888672
C03 400.019 82.13964080810547
C03 424.965 84.5814437866211
C03 450.035 86.65299987792969
C03 475.003 89.55199432373047
C03 500.018 91.49347686767578
C03 525.002 93.50273132324219
C03 550.029 96.2500228881836
C03 575.023 97.38967895507812
C03 599.982 97.82145690917969
C03 619.997 97.9725341796875
C03 624.979 99.02528381347656
C03 650.012 98.59370422363281
C03 675.004 99.10868072509766
C03 700.03 98.12995910644531
C03 725.012 98.46217346191406
C03 750.022 98.51543426513672
C03 774.987 98.32908630371094
C03 799.976 97.47775268554688
C03 824.988 95.7435073852539
C03 850.022 94.06156921386719
C03 869.967 90.88770294189453
C03 875.002 89.97998809814453
C03 899.999 83.07257843017578
C03 919.999 73.48863220214844
C03 925.012 71.16989135742188
C03 949.965 57.873207092285156
C03 975.002 43.24919891357422
C03 999.976 26.888669967651367
C03 1025.028 11.889249801635742
C03 1050.014 4.267486095428467
C03 1075.002 0.9385517000657813
C03 1099.99 0.09312223745079955
C04 319.994 39.971641540527344
C04 324.969 45.14617156982422
C04 349.982 67.60845947265625
C04 374.975 73.61852264404297
C04 400.019 82.4444808959961
C04 424.965 84.83545684814453
C04 450.035 86.87904357910156
C04 475.003 89.77009582519531
C04 500.018 91.70377349853516
C04 525.002 93.71172332763672
C04 550.029 96.45362854003906
C04 575.023 97.59139251708984
C04 599.982 98.01920318603516
C04 619.997 98.16661834716797
C04 624.979 99.21685791015625
C04 650.012 98.78215789794922
C04 675.004 99.29521179199219
C04 700.03 98.32621765136719
C04 725.012 98.6949462890625
C04 750.022 98.7924575805664
C04 774.987 98.65355682373047
C04 799.976 97.8174819946289
C04 824.988 96.07550048828125
C04 850.022 94.39865112304688
C04 869.967 91.2110366821289
C04 875.002 90.3021469116211
C04 899.999 83.34217071533203
C04 919.999 73.67379760742188
C04 925.012 71.32601928710938
C04 949.965 58.08154296875
C04 975.002 43.406715393066406
C04 999.976 26.975631713867188
C04 1025.028 11.915254592895508
C04 1050.014 4.273704528808594
C04 1075.002 0.9411908870604441
C04 1099.99 0.09338409515983873
C05 319.994 40.151573181152344
C05 324.969 45.34982681274414
C05 349.982 67.86943817138672
C05 374.975 73.8091812133789
C05 400.019 82.54391479492188
C05 424.965 84.89305877685547
C05 450.035 86.92071533203125
C05 475.003 89.8017578125
C05 500.018 91.72633361816406
C05 525.002 93.72811889648438
C05 550.029 96.46710205078125
C05 575.023 97.60052490234375
C05 599.982 98.02074432373047
C05 619.997 98.16471862792969
C05 624.979 99.2152328491211
C05 650.012 98.77599334716797
C05 675.004 99.28831481933594
C05 700.03 98.32618713378906
C05 725.012 98.72112274169922
C05 750.022 98.85346221923828
C05 774.987 98.74462127685547
C05 799.976 97.92163848876953
C05 824.988 96.17244720458984
C05 850.022 94.50320434570312
C05 869.967 91.32291412353516
C05 875.002 90.41902160644531
C05 899.999 83.45103454589844
C05 919.999 73.7174072265625
C05 925.012 71.35845947265625
C05 949.965 58.13357925415039
C05 975.002 43.490325927734375
C05 999.976 26.991823196411133
C05 1025.028 11.923315048217773
C05 1050.014 4.280744552612305
C05 1075.002 0.941772074810558
C05 1099.99 0.09344176007447881
C06 319.994 40.29037857055664
C06 324.969 45.50376510620117
C06 349.982 68.01089477539062
C06 374.975 73.87664031982422
C06 400.019 82.60735321044922
C06 424.965 84.95591735839844
C06 450.035 86.98751831054688
C06 475.003 89.87181854248047
C06 500.018 91.7987060546875
C06 525.002 93.79781341552734
C06 550.029 96.53760528564453
C06 575.023 97.66038513183594
C06 599.982 98.07971954345703
C06 619.997 98.21721649169922
C06 624.979 99.26486206054688
C06 650.012 98.8170166015625
C06 675.004 99.32625579833984
C06 700.03 98.36145782470703
C06 725.012 98.75347900390625
C06 750.022 98.88734436035156
C06 774.987 98.77691650390625
C06 799.976 97.95382690429688
C06 824.988 96.20685577392578
C06 850.022 94.5560302734375
C06 869.967 91.39752960205078
C06 875.002 90.50091552734375
C06 899.999 83.52938842773438
C06 919.999 73.85150909423828
C06 925.012 71.50104522705078
C06 949.965 58.2990608215332
C06 975.002 43.69572448730469
C06 999.976 27.075592041015625
C06 1025.028 11.930965423583984
C06 1050.014 4.299149990081787
C06 1075.002 0.9420948682799078
C06 1099.99 0.09347378734596344
C07 319.994 40.25963592529297
C07 324.969 45.46689987182617
C07 349.982 67.8704605102539
C07 374.975 73.68938446044922
C07 400.019 82.46599578857422
C07 424.965 84.8504409790039
C07 450.035 86.90271759033203
C07 475.003 89.79782104492188
C07 500.018 91.73136138916016
C07 525.002 93.73260498046875
C07 550.029 96.46758270263672
C07 575.023 97.58917999267578
C07 599.982 98.00193786621094
C07 619.997 98.13697814941406
C07 624.979 99.18071746826172
C07 650.012 98.72914123535156
C07 675.004 99.23146057128906
C07 700.03 98.25093841552734
C07 725.012 98.60250854492188
C07 750.022 98.68093872070312
C07 774.987 98.51497650146484
C07 799.976 97.67279052734375
C07 824.988 95.95085144042969
C07 850.022 94.30338287353516
C07 869.967 91.13179016113281
C07 875.002 90.24346160888672
C07 899.999 83.47078704833984
C07 919.999 73.79975128173828
C07 925.012 71.46422576904297
C07 949.965 58.160736083984375
C07 975.002 43.600643157958984
C07 999.976 27.002199172973633
C07 1025.028 12.020209312438965
C07 1050.014 4.339858055114746
C07 1075.002 0.9401284525929713
C07 1099.99 0.09327868138801455
C10 319.994 38.132896423339844
C10 324.969 43.05787658691406
C10 349.982 64.29000091552734
C10 374.975 70.54134368896484
C10 400.019 80.72525787353516
C10 424.965 83.83094024658203
C10 450.035 86.25849914550781
C10 475.003 89.37518310546875
C10 500.018 91.45734405517578
C10 525.002 93.560791015625
C10 550.029 96.36762237548828
C10 575.023 97.5451889038086
C10 599.982 98.00483703613281
C10 619.997 98.16255950927734
C10 624.979 99.21870422363281
C10 650.012 98.79528045654297
C10 675.004 99.32597351074219
C10 700.03 98.380615234375
C10 725.012 98.84374237060547
C10 750.022 99.04528045654297
C10 774.987 99.0253677368164
C10 799.976 98.23531341552734
C10 824.988 96.4786376953125
C10 850.022 94.85911560058594
C10 869.967 91.69139099121094
C10 875.002 90.71920013427734
C10 899.999 83.79460906982422
C10 919.999 74.06187438964844
C10 925.012 71.70130920410156
C10 949.965 58.272125244140625
C10 975.002 43.55860900878906
C10 999.976 27.129791259765625
C10 1025.028 12.079724311828613
C10 1050.014 4.345812797546387
C10 1075.002 0.94359951681176
C10 1099.99 0.09362307719100162
C11 319.994 38.46504592895508
C11 324.969 43.4372444152832
C11 349.982 64.95794677734375
C11 374.975 71.24774932861328
C11 400.019 81.18059539794922
C11 424.965 84.1345443725586
C11 450.035 86.47766876220703
C11 475.003 89.54190826416016
C11 500.018 91.59298706054688
C11 525.002 93.67584228515625
C11 550.029 96.47383117675781
C11 575.023 97.64981842041016
C11 599.982 98.1047592163086
C11 619.997 98.2695083618164
C11 624.979 99.3257827758789
C11 650.012 98.90674591064453
C11 675.004 99.44361877441406
C11 700.03 98.51509857177734
C11 725.012 99.00746154785156
C11 750.022 99.25398254394531
C11 774.987 99.26811218261719
C11 799.976 98.49873352050781
C11 824.988 96.7375259399414
C11 850.022 95.12516784667969
C11 869.967 91.937255859375
C11 875.002 91.0246810913086
C11 899.999 83.9791259765625
C11 919.999 74.13446044921875
C11 925.012 71.77986145019531
C11 949.965 58.591854095458984
C11 975.002 43.931175231933594
C11 999.976 27.282670974731445
C11 1025.028 12.043663024902344
C11 1050.014 4.327517509460449
C11 1075.002 0.9455875870657595
C11 1099.99 0.09382033169520083
C12 319.994 38.642642974853516
C12 324.969 43.63679504394531
C12 349.982 65.24359130859375
C12 374.975 71.46332550048828
C12 400.019 81.22809600830078
C12 424.965 84.10275268554688
C12 450.035 86.40228271484375
C12 475.003 89.4424819946289
C12 500.018 91.47445678710938
C12 525.002 93.54410552978516
C12 550.029 96.33003997802734
C12 575.023 97.49730682373047
C12 599.982 97.95105743408203
C12 619.997 98.10591125488281
C12 624.979 99.1600341796875
C12 650.012 98.7381820678711
C12 675.004 99.27388000488281
C12 700.03 98.35623931884766
C12 725.012 98.87329864501953
C12 750.022 99.15906524658203
C12 774.987 99.20951843261719
C12 799.976 98.45023345947266
C12 824.988 96.68824005126953
C12 850.022 95.0894546508789
C12 869.967 91.90037536621094
C12 875.002 90.99845123291016
C12 899.999 83.95823669433594
C12 919.999 74.10931396484375
C12 925.012 71.65189361572266
C12 949.965 58.4637336730957
C12 975.002 43.98912048339844
C12 999.976 27.31643295288086
C12 1025.028 12.052605628967285
C12 1050.014 4.31497049331665
C12 1075.002 0.9446828201694909
C12 1099.99 0.09373056155494533
C13 319.994 38.80780029296875
C13 324.969 43.82164764404297
C13 349.982 65.50141906738281
C13 374.975 71.68940734863281
C13 400.019 81.37599182128906
C13 424.965 84.21082305908203
C13 450.035 86.4909896850586
C13 475.003 89.51826477050781
C13 500.018 91.5451889038086
C13 525.002 93.60931396484375
C13 550.029 96.39337921142578
C13 575.023 97.55223846435547
C13 599.982 98.00225067138672
C13 619.997 98.15681457519531
C13 624.979 99.21175384521484
C13 650.012 98.78211975097656
C13 675.004 99.31852722167969
C13 700.03 98.40792846679688
C13 725.012 98.95751953125
C13 750.022 99.27822875976562
C13 774.987 99.36690521240234
C13 799.976 98.62074279785156
C13 824.988 96.85665130615234
C13 850.022 95.27196502685547
C13 869.967 92.08289337158203
C13 875.002 91.1513671875
C13 899.999 84.05056762695312
C13 919.999 74.15718078613281
C13 925.012 71.78777313232422
C13 949.965 58.64215087890625
C13 975.002 44.04079818725586
C13 999.976 27.351709365844727
C13 1025.028 12.074328422546387
C13 1050.014 4.321978569030762
C13 1075.002 0.945817639841644
C13 1099.99 0.09384315732027895
C14 319.994 38.9985237121582
C14 324.969 44.03666687011719
C14 349.982 65.79328918457031
C14 374.975 71.91311645507812
C14 400.019 81.46744537353516
C14 424.965 84.235595703125
C14 450.035 86.4826431274414
C14 475.003 89.48902130126953
C14 500.018 91.49674987792969
C14 525.002 93.55419921875
C14 550.029 96.32593536376953
C14 575.023 97.48410034179688
C14 599.982 97.92509460449219
C14 619.997 98.07552337646484
C14 624.979 99.13085174560547
C14 650.012 98.7006607055664
C14 675.004 99.23033142089844
C14 700.03 98.33094024658203
C14 725.012 98.90499877929688
C14 750.022 99.26190948486328
C14 774.987 99.37754821777344
C14 799.976 98.64694213867188
C14 824.988 96.87921142578125
C14 850.022 95.31169891357422
C14 869.967 92.13721466064453
C14 875.002 91.22030639648438
C14 899.999 84.05269622802734
C14 919.999 74.14378356933594
C14 925.012 71.74209594726562
C14 949.965 58.672298431396484
C14 975.002 44.119205474853516
C14 999.976 27.387582778930664
C14 1025.028 12.049752235412598
C14 1050.014 4.324819564819336
C14 1075.002 0.9456618673980943
C14 1099.99 0.09382770172153515
C15 319.994 39.183284759521484
C15 324.969 44.244014739990234
C15 349.982 66.06413269042969
C15 374.975 72.107421875
C15 400.019 81.53646850585938
C15 424.965 84.24844360351562
C15 450.035 86.46684265136719
C15 475.003 89.45975494384766
C15 500.018 91.45865631103516
C15 525.002 93.50513458251953
C15 550.029 96.26878356933594
C15 575.023 97.41888427734375
C15 599.982 97.85760498046875
C15 619.997 98.00521850585938
C15 624.979 99.05542755126953
C15 650.012 98.62128448486328
C15 675.004 99.1507568359375
C15 700.03 98.2569808959961
C15 725.012 98.8501968383789
C15 750.022 99.22665405273438
C15 774.987 99.36075592041016
C15 799.976 98.6391830444336
C15 824.988 96.8720474243164
C15 850.022 95.31241607666016
C15 869.967 92.15511322021484
C15 875.002 91.2446060180664
C15 899.999 84.06561279296875
C15 919.999 74.14240264892578
C15 925.012 71.7731704711914
C15 949.965 58.74691390991211
C15 975.002 44.230140686035156
C15 999.976 27.405214309692383
C15 1025.028 12.04440689086914
C15 1050.014 4.344004154205322
C15 1075.002 0.945325797335419
C15 1099.99 0.09379435715865773
C16 319.994 39.17684555053711
C16 324.969 44.238433837890625
C16 349.982 66.01299285888672
C16 374.975 72.03638458251953
C16 400.019 81.47598266601562
C16 424.965 84.1925048828125
C16 450.035 86.4138412475586
C16 475.003 89.40567016601562
C16 500.018 91.4031753540039
C16 525.002 93.44712829589844
C16 550.029 96.20853424072266
C16 575.023 97.35413360595703
C16 599.982 97.78581237792969
C16 619.997 97.93132781982422
C16 624.979 98.98002624511719
C16 650.012 98.54215240478516
C16 675.004 99.06626892089844
C16 700.03 98.17344665527344
C16 725.012 98.75727081298828
C16 750.022 99.12593078613281
C16 774.987 99.24655151367188
C16 799.976 98.52133178710938
C16 824.988 96.76457977294922
C16 850.022 95.2157211303711
C16 869.967 92.06961059570312
C16 875.002 91.15739440917969
C16 899.999 84.00917053222656
C16 919.999 74.08149719238281
C16 925.012 71.71063995361328
C16 949.965 58.75252151489258
C16 975.002 44.19582748413086
C16 999.976 27.410545349121094
C16 1025.028 12.045465469360352
C16 1050.014 4.357336044311523
C16 1075.002 0.9443663455553325
C16 1099.99 0.09369916123446778
C17 319.994 39.16999053955078
C17 324.969 44.22723388671875
C17 349.982 65.8766860961914
C17 374.975 71.85071563720703
C17 400.019 81.37577819824219
C17 424.965 84.14317321777344
C17 450.035 86.39338684082031
C17 475.003 89.40323638916016
C17 500.018 91.40887451171875
C17 525.002 93.4603042602539
C17 550.029 96.2199935913086
C17 575.023 97.36199951171875
C17 599.982 97.78646087646484
C17 619.997 97.92440795898438
C17 624.979 98.97459411621094
C17 650.012 98.52802276611328
C17 675.004 99.04400634765625
C17 700.03 98.13080596923828
C17 725.012 98.67594146728516
C17 750.022 98.99027252197266
C17 774.987 99.05284118652344
C17 799.976 98.30611419677734
C17 824.988 96.56539154052734
C17 850.022 95.01277160644531
C17 869.967 91.90122985839844
C17 875.002 90.99484252929688
C17 899.999 83.94208526611328
C17 919.999 74.0356674194336
C17 925.012 71.66622924804688
C17 949.965 58.75678634643555
C17 975.002 44.15280532836914
C17 999.976 27.414175033569336
C17 1025.028 12.09031867980957
C17 1050.014 4.391728401184082
C17 1075.002 0.9430745841846233
C17 1099.99 0.0935709938579828
