lsstCam/transmission_sensor/r42_s21/19700101T000000.ecsv
# %ECSV 1.0
# ---
# datatype:
# - {name: amp_name, datatype: string}
# - {name: wavelength, unit: nm, datatype: float32}
# - {name: efficiency, unit: '%', datatype: float64}
# meta: !!omap
# - {MODE: AMP}
# - {TYPE: transmission_sensor}
# - {CALIBDATE: '1970-01-01T00:00:00'}
# - {INSTRUME: LSSTCam}
# - {OBSTYPE: transmission_sensor}
# - {DETECTOR: 178}
# - {PARQUETFILE: qe_raft_allvalues_nircorrected_20230725_adjust.parquet}
# - {CORRFILE: qe_corr_factor_bydetnum.parquet}
# - {CALIBCLS: lsst.ip.isr.IntermediateSensorTransmissionCurve}
# - {CALIB_ID: 'raftName=R42 detectorName=S21 detector=178 calibDate=1970-01-01T00:00:00 ccd=178 ccdnum=178 filter=None'}
# - {DATE: '2025-03-03T21:56:48.390118'}
# - {CALIB_CREATION_DATE: '2025-03-03'}
# - {CALIB_CREATION_TIME: '21:56:48'}
# - __serialized_columns__:
#     efficiency:
#       __class__: astropy.units.quantity.Quantity
#       unit: !astropy.units.Unit {unit: '%'}
#       value: !astropy.table.SerializedColumn {name: efficiency}
#     wavelength:
#       __class__: astropy.units.quantity.Quantity
#       unit: !astropy.units.Unit {unit: nm}
#       value: !astropy.table.SerializedColumn {name: wavelength}
# schema: astropy-2.0
amp_name wavelength efficiency
C00 319.994 43.659656309350005
C00 324.969 44.52876226702231
C00 349.982 51.25116254585785
C00 374.975 67.21077961846643
C00 400.019 83.24938212938574
C00 424.965 87.7468338975046
C00 450.035 87.75389031018834
C00 475.003 88.44840708313538
C00 500.018 86.74527952999205
C00 525.002 86.33538407511085
C00 550.029 87.4338348508442
C00 575.023 89.09836504323036
C00 599.982 89.67142483363712
C00 619.997 90.81172743632231
C00 624.979 91.07599313288561
C00 650.012 91.89315309567755
C00 675.004 93.22376593182037
C00 700.03 94.85223085981106
C00 725.012 95.59674322908957
C00 750.022 96.59390254646074
C00 774.987 98.07638033316356
C00 799.976 97.94849045716373
C00 824.988 98.36375426048751
C00 850.022 97.69604121028851
C00 869.967 96.29034753487925
C00 875.002 95.45528040412371
C00 899.999 90.92534480520212
C00 919.999 84.31128859546601
C00 925.012 81.61455274297232
C00 949.965 69.85279785708921
C00 975.002 54.19694110117255
C00 999.976 37.44914630385832
C00 1025.028 21.242813319680067
C00 1050.014 9.904369056864892
C00 1075.002 0.9202353766211203
C00 1099.99 0.09130490866548083
C01 319.994 43.54078465042228
C01 324.969 44.366327905222654
C01 349.982 50.91866331565495
C01 374.975 66.90820550907912
C01 400.019 83.17378422539679
C01 424.965 87.87676922071556
C01 450.035 87.99145873850527
C01 475.003 88.70849824245367
C01 500.018 86.96651479619189
C01 525.002 86.500783955172
C01 550.029 87.5297275451919
C01 575.023 89.15199530040539
C01 599.982 89.69384111013676
C01 619.997 90.82398491180312
C01 624.979 91.08382514265313
C01 650.012 91.89264363484801
C01 675.004 93.22014647876276
C01 700.03 94.84607170649875
C01 725.012 95.58418159788964
C01 750.022 96.57812446853103
C01 774.987 98.05283868050314
C01 799.976 97.93183032764856
C01 824.988 98.36297866340374
C01 850.022 97.70981946436495
C01 869.967 96.19999807851264
C01 875.002 95.33428725905509
C01 899.999 90.81293645530585
C01 919.999 84.38771532378959
C01 925.012 81.75193227740891
C01 949.965 70.0313144525377
C01 975.002 54.208647294412444
C01 999.976 37.44458777001791
C01 1025.028 21.140398386130347
C01 1050.014 9.955478623517656
C01 1075.002 0.9200850999065886
C01 1099.99 0.09128999834792137
C02 319.994 43.25420152796806
C02 324.969 44.01827110998642
C02 349.982 50.3219896356045
C02 374.975 66.21447193710883
C02 400.019 82.71295029145483
C02 424.965 87.63830353302718
C02 450.035 87.83170855092692
C02 475.003 88.54472559548985
C02 500.018 86.77609050433959
C02 525.002 86.27593683980753
C02 550.029 87.28450199664594
C02 575.023 88.892634114813
C02 599.982 89.42982634204174
C02 619.997 90.55741523566743
C02 624.979 90.81485263633634
C02 650.012 91.62260658351428
C02 675.004 92.94675611062566
C02 700.03 94.57514499968657
C02 725.012 95.31725453878398
C02 750.022 96.31426938218856
C02 774.987 97.79382727398776
C02 799.976 97.68471901364401
C02 824.988 98.12650519567565
C02 850.022 97.47885881904604
C02 869.967 95.91713325972474
C02 875.002 95.03286133750747
C02 899.999 90.46917205765578
C02 919.999 84.15031418111818
C02 925.012 81.56071718068688
C02 949.965 70.01469234248742
C02 975.002 54.1023220588987
C02 999.976 37.24349901826373
C02 1025.028 21.019076372690414
C02 1050.014 9.942911289397987
C02 1075.002 0.917571333962402
C02 1099.99 0.09104058480028848
C03 319.994 43.13940555567664
C03 324.969 43.85146450972432
C03 349.982 49.94103459739822
C03 374.975 65.77253367721762
C03 400.019 82.49763845788499
C03 424.965 87.62591679136575
C03 450.035 87.9040976120791
C03 475.003 88.61995851261587
C03 500.018 86.81992694735874
C03 525.002 86.28145726610968
C03 550.029 87.25722683253325
C03 575.023 88.84748219830864
C03 599.982 89.37827194764975
C03 619.997 90.50164068067257
C03 624.979 90.7600741913216
C03 650.012 91.57037544264725
C03 675.004 92.89612939117701
C03 700.03 94.53284454304902
C03 725.012 95.2803604500539
C03 750.022 96.29073533342113
C03 774.987 97.78301453817281
C03 799.976 97.68041521021837
C03 824.988 98.1358883996107
C03 850.022 97.48288888232446
C03 869.967 95.89650389807497
C03 875.002 95.00180703858463
C03 899.999 90.3835522227216
C03 919.999 84.08554422073013
C03 925.012 81.51123104518496
C03 949.965 70.00161364656498
C03 975.002 54.029309478522315
C03 999.976 37.146355483521134
C03 1025.028 20.898085128595028
C03 1050.014 9.909778276232236
C03 1075.002 0.9173470118206649
C03 1099.99 0.09101832776346586
C04 319.994 43.03128960336654
C04 324.969 43.69426923018663
C04 349.982 49.58474278606663
C04 374.975 65.34949109137717
C04 400.019 82.28271442285704
C04 424.965 87.60464109881283
C04 450.035 87.95457225366818
C04 475.003 88.66713306465242
C04 500.018 86.8438335868821
C04 525.002 86.28091738970824
C04 550.029 87.25792639068725
C04 575.023 88.84222790826072
C04 599.982 89.37004453544738
C04 619.997 90.49082034096463
C04 624.979 90.7530405903168
C04 650.012 91.56197314090636
C04 675.004 92.88663973274026
C04 700.03 94.52940758342288
C04 725.012 95.29515762578943
C04 750.022 96.3180865364636
C04 774.987 97.82834894810865
C04 799.976 97.73974838712702
C04 824.988 98.20244527484863
C04 850.022 97.55792409823304
C04 869.967 95.97199534756223
C04 875.002 95.07874322773775
C04 899.999 90.4108273868343
C04 919.999 84.09547490495962
C04 925.012 81.52931310268704
C04 949.965 70.03365645157497
C04 975.002 53.99701574504403
C04 999.976 37.098762717370775
C04 1025.028 20.806298536455547
C04 1050.014 9.876724153456134
C04 1075.002 0.917607461566454
C04 1099.99 0.09104416934797278
C05 319.994 42.93046958636899
C05 324.969 43.54821365386196
C05 349.982 49.24895487215068
C05 374.975 64.94292614162042
C05 400.019 82.06522787589543
C05 424.965 87.57122959306676
C05 450.035 87.99132947232465
C05 475.003 88.70996579379845
C05 500.018 86.86859186241902
C05 525.002 86.27577715805499
C05 550.029 87.22817996135664
C05 575.023 88.7992202895762
C05 599.982 89.32354672988586
C05 619.997 90.43772996019105
C05 624.979 90.69663491220474
C05 650.012 91.50444208663353
C05 675.004 92.83421849454876
C05 700.03 94.48123692140618
C05 725.012 95.264650807161
C05 750.022 96.31158520796727
C05 774.987 97.85046867278214
C05 799.976 97.77822408559656
C05 824.988 98.25307959819025
C05 850.022 97.62692182311694
C05 869.967 96.0714162482518
C05 875.002 95.17760144034692
C05 899.999 90.51601964229428
C05 919.999 84.22085549627666
C05 925.012 81.65007052707335
C05 949.965 70.16749257188373
C05 975.002 54.075351050505134
C05 999.976 37.10989101474432
C05 1025.028 20.81414765498226
C05 1050.014 9.889945422371927
C05 1075.002 0.9175453026404726
C05 1099.99 0.09103800199644113
C06 319.994 42.82897662484287
C06 324.969 43.40576232280893
C06 349.982 48.93284203131573
C06 374.975 64.53694669162299
C06 400.019 81.80627730052389
C06 424.965 87.45408401784508
C06 450.035 87.92661273918745
C06 475.003 88.6305659433204
C06 500.018 86.7689124293682
C06 525.002 86.15846429718779
C06 550.029 87.10708036178632
C06 575.023 88.68083527979908
C06 599.982 89.20785349822302
C06 619.997 90.32412019520423
C06 624.979 90.58548120464987
C06 650.012 91.39233789245638
C06 675.004 92.72419016315465
C06 700.03 94.38164113117813
C06 725.012 95.18554750850912
C06 750.022 96.26584779170358
C06 774.987 97.83392260166165
C06 799.976 97.78080180531616
C06 824.988 98.26017403033889
C06 850.022 97.65389283151052
C06 869.967 96.1015732878032
C06 875.002 95.20264105992403
C06 899.999 90.49129178232928
C06 919.999 84.2190989969987
C06 925.012 81.65087653972904
C06 949.965 70.20571734188499
C06 975.002 54.06962151714608
C06 999.976 37.045128658249254
C06 1025.028 20.77497049738549
C06 1050.014 9.883990623683397
C06 1075.002 0.9171092866915738
C06 1099.99 0.09099474089455102
C07 319.994 43.61478573688583
C07 324.969 44.160851707220075
C07 349.982 49.613869498119506
C07 374.975 65.42198660703104
C07 400.019 83.21498211755251
C07 424.965 89.1261800837445
C07 450.035 89.63150439550172
C07 475.003 90.31245582337571
C07 500.018 88.3885948609691
C07 525.002 87.76377537105995
C07 550.029 88.76859180866013
C07 575.023 90.41547336544396
C07 599.982 90.98566648819794
C07 619.997 92.13859915711987
C07 624.979 92.41468130337124
C07 650.012 93.25751961275047
C07 675.004 94.62091283152218
C07 700.03 96.32752296764951
C07 725.012 97.1914772878291
C07 750.022 98.32856344378455
C07 774.987 99.97918611591362
C07 799.976 99.94016293714965
C07 824.988 100.44341899001681
C07 850.022 99.83844566078068
C07 869.967 98.23168224334968
C07 875.002 97.28321825661072
C07 899.999 92.32176173117801
C07 919.999 85.90493529750967
C07 925.012 83.31896535402896
C07 949.965 71.843824006172
C07 975.002 55.331061738866495
C07 999.976 37.756168690637864
C07 1025.028 21.172775762431392
C07 1050.014 10.07708483245765
C07 1075.002 0.9367601138938105
C07 1099.99 0.092944477916713
C10 319.994 43.53733628495668
C10 324.969 44.37382154175264
C10 349.982 50.90334907519692
C10 374.975 66.62753061146893
C10 400.019 82.65141198558251
C10 424.965 87.33207195111737
C10 450.035 87.48287235666042
C10 475.003 88.23849401358004
C10 500.018 86.54652137143569
C10 525.002 86.12538736273275
C10 550.029 87.19751346097569
C10 575.023 88.83819024108932
C10 599.982 89.39144189028794
C10 619.997 90.5176164598197
C10 624.979 90.77987472863676
C10 650.012 91.5898642203503
C10 675.004 92.92678828766499
C10 700.03 94.63369497561848
C10 725.012 95.61830786957566
C10 750.022 96.93335553679218
C10 774.987 98.75841911773342
C10 799.976 98.76739931534064
C10 824.988 99.15251368300599
C10 850.022 98.62928220328519
C10 869.967 97.19330982603684
C10 875.002 96.27307149003283
C10 899.999 91.01751919588348
C10 919.999 83.98973516920519
C10 925.012 81.27362459740313
C10 949.965 69.77224221487849
C10 975.002 54.18329971716971
C10 999.976 37.497807416972115
C10 1025.028 20.87493887836948
C10 1050.014 9.81312234112686
C10 1075.002 0.9234665111484797
C10 1099.99 0.09162549886490313
C11 319.994 43.43499929130999
C11 324.969 44.22149275372097
C11 349.982 50.562550195808356
C11 374.975 66.31796852443469
C11 400.019 82.59410144420605
C11 424.965 87.52032152957791
C11 450.035 87.81477468126454
C11 475.003 88.63006408638385
C11 500.018 86.91448135654227
C11 525.002 86.43628773493116
C11 550.029 87.43294519536576
C11 575.023 89.00397031579936
C11 599.982 89.5006490012404
C11 619.997 90.59941914047884
C11 624.979 90.85843054699423
C11 650.012 91.64651322303764
C11 675.004 92.97855559106037
C11 700.03 94.67943999577514
C11 725.012 95.66919312138558
C11 750.022 96.99252142805531
C11 774.987 98.82676290782122
C11 799.976 98.84621366605937
C11 824.988 99.25194979148151
C11 850.022 98.73855014538147
C11 869.967 97.31527626940668
C11 875.002 96.39205720735524
C11 899.999 91.16999245788173
C11 919.999 84.18841728883177
C11 925.012 81.52001354157474
C11 949.965 70.2873223213267
C11 975.002 54.61100348940578
C11 999.976 37.62670480879155
C11 1025.028 20.9722154812392
C11 1050.014 9.90600864628831
C11 1075.002 0.9240301078506502
C11 1099.99 0.09168141841192685
C12 319.994 43.208616189563934
C12 324.969 43.93670795195609
C12 349.982 50.035334276166985
C12 374.975 65.70473736742426
C12 400.019 82.19914003513398
C12 424.965 87.33651262461663
C12 450.035 87.7170494487091
C12 475.003 88.53386723631704
C12 500.018 86.78865213553952
C12 525.002 86.2744844962487
C12 550.029 87.24375273417594
C12 575.023 88.79992745162318
C12 599.982 89.29039375650105
C12 619.997 90.38847194147847
C12 624.979 90.64274612266846
C12 650.012 91.43222031112688
C12 675.004 92.75780697401113
C12 700.03 94.46732940114912
C12 725.012 95.4643062250888
C12 750.022 96.79243258822775
C12 774.987 98.63392057800186
C12 799.976 98.66930149202929
C12 824.988 99.08588837273126
C12 850.022 98.5817654760646
C12 869.967 97.18810876323978
C12 875.002 96.28112401269672
C12 899.999 91.10972400213677
C12 919.999 84.12352566615608
C12 925.012 81.44871183711845
C12 949.965 70.23039197459914
C12 975.002 54.61884690501276
C12 999.976 37.63898129400481
C12 1025.028 20.975372997798384
C12 1050.014 9.890497655099466
C12 1075.002 0.9221238228868951
C12 1099.99 0.09149227856909106
C13 319.994 43.05926052368673
C13 324.969 43.73354333741887
C13 349.982 49.61173280419264
C13 374.975 65.19600651161282
C13 400.019 81.93561191618956
C13 424.965 87.26791030216758
C13 450.035 87.68772883738528
C13 475.003 88.45574483985932
C13 500.018 86.67028993744134
C13 525.002 86.13217003526928
C13 550.029 87.10669256324444
C13 575.023 88.69256048277143
C13 599.982 89.21871185739585
C13 619.997 90.33446909354751
C13 624.979 90.59722921930114
C13 650.012 91.40344718009749
C13 675.004 92.74021156565965
C13 700.03 94.46062276754236
C13 725.012 95.47123337159191
C13 750.022 96.81458272847317
C13 774.987 98.67611458013772
C13 799.976 98.72034642559174
C13 824.988 99.15478724700645
C13 850.022 98.6613554238671
C13 869.967 97.29581790727555
C13 875.002 96.40075606092226
C13 899.999 91.2538786052169
C13 919.999 84.22230783983548
C13 925.012 81.52492565643864
C13 949.965 70.28264592714513
C13 975.002 54.750797259862935
C13 999.976 37.73036107786996
C13 1025.028 21.024395295828644
C13 1050.014 9.888283971756197
C13 1075.002 0.9223347011651849
C13 1099.99 0.0915132017181331
C14 319.994 42.9258350135988
C14 324.969 43.55045680229051
C14 349.982 49.22838634164473
C14 374.975 64.72124224573487
C14 400.019 81.62833099704876
C14 424.965 87.1469703843498
C14 450.035 87.65001352821356
C14 475.003 88.42752679301734
C14 500.018 86.62170106131084
C14 525.002 86.04810899839562
C14 550.029 87.00012400315539
C14 575.023 88.56706583305971
C14 599.982 89.08517228891324
C14 619.997 90.19581970898358
C14 624.979 90.45792589994107
C14 650.012 91.26031149867643
C14 675.004 92.59514449542213
C14 700.03 94.31719053429516
C14 725.012 95.34527488440854
C14 750.022 96.70151283988778
C14 774.987 98.58114956073337
C14 799.976 98.64116708801006
C14 824.988 99.08556140533321
C14 850.022 98.61022684748188
C14 869.967 97.27394150717735
C14 875.002 96.38390583408264
C14 899.999 91.24601617987747
C14 919.999 84.18678245184147
C14 925.012 81.48700504215651
C14 949.965 70.24983512894433
C14 975.002 54.78586261233176
C14 999.976 37.76583323861312
C14 1025.028 21.03406174477714
C14 1050.014 9.875121633010986
C14 1075.002 0.9212573638101329
C14 1099.99 0.09140630929549431
C15 319.994 42.9761309637029
C15 324.969 43.55915565585754
C15 349.982 49.07861246165373
C15 374.975 64.53033890862496
C15 400.019 81.55552372178279
C15 424.965 87.25663372888096
C15 450.035 87.89319362954839
C15 475.003 88.74797765479632
C15 500.018 86.9377720807344
C15 525.002 86.33125516122371
C15 550.029 87.21934423771602
C15 575.023 88.69976897331473
C15 599.982 89.13927398745291
C15 619.997 90.20039725255644
C15 624.979 90.45008628628058
C15 650.012 91.2182467627212
C15 675.004 92.53557559783115
C15 700.03 94.25195673643545
C15 725.012 95.28735603159382
C15 750.022 96.66501415359258
C15 774.987 98.56709756650972
C15 799.976 98.64642137805798
C15 824.988 99.09799377035252
C15 850.022 98.65586541313687
C15 869.967 97.34412543936585
C15 875.002 96.45494140228469
C15 899.999 91.303303909575
C15 919.999 84.24568220685038
C15 925.012 81.55410179379588
C15 949.965 70.32880916141559
C15 975.002 54.888013310600485
C15 999.976 37.863824607422785
C15 1025.028 21.06901874177103
C15 1050.014 9.878970153344563
C15 1075.002 0.9209094554560473
C15 1099.99 0.09137179014821878
C16 319.994 42.91230388604414
C16 324.969 43.45354898823024
C16 349.982 48.80599388865391
C16 374.975 64.20010183658306
C16 400.019 81.3709848430956
C16 424.965 87.22029472433829
C16 450.035 87.92115314402912
C16 475.003 88.77587633813323
C16 500.018 86.94956571874354
C16 525.002 86.31273968182187
C16 550.029 87.18278472027697
C16 575.023 88.65141581786655
C16 599.982 89.08168210203625
C16 619.997 90.14026566688507
C16 624.979 90.39151349866974
C16 650.012 91.1550279965007
C16 675.004 92.47298795472784
C16 700.03 94.19800711575533
C16 725.012 95.25215761099787
C16 750.022 96.65633811170449
C16 774.987 98.58622896124278
C16 799.976 98.6833686940389
C16 824.988 99.14541925085736
C16 850.022 98.72438409276315
C16 869.967 97.42997339108939
C16 875.002 96.53939023770025
C16 899.999 91.3681270972139
C16 919.999 84.30972219351251
C16 925.012 81.62628554983763
C16 949.965 70.45389320090648
C16 975.002 55.000163128135505
C16 999.976 37.91036803634216
C16 1025.028 21.082861628937785
C16 1050.014 9.875796478512799
C16 1075.002 0.9208265676170759
C16 1099.99 0.09136356609298353
C17 319.994 42.7495539626859
C17 324.969 43.25536112164723
C17 349.982 48.44062302910639
C17 374.975 63.71472633805407
C17 400.019 81.01537358018555
C17 424.965 86.96043928570232
C17 450.035 87.64778558757097
C17 475.003 88.42425711903672
C17 500.018 86.56328795545255
C17 525.002 85.9234203613396
C17 550.029 86.83255701359548
C17 575.023 88.36538777959973
C17 599.982 88.8540139423769
C17 619.997 89.94303589081731
C17 624.979 90.19874720778017
C17 650.012 90.98725570183038
C17 675.004 92.31878860902356
C17 700.03 94.0570233360471
C17 725.012 95.1412092085534
C17 750.022 96.57814728020998
C17 774.987 98.54242293379555
C17 799.976 98.65611634160514
C17 824.988 99.12793029700757
C17 850.022 98.71014200121503
C17 869.967 97.39365719822565
C17 875.002 96.49590357375808
C17 899.999 91.25673006508372
C17 919.999 84.19985354387094
C17 925.012 81.53541902874852
C17 949.965 70.58900677523557
C17 975.002 55.059758639351905
C17 999.976 37.809954827618945
C17 1025.028 21.02412155568143
C17 1050.014 9.827361581215104
C17 1075.002 0.9200813614395777
C17 1099.99 0.091289627420659
