lsstCam/transmission_sensor/r42_s21/19700101T000000.ecsv
# %ECSV 1.0
# ---
# datatype:
# - {name: amp_name, datatype: string}
# - {name: wavelength, unit: nm, datatype: float32}
# - {name: efficiency, unit: '%', datatype: float64}
# meta: !!omap
# - {MODE: AMP}
# - {TYPE: transmission_sensor}
# - {CALIBDATE: '1970-01-01T00:00:00'}
# - {INSTRUME: LSSTCAM}
# - {OBSTYPE: transmission_sensor}
# - {DETECTOR: 178}
# - {PARQUETFILE: qe_raft_allvalues_nircorrected_20230725.parquet}
# - {CALIBCLS: lsst.ip.isr.IntermediateSensorTransmissionCurve}
# - {CALIB_ID: 'raftName=R42 detectorName=S21 detector=178 calibDate=1970-01-01T00:00:00 ccd=178 ccdnum=178 filter=None'}
# - {DATE: '2023-08-02T16:57:56.130532'}
# - {CALIB_CREATION_DATE: '2023-08-02'}
# - {CALIB_CREATION_TIME: '16:57:56'}
# - __serialized_columns__:
#     efficiency:
#       __class__: astropy.units.quantity.Quantity
#       unit: !astropy.units.Unit {unit: '%'}
#       value: !astropy.table.SerializedColumn {name: efficiency}
#     wavelength:
#       __class__: astropy.units.quantity.Quantity
#       unit: !astropy.units.Unit {unit: nm}
#       value: !astropy.table.SerializedColumn {name: wavelength}
# schema: astropy-2.0
amp_name wavelength efficiency
C00 319.994 43.80607986450195
C00 324.969 44.6781005859375
C00 349.982 51.42304611206055
C00 374.975 67.43618774414062
C00 400.019 83.52857971191406
C00 424.965 88.0411148071289
C00 450.035 88.0481948852539
C00 475.003 88.74504089355469
C00 500.018 87.03620147705078
C00 525.002 86.62493133544922
C00 550.029 87.72706604003906
C00 575.023 89.39717864990234
C00 599.982 89.97216033935547
C00 619.997 91.11628723144531
C00 624.979 91.38143920898438
C00 650.012 92.20133972167969
C00 675.004 93.53641510009766
C00 700.03 95.17034149169922
C00 725.012 95.91735076904297
C00 750.022 96.91785430908203
C00 774.987 98.40530395507812
C00 799.976 98.27698516845703
C00 824.988 98.69364166259766
C00 850.022 98.02368927001953
C00 869.967 96.61328125
C00 875.002 95.7754135131836
C00 899.999 91.23028564453125
C00 919.999 84.59404754638672
C00 925.012 81.88826751708984
C00 949.965 70.08706665039062
C00 975.002 54.37870407104492
C00 999.976 37.57474136352539
C00 1025.028 21.314056396484375
C00 1050.014 9.937585830688477
C00 1075.002 0.923321615653025
C00 1099.99 0.09161112246695688
C01 319.994 43.68680953979492
C01 324.969 44.51512145996094
C01 349.982 51.08943176269531
C01 374.975 67.13259887695312
C01 400.019 83.45272827148438
C01 424.965 88.1714859008789
C01 450.035 88.28656005859375
C01 475.003 89.0060043334961
C01 500.018 87.2581787109375
C01 525.002 86.79088592529297
C01 550.029 87.82328033447266
C01 575.023 89.45098876953125
C01 599.982 89.9946517944336
C01 619.997 91.12858581542969
C01 624.979 91.38929748535156
C01 650.012 92.2008285522461
C01 675.004 93.53278350830078
C01 700.03 95.1641616821289
C01 725.012 95.90474700927734
C01 750.022 96.90202331542969
C01 774.987 98.38168334960938
C01 799.976 98.26026916503906
C01 824.988 98.69286346435547
C01 850.022 98.03751373291016
C01 869.967 96.52262878417969
C01 875.002 95.65401458740234
C01 899.999 91.11750030517578
C01 919.999 84.67073059082031
C01 925.012 82.02610778808594
C01 949.965 70.26618194580078
C01 975.002 54.39044952392578
C01 999.976 37.570167541503906
C01 1025.028 21.2112979888916
C01 1050.014 9.988866806030273
C01 1075.002 0.9231708349480211
C01 1099.99 0.09159616214392577
C02 319.994 43.39926528930664
C02 324.969 44.165897369384766
C02 349.982 50.49075698852539
C02 374.975 66.43653869628906
C02 400.019 82.99034881591797
C02 424.965 87.93222045898438
C02 450.035 88.12627410888672
C02 475.003 88.84168243408203
C02 500.018 87.0671157836914
C02 525.002 86.5652847290039
C02 550.029 87.57723236083984
C02 575.023 89.19075775146484
C02 599.982 89.72975158691406
C02 619.997 90.86112213134766
C02 624.979 91.11942291259766
C02 650.012 91.92988586425781
C02 675.004 93.25847625732422
C02 700.03 94.89232635498047
C02 725.012 95.63692474365234
C02 750.022 96.63728332519531
C02 774.987 98.1218032836914
C02 799.976 98.0123291015625
C02 824.988 98.45559692382812
C02 850.022 97.80577850341797
C02 869.967 96.23881530761719
C02 875.002 95.35157775878906
C02 899.999 90.7725830078125
C02 919.999 84.43253326416016
C02 925.012 81.8342514038086
C02 949.965 70.24950408935547
C02 975.002 54.28376770019531
C02 999.976 37.368404388427734
C02 1025.028 21.089569091796875
C02 1050.014 9.97625732421875
C02 1075.002 0.9206486384622892
C02 1099.99 0.09134591212570575
C03 319.994 43.28408432006836
C03 324.969 43.998531341552734
C03 349.982 50.108524322509766
C03 374.975 65.99311828613281
C03 400.019 82.7743148803711
C03 424.965 87.91979217529297
C03 450.035 88.19890594482422
C03 475.003 88.91716766357422
C03 500.018 87.11109924316406
C03 525.002 86.5708236694336
C03 550.029 87.54986572265625
C03 575.023 89.14545440673828
C03 599.982 89.67802429199219
C03 619.997 90.80516052246094
C03 624.979 91.06446075439453
C03 650.012 91.87747955322266
C03 675.004 93.20767974853516
C03 700.03 94.84988403320312
C03 725.012 95.59990692138672
C03 750.022 96.6136703491211
C03 774.987 98.11095428466797
C03 799.976 98.00801086425781
C03 824.988 98.46501159667969
C03 850.022 97.80982208251953
C03 869.967 96.2181167602539
C03 875.002 95.32041931152344
C03 899.999 90.68667602539062
C03 919.999 84.36754608154297
C03 925.012 81.78459930419922
C03 949.965 70.23638153076172
C03 975.002 54.21051025390625
C03 999.976 37.27093505859375
C03 1025.028 20.968172073364258
C03 1050.014 9.943013191223145
C03 1075.002 0.9204235640002576
C03 1099.99 0.09132358044435464
C04 319.994 43.17560577392578
C04 324.969 43.8408088684082
C04 349.982 49.75103759765625
C04 374.975 65.56865692138672
C04 400.019 82.55867004394531
C04 424.965 87.89844512939453
C04 450.035 88.24954986572266
C04 475.003 88.9645004272461
C04 500.018 87.13508605957031
C04 525.002 86.57028198242188
C04 550.029 87.55056762695312
C04 575.023 89.14018249511719
C04 599.982 89.66976928710938
C04 619.997 90.79430389404297
C04 624.979 91.05740356445312
C04 650.012 91.86904907226562
C04 675.004 93.19815826416016
C04 700.03 94.846435546875
C04 725.012 95.61475372314453
C04 750.022 96.64111328125
C04 774.987 98.15644073486328
C04 799.976 98.06754302978516
C04 824.988 98.53179168701172
C04 850.022 97.8851089477539
C04 869.967 96.29386138916016
C04 875.002 95.39761352539062
C04 899.999 90.71404266357422
C04 919.999 84.37751007080078
C04 925.012 81.80274200439453
C04 949.965 70.2685317993164
C04 975.002 54.17810821533203
C04 999.976 37.223182678222656
C04 1025.028 20.87607765197754
C04 1050.014 9.9098482131958
C04 1075.002 0.9206848872292791
C04 1099.99 0.09134950869506543
C05 319.994 43.07444763183594
C05 324.969 43.69426345825195
C05 349.982 49.41412353515625
C05 374.975 65.16072845458984
C05 400.019 82.3404541015625
C05 424.965 87.86492156982422
C05 450.035 88.28643035888672
C05 475.003 89.00747680664062
C05 500.018 87.15992736816406
C05 525.002 86.56512451171875
C05 550.029 87.52072143554688
C05 575.023 89.09703063964844
C05 599.982 89.62311553955078
C05 619.997 90.74103546142578
C05 624.979 91.00080871582031
C05 650.012 91.81132507324219
C05 675.004 93.14556121826172
C05 700.03 94.79810333251953
C05 725.012 95.58414459228516
C05 750.022 96.63459014892578
C05 774.987 98.17863464355469
C05 799.976 98.10614776611328
C05 824.988 98.58259582519531
C05 850.022 97.95433807373047
C05 869.967 96.39361572265625
C05 875.002 95.4968032836914
C05 899.999 90.81958770751953
C05 919.999 84.50331115722656
C05 925.012 81.92390441894531
C05 949.965 70.40281677246094
C05 975.002 54.25670623779297
C05 999.976 37.23434829711914
C05 1025.028 20.883953094482422
C05 1050.014 9.923113822937012
C05 1075.002 0.9206225198378242
C05 1099.99 0.09134332065978101
C06 319.994 42.97261428833008
C06 324.969 43.551334381103516
C06 349.982 49.09695053100586
C06 374.975 64.75338745117188
C06 400.019 82.08063507080078
C06 424.965 87.74738311767578
C06 450.035 88.22149658203125
C06 475.003 88.92781066894531
C06 500.018 87.0599136352539
C06 525.002 86.44741821289062
C06 550.029 87.39921569824219
C06 575.023 88.9782485961914
C06 599.982 89.50703430175781
C06 619.997 90.62704467773438
C06 624.979 90.8892822265625
C06 650.012 91.69884490966797
C06 675.004 93.03516387939453
C06 700.03 94.69817352294922
C06 725.012 95.50477600097656
C06 750.022 96.58869934082031
C06 774.987 98.16203308105469
C06 799.976 98.10873413085938
C06 824.988 98.58971405029297
C06 850.022 97.98139953613281
C06 869.967 96.42387390136719
C06 875.002 95.52192687988281
C06 899.999 90.7947769165039
C06 919.999 84.50154876708984
C06 925.012 81.92471313476562
C06 949.965 70.44116973876953
C06 975.002 54.25095748901367
C06 999.976 37.169368743896484
C06 1025.028 20.84464454650879
C06 1050.014 9.917139053344727
C06 1075.002 0.9201850416006084
C06 1099.99 0.09129991447098748
C07 319.994 43.76105880737305
C07 324.969 44.308956146240234
C07 349.982 49.7802619934082
C07 374.975 65.64139556884766
C07 400.019 83.49406433105469
C07 424.965 89.42508697509766
C07 450.035 89.9321060180664
C07 475.003 90.61534118652344
C07 500.018 88.68502807617188
C07 525.002 88.05811309814453
C07 550.029 89.06629943847656
C07 575.023 90.71870422363281
C07 599.982 91.29080963134766
C07 619.997 92.4476089477539
C07 624.979 92.72461700439453
C07 650.012 93.57028198242188
C07 675.004 94.93824768066406
C07 700.03 96.65058135986328
C07 725.012 97.5174331665039
C07 750.022 98.65833282470703
C07 774.987 100.31449127197266
C07 799.976 100.27533721923828
C07 824.988 100.78028106689453
C07 850.022 100.17327880859375
C07 869.967 98.56112670898438
C07 875.002 97.60948181152344
C07 899.999 92.63138580322266
C07 919.999 86.19303894042969
C07 925.012 83.59839630126953
C07 949.965 72.08477020263672
C07 975.002 55.51662826538086
C07 999.976 37.88279342651367
C07 1025.028 21.243783950805664
C07 1050.014 10.110880851745605
C07 1075.002 0.9399017727568352
C07 1099.99 0.09325619042291962
C10 319.994 43.683349609375
C10 324.969 44.522640228271484
C10 349.982 51.074066162109375
C10 374.975 66.85098266601562
C10 400.019 82.92860412597656
C10 424.965 87.62496185302734
C10 450.035 87.7762680053711
C10 475.003 88.534423828125
C10 500.018 86.83677673339844
C10 525.002 86.41423034667969
C10 550.029 87.48995208740234
C10 575.023 89.1361312866211
C10 599.982 89.69123840332031
C10 619.997 90.8211898803711
C10 624.979 91.0843276977539
C10 650.012 91.89703369140625
C10 675.004 93.23844146728516
C10 700.03 94.9510726928711
C10 725.012 95.9389877319336
C10 750.022 97.2584457397461
C10 774.987 99.08963012695312
C10 799.976 99.09864044189453
C10 824.988 99.48504638671875
C10 850.022 98.9600601196289
C10 869.967 97.51927185058594
C10 875.002 96.595947265625
C10 899.999 91.32276916503906
C10 919.999 84.27141571044922
C10 925.012 81.54619598388672
C10 949.965 70.00624084472656
C10 975.002 54.36501693725586
C10 999.976 37.623565673828125
C10 1025.028 20.944948196411133
C10 1050.014 9.846033096313477
C10 1075.002 0.9265635865965328
C10 1099.99 0.09193278784563423
C11 319.994 43.58066940307617
C11 324.969 44.36980056762695
C11 349.982 50.73212432861328
C11 374.975 66.5403823852539
C11 400.019 82.87110137939453
C11 424.965 87.8138427734375
C11 450.035 88.10928344726562
C11 475.003 88.92730712890625
C11 500.018 87.20597076416016
C11 525.002 86.7261734008789
C11 550.029 87.7261734008789
C11 575.023 89.3024673461914
C11 599.982 89.80081176757812
C11 619.997 90.90326690673828
C11 624.979 91.16314697265625
C11 650.012 91.95387268066406
C11 675.004 93.2903823852539
C11 700.03 94.9969711303711
C11 725.012 95.99004364013672
C11 750.022 97.31781005859375
C11 774.987 99.158203125
C11 799.976 99.17771911621094
C11 824.988 99.5848159790039
C11 850.022 99.06969451904297
C11 869.967 97.64164733886719
C11 875.002 96.71533203125
C11 899.999 91.47575378417969
C11 919.999 84.47076416015625
C11 925.012 81.79341125488281
C11 949.965 70.5230484008789
C11 975.002 54.79415512084961
C11 999.976 37.75289535522461
C11 1025.028 21.042551040649414
C11 1050.014 9.939230918884277
C11 1075.002 0.9271290734609213
C11 1099.99 0.09198889493281676
C12 319.994 43.3535270690918
C12 324.969 44.08406066894531
C12 349.982 50.20314025878906
C12 374.975 65.92509460449219
C12 400.019 82.47481536865234
C12 424.965 87.6294174194336
C12 450.035 88.01123046875
C12 475.003 88.8307876586914
C12 500.018 87.07971954345703
C12 525.002 86.56382751464844
C12 550.029 87.53634643554688
C12 575.023 89.09774017333984
C12 599.982 89.58985137939453
C12 619.997 90.69161224365234
C12 624.979 90.94673919677734
C12 650.012 91.73886108398438
C12 675.004 93.06889343261719
C12 700.03 94.78414916992188
C12 725.012 95.78446960449219
C12 750.022 97.11705017089844
C12 774.987 98.96471405029297
C12 799.976 99.00021362304688
C12 824.988 99.41819763183594
C12 850.022 98.91238403320312
C12 869.967 97.51405334472656
C12 875.002 96.6040267944336
C12 899.999 91.415283203125
C12 919.999 84.40565490722656
C12 925.012 81.72187042236328
C12 949.965 70.46592712402344
C12 975.002 54.802024841308594
C12 999.976 37.76521301269531
C12 1025.028 21.045719146728516
C12 1050.014 9.923667907714844
C12 1075.002 0.9252163952947198
C12 1099.99 0.09179912076230755
C13 319.994 43.203670501708984
C13 324.969 43.88021469116211
C13 349.982 49.77811813354492
C13 374.975 65.41465759277344
C13 400.019 82.21040344238281
C13 424.965 87.56058502197266
C13 450.035 87.9818115234375
C13 475.003 88.75240325927734
C13 500.018 86.9609603881836
C13 525.002 86.42103576660156
C13 550.029 87.3988265991211
C13 575.023 88.9900131225586
C13 599.982 89.51792907714844
C13 619.997 90.6374282836914
C13 624.979 90.90106964111328
C13 650.012 91.70999145507812
C13 675.004 93.05123901367188
C13 700.03 94.77742004394531
C13 725.012 95.79141998291016
C13 750.022 97.13927459716797
C13 774.987 99.00704956054688
C13 799.976 99.05142974853516
C13 824.988 99.4873275756836
C13 850.022 98.99224090576172
C13 869.967 97.62212371826172
C13 875.002 96.72406005859375
C13 899.999 91.55992126464844
C13 919.999 84.50476837158203
C13 925.012 81.79833984375
C13 949.965 70.51835632324219
C13 975.002 54.934417724609375
C13 999.976 37.85689926147461
C13 1025.028 21.094905853271484
C13 1050.014 9.921446800231934
C13 1075.002 0.9254279808059523
C13 1099.99 0.09182011408235244
C14 319.994 43.06979751586914
C14 324.969 43.69651412963867
C14 349.982 49.39348602294922
C14 374.975 64.93830108642578
C14 400.019 81.90209197998047
C14 424.965 87.43923950195312
C14 450.035 87.9439697265625
C14 475.003 88.72409057617188
C14 500.018 86.9122085571289
C14 525.002 86.3366928100586
C14 550.029 87.29190063476562
C14 575.023 88.86409759521484
C14 599.982 89.38394165039062
C14 619.997 90.4983139038086
C14 624.979 90.76129913330078
C14 650.012 91.56637573242188
C14 675.004 92.90568542480469
C14 700.03 94.63350677490234
C14 725.012 95.6650390625
C14 750.022 97.02582550048828
C14 774.987 98.9117660522461
C14 799.976 98.97198486328125
C14 824.988 99.4178695678711
C14 850.022 98.9409408569336
C14 869.967 97.60017395019531
C14 875.002 96.7071533203125
C14 899.999 91.55203247070312
C14 919.999 84.46912384033203
C14 925.012 81.76029205322266
C14 949.965 70.48543548583984
C14 975.002 54.969600677490234
C14 999.976 37.89249038696289
C14 1025.028 21.104604721069336
C14 1050.014 9.90824031829834
C14 1075.002 0.9243470303311702
C14 1099.99 0.09171286316929333
C15 319.994 43.120262145996094
C15 324.969 43.70524215698242
C15 349.982 49.24320983886719
C15 374.975 64.74675750732422
C15 400.019 81.82904052734375
C15 424.965 87.54927062988281
C15 450.035 88.1879653930664
C15 475.003 89.04561614990234
C15 500.018 87.22933959960938
C15 525.002 86.62078857421875
C15 550.029 87.51185607910156
C15 575.023 88.99724578857422
C15 599.982 89.43822479248047
C15 619.997 90.5029067993164
C15 624.979 90.75343322753906
C15 650.012 91.524169921875
C15 675.004 92.84591674804688
C15 700.03 94.56805419921875
C15 725.012 95.60692596435547
C15 750.022 96.98920440673828
C15 774.987 98.89766693115234
C15 799.976 98.97725677490234
C15 824.988 99.43034362792969
C15 850.022 98.98673248291016
C15 869.967 97.67059326171875
C15 875.002 96.77842712402344
C15 899.999 91.60951232910156
C15 919.999 84.5282211303711
C15 925.012 81.8276138305664
C15 949.965 70.5646743774414
C15 975.002 55.07209396362305
C15 999.976 37.99081039428711
C15 1025.028 21.139678955078125
C15 1050.014 9.912101745605469
C15 1075.002 0.9239979551795791
C15 1099.99 0.09167822825344121
C16 319.994 43.05622100830078
C16 324.969 43.599281311035156
C16 349.982 48.96967697143555
C16 374.975 64.41541290283203
C16 400.019 81.64388275146484
C16 424.965 87.51280975341797
C16 450.035 88.21601867675781
C16 475.003 89.0736083984375
C16 500.018 87.24117279052734
C16 525.002 86.60221099853516
C16 550.029 87.47517395019531
C16 575.023 88.94873046875
C16 599.982 89.38043975830078
C16 619.997 90.44257354736328
C16 624.979 90.69466400146484
C16 650.012 91.46073913574219
C16 675.004 92.78311920166016
C16 700.03 94.51392364501953
C16 725.012 95.57160949707031
C16 750.022 96.98049926757812
C16 774.987 98.91686248779297
C16 799.976 99.01432800292969
C16 824.988 99.4779281616211
C16 850.022 99.05548095703125
C16 869.967 97.75672912597656
C16 875.002 96.8631591796875
C16 899.999 91.67455291748047
C16 919.999 84.59247589111328
C16 925.012 81.90003967285156
C16 949.965 70.69017791748047
C16 975.002 55.18461990356445
C16 999.976 38.03750991821289
C16 1025.028 21.153568267822266
C16 1050.014 9.908917427062988
C16 1075.002 0.9239147893555504
C16 1099.99 0.09166997661678397
C17 319.994 42.89292526245117
C17 324.969 43.400428771972656
C17 349.982 48.60308074951172
C17 374.975 63.928409576416016
C17 400.019 81.28707885742188
C17 424.965 87.25208282470703
C17 450.035 87.94173431396484
C17 475.003 88.72080993652344
C17 500.018 86.85359954833984
C17 525.002 86.21158599853516
C17 550.029 87.12377166748047
C17 575.023 88.6617431640625
C17 599.982 89.15200805664062
C17 619.997 90.24468231201172
C17 624.979 90.50125122070312
C17 650.012 91.29240417480469
C17 675.004 92.62840270996094
C17 700.03 94.37246704101562
C17 725.012 95.46028900146484
C17 750.022 96.90204620361328
C17 774.987 98.87290954589844
C17 799.976 98.98698425292969
C17 824.988 99.46038055419922
C17 850.022 99.04119110107422
C17 869.967 97.72029113769531
C17 875.002 96.81952667236328
C17 899.999 91.56278228759766
C17 919.999 84.48223876953125
C17 925.012 81.80886840820312
C17 949.965 70.82574462890625
C17 975.002 55.244415283203125
C17 999.976 37.93675994873047
C17 1025.028 21.09463119506836
C17 1050.014 9.860320091247559
C17 1075.002 0.923167083943128
C17 1099.99 0.09159578997266625
