lsstCam/transmission_filter_detector/r11_s10/i_39/19700101T000000.ecsv
# %ECSV 1.0
# ---
# datatype:
# - {name: wavelength, unit: nm, datatype: float32}
# - {name: efficiency, unit: '%', datatype: float64}
# meta: !!omap
# - {MODE: DETECTOR}
# - {TYPE: transmission_filter_detector}
# - {CALIBDATE: '1970-01-01T00:00:00'}
# - {INSTRUME: LSSTCam}
# - {OBSTYPE: transmission_filter_detector}
# - {CALIBCLS: lsst.ip.isr.IntermediateFilterDetectorTransmissionCurve}
# - {SOURCE: Materion (DM-46256)}
# - {DETECTOR: 39}
# - {FILTER: i_39}
# - {CALIB_ID: 'calibDate=1970-01-01T00:00:00 filter=i_39 detector=39'}
# - {DATE: '2025-04-02T15:59:46.660158'}
# - {CALIB_CREATION_DATE: '2025-04-02'}
# - {CALIB_CREATION_TIME: '15:59:46'}
# - __serialized_columns__:
#     efficiency:
#       __class__: astropy.units.quantity.Quantity
#       unit: !astropy.units.Unit {unit: '%'}
#       value: !astropy.table.SerializedColumn {name: efficiency}
#     wavelength:
#       __class__: astropy.units.quantity.Quantity
#       unit: !astropy.units.Unit {unit: nm}
#       value: !astropy.table.SerializedColumn {name: wavelength}
# schema: astropy-2.0
wavelength efficiency
300.0 0.08141477010212839
301.0 0.04029695992358029
302.0 1.600358517581113e-10
303.0 0.014742738858330995
304.0 0.03030629886779934
305.0 0.028450411628000438
306.0 0.026594530208967626
307.0 0.008259352034656331
308.0 1.600358517581113e-10
309.0 1.600358517581113e-10
310.0 1.600358517581113e-10
311.0 1.600358517581113e-10
312.0 0.004439819895196706
313.0 0.00039977821870706975
314.0 1.600358517581113e-10
315.0 1.600358517581113e-10
316.0 1.600358517581113e-10
317.0 1.600358517581113e-10
318.0 1.600358517581113e-10
319.0 1.600358517581113e-10
320.0 1.600358517581113e-10
321.0 1.600358517581113e-10
322.0 1.600358517581113e-10
323.0 1.600358517581113e-10
324.0 1.600358517581113e-10
325.0 1.600358517581113e-10
326.0 1.600358517581113e-10
327.0 0.0007765941518300679
328.0 0.004007499956060201
329.0 0.00277552298939554
330.0 0.0015435454770340584
331.0 0.0011011608876287937
332.0 0.0006587765710719395
333.0 0.0017510901670902967
334.0 0.002843403854058124
335.0 0.0019547778720152564
336.0 0.0010661521628207993
337.0 0.0015243874258885626
338.0 0.001982622779905796
339.0 0.0022295846065389924
340.0 0.00247654716076795
341.0 1.600358517581113e-10
342.0 1.600358517581113e-10
343.0 1.600358517581113e-10
344.0 1.600358517581113e-10
345.0 1.600358517581113e-10
346.0 1.600358517581113e-10
347.0 1.600358517581113e-10
348.0 1.600358517581113e-10
349.0 1.600358517581113e-10
350.0 0.0003231079745091847
351.0 1.600358517581113e-10
352.0 1.600358517581113e-10
353.0 1.600358517581113e-10
354.0 1.600358517581113e-10
355.0 1.600358517581113e-10
356.0 1.600358517581113e-10
357.0 0.0007738402928225696
358.0 0.0015931624147924595
359.0 0.001450188756280113
360.0 0.0013072147339698859
361.0 0.0008718207027413882
362.0 0.00043642658056342043
363.0 0.0001015332145470893
364.0 1.600358517581113e-10
365.0 0.0010748096428869758
366.0 0.002382979801041074
367.0 0.0014122344509814866
368.0 0.0004414891009218991
369.0 0.0010051491699414328
370.0 0.0015688092389609665
371.0 0.0011778557563957293
372.0 0.000786902273830492
373.0 0.0006558687800861662
374.0 0.0005248351953923702
375.0 0.00021644821117661195
376.0 1.600358517581113e-10
377.0 1.600358517581113e-10
378.0 1.600358517581113e-10
379.0 1.600358517581113e-10
380.0 1.600358517581113e-10
381.0 1.600358517581113e-10
382.0 1.600358517581113e-10
383.0 1.600358517581113e-10
384.0 0.0010450805348227732
385.0 0.0010691400348150637
386.0 0.0010931993529084139
387.0 1.600358517581113e-10
388.0 1.600358517581113e-10
389.0 1.600358517581113e-10
390.0 1.600358517581113e-10
391.0 1.600358517581113e-10
392.0 1.600358517581113e-10
393.0 1.600358517581113e-10
394.0 0.0008321553650603164
395.0 1.600358517581113e-10
396.0 1.600358517581113e-10
397.0 1.600358517581113e-10
398.0 1.600358517581113e-10
399.0 1.600358517581113e-10
400.0 1.600358517581113e-10
401.0 1.600358517581113e-10
402.0 1.600358517581113e-10
403.0 1.600358517581113e-10
404.0 0.00024236678655142896
405.0 0.002783177660603542
406.0 0.005323988079908304
407.0 0.0034844986657844856
408.0 0.0016450067050755024
409.0 0.0006000032499287045
410.0 1.600358517581113e-10
411.0 0.002482724448782392
412.0 0.005410452286014333
413.0 0.004956855264026672
414.0 0.004503258969634771
415.0 0.004161887045484036
416.0 0.0038205147575354204
417.0 0.0023198806957225315
418.0 0.0008192464520107023
419.0 0.002769092134258244
420.0 0.004718937634606846
421.0 0.004462931246962398
422.0 0.00420692449552007
423.0 0.004705731043941341
424.0 0.005204536864766851
425.0 0.003698986620292999
426.0 0.002193435466324445
427.0 0.003785141961998306
428.0 0.005376849003368989
429.0 0.00545849215995986
430.0 0.005540136407944374
431.0 0.004078920028405264
432.0 0.0026177041945629753
433.0 0.002996634430019185
434.0 0.003375564847374335
435.0 0.00276082573691383
436.0 0.002146086626453325
437.0 0.0015812598576303571
438.0 0.0010164331797568593
439.0 0.001610197068657726
440.0 0.002203961048508063
441.0 0.000457282476418186
442.0 1.600358517581113e-10
443.0 1.600358517581113e-10
444.0 1.600358517581113e-10
445.0 1.600358517581113e-10
446.0 1.600358517581113e-10
447.0 8.081195801423746e-05
448.0 0.000547787794857868
449.0 1.600358517581113e-10
450.0 1.600358517581113e-10
451.0 1.600358517581113e-10
452.0 0.0010629144526319578
453.0 0.0014168683264870197
454.0 0.0017708225641399622
455.0 0.0019026041627512313
456.0 0.0020343857613625005
457.0 0.0012705696462944616
458.0 0.0005067533038527472
459.0 0.00027763853722717613
460.0 4.852370238950243e-05
461.0 0.000294335518447042
462.0 0.0005401474027166842
463.0 6.263132377171132e-05
464.0 1.600358517581113e-10
465.0 0.00011340484888933133
466.0 0.0006416943051590351
467.0 0.0007225098215712933
468.0 0.0008033253834582865
469.0 0.0006208249942574184
470.0 0.00043832465053128544
471.0 0.0006062364263925701
472.0 0.0007741483386780601
473.0 0.0009551551556796767
474.0 0.001136162336479174
475.0 0.0006108519301051274
476.0 8.554188752896152e-05
477.0 0.0006238737114472315
478.0 0.0011622056263149716
479.0 0.0012741492355416995
480.0 0.0013860928447684273
481.0 0.002718968244153075
482.0 0.0040518421883462
483.0 0.005395770858740434
484.0 0.006739699165336788
485.0 0.0071099522756412625
486.0 0.007480205385945737
487.0 0.01071123406291008
488.0 0.013942264195065945
489.0 0.016964907990768552
490.0 0.01998755324166268
491.0 0.022089086996857077
492.0 0.024190622207242996
493.0 0.025881777401082218
494.0 0.02757293696049601
495.0 0.02488619356881827
496.0 0.022199445811565965
497.0 0.01816385774873197
498.0 0.014128268230706453
499.0 0.010219550313195214
500.0 0.006310832395683974
501.0 0.00461765012005344
502.0 0.002924468572018668
503.0 0.002527393553464208
504.0 0.002130318353010807
505.0 0.0020638750356738456
506.0 0.0019974315364379436
507.0 0.002002955625357572
508.0 0.0020084791685803793
509.0 0.001911239633045625
510.0 0.0018140000975108705
511.0 0.001440756932424847
512.0 0.0010675137673388235
513.0 0.001436624279449461
514.0 0.0018057346096611582
515.0 0.00223630868276814
516.0 0.002666882755875122
517.0 0.0022978822016739286
518.0 0.0019288814655737951
519.0 0.001996659193537198
520.0 0.0020644367396016605
521.0 0.0016928912373259664
522.0 0.0013213460078986827
523.0 0.0013904308616474736
524.0 0.001459515988244675
525.0 0.0019522889488143846
526.0 0.002445061727485154
527.0 0.0024508517526555806
528.0 0.0024566417778260075
529.0 0.002016315920627676
530.0 0.0015759900634293444
531.0 0.0015157705092860851
532.0 0.0014555509551428258
533.0 0.0016037392924772575
534.0 0.0017519276298116893
535.0 0.0017401096556568518
536.0 0.001728291499603074
537.0 0.0024566150386817753
538.0 0.0031849380320636556
539.0 0.003800445483648218
540.0 0.004415952935232781
541.0 0.005018111187382601
542.0 0.005620269803330302
543.0 0.005069961480330676
544.0 0.00451965352112893
545.0 0.003578100586310029
546.0 0.002636547651491128
547.0 0.0021712370653403923
548.0 0.0017059264791896567
549.0 0.0017601103536435403
550.0 0.0018142944099963643
551.0 0.0015855004676268436
552.0 0.0013567066162067931
553.0 0.0015107830222405028
554.0 0.0016648595192236826
555.0 0.0012384959518385585
556.0 0.0008121323844534345
557.0 0.0007852974704292137
558.0 0.0007584627837786684
559.0 0.00030150063139444683
560.0 1.600358517581113e-10
561.0 0.0006689804649795406
562.0 0.0014934223145246506
563.0 0.0015975765563780442
564.0 0.0017017307982314378
565.0 0.0013855533325113356
566.0 0.0010693759577407036
567.0 0.0008228224032791331
568.0 0.0005762688488175627
569.0 0.0006960016889934195
570.0 0.000815734347270336
571.0 0.0005030261036154116
572.0 0.0001903179054352222
573.0 0.0003649681275419425
574.0 0.0005396183951233979
575.0 0.0004455705493455753
576.0 0.00035152263535565
577.0 0.00043110421756864525
578.0 0.0005106858225190081
579.0 0.00023858631266193697
580.0 1.600358517581113e-10
581.0 0.0001049844058798044
582.0 0.00024348200895474292
583.0 0.0003999053660663776
584.0 0.000556328586753807
585.0 0.0007425158401019871
586.0 0.0009287032298743725
587.0 0.0008090373739833012
588.0 0.0006893713816680247
589.0 0.0005539936864806805
590.0 0.00041861603676807135
591.0 0.0006202320037118625
592.0 0.000821848152554594
593.0 0.0005948515990894521
594.0 0.0003678549774122075
595.0 0.0006871922323625768
596.0 0.0010065293281513732
597.0 0.0008234142114815768
598.0 0.0006402991402865155
599.0 0.0005334562956704758
600.0 0.0004266133146302309
601.0 0.0004253260613040766
602.0 0.0004240387170284521
603.0 0.000321587617690966
604.0 0.0002191363591919071
605.0 0.0002090317366310046
606.0 0.00019892709133273456
607.0 0.0003748861672647763
608.0 0.0005508451067726128
609.0 0.0005438866537588183
610.0 0.0005369279278966133
611.0 0.0007152818398026284
612.0 0.0008936358426581137
613.0 0.0006290334567893296
614.0 0.00036443113913264824
615.0 9.91089791568811e-05
616.0 1.600358517581113e-10
617.0 6.653675654888502e-06
618.0 0.00017952065718418453
619.0 0.00035068269426119514
620.0 0.0005218448222876759
621.0 0.0005900003088754602
622.0 0.0006581557499885093
623.0 0.0005721008164982777
624.0 0.00048604597395751625
625.0 0.00042146180021518376
626.0 0.00035687771742232144
627.0 0.00029372720291576115
628.0 0.00023057668840920087
629.0 0.00039817205106373876
630.0 0.0005657675046677468
631.0 0.0005270693236525403
632.0 0.0004883711881120689
633.0 0.000442934151578811
634.0 0.000397497069570818
635.0 0.0004228114448778797
636.0 0.0004481257747102063
637.0 0.00035094681152259
638.0 0.0002537677119107684
639.0 0.0005771486939920578
640.0 0.000900529539649142
641.0 0.0006746811777702533
642.0 0.0004488328613660997
643.0 0.0006338287221296923
644.0 0.0008188246283680201
645.0 0.0007314963113458361
646.0 0.0006441681307478575
647.0 0.0008279570465674624
648.0 0.0010117462807102129
649.0 0.0008213038199755829
650.0 0.0006308614501904231
651.0 0.0008523466021870263
652.0 0.0010738318451330997
653.0 0.0012035911822749767
654.0 0.0013333504284673836
655.0 0.0019690964109031484
656.0 0.002604842302389443
657.0 0.003617441689129919
658.0 0.004630039984476753
659.0 0.007131153688533232
660.0 0.08624299080111086
661.0 0.10725032771006227
662.0 0.09109755046665668
663.0 0.1347213052213192
664.0 0.12939991429448128
665.0 0.12337261578068137
666.0 0.17357838805764914
667.0 0.19270720658823848
668.0 0.1709958421997726
669.0 0.319559290073812
670.0 0.37450732197612524
671.0 0.5788098089396954
672.0 0.9055971167981625
673.0 1.3876891694962978
674.0 2.1083826199173927
675.0 2.951204404234886
676.0 4.0924981236457825
677.0 5.4239824414253235
678.0 6.724521517753601
679.0 8.17783772945404
680.0 10.098274797201157
681.0 12.140604108572006
682.0 14.680375158786774
683.0 17.417369782924652
684.0 20.376311242580414
685.0 23.23393076658249
686.0 26.253047585487366
687.0 29.461413621902466
688.0 32.716286182403564
689.0 36.06023192405701
690.0 39.9222195148468
691.0 44.165706634521484
692.0 49.14654493331909
693.0 54.475337266922
694.0 60.479968786239624
695.0 66.11616015434265
696.0 72.40993976593018
697.0 77.96339392662048
698.0 83.87058973312378
699.0 88.19709420204163
700.0 91.54976010322571
701.0 94.20018196105957
702.0 95.97758650779724
703.0 96.94298505783081
704.0 97.39564061164856
705.0 97.70325422286987
706.0 97.71226644515991
707.0 97.86264896392822
708.0 97.90294766426086
709.0 97.909414768219
710.0 97.67683148384094
711.0 97.94200658798218
712.0 97.82178997993469
713.0 97.90135622024536
714.0 97.98623323440552
715.0 98.02176356315613
716.0 97.87882566452026
717.0 98.08921813964844
718.0 98.20178151130676
719.0 98.0631947517395
720.0 98.32881093025208
721.0 98.2409119606018
722.0 97.95595407485962
723.0 97.67870306968689
724.0 97.36778736114502
725.0 97.08935618400574
726.0 96.85297012329102
727.0 96.63863778114319
728.0 96.31695747375488
729.0 96.21989727020264
730.0 96.18502259254456
731.0 96.22699618339539
732.0 96.30162119865417
733.0 96.57707214355469
734.0 96.96879982948303
735.0 97.10635542869568
736.0 97.60115146636963
737.0 97.89366126060486
738.0 98.13880920410156
739.0 98.5144853591919
740.0 98.63232970237732
741.0 98.4794020652771
742.0 98.81729483604431
743.0 98.67060780525208
744.0 98.51864576339722
745.0 98.477041721344
746.0 98.46978783607483
747.0 98.67657423019409
748.0 98.54170680046082
749.0 98.40143918991089
750.0 98.41599464416504
751.0 98.28845262527466
752.0 98.21253418922424
753.0 98.40099811553955
754.0 98.36799502372742
755.0 98.4603226184845
756.0 98.55798482894897
757.0 98.59078526496887
758.0 98.66189956665039
759.0 98.72397184371948
760.0 98.6454427242279
761.0 98.49928617477417
762.0 98.61413240432739
763.0 98.58018755912781
764.0 98.49965572357178
765.0 98.36119413375854
766.0 98.4652042388916
767.0 98.19220900535583
768.0 98.2338011264801
769.0 98.26961159706116
770.0 98.05256128311157
771.0 98.03776741027832
772.0 98.06460738182068
773.0 97.93922305107117
774.0 97.69930839538574
775.0 97.85937070846558
776.0 97.75537252426147
777.0 97.80890941619873
778.0 97.79579043388367
779.0 97.84437417984009
780.0 97.79890775680542
781.0 98.15390110015869
782.0 98.06453585624695
783.0 98.15479516983032
784.0 98.13308715820312
785.0 98.26661944389343
786.0 98.37613701820374
787.0 98.13586473464966
788.0 98.29426407814026
789.0 98.39983582496643
790.0 98.27107191085815
791.0 98.35448265075684
792.0 98.14582467079163
793.0 98.0800986289978
794.0 98.02577495574951
795.0 97.9368269443512
796.0 97.93286323547363
797.0 97.9594349861145
798.0 97.86278009414673
799.0 97.64793515205383
800.0 97.47459292411804
801.0 97.63464331626892
802.0 97.39817976951599
803.0 97.15992212295532
804.0 96.95384502410889
805.0 96.39971256256104
806.0 95.93913555145264
807.0 94.94680762290955
808.0 93.8126802444458
809.0 92.41971373558044
810.0 90.87331295013428
811.0 88.74582052230835
812.0 86.20686531066895
813.0 83.29868912696838
814.0 79.88449931144714
815.0 76.07993483543396
816.0 72.09548950195312
817.0 67.54653453826904
818.0 62.6023530960083
819.0 58.31789970397949
820.0 53.382766246795654
821.0 48.946014046669006
822.0 44.57511901855469
823.0 40.02933204174042
824.0 35.41557788848877
825.0 31.163039803504944
826.0 26.755309104919434
827.0 22.170613706111908
828.0 18.040433526039124
829.0 14.005672931671143
830.0 10.108659416437149
831.0 7.276435941457748
832.0 4.766270145773888
833.0 2.97551266849041
834.0 1.765521802008152
835.0 1.074025221168995
836.0 0.6109449546784163
837.0 0.35094304475933313
838.0 0.19379662116989493
839.0 0.12584463693201542
840.0 0.07394143030978739
841.0 0.02979816053994
842.0 0.028760777786374092
843.0 0.05676608998328447
844.0 0.0005869697361049475
845.0 1.600358517581113e-10
846.0 1.600358517581113e-10
847.0 1.600358517581113e-10
848.0 1.600358517581113e-10
849.0 1.600358517581113e-10
850.0 0.0014300122529675718
851.0 1.600358517581113e-10
852.0 0.001318777140113525
853.0 0.001256952054973226
854.0 0.0011951271517318673
855.0 0.0009176572348223999
856.0 0.0006401875452866079
857.0 0.0008339287887793034
858.0 0.0010276697139488533
859.0 0.0006434417173295515
860.0 0.00025921353881130926
861.0 0.0001423123876520549
862.0 2.541113701681752e-05
863.0 6.322624699350854e-05
864.0 0.00010104137118105427
865.0 9.57914949140104e-05
866.0 9.054158454091521e-05
867.0 4.681288316987775e-05
868.0 3.084143074261192e-06
869.0 1.600358517581113e-10
870.0 1.600358517581113e-10
871.0 1.600358517581113e-10
872.0 0.0001620969896976021
873.0 0.00024271901111205807
874.0 0.0003233410097891465
875.0 0.0002690317387532559
876.0 0.00021472251319210045
877.0 1.600358517581113e-10
878.0 1.600358517581113e-10
879.0 2.4223186301242094e-05
880.0 0.0005094976131658768
881.0 0.00021835367078892887
882.0 1.600358517581113e-10
883.0 0.0001282385824197263
884.0 0.00032926741369010415
885.0 0.0001566586206536158
886.0 1.600358517581113e-10
887.0 0.00010612949381538783
888.0 0.00022820918275101576
889.0 8.595180815973436e-05
890.0 1.600358517581113e-10
891.0 7.738822773717402e-05
892.0 0.00021108196506247623
893.0 0.00021879482119402383
894.0 0.00022650765458820388
895.0 3.529885930220189e-05
896.0 1.600358517581113e-10
897.0 1.600358517581113e-10
898.0 1.6225149579440767e-05
