lsstCam/transmission_filter_detector/r11_s10/i_39/19700101T000000.ecsv
# %ECSV 1.0
# ---
# datatype:
# - {name: wavelength, unit: nm, datatype: float32}
# - {name: efficiency, unit: '%', datatype: float64}
# meta: !!omap
# - {MODE: DETECTOR}
# - {TYPE: transmission_filter_detector}
# - {CALIBDATE: '1970-01-01T00:00:00'}
# - {INSTRUME: LSSTCam}
# - {OBSTYPE: transmission_filter_detector}
# - {CALIBCLS: lsst.ip.isr.IntermediateFilterDetectorTransmissionCurve}
# - {SOURCE: Materion (DM-46256)}
# - {DETECTOR: 39}
# - {FILTER: i_39}
# - {CALIB_ID: 'calibDate=1970-01-01T00:00:00 filter=i_39 detector=39'}
# - {DATE: '2025-04-02T15:59:46.660158'}
# - {CALIB_CREATION_DATE: '2025-04-02'}
# - {CALIB_CREATION_TIME: '15:59:46'}
# - __serialized_columns__:
#     efficiency:
#       __class__: astropy.units.quantity.Quantity
#       unit: !astropy.units.Unit {unit: '%'}
#       value: !astropy.table.SerializedColumn {name: efficiency}
#     wavelength:
#       __class__: astropy.units.quantity.Quantity
#       unit: !astropy.units.Unit {unit: nm}
#       value: !astropy.table.SerializedColumn {name: wavelength}
# schema: astropy-2.0
wavelength efficiency
[from data line 600]
900.0 1.600358517581113e-10
901.0 1.600358517581113e-10
902.0 1.600358517581113e-10
903.0 1.600358517581113e-10
904.0 1.600358517581113e-10
905.0 1.600358517581113e-10
906.0 1.600358517581113e-10
907.0 0.00010248872968077194
908.0 0.00031720367132948013
909.0 7.438783882207645e-05
910.0 1.600358517581113e-10
911.0 1.600358517581113e-10
912.0 0.0001489575311097724
913.0 0.0001265200694433588
914.0 0.00010408263051431277
915.0 1.600358517581113e-10
916.0 1.600358517581113e-10
917.0 1.600358517581113e-10
918.0 1.600358517581113e-10
919.0 1.600358517581113e-10
920.0 5.0960272801603423e-05
921.0 1.600358517581113e-10
922.0 1.600358517581113e-10
923.0 1.600358517581113e-10
924.0 1.600358517581113e-10
925.0 0.00014432052921620198
926.0 0.00030135997803881764
927.0 8.001814677527364e-06
928.0 1.600358517581113e-10
929.0 1.600358517581113e-10
930.0 0.00013342075817490695
931.0 0.0001899837229757395
932.0 0.0002465466650392045
933.0 0.0001671218797127949
934.0 8.769710575506906e-05
935.0 1.600358517581113e-10
936.0 1.600358517581113e-10
937.0 1.600358517581113e-10
938.0 1.600358517581113e-10
939.0 1.600358517581113e-10
940.0 1.600358517581113e-10
941.0 1.600358517581113e-10
942.0 1.600358517581113e-10
943.0 1.600358517581113e-10
944.0 1.600358517581113e-10
945.0 1.600358517581113e-10
946.0 3.759745936804393e-05
947.0 1.600358517581113e-10
948.0 1.600358517581113e-10
949.0 1.600358517581113e-10
950.0 1.600358517581113e-10
951.0 1.600358517581113e-10
952.0 1.600358517581113e-10
953.0 1.600358517581113e-10
954.0 1.600358517581113e-10
955.0 5.453641165331646e-05
956.0 0.00019280910237284843
957.0 9.749778655532282e-05
958.0 2.186424197248016e-06
959.0 9.248690844287921e-05
960.0 0.00018278742572874762
961.0 0.00016006559917514096
962.0 0.00013734378399021807
963.0 3.869353406571463e-05
964.0 1.600358517581113e-10
965.0 1.600358517581113e-10
966.0 1.600358517581113e-10
967.0 1.600358517581113e-10
968.0 1.600358517581113e-10
969.0 1.600358517581113e-10
970.0 1.802929006089471e-05
971.0 1.600358517581113e-10
972.0 1.600358517581113e-10
973.0 1.600358517581113e-10
974.0 1.600358517581113e-10
975.0 1.600358517581113e-10
976.0 8.560363085052813e-06
977.0 1.600358517581113e-10
978.0 1.600358517581113e-10
979.0 1.600358517581113e-10
980.0 1.600358517581113e-10
981.0 1.600358517581113e-10
982.0 1.600358517581113e-10
983.0 1.600358517581113e-10
984.0 1.600358517581113e-10
985.0 1.600358517581113e-10
986.0 0.00018678563264984405
987.0 2.6705419031713973e-05
988.0 1.600358517581113e-10
989.0 1.600358517581113e-10
990.0 1.600358517581113e-10
991.0 1.600358517581113e-10
992.0 1.600358517581113e-10
993.0 1.600358517581113e-10
994.0 7.008313787082443e-05
995.0 1.600358517581113e-10
996.0 1.600358517581113e-10
997.0 8.482327871206508e-05
998.0 0.0004045828973175958
999.0 0.00035199641388317104
1000.0 0.00029940983949927613
1001.0 0.00015471923688892275
1002.0 1.002859235654796e-05
1003.0 1.600358517581113e-10
1004.0 1.600358517581113e-10
1005.0 1.600358517581113e-10
1006.0 1.600358517581113e-10
1007.0 1.600358517581113e-10
1008.0 8.329053571287659e-05
1009.0 5.700246106243867e-05
1010.0 3.0714335252923775e-05
1011.0 0.0001300670646742219
1012.0 0.00022941976567381062
1013.0 0.00039282340367208235
1014.0 0.0005562270871450892
1015.0 0.00047014245865284465
1016.0 0.0003840578756353352
1017.0 0.00044578177949006204
1018.0 0.000507505774294259
1019.0 0.0004142159923503641
1020.0 0.0003209260739822639
1021.0 0.00020811048671021126
1022.0 9.529482554171409e-05
1023.0 0.0005817039436806226
1024.0 0.0010681131243472919
1025.0 0.0007675966116948985
1026.0 0.00046707996261829976
1027.0 0.00040815416468831245
1028.0 0.00034922832128359005
1029.0 0.0007507516784244217
1030.0 0.0011522750355652533
1031.0 0.0018216887838207185
1032.0 0.0024911023501772434
1033.0 0.002541635876696091
1034.0 0.002592168857518118
1035.0 0.0031763633160153404
1036.0 0.003760557228815742
1037.0 0.003753159398911521
1038.0 0.0037457608414115384
1039.0 0.003250207009841688
1040.0 0.0027546535420697182
1041.0 0.002297124228789471
1042.0 0.0018395950974081643
1043.0 0.00264870650426019
1044.0 0.0034578180930111557
1045.0 0.003530756293912418
1046.0 0.003603695222409442
1047.0 0.0032088428270071745
1048.0 0.0028139902497059666
1049.0 0.002455204048601445
1050.0 0.0020964176655979827
1051.0 0.002214566666225437
1052.0 0.002332715848751832
1053.0 0.0015612877177773044
1054.0 0.0007898594049038365
1055.0 0.0007040962827886688
1056.0 0.000618333160673501
1057.0 0.0005758154657087289
1058.0 0.0005332979526428971
1059.0 0.000873328281159047
1060.0 0.0012133588825236075
1061.0 0.0017670721717877313
1062.0 0.0023207850972539745
1063.0 0.002755260720732622
1064.0 0.003189736162312329
1065.0 0.0035101860703434795
1066.0 0.003830636342172511
1067.0 0.00440265575889498
1068.0 0.004974674811819568
1069.0 0.003993408245150931
1070.0 0.0030121413146844134
1071.0 0.0030076475013629533
1072.0 0.0030031533242436126
1073.0 0.003058358925045468
1074.0 0.0031135645258473232
1075.0 0.0031784093152964488
1076.0 0.0032432537409476936
1077.0 0.002461697476974223
1078.0 0.001680140667303931
1079.0 0.0019972892914665863
1080.0 0.0023144379156292416
1081.0 0.0014937035302864388
1082.0 0.0006729690994689008
1083.0 0.0004052977146784542
1084.0 0.0001376261707264348
1085.0 0.0005735897957492853
1086.0 0.0010095537618326489
1087.0 0.0009931830390996765
1088.0 0.0009768124073161744
1089.0 1.600358517581113e-10
1090.0 1.600358517581113e-10
1091.0 1.600358517581113e-10
1092.0 1.600358517581113e-10
1093.0 1.600358517581113e-10
1094.0 0.00024732707970542833
1095.0 0.00039783890315447934
1096.0 0.0005483508630277356
1097.0 1.600358517581113e-10
1098.0 1.600358517581113e-10
1099.0 1.600358517581113e-10
1100.0 1.600358517581113e-10
