lsstCam/transmission_filter_detector/r13_s10/u_24/19700101T000000.ecsv
# %ECSV 1.0
# ---
# datatype:
# - {name: wavelength, unit: nm, datatype: float32}
# - {name: efficiency, unit: '%', datatype: float64}
# meta: !!omap
# - {MODE: DETECTOR}
# - {TYPE: transmission_filter_detector}
# - {CALIBDATE: '1970-01-01T00:00:00'}
# - {INSTRUME: LSSTCam}
# - {OBSTYPE: transmission_filter_detector}
# - {CALIBCLS: lsst.ip.isr.IntermediateFilterDetectorTransmissionCurve}
# - {SOURCE: Materion (DM-46256)}
# - {DETECTOR: 57}
# - {FILTER: u_24}
# - {CALIB_ID: 'calibDate=1970-01-01T00:00:00 filter=u_24 detector=57'}
# - {DATE: '2025-04-02T15:59:40.013410'}
# - {CALIB_CREATION_DATE: '2025-04-02'}
# - {CALIB_CREATION_TIME: '15:59:40'}
# - __serialized_columns__:
#     efficiency:
#       __class__: astropy.units.quantity.Quantity
#       unit: !astropy.units.Unit {unit: '%'}
#       value: !astropy.table.SerializedColumn {name: efficiency}
#     wavelength:
#       __class__: astropy.units.quantity.Quantity
#       unit: !astropy.units.Unit {unit: nm}
#       value: !astropy.table.SerializedColumn {name: wavelength}
# schema: astropy-2.0
wavelength efficiency
295.0 1.5838071956361666e-10
296.0 1.5838071956361666e-10
297.0 1.5838071956361666e-10
298.0 1.5838071956361666e-10
299.0 0.056631717598065734
300.0 1.5838071956361666e-10
301.0 1.5838071956361666e-10
302.0 1.5838071956361666e-10
303.0 1.5838071956361666e-10
304.0 1.5838071956361666e-10
305.0 0.7566973101347685
306.0 1.5072059817612171
307.0 2.817290835082531
308.0 4.867886006832123
309.0 7.8790731728076935
310.0 11.004927009344101
311.0 14.663513004779816
312.0 18.447834253311157
313.0 21.46148532629013
314.0 24.675072729587555
315.0 26.961427927017212
316.0 29.24320697784424
317.0 31.565356254577637
318.0 34.214165806770325
319.0 37.84340023994446
320.0 42.76686906814575
321.0 47.96073138713837
322.0 54.04548645019531
323.0 59.59573984146118
324.0 64.218670129776
325.0 67.76701211929321
326.0 70.32188773155212
327.0 72.21711277961731
328.0 74.00142550468445
329.0 75.46165585517883
330.0 76.81081891059875
331.0 77.63410210609436
332.0 78.0541181564331
333.0 78.17848324775696
334.0 78.03057432174683
335.0 78.14903855323792
336.0 78.31143736839294
337.0 78.78643870353699
338.0 79.55043315887451
339.0 80.25912046432495
340.0 80.6885838508606
341.0 81.18860721588135
342.0 81.51698708534241
343.0 81.48004412651062
344.0 81.68546557426453
345.0 81.9817066192627
346.0 82.29215741157532
347.0 82.62435793876648
348.0 82.84544348716736
349.0 83.07436108589172
350.0 83.1487238407135
351.0 83.44500064849854
352.0 83.28103423118591
353.0 83.14952254295349
354.0 83.06924104690552
355.0 83.19825530052185
356.0 83.4180474281311
357.0 83.415287733078
358.0 83.14259648323059
359.0 82.93671011924744
360.0 82.79544711112976
361.0 82.60438442230225
362.0 82.49397873878479
363.0 82.61690735816956
364.0 82.70597457885742
365.0 82.88532495498657
366.0 83.06036591529846
367.0 83.04817080497742
368.0 83.03846716880798
369.0 83.0177903175354
370.0 82.73268938064575
371.0 82.53260850906372
372.0 82.49906301498413
373.0 82.58983492851257
374.0 82.57626295089722
375.0 82.84936547279358
376.0 82.93206095695496
377.0 82.99887776374817
378.0 82.99887776374817
379.0 82.85101652145386
380.0 82.20931887626648
381.0 80.98509311676025
382.0 79.27902936935425
383.0 77.30967998504639
384.0 75.23568272590637
385.0 72.94802665710449
386.0 70.52534818649292
387.0 67.3986554145813
388.0 64.17288184165955
389.0 60.3560209274292
390.0 56.433117389678955
391.0 52.243590354919434
392.0 47.85434007644653
393.0 44.05908286571503
394.0 40.789794921875
395.0 37.49966025352478
396.0 34.14795696735382
397.0 29.636865854263306
398.0 24.401775002479553
399.0 17.876872420310974
400.0 11.648936569690704
401.0 6.659505516290665
402.0 3.116505965590477
403.0 1.0758579708635807
404.0 0.3452504752203822
405.0 0.13746527256444097
406.0 0.06639431230723858
407.0 0.048746500397101045
408.0 0.027447682805359364
409.0 1.5838071956361666e-10
410.0 1.5838071956361666e-10
411.0 1.5838071956361666e-10
412.0 0.003065392593271099
413.0 1.5838071956361666e-10
414.0 1.5838071956361666e-10
415.0 1.5838071956361666e-10
416.0 1.5838071956361666e-10
417.0 1.5838071956361666e-10
418.0 0.0015339443052653223
419.0 1.5838071956361666e-10
420.0 1.5838071956361666e-10
421.0 1.5838071956361666e-10
422.0 1.5838071956361666e-10
423.0 1.5838071956361666e-10
424.0 1.5838071956361666e-10
425.0 1.5838071956361666e-10
426.0 0.0009926032362272963
427.0 0.0005822937055199873
428.0 0.00017198286741404445
429.0 0.0007432853180944221
430.0 0.001314587552769808
431.0 0.0009411346582055558
432.0 0.0005676820364897139
433.0 0.0009574365321896039
434.0 0.001347190573142143
435.0 0.001418041210854426
436.0 0.001488891848566709
437.0 1.5838071956361666e-10
438.0 1.5838071956361666e-10
439.0 1.5838071956361666e-10
440.0 0.000994608853943646
441.0 1.5838071956361666e-10
442.0 1.5838071956361666e-10
443.0 1.5838071956361666e-10
444.0 1.5838071956361666e-10
445.0 1.5838071956361666e-10
446.0 1.5838071956361666e-10
447.0 1.5838071956361666e-10
448.0 1.5838071956361666e-10
449.0 1.4874773057726998e-05
450.0 0.0008388910828216467
451.0 1.5838071956361666e-10
452.0 1.5838071956361666e-10
453.0 1.5838071956361666e-10
454.0 0.00042642072912713047
455.0 1.5838071956361666e-10
456.0 1.5838071956361666e-10
457.0 1.5838071956361666e-10
458.0 1.5838071956361666e-10
459.0 1.5838071956361666e-10
460.0 1.5838071956361666e-10
461.0 1.5838071956361666e-10
462.0 1.5838071956361666e-10
463.0 1.5838071956361666e-10
464.0 7.688533969485434e-05
465.0 0.00023613422399648698
466.0 0.0003953829491365468
467.0 1.5838071956361666e-10
468.0 1.5838071956361666e-10
469.0 8.321056554905226e-06
470.0 0.000495206313644303
471.0 1.5838071956361666e-10
472.0 1.5838071956361666e-10
473.0 1.5838071956361666e-10
474.0 1.5838071956361666e-10
475.0 1.5838071956361666e-10
476.0 1.5838071956361666e-10
477.0 0.0003821377504209522
478.0 0.0011998236004728824
479.0 0.0010506239959795494
480.0 0.000901424755284097
481.0 0.0006748904070263961
482.0 0.0004483561951929005
483.0 1.5838071956361666e-10
484.0 1.5838071956361666e-10
485.0 1.5838071956361666e-10
486.0 1.5838071956361666e-10
487.0 1.5838071956361666e-10
488.0 1.5838071956361666e-10
489.0 1.5838071956361666e-10
490.0 1.5838071956361666e-10
491.0 1.5838071956361666e-10
492.0 1.5838071956361666e-10
493.0 1.5838071956361666e-10
494.0 1.5838071956361666e-10
495.0 2.4638342210892006e-05
496.0 0.00105671351775527
497.0 0.0005695260824722936
498.0 8.233842549998371e-05
499.0 0.0005438524567580316
500.0 0.0010053666301246267
501.0 0.0005607405455521075
502.0 0.0001161147565653664
503.0 1.5838071956361666e-10
504.0 1.5838071956361666e-10
505.0 1.5838071956361666e-10
506.0 1.5838071956361666e-10
507.0 1.5838071956361666e-10
508.0 1.5838071956361666e-10
509.0 1.5838071956361666e-10
510.0 1.5838071956361666e-10
511.0 2.5458936292466205e-06
512.0 0.0004531292688625399
513.0 0.00033397491279174574
514.0 0.0002148202156604384
515.0 0.00025857095806713914
516.0 0.0003023217232112074
517.0 0.00014132099295238731
518.0 1.5838071956361666e-10
519.0 0.0002059529151665629
520.0 0.0004315855676395586
521.0 0.00041825396692729555
522.0 0.00040492227526556235
523.0 1.5838071956361666e-10
524.0 1.5838071956361666e-10
525.0 1.5838071956361666e-10
526.0 1.5838071956361666e-10
527.0 1.5838071956361666e-10
528.0 1.5838071956361666e-10
529.0 1.5838071956361666e-10
530.0 1.5838071956361666e-10
531.0 1.5838071956361666e-10
532.0 0.00014072352314542513
533.0 1.5838071956361666e-10
534.0 1.5838071956361666e-10
535.0 1.5838071956361666e-10
536.0 1.5838071956361666e-10
537.0 1.5838071956361666e-10
538.0 1.5838071956361666e-10
539.0 1.5838071956361666e-10
540.0 0.00010586734333628556
541.0 1.5838071956361666e-10
542.0 1.5838071956361666e-10
543.0 1.5838071956361666e-10
544.0 1.5838071956361666e-10
545.0 1.5838071956361666e-10
546.0 1.5838071956361666e-10
547.0 1.5838071956361666e-10
548.0 8.56714336805453e-05
549.0 1.5838071956361666e-10
550.0 1.5838071956361666e-10
551.0 1.5838071956361666e-10
552.0 1.5838071956361666e-10
553.0 1.5838071956361666e-10
554.0 1.5838071956361666e-10
555.0 1.5838071956361666e-10
556.0 1.5838071956361666e-10
557.0 1.5838071956361666e-10
558.0 1.5838071956361666e-10
559.0 1.5838071956361666e-10
560.0 0.00013344888429855928
561.0 4.838685185859504e-05
562.0 1.5838071956361666e-10
563.0 1.5838071956361666e-10
564.0 1.5838071956361666e-10
565.0 1.5838071956361666e-10
566.0 1.4576164630852873e-05
567.0 8.264040047833987e-05
568.0 0.00015070463632582687
569.0 0.0003991334779129829
570.0 0.0006475620466517285
571.0 0.0005307917490426917
572.0 0.00041402154238312505
573.0 0.0004826925760426093
574.0 0.0005513639734999742
575.0 0.0003321417807455873
576.0 0.00011291970167803811
577.0 0.0002169473191315774
578.0 0.00032097493658511667
579.0 0.00044427165448723827
580.0 0.0005675683951267274
581.0 0.0006932091764610959
582.0 0.0008188502761186101
583.0 0.0013085204955132212
584.0 0.0017981908968067728
585.0 0.0015868987247813493
586.0 0.0013756062799075153
587.0 0.001404646991431946
588.0 0.0014336875210574362
589.0 0.0012112488548154943
590.0 0.0009888099157251418
591.0 0.0009816137207963038
592.0 0.0009744172530190554
593.0 0.0008994392374006566
594.0 0.0008244607670349069
595.0 0.0007876472409407143
596.0 0.0007508332600991707
597.0 0.000957073370955186
598.0 0.0011633132089627907
599.0 0.0014292113519331906
600.0 0.0016951093130046502
601.0 0.0018928698409581557
602.0 0.002090630368911661
603.0 0.0018799069948727265
604.0 0.0016691838027327321
605.0 0.0015754500054754317
606.0 0.0014817162082181312
607.0 0.001358826739306096
608.0 0.0012359372703940608
609.0 0.0007506827842007624
610.0 0.0002654284344316693
611.0 0.0003921827101294184
612.0 0.0005189369858271675
613.0 0.0004094693849765463
614.0 0.00030000173865118995
615.0 0.0004823884410143364
616.0 0.0006647751433774829
617.0 0.0008714783689356409
618.0 0.0010781817763927393
619.0 0.0005569322183873737
620.0 3.5682757015820243e-05
621.0 0.0002900952949858038
622.0 0.000544507747690659
623.0 0.0005741775112255709
624.0 0.0006038472747604828
625.0 0.0006796768957428867
626.0 0.0007555064257758204
627.0 0.000622591505816672
628.0 0.0004896765403827885
629.0 0.0006074751127016498
630.0 0.0007252737304952461
631.0 0.0012510243323049508
632.0 0.0017767750250641257
633.0 0.0017924419807968661
634.0 0.0018081087546306662
635.0 0.0021522764654946513
636.0 0.0024964438125607558
637.0 0.0025167944841086864
638.0 0.002537145155656617
639.0 0.0018668750271899626
640.0 0.0011966046258748975
641.0 0.001250565765076317
642.0 0.0013045268133282661
643.0 0.0008781054020801093
644.0 0.00045168399083195254
645.0 0.0006071486041037133
646.0 0.000762613171900739
647.0 0.00024232169835158857
648.0 1.5838071956361666e-10
649.0 1.5838071956361666e-10
650.0 8.1797816164908e-05
651.0 0.0003282596708231722
652.0 0.0005747217528551118
653.0 0.0010171960639127064
654.0 0.0014596699656976853
655.0 0.0014503913007501978
656.0 0.00144111245390377
657.0 0.0022696629457641393
658.0 0.003098213710472919
659.0 0.003690610537887551
660.0 0.004283007001504302
661.0 0.004209188045933843
662.0 0.004135369090363383
663.0 0.003300943717476912
664.0 0.0024665183445904404
665.0 0.002124711863871198
666.0 0.0017829050193540752
667.0 0.0016479796613566577
668.0 0.0015130538486118894
669.0 0.0010120239494426642
670.0 0.0005109940502734389
671.0 0.0004284305759938434
672.0 0.0003458670789768803
673.0 0.00028023202958138427
674.0 0.00021459698018588824
675.0 0.00046786535676801577
676.0 0.000721133847036981
677.0 0.0013144598597136792
678.0 0.0019077862816629931
679.0 0.001987326322705485
680.0 0.0020668663637479767
681.0 0.0029650196665897965
682.0 0.0038631729694316164
683.0 0.005508906906470656
684.0 0.007154641207307577
685.0 0.007604261190863326
686.0 0.008053884084802121
687.0 0.007649346662219614
688.0 0.007244809967232868
689.0 0.006079475861042738
690.0 0.004914142482448369
691.0 0.004462440119823441
692.0 0.004010738120996393
693.0 0.003395765452296473
694.0 0.002780793329293374
695.0 0.0023435151888406835
696.0 0.0019062372302869335
697.0 0.0013226208466221578
698.0 0.0007390042355837068
699.0 0.000776192064222414
700.0 0.0008133795745379757
701.0 0.0007488385563192423
702.0 0.0006842974926257739
703.0 0.0007321662906178972
704.0 0.0007800354978826363
705.0 0.0006426324489439139
706.0 0.000505229627378867
707.0 0.0006901858796481974
708.0 0.0008751417226449121
709.0 0.0006709557510475861
710.0 0.00046676959755131975
711.0 0.0004963817900716094
712.0 0.000525993937117164
713.0 0.0007612769422848942
714.0 0.000996559811028419
715.0 0.0007628925686731236
716.0 0.0005292251898936229
717.0 0.000593193090026034
718.0 0.000657160899208975
719.0 0.000638294159216457
720.0 0.0006194273282744689
721.0 0.00041452904042671435
722.0 0.00020963068436685717
723.0 0.0004915898898616433
724.0 0.0007735491635685321
725.0 0.00043792497308459133
726.0 0.00010230073712591548
727.0 0.0003444791900619748
728.0 0.0005866577339475043
729.0 0.00045827755457139574
730.0 0.00032989753435686
731.0 0.00035918114917876665
732.0 0.0003884649231622461
733.0 0.0002509467776690144
734.0 0.00011342868901920156
735.0 0.00028177339572721394
736.0 0.000450118068329175
737.0 0.0004350933522800915
738.0 0.000420068636231008
739.0 0.00044199705371283926
740.0 0.0004639252892957302
741.0 0.0008980789061752148
742.0 0.001332232841377845
743.0 0.0016968298950814642
744.0 0.0020614264940377325
745.0 0.0025401082893949933
746.0 0.003018789539055433
747.0 0.0035896016925107688
748.0 0.004160414027865045
749.0 0.0037905254430370405
750.0 0.0034206375858047977
751.0 0.0032424082746729255
752.0 0.0030641789635410532
753.0 0.0026764719223137945
754.0 0.0022887646991875954
755.0 0.0025425979401916265
756.0 0.0027964317268924788
757.0 0.0022602604076382704
758.0 0.001724089088384062
759.0 0.001420077296643285
760.0 0.0011160655958519783
761.0 0.001280061223951634
762.0 0.00144405694300076
763.0 0.001076797616406111
764.0 0.0007095381533872569
765.0 0.0009073315595742315
766.0 0.0011051248293370008
767.0 0.001020927811623551
768.0 0.0009367308848595712
769.0 0.0007558097877335967
770.0 0.000574888554183417
771.0 0.00038167536331457086
772.0 0.0001884620132841519
773.0 0.0004030096079077339
774.0 0.0006175572707434185
775.0 0.0006090177521400619
776.0 0.0006004780061630299
777.0 0.0005791004241473274
778.0 0.0005577224783337442
779.0 0.0005342066287994385
780.0 0.0005106907792651327
781.0 0.0008034365237108432
782.0 0.0010961823136312887
783.0 0.0010270834536640905
784.0 0.0009579841389495414
785.0 0.0011079290743509773
786.0 0.0012578736459545325
787.0 0.0009899045835481957
788.0 0.0007219353392429184
789.0 0.0007818956873961724
790.0 0.0008418561264988966
791.0 0.0007625920261489227
792.0 0.0006833279257989489
793.0 0.0001927356834130478
794.0 1.5838071956361666e-10
795.0 1.5838071956361666e-10
796.0 1.5838071956361666e-10
797.0 0.00023648519800190115
798.0 0.000670304189043236
799.0 0.0003086987362621585
800.0 1.5838071956361666e-10
801.0 1.5838071956361666e-10
802.0 1.5838071956361666e-10
803.0 1.5838071956361666e-10
804.0 1.5838071956361666e-10
805.0 1.5838071956361666e-10
806.0 1.5838071956361666e-10
807.0 1.5838071956361666e-10
808.0 1.5838071956361666e-10
809.0 0.00013720311926590512
810.0 0.0004990958586859051
811.0 8.705776508577401e-05
812.0 1.5838071956361666e-10
813.0 1.752064804350084e-05
814.0 0.0003600215677579399
815.0 0.000212652616937703
816.0 6.528355243062833e-05
817.0 3.0347041501954664e-05
818.0 1.5838071956361666e-10
819.0 1.5838071956361666e-10
820.0 1.5838071956361666e-10
821.0 1.5838071956361666e-10
822.0 1.5838071956361666e-10
823.0 1.5838071956361666e-10
824.0 1.5838071956361666e-10
825.0 1.5838071956361666e-10
826.0 1.5838071956361666e-10
827.0 0.00024189482701331144
828.0 0.0006276753993006423
829.0 0.00033541073207743466
830.0 4.314651391723601e-05
831.0 1.5838071956361666e-10
832.0 1.5838071956361666e-10
833.0 1.5838071956361666e-10
834.0 1.5838071956361666e-10
835.0 1.5838071956361666e-10
836.0 1.5838071956361666e-10
837.0 1.5838071956361666e-10
838.0 1.5838071956361666e-10
839.0 1.5838071956361666e-10
840.0 1.5838071956361666e-10
841.0 1.5838071956361666e-10
842.0 0.00010121506193172536
843.0 8.963982622844924e-05
844.0 7.80645166287286e-05
845.0 8.589905178268964e-05
846.0 9.373350735586428e-05
847.0 1.5838071956361666e-10
848.0 1.5838071956361666e-10
849.0 1.5838071956361666e-10
850.0 1.5838071956361666e-10
851.0 1.5838071956361666e-10
852.0 1.5838071956361666e-10
853.0 0.00018995633581653237
854.0 0.0005034326932218391
855.0 0.0002829605818988057
856.0 6.248845920708845e-05
857.0 0.00041479493120277766
858.0 0.0007671013008803129
859.0 0.000823052687337622
860.0 0.0008790040737949312
861.0 0.0008397652891289908
862.0 0.0008005264135135803
863.0 0.0009121635230258107
864.0 0.0010238003596896306
865.0 0.0016013907952583395
866.0 0.0021789812308270484
867.0 0.002046482222795021
868.0 0.0019139835785608739
869.0 0.001798264383978676
870.0 0.0016825446436996572
871.0 0.0016551841326872818
872.0 0.0016278232578770258
873.0 0.0016998881619656458
874.0 0.0017719528841553256
875.0 0.002133351154043339
