lsstCam/transmission_filter_detector/r13_s10/u_24/19700101T000000.ecsv
# %ECSV 1.0
# ---
# datatype:
# - {name: wavelength, unit: nm, datatype: float32}
# - {name: efficiency, unit: '%', datatype: float64}
# meta: !!omap
# - {MODE: DETECTOR}
# - {TYPE: transmission_filter_detector}
# - {CALIBDATE: '1970-01-01T00:00:00'}
# - {INSTRUME: LSSTCam}
# - {OBSTYPE: transmission_filter_detector}
# - {CALIBCLS: lsst.ip.isr.IntermediateFilterDetectorTransmissionCurve}
# - {SOURCE: Materion (DM-46256)}
# - {DETECTOR: 57}
# - {FILTER: u_24}
# - {CALIB_ID: 'calibDate=1970-01-01T00:00:00 filter=u_24 detector=57'}
# - {DATE: '2025-04-02T15:59:40.013410'}
# - {CALIB_CREATION_DATE: '2025-04-02'}
# - {CALIB_CREATION_TIME: '15:59:40'}
# - __serialized_columns__:
#     efficiency:
#       __class__: astropy.units.quantity.Quantity
#       unit: !astropy.units.Unit {unit: '%'}
#       value: !astropy.table.SerializedColumn {name: efficiency}
#     wavelength:
#       __class__: astropy.units.quantity.Quantity
#       unit: !astropy.units.Unit {unit: nm}
#       value: !astropy.table.SerializedColumn {name: wavelength}
# schema: astropy-2.0
wavelength efficiency
[from data line 582]
877.0 0.002560231769166421
878.0 0.0026257141144014895
879.0 0.0027281894290354103
880.0 0.0028306654712650925
881.0 0.0029155413358239457
882.0 0.00300041774607962
883.0 0.0027021609639632516
884.0 0.002403904727543704
885.0 0.002382470847805962
886.0 0.00236103714996716
887.0 0.002140829019481316
888.0 0.001920621252793353
889.0 0.0018381955669610761
890.0 0.0017557698811287992
891.0 0.0021205169105087407
892.0 0.0024852641217876226
893.0 0.0023907399736344814
894.0 0.0022962152797845192
895.0 0.002574861173343379
896.0 0.0028535068850032985
897.0 0.003423630550969392
898.0 0.003993754580733366
899.0 0.0041339215385960415
900.0 0.004274087768862955
901.0 0.004282912414055318
902.0 0.004291737786843441
903.0 0.00454161963716615
904.0 0.004791501851286739
905.0 0.005036735819885507
906.0 0.005281969788484275
907.0 0.005473692363011651
908.0 0.005665414937539026
909.0 0.00557493076485116
910.0 0.0054844465921632946
911.0 0.005592354500549845
912.0 0.005700262408936396
913.0 0.0055928172514541075
914.0 0.005485371730173938
915.0 0.004775699198944494
916.0 0.00406602666771505
917.0 0.0038075038901297376
918.0 0.003548981112544425
919.0 0.004014632941107266
920.0 0.0044802847696701065
921.0 0.004529092984739691
922.0 0.004577901199809276
923.0 0.0053488165576709434
924.0 0.006119730096543208
925.0 0.006458640564233065
926.0 0.0067975510319229215
927.0 0.0073320559749845415
928.0 0.007866558007663116
929.0 0.00781179842306301
930.0 0.007757038838462904
931.0 0.007449274562532082
932.0 0.007141508103813976
933.0 0.0069760484620928764
934.0 0.006810588820371777
935.0 0.007031470886431634
936.0 0.0072523536800872535
937.0 0.007176341023296118
938.0 0.007100331276888028
939.0 0.006907610077178106
940.0 0.006714888877468184
941.0 0.006095197022659704
942.0 0.005475504440255463
943.0 0.004213491047266871
944.0 0.0029514781999750994
945.0 0.002419667362119071
946.0 0.0018878567061619833
947.0 0.0016308129488606937
948.0 0.0013737693734583445
949.0 0.0013148996004019864
950.0 0.0012560299182950985
951.0 0.0012246887308720034
952.0 0.0011933475434489083
953.0 0.0014141161045699846
954.0 0.0016348851204384118
955.0 0.002244883398816455
956.0 0.002854881495295558
957.0 0.0028325132007012144
958.0 0.0028101438147132285
959.0 0.0030592564144171774
960.0 0.0033083681046264246
961.0 0.0035635996027849615
962.0 0.0038188311009434983
963.0 0.004157696821494028
964.0 0.004496562178246677
965.0 0.004660227932618
966.0 0.004823893686989322
967.0 0.0048601032176520675
968.0 0.004896313475910574
969.0 0.004821817492484115
970.0 0.004747321509057656
971.0 0.004729274951387197
972.0 0.004711227666120976
973.0 0.004550138328340836
974.0 0.004389048262964934
975.0 0.004015633385279216
976.0 0.003642217779997736
977.0 0.003485949491732754
978.0 0.00332968047587201
979.0 0.0031146548280958086
980.0 0.002899628634622786
981.0 0.002846155985025689
982.0 0.0027926831535296515
983.0 0.0028382080927258357
984.0 0.0028837326681241393
985.0 0.0033207248634425923
986.0 0.003757717422558926
987.0 0.004094691394129768
988.0 0.00443166536570061
989.0 0.005406427590060048
990.0 0.0063811887230258435
991.0 0.006301201210590079
992.0 0.006221213698154315
993.0 0.006583996582776308
994.0 0.006946778739802539
995.0 0.006644013774348423
996.0 0.006341245898511261
997.0 0.006236928311409429
998.0 0.006132613634690642
999.0 0.006331746408250183
1000.0 0.006530878454213962
1001.0 0.006101351391407661
1002.0 0.005671823601005599
1003.0 0.005306748062139377
1004.0 0.004941674342262559
1005.0 0.005046994556323625
1006.0 0.00515231404278893
1007.0 0.00502348157169763
1008.0 0.004894646554021165
1009.0 0.0045445798605214804
1010.0 0.004194513530819677
1011.0 0.003996097075287253
1012.0 0.0037976809835527092
1013.0 0.0031049068638822064
1014.0 0.0024121327442117035
1015.0 0.002108777698595077
1016.0 0.0018054224710795097
1017.0 0.0015976735085132532
1018.0 0.0013899242730985861
1019.0 0.0011648211511783302
1020.0 0.0009397179383086041
1021.0 0.0009849438356468454
1022.0 0.001030169914884027
1023.0 0.0010981182640534826
1024.0 0.0011660667951218784
1025.0 0.0014313618521555327
1026.0 0.0016966572729870677
1027.0 0.001271709243155783
1028.0 0.0008467608495266177
1029.0 0.0008574498679081444
1030.0 0.0008681390681886114
1031.0 0.0014139083759800997
1032.0 0.0019596780475694686
1033.0 0.00196848177438369
1034.0 0.001977285501197912
1035.0 0.0021476180336321704
1036.0 0.0023179502022685483
1037.0 0.00230878904403653
1038.0 0.002299628067703452
1039.0 0.002136866169166751
1040.0 0.001974104634427931
1041.0 0.0016709323972463608
1042.0 0.0013677603419637308
1043.0 0.0011726295269909315
1044.0 0.0009774989848665427
1045.0 0.0012469069588405546
1046.0 0.0015163150237640366
1047.0 0.0013974914509162772
1048.0 0.0012786680599674582
1049.0 0.0011195939805475064
1050.0 0.0009605192644812632
1051.0 0.0010156934877159074
1052.0 0.0010708675290516112
1053.0 0.0007792799806338735
1054.0 0.00048769215936772525
1055.0 0.0006649481292697601
1056.0 0.0008422044629696757
1057.0 0.0012565295037347823
1058.0 0.0016708543626009487
1059.0 0.0008852183782437351
1060.0 9.95825416794105e-05
1061.0 0.0007299925982806599
1062.0 0.0013604024388769176
1063.0 0.0012183529179310426
1064.0 0.0010763029422378168
1065.0 0.0010566261153144296
1066.0 0.001036949561239453
1067.0 0.0005478578714246396
1068.0 5.876556201656058e-05
1069.0 0.0012295196938794106
1070.0 0.0024002732970984653
1071.0 0.0015756999346194789
1072.0 0.0007511270268878434
1073.0 0.0012226772923895624
1074.0 0.0016942276488407515
1075.0 0.0031526149541605264
1076.0 0.004611002077581361
1077.0 0.004550489757093601
1078.0 0.004489977436605841
1079.0 0.005088833131594583
1080.0 0.00568768591620028
1081.0 0.003526398359099403
1082.0 0.0013651108019985259
1083.0 0.0017854979887488298
1084.0 0.0022058851754991338
1085.0 0.003818558980128728
1086.0 0.005431232784758322
1087.0 0.004620345134753734
1088.0 0.0038094567571533844
1089.0 0.005853511538589373
1090.0 0.007897565956227481
1091.0 0.0054363645176636055
1092.0 0.0029751630790997297
1093.0 0.0022229378373594955
1094.0 0.0014707128684676718
1095.0 0.001228859127877513
1096.0 0.0009870055691862945
1097.0 0.0021249566998449154
1098.0 0.0032629082852508873
1099.0 0.0018630846170708537
1100.0 0.00046326099436555523
