lsstCam/transmission_filter_detector/r31_s12/z_20/19700101T000000.ecsv
# %ECSV 1.0
# ---
# datatype:
# - {name: wavelength, unit: nm, datatype: float32}
# - {name: efficiency, unit: '%', datatype: float64}
# meta: !!omap
# - {MODE: DETECTOR}
# - {TYPE: transmission_filter_detector}
# - {CALIBDATE: '1970-01-01T00:00:00'}
# - {INSTRUME: LSSTCam}
# - {OBSTYPE: transmission_filter_detector}
# - {CALIBCLS: lsst.ip.isr.IntermediateFilterDetectorTransmissionCurve}
# - {SOURCE: Materion (DM-46256)}
# - {DETECTOR: 131}
# - {FILTER: z_20}
# - {CALIB_ID: 'calibDate=1970-01-01T00:00:00 filter=z_20 detector=131'}
# - {DATE: '2025-04-02T15:59:49.246933'}
# - {CALIB_CREATION_DATE: '2025-04-02'}
# - {CALIB_CREATION_TIME: '15:59:49'}
# - __serialized_columns__:
#     efficiency:
#       __class__: astropy.units.quantity.Quantity
#       unit: !astropy.units.Unit {unit: '%'}
#       value: !astropy.table.SerializedColumn {name: efficiency}
#     wavelength:
#       __class__: astropy.units.quantity.Quantity
#       unit: !astropy.units.Unit {unit: nm}
#       value: !astropy.table.SerializedColumn {name: wavelength}
# schema: astropy-2.0
wavelength efficiency
[from data line 596]
896.0 99.1607666015625
897.0 99.11823868751526
898.0 98.83232712745667
899.0 98.70191812515259
900.0 98.90192151069641
901.0 99.582439661026
902.0 99.24357533454895
903.0 98.88557195663452
904.0 98.00193905830383
905.0 98.89083504676819
906.0 98.27660322189331
907.0 99.11827445030212
908.0 98.1923520565033
909.0 98.32223057746887
910.0 98.03141951560974
911.0 97.00008630752563
912.0 96.55714631080627
913.0 95.16549110412598
914.0 92.88532137870789
915.0 90.82611203193665
916.0 88.69799971580505
917.0 86.97130680084229
918.0 83.62672924995422
919.0 82.50203728675842
920.0 79.7911524772644
921.0 76.08113288879395
922.0 71.9226598739624
923.0 66.25466346740723
924.0 60.906982421875
925.0 55.707043409347534
926.0 49.39814209938049
927.0 42.475688457489014
928.0 36.80183291435242
929.0 30.28388023376465
930.0 24.76222664117813
931.0 19.501060247421265
932.0 13.93878161907196
933.0 9.519881010055542
934.0 6.125274300575256
935.0 3.81537564098835
936.0 2.2347550839185715
937.0 1.3590427115559578
938.0 0.7815776392817497
939.0 0.4747629165649414
940.0 0.28984579257667065
941.0 0.20773685537278652
942.0 0.1035939552821219
943.0 0.06998346070758998
944.0 0.18333281623199582
945.0 0.11049627792090178
946.0 0.06745799328200519
947.0 0.09913983521983027
948.0 0.006667956768069416
949.0 0.06565269432030618
950.0 1.576913946643721e-10
951.0 0.10023867944255471
952.0 1.576913946643721e-10
953.0 0.03400247951503843
954.0 0.049536413280293345
955.0 1.576913946643721e-10
956.0 0.008574519597459584
957.0 1.576913946643721e-10
958.0 1.576913946643721e-10
959.0 0.09026196785271168
960.0 0.038957170909270644
961.0 1.576913946643721e-10
962.0 0.039383640978485346
963.0 0.0727360078599304
964.0 0.028416409622877836
965.0 1.576913946643721e-10
966.0 1.576913946643721e-10
967.0 1.576913946643721e-10
968.0 1.576913946643721e-10
969.0 0.039070952334441245
970.0 0.058679236099123955
971.0 0.03644292883109301
972.0 0.002598947139631491
973.0 1.576913946643721e-10
974.0 1.576913946643721e-10
975.0 1.576913946643721e-10
976.0 0.006542878691107035
977.0 0.006411913636839017
978.0 0.006280948582571
979.0 0.006055446283426136
980.0 0.005829943984281272
981.0 0.005761425200034864
982.0 0.005692906051990576
983.0 0.005538641198654659
984.0 0.005384376345318742
985.0 0.0053042269428260624
986.0 0.005224076812737621
987.0 0.005154964674147777
988.0 0.005085852899355814
989.0 0.005055855581304058
990.0 0.005025858263252303
991.0 0.004860356420977041
992.0 0.004694855306297541
993.0 0.004705850369646214
994.0 0.004716845796792768
995.0 0.0046248151193140075
996.0 0.004532784441835247
997.0 0.004557669672067277
998.0 0.004582555266097188
999.0 0.004615440047928132
1000.0 0.004648324829759076
1001.0 0.004496105611906387
1002.0 0.004343886030255817
1003.0 0.004311891825636849
1004.0 0.004279897621017881
1005.0 0.004267413532943465
1006.0 0.004254929081071168
1007.0 0.0043084812205052
1008.0 0.004362032996141352
1009.0 0.00430775762652047
1010.0 0.004253481893101707
1011.0 0.004206980156595819
1012.0 0.00416047842008993
1013.0 0.004300421642255969
1014.0 0.004440364864422008
1015.0 0.004346675632405095
1016.0 0.004252986764186062
1017.0 0.004417539093992673
1018.0 0.0045820917875971645
1019.0 0.004496767724049278
1020.0 0.004411444024299271
1021.0 0.0043586558604147285
1022.0 0.004305867696530186
1023.0 0.004398036253405735
1024.0 0.004490204810281284
1025.0 0.004460187119548209
1026.0 0.004430169428815134
1027.0 0.0045131120714358985
1028.0 0.0045960543502587825
1029.0 0.004610682663042098
1030.0 0.004625311339623295
1031.0 0.004555414489004761
1032.0 0.004485518002184108
1033.0 0.004688389162765816
1034.0 0.0048912606871454045
1035.0 0.004970016016159207
1036.0 0.005048770981375128
1037.0 0.005219189552008174
1038.0 0.005389608486439101
1039.0 0.005437418803921901
1040.0 0.005485228757606819
1041.0 0.0053347826906247064
1042.0 0.005184336623642594
1043.0 0.0054976011597318575
1044.0 0.005810865332023241
1045.0 0.00603919688728638
1046.0 0.0062675280787516385
1047.0 0.006348913302645087
1048.0 0.006430298526538536
1049.0 0.00648318455205299
1050.0 0.006536069849971682
1051.0 0.006814442167524248
1052.0 0.0070928137574810535
1053.0 0.007442072092089802
1054.0 0.007791328243911266
1055.0 0.007485238165827468
1056.0 0.0071791459049563855
1057.0 0.007633896893821657
1058.0 0.008088647882686928
1059.0 0.008398682257393375
1060.0 0.008708716632099822
1061.0 0.008665288623888046
1062.0 0.008621860615676269
1063.0 0.00889235016074963
1064.0 0.009162841161014512
1065.0 0.009432258229935542
1066.0 0.009701673843665048
1067.0 0.009612325811758637
1068.0 0.009522978507447988
1069.0 0.009999354369938374
1070.0 0.010475727322045714
1071.0 0.010719451529439539
1072.0 0.010963175009237602
1073.0 0.011208560317754745
1074.0 0.01145394635386765
1075.0 0.011380596697563305
1076.0 0.011307248496450484
1077.0 0.012502905155997723
1078.0 0.013698563270736486
1079.0 0.013336048868950456
1080.0 0.012973533011972904
1081.0 0.01360805326839909
1082.0 0.014242573524825275
1083.0 0.014819584612268955
1084.0 0.015396594244521111
1085.0 0.014990735508035868
1086.0 0.014584878226742148
1087.0 0.015159990289248526
1088.0 0.015735103806946427
1089.0 0.0153829634655267
1090.0 0.015030826034490019
1091.0 0.016327720368281007
1092.0 0.017624616157263517
1093.0 0.01798351004254073
1094.0 0.018342405383009464
1095.0 0.0190628255950287
1096.0 0.019783242896664888
1097.0 0.020177577971480787
1098.0 0.020571913046296686
1099.0 0.020991003839299083
1100.0 0.021410091721918434
1101.0 0.022401503520086408
1102.0 0.02339291386306286
1103.0 0.024693168234080076
1104.0 0.025993428425863385
1105.0 0.025902665220201015
1106.0 0.025811902014538646
1107.0 0.02731439599301666
1108.0 0.028816889971494675
1109.0 0.029775689472444355
1110.0 0.030734488973394036
1111.0 0.030751049052923918
1112.0 0.030767612042836845
1113.0 0.031766435131430626
1114.0 0.03276525822002441
1115.0 0.03313555207569152
1116.0 0.03350584302097559
1117.0 0.03287867002654821
1118.0 0.03225149412173778
1119.0 0.03445391485001892
1120.0 0.03665633266791701
1121.0 0.03789202601183206
1122.0 0.03912771644536406
1123.0 0.04069904389325529
1124.0 0.042270374251529574
1125.0 0.04422259225975722
1126.0 0.04617481608875096
1127.0 0.0462869880720973
1128.0 0.046399160055443645
1129.0 0.050411419942975044
1130.0 0.054423685651272535
1131.0 0.058631255524232984
1132.0 0.06283882539719343
1133.0 0.061587896198034286
1134.0 0.06033696117810905
1135.0 0.06627883412875235
1136.0 0.07222071290016174
1137.0 0.07830637623555958
1138.0 0.0843920512124896
1139.0 0.087128730956465
1140.0 0.0898654165212065
1141.0 0.10299275163561106
1142.0 0.11612006928771734
1143.0 0.15441577415913343
1144.0 0.19271147903054953
1145.0 0.43264953419566154
1146.0 0.6725875660777092
1147.0 1.1881409212946892
1148.0 1.703694462776184
1149.0 1.7010016366839409
1150.0 1.6983084380626678
