lsstCam/transmission_filter_detector/r31_s12/z_20/19700101T000000.ecsv
# %ECSV 1.0
# ---
# datatype:
# - {name: wavelength, unit: nm, datatype: float32}
# - {name: efficiency, unit: '%', datatype: float64}
# meta: !!omap
# - {MODE: DETECTOR}
# - {TYPE: transmission_filter_detector}
# - {CALIBDATE: '1970-01-01T00:00:00'}
# - {INSTRUME: LSSTCam}
# - {OBSTYPE: transmission_filter_detector}
# - {CALIBCLS: lsst.ip.isr.IntermediateFilterDetectorTransmissionCurve}
# - {SOURCE: Materion (DM-46256)}
# - {DETECTOR: 131}
# - {FILTER: z_20}
# - {CALIB_ID: 'calibDate=1970-01-01T00:00:00 filter=z_20 detector=131'}
# - {DATE: '2025-04-02T15:59:49.246933'}
# - {CALIB_CREATION_DATE: '2025-04-02'}
# - {CALIB_CREATION_TIME: '15:59:49'}
# - __serialized_columns__:
#     efficiency:
#       __class__: astropy.units.quantity.Quantity
#       unit: !astropy.units.Unit {unit: '%'}
#       value: !astropy.table.SerializedColumn {name: efficiency}
#     wavelength:
#       __class__: astropy.units.quantity.Quantity
#       unit: !astropy.units.Unit {unit: nm}
#       value: !astropy.table.SerializedColumn {name: wavelength}
# schema: astropy-2.0
wavelength efficiency
300.0 0.3715965198352933
301.0 0.3253253409639001
302.0 0.2790541620925069
303.0 0.24693987797945738
304.0 0.21482554730027914
305.0 0.18615080043673515
306.0 0.1574759720824659
307.0 0.1555425114929676
308.0 0.15360903926193714
309.0 0.1375742256641388
310.0 0.12153940042480826
311.0 0.11888340814039111
312.0 0.11622741585597396
313.0 0.11174720712006092
314.0 0.10726701002568007
315.0 0.0966279476415366
316.0 0.08598887943662703
317.0 0.0781842740252614
318.0 0.07037966279312968
319.0 0.06641069194301963
320.0 0.062441726913675666
321.0 0.05858837394043803
322.0 0.0547350209672004
323.0 0.05323063232935965
324.0 0.05172623787075281
325.0 0.04894424928352237
326.0 0.04616225487552583
327.0 0.04108917783014476
328.0 0.03601609787438065
329.0 0.03462725144345313
330.0 0.03323840501252562
331.0 0.03422413719817996
332.0 0.03520986647345126
333.0 0.031213555485010147
334.0 0.027217241586185992
335.0 0.02731706772465259
336.0 0.027416893863119185
337.0 0.022794571123085916
338.0 0.018172248383052647
339.0 0.019482594507280737
340.0 0.020792943541891873
341.0 0.018243861268274486
342.0 0.015694776084274054
343.0 0.015571725089102983
344.0 0.015448674093931913
345.0 0.01337461726507172
346.0 0.011300556070636958
347.0 0.013257053797133267
348.0 0.015213550068438053
349.0 0.014076069055590779
350.0 0.012938585132360458
351.0 0.012685406545642763
352.0 0.012432229414116591
353.0 0.013004994252696633
354.0 0.013577762001659721
355.0 0.012307337601669133
356.0 0.011036910291295499
357.0 0.010696062963688746
358.0 0.010355214908486232
359.0 0.010548158024903387
360.0 0.010741101868916303
361.0 0.010179347009398043
362.0 0.009617593605071306
363.0 0.009341362601844594
364.0 0.009065132326213643
365.0 0.008954356599133462
366.0 0.008843580144457519
367.0 0.008609281940152869
368.0 0.008374983008252457
369.0 0.00881629457580857
370.0 0.009257607598556206
371.0 0.008452696056338027
372.0 0.007647784514119849
373.0 0.007531782466685399
374.0 0.007415779691655189
375.0 0.00642717131995596
376.0 0.005438561493065208
377.0 0.005095685264677741
378.0 0.004752808672492392
379.0 0.005058231909060851
380.0 0.00536365550942719
381.0 0.0056696750107221305
382.0 0.0059756941482191905
383.0 0.005306015373207629
384.0 0.004636336234398186
385.0 0.0044153792259749025
386.0 0.0041944225813494995
387.0 0.004556031126412563
388.0 0.0049176396714756265
389.0 0.0048623885959386826
390.0 0.004807137884199619
391.0 0.004095239273738116
392.0 0.0033833410270744935
393.0 0.003674048275570385
394.0 0.003964755524066277
395.0 0.0036122310120845214
396.0 0.0032597068639006466
397.0 0.003716925493790768
398.0 0.004174143759883009
399.0 0.004179709139862098
400.0 0.004185274519841187
401.0 0.004371730028651655
402.0 0.004558185537462123
403.0 0.0041270490328315645
404.0 0.0036959121644031256
405.0 0.0035211789509048685
406.0 0.0033464457374066114
407.0 0.0040307771996594965
408.0 0.004715109753306024
409.0 0.003753364580916241
410.0 0.002791619954223279
411.0 0.0034693715861067176
412.0 0.004147123399889097
413.0 0.004442069621291012
414.0 0.004737016206490807
415.0 0.004671146234613843
416.0 0.004605276262736879
417.0 0.0033972421078942716
418.0 0.0021892086806474254
419.0 0.0029943688787170686
420.0 0.003799529076786712
421.0 0.003563127393135801
422.0 0.0033267249818891287
423.0 0.0032848263799678534
424.0 0.0032429274142486975
425.0 0.0029755507057416253
426.0 0.002708174361032434
427.0 0.0030957751732785255
428.0 0.0034833756217267364
429.0 0.0029446902772178873
430.0 0.0024060049327090383
431.0 0.0016302930816891603
432.0 0.000854581048770342
433.0 0.0015730336599517614
434.0 0.0022914859073353
435.0 0.0029150625778129324
436.0 0.0035386390663916245
437.0 0.0030723520467290655
438.0 0.0026060644813696854
439.0 0.0023981230697245337
440.0 0.002190181658079382
441.0 0.0025026745788636617
442.0 0.0028151674996479414
443.0 0.002748976658040192
444.0 0.002682785998331383
445.0 0.0023517839508713223
446.0 0.002020782085310202
447.0 0.002358987694606185
448.0 0.002697193485801108
449.0 0.0022744934540241957
450.0 0.0018517934222472832
451.0 0.0019389830413274467
452.0 0.0020261726604076102
453.0 0.0018306031051906757
454.0 0.0016350333680748008
455.0 0.0016298035916406661
456.0 0.0016245738152065314
457.0 0.001453036384191364
458.0 0.0012814986803277861
459.0 0.0017707125152810477
460.0 0.0022599260773858987
461.0 0.001661597161728423
462.0 0.0010632682460709475
463.0 0.0011744888070097659
464.0 0.0012857096407969948
465.0 0.001274801525141811
466.0 0.0012638936823350377
467.0 0.001139141841122182
468.0 0.001014389818010386
469.0 0.0010658644896466285
470.0 0.001117339252232341
471.0 0.0012239061106811278
472.0 0.0013304729691299144
473.0 0.0013226703231339343
474.0 0.0013148676771379542
475.0 0.0014378991181729361
476.0 0.0015609302863595076
477.0 0.001679427623457741
478.0 0.0017979251424549147
479.0 0.0020485391360125504
480.0 0.002299153675267007
481.0 0.0019305569367134012
482.0 0.0015619603800587356
483.0 0.0013800934539176524
484.0 0.0011982266187260393
485.0 0.0013995554581924807
486.0 0.0016008845705073327
487.0 0.0014696623111376539
488.0 0.0013384402336669154
489.0 0.0015838753824937157
490.0 0.0018293107132194564
491.0 0.0016579029761487618
492.0 0.0014864954209770076
493.0 0.0017329830370726995
494.0 0.0019794706531683914
495.0 0.0018181683117290959
496.0 0.0016568659702898003
497.0 0.0017746895537129603
498.0 0.00189251295523718
499.0 0.0017383903468726203
500.0 0.0015842673747101799
501.0 0.001304553916270379
502.0 0.001024840366881108
503.0 0.0009208413757733069
504.0 0.0008168424756149761
505.0 0.0015579154933220707
506.0 0.0022989881472312845
507.0 0.0015889203496044502
508.0 0.0008788523700786754
509.0 0.0010991987437591888
510.0 0.0013195449355407618
511.0 0.001283099118154496
512.0 0.0012466530279198196
513.0 0.001139055621024454
514.0 0.001031458032230148
515.0 0.001066765526047675
516.0 0.0011020728379662614
517.0 0.0010274134183418937
518.0 0.000952753998717526
519.0 0.0012052730198774952
520.0 0.0014577921319869347
521.0 0.0014100035514275078
522.0 0.0013622151527670212
523.0 0.0015506184354308061
524.0 0.001739021718094591
525.0 0.0014356242900248617
526.0 0.0011322268619551323
527.0 0.0011448465556895826
528.0 0.0011574664313229732
529.0 0.0013880085134587716
530.0 0.00161855059559457
531.0 0.0016210562534979545
532.0 0.0016235620933002792
533.0 0.0015340809113695286
534.0 0.001444599729438778
535.0 0.0014480344361800235
536.0 0.001451469142921269
537.0 0.0014951026969356462
538.0 0.0015387364328489639
539.0 0.0012606793461600319
540.0 0.0009826220775721595
541.0 0.0010417944395157974
542.0 0.0011009668014594354
543.0 0.0009814006261876784
544.0 0.0008618345418653917
545.0 0.0011273478776274715
546.0 0.0013928613043390214
547.0 0.0014901195754646324
548.0 0.0015873778465902433
549.0 0.001866869570221752
550.0 0.002146361475752201
551.0 0.002040909203060437
552.0 0.0019354572941665538
553.0 0.0019817754946416244
554.0 0.0020280938770156354
555.0 0.0016942416550591588
556.0 0.0013603895240521524
557.0 0.0013545829460781533
558.0 0.0013487766409525648
559.0 0.0012669633179029915
560.0 0.0011851499948534183
561.0 0.0012100861567887478
562.0 0.0012350223187240772
563.0 0.0015644571249140427
564.0 0.001893891931104008
565.0 0.0019346756744198501
566.0 0.0019754595996346325
567.0 0.0020565665181493387
568.0 0.0021376732547651045
569.0 0.002482139097992331
570.0 0.002826604941219557
571.0 0.0027142394174006768
572.0 0.002601874257379677
573.0 0.0021609146642731503
574.0 0.0017199547073687427
575.0 0.0016786165360827
576.0 0.0016372780009987764
577.0 0.0018152153643313795
578.0 0.0019931527276639827
579.0 0.0019487702957121655
580.0 0.0019043878637603484
581.0 0.0021462454242282547
582.0 0.0023881028027972206
583.0 0.002111710091412533
584.0 0.0018353173800278455
585.0 0.0020881916498183273
586.0 0.0023410657377098687
587.0 0.001917729969136417
588.0 0.0014943942915124353
589.0 0.0013056162060820498
590.0 0.0011168382116011344
591.0 0.0013478595974447671
592.0 0.0015788811651873402
593.0 0.0010575467058515642
594.0 0.000536212201041053
595.0 0.0008473593879898544
596.0 0.0011585065294639207
597.0 0.0008882100701157469
598.0 0.0006179132469696924
599.0 0.0008859044100972824
600.0 0.001153895391325932
601.0 0.0010107907655765302
602.0 0.0008676860488776583
603.0 0.0012457116099540144
604.0 0.0016237372619798407
605.0 0.0014219808690540958
606.0 0.0012202247489767615
607.0 0.0010613585800456349
608.0 0.0009024926839629188
609.0 0.0008864623850968201
610.0 0.0008704321771801915
611.0 0.001109752065531211
612.0 0.0013490718629327603
613.0 0.0014521338925987948
614.0 0.0015551964679616503
615.0 0.0014717948033649009
616.0 0.001388393411616562
617.0 0.0015609461115673184
618.0 0.0017334990843664855
619.0 0.001578928277012892
620.0 0.0014243575606087688
621.0 0.0015529552911175415
622.0 0.0016815527487779036
623.0 0.0012981931831745896
624.0 0.0009148333447228651
625.0 0.0011408820682845544
626.0 0.0013669306099473033
627.0 0.0016846048310981132
628.0 0.002002278961299453
629.0 0.0019982040612376295
630.0 0.0019941289792768657
631.0 0.00227085856749909
632.0 0.002547587973822374
633.0 0.0028069582185707986
634.0 0.003066328281420283
635.0 0.0056019125622697175
636.0 0.008137497206917033
637.0 0.01487258996348828
638.0 0.021607684902846813
639.0 0.01981235691346228
640.0 0.018017033289652318
641.0 0.015722846728749573
642.0 0.013428660167846829
643.0 0.009715162741485983
644.0 0.006001665678923018
645.0 0.00641376682324335
646.0 0.006825868331361562
647.0 0.006430196663131937
648.0 0.006034524631104432
649.0 0.004863858339376748
650.0 0.003693192411446944
651.0 0.0037447691283887252
652.0 0.003796345481532626
653.0 0.003085261778323911
654.0 0.002374177893216256
655.0 0.002413243601040449
656.0 0.0024523091269657016
657.0 0.0026712948965723626
658.0 0.002890280302381143
659.0 0.002290779048053082
660.0 0.0016912776118260808
661.0 0.002248561941087246
662.0 0.0028058460884494707
663.0 0.0023985512598301284
664.0 0.001991256795008667
665.0 0.001840406548581086
666.0 0.0016895563021535054
667.0 0.0014964367437642068
668.0 0.0013033172763243783
669.0 0.0014104472029430326
670.0 0.0015175771295616869
671.0 0.0015564262866973877
672.0 0.0015952749890857376
673.0 0.0015332876500906423
674.0 0.0014713002201460768
675.0 0.0011642169738479424
676.0 0.0008571339094487485
677.0 0.00116615992737934
678.0 0.0014751860362594016
679.0 0.001606174191692844
680.0 0.0017371628928231075
681.0 0.0021138383090146817
682.0 0.002490513725206256
683.0 0.0025986944820033386
684.0 0.0027068752388004214
685.0 0.0023738979507470503
686.0 0.0020409208445926197
687.0 0.001982250796572771
688.0 0.0019235807485529222
689.0 0.0023779435650794767
690.0 0.002832306381606031
691.0 0.0023536611479357816
692.0 0.001875015914265532
693.0 0.002265296279801987
694.0 0.002655577009136323
695.0 0.0032073992770165205
696.0 0.0037592217267956585
697.0 0.004052538133691996
698.0 0.004345854540588334
699.0 0.005790539216832258
700.0 0.007235222437884659
701.0 0.007234153599711135
702.0 0.00723308403394185
703.0 0.006705933628836647
704.0 0.006178782496135682
705.0 0.004976999116479419
706.0 0.00377521755581256
707.0 0.003413454760448076
708.0 0.003051692146982532
709.0 0.0037327263271436095
710.0 0.004413760689203627
711.0 0.004225757220410742
712.0 0.004037753751617856
713.0 0.0030730272555956617
714.0 0.0021083009414724074
715.0 0.0022646598154096864
716.0 0.0024210181436501443
717.0 0.0019098575648968108
718.0 0.0013986969861434773
719.0 0.0015565708963549696
720.0 0.0017144451703643426
721.0 0.0020723922716570087
722.0 0.0024303393729496747
723.0 0.002476122426742222
724.0 0.00252190566243371
725.0 0.0014395242942555342
726.0 0.00035714288060262334
727.0 0.0008791436812316533
728.0 0.0014011444363859482
729.0 0.0013217600098869298
730.0 0.0012423754924384411
731.0 0.0008093395990727004
732.0 0.00037630384213116486
733.0 0.0008479804819216952
734.0 0.0013196572581364308
735.0 0.0014672591532871593
736.0 0.0016148609574884176
737.0 0.0013144431250111666
738.0 0.0010140254744328558
739.0 0.0014501668374578003
740.0 0.001886308382381685
741.0 0.0015955965864122845
742.0 0.0013048846994934138
743.0 0.0014799853488511872
744.0 0.0016550859072594903
745.0 0.0018905488104792312
746.0 0.0021260118955979124
747.0 0.002184805998695083
748.0 0.002243600283691194
749.0 0.0029283715775818564
750.0 0.0036131430533714592
751.0 0.0030405424695345573
752.0 0.0024679420675965957
753.0 0.0026221787265967578
754.0 0.0027764152036979795
755.0 0.002253034290333744
756.0 0.0017296528312726878
757.0 0.0020072839106433094
758.0 0.0022849148081149906
759.0 0.0024613233108539134
760.0 0.0026377314497949556
761.0 0.0044136104406788945
762.0 0.006189489067764953
763.0 0.006230107101146132
764.0 0.006270723679335788
765.0 0.005250615504337475
766.0 0.004230506237945519
767.0 0.00434997164120432
768.0 0.00446943668066524
769.0 0.0052825449529336765
770.0 0.006095653225202113
771.0 0.005230333772487938
772.0 0.004365013955975883
773.0 0.004225405427860096
774.0 0.0040857968997443095
775.0 1.576913946643721e-10
776.0 0.0742924865335226
777.0 0.0038931855669943616
778.0 1.576913946643721e-10
779.0 1.576913946643721e-10
780.0 1.576913946643721e-10
781.0 1.576913946643721e-10
782.0 0.04918252816423774
783.0 0.05591315566562116
784.0 1.576913946643721e-10
785.0 1.576913946643721e-10
786.0 0.017525981820654124
787.0 0.04056959587614983
788.0 0.027067787596024573
789.0 0.003908652070094831
790.0 0.09895125404000282
791.0 1.576913946643721e-10
792.0 0.16145326662808657
793.0 0.16400495078414679
794.0 0.029885402182117105
795.0 0.016438160673715174
796.0 0.048990652430802584
797.0 0.027546659111976624
798.0 0.0007809903763700277
799.0 1.576913946643721e-10
800.0 0.054898898815736175
801.0 0.34211864694952965
802.0 0.44411858543753624
803.0 0.7814256474375725
804.0 1.0405940003693104
805.0 2.0085403695702553
806.0 3.0556196346879005
807.0 4.686777666211128
808.0 6.515707075595856
809.0 8.810441941022873
810.0 11.52416244149208
811.0 14.79913592338562
812.0 17.936746776103973
813.0 20.950178802013397
814.0 23.534783720970154
815.0 27.16389000415802
816.0 31.591796875
817.0 36.767733097076416
818.0 42.335450649261475
819.0 47.801825404167175
820.0 55.2559494972229
821.0 62.60095834732056
822.0 69.3656325340271
823.0 75.3583312034607
824.0 81.1096727848053
825.0 86.99982166290283
826.0 90.46868085861206
827.0 93.9050555229187
828.0 97.06740975379944
829.0 98.1205940246582
830.0 98.39121103286743
831.0 99.3946373462677
832.0 98.57618808746338
833.0 99.6396005153656
834.0 98.64730834960938
835.0 99.26742315292358
836.0 99.20134544372559
837.0 99.07001256942749
838.0 98.24736714363098
839.0 98.50870370864868
840.0 99.01726245880127
841.0 99.61764812469482
842.0 99.63832497596741
843.0 100.0176191329956
844.0 98.80256056785583
845.0 98.603755235672
846.0 99.44950342178345
847.0 99.27993416786194
848.0 99.72057938575745
849.0 98.87287020683289
850.0 98.52709174156189
851.0 98.98578524589539
852.0 99.2742657661438
853.0 99.17045831680298
854.0 99.74355101585388
855.0 98.68529438972473
856.0 98.97282123565674
857.0 97.9506254196167
858.0 98.86413216590881
859.0 99.40168857574463
860.0 98.61348867416382
861.0 99.11449551582336
862.0 98.83450269699097
863.0 98.45970869064331
864.0 99.68206286430359
865.0 99.57067370414734
866.0 99.10051226615906
867.0 99.43618178367615
868.0 99.76478219032288
869.0 98.90322089195251
870.0 98.24405908584595
871.0 99.25450086593628
872.0 99.59608316421509
873.0 99.07984733581543
874.0 99.82237815856934
875.0 99.09078478813171
876.0 99.01585578918457
877.0 99.25718307495117
878.0 99.33968782424927
879.0 98.74438047409058
880.0 99.2480993270874
881.0 100.09644031524658
882.0 99.13837313652039
883.0 98.83147478103638
884.0 99.4837760925293
885.0 98.91314506530762
886.0 98.74091744422913
887.0 98.74691367149353
888.0 99.1431713104248
889.0 99.71169233322144
890.0 98.55302572250366
891.0 99.73089694976807
892.0 98.68089556694031
893.0 98.59889149665833
894.0 98.39405417442322
