lsstCam/transmission_filter_detector/r33_s21/i_39/19700101T000000.ecsv
# %ECSV 1.0
# ---
# datatype:
# - {name: wavelength, unit: nm, datatype: float32}
# - {name: efficiency, unit: '%', datatype: float64}
# meta: !!omap
# - {MODE: DETECTOR}
# - {TYPE: transmission_filter_detector}
# - {CALIBDATE: '1970-01-01T00:00:00'}
# - {INSTRUME: LSSTCam}
# - {OBSTYPE: transmission_filter_detector}
# - {CALIBCLS: lsst.ip.isr.IntermediateFilterDetectorTransmissionCurve}
# - {SOURCE: Materion (DM-46256)}
# - {DETECTOR: 151}
# - {FILTER: i_39}
# - {CALIB_ID: 'calibDate=1970-01-01T00:00:00 filter=i_39 detector=151'}
# - {DATE: '2025-04-02T15:59:47.178819'}
# - {CALIB_CREATION_DATE: '2025-04-02'}
# - {CALIB_CREATION_TIME: '15:59:47'}
# - __serialized_columns__:
#     efficiency:
#       __class__: astropy.units.quantity.Quantity
#       unit: !astropy.units.Unit {unit: '%'}
#       value: !astropy.table.SerializedColumn {name: efficiency}
#     wavelength:
#       __class__: astropy.units.quantity.Quantity
#       unit: !astropy.units.Unit {unit: nm}
#       value: !astropy.table.SerializedColumn {name: wavelength}
# schema: astropy-2.0
wavelength efficiency
300.0 0.009087200305657461
301.0 0.014154938980937004
302.0 0.019222697301302105
303.0 0.014696552534587681
304.0 0.01017041431623511
305.0 0.017242836474906653
306.0 0.024315257905982435
307.0 0.02471609623171389
308.0 0.02511692582629621
309.0 0.013079163909424096
310.0 0.0010414031748950947
311.0 1.6163444280931083e-10
312.0 1.6163444280931083e-10
313.0 1.6163444280931083e-10
314.0 1.6163444280931083e-10
315.0 0.0001611787070032733
316.0 0.002695294824661687
317.0 0.0008289042852993589
318.0 1.6163444280931083e-10
319.0 0.0020039515220560133
320.0 0.005045385114499368
321.0 0.0014765737432753667
322.0 1.6163444280931083e-10
323.0 0.0006888058123877272
324.0 0.003469850344117731
325.0 0.0021789639504277147
326.0 0.0008880773748387583
327.0 0.0005010633685742505
328.0 0.00011405015811760677
329.0 0.0006585778919543372
330.0 0.0012031059668515809
331.0 0.0015384133803308941
332.0 0.0018737198843155056
333.0 0.0017746351659297943
334.0 0.001675550993240904
335.0 0.001217954468302196
336.0 0.0007603572612424614
337.0 0.0017438598661101423
338.0 0.0027273626983514987
339.0 0.0017073412891477346
340.0 0.0006873200163681759
341.0 1.6163444280931083e-10
342.0 1.6163444280931083e-10
343.0 1.6163444280931083e-10
344.0 0.0006294088962022215
345.0 0.0014318025023385417
346.0 0.002234196108474862
347.0 0.0009846509783528745
348.0 1.6163444280931083e-10
349.0 4.968015900885803e-05
350.0 0.0003642547426352394
351.0 1.6163444280931083e-10
352.0 1.6163444280931083e-10
353.0 1.6163444280931083e-10
354.0 1.6163444280931083e-10
355.0 0.00058163591347693
356.0 0.0012796976079698652
357.0 0.0002153100695068133
358.0 1.6163444280931083e-10
359.0 1.6163444280931083e-10
360.0 0.0003622878466558177
361.0 1.6163444280931083e-10
362.0 1.6163444280931083e-10
363.0 1.6163444280931083e-10
364.0 1.6163444280931083e-10
365.0 1.6163444280931083e-10
366.0 4.4345918581711885e-05
367.0 1.6163444280931083e-10
368.0 1.6163444280931083e-10
369.0 1.6163444280931083e-10
370.0 1.6163444280931083e-10
371.0 1.6163444280931083e-10
372.0 1.6163444280931083e-10
373.0 1.6163444280931083e-10
374.0 0.0005466337825055234
375.0 0.0006568083335878327
376.0 0.0007669829756196123
377.0 0.0009564745596435387
378.0 0.001145966143667465
379.0 0.00078050425145193
380.0 0.00041504208638798445
381.0 0.00012919940672873054
382.0 1.6163444280931083e-10
383.0 1.6163444280931083e-10
384.0 1.6163444280931083e-10
385.0 8.269559543805372e-05
386.0 0.0003108383680228144
387.0 1.6163444280931083e-10
388.0 1.6163444280931083e-10
389.0 1.6163444280931083e-10
390.0 4.61498956383366e-05
391.0 1.6163444280931083e-10
392.0 1.6163444280931083e-10
393.0 1.6163444280931083e-10
394.0 0.00011816757705673808
395.0 0.0004286780040274607
396.0 0.000739188544685021
397.0 0.0005332072305463953
398.0 0.00032722582545829937
399.0 0.0010034594197350089
400.0 0.0016796930140117183
401.0 0.0018406295566819608
402.0 0.0020015655536553822
403.0 0.0024083334210445173
404.0 0.0028151001970400102
405.0 0.0020002251403639093
406.0 0.0011853498108393978
407.0 0.002587810013210401
408.0 0.003990270488429815
409.0 0.004447130413609557
410.0 0.004903989974991418
411.0 0.0038981565012363717
412.0 0.002892323573178146
413.0 0.004098691351828165
414.0 0.005305059676175006
415.0 0.004992857793695293
416.0 0.004680656638811342
417.0 0.005699550092685968
418.0 0.006718443182762712
419.0 0.0037997822801116854
420.0 0.0008811210136627778
421.0 0.002379052784817759
422.0 0.00387698455597274
423.0 0.0037837846321053803
424.0 0.003690585435833782
425.0 0.004339375664130785
426.0 0.004988166620023549
427.0 0.0051761820941464975
428.0 0.005364197204471566
429.0 0.0037293040804797783
430.0 0.0020944111383869313
431.0 0.0028755039238603786
432.0 0.003656596891232766
433.0 0.002958807999675628
434.0 0.00226101947191637
435.0 0.0022533831725013442
436.0 0.0022457470549852587
437.0 0.0016441050320281647
438.0 0.0010424629181216005
439.0 0.0012938045983901247
440.0 0.0015451463696081191
441.0 0.0008643222827231511
442.0 0.0001834983436310722
443.0 0.0008518607501173392
444.0 0.0015202230315480847
445.0 0.0007838701094442513
446.0 4.7516923018520174e-05
447.0 0.0005383900770539185
448.0 0.0010292632396158297
449.0 0.0008256819455709774
450.0 0.0006221004241524497
451.0 0.0006977937118790578
452.0 0.000773487045080401
453.0 0.0007686665412620641
454.0 0.0007638459464942571
455.0 0.000804376759333536
456.0 0.0008449074812233448
457.0 0.0005214356860960834
458.0 0.0001979634589588386
459.0 0.0003319350525998743
460.0 0.0004659067144530127
461.0 0.000414000487580779
462.0 0.0003620944426074857
463.0 0.00027510575364431133
464.0 0.00018811708741850452
465.0 9.221090522260056e-05
466.0 1.6163444280931083e-10
467.0 0.00020450404463190353
468.0 0.0004127030933886999
469.0 0.000530917077412596
470.0 0.0006491311523859622
471.0 0.00046889681470929645
472.0 0.0002886627726184088
473.0 0.0001876687747426331
474.0 8.66748280259344e-05
475.0 6.17025932569959e-05
476.0 3.673032722417702e-05
477.0 0.00039164110603451263
478.0 0.0007465519502147799
479.0 0.0008349542440555524
480.0 0.0009233566743205301
481.0 0.0012582813724293374
482.0 0.0015932060705381446
483.0 0.0026740204702946357
484.0 0.0037548346881521866
485.0 0.004861764682573266
486.0 0.005968693585600704
487.0 0.008427735883742571
488.0 0.010886777454288676
489.0 0.014261959586292505
490.0 0.017637142445892096
491.0 0.021004672453273088
492.0 0.024372205371037126
493.0 0.026427145348861814
494.0 0.0284820853266865
495.0 0.026822029030881822
496.0 0.02516197564546019
497.0 0.021045100584160537
498.0 0.016928224067669362
499.0 0.012594969302881509
500.0 0.008261713082902133
501.0 0.005525170126929879
502.0 0.0027886249881703407
503.0 0.0021239880879875273
504.0 0.0014593510059057735
505.0 0.0016387124560424127
506.0 0.0018180735423811711
507.0 0.001905733734020032
508.0 0.001993394107557833
509.0 0.0020692605176009238
510.0 0.0021451269276440144
511.0 0.00200367794604972
512.0 0.0018622289644554257
513.0 0.001936151966219768
514.0 0.00201007496798411
515.0 0.002138006857421715
516.0 0.00226593892875826
517.0 0.0023595948732690886
518.0 0.002453251181577798
519.0 0.002120005592587404
520.0 0.0017867601854959503
521.0 0.0018153908968088217
522.0 0.0018440216081216931
523.0 0.0019393721231608652
524.0 0.002034722638200037
525.0 0.0022354695829562843
526.0 0.0024362165277125314
527.0 0.0029498105504899286
528.0 0.0034634045732673258
529.0 0.003045872836082708
530.0 0.0026283410988980904
531.0 0.002309333285666071
532.0 0.001990325836231932
533.0 0.001644996700633783
534.0 0.0012996679288335145
535.0 0.0015394036381621845
536.0 0.0017791393474908546
537.0 0.002096688695019111
538.0 0.002414238224446308
539.0 0.0032254385587293655
540.0 0.004036638711113483
541.0 0.004791070750798099
542.0 0.005545502790482715
543.0 0.005186589987715706
544.0 0.004827676821150817
545.0 0.004156453724135645
546.0 0.0034852306271204725
547.0 0.0025660272513050586
548.0 0.0016468244211864658
549.0 0.0017040421880665235
550.0 0.001761260318744462
551.0 0.0018024047676590271
552.0 0.001843549034674652
553.0 0.0017222471797140315
554.0 0.0016009456885512918
555.0 0.0012785974831786007
556.0 0.00095624955065432
557.0 0.0008688453817740083
558.0 0.0007814410309947561
559.0 0.0006101905910327332
560.0 0.00043894019654544536
561.0 0.0008056055776251014
562.0 0.0011722710041794926
563.0 0.0013458581634040456
564.0 0.0015194451407296583
565.0 0.0015631885617040098
566.0 0.0016069321645773016
567.0 0.001334210901404731
568.0 0.0010614897291816305
569.0 0.000972606721916236
570.0 0.000883723987499252
571.0 0.0007030305823718663
572.0 0.0005223371772444807
573.0 0.00041983162191172596
574.0 0.0003173259983668686
575.0 0.000362843047696515
576.0 0.00040836002881405875
577.0 0.0004064725089847343
578.0 0.00040458503463014495
579.0 0.00043676768655132037
580.0 0.00046895042942196596
581.0 0.000524636016052682
582.0 0.000580321648158133
583.0 0.0004634425749827642
584.0 0.00034656338812055765
585.0 0.0003693615099109593
586.0 0.0003921595180145232
587.0 0.00038812404454802163
588.0 0.00038408857108152006
589.0 0.0006627438779105432
590.0 0.0009413991392648313
591.0 0.0006354859579005279
592.0 0.0003295728674856946
593.0 0.0005096445875096833
594.0 0.0006897163984831423
595.0 0.00046084769564913586
596.0 0.00023197903828986455
597.0 0.0002649666384968441
598.0 0.00029795423870382365
599.0 0.0003234126779716462
600.0 0.0003488711627142038
601.0 0.0003207895588275278
602.0 0.0002927080686276895
603.0 0.00019981036984972889
604.0 0.00010691272791518713
605.0 0.0002089832605634001
606.0 0.00031105375910556177
607.0 0.00032454006486659637
608.0 0.0003380263478902634
609.0 0.00030339620025188196
610.0 0.0002687660526135005
611.0 0.0003399219849598012
612.0 0.0004110778718313668
613.0 0.0004093824827577919
614.0 0.00040768713915895205
615.0 0.0003227626848456566
616.0 0.00023783825326972874
617.0 0.0002541969706726377
618.0 0.00027055568807554664
619.0 0.00019066148979618447
620.0 0.00011076728014813852
621.0 0.00021928660771664
622.0 0.00032780590117909014
623.0 0.0003429470325500006
624.0 0.0003580882548703812
625.0 0.00030946928291086806
626.0 0.00026085033368872246
627.0 0.0002849355041689705
628.0 0.00030902067464921856
629.0 0.000392735501009156
630.0 0.0004764502591569908
631.0 0.0004719270691566635
632.0 0.00046740365178266075
633.0 0.00029916100174887106
634.0 0.00013091831760903005
635.0 0.00022129277112981072
636.0 0.0003116672587566427
637.0 0.00029780546810798114
638.0 0.0002839436319845845
639.0 0.00033913036077137804
640.0 0.0003943171577702742
641.0 0.0006603357178391889
642.0 0.0009263541869586334
643.0 0.0007131961410777876
644.0 0.0005000379132980015
645.0 0.0006110508820711402
646.0 0.0007220639872684842
647.0 0.0008223197255574632
648.0 0.000922575327422237
649.0 0.0008332949619216379
650.0 0.0007440143690473633
651.0 0.0007941859621496405
652.0 0.0008443572369287722
653.0 0.0008516529305779841
654.0 0.000858948624227196
655.0 0.0010645649126672652
656.0 0.0012701809282589238
657.0 0.0020789584596059285
658.0 0.002887735900003463
659.0 0.004892552533419803
660.0 0.057137582916766405
661.0 0.08777909097261727
662.0 0.11472157202661037
663.0 0.11280188336968422
664.0 0.136689527425915
665.0 0.1605906756594777
666.0 0.16073083970695734
667.0 0.17176177352666855
668.0 0.2165183424949646
669.0 0.2540077781304717
670.0 0.3697164123877883
671.0 0.5744993686676025
672.0 0.9142530150711536
673.0 1.4495310373604298
674.0 2.1689221262931824
675.0 3.124655596911907
676.0 4.149375855922699
677.0 5.518819019198418
678.0 6.791885197162628
679.0 8.273159712553024
680.0 10.168898105621338
681.0 12.266917526721954
682.0 14.80950117111206
683.0 17.55295693874359
684.0 20.56652456521988
685.0 23.470307886600494
686.0 26.473525166511536
687.0 29.748931527137756
688.0 33.033159375190735
689.0 36.410221457481384
690.0 40.33602476119995
691.0 44.570568203926086
692.0 49.583786725997925
693.0 54.8364520072937
694.0 60.739195346832275
695.0 66.38464331626892
696.0 72.55072593688965
697.0 78.05076837539673
698.0 83.79095792770386
699.0 88.20770382881165
700.0 91.5666401386261
701.0 94.22067403793335
702.0 95.9679126739502
703.0 97.01526761054993
704.0 97.4244475364685
705.0 97.83422946929932
706.0 97.80044555664062
707.0 97.94526100158691
708.0 98.01100492477417
709.0 98.03341627120972
710.0 97.7921724319458
711.0 98.00734519958496
712.0 97.97015190124512
713.0 98.04372787475586
714.0 98.12833666801453
715.0 98.16527962684631
716.0 97.98001646995544
717.0 98.16051721572876
718.0 98.24630618095398
719.0 98.18848371505737
720.0 98.44254851341248
721.0 98.33465814590454
722.0 98.01708459854126
723.0 97.84960746765137
724.0 97.48799204826355
725.0 97.22464084625244
726.0 96.9797670841217
727.0 96.74325585365295
728.0 96.50249481201172
729.0 96.28682732582092
730.0 96.35124206542969
731.0 96.49602174758911
732.0 96.4352011680603
733.0 96.67449593544006
734.0 97.02789187431335
735.0 97.18233346939087
736.0 97.56494164466858
737.0 97.96868562698364
738.0 98.24733138084412
739.0 98.60727787017822
740.0 98.6858606338501
741.0 98.59266877174377
742.0 98.94430041313171
743.0 98.82197976112366
744.0 98.62720966339111
745.0 98.61927628517151
746.0 98.51924180984497
747.0 98.79507422447205
748.0 98.64112734794617
749.0 98.5300064086914
750.0 98.59816431999207
751.0 98.47863912582397
752.0 98.29964637756348
753.0 98.57125282287598
754.0 98.47586750984192
755.0 98.56047630310059
756.0 98.62886071205139
757.0 98.62201809883118
758.0 98.78316521644592
759.0 98.81445169448853
760.0 98.71093034744263
761.0 98.62741827964783
762.0 98.66806268692017
763.0 98.7405776977539
764.0 98.60840439796448
765.0 98.54417443275452
766.0 98.54848384857178
767.0 98.35078120231628
768.0 98.42255711555481
769.0 98.39745759963989
770.0 98.05555939674377
771.0 98.11658263206482
772.0 98.11666011810303
773.0 98.00435304641724
774.0 97.83135652542114
775.0 97.93360233306885
776.0 97.78968691825867
777.0 97.93251156806946
778.0 97.88325428962708
779.0 98.06123971939087
780.0 97.9846715927124
781.0 98.27277064323425
782.0 98.1899619102478
783.0 98.30458164215088
784.0 98.35005402565002
785.0 98.38799238204956
786.0 98.61252903938293
787.0 98.28017950057983
788.0 98.39208722114563
789.0 98.50847721099854
790.0 98.36792349815369
791.0 98.43872785568237
792.0 98.29583168029785
793.0 98.25871586799622
794.0 98.08318614959717
795.0 98.06745052337646
796.0 97.9975163936615
797.0 98.02469611167908
798.0 97.91687726974487
799.0 97.83115983009338
800.0 97.6613998413086
801.0 97.70291447639465
802.0 97.52307534217834
803.0 97.28376269340515
804.0 97.07008004188538
805.0 96.46157622337341
806.0 95.98063230514526
807.0 94.9907124042511
808.0 93.76468658447266
809.0 92.3238456249237
810.0 90.64088463783264
811.0 88.53421211242676
812.0 85.9735369682312
813.0 83.06622505187988
814.0 79.71749305725098
815.0 75.91060400009155
816.0 71.96463942527771
817.0 67.4640953540802
818.0 62.51370310783386
819.0 58.266037702560425
820.0 53.38832139968872
821.0 48.931971192359924
822.0 44.48249340057373
823.0 39.865729212760925
824.0 35.186490416526794
825.0 30.92632293701172
826.0 26.534658670425415
827.0 21.992415189743042
828.0 17.915867269039154
829.0 13.982172310352325
830.0 10.214981436729431
831.0 7.413988560438156
832.0 4.82824482023716
833.0 3.0069025233387947
834.0 1.8151041120290756
835.0 1.059573795646429
836.0 0.6260149646550417
837.0 0.3819666104391217
838.0 0.16870639519765973
839.0 0.12057075509801507
840.0 0.0675611721817404
841.0 0.012289210280869156
842.0 0.007950314466143027
843.0 1.6163444280931083e-10
844.0 0.01908143167383969
845.0 0.01314338733209297
846.0 1.6163444280931083e-10
847.0 1.6163444280931083e-10
848.0 1.6163444280931083e-10
849.0 1.6163444280931083e-10
850.0 0.01120205270126462
851.0 0.002305570160388015
852.0 0.0028226719223312102
853.0 0.001401378267473774
854.0 1.6163444280931083e-10
855.0 0.00027204921480006306
856.0 0.0005640137260343181
857.0 0.00046860563998052385
858.0 0.00037319762213883223
859.0 0.00023430638975696638
860.0 9.54150891629979e-05
861.0 5.258620490167232e-05
862.0 9.757152241718359e-06
863.0 6.657493827333383e-05
864.0 0.00012339273780526128
865.0 7.203689165180549e-05
866.0 2.0681021339896688e-05
867.0 1.6163444280931083e-10
868.0 1.6163444280931083e-10
869.0 5.205282036513381e-05
870.0 0.0002556310391810257
871.0 0.00014730621842318214
872.0 3.898134934843256e-05
873.0 7.954946568133892e-05
874.0 0.00012011756780339056
875.0 7.321662565118459e-05
876.0 2.6315672130294843e-05
877.0 5.468733732527653e-06
878.0 1.6163444280931083e-10
879.0 1.6163444280931083e-10
880.0 1.1616966588690048e-05
881.0 3.157266803555103e-05
882.0 5.152838866706588e-05
883.0 1.3303791490670847e-05
884.0 1.6163444280931083e-10
885.0 0.00018582653638077318
886.0 0.0003965737960243132
887.0 0.00023783450160408393
888.0 7.909511055004259e-05
889.0 9.529200042379671e-05
890.0 0.0001114888618758414
891.0 1.6163444280931083e-10
892.0 1.6163444280931083e-10
893.0 1.6163444280931083e-10
894.0 0.0001040530491991376
895.0 5.3021699386590626e-05
