lsstCam/transmission_filter_detector/r33_s21/i_39/19700101T000000.ecsv
# %ECSV 1.0
# ---
# datatype:
# - {name: wavelength, unit: nm, datatype: float32}
# - {name: efficiency, unit: '%', datatype: float64}
# meta: !!omap
# - {MODE: DETECTOR}
# - {TYPE: transmission_filter_detector}
# - {CALIBDATE: '1970-01-01T00:00:00'}
# - {INSTRUME: LSSTCam}
# - {OBSTYPE: transmission_filter_detector}
# - {CALIBCLS: lsst.ip.isr.IntermediateFilterDetectorTransmissionCurve}
# - {SOURCE: Materion (DM-46256)}
# - {DETECTOR: 151}
# - {FILTER: i_39}
# - {CALIB_ID: 'calibDate=1970-01-01T00:00:00 filter=i_39 detector=151'}
# - {DATE: '2025-04-02T15:59:47.178819'}
# - {CALIB_CREATION_DATE: '2025-04-02'}
# - {CALIB_CREATION_TIME: '15:59:47'}
# - __serialized_columns__:
#     efficiency:
#       __class__: astropy.units.quantity.Quantity
#       unit: !astropy.units.Unit {unit: '%'}
#       value: !astropy.table.SerializedColumn {name: efficiency}
#     wavelength:
#       __class__: astropy.units.quantity.Quantity
#       unit: !astropy.units.Unit {unit: nm}
#       value: !astropy.table.SerializedColumn {name: wavelength}
# schema: astropy-2.0
wavelength efficiency
[from data line 597]
897.0 9.689945272839395e-05
898.0 0.00019180854451406049
899.0 8.85030317476776e-05
900.0 1.6163444280931083e-10
901.0 1.6163444280931083e-10
902.0 1.6163444280931083e-10
903.0 1.6163444280931083e-10
904.0 1.6163444280931083e-10
905.0 1.6163444280931083e-10
906.0 7.132359201023064e-05
907.0 2.0725713056890527e-05
908.0 1.6163444280931083e-10
909.0 1.6163444280931083e-10
910.0 1.6163444280931083e-10
911.0 1.6163444280931083e-10
912.0 1.6163444280931083e-10
913.0 1.6163444280931083e-10
914.0 5.922281047787692e-05
915.0 7.901765002316097e-05
916.0 9.881250662147067e-05
917.0 1.6163444280931083e-10
918.0 1.6163444280931083e-10
919.0 1.6163444280931083e-10
920.0 1.6163444280931083e-10
921.0 1.6163444280931083e-10
922.0 1.6163444280931083e-10
923.0 1.6163444280931083e-10
924.0 6.84940971495962e-05
925.0 1.6163444280931083e-10
926.0 1.6163444280931083e-10
927.0 1.6163444280931083e-10
928.0 1.6163444280931083e-10
929.0 1.6163444280931083e-10
930.0 1.6163444280931083e-10
931.0 1.6163444280931083e-10
932.0 1.6163444280931083e-10
933.0 1.6163444280931083e-10
934.0 1.6163444280931083e-10
935.0 1.6163444280931083e-10
936.0 1.6163444280931083e-10
937.0 3.591407349290421e-06
938.0 0.0001351592572973459
939.0 1.6163444280931083e-10
940.0 1.6163444280931083e-10
941.0 1.6163444280931083e-10
942.0 4.181648023404705e-05
943.0 2.4362293515878264e-05
944.0 6.908202720978807e-06
945.0 1.3769469831004244e-05
946.0 2.063083286429901e-05
947.0 0.0002714889888011385
948.0 0.0005223471362114651
949.0 0.00032880680009839125
950.0 0.00013526647535400116
951.0 0.00012764650136887212
952.0 0.00012002652738374309
953.0 1.6163444280931083e-10
954.0 1.6163444280931083e-10
955.0 1.6163444280931083e-10
956.0 0.00011720566135409172
957.0 0.0001237200422110618
958.0 0.00013023447991145076
959.0 0.00014964648471504916
960.0 0.00016905855773075018
961.0 0.00017711139435050427
962.0 0.0001851642537076259
963.0 0.0002179912144129048
964.0 0.00025081819785555126
965.0 3.060343658489728e-05
966.0 1.6163444280931083e-10
967.0 1.6163444280931083e-10
968.0 1.6163444280931083e-10
969.0 1.6163444280931083e-10
970.0 1.6163444280931083e-10
971.0 1.6163444280931083e-10
972.0 1.6163444280931083e-10
973.0 3.7826390553163947e-05
974.0 8.621633469374501e-05
975.0 0.00010179861646975041
976.0 0.00011738089824575582
977.0 1.8357953024406015e-05
978.0 1.6163444280931083e-10
979.0 7.009610953900847e-05
980.0 0.0002208572368544992
981.0 6.286353482209961e-05
982.0 1.6163444280931083e-10
983.0 1.6163444280931083e-10
984.0 6.880257501507003e-05
985.0 5.869056280971563e-05
986.0 4.8578550604361226e-05
987.0 1.6163444280931083e-10
988.0 1.6163444280931083e-10
989.0 1.6163444280931083e-10
990.0 1.6163444280931083e-10
991.0 8.159052526934829e-05
992.0 0.0002475975634297356
993.0 0.00018393210439171526
994.0 0.00012026659987895982
995.0 0.00018706252831179881
996.0 0.0002538584567446378
997.0 0.00017752043959262664
998.0 0.00010118242244061548
999.0 6.133208216851926e-05
1000.0 2.1481704948200786e-05
1001.0 6.555911795658176e-05
1002.0 0.00010963650538542424
1003.0 0.00017526519968669163
1004.0 0.00024089392809401033
1005.0 0.0002118036263709655
1006.0 0.00018271334738528822
1007.0 0.00012980764267922495
1008.0 7.690196639487112e-05
1009.0 0.00014801964880462037
1010.0 0.00021913729142397642
1011.0 0.0002459577899571741
1012.0 0.00027277833396510687
1013.0 0.0002749121222223039
1014.0 0.000277045955954236
1015.0 0.0002318408178325626
1016.0 0.00018663570244825678
1017.0 0.000267715972768201
1018.0 0.0003487962658255128
1019.0 0.0002051141791525879
1020.0 6.143206974229543e-05
1021.0 9.574948762747226e-05
1022.0 0.00013006688277528156
1023.0 0.00010133410341950366
1024.0 7.260132406372577e-05
1025.0 0.0002614425511637819
1026.0 0.0004502838692133082
1027.0 0.0005369874997995794
1028.0 0.0006236910849111155
1029.0 0.0009060494448931422
1030.0 0.001188407804875169
1031.0 0.0015346189684350975
1032.0 0.001880830131995026
1033.0 0.0020322373529779725
1034.0 0.0021836443920619786
1035.0 0.0025039020329131745
1036.0 0.0028241593099664897
1037.0 0.0031656894861953333
1038.0 0.0035072200262220576
1039.0 0.003379790359758772
1040.0 0.0032523603294976056
1041.0 0.003012752131326124
1042.0 0.0027731439331546426
1043.0 0.0029753733542747796
1044.0 0.0031776027753949165
1045.0 0.003383935836609453
1046.0 0.0035902685340261087
1047.0 0.003434081736486405
1048.0 0.0032778953027445823
1049.0 0.0029227794584585354
1050.0 0.002567663796071429
1051.0 0.002219123052782379
1052.0 0.001870582127594389
1053.0 0.001888379301817622
1054.0 0.001906176476040855
1055.0 0.0011250493116676807
1056.0 0.000343922170031874
1057.0 0.0007415127583954018
1058.0 0.0011391035513952374
1059.0 0.0007950482540763915
1060.0 0.0004509932750806911
1061.0 0.00089730183390202
1062.0 0.001343610438198084
1063.0 0.0018086886484525166
1064.0 0.00227376713155536
1065.0 0.002417856921965722
1066.0 0.002561947076173965
1067.0 0.0034226181014673784
1068.0 0.004283289308659732
1069.0 0.004102391176274978
1070.0 0.003921492680092342
1071.0 0.0038691821828251705
1072.0 0.0038168716855579987
1073.0 0.003424702663323842
1074.0 0.003032534004887566
1075.0 0.0029510560125345364
1076.0 0.0028695782020804472
1077.0 0.0035540899261832237
1078.0 0.004238601832184941
1079.0 0.0037853853427805007
1080.0 0.0033321688533760607
1081.0 0.002838621185219381
1082.0 0.002345073880860582
1083.0 0.0017900649254443124
1084.0 0.0012350562428764533
1085.0 0.000837710831547156
1086.0 0.00044036578401573934
1087.0 0.0011133837688248605
1088.0 0.001786402026482392
1089.0 0.0009464434697292745
1090.0 0.00010648506076904596
1091.0 0.0006811618732172064
1092.0 0.001255838833458256
1093.0 1.6163444280931083e-10
1094.0 1.6163444280931083e-10
1095.0 1.6163444280931083e-10
1096.0 0.0005339380095392698
1097.0 0.00017032047026077635
1098.0 1.6163444280931083e-10
1099.0 0.000349044648828567
1100.0 0.0008913863894122187
