ts8/qe_curve/rtm-007_s11/19700101T000000.ecsv
# %ECSV 0.9
# ---
# datatype:
# - {name: amp_name, datatype: string}
# - {name: wavelength, unit: nm, datatype: float32}
# - {name: efficiency, unit: '%', datatype: float32}
# meta: !!omap
# - {MODE: AMP}
# - {TYPE: QE}
# - {CALIBDATE: '1970-01-01T00:00:00'}
# - {INSTRUME: TS8}
# - {OBSTYPE: qe_curve}
# - {DETECTOR: 49}
# - {PICKLEFILE: RaftRun11903.p}
# - {CALIB_ID: 'raftName=RTM-007 detectorName=S11 detector=49 calibDate=1970-01-01T00:00:00 ccd=49 ccdnum=49 filter=None'}
# - {DATE: '2020-01-23T01:58:27.495724'}
# - {CALIB_CREATION_DATE: '2020-01-23'}
# - {CALIB_CREATION_TIME: '01:58:27'}
# - __serialized_columns__:
#     efficiency:
#       __class__: astropy.units.quantity.Quantity
#       unit: !astropy.units.Unit {unit: '%'}
#       value: !astropy.table.SerializedColumn {name: efficiency}
#     wavelength:
#       __class__: astropy.units.quantity.Quantity
#       unit: !astropy.units.Unit {unit: nm}
#       value: !astropy.table.SerializedColumn {name: wavelength}
# schema: astropy-2.0
amp_name wavelength efficiency
C07 319.994 40.241943
C07 324.969 45.395397
C07 349.982 67.80036
C07 374.975 74.4066
C07 400.019 83.3346
C07 424.965 85.687325
C07 450.035 87.70076
C07 475.003 90.57507
C07 500.018 92.48335
C07 525.002 94.478134
C07 550.029 97.21875
C07 575.023 98.35189
C07 599.982 98.76689
C07 619.997 98.90165
C07 624.979 99.95557
C07 650.012 99.507164
C07 675.004 100.00749
C07 700.03 98.904755
C07 725.012 98.958916
C07 750.022 98.62542
C07 774.987 98.06219
C07 799.976 97.02438
C07 824.988 95.20918
C07 850.022 93.35667
C07 869.967 90.0779
C07 875.002 89.2022
C07 899.999 82.36349
C07 919.999 73.34777
C07 925.012 70.99253
C07 949.965 56.73228
C07 975.002 41.854237
C07 999.976 25.336288
C07 1025.028 11.000817
C07 1050.014 3.8469071
C07 1075.002 2.0780923
C07 1099.99 1.6150916
C11 319.994 40.94984
C11 324.969 46.206005
C11 349.982 69.31301
C11 374.975 76.00592
C11 400.019 84.31021
C11 424.965 86.30136
C11 450.035 88.12056
C11 475.003 90.887985
C11 500.018 92.72409
C11 525.002 94.68027
C11 550.029 97.40367
C11 575.023 98.52624
C11 599.982 98.94556
C11 619.997 99.07659
C11 624.979 100.13544
C11 650.012 99.69122
C11 675.004 100.19692
C11 700.03 99.097725
C11 725.012 99.14412
C11 750.022 98.791
C11 774.987 98.196815
C11 799.976 97.13466
C11 824.988 95.2789
C11 850.022 93.373985
C11 869.967 90.10615
C11 875.002 89.22697
C11 899.999 82.18099
C11 919.999 73.2667
C11 925.012 70.970924
C11 949.965 56.92397
C11 975.002 41.773037
C11 999.976 25.078138
C11 1025.028 10.792611
C11 1050.014 3.7821627
C11 1075.002 2.0764675
C11 1099.99 1.6125294
C01 319.994 38.998558
C01 324.969 43.97739
C01 349.982 65.465385
C01 374.975 72.139
C01 400.019 82.08957
C01 424.965 85.0391
C01 450.035 87.380936
C01 475.003 90.456
C01 500.018 92.49607
C01 525.002 94.573395
C01 550.029 97.3704
C01 575.023 98.53524
C01 599.982 98.97123
C01 619.997 99.11933
C01 624.979 100.17638
C01 650.012 99.73588
C01 675.004 100.23769
C01 700.03 99.12151
C01 725.012 99.140945
C01 750.022 98.75386
C01 774.987 98.14561
C01 799.976 97.102
C01 824.988 95.31949
C01 850.022 93.48379
C01 869.967 90.28047
C01 875.002 89.44857
C01 899.999 82.76955
C01 919.999 73.7327
C01 925.012 71.28205
C01 949.965 57.200417
C01 975.002 42.52261
C01 999.976 25.760303
C01 1025.028 11.082835
C01 1050.014 3.7940788
C01 1075.002 2.0493019
C01 1099.99 1.6194822
C03 319.994 41.09983
C03 324.969 46.355694
C03 349.982 69.09637
C03 374.975 76.00299
C03 400.019 85.919556
C03 424.965 88.72685
C03 450.035 91.02374
C03 475.003 94.133354
C03 500.018 96.19799
C03 525.002 98.32566
C03 550.029 101.209114
C03 575.023 102.4031
C03 599.982 102.84793
C03 619.997 102.99873
C03 624.979 104.09473
C03 650.012 103.63247
C03 675.004 104.15431
C03 700.03 102.99311
C03 725.012 102.999
C03 750.022 102.582794
C03 774.987 101.931015
C03 799.976 100.833046
C03 824.988 98.97716
C03 850.022 97.028404
C03 869.967 93.65297
C03 875.002 92.77686
C03 899.999 85.86224
C03 919.999 76.41655
C03 925.012 73.88576
C03 949.965 59.121704
C03 975.002 43.73633
C03 999.976 26.567835
C03 1025.028 11.492023
C03 1050.014 3.955813
C03 1075.002 2.1279676
C03 1099.99 1.6772949
C04 319.994 39.861397
C04 324.969 44.961113
C04 349.982 67.04788
C04 374.975 73.68147
C04 400.019 83.020775
C04 424.965 85.60979
C04 450.035 87.760025
C04 475.003 90.72028
C04 500.018 92.6868
C04 525.002 94.7153
C04 550.029 97.48411
C04 575.023 98.63058
C04 599.982 99.05149
C04 619.997 99.1909
C04 624.979 100.24704
C04 650.012 99.80352
C04 675.004 100.29845
C04 700.03 99.18189
C04 725.012 99.18957
C04 750.022 98.79322
C04 774.987 98.16739
C04 799.976 97.10528
C04 824.988 95.31538
C04 850.022 93.43001
C04 869.967 90.159424
C04 875.002 89.31056
C04 899.999 82.62867
C04 919.999 73.54414
C04 925.012 71.124115
C04 949.965 56.860703
C04 975.002 42.032494
C04 999.976 25.512362
C04 1025.028 11.057015
C04 1050.014 3.8154755
C04 1075.002 2.0552897
C04 1099.99 1.6150475
C06 319.994 40.132133
C06 324.969 45.271694
C06 349.982 67.57739
C06 374.975 74.21355
C06 400.019 83.339066
C06 424.965 85.79378
C06 450.035 87.86184
C06 475.003 90.77724
C06 500.018 92.70917
C06 525.002 94.72237
C06 550.029 97.47912
C06 575.023 98.615814
C06 599.982 99.03517
C06 619.997 99.1755
C06 624.979 100.229965
C06 650.012 99.781265
C06 675.004 100.28019
C06 700.03 99.168304
C06 725.012 99.20496
C06 750.022 98.84085
C06 774.987 98.24517
C06 799.976 97.19535
C06 824.988 95.383415
C06 850.022 93.51489
C06 869.967 90.224625
C06 875.002 89.3601
C06 899.999 82.553314
C06 919.999 73.52842
C06 925.012 71.16005
C06 949.965 56.838932
C06 975.002 41.9067
C06 999.976 25.389622
C06 1025.028 11.011443
C06 1050.014 3.842062
C06 1075.002 2.077858
C06 1099.99 1.6193997
C02 319.994 39.32359
C02 324.969 44.349796
C02 349.982 66.06008
C02 374.975 72.698296
C02 400.019 82.396866
C02 424.965 85.19831
C02 450.035 87.459175
C02 475.003 90.486465
C02 500.018 92.493546
C02 525.002 94.55115
C02 550.029 97.3322
C02 575.023 98.49046
C02 599.982 98.9206
C02 619.997 99.06131
C02 624.979 100.121376
C02 650.012 99.678734
C02 675.004 100.17837
C02 700.03 99.06237
C02 725.012 99.07055
C02 750.022 98.673325
C02 774.987 98.05246
C02 799.976 97.00166
C02 824.988 95.2271
C02 850.022 93.35204
C02 869.967 90.13016
C02 875.002 89.2838
C02 899.999 82.60547
C02 919.999 73.471855
C02 925.012 71.070114
C02 949.965 56.926468
C02 975.002 42.15147
C02 999.976 25.588774
C02 1025.028 11.080894
C02 1050.014 3.80103
C02 1075.002 2.0457847
C02 1099.99 1.6160988
C17 319.994 40.02343
C17 324.969 45.14849
C17 349.982 67.36219
C17 374.975 73.89308
C17 400.019 83.02404
C17 424.965 85.53292
C17 450.035 87.63872
C17 475.003 90.5757
C17 500.018 92.520874
C17 525.002 94.54288
C17 550.029 97.29906
C17 575.023 98.43675
C17 599.982 98.85468
C17 619.997 98.99414
C17 624.979 100.04585
C17 650.012 99.595795
C17 675.004 100.095314
C17 700.03 98.98658
C17 725.012 99.01989
C17 750.022 98.65197
C17 774.987 98.05859
C17 799.976 97.01301
C17 824.988 95.22133
C17 850.022 93.34833
C17 869.967 90.11819
C17 875.002 89.2805
C17 899.999 82.65387
C17 919.999 73.648315
C17 925.012 71.115654
C17 949.965 57.296574
C17 975.002 42.687614
C17 999.976 25.76232
C17 1025.028 11.023739
C17 1050.014 3.7912734
C17 1075.002 2.0421138
C17 1099.99 1.6070508
C05 319.994 40.12745
C05 324.969 45.260765
C05 349.982 67.546265
C05 374.975 74.20813
C05 400.019 83.454735
C05 424.965 85.97702
C05 450.035 88.08549
C05 475.003 91.03197
C05 500.018 92.98364
C05 525.002 95.01514
C05 550.029 97.785576
C05 575.023 98.92733
C05 599.982 99.35162
C05 619.997 99.49161
C05 624.979 100.55077
C05 650.012 100.10173
C05 675.004 100.602715
C05 700.03 99.48777
C05 725.012 99.50526
C05 750.022 99.118286
C05 774.987 98.5047
C05 799.976 97.43974
C05 824.988 95.63466
C05 850.022 93.75001
C05 869.967 90.46638
C05 875.002 89.59625
C05 899.999 82.838394
C05 919.999 73.783615
C05 925.012 71.39493
C05 949.965 57.028248
C05 975.002 42.060448
C05 999.976 25.500454
C05 1025.028 11.072234
C05 1050.014 3.8466294
C05 1075.002 2.0783777
C05 1099.99 1.6232601
C00 319.994 38.446262
C00 324.969 43.352993
C00 349.982 64.46047
C00 374.975 71.10197
C00 400.019 81.3166
C00 424.965 84.4338
C00 450.035 86.86698
C00 475.003 89.9879
C00 500.018 92.06013
C00 525.002 94.15669
C00 550.029 96.955765
C00 575.023 98.12715
C00 599.982 98.569
C00 619.997 98.71465
C00 624.979 99.76922
C00 650.012 99.330124
C00 675.004 99.830246
C00 700.03 98.72695
C00 725.012 98.75364
C00 750.022 98.381065
C00 774.987 97.79603
C00 799.976 96.77068
C00 824.988 95.00338
C00 850.022 93.14676
C00 869.967 89.985405
C00 875.002 89.169365
C00 899.999 82.57046
C00 919.999 73.34134
C00 925.012 70.9387
C00 949.965 57.011875
C00 975.002 42.508022
C00 999.976 25.747007
C00 1025.028 11.093021
C00 1050.014 3.7588115
C00 1075.002 2.0372899
C00 1099.99 1.6177769
C12 319.994 40.711487
C12 324.969 45.93428
C12 349.982 68.86311
C12 374.975 75.53125
C12 400.019 83.94204
C12 424.965 86.008865
C12 450.035 87.866135
C12 475.003 90.65117
C12 500.018 92.4981
C12 525.002 94.45761
C12 550.029 97.17991
C12 575.023 98.303764
C12 599.982 98.71897
C12 619.997 98.8564
C12 624.979 99.91338
C12 650.012 99.468155
C12 675.004 99.967354
C12 700.03 98.86668
C12 725.012 98.89559
C12 750.022 98.52292
C12 774.987 97.91669
C12 799.976 96.857254
C12 824.988 95.023056
C12 850.022 93.14426
C12 869.967 89.91382
C12 875.002 89.041016
C12 899.999 82.06677
C12 919.999 73.20727
C12 925.012 70.930725
C12 949.965 56.9236
C12 975.002 41.764248
C12 999.976 25.117287
C12 1025.028 10.801829
C12 1050.014 3.7793405
C12 1075.002 2.0682607
C12 1099.99 1.6117201
C14 319.994 40.448727
C14 324.969 45.633945
C14 349.982 68.268906
C14 374.975 74.8903
C14 400.019 83.60339
C14 424.965 85.85091
C14 450.035 87.81009
C14 475.003 90.65245
C14 500.018 92.54587
C14 525.002 94.52832
C14 550.029 97.264534
C14 575.023 98.39016
C14 599.982 98.80699
C14 619.997 98.94334
C14 624.979 99.99878
C14 650.012 99.55088
C14 675.004 100.048645
C14 700.03 98.93693
C14 725.012 98.95309
C14 750.022 98.55848
C14 774.987 97.93284
C14 799.976 96.87229
C14 824.988 95.05751
C14 850.022 93.182976
C14 869.967 89.939224
C14 875.002 89.0563
C14 899.999 82.18155
C14 919.999 73.37104
C14 925.012 71.0561
C14 949.965 56.976265
C14 975.002 41.873657
C14 999.976 25.24641
C14 1025.028 10.848569
C14 1050.014 3.7750854
C14 1075.002 2.0486472
C14 1099.99 1.6122224
C10 319.994 41.088696
C10 324.969 46.366978
C10 349.982 69.613495
C10 374.975 76.287834
C10 400.019 84.419
C10 424.965 86.32174
C10 450.035 88.08721
C10 475.003 90.82047
C10 500.018 92.63891
C10 525.002 94.58096
C10 550.029 97.298195
C10 575.023 98.41805
C10 599.982 98.829216
C10 619.997 98.97006
C10 624.979 100.02563
C10 650.012 99.57995
C10 675.004 100.08776
C10 700.03 98.99752
C10 725.012 99.06777
C10 750.022 98.74206
C10 774.987 98.17213
C10 799.976 97.11863
C10 824.988 95.253204
C10 850.022 93.30693
C10 869.967 90.03791
C10 875.002 89.17106
C10 899.999 82.088806
C10 919.999 73.053154
C10 925.012 70.75081
C10 949.965 56.793705
C10 975.002 41.721664
C10 999.976 24.977898
C10 1025.028 10.767901
C10 1050.014 3.7731843
C10 1075.002 2.0684688
C10 1099.99 1.6091466
C15 319.994 40.40992
C15 324.969 45.586433
C15 349.982 68.12922
C15 374.975 74.70095
C15 400.019 83.50623
C15 424.965 85.81979
C15 450.035 87.81506
C15 475.003 90.68407
C15 500.018 92.589905
C15 525.002 94.58435
C15 550.029 97.32481
C15 575.023 98.45431
C15 599.982 98.87044
C15 619.997 99.00572
C15 624.979 100.057495
C15 650.012 99.610054
C15 675.004 100.10757
C15 700.03 98.99577
C15 725.012 99.0088
C15 750.022 98.61609
C15 774.987 97.991875
C15 799.976 96.92748
C15 824.988 95.11853
C15 850.022 93.25686
C15 869.967 89.93612
C15 875.002 89.04113
C15 899.999 82.29327
C15 919.999 73.523186
C15 925.012 71.164215
C15 949.965 56.930553
C15 975.002 41.96275
C15 999.976 25.321018
C15 1025.028 10.871887
C15 1050.014 3.770507
C15 1075.002 2.0456674
C15 1099.99 1.6102353
C13 319.994 40.689034
C13 324.969 45.905
C13 349.982 68.75708
C13 374.975 75.42186
C13 400.019 83.98107
C13 424.965 86.13173
C13 450.035 88.03698
C13 475.003 90.850685
C13 500.018 92.72018
C13 525.002 94.69552
C13 550.029 97.42862
C13 575.023 98.56003
C13 599.982 98.97378
C13 619.997 99.11294
C13 624.979 100.16594
C13 650.012 99.723366
C13 675.004 100.22436
C13 700.03 99.11119
C13 725.012 99.13417
C13 750.022 98.7444
C13 774.987 98.120094
C13 799.976 97.054565
C13 824.988 95.23416
C13 850.022 93.350235
C13 869.967 90.11209
C13 875.002 89.23554
C13 899.999 82.32301
C13 919.999 73.46674
C13 925.012 71.16804
C13 949.965 57.083717
C13 975.002 41.935688
C13 999.976 25.253086
C13 1025.028 10.863068
C13 1050.014 3.792386
C13 1075.002 2.0613801
C13 1099.99 1.614022
C16 319.994 40.324795
C16 324.969 45.487232
C16 349.982 67.923416
C16 374.975 74.47552
C16 400.019 83.42569
C16 424.965 85.81941
C16 450.035 87.86675
C16 475.003 90.76715
C16 500.018 92.691574
C16 525.002 94.69882
C16 550.029 97.44973
C16 575.023 98.584114
C16 599.982 98.99813
C16 619.997 99.13695
C16 624.979 100.19244
C16 650.012 99.740974
C16 675.004 100.23858
C16 700.03 99.12534
C16 725.012 99.14909
C16 750.022 98.759315
C16 774.987 98.14764
C16 799.976 97.08868
C16 824.988 95.29013
C16 850.022 93.4045
C16 869.967 90.08334
C16 875.002 89.21136
C16 899.999 82.56591
C16 919.999 73.64974
C16 925.012 71.23422
C16 949.965 57.09597
C16 975.002 42.20534
C16 999.976 25.451843
C16 1025.028 10.91687
C16 1050.014 3.788773
C16 1075.002 2.0512564
C16 1099.99 1.6088445
