lsstCam/transmission_filter_detector/r21_s21/z_20/19700101T000000.ecsv
# %ECSV 1.0
# ---
# datatype:
# - {name: wavelength, unit: nm, datatype: float32}
# - {name: efficiency, unit: '%', datatype: float64}
# meta: !!omap
# - {MODE: DETECTOR}
# - {TYPE: transmission_filter_detector}
# - {CALIBDATE: '1970-01-01T00:00:00'}
# - {INSTRUME: LSSTCam}
# - {OBSTYPE: transmission_filter_detector}
# - {CALIBCLS: lsst.ip.isr.IntermediateFilterDetectorTransmissionCurve}
# - {SOURCE: Materion (DM-46256)}
# - {DETECTOR: 88}
# - {FILTER: z_20}
# - {CALIB_ID: 'calibDate=1970-01-01T00:00:00 filter=z_20 detector=88'}
# - {DATE: '2025-04-02T15:59:49.047146'}
# - {CALIB_CREATION_DATE: '2025-04-02'}
# - {CALIB_CREATION_TIME: '15:59:49'}
# - __serialized_columns__:
#     efficiency:
#       __class__: astropy.units.quantity.Quantity
#       unit: !astropy.units.Unit {unit: '%'}
#       value: !astropy.table.SerializedColumn {name: efficiency}
#     wavelength:
#       __class__: astropy.units.quantity.Quantity
#       unit: !astropy.units.Unit {unit: nm}
#       value: !astropy.table.SerializedColumn {name: wavelength}
# schema: astropy-2.0
wavelength efficiency
300.0 0.4228220786899328
301.0 0.3519152756780386
302.0 0.28100849594920874
303.0 0.24951854720711708
304.0 0.21802857518196106
305.0 0.18964014016091824
306.0 0.16125169349834323
307.0 0.14547394821420312
308.0 0.129696202930063
309.0 0.13196093495935202
310.0 0.13422566698864102
311.0 0.12313778279349208
312.0 0.11204989859834313
313.0 0.10845493525266647
314.0 0.10485996026545763
315.0 0.09129744721576571
316.0 0.07773492252454162
317.0 0.07151085883378983
318.0 0.06528680096380413
319.0 0.06771304178982973
320.0 0.07013929425738752
321.0 0.06439234712161124
322.0 0.058645394165068865
323.0 0.05634755361825228
324.0 0.0540497072506696
325.0 0.04680312122218311
326.0 0.03955653228331357
327.0 0.039547053165733814
328.0 0.03953757113777101
329.0 0.03684745170176029
330.0 0.03415733517613262
331.0 0.03190385759808123
332.0 0.029650380020029843
333.0 0.02887156151700765
334.0 0.02809274010360241
335.0 0.02684307110030204
336.0 0.025593402097001672
337.0 0.023597702966071665
338.0 0.021602002379950136
339.0 0.019897268794011325
340.0 0.01819253811845556
341.0 0.017982155259232968
342.0 0.017771770944818854
343.0 0.01662685099290684
344.0 0.015481931040994823
345.0 0.01442177890567109
346.0 0.013361625315155834
347.0 0.013426344958133996
348.0 0.013491063145920634
349.0 0.014048289449419826
350.0 0.014605512842535973
351.0 0.013474197476170957
352.0 0.012342880654614419
353.0 0.013758873683400452
354.0 0.015174868167378008
355.0 0.012768091983161867
356.0 0.01036131361615844
357.0 0.010416971053928137
358.0 0.010472628491697833
359.0 0.010201217082794756
360.0 0.00992980640148744
361.0 0.009297968063037843
362.0 0.00866613190737553
363.0 0.00839049753267318
364.0 0.008114863885566592
365.0 0.008083943976089358
366.0 0.008053025521803647
367.0 0.008152247028192505
368.0 0.008251469989772886
369.0 0.008467560110148042
370.0 0.008683650230523199
371.0 0.00809102421044372
372.0 0.007498396735172719
373.0 0.00675266855978407
374.0 0.006006939656799659
375.0 0.006077227953937836
376.0 0.006147515523480251
377.0 0.0065086780523415655
378.0 0.006869839853607118
379.0 0.006195211608428508
380.0 0.005520583727047779
381.0 0.0050239850679645315
382.0 0.004527386045083404
383.0 0.004795283530256711
384.0 0.00506318174302578
385.0 0.004738559073302895
386.0 0.004413936039782129
387.0 0.004818800152861513
388.0 0.005223664629738778
389.0 0.004979125515092164
390.0 0.004734587128041312
391.0 0.004212315616314299
392.0 0.0036900441045872867
393.0 0.004225067459628917
394.0 0.004760090814670548
395.0 0.0043314037611708045
396.0 0.003902716707671061
397.0 0.003914695116691291
398.0 0.0039266735257115215
399.0 0.004088817149749957
400.0 0.004250961501384154
401.0 0.004577334402711131
402.0 0.004903707667835988
403.0 0.004893257937510498
404.0 0.004882808570982888
405.0 0.004169483509031124
406.0 0.0034561584470793605
407.0 0.0030537634302163497
408.0 0.002651368595252279
409.0 0.0027345413400325924
410.0 0.002817714266711846
411.0 0.0032932435715338215
412.0 0.003768772876355797
413.0 0.003530306275933981
414.0 0.003291839675512165
415.0 0.003423230373300612
416.0 0.003554621071089059
417.0 0.003546031075529754
418.0 0.00353744144376833
419.0 0.00341792510880623
420.0 0.0032984084100462496
421.0 0.00378264048777055
422.0 0.004266872929292731
423.0 0.004142122998018749
424.0 0.004017373066744767
425.0 0.0030259567211032845
426.0 0.0020345401935628615
427.0 0.0022588508727494627
428.0 0.0024831613700371236
429.0 0.0023035569029161707
430.0 0.002123952617694158
431.0 0.0016168773072422482
432.0 0.0011098019058408681
433.0 0.0016253352441708557
434.0 0.002140868491551373
435.0 0.0022605061531066895
436.0 0.0023801438146620058
437.0 0.002162551572837401
438.0 0.0019449591491138563
439.0 0.0022548976630787365
440.0 0.0025648365408414975
441.0 0.002355495780648198
442.0 0.002146155202353839
443.0 0.0025177178031299263
444.0 0.002889280403906014
445.0 0.002968533408420626
446.0 0.0030477865948341787
447.0 0.0026182075089309365
448.0 0.0021886286049266346
449.0 0.0020198705897200853
450.0 0.0018511127564124763
451.0 0.001975548184418585
452.0 0.0020999837943236344
453.0 0.0018239699784317054
454.0 0.0015479563444387168
455.0 0.0018312914107809775
456.0 0.002114627022820059
457.0 0.0018545277271186933
458.0 0.0015944284314173274
459.0 0.0017762502466212027
460.0 0.0019580716980271973
461.0 0.0015007407455414068
462.0 0.0010434097021061461
463.0 0.0013673468856723048
464.0 0.0016912841601879336
465.0 0.0016619651432847604
466.0 0.0016326461263815872
467.0 0.0016514546587131917
468.0 0.0016702628272469155
469.0 0.001367978984490037
470.0 0.0010656953236320987
471.0 0.0010808469596668147
472.0 0.0010959985957015306
473.0 0.0011729865946108475
474.0 0.0012499744116212241
475.0 0.001215128941112198
476.0 0.0011802834706031717
477.0 0.0012475823496060912
478.0 0.0013148812286090106
479.0 0.0016327483535860665
480.0 0.0019506156604620628
481.0 0.001517883993074065
482.0 0.0010851524166355375
483.0 0.0009486508133704774
484.0 0.0008121490282064769
485.0 0.0010796927199407946
486.0 0.0013472363207256421
487.0 0.0014836470654699951
488.0 0.0016200579921132885
489.0 0.0019290202544652857
490.0 0.0022379826987162232
491.0 0.0019734734451049007
492.0 0.0017089643733925186
493.0 0.0018573624402051792
494.0 0.0020057610527146608
495.0 0.001732685268507339
496.0 0.0014596095752494875
497.0 0.0014310427104646806
498.0 0.0014024757547304034
499.0 0.0012565192264446523
500.0 0.001110562607209431
501.0 0.0009767954907147214
502.0 0.0008430284651694819
503.0 0.001233976763614919
504.0 0.0016249252439592965
505.0 0.0019277167666587047
506.0 0.002230508289358113
507.0 0.0017464448319515213
508.0 0.0012623812835954595
509.0 0.0014161571925797034
510.0 0.0015699331925134175
511.0 0.001564227022754494
512.0 0.00155852048919769
513.0 0.0013769090401183348
514.0 0.00119529777293792
515.0 0.0010027247299149167
516.0 0.0008101518687908538
517.0 0.0011531553354870994
518.0 0.0014961588931328151
519.0 0.001428223004040774
520.0 0.0013602870239992626
521.0 0.0014765233572688885
522.0 0.001592759508639574
523.0 0.0013288385162013583
524.0 0.0010649173418642022
525.0 0.0009906041668727994
526.0 0.0009162909918813966
527.0 0.0010516069778532255
528.0 0.0011869229638250545
529.0 0.0012986813089810312
530.0 0.0014104395631875377
531.0 0.0014469012967310846
532.0 0.0014833630302746315
533.0 0.0011428848665673286
534.0 0.0008024066119105555
535.0 0.0010406783076177817
536.0 0.0012789500033250079
537.0 0.001476634952268796
538.0 0.0016743199012125842
539.0 0.0015325507774832658
540.0 0.0013907812899560668
541.0 0.0012256184163561556
542.0 0.0010604553608573042
543.0 0.0011107836144219618
544.0 0.0011611118679866195
545.0 0.001094242361432407
546.0 0.0010273728548781946
547.0 0.001440473261027364
548.0 0.0018535734852775931
549.0 0.0016091789802885614
550.0 0.0013647842024511192
551.0 0.0016395730199292302
552.0 0.001914361746457871
553.0 0.002098904769809451
554.0 0.0022834476112620905
555.0 0.001582145159773063
556.0 0.0008808424354356248
557.0 0.0011418296708143316
558.0 0.0014028170880919788
559.0 0.0012261290976312011
560.0 0.0010494411981198937
561.0 0.001142507062468212
562.0 0.0012355729268165305
563.0 0.001194106152979657
564.0 0.0011526392881933134
565.0 0.0016879264876479283
566.0 0.0022232139599509537
567.0 0.002372618291701656
568.0 0.0025220224415534176
569.0 0.002517987559258472
570.0 0.002513953222660348
571.0 0.0023019347281660885
572.0 0.002089916233671829
573.0 0.0018131504475604743
574.0 0.0015363846614491194
575.0 0.0018821099729393609
576.0 0.002227835102530662
577.0 0.002191777639382053
578.0 0.002155719994334504
579.0 0.002082772880385164
580.0 0.002009825584536884
581.0 0.0018740731320576742
582.0 0.0017383203157805838
583.0 0.002099678386002779
584.0 0.002461035910528153
585.0 0.002496187880751677
586.0 0.00253133948717732
587.0 0.002032357588177547
588.0 0.001533375689177774
589.0 0.0017043674233718775
590.0 0.0018753593394649215
591.0 0.0016529707863810472
592.0 0.0014305821423477028
593.0 0.0011312879905744921
594.0 0.0008319939297507517
595.0 0.001020307172439061
596.0 0.0012086204151273705
597.0 0.0009493433935858775
598.0 0.0006900664629938547
599.0 0.0008340885869984049
600.0 0.000978110620053485
601.0 0.0009982461961044464
602.0 0.0010183816812059376
603.0 0.0013532265256799292
604.0 0.0016880712792044505
605.0 0.0013224273970990907
606.0 0.0009567836059432011
607.0 0.0010640341315593105
608.0 0.00117128474812489
609.0 0.0012058188076480292
610.0 0.0012403528671711683
611.0 0.0010900005690928083
612.0 0.0009396484529133886
613.0 0.0008593689017288852
614.0 0.0007790892595949117
615.0 0.0010017813110607676
616.0 0.0012244733625266235
617.0 0.0014046029718883801
618.0 0.001584732672199607
619.0 0.0016460968254250474
620.0 0.001707460978650488
621.0 0.0018434620869811624
622.0 0.0019794630134128965
623.0 0.001649487967370078
624.0 0.0013195129213272594
625.0 0.001415306905983016
626.0 0.001511101163487183
627.0 0.0016485157175338827
628.0 0.001785930544428993
629.0 0.0018450546122039668
630.0 0.0019041786799789406
631.0 0.00217651959246723
632.0 0.0024488603230565786
633.0 0.0027130456146551296
634.0 0.0029772309062536806
635.0 0.005728970427298918
636.0 0.008480709948344156
637.0 0.015273253666236997
638.0 0.0220657981117256
639.0 0.02011836040765047
640.0 0.01817092706914991
641.0 0.015412617358379066
642.0 0.01265430764760822
643.0 0.009549151582177728
644.0 0.006443994789151475
645.0 0.00649273642920889
646.0 0.006541478069266304
647.0 0.006342741835396737
648.0 0.006144005601527169
649.0 0.0047485304094152525
650.0 0.003353054853505455
651.0 0.003524559360812418
652.0 0.0036960638681193814
653.0 0.00299082494166214
654.0 0.0022855856514070183
655.0 0.002370969195908401
656.0 0.0024563523766119033
657.0 0.0025864534109132364
658.0 0.002716554081416689
659.0 0.002209860940638464
660.0 0.001703167799860239
661.0 0.0018959257431561127
662.0 0.0020886836864519864
663.0 0.0019189386875950731
664.0 0.0017491940525360405
665.0 0.0017951269910554402
666.0 0.0018410599295748398
667.0 0.0021276473489706405
668.0 0.002414234768366441
669.0 0.0018731345335254446
670.0 0.0013320341167855076
671.0 0.0013675809896085411
672.0 0.001403127589583164
673.0 0.0014600146641896572
674.0 0.0015169017387961503
675.0 0.001524541585240513
676.0 0.0015321813407354057
677.0 0.0017005870176944882
678.0 0.0018689930584514514
679.0 0.0015123792763915844
680.0 0.0011557655852811877
681.0 0.0014917511180101428
682.0 0.0018277365597896278
683.0 0.0023295642677112482
684.0 0.0028313919756328687
685.0 0.002610701267258264
686.0 0.0023900107407826
687.0 0.0018260718206875026
688.0 0.0012621329005924053
689.0 0.0017468353689764626
690.0 0.00223153783736052
691.0 0.0022866774088470265
692.0 0.002341816798434593
693.0 0.002571697586972732
694.0 0.0028015783755108714
695.0 0.0030710521969012916
696.0 0.003340525654493831
697.0 0.0036791905586142093
698.0 0.004017855826532468
699.0 0.0054360018111765385
700.0 0.006854146340629086
701.0 0.007083694072207436
702.0 0.007313239620998502
703.0 0.006311271863523871
704.0 0.00530930446984712
705.0 0.004626063673640601
706.0 0.003942823241231963
707.0 0.003574974471121095
708.0 0.003207125701010227
709.0 0.003858906347886659
710.0 0.004510686994763091
711.0 0.004176027505309321
712.0 0.00384136765205767
713.0 0.0029571756385848857
714.0 0.002072983443213161
715.0 0.0022217378500499763
716.0 0.002370492074987851
717.0 0.0020784787921002135
718.0 0.0017864656911115162
719.0 0.0016999647414195351
720.0 0.001613463791727554
721.0 0.0013235476217232645
722.0 0.0010336312698200345
723.0 0.0012868210433225613
724.0 0.0015400106349261478
725.0 0.0014492257832898758
726.0 0.0013584411135525443
727.0 0.0011587870176299475
728.0 0.0009591328307578806
729.0 0.0011800113497884013
730.0 0.001400889868818922
731.0 0.0012381958185869735
732.0 0.001075501768355025
733.0 0.0014427951100515202
734.0 0.0018100885426974855
735.0 0.0016338708519469947
736.0 0.0014576529792975634
737.0 0.0013396144822763745
738.0 0.001221575712406775
739.0 0.0014249641026253812
740.0 0.0016283524018945172
741.0 0.001587147380632814
742.0 0.0015459425412700512
743.0 0.0018378483218839392
744.0 0.0021297542843967676
745.0 0.0018907208868768066
746.0 0.0016516874893568456
747.0 0.0018011953216046095
748.0 0.0019507033357513137
749.0 0.0025443014237680472
750.0 0.003137899693683721
751.0 0.0028248630769667216
752.0 0.0025118266421486624
753.0 0.002717701681831386
754.0 0.002923576539615169
755.0 0.002253282036690507
756.0 0.001582987533765845
757.0 0.0020331011910457164
758.0 0.002483215030224528
759.0 0.0028252261472516693
760.0 0.003167237446177751
761.0 0.004650237315217964
762.0 0.006133237911853939
763.0 0.005907954982831143
764.0 0.005682670962414704
765.0 0.005245890133664943
766.0 0.004809109668713063
767.0 0.004409922621562146
768.0 0.00401073630200699
769.0 0.004393993731355295
770.0 0.0047772511607035995
771.0 0.00478919901070185
772.0 0.00480114649690222
773.0 0.004385968713904731
774.0 0.003970790567109361
775.0 1.5789806528249128e-10
776.0 0.03667852433864027
777.0 0.031007308280095458
778.0 0.0871321652084589
779.0 1.5789806528249128e-10
780.0 0.06908164359629154
781.0 1.5789806528249128e-10
782.0 1.5789806528249128e-10
783.0 0.0631652947049588
784.0 1.5789806528249128e-10
785.0 1.5789806528249128e-10
786.0 0.04107824934180826
787.0 0.03457072307355702
788.0 1.5789806528249128e-10
789.0 0.03609516425058246
790.0 0.04542578535620123
791.0 0.055271555902436376
792.0 0.11816023616120219
793.0 0.06800537812523544
794.0 1.5789806528249128e-10
795.0 0.055117689771577716
796.0 0.10224411962553859
797.0 0.012935973063576967
798.0 0.09512675460428
799.0 0.17289698589593172
800.0 0.08363478118553758
801.0 0.2733758185058832
802.0 0.4681678023189306
803.0 0.7577741518616676
804.0 1.1938300915062428
805.0 1.8721779808402061
806.0 2.7539851143956184
807.0 4.234151542186737
808.0 6.095041334629059
809.0 8.247923105955124
810.0 10.935358703136444
811.0 13.959261775016785
812.0 17.251016199588776
813.0 20.18384337425232
814.0 22.72246927022934
815.0 25.959140062332153
816.0 30.100536346435547
817.0 35.167598724365234
818.0 40.49990773200989
819.0 45.833832025527954
820.0 53.07040214538574
821.0 60.19579768180847
822.0 67.00339913368225
823.0 73.29737544059753
824.0 79.50762510299683
825.0 84.89521145820618
826.0 89.05832171440125
827.0 92.69186854362488
828.0 96.29907608032227
829.0 97.87875413894653
830.0 98.02051782608032
831.0 99.03918504714966
832.0 98.65112900733948
833.0 99.95845556259155
834.0 98.7256646156311
835.0 99.41020607948303
836.0 99.05795454978943
837.0 99.38604235649109
838.0 98.44847321510315
839.0 98.72202277183533
840.0 98.87484312057495
841.0 99.81529116630554
842.0 99.93676543235779
843.0 100.04079341888428
844.0 98.63529205322266
845.0 99.07626509666443
846.0 99.332195520401
847.0 99.16319251060486
848.0 99.75801706314087
849.0 99.04831647872925
850.0 98.39589595794678
851.0 99.2163598537445
852.0 99.47745203971863
853.0 98.93870949745178
854.0 99.95653033256531
855.0 98.75500202178955
856.0 99.21262264251709
857.0 98.63036274909973
858.0 98.8689124584198
859.0 99.41132068634033
860.0 98.60849380493164
861.0 99.33397769927979
862.0 98.94846081733704
863.0 98.48827719688416
864.0 99.42647218704224
865.0 99.6046781539917
866.0 98.69737029075623
867.0 99.54200983047485
868.0 99.73074197769165
869.0 98.86623620986938
870.0 98.11825752258301
871.0 99.17482733726501
872.0 99.65497255325317
873.0 99.16643500328064
874.0 99.91709589958191
875.0 99.35702681541443
876.0 99.14512038230896
877.0 99.55592751502991
878.0 99.34815764427185
879.0 98.94577264785767
880.0 98.93963932991028
881.0 100.17510652542114
882.0 99.0780234336853
883.0 99.2194414138794
884.0 99.781733751297
885.0 99.25536513328552
886.0 98.89618158340454
887.0 98.80152344703674
888.0 99.37819242477417
889.0 99.69899654388428
890.0 98.73231649398804
891.0 99.56461191177368
892.0 99.05250668525696
893.0 98.97859692573547
894.0 98.47204089164734
895.0 99.78740811347961
896.0 98.87997508049011
