lsstCam/transmission_filter_detector/r21_s21/z_20/19700101T000000.ecsv
# %ECSV 1.0
# ---
# datatype:
# - {name: wavelength, unit: nm, datatype: float32}
# - {name: efficiency, unit: '%', datatype: float64}
# meta: !!omap
# - {MODE: DETECTOR}
# - {TYPE: transmission_filter_detector}
# - {CALIBDATE: '1970-01-01T00:00:00'}
# - {INSTRUME: LSSTCam}
# - {OBSTYPE: transmission_filter_detector}
# - {CALIBCLS: lsst.ip.isr.IntermediateFilterDetectorTransmissionCurve}
# - {SOURCE: Materion (DM-46256)}
# - {DETECTOR: 88}
# - {FILTER: z_20}
# - {CALIB_ID: 'calibDate=1970-01-01T00:00:00 filter=z_20 detector=88'}
# - {DATE: '2025-04-02T15:59:49.047146'}
# - {CALIB_CREATION_DATE: '2025-04-02'}
# - {CALIB_CREATION_TIME: '15:59:49'}
# - __serialized_columns__:
#     efficiency:
#       __class__: astropy.units.quantity.Quantity
#       unit: !astropy.units.Unit {unit: '%'}
#       value: !astropy.table.SerializedColumn {name: efficiency}
#     wavelength:
#       __class__: astropy.units.quantity.Quantity
#       unit: !astropy.units.Unit {unit: nm}
#       value: !astropy.table.SerializedColumn {name: wavelength}
# schema: astropy-2.0
wavelength efficiency
[from data line 598]
898.0 99.05279278755188
899.0 98.9336371421814
900.0 99.02092218399048
901.0 99.55010414123535
902.0 99.2492139339447
903.0 98.88449311256409
904.0 97.8243887424469
905.0 98.86468052864075
906.0 98.23762774467468
907.0 98.94431829452515
908.0 98.4486997127533
909.0 98.68283271789551
910.0 98.22492599487305
911.0 97.26897478103638
912.0 96.35396599769592
913.0 95.1987087726593
914.0 92.9936170578003
915.0 90.92954397201538
916.0 88.94417881965637
917.0 87.2884750366211
918.0 83.773934841156
919.0 82.70726203918457
920.0 79.79864478111267
921.0 76.36606097221375
922.0 72.26654291152954
923.0 66.79856777191162
924.0 61.31450533866882
925.0 55.99016547203064
926.0 50.021952390670776
927.0 43.248313665390015
928.0 37.24052011966705
929.0 30.940601229667664
930.0 25.340917706489563
931.0 20.04140019416809
932.0 14.477364718914032
933.0 9.957421571016312
934.0 6.56670406460762
935.0 4.147455096244812
936.0 2.2947199642658234
937.0 1.4992179349064827
938.0 0.8022988215088844
939.0 0.577359925955534
940.0 0.2743528690189123
941.0 0.2652016934007406
942.0 0.05673654959537089
943.0 0.07094221655279398
944.0 0.05265410873107612
945.0 0.11877751676365733
946.0 0.011038660886697471
947.0 0.07160429959185421
948.0 1.5789806528249128e-10
949.0 0.05447929725050926
950.0 0.06807277095504105
951.0 0.028204082627780735
952.0 1.5789806528249128e-10
953.0 1.5789806528249128e-10
954.0 1.5789806528249128e-10
955.0 0.07647362654097378
956.0 0.07602712721563876
957.0 0.048370196600444615
958.0 1.5789806528249128e-10
959.0 0.06835134699940681
960.0 1.5789806528249128e-10
961.0 1.5789806528249128e-10
962.0 1.5789806528249128e-10
963.0 0.06298182415775955
964.0 1.5789806528249128e-10
965.0 1.5789806528249128e-10
966.0 1.5789806528249128e-10
967.0 1.5789806528249128e-10
968.0 0.00634283569524996
969.0 1.5789806528249128e-10
970.0 0.02428808220429346
971.0 0.005930570114287548
972.0 0.026660878211259842
973.0 1.5789806528249128e-10
974.0 1.5789806528249128e-10
975.0 1.5789806528249128e-10
976.0 0.006651798321399838
977.0 0.006606056558666751
978.0 0.006560314795933664
979.0 0.0063375409808941185
980.0 0.006114767165854573
981.0 0.005937119567533955
982.0 0.005759471605415456
983.0 0.005753277582698502
984.0 0.005747083196183667
985.0 0.005533712464966811
986.0 0.005320341369952075
987.0 0.0052843901357846335
988.0 0.005248438537819311
989.0 0.0051193987019360065
990.0 0.004990358866052702
991.0 0.0049981765187112615
992.0 0.0050059945351677015
993.0 0.004880641063209623
994.0 0.004755287591251545
995.0 0.004738686038763262
996.0 0.004722084122477099
997.0 0.004680867641582154
998.0 0.004639651160687208
999.0 0.0045258246245794
1000.0 0.0044119980884715915
1001.0 0.00441253068856895
1002.0 0.004413063288666308
1003.0 0.004466374593903311
1004.0 0.004519686262938194
1005.0 0.004544442708720453
1006.0 0.0045691987907048315
1007.0 0.0045016800868324935
1008.0 0.004434161019162275
1009.0 0.004403913771966472
1010.0 0.00437366652477067
1011.0 0.004448783147381619
1012.0 0.004523899406194687
1013.0 0.004511516817728989
1014.0 0.004499134229263291
1015.0 0.00454750370408874
1016.0 0.004595872815116309
1017.0 0.004565724157146178
1018.0 0.004535575499176048
1019.0 0.004523823008639738
1020.0 0.004512070518103428
1021.0 0.004585966962622479
1022.0 0.004659863043343648
1023.0 0.004666233508032747
1024.0 0.004672603608923964
1025.0 0.00472310530312825
1026.0 0.004773606997332536
1027.0 0.004879348489339463
1028.0 0.004985090345144272
1029.0 0.004792457548319362
1030.0 0.004599824387696572
1031.0 0.004749772051582113
1032.0 0.004899720079265535
1033.0 0.005016780778532848
1034.0 0.005133841841598041
1035.0 0.00514381354150828
1036.0 0.005153785241418518
1037.0 0.005407923526945524
1038.0 0.00566206181247253
1039.0 0.00570670235902071
1040.0 0.0057513425417710096
1041.0 0.005788789349026047
1042.0 0.005826235792483203
1043.0 0.0058579444157658145
1044.0 0.0058896523114526644
1045.0 0.0061109829402994365
1046.0 0.006332312477752566
1047.0 0.006360388215398416
1048.0 0.0063884639530442655
1049.0 0.006438603304559365
1050.0 0.006488741928478703
1051.0 0.00674267575959675
1052.0 0.006996608863119036
1053.0 0.007248614565469325
1054.0 0.0075006224506068975
1055.0 0.007553667819593102
1056.0 0.007606714643770829
1057.0 0.007777719292789698
1058.0 0.00794872539700009
1059.0 0.008037895167944953
1060.0 0.008127064211294055
1061.0 0.00867536582518369
1062.0 0.009223668166669086
1063.0 0.009558000601828098
1064.0 0.009892333036987111
1065.0 0.009925155609380454
1066.0 0.009957977454178035
1067.0 0.010006055526901037
1068.0 0.010054132144432515
1069.0 0.010493000445421785
1070.0 0.010931868746411055
1071.0 0.010926290269708261
1072.0 0.010920710337813944
1073.0 0.011416442430345342
1074.0 0.011912173795280978
1075.0 0.011728557001333684
1076.0 0.01154494093498215
1077.0 0.012356550723779947
1078.0 0.01316815905738622
1079.0 0.013450846017803997
1080.0 0.013733532978221774
1081.0 0.014267765800468624
1082.0 0.014801998622715473
1083.0 0.01503943931311369
1084.0 0.015276881458703429
1085.0 0.015232340956572443
1086.0 0.015187798999249935
1087.0 0.015928629727568477
1088.0 0.01666946045588702
1089.0 0.016946819960139692
1090.0 0.01722418237477541
1091.0 0.01695160462986678
1092.0 0.016679026884958148
1093.0 0.017654208932071924
1094.0 0.018629389523994178
1095.0 0.019553925085347146
1096.0 0.02047845773631707
1097.0 0.021188661048654467
1098.0 0.02189886145060882
1099.0 0.022372917737811804
1100.0 0.022846971114631742
1101.0 0.023349703405983746
1102.0 0.02385243569733575
1103.0 0.02516182721592486
1104.0 0.02647122018970549
1105.0 0.026441231602802873
1106.0 0.0264112459262833
1107.0 0.02695326693356037
1108.0 0.027495287940837443
1109.0 0.02871402248274535
1110.0 0.029932757024653256
1111.0 0.029800637275911868
1112.0 0.029668520437553525
1113.0 0.03119096509180963
1114.0 0.032713409746065736
1115.0 0.03340500988997519
1116.0 0.0340966071235016
1117.0 0.03594023291952908
1118.0 0.037783855805173516
1119.0 0.04000133485533297
1120.0 0.04221881099510938
1121.0 0.04255803651176393
1122.0 0.04289726493880153
1123.0 0.04321669694036245
1124.0 0.04353612894192338
1125.0 0.04459230985958129
1126.0 0.04564848786685616
1127.0 0.04994184128008783
1128.0 0.054235191782936454
1129.0 0.056000042241066694
1130.0 0.057764898519963026
1131.0 0.06096695433370769
1132.0 0.06416901596821845
1133.0 0.06414427771233022
1134.0 0.06411954527720809
1135.0 0.06779358955100179
1136.0 0.07146763382479548
1137.0 0.0770441023632884
1138.0 0.08262057672254741
1139.0 0.08490352192893624
1140.0 0.08718646713532507
1141.0 0.10050805285573006
1142.0 0.11382963275536895
1143.0 0.14276030706241727
1144.0 0.1716909697279334
1145.0 0.33292940352112055
1146.0 0.49416786059737206
1147.0 1.0067044757306576
1148.0 1.519241277128458
1149.0 1.648496650159359
1150.0 1.777753047645092
