lsstCam/transmission_filter_detector/r11_s00/u_24/19700101T000000.ecsv
# %ECSV 1.0
# ---
# datatype:
# - {name: wavelength, unit: nm, datatype: float32}
# - {name: efficiency, unit: '%', datatype: float64}
# meta: !!omap
# - {MODE: DETECTOR}
# - {TYPE: transmission_filter_detector}
# - {CALIBDATE: '1970-01-01T00:00:00'}
# - {INSTRUME: LSSTCam}
# - {OBSTYPE: transmission_filter_detector}
# - {CALIBCLS: lsst.ip.isr.IntermediateFilterDetectorTransmissionCurve}
# - {SOURCE: Materion (DM-46256)}
# - {DETECTOR: 36}
# - {FILTER: u_24}
# - {CALIB_ID: 'calibDate=1970-01-01T00:00:00 filter=u_24 detector=36'}
# - {DATE: '2025-04-02T15:59:39.915851'}
# - {CALIB_CREATION_DATE: '2025-04-02'}
# - {CALIB_CREATION_TIME: '15:59:39'}
# - __serialized_columns__:
#     efficiency:
#       __class__: astropy.units.quantity.Quantity
#       unit: !astropy.units.Unit {unit: '%'}
#       value: !astropy.table.SerializedColumn {name: efficiency}
#     wavelength:
#       __class__: astropy.units.quantity.Quantity
#       unit: !astropy.units.Unit {unit: nm}
#       value: !astropy.table.SerializedColumn {name: wavelength}
# schema: astropy-2.0
wavelength efficiency
[from data line 581]
876.0 0.0024817674784571864
877.0 0.0025009814635268413
878.0 0.002520195994293317
879.0 0.0026197260012850165
880.0 0.0027192563720745966
881.0 0.002892963311751373
882.0 0.003066670979023911
883.0 0.0028401522286003456
884.0 0.002613634387671482
885.0 0.002436854447296355
886.0 0.0022600746888201684
887.0 0.0021935004042461514
888.0 0.0021269266653689556
889.0 0.0021144112906767987
890.0 0.0021018959159846418
891.0 0.002321095234947279
892.0 0.0025402945539099164
893.0 0.0026209150746581145
894.0 0.002701535231608432
895.0 0.0030888826586306095
896.0 0.0034762302675517276
897.0 0.003837747863144614
898.0 0.0041992654587375
899.0 0.004299381180317141
900.0 0.0043994965380989015
901.0 0.004386317596072331
902.0 0.004373139017843641
903.0 0.0046532517444575205
904.0 0.0049333644710714
905.0 0.005068512837169692
906.0 0.005203660839470103
907.0 0.005564200910157524
908.0 0.005924740980844945
909.0 0.0058159541367786005
910.0 0.005707167292712256
911.0 0.005828480425407179
912.0 0.005949793921899982
913.0 0.005678136949427426
914.0 0.005406479613156989
915.0 0.005042776683694683
916.0 0.004679073754232377
917.0 0.004212976637063548
918.0 0.003746879519894719
919.0 0.004184444696875289
920.0 0.004622009510057978
921.0 0.004748249193653464
922.0 0.00487448887724895
923.0 0.0056980141380336136
924.0 0.006521537579828873
925.0 0.006778546958230436
926.0 0.007035555609036237
927.0 0.007585685671074316
928.0 0.008135812095133588
929.0 0.008114006777759641
930.0 0.008092202187981457
931.0 0.00751815241528675
932.0 0.006944100459804758
933.0 0.0068229594035074115
934.0 0.006701819074805826
935.0 0.0068022920459043235
936.0 0.006902765017002821
937.0 0.006919036241015419
938.0 0.006935309647815302
939.0 0.006911039963597432
940.0 0.0068867702793795615
941.0 0.00598627702856902
942.0 0.005085782686364837
943.0 0.0041125786083284765
944.0 0.0031393756216857582
945.0 0.0023911838070489466
946.0 0.0016429921743110754
947.0 0.0016034433429013006
948.0 0.0015638941476936452
949.0 0.0015389528925879858
950.0 0.0015140116374823265
951.0 0.0013252750250103418
952.0 0.001136538412538357
953.0 0.0011990725397481583
954.0 0.0012616068488568999
955.0 0.0020346324163256213
956.0 0.0028076578018954024
957.0 0.002896558726206422
958.0 0.0029854591048206203
959.0 0.003290635868324898
960.0 0.0035958117223344743
961.0 0.004115284900763072
962.0 0.004634757351595908
963.0 0.0048449936002725735
964.0 0.005055230212747119
965.0 0.0048211251851171255
966.0 0.004587020157487132
967.0 0.004722500307252631
968.0 0.004857981548411772
969.0 0.004830555553780869
970.0 0.004803129922947846
971.0 0.0047329442168120295
972.0 0.004662758146878332
973.0 0.004417703894432634
974.0 0.004172649278189056
975.0 0.004114525290788151
976.0 0.004056400939589366
977.0 0.003693788676173426
978.0 0.003331176412757486
979.0 0.0031476738513447344
980.0 0.0029641712899319828
981.0 0.002695231705729384
982.0 0.002426291939627845
983.0 0.002842337198671885
984.0 0.0032583819120191038
985.0 0.0036862464185105637
986.0 0.004114111652597785
987.0 0.004447624814929441
988.0 0.0047811376134632155
989.0 0.005695733125321567
990.0 0.0066103275457862765
991.0 0.0070362868427764624
992.0 0.007462246139766648
993.0 0.007654001819901168
994.0 0.007845757500035688
995.0 0.007323027239181101
996.0 0.006800294067943469
997.0 0.00635346514172852
998.0 0.005906637670705095
999.0 0.006152512651169673
1000.0 0.0063983861764427274
1001.0 0.006132027920102701
1002.0 0.0058656674809753895
1003.0 0.005364149910747074
1004.0 0.004862630521529354
1005.0 0.005133077502250671
1006.0 0.005403523755376227
1007.0 0.005195033008931205
1008.0 0.004986540079698898
1009.0 0.00437574453826528
1010.0 0.0037649497244274244
1011.0 0.0037122492358321324
1012.0 0.003659549111034721
1013.0 0.0032482948881806806
1014.0 0.0028370404834276997
1015.0 0.0024623257559142075
1016.0 0.0020876106646028347
1017.0 0.0019576009435695596
1018.0 0.0018275910406373441
1019.0 0.0016207766748266295
1020.0 0.0014139621271169744
1021.0 0.001358672307105735
1022.0 0.0013033823961450253
1023.0 0.0012879507266916335
1024.0 0.0012725190572382417
1025.0 0.001387782504025381
1026.0 0.0015030461327114608
1027.0 0.0014865158846077975
1028.0 0.001469985545554664
1029.0 0.0015999283277778886
1030.0 0.0017298712919000536
1031.0 0.002025209687417373
1032.0 0.002320548446732573
1033.0 0.002431087523291353
1034.0 0.002541626599850133
1035.0 0.002632073483255226
1036.0 0.0027225200028624386
1037.0 0.00279087671515299
1038.0 0.002859233609342482
1039.0 0.002555772334744688
1040.0 0.002252311423944775
1041.0 0.0018424223526380956
1042.0 0.0014325335541798268
1043.0 0.001611896550457459
1044.0 0.0017912598195835017
1045.0 0.0014481787729891948
1046.0 0.0011050979992432985
1047.0 0.0020345498342067003
1048.0 0.0029640019420185126
1049.0 0.002182085154345259
1050.0 0.0014001679119246546
1051.0 0.001569390224176459
1052.0 0.0017386124454787932
1053.0 0.0016300093193422072
1054.0 0.0015214058294077404
1055.0 0.0011949595318583306
1056.0 0.0008685135071573313
1057.0 0.0015519040971412323
1058.0 0.0022352951418724842
1059.0 0.0014609560821554624
1060.0 0.0006866173862363212
1061.0 0.0012679939572990406
1062.0 0.0018493703464628197
1063.0 0.0019082559447269887
1064.0 0.0019671409972943366
1065.0 0.0014014419321028981
1066.0 0.0008357431397598702
1067.0 0.0011223642104596365
1068.0 0.001408984826412052
1069.0 0.0021596410078927875
1070.0 0.0029102970074745826
1071.0 0.0014794011804042384
1072.0 4.850560344493715e-05
1073.0 0.0008500557669322006
1074.0 0.0016516058167326264
1075.0 0.003017558265128173
1076.0 0.004383510167826898
1077.0 0.0047234098019544035
1078.0 0.005063309436081909
1079.0 0.005947572208242491
1080.0 0.006831832433817908
1081.0 0.004739052747027017
1082.0 0.0026462726964382455
1083.0 0.0019762977899517864
1084.0 0.0013063227925158571
1085.0 0.002934040458058007
1086.0 0.004561757668852806
1087.0 0.003839937926386483
1088.0 0.00311811818392016
1089.0 0.005113258885103278
1090.0 0.007108399586286396
1091.0 0.004799053931492381
1092.0 0.0024897080947994255
1093.0 0.002020343345066067
1094.0 0.0015509791410295293
1095.0 0.001541128585813567
1096.0 0.0015312782124965452
1097.0 0.0023176544345915318
1098.0 0.0031040308385854587
1099.0 0.0034566764952614903
1100.0 0.0038093225157354027
