lsstCam/transmission_filter_detector/r11_s00/u_24/19700101T000000.ecsv
# %ECSV 1.0
# ---
# datatype:
# - {name: wavelength, unit: nm, datatype: float32}
# - {name: efficiency, unit: '%', datatype: float64}
# meta: !!omap
# - {MODE: DETECTOR}
# - {TYPE: transmission_filter_detector}
# - {CALIBDATE: '1970-01-01T00:00:00'}
# - {INSTRUME: LSSTCam}
# - {OBSTYPE: transmission_filter_detector}
# - {CALIBCLS: lsst.ip.isr.IntermediateFilterDetectorTransmissionCurve}
# - {SOURCE: Materion (DM-46256)}
# - {DETECTOR: 36}
# - {FILTER: u_24}
# - {CALIB_ID: 'calibDate=1970-01-01T00:00:00 filter=u_24 detector=36'}
# - {DATE: '2025-04-02T15:59:39.915851'}
# - {CALIB_CREATION_DATE: '2025-04-02'}
# - {CALIB_CREATION_TIME: '15:59:39'}
# - __serialized_columns__:
#     efficiency:
#       __class__: astropy.units.quantity.Quantity
#       unit: !astropy.units.Unit {unit: '%'}
#       value: !astropy.table.SerializedColumn {name: efficiency}
#     wavelength:
#       __class__: astropy.units.quantity.Quantity
#       unit: !astropy.units.Unit {unit: nm}
#       value: !astropy.table.SerializedColumn {name: wavelength}
# schema: astropy-2.0
wavelength efficiency
295.0 1.6352427224808341e-10
296.0 1.6352427224808341e-10
297.0 1.6352427224808341e-10
298.0 1.6352427224808341e-10
299.0 1.6352427224808341e-10
300.0 1.6352427224808341e-10
301.0 1.6352427224808341e-10
302.0 0.018915365217253566
303.0 1.6352427224808341e-10
304.0 0.08974506636150181
305.0 0.9471045807003975
306.0 2.039146237075329
307.0 3.770492970943451
308.0 6.027595698833466
309.0 9.424325823783875
310.0 12.80251294374466
311.0 16.72195792198181
312.0 20.432719588279724
313.0 23.5578790307045
314.0 26.398614048957825
315.0 28.888699412345886
316.0 31.189900636672974
317.0 33.67895185947418
318.0 36.758384108543396
319.0 40.859174728393555
320.0 46.43392860889435
321.0 51.98264122009277
322.0 57.97927379608154
323.0 63.415902853012085
324.0 67.69574284553528
325.0 70.64611911773682
326.0 72.9698121547699
327.0 74.74163174629211
328.0 76.34507417678833
329.0 77.717125415802
330.0 79.05675768852234
331.0 79.6332836151123
332.0 79.95388507843018
333.0 80.1226556301117
334.0 79.97416853904724
335.0 80.143803358078
336.0 80.440354347229
337.0 81.07152581214905
338.0 81.84973001480103
339.0 82.43706226348877
340.0 82.76771903038025
341.0 83.34786891937256
342.0 83.54636430740356
343.0 83.57132077217102
344.0 83.84098410606384
345.0 84.24407839775085
346.0 84.5816433429718
347.0 84.84383821487427
348.0 85.16610264778137
349.0 85.36298274993896
350.0 85.38786768913269
351.0 85.57777404785156
352.0 85.51251888275146
353.0 85.49855947494507
354.0 85.38573384284973
355.0 85.58420538902283
356.0 85.7983410358429
357.0 85.65993905067444
358.0 85.37034392356873
359.0 85.12744903564453
360.0 84.87427830696106
361.0 84.73086953163147
362.0 84.54830050468445
363.0 84.66615080833435
364.0 84.79067087173462
365.0 85.06725430488586
366.0 85.43537259101868
367.0 85.4929268360138
368.0 85.54527759552002
369.0 85.58639883995056
370.0 85.37303805351257
371.0 85.28286814689636
372.0 85.27444005012512
373.0 85.46041250228882
374.0 85.49310564994812
375.0 85.74817180633545
376.0 85.87048053741455
377.0 85.99686622619629
378.0 86.08223795890808
379.0 85.68134307861328
380.0 84.9384605884552
381.0 83.61908197402954
382.0 81.78859353065491
383.0 79.80372905731201
384.0 77.69639492034912
385.0 75.3490686416626
386.0 72.76809811592102
387.0 69.34552192687988
388.0 65.89585542678833
389.0 61.72848343849182
390.0 57.611680030822754
391.0 53.301650285720825
392.0 48.84910583496094
393.0 45.18350958824158
394.0 41.826313734054565
395.0 38.15187215805054
396.0 34.16801691055298
397.0 28.79520058631897
398.0 22.631926834583282
399.0 15.772023797035217
400.0 9.660692512989044
401.0 5.108372122049332
402.0 2.094350755214691
403.0 0.6623730529099703
404.0 0.2105112886056304
405.0 0.10780689772218466
406.0 0.05893521592952311
407.0 1.6352427224808341e-10
408.0 1.6352427224808341e-10
409.0 1.6352427224808341e-10
410.0 0.004151703615207225
411.0 1.6352427224808341e-10
412.0 1.6352427224808341e-10
413.0 1.6352427224808341e-10
414.0 1.6352427224808341e-10
415.0 1.6352427224808341e-10
416.0 1.6352427224808341e-10
417.0 1.6352427224808341e-10
418.0 1.6352427224808341e-10
419.0 1.6352427224808341e-10
420.0 1.6352427224808341e-10
421.0 1.6352427224808341e-10
422.0 1.6352427224808341e-10
423.0 1.6352427224808341e-10
424.0 1.6352427224808341e-10
425.0 1.6352427224808341e-10
426.0 1.6352427224808341e-10
427.0 1.6352427224808341e-10
428.0 1.6352427224808341e-10
429.0 0.0007282165825017728
430.0 0.003391686186660081
431.0 0.0018762795662041754
432.0 0.00036087310490984237
433.0 0.0007192565135483164
434.0 0.0010776402632473037
435.0 0.0012304485608183313
436.0 0.00138325740408618
437.0 1.6352427224808341e-10
438.0 1.6352427224808341e-10
439.0 1.6352427224808341e-10
440.0 0.0012755663192365319
441.0 0.00010871369795495411
442.0 1.6352427224808341e-10
443.0 1.6352427224808341e-10
444.0 1.6352427224808341e-10
445.0 1.6352427224808341e-10
446.0 1.6352427224808341e-10
447.0 1.6352427224808341e-10
448.0 0.0002682395688680117
449.0 0.0004359588729130337
450.0 0.0006036777904228074
451.0 9.557678595228936e-05
452.0 1.6352427224808341e-10
453.0 1.6352427224808341e-10
454.0 0.00032827006180013996
455.0 1.6352427224808341e-10
456.0 1.6352427224808341e-10
457.0 1.6352427224808341e-10
458.0 0.00022819388050265843
459.0 1.6352427224808341e-10
460.0 1.6352427224808341e-10
461.0 1.6352427224808341e-10
462.0 1.6352427224808341e-10
463.0 1.6352427224808341e-10
464.0 1.6352427224808341e-10
465.0 8.339316792671525e-06
466.0 0.0005086855253466638
467.0 1.6352427224808341e-10
468.0 1.6352427224808341e-10
469.0 1.6352427224808341e-10
470.0 0.0007271912636497291
471.0 1.6352427224808341e-10
472.0 1.6352427224808341e-10
473.0 1.6352427224808341e-10
474.0 1.6352427224808341e-10
475.0 1.6352427224808341e-10
476.0 1.6352427224808341e-10
477.0 1.6352427224808341e-10
478.0 1.6352427224808341e-10
479.0 1.6352427224808341e-10
480.0 1.6352427224808341e-10
481.0 0.0002863144800357986
482.0 0.0009332434274256229
483.0 0.0001755468701958307
484.0 1.6352427224808341e-10
485.0 1.6352427224808341e-10
486.0 1.6352427224808341e-10
487.0 1.6352427224808341e-10
488.0 1.6352427224808341e-10
489.0 1.6352427224808341e-10
490.0 1.6352427224808341e-10
491.0 1.6352427224808341e-10
492.0 1.6352427224808341e-10
493.0 1.6352427224808341e-10
494.0 1.6352427224808341e-10
495.0 1.6352427224808341e-10
496.0 0.000266996994469082
497.0 9.517368084743794e-05
498.0 1.6352427224808341e-10
499.0 1.6352427224808341e-10
500.0 1.6352427224808341e-10
501.0 1.6352427224808341e-10
502.0 1.6352427224808341e-10
503.0 1.6352427224808341e-10
504.0 1.6352427224808341e-10
505.0 1.6352427224808341e-10
506.0 1.6352427224808341e-10
507.0 1.6352427224808341e-10
508.0 1.6352427224808341e-10
509.0 1.6352427224808341e-10
510.0 1.6352427224808341e-10
511.0 1.6352427224808341e-10
512.0 0.00036993712910771137
513.0 0.0003737591669050744
514.0 0.00037758102280349704
515.0 0.00043420914153102785
516.0 0.0004908373739453964
517.0 1.6352427224808341e-10
518.0 1.6352427224808341e-10
519.0 1.6352427224808341e-10
520.0 0.00019518995486578206
521.0 0.0006368898539221846
522.0 0.0010785896847664844
523.0 0.00040693062146601733
524.0 1.6352427224808341e-10
525.0 1.6352427224808341e-10
526.0 1.6352427224808341e-10
527.0 1.6352427224808341e-10
528.0 1.6352427224808341e-10
529.0 1.6352427224808341e-10
530.0 1.6352427224808341e-10
531.0 8.238730515586212e-05
532.0 0.00028681101866823155
533.0 1.6352427224808341e-10
534.0 1.6352427224808341e-10
535.0 1.6352427224808341e-10
536.0 5.507184255293396e-05
537.0 1.6352427224808341e-10
538.0 1.6352427224808341e-10
539.0 1.6352427224808341e-10
540.0 1.6352427224808341e-10
541.0 1.6352427224808341e-10
542.0 1.6352427224808341e-10
543.0 1.6352427224808341e-10
544.0 1.6352427224808341e-10
545.0 1.6352427224808341e-10
546.0 1.6352427224808341e-10
547.0 8.958957664617628e-05
548.0 0.00039381598071486223
549.0 1.6352427224808341e-10
550.0 1.6352427224808341e-10
551.0 1.6352427224808341e-10
552.0 1.6352427224808341e-10
553.0 1.6352427224808341e-10
554.0 1.6352427224808341e-10
555.0 1.6352427224808341e-10
556.0 1.6352427224808341e-10
557.0 1.6352427224808341e-10
558.0 1.6352427224808341e-10
559.0 1.6352427224808341e-10
560.0 0.0004085844921064563
561.0 4.560573358958209e-05
562.0 1.6352427224808341e-10
563.0 1.6352427224808341e-10
564.0 1.6352427224808341e-10
565.0 1.6352427224808341e-10
566.0 1.6352427224808341e-10
567.0 1.6352427224808341e-10
568.0 1.6352427224808341e-10
569.0 0.00020161357952019898
570.0 0.0004425467977853259
571.0 0.0004408690983837005
572.0 0.0004391915354062803
573.0 0.0004142367288295645
574.0 0.00038928224057599436
575.0 0.0002725784952417598
576.0 0.00015587487496304675
577.0 0.0003055871502510854
578.0 0.0004552993232209701
579.0 0.0004493029791774461
580.0 0.00044330649870971683
581.0 0.0006756637048965786
582.0 0.0009080211384571157
583.0 0.001239075390913058
584.0 0.0015701298252679408
585.0 0.0010899671906372532
586.0 0.0006098041012592148
587.0 0.0009369731742481235
588.0 0.0012641424291359726
589.0 0.0010944601854134817
590.0 0.0009247778507415205
591.0 0.0009541151484881993
592.0 0.000983452355285408
593.0 0.0007973146239237394
594.0 0.0006111765287641902
595.0 0.0007677109351789113
596.0 0.0009242450687452219
597.0 0.0011103369615739211
598.0 0.00129642867250368
599.0 0.0016114332538563758
600.0 0.0019264376533101313
601.0 0.001970983430510387
602.0 0.0020155292077106424
603.0 0.0017249614757020026
604.0 0.0014343941984407138
605.0 0.001405799230269622
606.0 0.0013772043530480005
607.0 0.001396880816173507
608.0 0.0014165573702484835
609.0 0.0009130467333307024
610.0 0.0004095361418876564
611.0 0.0006759803909517359
612.0 0.0009424246854905505
613.0 0.0006900448624946875
614.0 0.0004376651304482948
615.0 0.0007093137355695944
616.0 0.000980962340690894
617.0 0.00079550409282092
618.0 0.0006100461177993566
619.0 0.0005093356776342262
620.0 0.00040862551031750627
621.0 0.0005504606633621734
622.0 0.0006922957709321054
623.0 0.0005312343091645744
624.0 0.00037017277918494074
625.0 0.0006153612957859877
626.0 0.0008605497896496672
627.0 0.0008334332960657775
628.0 0.000806316893431358
629.0 0.0007783688488416374
630.0 0.0007504208497266518
631.0 0.0013632452464662492
632.0 0.001976069324882701
633.0 0.0018524604456615634
634.0 0.0017288513845414855
635.0 0.002060315091512166
636.0 0.002391778980381787
637.0 0.002314818266313523
638.0 0.0022378570065484382
639.0 0.0018421453205519356
640.0 0.0014464334526564926
641.0 0.0012389739822538104
642.0 0.001031514420901658
643.0 0.0007198163075372577
644.0 0.00040811810322338715
645.0 0.0003256926675021532
646.0 0.00024326718630618416
647.0 7.643973845006258e-05
648.0 1.6352427224808341e-10
649.0 5.4331076171365567e-05
650.0 0.0001990497139559011
651.0 0.0006232822670426685
652.0 0.0010475149792910088
653.0 0.001487315876147477
654.0 0.0019271165001555346
655.0 0.001660053021623753
656.0 0.0013929895430919714
657.0 0.0024741779270698316
658.0 0.003555366492946632
659.0 0.003836250471067615
660.0 0.0041171344491885975
661.0 0.004088058267370798
662.0 0.004058981721755117
663.0 0.0032873314921744168
664.0 0.0025156814444926567
665.0 0.002218390545749571
666.0 0.001921099283208605
667.0 0.001688456723059062
668.0 0.0014558138900611084
669.0 0.0010984810614900198
670.0 0.0007411483238684013
671.0 0.0005495047389558749
672.0 0.00035786106309387833
673.0 0.00027552375740924617
674.0 0.00019318638351251138
675.0 0.000541684767085826
676.0 0.0008901832188712433
677.0 0.0014781115169171244
678.0 0.002066040178760886
679.0 0.0022611766326008365
680.0 0.0024563130864407867
681.0 0.0034165186661994085
682.0 0.0043767238821601495
683.0 0.005902330303797498
684.0 0.0074279363616369665
685.0 0.007769241346977651
686.0 0.00811054851510562
687.0 0.0075579686381388456
688.0 0.0070053894887678325
689.0 0.005884216443519108
690.0 0.004763044125866145
691.0 0.004293626989237964
692.0 0.0038242098526097834
693.0 0.0032702442695153877
694.0 0.0027162783226231113
695.0 0.002362108170927968
696.0 0.0020079380192328244
697.0 0.0015161617739067879
698.0 0.0010243856195302214
699.0 0.0007709433702984825
700.0 0.0005175008936930681
701.0 0.0003310583906568354
702.0 0.000144616024044808
703.0 0.0004388727120385738
704.0 0.0007331296274060151
705.0 0.0007826437467883807
706.0 0.0008321580025949515
707.0 0.000864446883497294
708.0 0.000896735491551226
709.0 0.0006936098088772269
710.0 0.0004904839443042874
711.0 0.0006786314770579338
712.0 0.0008667788279126398
713.0 0.0008739963050174993
714.0 0.0008812138730718289
715.0 0.0008106881068670191
716.0 0.0007401623861369444
717.0 0.0006891915745654842
718.0 0.0006382207175192889
719.0 0.0005174348643777194
720.0 0.00039664896576141473
721.0 0.00047116664063651115
722.0 0.0005456843155116076
723.0 0.0004985829491488403
724.0 0.000451481582786073
725.0 0.00022888298190082423
726.0 6.284295039904464e-06
727.0 0.0002413514948784723
728.0 0.00047641874516557436
729.0 0.0002855961838577059
730.0 9.477370781496575e-05
731.0 0.00012461049436751637
732.0 0.0001544473207104602
733.0 7.373612902483728e-05
734.0 1.6352427224808341e-10
735.0 0.0003689186542032985
736.0 0.0007448122687492287
737.0 0.0006888663847348653
738.0 0.0006329204552457668
739.0 0.0005201837211643578
740.0 0.00040744689613347873
741.0 0.0009541494364384562
742.0 0.001500852158642374
743.0 0.0019586135749705136
744.0 0.002416374809399713
745.0 0.002867334842449054
746.0 0.003318294693599455
747.0 0.00377703872800339
748.0 0.004235782762407325
749.0 0.0037287172744981945
750.0 0.003221652514184825
751.0 0.0032552139600738883
752.0 0.0032887754059629515
753.0 0.0026863512175623327
754.0 0.0020839266653638333
755.0 0.002219607267761603
756.0 0.0023552882339572534
757.0 0.0019996608898509294
758.0 0.0016440331819467247
759.0 0.001382156460749684
760.0 0.001120279648603173
761.0 0.001050931587087689
762.0 0.0009815836165216751
763.0 0.000805614581622649
764.0 0.0006296454557741527
765.0 0.0006926645710336743
766.0 0.0007556836408184608
767.0 0.0007504975656047463
768.0 0.0007453112630173564
769.0 0.0006378379111993127
770.0 0.0005303642410581233
771.0 0.0004152902420173632
772.0 0.00030021610655239783
773.0 0.0003377605025889352
774.0 0.00037530485315073747
775.0 0.0003955046850023791
776.0 0.00041570456232875586
777.0 0.0005902173143113032
778.0 0.00076472979344544
779.0 0.0009006578693515621
780.0 0.0010365855814598035
781.0 0.0010814162124006543
782.0 0.0011262466614425648
783.0 0.0009807490641833283
784.0 0.0008352512850251514
785.0 0.0010465519153513014
786.0 0.0012578521818795707
787.0 0.0011711599654518068
788.0 0.0010844677490240429
789.0 0.0009710020094644278
790.0 0.0008575362699048128
791.0 0.0008155842806445435
792.0 0.0007736320185358636
793.0 0.0003172453034494538
794.0 1.6352427224808341e-10
795.0 5.462232479658269e-05
796.0 0.00024838600438670255
797.0 0.00027168355245521525
798.0 0.0002949810323116253
799.0 0.00013643036709254375
800.0 1.6352427224808341e-10
801.0 1.6352427224808341e-10
802.0 1.6352427224808341e-10
803.0 4.773119144374505e-05
804.0 0.00029388206712610554
805.0 1.6352427224808341e-10
806.0 1.6352427224808341e-10
807.0 1.6352427224808341e-10
808.0 1.6352427224808341e-10
809.0 0.00016453744819955318
810.0 0.0005402716396929463
811.0 1.6352427224808341e-10
812.0 1.6352427224808341e-10
813.0 1.6352427224808341e-10
814.0 0.0005336597951099975
815.0 0.00047670041567471344
816.0 0.0004197408998152241
817.0 0.00016056297909017303
818.0 1.6352427224808341e-10
819.0 1.6352427224808341e-10
820.0 1.6352427224808341e-10
821.0 1.6352427224808341e-10
822.0 1.6352427224808341e-10
823.0 1.6352427224808341e-10
824.0 1.3748054072948435e-05
825.0 1.6352427224808341e-10
826.0 1.6352427224808341e-10
827.0 0.0001640023356230813
828.0 0.0005586219231190626
829.0 0.0003813231614913093
830.0 0.00020402476366143674
831.0 1.6352427224808341e-10
832.0 1.6352427224808341e-10
833.0 1.6352427224808341e-10
834.0 1.6352427224808341e-10
835.0 1.6352427224808341e-10
836.0 1.6352427224808341e-10
837.0 1.6352427224808341e-10
838.0 1.6352427224808341e-10
839.0 1.6352427224808341e-10
840.0 1.6352427224808341e-10
841.0 1.6352427224808341e-10
842.0 1.6352427224808341e-10
843.0 1.6352427224808341e-10
844.0 1.6352427224808341e-10
845.0 8.088424579000275e-05
846.0 0.000247442858380964
847.0 0.0001815763766899181
848.0 0.00011570981541808578
849.0 0.0001839138349168934
850.0 0.0002521176611480769
851.0 0.00021995260794938076
852.0 0.00018778752064463333
853.0 7.900719651843247e-05
854.0 1.6352427224808341e-10
855.0 1.008763774734689e-05
856.0 4.994849405193236e-05
857.0 0.00041404923649679404
858.0 0.0007781499334669206
859.0 0.0007211313004518161
860.0 0.0006641126674367115
861.0 0.0007994347470230423
862.0 0.0009347568266093731
863.0 0.0011748097676900215
864.0 0.0014148625268717296
865.0 0.0018722674212767743
866.0 0.002329672315681819
867.0 0.002109524211846292
868.0 0.0018893762899097055
869.0 0.0018010197891271673
870.0 0.0017126629245467484
871.0 0.0017289365132455714
872.0 0.0017452097381465137
873.0 0.001856617018347606
874.0 0.0019680242985486984
