lsstCam/transmission_filter_detector/r23_s12/g_6/19700101T000000.ecsv
# %ECSV 1.0
# ---
# datatype:
# - {name: wavelength, unit: nm, datatype: float32}
# - {name: efficiency, unit: '%', datatype: float64}
# meta: !!omap
# - {MODE: DETECTOR}
# - {TYPE: transmission_filter_detector}
# - {CALIBDATE: '1970-01-01T00:00:00'}
# - {INSTRUME: LSSTCam}
# - {OBSTYPE: transmission_filter_detector}
# - {CALIBCLS: lsst.ip.isr.IntermediateFilterDetectorTransmissionCurve}
# - {SOURCE: Materion (DM-46256)}
# - {DETECTOR: 104}
# - {FILTER: g_6}
# - {CALIB_ID: 'calibDate=1970-01-01T00:00:00 filter=g_6 detector=104'}
# - {DATE: '2025-04-02T15:59:42.509852'}
# - {CALIB_CREATION_DATE: '2025-04-02'}
# - {CALIB_CREATION_TIME: '15:59:42'}
# - __serialized_columns__:
#     efficiency:
#       __class__: astropy.units.quantity.Quantity
#       unit: !astropy.units.Unit {unit: '%'}
#       value: !astropy.table.SerializedColumn {name: efficiency}
#     wavelength:
#       __class__: astropy.units.quantity.Quantity
#       unit: !astropy.units.Unit {unit: nm}
#       value: !astropy.table.SerializedColumn {name: wavelength}
# schema: astropy-2.0
wavelength efficiency
[from data line 608]
908.0 0.0004448298568604514
909.0 0.00033788739983720006
910.0 0.00039383880903187674
911.0 0.00044979024096392095
912.0 0.0004991682999389013
913.0 0.0005485463134391466
914.0 0.0004583393547363812
915.0 0.0003681322823467781
916.0 0.00028212643883307464
917.0 0.0001961205953193712
918.0 0.000293836387754709
919.0 0.00039155220292741433
920.0 0.00040942945815913845
921.0 0.00042730671339086257
922.0 0.0004661153980123345
923.0 0.0005049240826338064
924.0 0.00046214540816436056
925.0 0.00041936664274544455
926.0 0.00045789302021148615
927.0 0.0004964194431522628
928.0 0.0005289323780743871
929.0 0.0005614454039459815
930.0 0.0005255036739981733
931.0 0.0004895618076261599
932.0 0.0004883297151536681
933.0 0.00048709771363064647
934.0 0.0005141754627402406
935.0 0.0005412532573245699
936.0 0.0005764183242717991
937.0 0.0006115834821684984
938.0 0.0007330681455641752
939.0 0.0008545529453840572
940.0 0.0006682793355139438
941.0 0.0004820056346943602
942.0 0.0006418016710085794
943.0 0.0008015977073227987
944.0 0.0007612377885379829
945.0 0.0007208777788036969
946.0 0.0008442736543656792
947.0 0.0009676693480287213
948.0 0.0009728459190228023
949.0 0.0009780224900168832
950.0 0.0009111229701375123
951.0 0.000844223268359201
952.0 0.0008912624252843671
953.0 0.0009383013093611225
954.0 0.0008778095434536226
955.0 0.0008173176865966525
956.0 0.0007751941666356288
957.0 0.00073307060119987
958.0 0.000780775098974118
959.0 0.0008284795512736309
960.0 0.0007731909136055037
961.0 0.0007179019576142309
962.0 0.0007543251740571577
963.0 0.0007907484359748196
964.0 0.0006880418368382379
965.0 0.0005853350558027159
966.0 0.0006257197583181551
967.0 0.000666104369884124
968.0 0.0006725274488417199
969.0 0.0006789504368498456
970.0 0.000677277785143815
971.0 0.0006756051334377844
972.0 0.000812426605989458
973.0 0.0009492481694906019
974.0 0.0008844856893119868
975.0 0.0008197233000828419
976.0 0.0008191305823856965
977.0 0.0008185379556380212
978.0 0.0009336288712802343
979.0 0.0010487199688213877
980.0 0.001057614372257376
981.0 0.0010665087756933644
982.0 0.0010490594831935596
983.0 0.001031610372592695
984.0 0.0011085461665061302
985.0 0.001185482233267976
986.0 0.0011869358786498196
987.0 0.0011883895240316633
988.0 0.0012598259672813583
989.0 0.001331262228632113
990.0 0.0013429162208922207
991.0 0.0013545702131523285
992.0 0.0013102381672069896
993.0 0.0012659062122111209
994.0 0.0012990036339033395
995.0 0.0013321010555955581
996.0 0.0012938799955009017
997.0 0.0012556592082546558
998.0 0.0012903131391794886
999.0 0.001324967342952732
1000.0 0.0012200826859043445
1001.0 0.0011151978469570167
1002.0 0.0012055887054884806
1003.0 0.0012959793821210042
1004.0 0.001304546731262235
1005.0 0.0013131140804034658
1006.0 0.0014566802747140173
1007.0 0.0016002464690245688
1008.0 0.0016055610103649087
1009.0 0.001610875733604189
1010.0 0.001672786493145395
1011.0 0.0017346974345855415
1012.0 0.0018909824575530365
1013.0 0.002047267298621591
1014.0 0.0021229243429843336
1015.0 0.0021985812054481357
1016.0 0.002564773240010254
1017.0 0.0029309652745723724
1018.0 0.003083343108301051
1019.0 0.0032357209420297295
1020.0 0.003444485628278926
1021.0 0.0036532506783260033
1022.0 0.003818990444415249
1023.0 0.003984730574302375
1024.0 0.00409425629186444
1025.0 0.004203782009426504
1026.0 0.004442072531674057
1027.0 0.004680362690123729
1028.0 0.004898207407677546
1029.0 0.005116052125231363
1030.0 0.0050356684369035065
1031.0 0.004955284020979889
1032.0 0.005223506377660669
1033.0 0.005491728370543569
1034.0 0.0055858872656244785
1035.0 0.005680046524503268
1036.0 0.005640733434120193
1037.0 0.005601420343737118
1038.0 0.005884960410185158
1039.0 0.006168500112835318
1040.0 0.006368198955897242
1041.0 0.006567897071363404
1042.0 0.00687913634465076
1043.0 0.007190375617938116
1044.0 0.007527347042923793
1045.0 0.007864317740313709
1046.0 0.00883198663359508
1047.0 0.009799654799280688
1048.0 0.011318136239424348
1049.0 0.012836615496780723
1050.0 0.015313409676309675
1051.0 0.01779020094545558
1052.0 0.02156889095203951
1053.0 0.025347588234581053
1054.0 0.0306324363918975
1055.0 0.03591728745959699
1056.0 0.04280730208847672
1057.0 0.04969731089659035
1058.0 0.05752576980739832
1059.0 0.0653542228974402
1060.0 0.0731367792468518
1061.0 0.08091931813396513
1062.0 0.08831050363369286
1063.0 0.09570166002959013
1064.0 0.10170197347179055
1065.0 0.10770227527245879
1066.0 0.11430240701884031
1067.0 0.1209025620482862
1068.0 0.12852386571466923
1069.0 0.13614518102258444
1070.0 0.14655974227935076
1071.0 0.1569742802530527
1072.0 0.16828187508508563
1073.0 0.17958944663405418
1074.0 0.19170439336448908
1075.0 0.2038193866610527
1076.0 0.21604769863188267
1077.0 0.228276033885777
1078.0 0.24105380289256573
1079.0 0.2538315486162901
1080.0 0.27111764065921307
1081.0 0.2884036861360073
1082.0 0.3161254106089473
1083.0 0.3438471583649516
1084.0 0.3867647610604763
1085.0 0.42968238703906536
1086.0 0.4657215904444456
1087.0 0.5017608404159546
1088.0 0.5666360724717379
1089.0 0.6315112579613924
1090.0 0.7080432958900928
1091.0 0.7845752872526646
1092.0 0.8175603114068508
1093.0 0.8505450561642647
1094.0 0.893951766192913
1095.0 0.9373582899570465
1096.0 0.9918652474880219
1097.0 1.0463721118867397
1098.0 1.1110689491033554
1099.0 1.175765972584486
1100.0 1.3430660590529442
1101.0 1.5103659592568874
