lsstCam/transmission_filter_detector/r23_s12/g_6/19700101T000000.ecsv
# %ECSV 1.0
# ---
# datatype:
# - {name: wavelength, unit: nm, datatype: float32}
# - {name: efficiency, unit: '%', datatype: float64}
# meta: !!omap
# - {MODE: DETECTOR}
# - {TYPE: transmission_filter_detector}
# - {CALIBDATE: '1970-01-01T00:00:00'}
# - {INSTRUME: LSSTCam}
# - {OBSTYPE: transmission_filter_detector}
# - {CALIBCLS: lsst.ip.isr.IntermediateFilterDetectorTransmissionCurve}
# - {SOURCE: Materion (DM-46256)}
# - {DETECTOR: 104}
# - {FILTER: g_6}
# - {CALIB_ID: 'calibDate=1970-01-01T00:00:00 filter=g_6 detector=104'}
# - {DATE: '2025-04-02T15:59:42.509852'}
# - {CALIB_CREATION_DATE: '2025-04-02'}
# - {CALIB_CREATION_TIME: '15:59:42'}
# - __serialized_columns__:
#     efficiency:
#       __class__: astropy.units.quantity.Quantity
#       unit: !astropy.units.Unit {unit: '%'}
#       value: !astropy.table.SerializedColumn {name: efficiency}
#     wavelength:
#       __class__: astropy.units.quantity.Quantity
#       unit: !astropy.units.Unit {unit: nm}
#       value: !astropy.table.SerializedColumn {name: wavelength}
# schema: astropy-2.0
wavelength efficiency
300.0 0.4386959131807089
301.0 0.34570125862956047
302.0 0.2527065575122833
303.0 0.23114890791475773
304.0 0.2095912117511034
305.0 0.2113663824275136
306.0 0.21314152982085943
307.0 0.21613899152725935
308.0 0.21913645323365927
309.0 0.21469888743013144
310.0 0.2102613216266036
311.0 0.2003415022045374
312.0 0.19042169442400336
313.0 0.1869612606242299
314.0 0.18350082682445645
315.0 0.1810062793083489
316.0 0.17851174343377352
317.0 0.17574100056663156
318.0 0.17297030426561832
319.0 0.16146075213328004
320.0 0.14995118835940957
321.0 0.14076512306928635
322.0 0.1315790810622275
323.0 0.11655230773612857
324.0 0.1015255693346262
325.0 0.0916950753889978
326.0 0.08186458726413548
327.0 0.0736958987545222
328.0 0.06552721024490893
329.0 0.06183530786074698
330.0 0.05814339965581894
331.0 0.05374184111133218
332.0 0.04934028256684542
333.0 0.04659593105316162
334.0 0.043851579539477825
335.0 0.042556089465506375
336.0 0.04126060230191797
337.0 0.041315623093396425
338.0 0.04137064388487488
339.0 0.040227232966572046
340.0 0.03908382204826921
341.0 0.03733807825483382
342.0 0.03559233737178147
343.0 0.032327312510460615
344.0 0.029062293469905853
345.0 0.025760455173440278
346.0 0.022458619787357748
347.0 0.021127675427123904
348.0 0.019796729611698538
349.0 0.018098489090334624
350.0 0.8775406517088413
351.0 1.1249374598264694
352.0 0.7530145812779665
353.0 0.8618314750492573
354.0 0.8603712543845177
355.0 0.8801346644759178
356.0 0.6654031574726105
357.0 0.8837386965751648
358.0 0.5285636987537146
359.0 0.9237632155418396
360.0 0.6621153093874454
361.0 0.7504978682845831
362.0 0.5189265590161085
363.0 0.7044987287372351
364.0 0.6645783316344023
365.0 0.7559491787105799
366.0 0.5587363615632057
367.0 0.7476200815290213
368.0 0.46307798475027084
369.0 0.7465390022844076
370.0 0.4702810663729906
371.0 0.5559841636568308
372.0 0.39598788134753704
373.0 0.5962594412267208
374.0 0.36996554117649794
375.0 0.5826683714985847
376.0 0.3437537932768464
377.0 0.5676841363310814
378.0 0.368990539573133
379.0 0.5419302266091108
380.0 0.4373749252408743
381.0 0.5219972226768732
382.0 0.5795954260975122
383.0 0.5254469346255064
384.0 0.562302628532052
385.0 0.5262972787022591
386.0 0.6898568943142891
387.0 0.7616223767399788
388.0 0.8845833130180836
389.0 1.1889311484992504
390.0 1.702778972685337
391.0 2.596932277083397
392.0 4.087627679109573
393.0 6.5856389701366425
394.0 9.90508422255516
395.0 14.482738077640533
396.0 20.070329308509827
397.0 27.257326245307922
398.0 35.64943075180054
399.0 44.84089910984039
400.0 54.2919397354126
401.0 63.39865326881409
402.0 71.86031937599182
403.0 79.19479012489319
404.0 84.59412455558777
405.0 88.76320123672485
406.0 91.07967615127563
407.0 92.96488165855408
408.0 94.10765171051025
409.0 94.72302794456482
410.0 94.91655230522156
411.0 94.79869604110718
412.0 94.42130327224731
413.0 94.15434002876282
414.0 93.9952552318573
415.0 94.16511654853821
416.0 94.44252252578735
417.0 94.85622048377991
418.0 95.30393481254578
419.0 95.88381052017212
420.0 96.42214179039001
421.0 97.04732298851013
422.0 97.18741178512573
423.0 97.3695695400238
424.0 97.27666974067688
425.0 97.12989330291748
426.0 97.11155891418457
427.0 97.12099432945251
428.0 96.96580171585083
429.0 96.74949645996094
430.0 96.57962322235107
431.0 96.63020968437195
432.0 96.6539978981018
433.0 96.69811129570007
434.0 96.80248498916626
435.0 96.93413376808167
436.0 97.04100489616394
437.0 97.00957536697388
438.0 97.07691073417664
439.0 97.16172814369202
440.0 97.09817171096802
441.0 97.2743809223175
442.0 97.18289971351624
443.0 97.2410500049591
444.0 97.16400504112244
445.0 96.91558480262756
446.0 96.77582383155823
447.0 96.56423926353455
448.0 96.5831995010376
449.0 96.8026340007782
450.0 97.03375697135925
451.0 97.2435712814331
452.0 97.45038747787476
453.0 97.58496880531311
454.0 97.54852056503296
455.0 97.85673022270203
456.0 97.95231819152832
457.0 98.06454181671143
458.0 98.03474545478821
459.0 98.16420674324036
460.0 98.1410562992096
461.0 98.29692244529724
462.0 98.22404384613037
463.0 98.15912246704102
464.0 98.25879335403442
465.0 98.16575050354004
466.0 98.21730852127075
467.0 98.22026491165161
468.0 98.2495129108429
469.0 98.2740044593811
470.0 98.13872575759888
471.0 98.016756772995
472.0 98.06603789329529
473.0 97.92472720146179
474.0 97.80386090278625
475.0 97.8558361530304
476.0 97.85996079444885
477.0 97.89664149284363
478.0 98.00084233283997
479.0 97.96448945999146
480.0 98.15289974212646
481.0 98.22572469711304
482.0 98.41443300247192
483.0 98.30005168914795
484.0 98.50667715072632
485.0 98.48808646202087
486.0 98.49517345428467
487.0 98.54324460029602
488.0 98.53897094726562
489.0 98.6876130104065
490.0 98.58003854751587
491.0 98.6349880695343
492.0 98.50635528564453
493.0 98.52729439735413
494.0 98.50559830665588
495.0 98.49327206611633
496.0 98.33652377128601
497.0 98.3373761177063
498.0 98.09331893920898
499.0 98.14510345458984
500.0 98.08326363563538
501.0 98.05225133895874
502.0 97.9312539100647
503.0 98.07325005531311
504.0 97.87051677703857
505.0 97.87874817848206
506.0 97.9540228843689
507.0 97.88892865180969
508.0 97.94975519180298
509.0 97.89458513259888
510.0 97.87311553955078
511.0 97.80920743942261
512.0 97.77299165725708
513.0 97.83177375793457
514.0 97.82626628875732
515.0 97.82264232635498
516.0 97.9444682598114
517.0 97.94114828109741
518.0 97.994863986969
519.0 98.01226854324341
520.0 98.07973504066467
521.0 98.18531274795532
522.0 98.19346070289612
523.0 98.16868901252747
524.0 98.20756316184998
525.0 98.17149043083191
526.0 98.29745888710022
527.0 98.28733205795288
528.0 98.3675479888916
529.0 98.49401116371155
530.0 98.48291873931885
531.0 98.64676594734192
532.0 98.51863980293274
533.0 98.49364757537842
534.0 98.5268771648407
535.0 98.35256934165955
536.0 98.01551103591919
537.0 97.46609330177307
538.0 96.7184066772461
539.0 95.33740878105164
540.0 93.6425268650055
541.0 91.05548858642578
542.0 88.31563591957092
543.0 84.70574617385864
544.0 80.1573634147644
545.0 76.05910301208496
546.0 71.13562226295471
547.0 66.53252243995667
548.0 61.946481466293335
549.0 57.752346992492676
550.0 54.482752084732056
551.0 51.29486918449402
552.0 48.88081252574921
553.0 46.363839507102966
554.0 43.54264438152313
555.0 40.371936559677124
556.0 36.230263113975525
557.0 31.36466145515442
558.0 26.040026545524597
559.0 20.68733125925064
560.0 15.500018000602722
561.0 10.645284503698349
562.0 6.91448450088501
563.0 4.107197001576424
564.0 2.278716117143631
565.0 1.1116535402834415
566.0 0.5843005143105984
567.0 0.30166858341544867
568.0 0.19457392627373338
569.0 0.10930780554190278
570.0 0.08560651331208646
571.0 0.05971725913695991
572.0 0.06065125926397741
573.0 0.039603596087545156
574.0 0.04399378667585552
575.0 0.02688059175852686
576.0 0.04462861688807607
577.0 0.021253430168144405
578.0 0.028564780950546265
579.0 0.029103024280630052
580.0 0.029041650122962892
581.0 0.021191645646467805
582.0 0.02952487557195127
583.0 0.01756133569870144
584.0 0.03025380428880453
585.0 0.006474358087871224
586.0 0.023047839931678027
587.0 0.016807600331958383
588.0 0.0195473141502589
589.0 0.020114320795983076
590.0 0.010690566705306992
591.0 0.018250770517624915
592.0 0.01658527471590787
593.0 0.010207876766799018
594.0 0.021029252093285322
595.0 0.009853661322267726
596.0 0.007595618080813438
597.0 0.011166765034431592
598.0 0.011221630848012865
599.0 0.008540735143469647
600.0 0.013574722106568515
601.0 0.002259071698063053
602.0 0.0022514719603350386
603.0 0.002243872222607024
604.0 0.002114759809046518
605.0 0.0019856475773849525
606.0 0.002000941640289966
607.0 0.0020162357031949796
608.0 0.0018509717847337015
609.0 0.001685707684373483
610.0 0.0017959268006961793
611.0 0.0019061462808167562
612.0 0.0018171360352425836
613.0 0.0017281259715673514
614.0 0.0017289041352341883
615.0 0.001729682662698906
616.0 0.0017452994143241085
617.0 0.0017609158021514304
618.0 0.0016674028302077204
619.0 0.0015738898582640104
620.0 0.0016085714378277771
621.0 0.0016432533811894245
622.0 0.0016023130228859372
623.0 0.00156137266458245
624.0 0.0015422154319821857
625.0 0.001523058017482981
626.0 0.0014557210306520574
627.0 0.0013883843166695442
628.0 0.0014442055544350296
629.0 0.0015000268831499852
630.0 0.001398782569594914
631.0 0.0012975379831914324
632.0 0.0013722716175834648
633.0 0.0014470050700765569
634.0 0.0014214168913895264
635.0 0.001395828167005675
636.0 0.0013834987839800306
637.0 0.0013711694009543862
638.0 0.0012515070011431817
639.0 0.0011318443284835666
640.0 0.0011901039215445053
641.0 0.0012483633327065036
642.0 0.0012928579053550493
643.0 0.0013373522961046547
644.0 0.0011944444850087166
645.0 0.0010515366739127785
646.0 0.0011662992619676515
647.0 0.0012810619409719948
648.0 0.0011865640772157349
649.0 0.0010920660315605346
650.0 0.001208006597153144
651.0 0.0013239470717962831
652.0 0.0012024069292237982
653.0 0.0010808667866513133
654.0 0.001119860553444596
655.0 0.0011588545930862892
656.0 0.0011564093256311025
657.0 0.0011539640581759159
658.0 0.0010968013157253154
659.0 0.0010396387551736552
660.0 0.0009336447874375153
661.0 0.0008276507287519053
662.0 0.00103855882116477
663.0 0.0012494672773755156
664.0 0.0012162980056018569
665.0 0.0011831287338281982
666.0 0.0010917997315118555
667.0 0.0010004704563471023
668.0 0.0011028727385564707
669.0 0.0012052753845637199
670.0 0.0011685723620757926
671.0 0.0011318693395878654
672.0 0.0011084027391916607
673.0 0.001084936138795456
674.0 0.001023228651320096
675.0 0.0009615211638447363
676.0 0.0009823394066188484
677.0 0.0010031572855950799
678.0 0.0010505732461751904
679.0 0.0010979892977047712
680.0 0.0010533414751989767
681.0 0.0010086936526931822
682.0 0.0010376142199675087
683.0 0.0010665349691407755
684.0 0.0010144264706468675
685.0 0.0009623180631024297
686.0 0.0010180893696087878
687.0 0.001073860676115146
688.0 0.0011020838428521529
689.0 0.0011303068276902195
690.0 0.001054910353559535
691.0 0.0009795139703783207
692.0 0.0010100236067955848
693.0 0.001040533334162319
694.0 0.0011124789125460666
695.0 0.0011844246728287544
696.0 0.0011371807886462193
697.0 0.0010899366316152737
698.0 0.0011794296369771473
699.0 0.001268922642339021
700.0 0.0011567166438908316
701.0 0.001044510554493172
702.0 0.001136958508141106
703.0 0.0012294062798900995
704.0 0.001146444265032187
705.0 0.001063481886376394
706.0 0.0011071935659856535
707.0 0.0011509053365443833
708.0 0.001129750944528496
709.0 0.0011085966434620786
710.0 0.0011686575817293487
711.0 0.0012287189747439697
712.0 0.0012106414942536503
713.0 0.0011925640137633309
714.0 0.0012347432857495733
715.0 0.0012769228305842262
716.0 0.0014791861758567393
717.0 0.001681449793977663
718.0 0.0019057913959841244
719.0 0.0021301328160916455
720.0 0.001779859849193599
721.0 0.001429586518497672
722.0 0.001487004010414239
723.0 0.0015444218661286868
724.0 0.001656583117437549
725.0 0.0017687445506453514
726.0 0.0018957443899125792
727.0 0.002022744229179807
728.0 0.0020797080651391298
729.0 0.002136672082997393
730.0 0.002120093813573476
731.0 0.002103515544149559
732.0 0.0018970433302456513
733.0 0.0016905711163417436
734.0 0.0014396158803720027
735.0 0.0011886605534527916
736.0 0.0011202178029634524
737.0 0.0010517752343730535
738.0 0.0009612303983885795
739.0 0.0008706856533535756
740.0 0.0008655968485982157
741.0 0.0008605078619439155
742.0 0.0008250166501966305
743.0 0.0007895256203482859
744.0 0.0008558105946576688
745.0 0.0009220957508659922
746.0 0.000862861725181574
747.0 0.000803627790446626
748.0 0.0009311400390288327
749.0 0.0010586522876110394
750.0 0.0009690225851954892
751.0 0.0008793930646788795
752.0 0.0008332317520398647
753.0 0.0007870703484513797
754.0 0.000884762812347617
755.0 0.0009824553671933245
756.0 0.0009347029845230281
757.0 0.000886950692802202
758.0 0.0008527254067303147
759.0 0.0008185002116078977
760.0 0.0007593226200697245
761.0 0.0007001448921073461
762.0 0.0006882016805320745
763.0 0.0006762583325325977
764.0 0.0007626995738974074
765.0 0.0008491409971611574
766.0 0.0007786475180182606
767.0 0.0007081539479258936
768.0 0.0006091068826208357
769.0 0.0005100597263663076
770.0 0.0005183931989449775
771.0 0.0005267266715236474
772.0 0.0006661046882072696
773.0 0.0008054826139414217
774.0 0.0007941935109556653
775.0 0.000782904498919379
776.0 0.0007386834113276564
777.0 0.0006944622782611987
778.0 0.0006833517090854002
779.0 0.0006722411399096018
780.0 0.0005699958364857594
781.0 0.00046775053306191694
782.0 0.000442897726316005
783.0 0.00041804487409535795
784.0 0.0004782550149684539
785.0 0.0005384651558415499
786.0 0.0005435245839180425
787.0 0.0005485841938934755
788.0 0.00046365671551029664
789.0 0.0003787292826018529
790.0 0.0003998572537966538
791.0 0.00042098527046618983
792.0 0.0003526891305227764
793.0 0.0002843930133167305
794.0 0.00021767937141703442
795.0 0.00015096577499207342
796.0 0.0002917593064921675
797.0 0.0004325528152548941
798.0 0.0004333378456067294
799.0 0.0004341228759585647
800.0 0.0004458075636648573
801.0 0.00045749238779535517
802.0 0.00039204032873385586
803.0 0.0003265883378844592
804.0 0.0003240770638512913
805.0 0.000321565812555491
806.0 0.0003193926886524423
807.0 0.00031721954201202607
808.0 0.00037824515857209917
809.0 0.00043927075239480473
810.0 0.0003567376097635133
811.0 0.00027420437618275173
812.0 0.0003072865411013481
813.0 0.0003403686605452094
814.0 0.0003382297336429474
815.0 0.00033609080674068537
816.0 0.00042899469008261804
817.0 0.0005218984824750805
818.0 0.0003996226496383315
819.0 0.00027734683953895
820.0 0.00041927805796149187
821.0 0.0005612092536466662
822.0 0.0005597411472990643
823.0 0.0005582729954767274
824.0 0.0005106971912027802
825.0 0.0004631212505046278
826.0 0.0005522121227841126
827.0 0.0006413029495888622
828.0 0.000483712256027502
829.0 0.0003261215852035093
830.0 0.0003719586857187096
831.0 0.00041779576349654235
832.0 0.000603403123022872
833.0 0.0007890104825492017
834.0 0.0005960758699075086
835.0 0.0004031413027405506
836.0 0.0005571785095526138
837.0 0.0007112157618394122
838.0 0.0005534964202524861
839.0 0.0003957771241402952
840.0 0.0005082294592284597
841.0 0.0006206817033671541
842.0 0.0004210678525851108
843.0 0.00022145393359096488
844.0 0.0003280050123066758
845.0 0.0004345561137597542
846.0 0.00048555461944488343
847.0 0.0005365531251300126
848.0 0.0005357677309802966
849.0 0.0005349822913558455
850.0 0.0004844175691687269
851.0 0.0004338528015068732
852.0 0.000429109059041366
853.0 0.0004243651346769184
854.0 0.0005679391506419051
855.0 0.0007115129847079515
856.0 0.0005415566647570813
857.0 0.00037160039028094616
858.0 0.00038538837543455884
859.0 0.0003991763605881715
860.0 0.00039908500184537843
861.0 0.00039899359762785025
862.0 0.0004547757725958945
863.0 0.0005105579930386739
864.0 0.00048349588723795023
865.0 0.00045643378143722657
866.0 0.0005184946530789603
867.0 0.000580555570195429
868.0 0.0005927692200202728
869.0 0.0006049828698451165
870.0 0.000524984852745547
871.0 0.0004449867901712423
872.0 0.00039435622056771535
873.0 0.0003437255145399831
874.0 0.0004789331796928309
875.0 0.0006141407993709436
876.0 0.0005998057531542145
877.0 0.0005854707069374854
878.0 0.0005596833034360316
879.0 0.0005338958544598427
880.0 0.0006600725555472309
881.0 0.0007862495294830296
882.0 0.0006350677722366527
883.0 0.00048388628783868626
884.0 0.000546035926163313
885.0 0.0006081856554374099
886.0 0.0007111000741133466
887.0 0.0008140145837387536
888.0 0.0007214041488623479
889.0 0.0006287936685112072
890.0 0.000547848821952357
891.0 0.0004669039299187716
892.0 0.0005035788490204141
893.0 0.0005402538590715267
894.0 0.0004990125034964876
895.0 0.00045777128434565384
896.0 0.00042794404180312995
897.0 0.00039811675378587097
898.0 0.0004240446287440136
899.0 0.00044997254917689133
900.0 0.00038582215893256944
901.0 0.0003216718596377177
902.0 0.0004481955329538323
903.0 0.0005747192062699469
904.0 0.000380106462216645
905.0 0.00018549366131992429
906.0 0.0003686330273922067
