lsstCam/transmission_filter_detector/r14_s10/i_39/19700101T000000.ecsv
# %ECSV 1.0
# ---
# datatype:
# - {name: wavelength, unit: nm, datatype: float32}
# - {name: efficiency, unit: '%', datatype: float64}
# meta: !!omap
# - {MODE: DETECTOR}
# - {TYPE: transmission_filter_detector}
# - {CALIBDATE: '1970-01-01T00:00:00'}
# - {INSTRUME: LSSTCam}
# - {OBSTYPE: transmission_filter_detector}
# - {CALIBCLS: lsst.ip.isr.IntermediateFilterDetectorTransmissionCurve}
# - {SOURCE: Materion (DM-46256)}
# - {DETECTOR: 66}
# - {FILTER: i_39}
# - {CALIB_ID: 'calibDate=1970-01-01T00:00:00 filter=i_39 detector=66'}
# - {DATE: '2025-04-02T15:59:46.784937'}
# - {CALIB_CREATION_DATE: '2025-04-02'}
# - {CALIB_CREATION_TIME: '15:59:46'}
# - __serialized_columns__:
#     efficiency:
#       __class__: astropy.units.quantity.Quantity
#       unit: !astropy.units.Unit {unit: '%'}
#       value: !astropy.table.SerializedColumn {name: efficiency}
#     wavelength:
#       __class__: astropy.units.quantity.Quantity
#       unit: !astropy.units.Unit {unit: nm}
#       value: !astropy.table.SerializedColumn {name: wavelength}
# schema: astropy-2.0
wavelength efficiency
[from data line 599]
899.0 1.627498157942553e-10
900.0 1.627498157942553e-10
901.0 1.627498157942553e-10
902.0 1.627498157942553e-10
903.0 1.627498157942553e-10
904.0 1.627498157942553e-10
905.0 1.627498157942553e-10
906.0 1.627498157942553e-10
907.0 7.376751227639033e-05
908.0 0.0002269980313940323
909.0 1.627498157942553e-10
910.0 1.627498157942553e-10
911.0 1.627498157942553e-10
912.0 7.149599241529359e-05
913.0 4.620450511083618e-05
914.0 2.091303201723349e-05
915.0 1.627498157942553e-10
916.0 1.627498157942553e-10
917.0 1.627498157942553e-10
918.0 1.627498157942553e-10
919.0 1.627498157942553e-10
920.0 0.00010648765282894601
921.0 4.027711781873222e-05
922.0 1.627498157942553e-10
923.0 1.627498157942553e-10
924.0 1.627498157942553e-10
925.0 1.4893224431489216e-05
926.0 0.0002551451871113386
927.0 1.220138301505358e-05
928.0 1.627498157942553e-10
929.0 1.627498157942553e-10
930.0 0.0001722017032079748
931.0 0.00017883534155771486
932.0 0.00018546895717008738
933.0 0.00011892204838659381
934.0 5.237517370915157e-05
935.0 1.627498157942553e-10
936.0 1.627498157942553e-10
937.0 1.627498157942553e-10
938.0 1.627498157942553e-10
939.0 1.627498157942553e-10
940.0 1.627498157942553e-10
941.0 1.627498157942553e-10
942.0 1.627498157942553e-10
943.0 1.627498157942553e-10
944.0 1.627498157942553e-10
945.0 1.627498157942553e-10
946.0 1.627498157942553e-10
947.0 1.627498157942553e-10
948.0 1.627498157942553e-10
949.0 1.627498157942553e-10
950.0 1.627498157942553e-10
951.0 1.627498157942553e-10
952.0 1.627498157942553e-10
953.0 1.627498157942553e-10
954.0 1.627498157942553e-10
955.0 0.00010213287851001951
956.0 0.0002949300323962234
957.0 0.00023080699520505732
958.0 0.00016668392390783993
959.0 0.00015922261127343518
960.0 0.0001517613100077142
961.0 9.0697426458064e-05
962.0 2.9633565645781346e-05
963.0 1.627498157942553e-10
964.0 1.627498157942553e-10
965.0 1.627498157942553e-10
966.0 1.627498157942553e-10
967.0 1.627498157942553e-10
968.0 1.627498157942553e-10
969.0 1.627498157942553e-10
970.0 1.627498157942553e-10
971.0 1.627498157942553e-10
972.0 1.627498157942553e-10
973.0 1.627498157942553e-10
974.0 1.627498157942553e-10
975.0 3.92640941981881e-06
976.0 4.0530002820560185e-05
977.0 1.627498157942553e-10
978.0 1.627498157942553e-10
979.0 1.627498157942553e-10
980.0 1.627498157942553e-10
981.0 1.627498157942553e-10
982.0 1.627498157942553e-10
983.0 1.627498157942553e-10
984.0 1.627498157942553e-10
985.0 7.510013233513746e-05
986.0 0.00026687155241233995
987.0 1.3561644607307244e-05
988.0 1.627498157942553e-10
989.0 1.627498157942553e-10
990.0 1.627498157942553e-10
991.0 1.627498157942553e-10
992.0 1.627498157942553e-10
993.0 1.627498157942553e-10
994.0 1.627498157942553e-10
995.0 1.627498157942553e-10
996.0 1.627498157942553e-10
997.0 9.105858111979614e-06
998.0 0.0002827748403433361
999.0 0.0003164132522215368
1000.0 0.00035005164136237
1001.0 0.00015339796846092213
1002.0 1.627498157942553e-10
1003.0 1.4869471876011175e-06
1004.0 4.622968674539152e-05
1005.0 1.627498157942553e-10
1006.0 1.627498157942553e-10
1007.0 3.560673746960674e-05
1008.0 0.0001604833528290328
1009.0 0.00015923523051242228
1010.0 0.00015798701724634157
1011.0 0.0001800636482585105
1012.0 0.00020214024516462814
1013.0 0.0003379823283466976
1014.0 0.0004738244115287671
1015.0 0.0003690830226332764
1016.0 0.0002643416564751533
1017.0 0.00037891711599513656
1018.0 0.0004934927346766926
1019.0 0.0003325719035274233
1020.0 0.00017165101553473505
1021.0 0.00018609614471643
1022.0 0.0002005412397920736
1023.0 0.0005771931228082394
1024.0 0.000953845119511243
1025.0 0.0007206390364444815
1026.0 0.00048743299885245506
1027.0 0.0004465109668672085
1028.0 0.0004055889348819619
1029.0 0.0008004361006896943
1030.0 0.0011952833119721618
1031.0 0.0017218808352481574
1032.0 0.0022484780856757425
1033.0 0.002413727270322852
1034.0 0.0025789757273741998
1035.0 0.00316948899126146
1036.0 0.0037600020732497796
1037.0 0.003818474942818284
1038.0 0.003876947084791027
1039.0 0.0032047049899119884
1040.0 0.0025324628950329497
1041.0 0.0020623874661396258
1042.0 0.0015923120372463018
1043.0 0.002414825212326832
1044.0 0.0032373383874073625
1045.0 0.003573984940885566
1046.0 0.003910632221959531
1047.0 0.003566349914763123
1048.0 0.0032220676075667143
1049.0 0.0028788022973458283
1050.0 0.002535537350922823
1051.0 0.00241478828684194
1052.0 0.002294039586558938
1053.0 0.0015988596715033054
1054.0 0.0009036795745487325
1055.0 0.0007992513019416947
1056.0 0.0006948229383851867
1057.0 0.000768590052757645
1058.0 0.0008423572580795735
1059.0 0.0008459758646495175
1060.0 0.0008495947440678719
1061.0 0.0016448648239020258
1062.0 0.002440134448988829
1063.0 0.0026240642910124734
1064.0 0.002807994133036118
1065.0 0.0031046780350152403
1066.0 0.003401362118893303
1067.0 0.004206733137834817
1068.0 0.005012104156776331
1069.0 0.004159454692853615
1070.0 0.003306805228930898
1071.0 0.003188915434293449
1072.0 0.003071025275858119
1073.0 0.0030855524528305978
1074.0 0.0031000792660051957
1075.0 0.0031362003937829286
1076.0 0.0031723207939649
1077.0 0.002529311132093426
1078.0 0.001886301106424071
1079.0 0.002133942507498432
1080.0 0.0023815840904717334
1081.0 0.0015409674233524129
1082.0 0.0007003509381320328
1083.0 0.00017506307585790637
1084.0 1.627498157942553e-10
1085.0 0.00034447505186108174
1086.0 0.0010391752766736317
1087.0 0.0007856760930735618
1088.0 0.000532177000422962
1089.0 1.627498157942553e-10
1090.0 1.627498157942553e-10
1091.0 1.627498157942553e-10
1092.0 1.627498157942553e-10
1093.0 1.627498157942553e-10
1094.0 0.0005342662461771397
1095.0 0.0005476028491102625
1096.0 0.0005609396339423256
1097.0 1.627498157942553e-10
1098.0 1.627498157942553e-10
1099.0 1.627498157942553e-10
1100.0 1.627498157942553e-10
