lsstCam/transmission_filter_detector/r14_s10/i_39/19700101T000000.ecsv
# %ECSV 1.0
# ---
# datatype:
# - {name: wavelength, unit: nm, datatype: float32}
# - {name: efficiency, unit: '%', datatype: float64}
# meta: !!omap
# - {MODE: DETECTOR}
# - {TYPE: transmission_filter_detector}
# - {CALIBDATE: '1970-01-01T00:00:00'}
# - {INSTRUME: LSSTCam}
# - {OBSTYPE: transmission_filter_detector}
# - {CALIBCLS: lsst.ip.isr.IntermediateFilterDetectorTransmissionCurve}
# - {SOURCE: Materion (DM-46256)}
# - {DETECTOR: 66}
# - {FILTER: i_39}
# - {CALIB_ID: 'calibDate=1970-01-01T00:00:00 filter=i_39 detector=66'}
# - {DATE: '2025-04-02T15:59:46.784937'}
# - {CALIB_CREATION_DATE: '2025-04-02'}
# - {CALIB_CREATION_TIME: '15:59:46'}
# - __serialized_columns__:
#     efficiency:
#       __class__: astropy.units.quantity.Quantity
#       unit: !astropy.units.Unit {unit: '%'}
#       value: !astropy.table.SerializedColumn {name: efficiency}
#     wavelength:
#       __class__: astropy.units.quantity.Quantity
#       unit: !astropy.units.Unit {unit: nm}
#       value: !astropy.table.SerializedColumn {name: wavelength}
# schema: astropy-2.0
wavelength efficiency
300.0 0.07730232900939882
301.0 0.03445045149419457
302.0 1.627498157942553e-10
303.0 0.014789676060900092
304.0 0.03798074321821332
305.0 0.029323517810553312
306.0 0.020666293858084828
307.0 0.0009746796422405168
308.0 1.627498157942553e-10
309.0 1.627498157942553e-10
310.0 1.627498157942553e-10
311.0 1.627498157942553e-10
312.0 0.0067551693064160645
313.0 0.0031328454497270286
314.0 1.627498157942553e-10
315.0 1.627498157942553e-10
316.0 1.627498157942553e-10
317.0 1.627498157942553e-10
318.0 1.627498157942553e-10
319.0 1.627498157942553e-10
320.0 1.627498157942553e-10
321.0 1.627498157942553e-10
322.0 1.627498157942553e-10
323.0 1.627498157942553e-10
324.0 1.627498157942553e-10
325.0 1.627498157942553e-10
326.0 1.627498157942553e-10
327.0 0.0003828331045951927
328.0 0.0037781504943268374
329.0 0.0024419390683760867
330.0 0.0011057273695769254
331.0 0.00038632274481642526
332.0 1.627498157942553e-10
333.0 0.00047605790314264596
334.0 0.0012851971405325457
335.0 0.00039563028622069396
336.0 1.627498157942553e-10
337.0 0.001039871494867839
338.0 0.0025736788302310742
339.0 0.0031514962756773457
340.0 0.003729314630618319
341.0 0.0002076403461614973
342.0 1.627498157942553e-10
343.0 1.627498157942553e-10
344.0 1.627498157942553e-10
345.0 1.627498157942553e-10
346.0 1.627498157942553e-10
347.0 1.627498157942553e-10
348.0 1.627498157942553e-10
349.0 1.627498157942553e-10
350.0 1.627498157942553e-10
351.0 1.627498157942553e-10
352.0 1.627498157942553e-10
353.0 1.627498157942553e-10
354.0 1.627498157942553e-10
355.0 1.627498157942553e-10
356.0 1.627498157942553e-10
357.0 0.00029953916964586824
358.0 0.0010059583473776001
359.0 0.0012730934940918814
360.0 0.0015402281860588118
361.0 0.0010996367564075626
362.0 0.0006590452358068433
363.0 0.00044384191824065056
364.0 0.00022863887352286838
365.0 0.0014139488484943286
366.0 0.0025992592782131396
367.0 0.0016360441804863513
368.0 0.0006728289918100927
369.0 0.0008087163223535754
370.0 0.0009446038347959984
371.0 0.0008950159099185839
372.0 0.0008454279850411694
373.0 0.0010978341379086487
374.0 0.001350240290776128
375.0 0.00018259453327118536
376.0 1.627498157942553e-10
377.0 1.627498157942553e-10
378.0 0.00010489816304470878
379.0 0.00011501919061629451
380.0 0.000125140229556564
381.0 1.627498157942553e-10
382.0 1.627498157942553e-10
383.0 0.0002389643441347289
384.0 0.0013093578672851436
385.0 0.0010553993888606783
386.0 0.0008014407285372727
387.0 1.627498157942553e-10
388.0 1.627498157942553e-10
389.0 1.627498157942553e-10
390.0 1.627498157942553e-10
391.0 1.627498157942553e-10
392.0 1.627498157942553e-10
393.0 1.627498157942553e-10
394.0 0.0007896024726505857
395.0 1.627498157942553e-10
396.0 1.627498157942553e-10
397.0 1.627498157942553e-10
398.0 1.627498157942553e-10
399.0 1.627498157942553e-10
400.0 1.627498157942553e-10
401.0 0.0009859734745987225
402.0 0.0026432533559272997
403.0 0.0036904304579366
404.0 0.004737608105642721
405.0 0.006037693310645409
406.0 0.007337777788052335
407.0 0.003145076334476471
408.0 1.627498157942553e-10
409.0 1.627498157942553e-10
410.0 0.00014375503951669089
411.0 0.002112058973580133
412.0 0.004080363578395918
413.0 0.004374094714876264
414.0 0.0046678273065481335
415.0 0.0049684287660056725
416.0 0.00526902949786745
417.0 0.0033237065508728847
418.0 0.0013783828762825578
419.0 0.0032171588827623054
420.0 0.005055934525444172
421.0 0.004384197745821439
422.0 0.0037124606024008244
423.0 0.0037387944757938385
424.0 0.003765127985388972
425.0 0.0028246213332749903
426.0 0.0018841135897673666
427.0 0.0032206615287577733
428.0 0.004557209831546061
429.0 0.0051424165576463565
430.0 0.005727624011342414
431.0 0.004068987982464023
432.0 0.0024103526811813936
433.0 0.0033198855817317963
434.0 0.004229418482282199
435.0 0.0028107497200835496
436.0 0.00139208086693543
437.0 0.0015598283425788395
438.0 0.0017275760910706595
439.0 0.002127296284015756
440.0 0.002527017022657674
441.0 0.0009386648343934212
442.0 1.627498157942553e-10
443.0 1.627498157942553e-10
444.0 1.627498157942553e-10
445.0 1.627498157942553e-10
446.0 1.627498157942553e-10
447.0 0.0002646515213200473
448.0 0.0006170510005176766
449.0 1.627498157942553e-10
450.0 1.627498157942553e-10
451.0 0.0002573401161498623
452.0 0.0012663324014283717
453.0 0.0017108275642385706
454.0 0.00215532290894771
455.0 0.0020069059246452525
456.0 0.001858488940342795
457.0 0.0011145869393658359
458.0 0.0003706850748130819
459.0 0.00014602778719563503
460.0 1.627498157942553e-10
461.0 0.0002624247144922265
462.0 0.0006034788839315297
463.0 0.00022846572846901836
464.0 1.627498157942553e-10
465.0 0.00020135034901613835
466.0 0.0005492481705005048
467.0 0.0007006999567238381
468.0 0.0008521516974724364
469.0 0.0004604998139257077
470.0 6.884794174766284e-05
471.0 0.00045326205508899875
472.0 0.0008376762707484886
473.0 0.0009972603947971947
474.0 0.0011568448826437816
475.0 0.0005917864200455369
476.0 2.6728335456027708e-05
477.0 0.0007179700787673937
478.0 0.0014092119272390846
479.0 0.0014034318155609071
480.0 0.0013976517948321998
481.0 0.0026604522645357065
482.0 0.00392325127904769
483.0 0.005306364255375229
484.0 0.006689476867904887
485.0 0.006887248309794813
486.0 0.007085019024088979
487.0 0.010320600267732516
488.0 0.013556181511376053
489.0 0.016722496366128325
490.0 0.019888809765689075
491.0 0.02211924729635939
492.0 0.024349686282221228
493.0 0.02649261732585728
494.0 0.028635546914301813
495.0 0.02601136511657387
496.0 0.023387180408462882
497.0 0.01909587881527841
498.0 0.014804575766902417
499.0 0.010492591536603868
500.0 0.006180608761496842
501.0 0.004521475057117641
502.0 0.0028623417165363207
503.0 0.0024199220206355676
504.0 0.001977502142835874
505.0 0.001929344580275938
506.0 0.001881187199614942
507.0 0.0020285053324187174
508.0 0.0021758232833235525
509.0 0.0022172189346747473
510.0 0.002258614586025942
511.0 0.001719797364785336
512.0 0.0011809804163931403
513.0 0.001509645335318055
514.0 0.0018383101632934995
515.0 0.0024124794435920194
516.0 0.0029866487238905393
517.0 0.0023917798898764886
518.0 0.001796911055862438
519.0 0.0019344517568242736
520.0 0.0020719926396850497
521.0 0.0016954669263213873
522.0 0.001318941303907195
523.0 0.0014597106201108545
524.0 0.0016004802091629244
525.0 0.002020811371039599
526.0 0.002441142532916274
527.0 0.0024549652152927592
528.0 0.0024687878976692446
529.0 0.002137528827006463
530.0 0.001806269574444741
531.0 0.0018036629626294598
532.0 0.0018010563508141786
533.0 0.0017592588847037405
534.0 0.0017174616004922427
535.0 0.0016172863979591057
536.0 0.0015171111954259686
537.0 0.002250649413326755
538.0 0.0029841870855307207
539.0 0.003695335180964321
540.0 0.004406483276397921
541.0 0.005031354521634057
542.0 0.005656225766870193
543.0 0.005210838207858615
544.0 0.004765450648847036
545.0 0.0037828460335731506
546.0 0.002800241782097146
547.0 0.0022161329980008304
548.0 0.0016320238501066342
549.0 0.0017568863768246956
550.0 0.0018817490854416974
551.0 0.0016389736629207619
552.0 0.0013961986951471772
553.0 0.00144933046613005
554.0 0.0015024623280623928
555.0 0.0011718968380591832
556.0 0.0008413312571065035
557.0 0.0007596659997943789
558.0 0.0006780008334317245
559.0 0.00026476373022887856
560.0 1.627498157942553e-10
561.0 0.0006258827397687128
562.0 0.001400238943460863
563.0 0.0015206578609650023
564.0 0.0016410767784691416
565.0 0.0013280548046168406
566.0 0.0010150328307645395
567.0 0.0008808171514829155
568.0 0.0007466014267265564
569.0 0.0007923254088382237
570.0 0.0008380489816772752
571.0 0.00045808164941263385
572.0 7.811422619852237e-05
573.0 0.0002951873057099874
574.0 0.0005122604761709226
575.0 0.0004405448635225184
576.0 0.0003688291826620116
577.0 0.00045372098611551337
578.0 0.0005386128123063827
579.0 0.00022213851025298936
580.0 1.627498157942553e-10
581.0 0.00016594065073149977
582.0 0.0004262170932634035
583.0 0.0005074942691862816
584.0 0.0005887712632102193
585.0 0.0007477627605112502
586.0 0.0009067543942364864
587.0 0.0008124627129291184
588.0 0.0007181708951975452
589.0 0.0006314286565611837
590.0 0.0005446863724500872
591.0 0.0007159703272918705
592.0 0.0008872544640325941
593.0 0.0005462535682454472
594.0 0.00020525271793303546
595.0 0.0005533160219783895
596.0 0.0009013791895995382
597.0 0.0007236506007757271
598.0 0.0005459220119519159
599.0 0.0005064045126346173
600.0 0.0004668868314183783
601.0 0.0004082176019437611
602.0 0.00034954832699440885
603.0 0.00032483123959536897
604.0 0.0003001139930347563
605.0 0.000219103731069481
606.0 0.00013809346910420572
607.0 0.0004132539288548287
608.0 0.000688414274918614
609.0 0.000583760220251861
610.0 0.0004791058472619625
611.0 0.0006562439011759125
612.0 0.0008333820005645975
613.0 0.0004676918706536526
614.0 0.00010200182032349403
615.0 1.627498157942553e-10
616.0 1.627498157942553e-10
617.0 1.627498157942553e-10
618.0 3.656001865692815e-05
619.0 0.00020198276615701616
620.0 0.00036740557334269397
621.0 0.000507637105329195
622.0 0.0006478686373156961
623.0 0.0005415539817477111
624.0 0.00043523932617972605
625.0 0.00048576362132735085
626.0 0.0005362879619497107
627.0 0.00036838250707660336
628.0 0.000200477052203496
629.0 0.0004186395472061122
630.0 0.0006368020876834635
631.0 0.000529767476109555
632.0 0.0004227328645356465
633.0 0.0004123102826270042
634.0 0.0004018877007183619
635.0 0.0004150766471866518
636.0 0.0004282655481802067
637.0 0.0004012056251667673
638.0 0.00037414554299175506
639.0 0.000649846651867847
640.0 0.0009255476470571011
641.0 0.0006694766852888279
642.0 0.0004134056325710844
643.0 0.0005720491117244819
644.0 0.0007306925454031443
645.0 0.0007040611762931803
646.0 0.0006774298981326865
647.0 0.000820683180791093
648.0 0.0009639368727221154
649.0 0.0008262222763733007
650.0 0.000688507680024486
651.0 0.0008720117875782307
652.0 0.0010555159860814456
653.0 0.0012427333786035888
654.0 0.0014299505892267916
655.0 0.001904216333059594
656.0 0.002378481804043986
657.0 0.0034421045711496845
658.0 0.004505726246861741
659.0 0.007068116246955469
660.0 0.05463151610456407
661.0 0.1316496287472546
662.0 0.08400151273235679
663.0 0.08864126284606755
664.0 0.13267581816762686
665.0 0.1398075371980667
666.0 0.1333839143626392
667.0 0.15658618649467826
668.0 0.17831522272899747
669.0 0.2664827508851886
670.0 0.35934613551944494
671.0 0.5616400856524706
672.0 0.819555576890707
673.0 1.3279978185892105
674.0 2.022296003997326
675.0 2.907678298652172
676.0 3.955908492207527
677.0 5.311090871691704
678.0 6.63837343454361
679.0 8.038627356290817
680.0 9.935393929481506
681.0 11.982204765081406
682.0 14.516673982143402
683.0 17.290636897087097
684.0 20.25725394487381
685.0 23.15652072429657
686.0 26.166394352912903
687.0 29.36413586139679
688.0 32.599785923957825
689.0 35.91408431529999
690.0 39.74460959434509
691.0 43.85625422000885
692.0 48.85811507701874
693.0 54.024213552474976
694.0 59.85777974128723
695.0 65.55972099304199
696.0 71.80373668670654
697.0 77.34988927841187
698.0 83.29886794090271
699.0 87.835693359375
700.0 91.28338694572449
701.0 94.04428601264954
702.0 95.89395523071289
703.0 96.89581394195557
704.0 97.40965366363525
705.0 97.81363010406494
706.0 97.84857034683228
707.0 97.95184135437012
708.0 98.01098704338074
709.0 98.10613989830017
710.0 97.84501194953918
711.0 98.06504249572754
712.0 97.94201850891113
713.0 98.00037145614624
714.0 98.09066653251648
715.0 98.15751314163208
716.0 97.97709584236145
717.0 98.17295670509338
718.0 98.30211997032166
719.0 98.20604920387268
720.0 98.43393564224243
721.0 98.4062135219574
722.0 98.0782151222229
723.0 97.8734016418457
724.0 97.56604433059692
725.0 97.2974181175232
726.0 96.96967005729675
727.0 96.72751426696777
728.0 96.43684029579163
729.0 96.24033570289612
730.0 96.27965092658997
731.0 96.36014699935913
732.0 96.33017778396606
733.0 96.55700325965881
734.0 96.97874188423157
735.0 97.07469344139099
736.0 97.55193591117859
737.0 97.95610308647156
738.0 98.23324084281921
739.0 98.62416386604309
740.0 98.67172837257385
741.0 98.5590934753418
742.0 98.86057376861572
743.0 98.7446129322052
744.0 98.5626757144928
745.0 98.57350587844849
746.0 98.44924211502075
747.0 98.69160652160645
748.0 98.6167311668396
749.0 98.51970076560974
750.0 98.54936599731445
751.0 98.4438955783844
752.0 98.3422577381134
753.0 98.55449199676514
754.0 98.44173789024353
755.0 98.57260584831238
756.0 98.66039156913757
757.0 98.6396849155426
758.0 98.84248375892639
759.0 98.82742166519165
760.0 98.64923357963562
761.0 98.6043393611908
762.0 98.71360659599304
763.0 98.64729642868042
764.0 98.57819080352783
765.0 98.44922423362732
766.0 98.5183835029602
767.0 98.31332564353943
768.0 98.36021661758423
769.0 98.36502075195312
770.0 98.10938835144043
771.0 98.1737732887268
772.0 98.16331267356873
773.0 98.0799674987793
774.0 97.88215756416321
775.0 98.00227284431458
776.0 97.82620668411255
777.0 97.8921115398407
778.0 97.93022871017456
779.0 97.97602891921997
780.0 97.93575406074524
781.0 98.28590154647827
782.0 98.09057712554932
783.0 98.1658399105072
784.0 98.18034172058105
785.0 98.28147292137146
786.0 98.50237369537354
787.0 98.20128083229065
788.0 98.26333522796631
789.0 98.42709302902222
790.0 98.33239912986755
791.0 98.29063415527344
792.0 98.19549918174744
793.0 98.11884760856628
794.0 98.13526272773743
795.0 98.01756143569946
796.0 97.94086217880249
797.0 98.0868399143219
798.0 98.00841808319092
799.0 97.8775143623352
800.0 97.6287305355072
801.0 97.67122268676758
802.0 97.59646654129028
803.0 97.39899635314941
804.0 97.12063074111938
805.0 96.7300534248352
806.0 96.34979367256165
807.0 95.62574028968811
808.0 94.57432627677917
809.0 93.36251020431519
810.0 92.04246401786804
811.0 90.18726944923401
812.0 87.93270587921143
813.0 85.18101572990417
814.0 82.09328651428223
815.0 78.46819162368774
816.0 74.6707022190094
817.0 70.30360102653503
818.0 65.4538094997406
819.0 61.13160848617554
820.0 56.147390604019165
821.0 51.65810585021973
822.0 47.21560478210449
823.0 42.623740434646606
824.0 37.953174114227295
825.0 33.74350965023041
826.0 29.323652386665344
827.0 24.73456710577011
828.0 20.57744264602661
829.0 16.492603719234467
830.0 12.405648082494736
831.0 9.272810071706772
832.0 6.297457218170166
833.0 4.144163429737091
834.0 2.53815408796072
835.0 1.4979547820985317
836.0 0.8750398643314838
837.0 0.5284516606479883
838.0 0.2804647432640195
839.0 0.19169109873473644
840.0 0.09502326720394194
841.0 0.054472393821924925
842.0 0.03919118898920715
843.0 1.627498157942553e-10
844.0 1.627498157942553e-10
845.0 1.627498157942553e-10
846.0 1.627498157942553e-10
847.0 1.627498157942553e-10
848.0 0.0019334012904437259
849.0 0.00018753133872451144
850.0 1.627498157942553e-10
851.0 1.627498157942553e-10
852.0 0.0009358370334666688
853.0 0.0011005317901435774
854.0 0.0012652269106183667
855.0 0.0011032623660867102
856.0 0.000941297912504524
857.0 0.0008984297892311588
858.0 0.0008555613931093831
859.0 0.0005161672561371233
860.0 0.0001767730395840772
861.0 0.00019203598640160635
862.0 0.0002072988536383491
863.0 0.0001233293119184964
864.0 3.935985830594291e-05
865.0 3.5514793239599385e-05
866.0 3.1669702593717375e-05
867.0 4.4043267166671285e-05
868.0 5.641679763357388e-05
869.0 1.627498157942553e-10
870.0 1.627498157942553e-10
871.0 1.627498157942553e-10
872.0 0.00024378555281145964
873.0 0.0002211896571679972
874.0 0.0001985937160497997
875.0 0.0001452258175049792
876.0 9.185794738186814e-05
877.0 1.627498157942553e-10
878.0 1.627498157942553e-10
879.0 1.627498157942553e-10
880.0 0.00048012207116698846
881.0 0.0002368604782532202
882.0 1.627498157942553e-10
883.0 0.00011379602256056387
884.0 0.00023399318251904333
885.0 4.257325656453759e-05
886.0 1.627498157942553e-10
887.0 1.2686734862654703e-05
888.0 0.00017422011069356813
889.0 6.864046895316278e-05
890.0 1.627498157942553e-10
891.0 9.434066896574222e-05
892.0 0.00022562046524399193
893.0 0.00024023161131481174
894.0 0.000254842734648264
895.0 2.8885816050205904e-05
896.0 1.627498157942553e-10
897.0 1.627498157942553e-10
