lsstcam/qe_curve/r24_s10/19700101T000000.ecsv
# %ECSV 0.9
# ---
# datatype:
# - {name: amp_name, datatype: string}
# - {name: wavelength, unit: nm, datatype: float32}
# - {name: efficiency, unit: '%', datatype: float32}
# meta: !!omap
# - {MODE: AMP}
# - {TYPE: QE}
# - {CALIBDATE: '1970-01-01T00:00:00'}
# - {INSTRUME: LSSTCAM}
# - {OBSTYPE: qe_curve}
# - {DETECTOR: 111}
# - {PICKLEFILE: RaftRun11952.p}
# - {CALIB_ID: 'raftName=R24 detectorName=S10 detector=111 calibDate=1970-01-01T00:00:00 ccd=111 ccdnum=111 filter=None'}
# - {DATE: '2020-01-23T15:18:31.385651'}
# - {CALIB_CREATION_DATE: '2020-01-23'}
# - {CALIB_CREATION_TIME: '15:18:31'}
# - __serialized_columns__:
#     efficiency:
#       __class__: astropy.units.quantity.Quantity
#       unit: !astropy.units.Unit {unit: '%'}
#       value: !astropy.table.SerializedColumn {name: efficiency}
#     wavelength:
#       __class__: astropy.units.quantity.Quantity
#       unit: !astropy.units.Unit {unit: nm}
#       value: !astropy.table.SerializedColumn {name: wavelength}
# schema: astropy-2.0
amp_name wavelength efficiency
C05 319.994 41.564693
C05 324.969 46.931023
C05 349.982 69.1488
C05 374.975 73.77008
C05 400.019 82.74368
C05 424.965 84.92308
C05 450.035 87.46218
C05 475.003 90.907135
C05 500.018 92.36438
C05 525.002 94.95942
C05 550.029 97.1643
C05 575.023 97.21684
C05 599.982 99.019455
C05 619.997 98.616
C05 624.979 98.95664
C05 650.012 99.32991
C05 675.004 99.01596
C05 700.03 98.43681
C05 725.012 98.15192
C05 750.022 98.1356
C05 774.987 97.80388
C05 799.976 96.97048
C05 824.988 95.26199
C05 850.022 93.10631
C05 869.967 90.01631
C05 875.002 89.356064
C05 899.999 82.38831
C05 919.999 73.94995
C05 925.012 71.064384
C05 949.965 57.938503
C05 975.002 42.570072
C05 999.976 25.873705
C05 1025.028 10.989079
C05 1050.014 3.8490536
C05 1075.002 2.1177495
C05 1099.99 1.6938587
C07 319.994 42.152164
C07 324.969 47.60304
C07 349.982 70.19802
C07 374.975 74.749016
C07 400.019 83.40185
C07 424.965 85.398735
C07 450.035 87.845726
C07 475.003 91.24748
C07 500.018 92.67426
C07 525.002 95.254845
C07 550.029 97.455864
C07 575.023 97.49937
C07 599.982 99.30081
C07 619.997 98.89231
C07 624.979 99.234146
C07 650.012 99.602
C07 675.004 99.28281
C07 700.03 98.68097
C07 725.012 98.33769
C07 750.022 98.24929
C07 774.987 97.84567
C07 799.976 96.96967
C07 824.988 95.26657
C07 850.022 93.06697
C07 869.967 89.9718
C07 875.002 89.30898
C07 899.999 82.40974
C07 919.999 74.100235
C07 925.012 71.16062
C07 949.965 57.894535
C07 975.002 42.46186
C07 999.976 25.852022
C07 1025.028 11.086475
C07 1050.014 3.8927402
C07 1075.002 2.120717
C07 1099.99 1.6875646
C02 319.994 40.588993
C02 324.969 45.81224
C02 349.982 67.26546
C02 374.975 71.9718
C02 400.019 81.6937
C02 424.965 84.3085
C02 450.035 87.075615
C02 475.003 90.65964
C02 500.018 92.20937
C02 525.002 94.85535
C02 550.029 97.09092
C02 575.023 97.16152
C02 599.982 98.970695
C02 619.997 98.56913
C02 624.979 98.91023
C02 650.012 99.287186
C02 675.004 98.97307
C02 700.03 98.420395
C02 725.012 98.2023
C02 750.022 98.27233
C02 774.987 98.03508
C02 799.976 97.24039
C02 824.988 95.53429
C02 850.022 93.4308
C02 869.967 90.43966
C02 875.002 89.73609
C02 899.999 82.706345
C02 919.999 74.13359
C02 925.012 71.12692
C02 949.965 58.471096
C02 975.002 42.786545
C02 999.976 25.988852
C02 1025.028 11.034528
C02 1050.014 3.8804085
C02 1075.002 2.1535792
C02 1099.99 1.7154064
C11 319.994 42.92831
C11 324.969 48.4892
C11 349.982 71.755615
C11 374.975 76.28266
C11 400.019 84.25436
C11 424.965 85.87391
C11 450.035 88.117935
C11 475.003 91.39883
C11 500.018 92.7426
C11 525.002 95.270676
C11 550.029 97.43931
C11 575.023 97.46724
C11 599.982 99.259094
C11 619.997 98.84699
C11 624.979 99.18698
C11 650.012 99.557915
C11 675.004 99.23997
C11 700.03 98.65352
C11 725.012 98.3543
C11 750.022 98.30916
C11 774.987 97.94306
C11 799.976 97.0723
C11 824.988 95.33785
C11 850.022 93.02949
C11 869.967 89.92024
C11 875.002 89.25944
C11 899.999 82.173256
C11 919.999 73.68628
C11 925.012 70.84004
C11 949.965 57.909504
C11 975.002 42.415615
C11 999.976 25.773268
C11 1025.028 11.008112
C11 1050.014 3.8864934
C11 1075.002 2.1042993
C11 1099.99 1.6790715
C14 319.994 42.163143
C14 324.969 47.60394
C14 349.982 70.11805
C14 374.975 74.61127
C14 400.019 83.19242
C14 424.965 85.17739
C14 450.035 87.620316
C14 475.003 91.006195
C14 500.018 92.42293
C14 525.002 94.98524
C14 550.029 97.16919
C14 575.023 97.20197
C14 599.982 98.98791
C14 619.997 98.575066
C14 624.979 98.90924
C14 650.012 99.27499
C14 675.004 98.95363
C14 700.03 98.394775
C14 725.012 98.17387
C14 750.022 98.235596
C14 774.987 97.98008
C14 799.976 97.16961
C14 824.988 95.424065
C14 850.022 93.24638
C14 869.967 90.12869
C14 875.002 89.42526
C14 899.999 82.32908
C14 919.999 73.882225
C14 925.012 71.01032
C14 949.965 58.116356
C14 975.002 42.564938
C14 999.976 25.913843
C14 1025.028 11.074056
C14 1050.014 3.8841467
C14 1075.002 2.1081982
C14 1099.99 1.6925945
C10 319.994 43.211178
C10 324.969 48.811333
C10 349.982 72.22328
C10 374.975 76.68856
C10 400.019 84.528946
C10 424.965 86.08264
C10 450.035 88.29805
C10 475.003 91.56423
C10 500.018 92.89833
C10 525.002 95.42525
C10 550.029 97.59019
C10 575.023 97.61252
C10 599.982 99.4044
C10 619.997 98.98677
C10 624.979 99.32586
C10 650.012 99.691345
C10 675.004 99.36543
C10 700.03 98.77078
C10 725.012 98.44232
C10 750.022 98.36102
C10 774.987 97.956825
C10 799.976 97.06487
C10 824.988 95.32446
C10 850.022 92.96956
C10 869.967 89.84923
C10 875.002 89.19278
C10 899.999 82.15871
C10 919.999 73.62382
C10 925.012 70.69211
C10 949.965 57.67671
C10 975.002 42.258537
C10 999.976 25.64648
C10 1025.028 10.997465
C10 1050.014 3.894015
C10 1075.002 2.1015332
C10 1099.99 1.6743441
C04 319.994 41.372078
C04 324.969 46.707478
C04 349.982 68.73721
C04 374.975 73.390884
C04 400.019 82.60108
C04 424.965 84.918205
C04 450.035 87.527855
C04 475.003 91.02708
C04 500.018 92.516914
C04 525.002 95.134514
C04 550.029 97.35308
C04 575.023 97.41142
C04 599.982 99.22041
C04 619.997 98.81815
C04 624.979 99.158875
C04 650.012 99.53209
C04 675.004 99.218315
C04 700.03 98.65095
C04 725.012 98.39147
C04 750.022 98.41625
C04 774.987 98.12491
C04 799.976 97.30581
C04 824.988 95.597374
C04 850.022 93.45946
C04 869.967 90.36749
C04 875.002 89.7072
C04 899.999 82.662224
C04 919.999 74.136826
C04 925.012 71.292
C04 949.965 58.153732
C04 975.002 42.809147
C04 999.976 25.995163
C04 1025.028 11.002748
C04 1050.014 3.8534443
C04 1075.002 2.127729
C04 1099.99 1.7026497
C06 319.994 42.016598
C06 324.969 47.439655
C06 349.982 69.88997
C06 374.975 74.48659
C06 400.019 83.32576
C06 424.965 85.41746
C06 450.035 87.91593
C06 475.003 91.34745
C06 500.018 92.790276
C06 525.002 95.38365
C06 550.029 97.59248
C06 575.023 97.63548
C06 599.982 99.43951
C06 619.997 99.03194
C06 624.979 99.373375
C06 650.012 99.74695
C06 675.004 99.42445
C06 700.03 98.83406
C06 725.012 98.51025
C06 750.022 98.45646
C06 774.987 98.08929
C06 799.976 97.229355
C06 824.988 95.517845
C06 850.022 93.33686
C06 869.967 90.222786
C06 875.002 89.541115
C06 899.999 82.63765
C06 919.999 74.25472
C06 925.012 71.28287
C06 949.965 58.094093
C06 975.002 42.603256
C06 999.976 25.900597
C06 1025.028 11.05285
C06 1050.014 3.8786016
C06 1075.002 2.1265972
C06 1099.99 1.6966633
C03 319.994 40.987816
C03 324.969 46.267384
C03 349.982 67.99036
C03 374.975 72.657555
C03 400.019 82.09956
C03 424.965 84.555626
C03 450.035 87.24316
C03 475.003 90.77739
C03 500.018 92.296776
C03 525.002 94.92325
C03 550.029 97.149704
C03 575.023 97.20946
C03 599.982 99.01828
C03 619.997 98.61605
C03 624.979 98.958496
C03 650.012 99.32974
C03 675.004 99.01555
C03 700.03 98.459305
C03 725.012 98.225494
C03 750.022 98.27908
C03 774.987 98.02686
C03 799.976 97.2235
C03 824.988 95.519424
C03 850.022 93.41199
C03 869.967 90.35857
C03 875.002 89.704994
C03 899.999 82.602554
C03 919.999 74.039955
C03 925.012 71.27743
C03 949.965 58.246815
C03 975.002 42.923187
C03 999.976 26.065737
C03 1025.028 11.003581
C03 1050.014 3.8699062
C03 1075.002 2.145451
C03 1099.99 1.7131559
C17 319.994 41.2971
C17 324.969 46.614563
C17 349.982 68.479
C17 374.975 73.07876
C17 400.019 82.41021
C17 424.965 84.82168
C17 450.035 87.49772
C17 475.003 91.02355
C17 500.018 92.526695
C17 525.002 95.16215
C17 550.029 97.38435
C17 575.023 97.43554
C17 599.982 99.23659
C17 619.997 98.828896
C17 624.979 99.17063
C17 650.012 99.532745
C17 675.004 99.219826
C17 700.03 98.63798
C17 725.012 98.35353
C17 750.022 98.34028
C17 774.987 98.01867
C17 799.976 97.178474
C17 824.988 95.498375
C17 850.022 93.29389
C17 869.967 90.223114
C17 875.002 89.57693
C17 899.999 82.83061
C17 919.999 73.934845
C17 925.012 71.03654
C17 949.965 58.34343
C17 975.002 43.27154
C17 999.976 26.313812
C17 1025.028 11.217327
C17 1050.014 3.9494357
C17 1075.002 2.1528697
C17 1099.99 1.7101042
C00 319.994 39.577
C00 324.969 44.66024
C00 349.982 65.51769
C00 374.975 70.43148
C00 400.019 80.82811
C00 424.965 83.820045
C00 450.035 86.78524
C00 475.003 90.48586
C00 500.018 92.11937
C00 525.002 94.82099
C00 550.029 97.09191
C00 575.023 97.18967
C00 599.982 99.014984
C00 619.997 98.63156
C00 624.979 98.96729
C00 650.012 99.35691
C00 675.004 99.04752
C00 700.03 98.4753
C00 725.012 98.18703
C00 750.022 98.17347
C00 774.987 97.845024
C00 799.976 97.03042
C00 824.988 95.37656
C00 850.022 93.29564
C00 869.967 90.31636
C00 875.002 89.64854
C00 899.999 82.70715
C00 919.999 74.0082
C00 925.012 71.473915
C00 949.965 58.08314
C00 975.002 43.136967
C00 999.976 26.226063
C00 1025.028 11.073159
C00 1050.014 3.9239478
C00 1075.002 2.1706815
C00 1099.99 1.7226146
C16 319.994 41.695988
C16 324.969 47.069134
C16 349.982 69.18098
C16 374.975 73.7162
C16 400.019 82.760155
C16 424.965 85.00836
C16 450.035 87.59575
C16 475.003 91.07413
C16 500.018 92.54381
C16 525.002 95.14945
C16 550.029 97.36002
C16 575.023 97.403366
C16 599.982 99.20089
C16 619.997 98.78778
C16 624.979 99.12869
C16 650.012 99.489555
C16 675.004 99.172714
C16 700.03 98.611465
C16 725.012 98.3892
C16 750.022 98.448456
C16 774.987 98.199
C16 799.976 97.37389
C16 824.988 95.661896
C16 850.022 93.50063
C16 869.967 90.29627
C16 875.002 89.59983
C16 899.999 82.79181
C16 919.999 74.1145
C16 925.012 71.18084
C16 949.965 58.20015
C16 975.002 42.965336
C16 999.976 26.122614
C16 1025.028 11.093531
C16 1050.014 3.917214
C16 1075.002 2.141603
C16 1099.99 1.703162
C15 319.994 41.972412
C15 324.969 47.38503
C15 349.982 69.69837
C15 374.975 74.19207
C15 400.019 83.0272
C15 424.965 85.15759
C15 450.035 87.675674
C15 475.003 91.11629
C15 500.018 92.563705
C15 525.002 95.1475
C15 550.029 97.34438
C15 575.023 97.38488
C15 599.982 99.17543
C15 619.997 98.75942
C15 624.979 99.096535
C15 650.012 99.46069
C15 675.004 99.13398
C15 700.03 98.57729
C15 725.012 98.36994
C15 750.022 98.4463
C15 774.987 98.20693
C15 799.976 97.39575
C15 824.988 95.656395
C15 850.022 93.50372
C15 869.967 90.31166
C15 875.002 89.60327
C15 899.999 82.59801
C15 919.999 74.064835
C15 925.012 71.18325
C15 949.965 58.205715
C15 975.002 42.74596
C15 999.976 26.031979
C15 1025.028 11.067699
C15 1050.014 3.8778994
C15 1075.002 2.1215637
C15 1099.99 1.7022963
C13 319.994 42.50778
C13 324.969 48.002766
C13 349.982 70.8248
C13 374.975 75.32867
C13 400.019 83.677155
C13 424.965 85.52436
C13 450.035 87.8911
C13 475.003 91.24123
C13 500.018 92.631195
C13 525.002 95.17861
C13 550.029 97.35843
C13 575.023 97.389435
C13 599.982 99.17891
C13 619.997 98.76559
C13 624.979 99.10358
C13 650.012 99.46886
C13 675.004 99.1466
C13 700.03 98.58004
C13 725.012 98.335014
C13 750.022 98.366104
C13 774.987 98.07562
C13 799.976 97.242966
C13 824.988 95.508354
C13 850.022 93.2856
C13 869.967 90.17946
C13 875.002 89.48645
C13 899.999 82.42571
C13 919.999 73.9644
C13 925.012 71.0732
C13 949.965 58.130253
C13 975.002 42.56643
C13 999.976 25.889526
C13 1025.028 11.086213
C13 1050.014 3.8923104
C13 1075.002 2.106482
C13 1099.99 1.6878281
C12 319.994 42.684505
C12 324.969 48.208363
C12 349.982 71.254944
C12 374.975 75.747536
C12 400.019 83.853
C12 424.965 85.5647
C12 450.035 87.855675
C12 475.003 91.158424
C12 500.018 92.51976
C12 525.002 95.05189
C12 550.029 97.221466
C12 575.023 97.24515
C12 599.982 99.034904
C12 619.997 98.61996
C12 624.979 98.962234
C12 650.012 99.328354
C12 675.004 99.009514
C12 700.03 98.43475
C12 725.012 98.158455
C12 750.022 98.15045
C12 774.987 97.82431
C12 799.976 96.97996
C12 824.988 95.247856
C12 850.022 92.981834
C12 869.967 89.92241
C12 875.002 89.24568
C12 899.999 82.12849
C12 919.999 73.67671
C12 925.012 70.81773
C12 949.965 57.968685
C12 975.002 42.425663
C12 999.976 25.770641
C12 1025.028 11.025494
C12 1050.014 3.8785708
C12 1075.002 2.1045218
C12 1099.99 1.6821488
C01 319.994 40.12036
C01 324.969 45.277363
C01 349.982 66.450554
C01 374.975 71.2457
C01 400.019 81.26316
C01 424.965 84.0505
C01 450.035 86.90612
C01 475.003 90.53616
C01 500.018 92.122734
C01 525.002 94.79031
C01 550.029 97.04687
C01 575.023 97.12413
C01 599.982 98.9433
C01 619.997 98.54947
C01 624.979 98.889984
C01 650.012 99.272545
C01 675.004 98.95881
C01 700.03 98.40767
C01 725.012 98.17566
C01 750.022 98.22991
C01 774.987 97.98013
C01 799.976 97.18895
C01 824.988 95.50581
C01 850.022 93.435234
C01 869.967 90.370674
C01 875.002 89.75467
C01 899.999 82.62873
C01 919.999 74.12153
C01 925.012 71.428
C01 949.965 58.03295
C01 975.002 43.16476
C01 999.976 26.062742
C01 1025.028 11.037493
C01 1050.014 3.9063444
C01 1075.002 2.1617527
C01 1099.99 1.7165033
