lsstCam/transmission_filter_detector/r30_s02/z_20/19700101T000000.ecsv
# %ECSV 1.0
# ---
# datatype:
# - {name: wavelength, unit: nm, datatype: float32}
# - {name: efficiency, unit: '%', datatype: float64}
# meta: !!omap
# - {MODE: DETECTOR}
# - {TYPE: transmission_filter_detector}
# - {CALIBDATE: '1970-01-01T00:00:00'}
# - {INSTRUME: LSSTCam}
# - {OBSTYPE: transmission_filter_detector}
# - {CALIBCLS: lsst.ip.isr.IntermediateFilterDetectorTransmissionCurve}
# - {SOURCE: Materion (DM-46256)}
# - {DETECTOR: 119}
# - {FILTER: z_20}
# - {CALIB_ID: 'calibDate=1970-01-01T00:00:00 filter=z_20 detector=119'}
# - {DATE: '2025-04-02T15:59:49.190801'}
# - {CALIB_CREATION_DATE: '2025-04-02'}
# - {CALIB_CREATION_TIME: '15:59:49'}
# - __serialized_columns__:
#     efficiency:
#       __class__: astropy.units.quantity.Quantity
#       unit: !astropy.units.Unit {unit: '%'}
#       value: !astropy.table.SerializedColumn {name: efficiency}
#     wavelength:
#       __class__: astropy.units.quantity.Quantity
#       unit: !astropy.units.Unit {unit: nm}
#       value: !astropy.table.SerializedColumn {name: wavelength}
# schema: astropy-2.0
wavelength efficiency
[from data line 597]
897.0 99.35369491577148
898.0 98.61134886741638
899.0 98.48923087120056
900.0 98.8876223564148
901.0 99.21773076057434
902.0 99.21861290931702
903.0 99.00968074798584
904.0 97.98339009284973
905.0 98.6106812953949
906.0 98.03283214569092
907.0 98.79221320152283
908.0 98.3154833316803
909.0 98.21383953094482
910.0 98.25451374053955
911.0 96.98560237884521
912.0 96.02926969528198
913.0 95.27624845504761
914.0 92.93144345283508
915.0 90.57861566543579
916.0 88.35113048553467
917.0 87.00764775276184
918.0 83.32310914993286
919.0 82.22439289093018
920.0 79.62815165519714
921.0 75.6262719631195
922.0 71.53580784797668
923.0 65.80485105514526
924.0 60.286885499954224
925.0 54.77215051651001
926.0 48.80465567111969
927.0 41.675761342048645
928.0 35.726746916770935
929.0 29.690346121788025
930.0 23.860402405261993
931.0 18.696801364421844
932.0 13.266213238239288
933.0 8.934146165847778
934.0 5.761457979679108
935.0 3.503795340657234
936.0 1.953209564089775
937.0 1.2821775861084461
938.0 0.7471184246242046
939.0 0.4787804093211889
940.0 0.2587033435702324
941.0 0.28189150616526604
942.0 0.16213153721764684
943.0 0.10621820110827684
944.0 0.041665558819659054
945.0 1.6213762103756135e-10
946.0 0.051498477114364505
947.0 0.021657322940882295
948.0 1.6213762103756135e-10
949.0 0.021282208035700023
950.0 1.6213762103756135e-10
951.0 0.00425025173171889
952.0 1.6213762103756135e-10
953.0 1.6213762103756135e-10
954.0 1.6213762103756135e-10
955.0 0.08408362627960742
956.0 0.026440725196152925
957.0 1.6213762103756135e-10
958.0 1.6213762103756135e-10
959.0 0.17045550048351288
960.0 0.1171034062281251
961.0 1.6213762103756135e-10
962.0 1.6213762103756135e-10
963.0 0.02315856545465067
964.0 1.6213762103756135e-10
965.0 1.6213762103756135e-10
966.0 0.04767368664033711
967.0 1.6213762103756135e-10
968.0 0.05629581864923239
969.0 0.0018594726498122327
970.0 1.6213762103756135e-10
971.0 1.6213762103756135e-10
972.0 1.6213762103756135e-10
973.0 1.6213762103756135e-10
974.0 1.6213762103756135e-10
975.0 1.6213762103756135e-10
976.0 0.0064310333982575685
977.0 0.006327193841570988
978.0 0.0062233550124801695
979.0 0.0060478174418676645
980.0 0.005872279143659398
981.0 0.005668333324138075
982.0 0.005464386777020991
983.0 0.005408856668509543
984.0 0.005353325832402334
985.0 0.005234483978711069
986.0 0.005115642125019804
987.0 0.00509108358528465
988.0 0.005066525409347378
989.0 0.004962755338056013
990.0 0.00485898599436041
991.0 0.004766921483678743
992.0 0.004674856609199196
993.0 0.004647237074095756
994.0 0.004619617175194435
995.0 0.0045282868086360395
996.0 0.0044369560782797635
997.0 0.004423215068527497
998.0 0.004409474422573112
999.0 0.004432372952578589
1000.0 0.004455271846381947
1001.0 0.004337572318036109
1002.0 0.004219873153488152
1003.0 0.004250602069078013
1004.0 0.004281331348465756
1005.0 0.004280824578017928
1006.0 0.0042803178075701
1007.0 0.004283556336304173
1008.0 0.004286794865038246
1009.0 0.004201436968287453
1010.0 0.004116079435334541
1011.0 0.004167060615145601
1012.0 0.004218041431158781
1013.0 0.00428226194344461
1014.0 0.0043464820919325575
1015.0 0.004312756209401414
1016.0 0.00427903032687027
1017.0 0.0043300573452143
1018.0 0.00438108472735621
1019.0 0.004323405664763413
1020.0 0.004265726965968497
1021.0 0.004325109330238774
1022.0 0.004384491694509052
1023.0 0.004423773498274386
1024.0 0.00446305530203972
1025.0 0.004421040284796618
1026.0 0.0043790256313513964
1027.0 0.004437673851498403
1028.0 0.00449632243544329
1029.0 0.004463188088266179
1030.0 0.004430053741089068
1031.0 0.004555673876893707
1032.0 0.004681294376496226
1033.0 0.004717829870060086
1034.0 0.004754364999826066
1035.0 0.004889378396910615
1036.0 0.005024391430197284
1037.0 0.005156073530088179
1038.0 0.005287755993776955
1039.0 0.005366827826946974
1040.0 0.005445899660116993
1041.0 0.005320060881786048
1042.0 0.005194221739657223
1043.0 0.005455221617012285
1044.0 0.0057162211305694655
1045.0 0.005935324952588417
1046.0 0.006154428410809487
1047.0 0.006150839908514172
1048.0 0.006147250678623095
1049.0 0.00616358665865846
1050.0 0.006179921911098063
1051.0 0.006457317067543045
1052.0 0.006734712223988026
1053.0 0.007160742825362831
1054.0 0.007586773426737636
1055.0 0.007369059312622994
1056.0 0.007151344470912591
1057.0 0.007354099216172472
1058.0 0.0075568554166238755
1059.0 0.007720564462943003
1060.0 0.00788427350926213
1061.0 0.008276796143036336
1062.0 0.008669319504406303
1063.0 0.008922715642256662
1064.0 0.009176113235298544
1065.0 0.00939762030611746
1066.0 0.009619126649340615
1067.0 0.009712523751659319
1068.0 0.0098059193987865
1069.0 0.010176609794143587
1070.0 0.010547299461904913
1071.0 0.010407884110463783
1072.0 0.010268469486618415
1073.0 0.010714827658375725
1074.0 0.011161186557728797
1075.0 0.011062782868975773
1076.0 0.01096437918022275
1077.0 0.0121661250886973
1078.0 0.013367869541980326
1079.0 0.013075651077087969
1080.0 0.012783431157004088
1081.0 0.013394585403148085
1082.0 0.014005738194100559
1083.0 0.014408983406610787
1084.0 0.014812227163929492
1085.0 0.014806438412051648
1086.0 0.01480064820498228
1087.0 0.01524985273135826
1088.0 0.01569905725773424
1089.0 0.015553389675915241
1090.0 0.015407725004479289
1091.0 0.015966316277626902
1092.0 0.016524909005966038
1093.0 0.01758005964802578
1094.0 0.018635210290085524
1095.0 0.019040261395275593
1096.0 0.01944531104527414
1097.0 0.019773324311245233
1098.0 0.020101337577216327
1099.0 0.020555774972308427
1100.0 0.02101020945701748
1101.0 0.022136631014291197
1102.0 0.02326305111637339
1103.0 0.023908953880891204
1104.0 0.024554855190217495
1105.0 0.025565762189216912
1106.0 0.02657666918821633
1107.0 0.027023343136534095
1108.0 0.02747001708485186
1109.0 0.0283034925814718
1110.0 0.02913696807809174
1111.0 0.029393020668067038
1112.0 0.02964907616842538
1113.0 0.030643565696664155
1114.0 0.03163805231451988
1115.0 0.03214217722415924
1116.0 0.03264629631303251
1117.0 0.03314975474495441
1118.0 0.03365321317687631
1119.0 0.03602758515626192
1120.0 0.038401957135647535
1121.0 0.03911112726200372
1122.0 0.03982029447797686
1123.0 0.0415105780120939
1124.0 0.04320086445659399
1125.0 0.044652685755863786
1126.0 0.04610451287589967
1127.0 0.04699631244875491
1128.0 0.04788811202161014
1129.0 0.048935075756162405
1130.0 0.04998204531148076
1131.0 0.05510132759809494
1132.0 0.06022061570547521
1133.0 0.060553866205736995
1134.0 0.06088711088523269
1135.0 0.06454717367887497
1136.0 0.06820724229328334
1137.0 0.07547660497948527
1138.0 0.08274597930721939
1139.0 0.08416188647970557
1140.0 0.08557780529372394
1141.0 0.09996836306527257
1142.0 0.11435891501605511
1143.0 0.14606688637286425
1144.0 0.17777488101273775
1145.0 0.3777799429371953
1146.0 0.5777850281447172
1147.0 1.0796189308166504
1148.0 1.5814529731869698
1149.0 1.6421038657426834
1150.0 1.702754758298397
