lsstCam/transmission_filter_detector/r30_s02/z_20/19700101T000000.ecsv
# %ECSV 1.0
# ---
# datatype:
# - {name: wavelength, unit: nm, datatype: float32}
# - {name: efficiency, unit: '%', datatype: float64}
# meta: !!omap
# - {MODE: DETECTOR}
# - {TYPE: transmission_filter_detector}
# - {CALIBDATE: '1970-01-01T00:00:00'}
# - {INSTRUME: LSSTCam}
# - {OBSTYPE: transmission_filter_detector}
# - {CALIBCLS: lsst.ip.isr.IntermediateFilterDetectorTransmissionCurve}
# - {SOURCE: Materion (DM-46256)}
# - {DETECTOR: 119}
# - {FILTER: z_20}
# - {CALIB_ID: 'calibDate=1970-01-01T00:00:00 filter=z_20 detector=119'}
# - {DATE: '2025-04-02T15:59:49.190801'}
# - {CALIB_CREATION_DATE: '2025-04-02'}
# - {CALIB_CREATION_TIME: '15:59:49'}
# - __serialized_columns__:
#     efficiency:
#       __class__: astropy.units.quantity.Quantity
#       unit: !astropy.units.Unit {unit: '%'}
#       value: !astropy.table.SerializedColumn {name: efficiency}
#     wavelength:
#       __class__: astropy.units.quantity.Quantity
#       unit: !astropy.units.Unit {unit: nm}
#       value: !astropy.table.SerializedColumn {name: wavelength}
# schema: astropy-2.0
wavelength efficiency
300.0 0.3419645596295595
301.0 0.3112091915681958
302.0 0.28045380022376776
303.0 0.24278177879750729
304.0 0.20510973408818245
305.0 0.18083305330947042
306.0 0.15655634924769402
307.0 0.14775092713534832
308.0 0.13894547009840608
309.0 0.13242417480796576
310.0 0.12590287951752543
311.0 0.11825046967715025
312.0 0.11059805983677506
313.0 0.10831976542249322
314.0 0.10604145936667919
315.0 0.09254600154235959
316.0 0.0790505378972739
317.0 0.07383517804555595
318.0 0.068619818193838
319.0 0.06799272377975285
320.0 0.06736563518643379
321.0 0.061197736067697406
322.0 0.05502983694896102
323.0 0.054205936612561345
324.0 0.05338203627616167
325.0 0.04875289450865239
326.0 0.04412375565152615
327.0 0.040893873665481806
328.0 0.03766399167943746
329.0 0.03569606342352927
330.0 0.03372813807800412
331.0 0.03322084085084498
332.0 0.03271354653406888
333.0 0.030060246353968978
334.0 0.027406943263486028
335.0 0.02703626232687384
336.0 0.026665578479878604
337.0 0.0225706331548281
338.0 0.018475686374586076
339.0 0.019284678273834288
340.0 0.020093673083465546
341.0 0.018882179574575275
342.0 0.017670686065685004
343.0 0.01646188902668655
344.0 0.015253091987688094
345.0 0.013883206702303141
346.0 0.012513319961726665
347.0 0.013645862054545432
348.0 0.014778402692172676
349.0 0.013873046555090696
350.0 0.01296768750762567
351.0 0.012898920977022499
352.0 0.012830155901610851
353.0 0.013766001211479306
354.0 0.014701846521347761
355.0 0.012938104919157922
356.0 0.011174362589372322
357.0 0.010798949369927868
358.0 0.010423537605674937
359.0 0.010367775394115597
360.0 0.010312013910152018
361.0 0.009719787340145558
362.0 0.009127562952926382
363.0 0.008525187149643898
364.0 0.007922811346361414
365.0 0.007977939822012559
366.0 0.008033067570067942
367.0 0.008303277718368918
368.0 0.008573489321861416
369.0 0.008829616126604378
370.0 0.00908574293134734
371.0 0.008272867125924677
372.0 0.00745998986531049
373.0 0.007135342457331717
374.0 0.006810693594161421
375.0 0.006223412492545322
376.0 0.005636131390929222
377.0 0.005545935346162878
378.0 0.005455738937598653
379.0 0.0054261308832792565
380.0 0.005396523556555621
381.0 0.00564662077522371
382.0 0.005896717630093917
383.0 0.005262514969217591
384.0 0.0046283126721391454
385.0 0.004309340511099435
386.0 0.003990368350059725
387.0 0.0044461427023634315
388.0 0.004901917418465018
389.0 0.004751326923724264
390.0 0.00460073679278139
391.0 0.004034942321595736
392.0 0.0034691478504100814
393.0 0.00380370911443606
394.0 0.004138270378462039
395.0 0.0038391361158574
396.0 0.0035400022170506418
397.0 0.0038161615520948544
398.0 0.004092320523341186
399.0 0.004092744711670093
400.0 0.004093169263796881
401.0 0.004178189919912256
402.0 0.004263210576027632
403.0 0.004033544973935932
404.0 0.003803879371844232
405.0 0.0037525471270782873
406.0 0.0037012148823123425
407.0 0.003970496254623868
408.0 0.004239778354531154
409.0 0.003457628918113187
410.0 0.0026754796635941602
411.0 0.003258057404309511
412.0 0.003840634963125922
413.0 0.003951848339056596
414.0 0.004063062078785151
415.0 0.004118352444493212
416.0 0.004173643173999153
417.0 0.0032289332011714578
418.0 0.002284223592141643
419.0 0.002822837086569052
420.0 0.003361450944794342
421.0 0.003553495480446145
422.0 0.003745540016097948
423.0 0.003641844159574248
424.0 0.003538147939252667
425.0 0.003065924101974815
426.0 0.0025936999008990824
427.0 0.0029749357054242864
428.0 0.0033561715099494904
429.0 0.0030681905627716333
430.0 0.0027802097974927165
431.0 0.0018497277778806165
432.0 0.0009192455763695762
433.0 0.0015329826055676676
434.0 0.0021467198166646995
435.0 0.0025135012037935667
436.0 0.0028802824090234935
437.0 0.0025511808416922577
438.0 0.0022220790924620815
439.0 0.0023089380192686804
440.0 0.0023957969460752793
441.0 0.0025834468033281155
442.0 0.002771096842479892
443.0 0.002650583519425709
444.0 0.0025300705601694062
445.0 0.0025189989173668437
446.0 0.0025079274564632215
447.0 0.002492661042197142
448.0 0.0024773948098300025
449.0 0.0021566496798186563
450.0 0.00183590454980731
451.0 0.0019222368791815825
452.0 0.002008569208555855
453.0 0.001726733535178937
454.0 0.0014448978618020192
455.0 0.0016832311303005554
456.0 0.001921564580698032
457.0 0.0015920924852252938
458.0 0.0012626202988030855
459.0 0.0016267194951069541
460.0 0.0019908186004613526
461.0 0.0016393098121625371
462.0 0.0012878012967121322
463.0 0.0014345541785587557
464.0 0.0015813071513548493
465.0 0.0013724365089728963
466.0 0.0011635660484898835
467.0 0.0012259220056876075
468.0 0.0012882778719358612
469.0 0.0011731616723409388
470.0 0.0010580455636954866
471.0 0.0011756337698898278
472.0 0.001293221976084169
473.0 0.0013144806871423498
474.0 0.0013357393072510604
475.0 0.0013984540601086337
476.0 0.0014611687220167369
477.0 0.0015385476217488758
478.0 0.0016159263395820744
479.0 0.0018573380657471716
480.0 0.002098749973811209
481.0 0.001602895099495072
482.0 0.0011070403161284048
483.0 0.0010989749171130825
484.0 0.0010909096090472303
485.0 0.001132705347117735
486.0 0.0011745010851882398
487.0 0.0013433206731860992
488.0 0.0015121403521334287
489.0 0.0017288664821535349
490.0 0.0019455928850220516
491.0 0.0018178627215093002
492.0 0.0016901329217944294
493.0 0.0018804743376676925
494.0 0.0020708162992377765
495.0 0.0017688586012809537
496.0 0.0014669006304757204
497.0 0.0015495403204113245
498.0 0.0016321799193974584
499.0 0.0014503094462270383
500.0 0.0012684387911576778
501.0 0.0011286781045782845
502.0 0.0009889175998978317
503.0 0.0009760020475368947
504.0 0.0009630864951759577
505.0 0.0015735025954199955
506.0 0.0021839183318661526
507.0 0.0015826724848011509
508.0 0.000981426546786679
509.0 0.0011674349480017554
510.0 0.001353443440166302
511.0 0.001379462810291443
512.0 0.0014054819075681735
513.0 0.0013262901120469905
514.0 0.0012470982255763374
515.0 0.0011292704584775493
516.0 0.0010114423275808804
517.0 0.0011399582945159636
518.0 0.001268474352400517
519.0 0.0013314105672179721
520.0 0.001394346691085957
521.0 0.0014302820090961177
522.0 0.0014662173271062784
523.0 0.001555961171106901
524.0 0.0016457048332085833
525.0 0.0013151954590284731
526.0 0.0009846859938988928
527.0 0.0010936746548395604
528.0 0.0012026634067296982
529.0 0.001342920495517319
530.0 0.0014831777662038803
531.0 0.0015089354747033212
532.0 0.0015346933651017025
533.0 0.0013243602552392986
534.0 0.0011140271453768946
535.0 0.0012340788998699281
536.0 0.001354130836261902
537.0 0.0014904509043844882
538.0 0.0016267711544060148
539.0 0.0014319577530841343
540.0 0.0012371440789138433
541.0 0.0011854962394863833
542.0 0.0011338484000589233
543.0 0.0010124939763045404
544.0 0.0008911396434996277
545.0 0.0010930128155450802
546.0 0.0012948859875905327
547.0 0.001455474102840526
548.0 0.0016160622180905193
549.0 0.001792649709386751
550.0 0.001969237200682983
551.0 0.0019302369764773175
552.0 0.001891237116069533
553.0 0.0020493311239988543
554.0 0.0022074249500292353
555.0 0.0016873866115929559
556.0 0.0011673482731566764
557.0 0.0012913068530906457
558.0 0.0014152657058730256
559.0 0.0012462569429771975
560.0 0.0010772482710308395
561.0 0.0011423286196077242
562.0 0.0012074088772351388
563.0 0.0013833931916451547
564.0 0.0015593774151057005
565.0 0.0017102351193898357
566.0 0.001861092823673971
567.0 0.0020018051145598292
568.0 0.0021425174054456875
569.0 0.002400164339633193
570.0 0.0026578114557196386
571.0 0.002541750291129574
572.0 0.0024256891265395097
573.0 0.001967945172509644
574.0 0.0015102011275303084
575.0 0.0016812096873763949
576.0 0.0018522181562730111
577.0 0.001952097773028072
578.0 0.002051977025985252
579.0 0.0019764505850616843
580.0 0.0019009241441381164
581.0 0.001961605084943585
582.0 0.0020222858438501135
583.0 0.002013239463849459
584.0 0.0020041930838488042
585.0 0.0021811578335473314
586.0 0.0023581225832458586
587.0 0.0018559727323008701
588.0 0.0013538226994569413
589.0 0.0014463598745351192
590.0 0.0015388972315122373
591.0 0.0017562266293680295
592.0 0.001973556209122762
593.0 0.0013754854990111198
594.0 0.0007774149707984179
595.0 0.001007887658488471
596.0 0.0012383601642795838
597.0 0.0008757641808188055
598.0 0.0005131682883074973
599.0 0.0008989301022666041
600.0 0.0012846919162257109
601.0 0.0011111235835414845
602.0 0.0009375552508572582
603.0 0.0012865252756455448
604.0 0.0016354953913833015
605.0 0.0014649596778326668
606.0 0.0012944243280799128
607.0 0.0010933171324722935
608.0 0.0008922100278141443
609.0 0.0009360966032545548
610.0 0.0009799831786949653
611.0 0.0009997585038945545
612.0 0.0010195338290941436
613.0 0.0011151073522341903
614.0 0.0012106810572731774
615.0 0.0012226725630171131
616.0 0.0012346638868621085
617.0 0.0014644566363131162
618.0 0.001694249476713594
619.0 0.0016235371731454507
620.0 0.0015528248695773073
621.0 0.0017670225133770145
622.0 0.001981220157176722
623.0 0.001429572239430854
624.0 0.0008779242307355162
625.0 0.001151419655798236
626.0 0.0014249151718104258
627.0 0.0016654772480251268
628.0 0.001906039506138768
629.0 0.0019916084056603722
630.0 0.002077177123283036
631.0 0.002468916318321135
632.0 0.002860655149561353
633.0 0.0030020328267710283
634.0 0.0031434105039807037
635.0 0.005796648110845126
636.0 0.00844988608150743
637.0 0.01520011865068227
638.0 0.021950353402644396
639.0 0.020115372899454087
640.0 0.018280396761838347
641.0 0.015688678831793368
642.0 0.013096962356939912
643.0 0.009512526594335213
644.0 0.005928090831730515
645.0 0.00634536991128698
646.0 0.0067626497184392065
647.0 0.006478637806139886
648.0 0.006194625893840566
649.0 0.004838382301386446
650.0 0.0034821387089323252
651.0 0.003650028520496562
652.0 0.003817918332060799
653.0 0.0030923612939659506
654.0 0.002366803710174281
655.0 0.0023052942196954973
656.0 0.0022437847292167135
657.0 0.002531733116484247
658.0 0.002819681503751781
659.0 0.0022468335373559967
660.0 0.0016739853890612721
661.0 0.0020740610125358216
662.0 0.0024741368179093115
663.0 0.0022540030840900727
664.0 0.002033869350270834
665.0 0.0018697632185649127
666.0 0.0017056569049600512
667.0 0.0016921001588343643
668.0 0.001678543230809737
669.0 0.0015034939679026138
670.0 0.0013284447959449608
671.0 0.001421451088390313
672.0 0.0015144572898861952
673.0 0.0014339252629724797
674.0 0.001353393145109294
675.0 0.0011921040822926443
676.0 0.0010308149285265245
677.0 0.001356293068965897
678.0 0.0016817713913042098
679.0 0.001626010453037452
680.0 0.001570249514770694
681.0 0.001912287734739948
682.0 0.0022543263185070828
683.0 0.0024983663024613634
684.0 0.0027424061045167036
685.0 0.00244924067374086
686.0 0.002156075061066076
687.0 0.0018899068891187198
688.0 0.0016237387171713635
689.0 0.0021705800463678315
690.0 0.0027174213755642995
691.0 0.0024440530978608876
692.0 0.0021706848201574758
693.0 0.002544648486946244
694.0 0.0029186125175328925
695.0 0.0031954270525602624
696.0 0.0034722415875876322
697.0 0.003842135629383847
698.0 0.004212030034977943
699.0 0.005578484706347808
700.0 0.0069449371949303895
701.0 0.007098858623066917
702.0 0.007252780051203445
703.0 0.006416181713575497
704.0 0.005579582284553908
705.0 0.004605096546583809
706.0 0.0036306115362094715
707.0 0.0032207441108766943
708.0 0.0028108765036449768
709.0 0.003568013562471606
710.0 0.004325150803197175
711.0 0.004172828630544245
712.0 0.004020506457891315
713.0 0.003114699575235136
714.0 0.0022088926925789565
715.0 0.0022301208446151577
716.0 0.002251348996651359
717.0 0.0018593638742459007
718.0 0.0014673787518404424
719.0 0.0015748524674563669
720.0 0.0016823263649712317
721.0 0.0017190519429277629
722.0 0.0017557773389853537
723.0 0.002019622115767561
724.0 0.0022834670744487084
725.0 0.0015256677215802483
726.0 0.0007678684596612584
727.0 0.0010047329851659015
728.0 0.0012415974197210744
729.0 0.0012023901945212856
730.0 0.0011631829693214968
731.0 0.0009843028237810358
732.0 0.0008054225872911047
733.0 0.0012798757779819425
734.0 0.0017543290596222505
735.0 0.001630007136554923
736.0 0.0015056852134875953
737.0 0.001246224928763695
738.0 0.0009867645530903246
739.0 0.0015117064322112128
740.0 0.002036648220382631
741.0 0.0016790856534498744
742.0 0.001321523177466588
743.0 0.0015905801774351858
744.0 0.0018596370864543132
745.0 0.0019400504243094474
746.0 0.0020204637621645816
747.0 0.002030164614552632
748.0 0.0020398656488396227
749.0 0.0026693531253840774
750.0 0.003298840601928532
751.0 0.0029735343559877947
752.0 0.0026482281100470573
753.0 0.0027574653358897194
754.0 0.0028667025617323816
755.0 0.002239917012047954
756.0 0.0016131314623635262
757.0 0.0019819268345599994
758.0 0.0023507220248575322
759.0 0.002629568371048663
760.0 0.002908414535340853
761.0 0.004613714918377809
762.0 0.006319015665212646
763.0 0.006167625542730093
764.0 0.006016236875439063
765.0 0.005242035331320949
766.0 0.004467835242394358
767.0 0.004282038935343735
768.0 0.004096243355888873
769.0 0.004975335832568817
770.0 0.005854429036844522
771.0 0.005205974957789294
772.0 0.004557520878734067
773.0 0.004325947520555928
774.0 0.004094373798579909
775.0 0.006460380973294377
776.0 0.002188114740420133
777.0 1.6213762103756135e-10
778.0 0.025656874640844762
779.0 0.059833243722096086
780.0 0.023441077792085707
781.0 0.0077254619100131094
782.0 0.09784233989194036
783.0 1.6213762103756135e-10
784.0 1.6213762103756135e-10
785.0 0.056561315432190895
786.0 0.024885949096642435
787.0 0.010590221791062504
788.0 0.014726210793014616
789.0 0.07433386635966599
790.0 1.6213762103756135e-10
791.0 0.019934702140744776
792.0 1.6213762103756135e-10
793.0 0.08272445993497968
794.0 0.07276064134202898
795.0 0.08628509822301567
796.0 0.08204301702789962
797.0 0.09222546359524131
798.0 0.19429110689088702
799.0 0.25654174387454987
800.0 0.1909606158733368
801.0 0.3387090051546693
802.0 0.7135621272027493
803.0 1.170897576957941
804.0 1.8598450347781181
805.0 2.9500093311071396
806.0 4.314013943076134
807.0 6.221834197640419
808.0 8.418569713830948
809.0 11.164693534374237
810.0 14.412416517734528
811.0 17.4592986702919
812.0 20.69707065820694
813.0 23.67520034313202
814.0 26.814529299736023
815.0 31.134578585624695
816.0 36.12419366836548
817.0 41.97882413864136
818.0 47.81631827354431
819.0 54.22593951225281
820.0 61.88691854476929
821.0 69.50247287750244
822.0 75.55503845214844
823.0 81.13743662834167
824.0 86.28016710281372
825.0 90.56668877601624
826.0 93.6917245388031
827.0 95.78868746757507
828.0 98.10042381286621
829.0 99.141526222229
830.0 98.79451990127563
831.0 99.21490550041199
832.0 98.59538674354553
833.0 99.47125315666199
834.0 98.2889711856842
835.0 99.24309253692627
836.0 99.14752840995789
837.0 99.3118405342102
838.0 98.2528567314148
839.0 98.63621592521667
840.0 98.55480790138245
841.0 99.29813742637634
842.0 99.75607991218567
843.0 99.81668591499329
844.0 98.35480451583862
845.0 98.7634003162384
846.0 98.74427914619446
847.0 98.80746603012085
848.0 99.66479539871216
849.0 98.9136278629303
850.0 98.03440570831299
851.0 99.22735691070557
852.0 99.30108785629272
853.0 98.51034283638
854.0 99.7782826423645
855.0 98.50522875785828
856.0 99.05836582183838
857.0 97.94650077819824
858.0 98.64314198493958
859.0 99.12173748016357
860.0 98.70235323905945
861.0 98.87520670890808
862.0 98.97739291191101
863.0 98.2600748538971
864.0 99.48422908782959
865.0 99.71312880516052
866.0 98.51974248886108
867.0 99.13146495819092
868.0 99.43265914916992
869.0 98.74269962310791
870.0 98.04604649543762
871.0 98.85778427124023
872.0 99.28606152534485
873.0 99.32429790496826
874.0 99.72832202911377
875.0 99.13614392280579
876.0 98.95331859588623
877.0 99.72489476203918
878.0 98.84496331214905
879.0 98.58337640762329
880.0 98.69648814201355
881.0 99.85570311546326
882.0 98.90235662460327
883.0 98.88887405395508
884.0 99.17431473731995
885.0 99.262136220932
886.0 98.9608883857727
887.0 98.87785911560059
888.0 98.89742136001587
889.0 99.48737025260925
890.0 98.24705123901367
891.0 99.30452108383179
892.0 98.81311058998108
893.0 98.77016544342041
894.0 98.275887966156
895.0 99.36473965644836
