lsstCam/transmission_filter_detector/r30_s10/g_6/19700101T000000.ecsv
# %ECSV 1.0
# ---
# datatype:
# - {name: wavelength, unit: nm, datatype: float32}
# - {name: efficiency, unit: '%', datatype: float64}
# meta: !!omap
# - {MODE: DETECTOR}
# - {TYPE: transmission_filter_detector}
# - {CALIBDATE: '1970-01-01T00:00:00'}
# - {INSTRUME: LSSTCam}
# - {OBSTYPE: transmission_filter_detector}
# - {CALIBCLS: lsst.ip.isr.IntermediateFilterDetectorTransmissionCurve}
# - {SOURCE: Materion (DM-46256)}
# - {DETECTOR: 120}
# - {FILTER: g_6}
# - {CALIB_ID: 'calibDate=1970-01-01T00:00:00 filter=g_6 detector=120'}
# - {DATE: '2025-04-02T15:59:42.583582'}
# - {CALIB_CREATION_DATE: '2025-04-02'}
# - {CALIB_CREATION_TIME: '15:59:42'}
# - __serialized_columns__:
#     efficiency:
#       __class__: astropy.units.quantity.Quantity
#       unit: !astropy.units.Unit {unit: '%'}
#       value: !astropy.table.SerializedColumn {name: efficiency}
#     wavelength:
#       __class__: astropy.units.quantity.Quantity
#       unit: !astropy.units.Unit {unit: nm}
#       value: !astropy.table.SerializedColumn {name: wavelength}
# schema: astropy-2.0
wavelength efficiency
[from data line 607]
907.0 0.00032490365811099764
908.0 0.0003576879635147634
909.0 0.000390472177969059
910.0 0.00039884171201265417
911.0 0.00040721124605624937
912.0 0.0004681131940742489
913.0 0.0005290151420922484
914.0 0.0004053281372762285
915.0 0.00028164110972284107
916.0 0.00032594703043287154
917.0 0.00037025306482973974
918.0 0.0003129711330984719
919.0 0.00025568929231667425
920.0 0.00034847914776037214
921.0 0.00044126895772933494
922.0 0.0003835849383904133
923.0 0.0003259008963141241
924.0 0.0004425559382070787
925.0 0.0005592108664131956
926.0 0.0004608203198586125
927.0 0.0003624297278292943
928.0 0.0004959992566000437
929.0 0.0006295687853707932
930.0 0.000552066148884478
931.0 0.0004745636488223681
932.0 0.0004493493634072365
933.0 0.0004241352144163102
934.0 0.000575673948333133
935.0 0.0007272128186741611
936.0 0.0005272137514111819
937.0 0.0003272147523603053
938.0 0.00037821853311470477
939.0 0.0004292223820812069
940.0 0.0005244833573669894
941.0 0.0006197442417033017
942.0 0.0006277496595430421
943.0 0.0006357550319080474
944.0 0.0005922367563471198
945.0 0.000548718389836722
946.0 0.0006584063612535829
947.0 0.0007680943781451788
948.0 0.000778623598307604
949.0 0.0007891528184700292
950.0 0.0007049275154713541
951.0 0.000620702166997944
952.0 0.0008513569810020272
953.0 0.0010820118404808454
954.0 0.0009687844794825651
955.0 0.0008555570275348146
956.0 0.0006642944754275959
957.0 0.00047303196879511233
958.0 0.0006371579274855321
959.0 0.0008012838407012168
960.0 0.000793845083535416
961.0 0.0007864063263696153
962.0 0.0008002924005268142
963.0 0.0008141782927850727
964.0 0.0007314917638723273
965.0 0.0006488050530606415
966.0 0.0006336532351269852
967.0 0.000618501462668064
968.0 0.0005559352757700253
969.0 0.0004933691798214568
970.0 0.0005611029337160289
971.0 0.0006288368240348063
972.0 0.0006692985152767505
973.0 0.0007097602065186948
974.0 0.0007742309207969811
975.0 0.0008387017260247376
976.0 0.0008087885362328961
977.0 0.0007788754373905249
978.0 0.0008780612915870734
979.0 0.0009772470548341516
980.0 0.0008729971341381315
981.0 0.0007687472134421114
982.0 0.0008530480954505038
983.0 0.0009373489774588961
984.0 0.0010537760317674838
985.0 0.0011702032679750118
986.0 0.0012222810255479999
987.0 0.0012743586921715178
988.0 0.0012608511497091968
989.0 0.0012473434253479354
990.0 0.0013491255231201649
991.0 0.0014509072570945136
992.0 0.0014716232726641465
993.0 0.001492339106334839
994.0 0.001537819298391696
995.0 0.0015832998542464338
996.0 0.0015138854905671906
997.0 0.001444470944989007
998.0 0.001372413316858001
999.0 0.0013003557796764653
1000.0 0.0013473684703058098
1001.0 0.0013943809790362138
1002.0 0.0013608550034405198
1003.0 0.001327329118794296
1004.0 0.0013037503777013626
1005.0 0.0012801718185073696
1006.0 0.0013359887816477567
1007.0 0.0013918056538386736
1008.0 0.0013411089639703277
1009.0 0.0012904121831525117
1010.0 0.0014415921214094851
1011.0 0.0015927722415653989
1012.0 0.001576674731040839
1013.0 0.001560577038617339
1014.0 0.0018715307305683382
1015.0 0.0021824844225193374
1016.0 0.0022319347408483736
1017.0 0.00228138505917741
1018.0 0.0024251987269963138
1019.0 0.002569012576714158
1020.0 0.002875177779060323
1021.0 0.0031813429814064875
1022.0 0.0033031581551767886
1023.0 0.0034249736927449703
1024.0 0.0035319819289725274
1025.0 0.0036389898014022037
1026.0 0.003818671393673867
1027.0 0.0039983526221476495
1028.0 0.004209898906992748
1029.0 0.004421445191837847
1030.0 0.004447037281352095
1031.0 0.004472629007068463
1032.0 0.004634194192476571
1033.0 0.0047957593778846785
1034.0 0.004983922190149315
1035.0 0.005172085366211832
1036.0 0.005468992094392888
1037.0 0.005765898822573945
1038.0 0.005814529504277743
1039.0 0.005863160185981542
1040.0 0.005959723057458177
1041.0 0.006056285565136932
1042.0 0.006127158849267289
1043.0 0.0061980317695997655
1044.0 0.006580198532901704
1045.0 0.006962365296203643
1046.0 0.007524878310505301
1047.0 0.00808739205240272
1048.0 0.009025539475260302
1049.0 0.009963686898117885
1050.0 0.011710227408912033
1051.0 0.013456765736918896
1052.0 0.016249355394393206
1053.0 0.019041945051867515
1054.0 0.022827340580988675
1055.0 0.026612734654918313
1056.0 0.031834637047722936
1057.0 0.03705653361976147
1058.0 0.043646132689900696
1059.0 0.050235725939273834
1060.0 0.05796697223559022
1061.0 0.06569824181497097
1062.0 0.07272607181221247
1063.0 0.07975389016792178
1064.0 0.08611476514488459
1065.0 0.09247561683878303
1066.0 0.09802511194720864
1067.0 0.10357459541410208
1068.0 0.11003951076418161
1069.0 0.11650444939732552
1070.0 0.12609608238562942
1071.0 0.13568771537393332
1072.0 0.14735133154317737
1073.0 0.15901493607088923
1074.0 0.173436279874295
1075.0 0.18785764696076512
1076.0 0.20149112679064274
1077.0 0.2151246415451169
1078.0 0.22751849610358477
1079.0 0.23991235066205263
1080.0 0.25435045827180147
1081.0 0.2687884960323572
1082.0 0.2868304029107094
1083.0 0.3048722865059972
1084.0 0.33615492284297943
1085.0 0.36743758246302605
1086.0 0.40071960538625717
1087.0 0.4340016283094883
1088.0 0.47783260233700275
1089.0 0.5216635297983885
1090.0 0.5886368453502655
1091.0 0.6556101609021425
1092.0 0.7152771111577749
1093.0 0.7749441545456648
1094.0 0.8139591664075851
1095.0 0.8529743179678917
1096.0 0.893356092274189
1097.0 0.9337378665804863
1098.0 0.9989557787775993
1099.0 1.0641736909747124
1100.0 1.1660748161375523
1101.0 1.2679759413003922
