lsstCam/transmission_filter_detector/r30_s10/g_6/19700101T000000.ecsv
# %ECSV 1.0
# ---
# datatype:
# - {name: wavelength, unit: nm, datatype: float32}
# - {name: efficiency, unit: '%', datatype: float64}
# meta: !!omap
# - {MODE: DETECTOR}
# - {TYPE: transmission_filter_detector}
# - {CALIBDATE: '1970-01-01T00:00:00'}
# - {INSTRUME: LSSTCam}
# - {OBSTYPE: transmission_filter_detector}
# - {CALIBCLS: lsst.ip.isr.IntermediateFilterDetectorTransmissionCurve}
# - {SOURCE: Materion (DM-46256)}
# - {DETECTOR: 120}
# - {FILTER: g_6}
# - {CALIB_ID: 'calibDate=1970-01-01T00:00:00 filter=g_6 detector=120'}
# - {DATE: '2025-04-02T15:59:42.583582'}
# - {CALIB_CREATION_DATE: '2025-04-02'}
# - {CALIB_CREATION_TIME: '15:59:42'}
# - __serialized_columns__:
#     efficiency:
#       __class__: astropy.units.quantity.Quantity
#       unit: !astropy.units.Unit {unit: '%'}
#       value: !astropy.table.SerializedColumn {name: efficiency}
#     wavelength:
#       __class__: astropy.units.quantity.Quantity
#       unit: !astropy.units.Unit {unit: nm}
#       value: !astropy.table.SerializedColumn {name: wavelength}
# schema: astropy-2.0
wavelength efficiency
300.0 0.3520872676745057
301.0 0.3076377557590604
302.0 0.2631881972774863
303.0 0.23712292313575745
304.0 0.21105764899402857
305.0 0.2161446725949645
306.0 0.22123169619590044
307.0 0.2118980512022972
308.0 0.20256438292562962
309.0 0.19804681651294231
310.0 0.193529250100255
311.0 0.1951787038706243
312.0 0.19682813435792923
313.0 0.18794809002429247
314.0 0.17906803404912353
315.0 0.17613042145967484
316.0 0.17319280887022614
317.0 0.17067757435142994
318.0 0.1681623631156981
319.0 0.15952388057485223
320.0 0.15088540967553854
321.0 0.13993721222504973
322.0 0.12898900313302875
323.0 0.11633221292868257
324.0 0.10367539944127202
325.0 0.09174740989692509
326.0 0.07981941453181207
327.0 0.07259722915478051
328.0 0.06537504377774894
329.0 0.06195515743456781
330.0 0.058535271091386676
331.0 0.05443551344797015
332.0 0.05033574998378754
333.0 0.048066829913295805
334.0 0.04579790402203798
335.0 0.04336835409048945
336.0 0.04093880706932396
337.0 0.04062083608005196
338.0 0.04030286509077996
339.0 0.03952464321628213
340.0 0.03874641552101821
341.0 0.037334830267354846
342.0 0.035923245013691485
343.0 0.03278417279943824
344.0 0.02964510058518499
345.0 0.02628631191328168
346.0 0.022927526151761413
347.0 0.020846501865889877
348.0 0.018765479035209864
349.0 0.017288143862970173
350.0 0.5656557157635689
351.0 0.9150253608822823
352.0 0.43793143704533577
353.0 0.9167819283902645
354.0 0.8933967910706997
355.0 0.8512177504599094
356.0 0.6396681535989046
357.0 0.6149775814265013
358.0 0.6221834104508162
359.0 0.8225254714488983
360.0 0.4520944319665432
361.0 0.6562523543834686
362.0 0.5974930245429277
363.0 0.7910422049462795
364.0 0.5380716174840927
365.0 0.903379637748003
366.0 0.5216737277805805
367.0 0.694156950339675
368.0 0.4787519574165344
369.0 0.512370839715004
370.0 0.46744104474782944
371.0 0.6597273051738739
372.0 0.39201537147164345
373.0 0.6236711982637644
374.0 0.40076905861496925
375.0 0.5094002466648817
376.0 0.4263276234269142
377.0 0.5029210355132818
378.0 0.44800383038818836
379.0 0.5290323868393898
380.0 0.35004522651433945
381.0 0.5620838142931461
382.0 0.5671698600053787
383.0 0.46440567821264267
384.0 0.6003882735967636
385.0 0.6110735703259706
386.0 0.7023897022008896
387.0 0.7520879153162241
388.0 0.9926775470376015
389.0 1.3345888815820217
390.0 2.0421909168362617
391.0 3.1319230794906616
392.0 4.84534278512001
393.0 7.645349204540253
394.0 11.537177860736847
395.0 16.644228994846344
396.0 22.91564643383026
397.0 30.834904313087463
398.0 39.81524407863617
399.0 49.49570596218109
400.0 58.99266004562378
401.0 67.8117036819458
402.0 75.66357851028442
403.0 81.87657594680786
404.0 86.27440333366394
405.0 89.54081535339355
406.0 91.1652684211731
407.0 92.47930645942688
408.0 93.19145679473877
409.0 93.48525404930115
410.0 93.51086020469666
411.0 93.3198630809784
412.0 92.97784566879272
413.0 92.73388981819153
414.0 92.54152178764343
415.0 92.83957481384277
416.0 93.31880211830139
417.0 93.66593360900879
418.0 94.17054057121277
419.0 94.75345611572266
420.0 95.16738653182983
421.0 95.75039744377136
422.0 95.80323100090027
423.0 96.00818157196045
424.0 95.81891894340515
425.0 95.62064409255981
426.0 95.58600783348083
427.0 95.5513060092926
428.0 95.38124799728394
429.0 95.26943564414978
430.0 95.14180421829224
431.0 95.29185891151428
432.0 95.37369012832642
433.0 95.45617699623108
434.0 95.47972679138184
435.0 95.53558230400085
436.0 95.62177658081055
437.0 95.58653235435486
438.0 95.68063616752625
439.0 95.80978751182556
440.0 95.80960869789124
441.0 95.97523808479309
442.0 95.88855504989624
443.0 95.78595161437988
444.0 95.61452865600586
445.0 95.39153575897217
446.0 95.25207877159119
447.0 95.07993459701538
448.0 95.21103501319885
449.0 95.48599123954773
450.0 95.6926167011261
451.0 95.92931270599365
452.0 96.16550207138062
453.0 96.25069499015808
454.0 96.2998628616333
455.0 96.56696915626526
456.0 96.64811491966248
457.0 96.82814478874207
458.0 96.83175683021545
459.0 96.80302143096924
460.0 96.807861328125
461.0 96.90607190132141
462.0 96.83640003204346
463.0 96.71753644943237
464.0 96.78850769996643
465.0 96.69890403747559
466.0 96.66388630867004
467.0 96.70360088348389
468.0 96.7472493648529
469.0 96.77262306213379
470.0 96.62660956382751
471.0 96.47208452224731
472.0 96.53332829475403
473.0 96.41706943511963
474.0 96.31118774414062
475.0 96.4262843132019
476.0 96.47654294967651
477.0 96.55405879020691
478.0 96.71126008033752
479.0 96.71621918678284
480.0 96.86652421951294
481.0 96.92551493644714
482.0 97.08601832389832
483.0 97.01842665672302
484.0 97.20128774642944
485.0 97.20737934112549
486.0 97.25928902626038
487.0 97.22390174865723
488.0 97.25861549377441
489.0 97.38421440124512
490.0 97.34873175621033
491.0 97.38565683364868
492.0 97.38379716873169
493.0 97.35826253890991
494.0 97.33661413192749
495.0 97.40641713142395
496.0 97.25699424743652
497.0 97.15977907180786
498.0 96.94767594337463
499.0 97.01769948005676
500.0 96.9569742679596
501.0 96.92196846008301
502.0 96.8864917755127
503.0 97.02461361885071
504.0 96.87822461128235
505.0 96.87779545783997
506.0 96.92208170890808
507.0 96.79496884346008
508.0 96.8339204788208
509.0 96.83968424797058
510.0 96.76913022994995
511.0 96.79520726203918
512.0 96.69010043144226
513.0 96.80384993553162
514.0 96.71175479888916
515.0 96.80361151695251
516.0 96.9483733177185
517.0 96.94626331329346
518.0 96.99360132217407
519.0 96.99693322181702
520.0 97.05156087875366
521.0 97.1451461315155
522.0 97.115159034729
523.0 97.08490371704102
524.0 97.1002459526062
525.0 97.03194499015808
526.0 97.14904427528381
527.0 97.11259007453918
528.0 97.17473983764648
529.0 97.2513198852539
530.0 97.24462032318115
531.0 97.37860560417175
532.0 97.24920988082886
533.0 97.20609784126282
534.0 97.12342023849487
535.0 96.86356782913208
536.0 96.32261991500854
537.0 95.58461308479309
538.0 94.62940096855164
539.0 92.92885661125183
540.0 90.91930389404297
541.0 87.8888726234436
542.0 84.75866317749023
543.0 80.60725331306458
544.0 75.6264865398407
545.0 71.14001512527466
546.0 65.96263647079468
547.0 61.486899852752686
548.0 57.19679594039917
549.0 53.60732674598694
550.0 50.94345808029175
551.0 48.405107855796814
552.0 46.32542431354523
553.0 43.86453926563263
554.0 40.646892786026
555.0 36.87111735343933
556.0 31.886985898017883
557.0 26.325055956840515
558.0 20.58473825454712
559.0 15.310357511043549
560.0 10.643656551837921
561.0 6.674804538488388
562.0 3.9580874145030975
563.0 2.1407969295978546
564.0 1.1066806502640247
565.0 0.5227553192526102
566.0 0.3006688551977277
567.0 0.15794223872944713
568.0 0.09814242366701365
569.0 0.06629616837017238
570.0 0.05592145607806742
571.0 0.044872506987303495
572.0 0.047761364839971066
573.0 0.022973085287958384
574.0 0.0315492128720507
575.0 0.028017486329190433
576.0 0.027686392422765493
577.0 0.017646940250415355
578.0 0.026148324832320213
579.0 0.02875927311833948
580.0 0.02222213806817308
581.0 0.018897622067015618
582.0 0.014599344285670668
583.0 0.01662392751313746
584.0 0.026711635291576385
585.0 0.013065975508652627
586.0 0.014854807523079216
587.0 0.018481427105143666
588.0 0.022730640193913132
589.0 0.013436737935990095
590.0 0.017688485968392342
591.0 0.006122956256149337
592.0 0.004342149259173311
593.0 0.008314626757055521
594.0 0.006578471220564097
595.0 0.01103656177292578
596.0 0.017351018323097378
597.0 0.004600776082952507
598.0 0.005557926851906814
599.0 0.014058178931009024
600.0 0.00852284356369637
601.0 0.001957309359568171
602.0 0.0019904491637134925
603.0 0.0020235889678588137
604.0 0.0019949804482166655
605.0 0.001966371746675577
606.0 0.001959956352948211
607.0 0.001953540777321905
608.0 0.00181048580998322
609.0 0.0016674306607455947
610.0 0.0017842270608525723
611.0 0.00190102346095955
612.0 0.0018608310710988007
613.0 0.0018206386812380515
614.0 0.0017741349438438192
615.0 0.001727631206449587
616.0 0.0015831728887860663
617.0 0.0014387145711225457
618.0 0.0015561405234620906
619.0 0.0016735666577005759
620.0 0.001573021654621698
621.0 0.0014724762877449393
622.0 0.0014037756045581773
623.0 0.0013350746485230047
624.0 0.0013935517927166075
625.0 0.0014520292097586207
626.0 0.0014527823623211589
627.0 0.0014535353329847567
628.0 0.0014376913895830512
629.0 0.0014218473552318756
630.0 0.0014464881132880691
631.0 0.0014711287803947926
632.0 0.0013869687791157048
633.0 0.0013028090506850276
634.0 0.0013072274668957107
635.0 0.001311645974055864
636.0 0.0013439768736134283
637.0 0.0013763076822215226
638.0 0.0012101215361326467
639.0 0.0010439352990943007
640.0 0.001165091453003697
641.0 0.0012862476978625637
642.0 0.0012389707990223542
643.0 0.001191694082081085
644.0 0.0011960548363276757
645.0 0.0012004160453216173
646.0 0.0012500976481533144
647.0 0.0012997793419344816
648.0 0.0013024598047195468
649.0 0.001305140267504612
650.0 0.0012261203664820641
651.0 0.0011471001926111057
652.0 0.0011939054274989758
653.0 0.0012407106623868458
654.0 0.001246975898538949
655.0 0.0012532411346910521
656.0 0.0011463854207249824
657.0 0.0010395297977083828
658.0 0.0010869154721149243
659.0 0.0011343010555719957
660.0 0.0010320252840756439
661.0 0.0009297492397308815
662.0 0.0010289059900969733
663.0 0.0011280626495135948
664.0 0.0011828402421087958
665.0 0.0012376173799566459
666.0 0.0012229894309712108
667.0 0.0012083616638847161
668.0 0.0012014788808301091
669.0 0.0011945959158765618
670.0 0.0012682077795034274
671.0 0.0013418199159787036
672.0 0.0011798767445725389
673.0 0.0010179338460147846
674.0 0.0010321750778530259
675.0 0.0010464161277923267
676.0 0.0010363054570916574
677.0 0.0010261943316436373
678.0 0.0010100193321704865
679.0 0.0009938443326973356
680.0 0.0010014360668719746
681.0 0.0010090281648444943
682.0 0.0010463261787663214
683.0 0.001083624465536559
684.0 0.0009955947462003678
685.0 0.0009075650268641766
686.0 0.0009176457751891576
687.0 0.0009277266144636087
688.0 0.0009275237061956432
689.0 0.0009273207069782075
690.0 0.0010383244443801232
691.0 0.001149328272731509
692.0 0.0011111842468380928
693.0 0.0010730403118941467
694.0 0.0010459405530127697
695.0 0.0010188407941313926
696.0 0.0011113244909211062
697.0 0.0012038085515087005
698.0 0.001229836379934568
699.0 0.0012558642993099056
700.0 0.0012625109775399324
701.0 0.001269157655769959
702.0 0.001209900074172765
703.0 0.0011506423106766306
704.0 0.0011156113941979129
705.0 0.0010805801139213145
706.0 0.0011149094461870845
707.0 0.0011492385965539142
708.0 0.0011760223969758954
709.0 0.0012028063792968169
710.0 0.0012674045137828216
711.0 0.0013320026482688263
712.0 0.0013572705029218923
713.0 0.001382538175676018
714.0 0.0013831529031449463
715.0 0.0013837676306138746
716.0 0.001464527849748265
717.0 0.0015452882507815957
718.0 0.001684832022874616
719.0 0.0018243759768665768
720.0 0.0015756451830384322
721.0 0.0013269142982608173
722.0 0.0014175855540088378
723.0 0.0015082569007063285
724.0 0.0015196919775917195
725.0 0.0015311266906792298
726.0 0.0016258583855233155
727.0 0.0017205897165695205
728.0 0.0018112832549377345
729.0 0.001901976611407008
730.0 0.0018915026885224506
731.0 0.0018810289475368336
732.0 0.00182640396815259
733.0 0.0017717789887683466
734.0 0.001572975452290848
735.0 0.0013741717339144088
736.0 0.0012229179446876515
737.0 0.001071664155460894
738.0 0.0010349346666771453
739.0 0.0009982050869439263
740.0 0.0009155803127214313
741.0 0.000832955447549466
742.0 0.0008806407095107716
743.0 0.0009283262443204876
744.0 0.0009123050404014066
745.0 0.0008962837455328554
746.0 0.0008056471415329725
747.0 0.0007150103556341492
748.0 0.0008178675670933444
749.0 0.0009207246876030695
750.0 0.001020354284264613
751.0 0.0011199839718756266
752.0 0.001012615393847227
753.0 0.0009052467248693574
754.0 0.000824929702503141
755.0 0.0007446125437127193
756.0 0.0007162340352806496
757.0 0.0006878556177980499
758.0 0.0008076581252680626
759.0 0.0009274607691622805
760.0 0.0009035666153067723
761.0 0.0008796721886028536
762.0 0.0008389219146920368
763.0 0.0007981714588822797
764.0 0.0006976742497499799
765.0 0.0005971771770418854
766.0 0.0005647135367325973
767.0 0.0005322498964233091
768.0 0.0006396018306986662
769.0 0.0007469538104487583
770.0 0.0007281541911652312
771.0 0.0007093546628311742
772.0 0.0006908912837388925
773.0 0.0006724276772729354
774.0 0.0006017142368364148
775.0 0.000531000705450424
776.0 0.000619334014118067
777.0 0.00070766732278571
778.0 0.0006307857347565005
779.0 0.000553904192202026
780.0 0.0006676772500213701
781.0 0.0007814503987901844
782.0 0.0005854037681274349
783.0 0.00038935722841415554
784.0 0.00028785414087906247
785.0 0.00018635107608133694
786.0 0.0002443960966047598
787.0 0.0003024411398655502
788.0 0.00035043076422880404
789.0 0.00039842047954152804
790.0 0.00035384850889386144
791.0 0.00030927665193303255
792.0 0.00028198064683238044
793.0 0.0002546846644690959
794.0 0.0002456905804137932
795.0 0.00023669649635849055
796.0 0.00022275162336882204
797.0 0.00020880675037915353
798.0 0.00024891644443414407
799.0 0.00028902616122650215
800.0 0.0004441406417754479
801.0 0.0005992551450617611
802.0 0.0005436015726445476
803.0 0.000487948000227334
804.0 0.0004952983090333873
805.0 0.0005026485723647056
806.0 0.0004777198682859307
807.0 0.00045279111873242073
808.0 0.0004356611952971434
809.0 0.0004185313173366012
810.0 0.00034207066619273974
811.0 0.0002656099923115107
812.0 0.00031819124615140026
813.0 0.00037077252272865735
814.0 0.00043393515625211876
815.0 0.0004970977443008451
816.0 0.0005440861514216522
817.0 0.0005910746494919294
818.0 0.00041715693441801704
819.0 0.00024323921934410464
820.0 0.0002581818307589856
821.0 0.000273124419436499
822.0 0.0003765807150557521
823.0 0.0004800369879376376
824.0 0.000501388331031194
825.0 0.0005227396286500152
826.0 0.0005056558165961178
827.0 0.0004885720500169555
828.0 0.00043471536628203467
829.0 0.0003808587052844814
830.0 0.000383157976102666
831.0 0.00038545717870874796
832.0 0.00031156637305684853
833.0 0.0002376755674049491
834.0 0.00026005186555266846
835.0 0.0002824280954882852
836.0 0.00036996220842411276
837.0 0.0004574962531478377
838.0 0.0004958395493304124
839.0 0.0005341828909877222
840.0 0.0004270501904102275
841.0 0.00031991751257010037
842.0 0.00033482319850008935
843.0 0.0003497289299048134
844.0 0.0005094041625852697
845.0 0.0006690793270536233
846.0 0.0005733657417295035
847.0 0.00047765201998117846
848.0 0.00040855716179066803
849.0 0.0003394622581254225
850.0 0.00029283849016792374
851.0 0.0002462146994730574
852.0 0.0001458982637814188
853.0 4.558181387892546e-05
854.0 0.00015327884739235742
855.0 0.0002609758439575671
856.0 0.00016922342638281407
857.0 7.74710144924029e-05
858.0 0.0002003012014029082
859.0 0.0003231314167351229
860.0 0.0004051335054100491
861.0 0.0004871355486102402
862.0 0.00047256880861823447
863.0 0.0004580021141009638
864.0 0.0004253198767401045
865.0 0.00039263763937924523
866.0 0.000526227358932374
867.0 0.0006598170784855029
868.0 0.0004702303158410359
869.0 0.00028064353045920143
870.0 0.00034855718240578426
871.0 0.00041647085708973464
872.0 0.0003656560920717311
873.0 0.0003148413270537276
874.0 0.0005562192200159188
875.0 0.0007975971129781101
876.0 0.0005516209512279602
877.0 0.0003056448122151778
878.0 0.00046703162297490053
879.0 0.0006284184564719908
880.0 0.0006866634066682309
881.0 0.0007449084932886763
882.0 0.0005714815870305756
883.0 0.00039805472624721006
884.0 0.00046647046474390663
885.0 0.0005348861577658681
886.0 0.0006109475179982837
887.0 0.0006870088782306993
888.0 0.0006003419002809096
889.0 0.0005136749223311199
890.0 0.0005918327588005923
891.0 0.0006699906862195348
892.0 0.0006337660124700051
893.0 0.0005975414296699455
894.0 0.00048380184125562664
895.0 0.00037006229831604287
896.0 0.00037837257877981756
897.0 0.00038668290471832734
898.0 0.0003739928843060625
899.0 0.0003613028638937976
900.0 0.0003599804585974198
901.0 0.0003586580760384095
902.0 0.00041867047002597246
903.0 0.0004786828412761679
904.0 0.0004937164703733288
905.0 0.0005087500539957546
