lsstCam/transmission_filter_detector/r33_s20/g_6/19700101T000000.ecsv
# %ECSV 1.0
# ---
# datatype:
# - {name: wavelength, unit: nm, datatype: float32}
# - {name: efficiency, unit: '%', datatype: float64}
# meta: !!omap
# - {MODE: DETECTOR}
# - {TYPE: transmission_filter_detector}
# - {CALIBDATE: '1970-01-01T00:00:00'}
# - {INSTRUME: LSSTCam}
# - {OBSTYPE: transmission_filter_detector}
# - {CALIBCLS: lsst.ip.isr.IntermediateFilterDetectorTransmissionCurve}
# - {SOURCE: Materion (DM-46256)}
# - {DETECTOR: 150}
# - {FILTER: g_6}
# - {CALIB_ID: 'calibDate=1970-01-01T00:00:00 filter=g_6 detector=150'}
# - {DATE: '2025-04-02T15:59:42.721418'}
# - {CALIB_CREATION_DATE: '2025-04-02'}
# - {CALIB_CREATION_TIME: '15:59:42'}
# - __serialized_columns__:
#     efficiency:
#       __class__: astropy.units.quantity.Quantity
#       unit: !astropy.units.Unit {unit: '%'}
#       value: !astropy.table.SerializedColumn {name: efficiency}
#     wavelength:
#       __class__: astropy.units.quantity.Quantity
#       unit: !astropy.units.Unit {unit: nm}
#       value: !astropy.table.SerializedColumn {name: wavelength}
# schema: astropy-2.0
wavelength efficiency
[from data line 608]
908.0 0.0003910031864506891
909.0 0.0004087968136445852
910.0 0.0003993569862359436
911.0 0.00038991715882730205
912.0 0.0004440167231223313
913.0 0.0004981163328920957
914.0 0.000535195931661292
915.0 0.0005722756213799585
916.0 0.00037212917050055694
917.0 0.00017198278783325804
918.0 0.0002755072046056739
919.0 0.0003790315986407222
920.0 0.0004198803253530059
921.0 0.0004607290520652896
922.0 0.0003780648512474727
923.0 0.0002954006959043909
924.0 0.00034128477182093775
925.0 0.0003871688477374846
926.0 0.0003714617378136609
927.0 0.0003557546051524696
928.0 0.0004319639629102312
929.0 0.0005081732979306253
930.0 0.0004853036898566643
931.0 0.0004624341272574384
932.0 0.0005192523985897424
933.0 0.0005760706699220464
934.0 0.0006245414624572732
935.0 0.0006730121185682947
936.0 0.0006475771442637779
937.0 0.0006221422609087313
938.0 0.0005061580850451719
939.0 0.0003901740456058178
940.0 0.00044058760977350175
941.0 0.0004910011284664506
942.0 0.0005542420240089996
943.0 0.0006174830105010187
944.0 0.0005463200068334118
945.0 0.0004751570031658048
946.0 0.0007272741186170606
947.0 0.0009793912795430515
948.0 0.0008838283065415453
949.0 0.0007882651516410988
950.0 0.0006309403033810668
951.0 0.0004736153186968295
952.0 0.0007285037554538576
953.0 0.0009833922376856208
954.0 0.0009543531632516533
955.0 0.0009253140888176858
956.0 0.0007871210073062684
957.0 0.0006489280167443212
958.0 0.0006702921837131726
959.0 0.0006916562142578186
960.0 0.0007717790140304714
961.0 0.0008519017683283892
962.0 0.0007396251476166071
963.0 0.00062734848143009
964.0 0.0005832890110468725
965.0 0.0005392294951889198
966.0 0.000570622523810016
967.0 0.0006020155524311122
968.0 0.0006589739768969594
969.0 0.0007159324013628066
970.0 0.0006765847047063289
971.0 0.0006372369625751162
972.0 0.0006729942015226698
973.0 0.0007087514404702233
974.0 0.0006632887561863754
975.0 0.0006178260264277924
976.0 0.0007631104381289333
977.0 0.0009083946679311339
978.0 0.0008793071174295619
979.0 0.0008502193850290496
980.0 0.0008159859135048464
981.0 0.0007817525329301134
982.0 0.000899236329132691
983.0 0.0010167199434363283
984.0 0.001143421650340315
985.0 0.0012701233572443016
986.0 0.0012520569725893438
987.0 0.0012339908607827965
988.0 0.0012274503205844667
989.0 0.0012209096894366667
990.0 0.0012770747161994223
991.0 0.0013332396520127077
992.0 0.0013455996850098018
993.0 0.0013579596270574257
994.0 0.0014130711861071177
995.0 0.0014681828361062799
996.0 0.0013993595530337188
997.0 0.0013305362699611578
998.0 0.0013132162166584749
999.0 0.0012958963452547323
1000.0 0.0012498971955210436
1001.0 0.001203898045787355
1002.0 0.001217405588249676
1003.0 0.001230913130711997
1004.0 0.001282568700844422
1005.0 0.0013342241800273769
1006.0 0.0013807592949888203
1007.0 0.0014272945918492042
1008.0 0.0013459815818350762
1009.0 0.001264668389922008
1010.0 0.0014032195394975133
1011.0 0.001541770870971959
1012.0 0.001501363658462651
1013.0 0.0014609562640544027
1014.0 0.0017498507077107206
1015.0 0.002038744969468098
1016.0 0.00215739546547411
1017.0 0.002276045961480122
1018.0 0.002503344148863107
1019.0 0.0027306427000439726
1020.0 0.0027794496418209746
1021.0 0.0028282569473958574
1022.0 0.0031282725103665143
1023.0 0.003428287891438231
1024.0 0.0035733701224671677
1025.0 0.0037184523534961045
1026.0 0.003997966996394098
1027.0 0.004277482003089972
1028.0 0.004424926737556234
1029.0 0.004572371835820377
1030.0 0.0046878154535079375
1031.0 0.0048032597987912595
1032.0 0.004915969839203171
1033.0 0.005028680243412964
1034.0 0.005111981954541989
1035.0 0.005195284393266775
1036.0 0.005322045399225317
1037.0 0.005448806405183859
1038.0 0.005511262133950368
1039.0 0.0055737171351211146
1040.0 0.00579514198761899
1041.0 0.006016566476318985
1042.0 0.006098133235354908
1043.0 0.00617969999439083
1044.0 0.006394008232746273
1045.0 0.006608316471101716
1046.0 0.007299307617358863
1047.0 0.007990297308424488
1048.0 0.008635210542706773
1049.0 0.009280123776989058
1050.0 0.010754290269687772
1051.0 0.012228456034790725
1052.0 0.014636984269600362
1053.0 0.01704551395960152
1054.0 0.020401185611262918
1055.0 0.023756854352541268
1056.0 0.028544303495436907
1057.0 0.033331746817566454
1058.0 0.03994079306721687
1059.0 0.046549836406484246
1060.0 0.05455370992422104
1061.0 0.06255757180042565
1062.0 0.07101165247149765
1063.0 0.07946573314256966
1064.0 0.08799711940810084
1065.0 0.09652850567363203
1066.0 0.10411008261144161
1067.0 0.11169165372848511
1068.0 0.11987469624727964
1069.0 0.12805773876607418
1070.0 0.13738282723352313
1071.0 0.14670791570097208
1072.0 0.15604033833369613
1073.0 0.16537277260795236
1074.0 0.17581620486453176
1075.0 0.18625963712111115
1076.0 0.1960157649591565
1077.0 0.20577195100486279
1078.0 0.21506762132048607
1079.0 0.22436331491917372
1080.0 0.2371033187955618
1081.0 0.2498432993888855
1082.0 0.26563338469713926
1083.0 0.28142347000539303
1084.0 0.3088486846536398
1085.0 0.33627385273575783
1086.0 0.37222339306026697
1087.0 0.4081729333847761
1088.0 0.4551385995000601
1089.0 0.502104265615344
1090.0 0.5626683123409748
1091.0 0.623232452198863
1092.0 0.6957646459341049
1093.0 0.7682970259338617
1094.0 0.8411887101829052
1095.0 0.9140806272625923
1096.0 0.9644190780818462
1097.0 1.0147574357688427
1098.0 1.0926407761871815
1099.0 1.1705242097377777
1100.0 1.2917698360979557
1101.0 1.4130153693258762
