lsstCam/transmission_filter_detector/r33_s20/g_6/19700101T000000.ecsv
# %ECSV 1.0
# ---
# datatype:
# - {name: wavelength, unit: nm, datatype: float32}
# - {name: efficiency, unit: '%', datatype: float64}
# meta: !!omap
# - {MODE: DETECTOR}
# - {TYPE: transmission_filter_detector}
# - {CALIBDATE: '1970-01-01T00:00:00'}
# - {INSTRUME: LSSTCam}
# - {OBSTYPE: transmission_filter_detector}
# - {CALIBCLS: lsst.ip.isr.IntermediateFilterDetectorTransmissionCurve}
# - {SOURCE: Materion (DM-46256)}
# - {DETECTOR: 150}
# - {FILTER: g_6}
# - {CALIB_ID: 'calibDate=1970-01-01T00:00:00 filter=g_6 detector=150'}
# - {DATE: '2025-04-02T15:59:42.721418'}
# - {CALIB_CREATION_DATE: '2025-04-02'}
# - {CALIB_CREATION_TIME: '15:59:42'}
# - __serialized_columns__:
#     efficiency:
#       __class__: astropy.units.quantity.Quantity
#       unit: !astropy.units.Unit {unit: '%'}
#       value: !astropy.table.SerializedColumn {name: efficiency}
#     wavelength:
#       __class__: astropy.units.quantity.Quantity
#       unit: !astropy.units.Unit {unit: nm}
#       value: !astropy.table.SerializedColumn {name: wavelength}
# schema: astropy-2.0
wavelength efficiency
300.0 0.3451432101428509
301.0 0.29916244093328714
302.0 0.2531816717237234
303.0 0.24210377596318722
304.0 0.23102595005184412
305.0 0.22630461025983095
306.0 0.22158327046781778
307.0 0.2160258824005723
308.0 0.21046847105026245
309.0 0.20171119831502438
310.0 0.19295391393825412
311.0 0.19335933029651642
312.0 0.19376473501324654
313.0 0.18971975659951568
314.0 0.18567480146884918
315.0 0.18063047900795937
316.0 0.17558616818860173
317.0 0.1733076642267406
318.0 0.17102914862334728
319.0 0.15937616117298603
320.0 0.1477231504395604
321.0 0.13965622056275606
322.0 0.13158925576135516
323.0 0.1163019915111363
324.0 0.10101471561938524
325.0 0.08939908002503216
326.0 0.07778344443067908
327.0 0.07336682756431401
328.0 0.06895021651871502
329.0 0.063465372659266
330.0 0.057980528799816966
331.0 0.054275215370580554
332.0 0.05056990194134414
333.0 0.04730301152449101
334.0 0.04403611819725484
335.0 0.04225554293952882
336.0 0.04047496768180281
337.0 0.0404605467338115
338.0 0.040446119965054095
339.0 0.03981692425440997
340.0 0.03918772272299975
341.0 0.03735610225703567
342.0 0.03552447888068855
343.0 0.032541280961595476
344.0 0.029558080132119358
345.0 0.025942595675587654
346.0 0.022327108308672905
347.0 0.02051545598078519
348.0 0.018703805108089
349.0 0.017451902385801077
350.0 0.5149634554982185
351.0 1.1634662747383118
352.0 0.919119268655777
353.0 0.648938724771142
354.0 0.7706358097493649
355.0 1.0310564190149307
356.0 0.8149039000272751
357.0 1.1418253183364868
358.0 0.4370624665170908
359.0 0.8805533871054649
360.0 0.5282052792608738
361.0 0.8308631367981434
362.0 0.40270271711051464
363.0 0.897809024900198
364.0 0.4091791808605194
365.0 0.8048104122281075
366.0 0.44003655202686787
367.0 0.6887748371809721
368.0 0.4068367648869753
369.0 0.5979175213724375
370.0 0.3903303062543273
371.0 0.5632224027067423
372.0 0.3694668645039201
373.0 0.6837345659732819
374.0 0.41413367725908756
375.0 0.6033299956470728
376.0 0.345303351059556
377.0 0.47388910315930843
378.0 0.35775627475231886
379.0 0.5771078169345856
380.0 0.39537735283374786
381.0 0.5009541753679514
382.0 0.5842998158186674
383.0 0.5248771980404854
384.0 0.5687421187758446
385.0 0.613977899774909
386.0 0.5689567420631647
387.0 0.6969301961362362
388.0 0.8185488171875477
389.0 1.1797971092164516
390.0 1.5854084864258766
391.0 2.493339404463768
392.0 3.915805369615555
393.0 6.28785640001297
394.0 9.509064257144928
395.0 13.92703503370285
396.0 19.487763941287994
397.0 26.42957866191864
398.0 34.73773002624512
399.0 43.76963973045349
400.0 53.17169427871704
401.0 62.282174825668335
402.0 70.84012627601624
403.0 78.24561595916748
404.0 83.85868668556213
405.0 88.12291622161865
406.0 90.54604172706604
407.0 92.57411360740662
408.0 93.69052648544312
409.0 94.3806529045105
410.0 94.66670155525208
411.0 94.52521800994873
412.0 94.2121684551239
413.0 93.94420385360718
414.0 93.7987744808197
415.0 93.91695261001587
416.0 94.20357942581177
417.0 94.5033311843872
418.0 95.04109025001526
419.0 95.57933211326599
420.0 96.09366655349731
421.0 96.69764041900635
422.0 96.87383770942688
423.0 97.15054631233215
424.0 96.91999554634094
425.0 96.88394665718079
426.0 96.85159921646118
427.0 96.87097072601318
428.0 96.65753841400146
429.0 96.49335741996765
430.0 96.29948139190674
431.0 96.28793597221375
432.0 96.40576243400574
433.0 96.47716879844666
434.0 96.53940200805664
435.0 96.65499925613403
436.0 96.76549434661865
437.0 96.79116606712341
438.0 96.79011106491089
439.0 96.89604640007019
440.0 96.88466787338257
441.0 96.98454737663269
442.0 97.00614213943481
443.0 96.97099328041077
444.0 96.96403741836548
445.0 96.67056202888489
446.0 96.56277298927307
447.0 96.35382294654846
448.0 96.35964035987854
449.0 96.50276899337769
450.0 96.73117399215698
451.0 96.90659642219543
452.0 97.08826541900635
453.0 97.19644784927368
454.0 97.29136824607849
455.0 97.53268361091614
456.0 97.66654372215271
457.0 97.81269431114197
458.0 97.78639078140259
459.0 97.86887168884277
460.0 97.88066148757935
461.0 98.0722188949585
462.0 97.9067862033844
463.0 97.92008399963379
464.0 98.02215099334717
465.0 97.92527556419373
466.0 97.95610904693604
467.0 97.93497323989868
468.0 97.952139377594
469.0 98.01060557365417
470.0 97.87503480911255
471.0 97.73262143135071
472.0 97.85354733467102
473.0 97.72769808769226
474.0 97.51662015914917
475.0 97.5928008556366
476.0 97.59159088134766
477.0 97.60587215423584
478.0 97.72177338600159
479.0 97.72422313690186
480.0 97.91853427886963
481.0 97.97745943069458
482.0 98.12375903129578
483.0 98.07398319244385
484.0 98.2215404510498
485.0 98.28243255615234
486.0 98.27365279197693
487.0 98.30436110496521
488.0 98.31169247627258
489.0 98.42826128005981
490.0 98.37437272071838
491.0 98.41001033782959
492.0 98.29211831092834
493.0 98.30459952354431
494.0 98.23390245437622
495.0 98.3372688293457
496.0 98.14221858978271
497.0 98.0611801147461
498.0 97.8837788105011
499.0 97.94883728027344
500.0 97.90573120117188
501.0 97.85155653953552
502.0 97.72929549217224
503.0 97.89406657218933
504.0 97.71358370780945
505.0 97.68749475479126
506.0 97.73377776145935
507.0 97.69085645675659
508.0 97.71016836166382
509.0 97.68115282058716
510.0 97.66932725906372
511.0 97.63197898864746
512.0 97.5073516368866
513.0 97.60903716087341
514.0 97.57620096206665
515.0 97.61890172958374
516.0 97.71315455436707
517.0 97.70530462265015
518.0 97.77517318725586
519.0 97.769296169281
520.0 97.82427549362183
521.0 97.98381328582764
522.0 97.96720147132874
523.0 97.955721616745
524.0 98.02238345146179
525.0 97.94123768806458
526.0 98.098886013031
527.0 98.05275797843933
528.0 98.1574535369873
529.0 98.23397397994995
530.0 98.23863506317139
531.0 98.4245240688324
532.0 98.27523827552795
533.0 98.24585318565369
534.0 98.32348227500916
535.0 98.12682271003723
536.0 97.82417416572571
537.0 97.30554223060608
538.0 96.6504454612732
539.0 95.37266492843628
540.0 93.79396438598633
541.0 91.30207300186157
542.0 88.65811824798584
543.0 85.17606854438782
544.0 80.71032762527466
545.0 76.70987248420715
546.0 71.78470492362976
547.0 67.14300513267517
548.0 62.538617849349976
549.0 58.279621601104736
550.0 54.9371600151062
551.0 51.67473554611206
552.0 49.23425614833832
553.0 46.74611985683441
554.0 43.98128390312195
555.0 40.90329706668854
556.0 36.915332078933716
557.0 32.19237923622131
558.0 26.928237080574036
559.0 21.63505256175995
560.0 16.38464480638504
561.0 11.414490640163422
562.0 7.509521394968033
563.0 4.535691067576408
564.0 2.5443976745009422
565.0 1.2496404349803925
566.0 0.6778242997825146
567.0 0.32549912575632334
568.0 0.20877458155155182
569.0 0.11525468435138464
570.0 0.09401418501511216
571.0 0.0597907230257988
572.0 0.06365780136547983
573.0 0.03851872752420604
574.0 0.04086382396053523
575.0 0.03492814430501312
576.0 0.03475979610811919
577.0 0.024162516638170928
578.0 0.03558572207111865
579.0 0.022810083464719355
580.0 0.02303421206306666
581.0 0.021258251217659563
582.0 0.034802890149876475
583.0 0.02531367354094982
584.0 0.014747468230780214
585.0 0.009094249253394082
586.0 0.026599684497341514
587.0 0.020388240227475762
588.0 0.02550981880631298
589.0 0.01969072036445141
590.0 0.028338367701508105
591.0 0.012180582416476682
592.0 0.017710606334730983
593.0 0.01229191548191011
594.0 0.01807104708859697
595.0 0.004931501098326407
596.0 0.009365464211441576
597.0 0.0060219324950594455
598.0 0.023102217528503388
599.0 0.012867216719314456
600.0 0.013523967936635017
601.0 0.002284398397023324
602.0 0.002198285255872179
603.0 0.0021121719328220934
604.0 0.002119818418577779
605.0 0.002127464904333465
606.0 0.0020204997781547718
607.0 0.0019135346519760787
608.0 0.0019708022591657937
609.0 0.002028069684456568
610.0 0.002011280957958661
611.0 0.0019944920495618135
612.0 0.0019213008272345178
613.0 0.0018481097868061624
614.0 0.0018236776668345556
615.0 0.001799245728761889
616.0 0.0016566227714065462
617.0 0.0015139997231017333
618.0 0.0015711091691628098
619.0 0.001628218888072297
620.0 0.0015320336387958378
621.0 0.001435848116670968
622.0 0.0015622214050381444
623.0 0.00168859423865797
624.0 0.0016691301425453275
625.0 0.001649666046432685
626.0 0.001518895078334026
627.0 0.001388124110235367
628.0 0.0014569959603250027
629.0 0.001525867628515698
630.0 0.0014558489965565968
631.0 0.0013858303645974956
632.0 0.0013875646800443064
633.0 0.0013892990864405874
634.0 0.0014519625437969808
635.0 0.001514625910203904
636.0 0.0014549442312272731
637.0 0.0013952625522506423
638.0 0.001335220440523699
639.0 0.0012751782378472853
640.0 0.001275457179872319
641.0 0.0012757361218973529
642.0 0.001214078929479001
643.0 0.0011524218280101195
644.0 0.0011191425983270165
645.0 0.0010858637324417941
646.0 0.0011583065315790009
647.0 0.0012307493307162076
648.0 0.001330945724475896
649.0 0.0014311420272861142
650.0 0.0012901324225822464
651.0 0.0011491227269289084
652.0 0.0011652989087451715
653.0 0.0011814751815109048
654.0 0.0012098815204808488
655.0 0.0012382880413497332
656.0 0.0012192695066914894
657.0 0.0012002510629827157
658.0 0.0011550576346053276
659.0 0.00110986438812688
660.0 0.0010909633601841051
661.0 0.0010720619684434496
662.0 0.001043687643687008
663.0 0.0010153132279810961
664.0 0.0011254594937781803
665.0 0.0012356058505247347
666.0 0.0012029445315420162
667.0 0.0011702830306603573
668.0 0.0012123471606173553
669.0 0.0012544110177259427
670.0 0.0012228326340846252
671.0 0.0011912540685443673
672.0 0.0010824525816133246
673.0 0.0009736513675306924
674.0 0.0010307945558452047
675.0 0.0010879378351091873
676.0 0.001017128579405835
677.0 0.0009463192327530123
678.0 0.0009328555279353168
679.0 0.0009193917321681511
680.0 0.0009563036655890755
681.0 0.0009932158718584105
682.0 0.000968377662502462
683.0 0.0009435398169443943
684.0 0.0008661891115480103
685.0 0.0007888383152021561
686.0 0.0008831290870148223
687.0 0.0009774198588274885
688.0 0.0010178846423514187
689.0 0.0010583495168248191
690.0 0.0010893423677771352
691.0 0.0011203352187294513
692.0 0.0010644415851857048
693.0 0.0010085480425914284
694.0 0.0010366419701313134
695.0 0.0010647360795701388
696.0 0.0010929589734587353
697.0 0.0011211821401957422
698.0 0.0011175908184668515
699.0 0.001113999587687431
700.0 0.0011257629012106918
701.0 0.0011375259418855421
702.0 0.0012277755558898207
703.0 0.0013180249879951589
704.0 0.0012608911674760748
705.0 0.0012037570741085801
706.0 0.0011469398486951832
707.0 0.0010901226232817862
708.0 0.0010719813872128725
709.0 0.001053840242093429
710.0 0.0011219690350117162
711.0 0.0011900978279300034
712.0 0.0012993203199584968
713.0 0.00140854263008805
714.0 0.001376951240672497
715.0 0.0013453598512569442
716.0 0.0014009467122377828
717.0 0.0014565338460670318
718.0 0.0015158862879616208
719.0 0.00157523882080568
720.0 0.001398499352944782
721.0 0.0012217595212860033
722.0 0.0013537472113966942
723.0 0.0014857351743557956
724.0 0.0015920262740110047
725.0 0.0016983172827167436
726.0 0.0017651347661740147
727.0 0.001831952431530226
728.0 0.0018083790564560331
729.0 0.0017848056813818403
730.0 0.0018748387446976267
731.0 0.001964871808013413
732.0 0.001815834730223287
733.0 0.001666797834332101
734.0 0.0015395322407130152
735.0 0.0014122666470939294
736.0 0.0012729364243568853
737.0 0.001133606110670371
738.0 0.0010883223694690969
739.0 0.001043038719217293
740.0 0.0008796750989858992
741.0 0.0007163115242292406
742.0 0.0008073128810792696
743.0 0.0008983142834040336
744.0 0.0008606741175753996
745.0 0.0008230338607972953
746.0 0.0007235202247102279
747.0 0.0006240065431484254
748.0 0.0007081638614181429
749.0 0.0007923212251625955
750.0 0.0008367127520614304
751.0 0.0008811044608592056
752.0 0.0009252245945390314
753.0 0.0009693447282188572
754.0 0.0009025955478136893
755.0 0.0008358463674085215
756.0 0.0008493725545122288
757.0 0.0008628985597169958
758.0 0.0008034199709072709
759.0 0.0007439417004206916
760.0 0.0008543423064111266
761.0 0.0009647428669268265
762.0 0.0008351763426617254
763.0 0.0007056097729218891
764.0 0.0006145657152956119
765.0 0.0005235217940935399
766.0 0.000655505982649629
767.0 0.0007874901712057181
768.0 0.0006882127763674362
769.0 0.0005889353815291543
770.0 0.0005917368071095552
771.0 0.0005945382781646913
772.0 0.0005528213023353601
773.0 0.0005111042355565587
774.0 0.0005383268671721453
775.0 0.0005655494533129968
776.0 0.0006131876943982206
777.0 0.000660825662635034
778.0 0.0006449941338360077
779.0 0.0006291626050369814
780.0 0.0006978931651246967
781.0 0.0007666236342629418
782.0 0.0006569005563505925
783.0 0.0005471775239129784
784.0 0.0004405293566378532
785.0 0.0003338813257869333
786.0 0.000414294436268392
787.0 0.0004947076376993209
788.0 0.0004662499122787267
789.0 0.0004377921868581325
790.0 0.00043526374611246865
791.0 0.0004327353508415399
792.0 0.000489758849653299
793.0 0.000546782348465058
794.0 0.0004466074187803315
795.0 0.00034643242088350235
796.0 0.00039469991861551534
797.0 0.000442967484559631
798.0 0.0003696959311128012
799.0 0.0002964243776659714
800.0 0.0003421322617214173
801.0 0.0003878401457768632
802.0 0.0005182035692996578
803.0 0.0006485670382971875
804.0 0.0005522009359992808
805.0 0.000455834833701374
806.0 0.000509449500896153
807.0 0.0005630642135656672
808.0 0.0004936500317853643
809.0 0.00042423594095453154
810.0 0.00033405135582142975
811.0 0.00024386674795096042
812.0 0.000281357392850623
813.0 0.0003188480832250207
814.0 0.00043060113057435956
815.0 0.0005423541551863309
816.0 0.0006146658961370122
817.0 0.0006869776370876934
818.0 0.000603400030740886
819.0 0.0005198224243940786
820.0 0.0004924042968923459
821.0 0.0004649862148653483
822.0 0.0004663376330427127
823.0 0.0004676889602706069
824.0 0.0004855054157815175
825.0 0.0005033218712924281
826.0 0.0005180135303817224
827.0 0.0005327051439962815
828.0 0.0004570496912492672
829.0 0.00038139419302751776
830.0 0.00032826580991240917
831.0 0.0002751373813225655
832.0 0.00035020018458453706
833.0 0.00042526294237177353
834.0 0.00043878844735445455
835.0 0.00045231395233713556
836.0 0.0004118360720894998
837.0 0.0003713581236297614
838.0 0.0004463759069039952
839.0 0.0005213937129155966
840.0 0.00045113843043509405
841.0 0.00038088319342932664
842.0 0.00048722708925197367
843.0 0.0005935709395998856
844.0 0.0005821284503326751
845.0 0.0005706860520149348
846.0 0.00044850098674942274
847.0 0.00032631592148391064
848.0 0.0003129045353489346
849.0 0.00029949314921395853
850.0 0.0002487732444933499
851.0 0.00019805331703537377
852.0 0.00015963961459419806
853.0 0.00012122586667828728
854.0 0.00017843954083218705
855.0 0.00023565319224871928
856.0 0.0003913716682291124
857.0 0.0005470902124216082
858.0 0.000499021916766651
859.0 0.0004509535756369587
860.0 0.0004884940153715434
861.0 0.000526034455106128
862.0 0.0004593988251144765
863.0 0.000392763195122825
864.0 0.0003137368821626296
865.0 0.00023471056920243427
866.0 0.00031555200621369295
867.0 0.0003963934432249516
868.0 0.00045664460230909754
869.0 0.0005168957159185084
870.0 0.0004953024472342804
871.0 0.00047370922402478755
872.0 0.0004162371624261141
873.0 0.00035876516903954325
874.0 0.00043129925870744046
875.0 0.000503833280163235
876.0 0.000393202844861662
877.0 0.000282572409560089
878.0 0.0004392748905956978
879.0 0.0005959772806818364
880.0 0.0006434595889004413
881.0 0.0006909417152201058
882.0 0.0006068905804568203
883.0 0.0005228394456935348
884.0 0.0005432187208498362
885.0 0.0005635979050566675
886.0 0.0004919998900732026
887.0 0.0004204018296150025
888.0 0.00041420944398851134
889.0 0.0004080170583620202
890.0 0.0005038658400735585
891.0 0.0005997146217850968
892.0 0.0005877455805602949
893.0 0.0005757764938607579
894.0 0.0005493140179169131
895.0 0.0005228514510235982
896.0 0.00047163330236799084
897.0 0.0004204151082376484
898.0 0.00039915612433105707
899.0 0.00037789714042446576
900.0 0.00031093888992472785
901.0 0.00024398063942498993
902.0 0.0004356665613158839
903.0 0.0006273524377320427
904.0 0.0005660053830069955
905.0 0.0005046582373324782
906.0 0.00043893387555726804
