lsstCam/transmission_filter_detector/r02_s21/i_39/19700101T000000.ecsv
# %ECSV 1.0
# ---
# datatype:
# - {name: wavelength, unit: nm, datatype: float32}
# - {name: efficiency, unit: '%', datatype: float64}
# meta: !!omap
# - {MODE: DETECTOR}
# - {TYPE: transmission_filter_detector}
# - {CALIBDATE: '1970-01-01T00:00:00'}
# - {INSTRUME: LSSTCam}
# - {OBSTYPE: transmission_filter_detector}
# - {CALIBCLS: lsst.ip.isr.IntermediateFilterDetectorTransmissionCurve}
# - {SOURCE: Materion (DM-46256)}
# - {DETECTOR: 16}
# - {FILTER: i_39}
# - {CALIB_ID: 'calibDate=1970-01-01T00:00:00 filter=i_39 detector=16'}
# - {DATE: '2025-04-02T15:59:46.553239'}
# - {CALIB_CREATION_DATE: '2025-04-02'}
# - {CALIB_CREATION_TIME: '15:59:46'}
# - __serialized_columns__:
#     efficiency:
#       __class__: astropy.units.quantity.Quantity
#       unit: !astropy.units.Unit {unit: '%'}
#       value: !astropy.table.SerializedColumn {name: efficiency}
#     wavelength:
#       __class__: astropy.units.quantity.Quantity
#       unit: !astropy.units.Unit {unit: nm}
#       value: !astropy.table.SerializedColumn {name: wavelength}
# schema: astropy-2.0
wavelength efficiency
[from data line 596]
896.0 1.6105393928211864e-10
897.0 1.6105393928211864e-10
898.0 1.6105393928211864e-10
899.0 1.6105393928211864e-10
900.0 1.6105393928211864e-10
901.0 1.6105393928211864e-10
902.0 1.6105393928211864e-10
903.0 1.6105393928211864e-10
904.0 1.6105393928211864e-10
905.0 1.6105393928211864e-10
906.0 1.6105393928211864e-10
907.0 3.0099087666712876e-05
908.0 0.00014580001561625977
909.0 1.6105393928211864e-10
910.0 1.6105393928211864e-10
911.0 1.6105393928211864e-10
912.0 6.489652264463075e-05
913.0 0.00010954133813356748
914.0 0.00015418617067552987
915.0 1.6105393928211864e-10
916.0 1.6105393928211864e-10
917.0 1.6105393928211864e-10
918.0 1.6105393928211864e-10
919.0 1.6105393928211864e-10
920.0 0.00010055055099655874
921.0 4.318514470469381e-05
922.0 1.6105393928211864e-10
923.0 1.6105393928211864e-10
924.0 1.6105393928211864e-10
925.0 9.74067830838976e-06
926.0 0.000257936562775285
927.0 2.2790185028043197e-05
928.0 1.6105393928211864e-10
929.0 1.6105393928211864e-10
930.0 2.9631283382514084e-05
931.0 0.0001038875325320987
932.0 0.0001781437731551705
933.0 0.00015505918327107793
934.0 0.0001319745820183016
935.0 1.6105393928211864e-10
936.0 1.6105393928211864e-10
937.0 1.6105393928211864e-10
938.0 1.6105393928211864e-10
939.0 1.6105393928211864e-10
940.0 1.6105393928211864e-10
941.0 1.6105393928211864e-10
942.0 7.704743438807782e-05
943.0 1.6105393928211864e-10
944.0 1.6105393928211864e-10
945.0 1.6105393928211864e-10
946.0 1.6105393928211864e-10
947.0 1.6105393928211864e-10
948.0 1.6105393928211864e-10
949.0 1.6105393928211864e-10
950.0 1.6105393928211864e-10
951.0 1.6105393928211864e-10
952.0 1.9088670910605288e-05
953.0 1.6105393928211864e-10
954.0 1.6105393928211864e-10
955.0 0.00014025473547008005
956.0 0.00030922335554350866
957.0 0.00022367191832017852
958.0 0.00013812044699079706
959.0 0.00019195333607058274
960.0 0.0002457862592564197
961.0 0.00015366337038358324
962.0 6.154047014206299e-05
963.0 5.491011734193307e-06
964.0 1.6105393928211864e-10
965.0 1.6105393928211864e-10
966.0 1.6105393928211864e-10
967.0 1.6105393928211864e-10
968.0 1.6105393928211864e-10
969.0 1.6105393928211864e-10
970.0 2.825993590249709e-05
971.0 1.6105393928211864e-10
972.0 1.6105393928211864e-10
973.0 1.6105393928211864e-10
974.0 1.6105393928211864e-10
975.0 1.6105393928211864e-10
976.0 1.6105393928211864e-10
977.0 1.6105393928211864e-10
978.0 1.6105393928211864e-10
979.0 1.6105393928211864e-10
980.0 1.6105393928211864e-10
981.0 1.6105393928211864e-10
982.0 1.6105393928211864e-10
983.0 1.6105393928211864e-10
984.0 1.6105393928211864e-10
985.0 8.92529385509988e-05
986.0 0.00024281580408569425
987.0 4.5757178668281995e-05
988.0 1.6105393928211864e-10
989.0 1.6105393928211864e-10
990.0 1.6105393928211864e-10
991.0 1.6105393928211864e-10
992.0 1.6105393928211864e-10
993.0 1.6105393928211864e-10
994.0 4.076984794210148e-05
995.0 1.6105393928211864e-10
996.0 1.6105393928211864e-10
997.0 3.8446444250439527e-05
998.0 0.0002891051281039836
999.0 0.00036382775761012454
1000.0 0.0004385503416415304
1001.0 0.00023393824903905625
1002.0 2.9326074013624748e-05
1003.0 0.00011395537740099826
1004.0 0.0001985847347896197
1005.0 1.758930778805734e-05
1006.0 1.6105393928211864e-10
1007.0 1.6105393928211864e-10
1008.0 0.00011703855307132471
1009.0 6.878126441733912e-05
1010.0 2.0523914656678244e-05
1011.0 0.00014614403198720538
1012.0 0.0002717641109484248
1013.0 0.0004068942416779464
1014.0 0.0005420244633569382
1015.0 0.0004679821813624585
1016.0 0.00039394003579218406
1017.0 0.0003856824605463771
1018.0 0.0003774250671995105
1019.0 0.0002650960141181713
1020.0 0.00015276688145604567
1021.0 0.00012529030755104031
1022.0 9.781371090866742e-05
1023.0 0.0004686171450885013
1024.0 0.0008394206815864891
1025.0 0.0006744053735019406
1026.0 0.0005093900199426571
1027.0 0.0004900881322100759
1028.0 0.00047078619900275953
1029.0 0.0009114864042203408
1030.0 0.0013521867003873922
1031.0 0.0018749182345345616
1032.0 0.0023976495867827907
1033.0 0.002509213845769409
1034.0 0.0026207775590592064
1035.0 0.0031978433980839327
1036.0 0.0037749094190075994
1037.0 0.003754341378225945
1038.0 0.0037337733374442905
1039.0 0.0031541661883238703
1040.0 0.002574559403001331
1041.0 0.0021871912394999526
1042.0 0.0017998230759985745
1043.0 0.0026188396077486686
1044.0 0.003437856139498763
1045.0 0.003631641448009759
1046.0 0.0038254271203186363
1047.0 0.0032498301152372733
1048.0 0.0026742331101559103
1049.0 0.0024142183974618092
1050.0 0.002154203502868768
1051.0 0.0023568081815028563
1052.0 0.0025594132239348255
1053.0 0.0017335107258986682
1054.0 0.0009076081369130407
1055.0 0.0008171487934305333
1056.0 0.000726689540897496
1057.0 0.0008042702575039584
1058.0 0.0008818511560093611
1059.0 0.0009915705049934331
1060.0 0.0011012899449269753
1061.0 0.001943604729603976
1062.0 0.002785919059533626
1063.0 0.00307072295981925
1064.0 0.0033555272239027545
1065.0 0.0034865890484070405
1066.0 0.0036176512367092073
1067.0 0.004498254929785617
1068.0 0.005378858259064145
1069.0 0.004257875116309151
1070.0 0.003136891609756276
1071.0 0.002868335650418885
1072.0 0.002599779145384673
1073.0 0.0026541487386566587
1074.0 0.0027085185138275847
1075.0 0.003169976844219491
1076.0 0.0036314348108135164
1077.0 0.0029998025638633408
1078.0 0.002368169771216344
1079.0 0.0023036993297864683
1080.0 0.0022392288883565925
1081.0 0.0017489266610937193
1082.0 0.001258624342881376
1083.0 0.0005283214250084711
1084.0 1.6105393928211864e-10
1085.0 0.0005628297458315501
1086.0 0.001327641530224355
1087.0 0.0011590364010771737
1088.0 0.0009904313628794625
1089.0 1.6105393928211864e-10
1090.0 1.6105393928211864e-10
1091.0 1.6105393928211864e-10
1092.0 1.6105393928211864e-10
1093.0 1.6105393928211864e-10
1094.0 0.0002346365135963424
1095.0 0.00044931198317499366
1096.0 0.0006639875664404826
1097.0 1.6105393928211864e-10
1098.0 1.6105393928211864e-10
1099.0 1.6105393928211864e-10
1100.0 0.0005160626642464194
