lsstCam/transmission_filter_detector/r02_s21/i_39/19700101T000000.ecsv
# %ECSV 1.0
# ---
# datatype:
# - {name: wavelength, unit: nm, datatype: float32}
# - {name: efficiency, unit: '%', datatype: float64}
# meta: !!omap
# - {MODE: DETECTOR}
# - {TYPE: transmission_filter_detector}
# - {CALIBDATE: '1970-01-01T00:00:00'}
# - {INSTRUME: LSSTCam}
# - {OBSTYPE: transmission_filter_detector}
# - {CALIBCLS: lsst.ip.isr.IntermediateFilterDetectorTransmissionCurve}
# - {SOURCE: Materion (DM-46256)}
# - {DETECTOR: 16}
# - {FILTER: i_39}
# - {CALIB_ID: 'calibDate=1970-01-01T00:00:00 filter=i_39 detector=16'}
# - {DATE: '2025-04-02T15:59:46.553239'}
# - {CALIB_CREATION_DATE: '2025-04-02'}
# - {CALIB_CREATION_TIME: '15:59:46'}
# - __serialized_columns__:
#     efficiency:
#       __class__: astropy.units.quantity.Quantity
#       unit: !astropy.units.Unit {unit: '%'}
#       value: !astropy.table.SerializedColumn {name: efficiency}
#     wavelength:
#       __class__: astropy.units.quantity.Quantity
#       unit: !astropy.units.Unit {unit: nm}
#       value: !astropy.table.SerializedColumn {name: wavelength}
# schema: astropy-2.0
wavelength efficiency
300.0 0.0730738160200417
301.0 0.033561987220309675
302.0 1.6105393928211864e-10
303.0 0.01697488478384912
304.0 0.039899584953673184
305.0 0.03264474798925221
306.0 0.02538991393521428
307.0 0.009638367191655561
308.0 1.6105393928211864e-10
309.0 1.6105393928211864e-10
310.0 1.6105393928211864e-10
311.0 1.6105393928211864e-10
312.0 0.0027887712349183857
313.0 2.239127923076012e-05
314.0 1.6105393928211864e-10
315.0 1.6105393928211864e-10
316.0 1.6105393928211864e-10
317.0 1.6105393928211864e-10
318.0 1.6105393928211864e-10
319.0 1.6105393928211864e-10
320.0 1.6105393928211864e-10
321.0 1.6105393928211864e-10
322.0 1.6105393928211864e-10
323.0 1.6105393928211864e-10
324.0 1.6105393928211864e-10
325.0 1.6105393928211864e-10
326.0 1.6105393928211864e-10
327.0 1.6105393928211864e-10
328.0 0.002284135371155571
329.0 0.0019396458810660988
330.0 0.0015951565728755668
331.0 0.0009761695764609613
332.0 0.0003571836487026303
333.0 0.0012494200746004935
334.0 0.0021416566596599296
335.0 0.0014369108612299897
336.0 0.0007321658813452814
337.0 0.0014563424883817788
338.0 0.0021805191863677464
339.0 0.002399624827376101
340.0 0.0026187308321823366
341.0 1.6105393928211864e-10
342.0 1.6105393928211864e-10
343.0 1.6105393928211864e-10
344.0 1.6105393928211864e-10
345.0 1.6105393928211864e-10
346.0 1.6105393928211864e-10
347.0 1.6105393928211864e-10
348.0 1.6105393928211864e-10
349.0 1.6105393928211864e-10
350.0 1.6105393928211864e-10
351.0 1.6105393928211864e-10
352.0 1.6105393928211864e-10
353.0 1.6105393928211864e-10
354.0 1.6105393928211864e-10
355.0 1.6105393928211864e-10
356.0 1.6105393928211864e-10
357.0 0.0006095736807765206
358.0 0.0012282193893042859
359.0 0.0013564897017204203
360.0 0.0014847593774902634
361.0 0.0011848910617118236
362.0 0.0008850229278323241
363.0 0.00029646773782587843
364.0 1.6105393928211864e-10
365.0 0.0009374261935590766
366.0 0.002166940066672396
367.0 0.0013603905244963244
368.0 0.000553841073269723
369.0 0.0007076030669850297
370.0 0.0008613651516498066
371.0 0.0006742770892742556
372.0 0.00048718907237343956
373.0 0.00041625303310866
374.0 0.0003453169028944103
375.0 1.6105393928211864e-10
376.0 1.6105393928211864e-10
377.0 1.6105393928211864e-10
378.0 1.6105393928211864e-10
379.0 1.6105393928211864e-10
380.0 1.6105393928211864e-10
381.0 1.6105393928211864e-10
382.0 1.6105393928211864e-10
383.0 0.00030493679332721513
384.0 0.0014604763237002771
385.0 0.001254323979082983
386.0 0.0010481715435162187
387.0 1.6105393928211864e-10
388.0 1.6105393928211864e-10
389.0 1.6105393928211864e-10
390.0 1.6105393928211864e-10
391.0 1.6105393928211864e-10
392.0 1.6105393928211864e-10
393.0 1.6105393928211864e-10
394.0 0.0005242843144515064
395.0 1.6105393928211864e-10
396.0 1.6105393928211864e-10
397.0 1.6105393928211864e-10
398.0 1.6105393928211864e-10
399.0 1.6105393928211864e-10
400.0 1.6105393928211864e-10
401.0 1.6105393928211864e-10
402.0 1.6105393928211864e-10
403.0 0.000565604477742454
404.0 0.0028722064598696306
405.0 0.004306377377361059
406.0 0.005740547931054607
407.0 0.003119874236290343
408.0 0.0004991978130419739
409.0 0.00018908085621660575
410.0 1.6105393928211864e-10
411.0 0.0024033606678131036
412.0 0.004927760164719075
413.0 0.005177903221920133
414.0 0.0054280473705148324
415.0 0.004575351704261266
416.0 0.0037226556742098182
417.0 0.002185954690503422
418.0 0.0006492532520496752
419.0 0.0025530322091071866
420.0 0.004456811075215228
421.0 0.004171165710431524
422.0 0.0038855199818499386
423.0 0.004234098378219642
424.0 0.004582676410791464
425.0 0.003621263022068888
426.0 0.0026598483600537293
427.0 0.004027463364764117
428.0 0.005395078915171325
429.0 0.005622948083328083
430.0 0.005850818342878483
431.0 0.004573570186039433
432.0 0.003296322756796144
433.0 0.003641217335825786
434.0 0.003986112278653309
435.0 0.002877110819099471
436.0 0.0017681091776466928
437.0 0.0017393631424056366
438.0 0.0017106172890635207
439.0 0.0019079838239122182
440.0 0.002105350540659856
441.0 0.0008040994543989655
442.0 1.6105393928211864e-10
443.0 1.6105393928211864e-10
444.0 1.6105393928211864e-10
445.0 1.6105393928211864e-10
446.0 1.6105393928211864e-10
447.0 1.6105393928211864e-10
448.0 0.00042298097469029017
449.0 1.6105393928211864e-10
450.0 1.6105393928211864e-10
451.0 0.0005087892077426659
452.0 0.0016639960449538194
453.0 0.0017911508621182293
454.0 0.0019183062249794602
455.0 0.001921959119499661
456.0 0.0019256120140198618
457.0 0.0013396592294157017
458.0 0.0007537062629126012
459.0 0.0005963790044916095
460.0 0.0004390517915453529
461.0 0.0004194662324152887
462.0 0.0003998806732852245
463.0 6.235400746845698e-05
464.0 1.6105393928211864e-10
465.0 0.00015409868865390308
466.0 0.0005833699560753303
467.0 0.0008707407687325031
468.0 0.0011581115359149408
469.0 0.0006447517080232501
470.0 0.00013139203929313226
471.0 0.00033368692129442934
472.0 0.0005359818715078291
473.0 0.0007015153187239775
474.0 0.0008670489478390664
475.0 0.0005736282219004352
476.0 0.00028020785975968465
477.0 0.0006923454748175573
478.0 0.0011044830898754299
479.0 0.0011128626283607446
480.0 0.0011212422577955294
481.0 0.002561119072197471
482.0 0.004000994158559479
483.0 0.005365049219108187
484.0 0.006729103915859014
485.0 0.007276788528542966
486.0 0.007824473868822679
487.0 0.011017783981515095
488.0 0.014211094821803272
489.0 0.017285856301896274
490.0 0.020360617781989276
491.0 0.02235783322248608
492.0 0.024355050118174404
493.0 0.025995992473326623
494.0 0.02763693919405341
495.0 0.024895209935493767
496.0 0.022153476311359555
497.0 0.018024008022621274
498.0 0.013894535368308425
499.0 0.010077721526613459
500.0 0.006260909867705777
501.0 0.004580729364533909
502.0 0.002900549952755682
503.0 0.002438241062918678
504.0 0.0019759321730816737
505.0 0.0018323102267459035
506.0 0.0016886882804101333
507.0 0.001652578794164583
508.0 0.0016164689441211522
509.0 0.0019350620277691633
510.0 0.002253654929518234
511.0 0.0016020559996832162
512.0 0.0009504568879492581
513.0 0.001357387827738421
514.0 0.001764318767527584
515.0 0.0023581589630339295
516.0 0.002951999158540275
517.0 0.0024723214664845727
518.0 0.00199264359252993
519.0 0.0021238696717773564
520.0 0.002255095932923723
521.0 0.00174499236891279
522.0 0.0012348891686997376
523.0 0.0013782204405288212
524.0 0.0015215518942568451
525.0 0.0019306738977320492
526.0 0.002339795719308313
527.0 0.0024637769456603564
528.0 0.0025877583539113402
529.0 0.002016095277213026
530.0 0.0014444322005147114
531.0 0.0014298936548584606
532.0 0.0014153551092022099
533.0 0.0015138471098907758
534.0 0.001612339292478282
535.0 0.0016343576135113835
536.0 0.0016563757526455447
537.0 0.0022719417756889015
538.0 0.0028875074349343777
539.0 0.0036615754652302712
540.0 0.004435643495526165
541.0 0.0051281738706165925
542.0 0.005820704609504901
543.0 0.0051316575991222635
544.0 0.004442610588739626
545.0 0.003562621714081615
546.0 0.002682633203221485
547.0 0.0022209773305803537
548.0 0.0017593214579392225
549.0 0.0018871072825277224
550.0 0.002014893470914103
551.0 0.0017502201444585808
552.0 0.0014855469089525286
553.0 0.0015707995771663263
554.0 0.001656052154430654
555.0 0.0012400094419717789
556.0 0.0008239666385634337
557.0 0.0007530344646511367
558.0 0.0006821024271630449
559.0 0.0002334722239538678
560.0 1.6105393928211864e-10
561.0 0.0006365070476022083
562.0 0.0014881721654091962
563.0 0.0015833451470825821
564.0 0.001678518128755968
565.0 0.0013511546967492905
566.0 0.001023791355692083
567.0 0.0007822106454113964
568.0 0.0005406299351307098
569.0 0.0006081199899199419
570.0 0.0006756098628102336
571.0 0.0005017717285227263
572.0 0.0003279336169725866
573.0 0.00042990300244127866
574.0 0.0005318725470715435
575.0 0.0005066745416115737
576.0 0.00048147635425266344
577.0 0.0006166041202959605
578.0 0.0007517318408645224
579.0 0.00032294497032125946
580.0 1.6105393928211864e-10
581.0 0.00018193662754129036
582.0 0.00046971517804195173
583.0 0.000493744801133289
584.0 0.0005177743332751561
585.0 0.0006352595391945215
586.0 0.0007527448815380922
587.0 0.0008205148333217949
588.0 0.0008882847396307625
589.0 0.0007388352969428524
590.0 0.0005893859452044126
591.0 0.0007180874035839224
592.0 0.0008467890438623726
593.0 0.0005236161086941138
594.0 0.0002004431507884874
595.0 0.0005450360276881838
596.0 0.0008896287909010425
597.0 0.0007312411071325187
598.0 0.0005728534233639948
599.0 0.0005933196007390507
600.0 0.0006137855962151662
601.0 0.0004529694251687033
602.0 0.0002921532313848729
603.0 0.00020931661310896743
604.0 0.00012647986977754044
605.0 0.00017388153992214939
606.0 0.0002212832214354421
607.0 0.00039567999010614585
608.0 0.0005700766450900119
609.0 0.0005068258360552136
610.0 0.00044357479964673985
611.0 0.0006555842446687166
612.0 0.0008675937351654284
613.0 0.0006156101790111279
614.0 0.00036362671380629763
615.0 1.6105393928211864e-10
616.0 1.6105393928211864e-10
617.0 1.6105393928211864e-10
618.0 0.00012168630973974359
619.0 0.0002400735866103787
620.0 0.0003584609430618002
621.0 0.0004803286174137611
622.0 0.0006021962690283544
623.0 0.0005423852144303964
624.0 0.00048257420530717354
625.0 0.00045358406168816146
626.0 0.00042459396354388446
627.0 0.00031938327538227895
628.0 0.00021417258722067345
629.0 0.0003967119937442476
630.0 0.0005792514457425568
631.0 0.0005364637218008284
632.0 0.0004936759523843648
633.0 0.0005430796136352001
634.0 0.0005924833203607704
635.0 0.000576978982280707
636.0 0.0005614745987259084
637.0 0.00047352132241940126
638.0 0.0003855679096886888
639.0 0.0006813560958107701
640.0 0.0009771441909833811
641.0 0.0006873562597320415
642.0 0.0003975683284807019
643.0 0.0005632758075080346
644.0 0.0007289833320101025
645.0 0.000645411364530446
646.0 0.0005618395334749948
647.0 0.0007337091574299848
648.0 0.0009055792361323256
649.0 0.000811482186691137
650.0 0.0007173850463004783
651.0 0.0008825462828099262
652.0 0.0010477076102688443
653.0 0.0012267558304301929
654.0 0.0014058039596420713
655.0 0.0020507060980889946
656.0 0.002695608236535918
657.0 0.003609109262470156
658.0 0.00452260828751605
659.0 0.007303307938855141
660.0 0.025708568864502013
661.0 0.11007754364982247
662.0 0.11471844045445323
663.0 0.06722775287926197
664.0 0.12173542054370046
665.0 0.11540432460606098
666.0 0.13144303811714053
667.0 0.17472620820626616
668.0 0.21025137975811958
669.0 0.2980406628921628
670.0 0.4196769092231989
671.0 0.5995593965053558
672.0 0.9234555996954441
673.0 1.4619078487157822
674.0 2.239725925028324
675.0 3.155369311571121
676.0 4.266950115561485
677.0 5.545610561966896
678.0 6.886644661426544
679.0 8.334692567586899
680.0 10.254619270563126
681.0 12.362971156835556
682.0 14.92646038532257
683.0 17.61789321899414
684.0 20.648272335529327
685.0 23.523595929145813
686.0 26.471036672592163
687.0 29.73969578742981
688.0 33.02924335002899
689.0 36.43481731414795
690.0 40.35872519016266
691.0 44.610804319381714
692.0 49.62201416492462
693.0 54.94704246520996
694.0 60.898274183273315
695.0 66.56992435455322
696.0 72.83774018287659
697.0 78.34516763687134
698.0 84.16162729263306
699.0 88.41010332107544
700.0 91.75029993057251
701.0 94.26202178001404
702.0 96.05275392532349
703.0 96.921306848526
704.0 97.3484218120575
705.0 97.69514203071594
706.0 97.70141839981079
707.0 97.78096675872803
708.0 97.86654710769653
709.0 97.92802333831787
710.0 97.68969416618347
711.0 97.94185757637024
712.0 97.86681532859802
713.0 97.89010286331177
714.0 97.98656105995178
715.0 98.04292917251587
716.0 97.90986776351929
717.0 98.08341264724731
718.0 98.14392328262329
719.0 98.11407923698425
720.0 98.36041927337646
721.0 98.2539176940918
722.0 97.94432520866394
723.0 97.70577549934387
724.0 97.43527173995972
725.0 97.14776873588562
726.0 96.8075692653656
727.0 96.6274082660675
728.0 96.39497995376587
729.0 96.22617959976196
730.0 96.2490975856781
731.0 96.27256989479065
732.0 96.29565477371216
733.0 96.5483546257019
734.0 96.96124792098999
735.0 97.13801741600037
736.0 97.4668562412262
737.0 97.91488647460938
738.0 98.12078475952148
739.0 98.55884909629822
740.0 98.6243486404419
741.0 98.52822422981262
742.0 98.79726767539978
743.0 98.59662652015686
744.0 98.43034744262695
745.0 98.47564101219177
746.0 98.4349250793457
747.0 98.65917563438416
748.0 98.54189157485962
749.0 98.46198558807373
750.0 98.3986496925354
751.0 98.33463430404663
752.0 98.27644228935242
753.0 98.45016598701477
754.0 98.32058548927307
755.0 98.47183227539062
756.0 98.52503538131714
757.0 98.57673048973083
758.0 98.6838698387146
759.0 98.74628186225891
760.0 98.6015260219574
761.0 98.54940176010132
762.0 98.62271547317505
763.0 98.53944182395935
764.0 98.41353297233582
765.0 98.3835518360138
766.0 98.45589399337769
767.0 98.26638698577881
768.0 98.25249314308167
769.0 98.27000498771667
770.0 98.04735779762268
771.0 98.03682565689087
772.0 98.06025624275208
773.0 97.97576069831848
774.0 97.72907495498657
775.0 97.83325791358948
776.0 97.771155834198
777.0 97.78103828430176
778.0 97.79701232910156
779.0 97.90871739387512
780.0 97.86592125892639
781.0 98.15062880516052
782.0 98.0579137802124
783.0 98.25546741485596
784.0 98.19610118865967
785.0 98.3208954334259
786.0 98.40428233146667
787.0 98.1755793094635
788.0 98.22613596916199
789.0 98.37406873703003
790.0 98.31789135932922
791.0 98.37818145751953
792.0 98.16757440567017
793.0 98.08663129806519
794.0 97.97807931900024
795.0 97.86254167556763
796.0 97.90533781051636
797.0 97.90917634963989
798.0 97.78608083724976
799.0 97.69600629806519
800.0 97.48955965042114
801.0 97.52106070518494
802.0 97.49588370323181
803.0 97.18299508094788
804.0 96.92423939704895
805.0 96.34612202644348
806.0 95.87435722351074
807.0 94.94308233261108
808.0 93.67738962173462
809.0 92.26710796356201
810.0 90.67984819412231
811.0 88.57285976409912
812.0 86.02957725524902
813.0 83.11401605606079
814.0 79.68705296516418
815.0 75.85760354995728
816.0 71.9196617603302
817.0 67.43626594543457
818.0 62.440478801727295
819.0 58.148568868637085
820.0 53.28693389892578
821.0 48.79257380962372
822.0 44.47794556617737
823.0 39.87826406955719
824.0 35.2806031703949
825.0 31.077414751052856
826.0 26.70312523841858
827.0 22.155259549617767
828.0 18.03431063890457
829.0 14.125670492649078
830.0 10.248144716024399
831.0 7.4137844145298
832.0 4.863952472805977
833.0 3.0369600281119347
834.0 1.8142502754926682
835.0 1.0868651792407036
836.0 0.6116686388850212
837.0 0.38188272155821323
838.0 0.1989790704101324
839.0 0.13904363149777055
840.0 0.05599194555543363
841.0 0.05074389628134668
842.0 1.6105393928211864e-10
843.0 1.6105393928211864e-10
844.0 1.6105393928211864e-10
845.0 1.6105393928211864e-10
846.0 1.6105393928211864e-10
847.0 1.6105393928211864e-10
848.0 0.008801860531093553
849.0 1.6105393928211864e-10
850.0 0.005372429950512014
851.0 1.6105393928211864e-10
852.0 0.0009258684258384164
853.0 0.001006211641652044
854.0 0.0010865553122130223
855.0 0.0010116566954820883
856.0 0.0009367581697006244
857.0 0.0009606294042896479
858.0 0.0009845002750807907
859.0 0.0005580828201345867
860.0 0.0001316651832894422
861.0 0.00021678733901353553
862.0 0.0003019093810507911
863.0 0.00011776861583712162
864.0 1.6105393928211864e-10
865.0 1.6105393928211864e-10
866.0 6.223630180102191e-05
867.0 7.285465244422085e-05
868.0 8.34729121379496e-05
869.0 1.6105393928211864e-10
870.0 1.6105393928211864e-10
871.0 2.3446543195859704e-05
872.0 0.0002052277523034718
873.0 0.00020962727376172552
874.0 0.0002140267724826117
875.0 0.00014242662018659757
876.0 7.082650768097665e-05
877.0 1.6105393928211864e-10
878.0 1.6105393928211864e-10
879.0 8.646848925764061e-06
880.0 0.00043911045395361725
881.0 0.0002461574013068457
882.0 5.320438845046738e-05
883.0 0.00020404252154548885
884.0 0.00035488069443090353
885.0 0.0001264917273147148
886.0 1.6105393928211864e-10
887.0 5.56193413103756e-05
888.0 0.00021313594515959267
889.0 9.665607194619952e-05
890.0 1.6105393928211864e-10
891.0 9.744222779772826e-05
892.0 0.00021470816591317998
893.0 0.0002830649236784666
894.0 0.00035142165870638564
