lsstCam/transmission_filter_detector/r14_s00/g_6/19700101T000000.ecsv
# %ECSV 1.0
# ---
# datatype:
# - {name: wavelength, unit: nm, datatype: float32}
# - {name: efficiency, unit: '%', datatype: float64}
# meta: !!omap
# - {MODE: DETECTOR}
# - {TYPE: transmission_filter_detector}
# - {CALIBDATE: '1970-01-01T00:00:00'}
# - {INSTRUME: LSSTCam}
# - {OBSTYPE: transmission_filter_detector}
# - {CALIBCLS: lsst.ip.isr.IntermediateFilterDetectorTransmissionCurve}
# - {SOURCE: Materion (DM-46256)}
# - {DETECTOR: 63}
# - {FILTER: g_6}
# - {CALIB_ID: 'calibDate=1970-01-01T00:00:00 filter=g_6 detector=63'}
# - {DATE: '2025-04-02T15:59:42.318938'}
# - {CALIB_CREATION_DATE: '2025-04-02'}
# - {CALIB_CREATION_TIME: '15:59:42'}
# - __serialized_columns__:
#     efficiency:
#       __class__: astropy.units.quantity.Quantity
#       unit: !astropy.units.Unit {unit: '%'}
#       value: !astropy.table.SerializedColumn {name: efficiency}
#     wavelength:
#       __class__: astropy.units.quantity.Quantity
#       unit: !astropy.units.Unit {unit: nm}
#       value: !astropy.table.SerializedColumn {name: wavelength}
# schema: astropy-2.0
wavelength efficiency
[from data line 608]
908.0 0.00044325320232019294
909.0 0.00035710288557311287
910.0 0.0003394103714526864
911.0 0.0003217178800696274
912.0 0.0004268259999662405
913.0 0.0005319342108123237
914.0 0.00036134888432570733
915.0 0.00019076360331382602
916.0 0.00017114449519795016
917.0 0.00015152536434470676
918.0 0.00023278055323316948
919.0 0.0003140357421216322
920.0 0.0003548244421835989
921.0 0.00039561314224556554
922.0 0.0005217590114625636
923.0 0.0006479049261542968
924.0 0.0005708396201953292
925.0 0.0004937742687616264
926.0 0.0005486339432536624
927.0 0.0006034937086951686
928.0 0.0005308730578690302
929.0 0.0004582524979923619
930.0 0.0005129346845933469
931.0 0.0005676169621438021
932.0 0.00048327792683267035
933.0 0.0003989389369962737
934.0 0.00041737316678336356
935.0 0.0004358073965704534
936.0 0.0004651556537282886
937.0 0.0004945039108861238
938.0 0.0006280603884079028
939.0 0.0007616167749802116
940.0 0.0006443955044233007
941.0 0.0005271740519674495
942.0 0.0006800132268836023
943.0 0.000832852310850285
944.0 0.0007341383025050163
945.0 0.0006354241577355424
946.0 0.0005487388079927769
947.0 0.00046205341277527623
948.0 0.0007936815563880373
949.0 0.0011253097909502685
950.0 0.0010269565791531932
951.0 0.0009286032764066476
952.0 0.0009511516509519424
953.0 0.000973699934547767
954.0 0.0008784057172306348
955.0 0.0007831114999135025
956.0 0.0006582052719750209
957.0 0.0005332988166628638
958.0 0.0006574756298505235
959.0 0.0007816524885129184
960.0 0.0006227308404049836
961.0 0.0004638090103981085
962.0 0.0005142935606272658
963.0 0.000564778019906953
964.0 0.0006728961125190835
965.0 0.0007810140232322738
966.0 0.0008238738701038528
967.0 0.0008667336260259617
968.0 0.0007887800165917724
969.0 0.0007108262707333779
970.0 0.0007060884854581673
971.0 0.0007013507001829566
972.0 0.0007893644578871317
973.0 0.0008773782610660419
974.0 0.0008271973456430715
975.0 0.0007770167940179817
976.0 0.0008131144568324089
977.0 0.0008492124834447168
978.0 0.000939928213483654
979.0 0.001030643852573121
980.0 0.0010319788088963833
981.0 0.0010333137652196456
982.0 0.0009489138392382301
983.0 0.0008645138223073445
984.0 0.0008635925041744485
985.0 0.0008626713679404929
986.0 0.0010651361662894487
987.0 0.0012676008736889344
988.0 0.001361852901027305
989.0 0.0014561046555172652
990.0 0.001529781184217427
991.0 0.001603457894816529
992.0 0.0015762261682539247
993.0 0.0015489946235902607
994.0 0.001507134766143281
995.0 0.0014652749086963013
996.0 0.0013446387129079085
997.0 0.0012240024261700455
998.0 0.0013634855349664576
999.0 0.0015029686437628698
1000.0 0.0014225092854758259
1001.0 0.0013420494724414311
1002.0 0.0012237515875312965
1003.0 0.0011054536116716918
1004.0 0.001096212690754328
1005.0 0.0010869714969885536
1006.0 0.0013315720025275368
1007.0 0.00157617250806652
1008.0 0.0016026076991693117
1009.0 0.0016290434359689243
1010.0 0.0017439255316276103
1011.0 0.0018588078091852367
1012.0 0.0019598057406255975
1013.0 0.0020608036720659584
1014.0 0.0021157624360057525
1015.0 0.0021707215637434274
1016.0 0.0024975870474008843
1017.0 0.0028244530767551623
1018.0 0.003071652099606581
1019.0 0.00331885130435694
1020.0 0.003304357232991606
1021.0 0.0032898635254241526
1022.0 0.003581993223633617
1023.0 0.003874123649438843
1024.0 0.0040103004721459
1025.0 0.004146477294852957
1026.0 0.004294323662179522
1027.0 0.004442170029506087
1028.0 0.004440974225872196
1029.0 0.004439778422238305
1030.0 0.00465662706119474
1031.0 0.004873474972555414
1032.0 0.005218478327151388
1033.0 0.005563481681747362
1034.0 0.00534623432031367
1035.0 0.0051289869588799775
1036.0 0.005298303221934475
1037.0 0.0054676194849889725
1038.0 0.005696721927961335
1039.0 0.005925824370933697
1040.0 0.006316199869615957
1041.0 0.006706575368298218
1042.0 0.00691483510308899
1043.0 0.007123094110284001
1044.0 0.007340126467170194
1045.0 0.007557156641269103
1046.0 0.008497434464516118
1047.0 0.009437711560167372
1048.0 0.010940954962279648
1049.0 0.012444195454008877
1050.0 0.014832559099886566
1051.0 0.01722091983538121
1052.0 0.020705100905615836
1053.0 0.024189287796616554
1054.0 0.028922202182002366
1055.0 0.03365511365700513
1056.0 0.0404543214244768
1057.0 0.04725351755041629
1058.0 0.05498334649018943
1059.0 0.06271315505728126
1060.0 0.07009727996774018
1061.0 0.07748137577436864
1062.0 0.08453027694486082
1063.0 0.09157914319075644
1064.0 0.09675666806288064
1065.0 0.10193416383117437
1066.0 0.10669764596968889
1067.0 0.11146112810820341
1068.0 0.11756514431908727
1069.0 0.12366919545456767
1070.0 0.13321765000000596
1071.0 0.14276610454544425
1072.0 0.15583235071972013
1073.0 0.16889856196939945
1074.0 0.18355059437453747
1075.0 0.19820269662886858
1076.0 0.21247896365821362
1077.0 0.22675523068755865
1078.0 0.241168518550694
1079.0 0.25558178313076496
1080.0 0.27291711885482073
1081.0 0.29025243129581213
1082.0 0.31689456664025784
1083.0 0.3435367252677679
1084.0 0.3809854155406356
1085.0 0.418434152379632
1086.0 0.4535616375505924
1087.0 0.4886891692876816
1088.0 0.5525342188775539
1089.0 0.6163792219012976
1090.0 0.6933093070983887
1091.0 0.7702392991632223
1092.0 0.799169484525919
1093.0 0.828099437057972
1094.0 0.8635604754090309
1095.0 0.8990212343633175
1096.0 0.9415534324944019
1097.0 0.9840859100222588
1098.0 1.0007991455495358
1099.0 1.0175124742090702
1100.0 1.1691470630466938
1101.0 1.32078118622303
