lsstCam/transmission_filter_detector/r14_s00/g_6/19700101T000000.ecsv
# %ECSV 1.0
# ---
# datatype:
# - {name: wavelength, unit: nm, datatype: float32}
# - {name: efficiency, unit: '%', datatype: float64}
# meta: !!omap
# - {MODE: DETECTOR}
# - {TYPE: transmission_filter_detector}
# - {CALIBDATE: '1970-01-01T00:00:00'}
# - {INSTRUME: LSSTCam}
# - {OBSTYPE: transmission_filter_detector}
# - {CALIBCLS: lsst.ip.isr.IntermediateFilterDetectorTransmissionCurve}
# - {SOURCE: Materion (DM-46256)}
# - {DETECTOR: 63}
# - {FILTER: g_6}
# - {CALIB_ID: 'calibDate=1970-01-01T00:00:00 filter=g_6 detector=63'}
# - {DATE: '2025-04-02T15:59:42.318938'}
# - {CALIB_CREATION_DATE: '2025-04-02'}
# - {CALIB_CREATION_TIME: '15:59:42'}
# - __serialized_columns__:
#     efficiency:
#       __class__: astropy.units.quantity.Quantity
#       unit: !astropy.units.Unit {unit: '%'}
#       value: !astropy.table.SerializedColumn {name: efficiency}
#     wavelength:
#       __class__: astropy.units.quantity.Quantity
#       unit: !astropy.units.Unit {unit: nm}
#       value: !astropy.table.SerializedColumn {name: wavelength}
# schema: astropy-2.0
wavelength efficiency
300.0 0.5157954059541225
301.0 0.37790134083479643
302.0 0.24000722914934158
303.0 0.2149173291400075
304.0 0.18982738256454468
305.0 0.19730033818632364
306.0 0.20477327052503824
307.0 0.21394174546003342
308.0 0.22311019711196423
309.0 0.21909286733716726
310.0 0.21507558412849903
311.0 0.21055054385215044
312.0 0.20602550357580185
313.0 0.20155461970716715
314.0 0.19708371255546808
315.0 0.18943966133520007
316.0 0.1817956450395286
317.0 0.18040483118966222
318.0 0.17901407554745674
319.0 0.16320552676916122
320.0 0.14739695470780134
321.0 0.14186566695570946
322.0 0.1363343675620854
323.0 0.1156450598500669
324.0 0.09495578706264496
325.0 0.08662550244480371
326.0 0.07829521782696247
327.0 0.07116632768884301
328.0 0.06403743755072355
329.0 0.06124033243395388
330.0 0.05844322149641812
331.0 0.0545800372492522
332.0 0.05071685300208628
333.0 0.04759809817187488
334.0 0.044479340431280434
335.0 0.0428108440246433
336.0 0.041142344707623124
337.0 0.04194088978692889
338.0 0.042739431955851614
339.0 0.041173514910042286
340.0 0.039607600774616
341.0 0.03776192897930741
342.0 0.03591625427361578
343.0 0.03229325811844319
344.0 0.028670261963270605
345.0 0.025621478562243283
346.0 0.02257268934044987
347.0 0.02116916875820607
348.0 0.019765645265579224
349.0 0.018167661619372666
350.0 0.7510713767260313
351.0 1.0817095637321472
352.0 0.7865534164011478
353.0 0.9404339827597141
354.0 0.559889106079936
355.0 0.7278693374246359
356.0 0.6626620423048735
357.0 0.6077900528907776
358.0 0.6792084313929081
359.0 0.7770779076963663
360.0 0.4477301612496376
361.0 0.8085103705525398
362.0 0.49562184140086174
363.0 0.762688834220171
364.0 0.4693874157965183
365.0 0.8354370482265949
366.0 0.39204233326017857
367.0 0.6974933203309774
368.0 0.454952847212553
369.0 0.6193236913532019
370.0 0.35547702573239803
371.0 0.5692075472325087
372.0 0.45307413674890995
373.0 0.6195247638970613
374.0 0.3900674870237708
375.0 0.4769874271005392
376.0 0.3635554341599345
377.0 0.4900675266981125
378.0 0.378451612778008
379.0 0.48072468489408493
380.0 0.3932422026991844
381.0 0.5568011198192835
382.0 0.5339800845831633
383.0 0.5737266037613153
384.0 0.5216466262936592
385.0 0.5850308109074831
386.0 0.6612613797187805
387.0 0.7474537473171949
388.0 0.932974461466074
389.0 1.2683568522334099
390.0 1.9345380365848541
391.0 2.912093512713909
392.0 4.603954032063484
393.0 7.297730445861816
394.0 10.96898689866066
395.0 15.833456814289093
396.0 21.901461482048035
397.0 29.35784161090851
398.0 38.05212080478668
399.0 47.42436707019806
400.0 56.78863525390625
401.0 65.66931009292603
402.0 73.69288206100464
403.0 80.35666346549988
404.0 85.23749709129333
405.0 88.83941769599915
406.0 90.76228141784668
407.0 92.40586161613464
408.0 93.28362345695496
409.0 93.71110796928406
410.0 93.84012222290039
411.0 93.68848204612732
412.0 93.34696531295776
413.0 93.13322901725769
414.0 93.01940202713013
415.0 93.18205118179321
416.0 93.55710744857788
417.0 93.92088055610657
418.0 94.44674849510193
419.0 94.98835802078247
420.0 95.50439715385437
421.0 96.03077173233032
422.0 96.1191713809967
423.0 96.39358520507812
424.0 96.15637063980103
425.0 96.02667093276978
426.0 95.9847629070282
427.0 96.03003859519958
428.0 95.83771228790283
429.0 95.69230675697327
430.0 95.59022188186646
431.0 95.6985592842102
432.0 95.71306109428406
433.0 95.7946240901947
434.0 95.84760069847107
435.0 96.01783752441406
436.0 96.04695439338684
437.0 96.01448774337769
438.0 96.09270691871643
439.0 96.18125557899475
440.0 96.1751401424408
441.0 96.3078498840332
442.0 96.26538753509521
443.0 96.22175097465515
444.0 96.17740511894226
445.0 95.84547877311707
446.0 95.75063586235046
447.0 95.58330178260803
448.0 95.61938047409058
449.0 95.75216174125671
450.0 95.99788784980774
451.0 96.22340202331543
452.0 96.41347527503967
453.0 96.51950597763062
454.0 96.60117626190186
455.0 96.92273139953613
456.0 97.00629115104675
457.0 97.1250593662262
458.0 97.14800119400024
459.0 97.17475175857544
460.0 97.15625643730164
461.0 97.23122715950012
462.0 97.20287322998047
463.0 97.10451364517212
464.0 97.21375703811646
465.0 97.0872163772583
466.0 97.09240198135376
467.0 97.09787964820862
468.0 97.11917638778687
469.0 97.17339873313904
470.0 96.98728919029236
471.0 96.91811800003052
472.0 96.94570899009705
473.0 96.85255289077759
474.0 96.76486849784851
475.0 96.86119556427002
476.0 96.86874747276306
477.0 96.96426391601562
478.0 96.9715416431427
479.0 96.97946906089783
480.0 97.16885685920715
481.0 97.24388718605042
482.0 97.42424488067627
483.0 97.32765555381775
484.0 97.4672257900238
485.0 97.54969477653503
486.0 97.54202365875244
487.0 97.61238694190979
488.0 97.60456085205078
489.0 97.72465825080872
490.0 97.6415753364563
491.0 97.69214987754822
492.0 97.65716791152954
493.0 97.64142036437988
494.0 97.60347008705139
495.0 97.68815636634827
496.0 97.5135087966919
497.0 97.44324088096619
498.0 97.2311794757843
499.0 97.28291034698486
500.0 97.21725583076477
501.0 97.19253778457642
502.0 97.13214039802551
503.0 97.2820520401001
504.0 97.09243774414062
505.0 97.11475968360901
506.0 97.15384244918823
507.0 97.06225395202637
508.0 97.09309935569763
509.0 97.0978319644928
510.0 97.02449440956116
511.0 97.09271192550659
512.0 96.9452440738678
513.0 97.03252911567688
514.0 97.02892899513245
515.0 97.10283279418945
516.0 97.12432026863098
517.0 97.10731506347656
518.0 97.21777439117432
519.0 97.20366597175598
520.0 97.2338080406189
521.0 97.36626744270325
522.0 97.33020663261414
523.0 97.31447100639343
524.0 97.31965065002441
525.0 97.27768898010254
526.0 97.39682674407959
527.0 97.36101627349854
528.0 97.45954871177673
529.0 97.5451111793518
530.0 97.52793908119202
531.0 97.64873385429382
532.0 97.55125045776367
533.0 97.51898050308228
534.0 97.48921990394592
535.0 97.29180932044983
536.0 96.91153168678284
537.0 96.27004861831665
538.0 95.34948468208313
539.0 93.81866455078125
540.0 91.93258881568909
541.0 89.14177417755127
542.0 86.22131943702698
543.0 82.40445256233215
544.0 77.67577767372131
545.0 73.58017563819885
546.0 68.6557948589325
547.0 64.19545412063599
548.0 59.80828404426575
549.0 55.92277646064758
550.0 52.95642018318176
551.0 49.994096159935
552.0 47.64881134033203
553.0 45.05976736545563
554.0 41.98683798313141
555.0 38.559481501579285
556.0 34.03191566467285
557.0 28.953132033348083
558.0 23.525668680667877
559.0 18.260754644870758
560.0 13.35722804069519
561.0 8.869639784097672
562.0 5.596225708723068
563.0 3.214750811457634
564.0 1.744546927511692
565.0 0.8330730721354485
566.0 0.4454927518963814
567.0 0.23181773722171783
568.0 0.1518027624115348
569.0 0.08162413141690195
570.0 0.08138730772770941
571.0 0.04334801924414933
572.0 0.05424936534836888
573.0 0.034040596801787615
574.0 0.040499912574887276
575.0 0.02329955605091527
576.0 0.032663161982782185
577.0 0.019504257943481207
578.0 0.028826040215790272
579.0 0.020619203860405833
580.0 0.027848061290569603
581.0 0.024639719049446285
582.0 0.01670899655437097
583.0 0.019340103608556092
584.0 0.025334788369946182
585.0 0.01359770103590563
586.0 0.01847150269895792
587.0 0.014736127923242748
588.0 0.023005151888355613
589.0 0.010176086652791128
590.0 0.023655794211663306
591.0 0.008397203782806173
592.0 0.021276058396324515
593.0 0.009523478365736082
594.0 0.013789052900392562
595.0 0.017039872182067484
596.0 0.006512911204481497
597.0 0.006668606511084363
598.0 0.00712687979103066
599.0 1.6530838113301694e-10
600.0 0.0033797317882999778
601.0 0.0023543361749034375
602.0 0.002423880869173445
603.0 0.0024934253815445118
604.0 0.0022346102923620492
605.0 0.0019757950212806463
606.0 0.0019937568140449002
607.0 0.002011718606809154
608.0 0.0018628838006407022
609.0 0.0017140489944722503
610.0 0.0018021755749941804
611.0 0.0018903017917182297
612.0 0.0018130705939256586
613.0 0.0017358399418299086
614.0 0.0017598895283299498
615.0 0.001783939660526812
616.0 0.0018835671653505415
617.0 0.0019831948520732112
618.0 0.0017955750081455335
619.0 0.0016079553461167961
620.0 0.00156705664267065
621.0 0.0015261581211234443
622.0 0.001449367937311763
623.0 0.0013725775716011412
624.0 0.0014125844245427288
625.0 0.0014525911865348462
626.0 0.0013457748536893632
627.0 0.001238958884641761
628.0 0.0013484599548974074
629.0 0.001457961570849875
630.0 0.0013392436812864617
631.0 0.0012205255188746378
632.0 0.0013505220522347372
633.0 0.001480518312746426
634.0 0.0014034805644769222
635.0 0.001326442179561127
636.0 0.0013534590834751725
637.0 0.001380476442136569
638.0 0.0012330859135545325
639.0 0.0010856952940230258
640.0 0.001057276222127257
641.0 0.0010288569683325477
642.0 0.001261972192878602
643.0 0.0014950875083741266
644.0 0.0013760251931671519
645.0 0.0012569625141622964
646.0 0.001221177626575809
647.0 0.0011853928299387917
648.0 0.0010939414096355904
649.0 0.0010024897164839786
650.0 0.0012309909834584687
651.0 0.0014594918866350781
652.0 0.0011829713002953213
653.0 0.0009064508049050346
654.0 0.0010660505722626112
655.0 0.0012256506124685984
656.0 0.00118030820885906
657.0 0.0011349659871484619
658.0 0.0010183723134105094
659.0 0.000901779185369378
660.0 0.0008728186912776437
661.0 0.0008438582881353796
662.0 0.0009540188329992816
663.0 0.001064179559762124
664.0 0.0011277043995505664
665.0 0.0011912289664905984
666.0 0.0011188614735146984
667.0 0.0010464936167409178
668.0 0.0011240585990890395
669.0 0.001201623490487691
670.0 0.001188416536024306
671.0 0.0011752094906114507
672.0 0.0011834136785182636
673.0 0.0011916176845261361
674.0 0.0011388631719455589
675.0 0.0010861087503144518
676.0 0.0010228595783701167
677.0 0.0009596102245268412
678.0 0.0010598272638162598
679.0 0.0011600443940551486
680.0 0.001051243998517748
681.0 0.0009424435120308772
682.0 0.0010219580872217193
683.0 0.0011014727533620317
684.0 0.0009278176548832562
685.0 0.0007541625109297456
686.0 0.0009434020284970757
687.0 0.0011326415005896706
688.0 0.00113321575554437
689.0 0.0011337901923980098
690.0 0.001021555726765655
691.0 0.00090932117018383
692.0 0.0009225241228705272
693.0 0.0009357272574561648
694.0 0.0010040356755780522
695.0 0.0010723440936999395
696.0 0.0011054510650865268
697.0 0.0011385576726752333
698.0 0.0012535307178040966
699.0 0.00136850376293296
700.0 0.0011423658179410268
701.0 0.0009162276910501532
702.0 0.0010796778042276856
703.0 0.0012431279174052179
704.0 0.0012381875421851873
705.0 0.0012332469850662164
706.0 0.0011652738066914026
707.0 0.001097300810215529
708.0 0.0010669212315406185
709.0 0.0010365419257141184
710.0 0.0011202254427189473
711.0 0.0012039092325721867
712.0 0.0011304828149150126
713.0 0.0010570563972578384
714.0 0.0011308914508845191
715.0 0.0012047267773596104
716.0 0.0014073418242332991
717.0 0.001609956962056458
718.0 0.0018733082470134832
719.0 0.0021366591681726277
720.0 0.0017520813344162889
721.0 0.0013675033187610097
722.0 0.0015346404325100593
723.0 0.00170177809195593
724.0 0.0016209776731557213
725.0 0.0015401772543555126
726.0 0.00171229949046392
727.0 0.0018844217265723273
728.0 0.0019414153939578682
729.0 0.001998409061343409
730.0 0.0019538980268407613
731.0 0.0019093869923381135
732.0 0.0018634267689776607
733.0 0.001817467091314029
734.0 0.0016038537069107406
735.0 0.001390240686305333
736.0 0.001234412229678128
737.0 0.001078583773050923
738.0 0.001063969193637604
739.0 0.0010493546142242849
740.0 0.0009120954928221181
741.0 0.000774836189521011
742.0 0.0008099485057755373
743.0 0.0008450608220300637
744.0 0.0009295590643887408
745.0 0.001014057397696888
746.0 0.0010148434739676304
747.0 0.0010156297321373131
748.0 0.0011450016245362349
749.0 0.0012743736078846268
750.0 0.0010856814697035588
751.0 0.0008969896953203715
752.0 0.0007860161531425547
753.0 0.0006750429292878835
754.0 0.0008155475370585918
755.0 0.0009560520993545651
756.0 0.0009151296580967028
757.0 0.0008742070349399
758.0 0.0008488283128826879
759.0 0.0008234498636738863
760.0 0.000660054683976341
761.0 0.0004966595497535309
762.0 0.0006032478722772794
763.0 0.0007098361948010279
764.0 0.000837786228657933
765.0 0.0009657365808379836
766.0 0.0008048318704823032
767.0 0.0006439272056013579
768.0 0.0005516140845429618
769.0 0.00045930091800983064
770.0 0.0003891342203132808
771.0 0.00031896749987936346
772.0 0.000541657027497422
773.0 0.0007643467142770533
774.0 0.0008730701665626839
775.0 0.0009817936188483145
776.0 0.000878689024830237
777.0 0.0007755844308121596
778.0 0.0007494619239878375
779.0 0.0007233394626382506
780.0 0.0006728495009156177
781.0 0.0006223594482435146
782.0 0.0005926312951487489
783.0 0.0005629029601550428
784.0 0.000699230713507859
785.0 0.0008355584213859402
786.0 0.0007482651199097745
787.0 0.0006609721367567545
788.0 0.00041647322177595925
789.0 0.00017197438637595042
790.0 0.00016676646055202582
791.0 0.0001615585006220499
792.0 0.00026137788609048584
793.0 0.0003611972715589218
794.0 0.0002911850970122032
795.0 0.0002211729224654846
796.0 0.0003288648031229968
797.0 0.00043655668378050905
798.0 0.0004827721568290144
799.0 0.0005289876753522549
800.0 0.0005443940608529374
801.0 0.0005598006282525603
802.0 0.00043906911741942167
803.0 0.0003183377202731208
804.0 0.0002860962013073731
805.0 0.0002538547732910956
806.0 0.0003040267756659887
807.0 0.0003541988007782493
808.0 0.0003994916824012762
809.0 0.0004447846094990382
810.0 0.00035616312743513845
811.0 0.0002675416453712387
812.0 0.00026036877898150124
813.0 0.0002531958671170287
814.0 0.00032325551728717983
815.0 0.00039331516745733097
816.0 0.0005215886176301865
817.0 0.0006498619768535718
818.0 0.00044731932575814426
819.0 0.0002447766746627167
820.0 0.00042209549064864404
821.0 0.0005994142156851012
822.0 0.000505769276060164
823.0 0.0004121243364352267
824.0 0.00045771757868351415
825.0 0.0005033107754570665
826.0 0.0005881289325770922
827.0 0.0006729469532729127
828.0 0.0005631471140077338
829.0 0.0004533471837930847
830.0 0.0004011158125649672
831.0 0.0003488844868115848
832.0 0.0004991051810065983
833.0 0.0006493257842521416
834.0 0.0005276648153085262
835.0 0.0004060038008901756
836.0 0.0004363117113825865
837.0 0.0004666196673497325
838.0 0.000478707534057321
839.0 0.0004907954917143798
840.0 0.0005677665285475086
841.0 0.0006447375199059024
842.0 0.0003372847686478053
843.0 2.983194349326368e-05
844.0 8.484576028422453e-05
845.0 0.00013985958275952726
846.0 0.00040925315261119977
847.0 0.0006786468475183938
848.0 0.0006027305062161759
849.0 0.0005268142558634281
850.0 0.0005075946774013573
851.0 0.0004883750989392865
852.0 0.0005707351192540955
853.0 0.0006530947757710237
854.0 0.0006346372174448334
855.0 0.0006161794772197027
856.0 0.0006209420917002717
857.0 0.0006257047971303109
858.0 0.0005711292487831088
859.0 0.0005165537004359066
860.0 0.0005244861313258298
861.0 0.0005324184712662827
862.0 0.0005122800757817458
863.0 0.000492141725771944
864.0 0.00044413195610104594
865.0 0.00039612218643014785
866.0 0.0004325603185861837
867.0 0.00046899849621695466
868.0 0.0005964566298644058
869.0 0.0007239148089865921
870.0 0.0006087062502047047
871.0 0.0004934975095238769
872.0 0.00041958610381698236
873.0 0.00034567462989798514
874.0 0.0004092698873137124
875.0 0.0004728651219920721
876.0 0.0005951674665993778
877.0 0.0007174698112066835
878.0 0.0007298578566405922
879.0 0.0007422458111250307
880.0 0.0007054105026327306
881.0 0.0006685754669888411
882.0 0.0005718723514291923
883.0 0.00047516946324321907
884.0 0.0005091747880214825
885.0 0.0005431803401734214
886.0 0.0006780879175494192
887.0 0.0008129957677738275
888.0 0.0006426021627703449
889.0 0.00047220873966580257
890.0 0.0005402922852226766
891.0 0.000608376012678491
892.0 0.0005562758360611042
893.0 0.0005041757503931876
894.0 0.0004925263510813238
895.0 0.00048087704271893017
896.0 0.00031371807835967047
897.0 0.00014655907989435946
898.0 0.00029907066618761746
899.0 0.00045158221837482415
900.0 0.00041163280002365354
901.0 0.0003716834044098505
902.0 0.0005493039225257235
903.0 0.000726924463378964
904.0 0.00039901647141959984
905.0 7.110838282642362e-05
906.0 0.0003002559878950706
