lsstCam/transmission_filter_detector/r32_s12/z_20/19700101T000000.ecsv
# %ECSV 1.0
# ---
# datatype:
# - {name: wavelength, unit: nm, datatype: float32}
# - {name: efficiency, unit: '%', datatype: float64}
# meta: !!omap
# - {MODE: DETECTOR}
# - {TYPE: transmission_filter_detector}
# - {CALIBDATE: '1970-01-01T00:00:00'}
# - {INSTRUME: LSSTCam}
# - {OBSTYPE: transmission_filter_detector}
# - {CALIBCLS: lsst.ip.isr.IntermediateFilterDetectorTransmissionCurve}
# - {SOURCE: Materion (DM-46256)}
# - {DETECTOR: 140}
# - {FILTER: z_20}
# - {CALIB_ID: 'calibDate=1970-01-01T00:00:00 filter=z_20 detector=140'}
# - {DATE: '2025-04-02T15:59:49.288754'}
# - {CALIB_CREATION_DATE: '2025-04-02'}
# - {CALIB_CREATION_TIME: '15:59:49'}
# - __serialized_columns__:
#     efficiency:
#       __class__: astropy.units.quantity.Quantity
#       unit: !astropy.units.Unit {unit: '%'}
#       value: !astropy.table.SerializedColumn {name: efficiency}
#     wavelength:
#       __class__: astropy.units.quantity.Quantity
#       unit: !astropy.units.Unit {unit: nm}
#       value: !astropy.table.SerializedColumn {name: wavelength}
# schema: astropy-2.0
wavelength efficiency
300.0 0.35821765195578337
301.0 0.31410064548254013
302.0 0.26998366229236126
303.0 0.24170794058591127
304.0 0.2134322188794613
305.0 0.18440501298755407
306.0 0.15537779545411468
307.0 0.15205030795186758
308.0 0.14872282044962049
309.0 0.13504070229828358
310.0 0.12135857250541449
311.0 0.11699575698003173
312.0 0.11263294145464897
313.0 0.10789624648168683
314.0 0.10315955150872469
315.0 0.09431274374946952
316.0 0.08546593599021435
317.0 0.07834872230887413
318.0 0.07123150280676782
319.0 0.06705059786327183
320.0 0.06286969291977584
321.0 0.06000838475301862
322.0 0.05714707658626139
323.0 0.05508689791895449
324.0 0.05302671925164759
325.0 0.04998845397494733
326.0 0.046950188698247075
327.0 0.04214776563458145
328.0 0.03734534257091582
329.0 0.03542531339917332
330.0 0.033505287137813866
331.0 0.03431958029977977
332.0 0.035133870551362634
333.0 0.031010020757094026
334.0 0.026886173873208463
335.0 0.026944454293698072
336.0 0.027002737624570727
337.0 0.02231453690910712
338.0 0.017626334738451988
339.0 0.018840770644601434
340.0 0.020055208005942404
341.0 0.0179380745976232
342.0 0.01582093827892095
343.0 0.01584517740411684
344.0 0.015869415074121207
345.0 0.014147024194244295
346.0 0.012424630403984338
347.0 0.013771490193903446
348.0 0.015118349983822554
349.0 0.014109452604316175
350.0 0.01310055231442675
351.0 0.012722783139906824
352.0 0.012345016875769943
353.0 0.012802040146198124
354.0 0.013259067782200873
355.0 0.01236026146216318
356.0 0.01146145659731701
357.0 0.011020214878953993
358.0 0.010578973160590976
359.0 0.010543309326749295
360.0 0.010507645492907614
361.0 0.010402718908153474
362.0 0.01029779450618662
363.0 0.00959816825343296
364.0 0.0088985420006793
365.0 0.008937979146139696
366.0 0.008977415564004332
367.0 0.008548851474188268
368.0 0.008120286656776443
369.0 0.0086379841377493
370.0 0.009155682346317917
371.0 0.00846659459057264
372.0 0.007777507562423125
373.0 0.0074714989750646055
374.0 0.007165489660110325
375.0 0.006098275480326265
376.0 0.005031061300542206
377.0 0.005014885391574353
378.0 0.0049987094826065
379.0 0.005248675734037533
380.0 0.005498641985468566
381.0 0.00564457914151717
382.0 0.005790515933767892
383.0 0.005245257125352509
384.0 0.0046999979531392455
385.0 0.004522797462414019
386.0 0.004345597335486673
387.0 0.004495892062550411
388.0 0.0046461867896141484
389.0 0.004602232729666866
390.0 0.004558279397315346
391.0 0.0041190371121047065
392.0 0.0036797955544898286
393.0 0.003878642019117251
394.0 0.004077488847542554
395.0 0.0037877496652072296
396.0 0.0034980108466697857
397.0 0.0038238857086980715
398.0 0.004149760934524238
399.0 0.004155229180469178
400.0 0.004160697426414117
401.0 0.004573789919959381
402.0 0.004986882413504645
403.0 0.004409419125295244
404.0 0.0038319554732879624
405.0 0.003833399750874378
406.0 0.003834844028460793
407.0 0.0043164454837096855
408.0 0.0047980473027564585
409.0 0.003994456346845254
410.0 0.003190865754731931
411.0 0.003682265378301963
412.0 0.004173665001871996
413.0 0.004434987567947246
414.0 0.004696310497820377
415.0 0.004549220830085687
416.0 0.004402131889946759
417.0 0.003408815973671153
418.0 0.0024155004211934283
419.0 0.002915093682531733
420.0 0.003414686580072157
421.0 0.003302864934084937
422.0 0.003191043288097717
423.0 0.00332550480379723
424.0 0.0034599659556988627
425.0 0.0031251402106136084
426.0 0.0027903142836294137
427.0 0.0031094485166249797
428.0 0.0034285822039237246
429.0 0.0029416867619147524
430.0 0.00245479113800684
431.0 0.0018575343347038142
432.0 0.001260277258552378
433.0 0.001892683758342173
434.0 0.0025250899852835573
435.0 0.0028998447305639274
436.0 0.003274599293945357
437.0 0.0030494409656967036
438.0 0.0028242824555491097
439.0 0.002396261152171064
440.0 0.0019682396668940783
441.0 0.002222775401605759
442.0 0.0024773111363174394
443.0 0.002451039108564146
444.0 0.002424766898911912
445.0 0.0022897584130987525
446.0 0.0021547502910834737
447.0 0.0024863427825039253
448.0 0.002817935273924377
449.0 0.0023826989490771666
450.0 0.0019474628061288968
451.0 0.0019495626474963501
452.0 0.001951662306964863
453.0 0.0019119124772259966
454.0 0.0018721628293860704
455.0 0.0018440336134517565
456.0 0.0018159047613153234
457.0 0.001517668988526566
458.0 0.0012194330338388681
459.0 0.0017331010894849896
460.0 0.002246768963232171
461.0 0.0016917585526243784
462.0 0.0011367483239155263
463.0 0.0012801117009075824
464.0 0.0014234751688491087
465.0 0.001308217724727001
466.0 0.0011929603715543635
467.0 0.0010757806194305886
468.0 0.0009586007763573434
469.0 0.0010276519788021687
470.0 0.0010967032721964642
471.0 0.0012100937055947725
472.0 0.0013234842299425509
473.0 0.0013266402675071731
474.0 0.0013297962141223252
475.0 0.0014209479559212923
476.0 0.001512099424871849
477.0 0.0015513003745581955
478.0 0.0015905014151940122
479.0 0.0018002036085817963
480.0 0.002009906165767461
481.0 0.0016104942915262654
482.0 0.0012110824172850698
483.0 0.001219987007061718
484.0 0.0012288916877878364
485.0 0.001368212906527333
486.0 0.0015075341252668295
487.0 0.0014155585631669965
488.0 0.0013235830920166336
489.0 0.0015488018107134849
490.0 0.0017740205294103362
491.0 0.0017413323803339154
492.0 0.0017086442312574945
493.0 0.0017369648048770614
494.0 0.0017652855603955686
495.0 0.0016334925021510571
496.0 0.0015016992620076053
497.0 0.0017001137166516855
498.0 0.0018985281712957658
499.0 0.001729555515339598
500.0 0.0015605828593834303
501.0 0.001259617511095712
502.0 0.0009586522537574638
503.0 0.0009460412911721505
504.0 0.0009334303285868373
505.0 0.0015083297512319405
506.0 0.0020832287191296928
507.0 0.0014655843187938444
508.0 0.0008479395546601154
509.0 0.0010014423423854169
510.0 0.0011549450391612481
511.0 0.00114728700282285
512.0 0.0011396288755349815
513.0 0.0011185916264366824
514.0 0.0010975543773383833
515.0 0.0011624757462413982
516.0 0.0012273969332454726
517.0 0.0010808215847646352
518.0 0.0009342462362837978
519.0 0.0011267636182310525
520.0 0.0013192810001783073
521.0 0.0012727590728900395
522.0 0.0012262370546523016
523.0 0.0013663699064636603
524.0 0.0015065026673255488
525.0 0.0013938894880993757
526.0 0.0012812763088732027
527.0 0.0012994398275623098
528.0 0.0013176035281503573
529.0 0.001373665509163402
530.0 0.001429727581125917
531.0 0.0015290808732970618
532.0 0.0016284344383166172
533.0 0.0015511983292526565
534.0 0.0014739619473402854
535.0 0.0014838828974461649
536.0 0.0014938038475520443
537.0 0.001484917174821021
538.0 0.0014760305020899978
539.0 0.001256340055988403
540.0 0.001036649427987868
541.0 0.0010435625881655142
542.0 0.0010504757483431604
543.0 0.0009499791303824168
544.0 0.0008494826033711433
545.0 0.0011156931577716023
546.0 0.0013819037121720612
547.0 0.0015500194422202185
548.0 0.0017181349903694354
549.0 0.0019998837160528637
550.0 0.0022816322598373517
551.0 0.002146184124285355
552.0 0.0020107363525312394
553.0 0.0020346393284853548
554.0 0.00205854230443947
555.0 0.0017904887499753386
556.0 0.0015224351045617368
557.0 0.0014152523363009095
558.0 0.0013080697499390226
559.0 0.0012052751117153093
560.0 0.001102480473491596
561.0 0.0011681116120598745
562.0 0.001233742841577623
563.0 0.0014792653018957935
564.0 0.001724787762213964
565.0 0.0018269753127242438
566.0 0.001929163045133464
567.0 0.002074672738672234
568.0 0.002220182432211004
569.0 0.0024492717784596607
570.0 0.0026783611247083172
571.0 0.0026687217541621067
572.0 0.0026590825655148365
573.0 0.00223697043111315
574.0 0.0018148582967114635
575.0 0.0017776950699044392
576.0 0.0017405316611984745
577.0 0.0018601347619551234
578.0 0.0019797378627117723
579.0 0.001999454980250448
580.0 0.0020191724615870044
581.0 0.0021154788555577397
582.0 0.0022117850676295348
583.0 0.0019919369151466526
584.0 0.0017720891264616512
585.0 0.0020690504243248142
586.0 0.0023660117221879773
587.0 0.0020269726519472897
588.0 0.0016879333998076618
589.0 0.001521528247394599
590.0 0.0013551233678299468
591.0 0.001415892802469898
592.0 0.0014766625099582598
593.0 0.0010184761777054518
594.0 0.0005602901183010545
595.0 0.0008362669177586213
596.0 0.0011122438081656583
597.0 0.0008965664164861664
598.0 0.0006808889793319395
599.0 0.0009837104698817711
600.0 0.0012865320059063379
601.0 0.0011101165910076816
602.0 0.0009337011761090253
603.0 0.0013040049452683888
604.0 0.0016743086234782822
605.0 0.0013948328160040546
606.0 0.0011153570994792972
607.0 0.0010016099622589536
608.0 0.0008878629159880802
609.0 0.00087863927547005
610.0 0.0008694156349520199
611.0 0.0011189203178219032
612.0 0.0013684249097423162
613.0 0.0014546663805958815
614.0 0.0015409083061967976
615.0 0.0015325822459999472
616.0 0.001524256276752567
617.0 0.0015975807400536723
618.0 0.0016709056581021287
619.0 0.0016164911357918754
620.0 0.0015620766134816222
621.0 0.001585665813763626
622.0 0.00160925519594457
623.0 0.0012333814083831385
624.0 0.000857507620821707
625.0 0.0011725181138899643
626.0 0.0014875285160087515
627.0 0.001715102007437963
628.0 0.0019426754079177044
629.0 0.001952144521055743
630.0 0.0019616134522948414
631.0 0.0023280992536456324
632.0 0.0026945850549964234
633.0 0.0029631699362653308
634.0 0.003231754817534238
635.0 0.005705321382265538
636.0 0.0081788886745926
637.0 0.014848644786980003
638.0 0.021518404537346214
639.0 0.019750154751818627
640.0 0.017981907876674086
641.0 0.015718945360276848
642.0 0.013455981388688087
643.0 0.009656088514020666
644.0 0.005856196003151126
645.0 0.006314712663879618
646.0 0.006773229688405991
647.0 0.006396516982931644
648.0 0.006019803913659416
649.0 0.004873345096712001
650.0 0.003726886279764585
651.0 0.0037011537642683834
652.0 0.00367542052117642
653.0 0.0031539457268081605
654.0 0.0026324705686420202
655.0 0.0024612361812614836
656.0 0.0022900016119820066
657.0 0.0025874531274894252
658.0 0.002884904279198963
659.0 0.0023296712242881767
660.0 0.0017744381693773903
661.0 0.002218231384176761
662.0 0.002662024417077191
663.0 0.0022546242689713836
664.0 0.0018472243027645163
665.0 0.0017386973922839388
666.0 0.0016301706637023017
667.0 0.001550162778585218
668.0 0.0014701547115691938
669.0 0.0014414669749385212
670.0 0.001412778965459438
671.0 0.0014785604435019195
672.0 0.0015443416486959904
673.0 0.0014586752513423562
674.0 0.0013730087630392518
675.0 0.0011919502867385745
676.0 0.0010108919013873674
677.0 0.0012518284165707882
678.0 0.0014927650227036793
679.0 0.0016386471543228254
680.0 0.0017845293768914416
681.0 0.0020957870219717734
682.0 0.0024070448489510454
683.0 0.002629960363265127
684.0 0.0028528758775792085
685.0 0.00248007636400871
686.0 0.0021072764866403304
687.0 0.0020932671759510413
688.0 0.002079257865261752
689.0 0.0024026610844885
690.0 0.0027260641218163073
691.0 0.002356895674893167
692.0 0.0019877268641721457
693.0 0.0022832658942206763
694.0 0.002578804924269207
695.0 0.003211859439034015
696.0 0.0038449143175967038
697.0 0.003962855407735333
698.0 0.004080796497873962
699.0 0.005608727587969042
700.0 0.007136659405659884
701.0 0.007171443576226011
702.0 0.007206228474387899
703.0 0.006740171374985948
704.0 0.006274115003179759
705.0 0.005144724855199456
706.0 0.004015335798612796
707.0 0.0035705281334230676
708.0 0.0031257204682333395
709.0 0.00372410831914749
710.0 0.004322496897657402
711.0 0.0041082617826759815
712.0 0.0038940273952903226
713.0 0.003085253047174774
714.0 0.0022764785171602853
715.0 0.002348730959056411
716.0 0.0024209832190535963
717.0 0.0019482009520288557
718.0 0.001475418685004115
719.0 0.001607683407200966
720.0 0.001739948129397817
721.0 0.002010829484788701
722.0 0.0022817110220785253
723.0 0.002429656160529703
724.0 0.002577601480879821
725.0 0.0016110407159430906
726.0 0.0006444799055316253
727.0 0.0010094981917063706
728.0 0.001374516523355851
729.0 0.001255326878890628
730.0 0.0011361370525264647
731.0 0.0007684512638661545
732.0 0.00040076556615531445
733.0 0.0008169965440174565
734.0 0.0012332276128290687
735.0 0.0014480379832093604
736.0 0.0016628484445391223
737.0 0.0014636410014645662
738.0 0.00126443346744054
739.0 0.0014908922821632586
740.0 0.0017173511878354475
741.0 0.0015160409020609222
742.0 0.001314730616286397
743.0 0.0013839884559274651
744.0 0.0014532463865180034
745.0 0.001721906846796628
746.0 0.0019905675799236633
747.0 0.002092364593409002
748.0 0.0021941617887932807
749.0 0.002799690446408931
750.0 0.0034052191040245816
751.0 0.0029356402592384256
752.0 0.0024660617782501504
753.0 0.0025380342776770703
754.0 0.00261000659520505
755.0 0.002193713589804247
756.0 0.001777420584403444
757.0 0.0021600473701255396
758.0 0.002542674155847635
759.0 0.0025210749299731106
760.0 0.0024994755221996456
761.0 0.004539782094070688
762.0 0.0065800893935374916
763.0 0.006312064215308055
764.0 0.006044039037078619
765.0 0.005207377762417309
766.0 0.00437071721535176
767.0 0.004318383435020223
768.0 0.004266049654688686
769.0 0.005132659862283617
770.0 0.005999270069878548
771.0 0.0052418068662518635
772.0 0.004484343662625179
773.0 0.004182455813861452
774.0 0.0038805676012998447
775.0 1.5750015224316738e-10
776.0 1.5750015224316738e-10
777.0 1.5750015224316738e-10
778.0 0.048406649148091674
779.0 0.02340214268770069
780.0 0.058322009863331914
781.0 0.08644963963888586
782.0 0.09411328355781734
783.0 0.04356782301329076
784.0 0.06356475641950965
785.0 1.5750015224316738e-10
786.0 0.07784381741657853
787.0 0.09005923056975007
788.0 0.09840878192335367
789.0 0.16349322395399213
790.0 1.5750015224316738e-10
791.0 0.07752655656076968
792.0 0.06720424862578511
793.0 0.07184891728684306
794.0 0.03071680839639157
795.0 0.09032452944666147
796.0 0.060410756850615144
797.0 0.01661704300204292
798.0 0.10386672802269459
799.0 0.21082102321088314
800.0 0.07366214995272458
801.0 0.332263158634305
802.0 0.4891397897154093
803.0 0.7240915670990944
804.0 1.2227184139192104
805.0 1.8591299653053284
806.0 2.9983052983880043
807.0 4.562476277351379
808.0 6.326213479042053
809.0 8.626297116279602
810.0 11.441482603549957
811.0 14.564473927021027
812.0 17.719271779060364
813.0 20.624631643295288
814.0 23.26422482728958
815.0 26.628172397613525
816.0 30.99300265312195
817.0 36.21936738491058
818.0 41.768431663513184
819.0 47.24976420402527
820.0 54.46254014968872
821.0 61.987704038619995
822.0 68.58811378479004
823.0 74.8356580734253
824.0 80.61082363128662
825.0 86.14076972007751
826.0 89.93968367576599
827.0 93.74696612358093
828.0 96.48929238319397
829.0 98.02548289299011
830.0 98.71275424957275
831.0 98.98513555526733
832.0 98.84418249130249
833.0 99.82107877731323
834.0 98.4664261341095
835.0 99.395090341568
836.0 99.41969513893127
837.0 99.51832890510559
838.0 98.19995164871216
839.0 98.98567795753479
840.0 99.00160431861877
841.0 99.8710036277771
842.0 99.68361258506775
843.0 99.90735054016113
844.0 98.38153719902039
845.0 98.82616996765137
846.0 98.99933934211731
847.0 98.68254661560059
848.0 99.92704391479492
849.0 98.85204434394836
850.0 98.48164916038513
851.0 99.07365441322327
852.0 99.35951232910156
853.0 98.83696436882019
854.0 99.96504187583923
855.0 98.64835143089294
856.0 99.02440309524536
857.0 98.19561243057251
858.0 98.81676435470581
859.0 99.23531413078308
860.0 98.59449863433838
861.0 99.09203052520752
862.0 98.81097078323364
863.0 98.47795963287354
864.0 99.42680597305298
865.0 99.91751313209534
866.0 98.7131655216217
867.0 99.55483078956604
868.0 99.5196282863617
869.0 98.86415004730225
870.0 98.26205968856812
871.0 98.98895621299744
872.0 99.36156868934631
873.0 99.09851551055908
874.0 99.7994601726532
875.0 98.93473982810974
876.0 99.19241666793823
877.0 99.52539801597595
878.0 99.43816661834717
879.0 98.83122444152832
880.0 98.51290583610535
881.0 100.15832185745239
882.0 99.04835224151611
883.0 99.02052879333496
884.0 99.28193092346191
885.0 99.27147030830383
886.0 99.07003045082092
887.0 98.88296723365784
888.0 99.27403926849365
889.0 99.70200061798096
890.0 98.60863089561462
891.0 99.70557689666748
892.0 98.84335398674011
893.0 98.97531270980835
894.0 98.49106669425964
895.0 99.82237219810486
