lsstCam/transmission_filter_detector/r32_s12/z_20/19700101T000000.ecsv
# %ECSV 1.0
# ---
# datatype:
# - {name: wavelength, unit: nm, datatype: float32}
# - {name: efficiency, unit: '%', datatype: float64}
# meta: !!omap
# - {MODE: DETECTOR}
# - {TYPE: transmission_filter_detector}
# - {CALIBDATE: '1970-01-01T00:00:00'}
# - {INSTRUME: LSSTCam}
# - {OBSTYPE: transmission_filter_detector}
# - {CALIBCLS: lsst.ip.isr.IntermediateFilterDetectorTransmissionCurve}
# - {SOURCE: Materion (DM-46256)}
# - {DETECTOR: 140}
# - {FILTER: z_20}
# - {CALIB_ID: 'calibDate=1970-01-01T00:00:00 filter=z_20 detector=140'}
# - {DATE: '2025-04-02T15:59:49.288754'}
# - {CALIB_CREATION_DATE: '2025-04-02'}
# - {CALIB_CREATION_TIME: '15:59:49'}
# - __serialized_columns__:
#     efficiency:
#       __class__: astropy.units.quantity.Quantity
#       unit: !astropy.units.Unit {unit: '%'}
#       value: !astropy.table.SerializedColumn {name: efficiency}
#     wavelength:
#       __class__: astropy.units.quantity.Quantity
#       unit: !astropy.units.Unit {unit: nm}
#       value: !astropy.table.SerializedColumn {name: wavelength}
# schema: astropy-2.0
wavelength efficiency
[from data line 597]
897.0 99.44696426391602
898.0 99.07366037368774
899.0 98.59002232551575
900.0 99.17205572128296
901.0 99.41981434822083
902.0 99.2033064365387
903.0 98.86649250984192
904.0 97.87083268165588
905.0 98.68167042732239
906.0 98.3348548412323
907.0 98.91402125358582
908.0 98.31980466842651
909.0 98.59290719032288
910.0 98.03763628005981
911.0 97.12291359901428
912.0 96.19999527931213
913.0 95.02414464950562
914.0 92.58753657341003
915.0 90.50345420837402
916.0 88.45549821853638
917.0 86.94117665290833
918.0 83.60545635223389
919.0 82.47960805892944
920.0 79.6041190624237
921.0 75.62734484672546
922.0 71.37774229049683
923.0 65.79557061195374
924.0 60.45321822166443
925.0 54.98054623603821
926.0 48.896488547325134
927.0 42.09476113319397
928.0 36.36851906776428
929.0 30.00275194644928
930.0 24.24059808254242
931.0 19.129006564617157
932.0 13.612303137779236
933.0 9.255826473236084
934.0 5.951091647148132
935.0 3.6638036370277405
936.0 2.1547572687268257
937.0 1.3721000403165817
938.0 0.8239155635237694
939.0 0.4441256169229746
940.0 0.300911464728415
941.0 0.17486390424892306
942.0 0.19273414509370923
943.0 1.5750015224316738e-10
944.0 0.13607394648715854
945.0 1.5750015224316738e-10
946.0 0.030559682636521757
947.0 1.5750015224316738e-10
948.0 1.5750015224316738e-10
949.0 1.5750015224316738e-10
950.0 1.5750015224316738e-10
951.0 1.5750015224316738e-10
952.0 0.06599270273000002
953.0 1.5750015224316738e-10
954.0 0.12452816590666771
955.0 1.5750015224316738e-10
956.0 1.5750015224316738e-10
957.0 0.048912124475464225
958.0 1.5750015224316738e-10
959.0 1.5750015224316738e-10
960.0 1.5750015224316738e-10
961.0 0.075034040492028
962.0 1.5750015224316738e-10
963.0 1.5750015224316738e-10
964.0 0.021790710161440074
965.0 1.5750015224316738e-10
966.0 1.5750015224316738e-10
967.0 0.02405298437224701
968.0 1.5750015224316738e-10
969.0 0.023485800193157047
970.0 0.014864512195345014
971.0 1.5750015224316738e-10
972.0 1.5750015224316738e-10
973.0 0.07022889330983162
974.0 1.5750015224316738e-10
975.0 1.5750015224316738e-10
976.0 0.006439754361053929
977.0 0.00641475708107464
978.0 0.006389760528691113
979.0 0.006148029933683574
980.0 0.005906299702473916
981.0 0.005823232277180068
982.0 0.005740164124290459
983.0 0.005563692320720293
984.0 0.005387220517150126
985.0 0.005287477688398212
986.0 0.005187734495848417
987.0 0.005190391675569117
988.0 0.0051930492190876976
989.0 0.005059114846517332
990.0 0.004925180473946966
991.0 0.0048211339162662625
992.0 0.004717087358585559
993.0 0.0047306624765042216
994.0 0.004744237594422884
995.0 0.004635069126379676
996.0 0.004525900294538587
997.0 0.004512706436798908
998.0 0.004499511851463467
999.0 0.004570569944917224
1000.0 0.004641628038370982
1001.0 0.004517267370829359
1002.0 0.004392906339489855
1003.0 0.004374489435576834
1004.0 0.004356072531663813
1005.0 0.004343179170973599
1006.0 0.004330285810283385
1007.0 0.004389201421872713
1008.0 0.00444811703346204
1009.0 0.0043740106775658205
1010.0 0.00429990395787172
1011.0 0.004249328776495531
1012.0 0.0041987532313214615
1013.0 0.004273236118024215
1014.0 0.004347718640929088
1015.0 0.00431115877290722
1016.0 0.004274598904885352
1017.0 0.004420430559548549
1018.0 0.004566262214211747
1019.0 0.004499448914430104
1020.0 0.004432635614648461
1021.0 0.004464380617719144
1022.0 0.004496125256991945
1023.0 0.0045150110963732
1024.0 0.004533896935754456
1025.0 0.004456275200936943
1026.0 0.004378653466119431
1027.0 0.0044850607082480565
1028.0 0.004591467586578801
1029.0 0.004681648351834156
1030.0 0.004771828753291629
1031.0 0.004721319783129729
1032.0 0.00467081117676571
1033.0 0.0048065659939311445
1034.0 0.004942320811096579
1035.0 0.005048396997153759
1036.0 0.00515447354700882
1037.0 0.005277367745293304
1038.0 0.0054002623073756695
1039.0 0.005446271097753197
1040.0 0.005492279888130724
1041.0 0.0053958690841682255
1042.0 0.005299458280205727
1043.0 0.005666028300765902
1044.0 0.006032598321326077
1045.0 0.006123464117990807
1046.0 0.006214329187059775
1047.0 0.0063229956140276045
1048.0 0.006431662768591195
1049.0 0.006559504981851205
1050.0 0.006687346467515454
1051.0 0.00693761685397476
1052.0 0.0071878872404340655
1053.0 0.007434339204337448
1054.0 0.007680788985453546
1055.0 0.007441157504217699
1056.0 0.0072015245677903295
1057.0 0.007671494677197188
1058.0 0.008141465514199808
1059.0 0.008261231414508075
1060.0 0.008380998042412102
1061.0 0.008565901953261346
1062.0 0.00875080659170635
1063.0 0.009110432438319549
1064.0 0.009470060467720032
1065.0 0.009637053881306201
1066.0 0.009804045839700848
1067.0 0.009771585609996691
1068.0 0.009739124652696773
1069.0 0.009940698510035872
1070.0 0.010142269456991926
1071.0 0.010476706665940583
1072.0 0.010811143147293478
1073.0 0.01097303320420906
1074.0 0.01113492253352888
1075.0 0.011416385677875951
1076.0 0.011697848094627261
1077.0 0.012390228221192956
1078.0 0.013082611258141696
1079.0 0.013069022679701447
1080.0 0.013055435556452721
1081.0 0.013963095261715353
1082.0 0.014870754966977984
1083.0 0.015179782349150628
1084.0 0.015488811186514795
1085.0 0.015222423826344311
1086.0 0.014956040831748396
1087.0 0.01559371012263
1088.0 0.01623138232389465
1089.0 0.015935821284074336
1090.0 0.01564026315463707
1091.0 0.01680196146480739
1092.0 0.017963661230169237
1093.0 0.01810500252759084
1094.0 0.01824634528020397
1095.0 0.018771567556541413
1096.0 0.019296786922495812
1097.0 0.020037690410390496
1098.0 0.02077859389828518
1099.0 0.020940917602274567
1100.0 0.02110323985107243
1101.0 0.022420391906052828
1102.0 0.023737542505841702
1103.0 0.024434825172647834
1104.0 0.025132112205028534
1105.0 0.02565228205639869
1106.0 0.026172451907768846
1107.0 0.027200995828025043
1108.0 0.02822953974828124
1109.0 0.028978989575989544
1110.0 0.029728442314080894
1111.0 0.030348464497365057
1112.0 0.030968492501415312
1113.0 0.031450550886802375
1114.0 0.03193260927218944
1115.0 0.03196906473021954
1116.0 0.03200552018824965
1117.0 0.03216437762603164
1118.0 0.03232323797419667
1119.0 0.0341603095876053
1120.0 0.03599738120101392
1121.0 0.037705645081587136
1122.0 0.0394139060517773
1123.0 0.041449430864304304
1124.0 0.043484955676831305
1125.0 0.04566998977679759
1126.0 0.04785502387676388
1127.0 0.04770391387864947
1128.0 0.047552803880535066
1129.0 0.050467567052692175
1130.0 0.05338232731446624
1131.0 0.058425660245120525
1132.0 0.0634689989965409
1133.0 0.0629901303909719
1134.0 0.0625112617854029
1135.0 0.06835750536993146
1136.0 0.07420375477522612
1137.0 0.07884474471211433
1138.0 0.08348575211130083
1139.0 0.08817879715934396
1140.0 0.09287184802815318
1141.0 0.10523857781663537
1142.0 0.1176052843220532
1143.0 0.16087193507701159
1144.0 0.20413862075656652
1145.0 0.4629564005881548
1146.0 0.7217741571366787
1147.0 1.2117419391870499
1148.0 1.7017096281051636
1149.0 1.691119372844696
1150.0 1.6805289313197136
