lsstCam/transmission_filter_detector/r43_s11/r_57/19700101T000000.ecsv
# %ECSV 1.0
# ---
# datatype:
# - {name: wavelength, unit: nm, datatype: float32}
# - {name: efficiency, unit: '%', datatype: float64}
# meta: !!omap
# - {MODE: DETECTOR}
# - {TYPE: transmission_filter_detector}
# - {CALIBDATE: '1970-01-01T00:00:00'}
# - {INSTRUME: LSSTCam}
# - {OBSTYPE: transmission_filter_detector}
# - {CALIBCLS: lsst.ip.isr.IntermediateFilterDetectorTransmissionCurve}
# - {SOURCE: Materion (DM-46256)}
# - {DETECTOR: 184}
# - {FILTER: r_57}
# - {CALIB_ID: 'calibDate=1970-01-01T00:00:00 filter=r_57 detector=184'}
# - {DATE: '2025-04-02T15:59:45.035642'}
# - {CALIB_CREATION_DATE: '2025-04-02'}
# - {CALIB_CREATION_TIME: '15:59:45'}
# - __serialized_columns__:
#     efficiency:
#       __class__: astropy.units.quantity.Quantity
#       unit: !astropy.units.Unit {unit: '%'}
#       value: !astropy.table.SerializedColumn {name: efficiency}
#     wavelength:
#       __class__: astropy.units.quantity.Quantity
#       unit: !astropy.units.Unit {unit: nm}
#       value: !astropy.table.SerializedColumn {name: wavelength}
# schema: astropy-2.0
wavelength efficiency
[from data line 603]
903.0 0.00017519173525215592
904.0 0.0002024405830525211
905.0 0.0002296893853781512
906.0 0.00013985118130221963
907.0 5.001297722628806e-05
908.0 0.00010950973319268087
909.0 0.00016900648915907368
910.0 9.370970701638726e-05
911.0 1.8412920610444417e-05
912.0 0.00010994164085786906
913.0 0.00020147037957940483
914.0 0.00016698510307833203
915.0 0.00013249981520857546
916.0 0.00013583314739662455
917.0 0.00013916647958467365
918.0 6.174143436510349e-05
919.0 1.6822555718234988e-10
920.0 6.062543320695113e-05
921.0 0.00013693444316231762
922.0 0.00015390749013022287
923.0 0.00017088057120417943
924.0 0.00019818007785943337
925.0 0.0002254796299894224
926.0 0.0002679673343664035
927.0 0.00031045508421811974
928.0 0.0002561539304224425
929.0 0.00020185275388939772
930.0 0.00014024914207766415
931.0 7.864550184422114e-05
932.0 9.682194104243536e-05
933.0 0.00011499838592499145
934.0 0.0001134933199864463
935.0 0.00011198825404790114
936.0 0.0001048373860612628
937.0 9.76865067059407e-05
938.0 1.1975109259765304e-05
939.0 1.6822555718234988e-10
940.0 0.00011590940403038985
941.0 0.0003055550905628479
942.0 0.0003331544576212764
943.0 0.00036075382467970485
944.0 0.000302087573800236
945.0 0.00024342127744603204
946.0 0.00040792228901409544
947.0 0.0005724233687942615
948.0 0.0005836898708366789
949.0 0.0005949565093033016
950.0 0.0005956743279966759
951.0 0.0005963920102658449
952.0 0.0006161926648928784
953.0 0.000635993364994647
954.0 0.0009114955901168287
955.0 0.0011869979971379507
956.0 0.0009883771781460382
957.0 0.0007897564501035959
958.0 0.0010724549611040857
959.0 0.0013551532902056351
960.0 0.001467072252125945
961.0 0.0015789913959451951
962.0 0.0017214606486959383
963.0 0.0018639299014466815
964.0 0.0019623897969722748
965.0 0.0020608498743968084
966.0 0.0021372532501118258
967.0 0.002213656989624724
968.0 0.0021693107555620372
969.0 0.002124964703398291
970.0 0.002187264362873975
971.0 0.0022495636585517786
972.0 0.0023836899345042184
973.0 0.002517816028557718
974.0 0.0027179909011465497
975.0 0.0029181663194322027
976.0 0.003038760587514844
977.0 0.003159355037496425
978.0 0.0031843679607845843
979.0 0.0032093816116685048
980.0 0.0032569001632509753
981.0 0.003304418714833446
982.0 0.0033246840757783502
983.0 0.0033449498005211353
984.0 0.00328172609442845
985.0 0.003218503115931526
986.0 0.003078029112657532
987.0 0.0029375558369793
988.0 0.002925571970990859
989.0 0.0029135882869013585
990.0 0.0028515354642877355
991.0 0.0027894831873709336
992.0 0.002746454811131116
993.0 0.00270342716248706
994.0 0.0027743555619963445
995.0 0.0028452837796066888
996.0 0.0028532873329822905
997.0 0.002861290704458952
998.0 0.0028817490601795726
999.0 0.002902207234001253
1000.0 0.002972673792100977
1001.0 0.003043140168301761
1002.0 0.0032029263820732012
1003.0 0.003362712959642522
1004.0 0.00368667533621192
1005.0 0.004010637348983437
1006.0 0.004082790474058129
1007.0 0.004154943599132821
1008.0 0.004186406658845954
1009.0 0.004217869354761206
1010.0 0.0042289499106118456
1011.0 0.0042400304664624855
1012.0 0.004225131488055922
1013.0 0.004210232145851478
1014.0 0.00419082170992624
1015.0 0.004171411637798883
1016.0 0.0036985064070904627
1017.0 0.003225601540179923
1018.0 0.0028621487217606045
1019.0 0.002498695539543405
1020.0 0.0023016022169031203
1021.0 0.0021045083485660143
1022.0 0.0019511136997607537
1023.0 0.0017977188690565526
1024.0 0.0015148514648899436
1025.0 0.0012319839697738644
1026.0 0.0011721669579856098
1027.0 0.0011123503099952359
1028.0 0.0009130527359957341
1029.0 0.0007137554348446429
1030.0 0.0007740006367384922
1031.0 0.0008342459295818117
1032.0 0.0006058926373953
1033.0 0.0003775393452087883
1034.0 0.0005223939297138713
1035.0 0.0006672485596936895
1036.0 0.0007539960733993212
1037.0 0.000840743632579688
1038.0 0.0010379074410593603
1039.0 0.0012350712495390326
1040.0 0.00099774524642271
1041.0 0.0007604193342558574
1042.0 0.0007599843684147345
1043.0 0.0007595494025736116
1044.0 0.0007543695119238691
1045.0 0.0007491894393751863
1046.0 0.0006620538897550432
1047.0 0.0005749182037106948
1048.0 0.0008685472494107671
1049.0 0.0011621765224845149
1050.0 0.0011500563232402783
1051.0 0.001137936305894982
1052.0 0.001412989240634488
1053.0 0.0016880421753739938
1054.0 0.0014313800420495681
1055.0 0.001174718181573553
1056.0 0.001297309972869698
1057.0 0.0014199020370142534
1058.0 0.0012676039659709204
1059.0 0.0011153058039781172
1060.0 0.0011077774615841918
1061.0 0.001100248937291326
1062.0 0.0007435688075929647
1063.0 0.00038688863241986837
1064.0 0.0006793969987484161
1065.0 0.0009719053196022287
1066.0 0.0011593128874665126
1067.0 0.0013467202734318562
1068.0 0.0013104260688123759
1069.0 0.0012741317732434254
1070.0 0.001472303210903192
1071.0 0.0016704745576134883
1072.0 0.0019643201085273176
1073.0 0.002258165659441147
1074.0 0.002343953565286938
1075.0 0.00242974183493061
1076.0 0.0024956018023658544
1077.0 0.002561461951700039
1078.0 0.0029259907023515552
1079.0 0.0032905194530030712
1080.0 0.0033441090636188164
1081.0 0.0033976986742345616
1082.0 0.0039138154534157366
1083.0 0.0044299322325969115
1084.0 0.003621856012614444
1085.0 0.0028137803383287974
1086.0 0.003123590795439668
1087.0 0.0034334017982473597
1088.0 0.0034743567084660754
1089.0 0.0035153123462805524
1090.0 0.0037916473957011476
1091.0 0.0040679828089196235
1092.0 0.0036943263694411144
1093.0 0.0033206699299626052
1094.0 0.0031946827220963314
1095.0 0.0030686955142300576
1096.0 0.0026894362235907465
1097.0 0.0023101763872546144
1098.0 0.0023444026737706736
1099.0 0.0023786287783877924
1100.0 0.0018162778360419907
1101.0 0.001253926438948838
