lsstCam/transmission_filter_detector/r43_s11/r_57/19700101T000000.ecsv
# %ECSV 1.0
# ---
# datatype:
# - {name: wavelength, unit: nm, datatype: float32}
# - {name: efficiency, unit: '%', datatype: float64}
# meta: !!omap
# - {MODE: DETECTOR}
# - {TYPE: transmission_filter_detector}
# - {CALIBDATE: '1970-01-01T00:00:00'}
# - {INSTRUME: LSSTCam}
# - {OBSTYPE: transmission_filter_detector}
# - {CALIBCLS: lsst.ip.isr.IntermediateFilterDetectorTransmissionCurve}
# - {SOURCE: Materion (DM-46256)}
# - {DETECTOR: 184}
# - {FILTER: r_57}
# - {CALIB_ID: 'calibDate=1970-01-01T00:00:00 filter=r_57 detector=184'}
# - {DATE: '2025-04-02T15:59:45.035642'}
# - {CALIB_CREATION_DATE: '2025-04-02'}
# - {CALIB_CREATION_TIME: '15:59:45'}
# - __serialized_columns__:
#     efficiency:
#       __class__: astropy.units.quantity.Quantity
#       unit: !astropy.units.Unit {unit: '%'}
#       value: !astropy.table.SerializedColumn {name: efficiency}
#     wavelength:
#       __class__: astropy.units.quantity.Quantity
#       unit: !astropy.units.Unit {unit: nm}
#       value: !astropy.table.SerializedColumn {name: wavelength}
# schema: astropy-2.0
wavelength efficiency
300.0 0.002850883174687624
301.0 0.007730440847808495
302.0 0.01260999997612089
303.0 0.01563283149152994
304.0 0.01865566591732204
305.0 0.01639603724470362
306.0 0.014136410027276725
307.0 0.012688664719462395
308.0 0.01124091722886078
309.0 0.010086108522955328
310.0 0.008931300544645637
311.0 0.008120544953271747
312.0 0.007309789361897856
313.0 0.006539284368045628
314.0 0.0057687790103955194
315.0 0.0055296692153206095
316.0 0.0052905594202457
317.0 0.004838036693399772
318.0 0.004385515057947487
319.0 0.004163933044765145
320.0 0.003942350667784922
321.0 0.003746406946447678
322.0 0.0035504639527061954
323.0 0.0033132491807918996
324.0 0.003076035136473365
325.0 0.0030263205189839937
326.0 0.0029766055376967415
327.0 0.003128180105704814
328.0 0.003279754309915006
329.0 0.003346031007822603
330.0 0.003412307341932319
331.0 0.00311344483634457
332.0 0.002814580875565298
333.0 0.002496102752047591
334.0 0.0021776244466309436
335.0 0.002001296525122598
336.0 0.0018249684217153117
337.0 0.0017117761672125198
338.0 0.0015985837308107875
339.0 0.0014522199307975825
340.0 0.001305855857935967
341.0 0.0012949361007486004
342.0 0.0012840162526117638
343.0 0.0012311023965594359
344.0 0.001178188540507108
345.0 0.001167198752227705
346.0 0.0011562090548977721
347.0 0.0010957512131426483
348.0 0.0010352931894885842
349.0 0.0010126581400982104
350.0 0.006182194920256734
351.0 0.005676074943039566
352.0 0.005169957876205444
353.0 0.005022259210818447
354.0 0.004874560909229331
355.0 0.004787292346009053
356.0 0.004700023418990895
357.0 0.004858561078435741
358.0 0.00501709982927423
359.0 0.0036537545383907855
360.0 0.0022904094294062816
361.0 0.003201082654413767
362.0 0.004111756425118074
363.0 0.003278921212768182
364.0 0.002446086364216171
365.0 0.002725757258303929
366.0 0.003005428152391687
367.0 0.0037114958104211837
368.0 0.00441756346845068
369.0 0.003975487925345078
370.0 0.0035334138374309987
371.0 0.003372413630131632
372.0 0.003211413786630146
373.0 0.0037934987631160766
374.0 0.004375583739602007
375.0 0.003452305099926889
376.0 0.0025290268240496516
377.0 0.0021596650185529143
378.0 0.001790303213056177
379.0 0.0020850271539529786
380.0 0.00237975109484978
381.0 0.003400881905690767
382.0 0.0044220127165317535
383.0 0.004607587106875144
384.0 0.004793161861016415
385.0 0.005270245674182661
386.0 0.005747329123551026
387.0 0.004764591358252801
388.0 0.0037818532291566953
389.0 0.002750185376498848
390.0 0.0017185173419420607
391.0 0.0015188244105956983
392.0 0.0013191314792493358
393.0 0.0011005945452779997
394.0 0.0008820578841550741
395.0 0.0013335924450075254
396.0 0.0017851269149105065
397.0 0.0017067897715605795
398.0 0.0016284520825138316
399.0 0.0012929627700941637
400.0 0.0009574736395734362
401.0 0.0008698258170625195
402.0 0.0007821779945516028
403.0 0.001132289798988495
404.0 0.0014824018762737978
405.0 0.001478982903790893
406.0 0.0014755641132069286
407.0 0.0013296978067955934
408.0 0.0011838318641821388
409.0 0.0013443405805446673
410.0 0.0015048492969071958
411.0 0.001623945172468666
412.0 0.0017430411389796063
413.0 0.001582567347213626
414.0 0.0014220937373465858
415.0 0.001429075109626865
416.0 0.0014360564819071442
417.0 0.001863409488578327
418.0 0.00229076249524951
419.0 0.0029940560125396587
420.0 0.0036973495298298076
421.0 0.005471651820698753
422.0 0.007245952292578295
423.0 0.010326918709324673
424.0 0.013407882943283767
425.0 0.01832054986152798
426.0 0.02323321532458067
427.0 0.023019046057015657
428.0 0.022804875334259123
429.0 0.018118938896805048
430.0 0.01343300100415945
431.0 0.009518909064354375
432.0 0.005604814214166254
433.0 0.004696622636402026
434.0 0.003788430694839917
435.0 0.003161413042107597
436.0 0.002534395389375277
437.0 0.002048570240731351
438.0 0.0015627447282895446
439.0 0.00134272095237975
440.0 0.0011226971764699556
441.0 0.0012276798770471942
442.0 0.0013326625776244327
443.0 0.001474198779760627
444.0 0.0016157346180989407
445.0 0.0011313419236103073
446.0 0.0006469490926974686
447.0 0.0009701466296974104
448.0 0.0012933439393236768
449.0 0.0014723087588208728
450.0 0.0016512734873685986
451.0 0.0016387744835810736
452.0 0.0016262754797935486
453.0 0.0016005607903935015
454.0 0.0015748461009934545
455.0 0.0013236133781902026
456.0 0.0010723809282353614
457.0 0.0011750466001103632
458.0 0.0012777126357832458
459.0 0.0014050754543859512
460.0 0.001532438000140246
461.0 0.002218441659351811
462.0 0.0029044456823612563
463.0 0.003816342359641567
464.0 0.004728239218820818
465.0 0.00578293766011484
466.0 0.0068376350100152194
467.0 0.007378704322036356
468.0 0.007919775089249015
469.0 0.006761264376109466
470.0 0.005602754026767798
471.0 0.004083457315573469
472.0 0.0025641604224801995
473.0 0.0018886985344579443
474.0 0.0012132368283346295
475.0 0.0010886911695706658
476.0 0.0009641458746045828
477.0 0.001019823412207188
478.0 0.0010755008588603232
479.0 0.0009627581675886177
480.0 0.0008500154763169121
481.0 0.0008310992598126177
482.0 0.0008121828614093829
483.0 0.0006914022378623486
484.0 0.0005706214324163739
485.0 0.0007388285212073242
486.0 0.0009070354280993342
487.0 0.0008917542800190859
488.0 0.0008764730409893673
489.0 0.0009182284884445835
490.0 0.0009599838449503295
491.0 0.0009064086043508723
492.0 0.000852833272801945
493.0 0.0009018365744850598
494.0 0.0009508397852187045
495.0 0.0010265877790516242
496.0 0.0011023359547834843
497.0 0.0011342230209265836
498.0 0.0011661103599180933
499.0 0.001273076850338839
500.0 0.0013800433407595847
501.0 0.0016533038433408365
502.0 0.0019265640730736777
503.0 0.0023298469386645593
504.0 0.00273312944045756
505.0 0.0033388052543159574
506.0 0.003944481068174355
507.0 0.004789766171597876
508.0 0.005635050911223516
509.0 0.005825682819704525
510.0 0.0060163147281855345
511.0 0.0054406576964538544
512.0 0.004865000664722174
513.0 0.004150743188802153
514.0 0.0034364857128821313
515.0 0.0032379422918893397
516.0 0.003039398870896548
517.0 0.0030937200790503994
518.0 0.003148042014800012
519.0 0.07585175917483866
520.0 0.10023281211033463
521.0 0.0681786157656461
522.0 0.06763782585039735
523.0 0.09254675242118537
524.0 0.0929737405385822
525.0 0.07507925038225949
526.0 0.1373111386783421
527.0 0.11986464960500598
528.0 0.16712138894945383
529.0 0.059252261416986585
530.0 0.16937099862843752
531.0 0.20140090491622686
532.0 0.21866217721253633
533.0 0.32076004426926374
534.0 0.40817209519445896
535.0 0.6406060419976711
536.0 0.9414008818566799
537.0 1.3554195873439312
538.0 2.0889053121209145
539.0 3.371657058596611
540.0 5.278777703642845
541.0 7.485471665859222
542.0 10.41002944111824
543.0 14.135238528251648
544.0 18.770670890808105
545.0 23.73904287815094
546.0 29.994302988052368
547.0 37.167760729789734
548.0 45.65465748310089
549.0 53.72995138168335
550.0 60.07896065711975
551.0 66.92556142807007
552.0 71.19552493095398
553.0 75.69330334663391
554.0 79.21784520149231
555.0 82.90235996246338
556.0 86.68826818466187
557.0 88.94644379615784
558.0 91.77947640419006
559.0 94.14375424385071
560.0 94.43015456199646
561.0 95.62471508979797
562.0 95.93645334243774
563.0 95.36999464035034
564.0 95.71231603622437
565.0 95.61296701431274
566.0 95.8931565284729
567.0 95.39762735366821
568.0 96.14461064338684
569.0 97.03908562660217
570.0 96.49004936218262
571.0 97.16029763221741
572.0 96.95612788200378
573.0 97.00179696083069
574.0 97.24077582359314
575.0 97.16660380363464
576.0 97.73719310760498
577.0 97.27570414543152
578.0 97.33545184135437
579.0 97.16171622276306
580.0 96.80862426757812
581.0 96.79501056671143
582.0 96.93570137023926
583.0 96.8461811542511
584.0 96.27722501754761
585.0 96.58464193344116
586.0 96.74767255783081
587.0 96.71488404273987
588.0 96.98331356048584
589.0 97.72494435310364
590.0 96.9783067703247
591.0 95.9375262260437
592.0 96.12997174263
593.0 95.96369862556458
594.0 95.9574818611145
595.0 96.53544425964355
596.0 97.2146213054657
597.0 97.40679264068604
598.0 97.07618355751038
599.0 97.28783369064331
600.0 97.02484607696533
601.0 96.33855819702148
602.0 96.84891104698181
603.0 96.48922681808472
604.0 96.74086570739746
605.0 97.02308177947998
606.0 96.42917513847351
607.0 96.32179737091064
608.0 96.29266858100891
609.0 95.76303362846375
610.0 96.25124335289001
611.0 95.73786854743958
612.0 95.81533670425415
613.0 96.96472883224487
614.0 96.74346446990967
615.0 96.58133387565613
616.0 96.48752808570862
617.0 96.43175601959229
618.0 96.14131450653076
619.0 97.0899224281311
620.0 96.353679895401
621.0 96.16358280181885
622.0 96.76195979118347
623.0 96.93735241889954
624.0 96.53711318969727
625.0 97.11975455284119
626.0 96.044921875
627.0 95.74524760246277
628.0 97.30279445648193
629.0 96.08389735221863
630.0 96.60523533821106
631.0 96.39652371406555
632.0 96.96194529533386
633.0 96.43616080284119
634.0 96.15025520324707
635.0 96.47026062011719
636.0 96.01233005523682
637.0 96.12756371498108
638.0 95.44538855552673
639.0 95.5484390258789
640.0 95.57428359985352
641.0 95.66563367843628
642.0 96.51917219161987
643.0 96.33204936981201
644.0 96.32519483566284
645.0 96.0099995136261
646.0 96.32378220558167
647.0 97.37705588340759
648.0 96.36369943618774
649.0 95.93638181686401
650.0 96.60490155220032
651.0 96.90487384796143
652.0 96.96950912475586
653.0 95.94733119010925
654.0 96.83066606521606
655.0 96.80743217468262
656.0 95.85710763931274
657.0 96.13500237464905
658.0 96.49609327316284
659.0 96.42157554626465
660.0 95.96506357192993
661.0 95.55421471595764
662.0 95.90945839881897
663.0 96.3474988937378
664.0 95.66265940666199
665.0 95.31147480010986
666.0 95.50632834434509
667.0 95.61423659324646
668.0 95.42831778526306
669.0 95.57084441184998
670.0 95.77764868736267
671.0 95.61553001403809
672.0 95.53005695343018
673.0 95.56243419647217
674.0 95.06387710571289
675.0 95.67485451698303
676.0 95.21279335021973
677.0 93.91322135925293
678.0 93.2425320148468
679.0 92.17969179153442
680.0 91.03944897651672
681.0 89.70310688018799
682.0 87.18401789665222
683.0 84.397953748703
684.0 80.90938329696655
685.0 77.07908749580383
686.0 73.19523692131042
687.0 68.28622221946716
688.0 63.962769508361816
689.0 59.44111347198486
690.0 54.629385471343994
691.0 50.596487522125244
692.0 45.912596583366394
693.0 41.62849187850952
694.0 36.15541160106659
695.0 30.96770942211151
696.0 25.252828001976013
697.0 19.91758495569229
698.0 14.348791539669037
699.0 10.03342717885971
700.0 6.743885576725006
701.0 4.111849144101143
702.0 2.4804260581731796
703.0 1.4721031300723553
704.0 0.860954076051712
705.0 0.5042541306465864
706.0 0.30773584730923176
707.0 0.22416252177208662
708.0 0.18409824697300792
709.0 0.12557851150631905
710.0 0.09109532693400979
711.0 0.0945689738728106
712.0 0.041692040394991636
713.0 0.050174223724752665
714.0 0.02289041003677994
715.0 0.08389325812458992
716.0 0.05574699607677758
717.0 0.031394988764077425
718.0 0.060313649009913206
719.0 0.02334716118639335
720.0 1.6822555718234988e-10
721.0 0.003904018012690358
722.0 0.0038175687222974375
723.0 0.0037311190681066364
724.0 0.0035042266972595826
725.0 0.003277333962614648
726.0 0.0030310055080917664
727.0 0.0027846768716699444
728.0 0.0026865045583690517
729.0 0.0025883320631692186
730.0 0.0024543101972085424
731.0 0.0023202885131468065
732.0 0.002257734740851447
733.0 0.002195181150455028
734.0 0.0020614081222447567
735.0 0.0019276352759334259
736.0 0.0018552689653006382
737.0 0.0017829026546678506
738.0 0.001525996412965469
739.0 0.0012690901712630875
740.0 0.0014200388250174
741.0 0.0015709878425695933
742.0 0.001441638232790865
743.0 0.001312288804911077
744.0 0.0012998388228879776
745.0 0.0012873891137132887
746.0 0.0012325884199526627
747.0 0.0011777877261920366
748.0 0.0011104362783953547
749.0 0.0010430847396492027
750.0 0.0009960035640688147
751.0 0.0009489222065894864
752.0 0.0009625293387216516
753.0 0.0009761364708538167
754.0 0.0010792375178425573
755.0 0.001182338655780768
756.0 0.0010978194950439502
757.0 0.0010133004252566025
758.0 0.0010438088793307543
759.0 0.0010743176062533166
760.0 0.001152019376604585
761.0 0.0012297212379053235
762.0 0.0012253855857125018
763.0 0.0012210497516207397
764.0 0.0010615752216835972
765.0 0.0009021007826959249
766.0 0.0007137197371775983
767.0 0.0005253384642855963
768.0 0.0006618562565563479
769.0 0.0007983738214534242
770.0 0.0007293792805285193
771.0 0.0006603847850783495
772.0 0.0006336296337394742
773.0 0.0006068743459763937
774.0 0.0005773729299107799
775.0 0.0005478716047946364
776.0 0.0006163387297419831
777.0 0.000684805900164065
778.0 0.0006729418146278476
779.0 0.0006610776836168952
780.0 0.0006308624961093301
781.0 0.0006006472631270299
782.0 0.0006424675120797474
783.0 0.0006842879884061404
784.0 0.0007177683983172756
785.0 0.0007512488537031459
786.0 0.0007073201686580433
787.0 0.0006633915290876757
788.0 0.0006814959306211676
789.0 0.0006996006504778052
790.0 0.0005662237981596263
791.0 0.00043284662751830183
792.0 0.000533533329871716
793.0 0.0006342200322251301
794.0 0.0007539508715126431
795.0 0.0008736818017496262
796.0 0.000783398536441382
797.0 0.0006931155439815484
798.0 0.000679148160998011
799.0 0.0006651807780144736
800.0 0.0006979045338084688
801.0 0.0007306281986529939
802.0 0.0007178725809353637
803.0 0.0007051169632177334
804.0 0.0006338272669381695
805.0 0.0005625373887596652
806.0 0.0005752345714427065
807.0 0.0005879317086510127
808.0 0.0006901633241795935
809.0 0.0007923949851829093
810.0 0.0006548094006575411
811.0 0.0005172239525563782
812.0 0.0006612023298657732
813.0 0.0008051808435993735
814.0 0.0007959386493894272
815.0 0.0007866964551794808
816.0 0.0007211308911792003
817.0 0.0006555653271789197
818.0 0.0004175287813268369
819.0 0.00017949229231817299
820.0 0.00036399433156475425
821.0 0.0005484964731294895
822.0 0.0005609312211163342
823.0 0.000573366014577914
824.0 0.0005085231805423973
825.0 0.00044368048293108586
826.0 0.0004750540938402992
827.0 0.0005064277047495125
828.0 0.0004708328560809605
829.0 0.0004352380074124085
830.0 0.00024017122086661402
831.0 4.510440874128108e-05
832.0 6.549009299305908e-05
833.0 8.587578577134991e-05
834.0 7.55681185182766e-05
835.0 6.526042284349387e-05
836.0 0.0003185076366207795
837.0 0.0005717545718653128
838.0 0.0014903980627423152
839.0 0.0024090415536193177
840.0 0.0032666754123056307
841.0 0.004124308543396182
842.0 0.004783680560649373
843.0 0.005443050031317398
844.0 0.005061940828454681
845.0 0.004680832353187725
846.0 0.004504009848460555
847.0 0.004327188071329147
848.0 0.004087556226295419
849.0 0.0038479254726553336
850.0 0.003587639002944343
851.0 0.0033273521694354713
852.0 0.0028863058105343953
853.0 0.002445259269734379
854.0 0.0020466637579374947
855.0 0.00164806806424167
856.0 0.0013075864444545005
857.0 0.0009671045518189203
858.0 0.0007491257747460622
859.0 0.0005311470431479393
860.0 0.00035295995530759683
861.0 0.00017477285609857063
862.0 0.0001801234361664683
863.0 0.00018547402760304976
864.0 0.00022031788375898032
865.0 0.00025516173991491087
866.0 0.00022190813524503028
867.0 0.0001886545305751497
868.0 8.423621693509631e-05
869.0 1.6822555718234988e-10
870.0 4.6736906256228394e-05
871.0 0.00011365590353307198
872.0 0.00012527405033324612
873.0 0.00013689219713342027
874.0 0.0001550399588268192
875.0 0.0001731877318889019
876.0 0.00010292084198226803
877.0 3.265398049734358e-05
878.0 3.393970757770148e-05
879.0 3.522543750023033e-05
880.0 6.144199460322852e-05
881.0 8.765859433879086e-05
882.0 4.1600949884923466e-05
883.0 1.6822555718234988e-10
884.0 5.662056423716422e-05
885.0 0.00011769784578063991
886.0 0.00021450566691783024
887.0 0.000311313465317653
888.0 0.00023530931230197893
889.0 0.00015930511381156975
890.0 0.00019862541194015648
891.0 0.00023794568733137567
892.0 0.00027296946427668445
893.0 0.0003079932639593608
894.0 0.0001818551822907466
895.0 5.571711767515808e-05
896.0 3.9164967802207684e-05
897.0 2.261283640336842e-05
898.0 7.807071256138443e-05
899.0 0.0001335285560344346
900.0 0.00011052178479076247
901.0 8.751497375669715e-05
