lsstCam/transmission_filter_detector/r24_s02/u_24/19700101T000000.ecsv
# %ECSV 1.0
# ---
# datatype:
# - {name: wavelength, unit: nm, datatype: float32}
# - {name: efficiency, unit: '%', datatype: float64}
# meta: !!omap
# - {MODE: DETECTOR}
# - {TYPE: transmission_filter_detector}
# - {CALIBDATE: '1970-01-01T00:00:00'}
# - {INSTRUME: LSSTCam}
# - {OBSTYPE: transmission_filter_detector}
# - {CALIBCLS: lsst.ip.isr.IntermediateFilterDetectorTransmissionCurve}
# - {SOURCE: Materion (DM-46256)}
# - {DETECTOR: 110}
# - {FILTER: u_24}
# - {CALIB_ID: 'calibDate=1970-01-01T00:00:00 filter=u_24 detector=110'}
# - {DATE: '2025-04-02T15:59:40.258049'}
# - {CALIB_CREATION_DATE: '2025-04-02'}
# - {CALIB_CREATION_TIME: '15:59:40'}
# - __serialized_columns__:
#     efficiency:
#       __class__: astropy.units.quantity.Quantity
#       unit: !astropy.units.Unit {unit: '%'}
#       value: !astropy.table.SerializedColumn {name: efficiency}
#     wavelength:
#       __class__: astropy.units.quantity.Quantity
#       unit: !astropy.units.Unit {unit: nm}
#       value: !astropy.table.SerializedColumn {name: wavelength}
# schema: astropy-2.0
wavelength efficiency
[from data line 587]
882.0 0.0035631583159556612
883.0 0.0032851177820703015
884.0 0.003007077430083882
885.0 0.002775090979412198
886.0 0.0025431043468415737
887.0 0.0022927337340661325
888.0 0.002042363485088572
889.0 0.0020398600099724717
890.0 0.0020373563529574312
891.0 0.0023887598217697814
892.0 0.002740163472481072
893.0 0.0025830953745753504
894.0 0.002426026912871748
895.0 0.0027894691811525263
896.0 0.0031529114494333044
897.0 0.0037540918128797784
898.0 0.0043552721763262525
899.0 0.004464398443815298
900.0 0.004573524711304344
901.0 0.004451198037713766
902.0 0.004328871727921069
903.0 0.004679273479268886
904.0 0.005029674866818823
905.0 0.005093947038403712
906.0 0.00515821848239284
907.0 0.005573994349106215
908.0 0.00598977021581959
909.0 0.005951071580057032
910.0 0.005912373308092356
911.0 0.006098038647905923
912.0 0.0062837047153152525
913.0 0.006103006671764888
914.0 0.0059223082644166425
915.0 0.0052417381084524095
916.0 0.0045611679524881765
917.0 0.004052438816870563
918.0 0.0035437093174550682
919.0 0.004023159635835327
920.0 0.004502609954215586
921.0 0.00454618530056905
922.0 0.004589760646922514
923.0 0.005566915569943376
924.0 0.006544069037772715
925.0 0.006720789679093286
926.0 0.006897510320413858
927.0 0.007522365922341123
928.0 0.008147218613885343
929.0 0.007874811853980646
930.0 0.007602405821671709
931.0 0.007183977140812203
932.0 0.006765547732356936
933.0 0.006789081817260012
934.0 0.006812615902163088
935.0 0.006866220064694062
936.0 0.006919824954820797
937.0 0.007121127418940887
938.0 0.007322432065848261
939.0 0.007215520599856973
940.0 0.007108609861461446
941.0 0.006269040750339627
942.0 0.005429470184026286
943.0 0.00437941744166892
944.0 0.003329365426907316
945.0 0.0025084849767154083
946.0 0.0016876048903213814
947.0 0.00141019445436541
948.0 0.0011327842003083788
949.0 0.00111534827738069
950.0 0.0010979124454024713
951.0 0.0013021955055592116
952.0 0.0015064785657159518
953.0 0.0014992579053796362
954.0 0.0014920372450433206
955.0 0.002161418706236873
956.0 0.002830800076480955
957.0 0.0028910591936437413
958.0 0.002951317947008647
959.0 0.003198312333552167
960.0 0.003445306356297806
961.0 0.003838802149402909
962.0 0.004232297578710131
963.0 0.004503638410824351
964.0 0.004774979242938571
965.0 0.004709696804638952
966.0 0.004644414366339333
967.0 0.004694653762271628
968.0 0.004744893885799684
969.0 0.00470604318252299
970.0 0.004667192115448415
971.0 0.004846573210670613
972.0 0.005025953578297049
973.0 0.004947824709233828
974.0 0.0048696951125748456
975.0 0.004497822010307573
976.0 0.0041259489080403
977.0 0.003915332126780413
978.0 0.003704715709318407
979.0 0.0034031705581583083
980.0 0.003101625043200329
981.0 0.0030191684345481917
982.0 0.002936711462098174
983.0 0.0028524342269520275
984.0 0.002768156809906941
985.0 0.0032262178137898445
986.0 0.00368427972716745
987.0 0.003990505865658633
988.0 0.004296732004149817
989.0 0.005410112862591632
990.0 0.006523493357235566
991.0 0.00655458788969554
992.0 0.006585681694559753
993.0 0.007225092122098431
994.0 0.007864502549637109
995.0 0.007413853018078953
996.0 0.006963200576137751
997.0 0.0069224748585838825
998.0 0.006881753506604582
999.0 0.006653845775872469
1000.0 0.00642594022792764
1001.0 0.005783047163276933
1002.0 0.005140154826221988
1003.0 0.004738052666652948
1004.0 0.004335949779488146
1005.0 0.004728448766400106
1006.0 0.005120946661918424
1007.0 0.004985285340808332
1008.0 0.004849621473113075
1009.0 0.004343626642366871
1010.0 0.003837632539216429
1011.0 0.0036137706047156826
1012.0 0.003389909034012817
1013.0 0.003032622771570459
1014.0 0.0026753366910270415
1015.0 0.002376746306254063
1016.0 0.0020781561033800244
1017.0 0.0016791507732705213
1018.0 0.0012801450793631375
1019.0 0.0013079574273433536
1020.0 0.0013357695934246294
1021.0 0.0011459284905868117
1022.0 0.0009560875696479343
1023.0 0.0010543616554059554
1024.0 0.0011526357411639765
1025.0 0.001270100528927287
1026.0 0.0013875655895390082
1027.0 0.001365794196317438
1028.0 0.0013440228030958679
1029.0 0.0012729343325190712
1030.0 0.0012018459528917447
1031.0 0.002049760769295972
1032.0 0.0028976757675991394
1033.0 0.002584816684247926
1034.0 0.002271957418997772
1035.0 0.0025745408493094146
1036.0 0.0028771239158231765
1037.0 0.002780062277452089
1038.0 0.0026830011847778223
1039.0 0.0025106315661105327
1040.0 0.002338262311241124
1041.0 0.0020963569113519043
1042.0 0.0018544518752605654
1043.0 0.0017368982298648916
1044.0 0.0016193445844692178
1045.0 0.0013560821571445558
1046.0 0.0010928199117188342
1047.0 0.0012926304407301359
1048.0 0.001492441151640378
1049.0 0.001311694722971879
1050.0 0.0011309476576570887
1051.0 0.0013734133972320706
1052.0 0.0016158790458575822
1053.0 0.0011326369531161617
1054.0 0.0006493946330010658
1055.0 0.0003938345344067784
1056.0 0.00013827470866090152
1057.0 0.0008649408300698269
1058.0 0.0015916069969534874
1059.0 0.0008154400347848423
1060.0 3.927322325125715e-05
1061.0 0.0015067452295625117
1062.0 0.0029742170227109455
1063.0 0.0029198494303273037
1064.0 0.0028654814741457812
1065.0 0.001944709219969809
1066.0 0.001023937056743307
1067.0 0.0006961416602280224
1068.0 0.00036834562706644647
1069.0 0.0016359283108613454
1070.0 0.002903510903706774
1071.0 0.0017770269550965168
1072.0 0.0006505430519609945
1073.0 0.0012305890777497552
1074.0 0.0018106353309121914
1075.0 0.0027647056413115934
1076.0 0.003718775769812055
1077.0 0.004998473013984039
1078.0 0.006278170621953905
1079.0 0.006749425665475428
1080.0 0.0072206770710181445
1081.0 0.0053400552133098245
1082.0 0.0034594329918036237
1083.0 0.002783076160994824
1084.0 0.0021067189663881436
1085.0 0.003374902007635683
1086.0 0.004643084321287461
1087.0 0.004225219163345173
1088.0 0.0038073536416050047
1089.0 0.005325991151039489
1090.0 0.0068446286604739726
1091.0 0.00443073186033871
1092.0 0.0020168352421023883
1093.0 0.002229386336694006
1094.0 0.0024419374312856235
1095.0 0.002911525734816678
1096.0 0.003381114947842434
1097.0 0.0030763138056499884
1098.0 0.002771513754851185
1099.0 0.0028075884983991273
1100.0 0.002843663787643891
