lsstCam/transmission_filter_detector/r24_s02/u_24/19700101T000000.ecsv
# %ECSV 1.0
# ---
# datatype:
# - {name: wavelength, unit: nm, datatype: float32}
# - {name: efficiency, unit: '%', datatype: float64}
# meta: !!omap
# - {MODE: DETECTOR}
# - {TYPE: transmission_filter_detector}
# - {CALIBDATE: '1970-01-01T00:00:00'}
# - {INSTRUME: LSSTCam}
# - {OBSTYPE: transmission_filter_detector}
# - {CALIBCLS: lsst.ip.isr.IntermediateFilterDetectorTransmissionCurve}
# - {SOURCE: Materion (DM-46256)}
# - {DETECTOR: 110}
# - {FILTER: u_24}
# - {CALIB_ID: 'calibDate=1970-01-01T00:00:00 filter=u_24 detector=110'}
# - {DATE: '2025-04-02T15:59:40.258049'}
# - {CALIB_CREATION_DATE: '2025-04-02'}
# - {CALIB_CREATION_TIME: '15:59:40'}
# - __serialized_columns__:
#     efficiency:
#       __class__: astropy.units.quantity.Quantity
#       unit: !astropy.units.Unit {unit: '%'}
#       value: !astropy.table.SerializedColumn {name: efficiency}
#     wavelength:
#       __class__: astropy.units.quantity.Quantity
#       unit: !astropy.units.Unit {unit: nm}
#       value: !astropy.table.SerializedColumn {name: wavelength}
# schema: astropy-2.0
wavelength efficiency
295.0 1.706775888156431e-10
296.0 1.706775888156431e-10
297.0 1.706775888156431e-10
298.0 1.706775888156431e-10
299.0 1.706775888156431e-10
300.0 1.706775888156431e-10
301.0 1.706775888156431e-10
302.0 1.706775888156431e-10
303.0 1.706775888156431e-10
304.0 0.4582659341394901
305.0 1.4295239932835102
306.0 3.013209253549576
307.0 5.190436169505119
308.0 7.935011386871338
309.0 11.656331270933151
310.0 15.487512946128845
311.0 19.15477067232132
312.0 22.66905903816223
313.0 25.727015733718872
314.0 28.44797670841217
315.0 31.040319800376892
316.0 33.21838974952698
317.0 36.6388201713562
318.0 40.52208662033081
319.0 45.481011271476746
320.0 51.75318717956543
321.0 57.22476243972778
322.0 62.902843952178955
323.0 67.51192212104797
324.0 70.94517350196838
325.0 73.53003025054932
326.0 75.67514181137085
327.0 77.224600315094
328.0 78.91197800636292
329.0 80.11690974235535
330.0 80.95846772193909
331.0 81.32678866386414
332.0 81.4409077167511
333.0 81.67351484298706
334.0 81.69239163398743
335.0 82.17981457710266
336.0 82.79116153717041
337.0 83.50138068199158
338.0 84.26060080528259
339.0 84.76568460464478
340.0 84.9774956703186
341.0 85.4879379272461
342.0 85.6846809387207
343.0 85.6921374797821
344.0 85.90673208236694
345.0 86.41040921211243
346.0 86.73661947250366
347.0 87.05186247825623
348.0 87.29756474494934
349.0 87.40123510360718
350.0 87.4574363231659
351.0 87.6945436000824
352.0 87.52005100250244
353.0 87.64834403991699
354.0 87.52660751342773
355.0 87.59764432907104
356.0 87.75066137313843
357.0 87.54438161849976
358.0 87.08853721618652
359.0 86.86250448226929
360.0 86.71610951423645
361.0 86.55700087547302
362.0 86.4188015460968
363.0 86.60203218460083
364.0 86.78888082504272
365.0 87.19582557678223
366.0 87.45658993721008
367.0 87.54309415817261
368.0 87.5949501991272
369.0 87.69532442092896
370.0 87.69627213478088
371.0 87.6417338848114
372.0 87.84228563308716
373.0 88.09656500816345
374.0 88.08712363243103
375.0 88.36466073989868
376.0 88.57330083847046
377.0 88.66062760353088
378.0 88.54905366897583
379.0 87.8643810749054
380.0 86.86941266059875
381.0 85.23332476615906
382.0 83.22551846504211
383.0 81.12348318099976
384.0 78.8909912109375
385.0 76.24947428703308
386.0 73.3972430229187
387.0 69.465172290802
388.0 65.51414728164673
389.0 60.92885136604309
390.0 56.63555860519409
391.0 52.40669846534729
392.0 48.215168714523315
393.0 44.66181993484497
394.0 40.95951020717621
395.0 36.476436257362366
396.0 31.456154584884644
397.0 24.705596268177032
398.0 17.849940061569214
399.0 11.278405785560608
400.0 6.0517579317092896
401.0 2.6032257825136185
402.0 0.8469847962260246
403.0 0.26491142343729734
404.0 0.15169901307672262
405.0 0.03913865948561579
406.0 0.03254087932873517
407.0 1.706775888156431e-10
408.0 1.706775888156431e-10
409.0 1.706775888156431e-10
410.0 1.706775888156431e-10
411.0 1.706775888156431e-10
412.0 1.706775888156431e-10
413.0 1.706775888156431e-10
414.0 1.706775888156431e-10
415.0 1.706775888156431e-10
416.0 1.706775888156431e-10
417.0 1.706775888156431e-10
418.0 1.706775888156431e-10
419.0 1.706775888156431e-10
420.0 1.706775888156431e-10
421.0 1.706775888156431e-10
422.0 1.706775888156431e-10
423.0 1.706775888156431e-10
424.0 1.706775888156431e-10
425.0 1.706775888156431e-10
426.0 1.706775888156431e-10
427.0 0.00017410752661817241
428.0 0.003239579382352531
429.0 0.0022233391064219177
430.0 0.0012070983757439535
431.0 1.706775888156431e-10
432.0 1.706775888156431e-10
433.0 1.706775888156431e-10
434.0 0.0006962460247450508
435.0 1.972771315195132e-05
436.0 1.706775888156431e-10
437.0 1.706775888156431e-10
438.0 1.706775888156431e-10
439.0 1.706775888156431e-10
440.0 0.0017300875697401352
441.0 6.779175123483583e-05
442.0 1.706775888156431e-10
443.0 1.706775888156431e-10
444.0 1.706775888156431e-10
445.0 0.0001155193785962183
446.0 0.0005134536877449136
447.0 1.706775888156431e-10
448.0 1.706775888156431e-10
449.0 0.001001262899080757
450.0 0.0027144429623149335
451.0 0.00048784590944705997
452.0 1.706775888156431e-10
453.0 1.706775888156431e-10
454.0 1.706775888156431e-10
455.0 1.706775888156431e-10
456.0 1.706775888156431e-10
457.0 1.706775888156431e-10
458.0 1.706775888156431e-10
459.0 1.706775888156431e-10
460.0 1.706775888156431e-10
461.0 1.706775888156431e-10
462.0 1.706775888156431e-10
463.0 1.706775888156431e-10
464.0 1.706775888156431e-10
465.0 1.706775888156431e-10
466.0 1.706775888156431e-10
467.0 1.706775888156431e-10
468.0 2.4617147431627018e-06
469.0 0.00020777279132744297
470.0 0.00041308398976980243
471.0 0.00020585825950547587
472.0 1.706775888156431e-10
473.0 1.706775888156431e-10
474.0 1.706775888156431e-10
475.0 1.706775888156431e-10
476.0 0.0005234825039224233
477.0 0.00038856132960063405
478.0 0.00025364029170305
479.0 0.00026932052605843637
480.0 0.00028500098778749816
481.0 0.0005456060080177849
482.0 0.0008062110282480717
483.0 1.3597392012343334e-05
484.0 1.706775888156431e-10
485.0 1.706775888156431e-10
486.0 1.706775888156431e-10
487.0 1.706775888156431e-10
488.0 1.706775888156431e-10
489.0 1.706775888156431e-10
490.0 1.706775888156431e-10
491.0 1.706775888156431e-10
492.0 0.0003096769660260179
493.0 1.706775888156431e-10
494.0 1.706775888156431e-10
495.0 0.0001147753096120141
496.0 0.0010846645636775065
497.0 0.0006735768238286255
498.0 0.00026248881113133393
499.0 0.00027223311462876154
500.0 0.0002819776000251295
501.0 0.00026941177111439174
502.0 0.00025684603315312415
503.0 1.706775888156431e-10
504.0 1.706775888156431e-10
505.0 1.706775888156431e-10
506.0 0.000933990395424189
507.0 1.706775888156431e-10
508.0 1.706775888156431e-10
509.0 1.706775888156431e-10
510.0 1.706775888156431e-10
511.0 0.0003403786649869289
512.0 0.000868342522153398
513.0 0.0006434314400394214
514.0 0.0004185201305517694
515.0 0.00027229216357227415
516.0 0.00012606416248672758
517.0 1.706775888156431e-10
518.0 1.706775888156431e-10
519.0 1.706775888156431e-10
520.0 0.00043167460717086215
521.0 0.0007081186140567297
522.0 0.0009845626664173324
523.0 0.0005350606897991383
524.0 8.555871318094432e-05
525.0 1.706775888156431e-10
526.0 1.706775888156431e-10
527.0 1.706775888156431e-10
528.0 1.706775888156431e-10
529.0 1.706775888156431e-10
530.0 1.706775888156431e-10
531.0 1.706775888156431e-10
532.0 0.00021832656784681603
533.0 1.706775888156431e-10
534.0 1.706775888156431e-10
535.0 1.706775888156431e-10
536.0 0.00011454840205260552
537.0 0.0001268023083866865
538.0 0.00013905610103392974
539.0 6.007434194543748e-05
540.0 1.706775888156431e-10
541.0 1.706775888156431e-10
542.0 1.706775888156431e-10
543.0 1.706775888156431e-10
544.0 1.706775888156431e-10
545.0 1.706775888156431e-10
546.0 1.706775888156431e-10
547.0 0.00011997981346212327
548.0 0.00037642014376615407
549.0 1.706775888156431e-10
550.0 1.706775888156431e-10
551.0 1.706775888156431e-10
552.0 1.706775888156431e-10
553.0 1.706775888156431e-10
554.0 1.706775888156431e-10
555.0 1.706775888156431e-10
556.0 1.706775888156431e-10
557.0 1.706775888156431e-10
558.0 1.706775888156431e-10
559.0 1.706775888156431e-10
560.0 6.198235951160314e-05
561.0 1.706775888156431e-10
562.0 1.706775888156431e-10
563.0 1.706775888156431e-10
564.0 1.706775888156431e-10
565.0 1.706775888156431e-10
566.0 1.706775888156431e-10
567.0 1.706775888156431e-10
568.0 1.706775888156431e-10
569.0 0.00021525156626012176
570.0 0.0006108364232204622
571.0 0.0005242463430477073
572.0 0.00043765649024862796
573.0 0.00045426904762280174
574.0 0.0004708819687948562
575.0 0.0003757061222131597
576.0 0.0002805304575304035
577.0 0.0003727657258423278
578.0 0.0004650010396289872
579.0 0.0005168144070921699
580.0 0.0005686277290806174
581.0 0.0007917285984149203
582.0 0.0010148297405976336
583.0 0.0013462249626172706
584.0 0.0016776204574853182
585.0 0.0013804716218146496
586.0 0.00108332233139663
587.0 0.0009864449566521216
588.0 0.0008895676728570834
589.0 0.0010927376024483237
590.0 0.0012959071682416834
591.0 0.001104842795029981
592.0 0.0009137786037172191
593.0 0.0007055106834741309
594.0 0.0004972425358573673
595.0 0.0005142065219843062
596.0 0.0005311702807375696
597.0 0.000905730757949641
598.0 0.0012802909623133019
599.0 0.0018253991584060714
600.0 0.0023705071725999005
601.0 0.002495634362276178
602.0 0.0026207617338513955
603.0 0.002244859751954209
604.0 0.0018689581338549033
605.0 0.0015054754840093665
606.0 0.0011419927432143595
607.0 0.0010509445019124541
608.0 0.0009598962606105488
609.0 0.0005599247288046172
610.0 0.000159953276579472
611.0 0.00032427838050352875
612.0 0.0004886034730589017
613.0 0.0006335192665574141
614.0 0.0007784350600559264
615.0 0.0008639506631880067
616.0 0.0009494664482190274
617.0 0.0007028348591120448
618.0 0.00045620354285347275
619.0 0.0003354874024807941
620.0 0.00021477139853232075
621.0 0.00043126678974658716
622.0 0.0006477621354861185
623.0 0.0005741307631978998
624.0 0.0005004993909096811
625.0 0.000710476979293162
626.0 0.0009204544767271727
627.0 0.0008334840458701365
628.0 0.0007465133876394248
629.0 0.00109684988274239
630.0 0.0014471864233200904
631.0 0.0016985732145258226
632.0 0.0019499595509842038
633.0 0.0020701731045846827
634.0 0.002190386294387281
635.0 0.0023098220481188037
636.0 0.0024292579837492667
637.0 0.002194175795011688
638.0 0.0019590932424762286
639.0 0.00142222925205715
640.0 0.0008853651706886012
641.0 0.000966663719736971
642.0 0.0010479622687853407
643.0 0.0008049844836932607
644.0 0.0005620066531264456
645.0 0.0005035109097661916
646.0 0.00044501507545646746
647.0 0.0002192282863688888
648.0 1.706775888156431e-10
649.0 1.706775888156431e-10
650.0 1.706775888156431e-10
651.0 0.0003402318725420628
652.0 0.0006935595138202189
653.0 0.001212490133184474
654.0 0.0017314203432761133
655.0 0.0016925643649301492
656.0 0.001653708386584185
657.0 0.0026423933377373032
658.0 0.003631078652688302
659.0 0.00404010534111876
660.0 0.004449132029549219
661.0 0.004502990486798808
662.0 0.0045568485802505165
663.0 0.0032074745831778273
664.0 0.0018581004042061977
665.0 0.0016089137716335244
666.0 0.00135972650241456
667.0 0.0013135899280314334
668.0 0.0012674532626988366
669.0 0.0008357955266546924
670.0 0.0004041379270347534
671.0 0.0005117540695209755
672.0 0.0006193700755829923
673.0 0.0005477841568790609
674.0 0.00047619819270039443
675.0 0.0007424062005156884
676.0 0.0010086143447551876
677.0 0.0017016105630318634
678.0 0.0023946073270053603
679.0 0.0025629231458879076
680.0 0.002731238600972574
681.0 0.0034929384128190577
682.0 0.004254638042766601
683.0 0.00612851363257505
684.0 0.00800238994997926
685.0 0.008607421477790922
686.0 0.009212455915985629
687.0 0.008280274050775915
688.0 0.007348092185566202
689.0 0.005638463699142449
690.0 0.003928835576516576
691.0 0.0035043271054746583
692.0 0.0030798186344327405
693.0 0.002843713082256727
694.0 0.0026076077119796537
695.0 0.0023733306079520844
696.0 0.0021390536858234555
697.0 0.0015321305909310468
698.0 0.0009252071322407573
699.0 0.0006418409157049609
700.0 0.000358474676431797
701.0 0.0003652465238701552
702.0 0.00037201853047008626
703.0 0.000487898751089233
704.0 0.00060377915360732
705.0 0.0007244078460644232
706.0 0.0008450367204204667
707.0 0.0008837210771162063
708.0 0.0009224048881151248
709.0 0.0008164856808434706
710.0 0.0007105661097739358
711.0 0.0007341711807384854
712.0 0.0007577762517030351
713.0 0.0006877824489492923
714.0 0.0006177887371450197
715.0 0.0005465348749567056
716.0 0.0004752810582431266
717.0 0.0003965797532146098
718.0 0.000317878448186093
719.0 0.00034018692076642765
720.0 0.0003624954615588649
721.0 0.00030500282264256384
722.0 0.0002475101382515277
723.0 0.0002925789431174053
724.0 0.00033764772524591535
725.0 0.00018206816321253427
726.0 2.6488461912776984e-05
727.0 0.0002791105544019956
728.0 0.000531732757735881
729.0 0.0004762871412822278
730.0 0.0004208415703033097
731.0 0.0002518482006053091
732.0 8.28547911169153e-05
733.0 1.706775888156431e-10
734.0 1.706775888156431e-10
735.0 6.682460025331238e-05
736.0 0.0003896494035871001
737.0 0.0004747214461531257
738.0 0.0005597935796686215
739.0 0.0005086276360088959
740.0 0.00045746160139970016
741.0 0.0008488657840644009
742.0 0.0012402701941027772
743.0 0.0020135403246968053
744.0 0.002786810182442423
745.0 0.0033624022762523964
746.0 0.003937993824365549
747.0 0.004444190562935546
748.0 0.004950386573909782
749.0 0.00437416420027148
750.0 0.003797942554228939
751.0 0.0032554940844420344
752.0 0.00271304579655407
753.0 0.0020987254174542613
754.0 0.0014844049474049825
755.0 0.0019569119103834964
756.0 0.0024294193281093612
757.0 0.0020661917005782016
758.0 0.0017029638911481015
759.0 0.0014382034351001494
760.0 0.0011734429790521972
761.0 0.0013222424058767501
762.0 0.0014710419236507732
763.0 0.0011261947292950936
764.0 0.0007813472620910034
765.0 0.0007713493687333539
766.0 0.0007613514299009694
767.0 0.000513657550982316
768.0 0.0002659635356394574
769.0 0.00038839793887746055
770.0 0.0005108322511659935
771.0 0.00046768400352448225
772.0 0.00042453548303456046
773.0 0.0002750730118350475
774.0 0.0001256103587365942
775.0 0.0002248065356980078
776.0 0.0003240026217099512
777.0 0.000380062851945695
778.0 0.00043612290028249845
779.0 0.0008918793355405796
780.0 0.0013476355888997205
781.0 0.0011365847058186773
782.0 0.0009255340955860447
783.0 0.0008758809599385131
784.0 0.0008262277333415113
785.0 0.001124253321904689
786.0 0.0014222787285689265
787.0 0.0011702014489856083
788.0 0.0009181242603517603
789.0 0.0009151340236712713
790.0 0.0009121436960413121
791.0 0.0006634680630668299
792.0 0.0004147924755670829
793.0 5.2962974450565525e-05
794.0 1.706775888156431e-10
795.0 1.706775888156431e-10
796.0 4.256023089510563e-05
797.0 0.00021775024379167007
798.0 0.0003929402282665251
799.0 0.00020701766061392846
800.0 2.1095011959459953e-05
801.0 1.706775888156431e-10
802.0 1.706775888156431e-10
803.0 1.706775888156431e-10
804.0 1.8552520941739203e-05
805.0 1.706775888156431e-10
806.0 1.706775888156431e-10
807.0 1.706775888156431e-10
808.0 1.706775888156431e-10
809.0 1.706775888156431e-10
810.0 0.0003024527359229978
811.0 8.848712127473846e-05
812.0 1.706775888156431e-10
813.0 0.00034252805107826134
814.0 0.0008105347660603002
815.0 0.000658510589346406
816.0 0.0005064865945314523
817.0 0.0003677890617836965
818.0 0.00022909152903594077
819.0 1.706775888156431e-10
820.0 1.706775888156431e-10
821.0 1.706775888156431e-10
822.0 1.706775888156431e-10
823.0 1.706775888156431e-10
824.0 1.706775888156431e-10
825.0 1.706775888156431e-10
826.0 1.706775888156431e-10
827.0 0.00026758789317682385
828.0 0.0008324966074724216
829.0 0.0006078654678276507
830.0 0.0003832347829302307
831.0 8.047020401136251e-05
832.0 1.706775888156431e-10
833.0 1.706775888156431e-10
834.0 1.706775888156431e-10
835.0 1.706775888156431e-10
836.0 0.00019727531253010966
837.0 2.7587910267357074e-05
838.0 1.706775888156431e-10
839.0 1.706775888156431e-10
840.0 1.706775888156431e-10
841.0 1.706775888156431e-10
842.0 7.51877564653114e-05
843.0 1.706775888156431e-10
844.0 1.706775888156431e-10
845.0 0.00014080849268793827
846.0 0.0003684705689011025
847.0 0.00030499820695695234
848.0 0.0002415256631138618
849.0 0.00029544171411544085
850.0 0.00034935760595544707
851.0 0.00022667572920909151
852.0 0.00010399394341220614
853.0 0.00019358731151442043
854.0 0.0002831807023540023
855.0 0.0003551393774614553
856.0 0.00042709812078101095
857.0 0.0006364564342220547
858.0 0.0008458148840873037
859.0 0.0010338627362216357
860.0 0.0012219104974064976
861.0 0.0011456756510597188
862.0 0.0010694405318645295
863.0 0.0013523095731216017
864.0 0.0016351787053281441
865.0 0.0019044426153413951
866.0 0.002173705979657825
867.0 0.002164422403438948
868.0 0.0021551390091190115
869.0 0.001985549351957161
870.0 0.0018159596947953105
871.0 0.0018267883206135593
872.0 0.0018376165826339275
873.0 0.0018190221453551203
874.0 0.0018004277080763131
875.0 0.00198701600311324
876.0 0.0021736044800491072
877.0 0.0024241408027592115
878.0 0.002674677853065077
879.0 0.0028577856937772594
880.0 0.0030408944439841434
