lsstCam/transmission_filter_detector/r14_s11/g_6/19700101T000000.ecsv
# %ECSV 1.0
# ---
# datatype:
# - {name: wavelength, unit: nm, datatype: float32}
# - {name: efficiency, unit: '%', datatype: float64}
# meta: !!omap
# - {MODE: DETECTOR}
# - {TYPE: transmission_filter_detector}
# - {CALIBDATE: '1970-01-01T00:00:00'}
# - {INSTRUME: LSSTCam}
# - {OBSTYPE: transmission_filter_detector}
# - {CALIBCLS: lsst.ip.isr.IntermediateFilterDetectorTransmissionCurve}
# - {SOURCE: Materion (DM-46256)}
# - {DETECTOR: 67}
# - {FILTER: g_6}
# - {CALIB_ID: 'calibDate=1970-01-01T00:00:00 filter=g_6 detector=67'}
# - {DATE: '2025-04-02T15:59:42.337655'}
# - {CALIB_CREATION_DATE: '2025-04-02'}
# - {CALIB_CREATION_TIME: '15:59:42'}
# - __serialized_columns__:
#     efficiency:
#       __class__: astropy.units.quantity.Quantity
#       unit: !astropy.units.Unit {unit: '%'}
#       value: !astropy.table.SerializedColumn {name: efficiency}
#     wavelength:
#       __class__: astropy.units.quantity.Quantity
#       unit: !astropy.units.Unit {unit: nm}
#       value: !astropy.table.SerializedColumn {name: wavelength}
# schema: astropy-2.0
wavelength efficiency
300.0 0.5171973258256912
301.0 0.37976140156388283
302.0 0.24232545401901007
303.0 0.2167255850508809
304.0 0.19112570444121957
305.0 0.20120353437960148
306.0 0.21128132939338684
307.0 0.21952497772872448
308.0 0.2277685794979334
309.0 0.22159023210406303
310.0 0.21541188471019268
311.0 0.21206471137702465
312.0 0.208717561326921
313.0 0.20425552502274513
314.0 0.19979348871856928
315.0 0.1889365608803928
316.0 0.17807965632528067
317.0 0.1783111714757979
318.0 0.17854273319244385
319.0 0.1623527961783111
320.0 0.1461628475226462
321.0 0.14018218498677015
322.0 0.13420152245089412
323.0 0.11426105629652739
324.0 0.09432064834982157
325.0 0.08633822435513139
326.0 0.07835580036044121
327.0 0.07185061695054173
328.0 0.06534543354064226
329.0 0.062047637766227126
330.0 0.0587498361710459
331.0 0.05476812366396189
332.0 0.050786411156877875
333.0 0.047791897668503225
334.0 0.044797384180128574
335.0 0.04315169935580343
336.0 0.041506014531478286
337.0 0.04241705464664847
338.0 0.04332809476181865
339.0 0.04154002235736698
340.0 0.03975194995291531
341.0 0.03788697358686477
342.0 0.03602199722081423
343.0 0.032372958958148956
344.0 0.02872392360586673
345.0 0.025569595163688064
346.0 0.022415265266317874
347.0 0.02109747292706743
348.0 0.019779677677433938
349.0 0.018160212493967265
350.0 0.610422296449542
351.0 0.9854607284069061
352.0 0.8650703355669975
353.0 0.8536254987120628
354.0 0.5234011448919773
355.0 0.6824961863458157
356.0 0.6198490969836712
357.0 0.7704491727054119
358.0 0.6673580501228571
359.0 0.8135336451232433
360.0 0.5293298978358507
361.0 0.8679326623678207
362.0 0.5536593031138182
363.0 0.6787395570427179
364.0 0.5518801044672728
365.0 0.6704186554998159
366.0 0.45405207201838493
367.0 0.7395241875201464
368.0 0.40939380414783955
369.0 0.7114870008081198
370.0 0.3246227279305458
371.0 0.5808691494166851
372.0 0.43457578867673874
373.0 0.69782012142241
374.0 0.4111205227673054
375.0 0.4408918786793947
376.0 0.39095492102205753
377.0 0.5008801352232695
378.0 0.3853563452139497
379.0 0.4731872119009495
380.0 0.44815270230174065
381.0 0.5701481830328703
382.0 0.5609860643744469
383.0 0.5617191549390554
384.0 0.5360572133213282
385.0 0.5868626292794943
386.0 0.6225666031241417
387.0 0.7509510032832623
388.0 0.945707131177187
389.0 1.327925268560648
390.0 1.9635265693068504
391.0 3.06239016354084
392.0 4.79159876704216
393.0 7.573388516902924
394.0 11.38751357793808
395.0 16.46900773048401
396.0 22.74157553911209
397.0 30.407634377479553
398.0 39.333415031433105
399.0 48.86825084686279
400.0 58.29596519470215
401.0 67.18811988830566
402.0 75.00101327896118
403.0 81.34709596633911
404.0 85.9548032283783
405.0 89.28426504135132
406.0 91.02492332458496
407.0 92.48449206352234
408.0 93.31059455871582
409.0 93.61854195594788
410.0 93.69420409202576
411.0 93.57779026031494
412.0 93.1280255317688
413.0 92.96691417694092
414.0 92.78257489204407
415.0 93.06301474571228
416.0 93.45232844352722
417.0 93.83652806282043
418.0 94.36160922050476
419.0 94.92910504341125
420.0 95.39812803268433
421.0 95.93583941459656
422.0 96.01280093193054
423.0 96.22684121131897
424.0 96.04004621505737
425.0 95.93437314033508
426.0 95.8478033542633
427.0 95.85623741149902
428.0 95.68367600440979
429.0 95.490962266922
430.0 95.49874067306519
431.0 95.58249711990356
432.0 95.62202095985413
433.0 95.72973847389221
434.0 95.78421711921692
435.0 95.91113924980164
436.0 95.94608545303345
437.0 95.88525295257568
438.0 95.9473729133606
439.0 96.07276320457458
440.0 96.05944156646729
441.0 96.20441198348999
442.0 96.11852169036865
443.0 96.1161732673645
444.0 96.01391553878784
445.0 95.70698738098145
446.0 95.59077620506287
447.0 95.40080428123474
448.0 95.50296664237976
449.0 95.67117094993591
450.0 95.9299385547638
451.0 96.14413380622864
452.0 96.36783003807068
453.0 96.46613597869873
454.0 96.51157259941101
455.0 96.78978323936462
456.0 96.88146114349365
457.0 97.04729318618774
458.0 97.06547856330872
459.0 97.10132479667664
460.0 97.07748293876648
461.0 97.1549391746521
462.0 97.0862627029419
463.0 96.9703733921051
464.0 97.03267812728882
465.0 96.93517088890076
466.0 96.95059061050415
467.0 96.96957468986511
468.0 96.96374535560608
469.0 97.03035354614258
470.0 96.87544107437134
471.0 96.77630662918091
472.0 96.80652022361755
473.0 96.71128392219543
474.0 96.62272334098816
475.0 96.7181921005249
476.0 96.77035808563232
477.0 96.81361317634583
478.0 96.89289331436157
479.0 96.87696695327759
480.0 97.10337519645691
481.0 97.09670543670654
482.0 97.3279595375061
483.0 97.21155762672424
484.0 97.42574691772461
485.0 97.45124578475952
486.0 97.44864106178284
487.0 97.50863909721375
488.0 97.51419425010681
489.0 97.60575294494629
490.0 97.57140874862671
491.0 97.6533830165863
492.0 97.54223227500916
493.0 97.56116271018982
494.0 97.5480318069458
495.0 97.59624004364014
496.0 97.4124550819397
497.0 97.36043810844421
498.0 97.1365213394165
499.0 97.20714092254639
500.0 97.11141586303711
501.0 97.13451862335205
502.0 97.0719575881958
503.0 97.22446799278259
504.0 97.05470204353333
505.0 97.04809784889221
506.0 97.07797765731812
507.0 97.03357815742493
508.0 97.02808260917664
509.0 97.03986644744873
510.0 96.97843790054321
511.0 97.00748324394226
512.0 96.89663052558899
513.0 96.97861075401306
514.0 96.97561860084534
515.0 97.03852534294128
516.0 97.0723807811737
517.0 97.09013104438782
518.0 97.19773530960083
519.0 97.15555906295776
520.0 97.16277718544006
521.0 97.32050895690918
522.0 97.27258086204529
523.0 97.25903272628784
524.0 97.24119305610657
525.0 97.18258380889893
526.0 97.3257303237915
527.0 97.25074172019958
528.0 97.36089706420898
529.0 97.42828607559204
530.0 97.44102358818054
531.0 97.56994247436523
532.0 97.44403958320618
533.0 97.41442203521729
534.0 97.36421704292297
535.0 97.1467137336731
536.0 96.7264175415039
537.0 96.01637125015259
538.0 95.05468010902405
539.0 93.445885181427
540.0 91.45737886428833
541.0 88.48122358322144
542.0 85.45776605606079
543.0 81.44908547401428
544.0 76.53298377990723
545.0 72.25874662399292
546.0 67.23281741142273
547.0 62.76331543922424
548.0 58.45838785171509
549.0 54.791057109832764
550.0 51.97990536689758
551.0 49.29147958755493
552.0 47.07214534282684
553.0 44.52628791332245
554.0 41.33896827697754
555.0 37.711504101753235
556.0 32.895201444625854
557.0 27.50777006149292
558.0 21.900494396686554
559.0 16.599464416503906
560.0 11.817742884159088
561.0 7.606413960456848
562.0 4.6415407210588455
563.0 2.5768576189875603
564.0 1.374272909015417
565.0 0.6427738349884748
566.0 0.3538058139383793
567.0 0.18220837228000164
568.0 0.12916503474116325
569.0 0.07114417967386544
570.0 0.06837759865447879
571.0 0.04148512380197644
572.0 0.05320378695614636
573.0 0.02774032182060182
574.0 0.03794676158577204
575.0 0.03002568264491856
576.0 0.034927038359455764
577.0 0.021619127073790878
578.0 0.028964478406123817
579.0 0.020781790954060853
580.0 0.03326500300318003
581.0 0.014919546083547175
582.0 0.02429885062156245
583.0 0.020317356393206865
584.0 0.020924073760397732
585.0 0.00904858679859899
586.0 0.014546458260156214
587.0 0.01430363190593198
588.0 0.018247184925712645
589.0 0.013320498692337424
590.0 0.02178065769840032
591.0 0.013218527601566166
592.0 0.019967647676821798
593.0 0.015039322897791862
594.0 0.012155795411672443
595.0 0.020460819359868765
596.0 0.0005177411367185414
597.0 0.006777623639209196
598.0 0.010157819633604959
599.0 0.0009375455192639492
600.0 1.673724201768645e-10
601.0 0.002339616730751004
602.0 0.002362961822655052
603.0 0.002386306550761219
604.0 0.0021614991055685095
605.0 0.0019366918422747403
606.0 0.001997002982534468
607.0 0.0020573137589963153
608.0 0.001882452670542989
609.0 0.0017075915820896626
610.0 0.001843822974478826
611.0 0.0019800540030701086
612.0 0.0018617731257108971
613.0 0.0017434927940485068
614.0 0.0017613105228519998
615.0 0.0017791286154533736
616.0 0.0018830371118383482
617.0 0.0019869456082233228
618.0 0.0018115275452146307
619.0 0.001636109664104879
620.0 0.0015793684724485502
621.0 0.001522627553640632
622.0 0.0014473374903900549
623.0 0.0013720471542910673
624.0 0.0014095052392804064
625.0 0.0014469634152192157
626.0 0.0013608521840069443
627.0 0.0012747413165925536
628.0 0.0013550669791584369
629.0 0.001435393096471671
630.0 0.001296799564443063
631.0 0.0011582058505155146
632.0 0.0012891894584754482
633.0 0.001420172702637501
634.0 0.0013446626326185651
635.0 0.0012691521078522783
636.0 0.001304435409110738
637.0 0.0013397191651165485
638.0 0.001221205366164213
639.0 0.0011026915672118776
640.0 0.001095867537515005
641.0 0.0010890433259191923
642.0 0.0012751391295751091
643.0 0.0014612350241804961
644.0 0.001334932221652707
645.0 0.0012086290553270373
646.0 0.001165174489869969
647.0 0.0011217200153623708
648.0 0.0010531261068535969
649.0 0.0009845319254964124
650.0 0.0012572250852826983
651.0 0.0015299179722205736
652.0 0.0012343229172984138
653.0 0.0009387279533257242
654.0 0.001050564787874464
655.0 0.0011624018952716142
656.0 0.0011386309779481962
657.0 0.0011148601515742484
658.0 0.0009915403097693343
659.0 0.000868220922711771
660.0 0.0008664563210913911
661.0 0.0008646918104204815
662.0 0.0010055994607682806
663.0 0.0011465074749139603
664.0 0.0011714307220245246
665.0 0.0011963537872361485
666.0 0.0010974845281452872
667.0 0.000998614814307075
668.0 0.0010760561963252258
669.0 0.0011534974873939063
670.0 0.0011644947335298639
671.0 0.0011754919796658214
672.0 0.001185085238830652
673.0 0.001194678134197602
674.0 0.001101015823223861
675.0 0.0010073534213006496
676.0 0.0009958454029401764
677.0 0.0009843370207818225
678.0 0.001076702665159246
679.0 0.0011690684914356098
680.0 0.001038133541442221
681.0 0.0009071985004993621
682.0 0.0009820320883591194
683.0 0.0010568656762188766
684.0 0.0008829445505398326
685.0 0.0007090233339113183
686.0 0.0009501723070570733
687.0 0.0011913211892533582
688.0 0.0011334883311064914
689.0 0.0010756554729596246
690.0 0.0009960810530174058
691.0 0.0009165065421257168
692.0 0.0009177135325444397
693.0 0.0009189205229631625
694.0 0.0010002499038819224
695.0 0.0010815792848006822
696.0 0.0011029283996322192
697.0 0.0011242771506658755
698.0 0.0012739830708596855
699.0 0.001423689172952436
700.0 0.0011693129636114463
701.0 0.0009149364814220462
702.0 0.0010872212442336604
703.0 0.0012595058251463342
704.0 0.0012259039067430422
705.0 0.0011923017154913396
706.0 0.0011351798093528487
707.0 0.0010780580851132981
708.0 0.0010679863407858647
709.0 0.0010579148693068419
710.0 0.0011979353075730614
711.0 0.0013379559277382214
712.0 0.0012019474525004625
713.0 0.0010659389772627037
714.0 0.001144104953709757
715.0 0.001222271293954691
716.0 0.001408705247740727
717.0 0.0015951394743751734
718.0 0.001854590664152056
719.0 0.002114041672029998
720.0 0.001766834975569509
721.0 0.0014196282791090198
722.0 0.0015637209799024276
723.0 0.0017078142263926566
724.0 0.0015916561096673831
725.0 0.0014754980838915799
726.0 0.0016438953025499359
727.0 0.0018122924302588217
728.0 0.001889783379738219
729.0 0.001967274147318676
730.0 0.001958701614057645
731.0 0.0019501292626955546
732.0 0.0018789960449794307
733.0 0.0018078630091622472
734.0 0.0016042031347751617
735.0 0.0014005437151354272
736.0 0.0012623683687706944
737.0 0.0011241929314564914
738.0 0.0011326046660542488
739.0 0.0011410164916014764
740.0 0.0009377518836117815
741.0 0.0007344872756220866
742.0 0.0008228755177697167
743.0 0.0009112637599173468
744.0 0.0009843129191722255
745.0 0.0010573621693765745
746.0 0.0010603528608044144
747.0 0.0010633435522322543
748.0 0.0011886085303558502
749.0 0.0013138735994289164
750.0 0.0010737775482994039
751.0 0.0008336818609677721
752.0 0.0007428427579725394
753.0 0.0006520038368762471
754.0 0.0007962887139001396
755.0 0.000940573590924032
756.0 0.0008843829164106864
757.0 0.0008281920599984005
758.0 0.0008572271326556802
759.0 0.0008862623872119002
760.0 0.0006948084319446934
761.0 0.0005033544312027516
762.0 0.0005953703293926083
763.0 0.0006873862275824649
764.0 0.0008408591384068131
765.0 0.0009943324585037772
766.0 0.0007916282811493147
767.0 0.0005889242402190575
768.0 0.0005405375304690097
769.0 0.0004921508207189618
770.0 0.0004258329681761097
771.0 0.00035951511563325766
772.0 0.0005805659839097643
773.0 0.0008016169886104763
774.0 0.000886698853719281
775.0 0.000971780809777556
776.0 0.0008809422979538795
777.0 0.0007901038770796731
778.0 0.0007143625680328114
779.0 0.0006386213499354199
780.0 0.0006202759777806932
781.0 0.0006019306056259666
782.0 0.0005905541456741048
783.0 0.0005791775492980378
784.0 0.0007221718078653794
785.0 0.0008651660209579859
786.0 0.0007520826329709962
787.0 0.0006389995633071521
788.0 0.00041998468987003434
789.0 0.00020096993011975428
790.0 0.00018007979178946698
791.0 0.00015918961935312836
792.0 0.00027611927180259954
793.0 0.00039304891288338695
794.0 0.00033412138691346627
795.0 0.00027519383820617804
796.0 0.00039778201426088344
797.0 0.0005203702130529564
798.0 0.0005136669187777443
799.0 0.0005069636245025322
800.0 0.0005047509148425888
801.0 0.0005025383416068507
802.0 0.00044918901949131396
803.0 0.00039583978832524735
804.0 0.00033245642043766566
805.0 0.0002690731207621866
806.0 0.0002735487669269787
807.0 0.0002780244358291384
808.0 0.0003742272383533418
809.0 0.00047043004087754525
810.0 0.0004029166120744776
811.0 0.00033540313779667486
812.0 0.0003040962837985717
813.0 0.00027278936158836586
814.0 0.0003293107283752761
815.0 0.00038583207242481876
816.0 0.0005005599177820841
817.0 0.0006152876267151441
818.0 0.00044812400119553786
819.0 0.00028096042115066666
820.0 0.0004657323643186828
821.0 0.0006505041255877586
822.0 0.0005203711680223932
823.0 0.0003902380740328226
824.0 0.00044514158616948407
825.0 0.0005000450073566753
826.0 0.0005970990059722681
827.0 0.0006941529591131257
828.0 0.0005926617632212583
829.0 0.0004911705218546558
830.0 0.00040391128095507156
831.0 0.00031665206279285485
832.0 0.0004860874923906522
833.0 0.0006555228083016118
834.0 0.0005390157639340032
835.0 0.0004225087195663946
836.0 0.0004620904746843735
837.0 0.0005016723662265576
838.0 0.0005442525434773415
839.0 0.0005868327662028605
840.0 0.0006120941179688089
841.0 0.0006373554242600221
842.0 0.0003612673936004285
843.0 8.517926062268089e-05
844.0 0.00012982407042727573
845.0 0.00017446888023187057
846.0 0.00040785412238619756
847.0 0.0006412395123334136
848.0 0.0005631740805256413
849.0 0.00048510869419260416
850.0 0.0004867928055318771
851.0 0.00048847691687115
852.0 0.000541157896805089
853.0 0.0005938385129411472
854.0 0.0005997175776428776
855.0 0.0006055964604456676
856.0 0.0006222053343662992
857.0 0.000638814299236401
858.0 0.000587955446462729
859.0 0.000537096593689057
860.0 0.0005313325800671009
861.0 0.0005255684754956746
862.0 0.00047027137952682097
863.0 0.0004149742835579673
864.0 0.00041851344576571137
865.0 0.00042205260797345545
866.0 0.000461499257653486
867.0 0.0005009459982829867
868.0 0.0006273645794863114
869.0 0.0007537831606896361
870.0 0.0006196840331540443
871.0 0.0004855847691942472
872.0 0.0003787508148889174
873.0 0.0002719167241593823
874.0 0.00037800741665705573
875.0 0.00048409810915472917
876.0 0.0006054809546185425
877.0 0.0007268638455570908
878.0 0.0007338639079534914
879.0 0.000740863970349892
880.0 0.0006972239589231322
881.0 0.0006535841748700477
882.0 0.0005509164111572318
883.0 0.0004482488748180913
884.0 0.0005089828391646734
885.0 0.0005697170308849309
886.0 0.0006737347121088533
887.0 0.0007777526661811862
888.0 0.0006176547231007135
889.0 0.00045755696191918105
890.0 0.00048726524255471304
891.0 0.0005169737050891854
892.0 0.0004946340595779475
893.0 0.00047229450501617976
894.0 0.0004454530426301062
895.0 0.00041861167119350284
896.0 0.00026637512746674474
897.0 0.00011413858373998664
898.0 0.00026387076559331035
899.0 0.000413602901971899
900.0 0.0003919472874258645
901.0 0.00037029160466772737
902.0 0.0005356973360903794
903.0 0.000701103090250399
904.0 0.0003973968887294177
905.0 9.369057352159871e-05
