lsstCam/transmission_filter_detector/r14_s11/g_6/19700101T000000.ecsv
# %ECSV 1.0
# ---
# datatype:
# - {name: wavelength, unit: nm, datatype: float32}
# - {name: efficiency, unit: '%', datatype: float64}
# meta: !!omap
# - {MODE: DETECTOR}
# - {TYPE: transmission_filter_detector}
# - {CALIBDATE: '1970-01-01T00:00:00'}
# - {INSTRUME: LSSTCam}
# - {OBSTYPE: transmission_filter_detector}
# - {CALIBCLS: lsst.ip.isr.IntermediateFilterDetectorTransmissionCurve}
# - {SOURCE: Materion (DM-46256)}
# - {DETECTOR: 67}
# - {FILTER: g_6}
# - {CALIB_ID: 'calibDate=1970-01-01T00:00:00 filter=g_6 detector=67'}
# - {DATE: '2025-04-02T15:59:42.337655'}
# - {CALIB_CREATION_DATE: '2025-04-02'}
# - {CALIB_CREATION_TIME: '15:59:42'}
# - __serialized_columns__:
#     efficiency:
#       __class__: astropy.units.quantity.Quantity
#       unit: !astropy.units.Unit {unit: '%'}
#       value: !astropy.table.SerializedColumn {name: efficiency}
#     wavelength:
#       __class__: astropy.units.quantity.Quantity
#       unit: !astropy.units.Unit {unit: nm}
#       value: !astropy.table.SerializedColumn {name: wavelength}
# schema: astropy-2.0
wavelength efficiency
[from data line 607]
907.0 0.0006099372512835544
908.0 0.000520696812600363
909.0 0.000431456510341377
910.0 0.000384775421480299
911.0 0.00033809433261922095
912.0 0.00041880866774590686
913.0 0.000499523093822063
914.0 0.00038605285226367414
915.0 0.00027258267891738797
916.0 0.00021131429548404412
917.0 0.0001500458665759652
918.0 0.00020198392576276092
919.0 0.0002539220076869242
920.0 0.00035792268135992344
921.0 0.0004619233550329227
922.0 0.0005802636223961599
923.0 0.000698603844284662
924.0 0.0005660555871145334
925.0 0.0004335071935201995
926.0 0.0005085047177999513
927.0 0.0005835023330291733
928.0 0.0005149919616087573
929.0 0.0004464816811378114
930.0 0.0004906204139842885
931.0 0.0005347592377802357
932.0 0.00048278534450219013
933.0 0.00043081149669887964
934.0 0.0004369599082565401
935.0 0.0004431083652889356
936.0 0.0004821262336918153
937.0 0.0005211440566199599
938.0 0.0006616099199163727
939.0 0.0008020757377380505
940.0 0.0007322049896174576
941.0 0.0006623341505473945
942.0 0.0007589190772705479
943.0 0.0008555040039937012
944.0 0.0007136147814890137
945.0 0.000571725468034856
946.0 0.0005193226115807192
947.0 0.00046691970965184737
948.0 0.0007777122846164275
949.0 0.0010885049960052129
950.0 0.0010060950444312766
951.0 0.0009236850019078702
952.0 0.000938316406973172
953.0 0.0009529477210890036
954.0 0.0009139746907749213
955.0 0.0008750017514103092
956.0 0.0007280124464159599
957.0 0.0005810229595226701
958.0 0.0006864278020657366
959.0 0.0007918326446088031
960.0 0.0006233897693164181
961.0 0.00045494675759982783
962.0 0.0005078931280877441
963.0 0.0005608394985756604
964.0 0.0006750879038008861
965.0 0.0007893360816524364
966.0 0.0007864658982725814
967.0 0.0007835956239432562
968.0 0.0007557875505881384
969.0 0.0007279795227077557
970.0 0.0007194988029368687
971.0 0.000711018174115452
972.0 0.0007804434972058516
973.0 0.0008498689567204565
974.0 0.0007617782557645114
975.0 0.0006736878276569769
976.0 0.0007377835572697222
977.0 0.0008018796506803483
978.0 0.0009277766366722062
979.0 0.0010536737136135343
980.0 0.0010268709957017563
981.0 0.0010000684596889187
982.0 0.0009202576620737091
983.0 0.0008404466825595591
984.0 0.0008783819794189185
985.0 0.0009163174581772182
986.0 0.0011079147952841595
987.0 0.0012995120414416306
988.0 0.0013938322808826342
989.0 0.001488152065576287
990.0 0.0015950343367876485
991.0 0.0017019165170495398
992.0 0.0016498152035637759
993.0 0.0015977140719769523
994.0 0.001552326648379676
995.0 0.0015069394976308104
996.0 0.001370785048493417
997.0 0.0012346304174570832
998.0 0.0013807256436848547
999.0 0.001526820778963156
1000.0 0.001440985215594992
1001.0 0.0013551492884289473
1002.0 0.0012611658348760102
1003.0 0.0011671824722725432
1004.0 0.0011370401807653252
1005.0 0.0011068976164096966
1006.0 0.0013208559721533675
1007.0 0.0015348143278970383
1008.0 0.0015663434169255197
1009.0 0.0015978728697518818
1010.0 0.0016918000255827792
1011.0 0.0017857275452115573
1012.0 0.0019027325834031217
1013.0 0.0020197378034936264
1014.0 0.0020591191059793346
1015.0 0.0020985009541618638
1016.0 0.0023964335923665203
1017.0 0.0026943665943690576
1018.0 0.0029724025807809085
1019.0 0.0032504387490916997
1020.0 0.00325097753375303
1021.0 0.003251516682212241
1022.0 0.003564340659067966
1023.0 0.003877164999721572
1024.0 0.003971462865592912
1025.0 0.004065760731464252
1026.0 0.004183061173534952
1027.0 0.004300361615605652
1028.0 0.004318966239225119
1029.0 0.004337570499046706
1030.0 0.004501982766669244
1031.0 0.004666394670493901
1032.0 0.005075735680293292
1033.0 0.005485076690092683
1034.0 0.005285151200951077
1035.0 0.005085225711809471
1036.0 0.005248959860182367
1037.0 0.005412694008555263
1038.0 0.005667584264301695
1039.0 0.005922475247643888
1040.0 0.0063321458583232015
1041.0 0.006741815013810992
1042.0 0.00693749389029108
1043.0 0.007133172039175406
1044.0 0.007329848449444398
1045.0 0.007526524132117629
1046.0 0.008421488746535033
1047.0 0.009316452633356676
1048.0 0.010779516742331907
1049.0 0.012242578668519855
1050.0 0.0145586600410752
1051.0 0.016874737048055977
1052.0 0.02030021423706785
1053.0 0.02372569724684581
1054.0 0.028363586170598865
1055.0 0.03300147654954344
1056.0 0.03955619758926332
1057.0 0.04611090989783406
1058.0 0.05374220781959593
1059.0 0.06137348827905953
1060.0 0.06865570903755724
1061.0 0.0759379006922245
1062.0 0.08297644089907408
1063.0 0.0900149520020932
1064.0 0.09512880351394415
1065.0 0.10024263756349683
1066.0 0.10499365162104368
1067.0 0.10974467732012272
1068.0 0.11564291780814528
1069.0 0.12154120486229658
1070.0 0.13106437399983406
1071.0 0.14058754313737154
1072.0 0.15386604936793447
1073.0 0.16714452067390084
1074.0 0.18225277308374643
1075.0 0.19736108370125294
1076.0 0.21178692113608122
1077.0 0.22621273528784513
1078.0 0.2407599939033389
1079.0 0.25530720595270395
1080.0 0.2721054945141077
1081.0 0.2889037597924471
1082.0 0.3147177631035447
1083.0 0.34053181298077106
1084.0 0.37673593033105135
1085.0 0.41294004768133163
1086.0 0.4471493884921074
1087.0 0.48135872930288315
1088.0 0.5444090347737074
1089.0 0.6074593402445316
1090.0 0.6834876723587513
1091.0 0.7595159579068422
1092.0 0.7880271412432194
1093.0 0.8165379986166954
1094.0 0.851463433355093
1095.0 0.8863885886967182
1096.0 0.9280990809202194
1097.0 0.9698096662759781
1098.0 0.986088253557682
1099.0 1.0023671202361584
1100.0 1.15205068141222
1101.0 1.3017338700592518
