lsstCam/transmission_filter_detector/r00_sw1/g_6/19700101T000000.ecsv
# %ECSV 1.0
# ---
# datatype:
# - {name: wavelength, unit: nm, datatype: float32}
# - {name: efficiency, unit: '%', datatype: float64}
# meta: !!omap
# - {MODE: DETECTOR}
# - {TYPE: transmission_filter_detector}
# - {CALIBDATE: '1970-01-01T00:00:00'}
# - {INSTRUME: LSSTCam}
# - {OBSTYPE: transmission_filter_detector}
# - {CALIBCLS: lsst.ip.isr.IntermediateFilterDetectorTransmissionCurve}
# - {SOURCE: Materion (DM-46256)}
# - {DETECTOR: 192}
# - {FILTER: g_6}
# - {CALIB_ID: 'calibDate=1970-01-01T00:00:00 filter=g_6 detector=192'}
# - {DATE: '2025-04-02T15:59:42.917664'}
# - {CALIB_CREATION_DATE: '2025-04-02'}
# - {CALIB_CREATION_TIME: '15:59:42'}
# - __serialized_columns__:
#     efficiency:
#       __class__: astropy.units.quantity.Quantity
#       unit: !astropy.units.Unit {unit: '%'}
#       value: !astropy.table.SerializedColumn {name: efficiency}
#     wavelength:
#       __class__: astropy.units.quantity.Quantity
#       unit: !astropy.units.Unit {unit: nm}
#       value: !astropy.table.SerializedColumn {name: wavelength}
# schema: astropy-2.0
wavelength efficiency
[from data line 607]
907.0 0.000541256895303377
908.0 0.0004541483122011414
909.0 0.0003670398882604786
910.0 0.00034404290545353433
911.0 0.0003210459453839576
912.0 0.00044620464905165136
913.0 0.0005713634436688153
914.0 0.00033635169529588893
915.0 0.00010133998102901387
916.0 0.00014559382179868408
917.0 0.00018984763983098674
918.0 0.00026626751150615746
919.0 0.0003426873718126444
920.0 0.00036593696677300613
921.0 0.00038918656173336785
922.0 0.0005026540293329163
923.0 0.0006161215424071997
924.0 0.0005743209840147756
925.0 0.0005325203346728813
926.0 0.0005587371106230421
927.0 0.0005849539775226731
928.0 0.000562980494578369
929.0 0.0005410070571087999
930.0 0.0005330231488187565
931.0 0.0005250393314781832
932.0 0.000507582171849208
933.0 0.0004901250576949678
934.0 0.000461696754427976
935.0 0.0004332684511609841
936.0 0.00047736934902786743
937.0 0.0005214702468947507
938.0 0.0006214384484337643
939.0 0.0007214066044980427
940.0 0.0005842079190188088
941.0 0.0004470091425901046
942.0 0.000644387955617276
943.0 0.0008417667231697123
944.0 0.0006686494089080952
945.0 0.0004955319582222728
946.0 0.0005132080787006998
947.0 0.0005308841082296567
948.0 0.0008668112968734931
949.0 0.001202738712891005
950.0 0.0010754960385384038
951.0 0.0009482533641858026
952.0 0.0009229939678334631
953.0 0.0008977344805316534
954.0 0.0008453583177470136
955.0 0.0007929822459118441
956.0 0.0006936269983270904
957.0 0.0005942715233686613
958.0 0.0006992709586484125
959.0 0.0008042704394028988
960.0 0.0006535815373354126
961.0 0.0005028924988437211
962.0 0.0005929131475568283
963.0 0.0006829337053204654
964.0 0.0007573289622087032
965.0 0.0008317239917232655
966.0 0.000824400285637239
967.0 0.0008170765795512125
968.0 0.0007481821739929728
969.0 0.0006792878139094682
970.0 0.0007128466677386314
971.0 0.0007464055670425296
972.0 0.0008055529178818688
973.0 0.000864700268721208
974.0 0.0008299114597321022
975.0 0.000795122923591407
976.0 0.0008465600330964662
977.0 0.0008979975063994061
978.0 0.0009567468623572495
979.0 0.001015496309264563
980.0 0.0010494291927898303
981.0 0.0010833621672645677
982.0 0.0009953320841304958
983.0 0.0009073020009964239
984.0 0.0008926279406296089
985.0 0.0008779541531112045
986.0 0.0011013850780727807
987.0 0.0013248159120848868
988.0 0.001300928670389112
989.0 0.001277041246794397
990.0 0.0014012881365488283
991.0 0.0015255352082022
992.0 0.001492202591180103
993.0 0.001458870065107476
994.0 0.0014334662409964949
995.0 0.001408062507834984
996.0 0.0013037920325587038
997.0 0.001199521739181364
998.0 0.0013628323358716443
999.0 0.0015261428416124545
1000.0 0.0014371082215802744
1001.0 0.001348073419649154
1002.0 0.001232547583640553
1003.0 0.0011170218385814223
1004.0 0.0011063788406318054
1005.0 0.0010957354788843077
1006.0 0.0013785142073174939
1007.0 0.0016612930267001502
1008.0 0.0016203539416892454
1009.0 0.001579415584274102
1010.0 0.0017233856851817109
1011.0 0.0018673563317861408
1012.0 0.0019782595700235106
1013.0 0.002089163172058761
1014.0 0.002121759462170303
1015.0 0.002154355934180785
1016.0 0.002467515878379345
1017.0 0.002780676368274726
1018.0 0.003004243626492098
1019.0 0.0032278112485073507
1020.0 0.0032740910683060065
1021.0 0.0033203708881046623
1022.0 0.0036362554965307936
1023.0 0.003952140468754806
1024.0 0.004060623177792877
1025.0 0.004169105886830948
1026.0 0.004266706673661247
1027.0 0.004364306732895784
1028.0 0.004452024950296618
1029.0 0.004539742803899571
1030.0 0.004676751996157691
1031.0 0.004813760460820049
1032.0 0.005185092231840827
1033.0 0.005556424002861604
1034.0 0.005392981256591156
1035.0 0.005229538874118589
1036.0 0.005339214112609625
1037.0 0.0054488886235048994
1038.0 0.005640997915179469
1039.0 0.005833107206854038
1040.0 0.006315234350040555
1041.0 0.0067973596742376685
1042.0 0.006958802987355739
1043.0 0.007120245572878048
1044.0 0.007364926568698138
1045.0 0.007609606836922467
1046.0 0.008556190732633695
1047.0 0.009502773900749162
1048.0 0.010952752199955285
1049.0 0.012402728316374123
1050.0 0.014849657600279897
1051.0 0.01729658106341958
1052.0 0.020853585738223046
1053.0 0.024410596233792603
1054.0 0.029119610553607345
1055.0 0.03382862196303904
1056.0 0.04053982556797564
1057.0 0.04725101753138006
1058.0 0.05493026110343635
1059.0 0.06260949303396046
1060.0 0.07009186665527523
1061.0 0.07757421117275953
1062.0 0.08468008600175381
1063.0 0.09178593172691762
1064.0 0.09708879515528679
1065.0 0.10239164112135768
1066.0 0.10744507890194654
1067.0 0.11249852832406759
1068.0 0.1189305679872632
1069.0 0.12536263093352318
1070.0 0.1353421830572188
1071.0 0.1453217351809144
1072.0 0.15863593434914947
1073.0 0.17195009859278798
1074.0 0.18625870579853654
1075.0 0.200567371211946
1076.0 0.21434896625578403
1077.0 0.22813058458268642
1078.0 0.24213790893554688
1079.0 0.2561452332884073
1080.0 0.27308370918035507
1081.0 0.2900221850723028
1082.0 0.3165691625326872
1083.0 0.3431161632761359
1084.0 0.3804478095844388
1085.0 0.41777947917580605
1086.0 0.45291827991604805
1087.0 0.48805708065629005
1088.0 0.5520387552678585
1089.0 0.616020429879427
1090.0 0.693529425188899
1091.0 0.7710384204983711
1092.0 0.8002264425158501
1093.0 0.8294140920042992
1094.0 0.8660311810672283
1095.0 0.9026478976011276
1096.0 0.9471016936004162
1097.0 0.9915556758642197
1098.0 1.01125817745924
1099.0 1.0309608653187752
1100.0 1.1878116987645626
1101.0 1.3446621596813202
