lsstCam/transmission_filter_detector/r00_sw1/g_6/19700101T000000.ecsv
# %ECSV 1.0
# ---
# datatype:
# - {name: wavelength, unit: nm, datatype: float32}
# - {name: efficiency, unit: '%', datatype: float64}
# meta: !!omap
# - {MODE: DETECTOR}
# - {TYPE: transmission_filter_detector}
# - {CALIBDATE: '1970-01-01T00:00:00'}
# - {INSTRUME: LSSTCam}
# - {OBSTYPE: transmission_filter_detector}
# - {CALIBCLS: lsst.ip.isr.IntermediateFilterDetectorTransmissionCurve}
# - {SOURCE: Materion (DM-46256)}
# - {DETECTOR: 192}
# - {FILTER: g_6}
# - {CALIB_ID: 'calibDate=1970-01-01T00:00:00 filter=g_6 detector=192'}
# - {DATE: '2025-04-02T15:59:42.917664'}
# - {CALIB_CREATION_DATE: '2025-04-02'}
# - {CALIB_CREATION_TIME: '15:59:42'}
# - __serialized_columns__:
#     efficiency:
#       __class__: astropy.units.quantity.Quantity
#       unit: !astropy.units.Unit {unit: '%'}
#       value: !astropy.table.SerializedColumn {name: efficiency}
#     wavelength:
#       __class__: astropy.units.quantity.Quantity
#       unit: !astropy.units.Unit {unit: nm}
#       value: !astropy.table.SerializedColumn {name: wavelength}
# schema: astropy-2.0
wavelength efficiency
300.0 0.5001038778573275
301.0 0.36862241104245186
302.0 0.23714089766144753
303.0 0.2180061535909772
304.0 0.1988713862374425
305.0 0.20503874402493238
306.0 0.21120610181242228
307.0 0.2180000999942422
308.0 0.22479412145912647
309.0 0.2211287384852767
310.0 0.21746340207755566
311.0 0.2093537012115121
312.0 0.20124404691159725
313.0 0.1994483871385455
314.0 0.19765275064855814
315.0 0.1864714315161109
316.0 0.17529015894979239
317.0 0.17640877049416304
318.0 0.17752740532159805
319.0 0.16272892244160175
320.0 0.1479304046370089
321.0 0.14246167847886682
322.0 0.13699295232072473
323.0 0.11501789558678865
324.0 0.09304287959821522
325.0 0.08573929662816226
326.0 0.0784357194788754
327.0 0.07142426911741495
328.0 0.06441281293518841
329.0 0.06156540475785732
330.0 0.05871799075976014
331.0 0.05512182833626866
332.0 0.051525660092011094
333.0 0.047542410902678967
334.0 0.04355916171334684
335.0 0.042401187238283455
336.0 0.041243209852837026
337.0 0.041809247341006994
338.0 0.04237528191879392
339.0 0.040728997555561364
340.0 0.039082716102711856
341.0 0.03753826895263046
342.0 0.035993827623315156
343.0 0.032461597584187984
344.0 0.028929367545060813
345.0 0.02570057986304164
346.0 0.022471786360256374
347.0 0.021060694416519254
348.0 0.019649598107207566
349.0 0.017997316899709404
350.0 0.6029305979609489
351.0 0.7589986082166433
352.0 0.5909695290029049
353.0 0.8269531652331352
354.0 0.5332056898623705
355.0 0.925238523632288
356.0 0.7915603928267956
357.0 0.6215748377144337
358.0 0.48910328187048435
359.0 0.8403467014431953
360.0 0.5538347642868757
361.0 0.7072868291288614
362.0 0.4999816883355379
363.0 0.9482134133577347
364.0 0.5483668297529221
365.0 0.8302683942019939
366.0 0.4266344476491213
367.0 0.5433206912130117
368.0 0.3377600107342005
369.0 0.5523959640413523
370.0 0.4248780198395252
371.0 0.5866555962711573
372.0 0.42135873809456825
373.0 0.6040312349796295
374.0 0.4053459968417883
375.0 0.5978194065392017
376.0 0.34389395732432604
377.0 0.4442084114998579
378.0 0.38851448334753513
379.0 0.4390093497931957
380.0 0.3277162089943886
381.0 0.5324468016624451
382.0 0.5039405543357134
383.0 0.6017622537910938
384.0 0.5364933982491493
385.0 0.5456063896417618
386.0 0.6938176695257425
387.0 0.7431537844240665
388.0 0.9415561333298683
389.0 1.2172290123999119
390.0 1.8851790577173233
391.0 2.7964450418949127
392.0 4.459831863641739
393.0 7.072699069976807
394.0 10.59628501534462
395.0 15.373517572879791
396.0 21.293072402477264
397.0 28.60647141933441
398.0 37.11944222450256
399.0 46.411094069480896
400.0 55.81145882606506
401.0 64.76026773452759
402.0 72.95080423355103
403.0 79.80827689170837
404.0 84.86829400062561
405.0 88.60414028167725
406.0 90.62914252281189
407.0 92.26733446121216
408.0 93.28619241714478
409.0 93.69881749153137
410.0 93.79387497901917
411.0 93.70407462120056
412.0 93.35435032844543
413.0 93.10712218284607
414.0 92.99285411834717
415.0 93.17770004272461
416.0 93.51658821105957
417.0 93.842214345932
418.0 94.28966641426086
419.0 94.8918104171753
420.0 95.36900520324707
421.0 95.96281051635742
422.0 96.15628719329834
423.0 96.31982445716858
424.0 96.16315960884094
425.0 96.05488181114197
426.0 96.0304856300354
427.0 96.0460901260376
428.0 95.85710763931274
429.0 95.72866559028625
430.0 95.63237428665161
431.0 95.68836688995361
432.0 95.66843509674072
433.0 95.80966234207153
434.0 95.88650465011597
435.0 96.00589871406555
436.0 96.014404296875
437.0 96.04052901268005
438.0 96.0970401763916
439.0 96.19103074073792
440.0 96.15813493728638
441.0 96.27569317817688
442.0 96.27714157104492
443.0 96.21281623840332
444.0 96.18436694145203
445.0 95.89852094650269
446.0 95.79164385795593
447.0 95.52252888679504
448.0 95.57280540466309
449.0 95.75543999671936
450.0 95.96515893936157
451.0 96.22524380683899
452.0 96.3570773601532
453.0 96.51618599891663
454.0 96.56304717063904
455.0 96.86313271522522
456.0 96.95205092430115
457.0 97.09734320640564
458.0 97.11529612541199
459.0 97.13082313537598
460.0 97.0946729183197
461.0 97.25764989852905
462.0 97.19083905220032
463.0 97.03322052955627
464.0 97.20256924629211
465.0 97.10261821746826
466.0 97.07491993904114
467.0 97.08641171455383
468.0 97.12884426116943
469.0 97.17342853546143
470.0 97.02039361000061
471.0 96.89975380897522
472.0 96.95265293121338
473.0 96.81951999664307
474.0 96.73230051994324
475.0 96.8511700630188
476.0 96.84540629386902
477.0 96.86992168426514
478.0 96.9880223274231
479.0 96.96979522705078
480.0 97.10661172866821
481.0 97.23368287086487
482.0 97.42006659507751
483.0 97.31378555297852
484.0 97.52886891365051
485.0 97.5361704826355
486.0 97.54013419151306
487.0 97.5955069065094
488.0 97.60425686836243
489.0 97.71196246147156
490.0 97.63064384460449
491.0 97.71277904510498
492.0 97.63623476028442
493.0 97.63593673706055
494.0 97.5878357887268
495.0 97.69014120101929
496.0 97.48446345329285
497.0 97.44665622711182
498.0 97.26257920265198
499.0 97.29272127151489
500.0 97.19382524490356
501.0 97.18732833862305
502.0 97.09200263023376
503.0 97.25310802459717
504.0 97.06518650054932
505.0 97.08836674690247
506.0 97.11315631866455
507.0 97.05911874771118
508.0 97.04567193984985
509.0 97.06304669380188
510.0 97.00257778167725
511.0 96.95518016815186
512.0 96.89066410064697
513.0 96.99517488479614
514.0 96.92772626876831
515.0 96.99031710624695
516.0 97.06594347953796
517.0 97.06690311431885
518.0 97.16305136680603
519.0 97.14229106903076
520.0 97.23917245864868
521.0 97.30790853500366
522.0 97.36286997795105
523.0 97.27889895439148
524.0 97.33142852783203
525.0 97.26807475090027
526.0 97.38470315933228
527.0 97.35755324363708
528.0 97.46119976043701
529.0 97.51036167144775
530.0 97.53097295761108
531.0 97.65343070030212
532.0 97.55178689956665
533.0 97.54164814949036
534.0 97.50527739524841
535.0 97.27943539619446
536.0 96.9058096408844
537.0 96.32711410522461
538.0 95.50532698631287
539.0 94.05074715614319
540.0 92.21530556678772
541.0 89.553701877594
542.0 86.72040700912476
543.0 83.05526375770569
544.0 78.45746278762817
545.0 74.38793182373047
546.0 69.51379776000977
547.0 65.05633592605591
548.0 60.60170531272888
549.0 56.62471055984497
550.0 53.4992516040802
551.0 50.42085647583008
552.0 48.03396165370941
553.0 45.43538689613342
554.0 42.45523810386658
555.0 39.14268612861633
556.0 34.810709953308105
557.0 29.895320534706116
558.0 24.550150334835052
559.0 19.327805936336517
560.0 14.33151364326477
561.0 9.711097925901413
562.0 6.229764968156815
563.0 3.6443889141082764
564.0 1.9901629537343979
565.0 0.95794927328825
566.0 0.5219067446887493
567.0 0.26620617136359215
568.0 0.16859631286934018
569.0 0.10529111605137587
570.0 0.07682768045924604
571.0 0.04546500276774168
572.0 0.0550980563275516
573.0 0.030680708005093038
574.0 0.037988097756169736
575.0 0.02997441915795207
576.0 0.03424720198381692
577.0 0.02681718615349382
578.0 0.0337988487444818
579.0 0.02088560431730002
580.0 0.028616550844162703
581.0 0.01768145739333704
582.0 0.024168295203708112
583.0 0.014136660320218652
584.0 0.010729613859439269
585.0 0.01562740362714976
586.0 0.01902989752124995
587.0 0.012035070540150627
588.0 0.02013871999224648
589.0 0.010318018757971004
590.0 0.02103738224832341
591.0 0.017039201338775456
592.0 0.017588850460015237
593.0 0.014181548613123596
594.0 0.00556351660634391
595.0 0.012125366629334167
596.0 0.005140370558365248
597.0 0.01794457493815571
598.0 0.015890841314103454
599.0 0.010863854549825191
600.0 1.653876688378908e-10
601.0 0.0022680302208755165
602.0 0.0023819939087843522
603.0 0.0024959577785921283
604.0 0.0022602593162446283
605.0 0.0020245610357960686
606.0 0.001996032915485557
607.0 0.0019675047951750457
608.0 0.0018429651390761137
609.0 0.0017184254829771817
610.0 0.001802640144887846
611.0 0.0018868548067985103
612.0 0.0017830368960858323
613.0 0.0016792189853731543
614.0 0.0017610704162507318
615.0 0.0018429223928251304
616.0 0.0019526241885614581
617.0 0.002062325984297786
618.0 0.0018909026039182208
619.0 0.0017194790416397154
620.0 0.0017269334421143867
621.0 0.0017343882063869387
622.0 0.001549013722978998
623.0 0.0013636392395710573
624.0 0.0014209381333785132
625.0 0.0014782371181354392
626.0 0.0013880608094041236
627.0 0.001297885046369629
628.0 0.0014212933820090257
629.0 0.0015447019904968329
630.0 0.0013773042155662552
631.0 0.0012099060768377967
632.0 0.0013668111932929605
633.0 0.0015237160368997138
634.0 0.001451849766453961
635.0 0.0013799831322103273
636.0 0.0013686195416084956
637.0 0.0013572563148045447
638.0 0.0012356001207081135
639.0 0.0011139438356622122
640.0 0.0010829910934262443
641.0 0.001052038169291336
642.0 0.0012681502084888052
643.0 0.0014842623386357445
644.0 0.0013764024515694473
645.0 0.0012685423826042097
646.0 0.0012191686437290628
647.0 0.0011697950867528562
648.0 0.0010682063475542236
649.0 0.0009666174264566507
650.0 0.0012040543879265897
651.0 0.0014414908036997076
652.0 0.0012011188118776772
653.0 0.0009607468200556468
654.0 0.0010664651199476793
655.0 0.0011721836926881224
656.0 0.0011827414709841833
657.0 0.0011932992492802441
658.0 0.0011053914931835607
659.0 0.0010174842827836983
660.0 0.0009576485354045872
661.0 0.000897812788025476
662.0 0.0010234378351015039
663.0 0.0011490633369248826
664.0 0.0012002988114545587
665.0 0.0012515339221863542
666.0 0.0011478644410090055
667.0 0.0010441945960337762
668.0 0.00116807850645273
669.0 0.0012919625078211538
670.0 0.0012208105545141734
671.0 0.0011496583283587825
672.0 0.0011705285032803658
673.0 0.0011913984963030089
674.0 0.0011585431821004022
675.0 0.0011256878678977955
676.0 0.0010404205568192992
677.0 0.0009551529728923924
678.0 0.001101515044865664
679.0 0.0012478772987378761
680.0 0.0010953967830573674
681.0 0.0009429161764273886
682.0 0.0009965796380129177
683.0 0.0010502430995984469
684.0 0.0009305312232754659
685.0 0.0008108192560030147
686.0 0.0010269537597196177
687.0 0.0012430882634362206
688.0 0.0011809822353825439
689.0 0.0011188760254299268
690.0 0.0009972945917979814
691.0 0.0008757132491155062
692.0 0.0008987277396954596
693.0 0.000921742230275413
694.0 0.0009992573723138776
695.0 0.001076772423402872
696.0 0.0011275470569671597
697.0 0.0011783213267335668
698.0 0.0012930827324453276
699.0 0.0014078441381570883
700.0 0.0012092153156118002
701.0 0.0010105862202181015
702.0 0.001134447938966332
703.0 0.001258309384866152
704.0 0.0011829793038486969
705.0 0.0011076489499828313
706.0 0.0011002439350704663
707.0 0.0010928389201581012
708.0 0.0010373951226938516
709.0 0.0009819515980780125
710.0 0.0011511569937283639
711.0 0.0013203628441260662
712.0 0.0012281046110729221
713.0 0.0011358467418176588
714.0 0.0012066124327247962
715.0 0.0012773784874298144
716.0 0.0014660309716418851
717.0 0.0016546839106013067
718.0 0.0019278557374491356
719.0 0.0022010275642969646
720.0 0.0018259472199133597
721.0 0.0014508667845802847
722.0 0.0015702424207120202
723.0 0.0016896185115911067
724.0 0.0016514713934157044
725.0 0.001613324275240302
726.0 0.0017453126929467544
727.0 0.0018773011106532067
728.0 0.00192696024896577
729.0 0.0019766193872783333
730.0 0.0019628934751381166
731.0 0.0019491673810989596
732.0 0.0018808710592566058
733.0 0.001812574737414252
734.0 0.0016011001207516529
735.0 0.0013896258678869344
736.0 0.001236733533005463
737.0 0.0010838410162250511
738.0 0.0011130633538414259
739.0 0.0011422856914578006
740.0 0.0009609037988411728
741.0 0.0007795216333761346
742.0 0.0007219419330795063
743.0 0.000664362232782878
744.0 0.0008690754839335568
745.0 0.001073788916983176
746.0 0.0010943041161226574
747.0 0.0011148194971610792
748.0 0.0012003603842458688
749.0 0.0012859014532295987
750.0 0.0010708897207223345
751.0 0.0008558783520129509
752.0 0.0007553721843578387
753.0 0.0006548661531269317
754.0 0.0008254335625679232
755.0 0.0009960009265341796
756.0 0.0009255391887563746
757.0 0.0008550774509785697
758.0 0.0008868069016898517
759.0 0.0009185366252495442
760.0 0.0007226365596579853
761.0 0.0005267364031169564
762.0 0.000552453457203228
763.0 0.0005781704658147646
764.0 0.0006864990609756205
765.0 0.0007948278835101519
766.0 0.0007092748546710936
767.0 0.0006237219167815056
768.0 0.0005398409939516569
769.0 0.00045596002564707305
770.0 0.0003770082003029529
771.0 0.00029805642043356784
772.0 0.0005402359420259017
773.0 0.000782415645517176
774.0 0.0008645721209177282
775.0 0.0009467285963182803
776.0 0.0008716848242329434
777.0 0.0007966410521476064
778.0 0.0007430635378113948
779.0 0.0006894860689499183
780.0 0.0006435828709072666
781.0 0.0005976796273898799
782.0 0.000594269840803463
783.0 0.0005908598723181058
784.0 0.0007262617600645171
785.0 0.0008616635568614583
786.0 0.0007372917934844736
787.0 0.0006129203029558994
788.0 0.000395335337088909
789.0 0.00017775042806533747
790.0 0.00022003007416060427
791.0 0.00026230968614981975
792.0 0.00027585631414694944
793.0 0.00028940294214407913
794.0 0.0002938331135737826
795.0 0.0002982633304782212
796.0 0.00037672627968277084
797.0 0.0004551892743620556
798.0 0.0004792650997842429
799.0 0.0005033409252064303
800.0 0.0005042363227403257
801.0 0.0005051319021731615
802.0 0.00043886420826311223
803.0 0.00037259667351463577
804.0 0.00032015789201977896
805.0 0.0002677192014743923
806.0 0.0003240375690438668
807.0 0.0003803559820880764
808.0 0.00040651839299243875
809.0 0.0004326808266341686
810.0 0.0003242808816139586
811.0 0.00021588093659374863
812.0 0.0002236717591586057
813.0 0.0002314625362487277
814.0 0.0003061087681999197
815.0 0.00038075500015111174
816.0 0.0004895421170658665
817.0 0.0005983291885058861
818.0 0.0003911189651262248
819.0 0.0001839088099586661
820.0 0.00040470790736435447
821.0 0.0006255068910832051
822.0 0.0004781068582815351
823.0 0.0003307068254798651
824.0 0.00039345582081296016
825.0 0.00045620477067132015
826.0 0.0005976290594844613
827.0 0.0007390532573481323
828.0 0.0006340716026898008
829.0 0.000529089811607264
830.0 0.0004667065240937518
831.0 0.0004043232365802396
832.0 0.0005018228875997011
833.0 0.0005993224931444274
834.0 0.00045348760977503844
835.0 0.0003076527946177521
836.0 0.0004003908998129191
837.0 0.0004931290732201887
838.0 0.00046809777813905384
839.0 0.00044306652853265405
840.0 0.0005215373676037416
841.0 0.000600008115725359
842.0 0.00030817311653663637
843.0 1.633799087130683e-05
844.0 8.152702548613888e-05
845.0 0.00014671605867988546
846.0 0.0004049765266245231
847.0 0.0006632370514125796
848.0 0.0005649965260090539
849.0 0.0004667560915549984
850.0 0.000508041830471484
851.0 0.0005493276603374397
852.0 0.0006028794359735912
853.0 0.0006564308478118619
854.0 0.0005901132681174204
855.0 0.0005237954610493034
856.0 0.0005115990461490583
857.0 0.0004994027676730184
858.0 0.0005310552751325304
859.0 0.0005627078280667774
860.0 0.0005451523065858055
861.0 0.0005275967396300985
862.0 0.0005193562174099497
863.0 0.000511115649715066
864.0 0.00045431193029799033
865.0 0.0003975082108809147
866.0 0.00042592341742420103
867.0 0.00045433862396748737
868.0 0.0006204267720022472
869.0 0.000786514920037007
870.0 0.0006211317668203264
871.0 0.00045574852265417576
872.0 0.00040129339140548836
873.0 0.00034683819194469834
874.0 0.0004625073415809311
875.0 0.0005781765139545314
876.0 0.0006862304417154519
877.0 0.0007942842785269022
878.0 0.0007491722954000579
879.0 0.0007040602667984786
880.0 0.0006560104338859674
881.0 0.0006079609192966018
882.0 0.0005649218110193033
883.0 0.0005218829755904153
884.0 0.0005335167770681437
885.0 0.0005451508513942827
886.0 0.0006450021373893833
887.0 0.0007448536962328944
888.0 0.0005611008418782149
889.0 0.0003773481466851081
890.0 0.0004534989329840755
891.0 0.0005296498784446158
892.0 0.0005249101832305314
893.0 0.0005201706244406523
894.0 0.0004966878805134911
895.0 0.0004732051365863299
896.0 0.0002961708105431171
897.0 0.00011913642765648547
898.0 0.00028461670353863155
899.0 0.0004500969225773588
900.0 0.00039431065488315653
901.0 0.0003385243417142192
902.0 0.0005442541805678047
903.0 0.0007499840194213903
904.0 0.000407235165766906
905.0 6.448623821597721e-05
