lsstCam/transmission_filter_detector/r30_s21/y_10/19700101T000000.ecsv
# %ECSV 1.0
# ---
# datatype:
# - {name: wavelength, unit: nm, datatype: float32}
# - {name: efficiency, unit: '%', datatype: float64}
# meta: !!omap
# - {MODE: DETECTOR}
# - {TYPE: transmission_filter_detector}
# - {CALIBDATE: '1970-01-01T00:00:00'}
# - {INSTRUME: LSSTCam}
# - {OBSTYPE: transmission_filter_detector}
# - {CALIBCLS: lsst.ip.isr.IntermediateFilterDetectorTransmissionCurve}
# - {SOURCE: Materion (DM-46256)}
# - {DETECTOR: 124}
# - {FILTER: y_10}
# - {CALIB_ID: 'calibDate=1970-01-01T00:00:00 filter=y_10 detector=124'}
# - {DATE: '2025-04-02T15:59:51.317849'}
# - {CALIB_CREATION_DATE: '2025-04-02'}
# - {CALIB_CREATION_TIME: '15:59:51'}
# - __serialized_columns__:
#     efficiency:
#       __class__: astropy.units.quantity.Quantity
#       unit: !astropy.units.Unit {unit: '%'}
#       value: !astropy.table.SerializedColumn {name: efficiency}
#     wavelength:
#       __class__: astropy.units.quantity.Quantity
#       unit: !astropy.units.Unit {unit: nm}
#       value: !astropy.table.SerializedColumn {name: wavelength}
# schema: astropy-2.0
wavelength efficiency
[from data line 577]
877.0 0.002431192115182057
878.0 0.002479725480952766
879.0 0.001843569043558091
880.0 0.05615007830783725
881.0 0.08460410754196346
882.0 0.07423462229780853
883.0 0.1074747066013515
884.0 0.06401616847142577
885.0 0.09145690128207207
886.0 0.0573497440200299
887.0 0.09833269286900759
888.0 0.06829822668805718
889.0 0.09033189271576703
890.0 0.07163474219851196
891.0 0.10054674930870533
892.0 0.06885824841447175
893.0 0.10441181948408484
894.0 0.07911895518191159
895.0 0.10354076512157917
896.0 0.06795068038627505
897.0 0.10547165293246508
898.0 0.08635525009594858
899.0 0.1125143957324326
900.0 0.09491878445260227
901.0 0.1175563083961606
902.0 0.13317528646439314
903.0 0.12890815269201994
904.0 0.14182437444105744
905.0 0.16198819503188133
906.0 0.1811995985917747
907.0 0.2134414855390787
908.0 0.25399818550795317
909.0 0.3134011756628752
910.0 0.4081193823367357
911.0 0.5350772757083178
912.0 0.7577567361295223
913.0 1.0789008811116219
914.0 1.5137686394155025
915.0 2.2847898304462433
916.0 3.306339681148529
917.0 4.592633619904518
918.0 6.249180808663368
919.0 7.993412762880325
920.0 10.600527375936508
921.0 13.419868052005768
922.0 16.210752725601196
923.0 19.333747029304504
924.0 22.66920655965805
925.0 26.31659507751465
926.0 30.88226616382599
927.0 36.17919087409973
928.0 41.25349223613739
929.0 47.13135361671448
930.0 52.8209924697876
931.0 58.97420048713684
932.0 65.33564925193787
933.0 71.41936421394348
934.0 76.62636041641235
935.0 80.9149980545044
936.0 84.83245372772217
937.0 87.96956539154053
938.0 90.49673676490784
939.0 92.26104617118835
940.0 93.45117211341858
941.0 94.21802759170532
942.0 94.78763341903687
943.0 95.19627690315247
944.0 95.68122029304504
945.0 95.91214656829834
946.0 96.28120064735413
947.0 96.48749232292175
948.0 96.77605032920837
949.0 96.83369994163513
950.0 97.00190424919128
951.0 96.96769118309021
952.0 96.9920814037323
953.0 97.05601930618286
954.0 97.03049063682556
955.0 97.04499840736389
956.0 97.20208048820496
957.0 97.3497986793518
958.0 97.51090407371521
959.0 97.63445258140564
960.0 97.84469604492188
961.0 97.98729419708252
962.0 98.1235921382904
963.0 98.23088049888611
964.0 98.32763075828552
965.0 98.48182797431946
966.0 98.56634140014648
967.0 98.69105219841003
968.0 98.7342119216919
969.0 98.71886372566223
970.0 98.75742197036743
971.0 98.80996346473694
972.0 98.84388446807861
973.0 98.90732765197754
974.0 98.91636967658997
975.0 98.89842867851257
976.0 98.97184371948242
977.0 98.92991781234741
978.0 99.01589751243591
979.0 98.96305799484253
980.0 98.97379875183105
981.0 98.9307701587677
982.0 98.89101386070251
983.0 98.95833730697632
984.0 98.86716604232788
985.0 98.88572692871094
986.0 98.79232048988342
987.0 98.81168007850647
988.0 98.68313670158386
989.0 98.68202805519104
990.0 98.60320687294006
991.0 98.61690998077393
992.0 98.62602949142456
993.0 98.53564500808716
994.0 98.5042154788971
995.0 98.51046204566956
996.0 98.44907522201538
997.0 98.56175184249878
998.0 98.60713481903076
999.0 98.64798784255981
1000.0 98.64287376403809
1001.0 98.63613247871399
1002.0 98.7719476222992
1003.0 98.78100752830505
1004.0 98.87195229530334
1005.0 98.88761043548584
1006.0 98.97632002830505
1007.0 99.0243136882782
1008.0 99.02762174606323
1009.0 98.99829626083374
1010.0 99.07079935073853
1011.0 99.07138347625732
1012.0 98.97758960723877
1013.0 99.00049567222595
1014.0 98.95649552345276
1015.0 98.93513917922974
1016.0 98.89054894447327
1017.0 98.90370965003967
1018.0 98.97629022598267
1019.0 98.80540370941162
1020.0 98.86056780815125
1021.0 98.99007678031921
1022.0 98.84268641471863
1023.0 98.88029098510742
1024.0 98.83065819740295
1025.0 98.85447025299072
1026.0 98.8491952419281
1027.0 98.95734786987305
1028.0 98.86456727981567
1029.0 98.97825121879578
1030.0 98.99442791938782
1031.0 98.98403882980347
1032.0 98.99513721466064
1033.0 98.9342212677002
1034.0 99.02709126472473
1035.0 99.08643960952759
1036.0 99.03029203414917
1037.0 99.04608130455017
1038.0 99.0032970905304
1039.0 98.95899891853333
1040.0 98.87529611587524
1041.0 98.93596768379211
1042.0 98.91337156295776
1043.0 98.86478781700134
1044.0 98.9517092704773
1045.0 98.59597086906433
1046.0 98.83962869644165
1047.0 98.75099658966064
1048.0 98.76779913902283
1049.0 98.65092635154724
1050.0 98.60280156135559
1051.0 98.66368174552917
1052.0 98.5853374004364
1053.0 98.44855666160583
1054.0 98.68490099906921
1055.0 98.75843524932861
1056.0 98.68311285972595
1057.0 98.7123191356659
1058.0 98.54183197021484
1059.0 98.57177138328552
1060.0 98.71445894241333
1061.0 98.62780570983887
1062.0 98.7453281879425
1063.0 98.70964884757996
1064.0 98.80980849266052
1065.0 98.73811602592468
1066.0 98.73363375663757
1067.0 99.00650382041931
1068.0 98.8196074962616
1069.0 98.58428239822388
1070.0 99.07453060150146
1071.0 98.73528480529785
1072.0 98.91148805618286
1073.0 99.09002780914307
1074.0 98.6010491847992
1075.0 98.6498475074768
1076.0 98.42426180839539
1077.0 98.7824022769928
1078.0 98.90435934066772
1079.0 98.58421087265015
1080.0 99.31349158287048
1081.0 98.44598770141602
1082.0 98.50888252258301
1083.0 98.52986931800842
1084.0 98.76012206077576
1085.0 98.84214401245117
1086.0 98.67698550224304
1087.0 98.62661361694336
1088.0 98.52007031440735
1089.0 98.32518696784973
1090.0 98.57485294342041
1091.0 98.49818348884583
1092.0 98.53675961494446
1093.0 98.41024875640869
1094.0 98.23022484779358
1095.0 98.21706414222717
1096.0 98.36300015449524
1097.0 98.26127290725708
1098.0 97.60016798973083
1099.0 98.6177921295166
1100.0 98.03917407989502
