lsstCam/transmission_filter_detector/r30_s21/y_10/19700101T000000.ecsv
# %ECSV 1.0
# ---
# datatype:
# - {name: wavelength, unit: nm, datatype: float32}
# - {name: efficiency, unit: '%', datatype: float64}
# meta: !!omap
# - {MODE: DETECTOR}
# - {TYPE: transmission_filter_detector}
# - {CALIBDATE: '1970-01-01T00:00:00'}
# - {INSTRUME: LSSTCam}
# - {OBSTYPE: transmission_filter_detector}
# - {CALIBCLS: lsst.ip.isr.IntermediateFilterDetectorTransmissionCurve}
# - {SOURCE: Materion (DM-46256)}
# - {DETECTOR: 124}
# - {FILTER: y_10}
# - {CALIB_ID: 'calibDate=1970-01-01T00:00:00 filter=y_10 detector=124'}
# - {DATE: '2025-04-02T15:59:51.317849'}
# - {CALIB_CREATION_DATE: '2025-04-02'}
# - {CALIB_CREATION_TIME: '15:59:51'}
# - __serialized_columns__:
#     efficiency:
#       __class__: astropy.units.quantity.Quantity
#       unit: !astropy.units.Unit {unit: '%'}
#       value: !astropy.table.SerializedColumn {name: efficiency}
#     wavelength:
#       __class__: astropy.units.quantity.Quantity
#       unit: !astropy.units.Unit {unit: nm}
#       value: !astropy.table.SerializedColumn {name: wavelength}
# schema: astropy-2.0
wavelength efficiency
300.0 0.027942380984313786
301.0 0.019582662207540125
302.0 0.011222939065191895
303.0 0.009613920701667666
304.0 0.0080049030657392
305.0 0.009192524157697335
306.0 0.010380141611676663
307.0 0.009743572445586324
308.0 0.009107003279495984
309.0 0.008685126522323117
310.0 0.008263251220341772
311.0 0.006268068682402372
312.0 0.004272886508260854
313.0 0.006461505108745769
314.0 0.008650122617837042
315.0 0.006308384763542563
316.0 0.003966646181652322
317.0 0.003319927418488078
318.0 0.0026732088372227736
319.0 0.0016420508472947404
320.0 0.0006108928118919721
321.0 0.0016297883121296763
322.0 0.0026486843125894666
323.0 0.0033538934076204896
324.0 0.004059102502651513
325.0 0.0032438918424304575
326.0 0.002428681546007283
327.0 0.003076326902373694
328.0 0.003723971894942224
329.0 0.003707063660840504
330.0 0.0036901546991430223
331.0 0.0029948658266221173
332.0 0.002299576772202272
333.0 0.0019658629753394052
334.0 0.0016321488146786578
335.0 0.001080915353668388
336.0 0.0005296817562339129
337.0 0.0005759164196206257
338.0 0.0006221511739568086
339.0 0.0006915718586242292
340.0 0.0007609927251905901
341.0 0.0009765006325324066
342.0 0.0011920085853489581
343.0 0.0011465314855740871
344.0 0.001101054385799216
345.0 0.0008849403457134031
346.0 0.0006688264420517953
347.0 0.0008659641935082618
348.0 0.0010631020813889336
349.0 0.0010636746992531698
350.0 0.0010642474080668762
351.0 0.0010728664165071677
352.0 0.0010814854249474593
353.0 0.0011432266546762548
354.0 0.0012049677934555802
355.0 0.0013828610462951474
356.0 0.0015607543900841847
357.0 0.001321762738371035
358.0 0.0010827710866578855
359.0 0.0010186131476075388
360.0 0.0009544551176077221
361.0 0.0009493698598816991
362.0 0.0009442846931051463
363.0 0.0011058930795115884
364.0 0.0012675012840190902
365.0 0.0012948673429491464
366.0 0.001322233583778143
367.0 0.0017396474504494108
368.0 0.0021570611352217384
369.0 0.001900040115287993
370.0 0.001643019641051069
371.0 0.001467049696657341
372.0 0.0012910798432130832
373.0 0.001597857590240892
374.0 0.0019046350644202903
375.0 0.0027504896934260614
376.0 0.0035963443224318326
377.0 0.003830058267340064
378.0 0.0040637722122482955
379.0 0.0037723173591075465
380.0 0.003480862869764678
381.0 0.0028833121177740395
382.0 0.002285761547682341
383.0 0.0015743398762424476
384.0 0.0008629182957520243
385.0 0.0008417790013481863
386.0 0.0008206397069443483
387.0 0.000489947115056566
388.0 0.000159254454956681
389.0 0.00022939168502489338
390.0 0.00029952880140626803
391.0 0.0004812611223314889
392.0 0.0006629934887314448
393.0 0.0006862391728645889
394.0 0.0007094848115229979
395.0 0.0007202517281257315
396.0 0.0007310186902032001
397.0 0.0007588148037029896
398.0 0.0007866109626775142
399.0 0.0009219381354341749
400.0 0.0010572653081908356
401.0 0.0013845909961673897
402.0 0.0017119165931944735
403.0 0.0017136211681645364
404.0 0.0017153257431345992
405.0 0.001689334021648392
406.0 0.0016633421182632446
407.0 0.0017452231986681
408.0 0.001827104097174015
409.0 0.0015064620129123796
410.0 0.0011858199286507443
411.0 0.0008334733138326555
412.0 0.0004811265171156265
413.0 0.0010432540875626728
414.0 0.0016053818399086595
415.0 0.0008839634574542288
416.0 0.0001625446657271823
417.0 0.00038748357837903313
418.0 0.0006124222181824734
419.0 0.0004149318101553945
420.0 0.0002174412884414778
421.0 1.7173573760992378e-10
422.0 1.7173573760992378e-10
423.0 1.7173573760992378e-10
424.0 1.7173573760992378e-10
425.0 1.7173573760992378e-10
426.0 0.00041899293137248605
427.0 0.0005415676696429728
428.0 0.0006641422260145191
429.0 0.0007663365067855921
430.0 0.0008685306966071948
431.0 0.00018520618141337764
432.0 1.7173573760992378e-10
433.0 1.7173573760992378e-10
434.0 0.0002294584419360035
435.0 9.123431254920433e-05
436.0 1.7173573760992378e-10
437.0 2.5335450004604354e-05
438.0 9.766081348061562e-05
439.0 0.00048632759899192024
440.0 0.0008749945664021652
441.0 0.0006433986072806874
442.0 0.00041180283005815
443.0 0.0006442526228056522
444.0 0.0008767025065026246
445.0 0.0006865898285468575
446.0 0.00049647696869215
447.0 0.0002988342430398916
448.0 0.0001011916879178898
449.0 1.7794722850794642e-05
450.0 1.7173573760992378e-10
451.0 0.00023212955966300797
452.0 0.0005298611540638376
453.0 0.00017389013464708114
454.0 1.7173573760992378e-10
455.0 0.0001189622366837284
456.0 0.00042000547182396986
457.0 0.0002326307139810524
458.0 4.5255751501827035e-05
459.0 6.179256502036878e-05
460.0 7.832957180653466e-05
461.0 3.280698877006216e-05
462.0 1.7173573760992378e-10
463.0 0.00034760280414047884
464.0 0.0007079211172822397
465.0 0.0006532018687721575
466.0 0.0005984827566862805
467.0 0.0007861962330935057
468.0 0.0009739097549754661
469.0 0.0014016948625794612
470.0 0.0018294802430318668
471.0 0.0017418704373994842
472.0 0.001654260813666042
473.0 0.001980263004952576
474.0 0.00230626519623911
475.0 0.0024716431653359905
476.0 0.0026370214982307516
477.0 0.0025613737307139672
478.0 0.0024857261450961232
479.0 0.0028679423849098384
480.0 0.0032501586247235537
481.0 0.003686710260808468
482.0 0.004123261533095501
483.0 0.004191548941889778
484.0 0.0042598359868861735
485.0 0.0038563062844332308
486.0 0.003452776581980288
487.0 0.0030487130061374046
488.0 0.0026446496121934615
489.0 0.0025334722522529773
490.0 0.0024222950742114335
491.0 0.0020684785340563394
492.0 0.0017146616301033646
493.0 0.0016431506082881242
494.0 0.0015716394045739435
495.0 0.0018065678887069225
496.0 0.0020414963728399016
497.0 0.0018053966414299794
498.0 0.0015692967281211168
499.0 0.0018947785065392964
500.0 0.002220260284957476
501.0 0.0022047093807486817
502.0 0.002189158294640947
503.0 0.002395645969954785
504.0 0.0026021334633696824
505.0 0.002421621866233181
506.0 0.0022411104509956203
507.0 0.0020076042346772738
508.0 0.0017740980183589272
509.0 0.0018507671484258026
510.0 0.001927436278492678
511.0 0.0018344057025387883
512.0 0.001741375308483839
513.0 0.0019059893020312302
514.0 0.0020706032955786213
515.0 0.001575920578034129
516.0 0.0010812377695401665
517.0 0.0012661645996558946
518.0 0.0014510912478726823
519.0 0.0012214097296237014
520.0 0.0009917282113747206
521.0 0.001098963912227191
522.0 0.001206199340231251
523.0 0.0013196734471421223
524.0 0.0014331474631035235
525.0 0.0017625057807890698
526.0 0.0020918641894240864
527.0 0.0023986687665455975
528.0 0.002705473525566049
529.0 0.0028948030376341194
530.0 0.00308413254970219
531.0 0.002671635229489766
532.0 0.0022591379092773423
533.0 0.002221640170319006
534.0 0.0021841424313606694
535.0 0.0017441700038034469
536.0 0.0013041976671956945
537.0 0.0015696245100116357
538.0 0.0018350516256759875
539.0 0.0022567834093933925
540.0 0.002678514829312917
541.0 0.0035005428799195215
542.0 0.004322570748627186
543.0 0.00451140986115206
544.0 0.004700248973676935
545.0 0.004701895159087144
546.0 0.004703541344497353
547.0 0.004323767643654719
548.0 0.003943993942812085
549.0 0.003272702087997459
550.0 0.002601409869384952
551.0 0.002740835589065682
552.0 0.0028802613087464124
553.0 0.002648283407324925
554.0 0.0024163058697013184
555.0 0.003179990380886011
556.0 0.0039436745282728225
557.0 0.004125125633436255
558.0 0.0043065771023975685
559.0 0.003985876537626609
560.0 0.0036651763366535306
561.0 0.003749544339370914
562.0 0.0038339119782904163
563.0 0.003531712354742922
564.0 0.0032295127311954275
565.0 0.0035777058656094596
566.0 0.003925899000023492
567.0 0.004313716635806486
568.0 0.00470153427158948
569.0 0.0052587878599297255
570.0 0.005816041812067851
571.0 0.006463863974204287
572.0 0.007111685408744961
573.0 0.007091360748745501
574.0 0.007071036088746041
575.0 0.006795963417971507
576.0 0.006520891474792734
577.0 0.005852017420693301
578.0 0.0051831433665938675
579.0 0.004995952622266486
580.0 0.004808762241736986
581.0 0.005574046372203156
582.0 0.006339330138871446
583.0 0.007918703340692446
584.0 0.009498077270109206
585.0 0.010494779417058453
586.0 0.011491485201986507
587.0 0.011263705528108403
588.0 0.0110359258542303
589.0 0.010753070819191635
590.0 0.010470219422131777
591.0 0.009610984852770343
592.0 0.008751753921387717
593.0 0.007804630877217278
594.0 0.0068575092882383615
595.0 0.006104450585553423
596.0 0.005351392974262126
597.0 0.005477340164361522
598.0 0.005603287718258798
599.0 0.006640940409852192
600.0 0.007678590918658301
601.0 0.00874051620485261
602.0 0.009802440763451159
603.0 0.010387893416918814
604.0 0.01097334607038647
605.0 0.010555663902778178
606.0 0.010137979552382603
607.0 0.009730876627145335
608.0 0.009323773701908067
609.0 0.007761456072330475
610.0 0.006199139897944406
611.0 0.00485517448396422
612.0 0.003511209797579795
613.0 0.003375978849362582
614.0 0.0032407482649432495
615.0 0.004105893094674684
616.0 0.004971037924406119
617.0 0.0060665446653729305
618.0 0.007162051770137623
619.0 0.008749657717999071
620.0 0.01033726439345628
621.0 0.01031702704494819
622.0 0.0102967896964401
623.0 0.010652294440660626
624.0 0.01100779845728539
625.0 0.010527206904953346
626.0 0.010046616807812825
627.0 0.008352463919436559
628.0 0.006658311031060293
629.0 0.005312040593707934
630.0 0.0039657705201534554
631.0 0.0032440144423162565
632.0 0.002522258728276938
633.0 0.002426725041004829
634.0 0.0023311911718337797
635.0 0.0028843238396802917
636.0 0.0034374563256278634
637.0 0.003875710171996616
638.0 0.004313964018365368
639.0 0.004936939512845129
640.0 0.005559915734920651
641.0 0.005560092176892795
642.0 0.005560268618864939
643.0 0.0055317919759545475
644.0 0.005503315333044156
645.0 0.004887918112217449
646.0 0.004272520891390741
647.0 0.004050732241012156
648.0 0.003828943590633571
649.0 0.003025828664249275
650.0 0.0022227141016628593
651.0 0.0019021732441615313
652.0 0.0015816323866602033
653.0 0.0014072332305659074
654.0 0.0012328340744716115
655.0 0.0013853034943167586
656.0 0.0015377729141619056
657.0 0.0017292186385020614
658.0 0.0019206639990443364
659.0 0.0015588424503221177
660.0 0.0011970211744483095
661.0 0.0013612134353024885
662.0 0.001525405878055608
663.0 0.001655664891586639
664.0 0.0017859236322692595
665.0 0.002333481825189665
666.0 0.0028810402000090107
667.0 0.003500582533888519
668.0 0.004120125231565908
669.0 0.004979842924512923
670.0 0.0058395598898641765
671.0 0.006590101111214608
672.0 0.007340640149777755
673.0 0.0076943819294683635
674.0 0.008048123709158972
675.0 0.007800356252118945
676.0 0.007552588795078918
677.0 0.006619936175411567
678.0 0.0056872839195420966
679.0 0.004320329026086256
680.0 0.002953373405034654
681.0 0.0018009966879617423
682.0 0.0006486202437372413
683.0 0.0005906161732127657
684.0 0.0005326121481630253
685.0 0.0003184621164109558
686.0 0.00010431206192151876
687.0 0.00014767003904125886
688.0 0.00019102792521152878
689.0 0.00014166498658596538
690.0 9.230200248566689e-05
691.0 1.9493766956202307e-05
692.0 1.7173573760992378e-10
693.0 0.00022223750875127735
694.0 0.0004977894604962785
695.0 0.0003276635197835276
696.0 0.0001575375790707767
697.0 0.000200312138076697
698.0 0.0002430867425573524
699.0 0.0003948840003431542
700.0 0.0005466812126542209
701.0 0.0005431135832623113
702.0 0.0005395458174461965
703.0 0.00047736757551319897
704.0 0.00041518947000440676
705.0 0.00021973642105876934
706.0 2.428338348181569e-05
707.0 0.0001693966510174505
708.0 0.000314509884447034
709.0 0.00031748843412060523
710.0 0.00032046696105680894
711.0 0.00032778784770925995
712.0 0.0003351086434122408
713.0 0.00010365783964516595
714.0 1.7173573760992378e-10
715.0 1.7173573760992378e-10
716.0 1.7173573760992378e-10
717.0 3.883198473886296e-05
718.0 9.277200092583371e-05
719.0 0.00015951588920870563
720.0 0.00022625974906986812
721.0 0.0003842240857920842
722.0 0.0005421883997769328
723.0 0.00031886283977655694
724.0 9.553714335197583e-05
725.0 0.0003600839818318491
726.0 0.0006246307748369873
727.0 0.0001274677174478711
728.0 1.7173573760992378e-10
729.0 0.00010517509281271487
730.0 0.0005800452527182642
731.0 0.00043627192098938394
732.0 0.000292498521048401
733.0 0.00044201951823197305
734.0 0.0005915406745771179
735.0 0.00019717908799066208
736.0 1.7173573760992378e-10
737.0 1.7173573760992378e-10
738.0 3.704566609030735e-06
739.0 1.9979478338427725e-05
740.0 3.625452222877357e-05
741.0 5.2675653705591685e-05
742.0 6.909672265464906e-05
743.0 0.00021819541871082038
744.0 0.00036729409202962415
745.0 0.0005018672254664125
746.0 0.0006364402906910982
747.0 0.000594302127865376
748.0 0.0005521640105143888
749.0 0.0004012720182799967
750.0 0.00025038004878297215
751.0 0.00041150742617901415
752.0 0.0005726349172618939
753.0 0.000333645721184439
754.0 9.465651373830042e-05
755.0 0.0004608767085301224
756.0 0.0008270969374279957
757.0 0.0005896737093280535
758.0 0.00035225039027864113
759.0 0.0002528624918340938
760.0 0.00015347453654612764
761.0 0.00048424039960082155
762.0 0.0008150061148626264
763.0 0.000558928923055646
764.0 0.0003028515720870928
765.0 0.0002733287828959874
766.0 0.00024380606191698462
767.0 0.0004022825578431366
768.0 0.0005607590992440237
769.0 0.00046455506890197285
770.0 0.00036835101582255447
771.0 0.0004393061772134388
772.0 0.0005102613158669556
773.0 0.0005211445113673108
774.0 0.0005320277978171362
775.0 0.0001497734274380491
776.0 1.7173573760992378e-10
777.0 1.7173573760992378e-10
778.0 1.2512013825016766e-05
779.0 0.0004385803549666889
780.0 0.0008646488822705578
781.0 0.0007514413482567761
782.0 0.0006382336323440541
783.0 0.0005214428256294923
784.0 0.00040465197344019543
785.0 0.00024486298570991494
786.0 8.507399797963444e-05
787.0 1.7173573760992378e-10
788.0 1.7173573760992378e-10
789.0 4.897435701423092e-05
790.0 0.0002422280431346735
791.0 0.00042265664887963794
792.0 0.0006030852091498673
793.0 0.0006837259206804447
794.0 0.0007643666322110221
795.0 0.0005423230049927952
796.0 0.0003202794459866709
797.0 0.0005130394583829911
798.0 0.0007057993570924737
799.0 0.000621180788584752
800.0 0.0005365622655517654
801.0 0.0007604897746205097
802.0 0.0009844176020123996
803.0 0.0008209982297557872
804.0 0.0006575789029739099
805.0 0.00045929759835416917
806.0 0.00026101618004759075
807.0 1.7173573760992378e-10
808.0 1.7173573760992378e-10
809.0 0.0002322111868124921
810.0 0.0010550335900916252
811.0 0.0007257694051077124
812.0 0.0003965053110732697
813.0 0.0005332097771315603
814.0 0.0006699143796140561
815.0 0.0006291953923209803
816.0 0.0005884763140784344
817.0 0.0007166805062297499
818.0 0.0008448845619568601
819.0 0.0008736697964195628
820.0 0.0009024551218317356
821.0 0.0009345285434392281
822.0 0.0009666017831477802
823.0 0.000887307760422118
824.0 0.0008080140105448663
825.0 0.000979754167929059
826.0 0.0011514945072121918
827.0 0.0006397950528480578
828.0 0.0001280956439586589
829.0 0.0002920845872722566
830.0 0.0004560735305858543
831.0 0.0005885702648811275
832.0 0.0007210670901258709
833.0 0.0008154144779837225
834.0 0.000909761820366839
835.0 0.0007554239800811047
836.0 0.0006010863216943108
837.0 0.0007132508017093642
838.0 0.0008254152817244176
839.0 0.0008576571417506784
840.0 0.0008898990927264094
841.0 0.0009687611964181997
842.0 0.00104762330010999
843.0 0.00108138838186278
844.0 0.0011151534636155702
845.0 0.0007714221283094957
846.0 0.00042769083847815637
847.0 0.0008481381883029826
848.0 0.0012685857655014843
849.0 0.0011611806257860735
850.0 0.0010537754860706627
851.0 0.0008848433026287239
852.0 0.0007159112556109903
853.0 0.0006367532932927134
854.0 0.0005575952854997013
855.0 0.0006925443358340999
856.0 0.000827493113320088
857.0 0.0008571556463721208
858.0 0.0008868181794241536
859.0 0.0008530561899533495
860.0 0.0008192942914320156
861.0 0.0010154412848351058
862.0 0.0012115881872887257
863.0 0.0014393695892067626
864.0 0.001667150718276389
865.0 0.0019911632989533246
866.0 0.00231517569773132
867.0 0.0022999745851848274
868.0 0.002284773472638335
869.0 0.002702285928535275
870.0 0.003119797838735394
871.0 0.0031701853004051372
872.0 0.0032205723982769996
873.0 0.0028620353987207636
874.0 0.0025034987629624084
875.0 0.0024430788471363485
