lsstCam/transmission_sensor/r22_s00/19700101T000000.ecsv
# %ECSV 1.0
# ---
# datatype:
# - {name: amp_name, datatype: string}
# - {name: wavelength, unit: nm, datatype: float32}
# - {name: efficiency, unit: '%', datatype: float64}
# meta: !!omap
# - {MODE: AMP}
# - {TYPE: transmission_sensor}
# - {CALIBDATE: '1970-01-01T00:00:00'}
# - {INSTRUME: LSSTCam}
# - {OBSTYPE: transmission_sensor}
# - {DETECTOR: 90}
# - {PARQUETFILE: qe_raft_allvalues_nircorrected_20230725_adjust.parquet}
# - {CORRFILE: qe_corr_factor_bydetnum.parquet}
# - {CALIBCLS: lsst.ip.isr.IntermediateSensorTransmissionCurve}
# - {CALIB_ID: 'raftName=R22 detectorName=S00 detector=90 calibDate=1970-01-01T00:00:00 ccd=90 ccdnum=90 filter=None'}
# - {DATE: '2025-03-03T21:56:47.880885'}
# - {CALIB_CREATION_DATE: '2025-03-03'}
# - {CALIB_CREATION_TIME: '21:56:47'}
# - __serialized_columns__:
#     efficiency:
#       __class__: astropy.units.quantity.Quantity
#       unit: !astropy.units.Unit {unit: '%'}
#       value: !astropy.table.SerializedColumn {name: efficiency}
#     wavelength:
#       __class__: astropy.units.quantity.Quantity
#       unit: !astropy.units.Unit {unit: nm}
#       value: !astropy.table.SerializedColumn {name: wavelength}
# schema: astropy-2.0
amp_name wavelength efficiency
C00 319.994 44.83219139975358
C00 324.969 50.670629325148056
C00 349.982 76.23443306430558
C00 374.975 81.37722872132875
C00 400.019 87.00622374352209
C00 424.965 87.37530118725049
C00 450.035 88.34344789092928
C00 475.003 90.44563151832699
C00 500.018 92.41531404151968
C00 525.002 94.33754364126828
C00 550.029 95.86534423544849
C00 575.023 96.58943531529634
C00 599.982 98.0985147561178
C00 619.997 98.29341205732204
C00 624.979 98.41547428312236
C00 650.012 98.77058733713137
C00 675.004 99.02141867251291
C00 700.03 98.44057347647345
C00 725.012 98.045234414839
C00 750.022 98.43355304396391
C00 774.987 98.70532331639458
C00 799.976 97.90232502234915
C00 824.988 95.96070893413467
C00 850.022 93.88657644665523
C00 869.967 90.69418388977842
C00 875.002 90.08550168465975
C00 899.999 82.77609196026846
C00 919.999 72.93827882083902
C00 925.012 70.8251745206487
C00 949.965 57.6629112768755
C00 975.002 42.78254630322789
C00 999.976 26.144729234261625
C00 1025.028 11.30772575552585
C00 1050.014 4.063651269494171
C00 1075.002 0.9377689393084685
C00 1099.99 0.09304457264756649
C01 319.994 44.81764962152169
C01 324.969 50.655353384039344
C01 349.982 76.1773901382831
C01 374.975 81.27119571833886
C01 400.019 86.86379614542014
C01 424.965 87.22223587496471
C01 450.035 88.18453221821889
C01 475.003 90.27487746922796
C01 500.018 92.24282400311819
C01 525.002 94.15715370441107
C01 550.029 95.67898157768721
C01 575.023 96.39817059082633
C01 599.982 97.90764770320605
C01 619.997 98.10072489227821
C01 624.979 98.22250415946975
C01 650.012 98.57341107199701
C01 675.004 98.83091870103958
C01 700.03 98.26970471442493
C01 725.012 97.93200508615035
C01 750.022 98.40049277191738
C01 774.987 98.75552170309676
C01 799.976 97.9866313927033
C01 824.988 96.03060735803135
C01 850.022 93.97530308933021
C01 869.967 90.76976442844044
C01 875.002 90.15936152907923
C01 899.999 82.76527070536542
C01 919.999 72.86390659191176
C01 925.012 70.76554672949746
C01 949.965 57.680752964288075
C01 975.002 42.851125528205294
C01 999.976 26.143771381133284
C01 1025.028 11.264990402130048
C01 1050.014 4.031883907982649
C01 1075.002 0.9374532699190129
C01 1099.99 0.09301325222074423
C02 319.994 44.95827622631645
C02 324.969 50.813339881858774
C02 349.982 76.38508175712184
C02 374.975 81.40451510825034
C02 400.019 86.9431469163558
C02 424.965 87.27718337777627
C02 450.035 88.23261223912024
C02 475.003 90.32064793607935
C02 500.018 92.28301177309379
C02 525.002 94.19706616330788
C02 550.029 95.71747159601018
C02 575.023 96.43263800838676
C02 599.982 97.93779426633523
C02 619.997 98.12710887066372
C02 624.979 98.24716744361272
C02 650.012 98.59783728271101
C02 675.004 98.85493194513538
C02 700.03 98.29763349386373
C02 725.012 97.98832149682598
C02 750.022 98.49159014888207
C02 774.987 98.88387019852979
C02 799.976 98.1283095328685
C02 824.988 96.1626878480882
C02 850.022 94.1202543723212
C02 869.967 90.89402914287119
C02 875.002 90.2804219284539
C02 899.999 82.8057414339498
C02 919.999 72.92615748584163
C02 925.012 70.8352004324352
C02 949.965 57.805205043203024
C02 975.002 42.99015762300197
C02 999.976 26.181066472898944
C02 1025.028 11.248195470381678
C02 1050.014 4.016808236564944
C02 1075.002 0.9383208403504069
C02 1099.99 0.09309933176192656
C03 319.994 45.03447621490578
C03 324.969 50.89887750453759
C03 349.982 76.44595609565768
C03 374.975 81.388921794648
C03 400.019 86.8601865112758
C03 424.965 87.17883614240304
C03 450.035 88.12937823209822
C03 475.003 90.2109900038852
C03 500.018 92.16826823347172
C03 525.002 94.07836885069295
C03 550.029 95.59004080417316
C03 575.023 96.30252293353139
C03 599.982 97.79810448396141
C03 619.997 97.98744967840976
C03 624.979 98.10717176004023
C03 650.012 98.45241950039205
C03 675.004 98.71180077427648
C03 700.03 98.14960790382608
C03 725.012 97.84018884136879
C03 750.022 98.34689123437998
C03 774.987 98.7443563093452
C03 799.976 97.99471483187823
C03 824.988 96.03259571582272
C03 850.022 93.99926280071624
C03 869.967 90.77107215606476
C03 875.002 90.15712080279896
C03 899.999 82.7035398434733
C03 919.999 72.83717082714777
C03 925.012 70.73774795806808
C03 949.965 57.63717733853717
C03 975.002 42.94201259809589
C03 999.976 26.188463546259346
C03 1025.028 11.260644693226405
C03 1050.014 4.0239486397008335
C03 1075.002 0.9369422624615138
C03 1099.99 0.09296255053026407
C04 319.994 45.10965525824455
C04 324.969 50.98301180546749
C04 349.982 76.5138432191731
C04 374.975 81.41183379442857
C04 400.019 86.87929768866286
C04 424.965 87.19993567758148
C04 450.035 88.14998832535879
C04 475.003 90.23502619057089
C04 500.018 92.19058372591488
C04 525.002 94.09751061819989
C04 550.029 95.60697243551968
C04 575.023 96.3150113499672
C04 599.982 97.81170943977237
C04 619.997 97.99743735254641
C04 624.979 98.1149187078966
C04 650.012 98.45739804240044
C04 675.004 98.70639397058994
C04 700.03 98.1415856448909
C04 725.012 97.82373900441017
C04 750.022 98.31893951235128
C04 774.987 98.7097665313053
C04 799.976 97.95106273082766
C04 824.988 95.99700411135717
C04 850.022 93.96126222431114
C04 869.967 90.71891600169108
C04 875.002 90.11285689935104
C04 899.999 82.70519170994613
C04 919.999 72.75817184259058
C04 925.012 70.64427984681369
C04 949.965 57.485312688456176
C04 975.002 42.98106470987143
C04 999.976 26.213008293687835
C04 1025.028 11.277648020166371
C04 1050.014 4.026294041547531
C04 1075.002 0.9366760401216896
C04 1099.99 0.09293613619428015
C05 319.994 45.444877086809875
C05 324.969 51.359775016812556
C05 349.982 77.00352221047817
C05 374.975 81.82138961427134
C05 400.019 87.28597803723811
C05 424.965 87.60290697412282
C05 450.035 88.55946002237191
C05 475.003 90.65469204502979
C05 500.018 92.61998488602153
C05 525.002 94.53049846986097
C05 550.029 96.0436616916847
C05 575.023 96.75021698531864
C05 599.982 98.24618091224701
C05 619.997 98.42833742852655
C05 624.979 98.54917604953218
C05 650.012 98.88507850826456
C05 675.004 99.13384501055505
C05 700.03 98.55645649806058
C05 725.012 98.2185503864769
C05 750.022 98.6956644860465
C05 774.987 99.0691698496257
C05 799.976 98.3031244203799
C05 824.988 96.35451848977576
C05 850.022 94.30892658413246
C05 869.967 91.01431714171922
C05 875.002 90.41738154262958
C05 899.999 83.06463326591636
C05 919.999 73.08209826939493
C05 925.012 70.96038285046197
C05 949.965 57.563806936035554
C05 975.002 43.179346043086
C05 999.976 26.39063556034453
C05 1025.028 11.329253552382431
C05 1050.014 4.059119152047588
C05 1075.002 0.9402652302453638
C05 1099.99 0.0932922523410299
C06 319.994 45.51237036253199
C06 324.969 51.43831132580675
C06 349.982 77.07771854621619
C06 374.975 81.86823838284803
C06 400.019 87.29378616533423
C06 424.965 87.60027622381422
C06 450.035 88.5505888876104
C06 475.003 90.64915523333381
C06 500.018 92.6116031931779
C06 525.002 94.52407454468884
C06 550.029 96.03732188934221
C06 575.023 96.74210295602386
C06 599.982 98.2389004637186
C06 619.997 98.41859447534883
C06 624.979 98.5365882152068
C06 650.012 98.87325542693586
C06 675.004 99.11467265292825
C06 700.03 98.53383510441876
C06 725.012 98.18351705169893
C06 750.022 98.64385247052134
C06 774.987 99.0011680131608
C06 799.976 98.22749799653808
C06 824.988 96.28865796170155
C06 850.022 94.2555927101439
C06 869.967 90.96423346796655
C06 875.002 90.37360708109954
C06 899.999 83.04783164257927
C06 919.999 73.08648795159588
C06 925.012 70.93747849821136
C06 949.965 57.43696118024099
C06 975.002 43.34566452480427
C06 999.976 26.462627495569627
C06 1025.028 11.421056413986559
C06 1050.014 4.067698724729108
C06 1075.002 0.9397717594510685
C06 1099.99 0.09324329062216222
C07 319.994 45.58590901069287
C07 324.969 51.524456927117924
C07 349.982 77.15544039326892
C07 374.975 81.8882749113611
C07 400.019 87.30800292354253
C07 424.965 87.61648898734387
C07 450.035 88.57840295409972
C07 475.003 90.6827814225979
C07 500.018 92.65380991106474
C07 525.002 94.57174924650197
C07 550.029 96.085073066455
C07 575.023 96.79010650162554
C07 599.982 98.28275904807828
C07 619.997 98.45857576201533
C07 624.979 98.5761565352551
C07 650.012 98.90842641725324
C07 675.004 99.14432977413955
C07 700.03 98.55077438329525
C07 725.012 98.18963507567238
C07 750.022 98.63072930909829
C07 774.987 98.97183208820809
C07 799.976 98.19553896880676
C07 824.988 96.26251870427498
C07 850.022 94.23653506546661
C07 869.967 90.98827730218221
C07 875.002 90.38768618376844
C07 899.999 83.04684511121354
C07 919.999 72.98425577099951
C07 925.012 70.83905478753847
C07 949.965 57.56399047675476
C07 975.002 43.45113543434159
C07 999.976 26.613281924033373
C07 1025.028 11.505486100761432
C07 1050.014 4.0669760331472435
C07 1075.002 0.9396468835891945
C07 1099.99 0.09323090055386818
C10 319.994 44.681164154203955
C10 324.969 50.488790181362134
C10 349.982 75.56583246189692
C10 374.975 80.57995842722845
C10 400.019 86.74552709448335
C10 424.965 87.39555184660261
C10 450.035 88.53052176897748
C10 475.003 90.73652061567469
C10 500.018 92.7693870314532
C10 525.002 94.73064197662246
C10 550.029 96.27135160138666
C10 575.023 97.0006506491419
C10 599.982 98.5154810324984
C10 619.997 98.70393146594063
C10 624.979 98.82320234330307
C10 650.012 99.16776180595787
C10 675.004 99.39567349402886
C10 700.03 98.73007837089716
C10 725.012 98.13506994935916
C10 750.022 98.29526275957402
C10 774.987 98.35154858012977
C10 799.976 97.46861830287119
C10 824.988 95.57829419814414
C10 850.022 93.5060965357463
C10 869.967 90.29977782679991
C10 875.002 89.74658609912045
C10 899.999 82.70040435618691
C10 919.999 72.92772522948482
C10 925.012 70.8369976019774
C10 949.965 57.35141208626723
C10 975.002 42.897431322154354
C10 999.976 26.24746997560079
C10 1025.028 11.365684473261842
C10 1050.014 4.070940799464414
C10 1075.002 0.9364534370815877
C10 1099.99 0.09291404972514243
C11 319.994 44.71235460517361
C11 324.969 50.52500888328497
C11 349.982 75.6091863092788
C11 374.975 80.61125211985265
C11 400.019 86.7304461653888
C11 424.965 87.36012084026636
C11 450.035 88.48534016193355
C11 475.003 90.68198607948135
C11 500.018 92.70750321896175
C11 525.002 94.66393257272195
C11 550.029 96.20647760467817
C11 575.023 96.9330617792952
C11 599.982 98.44458842970603
C11 619.997 98.62942158147396
C11 624.979 98.74891423720543
C11 650.012 99.08929050096839
C11 675.004 99.3257903651921
C11 700.03 98.68300782395143
C11 725.012 98.1491872896779
C11 750.022 98.37891144235103
C11 774.987 98.51383681355553
C11 799.976 97.66343912877578
C11 824.988 95.75874531524107
C11 850.022 93.69900547915918
C11 869.967 90.50954192625966
C11 875.002 89.94926858583092
C11 899.999 82.7722146625753
C11 919.999 72.92259373687709
C11 925.012 70.81993596262143
C11 949.965 57.47424288882922
C11 975.002 43.04198875735205
C11 999.976 26.311166252694385
C11 1025.028 11.320695966349566
C11 1050.014 4.035949048130633
C11 1075.002 0.9372496273649925
C11 1099.99 0.09299304699361689
C12 319.994 44.830864553304345
C12 324.969 50.65928421444229
C12 349.982 75.80103224602628
C12 374.975 80.7467892934545
C12 400.019 86.79099930766603
C12 424.965 87.3960871737003
C12 450.035 88.50510902689776
C12 475.003 90.6920655239776
C12 500.018 92.72025165141642
C12 525.002 94.67154186503892
C12 550.029 96.21081375416935
C12 575.023 96.9318611170904
C12 599.982 98.43902867542016
C12 619.997 98.62845034516818
C12 624.979 98.74472339078362
C12 650.012 99.08726390552718
C12 675.004 99.32267782049561
C12 700.03 98.67904640342861
C12 725.012 98.15885376755595
C12 750.022 98.40998335660619
C12 774.987 98.56717068754409
C12 799.976 97.72591944860464
C12 824.988 95.81451110375909
C12 850.022 93.76313766546089
C12 869.967 90.56661544240198
C12 875.002 90.00005583234054
C12 899.999 82.80155058752798
C12 919.999 72.92910943240881
C12 925.012 70.8161427877579
C12 949.965 57.47838020254126
C12 975.002 43.03972891224686
C12 999.976 26.34677124033738
C12 1025.028 11.324747245349487
C12 1050.014 4.027124754490176
C12 1075.002 0.9375454522250496
C12 1099.99 0.09302239846446303
C13 319.994 44.951760530784725
C13 324.969 50.794182819291905
C13 349.982 75.94394163851614
C13 374.975 80.822721618495
C13 400.019 86.78850621289685
C13 424.965 87.36254510726584
C13 450.035 88.45722784177553
C13 475.003 90.6376609957937
C13 500.018 92.65587474415578
C13 525.002 94.6010316387449
C13 550.029 96.13658682831145
C13 575.023 96.85338216457097
C13 599.982 98.35238980842612
C13 619.997 98.53659586273677
C13 624.979 98.65351130086943
C13 650.012 98.99110386372446
C13 675.004 99.22154688421446
C13 700.03 98.5711321080669
C13 725.012 98.04013351235113
C13 750.022 98.2732149306797
C13 774.987 98.41910685985661
C13 799.976 97.5692062645247
C13 824.988 95.66686789021978
C13 850.022 93.62847231027526
C13 869.967 90.42825633024239
C13 875.002 89.8253633053086
C13 899.999 82.57509193015069
C13 919.999 72.87055229545292
C13 925.012 70.88822840522508
C13 949.965 57.364741730999384
C13 975.002 43.0971924524175
C13 999.976 26.30017675213207
C13 1025.028 11.343901440092617
C13 1050.014 4.02320969711779
C13 1075.002 0.9362425827658841
C13 1099.99 0.09289312895364622
C14 319.994 45.05070809726035
C14 324.969 50.905997354936694
C14 349.982 76.05153473761925
C14 374.975 80.88985928407365
C14 400.019 86.85394612682288
C14 424.965 87.42754911198377
C14 450.035 88.52581089051793
C14 475.003 90.70841594304666
C14 500.018 92.72648438833937
C14 525.002 94.6707159318025
C14 550.029 96.20139199725024
C14 575.023 96.91496772339372
C14 599.982 98.4130959013027
C14 619.997 98.59335583015046
C14 624.979 98.70925414679753
C14 650.012 99.04372651742611
C14 675.004 99.26766913744433
C14 700.03 98.60481947757071
C14 725.012 98.04777339478798
C14 750.022 98.2526124849491
C14 774.987 98.36745544246074
C14 799.976 97.50911962157544
C14 824.988 95.62219102015364
C14 850.022 93.60738807015674
C14 869.967 90.3754807259414
C14 875.002 89.82638042679419
C14 899.999 82.64931885600859
C14 919.999 72.9597607325158
C14 925.012 70.81120248339933
C14 949.965 57.56573028982221
C14 975.002 43.03359559321348
C14 999.976 26.51765720932833
C14 1025.028 11.302333290958
C14 1050.014 4.026182196421766
C14 1075.002 0.9360465748809741
C14 1099.99 0.0928736812313742
C15 319.994 45.18819921476871
C15 324.969 51.05937621595112
C15 349.982 76.2431818385876
C15 374.975 81.02724715992747
C15 400.019 86.9764442618313
C15 424.965 87.54784475836175
C15 450.035 88.6434375489375
C15 475.003 90.82765623028922
C15 500.018 92.84686415754699
C15 525.002 94.79044566096294
C15 550.029 96.32269711758384
C15 575.023 97.0328467503022
C15 599.982 98.52954484010736
C15 619.997 98.70759463279474
C15 624.979 98.82252936066598
C15 650.012 99.15278029475287
C15 675.004 99.37530047419726
C15 700.03 98.69855525237396
C15 725.012 98.11189028602975
C15 750.022 98.28138249268426
C15 774.987 98.36289751460052
C15 799.976 97.49656237736993
C15 824.988 95.61933849147601
C15 850.022 93.60882580579052
C15 869.967 90.40003694466485
C15 875.002 89.81583448296995
C15 899.999 82.70445754706931
C15 919.999 73.06387420548401
C15 925.012 71.02441561887412
C15 949.965 57.60267550709189
C15 975.002 43.16825712463412
C15 999.976 26.54098026384462
C15 1025.028 11.312884014488466
C15 1050.014 4.035188118898935
C15 1075.002 0.9363209762789412
C15 1099.99 0.09290090708599309
C16 319.994 45.21987910765624
C16 324.969 51.097189427872024
C16 349.982 76.27295367274841
C16 374.975 81.03686775262571
C16 400.019 86.93461227291283
C16 424.965 87.49274430495086
C16 450.035 88.58284616901042
C16 475.003 90.76265987310127
C16 500.018 92.77942059076966
C16 525.002 94.72090667097471
C16 550.029 96.25100152414495
C16 575.023 96.95808449734662
C16 599.982 98.45221301708294
C16 619.997 98.6279609032503
C16 624.979 98.74525107035133
C16 650.012 99.07298596707913
C16 675.004 99.29155237353068
C16 700.03 98.60605072989537
C16 725.012 97.99157934459183
C16 750.022 98.12879897478638
C16 774.987 98.17650426671936
C16 799.976 97.30041852878108
C16 824.988 95.4403098149529
C16 850.022 93.45213556430046
C16 869.967 90.24050182202714
C16 875.002 89.64894243650417
C16 899.999 82.55948332148843
C16 919.999 73.20141503193716
C16 925.012 71.14410711038471
C16 949.965 57.536658204653364
C16 975.002 43.12070478330047
C16 999.976 26.43060919948107
C16 1025.028 11.386267800167522
C16 1050.014 4.035013181650944
C16 1075.002 0.9348676498957864
C16 1099.99 0.09275670937739999
C17 319.994 45.20521879270986
C17 324.969 51.07838032791865
C17 349.982 76.17759662159222
C17 374.975 80.91877459487817
C17 400.019 86.86976121879425
C17 424.965 87.45855219846923
C17 450.035 88.57346264974115
C17 475.003 90.7695426500714
C17 500.018 92.79619927151685
C17 525.002 94.74525640638905
C17 550.029 96.27197105131397
C17 575.023 96.98193714331312
C17 599.982 98.47348844545063
C17 619.997 98.64506078025609
C17 624.979 98.75668412765171
C17 650.012 99.08165826606151
C17 675.004 99.29239360182703
C17 700.03 98.59327170732082
C17 725.012 97.95729546775061
C17 750.022 98.06277784858287
C17 774.987 98.08488685771694
C17 799.976 97.1995934936986
C17 824.988 95.36226677164157
C17 850.022 93.36757682545739
C17 869.967 90.2070515259523
C17 875.002 89.63675992126704
C17 899.999 82.6568057878461
C17 919.999 73.33066593590628
C17 925.012 71.20648801232402
C17 949.965 57.606568099845
C17 975.002 43.186389418185435
C17 999.976 26.49199018687721
C17 1025.028 11.440755495239825
C17 1050.014 4.06278853251979
C17 1075.002 0.9342389569767893
C17 1099.99 0.09269433104354542
