lsstCam/transmission_sensor/r22_s00/19700101T000000.ecsv
# %ECSV 1.0
# ---
# datatype:
# - {name: amp_name, datatype: string}
# - {name: wavelength, unit: nm, datatype: float32}
# - {name: efficiency, unit: '%', datatype: float64}
# meta: !!omap
# - {MODE: AMP}
# - {TYPE: transmission_sensor}
# - {CALIBDATE: '1970-01-01T00:00:00'}
# - {INSTRUME: LSSTCAM}
# - {OBSTYPE: transmission_sensor}
# - {DETECTOR: 90}
# - {PARQUETFILE: qe_raft_allvalues_nircorrected_20230725.parquet}
# - {CALIBCLS: lsst.ip.isr.IntermediateSensorTransmissionCurve}
# - {CALIB_ID: 'raftName=R22 detectorName=S00 detector=90 calibDate=1970-01-01T00:00:00 ccd=90 ccdnum=90 filter=None'}
# - {DATE: '2024-01-18T22:42:25.292280'}
# - {CALIB_CREATION_DATE: '2024-01-18'}
# - {CALIB_CREATION_TIME: '22:42:25'}
# - __serialized_columns__:
#     efficiency:
#       __class__: astropy.units.quantity.Quantity
#       unit: !astropy.units.Unit {unit: '%'}
#       value: !astropy.table.SerializedColumn {name: efficiency}
#     wavelength:
#       __class__: astropy.units.quantity.Quantity
#       unit: !astropy.units.Unit {unit: nm}
#       value: !astropy.table.SerializedColumn {name: wavelength}
# schema: astropy-2.0
amp_name wavelength efficiency
C00 319.994 44.72587585449219
C00 324.969 50.55046844482422
C00 349.982 76.05364990234375
C00 374.975 81.18424987792969
C00 400.019 86.79989624023438
C00 424.965 87.16809844970703
C00 450.035 88.13394927978516
C00 475.003 90.23114776611328
C00 500.018 92.19615936279297
C00 525.002 94.11383056640625
C00 550.029 95.63800811767578
C00 575.023 96.36038208007812
C00 599.982 97.86588287353516
C00 619.997 98.06031799316406
C00 624.979 98.18209075927734
C00 650.012 98.53636169433594
C00 675.004 98.7865982055664
C00 700.03 98.2071304321289
C00 725.012 97.81272888183594
C00 750.022 98.20012664794922
C00 774.987 98.47125244140625
C00 799.976 97.67015838623047
C00 824.988 95.73314666748047
C00 850.022 93.66393280029297
C00 869.967 90.47911071777344
C00 875.002 89.87187194824219
C00 899.999 82.57979583740234
C00 919.999 72.76531219482422
C00 925.012 70.65721893310547
C00 949.965 57.52616882324219
C00 975.002 42.68109130859375
C00 999.976 26.08272933959961
C00 1025.028 11.28091049194336
C00 1050.014 4.054014682769775
C00 1075.002 0.9355451038679299
C00 1099.99 0.09282392573815189
C01 319.994 44.711368560791016
C01 324.969 50.53522872924805
C01 349.982 75.99674224853516
C01 374.975 81.0784683227539
C01 400.019 86.65780639648438
C01 424.965 87.01539611816406
C01 450.035 87.97541046142578
C01 475.003 90.06079864501953
C01 500.018 92.02407836914062
C01 525.002 93.93386840820312
C01 550.029 95.45208740234375
C01 575.023 96.16957092285156
C01 599.982 97.67546844482422
C01 619.997 97.86808776855469
C01 624.979 97.98957824707031
C01 650.012 98.33965301513672
C01 675.004 98.59654998779297
C01 700.03 98.03666687011719
C01 725.012 97.69976806640625
C01 750.022 98.16714477539062
C01 774.987 98.52133178710938
C01 799.976 97.75426483154297
C01 824.988 95.8028793334961
C01 850.022 93.75244903564453
C01 869.967 90.55451202392578
C01 875.002 89.945556640625
C01 899.999 82.56900024414062
C01 919.999 72.69111633300781
C01 925.012 70.59773254394531
C01 949.965 57.543968200683594
C01 975.002 42.749507904052734
C01 999.976 26.08177375793457
C01 1025.028 11.238276481628418
C01 1050.014 4.022322654724121
C01 1075.002 0.9352301830602905
C01 1099.99 0.09279267958492972
C02 319.994 44.851661682128906
C02 324.969 50.692840576171875
C02 349.982 76.20394134521484
C02 374.975 81.21147155761719
C02 400.019 86.73696899414062
C02 424.965 87.0702133178711
C02 450.035 88.02337646484375
C02 475.003 90.10646057128906
C02 500.018 92.06417083740234
C02 525.002 93.97368621826172
C02 550.029 95.49048614501953
C02 575.023 96.2039566040039
C02 599.982 97.7055435180664
C02 619.997 97.8944091796875
C02 624.979 98.0141830444336
C02 650.012 98.36402130126953
C02 675.004 98.6205062866211
C02 700.03 98.06452941894531
C02 725.012 97.75595092773438
C02 750.022 98.25802612304688
C02 774.987 98.64937591552734
C02 799.976 97.8956069946289
C02 824.988 95.93464660644531
C02 850.022 93.89705657958984
C02 869.967 90.67848205566406
C02 875.002 90.06632995605469
C02 899.999 82.609375
C02 919.999 72.75321960449219
C02 925.012 70.66722106933594
C02 949.965 57.66812515258789
C02 975.002 42.88821029663086
C02 999.976 26.118980407714844
C02 1025.028 11.221521377563477
C02 1050.014 4.007282733917236
C02 1075.002 0.9360956961257475
C02 1099.99 0.09287855499615384
C03 319.994 44.92768096923828
C03 324.969 50.778175354003906
C03 349.982 76.2646713256836
C03 374.975 81.19591522216797
C03 400.019 86.65420532226562
C03 424.965 86.97209930419922
C03 450.035 87.9203872680664
C03 475.003 89.99706268310547
C03 500.018 91.94969940185547
C03 525.002 93.85527038574219
C03 550.029 95.36335754394531
C03 575.023 96.07415008544922
C03 599.982 97.5661849975586
C03 619.997 97.75508117675781
C03 624.979 97.87451934814453
C03 650.012 98.21894836425781
C03 675.004 98.47771453857422
C03 700.03 97.91685485839844
C03 725.012 97.60816955566406
C03 750.022 98.1136703491211
C03 774.987 98.51019287109375
C03 799.976 97.7623291015625
C03 824.988 95.80486297607422
C03 850.022 93.77635192871094
C03 869.967 90.55581665039062
C03 875.002 89.94332122802734
C03 899.999 82.50741577148438
C03 919.999 72.66444396972656
C03 925.012 70.56999969482422
C03 949.965 57.50049591064453
C03 975.002 42.840179443359375
C03 999.976 26.126359939575195
C03 1025.028 11.233941078186035
C03 1050.014 4.014406204223633
C03 1075.002 0.9347203874114223
C03 1099.99 0.09274209812898865
C04 319.994 45.002681732177734
C04 324.969 50.86211013793945
C04 349.982 76.3323974609375
C04 374.975 81.2187728881836
C04 400.019 86.67327117919922
C04 424.965 86.99314880371094
C04 450.035 87.94094848632812
C04 475.003 90.02104187011719
C04 500.018 91.97196197509766
C04 525.002 93.8743667602539
C04 550.029 95.3802490234375
C04 575.023 96.08660888671875
C04 599.982 97.57975769042969
C04 619.997 97.76504516601562
C04 624.979 97.88224792480469
C04 650.012 98.22391510009766
C04 675.004 98.47232055664062
C04 700.03 97.90885162353516
C04 725.012 97.59175872802734
C04 750.022 98.08578491210938
C04 774.987 98.4756851196289
C04 799.976 97.71878051757812
C04 824.988 95.76935577392578
C04 850.022 93.73844146728516
C04 869.967 90.5037841796875
C04 875.002 89.89916229248047
C04 899.999 82.50906372070312
C04 919.999 72.58563232421875
C04 925.012 70.47675323486328
C04 949.965 57.34899139404297
C04 975.002 42.8791389465332
C04 999.976 26.150846481323242
C04 1025.028 11.250904083251953
C04 1050.014 4.0167460441589355
C04 1075.002 0.9344547963941441
C04 1099.99 0.09271574643224775
C05 319.994 45.33710861206055
C05 324.969 51.237979888916016
C05 349.982 76.82091522216797
C05 374.975 81.62735748291016
C05 400.019 87.07898712158203
C05 424.965 87.3951644897461
C05 450.035 88.34944915771484
C05 475.003 90.43971252441406
C05 500.018 92.40034484863281
C05 525.002 94.30632781982422
C05 550.029 95.81590270996094
C05 575.023 96.52078247070312
C05 599.982 98.01319885253906
C05 619.997 98.1949234008789
C05 624.979 98.31547546386719
C05 650.012 98.65058135986328
C05 675.004 98.89875793457031
C05 700.03 98.32273864746094
C05 725.012 97.98563385009766
C05 750.022 98.46161651611328
C05 774.987 98.83423614501953
C05 799.976 98.07000732421875
C05 824.988 96.12602233886719
C05 850.022 94.08528137207031
C05 869.967 90.7984848022461
C05 875.002 90.20296478271484
C05 899.999 82.8676528930664
C05 919.999 72.9087905883789
C05 925.012 70.79210662841797
C05 949.965 57.42729949951172
C05 975.002 43.07695007324219
C05 999.976 26.328052520751953
C05 1025.028 11.302387237548828
C05 1050.014 4.049493312835693
C05 1075.002 0.9380354750734046
C05 1099.99 0.09307101808130208
C06 319.994 45.404441833496094
C06 324.969 51.31632995605469
C06 349.982 76.89493560791016
C06 374.975 81.6740951538086
C06 400.019 87.08677673339844
C06 424.965 87.39253997802734
C06 450.035 88.3405990600586
C06 475.003 90.43418884277344
C06 500.018 92.39198303222656
C06 525.002 94.29991912841797
C06 550.029 95.80957794189453
C06 575.023 96.51268768310547
C06 599.982 98.00593566894531
C06 619.997 98.1852035522461
C06 624.979 98.30291748046875
C06 650.012 98.63878631591797
C06 675.004 98.87963104248047
C06 700.03 98.3001708984375
C06 725.012 97.95068359375
C06 750.022 98.40992736816406
C06 774.987 98.76639556884766
C06 799.976 97.99456024169922
C06 824.988 96.06031799316406
C06 850.022 94.03207397460938
C06 869.967 90.74851989746094
C06 875.002 90.15929412841797
C06 899.999 82.85089111328125
C06 919.999 72.91316986083984
C06 925.012 70.76925659179688
C06 949.965 57.30075454711914
C06 975.002 43.24287414550781
C06 999.976 26.399873733520508
C06 1025.028 11.393972396850586
C06 1050.014 4.0580525398254395
C06 1075.002 0.9375431745011066
C06 1099.99 0.09302217247078591
C07 319.994 45.477806091308594
C07 324.969 51.40227127075195
C07 349.982 76.97247314453125
C07 374.975 81.69408416748047
C07 400.019 87.10095977783203
C07 424.965 87.4087142944336
C07 450.035 88.36834716796875
C07 475.003 90.46773529052734
C07 500.018 92.43408966064453
C07 525.002 94.34748077392578
C07 550.029 95.85721588134766
C07 575.023 96.56057739257812
C07 599.982 98.04969024658203
C07 619.997 98.22509002685547
C07 624.979 98.34239196777344
C07 650.012 98.67387390136719
C07 675.004 98.90921783447266
C07 700.03 98.31707000732422
C07 725.012 97.956787109375
C07 750.022 98.39683532714844
C07 774.987 98.73712921142578
C07 799.976 97.96267700195312
C07 824.988 96.03424072265625
C07 850.022 94.0130615234375
C07 869.967 90.77250671386719
C07 875.002 90.17333984375
C07 899.999 82.84990692138672
C07 919.999 72.8111801147461
C07 925.012 70.67106628417969
C07 949.965 57.42748260498047
C07 975.002 43.34809494018555
C07 999.976 26.5501708984375
C07 1025.028 11.478201866149902
C07 1050.014 4.057331562042236
C07 1075.002 0.9374185947712067
C07 1099.99 0.09300981178443431
C10 319.994 44.5752067565918
C10 324.969 50.36906051635742
C10 349.982 75.38663482666016
C10 374.975 80.38887023925781
C10 400.019 86.5398178100586
C10 424.965 87.18830108642578
C10 450.035 88.3205795288086
C10 475.003 90.52134704589844
C10 500.018 92.54939270019531
C10 525.002 94.50599670410156
C10 550.029 96.04305267333984
C10 575.023 96.77062225341797
C10 599.982 98.2818603515625
C10 619.997 98.46986389160156
C10 624.979 98.58885192871094
C10 650.012 98.9325942993164
C10 675.004 99.15996551513672
C10 700.03 98.4959487915039
C10 725.012 97.90235137939453
C10 750.022 98.06216430664062
C10 774.987 98.11831665039062
C10 799.976 97.23748016357422
C10 824.988 95.35163879394531
C10 850.022 93.28435516357422
C10 869.967 90.08563995361328
C10 875.002 89.53376007080078
C10 899.999 82.50428771972656
C10 919.999 72.7547836303711
C10 925.012 70.66901397705078
C10 949.965 57.21540832519531
C10 975.002 42.79570388793945
C10 999.976 26.185226440429688
C10 1025.028 11.33873176574707
C10 1050.014 4.061286926269531
C10 1075.002 0.9342327212373074
C10 1099.99 0.09269371233920266
C11 319.994 44.6063232421875
C11 324.969 50.40519332885742
C11 349.982 75.42988586425781
C11 374.975 80.42008972167969
C11 400.019 86.52477264404297
C11 424.965 87.1529541015625
C11 450.035 88.27550506591797
C11 475.003 90.4669418334961
C11 500.018 92.48765563964844
C11 525.002 94.43944549560547
C11 550.029 95.97833251953125
C11 575.023 96.70319366455078
C11 599.982 98.21113586425781
C11 619.997 98.3955307006836
C11 624.979 98.51473999023438
C11 650.012 98.85430908203125
C11 675.004 99.09024810791016
C11 700.03 98.44898986816406
C11 725.012 97.91643524169922
C11 750.022 98.14561462402344
C11 774.987 98.28022003173828
C11 799.976 97.43183898925781
C11 824.988 95.53166198730469
C11 850.022 93.476806640625
C11 869.967 90.29490661621094
C11 875.002 89.7359619140625
C11 899.999 82.575927734375
C11 919.999 72.74966430664062
C11 925.012 70.65199279785156
C11 949.965 57.337947845458984
C11 975.002 42.939918518066406
C11 999.976 26.24877166748047
C11 1025.028 11.29384994506836
C11 1050.014 4.026378154754639
C11 1075.002 0.935027023426433
C11 1099.99 0.09277252227269729
C12 319.994 44.724552154541016
C12 324.969 50.53915023803711
C12 349.982 75.62127685546875
C12 374.975 80.55530548095703
C12 400.019 86.5851821899414
C12 424.965 87.18883514404297
C12 450.035 88.29522705078125
C12 475.003 90.47699737548828
C12 500.018 92.50037384033203
C12 525.002 94.44703674316406
C12 550.029 95.98265838623047
C12 575.023 96.70199584960938
C12 599.982 98.2055892944336
C12 619.997 98.39456176757812
C12 624.979 98.51055908203125
C12 650.012 98.85228729248047
C12 675.004 99.08714294433594
C12 700.03 98.44503784179688
C12 725.012 97.92607879638672
C12 750.022 98.1766128540039
C12 774.987 98.33342742919922
C12 799.976 97.49417114257812
C12 824.988 95.58729553222656
C12 850.022 93.54078674316406
C12 869.967 90.35184478759766
C12 875.002 89.78662872314453
C12 899.999 82.60519409179688
C12 919.999 72.75616455078125
C12 925.012 70.64820861816406
C12 949.965 57.34207534790039
C12 975.002 42.93766403198242
C12 999.976 26.284292221069336
C12 1025.028 11.297891616821289
C12 1050.014 4.017574787139893
C12 1075.002 0.9353221467642062
C12 1099.99 0.0928018041391469
C13 319.994 44.84516143798828
C13 324.969 50.673728942871094
C13 349.982 75.76384735107422
C13 374.975 80.63105773925781
C13 400.019 86.58269500732422
C13 424.965 87.1553726196289
C13 450.035 88.2474594116211
C13 475.003 90.42272186279297
C13 500.018 92.43614959716797
C13 525.002 94.37669372558594
C13 550.029 95.90860748291016
C13 575.023 96.62370300292969
C13 599.982 98.11915588378906
C13 619.997 98.30292510986328
C13 624.979 98.41956329345703
C13 650.012 98.75635528564453
C13 675.004 98.98625183105469
C13 700.03 98.3373794555664
C13 725.012 97.8076400756836
C13 750.022 98.04016876220703
C13 774.987 98.18571472167969
C13 799.976 97.33782958984375
C13 824.988 95.44000244140625
C13 850.022 93.40644073486328
C13 869.967 90.21381378173828
C13 875.002 89.61235046386719
C13 899.999 82.3792724609375
C13 919.999 72.69774627685547
C13 925.012 70.72012329101562
C13 949.965 57.22870635986328
C13 975.002 42.994991302490234
C13 999.976 26.237808227539062
C13 1025.028 11.317000389099121
C13 1050.014 4.013669013977051
C13 1075.002 0.9340223669438166
C13 1099.99 0.09267284117945104
C14 319.994 44.94387435913086
C14 324.969 50.7852783203125
C14 349.982 75.87118530273438
C14 374.975 80.69803619384766
C14 400.019 86.64797973632812
C14 424.965 87.22022247314453
C14 450.035 88.31587982177734
C14 475.003 90.4933090209961
C14 500.018 92.506591796875
C14 525.002 94.44621276855469
C14 550.029 95.97325897216797
C14 575.023 96.68514251708984
C14 599.982 98.17971801757812
C14 619.997 98.35955047607422
C14 624.979 98.47517395019531
C14 650.012 98.80885314941406
C14 675.004 99.03226470947266
C14 700.03 98.37098693847656
C14 725.012 97.81526184082031
C14 750.022 98.01961517333984
C14 774.987 98.13418579101562
C14 799.976 97.27788543701172
C14 824.988 95.39543151855469
C14 850.022 93.38540649414062
C14 869.967 90.16116333007812
C14 875.002 89.61336517333984
C14 899.999 82.45332336425781
C14 919.999 72.7867431640625
C14 925.012 70.64328002929688
C14 949.965 57.42921829223633
C14 975.002 42.93154525756836
C14 999.976 26.45477294921875
C14 1025.028 11.275530815124512
C14 1050.014 4.016634464263916
C14 1075.002 0.9338268238741322
C14 1099.99 0.09265343957571869
C15 319.994 45.08103942871094
C15 324.969 50.93829345703125
C15 349.982 76.0623779296875
C15 374.975 80.83509826660156
C15 400.019 86.77018737792969
C15 424.965 87.3402328491211
C15 450.035 88.4332275390625
C15 475.003 90.61226654052734
C15 500.018 92.6266860961914
C15 525.002 94.56565856933594
C15 550.029 96.09427642822266
C15 575.023 96.80274200439453
C15 599.982 98.29589080810547
C15 619.997 98.47351837158203
C15 624.979 98.58818054199219
C15 650.012 98.91764831542969
C15 675.004 99.13964080810547
C15 700.03 98.4645004272461
C15 725.012 97.87922668457031
C15 750.022 98.0483169555664
C15 774.987 98.129638671875
C15 799.976 97.2653579711914
C15 824.988 95.39258575439453
C15 850.022 93.3868408203125
C15 869.967 90.18566131591797
C15 875.002 89.60284423828125
C15 899.999 82.50833129882812
C15 919.999 72.89060974121094
C15 925.012 70.85598754882812
C15 949.965 57.4660758972168
C15 975.002 43.065887451171875
C15 999.976 26.47804069519043
C15 1025.028 11.286056518554688
C15 1050.014 4.025619029998779
C15 1075.002 0.9341005745536459
C15 1099.99 0.09268060086665045
C16 319.994 45.11264419555664
C16 324.969 50.976016998291016
C16 349.982 76.09207916259766
C16 374.975 80.84469604492188
C16 400.019 86.72845458984375
C16 424.965 87.28526306152344
C16 450.035 88.3727798461914
C16 475.003 90.54742431640625
C16 500.018 92.55940246582031
C16 525.002 94.49628448486328
C16 550.029 96.02275085449219
C16 575.023 96.72815704345703
C16 599.982 98.21874237060547
C16 619.997 98.39407348632812
C16 624.979 98.5110855102539
C16 650.012 98.83804321289062
C16 675.004 99.05609130859375
C16 700.03 98.3722152709961
C16 725.012 97.75920104980469
C16 750.022 97.8960952758789
C16 774.987 97.94368743896484
C16 799.976 97.0696792602539
C16 824.988 95.21398162841797
C16 850.022 93.23052215576172
C16 869.967 90.02650451660156
C16 875.002 89.43634796142578
C16 899.999 82.36370086669922
C16 919.999 73.02782440185547
C16 925.012 70.97539520263672
C16 949.965 57.40021514892578
C16 975.002 43.01844787597656
C16 999.976 26.367931365966797
C16 1025.028 11.35926628112793
C16 1050.014 4.025444507598877
C16 1075.002 0.9326506946044495
C16 1099.99 0.09253674511006851
C17 319.994 45.098018646240234
C17 324.969 50.957252502441406
C17 349.982 75.9969482421875
C17 374.975 80.72688293457031
C17 400.019 86.66375732421875
C17 424.965 87.25115203857422
C17 450.035 88.36341857910156
C17 475.003 90.55429077148438
C17 500.018 92.57614135742188
C17 525.002 94.52057647705078
C17 550.029 96.04367065429688
C17 575.023 96.751953125
C17 599.982 98.2399673461914
C17 619.997 98.4111328125
C17 624.979 98.52249145507812
C17 650.012 98.84669494628906
C17 675.004 99.05693054199219
C17 700.03 98.35946655273438
C17 725.012 97.7249984741211
C17 750.022 97.83023071289062
C17 774.987 97.85228729248047
C17 799.976 96.9690933227539
C17 824.988 95.13612365722656
C17 850.022 93.14616394042969
C17 869.967 89.99313354492188
C17 875.002 89.4241943359375
C17 899.999 82.4607925415039
C17 919.999 73.15676879882812
C17 925.012 71.03762817382812
C17 949.965 57.4699592590332
C17 975.002 43.08397674560547
C17 999.976 26.429166793823242
C17 1025.028 11.41362476348877
C17 1050.014 4.053153991699219
C17 1075.002 0.9320234925746639
C17 1099.99 0.09247451470087185
