lsstcam/qe_curves/r20_s02/19700101T000000.ecsv
# %ECSV 0.9
# ---
# datatype:
# - {name: amp_name, datatype: string}
# - {name: wavelength, unit: nm, datatype: float32}
# - {name: efficiency, unit: '%', datatype: float32}
# meta: !!omap
# - {MODE: AMP}
# - {TYPE: QE}
# - {CALIBDATE: '1970-01-01T00:00:00'}
# - {INSTRUME: LSSTCAM}
# - {OBSTYPE: qe_curves}
# - {DETECTOR: 74}
# - {PICKLEFILE: RaftRun10928.p}
# - {CALIB_ID: 'raftName=R20 detectorName=S02 detector=74 calibDate=1970-01-01T00:00:00 ccd=74 ccdnum=74 filter=None'}
# - {DATE: '2020-01-10T16:30:42.046543'}
# - {CALIB_CREATION_DATE: '2020-01-10'}
# - {CALIB_CREATION_TIME: '16:30:42'}
# - __serialized_columns__:
#     efficiency:
#       __class__: astropy.units.quantity.Quantity
#       unit: !astropy.units.Unit {unit: '%'}
#       value: !astropy.table.SerializedColumn {name: efficiency}
#     wavelength:
#       __class__: astropy.units.quantity.Quantity
#       unit: !astropy.units.Unit {unit: nm}
#       value: !astropy.table.SerializedColumn {name: wavelength}
# schema: astropy-2.0
amp_name wavelength efficiency
C02 319.994 47.922672
C02 324.969 48.84853
C02 349.982 55.073483
C02 374.975 68.97845
C02 400.019 81.76158
C02 424.965 84.390366
C02 450.035 84.32419
C02 475.003 84.45766
C02 500.018 84.69412
C02 525.002 85.1553
C02 550.029 86.38945
C02 575.023 88.04397
C02 599.982 89.77856
C02 619.997 90.925964
C02 624.979 91.360085
C02 650.012 92.72373
C02 675.004 94.33246
C02 700.03 95.386826
C02 725.012 96.537315
C02 750.022 98.02657
C02 774.987 99.24747
C02 799.976 99.894394
C02 824.988 99.42108
C02 850.022 98.55531
C02 869.967 96.12318
C02 875.002 94.974915
C02 899.999 88.88743
C02 919.999 80.96634
C02 925.012 78.19024
C02 949.965 64.79585
C02 975.002 49.64122
C02 999.976 32.20705
C02 1025.028 16.06855
C02 1050.014 6.552177
C02 1075.002 3.5850708
C02 1099.99 2.3717363
C00 319.994 48.25663
C00 324.969 49.296825
C00 349.982 55.890186
C00 374.975 69.66852
C00 400.019 82.0081
C00 424.965 84.396
C00 450.035 84.326225
C00 475.003 84.579605
C00 500.018 84.93074
C00 525.002 85.48291
C00 550.029 86.76594
C00 575.023 88.40281
C00 599.982 90.12176
C00 619.997 91.2439
C00 624.979 91.678185
C00 650.012 93.02428
C00 675.004 94.62544
C00 700.03 95.63443
C00 725.012 96.682
C00 750.022 98.05357
C00 774.987 99.149315
C00 799.976 99.71257
C00 824.988 99.23777
C00 850.022 98.34395
C00 869.967 95.8709
C00 875.002 94.7128
C00 899.999 88.549675
C00 919.999 80.720276
C00 925.012 77.996086
C00 949.965 64.70436
C00 975.002 49.46241
C00 999.976 31.956194
C00 1025.028 15.971692
C00 1050.014 6.5126896
C00 1075.002 3.5612328
C00 1099.99 2.3543286
C04 319.994 47.78217
C04 324.969 48.58481
C04 349.982 54.380665
C04 374.975 68.409996
C04 400.019 81.6696
C04 424.965 84.608986
C04 450.035 84.64546
C04 475.003 84.766205
C04 500.018 84.92681
C04 525.002 85.32612
C04 550.029 86.50467
C04 575.023 88.08522
C04 599.982 89.765366
C04 619.997 90.86862
C04 624.979 91.299095
C04 650.012 92.640175
C04 675.004 94.25606
C04 700.03 95.350746
C04 725.012 96.59628
C04 750.022 98.2245
C04 774.987 99.57931
C04 799.976 100.30551
C04 824.988 99.85798
C04 850.022 99.03903
C04 869.967 96.53772
C04 875.002 95.363556
C04 899.999 89.102554
C04 919.999 81.144295
C04 925.012 78.37941
C04 949.965 65.20065
C04 975.002 49.920578
C04 999.976 32.289658
C04 1025.028 16.10303
C04 1050.014 6.541461
C04 1075.002 3.5716841
C04 1099.99 2.3790941
C14 319.994 47.51454
C14 324.969 48.374866
C14 349.982 54.41581
C14 374.975 68.43293
C14 400.019 81.50044
C14 424.965 84.28217
C14 450.035 84.21077
C14 475.003 84.24078
C14 500.018 84.38748
C14 525.002 84.78831
C14 550.029 85.99067
C14 575.023 87.64743
C14 599.982 89.42152
C14 619.997 90.57855
C14 624.979 91.01781
C14 650.012 92.391174
C14 675.004 94.02567
C14 700.03 95.20115
C14 725.012 96.64085
C14 750.022 98.52739
C14 774.987 100.10691
C14 799.976 100.93213
C14 824.988 100.41994
C14 850.022 99.62337
C14 869.967 97.197174
C14 875.002 96.0143
C14 899.999 89.46027
C14 919.999 81.236084
C14 925.012 78.44979
C14 949.965 65.374306
C14 975.002 50.04711
C14 999.976 32.48762
C14 1025.028 15.938704
C14 1050.014 6.3545885
C14 1075.002 3.5258896
C14 1099.99 2.3908072
C07 319.994 47.33523
C07 324.969 47.996586
C07 349.982 53.32571
C07 374.975 67.520065
C07 400.019 81.452255
C07 424.965 84.87131
C07 450.035 85.09994
C07 475.003 85.24995
C07 500.018 85.33025
C07 525.002 85.597664
C07 550.029 86.62781
C07 575.023 88.051735
C07 599.982 89.60548
C07 619.997 90.63817
C07 624.979 91.05398
C07 650.012 92.352135
C07 675.004 93.9576
C07 700.03 95.05908
C07 725.012 96.30402
C07 750.022 97.93423
C07 774.987 99.29348
C07 799.976 100.0546
C07 824.988 99.67776
C07 850.022 98.925
C07 869.967 96.68665
C07 875.002 95.60106
C07 899.999 89.68653
C07 919.999 81.65497
C07 925.012 78.848724
C07 949.965 65.311066
C07 975.002 50.009865
C07 999.976 32.599277
C07 1025.028 16.070478
C07 1050.014 6.511871
C07 1075.002 3.620364
C07 1099.99 2.415202
C03 319.994 47.95851
C03 324.969 48.825787
C03 349.982 54.83658
C03 374.975 68.83969
C03 400.019 81.90187
C03 424.965 84.702934
C03 450.035 84.69872
C03 475.003 84.83359
C03 500.018 85.03149
C03 525.002 85.45695
C03 550.029 86.657745
C03 575.023 88.26713
C03 599.982 89.975494
C03 619.997 91.10121
C03 624.979 91.53025
C03 650.012 92.884445
C03 675.004 94.500496
C03 700.03 95.57903
C03 725.012 96.77812
C03 750.022 98.34883
C03 774.987 99.6413
C03 799.976 100.32989
C03 824.988 99.87046
C03 850.022 99.017914
C03 869.967 96.54634
C03 875.002 95.38365
C03 899.999 89.19417
C03 919.999 81.216965
C03 925.012 78.43935
C03 949.965 65.12523
C03 975.002 49.887154
C03 999.976 32.301003
C03 1025.028 16.12751
C03 1050.014 6.561166
C03 1075.002 3.580857
C03 1099.99 2.376701
C01 319.994 48.233387
C01 324.969 49.21323
C01 349.982 55.60833
C01 374.975 69.47528
C01 400.019 82.06108
C01 424.965 84.579384
C01 450.035 84.50787
C01 475.003 84.69843
C01 500.018 84.99042
C01 525.002 85.49666
C01 550.029 86.756645
C01 575.023 88.40895
C01 599.982 90.13908
C01 619.997 91.275856
C01 624.979 91.70803
C01 650.012 93.06527
C01 675.004 94.67259
C01 700.03 95.70684
C01 725.012 96.806946
C01 750.022 98.238464
C01 774.987 99.39658
C01 799.976 100.00622
C01 824.988 99.533066
C01 850.022 98.66207
C01 869.967 96.24329
C01 875.002 95.10406
C01 899.999 89.03961
C01 919.999 81.15151
C01 925.012 78.379684
C01 949.965 64.91335
C01 975.002 49.743824
C01 999.976 32.277363
C01 1025.028 16.149662
C01 1050.014 6.603823
C01 1075.002 3.6142538
C01 1099.99 2.3819711
C05 319.994 47.498127
C05 324.969 48.261192
C05 349.982 53.936287
C05 374.975 68.00487
C05 400.019 81.43166
C05 424.965 84.49025
C05 450.035 84.556946
C05 475.003 84.65807
C05 500.018 84.78249
C05 525.002 85.12826
C05 550.029 86.25533
C05 575.023 87.802
C05 599.982 89.4638
C05 619.997 90.561745
C05 624.979 90.98819
C05 650.012 92.323364
C05 675.004 93.938255
C05 700.03 95.043175
C05 725.012 96.31128
C05 750.022 97.979485
C05 774.987 99.374435
C05 799.976 100.12137
C05 824.988 99.69872
C05 850.022 98.92685
C05 869.967 96.45522
C05 875.002 95.2852
C05 899.999 89.06015
C05 919.999 81.15964
C05 925.012 78.40749
C05 949.965 65.30483
C05 975.002 50.01464
C05 999.976 32.425285
C05 1025.028 16.123716
C05 1050.014 6.5111685
C05 1075.002 3.56794
C05 1099.99 2.3805187
C15 319.994 47.74408
C15 324.969 48.662086
C15 349.982 54.884766
C15 374.975 68.87675
C15 400.019 81.74537
C15 424.965 84.402016
C15 450.035 84.3264
C15 475.003 84.40516
C15 500.018 84.588455
C15 525.002 85.02927
C15 550.029 86.25196
C15 575.023 87.91427
C15 599.982 89.68748
C15 619.997 90.84417
C15 624.979 91.28184
C15 650.012 92.6554
C15 675.004 94.27333
C15 700.03 95.43969
C15 725.012 96.846375
C15 750.022 98.683784
C15 774.987 100.21395
C15 799.976 101.00976
C15 824.988 100.475624
C15 850.022 99.65946
C15 869.967 97.22975
C15 875.002 96.04193
C15 899.999 89.49994
C15 919.999 81.28781
C15 925.012 78.49461
C15 949.965 65.33393
C15 975.002 50.011684
C15 999.976 32.518883
C15 1025.028 15.963467
C15 1050.014 6.364694
C15 1075.002 3.5285902
C15 1099.99 2.3940084
C17 319.994 47.97712
C17 324.969 49.015682
C17 349.982 55.623035
C17 374.975 69.4632
C17 400.019 81.87638
C17 424.965 84.26455
C17 450.035 84.14523
C17 475.003 84.30962
C17 500.018 84.60747
C17 525.002 85.13289
C17 550.029 86.41092
C17 575.023 88.10315
C17 599.982 89.88516
C17 619.997 91.0505
C17 624.979 91.48737
C17 650.012 92.86316
C17 675.004 94.47874
C17 700.03 95.60551
C17 725.012 96.940796
C17 750.022 98.672195
C17 774.987 100.10653
C17 799.976 100.83406
C17 824.988 100.28447
C17 850.022 99.43771
C17 869.967 96.97088
C17 875.002 95.76705
C17 899.999 89.15811
C17 919.999 80.98324
C17 925.012 78.240486
C17 949.965 65.23741
C17 975.002 49.855446
C17 999.976 32.203926
C17 1025.028 15.764585
C17 1050.014 6.279583
C17 1075.002 3.4829004
C17 1099.99 2.3641493
C10 319.994 47.082817
C10 324.969 47.777767
C10 349.982 53.24175
C10 374.975 67.460815
C10 400.019 81.37839
C10 424.965 84.67818
C10 450.035 84.74476
C10 475.003 84.739044
C10 500.018 84.7759
C10 525.002 85.06721
C10 550.029 86.20008
C10 575.023 87.78209
C10 599.982 89.50411
C10 619.997 90.63367
C10 624.979 91.0681
C10 650.012 92.43777
C10 675.004 94.07434
C10 700.03 95.297165
C10 725.012 96.76213
C10 750.022 98.66406
C10 774.987 100.245026
C10 799.976 101.13978
C10 824.988 100.70495
C10 850.022 100.03631
C10 869.967 97.95764
C10 875.002 96.87099
C10 899.999 90.66256
C10 919.999 82.027626
C10 925.012 79.116425
C10 949.965 65.70065
C10 975.002 50.70608
C10 999.976 33.05496
C10 1025.028 16.221281
C10 1050.014 6.546229
C10 1075.002 3.648465
C10 1099.99 2.4787688
C16 319.994 47.75007
C16 324.969 48.72465
C16 349.982 55.111855
C16 374.975 68.98573
C16 400.019 81.57892
C16 424.965 84.09018
C16 450.035 83.987564
C16 475.003 84.092606
C16 500.018 84.31904
C16 525.002 84.79563
C16 550.029 86.03792
C16 575.023 87.720085
C16 599.982 89.50327
C16 619.997 90.66645
C16 624.979 91.10355
C16 650.012 92.47746
C16 675.004 94.090126
C16 700.03 95.23189
C16 725.012 96.59479
C16 750.022 98.36975
C16 774.987 99.84607
C16 799.976 100.605064
C16 824.988 100.06404
C16 850.022 99.2412
C16 869.967 96.820564
C16 875.002 95.64007
C16 899.999 89.14386
C16 919.999 80.97752
C16 925.012 78.196556
C16 949.965 65.064
C16 975.002 49.812008
C16 999.976 32.387836
C16 1025.028 15.907482
C16 1050.014 6.3444095
C16 1075.002 3.517924
C16 1099.99 2.3850088
C13 319.994 47.438892
C13 324.969 48.25426
C13 349.982 54.123066
C13 374.975 68.175095
C13 400.019 81.436714
C13 424.965 84.348816
C13 450.035 84.30969
C13 475.003 84.32522
C13 500.018 84.44069
C13 525.002 84.81118
C13 550.029 85.99783
C13 575.023 87.62885
C13 599.982 89.38269
C13 619.997 90.51832
C13 624.979 90.95227
C13 650.012 92.31775
C13 675.004 93.94224
C13 700.03 95.13656
C13 725.012 96.60251
C13 750.022 98.53193
C13 774.987 100.15067
C13 799.976 101.00312
C13 824.988 100.51112
C13 850.022 99.74676
C13 869.967 97.34867
C13 875.002 96.17453
C13 899.999 89.62152
C13 919.999 81.37025
C13 925.012 78.577324
C13 949.965 65.51443
C13 975.002 50.190037
C13 999.976 32.589283
C13 1025.028 15.987624
C13 1050.014 6.370624
C13 1075.002 3.534791
C13 1099.99 2.3999176
C12 319.994 47.243732
C12 324.969 48.014584
C12 349.982 53.719387
C12 374.975 67.81525
C12 400.019 81.27997
C12 424.965 84.31716
C12 450.035 84.30943
C12 475.003 84.315346
C12 500.018 84.402336
C12 525.002 84.74096
C12 550.029 85.9094
C12 575.023 87.52269
C12 599.982 89.25928
C12 619.997 90.38929
C12 624.979 90.82305
C12 650.012 92.18321
C12 675.004 93.812744
C12 700.03 95.019356
C12 725.012 96.51126
C12 750.022 98.467865
C12 774.987 100.11499
C12 799.976 100.994286
C12 824.988 100.52936
C12 850.022 99.8147
C12 869.967 97.48939
C12 875.002 96.3321
C12 899.999 89.884125
C12 919.999 81.594124
C12 925.012 78.77754
C12 949.965 65.687386
C12 975.002 50.435474
C12 999.976 32.85146
C12 1025.028 16.136244
C12 1050.014 6.433783
C12 1075.002 3.5580127
C12 1099.99 2.422765
C11 319.994 47.25142
C11 324.969 47.978806
C11 349.982 53.57054
C11 374.975 67.78183
C11 400.019 81.52426
C11 424.965 84.71103
C11 450.035 84.74647
C11 475.003 84.75019
C11 500.018 84.80827
C11 525.002 85.11439
C11 550.029 86.24691
C11 575.023 87.84041
C11 599.982 89.56353
C11 619.997 90.70248
C11 624.979 91.13707
C11 650.012 92.50511
C11 675.004 94.142235
C11 700.03 95.36445
C11 725.012 96.868576
C11 750.022 98.82258
C11 774.987 100.46695
C11 799.976 101.36959
C11 824.988 100.91752
C11 850.022 100.229324
C11 869.967 98.00928
C11 875.002 96.87161
C11 899.999 90.542725
C11 919.999 82.072495
C11 925.012 79.202774
C11 949.965 65.93616
C11 975.002 50.73956
C11 999.976 33.128487
C11 1025.028 16.249918
C11 1050.014 6.4874077
C11 1075.002 3.5858066
C11 1099.99 2.4531908
C06 319.994 47.5624
C06 324.969 48.291332
C06 349.982 53.871975
C06 374.975 68.08605
C06 400.019 81.79837
C06 424.965 85.01588
C06 450.035 85.13461
C06 475.003 85.234314
C06 500.018 85.333084
C06 525.002 85.630516
C06 550.029 86.71567
C06 575.023 88.233376
C06 599.982 89.87408
C06 619.997 90.96428
C06 624.979 91.38866
C06 650.012 92.72286
C06 675.004 94.34761
C06 700.03 95.4649
C06 725.012 96.75254
C06 750.022 98.42979
C06 774.987 99.843315
C06 799.976 100.61244
C06 824.988 100.20836
C06 850.022 99.45055
C06 869.967 97.05343
C06 875.002 95.9038
C06 899.999 89.80923
C06 919.999 81.84126
C06 925.012 79.05228
C06 949.965 65.748825
C06 975.002 50.368687
C06 999.976 32.7445
C06 1025.028 16.213276
C06 1050.014 6.5315275
C06 1075.002 3.6052608
C06 1099.99 2.4104004
