lsstCam/transmission_sensor/r34_s21/19700101T000000.ecsv
# %ECSV 1.0
# ---
# datatype:
# - {name: amp_name, datatype: string}
# - {name: wavelength, unit: nm, datatype: float32}
# - {name: efficiency, unit: '%', datatype: float64}
# meta: !!omap
# - {MODE: AMP}
# - {TYPE: transmission_sensor}
# - {CALIBDATE: '1970-01-01T00:00:00'}
# - {INSTRUME: LSSTCam}
# - {OBSTYPE: transmission_sensor}
# - {DETECTOR: 160}
# - {PARQUETFILE: qe_raft_allvalues_nircorrected_20230725_adjust.parquet}
# - {CORRFILE: qe_corr_factor_bydetnum.parquet}
# - {CALIBCLS: lsst.ip.isr.IntermediateSensorTransmissionCurve}
# - {CALIB_ID: 'raftName=R34 detectorName=S21 detector=160 calibDate=1970-01-01T00:00:00 ccd=160 ccdnum=160 filter=None'}
# - {DATE: '2025-03-03T21:56:48.285602'}
# - {CALIB_CREATION_DATE: '2025-03-03'}
# - {CALIB_CREATION_TIME: '21:56:48'}
# - __serialized_columns__:
#     efficiency:
#       __class__: astropy.units.quantity.Quantity
#       unit: !astropy.units.Unit {unit: '%'}
#       value: !astropy.table.SerializedColumn {name: efficiency}
#     wavelength:
#       __class__: astropy.units.quantity.Quantity
#       unit: !astropy.units.Unit {unit: nm}
#       value: !astropy.table.SerializedColumn {name: wavelength}
# schema: astropy-2.0
amp_name wavelength efficiency
C00 319.994 42.654078939197696
C00 324.969 48.105436182905606
C00 349.982 72.1527995239867
C00 374.975 78.0653904618648
C00 400.019 85.70792835090765
C00 424.965 86.91254490245493
C00 450.035 88.87792530438908
C00 475.003 91.9666430248584
C00 500.018 93.18332780211867
C00 525.002 95.64104754008295
C00 550.029 97.77989437422977
C00 575.023 97.79918368882609
C00 599.982 99.60991370939047
C00 619.997 99.21491404084443
C00 624.979 99.56143470780707
C00 650.012 99.95901442713804
C00 675.004 99.67244559113682
C00 700.03 99.12736024645592
C00 725.012 98.90321642619222
C00 750.022 98.95405411325653
C00 774.987 98.69190416027614
C00 799.976 97.86611997679408
C00 824.988 96.12287584081461
C00 850.022 94.00918831846418
C00 869.967 90.7236997425679
C00 875.002 90.00007183025426
C00 899.999 83.08716161659301
C00 919.999 74.46556315424058
C00 925.012 71.56709746265877
C00 949.965 57.92313244924316
C00 975.002 42.542743641198236
C00 999.976 26.036643562564553
C00 1025.028 11.209438061852838
C00 1050.014 3.946820045639303
C00 1075.002 0.9427304091809787
C00 1099.99 0.09353684513030826
C01 319.994 42.504626825829526
C01 324.969 47.93759929937312
C01 349.982 71.97022658116327
C01 374.975 77.94573106510504
C01 400.019 85.55381993286844
C01 424.965 86.73846780733459
C01 450.035 88.68378029946514
C01 475.003 91.75338427092409
C01 500.018 92.9613289353182
C01 525.002 95.41389620499893
C01 550.029 97.54136180920388
C01 575.023 97.56731498278025
C01 599.982 99.37459475791624
C01 619.997 98.98376286371513
C01 624.979 99.3313521907662
C01 650.012 99.73158829374557
C01 675.004 99.4469506791899
C01 700.03 98.90456751787546
C01 725.012 98.6755002279186
C01 750.022 98.71182703763918
C01 774.987 98.43884545133383
C01 799.976 97.6083362636036
C01 824.988 95.85952746187792
C01 850.022 93.74238969409909
C01 869.967 90.45941246941064
C01 875.002 89.71827379821929
C01 899.999 82.73264889882611
C01 919.999 74.18891759048917
C01 925.012 71.34718248303075
C01 949.965 57.85366572685147
C01 975.002 42.3403699535933
C01 999.976 25.916245645350816
C01 1025.028 11.123218184253277
C01 1050.014 3.915633777192358
C01 1075.002 0.9404227240560893
C01 1099.99 0.09330787873224348
C02 319.994 42.46360936164934
C02 324.969 47.891204184962184
C02 349.982 72.02205659545255
C02 374.975 78.11622051564275
C02 400.019 85.72364528749405
C02 424.965 86.88484370630532
C02 450.035 88.81554608836964
C02 475.003 91.87995179182697
C02 500.018 93.0851103067048
C02 525.002 95.53825770614782
C02 550.029 97.67711980686734
C02 575.023 97.70470650372175
C02 599.982 99.52335987551326
C02 619.997 99.13951243831873
C02 624.979 99.48691093321115
C02 650.012 99.89516962014017
C02 675.004 99.61789812690837
C02 700.03 99.07968273993886
C02 725.012 98.85074521584988
C02 750.022 98.88962917649636
C02 774.987 98.60880057182733
C02 799.976 97.7780089525023
C02 824.988 96.02004784044777
C02 850.022 93.88520848163259
C02 869.967 90.67512150826201
C02 875.002 89.92888380179154
C02 899.999 82.7752350033504
C02 919.999 74.20801607292684
C02 925.012 71.37396768481884
C02 949.965 58.05275328468444
C02 975.002 42.37050616808728
C02 999.976 25.965272335229532
C02 1025.028 11.132145312634913
C02 1050.014 3.9220912989008685
C02 1075.002 0.9421166362382685
C02 1099.99 0.09347594714279417
C03 319.994 42.20698590798345
C03 324.969 47.60110877066912
C03 349.982 71.6293087463786
C03 374.975 77.79618735230072
C03 400.019 85.44807601711742
C03 424.965 86.62983087605843
C03 450.035 88.56753298170203
C03 475.003 91.62745031278791
C03 500.018 92.82940284740043
C03 525.002 95.28160371933654
C03 550.029 97.41267223469681
C03 575.023 97.44596099645167
C03 599.982 99.25866803817966
C03 619.997 98.87524806502051
C03 624.979 99.22466174750828
C03 650.012 99.63720270807738
C03 675.004 99.35963351667809
C03 700.03 98.82463937654659
C03 725.012 98.59651098081028
C03 750.022 98.63369271860161
C03 774.987 98.3567189235373
C03 799.976 97.52719442974572
C03 824.988 95.77285149541918
C03 850.022 93.61994414782305
C03 869.967 90.45762628040568
C03 875.002 89.71227403515134
C03 899.999 82.51071873160276
C03 919.999 73.98905525409207
C03 925.012 71.17947918200932
C03 949.965 58.02334604903651
C03 975.002 42.35026269269771
C03 999.976 25.91830281602106
C03 1025.028 11.09571259106629
C03 1050.014 3.9107821080988856
C03 1075.002 0.9396783422197896
C03 1099.99 0.09323402185029536
C04 319.994 42.28563929049255
C04 324.969 47.69115101640644
C04 349.982 71.7891421291773
C04 374.975 78.00984303712502
C04 400.019 85.67930352711018
C04 424.965 86.85989049324027
C04 450.035 88.79342482453896
C04 475.003 91.86156320501948
C04 500.018 93.06347757320026
C04 525.002 95.52076221384281
C04 550.029 97.65628856842913
C04 575.023 97.69101238801704
C04 599.982 99.51360453556309
C04 619.997 99.13048226057143
C04 624.979 99.47790365532289
C04 650.012 99.89200180630658
C04 675.004 99.61951638361371
C04 700.03 99.08324748466244
C04 725.012 98.85843193520029
C04 750.022 98.90396448825413
C04 774.987 98.62731129121636
C04 799.976 97.7986722586409
C04 824.988 96.0392226557489
C04 850.022 93.87959801616829
C04 869.967 90.72556989772268
C04 875.002 89.99411023361803
C04 899.999 82.7119321596831
C04 919.999 74.1775058274019
C04 925.012 71.39024948459483
C04 949.965 58.24445563797767
C04 975.002 42.519069003596144
C04 999.976 25.99037630569991
C04 1025.028 11.13273116736197
C04 1050.014 3.928860354108375
C04 1075.002 0.9422532079022705
C04 1099.99 0.09348949765783066
C05 319.994 42.27088796462892
C05 324.969 47.670300694752356
C05 349.982 71.75611289915821
C05 374.975 77.9883629693474
C05 400.019 85.63322137743944
C05 424.965 86.7999310289925
C05 450.035 88.72801519384015
C05 475.003 91.78341361940922
C05 500.018 92.98348836558061
C05 525.002 95.43712429534978
C05 550.029 97.57026906459615
C05 575.023 97.60263419870316
C05 599.982 99.4209440726091
C05 619.997 99.03965378634048
C05 624.979 99.389327000564
C05 650.012 99.80122676508005
C05 675.004 99.5308175962733
C05 700.03 99.00069349283054
C05 725.012 98.78433562463975
C05 750.022 98.84224173486044
C05 774.987 98.58074824450581
C05 799.976 97.75871963790598
C05 824.988 95.99421679945293
C05 850.022 93.79004430075712
C05 869.967 90.69753283697385
C05 875.002 90.01632309688488
C05 899.999 82.61837096894028
C05 919.999 73.91018050627893
C05 925.012 71.11371078685225
C05 949.965 58.16000859113197
C05 975.002 42.61619875570571
C05 999.976 26.015136778284724
C05 1025.028 11.1255892738245
C05 1050.014 3.9259463470457927
C05 1075.002 0.9416651779913333
C05 1099.99 0.09343115387027942
C06 319.994 42.20388679372698
C06 324.969 47.59772340817467
C06 349.982 71.66760494397644
C06 374.975 77.92290753893052
C06 400.019 85.593566454872
C06 424.965 86.7717794689485
C06 450.035 88.70559623184198
C06 475.003 91.76609369269016
C06 500.018 92.96897748823689
C06 525.002 95.4210104278734
C06 550.029 97.55659021546413
C06 575.023 97.58854315210846
C06 599.982 99.40878424745993
C06 619.997 99.02753212762305
C06 624.979 99.37719770856022
C06 650.012 99.79146379184353
C06 675.004 99.51801657507107
C06 700.03 98.9932510386432
C06 725.012 98.79713664584197
C06 750.022 98.87543889717917
C06 774.987 98.63108213467127
C06 799.976 97.80611471282825
C06 824.988 96.03778759791585
C06 850.022 93.78202171680748
C06 869.967 90.68307539263454
C06 875.002 90.02849818860673
C06 899.999 82.60038694630913
C06 919.999 73.71640953238594
C06 925.012 70.90590983265533
C06 949.965 57.97582502488954
C06 975.002 42.5902646653452
C06 999.976 25.974668910721448
C06 1025.028 11.116710807643319
C06 1050.014 3.9251221906606237
C06 1075.002 0.941981445275538
C06 1099.99 0.09346253361966944
C07 319.994 42.19830686140806
C07 324.969 47.58672765919327
C07 349.982 71.50979438205941
C07 374.975 77.66125374956262
C07 400.019 85.38452127500068
C07 424.965 86.61026676315366
C07 450.035 88.57122749229349
C07 475.003 91.6426329193301
C07 500.018 92.85598958374352
C07 525.002 95.31193076598917
C07 550.029 97.44513660152631
C07 575.023 97.47193706988709
C07 599.982 99.2810641003188
C07 619.997 98.89630066876275
C07 624.979 99.23974512132796
C07 650.012 99.6489732356229
C07 675.004 99.36648057453044
C07 700.03 98.84115017491297
C07 725.012 98.65404306000002
C07 750.022 98.75440550887711
C07 774.987 98.52988002429612
C07 799.976 97.71045436834028
C07 824.988 95.92273107282273
C07 850.022 93.6482178404486
C07 869.967 90.53044019886009
C07 875.002 89.87534393136076
C07 899.999 82.3631596732484
C07 919.999 73.45319091931712
C07 925.012 70.63856924495967
C07 949.965 57.769676677186524
C07 975.002 42.47838740401518
C07 999.976 25.903477065615558
C07 1025.028 11.095672516312973
C07 1050.014 3.922664510997413
C07 1075.002 0.9408283656471662
C07 1099.99 0.09334812611825485
C10 319.994 42.43705315845163
C10 324.969 47.851862227134944
C10 349.982 71.64117850664661
C10 374.975 77.48162725526875
C10 400.019 85.17936143787946
C10 424.965 86.42537330128104
C10 450.035 88.40649353966064
C10 475.003 91.49215031230521
C10 500.018 92.70980451693144
C10 525.002 95.16216568788082
C10 550.029 97.28436432450704
C10 575.023 97.30205064897069
C10 599.982 99.0983766582002
C10 619.997 98.70022444239328
C10 624.979 99.04305823205078
C10 650.012 99.43737853811201
C10 675.004 99.15809949057123
C10 700.03 98.69058360173828
C10 725.012 98.69402621388032
C10 750.022 99.04682144221937
C10 774.987 99.105895445251
C10 799.976 98.41269381231247
C10 824.988 96.65828217840881
C10 850.022 94.59182943196737
C10 869.967 91.45162519509435
C10 875.002 90.76453782451897
C10 899.999 83.52900676344437
C10 919.999 74.45860159709304
C10 925.012 71.41720261868254
C10 949.965 58.213266029967954
C10 975.002 42.95223128722895
C10 999.976 26.315584837184534
C10 1025.028 11.32985792476482
C10 1050.014 3.979524383908307
C10 1075.002 0.9436133456645736
C10 1099.99 0.09362444927707347
C11 319.994 42.52920982450679
C11 324.969 47.95406429802142
C11 349.982 71.78595141548469
C11 374.975 77.6474909342808
C11 400.019 85.37593382786145
C11 424.965 86.63322005519605
C11 450.035 88.62468339657447
C11 475.003 91.7211031029669
C11 500.018 92.93836037670312
C11 525.002 95.39463742354799
C11 550.029 97.52508000942788
C11 575.023 97.53961378663064
C11 599.982 99.33844351378163
C11 619.997 98.94429114002
C11 624.979 99.2858272709987
C11 650.012 99.67948348114783
C11 675.004 99.4007463969376
C11 700.03 98.9323755800339
C11 725.012 98.93284121050101
C11 750.022 99.28261365744704
C11 774.987 99.331436156916
C11 799.976 98.63270802466297
C11 824.988 96.86769375602475
C11 850.022 94.82292717609226
C11 869.967 91.60548171468416
C11 875.002 90.8491070039462
C11 899.999 83.60318704015472
C11 919.999 74.57910828863722
C11 925.012 71.56171599578484
C11 949.965 58.40765911669815
C11 975.002 42.90796204306537
C11 999.976 26.325908856967487
C11 1025.028 11.307556324544212
C11 1050.014 3.982518301937324
C11 1075.002 0.9458598563396637
C11 1099.99 0.09384734600242897
C12 319.994 42.499302608603195
C12 324.969 47.91921071256562
C12 349.982 71.7590822475468
C12 374.975 77.63884242085079
C12 400.019 85.36218627915231
C12 424.965 86.61657185767544
C12 450.035 88.60577574629545
C12 475.003 91.69947036946235
C12 500.018 92.9206664189531
C12 525.002 95.37554657439667
C12 550.029 97.50540139722791
C12 575.023 97.52331672028195
C12 599.982 99.32445933319576
C12 619.997 98.92961233037666
C12 624.979 99.27375141199934
C12 650.012 99.66991134006996
C12 675.004 99.38918960140977
C12 700.03 98.92207064346682
C12 725.012 98.92490259270119
C12 750.022 99.2746903062199
C12 774.987 99.31749014276187
C12 799.976 98.61631172559179
C12 824.988 96.83498512403217
C12 850.022 94.78231809273159
C12 869.967 91.56811677802052
C12 875.002 90.82335229581483
C12 899.999 83.45865839647972
C12 919.999 74.70786656272139
C12 925.012 71.6575900722905
C12 949.965 58.30185795129953
C12 975.002 43.11631641052238
C12 999.976 26.230780934202155
C12 1025.028 11.24546526508433
C12 1050.014 3.985178502228902
C12 1075.002 0.9457844497753282
C12 1099.99 0.09383986423239019
C13 319.994 42.2610677417448
C13 324.969 47.653194500050994
C13 349.982 71.41786671459464
C13 374.975 77.37781456096327
C13 400.019 85.17362120654728
C13 424.965 86.45800560041016
C13 450.035 88.45375121542868
C13 475.003 91.5500716890986
C13 500.018 92.77429051998237
C13 525.002 95.23488037361274
C13 550.029 97.36523899334281
C13 575.023 97.38587176633602
C13 599.982 99.19161725091648
C13 619.997 98.80138075305035
C13 624.979 99.14622209701686
C13 650.012 99.54599256952913
C13 675.004 99.27062939788384
C13 700.03 98.8107162622515
C13 725.012 98.81706715649136
C13 750.022 99.17131270923613
C13 774.987 99.22249389418602
C13 799.976 98.521361276734
C13 824.988 96.73400437896105
C13 850.022 94.69664972007052
C13 869.967 91.4685939906415
C13 875.002 90.73365354796307
C13 899.999 83.2296979725317
C13 919.999 74.400886319031
C13 925.012 71.57956261926176
C13 949.965 58.27222553370439
C13 975.002 42.89617624894716
C13 999.976 26.2841853138003
C13 1025.028 11.238474128952197
C13 1050.014 3.9700517140931297
C13 1075.002 0.9447994662467218
C13 1099.99 0.09374213507156763
C14 319.994 42.125004412627504
C14 324.969 47.50263174351948
C14 349.982 71.25704100457094
C14 374.975 77.28035276089764
C14 400.019 85.09541055464625
C14 424.965 86.3826116311708
C14 450.035 88.37999076946737
C14 475.003 91.47083054354086
C14 500.018 92.69527837301501
C14 525.002 95.1541965369356
C14 550.029 97.28306666582822
C14 575.023 97.31199682107952
C14 599.982 99.1184598345765
C14 619.997 98.73054385575955
C14 624.979 99.07889651144522
C14 650.012 99.48236149454894
C14 675.004 99.21225002390969
C14 700.03 98.75249718729061
C14 725.012 98.77036671062659
C14 750.022 99.13370350740944
C14 774.987 99.19084628899553
C14 799.976 98.4921334233152
C14 824.988 96.70140261297732
C14 850.022 94.65568950553794
C14 869.967 91.42760324296351
C14 875.002 90.67851068739964
C14 899.999 83.16893701321762
C14 919.999 74.31904222282928
C14 925.012 71.46023145381488
C14 949.965 58.30422808670996
C14 975.002 42.796275613894
C14 999.976 26.20332591153721
C14 1025.028 11.232008735417141
C14 1050.014 3.967870979600159
C14 1075.002 0.9444410872700895
C14 1099.99 0.09370657703874218
C15 319.994 42.187917958691166
C15 324.969 47.57075882415746
C15 349.982 71.37302879059828
C15 374.975 77.41092012384583
C15 400.019 85.20020794289037
C15 424.965 86.47348590511983
C15 450.035 88.46138450177467
C15 475.003 91.55232350857067
C15 500.018 92.77269516313606
C15 525.002 95.2293157078665
C15 550.029 97.36141471688347
C15 575.023 97.38866554913866
C15 599.982 99.19877727350901
C15 619.997 98.81024299849804
C15 624.979 99.15792392498527
C15 650.012 99.56028208156883
C15 675.004 99.29235373082453
C15 700.03 98.83808159380187
C15 725.012 98.86458436399516
C15 750.022 99.23835586321297
C15 774.987 99.30955152496205
C15 799.976 98.61158672134361
C15 824.988 96.8126501281838
C15 850.022 94.7574564791027
C15 869.967 91.52479787800702
C15 875.002 90.78662855520426
C15 899.999 83.20982089488675
C15 919.999 74.31356152323286
C15 925.012 71.47358970492037
C15 949.965 58.27029049561568
C15 975.002 42.86599041809193
C15 999.976 26.24152478473414
C15 1025.028 11.248761890625005
C15 1050.014 3.9722469995381973
C15 1075.002 0.9454379305580614
C15 1099.99 0.09380548291399364
C16 319.994 42.09934130393228
C16 324.969 47.47385043735192
C16 349.982 71.30725276215487
C16 374.975 77.39019575141647
C16 400.019 85.14721003579015
C16 424.965 86.40117578356426
C16 450.035 88.37695272150167
C16 475.003 91.45786159003903
C16 500.018 92.67717985108867
C16 525.002 95.13355613065605
C16 550.029 97.26613603671281
C16 575.023 97.29721114542734
C16 599.982 99.11394092905967
C16 619.997 98.72753634093922
C16 624.979 99.07591952977027
C16 650.012 99.48636896988059
C16 675.004 99.22157026653815
C16 700.03 98.77838166128988
C16 725.012 98.81905944422766
C16 750.022 99.21847115228167
C16 774.987 99.30449065611465
C16 799.976 98.61641859160063
C16 824.988 96.81364245540878
C16 850.022 94.74818966947866
C16 869.967 91.54597261433081
C16 875.002 90.80370421676024
C16 899.999 83.14593028817079
C16 919.999 74.2551134496816
C16 925.012 71.42856858205171
C16 949.965 58.37098499244883
C16 975.002 42.92328204876178
C16 999.976 26.23431514578035
C16 1025.028 11.23182935318801
C16 1050.014 3.982772108708328
C16 1075.002 0.9452483059373195
C16 1099.99 0.09378666853332819
C17 319.994 42.053717151442285
C17 324.969 47.4214746430889
C17 349.982 71.13454965857682
C17 374.975 77.1859061089387
C17 400.019 85.06180119486486
C17 424.965 86.37835989067608
C17 450.035 88.39242539292499
C17 475.003 91.49638678622725
C17 500.018 92.7293991629816
C17 525.002 95.19216450322057
C17 550.029 97.33459898195001
C17 575.023 97.36305587344786
C17 599.982 99.17504538625933
C17 619.997 98.78690804213835
C17 624.979 99.13453553562115
C17 650.012 99.53743565553528
C17 675.004 99.27237742045706
C17 700.03 98.82523477288157
C17 725.012 98.88164475897845
C17 750.022 99.29769703126672
C17 774.987 99.40100592867337
C17 799.976 98.72106331411783
C17 824.988 96.90965393106866
C17 850.022 94.83354507739953
C17 869.967 91.66796779671245
C17 875.002 90.92389794356423
C17 899.999 83.18844769311796
C17 919.999 74.24157199970381
C17 925.012 71.42758388811308
C17 949.965 58.493651904028916
C17 975.002 42.9846460376972
C17 999.976 26.28888741818943
C17 1025.028 11.266906212269427
C17 1050.014 4.004847095740539
C17 1075.002 0.9460028863576294
C17 1099.99 0.09386153730941255
