lsstCam/transmission_sensor/r34_s21/19700101T000000.ecsv
# %ECSV 1.0
# ---
# datatype:
# - {name: amp_name, datatype: string}
# - {name: wavelength, unit: nm, datatype: float32}
# - {name: efficiency, unit: '%', datatype: float64}
# meta: !!omap
# - {MODE: AMP}
# - {TYPE: transmission_sensor}
# - {CALIBDATE: '1970-01-01T00:00:00'}
# - {INSTRUME: LSSTCAM}
# - {OBSTYPE: transmission_sensor}
# - {DETECTOR: 160}
# - {PARQUETFILE: qe_raft_allvalues_nircorrected_20230725.parquet}
# - {CALIBCLS: lsst.ip.isr.IntermediateSensorTransmissionCurve}
# - {CALIB_ID: 'raftName=R34 detectorName=S21 detector=160 calibDate=1970-01-01T00:00:00 ccd=160 ccdnum=160 filter=None'}
# - {DATE: '2023-08-02T16:57:56.062923'}
# - {CALIB_CREATION_DATE: '2023-08-02'}
# - {CALIB_CREATION_TIME: '16:57:56'}
# - __serialized_columns__:
#     efficiency:
#       __class__: astropy.units.quantity.Quantity
#       unit: !astropy.units.Unit {unit: '%'}
#       value: !astropy.table.SerializedColumn {name: efficiency}
#     wavelength:
#       __class__: astropy.units.quantity.Quantity
#       unit: !astropy.units.Unit {unit: nm}
#       value: !astropy.table.SerializedColumn {name: wavelength}
# schema: astropy-2.0
amp_name wavelength efficiency
C00 319.994 42.63233184814453
C00 324.969 48.080909729003906
C00 349.982 72.11601257324219
C00 374.975 78.02558898925781
C00 400.019 85.66423034667969
C00 424.965 86.86823272705078
C00 450.035 88.83261108398438
C00 475.003 91.91975402832031
C00 500.018 93.13581848144531
C00 525.002 95.59228515625
C00 550.029 97.73004150390625
C00 575.023 97.74932098388672
C00 599.982 99.55912780761719
C00 619.997 99.1643295288086
C00 624.979 99.51067352294922
C00 650.012 99.90805053710938
C00 675.004 99.62162780761719
C00 700.03 99.07682037353516
C00 725.012 98.85279083251953
C00 750.022 98.90360260009766
C00 774.987 98.64158630371094
C00 799.976 97.81622314453125
C00 824.988 96.07386779785156
C00 850.022 93.96125793457031
C00 869.967 90.67744445800781
C00 875.002 89.95418548583984
C00 899.999 83.0447998046875
C00 919.999 74.42759704589844
C00 925.012 71.53060913085938
C00 949.965 57.89360046386719
C00 975.002 42.521053314208984
C00 999.976 26.02336883544922
C00 1025.028 11.203722953796387
C00 1050.014 3.944807767868042
C00 1075.002 0.9422497600951957
C00 1099.99 0.09348915556958011
C01 319.994 42.48295593261719
C01 324.969 47.91315841674805
C01 349.982 71.93353271484375
C01 374.975 77.90599060058594
C01 400.019 85.51020050048828
C01 424.965 86.69424438476562
C01 450.035 88.63856506347656
C01 475.003 91.70660400390625
C01 500.018 92.91393280029297
C01 525.002 95.36524963378906
C01 550.029 97.49163055419922
C01 575.023 97.51757049560547
C01 599.982 99.32392883300781
C01 619.997 98.93329620361328
C01 624.979 99.28070831298828
C01 650.012 99.68074035644531
C01 675.004 99.39624786376953
C01 700.03 98.85414123535156
C01 725.012 98.62519073486328
C01 750.022 98.6614990234375
C01 774.987 98.38865661621094
C01 799.976 97.5585708618164
C01 824.988 95.81065368652344
C01 850.022 93.69459533691406
C01 869.967 90.41329193115234
C01 875.002 89.67253112792969
C01 899.999 82.69046783447266
C01 919.999 74.15109252929688
C01 925.012 71.31080627441406
C01 949.965 57.82416915893555
C01 975.002 42.318782806396484
C01 999.976 25.903032302856445
C01 1025.028 11.117547035217285
C01 1050.014 3.913637399673462
C01 1075.002 0.9399432515386388
C01 1099.99 0.0932603059095444
C02 319.994 42.441959381103516
C02 324.969 47.86678695678711
C02 349.982 71.98533630371094
C02 374.975 78.0763931274414
C02 400.019 85.67993927001953
C02 424.965 86.84054565429688
C02 450.035 88.770263671875
C02 475.003 91.8331069946289
C02 500.018 93.03765106201172
C02 525.002 95.48954772949219
C02 550.029 97.6273193359375
C02 575.023 97.65489196777344
C02 599.982 99.47261810302734
C02 619.997 99.0889663696289
C02 624.979 99.43618774414062
C02 650.012 99.84423828125
C02 675.004 99.56710815429688
C02 700.03 99.02916717529297
C02 725.012 98.80034637451172
C02 750.022 98.8392105102539
C02 774.987 98.55852508544922
C02 799.976 97.72815704345703
C02 824.988 95.9710922241211
C02 850.022 93.83734130859375
C02 869.967 90.62889099121094
C02 875.002 89.8830337524414
C02 899.999 82.7330322265625
C02 919.999 74.17018127441406
C02 925.012 71.33757781982422
C02 949.965 58.023155212402344
C02 975.002 42.34890365600586
C02 999.976 25.95203399658203
C02 1025.028 11.126469612121582
C02 1050.014 3.9200916290283203
C02 1075.002 0.9416363000833095
C02 1099.99 0.09342828863077489
C03 319.994 42.18546676635742
C03 324.969 47.576839447021484
C03 349.982 71.59278869628906
C03 374.975 77.75652313232422
C03 400.019 85.40451049804688
C03 424.965 86.58566284179688
C03 450.035 88.52237701416016
C03 475.003 91.58073425292969
C03 500.018 92.78207397460938
C03 525.002 95.23302459716797
C03 550.029 97.36300659179688
C03 575.023 97.39627838134766
C03 599.982 99.20806121826172
C03 619.997 98.82483673095703
C03 624.979 99.174072265625
C03 650.012 99.5864028930664
C03 675.004 99.30897521972656
C03 700.03 98.77425384521484
C03 725.012 98.5462417602539
C03 750.022 98.58340454101562
C03 774.987 98.30657196044922
C03 799.976 97.47747039794922
C03 824.988 95.7240219116211
C03 850.022 93.57221221923828
C03 869.967 90.41150665283203
C03 875.002 89.66653442382812
C03 899.999 82.4686508178711
C03 919.999 73.95133209228516
C03 925.012 71.1431884765625
C03 949.965 57.9937629699707
C03 975.002 42.328670501708984
C03 999.976 25.905088424682617
C03 1025.028 11.090055465698242
C03 1050.014 3.9087882041931152
C03 1075.002 0.9391992492238286
C03 1099.99 0.0931864866833698
C04 319.994 42.26408004760742
C04 324.969 47.66683578491211
C04 349.982 71.7525405883789
C04 374.975 77.9700698852539
C04 400.019 85.6356201171875
C04 424.965 86.81560516357422
C04 450.035 88.74815368652344
C04 475.003 91.81472778320312
C04 500.018 93.01602935791016
C04 525.002 95.47206115722656
C04 550.029 97.60649871826172
C04 575.023 97.64120483398438
C04 599.982 99.4628677368164
C04 619.997 99.07994079589844
C04 624.979 99.42718505859375
C04 650.012 99.84107208251953
C04 675.004 99.5687255859375
C04 700.03 99.03273010253906
C04 725.012 98.80802917480469
C04 750.022 98.8535385131836
C04 774.987 98.5770263671875
C04 799.976 97.74880981445312
C04 824.988 95.9902572631836
C04 850.022 93.83173370361328
C04 869.967 90.67931365966797
C04 875.002 89.94822692871094
C04 899.999 82.66976165771484
C04 919.999 74.13968658447266
C04 925.012 71.35385131835938
C04 949.965 58.214759826660156
C04 975.002 42.49739074707031
C04 999.976 25.97712516784668
C04 1025.028 11.127055168151855
C04 1050.014 3.9268572330474854
C04 1075.002 0.9417728021165404
C04 1099.99 0.09344183223711022
C05 319.994 42.24933624267578
C05 324.969 47.64599609375
C05 349.982 71.71952819824219
C05 374.975 77.94860076904297
C05 400.019 85.58956146240234
C05 424.965 86.75567626953125
C05 450.035 88.68277740478516
C05 475.003 91.73661804199219
C05 500.018 92.93608093261719
C05 525.002 95.38846588134766
C05 550.029 97.52052307128906
C05 575.023 97.55287170410156
C05 599.982 99.37025451660156
C05 619.997 98.9891586303711
C05 624.979 99.33865356445312
C05 650.012 99.7503433227539
C05 675.004 99.48007202148438
C05 700.03 98.9502182006836
C05 725.012 98.73397064208984
C05 750.022 98.7918472290039
C05 774.987 98.53048706054688
C05 799.976 97.70887756347656
C05 824.988 95.94527435302734
C05 850.022 93.74222564697266
C05 869.967 90.65129089355469
C05 875.002 89.97042846679688
C05 899.999 82.57624816894531
C05 919.999 73.87249755859375
C05 925.012 71.07745361328125
C05 949.965 58.13035583496094
C05 975.002 42.5944709777832
C05 999.976 26.001873016357422
C05 1025.028 11.119916915893555
C05 1050.014 3.9239447116851807
C05 1075.002 0.9411850720113973
C05 1099.99 0.09338351819601448
C06 319.994 42.182369232177734
C06 324.969 47.573455810546875
C06 349.982 71.63106536865234
C06 374.975 77.8831787109375
C06 400.019 85.5499267578125
C06 424.965 86.7275390625
C06 450.035 88.66036987304688
C06 475.003 91.71930694580078
C06 500.018 92.92157745361328
C06 525.002 95.37236022949219
C06 550.029 97.50685119628906
C06 575.023 97.53878784179688
C06 599.982 99.35810089111328
C06 619.997 98.97704315185547
C06 624.979 99.32653045654297
C06 650.012 99.74058532714844
C06 675.004 99.46727752685547
C06 700.03 98.94277954101562
C06 725.012 98.74676513671875
C06 750.022 98.82502746582031
C06 774.987 98.58079528808594
C06 799.976 97.7562484741211
C06 824.988 95.98882293701172
C06 850.022 93.73420715332031
C06 869.967 90.6368408203125
C06 875.002 89.98259735107422
C06 899.999 82.55827331542969
C06 919.999 73.67882537841797
C06 925.012 70.86975860595703
C06 949.965 57.946266174316406
C06 975.002 42.56855010986328
C06 999.976 25.96142578125
C06 1025.028 11.111042976379395
C06 1050.014 3.9231209754943848
C06 1075.002 0.9415011780474026
C06 1099.99 0.09341488194650628
C07 319.994 42.17679214477539
C07 324.969 47.56246566772461
C07 349.982 71.47333526611328
C07 374.975 77.62165832519531
C07 400.019 85.34098815917969
C07 424.965 86.56610870361328
C07 450.035 88.52606964111328
C07 475.003 91.59590911865234
C07 500.018 92.80864715576172
C07 525.002 95.26333618164062
C07 550.029 97.39545440673828
C07 575.023 97.4222412109375
C07 599.982 99.2304458618164
C07 619.997 98.84587860107422
C07 624.979 99.18914794921875
C07 650.012 99.5981674194336
C07 675.004 99.3158187866211
C07 700.03 98.79075622558594
C07 725.012 98.60374450683594
C07 750.022 98.70405578613281
C07 774.987 98.47964477539062
C07 799.976 97.66063690185547
C07 824.988 95.87382507324219
C07 850.022 93.60047149658203
C07 869.967 90.48428344726562
C07 875.002 89.82952117919922
C07 899.999 82.3211669921875
C07 919.999 73.41574096679688
C07 925.012 70.60255432128906
C07 949.965 57.7402229309082
C07 975.002 42.456729888916016
C07 999.976 25.890270233154297
C07 1025.028 11.090015411376953
C07 1050.014 3.9206645488739014
C07 1075.002 0.9403486863142168
C07 1099.99 0.09330053277551197
C10 319.994 42.4154167175293
C10 324.969 47.82746505737305
C10 349.982 71.60465240478516
C10 374.975 77.44212341308594
C10 400.019 85.13593292236328
C10 424.965 86.38130950927734
C10 450.035 88.36141967773438
C10 475.003 91.44550323486328
C10 500.018 92.66253662109375
C10 525.002 95.1136474609375
C10 550.029 97.2347640991211
C10 575.023 97.25244140625
C10 599.982 99.0478515625
C10 619.997 98.64990234375
C10 624.979 98.99256134033203
C10 650.012 99.38668060302734
C10 675.004 99.1075439453125
C10 700.03 98.64026641845703
C10 725.012 98.64370727539062
C10 750.022 98.99632263183594
C10 774.987 99.05536651611328
C10 799.976 98.36251831054688
C10 824.988 96.60900115966797
C10 850.022 94.5436019897461
C10 869.967 91.40499877929688
C10 875.002 90.71826171875
C10 899.999 83.48641967773438
C10 919.999 74.42063903808594
C10 925.012 71.38079071044922
C10 949.965 58.18358612060547
C10 975.002 42.93033218383789
C10 999.976 26.302167892456055
C10 1025.028 11.324081420898438
C10 1050.014 3.9774954319000244
C10 1075.002 0.94313224641551
C10 1099.99 0.09357671505155818
C11 319.994 42.50752639770508
C11 324.969 47.92961502075195
C11 349.982 71.74935150146484
C11 374.975 77.60790252685547
C11 400.019 85.33240509033203
C11 424.965 86.58905029296875
C11 450.035 88.57949829101562
C11 475.003 91.6743392944336
C11 500.018 92.89097595214844
C11 525.002 95.34600067138672
C11 550.029 97.47535705566406
C11 575.023 97.48988342285156
C11 599.982 99.28779602050781
C11 619.997 98.89384460449219
C11 624.979 99.2352066040039
C11 650.012 99.628662109375
C11 675.004 99.35006713867188
C11 700.03 98.8819351196289
C11 725.012 98.88240051269531
C11 750.022 99.23199462890625
C11 774.987 99.28079223632812
C11 799.976 98.5824203491211
C11 824.988 96.81830596923828
C11 850.022 94.77458190917969
C11 869.967 91.55877685546875
C11 875.002 90.80278778076172
C11 899.999 83.56056213378906
C11 919.999 74.54108428955078
C11 925.012 71.52523040771484
C11 949.965 58.37788009643555
C11 975.002 42.886085510253906
C11 999.976 26.31248664855957
C11 1025.028 11.301791191101074
C11 1050.014 3.980487823486328
C11 1075.002 0.9453776117119302
C11 1099.99 0.0937994981334943
C12 319.994 42.47763442993164
C12 324.969 47.894779205322266
C12 349.982 71.72249603271484
C12 374.975 77.59925842285156
C12 400.019 85.31866455078125
C12 424.965 86.5724105834961
C12 450.035 88.56060028076172
C12 475.003 91.65271759033203
C12 500.018 92.873291015625
C12 525.002 95.32691955566406
C12 550.029 97.4556884765625
C12 575.023 97.47359466552734
C12 599.982 99.27381896972656
C12 619.997 98.8791732788086
C12 624.979 99.22313690185547
C12 650.012 99.61909484863281
C12 675.004 99.33851623535156
C12 700.03 98.87163543701172
C12 725.012 98.87446594238281
C12 750.022 99.22407531738281
C12 774.987 99.26685333251953
C12 799.976 98.56603240966797
C12 824.988 96.78561401367188
C12 850.022 94.73399353027344
C12 869.967 91.52143096923828
C12 875.002 90.77704620361328
C12 899.999 83.41610717773438
C12 919.999 74.6697769165039
C12 925.012 71.62105560302734
C12 949.965 58.272132873535156
C12 975.002 43.09433364868164
C12 999.976 26.2174072265625
C12 1025.028 11.239731788635254
C12 1050.014 3.9831466674804688
C12 1075.002 0.9453022435934705
C12 1099.99 0.09379202017801998
C13 319.994 42.23952102661133
C13 324.969 47.62889862060547
C13 349.982 71.38145446777344
C13 374.975 77.33836364746094
C13 400.019 85.13019561767578
C13 424.965 86.41392517089844
C13 450.035 88.40865325927734
C13 475.003 91.5033950805664
C13 500.018 92.72698974609375
C13 525.002 95.18632507324219
C13 550.029 97.31559753417969
C13 575.023 97.33621978759766
C13 599.982 99.14104461669922
C13 619.997 98.75100708007812
C13 624.979 99.09567260742188
C13 650.012 99.4952392578125
C13 675.004 99.22001647949219
C13 700.03 98.76033782958984
C13 725.012 98.76668548583984
C13 750.022 99.1207504272461
C13 774.987 99.17190551757812
C13 799.976 98.47113037109375
C13 824.988 96.68468475341797
C13 850.022 94.64836883544922
C13 869.967 91.42195892333984
C13 875.002 90.68739318847656
C13 899.999 83.18726348876953
C13 919.999 74.36295318603516
C13 925.012 71.5430679321289
C13 949.965 58.242515563964844
C13 975.002 42.874305725097656
C13 999.976 26.270784378051758
C13 1025.028 11.232744216918945
C13 1050.014 3.9680275917053223
C13 1075.002 0.9443177622566126
C13 1099.99 0.09369434084420135
C14 319.994 42.1035270690918
C14 324.969 47.47841262817383
C14 349.982 71.22071075439453
C14 374.975 77.24095153808594
C14 400.019 85.0520248413086
C14 424.965 86.33856964111328
C14 450.035 88.33493041992188
C14 475.003 91.4241943359375
C14 500.018 92.64801788330078
C14 525.002 95.10568237304688
C14 550.029 97.23346710205078
C14 575.023 97.26238250732422
C14 599.982 99.06792449951172
C14 619.997 98.68020629882812
C14 624.979 99.02838134765625
C14 650.012 99.431640625
C14 675.004 99.16166687011719
C14 700.03 98.7021484375
C14 725.012 98.72000885009766
C14 750.022 99.08316040039062
C14 774.987 99.14027404785156
C14 799.976 98.4419174194336
C14 824.988 96.652099609375
C14 850.022 94.60742950439453
C14 869.967 91.38098907470703
C14 875.002 90.63227844238281
C14 899.999 83.12653350830078
C14 919.999 74.2811508178711
C14 925.012 71.42379760742188
C14 949.965 58.27450180053711
C14 975.002 42.77445602416992
C14 999.976 26.189966201782227
C14 1025.028 11.226282119750977
C14 1050.014 3.965847969055176
C14 1075.002 0.9439595659987361
C14 1099.99 0.09365880094056299
C15 319.994 42.16640853881836
C15 324.969 47.546504974365234
C15 349.982 71.33663940429688
C15 374.975 77.37145233154297
C15 400.019 85.15676879882812
C15 424.965 86.42939758300781
C15 450.035 88.4162826538086
C15 475.003 91.50564575195312
C15 500.018 92.72539520263672
C15 525.002 95.1807632446289
C15 550.029 97.31177520751953
C15 575.023 97.3390121459961
C15 599.982 99.14820098876953
C15 619.997 98.7598648071289
C15 624.979 99.10736846923828
C15 650.012 99.509521484375
C15 675.004 99.24172973632812
C15 700.03 98.78768920898438
C15 725.012 98.81417846679688
C15 750.022 99.18775939941406
C15 774.987 99.25891876220703
C15 799.976 98.56130981445312
C15 824.988 96.76329040527344
C15 850.022 94.70914459228516
C15 869.967 91.47813415527344
C15 875.002 90.74034118652344
C15 899.999 83.16739654541016
C15 919.999 74.27567291259766
C15 925.012 71.43714904785156
C15 949.965 58.24058151245117
C15 975.002 42.84413528442383
C15 999.976 26.228145599365234
C15 1025.028 11.243026733398438
C15 1050.014 3.970221757888794
C15 1075.002 0.9449559010482865
C15 1099.99 0.09375765638886518
C16 319.994 42.077877044677734
C16 324.969 47.44964599609375
C16 349.982 71.2708969116211
C16 374.975 77.35073852539062
C16 400.019 85.10379791259766
C16 424.965 86.35712432861328
C16 450.035 88.33189392089844
C16 475.003 91.4112319946289
C16 500.018 92.62992858886719
C16 525.002 95.08505249023438
C16 550.029 97.21654510498047
C16 575.023 97.24760437011719
C16 599.982 99.06340789794922
C16 619.997 98.67720031738281
C16 624.979 99.02540588378906
C16 650.012 99.4356460571289
C16 675.004 99.17098236083984
C16 700.03 98.72801971435547
C16 725.012 98.7686767578125
C16 750.022 99.16788482666016
C16 774.987 99.25386047363281
C16 799.976 98.5661392211914
C16 824.988 96.7642822265625
C16 850.022 94.69988250732422
C16 869.967 91.49929809570312
C16 875.002 90.75740814208984
C16 899.999 83.1035385131836
C16 919.999 74.21725463867188
C16 925.012 71.39215087890625
C16 949.965 58.341224670410156
C16 975.002 42.901397705078125
C16 999.976 26.22093963623047
C16 1025.028 11.226102828979492
C16 1050.014 3.980741500854492
C16 1075.002 0.9447663731072525
C16 1099.99 0.09373885160067154
C17 319.994 42.03227615356445
C17 324.969 47.39729690551758
C17 349.982 71.09828186035156
C17 374.975 77.14655303955078
C17 400.019 85.0184326171875
C17 424.965 86.33432006835938
C17 450.035 88.34735870361328
C17 475.003 91.44973754882812
C17 500.018 92.68212127685547
C17 525.002 95.14363098144531
C17 550.029 97.28497314453125
C17 575.023 97.31341552734375
C17 599.982 99.12448120117188
C17 619.997 98.73654174804688
C17 624.979 99.08399200439453
C17 650.012 99.48668670654297
C17 675.004 99.22176361083984
C17 700.03 98.77484893798828
C17 725.012 98.83123016357422
C17 750.022 99.2470703125
C17 774.987 99.35032653808594
C17 799.976 98.67073059082031
C17 824.988 96.86024475097656
C17 850.022 94.78519439697266
C17 869.967 91.62123107910156
C17 875.002 90.8775405883789
C17 899.999 83.14603424072266
C17 919.999 74.20372009277344
C17 925.012 71.39116668701172
C17 949.965 58.463829040527344
C17 975.002 42.962730407714844
C17 999.976 26.275484085083008
C17 1025.028 11.261161804199219
C17 1050.014 4.002805233001709
C17 1075.002 0.9455205688063467
C17 1099.99 0.0938136822050703
