lsstCam/transmission_filter_detector/r41_s01/i_39/19700101T000000.ecsv
# %ECSV 1.0
# ---
# datatype:
# - {name: wavelength, unit: nm, datatype: float32}
# - {name: efficiency, unit: '%', datatype: float64}
# meta: !!omap
# - {MODE: DETECTOR}
# - {TYPE: transmission_filter_detector}
# - {CALIBDATE: '1970-01-01T00:00:00'}
# - {INSTRUME: LSSTCam}
# - {OBSTYPE: transmission_filter_detector}
# - {CALIBCLS: lsst.ip.isr.IntermediateFilterDetectorTransmissionCurve}
# - {SOURCE: Materion (DM-46256)}
# - {DETECTOR: 163}
# - {FILTER: i_39}
# - {CALIB_ID: 'calibDate=1970-01-01T00:00:00 filter=i_39 detector=163'}
# - {DATE: '2025-04-02T15:59:47.234189'}
# - {CALIB_CREATION_DATE: '2025-04-02'}
# - {CALIB_CREATION_TIME: '15:59:47'}
# - __serialized_columns__:
#     efficiency:
#       __class__: astropy.units.quantity.Quantity
#       unit: !astropy.units.Unit {unit: '%'}
#       value: !astropy.table.SerializedColumn {name: efficiency}
#     wavelength:
#       __class__: astropy.units.quantity.Quantity
#       unit: !astropy.units.Unit {unit: nm}
#       value: !astropy.table.SerializedColumn {name: wavelength}
# schema: astropy-2.0
wavelength efficiency
[from data line 598]
898.0 0.00013885426142223878
899.0 5.994420462229755e-05
900.0 1.6331063020999514e-10
901.0 6.0033539739379194e-05
902.0 0.00013903295439376961
903.0 1.6331063020999514e-10
904.0 1.6331063020999514e-10
905.0 1.6331063020999514e-10
906.0 2.8806516638724133e-05
907.0 1.6331063020999514e-10
908.0 1.6331063020999514e-10
909.0 1.6331063020999514e-10
910.0 1.6331063020999514e-10
911.0 1.6331063020999514e-10
912.0 1.6331063020999514e-10
913.0 1.6331063020999514e-10
914.0 5.811041319248034e-05
915.0 2.4190827119241476e-06
916.0 1.6331063020999514e-10
917.0 1.6331063020999514e-10
918.0 1.6331063020999514e-10
919.0 5.0349439106867067e-05
920.0 0.00015119040881472756
921.0 1.6331063020999514e-10
922.0 1.6331063020999514e-10
923.0 1.6331063020999514e-10
924.0 0.00016732900576243992
925.0 7.233215342239419e-05
926.0 1.6331063020999514e-10
927.0 1.6331063020999514e-10
928.0 1.6331063020999514e-10
929.0 1.6331063020999514e-10
930.0 7.418835679118274e-06
931.0 1.6331063020999514e-10
932.0 1.6331063020999514e-10
933.0 1.6331063020999514e-10
934.0 1.6331063020999514e-10
935.0 1.6331063020999514e-10
936.0 1.6331063020999514e-10
937.0 1.6331063020999514e-10
938.0 2.066980471226998e-05
939.0 7.890351412243035e-05
940.0 0.00013713726048081298
941.0 0.00020152831439190777
942.0 0.00026591933419695124
943.0 0.00010678681974241044
944.0 1.6331063020999514e-10
945.0 1.6331063020999514e-10
946.0 1.672273839403715e-05
947.0 4.207364838748617e-05
948.0 6.742457117070444e-05
949.0 6.126077778390027e-05
950.0 5.5096938922361005e-05
951.0 8.309555141750025e-05
952.0 0.00011109415254395572
953.0 1.6331063020999514e-10
954.0 1.6331063020999514e-10
955.0 1.6331063020999514e-10
956.0 0.00023388454337691655
957.0 0.00016375328186768456
958.0 9.362207151752955e-05
959.0 0.00021515711523534264
960.0 0.0003366921646374976
961.0 0.00032595703487459105
962.0 0.0003152218596369494
963.0 0.00027499038424139144
964.0 0.00023475888610846596
965.0 6.3315741272163e-05
966.0 1.6331063020999514e-10
967.0 1.8199952478425985e-05
968.0 0.00014452730283665005
969.0 5.908079856453696e-05
970.0 1.6331063020999514e-10
971.0 1.6331063020999514e-10
972.0 1.6331063020999514e-10
973.0 1.6331063020999514e-10
974.0 1.6331063020999514e-10
975.0 0.00010731465636126813
976.0 0.0002162872078770306
977.0 0.00011455169897089945
978.0 1.281618438042642e-05
979.0 6.36297045275569e-05
980.0 0.00011444320762166171
981.0 6.466469244514883e-05
982.0 1.4886171584294061e-05
983.0 5.2222378599253716e-05
984.0 8.955859698289714e-05
985.0 3.034371900412225e-05
986.0 1.6331063020999514e-10
987.0 1.6331063020999514e-10
988.0 1.6331063020999514e-10
989.0 2.4192871705963626e-05
990.0 8.623935059404175e-05
991.0 3.6289389981902787e-05
992.0 1.6331063020999514e-10
993.0 4.527725820935302e-05
994.0 0.00010421504157420713
995.0 0.00016139607623699703
996.0 0.00021857708816241939
997.0 0.00012163135352238896
998.0 2.4685596144990996e-05
999.0 1.6417548920344416e-05
1000.0 8.149459773676426e-06
1001.0 4.803250135410053e-05
1002.0 8.791552659204172e-05
1003.0 0.00015782453601786983
1004.0 0.0002277336079714587
1005.0 0.00023325646907323971
1006.0 0.0002387794211244909
1007.0 0.0002784952584988787
1008.0 0.0003182112095601042
1009.0 0.00019056491282753996
1010.0 6.291859335760819e-05
1011.0 0.0001398214180881041
1012.0 0.00021672424281860003
1013.0 0.00016146578900588793
1014.0 0.00010620736929922714
1015.0 6.88080604049901e-05
1016.0 3.140873729989835e-05
1017.0 0.00023038023755361792
1018.0 0.0004293517577025341
1019.0 0.0002752269438133226
1020.0 0.00012110216403016238
1021.0 9.65196363722498e-05
1022.0 7.193706892394403e-05
1023.0 0.0001449497972316749
1024.0 0.0002179624289055937
1025.0 0.0002062412249870249
1026.0 0.00019452002106845612
1027.0 0.00030879896257829387
1028.0 0.000423077835876029
1029.0 0.0006971786206122488
1030.0 0.0009712792234495282
1031.0 0.001262017758563161
1032.0 0.0015527562936767936
1033.0 0.0018449256458552554
1034.0 0.0021370946342358366
1035.0 0.0024329807274625637
1036.0 0.00272886645689141
1037.0 0.003088028825004585
1038.0 0.003447191556915641
1039.0 0.0034134875022573397
1040.0 0.0033797830838011578
1041.0 0.0032091167668113485
1042.0 0.00303845081361942
1043.0 0.003069821832468733
1044.0 0.003101193578913808
1045.0 0.0032482075766893104
1046.0 0.003395221574464813
1047.0 0.0031430867238668725
1048.0 0.0028909520551678725
1049.0 0.0027339781809132546
1050.0 0.002577003942860756
1051.0 0.0023430227884091437
1052.0 0.0021090416339575313
1053.0 0.002147501982108224
1054.0 0.0021859621483599767
1055.0 0.0015395866284961812
1056.0 0.0008932110176829156
1057.0 0.0009368652172270231
1058.0 0.0009805194167711306
1059.0 0.00047044727580214385
1060.0 1.6331063020999514e-10
1061.0 0.0005383550615079002
1062.0 0.0011163350791321136
1063.0 0.0015333724149968475
1064.0 0.001950409568962641
1065.0 0.0024156237486749887
1066.0 0.0028808379283873364
1067.0 0.0034706015867413953
1068.0 0.004060365608893335
1069.0 0.003870402360917069
1070.0 0.003680439112940803
1071.0 0.003898775321431458
1072.0 0.004117110802326351
1073.0 0.0034370710636721924
1074.0 0.0027570307793212123
1075.0 0.0030373374102055095
1076.0 0.0033176438591908664
1077.0 0.0036735636967932805
1078.0 0.004029483170597814
1079.0 0.0035884339013136923
1080.0 0.0031473839044338092
1081.0 0.0022763457309338264
1082.0 0.0014053078302822541
1083.0 0.0014818081581324805
1084.0 0.001558308576932177
1085.0 0.0011382002412574366
1086.0 0.0007180921784311067
1087.0 0.0007766259841446299
1088.0 0.0008351599717570934
1089.0 1.6331063020999514e-10
1090.0 1.6331063020999514e-10
1091.0 0.0006735834631399484
1092.0 0.002282114655827172
1093.0 0.001062743194779614
1094.0 1.6331063020999514e-10
1095.0 1.6331063020999514e-10
1096.0 1.6331063020999514e-10
1097.0 1.6331063020999514e-10
1098.0 1.6331063020999514e-10
1099.0 1.6331063020999514e-10
1100.0 0.0006338191724353237
