lsstCam/transmission_filter_detector/r41_s01/i_39/19700101T000000.ecsv
# %ECSV 1.0
# ---
# datatype:
# - {name: wavelength, unit: nm, datatype: float32}
# - {name: efficiency, unit: '%', datatype: float64}
# meta: !!omap
# - {MODE: DETECTOR}
# - {TYPE: transmission_filter_detector}
# - {CALIBDATE: '1970-01-01T00:00:00'}
# - {INSTRUME: LSSTCam}
# - {OBSTYPE: transmission_filter_detector}
# - {CALIBCLS: lsst.ip.isr.IntermediateFilterDetectorTransmissionCurve}
# - {SOURCE: Materion (DM-46256)}
# - {DETECTOR: 163}
# - {FILTER: i_39}
# - {CALIB_ID: 'calibDate=1970-01-01T00:00:00 filter=i_39 detector=163'}
# - {DATE: '2025-04-02T15:59:47.234189'}
# - {CALIB_CREATION_DATE: '2025-04-02'}
# - {CALIB_CREATION_TIME: '15:59:47'}
# - __serialized_columns__:
#     efficiency:
#       __class__: astropy.units.quantity.Quantity
#       unit: !astropy.units.Unit {unit: '%'}
#       value: !astropy.table.SerializedColumn {name: efficiency}
#     wavelength:
#       __class__: astropy.units.quantity.Quantity
#       unit: !astropy.units.Unit {unit: nm}
#       value: !astropy.table.SerializedColumn {name: wavelength}
# schema: astropy-2.0
wavelength efficiency
300.0 0.06308447336778045
301.0 0.03210635331925005
302.0 0.0011282477316854056
303.0 0.002079666592180729
304.0 0.003031086453120224
305.0 0.00642012819298543
306.0 0.009809168113861233
307.0 0.010365256457589567
308.0 0.010921342618530616
309.0 0.0022076364984968677
310.0 1.6331063020999514e-10
311.0 1.6331063020999514e-10
312.0 1.6331063020999514e-10
313.0 1.6331063020999514e-10
314.0 1.6331063020999514e-10
315.0 0.0010795550224429462
316.0 0.0036503097362583503
317.0 0.0017817801563069224
318.0 1.6331063020999514e-10
319.0 0.0023518467060057446
320.0 0.004790439925272949
321.0 0.003991862831753679
322.0 0.0031932850106386468
323.0 0.0036819135857513174
324.0 0.004170542160863988
325.0 0.004260251807863824
326.0 0.004349962546257302
327.0 0.002474416578479577
328.0 0.0005988719294691691
329.0 1.6331063020999514e-10
330.0 1.6331063020999514e-10
331.0 0.00026284915293217637
332.0 0.0028972968721063808
333.0 0.002208951445936691
334.0 0.0015206065654638223
335.0 0.0018791055481415242
336.0 0.0022376043489202857
337.0 0.0032002055377233773
338.0 0.004162805635132827
339.0 0.0017074622519430704
340.0 1.6331063020999514e-10
341.0 1.6331063020999514e-10
342.0 1.6331063020999514e-10
343.0 0.00042720785131677985
344.0 0.001603885175427422
345.0 0.0013698451766686048
346.0 0.0011358049050613772
347.0 0.00041237017285311595
348.0 1.6331063020999514e-10
349.0 0.00021670803107554093
350.0 0.0007444808943546377
351.0 0.0004473416538530728
352.0 0.00015020224282125128
353.0 6.99055021868844e-05
354.0 1.6331063020999514e-10
355.0 0.0009515534657111857
356.0 0.0019134980902890675
357.0 0.0008994509698823094
358.0 1.6331063020999514e-10
359.0 1.6331063020999514e-10
360.0 1.6331063020999514e-10
361.0 0.000573634270040202
362.0 0.0013407929145614617
363.0 0.0006483408924395917
364.0 1.6331063020999514e-10
365.0 0.0004742473720398266
366.0 0.0009926060556608718
367.0 0.000509473102283664
368.0 2.6340100589550275e-05
369.0 1.6331063020999514e-10
370.0 1.6331063020999514e-10
371.0 1.6331063020999514e-10
372.0 1.6331063020999514e-10
373.0 0.00021180990188440774
374.0 0.0006202797521837056
375.0 0.0005268248969514389
376.0 0.00043337013266864233
377.0 0.0001887009148049401
378.0 1.6331063020999514e-10
379.0 0.00010182906180489226
380.0 0.00025962633571907645
381.0 1.6331063020999514e-10
382.0 1.6331063020999514e-10
383.0 1.6331063020999514e-10
384.0 1.6331063020999514e-10
385.0 1.6331063020999514e-10
386.0 0.00021828932403877843
387.0 0.0003450605163379805
388.0 0.00047183148126350716
389.0 0.0004324438577896217
390.0 0.0003930559614673257
391.0 8.88053136804956e-05
392.0 1.6331063020999514e-10
393.0 0.00026736654490377987
394.0 0.0007501783784391591
395.0 0.001355366657662671
396.0 0.0019605548004619777
397.0 0.0011941198863496538
398.0 0.00042768497223732993
399.0 0.0009163108188658953
400.0 0.0014049367564439308
401.0 0.003707311407197267
402.0 0.006009685603203252
403.0 0.004434960283106193
404.0 0.0028602351449080743
405.0 0.0010200254109804519
406.0 1.6331063020999514e-10
407.0 0.000471630301035475
408.0 0.001763445106917061
409.0 0.0031811690860195085
410.0 0.0045988927013240755
411.0 0.002885485992010217
412.0 0.0011720795555447694
413.0 0.0034388256608508527
414.0 0.0057055709476117045
415.0 0.005521290950127877
416.0 0.005337010225048289
417.0 0.006481633317889646
418.0 0.007626257138326764
419.0 0.005083261203253642
420.0 0.002540266177675221
421.0 0.004095399344805628
422.0 0.0056505337852286175
423.0 0.005330764906830154
424.0 0.005010994937038049
425.0 0.005162791057955474
426.0 0.005314587542670779
427.0 0.005010696622775868
428.0 0.004706806066678837
429.0 0.003446988921496086
430.0 0.002187171958212275
431.0 0.003367749013705179
432.0 0.004548325523501262
433.0 0.0035302989999763668
434.0 0.002512272294552531
435.0 0.0024366747311432846
436.0 0.0023610773496329784
437.0 0.0015401426935568452
438.0 0.0007192084012785926
439.0 0.0006790220595576102
440.0 0.0006388355359376874
441.0 0.000802574595581973
442.0 0.0009663138371251989
443.0 0.0007540938440797618
444.0 0.0005418739874585299
445.0 0.000573473744225339
446.0 0.0006050734555174131
447.0 0.0003590126652852632
448.0 0.00011295181820969447
449.0 0.00027897001473320415
450.0 0.0004449881089385599
451.0 0.0002611931904539233
452.0 7.739845955256897e-05
453.0 1.6331063020999514e-10
454.0 1.6331063020999514e-10
455.0 0.00023277875698113348
456.0 0.0006415227744582808
457.0 0.00035818241030938225
458.0 7.484184720851772e-05
459.0 1.950107986203875e-05
460.0 1.6331063020999514e-10
461.0 0.0005201645308261504
462.0 0.0010761685189208947
463.0 0.000873620683705667
464.0 0.0006710730303893797
465.0 0.0003592916300476645
466.0 4.751043434225721e-05
467.0 0.000329851627611788
468.0 0.0006121927526692161
469.0 0.0003767265752685489
470.0 0.00014126050018603564
471.0 0.000156248199800757
472.0 0.0001712358766781108
473.0 1.6331063020999514e-10
474.0 1.6331063020999514e-10
475.0 1.6331063020999514e-10
476.0 0.00016477819144711248
477.0 0.0005967451670585433
478.0 0.0010287120858265553
479.0 0.000811313930171309
480.0 0.0005939157290413277
481.0 0.0009663673154136632
482.0 0.0013388188563112635
483.0 0.002345366738154553
484.0 0.003351913983351551
485.0 0.004407776577863842
486.0 0.005463638444780372
487.0 0.0070700785727240145
488.0 0.008676518336869776
489.0 0.013111748558003455
490.0 0.017546980234328657
491.0 0.021565399947576225
492.0 0.02558382402639836
493.0 0.02837885986082256
494.0 0.031173898605629802
495.0 0.029805928352288902
496.0 0.028437958098948002
497.0 0.023624274763278663
498.0 0.01881059433799237
499.0 0.014216340787243098
500.0 0.009622090874472633
501.0 0.006596256571356207
502.0 0.00357042154064402
503.0 0.0024589855456724763
504.0 0.001347549732599873
505.0 0.0015848228940740228
506.0 0.0018220955098513514
507.0 0.0020106277588638477
508.0 0.0021991598259774037
509.0 0.0021387608285294846
510.0 0.0020783618310815655
511.0 0.002144717291230336
512.0 0.0022110729332780465
513.0 0.002074764051940292
514.0 0.001938455352501478
515.0 0.0019584580513765104
516.0 0.0019784607502515428
517.0 0.001961212183232419
518.0 0.0019439639800111763
519.0 0.0016919906556722708
520.0 0.001440017695131246
521.0 0.0015564153727609664
522.0 0.0016728134141885675
523.0 0.0017729458704707213
524.0 0.0018730786905507557
525.0 0.0024401793780270964
526.0 0.003007280065503437
527.0 0.0032773248676676303
528.0 0.003547369487932883
529.0 0.0033898246329044923
530.0 0.00323227905028034
531.0 0.002995986505993642
532.0 0.002759693961706944
533.0 0.002286491871927865
534.0 0.0018132897821487859
535.0 0.0016652664271532558
536.0 0.001517243254056666
537.0 0.001909622733364813
538.0 0.0023020025764708407
539.0 0.002970350396935828
540.0 0.0036386983992997557
541.0 0.004518173955148086
542.0 0.0053976491471985355
543.0 0.0051807466661557555
544.0 0.004963844548910856
545.0 0.004529937723418698
546.0 0.00409603126172442
547.0 0.0032010575523599982
548.0 0.0023060838429955766
549.0 0.002020099236688111
550.0 0.0017341148122795857
551.0 0.0017740730982040986
552.0 0.0018140310203307308
553.0 0.0017633476090850309
554.0 0.0017126640159403905
555.0 0.0015169630387390498
556.0 0.0013212623343861196
557.0 0.0009734078957990278
558.0 0.0006255533662624657
559.0 0.00039634055610804353
560.0 0.00016712778005967266
561.0 0.0004857094154431252
562.0 0.000804291084932629
563.0 0.0011774186532420572
564.0 0.001550546039652545
565.0 0.0015811290722922422
566.0 0.0016117121049319394
567.0 0.0016613512343610637
568.0 0.001710990363790188
569.0 0.001471936411689967
570.0 0.001232882550539216
571.0 0.000894183358468581
572.0 0.000555484166397946
573.0 0.0004578615516948048
574.0 0.0003602389597290312
575.0 0.0003797702447627671
576.0 0.0003993015070591355
577.0 0.0004429341970535461
578.0 0.0004865668415732216
579.0 0.0005190860974835232
580.0 0.0005516052169696195
581.0 0.0005261818841972854
582.0 0.0005007585968996864
583.0 0.0003944493528251769
584.0 0.00028814013148803497
585.0 0.00039417832340404857
586.0 0.0005002164016332245
587.0 0.0005551082267629681
588.0 0.0006100000064179767
589.0 0.0006879565717099467
590.0 0.0007659132279513869
591.0 0.0005995761057420168
592.0 0.0004332388925831765
593.0 0.0004960980731993914
594.0 0.0005589573902398115
595.0 0.0003794391659539542
596.0 0.00019992091893072939
597.0 0.00031198794658848783
598.0 0.00042405495150887873
599.0 0.00035166481211490463
600.0 0.00027927474093303317
601.0 0.00032069904136733385
602.0 0.0003621234782258398
603.0 0.0002978290922328597
604.0 0.00023353475171461469
605.0 0.00031651072731619934
606.0 0.00039948663470568135
607.0 0.00032211141842708457
608.0 0.0002447360657242825
609.0 0.0003423741873120889
610.0 0.00044001244532410055
611.0 0.00037805175452376716
612.0 0.0003160910864608013
613.0 0.00026166032967012143
614.0 0.00020722968656627927
615.0 0.0002110910827468615
616.0 0.00021495252440217882
617.0 0.0003686428271976183
618.0 0.0005223331754677929
619.0 0.0003359673428349197
620.0 0.00014960155567678157
621.0 0.00026020288714789785
622.0 0.00037080421861901414
623.0 0.00037834277009096695
624.0 0.00038588145798712503
625.0 0.0004273827926226659
626.0 0.0004688841727329418
627.0 0.00035393454709264915
628.0 0.0002389849669270916
629.0 0.0003490177732601296
630.0 0.00045905053411843255
631.0 0.0004466999598662369
632.0 0.00043434934013930615
633.0 0.0002822139776981203
634.0 0.00013007863799430197
635.0 0.00023550796868221369
636.0 0.00034093732210749295
637.0 0.00019383123799343593
638.0 4.672511124681478e-05
639.0 0.00021368059606174938
640.0 0.0003806360609814874
641.0 0.0004915425961371511
642.0 0.0006024491085554473
643.0 0.0004873015313933138
644.0 0.000372153817806975
645.0 0.0005416277417680249
646.0 0.0007111017566785449
647.0 0.000749725313653471
648.0 0.0007883487342041917
649.0 0.0008122709914459847
650.0 0.0008361931577383075
651.0 0.0008078844075498637
652.0 0.0007795755664119497
653.0 0.0008639161023893394
654.0 0.0009482568202656694
655.0 0.0009768988093128428
656.0 0.0010055406164610758
657.0 0.0016503834558534436
658.0 0.0022952264771447517
659.0 0.004078640267834999
660.0 0.040238958899863064
661.0 0.07866781088523567
662.0 0.054478179663419724
663.0 0.12454551178961992
664.0 0.10279550915583968
665.0 0.11794489109888673
666.0 0.1366005279123783
667.0 0.16482985811308026
668.0 0.2052451716735959
669.0 0.2628244459629059
670.0 0.31982867512851954
671.0 0.46509834937751293
672.0 0.7419969420880079
673.0 1.1775895021855831
674.0 1.7832016572356224
675.0 2.6595136150717735
676.0 3.6736618727445602
677.0 4.957929998636246
678.0 6.285973638296127
679.0 7.671211659908295
680.0 9.518375247716904
681.0 11.502505093812943
682.0 13.975736498832703
683.0 16.71469509601593
684.0 19.699741899967194
685.0 22.61175960302353
686.0 25.563985109329224
687.0 28.846192359924316
688.0 32.0582777261734
689.0 35.36541759967804
690.0 39.055320620536804
691.0 43.09528470039368
692.0 47.800230979919434
693.0 52.9405415058136
694.0 58.65645408630371
695.0 64.3205463886261
696.0 70.48676609992981
697.0 76.13149285316467
698.0 82.12780952453613
699.0 86.72730922698975
700.0 90.45080542564392
701.0 93.434739112854
702.0 95.52868008613586
703.0 96.6446042060852
704.0 97.25460410118103
705.0 97.66852259635925
706.0 97.76706099510193
707.0 97.91114926338196
708.0 98.0263888835907
709.0 98.07450771331787
710.0 97.81956672668457
711.0 97.95727133750916
712.0 97.88669943809509
713.0 97.9499101638794
714.0 98.05392622947693
715.0 98.1319010257721
716.0 97.98610806465149
717.0 98.16074967384338
718.0 98.19689393043518
719.0 98.21184277534485
720.0 98.49769473075867
721.0 98.38585257530212
722.0 98.14720153808594
723.0 97.92888760566711
724.0 97.53358364105225
725.0 97.21747636795044
726.0 96.98739051818848
727.0 96.7043936252594
728.0 96.44225239753723
729.0 96.26581072807312
730.0 96.27721905708313
731.0 96.28733992576599
732.0 96.30926251411438
733.0 96.57168388366699
734.0 96.93603515625
735.0 97.12174534797668
736.0 97.55284190177917
737.0 97.91567325592041
738.0 98.16548824310303
739.0 98.613041639328
740.0 98.75089526176453
741.0 98.5929548740387
742.0 98.95414710044861
743.0 98.73430728912354
744.0 98.52849245071411
745.0 98.55571389198303
746.0 98.51784110069275
747.0 98.77424240112305
748.0 98.69641661643982
749.0 98.5356092453003
750.0 98.56754541397095
751.0 98.3989953994751
752.0 98.32647442817688
753.0 98.53726625442505
754.0 98.44145178794861
755.0 98.55022430419922
756.0 98.52582812309265
757.0 98.64014983177185
758.0 98.77244830131531
759.0 98.8004982471466
760.0 98.6818015575409
761.0 98.59530925750732
762.0 98.72806668281555
763.0 98.62774610519409
764.0 98.4881579875946
765.0 98.44081401824951
766.0 98.54216575622559
767.0 98.34449887275696
768.0 98.30110669136047
769.0 98.3946144580841
770.0 98.11734557151794
771.0 98.19188117980957
772.0 98.19024205207825
773.0 98.06444644927979
774.0 97.8602409362793
775.0 97.9945421218872
776.0 97.9243516921997
777.0 97.92621731758118
778.0 97.91581630706787
779.0 98.00326824188232
780.0 97.89339900016785
781.0 98.21341037750244
782.0 98.19519519805908
783.0 98.16676378250122
784.0 98.16416501998901
785.0 98.3302652835846
786.0 98.37708473205566
787.0 98.18095564842224
788.0 98.35361838340759
789.0 98.27948212623596
790.0 98.33574891090393
791.0 98.37228059768677
792.0 98.17256927490234
793.0 98.17942976951599
794.0 98.14103245735168
795.0 98.0363667011261
796.0 98.02800416946411
797.0 98.05083274841309
798.0 98.06967377662659
799.0 97.873055934906
800.0 97.67700433731079
801.0 97.72415161132812
802.0 97.71021008491516
803.0 97.45599627494812
804.0 97.24773168563843
805.0 96.89017534255981
806.0 96.48699760437012
807.0 95.78099250793457
808.0 94.78171467781067
809.0 93.63228678703308
810.0 92.23660826683044
811.0 90.41005969047546
812.0 88.25454115867615
813.0 85.61806082725525
814.0 82.59867429733276
815.0 79.04375791549683
816.0 75.37999153137207
817.0 71.08279466629028
818.0 66.26127362251282
819.0 61.92949414253235
820.0 56.947749853134155
821.0 52.44455933570862
822.0 48.01226854324341
823.0 43.41695308685303
824.0 38.72056305408478
825.0 34.43326652050018
826.0 29.97189462184906
827.0 25.3140926361084
828.0 21.112892031669617
829.0 16.96050614118576
830.0 12.803739309310913
831.0 9.64430719614029
832.0 6.615341454744339
833.0 4.3492428958415985
834.0 2.7149442583322525
835.0 1.6301380470395088
836.0 0.9416398592293262
837.0 0.5219531711190939
838.0 0.3061035415157676
839.0 0.2036758465692401
840.0 0.11236160062253475
841.0 0.0679965887684375
842.0 0.034011245588772
843.0 0.028043999918736517
844.0 0.0002552911837483407
845.0 0.010096960613736883
846.0 1.6331063020999514e-10
847.0 1.6331063020999514e-10
848.0 1.6331063020999514e-10
849.0 1.6331063020999514e-10
850.0 1.6331063020999514e-10
851.0 0.001774110205587931
852.0 0.002757402580755297
853.0 0.0018280310541740619
854.0 0.000898659709491767
855.0 0.0008011615136638284
856.0 0.0007036632723611547
857.0 0.0007092593477864284
858.0 0.000714855332262232
859.0 0.0003796438932113233
860.0 4.443245984475652e-05
861.0 0.0001530796907900367
862.0 0.0002617267455207184
863.0 0.00024345115434698528
864.0 0.0002251756313853548
865.0 0.00010761320936580887
866.0 1.6331063020999514e-10
867.0 1.6331063020999514e-10
868.0 1.6331063020999514e-10
869.0 4.080481232904276e-05
870.0 0.00014418737919186242
871.0 6.433903081415338e-05
872.0 1.6331063020999514e-10
873.0 8.810444569462561e-05
874.0 0.00019171818621543935
875.0 0.00010948375575026148
876.0 2.7249288336861355e-05
877.0 8.410215173171309e-05
878.0 0.00014095502365307766
879.0 0.0001339317009296792
880.0 0.00012690842368101585
881.0 0.00019235033050790662
882.0 0.0002577922714408487
883.0 0.0001338334072897851
884.0 9.874541007093285e-06
885.0 6.733524742230657e-05
886.0 0.00012479587212510523
887.0 0.00014012279052622034
888.0 0.0001554496520839166
889.0 0.00019634323962236522
890.0 0.00023723678168607876
891.0 7.871211096244224e-05
892.0 1.6331063020999514e-10
893.0 1.6331063020999514e-10
894.0 7.712157525929797e-05
895.0 0.00016745326547606965
896.0 0.00025778495000849944
