lsstCam/transmission_filter_detector/r20_s21/u_24/19700101T000000.ecsv
# %ECSV 1.0
# ---
# datatype:
# - {name: wavelength, unit: nm, datatype: float32}
# - {name: efficiency, unit: '%', datatype: float64}
# meta: !!omap
# - {MODE: DETECTOR}
# - {TYPE: transmission_filter_detector}
# - {CALIBDATE: '1970-01-01T00:00:00'}
# - {INSTRUME: LSSTCam}
# - {OBSTYPE: transmission_filter_detector}
# - {CALIBCLS: lsst.ip.isr.IntermediateFilterDetectorTransmissionCurve}
# - {SOURCE: Materion (DM-46256)}
# - {DETECTOR: 79}
# - {FILTER: u_24}
# - {CALIB_ID: 'calibDate=1970-01-01T00:00:00 filter=u_24 detector=79'}
# - {DATE: '2025-04-02T15:59:40.114978'}
# - {CALIB_CREATION_DATE: '2025-04-02'}
# - {CALIB_CREATION_TIME: '15:59:40'}
# - __serialized_columns__:
#     efficiency:
#       __class__: astropy.units.quantity.Quantity
#       unit: !astropy.units.Unit {unit: '%'}
#       value: !astropy.table.SerializedColumn {name: efficiency}
#     wavelength:
#       __class__: astropy.units.quantity.Quantity
#       unit: !astropy.units.Unit {unit: nm}
#       value: !astropy.table.SerializedColumn {name: wavelength}
# schema: astropy-2.0
wavelength efficiency
295.0 1.6283992383681056e-10
296.0 1.6283992383681056e-10
297.0 1.6283992383681056e-10
298.0 1.6283992383681056e-10
299.0 1.6283992383681056e-10
300.0 1.6283992383681056e-10
301.0 1.6283992383681056e-10
302.0 1.6283992383681056e-10
303.0 1.6283992383681056e-10
304.0 0.15712823951616883
305.0 0.8006248623132706
306.0 1.95408146828413
307.0 4.173339530825615
308.0 6.204197183251381
309.0 9.656954556703568
310.0 13.397364318370819
311.0 17.16521978378296
312.0 20.8810493350029
313.0 24.00967627763748
314.0 27.07166075706482
315.0 29.491031169891357
316.0 31.446772813796997
317.0 34.38204228878021
318.0 37.64431178569794
319.0 41.669848561286926
320.0 47.533515095710754
321.0 53.065651655197144
322.0 59.065669775009155
323.0 64.38125967979431
324.0 68.53275299072266
325.0 71.28854393959045
326.0 73.65796566009521
327.0 75.27908682823181
328.0 77.01676487922668
329.0 78.43568325042725
330.0 79.7182023525238
331.0 80.2434504032135
332.0 80.4944634437561
333.0 80.62857389450073
334.0 80.56164979934692
335.0 80.69384098052979
336.0 81.01761937141418
337.0 81.6651463508606
338.0 82.58282542228699
339.0 83.09578895568848
340.0 83.46049785614014
341.0 83.95348191261292
342.0 84.27682518959045
343.0 84.23078060150146
344.0 84.39684510231018
345.0 84.79374647140503
346.0 85.19660234451294
347.0 85.57213544845581
348.0 85.86487770080566
349.0 86.02988123893738
350.0 86.00726127624512
351.0 86.23642325401306
352.0 86.15931272506714
353.0 86.10266447067261
354.0 86.06902956962585
355.0 86.29488945007324
356.0 86.44420504570007
357.0 86.29245162010193
358.0 85.91309785842896
359.0 85.69356799125671
360.0 85.58382987976074
361.0 85.26719212532043
362.0 85.13311743736267
363.0 85.29280424118042
364.0 85.4024589061737
365.0 85.80074906349182
366.0 86.02064847946167
367.0 86.19130253791809
368.0 86.18854880332947
369.0 86.22960448265076
370.0 86.09405159950256
371.0 85.99252700805664
372.0 86.05875372886658
373.0 86.29634380340576
374.0 86.27453446388245
375.0 86.59705519676208
376.0 86.76837086677551
377.0 86.88122034072876
378.0 86.93364262580872
379.0 86.58499121665955
380.0 85.77665686607361
381.0 84.40728187561035
382.0 82.5190544128418
383.0 80.51289916038513
384.0 78.43915820121765
385.0 76.02465748786926
386.0 73.37746024131775
387.0 69.92514133453369
388.0 66.32387042045593
389.0 61.983948945999146
390.0 57.7775776386261
391.0 53.46916913986206
392.0 49.00089502334595
393.0 45.36406695842743
394.0 41.966819763183594
395.0 38.23418915271759
396.0 34.137800335884094
397.0 28.596439957618713
398.0 22.252126038074493
399.0 15.28477817773819
400.0 9.236785024404526
401.0 4.764558374881744
402.0 1.847192458808422
403.0 0.5621737334877253
404.0 0.21406509913504124
405.0 0.06764812860637903
406.0 0.06968255620449781
407.0 0.02108681364916265
408.0 0.007710022327955812
409.0 1.6283992383681056e-10
410.0 1.6283992383681056e-10
411.0 1.6283992383681056e-10
412.0 1.6283992383681056e-10
413.0 1.6283992383681056e-10
414.0 1.6283992383681056e-10
415.0 1.6283992383681056e-10
416.0 1.6283992383681056e-10
417.0 1.6283992383681056e-10
418.0 1.6283992383681056e-10
419.0 1.6283992383681056e-10
420.0 1.6283992383681056e-10
421.0 1.6283992383681056e-10
422.0 1.6283992383681056e-10
423.0 1.6283992383681056e-10
424.0 1.6283992383681056e-10
425.0 1.6283992383681056e-10
426.0 1.6283992383681056e-10
427.0 1.6283992383681056e-10
428.0 1.6283992383681056e-10
429.0 1.6283992383681056e-10
430.0 1.6283992383681056e-10
431.0 1.6283992383681056e-10
432.0 1.6283992383681056e-10
433.0 1.6283992383681056e-10
434.0 0.0006194477919052588
435.0 0.0012056259038217831
436.0 0.001791804243111983
437.0 0.001045059889293043
438.0 0.0002983152626256924
439.0 0.0005921816409681924
440.0 0.0008860480193106923
441.0 1.6283992383681056e-10
442.0 1.6283992383681056e-10
443.0 1.6283992383681056e-10
444.0 1.6283992383681056e-10
445.0 1.6283992383681056e-10
446.0 1.6283992383681056e-10
447.0 1.6283992383681056e-10
448.0 1.6283992383681056e-10
449.0 1.6283992383681056e-10
450.0 1.6283992383681056e-10
451.0 1.6283992383681056e-10
452.0 1.6283992383681056e-10
453.0 0.00027834344109578524
454.0 0.0011171215192007367
455.0 0.0008976192475529388
456.0 0.0006781168849556707
457.0 1.6283992383681056e-10
458.0 1.6283992383681056e-10
459.0 1.6283992383681056e-10
460.0 1.6283992383681056e-10
461.0 1.6283992383681056e-10
462.0 1.6283992383681056e-10
463.0 1.6283992383681056e-10
464.0 0.00017850824178822222
465.0 0.0005267290816846071
466.0 0.0008749500921112485
467.0 0.0011858498510264326
468.0 0.0014967499737394974
469.0 0.0007163528607634362
470.0 1.6283992383681056e-10
471.0 1.6283992383681056e-10
472.0 1.6283992383681056e-10
473.0 1.6283992383681056e-10
474.0 1.6283992383681056e-10
475.0 1.6283992383681056e-10
476.0 0.0010364542504248675
477.0 0.0003186554295098176
478.0 1.6283992383681056e-10
479.0 1.6283992383681056e-10
480.0 1.6283992383681056e-10
481.0 1.6283992383681056e-10
482.0 1.6283992383681056e-10
483.0 1.6283992383681056e-10
484.0 1.6283992383681056e-10
485.0 1.6283992383681056e-10
486.0 1.6283992383681056e-10
487.0 1.6283992383681056e-10
488.0 0.00024818300516926683
489.0 1.6283992383681056e-10
490.0 1.6283992383681056e-10
491.0 1.6283992383681056e-10
492.0 1.6283992383681056e-10
493.0 1.6283992383681056e-10
494.0 0.0001376021941723593
495.0 9.30363057705108e-06
496.0 1.6283992383681056e-10
497.0 1.6283992383681056e-10
498.0 1.6283992383681056e-10
499.0 1.6283992383681056e-10
500.0 1.6283992383681056e-10
501.0 1.6283992383681056e-10
502.0 1.6283992383681056e-10
503.0 1.6283992383681056e-10
504.0 1.6283992383681056e-10
505.0 1.6283992383681056e-10
506.0 1.6283992383681056e-10
507.0 0.00020347604277048958
508.0 0.00044910889300808776
509.0 0.0002667437001946382
510.0 8.437839937869285e-05
511.0 0.0006077656507841311
512.0 0.0011311529306112789
513.0 0.00018178336631535785
514.0 1.6283992383681056e-10
515.0 1.6283992383681056e-10
516.0 0.0001682004949543625
517.0 4.043518231355847e-06
518.0 1.6283992383681056e-10
519.0 1.6283992383681056e-10
520.0 1.6283992383681056e-10
521.0 1.6283992383681056e-10
522.0 1.6283992383681056e-10
523.0 1.6283992383681056e-10
524.0 1.6283992383681056e-10
525.0 1.6283992383681056e-10
526.0 1.6283992383681056e-10
527.0 1.6283992383681056e-10
528.0 1.6283992383681056e-10
529.0 3.617175181602761e-06
530.0 2.555632079292991e-05
531.0 1.6283992383681056e-10
532.0 1.6283992383681056e-10
533.0 1.6283992383681056e-10
534.0 0.00019413980680837994
535.0 7.077651389408857e-05
536.0 1.6283992383681056e-10
537.0 1.6283992383681056e-10
538.0 1.6283992383681056e-10
539.0 1.6283992383681056e-10
540.0 1.6283992383681056e-10
541.0 1.6283992383681056e-10
542.0 1.6283992383681056e-10
543.0 1.6283992383681056e-10
544.0 1.1721474635351115e-05
545.0 8.822769359539961e-06
546.0 5.9239599892180195e-06
547.0 2.220136678943163e-05
548.0 3.847871710149775e-05
549.0 1.6283992383681056e-10
550.0 1.6283992383681056e-10
551.0 8.545361538381258e-05
552.0 0.00027636083359539043
553.0 1.6283992383681056e-10
554.0 1.6283992383681056e-10
555.0 1.6283992383681056e-10
556.0 1.6283992383681056e-10
557.0 1.6283992383681056e-10
558.0 1.6283992383681056e-10
559.0 1.6283992383681056e-10
560.0 1.6283992383681056e-10
561.0 1.1870339022834742e-05
562.0 0.00013012365798203973
563.0 1.6283992383681056e-10
564.0 1.6283992383681056e-10
565.0 1.6283992383681056e-10
566.0 1.6283992383681056e-10
567.0 1.6283992383681056e-10
568.0 1.6283992383681056e-10
569.0 3.9240893556780065e-05
570.0 0.00010002613635151647
571.0 9.556147233524825e-05
572.0 9.109688221542456e-05
573.0 0.0001996917717406177
574.0 0.0003082867578996229
575.0 0.0003276127927165362
576.0 0.0003469389639576548
577.0 0.0001363240812679578
578.0 1.6283992383681056e-10
579.0 0.00019218568922951818
580.0 0.0004586621798807755
581.0 0.0008258220987045206
582.0 0.001192982108477736
583.0 0.0014668729818367865
584.0 0.0017407635823474266
585.0 0.0013631268302560784
586.0 0.0009854898053163197
587.0 0.0009806501111597754
588.0 0.000975810326053761
589.0 0.0009088258593692444
590.0 0.0008418413017352577
591.0 0.0006597902483918006
592.0 0.0004777391495736083
593.0 0.0005578133823291864
594.0 0.0006378876150847645
595.0 0.0007217233815026702
596.0 0.000805559193395311
597.0 0.0010320671208319254
598.0 0.0012585749573190697
599.0 0.001377797616441967
600.0 0.0014970203665143345
601.0 0.001742176573316101
602.0 0.0019873328710673377
603.0 0.002145344660675619
604.0 0.0023033566321828403
605.0 0.002099196171911899
606.0 0.0018950362573377788
607.0 0.0012623562724911608
608.0 0.0006296763785940129
609.0 0.000550770300833392
610.0 0.0004718640866485657
611.0 0.00020372081053210422
612.0 1.6283992383681056e-10
613.0 0.00032310163078363985
614.0 0.000710625727151637
615.0 0.000797770462668268
616.0 0.0008849153346091043
617.0 0.0008176806659321301
618.0 0.0007504460427298909
619.0 0.0004729623924504267
620.0 0.00019547865122149233
621.0 0.00045463748392648995
622.0 0.0007137962256820174
623.0 0.000738666813049349
624.0 0.0007635373549419455
625.0 0.00076920305218664
626.0 0.0007748689313302748
627.0 0.0010014971849159338
628.0 0.0012281253475521225
629.0 0.0011473079212009907
630.0 0.0010664902220014483
631.0 0.0015357805750682019
632.0 0.0020050709281349555
633.0 0.002159969153581187
634.0 0.002314867015229538
635.0 0.0027090349249192514
636.0 0.0031032028346089646
637.0 0.0026078698283527046
638.0 0.0021125366401975043
639.0 0.002080519698210992
640.0 0.00204850293812342
641.0 0.0016535066606593318
642.0 0.0012585105650941841
643.0 0.0010209671017946675
644.0 0.0007834233656467404
645.0 0.000423077835876029
646.0 6.273219810282171e-05
647.0 0.00035117434435960604
648.0 0.0006396165190380998
649.0 0.00025900665150402347
650.0 1.6283992383681056e-10
651.0 0.00014280470850280835
652.0 0.0004072127467225073
653.0 0.0007436507985403296
654.0 0.001080088895832887
655.0 0.0015159766007855069
656.0 0.0019518642147886567
657.0 0.002389955989201553
658.0 0.0028280481274123304
659.0 0.0033300813811365515
660.0 0.0038321144529618323
661.0 0.003744917194126174
662.0 0.0036577195714926347
663.0 0.0031164337997324765
664.0 0.002575147482275497
665.0 0.0021014049707446247
666.0 0.0016276626411126927
667.0 0.0012105502719350625
668.0 0.0007934375389595516
669.0 0.0009616253919375595
670.0 0.0011298132449155673
671.0 0.000765792719903402
672.0 0.00040177205846703146
673.0 0.00038528455661435146
674.0 0.00036879705476167146
675.0 0.0007597492640343262
676.0 0.0011507012459333055
677.0 0.0013681373275176156
678.0 0.0015855732272029854
679.0 0.0018857444956665859
680.0 0.0021859157641301863
681.0 0.003378982364665717
682.0 0.0045720495108980685
683.0 0.006036342165316455
684.0 0.00750063409213908
685.0 0.008050680480664596
686.0 0.008600729051977396
687.0 0.008060812979238108
688.0 0.007520897634094581
689.0 0.006540320464409888
690.0 0.0055597458413103595
691.0 0.004637588790501468
692.0 0.0037154324672883376
693.0 0.0031473635317524895
694.0 0.002579294414317701
695.0 0.001921873990795575
696.0 0.0012644537491723895
697.0 0.0010218936949968338
698.0 0.0007793334589223377
699.0 0.0007614586138515733
700.0 0.0007435837687808089
701.0 0.0005557577878789743
702.0 0.0003679317615024047
703.0 0.0003967236352764303
704.0 0.00042551555452519096
705.0 0.0004979478489985922
706.0 0.0005703801434719935
707.0 0.0006614109679503599
708.0 0.0007524414286308456
709.0 0.0008467958650726359
710.0 0.0009411502105649561
711.0 0.0008600393812230323
712.0 0.000778928824729519
713.0 0.0006000398116157157
714.0 0.00042115098040085286
715.0 0.000521112815476954
716.0 0.00062107460507832
717.0 0.000659033821648336
718.0 0.000696993038218352
719.0 0.0006848524662927957
720.0 0.0006727118034177693
721.0 0.00036377502965478925
722.0 5.483830136654433e-05
723.0 0.00016002121583369444
724.0 0.0002652041530382121
725.0 0.00027361299999029143
726.0 0.00028202184694237076
727.0 0.00014703650776937138
728.0 1.2051229703047284e-05
729.0 0.00014795839433645597
730.0 0.0002838655518644373
731.0 0.0002633923713801778
732.0 0.0002429191908959183
733.0 4.118724916679639e-06
734.0 1.6283992383681056e-10
735.0 8.939467193158634e-05
736.0 0.0004134709797654068
737.0 0.00018602993350214092
738.0 1.6283992383681056e-10
739.0 0.0005074919954495272
740.0 0.0010563951946096495
741.0 0.0010916477549471892
742.0 0.0011269000424363185
743.0 0.00169506820384413
744.0 0.002263236456201412
745.0 0.0028090655177948065
746.0 0.003354894943186082
747.0 0.0037891644751653075
748.0 0.004223433279548772
749.0 0.0039573744288645685
750.0 0.0036913155781803653
751.0 0.0035573553759604692
752.0 0.0034233951737405732
753.0 0.0029112989068380557
754.0 0.0023992028218344785
755.0 0.0025136700060102157
756.0 0.0026281370082870126
757.0 0.002111506364599336
758.0 0.001594875539012719
759.0 0.0014203323189576622
760.0 0.0012457892808015458
761.0 0.0012177583812444936
762.0 0.0011897276635863818
763.0 0.0007810210263414774
764.0 0.0003723145027834107
765.0 0.00038066568777139764
766.0 0.000389016850022017
767.0 0.0005422306912805652
768.0 0.0006954446234885836
769.0 0.0007923724297143053
770.0 0.0008893005542631727
771.0 0.000683049938743352
772.0 0.00047679932322353125
773.0 0.0004106468622921966
774.0 0.0003444943331487593
775.0 0.00039710903365630656
776.0 0.00044972375690122135
777.0 0.00041743323890841566
778.0 0.00038514272091560997
779.0 0.0005440517270471901
780.0 0.0007029605967545649
781.0 0.0006808833404647885
782.0 0.0006588060841750121
783.0 0.0007383832326013362
784.0 0.0008179604265023954
785.0 0.0011969519619015045
786.0 0.0015759434973006137
787.0 0.0010878972716454882
788.0 0.000599850636717747
789.0 0.000597207235841779
790.0 0.000594563789491076
791.0 0.0006724686500092503
792.0 0.0007503734195779543
793.0 0.0004668489964387845
794.0 0.000183324459612777
795.0 0.0002815183279381017
796.0 0.00037971224173816154
797.0 0.0005390927981352434
798.0 0.0006984734682191629
799.0 0.00032988193652272457
800.0 1.6283992383681056e-10
801.0 1.6283992383681056e-10
802.0 1.6283992383681056e-10
803.0 1.6283992383681056e-10
804.0 1.6283992383681056e-10
805.0 2.0447282622626517e-05
806.0 0.00014443144209508318
807.0 8.288510002785188e-05
808.0 2.13387764347317e-05
809.0 0.00038112671063572634
810.0 0.0007409145837300457
811.0 0.0004447777882887749
812.0 0.00014864129980196594
813.0 0.0002461087206029333
814.0 0.0003435763119341573
815.0 0.0003470893261692254
816.0 0.0003506023404042935
817.0 0.0005206237347010756
818.0 0.0006906450835231226
819.0 0.0007280144473043038
820.0 0.0007653839929844253
821.0 0.0003935240329155931
822.0 2.166419221794058e-05
823.0 0.00013760692354480852
824.0 0.00025354966055601835
825.0 1.6283992383681056e-10
826.0 1.6283992383681056e-10
827.0 1.6283992383681056e-10
828.0 0.00016865008092281641
829.0 1.6283992383681056e-10
830.0 1.6283992383681056e-10
831.0 1.6283992383681056e-10
832.0 2.7136110247738543e-06
833.0 1.6283992383681056e-10
834.0 1.6283992383681056e-10
835.0 1.6283992383681056e-10
836.0 0.00014477383274424938
837.0 1.6283992383681056e-10
838.0 1.6283992383681056e-10
839.0 1.6283992383681056e-10
840.0 1.6283992383681056e-10
841.0 1.6283992383681056e-10
842.0 1.6283992383681056e-10
843.0 1.6283992383681056e-10
844.0 1.6283992383681056e-10
845.0 1.6283992383681056e-10
846.0 7.198407843134191e-05
847.0 1.6283992383681056e-10
848.0 1.6283992383681056e-10
849.0 4.28353700954176e-05
850.0 0.00021156326965865446
851.0 0.0003267397232775693
852.0 0.00044191615415911656
853.0 0.0002928767344201333
854.0 0.0001438373260498338
855.0 0.00013000877743252204
856.0 0.00011618020607784274
857.0 0.0003066969384235563
858.0 0.000497213613925851
859.0 0.0008658181286591571
860.0 0.0012344227798166685
861.0 0.0012728944057016633
862.0 0.0013113662134855986
863.0 0.001267785864911275
864.0 0.0012242054253874812
865.0 0.001524177878309274
866.0 0.001824149876483716
867.0 0.0020052839317941107
868.0 0.002186417805205565
869.0 0.0018830251065082848
870.0 0.0015796324078110047
871.0 0.0016553118257434107
872.0 0.001730990879877936
873.0 0.002153606874344405
874.0 0.002576222686911933
