lsstCam/transmission_filter_detector/r20_s21/u_24/19700101T000000.ecsv
# %ECSV 1.0
# ---
# datatype:
# - {name: wavelength, unit: nm, datatype: float32}
# - {name: efficiency, unit: '%', datatype: float64}
# meta: !!omap
# - {MODE: DETECTOR}
# - {TYPE: transmission_filter_detector}
# - {CALIBDATE: '1970-01-01T00:00:00'}
# - {INSTRUME: LSSTCam}
# - {OBSTYPE: transmission_filter_detector}
# - {CALIBCLS: lsst.ip.isr.IntermediateFilterDetectorTransmissionCurve}
# - {SOURCE: Materion (DM-46256)}
# - {DETECTOR: 79}
# - {FILTER: u_24}
# - {CALIB_ID: 'calibDate=1970-01-01T00:00:00 filter=u_24 detector=79'}
# - {DATE: '2025-04-02T15:59:40.114978'}
# - {CALIB_CREATION_DATE: '2025-04-02'}
# - {CALIB_CREATION_TIME: '15:59:40'}
# - __serialized_columns__:
#     efficiency:
#       __class__: astropy.units.quantity.Quantity
#       unit: !astropy.units.Unit {unit: '%'}
#       value: !astropy.table.SerializedColumn {name: efficiency}
#     wavelength:
#       __class__: astropy.units.quantity.Quantity
#       unit: !astropy.units.Unit {unit: nm}
#       value: !astropy.table.SerializedColumn {name: wavelength}
# schema: astropy-2.0
wavelength efficiency
[from data line 581]
876.0 0.0027297899578115903
877.0 0.0025460236429353245
878.0 0.0023622573280590586
879.0 0.0024883614969439805
880.0 0.002614465483929962
881.0 0.002761334508250002
882.0 0.002908203714468982
883.0 0.002845998460543342
884.0 0.002783793206617702
885.0 0.002892418888222892
886.0 0.003001044569828082
887.0 0.0027591742764343508
888.0 0.0025173043468385004
889.0 0.0025816994821070693
890.0 0.0026460946173756383
891.0 0.002571875120338518
892.0 0.0024976554414024577
893.0 0.0027311469239066355
894.0 0.002964638224511873
895.0 0.003136727536912076
896.0 0.0033088170312112197
897.0 0.0038817375752842054
898.0 0.004454658119357191
899.0 0.004594287383952178
900.0 0.004733916648547165
901.0 0.004659570549847558
902.0 0.004585224814945832
903.0 0.004703025842900388
904.0 0.004820826143259183
905.0 0.0049084268539445475
906.0 0.004996027200832032
907.0 0.005220614548306912
908.0 0.005445202259579673
909.0 0.005647022771881893
910.0 0.005848843284184113
911.0 0.005879850505152717
912.0 0.005910858089919202
913.0 0.005764766319771297
914.0 0.0056186745496233925
915.0 0.005236689685261808
916.0 0.004854705184698105
917.0 0.004690204514190555
918.0 0.004525704571278766
919.0 0.004548026117845438
920.0 0.00457034730061423
921.0 0.004833010098082013
922.0 0.0050956728955497965
923.0 0.005533072544494644
924.0 0.00597047146584373
925.0 0.006407881301129237
926.0 0.006845292227808386
927.0 0.007375868153758347
928.0 0.00790644480730407
929.0 0.007764817564748228
930.0 0.007623189594596624
931.0 0.007382722105830908
932.0 0.007142253161873668
933.0 0.006998351454967633
934.0 0.006854449020465836
935.0 0.00696116840117611
936.0 0.007067887781886384
937.0 0.006901034066686407
938.0 0.006734181806677952
939.0 0.0068829351221211255
940.0 0.007031686982372776
941.0 0.0058493307733442634
942.0 0.004666973472922109
943.0 0.004367810834082775
944.0 0.004068648559041321
945.0 0.0036860124964732677
946.0 0.0033033771615009755
947.0 0.0027540976589079946
948.0 0.0022048179744160734
949.0 0.0018118176740244962
950.0 0.001418816827936098
951.0 0.0015298108337447047
952.0 0.0016408042938564904
953.0 0.0018790315152727999
954.0 0.002117258554790169
955.0 0.0021113615730428137
956.0 0.0021054640455986373
957.0 0.0026101202820427716
958.0 0.003114776700385846
959.0 0.0034398330171825364
960.0 0.0037648893339792266
961.0 0.004510097278398462
962.0 0.005255305222817697
963.0 0.005216199133428745
964.0 0.005177093407837674
965.0 0.005101228816783987
966.0 0.005025364953326061
967.0 0.0047781530156498775
968.0 0.004530941077973694
969.0 0.004818070374312811
970.0 0.005105199670651928
971.0 0.005001755926059559
972.0 0.00489831218146719
973.0 0.004631864430848509
974.0 0.004365416316431947
975.0 0.004586321301758289
976.0 0.004807225923286751
977.0 0.0040993454604176804
978.0 0.0033914646337507293
979.0 0.003355084845679812
980.0 0.003318705057608895
981.0 0.00327734014717862
982.0 0.003235975236748345
983.0 0.0034270306059625
984.0 0.003618085611378774
985.0 0.003724792622961104
986.0 0.003831500362139195
987.0 0.004345169145381078
988.0 0.004858838292420842
989.0 0.005610977677861229
990.0 0.006363116699503735
991.0 0.0067972345277667046
992.0 0.007231353083625436
993.0 0.007579975499538705
994.0 0.00792859573266469
995.0 0.007650261977687478
996.0 0.007371926767518744
997.0 0.006686241977149621
998.0 0.006000556822982617
999.0 0.006272604514379054
1000.0 0.00654465111438185
1001.0 0.0062778330175206065
1002.0 0.006011012374074198
1003.0 0.005832797251059674
1004.0 0.005654582128045149
1005.0 0.0054852534958627075
1006.0 0.005315924863680266
1007.0 0.005478823732119054
1008.0 0.005641723328153603
1009.0 0.0051585269829956815
1010.0 0.004675331001635641
1011.0 0.004119893492315896
1012.0 0.003564455982996151
1013.0 0.0029797536626574583
1014.0 0.002395051342318766
1015.0 0.0023115260773920454
1016.0 0.0022280006305663846
1017.0 0.001953650098585058
1018.0 0.0016792997485026717
1019.0 0.0015700194126111455
1020.0 0.0014607391676690895
1021.0 0.0017449327060603537
1022.0 0.0020291261535021476
1023.0 0.0019042969142901711
1024.0 0.0017794676750781946
1025.0 0.0013554919860325754
1026.0 0.0009315166607848369
1027.0 0.001349174817733001
1028.0 0.0017668326108832844
1029.0 0.0017217957065440714
1030.0 0.0016767586203059182
1031.0 0.001982589310500771
1032.0 0.002288419818796683
1033.0 0.0018291833839612082
1034.0 0.0013699465853278525
1035.0 0.0016654495993861929
1036.0 0.001960952431545593
1037.0 0.0020961180780432187
1038.0 0.0022312840883387253
1039.0 0.0020348914404166862
1040.0 0.0018384986105957069
1041.0 0.001880476156657096
1042.0 0.0019224538846174255
1043.0 0.0023638080165255815
1044.0 0.002805162330332678
1045.0 0.002384650542808231
1046.0 0.0019641385733848438
1047.0 0.002152529668819625
1048.0 0.002340921128052287
1049.0 0.002028585186053533
1050.0 0.0017162492440547794
1051.0 0.0018174052456743084
1052.0 0.0019185608834959567
1053.0 0.001753268952597864
1054.0 0.0015879770216997713
1055.0 0.001487497956986772
1056.0 0.0013870190741727129
1057.0 0.0007846801963751204
1058.0 0.00018234126173410914
1059.0 0.00094756460384815
1060.0 0.0017127882529166527
1061.0 0.001078005152521655
1062.0 0.0004432220976013923
1063.0 0.0004430042736203177
1064.0 0.000442786404164508
1065.0 0.0006818566816946259
1066.0 0.0009209269592247438
1067.0 0.001247526870429283
1068.0 0.0015741268725832924
1069.0 0.0023478592993342318
1070.0 0.0031215913622872904
1071.0 0.0035162855056114495
1072.0 0.003910979285137728
1073.0 0.0032446285331388935
1074.0 0.0025782774173421785
1075.0 0.003031975393241737
1076.0 0.003485673005343415
1077.0 0.003170024501741864
1078.0 0.0028543758162413724
1079.0 0.003957895387429744
1080.0 0.005061414049123414
1081.0 0.005413829421740957
1082.0 0.005766246249550022
1083.0 0.004405245999805629
1084.0 0.0030442459319601767
1085.0 0.0032955791539279744
1086.0 0.0035469114664010704
1087.0 0.005140334906172939
1088.0 0.0067337576183490455
1089.0 0.006601082714041695
1090.0 0.0064684078097343445
1091.0 0.0032474679755978286
1092.0 2.6527160912337422e-05
1093.0 0.002043278800556436
1094.0 0.004060028004460037
1095.0 0.0039298996853176504
1096.0 0.0037997706385795027
1097.0 0.0020401272195158526
1098.0 0.0002804836185532622
1099.0 0.0010132318493560888
1100.0 0.0017459797163610347
