lsstCam/transmission_filter_detector/r43_s01/u_24/19700101T000000.ecsv
# %ECSV 1.0
# ---
# datatype:
# - {name: wavelength, unit: nm, datatype: float32}
# - {name: efficiency, unit: '%', datatype: float64}
# meta: !!omap
# - {MODE: DETECTOR}
# - {TYPE: transmission_filter_detector}
# - {CALIBDATE: '1970-01-01T00:00:00'}
# - {INSTRUME: LSSTCam}
# - {OBSTYPE: transmission_filter_detector}
# - {CALIBCLS: lsst.ip.isr.IntermediateFilterDetectorTransmissionCurve}
# - {SOURCE: Materion (DM-46256)}
# - {DETECTOR: 181}
# - {FILTER: u_24}
# - {CALIB_ID: 'calibDate=1970-01-01T00:00:00 filter=u_24 detector=181'}
# - {DATE: '2025-04-02T15:59:40.589675'}
# - {CALIB_CREATION_DATE: '2025-04-02'}
# - {CALIB_CREATION_TIME: '15:59:40'}
# - __serialized_columns__:
#     efficiency:
#       __class__: astropy.units.quantity.Quantity
#       unit: !astropy.units.Unit {unit: '%'}
#       value: !astropy.table.SerializedColumn {name: efficiency}
#     wavelength:
#       __class__: astropy.units.quantity.Quantity
#       unit: !astropy.units.Unit {unit: nm}
#       value: !astropy.table.SerializedColumn {name: wavelength}
# schema: astropy-2.0
wavelength efficiency
[from data line 582]
877.0 0.0027301717636873946
878.0 0.0030853341741021723
879.0 0.0032734853448346257
880.0 0.003461636515567079
881.0 0.003364862277521752
882.0 0.0032680880394764245
883.0 0.003092583574471064
884.0 0.002917078927566763
885.0 0.0027657162718242034
886.0 0.0026143534341827035
887.0 0.002487252641003579
888.0 0.0023601513021276332
889.0 0.002550852696003858
890.0 0.0027415540898800828
891.0 0.002742253855103627
892.0 0.0027429532565292902
893.0 0.0030039092962397262
894.0 0.003264864790253341
895.0 0.0033558862924110144
896.0 0.0034469077945686877
897.0 0.0033245196391362697
898.0 0.0032021314837038517
899.0 0.0032663156162016094
900.0 0.0033305001124972478
901.0 0.003788870162679814
902.0 0.00424724021286238
903.0 0.004457059549167752
904.0 0.004666878885473125
905.0 0.004921789150102995
906.0 0.005176699050934985
907.0 0.005521316052181646
908.0 0.005865933417226188
909.0 0.005819820944452658
910.0 0.005773708471679129
911.0 0.005707592572434805
912.0 0.005641476309392601
913.0 0.005523264917428605
914.0 0.005405053525464609
915.0 0.005071643681731075
916.0 0.004738233837997541
917.0 0.004673106013797224
918.0 0.004607978189596906
919.0 0.004813439954887144
920.0 0.005018902083975263
921.0 0.004901604916085489
922.0 0.004784308111993596
923.0 0.004922803782392293
924.0 0.005061299816588871
925.0 0.005495760342455469
926.0 0.0059302201407263055
927.0 0.0062912389694247395
928.0 0.006652256706729531
929.0 0.006867515912745148
930.0 0.007082773663569242
931.0 0.007170479511842132
932.0 0.0072581853601150215
933.0 0.0075312644185032696
934.0 0.007804343476891518
935.0 0.007738942076684907
936.0 0.0076735406764782965
937.0 0.007187794835772365
938.0 0.0067020497226621956
939.0 0.006550287798745558
940.0 0.006398525147233158
941.0 0.00581719032197725
942.0 0.005235854769125581
943.0 0.004601130785886198
944.0 0.003966407530242577
945.0 0.0036327408452052623
946.0 0.003299074523965828
947.0 0.002608738395792898
948.0 0.0019184022676199675
949.0 0.0017500979083706625
950.0 0.0015817933672224171
951.0 0.001533202885184437
952.0 0.0014846125850453973
953.0 0.001515156418463448
954.0 0.0015457002518814988
955.0 0.0017233192920684814
956.0 0.001900938332255464
957.0 0.0019833079932141118
958.0 0.0020656778360717
959.0 0.002415729977656156
960.0 0.002765782119240612
961.0 0.003257684875279665
962.0 0.003749587995116599
963.0 0.0038621932617388666
964.0 0.003974798528361134
965.0 0.004452502616913989
966.0 0.004930206705466844
967.0 0.004848195749218576
968.0 0.004766185156768188
969.0 0.004916422403766774
970.0 0.005066659650765359
971.0 0.005257764860289171
972.0 0.005448870069812983
973.0 0.005070018960395828
974.0 0.004691167487180792
975.0 0.004649112815968692
976.0 0.004607057780958712
977.0 0.004188124148640782
978.0 0.0037691901525249705
979.0 0.003516379729262553
980.0 0.0032635685784043744
981.0 0.003084353738813661
982.0 0.002905138535425067
983.0 0.0029160582926124334
984.0 0.0029269780497998
985.0 0.002992919871758204
986.0 0.003058861693716608
987.0 0.0035762099287239835
988.0 0.0040935574361355975
989.0 0.004627664384315722
990.0 0.005161771332495846
991.0 0.005646992212859914
992.0 0.006132213457021862
993.0 0.006663149542873725
994.0 0.007194085628725588
995.0 0.00745381330489181
996.0 0.007713540981058031
997.0 0.007747685594949871
998.0 0.007781831664033234
999.0 0.007379658200079575
1000.0 0.006977485463721678
1001.0 0.006197617040015757
1002.0 0.005417749707703479
1003.0 0.005009001324651763
1004.0 0.004600252941600047
1005.0 0.004819556124857627
1006.0 0.005038859671913087
1007.0 0.004706492472905666
1008.0 0.004374125273898244
1009.0 0.004289376738597639
1010.0 0.004204628930892795
1011.0 0.0038029855204513296
1012.0 0.0034013417462119833
1013.0 0.0030814710044069216
1014.0 0.002761599898803979
1015.0 0.0023392614821204916
1016.0 0.0019169234292348847
1017.0 0.0018434508092468604
1018.0 0.0017699781892588362
1019.0 0.0014561581338057294
1020.0 0.0011423378964536823
1021.0 0.001105561932490673
1022.0 0.0010687860594771337
1023.0 0.001289162719331216
1024.0 0.0015095392882358283
1025.0 0.001606536898179911
1026.0 0.0017035345081239939
1027.0 0.0015870908100623637
1028.0 0.001470647293899674
1029.0 0.0018607113815960474
1030.0 0.0022507756511913612
1031.0 0.0020853160094702616
1032.0 0.0019198561858502217
1033.0 0.0019675744624692015
1034.0 0.0020152923752903007
1035.0 0.0021464711608132347
1036.0 0.0022776497644372284
1037.0 0.00230466976063326
1038.0 0.0023316895749303512
1039.0 0.0023301425244426355
1040.0 0.0023285954739549197
1041.0 0.0022536634787684307
1042.0 0.0021787313016830012
1043.0 0.002268249045300763
1044.0 0.0023577666070195846
1045.0 0.0021150361135369167
1046.0 0.0018723054381553084
1047.0 0.0021269424905767664
1048.0 0.002381579906796105
1049.0 0.0020420589862624183
1050.0 0.0017025382476276718
1051.0 0.0015857311154832132
1052.0 0.001468923710490344
1053.0 0.0015144718418014236
1054.0 0.0015600197002640925
1055.0 0.0016465617591165937
1056.0 0.0017331034541712143
1057.0 0.0011330323104630224
1058.0 0.0005329613941285061
1059.0 0.0011770591299864464
1060.0 0.0018211569113191217
1061.0 0.0013455111911753193
1062.0 0.0008698651981831063
1063.0 0.0013572141142503824
1064.0 0.0018445629393681884
1065.0 0.0015450938008143567
1066.0 0.0012456243894121144
1067.0 0.0014728373571415432
1068.0 0.0017000500520225614
1069.0 0.002268848766107112
1070.0 0.002837647116393782
1071.0 0.002501023482182063
1072.0 0.0021643996660714038
1073.0 0.0023873977625044063
1074.0 0.002610396040836349
1075.0 0.0029741077014477924
1076.0 0.0033378193620592356
1077.0 0.0037388694181572646
1078.0 0.004139919110457413
1079.0 0.0038273054087767377
1080.0 0.003514691343298182
1081.0 0.003850716893794015
1082.0 0.004186742444289848
1083.0 0.003925497367163189
1084.0 0.00366425265383441
1085.0 0.005285304723656736
1086.0 0.006906357157276943
1087.0 0.004872972931480035
1088.0 0.0028395888875820674
1089.0 0.003244153776904568
1090.0 0.00364871921192389
1091.0 0.0036757537600351498
1092.0 0.003702787944348529
1093.0 0.0032145097065949813
1094.0 0.002726231105043553
1095.0 0.003961423863074742
1096.0 0.005196616257308051
1097.0 0.0038398971810238436
1098.0 0.0024831773771438748
1099.0 0.00370078269043006
1100.0 0.004918387639918365
