lsstCam/transmission_filter_detector/r43_s01/u_24/19700101T000000.ecsv
# %ECSV 1.0
# ---
# datatype:
# - {name: wavelength, unit: nm, datatype: float32}
# - {name: efficiency, unit: '%', datatype: float64}
# meta: !!omap
# - {MODE: DETECTOR}
# - {TYPE: transmission_filter_detector}
# - {CALIBDATE: '1970-01-01T00:00:00'}
# - {INSTRUME: LSSTCam}
# - {OBSTYPE: transmission_filter_detector}
# - {CALIBCLS: lsst.ip.isr.IntermediateFilterDetectorTransmissionCurve}
# - {SOURCE: Materion (DM-46256)}
# - {DETECTOR: 181}
# - {FILTER: u_24}
# - {CALIB_ID: 'calibDate=1970-01-01T00:00:00 filter=u_24 detector=181'}
# - {DATE: '2025-04-02T15:59:40.589675'}
# - {CALIB_CREATION_DATE: '2025-04-02'}
# - {CALIB_CREATION_TIME: '15:59:40'}
# - __serialized_columns__:
#     efficiency:
#       __class__: astropy.units.quantity.Quantity
#       unit: !astropy.units.Unit {unit: '%'}
#       value: !astropy.table.SerializedColumn {name: efficiency}
#     wavelength:
#       __class__: astropy.units.quantity.Quantity
#       unit: !astropy.units.Unit {unit: nm}
#       value: !astropy.table.SerializedColumn {name: wavelength}
# schema: astropy-2.0
wavelength efficiency
295.0 1.6263865254551035e-10
296.0 1.6263865254551035e-10
297.0 1.6263865254551035e-10
298.0 1.6263865254551035e-10
299.0 1.6263865254551035e-10
300.0 1.6263865254551035e-10
301.0 0.24035763926804066
302.0 1.6263865254551035e-10
303.0 0.13557925121858716
304.0 0.4103325307369232
305.0 0.7607507519423962
306.0 2.1690288558602333
307.0 3.7172935903072357
308.0 6.136563420295715
309.0 9.294987469911575
310.0 13.050605356693268
311.0 16.842906177043915
312.0 20.431771874427795
313.0 23.73577207326889
314.0 26.429104804992676
315.0 29.087725281715393
316.0 31.20323419570923
317.0 33.893656730651855
318.0 37.01586127281189
319.0 40.963393449783325
320.0 46.784985065460205
321.0 52.2569477558136
322.0 58.15491080284119
323.0 63.57909440994263
324.0 67.88787841796875
325.0 70.74147462844849
326.0 73.09672832489014
327.0 74.88145232200623
328.0 76.6399621963501
329.0 77.98783779144287
330.0 79.15783524513245
331.0 79.88481521606445
332.0 80.052250623703
333.0 80.13911843299866
334.0 80.09940385818481
335.0 80.32640218734741
336.0 80.6309700012207
337.0 81.2090516090393
338.0 82.0439100265503
339.0 82.63033628463745
340.0 83.06438326835632
341.0 83.45596194267273
342.0 83.80090594291687
343.0 83.75706076622009
344.0 83.98334980010986
345.0 84.38473343849182
346.0 84.69110131263733
347.0 85.0573480129242
348.0 85.28245091438293
349.0 85.55102348327637
350.0 85.55599451065063
351.0 85.75417399406433
352.0 85.58557629585266
353.0 85.60502529144287
354.0 85.54239869117737
355.0 85.74929237365723
356.0 85.90388298034668
357.0 85.82558631896973
358.0 85.5094850063324
359.0 85.23074984550476
360.0 85.0851833820343
361.0 84.77622270584106
362.0 84.55582857131958
363.0 84.66365933418274
364.0 84.80812311172485
365.0 85.1740837097168
366.0 85.40906310081482
367.0 85.57665944099426
368.0 85.6793761253357
369.0 85.73631644248962
370.0 85.51920652389526
371.0 85.43179631233215
372.0 85.48731803894043
373.0 85.6726586818695
374.0 85.68429350852966
375.0 85.97488403320312
376.0 86.12087965011597
377.0 86.18208169937134
378.0 86.31958365440369
379.0 85.9402596950531
380.0 85.17045974731445
381.0 83.77286195755005
382.0 81.87308311462402
383.0 79.79620099067688
384.0 77.75186896324158
385.0 75.3095269203186
386.0 72.77299761772156
387.0 69.3519115447998
388.0 65.83660840988159
389.0 61.58747673034668
390.0 57.328832149505615
391.0 53.03645730018616
392.0 48.584723472595215
393.0 44.91591453552246
394.0 41.60317778587341
395.0 37.953659892082214
396.0 33.963948488235474
397.0 28.577786684036255
398.0 22.462552785873413
399.0 15.572339296340942
400.0 9.5493845641613
401.0 4.994204640388489
402.0 2.000884711742401
403.0 0.5956599954515696
404.0 0.21713844034820795
405.0 0.11189098004251719
406.0 0.05374713218770921
407.0 0.014551557251252234
408.0 1.6263865254551035e-10
409.0 1.6263865254551035e-10
410.0 1.6263865254551035e-10
411.0 1.6263865254551035e-10
412.0 1.6263865254551035e-10
413.0 1.6263865254551035e-10
414.0 1.6263865254551035e-10
415.0 1.6263865254551035e-10
416.0 1.6263865254551035e-10
417.0 1.6263865254551035e-10
418.0 1.6263865254551035e-10
419.0 1.6263865254551035e-10
420.0 1.6263865254551035e-10
421.0 1.6263865254551035e-10
422.0 1.6263865254551035e-10
423.0 1.6263865254551035e-10
424.0 1.6263865254551035e-10
425.0 1.6263865254551035e-10
426.0 1.6263865254551035e-10
427.0 1.6263865254551035e-10
428.0 1.6263865254551035e-10
429.0 1.6263865254551035e-10
430.0 1.6263865254551035e-10
431.0 1.6263865254551035e-10
432.0 1.6263865254551035e-10
433.0 1.6263865254551035e-10
434.0 1.6263865254551035e-10
435.0 1.6263865254551035e-10
436.0 1.6263865254551035e-10
437.0 1.6263865254551035e-10
438.0 1.6263865254551035e-10
439.0 1.6263865254551035e-10
440.0 1.6263865254551035e-10
441.0 1.6263865254551035e-10
442.0 0.0004091132723260671
443.0 1.6263865254551035e-10
444.0 1.6263865254551035e-10
445.0 1.6263865254551035e-10
446.0 1.6263865254551035e-10
447.0 1.6263865254551035e-10
448.0 1.6263865254551035e-10
449.0 1.6263865254551035e-10
450.0 0.00045464666982297786
451.0 0.00023132963633543113
452.0 8.012359131726043e-06
453.0 1.6263865254551035e-10
454.0 1.6263865254551035e-10
455.0 1.6263865254551035e-10
456.0 1.6263865254551035e-10
457.0 0.00015144274811973446
458.0 0.0007921515134512447
459.0 0.00017649208530201577
460.0 1.6263865254551035e-10
461.0 1.6263865254551035e-10
462.0 1.6263865254551035e-10
463.0 1.6263865254551035e-10
464.0 5.485626957124623e-05
465.0 1.6263865254551035e-10
466.0 1.6263865254551035e-10
467.0 0.00018124924281437416
468.0 0.0008472310582874343
469.0 1.6263865254551035e-10
470.0 1.6263865254551035e-10
471.0 1.6263865254551035e-10
472.0 1.6263865254551035e-10
473.0 1.6263865254551035e-10
474.0 0.0006926108198967995
475.0 1.6263865254551035e-10
476.0 1.6263865254551035e-10
477.0 1.6263865254551035e-10
478.0 1.6263865254551035e-10
479.0 1.6263865254551035e-10
480.0 1.6263865254551035e-10
481.0 1.6263865254551035e-10
482.0 0.0005667006007570308
483.0 0.0006674058568023611
484.0 0.0007681108399992809
485.0 7.108195063665335e-05
486.0 1.6263865254551035e-10
487.0 1.6263865254551035e-10
488.0 0.00033501007692393614
489.0 0.00019037935317101073
490.0 4.5748745947093994e-05
491.0 1.6263865254551035e-10
492.0 1.6263865254551035e-10
493.0 1.6263865254551035e-10
494.0 1.6263865254551035e-10
495.0 0.00012073852531102602
496.0 0.0005879819127585506
497.0 6.455885568357189e-05
498.0 1.6263865254551035e-10
499.0 1.6263865254551035e-10
500.0 1.6263865254551035e-10
501.0 1.6263865254551035e-10
502.0 5.663256956722762e-05
503.0 0.0004329544935899321
504.0 0.0008092764801403973
505.0 0.00024279702302010264
506.0 1.6263865254551035e-10
507.0 1.6263865254551035e-10
508.0 1.6263865254551035e-10
509.0 1.6263865254551035e-10
510.0 1.6263865254551035e-10
511.0 1.6263865254551035e-10
512.0 1.6263865254551035e-10
513.0 1.6263865254551035e-10
514.0 1.6263865254551035e-10
515.0 3.182408363500144e-05
516.0 0.00026871653062698897
517.0 7.93132244325534e-05
518.0 1.6263865254551035e-10
519.0 1.6263865254551035e-10
520.0 1.6263865254551035e-10
521.0 1.6263865254551035e-10
522.0 1.6263865254551035e-10
523.0 1.6263865254551035e-10
524.0 1.6263865254551035e-10
525.0 1.6263865254551035e-10
526.0 1.6263865254551035e-10
527.0 1.6263865254551035e-10
528.0 1.6263865254551035e-10
529.0 1.6263865254551035e-10
530.0 0.000104859930161183
531.0 0.00010164643526877626
532.0 9.843300858847215e-05
533.0 1.6263865254551035e-10
534.0 1.6263865254551035e-10
535.0 1.6263865254551035e-10
536.0 1.6263865254551035e-10
537.0 1.6263865254551035e-10
538.0 7.556475907222193e-05
539.0 0.00012448648476492963
540.0 0.0001734081820359279
541.0 1.6263865254551035e-10
542.0 1.6263865254551035e-10
543.0 1.6263865254551035e-10
544.0 1.6263865254551035e-10
545.0 1.6263865254551035e-10
546.0 1.988600217828207e-05
547.0 1.6263865254551035e-10
548.0 1.6263865254551035e-10
549.0 1.6263865254551035e-10
550.0 1.6263865254551035e-10
551.0 3.720693939612829e-05
552.0 7.811155455783592e-05
553.0 9.84373173196218e-05
554.0 0.00011876317103087786
555.0 0.0001436270508747839
556.0 0.0001684908966126386
557.0 0.0001381492666041595
558.0 0.00010780759112094529
559.0 8.426098929703585e-05
560.0 6.071437042010075e-05
561.0 1.6263865254551035e-10
562.0 1.6263865254551035e-10
563.0 8.036837328972979e-06
564.0 0.00032517473300686106
565.0 0.00016959620552370325
566.0 1.4017700777912978e-05
567.0 5.7560299637771095e-05
568.0 0.00010110278481079149
569.0 3.737978317985835e-05
570.0 1.6263865254551035e-10
571.0 0.00019229403278586688
572.0 0.00041093139770964626
573.0 0.00023152874746301677
574.0 5.2126131322438596e-05
575.0 1.6263865254551035e-10
576.0 1.6263865254551035e-10
577.0 0.00015815311371625285
578.0 0.0004902419732388807
579.0 0.0006799990387662547
580.0 0.0008697561497683637
581.0 0.001059613987308694
582.0 0.0012494720067479648
583.0 0.0010719414603954647
584.0 0.0008944107321440242
585.0 0.0007311257832043339
586.0 0.0005678409252141137
587.0 0.0006162877070892137
588.0 0.0006647345344390487
589.0 0.0007283887953235535
590.0 0.0007920431016827933
591.0 0.0007696628017583862
592.0 0.0007472823199350387
593.0 0.0007893560905358754
594.0 0.0008314296792377718
595.0 0.0008000659363460727
596.0 0.0007687020115554333
597.0 0.001190893817692995
598.0 0.0016130852600326762
599.0 0.0019892122509190813
600.0 0.002365339059906546
601.0 0.002645138738444075
602.0 0.0029249382350826636
603.0 0.002706190207391046
604.0 0.002487441997800488
605.0 0.0019763656382565387
606.0 0.0014652893696620595
607.0 0.0011767452633648645
608.0 0.0008882010661181994
609.0 0.0009395806955581065
610.0 0.0009909602340485435
611.0 0.0006822839168307837
612.0 0.00037360746318881866
613.0 0.0006010568995407084
614.0 0.0008285064723168034
615.0 0.0005862941634404706
616.0 0.0003440818773015053
617.0 0.00041750099626369774
618.0 0.0004909199105895823
619.0 0.0006653634045505896
620.0 0.0008398066711379215
621.0 0.0007266672582773026
622.0 0.0006135278454166837
623.0 0.0006071105417504441
624.0 0.0006006933290336747
625.0 0.0008341430657310411
626.0 0.0010675928933778778
627.0 0.0011045573955925647
628.0 0.0011415218978072517
629.0 0.0014475941497948952
630.0 0.0017536664017825387
631.0 0.0018601569536258467
632.0 0.0019666478692670353
633.0 0.0024028337065828964
634.0 0.002839019725797698
635.0 0.002792833765852265
636.0 0.0027466478059068322
637.0 0.0024557917640777305
638.0 0.0021649355403496884
639.0 0.0019416120267123915
640.0 0.0017182888768729754
641.0 0.0015750771126477048
642.0 0.001431865803169785
643.0 0.000836003619042458
644.0 0.0002401414576524985
645.0 8.538079896425188e-05
646.0 1.6263865254551035e-10
647.0 0.00017165868939628126
648.0 0.0004126971816731384
649.0 0.00030211720059014624
650.0 0.0001915371285576839
651.0 0.0006820640919613652
652.0 0.001172591328213457
653.0 0.0011235875717829913
654.0 0.0010745838153525256
655.0 0.0016262785720755346
656.0 0.0021779733287985437
657.0 0.002720834527281113
658.0 0.003263695180066861
659.0 0.0034152479202020913
660.0 0.0035668006603373215
661.0 0.003270918386988342
662.0 0.002975036113639362
663.0 0.002189813858421985
664.0 0.0014045917851035483
665.0 0.0013777836102235597
666.0 0.001350975435343571
667.0 0.0011384566278138664
668.0 0.0009259379112336319
669.0 0.0007744522008579224
670.0 0.0006229665814316832
671.0 0.0005258676992525579
672.0 0.00042876881707343273
673.0 0.0005501395662577124
674.0 0.0006715103609167272
675.0 0.0009423712981515564
676.0 0.0012132320080127101
677.0 0.0016508887711097486
678.0 0.0020885452613583766
679.0 0.0026778148821904324
680.0 0.0032670846849214286
681.0 0.004843540591537021
682.0 0.006419995770556852
683.0 0.008303614595206454
684.0 0.01018723487504758
685.0 0.01053102605510503
686.0 0.010874818690354005
687.0 0.009395539382239804
688.0 0.007916262256912887
689.0 0.006368824688252062
690.0 0.004821386391995475
691.0 0.004266496762284078
692.0 0.003711607860168442
693.0 0.0030408862585318275
694.0 0.002370164838794153
695.0 0.001825477920647245
696.0 0.001280791184399277
697.0 0.0011553473086678423
698.0 0.0010299035238858778
699.0 0.000854045993037289
700.0 0.0006781884167139651
701.0 0.0007676442692172714
702.0 0.0008571001671953127
703.0 0.0007411025308101671
704.0 0.0006251048489502864
705.0 0.000715815667717834
706.0 0.0008065264410106465
707.0 0.0008911541044653859
708.0 0.0009757818588695955
709.0 0.0009169092663796619
710.0 0.0008580367648391984
711.0 0.0008036907274799887
712.0 0.0007493444172723684
713.0 0.0005615789632429369
714.0 0.00037381353195087286
715.0 0.0004190095751255285
716.0 0.0004642056865122868
717.0 0.000518162096341257
718.0 0.0005721183242712868
719.0 0.0004077878202224383
720.0 0.0002434572706988547
721.0 0.0001297204335060087
722.0 1.5983667367436283e-05
723.0 0.0002785734523058636
724.0 0.0005411633992480347
725.0 0.0003788059757425799
726.0 0.00021644866592396284
727.0 0.00036681126402982045
728.0 0.0005171738393983105
729.0 0.0002591870497781201
730.0 1.200302701676037e-06
731.0 0.0002329012659174623
732.0 0.00046460231715172995
733.0 0.0005530534963327227
734.0 0.0006415045845642453
735.0 0.0004877203537034802
736.0 0.0003339360546306125
737.0 0.00039814162846596446
738.0 0.000462347225038684
739.0 0.0006562281214428367
740.0 0.0008501089723722544
741.0 0.0013528956515074242
742.0 0.0018556822396931238
743.0 0.0024973085601232015
744.0 0.0031389346986543387
745.0 0.003881157681462355
746.0 0.0046233803004724905
747.0 0.004594291385728866
748.0 0.0045652021071873605
749.0 0.0042494622903177515
750.0 0.003933722473448142
751.0 0.003592290886444971
752.0 0.0032508592994417995
753.0 0.003260035373386927
754.0 0.0032692114473320544
755.0 0.00275149959634291
756.0 0.002233787745353766
757.0 0.00206921249628067
758.0 0.001904637429106515
759.0 0.0015361341866082512
760.0 0.0011676311260089278
761.0 0.0010546608791628387
762.0 0.0009416907232662197
763.0 0.0008208482540794648
764.0 0.000700005830367445
765.0 0.00043560612539295107
766.0 0.00017120645452450844
767.0 0.0003484152102828375
768.0 0.0005256240910966881
769.0 0.0006402475264621899
770.0 0.0007548710073024267
771.0 0.0007910911335784476
772.0 0.0008273112143797334
773.0 0.0008466766303172335
774.0 0.0008660420462547336
775.0 0.0006899355867062695
776.0 0.0005138290816830704
777.0 0.0008126115062623285
778.0 0.0011113939763163216
779.0 0.0009251553819922265
780.0 0.0007389166057691909
781.0 0.0009537008736515418
782.0 0.0011684849596349522
783.0 0.001123878337239148
784.0 0.0010792718967422843
785.0 0.0013222586858319119
786.0 0.0015652454749215394
787.0 0.00133124531203066
788.0 0.0010972449672408402
789.0 0.0010095744983118493
790.0 0.0009219037565344479
791.0 0.000782699316914659
792.0 0.000643494831820135
793.0 0.0006272293376241578
794.0 0.0006109637979534455
795.0 0.0004985099167242879
796.0 0.00038605599002039526
797.0 0.00034027048059215304
798.0 0.0002944849711639108
799.0 0.00022585195438296068
800.0 0.00015721899444542942
801.0 3.066693921027763e-05
802.0 1.6263865254551035e-10
803.0 1.6263865254551035e-10
804.0 1.6263865254551035e-10
805.0 0.00010228496876152349
806.0 0.0004687991804530611
807.0 0.0003563113068594248
808.0 0.0002438233877910534
809.0 0.0002566487182775745
810.0 0.00026947395781462546
811.0 0.00026171019271714613
812.0 0.00025394640488229925
813.0 0.0002199232312705135
814.0 0.00018590009176477906
815.0 0.0001715282337499957
816.0 0.00015715634162916103
817.0 0.0003915883553418098
818.0 0.0006260203917918261
819.0 0.0005733978468924761
820.0 0.0005207754384173313
821.0 0.00039143437788879965
822.0 0.00026209308998659253
823.0 0.00014986528640292818
824.0 3.763741460716119e-05
825.0 6.876755946905178e-05
826.0 9.989760201278841e-05
827.0 6.474453471128072e-05
828.0 2.959152141102095e-05
829.0 1.6263865254551035e-10
830.0 1.6263865254551035e-10
831.0 1.6263865254551035e-10
832.0 1.6263865254551035e-10
833.0 1.6263865254551035e-10
834.0 1.6263865254551035e-10
835.0 1.6263865254551035e-10
836.0 2.8370490667839476e-05
837.0 1.6263865254551035e-10
838.0 1.6263865254551035e-10
839.0 1.6263865254551035e-10
840.0 1.6263865254551035e-10
841.0 1.6263865254551035e-10
842.0 1.6263865254551035e-10
843.0 1.6263865254551035e-10
844.0 0.00025867366275633685
845.0 0.00014634138096880633
846.0 3.400907644390827e-05
847.0 0.0002287330744366045
848.0 0.0004234571406414034
849.0 0.00026913594410871156
850.0 0.00011481478168207104
851.0 0.0003032235326827504
852.0 0.0004916322268400108
853.0 0.00047487596930295695
854.0 0.0004581198936648434
855.0 0.0005752857305196812
856.0 0.0006924518402229296
857.0 0.0007848660061426926
858.0 0.0008772802175371908
859.0 0.0008156351213983726
860.0 0.0007539895705122035
861.0 0.0011979383998550475
862.0 0.0016418871382484213
863.0 0.001682154652371537
864.0 0.0017224225302925333
865.0 0.0015056839401950128
866.0 0.0012889453500974923
867.0 0.0015116759641387034
868.0 0.0017344063962809741
869.0 0.0016710246200091206
870.0 0.001607642843737267
871.0 0.0015787669326527975
872.0 0.0015498912034672685
873.0 0.0020527349988697097
874.0 0.002555578976171091
875.0 0.0024652943466207944
