lsstcam/transmission_sensor/r02_s22/19700101T000000.ecsv
# %ECSV 0.9
# ---
# datatype:
# - {name: amp_name, datatype: string}
# - {name: wavelength, unit: nm, datatype: float32}
# - {name: efficiency, unit: '%', datatype: float32}
# meta: !!omap
# - {MODE: AMP}
# - {TYPE: QE}
# - {CALIBDATE: '1970-01-01T00:00:00'}
# - {INSTRUME: LSSTCAM}
# - {OBSTYPE: qe_curve}
# - {DETECTOR: 17}
# - {PICKLEFILE: RaftRun10982.p}
# - {CALIB_ID: 'raftName=R02 detectorName=S22 detector=17 calibDate=1970-01-01T00:00:00 ccd=17 ccdnum=17 filter=None'}
# - {DATE: '2020-07-23T19:15:17.004241'}
# - {CALIB_CREATION_DATE: '2020-07-23'}
# - {CALIB_CREATION_TIME: '19:15:17'}
# - __serialized_columns__:
#     efficiency:
#       __class__: astropy.units.quantity.Quantity
#       unit: !astropy.units.Unit {unit: '%'}
#       value: !astropy.table.SerializedColumn {name: efficiency}
#     wavelength:
#       __class__: astropy.units.quantity.Quantity
#       unit: !astropy.units.Unit {unit: nm}
#       value: !astropy.table.SerializedColumn {name: wavelength}
# schema: astropy-2.0
amp_name wavelength efficiency
C15 319.994 45.52972
C15 324.969 47.100483
C15 349.982 54.830513
C15 374.975 71.555954
C15 400.019 84.99091
C15 424.965 87.2681
C15 450.035 86.50854
C15 475.003 85.80657
C15 500.018 85.52788
C15 525.002 85.69466
C15 550.029 86.72621
C15 575.023 88.14202
C15 599.982 89.81597
C15 619.997 90.926544
C15 624.979 91.17295
C15 650.012 92.66667
C15 675.004 94.062294
C15 700.03 95.30455
C15 725.012 96.322754
C15 750.022 98.636894
C15 774.987 100.15566
C15 799.976 101.22674
C15 824.988 99.978676
C15 850.022 99.14924
C15 869.967 96.9535
C15 875.002 95.757576
C15 899.999 88.60082
C15 919.999 80.221855
C15 925.012 77.55644
C15 949.965 64.13584
C15 975.002 49.557854
C15 999.976 32.44047
C15 1025.028 15.753772
C15 1050.014 6.3568883
C15 1075.002 3.5091746
C15 1099.99 2.4016008
C17 319.994 45.318954
C17 324.969 46.890392
C17 349.982 54.661507
C17 374.975 71.59587
C17 400.019 85.17851
C17 424.965 87.424446
C17 450.035 86.52721
C17 475.003 85.60395
C17 500.018 85.15114
C17 525.002 85.24557
C17 550.029 86.22202
C17 575.023 87.68947
C17 599.982 89.45965
C17 619.997 90.64421
C17 624.979 90.909836
C17 650.012 92.46196
C17 675.004 93.898735
C17 700.03 95.15241
C17 725.012 96.14538
C17 750.022 98.403786
C17 774.987 99.853455
C17 799.976 100.90409
C17 824.988 99.67524
C17 850.022 98.86836
C17 869.967 96.65709
C17 875.002 95.46378
C17 899.999 88.34503
C17 919.999 80.06233
C17 925.012 77.455864
C17 949.965 64.20972
C17 975.002 49.535244
C17 999.976 32.303455
C17 1025.028 15.687751
C17 1050.014 6.329111
C17 1075.002 3.463701
C17 1099.99 2.3887954
C10 319.994 46.0917
C10 324.969 47.880188
C10 349.982 56.34895
C10 374.975 72.75144
C10 400.019 85.14575
C10 424.965 86.824196
C10 450.035 85.93151
C10 475.003 85.33057
C10 500.018 85.2245
C10 525.002 85.56528
C10 550.029 86.75698
C10 575.023 88.291466
C10 599.982 90.02828
C10 619.997 91.1692
C10 624.979 91.42038
C10 650.012 92.92033
C10 675.004 94.294624
C10 700.03 95.45987
C10 725.012 96.312096
C10 750.022 98.40691
C10 774.987 99.70939
C10 799.976 100.65163
C10 824.988 99.34379
C10 850.022 98.43724
C10 869.967 96.29998
C10 875.002 95.12484
C10 899.999 88.16612
C10 919.999 79.704216
C10 925.012 76.98354
C10 949.965 63.36173
C10 975.002 48.90877
C10 999.976 31.947098
C10 1025.028 15.513287
C10 1050.014 6.2162147
C10 1075.002 3.3778284
C10 1099.99 2.3426101
C16 319.994 45.191242
C16 324.969 46.76712
C16 349.982 54.51404
C16 374.975 71.32001
C16 400.019 84.78289
C16 424.965 87.02151
C16 450.035 86.18391
C16 475.003 85.36061
C16 500.018 84.98179
C16 525.002 85.095856
C16 550.029 86.07531
C16 575.023 87.50095
C16 599.982 89.217285
C16 619.997 90.36341
C16 624.979 90.62067
C16 650.012 92.14056
C16 675.004 93.555084
C16 700.03 94.797455
C16 725.012 95.81671
C16 750.022 98.11413
C16 774.987 99.6114
C16 799.976 100.68534
C16 824.988 99.44795
C16 850.022 98.64799
C16 869.967 96.47168
C16 875.002 95.294876
C16 899.999 88.21062
C16 919.999 79.88738
C16 925.012 77.238914
C16 949.965 63.881763
C16 975.002 49.37675
C16 999.976 32.342262
C16 1025.028 15.686967
C16 1050.014 6.3472285
C16 1075.002 3.4995213
C16 1099.99 2.3913128
C07 319.994 45.48089
C07 324.969 47.04089
C07 349.982 54.76931
C07 374.975 71.726036
C07 400.019 85.447365
C07 424.965 87.75493
C07 450.035 86.82726
C07 475.003 85.833115
C07 500.018 85.34609
C07 525.002 85.44754
C07 550.029 86.44834
C07 575.023 87.93865
C07 599.982 89.76233
C07 619.997 90.99499
C07 624.979 91.26637
C07 650.012 92.86971
C07 675.004 94.327065
C07 700.03 95.5529
C07 725.012 96.38727
C07 750.022 98.41505
C07 774.987 99.65243
C07 799.976 100.5925
C07 824.988 99.39067
C07 850.022 98.445206
C07 869.967 96.06525
C07 875.002 94.827286
C07 899.999 87.96173
C07 919.999 79.83708
C07 925.012 77.216576
C07 949.965 64.19949
C07 975.002 49.343494
C07 999.976 31.80299
C07 1025.028 15.573123
C07 1050.014 6.297389
C07 1075.002 3.3854675
C07 1099.99 2.3210478
C03 319.994 45.86031
C03 324.969 47.577156
C03 349.982 55.841225
C03 374.975 72.56776
C03 400.019 85.4472
C03 424.965 87.29947
C03 450.035 86.318665
C03 475.003 85.4692
C03 500.018 85.15801
C03 525.002 85.388245
C03 550.029 86.48488
C03 575.023 88.02093
C03 599.982 89.83987
C03 619.997 91.05003
C03 624.979 91.317764
C03 650.012 92.88377
C03 675.004 94.3002
C03 700.03 95.46416
C03 725.012 96.224205
C03 750.022 98.16974
C03 774.987 99.33417
C03 799.976 100.210945
C03 824.988 98.94674
C03 850.022 97.93496
C03 869.967 95.57652
C03 875.002 94.37881
C03 899.999 87.72161
C03 919.999 79.58723
C03 925.012 76.931526
C03 949.965 63.60875
C03 975.002 49.11672
C03 999.976 31.902515
C03 1025.028 15.655591
C03 1050.014 6.3570757
C03 1075.002 3.3945851
C03 1099.99 2.3100924
C12 319.994 45.911823
C12 324.969 47.600956
C12 349.982 55.69735
C12 374.975 72.16322
C12 400.019 84.97055
C12 424.965 86.90363
C12 450.035 86.07952
C12 475.003 85.43571
C12 500.018 85.25966
C12 525.002 85.528
C12 550.029 86.64777
C12 575.023 88.14865
C12 599.982 89.88139
C12 619.997 91.02335
C12 624.979 91.28196
C12 650.012 92.78656
C12 675.004 94.17839
C12 700.03 95.37426
C12 725.012 96.2974
C12 750.022 98.48407
C12 774.987 99.87989
C12 799.976 100.878624
C12 824.988 99.59552
C12 850.022 98.70725
C12 869.967 96.48634
C12 875.002 95.30512
C12 899.999 88.23584
C12 919.999 79.98125
C12 925.012 77.34038
C12 949.965 63.846767
C12 975.002 49.26026
C12 999.976 32.228424
C12 1025.028 15.679907
C12 1050.014 6.306704
C12 1075.002 3.4686544
C12 1099.99 2.3842475
C13 319.994 45.584156
C13 324.969 47.222797
C13 349.982 55.131195
C13 374.975 71.627495
C13 400.019 84.64205
C13 424.965 86.72337
C13 450.035 85.96315
C13 475.003 85.34472
C13 500.018 85.15832
C13 525.002 85.407326
C13 550.029 86.51077
C13 575.023 87.96972
C13 599.982 89.64391
C13 619.997 90.744896
C13 624.979 90.99447
C13 650.012 92.47102
C13 675.004 93.850555
C13 700.03 95.05486
C13 725.012 96.01257
C13 750.022 98.24681
C13 774.987 99.69092
C13 799.976 100.718445
C13 824.988 99.44926
C13 850.022 98.57359
C13 869.967 96.34083
C13 875.002 95.15802
C13 899.999 88.01269
C13 919.999 79.73381
C13 925.012 77.11756
C13 949.965 63.762257
C13 975.002 49.191067
C13 999.976 32.126125
C13 1025.028 15.626497
C13 1050.014 6.2750435
C13 1075.002 3.4663966
C13 1099.99 2.3812351
C14 319.994 45.575996
C14 324.969 47.178375
C14 349.982 54.96609
C14 374.975 71.57267
C14 400.019 84.83736
C14 424.965 87.03012
C14 450.035 86.27854
C14 475.003 85.63124
C14 500.018 85.40678
C14 525.002 85.616325
C14 550.029 86.6859
C14 575.023 88.12336
C14 599.982 89.79241
C14 619.997 90.8932
C14 624.979 91.14125
C14 650.012 92.622086
C14 675.004 94.007706
C14 700.03 95.231766
C14 725.012 96.22202
C14 750.022 98.505646
C14 774.987 99.996376
C14 799.976 101.04895
C14 824.988 99.78528
C14 850.022 98.923355
C14 869.967 96.69469
C14 875.002 95.50601
C14 899.999 88.31942
C14 919.999 79.9597
C14 925.012 77.32015
C14 949.965 63.95075
C14 975.002 49.372055
C14 999.976 32.252502
C14 1025.028 15.6841955
C14 1050.014 6.299814
C14 1075.002 3.4840498
C14 1099.99 2.387148
C05 319.994 45.917225
C05 324.969 47.568195
C05 349.982 55.632362
C05 374.975 72.659004
C05 400.019 86.10039
C05 424.965 88.20144
C05 450.035 87.22075
C05 475.003 86.26004
C05 500.018 85.83764
C05 525.002 85.991325
C05 550.029 87.032455
C05 575.023 88.55447
C05 599.982 90.401215
C05 619.997 91.64261
C05 624.979 91.91739
C05 650.012 93.52626
C05 675.004 94.987206
C05 700.03 96.20806
C05 725.012 97.06523
C05 750.022 99.150795
C05 774.987 100.430786
C05 799.976 101.387344
C05 824.988 100.13292
C05 850.022 99.16611
C05 869.967 96.76707
C05 875.002 95.54611
C05 899.999 88.72755
C05 919.999 80.464966
C05 925.012 77.78391
C05 949.965 64.53808
C05 975.002 49.791134
C05 999.976 32.186726
C05 1025.028 15.784798
C05 1050.014 6.3774796
C05 1075.002 3.4312959
C05 1099.99 2.3448336
C00 319.994 46.15691
C00 324.969 47.935307
C00 349.982 56.331203
C00 374.975 72.70958
C00 400.019 85.20309
C00 424.965 86.963974
C00 450.035 86.13322
C00 475.003 85.5825
C00 500.018 85.50931
C00 525.002 85.854546
C00 550.029 87.05129
C00 575.023 88.581055
C00 599.982 90.314514
C00 619.997 91.44686
C00 624.979 91.70163
C00 650.012 93.20065
C00 675.004 94.570435
C00 700.03 95.6617
C00 725.012 96.28494
C00 750.022 98.05936
C00 774.987 99.04965
C00 799.976 99.85274
C00 824.988 98.60283
C00 850.022 97.59763
C00 869.967 95.45382
C00 875.002 94.35281
C00 899.999 88.00499
C00 919.999 79.72572
C00 925.012 77.03063
C00 949.965 63.531666
C00 975.002 49.03203
C00 999.976 31.979324
C00 1025.028 15.629698
C00 1050.014 6.220841
C00 1075.002 3.3179688
C00 1099.99 2.2978709
C02 319.994 46.000847
C02 324.969 47.736404
C02 349.982 56.050602
C02 374.975 72.626305
C02 400.019 85.3126
C02 424.965 87.12411
C02 450.035 86.20165
C02 475.003 85.47192
C02 500.018 85.25496
C02 525.002 85.51637
C02 550.029 86.639824
C02 575.023 88.16336
C02 599.982 89.94628
C02 619.997 91.1231
C02 624.979 91.38743
C02 650.012 92.92066
C02 675.004 94.3157
C02 700.03 95.45018
C02 725.012 96.15978
C02 750.022 98.04126
C02 774.987 99.14113
C02 799.976 99.9951
C02 824.988 98.73899
C02 850.022 97.73563
C02 869.967 95.44649
C02 875.002 94.287865
C02 899.999 87.7949
C02 919.999 79.66189
C02 925.012 76.99035
C02 949.965 63.57933
C02 975.002 49.10344
C02 999.976 31.999836
C02 1025.028 15.713611
C02 1050.014 6.3699994
C02 1075.002 3.392918
C02 1099.99 2.3139455
C04 319.994 45.67919
C04 324.969 47.352
C04 349.982 55.473396
C04 374.975 72.280754
C04 400.019 85.39183
C04 424.965 87.36332
C04 450.035 86.381096
C04 475.003 85.47485
C04 500.018 85.105385
C04 525.002 85.29183
C04 550.029 86.35297
C04 575.023 87.87476
C04 599.982 89.70226
C04 619.997 90.92416
C04 624.979 91.194565
C04 650.012 92.776764
C04 675.004 94.210556
C04 700.03 95.40078
C04 725.012 96.21134
C04 750.022 98.22608
C04 774.987 99.44886
C04 799.976 100.36521
C04 824.988 99.11023
C04 850.022 98.1234
C04 869.967 95.73997
C04 875.002 94.52471
C04 899.999 87.7823
C04 919.999 79.63145
C04 925.012 76.98219
C04 949.965 63.744144
C04 975.002 49.22608
C04 999.976 31.878555
C04 1025.028 15.618076
C04 1050.014 6.3335547
C04 1075.002 3.399778
C04 1099.99 2.3172219
C11 319.994 46.069893
C11 324.969 47.840786
C11 349.982 56.23553
C11 374.975 72.674286
C11 400.019 85.12064
C11 424.965 86.8008
C11 450.035 85.84509
C11 475.003 85.106064
C11 500.018 84.89506
C11 525.002 85.19158
C11 550.029 86.34961
C11 575.023 87.92505
C11 599.982 89.73657
C11 619.997 90.92882
C11 624.979 91.19201
C11 650.012 92.736115
C11 675.004 94.140335
C11 700.03 95.32679
C11 725.012 96.21333
C11 750.022 98.34759
C11 774.987 99.68678
C11 799.976 100.65262
C11 824.988 99.35175
C11 850.022 98.45102
C11 869.967 96.31012
C11 875.002 95.14199
C11 899.999 88.155815
C11 919.999 79.81153
C11 925.012 77.12515
C11 949.965 63.525227
C11 975.002 49.09704
C11 999.976 32.16171
C11 1025.028 15.638677
C11 1050.014 6.2978606
C11 1075.002 3.4458835
C11 1099.99 2.3674839
C06 319.994 45.419876
C06 324.969 47.013145
C06 349.982 54.864876
C06 374.975 71.75543
C06 400.019 85.247345
C06 424.965 87.44348
C06 450.035 86.49525
C06 475.003 85.51255
C06 500.018 85.04979
C06 525.002 85.180275
C06 550.029 86.195404
C06 575.023 87.70404
C06 599.982 89.536514
C06 619.997 90.77591
C06 624.979 91.04782
C06 650.012 92.6512
C06 675.004 94.10451
C06 700.03 95.32843
C06 725.012 96.19093
C06 750.022 98.26558
C06 774.987 99.54393
C06 799.976 100.50121
C06 824.988 99.27373
C06 850.022 98.32584
C06 869.967 95.95346
C06 875.002 94.73649
C06 899.999 87.95898
C06 919.999 79.7745
C06 925.012 77.1244
C06 949.965 64.04191
C06 975.002 49.34611
C06 999.976 31.84479
C06 1025.028 15.625518
C06 1050.014 6.3095517
C06 1075.002 3.3962421
C06 1099.99 2.3237133
C01 319.994 46.490192
C01 324.969 48.27305
C01 349.982 56.731754
C01 374.975 73.2785
C01 400.019 85.85479
C01 424.965 87.587685
C01 450.035 86.6453
C01 475.003 85.922
C01 500.018 85.737465
C01 525.002 86.035324
C01 550.029 87.186356
C01 575.023 88.75041
C01 599.982 90.569435
C01 619.997 91.77171
C01 624.979 92.0426
C01 650.012 93.60092
C01 675.004 95.009
C01 700.03 96.13899
C01 725.012 96.81183
C01 750.022 98.646065
C01 774.987 99.698395
C01 799.976 100.52116
C01 824.988 99.25595
C01 850.022 98.25719
C01 869.967 96.036
C01 875.002 94.89602
C01 899.999 88.45812
C01 919.999 80.20362
C01 925.012 77.50012
C01 949.965 63.907993
C01 975.002 49.366318
C01 999.976 32.241737
C01 1025.028 15.796248
C01 1050.014 6.3878765
C01 1075.002 3.395036
C01 1099.99 2.3261163
