lsstCam/transmission_sensor/r02_s22/19700101T000000.ecsv
# %ECSV 1.0
# ---
# datatype:
# - {name: amp_name, datatype: string}
# - {name: wavelength, unit: nm, datatype: float32}
# - {name: efficiency, unit: '%', datatype: float64}
# meta: !!omap
# - {MODE: AMP}
# - {TYPE: transmission_sensor}
# - {CALIBDATE: '1970-01-01T00:00:00'}
# - {INSTRUME: LSSTCam}
# - {OBSTYPE: transmission_sensor}
# - {DETECTOR: 17}
# - {PARQUETFILE: qe_raft_allvalues_nircorrected_20230725_adjust.parquet}
# - {CORRFILE: qe_corr_factor_bydetnum.parquet}
# - {CALIBCLS: lsst.ip.isr.IntermediateSensorTransmissionCurve}
# - {CALIB_ID: 'raftName=R02 detectorName=S22 detector=17 calibDate=1970-01-01T00:00:00 ccd=17 ccdnum=17 filter=None'}
# - {DATE: '2025-03-03T21:56:47.468779'}
# - {CALIB_CREATION_DATE: '2025-03-03'}
# - {CALIB_CREATION_TIME: '21:56:47'}
# - __serialized_columns__:
#     efficiency:
#       __class__: astropy.units.quantity.Quantity
#       unit: !astropy.units.Unit {unit: '%'}
#       value: !astropy.table.SerializedColumn {name: efficiency}
#     wavelength:
#       __class__: astropy.units.quantity.Quantity
#       unit: !astropy.units.Unit {unit: nm}
#       value: !astropy.table.SerializedColumn {name: wavelength}
# schema: astropy-2.0
amp_name wavelength efficiency
C00 319.994 45.82510145770936
C00 324.969 47.59071369266402
C00 349.982 55.92625496442031
C00 374.975 72.1868916311703
C00 400.019 84.59058685694558
C00 424.965 86.3388155018256
C00 450.035 85.51403043008762
C00 475.003 84.96726918130828
C00 500.018 84.89460653225115
C00 525.002 85.23736245140933
C00 550.029 86.42550621572728
C00 575.023 87.9442714716219
C00 599.982 89.66526961265947
C00 619.997 90.78947660842836
C00 624.979 91.04241352492632
C00 650.012 92.53066092268989
C00 675.004 93.89059545951028
C00 700.03 94.9740135086334
C00 725.012 95.59277842070234
C00 750.022 97.3544367410518
C00 774.987 98.33761320801896
C00 799.976 99.13492539034485
C00 824.988 97.89400216823161
C00 850.022 96.89603260696562
C00 869.967 94.76762977060987
C00 875.002 93.67453902234716
C00 899.999 87.37234757089136
C00 919.999 79.15259843049506
C00 925.012 76.47688140327918
C00 949.965 63.074955294295606
C00 975.002 48.67955133163395
C00 999.976 31.749434359636446
C00 1025.028 15.51734048735216
C00 1050.014 6.176121130441377
C00 1075.002 0.9274803463014949
C00 1099.99 0.09202374790135072
C01 319.994 46.15598805850284
C01 324.969 47.92602761737847
C01 349.982 56.32392636420647
C01 374.975 72.75172575398804
C01 400.019 85.23760483697899
C01 424.965 86.95804246138671
C01 450.035 86.02243416246695
C01 475.003 85.30432903957924
C01 500.018 85.12112342165526
C01 525.002 85.41684139119967
C01 550.029 86.55959845759723
C01 575.023 88.1124113114812
C01 599.982 89.91835802013848
C01 619.997 91.11199333251923
C01 624.979 91.38093527116436
C01 650.012 92.92805206416112
C01 675.004 94.32601083722322
C01 700.03 95.447877297335
C01 725.012 96.11587677824282
C01 750.022 97.93692713771006
C01 774.987 98.98169226302015
C01 799.976 99.79853920735148
C01 824.988 98.54242901438872
C01 850.022 97.55084479797367
C01 869.967 95.34562845968023
C01 875.002 94.21383934031016
C01 899.999 87.82222276274484
C01 919.999 79.62706060857177
C01 925.012 76.94299642830043
C01 949.965 63.44857750084124
C01 975.002 49.01143777290232
C01 999.976 32.009960974284645
C01 1025.028 15.682693839978906
C01 1050.014 6.341955940342251
C01 1075.002 0.9330291529940637
C01 1099.99 0.09257429540380346
C02 319.994 45.6701602695734
C02 324.969 47.39324141160032
C02 349.982 55.64767062483182
C02 374.975 72.10421542826624
C02 400.019 84.69931193403994
C02 424.965 86.49779771188086
C02 450.035 85.58197413508528
C02 475.003 84.85748366734663
C02 500.018 84.64208621595105
C02 525.002 84.90162056467342
C02 550.029 86.01699563624751
C02 575.023 87.52958006011559
C02 599.982 89.29968400265817
C02 619.997 90.46804304485194
C02 624.979 90.73047087131224
C02 650.012 92.25268254702557
C02 675.004 93.63768884120853
C02 700.03 94.76401671071201
C02 725.012 95.46851794350206
C02 750.022 97.33646991070013
C02 774.987 98.42843205115408
C02 799.976 99.27626647565769
C02 824.988 98.02918514516507
C02 850.022 97.03303347567159
C02 869.967 94.76035062897077
C02 875.002 93.61005688626634
C02 899.999 87.16376721364271
C02 919.999 79.08922217857585
C02 925.012 76.43688778428391
C02 949.965 63.122277289498825
C02 975.002 48.75044911076194
C02 999.976 31.76979853476311
C02 1025.028 15.600650111920702
C02 1050.014 6.324207351685151
C02 1075.002 0.927308203732926
C02 1099.99 0.09200666807384145
C03 319.994 45.530633288758544
C03 324.969 47.2351378492351
C03 349.982 55.439798487919546
C03 374.975 72.04608833884016
C03 400.019 84.83294212841771
C03 424.965 86.67189872184419
C03 450.035 85.69814499389787
C03 475.003 84.85478712788407
C03 500.018 84.54583642114557
C03 525.002 84.77441358789186
C03 550.029 85.86316411954769
C03 575.023 87.38817080386127
C03 599.982 89.19403419247898
C03 619.997 90.39550158857965
C03 624.979 90.66130766391719
C03 650.012 92.2160596023585
C03 675.004 93.62230493208364
C03 700.03 94.77789328457553
C03 725.012 95.5324774356983
C03 750.022 97.46402531673809
C03 774.987 98.6200832912712
C03 799.976 99.49055804289166
C03 824.988 98.23544011585471
C03 850.022 97.23093371875673
C03 869.967 94.88945124301537
C03 875.002 93.7003455109678
C03 899.999 87.0910060954479
C03 919.999 79.01509764155165
C03 925.012 76.37848801109195
C03 949.965 63.15148475064386
C03 975.002 48.76363261338719
C03 999.976 31.673177587054074
C03 1025.028 15.543047560016475
C03 1050.014 6.311376539000149
C03 1075.002 0.9285228467027332
C03 1099.99 0.09212718383343617
C04 319.994 45.35081728153538
C04 324.969 47.01160154488301
C04 349.982 55.07461432901799
C04 374.975 71.76114895259693
C04 400.019 84.77797362594636
C04 424.965 86.73529012286151
C04 450.035 85.7601275287915
C04 475.003 84.8603998687317
C04 500.018 84.49358718178394
C04 525.002 84.67869401152002
C04 550.029 85.73220016643627
C04 575.023 87.24305759312047
C04 599.982 89.05741962577467
C04 619.997 90.27052910376847
C04 624.979 90.5389938458233
C04 650.012 92.10981897735324
C04 675.004 93.53330398072104
C04 700.03 94.71497150559944
C04 725.012 95.5197067459964
C04 750.022 97.51996336148811
C04 774.987 98.73395148717195
C04 799.976 99.64371542472584
C04 824.988 98.39775512749293
C04 850.022 97.41801750579542
C04 869.967 95.05172080735927
C04 875.002 93.84520118704083
C04 899.999 87.15126163315763
C04 919.999 79.05899972785782
C04 925.012 76.42879059134718
C04 949.965 63.28590648539758
C04 975.002 48.87220998677502
C04 999.976 31.64938971575584
C04 1025.028 15.505802555508494
C04 1050.014 6.288024677681731
C04 1075.002 0.9290552249033608
C04 1099.99 0.09218000590941662
C05 319.994 45.58713942468747
C05 324.969 47.22624154137337
C05 349.982 55.23243763306829
C05 374.975 72.1366799455037
C05 400.019 85.48143714551628
C05 424.965 87.5673846344348
C05 450.035 86.59374452472426
C05 475.003 85.63994215898127
C05 500.018 85.2205772507098
C05 525.002 85.373158966816
C05 550.029 86.40680465411756
C05 575.023 87.9178741681752
C05 599.982 89.75134678808794
C05 619.997 90.983816813459
C05 624.979 91.25662177212071
C05 650.012 92.85392752713692
C05 675.004 94.30437035058128
C05 700.03 95.51644968990398
C05 725.012 96.36745785046045
C05 750.022 98.43802900480313
C05 774.987 99.70881867382894
C05 799.976 100.65850048488757
C05 824.988 99.41309312973547
C05 850.022 98.45323112475077
C05 869.967 96.07143689895395
C05 875.002 94.85925909049357
C05 899.999 88.08971038797195
C05 919.999 79.88652678635268
C05 925.012 77.22474692939272
C05 949.965 64.07413299613542
C05 975.002 49.4332000259488
C05 999.976 31.95534468834422
C05 1025.028 15.671325388670283
C05 1050.014 6.3316337236214535
C05 1075.002 0.9378010547135927
C05 1099.99 0.0930477591085591
C06 319.994 45.093365933802346
C06 324.969 46.675181736006934
C06 349.982 54.47046829661967
C06 374.975 71.23960337761214
C06 400.019 84.63452681599702
C06 424.965 86.8148759097523
C06 450.035 85.87345793170955
C06 475.003 84.8978257155983
C06 500.018 84.43839144284102
C06 525.002 84.5679389552797
C06 550.029 85.57577057941157
C06 575.023 87.07356190898084
C06 599.982 88.89286254761703
C06 619.997 90.12334804113642
C06 624.979 90.39330496935453
C06 650.012 91.9851570490532
C06 675.004 93.42801774889637
C06 700.03 94.64314205693803
C06 725.012 95.49944482728193
C06 750.022 97.55917680193102
C06 774.987 98.82833794291062
C06 799.976 99.7787393361292
C06 824.988 98.56007771368019
C06 850.022 97.61900816489383
C06 869.967 95.26367941348518
C06 875.002 94.05545551963
C06 899.999 87.32666546555794
C06 919.999 79.20102252258536
C06 925.012 76.56997261112993
C06 949.965 63.58152977307885
C06 975.002 48.99137657973774
C06 999.976 31.615866655288354
C06 1025.028 15.513190581290221
C06 1050.014 6.264194199545082
C06 1075.002 0.9294283099844161
C06 1099.99 0.0922170230684127
C07 319.994 45.15393960257227
C07 324.969 46.70272658363503
C07 349.982 54.37558949519262
C07 374.975 71.21041864011427
C07 400.019 84.83310876849686
C07 424.965 87.12408415115857
C07 450.035 86.20308715736037
C07 475.003 85.21608554312188
C07 500.018 84.7325642043788
C07 525.002 84.83328298312506
C07 550.029 85.82688960413702
C07 575.023 87.30648686688305
C07 599.982 89.11705405046213
C07 619.997 90.34085121716849
C07 624.979 90.61028550150199
C07 650.012 92.2020997084554
C07 675.004 93.64897491929621
C07 700.03 94.86600043914996
C07 725.012 95.69436827258959
C07 750.022 97.7075697924114
C07 774.987 98.93605560498104
C07 799.976 99.869368815538
C07 824.988 98.67618040155132
C07 850.022 97.73751198481449
C07 869.967 95.37466170619706
C07 875.002 94.14560022789946
C07 899.999 87.32939987776575
C07 919.999 79.26315654846003
C07 925.012 76.66148831277782
C07 949.965 63.7379820837507
C07 975.002 48.98877850941286
C07 999.976 31.574367594668967
C07 1025.028 15.461172365674681
C07 1050.014 6.252118948128031
C07 1075.002 0.930842417354905
C07 1099.99 0.09235732950259888
C10 319.994 45.76036178696076
C10 324.969 47.535991363036864
C10 349.982 55.94387336551558
C10 374.975 72.22845318181938
C10 400.019 84.53366412081878
C10 424.965 86.20004218864142
C10 450.035 85.31377450224726
C10 475.003 84.71714999705772
C10 500.018 84.61184861613492
C10 525.002 84.95017342409761
C10 550.029 86.1333104114921
C10 575.023 87.65676431325
C10 599.982 89.38109525587052
C10 619.997 90.51380847022494
C10 624.979 90.7631853486684
C10 650.012 92.25234926686727
C10 675.004 93.61676793672653
C10 700.03 94.77363638800821
C10 725.012 95.6197362407789
C10 750.022 97.69949532312182
C10 774.987 98.99260718820427
C10 799.976 99.92807157069205
C10 824.988 98.62963479762595
C10 850.022 97.72960415560406
C10 869.967 95.6077078568841
C10 875.002 94.4410152154818
C10 899.999 87.53232204687247
C10 919.999 79.1312457767171
C10 925.012 76.4301312865294
C10 949.965 62.90623978870834
C10 975.002 48.55718070442218
C10 999.976 31.717439464440226
C10 1025.028 15.401766124277415
C10 1050.014 6.171528113259888
C10 1075.002 0.9307649153567432
C10 1099.99 0.09234963982554088
C11 319.994 45.73870993849523
C11 324.969 47.49687260445711
C11 349.982 55.83127011930653
C11 374.975 72.15185176725512
C11 400.019 84.50873627988821
C11 424.965 86.17681104669852
C11 450.035 85.22797758513373
C11 475.003 84.49426131664957
C11 500.018 84.28477201351467
C11 525.002 84.57916443697496
C11 550.029 85.72886736485333
C11 575.023 87.29298144592309
C11 599.982 89.09148237286212
C11 619.997 90.27515715323932
C11 624.979 90.53645637189084
C11 650.012 92.06946178000346
C11 675.004 93.46358783124519
C11 700.03 94.64151352889182
C11 725.012 95.521683703299
C11 750.022 97.64059562969241
C11 774.987 98.9701637993628
C11 799.976 99.92905626206883
C11 824.988 98.63754262683638
C11 850.022 97.74328379119221
C11 869.967 95.6177744325744
C11 875.002 94.458042801751
C11 899.999 87.52208883110303
C11 919.999 79.23778938368443
C11 925.012 76.57072249148608
C11 949.965 63.068562374895606
C11 975.002 48.7440940641072
C11 999.976 31.93050774200227
C11 1025.028 15.526254784767891
C11 1050.014 6.2525871499413155
C11 1075.002 0.9302034524806116
C11 1099.99 0.09229393199477647
C12 319.994 45.58177664395856
C12 324.969 47.258766655003235
C12 349.982 55.29695764189437
C12 374.975 71.64446302444878
C12 400.019 84.35972217638555
C12 424.965 86.27890839337225
C12 450.035 85.4607207538587
C12 475.003 84.82153485754519
C12 500.018 84.64675213816717
C12 525.002 84.91316417742887
C12 550.029 86.02488831635984
C12 575.023 87.51497632954307
C12 599.982 89.23526246296976
C12 619.997 90.36901339054432
C12 624.979 90.62576030521551
C12 650.012 92.11954469833618
C12 675.004 93.50136968191724
C12 700.03 94.68864237309421
C12 725.012 95.60514765930449
C12 750.022 97.77609673768607
C12 774.987 99.1618832104214
C12 799.976 100.15343712864023
C12 824.988 98.87955704360115
C12 850.022 97.99767502110818
C12 869.967 95.79273136658063
C12 875.002 94.62000180958375
C12 899.999 87.60153827611087
C12 919.999 79.40628522734919
C12 925.012 76.78440052024682
C12 949.965 63.38779174469785
C12 975.002 48.90614396652859
C12 999.976 31.996743386188665
C12 1025.028 15.567188594664263
C12 1050.014 6.261366999111372
C12 1075.002 0.9314938806725125
C12 1099.99 0.09242196709448484
C13 319.994 45.25646491126745
C13 324.969 46.88332655668509
C13 349.982 54.73487308038256
C13 374.975 71.11258576455688
C13 400.019 84.03358481784775
C13 424.965 86.09994452291745
C13 450.035 85.34518615716647
C13 475.003 84.73120078554942
C13 500.018 84.54613940310766
C13 525.002 84.79335753507125
C13 550.029 85.88887213903064
C13 575.023 87.33733043062334
C13 599.982 88.99948947462393
C13 619.997 90.09255749923949
C13 624.979 90.34033614783294
C13 650.012 91.80627649863797
C13 675.004 93.17589130914699
C13 700.03 94.37154145157561
C13 725.012 95.32236701954112
C13 750.022 97.54054341126276
C13 774.987 98.97426920494905
C13 799.976 99.99440947129065
C13 824.988 98.73434536372267
C13 850.022 97.86497649626382
C13 869.967 95.64826199250925
C13 875.002 94.47395692930954
C13 899.999 87.37999029088496
C13 919.999 79.16062745249033
C13 925.012 76.56318581517921
C13 949.965 63.30388846484735
C13 975.002 48.837446593900246
C13 999.976 31.89518004522311
C13 1025.028 15.514162964024788
C13 1050.014 6.2299340407729575
C13 1075.002 0.9292493568789215
C13 1099.99 0.09219926750568637
C14 319.994 45.24836393105619
C14 324.969 46.839223744829035
C14 349.982 54.570956051619824
C14 374.975 71.05815505506824
C14 400.019 84.22748569903337
C14 424.965 86.4044868421076
C14 450.035 85.6583104404327
C14 475.003 85.01566297520237
C14 500.018 84.7928121675395
C14 525.002 85.00085473180545
C14 550.029 86.06273833797336
C14 575.023 87.48986669943524
C14 599.982 89.1469204973747
C14 619.997 90.23979915826395
C14 624.979 90.48606289704698
C14 650.012 91.95625256987024
C14 675.004 93.33191187052287
C14 700.03 94.54717252044748
C14 725.012 95.53031111466939
C14 750.022 97.7975175624055
C14 774.987 99.2775314253494
C14 799.976 100.32253893622915
C14 824.988 99.06795122762587
C14 850.022 98.21222412300992
C14 869.967 95.99957715209634
C14 875.002 94.81944726067553
C14 899.999 87.68451746097702
C14 919.999 79.38489470082595
C14 925.012 76.76432039070961
C14 949.965 63.491025273729406
C14 975.002 49.01713383378953
C14 999.976 32.0206486629972
C14 1025.028 15.571446438050193
C14 1050.014 6.254526707907978
C14 1075.002 0.9316971245174539
C14 1099.99 0.09244213276206364
C15 319.994 45.202420503780466
C15 324.969 46.761891386281256
C15 349.982 54.436352527688854
C15 374.975 71.04155921809502
C15 400.019 84.3799386478057
C15 424.965 86.64075217614182
C15 450.035 85.88665279615837
C15 475.003 85.18973368696949
C15 500.018 84.91304298464404
C15 525.002 85.07862262692372
C15 550.029 86.10276225516485
C15 575.023 87.50839404641677
C15 599.982 89.1703107048477
C15 619.997 90.27289993762179
C15 624.979 90.5175351483586
C15 650.012 92.00051823453093
C15 675.004 93.3861077689909
C15 700.03 94.61943371840485
C15 725.012 95.63031788580473
C15 750.022 97.92782252974939
C15 774.987 99.43567286045989
C15 799.976 100.49904865279107
C15 824.988 99.25995847154844
C15 850.022 98.4364837967965
C15 869.967 96.25652857959193
C15 875.002 95.0692028665716
C15 899.999 87.96389712821598
C15 919.999 79.64516378080637
C15 925.012 76.9989117494033
C15 949.965 63.67478762100874
C15 975.002 49.20159682685618
C15 999.976 32.20726661526919
C15 1025.028 15.640522538131142
C15 1050.014 6.311190489139055
C15 1075.002 0.9329382837181603
C15 1099.99 0.09256527943772822
C16 319.994 44.86637563508248
C16 324.969 46.43092525272273
C16 349.982 54.12215644573175
C16 374.975 70.80730871410867
C16 400.019 84.17341099335017
C16 424.965 86.39593517622774
C16 450.035 85.56435573399001
C16 475.003 84.74697857122503
C16 500.018 84.37087948713935
C16 525.002 84.48412657001782
C16 550.029 85.45653960278192
C16 575.023 86.87193498776203
C16 599.982 88.57592826617757
C16 619.997 89.71381489753462
C16 624.979 89.96922111702357
C16 650.012 91.47818490644472
C16 675.004 92.88254417345588
C16 700.03 94.11598374110562
C16 725.012 95.1279131962747
C16 750.022 97.40881442869707
C16 774.987 98.89531968017864
C16 799.976 99.96154350295343
C16 824.988 98.73305011583476
C16 850.022 97.9388359240712
C16 869.967 95.77817308330242
C16 875.002 94.60982919020674
C16 899.999 87.57649681694451
C16 919.999 79.31309555036076
C16 925.012 76.68366659240247
C16 949.965 63.422536201199996
C16 975.002 49.02179596873111
C16 999.976 32.109763232595576
C16 1025.028 15.574197892993382
C16 1050.014 6.301600163220421
C16 1075.002 0.9279938933041677
C16 1099.99 0.09207470156316998
C17 319.994 44.9931697989407
C17 324.969 46.553311029032606
C17 349.982 54.26856111708595
C17 374.975 71.08118925873579
C17 400.019 84.56618923444866
C17 424.965 86.79597740986722
C17 450.035 85.90518771768895
C17 475.003 84.98856881324288
C17 500.018 84.5390117524496
C17 525.002 84.63276194606787
C17 550.029 85.60219818105448
C17 575.023 87.05909452029125
C17 599.982 88.81654896591675
C17 619.997 89.99259617539846
C17 624.979 90.25631167519761
C17 650.012 91.79727793436403
C17 675.004 93.22372458641122
C17 700.03 94.46838963575621
C17 725.012 95.45421719489164
C17 750.022 97.69638975801045
C17 774.987 99.13563739795575
C17 799.976 100.17872097337626
C17 824.988 98.95870350664691
C17 850.022 98.15762677344213
C17 869.967 95.96224977436741
C17 875.002 94.77752213167197
C17 899.999 87.70994522214504
C17 919.999 79.48678753467527
C17 925.012 76.899056469249
C17 949.965 63.74813197948056
C17 975.002 49.17914965074018
C17 999.976 32.07123528884189
C17 1025.028 15.57497617790849
C17 1050.014 6.283612976268178
C17 1075.002 0.9307340013099116
C17 1099.99 0.0923465725622144
