lsstCam/transmission_sensor/r02_s22/19700101T000000.ecsv
# %ECSV 1.0
# ---
# datatype:
# - {name: amp_name, datatype: string}
# - {name: wavelength, unit: nm, datatype: float32}
# - {name: efficiency, unit: '%', datatype: float64}
# meta: !!omap
# - {MODE: AMP}
# - {TYPE: transmission_sensor}
# - {CALIBDATE: '1970-01-01T00:00:00'}
# - {INSTRUME: LSSTCAM}
# - {OBSTYPE: transmission_sensor}
# - {DETECTOR: 17}
# - {PARQUETFILE: qe_raft_allvalues_nircorrected_20230725.parquet}
# - {CALIBCLS: lsst.ip.isr.IntermediateSensorTransmissionCurve}
# - {CALIB_ID: 'raftName=R02 detectorName=S22 detector=17 calibDate=1970-01-01T00:00:00 ccd=17 ccdnum=17 filter=None'}
# - {DATE: '2024-01-18T22:42:25.032009'}
# - {CALIB_CREATION_DATE: '2024-01-18'}
# - {CALIB_CREATION_TIME: '22:42:25'}
# - __serialized_columns__:
#     efficiency:
#       __class__: astropy.units.quantity.Quantity
#       unit: !astropy.units.Unit {unit: '%'}
#       value: !astropy.table.SerializedColumn {name: efficiency}
#     wavelength:
#       __class__: astropy.units.quantity.Quantity
#       unit: !astropy.units.Unit {unit: nm}
#       value: !astropy.table.SerializedColumn {name: wavelength}
# schema: astropy-2.0
amp_name wavelength efficiency
C00 319.994 46.15690994262695
C00 324.969 47.935306549072266
C00 349.982 56.33120346069336
C00 374.975 72.70957946777344
C00 400.019 85.20308685302734
C00 424.965 86.96397399902344
C00 450.035 86.13321685791016
C00 475.003 85.5824966430664
C00 500.018 85.50930786132812
C00 525.002 85.85454559326172
C00 550.029 87.0512924194336
C00 575.023 88.5810546875
C00 599.982 90.31451416015625
C00 619.997 91.44686126708984
C00 624.979 91.70162963867188
C00 650.012 93.20065307617188
C00 675.004 94.5704345703125
C00 700.03 95.66169738769531
C00 725.012 96.28494262695312
C00 750.022 98.05935668945312
C00 774.987 99.04965209960938
C00 799.976 99.85273742675781
C00 824.988 98.60282897949219
C00 850.022 97.5976333618164
C00 869.967 95.45381927490234
C00 875.002 94.35281372070312
C00 899.999 88.00498962402344
C00 919.999 79.72572326660156
C00 925.012 77.03063201904297
C00 949.965 63.53166580200195
C00 975.002 49.03202819824219
C00 999.976 31.979324340820312
C00 1025.028 15.629697799682617
C00 1050.014 6.220840930938721
C00 1075.002 0.9341960073411361
C00 1099.99 0.09269006962015292
C01 319.994 46.49019241333008
C01 324.969 48.273048400878906
C01 349.982 56.731754302978516
C01 374.975 73.27850341796875
C01 400.019 85.85478973388672
C01 424.965 87.58768463134766
C01 450.035 86.64530181884766
C01 475.003 85.9219970703125
C01 500.018 85.73746490478516
C01 525.002 86.03532409667969
C01 550.029 87.18635559082031
C01 575.023 88.75041198730469
C01 599.982 90.5694351196289
C01 619.997 91.77171325683594
C01 624.979 92.0426025390625
C01 650.012 93.60092163085938
C01 675.004 95.00900268554688
C01 700.03 96.13899230957031
C01 725.012 96.81182861328125
C01 750.022 98.64606475830078
C01 774.987 99.69839477539062
C01 799.976 100.52115631103516
C01 824.988 99.25595092773438
C01 850.022 98.25718688964844
C01 869.967 96.03600311279297
C01 875.002 94.8960189819336
C01 899.999 88.45812225341797
C01 919.999 80.20362091064453
C01 925.012 77.5001220703125
C01 949.965 63.90799331665039
C01 975.002 49.36631774902344
C01 999.976 32.241737365722656
C01 1025.028 15.796248435974121
C01 1050.014 6.387876510620117
C01 1075.002 0.9397849916019633
C01 1099.99 0.09324460350401788
C02 319.994 46.00084686279297
C02 324.969 47.73640441894531
C02 349.982 56.050601959228516
C02 374.975 72.62630462646484
C02 400.019 85.3125991821289
C02 424.965 87.12410736083984
C02 450.035 86.20165252685547
C02 475.003 85.47191619873047
C02 500.018 85.25495910644531
C02 525.002 85.51637268066406
C02 550.029 86.63982391357422
C02 575.023 88.16336059570312
C02 599.982 89.94628143310547
C02 619.997 91.12310028076172
C02 624.979 91.3874282836914
C02 650.012 92.92066192626953
C02 675.004 94.3156967163086
C02 700.03 95.45018005371094
C02 725.012 96.15978240966797
C02 750.022 98.041259765625
C02 774.987 99.14112854003906
C02 799.976 99.99510192871094
C02 824.988 98.7389907836914
C02 850.022 97.73562622070312
C02 869.967 95.44648742675781
C02 875.002 94.2878646850586
C02 899.999 87.7948989868164
C02 919.999 79.6618881225586
C02 925.012 76.99034881591797
C02 949.965 63.57933044433594
C02 975.002 49.10343933105469
C02 999.976 31.999835968017578
C02 1025.028 15.713610649108887
C02 1050.014 6.369999408721924
C02 1075.002 0.9340226183298306
C02 1099.99 0.0926728661217404
C03 319.994 45.86030960083008
C03 324.969 47.57715606689453
C03 349.982 55.841224670410156
C03 374.975 72.56775665283203
C03 400.019 85.44719696044922
C03 424.965 87.29946899414062
C03 450.035 86.31866455078125
C03 475.003 85.46920013427734
C03 500.018 85.15801239013672
C03 525.002 85.38824462890625
C03 550.029 86.48487854003906
C03 575.023 88.02092742919922
C03 599.982 89.8398666381836
C03 619.997 91.05003356933594
C03 624.979 91.31776428222656
C03 650.012 92.88377380371094
C03 675.004 94.30020141601562
C03 700.03 95.46415710449219
C03 725.012 96.22420501708984
C03 750.022 98.16973876953125
C03 774.987 99.33416748046875
C03 799.976 100.21094512939453
C03 824.988 98.94673919677734
C03 850.022 97.9349594116211
C03 869.967 95.57652282714844
C03 875.002 94.3788070678711
C03 899.999 87.72161102294922
C03 919.999 79.58722686767578
C03 925.012 76.93152618408203
C03 949.965 63.60874938964844
C03 975.002 49.11671829223633
C03 999.976 31.902515411376953
C03 1025.028 15.655591011047363
C03 1050.014 6.3570756912231445
C03 1075.002 0.9352460562358346
C03 1099.99 0.09279425450682481
C04 319.994 45.67919158935547
C04 324.969 47.35200119018555
C04 349.982 55.47339630126953
C04 374.975 72.28075408935547
C04 400.019 85.39183044433594
C04 424.965 87.36331939697266
C04 450.035 86.38109588623047
C04 475.003 85.474853515625
C04 500.018 85.10538482666016
C04 525.002 85.29183197021484
C04 550.029 86.35296630859375
C04 575.023 87.87476348876953
C04 599.982 89.70226287841797
C04 619.997 90.92415618896484
C04 624.979 91.19456481933594
C04 650.012 92.77676391601562
C04 675.004 94.21055603027344
C04 700.03 95.4007797241211
C04 725.012 96.21134185791016
C04 750.022 98.22608184814453
C04 774.987 99.44886016845703
C04 799.976 100.3652114868164
C04 824.988 99.1102294921875
C04 850.022 98.12339782714844
C04 869.967 95.7399673461914
C04 875.002 94.52471160888672
C04 899.999 87.78230285644531
C04 919.999 79.6314468383789
C04 925.012 76.98219299316406
C04 949.965 63.744144439697266
C04 975.002 49.22608184814453
C04 999.976 31.878555297851562
C04 1025.028 15.61807632446289
C04 1050.014 6.333554744720459
C04 1075.002 0.9357822892583508
C04 1099.99 0.09284745905469172
C05 319.994 45.9172248840332
C05 324.969 47.56819534301758
C05 349.982 55.632362365722656
C05 374.975 72.65900421142578
C05 400.019 86.10038757324219
C05 424.965 88.2014389038086
C05 450.035 87.22074890136719
C05 475.003 86.26004028320312
C05 500.018 85.83763885498047
C05 525.002 85.99132537841797
C05 550.029 87.03245544433594
C05 575.023 88.5544662475586
C05 599.982 90.40121459960938
C05 619.997 91.64260864257812
C05 624.979 91.91738891601562
C05 650.012 93.52626037597656
C05 675.004 94.9872055053711
C05 700.03 96.20806121826172
C05 725.012 97.06523132324219
C05 750.022 99.15079498291016
C05 774.987 100.4307861328125
C05 799.976 101.38734436035156
C05 824.988 100.13291931152344
C05 850.022 99.16610717773438
C05 869.967 96.7670669555664
C05 875.002 95.54611206054688
C05 899.999 88.72754669189453
C05 919.999 80.4649658203125
C05 925.012 77.7839126586914
C05 949.965 64.53807830810547
C05 975.002 49.791133880615234
C05 999.976 32.18672561645508
C05 1025.028 15.784797668457031
C05 1050.014 6.377479553222656
C05 1075.002 0.9445914455085985
C05 1099.99 0.09372149544503576
C06 319.994 45.41987609863281
C06 324.969 47.013145446777344
C06 349.982 54.86487579345703
C06 374.975 71.75543212890625
C06 400.019 85.24734497070312
C06 424.965 87.4434814453125
C06 450.035 86.49524688720703
C06 475.003 85.5125503540039
C06 500.018 85.04978942871094
C06 525.002 85.1802749633789
C06 550.029 86.19540405273438
C06 575.023 87.70404052734375
C06 599.982 89.53651428222656
C06 619.997 90.77590942382812
C06 624.979 91.04782104492188
C06 650.012 92.65119934082031
C06 675.004 94.10450744628906
C06 700.03 95.32843017578125
C06 725.012 96.19093322753906
C06 750.022 98.26557922363281
C06 774.987 99.54393005371094
C06 799.976 100.50121307373047
C06 824.988 99.27372741699219
C06 850.022 98.32584381103516
C06 869.967 95.95346069335938
C06 875.002 94.73648834228516
C06 899.999 87.95897674560547
C06 919.999 79.77449798583984
C06 925.012 77.12439727783203
C06 949.965 64.04190826416016
C06 975.002 49.34611129760742
C06 999.976 31.844789505004883
C06 1025.028 15.625517845153809
C06 1050.014 6.30955171585083
C06 1075.002 0.936158075758313
C06 1099.99 0.09288474424599
C07 319.994 45.48088836669922
C07 324.969 47.040889739990234
C07 349.982 54.769309997558594
C07 374.975 71.72603607177734
C07 400.019 85.4473648071289
C07 424.965 87.75492858886719
C07 450.035 86.82726287841797
C07 475.003 85.83311462402344
C07 500.018 85.3460922241211
C07 525.002 85.44754028320312
C07 550.029 86.4483413696289
C07 575.023 87.93865203857422
C07 599.982 89.7623291015625
C07 619.997 90.99498748779297
C07 624.979 91.26637268066406
C07 650.012 92.86971282958984
C07 675.004 94.32706451416016
C07 700.03 95.55290222167969
C07 725.012 96.38726806640625
C07 750.022 98.41504669189453
C07 774.987 99.65242767333984
C07 799.976 100.59249877929688
C07 824.988 99.39067077636719
C07 850.022 98.44520568847656
C07 869.967 96.06524658203125
C07 875.002 94.82728576660156
C07 899.999 87.96173095703125
C07 919.999 79.83708190917969
C07 925.012 77.2165756225586
C07 949.965 64.19949340820312
C07 975.002 49.3434944152832
C07 999.976 31.802989959716797
C07 1025.028 15.57312297821045
C07 1050.014 6.297389030456543
C07 1075.002 0.9375824223385186
C07 1099.99 0.09302606660515769
C10 319.994 46.09170150756836
C10 324.969 47.88018798828125
C10 349.982 56.34894943237305
C10 374.975 72.7514419555664
C10 400.019 85.145751953125
C10 424.965 86.8241958618164
C10 450.035 85.93151092529297
C10 475.003 85.33056640625
C10 500.018 85.22450256347656
C10 525.002 85.56527709960938
C10 550.029 86.7569808959961
C10 575.023 88.29146575927734
C10 599.982 90.02828216552734
C10 619.997 91.16919708251953
C10 624.979 91.42037963867188
C10 650.012 92.92032623291016
C10 675.004 94.29462432861328
C10 700.03 95.45986938476562
C10 725.012 96.31209564208984
C10 750.022 98.40691375732422
C10 774.987 99.70938873291016
C10 799.976 100.65162658691406
C10 824.988 99.34378814697266
C10 850.022 98.43724060058594
C10 869.967 96.29998016357422
C10 875.002 95.12483978271484
C10 899.999 88.16612243652344
C10 919.999 79.70421600341797
C10 925.012 76.9835433959961
C10 949.965 63.36172866821289
C10 975.002 48.90877151489258
C10 999.976 31.947097778320312
C10 1025.028 15.513286590576172
C10 1050.014 6.216214656829834
C10 1075.002 0.9375043591671184
C10 1099.99 0.09301832124900652
C11 319.994 46.06989288330078
C11 324.969 47.84078598022461
C11 349.982 56.235530853271484
C11 374.975 72.67428588867188
C11 400.019 85.12064361572266
C11 424.965 86.80079650878906
C11 450.035 85.8450927734375
C11 475.003 85.10606384277344
C11 500.018 84.89505767822266
C11 525.002 85.19158172607422
C11 550.029 86.349609375
C11 575.023 87.925048828125
C11 599.982 89.736572265625
C11 619.997 90.92881774902344
C11 624.979 91.19200897216797
C11 650.012 92.73611450195312
C11 675.004 94.14033508300781
C11 700.03 95.32678985595703
C11 725.012 96.21333312988281
C11 750.022 98.34758758544922
C11 774.987 99.68678283691406
C11 799.976 100.65261840820312
C11 824.988 99.35175323486328
C11 850.022 98.45101928710938
C11 869.967 96.31011962890625
C11 875.002 95.1419906616211
C11 899.999 88.15581512451172
C11 919.999 79.81153106689453
C11 925.012 77.12515258789062
C11 949.965 63.52522659301758
C11 975.002 49.09703826904297
C11 999.976 32.16170883178711
C11 1025.028 15.638676643371582
C11 1050.014 6.297860622406006
C11 1075.002 0.9369388308739918
C11 1099.99 0.09296221005130267
C12 319.994 45.91182327270508
C12 324.969 47.600955963134766
C12 349.982 55.697349548339844
C12 374.975 72.16322326660156
C12 400.019 84.97055053710938
C12 424.965 86.90363311767578
C12 450.035 86.07952117919922
C12 475.003 85.43570709228516
C12 500.018 85.25965881347656
C12 525.002 85.52799987792969
C12 550.029 86.64777374267578
C12 575.023 88.14865112304688
C12 599.982 89.88139343261719
C12 619.997 91.02335357666016
C12 624.979 91.2819595336914
C12 650.012 92.78656005859375
C12 675.004 94.17839050292969
C12 700.03 95.37425994873047
C12 725.012 96.29740142822266
C12 750.022 98.48406982421875
C12 774.987 99.87989044189453
C12 799.976 100.87862396240234
C12 824.988 99.59552001953125
C12 850.022 98.7072525024414
C12 869.967 96.48634338378906
C12 875.002 95.30512237548828
C12 899.999 88.23583984375
C12 919.999 79.98124694824219
C12 925.012 77.34037780761719
C12 949.965 63.84676742553711
C12 975.002 49.26026153564453
C12 999.976 32.228424072265625
C12 1025.028 15.679906845092773
C12 1050.014 6.306704044342041
C12 1075.002 0.9382386027445672
C12 1099.99 0.09309117222222528
C13 319.994 45.58415603637695
C13 324.969 47.22279739379883
C13 349.982 55.131195068359375
C13 374.975 71.62749481201172
C13 400.019 84.64205169677734
C13 424.965 86.72337341308594
C13 450.035 85.96315002441406
C13 475.003 85.34471893310547
C13 500.018 85.15831756591797
C13 525.002 85.4073257446289
C13 550.029 86.51077270507812
C13 575.023 87.96971893310547
C13 599.982 89.64391326904297
C13 619.997 90.7448959350586
C13 624.979 90.99446868896484
C13 650.012 92.47102355957031
C13 675.004 93.85055541992188
C13 700.03 95.05486297607422
C13 725.012 96.0125732421875
C13 750.022 98.24681091308594
C13 774.987 99.69091796875
C13 799.976 100.71844482421875
C13 824.988 99.44925689697266
C13 850.022 98.57359313964844
C13 869.967 96.34082794189453
C13 875.002 95.15802001953125
C13 899.999 88.01268768310547
C13 919.999 79.73381042480469
C13 925.012 77.11756134033203
C13 949.965 63.76225662231445
C13 975.002 49.19106674194336
C13 999.976 32.12612533569336
C13 1025.028 15.626497268676758
C13 1050.014 6.275043487548828
C13 1075.002 0.9359778268966299
C13 1099.99 0.09286686011952502
C14 319.994 45.57599639892578
C14 324.969 47.178375244140625
C14 349.982 54.96609115600586
C14 374.975 71.57266998291016
C14 400.019 84.83735656738281
C14 424.965 87.03012084960938
C14 450.035 86.2785415649414
C14 475.003 85.63124084472656
C14 500.018 85.40677642822266
C14 525.002 85.61632537841797
C14 550.029 86.68589782714844
C14 575.023 88.12335968017578
C14 599.982 89.79241180419922
C14 619.997 90.89320373535156
C14 624.979 91.14125061035156
C14 650.012 92.62208557128906
C14 675.004 94.00770568847656
C14 700.03 95.23176574707031
C14 725.012 96.2220230102539
C14 750.022 98.50564575195312
C14 774.987 99.99637603759766
C14 799.976 101.0489501953125
C14 824.988 99.7852783203125
C14 850.022 98.92335510253906
C14 869.967 96.69468688964844
C14 875.002 95.50601196289062
C14 899.999 88.31941986083984
C14 919.999 79.95970153808594
C14 925.012 77.32015228271484
C14 949.965 63.950748443603516
C14 975.002 49.37205505371094
C14 999.976 32.25250244140625
C14 1025.028 15.684195518493652
C14 1050.014 6.299814224243164
C14 1075.002 0.938443318229071
C14 1099.99 0.0931114839045295
C15 319.994 45.529720306396484
C15 324.969 47.10048294067383
C15 349.982 54.83051300048828
C15 374.975 71.55595397949219
C15 400.019 84.99091339111328
C15 424.965 87.26809692382812
C15 450.035 86.50853729248047
C15 475.003 85.80657196044922
C15 500.018 85.52787780761719
C15 525.002 85.69465637207031
C15 550.029 86.72621154785156
C15 575.023 88.14202117919922
C15 599.982 89.81597137451172
C15 619.997 90.92654418945312
C15 624.979 91.1729507446289
C15 650.012 92.66667175292969
C15 675.004 94.06229400634766
C15 700.03 95.30455017089844
C15 725.012 96.32275390625
C15 750.022 98.63689422607422
C15 774.987 100.1556625366211
C15 799.976 101.22673797607422
C15 824.988 99.97867584228516
C15 850.022 99.14923858642578
C15 869.967 96.95349884033203
C15 875.002 95.75757598876953
C15 899.999 88.60082244873047
C15 919.999 80.22185516357422
C15 925.012 77.55644226074219
C15 949.965 64.1358413696289
C15 975.002 49.55785369873047
C15 999.976 32.44047164916992
C15 1025.028 15.753771781921387
C15 1050.014 6.356888294219971
C15 1075.002 0.9396934643635938
C15 1099.99 0.0932355222555112
C16 319.994 45.19124221801758
C16 324.969 46.767120361328125
C16 349.982 54.514041900634766
C16 374.975 71.32000732421875
C16 400.019 84.78289031982422
C16 424.965 87.0215072631836
C16 450.035 86.18390655517578
C16 475.003 85.36061096191406
C16 500.018 84.9817886352539
C16 525.002 85.09585571289062
C16 550.029 86.07530975341797
C16 575.023 87.5009536743164
C16 599.982 89.21728515625
C16 619.997 90.36341094970703
C16 624.979 90.62066650390625
C16 650.012 92.14055633544922
C16 675.004 93.55508422851562
C16 700.03 94.79745483398438
C16 725.012 95.81671142578125
C16 750.022 98.11412811279297
C16 774.987 99.61139678955078
C16 799.976 100.68534088134766
C16 824.988 99.44795227050781
C16 850.022 98.64798736572266
C16 869.967 96.4716796875
C16 875.002 95.29487609863281
C16 899.999 88.21061706542969
C16 919.999 79.88738250732422
C16 925.012 77.2389144897461
C16 949.965 63.88176345825195
C16 975.002 49.37675094604492
C16 999.976 32.342262268066406
C16 1025.028 15.686966896057129
C16 1050.014 6.347228527069092
C16 1075.002 0.9347132728135443
C16 1099.99 0.09274139222512323
C17 319.994 45.31895446777344
C17 324.969 46.8903923034668
C17 349.982 54.66150665283203
C17 374.975 71.59587097167969
C17 400.019 85.17851257324219
C17 424.965 87.42444610595703
C17 450.035 86.52720642089844
C17 475.003 85.60395050048828
C17 500.018 85.15113830566406
C17 525.002 85.24556732177734
C17 550.029 86.2220230102539
C17 575.023 87.68946838378906
C17 599.982 89.45964813232422
C17 619.997 90.64421081542969
C17 624.979 90.90983581542969
C17 650.012 92.46195983886719
C17 675.004 93.89873504638672
C17 700.03 95.15241241455078
C17 725.012 96.14537811279297
C17 750.022 98.4037857055664
C17 774.987 99.85345458984375
C17 799.976 100.90409088134766
C17 824.988 99.67523956298828
C17 850.022 98.86836242675781
C17 869.967 96.65708923339844
C17 875.002 95.46378326416016
C17 899.999 88.34503173828125
C17 919.999 80.06233215332031
C17 925.012 77.45586395263672
C17 949.965 64.209716796875
C17 975.002 49.53524398803711
C17 999.976 32.3034553527832
C17 1025.028 15.687750816345215
C17 1050.014 6.329111099243164
C17 1075.002 0.9374732212791448
C17 1099.99 0.09301523177636757
