lsstcam/qe_curve/r02_s02/19700101T000000.ecsv
# %ECSV 0.9
# ---
# datatype:
# - {name: amp_name, datatype: string}
# - {name: wavelength, unit: nm, datatype: float32}
# - {name: efficiency, unit: '%', datatype: float32}
# meta: !!omap
# - {MODE: AMP}
# - {TYPE: QE}
# - {CALIBDATE: '1970-01-01T00:00:00'}
# - {INSTRUME: LSSTCAM}
# - {OBSTYPE: qe_curve}
# - {DETECTOR: 11}
# - {PICKLEFILE: RaftRun10982.p}
# - {CALIB_ID: 'raftName=R02 detectorName=S02 detector=11 calibDate=1970-01-01T00:00:00 ccd=11 ccdnum=11 filter=None'}
# - {DATE: '2020-01-23T01:49:19.859843'}
# - {CALIB_CREATION_DATE: '2020-01-23'}
# - {CALIB_CREATION_TIME: '01:49:19'}
# - __serialized_columns__:
#     efficiency:
#       __class__: astropy.units.quantity.Quantity
#       unit: !astropy.units.Unit {unit: '%'}
#       value: !astropy.table.SerializedColumn {name: efficiency}
#     wavelength:
#       __class__: astropy.units.quantity.Quantity
#       unit: !astropy.units.Unit {unit: nm}
#       value: !astropy.table.SerializedColumn {name: wavelength}
# schema: astropy-2.0
amp_name wavelength efficiency
C02 319.994 55.9407
C02 324.969 59.169098
C02 349.982 71.351166
C02 374.975 82.266846
C02 400.019 87.60372
C02 424.965 86.23383
C02 450.035 84.470566
C02 475.003 83.81395
C02 500.018 84.10957
C02 525.002 85.1069
C02 550.029 87.00982
C02 575.023 89.10007
C02 599.982 91.131485
C02 619.997 92.3398
C02 624.979 92.577354
C02 650.012 93.98556
C02 675.004 95.12616
C02 700.03 95.9837
C02 725.012 96.37706
C02 750.022 97.92817
C02 774.987 98.67595
C02 799.976 99.20968
C02 824.988 97.80821
C02 850.022 96.91613
C02 869.967 94.85121
C02 875.002 93.67176
C02 899.999 86.80337
C02 919.999 78.921486
C02 925.012 76.34691
C02 949.965 62.946976
C02 975.002 47.822807
C02 999.976 31.282742
C02 1025.028 15.521452
C02 1050.014 6.4861894
C02 1075.002 3.6811757
C02 1099.99 2.4705343
C00 319.994 56.71371
C00 324.969 60.019257
C00 349.982 72.147736
C00 374.975 82.16534
C00 400.019 87.10267
C00 424.965 85.717636
C00 450.035 84.078316
C00 475.003 83.57587
C00 500.018 83.996666
C00 525.002 85.04842
C00 550.029 86.969955
C00 575.023 89.05511
C00 599.982 91.0727
C00 619.997 92.264275
C00 624.979 92.50004
C00 650.012 93.882484
C00 675.004 94.990845
C00 700.03 95.789566
C00 725.012 96.07589
C00 750.022 97.48778
C00 774.987 98.10234
C00 799.976 98.5572
C00 824.988 97.144936
C00 850.022 96.193726
C00 869.967 94.13379
C00 875.002 92.95515
C00 899.999 85.96955
C00 919.999 78.20688
C00 925.012 75.690445
C00 949.965 62.466682
C00 975.002 47.415874
C00 999.976 30.937105
C00 1025.028 15.315704
C00 1050.014 6.4133897
C00 1075.002 3.6389127
C00 1099.99 2.4457803
C05 319.994 54.591545
C05 324.969 57.706425
C05 349.982 69.94513
C05 374.975 81.97073
C05 400.019 87.79038
C05 424.965 86.45082
C05 450.035 84.555115
C05 475.003 83.73201
C05 500.018 83.88431
C05 525.002 84.78487
C05 550.029 86.62999
C05 575.023 88.69571
C05 599.982 90.72467
C05 619.997 91.94732
C05 624.979 92.18449
C05 650.012 93.618645
C05 675.004 94.789635
C05 700.03 95.71829
C05 725.012 96.25122
C05 750.022 97.97649
C05 774.987 98.891426
C05 799.976 99.515076
C05 824.988 98.13036
C05 850.022 97.28008
C05 869.967 95.16
C05 875.002 93.936935
C05 899.999 86.86519
C05 919.999 79.009445
C05 925.012 76.47077
C05 949.965 63.40747
C05 975.002 48.204807
C05 999.976 31.420788
C05 1025.028 15.540968
C05 1050.014 6.4800043
C05 1075.002 3.6744244
C05 1099.99 2.4775794
C07 319.994 54.302734
C07 324.969 57.39177
C07 349.982 69.76461
C07 374.975 82.49919
C07 400.019 88.68628
C07 424.965 87.40319
C07 450.035 85.5003
C07 475.003 84.67359
C07 500.018 84.794716
C07 525.002 85.62395
C07 550.029 87.3906
C07 575.023 89.39639
C07 599.982 91.38111
C07 619.997 92.575516
C07 624.979 92.817245
C07 650.012 94.24106
C07 675.004 95.42274
C07 700.03 96.355255
C07 725.012 96.86847
C07 750.022 98.56447
C07 774.987 99.440735
C07 799.976 100.070114
C07 824.988 98.6936
C07 850.022 97.85573
C07 869.967 95.76266
C07 875.002 94.59377
C07 899.999 87.89784
C07 919.999 80.0611
C07 925.012 77.45951
C07 949.965 63.748264
C07 975.002 48.479538
C07 999.976 31.808973
C07 1025.028 15.693757
C07 1050.014 6.6705565
C07 1075.002 3.7722433
C07 1099.99 2.5296319
C15 319.994 55.65615
C15 324.969 58.877193
C15 349.982 70.97949
C15 374.975 81.784836
C15 400.019 87.10668
C15 424.965 85.74777
C15 450.035 84.02893
C15 475.003 83.38536
C15 500.018 83.690704
C15 525.002 84.6957
C15 550.029 86.59632
C15 575.023 88.66237
C15 599.982 90.65671
C15 619.997 91.834076
C15 624.979 92.07938
C15 650.012 93.456924
C15 675.004 94.61462
C15 700.03 95.54616
C15 725.012 96.19729
C15 750.022 98.065636
C15 774.987 99.134926
C15 799.976 99.80972
C15 824.988 98.34961
C15 850.022 97.55366
C15 869.967 95.53217
C15 875.002 94.35181
C15 899.999 87.37507
C15 919.999 78.87062
C15 925.012 76.16469
C15 949.965 62.66718
C15 975.002 48.35046
C15 999.976 31.824097
C15 1025.028 15.9345045
C15 1050.014 6.6707063
C15 1075.002 3.682549
C15 1099.99 2.4734473
C01 319.994 56.402924
C01 324.969 59.672268
C01 349.982 71.80147
C01 374.975 82.21687
C01 400.019 87.32115
C01 424.965 85.92964
C01 450.035 84.212524
C01 475.003 83.60405
C01 500.018 83.938
C01 525.002 84.96931
C01 550.029 86.895424
C01 575.023 89.00068
C01 599.982 91.036415
C01 619.997 92.24737
C01 624.979 92.48234
C01 650.012 93.88413
C01 675.004 95.00774
C01 700.03 95.83531
C01 725.012 96.17475
C01 750.022 97.651566
C01 774.987 98.33064
C01 799.976 98.81917
C01 824.988 97.41203
C01 850.022 96.492645
C01 869.967 94.43797
C01 875.002 93.26056
C01 899.999 86.42044
C01 919.999 78.59239
C01 925.012 76.024055
C01 949.965 62.58857
C01 975.002 47.52587
C01 999.976 31.113289
C01 1025.028 15.4298315
C01 1050.014 6.4760785
C01 1075.002 3.6672096
C01 1099.99 2.4591367
C06 319.994 54.24559
C06 324.969 57.338657
C06 349.982 69.62754
C06 374.975 81.97372
C06 400.019 87.94461
C06 424.965 86.6215
C06 450.035 84.70811
C06 475.003 83.857086
C06 500.018 83.97743
C06 525.002 84.85088
C06 550.029 86.66349
C06 575.023 88.70976
C06 599.982 90.729645
C06 619.997 91.94896
C06 624.979 92.185295
C06 650.012 93.62354
C06 675.004 94.7979
C06 700.03 95.73965
C06 725.012 96.28783
C06 750.022 98.02454
C06 774.987 98.94301
C06 799.976 99.57976
C06 824.988 98.20496
C06 850.022 97.367096
C06 869.967 95.25029
C06 875.002 94.03859
C06 899.999 87.06188
C06 919.999 79.25751
C06 925.012 76.70957
C06 949.965 63.516376
C06 975.002 48.29413
C06 999.976 31.555264
C06 1025.028 15.561768
C06 1050.014 6.529622
C06 1075.002 3.703101
C06 1099.99 2.4892519
C10 319.994 54.103024
C10 324.969 57.19208
C10 349.982 69.53274
C10 374.975 82.141075
C10 400.019 88.314766
C10 424.965 87.01452
C10 450.035 85.109
C10 475.003 84.24038
C10 500.018 84.352974
C10 525.002 85.20406
C10 550.029 87.01811
C10 575.023 89.05476
C10 599.982 91.048904
C10 619.997 92.23862
C10 624.979 92.49052
C10 650.012 93.902534
C10 675.004 95.11372
C10 700.03 96.11131
C10 725.012 96.84333
C10 750.022 98.80979
C10 774.987 99.94453
C10 799.976 100.69317
C10 824.988 99.300186
C10 850.022 98.63648
C10 869.967 96.73506
C10 875.002 95.60994
C10 899.999 88.80735
C10 919.999 79.978
C10 925.012 77.143005
C10 949.965 63.38793
C10 975.002 49.084015
C10 999.976 32.39041
C10 1025.028 16.208149
C10 1050.014 6.7746058
C10 1075.002 3.7474692
C10 1099.99 2.4908543
C03 319.994 55.413616
C03 324.969 58.59748
C03 349.982 70.78882
C03 374.975 82.12716
C03 400.019 87.647705
C03 424.965 86.29393
C03 450.035 84.49234
C03 475.003 83.786
C03 500.018 84.037636
C03 525.002 84.98385
C03 550.029 86.852036
C03 575.023 88.927536
C03 599.982 90.950264
C03 619.997 92.1603
C03 624.979 92.40004
C03 650.012 93.813866
C03 675.004 94.96635
C03 700.03 95.847725
C03 725.012 96.293365
C03 750.022 97.911896
C03 774.987 98.726364
C03 799.976 99.29482
C03 824.988 97.89792
C03 850.022 97.03023
C03 869.967 94.94447
C03 875.002 93.74992
C03 899.999 86.82648
C03 919.999 78.92998
C03 925.012 76.36404
C03 949.965 63.09794
C03 975.002 47.948254
C03 999.976 31.290266
C03 1025.028 15.528411
C03 1050.014 6.451091
C03 1075.002 3.6670218
C03 1099.99 2.4709494
C16 319.994 56.204628
C16 324.969 59.465736
C16 349.982 71.5436
C16 374.975 81.9024
C16 400.019 87.04305
C16 424.965 85.67952
C16 450.035 84.01851
C16 475.003 83.440216
C16 500.018 83.79696
C16 525.002 84.835625
C16 550.029 86.76397
C16 575.023 88.84211
C16 599.982 90.841484
C16 619.997 92.01493
C16 624.979 92.25791
C16 650.012 93.6279
C16 675.004 94.77147
C16 700.03 95.67497
C16 725.012 96.28259
C16 750.022 98.097694
C16 774.987 99.11388
C16 799.976 99.7556
C16 824.988 98.27679
C16 850.022 97.46088
C16 869.967 95.42103
C16 875.002 94.23859
C16 899.999 87.27679
C16 919.999 78.78711
C16 925.012 76.08484
C16 949.965 62.556858
C16 975.002 48.271057
C16 999.976 31.760736
C16 1025.028 15.90455
C16 1050.014 6.6648517
C16 1075.002 3.6867626
C16 1099.99 2.4709504
C04 319.994 54.84336
C04 324.969 57.973408
C04 349.982 70.117744
C04 374.975 81.79086
C04 400.019 87.46464
C04 424.965 86.11897
C04 450.035 84.27099
C04 475.003 83.50411
C04 500.018 83.70105
C04 525.002 84.61539
C04 550.029 86.469734
C04 575.023 88.54016
C04 599.982 90.566086
C04 619.997 91.77779
C04 624.979 92.01905
C04 650.012 93.43743
C04 675.004 94.60143
C04 700.03 95.5033
C04 725.012 95.99686
C04 750.022 97.66961
C04 774.987 98.54175
C04 799.976 99.140274
C04 824.988 97.75068
C04 850.022 96.906586
C04 869.967 94.80594
C04 875.002 93.601685
C04 899.999 86.605354
C04 919.999 78.737885
C04 925.012 76.19928
C04 949.965 63.118137
C04 975.002 47.977345
C04 999.976 31.26286
C04 1025.028 15.51743
C04 1050.014 6.4440665
C04 1075.002 3.6601064
C04 1099.99 2.4703069
C14 319.994 55.107624
C14 324.969 58.276096
C14 349.982 70.397606
C14 374.975 81.70866
C14 400.019 87.32442
C14 424.965 86.04144
C14 450.035 84.362144
C14 475.003 83.78321
C14 500.018 84.10511
C14 525.002 85.05875
C14 550.029 86.88667
C14 575.023 88.8357
C14 599.982 90.7418
C14 619.997 91.86727
C14 624.979 92.108536
C14 650.012 93.46495
C14 675.004 94.62862
C14 700.03 95.583015
C14 725.012 96.28032
C14 750.022 98.20511
C14 774.987 99.33778
C14 799.976 100.057915
C14 824.988 98.61297
C14 850.022 97.85056
C14 869.967 95.84056
C14 875.002 94.65506
C14 899.999 87.629486
C14 919.999 79.09609
C14 925.012 76.3836
C14 949.965 62.891113
C14 975.002 48.4919
C14 999.976 31.908712
C14 1025.028 15.962477
C14 1050.014 6.6752834
C14 1075.002 3.6819308
C14 1099.99 2.4818804
C11 319.994 54.217167
C11 324.969 57.328285
C11 349.982 69.65149
C11 374.975 81.928314
C11 400.019 87.93139
C11 424.965 86.59283
C11 450.035 84.6942
C11 475.003 83.83334
C11 500.018 83.96988
C11 525.002 84.87054
C11 550.029 86.71596
C11 575.023 88.767944
C11 599.982 90.76812
C11 619.997 91.962555
C11 624.979 92.21418
C11 650.012 93.62472
C11 675.004 94.83343
C11 700.03 95.836105
C11 725.012 96.602
C11 750.022 98.618065
C11 774.987 99.80067
C11 799.976 100.56627
C11 824.988 99.14492
C11 850.022 98.45074
C11 869.967 96.49505
C11 875.002 95.33812
C11 899.999 88.392784
C11 919.999 79.600845
C11 925.012 76.80175
C11 949.965 63.222702
C11 975.002 48.858006
C11 999.976 32.200874
C11 1025.028 16.131502
C11 1050.014 6.7037024
C11 1075.002 3.684074
C11 1099.99 2.4615493
C12 319.994 54.456337
C12 324.969 57.57007
C12 349.982 69.771515
C12 374.975 81.67604
C12 400.019 87.49441
C12 424.965 86.15556
C12 450.035 84.28463
C12 475.003 83.46468
C12 500.018 83.63505
C12 525.002 84.567245
C12 550.029 86.42768
C12 575.023 88.478424
C12 599.982 90.472084
C12 619.997 91.659
C12 624.979 91.905396
C12 650.012 93.30681
C12 675.004 94.500114
C12 700.03 95.49247
C12 725.012 96.25559
C12 750.022 98.25592
C12 774.987 99.44603
C12 799.976 100.19647
C12 824.988 98.76552
C12 850.022 98.038376
C12 869.967 96.055405
C12 875.002 94.87666
C12 899.999 87.84993
C12 919.999 79.18179
C12 925.012 76.429985
C12 949.965 63.00394
C12 975.002 48.61652
C12 999.976 31.993612
C12 1025.028 16.024792
C12 1050.014 6.665017
C12 1075.002 3.668521
C12 1099.99 2.461059
C13 319.994 54.806725
C13 324.969 57.941914
C13 349.982 70.05516
C13 374.975 81.646774
C13 400.019 87.338104
C13 424.965 86.01304
C13 450.035 84.22062
C13 475.003 83.49479
C13 500.018 83.723305
C13 525.002 84.65673
C13 550.029 86.50421
C13 575.023 88.52315
C13 599.982 90.488045
C13 619.997 91.65088
C13 624.979 91.89998
C13 650.012 93.280594
C13 675.004 94.46034
C13 700.03 95.43444
C13 725.012 96.16703
C13 750.022 98.135056
C13 774.987 99.30306
C13 799.976 100.03725
C13 824.988 98.59818
C13 850.022 97.85372
C13 869.967 95.85351
C13 875.002 94.66942
C13 899.999 87.6352
C13 919.999 79.055374
C13 925.012 76.33165
C13 949.965 62.8973
C13 975.002 48.50268
C13 999.976 31.918283
C13 1025.028 15.976638
C13 1050.014 6.66294
C13 1075.002 3.6767232
C13 1099.99 2.4742055
C17 319.994 56.393337
C17 324.969 59.68589
C17 349.982 71.76084
C17 374.975 81.78585
C17 400.019 86.79512
C17 424.965 85.458855
C17 450.035 83.89163
C17 475.003 83.432594
C17 500.018 83.87529
C17 525.002 84.924515
C17 550.029 86.82849
C17 575.023 88.87723
C17 599.982 90.84999
C17 619.997 92.010574
C17 624.979 92.248665
C17 650.012 93.60097
C17 675.004 94.72618
C17 700.03 95.60365
C17 725.012 96.16736
C17 750.022 97.926025
C17 774.987 98.8887
C17 799.976 99.49747
C17 824.988 98.01784
C17 850.022 97.16647
C17 869.967 95.10687
C17 875.002 93.916885
C17 899.999 86.89109
C17 919.999 78.50205
C17 925.012 75.83198
C17 949.965 62.49059
C17 975.002 48.14792
C17 999.976 31.584661
C17 1025.028 15.786656
C17 1050.014 6.589317
C17 1075.002 3.6766675
C17 1099.99 2.4551437
