lsstCam/transmission_filter_detector/r24_s01/r_57/19700101T000000.ecsv
# %ECSV 1.0
# ---
# datatype:
# - {name: wavelength, unit: nm, datatype: float32}
# - {name: efficiency, unit: '%', datatype: float64}
# meta: !!omap
# - {MODE: DETECTOR}
# - {TYPE: transmission_filter_detector}
# - {CALIBDATE: '1970-01-01T00:00:00'}
# - {INSTRUME: LSSTCam}
# - {OBSTYPE: transmission_filter_detector}
# - {CALIBCLS: lsst.ip.isr.IntermediateFilterDetectorTransmissionCurve}
# - {SOURCE: Materion (DM-46256)}
# - {DETECTOR: 109}
# - {FILTER: r_57}
# - {CALIB_ID: 'calibDate=1970-01-01T00:00:00 filter=r_57 detector=109'}
# - {DATE: '2025-04-02T15:59:44.687351'}
# - {CALIB_CREATION_DATE: '2025-04-02'}
# - {CALIB_CREATION_TIME: '15:59:44'}
# - __serialized_columns__:
#     efficiency:
#       __class__: astropy.units.quantity.Quantity
#       unit: !astropy.units.Unit {unit: '%'}
#       value: !astropy.table.SerializedColumn {name: efficiency}
#     wavelength:
#       __class__: astropy.units.quantity.Quantity
#       unit: !astropy.units.Unit {unit: nm}
#       value: !astropy.table.SerializedColumn {name: wavelength}
# schema: astropy-2.0
wavelength efficiency
[from data line 604]
904.0 1.629248277089379e-10
905.0 2.943816923561826e-05
906.0 1.629248277089379e-10
907.0 1.629248277089379e-10
908.0 1.629248277089379e-10
909.0 1.629248277089379e-10
910.0 1.629248277089379e-10
911.0 1.629248277089379e-10
912.0 1.629248277089379e-10
913.0 1.629248277089379e-10
914.0 1.629248277089379e-10
915.0 5.8788394596831495e-06
916.0 6.716354761238108e-06
917.0 7.553892089617875e-06
918.0 8.99514759566955e-05
919.0 0.00017234900724361069
920.0 5.755368874815758e-05
921.0 1.629248277089379e-10
922.0 8.204772825592954e-05
923.0 0.0002213371317338897
924.0 0.00023199027054943144
925.0 0.00024264343210234074
926.0 0.00017207178188982653
927.0 0.00010150014304599608
928.0 0.00012501891433203127
929.0 0.00014853768561806646
930.0 0.00021455707610584795
931.0 0.0002805765234370483
932.0 0.00012832526863348903
933.0 1.629248277089379e-10
934.0 0.00011298893696221057
935.0 0.0002499037691450212
936.0 0.0003048214693990303
937.0 0.0003597391469156719
938.0 0.00037088645967742195
939.0 0.00038203379517653957
940.0 0.00033833912311820313
941.0 0.00029464447379723424
942.0 0.0003369269961694954
943.0 0.00037920956401649164
944.0 0.0003448716370257898
945.0 0.0003105337555098231
946.0 0.0003356431761858403
947.0 0.0003607525741244899
948.0 0.0005067700840299949
949.0 0.0006527877303597052
950.0 0.0006294201284617884
951.0 0.0006060524810891366
952.0 0.0007467411251127487
953.0 0.0008874298146110959
954.0 0.0011902267942787148
955.0 0.0014930240467947442
956.0 0.0015776002328493632
957.0 0.001662176327954512
958.0 0.0017595160898054019
959.0 0.0018568562154541723
960.0 0.001972534846572671
961.0 0.0020882138414890505
962.0 0.0022593401808990166
963.0 0.002430466702207923
964.0 0.002445357858960051
965.0 0.0024602486519142985
966.0 0.0024579914679634385
967.0 0.0024557339202146977
968.0 0.002391117413935717
969.0 0.002326501089555677
970.0 0.0023800806957297027
971.0 0.0024336608476005495
972.0 0.002523687908251304
973.0 0.0026137147870031185
974.0 0.0028563124942593277
975.0 0.0030989100196165964
976.0 0.0031917239539325237
977.0 0.0032845375244505703
978.0 0.0031935658626025543
979.0 0.003102594564552419
980.0 0.0030645453080069274
981.0 0.0030264964152593166
982.0 0.0031003022741060704
983.0 0.003174108496750705
984.0 0.003144302172586322
985.0 0.0031144962122198194
986.0 0.002997352203237824
987.0 0.002880208376154769
988.0 0.0026877172786043957
989.0 0.0024952263629529625
990.0 0.002539678644097876
991.0 0.002584130925242789
992.0 0.0026316523872083053
993.0 0.002679174031072762
994.0 0.0027225552912568673
995.0 0.0027659360057441518
996.0 0.0028298389224801213
997.0 0.0028937416573171504
998.0 0.0030221575798350386
999.0 0.0031505736842518672
1000.0 0.003297158400528133
1001.0 0.0034437431168043986
1002.0 0.0036373588955029845
1003.0 0.003830975037999451
1004.0 0.003963568087783642
1005.0 0.004096160773769952
1006.0 0.004295411054044962
1007.0 0.0044946613343199715
1008.0 0.004425411316333339
1009.0 0.004356161298346706
1010.0 0.004348010043031536
1011.0 0.004339858787716366
1012.0 0.004317351340432651
1013.0 0.004294843529351056
1014.0 0.004070360591867939
1015.0 0.0038458776543848217
1016.0 0.0036605895729735494
1017.0 0.003475301855360158
1018.0 0.0030376031645573676
1019.0 0.0025999050194513984
1020.0 0.00217461129068397
1021.0 0.0017493177438154817
1022.0 0.0015597312085446902
1023.0 0.0013701441275770776
1024.0 0.001438514118490275
1025.0 0.0015068842913024127
1026.0 0.0013424511962512042
1027.0 0.0011780178283515852
1028.0 0.001070306188921677
1029.0 0.0009625942766433582
1030.0 0.000908725633053109
1031.0 0.0008548563528165687
1032.0 0.0008140001227729954
1033.0 0.0007731436198810115
1034.0 0.0008099331353150774
1035.0 0.0008467224688502029
1036.0 0.0009006563232105691
1037.0 0.0009545899047225248
1038.0 0.0008221602911362424
1039.0 0.0006897308139741654
1040.0 0.0007692921826674137
1041.0 0.0008488535968353972
1042.0 0.000960175930231344
1043.0 0.00107149789982941
1044.0 0.0009762407898961101
1045.0 0.0008809839528112207
1046.0 0.0008849496225593612
1047.0 0.0008889153832569718
1048.0 0.000733068054614705
1049.0 0.0005772209533461137
1050.0 0.0006247656529012602
1051.0 0.0006723103524564067
1052.0 0.001009462539514061
1053.0 0.0013466143172990996
1054.0 0.001149611398432171
1055.0 0.0009526083886157721
1056.0 0.0010037620086222887
1057.0 0.0010549159014772158
1058.0 0.0008837379027681891
1059.0 0.0007125600859581027
1060.0 0.001010064806905575
1061.0 0.0013075690731056966
1062.0 0.001441088261344703
1063.0 0.0015746074495837092
1064.0 0.001098887969419593
1065.0 0.0006231682618818013
1066.0 0.0010473276233824436
1067.0 0.0014714869394083507
1068.0 0.0017591799405636266
1069.0 0.0020468725779210217
1070.0 0.00150074756675167
1071.0 0.0009546223736833781
1072.0 0.0012312693797866814
1073.0 0.0015079163858899847
1074.0 0.002119328564731404
1075.0 0.0027307405616738833
1076.0 0.002993532507389318
1077.0 0.0032563246350036934
1078.0 0.0038377482269424945
1079.0 0.004419171818881296
1080.0 0.0043403964809840545
1081.0 0.004261621143086813
1082.0 0.004154947237111628
1083.0 0.004048273331136443
1084.0 0.004430969784152694
1085.0 0.004813665509573184
1086.0 0.004991761306882836
1087.0 0.005169856740394607
1088.0 0.005169983705854975
1089.0 0.005170111035113223
1090.0 0.0049131424020743
1091.0 0.004656173769035377
1092.0 0.0040780138078844175
1093.0 0.0034998538467334583
1094.0 0.0041130464524030685
1095.0 0.0047262394218705595
1096.0 0.0035631328501040116
1097.0 0.0024000260964385234
1098.0 0.002027670052484609
1099.0 0.001655314554227516
1100.0 0.0017053036572178826
1101.0 0.0017552920326124877
