lsstCam/transmission_filter_detector/r24_s01/r_57/19700101T000000.ecsv
# %ECSV 1.0
# ---
# datatype:
# - {name: wavelength, unit: nm, datatype: float32}
# - {name: efficiency, unit: '%', datatype: float64}
# meta: !!omap
# - {MODE: DETECTOR}
# - {TYPE: transmission_filter_detector}
# - {CALIBDATE: '1970-01-01T00:00:00'}
# - {INSTRUME: LSSTCam}
# - {OBSTYPE: transmission_filter_detector}
# - {CALIBCLS: lsst.ip.isr.IntermediateFilterDetectorTransmissionCurve}
# - {SOURCE: Materion (DM-46256)}
# - {DETECTOR: 109}
# - {FILTER: r_57}
# - {CALIB_ID: 'calibDate=1970-01-01T00:00:00 filter=r_57 detector=109'}
# - {DATE: '2025-04-02T15:59:44.687351'}
# - {CALIB_CREATION_DATE: '2025-04-02'}
# - {CALIB_CREATION_TIME: '15:59:44'}
# - __serialized_columns__:
#     efficiency:
#       __class__: astropy.units.quantity.Quantity
#       unit: !astropy.units.Unit {unit: '%'}
#       value: !astropy.table.SerializedColumn {name: efficiency}
#     wavelength:
#       __class__: astropy.units.quantity.Quantity
#       unit: !astropy.units.Unit {unit: nm}
#       value: !astropy.table.SerializedColumn {name: wavelength}
# schema: astropy-2.0
wavelength efficiency
300.0 0.002909973954956513
301.0 0.0071514208684675395
302.0 0.011392866872483864
303.0 0.013466147356666625
304.0 0.015539428568445146
305.0 0.013677644892595708
306.0 0.01181586048915051
307.0 0.010225604637525976
308.0 0.008635349513497204
309.0 0.007867571548558772
310.0 0.0070997950388118625
311.0 0.00643436360405758
312.0 0.005768932169303298
313.0 0.005373906606109813
314.0 0.004978881042916328
315.0 0.00469818405690603
316.0 0.004417488162289374
317.0 0.004288295895094052
318.0 0.00415910326410085
319.0 0.0037923444324405864
320.0 0.003425584509386681
321.0 0.003417513653403148
322.0 0.003409442797419615
323.0 0.003259619916207157
324.0 0.0031097977625904605
325.0 0.0030677914764964953
326.0 0.003025786645594053
327.0 0.0029817758331773803
328.0 0.002937765202659648
329.0 0.002900170693465043
330.0 0.0028625750928767957
331.0 0.002618444887048099
332.0 0.0023743144993204623
333.0 0.002227291952294763
334.0 0.0020802692233701237
335.0 0.001891200736281462
336.0 0.00170213206729386
337.0 0.001580308708071243
338.0 0.001458485348848626
339.0 0.0013633963135362137
340.0 0.001268307096324861
341.0 0.001226825133926468
342.0 0.001185343262477545
343.0 0.0011838310456369072
344.0 0.0011823188287962694
345.0 0.0011135740351164714
346.0 0.0010448293323861435
347.0 0.0010292304068570957
348.0 0.0010136314813280478
349.0 0.0009656758265919052
350.0 0.0057713732530828565
351.0 0.005934614455327392
352.0 0.006097855657571927
353.0 0.005528006295207888
354.0 0.0049581576604396105
355.0 0.005022677214583382
356.0 0.005087197496322915
357.0 0.006505489000119269
358.0 0.007923781959107146
359.0 0.00602456639171578
360.0 0.004125350460526533
361.0 0.0026607840482029133
362.0 0.0011962171811319422
363.0 0.002203919029852841
364.0 0.0032116207876242697
365.0 0.003640772047219798
366.0 0.004069923306815326
367.0 0.003134773942292668
368.0 0.0021996240320731886
369.0 0.002023870183620602
370.0 0.0018481165170669556
371.0 0.0024188431780203246
372.0 0.002989570020872634
373.0 0.0033622785849729553
374.0 0.0037349869671743363
375.0 0.00337241253873799
376.0 0.0030098381103016436
377.0 0.001517393502581399
378.0 2.494891475635086e-05
379.0 0.0006858004780951887
380.0 0.0013466523341776337
381.0 0.002354713979002554
382.0 0.0033627762604737654
383.0 0.003467439819360152
384.0 0.003572103742044419
385.0 0.004515064210863784
386.0 0.0054580239520873874
387.0 0.004967458880855702
388.0 0.004476893445826136
389.0 0.003673430546768941
390.0 0.0028699672839138657
391.0 0.0020397845219122246
392.0 0.0012096017599105835
393.0 0.0013525444046535995
394.0 0.0014954865946492646
395.0 0.0012245764082763344
396.0 0.0009536662219034042
397.0 0.0009202110959449783
398.0 0.0008867564247339033
399.0 0.0007785840352880768
400.0 0.0006704111910948996
401.0 0.00021512664716283325
402.0 1.629248277089379e-10
403.0 1.629248277089379e-10
404.0 9.329331192020618e-05
405.0 0.0006227214271348203
406.0 0.001152149161498528
407.0 0.001757048630679492
408.0 0.002361947736062575
409.0 0.001985188828257378
410.0 0.001608429738553241
411.0 0.001136583523475565
412.0 0.0006647373083978891
413.0 0.0006502022188215051
414.0 0.0006356672201945912
415.0 0.0006893163117638323
416.0 0.0007429657671309542
417.0 0.001278694071515929
418.0 0.0018144228306482546
419.0 0.0022875232389196754
420.0 0.002760623647191096
421.0 0.004284492024453357
422.0 0.0058083598560187966
423.0 0.00892003663466312
424.0 0.012031712685711682
425.0 0.016431041876785457
426.0 0.020830363791901618
427.0 0.02134970563929528
428.0 0.021869050397071987
429.0 0.016715761739760637
430.0 0.011562473810045049
431.0 0.00829783602966927
432.0 0.005033197157899849
433.0 0.004142510806559585
434.0 0.0032518237276235595
435.0 0.0025589079086785205
436.0 0.001865991907834541
437.0 0.0016155905541381799
438.0 0.0013651895642396994
439.0 0.0011125455785077065
440.0 0.000859901774674654
441.0 0.0011289006579318084
442.0 0.0013978995411889628
443.0 0.0017346683307550848
444.0 0.002071437302220147
445.0 0.0019638937374111265
446.0 0.0018563503545010462
447.0 0.001636875640542712
448.0 0.0014174011994327884
449.0 0.0014105455193202943
450.0 0.0014036893844604492
451.0 0.00159958017320605
452.0 0.0017954707800527103
453.0 0.0016946132745943032
454.0 0.0015937557691358961
455.0 0.0014333677427202929
456.0 0.0012729800801025704
457.0 0.0008864479241310619
458.0 0.0004999158591090236
459.0 0.0007465374437742867
460.0 0.0009931589374900796
461.0 0.001694352613412775
462.0 0.00239554592553759
463.0 0.003118584572803229
464.0 0.0038416234019678086
465.0 0.004904803790850565
466.0 0.005967984179733321
467.0 0.006621007196372375
468.0 0.00727403094060719
469.0 0.006211915024323389
470.0 0.00514980019943323
471.0 0.003910582745447755
472.0 0.0026713651095633395
473.0 0.002222926741524134
474.0 0.0017744883734849282
475.0 0.0014759374607820064
476.0 0.0011773868209274951
477.0 0.0009208449228026439
478.0 0.0006643029792030575
479.0 0.000918354453460779
480.0 0.0011724057003448252
481.0 0.0008965235792857129
482.0 0.000620641640125541
483.0 0.0007032618213997921
484.0 0.000785881911724573
485.0 0.0006929578830749961
486.0 0.0006000337180012139
487.0 0.0006009092885506107
488.0 0.0006017846772010671
489.0 0.000629880605629296
490.0 0.000657976534057525
491.0 0.0008120359780150466
492.0 0.0009660952855483629
493.0 0.0010393121556262486
494.0 0.001112528934754664
495.0 0.000988445299299201
496.0 0.0008643616638437379
497.0 0.0010950868272630032
498.0 0.0013258118997327983
499.0 0.0013438521818898153
500.0 0.0013618925549963024
501.0 0.0015350471585406922
502.0 0.0017082020349334925
503.0 0.002068741378025152
504.0 0.0024292809030157514
505.0 0.003033131724805571
506.0 0.0036369827284943312
507.0 0.004246203388902359
508.0 0.004855423321714625
509.0 0.0053088551794644445
510.0 0.005762286309618503
511.0 0.005178196806809865
512.0 0.004594107304001227
513.0 0.0039261496567633
514.0 0.0032581920095253736
515.0 0.0030617244192399085
516.0 0.002865257192752324
517.0 0.002645394670253154
518.0 0.002425531783956103
519.0 0.08199475123547018
520.0 0.0828035466838628
521.0 0.11712992563843727
522.0 0.0631556729786098
523.0 0.1456897589378059
524.0 0.09178416221402586
525.0 0.10617539519444108
526.0 0.1196720520965755
527.0 0.11308009270578623
528.0 0.16598785296082497
529.0 0.15249554999172688
530.0 0.14133101794868708
531.0 0.18167548114433885
532.0 0.27078778948634863
533.0 0.2749707084149122
534.0 0.4656718112528324
535.0 0.5875055678188801
536.0 0.87004778906703
537.0 1.3624485582113266
538.0 2.0530570298433304
539.0 3.1863942742347717
540.0 5.024167150259018
541.0 7.229504734277725
542.0 9.999121725559235
543.0 13.557340204715729
544.0 17.857493460178375
545.0 22.87568300962448
546.0 28.739947080612183
547.0 35.68781316280365
548.0 44.07053589820862
549.0 52.20407247543335
550.0 58.63249897956848
551.0 65.6197190284729
552.0 70.10722756385803
553.0 74.58555102348328
554.0 78.229421377182
555.0 82.1917474269867
556.0 85.6466293334961
557.0 88.40062618255615
558.0 91.26298427581787
559.0 93.50659251213074
560.0 93.69933009147644
561.0 95.27613520622253
562.0 95.9172248840332
563.0 95.27801871299744
564.0 95.69246172904968
565.0 95.28953433036804
566.0 95.85444927215576
567.0 95.77468037605286
568.0 96.01101875305176
569.0 96.92679047584534
570.0 96.16711735725403
571.0 97.20210433006287
572.0 96.94361090660095
573.0 96.93020582199097
574.0 97.0188319683075
575.0 97.02101349830627
576.0 97.42162823677063
577.0 97.23381996154785
578.0 97.43745923042297
579.0 97.12832570075989
580.0 96.8568742275238
581.0 96.44334316253662
582.0 96.90471887588501
583.0 96.66759371757507
584.0 96.36490941047668
585.0 96.56282663345337
586.0 96.86657190322876
587.0 96.41015529632568
588.0 96.59234881401062
589.0 97.24775552749634
590.0 96.7623770236969
591.0 96.03971242904663
592.0 96.06069922447205
593.0 95.67238688468933
594.0 96.18924260139465
595.0 96.65342569351196
596.0 97.09150195121765
597.0 97.49008417129517
598.0 96.87523245811462
599.0 96.89138531684875
600.0 97.17321991920471
601.0 96.40198945999146
602.0 97.05856442451477
603.0 96.587473154068
604.0 96.3460385799408
605.0 96.61614894866943
606.0 96.06146216392517
607.0 96.22464776039124
608.0 96.32788896560669
609.0 95.61848640441895
610.0 96.13738656044006
611.0 96.1471676826477
612.0 95.68250775337219
613.0 97.16470837593079
614.0 96.97049260139465
615.0 96.19643092155457
616.0 96.63363695144653
617.0 96.53981924057007
618.0 96.51122093200684
619.0 97.45561480522156
620.0 96.31037712097168
621.0 95.79442143440247
622.0 96.70168161392212
623.0 96.70710563659668
624.0 96.67648077011108
625.0 97.0995545387268
626.0 96.26825451850891
627.0 95.11457085609436
628.0 97.21170663833618
629.0 95.60016393661499
630.0 96.62153720855713
631.0 96.06094360351562
632.0 96.69120907783508
633.0 96.80706858634949
634.0 96.14135026931763
635.0 96.39304876327515
636.0 96.26405835151672
637.0 95.68240642547607
638.0 95.65000534057617
639.0 95.53504586219788
640.0 95.7215964794159
641.0 95.53983807563782
642.0 96.21378779411316
643.0 96.2766945362091
644.0 96.120285987854
645.0 96.54350876808167
646.0 96.46042585372925
647.0 97.2323477268219
648.0 96.60505652427673
649.0 95.52798271179199
650.0 96.53105139732361
651.0 96.90528512001038
652.0 96.95886373519897
653.0 96.06969952583313
654.0 96.76516056060791
655.0 96.82161808013916
656.0 95.68017721176147
657.0 96.09280824661255
658.0 96.38785123825073
659.0 96.0720956325531
660.0 95.6458032131195
661.0 95.33408284187317
662.0 95.86415886878967
663.0 95.85204124450684
664.0 95.36189436912537
665.0 95.38533091545105
666.0 95.3895092010498
667.0 95.88675498962402
668.0 95.22124528884888
669.0 95.67118287086487
670.0 95.38248181343079
671.0 95.95425724983215
672.0 95.14983296394348
673.0 95.35742402076721
674.0 94.68259811401367
675.0 95.55724859237671
676.0 95.09223699569702
677.0 93.98612976074219
678.0 93.49208474159241
679.0 92.04332828521729
680.0 91.2906289100647
681.0 89.83883857727051
682.0 87.55614161491394
683.0 84.42714810371399
684.0 80.7989776134491
685.0 77.35455632209778
686.0 73.35154414176941
687.0 68.83882880210876
688.0 64.39372301101685
689.0 59.79825258255005
690.0 54.633450508117676
691.0 50.75956583023071
692.0 46.08388543128967
693.0 41.507530212402344
694.0 36.381691694259644
695.0 31.17346167564392
696.0 25.547239184379578
697.0 20.372240245342255
698.0 14.742006361484528
699.0 10.410486161708832
700.0 7.137895375490189
701.0 4.357874020934105
702.0 2.7000365778803825
703.0 1.558778528124094
704.0 0.9438592009246349
705.0 0.5446169525384903
706.0 0.3550287336111069
707.0 0.22422259207814932
708.0 0.18009631894528866
709.0 0.0933834642637521
710.0 0.11132062645629048
711.0 0.04140435194130987
712.0 0.10907676769420505
713.0 0.055575056467205286
714.0 0.049229507567361
715.0 0.07046982063911855
716.0 0.06792446365579963
717.0 0.08909630123525858
718.0 0.06684382096864283
719.0 0.04862345231231302
720.0 1.629248277089379e-10
721.0 0.004344241096987389
722.0 0.004127799184061587
723.0 0.003911357634933665
724.0 0.0036155634006718174
725.0 0.0033197691664099693
726.0 0.0030413017157115974
727.0 0.0027628344469121657
728.0 0.0026483903639018536
729.0 0.002533946098992601
730.0 0.0023652111849514768
731.0 0.002196476452809293
732.0 0.002174271867261268
733.0 0.002152067463612184
734.0 0.0020502149709500372
735.0 0.0019483624782878906
736.0 0.001744558358041104
737.0 0.0015407542377943173
738.0 0.001570044332765974
739.0 0.001599334427737631
740.0 0.0015471419828827493
741.0 0.0014949498108762782
742.0 0.0013810980817652307
743.0 0.001267246170755243
744.0 0.0013145047887519468
745.0 0.0013617632248497102
746.0 0.001298862844123505
747.0 0.00123596255434677
748.0 0.0011382051525288261
749.0 0.0010404478416603524
750.0 0.0010186264262301847
751.0 0.000996805556496838
752.0 0.0010281525646860246
753.0 0.0010594996638246812
754.0 0.0010557129826338496
755.0 0.001051926756190369
756.0 0.0010517440387047827
757.0 0.0010515611393202562
758.0 0.001065226570062805
759.0 0.001078892091754824
760.0 0.0010688271686376538
761.0 0.0010587626093183644
762.0 0.0010278745321556926
763.0 0.0009969869097403716
764.0 0.0009949714694812428
765.0 0.0009929562111210544
766.0 0.0008168655767804012
767.0 0.000640774942439748
768.0 0.000638314122625161
769.0 0.0006358531209116336
770.0 0.0007437387921527261
771.0 0.0008516247362422291
772.0 0.0007821421604603529
773.0 0.0007126595846784767
774.0 0.0008197993338399101
775.0 0.0009269389920518734
776.0 0.0009200244676321745
777.0 0.0009131099432124756
778.0 0.0008342025466845371
779.0 0.0007552952865808038
780.0 0.0006656861842202488
781.0 0.000576077127334429
782.0 0.0006642294465564191
783.0 0.0007523817203036742
784.0 0.0008139299097820185
785.0 0.0008754777809372172
786.0 0.0007394497970381053
787.0 0.0006034217676642584
788.0 0.000589636510994751
789.0 0.0005758513907494489
790.0 0.0006452366051235003
791.0 0.0007146217285480816
792.0 0.0007405981705232989
793.0 0.0007665746124985162
794.0 0.0008252198313130066
795.0 0.0008838647772790864
796.0 0.0007333700068556936
797.0 0.0005828751000080956
798.0 0.0006838250101282028
799.0 0.000784774874773575
800.0 0.0007034778718661983
801.0 0.000622180596110411
802.0 0.0005426557891041739
803.0 0.00046313075472426135
804.0 0.0006029193173162639
805.0 0.0007427078799082665
806.0 0.0006401164228009293
807.0 0.0005375249656935921
808.0 0.0006801369181630434
809.0 0.0008227489161072299
810.0 0.0007298595846805256
811.0 0.0006369705261022318
812.0 0.0006680804290226661
813.0 0.0006991903319431003
814.0 0.0005710588538931916
815.0 0.0004429273758432828
816.0 0.0005139621407579398
817.0 0.000584997042096802
818.0 0.0005867525487701641
819.0 0.0005885080554435262
820.0 0.0004505798642640002
821.0 0.000312651582135004
822.0 0.0003870852651743917
823.0 0.00046151899368851446
824.0 0.0005158320618647849
825.0 0.0005701450845663203
826.0 0.0005704080194846028
827.0 0.0005706708634534152
828.0 0.0004314063971833093
829.0 0.0002921418854384683
830.0 0.0001822570652620925
831.0 7.237226782308426e-05
832.0 2.5365167743984784e-05
833.0 1.629248277089379e-10
834.0 1.629248277089379e-10
835.0 1.629248277089379e-10
836.0 0.000247189927904401
837.0 0.0005237437562755076
838.0 0.0007316687970160274
839.0 0.0009395938832312822
840.0 0.0012760069694195408
841.0 0.001612419873708859
842.0 0.0021666961401933804
843.0 0.0027209724066779017
844.0 0.002903174936363939
845.0 0.0030853778298478574
846.0 0.0033652468118816614
847.0 0.003645116157713346
848.0 0.0033683078072499484
849.0 0.0030914998205844313
850.0 0.0024424945877399296
851.0 0.0017934893548954278
852.0 0.0014869910046400037
853.0 0.0011804921996372286
854.0 0.0010525780453463085
855.0 0.0009246635272575077
856.0 0.0007105758413672447
857.0 0.0004964882009517169
858.0 0.0005776679245173
859.0 0.0006588475571334129
860.0 0.0005365097877074732
861.0 0.0004141719728067983
862.0 0.00044461862671596464
863.0 0.00047506532609986607
864.0 0.00034507406780903693
865.0 0.00021508292320504552
866.0 0.00019290480395284249
867.0 0.0001707266619632719
868.0 0.00018166547306464054
869.0 0.00019260426142864162
870.0 9.779398624232272e-05
871.0 2.9836975556918333e-06
872.0 1.629248277089379e-10
873.0 1.629248277089379e-10
874.0 1.629248277089379e-10
875.0 1.629248277089379e-10
876.0 1.629248277089379e-10
877.0 1.691095974365453e-05
878.0 0.00011732844313883106
879.0 0.0002177459009544691
880.0 0.00014253868130253977
881.0 6.733141049153346e-05
882.0 0.00010981005971189006
883.0 0.00015228872598527232
884.0 5.35849892457918e-05
885.0 1.629248277089379e-10
886.0 5.3729559112980496e-05
887.0 0.00015257784298228216
888.0 0.00021004257177992258
889.0 0.0002675072664715117
890.0 0.0001926968934640172
891.0 0.00011788645224442007
892.0 1.629248277089379e-10
893.0 1.629248277089379e-10
894.0 1.629248277089379e-10
895.0 1.6708087358097146e-06
896.0 6.484853543042846e-05
897.0 0.0001280263063563325
898.0 0.00012183270428067772
899.0 0.00011563909083633916
900.0 3.9031235132824804e-05
901.0 1.629248277089379e-10
902.0 1.629248277089379e-10
