lsstCam/transmission_sensor/r41_s02/19700101T000000.ecsv
# %ECSV 1.0
# ---
# datatype:
# - {name: amp_name, datatype: string}
# - {name: wavelength, unit: nm, datatype: float32}
# - {name: efficiency, unit: '%', datatype: float64}
# meta: !!omap
# - {MODE: AMP}
# - {TYPE: transmission_sensor}
# - {CALIBDATE: '1970-01-01T00:00:00'}
# - {INSTRUME: LSSTCAM}
# - {OBSTYPE: transmission_sensor}
# - {DETECTOR: 164}
# - {PARQUETFILE: qe_raft_allvalues_nircorrected_20230725.parquet}
# - {CALIBCLS: lsst.ip.isr.IntermediateSensorTransmissionCurve}
# - {CALIB_ID: 'raftName=R41 detectorName=S02 detector=164 calibDate=1970-01-01T00:00:00 ccd=164 ccdnum=164 filter=None'}
# - {DATE: '2024-01-18T22:42:25.559035'}
# - {CALIB_CREATION_DATE: '2024-01-18'}
# - {CALIB_CREATION_TIME: '22:42:25'}
# - __serialized_columns__:
#     efficiency:
#       __class__: astropy.units.quantity.Quantity
#       unit: !astropy.units.Unit {unit: '%'}
#       value: !astropy.table.SerializedColumn {name: efficiency}
#     wavelength:
#       __class__: astropy.units.quantity.Quantity
#       unit: !astropy.units.Unit {unit: nm}
#       value: !astropy.table.SerializedColumn {name: wavelength}
# schema: astropy-2.0
amp_name wavelength efficiency
C00 319.994 44.078243255615234
C00 324.969 45.24171447753906
C00 349.982 52.95534133911133
C00 374.975 69.98216247558594
C00 400.019 84.92957305908203
C00 424.965 87.2738037109375
C00 450.035 87.1053237915039
C00 475.003 86.48699951171875
C00 500.018 86.11665344238281
C00 525.002 85.64531707763672
C00 550.029 87.08511352539062
C00 575.023 88.31026458740234
C00 599.982 89.5486068725586
C00 619.997 91.05765533447266
C00 624.979 91.17609405517578
C00 650.012 92.55503845214844
C00 675.004 93.75093841552734
C00 700.03 94.81161499023438
C00 725.012 96.14295959472656
C00 750.022 97.75945281982422
C00 774.987 99.99821472167969
C00 799.976 100.0096206665039
C00 824.988 99.8501968383789
C00 850.022 98.44144439697266
C00 869.967 96.0018539428711
C00 875.002 95.26951599121094
C00 899.999 88.75636291503906
C00 919.999 80.74173736572266
C00 925.012 77.20850372314453
C00 949.965 64.24995422363281
C00 975.002 48.97264099121094
C00 999.976 31.429494857788086
C00 1025.028 15.135005950927734
C00 1050.014 6.087843418121338
C00 1075.002 0.931333778755896
C00 1099.99 0.09240608192940075
C01 319.994 43.92702102661133
C01 324.969 45.0278205871582
C01 349.982 52.491127014160156
C01 374.975 69.48206329345703
C01 400.019 84.69876861572266
C01 424.965 87.26077270507812
C01 450.035 87.17292785644531
C01 475.003 86.55778503417969
C01 500.018 86.15397644042969
C01 525.002 85.63379669189453
C01 550.029 87.01979064941406
C01 575.023 88.20193481445312
C01 599.982 89.4150161743164
C01 619.997 90.91072082519531
C01 624.979 91.02842712402344
C01 650.012 92.3992691040039
C01 675.004 93.5968017578125
C01 700.03 94.67066955566406
C01 725.012 96.03875732421875
C01 750.022 97.70878601074219
C01 774.987 99.99606323242188
C01 799.976 100.03623962402344
C01 824.988 99.90682983398438
C01 850.022 98.54132843017578
C01 869.967 96.04994201660156
C01 875.002 95.30499267578125
C01 899.999 88.7723388671875
C01 919.999 80.75670623779297
C01 925.012 77.25469970703125
C01 949.965 64.46394348144531
C01 975.002 49.105133056640625
C01 999.976 31.62186622619629
C01 1025.028 15.174025535583496
C01 1050.014 6.165596008300781
C01 1075.002 0.9308506335696825
C01 1099.99 0.09235814470788102
C02 319.994 43.74958801269531
C02 324.969 44.78940963745117
C02 349.982 52.01541519165039
C02 374.975 69.02014923095703
C02 400.019 84.53951263427734
C02 424.965 87.33549499511719
C02 450.035 87.34493255615234
C02 475.003 86.73168182373047
C02 500.018 86.29104614257812
C02 525.002 85.71735382080078
C02 550.029 87.04911804199219
C02 575.023 88.17832946777344
C02 599.982 89.35394287109375
C02 619.997 90.82415008544922
C02 624.979 90.94058990478516
C02 650.012 92.29774475097656
C02 675.004 93.49261474609375
C02 700.03 94.58180236816406
C02 725.012 95.9974365234375
C02 750.022 97.725341796875
C02 774.987 100.06807708740234
C02 799.976 100.14749908447266
C02 824.988 100.05455780029297
C02 850.022 98.74108123779297
C02 869.967 96.17415618896484
C02 875.002 95.39900207519531
C02 899.999 88.8057861328125
C02 919.999 80.84906768798828
C02 925.012 77.38765716552734
C02 949.965 64.87161254882812
C02 975.002 49.406837463378906
C02 999.976 31.772897720336914
C02 1025.028 15.231653213500977
C02 1050.014 6.205257415771484
C02 1075.002 0.931007870669195
C02 1099.99 0.09237374562844389
C03 319.994 43.59101867675781
C03 324.969 44.56943130493164
C03 349.982 51.560306549072266
C03 374.975 68.55750274658203
C03 400.019 84.36901092529297
C03 424.965 87.39517211914062
C03 450.035 87.48604583740234
C03 475.003 86.86690521240234
C03 500.018 86.38114166259766
C03 525.002 85.75989532470703
C03 550.029 87.04918670654297
C03 575.023 88.14906311035156
C03 599.982 89.3008804321289
C03 619.997 90.75779724121094
C03 624.979 90.86859893798828
C03 650.012 92.2199478149414
C03 675.004 93.41453552246094
C03 700.03 94.52357482910156
C03 725.012 95.97624969482422
C03 750.022 97.76180267333984
C03 774.987 100.16100311279297
C03 799.976 100.2745590209961
C03 824.988 100.20719146728516
C03 850.022 98.95183563232422
C03 869.967 96.3461685180664
C03 875.002 95.54005432128906
C03 899.999 88.8443603515625
C03 919.999 80.8902816772461
C03 925.012 77.45325469970703
C03 949.965 65.17008972167969
C03 975.002 49.612388610839844
C03 999.976 31.8243465423584
C03 1025.028 15.263957977294922
C03 1050.014 6.208450794219971
C03 1075.002 0.9313547415215283
C03 1099.99 0.0924081618357487
C04 319.994 43.31485366821289
C04 324.969 44.22404479980469
C04 349.982 50.91460418701172
C04 374.975 67.82711791992188
C04 400.019 83.91169738769531
C04 424.965 87.21334838867188
C04 450.035 87.43685150146484
C04 475.003 86.87897491455078
C04 500.018 86.38949584960938
C04 525.002 85.72171020507812
C04 550.029 86.96002960205078
C04 575.023 87.99021911621094
C04 599.982 89.07135009765625
C04 619.997 90.48561096191406
C04 624.979 90.58732604980469
C04 650.012 91.89799499511719
C04 675.004 93.07872772216797
C04 700.03 94.19307708740234
C04 725.012 95.676025390625
C04 750.022 97.51145935058594
C04 774.987 99.95062255859375
C04 799.976 100.09329986572266
C04 824.988 100.04364013671875
C04 850.022 98.83744049072266
C04 869.967 96.23981475830078
C04 875.002 95.42610931396484
C04 899.999 88.67665100097656
C04 919.999 80.7197265625
C04 925.012 77.30445861816406
C04 949.965 65.14483642578125
C04 975.002 49.60526657104492
C04 999.976 31.796405792236328
C04 1025.028 15.236104965209961
C04 1050.014 6.183337688446045
C04 1075.002 0.9289693367593489
C04 1099.99 0.09217148416667159
C05 319.994 43.22920608520508
C05 324.969 44.07370376586914
C05 349.982 50.49919128417969
C05 374.975 67.409423828125
C05 400.019 83.8629150390625
C05 424.965 87.46168518066406
C05 450.035 87.81954193115234
C05 475.003 87.28679656982422
C05 500.018 86.77371978759766
C05 525.002 86.04999542236328
C05 550.029 87.23968505859375
C05 575.023 88.21324157714844
C05 599.982 89.24560546875
C05 619.997 90.6353988647461
C05 624.979 90.72599029541016
C05 650.012 92.01876068115234
C05 675.004 93.19544219970703
C05 700.03 94.31852722167969
C05 725.012 95.82317352294922
C05 750.022 97.69522094726562
C05 774.987 100.1698226928711
C05 799.976 100.33531951904297
C05 824.988 100.30841064453125
C05 850.022 99.12810516357422
C05 869.967 96.55704498291016
C05 875.002 95.74442291259766
C05 899.999 88.98377990722656
C05 919.999 80.99910736083984
C05 925.012 77.57740783691406
C05 949.965 65.38805389404297
C05 975.002 49.841712951660156
C05 999.976 31.97283363342285
C05 1025.028 15.271096229553223
C05 1050.014 6.196700572967529
C05 1075.002 0.9307197153046708
C05 1099.99 0.09234515511789869
C06 319.994 43.009437561035156
C06 324.969 43.79285430908203
C06 349.982 49.96027755737305
C06 374.975 66.82107543945312
C06 400.019 83.58718872070312
C06 424.965 87.4747314453125
C06 450.035 87.95402526855469
C06 475.003 87.41960144042969
C06 500.018 86.874267578125
C06 525.002 86.11005401611328
C06 550.029 87.2474136352539
C06 575.023 88.17914581298828
C06 599.982 89.1755599975586
C06 619.997 90.53775787353516
C06 624.979 90.6296615600586
C06 650.012 91.90674591064453
C06 675.004 93.07386016845703
C06 700.03 94.19811248779297
C06 725.012 95.7111587524414
C06 750.022 97.57633972167969
C06 774.987 100.04308319091797
C06 799.976 100.22036743164062
C06 824.988 100.2078628540039
C06 850.022 99.05284118652344
C06 869.967 96.50160217285156
C06 875.002 95.69631958007812
C06 899.999 88.97053527832031
C06 919.999 81.02601623535156
C06 925.012 77.61527252197266
C06 949.965 65.42451477050781
C06 975.002 49.89073944091797
C06 999.976 31.99793243408203
C06 1025.028 15.256016731262207
C06 1050.014 6.192506790161133
C06 1075.002 0.9295872014818467
C06 1099.99 0.09223278813681716
C07 319.994 42.9305305480957
C07 324.969 43.65888977050781
C07 349.982 49.613746643066406
C07 374.975 66.44795989990234
C07 400.019 83.52721405029297
C07 424.965 87.671875
C07 450.035 88.26453399658203
C07 475.003 87.75872039794922
C07 500.018 87.19947052001953
C07 525.002 86.40059661865234
C07 550.029 87.5157470703125
C07 575.023 88.41035461425781
C07 599.982 89.37464141845703
C07 619.997 90.71630859375
C07 624.979 90.80262756347656
C07 650.012 92.06206512451172
C07 675.004 93.22207641601562
C07 700.03 94.33851623535156
C07 725.012 95.8173828125
C07 750.022 97.63674926757812
C07 774.987 100.05082702636719
C07 799.976 100.21231079101562
C07 824.988 100.23002624511719
C07 850.022 99.0845947265625
C07 869.967 96.50906372070312
C07 875.002 95.68648529052734
C07 899.999 88.89450073242188
C07 919.999 81.12068176269531
C07 925.012 77.76670837402344
C07 949.965 65.62401580810547
C07 975.002 49.996883392333984
C07 999.976 32.018489837646484
C07 1025.028 15.293084144592285
C07 1050.014 6.194875240325928
C07 1075.002 0.9301631327755867
C07 1099.99 0.09228993151068483
C10 319.994 44.33470916748047
C10 324.969 45.521968841552734
C10 349.982 53.378055572509766
C10 374.975 70.51075744628906
C10 400.019 85.39629364013672
C10 424.965 87.65548706054688
C10 450.035 87.45921325683594
C10 475.003 86.85572814941406
C10 500.018 86.50369262695312
C10 525.002 86.04549407958984
C10 550.029 87.4913558959961
C10 575.023 88.71500396728516
C10 599.982 89.9516372680664
C10 619.997 91.45838165283203
C10 624.979 91.58240509033203
C10 650.012 92.96255493164062
C10 675.004 94.1429672241211
C10 700.03 95.10098266601562
C10 725.012 96.14588165283203
C10 750.022 97.4192123413086
C10 774.987 99.29862976074219
C10 799.976 99.16641235351562
C10 824.988 99.04436492919922
C10 850.022 97.71778106689453
C10 869.967 95.4647445678711
C10 875.002 94.77957916259766
C10 899.999 88.28450012207031
C10 919.999 80.2923812866211
C10 925.012 76.80352020263672
C10 949.965 63.51799011230469
C10 975.002 48.34811782836914
C10 999.976 31.183746337890625
C10 1025.028 14.978404998779297
C10 1050.014 5.991219997406006
C10 1075.002 0.9280953343259113
C10 1099.99 0.09208476644815544
C11 319.994 44.298797607421875
C11 324.969 45.42797088623047
C11 349.982 53.0540771484375
C11 374.975 70.19890594482422
C11 400.019 85.37847900390625
C11 424.965 87.85515594482422
C11 450.035 87.75031280517578
C11 475.003 87.14400482177734
C11 500.018 86.75691223144531
C11 525.002 86.24972534179688
C11 550.029 87.6433334350586
C11 575.023 88.81751251220703
C11 599.982 90.02922821044922
C11 619.997 91.52393341064453
C11 624.979 91.64481353759766
C11 650.012 93.01997375488281
C11 675.004 94.19841766357422
C11 700.03 95.17436981201172
C11 725.012 96.27091979980469
C11 750.022 97.60856628417969
C11 774.987 99.55255126953125
C11 799.976 99.45088958740234
C11 824.988 99.34634399414062
C11 850.022 98.01316833496094
C11 869.967 95.75897216796875
C11 875.002 95.07984161376953
C11 899.999 88.60855102539062
C11 919.999 80.66436004638672
C11 925.012 77.16963958740234
C11 949.965 63.86231231689453
C11 975.002 48.557960510253906
C11 999.976 31.20140838623047
C11 1025.028 15.043741226196289
C11 1050.014 6.151806354522705
C11 1075.002 0.9298987413850736
C11 1099.99 0.09226369883980949
C12 319.994 44.07634735107422
C12 324.969 45.14640426635742
C12 349.982 52.53788757324219
C12 374.975 69.68966674804688
C12 400.019 85.15451049804688
C12 424.965 87.85469055175781
C12 450.035 87.82987976074219
C12 475.003 87.22727966308594
C12 500.018 86.79325866699219
C12 525.002 86.23551940917969
C12 550.029 87.57506561279297
C12 575.023 88.70521545410156
C12 599.982 89.88465881347656
C12 619.997 91.3591079711914
C12 624.979 91.4754867553711
C12 650.012 92.83858489990234
C12 675.004 94.0177993774414
C12 700.03 95.01589965820312
C12 725.012 96.16522979736328
C12 750.022 97.57186889648438
C12 774.987 99.58407592773438
C12 799.976 99.51722717285156
C12 824.988 99.42185974121094
C12 850.022 98.09046173095703
C12 869.967 95.79396057128906
C12 875.002 95.10401153564453
C12 899.999 88.58325958251953
C12 919.999 80.67909240722656
C12 925.012 77.2030029296875
C12 949.965 63.976104736328125
C12 975.002 48.60457992553711
C12 999.976 31.191463470458984
C12 1025.028 15.030529022216797
C12 1050.014 6.17218017578125
C12 1075.002 0.9295485324063671
C12 1099.99 0.09222895142667262
C13 319.994 43.877967834472656
C13 324.969 44.88991928100586
C13 349.982 52.049922943115234
C13 374.975 69.18123626708984
C13 400.019 84.9046401977539
C13 424.965 87.81594848632812
C13 450.035 87.89305877685547
C13 475.003 87.32146453857422
C13 500.018 86.86226654052734
C13 525.002 86.25718688964844
C13 550.029 87.5416030883789
C13 575.023 88.61113739013672
C13 599.982 89.73712158203125
C13 619.997 91.18009185791016
C13 624.979 91.29330444335938
C13 650.012 92.6322021484375
C13 675.004 93.80416107177734
C13 700.03 94.8173828125
C13 725.012 96.02244567871094
C13 750.022 97.49993896484375
C13 774.987 99.5867919921875
C13 799.976 99.55646514892578
C13 824.988 99.4754638671875
C13 850.022 98.16192626953125
C13 869.967 95.85454559326172
C13 875.002 95.16490936279297
C13 899.999 88.60197448730469
C13 919.999 80.7157211303711
C13 925.012 77.25485229492188
C13 949.965 64.12718963623047
C13 975.002 48.7270393371582
C13 999.976 31.226051330566406
C13 1025.028 15.033625602722168
C13 1050.014 6.201611042022705
C13 1075.002 0.9288626370948749
C13 1099.99 0.09216089752398544
C14 319.994 43.620662689208984
C14 324.969 44.567779541015625
C14 349.982 51.4669075012207
C14 374.975 68.56928253173828
C14 400.019 84.59583282470703
C14 424.965 87.77828979492188
C14 450.035 87.97276306152344
C14 475.003 87.4289321899414
C14 500.018 86.94554901123047
C14 525.002 86.29428100585938
C14 550.029 87.52478790283203
C14 575.023 88.53694152832031
C14 599.982 89.6136703491211
C14 619.997 91.02479553222656
C14 624.979 91.13088989257812
C14 650.012 92.45201110839844
C14 675.004 93.61444091796875
C14 700.03 94.64945220947266
C14 725.012 95.90470123291016
C14 750.022 97.45345306396484
C14 774.987 99.60863494873047
C14 799.976 99.62667846679688
C14 824.988 99.57130432128906
C14 850.022 98.29908752441406
C14 869.967 95.9990463256836
C14 875.002 95.30961608886719
C14 899.999 88.7166748046875
C14 919.999 80.83641815185547
C14 925.012 77.39246368408203
C14 949.965 64.34151458740234
C14 975.002 48.90760040283203
C14 999.976 31.34543228149414
C14 1025.028 15.072568893432617
C14 1050.014 6.222421646118164
C14 1075.002 0.928419162956074
C14 1099.99 0.09211689642734493
C15 319.994 43.380706787109375
C15 324.969 44.25473403930664
C15 349.982 50.837921142578125
C15 374.975 67.87249755859375
C15 400.019 84.25495910644531
C15 424.965 87.77217864990234
C15 450.035 88.12352752685547
C15 475.003 87.60618591308594
C15 500.018 87.08676147460938
C15 525.002 86.37155151367188
C15 550.029 87.52981567382812
C15 575.023 88.46356201171875
C15 599.982 89.47925567626953
C15 619.997 90.85152435302734
C15 624.979 90.9515609741211
C15 650.012 92.23979187011719
C15 675.004 93.39196014404297
C15 700.03 94.43428039550781
C15 725.012 95.72406768798828
C15 750.022 97.32608795166016
C15 774.987 99.52471923828125
C15 799.976 99.57656860351562
C15 824.988 99.54228210449219
C15 850.022 98.3161392211914
C15 869.967 96.02811431884766
C15 875.002 95.32816314697266
C15 899.999 88.71162414550781
C15 919.999 80.85670471191406
C15 925.012 77.43036651611328
C15 949.965 64.46839904785156
C15 975.002 48.984134674072266
C15 999.976 31.43155860900879
C15 1025.028 15.096046447753906
C15 1050.014 6.1995086669921875
C15 1075.002 0.9272053329314254
C15 1099.99 0.09199646132742202
C16 319.994 43.305145263671875
C16 324.969 44.111141204833984
C16 349.982 50.433128356933594
C16 374.975 67.46871185302734
C16 400.019 84.24551391601562
C16 424.965 88.08160400390625
C16 450.035 88.55387115478516
C16 475.003 88.02125549316406
C16 500.018 87.43685150146484
C16 525.002 86.6612777709961
C16 550.029 87.78388977050781
C16 575.023 88.6938705444336
C16 599.982 89.68672943115234
C16 619.997 91.04732513427734
C16 624.979 91.14424896240234
C16 650.012 92.42285919189453
C16 675.004 93.57012176513672
C16 700.03 94.61937713623047
C16 725.012 95.9238052368164
C16 750.022 97.53973388671875
C16 774.987 99.75578308105469
C16 799.976 99.82202911376953
C16 824.988 99.80316162109375
C16 850.022 98.59513092041016
C16 869.967 96.28388214111328
C16 875.002 95.57939910888672
C16 899.999 88.93087005615234
C16 919.999 81.09859466552734
C16 925.012 77.68585968017578
C16 949.965 64.7093276977539
C16 975.002 49.13603591918945
C16 999.976 31.500436782836914
C16 1025.028 15.108844757080078
C16 1050.014 6.183368682861328
C16 1075.002 0.9292405974577888
C16 1099.99 0.0921983984039687
C17 319.994 43.142337799072266
C17 324.969 43.887176513671875
C17 349.982 49.946434020996094
C17 374.975 66.92029571533203
C17 400.019 84.01994323730469
C17 424.965 88.15935516357422
C17 450.035 88.77267456054688
C17 475.003 88.26497650146484
C17 500.018 87.65609741210938
C17 525.002 86.8361587524414
C17 550.029 87.91535186767578
C17 575.023 88.77391052246094
C17 599.982 89.71320343017578
C17 619.997 91.03804779052734
C17 624.979 91.12681579589844
C17 650.012 92.37725067138672
C17 675.004 93.50916290283203
C17 700.03 94.5438461303711
C17 725.012 95.80870056152344
C17 750.022 97.37854766845703
C17 774.987 99.54301452636719
C17 799.976 99.59698486328125
C17 824.988 99.60247039794922
C17 850.022 98.38450622558594
C17 869.967 96.03440856933594
C17 875.002 95.32618713378906
C17 899.999 88.7444076538086
C17 919.999 81.0049057006836
C17 925.012 77.63381958007812
C17 949.965 64.69454956054688
C17 975.002 49.091678619384766
C17 999.976 31.440156936645508
C17 1025.028 15.052799224853516
C17 1050.014 6.118922710418701
C17 1075.002 0.9277053962556933
C17 1099.99 0.09204607715105714
