lsstCam/transmission_sensor/r41_s02/19700101T000000.ecsv
# %ECSV 1.0
# ---
# datatype:
# - {name: amp_name, datatype: string}
# - {name: wavelength, unit: nm, datatype: float32}
# - {name: efficiency, unit: '%', datatype: float64}
# meta: !!omap
# - {MODE: AMP}
# - {TYPE: transmission_sensor}
# - {CALIBDATE: '1970-01-01T00:00:00'}
# - {INSTRUME: LSSTCam}
# - {OBSTYPE: transmission_sensor}
# - {DETECTOR: 164}
# - {PARQUETFILE: qe_raft_allvalues_nircorrected_20230725_adjust.parquet}
# - {CORRFILE: qe_corr_factor_bydetnum.parquet}
# - {CALIBCLS: lsst.ip.isr.IntermediateSensorTransmissionCurve}
# - {CALIB_ID: 'raftName=R41 detectorName=S02 detector=164 calibDate=1970-01-01T00:00:00 ccd=164 ccdnum=164 filter=None'}
# - {DATE: '2025-03-03T21:56:48.308934'}
# - {CALIB_CREATION_DATE: '2025-03-03'}
# - {CALIB_CREATION_TIME: '21:56:48'}
# - __serialized_columns__:
#     efficiency:
#       __class__: astropy.units.quantity.Quantity
#       unit: !astropy.units.Unit {unit: '%'}
#       value: !astropy.table.SerializedColumn {name: efficiency}
#     wavelength:
#       __class__: astropy.units.quantity.Quantity
#       unit: !astropy.units.Unit {unit: nm}
#       value: !astropy.table.SerializedColumn {name: wavelength}
# schema: astropy-2.0
amp_name wavelength efficiency
C00 319.994 43.64901451215631
C00 324.969 44.801155988297374
C00 349.982 52.43966845962266
C00 374.975 69.30068441645057
C00 400.019 84.1025388754543
C00 424.965 86.42394168521001
C00 450.035 86.2571024033966
C00 475.003 85.64479929265221
C00 500.018 85.27805960973835
C00 525.002 84.81131306302137
C00 550.029 86.23708894247535
C00 575.023 87.45030962768315
C00 599.982 88.6765930814575
C00 619.997 90.17094660711084
C00 624.979 90.28823198549564
C00 650.012 91.65374838427472
C00 675.004 92.83800281460444
C00 700.03 93.88835064570121
C00 725.012 95.20673077317504
C00 750.022 96.80748277755764
C00 774.987 99.02444387958394
C00 799.976 99.03573875466029
C00 824.988 98.87786737700448
C00 850.022 97.48283320101918
C00 869.967 95.06699919154487
C00 875.002 94.34179266063929
C00 899.999 87.89206390232482
C00 919.999 79.95548383303985
C00 925.012 76.45665640370294
C00 949.965 63.624295733597826
C00 975.002 48.49575117882386
C00 999.976 31.12343813708068
C00 1025.028 14.987623044833073
C00 1050.014 6.028560715641992
C00 1075.002 0.9222645600649874
C00 1099.99 0.0915062423826088
C01 319.994 43.499264867414944
C01 324.969 44.58934497143916
C01 349.982 51.97997459911557
C01 374.975 68.80545514128018
C01 400.019 83.87398197859157
C01 424.965 86.41103757375154
C01 450.035 86.32404814791268
C01 475.003 85.71489551402905
C01 500.018 85.3150191608243
C01 525.002 84.79990486143924
C01 550.029 86.17240217297454
C01 575.023 87.34303475730917
C01 599.982 88.54430327370707
C01 619.997 90.02544292878613
C01 624.979 90.14200301753392
C01 650.012 91.49949589970358
C01 675.004 92.6853671215158
C01 700.03 93.74877772117912
C01 725.012 95.10354321210961
C01 750.022 96.7573093558974
C01 774.987 99.02231334127522
C01 799.976 99.06209849990536
C01 824.988 98.9339488871662
C01 850.022 97.58174457526638
C01 869.967 95.11461898927479
C01 875.002 94.37692387743195
C01 899.999 87.90788428253211
C01 919.999 79.97030693999625
C01 925.012 76.50240253653726
C01 949.965 63.83620118921086
C01 975.002 48.626953052118786
C01 999.976 31.313936215751347
C01 1025.028 15.02626266136726
C01 1050.014 6.105556160252138
C01 1075.002 0.9217861196897161
C01 1099.99 0.09145877196810853
C02 319.994 43.32355967529912
C02 324.969 44.353255639492076
C02 349.982 51.508895202327494
C02 374.975 68.34803914353931
C02 400.019 83.71627681314426
C02 424.965 86.48503222692732
C02 450.035 86.4943778861042
C02 475.003 85.88709891711619
C02 500.018 85.45075409435054
C02 525.002 84.88264832086145
C02 550.029 86.20144397885647
C02 575.023 87.31965927671637
C02 599.982 88.48382469512099
C02 619.997 89.93971520471165
C02 624.979 90.05502114679544
C02 650.012 91.39896017887348
C02 675.004 92.58219467065115
C02 700.03 93.6607759118886
C02 725.012 95.06262478842164
C02 750.022 96.77370392373398
C02 774.987 99.09362593381414
C02 799.976 99.17227452882739
C02 824.988 99.080238295931
C02 850.022 97.77955221356005
C02 869.967 95.23762357865142
C02 875.002 94.47001782438231
C02 899.999 87.94100584262222
C02 919.999 80.06176898526334
C02 925.012 76.6340652709557
C02 949.965 64.23990042321068
C02 975.002 48.92571949686413
C02 999.976 31.46349698298308
C02 1025.028 15.08332916774173
C02 1050.014 6.1448313496062585
C02 1075.002 0.9219418256328653
C02 1099.99 0.09147422096874366
C03 319.994 43.166534468886496
C03 324.969 44.13541943007641
C03 349.982 51.05821835413052
C03 374.975 67.88989785616144
C03 400.019 83.54743542972868
C03 424.965 86.54412822214285
C03 450.035 86.63411702283476
C03 475.003 86.02100551634913
C03 500.018 85.53997227480313
C03 525.002 84.9247755606111
C03 550.029 86.20151197475995
C03 575.023 87.29067791163752
C03 599.982 88.4312789719397
C03 619.997 89.87400849665879
C03 624.979 89.98373121955768
C03 650.012 91.32192082024234
C03 675.004 92.50487577330574
C03 700.03 93.60311538574632
C03 725.012 95.04164427465106
C03 750.022 96.80980974847638
C03 774.987 99.18564705650975
C03 799.976 99.29809717064782
C03 824.988 99.23138563424368
C03 850.022 97.98825430660962
C03 869.967 95.40796087194333
C03 875.002 94.60969652030978
C03 899.999 87.97920443017141
C03 919.999 80.10258163754591
C03 925.012 76.69902402407038
C03 949.965 64.53547106049295
C03 975.002 49.12926901145078
C03 999.976 31.514444802432827
C03 1025.028 15.115319351549115
C03 1050.014 6.147993631311372
C03 1075.002 0.9222853186976759
C03 1099.99 0.09150830203507358
C04 319.994 42.89305872268167
C04 324.969 43.79339625807378
C04 349.982 50.418803765652704
C04 374.975 67.16662543095455
C04 400.019 83.09457515752028
C04 424.965 86.36407506975516
C04 450.035 86.58540173554894
C04 475.003 86.03295768515902
C04 500.018 85.54824510972529
C04 525.002 84.88696228318157
C04 550.029 86.11322307165477
C04 575.023 87.13338072161102
C04 599.982 88.20398377684137
C04 619.997 89.60447273530501
C04 624.979 89.70519733364475
C04 650.012 91.00310313907383
C04 675.004 92.17233802983712
C04 700.03 93.27583599214603
C04 725.012 94.74434351938051
C04 750.022 96.56190423952634
C04 774.987 98.97731516337907
C04 799.976 99.11860309568866
C04 824.988 99.06942694727931
C04 850.022 97.87497313142916
C04 869.967 95.3026427725692
C04 875.002 94.49686109605206
C04 899.999 87.81312821349692
C04 919.999 79.93368736842763
C04 925.012 76.55167690125161
C04 949.965 64.5104636782169
C04 975.002 49.1222163252409
C04 999.976 31.48677613604596
C04 1025.028 15.087737568816681
C04 1050.014 6.123125074004888
C04 1075.002 0.9199231427262352
C04 1099.99 0.09127392910527371
C05 319.994 42.80824516575384
C05 324.969 43.64451922742693
C05 349.982 50.00743610476158
C05 374.975 66.75299879504817
C05 400.019 83.04626784565528
C05 424.965 86.6099935873038
C05 450.035 86.96436557088657
C05 475.003 86.43680802116656
C05 500.018 85.9287275202404
C05 525.002 85.21205069767007
C05 550.029 86.39015527628597
C05 575.023 87.35423141608051
C05 599.982 88.37654226964662
C05 619.997 89.7528020211739
C05 624.979 89.84251128315157
C05 650.012 91.1226928230762
C05 675.004 92.2879159555348
C05 700.03 93.40006450778512
C05 725.012 94.89005874051601
C05 750.022 96.74387638741196
C05 774.987 99.19438075255542
C05 799.976 99.35826599011808
C05 824.988 99.33161915105836
C05 850.022 98.16280734591665
C05 869.967 95.61678384659908
C05 875.002 94.81207499433668
C05 899.999 88.11726633461637
C05 919.999 80.21034758944495
C05 925.012 76.82196817264393
C05 949.965 64.75131272340684
C05 975.002 49.35636021883871
C05 999.976 31.66148594368599
C05 1025.028 15.122388092347315
C05 1050.014 6.136357832330124
C05 1075.002 0.921656476291356
C05 1099.99 0.09144590886922417
C06 319.994 42.59061672159877
C06 324.969 43.3664046495854
C06 349.982 49.47377025637987
C06 374.975 66.17037967371849
C06 400.019 82.77322651772262
C06 424.965 86.62291280896304
C06 450.035 87.09753932538212
C06 475.003 86.56831965357728
C06 500.018 86.02829618822115
C06 525.002 85.27152444790488
C06 550.029 86.3978085929765
C06 575.023 87.32046767245762
C06 599.982 88.30717889300716
C06 619.997 89.65611184644004
C06 624.979 89.747120585684
C06 650.012 91.01176883921602
C06 675.004 92.16751787579116
C06 700.03 93.28082235840047
C06 725.012 94.77913475665582
C06 750.022 96.6261528132048
C06 774.987 99.06887542495117
C06 799.976 99.24443329260947
C06 824.988 99.23205048307761
C06 850.022 98.08827628061351
C06 869.967 95.56188093209751
C06 875.002 94.76444008640598
C06 899.999 88.10415068034712
C06 919.999 80.23699442850467
C06 925.012 76.85946413585727
C06 949.965 64.78741854814925
C06 975.002 49.404909293916056
C06 999.976 31.686340335179253
C06 1025.028 15.107455436435338
C06 1050.014 6.132204888086959
C06 1075.002 0.9205349907548069
C06 1099.99 0.09133463610457537
C07 319.994 42.51247809586154
C07 324.969 43.23374464191607
C07 349.982 49.13061381931941
C07 374.975 65.80089748936469
C07 400.019 82.71383587359206
C07 424.965 86.81813660292485
C07 450.035 87.40502435597234
C07 475.003 86.90413631061321
C07 500.018 86.3503323421539
C07 525.002 85.5592377807862
C07 550.029 86.6635290286356
C07 575.023 87.54942498964077
C07 599.982 88.5043216824669
C07 619.997 89.83292386076234
C07 624.979 89.9184022665241
C07 650.012 91.16557557286441
C07 675.004 92.31429081098064
C07 700.03 93.41985887079517
C07 725.012 94.8843244193234
C07 750.022 96.68597409805733
C07 774.987 99.07654385184247
C07 799.976 99.23645510660236
C07 824.988 99.25399804969754
C07 850.022 98.11972060841804
C07 869.967 95.56926982027454
C07 875.002 94.75470156200905
C07 899.999 88.02885654990503
C07 919.999 80.33073811408819
C07 925.012 77.00942532340943
C07 949.965 64.98497686813018
C07 975.002 49.51001962802959
C07 999.976 31.70669755316803
C07 1025.028 15.144161891658381
C07 1050.014 6.134550274562889
C07 1075.002 0.9211053136974133
C07 1099.99 0.09139122302299585
C10 319.994 43.90298298916573
C10 324.969 45.07868126830884
C10 349.982 52.85826635158273
C10 374.975 69.82413199156086
C10 400.019 84.56471458643803
C10 424.965 86.80190824729675
C10 450.035 86.6075457347789
C10 475.003 86.00993729428434
C10 500.018 85.66132985229572
C10 525.002 85.20759318844262
C10 550.029 86.63937537270309
C10 575.023 87.85110770313493
C10 599.982 89.07569881442292
C10 619.997 90.56777069975983
C10 624.979 90.69058641162684
C10 650.012 92.05729651626683
C10 675.004 93.22621409281393
C10 700.03 94.17490049312316
C10 725.012 95.20962437662268
C10 750.022 96.47055552076503
C10 774.987 98.33167139463339
C10 799.976 98.20074150495235
C10 824.988 98.0798825640852
C10 850.022 96.76621681925194
C10 869.967 94.53512012440433
C10 875.002 93.8566267791824
C10 899.999 87.42479605368125
C10 919.999 79.51050353053355
C10 925.012 76.05561656503882
C10 949.965 62.899459402611136
C10 975.002 47.87730954901624
C10 999.976 30.880082687337826
C10 1025.028 14.83254705431991
C10 1050.014 5.932878202422039
C10 1075.002 0.9190576512255975
C10 1099.99 0.09118805583369113
C11 319.994 43.86742113165109
C11 324.969 44.98559865400905
C11 349.982 52.53744279126185
C11 374.975 69.51531726330276
C11 400.019 84.54707342703784
C11 424.965 86.99963277948618
C11 450.035 86.89581058998837
C11 475.003 86.29540676235118
C11 500.018 85.9120836340911
C11 525.002 85.40983567066257
C11 550.029 86.78987297238262
C11 575.023 87.95261803191477
C11 599.982 89.15253418534365
C11 619.997 90.63268412227222
C11 624.979 90.75238713278038
C11 650.012 92.11415620176824
C11 675.004 93.28112456241588
C11 700.03 94.24757300373147
C11 725.012 95.33344491684096
C11 750.022 96.65806555723323
C11 774.987 98.58312024566423
C11 799.976 98.4824485330272
C11 824.988 98.37892099244442
C11 850.022 97.05872764087808
C11 869.967 94.82648257077186
C11 875.002 94.1539653099549
C11 899.999 87.74569138745578
C11 919.999 79.87886000492992
C11 925.012 76.41817072233911
C11 949.965 63.24042863811
C11 975.002 48.085108807569746
C11 999.976 30.8975727447303
C11 1025.028 14.897247045246399
C11 1050.014 6.091900788499086
C11 1075.002 0.920843496919134
C11 1099.99 0.0913652458027811
C12 319.994 43.64713706971051
C12 324.969 44.706773896731285
C12 349.982 52.026279809378416
C12 374.975 69.01103697787053
C12 400.019 84.32528590012055
C12 424.965 86.99917191836265
C12 450.035 86.97460273190894
C12 475.003 86.37787068305911
C12 500.018 85.94807613232771
C12 525.002 85.39576807374473
C12 550.029 86.722269934133
C12 575.023 87.84141450934031
C12 599.982 89.00937258813846
C12 619.997 90.46946373354346
C12 624.979 90.58470923482417
C12 650.012 91.93453369010253
C12 675.004 93.10226511588911
C12 700.03 94.09064601362385
C12 725.012 95.22878411120037
C12 750.022 96.62172552437889
C12 774.987 98.61433792045719
C12 799.976 98.54814013087928
C12 824.988 98.4537013760603
C12 850.022 97.13526836288376
C12 869.967 94.86113026113985
C12 875.002 94.17789986797622
C12 899.999 87.72064622967778
C12 919.999 79.89344890377436
C12 925.012 76.45120917632498
C12 949.965 63.35311296036001
C12 975.002 48.131274248475464
C12 999.976 30.887724671377775
C12 1025.028 14.884163500153775
C12 1050.014 6.11207621188484
C12 1075.002 0.9204966982342319
C12 1099.99 0.09133083675586251
C13 319.994 43.45068934948625
C13 324.969 44.45278653197091
C13 349.982 51.5430669213712
C13 374.975 68.50755753307917
C13 400.019 84.07784880739442
C13 424.965 86.96080711860499
C13 450.035 87.03716651820143
C13 475.003 86.47113839731836
C13 500.018 86.01641201531473
C13 525.002 85.4172245588396
C13 550.029 86.68913326384211
C13 575.023 87.74825256648647
C13 599.982 88.86327205688329
C13 619.997 90.29219085809765
C13 624.979 90.40430099271836
C13 650.012 91.73016066957386
C13 675.004 92.8907071948938
C13 700.03 93.89406230159265
C13 725.012 95.08739040748537
C13 750.022 96.55049603794421
C13 774.987 98.61702753619444
C13 799.976 98.586996012162
C13 824.988 98.50678351136895
C13 850.022 97.20603698819492
C13 869.967 94.92112531330126
C13 875.002 94.23820467925343
C13 899.999 87.73917889092347
C13 919.999 79.92972094072523
C13 925.012 76.50255363854497
C13 949.965 63.50272661329444
C13 975.002 48.25254116476343
C13 999.976 30.921975718975528
C13 1025.028 14.887229926522748
C13 1050.014 6.141220483815754
C13 1075.002 0.919817482090532
C13 1099.99 0.09126344555406768
C14 319.994 43.19588981143443
C14 324.969 44.133783750842944
C14 349.982 50.965728815210994
C14 374.975 67.90156293115669
C14 400.019 83.77204856419016
C14 424.965 86.92351514310207
C14 450.035 87.11609465192895
C14 475.003 86.57755954134876
C14 500.018 86.09888349112306
C14 525.002 85.453957456914
C14 550.029 86.67248182259243
C14 575.023 87.67477921523731
C14 599.982 88.74102297754521
C14 619.997 90.1384067897504
C14 624.979 90.24346801571144
C14 650.012 91.55172430866867
C14 675.004 92.70283451360712
C14 700.03 93.727766987007
C14 725.012 94.97079254323566
C14 750.022 96.50446281129524
C14 774.987 98.63865778859818
C14 799.976 98.65652560100993
C14 824.988 98.60169068241184
C14 850.022 97.34186258292578
C14 869.967 95.06421891460299
C14 875.002 94.38150226826556
C14 899.999 87.85276227011936
C14 919.999 80.04924262882415
C14 925.012 76.63882498419858
C14 949.965 63.71496449332444
C14 975.002 48.43134394803731
C14 999.976 31.040194152257936
C14 1025.028 14.925793992053082
C14 1050.014 6.161828436698579
C14 1075.002 0.9193783264506842
C14 1099.99 0.09121987293492596
C15 319.994 42.95827057165928
C15 324.969 43.823786649374526
C15 349.982 50.34286745167785
C15 374.975 67.21156316804763
C15 400.019 83.43449423406555
C15 424.965 86.91746350769327
C15 450.035 87.26539099064719
C15 475.003 86.75308718860553
C15 500.018 86.23872084415864
C15 525.002 85.53047551361854
C15 550.029 86.67746063374649
C15 575.023 87.60211425972938
C15 599.982 88.60791721895313
C15 619.997 89.96682290489488
C15 624.979 90.06588538114981
C15 650.012 91.34157163634508
C15 675.004 92.482520231265
C15 700.03 93.51469049083421
C15 725.012 94.79191798650811
C15 750.022 96.3783379654594
C15 774.987 98.55555923945786
C15 799.976 98.60690370167785
C15 824.988 98.57295108054532
C15 850.022 97.35874823228741
C15 869.967 95.09300384707181
C15 875.002 94.39986871730277
C15 899.999 87.84776079366415
C15 919.999 80.06933164074924
C15 925.012 76.67635872291383
C15 949.965 63.840613367836006
C15 975.002 48.507132937554644
C15 999.976 31.125481791734963
C15 1025.028 14.949042924714421
C15 1050.014 6.13913858146577
C15 1075.002 0.9181763165599105
C15 1099.99 0.09110061061782719
C16 319.994 42.8834448574411
C16 324.969 43.68159210501867
C16 349.982 49.94201649052337
C16 374.975 66.81170948014403
C16 400.019 83.42514101978828
C16 424.965 87.22387571402876
C16 450.035 87.69154398299277
C16 475.003 87.1641148699793
C16 500.018 86.58540173554894
C16 525.002 85.81738045075862
C16 550.029 86.92906058678504
C16 575.023 87.83018007506705
C16 599.982 88.81337061883694
C16 619.997 90.16071700118884
C16 624.979 90.25669699648648
C16 650.012 91.5228562700956
C16 675.004 92.65894693546763
C16 700.03 93.69798478128729
C16 725.012 94.989710514601
C16 750.022 96.58990344155508
C16 774.987 98.78437300973368
C16 799.976 98.84997394638114
C16 824.988 98.83129018312776
C16 850.022 97.63502314318507
C16 869.967 95.34628103239595
C16 875.002 94.64865817299791
C16 899.999 88.0648717134428
C16 919.999 80.30886609847212
C16 925.012 76.92936392462408
C16 949.965 64.07919588291031
C16 975.002 48.65755498623033
C16 999.976 31.193689238015427
C16 1025.028 14.961716605611128
C16 1050.014 6.123155766600204
C16 1075.002 0.9201917619199294
C16 1099.99 0.09130058125489666
C17 319.994 42.72222279276432
C17 324.969 43.45980835565157
C17 349.982 49.46006152673034
C17 374.975 66.26863375423216
C17 400.019 83.20176692179002
C17 424.965 87.30086974205759
C17 450.035 87.90821670694906
C17 475.003 87.40546255179471
C17 500.018 86.80251265532759
C17 525.002 85.99055846179549
C17 550.029 87.05924252152792
C17 575.023 87.90944063321152
C17 599.982 88.83958681717469
C17 619.997 90.15152999912006
C17 624.979 90.23943359210557
C17 650.012 91.47769187999097
C17 675.004 92.59858168338734
C17 700.03 93.62318928747065
C17 725.012 94.87572671508468
C17 750.022 96.43028683571022
C17 774.987 98.57367637018233
C17 799.976 98.62712115030949
C17 824.988 98.63255326748668
C17 850.022 97.42644948684205
C17 869.967 95.09923680488987
C17 875.002 94.39791194630291
C17 899.999 87.88022506002072
C17 919.999 80.21608946573795
C17 925.012 76.87783058489447
C17 949.965 64.06456165346356
C17 975.002 48.61362963258892
C17 999.976 31.13399638986944
C17 1025.028 14.906216838179105
C17 1050.014 6.059337361449952
C17 1075.002 0.9186715103263995
C17 1099.99 0.09114974328841306
