lsstCam/transmission_filter_detector/r03_s11/r_57/19700101T000000.ecsv
# %ECSV 1.0
# ---
# datatype:
# - {name: wavelength, unit: nm, datatype: float32}
# - {name: efficiency, unit: '%', datatype: float64}
# meta: !!omap
# - {MODE: DETECTOR}
# - {TYPE: transmission_filter_detector}
# - {CALIBDATE: '1970-01-01T00:00:00'}
# - {INSTRUME: LSSTCam}
# - {OBSTYPE: transmission_filter_detector}
# - {CALIBCLS: lsst.ip.isr.IntermediateFilterDetectorTransmissionCurve}
# - {SOURCE: Materion (DM-46256)}
# - {DETECTOR: 22}
# - {FILTER: r_57}
# - {CALIB_ID: 'calibDate=1970-01-01T00:00:00 filter=r_57 detector=22'}
# - {DATE: '2025-04-02T15:59:44.286658'}
# - {CALIB_CREATION_DATE: '2025-04-02'}
# - {CALIB_CREATION_TIME: '15:59:44'}
# - __serialized_columns__:
#     efficiency:
#       __class__: astropy.units.quantity.Quantity
#       unit: !astropy.units.Unit {unit: '%'}
#       value: !astropy.table.SerializedColumn {name: efficiency}
#     wavelength:
#       __class__: astropy.units.quantity.Quantity
#       unit: !astropy.units.Unit {unit: nm}
#       value: !astropy.table.SerializedColumn {name: wavelength}
# schema: astropy-2.0
wavelength efficiency
300.0 0.0031273779313778505
301.0 0.00821241264929995
302.0 0.013297445548232645
303.0 0.01641152921365574
304.0 0.019525614334270358
305.0 0.016745809989515692
306.0 0.013966005644761026
307.0 0.012232610606588423
308.0 0.01049921484082006
309.0 0.009552166739013046
310.0 0.008605120819993317
311.0 0.00835254104458727
312.0 0.008099962724372745
313.0 0.007127796561690047
314.0 0.006155629671411589
315.0 0.005559450073633343
316.0 0.004963269384461455
317.0 0.004859472392126918
318.0 0.004755675763590261
319.0 0.004697320400737226
320.0 0.0046389664930757135
321.0 0.004123319376958534
322.0 0.0036076726246392354
323.0 0.0033981417800532654
324.0 0.0031886105716694146
325.0 0.0033580541639821604
326.0 0.003527497756294906
327.0 0.0035846809623762965
328.0 0.003641864168457687
329.0 0.0036619450838770717
330.0 0.0036820263630943373
331.0 0.003299604941275902
332.0 0.0029171822461648844
333.0 0.002602076892799232
334.0 0.002286971175635699
335.0 0.002060318183794152
336.0 0.0018336651919526048
337.0 0.0016876851077540778
338.0 0.00154170465975767
339.0 0.0014897247638145927
340.0 0.0014377448678715155
341.0 0.0014135210221866146
342.0 0.0013892971765017137
343.0 0.001255549523193622
344.0 0.0011218017789360601
345.0 0.0011138763511553407
346.0 0.0011059507414756808
347.0 0.001106256058847066
348.0 0.0011065613762184512
349.0 0.0010944540008495096
350.0 0.005832932947669178
351.0 0.006469081563409418
352.0 0.0071052301791496575
353.0 0.005959772897767834
354.0 0.004814315980183892
355.0 0.005098584006191231
356.0 0.005382853123592213
357.0 0.006833037332398817
358.0 0.008283221541205421
359.0 0.006455805851146579
360.0 0.004628389433491975
361.0 0.002949105873994995
362.0 0.0012698223144980147
363.0 0.0022506987079395913
364.0 0.003231574737583287
365.0 0.0037110279663465917
366.0 0.004190481195109896
367.0 0.0034857861464843154
368.0 0.0027810907340608537
369.0 0.0025040922992047854
370.0 0.002227093864348717
371.0 0.0025375253244419582
372.0 0.0028479569664341398
373.0 0.0034476237487979233
374.0 0.0040472903492627665
375.0 0.0035932720493292436
376.0 0.0031392541131936014
377.0 0.0015871297364355996
378.0 3.5005504628315975e-05
379.0 0.0009816733836487401
380.0 0.0019283415895188227
381.0 0.002693387432373129
382.0 0.0034584336390253156
383.0 0.003580769043765031
384.0 0.0037031048123026267
385.0 0.004778788570547476
386.0 0.005854472328792326
387.0 0.005105919626657851
388.0 0.004357367288321257
389.0 0.0037298508686944842
390.0 0.003102334085269831
391.0 0.002117313488270156
392.0 0.0011322929822199512
393.0 0.0012367783710942604
394.0 0.0013412633961706888
395.0 0.0011133572115795687
396.0 0.0008854510269884486
397.0 0.0008455102943116799
398.0 0.0008055698344833218
399.0 0.0007357289632636821
400.0 0.0006658875463472214
401.0 0.00036901219573337585
402.0 7.213633352876059e-05
403.0 0.00026938334940496134
404.0 0.00046663053581141867
405.0 0.0009505401976639405
406.0 0.0014344493138196412
407.0 0.0019922579667763785
408.0 0.002550066346884705
409.0 0.002108573062287178
410.0 0.0016670795957907103
411.0 0.0011716493645508308
412.0 0.0006762190423614811
413.0 0.0007102234121703077
414.0 0.0007442279638780747
415.0 0.0008002101822057739
416.0 0.0008561925824324135
417.0 0.0013028962712269276
418.0 0.0017496002328698523
419.0 0.002197606227127835
420.0 0.002645612221385818
421.0 0.004343613181845285
422.0 0.006041613596607931
423.0 0.009497848805040121
424.0 0.012954082922078669
425.0 0.01730183867039159
426.0 0.021649587142746896
427.0 0.02198600850533694
428.0 0.022322431323118508
429.0 0.017111613124143332
430.0 0.011900795652763918
431.0 0.008644864283269271
432.0 0.005388931094785221
433.0 0.0043600877688732
434.0 0.0033312437153654173
435.0 0.0026573030481813475
436.0 0.0019833618353004567
437.0 0.0016776853954070248
438.0 0.0013720088645641226
439.0 0.0011468149750726297
440.0 0.0009216209036821965
441.0 0.0011796593753388152
442.0 0.0014376978469954338
443.0 0.0017204041796503589
444.0 0.002003110603254754
445.0 0.0019321836589369923
446.0 0.0018612565327202901
447.0 0.0016873551430762745
448.0 0.00151345429912908
449.0 0.001627639721846208
450.0 0.0017418245988665149
451.0 0.0018671256839297712
452.0 0.001992426950891968
453.0 0.001861525743152015
454.0 0.0017306247173110023
455.0 0.0014531140550388955
456.0 0.0011756037565646693
457.0 0.0008958380931289867
458.0 0.0006160723842185689
459.0 0.0008992140465124976
460.0 0.0011823558452306315
461.0 0.0018356246073381044
462.0 0.0024888930056476966
463.0 0.0032693929824745283
464.0 0.00404989295930136
465.0 0.005189063813304529
466.0 0.006328235031105578
467.0 0.006889715587021783
468.0 0.0074511968705337495
469.0 0.006329704046947882
470.0 0.005208211950957775
471.0 0.003951518010580912
472.0 0.002694823888305109
473.0 0.002196326749981381
474.0 0.001697829065960832
475.0 0.0013878977370040957
476.0 0.0010779664989968296
477.0 0.0008820350558380596
478.0 0.0006861035672045546
479.0 0.0009008839697344229
480.0 0.001115664235840086
481.0 0.0008698212695890106
482.0 0.0006239784397621406
483.0 0.0006984041647228878
484.0 0.0007728296623099595
485.0 0.0006983156254136702
486.0 0.0006238013611437054
487.0 0.0007028249910945306
488.0 0.0007818484846211504
489.0 0.0007230981736938702
490.0 0.00066434786276659
491.0 0.000825002007331932
492.0 0.000985656151897274
493.0 0.0011137607543787453
494.0 0.0012418654478096869
495.0 0.00108298881968949
496.0 0.0009241120096703526
497.0 0.0011599651770666242
498.0 0.0013958180716144852
499.0 0.0013921604477218352
500.0 0.001388502732879715
501.0 0.0015535433703917079
502.0 0.0017185842807521112
503.0 0.0021353129341150634
504.0 0.002552041769376956
505.0 0.0031666546419728547
506.0 0.0037812678783666342
507.0 0.004477648690226488
508.0 0.005174029502086341
509.0 0.005622324533760548
510.0 0.006070618474041112
511.0 0.00539485045010224
512.0 0.004719081334769726
513.0 0.004000049375463277
514.0 0.003281016688561067
515.0 0.0031261672120308504
516.0 0.002971317917399574
517.0 0.002749788109213114
518.0 0.002528258119127713
519.0 0.08179916185326874
520.0 0.13061431236565113
521.0 0.06153004360385239
522.0 0.11539782863110304
523.0 0.08172446396201849
524.0 0.0715128961019218
525.0 0.1313691958785057
526.0 0.07375592831522226
527.0 0.11154877720400691
528.0 0.12758395168930292
529.0 0.14624512987211347
530.0 0.20206582266837358
531.0 0.3115017432719469
532.0 0.28515129815787077
533.0 0.3467625239863992
534.0 0.5083771888166666
535.0 0.7263786625117064
536.0 1.115054078400135
537.0 1.7415644600987434
538.0 2.694692276418209
539.0 4.161528497934341
540.0 6.414663791656494
541.0 8.97810310125351
542.0 12.228141725063324
543.0 16.326232254505157
544.0 21.24759703874588
545.0 26.811009645462036
546.0 33.69370996952057
547.0 40.892037749290466
548.0 49.37467873096466
549.0 57.02166557312012
550.0 62.80606985092163
551.0 69.34240460395813
552.0 73.21644425392151
553.0 77.34076976776123
554.0 80.78982830047607
555.0 84.52852964401245
556.0 87.85114884376526
557.0 90.2611494064331
558.0 92.8576648235321
559.0 94.49326992034912
560.0 94.41279172897339
561.0 95.47561407089233
562.0 95.80993056297302
563.0 95.5456018447876
564.0 96.12122178077698
565.0 95.04032135009766
566.0 95.9841251373291
567.0 95.87368369102478
568.0 95.87262272834778
569.0 97.06398844718933
570.0 96.66946530342102
571.0 97.49077558517456
572.0 97.24251627922058
573.0 97.36717343330383
574.0 96.86233401298523
575.0 97.13371992111206
576.0 97.29822278022766
577.0 97.3053514957428
578.0 97.334223985672
579.0 97.04040288925171
580.0 96.55395746231079
581.0 96.68478965759277
582.0 96.62286639213562
583.0 96.83510661125183
584.0 96.39897346496582
585.0 96.66219353675842
586.0 96.82787656784058
587.0 96.60006165504456
588.0 96.53903245925903
589.0 97.33890295028687
590.0 96.85552716255188
591.0 96.38089537620544
592.0 95.68495154380798
593.0 96.35936617851257
594.0 95.7199215888977
595.0 96.61425352096558
596.0 97.4079430103302
597.0 97.61312007904053
598.0 97.1290111541748
599.0 97.25697636604309
600.0 97.23712205886841
601.0 96.40405178070068
602.0 96.8668282032013
603.0 96.43179178237915
604.0 96.71733975410461
605.0 96.93683385848999
606.0 96.26163840293884
607.0 96.47561311721802
608.0 96.41739130020142
609.0 95.80298066139221
610.0 95.96830606460571
611.0 96.02516293525696
612.0 96.0179090499878
613.0 96.81987762451172
614.0 96.71114087104797
615.0 96.4470386505127
616.0 96.42018675804138
617.0 96.62679433822632
618.0 96.87556624412537
619.0 97.07251787185669
620.0 96.2755560874939
621.0 95.8354115486145
622.0 96.98050022125244
623.0 96.82807326316833
624.0 96.68286442756653
625.0 96.9233751296997
626.0 96.2906002998352
627.0 95.55214047431946
628.0 97.32577800750732
629.0 95.89956402778625
630.0 96.17301821708679
631.0 96.40247225761414
632.0 96.89311981201172
633.0 96.74924612045288
634.0 96.12506628036499
635.0 96.25058770179749
636.0 96.47518396377563
637.0 95.50247192382812
638.0 95.80405950546265
639.0 95.49701809883118
640.0 96.00425958633423
641.0 95.83075642585754
642.0 96.19166254997253
643.0 96.37013077735901
644.0 96.31661772727966
645.0 96.23227715492249
646.0 96.58474922180176
647.0 97.68431186676025
648.0 96.69718146324158
649.0 95.96917629241943
650.0 96.5254545211792
651.0 97.06360697746277
652.0 96.98275923728943
653.0 96.20362520217896
654.0 96.85630202293396
655.0 96.8056321144104
656.0 96.02856040000916
657.0 95.46084403991699
658.0 96.69339656829834
659.0 96.34501338005066
660.0 95.47996520996094
661.0 95.48519253730774
662.0 95.88355422019958
663.0 96.0621178150177
664.0 95.38130760192871
665.0 95.56251168251038
666.0 95.09551525115967
667.0 95.9342360496521
668.0 95.0529396533966
669.0 95.62482237815857
670.0 95.64406275749207
671.0 95.63649296760559
672.0 95.1016902923584
673.0 95.61823606491089
674.0 95.00856399536133
675.0 95.56004405021667
676.0 94.81777548789978
677.0 93.85758638381958
678.0 92.80529618263245
679.0 91.68071746826172
680.0 90.32543301582336
681.0 88.64433765411377
682.0 86.16780638694763
683.0 83.5179328918457
684.0 79.76353764533997
685.0 75.67218542098999
686.0 71.46852612495422
687.0 67.03585982322693
688.0 62.38225698471069
689.0 58.33684802055359
690.0 53.26855778694153
691.0 49.250614643096924
692.0 44.40995752811432
693.0 39.84129726886749
694.0 34.46769714355469
695.0 28.97663414478302
696.0 23.309819400310516
697.0 18.102923035621643
698.0 12.771816551685333
699.0 8.700935542583466
700.0 5.833485350012779
701.0 3.5393361002206802
702.0 2.128061279654503
703.0 1.2028587982058525
704.0 0.7244170177727938
705.0 0.45276456512510777
706.0 0.3037952119484544
707.0 0.21694381721317768
708.0 0.11307807872071862
709.0 0.08943137363530695
710.0 0.06626835092902184
711.0 0.030666805105283856
712.0 0.07979051442816854
713.0 0.11057665105909109
714.0 0.06639029597863555
715.0 0.05640177405439317
716.0 0.03480285813566297
717.0 0.018006753816735
718.0 0.049618008779361844
719.0 0.039512329385615885
720.0 1.672436603268601e-10
721.0 0.004172532135271467
722.0 0.003931407991331071
723.0 0.003690283847390674
724.0 0.003397566615603864
725.0 0.0031048493838170543
726.0 0.002886387301259674
727.0 0.002667925218702294
728.0 0.0025638952138251625
729.0 0.0024598648451501504
730.0 0.0022758344130124897
731.0 0.0020918041627737693
732.0 0.0020572539142449386
733.0 0.0020227038476150483
734.0 0.0019212211554986425
735.0 0.0018197384633822367
736.0 0.0016324296666425653
737.0 0.0014451211427513044
738.0 0.0014546238162438385
739.0 0.001464126671635313
740.0 0.0014713275959366001
741.0 0.0014785287021368276
742.0 0.0013435225810098927
743.0 0.0012085163689334877
744.0 0.001275772137887543
745.0 0.0013430275430437177
746.0 0.0012592715393111575
747.0 0.001175515353679657
748.0 0.0010917210602201521
749.0 0.0010079267667606473
750.0 0.0009526361282041762
751.0 0.0008973456715466455
752.0 0.000940835707297083
753.0 0.0009843257430475205
754.0 0.0009981352377508301
755.0 0.0010119451872014906
756.0 0.0009614013833925128
757.0 0.0009108573067351244
758.0 0.0009496589882473927
759.0 0.0009884604878607206
760.0 0.00104433502201573
761.0 0.00110020991996862
762.0 0.0010769158507173415
763.0 0.0010536221452639438
764.0 0.001016707483358914
765.0 0.0009797929124033544
766.0 0.0008078303835645784
767.0 0.0006358679911500076
768.0 0.0005884780875931028
769.0 0.0005410879566625226
770.0 0.0006920214218553156
771.0 0.000842955159896519
772.0 0.0008087670721579343
773.0 0.0007745788025204092
774.0 0.0008511550731782336
775.0 0.0009277311619371176
776.0 0.0008824706128507387
777.0 0.0008372100637643598
778.0 0.0008147334483510349
779.0 0.00079225683293771
780.0 0.0006844105428172043
781.0 0.0005765642981714336
782.0 0.000678422793498612
783.0 0.0007802812433510553
784.0 0.000796590575191658
785.0 0.00081289954323438
786.0 0.0007017406915110769
787.0 0.0005905818852625089
788.0 0.0006152607056719717
789.0 0.0006399397079803748
790.0 0.0007102450126694748
791.0 0.0007805502718838397
792.0 0.0007998412002052646
793.0 0.0008191319466277491
794.0 0.0008135639291140251
795.0 0.0008079955478024203
796.0 0.0006837419277871959
797.0 0.0005594883532467065
798.0 0.0006760616543033393
799.0 0.000792634909885237
800.0 0.0007502448625018587
801.0 0.0007078545422700699
802.0 0.0006218168437044369
803.0 0.0005357788268156582
804.0 0.0006234876309463289
805.0 0.0007111964805517346
806.0 0.000640168627796811
807.0 0.0005691408205166226
808.0 0.0006788900464016479
809.0 0.000788639226811938
810.0 0.0006709934496029746
811.0 0.0005533478997676866
812.0 0.0006189753094076877
813.0 0.0006846026735729538
814.0 0.0005569973836827558
815.0 0.0004293921847420279
816.0 0.0005461254204419674
817.0 0.0006628587470913772
818.0 0.0006004771876177983
819.0 0.0005380955826694844
820.0 0.0004067177087563323
821.0 0.0002753398121058126
822.0 0.0003036485168195213
823.0 0.00033195726700796513
824.0 0.000332703098138154
825.0 0.00033344895200571045
826.0 0.00043051227294199634
827.0 0.0005275755938782822
828.0 0.0003929301783500705
829.0 0.0002582847855592263
830.0 0.00021271061996230856
831.0 0.00016713648847144214
832.0 8.001221658560098e-05
833.0 1.672436603268601e-10
834.0 1.672436603268601e-10
835.0 1.672436603268601e-10
836.0 0.00020039135506522143
837.0 0.00051231299948995
838.0 0.0006936508270882769
839.0 0.0008749887456360739
840.0 0.0011662226825137623
841.0 0.0014574567103409208
842.0 0.0021941381419310346
843.0 0.0029308197554200888
844.0 0.0035525128623703495
845.0 0.004174206333118491
846.0 0.004544489274849184
847.0 0.004914772944175638
848.0 0.004259700290276669
849.0 0.0036046269087819383
850.0 0.0026633480956661515
851.0 0.001722069464449305
852.0 0.0014382323570316657
853.0 0.0011543951586645562
854.0 0.0009992350896936841
855.0 0.0008440748388238717
856.0 0.0006533060513902456
857.0 0.0004625373094313545
858.0 0.0005379649792303098
859.0 0.0006133925126050599
860.0 0.0005053315362602007
861.0 0.00039727046896587126
862.0 0.000428682778874645
863.0 0.00046009508878341876
864.0 0.0003672901129903039
865.0 0.00027448520540929167
866.0 0.00023596819573867833
867.0 0.00019745116333069745
868.0 0.00022340568648360204
869.0 0.0002493602096365066
870.0 0.00015140255982259987
871.0 5.344488727132557e-05
872.0 1.672436603268601e-10
873.0 1.672436603268601e-10
874.0 1.672436603268601e-10
875.0 1.672436603268601e-10
876.0 1.672436603268601e-10
877.0 6.110586809882079e-05
878.0 0.00015193652416201076
879.0 0.00024276716885651695
880.0 0.0001740892002999317
881.0 0.00010541122037466266
882.0 0.00013494822042048327
883.0 0.00016448526594103896
884.0 4.135994515763741e-05
885.0 1.672436603268601e-10
886.0 7.1717913385782595e-06
887.0 9.61089313022967e-05
888.0 0.00017337680446871673
889.0 0.000250644666266453
890.0 0.00023086154214979615
891.0 0.00021107834982103668
892.0 2.9121113698238332e-05
893.0 1.672436603268601e-10
894.0 1.672436603268601e-10
895.0 4.818872412215569e-05
896.0 9.029378702507529e-05
897.0 0.00013239889540272998
898.0 9.141761552200478e-05
899.0 5.0436335641279584e-05
900.0 4.2160175439676095e-05
901.0 3.388400671155978e-05
