lsstCam/transmission_filter_detector/r03_s11/r_57/19700101T000000.ecsv
# %ECSV 1.0
# ---
# datatype:
# - {name: wavelength, unit: nm, datatype: float32}
# - {name: efficiency, unit: '%', datatype: float64}
# meta: !!omap
# - {MODE: DETECTOR}
# - {TYPE: transmission_filter_detector}
# - {CALIBDATE: '1970-01-01T00:00:00'}
# - {INSTRUME: LSSTCam}
# - {OBSTYPE: transmission_filter_detector}
# - {CALIBCLS: lsst.ip.isr.IntermediateFilterDetectorTransmissionCurve}
# - {SOURCE: Materion (DM-46256)}
# - {DETECTOR: 22}
# - {FILTER: r_57}
# - {CALIB_ID: 'calibDate=1970-01-01T00:00:00 filter=r_57 detector=22'}
# - {DATE: '2025-04-02T15:59:44.286658'}
# - {CALIB_CREATION_DATE: '2025-04-02'}
# - {CALIB_CREATION_TIME: '15:59:44'}
# - __serialized_columns__:
#     efficiency:
#       __class__: astropy.units.quantity.Quantity
#       unit: !astropy.units.Unit {unit: '%'}
#       value: !astropy.table.SerializedColumn {name: efficiency}
#     wavelength:
#       __class__: astropy.units.quantity.Quantity
#       unit: !astropy.units.Unit {unit: nm}
#       value: !astropy.table.SerializedColumn {name: wavelength}
# schema: astropy-2.0
wavelength efficiency
[from data line 603]
903.0 1.672436603268601e-10
904.0 1.672436603268601e-10
905.0 1.672436603268601e-10
906.0 1.672436603268601e-10
907.0 1.672436603268601e-10
908.0 1.672436603268601e-10
909.0 1.672436603268601e-10
910.0 1.672436603268601e-10
911.0 1.672436603268601e-10
912.0 1.672436603268601e-10
913.0 1.672436603268601e-10
914.0 1.672436603268601e-10
915.0 2.829956997629779e-05
916.0 7.970670878876263e-06
917.0 1.672436603268601e-10
918.0 9.391663979840814e-05
919.0 0.00020019144812977174
920.0 9.16733370104339e-05
921.0 1.672436603268601e-10
922.0 0.0001046133888848999
923.0 0.0002260716200908064
924.0 0.0002470868821546901
925.0 0.00026810216695594136
926.0 0.00019213607629353646
927.0 0.00011617000836849911
928.0 0.0001287293798668543
929.0 0.00014128876273389324
930.0 0.00023791285457264166
931.0 0.00033453695778007386
932.0 0.0001762436909302778
933.0 1.7950509345610044e-05
934.0 0.00017027986132234219
935.0 0.0003226091848773649
936.0 0.0002859179858205607
937.0 0.00024922678676375654
938.0 0.0002592777946119895
939.0 0.0002693288479349576
940.0 0.0003056891728192568
941.0 0.0003420494749661884
942.0 0.0003903750894096447
943.0 0.00043870077206520364
944.0 0.0003710360715558636
945.0 0.00030337146199599374
946.0 0.0003358578851475613
947.0 0.00036834428556176135
948.0 0.00047302110033342615
949.0 0.0005776979833171936
950.0 0.0005723504273191793
951.0 0.0005670028258464299
952.0 0.0007084044227667619
953.0 0.000849806110636564
954.0 0.0011799043932114728
955.0 0.001510002857685322
956.0 0.0015836270904401317
957.0 0.0016572514141444117
958.0 0.001755745142872911
959.0 0.001854239235399291
960.0 0.001963149588846136
961.0 0.002072060487989802
962.0 0.002243563903903123
963.0 0.0024150675017153844
964.0 0.002449434032314457
965.0 0.0024838000172167085
966.0 0.0024117111024679616
967.0 0.002339621823921334
968.0 0.002268201751576271
969.0 0.002196781861130148
970.0 0.002253660022688564
971.0 0.0023105381842469797
972.0 0.0024183393179555424
973.0 0.002526139905967284
974.0 0.0028045147701050155
975.0 0.0030828894523438066
976.0 0.003223574094590731
977.0 0.0033642587368376553
978.0 0.003271207242505625
979.0 0.003178156111971475
980.0 0.0031320785637944937
981.0 0.0030860017432132736
982.0 0.0031876003049546853
983.0 0.0032891992304939777
984.0 0.0032446336263092235
985.0 0.00320006838592235
986.0 0.003070849197683856
987.0 0.0029416298275464214
988.0 0.00276681748800911
989.0 0.0025920055122696795
990.0 0.002617210520838853
991.0 0.0026424155294080265
992.0 0.002677701195352711
993.0 0.0027129870431963354
994.0 0.0027307622076477855
995.0 0.002748537008301355
996.0 0.002839793341991026
997.0 0.0029310494937817566
998.0 0.0030603219784097746
999.0 0.0031895942811388522
1000.0 0.0032594405638519675
1001.0 0.0033292868465650827
1002.0 0.003585980084608309
1003.0 0.0038426729588536546
1004.0 0.00395189126720652
1005.0 0.004061108847963624
1006.0 0.004272881778888404
1007.0 0.004484655073611066
1008.0 0.004440590055310167
1009.0 0.004396525037009269
1010.0 0.00439988070866093
1011.0 0.0044032367441104725
1012.0 0.004355810233391821
1013.0 0.004308384086471051
1014.0 0.00410167922382243
1015.0 0.0038949743611738086
1016.0 0.0036786597775062546
1017.0 0.0034623455576365814
1018.0 0.003022854434675537
1019.0 0.002583363857411314
1020.0 0.0021437766918097623
1021.0 0.0017041893443092704
1022.0 0.0015332376278820448
1023.0 0.0013622854567074683
1024.0 0.0013937717994849663
1025.0 0.001425258415110875
1026.0 0.0013414720342552755
1027.0 0.0012576853805512656
1028.0 0.0011448473742348142
1029.0 0.0010320090041204821
1030.0 0.0009860214959189761
1031.0 0.0009400333510711789
1032.0 0.000867361177370185
1033.0 0.0007946886398713104
1034.0 0.000777642799221212
1035.0 0.0007605967311974382
1036.0 0.0008631144737591967
1037.0 0.0009656319889472798
1038.0 0.0008118555342662148
1039.0 0.0006580792160093552
1040.0 0.0006980357738939347
1041.0 0.0007379922863037791
1042.0 0.000919403009902453
1043.0 0.0011008133697032463
1044.0 0.0010799897609103937
1045.0 0.0010591664249659516
1046.0 0.0009526723260933068
1047.0 0.0008461784091196023
1048.0 0.0007625370926689357
1049.0 0.000678895776218269
1050.0 0.0006928971288289176
1051.0 0.0007068983904900961
1052.0 0.0010153607945539989
1053.0 0.0013238229257694911
1054.0 0.0011066871593357064
1055.0 0.0008895513019524515
1056.0 0.0009183800102618989
1057.0 0.000947209082369227
1058.0 0.000851151708047837
1059.0 0.0007550945611001225
1060.0 0.001114561928261537
1061.0 0.001474028977099806
1062.0 0.0015737015928607434
1063.0 0.001673374390520621
1064.0 0.0011685854587994982
1065.0 0.0006637962997046998
1066.0 0.0009436972504772712
1067.0 0.0012235982467245776
1068.0 0.0015300623999792151
1069.0 0.0018365260984865017
1070.0 0.0012340950888756197
1071.0 0.0006316641247394728
1072.0 0.0011241264473937918
1073.0 0.0016165888155228458
1074.0 0.0023059970772010274
1075.0 0.002995405338879209
1076.0 0.0032538078812649474
1077.0 0.003512210605549626
1078.0 0.003888955689035356
1079.0 0.004265700772521086
1080.0 0.004401574915391393
1081.0 0.004537448694463819
1082.0 0.004508728670771234
1083.0 0.00448000937467441
1084.0 0.0049200527428183705
1085.0 0.005360095747164451
1086.0 0.005233098636381328
1087.0 0.005106101525598206
1088.0 0.005088706529932097
1089.0 0.005071311534265988
1090.0 0.004698013799497858
1091.0 0.004324715700931847
1092.0 0.004000829721917398
1093.0 0.00367694410670083
1094.0 0.0041719464206835255
1095.0 0.00466694837086834
1096.0 0.003435303005971946
1097.0 0.002203657459176611
1098.0 0.0017146503523690626
1099.0 0.0012256436093593948
1100.0 0.0015571693438687362
1101.0 0.0018886945326812565
