lsstCam/transmission_filter_detector/r31_s11/g_6/19700101T000000.ecsv
# %ECSV 1.0
# ---
# datatype:
# - {name: wavelength, unit: nm, datatype: float32}
# - {name: efficiency, unit: '%', datatype: float64}
# meta: !!omap
# - {MODE: DETECTOR}
# - {TYPE: transmission_filter_detector}
# - {CALIBDATE: '1970-01-01T00:00:00'}
# - {INSTRUME: LSSTCam}
# - {OBSTYPE: transmission_filter_detector}
# - {CALIBCLS: lsst.ip.isr.IntermediateFilterDetectorTransmissionCurve}
# - {SOURCE: Materion (DM-46256)}
# - {DETECTOR: 130}
# - {FILTER: g_6}
# - {CALIB_ID: 'calibDate=1970-01-01T00:00:00 filter=g_6 detector=130'}
# - {DATE: '2025-04-02T15:59:42.629510'}
# - {CALIB_CREATION_DATE: '2025-04-02'}
# - {CALIB_CREATION_TIME: '15:59:42'}
# - __serialized_columns__:
#     efficiency:
#       __class__: astropy.units.quantity.Quantity
#       unit: !astropy.units.Unit {unit: '%'}
#       value: !astropy.table.SerializedColumn {name: efficiency}
#     wavelength:
#       __class__: astropy.units.quantity.Quantity
#       unit: !astropy.units.Unit {unit: nm}
#       value: !astropy.table.SerializedColumn {name: wavelength}
# schema: astropy-2.0
wavelength efficiency
300.0 0.3480113111436367
301.0 0.3078129142522812
302.0 0.26761454064399004
303.0 0.24771790485829115
304.0 0.227821315638721
305.0 0.22464273497462273
306.0 0.2214641310274601
307.0 0.21068677306175232
308.0 0.19990939181298018
309.0 0.19855168648064137
310.0 0.1971939578652382
311.0 0.19947043620049953
312.0 0.20174693781882524
313.0 0.19437564769759774
314.0 0.1870043808594346
315.0 0.18249183194711804
316.0 0.1779792713932693
317.0 0.17524653812870383
318.0 0.172513781581074
319.0 0.16040763584896922
320.0 0.14830146683380008
321.0 0.1373568898998201
322.0 0.12641230132430792
323.0 0.1126775867305696
324.0 0.0989428604952991
325.0 0.08925751899369061
326.0 0.07957217749208212
327.0 0.07260895217768848
328.0 0.06564572686329484
329.0 0.06258764187805355
330.0 0.05952955689281225
331.0 0.055165268713608384
332.0 0.050800974713638425
333.0 0.04761042364407331
334.0 0.0444198667537421
335.0 0.04202252603136003
336.0 0.039625182398594916
337.0 0.03983470378443599
338.0 0.04004422517027706
339.0 0.03927165817003697
340.0 0.03849908534903079
341.0 0.037100803456269205
342.0 0.03570252447389066
343.0 0.03285671700723469
344.0 0.030010909540578723
345.0 0.02619817096274346
346.0 0.022385435295291245
347.0 0.020366253738757223
348.0 0.018347069271840155
349.0 0.017188592755701393
350.0 0.5647917278110981
351.0 1.0141611099243164
352.0 0.806655827909708
353.0 0.9742811322212219
354.0 0.5038936156779528
355.0 0.7305007893592119
356.0 0.562465563416481
357.0 0.9943543933331966
358.0 0.6071257870644331
359.0 0.8258608169853687
360.0 0.5999927408993244
361.0 0.6596862804144621
362.0 0.5283146165311337
363.0 0.8540666662156582
364.0 0.4895181395113468
365.0 0.7220873143523932
366.0 0.45080441050231457
367.0 0.6769688334316015
368.0 0.44505889527499676
369.0 0.5531929899007082
370.0 0.4626682959496975
371.0 0.585814518854022
372.0 0.36941124126315117
373.0 0.6163767073303461
374.0 0.4814897198230028
375.0 0.6436893716454506
376.0 0.4795643035322428
377.0 0.5584585014730692
378.0 0.33394722267985344
379.0 0.5468839779496193
380.0 0.4321898799389601
381.0 0.5531775765120983
382.0 0.5884739104658365
383.0 0.47778929583728313
384.0 0.5622769705951214
385.0 0.6803317926824093
386.0 0.6683539599180222
387.0 0.7143710739910603
388.0 0.9205388836562634
389.0 1.118058618158102
390.0 1.662205159664154
391.0 2.520057000219822
392.0 3.997720032930374
393.0 6.280180066823959
394.0 9.573005139827728
395.0 13.998651504516602
396.0 19.502364099025726
397.0 26.517444849014282
398.0 34.79622304439545
399.0 43.94051730632782
400.0 53.35349440574646
401.0 62.52465844154358
402.0 71.0931658744812
403.0 78.65516543388367
404.0 84.15095806121826
405.0 88.45077753067017
406.0 90.88389873504639
407.0 92.87772178649902
408.0 94.07526850700378
409.0 94.70356702804565
410.0 94.9606716632843
411.0 94.81483101844788
412.0 94.47584748268127
413.0 94.2579984664917
414.0 94.1033124923706
415.0 94.13349628448486
416.0 94.52230930328369
417.0 94.8165237903595
418.0 95.36176323890686
419.0 95.90019583702087
420.0 96.47977352142334
421.0 97.01544642448425
422.0 97.2123384475708
423.0 97.44895696640015
424.0 97.30207324028015
425.0 97.17354774475098
426.0 97.15731739997864
427.0 97.13961482048035
428.0 96.96457982063293
429.0 96.81935906410217
430.0 96.64677381515503
431.0 96.61994576454163
432.0 96.64528369903564
433.0 96.75108194351196
434.0 96.8602180480957
435.0 96.98492884635925
436.0 97.0527172088623
437.0 97.05965518951416
438.0 97.13642001152039
439.0 97.1678078174591
440.0 97.16254472732544
441.0 97.29341864585876
442.0 97.2802996635437
443.0 97.2392201423645
444.0 97.1671462059021
445.0 96.97986245155334
446.0 96.87569737434387
447.0 96.65825366973877
448.0 96.62448167800903
449.0 96.77861332893372
450.0 97.01243042945862
451.0 97.20757007598877
452.0 97.4233329296112
453.0 97.55830764770508
454.0 97.64260649681091
455.0 97.86096215248108
456.0 97.9473352432251
457.0 98.05695414543152
458.0 98.11218976974487
459.0 98.15840125083923
460.0 98.20660352706909
461.0 98.32940697669983
462.0 98.2362449169159
463.0 98.19056987762451
464.0 98.31600785255432
465.0 98.21087121963501
466.0 98.26772809028625
467.0 98.21007251739502
468.0 98.28022122383118
469.0 98.32308888435364
470.0 98.15881848335266
471.0 98.06652069091797
472.0 98.1161117553711
473.0 97.9748785495758
474.0 97.82630801200867
475.0 97.8926956653595
476.0 97.92699217796326
477.0 97.90096879005432
478.0 98.02865982055664
479.0 97.98536896705627
480.0 98.1390118598938
481.0 98.2609212398529
482.0 98.3832597732544
483.0 98.32221269607544
484.0 98.49025011062622
485.0 98.52252006530762
486.0 98.5575795173645
487.0 98.58574271202087
488.0 98.5748827457428
489.0 98.66771697998047
490.0 98.61694574356079
491.0 98.61664175987244
492.0 98.58860969543457
493.0 98.56003522872925
494.0 98.47816824913025
495.0 98.53702187538147
496.0 98.3606219291687
497.0 98.32231998443604
498.0 98.06181192398071
499.0 98.17378520965576
500.0 98.07984232902527
501.0 98.10187816619873
502.0 97.9421317577362
503.0 98.07025790214539
504.0 97.94657826423645
505.0 97.94439673423767
506.0 98.01391363143921
507.0 97.9820966720581
508.0 97.97311425209045
509.0 97.91567325592041
510.0 97.89139032363892
511.0 97.86531925201416
512.0 97.76530265808105
513.0 97.86123633384705
514.0 97.82060384750366
515.0 97.82475233078003
516.0 97.95632362365723
517.0 97.94436693191528
518.0 98.0389416217804
519.0 98.04181456565857
520.0 98.12065958976746
521.0 98.25955629348755
522.0 98.23973178863525
523.0 98.22813272476196
524.0 98.2160747051239
525.0 98.25355410575867
526.0 98.34344983100891
527.0 98.32459688186646
528.0 98.44108819961548
529.0 98.51031303405762
530.0 98.57326745986938
531.0 98.68562817573547
532.0 98.52771759033203
533.0 98.60442876815796
534.0 98.57351183891296
535.0 98.40066432952881
536.0 98.14040064811707
537.0 97.59790301322937
538.0 96.93017601966858
539.0 95.64880132675171
540.0 93.99924874305725
541.0 91.53372645378113
542.0 88.87161612510681
543.0 85.33468842506409
544.0 80.81290125846863
545.0 76.82086229324341
546.0 71.82364463806152
547.0 67.25013852119446
548.0 62.62028217315674
549.0 58.40303301811218
550.0 55.01469969749451
551.0 51.732414960861206
552.0 49.279677867889404
553.0 46.73910737037659
554.0 43.98421347141266
555.0 40.93093276023865
556.0 36.879709362983704
557.0 32.16850459575653
558.0 26.89550220966339
559.0 21.588636934757233
560.0 16.363076865673065
561.0 11.407255381345749
562.0 7.505950331687927
563.0 4.551839828491211
564.0 2.5481605902314186
565.0 1.2768522836267948
566.0 0.6577701773494482
567.0 0.33904770389199257
568.0 0.20012031309306622
569.0 0.11049635941162705
570.0 0.0918004778213799
571.0 0.06003596936352551
572.0 0.05893814959563315
573.0 0.0407712155720219
574.0 0.05520197446458042
575.0 0.031659071100875735
576.0 0.04311771772336215
577.0 0.03146108356304467
578.0 0.028955488232895732
579.0 0.03092234837822616
580.0 0.037991005228832364
581.0 0.027898844564333558
582.0 0.026236349367536604
583.0 0.024758727522566915
584.0 0.02388212742516771
585.0 0.018238049233332276
586.0 0.021830262267030776
587.0 0.013166524877306074
588.0 0.023622614389751107
589.0 0.01909410784719512
590.0 0.019379887089598924
591.0 0.013452133862301707
592.0 0.018438356346450746
593.0 0.008742164936847985
594.0 0.018148240633308887
595.0 0.0159074246766977
596.0 0.015110954700503498
597.0 0.01658614055486396
598.0 0.008646424976177514
599.0 0.00622179577476345
600.0 0.013885667431168258
601.0 0.00226898100663675
602.0 0.002253722050227225
603.0 0.0022384630938176997
604.0 0.0020552886780933477
605.0 0.0018721140804700553
606.0 0.001880102172435727
607.0 0.0018880902644013986
608.0 0.0019233968487242237
609.0 0.0019587032511481084
610.0 0.001929300015035551
611.0 0.0018998965970240533
612.0 0.0018395938241155818
613.0 0.0017792912331060506
614.0 0.0016803262042230926
615.0 0.001581361357239075
616.0 0.0014849107174086384
617.0 0.0013884602594771422
618.0 0.0015710940715507604
619.0 0.0017537278836243786
620.0 0.001544437327538617
621.0 0.0013351464076549746
622.0 0.0013846190086042043
623.0 0.0014340912457555532
624.0 0.0014842637028777972
625.0 0.0015344363418989815
626.0 0.0015068391803652048
627.0 0.001479241927881958
628.0 0.001553413130750414
629.0 0.0016275842426693998
630.0 0.0015789173630764708
631.0 0.0015302506653824821
632.0 0.0014121677850198466
633.0 0.0012940849046572112
634.0 0.001429486565029947
635.0 0.0015648884073016234
636.0 0.0014734394426341169
637.0 0.0013819903870171402
638.0 0.0013013594070798717
639.0 0.0012207285180920735
640.0 0.0013006431800022256
641.0 0.0013805579328618478
642.0 0.0013582959581981413
643.0 0.001336034074483905
644.0 0.0011580820682866033
645.0 0.0009801304258871824
646.0 0.001114287897507893
647.0 0.0012484453691286035
648.0 0.0013100482647132594
649.0 0.0013716511602979153
650.0 0.0012323347618803382
651.0 0.0010930180906143505
652.0 0.0011081092452513985
653.0 0.0011232003089389764
654.0 0.0011721723240043502
655.0 0.0012211441571707837
656.0 0.0011490279575809836
657.0 0.0010769118489406537
658.0 0.0011060619726777077
659.0 0.0011352123692631721
660.0 0.0011073536370531656
661.0 0.0010794947229442187
662.0 0.0010758887583506294
663.0 0.0010722827028075699
664.0 0.0011447824363131076
665.0 0.0012172820788691752
666.0 0.0011897125659743324
667.0 0.0011621430530794896
668.0 0.0011413262654969003
669.0 0.0011205092960153706
670.0 0.0011726832781278063
671.0 0.0012248571692907717
672.0 0.0011859128790092655
673.0 0.0011469688615761697
674.0 0.0011358942174410913
675.0 0.001124819664255483
676.0 0.0010916447536146734
677.0 0.0010584695701254532
678.0 0.0010437192031531595
679.0 0.001028968927130336
680.0 0.0010228872270090505
681.0 0.0010168056178372353
682.0 0.0009928624422173016
683.0 0.0009689195394457784
684.0 0.0009959449926100206
685.0 0.0010229702638753224
686.0 0.0010360116903029848
687.0 0.001049053025781177
688.0 0.001056140536093153
689.0 0.001063227955455659
690.0 0.0011723172065103427
691.0 0.0012814065485144965
692.0 0.00113984360723407
693.0 0.0009982807569031138
694.0 0.001003842226054985
695.0 0.0010094037861563265
696.0 0.0010688895599741954
697.0 0.0011283756066404749
698.0 0.0011809929674200248
699.0 0.001233610419149045
700.0 0.0012602164133568294
701.0 0.0012868223166151438
702.0 0.0012486613741202746
703.0 0.001210500249726465
704.0 0.0011912222362298053
705.0 0.001171943949884735
706.0 0.0011275586075498722
707.0 0.001083172992366599
708.0 0.0011017426004400477
709.0 0.0011203123904124368
710.0 0.001163446722785011
711.0 0.001206580964208115
712.0 0.001299443556490587
713.0 0.001392306057823589
714.0 0.0014102290151640773
715.0 0.0014281518815550953
716.0 0.0015014615200925618
717.0 0.0015747713405289687
718.0 0.0016901281924219802
719.0 0.001805485226213932
720.0 0.0015950401575537398
721.0 0.0013845948160451371
722.0 0.0015683557649026625
723.0 0.001752116804709658
724.0 0.0017374444723827764
725.0 0.0017227719581569545
726.0 0.001843817335611675
727.0 0.0019648623492685147
728.0 0.002033290184044745
729.0 0.0021017178369220346
730.0 0.0020821518774027936
731.0 0.0020625862816814333
732.0 0.0019125365724903531
733.0 0.001762487408996094
734.0 0.001492089813837083
735.0 0.0012216918548801914
736.0 0.0010998909601767082
737.0 0.0009780897926248144
738.0 0.000970183373283362
739.0 0.0009622767720429692
740.0 0.000888638442120282
741.0 0.0008150001121975947
742.0 0.00086472182374564
743.0 0.0009144437171926256
744.0 0.0009145035619440023
745.0 0.0009145634066953789
746.0 0.0006840419700893108
747.0 0.0004535205334832426
748.0 0.0005952838364464696
749.0 0.0007370470939349616
750.0 0.0008221302778110839
751.0 0.0009072135071619414
752.0 0.0009140275324170943
753.0 0.0009208415576722473
754.0 0.0008346219146915246
755.0 0.0007484022717108019
756.0 0.0008048104973568115
757.0 0.000861218632053351
758.0 0.000980750974122202
759.0 0.0011002834980899934
760.0 0.0009730111742101144
761.0 0.0008457387593807653
762.0 0.0007917218681541272
763.0 0.000737704976927489
764.0 0.0008456288924207911
765.0 0.0009535530807625037
766.0 0.0008460941899102181
767.0 0.0007386354809568729
768.0 0.0006965750799281523
769.0 0.0006545147698489018
770.0 0.0006943888365640305
771.0 0.0007342630397033645
772.0 0.0006871156529086875
773.0 0.0006399681751645403
774.0 0.0005595006768999156
775.0 0.00047903308768582065
776.0 0.0005884964593860786
777.0 0.0006979596946621314
778.0 0.0006523830961668864
779.0 0.0006068065886211116
780.0 0.0005956004315521568
781.0 0.0005843943654326722
782.0 0.0005134261300554499
783.0 0.0004424578946782276
784.0 0.00044997455006523523
785.0 0.00045749125092697795
786.0 0.00047739013098180294
787.0 0.0004972890110366279
788.0 0.0004210211045574397
789.0 0.0003447532662903541
790.0 0.00047702083065814804
791.0 0.0006092884632380446
792.0 0.0004998805252398597
793.0 0.00039047267819114495
794.0 0.00043764935071521904
795.0 0.00048482602323929314
796.0 0.0003615742798501742
797.0 0.00023832251372368773
798.0 0.00025914596335496753
799.0 0.0002799694357236149
800.0 0.0003569806494851946
801.0 0.0004339919541962445
802.0 0.0005237315235717688
803.0 0.0006134712293714983
804.0 0.0005717836756957695
805.0 0.0005300960765453056
806.0 0.00041657131077954546
807.0 0.00030304647680168273
808.0 0.00038675125324516557
809.0 0.00047045609790075105
810.0 0.0003754049657800351
811.0 0.00028035381092195166
812.0 0.00036618746435124194
813.0 0.00045202123146736994
814.0 0.00043579157136264257
815.0 0.0004195619112579152
816.0 0.0005021288870921126
817.0 0.000584695908401045
818.0 0.0004528075805865228
819.0 0.0003209192527720006
820.0 0.0003722861265487154
821.0 0.0004236530003254302
822.0 0.00041031062210095115
823.0 0.000396968198401737
824.0 0.00046377722355828155
825.0 0.0005305862941895612
826.0 0.0005184922883927356
827.0 0.0005063983280706452
828.0 0.00047174626160995103
829.0 0.00043709419514925685
830.0 0.0003696718749779393
831.0 0.00030224955480662175
832.0 0.0003664438281703042
833.0 0.00043063805605925154
834.0 0.00039579131225764286
835.0 0.0003609445229812991
836.0 0.0004032062861369923
837.0 0.0004454680038179504
838.0 0.000558675492356997
839.0 0.0006718829808960436
840.0 0.0006044689598638797
841.0 0.0005370551207306562
842.0 0.0005200683062867029
843.0 0.0005030814463680144
844.0 0.0006211577328940621
845.0 0.0007392340194201097
846.0 0.000512320184498094
847.0 0.0002854063268387108
848.0 0.0003337998123242869
849.0 0.00038219327507249545
850.0 0.00032739719699748093
851.0 0.00027260109618509887
852.0 0.00024114381176332245
853.0 0.00020968652734154603
854.0 0.00022928090857021743
855.0 0.0002488753125362564
856.0 0.0003319493544040597
857.0 0.0004150234417465981
858.0 0.0005005027105653426
859.0 0.000585981979384087
860.0 0.0005828510438732337
861.0 0.0005797201083623804
862.0 0.0005511788458534284
863.0 0.0005226375378697412
864.0 0.0004252205599186709
865.0 0.00032780360470496817
866.0 0.000516849377163453
867.0 0.0007058951268845703
868.0 0.0005432860234577674
869.0 0.0003806768518188619
870.0 0.0003921275492757559
871.0 0.0004035783604194876
872.0 0.0004990658453607466
873.0 0.0005945534667262109
874.0 0.0006130896508693695
875.0 0.0006316257440630579
876.0 0.0005895857611903921
877.0 0.0005475457328429911
878.0 0.0005538821824302431
879.0 0.0005602186320174951
880.0 0.0006340497293422231
881.0 0.0007078809176164214
882.0 0.0005834521743963705
883.0 0.0004590234311763197
884.0 0.0004950533366354648
885.0 0.0005310831966198748
886.0 0.0005451037850434659
887.0 0.0005591244189417921
888.0 0.0005997535481583327
889.0 0.0006403828137990786
890.0 0.0005927639904257376
891.0 0.0005451451670523966
892.0 0.0005486047484737355
893.0 0.0005520644208445447
894.0 0.00048197621254075784
895.0 0.00041188800423697103
896.0 0.0004369958332972601
897.0 0.0004621036168828141
898.0 0.0004283968792151427
899.0 0.0003946900505980011
900.0 0.00037410552522487706
901.0 0.0003535209543770179
902.0 0.00043108743739139754
903.0 0.0005086538749310421
904.0 0.0005391743798099924
905.0 0.0005696948846889427
906.0 0.0004490381797950249
