lsstCam/transmission_filter_detector/r31_s11/g_6/19700101T000000.ecsv
# %ECSV 1.0
# ---
# datatype:
# - {name: wavelength, unit: nm, datatype: float32}
# - {name: efficiency, unit: '%', datatype: float64}
# meta: !!omap
# - {MODE: DETECTOR}
# - {TYPE: transmission_filter_detector}
# - {CALIBDATE: '1970-01-01T00:00:00'}
# - {INSTRUME: LSSTCam}
# - {OBSTYPE: transmission_filter_detector}
# - {CALIBCLS: lsst.ip.isr.IntermediateFilterDetectorTransmissionCurve}
# - {SOURCE: Materion (DM-46256)}
# - {DETECTOR: 130}
# - {FILTER: g_6}
# - {CALIB_ID: 'calibDate=1970-01-01T00:00:00 filter=g_6 detector=130'}
# - {DATE: '2025-04-02T15:59:42.629510'}
# - {CALIB_CREATION_DATE: '2025-04-02'}
# - {CALIB_CREATION_TIME: '15:59:42'}
# - __serialized_columns__:
#     efficiency:
#       __class__: astropy.units.quantity.Quantity
#       unit: !astropy.units.Unit {unit: '%'}
#       value: !astropy.table.SerializedColumn {name: efficiency}
#     wavelength:
#       __class__: astropy.units.quantity.Quantity
#       unit: !astropy.units.Unit {unit: nm}
#       value: !astropy.table.SerializedColumn {name: wavelength}
# schema: astropy-2.0
wavelength efficiency
[from data line 608]
908.0 0.0004196452664473327
909.0 0.0005109090579935582
910.0 0.00049275008677796
911.0 0.00047459111556236167
912.0 0.0004531284048425732
913.0 0.00043166569412278477
914.0 0.0004337852715252666
915.0 0.0004359048489277484
916.0 0.00037701365727116354
917.0 0.0003181225110893138
918.0 0.0003682946953631472
919.0 0.0004184669251117157
920.0 0.00041092112041951623
921.0 0.0004033753157273168
922.0 0.00037196368793956935
923.0 0.0003405520828891895
924.0 0.00045599854274769314
925.0 0.0005714449798688293
926.0 0.00048634965423843823
927.0 0.00040125428313331213
928.0 0.0005390398655436002
929.0 0.0006768255389033584
930.0 0.0005862520538357785
931.0 0.0004956787051924039
932.0 0.00054335914683179
933.0 0.0005910396794206463
934.0 0.0006495731668110238
935.0 0.0007081066996761365
936.0 0.0006070224117138423
937.0 0.000505938078276813
938.0 0.00046922009460104164
939.0 0.0004325022018747404
940.0 0.000582386428504833
941.0 0.0007322706096601905
942.0 0.0006934206794539932
943.0 0.0006545707492477959
944.0 0.0005624002824333729
945.0 0.00047022981561894994
946.0 0.0006263110208237777
947.0 0.0007823921805538703
948.0 0.0007288383585546399
949.0 0.0006752844910806743
950.0 0.0006553014827659354
951.0 0.0006353184289764613
952.0 0.0008741869351069909
953.0 0.0011130554412375204
954.0 0.0010316454790881835
955.0 0.0009502354259893764
956.0 0.0007601596280437661
957.0 0.000570083875572891
958.0 0.0006506882982648676
959.0 0.0007312926300073741
960.0 0.0007470273885701317
961.0 0.0007627620561834192
962.0 0.000704709418641869
963.0 0.0006466566901508486
964.0 0.0006736821887898259
965.0 0.0007007075510045979
966.0 0.0007626421847817255
967.0 0.0008245769095083233
968.0 0.0007117049335647607
969.0 0.0005988330485706683
970.0 0.0006101279723225161
971.0 0.000621422896074364
972.0 0.0006181230673973914
973.0 0.0006148231022962136
974.0 0.0007295090199477272
975.0 0.0008441949830739759
976.0 0.0008346451068064198
977.0 0.0008250953214883339
978.0 0.0008672406693222001
979.0 0.0009093860171560664
980.0 0.000883118173078401
981.0 0.0008568503290007357
982.0 0.0009117547051573638
983.0 0.0009666589903645217
984.0 0.0011167938282596879
985.0 0.0012669283933064435
986.0 0.0012986364708922338
987.0 0.0013303446394274943
988.0 0.0012420075108821038
989.0 0.0011536700185388327
990.0 0.001182820869871648
991.0 0.0012119717212044634
992.0 0.0012439953025022987
993.0 0.0012760187928506639
994.0 0.0012748880180879496
995.0 0.0012737574252241757
996.0 0.0012500287994043902
997.0 0.0012262999916856643
998.0 0.0011236461432417855
999.0 0.0010209922038484365
1000.0 0.0011455557796580251
1001.0 0.001270118900720263
1002.0 0.001250228251592489
1003.0 0.001230337602464715
1004.0 0.0012488060747273266
1005.0 0.0012672745469899382
1006.0 0.0013939172276877798
1007.0 0.0015205598174361512
1008.0 0.0014394784557225648
1009.0 0.0013583970030595083
1010.0 0.0014566618119715713
1011.0 0.0015549268937320448
1012.0 0.0016844120182213373
1013.0 0.0018138973246095702
1014.0 0.002016805956372991
1015.0 0.002219714588136412
1016.0 0.0023637263439013623
1017.0 0.0025077377358684316
1018.0 0.0026868008717428893
1019.0 0.0028658641895162873
1020.0 0.0030465798772638664
1021.0 0.003227295383112505
1022.0 0.0035215645766584203
1023.0 0.0038158337702043355
1024.0 0.003852721056318842
1025.0 0.003889608706231229
1026.0 0.004247123433742672
1027.0 0.004604638525051996
1028.0 0.0047319121222244576
1029.0 0.004859185719396919
1030.0 0.004955801341566257
1031.0 0.005052416963735595
1032.0 0.005192031676415354
1033.0 0.005331646389095113
1034.0 0.0054557222028961405
1035.0 0.005579797652899288
1036.0 0.005803125895909034
1037.0 0.006026454866514541
1038.0 0.006032251621945761
1039.0 0.0060380480135791
1040.0 0.00612116782576777
1041.0 0.0062042876379564404
1042.0 0.006296620995271951
1043.0 0.0063889543525874615
1044.0 0.006765403668396175
1045.0 0.007141852984204888
1046.0 0.007956796616781503
1047.0 0.008771739521762356
1048.0 0.009799753752304241
1049.0 0.010827768710441887
1050.0 0.0128175612189807
1051.0 0.01480735227232799
1052.0 0.017609132919460535
1053.0 0.020410912111401558
1054.0 0.025042510242201388
1055.0 0.029674105462618172
1056.0 0.03548162057995796
1057.0 0.041289121145382524
1058.0 0.048736456665210426
1059.0 0.056183780543506145
1060.0 0.06473769317381084
1061.0 0.07329160580411553
1062.0 0.08131960057653487
1063.0 0.0893475953489542
1064.0 0.09698996436782181
1065.0 0.10463231010362506
1066.0 0.11175880208611488
1067.0 0.11888530571013689
1068.0 0.12649373384192586
1069.0 0.13410215033218265
1070.0 0.14344231458380818
1071.0 0.15278244391083717
1072.0 0.16281924908980727
1073.0 0.1728560426272452
1074.0 0.18336379434913397
1075.0 0.19387153442949057
1076.0 0.20477066282182932
1077.0 0.21566981449723244
1078.0 0.22635813802480698
1079.0 0.23704648483544588
1080.0 0.2518062712624669
1081.0 0.2665660111233592
1082.0 0.2871287288144231
1083.0 0.3076914232224226
1084.0 0.3449047915637493
1085.0 0.3821181133389473
1086.0 0.4231247119605541
1087.0 0.4641312640160322
1088.0 0.5119043402373791
1089.0 0.5596774164587259
1090.0 0.6371341180056334
1091.0 0.7145908195525408
1092.0 0.7826641201972961
1093.0 0.8507377468049526
1094.0 0.8951026946306229
1095.0 0.9394679218530655
1096.0 0.9936909191310406
1097.0 1.0479138232767582
1098.0 1.1384626850485802
1099.0 1.2290115468204021
1100.0 1.3742108829319477
1101.0 1.5194102190434933
