lsstCam/transmission_filter_detector/r22_s12/y_10/19700101T000000.ecsv
# %ECSV 1.0
# ---
# datatype:
# - {name: wavelength, unit: nm, datatype: float32}
# - {name: efficiency, unit: '%', datatype: float64}
# meta: !!omap
# - {MODE: DETECTOR}
# - {TYPE: transmission_filter_detector}
# - {CALIBDATE: '1970-01-01T00:00:00'}
# - {INSTRUME: LSSTCam}
# - {OBSTYPE: transmission_filter_detector}
# - {CALIBCLS: lsst.ip.isr.IntermediateFilterDetectorTransmissionCurve}
# - {SOURCE: Materion (DM-46256)}
# - {DETECTOR: 95}
# - {FILTER: y_10}
# - {CALIB_ID: 'calibDate=1970-01-01T00:00:00 filter=y_10 detector=95'}
# - {DATE: '2025-04-02T15:59:51.183593'}
# - {CALIB_CREATION_DATE: '2025-04-02'}
# - {CALIB_CREATION_TIME: '15:59:51'}
# - __serialized_columns__:
#     efficiency:
#       __class__: astropy.units.quantity.Quantity
#       unit: !astropy.units.Unit {unit: '%'}
#       value: !astropy.table.SerializedColumn {name: efficiency}
#     wavelength:
#       __class__: astropy.units.quantity.Quantity
#       unit: !astropy.units.Unit {unit: nm}
#       value: !astropy.table.SerializedColumn {name: wavelength}
# schema: astropy-2.0
wavelength efficiency
300.0 0.3010618733242154
301.0 0.1637633773498237
302.0 0.026464852271601558
303.0 0.02724817313719541
304.0 0.02803149400278926
305.0 0.020501631661318243
306.0 0.012971764954272658
307.0 0.015143011114560068
308.0 0.017314257274847478
309.0 0.014081617700867355
310.0 0.01084897739929147
311.0 0.007169240416260436
312.0 0.0034895008866442367
313.0 0.001678719672781881
314.0 1.5786067114956226e-10
315.0 0.002356417644477915
316.0 0.004844900104217231
317.0 0.005036042057326995
318.0 0.005227182191447355
319.0 0.0028035015930072404
320.0 0.00037982069898134796
321.0 0.0021079367797938175
322.0 0.0038360529288183898
323.0 0.003680505687952973
324.0 0.003524958810885437
325.0 0.0011269609785813373
326.0 1.5786067114956226e-10
327.0 0.00031380973268824164
328.0 0.0018986564100487158
329.0 0.0028564074455061927
330.0 0.0038141584809636697
331.0 0.0031872819818090647
332.0 0.002560405118856579
333.0 0.002474455686751753
334.0 0.002388505708950106
335.0 0.002803260758810211
336.0 0.0032180159905692562
337.0 0.0029688497306779027
338.0 0.002719683470786549
339.0 0.0012808866813429631
340.0 1.5786067114956226e-10
341.0 1.5786067114956226e-10
342.0 3.3157280654450005e-05
343.0 0.0008524951226718258
344.0 0.0016718331607989967
345.0 0.0016309237253153697
346.0 0.0015900148355285637
347.0 0.0016345826225006022
348.0 0.0016791502275737002
349.0 0.0013984473298478406
350.0 0.0011177443411725108
351.0 0.001565947059134487
352.0 0.002014149504248053
353.0 0.0019231110854889266
354.0 0.0018320726667298004
355.0 0.0017427173588657752
356.0 0.0016533622329006903
357.0 0.0015694264220655896
358.0 0.0014854908840788994
359.0 0.0013121230040269438
360.0 0.0011387551239749882
361.0 0.001143131339631509
362.0 0.0011475072824396193
363.0 0.001090627847588621
364.0 0.0010337482308386825
365.0 0.0014487014595943037
366.0 0.0018636554159456864
367.0 0.0019137032722937874
368.0 0.001963751310540829
369.0 0.0016918129404075444
370.0 0.0014198744793247897
371.0 0.0013963280252937693
372.0 0.0013727812984143384
373.0 0.0019695540686370805
374.0 0.002566327020758763
375.0 0.003351658597239293
376.0 0.004136989809921943
377.0 0.0041079390939557925
378.0 0.004078888377989642
379.0 0.0033992473618127406
380.0 0.0027196061637368985
381.0 0.001956637242983561
382.0 0.0011936682312807534
383.0 0.0011401451047277078
384.0 0.0010866216143767815
385.0 0.0008529993465344887
386.0 0.0006193770786921959
387.0 0.0007035441285552224
388.0 0.0007877111784182489
389.0 0.0007325814294745214
390.0 0.0006774514986318536
391.0 0.0005982616585242795
392.0 0.0005190717729419703
393.0 0.0006397724519047188
394.0 0.0007604731763422024
395.0 0.0007702735274506267
396.0 0.0007800738785590511
397.0 0.0009071725799003616
398.0 0.001034271190292202
399.0 0.0011980061572103295
400.0 0.001361741033178987
401.0 0.0015186556993285194
402.0 0.001675570456427522
403.0 0.0018211438145954162
404.0 0.0019667171727633104
405.0 0.0019284112568129785
406.0 0.0018901053408626467
407.0 0.0016045163647504523
408.0 0.0013189276614866685
409.0 0.0010403423402749468
410.0 0.0007617568371642847
411.0 0.0007461994300683727
412.0 0.0007306419774977257
413.0 0.00034983304431079887
414.0 1.5786067114956226e-10
415.0 0.000956019175646361
416.0 0.0019430144675425254
417.0 0.0011866109161928762
418.0 0.00043020741031796206
419.0 0.00015978562259988394
420.0 1.5786067114956226e-10
421.0 5.2243598247514456e-05
422.0 0.00021512332750717178
423.0 0.0006865144769108156
424.0 0.0011579053534660488
425.0 0.0003476202209640178
426.0 1.5786067114956226e-10
427.0 1.5786067114956226e-10
428.0 1.5786067114956226e-10
429.0 1.5786067114956226e-10
430.0 1.5786067114956226e-10
431.0 0.00023466304810426664
432.0 0.0011665287274809089
433.0 0.0009483697795076296
434.0 0.0007302111498574959
435.0 0.00027836397293867776
436.0 1.5786067114956226e-10
437.0 1.5786067114956226e-10
438.0 9.783476571101346e-05
439.0 1.5786067114956226e-10
440.0 1.5786067114956226e-10
441.0 1.5786067114956226e-10
442.0 1.5786067114956226e-10
443.0 1.5786067114956226e-10
444.0 1.5786067114956226e-10
445.0 1.5786067114956226e-10
446.0 0.00010078842933580745
447.0 0.0003655677573988214
448.0 0.0006303470399871003
449.0 0.0005692631475540111
450.0 0.0005081791641714517
451.0 0.00020473298718570732
452.0 1.5786067114956226e-10
453.0 1.5786067114956226e-10
454.0 1.5786067114956226e-10
455.0 1.5786067114956226e-10
456.0 1.5786067114956226e-10
457.0 1.5786067114956226e-10
458.0 1.5786067114956226e-10
459.0 1.5786067114956226e-10
460.0 1.5786067114956226e-10
461.0 0.0001846213990575052
462.0 0.000530515944774379
463.0 0.0005273485840007197
464.0 0.0005241812687017955
465.0 0.0005981597041682107
466.0 0.000672138139634626
467.0 0.001189059275930049
468.0 0.0017059803212760016
469.0 0.001729469840938691
470.0 0.0017529589968034998
471.0 0.0019899356630048715
472.0 0.002226911783509422
473.0 0.0024965005650301464
474.0 0.00276608898275299
475.0 0.002826545824063942
476.0 0.0028870026653748937
477.0 0.0030857419915264472
478.0 0.0032844811357790604
479.0 0.003845927494694479
480.0 0.0044073734898120165
481.0 0.004454168083611876
482.0 0.004500962677411735
483.0 0.004208523387205787
484.0 0.003916084096999839
485.0 0.003727639341377653
486.0 0.0035391942219575867
487.0 0.0030513247111230157
488.0 0.002563455382187385
489.0 0.002502239658497274
490.0 0.0024410237529082224
491.0 0.0019439878087723628
492.0 0.001446951773687033
493.0 0.0012847724065068178
494.0 0.0011225933121750131
495.0 0.0013491138815879822
496.0 0.0015756342691020109
497.0 0.0018585900761536323
498.0 0.002141546065104194
499.0 0.002434289490338415
500.0 0.002727032915572636
501.0 0.0028801869120798074
502.0 0.003033340908586979
503.0 0.002885988033085596
504.0 0.0027386349756852724
505.0 0.002872456934710499
506.0 0.0030062788937357254
507.0 0.0023508977392339148
508.0 0.0016955162209342234
509.0 0.001931434053403791
510.0 0.0021673513401765376
511.0 0.002255047184007708
512.0 0.0023427432097378187
513.0 0.002204596057708841
514.0 0.0020664490875788033
515.0 0.0015432557120220736
516.0 0.0010200620636169333
517.0 0.0011310874469927512
518.0 0.0012421128303685691
519.0 0.0013697973372472916
520.0 0.001497481844126014
521.0 0.0016355132174794562
522.0 0.0017735444998834282
523.0 0.00193461401067907
524.0 0.002095683157676831
525.0 0.002300735650351271
526.0 0.002505788143025711
527.0 0.002421879253233783
528.0 0.0023379703634418547
529.0 0.002395028786850162
530.0 0.002452087210258469
531.0 0.0022263133359956555
532.0 0.0020005390979349613
533.0 0.0021073767129564658
534.0 0.002214213782281149
535.0 0.001965176488738507
536.0 0.0017161390132969245
537.0 0.0022594125766772777
538.0 0.0028026859581586905
539.0 0.003203422238584608
540.0 0.003604157973313704
541.0 0.0040826820622896776
542.0 0.004561206151265651
543.0 0.004819894456886686
544.0 0.005078582398709841
545.0 0.004930908835376613
546.0 0.004783234544447623
547.0 0.004041329157189466
548.0 0.0032994241337291896
549.0 0.002776859219011385
550.0 0.00225429412239464
551.0 0.0023944003260112368
552.0 0.0025345065296278335
553.0 0.0031094365112949163
554.0 0.003684365947265178
555.0 0.003935117638320662
556.0 0.004185869329376146
557.0 0.00414430360251572
558.0 0.004102737511857413
559.0 0.0037497586163226515
560.0 0.0033967793569900095
561.0 0.0033786629501264542
562.0 0.0033605458156671375
563.0 0.003414730599615723
564.0 0.003468915747362189
565.0 0.004199612158117816
566.0 0.004930308568873443
567.0 0.004940837243339047
568.0 0.004951365917804651
569.0 0.0056390930694760755
570.0 0.006326819857349619
571.0 0.006296222272794694
572.0 0.006265624688239768
573.0 0.00626785185886547
574.0 0.006270079757086933
575.0 0.0060178870626259595
576.0 0.005765694368164986
577.0 0.005543341831071302
578.0 0.005320989293977618
579.0 0.005881912147742696
580.0 0.006442835729103535
581.0 0.007434236613335088
582.0 0.008425638225162402
583.0 0.009473256795899943
584.0 0.010520874639041722
585.0 0.01086340780602768
586.0 0.011205943883396685
587.0 0.010816329449880868
588.0 0.010426712833577767
589.0 0.009989853424485773
590.0 0.009552995470585302
591.0 0.008978926780400798
592.0 0.008404856635024771
593.0 0.007091360748745501
594.0 0.005777865226264112
595.0 0.005605052137980238
596.0 0.005432239413494244
597.0 0.006094354466767982
598.0 0.006756468792445958
599.0 0.008049519237829372
600.0 0.009342568228021264
601.0 0.010125933476956561
602.0 0.010909297270700336
603.0 0.011189080396434292
604.0 0.011468867160147056
605.0 0.010966324771288782
606.0 0.010463782382430509
607.0 0.008985910244518891
608.0 0.007508039561798796
609.0 0.005924783545196988
610.0 0.00434152789239306
611.0 0.003667637429316528
612.0 0.0029937471481389366
613.0 0.0036073000956093892
614.0 0.0042208528611809015
615.0 0.005223231346462853
616.0 0.0062256091041490436
617.0 0.007958165952004492
618.0 0.009690719889476895
619.0 0.010692162322811782
620.0 0.01169360475614667
621.0 0.011827691196231171
622.0 0.011961777636315674
623.0 0.011600396101130173
624.0 0.01123901383834891
625.0 0.009784529538592324
626.0 0.008330045238835737
627.0 0.0067845554440282285
628.0 0.0052390649216249585
629.0 0.004224846270517446
630.0 0.003210627255612053
631.0 0.002855091770470608
632.0 0.002499556285329163
633.0 0.0026569130568532273
634.0 0.0028142698283772916
635.0 0.0032695978006813675
636.0 0.0037249254091875628
637.0 0.0043610289139905944
638.0 0.004997132418793626
639.0 0.005013588088331744
640.0 0.005030043394071981
641.0 0.005280104232951999
642.0 0.005530165435629897
643.0 0.005276485899230465
644.0 0.005022805999033153
645.0 0.004649400943890214
646.0 0.004275995524949394
647.0 0.0033986718335654587
648.0 0.002521348505979404
649.0 0.002026114634645637
650.0 0.0015308809452108108
651.0 0.0016385891285608523
652.0 0.0017462974938098341
653.0 0.0015361343685071915
654.0 0.0013259709703561384
655.0 0.0014896129869157448
656.0 0.001653254912525881
657.0 0.0015904039173619822
658.0 0.0015275529221980833
659.0 0.0017362750440952368
660.0 0.00194499698409345
661.0 0.001773206349753309
662.0 0.0016014158973121084
663.0 0.0021735475456807762
664.0 0.0027456793759483844
665.0 0.003313707929919474
666.0 0.0038817364838905632
667.0 0.0048476555093657225
668.0 0.00581357380724512
669.0 0.006539833702845499
670.0 0.007266090688062832
671.0 0.007650518091395497
672.0 0.008034946949919686
673.0 0.007993478357093409
674.0 0.00795200903667137
675.0 0.007233710493892431
676.0 0.006515411951113492
677.0 0.00524723254784476
678.0 0.0039790513255866244
679.0 0.0026637821065378375
680.0 0.001348513069387991
681.0 0.0007223712145787431
682.0 9.622950756238424e-05
683.0 0.0003022768169103074
684.0 0.0005083241831016494
685.0 0.0003269340140832355
686.0 0.00014554384506482165
687.0 0.00019662918475660263
688.0 0.0002477145244483836
689.0 0.0002692796442715917
690.0 0.0002908447868321673
691.0 0.0002273801555929822
692.0 0.00016391559256589971
693.0 0.00023589691409142688
694.0 0.0003078782583543216
695.0 0.0003618414893935551
696.0 0.00041580469769542105
697.0 0.0002696138608371257
698.0 0.000123422989872779
699.0 0.00014409355344469077
700.0 0.00016476399196108105
701.0 0.00017370957721141167
702.0 0.00018265517383042607
703.0 0.0003012502247656812
704.0 0.00041984526433225255
705.0 0.00045295319068827666
706.0 0.0004860610260948306
707.0 0.00025390336304553784
708.0 2.17455948359202e-05
709.0 0.0001532485157440533
710.0 0.0002847513997039641
711.0 0.00044873600018036086
712.0 0.0006127206233941251
713.0 0.0002818220536937588
714.0 1.5786067114956226e-10
715.0 6.136319825600367e-05
716.0 0.0001718028784125636
717.0 8.171697913894604e-05
718.0 1.5786067114956226e-10
719.0 0.0002194432227042853
720.0 0.00044725529733113945
721.0 0.0004915254521620227
722.0 0.0005357955160434358
723.0 0.00039813526200305205
724.0 0.00026047503070003586
725.0 0.00020250283796485746
726.0 0.00014453094081545714
727.0 0.00025804888537095394
728.0 0.00037156714824959636
729.0 0.0002523192733860924
730.0 0.00013307168273968273
731.0 0.0004890566287940601
732.0 0.0008450418135907967
733.0 0.000411857217841316
734.0 1.5786067114956226e-10
735.0 8.380086455872515e-05
736.0 0.0001889291183942987
737.0 0.0002752659838733962
738.0 0.0003616030426201178
739.0 0.0003406987161724828
740.0 0.0003197942987753777
741.0 0.0003185941750416532
742.0 0.0003173941195200314
743.0 0.0001947754299180815
744.0 7.215675736915728e-05
745.0 0.00017930017293110723
746.0 0.0002864438556571258
747.0 0.00011981594525423134
748.0 1.5786067114956226e-10
749.0 1.5786067114956226e-10
750.0 1.5786067114956226e-10
751.0 7.609082217641117e-05
752.0 0.0004219710717734415
753.0 0.0006498549737443682
754.0 0.0008777387847658247
755.0 0.0001310204766014067
756.0 1.5786067114956226e-10
757.0 1.5786067114956226e-10
758.0 1.5786067114956226e-10
759.0 0.00038162015698617324
760.0 0.0008057466402533464
761.0 0.0006052487151464447
762.0 0.00040475083551427815
763.0 0.00025465885755693307
764.0 0.00010456678865011781
765.0 0.00018235602965432918
766.0 0.0002601451569717028
767.0 1.5786067114956226e-10
768.0 1.5786067114956226e-10
769.0 1.5786067114956226e-10
770.0 0.00014190634374244837
771.0 1.5786067114956226e-10
772.0 1.5786067114956226e-10
773.0 0.00036406988783710403
774.0 0.0008919740139390342
775.0 0.0007286541858775308
776.0 0.0005653341759170871
777.0 0.00047599701247236226
778.0 0.00038665998545184266
779.0 0.0006842657967354171
780.0 0.0009818717444431968
781.0 0.0007619754796905909
782.0 0.0005420789875643095
783.0 0.00048325741772714537
784.0 0.00042443580241524614
785.0 0.0005267544565867865
786.0 0.0006290730198088568
787.0 0.0006381435923685785
788.0 0.0006472141194535652
789.0 0.0005246396995062241
790.0 0.0004020653705083532
791.0 0.00045309989218367264
792.0 0.000504134413858992
793.0 0.0005064903234597296
794.0 0.0005088460511615267
795.0 0.000820762670628028
796.0 0.001132679153670324
797.0 0.0007415897016471718
798.0 0.00035050034057348967
799.0 0.00047936669034243096
800.0 0.0006082329946366372
801.0 0.0002756631602096604
802.0 1.5786067114956226e-10
803.0 0.0004157448074693093
804.0 0.00088839633463067
805.0 0.0010852205377887003
806.0 0.0012820445590477902
807.0 0.0008389052709389944
808.0 0.0003957658464059932
809.0 0.00037518152566917706
810.0 0.0003545971594576258
811.0 0.0006562979251611978
812.0 0.0009579985089658294
813.0 0.0010220765034318902
814.0 0.001086154497897951
815.0 0.0009952149412129074
816.0 0.000904274929780513
817.0 0.0008777039511187468
818.0 0.0008511328815075103
819.0 0.0008570932550355792
820.0 0.0008630536285636481
821.0 0.0007334021120186662
822.0 0.0006037506409484195
823.0 0.0004706220352090895
824.0 0.0003374935431565973
825.0 0.0003640885324784904
826.0 0.0003906834535882808
827.0 0.0006927580670890165
828.0 0.0009948329534381628
829.0 0.0006286517873377306
830.0 0.00026247075766150374
831.0 0.00013781291272607632
832.0 1.3155236899820011e-05
833.0 7.96052177065576e-05
834.0 0.00014605502656195313
835.0 2.2401087562684552e-05
836.0 1.5786067114956226e-10
837.0 0.00013238206975074718
838.0 0.0003660171387309674
839.0 0.0005588867225014837
840.0 0.0007517563062720001
841.0 0.0009343604688183405
842.0 0.001116964722314151
843.0 0.0009489482181379572
844.0 0.000780931532062823
845.0 0.0008384027751162648
846.0 0.0008958741091191769
847.0 0.0011281388651696034
848.0 0.0013604034393210895
849.0 0.0010289278179698158
850.0 0.0006974516963964561
851.0 0.0010665262379916385
852.0 0.0014356007341120858
853.0 0.0007795450983394403
854.0 0.00012348971267783782
855.0 0.00011259221537329722
856.0 0.0001016947294374404
857.0 0.0004899342457065359
858.0 0.0008781737051322125
859.0 0.0007868396096455399
860.0 0.0006955053322599269
861.0 0.0013232781384431291
862.0 0.0019510511265252717
863.0 0.002063900501525495
864.0 0.002176749512727838
865.0 0.0021232752260402776
866.0 0.002069800757453777
867.0 0.0026377294489066117
868.0 0.0032056577765615657
869.0 0.0030770632292842492
870.0 0.0029484685001079924
871.0 0.0030651790439151227
872.0 0.0031818897696211934
873.0 0.002775912253127899
874.0 0.0023699352823314257
