lsstCam/transmission_filter_detector/r22_s12/y_10/19700101T000000.ecsv
# %ECSV 1.0
# ---
# datatype:
# - {name: wavelength, unit: nm, datatype: float32}
# - {name: efficiency, unit: '%', datatype: float64}
# meta: !!omap
# - {MODE: DETECTOR}
# - {TYPE: transmission_filter_detector}
# - {CALIBDATE: '1970-01-01T00:00:00'}
# - {INSTRUME: LSSTCam}
# - {OBSTYPE: transmission_filter_detector}
# - {CALIBCLS: lsst.ip.isr.IntermediateFilterDetectorTransmissionCurve}
# - {SOURCE: Materion (DM-46256)}
# - {DETECTOR: 95}
# - {FILTER: y_10}
# - {CALIB_ID: 'calibDate=1970-01-01T00:00:00 filter=y_10 detector=95'}
# - {DATE: '2025-04-02T15:59:51.183593'}
# - {CALIB_CREATION_DATE: '2025-04-02'}
# - {CALIB_CREATION_TIME: '15:59:51'}
# - __serialized_columns__:
#     efficiency:
#       __class__: astropy.units.quantity.Quantity
#       unit: !astropy.units.Unit {unit: '%'}
#       value: !astropy.table.SerializedColumn {name: efficiency}
#     wavelength:
#       __class__: astropy.units.quantity.Quantity
#       unit: !astropy.units.Unit {unit: nm}
#       value: !astropy.table.SerializedColumn {name: wavelength}
# schema: astropy-2.0
wavelength efficiency
[from data line 576]
876.0 0.002618236430862453
877.0 0.0019520450223353691
878.0 0.0012858537047577556
879.0 0.001773255098669324
880.0 0.032823666697368026
881.0 0.10867237579077482
882.0 0.04568980366457254
883.0 0.09180494234897196
884.0 0.06052613025531173
885.0 0.1049102284014225
886.0 0.049013691022992134
887.0 0.11008172295987606
888.0 0.053533288883045316
889.0 0.11930456385016441
890.0 0.06218113121576607
891.0 0.09028055355884135
892.0 0.05504889995791018
893.0 0.11232105316594243
894.0 0.06897147395648062
895.0 0.11135261738672853
896.0 0.06551342667080462
897.0 0.12174606090411544
898.0 0.07622033008374274
899.0 0.1343496609479189
900.0 0.10111514711752534
901.0 0.16197232762351632
902.0 0.16802066238597035
903.0 0.20072932820767164
904.0 0.25446696672588587
905.0 0.3277878277003765
906.0 0.3976654727011919
907.0 0.5190142896026373
908.0 0.6977053824812174
909.0 0.9576547890901566
910.0 1.4040778391063213
911.0 1.9966989755630493
912.0 2.9037104919552803
913.0 4.219440370798111
914.0 5.724543333053589
915.0 7.86045715212822
916.0 10.346858203411102
917.0 12.967279553413391
918.0 15.863190591335297
919.0 18.596218526363373
920.0 22.300678491592407
921.0 26.272007822990417
922.0 30.326631665229797
923.0 35.0896418094635
924.0 40.25944769382477
925.0 45.86387574672699
926.0 52.43164896965027
927.0 59.390658140182495
928.0 65.31199216842651
929.0 71.54901027679443
930.0 76.90047025680542
931.0 82.04997181892395
932.0 86.61117553710938
933.0 90.29883146286011
934.0 92.94302463531494
935.0 94.68500018119812
936.0 95.96319198608398
937.0 96.80863618850708
938.0 97.32940196990967
939.0 97.58764505386353
940.0 97.80164957046509
941.0 97.87994623184204
942.0 98.07979464530945
943.0 98.08480739593506
944.0 98.29258322715759
945.0 98.1882095336914
946.0 98.2284426689148
947.0 98.17287921905518
948.0 98.32136631011963
949.0 98.28720688819885
950.0 98.42352271080017
951.0 98.47359657287598
952.0 98.51780533790588
953.0 98.69388341903687
954.0 98.79820346832275
955.0 98.80809187889099
956.0 98.98550510406494
957.0 99.09400343894958
958.0 99.24003481864929
959.0 99.24237132072449
960.0 99.33976531028748
961.0 99.36367869377136
962.0 99.41307306289673
963.0 99.45070147514343
964.0 99.45270419120789
965.0 99.45969581604004
966.0 99.52730536460876
967.0 99.61509704589844
968.0 99.56013560295105
969.0 99.58268404006958
970.0 99.61802363395691
971.0 99.639230966568
972.0 99.71111416816711
973.0 99.7865080833435
974.0 99.75478053092957
975.0 99.69813823699951
976.0 99.77503418922424
977.0 99.7412383556366
978.0 99.77530837059021
979.0 99.70711469650269
980.0 99.68556761741638
981.0 99.56267476081848
982.0 99.513840675354
983.0 99.53018426895142
984.0 99.47448968887329
985.0 99.52784776687622
986.0 99.40947890281677
987.0 99.46711659431458
988.0 99.41805005073547
989.0 99.41852688789368
990.0 99.38538074493408
991.0 99.47024583816528
992.0 99.52654242515564
993.0 99.47275519371033
994.0 99.47864413261414
995.0 99.52666163444519
996.0 99.49991703033447
997.0 99.60917830467224
998.0 99.68836307525635
999.0 99.69465732574463
1000.0 99.70566630363464
1001.0 99.66409206390381
1002.0 99.77372884750366
1003.0 99.76581335067749
1004.0 99.8339056968689
1005.0 99.75782036781311
1006.0 99.85498189926147
1007.0 99.8302161693573
1008.0 99.79667067527771
1009.0 99.7564971446991
1010.0 99.78770017623901
1011.0 99.75652694702148
1012.0 99.70423579216003
1013.0 99.69911575317383
1014.0 99.66778755187988
1015.0 99.66967701911926
1016.0 99.64994192123413
1017.0 99.73192811012268
1018.0 99.74167346954346
1019.0 99.67492818832397
1020.0 99.76801872253418
1021.0 99.91832971572876
1022.0 99.77372288703918
1023.0 99.76657629013062
1024.0 99.79441165924072
1025.0 99.77325201034546
1026.0 99.89137053489685
1027.0 99.92474317550659
1028.0 99.88628029823303
1029.0 99.95344877243042
1030.0 100.00653266906738
1031.0 99.9215304851532
1032.0 99.98005628585815
1033.0 99.89977478981018
1034.0 99.96222853660583
1035.0 99.98507499694824
1036.0 99.92841482162476
1037.0 99.87706542015076
1038.0 99.88428354263306
1039.0 99.73241686820984
1040.0 99.73786473274231
1041.0 99.8397707939148
1042.0 99.78412389755249
1043.0 99.77968335151672
1044.0 99.81167316436768
1045.0 99.62076544761658
1046.0 99.77627992630005
1047.0 99.72254037857056
1048.0 99.74603652954102
1049.0 99.7056245803833
1050.0 99.72679018974304
1051.0 99.71385598182678
1052.0 99.59747195243835
1053.0 99.48098659515381
1054.0 99.77138042449951
1055.0 99.84841346740723
1056.0 99.73981380462646
1057.0 99.77830648422241
1058.0 99.59100484848022
1059.0 99.64873194694519
1060.0 99.75466132164001
1061.0 99.55071806907654
1062.0 99.57968592643738
1063.0 99.66171383857727
1064.0 99.70670938491821
1065.0 99.67000484466553
1066.0 99.71457123756409
1067.0 99.78909492492676
1068.0 99.72286820411682
1069.0 99.44528937339783
1070.0 99.87292885780334
1071.0 99.64662194252014
1072.0 99.68284368515015
1073.0 99.78153705596924
1074.0 99.38474893569946
1075.0 99.48434233665466
1076.0 99.29144382476807
1077.0 99.59604144096375
1078.0 99.73779320716858
1079.0 99.56417083740234
1080.0 100.11953115463257
1081.0 99.42083954811096
1082.0 99.52517747879028
1083.0 99.44586157798767
1084.0 99.78647232055664
1085.0 99.79124665260315
1086.0 99.43131804466248
1087.0 99.47314858436584
1088.0 99.31950569152832
1089.0 99.17765259742737
1090.0 99.27007555961609
1091.0 99.30790662765503
1092.0 99.16733503341675
1093.0 99.08230304718018
1094.0 99.15304183959961
1095.0 98.9688515663147
1096.0 99.23975467681885
1097.0 98.75773191452026
1098.0 98.0929434299469
1099.0 99.07264709472656
1100.0 98.50172996520996
