comCamSim/transmission_filter/r_03/19700101T000000.ecsv
# %ECSV 1.0
# ---
# datatype:
# - {name: wavelength, unit: nm, datatype: float64}
# - {name: efficiency, unit: '%', datatype: float64}
# meta: !!omap
# - {MODE: DETECTOR}
# - {TYPE: transmission_filter}
# - {CALIBDATE: '1970-01-01T00:00:00'}
# - {INSTRUME: comCamSim}
# - {OBSTYPE: transmission_filter}
# - {CALIBCLS: lsst.ip.isr.IntermediateFilterTransmissionCurve}
# - {SOURCE: 'https://github.com/lsst/throughputs'}
# - {FILTER: r_03}
# - {VERSION: 1.9}
# - {CALIB_ID: 'calibDate=1970-01-01T00:00:00 filter=r_03'}
# - {DATE: '2024-02-23T21:01:37.291744'}
# - {CALIB_CREATION_DATE: '2024-02-23'}
# - {CALIB_CREATION_TIME: '21:01:37'}
# - __serialized_columns__:
#     efficiency:
#       __class__: astropy.units.quantity.Quantity
#       unit: !astropy.units.Unit {unit: '%'}
#       value: !astropy.table.SerializedColumn {name: efficiency}
#     wavelength:
#       __class__: astropy.units.quantity.Quantity
#       unit: !astropy.units.Unit {unit: nm}
#       value: !astropy.table.SerializedColumn {name: wavelength}
# schema: astropy-2.0
wavelength efficiency
301.0000000000002 0.024812959352865042
301.60000000000036 0.03384063414717677
302.40000000000055 0.043451887446123945
303.1000000000007 0.04973998537143967
312.50000000000284 0.022665066245508673
317.1000000000039 0.01677264324466408
325.9000000000059 0.010410708404893368
349.2000000000112 0.0033666469966069416
356.3000000000128 0.004037090133680697
406.60000000002424 0.0011552956575546945
416.0000000000264 0.0012691646340697966
419.40000000002715 0.0017788271485828216
428.5000000000292 0.020356550666809057
429.7000000000295 0.01446501726734166
431.5000000000299 0.007833038986778647
435.30000000003076 0.0026891858930821306
439.8000000000318 0.001140073589505711
454.8000000000352 0.0013834289889677611
470.80000000003884 0.004398110142151282
471.9000000000391 0.0029075929160602815
484.2000000000419 0.0006637197275373588
512.8000000000484 0.004080384067419626
516.1000000000491 0.0026490945242895105
516.8000000000493 0.0026543530568855053
517.5000000000495 0.0026596115894815
521.1000000000503 0.08208697880351558
522.5000000000506 0.08814466997146664
526.0000000000514 0.10795806957521628
527.6000000000518 0.14154546386316405
530.1000000000523 0.22059840774206757
530.6000000000524 0.2417363249535987
532.3000000000528 0.15656984270819288
533.000000000053 0.16210514020023065
533.100000000053 0.20549791857695346
535.0000000000534 1.040833613462702
536.0000000000537 1.1831698341511976
536.3000000000537 1.477627890607364
537.0000000000539 2.1646966889986956
538.0000000000541 3.027610026698267
538.8000000000543 4.435947854287211
539.0000000000543 4.788032311210928
540.0000000000546 7.035758462223976
541.0000000000548 9.619556245316659
541.5000000000549 11.122488352874907
542.100000000055 13.003698735755442
543.0000000000553 16.408203213301668
543.4000000000553 18.14114669963585
544.0000000000555 20.740561929157188
544.8000000000557 24.49586588380059
545.0000000000557 25.43469187249756
545.6000000000558 28.64022217490558
546.0000000000559 30.777242376565773
546.200000000056 32.04186015914389
546.7000000000561 35.20340461558917
546.9000000000561 36.468022398167285
547.0000000000562 37.10033128951458
548.0000000000564 44.46030003194089
548.3000000000565 46.60008788228097
549.0000000000566 51.59292619966074
549.2000000000567 52.73537205951988
549.6000000000568 55.02026377923816
549.9000000000568 56.73393256902687
550.0000000000568 57.30515549900207
551.0000000000571 63.82000293127214
551.1000000000571 64.2989050069788
551.2000000000571 64.77780708268546
552.3000000000574 70.05403286166447
553.0000000000575 73.42572093269779
554.0000000000578 77.26187976823705
555.000000000058 81.14251867267899
555.100000000058 81.45150688499253
556.0000000000582 84.23240079576455
556.4000000000583 85.12714209386499
556.9000000000584 86.24556871649054
559.0000000000589 91.27310148765235
559.9000000000591 92.06128830946552
561.0000000000593 93.25790100882116
562.0000000000596 93.69380568454001
563.90000000006 94.49415039186839
564.8000000000602 94.28568713533909
565.1000000000603 94.26809279700039
565.2000000000603 94.31356131192817
566.0000000000605 94.67730943130061
566.6000000000606 94.45668828930324
566.9000000000607 94.34637771830455
567.4000000000608 94.45312988383127
567.8000000000609 94.59665223964676
568.0000000000609 94.66841341758203
569.0000000000612 95.47893911838136
569.1000000000612 95.41765546782655
569.2000000000612 95.35637181727171
569.4000000000613 95.23380451616207
570.0000000000614 94.86610261292195
570.6000000000615 95.36665165551814
570.8000000000616 95.53350133638354
571.0000000000616 95.70035101720143
571.6000000000618 95.73830734270634
571.9000000000618 95.7572855054588
573.0000000000621 95.35736026331476
573.1000000000621 95.40381722421922
573.3000000000621 95.49673114602814
573.5000000000622 95.58964506783708
573.7000000000622 95.68255898964601
573.8000000000623 95.72901595055046
573.9000000000623 95.77547291145493
575.1000000000626 95.75234327559036
575.2000000000626 95.7825897224771
575.4000000000626 95.84308261625057
576.0000000000628 96.02456129754549
576.3000000000628 95.99342524927972
577.5000000000631 95.82538943323684
577.9000000000632 95.74908140383631
579.1000000000635 95.66862190131936
579.2000000000635 95.62700832570067
579.6000000000636 95.46055402322595
580.1000000000637 95.30368764675772
581.0000000000639 95.38997898054514
581.400000000064 95.56789925634945
581.8000000000641 95.74581953215379
581.9000000000641 95.79029960110486
582.0000000000641 95.83477967000437
583.0000000000643 95.47498533448443
584.0000000000646 95.04501133467252
584.1000000000646 95.07723467351265
584.2000000000646 95.10945801235276
584.5000000000647 95.20612802887311
585.0000000000648 95.36724472304789
586.000000000065 95.2911343828402
587.0000000000653 95.17647464956008
587.7000000000654 95.2678070578063
587.9000000000655 95.29390203159093
588.0000000000655 95.30694951852855
589.0000000000657 96.12933657102704
589.1000000000657 96.04690017657103
589.2000000000658 95.96446378211502
589.4000000000658 95.79959099320301
589.8000000000659 95.46984541537897
590.0000000000659 95.30497262650138
591.0000000000662 95.00250815765665
591.6000000000663 95.02623086109722
591.8000000000663 95.03413842891075
593.2000000000667 94.91117574941528
593.4000000000667 94.9335146284885
593.7000000000668 94.96702294709831
594.3000000000669 95.02721930707725
594.700000000067 95.06280336223811
594.900000000067 95.08059538981854
596.1000000000673 95.83853576475003
596.2000000000673 95.85514165715844
596.6000000000674 95.92156522679205
597.1000000000676 95.94083992329446
597.5000000000676 95.75224443094189
597.8000000000677 95.61079781167746
597.9000000000677 95.5636489385893
600.0000000000682 95.52045384940074
600.2000000000683 95.40579411610463
600.6000000000683 95.17647464951237
600.9000000000684 95.00448504956819
602.1000000000687 95.07743236267618
602.6000000000688 94.99736823856422
603.2000000000689 94.95822577790688
603.700000000069 95.02049787443839
603.9000000000691 95.04540671305101
605.0000000000693 95.60644864938999
605.1000000000694 95.57481837813589
605.2000000000694 95.5431881068818
605.4000000000694 95.47992756437358
605.8000000000695 95.35340647935716
607.0000000000698 95.22688539438133
607.3000000000699 95.30665298470028
607.70000000007 95.4130097717922
607.90000000007 95.46618816533817
608.00000000007 95.49277736204725
609.0000000000703 94.8463336933616
609.2000000000703 94.91651335770662
609.4000000000703 94.98669302205165
610.1000000000705 95.14089059435098
610.3000000000706 95.02820775300823
610.8000000000707 94.74650064965138
611.4000000000708 94.6365854570837
611.8000000000709 94.63935310581843
611.9000000000709 94.64004501800213
612.0000000000709 94.64073693025578
612.9000000000711 95.53478631617254
613.1000000000712 95.62463605537627
613.3000000000712 95.60565789262381
613.8000000000713 95.55821248574266
614.5000000000715 95.32029353912873
615.0000000000716 95.10135275532542
616.3000000000719 95.16006644634476
616.800000000072 95.20355806931914
618.0000000000723 95.04006910482437
618.1000000000723 95.1176621139946
618.2000000000724 95.19525512316481
618.3000000000724 95.27284813233503
618.6000000000724 95.5056271598457
618.8000000000725 95.66081317818616
618.9000000000725 95.73840618735638
619.0000000000725 95.81599919641138
620.0000000000728 95.00349660360368
620.2000000000728 94.92916546615653
620.900000000073 94.66900648509154
621.100000000073 94.71111428378354
621.5000000000731 95.02820775310593
622.0000000000732 95.42457458969929
624.0000000000737 95.3662562770963
624.7000000000738 95.55791595197664
624.9000000000739 95.6126758590853
625.0000000000739 95.64005581256916
626.0000000000741 94.96000498060015
627.0000000000744 94.20186691666996
627.1000000000744 94.38374097638106
627.2000000000744 94.56561503609214
627.5000000000745 95.11123721522542
627.6000000000745 95.29311127493652
628.0000000000746 96.02060751353106
628.6000000000747 95.1019458227947
628.7000000000747 94.94883554100531
628.8000000000748 94.79572525921591
629.0000000000748 94.48950469581156
629.700000000075 95.0499535645952
629.800000000075 95.13001768870714
630.000000000075 95.29014593685005
630.7000000000752 95.0950267010513
630.9000000000752 95.03927834796593
632.1000000000755 95.29647199111835
632.3000000000756 95.2873782881328
632.7000000000756 95.2691908821617
633.2000000000758 95.11262103940322
633.3000000000758 95.04115639528847
634.0000000000759 94.54090388657778
634.9000000000761 94.9937109884998
635.0000000000762 95.04402288868174
636.0000000000764 95.13199458055745
636.7000000000766 94.73760463585783
636.8000000000766 94.68126321518648
636.9000000000766 94.6249217945151
637.0000000000766 94.5685803739022
638.1000000000769 94.75658279864447
638.400000000077 94.72159181106962
639.2000000000771 94.66090122811337
640.0000000000773 94.69806679681051
640.6000000000774 94.52073958859218
641.0000000000775 94.40252144984467
641.7000000000777 94.77961358995218
641.9000000000777 94.88735420141145
642.0000000000778 94.94122450709507
643.200000000078 94.88369695125421
644.1000000000782 94.88389464046432
644.5000000000783 94.95110896687929
645.2000000000785 95.1055042284528
645.5000000000786 95.21107025876336
646.0000000000787 95.38701364263696
646.6000000000788 95.77072837078828
646.9000000000789 95.96258573486395
647.0000000000789 96.02653818945977
647.600000000079 95.67959365164133
648.0000000000791 95.44829729307787
649.0000000000794 94.64469071412603
649.1000000000794 94.68749042491675
649.4000000000794 94.81588955728887
650.0000000000796 95.07268782203965
651.0000000000798 95.5827259459801
651.2000000000799 95.60466944666265
652.00000000008 95.69244344930364
652.2000000000801 95.49159122684007
652.5000000000801 95.19031289314474
652.6000000000802 95.08988678191295
653.0000000000803 94.68818233709882
654.1000000000805 95.13308187120836
654.6000000000806 95.34114974930176
654.9000000000807 95.46599047615778
655.1000000000807 95.4188416029644
656.000000000081 94.61997956469601
656.100000000081 94.64617338307832
656.300000000081 94.69856101984293
656.7000000000811 94.80333629337214
657.2000000000812 94.94873669654919
657.7000000000813 95.11578406660993
657.9000000000814 95.18260301463422
658.0000000000814 95.21601248858933
660.1000000000819 94.44166391045444
661.0000000000821 94.1623290775144
661.1000000000821 94.21995547795547
661.3000000000822 94.33520827883761
661.6000000000822 94.50808748016082
661.7000000000822 94.5657138806019
661.9000000000823 94.68096668148402
662.0000000000823 94.73859308186806
663.0000000000825 94.62195645661522
665.100000000083 94.27283733767406
665.3000000000831 94.3040722305375
665.8000000000832 94.38215946269607
666.3000000000833 94.46647390450951
666.7000000000834 94.53724663644056
666.9000000000834 94.57263300240609
667.0000000000834 94.59032618532956
667.9000000000837 94.10994144065786
668.1000000000837 94.08374762234295
668.4000000000838 94.16529441541994
668.9000000000839 94.30120573721493
669.500000000084 94.38621209119722
670.0000000000841 94.44403618084411
671.0000000000844 94.68422855312092
671.1000000000844 94.6382658152048
671.5000000000845 94.45441486354032
671.8000000000845 94.31652664979197
672.0000000000846 94.2246011739879
673.0000000000848 94.09808008895297
673.800000000085 93.82210597226091
673.900000000085 93.78760920767442
675.0000000000853 94.00121238320814
675.1000000000853 93.93271307702348
675.2000000000853 93.86421377083882
676.0000000000855 93.31621932131974
676.2000000000855 93.08156224645336
676.5000000000856 92.72957663415379
676.8000000000857 92.37759102185422
676.9000000000857 92.26026248442103
678.300000000086 90.19164274438492
679.1000000000862 89.09664229141528
680.0000000000864 87.941050100008
681.0000000000866 85.98392706613424
681.9000000000868 83.95118791506978
682.0000000000869 83.72532800931859
682.700000000087 81.52089579210295
684.0000000000873 77.51096815384724
684.8000000000875 74.83821023287551
685.0000000000875 74.17002075257625
685.6000000000877 71.77936531335207
686.3000000000878 68.85415828989372
687.6000000000881 63.16525631565975
688.3000000000883 60.087729767214086
688.5000000000883 59.18369707693275
689.0000000000884 56.92361535118674
689.5000000000886 54.42235280717087
689.7000000000886 53.4218477895645
689.9000000000887 52.42134277195816
691.1000000000889 46.93655489190881
691.300000000089 45.958388753375665
692.0000000000891 42.53480726855055
692.2000000000892 41.64836891665431
692.4000000000892 40.76193056475807
692.8000000000893 38.98905386096558
692.9000000000893 38.54583468501746
694.3000000000897 31.570964495055026
695.0000000000898 28.139080064008265
695.4000000000899 26.282383141392412
696.1000000000901 23.082981204084728
696.4000000000901 21.839911543798472
696.7000000000902 20.59684188351222
696.9000000000902 19.768128776654713
697.0000000000903 19.353772223154227
698.0000000000905 14.415496123747173
698.1000000000905 14.076162619949248
698.2000000000905 13.736829116151322
698.6000000000906 12.379495100959618
699.9000000000909 8.110495772244397
701.0000000000912 4.9837446143345305
701.1000000000912 4.831326244728821
702.6000000000915 2.4780340634133347
703.1000000000917 1.7400602972893124
704.0000000000919 0.9874575306816673
704.700000000092 0.7425206176577056
704.9000000000921 0.6725386425080023
705.5000000000922 0.5312897124515498
707.2000000000926 0.29238231987841856
707.4000000000926 0.23485476403501837
707.9000000000927 0.09103587442651788
708.7000000000929 0.09894344227158731
712.2000000000937 0.036374811944433774
712.6000000000938 0.045863893320664734
714.5000000000942 0.02520537240085672
714.9000000000943 0.005041074476365937
717.800000000095 0.046358907061910926
719.1000000000953 0.03316878741330284
719.7000000000954 0.01105626246875464
