lsstCam/transmission_filter_detector/r20_s20/i_39/19700101T000000.ecsv
# %ECSV 1.0
# ---
# datatype:
# - {name: wavelength, unit: nm, datatype: float32}
# - {name: efficiency, unit: '%', datatype: float64}
# meta: !!omap
# - {MODE: DETECTOR}
# - {TYPE: transmission_filter_detector}
# - {CALIBDATE: '1970-01-01T00:00:00'}
# - {INSTRUME: LSSTCam}
# - {OBSTYPE: transmission_filter_detector}
# - {CALIBCLS: lsst.ip.isr.IntermediateFilterDetectorTransmissionCurve}
# - {SOURCE: Materion (DM-46256)}
# - {DETECTOR: 78}
# - {FILTER: i_39}
# - {CALIB_ID: 'calibDate=1970-01-01T00:00:00 filter=i_39 detector=78'}
# - {DATE: '2025-04-02T15:59:46.840889'}
# - {CALIB_CREATION_DATE: '2025-04-02'}
# - {CALIB_CREATION_TIME: '15:59:46'}
# - __serialized_columns__:
#     efficiency:
#       __class__: astropy.units.quantity.Quantity
#       unit: !astropy.units.Unit {unit: '%'}
#       value: !astropy.table.SerializedColumn {name: efficiency}
#     wavelength:
#       __class__: astropy.units.quantity.Quantity
#       unit: !astropy.units.Unit {unit: nm}
#       value: !astropy.table.SerializedColumn {name: wavelength}
# schema: astropy-2.0
wavelength efficiency
[from data line 597]
897.0 1.6961226260298057e-10
898.0 1.6961226260298057e-10
899.0 1.6961226260298057e-10
900.0 1.6961226260298057e-10
901.0 1.6961226260298057e-10
902.0 1.6961226260298057e-10
903.0 1.6961226260298057e-10
904.0 1.6961226260298057e-10
905.0 2.75517578529616e-05
906.0 8.559553634768235e-05
907.0 5.6720296015555505e-05
908.0 2.7845044314744882e-05
909.0 4.344543640399934e-05
910.0 5.904580575588625e-05
911.0 0.00012155963986515417
912.0 0.00018407346260573831
913.0 0.00011252325293753529
914.0 4.0973034742819436e-05
915.0 9.252501058654161e-05
916.0 0.00014407702337848605
917.0 4.027937734463194e-05
918.0 1.6961226260298057e-10
919.0 1.6961226260298057e-10
920.0 5.461952241603285e-05
921.0 3.888365540660743e-05
922.0 2.3147769923070882e-05
923.0 2.0040546644395363e-05
924.0 1.6933333313318144e-05
925.0 0.00011849840575450798
926.0 0.00022006349809089443
927.0 2.2744676186903234e-05
928.0 1.6961226260298057e-10
929.0 1.6961226260298057e-10
930.0 7.476156582697513e-06
931.0 0.00012984962722839555
932.0 0.0002522230488466448
933.0 7.450287853316695e-05
934.0 1.6961226260298057e-10
935.0 1.6961226260298057e-10
936.0 1.6961226260298057e-10
937.0 1.6961226260298057e-10
938.0 3.555376224539941e-05
939.0 1.6961226260298057e-10
940.0 1.6961226260298057e-10
941.0 1.6961226260298057e-10
942.0 1.6961226260298057e-10
943.0 1.6961226260298057e-10
944.0 6.571457902282418e-05
945.0 1.6961226260298057e-10
946.0 1.6961226260298057e-10
947.0 1.6961226260298057e-10
948.0 1.6961226260298057e-10
949.0 1.6961226260298057e-10
950.0 1.6961226260298057e-10
951.0 1.6961226260298057e-10
952.0 1.6961226260298057e-10
953.0 1.6961226260298057e-10
954.0 6.537200647471764e-05
955.0 4.707229095401999e-05
956.0 2.877261806588649e-05
957.0 0.00010681397952794214
958.0 0.00018485532109480118
959.0 0.00010133651358046336
960.0 1.7817713171552896e-05
961.0 3.977052642767376e-05
962.0 6.172330699882878e-05
963.0 0.00012953967143403133
964.0 0.0001973560756596271
965.0 0.00016343173001587274
966.0 0.00012950737300343462
967.0 1.6961226260298057e-10
968.0 1.6961226260298057e-10
969.0 1.6961226260298057e-10
970.0 0.00013400709804045619
971.0 6.884175007826343e-06
972.0 1.6961226260298057e-10
973.0 2.8724591061290994e-05
974.0 0.00017768792304195813
975.0 2.5946135906451673e-05
976.0 1.6961226260298057e-10
977.0 1.6961226260298057e-10
978.0 3.950380857986602e-05
979.0 1.6961226260298057e-10
980.0 1.6961226260298057e-10
981.0 1.6961226260298057e-10
982.0 0.0001262661044165725
983.0 1.6961226260298057e-10
984.0 1.6961226260298057e-10
985.0 1.6961226260298057e-10
986.0 9.8920270374947e-05
987.0 1.6961226260298057e-10
988.0 1.6961226260298057e-10
989.0 1.6961226260298057e-10
990.0 1.1283315615173706e-05
991.0 3.275476956332568e-05
992.0 5.422623985396058e-05
993.0 1.6961226260298057e-10
994.0 1.6961226260298057e-10
995.0 1.6961226260298057e-10
996.0 3.74654405277397e-05
997.0 0.00012507775863923598
998.0 0.00021269004264468094
999.0 0.0002348153884668136
1000.0 0.00025694068881421117
1001.0 0.00023554991912533296
1002.0 0.0002141591266990872
1003.0 0.00014254072766561876
1004.0 7.0922294526099e-05
1005.0 4.0686515490051534e-05
1006.0 1.0450694531982663e-05
1007.0 3.070828427098604e-05
1008.0 5.0965900300070643e-05
1009.0 9.217735055244702e-05
1010.0 0.00013338878943613963
1011.0 0.0002068187995973858
1012.0 0.000280248809758632
1013.0 0.0002672280970728025
1014.0 0.00025420736164960545
1015.0 0.000278123502539529
1016.0 0.0003020396661668201
1017.0 0.00026390810035081813
1018.0 0.0002257766027469188
1019.0 0.00014992749584052945
1020.0 7.40783889341401e-05
1021.0 0.00018145522062695818
1022.0 0.00028883205231977627
1023.0 0.0003227132083338802
1024.0 0.00035659440982271917
1025.0 0.0003408402790228138
1026.0 0.0003250861482229084
1027.0 0.0003473973720247159
1028.0 0.0003697085958265234
1029.0 0.0008313078069477342
1030.0 0.0012929069271194749
1031.0 0.0016415055142715573
1032.0 0.001990103737625759
1033.0 0.0022576277842745185
1034.0 0.0025251516490243375
1035.0 0.003101142283412628
1036.0 0.0036771329178009182
1037.0 0.0035390967241255566
1038.0 0.003401060530450195
1039.0 0.0028209125957801007
1040.0 0.0022407648430089466
1041.0 0.0020248842702130787
1042.0 0.0018090036974172108
1043.0 0.002138545642083045
1044.0 0.0024680877686478198
1045.0 0.00287366819975432
1046.0 0.0032792486308608204
1047.0 0.0035350800317246467
1048.0 0.003790911432588473
1049.0 0.0031618586945114657
1050.0 0.0025328065021312796
1051.0 0.0024777611542958766
1052.0 0.0024227163521572948
1053.0 0.0021078301870147698
1054.0 0.0017929438399733044
1055.0 0.0013588659385277424
1056.0 0.0009247877642337698
1057.0 0.0007313678452192107
1058.0 0.0005379481990530621
1059.0 0.0008300748049805406
1060.0 0.0011222015018574893
1061.0 0.001422114291926846
1062.0 0.0017220270819962025
1063.0 0.002271967605338432
1064.0 0.002821907946781721
1065.0 0.0034539370972197503
1066.0 0.00408596642955672
1067.0 0.004529149737209082
1068.0 0.0049723341362550855
1069.0 0.004380519021651708
1070.0 0.0037887031794525683
1071.0 0.0034578071790747344
1072.0 0.003126910451101139
1073.0 0.002488278187229298
1074.0 0.0018496461052563973
1075.0 0.0018923419702332467
1076.0 0.0019350374714122154
1077.0 0.001967180833162274
1078.0 0.0019993238311144523
1079.0 0.001829182292567566
1080.0 0.0016590405721217394
1081.0 0.0012782646081177518
1082.0 0.0008974889169621747
1083.0 0.0007186216407717438
1084.0 0.000539754364581313
1085.0 0.000588180137128802
1086.0 0.0006366060006257612
1087.0 0.0002475196879458963
1088.0 1.6961226260298057e-10
1089.0 1.6961226260298057e-10
1090.0 1.6961226260298057e-10
1091.0 1.6961226260298057e-10
1092.0 1.6961226260298057e-10
1093.0 0.00011554103593880427
1094.0 0.00041287607928097714
1095.0 3.6299269368100795e-05
1096.0 1.6961226260298057e-10
1097.0 1.6961226260298057e-10
1098.0 1.6961226260298057e-10
1099.0 0.00039170263335108757
1100.0 0.0013370310625759885
