lsstCam/transmission_filter_detector/r20_s20/i_39/19700101T000000.ecsv
# %ECSV 1.0
# ---
# datatype:
# - {name: wavelength, unit: nm, datatype: float32}
# - {name: efficiency, unit: '%', datatype: float64}
# meta: !!omap
# - {MODE: DETECTOR}
# - {TYPE: transmission_filter_detector}
# - {CALIBDATE: '1970-01-01T00:00:00'}
# - {INSTRUME: LSSTCam}
# - {OBSTYPE: transmission_filter_detector}
# - {CALIBCLS: lsst.ip.isr.IntermediateFilterDetectorTransmissionCurve}
# - {SOURCE: Materion (DM-46256)}
# - {DETECTOR: 78}
# - {FILTER: i_39}
# - {CALIB_ID: 'calibDate=1970-01-01T00:00:00 filter=i_39 detector=78'}
# - {DATE: '2025-04-02T15:59:46.840889'}
# - {CALIB_CREATION_DATE: '2025-04-02'}
# - {CALIB_CREATION_TIME: '15:59:46'}
# - __serialized_columns__:
#     efficiency:
#       __class__: astropy.units.quantity.Quantity
#       unit: !astropy.units.Unit {unit: '%'}
#       value: !astropy.table.SerializedColumn {name: efficiency}
#     wavelength:
#       __class__: astropy.units.quantity.Quantity
#       unit: !astropy.units.Unit {unit: nm}
#       value: !astropy.table.SerializedColumn {name: wavelength}
# schema: astropy-2.0
wavelength efficiency
300.0 1.6961226260298057e-10
301.0 1.6961226260298057e-10
302.0 1.6961226260298057e-10
303.0 0.00505457392137032
304.0 0.022204277047421783
305.0 0.008429976151091978
306.0 1.6961226260298057e-10
307.0 1.6961226260298057e-10
308.0 1.6961226260298057e-10
309.0 1.6961226260298057e-10
310.0 0.0008111362149065826
311.0 0.0025775878384592943
312.0 0.00434404173574876
313.0 1.6961226260298057e-10
314.0 1.6961226260298057e-10
315.0 1.6961226260298057e-10
316.0 1.6961226260298057e-10
317.0 1.6961226260298057e-10
318.0 1.6961226260298057e-10
319.0 1.6961226260298057e-10
320.0 4.1088705415859295e-05
321.0 0.0014329556506709196
322.0 0.0028248210583114997
323.0 0.0012210958630021196
324.0 1.6961226260298057e-10
325.0 1.6961226260298057e-10
326.0 4.3405395899753785e-05
327.0 0.00040322365748579614
328.0 0.0007630405889358371
329.0 0.0014435864613915328
330.0 0.0021241328795440495
331.0 0.003095695865340531
332.0 0.004067259214934893
333.0 0.003048391045012977
334.0 0.002029521783697419
335.0 0.0013002757441427093
336.0 0.0005710295681637945
337.0 0.001339721984550124
338.0 0.0021084139007143676
339.0 0.0013751621736446396
340.0 0.0006419106284738518
341.0 0.0010370540621806867
342.0 0.0014321975868369918
343.0 0.0013777286767435726
344.0 0.0013232600394985639
345.0 0.00014339019571707468
346.0 1.6961226260298057e-10
347.0 1.6961226260298057e-10
348.0 1.6961226260298057e-10
349.0 1.6961226260298057e-10
350.0 0.0015537587387370877
351.0 0.0006347897851810558
352.0 1.6961226260298057e-10
353.0 1.6961226260298057e-10
354.0 1.6961226260298057e-10
355.0 1.6961226260298057e-10
356.0 0.00013328664181244676
357.0 0.0007192810244305292
358.0 0.0013052754184172954
359.0 0.0007179089607234346
360.0 0.00013054237797405221
361.0 0.0002907683892772184
362.0 0.0004509944574238034
363.0 0.00028552726689667907
364.0 0.00012006023553112755
365.0 5.306607135935337e-05
366.0 1.6961226260298057e-10
367.0 0.00021988053049426526
368.0 0.00045368897190201096
369.0 0.0006253015271795448
370.0 0.0007969141734065488
371.0 0.0007716987965977751
372.0 0.0007464834197890013
373.0 0.0007598180218337802
374.0 0.0007731523510301486
375.0 0.0005693006642104592
376.0 0.00036544881822919706
377.0 1.6961226260298057e-10
378.0 1.6961226260298057e-10
379.0 1.6961226260298057e-10
380.0 1.6961226260298057e-10
381.0 1.6961226260298057e-10
382.0 1.6961226260298057e-10
383.0 0.00039487740650656633
384.0 0.0012284855074540246
385.0 0.0006621957254537847
386.0 9.590611398380133e-05
387.0 0.00016811546856843052
388.0 0.00024032465262280311
389.0 0.00035935343021265
390.0 0.0004783820259035565
391.0 0.00044251369217818137
392.0 0.0004066454494022764
393.0 0.00031414215300173964
394.0 0.00022163881112646777
395.0 0.000564989886697731
396.0 0.0009083409167942591
397.0 0.0010439655852678698
398.0 0.0011795902537414804
399.0 0.00158884849952301
400.0 0.0019981065634055994
401.0 0.0031416355341207236
402.0 0.004285163959139027
403.0 0.0047569777962053195
404.0 0.005228791633271612
405.0 0.003652089071692899
406.0 0.002075386328215245
407.0 0.0004867331426794408
408.0 1.6961226260298057e-10
409.0 0.0004434941729414277
410.0 0.00198890884348657
411.0 0.004784372868016362
412.0 0.007579837256344035
413.0 0.00644069368718192
414.0 0.005301550845615566
415.0 0.0047472181904595345
416.0 0.004192885535303503
417.0 0.004247229662723839
418.0 0.004301573426346295
419.0 0.004139724114793353
420.0 0.003977875167038292
421.0 0.004941123916069046
422.0 0.0059043726650998
423.0 0.005166370465303771
424.0 0.0044283686293056235
425.0 0.004455790258361958
426.0 0.004483211159822531
427.0 0.0048853176849661395
428.0 0.005287424210109748
429.0 0.004629241084330715
430.0 0.003971059049945325
431.0 0.003941726026823744
432.0 0.003912393003702164
433.0 0.004081169026903808
434.0 0.004249945413903333
435.0 0.0030595405405620113
436.0 0.0018691353034228086
437.0 0.0015684259778936394
438.0 0.0012677169252128806
439.0 0.001853249705163762
440.0 0.0024387825760641135
441.0 0.0020701667381217703
442.0 0.0017015512639773078
443.0 0.0015714889741502702
444.0 0.0014414265933737624
445.0 0.00138196974148741
446.0 0.001322513162449468
447.0 0.000621021263214061
448.0 1.6961226260298057e-10
449.0 1.6961226260298057e-10
450.0 1.6961226260298057e-10
451.0 2.5510274781481712e-05
452.0 0.00019157064343744423
453.0 0.0007445947630912997
454.0 0.0012976190191693604
455.0 0.0010954616300296038
456.0 0.0008933043318393175
457.0 0.0003225039336030022
458.0 1.6961226260298057e-10
459.0 4.4509835106509854e-05
460.0 0.0003373160097908112
461.0 0.0004953096322424244
462.0 0.0006533031410071999
463.0 0.0005706112006009789
464.0 0.0004879191692452878
465.0 0.00036972069210605696
466.0 0.0002515222377041937
467.0 0.0002674898723853403
468.0 0.0002834574843291193
469.0 0.0003109639010290266
470.0 0.0003384702722541988
471.0 0.00036538515360007295
472.0 0.0003923001713701524
473.0 0.0006538147772516822
474.0 0.0009153293831332121
475.0 0.0009570147085469216
476.0 0.0009987000339606311
477.0 0.0006744243364664726
478.0 0.00035014861623494653
479.0 0.0011299856851110235
480.0 0.0019098230040981434
481.0 0.002321403917449061
482.0 0.002732984648901038
483.0 0.004254746454535052
484.0 0.0057765082601690665
485.0 0.005736881939810701
486.0 0.0056972548918565735
487.0 0.008695676660863683
488.0 0.01169409733847715
489.0 0.015154763241298497
490.0 0.018615428416524082
491.0 0.022498292673844844
492.0 0.026381155475974083
493.0 0.029035465558990836
494.0 0.031689772731624544
495.0 0.02889586321543902
496.0 0.026101956609636545
497.0 0.020017217320855707
498.0 0.013932480942457914
499.0 0.009686616249382496
500.0 0.005440753739094362
501.0 0.003885857222485356
502.0 0.00233096052397741
503.0 0.002190484337916132
504.0 0.0020500077880569734
505.0 0.0018180648112320341
506.0 0.0015861216525081545
507.0 0.0019967095795436762
508.0 0.002407297506579198
509.0 0.002805192707455717
510.0 0.003203087908332236
511.0 0.0027616730221780017
512.0 0.0023202581360237673
513.0 0.002164411671401467
514.0 0.0020085655705770478
515.0 0.0020452042008400895
516.0 0.002081842831103131
517.0 0.002245040195703041
518.0 0.00240823737840401
519.0 0.002157740163966082
520.0 0.001907242949528154
521.0 0.0018256194380228408
522.0 0.0017439957446185872
523.0 0.001730903568386566
524.0 0.001717811574053485
525.0 0.0022978047127253376
526.0 0.0028777978513971902
527.0 0.002906248664658051
528.0 0.0029346994779189117
529.0 0.003477301652310416
530.0 0.004019904008600861
531.0 0.0036139605072094128
532.0 0.003208017733413726
533.0 0.0025446610379731283
534.0 0.00188130416063359
535.0 0.001934946521942038
536.0 0.0019885887013515458
537.0 0.0024687151380931027
538.0 0.0029488413929357193
539.0 0.0034882792533608153
540.0 0.004027717295684852
541.0 0.0043870488298125565
542.0 0.004746380363940261
543.0 0.0052176532335579395
544.0 0.005688926103175618
545.0 0.004790351522387937
546.0 0.0038917773053981364
547.0 0.003027217826456763
548.0 0.0021626585294143297
549.0 0.0018379034372628666
550.0 0.0015131487089092843
551.0 0.0015181951312115416
552.0 0.0015232418263622094
553.0 0.0017510308680357412
554.0 0.0019788198187598027
555.0 0.0015062219063111115
556.0 0.0010336239029129501
557.0 0.0009914884685713332
558.0 0.0009493532161286566
559.0 0.0005371207407733891
560.0 0.00012488828815548914
561.0 0.0007303246093215421
562.0 0.001335761135123903
563.0 0.0014846600606688298
564.0 0.001633559077163227
565.0 0.0013581823623098899
566.0 0.001082805738406023
567.0 0.0013129712897352874
568.0 0.0015431367501150817
569.0 0.0011586572327360045
570.0 0.0007741778063063975
571.0 0.0005536739081435371
572.0 0.0003331697598696337
573.0 0.0004991005425836192
574.0 0.0006650313480349723
575.0 0.0005642415544571122
576.0 0.0004634518518287223
577.0 0.000412608233091305
578.0 0.0003617645916165202
579.0 0.0002771191702777287
580.0 0.00019247377167630475
581.0 0.0004081616680196021
582.0 0.0006238495188881643
583.0 0.0005083675205241889
584.0 0.00039288543121074326
585.0 0.0006390782345988555
586.0 0.0008852712198859081
587.0 0.0006685294920316665
588.0 0.00045178771870268974
589.0 0.0005803941348858643
590.0 0.0007090006420185091
591.0 0.0008239378985308576
592.0 0.0009388753824168816
593.0 0.0006911116997798672
594.0 0.00044334801714285277
595.0 0.00041428943404753227
596.0 0.0003852307600027416
597.0 0.00047531166273984127
598.0 0.0005653925200022059
599.0 0.00045273091018316336
600.0 0.0003400693685762235
601.0 0.00033557596452737926
602.0 0.00033108253774116747
603.0 0.0002039968876488274
604.0 7.69111636600428e-05
605.0 0.00011222548437217483
606.0 0.00014753982213733252
607.0 0.00026966795303451363
608.0 0.00039179608393169474
609.0 0.0002918862492151675
610.0 0.00019197636902390514
611.0 0.00038089490317361197
612.0 0.0005698134373233188
613.0 0.0004229087608109694
614.0 0.00027600415251072263
615.0 0.0003254063130953
616.0 0.0003748084509425098
617.0 0.00035951366044173483
618.0 0.00034421886994095985
619.0 0.00039568712963955477
620.0 0.00044715548028761987
621.0 0.00036882809126836946
622.0 0.00029050070224911906
623.0 0.0003849937002087245
624.0 0.0004794866526935948
625.0 0.000378723689209437
626.0 0.0002779607712000143
627.0 0.00029417724363156594
628.0 0.0003103936705883825
629.0 0.00036971771351090865
630.0 0.0004290417109586997
631.0 0.000471705197924166
632.0 0.0005143686848896323
633.0 0.00043491736505529843
634.0 0.0003554658860593918
635.0 0.000449880553787807
636.0 0.0005442952442535898
637.0 0.0005591420176642714
638.0 0.0005739887001254829
639.0 0.0006522276635223534
640.0 0.0007304665359697537
641.0 0.0005848494311067043
642.0 0.000439232417193125
643.0 0.0005920418061577948
644.0 0.0007448512860719347
645.0 0.0007486912636522902
646.0 0.0007525312412326457
647.0 0.0006524487162096193
648.0 0.0005523661457118578
649.0 0.0007013610684225569
650.0 0.0008503559911332559
651.0 0.0009003701052279212
652.0 0.0009503843102720566
653.0 0.0010399980965303257
654.0 0.0011296121556370053
655.0 0.0015390251064673066
656.0 0.0019484379663481377
657.0 0.0028391612431732938
658.0 0.0037298839743016288
659.0 0.006173425208544359
660.0 0.06221919902600348
661.0 0.07904486847110093
662.0 0.09233140153810382
663.0 0.11542070424184203
664.0 0.10897349566221237
665.0 0.1005272613838315
666.0 0.11445846175774932
667.0 0.13465065276250243
668.0 0.18231699941679835
669.0 0.24423100985586643
670.0 0.32714789267629385
671.0 0.4308650270104408
672.0 0.6112704053521156
673.0 0.9737721644341946
674.0 1.5370618551969528
675.0 2.277974784374237
676.0 3.2803021371364594
677.0 4.5113734900951385
678.0 5.863584205508232
679.0 7.239048928022385
680.0 8.973841369152069
681.0 10.915645211935043
682.0 13.418243825435638
683.0 16.175131499767303
684.0 19.211268424987793
685.0 22.130872309207916
686.0 25.165587663650513
687.0 28.38350534439087
688.0 31.53669834136963
689.0 34.6446692943573
690.0 38.12097609043121
691.0 41.898682713508606
692.0 46.4328795671463
693.0 51.30048990249634
694.0 56.94338083267212
695.0 62.512195110321045
696.0 68.79750490188599
697.0 74.39774870872498
698.0 80.74404001235962
699.0 85.58076024055481
700.0 89.46744203567505
701.0 92.82156825065613
702.0 95.14071345329285
703.0 96.50774002075195
704.0 97.30166792869568
705.0 97.80685901641846
706.0 97.93512225151062
707.0 98.12255501747131
708.0 98.18875193595886
709.0 98.26307892799377
710.0 97.99646139144897
711.0 98.15608859062195
712.0 98.03082346916199
713.0 98.10553789138794
714.0 98.22366833686829
715.0 98.30318093299866
716.0 98.13604354858398
717.0 98.37231040000916
718.0 98.3998715877533
719.0 98.35871458053589
720.0 98.62398505210876
721.0 98.62033128738403
722.0 98.28333854675293
723.0 98.09015393257141
724.0 97.72635698318481
725.0 97.47790694236755
726.0 97.17612266540527
727.0 96.84114456176758
728.0 96.53980135917664
729.0 96.34081721305847
730.0 96.33451104164124
731.0 96.3839054107666
732.0 96.39330506324768
733.0 96.63311839103699
734.0 97.08831906318665
735.0 97.27494716644287
736.0 97.7634072303772
737.0 98.09911251068115
738.0 98.36474657058716
739.0 98.78561496734619
740.0 98.92756938934326
741.0 98.78802299499512
742.0 99.01891350746155
743.0 98.89781475067139
744.0 98.73359799385071
745.0 98.69859218597412
746.0 98.64959120750427
747.0 98.87239336967468
748.0 98.77431988716125
749.0 98.70989918708801
750.0 98.69787693023682
751.0 98.63906502723694
752.0 98.5142707824707
753.0 98.74342083930969
754.0 98.65134358406067
755.0 98.74323010444641
756.0 98.78167510032654
757.0 98.76152276992798
758.0 98.84774088859558
759.0 98.91366958618164
760.0 98.76366257667542
761.0 98.69435429573059
762.0 98.73126745223999
763.0 98.66364598274231
764.0 98.47040176391602
765.0 98.50496053695679
766.0 98.54150414466858
767.0 98.41290712356567
768.0 98.48026037216187
769.0 98.58394861221313
770.0 98.26748371124268
771.0 98.39277267456055
772.0 98.38772416114807
773.0 98.35311770439148
774.0 98.2043445110321
775.0 98.33146333694458
776.0 98.23744893074036
777.0 98.2062041759491
778.0 98.18899631500244
779.0 98.18002581596375
780.0 98.04680943489075
781.0 98.31444025039673
782.0 98.13352823257446
783.0 98.13261032104492
784.0 98.16288948059082
785.0 98.23766946792603
786.0 98.4185516834259
787.0 98.16813468933105
788.0 98.25336337089539
789.0 98.30213189125061
790.0 98.33699464797974
791.0 98.31984639167786
792.0 98.21104407310486
793.0 98.18266034126282
794.0 98.15932512283325
795.0 98.07254076004028
796.0 98.13680052757263
797.0 98.22960495948792
798.0 98.27125668525696
799.0 98.090660572052
800.0 98.01322221755981
801.0 97.97555208206177
802.0 97.94914722442627
803.0 97.75206446647644
804.0 97.58817553520203
805.0 97.3095715045929
806.0 97.09787964820862
807.0 96.59103751182556
808.0 95.86498737335205
809.0 95.06399035453796
810.0 94.09758448600769
811.0 92.60771870613098
812.0 90.85606336593628
813.0 88.59903812408447
814.0 86.08564138412476
815.0 82.9175055027008
816.0 79.63829040527344
817.0 75.60768723487854
818.0 70.99847793579102
819.0 66.78754687309265
820.0 61.72219514846802
821.0 57.14927911758423
822.0 52.48340368270874
823.0 47.84698486328125
824.0 43.12519729137421
825.0 38.72451186180115
826.0 34.26757752895355
827.0 29.5828640460968
828.0 25.359082221984863
829.0 21.079997718334198
830.0 16.63648635149002
831.0 13.17426711320877
832.0 9.564674645662308
833.0 6.612253189086914
834.0 4.3617162853479385
835.0 2.7526268735527992
836.0 1.6510700806975365
837.0 0.9559306316077709
838.0 0.536610372364521
839.0 0.31669819727540016
840.0 0.17412970773875713
841.0 0.13085319660604
842.0 0.022846895444672555
843.0 0.04961322410963476
844.0 0.022306377650238574
845.0 0.01731685915729031
846.0 1.6961226260298057e-10
847.0 1.6961226260298057e-10
848.0 1.6961226260298057e-10
849.0 1.6961226260298057e-10
850.0 1.6961226260298057e-10
851.0 0.0007929180355858989
852.0 0.0015195895684882998
853.0 0.0011503601854201406
854.0 0.0007811308933014516
855.0 0.000412288636653102
856.0 4.3446470954222605e-05
857.0 1.6961226260298057e-10
858.0 1.6961226260298057e-10
859.0 1.6961226260298057e-10
860.0 1.6961226260298057e-10
861.0 1.6961226260298057e-10
862.0 9.723318044052576e-05
863.0 1.4855072549835313e-05
864.0 1.6961226260298057e-10
865.0 1.6961226260298057e-10
866.0 1.6961226260298057e-10
867.0 1.6961226260298057e-10
868.0 1.6961226260298057e-10
869.0 1.6961226260298057e-10
870.0 2.2421245660098066e-05
871.0 8.946065008785808e-05
872.0 0.00015650003888367792
873.0 9.846072543950868e-05
874.0 4.0421397784484725e-05
875.0 1.6961226260298057e-10
876.0 1.6961226260298057e-10
877.0 1.6961226260298057e-10
878.0 5.3438134273164906e-05
879.0 1.6961226260298057e-10
880.0 1.6961226260298057e-10
881.0 1.6961226260298057e-10
882.0 4.769756287714699e-05
883.0 1.6961226260298057e-10
884.0 1.6961226260298057e-10
885.0 1.6961226260298057e-10
886.0 1.6961226260298057e-10
887.0 1.6961226260298057e-10
888.0 1.6961226260298057e-10
889.0 1.6961226260298057e-10
890.0 1.6961226260298057e-10
891.0 1.1480351247428189e-05
892.0 0.00010637194236551295
893.0 1.8716966110332578e-05
894.0 1.6961226260298057e-10
895.0 1.6961226260298057e-10
