lsstCam/transmission_filter_detector/r42_s22/y_10/19700101T000000.ecsv
# %ECSV 1.0
# ---
# datatype:
# - {name: wavelength, unit: nm, datatype: float32}
# - {name: efficiency, unit: '%', datatype: float64}
# meta: !!omap
# - {MODE: DETECTOR}
# - {TYPE: transmission_filter_detector}
# - {CALIBDATE: '1970-01-01T00:00:00'}
# - {INSTRUME: LSSTCam}
# - {OBSTYPE: transmission_filter_detector}
# - {CALIBCLS: lsst.ip.isr.IntermediateFilterDetectorTransmissionCurve}
# - {SOURCE: Materion (DM-46256)}
# - {DETECTOR: 179}
# - {FILTER: y_10}
# - {CALIB_ID: 'calibDate=1970-01-01T00:00:00 filter=y_10 detector=179'}
# - {DATE: '2025-04-02T15:59:51.570854'}
# - {CALIB_CREATION_DATE: '2025-04-02'}
# - {CALIB_CREATION_TIME: '15:59:51'}
# - __serialized_columns__:
#     efficiency:
#       __class__: astropy.units.quantity.Quantity
#       unit: !astropy.units.Unit {unit: '%'}
#       value: !astropy.table.SerializedColumn {name: efficiency}
#     wavelength:
#       __class__: astropy.units.quantity.Quantity
#       unit: !astropy.units.Unit {unit: nm}
#       value: !astropy.table.SerializedColumn {name: wavelength}
# schema: astropy-2.0
wavelength efficiency
[from data line 577]
877.0 0.001225669893756276
878.0 0.0006526460310851689
879.0 0.0009206085451296531
880.0 0.0297082238830626
881.0 0.09720395901240408
882.0 0.039997417479753494
883.0 0.0945551146287471
884.0 0.025630751042626798
885.0 0.0927927321754396
886.0 0.039300668868236244
887.0 0.09367381571792066
888.0 0.036857748636975884
889.0 0.10515275644138455
890.0 0.025336648104712367
891.0 0.08050097385421395
892.0 0.03860986325889826
893.0 0.08225157507695258
894.0 0.030700373463332653
895.0 0.0884764245711267
896.0 0.04262370057404041
897.0 0.08432926842942834
898.0 0.04026500682812184
899.0 0.10700293350964785
900.0 0.05057716625742614
901.0 0.11493093334138393
902.0 0.1392322708852589
903.0 0.13981147203594446
904.0 0.12902467278763652
905.0 0.15368815511465073
906.0 0.16432144911959767
907.0 0.23487857542932034
908.0 0.2770306309685111
909.0 0.3501524915918708
910.0 0.4459838382899761
911.0 0.6086840759962797
912.0 0.8616616949439049
913.0 1.2753386050462723
914.0 1.7892733216285706
915.0 2.6743069291114807
916.0 3.846905753016472
917.0 5.268821865320206
918.0 7.0864237844944
919.0 8.967623859643936
920.0 11.724288761615753
921.0 14.684683084487915
922.0 17.539453506469727
923.0 20.772527158260345
924.0 24.257327616214752
925.0 28.09397578239441
926.0 32.920509576797485
927.0 38.431134819984436
928.0 43.68507266044617
929.0 49.63833689689636
930.0 55.412036180496216
931.0 61.565786600112915
932.0 67.88122653961182
933.0 73.84666204452515
934.0 78.84222269058228
935.0 82.89474248886108
936.0 86.51964068412781
937.0 89.33576941490173
938.0 91.52936339378357
939.0 93.04640889167786
940.0 93.97878050804138
941.0 94.63738203048706
942.0 95.11480331420898
943.0 95.46415209770203
944.0 95.92152833938599
945.0 96.15368843078613
946.0 96.45519256591797
947.0 96.63076996803284
948.0 96.89977765083313
949.0 96.87012434005737
950.0 96.94448113441467
951.0 97.01210260391235
952.0 96.96489572525024
953.0 97.08017706871033
954.0 97.07894921302795
955.0 97.03879952430725
956.0 97.2582459449768
957.0 97.39771485328674
958.0 97.58210182189941
959.0 97.71679639816284
960.0 97.87412881851196
961.0 98.06748628616333
962.0 98.18719029426575
963.0 98.30950498580933
964.0 98.41676354408264
965.0 98.4749972820282
966.0 98.62738251686096
967.0 98.70913028717041
968.0 98.69376420974731
969.0 98.71029853820801
970.0 98.75209331512451
971.0 98.78085255622864
972.0 98.83618354797363
973.0 98.89585375785828
974.0 98.90413284301758
975.0 98.88237118721008
976.0 98.95713925361633
977.0 98.912912607193
978.0 99.0119993686676
979.0 98.97134900093079
980.0 98.94022345542908
981.0 98.89400005340576
982.0 98.87264966964722
983.0 98.88760447502136
984.0 98.87580871582031
985.0 98.8345205783844
986.0 98.7421452999115
987.0 98.7916350364685
988.0 98.67131114006042
989.0 98.64150285720825
990.0 98.54586124420166
991.0 98.56684803962708
992.0 98.61015677452087
993.0 98.51232767105103
994.0 98.4575867652893
995.0 98.49533438682556
996.0 98.44487309455872
997.0 98.55493307113647
998.0 98.57277870178223
999.0 98.62234592437744
1000.0 98.6718237400055
1001.0 98.6609935760498
1002.0 98.79261255264282
1003.0 98.8202691078186
1004.0 98.8954484462738
1005.0 98.86309504508972
1006.0 99.04398918151855
1007.0 99.02930855751038
1008.0 99.03119802474976
1009.0 99.00224208831787
1010.0 99.02310967445374
1011.0 99.0724265575409
1012.0 98.97405505180359
1013.0 99.00633096694946
1014.0 98.97580742835999
1015.0 98.92377853393555
1016.0 98.8843023777008
1017.0 98.91019463539124
1018.0 98.93857836723328
1019.0 98.8635003566742
1020.0 98.88288378715515
1021.0 98.98760318756104
1022.0 98.85095357894897
1023.0 98.88220429420471
1024.0 98.83252382278442
1025.0 98.81327748298645
1026.0 98.8338828086853
1027.0 98.9479660987854
1028.0 98.88672232627869
1029.0 98.99159073829651
1030.0 99.04378056526184
1031.0 99.01885390281677
1032.0 99.01090860366821
1033.0 98.97910356521606
1034.0 99.00257587432861
1035.0 99.01399612426758
1036.0 98.98596405982971
1037.0 98.988938331604
1038.0 98.98244738578796
1039.0 98.92407059669495
1040.0 98.87286424636841
1041.0 98.91393184661865
1042.0 98.87021780014038
1043.0 98.7714946269989
1044.0 98.88519048690796
1045.0 98.56670498847961
1046.0 98.8385260105133
1047.0 98.70584011077881
1048.0 98.72223138809204
1049.0 98.59148859977722
1050.0 98.63088130950928
1051.0 98.59209060668945
1052.0 98.58472943305969
1053.0 98.43249320983887
1054.0 98.68505597114563
1055.0 98.65655303001404
1056.0 98.6728310585022
1057.0 98.74565005302429
1058.0 98.64069819450378
1059.0 98.61900806427002
1060.0 98.73570799827576
1061.0 98.71909022331238
1062.0 98.62790107727051
1063.0 98.6384928226471
1064.0 98.88785481452942
1065.0 98.69973659515381
1066.0 98.8573670387268
1067.0 98.80728125572205
1068.0 98.88811707496643
1069.0 98.62571954727173
1070.0 98.98662567138672
1071.0 98.82686734199524
1072.0 98.9834725856781
1073.0 98.98972511291504
1074.0 98.69736433029175
1075.0 98.70893359184265
1076.0 98.38204383850098
1077.0 98.75127077102661
1078.0 99.03464913368225
1079.0 98.51469993591309
1080.0 99.2389440536499
1081.0 98.62473011016846
1082.0 98.57361316680908
1083.0 98.3367919921875
1084.0 98.9021897315979
1085.0 98.71092438697815
1086.0 98.46102595329285
1087.0 98.68166446685791
1088.0 98.65188002586365
1089.0 98.2744574546814
1090.0 98.52171540260315
1091.0 98.61199259757996
1092.0 98.59585762023926
1093.0 98.4988808631897
1094.0 98.43371510505676
1095.0 98.21903705596924
1096.0 98.32568764686584
1097.0 98.00941944122314
1098.0 97.70280718803406
1099.0 98.26016426086426
1100.0 98.11970591545105
