lsstCam/transmission_filter_detector/r42_s22/y_10/19700101T000000.ecsv
# %ECSV 1.0
# ---
# datatype:
# - {name: wavelength, unit: nm, datatype: float32}
# - {name: efficiency, unit: '%', datatype: float64}
# meta: !!omap
# - {MODE: DETECTOR}
# - {TYPE: transmission_filter_detector}
# - {CALIBDATE: '1970-01-01T00:00:00'}
# - {INSTRUME: LSSTCam}
# - {OBSTYPE: transmission_filter_detector}
# - {CALIBCLS: lsst.ip.isr.IntermediateFilterDetectorTransmissionCurve}
# - {SOURCE: Materion (DM-46256)}
# - {DETECTOR: 179}
# - {FILTER: y_10}
# - {CALIB_ID: 'calibDate=1970-01-01T00:00:00 filter=y_10 detector=179'}
# - {DATE: '2025-04-02T15:59:51.570854'}
# - {CALIB_CREATION_DATE: '2025-04-02'}
# - {CALIB_CREATION_TIME: '15:59:51'}
# - __serialized_columns__:
#     efficiency:
#       __class__: astropy.units.quantity.Quantity
#       unit: !astropy.units.Unit {unit: '%'}
#       value: !astropy.table.SerializedColumn {name: efficiency}
#     wavelength:
#       __class__: astropy.units.quantity.Quantity
#       unit: !astropy.units.Unit {unit: nm}
#       value: !astropy.table.SerializedColumn {name: wavelength}
# schema: astropy-2.0
wavelength efficiency
300.0 0.02729905827436596
301.0 0.027267576660960913
302.0 0.027236095047555864
303.0 0.02280816261190921
304.0 0.018380227265879512
305.0 0.013488238619174808
306.0 0.008596250700065866
307.0 0.009590292756911367
308.0 0.010584336996544152
309.0 0.01042556541506201
310.0 0.010266793105984107
311.0 0.008139744022628292
312.0 0.006012693847878836
313.0 0.005222175605013035
314.0 0.004431656270753592
315.0 0.0040325747249880806
316.0 0.003633492815424688
317.0 0.004233232175465673
318.0 0.004832970807910897
319.0 0.003190806455677375
320.0 0.0015486411939491518
321.0 0.0030794286431046203
322.0 0.004610216274159029
323.0 0.003868309431709349
324.0 0.00312640295305755
325.0 0.003008690327988006
326.0 0.0028909773391205817
327.0 0.0025153960450552404
328.0 0.002139814750989899
329.0 0.0029171067581046373
330.0 0.0036943987652193755
331.0 0.0031197163480101153
332.0 0.002545033930800855
333.0 0.0025115557946264744
334.0 0.0024780776584520936
335.0 0.001835727562138345
336.0 0.0011933772839256562
337.0 0.0012130204595450778
338.0 0.0012326636351644993
339.0 0.0011663880286505446
340.0 0.0011001123311871197
341.0 0.0016140977095346898
342.0 0.0021280829969327897
343.0 0.0018523944163462147
344.0 0.0015767056538606994
345.0 0.0011931641893170308
346.0 0.0008096225428744219
347.0 0.0008694532880326733
348.0 0.0009292837603425141
349.0 0.0008765040547586977
350.0 0.0008237243491748814
351.0 0.0007257568540808279
352.0 0.0006277894044615095
353.0 0.0010247887985315174
354.0 0.0014217879652278498
355.0 0.0017266082068090327
356.0 0.0020314282664912753
357.0 0.0017480986571172252
358.0 0.0014647688658442348
359.0 0.0011023422302969266
360.0 0.0007399155038001481
361.0 0.0008076070116658229
362.0 0.0008752983376325574
363.0 0.0008151921974786092
364.0 0.000755086102799396
365.0 0.001133281875809189
366.0 0.001511477694293717
367.0 0.0020196666810079478
368.0 0.0025278555767727084
369.0 0.002288206815137528
370.0 0.0020485576897044666
371.0 0.0018944907424156554
372.0 0.0017404237951268442
373.0 0.0021238589397398755
374.0 0.002507293720555026
375.0 0.0029222910598036833
376.0 0.0033372882171534
377.0 0.003948345693061128
378.0 0.004559402441373095
379.0 0.0042543608287815005
380.0 0.003949318852392025
381.0 0.003142452987958677
382.0 0.0023355873054242693
383.0 0.0017764630683814175
384.0 0.0012173391041869763
385.0 0.0010384555025666486
386.0 0.000859571900946321
387.0 0.0007835888936824631
388.0 0.000707605795469135
389.0 0.0006902727363922168
390.0 0.0006729396773152985
391.0 0.000682693416820257
392.0 0.0006924472017999506
393.0 0.0006800078608648619
394.0 0.0006675684744550381
395.0 0.0006997091986704618
396.0 0.0007318499228858855
397.0 0.0007926008038339205
398.0 0.0008533519576303661
399.0 0.0010049434422398917
400.0 0.001156535199697828
401.0 0.0014165564607537817
402.0 0.001676577448961325
403.0 0.0017622598534217104
404.0 0.0018479424397810362
405.0 0.0018612110579852015
406.0 0.0018744796761893667
407.0 0.00184010077646235
408.0 0.001805721694836393
409.0 0.0017048818335752003
410.0 0.0016040416085161269
411.0 0.001515173789812252
412.0 0.001426305971108377
413.0 0.001003033230517758
414.0 0.000579760398977669
415.0 0.000641154065306182
416.0 0.0007025477316346951
417.0 8.889080618246226e-05
418.0 1.7063098980626967e-10
419.0 1.7063098980626967e-10
420.0 0.00039155816011771094
421.0 1.7063098980626967e-10
422.0 1.7063098980626967e-10
423.0 1.7063098980626967e-10
424.0 0.0004369883299659705
425.0 1.7063098980626967e-10
426.0 1.7063098980626967e-10
427.0 1.7063098980626967e-10
428.0 8.766909900259634e-05
429.0 1.7063098980626967e-10
430.0 1.7063098980626967e-10
431.0 1.7063098980626967e-10
432.0 1.7063098980626967e-10
433.0 1.7063098980626967e-10
434.0 1.7063098980626967e-10
435.0 1.7063098980626967e-10
436.0 0.00043635395741148386
437.0 1.7063098980626967e-10
438.0 1.7063098980626967e-10
439.0 1.7063098980626967e-10
440.0 0.00021069081412861124
441.0 1.7063098980626967e-10
442.0 1.7063098980626967e-10
443.0 1.7063098980626967e-10
444.0 0.0002982306114063249
445.0 0.0005868609150638804
446.0 0.0008754912414588034
447.0 0.0004895236543234205
448.0 0.00010355619224355905
449.0 1.7063098980626967e-10
450.0 1.7063098980626967e-10
451.0 1.7063098980626967e-10
452.0 1.7063098980626967e-10
453.0 1.7063098980626967e-10
454.0 1.7063098980626967e-10
455.0 1.7063098980626967e-10
456.0 1.7063098980626967e-10
457.0 1.7063098980626967e-10
458.0 1.7063098980626967e-10
459.0 1.7063098980626967e-10
460.0 0.00017337838471576106
461.0 0.00016567215652685263
462.0 0.00015796579191373894
463.0 0.00035088373806502204
464.0 0.0005438015705294674
465.0 0.0005318170224200003
466.0 0.0005198326107347384
467.0 0.0004701157649833476
468.0 0.0004203989647066919
469.0 0.0006515476343338378
470.0 0.0008826963494357187
471.0 0.0012190961570013314
472.0 0.001555495873617474
473.0 0.0019734614397748373
474.0 0.002391427187831141
475.0 0.002475337532814592
476.0 0.002559248241595924
477.0 0.0023606911781826057
478.0 0.0021621342966682278
479.0 0.0021433454094221815
480.0 0.0021245567040750757
481.0 0.002524304909456987
482.0 0.002924053478636779
483.0 0.003148786345263943
484.0 0.0033735188480932266
485.0 0.0025849180019577034
486.0 0.001796317519620061
487.0 0.0017804821254685521
488.0 0.001764646549418103
489.0 0.0018286244085174985
490.0 0.0018926020857179537
491.0 0.0015245904251059983
492.0 0.0011565786735445727
493.0 0.0012729969057545532
494.0 0.0013894148651161231
495.0 0.0013648834283230826
496.0 0.0013403518096311018
497.0 0.0012705500921583734
498.0 0.001200748374685645
499.0 0.001501626775279874
500.0 0.0018025049939751625
501.0 0.001837483978306409
502.0 0.0018724631445365958
503.0 0.0019131235603708774
504.0 0.0019537837943062186
505.0 0.0018178976461058483
506.0 0.0016820111341075972
507.0 0.0017542224668432027
508.0 0.001826434163376689
509.0 0.0018203587387688458
510.0 0.001814283496059943
511.0 0.0017003148968797177
512.0 0.0015863466614973731
513.0 0.0018988226656801999
514.0 0.002211298851761967
515.0 0.0019918717953260057
516.0 0.001772444556991104
517.0 0.0014831664884695783
518.0 0.0011938882380491123
519.0 0.001160042575065745
520.0 0.0011261968211329076
521.0 0.0012385293302941136
522.0 0.0013508619304047897
523.0 0.0014057895896257833
524.0 0.0014607171578973066
525.0 0.0017520436813356355
526.0 0.0020433706595213152
527.0 0.002504632175259758
528.0 0.0029658936909982003
529.0 0.0026948271624860354
530.0 0.0024237606339738704
531.0 0.002286749986524228
532.0 0.002149739520973526
533.0 0.0018765987988444977
534.0 0.00160345844051335
535.0 0.0017009908333420753
536.0 0.0017985232261708006
537.0 0.001819759199861437
538.0 0.0018409951735520735
539.0 0.0026442226953804493
540.0 0.003447450217208825
541.0 0.003830135756288655
542.0 0.004212821659166366
543.0 0.0042256113374605775
544.0 0.00423840137955267
545.0 0.004308258940000087
546.0 0.004378115772851743
547.0 0.003970704347011633
548.0 0.0035632929211715236
549.0 0.0032531719625694677
550.0 0.002943051003967412
551.0 0.0024713768652873114
552.0 0.0019997029085061513
553.0 0.0020947221855749376
554.0 0.0021897418264416046
555.0 0.0029427583285723813
556.0 0.0036957746488042176
557.0 0.0040620459913043305
558.0 0.004428316970006563
559.0 0.004613276178133674
560.0 0.004798235750058666
561.0 0.004510970029514283
562.0 0.0042237043089699
563.0 0.004068480484420434
564.0 0.003913256659870967
565.0 0.004053020893479697
566.0 0.0041927851270884275
567.0 0.004760775846079923
568.0 0.005328766201273538
569.0 0.005990703357383609
570.0 0.006652640149695799
571.0 0.007328608626266941
572.0 0.008004577102838084
573.0 0.008012467151274905
574.0 0.008020357199711725
575.0 0.007411454134853557
576.0 0.00680255179759115
577.0 0.006135973671916872
578.0 0.005469397729029879
579.0 0.005053415588918142
580.0 0.004637433085008524
581.0 0.005476544902194291
582.0 0.006315657083177939
583.0 0.0076008771429769695
584.0 0.008886099385563284
585.0 0.010098517668666318
586.0 0.011310938134556636
587.0 0.011226480273762718
588.0 0.0111420224129688
589.0 0.010781668970594183
590.0 0.010421316983411089
591.0 0.009785572910914198
592.0 0.009149828838417307
593.0 0.008221965981647372
594.0 0.007294101669685915
595.0 0.006146891973912716
596.0 0.004999681186745875
597.0 0.0051349987188586965
598.0 0.0052703162509715185
599.0 0.0062592800532002
600.0 0.007248244946822524
601.0 0.008465971041005105
602.0 0.009683695679996163
603.0 0.010399248276371509
604.0 0.011114802327938378
605.0 0.010886144445976242
606.0 0.010657489474397153
607.0 0.010022234346251935
608.0 0.009386979945702478
609.0 0.008035938662942499
610.0 0.006684898107778281
611.0 0.005335160312824883
612.0 0.003985421790275723
613.0 0.0037344787415349856
614.0 0.0034835353289963678
615.0 0.0037878020521020517
616.0 0.004092068047611974
617.0 0.005365812103264034
618.0 0.006639555795118213
619.0 0.007688894402235746
620.0 0.008738235192140564
621.0 0.009671404404798523
622.0 0.010604575800243765
623.0 0.010729331552283838
624.0 0.010854085849132389
625.0 0.010249713523080572
626.0 0.009645337559049949
627.0 0.008193590474547818
628.0 0.00674184484523721
629.0 0.005696153311873786
630.0 0.004650460323318839
631.0 0.00376534771930892
632.0 0.0028802347515011206
633.0 0.002949099871329963
634.0 0.003017965173057746
635.0 0.0030923223675927147
636.0 0.003166680471622385
637.0 0.003761915286304429
638.0 0.004357150100986473
639.0 0.004871843702858314
640.0 0.005386537668528035
641.0 0.005740853157476522
642.0 0.006095168646425009
643.0 0.006030191434547305
644.0 0.0059652142226696014
645.0 0.005438347579911351
646.0 0.004911480937153101
647.0 0.004206587982480414
648.0 0.0035016950278077275
649.0 0.0028279739126446657
650.0 0.0021542531612794846
651.0 0.002140879769285675
652.0 0.0021275061953929253
653.0 0.001796979267965071
654.0 0.0014664522495877463
655.0 0.0018460204955772497
656.0 0.0022255890144151635
657.0 0.0019056102246395312
658.0 0.001585631434863899
659.0 0.0014346414900501259
660.0 0.0012836514542868827
661.0 0.0016683938156347722
662.0 0.002053136267932132
663.0 0.002127973857568577
664.0 0.002202811447205022
665.0 0.0023743756173644215
666.0 0.002545940333220642
667.0 0.002840369415935129
668.0 0.003134799044346437
669.0 0.0042319446947658435
670.0 0.005329089981387369
671.0 0.006201164796948433
672.0 0.007073239976307377
673.0 0.007374786218861118
674.0 0.007676331733819097
675.0 0.007691288919886574
676.0 0.00770624537835829
677.0 0.00709425876266323
678.0 0.006482269964180887
679.0 0.005427854193840176
680.0 0.004373437332105823
681.0 0.002893953751481604
682.0 0.0014144689885142725
683.0 0.001009741026791744
684.0 0.0006050129741197452
685.0 0.000421546064899303
686.0 0.0002380790874667582
687.0 0.0001956026835614466
688.0 0.0001531263706056052
689.0 0.0002111235517077148
690.0 0.00026912080102192704
691.0 0.0002126763774867868
692.0 0.0001562318630021764
693.0 0.00022432718651543837
694.0 0.0002924224418165977
695.0 0.00017373118907926255
696.0 5.504005002876511e-05
697.0 0.0002803551069519017
698.0 0.0005056702320871409
699.0 0.00025674164589872817
700.0 7.813053315430807e-06
701.0 1.7063098980626967e-10
702.0 1.7063098980626967e-10
703.0 1.7063098980626967e-10
704.0 0.0002370692072872771
705.0 0.00019387789507163689
706.0 0.00015068663969941554
707.0 3.896946765280518e-06
708.0 1.7063098980626967e-10
709.0 0.00011329578910590499
710.0 0.00036948435990780126
711.0 0.00015368926824521623
712.0 1.7063098980626967e-10
713.0 0.0001733436192807858
714.0 0.000408793130191043
715.0 0.00039851297515269835
716.0 0.0003882327291648835
717.0 0.0003088853645749623
718.0 0.0002295379999850411
719.0 9.560898206473212e-05
720.0 1.7063098980626967e-10
721.0 0.00017780989765014965
722.0 0.00039393971746903844
723.0 0.000361642150892294
724.0 0.00032934451610344695
725.0 0.00035407197174208704
726.0 0.00037879938190599205
727.0 0.0004884527243120829
728.0 0.0005981058166071307
729.0 0.0004486974830797408
730.0 0.00029928894491604296
731.0 0.0002498079993529245
732.0 0.00020032689462823328
733.0 0.0001921309149111039
734.0 0.00018393509435554733
735.0 0.00031001336537883617
736.0 0.00043609165913949255
737.0 0.0004742430064652581
738.0 0.0005123943992657587
739.0 0.00045422652874549385
740.0 0.0003960587036999641
741.0 0.00029366210583248176
742.0 0.00019126562165183714
743.0 0.0002645044332894031
744.0 0.00033774329040170414
745.0 0.00029833415737812174
746.0 0.0002589248879303341
747.0 0.00018355001429881668
748.0 0.00010817519751071814
749.0 0.00024833054794726195
750.0 0.0003884858415403869
751.0 0.00024344474240933778
752.0 9.840363190960488e-05
753.0 0.0001468181835662108
754.0 0.00019523274659150047
755.0 0.000221199547922879
756.0 0.00024716641746636014
757.0 0.00020304362351453165
758.0 0.00015892074998191674
759.0 0.0002995461272803368
760.0 0.0004401716523716459
761.0 0.0003316134552733274
762.0 0.00022305512175080366
763.0 0.0003598805960791651
764.0 0.0004967060249327915
765.0 0.00042187311919406056
766.0 0.0003470402816674323
767.0 0.000404514776164433
768.0 0.00046198920244933106
769.0 0.0004134857590543106
770.0 0.0003649824293461279
771.0 0.0003199112143192906
772.0 0.0002748399538177182
773.0 0.0002898972525144927
774.0 0.0003049544829991646
775.0 0.000547412810192327
776.0 0.0007898712283349596
777.0 0.0005681519269273849
778.0 0.00034643246635823743
779.0 0.000623876030658721
780.0 0.0009013196176965721
781.0 0.0007480861768272007
782.0 0.0005948527359578293
783.0 0.0005377238721848698
784.0 0.0004805950538866455
785.0 0.0002711146180445212
786.0 6.163418220239691e-05
787.0 0.0006304822363745188
788.0 0.0011993301995971706
789.0 0.0006880929049657425
790.0 0.00017685551938484423
791.0 0.0005050417712482158
792.0 0.0008332279321621172
793.0 0.0007010082754277391
794.0 0.0005687885277438909
795.0 0.0005315527232596651
796.0 0.0004943169187754393
797.0 0.0003811528131336672
798.0 0.00026798884391610045
799.0 0.00029453249226207845
800.0 0.00032107618608279154
801.0 0.0004260941750544589
802.0 0.0005311122549755964
803.0 0.00030416999834415037
804.0 7.722770760665298e-05
805.0 0.00029604689189000055
806.0 0.0005148659965925617
807.0 0.0008534236258128658
808.0 0.0011919812095584348
809.0 0.0009825051165535115
810.0 0.0007730291144980583
811.0 0.0005120733476360328
812.0 0.0002511178536224179
813.0 0.000438832785221166
814.0 0.0006265477622946491
815.0 0.000539354778084089
816.0 0.00045216170292405877
817.0 0.000604608612775337
818.0 0.0007570557954750257
819.0 0.000864356570673408
820.0 0.0009716573913465254
821.0 0.0007247740541060921
822.0 0.00047789080781512894
823.0 0.00013421363291854504
824.0 1.7063098980626967e-10
825.0 3.513951014610939e-05
826.0 0.0002797424485834199
827.0 0.0005404760031524347
828.0 0.000801209534984082
829.0 0.0009576337106409483
830.0 0.0011140577043988742
831.0 0.0008280806468974333
832.0 0.0005421037258201977
833.0 0.0008326437637151685
834.0 0.0011231838470848743
835.0 0.0007133200142561691
836.0 0.0003034563860637718
837.0 0.0005090823833597824
838.0 0.0007147083124436904
839.0 0.0006829601261415519
840.0 0.0006512118488899432
841.0 0.0006690561804134632
842.0 0.0006869003755127778
843.0 0.0006510897947009653
844.0 0.0006152795322122984
845.0 0.0009718821274873335
846.0 0.001328484904661309
847.0 0.000990354146779282
848.0 0.0006522234798467252
849.0 0.0007667287718504667
850.0 0.000881233972904738
851.0 0.000981954417511588
852.0 0.001082674953067908
853.0 0.0007668455509701744
854.0 0.00045101623982191086
855.0 0.0006880278306198306
856.0 0.0009250393304682802
857.0 0.001093416449293727
858.0 0.0012617933862202335
859.0 0.0013117786693328526
860.0 0.0013617640433949418
861.0 0.0011580526006582659
862.0 0.0009543412488710601
863.0 0.0012939225598529447
864.0 0.0016335037798853591
865.0 0.0019379713194211945
866.0 0.0022424386770580895
867.0 0.0019299757695989683
868.0 0.0016175128621398471
869.0 0.001975197301362641
870.0 0.0023328819224843755
871.0 0.00250800876528956
872.0 0.0026831357899936847
873.0 0.0025938476028386503
874.0 0.002504559415683616
875.0 0.0021516265405807644
