lsstCam/transmission_filter_detector/r01_s21/y_10/19700101T000000.ecsv
# %ECSV 1.0
# ---
# datatype:
# - {name: wavelength, unit: nm, datatype: float32}
# - {name: efficiency, unit: '%', datatype: float64}
# meta: !!omap
# - {MODE: DETECTOR}
# - {TYPE: transmission_filter_detector}
# - {CALIBDATE: '1970-01-01T00:00:00'}
# - {INSTRUME: LSSTCam}
# - {OBSTYPE: transmission_filter_detector}
# - {CALIBCLS: lsst.ip.isr.IntermediateFilterDetectorTransmissionCurve}
# - {SOURCE: Materion (DM-46256)}
# - {DETECTOR: 7}
# - {FILTER: y_10}
# - {CALIB_ID: 'calibDate=1970-01-01T00:00:00 filter=y_10 detector=7'}
# - {DATE: '2025-04-02T15:59:50.773869'}
# - {CALIB_CREATION_DATE: '2025-04-02'}
# - {CALIB_CREATION_TIME: '15:59:50'}
# - __serialized_columns__:
#     efficiency:
#       __class__: astropy.units.quantity.Quantity
#       unit: !astropy.units.Unit {unit: '%'}
#       value: !astropy.table.SerializedColumn {name: efficiency}
#     wavelength:
#       __class__: astropy.units.quantity.Quantity
#       unit: !astropy.units.Unit {unit: nm}
#       value: !astropy.table.SerializedColumn {name: wavelength}
# schema: astropy-2.0
wavelength efficiency
300.0 0.5366120021790266
301.0 0.2897887956351042
302.0 0.04296556580811739
303.0 0.03875433758366853
304.0 0.034543112269602716
305.0 0.019733949739020318
306.0 0.004924782842863351
307.0 0.01368078519590199
308.0 0.022436786093749106
309.0 0.0158722439664416
310.0 0.009307699656346813
311.0 0.00886587004060857
312.0 0.008424039697274566
313.0 0.008303241338580847
314.0 0.008182442979887128
315.0 0.006245046824915335
316.0 0.004307653580326587
317.0 0.004691072172136046
318.0 0.005074486762168817
319.0 0.0023655156837776303
320.0 1.6488045737755863e-10
321.0 0.002535452222218737
322.0 0.005414361294242553
323.0 0.003872547677019611
324.0 0.002330733332200907
325.0 0.0009706016498967074
326.0 1.6488045737755863e-10
327.0 0.0008727015483600553
328.0 0.0021349334929254837
329.0 0.0035544202546589077
330.0 0.004973906834493391
331.0 0.004182478369330056
332.0 0.00339104954036884
333.0 0.002489652433723677
334.0 0.0015882547813816927
335.0 0.0020918403606629
336.0 0.002595426485640928
337.0 0.0027960648367297836
338.0 0.0029967028240207583
339.0 0.0013024615327594802
340.0 1.6488045737755863e-10
341.0 1.6488045737755863e-10
342.0 1.6488045737755863e-10
343.0 0.00027289620447845664
344.0 0.001285742018808378
345.0 0.001625161530682817
346.0 0.0019645816792035475
347.0 0.0016746562323532999
348.0 0.0013847303307557013
349.0 0.001179780883830972
350.0 0.0009748311640578322
351.0 0.0012264597899047658
352.0 0.001478087688155938
353.0 0.0011698546586558223
354.0 0.0008616216291557066
355.0 0.0010564107469690498
356.0 0.001251199864782393
357.0 0.0009613520887796767
358.0 0.0006715040399285499
359.0 0.0008242191142926458
360.0 0.0009769340977072716
361.0 0.0013177279470255598
362.0 0.0016585216144449078
363.0 0.0013617543118016329
364.0 0.001064986554411007
365.0 0.001317036003456451
366.0 0.0015690862710471265
367.0 0.0020371688151499256
368.0 0.0025052511773537844
369.0 0.0021378964447649196
370.0 0.0017705415302771144
371.0 0.0017447513528168201
372.0 0.0017189606296597049
373.0 0.0020950985344825312
374.0 0.0024712362574064173
375.0 0.003310275133117102
376.0 0.004149313463130966
377.0 0.0040138613258022815
378.0 0.0038784088246757165
379.0 0.003505125641822815
380.0 0.0031318420951720327
381.0 0.002164348916267045
382.0 0.0011968554645136464
383.0 0.0012110831448808312
384.0 0.0012253105523996055
385.0 0.0009446875083085615
386.0 0.0006640642823185772
387.0 0.000687512965669157
388.0 0.0007109616035450017
389.0 0.0006729650067427428
390.0 0.0006349685008899542
391.0 0.0005475207672134275
392.0 0.00046007307901163585
393.0 0.0005898375093238428
394.0 0.0007196020760602551
395.0 0.0006703839517285815
396.0 0.0006211658728716429
397.0 0.0008599377906648442
398.0 0.0010987097084580455
399.0 0.0012918796528538223
400.0 0.0014850495972495992
401.0 0.0016961539586191066
402.0 0.0019072585928370245
403.0 0.0019265802620793693
404.0 0.0019459022951195948
405.0 0.0017690705135464668
406.0 0.0015922389138722792
407.0 0.0013853125892637763
408.0 0.001178386537503684
409.0 0.0009579312063578982
410.0 0.000737475647838437
411.0 0.0004892990546068177
412.0 0.0002411223931630957
413.0 0.0009793498975341208
414.0 0.0017175771063193679
415.0 0.002099142875522375
416.0 0.0024807086447253823
417.0 0.000860810814629076
418.0 1.6488045737755863e-10
419.0 1.6488045737755863e-10
420.0 1.6488045737755863e-10
421.0 1.6488045737755863e-10
422.0 0.000912059022084577
423.0 0.0008484255886287428
424.0 0.0007847918823244981
425.0 0.00037588790746667655
426.0 1.6488045737755863e-10
427.0 0.000256903922490892
428.0 0.0005468240487971343
429.0 1.6488045737755863e-10
430.0 1.6488045737755863e-10
431.0 0.0003746421953110257
432.0 0.0012996983059565537
433.0 0.0009630783097236417
434.0 0.0006264589046622859
435.0 0.00012237868531883578
436.0 1.6488045737755863e-10
437.0 1.6488045737755863e-10
438.0 0.00010889144732573186
439.0 1.6488045737755863e-10
440.0 1.6488045737755863e-10
441.0 1.6488045737755863e-10
442.0 1.6488045737755863e-10
443.0 1.6488045737755863e-10
444.0 0.00013468368251778884
445.0 0.00021077460132801207
446.0 0.0002868653609766625
447.0 0.0005227147539699217
448.0 0.0007585641014884459
449.0 0.0008826574230624828
450.0 0.0010067505172628444
451.0 0.00025376639314345084
452.0 1.6488045737755863e-10
453.0 1.6488045737755863e-10
454.0 1.6488045737755863e-10
455.0 1.6488045737755863e-10
456.0 1.6488045737755863e-10
457.0 1.6488045737755863e-10
458.0 1.6488045737755863e-10
459.0 3.226298019853857e-05
460.0 0.00020799982394237304
461.0 0.00021090545487822965
462.0 0.00021381104033935117
463.0 0.0002412986077615642
464.0 0.0002687862206585123
465.0 0.0002619493443489773
466.0 0.0002551125589889125
467.0 0.0008986674401967321
468.0 0.0015422221622429788
469.0 0.0015847772374399938
470.0 0.0016273317669401877
471.0 0.0016432584743597545
472.0 0.0016591848179814406
473.0 0.002165175828849897
474.0 0.002671166839718353
475.0 0.0027281137590762228
476.0 0.0027850606784340926
477.0 0.003144851143588312
478.0 0.0035046417906414717
479.0 0.004040134081151336
480.0 0.00457562564406544
481.0 0.00466469100501854
482.0 0.004753756002173759
483.0 0.004023121437057853
484.0 0.0032924865081440657
485.0 0.003743974957615137
486.0 0.0041954634070862085
487.0 0.0034214459446957335
488.0 0.0026474284823052585
489.0 0.00229075740207918
490.0 0.001934086685650982
491.0 0.0016535084796487354
492.0 0.0013729300917475484
493.0 0.0010564147487457376
494.0 0.0007398996785923373
495.0 0.0010248102626064792
496.0 0.0013097211194690317
497.0 0.0019199433154426515
498.0 0.002530165875214152
499.0 0.002421359022264369
500.0 0.0023125519874156453
501.0 0.00247530042543076
502.0 0.0026380490453448147
503.0 0.002651970135048032
504.0 0.0026658910428523086
505.0 0.00307573500322178
506.0 0.0034855795092880726
507.0 0.0025671342882560566
508.0 0.0016486885215272196
509.0 0.0019671451809699647
510.0 0.002285601476614829
511.0 0.002207046236435417
512.0 0.0021284911781549454
513.0 0.001961780435522087
514.0 0.0017950700566871092
515.0 0.001486147266405169
516.0 0.001177224112325348
517.0 0.0012807361599698197
518.0 0.0013842478438164108
519.0 0.0013276437130116392
520.0 0.001271039309358457
521.0 0.0015312323739635758
522.0 0.001791425165720284
523.0 0.0017011536328936927
524.0 0.0016108822819660418
525.0 0.002027241680480074
526.0 0.0024436019884888083
527.0 0.002316390055057127
528.0 0.002189178667322267
529.0 0.002415355993434787
530.0 0.0026415331376483664
531.0 0.002522595605114475
532.0 0.002403657890681643
533.0 0.0027076473998022266
534.0 0.003011636363225989
535.0 0.0025201627067872323
536.0 0.002028688686550595
537.0 0.0023807608158676885
538.0 0.002732832945184782
539.0 0.0033254182199016213
540.0 0.00391800313082058
541.0 0.0038601720007136464
542.0 0.0038023405068088323
543.0 0.004210070619592443
544.0 0.004617800732376054
545.0 0.004981359234079719
546.0 0.005344917735783383
547.0 0.00444718825747259
548.0 0.0035494584153639153
549.0 0.003087044387939386
550.0 0.0026246301786159165
551.0 0.0027463267542771064
552.0 0.002868022784241475
553.0 0.003259227014495991
554.0 0.003650430153356865
555.0 0.0036805002309847623
556.0 0.0037105703086126596
557.0 0.0034683060221141204
558.0 0.003226042099413462
559.0 0.0032871528674149886
560.0 0.003348263999214396
561.0 0.0034924196370411664
562.0 0.0036365749110700563
563.0 0.003307461884105578
564.0 0.0029783488571411
565.0 0.003680780719150789
566.0 0.00438321330875624
567.0 0.004681864447775297
568.0 0.004980515586794354
569.0 0.005495470031746663
570.0 0.006010424112901092
571.0 0.006099371603340842
572.0 0.006188319093780592
573.0 0.006376628152793273
574.0 0.006564938666997477
575.0 0.006530284736072645
576.0 0.006495632260339335
577.0 0.005733050420531072
578.0 0.00497046930831857
579.0 0.005816249540657736
580.0 0.006662030500592664
581.0 0.007268349145306274
582.0 0.007874667790019885
583.0 0.008879015513230115
584.0 0.009883361781248823
585.0 0.010052294237539172
586.0 0.010221227421425283
587.0 0.010166538413614035
588.0 0.01011184576782398
589.0 0.01038456175592728
590.0 0.010657279926817864
591.0 0.00974170325207524
592.0 0.008826126577332616
593.0 0.007378650479950011
594.0 0.00593117656535469
595.0 0.0058604498917702585
596.0 0.005789723218185827
597.0 0.006113258859841153
598.0 0.00643679522909224
599.0 0.007368694787146524
600.0 0.008300592890009284
601.0 0.008889313176041469
602.0 0.00947803127928637
603.0 0.010384718916611746
604.0 0.011291408736724406
605.0 0.011424817785155028
606.0 0.01155822683358565
607.0 0.010050575656350702
608.0 0.008542926661903039
609.0 0.006644470704486594
610.0 0.004746016202261671
611.0 0.004016284583485685
612.0 0.003286552964709699
613.0 0.0036388635635375977
614.0 0.0039911737985676154
615.0 0.00478582878713496
616.0 0.005580484867095947
617.0 0.006909207149874419
618.0 0.00823792943265289
619.0 0.00914088886929676
620.0 0.010043849761132151
621.0 0.011239440209465101
622.0 0.012435032112989575
623.0 0.012254345347173512
624.0 0.012073656398570165
625.0 0.010522784577915445
626.0 0.008971909119281918
627.0 0.00717448492650874
628.0 0.005377058914746158
629.0 0.00449049512099009
630.0 0.003603931691031903
631.0 0.0030029748813831247
632.0 0.002402017889835406
633.0 0.002609525472507812
634.0 0.0028170334189780988
635.0 0.0029208136766101234
636.0 0.0030245935704442672
637.0 0.003842153091682121
638.0 0.004659712431021035
639.0 0.004639647886506282
640.0 0.004619583341991529
641.0 0.005119066190673038
642.0 0.005618548675556667
643.0 0.005634004264720716
644.0 0.005649459126289003
645.0 0.005193223478272557
646.0 0.0047369871026603505
647.0 0.003781875057029538
648.0 0.002826763375196606
649.0 0.002115557072102092
650.0 0.001404350496159168
651.0 0.0015052867638587486
652.0 0.0016062236682046205
653.0 0.0014767807442694902
654.0 0.0013473377293848898
655.0 0.001472087296860991
656.0 0.0015968369552865624
657.0 0.0016145200788741931
658.0 0.0016322033843607642
659.0 0.0018582797565613873
660.0 0.00208435594686307
661.0 0.0019243787392042577
662.0 0.001764401349646505
663.0 0.002425931415928062
664.0 0.0030874616641085595
665.0 0.003589537664083764
666.0 0.004091614027856849
667.0 0.004625480869435705
668.0 0.0051593462558230385
669.0 0.005461412001750432
670.0 0.005763474109699018
671.0 0.006441680307034403
672.0 0.00711988759576343
673.0 0.007979424844961613
674.0 0.008838962821755558
675.0 0.008310847624670714
676.0 0.007782734610373154
677.0 0.0060884241975145414
678.0 0.004394114148453809
679.0 0.0028697219022433273
680.0 0.0013453305655275472
681.0 0.000672304850013461
682.0 1.6488045737755863e-10
683.0 0.00019244421309849713
684.0 0.00038560933717235457
685.0 0.00028932081477250904
686.0 0.00019303224689792842
687.0 0.00024526466404495295
688.0 0.00029749710392934503
689.0 0.00034920287816930795
690.0 0.0004009087206213735
691.0 0.0004902455657429527
692.0 0.0005795824563392671
693.0 0.000473705858894391
694.0 0.00036782923871214734
695.0 0.0004678528512158664
696.0 0.0005678764409822179
697.0 0.0005747504928876879
698.0 0.0005816244993184227
699.0 0.0004926868314214516
700.0 0.0004037489361508051
701.0 0.00023115965177566977
702.0 5.8570446981320856e-05
703.0 0.0002478917167536565
704.0 0.0004372129296825733
705.0 0.00047305384214269
706.0 0.0005088946181786014
707.0 9.850519973042537e-05
708.0 1.6488045737755863e-10
709.0 1.6488045737755863e-10
710.0 0.0002707185331018991
711.0 0.0004736800747195957
712.0 0.0006766415935999248
713.0 0.0005019183845433872
714.0 0.00032719528917368734
715.0 0.0003778437530854717
716.0 0.00042849228520935867
717.0 0.0002009212039411068
718.0 1.6488045737755863e-10
719.0 0.0001886921836558031
720.0 0.000404034108214546
721.0 0.00022574786271434277
722.0 4.746163710933615e-05
723.0 0.00016815233720990364
724.0 0.0002888429889935651
725.0 0.00035158084301656345
726.0 0.0004143188562011346
727.0 0.00015546286249445984
728.0 1.6488045737755863e-10
729.0 0.00021451053271448473
730.0 0.000532414014742244
731.0 0.0007018073574727168
732.0 0.0008712009730516002
733.0 0.00032321997878170805
734.0 1.6488045737755863e-10
735.0 1.6488045737755863e-10
736.0 1.6488045737755863e-10
737.0 0.00033712169624777744
738.0 0.0008991724826046266
739.0 0.0005584794507740298
740.0 0.00021778610062028747
741.0 1.6488045737755863e-10
742.0 1.6488045737755863e-10
743.0 1.6488045737755863e-10
744.0 1.6488045737755863e-10
745.0 0.00017120311213147943
746.0 0.0007318406460399274
747.0 0.00044661246647592634
748.0 0.00016138437786139548
749.0 3.665277858999616e-05
750.0 1.6488045737755863e-10
751.0 1.6488045737755863e-10
752.0 1.6488045737755863e-10
753.0 1.4490292699065321e-05
754.0 0.00023765364858263638
755.0 1.6488045737755863e-10
756.0 1.6488045737755863e-10
757.0 1.6488045737755863e-10
758.0 1.6488045737755863e-10
759.0 0.00013069812894173083
760.0 0.0005783188498753589
761.0 0.0003051332669201656
762.0 3.194762427938258e-05
763.0 1.6488045737755863e-10
764.0 1.6488045737755863e-10
765.0 0.00013635531104227994
766.0 0.0004873107172898017
767.0 0.00011751940292015206
768.0 1.6488045737755863e-10
769.0 1.6488045737755863e-10
770.0 1.6488045737755863e-10
771.0 1.6488045737755863e-10
772.0 1.6488045737755863e-10
773.0 0.0003104819597865571
774.0 0.0006891175416967599
775.0 0.0003447375775067485
776.0 3.5750116200716775e-07
777.0 0.00024507455691491487
778.0 0.000489791682412033
779.0 0.0006356377525662538
780.0 0.0007814838681952097
781.0 0.0006719515567965573
782.0 0.0005624191999231698
783.0 0.0004212706244288711
784.0 0.0002801220489345724
785.0 0.0002237456783404923
786.0 0.0001673689098424802
787.0 0.000617480100117973
788.0 0.0010675910743884742
789.0 0.0008571554644731805
790.0 0.0006467199000326218
791.0 0.0004000784883828601
792.0 0.00015343684935942292
793.0 0.00044443231672630645
794.0 0.0007354274657700444
795.0 0.0007319659744098317
796.0 0.0007285043466254137
797.0 0.00032558716611674754
798.0 1.6488045737755863e-10
799.0 0.0006017434316163417
800.0 0.0012808169230993371
801.0 0.0006559491339430679
802.0 3.1081356155482354e-05
803.0 0.0002664565045051859
804.0 0.0005018316642235732
805.0 0.0007964703399920836
806.0 0.0010911090612353291
807.0 0.0006988851964706555
808.0 0.0003066613089686143
809.0 2.646483494572749e-05
810.0 1.6488045737755863e-10
811.0 9.39922472298349e-05
812.0 0.00044171597437525634
813.0 0.0008334532139997464
814.0 0.0012251904081495013
815.0 0.0011515845471876673
816.0 0.0010779780495795421
817.0 0.0008251365215983242
818.0 0.0005722950390918413
819.0 0.0008344344678334892
820.0 0.0010965739420498721
821.0 0.0009324305210611783
822.0 0.0007682871000724845
823.0 0.0006726278115820605
824.0 0.0005769687959400471
825.0 0.0005629878160107182
826.0 0.0005490070179803297
827.0 0.0005739727839682018
828.0 0.0005989385954308091
829.0 0.00023737832179904217
830.0 1.6488045737755863e-10
831.0 0.00011297685205136077
832.0 0.00035013590604648925
833.0 0.0005803422936878633
834.0 0.0008105485903797671
835.0 0.00011955706895605545
836.0 1.6488045737755863e-10
837.0 1.6488045737755863e-10
838.0 1.6488045737755863e-10
839.0 0.00042038441279146355
840.0 0.0009607032552594319
841.0 0.0010898312211793382
842.0 0.0012189592780487146
843.0 0.0008860569323587697
844.0 0.0005531542228709441
845.0 0.0006114501047704834
846.0 0.0006697458957205527
847.0 0.0010054342965304386
848.0 0.0013411226973403245
849.0 0.0010585806194285396
850.0 0.0007760383596178144
851.0 0.0009863226296147332
852.0 0.0011966067177127115
853.0 0.00037882318792981096
854.0 1.6488045737755863e-10
855.0 1.6488045737755863e-10
856.0 1.6488045737755863e-10
857.0 0.00026723330392997013
858.0 0.0011898342563654296
859.0 0.001177188187284628
860.0 0.0011645418453554157
861.0 0.0013072221008769702
862.0 0.001449902538297465
863.0 0.0017290780306211673
864.0 0.0020082534319953993
865.0 0.002068454159598332
866.0 0.002128655069100205
867.0 0.0027240670533501543
868.0 0.0033194788557011634
869.0 0.0030991875973995775
870.0 0.002878895975300111
871.0 0.0032988886232487857
872.0 0.0037188812711974606
873.0 0.0026565474399831146
874.0 0.001594213790667709
