lsstCam/transmission_filter_detector/r01_s21/y_10/19700101T000000.ecsv
# %ECSV 1.0
# ---
# datatype:
# - {name: wavelength, unit: nm, datatype: float32}
# - {name: efficiency, unit: '%', datatype: float64}
# meta: !!omap
# - {MODE: DETECTOR}
# - {TYPE: transmission_filter_detector}
# - {CALIBDATE: '1970-01-01T00:00:00'}
# - {INSTRUME: LSSTCam}
# - {OBSTYPE: transmission_filter_detector}
# - {CALIBCLS: lsst.ip.isr.IntermediateFilterDetectorTransmissionCurve}
# - {SOURCE: Materion (DM-46256)}
# - {DETECTOR: 7}
# - {FILTER: y_10}
# - {CALIB_ID: 'calibDate=1970-01-01T00:00:00 filter=y_10 detector=7'}
# - {DATE: '2025-04-02T15:59:50.773869'}
# - {CALIB_CREATION_DATE: '2025-04-02'}
# - {CALIB_CREATION_TIME: '15:59:50'}
# - __serialized_columns__:
#     efficiency:
#       __class__: astropy.units.quantity.Quantity
#       unit: !astropy.units.Unit {unit: '%'}
#       value: !astropy.table.SerializedColumn {name: efficiency}
#     wavelength:
#       __class__: astropy.units.quantity.Quantity
#       unit: !astropy.units.Unit {unit: nm}
#       value: !astropy.table.SerializedColumn {name: wavelength}
# schema: astropy-2.0
wavelength efficiency
[from data line 576]
876.0 0.0031349245546152815
877.0 0.0020161145585007034
878.0 0.0008973050171334762
879.0 0.00172157433553366
880.0 0.06532444385811687
881.0 0.10164243867620826
882.0 0.06828921032138169
883.0 0.08875994244590402
884.0 0.061247783014550805
885.0 0.07834499701857567
886.0 0.07850269903428853
887.0 0.08738525211811066
888.0 0.07182730478234589
889.0 0.09364915895275772
890.0 0.06567839882336557
891.0 0.09393403888680041
892.0 0.05835886695422232
893.0 0.09792660130187869
894.0 0.0754880195017904
895.0 0.09452036465518177
896.0 0.07538747158832848
897.0 0.12184808729216456
898.0 0.07842393242754042
899.0 0.102710269857198
900.0 0.09900276781991124
901.0 0.11824050452560186
902.0 0.13812666293233633
903.0 0.15354517381638288
904.0 0.17103548161685467
905.0 0.2049158327281475
906.0 0.23770441766828299
907.0 0.31145792454481125
908.0 0.40418202988803387
909.0 0.5478669423609972
910.0 0.7328096777200699
911.0 1.0113121941685677
912.0 1.4932157471776009
913.0 2.206321060657501
914.0 3.1117433682084084
915.0 4.494103416800499
916.0 6.2368884682655334
917.0 8.239134401082993
918.0 10.63276156783104
919.0 13.002295792102814
920.0 16.229431331157684
921.0 19.547440111637115
922.0 22.788995504379272
923.0 26.57451033592224
924.0 30.676597356796265
925.0 35.274070501327515
926.0 40.95560014247894
927.0 47.27754294872284
928.0 53.00379991531372
929.0 59.42433476448059
930.0 65.30317664146423
931.0 71.28545641899109
932.0 77.0133912563324
933.0 82.09951519966125
934.0 86.01018190383911
935.0 88.99336457252502
936.0 91.43880009651184
937.0 93.19673180580139
938.0 94.45832967758179
939.0 95.11770009994507
940.0 95.71022987365723
941.0 95.9923505783081
942.0 96.32207751274109
943.0 96.48849368095398
944.0 96.88004851341248
945.0 96.942138671875
946.0 97.04610705375671
947.0 97.08594679832458
948.0 97.20121026039124
949.0 97.10243940353394
950.0 97.25351333618164
951.0 97.26119041442871
952.0 97.29161858558655
953.0 97.47514724731445
954.0 97.52640724182129
955.0 97.5842535495758
956.0 97.80504703521729
957.0 98.01254272460938
958.0 98.17761182785034
959.0 98.29235076904297
960.0 98.41889142990112
961.0 98.52460622787476
962.0 98.6133337020874
963.0 98.63743185997009
964.0 98.69206547737122
965.0 98.7732470035553
966.0 98.78384470939636
967.0 98.88838529586792
968.0 98.88051748275757
969.0 98.87745380401611
970.0 98.91220927238464
971.0 98.93044233322144
972.0 99.00273084640503
973.0 99.06212091445923
974.0 99.09303188323975
975.0 99.04413223266602
976.0 99.13081526756287
977.0 99.09568428993225
978.0 99.1536796092987
979.0 99.10905957221985
980.0 99.11009073257446
981.0 99.0278959274292
982.0 98.96212816238403
983.0 99.00807738304138
984.0 98.9531934261322
985.0 98.94170761108398
986.0 98.8680899143219
987.0 98.89614582061768
988.0 98.77133965492249
989.0 98.7328052520752
990.0 98.68597388267517
991.0 98.73698353767395
992.0 98.74551296234131
993.0 98.72646927833557
994.0 98.71808886528015
995.0 98.7524151802063
996.0 98.67311716079712
997.0 98.84384870529175
998.0 98.86273741722107
999.0 98.92675876617432
1000.0 98.94610643386841
1001.0 98.91824722290039
1002.0 99.070143699646
1003.0 99.07758235931396
1004.0 99.12397861480713
1005.0 99.10547137260437
1006.0 99.22454953193665
1007.0 99.21038150787354
1008.0 99.17799234390259
1009.0 99.12874102592468
1010.0 99.16653037071228
1011.0 99.18015599250793
1012.0 99.07803535461426
1013.0 99.07166361808777
1014.0 99.06857013702393
1015.0 99.02698397636414
1016.0 98.97227883338928
1017.0 99.01519417762756
1018.0 99.02605414390564
1019.0 98.9583432674408
1020.0 99.0168035030365
1021.0 99.12673234939575
1022.0 98.95688891410828
1023.0 99.0563452243805
1024.0 98.99203777313232
1025.0 98.99942278862
1026.0 99.01162981987
1027.0 99.13966655731201
1028.0 99.08422827720642
1029.0 99.18124079704285
1030.0 99.22242164611816
1031.0 99.2296814918518
1032.0 99.19719099998474
1033.0 99.18317794799805
1034.0 99.21312928199768
1035.0 99.24498796463013
1036.0 99.20119643211365
1037.0 99.22183752059937
1038.0 99.18919205665588
1039.0 99.12185072898865
1040.0 99.10615682601929
1041.0 99.1429090499878
1042.0 99.08415079116821
1043.0 99.03641939163208
1044.0 99.09822940826416
1045.0 98.78259897232056
1046.0 99.01095628738403
1047.0 98.93171191215515
1048.0 98.99640083312988
1049.0 98.87685179710388
1050.0 98.87756705284119
1051.0 98.79980087280273
1052.0 98.8188087940216
1053.0 98.7407386302948
1054.0 98.97511005401611
1055.0 99.0286648273468
1056.0 98.9298164844513
1057.0 98.98381233215332
1058.0 98.84941577911377
1059.0 98.92891645431519
1060.0 99.0363597869873
1061.0 98.90052676200867
1062.0 98.96361231803894
1063.0 98.85169267654419
1064.0 99.09650087356567
1065.0 98.93358945846558
1066.0 99.01679754257202
1067.0 99.18321371078491
1068.0 98.96112084388733
1069.0 98.83493185043335
1070.0 99.21846389770508
1071.0 98.9867091178894
1072.0 99.14634823799133
1073.0 99.28655624389648
1074.0 98.85610938072205
1075.0 98.78643751144409
1076.0 98.53980541229248
1077.0 98.99675846099854
1078.0 99.05358552932739
1079.0 98.7865149974823
1080.0 99.42378997802734
1081.0 98.54498505592346
1082.0 98.66774678230286
1083.0 98.78310561180115
1084.0 99.07106757164001
1085.0 98.97345304489136
1086.0 98.82115125656128
1087.0 99.03460741043091
1088.0 98.44084978103638
1089.0 98.63263964653015
1090.0 98.68524074554443
1091.0 98.87874126434326
1092.0 98.8684892654419
1093.0 98.72076511383057
1094.0 98.27657341957092
1095.0 98.62275719642639
1096.0 98.74796867370605
1097.0 98.46051931381226
1098.0 97.92889356613159
1099.0 98.49810004234314
1100.0 98.22311401367188
