lsstCam/transmission_filter_detector/r20_s21/y_10/19700101T000000.ecsv
# %ECSV 1.0
# ---
# datatype:
# - {name: wavelength, unit: nm, datatype: float32}
# - {name: efficiency, unit: '%', datatype: float64}
# meta: !!omap
# - {MODE: DETECTOR}
# - {TYPE: transmission_filter_detector}
# - {CALIBDATE: '1970-01-01T00:00:00'}
# - {INSTRUME: LSSTCam}
# - {OBSTYPE: transmission_filter_detector}
# - {CALIBCLS: lsst.ip.isr.IntermediateFilterDetectorTransmissionCurve}
# - {SOURCE: Materion (DM-46256)}
# - {DETECTOR: 79}
# - {FILTER: y_10}
# - {CALIB_ID: 'calibDate=1970-01-01T00:00:00 filter=y_10 detector=79'}
# - {DATE: '2025-04-02T15:59:51.108356'}
# - {CALIB_CREATION_DATE: '2025-04-02'}
# - {CALIB_CREATION_TIME: '15:59:51'}
# - __serialized_columns__:
#     efficiency:
#       __class__: astropy.units.quantity.Quantity
#       unit: !astropy.units.Unit {unit: '%'}
#       value: !astropy.table.SerializedColumn {name: efficiency}
#     wavelength:
#       __class__: astropy.units.quantity.Quantity
#       unit: !astropy.units.Unit {unit: nm}
#       value: !astropy.table.SerializedColumn {name: wavelength}
# schema: astropy-2.0
wavelength efficiency
[from data line 576]
876.0 0.0019195800632587634
877.0 0.001888195583887864
878.0 0.0018568112864159048
879.0 0.001867251739895437
880.0 0.06585185183212161
881.0 0.07791311363689601
882.0 0.057419686345383525
883.0 0.08713706629350781
884.0 0.0718653725925833
885.0 0.0872062286362052
886.0 0.06795025547035038
887.0 0.10077543556690216
888.0 0.06715040071867406
889.0 0.08595979888923466
890.0 0.061747338622808456
891.0 0.10869860416278243
892.0 0.07492507575079799
893.0 0.10788850486278534
894.0 0.054460682440549135
895.0 0.10584710398688912
896.0 0.08187678176909685
897.0 0.13091315049678087
898.0 0.0818914093542844
899.0 0.12490985682234168
900.0 0.09157314198091626
901.0 0.11446647113189101
902.0 0.1550295972265303
903.0 0.1503618317656219
904.0 0.17627689521759748
905.0 0.17128244508057833
906.0 0.2187604084610939
907.0 0.2891258103772998
908.0 0.35117368679493666
909.0 0.46894256956875324
910.0 0.6268626544624567
911.0 0.8633810095489025
912.0 1.2410277500748634
913.0 1.8721137195825577
914.0 2.664056420326233
915.0 3.8963641971349716
916.0 5.470139533281326
917.0 7.33051523566246
918.0 9.594487398862839
919.0 11.855176836252213
920.0 15.0035560131073
921.0 18.282513320446014
922.0 21.399202942848206
923.0 25.0105082988739
924.0 28.9694607257843
925.0 33.374640345573425
926.0 38.90919387340546
927.0 45.06043493747711
928.0 50.7046103477478
929.0 57.0816695690155
930.0 63.057661056518555
931.0 69.17141079902649
932.0 75.12933015823364
933.0 80.48976063728333
934.0 84.68095064163208
935.0 87.95014023780823
936.0 90.60487747192383
937.0 92.6578938961029
938.0 94.0802276134491
939.0 94.87026333808899
940.0 95.45623660087585
941.0 95.83667516708374
942.0 96.15715742111206
943.0 96.39619588851929
944.0 96.74844145774841
945.0 96.8404233455658
946.0 97.03443050384521
947.0 97.08482027053833
948.0 97.19933867454529
949.0 97.11986780166626
950.0 97.21240401268005
951.0 97.19831943511963
952.0 97.22474813461304
953.0 97.39795327186584
954.0 97.44685888290405
955.0 97.50942587852478
956.0 97.73727655410767
957.0 97.88979887962341
958.0 98.08580875396729
959.0 98.2484757900238
960.0 98.3717143535614
961.0 98.4665036201477
962.0 98.56135845184326
963.0 98.60809445381165
964.0 98.69157075881958
965.0 98.72454404830933
966.0 98.8008439540863
967.0 98.87946248054504
968.0 98.85685443878174
969.0 98.84554147720337
970.0 98.90809059143066
971.0 98.94430041313171
972.0 98.98727536201477
973.0 99.06663298606873
974.0 99.05984997749329
975.0 99.07939434051514
976.0 99.12686347961426
977.0 99.09259676933289
978.0 99.15649890899658
979.0 99.14209842681885
980.0 99.11300539970398
981.0 99.04356598854065
982.0 98.95409941673279
983.0 99.00648593902588
984.0 98.95539283752441
985.0 98.94487857818604
986.0 98.82738590240479
987.0 98.89410734176636
988.0 98.72581362724304
989.0 98.77192974090576
990.0 98.71450662612915
991.0 98.71198534965515
992.0 98.763108253479
993.0 98.71847629547119
994.0 98.6660897731781
995.0 98.69627356529236
996.0 98.65604043006897
997.0 98.80892038345337
998.0 98.81659150123596
999.0 98.88147711753845
1000.0 98.88225793838501
1001.0 98.90473484992981
1002.0 99.04171228408813
1003.0 99.00968670845032
1004.0 99.10027384757996
1005.0 99.09811615943909
1006.0 99.25049543380737
1007.0 99.19400811195374
1008.0 99.1730809211731
1009.0 99.16004538536072
1010.0 99.16050434112549
1011.0 99.17327165603638
1012.0 99.08172488212585
1013.0 99.09204840660095
1014.0 99.04809594154358
1015.0 99.01060461997986
1016.0 98.99942278862
1017.0 99.0108072757721
1018.0 99.02835488319397
1019.0 98.92193675041199
1020.0 98.9898145198822
1021.0 99.08915758132935
1022.0 98.97584319114685
1023.0 99.02305006980896
1024.0 99.0018904209137
1025.0 98.99933934211731
1026.0 99.0488350391388
1027.0 99.14715886116028
1028.0 99.13081526756287
1029.0 99.17535781860352
1030.0 99.16359782218933
1031.0 99.18600916862488
1032.0 99.20548796653748
1033.0 99.13509488105774
1034.0 99.23619031906128
1035.0 99.26282167434692
1036.0 99.19092655181885
1037.0 99.25386309623718
1038.0 99.18401837348938
1039.0 99.10144805908203
1040.0 99.02382493019104
1041.0 99.13089275360107
1042.0 99.12241101264954
1043.0 99.02133345603943
1044.0 99.09536838531494
1045.0 98.81313443183899
1046.0 98.97502660751343
1047.0 98.86748790740967
1048.0 98.954176902771
1049.0 98.78666400909424
1050.0 98.9046573638916
1051.0 98.81859421730042
1052.0 98.82097244262695
1053.0 98.64245057106018
1054.0 98.93136620521545
1055.0 99.02361631393433
1056.0 98.96047115325928
1057.0 98.98125529289246
1058.0 98.77142310142517
1059.0 98.95555377006531
1060.0 98.93317222595215
1061.0 98.92737865447998
1062.0 98.89754056930542
1063.0 98.8510012626648
1064.0 99.13296699523926
1065.0 99.02182817459106
1066.0 99.01338219642639
1067.0 99.02294278144836
1068.0 98.9347517490387
1069.0 98.845773935318
1070.0 99.20702576637268
1071.0 98.98238182067871
1072.0 99.10578727722168
1073.0 99.06359314918518
1074.0 98.80967140197754
1075.0 98.76144528388977
1076.0 98.5849380493164
1077.0 98.89437556266785
1078.0 99.08447861671448
1079.0 98.68091940879822
1080.0 99.34125542640686
1081.0 98.4890341758728
1082.0 98.69416952133179
1083.0 98.64354729652405
1084.0 98.90426397323608
1085.0 99.08511638641357
1086.0 98.76359105110168
1087.0 98.81380796432495
1088.0 98.51890206336975
1089.0 98.59520196914673
1090.0 98.74765872955322
1091.0 98.69880676269531
1092.0 98.67217540740967
1093.0 98.67003560066223
1094.0 98.48701357841492
1095.0 98.42833876609802
1096.0 98.54423999786377
1097.0 98.48887324333191
1098.0 97.90472984313965
1099.0 98.44013452529907
1100.0 98.16482067108154
