lsstCam/transmission_filter_detector/r20_s21/y_10/19700101T000000.ecsv
# %ECSV 1.0
# ---
# datatype:
# - {name: wavelength, unit: nm, datatype: float32}
# - {name: efficiency, unit: '%', datatype: float64}
# meta: !!omap
# - {MODE: DETECTOR}
# - {TYPE: transmission_filter_detector}
# - {CALIBDATE: '1970-01-01T00:00:00'}
# - {INSTRUME: LSSTCam}
# - {OBSTYPE: transmission_filter_detector}
# - {CALIBCLS: lsst.ip.isr.IntermediateFilterDetectorTransmissionCurve}
# - {SOURCE: Materion (DM-46256)}
# - {DETECTOR: 79}
# - {FILTER: y_10}
# - {CALIB_ID: 'calibDate=1970-01-01T00:00:00 filter=y_10 detector=79'}
# - {DATE: '2025-04-02T15:59:51.108356'}
# - {CALIB_CREATION_DATE: '2025-04-02'}
# - {CALIB_CREATION_TIME: '15:59:51'}
# - __serialized_columns__:
#     efficiency:
#       __class__: astropy.units.quantity.Quantity
#       unit: !astropy.units.Unit {unit: '%'}
#       value: !astropy.table.SerializedColumn {name: efficiency}
#     wavelength:
#       __class__: astropy.units.quantity.Quantity
#       unit: !astropy.units.Unit {unit: nm}
#       value: !astropy.table.SerializedColumn {name: wavelength}
# schema: astropy-2.0
wavelength efficiency
300.0 0.14042080147191882
301.0 0.07696811808273196
302.0 0.013515424507204443
303.0 0.01659310219110921
304.0 0.019670779875013977
305.0 0.012807536404579878
306.0 0.005944290751358494
307.0 0.010936109174508601
308.0 0.015927925414871424
309.0 0.011888938752235845
310.0 0.007849952817196026
311.0 0.006931931420695037
312.0 0.006013908569002524
313.0 0.0050207952881464735
314.0 0.004027680915896781
315.0 0.003896978887496516
316.0 0.003766278678085655
317.0 0.0027045765818911605
318.0 0.0016428733943030238
319.0 0.001658495057199616
320.0 0.0016741167200962082
321.0 0.002313206459803041
322.0 0.0029522958357119933
323.0 0.004493779852055013
324.0 0.006035263868398033
325.0 0.0032694417313905433
326.0 0.0005036199581809342
327.0 0.0013428616512101144
328.0 0.0021821027985424735
329.0 0.0027246032914263196
330.0 0.0032671036024112254
331.0 0.0026652465749066323
332.0 0.002063389547402039
333.0 0.0029667306080227718
334.0 0.0038700716686435044
335.0 0.0036675231967819855
336.0 0.0034649736335268244
337.0 0.0026763476853375323
338.0 0.0018877217371482402
339.0 0.0011999108210147824
340.0 0.000512100086780265
341.0 0.0005623907782137394
342.0 0.0006126813332230086
343.0 0.0008606086339568719
344.0 0.0011085359801654704
345.0 0.0012349138160061557
346.0 0.0013612917427963112
347.0 0.0014779038792767096
348.0 0.001594515924807638
349.0 0.0015786181393195875
350.0 0.0015627201719325967
351.0 0.0016955231330939569
352.0 0.0018283262761542574
353.0 0.0015465617252630182
354.0 0.0012647973562707193
355.0 0.0013970964573672973
356.0 0.0015293953765649348
357.0 0.0015810153854545206
358.0 0.0016326353943441063
359.0 0.0014600204849557485
360.0 0.0012874053936684504
361.0 0.0011073086170654278
362.0 0.0009272117495129351
363.0 0.000918482146516908
364.0 0.0009097523616219405
365.0 0.0013361657693167217
366.0 0.001762579267960973
367.0 0.0020564324586302973
368.0 0.0023502851036028005
369.0 0.001764767694112379
370.0 0.0011792501027230173
371.0 0.0013628698070533574
372.0 0.0015464895113836974
373.0 0.0017304921129834838
374.0 0.00191449453268433
375.0 0.003071912578889169
376.0 0.004229331170790829
377.0 0.0042443160054972395
378.0 0.004259301204001531
379.0 0.0038120360841276124
380.0 0.003364770600455813
381.0 0.0025554094463586807
382.0 0.0017460479284636676
383.0 0.001480274568166351
384.0 0.001214501025970094
385.0 0.0010210670552623924
386.0 0.0008276332664536312
387.0 0.0007895494491094723
388.0 0.0007514656772400485
389.0 0.0006539712558151223
390.0 0.0005564766979659908
391.0 0.0005401548605732387
392.0 0.0005238328867562814
393.0 0.0006439212029363262
394.0 0.0007640094736416359
395.0 0.0007022442332527135
396.0 0.0006404790383385262
397.0 0.000856740734889172
398.0 0.0010730023859650828
399.0 0.001212866663991008
400.0 0.0013527310329664033
401.0 0.0014438915968639776
402.0 0.0015350520698120818
403.0 0.0016368447177228518
404.0 0.0017386371837346815
405.0 0.0018575165086076595
406.0 0.0019763958334806375
407.0 0.0017606182154850103
408.0 0.001544840597489383
409.0 0.0012584950127347838
410.0 0.000972149155131774
411.0 0.0010202815246884711
412.0 0.001068413803295698
413.0 0.0006845154075563187
414.0 0.00030061692086746916
415.0 0.0002218708004875225
416.0 0.00014312468010757584
417.0 1.6283992383681056e-10
418.0 1.6283992383681056e-10
419.0 1.6283992383681056e-10
420.0 1.6283992383681056e-10
421.0 1.5133571196201956e-05
422.0 0.00026158136279264
423.0 0.0007789019036863465
424.0 0.0012962223991053179
425.0 0.000407912830269197
426.0 1.6283992383681056e-10
427.0 6.3311674125543504e-06
428.0 0.000493058951178682
429.0 1.6283992383681056e-10
430.0 1.6283992383681056e-10
431.0 1.6283992383681056e-10
432.0 0.00045500605665438343
433.0 1.6283992383681056e-10
434.0 1.6283992383681056e-10
435.0 1.6283992383681056e-10
436.0 0.00034909489841083996
437.0 0.00013048429536866024
438.0 1.6283992383681056e-10
439.0 1.6283992383681056e-10
440.0 1.3656801911565708e-05
441.0 1.6283992383681056e-10
442.0 1.6283992383681056e-10
443.0 1.6283992383681056e-10
444.0 0.00013782425867248094
445.0 0.00018830610315490048
446.0 0.00023878778847574722
447.0 0.00032872594601940364
448.0 0.00041866405808832496
449.0 0.00014966956314310664
450.0 1.6283992383681056e-10
451.0 1.6283992383681056e-10
452.0 1.6283992383681056e-10
453.0 1.6283992383681056e-10
454.0 1.6283992383681056e-10
455.0 2.637397855664858e-06
456.0 0.0002569425532783498
457.0 1.6283992383681056e-10
458.0 1.6283992383681056e-10
459.0 1.6283992383681056e-10
460.0 1.6283992383681056e-10
461.0 1.70458704928933e-05
462.0 0.0005887724910280667
463.0 0.0006966617547732312
464.0 0.0008045510185183957
465.0 0.0006009353000990814
466.0 0.0003973196726292372
467.0 0.0008836672350298613
468.0 0.0013700146155315451
469.0 0.0015369012544397265
470.0 0.0017037877114489675
471.0 0.0022000533135724254
472.0 0.002696318733796943
473.0 0.0027455362214823253
474.0 0.002794753345369827
475.0 0.0028247564841876738
476.0 0.00285475944110658
477.0 0.0029209866625024006
478.0 0.0029872140657971613
479.0 0.003349206963321194
480.0 0.0037111996789462864
481.0 0.003938565714634024
482.0 0.004165931750321761
483.0 0.004003008871222846
484.0 0.0038400863559218124
485.0 0.00358367215085309
486.0 0.0033272579457843676
487.0 0.0030440813134191558
488.0 0.0027609048629528843
489.0 0.002304256304341834
490.0 0.0018476077457307838
491.0 0.0017020800441969186
492.0 0.0015565525245619938
493.0 0.0015941048332024366
494.0 0.001631656959943939
495.0 0.0017423906683688983
496.0 0.0018531241948949173
497.0 0.0018967051801155321
498.0 0.001940286165336147
499.0 0.0020208321075187996
500.0 0.0021013780497014523
501.0 0.0025315137463621795
502.0 0.0029616498068207875
503.0 0.0027186504667042755
504.0 0.0024756507627898827
505.0 0.0027416615921538323
506.0 0.0030076726034167223
507.0 0.0023488964870921336
508.0 0.001690120370767545
509.0 0.0016131765733007342
510.0 0.0015362324120360427
511.0 0.0016158466678461991
512.0 0.0016954609236563556
513.0 0.00181142459041439
514.0 0.0019273882571724243
515.0 0.0017254220438189805
516.0 0.0015234559214150067
517.0 0.0014583628399122972
518.0 0.0013932698493590578
519.0 0.0011845987501146737
520.0 0.00097592783276923
521.0 0.0013568724170909263
522.0 0.0017378168195136823
523.0 0.0019027225789614022
524.0 0.0020676281565101817
525.0 0.002221510476374533
526.0 0.0023753927962388843
527.0 0.0022946667741052806
528.0 0.0022139409338706173
529.0 0.0022415666535380296
530.0 0.0022691921913065016
531.0 0.0022777743652113713
532.0 0.0022863563572173007
533.0 0.0021815816580783576
534.0 0.002076806777040474
535.0 0.0017165408280561678
536.0 0.001356274606223451
537.0 0.001912241532409098
538.0 0.0024682087314431556
539.0 0.0030457113098236732
540.0 0.0036232140701031312
541.0 0.0037099889595992863
542.0 0.0037967634852975607
543.0 0.0041567280277376994
544.0 0.0045166922063799575
545.0 0.004787946818396449
546.0 0.005059201430412941
547.0 0.00433631066698581
548.0 0.0036134202673565596
549.0 0.0028179269065731205
550.0 0.0020224335457896814
551.0 0.0022552612790605053
552.0 0.0024880890123313293
553.0 0.0028582242521224543
554.0 0.0032283594919135794
555.0 0.0036730034480569884
556.0 0.004117647767998278
557.0 0.00397140029235743
558.0 0.003825152452918701
559.0 0.0035920853406423703
560.0 0.0033590182283660397
561.0 0.003514238414936699
562.0 0.0036694586015073583
563.0 0.003557646050467156
564.0 0.003445833135629073
565.0 0.0037651083403034136
566.0 0.004084383544977754
567.0 0.003946062133763917
568.0 0.00380774108634796
569.0 0.0047488018026342615
570.0 0.005689862518920563
571.0 0.006138361641205847
572.0 0.0065868618548847735
573.0 0.006786817539250478
574.0 0.006986773223616183
575.0 0.006690095324302092
576.0 0.00639341669739224
577.0 0.006056780330254696
578.0 0.0057201439631171525
579.0 0.0058554451243253425
580.0 0.0059907462855335325
581.0 0.006913454853929579
582.0 0.007836162694729865
583.0 0.008625594637123868
584.0 0.009415026579517871
585.0 0.00962688063737005
586.0 0.009838734695222229
587.0 0.010229078907286748
588.0 0.01061942457454279
589.0 0.010656837548594922
590.0 0.010694251250242814
591.0 0.0100142955488991
592.0 0.009334338392363861
593.0 0.007754733087494969
594.0 0.006175129965413362
595.0 0.005873472400708124
596.0 0.005571815199800767
597.0 0.005907006197958253
598.0 0.00624219755991362
599.0 0.007166702562244609
600.0 0.008091206836979836
601.0 0.008973871445050463
602.0 0.009856535325525329
603.0 0.01035566019709222
604.0 0.010854787251446396
605.0 0.011248075315961614
606.0 0.011641362652881071
607.0 0.009975104330806062
608.0 0.008308847463922575
609.0 0.006458835559897125
610.0 0.004608824019669555
611.0 0.003896808630088344
612.0 0.0031847932405071333
613.0 0.0033970045478781685
614.0 0.0036092151276534423
615.0 0.004564939081319608
616.0 0.0055206626711878926
617.0 0.0066967222664970905
618.0 0.007872779679019004
619.0 0.009079245501197875
620.0 0.010285710595780984
621.0 0.010898951586568728
622.0 0.011512195487739518
623.0 0.011918625386897475
624.0 0.01232505455845967
625.0 0.010714465315686539
626.0 0.009103874617721885
627.0 0.007402802293654531
628.0 0.005701731788576581
629.0 0.004547374919638969
630.0 0.003393018414499238
631.0 0.002859798405552283
632.0 0.0023265782147063874
633.0 0.002620205304992851
634.0 0.002913832213380374
635.0 0.003207561167073436
636.0 0.0035012897569686174
637.0 0.0037665296986233443
638.0 0.0040317692764801905
639.0 0.004294767859391868
640.0 0.004557766078505665
641.0 0.005079055335954763
642.0 0.005600344957201742
643.0 0.005543458973988891
644.0 0.005486572263180278
645.0 0.0050647970056161284
646.0 0.004643021384254098
647.0 0.0037268131563905627
648.0 0.0028106051104259677
649.0 0.0022520536731462926
650.0 0.0016935024177655578
651.0 0.0016284191588056274
652.0 0.0015633357179467566
653.0 0.0015298997823265381
654.0 0.0014964639376557898
655.0 0.0014489552086160984
656.0 0.0014014463886269368
657.0 0.0014185543477651663
658.0 0.001435662397852866
659.0 0.001793411502148956
660.0 0.0021511603335966356
661.0 0.002066787965304684
662.0 0.001982415960810613
663.0 0.002140315518772695
664.0 0.0022982154405326582
665.0 0.0029635859391419217
666.0 0.003628956255852245
667.0 0.004251620339346118
668.0 0.004874284422839992
669.0 0.005170479562366381
670.0 0.005466671791509725
671.0 0.006182199285831302
672.0 0.006897727871546522
673.0 0.007687709876336157
674.0 0.008477691881125793
675.0 0.008287086529890075
676.0 0.00809648263384588
677.0 0.006390587805071846
678.0 0.004684690793510526
679.0 0.003124118666164577
680.0 0.0015635450836271048
681.0 0.0010726570508268196
682.0 0.0005817691089760046
683.0 0.0006224474873306463
684.0 0.0006631257747358177
685.0 0.0004204779088468058
686.0 0.00017782981558411848
687.0 0.00012454324860300403
688.0 7.125671004359901e-05
689.0 9.176584399028798e-05
690.0 0.00011227501772737014
691.0 0.00021221860606601695
692.0 0.00031216222851071507
693.0 0.00033845126381493174
694.0 0.0003647403445938835
695.0 0.000327879706674139
696.0 0.00029101906875439454
697.0 0.00035438495160633465
698.0 0.00041775087993300986
699.0 0.00024282544472953305
700.0 6.790007773815887e-05
701.0 7.237171075757942e-05
702.0 7.684336651436752e-05
703.0 6.61942181068298e-05
704.0 5.554518338612979e-05
705.0 0.00012534305824374314
706.0 0.00019514086488925386
707.0 0.00023691250135016162
708.0 0.0002786840923363343
709.0 0.00041448374759056605
710.0 0.0005502834028447978
711.0 0.0004071493549417937
712.0 0.0002640153070387896
713.0 9.900791155814659e-05
714.0 1.6283992383681056e-10
715.0 3.353130750838318e-05
716.0 0.00013306204209584394
717.0 1.6283992383681056e-10
718.0 1.6283992383681056e-10
719.0 0.00023905688522063429
720.0 0.0006788576229155296
721.0 0.0006944168944755802
722.0 0.0007099762569851009
723.0 0.0005506925845111255
724.0 0.00039140891203715
725.0 1.6283992383681056e-10
726.0 1.6283992383681056e-10
727.0 1.6283992383681056e-10
728.0 0.00038445632526418194
729.0 0.0004116314357816009
730.0 0.0004388067281979602
731.0 0.00037007071114203427
732.0 0.000301335012409254
733.0 0.0003216168124708929
734.0 0.0003418987489567371
735.0 0.00034887436868302757
736.0 0.0003558500793587882
737.0 0.0004611367330653593
738.0 0.0005664235686708707
739.0 0.00045766300900140777
740.0 0.0003489022446956369
741.0 0.0005847668035130482
742.0 0.000820631339593092
743.0 0.00035099999422527617
744.0 1.6283992383681056e-10
745.0 0.0002594631723695784
746.0 0.0006375576958816964
747.0 0.0005401732323662145
748.0 0.00044278863242652733
749.0 0.00011367858405719744
750.0 1.6283992383681056e-10
751.0 0.0002833787903000484
752.0 0.0007821889994374942
753.0 0.000625656639385852
754.0 0.00046912427933420986
755.0 0.00010349938293074956
756.0 1.6283992383681056e-10
757.0 1.6283992383681056e-10
758.0 0.00017564409517945023
759.0 0.0002951866918010637
760.0 0.00041472935663477983
761.0 0.000502803686686093
762.0 0.0005908781076868763
763.0 0.0006091427167120855
764.0 0.0006274074166867649
765.0 0.000600218982071965
766.0 0.0005730306384066353
767.0 0.00037394788705569226
768.0 0.00017486521528553567
769.0 0.00027431190119386883
770.0 0.00037375843930931296
771.0 0.0003643044692580588
772.0 0.00035485043099470204
773.0 0.00036494229789241217
774.0 0.0003750340738406521
775.0 0.00030506453185807914
776.0 0.00023509485345130088
777.0 0.00035715740978048416
778.0 0.00047922007979650516
779.0 0.0005700738711311715
780.0 0.000660927753415308
781.0 0.0006044303972885245
782.0 0.0005479330866364762
783.0 0.0006265485808398807
784.0 0.0007051640750432853
785.0 0.0006185087841004133
786.0 0.0005318534476828063
787.0 0.0004547317075775936
788.0 0.00037760992199764587
789.0 0.0003158300614813925
790.0 0.000254050155490404
791.0 0.0006515660061268136
792.0 0.001049081765813753
793.0 0.000837398965813918
794.0 0.0006257162112888182
795.0 0.0007054801699268864
796.0 0.0007852440830902196
797.0 0.000780877689976478
798.0 0.0007765112059132662
799.0 0.00036746125715581
800.0 1.6283992383681056e-10
801.0 0.0001297329731642094
802.0 0.00030105470614216756
803.0 0.00045053370740788523
804.0 0.000600012754148338
805.0 0.0007149613338697236
806.0 0.0008299097316921689
807.0 0.0007371638730546692
808.0 0.0006444179234676994
809.0 0.0005606827471638098
810.0 0.00047694747991045006
811.0 0.0006221095190994674
812.0 0.0007672714673390146
813.0 0.000837259904074017
814.0 0.0009072484317584895
815.0 0.0007131979145924561
816.0 0.0005191473064769525
817.0 0.0007410612852254417
818.0 0.000962975354923401
819.0 0.0009999344911193475
820.0 0.0010368935363658238
821.0 0.0008817841262498405
822.0 0.0007266745797096519
823.0 0.00046982800085970666
824.0 0.00021298142200976145
825.0 0.00042036122067656834
826.0 0.0006277410193433752
827.0 0.0008805433935776819
828.0 0.0011333457223372534
829.0 0.0006305277565843426
830.0 0.0001277098931495857
831.0 0.00030617557058576494
832.0 0.0004846414867643034
833.0 0.0008474774404021446
834.0 0.0012103134395147208
835.0 0.0006060791747586336
836.0 1.8447966709800312e-06
837.0 0.00010651327784216846
838.0 0.00021118171389389317
839.0 0.0004257590262568556
840.0 0.0006403363840945531
841.0 0.0007346515758399619
842.0 0.0008289666766359005
843.0 0.0007022433237580117
844.0 0.0005755198344559176
845.0 0.0007364720659097657
846.0 0.0008974243428383488
847.0 0.0009618841431802139
848.0 0.0010263438525726087
849.0 0.000719342460797634
850.0 0.00041234093259845395
851.0 0.0009587222848495003
852.0 0.0015051035916258115
853.0 0.0011343011465214659
854.0 0.00076349861046765
855.0 0.00053670055422117
856.0 0.00030990254344942514
857.0 0.0008024170710996259
858.0 0.001294931826123502
859.0 0.001184794382425025
860.0 0.001074656847777078
861.0 0.0012670982869167347
862.0 0.001459539544157451
863.0 0.001469551079935627
864.0 0.0014795624338148627
865.0 0.0019070581402047537
866.0 0.002334553391847294
867.0 0.0027877795218955725
868.0 0.00324100510624703
869.0 0.0030822880944469944
870.0 0.0029235705369501375
871.0 0.0031479154131375253
872.0 0.0033722604712238535
873.0 0.002774227687041275
874.0 0.0021761950847576372
