lsstCam/transmission_filter_detector/r34_s12/u_24/19700101T000000.ecsv
# %ECSV 1.0
# ---
# datatype:
# - {name: wavelength, unit: nm, datatype: float32}
# - {name: efficiency, unit: '%', datatype: float64}
# meta: !!omap
# - {MODE: DETECTOR}
# - {TYPE: transmission_filter_detector}
# - {CALIBDATE: '1970-01-01T00:00:00'}
# - {INSTRUME: LSSTCam}
# - {OBSTYPE: transmission_filter_detector}
# - {CALIBCLS: lsst.ip.isr.IntermediateFilterDetectorTransmissionCurve}
# - {SOURCE: Materion (DM-46256)}
# - {DETECTOR: 158}
# - {FILTER: u_24}
# - {CALIB_ID: 'calibDate=1970-01-01T00:00:00 filter=u_24 detector=158'}
# - {DATE: '2025-04-02T15:59:40.482691'}
# - {CALIB_CREATION_DATE: '2025-04-02'}
# - {CALIB_CREATION_TIME: '15:59:40'}
# - __serialized_columns__:
#     efficiency:
#       __class__: astropy.units.quantity.Quantity
#       unit: !astropy.units.Unit {unit: '%'}
#       value: !astropy.table.SerializedColumn {name: efficiency}
#     wavelength:
#       __class__: astropy.units.quantity.Quantity
#       unit: !astropy.units.Unit {unit: nm}
#       value: !astropy.table.SerializedColumn {name: wavelength}
# schema: astropy-2.0
wavelength efficiency
295.0 1.9626700438479805e-10
296.0 1.9626700438479805e-10
297.0 1.9626700438479805e-10
298.0 1.9626700438479805e-10
299.0 1.9626700438479805e-10
300.0 1.9626700438479805e-10
301.0 1.9626700438479805e-10
302.0 1.9626700438479805e-10
303.0 1.9626700438479805e-10
304.0 0.7170121651142836
305.0 1.7054378986358643
306.0 3.347642347216606
307.0 5.661198869347572
308.0 8.424676209688187
309.0 12.441374361515045
310.0 16.512776911258698
311.0 20.291413366794586
312.0 23.672951757907867
313.0 26.427841186523438
314.0 28.997284173965454
315.0 31.725123524665833
316.0 34.26218330860138
317.0 37.83227503299713
318.0 41.939881443977356
319.0 47.2944974899292
320.0 53.68144512176514
321.0 59.100234508514404
322.0 64.70440030097961
323.0 69.09388303756714
324.0 72.07651138305664
325.0 74.45939779281616
326.0 76.64150595664978
327.0 78.1617820262909
328.0 79.73202466964722
329.0 80.91020584106445
330.0 81.62915706634521
331.0 81.9790780544281
332.0 82.12737441062927
333.0 82.34700560569763
334.0 82.44557976722717
335.0 82.99965858459473
336.0 83.63150954246521
337.0 84.38007235527039
338.0 85.13761162757874
339.0 85.55634021759033
340.0 85.8763575553894
341.0 86.23796701431274
342.0 86.46577596664429
343.0 86.4492654800415
344.0 86.7513656616211
345.0 87.17488646507263
346.0 87.53296732902527
347.0 87.90204524993896
348.0 88.18688988685608
349.0 88.2123589515686
350.0 88.29546570777893
351.0 88.5047197341919
352.0 88.37231993675232
353.0 88.38971853256226
354.0 88.35625648498535
355.0 88.3624255657196
356.0 88.47118020057678
357.0 88.26689124107361
358.0 87.78905272483826
359.0 87.52264976501465
360.0 87.38039135932922
361.0 87.17107772827148
362.0 87.11837530136108
363.0 87.33483552932739
364.0 87.63254880905151
365.0 87.98620104789734
366.0 88.2655680179596
367.0 88.30648064613342
368.0 88.34038376808167
369.0 88.52605819702148
370.0 88.49633932113647
371.0 88.55205774307251
372.0 88.7289047241211
373.0 88.95791172981262
374.0 88.97363543510437
375.0 89.32228088378906
376.0 89.605712890625
377.0 89.66528177261353
378.0 89.5172119140625
379.0 88.79793882369995
380.0 87.6000165939331
381.0 85.87478995323181
382.0 83.82917046546936
383.0 81.76776170730591
384.0 79.55399751663208
385.0 76.83906555175781
386.0 73.82590770721436
387.0 69.83169317245483
388.0 65.65889120101929
389.0 60.726916790008545
390.0 56.437188386917114
391.0 52.17195153236389
392.0 48.145633935928345
393.0 44.628286361694336
394.0 40.87274372577667
395.0 36.19082868099213
396.0 30.58907687664032
397.0 23.262295126914978
398.0 16.251689195632935
399.0 9.785376489162445
400.0 4.818312078714371
401.0 1.8406445160508156
402.0 0.5720121785998344
403.0 0.20608888007700443
404.0 0.07968338904902339
405.0 0.015439761045854539
406.0 0.031119876075536013
407.0 1.9626700438479805e-10
408.0 1.9626700438479805e-10
409.0 1.9626700438479805e-10
410.0 1.9626700438479805e-10
411.0 1.9626700438479805e-10
412.0 1.9626700438479805e-10
413.0 1.9626700438479805e-10
414.0 1.9626700438479805e-10
415.0 1.9626700438479805e-10
416.0 1.9626700438479805e-10
417.0 1.9626700438479805e-10
418.0 1.9626700438479805e-10
419.0 1.9626700438479805e-10
420.0 1.9626700438479805e-10
421.0 1.9626700438479805e-10
422.0 1.9626700438479805e-10
423.0 1.9626700438479805e-10
424.0 1.9626700438479805e-10
425.0 1.9626700438479805e-10
426.0 0.0003904540335497586
427.0 1.9626700438479805e-10
428.0 1.9626700438479805e-10
429.0 1.9626700438479805e-10
430.0 0.0009075103662326001
431.0 1.9626700438479805e-10
432.0 1.9626700438479805e-10
433.0 1.9626700438479805e-10
434.0 1.9626700438479805e-10
435.0 0.0008788448212726507
436.0 0.0026660196454031393
437.0 0.0013069118722341955
438.0 1.9626700438479805e-10
439.0 1.9626700438479805e-10
440.0 1.9626700438479805e-10
441.0 1.9626700438479805e-10
442.0 1.9626700438479805e-10
443.0 1.9626700438479805e-10
444.0 1.9626700438479805e-10
445.0 1.9626700438479805e-10
446.0 0.0002295191734447144
447.0 1.9626700438479805e-10
448.0 1.9626700438479805e-10
449.0 0.0003959993136959383
450.0 0.001270093798666494
451.0 0.00035819723507302115
452.0 1.9626700438479805e-10
453.0 0.0003244295839976985
454.0 0.0012025587238895241
455.0 1.9626700438479805e-10
456.0 1.9626700438479805e-10
457.0 1.9626700438479805e-10
458.0 0.00029684817945963005
459.0 4.661319792376162e-05
460.0 1.9626700438479805e-10
461.0 1.9626700438479805e-10
462.0 1.9626700438479805e-10
463.0 6.182847300806316e-05
464.0 0.00019731780867005
465.0 1.9626700438479805e-10
466.0 1.9626700438479805e-10
467.0 0.0002452300577715505
468.0 0.0007675359483982902
469.0 0.000286325439446955
470.0 1.9626700438479805e-10
471.0 4.1396143046767975e-05
472.0 0.00027767737265094183
473.0 0.00014661135310234386
474.0 1.5545259657301358e-05
475.0 1.9626700438479805e-10
476.0 1.9626700438479805e-10
477.0 1.9626700438479805e-10
478.0 1.9626700438479805e-10
479.0 1.9626700438479805e-10
480.0 0.00019154501842422178
481.0 1.9626700438479805e-10
482.0 1.9626700438479805e-10
483.0 1.9626700438479805e-10
484.0 6.847942017884634e-05
485.0 1.9626700438479805e-10
486.0 1.9626700438479805e-10
487.0 1.9626700438479805e-10
488.0 1.9626700438479805e-10
489.0 1.9626700438479805e-10
490.0 1.9626700438479805e-10
491.0 1.9626700438479805e-10
492.0 1.9626700438479805e-10
493.0 1.9626700438479805e-10
494.0 1.9626700438479805e-10
495.0 1.9626700438479805e-10
496.0 1.9626700438479805e-10
497.0 1.9626700438479805e-10
498.0 1.289372590917992e-05
499.0 1.9626700438479805e-10
500.0 1.9626700438479805e-10
501.0 1.9626700438479805e-10
502.0 1.9626700438479805e-10
503.0 0.00015455041193490615
504.0 0.00036228432236384833
505.0 1.9626700438479805e-10
506.0 1.9626700438479805e-10
507.0 1.9626700438479805e-10
508.0 3.674093989047833e-05
509.0 1.9626700438479805e-10
510.0 1.9626700438479805e-10
511.0 1.9626700438479805e-10
512.0 1.9626700438479805e-10
513.0 1.9626700438479805e-10
514.0 1.9626700438479805e-10
515.0 1.9626700438479805e-10
516.0 1.9626700438479805e-10
517.0 1.9626700438479805e-10
518.0 1.9626700438479805e-10
519.0 1.9626700438479805e-10
520.0 1.9626700438479805e-10
521.0 1.9626700438479805e-10
522.0 1.9626700438479805e-10
523.0 1.9626700438479805e-10
524.0 1.9626700438479805e-10
525.0 1.9626700438479805e-10
526.0 1.9626700438479805e-10
527.0 1.9626700438479805e-10
528.0 3.113958371159242e-05
529.0 1.9626700438479805e-10
530.0 1.9626700438479805e-10
531.0 1.9626700438479805e-10
532.0 1.9626700438479805e-10
533.0 1.9626700438479805e-10
534.0 0.0003003850679306197
535.0 1.9626700438479805e-10
536.0 1.9626700438479805e-10
537.0 1.9626700438479805e-10
538.0 7.345338985942362e-05
539.0 0.00011714641914295498
540.0 0.00016083939726740937
541.0 0.00017044434343915782
542.0 0.00018004933508564136
543.0 1.9626700438479805e-10
544.0 1.9626700438479805e-10
545.0 7.702716970925394e-05
546.0 0.0004213799002172891
547.0 4.7593249519195524e-05
548.0 1.9626700438479805e-10
549.0 1.9626700438479805e-10
550.0 1.9626700438479805e-10
551.0 1.9626700438479805e-10
552.0 1.9626700438479805e-10
553.0 1.9626700438479805e-10
554.0 1.9626700438479805e-10
555.0 1.9626700438479805e-10
556.0 1.9626700438479805e-10
557.0 7.184073069765873e-05
558.0 0.00019196043012925657
559.0 1.9626700438479805e-10
560.0 1.9626700438479805e-10
561.0 4.079084590102866e-05
562.0 0.0003380823955012602
563.0 0.0003524114617903251
564.0 0.00036674025523097953
565.0 0.00022504541448142845
566.0 8.335057373187738e-05
567.0 3.94222610111683e-05
568.0 1.9626700438479805e-10
569.0 8.953936685429653e-05
570.0 0.00018358484794589458
571.0 0.00026660243293008534
572.0 0.00034962008612637874
573.0 0.0004230421836837195
574.0 0.0004964643267157953
575.0 0.0003473478273008368
576.0 0.00019823137336061336
577.0 0.00028469523840612965
578.0 0.0003711591261890135
579.0 0.0006506463250843808
580.0 0.0009301335921918508
581.0 0.0012398435501381755
582.0 0.0015495532352360897
583.0 0.00143999413921847
584.0 0.0013304348613019101
585.0 0.0010894745173573028
586.0 0.0008485142643621657
587.0 0.0004378424819151405
588.0 2.717073357416666e-05
589.0 0.00045350725486059673
590.0 0.0008798437193036079
591.0 0.0007786761671013664
592.0 0.0006775087967980653
593.0 0.0007511622698075371
594.0 0.0008248157428170089
595.0 0.0008578504093748052
596.0 0.0008908854397304822
597.0 0.0010589333214738872
598.0 0.0012269810213183518
599.0 0.0015989848179742694
600.0 0.0019709888874785975
601.0 0.00241134603129467
602.0 0.002851702993211802
603.0 0.0023969912945176475
604.0 0.0019422797777224332
605.0 0.0016586527635809034
606.0 0.0013750261132372543
607.0 0.0011635911505436525
608.0 0.0009521560059511103
609.0 0.0007974435902724508
610.0 0.000642730992694851
611.0 0.0006396437129296828
612.0 0.0006365564331645146
613.0 0.0007149185421440052
614.0 0.0007932805601740256
615.0 0.0007857934178900905
616.0 0.0007783060027577449
617.0 0.0004970677764504217
618.0 0.00021582945919362828
619.0 0.0003567213298083516
620.0 0.0004976131549483398
621.0 0.0006141441645013401
622.0 0.0007306750376301352
623.0 0.0006559219400514849
624.0 0.0005811687515233643
625.0 0.0009239731298293918
626.0 0.0012667775990848895
627.0 0.0011521482520038262
628.0 0.0010375189049227629
629.0 0.0011504010217322502
630.0 0.0012632830475922674
631.0 0.0015220054592646193
632.0 0.0017807282347348519
633.0 0.0024310646040248685
634.0 0.0030814007914159447
635.0 0.0030791794415563345
636.0 0.003076958455494605
637.0 0.0023079935999703594
638.0 0.0015390287444461137
639.0 0.0014521928278554697
640.0 0.0013653570022142958
641.0 0.0013792313438898418
642.0 0.001393105776514858
643.0 0.0011371658729331102
644.0 0.0008812258784018923
645.0 0.0002933398718596436
646.0 1.9626700438479805e-10
647.0 1.9626700438479805e-10
648.0 0.00024785931600490585
649.0 0.00015020589216874214
650.0 5.2552439910869e-05
651.0 0.0004889252068096539
652.0 0.0009252979907614645
653.0 0.001187757334264461
654.0 0.001450216495868517
655.0 0.0018474653188604861
656.0 0.0022447144147008657
657.0 0.0025381230443599634
658.0 0.002831531674019061
659.0 0.0032201194699155167
660.0 0.0036087069020140916
661.0 0.0032955540518742055
662.0 0.0029824006560374983
663.0 0.002439291711198166
664.0 0.0018961827663588338
665.0 0.0014340024790726602
666.0 0.0009718221008370165
667.0 0.0011531317795743234
668.0 0.0013344414583116304
669.0 0.0011213375728402752
670.0 0.0009082337783183903
671.0 0.0007595628630951978
672.0 0.0006108919023972703
673.0 0.0006061496151232859
674.0 0.0006014073278493015
675.0 0.0008717120181245264
676.0 0.0011420166629250161
677.0 0.001433320630894741
678.0 0.001724624598864466
679.0 0.002216376378783025
680.0 0.002708128340600524
681.0 0.0038381473132176325
682.0 0.00496816574013792
683.0 0.006595784361707047
684.0 0.008223403710871935
685.0 0.009114261047216132
686.0 0.010005119838751853
687.0 0.008646500646136701
688.0 0.007287880725925788
689.0 0.005867913932888769
690.0 0.004447947139851749
691.0 0.0039798567740945145
692.0 0.00351176640833728
693.0 0.0032072694011731073
694.0 0.002902772575907875
695.0 0.002064227737719193
696.0 0.0012256828995305113
697.0 0.001083232018572744
698.0 0.0009407811376149766
699.0 0.0007958298738230951
700.0 0.0006508785645564785
701.0 0.000594832044953364
702.0 0.0005387853889260441
703.0 0.000500840496897581
704.0 0.0004628954229701776
705.0 0.0006998248409217922
706.0 0.0009367541679239366
707.0 0.0009480049811827485
708.0 0.0009592555215931498
709.0 0.000977011222857982
710.0 0.0009947667422238737
711.0 0.000807807100500213
712.0 0.000620847367827082
713.0 0.0005182910626899684
714.0 0.00041573471207811963
715.0 0.00040779241317068227
716.0 0.0003998501142632449
717.0 0.0005205671641306253
718.0 0.0006412841685232706
719.0 0.0004968399935023626
720.0 0.0003523958184814546
721.0 7.189661914708267e-05
722.0 1.9626700438479805e-10
723.0 1.9626700438479805e-10
724.0 9.731021464176592e-05
725.0 0.00029700074719585245
726.0 0.0004966911546944175
727.0 0.00045950077947054524
728.0 0.00042231013139826246
729.0 0.0003593231667764485
730.0 0.00029633602025569417
731.0 0.000226788324653171
732.0 0.00015724066315669916
733.0 0.00016691448081473936
734.0 0.00017658835531619843
735.0 0.00021350226688809926
736.0 0.00025041620119736763
737.0 0.00021649950667779194
738.0 0.00018258280078953248
739.0 0.0003890558673447231
740.0 0.0005955288543191273
741.0 0.0009499717634753324
742.0 0.0013044147635810077
743.0 0.0020886163838440552
744.0 0.0028728180041071028
745.0 0.0038096644857432693
746.0 0.004746511331177317
747.0 0.004452623034012504
748.0 0.004158734736847691
749.0 0.003969112003687769
750.0 0.003779489634325728
751.0 0.0032216456020250916
752.0 0.002663801387825515
753.0 0.00250164266617503
754.0 0.002339483762625605
755.0 0.0022692505808663554
756.0 0.0021990172172081657
757.0 0.0020769932234543376
758.0 0.001954969047801569
759.0 0.0015683079254813492
760.0 0.0011816468941105995
761.0 0.001125363905885024
762.0 0.0010690810086089186
763.0 0.0008052445082284976
764.0 0.0005414080987975467
765.0 0.0004392921709950315
766.0 0.00033717628866725136
767.0 0.0004524390533333644
768.0 0.0005677019544236828
769.0 0.0006185501206346089
770.0 0.0006693984232697403
771.0 0.0006217716418177588
772.0 0.0005741449513152475
773.0 0.0005817473720526323
774.0 0.000589349747315282
775.0 0.0006469257641583681
776.0 0.0007045018264761893
777.0 0.0005876147497474449
778.0 0.0004707278549176408
779.0 0.0006945984750927892
780.0 0.0009184690497932024
781.0 0.0010383026165072806
782.0 0.001158136274170829
783.0 0.001007834816846298
784.0 0.0008575333595217671
785.0 0.001074147530744085
786.0 0.0012907616110169329
787.0 0.0011755807463487145
788.0 0.0010604002454783767
789.0 0.0009670391591498628
790.0 0.0008736779818718787
791.0 0.0007386194738501217
792.0 0.0006035610567778349
793.0 0.0006590108114323812
794.0 0.0007144607025111327
795.0 0.0006711135029036086
796.0 0.0006277663032960845
797.0 0.0006096900051488774
798.0 0.0005916134796279948
799.0 0.00025658271169959335
800.0 1.9626700438479805e-10
801.0 3.214084074443235e-05
802.0 0.0001427297888767498
803.0 6.622604473704996e-05
804.0 1.9626700438479805e-10
805.0 0.00015206879879769986
806.0 0.0003144154106848873
807.0 0.0003768314627450309
808.0 0.00043924751480517443
809.0 0.0003733164021468838
810.0 0.00030738524401385803
811.0 0.0002877617589547299
812.0 0.0002681383421077044
813.0 1.9626700438479805e-10
814.0 1.9626700438479805e-10
815.0 1.9626700438479805e-10
816.0 0.00030898429486114765
817.0 0.0004936197910865303
818.0 0.0006782552645745454
819.0 0.00046168529479473364
820.0 0.00024511532501492184
821.0 1.9626700438479805e-10
822.0 1.9626700438479805e-10
823.0 1.9626700438479805e-10
824.0 1.9626700438479805e-10
825.0 1.9626700438479805e-10
826.0 1.9626700438479805e-10
827.0 1.9626700438479805e-10
828.0 1.9626700438479805e-10
829.0 1.9626700438479805e-10
830.0 1.9626700438479805e-10
831.0 1.9626700438479805e-10
832.0 6.573721975655644e-05
833.0 7.171227025537519e-05
834.0 7.768736054458714e-05
835.0 0.00028649133128055837
836.0 0.0004952953531756066
837.0 0.0001743518282637524
838.0 1.9626700438479805e-10
839.0 1.9626700438479805e-10
840.0 1.9626700438479805e-10
841.0 1.9626700438479805e-10
842.0 1.9626700438479805e-10
843.0 1.9626700438479805e-10
844.0 0.00014816397424510797
845.0 0.00016435561747130123
846.0 0.00018054722659144318
847.0 0.00018935761545435525
848.0 0.00019816800431726733
849.0 0.00024112971459544497
850.0 0.0002840915840351954
851.0 0.00035915795706387144
852.0 0.00043422446651675273
853.0 0.00012356631486909464
854.0 1.9626700438479805e-10
855.0 1.9626700438479805e-10
856.0 1.9626700438479805e-10
857.0 0.0002732160965024377
858.0 0.0006136332103778841
859.0 0.0008735074516152963
860.0 0.0011333816473779734
861.0 0.0011896293472091202
862.0 0.0012458769560907967
863.0 0.0015168859135883395
864.0 0.0017878948710858822
865.0 0.0014957382518332452
866.0 0.0012035816325806081
867.0 0.0013533886885852553
868.0 0.0015031956536404323
869.0 0.001696782055660151
870.0 0.0018903685486293398
871.0 0.001673379483690951
872.0 0.0014563905097020324
873.0 0.0018065133190248162
874.0 0.00215663621929707
