lsstCam/transmission_filter_detector/r34_s12/u_24/19700101T000000.ecsv
# %ECSV 1.0
# ---
# datatype:
# - {name: wavelength, unit: nm, datatype: float32}
# - {name: efficiency, unit: '%', datatype: float64}
# meta: !!omap
# - {MODE: DETECTOR}
# - {TYPE: transmission_filter_detector}
# - {CALIBDATE: '1970-01-01T00:00:00'}
# - {INSTRUME: LSSTCam}
# - {OBSTYPE: transmission_filter_detector}
# - {CALIBCLS: lsst.ip.isr.IntermediateFilterDetectorTransmissionCurve}
# - {SOURCE: Materion (DM-46256)}
# - {DETECTOR: 158}
# - {FILTER: u_24}
# - {CALIB_ID: 'calibDate=1970-01-01T00:00:00 filter=u_24 detector=158'}
# - {DATE: '2025-04-02T15:59:40.482691'}
# - {CALIB_CREATION_DATE: '2025-04-02'}
# - {CALIB_CREATION_TIME: '15:59:40'}
# - __serialized_columns__:
#     efficiency:
#       __class__: astropy.units.quantity.Quantity
#       unit: !astropy.units.Unit {unit: '%'}
#       value: !astropy.table.SerializedColumn {name: efficiency}
#     wavelength:
#       __class__: astropy.units.quantity.Quantity
#       unit: !astropy.units.Unit {unit: nm}
#       value: !astropy.table.SerializedColumn {name: wavelength}
# schema: astropy-2.0
wavelength efficiency
[from data line 581]
876.0 0.0026280389647581615
877.0 0.002724789192143362
878.0 0.0028215397833264433
879.0 0.002934948315669317
880.0 0.003048357211810071
881.0 0.0032473279134137556
882.0 0.0034462984331185
883.0 0.0031556344765704125
884.0 0.0028649705200223252
885.0 0.0026952642656397074
886.0 0.00252555819315603
887.0 0.002248327473353129
888.0 0.001971096935449168
889.0 0.0021809039026265964
890.0 0.0023907112336019054
891.0 0.0027254629458184354
892.0 0.003060215385630727
893.0 0.0031120154744712636
894.0 0.0031638155633118004
895.0 0.0035320466849952936
896.0 0.0039002781704766676
897.0 0.0038140413380460814
898.0 0.0037278041418176144
899.0 0.0036887548048980534
900.0 0.003649706195574254
901.0 0.0037095185689395294
902.0 0.0037693313061026856
903.0 0.0038210073398659006
904.0 0.003872683009831235
905.0 0.004711544897872955
906.0 0.005550406422116794
907.0 0.005536751996260136
908.0 0.005523097570403479
909.0 0.005821217564516701
910.0 0.006119337922427803
911.0 0.006118196324678138
912.0 0.0061170547269284725
913.0 0.005662609692080878
914.0 0.0052081639296375215
915.0 0.004788674050359987
916.0 0.004369184171082452
917.0 0.004296041879570112
918.0 0.004222899588057771
919.0 0.0042525007302174345
920.0 0.004282101872377098
921.0 0.00462890493508894
922.0 0.004975707997800782
923.0 0.005297339521348476
924.0 0.0056189710448961705
925.0 0.0059419198805699125
926.0 0.0062648687162436545
927.0 0.006498424045275897
928.0 0.006731979374308139
929.0 0.007083768286975101
930.0 0.007435557199642062
931.0 0.007139510853448883
932.0 0.006843464507255703
933.0 0.0071306021709460765
934.0 0.00741773983463645
935.0 0.007345397170865908
936.0 0.007273054507095367
937.0 0.0071214868512470275
938.0 0.006969918467802927
939.0 0.0070211746788118035
940.0 0.007072428707033396
941.0 0.006223184755071998
942.0 0.005373940439312719
943.0 0.0047698969865450636
944.0 0.004165853169979528
945.0 0.0035206747270422056
946.0 0.002875496466003824
947.0 0.0022970547433942556
948.0 0.001718612838885747
949.0 0.0015667388652218506
950.0 0.0014148648915579543
951.0 0.0014498617929348256
952.0 0.0014848586033622269
953.0 0.0015709274521213956
954.0 0.0016569963918300346
955.0 0.0018782118786475621
956.0 0.0020994271835661493
957.0 0.0021567457224591635
958.0 0.002214064443251118
959.0 0.002476438748999499
960.0 0.0027388130547478795
961.0 0.0035189761547371745
962.0 0.0042991392547264695
963.0 0.00422303237428423
964.0 0.00414692513004411
965.0 0.004269538476364687
966.0 0.004392151822685264
967.0 0.004383690975373611
968.0 0.004375230128061958
969.0 0.004515086766332388
970.0 0.004654943768400699
971.0 0.004822402479476295
972.0 0.004989861554349773
973.0 0.004888093826593831
974.0 0.004786325735040009
975.0 0.004818843444809318
976.0 0.004851361154578626
977.0 0.004216710294713266
978.0 0.0035820590710500255
979.0 0.0033195174182765186
980.0 0.003056975401705131
981.0 0.003128365278826095
982.0 0.0031997547921491787
983.0 0.003005879079864826
984.0 0.0028120030037825927
985.0 0.00313123018713668
986.0 0.0034504577342886478
987.0 0.003719164669746533
988.0 0.003987871241406538
989.0 0.004458077819435857
990.0 0.004928284033667296
991.0 0.005558688280871138
992.0 0.006189093255670741
993.0 0.0068210392782930285
994.0 0.007452984573319554
995.0 0.007546748383902013
996.0 0.007640512922080234
997.0 0.0074661038524936885
998.0 0.007291694782907143
999.0 0.006751415639882907
1000.0 0.00621113576926291
1001.0 0.0060311591369099915
1002.0 0.0058511795941740274
1003.0 0.005469697498483583
1004.0 0.005088214675197378
1005.0 0.00494185987918172
1006.0 0.004795504719368182
1007.0 0.004945850378135219
1008.0 0.005096196764498018
1009.0 0.004768891085404903
1010.0 0.00444158649770543
1011.0 0.003960274261771701
1012.0 0.0034789623896358535
1013.0 0.0031287810998037457
1014.0 0.002778599809971638
1015.0 0.0023941289327922277
1016.0 0.002009657873713877
1017.0 0.0017111318811657839
1018.0 0.001412606070516631
1019.0 0.0011659155461529735
1020.0 0.0009192250217893161
1021.0 0.0011103422366431914
1022.0 0.0013014596333960071
1023.0 0.0012367373528832104
1024.0 0.0011720150723704137
1025.0 0.0010575344276730902
1026.0 0.0009430539648747072
1027.0 0.0012452810551621951
1028.0 0.0015475079635507427
1029.0 0.001598593189555686
1030.0 0.0016496785974595696
1031.0 0.0016864887584233657
1032.0 0.0017232989193871617
1033.0 0.0020905930796288885
1034.0 0.0024578868760727346
1035.0 0.0019676555893965997
1036.0 0.0014774238479731139
1037.0 0.0022069190890761092
1038.0 0.0029364144211285748
1039.0 0.0023971646442078054
1040.0 0.0018579146853880957
1041.0 0.001943113238667138
1042.0 0.0020283119738451205
1043.0 0.002044586835836526
1044.0 0.0020608616978279315
1045.0 0.002213322659372352
1046.0 0.0023657834390178323
1047.0 0.002188145663239993
1048.0 0.0020105077055632137
1049.0 0.0020111436242586933
1050.0 0.0020117791791562922
1051.0 0.0017762660718290135
1052.0 0.0015407529645017348
1053.0 0.001415904625901021
1054.0 0.0012910563782497775
1055.0 0.0012215718925290275
1056.0 0.001152087588707218
1057.0 0.0007504525456170086
1058.0 0.00034881766168837203
1059.0 0.0008668545888212975
1060.0 0.0013848918570147362
1061.0 0.0011478804481157567
1062.0 0.000910869403014658
1063.0 0.0009158102329820395
1064.0 0.0009207512448483612
1065.0 0.0015113200788618997
1066.0 0.0021018890038249083
1067.0 0.0017718262824928388
1068.0 0.00144176392495865
1069.0 0.0014488748092844617
1070.0 0.0014559857845597435
1071.0 0.0021053312593721785
1072.0 0.0027546766432351433
1073.0 0.0026483652618480846
1074.0 0.002542053880461026
1075.0 0.002249645513074938
1076.0 0.0019572371456888504
1077.0 0.0022820153390057385
1078.0 0.0026067935323226266
1079.0 0.0036838900996372104
1080.0 0.004760986485052854
1081.0 0.0041500756196910515
1082.0 0.0035391654819250107
1083.0 0.004257740511093289
1084.0 0.004976315176463686
1085.0 0.004560826710076071
1086.0 0.004145338607486337
1087.0 0.0040568560507381335
1088.0 0.003968374221585691
1089.0 0.00494418854941614
1090.0 0.0059200028772465885
1091.0 0.004983245526091196
1092.0 0.0040464885387336835
1093.0 0.004996771895093843
1094.0 0.005947054160060361
1095.0 0.0055338747188216075
1096.0 0.005120694549987093
1097.0 0.004630590046872385
1098.0 0.004140485543757677
1099.0 0.003266743806307204
1100.0 0.0023930022507556714
