lsstCam/transmission_filter_detector/r22_s02/r_57/19700101T000000.ecsv
# %ECSV 1.0
# ---
# datatype:
# - {name: wavelength, unit: nm, datatype: float32}
# - {name: efficiency, unit: '%', datatype: float64}
# meta: !!omap
# - {MODE: DETECTOR}
# - {TYPE: transmission_filter_detector}
# - {CALIBDATE: '1970-01-01T00:00:00'}
# - {INSTRUME: LSSTCam}
# - {OBSTYPE: transmission_filter_detector}
# - {CALIBCLS: lsst.ip.isr.IntermediateFilterDetectorTransmissionCurve}
# - {SOURCE: Materion (DM-46256)}
# - {DETECTOR: 92}
# - {FILTER: r_57}
# - {CALIB_ID: 'calibDate=1970-01-01T00:00:00 filter=r_57 detector=92'}
# - {DATE: '2025-04-02T15:59:44.608224'}
# - {CALIB_CREATION_DATE: '2025-04-02'}
# - {CALIB_CREATION_TIME: '15:59:44'}
# - __serialized_columns__:
#     efficiency:
#       __class__: astropy.units.quantity.Quantity
#       unit: !astropy.units.Unit {unit: '%'}
#       value: !astropy.table.SerializedColumn {name: efficiency}
#     wavelength:
#       __class__: astropy.units.quantity.Quantity
#       unit: !astropy.units.Unit {unit: nm}
#       value: !astropy.table.SerializedColumn {name: wavelength}
# schema: astropy-2.0
wavelength efficiency
300.0 0.0015975090718711726
301.0 0.00492600338475313
302.0 0.00825449824333191
303.0 0.00983774007181637
304.0 0.01142098190030083
305.0 0.01017735994537361
306.0 0.008933739445637912
307.0 0.008036702638491988
308.0 0.007139665831346065
309.0 0.0065201813413295895
310.0 0.005900697942706756
311.0 0.005356905603548512
312.0 0.0048131143557839096
313.0 0.004176008951617405
314.0 0.0035389042750466615
315.0 0.003425280738156289
316.0 0.0033116568374680355
317.0 0.003275258859503083
318.0 0.0032388605177402496
319.0 0.0030900449928594753
320.0 0.002941229467978701
321.0 0.0027915295504499227
322.0 0.0026418296329211444
323.0 0.002537611362640746
324.0 0.0024333930923603475
325.0 0.0022256361262407154
326.0 0.002017879523918964
327.0 0.0020488520021899603
328.0 0.0020798244804609567
329.0 0.0022302761863102205
330.0 0.0023807278921594843
331.0 0.0022967469703871757
332.0 0.002212766048614867
333.0 0.0019655111827887595
334.0 0.0017182561350637116
335.0 0.0014732496310898568
336.0 0.0012282429452170618
337.0 0.001140664880949771
338.0 0.00105308663478354
339.0 0.00101776222436456
340.0 0.0009824379048950505
341.0 0.0009117800800595433
342.0 0.0008411223461735062
343.0 0.0008344780326297041
344.0 0.0008278339919343125
345.0 0.0007741960871499032
346.0 0.0007205584097391693
347.0 0.0007167881449277047
348.0 0.000713017834641505
349.0 0.0007022046702331863
350.0 0.0055299118685070425
351.0 0.005497355596162379
352.0 0.005464798960019834
353.0 0.005238935045781545
354.0 0.005013071495341137
355.0 0.00528496311744675
356.0 0.005556855830946006
357.0 0.006667065463261679
358.0 0.007777276186970994
359.0 0.005741992936236784
360.0 0.003706709321704693
361.0 0.0025595871193218045
362.0 0.0014124648259894457
363.0 0.002664359453774523
364.0 0.00391625399061013
365.0 0.00407130028179381
366.0 0.004226347300573252
367.0 0.003167148315696977
368.0 0.0021079491489217617
369.0 0.0015079198419698514
370.0 0.0009078907169168815
371.0 0.0014608981473429594
372.0 0.002013905941566918
373.0 0.002741252137639094
374.0 0.00346859815181233
375.0 0.0029745335268671624
376.0 0.0024804692657198757
377.0 0.0009223519555234816
378.0 1.5800284258044028e-10
379.0 0.0005155152848601574
380.0 0.0016667960153426975
381.0 0.002359423160669394
382.0 0.00305205030599609
383.0 0.0032003132218960673
384.0 0.003348576501593925
385.0 0.004158050433034077
386.0 0.004967523273080587
387.0 0.004568496660795063
388.0 0.004169469320913777
389.0 0.00353961149812676
390.0 0.0029097531296429224
391.0 0.002187469908676576
392.0 0.0014651867786596995
393.0 0.001358154258923605
394.0 0.0012511212844401598
395.0 0.0009321192919742316
396.0 0.0006131172995083034
397.0 0.0006714062692481093
398.0 0.0007296956937352661
399.0 0.0006127925189503003
400.0 0.0004958888894179836
401.0 5.936543061579869e-05
402.0 1.5800284258044028e-10
403.0 1.5800284258044028e-10
404.0 0.00030130688628560165
405.0 0.0007750035365461372
406.0 0.0012486998457461596
407.0 0.0017885902707348578
408.0 0.002328480695723556
409.0 0.0018974869817611761
410.0 0.0014664931768493261
411.0 0.001028900715027703
412.0 0.0005913082986808149
413.0 0.0006135658622952178
414.0 0.0006358234713843558
415.0 0.0006007965112075908
416.0 0.0005657698693539714
417.0 0.0011952751265198458
418.0 0.0018247808839078061
419.0 0.0022619524315814488
420.0 0.0026991241611540318
421.0 0.004019703192170709
422.0 0.005340281859389506
423.0 0.008095178782241419
424.0 0.01085007461369969
425.0 0.014804063539486378
426.0 0.018758045916911215
427.0 0.019523785158526152
428.0 0.02028952440014109
429.0 0.015570069081149995
430.0 0.010850612306967378
431.0 0.00767452220316045
432.0 0.00449843100795988
433.0 0.0035376546293264255
434.0 0.0025768775230972096
435.0 0.0020947560187778436
436.0 0.0016126339687616564
437.0 0.001334661283181049
438.0 0.001056688870448852
439.0 0.0009179992048302665
440.0 0.0007793096301611513
441.0 0.0010575874512142036
442.0 0.0013358651813177858
443.0 0.0017674468836048618
444.0 0.0021990284949424677
445.0 0.0020697450963780284
446.0 0.0019404616978135891
447.0 0.0016991196389426477
448.0 0.0014577777619706467
449.0 0.001346489898423897
450.0 0.0012352015801297966
451.0 0.0013221363587945234
452.0 0.0014090711374592502
453.0 0.0014755013580725063
454.0 0.0015419316696352325
455.0 0.0013374025911616627
456.0 0.0011328736945870332
457.0 0.0008030246135604102
458.0 0.00047317571443272755
459.0 0.0007307527539524017
460.0 0.0009883297934720758
461.0 0.0016215388313867152
462.0 0.0022547474145540036
463.0 0.0028331349312793463
464.0 0.0034115226299036294
465.0 0.004391914990264922
466.0 0.005372306986828335
467.0 0.0060432641475927085
468.0 0.0067142223997507244
469.0 0.005780840365332551
470.0 0.004847459786105901
471.0 0.003690032463055104
472.0 0.0025326044124085456
473.0 0.0021550798919633962
474.0 0.0017775548258214258
475.0 0.0014522322089760564
476.0 0.0011269097740296274
477.0 0.0008773248737270478
478.0 0.0006277399279497331
479.0 0.0008724769941181876
480.0 0.0011172138329129666
481.0 0.0008540467206330504
482.0 0.0005908797902520746
483.0 0.0006323256002360722
484.0 0.0006737712283211295
485.0 0.0006086245321057504
486.0 0.0005434777449409012
487.0 0.0005515537850442342
488.0 0.000559629688723362
489.0 0.0005328682618710445
490.0 0.0005061067895439919
491.0 0.0006796159141231328
492.0 0.0008531250387022737
493.0 0.0009852748917182907
494.0 0.001117424926633248
495.0 0.0009518056685919873
496.0 0.0007861865015001968
497.0 0.0010140088306798134
498.0 0.0012418308870110195
499.0 0.0012606596101250034
500.0 0.0012794885151379276
501.0 0.001417113162460737
502.0 0.0015547380826319568
503.0 0.0018857817849493586
504.0 0.0022168254872667603
505.0 0.002732838584051933
506.0 0.0032488518627360463
507.0 0.003825876410701312
508.0 0.004402900958666578
509.0 0.0049326830776408315
510.0 0.005462464469019324
511.0 0.004867661482421681
512.0 0.0042728577682282776
513.0 0.003642366937128827
514.0 0.0030118757422314957
515.0 0.002861270149878692
516.0 0.002710664557525888
517.0 0.0024722521629882976
518.0 0.002233839768450707
519.0 0.06266176351346076
520.0 0.0422595621785149
521.0 0.11110963532701135
522.0 0.1320381066761911
523.0 0.0730734842363745
524.0 0.15498960856348276
525.0 0.11491958284750581
526.0 0.10341203305870295
527.0 0.14467755099758506
528.0 0.12273098109290004
529.0 0.13349574292078614
530.0 0.15808908501639962
531.0 0.1206402201205492
532.0 0.20201464649289846
533.0 0.25407758075743914
534.0 0.2604823326691985
535.0 0.38291714154183865
536.0 0.4799565300345421
537.0 0.651182746514678
538.0 0.9659146890044212
539.0 1.4984775334596634
540.0 2.4930277839303017
541.0 3.803226724267006
542.0 5.697833746671677
543.0 8.294756710529327
544.0 11.508389562368393
545.0 15.114115178585052
546.0 19.45917159318924
547.0 24.881252646446228
548.0 31.94667100906372
549.0 39.56969678401947
550.0 46.68566286563873
551.0 54.481303691864014
552.0 60.870736837387085
553.0 66.62562489509583
554.0 71.40927314758301
555.0 75.84129571914673
556.0 80.1148533821106
557.0 82.94875621795654
558.0 86.27981543540955
559.0 89.9405300617218
560.0 91.19699001312256
561.0 92.94974207878113
562.0 94.55063343048096
563.0 94.24299597740173
564.0 94.99664306640625
565.0 94.7509765625
566.0 95.27167677879333
567.0 94.60796117782593
568.0 94.9013888835907
569.0 95.90709209442139
570.0 95.05157470703125
571.0 96.21729254722595
572.0 96.14038467407227
573.0 95.97271680831909
574.0 96.49851322174072
575.0 96.19678258895874
576.0 96.92729115486145
577.0 96.65764570236206
578.0 96.5754747390747
579.0 96.17226719856262
580.0 96.08083367347717
581.0 95.6622838973999
582.0 96.12081050872803
583.0 95.96204161643982
584.0 95.58728337287903
585.0 95.6444263458252
586.0 95.98245024681091
587.0 95.91169953346252
588.0 95.683753490448
589.0 96.51889204978943
590.0 95.767080783844
591.0 95.41711807250977
592.0 95.44283747673035
593.0 94.87869143486023
594.0 95.67685723304749
595.0 96.02558016777039
596.0 96.34261131286621
597.0 96.3537335395813
598.0 96.12601399421692
599.0 96.11048102378845
600.0 96.09608054161072
601.0 95.4387366771698
602.0 96.25521898269653
603.0 96.03418111801147
604.0 95.69472670555115
605.0 96.2773323059082
606.0 95.77603936195374
607.0 95.82592844963074
608.0 95.85452675819397
609.0 95.06582021713257
610.0 95.24074196815491
611.0 95.36492228507996
612.0 95.54030299186707
613.0 96.47291302680969
614.0 96.16941809654236
615.0 95.66655158996582
616.0 95.74118256568909
617.0 96.01160883903503
618.0 95.8372414112091
619.0 96.4236319065094
620.0 95.51209211349487
621.0 94.94308829307556
622.0 96.05120420455933
623.0 96.08567953109741
624.0 95.78757286071777
625.0 96.25071883201599
626.0 95.62313556671143
627.0 94.565749168396
628.0 96.487557888031
629.0 94.91778612136841
630.0 95.74508666992188
631.0 95.48824429512024
632.0 96.29979133605957
633.0 95.87405920028687
634.0 95.38416862487793
635.0 95.82494497299194
636.0 95.52777409553528
637.0 95.26164531707764
638.0 94.83930468559265
639.0 95.1205313205719
640.0 95.21963596343994
641.0 95.05360722541809
642.0 95.89599967002869
643.0 95.55850625038147
644.0 95.13232707977295
645.0 95.89575529098511
646.0 95.84323167800903
647.0 96.65007591247559
648.0 95.46152949333191
649.0 95.12203931808472
650.0 95.77797055244446
651.0 96.22032046318054
652.0 96.33507132530212
653.0 95.32313346862793
654.0 96.13984227180481
655.0 95.94316482543945
656.0 95.12046575546265
657.0 95.25336027145386
658.0 95.54088711738586
659.0 96.0370123386383
660.0 95.02177834510803
661.0 95.0375497341156
662.0 95.23427486419678
663.0 95.52569389343262
664.0 95.15629410743713
665.0 94.94531750679016
666.0 94.84654068946838
667.0 95.35996913909912
668.0 95.02180814743042
669.0 95.36439180374146
670.0 94.88903284072876
671.0 95.38729190826416
672.0 95.18574476242065
673.0 95.14374136924744
674.0 94.37301754951477
675.0 95.12437582015991
676.0 94.54084038734436
677.0 93.44640970230103
678.0 92.64575242996216
679.0 91.54295325279236
680.0 90.8560037612915
681.0 89.58225846290588
682.0 87.05039620399475
683.0 84.42169427871704
684.0 80.46082258224487
685.0 76.69777870178223
686.0 72.8826105594635
687.0 67.81142354011536
688.0 63.167643547058105
689.0 58.54176878929138
690.0 53.36163640022278
691.0 49.09411072731018
692.0 44.26671862602234
693.0 40.1245653629303
694.0 35.1773738861084
695.0 30.16505241394043
696.0 25.103166699409485
697.0 20.115922391414642
698.0 14.71104621887207
699.0 10.534904152154922
700.0 7.295580208301544
701.0 4.606988281011581
702.0 2.8362764045596123
703.0 1.6552938148379326
704.0 0.9730004705488682
705.0 0.5449825897812843
706.0 0.3916934598237276
707.0 0.24404132273048162
708.0 0.18974820850417018
709.0 0.14876818750053644
710.0 0.1089760335162282
711.0 0.07654200308024883
712.0 0.07376365829259157
713.0 0.09382968419231474
714.0 0.0821748748421669
715.0 0.059137726202607155
716.0 0.018529672524891794
717.0 0.04322138556744903
718.0 0.0495809072162956
719.0 0.02636317803990096
720.0 1.5800284258044028e-10
721.0 0.004411746340338141
722.0 0.004168828672845848
723.0 0.003925911005353555
724.0 0.0036021570849698037
725.0 0.0032784028007881716
726.0 0.003028946775884833
727.0 0.002779490750981495
728.0 0.0026895546398009174
729.0 0.0025996183467213996
730.0 0.0023862063244450837
731.0 0.002172794847865589
732.0 0.002137944829883054
733.0 0.0021030946300015785
734.0 0.002024468994932249
735.0 0.0019458429960650392
736.0 0.0017575497622601688
737.0 0.0015692565284552984
738.0 0.0015949322914821096
739.0 0.0016206080545089208
740.0 0.0015971967513905838
741.0 0.0015737858120701276
742.0 0.0014246457794797607
743.0 0.0012755055649904534
744.0 0.0013366136045078747
745.0 0.0013977212802274153
746.0 0.0013649388165504206
747.0 0.001332156352873426
748.0 0.0011684418495860882
749.0 0.0010047274372482207
750.0 0.0010105647561431397
751.0 0.0010164020750380587
752.0 0.0010745915460574906
753.0 0.0011327809261274524
754.0 0.0011583226296352223
755.0 0.0011838646059914026
756.0 0.0011114368135167751
757.0 0.0010390088391432073
758.0 0.0010830712199094705
759.0 0.0011271336006757338
760.0 0.001129344218497863
761.0 0.0011315552910673432
762.0 0.0011099396033387166
763.0 0.0010883245522563811
764.0 0.0010478504009370226
765.0 0.0010073764315166045
766.0 0.0007887078936619218
767.0 0.0005700394922314445
768.0 0.0006186842711031204
769.0 0.0006673290499747964
770.0 0.0007724467650405131
771.0 0.0008775647074799053
772.0 0.0007989277946762741
773.0 0.0007202906544989673
774.0 0.0008268937563116197
775.0 0.0009334967217000667
776.0 0.0009006291293189861
777.0 0.0008677615369379055
778.0 0.0008086051821010187
779.0 0.0007494489636883372
780.0 0.0006946556368347956
781.0 0.000639862355455989
782.0 0.0007332135282922536
783.0 0.0008265647920779884
784.0 0.000856405767990509
785.0 0.0008862465620040894
786.0 0.0007445756637025625
787.0 0.0006029048563505057
788.0 0.0006271714028116548
789.0 0.0006514381311717443
790.0 0.0007137886768759927
791.0 0.0007761391316307709
792.0 0.0007701185495534446
793.0 0.0007640979674761184
794.0 0.0008149932909873314
795.0 0.0008658882507006638
796.0 0.0006963251962588402
797.0 0.0005267620508675463
798.0 0.0006795261469960678
799.0 0.0008322902431245893
800.0 0.000782977349444991
801.0 0.0007336642283917172
802.0 0.0006664578449999681
803.0 0.0005992510978103383
804.0 0.0006928435141162481
805.0 0.0007864358849474229
806.0 0.0007046454356895993
807.0 0.0006228549409570405
808.0 0.0007354156878136564
809.0 0.0008479763891955372
810.0 0.0007586761057609692
811.0 0.0006693760497000767
812.0 0.0007131913662306033
813.0 0.0007570066827611299
814.0 0.0006075565124774585
815.0 0.0004581062967190519
816.0 0.0006062241936888313
817.0 0.000754342227082816
818.0 0.0007130935046006925
819.0 0.0006718447821185691
820.0 0.0004942862688039895
821.0 0.00031672773275204236
822.0 0.00039468427530664485
823.0 0.00047264093154808506
824.0 0.0004781028110301122
825.0 0.0004835648269363446
826.0 0.0005223662356002023
827.0 0.0005611676442640601
828.0 0.0004502169758779928
829.0 0.00033926626201719046
830.0 0.00022281981273408746
831.0 0.00010637334071361693
832.0 6.499892037936661e-05
833.0 2.3624502887287235e-05
834.0 1.5800284258044028e-10
835.0 1.5800284258044028e-10
836.0 0.0002479627028151299
837.0 0.0005694691026292276
838.0 0.0007529976755904499
839.0 0.0009365263395011425
840.0 0.001226055701408768
841.0 0.0015155849723669235
842.0 0.00195289194380166
843.0 0.0023901988242869265
844.0 0.0022012769477441907
845.0 0.002012355253100395
846.0 0.001707361479930114
847.0 0.001402367342961952
848.0 0.001320632600254612
849.0 0.0012388974937493913
850.0 0.0011635602277237922
851.0 0.0010882231435971335
852.0 0.0010598738299449906
853.0 0.0010315243343939073
854.0 0.0008986363354779314
855.0 0.0007657479727640748
856.0 0.0006171733730298001
857.0 0.00046859881877026055
858.0 0.000581260383114568
859.0 0.0006939218565094052
860.0 0.0005393073934101267
861.0 0.0003846928848361131
862.0 0.00038502898860315327
863.0 0.00038536509237019345
864.0 0.00025522554096824024
865.0 0.0001250860464097059
866.0 0.0001024147081807314
867.0 7.974334721438936e-05
868.0 0.00013057732530796784
869.0 0.00018141125792681123
870.0 7.061145197440055e-05
871.0 1.5800284258044028e-10
872.0 1.5800284258044028e-10
873.0 1.5800284258044028e-10
874.0 1.5800284258044028e-10
875.0 1.5800284258044028e-10
876.0 1.5800284258044028e-10
877.0 1.5800284258044028e-10
878.0 0.00011180110277564381
879.0 0.00024396940716542304
880.0 0.00018369421468378277
881.0 0.00012341899946477497
882.0 0.00010080518677568762
883.0 7.819140250830969e-05
884.0 1.5800284258044028e-10
885.0 1.5800284258044028e-10
886.0 1.5787088614160893e-05
887.0 0.0001320275487159961
888.0 0.00016327528555848403
889.0 0.00019452302240097197
890.0 0.00018128530427929945
891.0 0.00016804754068289185
892.0 1.5800284258044028e-10
893.0 1.5800284258044028e-10
894.0 1.5800284258044028e-10
895.0 3.414271532165003e-05
896.0 1.7870810609110777e-05
897.0 1.5989616741762802e-06
898.0 5.271290888231306e-05
899.0 0.00010382685786680668
900.0 4.602757428529003e-05
