lsstCam/transmission_filter_detector/r22_s02/r_57/19700101T000000.ecsv
# %ECSV 1.0
# ---
# datatype:
# - {name: wavelength, unit: nm, datatype: float32}
# - {name: efficiency, unit: '%', datatype: float64}
# meta: !!omap
# - {MODE: DETECTOR}
# - {TYPE: transmission_filter_detector}
# - {CALIBDATE: '1970-01-01T00:00:00'}
# - {INSTRUME: LSSTCam}
# - {OBSTYPE: transmission_filter_detector}
# - {CALIBCLS: lsst.ip.isr.IntermediateFilterDetectorTransmissionCurve}
# - {SOURCE: Materion (DM-46256)}
# - {DETECTOR: 92}
# - {FILTER: r_57}
# - {CALIB_ID: 'calibDate=1970-01-01T00:00:00 filter=r_57 detector=92'}
# - {DATE: '2025-04-02T15:59:44.608224'}
# - {CALIB_CREATION_DATE: '2025-04-02'}
# - {CALIB_CREATION_TIME: '15:59:44'}
# - __serialized_columns__:
#     efficiency:
#       __class__: astropy.units.quantity.Quantity
#       unit: !astropy.units.Unit {unit: '%'}
#       value: !astropy.table.SerializedColumn {name: efficiency}
#     wavelength:
#       __class__: astropy.units.quantity.Quantity
#       unit: !astropy.units.Unit {unit: nm}
#       value: !astropy.table.SerializedColumn {name: wavelength}
# schema: astropy-2.0
wavelength efficiency
[from data line 602]
902.0 1.5800284258044028e-10
903.0 1.5800284258044028e-10
904.0 1.5800284258044028e-10
905.0 2.3098331780602166e-05
906.0 1.5800284258044028e-10
907.0 1.5800284258044028e-10
908.0 1.5800284258044028e-10
909.0 1.5800284258044028e-10
910.0 1.5800284258044028e-10
911.0 1.5800284258044028e-10
912.0 1.5800284258044028e-10
913.0 1.5800284258044028e-10
914.0 1.5800284258044028e-10
915.0 5.765050445916131e-05
916.0 7.261206746989046e-05
917.0 8.757365321798716e-05
918.0 0.00011942539686060627
919.0 0.00015127710639717407
920.0 5.739944981542067e-05
921.0 1.5800284258044028e-10
922.0 9.112176826420182e-05
923.0 0.00021872178876947146
924.0 0.000202232763513166
925.0 0.0001857437496255443
926.0 0.00015604354075549054
927.0 0.00012634333188543678
928.0 0.00011143067695229547
929.0 9.651801065047039e-05
930.0 0.00018498251392884413
931.0 0.00027344706268195296
932.0 0.00013706561503568082
933.0 6.842399979944958e-07
934.0 0.0001333303657702345
935.0 0.0002659764732015901
936.0 0.0002740302079473622
937.0 0.0002820839426931343
938.0 0.00033880919545481447
939.0 0.0003955344709538622
940.0 0.0003516150854920852
941.0 0.00030769572276767576
942.0 0.0003769242312046117
943.0 0.0004461527623789152
944.0 0.00040638869904796593
945.0 0.00036662468119175173
946.0 0.0003341558340252959
947.0 0.00030168696412147256
948.0 0.0004411656846059486
949.0 0.0005806444733025273
950.0 0.0005815412350784754
951.0 0.0005824380423291586
952.0 0.0007400758931908058
953.0 0.0008977139259513933
954.0 0.0011729789548553526
955.0 0.0014482443475571927
956.0 0.0015198542314465158
957.0 0.0015914640243863687
958.0 0.0017278936866205186
959.0 0.0018643237126525491
960.0 0.002030395444307942
961.0 0.002196467721660156
962.0 0.002325757850485388
963.0 0.002455048161209561
964.0 0.0025272487619076855
965.0 0.00259944918070687
966.0 0.0025934547011274844
967.0 0.0025874604034470394
968.0 0.0025847215511021204
969.0 0.002581982880656142
970.0 0.002648459303600248
971.0 0.002714935726544354
972.0 0.002724058685998898
973.0 0.002733181281655561
974.0 0.0028914097129018046
975.0 0.0030496377803501673
976.0 0.0031256269721779972
977.0 0.003201615982106887
978.0 0.0030857776437187567
979.0 0.0029699393053306267
980.0 0.0029093662305967882
981.0 0.00284879333776189
982.0 0.002889244569814764
983.0 0.002929695801867638
984.0 0.002892932934628334
985.0 0.0028561698854900897
986.0 0.002762344774964731
987.0 0.0026685194825404324
988.0 0.0025239916794816963
989.0 0.0023794638764229603
990.0 0.0024222361389547586
991.0 0.002465008401486557
992.0 0.0025002495021908544
993.0 0.0025354909666930325
994.0 0.0025904715585056692
995.0 0.002645451604621485
996.0 0.0027428728571976535
997.0 0.002840294109773822
998.0 0.0029500648452085443
999.0 0.0030598355806432664
1000.0 0.0032294225093210116
1001.0 0.0033990098017966375
1002.0 0.0036047382309334353
1003.0 0.0038104670238681138
1004.0 0.0039472495700465515
1005.0 0.004084031752427109
1006.0 0.004278478809283115
1007.0 0.004472925866139121
1008.0 0.004374966738396324
1009.0 0.004277007246855646
1010.0 0.004239577174303122
1011.0 0.004202147101750597
1012.0 0.004151046232436784
1013.0 0.00409994536312297
1014.0 0.0038017875340301543
1015.0 0.003503629341139458
1016.0 0.003342474883538671
1017.0 0.0031813207897357643
1018.0 0.002815280640788842
1019.0 0.0024492408556398004
1020.0 0.0020899527953588404
1021.0 0.00173066455317894
1022.0 0.0015293266187654808
1023.0 0.0013279884115036111
1024.0 0.0013830293937644456
1025.0 0.0014380706488736905
1026.0 0.001341883671557298
1027.0 0.001245696512341965
1028.0 0.0011318739780108444
1029.0 0.0010180512617807835
1030.0 0.0009588082320988178
1031.0 0.0008995644748210907
1032.0 0.0008826096745906398
1033.0 0.0008656546015117783
1034.0 0.0008065170732152183
1035.0 0.000747379408494453
1036.0 0.0008509392500855029
1037.0 0.0009544988643028773
1038.0 0.0008129450179694686
1039.0 0.0006713913535350002
1040.0 0.0007257053766807076
1041.0 0.0007800193998264149
1042.0 0.000924118376133265
1043.0 0.0010682170795917045
1044.0 0.0009467279596719891
1045.0 0.0008252392035501543
1046.0 0.0008175208677130286
1047.0 0.0008098027137748431
1048.0 0.0006964768999750959
1049.0 0.0005831511771248188
1050.0 0.0006042171662556939
1051.0 0.0006252831099118339
1052.0 0.0009628460247768089
1053.0 0.0013004085303691681
1054.0 0.0010190802640863694
1055.0 0.0007377518159046303
1056.0 0.0008452301699435338
1057.0 0.0009527087968308479
1058.0 0.0007861525773478206
1059.0 0.0006195966307132039
1060.0 0.0010330844816053286
1061.0 0.0014465718777501024
1062.0 0.00157710092025809
1063.0 0.001707629780867137
1064.0 0.0012158740901213605
1065.0 0.0007241181720019085
1066.0 0.0011539152183104306
1067.0 0.0015837122191442177
1068.0 0.0017996346286963671
1069.0 0.002015556674450636
1070.0 0.0014883334188198205
1071.0 0.0009611102541384753
1072.0 0.001278618219657801
1073.0 0.0015961264580255374
1074.0 0.002285230948473327
1075.0 0.002974335257022176
1076.0 0.003078048030147329
1077.0 0.0031817606213735417
1078.0 0.003633258893387392
1079.0 0.004084757892997004
1080.0 0.0040780712879495695
1081.0 0.004071384319104254
1082.0 0.004070685827173293
1083.0 0.004069987335242331
1084.0 0.004653535870602354
1085.0 0.005237083678366616
1086.0 0.0050412549171596766
1087.0 0.004845426155952737
1088.0 0.004726392216980457
1089.0 0.004607359005603939
1090.0 0.004546830314211547
1091.0 0.004486301259021275
1092.0 0.003912280226359144
1093.0 0.0033382588298991323
1094.0 0.003967127486248501
1095.0 0.004595995778799988
1096.0 0.0035223161830799654
1097.0 0.0024486360416631214
1098.0 0.001892370892164763
1099.0 0.0013361060155148152
1100.0 0.0013389867490332108
1101.0 0.0013418670278042555
