lsstCam/transmission_filter_detector/r12_s11/g_6/19700101T000000.ecsv
# %ECSV 1.0
# ---
# datatype:
# - {name: wavelength, unit: nm, datatype: float32}
# - {name: efficiency, unit: '%', datatype: float64}
# meta: !!omap
# - {MODE: DETECTOR}
# - {TYPE: transmission_filter_detector}
# - {CALIBDATE: '1970-01-01T00:00:00'}
# - {INSTRUME: LSSTCam}
# - {OBSTYPE: transmission_filter_detector}
# - {CALIBCLS: lsst.ip.isr.IntermediateFilterDetectorTransmissionCurve}
# - {SOURCE: Materion (DM-46256)}
# - {DETECTOR: 49}
# - {FILTER: g_6}
# - {CALIB_ID: 'calibDate=1970-01-01T00:00:00 filter=g_6 detector=49'}
# - {DATE: '2025-04-02T15:59:42.253976'}
# - {CALIB_CREATION_DATE: '2025-04-02'}
# - {CALIB_CREATION_TIME: '15:59:42'}
# - __serialized_columns__:
#     efficiency:
#       __class__: astropy.units.quantity.Quantity
#       unit: !astropy.units.Unit {unit: '%'}
#       value: !astropy.table.SerializedColumn {name: efficiency}
#     wavelength:
#       __class__: astropy.units.quantity.Quantity
#       unit: !astropy.units.Unit {unit: nm}
#       value: !astropy.table.SerializedColumn {name: wavelength}
# schema: astropy-2.0
wavelength efficiency
[from data line 609]
909.0 0.000349942365573952
910.0 0.0003831182311841985
911.0 0.00041629409679444507
912.0 0.0005007254003430717
913.0 0.0005851567038916983
914.0 0.00033888850339280907
915.0 9.262030857826176e-05
916.0 0.00018346993329032557
917.0 0.00027431956368673127
918.0 0.00032347909382224316
919.0 0.0003726386466951226
920.0 0.0003473750211924198
921.0 0.0003221114411644521
922.0 0.0004655092652683379
923.0 0.0006089070666348562
924.0 0.0005629598945233738
925.0 0.0005170125859876862
926.0 0.0005633396540360991
927.0 0.0006096668130339822
928.0 0.0005445829174277605
929.0 0.000479499067296274
930.0 0.0005472028988151578
931.0 0.0006149067758087767
932.0 0.0005653416792483767
933.0 0.0005157765372132417
934.0 0.0005565345418290235
935.0 0.0005972925464448053
936.0 0.0005874832368135685
937.0 0.0005776740181318019
938.0 0.0007320301392610418
939.0 0.0008863862603902817
940.0 0.0007083853688527597
941.0 0.0005303842954162974
942.0 0.0006704774023091886
943.0 0.0008105705092020798
944.0 0.0007014503353275359
945.0 0.0005923301159782568
946.0 0.0005825312200613553
947.0 0.0005727323241444537
948.0 0.0009460545697947964
949.0 0.0013193770428188145
950.0 0.0011107082173111849
951.0 0.0009020394827530254
952.0 0.0009414945452590473
953.0 0.0009809496077650692
954.0 0.0009038099051394965
955.0 0.0008266702025139239
956.0 0.0007910612112027593
957.0 0.0007554519925179193
958.0 0.0008449615052086301
959.0 0.000934471063374076
960.0 0.0007048749012028566
961.0 0.0004752786026074318
962.0 0.0005528087058337405
963.0 0.0006303387181105791
964.0 0.0007476980954379542
965.0 0.000865057336341124
966.0 0.0008655124474898912
967.0 0.0008659674676891882
968.0 0.0008640164196549449
969.0 0.0008620653716207016
970.0 0.0007653221473447047
971.0 0.0006685789230687078
972.0 0.0007823734449630138
973.0 0.00089616814875626
974.0 0.0008328915100719314
975.0 0.0007696151442360133
976.0 0.0008369609531655442
977.0 0.0009043071258929558
978.0 0.0009472160854784306
979.0 0.0009901250450639054
980.0 0.0010283291885571089
981.0 0.0010665335139492527
982.0 0.0010362850844103377
983.0 0.0010060366548714228
984.0 0.000993093999568373
985.0 0.0009801515261642635
986.0 0.0011092050044680946
987.0 0.0012382584827719256
988.0 0.0011940226613660343
989.0 0.0011497865671117324
990.0 0.0013053209841018543
991.0 0.0014608554920414463
992.0 0.0014142575309961103
993.0 0.0013676597518497147
994.0 0.0013485248018696439
995.0 0.0013293899428390432
996.0 0.0012839966075262055
997.0 0.0012386031812638976
998.0 0.0013530363503377885
999.0 0.0014674694284622092
1000.0 0.0013733522791881114
1001.0 0.0012792348570656031
1002.0 0.0011761051609937567
1003.0 0.0010729755558713805
1004.0 0.0010700621714931913
1005.0 0.0010671486052160617
1006.0 0.001315626286668703
1007.0 0.0015641040590708144
1008.0 0.0015821158740436658
1009.0 0.0016001284166122787
1010.0 0.001817761040001642
1011.0 0.002035394027188886
1012.0 0.0020835852410527878
1013.0 0.00213177663681563
1014.0 0.0021907528207520954
1015.0 0.0022497293684864417
1016.0 0.002582198430900462
1017.0 0.002914667857112363
1018.0 0.0031701187253929675
1019.0 0.0034255692298756912
1020.0 0.0035121465771226212
1021.0 0.0035987235605716705
1022.0 0.003914569970220327
1023.0 0.004230416743666865
1024.0 0.004395127689349465
1025.0 0.004559838998829946
1026.0 0.004732234083348885
1027.0 0.004904628804069944
1028.0 0.0048787016567075625
1029.0 0.004852774145547301
1030.0 0.0051115981477778405
1031.0 0.005370421422412619
1032.0 0.005724274524254724
1033.0 0.00607812762609683
1034.0 0.005759446867159568
1035.0 0.005440766108222306
1036.0 0.005533637886401266
1037.0 0.005626509300782345
1038.0 0.005872643305337988
1039.0 0.006118777673691511
1040.0 0.006547470547957346
1041.0 0.006976162694627419
1042.0 0.007058054325170815
1043.0 0.007139945955714211
1044.0 0.007589972665300593
1045.0 0.00803999719209969
1046.0 0.008984897431218997
1047.0 0.00992979621514678
1048.0 0.011498038657009602
1049.0 0.013066278188489377
1050.0 0.015572783013340086
1051.0 0.01807928492780775
1052.0 0.021889634081162512
1053.0 0.025699989055283368
1054.0 0.030710114515386522
1055.0 0.03572024288587272
1056.0 0.04270834615454078
1057.0 0.04969644360244274
1058.0 0.057753780856728554
1059.0 0.06581110064871609
1060.0 0.07364828488789499
1061.0 0.08148544002324343
1062.0 0.08931254269555211
1063.0 0.09713962208479643
1064.0 0.10422890773043036
1065.0 0.11131818173453212
1066.0 0.11882270919159055
1067.0 0.12632723664864898
1068.0 0.13452902203425765
1069.0 0.14273084234446287
1070.0 0.1525585656054318
1071.0 0.16238628886640072
1072.0 0.17284232890233397
1073.0 0.18329833401367068
1074.0 0.1936600892804563
1075.0 0.20402190275490284
1076.0 0.21507588680833578
1077.0 0.2261298941448331
1078.0 0.2383326180279255
1079.0 0.25053531862795353
1080.0 0.26707230135798454
1081.0 0.28360928408801556
1082.0 0.3121512942016125
1083.0 0.34069332759827375
1084.0 0.38145375438034534
1085.0 0.4222142044454813
1086.0 0.4595592152327299
1087.0 0.49690427258610725
1088.0 0.5630180239677429
1089.0 0.6291316822171211
1090.0 0.7095387671142817
1091.0 0.7899458520114422
1092.0 0.8264876902103424
1093.0 0.8630292490124702
1094.0 0.9125970304012299
1095.0 0.9621646255254745
1096.0 1.02864820510149
1097.0 1.0951319709420204
1098.0 1.1569993570446968
1099.0 1.2188669294118881
1100.0 1.4459198340773582
1101.0 1.6729725524783134
