lsstCam/transmission_filter_detector/r12_s11/g_6/19700101T000000.ecsv
# %ECSV 1.0
# ---
# datatype:
# - {name: wavelength, unit: nm, datatype: float32}
# - {name: efficiency, unit: '%', datatype: float64}
# meta: !!omap
# - {MODE: DETECTOR}
# - {TYPE: transmission_filter_detector}
# - {CALIBDATE: '1970-01-01T00:00:00'}
# - {INSTRUME: LSSTCam}
# - {OBSTYPE: transmission_filter_detector}
# - {CALIBCLS: lsst.ip.isr.IntermediateFilterDetectorTransmissionCurve}
# - {SOURCE: Materion (DM-46256)}
# - {DETECTOR: 49}
# - {FILTER: g_6}
# - {CALIB_ID: 'calibDate=1970-01-01T00:00:00 filter=g_6 detector=49'}
# - {DATE: '2025-04-02T15:59:42.253976'}
# - {CALIB_CREATION_DATE: '2025-04-02'}
# - {CALIB_CREATION_TIME: '15:59:42'}
# - __serialized_columns__:
#     efficiency:
#       __class__: astropy.units.quantity.Quantity
#       unit: !astropy.units.Unit {unit: '%'}
#       value: !astropy.table.SerializedColumn {name: efficiency}
#     wavelength:
#       __class__: astropy.units.quantity.Quantity
#       unit: !astropy.units.Unit {unit: nm}
#       value: !astropy.table.SerializedColumn {name: wavelength}
# schema: astropy-2.0
wavelength efficiency
300.0 0.5004375241696835
301.0 0.3708666888996959
302.0 0.24129580706357956
303.0 0.21750153973698616
304.0 0.1937072491273284
305.0 0.20386504475027323
306.0 0.21402279380708933
307.0 0.2204845193773508
308.0 0.22694624494761229
309.0 0.2222987823188305
310.0 0.2176513895392418
311.0 0.21130109671503305
312.0 0.20495085045695305
313.0 0.2015397185459733
314.0 0.19812858663499355
315.0 0.18818406388163567
316.0 0.17823957605287433
317.0 0.1775354496203363
318.0 0.1768313581123948
319.0 0.16140448860824108
320.0 0.1459775841794908
321.0 0.14033743645995855
322.0 0.13469726545736194
323.0 0.11484796414151788
324.0 0.09499871521256864
325.0 0.08705186191946268
326.0 0.07910501444712281
327.0 0.07200139807537198
328.0 0.06489778170362115
329.0 0.06164502119645476
330.0 0.05839226068928838
331.0 0.054620340233668685
332.0 0.05084841977804899
333.0 0.04703746235463768
334.0 0.043226510751992464
335.0 0.041992097976617515
336.0 0.04075768229085952
337.0 0.04152478359173983
338.0 0.0422918819822371
339.0 0.04070753057021648
340.0 0.03912317915819585
341.0 0.03729196032509208
342.0 0.03546074440237135
343.0 0.032153911888599396
344.0 0.028847079374827445
345.0 0.025595023180358112
346.0 0.02234296698588878
347.0 0.021021450811531395
348.0 0.019699933181982487
349.0 0.018039548012893647
350.0 0.7626125123351812
351.0 1.2998923659324646
352.0 0.842361431568861
353.0 1.014905422925949
354.0 0.5934374872595072
355.0 0.8689963258802891
356.0 0.5757230799645185
357.0 0.9429687634110451
358.0 0.5460167769342661
359.0 0.9402330033481121
360.0 0.6143996026366949
361.0 0.939703918993473
362.0 0.5966979078948498
363.0 0.8100936189293861
364.0 0.6155543960630894
365.0 0.8513402193784714
366.0 0.5459354724735022
367.0 0.7504667621105909
368.0 0.5134672857820988
369.0 0.6657171063125134
370.0 0.44973581098020077
371.0 0.6061265710741282
372.0 0.46667326241731644
373.0 0.6403584498912096
374.0 0.44607752934098244
375.0 0.5135765299201012
376.0 0.390759389847517
377.0 0.5584546830505133
378.0 0.4640209022909403
379.0 0.6289185956120491
380.0 0.3915238194167614
381.0 0.5470779724419117
382.0 0.5963512696325779
383.0 0.5701737478375435
384.0 0.5599251948297024
385.0 0.639483705163002
386.0 0.6564769893884659
387.0 0.8203930221498013
388.0 0.9544393047690392
389.0 1.238730363547802
390.0 1.7648132517933846
391.0 2.689388394355774
392.0 4.300134629011154
393.0 6.791079789400101
394.0 10.265123099088669
395.0 14.927615225315094
396.0 20.682483911514282
397.0 27.977335453033447
398.0 36.48200035095215
399.0 45.828044414520264
400.0 55.29583692550659
401.0 64.42866921424866
402.0 72.91597723960876
403.0 80.15090823173523
404.0 85.48311591148376
405.0 89.53844904899597
406.0 91.8221652507782
407.0 93.7004566192627
408.0 94.74487900733948
409.0 95.33653855323792
410.0 95.42691707611084
411.0 95.29906511306763
412.0 94.88659501075745
413.0 94.6912169456482
414.0 94.55885887145996
415.0 94.69097852706909
416.0 95.10497450828552
417.0 95.40826678276062
418.0 95.95637917518616
419.0 96.54651284217834
420.0 97.03867435455322
421.0 97.65897393226624
422.0 97.75803685188293
423.0 97.95840978622437
424.0 97.76517748832703
425.0 97.6930558681488
426.0 97.664874792099
427.0 97.63835072517395
428.0 97.43930101394653
429.0 97.22623229026794
430.0 97.09035158157349
431.0 97.10858464241028
432.0 97.0761239528656
433.0 97.1845805644989
434.0 97.24040031433105
435.0 97.46936559677124
436.0 97.510427236557
437.0 97.49701023101807
438.0 97.55520224571228
439.0 97.65902161598206
440.0 97.62101769447327
441.0 97.7627158164978
442.0 97.75032997131348
443.0 97.75223135948181
444.0 97.60650396347046
445.0 97.38366603851318
446.0 97.28153944015503
447.0 97.09641337394714
448.0 97.18461632728577
449.0 97.37755060195923
450.0 97.65327572822571
451.0 97.83990383148193
452.0 98.02996516227722
453.0 98.12362790107727
454.0 98.14479351043701
455.0 98.43172430992126
456.0 98.47944974899292
457.0 98.60430359840393
458.0 98.63483309745789
459.0 98.65040183067322
460.0 98.72722029685974
461.0 98.86018633842468
462.0 98.81532788276672
463.0 98.74070286750793
464.0 98.82804751396179
465.0 98.74206185340881
466.0 98.72648119926453
467.0 98.76874089241028
468.0 98.80251288414001
469.0 98.81338477134705
470.0 98.71029853820801
471.0 98.58459830284119
472.0 98.60572814941406
473.0 98.4896183013916
474.0 98.34402203559875
475.0 98.38342070579529
476.0 98.38272333145142
477.0 98.4211266040802
478.0 98.5167145729065
479.0 98.48262071609497
480.0 98.63694310188293
481.0 98.74049425125122
482.0 98.8944411277771
483.0 98.79968166351318
484.0 98.94388318061829
485.0 98.99107813835144
486.0 98.99787902832031
487.0 99.09517168998718
488.0 99.01727437973022
489.0 99.11016821861267
490.0 99.02284741401672
491.0 99.05701279640198
492.0 98.97297024726868
493.0 98.930424451828
494.0 98.88942837715149
495.0 98.96167516708374
496.0 98.77796769142151
497.0 98.68583083152771
498.0 98.49798083305359
499.0 98.52517247200012
500.0 98.51008653640747
501.0 98.42790961265564
502.0 98.30333590507507
503.0 98.44778180122375
504.0 98.29066395759583
505.0 98.33741188049316
506.0 98.37210178375244
507.0 98.34280610084534
508.0 98.37614297866821
509.0 98.34812879562378
510.0 98.26794266700745
511.0 98.27719926834106
512.0 98.1169581413269
513.0 98.22651743888855
514.0 98.26257824897766
515.0 98.24309349060059
516.0 98.37425947189331
517.0 98.37129712104797
518.0 98.42629432678223
519.0 98.42538237571716
520.0 98.48939776420593
521.0 98.65655899047852
522.0 98.63091707229614
523.0 98.61524701118469
524.0 98.66955876350403
525.0 98.68475198745728
526.0 98.77612590789795
527.0 98.80638718605042
528.0 98.87601733207703
529.0 98.97679090499878
530.0 98.96449446678162
531.0 99.11998510360718
532.0 98.96761775016785
533.0 99.0106463432312
534.0 98.97048473358154
535.0 98.78366589546204
536.0 98.41598868370056
537.0 97.79731631278992
538.0 96.95404767990112
539.0 95.5180287361145
540.0 93.72268915176392
541.0 90.94306230545044
542.0 88.06971907615662
543.0 84.32390093803406
544.0 79.57459092140198
545.0 75.4723608493805
546.0 70.42765617370605
547.0 65.82892537117004
548.0 61.26243472099304
549.0 57.157719135284424
550.0 53.91315221786499
551.0 50.824546813964844
552.0 48.4603226184845
553.0 45.91648578643799
554.0 42.97254681587219
555.0 39.70169126987457
556.0 35.37919819355011
557.0 30.39030432701111
558.0 24.961048364639282
559.0 19.64283585548401
560.0 14.53770101070404
561.0 9.849945455789566
562.0 6.284449249505997
563.0 3.682883083820343
564.0 2.0149238407611847
565.0 0.986469816416502
566.0 0.5230778828263283
567.0 0.26546549052000046
568.0 0.16178027726709843
569.0 0.10334192775189877
570.0 0.07741814479231834
571.0 0.05739026819355786
572.0 0.05110294441692531
573.0 0.03916773712262511
574.0 0.046171294525265694
575.0 0.028142667724750936
576.0 0.04021875502076
577.0 0.02361971855862066
578.0 0.031383492751047015
579.0 0.02694017020985484
580.0 0.03055224660784006
581.0 0.014860638475511223
582.0 0.032473079045303166
583.0 0.019054868607781827
584.0 0.021686301624868065
585.0 0.01675248349783942
586.0 0.026528301532380283
587.0 0.018691373406909406
588.0 0.01626728189876303
589.0 0.0170733270351775
590.0 0.017103677964769304
591.0 0.014692742843180895
592.0 0.030589455855078995
593.0 0.012808201427105814
594.0 0.016028528625611216
595.0 0.01422882778570056
596.0 0.01199905454996042
597.0 0.01650247140787542
598.0 0.022646458819508553
599.0 0.009094952110899612
600.0 0.012409946066327393
601.0 0.002508124816813506
602.0 0.0024467004550388083
603.0 0.00238527591136517
604.0 0.002217702058260329
605.0 0.0020501283870544285
606.0 0.0020903642507619224
607.0 0.0021305997506715357
608.0 0.0018811937479767948
609.0 0.0016317875633831136
610.0 0.0018930906662717462
611.0 0.002154393405362498
612.0 0.001975764098460786
613.0 0.001797134791559074
614.0 0.0018478123820386827
615.0 0.001898490336316172
616.0 0.001980648812605068
617.0 0.002062807106995024
618.0 0.0019358169083716348
619.0 0.0018088268916471861
620.0 0.0016927730030147359
621.0 0.0015767189324833453
622.0 0.00144680143421283
623.0 0.001316883663093904
624.0 0.0013569093425758183
625.0 0.0013969350220577326
626.0 0.0013982963537273463
627.0 0.0013996578672959004
628.0 0.0014472528164333198
629.0 0.0014948480384191498
630.0 0.0014336228559841402
631.0 0.0013723972188017797
632.0 0.0015326993889175355
633.0 0.0016930009223870002
634.0 0.001607280682947021
635.0 0.0015215598978102207
636.0 0.0014274956811277661
637.0 0.0013334319191926625
638.0 0.0012942729881615378
639.0 0.001255113966180943
640.0 0.0011423606338212267
641.0 0.0010296070286130998
642.0 0.0013061147001280915
643.0 0.0015826224625925533
644.0 0.0014742638086318038
645.0 0.001365904972772114
646.0 0.0013705756828130689
647.0 0.001375246483803494
648.0 0.001196995253849309
649.0 0.0010187437510467134
650.0 0.0012295185115362983
651.0 0.001440292635379592
652.0 0.0012166698979854118
653.0 0.0009930470696417615
654.0 0.0011312692549836356
655.0 0.0012694918041233905
656.0 0.0012444075764506124
657.0 0.0012193234397273045
658.0 0.0010932990335277282
659.0 0.0009672751730249729
660.0 0.0009066287020687014
661.0 0.0008459822311124299
662.0 0.0010352298886573408
663.0 0.001224477728101192
664.0 0.0012413049262249842
665.0 0.001258131942449836
666.0 0.0011219334737688769
667.0 0.000985734641290037
668.0 0.0011140932656417135
669.0 0.0012424517990439199
670.0 0.0012254960893187672
671.0 0.0012085403795936145
672.0 0.0011645423910522368
673.0 0.001120544311561389
674.0 0.0011220686246815603
675.0 0.0011235928468522616
676.0 0.0010984764230670407
677.0 0.0010733596354839392
678.0 0.0011247941074543633
679.0 0.0011762286703742575
680.0 0.001120106753660366
681.0 0.001063984655047534
682.0 0.0011055339200538583
683.0 0.0011470830941107124
684.0 0.0009779964784684125
685.0 0.0008089097718766425
686.0 0.0009647486876929179
687.0 0.0011205876944586635
688.0 0.0011567452020244673
689.0 0.0011929027095902711
690.0 0.0010638356798153836
691.0 0.000934768559091026
692.0 0.0009462245543545578
693.0 0.0009576806405675597
694.0 0.0010573863619356416
695.0 0.0011570920833037235
696.0 0.0011675929272314534
697.0 0.0011780934983107727
698.0 0.0012614404113264754
699.0 0.0013447874152916484
700.0 0.0012210474778839853
701.0 0.0010973073585773818
702.0 0.001185367364087142
703.0 0.0012734270967484917
704.0 0.001284883819607785
705.0 0.0012963403605681378
706.0 0.0011639099284366239
707.0 0.0010314795872545801
708.0 0.0009923683137458283
709.0 0.0009532571311865468
710.0 0.001167564005299937
711.0 0.0013818711522617377
712.0 0.0012637769941648003
713.0 0.0011456830179668032
714.0 0.001242286634806078
715.0 0.001338890433544293
716.0 0.0015532401448581368
717.0 0.0017675902199698612
718.0 0.001961722591659054
719.0 0.002155854963348247
720.0 0.0018280914446222596
721.0 0.0015003278349468019
722.0 0.0016634861822240055
723.0 0.00182664498424856
724.0 0.001843909740273375
725.0 0.0018611743143992499
726.0 0.0019496921595418826
727.0 0.0020382101865834557
728.0 0.002043979475274682
729.0 0.0020497487639659084
730.0 0.002025011053774506
731.0 0.002000273161684163
732.0 0.0018643029761733487
733.0 0.0017283329725614749
734.0 0.0015075050214363728
735.0 0.0012866774341091514
736.0 0.0011936668670387007
737.0 0.0011006561180693097
738.0 0.0010414182725071441
739.0 0.0009821803359955084
740.0 0.0008654914381622802
741.0 0.0007488023584301118
742.0 0.0007439856744895224
743.0 0.000739169036023668
744.0 0.0009041310477186926
745.0 0.0010690931958379224
746.0 0.00106416728158365
747.0 0.0010592414582788479
748.0 0.0011275990800641011
749.0 0.0011959567927988246
750.0 0.000981054654403124
751.0 0.0007661528798053041
752.0 0.0007459753305738559
753.0 0.0007257978722918779
754.0 0.0008287677701446228
755.0 0.0009317376679973677
756.0 0.0009012750524561852
757.0 0.0008708124369150028
758.0 0.0008585629075241741
759.0 0.0008463137419312261
760.0 0.00067815244619851
761.0 0.0005099910140415886
762.0 0.000630450540484162
763.0 0.0007509098850277951
764.0 0.0008600132787250914
765.0 0.0009691168997960631
766.0 0.0008506217454851139
767.0 0.00073212672759837
768.0 0.0005782175321655814
769.0 0.0004243082912580576
770.0 0.00038662915358145256
771.0 0.00034894999316748
772.0 0.0005242724910203833
773.0 0.0006995951025601244
774.0 0.000816804458736442
775.0 0.0009340138603874948
776.0 0.0009083933946385514
777.0 0.0008827728379401378
778.0 0.0006942350864846958
779.0 0.000505697471453459
780.0 0.0004889610409009038
781.0 0.0004722245648736134
782.0 0.0005744469490309712
783.0 0.0006766691512893885
784.0 0.000803768853074871
785.0 0.0009308684639108833
786.0 0.0007612286026414949
787.0 0.0005915890596952522
788.0 0.0004844688191951718
789.0 0.00037734873785666423
790.0 0.0002334619694011053
791.0 8.95751952612045e-05
792.0 0.0001740839252306614
793.0 0.000258592672253144
794.0 0.0003338661827001488
795.0 0.0004091396931471536
796.0 0.0004901607098872773
797.0 0.0005711817266274011
798.0 0.000553820063942112
799.0 0.0005364584467315581
800.0 0.0005593621153821005
801.0 0.000582265874982113
802.0 0.000507763297719066
803.0 0.0004332609023549594
804.0 0.00040844647628546227
805.0 0.0003836321866401704
806.0 0.00037129598240426276
807.0 0.0003589597781683551
808.0 0.00041850157685985323
809.0 0.00047804333007661626
810.0 0.000350846266883309
811.0 0.0002236491809526342
812.0 0.000268470830633305
813.0 0.00031329248031397583
814.0 0.0004104497293155873
815.0 0.0005076070010545664
816.0 0.000516516956849955
817.0 0.0005254267307464033
818.0 0.00039177607504825573
819.0 0.0002581255102995783
820.0 0.0004921629169984953
821.0 0.0007262001872732071
822.0 0.0005565359060710762
823.0 0.00038687157939421013
824.0 0.0004472446107683936
825.0 0.000507617596667842
826.0 0.0006285701147135114
827.0 0.0007495226327591809
828.0 0.000616330453340197
829.0 0.000483138228446478
830.0 0.0004258074113749899
831.0 0.00036847659430350177
832.0 0.0004920210812997539
833.0 0.0006155655228212709
834.0 0.000525321911482024
835.0 0.00043507834561751224
836.0 0.0005021856395615032
837.0 0.0005692930244549643
838.0 0.00046562881834688596
839.0 0.00036196468045091024
840.0 0.0004922567313769832
841.0 0.0006225486686162185
842.0 0.0003670261321531143
843.0 0.00011150342515975353
844.0 0.0002295309741384699
845.0 0.00034755853448587004
846.0 0.0004908124083158327
847.0 0.0006340664640447358
848.0 0.0005394344498199644
849.0 0.00044480248106992804
850.0 0.0005137833340995712
851.0 0.0005827641871292144
852.0 0.0005991211310174549
853.0 0.0006154776656330796
854.0 0.0006032047622284153
855.0 0.0005909316769248107
856.0 0.0006375537395797437
857.0 0.0006841758477094118
858.0 0.0006178574949444737
859.0 0.0005515390967048006
860.0 0.0005741012500948273
861.0 0.0005966632670606486
862.0 0.0005105947820993606
863.0 0.00042452629713807255
864.0 0.00041545868043613154
865.0 0.00040639101825945545
866.0 0.0004418847765919054
867.0 0.0004773785803990904
868.0 0.0005975937710900325
869.0 0.0007178090982051799
870.0 0.000596021709498018
871.0 0.0004742341388919158
872.0 0.0003843343165499391
873.0 0.0002944343350463896
874.0 0.00038064567888795864
875.0 0.0004668570454668952
876.0 0.0006563845090568066
877.0 0.0008459119271719828
878.0 0.0007536128578067292
879.0 0.0006613137429667404
880.0 0.0006430560461012647
881.0 0.0006247986220841995
882.0 0.0006301874236669391
883.0 0.0006355765435728244
884.0 0.0005954038442723686
885.0 0.0005552314178203233
886.0 0.0006053323431842728
887.0 0.0006554334504471626
888.0 0.0005866763785888907
889.0 0.000517919443154824
890.0 0.0005317615432431921
891.0 0.0005456037797557656
892.0 0.0005517119916476076
893.0 0.0005578202944889199
894.0 0.0005293409685691586
895.0 0.0005008615971746622
896.0 0.0003189192057106993
897.0 0.00013697679150936892
898.0 0.00028713707251881715
899.0 0.00043729733079089783
900.0 0.00035547266179492
901.0 0.00027364799279894214
902.0 0.00042942074287566356
903.0 0.000585193492952385
904.0 0.0003297284138170653
905.0 7.426324373227544e-05
906.0 0.00031525296435575
907.0 0.0005562426395044895
