lsstCam/transmission_filter_detector/r11_s11/g_6/19700101T000000.ecsv
# %ECSV 1.0
# ---
# datatype:
# - {name: wavelength, unit: nm, datatype: float32}
# - {name: efficiency, unit: '%', datatype: float64}
# meta: !!omap
# - {MODE: DETECTOR}
# - {TYPE: transmission_filter_detector}
# - {CALIBDATE: '1970-01-01T00:00:00'}
# - {INSTRUME: LSSTCam}
# - {OBSTYPE: transmission_filter_detector}
# - {CALIBCLS: lsst.ip.isr.IntermediateFilterDetectorTransmissionCurve}
# - {SOURCE: Materion (DM-46256)}
# - {DETECTOR: 40}
# - {FILTER: g_6}
# - {CALIB_ID: 'calibDate=1970-01-01T00:00:00 filter=g_6 detector=40'}
# - {DATE: '2025-04-02T15:59:42.212338'}
# - {CALIB_CREATION_DATE: '2025-04-02'}
# - {CALIB_CREATION_TIME: '15:59:42'}
# - __serialized_columns__:
#     efficiency:
#       __class__: astropy.units.quantity.Quantity
#       unit: !astropy.units.Unit {unit: '%'}
#       value: !astropy.table.SerializedColumn {name: efficiency}
#     wavelength:
#       __class__: astropy.units.quantity.Quantity
#       unit: !astropy.units.Unit {unit: nm}
#       value: !astropy.table.SerializedColumn {name: wavelength}
# schema: astropy-2.0
wavelength efficiency
300.0 0.5137743894010782
301.0 0.3820874961093068
302.0 0.25040055625140667
303.0 0.2208297373726964
304.0 0.19125889521092176
305.0 0.19959630444645882
306.0 0.20793371368199587
307.0 0.2172437496483326
308.0 0.22655376233160496
309.0 0.22436503786593676
310.0 0.22217635996639729
311.0 0.21488906349986792
312.0 0.20760183688253164
313.0 0.20379701163619757
314.0 0.19999216310679913
315.0 0.1879598363302648
316.0 0.17592752119526267
317.0 0.17629731446504593
318.0 0.17666713101789355
319.0 0.16201823018491268
320.0 0.14736928278580308
321.0 0.14208514476194978
322.0 0.13680100673809648
323.0 0.11560964630916715
324.0 0.09441833826713264
325.0 0.0867947528604418
326.0 0.07917116745375097
327.0 0.07186291040852666
328.0 0.06455464754253626
329.0 0.061645981622859836
330.0 0.05873730988241732
331.0 0.05529089830815792
332.0 0.05184448673389852
333.0 0.04772032843902707
334.0 0.043596167233772576
335.0 0.04229599144309759
336.0 0.04099581274203956
337.0 0.041865609819069505
338.0 0.0427354039857164
339.0 0.04108332213945687
340.0 0.03943124320358038
341.0 0.03769340692088008
342.0 0.03595557645894587
343.0 0.03247773856855929
344.0 0.028999900678172708
345.0 0.0257949810475111
346.0 0.02259005850646645
347.0 0.02116091054631397
348.0 0.019731756765395403
349.0 0.018049751815851778
350.0 0.8514187298715115
351.0 1.084953173995018
352.0 0.7749755401164293
353.0 0.9411648847162724
354.0 0.7301946170628071
355.0 0.9379656054079533
356.0 0.7199451327323914
357.0 0.9677307680249214
358.0 0.48296917229890823
359.0 0.7913578301668167
360.0 0.49405302852392197
361.0 0.6605679634958506
362.0 0.512207206338644
363.0 0.8343798108398914
364.0 0.6649897433817387
365.0 0.7478304207324982
366.0 0.45681544579565525
367.0 0.6655988283455372
368.0 0.5029255524277687
369.0 0.6004426628351212
370.0 0.31350275967270136
371.0 0.7380555383861065
372.0 0.38830426055938005
373.0 0.5707127507776022
374.0 0.4090724978595972
375.0 0.5317570175975561
376.0 0.38608929608017206
377.0 0.5406948737800121
378.0 0.4474660847336054
379.0 0.552038848400116
380.0 0.3974173218011856
381.0 0.46073500998318195
382.0 0.5993145518004894
383.0 0.5772079341113567
384.0 0.6061938591301441
385.0 0.5350707098841667
386.0 0.6911954842507839
387.0 0.7422915194183588
388.0 0.9175725281238556
389.0 1.1709442362189293
390.0 1.6903191804885864
391.0 2.5005312636494637
392.0 4.011394828557968
393.0 6.436222791671753
394.0 9.671306610107422
395.0 14.185869693756104
396.0 19.76185441017151
397.0 26.876115798950195
398.0 35.17751395702362
399.0 44.373688101768494
400.0 53.7993848323822
401.0 62.93483376502991
402.0 71.57838344573975
403.0 78.94695401191711
404.0 84.43690538406372
405.0 88.65886926651001
406.0 90.9979522228241
407.0 92.82421469688416
408.0 93.96805763244629
409.0 94.5059597492218
410.0 94.73707675933838
411.0 94.6270763874054
412.0 94.27197575569153
413.0 94.0305769443512
414.0 93.86042356491089
415.0 93.99208426475525
416.0 94.36044692993164
417.0 94.65380907058716
418.0 95.16855478286743
419.0 95.70311307907104
420.0 96.29713892936707
421.0 96.81650400161743
422.0 97.01711535453796
423.0 97.1933901309967
424.0 97.07555174827576
425.0 96.96438908576965
426.0 96.96405529975891
427.0 97.01367020606995
428.0 96.8372642993927
429.0 96.58507704734802
430.0 96.3962972164154
431.0 96.4895248413086
432.0 96.50289416313171
433.0 96.55389785766602
434.0 96.68464064598083
435.0 96.81934118270874
436.0 96.87073230743408
437.0 96.89189791679382
438.0 96.92349433898926
439.0 97.05458879470825
440.0 96.968674659729
441.0 97.07152247428894
442.0 97.07893133163452
443.0 97.04194068908691
444.0 97.05358147621155
445.0 96.78515195846558
446.0 96.70600295066833
447.0 96.40769362449646
448.0 96.43774628639221
449.0 96.61896228790283
450.0 96.87854647636414
451.0 97.06483483314514
452.0 97.21643328666687
453.0 97.40440249443054
454.0 97.40337133407593
455.0 97.70200252532959
456.0 97.80755043029785
457.0 97.95308113098145
458.0 97.92645573616028
459.0 97.91326522827148
460.0 98.04143905639648
461.0 98.1720507144928
462.0 98.12254905700684
463.0 98.03709387779236
464.0 98.1562077999115
465.0 98.08464050292969
466.0 98.06159734725952
467.0 98.03219437599182
468.0 98.09486865997314
469.0 98.14345836639404
470.0 98.01017642021179
471.0 97.84414172172546
472.0 97.9406476020813
473.0 97.84297943115234
474.0 97.70498871803284
475.0 97.7151870727539
476.0 97.70474433898926
477.0 97.75789976119995
478.0 97.84500002861023
479.0 97.82381057739258
480.0 98.00098538398743
481.0 98.06963205337524
482.0 98.25084209442139
483.0 98.13696146011353
484.0 98.33908081054688
485.0 98.38286638259888
486.0 98.39945435523987
487.0 98.4166145324707
488.0 98.42284321784973
489.0 98.55503439903259
490.0 98.48130941390991
491.0 98.47360849380493
492.0 98.41607809066772
493.0 98.37838411331177
494.0 98.35469722747803
495.0 98.38742017745972
496.0 98.24530482292175
497.0 98.15400242805481
498.0 97.96448945999146
499.0 98.03165793418884
500.0 97.93474674224854
501.0 97.8658676147461
502.0 97.77591824531555
503.0 97.92259931564331
504.0 97.76037931442261
505.0 97.78345823287964
506.0 97.84007668495178
507.0 97.74636030197144
508.0 97.75370359420776
509.0 97.74163365364075
510.0 97.66426682472229
511.0 97.62561321258545
512.0 97.56730794906616
513.0 97.67444729804993
514.0 97.61556386947632
515.0 97.62749671936035
516.0 97.7470874786377
517.0 97.74326086044312
518.0 97.81320095062256
519.0 97.84581065177917
520.0 97.914057970047
521.0 98.07342290878296
522.0 98.02984595298767
523.0 98.06088209152222
524.0 98.08794856071472
525.0 98.0686604976654
526.0 98.13891053199768
527.0 98.14598560333252
528.0 98.25804829597473
529.0 98.34092855453491
530.0 98.35101962089539
531.0 98.51304888725281
532.0 98.3542263507843
533.0 98.41285943984985
534.0 98.38374853134155
535.0 98.19963574409485
536.0 97.88305163383484
537.0 97.36543297767639
538.0 96.71292304992676
539.0 95.38871645927429
540.0 93.75580549240112
541.0 91.2535548210144
542.0 88.54839205741882
543.0 85.03717184066772
544.0 80.44958114624023
545.0 76.49129033088684
546.0 71.52885794639587
547.0 66.94610714912415
548.0 62.31812238693237
549.0 58.13133120536804
550.0 54.78789806365967
551.0 51.53191089630127
552.0 49.119558930397034
553.0 46.60766124725342
554.0 43.80398392677307
555.0 40.7344788312912
556.0 36.63143515586853
557.0 31.875482201576233
558.0 26.59296989440918
559.0 21.23274803161621
560.0 15.98765254020691
561.0 11.084980517625809
562.0 7.224108278751373
563.0 4.329315945506096
564.0 2.4092521518468857
565.0 1.1964090168476105
566.0 0.6381305400282145
567.0 0.3129360731691122
568.0 0.20063307601958513
569.0 0.11357096955180168
570.0 0.08799514034762979
571.0 0.05489147733896971
572.0 0.054001883836463094
573.0 0.03464539768174291
574.0 0.04614039498846978
575.0 0.03976708394475281
576.0 0.04149915766902268
577.0 0.024028461484704167
578.0 0.02939737169072032
579.0 0.027922229492105544
580.0 0.03445958427619189
581.0 0.028145677060820162
582.0 0.03225090622436255
583.0 0.01578104420332238
584.0 0.025663929409347475
585.0 0.017263331392314285
586.0 0.031017622677609324
587.0 0.014726349036209285
588.0 0.01965897681657225
589.0 0.009927551582222804
590.0 0.022449620882980525
591.0 0.009901922749122605
592.0 0.012481820886023343
593.0 0.021340663079172373
594.0 0.012258444621693343
595.0 0.011285129585303366
596.0 0.017000106163322926
597.0 0.013146561104804277
598.0 0.002992410918523092
599.0 0.004763644028571434
600.0 0.010940084757748991
601.0 0.002377356940996833
602.0 0.0024718867280171253
603.0 0.0025664165150374174
604.0 0.0022960122805670835
605.0 0.00202560822799569
606.0 0.0020642444724217057
607.0 0.002102880534948781
608.0 0.0019292434444651008
609.0 0.0017556065358803608
610.0 0.001853429239417892
611.0 0.0019512515791575424
612.0 0.00182099702215055
613.0 0.001690742647042498
614.0 0.0017151498468592763
615.0 0.0017395575923728757
616.0 0.001990056989598088
617.0 0.00224055620492436
618.0 0.0019922319552279077
619.0 0.0017439077055314556
620.0 0.0017660979210631922
621.0 0.0017882883184938692
622.0 0.001601982512511313
623.0 0.0014156767065287568
624.0 0.0014179418940329924
625.0 0.0014202072634361684
626.0 0.0013906165804655757
627.0 0.001361026443191804
628.0 0.001539510049042292
629.0 0.001717994200589601
630.0 0.0015210061064863112
631.0 0.0013240177395346109
632.0 0.0014225335689843632
633.0 0.001521049125585705
634.0 0.0014294519132818095
635.0 0.0013378542462305631
636.0 0.0013454296095005702
637.0 0.0013530054275179282
638.0 0.0013149991900718305
639.0 0.0012769927707267925
640.0 0.001160080500994809
641.0 0.001043167958414415
642.0 0.001246105421159882
643.0 0.00144904324770323
644.0 0.0013546876289183274
645.0 0.0012603318282344844
646.0 0.0011743889444915112
647.0 0.001088446060748538
648.0 0.0009937679351423867
649.0 0.0008990897185867652
650.0 0.0011744311450456735
651.0 0.0014497721167572308
652.0 0.0011861729035445023
653.0 0.0009225736903317738
654.0 0.0010290819773217663
655.0 0.001135590355261229
656.0 0.0011901444850082044
657.0 0.0012446985238057096
658.0 0.001094597337214509
659.0 0.0009444966053706594
660.0 0.0010004637260863092
661.0 0.0010564309377514292
662.0 0.0010887315511354245
663.0 0.0011210324373678304
664.0 0.0011933322639379185
665.0 0.001265631817659596
666.0 0.0011419379006838426
667.0 0.0010182437108596787
668.0 0.001130644159275107
669.0 0.0012430445167410653
670.0 0.0011686154721246567
671.0 0.0010941863365587778
672.0 0.0011927085324714426
673.0 0.0012912307283841074
674.0 0.0011994246960966848
675.0 0.0011076187547587324
676.0 0.0010739005119830836
677.0 0.0010401819963590242
678.0 0.0011487540177768096
679.0 0.0012573261301440652
680.0 0.0011028281733160838
681.0 0.0009483302164881025
682.0 0.0009945091733243316
683.0 0.0010406881301605608
684.0 0.0008803743185126223
685.0 0.0007200603249657433
686.0 0.0009266949746233877
687.0 0.001133329624281032
688.0 0.0011140953574795276
689.0 0.0010948610906780232
690.0 0.0009913584108289797
691.0 0.0008878558219294064
692.0 0.000902613828657195
693.0 0.0009173718353849836
694.0 0.0009946948921424337
695.0 0.0010720178579504136
696.0 0.001130182408815017
697.0 0.0011883465049322695
698.0 0.0012989650713279843
699.0 0.0014095836377236992
700.0 0.0012214205526106525
701.0 0.0010332572855986655
702.0 0.001133076148107648
703.0 0.00123289482871769
704.0 0.0011928192179766484
705.0 0.0011527433343871962
706.0 0.0011014829397026915
707.0 0.0010502228178665973
708.0 0.0010523348464630544
709.0 0.0010544470569584519
710.0 0.00123268964671297
711.0 0.0014109326002653688
712.0 0.0012672158845816739
713.0 0.0011234996236453298
714.0 0.0012445362699509133
715.0 0.0013655731891049072
716.0 0.0015254450772772543
717.0 0.0016853175111464225
718.0 0.0019428949599387124
719.0 0.0022004724087310024
720.0 0.0018483815438230522
721.0 0.0014962904970161617
722.0 0.001668370168772526
723.0 0.0018404502043267712
724.0 0.00177375059138285
725.0 0.001707051160337869
726.0 0.001948174940480385
727.0 0.0021892985387239605
728.0 0.0021450747226481326
729.0 0.0021008507246733643
730.0 0.002077401222777553
731.0 0.002053951357083861
732.0 0.001966882700799033
733.0 0.0018798142264131457
734.0 0.0016838566807564348
735.0 0.0014878993169986643
736.0 0.001304368197452277
737.0 0.0011208369869564194
738.0 0.0011290587281109765
739.0 0.001137280651164474
740.0 0.0009520425919617992
741.0 0.0007668045327591244
742.0 0.0007036339866317576
743.0 0.0006404635314538609
744.0 0.0007759330401313491
745.0 0.0009114028216572478
746.0 0.0009952093023457564
747.0 0.0010790158739837352
748.0 0.0011495615581225138
749.0 0.0012201074241602328
750.0 0.000997769438981777
751.0 0.0007754318176012021
752.0 0.0007635123438376468
753.0 0.0007515930519730318
754.0 0.0008058701496338472
755.0 0.0008601471563451923
756.0 0.0008993906703835819
757.0 0.0009386340934725013
758.0 0.0009184956070384942
759.0 0.0008983574844023678
760.0 0.0006756842594768386
761.0 0.00045301098907657433
762.0 0.0005623870492854621
763.0 0.0006717630185448797
764.0 0.0007632152119185776
765.0 0.0008546675417164806
766.0 0.0007826869477867149
767.0 0.0007107063993316842
768.0 0.0005863540991413174
769.0 0.0004620017989509506
770.0 0.0004188994807918789
771.0 0.00037579716263280716
772.0 0.0006595013019250473
773.0 0.0009432056685909629
774.0 0.0009300443707616068
775.0 0.000916883163881721
776.0 0.0008501746378897224
777.0 0.0007834660209482536
778.0 0.0007351502063102089
779.0 0.0006868345280963695
780.0 0.0005419544777396368
781.0 0.000397074381908169
782.0 0.000479152276966488
783.0 0.0005612300356006017
784.0 0.0006791234682168579
785.0 0.000797016855358379
786.0 0.0007359909886872629
787.0 0.0006749655312887626
788.0 0.0004425540737429401
789.0 0.00021014275262132287
790.0 0.00018063184370475938
791.0 0.00015112093478819588
792.0 0.000190749733519624
793.0 0.0002303785322510521
794.0 0.0002563514271969325
795.0 0.00028232434488018043
796.0 0.00039458291212213226
797.0 0.0005068415248388192
798.0 0.0005364442131394753
799.0 0.0005660469014401315
800.0 0.0005726381914428202
801.0 0.0005792296633444494
802.0 0.00047375719987030607
803.0 0.0003682848955577356
804.0 0.00031025963380670873
805.0 0.0002522344857425196
806.0 0.0003001170398420072
807.0 0.00034799961667886237
808.0 0.0004592378445522627
809.0 0.0005704761406377656
810.0 0.0004082204668520717
811.0 0.00024596474759164266
812.0 0.00022847716536489315
813.0 0.0002109895604007761
814.0 0.0003498819069136516
815.0 0.0004887742761638947
816.0 0.0005966779099253472
817.0 0.0007045814527373295
818.0 0.0004560094112093793
819.0 0.00020743739241879666
820.0 0.0004088837158633396
821.0 0.0006103299710957799
822.0 0.0005026642611483112
823.0 0.0003949985057261074
824.0 0.00039252740862139035
825.0 0.0003900562205672031
826.0 0.000575673948333133
827.0 0.0007612916306243278
828.0 0.0006784503057133406
829.0 0.0005956089808023535
830.0 0.0004248934146744432
831.0 0.00025417791675863555
832.0 0.0004277687366993632
833.0 0.0006013594429532532
834.0 0.00046652535274915863
835.0 0.00033169128528243164
836.0 0.0003871697117574513
837.0 0.0004426482064445736
838.0 0.00036450157949730055
839.0 0.0002863549980247626
840.0 0.0005100851467432221
841.0 0.0007338152499869466
842.0 0.0004052121312270174
843.0 7.66089613080112e-05
844.0 9.880051266009104e-05
845.0 0.00012099209243388032
846.0 0.0004072515366715379
847.0 0.0006935110832273494
848.0 0.0005793198852188652
849.0 0.0004651287326851161
850.0 0.00047385501602548175
851.0 0.00048258129936584737
852.0 0.0005458848590933485
853.0 0.0006091880550229689
854.0 0.0005829715519212186
855.0 0.000556754866920528
856.0 0.000548595244254102
857.0 0.0005404357580118813
858.0 0.0005419732133304933
859.0 0.0005435107141238404
860.0 0.0005094066182209644
861.0 0.00047530252231808845
862.0 0.0004553442977339728
863.0 0.000435386027675122
864.0 0.00045339056669035926
865.0 0.0004713951057055965
866.0 0.000471359453513287
867.0 0.0004713238467957126
868.0 0.0006003289854561444
869.0 0.0007293341241165763
870.0 0.0005948546004219679
871.0 0.0004603748493536841
872.0 0.0003950889549741987
873.0 0.0003298029014331405
874.0 0.0004645692570193205
875.0 0.000599335589868133
876.0 0.0006435182058339706
877.0 0.0006877007763250731
878.0 0.0007104616543074371
879.0 0.0007332224868150661
880.0 0.0006732547262799926
881.0 0.0006132872840680648
882.0 0.0005774219971499406
883.0 0.0005415569376054918
884.0 0.0005841942311235471
885.0 0.0006268316610658076
886.0 0.0007090455255820416
887.0 0.000791259571997216
888.0 0.0006508834758278681
889.0 0.0005105074706079904
890.0 0.0005521717412193539
891.0 0.0005938361482549226
892.0 0.0005663148385792738
893.0 0.0005387935743783601
894.0 0.0004655732936953427
895.0 0.0003923530584870605
896.0 0.00020946231416019145
897.0 2.657155278029677e-05
898.0 0.0002375458279857412
899.0 0.00044852008613815997
900.0 0.0003653975909401197
901.0 0.0002822750730047119
902.0 0.00048056067498691846
903.0 0.0006788462997064926
904.0 0.000390086415791302
905.0 0.000101326452295325
906.0 0.00033230062399525195
