lsstCam/transmission_filter_detector/r11_s11/g_6/19700101T000000.ecsv
# %ECSV 1.0
# ---
# datatype:
# - {name: wavelength, unit: nm, datatype: float32}
# - {name: efficiency, unit: '%', datatype: float64}
# meta: !!omap
# - {MODE: DETECTOR}
# - {TYPE: transmission_filter_detector}
# - {CALIBDATE: '1970-01-01T00:00:00'}
# - {INSTRUME: LSSTCam}
# - {OBSTYPE: transmission_filter_detector}
# - {CALIBCLS: lsst.ip.isr.IntermediateFilterDetectorTransmissionCurve}
# - {SOURCE: Materion (DM-46256)}
# - {DETECTOR: 40}
# - {FILTER: g_6}
# - {CALIB_ID: 'calibDate=1970-01-01T00:00:00 filter=g_6 detector=40'}
# - {DATE: '2025-04-02T15:59:42.212338'}
# - {CALIB_CREATION_DATE: '2025-04-02'}
# - {CALIB_CREATION_TIME: '15:59:42'}
# - __serialized_columns__:
#     efficiency:
#       __class__: astropy.units.quantity.Quantity
#       unit: !astropy.units.Unit {unit: '%'}
#       value: !astropy.table.SerializedColumn {name: efficiency}
#     wavelength:
#       __class__: astropy.units.quantity.Quantity
#       unit: !astropy.units.Unit {unit: nm}
#       value: !astropy.table.SerializedColumn {name: wavelength}
# schema: astropy-2.0
wavelength efficiency
[from data line 608]
908.0 0.0005309910193318501
909.0 0.0004987073680240428
910.0 0.00043911918510275427
911.0 0.00037953107039356837
912.0 0.0004518375590123469
913.0 0.0005241441158432281
914.0 0.00031527936243946897
915.0 0.00010641464314176119
916.0 0.00015897811636023107
917.0 0.0002115415327352821
918.0 0.00023648078695259755
919.0 0.0002614200184325455
920.0 0.00033663770864222897
921.0 0.00041185544432664756
922.0 0.0005758430688729277
923.0 0.0007398306934192078
924.0 0.0006159948497952428
925.0 0.0004921589606965426
926.0 0.0005836000582348788
927.0 0.0006750412467226852
928.0 0.000642408804196748
929.0 0.0006097763616708107
930.0 0.000578371782467002
931.0 0.0005469672032631934
932.0 0.0004729452030005632
933.0 0.0003989232936874032
934.0 0.00040059976527118124
935.0 0.0004022762368549593
936.0 0.00048049223551061004
937.0 0.0005587081886915257
938.0 0.0006266945092647802
939.0 0.0006946807388885645
940.0 0.0005211704319663113
941.0 0.0003476599886198528
942.0 0.0005841228357894579
943.0 0.000820585682959063
944.0 0.0007257027846208075
945.0 0.0006308197953330819
946.0 0.0006225523975444958
947.0 0.0006142849997559097
948.0 0.0009436504115001298
949.0 0.0012730159141938202
950.0 0.0010932521036011167
951.0 0.000913488202058943
952.0 0.0009591220077709295
953.0 0.001004755813482916
954.0 0.0008582460395700764
955.0 0.000711736356606707
956.0 0.0006617886811000062
957.0 0.00061184077821963
958.0 0.0007039569482003571
959.0 0.0007960730727063492
960.0 0.0007088311576808337
961.0 0.000621589106231113
962.0 0.0006454228696384234
963.0 0.0006692566330457339
964.0 0.0007393428404611768
965.0 0.0008094289114524145
966.0 0.0007888497748353984
967.0 0.0007682705472689122
968.0 0.0007375718723778846
969.0 0.000706873242961592
970.0 0.0007632780580024701
971.0 0.000819682827568613
972.0 0.0008958612852438819
973.0 0.0009720399248180911
974.0 0.0008883466762199532
975.0 0.0008046537004702259
976.0 0.0008604577487858478
977.0 0.0009162621608993504
978.0 0.0009683200914878398
979.0 0.0010203781130257994
980.0 0.0010221180673397612
981.0 0.0010238582035526633
982.0 0.0009961595424101688
983.0 0.0009684606993687339
984.0 0.00097865176940104
985.0 0.0009888429303828161
986.0 0.001093983792088693
987.0 0.0011991243809461594
988.0 0.0012400301784509793
989.0 0.0012809355212084483
990.0 0.001340962353424402
991.0 0.001400989367539296
992.0 0.0013805596609017812
993.0 0.0013601300452137366
994.0 0.0013689209481526632
995.0 0.00137771194204106
996.0 0.0012330683603067882
997.0 0.0010884246876230463
998.0 0.0012706397683359683
999.0 0.0014528548490488902
1000.0 0.001401003282808233
1001.0 0.0013491515346686356
1002.0 0.0012131132280046586
1003.0 0.0010770749213406816
1004.0 0.0011043995982618071
1005.0 0.0011317240932839923
1006.0 0.0013778311767964624
1007.0 0.0016239384422078729
1008.0 0.0016629532183287665
1009.0 0.0017019685401464812
1010.0 0.0017190546714118682
1011.0 0.0017361413483740762
1012.0 0.0018920716684078798
1013.0 0.0020480021703406237
1014.0 0.002108850640070159
1015.0 0.0021696991097996943
1016.0 0.002569540993135888
1017.0 0.002969383422168903
1018.0 0.0031442559702554718
1019.0 0.003319128882139921
1020.0 0.003363658834132366
1021.0 0.0034081887861248106
1022.0 0.0037463851185748354
1023.0 0.00408458145102486
1024.0 0.004235379310557619
1025.0 0.004386176806292497
1026.0 0.0045162043534219265
1027.0 0.004646231900551356
1028.0 0.004758198338095099
1029.0 0.00487016441184096
1030.0 0.004905410241917707
1031.0 0.004940655708196573
1032.0 0.005419011358753778
1033.0 0.005897367373108864
1034.0 0.005655503991874866
1035.0 0.005413640974438749
1036.0 0.005598335701506585
1037.0 0.0057830304285744205
1038.0 0.005856303687323816
1039.0 0.0059295773098710924
1040.0 0.006326554284896702
1041.0 0.006723530532326549
1042.0 0.006923612090758979
1043.0 0.007123692921595648
1044.0 0.007370269304374233
1045.0 0.007616843504365534
1046.0 0.008772328874329105
1047.0 0.009927813516696915
1048.0 0.011477106454549357
1049.0 0.013026397209614515
1050.0 0.015475069812964648
1051.0 0.017923738050740212
1052.0 0.021602207561954856
1053.0 0.025280684349127114
1054.0 0.030319485813379288
1055.0 0.035358284367248416
1056.0 0.042321166256442666
1057.0 0.04928403650410473
1058.0 0.057224242482334375
1059.0 0.06516443681903183
1060.0 0.07292558439075947
1061.0 0.08068670285865664
1062.0 0.08802314405329525
1063.0 0.0953595619648695
1064.0 0.10150747839361429
1065.0 0.10765539482235909
1066.0 0.1140625448897481
1067.0 0.12046970659866929
1068.0 0.12823952129110694
1069.0 0.13600938254967332
1070.0 0.146257015876472
1071.0 0.15650464920327067
1072.0 0.1684189890511334
1073.0 0.18033329397439957
1074.0 0.19268372561782598
1075.0 0.20503418054431677
1076.0 0.21685566753149033
1077.0 0.22867715451866388
1078.0 0.24150849785655737
1079.0 0.25433984119445086
1080.0 0.27119594160467386
1081.0 0.28805204201489687
1082.0 0.3163156798109412
1083.0 0.34457934089004993
1084.0 0.38469412829726934
1085.0 0.4248089622706175
1086.0 0.4611298907548189
1087.0 0.49745081923902035
1088.0 0.5623267497867346
1089.0 0.6272026803344488
1090.0 0.7056036964058876
1091.0 0.7840046659111977
1092.0 0.8177660405635834
1093.0 0.8515270426869392
1094.0 0.8944001980125904
1095.0 0.9372730739414692
1096.0 0.9925814345479012
1097.0 1.047889981418848
1098.0 1.0890569537878036
1099.0 1.1302241124212742
1100.0 1.3234473764896393
1101.0 1.5166702680289745
