lsstCam/transmission_sensor/r13_s11/19700101T000000.ecsv
# %ECSV 1.0
# ---
# datatype:
# - {name: amp_name, datatype: string}
# - {name: wavelength, unit: nm, datatype: float32}
# - {name: efficiency, unit: '%', datatype: float64}
# meta: !!omap
# - {MODE: AMP}
# - {TYPE: transmission_sensor}
# - {CALIBDATE: '1970-01-01T00:00:00'}
# - {INSTRUME: LSSTCam}
# - {OBSTYPE: transmission_sensor}
# - {DETECTOR: 58}
# - {PARQUETFILE: qe_raft_allvalues_nircorrected_20230725_adjust.parquet}
# - {CORRFILE: qe_corr_factor_bydetnum.parquet}
# - {CALIBCLS: lsst.ip.isr.IntermediateSensorTransmissionCurve}
# - {CALIB_ID: 'raftName=R13 detectorName=S11 detector=58 calibDate=1970-01-01T00:00:00 ccd=58 ccdnum=58 filter=None'}
# - {DATE: '2025-03-03T21:56:47.698914'}
# - {CALIB_CREATION_DATE: '2025-03-03'}
# - {CALIB_CREATION_TIME: '21:56:47'}
# - __serialized_columns__:
#     efficiency:
#       __class__: astropy.units.quantity.Quantity
#       unit: !astropy.units.Unit {unit: '%'}
#       value: !astropy.table.SerializedColumn {name: efficiency}
#     wavelength:
#       __class__: astropy.units.quantity.Quantity
#       unit: !astropy.units.Unit {unit: nm}
#       value: !astropy.table.SerializedColumn {name: wavelength}
# schema: astropy-2.0
amp_name wavelength efficiency
C00 319.994 39.88857843581543
C00 324.969 45.08149637883863
C00 349.982 68.95112622123821
C00 374.975 76.07215682449157
C00 400.019 83.97282904477298
C00 424.965 86.25270534031675
C00 450.035 88.13083851878528
C00 475.003 90.54753986915021
C00 500.018 93.44324763659492
C00 525.002 94.19404285847898
C00 550.029 95.93390330058568
C00 575.023 97.44459345689525
C00 599.982 98.68517994035263
C00 619.997 99.34988789855562
C00 624.979 99.23928196497125
C00 650.012 99.75016801470879
C00 675.004 100.14244375408941
C00 700.03 100.07734404290288
C00 725.012 99.57845306878814
C00 750.022 98.92501251559224
C00 774.987 98.82789529731551
C00 799.976 97.68951206675398
C00 824.988 96.47612514494189
C00 850.022 94.01335075506796
C00 869.967 90.89593324055959
C00 875.002 90.57113171647984
C00 899.999 83.18774904735403
C00 919.999 75.31040824491875
C00 925.012 71.89293000726398
C00 949.965 57.97281709005442
C00 975.002 43.37821861947424
C00 999.976 26.505406006230327
C00 1025.028 11.732700577847485
C00 1050.014 4.020199670206636
C00 1075.002 0.9424551574645263
C00 1099.99 0.09350953490787041
C01 319.994 39.99241703267391
C01 324.969 45.201550540890885
C01 349.982 69.28586236414475
C01 374.975 76.48888229655927
C01 400.019 84.09397471274876
C01 424.965 86.20547568751334
C01 450.035 87.98101496886076
C01 475.003 90.33574176184126
C01 500.018 93.18753652255195
C01 525.002 93.91461734205532
C01 550.029 95.63328342001881
C01 575.023 97.142617811076
C01 599.982 98.38178725175545
C01 619.997 99.04620414171218
C01 624.979 98.93397435370123
C01 650.012 99.44441614137867
C01 675.004 99.84647330577225
C01 700.03 99.77802630975356
C01 725.012 99.2780782983234
C01 750.022 98.61314054939966
C01 774.987 98.50299419725677
C01 799.976 97.35716574734317
C01 824.988 96.1454562977925
C01 850.022 93.6493928921736
C01 869.967 90.51192230743503
C01 875.002 90.18322200079335
C01 899.999 82.87040040231706
C01 919.999 75.16459071322585
C01 925.012 71.6871600765292
C01 949.965 57.59812800050134
C01 975.002 42.96323189719351
C01 999.976 26.209724711236763
C01 1025.028 11.555210225145482
C01 1050.014 4.012101222857779
C01 1075.002 0.9394841351337196
C01 1099.99 0.09321475280162989
C02 319.994 40.25305715767682
C02 324.969 45.49644097282056
C02 349.982 69.84161888195273
C02 374.975 77.11520754470746
C02 400.019 84.45970962388354
C02 424.965 86.4090319676383
C02 450.035 88.09362774140628
C02 475.003 90.38882341833293
C02 500.018 93.20418869011513
C02 525.002 93.9080146886793
C02 550.029 95.61591124153063
C02 575.023 97.1148744113916
C02 599.982 98.35137827971045
C02 619.997 99.0154121851326
C02 624.979 98.90783182937135
C02 650.012 99.42078599559558
C02 675.004 99.82069844659556
C02 700.03 99.75694684097071
C02 725.012 99.2483663581313
C02 750.022 98.5757918975882
C02 774.987 98.45476878466349
C02 799.976 97.30368578693555
C02 824.988 96.08163575495145
C02 850.022 93.5904285932309
C02 869.967 90.43311174991082
C02 875.002 90.10681658614625
C02 899.999 82.73886819376368
C02 919.999 75.1521054173988
C02 925.012 71.75553813533166
C02 949.965 57.55867293374975
C02 975.002 42.7870896500532
C02 999.976 26.032780111496525
C02 1025.028 11.442660645048164
C02 1050.014 3.9967248725253848
C02 1075.002 0.93912845154172
C02 1099.99 0.0931794622023915
C03 319.994 40.60650209509719
C03 324.969 45.89709258397226
C03 349.982 70.53884988683156
C03 374.975 77.84171388740899
C03 400.019 84.87453549265975
C03 424.965 86.65333014255103
C03 450.035 88.24440109297655
C03 475.003 90.47972862745891
C03 500.018 93.2595069762887
C03 525.002 93.94003219576952
C03 550.029 95.63581877763768
C03 575.023 97.12789588556704
C03 599.982 98.35790433617956
C03 619.997 99.02263527345463
C03 624.979 98.91023697224846
C03 650.012 99.42637756980032
C03 675.004 99.82884069780056
C03 700.03 99.76436142156003
C03 725.012 99.25321494233899
C03 750.022 98.5761519030507
C03 774.987 98.452248746426
C03 799.976 97.30388493889353
C03 824.988 96.07722377311318
C03 850.022 93.58963964508968
C03 869.967 90.428937218484
C03 875.002 90.11672056621028
C03 899.999 82.70682770760139
C03 919.999 75.02376729986376
C03 925.012 71.70792549799368
C03 949.965 57.56919351891444
C03 975.002 42.763689294990854
C03 999.976 26.06405654351234
C03 1025.028 11.422305017035669
C03 1050.014 3.9721585689206043
C03 1075.002 0.9391319176612779
C03 1099.99 0.09317980610758976
C04 319.994 40.957227842322105
C04 324.969 46.29623140621241
C04 349.982 71.23117868966789
C04 374.975 78.55647792428053
C04 400.019 85.35525002076372
C04 424.965 86.99852176325138
C04 450.035 88.51537031087686
C04 475.003 90.71089043283582
C04 500.018 93.46757481423093
C04 525.002 94.13010742027755
C04 550.029 95.81842580372157
C04 575.023 97.30643561589378
C04 599.982 98.53655896186666
C04 619.997 99.20118266347204
C04 624.979 99.0901937453531
C04 650.012 99.60937524010947
C04 675.004 100.00998472296237
C04 700.03 99.94879911371916
C04 725.012 99.44382634519542
C04 750.022 98.77273020495576
C04 774.987 98.65382116666188
C04 799.976 97.50377988686799
C04 824.988 96.27522677748685
C04 850.022 93.79167164676706
C04 869.967 90.5903192416619
C04 875.002 90.27483956115364
C04 899.999 82.83900333017286
C04 919.999 75.17549045307976
C04 925.012 71.90574466979076
C04 949.965 57.72674952659197
C04 975.002 42.73591142669836
C04 999.976 26.096815125676947
C04 1025.028 11.43831472804211
C04 1050.014 3.983887709657203
C04 1075.002 0.9410046470751611
C04 1099.99 0.0933656165995941
C05 319.994 41.19388547577012
C05 324.969 46.565630387520976
C05 349.982 71.67952336490983
C05 374.975 78.98020435364019
C05 400.019 85.57110776413913
C05 424.965 87.10011224089192
C05 450.035 88.55806542679093
C05 475.003 90.71707946291451
C05 500.018 93.44999582409407
C05 525.002 94.09779884494107
C05 550.029 95.77808987254045
C05 575.023 97.25876936072096
C05 599.982 98.48506286134811
C05 619.997 99.14877505976122
C05 624.979 99.03860572854627
C05 650.012 99.55212671188167
C05 675.004 99.95488090812817
C05 700.03 99.8941012624916
C05 725.012 99.39968354774066
C05 750.022 98.74294932754745
C05 774.987 98.63315532117637
C05 799.976 97.48548854549684
C05 824.988 96.25671330508565
C05 850.022 93.7999517724045
C05 869.967 90.5792280095407
C05 875.002 90.2484825654844
C05 899.999 82.78546975193039
C05 919.999 75.10491406304885
C05 925.012 71.89241680798766
C05 949.965 57.81932071844334
C05 975.002 42.68763239627022
C05 999.976 26.06613423461239
C05 1025.028 11.39389905410647
C05 1050.014 3.96471239210719
C05 1075.002 0.9407208097217288
C05 1099.99 0.09333745451814257
C06 319.994 41.60210486132497
C06 324.969 47.03048169620297
C06 349.982 72.44550775343501
C06 374.975 79.7395477903359
C06 400.019 86.06243862354142
C06 424.965 87.45525379980045
C06 450.035 88.84102972031404
C06 475.003 90.96384405822987
C06 500.018 93.67067917260509
C06 525.002 94.3052232688652
C06 550.029 95.97670565216944
C06 575.023 97.4541144524247
C06 599.982 98.68129647717207
C06 619.997 99.3437371669304
C06 624.979 99.23135418510562
C06 650.012 99.74809989822211
C06 675.004 100.1518575139492
C06 700.03 100.09555878736712
C06 725.012 99.6131055094762
C06 750.022 98.98088229949559
C06 774.987 98.89333969458315
C06 799.976 97.74802444394588
C06 824.988 96.49724291217818
C06 850.022 94.02595094625538
C06 869.967 90.7730794615596
C06 875.002 90.43734755886318
C06 899.999 82.9401418860626
C06 919.999 75.15655569769054
C06 925.012 71.95232324888539
C06 949.965 57.904596054911124
C06 975.002 42.777296735504194
C06 999.976 26.12213040341215
C06 1025.028 11.400303512985849
C06 1050.014 3.9678389821013016
C06 1075.002 0.9429872977261368
C06 1099.99 0.09356233337576018
C07 319.994 41.599692058757164
C07 324.969 47.03234683088633
C07 349.982 72.51581605429172
C07 374.975 79.809771834595
C07 400.019 85.97894799500475
C07 424.965 87.28693209685609
C07 450.035 88.62517963662931
C07 475.003 90.71413814168899
C07 500.018 93.397818011104
C07 525.002 94.02313983977162
C07 550.029 95.68404419023098
C07 575.023 97.15530225886101
C07 599.982 98.380408507431
C07 619.997 99.04052065121913
C07 624.979 98.93049685412731
C07 650.012 99.44485274374807
C07 675.004 99.85041804647834
C07 700.03 99.80284370759381
C07 725.012 99.34478654455512
C07 750.022 98.74614341856578
C07 774.987 98.68756976384836
C07 799.976 97.55604961614637
C07 824.988 96.29709519441091
C07 850.022 93.79327252212157
C07 869.967 90.55413486283554
C07 875.002 90.21213733315352
C07 899.999 82.67451913226492
C07 919.999 74.68955967561493
C07 925.012 71.51090293402851
C07 949.965 57.87673010017567
C07 975.002 42.65771747427481
C07 999.976 26.063731006657953
C07 1025.028 11.386977566105418
C07 1050.014 3.962638052121815
C07 1075.002 0.9407505575188314
C07 1099.99 0.09334040606724235
C10 319.994 38.17747247256439
C10 324.969 43.13038932715276
C10 349.982 65.73132162125738
C10 374.975 72.95290864390795
C10 400.019 82.09109581167945
C10 424.965 85.04111844581715
C10 450.035 87.27470723051256
C10 475.003 89.90053345613514
C10 500.018 92.92434189070345
C10 525.002 93.76615721707387
C10 550.029 95.55239708631723
C10 575.023 97.09477538301726
C10 599.982 98.35300979382772
C10 619.997 99.02896217796575
C10 624.979 98.92397845734891
C10 650.012 99.44067821232125
C10 675.004 99.83458546581913
C10 700.03 99.7660082550587
C10 725.012 99.25867630180198
C10 750.022 98.5934091861785
C10 774.987 98.50006053572196
C10 799.976 97.37841372932122
C10 824.988 96.2110462291833
C10 850.022 93.85654156723284
C10 869.967 90.73615975242687
C10 875.002 90.44956476551603
C10 899.999 83.00851994486507
C10 919.999 75.38692855492621
C10 925.012 72.17338958193099
C10 949.965 58.50295577234488
C10 975.002 43.53804955528713
C10 999.976 26.595723334095748
C10 1025.028 11.533091910812619
C10 1050.014 3.978656380280285
C10 1075.002 0.9392959440474185
C10 1099.99 0.09319608065493469
C11 319.994 38.68720573885287
C11 324.969 43.710315998937574
C11 349.982 66.70317551649634
C11 374.975 73.93426821529499
C11 400.019 82.69896120526128
C11 424.965 85.43623593044428
C11 450.035 87.55064758767162
C11 475.003 90.10118671348805
C11 500.018 93.08086766998298
C11 525.002 93.89190635915521
C11 550.029 95.65947190249284
C11 575.023 97.19223728737512
C11 599.982 98.4466112140771
C11 619.997 99.11824353266515
C11 624.979 99.01024189391588
C11 650.012 99.52700292641374
C11 675.004 99.9212165675393
C11 700.03 99.85077805194084
C11 725.012 99.33078462997118
C11 750.022 98.6508568663643
C11 774.987 98.53703386268953
C11 799.976 97.40530690333885
C11 824.988 96.21905060595584
C11 850.022 93.85431259724163
C11 869.967 90.7437428462114
C11 875.002 90.4404727126653
C11 899.999 82.94846031015351
C11 919.999 75.31477426861288
C11 925.012 72.05624227249614
C11 949.965 58.37933985412111
C11 975.002 43.440717865671026
C11 999.976 26.6055200784901
C11 1025.028 11.591711523674194
C11 1050.014 3.949595513796969
C11 1075.002 0.9398435071443827
C11 1099.99 0.0932504093623796
C12 319.994 39.11795227473123
C12 324.969 44.20211409947205
C12 349.982 67.53650390558066
C12 374.975 74.77874145433535
C12 400.019 83.15920138014704
C12 424.965 85.68104730463334
C12 450.035 87.6805636014891
C12 475.003 90.16601833550038
C12 500.018 93.1004458393903
C12 525.002 93.8823470651723
C12 550.029 95.63373534176961
C12 575.023 97.15604524885808
C12 599.982 98.40565484794998
C12 619.997 99.07413903366385
C12 624.979 98.96457481801352
C12 650.012 99.48154266216007
C12 675.004 99.87427032329147
C12 700.03 99.80292030450073
C12 725.012 99.2780782983234
C12 750.022 98.59116489680592
C12 774.987 98.46126420236982
C12 799.976 97.32348608737291
C12 824.988 96.13268759340988
C12 850.022 93.75428469650214
C12 869.967 90.63243988077411
C12 875.002 90.32279688457272
C12 899.999 82.81136716615815
C12 919.999 75.18671955963342
C12 925.012 71.86498745562162
C12 949.965 58.116700549847735
C12 975.002 43.3063668909432
C12 999.976 26.544880222208654
C12 1025.028 11.622804123113413
C12 1050.014 3.951285433055767
C12 1075.002 0.9392750212243867
C12 1099.99 0.09319400471165487
C13 319.994 39.59487142609758
C13 324.969 44.74395295929368
C13 349.982 68.44645218065142
C13 374.975 75.70611552572913
C13 400.019 83.73697184900222
C13 424.965 86.06413141518424
C13 450.035 87.95612863380427
C13 475.003 90.38049733455134
C13 500.018 93.2752553003503
C13 525.002 94.03207869880853
C13 550.029 95.76882164680381
C13 575.023 97.28310419804765
C13 599.982 98.52893756962868
C13 619.997 99.19366850690375
C13 624.979 99.0851919673316
C13 650.012 99.59973168952895
C13 675.004 99.99537003312311
C13 700.03 99.92313149021216
C13 725.012 99.39301195714842
C13 750.022 98.70246020255252
C13 774.987 98.57380037800843
C13 799.976 97.43006302365359
C13 824.988 96.22078169605211
C13 850.022 93.80435609455208
C13 869.967 90.7017064636968
C13 875.002 90.40310108178177
C13 899.999 82.89982893395356
C13 919.999 75.2109701403625
C13 925.012 71.86231422357031
C13 949.965 57.97552862055919
C13 975.002 43.263449643999074
C13 999.976 26.48014051648462
C13 1025.028 11.66401613141736
C13 1050.014 3.9761758373229292
C13 1075.002 0.9403353129841051
C13 1099.99 0.09329920588598413
C14 319.994 39.95736628806989
C14 324.969 45.15481110829173
C14 349.982 69.14961944581613
C14 374.975 76.44434885487925
C14 400.019 84.23613857198184
C14 424.965 86.41496056823348
C14 450.035 88.22437100181844
C14 475.003 90.59531335999272
C14 500.018 93.46430412630568
C14 525.002 94.19981060556964
C14 550.029 95.93051771730006
C14 575.023 97.43880273073252
C14 599.982 98.68199350902499
C14 619.997 99.34941299773276
C14 624.979 99.23878408507632
C14 650.012 99.75607363623189
C14 675.004 100.14964386333936
C14 700.03 100.07769638867468
C14 725.012 99.55257863363246
C14 750.022 98.86951039684209
C14 774.987 98.73960204271529
C14 799.976 97.59329869197883
C14 824.988 96.3805781632569
C14 850.022 93.93009757694271
C14 869.967 90.81903760570823
C14 875.002 90.51179209269327
C14 899.999 83.05652322642831
C14 919.999 75.35432891134346
C14 925.012 71.94775041354261
C14 949.965 57.86985935762545
C14 975.002 43.15225391423147
C14 999.976 26.369440751689282
C14 1025.028 11.648825049853565
C14 1050.014 4.013394513757961
C14 1075.002 0.9419268035020103
C14 1099.99 0.09345711211309839
C15 319.994 40.18876937370358
C15 324.969 45.41705976833984
C15 349.982 69.60943067802316
C15 374.975 76.90738481686736
C15 400.019 84.50368390814309
C15 424.965 86.56728117732341
C15 450.035 88.3140430007431
C15 475.003 90.64335494000942
C15 500.018 93.48296313283002
C15 525.002 94.20093658010128
C15 550.029 95.91968691466238
C15 575.023 97.42323823924751
C15 599.982 98.66531070269905
C15 619.997 99.32847140338237
C15 624.979 99.21929783195729
C15 650.012 99.73369202003151
C15 675.004 100.13319850742485
C15 700.03 100.06143486533676
C15 725.012 99.54910879374924
C15 750.022 98.8747802640378
C15 774.987 98.76155471623696
C15 799.976 97.61144449922683
C15 824.988 96.39530008876584
C15 850.022 93.91673907637686
C15 869.967 90.7955376746669
C15 875.002 90.48854493144476
C15 899.999 83.10765166179365
C15 919.999 75.40444626753754
C15 925.012 71.89302958324298
C15 949.965 57.78753300207388
C15 975.002 43.010825385304756
C15 999.976 26.208466607040695
C15 1025.028 11.585579941275698
C15 1050.014 4.020373449439197
C15 1075.002 0.9419768050126481
C15 1099.99 0.09346207321704843
C16 319.994 40.52167485053486
C16 324.969 45.79725234565471
C16 349.982 70.22147826272251
C16 374.975 77.48147863419065
C16 400.019 84.8265398707872
C16 424.965 86.76068836728223
C16 450.035 88.43798445582127
C16 475.003 90.73678018737289
C16 500.018 93.55406038182795
C16 525.002 94.25899703554238
C16 550.029 95.96540760839957
C16 575.023 97.46641591567516
C16 599.982 98.70039974575651
C16 619.997 99.36560558385446
C16 624.979 99.25359026718286
C16 650.012 99.76629166361427
C16 675.004 100.1628568297821
C16 700.03 100.09673072004291
C16 725.012 99.59805421726753
C16 750.022 98.94881883426123
C16 774.987 98.8516096996962
C16 799.976 97.70754297864163
C16 824.988 96.48194650986738
C16 850.022 93.99468408885292
C16 869.967 90.84475118735939
C16 875.002 90.54188701741994
C16 899.999 83.12970391129431
C16 919.999 75.36812401427873
C16 925.012 71.92513900662148
C16 949.965 57.72679931458146
C16 975.002 43.0101168639158
C16 999.976 26.212217940556826
C16 1025.028 11.557872925122094
C16 1050.014 4.026620884659402
C16 1075.002 0.9426819589899355
C16 1099.99 0.09353203794686321
C17 319.994 40.704324004917545
C17 324.969 46.00685212173522
C17 349.982 70.57462064236057
C17 374.975 77.78307895516602
C17 400.019 84.94685829216832
C17 424.965 86.78678493346796
C17 450.035 88.4188045903299
C17 475.003 90.68930542446735
C17 500.018 93.4924688089781
C17 525.002 94.18271417594634
C17 550.029 95.8868345012868
C17 575.023 97.3799533271502
C17 599.982 98.61148605621031
C17 619.997 99.27214203803753
C17 624.979 99.16431657217416
C17 650.012 99.67271322243697
C17 675.004 100.06946988087208
C17 700.03 100.00782469018739
C17 725.012 99.52825911568715
C17 750.022 98.90726501226018
C17 774.987 98.83802906810027
C17 799.976 97.702196514539
C17 824.988 96.46533264075765
C17 850.022 94.00147057480554
C17 869.967 90.8358889252294
C17 875.002 90.49281137915989
C17 899.999 83.06418291711975
C17 919.999 75.27953969143226
C17 925.012 72.01556165523391
C17 949.965 57.6613281083964
C17 975.002 43.02850012157525
C17 999.976 26.166855337359458
C17 1025.028 11.506539593030748
C17 1050.014 4.041332756824313
C17 1075.002 0.942285704899741
C17 1099.99 0.09349272198006528
