lsstCam/transmission_sensor/r13_s11/19700101T000000.ecsv
# %ECSV 1.0
# ---
# datatype:
# - {name: amp_name, datatype: string}
# - {name: wavelength, unit: nm, datatype: float32}
# - {name: efficiency, unit: '%', datatype: float64}
# meta: !!omap
# - {MODE: AMP}
# - {TYPE: transmission_sensor}
# - {CALIBDATE: '1970-01-01T00:00:00'}
# - {INSTRUME: LSSTCAM}
# - {OBSTYPE: transmission_sensor}
# - {DETECTOR: 58}
# - {PARQUETFILE: qe_raft_allvalues_nircorrected_20230725.parquet}
# - {CALIBCLS: lsst.ip.isr.IntermediateSensorTransmissionCurve}
# - {CALIB_ID: 'raftName=R13 detectorName=S11 detector=58 calibDate=1970-01-01T00:00:00 ccd=58 ccdnum=58 filter=None'}
# - {DATE: '2023-08-02T16:57:55.681393'}
# - {CALIB_CREATION_DATE: '2023-08-02'}
# - {CALIB_CREATION_TIME: '16:57:55'}
# - __serialized_columns__:
#     efficiency:
#       __class__: astropy.units.quantity.Quantity
#       unit: !astropy.units.Unit {unit: '%'}
#       value: !astropy.table.SerializedColumn {name: efficiency}
#     wavelength:
#       __class__: astropy.units.quantity.Quantity
#       unit: !astropy.units.Unit {unit: nm}
#       value: !astropy.table.SerializedColumn {name: wavelength}
# schema: astropy-2.0
amp_name wavelength efficiency
C00 319.994 39.73080825805664
C00 324.969 44.9031867980957
C00 349.982 68.67840576171875
C00 374.975 75.77127075195312
C00 400.019 83.64069366455078
C00 424.965 85.91155242919922
C00 450.035 87.78225708007812
C00 475.003 90.18939971923828
C00 500.018 93.07365417480469
C00 525.002 93.82147979736328
C00 550.029 95.55445861816406
C00 575.023 97.05917358398438
C00 599.982 98.29485321044922
C00 619.997 98.9569320678711
C00 624.979 98.84676361083984
C00 650.012 99.35562896728516
C00 675.004 99.74635314941406
C00 700.03 99.68151092529297
C00 725.012 99.1845932006836
C00 750.022 98.53373718261719
C00 774.987 98.43700408935547
C00 799.976 97.3031234741211
C00 824.988 96.09453582763672
C00 850.022 93.6415023803711
C00 869.967 90.53641510009766
C00 875.002 90.21289825439453
C00 899.999 82.85871887207031
C00 919.999 75.01253509521484
C00 925.012 71.60857391357422
C00 949.965 57.7435188293457
C00 975.002 43.20664596557617
C00 999.976 26.400569915771484
C00 1025.028 11.686294555664062
C00 1050.014 4.004298686981201
C00 1075.002 0.9387274909606391
C00 1099.99 0.09313967926189157
C01 319.994 39.83423614501953
C01 324.969 45.02276611328125
C01 349.982 69.0118179321289
C01 374.975 76.18634796142578
C01 400.019 83.76136016845703
C01 424.965 85.86450958251953
C01 450.035 87.63302612304688
C01 475.003 89.97843933105469
C01 500.018 92.81895446777344
C01 525.002 93.54315948486328
C01 550.029 95.2550277709961
C01 575.023 96.75839233398438
C01 599.982 97.99266052246094
C01 619.997 98.65444946289062
C01 624.979 98.54266357421875
C01 650.012 99.05108642578125
C01 675.004 99.45155334472656
C01 700.03 99.38337707519531
C01 725.012 98.88540649414062
C01 750.022 98.22309875488281
C01 774.987 98.11338806152344
C01 799.976 96.97209167480469
C01 824.988 95.76517486572266
C01 850.022 93.27898406982422
C01 869.967 90.15392303466797
C01 875.002 89.82652282714844
C01 899.999 82.5426254272461
C01 919.999 74.86729431152344
C01 925.012 71.40361785888672
C01 949.965 57.37031173706055
C01 975.002 42.79330062866211
C01 999.976 26.10605812072754
C01 1025.028 11.509506225585938
C01 1050.014 3.996232271194458
C01 1075.002 0.9357682198312951
C01 1099.99 0.09284606309906455
C02 319.994 40.09384536743164
C02 324.969 45.316490173339844
C02 349.982 69.56537628173828
C02 374.975 76.81019592285156
C02 400.019 84.12564849853516
C02 424.965 86.0672607421875
C02 450.035 87.74519348144531
C02 475.003 90.03131103515625
C02 500.018 92.83554077148438
C02 525.002 93.53658294677734
C02 550.029 95.23772430419922
C02 575.023 96.73075866699219
C02 599.982 97.96237182617188
C02 619.997 98.623779296875
C02 624.979 98.5166244506836
C02 650.012 99.02754974365234
C02 675.004 99.4258804321289
C02 700.03 99.36238098144531
C02 725.012 98.8558120727539
C02 750.022 98.18589782714844
C02 774.987 98.06535339355469
C02 799.976 96.9188232421875
C02 824.988 95.70160675048828
C02 850.022 93.22025299072266
C02 869.967 90.07542419433594
C02 875.002 89.75041961669922
C02 899.999 82.41161346435547
C02 919.999 74.8548583984375
C02 925.012 71.47172546386719
C02 949.965 57.33101272583008
C02 975.002 42.617855072021484
C02 999.976 25.929813385009766
C02 1025.028 11.397401809692383
C02 1050.014 3.980916738510132
C02 1075.002 0.9354139430646509
C02 1099.99 0.0928109120837455
C03 319.994 40.445892333984375
C03 324.969 45.71555709838867
C03 349.982 70.25984954833984
C03 374.975 77.53382873535156
C03 400.019 84.53883361816406
C03 424.965 86.31059265136719
C03 450.035 87.89537048339844
C03 475.003 90.12185668945312
C03 500.018 92.89064025878906
C03 525.002 93.56847381591797
C03 550.029 95.25755310058594
C03 575.023 96.74372863769531
C03 599.982 97.9688720703125
C03 619.997 98.63097381591797
C03 624.979 98.5190200805664
C03 650.012 99.03311920166016
C03 675.004 99.43399047851562
C03 700.03 99.36976623535156
C03 725.012 98.86064147949219
C03 750.022 98.1862564086914
C03 774.987 98.0628433227539
C03 799.976 96.91902160644531
C03 824.988 95.69721221923828
C03 850.022 93.21946716308594
C03 869.967 90.0712661743164
C03 875.002 89.76028442382812
C03 899.999 82.37969970703125
C03 919.999 74.7270278930664
C03 925.012 71.42430114746094
C03 949.965 57.34149169921875
C03 975.002 42.594547271728516
C03 999.976 25.960966110229492
C03 1025.028 11.377126693725586
C03 1050.014 3.9564476013183594
C03 1075.002 0.9354173954747631
C03 1099.99 0.09281125462870517
C04 319.994 40.795230865478516
C04 324.969 46.11311721801758
C04 349.982 70.9494400024414
C04 374.975 78.24576568603516
C04 400.019 85.01764678955078
C04 424.965 86.6544189453125
C04 450.035 88.16526794433594
C04 475.003 90.35210418701172
C04 500.018 93.09788513183594
C04 525.002 93.75779724121094
C04 550.029 95.43943786621094
C04 575.023 96.92156219482422
C04 599.982 98.14682006835938
C04 619.997 98.8088150024414
C04 624.979 98.6982650756836
C04 650.012 99.21539306640625
C04 675.004 99.61441802978516
C04 700.03 99.55347442626953
C04 725.012 99.05049896240234
C04 750.022 98.3820571899414
C04 774.987 98.26361846923828
C04 799.976 97.11812591552734
C04 824.988 95.8944320678711
C04 850.022 93.42070007324219
C04 869.967 90.23200988769531
C04 875.002 89.91777801513672
C04 899.999 82.5113525390625
C04 919.999 74.8781509399414
C04 925.012 71.621337890625
C04 949.965 57.4984245300293
C04 975.002 42.56687927246094
C04 999.976 25.993595123291016
C04 1025.028 11.393073081970215
C04 1050.014 3.968130350112915
C04 1075.002 0.9372827177344154
C04 1099.99 0.09299633018967153
C05 319.994 41.03095245361328
C05 324.969 46.38145065307617
C05 349.982 71.39601135253906
C05 374.975 78.66781616210938
C05 400.019 85.23265075683594
C05 424.965 86.75560760498047
C05 450.035 88.20779418945312
C05 475.003 90.35826873779297
C05 500.018 93.08037567138672
C05 525.002 93.72561645507812
C05 550.029 95.39926147460938
C05 575.023 96.87408447265625
C05 599.982 98.09552764892578
C05 619.997 98.7566146850586
C05 624.979 98.64688110351562
C05 650.012 99.15837097167969
C05 675.004 99.55953216552734
C05 700.03 99.49899291992188
C05 725.012 99.00653076171875
C05 750.022 98.3523941040039
C05 774.987 98.24303436279297
C05 799.976 97.09990692138672
C05 824.988 95.87599182128906
C05 850.022 93.42894744873047
C05 869.967 90.22096252441406
C05 875.002 89.89152526855469
C05 899.999 82.4580307006836
C05 919.999 74.80785369873047
C05 925.012 71.60806274414062
C05 949.965 57.59062957763672
C05 975.002 42.51879119873047
C05 999.976 25.963035583496094
C05 1025.028 11.348833084106445
C05 1050.014 3.949030876159668
C05 1075.002 0.9370000030349223
C05 1099.99 0.09296827949691248
C06 319.994 41.437557220458984
C06 324.969 46.84446334838867
C06 349.982 72.15896606445312
C06 374.975 79.42415618896484
C06 400.019 85.72203826904297
C06 424.965 87.10934448242188
C06 450.035 88.48963928222656
C06 475.003 90.60405731201172
C06 500.018 93.30018615722656
C06 525.002 93.93222045898438
C06 550.029 95.59709167480469
C06 575.023 97.06865692138672
C06 599.982 98.29098510742188
C06 619.997 98.9508056640625
C06 624.979 98.8388671875
C06 650.012 99.35356903076172
C06 675.004 99.75572967529297
C06 700.03 99.69965362548828
C06 725.012 99.21910858154297
C06 750.022 98.58938598632812
C06 774.987 98.50218963623047
C06 799.976 97.36140441894531
C06 824.988 96.11557006835938
C06 850.022 93.654052734375
C06 869.967 90.41404724121094
C06 875.002 90.07964324951172
C06 899.999 82.61209106445312
C06 919.999 74.85929107666016
C06 925.012 71.66773223876953
C06 949.965 57.675567626953125
C06 975.002 42.60810089111328
C06 999.976 26.018810272216797
C06 1025.028 11.355212211608887
C06 1050.014 3.9521450996398926
C06 1075.002 0.939257526462768
C06 1099.99 0.09319226889747918
C07 319.994 41.43515396118164
C07 324.969 46.84632110595703
C07 349.982 72.22899627685547
C07 374.975 79.49410247802734
C07 400.019 85.63887786865234
C07 424.965 86.94168853759766
C07 450.035 88.27464294433594
C07 475.003 90.35533905029297
C07 500.018 93.02840423583984
C07 525.002 93.65125274658203
C07 550.029 95.30558776855469
C07 575.023 96.77102661132812
C07 599.982 97.99128723144531
C07 619.997 98.64878845214844
C07 624.979 98.53919982910156
C07 650.012 99.05152130126953
C07 675.004 99.45548248291016
C07 700.03 99.40809631347656
C07 725.012 98.95185089111328
C07 750.022 98.35557556152344
C07 774.987 98.29723358154297
C07 799.976 97.1701889038086
C07 824.988 95.91621398925781
C07 850.022 93.42229461669922
C07 869.967 90.19596862792969
C07 875.002 89.8553237915039
C07 899.999 82.34751892089844
C07 919.999 74.3941421508789
C07 925.012 71.22805786132812
C07 949.965 57.64781188964844
C07 975.002 42.48899459838867
C07 999.976 25.960641860961914
C07 1025.028 11.341938972473145
C07 1050.014 3.946964740753174
C07 1075.002 0.9370296331713956
C07 1099.99 0.09297121937183273
C10 319.994 38.02647018432617
C10 324.969 42.95979690551758
C10 349.982 65.4713363647461
C10 374.975 72.66436004638672
C10 400.019 81.76640319824219
C10 424.965 84.70475769042969
C10 450.035 86.92951202392578
C10 475.003 89.54495239257812
C10 500.018 92.55680084228516
C10 525.002 93.3952865600586
C10 550.029 95.1744613647461
C10 575.023 96.71073913574219
C10 599.982 97.96399688720703
C10 619.997 98.63727569580078
C10 624.979 98.53270721435547
C10 650.012 99.04736328125
C10 675.004 99.43971252441406
C10 700.03 99.37140655517578
C10 725.012 98.86608123779297
C10 750.022 98.20344543457031
C10 774.987 98.11046600341797
C10 799.976 96.99325561523438
C10 824.988 95.83050537109375
C10 850.022 93.48531341552734
C10 869.967 90.37727355957031
C10 875.002 90.09181213378906
C10 899.999 82.6801986694336
C10 919.999 75.08875274658203
C10 925.012 71.88792419433594
C10 949.965 58.27156066894531
C10 975.002 43.3658447265625
C10 999.976 26.490530014038086
C10 1025.028 11.487475395202637
C10 1050.014 3.9629197120666504
C10 1075.002 0.9355807730919299
C10 1099.99 0.09282746480578853
C11 319.994 38.53418731689453
C11 324.969 43.53742980957031
C11 349.982 66.43934631347656
C11 374.975 73.64183807373047
C11 400.019 82.37186431884766
C11 424.965 85.09831237792969
C11 450.035 87.20436096191406
C11 475.003 89.74481201171875
C11 500.018 92.71270751953125
C11 525.002 93.52053833007812
C11 550.029 95.28111267089844
C11 575.023 96.80781555175781
C11 599.982 98.0572280883789
C11 619.997 98.72620391845703
C11 624.979 98.6186294555664
C11 650.012 99.13334655761719
C11 675.004 99.5260009765625
C11 700.03 99.45584106445312
C11 725.012 98.93790435791016
C11 750.022 98.26066589355469
C11 774.987 98.14729309082031
C11 799.976 97.0200424194336
C11 824.988 95.8384780883789
C11 850.022 93.48309326171875
C11 869.967 90.38482666015625
C11 875.002 90.08275604248047
C11 899.999 82.62037658691406
C11 919.999 75.01688385009766
C11 925.012 71.771240234375
C11 949.965 58.148433685302734
C11 975.002 43.268898010253906
C11 999.976 26.500288009643555
C11 1025.028 11.545863151550293
C11 1050.014 3.933973789215088
C11 1075.002 0.9361261704279036
C11 1099.99 0.0928815786284176
C12 319.994 38.96323013305664
C12 324.969 44.02728271484375
C12 349.982 67.26937866210938
C12 374.975 74.48297119140625
C12 400.019 82.83028411865234
C12 424.965 85.34215545654297
C12 450.035 87.3337631225586
C12 475.003 89.80938720703125
C12 500.018 92.73220825195312
C12 525.002 93.51101684570312
C12 550.029 95.25547790527344
C12 575.023 96.77176666259766
C12 599.982 98.01643371582031
C12 619.997 98.6822738647461
C12 624.979 98.5731430053711
C12 650.012 99.08806610107422
C12 675.004 99.47924041748047
C12 700.03 99.40817260742188
C12 725.012 98.88540649414062
C12 750.022 98.20121002197266
C12 774.987 98.07182312011719
C12 799.976 96.93854522705078
C12 824.988 95.75245666503906
C12 850.022 93.38346099853516
C12 869.967 90.27396392822266
C12 875.002 89.96554565429688
C12 899.999 82.48382568359375
C12 919.999 74.88933563232422
C12 925.012 71.58074188232422
C12 949.965 57.88683319091797
C12 975.002 43.13507843017578
C12 999.976 26.43988800048828
C12 1025.028 11.57683277130127
C12 1050.014 3.935657024383545
C12 1075.002 0.9355599330243544
C12 1099.99 0.09282539707342906
C13 319.994 39.438262939453125
C13 324.969 44.566978454589844
C13 349.982 68.17572784423828
C13 374.975 75.40667724609375
C13 400.019 83.40576934814453
C13 424.965 85.72372436523438
C13 450.035 87.60823822021484
C13 475.003 90.02301788330078
C13 500.018 92.90632629394531
C13 525.002 93.66015625
C13 550.029 95.39002990722656
C13 575.023 96.89832305908203
C13 599.982 98.13922882080078
C13 619.997 98.80133056640625
C13 624.979 98.69328308105469
C13 650.012 99.2057876586914
C13 675.004 99.59986114501953
C13 700.03 99.52790832519531
C13 725.012 98.99988555908203
C13 750.022 98.31206512451172
C13 774.987 98.18391418457031
C13 799.976 97.0447006225586
C13 824.988 95.84020233154297
C13 850.022 93.43333435058594
C13 869.967 90.34295654296875
C13 875.002 90.0455322265625
C13 899.999 82.57193756103516
C13 919.999 74.91349029541016
C13 925.012 71.57807922363281
C13 949.965 57.746219635009766
C13 975.002 43.09233093261719
C13 999.976 26.375404357910156
C13 1025.028 11.617881774902344
C13 1050.014 3.960448980331421
C13 1075.002 0.9366160310417544
C13 1099.99 0.09293018214849819
C14 319.994 39.79932403564453
C14 324.969 44.97621154785156
C14 349.982 68.87611389160156
C14 374.975 76.1419906616211
C14 400.019 83.90296173095703
C14 424.965 86.07316589355469
C14 450.035 87.87541961669922
C14 475.003 90.23698425292969
C14 500.018 93.0946273803711
C14 525.002 93.82722473144531
C14 550.029 95.55108642578125
C14 575.023 97.05340576171875
C14 599.982 98.29167938232422
C14 619.997 98.95645904541016
C14 624.979 98.84626770019531
C14 650.012 99.36151123046875
C14 675.004 99.75352478027344
C14 700.03 99.6818618774414
C14 725.012 99.15882110595703
C14 750.022 98.47845458984375
C14 774.987 98.34906005859375
C14 799.976 97.20729064941406
C14 824.988 95.9993667602539
C14 850.022 93.55857849121094
C14 869.967 90.45982360839844
C14 875.002 90.15379333496094
C14 899.999 82.72801208496094
C14 919.999 75.05628204345703
C14 925.012 71.66317749023438
C14 949.965 57.640968322753906
C14 975.002 42.98157501220703
C14 999.976 26.2651424407959
C14 1025.028 11.602750778198242
C14 1050.014 3.9975204467773438
C14 1075.002 0.9382012267817618
C14 1099.99 0.09308746381353232
C15 319.994 40.02981185913086
C15 324.969 45.237422943115234
C15 349.982 69.3341064453125
C15 374.975 76.60319519042969
C15 400.019 84.16944885253906
C15 424.965 86.22488403320312
C15 450.035 87.96473693847656
C15 475.003 90.28483581542969
C15 500.018 93.11321258544922
C15 525.002 93.8283462524414
C15 550.029 95.54029846191406
C15 575.023 97.03790283203125
C15 599.982 98.27506256103516
C15 619.997 98.93560028076172
C15 624.979 98.82685852050781
C15 650.012 99.33921813964844
C15 675.004 99.73714447021484
C15 700.03 99.66566467285156
C15 725.012 99.15536499023438
C15 750.022 98.48370361328125
C15 774.987 98.37092590332031
C15 799.976 97.2253646850586
C15 824.988 96.01403045654297
C15 850.022 93.54527282714844
C15 869.967 90.43641662597656
C15 875.002 90.1306381225586
C15 899.999 82.77893829345703
C15 919.999 75.106201171875
C15 925.012 71.60867309570312
C15 949.965 57.55896759033203
C15 975.002 42.84070587158203
C15 999.976 26.10480499267578
C15 1025.028 11.539755821228027
C15 1050.014 4.004471778869629
C15 1075.002 0.9382510305228242
C15 1099.99 0.09309240529496678
C16 319.994 40.36140060424805
C16 324.969 45.616111755371094
C16 349.982 69.94373321533203
C16 374.975 77.17501831054688
C16 400.019 84.49102783203125
C16 424.965 86.41752624511719
C16 450.035 88.08818817138672
C16 475.003 90.37789154052734
C16 500.018 93.18402862548828
C16 525.002 93.88617706298828
C16 550.029 95.5858383178711
C16 575.023 97.0809097290039
C16 599.982 98.31001281738281
C16 619.997 98.97258758544922
C16 624.979 98.86101531982422
C16 650.012 99.37168884277344
C16 675.004 99.76668548583984
C16 700.03 99.70082092285156
C16 725.012 99.20411682128906
C16 750.022 98.55744934082031
C16 774.987 98.46062469482422
C16 799.976 97.32108306884766
C16 824.988 96.10033416748047
C16 850.022 93.62290954589844
C16 869.967 90.48543548583984
C16 875.002 90.18376922607422
C16 899.999 82.8009033203125
C16 919.999 75.07002258300781
C16 925.012 71.64065551757812
C16 949.965 57.49847412109375
C16 975.002 42.84000015258789
C16 999.976 26.10854148864746
C16 1025.028 11.512158393859863
C16 1050.014 4.01069450378418
C16 1075.002 0.9389533954243232
C16 1099.99 0.09316209329524412
C17 319.994 40.54332733154297
C17 324.969 45.82488250732422
C17 349.982 70.29547882080078
C17 374.975 77.47542572021484
C17 400.019 84.61087036132812
C17 424.965 86.44351959228516
C17 450.035 88.06908416748047
C17 475.003 90.33060455322266
C17 500.018 93.1226806640625
C17 525.002 93.81019592285156
C17 550.029 95.50757598876953
C17 575.023 96.99478912353516
C17 599.982 98.22145080566406
C17 619.997 98.8794937133789
C17 624.979 98.7720947265625
C17 650.012 99.27848052978516
C17 675.004 99.67366790771484
C17 700.03 99.61226654052734
C17 725.012 99.13459777832031
C17 750.022 98.51605987548828
C17 774.987 98.44709777832031
C17 799.976 97.31575775146484
C17 824.988 96.08378601074219
C17 850.022 93.62966918945312
C17 869.967 90.47660827636719
C17 875.002 90.1348876953125
C17 899.999 82.73564147949219
C17 919.999 74.9817886352539
C17 925.012 71.73072052001953
C17 949.965 57.43326187133789
C17 975.002 42.85831069946289
C17 999.976 26.063358306884766
C17 1025.028 11.461028099060059
C17 1050.014 4.02534818649292
C17 1075.002 0.9385587086268401
C17 1099.99 0.09312293283378917
