ts8/qe_curves/rtm-023_s10/19700101T000000.ecsv
# %ECSV 0.9
# ---
# datatype:
# - {name: amp_name, datatype: string}
# - {name: wavelength, unit: nm, datatype: float32}
# - {name: efficiency, unit: '%', datatype: float32}
# meta: !!omap
# - {MODE: AMP}
# - {TYPE: QE}
# - {CALIBDATE: '1970-01-01T00:00:00'}
# - {INSTRUME: TS8}
# - {OBSTYPE: qe_curves}
# - {DETECTOR: 102}
# - {PICKLEFILE: RaftRun10517.p}
# - {CALIB_ID: 'raftName=RTM-023 detectorName=S10 detector=102 calibDate=1970-01-01T00:00:00 ccd=102 ccdnum=102 filter=None'}
# - {DATE: '2019-11-26T21:24:01.281278'}
# - {CALIB_CREATION_DATE: '2019-11-26'}
# - {CALIB_CREATION_TIME: '21:24:01'}
# - __serialized_columns__:
#     efficiency:
#       __class__: astropy.units.quantity.Quantity
#       unit: !astropy.units.Unit {unit: '%'}
#       value: !astropy.table.SerializedColumn {name: efficiency}
#     wavelength:
#       __class__: astropy.units.quantity.Quantity
#       unit: !astropy.units.Unit {unit: nm}
#       value: !astropy.table.SerializedColumn {name: wavelength}
# schema: astropy-2.0
amp_name wavelength efficiency
C16 319.994 60.347786
C16 324.969 63.127583
C16 349.982 73.42277
C16 374.975 78.62428
C16 400.019 83.220375
C16 424.965 82.48508
C16 450.035 82.08631
C16 475.003 82.478264
C16 500.018 83.57849
C16 525.002 85.157265
C16 550.029 87.00221
C16 575.023 89.33681
C16 599.982 91.54586
C16 619.997 92.495995
C16 624.979 92.86711
C16 650.012 94.10509
C16 675.004 95.08588
C16 700.03 95.38302
C16 725.012 95.792854
C16 750.022 96.45049
C16 774.987 96.9811
C16 799.976 96.58661
C16 824.988 95.44832
C16 850.022 94.31746
C16 869.967 91.82251
C16 875.002 91.03913
C16 899.999 84.27091
C16 919.999 76.137985
C16 925.012 73.319534
C16 949.965 59.571686
C16 975.002 49.1798
C16 999.976 29.299988
C16 1025.028 14.506278
C16 1050.014 5.765202
C16 1075.002 3.1509032
C16 1099.99 2.1647933
C10 319.994 57.721912
C10 324.969 60.470207
C10 349.982 71.55501
C10 374.975 78.625755
C10 400.019 83.6749
C10 424.965 82.79043
C10 450.035 82.1076
C10 475.003 82.321075
C10 500.018 83.327896
C10 525.002 84.78953
C10 550.029 86.58946
C10 575.023 88.89964
C10 599.982 91.10715
C10 619.997 92.08612
C10 624.979 92.46152
C10 650.012 93.7599
C10 675.004 94.81111
C10 700.03 95.160934
C10 725.012 95.55077
C10 750.022 96.161156
C10 774.987 96.64308
C10 799.976 96.29205
C10 824.988 95.278824
C10 850.022 94.22497
C10 869.967 91.87162
C10 875.002 91.11615
C10 899.999 84.52415
C10 919.999 76.56918
C10 925.012 73.84061
C10 949.965 60.283184
C10 975.002 49.68895
C10 999.976 29.585274
C10 1025.028 14.600229
C10 1050.014 5.823587
C10 1075.002 3.1963816
C10 1099.99 2.1653748
C01 319.994 60.2701
C01 324.969 63.056206
C01 349.982 73.38774
C01 374.975 78.61019
C01 400.019 83.20516
C01 424.965 82.4792
C01 450.035 82.10993
C01 475.003 82.526474
C01 500.018 83.626945
C01 525.002 85.20055
C01 550.029 87.01808
C01 575.023 89.3016
C01 599.982 91.47877
C01 619.997 92.41287
C01 624.979 92.78001
C01 650.012 94.002686
C01 675.004 94.97755
C01 700.03 95.26404
C01 725.012 95.65061
C01 750.022 96.292206
C01 774.987 96.81222
C01 799.976 96.400085
C01 824.988 95.25047
C01 850.022 94.0612
C01 869.967 91.55896
C01 875.002 90.7948
C01 899.999 84.14071
C01 919.999 76.12024
C01 925.012 73.294716
C01 949.965 59.50144
C01 975.002 49.115433
C01 999.976 29.069939
C01 1025.028 14.267291
C01 1050.014 5.593996
C01 1075.002 3.1864777
C01 1099.99 2.2090278
C13 319.994 58.964424
C13 324.969 61.72975
C13 349.982 72.60157
C13 374.975 78.97352
C13 400.019 83.82578
C13 424.965 82.95909
C13 450.035 82.30677
C13 475.003 82.42445
C13 500.018 83.34176
C13 525.002 84.84615
C13 550.029 86.70797
C13 575.023 89.11046
C13 599.982 91.419945
C13 619.997 92.44288
C13 624.979 92.8274
C13 650.012 94.140144
C13 675.004 95.18254
C13 700.03 95.51889
C13 725.012 95.95391
C13 750.022 96.61963
C13 774.987 97.15984
C13 799.976 96.78859
C13 824.988 95.69981
C13 850.022 94.57091
C13 869.967 92.1405
C13 875.002 91.38592
C13 899.999 84.69341
C13 919.999 76.68888
C13 925.012 73.92697
C13 949.965 59.9905
C13 975.002 49.606995
C13 999.976 29.548098
C13 1025.028 14.650792
C13 1050.014 5.8932343
C13 1075.002 3.2103016
C13 1099.99 2.1972237
C00 319.994 60.87815
C00 324.969 63.68108
C00 349.982 73.833626
C00 374.975 78.64945
C00 400.019 83.16017
C00 424.965 82.48826
C00 450.035 82.23258
C00 475.003 82.80191
C00 500.018 84.00404
C00 525.002 85.59244
C00 550.029 87.37654
C00 575.023 89.595436
C00 599.982 91.69848
C00 619.997 92.582466
C00 624.979 92.93914
C00 650.012 94.12614
C00 675.004 95.07229
C00 700.03 95.31757
C00 725.012 95.63614
C00 750.022 96.20949
C00 774.987 96.65514
C00 799.976 96.21069
C00 824.988 95.07985
C00 850.022 93.86827
C00 869.967 91.371666
C00 875.002 90.61601
C00 899.999 84.12794
C00 919.999 76.0897
C00 925.012 73.21283
C00 949.965 59.32093
C00 975.002 48.903755
C00 999.976 29.013102
C00 1025.028 14.194576
C00 1050.014 5.581461
C00 1075.002 3.1848283
C00 1099.99 2.1907392
C15 319.994 59.761333
C15 324.969 62.53369
C15 349.982 73.02018
C15 374.975 78.647675
C15 400.019 83.34039
C15 424.965 82.56757
C15 450.035 82.08215
C15 475.003 82.37706
C15 500.018 83.413055
C15 525.002 84.96781
C15 550.029 86.82374
C15 575.023 89.18487
C15 599.982 91.422775
C15 619.997 92.39854
C15 624.979 92.77368
C15 650.012 94.03104
C15 675.004 95.03128
C15 700.03 95.34334
C15 725.012 95.77575
C15 750.022 96.45787
C15 774.987 97.0185
C15 799.976 96.6422
C15 824.988 95.51461
C15 850.022 94.37997
C15 869.967 91.89253
C15 875.002 91.114395
C15 899.999 84.321266
C15 919.999 76.24165
C15 925.012 73.469604
C15 949.965 59.765987
C15 975.002 49.456562
C15 999.976 29.431263
C15 1025.028 14.532579
C15 1050.014 5.817004
C15 1075.002 3.1623454
C15 1099.99 2.1669054
C04 319.994 59.44224
C04 324.969 62.23669
C04 349.982 73.215004
C04 374.975 79.6379
C04 400.019 84.50483
C04 424.965 83.66274
C04 450.035 83.09867
C04 475.003 83.35294
C04 500.018 84.34288
C04 525.002 85.838425
C04 550.029 87.62066
C04 575.023 89.92831
C04 599.982 92.163734
C04 619.997 93.14341
C04 624.979 93.520294
C04 650.012 94.81161
C04 675.004 95.84117
C04 700.03 96.170685
C04 725.012 96.58809
C04 750.022 97.25049
C04 774.987 97.78307
C04 799.976 97.400246
C04 824.988 96.28749
C04 850.022 95.0871
C04 869.967 92.53728
C04 875.002 91.76067
C04 899.999 85.07206
C04 919.999 77.02618
C04 925.012 74.25528
C04 949.965 60.532307
C04 975.002 49.88265
C04 999.976 29.413614
C04 1025.028 14.5102825
C04 1050.014 5.7445555
C04 1075.002 3.222088
C04 1099.99 2.2495942
C07 319.994 57.638435
C07 324.969 60.358196
C07 349.982 71.36337
C07 374.975 78.63467
C07 400.019 83.84886
C07 424.965 83.098076
C07 450.035 82.64546
C07 475.003 83.158745
C07 500.018 84.28967
C07 525.002 85.82875
C07 550.029 87.59717
C07 575.023 89.6979
C07 599.982 91.68284
C07 619.997 92.51968
C07 624.979 92.871025
C07 650.012 94.07151
C07 675.004 95.07601
C07 700.03 95.39914
C07 725.012 95.77759
C07 750.022 96.385414
C07 774.987 96.86488
C07 799.976 96.50756
C07 824.988 95.4869
C07 850.022 94.33299
C07 869.967 91.791306
C07 875.002 91.02427
C07 899.999 84.509
C07 919.999 76.6347
C07 925.012 73.932274
C07 949.965 60.395966
C07 975.002 49.564598
C07 999.976 29.35177
C07 1025.028 14.410573
C07 1050.014 5.704034
C07 1075.002 3.2091887
C07 1099.99 2.2037597
C06 319.994 58.413357
C06 324.969 61.177956
C06 349.982 72.237526
C06 374.975 79.115295
C06 400.019 84.08887
C06 424.965 83.25406
C06 450.035 82.70699
C06 475.003 83.058784
C06 500.018 84.11343
C06 525.002 85.57677
C06 550.029 87.31116
C06 575.023 89.51977
C06 599.982 91.65461
C06 619.997 92.58313
C06 624.979 92.9503
C06 650.012 94.210236
C06 675.004 95.235954
C06 700.03 95.56376
C06 725.012 95.95144
C06 750.022 96.571106
C06 774.987 97.06185
C06 799.976 96.685616
C06 824.988 95.631874
C06 850.022 94.452736
C06 869.967 91.929115
C06 875.002 91.169075
C06 899.999 84.650116
C06 919.999 76.72799
C06 925.012 73.99084
C06 949.965 60.28715
C06 975.002 49.52206
C06 999.976 29.319317
C06 1025.028 14.449533
C06 1050.014 5.7309704
C06 1075.002 3.2329104
C06 1099.99 2.2263057
C02 319.994 59.894985
C02 324.969 62.679657
C02 349.982 73.234604
C02 374.975 78.90071
C02 400.019 83.60067
C02 424.965 82.837746
C02 450.035 82.39991
C02 475.003 82.75431
C02 500.018 83.804344
C02 525.002 85.35142
C02 550.029 87.172905
C02 575.023 89.47172
C02 599.982 91.67543
C02 619.997 92.623184
C02 624.979 92.995155
C02 650.012 94.240005
C02 675.004 95.237946
C02 700.03 95.53851
C02 725.012 95.96109
C02 750.022 96.63527
C02 774.987 97.18255
C02 799.976 96.796745
C02 824.988 95.655334
C02 850.022 94.470474
C02 869.967 91.95573
C02 875.002 91.18407
C02 899.999 84.4855
C02 919.999 76.47025
C02 925.012 73.67641
C02 949.965 59.95776
C02 975.002 49.484978
C02 999.976 29.233957
C02 1025.028 14.377976
C02 1050.014 5.653659
C02 1075.002 3.2047331
C02 1099.99 2.2352455
C11 319.994 58.470512
C11 324.969 61.249207
C11 349.982 72.372116
C11 374.975 79.23083
C11 400.019 84.183525
C11 424.965 83.25236
C11 450.035 82.50782
C11 475.003 82.5553
C11 500.018 83.44139
C11 525.002 84.90337
C11 550.029 86.73836
C11 575.023 89.13806
C11 599.982 91.45161
C11 619.997 92.49379
C11 624.979 92.88492
C11 650.012 94.225555
C11 675.004 95.294235
C11 700.03 95.64467
C11 725.012 96.043915
C11 750.022 96.678986
C11 774.987 97.17118
C11 799.976 96.80197
C11 824.988 95.75055
C11 850.022 94.66488
C11 869.967 92.30197
C11 875.002 91.55135
C11 899.999 84.9213
C11 919.999 76.917755
C11 925.012 74.151146
C11 949.965 60.311024
C11 975.002 49.763657
C11 999.976 29.651823
C11 1025.028 14.712052
C11 1050.014 5.8960843
C11 1075.002 3.2156944
C11 1099.99 2.1847641
C14 319.994 59.32843
C14 324.969 62.09496
C14 349.982 72.788956
C14 374.975 78.83796
C14 400.019 83.632286
C14 424.965 82.82333
C14 450.035 82.26544
C14 475.003 82.49051
C14 500.018 83.48307
C14 525.002 85.011375
C14 550.029 86.85945
C14 575.023 89.23176
C14 599.982 91.49959
C14 619.997 92.49108
C14 624.979 92.87165
C14 650.012 94.151276
C14 675.004 95.173485
C14 700.03 95.50049
C14 725.012 95.93998
C14 750.022 96.625496
C14 774.987 97.18031
C14 799.976 96.810974
C14 824.988 95.70442
C14 850.022 94.559845
C14 869.967 92.091736
C14 875.002 91.32197
C14 899.999 84.569466
C14 919.999 76.531906
C14 925.012 73.773315
C14 949.965 59.902718
C14 975.002 49.568836
C14 999.976 29.521366
C14 1025.028 14.593738
C14 1050.014 5.8683553
C14 1075.002 3.189957
C14 1099.99 2.1781142
C05 319.994 58.71949
C05 324.969 61.490345
C05 349.982 72.51843
C05 374.975 79.16014
C05 400.019 84.04004
C05 424.965 83.179405
C05 450.035 82.58724
C05 475.003 82.822975
C05 500.018 83.80166
C05 525.002 85.260315
C05 550.029 87.00691
C05 575.023 89.284096
C05 599.982 91.49589
C05 619.997 92.47388
C05 624.979 92.849754
C05 650.012 94.13818
C05 675.004 95.175514
C05 700.03 95.50533
C05 725.012 95.91041
C05 750.022 96.544
C05 774.987 97.05224
C05 799.976 96.66807
C05 824.988 95.58473
C05 850.022 94.387505
C05 869.967 91.850296
C05 875.002 91.07701
C05 899.999 84.49301
C05 919.999 76.53793
C05 925.012 73.79207
C05 949.965 60.11779
C05 975.002 49.43213
C05 999.976 29.21786
C05 1025.028 14.413151
C05 1050.014 5.7074003
C05 1075.002 3.2235725
C05 1099.99 2.2446382
C17 319.994 61.012447
C17 324.969 63.8261
C17 349.982 73.961235
C17 374.975 78.6508
C17 400.019 83.08944
C17 424.965 82.35858
C17 450.035 81.99859
C17 475.003 82.42943
C17 500.018 83.56163
C17 525.002 85.16116
C17 550.029 87.01305
C17 575.023 89.33176
C17 599.982 91.52708
C17 619.997 92.46299
C17 624.979 92.82641
C17 650.012 94.04699
C17 675.004 95.010124
C17 700.03 95.27109
C17 725.012 95.607475
C17 750.022 96.183586
C17 774.987 96.629395
C17 799.976 96.19781
C17 824.988 95.05843
C17 850.022 93.88799
C17 869.967 91.35634
C17 875.002 90.576035
C17 899.999 83.952255
C17 919.999 75.77896
C17 925.012 72.90602
C17 949.965 59.104053
C17 975.002 48.58338
C17 999.976 29.007
C17 1025.028 14.333448
C17 1050.014 5.707834
C17 1075.002 3.1455429
C17 1099.99 2.1192002
C12 319.994 58.637352
C12 324.969 61.411926
C12 349.982 72.41747
C12 374.975 79.035126
C12 400.019 83.93295
C12 424.965 83.04473
C12 450.035 82.36876
C12 475.003 82.47867
C12 500.018 83.38518
C12 525.002 84.85098
C12 550.029 86.658936
C12 575.023 89.027954
C12 599.982 91.3194
C12 619.997 92.34369
C12 624.979 92.727745
C12 650.012 94.04812
C12 675.004 95.102066
C12 700.03 95.44197
C12 725.012 95.855675
C12 750.022 96.49739
C12 774.987 97.01243
C12 799.976 96.64241
C12 824.988 95.5724
C12 850.022 94.46753
C12 869.967 92.0829
C12 875.002 91.3331
C12 899.999 84.68174
C12 919.999 76.68763
C12 925.012 73.92042
C12 949.965 60.04047
C12 975.002 49.602203
C12 999.976 29.549385
C12 1025.028 14.662811
C12 1050.014 5.8799014
C12 1075.002 3.2025375
C12 1099.99 2.1836004
C03 319.994 59.390858
C03 324.969 62.17384
C03 349.982 72.930855
C03 374.975 78.97465
C03 400.019 83.73037
C03 424.965 82.911125
C03 450.035 82.367836
C03 475.003 82.602936
C03 500.018 83.57802
C03 525.002 85.09197
C03 550.029 86.90135
C03 575.023 89.2303
C03 599.982 91.47473
C03 619.997 92.45993
C03 624.979 92.836395
C03 650.012 94.11541
C03 675.004 95.13457
C03 700.03 95.456894
C03 725.012 95.880806
C03 750.022 96.55138
C03 774.987 97.09846
C03 799.976 96.71721
C03 824.988 95.59273
C03 850.022 94.416
C03 869.967 91.90243
C03 875.002 91.13184
C03 899.999 84.466286
C03 919.999 76.45909
C03 925.012 73.69741
C03 949.965 60.08777
C03 975.002 49.581375
C03 999.976 29.252104
C03 1025.028 14.416825
C03 1050.014 5.6957984
C03 1075.002 3.1980722
C03 1099.99 2.23389
