lsstCam/transmission_sensor/r23_s12/19700101T000000.ecsv
# %ECSV 1.0
# ---
# datatype:
# - {name: amp_name, datatype: string}
# - {name: wavelength, unit: nm, datatype: float32}
# - {name: efficiency, unit: '%', datatype: float64}
# meta: !!omap
# - {MODE: AMP}
# - {TYPE: transmission_sensor}
# - {CALIBDATE: '1970-01-01T00:00:00'}
# - {INSTRUME: LSSTCam}
# - {OBSTYPE: transmission_sensor}
# - {DETECTOR: 104}
# - {PARQUETFILE: qe_raft_allvalues_nircorrected_20230725_adjust.parquet}
# - {CORRFILE: qe_corr_factor_bydetnum.parquet}
# - {CALIBCLS: lsst.ip.isr.IntermediateSensorTransmissionCurve}
# - {CALIB_ID: 'raftName=R23 detectorName=S12 detector=104 calibDate=1970-01-01T00:00:00 ccd=104 ccdnum=104 filter=None'}
# - {DATE: '2025-03-03T21:56:47.962204'}
# - {CALIB_CREATION_DATE: '2025-03-03'}
# - {CALIB_CREATION_TIME: '21:56:47'}
# - __serialized_columns__:
#     efficiency:
#       __class__: astropy.units.quantity.Quantity
#       unit: !astropy.units.Unit {unit: '%'}
#       value: !astropy.table.SerializedColumn {name: efficiency}
#     wavelength:
#       __class__: astropy.units.quantity.Quantity
#       unit: !astropy.units.Unit {unit: nm}
#       value: !astropy.table.SerializedColumn {name: wavelength}
# schema: astropy-2.0
amp_name wavelength efficiency
C00 319.994 40.84041491560406
C00 324.969 46.088404766934396
C00 349.982 69.92370026494972
C00 374.975 75.92633547378682
C00 400.019 83.35918881367758
C00 424.965 86.03738819355705
C00 450.035 87.63614175794294
C00 475.003 90.56071602471388
C00 500.018 92.06764704575093
C00 525.002 94.68804914703902
C00 550.029 95.715969902769
C00 575.023 97.4929717053709
C00 599.982 97.93676163510017
C00 619.997 98.65863008208217
C00 624.979 99.55196455007686
C00 650.012 99.63963098726069
C00 675.004 98.7854978869396
C00 700.03 98.80610334369541
C00 725.012 97.9417093805347
C00 750.022 98.6767159946244
C00 774.987 97.86084799630235
C00 799.976 97.23464611027602
C00 824.988 96.54464114389239
C00 850.022 93.51095767241597
C00 869.967 90.20407492187684
C00 875.002 89.09069518461843
C00 899.999 81.76071689018565
C00 919.999 73.43394296476411
C00 925.012 70.25978158252727
C00 949.965 56.731130793225226
C00 975.002 42.256474882798905
C00 999.976 25.675291614893876
C00 1025.028 11.107090965111693
C00 1050.014 3.881140683546562
C00 1075.002 0.9400882074706937
C00 1099.99 0.09327468830395462
C01 319.994 40.81025269824355
C01 324.969 46.04909683243606
C01 349.982 69.8197595512443
C01 374.975 75.8263910160093
C01 400.019 83.23375966095419
C01 424.965 85.90016818286738
C01 450.035 87.49300728847999
C01 475.003 90.40549383255856
C01 500.018 91.9004589215601
C01 525.002 94.50617763678171
C01 550.029 95.52460633319346
C01 575.023 97.29264129868477
C01 599.982 97.7258658889323
C01 619.997 98.44926433104098
C01 624.979 99.33812299239644
C01 650.012 99.42358197392487
C01 675.004 98.57214349188658
C01 700.03 98.6025378726867
C01 725.012 97.77411782479305
C01 750.022 98.55715562917797
C01 774.987 97.78171451701408
C01 799.976 97.17221317480829
C01 824.988 96.47935373990475
C01 850.022 93.45251338096007
C01 869.967 90.06106224307074
C01 875.002 88.92753376401971
C01 899.999 81.60295231806859
C01 919.999 73.2611524703582
C01 925.012 70.08652676124211
C01 949.965 56.419571263212816
C01 975.002 41.96445514129486
C01 999.976 25.452243444747197
C01 1025.028 10.950349244214275
C01 1050.014 3.823421664967109
C01 1075.002 0.9389491606860769
C01 1099.99 0.0931616731284057
C02 319.994 40.79215156186922
C02 324.969 46.028761598700136
C02 349.982 69.86504283984435
C02 374.975 75.96320759514815
C02 400.019 83.36024687000896
C02 424.965 86.01182737945065
C02 450.035 87.58473087692013
C02 475.003 90.4924295258013
C02 500.018 91.98387029767024
C02 525.002 94.59027408533665
C02 550.029 95.61241739678229
C02 575.023 97.38406802239885
C02 599.982 97.8198045449439
C02 619.997 98.54520492097457
C02 624.979 99.43942998314746
C02 650.012 99.52845134138876
C02 675.004 98.68129836808838
C02 700.03 98.72780717517297
C02 725.012 97.94091012934912
C02 750.022 98.78259013500731
C02 774.987 98.0637740663626
C02 799.976 97.47135386378004
C02 824.988 96.76689386881152
C02 850.022 93.77713115296162
C02 869.967 90.32828616803172
C02 875.002 89.14986260809937
C02 899.999 81.65749930850528
C02 919.999 73.45779109775856
C02 925.012 70.29922653151456
C02 949.965 56.372598129248985
C02 975.002 41.907331517274194
C02 999.976 25.40602579345164
C02 1025.028 10.923295543071964
C02 1050.014 3.8251907218323304
C02 1075.002 0.9410968628509025
C02 1099.99 0.09337476616414628
C03 319.994 40.473531979717535
C03 324.969 45.668398268913116
C03 349.982 69.39449702518834
C03 374.975 75.57469539979668
C03 400.019 82.99715847427493
C03 424.965 85.64995689028511
C03 450.035 87.21898592248355
C03 475.003 90.11391177622758
C03 500.018 91.59962077530852
C03 525.002 94.19625086276271
C03 550.029 95.21892700833209
C03 575.023 96.98474690625194
C03 599.982 97.42750161539799
C03 619.997 98.15354900429315
C03 624.979 99.04351900539235
C03 650.012 99.13732825883106
C03 675.004 98.3004513722024
C03 700.03 98.36799951525784
C03 725.012 97.62775590292358
C03 750.022 98.52791825961792
C03 774.987 97.86424291086205
C03 799.976 97.29957575420917
C03 824.988 96.58867607825972
C03 850.022 93.63450668187423
C03 869.967 90.21877353177543
C03 875.002 89.02271316234798
C03 899.999 81.38655315659432
C03 919.999 73.24417028564368
C03 925.012 70.1195244173324
C03 949.965 56.2740770997734
C03 975.002 41.669912049619214
C03 999.976 25.286794643374513
C03 1025.028 10.873603052098154
C03 1050.014 3.8204794215402
C03 1075.002 0.9386706151208805
C03 1099.99 0.09313403609332148
C04 319.994 40.51688564759811
C04 324.969 45.717704455147235
C04 349.982 69.53852970074557
C04 374.975 75.79785394272614
C04 400.019 83.19434515963111
C04 424.965 85.82474170669695
C04 450.035 87.37753452195408
C04 475.003 90.26422428252863
C04 500.018 91.74600553292615
C04 525.002 94.34703530785904
C04 550.029 95.36650683677006
C04 575.023 97.1400604413999
C04 599.982 97.58534230667557
C04 619.997 98.31514998210099
C04 624.979 99.21065384617081
C04 650.012 99.30537652953589
C04 675.004 98.47092023221212
C04 700.03 98.55495578543862
C04 725.012 97.86224097694009
C04 750.022 98.81628047545844
C04 774.987 98.20458690142935
C04 799.976 97.66044908237176
C04 824.988 96.93835227790815
C04 850.022 93.98651973975096
C04 869.967 90.5959515841238
C04 875.002 89.40546313724724
C04 899.999 81.61612854475655
C04 919.999 73.36015305054514
C04 925.012 70.25614308665388
C04 949.965 56.4178928357231
C04 975.002 41.81016540885606
C04 999.976 25.34249483909325
C04 1025.028 10.916778791440983
C04 1050.014 3.8402704032783235
C04 1075.002 0.9414178265913707
C04 1099.99 0.0934066118916122
C05 319.994 40.464428128118
C05 324.969 45.65627629259852
C05 349.982 69.49808759075532
C05 374.975 75.8153309019841
C05 400.019 83.18695398914353
C05 424.965 85.79547388947269
C05 450.035 87.33442824134524
C05 475.003 90.21336145946165
C05 500.018 91.68906840084878
C05 525.002 94.28324745133386
C05 550.029 95.30417285621103
C05 575.023 97.0739509504785
C05 599.982 97.52439369483821
C05 619.997 98.25145346856844
C05 624.979 99.14487927955577
C05 650.012 99.24639940395629
C05 675.004 98.42075770542203
C05 700.03 98.517040831578
C05 725.012 97.85141683231254
C05 750.022 98.84338650852361
C05 774.987 98.26986669350094
C05 799.976 97.73866151981761
C05 824.988 97.0013180474996
C05 850.022 94.04434746600656
C05 869.967 90.69247067967741
C05 875.002 89.50473774641209
C05 899.999 81.58722609950284
C05 919.999 73.2732478049666
C05 925.012 70.16225771405465
C05 949.965 56.40873189475317
C05 975.002 41.76041011957481
C05 999.976 25.28883463687675
C05 1025.028 10.897155271856027
C05 1050.014 3.8479672397699156
C05 1075.002 0.9416760635999514
C05 1099.99 0.09343223393036611
C06 319.994 40.329377513503466
C06 324.969 45.504586029491854
C06 349.982 69.30842909037567
C06 374.975 75.67214314910878
C06 400.019 83.0508148705334
C06 424.965 85.65491224763569
C06 450.035 87.19306734832266
C06 475.003 90.05970732201328
C06 500.018 91.53419635683191
C06 525.002 94.12077871509598
C06 550.029 95.14199337278315
C06 575.023 96.90927475858521
C06 599.982 97.35709900382264
C06 619.997 98.08912174681952
C06 624.979 98.98146666572728
C06 650.012 99.08232455343119
C06 675.004 98.25796165679387
C06 700.03 98.36278535276143
C06 725.012 97.70468953847251
C06 750.022 98.7025508377087
C06 774.987 98.1268920742751
C06 799.976 97.59223870261971
C06 824.988 96.83718991356213
C06 850.022 93.87796620491736
C06 869.967 90.53629699801546
C06 875.002 89.34027468816828
C06 899.999 81.33606331741395
C06 919.999 73.01420668976273
C06 925.012 69.98194664658823
C06 949.965 56.25253157138503
C06 975.002 41.591855656452445
C06 999.976 25.148153107361917
C06 1025.028 10.828824052936636
C06 1050.014 3.849119493562457
C06 1075.002 0.9403343289557676
C06 1099.99 0.09329910825159649
C07 319.994 40.363600688078314
C07 324.969 45.543817844829654
C07 349.982 69.4131309956864
C07 374.975 75.83289159231866
C07 400.019 83.21875657441348
C07 424.965 85.8159499436556
C07 450.035 87.34451403011563
C07 475.003 90.21495234991676
C07 500.018 91.68650318513887
C07 525.002 94.2764880698787
C07 550.029 95.29937734909755
C07 575.023 97.07258080558896
C07 599.982 97.52318340018576
C07 619.997 98.25545733641238
C07 624.979 99.14538166601527
C07 650.012 99.24768581776927
C07 675.004 98.4253933622984
C07 700.03 98.517756351687
C07 725.012 97.82737840141677
C07 750.022 98.77777179214567
C07 774.987 98.15131110097353
C07 799.976 97.5928248201558
C07 824.988 96.83738782337952
C07 850.022 93.84108647163997
C07 869.967 90.48452835693816
C07 875.002 89.31777386431524
C07 899.999 81.34901879853636
C07 919.999 73.00504955475083
C07 925.012 69.89263603553692
C07 949.965 56.054793022114985
C07 975.002 41.43344026551285
C07 999.976 25.113992731094505
C07 1025.028 10.864020601276776
C07 1050.014 3.8623559019617106
C07 1075.002 0.9410509563384006
C07 1099.99 0.09337021136214929
C10 319.994 40.690795093663844
C10 324.969 45.916657105027745
C10 349.982 69.55931784348665
C10 374.975 75.56290454183039
C10 400.019 83.13382281509271
C10 424.965 85.87735527045615
C10 450.035 87.51325498518129
C10 475.003 90.45736142854456
C10 500.018 91.97331257010455
C10 525.002 94.59589167938384
C10 550.029 95.62573063795921
C10 575.023 97.4024584115832
C10 599.982 97.84041761361577
C10 619.997 98.56501112654479
C10 624.979 99.45661768959542
C10 650.012 99.53932115751262
C10 675.004 98.68471611839622
C10 700.03 98.69911025165268
C10 725.012 97.82705870094254
C10 750.022 98.55981979979657
C10 774.987 97.74064061799142
C10 799.976 97.12980719047634
C10 824.988 96.46901675790461
C10 850.022 93.4699979521341
C10 869.967 90.23403542346193
C10 875.002 89.15123275298893
C10 899.999 81.79193335791952
C10 919.999 73.510153468288
C10 925.012 70.41994390820106
C10 949.965 56.723659697619084
C10 975.002 42.30873449246163
C10 999.976 25.78716013916862
C10 1025.028 11.181164423203661
C10 1050.014 3.838993504360412
C10 1075.002 0.9389745432171038
C10 1099.99 0.09316419155981574
C11 319.994 40.7910744757477
C11 324.969 46.02085662387897
C11 349.982 69.63550551126238
C11 374.975 75.62305390248218
C11 400.019 83.2057782575429
C11 424.965 85.95754680607583
C11 450.035 87.60111172026646
C11 475.003 90.54462443417758
C11 500.018 92.05876393971693
C11 525.002 94.67549709746741
C11 550.029 95.6998935360648
C11 575.023 97.46894849830724
C11 599.982 97.90125965862839
C11 619.997 98.62100438103158
C11 624.979 99.51497824997473
C11 650.012 99.59512411409807
C11 675.004 98.73624117815983
C11 700.03 98.76259363153575
C11 725.012 97.92277093339453
C11 750.022 98.70267262836555
C11 774.987 97.92886807815307
C11 799.976 97.3337684811198
C11 824.988 96.6573355610589
C11 850.022 93.6560940758009
C11 869.967 90.40156608387515
C11 875.002 89.3079240449425
C11 899.999 81.86805251845075
C11 919.999 73.4565351316098
C11 925.012 70.31312589022757
C11 949.965 56.69287330314223
C11 975.002 42.295855130499746
C11 999.976 25.740381109064145
C11 1025.028 11.116620132520698
C11 1050.014 3.7946284031342827
C11 1075.002 0.9403354940548442
C11 1099.99 0.0932992238516565
C12 319.994 40.74555521775002
C12 324.969 45.9693505939055
C12 349.982 69.61964227820766
C12 374.975 75.64759471983746
C12 400.019 83.21238540067702
C12 424.965 85.9508254842009
C12 450.035 87.583566253764
C12 475.003 90.52283151851748
C12 500.018 92.03452759900378
C12 525.002 94.65005046210183
C12 550.029 95.67729375730308
C12 575.023 97.44865513010961
C12 599.982 97.88560194730712
C12 619.997 98.60657980011091
C12 624.979 99.49882576411
C12 650.012 99.58366818043812
C12 675.004 98.7322677579801
C12 700.03 98.77167464738713
C12 725.012 97.97906866452344
C12 750.022 98.81366958825221
C12 774.987 98.09272979502869
C12 799.976 97.51557148413264
C12 824.988 96.83193769148548
C12 850.022 93.81758087486793
C12 869.967 90.5266450884601
C12 875.002 89.42123502730931
C12 899.999 81.96639847385713
C12 919.999 73.41893226630735
C12 925.012 70.23903911128251
C12 949.965 56.64608285516367
C12 975.002 42.29231178357701
C12 999.976 25.74001193113557
C12 1025.028 11.122509852566804
C12 1050.014 3.8055495996915027
C12 1075.002 0.9413929554306002
C12 1099.99 0.09340414419788921
C13 319.994 40.545106826365064
C13 324.969 45.7470598094061
C13 349.982 69.3552575979345
C13 374.975 75.47915062949787
C13 400.019 83.10309350998625
C13 424.965 85.85934547707446
C13 450.035 87.4931823625492
C13 475.003 90.43620030191687
C13 500.018 91.94855100718374
C13 525.002 94.56436312309181
C13 550.029 95.59688147611787
C13 575.023 97.36804493910702
C13 599.982 97.81131725854468
C13 619.997 98.5383618084428
C13 624.979 99.43327194306049
C13 650.012 99.52141793095568
C13 675.004 98.6775609173063
C13 700.03 98.73685013144409
C13 725.012 97.9886216191701
C13 750.022 98.88463548161549
C13 774.987 98.21933118282425
C13 799.976 97.66368414669432
C13 824.988 96.96720905166555
C13 850.022 93.96891337792009
C13 869.967 90.61511077682951
C13 875.002 89.49314479826317
C13 899.999 81.99874911708291
C13 919.999 73.4300152160807
C13 925.012 70.23511897451515
C13 949.965 56.565468858203054
C13 975.002 42.208767198935945
C13 999.976 25.69602266826456
C13 1025.028 11.11348402310681
C13 1050.014 3.822155708178524
C13 1075.002 0.9420690426549495
C13 1099.99 0.09347122495118058
C14 319.994 40.49378348237688
C14 324.969 45.68944902275803
C14 349.982 69.32317337177058
C14 374.975 75.47463676327835
C14 400.019 83.03973192076005
C14 424.965 85.76384637827196
C14 450.035 87.37777810326779
C14 475.003 90.3030069948193
C14 500.018 91.81001413501687
C14 525.002 94.4207186552533
C14 550.029 95.44812180069165
C14 575.023 97.22398942780165
C14 599.982 97.67109054101402
C14 619.997 98.39517405556748
C14 624.979 99.28703181184787
C14 650.012 99.37888480286091
C14 675.004 98.54129239612325
C14 700.03 98.61882737304039
C14 725.012 97.91179455044592
C14 750.022 98.86197480752534
C14 774.987 98.25072272462734
C14 799.976 97.71072578790263
C14 824.988 97.00317535501657
C14 850.022 94.02154977742744
C14 869.967 90.63896652174
C14 875.002 89.49579374504967
C14 899.999 81.91576400827175
C14 919.999 73.34552294789103
C14 925.012 70.14775701397345
C14 949.965 56.504520246365686
C14 975.002 42.14520769989236
C14 999.976 25.672064162487352
C14 1025.028 11.102396315885928
C14 1050.014 3.8369218738320785
C14 1075.002 0.941853154332347
C14 1099.99 0.0934498047101445
C15 319.994 40.45493606879975
C15 324.969 45.644386479723536
C15 349.982 69.29753643850366
C15 374.975 75.4775369032946
C15 400.019 83.01026619371841
C15 424.965 85.71486369847011
C15 450.035 87.31930336414769
C15 475.003 90.23632661019393
C15 500.018 91.7373431724577
C15 525.002 94.3451932241742
C15 550.029 95.37261159344466
C15 575.023 97.1478702672704
C15 599.982 97.58992468013955
C15 619.997 98.31789788379616
C15 624.979 99.21006011671867
C15 650.012 99.3021262413812
C15 675.004 98.46860620973197
C15 700.03 98.55819846167725
C15 725.012 97.88614239334689
C15 750.022 98.87275328065657
C15 774.987 98.3011973399756
C15 799.976 97.77250409858979
C15 824.988 97.05328459839428
C15 850.022 94.09113791398511
C15 869.967 90.68198145935621
C15 875.002 89.51877411961405
C15 899.999 81.87478145224172
C15 919.999 73.35469530673504
C15 925.012 70.18258914183254
C15 949.965 56.48788820978961
C15 975.002 42.050930313616384
C15 999.976 25.58942539585661
C15 1025.028 11.049331746100584
C15 1050.014 3.854257774770693
C15 1075.002 0.9419558395129392
C15 1099.99 0.09345999303942791
C16 319.994 40.40359369502143
C16 324.969 45.587023080347194
C16 349.982 69.23735663018765
C16 374.975 75.47743794838591
C16 400.019 83.06913675247327
C16 424.965 85.79355568662731
C16 450.035 87.40694696558336
C16 475.003 90.32648214392714
C16 500.018 91.83014765297739
C16 525.002 94.44640126001653
C16 550.029 95.47604230877452
C16 575.023 97.25018203094045
C16 599.982 97.70239073982447
C16 619.997 98.4283315618949
C16 624.979 99.32371363530787
C16 650.012 99.41553617865671
C16 675.004 98.58716180225939
C16 700.03 98.67976076104564
C16 725.012 98.01122139793183
C16 750.022 99.00762120928583
C16 774.987 98.4368721317065
C16 799.976 97.90612367298634
C16 824.988 97.18298403602347
C16 850.022 94.23918968121838
C16 869.967 90.79491184592035
C16 875.002 89.61717335843278
C16 899.999 81.9312466455238
C16 919.999 73.48138803752325
C16 925.012 70.32868464664016
C16 949.965 56.50152876335681
C16 975.002 42.03118500337458
C16 999.976 25.57843569205491
C16 1025.028 11.040886325239644
C16 1050.014 3.8824651569398054
C16 1075.002 0.9432407194248955
C16 1099.99 0.09358747764389731
C17 319.994 40.33897994560448
C17 324.969 45.512289288537616
C17 349.982 69.16735745016311
C17 374.975 75.46333306793947
C17 400.019 83.07685523535113
C17 424.965 85.80698310654502
C17 450.035 87.41649992023002
C17 475.003 90.33668972335437
C17 500.018 91.84197657052395
C17 525.002 94.45664689902404
C17 550.029 95.48660764825625
C17 575.023 97.26839734605558
C17 599.982 97.71706651397488
C17 619.997 98.4484346321912
C17 624.979 99.34206596491195
C17 650.012 99.43638521672622
C17 675.004 98.60344369069702
C17 700.03 98.68893311988967
C17 725.012 97.9900678832202
C17 750.022 98.93902262181507
C17 774.987 98.31827086768277
C17 799.976 97.77181902614501
C17 824.988 97.05554533746205
C17 850.022 94.11649320635807
C17 869.967 90.69459440425624
C17 875.002 89.51722890065525
C17 899.999 81.83825186710278
C17 919.999 73.40136396405674
C17 925.012 70.30127413693286
C17 949.965 56.443674395395036
C17 975.002 41.95747120831612
C17 999.976 25.57083138791784
C17 1025.028 11.08535989626953
C17 1050.014 3.9283626320163796
C17 1075.002 0.9425871850994826
C17 1099.99 0.09352263456851947
