lsstCam/transmission_sensor/r23_s12/19700101T000000.ecsv
# %ECSV 1.0
# ---
# datatype:
# - {name: amp_name, datatype: string}
# - {name: wavelength, unit: nm, datatype: float32}
# - {name: efficiency, unit: '%', datatype: float64}
# meta: !!omap
# - {MODE: AMP}
# - {TYPE: transmission_sensor}
# - {CALIBDATE: '1970-01-01T00:00:00'}
# - {INSTRUME: LSSTCAM}
# - {OBSTYPE: transmission_sensor}
# - {DETECTOR: 104}
# - {PARQUETFILE: qe_raft_allvalues_nircorrected_20230725.parquet}
# - {CALIBCLS: lsst.ip.isr.IntermediateSensorTransmissionCurve}
# - {CALIB_ID: 'raftName=R23 detectorName=S12 detector=104 calibDate=1970-01-01T00:00:00 ccd=104 ccdnum=104 filter=None'}
# - {DATE: '2023-08-02T16:57:55.853000'}
# - {CALIB_CREATION_DATE: '2023-08-02'}
# - {CALIB_CREATION_TIME: '16:57:55'}
# - __serialized_columns__:
#     efficiency:
#       __class__: astropy.units.quantity.Quantity
#       unit: !astropy.units.Unit {unit: '%'}
#       value: !astropy.table.SerializedColumn {name: efficiency}
#     wavelength:
#       __class__: astropy.units.quantity.Quantity
#       unit: !astropy.units.Unit {unit: nm}
#       value: !astropy.table.SerializedColumn {name: wavelength}
# schema: astropy-2.0
amp_name wavelength efficiency
C00 319.994 40.9341926574707
C00 324.969 46.19423294067383
C00 349.982 70.08425903320312
C00 374.975 76.10067749023438
C00 400.019 83.55059814453125
C00 424.965 86.23494720458984
C00 450.035 87.83737182617188
C00 475.003 90.76866149902344
C00 500.018 92.279052734375
C00 525.002 94.90547180175781
C00 550.029 95.93575286865234
C00 575.023 97.71683502197266
C00 599.982 98.1616439819336
C00 619.997 98.88516998291016
C00 624.979 99.78055572509766
C00 650.012 99.86842346191406
C00 675.004 99.0123291015625
C00 700.03 99.0329818725586
C00 725.012 98.1666030883789
C00 750.022 98.9032974243164
C00 774.987 98.08555603027344
C00 799.976 97.45791625976562
C00 824.988 96.76632690429688
C00 850.022 93.72567749023438
C00 869.967 90.41120147705078
C00 875.002 89.2952651977539
C00 899.999 81.94845581054688
C00 919.999 73.6025619506836
C00 925.012 70.42111206054688
C00 949.965 56.86139678955078
C00 975.002 42.3535041809082
C00 999.976 25.7342472076416
C00 1025.028 11.13259506225586
C00 1050.014 3.890052556991577
C00 1075.002 0.9422468375784986
C00 1099.99 0.09348886560015829
C01 319.994 40.903961181640625
C01 324.969 46.15483474731445
C01 349.982 69.9800796508789
C01 374.975 76.00050354003906
C01 400.019 83.42488098144531
C01 424.965 86.097412109375
C01 450.035 87.69390869140625
C01 475.003 90.61308288574219
C01 500.018 92.11148071289062
C01 525.002 94.72318267822266
C01 550.029 95.74394989013672
C01 575.023 97.51604461669922
C01 599.982 97.95026397705078
C01 619.997 98.67532348632812
C01 624.979 99.56622314453125
C01 650.012 99.6518783569336
C01 675.004 98.7984848022461
C01 700.03 98.82894897460938
C01 725.012 97.99862670898438
C01 750.022 98.78346252441406
C01 774.987 98.00624084472656
C01 799.976 97.39533996582031
C01 824.988 96.70088958740234
C01 850.022 93.66709899902344
C01 869.967 90.26786041259766
C01 875.002 89.13172912597656
C01 899.999 81.79032897949219
C01 919.999 73.42937469482422
C01 925.012 70.2474594116211
C01 949.965 56.54912185668945
C01 975.002 42.060813903808594
C01 999.976 25.51068687438965
C01 1025.028 10.975493431091309
C01 1050.014 3.8322010040283203
C01 1075.002 0.941105175315181
C01 1099.99 0.09337559091921548
C02 319.994 40.88581848144531
C02 324.969 46.13445281982422
C02 349.982 70.02546691894531
C02 374.975 76.13763427734375
C02 400.019 83.5516586303711
C02 424.965 86.2093276977539
C02 450.035 87.78584289550781
C02 475.003 90.7002182006836
C02 500.018 92.19508361816406
C02 525.002 94.8074722290039
C02 550.029 95.83196258544922
C02 575.023 97.60768127441406
C02 599.982 98.04441833496094
C02 619.997 98.771484375
C02 624.979 99.66776275634766
C02 650.012 99.75698852539062
C02 675.004 98.90789031982422
C02 700.03 98.95450592041016
C02 725.012 98.16580200195312
C02 750.022 99.00941467285156
C02 774.987 98.28894805908203
C02 799.976 97.6951675415039
C02 824.988 96.98908996582031
C02 850.022 93.99246215820312
C02 869.967 90.53569793701172
C02 875.002 89.35456848144531
C02 899.999 81.84500122070312
C02 919.999 73.62646484375
C02 925.012 70.46064758300781
C02 949.965 56.50204086303711
C02 975.002 42.00355911254883
C02 999.976 25.46436309814453
C02 1025.028 10.94837760925293
C02 1050.014 3.8339741230010986
C02 1075.002 0.9432578090327256
C02 1099.99 0.0935891732590863
C03 319.994 40.56646728515625
C03 324.969 45.77326202392578
C03 349.982 69.55384063720703
C03 374.975 75.74822998046875
C03 400.019 83.18773651123047
C03 424.965 85.84662628173828
C03 450.035 87.41925811767578
C03 475.003 90.32083129882812
C03 500.018 91.80995178222656
C03 525.002 94.41254425048828
C03 550.029 95.43756866455078
C03 575.023 97.20744323730469
C03 599.982 97.65121459960938
C03 619.997 98.3789291381836
C03 624.979 99.27094268798828
C03 650.012 99.3649673461914
C03 675.004 98.52616882324219
C03 700.03 98.5938720703125
C03 725.012 97.8519287109375
C03 750.022 98.75415802001953
C03 774.987 98.08895874023438
C03 799.976 97.52299499511719
C03 824.988 96.81046295166016
C03 850.022 93.8495101928711
C03 869.967 90.42593383789062
C03 875.002 89.22712707519531
C03 899.999 81.57343292236328
C03 919.999 73.412353515625
C03 925.012 70.28053283691406
C03 949.965 56.40329360961914
C03 975.002 41.765594482421875
C03 999.976 25.344858169555664
C03 1025.028 10.898571014404297
C03 1050.014 3.829252004623413
C03 1075.002 0.9408259901537864
C03 1099.99 0.09334789042398406
C04 319.994 40.609920501708984
C04 324.969 45.82268142700195
C04 349.982 69.69820404052734
C04 374.975 75.9719009399414
C04 400.019 83.3853759765625
C04 424.965 86.02181243896484
C04 450.035 87.57817077636719
C04 475.003 90.47148895263672
C04 500.018 91.95667266845703
C04 525.002 94.56367492675781
C04 550.029 95.58548736572266
C04 575.023 97.36311340332031
C04 599.982 97.80941772460938
C04 619.997 98.54090118408203
C04 624.979 99.43846130371094
C04 650.012 99.53340148925781
C04 675.004 98.69702911376953
C04 700.03 98.78125762939453
C04 725.012 98.08695220947266
C04 750.022 99.04318237304688
C04 774.987 98.43008422851562
C04 799.976 97.88469696044922
C04 824.988 97.16094207763672
C04 850.022 94.20233154296875
C04 869.967 90.8039779663086
C04 875.002 89.61075592041016
C04 899.999 81.80353546142578
C04 919.999 73.52860260009766
C04 925.012 70.41746520996094
C04 949.965 56.54743957519531
C04 975.002 41.90616989135742
C04 999.976 25.400686264038086
C04 1025.028 10.941845893859863
C04 1050.014 3.849088430404663
C04 1075.002 0.9435795097699864
C04 1099.99 0.09362109211069693
C05 319.994 40.557342529296875
C05 324.969 45.761112213134766
C05 349.982 69.65766906738281
C05 374.975 75.98941802978516
C05 400.019 83.37796783447266
C05 424.965 85.99247741699219
C05 450.035 87.53496551513672
C05 475.003 90.4205093383789
C05 500.018 91.89960479736328
C05 525.002 94.49974060058594
C05 550.029 95.52301025390625
C05 575.023 97.2968521118164
C05 599.982 97.74832916259766
C05 619.997 98.47705841064453
C05 624.979 99.3725357055664
C05 650.012 99.47428894042969
C05 675.004 98.6467514038086
C05 700.03 98.74325561523438
C05 725.012 98.07610321044922
C05 750.022 99.07035064697266
C05 774.987 98.49551391601562
C05 799.976 97.96308898925781
C05 824.988 97.22405242919922
C05 850.022 94.26029205322266
C05 869.967 90.90071868896484
C05 875.002 89.71025848388672
C05 899.999 81.77456665039062
C05 919.999 73.44149780273438
C05 925.012 70.3233642578125
C05 949.965 56.53825759887695
C05 975.002 41.856300354003906
C05 999.976 25.34690284729004
C05 1025.028 10.9221773147583
C05 1050.014 3.8568029403686523
C05 1075.002 0.9438383397422669
C05 1099.99 0.09364677298276439
C06 319.994 40.42198181152344
C06 324.969 45.609073638916016
C06 349.982 69.46757507324219
C06 374.975 75.84590148925781
C06 400.019 83.24151611328125
C06 424.965 85.85159301757812
C06 450.035 87.39328002929688
C06 475.003 90.2665023803711
C06 500.018 91.74437713623047
C06 525.002 94.33689880371094
C06 550.029 95.36045837402344
C06 575.023 97.13179779052734
C06 599.982 97.58065032958984
C06 619.997 98.3143539428711
C06 624.979 99.20874786376953
C06 650.012 99.3098373413086
C06 675.004 98.48358154296875
C06 700.03 98.5886459350586
C06 725.012 97.92903900146484
C06 750.022 98.92919158935547
C06 774.987 98.35221099853516
C06 799.976 97.81632995605469
C06 824.988 97.0595474243164
C06 850.022 94.0935287475586
C06 869.967 90.74418640136719
C06 875.002 89.54541778564453
C06 899.999 81.5228271484375
C06 919.999 73.1818618774414
C06 925.012 70.14263916015625
C06 949.965 56.38169860839844
C06 975.002 41.68735885620117
C06 999.976 25.20589828491211
C06 1025.028 10.853689193725586
C06 1050.014 3.8579578399658203
C06 1075.002 0.9424935242076129
C06 1099.99 0.09351334162087266
C07 319.994 40.45628356933594
C07 324.969 45.64839553833008
C07 349.982 69.57251739501953
C07 374.975 76.00701904296875
C07 400.019 83.40984344482422
C07 424.965 86.01300048828125
C07 450.035 87.54507446289062
C07 475.003 90.42210388183594
C07 500.018 91.89703369140625
C07 525.002 94.49296569824219
C07 550.029 95.51820373535156
C07 575.023 97.29547882080078
C07 599.982 97.74711608886719
C07 619.997 98.48107147216797
C07 624.979 99.37303924560547
C07 650.012 99.47557830810547
C07 675.004 98.65139770507812
C07 700.03 98.74397277832031
C07 725.012 98.05200958251953
C07 750.022 99.00458526611328
C07 774.987 98.3766860961914
C07 799.976 97.8169174194336
C07 824.988 97.05974578857422
C07 850.022 94.05656433105469
C07 869.967 90.69229888916016
C07 875.002 89.52286529541016
C07 899.999 81.53581237792969
C07 919.999 73.17268371582031
C07 925.012 70.0531234741211
C07 949.965 56.18350601196289
C07 975.002 41.52857971191406
C07 999.976 25.171659469604492
C07 1025.028 10.88896656036377
C07 1050.014 3.8712246417999268
C07 1075.002 0.9432117971097109
C07 1099.99 0.09358460799835508
C10 319.994 40.78422927856445
C10 324.969 46.022090911865234
C10 349.982 69.71903991699219
C10 374.975 75.73641204833984
C10 400.019 83.32471466064453
C10 424.965 86.07454681396484
C10 450.035 87.71420288085938
C10 475.003 90.66506958007812
C10 500.018 92.18450164794922
C10 525.002 94.81310272216797
C10 550.029 95.84530639648438
C10 575.023 97.62611389160156
C10 599.982 98.06507873535156
C10 619.997 98.79133605957031
C10 624.979 99.68498992919922
C10 650.012 99.76788330078125
C10 675.004 98.91131591796875
C10 700.03 98.92574310302734
C10 725.012 98.05168914794922
C10 750.022 98.7861328125
C10 774.987 97.96507263183594
C10 799.976 97.35283660888672
C10 824.988 96.6905288696289
C10 850.022 93.68462371826172
C10 869.967 90.44123077392578
C10 875.002 89.35594177246094
C10 899.999 81.97974395751953
C10 919.999 73.67894744873047
C10 925.012 70.5816421508789
C10 949.965 56.85390853881836
C10 975.002 42.4058837890625
C10 999.976 25.846372604370117
C10 1025.028 11.206838607788086
C10 1050.014 3.847808599472046
C10 1075.002 0.941130616129564
C10 1099.99 0.09337811513344656
C11 319.994 40.88473892211914
C11 324.969 46.126529693603516
C11 349.982 69.79540252685547
C11 374.975 75.79669952392578
C11 400.019 83.39683532714844
C11 424.965 86.15492248535156
C11 450.035 87.80226135253906
C11 475.003 90.75253295898438
C11 500.018 92.27014923095703
C11 525.002 94.89289093017578
C11 550.029 95.91963958740234
C11 575.023 97.69275665283203
C11 599.982 98.12606048583984
C11 619.997 98.84745788574219
C11 624.979 99.74348449707031
C11 650.012 99.82381439208984
C11 675.004 98.96295928955078
C11 700.03 98.98937225341797
C11 725.012 98.14762115478516
C11 750.022 98.92931365966797
C11 774.987 98.15373229980469
C11 799.976 97.55726623535156
C11 824.988 96.87928009033203
C11 850.022 93.87114715576172
C11 869.967 90.60914611816406
C11 875.002 89.51299285888672
C11 899.999 82.05603790283203
C11 919.999 73.62520599365234
C11 925.012 70.47457885742188
C11 949.965 56.82305145263672
C11 975.002 42.392974853515625
C11 999.976 25.79948616027832
C11 1025.028 11.142146110534668
C11 1050.014 3.8033416271209717
C11 1075.002 0.9424946919819893
C11 1099.99 0.09351345748637348
C12 319.994 40.839115142822266
C12 324.969 46.07490539550781
C12 349.982 69.77950286865234
C12 374.975 75.82129669189453
C12 400.019 83.40345764160156
C12 424.965 86.14818572998047
C12 450.035 87.78467559814453
C12 475.003 90.7306900024414
C12 500.018 92.24585723876953
C12 525.002 94.86738586425781
C12 550.029 95.89698791503906
C12 575.023 97.67241668701172
C12 599.982 98.11036682128906
C12 619.997 98.83300018310547
C12 624.979 99.727294921875
C12 650.012 99.81233215332031
C12 675.004 98.95897674560547
C12 700.03 98.99847412109375
C12 725.012 98.20404815673828
C12 750.022 99.04056549072266
C12 774.987 98.3179702758789
C12 799.976 97.73948669433594
C12 824.988 97.05428314208984
C12 850.022 94.03300476074219
C12 869.967 90.73451232910156
C12 875.002 89.6265640258789
C12 899.999 82.15460968017578
C12 919.999 73.58751678466797
C12 925.012 70.40032196044922
C12 949.965 56.776153564453125
C12 975.002 42.38942337036133
C12 999.976 25.799116134643555
C12 1025.028 11.148049354553223
C12 1050.014 3.8142879009246826
C12 1075.002 0.943554581500068
C12 1099.99 0.09361861875065675
C13 319.994 40.638206481933594
C13 324.969 45.85210418701172
C13 349.982 69.51451110839844
C13 374.975 75.6524658203125
C13 400.019 83.29391479492188
C13 424.965 86.0564956665039
C13 450.035 87.69408416748047
C13 475.003 90.64385986328125
C13 500.018 92.15968322753906
C13 525.002 94.78150177001953
C13 550.029 95.81639099121094
C13 575.023 97.59162139892578
C13 599.982 98.0359115600586
C13 619.997 98.7646255493164
C13 624.979 99.66159057617188
C13 650.012 99.74993896484375
C13 675.004 98.90414428710938
C13 700.03 98.96356964111328
C13 725.012 98.213623046875
C13 750.022 99.1116943359375
C13 774.987 98.44486236572266
C13 799.976 97.887939453125
C13 824.988 97.18986511230469
C13 850.022 94.18468475341797
C13 869.967 90.82318115234375
C13 875.002 89.69863891601562
C13 899.999 82.1870346069336
C13 919.999 73.59862518310547
C13 925.012 70.39639282226562
C13 949.965 56.69535446166992
C13 975.002 42.305686950683594
C13 999.976 25.75502586364746
C13 1025.028 11.139002799987793
C13 1050.014 3.830932140350342
C13 1075.002 0.9442322211555896
C13 1099.99 0.09368585353474285
C14 319.994 40.58676528930664
C14 324.969 45.79436111450195
C14 349.982 69.48235321044922
C14 374.975 75.64794158935547
C14 400.019 83.23040771484375
C14 424.965 85.96077728271484
C14 450.035 87.57841491699219
C14 475.003 90.51036071777344
C14 500.018 92.02082824707031
C14 525.002 94.63752746582031
C14 550.029 95.66728973388672
C14 575.023 97.44723510742188
C14 599.982 97.8953628540039
C14 619.997 98.62110900878906
C14 624.979 99.5150146484375
C14 650.012 99.6070785522461
C14 675.004 98.76756286621094
C14 700.03 98.84527587890625
C14 725.012 98.1366195678711
C14 750.022 99.08898162841797
C14 774.987 98.47632598876953
C14 799.976 97.93508911132812
C14 824.988 97.22591400146484
C14 850.022 94.23744201660156
C14 869.967 90.84709167480469
C14 875.002 89.7012939453125
C14 899.999 82.1038589477539
C14 919.999 73.5139389038086
C14 925.012 70.30883026123047
C14 949.965 56.6342658996582
C14 975.002 42.241981506347656
C14 999.976 25.73101234436035
C14 1025.028 11.127889633178711
C14 1050.014 3.8457322120666504
C14 1075.002 0.9440158371103204
C14 1099.99 0.09366438410855918
C15 319.994 40.547828674316406
C15 324.969 45.74919509887695
C15 349.982 69.45665740966797
C15 374.975 75.65084838867188
C15 400.019 83.20087432861328
C15 424.965 85.91168212890625
C15 450.035 87.51980590820312
C15 475.003 90.44352722167969
C15 500.018 91.94799041748047
C15 525.002 94.56182861328125
C15 550.029 95.59160614013672
C15 575.023 97.37094116210938
C15 599.982 97.81401062011719
C15 619.997 98.54365539550781
C15 624.979 99.4378662109375
C15 650.012 99.53014373779297
C15 675.004 98.69470977783203
C15 700.03 98.78450775146484
C15 725.012 98.11090850830078
C15 750.022 99.09978485107422
C15 774.987 98.52691650390625
C15 799.976 97.99700927734375
C15 824.988 97.27613830566406
C15 850.022 94.30718994140625
C15 869.967 90.89020538330078
C15 875.002 89.72432708740234
C15 899.999 82.06278228759766
C15 919.999 73.52313232421875
C15 925.012 70.34374237060547
C15 949.965 56.61759567260742
C15 975.002 42.14748764038086
C15 999.976 25.648183822631836
C15 1025.028 11.074703216552734
C15 1050.014 3.863107919692993
C15 1075.002 0.9441187580765769
C15 1099.99 0.09367459583227959
C16 319.994 40.496368408203125
C16 324.969 45.69169998168945
C16 349.982 69.3963394165039
C16 374.975 75.65074920654297
C16 400.019 83.25988006591797
C16 424.965 85.99055480957031
C16 450.035 87.60765075683594
C16 475.003 90.53388977050781
C16 500.018 92.04100799560547
C16 525.002 94.66326904296875
C16 550.029 95.69527435302734
C16 575.023 97.4734878540039
C16 599.982 97.9267349243164
C16 619.997 98.65434265136719
C16 624.979 99.5517807006836
C16 650.012 99.64381408691406
C16 675.004 98.81353759765625
C16 700.03 98.9063491821289
C16 725.012 98.23627471923828
C16 750.022 99.2349624633789
C16 774.987 98.66290283203125
C16 799.976 98.13093566894531
C16 824.988 97.40613555908203
C16 850.022 94.45558166503906
C16 869.967 91.0033950805664
C16 875.002 89.82295227050781
C16 899.999 82.11937713623047
C16 919.999 73.65011596679688
C16 925.012 70.49017333984375
C16 949.965 56.63126754760742
C16 975.002 42.1276969909668
C16 999.976 25.637168884277344
C16 1025.028 11.066238403320312
C16 1050.014 3.8913800716400146
C16 1075.002 0.9454065883291937
C16 1099.99 0.0938023731668389
C17 319.994 40.43160629272461
C17 324.969 45.61679458618164
C17 349.982 69.32617950439453
C17 374.975 75.63661193847656
C17 400.019 83.26761627197266
C17 424.965 86.00401306152344
C17 450.035 87.61722564697266
C17 475.003 90.54412078857422
C17 500.018 92.05286407470703
C17 525.002 94.67353820800781
C17 550.029 95.70586395263672
C17 575.023 97.49174499511719
C17 599.982 97.94144439697266
C17 619.997 98.67449188232422
C17 624.979 99.57017517089844
C17 650.012 99.66471099853516
C17 675.004 98.8298568725586
C17 700.03 98.91554260253906
C17 725.012 98.21507263183594
C17 750.022 99.16620635986328
C17 774.987 98.54402923583984
C17 799.976 97.99632263183594
C17 824.988 97.27840423583984
C17 850.022 94.33260345458984
C17 869.967 90.90284729003906
C17 875.002 89.7227783203125
C17 899.999 82.02616882324219
C17 919.999 73.56990814208984
C17 925.012 70.46269989013672
C17 949.965 56.573280334472656
C17 975.002 42.05381393432617
C17 999.976 25.629547119140625
C17 1025.028 11.110814094543457
C17 1050.014 3.937382936477661
C17 1075.002 0.9447515533585645
C17 1099.99 0.09373738119882133
