comCam/transmission_filter/z_03/19700101T000000.ecsv
# %ECSV 1.0
# ---
# datatype:
# - {name: wavelength, unit: nm, datatype: float64}
# - {name: efficiency, unit: '%', datatype: float64}
# meta: !!omap
# - {MODE: DETECTOR}
# - {TYPE: transmission_filter}
# - {CALIBDATE: '1970-01-01T00:00:00'}
# - {INSTRUME: ComCam}
# - {OBSTYPE: transmission_filter}
# - {CALIBCLS: lsst.ip.isr.IntermediateFilterTransmissionCurve}
# - {SOURCE: 'https://github.com/lsst/throughputs'}
# - {FILTER: z_03}
# - {VERSION: 1.9}
# - {CALIB_ID: 'calibDate=1970-01-01T00:00:00 filter=z_03'}
# - {DATE: '2024-08-19T19:49:53.649586'}
# - {CALIB_CREATION_DATE: '2024-08-19'}
# - {CALIB_CREATION_TIME: '19:49:53'}
# - __serialized_columns__:
#     efficiency:
#       __class__: astropy.units.quantity.Quantity
#       unit: !astropy.units.Unit {unit: '%'}
#       value: !astropy.table.SerializedColumn {name: efficiency}
#     wavelength:
#       __class__: astropy.units.quantity.Quantity
#       unit: !astropy.units.Unit {unit: nm}
#       value: !astropy.table.SerializedColumn {name: wavelength}
# schema: astropy-2.0
wavelength efficiency
796.0000000001128 0.101809935605587
798.1000000001133 0.26500236636874647
799.0000000001135 0.4082281884016622
800.0000000001137 0.659293466512009
801.300000000114 1.4131812129621744
802.0000000001141 1.9521808040842323
802.6000000001143 2.5855769859476485
803.2000000001144 3.3534018207178757
804.0000000001146 4.735644674551523
805.0000000001148 6.71945574981305
806.000000000115 9.079864742194056
806.6000000001152 10.723255023040053
808.4000000001156 15.556953538258316
808.9000000001157 16.9491796964272
809.6000000001159 19.003862348194573
809.9000000001159 19.89198105825119
811.2000000001162 23.49397704191428
811.5000000001163 24.393364036105172
812.5000000001165 27.45013321903493
814.0000000001169 32.2747380313805
814.1000000001169 32.68741422664888
815.0000000001171 36.40149998413453
815.4000000001172 38.292199448348555
816.0000000001173 41.128248644765605
816.2000000001174 42.2372850306126
817.9000000001178 51.715691190302024
818.6000000001179 55.63626331224789
818.900000000118 57.31642378342679
820.2000000001183 65.57133151322965
821.0000000001185 70.512770639786
821.3000000001185 72.07224185721095
821.8000000001186 74.67136055291921
822.3000000001188 77.09937924999461
823.300000000119 81.64929492526878
824.3000000001192 85.93569090315573
825.0000000001194 88.80297499217723
825.1000000001194 89.07608261553688
826.0000000001196 91.5340512257386
827.0000000001198 93.97155900423542
828.00000000012 96.2212620469998
829.0000000001203 96.94085071799807
829.5000000001204 97.16522795470688
829.9000000001205 97.34472974407392
830.6000000001206 97.50228803272695
830.8000000001207 97.53984897984121
831.0000000001207 97.5774099268811
832.000000000121 97.14941281916545
832.100000000121 97.26486330924293
832.200000000121 97.3803137993204
832.400000000121 97.61121477947535
833.0000000001212 98.30391771967058
833.4000000001213 97.87572292256814
833.7000000001213 97.55457682474133
833.9000000001214 97.34047942619013
834.0000000001214 97.23343072713102
835.0000000001216 97.94610027622403
835.1000000001217 97.9343377691014
835.6000000001218 97.87552523348832
836.500000000122 97.86801304408944
836.800000000122 97.89173574753
836.9000000001221 97.89964331534352
838.1000000001223 97.31912899323771
838.3000000001224 97.34225862909227
838.7000000001225 97.3885179008014
839.4000000001226 97.60152800881872
839.8000000001227 97.77984366301371
840.900000000123 98.31469178100714
841.8000000001232 98.2060615680836
842.0000000001232 98.16652372909063
843.0000000001235 98.57475191722703
843.1000000001235 98.42371737198869
843.2000000001235 98.27268282675034
843.4000000001236 97.97061373627365
843.5000000001236 97.81957919103532
843.7000000001236 97.51751010055862
843.9000000001237 97.21544101008195
844.0000000001237 97.06440646510451
844.7000000001239 97.48370524841671
844.9000000001239 97.60350490079162
845.0000000001239 97.66340472689346
847.0000000001244 97.44990039607544
847.1000000001244 97.5590248319021
847.3000000001244 97.7772737035554
847.7000000001245 98.21377144686203
847.8000000001246 98.32289588268867
847.9000000001246 98.43202031851533
848.0000000001246 98.54114475405233
849.0000000001248 97.30756417525174
849.2000000001249 97.23619837573467
849.4000000001249 97.16483257621759
850.000000000125 96.95073517781522
850.3000000001251 97.20071316532031
850.8000000001252 97.61734314449544
850.9000000001253 97.70066914033045
852.0000000001255 97.89865486927508
852.4000000001256 97.63691437464736
852.8000000001257 97.37517388001964
852.9000000001257 97.30973875636273
853.0000000001257 97.2443036329187
853.9000000001259 98.17927468227047
854.100000000126 98.19459559466675
854.300000000126 98.01746607564378
854.5000000001261 97.84033655662078
854.6000000001261 97.75177179710931
855.0000000001262 97.39751275922974
855.7000000001264 97.70057029568312
856.0000000001264 97.83045209691319
856.8000000001266 97.49912500552647
857.3000000001267 97.4498015513562
857.7000000001268 97.49447930950262
857.9000000001269 97.51681818857581
859.0000000001271 98.31380217950138
859.1000000001271 98.26200761032278
859.2000000001271 98.21021304114417
859.4000000001272 98.106623902787
859.7000000001273 97.95124019525122
860.0000000001273 97.79585648773872
860.3000000001274 97.69533153190928
860.7000000001275 97.56129825747001
860.9000000001275 97.49428162025038
861.0000000001276 97.46077330174055
862.0000000001278 97.90952777501641
862.1000000001278 97.84349958377348
862.3000000001279 97.7114432012876
863.000000000128 97.24924586281135
863.2000000001281 97.46769242366
863.4000000001281 97.68613898450866
863.6000000001281 97.9045855453573
863.7000000001282 98.01380882578162
863.9000000001282 98.23225538663027
864.0000000001282 98.34147866689274
865.4000000001286 98.12876509271702
866.2000000001287 98.08902956448343
867.100000000129 98.2011193382436
867.7000000001291 98.29007947614578
867.9000000001291 98.31973285544649
868.0000000001291 98.33455954500073
870.0000000001296 97.11877099382947
870.1000000001296 97.181339624154
870.3000000001297 97.30647688480305
870.7000000001298 97.55675140610114
871.2000000001299 97.84092962438112
872.0000000001301 98.22681893360688
872.6000000001302 98.17344285086557
874.1000000001305 98.18233886461447
874.2000000001306 98.14181257957016
874.5000000001306 98.02023372443719
875.3000000001308 97.84992448272045
876.000000000131 97.92534291081381
877.0000000001312 98.58167103915515
877.6000000001313 98.14635943102056
877.9000000001314 97.92870362695326
878.2000000001315 97.880862841793
879.0000000001316 97.97970743937033
879.5000000001318 97.69305810613004
879.9000000001319 97.4637386395378
880.0000000001319 97.40640877313675
881.0000000001321 98.70621523217075
881.2000000001321 98.4903386308615
881.5000000001322 98.1665237288976
881.7000000001323 97.95064712758835
881.9000000001323 97.73477052627909
882.0000000001323 97.626832225797
883.0000000001326 97.85120946251628
884.0000000001328 98.15466237724338
884.1000000001328 98.09693713220464
884.3000000001329 97.98148664212717
884.6000000001329 97.80831090701095
884.700000000133 97.75058566197221
884.800000000133 97.69286041693347
885.000000000133 97.57740992691753
886.0000000001332 97.4627501936588
887.0000000001335 97.62880911777835
887.4000000001336 97.80158947450388
887.5000000001336 97.84478456368527
887.9000000001337 98.0175649204108
888.6000000001338 98.23749415020612
888.9000000001339 98.32586122052227
889.0000000001339 98.35531691041545
890.0000000001342 97.06539491115468
890.1000000001342 97.17540894836037
890.4000000001342 97.5054510599774
890.6000000001343 97.72547913438875
891.0000000001344 98.16553528300824
892.2000000001347 97.74524805376937
893.4000000001349 97.63216983401423
893.800000000135 97.55151264231627
893.900000000135 97.53134834439177
894.0000000001351 97.51118404659171
895.0000000001353 98.23077271745433
895.1000000001353 98.17838508068972
895.2000000001353 98.1259974439251
895.6000000001354 97.91644689686669
895.9000000001355 97.75928398657285
897.1000000001358 97.91664458611041
897.5000000001359 97.85022101647681
898.000000000136 97.76719155443907
898.9000000001362 97.64620576689214
900.0000000001364 97.55961789936153
901.2000000001367 97.669730781185
901.8000000001368 97.79842644735012
902.0000000001369 97.8413250026465
902.500000000137 97.61249975904259
903.0000000001371 97.38367451541485
904.0000000001373 96.7520575364543
904.1000000001374 96.79436302425667
904.2000000001374 96.83666851205903
904.4000000001374 96.92127948766377
905.0000000001376 97.17511241436088
905.3000000001376 97.04671328198876
905.7000000001377 96.87551443882592
905.9000000001378 96.7899150172445
906.0000000001378 96.74711530663153
907.000000000138 97.60904019804228
907.100000000138 97.50426492451307
907.3000000001381 97.29471437745462
907.5000000001381 97.08516383039618
908.0000000001382 96.56128746282157
909.2000000001385 95.87589902255068
910.0000000001387 95.25752721941039
911.0000000001389 93.6008917624188
912.0000000001392 91.5271321033577
912.4000000001392 90.80121737807603
912.7000000001393 90.25678133411479
912.9000000001394 89.89382397147395
913.0000000001394 89.712345290021
914.1000000001396 86.71290597381274
914.6000000001397 85.54406860637597
915.2000000001399 84.20571275398163
915.90000000014 82.7942118992673
916.7000000001402 81.40317187631486
916.9000000001403 81.06334414952859
917.0000000001403 80.89343028597015
918.0000000001405 78.01606404800528
918.2000000001406 77.69936595707357
918.5000000001406 77.224318820676
919.0000000001407 76.4325735930646
919.5000000001409 74.63854414537094
920.200000000141 71.97033307578164
920.8000000001412 69.3477882104258
921.3000000001413 67.10421353250585
921.4000000001413 66.64774918047007
922.0000000001414 63.90896306814889
922.7000000001416 60.18647551993161
923.0000000001417 58.591123713601235
923.6000000001418 55.60562148560457
923.8000000001418 54.610454076272354
925.3000000001422 47.55344402571342
926.0000000001423 44.191442725097616
926.1000000001424 43.64255867424126
926.3000000001424 42.544790572528534
927.0000000001426 38.70260221668297
927.6000000001427 36.03617034996208
927.8000000001427 35.14735972772177
928.0000000001428 34.25854910540963
928.800000000143 30.300811414739975
929.000000000143 29.311376992100545
929.7000000001432 25.985355125133925
931.1000000001435 19.424544954788654
931.2000000001435 18.907192330588728
931.3000000001435 18.389839706388802
931.4000000001436 17.872487082188876
932.0000000001437 14.768371337103808
932.4000000001438 13.017635823189194
933.100000000144 10.053088650041209
934.0000000001442 7.00709352838948
935.0000000001444 4.444053110929189
935.6000000001445 3.3166316299157477
936.0000000001446 2.5650173093646207
936.8000000001448 1.7505378245714636
937.800000000145 1.0242277209519461
938.3000000001451 0.7829480580830359
939.0000000001453 0.5248648135939329
940.0000000001455 0.3271756182642744
941.0000000001457 0.18780473556341562
942.8000000001462 0.09884459766254898
