lsstCam/transmission_filter_detector/r22_s02/y_10/19700101T000000.ecsv
# %ECSV 1.0
# ---
# datatype:
# - {name: wavelength, unit: nm, datatype: float32}
# - {name: efficiency, unit: '%', datatype: float64}
# meta: !!omap
# - {MODE: DETECTOR}
# - {TYPE: transmission_filter_detector}
# - {CALIBDATE: '1970-01-01T00:00:00'}
# - {INSTRUME: LSSTCam}
# - {OBSTYPE: transmission_filter_detector}
# - {CALIBCLS: lsst.ip.isr.IntermediateFilterDetectorTransmissionCurve}
# - {SOURCE: Materion (DM-46256)}
# - {DETECTOR: 92}
# - {FILTER: y_10}
# - {CALIB_ID: 'calibDate=1970-01-01T00:00:00 filter=y_10 detector=92'}
# - {DATE: '2025-04-02T15:59:51.169451'}
# - {CALIB_CREATION_DATE: '2025-04-02'}
# - {CALIB_CREATION_TIME: '15:59:51'}
# - __serialized_columns__:
#     efficiency:
#       __class__: astropy.units.quantity.Quantity
#       unit: !astropy.units.Unit {unit: '%'}
#       value: !astropy.table.SerializedColumn {name: efficiency}
#     wavelength:
#       __class__: astropy.units.quantity.Quantity
#       unit: !astropy.units.Unit {unit: nm}
#       value: !astropy.table.SerializedColumn {name: wavelength}
# schema: astropy-2.0
wavelength efficiency
300.0 0.4820751491934061
301.0 0.25959566701203585
302.0 0.037116152816452086
303.0 0.03567974199540913
304.0 0.03424333408474922
305.0 0.022716833336744457
306.0 0.011190328223165125
307.0 0.017512968042865396
308.0 0.023835606407374144
309.0 0.01742597232805565
310.0 0.011016336065949872
311.0 0.0087427266407758
312.0 0.006469115032814443
313.0 0.005752671859227121
314.0 0.005036227958044037
315.0 0.004892176002613269
316.0 0.004748126593767665
317.0 0.005731571582145989
318.0 0.006715013296343386
319.0 0.0032657153496984392
320.0 1.5800284258044028e-10
321.0 0.0020525516447378322
322.0 0.004288687341613695
323.0 0.003450747681199573
324.0 0.0026128083845833316
325.0 0.0004868417363468325
326.0 1.5800284258044028e-10
327.0 1.5800284258044028e-10
328.0 0.0015675415852456354
329.0 0.003205809844075702
330.0 0.004844078284804709
331.0 0.003996365921921097
332.0 0.0031486535590374842
333.0 0.0023169863197836094
334.0 0.001485318261984503
335.0 0.0019949015040765516
336.0 0.0025044852009159513
337.0 0.0030184886782080866
338.0 0.003532491609803401
339.0 0.00176147987076547
340.0 1.5800284258044028e-10
341.0 1.5800284258044028e-10
342.0 1.5800284258044028e-10
343.0 0.00031274059892894
344.0 0.0010037191714218352
345.0 0.0013175373169360682
346.0 0.0016313559171976522
347.0 0.0016801079254946671
348.0 0.0017288595699938014
349.0 0.001475714088883251
350.0 0.0012225681530253496
351.0 0.0014770588677492924
352.0 0.0017315491277258843
353.0 0.0015354549759649672
354.0 0.0013393609151535202
355.0 0.0013444364412862342
356.0 0.0013495119674189482
357.0 0.00102139410955715
358.0 0.0006932760697964113
359.0 0.0008375508514291141
360.0 0.000981825633061817
361.0 0.0012325696843618061
362.0 0.001483313553762855
363.0 0.0013226802366261836
364.0 0.0011620464647421613
365.0 0.001452895321563119
366.0 0.0017437449059798382
367.0 0.002006739850912709
368.0 0.0022697349777445197
369.0 0.0020222279999870807
370.0 0.0017747210222296417
371.0 0.0017177368135889992
372.0 0.001660752241150476
373.0 0.002172299900848884
374.0 0.0026838477424462326
375.0 0.0035143038985552266
376.0 0.004344760236563161
377.0 0.004194933717371896
378.0 0.00404510683438275
379.0 0.0034643027902347967
380.0 0.002883498564187903
381.0 0.0019235367290093563
382.0 0.0009635747119318694
383.0 0.0010600775567581877
384.0 0.0011565800377866253
385.0 0.0009270233931601979
386.0 0.0006974667940085055
387.0 0.0007242916581162717
388.0 0.0007511165222240379
389.0 0.0006436385319830151
390.0 0.0005361605872167274
391.0 0.0005033372872276232
392.0 0.000470514032713254
393.0 0.0005794231583422516
394.0 0.0006883324658701895
395.0 0.000672908163323882
396.0 0.0006574839517270448
397.0 0.0008748917025513947
398.0 0.0010922994079010095
399.0 0.0012598138710018247
400.0 0.00142732842505211
401.0 0.0016300991774187423
402.0 0.001832870111684315
403.0 0.0019038721802644432
404.0 0.0019748744307435118
405.0 0.0018656744941836223
406.0 0.001756475103320554
407.0 0.0014601882867282256
408.0 0.0011639015610853676
409.0 0.0009153389328275807
410.0 0.0006667760771961184
411.0 0.0003250359441153705
412.0 1.5800284258044028e-10
413.0 0.0004188517323200358
414.0 0.0008544073352823034
415.0 0.0016712501746951602
416.0 0.0024880931960069574
417.0 0.001237492779182503
418.0 1.5800284258044028e-10
419.0 1.5800284258044028e-10
420.0 1.5800284258044028e-10
421.0 1.5800284258044028e-10
422.0 0.0008108689144137315
423.0 0.0009141084774455521
424.0 0.0010173477676289622
425.0 0.00035659968489198945
426.0 1.5800284258044028e-10
427.0 4.6087697569419106e-05
428.0 0.00039632404877920635
429.0 1.5800284258044028e-10
430.0 1.5800284258044028e-10
431.0 0.00033172411804116564
432.0 0.0013430439139483497
433.0 0.0008637330211058725
434.0 0.0003844227649096865
435.0 1.5800284258044028e-10
436.0 1.5800284258044028e-10
437.0 1.5800284258044028e-10
438.0 0.00016542654748263885
439.0 1.5800284258044028e-10
440.0 1.5800284258044028e-10
441.0 1.5800284258044028e-10
442.0 1.5800284258044028e-10
443.0 1.5800284258044028e-10
444.0 1.5800284258044028e-10
445.0 7.036062470433535e-05
446.0 0.0002455622734487406
447.0 0.000593394179304596
448.0 0.0009412258805241436
449.0 0.0007971419108798727
450.0 0.0006530577593366615
451.0 0.00033290066312474664
452.0 1.2743693389438704e-05
453.0 1.5800284258044028e-10
454.0 1.5800284258044028e-10
455.0 1.5800284258044028e-10
456.0 1.5800284258044028e-10
457.0 1.5800284258044028e-10
458.0 1.5800284258044028e-10
459.0 1.5800284258044028e-10
460.0 9.132626246355358e-05
461.0 0.00019953758965129964
462.0 0.00030774890547036193
463.0 0.0003686971467686817
464.0 0.0004296453880670015
465.0 0.000566892049391754
466.0 0.0007041387561912416
467.0 0.001139648156822659
468.0 0.0015751573300804012
469.0 0.0017223996110260487
470.0 0.0018696415281738155
471.0 0.0018846772945835255
472.0 0.0018997126971953548
473.0 0.002308942021045368
474.0 0.002718171162996441
475.0 0.0027938702260144055
476.0 0.002869568925234489
477.0 0.0032838644983712584
478.0 0.0036981604353059083
479.0 0.004289985008654185
480.0 0.004881809582002461
481.0 0.00474816479254514
482.0 0.004614520003087819
483.0 0.0041842860809993
484.0 0.003754052158910781
485.0 0.003835920142591931
486.0 0.0039177877624752
487.0 0.003259935328969732
488.0 0.002602082349767443
489.0 0.002397168645984493
490.0 0.002192255124100484
491.0 0.0018082762835547328
492.0 0.0014242972611100413
493.0 0.001136988794314675
494.0 0.0008496806913171895
495.0 0.0011639721378742252
496.0 0.0014782637663302012
497.0 0.001851398883445654
498.0 0.0022245341824600473
499.0 0.00240787321672542
500.0 0.0025912124328897335
501.0 0.002728401159401983
502.0 0.0028655898859142326
503.0 0.00281057546089869
504.0 0.002755560853984207
505.0 0.0031018622394185513
506.0 0.0034481636248528957
507.0 0.0026078134396811947
508.0 0.0017674625269137323
509.0 0.0020343637515907176
510.0 0.002301264430570882
511.0 0.002244250208605081
512.0 0.00218723598663928
513.0 0.0020090717953280546
514.0 0.0018309077859157696
515.0 0.001426757899025688
516.0 0.001022607921186136
517.0 0.0011707172234309837
518.0 0.001318826343776891
519.0 0.0014978143553889822
520.0 0.0016768022760516033
521.0 0.0017372922229696997
522.0 0.0017977819879888557
523.0 0.0017742824638844468
524.0 0.0017507825759821571
525.0 0.0022088290279498324
526.0 0.0026668758437153883
527.0 0.002494445834599901
528.0 0.002322016007383354
529.0 0.002468705497449264
530.0 0.0026153948056162335
531.0 0.0025191897293552756
532.0 0.002422984289296437
533.0 0.002517631946830079
534.0 0.0026122790586669
535.0 0.0023725699065835215
536.0 0.002132860208803322
537.0 0.0024678787667653523
538.0 0.0028028973247273825
539.0 0.003392747021280229
540.0 0.003982596172136255
541.0 0.004225559314363636
542.0 0.0044685224565910175
543.0 0.004688835906563327
544.0 0.0049091486289398745
545.0 0.004945029286318459
546.0 0.004980909579899162
547.0 0.0040986986277857795
548.0 0.0032164873118745163
549.0 0.0028995422326261178
550.0 0.0025825967895798385
551.0 0.00259777189057786
552.0 0.002612946991575882
553.0 0.0031186980777420104
554.0 0.0036244480725144967
555.0 0.003829516572295688
556.0 0.004034585799672641
557.0 0.003857550836983137
558.0 0.0036805162380915135
559.0 0.003398411354282871
560.0 0.0031163061066763476
561.0 0.003242394086555578
562.0 0.003368482066434808
563.0 0.0033496755349915475
564.0 0.003330869003548287
565.0 0.004019970947410911
566.0 0.0047090732550714165
567.0 0.004896537575405091
568.0 0.005084001531940885
569.0 0.005595863331109285
570.0 0.0061077254940755665
571.0 0.006049897274351679
572.0 0.005992069054627791
573.0 0.00614261080045253
574.0 0.006293153273873031
575.0 0.006188760016812012
576.0 0.006084366759750992
577.0 0.005521663842955604
578.0 0.004958961289958097
579.0 0.005804084867122583
580.0 0.00664920880808495
581.0 0.007466080569429323
582.0 0.008282951603177935
583.0 0.009422437869943678
584.0 0.010561921953922138
585.0 0.010931977158179507
586.0 0.011302033090032637
587.0 0.01080686051864177
588.0 0.010311685764463618
589.0 0.01007568062050268
590.0 0.009839678386924788
591.0 0.00912793620955199
592.0 0.008416194759774953
593.0 0.00708861552993767
594.0 0.00576103848288767
595.0 0.005660141323460266
596.0 0.005559244527830742
597.0 0.006188203406054527
598.0 0.00681716192048043
599.0 0.00795786763774231
600.0 0.009098571899812669
601.0 0.00990539338090457
602.0 0.010712211951613426
603.0 0.011134741362184286
604.0 0.01155727295554243
605.0 0.01114083788706921
606.0 0.010724403546191752
607.0 0.009178031177725643
608.0 0.0076316617196425796
609.0 0.00604530141572468
610.0 0.0044589418394025415
611.0 0.0036998026189394295
612.0 0.002940663580375258
613.0 0.0035455355828162283
614.0 0.004150407039560378
615.0 0.005150248034624383
616.0 0.0061500897572841495
617.0 0.007729973003733903
618.0 0.009309855522587895
619.0 0.010361185559304431
620.0 0.01141251705121249
621.0 0.011800864740507677
622.0 0.012189211702207103
623.0 0.011835034092655405
624.0 0.0114808528451249
625.0 0.00988813117146492
626.0 0.008295408770209178
627.0 0.00669920991640538
628.0 0.005103009243612178
629.0 0.0042138453864026815
630.0 0.003324681892991066
631.0 0.0029053588150418364
632.0 0.0024860355551936664
633.0 0.0026345282094553113
634.0 0.0027830210456158966
635.0 0.0031702813430456445
636.0 0.0035575416404753923
637.0 0.004340448504080996
638.0 0.0051233553676865995
639.0 0.0050693452067207545
640.0 0.005015334681957029
641.0 0.005365726246964186
642.0 0.005716117811971344
643.0 0.005318619878380559
644.0 0.004921121580991894
645.0 0.004545973934000358
646.0 0.0041708255594130605
647.0 0.003366360397194512
648.0 0.0025618950530770235
649.0 0.002044368920905981
650.0 0.0015268424249370582
651.0 0.0016498011973453686
652.0 0.0017727603335515596
653.0 0.0016658808817737736
654.0 0.0015590012480970472
655.0 0.001615469591342844
656.0 0.001671937934588641
657.0 0.0015542886103503406
658.0 0.0014366395589604508
659.0 0.0017425729311071336
660.0 0.0020485062123043463
661.0 0.0017988131730817258
662.0 0.0015491201338591054
663.0 0.002226839933427982
664.0 0.002904559914895799
665.0 0.0035223074519308284
666.0 0.004140054443269037
667.0 0.005049135870649479
668.0 0.005958215842838399
669.0 0.006488698272733018
670.0 0.007019176700850949
671.0 0.007467579416697845
672.0 0.007915983587736264
673.0 0.008026357681956142
674.0 0.00813673177617602
675.0 0.007319074939005077
676.0 0.006501418829429895
677.0 0.0052661482186522335
678.0 0.004030876880278811
679.0 0.0026749647076940164
680.0 0.001319053080806043
681.0 0.0005868675998499384
682.0 1.5800284258044028e-10
683.0 0.00018145420881410246
684.0 0.0005082264578959439
685.0 0.0002755366494966438
686.0 4.284680983346334e-05
687.0 0.00014744936152055743
688.0 0.00025205192741850624
689.0 0.00026449322376720374
690.0 0.0002769345883280039
691.0 0.0002753921990006347
692.0 0.00027384985514800064
693.0 0.00027843143470818177
694.0 0.0002830130142683629
695.0 0.0003733161065611057
696.0 0.0004636191988538485
697.0 0.0004517146862781374
698.0 0.00043981012822769117
699.0 0.00034623337796801934
700.0 0.0002526563775973045
701.0 0.00025848642053460935
702.0 0.0002643165771587519
703.0 0.0003232951030440745
704.0 0.0003822736744041322
705.0 0.0004381701273814542
706.0 0.0004940664894093061
707.0 0.0002105882003888837
708.0 1.5800284258044028e-10
709.0 5.976133934382233e-05
710.0 0.00019241283553128596
711.0 0.0004005619757663226
712.0 0.0006087111614760943
713.0 0.00036220496895111864
714.0 0.00011569877642614301
715.0 0.0002620756276883185
716.0 0.0004084524334757589
717.0 0.00028230338102730457
718.0 0.00015615431721016648
719.0 0.0003045069888685248
720.0 0.00045285951273399405
721.0 0.00040342515603697393
722.0 0.00035399077660258627
723.0 0.00025657702735770727
724.0 0.00015916325537546072
725.0 0.00031180502446659375
726.0 0.0004644470209314022
727.0 0.00032928664950304665
728.0 0.00019412671008467441
729.0 0.0003347809979459271
730.0 0.00047543553591822274
731.0 0.0006978159035497811
732.0 0.0009201965440297499
733.0 0.0003643893705884693
734.0 1.5800284258044028e-10
735.0 1.5800284258044028e-10
736.0 1.5800284258044028e-10
737.0 0.00030492101359413937
738.0 0.0008328654075739905
739.0 0.0005956015229457989
740.0 0.0003583374109439319
741.0 0.0001707921683191671
742.0 1.5800284258044028e-10
743.0 1.5800284258044028e-10
744.0 1.283278550090472e-05
745.0 0.00031275251330953324
746.0 0.000612672329225461
747.0 0.00025233632641175063
748.0 1.5800284258044028e-10
749.0 1.5800284258044028e-10
750.0 1.5800284258044028e-10
751.0 1.5800284258044028e-10
752.0 0.00018608861864777282
753.0 0.0003250746203775634
754.0 0.0004640605311578838
755.0 1.5800284258044028e-10
756.0 1.5800284258044028e-10
757.0 1.5800284258044028e-10
758.0 1.5800284258044028e-10
759.0 0.00020287172901589656
760.0 0.0007764536348986439
761.0 0.0005165397396922344
762.0 0.0002566257762737223
763.0 5.101346118863148e-05
764.0 1.5800284258044028e-10
765.0 0.00015167986475717044
766.0 0.0004579584583552787
767.0 1.5800284258044028e-10
768.0 1.5800284258044028e-10
769.0 1.5800284258044028e-10
770.0 1.5800284258044028e-10
771.0 1.5800284258044028e-10
772.0 1.5800284258044028e-10
773.0 0.0002206265889981296
774.0 0.000765589538787026
775.0 0.0005249946752883261
776.0 0.0002843995389412157
777.0 0.00034378426789771765
778.0 0.0004031689968542196
779.0 0.0006092643161537126
780.0 0.0008153596354532056
781.0 0.0007474116046068957
782.0 0.0006794633009121753
783.0 0.0005534808224183507
784.0 0.0004274983439245261
785.0 0.0003392682401681668
786.0 0.00025103786356339697
787.0 0.0005519636943063233
788.0 0.0008528893886250444
789.0 0.0007719130735495128
790.0 0.0006909367584739812
791.0 0.0005554955805564532
792.0 0.0004200542207399849
793.0 0.0005984371910017217
794.0 0.0007768198884150479
795.0 0.0008957645150076132
796.0 0.0010147089597012382
797.0 0.0006040895641490351
798.0 0.00019347021407156717
799.0 0.0005680967660737224
800.0 0.0009427232726011425
801.0 0.0005418402452050941
802.0 0.000140957251915097
803.0 0.00031175286494544707
804.0 0.00048254851208184846
805.0 0.0007713409104326274
806.0 0.001060133126884466
807.0 0.0007354195531661389
808.0 0.00041070593397307675
809.0 0.0001586767552907986
810.0 1.5800284258044028e-10
811.0 0.0002403739472356392
812.0 0.0005741002496506553
813.0 0.0008685890861670487
814.0 0.001163077922683442
815.0 0.001155037261924008
816.0 0.0011469960554677527
817.0 0.0009599550139682833
818.0 0.0007729140634182841
819.0 0.0008837893801683094
820.0 0.0009946646059688646
821.0 0.0008479975804220885
822.0 0.0007013305548753124
823.0 0.0005933825377724133
824.0 0.00048543470256845467
825.0 0.0005413857252278831
826.0 0.0005973368388367817
827.0 0.0006962077804928413
828.0 0.000795078813098371
829.0 0.00041075327317230403
830.0 2.6427738930578926e-05
831.0 6.944931101315888e-05
832.0 0.00011247104794165352
833.0 0.00024384046355407918
834.0 0.00037520974274229957
835.0 2.3325449660660524e-05
836.0 1.5800284258044028e-10
837.0 1.7805747631882696e-05
838.0 0.0003641704552137526
839.0 0.0006654538083239459
840.0 0.0009667372069088742
841.0 0.0011449116755102295
842.0 0.0013230861441115849
843.0 0.0009954390407074243
844.0 0.0006677916644548532
845.0 0.0006423310878744815
846.0 0.0006168705112941097
847.0 0.0009509809387964197
848.0 0.0012850912753492594
849.0 0.0010120465049112681
850.0 0.000739001279725926
851.0 0.000999147778202314
852.0 0.0012592941857292317
853.0 0.0005740213055105414
854.0 1.5800284258044028e-10
855.0 1.5800284258044028e-10
856.0 1.5800284258044028e-10
857.0 0.0003954233761760406
858.0 0.0012705993867712095
859.0 0.0010682969332265202
860.0 0.0008659941158839501
861.0 0.0012889040590380318
862.0 0.001711814184091054
863.0 0.0018386655938229524
864.0 0.001965517003554851
865.0 0.0019664299543364905
866.0 0.0019673430870170705
867.0 0.00267495124717243
868.0 0.00338255958922673
869.0 0.0030738006898900494
870.0 0.002765041972452309
871.0 0.003188585105817765
872.0 0.0036121284210821614
873.0 0.00282252294709906
874.0 0.002032917836913839
875.0 0.0026264511689078063
