lsstCam/transmission_filter_detector/r22_s02/y_10/19700101T000000.ecsv
# %ECSV 1.0
# ---
# datatype:
# - {name: wavelength, unit: nm, datatype: float32}
# - {name: efficiency, unit: '%', datatype: float64}
# meta: !!omap
# - {MODE: DETECTOR}
# - {TYPE: transmission_filter_detector}
# - {CALIBDATE: '1970-01-01T00:00:00'}
# - {INSTRUME: LSSTCam}
# - {OBSTYPE: transmission_filter_detector}
# - {CALIBCLS: lsst.ip.isr.IntermediateFilterDetectorTransmissionCurve}
# - {SOURCE: Materion (DM-46256)}
# - {DETECTOR: 92}
# - {FILTER: y_10}
# - {CALIB_ID: 'calibDate=1970-01-01T00:00:00 filter=y_10 detector=92'}
# - {DATE: '2025-04-02T15:59:51.169451'}
# - {CALIB_CREATION_DATE: '2025-04-02'}
# - {CALIB_CREATION_TIME: '15:59:51'}
# - __serialized_columns__:
#     efficiency:
#       __class__: astropy.units.quantity.Quantity
#       unit: !astropy.units.Unit {unit: '%'}
#       value: !astropy.table.SerializedColumn {name: efficiency}
#     wavelength:
#       __class__: astropy.units.quantity.Quantity
#       unit: !astropy.units.Unit {unit: nm}
#       value: !astropy.table.SerializedColumn {name: wavelength}
# schema: astropy-2.0
wavelength efficiency
[from data line 577]
877.0 0.0021585015929304063
878.0 0.0010970189578074496
879.0 0.0018188304238719866
880.0 0.05296987947076559
881.0 0.09341581608168781
882.0 0.060214195400476456
883.0 0.11417546775192022
884.0 0.07968193385750055
885.0 0.10064342059195042
886.0 0.06221362855285406
887.0 0.11080317199230194
888.0 0.06689928122796118
889.0 0.11790726566687226
890.0 0.07090895087458193
891.0 0.09644371457397938
892.0 0.07633729255758226
893.0 0.11444691335782409
894.0 0.085965427570045
895.0 0.11531382333487272
896.0 0.08787763072177768
897.0 0.1154718454927206
898.0 0.09768776362761855
899.0 0.14203174505382776
900.0 0.11056135408580303
901.0 0.16719612758606672
902.0 0.17057323129847646
903.0 0.20829925779253244
904.0 0.255014281719923
905.0 0.3205075627192855
906.0 0.3943969029933214
907.0 0.515801040455699
908.0 0.690186582505703
909.0 0.951614324003458
910.0 1.3921130448579788
911.0 1.9932715222239494
912.0 2.890697866678238
913.0 4.20060008764267
914.0 5.7383522391319275
915.0 7.847652584314346
916.0 10.33291220664978
917.0 12.96488642692566
918.0 15.866461396217346
919.0 18.60651671886444
920.0 22.33358919620514
921.0 26.321828365325928
922.0 30.37777543067932
923.0 35.16870737075806
924.0 40.343475341796875
925.0 45.97702622413635
926.0 52.571338415145874
927.0 59.505218267440796
928.0 65.4518187046051
929.0 71.67297601699829
930.0 77.01799273490906
931.0 82.13735818862915
932.0 86.6776168346405
933.0 90.33351540565491
934.0 92.92594790458679
935.0 94.64665055274963
936.0 95.91665267944336
937.0 96.79425358772278
938.0 97.25416898727417
939.0 97.52431511878967
940.0 97.7528989315033
941.0 97.83462882041931
942.0 98.00772070884705
943.0 98.03139567375183
944.0 98.2298731803894
945.0 98.13503623008728
946.0 98.14139008522034
947.0 98.13306331634521
948.0 98.25167059898376
949.0 98.20492267608643
950.0 98.37197661399841
951.0 98.42715263366699
952.0 98.47719669342041
953.0 98.6417829990387
954.0 98.73807430267334
955.0 98.7567663192749
956.0 98.929363489151
957.0 99.07476305961609
958.0 99.1935670375824
959.0 99.19223189353943
960.0 99.28946495056152
961.0 99.28957223892212
962.0 99.36012029647827
963.0 99.3782103061676
964.0 99.39102530479431
965.0 99.4051992893219
966.0 99.49623346328735
967.0 99.57128167152405
968.0 99.53449964523315
969.0 99.55649375915527
970.0 99.61158633232117
971.0 99.59014654159546
972.0 99.67603087425232
973.0 99.76566433906555
974.0 99.74206686019897
975.0 99.65617060661316
976.0 99.74038004875183
977.0 99.68388676643372
978.0 99.7289776802063
979.0 99.67185258865356
980.0 99.63323473930359
981.0 99.54051375389099
982.0 99.45582151412964
983.0 99.49116706848145
984.0 99.4450330734253
985.0 99.4975209236145
986.0 99.37424659729004
987.0 99.43965077400208
988.0 99.37306046485901
989.0 99.38507080078125
990.0 99.36110973358154
991.0 99.43186640739441
992.0 99.49930906295776
993.0 99.44393634796143
994.0 99.44307208061218
995.0 99.48542714118958
996.0 99.4813859462738
997.0 99.58034753799438
998.0 99.61089491844177
999.0 99.6684730052948
1000.0 99.66749548912048
1001.0 99.63303208351135
1002.0 99.75350499153137
1003.0 99.74873065948486
1004.0 99.78554844856262
1005.0 99.72268342971802
1006.0 99.81388449668884
1007.0 99.80580806732178
1008.0 99.72939491271973
1009.0 99.71368908882141
1010.0 99.73228573799133
1011.0 99.74204301834106
1012.0 99.65742826461792
1013.0 99.67387318611145
1014.0 99.6512770652771
1015.0 99.61040019989014
1016.0 99.62060451507568
1017.0 99.68920350074768
1018.0 99.6928870677948
1019.0 99.6175765991211
1020.0 99.72705841064453
1021.0 99.85479712486267
1022.0 99.76162910461426
1023.0 99.73493218421936
1024.0 99.76935386657715
1025.0 99.76984858512878
1026.0 99.83255863189697
1027.0 99.91487860679626
1028.0 99.82900619506836
1029.0 99.91639852523804
1030.0 99.97316002845764
1031.0 99.8848021030426
1032.0 99.97353553771973
1033.0 99.91320967674255
1034.0 99.92707371711731
1035.0 99.93814826011658
1036.0 99.87176656723022
1037.0 99.87211227416992
1038.0 99.84361529350281
1039.0 99.68520998954773
1040.0 99.68599081039429
1041.0 99.80292916297913
1042.0 99.7033178806305
1043.0 99.72321391105652
1044.0 99.80215430259705
1045.0 99.57041144371033
1046.0 99.68535900115967
1047.0 99.68859553337097
1048.0 99.76592659950256
1049.0 99.64109063148499
1050.0 99.66000318527222
1051.0 99.71524477005005
1052.0 99.59094524383545
1053.0 99.48315620422363
1054.0 99.74846243858337
1055.0 99.84396696090698
1056.0 99.74268674850464
1057.0 99.7622013092041
1058.0 99.48398470878601
1059.0 99.60524439811707
1060.0 99.74011182785034
1061.0 99.50277805328369
1062.0 99.5035171508789
1063.0 99.59266781806946
1064.0 99.6242880821228
1065.0 99.57188367843628
1066.0 99.64935183525085
1067.0 99.68827962875366
1068.0 99.66409206390381
1069.0 99.40829873085022
1070.0 99.79134798049927
1071.0 99.6015191078186
1072.0 99.61375594139099
1073.0 99.70890879631042
1074.0 99.48095083236694
1075.0 99.43795204162598
1076.0 99.19223189353943
1077.0 99.51266050338745
1078.0 99.7537910938263
1079.0 99.4442880153656
1080.0 100.07143020629883
1081.0 99.25832152366638
1082.0 99.44140911102295
1083.0 99.39213395118713
1084.0 99.71238970756531
1085.0 99.75307583808899
1086.0 99.38088059425354
1087.0 99.4562566280365
1088.0 99.1880476474762
1089.0 99.1003155708313
1090.0 99.19174909591675
1091.0 99.2935299873352
1092.0 99.05831813812256
1093.0 99.19282793998718
1094.0 99.03828501701355
1095.0 98.91223311424255
1096.0 99.09490942955017
1097.0 98.64522814750671
1098.0 98.12877774238586
1099.0 99.03668165206909
1100.0 98.34086298942566
