lsstCam/transmission_sensor/r22_s20/19700101T000000.ecsv
# %ECSV 1.0
# ---
# datatype:
# - {name: amp_name, datatype: string}
# - {name: wavelength, unit: nm, datatype: float32}
# - {name: efficiency, unit: '%', datatype: float64}
# meta: !!omap
# - {MODE: AMP}
# - {TYPE: transmission_sensor}
# - {CALIBDATE: '1970-01-01T00:00:00'}
# - {INSTRUME: LSSTCam}
# - {OBSTYPE: transmission_sensor}
# - {DETECTOR: 96}
# - {PARQUETFILE: qe_raft_allvalues_nircorrected_20230725_adjust.parquet}
# - {CORRFILE: qe_corr_factor_bydetnum.parquet}
# - {CALIBCLS: lsst.ip.isr.IntermediateSensorTransmissionCurve}
# - {CALIB_ID: 'raftName=R22 detectorName=S20 detector=96 calibDate=1970-01-01T00:00:00 ccd=96 ccdnum=96 filter=None'}
# - {DATE: '2025-03-03T21:56:47.915635'}
# - {CALIB_CREATION_DATE: '2025-03-03'}
# - {CALIB_CREATION_TIME: '21:56:47'}
# - __serialized_columns__:
#     efficiency:
#       __class__: astropy.units.quantity.Quantity
#       unit: !astropy.units.Unit {unit: '%'}
#       value: !astropy.table.SerializedColumn {name: efficiency}
#     wavelength:
#       __class__: astropy.units.quantity.Quantity
#       unit: !astropy.units.Unit {unit: nm}
#       value: !astropy.table.SerializedColumn {name: wavelength}
# schema: astropy-2.0
amp_name wavelength efficiency
C00 319.994 40.81492308772252
C00 324.969 46.10725193156259
C00 349.982 71.56507266134625
C00 374.975 79.92466936469744
C00 400.019 86.58472766635924
C00 424.965 86.99368757092802
C00 450.035 87.81140165432966
C00 475.003 89.78347331979442
C00 500.018 91.69202144969402
C00 525.002 93.62783204933719
C00 550.029 95.22584099062043
C00 575.023 96.0721814292
C00 599.982 97.73942850982364
C00 619.997 98.06492472138761
C00 624.979 98.21563025214732
C00 650.012 98.74493209275022
C00 675.004 99.14077126705112
C00 700.03 98.61235328516545
C00 725.012 98.12992643446265
C00 750.022 98.37739925581583
C00 774.987 98.5466201028072
C00 799.976 97.7942734671222
C00 824.988 96.06133130149881
C00 850.022 94.14546847876696
C00 869.967 91.06272928196843
C00 875.002 90.5821920602473
C00 899.999 83.64049522612828
C00 919.999 73.88194827966349
C00 925.012 71.86862479441345
C00 949.965 58.40594787557773
C00 975.002 43.96176489993544
C00 999.976 26.6924818289639
C00 1025.028 11.666735056326543
C00 1050.014 4.156402287602924
C00 1075.002 0.937234961257914
C00 1099.99 0.09299159183594603
C01 319.994 40.776627622956944
C01 324.969 46.06305518596515
C01 349.982 71.60721595932047
C01 374.975 80.11728960928035
C01 400.019 86.71146233914989
C01 424.965 87.06158468324915
C01 450.035 87.8405080362247
C01 475.003 89.78232277956769
C01 500.018 91.67663773633117
C01 525.002 93.60540794412329
C01 550.029 95.19940142382048
C01 575.023 96.04766196926852
C01 599.982 97.72095891042217
C01 619.997 98.05364790327121
C01 624.979 98.2013589816527
C01 650.012 98.73946893154113
C01 675.004 99.14848979188349
C01 700.03 98.64996299747801
C01 725.012 98.23762766694601
C01 750.022 98.56400011775553
C01 774.987 98.81878001246926
C01 799.976 98.09669029890605
C01 824.988 96.3366228140297
C01 850.022 94.42663460397875
C01 869.967 91.28931713139117
C01 875.002 90.77636667705706
C01 899.999 83.7717406261655
C01 919.999 74.0385131841607
C01 925.012 72.01385954449236
C01 949.965 58.397486452254576
C01 975.002 43.88630927168764
C01 999.976 26.579226001611033
C01 1025.028 11.513658917434087
C01 1050.014 4.126298231132124
C01 1075.002 0.939011984537926
C01 1099.99 0.0931679064532711
C02 319.994 40.80546732334248
C02 324.969 46.09353688250209
C02 349.982 71.7194583969372
C02 374.975 80.32180384918739
C02 400.019 86.82445910446495
C02 424.965 87.11080647043292
C02 450.035 87.84712173766054
C02 475.003 89.76716003088414
C02 500.018 91.64264727307625
C02 525.002 93.5612607250919
C02 550.029 95.15420271769446
C02 575.023 96.00288995355771
C02 599.982 97.67275813244623
C02 619.997 98.00710817012593
C02 624.979 98.15796609031965
C02 650.012 98.69762279296322
C02 675.004 99.11451456757197
C02 700.03 98.62166427958319
C02 725.012 98.22928434543421
C02 750.022 98.58429077089335
C02 774.987 98.86118999195298
C02 799.976 98.14739026359968
C02 824.988 96.37002657796369
C02 850.022 94.47466775357728
C02 869.967 91.28712272354149
C02 875.002 90.74533256882185
C02 899.999 83.69881466252218
C02 919.999 74.08663014794794
C02 925.012 72.06234224292119
C02 949.965 58.37446040877635
C02 975.002 43.71879899609297
C02 999.976 26.46137372795498
C02 1025.028 11.414792462387188
C02 1050.014 4.072167599305457
C02 1075.002 0.939205083217821
C02 1099.99 0.09318706552689417
C03 319.994 40.86207618833966
C03 324.969 46.154431700330676
C03 349.982 71.89366237842054
C03 374.975 80.59294274964162
C03 400.019 87.00267092806264
C03 424.965 87.22711770593759
C03 450.035 87.92292024213486
C03 475.003 89.81473601218065
C03 500.018 91.6747709657646
C03 525.002 93.58728122094833
C03 550.029 95.17372380419056
C03 575.023 96.02260152684633
C03 599.982 97.69807763690625
C03 619.997 98.03309818809556
C03 624.979 98.18646291447868
C03 650.012 98.73556776203058
C03 675.004 99.1515147221485
C03 700.03 98.66271799310427
C03 725.012 98.26326718921743
C03 750.022 98.60982362056097
C03 774.987 98.8781890333163
C03 799.976 98.16179106511319
C03 824.988 96.37768414702246
C03 850.022 94.50423130377433
C03 869.967 91.29690612520464
C03 875.002 90.72411234013659
C03 899.999 83.67363992802447
C03 919.999 74.14453051339832
C03 925.012 72.15901809985426
C03 949.965 58.49953784647219
C03 975.002 43.54232822177879
C03 999.976 26.41444159201715
C03 1025.028 11.388854828285496
C03 1050.014 4.060248840698304
C03 1075.002 0.9394484058279646
C03 1099.99 0.09321120777273673
C04 319.994 40.874008281022284
C04 324.969 46.16920585595751
C04 349.982 71.99767578660098
C04 374.975 80.79526258169898
C04 400.019 87.12583968809756
C04 424.965 87.28887352406831
C04 450.035 87.94682252485862
C04 475.003 89.81709042893604
C04 500.018 91.66155880183632
C04 525.002 93.56522285037605
C04 550.029 95.14868622018346
C04 575.023 96.00018504110412
C04 599.982 97.67642309833407
C04 619.997 98.01500956227912
C04 624.979 98.16973817409658
C04 650.012 98.71852300383706
C04 675.004 99.14199038252316
C04 700.03 98.6522336000447
C04 725.012 98.231577806416
C04 750.022 98.55422433556407
C04 774.987 98.79868746559565
C04 799.976 98.07530244184339
C04 824.988 96.29898262383034
C04 850.022 94.40507911853868
C04 869.967 91.26049266994903
C04 875.002 90.69010663793826
C04 899.999 83.61071833072361
C04 919.999 74.1052521367834
C04 925.012 72.12694012399612
C04 949.965 58.62515626665875
C04 975.002 43.51954219165912
C04 999.976 26.38442468325392
C04 1025.028 11.349211669462935
C04 1050.014 4.070009860163336
C04 1075.002 0.9389189181175742
C04 1099.99 0.09315867248854215
C05 319.994 40.871741488191454
C05 324.969 46.16603996546604
C05 349.982 72.11902349289953
C05 374.975 81.07338853770236
C05 400.019 87.27963110489588
C05 424.965 87.35430954703025
C05 450.035 87.95957752048487
C05 475.003 89.79260906636306
C05 500.018 91.61667249405001
C05 525.002 93.50805395420889
C05 550.029 95.0884771548079
C05 575.023 95.93720248802966
C05 599.982 97.6216390968091
C05 619.997 97.96527727049144
C05 624.979 98.12139262615834
C05 650.012 98.67951892820336
C05 675.004 99.10648364439989
C05 700.03 98.61426577256222
C05 725.012 98.18051210708076
C05 750.022 98.47189594384261
C05 774.987 98.68998808231954
C05 799.976 97.95839688754609
C05 824.988 96.19626452583896
C05 850.022 94.26056059879959
C05 869.967 91.18438176713501
C05 875.002 90.63891902705582
C05 899.999 83.54936634459301
C05 919.999 73.97905082701178
C05 925.012 71.97387255700932
C05 949.965 58.67315512863462
C05 975.002 43.51519528305412
C05 999.976 26.393368038162116
C05 1025.028 11.338845378214714
C05 1050.014 4.060910782302265
C05 1075.002 0.938134820283335
C05 1099.99 0.0930808750217648
C06 319.994 40.905838624050176
C06 324.969 46.20407636819381
C06 349.982 72.23378035617735
C06 374.975 81.23457084204995
C06 400.019 87.32245253585141
C06 424.965 87.3275652013623
C06 450.035 87.88982887654058
C06 475.003 89.69720566120394
C06 500.018 91.50390431288596
C06 525.002 93.38118213092764
C06 550.029 94.95688125907247
C06 575.023 95.80322931712375
C06 599.982 97.4850676860534
C06 619.997 97.8332089675106
C06 624.979 97.9864822602333
C06 650.012 98.54588863352397
C06 675.004 98.97779076738227
C06 700.03 98.48027736271293
C06 725.012 98.0196802984314
C06 750.022 98.28622465745036
C06 774.987 98.46803287169058
C06 799.976 97.72239899057352
C06 824.988 95.96752798539674
C06 850.022 94.02463127707233
C06 869.967 90.964079981865
C06 875.002 90.43021407771364
C06 899.999 83.35276111631086
C06 919.999 73.76931724899005
C06 925.012 71.79630076903445
C06 949.965 58.52271627938442
C06 975.002 43.375488459693756
C06 999.976 26.3434128768272
C06 1025.028 11.314639269056906
C06 1050.014 4.061574152557171
C06 1075.002 0.9363662180433626
C06 1099.99 0.09290539593229623
C07 319.994 40.935223116662286
C07 324.969 46.239857407298295
C07 349.982 72.45096577752194
C07 374.975 81.64449080005296
C07 400.019 87.69407702908885
C07 424.965 87.6396663816772
C07 450.035 88.17065974499755
C07 475.003 89.96403194067581
C07 500.018 91.76487121862033
C07 525.002 93.64819889719202
C07 550.029 95.22932308918746
C07 575.023 96.08777086829876
C07 599.982 97.78271472855289
C07 619.997 98.14121087205075
C07 624.979 98.29529182877368
C07 650.012 98.86899233097407
C07 675.004 99.31063976913701
C07 700.03 98.80923281442882
C07 725.012 98.33876091482374
C07 750.022 98.58122774326984
C07 774.987 98.7418995430135
C07 799.976 97.98509551638385
C07 824.988 96.23071215739589
C07 850.022 94.24201480468112
C07 869.967 91.17121532003694
C07 875.002 90.65103398705926
C07 899.999 83.6242352735199
C07 919.999 73.91913892103253
C07 925.012 71.89464529026988
C07 949.965 58.58279962347692
C07 975.002 43.51200653414755
C07 999.976 26.45062455825382
C07 1025.028 11.371100506789896
C07 1050.014 4.074344387126829
C07 1075.002 0.9391768899699557
C07 1099.99 0.09318426821874157
C10 319.994 40.25652629443213
C10 324.969 45.47350999236404
C10 349.982 70.40314132441306
C10 374.975 78.66756320675613
C10 400.019 85.81150367821549
C10 424.965 86.49977817637289
C10 450.035 87.46249080623073
C10 475.003 89.51941290854975
C10 500.018 91.47861528631276
C10 525.002 93.45174605834387
C10 550.029 95.0688646346514
C10 575.023 95.92387603202589
C10 599.982 97.59509285740535
C10 619.997 97.92164055606398
C10 624.979 98.07098982086103
C10 650.012 98.60102313074715
C10 675.004 99.00495418399375
C10 700.03 98.52107963366788
C10 725.012 98.17963586783523
C10 750.022 98.61326000229779
C10 774.987 98.97868986504291
C10 799.976 98.30302559254946
C10 824.988 96.54970134012784
C10 850.022 94.71673836949496
C10 869.967 91.62947320650647
C10 875.002 91.11902193889006
C10 899.999 83.99733794426719
C10 919.999 73.9937945047518
C10 925.012 71.94871306145502
C10 949.965 58.68636729256289
C10 975.002 44.08260591136593
C10 999.976 26.809774071449983
C10 1025.028 11.699528310090557
C10 1050.014 4.176629127665262
C10 1075.002 0.9394803550054365
C10 1099.99 0.09321437774077436
C11 319.994 40.127966758169265
C11 324.969 45.32803141919072
C11 349.982 70.25022614686027
C11 374.975 78.57551998861682
C11 400.019 85.6191196372553
C11 424.965 86.24470112226284
C11 450.035 87.16496567527847
C11 475.003 89.18974122649402
C11 500.018 91.12773099504346
C11 525.002 93.08227787559761
C11 550.029 94.68850060737375
C11 575.023 95.54297102225752
C11 599.982 97.20878564220149
C11 619.997 97.54002693542748
C11 624.979 97.69243922784804
C11 650.012 98.22183250211134
C11 675.004 98.63111242449153
C11 700.03 98.18291224066635
C11 725.012 97.90605873643692
C11 750.022 98.42489904239532
C11 774.987 98.87920242305243
C11 799.976 98.24030210151281
C11 824.988 96.46732723157618
C11 850.022 94.66245725310222
C11 869.967 91.49567528344967
C11 875.002 90.95092877371033
C11 899.999 83.90327556612732
C11 919.999 73.99774901056425
C11 925.012 71.78039131212428
C11 949.965 58.299145740754994
C11 975.002 43.90319021123959
C11 999.976 26.676665710582057
C11 1025.028 11.608448955121338
C11 1050.014 4.144615917316563
C11 1075.002 0.9376851131514952
C11 1099.99 0.09303625549328111
C12 319.994 40.31400377920314
C12 324.969 45.53727735102363
C12 349.982 70.70322659785663
C12 374.975 79.19491446260375
C12 400.019 86.13171959589118
C12 424.965 86.67353260902593
C12 450.035 87.54452965802759
C12 475.003 89.54205035897127
C12 500.018 91.46420686532754
C12 525.002 93.4163764707112
C12 550.029 95.02966245275348
C12 575.023 95.88531388575079
C12 599.982 97.56540739566108
C12 619.997 97.89863737100085
C12 624.979 98.05414316893173
C12 650.012 98.59413512833011
C12 675.004 99.0175034538841
C12 700.03 98.58314023066661
C12 725.012 98.34098580056022
C12 750.022 98.90825546864558
C12 774.987 99.40451166048439
C12 799.976 98.78156651268513
C12 824.988 96.98977154764883
C12 850.022 95.16310226064039
C12 869.967 91.96335845641245
C12 875.002 91.43078786245015
C12 899.999 84.1729743864302
C12 919.999 74.24387318542648
C12 925.012 72.15949050709968
C12 949.965 58.652693037383536
C12 975.002 44.04447426524191
C12 999.976 26.74168266260049
C12 1025.028 11.635594275487525
C12 1050.014 4.14891044205363
C12 1075.002 0.9422896489929272
C12 1099.99 0.09349311330936787
C13 319.994 40.32211089709223
C13 324.969 45.54560924332788
C13 349.982 70.78595882157819
C13 374.975 79.36021890114118
C13 400.019 86.18654169477465
C13 424.965 86.6450815016971
C13 450.035 87.47318854449793
C13 475.003 89.43699308316789
C13 500.018 91.34277534484029
C13 525.002 93.28013269723861
C13 550.029 94.88511345512761
C13 575.023 95.73913432118106
C13 599.982 97.41775727305318
C13 619.997 97.75558940929992
C13 624.979 97.91006657855125
C13 650.012 98.45631412421555
C13 675.004 98.88205972494004
C13 700.03 98.45114812240277
C13 725.012 98.22206108626236
C13 750.022 98.79624161517985
C13 774.987 99.30314982845564
C13 799.976 98.68142379612844
C13 824.988 96.88321323592051
C13 850.022 95.06588542121659
C13 869.967 91.84030398845304
C13 875.002 91.29170202603335
C13 899.999 84.02467660872777
C13 919.999 74.19477330978992
C13 925.012 72.09253820926938
C13 949.965 58.478287139900125
C13 975.002 43.909708669279176
C13 999.976 26.665306983144873
C13 1025.028 11.571348794978745
C13 1050.014 4.128057376660925
C13 1075.002 0.9412224226125808
C13 1099.99 0.09338722408835061
C14 319.994 40.37673107997564
C14 324.969 45.60322768832535
C14 349.982 70.94455812501938
C14 374.975 79.62489648959358
C14 400.019 86.42608264608785
C14 424.965 86.84599173148992
C14 450.035 87.64229509941379
C14 475.003 89.59181312864575
C14 500.018 91.48647858110745
C14 525.002 93.41878422376848
C14 550.029 95.02413833577079
C14 575.023 95.882563256467
C14 599.982 97.5629767841887
C14 619.997 97.90504534670077
C14 624.979 98.05955299383892
C14 650.012 98.61206374524085
C14 675.004 99.0426172326082
C14 700.03 98.61226185150505
C14 725.012 98.37642396343819
C14 750.022 98.94546896842971
C14 774.987 99.44647209113779
C14 799.976 98.8199686500545
C14 824.988 97.01909127475149
C14 850.022 95.1776859294747
C14 869.967 91.96078307497777
C14 875.002 91.40583409263175
C14 899.999 84.14607765132823
C14 919.999 74.26462100686632
C14 925.012 72.13870458830134
C14 949.965 58.58535214649652
C14 975.002 43.99513818598264
C14 999.976 26.658836146803417
C14 1025.028 11.53702974200675
C14 1050.014 4.112017912514868
C14 1075.002 0.9426441511369629
C14 1099.99 0.09352828668642466
C15 319.994 40.53465606017136
C15 324.969 45.782948167319695
C15 349.982 71.28597903243694
C15 374.975 80.03726229801238
C15 400.019 86.75684391259672
C15 424.965 87.1187231015295
C15 450.035 87.88206463487799
C15 475.003 89.8158103576904
C15 500.018 91.70124101045135
C15 525.002 93.62977501462076
C15 550.029 95.2362187110762
C15 575.023 96.09599989773506
C15 599.982 97.78263853383588
C15 619.997 98.1285549295566
C15 624.979 98.28392357699687
C15 650.012 98.84176795858899
C15 675.004 99.27489682739103
C15 700.03 98.84131079028697
C15 725.012 98.59832583776526
C15 750.022 99.15549970584775
C15 774.987 99.64153818613649
C15 799.976 99.00471036089934
C15 824.988 97.19305905261213
C15 850.022 95.34349325314436
C15 869.967 92.12228539713676
C15 875.002 91.54496564587875
C15 899.999 84.2455955712055
C15 919.999 74.44018887378402
C15 925.012 72.32004039529615
C15 949.965 58.644060175947125
C15 975.002 43.98430329722485
C15 999.976 26.66178107261557
C15 1025.028 11.501320135449456
C15 1050.014 4.110133521919995
C15 1075.002 0.9446452183061309
C15 1099.99 0.09372683073260688
C16 319.994 40.4857161934405
C16 324.969 45.73038143205951
C16 349.982 71.25812224390074
C16 374.975 80.0376127937106
C16 400.019 86.64838073294332
C16 424.965 86.95216145016153
C16 450.035 87.68318118455745
C16 475.003 89.59098260623043
C16 500.018 91.46079334200581
C16 525.002 93.38204313122976
C16 550.029 94.97836816926726
C16 575.023 95.83668641735966
C16 599.982 97.52263930100746
C16 619.997 97.86641462518038
C16 624.979 98.02140229903566
C16 650.012 98.57856092817475
C16 675.004 99.01516427607211
C16 700.03 98.58188301783606
C16 725.012 98.32789554817916
C16 750.022 98.86882470259667
C16 774.987 99.33978424839056
C16 799.976 98.69751612035941
C16 824.988 96.88713726384614
C16 850.022 95.04694341456971
C16 869.967 91.80757073802866
C16 875.002 91.25424470315481
C16 899.999 83.9083272758646
C16 919.999 74.12354648833576
C16 925.012 72.16219541955329
C16 949.965 58.498539695679455
C16 975.002 43.64343480150557
C16 999.976 26.548519530658933
C16 1025.028 11.479856083669786
C16 1050.014 4.115204756553507
C16 1075.002 0.9419142109247544
C16 1099.99 0.09345586268915161
C17 319.994 40.44185089486203
C17 324.969 45.686062774914866
C17 349.982 71.31775222942707
C17 374.975 80.19183090092413
C17 400.019 86.73544843606236
C17 424.965 86.98612143552964
C17 450.035 87.68674709731319
C17 475.003 89.58081823098226
C17 500.018 91.44371810592551
C17 525.002 93.3607467078275
C17 550.029 94.96416547401795
C17 575.023 95.8269944493569
C17 599.982 97.51944674236503
C17 619.997 97.87007959106822
C17 624.979 98.0254406190368
C17 650.012 98.58967773738544
C17 675.004 99.0288336083024
C17 700.03 98.59568188108526
C17 725.012 98.3403914817676
C17 750.022 98.86926663195528
C17 774.987 99.32373002151809
C17 799.976 98.67681401574977
C17 824.988 96.86780666414255
C17 850.022 95.01223672097497
C17 869.967 91.82211630950448
C17 875.002 91.20507625227295
C17 899.999 83.93510971889106
C17 919.999 74.20751306647277
C17 925.012 71.99856726478991
C17 949.965 58.54045440950266
C17 975.002 43.71481401239373
C17 999.976 26.5057438165336
C17 1025.028 11.492937764145193
C17 1050.014 4.147510840345686
C17 1075.002 0.9419185441128226
C17 1099.99 0.09345629262409093
