lsstCam/transmission_sensor/r22_s20/19700101T000000.ecsv
# %ECSV 1.0
# ---
# datatype:
# - {name: amp_name, datatype: string}
# - {name: wavelength, unit: nm, datatype: float32}
# - {name: efficiency, unit: '%', datatype: float64}
# meta: !!omap
# - {MODE: AMP}
# - {TYPE: transmission_sensor}
# - {CALIBDATE: '1970-01-01T00:00:00'}
# - {INSTRUME: LSSTCAM}
# - {OBSTYPE: transmission_sensor}
# - {DETECTOR: 96}
# - {PARQUETFILE: qe_raft_allvalues_nircorrected_20230725.parquet}
# - {CALIBCLS: lsst.ip.isr.IntermediateSensorTransmissionCurve}
# - {CALIB_ID: 'raftName=R22 detectorName=S20 detector=96 calibDate=1970-01-01T00:00:00 ccd=96 ccdnum=96 filter=None'}
# - {DATE: '2024-01-18T22:42:25.314118'}
# - {CALIB_CREATION_DATE: '2024-01-18'}
# - {CALIB_CREATION_TIME: '22:42:25'}
# - __serialized_columns__:
#     efficiency:
#       __class__: astropy.units.quantity.Quantity
#       unit: !astropy.units.Unit {unit: '%'}
#       value: !astropy.table.SerializedColumn {name: efficiency}
#     wavelength:
#       __class__: astropy.units.quantity.Quantity
#       unit: !astropy.units.Unit {unit: nm}
#       value: !astropy.table.SerializedColumn {name: wavelength}
# schema: astropy-2.0
amp_name wavelength efficiency
C00 319.994 40.86807632446289
C00 324.969 46.16729736328125
C00 349.982 71.65827178955078
C00 374.975 80.02875518798828
C00 400.019 86.6974868774414
C00 424.965 87.10697937011719
C00 450.035 87.9257583618164
C00 475.003 89.90039825439453
C00 500.018 91.81143188476562
C00 525.002 93.74976348876953
C00 550.029 95.349853515625
C00 575.023 96.19729614257812
C00 599.982 97.86671447753906
C00 619.997 98.19263458251953
C00 624.979 98.34353637695312
C00 650.012 98.87352752685547
C00 675.004 99.26988220214844
C00 700.03 98.74077606201172
C00 725.012 98.25772094726562
C00 750.022 98.5055160522461
C00 774.987 98.67495727539062
C00 799.976 97.921630859375
C00 824.988 96.18643188476562
C00 850.022 94.26807403564453
C00 869.967 91.18132019042969
C00 875.002 90.70015716552734
C00 899.999 83.74942016601562
C00 919.999 73.97816467285156
C00 925.012 71.96221923828125
C00 949.965 58.48200988769531
C00 975.002 44.01901626586914
C00 999.976 26.727243423461914
C00 1025.028 11.681928634643555
C00 1050.014 4.161815166473389
C00 1075.002 0.9384555214846239
C00 1099.99 0.09311269470033455
C01 319.994 40.82973098754883
C01 324.969 46.123043060302734
C01 349.982 71.70046997070312
C01 374.975 80.22162628173828
C01 400.019 86.82438659667969
C01 424.965 87.17496490478516
C01 450.035 87.95490264892578
C01 475.003 89.89924621582031
C01 500.018 91.79602813720703
C01 525.002 93.72731018066406
C01 550.029 95.32337951660156
C01 575.023 96.17274475097656
C01 599.982 97.84822082519531
C01 619.997 98.18134307861328
C01 624.979 98.3292465209961
C01 650.012 98.86805725097656
C01 675.004 99.2776107788086
C01 700.03 98.77843475341797
C01 725.012 98.36556243896484
C01 750.022 98.6923599243164
C01 774.987 98.94747161865234
C01 799.976 98.22444152832031
C01 824.988 96.46208190917969
C01 850.022 94.54960632324219
C01 869.967 91.408203125
C01 875.002 90.89458465576172
C01 899.999 83.8808364868164
C01 919.999 74.13493347167969
C01 925.012 72.1076431274414
C01 949.965 58.47353744506836
C01 975.002 43.94346237182617
C01 999.976 26.613840103149414
C01 1025.028 11.528653144836426
C01 1050.014 4.131671905517578
C01 1075.002 0.9402348589804166
C01 1099.99 0.09328923893202334
C02 319.994 40.85860824584961
C02 324.969 46.153564453125
C02 349.982 71.81285858154297
C02 374.975 80.42640686035156
C02 400.019 86.93753051757812
C02 424.965 87.22425079345703
C02 450.035 87.9615249633789
C02 475.003 89.88406372070312
C02 500.018 91.76199340820312
C02 525.002 93.68310546875
C02 550.029 95.27812194824219
C02 575.023 96.12791442871094
C02 599.982 97.79995727539062
C02 619.997 98.1347427368164
C02 624.979 98.28579711914062
C02 650.012 98.82615661621094
C02 675.004 99.24359130859375
C02 700.03 98.7500991821289
C02 725.012 98.35720825195312
C02 750.022 98.71267700195312
C02 774.987 98.98993682861328
C02 799.976 98.27520751953125
C02 824.988 96.49552917480469
C02 850.022 94.59770202636719
C02 869.967 91.406005859375
C02 875.002 90.86351013183594
C02 899.999 83.80781555175781
C02 919.999 74.18311309814453
C02 925.012 72.15618896484375
C02 949.965 58.45048141479492
C02 975.002 43.775733947753906
C02 999.976 26.495834350585938
C02 1025.028 11.429657936096191
C02 1050.014 4.077470779418945
C02 1075.002 0.9404282091325445
C02 1099.99 0.09330842295649035
C03 319.994 40.91529083251953
C03 324.969 46.21453857421875
C03 349.982 71.98728942871094
C03 374.975 80.6978988647461
C03 400.019 87.11597442626953
C03 424.965 87.34071350097656
C03 450.035 88.03742218017578
C03 475.003 89.93170166015625
C03 500.018 91.79415893554688
C03 525.002 93.70915985107422
C03 550.029 95.29766845703125
C03 575.023 96.14765167236328
C03 599.982 97.82530975341797
C03 619.997 98.1607666015625
C03 624.979 98.3143310546875
C03 650.012 98.86415100097656
C03 675.004 99.2806396484375
C03 700.03 98.79120635986328
C03 725.012 98.3912353515625
C03 750.022 98.73824310302734
C03 774.987 99.0069580078125
C03 799.976 98.28962707519531
C03 824.988 96.5031967163086
C03 850.022 94.62730407714844
C03 869.967 91.41580200195312
C03 875.002 90.8422622680664
C03 899.999 83.78260803222656
C03 919.999 74.2410888671875
C03 925.012 72.25299072265625
C03 949.965 58.575721740722656
C03 975.002 43.59903335571289
C03 999.976 26.448841094970703
C03 1025.028 11.4036865234375
C03 1050.014 4.0655364990234375
C03 1075.002 0.9406718486214992
C03 1099.99 0.09333259664275743
C04 319.994 40.92723846435547
C04 324.969 46.229331970214844
C04 349.982 72.09143829345703
C04 374.975 80.90048217773438
C04 400.019 87.23930358886719
C04 424.965 87.40254974365234
C04 450.035 88.06135559082031
C04 475.003 89.9340591430664
C04 500.018 91.78092956542969
C04 525.002 93.68707275390625
C04 550.029 95.27259826660156
C04 575.023 96.12520599365234
C04 599.982 97.80362701416016
C04 619.997 98.14265441894531
C04 624.979 98.2975845336914
C04 650.012 98.84708404541016
C04 675.004 99.27110290527344
C04 700.03 98.78070831298828
C04 725.012 98.35950469970703
C04 750.022 98.68257141113281
C04 774.987 98.92735290527344
C04 799.976 98.2030258178711
C04 824.988 96.42439270019531
C04 850.022 94.52802276611328
C04 869.967 91.37934112548828
C04 875.002 90.80821228027344
C04 899.999 83.7196044921875
C04 919.999 74.2017593383789
C04 925.012 72.22087097167969
C04 949.965 58.70150375366211
C04 975.002 43.57621765136719
C04 999.976 26.418785095214844
C04 1025.028 11.363991737365723
C04 1050.014 4.075310230255127
C04 1075.002 0.9401416713597512
C04 1099.99 0.09327999294191064
C05 319.994 40.92496871948242
C05 324.969 46.22616195678711
C05 349.982 72.21294403076172
C05 374.975 81.17897033691406
C05 400.019 87.39329528808594
C05 424.965 87.46807098388672
C05 450.035 88.07412719726562
C05 475.003 89.9095458984375
C05 500.018 91.7359848022461
C05 525.002 93.62982940673828
C05 550.029 95.21231079101562
C05 575.023 96.06214141845703
C05 599.982 97.74877166748047
C05 619.997 98.09285736083984
C05 624.979 98.24917602539062
C05 650.012 98.80802917480469
C05 675.004 99.23554992675781
C05 700.03 98.74269104003906
C05 725.012 98.3083724975586
C05 750.022 98.60013580322266
C05 774.987 98.81851196289062
C05 799.976 98.08596801757812
C05 824.988 96.32154083251953
C05 850.022 94.38331604003906
C05 869.967 91.30313110351562
C05 875.002 90.7569580078125
C05 899.999 83.65817260742188
C05 919.999 74.07539367675781
C05 925.012 72.0676040649414
C05 949.965 58.74956512451172
C05 975.002 43.57186508178711
C05 999.976 26.4277400970459
C05 1025.028 11.353611946105957
C05 1050.014 4.06619930267334
C05 1075.002 0.9393565523956248
C05 1099.99 0.09320209415956397
C06 319.994 40.959110260009766
C06 324.969 46.26424789428711
C06 349.982 72.32785034179688
C06 374.975 81.34036254882812
C06 400.019 87.43617248535156
C06 424.965 87.44129180908203
C06 450.035 88.00428771972656
C06 475.003 89.81401824951172
C06 500.018 91.6230697631836
C06 525.002 93.50279235839844
C06 550.029 95.0805435180664
C06 575.023 95.92799377441406
C06 599.982 97.61202239990234
C06 619.997 97.96061706542969
C06 624.979 98.11408996582031
C06 650.012 98.67422485351562
C06 675.004 99.106689453125
C06 700.03 98.60852813720703
C06 725.012 98.14733123779297
C06 750.022 98.41422271728516
C06 774.987 98.59626770019531
C06 799.976 97.84966278076172
C06 824.988 96.0925064086914
C06 850.022 94.14707946777344
C06 869.967 91.0825424194336
C06 875.002 90.54798126220703
C06 899.999 83.46131134033203
C06 919.999 73.86538696289062
C06 925.012 71.88980102539062
C06 949.965 58.59893035888672
C06 975.002 43.431976318359375
C06 999.976 26.37771987915039
C06 1025.028 11.329374313354492
C06 1050.014 4.066863536834717
C06 1075.002 0.9375856469065844
C06 1099.99 0.09302638654383882
C07 319.994 40.98853302001953
C07 324.969 46.30007553100586
C07 349.982 72.54531860351562
C07 374.975 81.75081634521484
C07 400.019 87.80828094482422
C07 424.965 87.75379943847656
C07 450.035 88.28548431396484
C07 475.003 90.08119201660156
C07 500.018 91.8843765258789
C07 525.002 93.77015686035156
C07 550.029 95.35334014892578
C07 575.023 96.21290588378906
C07 599.982 97.9100570678711
C07 619.997 98.2690200805664
C07 624.979 98.42330169677734
C07 650.012 98.99774932861328
C07 675.004 99.43997192382812
C07 700.03 98.93791198730469
C07 725.012 98.46682739257812
C07 750.022 98.70960998535156
C07 774.987 98.87049102783203
C07 799.976 98.11270141601562
C07 824.988 96.35603332519531
C07 850.022 94.36474609375
C07 869.967 91.28994750976562
C07 875.002 90.76908874511719
C07 899.999 83.73313903808594
C07 919.999 74.0154037475586
C07 925.012 71.98827362060547
C07 949.965 58.65909194946289
C07 975.002 43.56867218017578
C07 999.976 26.485071182250977
C07 1025.028 11.385909080505371
C07 1050.014 4.079650402069092
C07 1075.002 0.9403999791686385
C07 1099.99 0.09330562200540592
C10 319.994 40.30895233154297
C10 324.969 45.53273010253906
C10 349.982 70.49482727050781
C10 374.975 78.77001190185547
C10 400.019 85.92325592041016
C10 424.965 86.6124267578125
C10 450.035 87.5763931274414
C10 475.003 89.63599395751953
C10 500.018 91.59774780273438
C10 525.002 93.57344818115234
C10 550.029 95.19267272949219
C10 575.023 96.04879760742188
C10 599.982 97.7221908569336
C10 619.997 98.04916381835938
C10 624.979 98.1987075805664
C10 650.012 98.72943115234375
C10 675.004 99.1338882446289
C10 700.03 98.64938354492188
C10 725.012 98.3074951171875
C10 750.022 98.74168395996094
C10 774.987 99.10758972167969
C10 799.976 98.43104553222656
C10 824.988 96.6754379272461
C10 850.022 94.840087890625
C10 869.967 91.7488021850586
C10 875.002 91.23768615722656
C10 899.999 84.10672760009766
C10 919.999 74.09015655517578
C10 925.012 72.04241180419922
C10 949.965 58.762794494628906
C10 975.002 44.1400146484375
C10 999.976 26.844688415527344
C10 1025.028 11.714764595031738
C10 1050.014 4.182068347930908
C10 1075.002 0.9407038394063554
C10 1099.99 0.09333577073904152
C11 319.994 40.18022537231445
C11 324.969 45.387062072753906
C11 349.982 70.34171295166016
C11 374.975 78.67784881591797
C11 400.019 85.73062133789062
C11 424.965 86.35701751708984
C11 450.035 87.27848052978516
C11 475.003 89.30589294433594
C11 500.018 91.24640655517578
C11 525.002 93.20349884033203
C11 550.029 94.81181335449219
C11 575.023 95.66739654541016
C11 599.982 97.33538055419922
C11 619.997 97.66705322265625
C11 624.979 97.81966400146484
C11 650.012 98.34974670410156
C11 675.004 98.75955963134766
C11 700.03 98.31077575683594
C11 725.012 98.03356170654297
C11 750.022 98.5530776977539
C11 774.987 99.00797271728516
C11 799.976 98.36824035644531
C11 824.988 96.59295654296875
C11 850.022 94.78573608398438
C11 869.967 91.61483001708984
C11 875.002 91.06937408447266
C11 899.999 84.01254272460938
C11 919.999 74.0941162109375
C11 925.012 71.87387084960938
C11 949.965 58.37506866455078
C11 975.002 43.960365295410156
C11 999.976 26.711406707763672
C11 1025.028 11.623566627502441
C11 1050.014 4.150013446807861
C11 1075.002 0.9389062596106014
C11 1099.99 0.09315741652310944
C12 319.994 40.36650466918945
C12 324.969 45.596580505371094
C12 349.982 70.79530334472656
C12 374.975 79.29804992675781
C12 400.019 86.24388885498047
C12 424.965 86.78640747070312
C12 450.035 87.65853881835938
C12 475.003 89.65866088867188
C12 500.018 91.58332061767578
C12 525.002 93.53803253173828
C12 550.029 95.1534194946289
C12 575.023 96.01018524169922
C12 599.982 97.69246673583984
C12 619.997 98.02613067626953
C12 624.979 98.18183898925781
C12 650.012 98.7225341796875
C12 675.004 99.14645385742188
C12 700.03 98.7115249633789
C12 725.012 98.46905517578125
C12 750.022 99.03706359863281
C12 774.987 99.53396606445312
C12 799.976 98.91020965576172
C12 824.988 97.11608123779297
C12 850.022 95.28703308105469
C12 869.967 92.08312225341797
C12 875.002 91.54985809326172
C12 899.999 84.2825927734375
C12 919.999 74.34056091308594
C12 925.012 72.25346374511719
C12 949.965 58.72907638549805
C12 975.002 44.10183334350586
C12 999.976 26.776508331298828
C12 1025.028 11.650747299194336
C12 1050.014 4.154313564300537
C12 1075.002 0.9435167919348183
C12 1099.99 0.09361486930470925
C13 319.994 40.3746223449707
C13 324.969 45.604923248291016
C13 349.982 70.87814331054688
C13 374.975 79.46356964111328
C13 400.019 86.29878234863281
C13 424.965 86.75791931152344
C13 450.035 87.58710479736328
C13 475.003 89.553466796875
C13 500.018 91.46173095703125
C13 525.002 93.401611328125
C13 550.029 95.00868225097656
C13 575.023 95.86381530761719
C13 599.982 97.54462432861328
C13 619.997 97.88289642333984
C13 624.979 98.0375747680664
C13 650.012 98.58453369140625
C13 675.004 99.01083374023438
C13 700.03 98.57936096191406
C13 725.012 98.3499755859375
C13 750.022 98.9249038696289
C13 774.987 99.4324722290039
C13 799.976 98.8099365234375
C13 824.988 97.00938415527344
C13 850.022 95.18968963623047
C13 869.967 91.95990753173828
C13 875.002 91.41059112548828
C13 899.999 84.13410186767578
C13 919.999 74.29139709472656
C13 925.012 72.1864242553711
C13 949.965 58.554443359375
C13 975.002 43.96689224243164
C13 999.976 26.70003318786621
C13 1025.028 11.586418151855469
C13 1050.014 4.1334333419799805
C13 1075.002 0.9424481757065398
C13 1099.99 0.093508842184257
C14 319.994 40.42931365966797
C14 324.969 45.66261672973633
C14 349.982 71.03694915771484
C14 374.975 79.72859191894531
C14 400.019 86.53863525390625
C14 424.965 86.95909118652344
C14 450.035 87.75643157958984
C14 475.003 89.70848846435547
C14 500.018 91.60562133789062
C14 525.002 93.54044342041016
C14 550.029 95.14788818359375
C14 575.023 96.00743103027344
C14 599.982 97.69003295898438
C14 619.997 98.03254699707031
C14 624.979 98.187255859375
C14 650.012 98.74048614501953
C14 675.004 99.17160034179688
C14 700.03 98.74068450927734
C14 725.012 98.5045394897461
C14 750.022 99.07432556152344
C14 774.987 99.57598114013672
C14 799.976 98.94866180419922
C14 824.988 97.14543914794922
C14 850.022 95.3016357421875
C14 869.967 92.0805435180664
C14 875.002 91.52487182617188
C14 899.999 84.25566101074219
C14 919.999 74.36133575439453
C14 925.012 72.23265075683594
C14 949.965 58.66164779663086
C14 975.002 44.052433013916016
C14 999.976 26.693553924560547
C14 1025.028 11.552054405212402
C14 1050.014 4.117372989654541
C14 1075.002 0.9438717557466696
C14 1099.99 0.09365008848802257
C15 319.994 40.58744430541992
C15 324.969 45.84257125854492
C15 349.982 71.37881469726562
C15 374.975 80.14149475097656
C15 400.019 86.86982727050781
C15 424.965 87.232177734375
C15 450.035 87.99651336669922
C15 475.003 89.93277740478516
C15 500.018 91.82066345214844
C15 525.002 93.751708984375
C15 550.029 95.36024475097656
C15 575.023 96.22114562988281
C15 599.982 97.90998077392578
C15 619.997 98.25634765625
C15 624.979 98.41191864013672
C15 650.012 98.97048950195312
C15 675.004 99.40418243408203
C15 700.03 98.97003173828125
C15 725.012 98.72673034667969
C15 750.022 99.28462982177734
C15 774.987 99.77130126953125
C15 799.976 99.1336441040039
C15 824.988 97.31963348388672
C15 850.022 95.46765899658203
C15 869.967 92.24225616455078
C15 875.002 91.6641845703125
C15 899.999 84.35530853271484
C15 919.999 74.5371322631836
C15 925.012 72.41422271728516
C15 949.965 58.72043228149414
C15 975.002 44.04158401489258
C15 999.976 26.696502685546875
C15 1025.028 11.516298294067383
C15 1050.014 4.115486145019531
C15 1075.002 0.9458754289037687
C15 1099.99 0.09384889109793325
C16 319.994 40.5384407043457
C16 324.969 45.78993606567383
C16 349.982 71.35092163085938
C16 374.975 80.141845703125
C16 400.019 86.76122283935547
C16 424.965 87.06539916992188
C16 450.035 87.79737091064453
C16 475.003 89.70765686035156
C16 500.018 91.57990264892578
C16 525.002 93.50365447998047
C16 550.029 95.10205841064453
C16 575.023 95.96149444580078
C16 599.982 97.64964294433594
C16 619.997 97.99386596679688
C16 624.979 98.14905548095703
C16 650.012 98.70693969726562
C16 675.004 99.14411163330078
C16 700.03 98.71026611328125
C16 725.012 98.45594787597656
C16 750.022 98.9975814819336
C16 774.987 99.46915435791016
C16 799.976 98.8260498046875
C16 824.988 97.01331329345703
C16 850.022 95.17072296142578
C16 869.967 91.92713165283203
C16 875.002 91.37308502197266
C16 899.999 84.0176010131836
C16 919.999 74.22007751464844
C16 925.012 72.25617218017578
C16 949.965 58.57472229003906
C16 975.002 43.70027160644531
C16 999.976 26.583093643188477
C16 1025.028 11.494806289672852
C16 1050.014 4.120563983917236
C16 1075.002 0.9431408649339951
C16 1099.99 0.09357757017304459
C17 319.994 40.4945182800293
C17 324.969 45.74555969238281
C17 349.982 71.41062927246094
C17 374.975 80.2962646484375
C17 400.019 86.84840393066406
C17 424.965 87.09940338134766
C17 450.035 87.80094146728516
C17 475.003 89.69747924804688
C17 500.018 91.56280517578125
C17 525.002 93.48233032226562
C17 550.029 95.08783721923828
C17 575.023 95.95178985595703
C17 599.982 97.64644622802734
C17 619.997 97.9975357055664
C17 624.979 98.1530990600586
C17 650.012 98.71807098388672
C17 675.004 99.15779876708984
C17 700.03 98.72408294677734
C17 725.012 98.46846008300781
C17 750.022 98.9980239868164
C17 774.987 99.45307922363281
C17 799.976 98.8053207397461
C17 824.988 96.99395751953125
C17 850.022 95.13597106933594
C17 869.967 91.94169616699219
C17 875.002 91.3238525390625
C17 899.999 84.04441833496094
C17 919.999 74.30415344238281
C17 925.012 72.09233093261719
C17 949.965 58.61669158935547
C17 975.002 43.77174377441406
C17 999.976 26.54026222229004
C17 1025.028 11.507905006408691
C17 1050.014 4.152912139892578
C17 1075.002 0.9431452037651702
C17 1099.99 0.0935780006678878
