lsstcam/transmission_sensor/r22_s20/19700101T000000.ecsv
# %ECSV 0.9
# ---
# datatype:
# - {name: amp_name, datatype: string}
# - {name: wavelength, unit: nm, datatype: float32}
# - {name: efficiency, unit: '%', datatype: float32}
# meta: !!omap
# - {MODE: AMP}
# - {TYPE: transmission_sensor}
# - {CALIBDATE: '1970-01-01T00:00:00'}
# - {INSTRUME: LSSTCAM}
# - {OBSTYPE: transmission_sensor}
# - {DETECTOR: 96}
# - {CALIBCLS: lsst.ip.isr.IntermediateSensorTransmissionCurve}
# - {PICKLEFILE: RaftRun11351.p}
# - {CALIB_ID: 'raftName=R22 detectorName=S20 detector=96 calibDate=1970-01-01T00:00:00 ccd=96 ccdnum=96 filter=None'}
# - {DATE: '2020-07-23T19:15:54.871872'}
# - {CALIB_CREATION_DATE: '2020-07-23'}
# - {CALIB_CREATION_TIME: '19:15:54'}
# - __serialized_columns__:
#     efficiency:
#       __class__: astropy.units.quantity.Quantity
#       unit: !astropy.units.Unit {unit: '%'}
#       value: !astropy.table.SerializedColumn {name: efficiency}
#     wavelength:
#       __class__: astropy.units.quantity.Quantity
#       unit: !astropy.units.Unit {unit: nm}
#       value: !astropy.table.SerializedColumn {name: wavelength}
# schema: astropy-2.0
amp_name wavelength efficiency
C07 319.994 40.988533
C07 324.969 46.300076
C07 349.982 72.54532
C07 374.975 81.75082
C07 400.019 87.80828
C07 424.965 87.7538
C07 450.035 88.285484
C07 475.003 90.08119
C07 500.018 91.88438
C07 525.002 93.77016
C07 550.029 95.35334
C07 575.023 96.212906
C07 599.982 97.91006
C07 619.997 98.26902
C07 624.979 98.4233
C07 650.012 98.99775
C07 675.004 99.43997
C07 700.03 98.93791
C07 725.012 98.46683
C07 750.022 98.70961
C07 774.987 98.87049
C07 799.976 98.1127
C07 824.988 96.35603
C07 850.022 94.364746
C07 869.967 91.28995
C07 875.002 90.76909
C07 899.999 83.73314
C07 919.999 74.0154
C07 925.012 71.98827
C07 949.965 58.659092
C07 975.002 43.568672
C07 999.976 26.485071
C07 1025.028 11.385909
C07 1050.014 4.0796504
C07 1075.002 2.1954868
C07 1099.99 1.5929152
C05 319.994 40.92497
C05 324.969 46.226162
C05 349.982 72.212944
C05 374.975 81.17897
C05 400.019 87.393295
C05 424.965 87.46807
C05 450.035 88.07413
C05 475.003 89.909546
C05 500.018 91.735985
C05 525.002 93.62983
C05 550.029 95.21231
C05 575.023 96.06214
C05 599.982 97.74877
C05 619.997 98.09286
C05 624.979 98.249176
C05 650.012 98.80803
C05 675.004 99.23555
C05 700.03 98.74269
C05 725.012 98.30837
C05 750.022 98.600136
C05 774.987 98.81851
C05 799.976 98.08597
C05 824.988 96.32154
C05 850.022 94.383316
C05 869.967 91.30313
C05 875.002 90.75696
C05 899.999 83.65817
C05 919.999 74.07539
C05 925.012 72.067604
C05 949.965 58.749565
C05 975.002 43.571865
C05 999.976 26.42774
C05 1025.028 11.353612
C05 1050.014 4.0661993
C05 1075.002 2.19522
C05 1099.99 1.5942652
C00 319.994 40.868076
C00 324.969 46.167297
C00 349.982 71.65827
C00 374.975 80.028755
C00 400.019 86.69749
C00 424.965 87.10698
C00 450.035 87.92576
C00 475.003 89.9004
C00 500.018 91.81143
C00 525.002 93.74976
C00 550.029 95.34985
C00 575.023 96.197296
C00 599.982 97.866714
C00 619.997 98.192635
C00 624.979 98.34354
C00 650.012 98.87353
C00 675.004 99.26988
C00 700.03 98.740776
C00 725.012 98.25772
C00 750.022 98.505516
C00 774.987 98.67496
C00 799.976 97.92163
C00 824.988 96.18643
C00 850.022 94.268074
C00 869.967 91.18132
C00 875.002 90.70016
C00 899.999 83.74942
C00 919.999 73.978165
C00 925.012 71.96222
C00 949.965 58.48201
C00 975.002 44.019016
C00 999.976 26.727243
C00 1025.028 11.681929
C00 1050.014 4.161815
C00 1075.002 2.2118232
C00 1099.99 1.6074373
C11 319.994 40.180225
C11 324.969 45.387062
C11 349.982 70.34171
C11 374.975 78.67785
C11 400.019 85.73062
C11 424.965 86.35702
C11 450.035 87.27848
C11 475.003 89.30589
C11 500.018 91.24641
C11 525.002 93.2035
C11 550.029 94.81181
C11 575.023 95.6674
C11 599.982 97.33538
C11 619.997 97.66705
C11 624.979 97.819664
C11 650.012 98.34975
C11 675.004 98.75956
C11 700.03 98.310776
C11 725.012 98.03356
C11 750.022 98.55308
C11 774.987 99.00797
C11 799.976 98.36824
C11 824.988 96.59296
C11 850.022 94.785736
C11 869.967 91.61483
C11 875.002 91.069374
C11 899.999 84.01254
C11 919.999 74.09412
C11 925.012 71.87387
C11 949.965 58.37507
C11 975.002 43.960365
C11 999.976 26.711407
C11 1025.028 11.623567
C11 1050.014 4.1500134
C11 1075.002 2.212116
C11 1099.99 1.6060612
C17 319.994 40.49452
C17 324.969 45.74556
C17 349.982 71.41063
C17 374.975 80.296265
C17 400.019 86.848404
C17 424.965 87.0994
C17 450.035 87.80094
C17 475.003 89.69748
C17 500.018 91.562805
C17 525.002 93.48233
C17 550.029 95.08784
C17 575.023 95.95179
C17 599.982 97.64645
C17 619.997 97.997536
C17 624.979 98.1531
C17 650.012 98.71807
C17 675.004 99.1578
C17 700.03 98.72408
C17 725.012 98.46846
C17 750.022 98.998024
C17 774.987 99.45308
C17 799.976 98.80532
C17 824.988 96.99396
C17 850.022 95.13597
C17 869.967 91.941696
C17 875.002 91.32385
C17 899.999 84.04442
C17 919.999 74.30415
C17 925.012 72.09233
C17 949.965 58.61669
C17 975.002 43.771744
C17 999.976 26.540262
C17 1025.028 11.507905
C17 1050.014 4.152912
C17 1075.002 2.2118514
C17 1099.99 1.5986124
C01 319.994 40.82973
C01 324.969 46.123043
C01 349.982 71.70047
C01 374.975 80.22163
C01 400.019 86.82439
C01 424.965 87.174965
C01 450.035 87.9549
C01 475.003 89.89925
C01 500.018 91.79603
C01 525.002 93.72731
C01 550.029 95.32338
C01 575.023 96.172745
C01 599.982 97.84822
C01 619.997 98.18134
C01 624.979 98.32925
C01 650.012 98.86806
C01 675.004 99.27761
C01 700.03 98.778435
C01 725.012 98.36556
C01 750.022 98.69236
C01 774.987 98.94747
C01 799.976 98.22444
C01 824.988 96.46208
C01 850.022 94.54961
C01 869.967 91.4082
C01 875.002 90.894585
C01 899.999 83.88084
C01 919.999 74.13493
C01 925.012 72.10764
C01 949.965 58.473537
C01 975.002 43.943462
C01 999.976 26.61384
C01 1025.028 11.528653
C01 1050.014 4.131672
C01 1075.002 2.2090816
C01 1099.99 1.6030538
C06 319.994 40.95911
C06 324.969 46.264248
C06 349.982 72.32785
C06 374.975 81.34036
C06 400.019 87.43617
C06 424.965 87.44129
C06 450.035 88.00429
C06 475.003 89.81402
C06 500.018 91.62307
C06 525.002 93.50279
C06 550.029 95.08054
C06 575.023 95.92799
C06 599.982 97.61202
C06 619.997 97.96062
C06 624.979 98.11409
C06 650.012 98.674225
C06 675.004 99.10669
C06 700.03 98.60853
C06 725.012 98.14733
C06 750.022 98.41422
C06 774.987 98.59627
C06 799.976 97.84966
C06 824.988 96.09251
C06 850.022 94.14708
C06 869.967 91.08254
C06 875.002 90.54798
C06 899.999 83.46131
C06 919.999 73.86539
C06 925.012 71.8898
C06 949.965 58.59893
C06 975.002 43.431976
C06 999.976 26.37772
C06 1025.028 11.329374
C06 1050.014 4.0668635
C06 1075.002 2.1954956
C06 1099.99 1.5925108
C02 319.994 40.85861
C02 324.969 46.153564
C02 349.982 71.81286
C02 374.975 80.42641
C02 400.019 86.93753
C02 424.965 87.22425
C02 450.035 87.961525
C02 475.003 89.88406
C02 500.018 91.76199
C02 525.002 93.683105
C02 550.029 95.27812
C02 575.023 96.127914
C02 599.982 97.79996
C02 619.997 98.13474
C02 624.979 98.2858
C02 650.012 98.82616
C02 675.004 99.24359
C02 700.03 98.7501
C02 725.012 98.35721
C02 750.022 98.71268
C02 774.987 98.98994
C02 799.976 98.27521
C02 824.988 96.49553
C02 850.022 94.5977
C02 869.967 91.406006
C02 875.002 90.86351
C02 899.999 83.807816
C02 919.999 74.18311
C02 925.012 72.15619
C02 949.965 58.45048
C02 975.002 43.775734
C02 999.976 26.495834
C02 1025.028 11.429658
C02 1050.014 4.077471
C02 1075.002 2.1964083
C02 1099.99 1.5975057
C15 319.994 40.587444
C15 324.969 45.84257
C15 349.982 71.378815
C15 374.975 80.141495
C15 400.019 86.86983
C15 424.965 87.23218
C15 450.035 87.99651
C15 475.003 89.93278
C15 500.018 91.82066
C15 525.002 93.75171
C15 550.029 95.360245
C15 575.023 96.221146
C15 599.982 97.90998
C15 619.997 98.25635
C15 624.979 98.41192
C15 650.012 98.97049
C15 675.004 99.40418
C15 700.03 98.97003
C15 725.012 98.72673
C15 750.022 99.28463
C15 774.987 99.7713
C15 799.976 99.133644
C15 824.988 97.31963
C15 850.022 95.46766
C15 869.967 92.242256
C15 875.002 91.664185
C15 899.999 84.35531
C15 919.999 74.53713
C15 925.012 72.41422
C15 949.965 58.720432
C15 975.002 44.041584
C15 999.976 26.696503
C15 1025.028 11.516298
C15 1050.014 4.115486
C15 1075.002 2.2134094
C15 1099.99 1.6091874
C04 319.994 40.92724
C04 324.969 46.229332
C04 349.982 72.09144
C04 374.975 80.90048
C04 400.019 87.2393
C04 424.965 87.40255
C04 450.035 88.061356
C04 475.003 89.93406
C04 500.018 91.78093
C04 525.002 93.68707
C04 550.029 95.2726
C04 575.023 96.125206
C04 599.982 97.80363
C04 619.997 98.142654
C04 624.979 98.297585
C04 650.012 98.847084
C04 675.004 99.2711
C04 700.03 98.78071
C04 725.012 98.359505
C04 750.022 98.68257
C04 774.987 98.92735
C04 799.976 98.203026
C04 824.988 96.42439
C04 850.022 94.52802
C04 869.967 91.37934
C04 875.002 90.80821
C04 899.999 83.719604
C04 919.999 74.20176
C04 925.012 72.22087
C04 949.965 58.701504
C04 975.002 43.576218
C04 999.976 26.418785
C04 1025.028 11.363992
C04 1050.014 4.07531
C04 1075.002 2.1857657
C04 1099.99 1.5932589
C14 319.994 40.429314
C14 324.969 45.662617
C14 349.982 71.03695
C14 374.975 79.72859
C14 400.019 86.538635
C14 424.965 86.95909
C14 450.035 87.75643
C14 475.003 89.70849
C14 500.018 91.60562
C14 525.002 93.54044
C14 550.029 95.14789
C14 575.023 96.00743
C14 599.982 97.69003
C14 619.997 98.03255
C14 624.979 98.187256
C14 650.012 98.740486
C14 675.004 99.1716
C14 700.03 98.740685
C14 725.012 98.50454
C14 750.022 99.074326
C14 774.987 99.57598
C14 799.976 98.94866
C14 824.988 97.14544
C14 850.022 95.301636
C14 869.967 92.08054
C14 875.002 91.52487
C14 899.999 84.25566
C14 919.999 74.361336
C14 925.012 72.23265
C14 949.965 58.661648
C14 975.002 44.052433
C14 999.976 26.693554
C14 1025.028 11.552054
C14 1050.014 4.117373
C14 1075.002 2.2085288
C14 1099.99 1.6063042
C10 319.994 40.308952
C10 324.969 45.53273
C10 349.982 70.49483
C10 374.975 78.77001
C10 400.019 85.923256
C10 424.965 86.61243
C10 450.035 87.57639
C10 475.003 89.635994
C10 500.018 91.59775
C10 525.002 93.57345
C10 550.029 95.19267
C10 575.023 96.0488
C10 599.982 97.72219
C10 619.997 98.049164
C10 624.979 98.19871
C10 650.012 98.72943
C10 675.004 99.13389
C10 700.03 98.64938
C10 725.012 98.307495
C10 750.022 98.741684
C10 774.987 99.10759
C10 799.976 98.431046
C10 824.988 96.67544
C10 850.022 94.84009
C10 869.967 91.7488
C10 875.002 91.237686
C10 899.999 84.10673
C10 919.999 74.09016
C10 925.012 72.04241
C10 949.965 58.762794
C10 975.002 44.140015
C10 999.976 26.844688
C10 1025.028 11.714765
C10 1050.014 4.1820683
C10 1075.002 2.225208
C10 1099.99 1.6168333
C16 319.994 40.53844
C16 324.969 45.789936
C16 349.982 71.35092
C16 374.975 80.141846
C16 400.019 86.76122
C16 424.965 87.0654
C16 450.035 87.79737
C16 475.003 89.70766
C16 500.018 91.5799
C16 525.002 93.503654
C16 550.029 95.10206
C16 575.023 95.961494
C16 599.982 97.64964
C16 619.997 97.993866
C16 624.979 98.149055
C16 650.012 98.70694
C16 675.004 99.14411
C16 700.03 98.710266
C16 725.012 98.45595
C16 750.022 98.99758
C16 774.987 99.469154
C16 799.976 98.82605
C16 824.988 97.01331
C16 850.022 95.17072
C16 869.967 91.92713
C16 875.002 91.373085
C16 899.999 84.0176
C16 919.999 74.22008
C16 925.012 72.25617
C16 949.965 58.574722
C16 975.002 43.70027
C16 999.976 26.583094
C16 1025.028 11.494806
C16 1050.014 4.120564
C16 1075.002 2.210236
C16 1099.99 1.6024563
C12 319.994 40.366505
C12 324.969 45.59658
C12 349.982 70.7953
C12 374.975 79.29805
C12 400.019 86.24389
C12 424.965 86.78641
C12 450.035 87.65854
C12 475.003 89.65866
C12 500.018 91.58332
C12 525.002 93.53803
C12 550.029 95.15342
C12 575.023 96.010185
C12 599.982 97.69247
C12 619.997 98.02613
C12 624.979 98.18184
C12 650.012 98.722534
C12 675.004 99.146454
C12 700.03 98.711525
C12 725.012 98.469055
C12 750.022 99.03706
C12 774.987 99.533966
C12 799.976 98.91021
C12 824.988 97.11608
C12 850.022 95.28703
C12 869.967 92.08312
C12 875.002 91.54986
C12 899.999 84.28259
C12 919.999 74.34056
C12 925.012 72.25346
C12 949.965 58.729076
C12 975.002 44.101833
C12 999.976 26.776508
C12 1025.028 11.650747
C12 1050.014 4.1543136
C12 1075.002 2.2152717
C12 1099.99 1.6097063
C13 319.994 40.374622
C13 324.969 45.604923
C13 349.982 70.87814
C13 374.975 79.46357
C13 400.019 86.29878
C13 424.965 86.75792
C13 450.035 87.587105
C13 475.003 89.55347
C13 500.018 91.46173
C13 525.002 93.40161
C13 550.029 95.00868
C13 575.023 95.863815
C13 599.982 97.544624
C13 619.997 97.8829
C13 624.979 98.037575
C13 650.012 98.58453
C13 675.004 99.01083
C13 700.03 98.57936
C13 725.012 98.349976
C13 750.022 98.924904
C13 774.987 99.43247
C13 799.976 98.80994
C13 824.988 97.009384
C13 850.022 95.18969
C13 869.967 91.95991
C13 875.002 91.41059
C13 899.999 84.1341
C13 919.999 74.2914
C13 925.012 72.186424
C13 949.965 58.554443
C13 975.002 43.966892
C13 999.976 26.700033
C13 1025.028 11.586418
C13 1050.014 4.1334333
C13 1075.002 2.2092104
C13 1099.99 1.603855
C03 319.994 40.91529
C03 324.969 46.21454
C03 349.982 71.98729
C03 374.975 80.6979
C03 400.019 87.115974
C03 424.965 87.34071
C03 450.035 88.03742
C03 475.003 89.9317
C03 500.018 91.79416
C03 525.002 93.70916
C03 550.029 95.29767
C03 575.023 96.14765
C03 599.982 97.82531
C03 619.997 98.16077
C03 624.979 98.31433
C03 650.012 98.86415
C03 675.004 99.28064
C03 700.03 98.79121
C03 725.012 98.391235
C03 750.022 98.73824
C03 774.987 99.00696
C03 799.976 98.28963
C03 824.988 96.5032
C03 850.022 94.627304
C03 869.967 91.4158
C03 875.002 90.84226
C03 899.999 83.78261
C03 919.999 74.24109
C03 925.012 72.25299
C03 949.965 58.57572
C03 975.002 43.599033
C03 999.976 26.448841
C03 1025.028 11.403687
C03 1050.014 4.0655365
C03 1075.002 2.1847243
C03 1099.99 1.5958098
