lsstCam/transmission_filter_detector/r32_s02/i_39/19700101T000000.ecsv
# %ECSV 1.0
# ---
# datatype:
# - {name: wavelength, unit: nm, datatype: float32}
# - {name: efficiency, unit: '%', datatype: float64}
# meta: !!omap
# - {MODE: DETECTOR}
# - {TYPE: transmission_filter_detector}
# - {CALIBDATE: '1970-01-01T00:00:00'}
# - {INSTRUME: LSSTCam}
# - {OBSTYPE: transmission_filter_detector}
# - {CALIBCLS: lsst.ip.isr.IntermediateFilterDetectorTransmissionCurve}
# - {SOURCE: Materion (DM-46256)}
# - {DETECTOR: 137}
# - {FILTER: i_39}
# - {CALIB_ID: 'calibDate=1970-01-01T00:00:00 filter=i_39 detector=137'}
# - {DATE: '2025-04-02T15:59:47.114046'}
# - {CALIB_CREATION_DATE: '2025-04-02'}
# - {CALIB_CREATION_TIME: '15:59:47'}
# - __serialized_columns__:
#     efficiency:
#       __class__: astropy.units.quantity.Quantity
#       unit: !astropy.units.Unit {unit: '%'}
#       value: !astropy.table.SerializedColumn {name: efficiency}
#     wavelength:
#       __class__: astropy.units.quantity.Quantity
#       unit: !astropy.units.Unit {unit: nm}
#       value: !astropy.table.SerializedColumn {name: wavelength}
# schema: astropy-2.0
wavelength efficiency
[from data line 597]
897.0 1.5790802910045643e-10
898.0 1.5790802910045643e-10
899.0 1.5790802910045643e-10
900.0 1.5790802910045643e-10
901.0 1.5790802910045643e-10
902.0 1.5790802910045643e-10
903.0 1.5790802910045643e-10
904.0 1.5790802910045643e-10
905.0 1.5790802910045643e-10
906.0 3.538015960202756e-05
907.0 1.5790802910045643e-10
908.0 1.5790802910045643e-10
909.0 2.9592118266918988e-05
910.0 0.00019036737057831488
911.0 0.00010400755172668141
912.0 1.7647730032877007e-05
913.0 1.5790802910045643e-10
914.0 1.5790802910045643e-10
915.0 1.5790802910045643e-10
916.0 1.5790802910045643e-10
917.0 1.5790802910045643e-10
918.0 1.5790802910045643e-10
919.0 1.5790802910045643e-10
920.0 1.5790802910045643e-10
921.0 1.5885349924360526e-06
922.0 3.411111606510531e-05
923.0 4.6236235107244283e-05
924.0 5.836136551806703e-05
925.0 4.472076113870571e-05
926.0 3.108018233888288e-05
927.0 1.5790802910045643e-10
928.0 1.5790802910045643e-10
929.0 1.5790802910045643e-10
930.0 5.8771775002242066e-05
931.0 1.1557111179172352e-05
932.0 1.5790802910045643e-10
933.0 1.5790802910045643e-10
934.0 1.5790802910045643e-10
935.0 4.37198899305713e-06
936.0 4.6175642864909605e-05
937.0 3.760910942673945e-05
938.0 2.9042553251201753e-05
939.0 1.5790802910045643e-10
940.0 1.5790802910045643e-10
941.0 1.5790802910045643e-10
942.0 5.78007927742874e-05
943.0 9.50733181070973e-05
944.0 0.0001323458377555653
945.0 1.5790802910045643e-10
946.0 1.5790802910045643e-10
947.0 1.5790802910045643e-10
948.0 4.335411460942851e-05
949.0 5.733084549319756e-05
950.0 7.130763037821453e-05
951.0 6.555600862157007e-05
952.0 5.980439823360939e-05
953.0 2.663276461589703e-05
954.0 1.5790802910045643e-10
955.0 1.5790802910045643e-10
956.0 1.5790802910045643e-10
957.0 1.5790802910045643e-10
958.0 7.250877231967934e-07
959.0 8.126143029585364e-05
960.0 0.0001617977773094026
961.0 7.510769819418783e-05
962.0 1.5790802910045643e-10
963.0 0.00013349532537176856
964.0 0.0002785730885079829
965.0 0.00022708186406816822
966.0 0.00017559067373440485
967.0 1.5790802910045643e-10
968.0 1.5790802910045643e-10
969.0 1.5790802910045643e-10
970.0 8.850435762042252e-06
971.0 1.4946566295748198e-05
972.0 2.1042686171313107e-05
973.0 4.619264188931993e-05
974.0 7.134259476515581e-05
975.0 3.6942072512147206e-06
976.0 1.5790802910045643e-10
977.0 1.5790802910045643e-10
978.0 2.7815065095637692e-05
979.0 1.5790802910045643e-10
980.0 1.5790802910045643e-10
981.0 1.5790802910045643e-10
982.0 1.5790802910045643e-10
983.0 1.5790802910045643e-10
984.0 1.5790802910045643e-10
985.0 2.4467246362291917e-05
986.0 5.389704256231198e-05
987.0 1.5790802910045643e-10
988.0 1.5790802910045643e-10
989.0 1.5790802910045643e-10
990.0 1.5790802910045643e-10
991.0 0.0001271046699002909
992.0 0.000289985109702684
993.0 0.00013766252777713817
994.0 1.5790802910045643e-10
995.0 6.493332875834312e-05
996.0 0.00014452672303377767
997.0 0.0001427635197615018
998.0 0.00014100028238317464
999.0 0.00018430135924063507
1000.0 0.00022760236788599286
1001.0 0.0003475955509202322
1002.0 0.00046758873395447154
1003.0 0.000307780237562838
1004.0 0.00014797171843383694
1005.0 0.00011649914313238696
1006.0 8.502650530317624e-05
1007.0 7.319257520066458e-05
1008.0 6.13586507824948e-05
1009.0 0.00022369629277818603
1010.0 0.0003860338892991422
1011.0 0.00022693659502692753
1012.0 6.78393405451061e-05
1013.0 0.0001312011477239139
1014.0 0.0001945629492183798
1015.0 0.00019679018805618398
1016.0 0.0001990174496313557
1017.0 0.00018343633882977883
1018.0 0.00016785522802820196
1019.0 8.614537705398106e-05
1020.0 4.43552536921743e-06
1021.0 9.817090358410496e-05
1022.0 0.000191906269719766
1023.0 0.00014049508081370732
1024.0 8.90839146450162e-05
1025.0 0.0001777777015377069
1026.0 0.0002664715339051327
1027.0 0.0003964785264543025
1028.0 0.0005264854735287372
1029.0 0.0009220610991178546
1030.0 0.0013176366337575018
1031.0 0.001708933814370539
1032.0 0.002100230813084636
1033.0 0.002376147313043475
1034.0 0.0026520639949012548
1035.0 0.003091849066549912
1036.0 0.00353163450199645
1037.0 0.003403839946258813
1038.0 0.003276045390521176
1039.0 0.0031349783967016265
1040.0 0.002993911584781017
1041.0 0.0030230366974137723
1042.0 0.003052161991945468
1043.0 0.003215553078916855
1044.0 0.003378944529686123
1045.0 0.0030836512451060116
1046.0 0.0027883577786269598
1047.0 0.0028741409551003017
1048.0 0.0029599241315736435
1049.0 0.002569472599134315
1050.0 0.002179021066694986
1051.0 0.001974373299162835
1052.0 0.001769725713529624
1053.0 0.0014916820873622783
1054.0 0.0012136384611949325
1055.0 0.0007446191375493072
1056.0 0.0002755998366410495
1057.0 0.0004924031145492336
1058.0 0.0007092064606695203
1059.0 0.001058433554135263
1060.0 0.0014076606930757407
1061.0 0.0011909034583368339
1062.0 0.0009741464054968674
1063.0 0.001801880898710806
1064.0 0.002629615119076334
1065.0 0.0030755240004509687
1066.0 0.003521432518027723
1067.0 0.004201102638035081
1068.0 0.0048807731218403205
1069.0 0.004465757228899747
1070.0 0.004050740972161293
1071.0 0.003940367969335057
1072.0 0.0038299949665088207
1073.0 0.0034097025491064414
1074.0 0.0029894108592998236
1075.0 0.002939680780400522
1076.0 0.0028899512471980415
1077.0 0.002591112752270419
1078.0 0.002292274439241737
1079.0 0.0022206171706784517
1080.0 0.0021489600840141065
1081.0 0.0013471571037371177
1082.0 0.0005453543508338043
1083.0 0.0006204464625625405
1084.0 0.0006955387561902171
1085.0 0.0007388521680695703
1086.0 0.000782165807322599
1087.0 0.0006686126653221436
1088.0 0.0005550596597458934
1089.0 0.00013587442708740127
1090.0 1.5790802910045643e-10
1091.0 6.913320476087392e-05
1092.0 0.00042157726056757383
1093.0 0.0005632186457660282
1094.0 0.000704859758116072
1095.0 1.5790802910045643e-10
1096.0 1.5790802910045643e-10
1097.0 1.5790802910045643e-10
1098.0 1.5790802910045643e-10
1099.0 0.0006046344424248673
1100.0 0.0022517833713209257
