lsstCam/transmission_filter_detector/r32_s02/i_39/19700101T000000.ecsv
# %ECSV 1.0
# ---
# datatype:
# - {name: wavelength, unit: nm, datatype: float32}
# - {name: efficiency, unit: '%', datatype: float64}
# meta: !!omap
# - {MODE: DETECTOR}
# - {TYPE: transmission_filter_detector}
# - {CALIBDATE: '1970-01-01T00:00:00'}
# - {INSTRUME: LSSTCam}
# - {OBSTYPE: transmission_filter_detector}
# - {CALIBCLS: lsst.ip.isr.IntermediateFilterDetectorTransmissionCurve}
# - {SOURCE: Materion (DM-46256)}
# - {DETECTOR: 137}
# - {FILTER: i_39}
# - {CALIB_ID: 'calibDate=1970-01-01T00:00:00 filter=i_39 detector=137'}
# - {DATE: '2025-04-02T15:59:47.114046'}
# - {CALIB_CREATION_DATE: '2025-04-02'}
# - {CALIB_CREATION_TIME: '15:59:47'}
# - __serialized_columns__:
#     efficiency:
#       __class__: astropy.units.quantity.Quantity
#       unit: !astropy.units.Unit {unit: '%'}
#       value: !astropy.table.SerializedColumn {name: efficiency}
#     wavelength:
#       __class__: astropy.units.quantity.Quantity
#       unit: !astropy.units.Unit {unit: nm}
#       value: !astropy.table.SerializedColumn {name: wavelength}
# schema: astropy-2.0
wavelength efficiency
300.0 1.5790802910045643e-10
301.0 1.5790802910045643e-10
302.0 1.5790802910045643e-10
303.0 1.5790802910045643e-10
304.0 0.0039664359064772725
305.0 0.006405197927961126
306.0 0.008843962132232264
307.0 0.0035623423173092306
308.0 1.5790802910045643e-10
309.0 0.002651874274306465
310.0 0.007023026410024613
311.0 0.002380274781899061
312.0 1.5790802910045643e-10
313.0 1.5790802910045643e-10
314.0 1.5790802910045643e-10
315.0 1.5790802910045643e-10
316.0 0.0032102278055390343
317.0 0.00280761050817091
318.0 0.0024049935746006668
319.0 0.003197326441295445
320.0 0.003989659671788104
321.0 0.003190877760061994
322.0 0.0023920943931443617
323.0 0.003228993955417536
324.0 0.004065891698701307
325.0 0.0009975782631954644
326.0 1.5790802910045643e-10
327.0 1.5790802910045643e-10
328.0 1.5790802910045643e-10
329.0 1.5790802910045643e-10
330.0 0.0009038222742674407
331.0 0.0024904436941142194
332.0 0.0040770642954157665
333.0 0.0030385983336600475
334.0 0.0020001323719043285
335.0 0.0012539201634353958
336.0 0.0005077080459159333
337.0 0.00030608327961090254
338.0 0.0001044582063514099
339.0 0.0005864575541636441
340.0 0.001068456913344562
341.0 0.0008977342076832429
342.0 0.0007270115929713938
343.0 0.0007108159479685128
344.0 0.0006946204848645721
345.0 0.000348240791936405
346.0 1.8611794772027679e-06
347.0 1.5790802910045643e-10
348.0 1.5790802910045643e-10
349.0 1.5790802910045643e-10
350.0 0.0015788233213243075
351.0 0.00037516899737966014
352.0 1.5790802910045643e-10
353.0 1.5790802910045643e-10
354.0 1.5790802910045643e-10
355.0 1.5790802910045643e-10
356.0 0.0007992747669050004
357.0 0.0007245444066938944
358.0 0.0006498140919575235
359.0 0.00022035344500181964
360.0 1.5790802910045643e-10
361.0 1.5790802910045643e-10
362.0 1.5790802910045643e-10
363.0 1.5790802910045643e-10
364.0 1.5790802910045643e-10
365.0 1.5790802910045643e-10
366.0 1.5790802910045643e-10
367.0 1.5790802910045643e-10
368.0 9.523762400931446e-05
369.0 0.00023732086447125766
370.0 0.00037940415040793596
371.0 0.0004389384230307769
372.0 0.0004984726274415152
373.0 0.000400880253437208
374.0 0.00030328769753396045
375.0 0.00040240884118247777
376.0 0.00050152993935626
377.0 0.0002236427235402516
378.0 1.5790802910045643e-10
379.0 0.0001760227178237983
380.0 0.00040628970054967795
381.0 2.9901261200393492e-05
382.0 1.5790802910045643e-10
383.0 1.5790802910045643e-10
384.0 0.00013992043932375964
385.0 8.978159939942998e-05
386.0 3.964280494983541e-05
387.0 1.5790802910045643e-10
388.0 1.5790802910045643e-10
389.0 1.5790802910045643e-10
390.0 1.5790802910045643e-10
391.0 1.5790802910045643e-10
392.0 1.5790802910045643e-10
393.0 1.5790802910045643e-10
394.0 1.5790802910045643e-10
395.0 0.00028542199288494885
396.0 0.0005926798166910885
397.0 0.00099847884484916
398.0 0.0014042777365830261
399.0 0.0015002804502728395
400.0 0.0015962828911142424
401.0 0.0027483592930366285
402.0 0.003900435331161134
403.0 0.005014202542952262
404.0 0.0061279701185412705
405.0 0.003869380452670157
406.0 0.001610790604900103
407.0 0.0030553637770935893
408.0 0.004499937494983897
409.0 0.004639120015781373
410.0 0.00477830290037673
411.0 0.005778032573289238
412.0 0.006777762609999627
413.0 0.005956776294624433
414.0 0.005135789615451358
415.0 0.0037236157368170097
416.0 0.00231144131248584
417.0 0.0038940299418754876
418.0 0.0054766172979725525
419.0 0.004072660885867663
420.0 0.0026687026547733694
421.0 0.0036276604078011587
422.0 0.004586618160828948
423.0 0.004822749906452373
424.0 0.005058882379671559
425.0 0.0057989069318864495
426.0 0.00653893148410134
427.0 0.005842947939527221
428.0 0.005146964031155221
429.0 0.0044877400796394795
430.0 0.0038285164919216186
431.0 0.0034699023672146723
432.0 0.0031112886063056067
433.0 0.002572308039816562
434.0 0.002033327655226458
435.0 0.0017531887351651676
436.0 0.0014730495422554668
437.0 0.00167739053722471
438.0 0.0018817318050423637
439.0 0.0014533109606418293
440.0 0.0010248899343423545
441.0 0.0015134538443817291
442.0 0.0020020177544211037
443.0 0.0021097272110637277
444.0 0.002217436849605292
445.0 0.0013887594832340255
446.0 0.0005600822078122292
447.0 0.0003260466428400832
448.0 9.201099260280898e-05
449.0 0.0002311121079401346
450.0 0.000370213183487067
451.0 0.0005087777935841586
452.0 0.0006473424036812503
453.0 0.0011699388778652065
454.0 0.0016925352610996924
455.0 0.0016952737496467307
456.0 0.001698012238193769
457.0 0.001091093054128578
458.0 0.00048417387006338686
459.0 0.0006069344181014458
460.0 0.0007296949661395047
461.0 0.00062875919866201
462.0 0.0005278235221339855
463.0 0.0005886588496650802
464.0 0.000649494268145645
465.0 0.0005048208095104201
466.0 0.0003601474418246653
467.0 0.0005001992121833609
468.0 0.0006402510280167917
469.0 0.000606876574238413
470.0 0.0005735022114095045
471.0 0.0006382434094120981
472.0 0.0007029850166873075
473.0 0.0007797382750140969
474.0 0.0008564917152398266
475.0 0.0006167481842567213
476.0 0.00037700453958677826
477.0 0.0003326133537484566
478.0 0.00028822194053645944
479.0 0.001083837832993595
480.0 0.0018794538846123032
481.0 0.002399092772975564
482.0 0.0029187320251367055
483.0 0.004401300247991458
484.0 0.005883868288947269
485.0 0.007563729741377756
486.0 0.00924358973861672
487.0 0.011405256373109296
488.0 0.013566920824814588
489.0 0.016173796029761434
490.0 0.018780669779516757
491.0 0.02124753809766844
492.0 0.023714407871011645
493.0 0.02487685123924166
494.0 0.026039296062663198
495.0 0.023396113829221576
496.0 0.020752931595779955
497.0 0.01691241777734831
498.0 0.013071905414108187
499.0 0.009114297427004203
500.0 0.005156690531293862
501.0 0.0036590849049389362
502.0 0.002161479278584011
503.0 0.002101745303662028
504.0 0.0020420109649421647
505.0 0.002085062260448467
506.0 0.0021281135559547693
507.0 0.002156696245947387
508.0 0.0021852791178389452
509.0 0.002120944918715395
510.0 0.002056610719591845
511.0 0.001880498166428879
512.0 0.001704385613265913
513.0 0.0017445592675358057
514.0 0.0017847332856035791
515.0 0.0020180830688332208
516.0 0.0022514330339618027
517.0 0.002386486085015349
518.0 0.0025215391360688955
519.0 0.0022470678231911734
520.0 0.0019725965103134513
521.0 0.001754781806084793
522.0 0.0015369671018561348
523.0 0.0014531034139508847
524.0 0.001369239453197224
525.0 0.0019254184735473245
526.0 0.002481597402947955
527.0 0.0026468751457287
528.0 0.0028121527066105045
529.0 0.002574517020548228
530.0 0.002336880970688071
531.0 0.002014654819504358
532.0 0.0016924290321185254
533.0 0.0016647420125082135
534.0 0.001637055174796842
535.0 0.001859688745753374
536.0 0.002082322316709906
537.0 0.002774646236503031
538.0 0.0034669701562961563
539.0 0.004124201223021373
540.0 0.00478143228974659
541.0 0.005197997597861104
542.0 0.005614563633571379
543.0 0.0053017625759821385
544.0 0.0049889622459886596
545.0 0.003947841832996346
546.0 0.002906721601902973
547.0 0.0023287480871658772
548.0 0.0017507749362266622
549.0 0.0016117459381348453
550.0 0.0014727171219419688
551.0 0.0015827015886316076
552.0 0.001692685873422306
553.0 0.0015853476725169457
554.0 0.0014780092897126451
555.0 0.001018502462102333
556.0 0.000558995589017286
557.0 0.0007192904831754277
558.0 0.0008795853318588343
559.0 0.0007706401447649114
560.0 0.0006616950031457236
561.0 0.001156719918071758
562.0 0.001651745151320938
563.0 0.0016009485989343375
564.0 0.0015501522284466773
565.0 0.00135608433993184
566.0 0.0011620166333159432
567.0 0.000957713109528413
568.0 0.0007534094493166776
569.0 0.0008083553439064417
570.0 0.0008633012839709409
571.0 0.0006607473096664762
572.0 0.00045819306251360103
573.0 0.000571265309190494
574.0 0.0006843375103926519
575.0 0.0005984454674035078
576.0 0.0005125535153638339
577.0 0.0004724842256109696
578.0 0.0004324149813328404
579.0 0.0004635194727597991
580.0 0.0004946241460856982
581.0 0.0004286792773200432
582.0 0.0003627344995038584
583.0 0.000501041586176143
584.0 0.0006393486273736926
585.0 0.0005959333066130057
586.0 0.000552518076801789
587.0 0.000539341908734059
588.0 0.0005261657406663289
589.0 0.0006583419235539623
590.0 0.0007905180609668605
591.0 0.0006633320936089149
592.0 0.0005361460807762342
593.0 0.0005898551080463221
594.0 0.000643564089841675
595.0 0.0004924148015561514
596.0 0.00034126549053326016
597.0 0.0004237896064296365
598.0 0.0005063136541139102
599.0 0.00036114779504714534
600.0 0.00021598200419248315
601.0 0.00027093633434560616
602.0 0.0003258906872360967
603.0 0.0002502753659427981
604.0 0.00017466004464949947
605.0 0.0002034817953244783
606.0 0.00023230354599945713
607.0 0.00028643689802265726
608.0 0.00034057031825796
609.0 0.00039671654121775646
610.0 0.00045286278691492043
611.0 0.0004457587692741072
612.0 0.00043865470615855884
613.0 0.00045824431254004594
614.0 0.00047783391892153304
615.0 0.0004139648353884695
616.0 0.00035009579733014107
617.0 0.0003799487103606225
618.0 0.00040980162339110393
619.0 0.0003417469088162761
620.0 0.0002736921942414483
621.0 0.00017285863123106537
622.0 7.202506822068244e-05
623.0 0.0002705099177546799
624.0 0.0004689947672886774
625.0 0.00037206500564934686
626.0 0.0002751352894847514
627.0 0.0003526533873809967
628.0 0.00043017148527724203
629.0 0.00037592540138575714
630.0 0.0003216792947569047
631.0 0.000361090428668831
632.0 0.0004005013579444494
633.0 0.00040907257243816275
634.0 0.00041764365050767083
635.0 0.00045029646571492776
636.0 0.0004829492809221847
637.0 0.0005036412858316908
638.0 0.0005243332907411968
639.0 0.0005745718226535246
640.0 0.0006248104000405874
641.0 0.0006200902589625912
642.0 0.000615370117884595
643.0 0.0006523966021632077
644.0 0.0006894230864418205
645.0 0.0007229880793602206
646.0 0.0007565532087028259
647.0 0.0006709572971885791
648.0 0.0005853613401995972
649.0 0.0006849129476904636
650.0 0.0007844646461308002
651.0 0.0008844542207953054
652.0 0.0009844436135608703
653.0 0.0009579258403391577
654.0 0.0009314081580669153
655.0 0.0013472821592586115
656.0 0.0017631558876018971
657.0 0.002817147469613701
658.0 0.0038711386878276244
659.0 0.00640600046608597
660.0 0.01500302751082927
661.0 0.17097286181524396
662.0 0.10997572680935264
663.0 0.13863135827705264
664.0 0.10784262558445334
665.0 0.12796454830095172
666.0 0.1561465091072023
667.0 0.23957293014973402
668.0 0.224998383782804
669.0 0.3202899591997266
670.0 0.49974350258708
671.0 0.7641058415174484
672.0 1.2897782027721405
673.0 1.938832737505436
674.0 2.827465534210205
675.0 3.8460753858089447
676.0 5.000263452529907
677.0 6.383097916841507
678.0 7.806041836738586
679.0 9.451962262392044
680.0 11.681744456291199
681.0 13.943228125572205
682.0 16.520586609840393
683.0 19.370342791080475
684.0 22.385217249393463
685.0 25.306090712547302
686.0 28.304868936538696
687.0 31.68386220932007
688.0 35.18044948577881
689.0 38.87373208999634
690.0 43.127062916755676
691.0 47.806596755981445
692.0 53.16264033317566
693.0 58.79821181297302
694.0 64.99128341674805
695.0 70.68854570388794
696.0 76.884526014328
697.0 82.13666081428528
698.0 87.37642765045166
699.0 91.08532667160034
700.0 93.62471103668213
701.0 95.54893970489502
702.0 96.72310948371887
703.0 97.27480411529541
704.0 97.53099083900452
705.0 97.84992933273315
706.0 97.72942066192627
707.0 97.91675806045532
708.0 97.83658981323242
709.0 97.91486263275146
710.0 97.72525429725647
711.0 98.01108241081238
712.0 97.86797761917114
713.0 98.02086353302002
714.0 98.14218878746033
715.0 98.16633462905884
716.0 97.96870946884155
717.0 98.1201171875
718.0 98.13234210014343
719.0 98.05070161819458
720.0 98.18585515022278
721.0 98.04401993751526
722.0 97.6671814918518
723.0 97.44054675102234
724.0 97.1461832523346
725.0 97.03059792518616
726.0 96.82539105415344
727.0 96.61659598350525
728.0 96.48628830909729
729.0 96.28533720970154
730.0 96.50501608848572
731.0 96.57519459724426
732.0 96.60550355911255
733.0 97.02643752098083
734.0 97.35127091407776
735.0 97.54493832588196
736.0 97.90618419647217
737.0 98.19437265396118
738.0 98.38275909423828
739.0 98.6984372138977
740.0 98.75398278236389
741.0 98.63359332084656
742.0 98.88990521430969
743.0 98.71289730072021
744.0 98.54303002357483
745.0 98.57717156410217
746.0 98.4895408153534
747.0 98.728346824646
748.0 98.60895872116089
749.0 98.56958985328674
750.0 98.4908938407898
751.0 98.4504222869873
752.0 98.32651019096375
753.0 98.60222935676575
754.0 98.4829306602478
755.0 98.54611158370972
756.0 98.5516369342804
757.0 98.63507747650146
758.0 98.72108101844788
759.0 98.73833656311035
760.0 98.64009618759155
761.0 98.58888983726501
762.0 98.70918989181519
763.0 98.6322283744812
764.0 98.61719012260437
765.0 98.44063520431519
766.0 98.5235869884491
767.0 98.28271269798279
768.0 98.26442003250122
769.0 98.16914200782776
770.0 97.93740510940552
771.0 97.92959094047546
772.0 97.97616600990295
773.0 97.94579744338989
774.0 97.74937629699707
775.0 97.80757427215576
776.0 97.78549671173096
777.0 97.96738028526306
778.0 97.97614812850952
779.0 98.09951186180115
780.0 97.96615839004517
781.0 98.49377870559692
782.0 98.31665754318237
783.0 98.46660494804382
784.0 98.42985272407532
785.0 98.56891632080078
786.0 98.63062500953674
787.0 98.3596920967102
788.0 98.44877123832703
789.0 98.57493042945862
790.0 98.50144386291504
791.0 98.4711766242981
792.0 98.25378656387329
793.0 98.13225269317627
794.0 98.06711077690125
795.0 97.94344305992126
796.0 97.88545370101929
797.0 97.96328544616699
798.0 97.8477418422699
799.0 97.76012897491455
800.0 97.44313359260559
801.0 97.47686386108398
802.0 97.13482856750488
803.0 96.71611189842224
804.0 96.05172276496887
805.0 95.01899480819702
806.0 94.04755234718323
807.0 92.54934787750244
808.0 90.586918592453
809.0 88.54413032531738
810.0 86.20871305465698
811.0 83.1775426864624
812.0 79.8776626586914
813.0 76.10841393470764
814.0 71.99773788452148
815.0 67.56627559661865
816.0 63.178759813308716
817.0 58.54267477989197
818.0 53.73414158821106
819.0 49.579572677612305
820.0 44.746947288513184
821.0 40.29063582420349
822.0 35.80389320850372
823.0 31.20088279247284
824.0 26.636412739753723
825.0 22.415384650230408
826.0 18.045327067375183
827.0 13.714821636676788
828.0 10.079406201839447
829.0 6.925816833972931
830.0 4.307245835661888
831.0 2.746742032468319
832.0 1.6072403639554977
833.0 0.8649266324937344
834.0 0.5271668080240488
835.0 0.2757339272648096
836.0 0.15406241873279214
837.0 0.15813002828508615
838.0 0.06457945564761758
839.0 0.04027193645015359
840.0 0.002301173299201764
841.0 1.5790802910045643e-10
842.0 1.5790802910045643e-10
843.0 1.5790802910045643e-10
844.0 0.003142055356875062
845.0 1.5790802910045643e-10
846.0 0.004833151615457609
847.0 1.5790802910045643e-10
848.0 0.018974210252054036
849.0 1.5790802910045643e-10
850.0 1.5790802910045643e-10
851.0 0.0016037733075791039
852.0 0.002291416603839025
853.0 0.0016695134036126547
854.0 0.0010476102033862844
855.0 0.00043637273847707547
856.0 1.5790802910045643e-10
857.0 1.5790802910045643e-10
858.0 8.897492875803437e-05
859.0 1.5790802910045643e-10
860.0 1.5790802910045643e-10
861.0 1.5790802910045643e-10
862.0 1.5790802910045643e-10
863.0 1.5790802910045643e-10
864.0 1.5790802910045643e-10
865.0 1.5790802910045643e-10
866.0 1.5790802910045643e-10
867.0 1.5790802910045643e-10
868.0 1.5790802910045643e-10
869.0 1.5790802910045643e-10
870.0 6.433941734940163e-05
871.0 6.402982535291812e-05
872.0 6.372021061906707e-05
873.0 3.9776281823833415e-05
874.0 1.5832351607514283e-05
875.0 1.5790802910045643e-10
876.0 1.5790802910045643e-10
877.0 1.5790802910045643e-10
878.0 3.4027880246867426e-05
879.0 9.398870020049799e-05
880.0 0.00015394958836623118
881.0 0.00011945350024689105
882.0 8.49574632866279e-05
883.0 1.5790802910045643e-10
884.0 1.5790802910045643e-10
885.0 1.5790802910045643e-10
886.0 4.972275178261043e-05
887.0 1.5790802910045643e-10
888.0 1.5790802910045643e-10
889.0 1.5790802910045643e-10
890.0 0.00010247745194646996
891.0 9.981109769796603e-05
892.0 9.714472071209457e-05
893.0 1.5790802910045643e-10
894.0 1.5790802910045643e-10
895.0 1.5790802910045643e-10
