lsstCam/transmission_filter_detector/r31_s20/i_39/19700101T000000.ecsv
# %ECSV 1.0
# ---
# datatype:
# - {name: wavelength, unit: nm, datatype: float32}
# - {name: efficiency, unit: '%', datatype: float64}
# meta: !!omap
# - {MODE: DETECTOR}
# - {TYPE: transmission_filter_detector}
# - {CALIBDATE: '1970-01-01T00:00:00'}
# - {INSTRUME: LSSTCam}
# - {OBSTYPE: transmission_filter_detector}
# - {CALIBCLS: lsst.ip.isr.IntermediateFilterDetectorTransmissionCurve}
# - {SOURCE: Materion (DM-46256)}
# - {DETECTOR: 132}
# - {FILTER: i_39}
# - {CALIB_ID: 'calibDate=1970-01-01T00:00:00 filter=i_39 detector=132'}
# - {DATE: '2025-04-02T15:59:47.091036'}
# - {CALIB_CREATION_DATE: '2025-04-02'}
# - {CALIB_CREATION_TIME: '15:59:47'}
# - __serialized_columns__:
#     efficiency:
#       __class__: astropy.units.quantity.Quantity
#       unit: !astropy.units.Unit {unit: '%'}
#       value: !astropy.table.SerializedColumn {name: efficiency}
#     wavelength:
#       __class__: astropy.units.quantity.Quantity
#       unit: !astropy.units.Unit {unit: nm}
#       value: !astropy.table.SerializedColumn {name: wavelength}
# schema: astropy-2.0
wavelength efficiency
300.0 1.6273657768572924e-10
301.0 1.6273657768572924e-10
302.0 0.0008677076039020903
303.0 0.008415688353125006
304.0 0.015963672194629908
305.0 0.019960911595262587
306.0 0.02395814808551222
307.0 0.016125602996908128
308.0 0.008293054270325229
309.0 0.005775255704065785
310.0 0.0032574589567957446
311.0 1.6273657768572924e-10
312.0 1.6273657768572924e-10
313.0 1.6273657768572924e-10
314.0 1.6273657768572924e-10
315.0 1.6273657768572924e-10
316.0 1.6273657768572924e-10
317.0 1.6273657768572924e-10
318.0 1.6273657768572924e-10
319.0 0.00322643609251827
320.0 0.00686359780956991
321.0 0.0036266050301492214
322.0 0.00038961079553700984
323.0 0.00100479383036145
324.0 0.0016199755918933079
325.0 0.0023939584934851155
326.0 0.0031679421226726845
327.0 0.0007163049758673878
328.0 1.6273657768572924e-10
329.0 0.0005444281214295188
330.0 0.002824187686201185
331.0 0.002594236866571009
332.0 0.002364285319345072
333.0 0.002064635009446647
334.0 0.0017649854271439835
335.0 0.0016873100321390666
336.0 0.0016096344552352093
337.0 0.002675539144547656
338.0 0.0037414440157590434
339.0 0.0019036386220250279
340.0 6.583328513443121e-05
341.0 1.6273657768572924e-10
342.0 1.6273657768572924e-10
343.0 1.6273657768572924e-10
344.0 1.6273657768572924e-10
345.0 0.000666277719574282
346.0 0.002227225195383653
347.0 0.0009894925824482925
348.0 1.6273657768572924e-10
349.0 1.6273657768572924e-10
350.0 0.00019295248421258293
351.0 6.894433823845247e-06
352.0 1.6273657768572924e-10
353.0 1.6273657768572924e-10
354.0 1.6273657768572924e-10
355.0 0.00048477627387910616
356.0 0.0014786030078539625
357.0 0.0001497056018706644
358.0 1.6273657768572924e-10
359.0 1.6273657768572924e-10
360.0 0.0005733570105803665
361.0 0.0003227926299587125
362.0 7.222836870823812e-05
363.0 1.6273657768572924e-10
364.0 1.6273657768572924e-10
365.0 1.6273657768572924e-10
366.0 0.0008199226613214705
367.0 0.000819522756501101
368.0 0.0008191227607312612
369.0 0.0001403851570103143
370.0 1.6273657768572924e-10
371.0 1.6273657768572924e-10
372.0 1.6273657768572924e-10
373.0 0.0002873830680982792
374.0 0.0006040017069608439
375.0 0.0005142111149325501
376.0 0.00042442056837899145
377.0 0.0003308313353045378
378.0 0.00023724201128061395
379.0 0.0005068272912467364
380.0 0.0007764123438391834
381.0 0.0004788214937434532
382.0 0.0001812308028092957
383.0 0.00013836449852533406
384.0 9.5498114660586e-05
385.0 0.00030355543003679486
386.0 0.000511612779519055
387.0 0.00011237677881581476
388.0 1.6273657768572924e-10
389.0 1.6273657768572924e-10
390.0 1.6273657768572924e-10
391.0 1.6273657768572924e-10
392.0 1.6273657768572924e-10
393.0 1.6273657768572924e-10
394.0 0.0004147842901147669
395.0 0.0006743580797774484
396.0 0.0009339318239653949
397.0 0.0006416940777853597
398.0 0.00034945635434269207
399.0 0.0010558114809100516
400.0 0.0017621667211642489
401.0 0.0020461593521758914
402.0 0.0023301518012885936
403.0 0.001820028955989983
404.0 0.0013099051102472004
405.0 0.0030118935683276504
406.0 0.004713882299256511
407.0 0.004742174860439263
408.0 0.0047704674216220155
409.0 0.00386708888981957
410.0 0.002963710176118184
411.0 0.0028514139557955787
412.0 0.002739117917371914
413.0 0.0038625032175332308
414.0 0.0049858888814924285
415.0 0.0055405758757842705
416.0 0.006095262506278232
417.0 0.006587913230760023
418.0 0.007080562500050291
419.0 0.00426406622864306
420.0 0.001447569957235828
421.0 0.0024464321541017853
422.0 0.003445293987169862
423.0 0.003926824501832016
424.0 0.004408354652696289
425.0 0.0050940434448421
426.0 0.005779732600785792
427.0 0.005310656342771836
428.0 0.004841580084757879
429.0 0.0037655721826013178
430.0 0.0026895644623436965
431.0 0.003306757571408525
432.0 0.003923950498574413
433.0 0.002989278254972305
434.0 0.0020546061932691373
435.0 0.002169087929360103
436.0 0.002283570029248949
437.0 0.0017116686649387702
438.0 0.0011397673915780615
439.0 0.001304094803344924
440.0 0.0014684220332128461
441.0 0.001103453087125672
442.0 0.000738484186513233
443.0 0.0010491215107322205
444.0 0.0013597587894764729
445.0 0.0007061250016704435
446.0 5.2491151336653274e-05
447.0 0.000177497668119031
448.0 0.00030250414511101553
449.0 0.00025846456992439926
450.0 0.00021442483557621017
451.0 0.0004267862095730379
452.0 0.0006391477199940709
453.0 0.0005881467131985119
454.0 0.000537145842827158
455.0 0.0007083724085532594
456.0 0.000879599065228831
457.0 0.0005334826710168272
458.0 0.00018736610627456685
459.0 0.0005109843186801299
460.0 0.0008346024515049066
461.0 0.0007829937203496229
462.0 0.0007313849891943391
463.0 0.0005802238320029574
464.0 0.00042906272028631065
465.0 0.00033328735753457295
466.0 0.00023751229036861332
467.0 0.0003152738827338908
468.0 0.00039303536141233053
469.0 0.0004656246346712578
470.0 0.0005382140443543904
471.0 0.0004394471943669487
472.0 0.00034068061722791754
473.0 0.0003351865188960801
474.0 0.00032969248877634527
475.0 0.0003273652737334487
476.0 0.0003250379904784495
477.0 0.0005163980404176982
478.0 0.0007077579994074767
479.0 0.0008746266757952981
480.0 0.0010414954886073247
481.0 0.0014186486623657402
482.0 0.001795802018023096
483.0 0.002881908221752383
484.0 0.003968014061683789
485.0 0.004862360219703987
486.0 0.005756704922532663
487.0 0.007986833952600136
488.0 0.010216961527476087
489.0 0.013664022844750434
490.0 0.01711108343442902
491.0 0.020815068273805082
492.0 0.024519054568372667
493.0 0.027106056222692132
494.0 0.029693057877011597
495.0 0.028245634166523814
496.0 0.026798207545652986
497.0 0.021990854293107986
498.0 0.01718350249575451
499.0 0.012909872748423368
500.0 0.008636244456283748
501.0 0.005633353066514246
502.0 0.0026304598577553406
503.0 0.002109452361764852
504.0 0.0015884448657743633
505.0 0.0017051270333467983
506.0 0.0018218092009192333
507.0 0.0020515572032309137
508.0 0.002281305023643654
509.0 0.0022461608750745654
510.0 0.002211016726505477
511.0 0.0018930288206320256
512.0 0.0015750410966575146
513.0 0.001655259075050708
514.0 0.0017354772353428416
515.0 0.0020702089386759326
516.0 0.0024049406420090236
517.0 0.0022501442799693905
518.0 0.002095348281727638
519.0 0.0017208642020705156
520.0 0.0013463799405144528
521.0 0.001640150549064856
522.0 0.00193392152141314
523.0 0.0018847080355044454
524.0 0.0018354947314946912
525.0 0.0022021884433343075
526.0 0.002568882337072864
527.0 0.0028811575248255394
528.0 0.0031934327125782147
529.0 0.003116125299129635
530.0 0.0030388175218831748
531.0 0.0026862073355005123
532.0 0.0023335971491178498
533.0 0.0018817696400219575
534.0 0.001429942039976595
535.0 0.0016350271835108288
536.0 0.0018401122360955924
537.0 0.0022673781131743453
538.0 0.0026946441721520387
539.0 0.003337647649459541
540.0 0.003980651672463864
541.0 0.004623152199201286
542.0 0.005265652725938708
543.0 0.005016581417294219
544.0 0.004767510108649731
545.0 0.004255198655300774
546.0 0.0037428875657496974
547.0 0.0028058235329808667
548.0 0.001868759500212036
549.0 0.0017892443793243729
550.0 0.00170972944033565
551.0 0.0015805424482095987
552.0 0.0014513554560835473
553.0 0.0015478000932489522
554.0 0.0016442449123132974
555.0 0.001405882358085364
556.0 0.0011675200767058413
557.0 0.0009686893463367596
558.0 0.0007698586159676779
559.0 0.0006065267825761111
560.0 0.00044319508560874965
561.0 0.000756817962610512
562.0 0.0010704408850870095
563.0 0.0013532857337850146
564.0 0.0016361305824830197
565.0 0.0016103578673209995
566.0 0.0015845853340579197
567.0 0.001439706284145359
568.0 0.001294827143283328
569.0 0.0010716095857787877
570.0 0.0008483921192237176
571.0 0.0005580141078098677
572.0 0.00026763611913338536
573.0 0.00029479504064511275
574.0 0.0003219539394194726
575.0 0.00036108592667005723
576.0 0.0004002178684459068
577.0 0.00041411840356886387
578.0 0.00042801898416655604
579.0 0.00045714723455603234
580.0 0.00048627553042024374
581.0 0.0004564467872114619
582.0 0.0004266181349521503
583.0 0.00037930271901132073
584.0 0.0003319872575957561
585.0 0.00045821743697160855
586.0 0.0005844474799232557
587.0 0.0005417044121713843
588.0 0.0004989612989447778
589.0 0.0005963167950540083
590.0 0.0006936722456885036
591.0 0.0005130581939738477
592.0 0.0003324441195218242
593.0 0.0005398409484769218
594.0 0.0007472378911188571
595.0 0.0005005822458770126
596.0 0.0002539265778978006
597.0 0.0002928294861703762
598.0 0.00033173243991768686
599.0 0.000334725564243854
600.0 0.00033771871130738873
601.0 0.0003530507910909364
602.0 0.0003683829390865867
603.0 0.0003025022806468769
604.0 0.00023662164494453464
605.0 0.00022180317955644568
606.0 0.00020698466869362164
607.0 0.00020814611616515322
608.0 0.00020930754089931725
609.0 0.000280687163467519
610.0 0.00035206685424782336
611.0 0.000344360273629718
612.0 0.0003366537384863477
613.0 0.00031454874260816723
614.0 0.0002924438149420894
615.0 0.00037513273127842695
616.0 0.00045782171582686715
617.0 0.0003681290991153219
618.0 0.00027843650514114415
619.0 0.0001598112817191577
620.0 4.11860412441456e-05
621.0 0.00021873731839150423
622.0 0.0003962885784858372
623.0 0.00039091846701921895
624.0 0.0003855484465020709
625.0 0.0003973732873419067
626.0 0.0004091981281817425
627.0 0.00036947706121281954
628.0 0.0003297560169812641
629.0 0.0003836650648736395
630.0 0.00043757409002864733
631.0 0.0004634913693735143
632.0 0.000489408466819441
633.0 0.00034204358598799445
634.0 0.0001946786824191804
635.0 0.00028642289180424996
636.0 0.0003781671466640546
637.0 0.00029326013191166567
638.0 0.00020835302620980656
639.0 0.00030219102882256266
640.0 0.0003960290996474214
641.0 0.0004532477305474458
642.0 0.0005104663159727352
643.0 0.0004840250767301768
644.0 0.0004575836555886781
645.0 0.0006149952696432592
646.0 0.0007724070201220457
647.0 0.0008458093361696228
648.0 0.0009192115612677298
649.0 0.0009018817763717379
650.0 0.0008845519005262759
651.0 0.000895484845386818
652.0 0.0009064176083484199
653.0 0.0008739068107388448
654.0 0.0008413960131292697
655.0 0.0010373621080361772
656.0 0.0012333280210441444
657.0 0.0021295501937856898
658.0 0.0030257720936788246
659.0 0.004988973159925081
660.0 0.04395207215566188
661.0 0.07133304607123137
662.0 0.05995937972329557
663.0 0.09790689218789339
664.0 0.10130025912076235
665.0 0.13714756350964308
666.0 0.12579126050695777
667.0 0.1812682137824595
668.0 0.19133995519950986
669.0 0.24852589704096317
670.0 0.3143618814647198
671.0 0.46188225969672203
672.0 0.7455605082213879
673.0 1.1883819475769997
674.0 1.8515603616833687
675.0 2.711862325668335
676.0 3.709561750292778
677.0 5.00328354537487
678.0 6.330414861440659
679.0 7.700399309396744
680.0 9.52960029244423
681.0 11.511734873056412
682.0 14.022989571094513
683.0 16.704437136650085
684.0 19.670261442661285
685.0 22.595015168190002
686.0 25.600475072860718
687.0 28.802907466888428
688.0 32.114723324775696
689.0 35.36198437213898
690.0 39.07390832901001
691.0 43.1169718503952
692.0 47.87565767765045
693.0 52.94089913368225
694.0 58.656227588653564
695.0 64.27897810935974
696.0 70.52152752876282
697.0 76.09092593193054
698.0 82.0929765701294
699.0 86.69729232788086
700.0 90.40871262550354
701.0 93.46139430999756
702.0 95.52943706512451
703.0 96.68884873390198
704.0 97.28123545646667
705.0 97.69459366798401
706.0 97.78023958206177
707.0 98.00834059715271
708.0 98.04990291595459
709.0 98.03234934806824
710.0 97.83716797828674
711.0 98.01092743873596
712.0 97.89465069770813
713.0 98.03449511528015
714.0 98.07571768760681
715.0 98.10065627098083
716.0 97.98551797866821
717.0 98.1213629245758
718.0 98.27247262001038
719.0 98.23839664459229
720.0 98.47883582115173
721.0 98.44122529029846
722.0 98.14074039459229
723.0 97.89684414863586
724.0 97.53450751304626
725.0 97.28360176086426
726.0 97.01531529426575
727.0 96.7646062374115
728.0 96.52015566825867
729.0 96.30573391914368
730.0 96.28427624702454
731.0 96.33567929267883
732.0 96.27540111541748
733.0 96.5546190738678
734.0 96.90128564834595
735.0 97.11468815803528
736.0 97.5632905960083
737.0 97.89659380912781
738.0 98.15945029258728
739.0 98.62135052680969
740.0 98.75239729881287
741.0 98.63255023956299
742.0 98.92086386680603
743.0 98.76667857170105
744.0 98.5806941986084
745.0 98.55629205703735
746.0 98.4859049320221
747.0 98.78097772598267
748.0 98.62856864929199
749.0 98.56076836585999
750.0 98.57773184776306
751.0 98.4690010547638
752.0 98.38062524795532
753.0 98.57454299926758
754.0 98.45377206802368
755.0 98.5403835773468
756.0 98.59687685966492
757.0 98.6673653125763
758.0 98.7886905670166
759.0 98.78844618797302
760.0 98.6628532409668
761.0 98.63095879554749
762.0 98.6737608909607
763.0 98.63219261169434
764.0 98.45554232597351
765.0 98.4866201877594
766.0 98.53745698928833
767.0 98.37453365325928
768.0 98.31928610801697
769.0 98.43241572380066
770.0 98.1379508972168
771.0 98.13095331192017
772.0 98.19190502166748
773.0 98.11591506004333
774.0 97.88212776184082
775.0 97.99432754516602
776.0 97.94602394104004
777.0 97.95649647712708
778.0 97.96053171157837
779.0 98.04549217224121
780.0 97.85924553871155
781.0 98.1825053691864
782.0 98.18418622016907
783.0 98.11925888061523
784.0 98.1665551662445
785.0 98.2864499092102
786.0 98.4227180480957
787.0 98.14845323562622
788.0 98.35943579673767
789.0 98.2922613620758
790.0 98.33130240440369
791.0 98.35150837898254
792.0 98.20518493652344
793.0 98.1604516506195
794.0 98.11789393424988
795.0 98.01559448242188
796.0 98.02584052085876
797.0 97.97848463058472
798.0 98.02516102790833
799.0 97.89615869522095
800.0 97.61745929718018
801.0 97.80779480934143
802.0 97.66657948493958
803.0 97.44959473609924
804.0 97.22001552581787
805.0 96.89650535583496
806.0 96.477609872818
807.0 95.75062394142151
808.0 94.74409818649292
809.0 93.5214102268219
810.0 92.12438464164734
811.0 90.38647413253784
812.0 88.15836310386658
813.0 85.57601571083069
814.0 82.44847655296326
815.0 79.00726795196533
816.0 75.2819299697876
817.0 70.99494338035583
818.0 66.09892249107361
819.0 61.86005473136902
820.0 56.8412184715271
821.0 52.378761768341064
822.0 47.99153804779053
823.0 43.35468411445618
824.0 38.672736287117004
825.0 34.3968003988266
826.0 29.959169030189514
827.0 25.333184003829956
828.0 21.158871054649353
829.0 17.031697928905487
830.0 12.873151898384094
831.0 9.699772298336029
832.0 6.639952212572098
833.0 4.394284635782242
834.0 2.7372799813747406
835.0 1.6607636585831642
836.0 0.967031717300415
837.0 0.5395008716732264
838.0 0.28919586911797523
839.0 0.2226939657703042
840.0 0.12418115511536598
841.0 0.04817959852516651
842.0 0.030715393950231373
843.0 0.02195152046624571
844.0 1.6273657768572924e-10
845.0 0.009169072291115299
846.0 0.006980001489864662
847.0 1.6273657768572924e-10
848.0 1.6273657768572924e-10
849.0 1.6273657768572924e-10
850.0 1.6273657768572924e-10
851.0 0.0028690068575087935
852.0 0.0031679635867476463
853.0 0.001692289333732333
854.0 0.00021661469418177148
855.0 0.00013132180356478784
856.0 4.602891863214609e-05
857.0 0.00023228790269058663
858.0 0.0004185469606454717
859.0 0.00015192333648883505
860.0 1.6273657768572924e-10
861.0 1.6273657768572924e-10
862.0 1.6273657768572924e-10
863.0 1.6273657768572924e-10
864.0 0.00011030842870241031
865.0 8.810758913568861e-05
866.0 6.590674388462503e-05
867.0 1.6273657768572924e-10
868.0 1.6273657768572924e-10
869.0 5.547249770643248e-05
870.0 0.00018050061498797731
871.0 8.227621606238245e-05
872.0 1.6273657768572924e-10
873.0 5.65006303077098e-05
874.0 0.00012894944347863202
875.0 0.00012805955975636607
876.0 0.00012716967603410012
877.0 3.869173212933674e-05
878.0 1.6273657768572924e-10
879.0 1.6273657768572924e-10
880.0 1.6273657768572924e-10
881.0 5.690379012435187e-06
882.0 0.000118025820938783
883.0 4.3060100551883806e-05
884.0 1.6273657768572924e-10
885.0 7.907061672085547e-05
886.0 0.000190046819170675
887.0 0.00013524888800020562
888.0 8.045092840802681e-05
889.0 5.4948390015852056e-05
890.0 2.9445828886309755e-05
891.0 1.6273657768572924e-10
892.0 1.6273657768572924e-10
893.0 1.6273657768572924e-10
894.0 0.00014696481684950413
895.0 0.00015193076023933827
