lsstCam/transmission_filter_detector/r31_s20/i_39/19700101T000000.ecsv
# %ECSV 1.0
# ---
# datatype:
# - {name: wavelength, unit: nm, datatype: float32}
# - {name: efficiency, unit: '%', datatype: float64}
# meta: !!omap
# - {MODE: DETECTOR}
# - {TYPE: transmission_filter_detector}
# - {CALIBDATE: '1970-01-01T00:00:00'}
# - {INSTRUME: LSSTCam}
# - {OBSTYPE: transmission_filter_detector}
# - {CALIBCLS: lsst.ip.isr.IntermediateFilterDetectorTransmissionCurve}
# - {SOURCE: Materion (DM-46256)}
# - {DETECTOR: 132}
# - {FILTER: i_39}
# - {CALIB_ID: 'calibDate=1970-01-01T00:00:00 filter=i_39 detector=132'}
# - {DATE: '2025-04-02T15:59:47.091036'}
# - {CALIB_CREATION_DATE: '2025-04-02'}
# - {CALIB_CREATION_TIME: '15:59:47'}
# - __serialized_columns__:
#     efficiency:
#       __class__: astropy.units.quantity.Quantity
#       unit: !astropy.units.Unit {unit: '%'}
#       value: !astropy.table.SerializedColumn {name: efficiency}
#     wavelength:
#       __class__: astropy.units.quantity.Quantity
#       unit: !astropy.units.Unit {unit: nm}
#       value: !astropy.table.SerializedColumn {name: wavelength}
# schema: astropy-2.0
wavelength efficiency
[from data line 597]
897.0 0.00010877225804506452
898.0 6.0647835198324174e-05
899.0 1.6273657768572924e-10
900.0 1.6273657768572924e-10
901.0 1.6273657768572924e-10
902.0 1.6273657768572924e-10
903.0 1.6273657768572924e-10
904.0 1.6273657768572924e-10
905.0 1.6273657768572924e-10
906.0 1.6273657768572924e-10
907.0 1.6273657768572924e-10
908.0 1.6273657768572924e-10
909.0 1.6273657768572924e-10
910.0 1.6273657768572924e-10
911.0 1.6273657768572924e-10
912.0 1.6273657768572924e-10
913.0 1.6273657768572924e-10
914.0 1.118839492164625e-05
915.0 8.765848065195314e-05
916.0 0.00016412856211900362
917.0 3.7011830045230454e-05
918.0 1.6273657768572924e-10
919.0 3.8186007600415905e-05
920.0 0.00016647694565108395
921.0 1.6273657768572924e-10
922.0 1.6273657768572924e-10
923.0 1.6273657768572924e-10
924.0 5.270285328151658e-05
925.0 5.956672453066858e-05
926.0 6.643059009547869e-05
927.0 1.6273657768572924e-10
928.0 1.6273657768572924e-10
929.0 1.6273657768572924e-10
930.0 1.6273657768572924e-10
931.0 1.6273657768572924e-10
932.0 1.6273657768572924e-10
933.0 3.387866343018686e-06
934.0 1.562997482551509e-05
935.0 1.6273657768572924e-10
936.0 1.6273657768572924e-10
937.0 5.761088459621533e-05
938.0 0.00015428513506776653
939.0 1.642649891664405e-05
940.0 1.6273657768572924e-10
941.0 1.6273657768572924e-10
942.0 2.3247739022735914e-05
943.0 1.6273657768572924e-10
944.0 1.6273657768572924e-10
945.0 1.6273657768572924e-10
946.0 1.6273657768572924e-10
947.0 5.831132057210198e-05
948.0 0.00021335979454306653
949.0 7.311707008739177e-05
950.0 1.6273657768572924e-10
951.0 1.422818201035625e-05
952.0 9.55820382841921e-05
953.0 5.447797661872755e-05
954.0 1.3373900742408296e-05
955.0 8.954381200965145e-05
956.0 0.00016571373180340743
957.0 0.00018794833067659056
958.0 0.00021018297502450878
959.0 0.0002844859636752517
960.0 0.0003587889523259946
961.0 0.0002501028120605042
962.0 0.00014141667179501383
963.0 0.00022738063307770062
964.0 0.0003133446398351225
965.0 0.00010373674967922852
966.0 1.6273657768572924e-10
967.0 1.6273657768572924e-10
968.0 1.6273657768572924e-10
969.0 1.6273657768572924e-10
970.0 1.6273657768572924e-10
971.0 1.6273657768572924e-10
972.0 1.6273657768572924e-10
973.0 4.473781345382122e-06
974.0 2.7303195793138002e-05
975.0 0.00010040085953733069
976.0 0.00017349856307191658
977.0 9.836617209657561e-05
978.0 2.323375980495257e-05
979.0 9.340298561255622e-05
980.0 0.00016357221284124535
981.0 1.4386914415354113e-05
982.0 1.6273657768572924e-10
983.0 1.6273657768572924e-10
984.0 4.680818577185164e-06
985.0 1.6273657768572924e-10
986.0 1.6273657768572924e-10
987.0 1.6273657768572924e-10
988.0 1.6273657768572924e-10
989.0 5.866023045086877e-06
990.0 6.214492032086127e-05
991.0 9.813265933189541e-05
992.0 0.0001341204210802971
993.0 0.0001387834345223382
994.0 0.00014344641385832801
995.0 0.00022296283077594126
996.0 0.0003024792476935545
997.0 0.0001616253939573653
998.0 2.077152174706498e-05
999.0 6.391962301677268e-05
1000.0 0.00010706769444368547
1001.0 0.00012786655361196608
1002.0 0.00014866539004287915
1003.0 0.00023975551357580116
1004.0 0.0003308456143713556
1005.0 0.00026168572730966844
1006.0 0.0001925258629853488
1007.0 0.00016340809452231042
1008.0 0.0001342903487966396
1009.0 0.00013837117194270832
1010.0 0.00014245193824535818
1011.0 0.00016319099813699722
1012.0 0.00018393009213468758
1013.0 0.00021573380308836931
1014.0 0.0002475375822541537
1015.0 0.0001174231329059694
1016.0 1.6273657768572924e-10
1017.0 0.00017280974589084508
1018.0 0.00035831071727443486
1019.0 0.00020304823920014314
1020.0 4.7785755441509536e-05
1021.0 3.785401077038841e-05
1022.0 2.7922268941438233e-05
1023.0 3.165477551192453e-05
1024.0 3.5387287766752706e-05
1025.0 0.00021218143047008198
1026.0 0.0003889756044372916
1027.0 0.00048502070058020763
1028.0 0.0005810656602989184
1029.0 0.0008555165550205857
1030.0 0.0011299673133180477
1031.0 0.0014563142940460239
1032.0 0.001782661274774
1033.0 0.0021910975192440674
1034.0 0.0025995335818151943
1035.0 0.0028321423087618314
1036.0 0.0030647504900116473
1037.0 0.0033307580451946706
1038.0 0.0035967659641755745
1039.0 0.0033073160011554137
1040.0 0.0030178658562363125
1041.0 0.002768786907836329
1042.0 0.002519708141335286
1043.0 0.00257586198131321
1044.0 0.002632016003190074
1045.0 0.002908694114012178
1046.0 0.0031853724067332223
1047.0 0.003163658402627334
1048.0 0.003141945126117207
1049.0 0.0030195233193808235
1050.0 0.00289710151264444
1051.0 0.002459124880260788
1052.0 0.002021148247877136
1053.0 0.0019295664969831705
1054.0 0.0018379843822913244
1055.0 0.0012918510037707165
1056.0 0.0007457175343006384
1057.0 0.0010804918019857723
1058.0 0.0014152662515698466
1059.0 0.0009579716788721271
1060.0 0.0005006773790228181
1061.0 0.0006961449344089488
1062.0 0.0008916125807445496
1063.0 0.001600535870238673
1064.0 0.002309458977833856
1065.0 0.002655850948940497
1066.0 0.0030022431019460782
1067.0 0.003767812086152844
1068.0 0.004533381434157491
1069.0 0.004229383921483532
1070.0 0.0039253864088095725
1071.0 0.004302675006329082
1072.0 0.0046799636038485914
1073.0 0.0037361536669777706
1074.0 0.00279234391200589
1075.0 0.0028148137062089518
1076.0 0.002837283318513073
1077.0 0.0031413565011462197
1078.0 0.0034454296837793663
1079.0 0.0030398212402360514
1080.0 0.0026342127966927364
1081.0 0.002180301999032963
1082.0 0.00172639138327213
1083.0 0.0016758400306571275
1084.0 0.001625288678042125
1085.0 0.0011475767678348348
1086.0 0.00066986508500122
1087.0 0.0007927942533569876
1088.0 0.000915723830985371
1089.0 0.0003748461949726334
1090.0 1.6273657768572924e-10
1091.0 0.0003990114691987401
1092.0 0.0009640541975386441
1093.0 1.6273657768572924e-10
1094.0 1.6273657768572924e-10
1095.0 1.6273657768572924e-10
1096.0 0.00035738958104047924
1097.0 1.6273657768572924e-10
1098.0 1.6273657768572924e-10
1099.0 0.00024053126708167838
1100.0 0.0013578801372204907
