lsstCam/transmission_filter_detector/r12_s20/r_57/19700101T000000.ecsv
# %ECSV 1.0
# ---
# datatype:
# - {name: wavelength, unit: nm, datatype: float32}
# - {name: efficiency, unit: '%', datatype: float64}
# meta: !!omap
# - {MODE: DETECTOR}
# - {TYPE: transmission_filter_detector}
# - {CALIBDATE: '1970-01-01T00:00:00'}
# - {INSTRUME: LSSTCam}
# - {OBSTYPE: transmission_filter_detector}
# - {CALIBCLS: lsst.ip.isr.IntermediateFilterDetectorTransmissionCurve}
# - {SOURCE: Materion (DM-46256)}
# - {DETECTOR: 51}
# - {FILTER: r_57}
# - {CALIB_ID: 'calibDate=1970-01-01T00:00:00 filter=r_57 detector=51'}
# - {DATE: '2025-04-02T15:59:44.420478'}
# - {CALIB_CREATION_DATE: '2025-04-02'}
# - {CALIB_CREATION_TIME: '15:59:44'}
# - __serialized_columns__:
#     efficiency:
#       __class__: astropy.units.quantity.Quantity
#       unit: !astropy.units.Unit {unit: '%'}
#       value: !astropy.table.SerializedColumn {name: efficiency}
#     wavelength:
#       __class__: astropy.units.quantity.Quantity
#       unit: !astropy.units.Unit {unit: nm}
#       value: !astropy.table.SerializedColumn {name: wavelength}
# schema: astropy-2.0
wavelength efficiency
[from data line 602]
902.0 1.5721045342267925e-10
903.0 1.5721045342267925e-10
904.0 1.5721045342267925e-10
905.0 1.5721045342267925e-10
906.0 1.5721045342267925e-10
907.0 1.5721045342267925e-10
908.0 1.5721045342267925e-10
909.0 1.5721045342267925e-10
910.0 1.5721045342267925e-10
911.0 1.5721045342267925e-10
912.0 1.5721045342267925e-10
913.0 1.5721045342267925e-10
914.0 9.128565636729036e-06
915.0 6.179695901664672e-05
916.0 1.90556377788198e-05
917.0 1.5721045342267925e-10
918.0 3.0187686661520274e-05
919.0 8.406101414948353e-05
920.0 8.681308827362955e-06
921.0 1.5721045342267925e-10
922.0 5.3878949302088586e-05
923.0 0.00017445631783630233
924.0 0.00016758283436502097
925.0 0.00016070937363110716
926.0 0.0001574768930368009
927.0 0.00015424442381117842
928.0 0.00015547639122814871
929.0 0.00015670833590775146
930.0 0.0002207020088462741
931.0 0.00028469569315348053
932.0 0.00012890774314655573
933.0 1.5721045342267925e-10
934.0 0.00013422628626358346
935.0 0.0002953326884380658
936.0 0.00029601087589981034
937.0 0.0002966890860989224
938.0 0.00037221459479042096
939.0 0.0004477401489566546
940.0 0.0003768806209336617
941.0 0.0003060210929106688
942.0 0.0003621308678702917
943.0 0.00041824068830464967
944.0 0.00034715467336354777
945.0 0.0002760687266345485
946.0 0.00031697386475570966
947.0 0.00035787893466476817
948.0 0.0004719302069133846
949.0 0.0005859815246367361
950.0 0.0005511721155926352
951.0 0.0005163626155990642
952.0 0.000657505597700947
953.0 0.0007986486707523
954.0 0.0011137419278384186
955.0 0.0014288354577729478
956.0 0.0015085173799889162
957.0 0.0015881993022048846
958.0 0.0016679996406310238
959.0 0.0017478003428550437
960.0 0.001961160342034418
961.0 0.0021745207050116733
962.0 0.002295809281349648
963.0 0.0024170978576876223
964.0 0.002478703754604794
965.0 0.002540309287724085
966.0 0.0025645820642239414
967.0 0.0025888542950269766
968.0 0.0025443527192692272
969.0 0.0024998515073093586
970.0 0.002560428583819885
971.0 0.0026210058422293514
972.0 0.002639353806443978
973.0 0.0026577010430628434
974.0 0.0028590404326678254
975.0 0.0030603798222728074
976.0 0.003140365515719168
977.0 0.0032203508453676477
978.0 0.003106025906163268
979.0 0.0029917013307567686
980.0 0.0029399534469121136
981.0 0.002888205744966399
982.0 0.002953867078758776
983.0 0.003019528230652213
984.0 0.0029630842618644238
985.0 0.0029066402930766344
986.0 0.002819606743287295
987.0 0.0027325730115990154
988.0 0.002571878030721564
989.0 0.0024111832317430526
990.0 0.0024788174414425157
991.0 0.002546451651141979
992.0 0.002590181065897923
993.0 0.0026339106625528075
994.0 0.002665216743480414
995.0 0.00269652246061014
996.0 0.0027916859835386276
997.0 0.0028868493245681748
998.0 0.002981489524245262
999.0 0.0030761297239223495
1000.0 0.0032200161513173953
1001.0 0.0033639029425103217
1002.0 0.0035596753150457516
1003.0 0.0037554480513790622
1004.0 0.003897778151440434
1005.0 0.004040108251501806
1006.0 0.004215743683744222
1007.0 0.0043913794797845185
1008.0 0.004334686309448443
1009.0 0.0042779927753144875
1010.0 0.0042636987927835435
1011.0 0.00424940517405048
1012.0 0.0041580602555768564
1013.0 0.004066715337103233
1014.0 0.0038135935028549284
1015.0 0.003560471668606624
1016.0 0.0034043838240904734
1017.0 0.0032482959795743227
1018.0 0.002873562516469974
1019.0 0.002498829780961387
1020.0 0.0021477351765497588
1021.0 0.0017966403902391903
1022.0 0.0015779203749843873
1023.0 0.0013592000868811738
1024.0 0.0013956478142063133
1025.0 0.0014320959962788038
1026.0 0.0013756243788520806
1027.0 0.001319152579526417
1028.0 0.0011296547199890483
1029.0 0.0009401566785527393
1030.0 0.0008948924005380832
1031.0 0.0008496273949276656
1032.0 0.0008542105206288397
1033.0 0.0008587934644310735
1034.0 0.0007796381396474317
1035.0 0.0007004827693890547
1036.0 0.0008013545084395446
1037.0 0.000902226020116359
1038.0 0.0008385566616198048
1039.0 0.000774887485022191
1040.0 0.0007742467460047919
1041.0 0.0007736059160379227
1042.0 0.0009205004971590824
1043.0 0.0010673947144823615
1044.0 0.0009584075087332167
1045.0 0.0008494206667819526
1046.0 0.0008674972377775703
1047.0 0.0008855738997226581
1048.0 0.0007436942269123392
1049.0 0.0006018145086272852
1050.0 0.0006199236850079615
1051.0 0.0006380328159139026
1052.0 0.0009759993190527894
1053.0 0.0013139653674443252
1054.0 0.0010802931683429051
1055.0 0.0008466206963930745
1056.0 0.0009260538718081079
1057.0 0.001005487320071552
1058.0 0.0008628136129118502
1059.0 0.0007201400876510888
1060.0 0.0011065020771638956
1061.0 0.0014928636119293515
1062.0 0.0014523897334584035
1063.0 0.0014119157640379854
1064.0 0.0011396749869163614
1065.0 0.0008674341188452672
1066.0 0.0010998860489053186
1067.0 0.0013323380699148402
1068.0 0.0016486654203617945
1069.0 0.0019649925889098085
1070.0 0.0014612607628805563
1071.0 0.0009575290278007742
1072.0 0.0012945160960953217
1073.0 0.0016315034372382797
1074.0 0.0024020228011067957
1075.0 0.0031725419830763713
1076.0 0.003454309990047477
1077.0 0.003736077997018583
1078.0 0.004010956035926938
1079.0 0.004285834438633174
1080.0 0.004130742672714405
1081.0 0.003975650542997755
1082.0 0.004092103699804284
1083.0 0.004208556856610812
1084.0 0.004712292138719931
1085.0 0.0052160270570311695
1086.0 0.005241222970653325
1087.0 0.005266418884275481
1088.0 0.004942434679833241
1089.0 0.004618450839188881
1090.0 0.004438866744749248
1091.0 0.004259282286511734
1092.0 0.003750894029508345
1093.0 0.003242505408707075
1094.0 0.0036471919884206727
1095.0 0.004051878568134271
1096.0 0.0029884675313951448
1097.0 0.0019250563127570786
1098.0 0.0016064759620348923
1099.0 0.0012878957022621762
1100.0 0.0015535528291366063
1101.0 0.0018192095012636855
