lsstCam/transmission_filter_detector/r12_s20/r_57/19700101T000000.ecsv
# %ECSV 1.0
# ---
# datatype:
# - {name: wavelength, unit: nm, datatype: float32}
# - {name: efficiency, unit: '%', datatype: float64}
# meta: !!omap
# - {MODE: DETECTOR}
# - {TYPE: transmission_filter_detector}
# - {CALIBDATE: '1970-01-01T00:00:00'}
# - {INSTRUME: LSSTCam}
# - {OBSTYPE: transmission_filter_detector}
# - {CALIBCLS: lsst.ip.isr.IntermediateFilterDetectorTransmissionCurve}
# - {SOURCE: Materion (DM-46256)}
# - {DETECTOR: 51}
# - {FILTER: r_57}
# - {CALIB_ID: 'calibDate=1970-01-01T00:00:00 filter=r_57 detector=51'}
# - {DATE: '2025-04-02T15:59:44.420478'}
# - {CALIB_CREATION_DATE: '2025-04-02'}
# - {CALIB_CREATION_TIME: '15:59:44'}
# - __serialized_columns__:
#     efficiency:
#       __class__: astropy.units.quantity.Quantity
#       unit: !astropy.units.Unit {unit: '%'}
#       value: !astropy.table.SerializedColumn {name: efficiency}
#     wavelength:
#       __class__: astropy.units.quantity.Quantity
#       unit: !astropy.units.Unit {unit: nm}
#       value: !astropy.table.SerializedColumn {name: wavelength}
# schema: astropy-2.0
wavelength efficiency
300.0 0.0017791247955756262
301.0 0.004620485560735688
302.0 0.007461845962097868
303.0 0.009533320553600788
304.0 0.01160479660029523
305.0 0.010350537922931835
306.0 0.00909627924556844
307.0 0.008367930422537029
308.0 0.007639580871909857
309.0 0.006925790512468666
310.0 0.0062119994254317135
311.0 0.0058636986068449914
312.0 0.005515396696864627
313.0 0.005240687460172921
314.0 0.004965978951076977
315.0 0.00462982316093985
316.0 0.004293667007004842
317.0 0.0037683330447180197
318.0 0.0032429972634417936
319.0 0.002890241376007907
320.0 0.00253748512477614
321.0 0.0024602788471383974
322.0 0.002383072569500655
323.0 0.0022783360691391863
324.0 0.0021735993868787773
325.0 0.002161021257052198
326.0 0.002148443309124559
327.0 0.002247760130558163
328.0 0.002347077133890707
329.0 0.002465224861225579
330.0 0.002583372588560451
331.0 0.0023120184778235853
332.0 0.0020406643670867197
333.0 0.0017801947251427919
334.0 0.0015197251741483342
335.0 0.001266374601982534
336.0 0.0010130238479177933
337.0 0.0010527257472858764
338.0 0.0010924275557044894
339.0 0.0010782495337480213
340.0 0.0010640714208420832
341.0 0.001078547393262852
342.0 0.0010930233656836208
343.0 0.0010217666385869961
344.0 0.0009505099114903715
345.0 0.0008931982847570907
346.0 0.00083588665802381
347.0 0.0007598042884637835
348.0 0.000683721964378492
349.0 0.0006529736765514826
350.0 0.005470386895467527
351.0 0.005450790922623128
352.0 0.005431195313576609
353.0 0.004978004653821699
354.0 0.004524814721662551
355.0 0.005172186865820549
356.0 0.005819559737574309
357.0 0.007335907139349729
358.0 0.008852255996316671
359.0 0.0065567488491069525
360.0 0.004261241338099353
361.0 0.002902858250308782
362.0 0.0015444749806192704
363.0 0.0026328056264901534
364.0 0.003721136090462096
365.0 0.003738185841939412
366.0 0.003755235957214609
367.0 0.0030377508664969355
368.0 0.002320265593880322
369.0 0.0019892559066647664
370.0 0.0016582465832470916
371.0 0.001942808557942044
372.0 0.0022273707145359367
373.0 0.0027603253329289146
374.0 0.0032932799513218924
375.0 0.002861004577425774
376.0 0.002428729749226477
377.0 0.0011863648978760466
378.0 1.5721045342267925e-10
379.0 0.0009088878869079053
380.0 0.0018737759091891348
381.0 0.0024897364710341208
382.0 0.0031056973966769874
383.0 0.0029361495762714185
384.0 0.00276660193776479
385.0 0.00371253008779604
386.0 0.004658457328332588
387.0 0.0043009218643419445
388.0 0.00394338603655342
389.0 0.0033644551876932383
390.0 0.0027855234293383546
391.0 0.002011159813264385
392.0 0.0012367959243420046
393.0 0.0013262786524137482
394.0 0.0014157611076370813
395.0 0.0010224013749393634
396.0 0.0006290417331911158
397.0 0.0007036670012894319
398.0 0.0007782926331856288
399.0 0.0005935476110607851
400.0 0.00040880217966332566
401.0 7.092577902767516e-05
402.0 1.5721045342267925e-10
403.0 1.285097681602565e-05
404.0 0.00029265331704664277
405.0 0.0008342885848833248
406.0 0.0013759233297605533
407.0 0.001794092167983763
408.0 0.0022122609152575023
409.0 0.0018318647562409751
410.0 0.0014514683243760373
411.0 0.0010900282177317422
412.0 0.0007285881565621821
413.0 0.0007522251053160289
414.0 0.0007758620995446108
415.0 0.0007096075023582671
416.0 0.000643353223495069
417.0 0.0012581468581629451
418.0 0.0018729409930529073
419.0 0.002217502878920641
420.0 0.0025620647647883743
421.0 0.0038738893636036664
422.0 0.0051857139624189585
423.0 0.008086318848654628
424.0 0.010986922279698774
425.0 0.014872365863993764
426.0 0.01875780726550147
427.0 0.01950303849298507
428.0 0.020248272630851716
429.0 0.015495931438636035
430.0 0.010743590246420354
431.0 0.007639521936653182
432.0 0.004535452899290249
433.0 0.0035385168303037062
434.0 0.0025415802156203426
435.0 0.001972460995602887
436.0 0.0014033416846359614
437.0 0.0012362778761598747
438.0 0.0010692144314816687
439.0 0.0009360885997011792
440.0 0.0008029628588701598
441.0 0.0010985655535478145
442.0 0.001394168157275999
443.0 0.0017724098142934963
444.0 0.0021506513803615235
445.0 0.002054438846244011
446.0 0.0019582263121264987
447.0 0.0017395874237990938
448.0 0.0015209486264211591
449.0 0.001462446107325377
450.0 0.0014039429515833035
451.0 0.0014355517123476602
452.0 0.001467160473112017
453.0 0.0015207616343104746
454.0 0.0015743627955089323
455.0 0.0013845980902260635
456.0 0.0011948337487410754
457.0 0.0008102073479676619
458.0 0.0004255811290931888
459.0 0.0006722777925460832
460.0 0.0009189743650495075
461.0 0.0016166690329555422
462.0 0.0023143633370636962
463.0 0.002863114968931768
464.0 0.0034118664189008996
465.0 0.0044097214413341135
466.0 0.005407576463767327
467.0 0.006034757461748086
468.0 0.006661939551122487
469.0 0.0057166977057931945
470.0 0.004771457315655425
471.0 0.00368747569154948
472.0 0.0026034938855445944
473.0 0.002166417289117817
474.0 0.001729340510792099
475.0 0.0014074006685405038
476.0 0.001085460917238379
477.0 0.0008837851964926813
478.0 0.0006821092938480433
479.0 0.0009411714927409776
480.0 0.0012002335097349714
481.0 0.0008881778740033042
482.0 0.0005761223746958422
483.0 0.000609368180448655
484.0 0.0006426138043025276
485.0 0.0005785429038951406
486.0 0.0005144718670635484
487.0 0.0005360710474633379
488.0 0.0005576700914389221
489.0 0.0005556670203077374
490.0 0.0005536639491765527
491.0 0.0007139795798138948
492.0 0.0008742951649765018
493.0 0.0009710859558254015
494.0 0.0010678768376237713
495.0 0.0009449480785406195
496.0 0.0008220193194574676
497.0 0.001031267129292246
498.0 0.001240514757228084
499.0 0.0012489978871599305
500.0 0.0012574811080412474
501.0 0.001419978707417613
502.0 0.001582476579642389
503.0 0.0018944198018289171
504.0 0.0022063632059143856
505.0 0.0027430041882325895
506.0 0.003279645534348674
507.0 0.003886733975377865
508.0 0.004493822416407056
509.0 0.005035636058892123
510.0 0.005577448246185668
511.0 0.0049725429562386125
512.0 0.0043676373024936765
513.0 0.0036873261706205085
514.0 0.003007015220646281
515.0 0.0028377915441524237
516.0 0.002668568049557507
517.0 0.002458514063619077
518.0 0.0022484600776806474
519.0 0.05223974003456533
520.0 0.0833287020213902
521.0 0.1383156282827258
522.0 0.10553908068686724
523.0 0.0727943901438266
524.0 0.14662276953458786
525.0 0.07422410417348146
526.0 0.12377150123938918
527.0 0.1159850973635912
528.0 0.1893482869490981
529.0 0.18123609479516745
530.0 0.14092095661908388
531.0 0.14001179952174425
532.0 0.1960255904123187
533.0 0.26989271864295006
534.0 0.33780899830162525
535.0 0.41625737212598324
536.0 0.47167763113975525
537.0 0.6742172408849001
538.0 1.0054418817162514
539.0 1.5373064205050468
540.0 2.594637870788574
541.0 3.9389394223690033
542.0 5.8214884251356125
543.0 8.501183241605759
544.0 11.728113889694214
545.0 15.349619090557098
546.0 19.794493913650513
547.0 25.38721263408661
548.0 32.3807030916214
549.0 40.00796973705292
550.0 47.096607089042664
551.0 55.134159326553345
552.0 61.392390727996826
553.0 67.0311450958252
554.0 71.46389484405518
555.0 76.1313796043396
556.0 80.04432916641235
557.0 83.10812711715698
558.0 86.24759316444397
559.0 89.88986015319824
560.0 90.87807536125183
561.0 92.9716169834137
562.0 94.14968490600586
563.0 94.39358115196228
564.0 94.98826265335083
565.0 94.55570578575134
566.0 95.25636434555054
567.0 94.54019665718079
568.0 95.08469104766846
569.0 96.05526328086853
570.0 95.19127607345581
571.0 95.7798957824707
572.0 95.93678116798401
573.0 95.6326961517334
574.0 96.61871194839478
575.0 96.45079970359802
576.0 96.83851599693298
577.0 96.43552303314209
578.0 96.29238247871399
579.0 96.43153548240662
580.0 95.49561738967896
581.0 95.6550121307373
582.0 96.1954653263092
583.0 96.02665901184082
584.0 95.69973349571228
585.0 95.76287865638733
586.0 95.72758078575134
587.0 95.60856223106384
588.0 95.82195281982422
589.0 96.5848982334137
590.0 95.65175771713257
591.0 95.17971873283386
592.0 95.37237882614136
593.0 94.81366872787476
594.0 95.40324807167053
595.0 95.65247893333435
596.0 96.52556777000427
597.0 96.62998914718628
598.0 96.04763388633728
599.0 96.08463644981384
600.0 96.35773301124573
601.0 95.32080888748169
602.0 96.17663025856018
603.0 95.74164748191833
604.0 95.53629159927368
605.0 96.37980461120605
606.0 95.39574980735779
607.0 95.52072286605835
608.0 95.70010900497437
609.0 95.2180027961731
610.0 95.3351080417633
611.0 95.00895142555237
612.0 95.28876543045044
613.0 96.11528515815735
614.0 96.05079889297485
615.0 95.49133777618408
616.0 95.97457647323608
617.0 95.49678564071655
618.0 95.42458057403564
619.0 96.30377888679504
620.0 95.60825824737549
621.0 94.75909471511841
622.0 95.71662545204163
623.0 96.127849817276
624.0 95.6562876701355
625.0 96.29411697387695
626.0 95.35549879074097
627.0 94.55934762954712
628.0 96.3024377822876
629.0 94.89055871963501
630.0 95.9169089794159
631.0 95.41013836860657
632.0 96.28928303718567
633.0 95.77835202217102
634.0 95.35079002380371
635.0 95.3931450843811
636.0 95.36140561103821
637.0 95.38551568984985
638.0 95.01560926437378
639.0 94.94496583938599
640.0 95.12463808059692
641.0 95.16152739524841
642.0 95.40038108825684
643.0 95.4373300075531
644.0 95.1914370059967
645.0 95.55487632751465
646.0 95.61166167259216
647.0 96.68341875076294
648.0 95.76606154441833
649.0 95.11622786521912
650.0 95.68745493888855
651.0 96.27634882926941
652.0 96.43298387527466
653.0 95.51816582679749
654.0 96.0652232170105
655.0 96.03477120399475
656.0 95.16523480415344
657.0 95.37432789802551
658.0 95.716792345047
659.0 95.6638514995575
660.0 94.943767786026
661.0 94.88757252693176
662.0 95.38941383361816
663.0 95.24310827255249
664.0 94.9431836605072
665.0 94.8843240737915
666.0 95.10934352874756
667.0 95.25551199913025
668.0 94.58639025688171
669.0 95.41995525360107
670.0 95.25355100631714
671.0 95.2280342578888
672.0 95.05485892295837
673.0 95.17030119895935
674.0 94.55440640449524
675.0 95.1067566871643
676.0 94.67225670814514
677.0 93.58147382736206
678.0 92.74373650550842
679.0 91.75571203231812
680.0 90.76468348503113
681.0 89.49916362762451
682.0 87.44465708732605
683.0 84.45083498954773
684.0 80.99423050880432
685.0 77.37749814987183
686.0 73.44223856925964
687.0 68.55985522270203
688.0 64.09478783607483
689.0 59.270817041397095
690.0 54.07203435897827
691.0 50.09254813194275
692.0 45.38213312625885
693.0 40.9906268119812
694.0 36.037689447402954
695.0 31.062695384025574
696.0 25.837817788124084
697.0 20.941980183124542
698.0 15.487708151340485
699.0 11.156027019023895
700.0 7.834286242723465
701.0 4.876742139458656
702.0 3.0617209151387215
703.0 1.7899565398693085
704.0 1.0707938112318516
705.0 0.5845415871590376
706.0 0.4376199096441269
707.0 0.2835359890013933
708.0 0.16607840079814196
709.0 0.15075948322191834
710.0 0.12173424474895
711.0 0.08325920789502561
712.0 0.057498476235195994
713.0 0.048682099441066384
714.0 0.0711391563527286
715.0 0.07889503031037748
716.0 0.04413982096593827
717.0 0.08799068164080381
718.0 0.0841474742628634
719.0 0.09012011578306556
720.0 1.5721045342267925e-10
721.0 0.004474456000025384
722.0 0.004253836232237518
723.0 0.004033217192045413
724.0 0.003728413867065683
725.0 0.0034236109058838338
726.0 0.003147092502331361
727.0 0.0028705744625767693
728.0 0.002705384395085275
729.0 0.0025401941456948407
730.0 0.002363600469834637
731.0 0.0021870069758733734
732.0 0.0021627276510116644
733.0 0.0021384485080488957
734.0 0.0020717910956591368
735.0 0.002005133319471497
736.0 0.0017966425730264746
737.0 0.001588151826581452
738.0 0.001610356048331596
739.0 0.0016325600881827995
740.0 0.0016163055988727137
741.0 0.001600051109562628
742.0 0.0014502745216304902
743.0 0.0013004979336983524
744.0 0.0013523434972739778
745.0 0.0014041887880011927
746.0 0.0013302791558089666
747.0 0.0012563695236167405
748.0 0.0011294205251033418
749.0 0.001002471526589943
750.0 0.0010293931154592428
751.0 0.0010563147043285426
752.0 0.0011008295587089378
753.0 0.001145344322139863
754.0 0.0011095374247815926
755.0 0.001073730891221203
756.0 0.001041700306814164
757.0 0.0010096696314576548
758.0 0.001049409092956921
759.0 0.001089148372557247
760.0 0.0010952572665701155
761.0 0.0011013665243808646
762.0 0.0010925825336016715
763.0 0.001083798906620359
764.0 0.001036743287841091
765.0 0.0009896876690618228
766.0 0.0007907667168183252
767.0 0.0005918457645748276
768.0 0.0006144253347883932
769.0 0.0006370047685777536
770.0 0.0007453548278135713
771.0 0.0008537052053725347
772.0 0.0007869507498980965
773.0 0.000720196112524718
774.0 0.0008402087587455753
775.0 0.0009602214049664326
776.0 0.0009392316314915661
777.0 0.0009182418580166996
778.0 0.0008428882210864685
779.0 0.0007675345841562375
780.0 0.0006924363333382644
781.0 0.0006173381279950263
782.0 0.0006950851002329728
783.0 0.0007728320269961841
784.0 0.0008298687134811189
785.0 0.0008869051271176431
786.0 0.0007836797522031702
787.0 0.0006804543772886973
788.0 0.0006689038855256513
789.0 0.0006573535301868105
790.0 0.0007438959528371925
791.0 0.0008304383300128393
792.0 0.0008428469300270081
793.0 0.0008552555300411768
794.0 0.0008868407348927576
795.0 0.0009184256668959279
796.0 0.0007524203283537645
797.0 0.000586414944336866
798.0 0.0007366953013843158
799.0 0.0008869755220075604
800.0 0.0007768630894133821
801.0 0.0006667503384960582
802.0 0.0006071813913877122
803.0 0.0005476121714309556
804.0 0.0006313735411822563
805.0 0.0007151349564082921
806.0 0.0006525415301439352
807.0 0.0005899481493543135
808.0 0.000763920797908213
809.0 0.0009378934009873774
810.0 0.000816340707388008
811.0 0.0006947882866370492
812.0 0.0007145896688598441
813.0 0.000734391051082639
814.0 0.0005801662609883351
815.0 0.0004259415163687663
816.0 0.0005771019914391218
817.0 0.0007282625119842123
818.0 0.0006626571121159941
819.0 0.000597051757722511
820.0 0.00048220931603282224
821.0 0.00036736687434313353
822.0 0.00038880093597981613
823.0 0.0004102350430912338
824.0 0.00045750484787276946
825.0 0.0005047746981290402
826.0 0.0005414625320554478
827.0 0.0005781503659818554
828.0 0.00043879917939193547
829.0 0.0002994479473272804
830.0 0.00017523709630040685
831.0 5.102625095787516e-05
832.0 3.696665373809083e-05
833.0 2.290703804419536e-05
834.0 1.5721045342267925e-10
835.0 1.5721045342267925e-10
836.0 0.000278843731393863
837.0 0.0005977998625894543
838.0 0.0007778381586831529
839.0 0.0009578764547768515
840.0 0.0012492093446780927
841.0 0.0015405421436298639
842.0 0.00205612086574547
843.0 0.0025716999516589567
844.0 0.002310612217115704
845.0 0.0020495246644713916
846.0 0.0017174792446894571
847.0 0.0013854332792107016
848.0 0.0013366042367124464
849.0 0.0012877747394668404
850.0 0.0012246212463651318
851.0 0.0011614677532634232
852.0 0.0011158154848089907
853.0 0.001070163125405088
854.0 0.0009239866813004483
855.0 0.0007778100552968681
856.0 0.0006269404821068747
857.0 0.0004760709089168813
858.0 0.0005824767413287191
859.0 0.0006888824827910867
860.0 0.0005269679149932927
861.0 0.000365053278983396
862.0 0.0003721713255799841
863.0 0.0003792893267018371
864.0 0.00025622960038163
865.0 0.00013316994227352552
866.0 8.990922992779815e-05
867.0 4.6648494844703237e-05
868.0 0.00011307074601063505
869.0 0.00017949297443919932
870.0 7.087158451213327e-05
871.0 1.5721045342267925e-10
872.0 1.5721045342267925e-10
873.0 1.5721045342267925e-10
874.0 1.5721045342267925e-10
875.0 1.5721045342267925e-10
876.0 1.5721045342267925e-10
877.0 1.5721045342267925e-10
878.0 8.409911629314593e-05
879.0 0.00018463516653355327
880.0 0.00013533458513848018
881.0 8.603399237472331e-05
882.0 6.835063572907529e-05
883.0 5.066731887382048e-05
884.0 1.5721045342267925e-10
885.0 1.5721045342267925e-10
886.0 3.378931978659239e-05
887.0 0.00016159916640390293
888.0 0.00016778883491497254
889.0 0.00017397849205735838
890.0 0.00014590939372283174
891.0 0.00011784024991357
892.0 1.5721045342267925e-10
893.0 1.5721045342267925e-10
894.0 1.5721045342267925e-10
895.0 1.5721045342267925e-10
896.0 1.3078050642434391e-05
897.0 5.389200055105903e-05
898.0 8.900134957912087e-05
899.0 0.00012411069292284083
900.0 2.6007697329077928e-05
