lsstCam/transmission_filter_detector/r34_s10/z_20/19700101T000000.ecsv
# %ECSV 1.0
# ---
# datatype:
# - {name: wavelength, unit: nm, datatype: float32}
# - {name: efficiency, unit: '%', datatype: float64}
# meta: !!omap
# - {MODE: DETECTOR}
# - {TYPE: transmission_filter_detector}
# - {CALIBDATE: '1970-01-01T00:00:00'}
# - {INSTRUME: LSSTCam}
# - {OBSTYPE: transmission_filter_detector}
# - {CALIBCLS: lsst.ip.isr.IntermediateFilterDetectorTransmissionCurve}
# - {SOURCE: Materion (DM-46256)}
# - {DETECTOR: 156}
# - {FILTER: z_20}
# - {CALIB_ID: 'calibDate=1970-01-01T00:00:00 filter=z_20 detector=156'}
# - {DATE: '2025-04-02T15:59:49.364776'}
# - {CALIB_CREATION_DATE: '2025-04-02'}
# - {CALIB_CREATION_TIME: '15:59:49'}
# - __serialized_columns__:
#     efficiency:
#       __class__: astropy.units.quantity.Quantity
#       unit: !astropy.units.Unit {unit: '%'}
#       value: !astropy.table.SerializedColumn {name: efficiency}
#     wavelength:
#       __class__: astropy.units.quantity.Quantity
#       unit: !astropy.units.Unit {unit: nm}
#       value: !astropy.table.SerializedColumn {name: wavelength}
# schema: astropy-2.0
wavelength efficiency
[from data line 597]
897.0 99.14430975914001
898.0 98.77941012382507
899.0 98.58062267303467
900.0 98.95778298377991
901.0 99.25894141197205
902.0 99.22674298286438
903.0 98.6131489276886
904.0 97.5015938282013
905.0 98.50213527679443
906.0 97.70815372467041
907.0 98.5388994216919
908.0 98.29515218734741
909.0 98.09784889221191
910.0 97.95432090759277
911.0 96.76433801651001
912.0 96.1890697479248
913.0 94.569993019104
914.0 92.16800928115845
915.0 89.80697989463806
916.0 87.70309686660767
917.0 86.14972829818726
918.0 82.68334865570068
919.0 81.54298663139343
920.0 78.76651883125305
921.0 74.92042183876038
922.0 70.34717798233032
923.0 64.55242037773132
924.0 58.94237756729126
925.0 53.41010093688965
926.0 47.30195701122284
927.0 40.27546942234039
928.0 34.24395024776459
929.0 27.849888801574707
930.0 22.51538336277008
931.0 17.322687804698944
932.0 12.012699246406555
933.0 7.818052172660828
934.0 4.999943450093269
935.0 3.033130243420601
936.0 1.9133729860186577
937.0 1.0337505489587784
938.0 0.6274663377553225
939.0 0.3628477221354842
940.0 0.24816009681671858
941.0 0.03807536268141121
942.0 0.1431243261322379
943.0 0.006794544606236741
944.0 1.6285583992470265e-10
945.0 1.6285583992470265e-10
946.0 0.051376078044995666
947.0 1.6285583992470265e-10
948.0 1.6285583992470265e-10
949.0 1.6285583992470265e-10
950.0 1.6285583992470265e-10
951.0 1.6285583992470265e-10
952.0 1.6285583992470265e-10
953.0 1.6285583992470265e-10
954.0 0.09434904204681516
955.0 1.6285583992470265e-10
956.0 0.036596678546629846
957.0 1.6285583992470265e-10
958.0 1.6285583992470265e-10
959.0 0.08190172957256436
960.0 0.028003810439258814
961.0 1.6285583992470265e-10
962.0 1.6285583992470265e-10
963.0 1.6285583992470265e-10
964.0 0.059852394042536616
965.0 1.6285583992470265e-10
966.0 1.6285583992470265e-10
967.0 1.6285583992470265e-10
968.0 1.6285583992470265e-10
969.0 0.006891990778967738
970.0 0.04917081678286195
971.0 1.6285583992470265e-10
972.0 1.6285583992470265e-10
973.0 1.6285583992470265e-10
974.0 1.6285583992470265e-10
975.0 1.6285583992470265e-10
976.0 0.006222759111551568
977.0 0.006115977157605812
978.0 0.0060091970226494595
979.0 0.005855874042026699
980.0 0.0057025499700102955
981.0 0.005586414772551507
982.0 0.005470279211294837
983.0 0.005269937901175581
984.0 0.005069596227258444
985.0 0.005045632133260369
986.0 0.0050216684030601755
987.0 0.005014959606342018
988.0 0.00500825080962386
989.0 0.004913970042252913
990.0 0.004819689274881966
991.0 0.004639177132048644
992.0 0.0044586653530132025
993.0 0.004489037382882088
994.0 0.004519409048953094
995.0 0.004421659104991704
996.0 0.004323909524828196
997.0 0.0043490814277902246
998.0 0.004374253694550134
999.0 0.00444720390078146
1000.0 0.004520154470810667
1001.0 0.004401180922286585
1002.0 0.0042822070099646226
1003.0 0.004230369449942373
1004.0 0.004178532253718004
1005.0 0.004142838952247985
1006.0 0.004107145650777966
1007.0 0.0041728108044480905
1008.0 0.004238475230522454
1009.0 0.004148670632275753
1010.0 0.004058866034029052
1011.0 0.004017181345261633
1012.0 0.003975496656494215
1013.0 0.004124563201912679
1014.0 0.004273630111129023
1015.0 0.0041271803638665006
1016.0 0.003980730616603978
1017.0 0.004179256575298496
1018.0 0.004377782897790894
1019.0 0.004365707354736514
1020.0 0.004353631811682135
1021.0 0.004293196980142966
1022.0 0.004232761784805916
1023.0 0.004329813236836344
1024.0 0.0044268650526646525
1025.0 0.004379678284749389
1026.0 0.004332491880632006
1027.0 0.0043422540329629555
1028.0 0.0043520161852939054
1029.0 0.004485249155550264
1030.0 0.004618482125806622
1031.0 0.004533616447588429
1032.0 0.0044487507693702355
1033.0 0.004583358531817794
1034.0 0.004717966294265352
1035.0 0.004876733873970807
1036.0 0.00503550108987838
1037.0 0.005187816350371577
1038.0 0.005340131974662654
1039.0 0.005299418626236729
1040.0 0.005258705641608685
1041.0 0.00515437604917679
1042.0 0.005050046456744894
1043.0 0.005414048064267263
1044.0 0.005778049671789631
1045.0 0.005912625783821568
1046.0 0.006047201532055624
1047.0 0.006042036329745315
1048.0 0.006036872218828648
1049.0 0.006221829244168475
1050.0 0.006406786997104064
1051.0 0.006754996138624847
1052.0 0.007103206007741392
1053.0 0.007248167821671814
1054.0 0.0073931274528149515
1055.0 0.007134412589948624
1056.0 0.006875696999486536
1057.0 0.007284591265488416
1058.0 0.007693486986681819
1059.0 0.007922813529148698
1060.0 0.008152140071615577
1061.0 0.008259191235993057
1062.0 0.0083662431279663
1063.0 0.0085292718722485
1064.0 0.008692303526913747
1065.0 0.008979540143627673
1066.0 0.009266775305150077
1067.0 0.009293103357777
1068.0 0.00931943068280816
1069.0 0.009731313184602186
1070.0 0.010143192048417404
1071.0 0.010250369814457372
1072.0 0.010357546125305817
1073.0 0.010418052261229604
1074.0 0.010478557669557631
1075.0 0.01062605224433355
1076.0 0.010773547546705231
1077.0 0.011662175529636443
1078.0 0.012550805695354939
1079.0 0.012432281801011413
1080.0 0.012313759361859411
1081.0 0.013415292778518051
1082.0 0.014516827650368214
1083.0 0.014425357221625745
1084.0 0.014333886792883277
1085.0 0.014223453763406724
1086.0 0.014113025099504739
1087.0 0.014725034998264164
1088.0 0.015337044897023588
1089.0 0.015081570018082857
1090.0 0.014826096594333649
1091.0 0.0161415635375306
1092.0 0.017457030480727553
1093.0 0.017508602468296885
1094.0 0.017560174455866218
1095.0 0.017830723663792014
1096.0 0.01810127287171781
1097.0 0.018561996694188565
1098.0 0.019022721971850842
1099.0 0.019298588449601084
1100.0 0.019574454927351326
1101.0 0.021159705647733063
1102.0 0.022744954912923276
1103.0 0.02370287402300164
1104.0 0.024660798953846097
1105.0 0.024731422308832407
1106.0 0.024802045663818717
1107.0 0.02618370926938951
1108.0 0.027565372874960303
1109.0 0.02818437060341239
1110.0 0.028803371242247522
1111.0 0.02972166403196752
1112.0 0.030639959732070565
1113.0 0.030269109993241727
1114.0 0.02989826025441289
1115.0 0.03071107203140855
1116.0 0.03152388380840421
1117.0 0.030818197410553694
1118.0 0.030112513923086226
1119.0 0.03325171710457653
1120.0 0.03639092028606683
1121.0 0.036623794585466385
1122.0 0.03685666888486594
1123.0 0.04013753496110439
1124.0 0.04341840394772589
1125.0 0.043851055670529604
1126.0 0.04428370448295027
1127.0 0.0450224062660709
1128.0 0.04576111095957458
1129.0 0.04863194772042334
1130.0 0.05150279030203819
1131.0 0.05471699987538159
1132.0 0.057931209448724985
1133.0 0.058415631065145135
1134.0 0.0589000410400331
1135.0 0.06441817386075854
1136.0 0.06993631250225008
1137.0 0.07471685530617833
1138.0 0.07949740975163877
1139.0 0.08598133572377264
1140.0 0.0924652733374387
1141.0 0.10341290617361665
1142.0 0.11436052154749632
1143.0 0.15837224200367928
1144.0 0.2023839857429266
1145.0 0.4588430281728506
1146.0 0.7153020706027746
1147.0 1.1901374906301498
1148.0 1.6649730503559113
1149.0 1.6488933935761452
1150.0 1.6328135505318642
