lsstCam/transmission_filter_detector/r34_s10/z_20/19700101T000000.ecsv
# %ECSV 1.0
# ---
# datatype:
# - {name: wavelength, unit: nm, datatype: float32}
# - {name: efficiency, unit: '%', datatype: float64}
# meta: !!omap
# - {MODE: DETECTOR}
# - {TYPE: transmission_filter_detector}
# - {CALIBDATE: '1970-01-01T00:00:00'}
# - {INSTRUME: LSSTCam}
# - {OBSTYPE: transmission_filter_detector}
# - {CALIBCLS: lsst.ip.isr.IntermediateFilterDetectorTransmissionCurve}
# - {SOURCE: Materion (DM-46256)}
# - {DETECTOR: 156}
# - {FILTER: z_20}
# - {CALIB_ID: 'calibDate=1970-01-01T00:00:00 filter=z_20 detector=156'}
# - {DATE: '2025-04-02T15:59:49.364776'}
# - {CALIB_CREATION_DATE: '2025-04-02'}
# - {CALIB_CREATION_TIME: '15:59:49'}
# - __serialized_columns__:
#     efficiency:
#       __class__: astropy.units.quantity.Quantity
#       unit: !astropy.units.Unit {unit: '%'}
#       value: !astropy.table.SerializedColumn {name: efficiency}
#     wavelength:
#       __class__: astropy.units.quantity.Quantity
#       unit: !astropy.units.Unit {unit: nm}
#       value: !astropy.table.SerializedColumn {name: wavelength}
# schema: astropy-2.0
wavelength efficiency
300.0 0.3787796013057232
301.0 0.32347890082746744
302.0 0.2681781770661473
303.0 0.24207355454564095
304.0 0.21596893202513456
305.0 0.1814844086766243
306.0 0.14699985040351748
307.0 0.149388681165874
308.0 0.1517774653621018
309.0 0.1375540508888662
310.0 0.12333060149103403
311.0 0.1192066352814436
312.0 0.1150826457887888
313.0 0.10812225518748164
314.0 0.10116184130311012
315.0 0.08936375379562378
316.0 0.07756565464660525
317.0 0.07466160459443927
318.0 0.07175755454227328
319.0 0.06723894621245563
320.0 0.06272033788263798
321.0 0.06094711716286838
322.0 0.05917389062233269
323.0 0.05568648921325803
324.0 0.052199087804183364
325.0 0.05019100499339402
326.0 0.048182925092987716
327.0 0.042279393528588116
328.0 0.036375861964188516
329.0 0.034703637356869876
330.0 0.03303140983916819
331.0 0.033852344495244324
332.0 0.03467327915132046
333.0 0.030036314274184406
334.0 0.025399349397048354
335.0 0.02587184135336429
336.0 0.026344333309680223
337.0 0.021826921147294343
338.0 0.01730950898490846
339.0 0.018648046534508467
340.0 0.01998658844968304
341.0 0.01763475447660312
342.0 0.015282923413906246
343.0 0.015532209363300353
344.0 0.015781496767885983
345.0 0.013918463082518429
346.0 0.012055425759172067
347.0 0.013355110422708094
348.0 0.014654791448265314
349.0 0.013471810962073505
350.0 0.012288830475881696
351.0 0.012375172809697688
352.0 0.01246151514351368
353.0 0.012351137411314994
354.0 0.0122407654998824
355.0 0.01153973862528801
356.0 0.010838713933480904
357.0 0.010633098281687126
358.0 0.01042748408508487
359.0 0.0103629550721962
360.0 0.010298426786903292
361.0 0.010340607695979998
362.0 0.010382790787843987
363.0 0.009877805860014632
364.0 0.009372820204589516
365.0 0.009360262629343197
366.0 0.009347702871309593
367.0 0.008667672227602452
368.0 0.00798764085629955
369.0 0.00857228587847203
370.0 0.009156933083431795
371.0 0.008161696314346045
372.0 0.007166459545260295
373.0 0.007158888183766976
374.0 0.007151317549869418
375.0 0.00605580244155135
376.0 0.004960287333233282
377.0 0.004801212344318628
378.0 0.004642136991606094
379.0 0.0052029114158358425
380.0 0.00576368547626771
381.0 0.005814650285174139
382.0 0.005865615094080567
383.0 0.00523987109772861
384.0 0.004614127101376653
385.0 0.00431681692134589
386.0 0.004019506741315126
387.0 0.004431732668308541
388.0 0.004843958595301956
389.0 0.0046889512304915115
390.0 0.004533944229478948
391.0 0.0040586735849501565
392.0 0.003583403304219246
393.0 0.00370591260434594
394.0 0.003828421904472634
395.0 0.0035322434996487573
396.0 0.003236065458622761
397.0 0.0035803703212877735
398.0 0.003924675183952786
399.0 0.0039754737372277305
400.0 0.004026272290502675
401.0 0.0045948560000397265
402.0 0.005163439709576778
403.0 0.004375169373815879
404.0 0.0035868986742570996
405.0 0.004071502189617604
406.0 0.004556105704978108
407.0 0.004874265869148076
408.0 0.005192426760913804
409.0 0.004197868474875577
410.0 0.00320331055263523
411.0 0.003911415842594579
412.0 0.004619521132553928
413.0 0.00468362559331581
414.0 0.004747729690279812
415.0 0.004533948958851397
416.0 0.004320168955018744
417.0 0.003249261499149725
418.0 0.002178354588977527
419.0 0.0030446050004684366
420.0 0.003910855230060406
421.0 0.003306711369077675
422.0 0.002702567508094944
423.0 0.0030658207833766937
424.0 0.0034290740586584434
425.0 0.0029762568374280818
426.0 0.00252343961619772
427.0 0.0031028026569401845
428.0 0.003682165697682649
429.0 0.0031910512916510925
430.0 0.0026999370675184764
431.0 0.001999225605686661
432.0 0.0012985142348043155
433.0 0.0018899267161032185
434.0 0.0024813391064526513
435.0 0.0031857147405389696
436.0 0.0038900900108274072
437.0 0.0033368560252711177
438.0 0.002783622039714828
439.0 0.002413732909190003
440.0 0.002043843596766237
441.0 0.0023115127987693995
442.0 0.0025791818188736215
443.0 0.0024085817130981013
444.0 0.0022379814254236408
445.0 0.0019108982087345794
446.0 0.001583814992045518
447.0 0.002103980295942165
448.0 0.002624145599838812
449.0 0.0024456900064251386
450.0 0.0022672345949104056
451.0 0.002083890103676822
452.0 0.0019005456124432385
453.0 0.0017958318494493142
454.0 0.0016911177226575091
455.0 0.0018372296835877933
456.0 0.0019833418264170177
457.0 0.0015956200513755903
458.0 0.0012078985491825733
459.0 0.0016439122191513889
460.0 0.002079925798170734
461.0 0.0015849838746362366
462.0 0.0010900420420512091
463.0 0.0011818448911071755
464.0 0.0012736477401631419
465.0 0.0012132741176174022
466.0 0.0011529004041221924
467.0 0.0010114729775523301
468.0 0.0008700455509824678
469.0 0.0009384286386193708
470.0 0.001006811908155214
471.0 0.0012639730812225025
472.0 0.0015211343452392612
473.0 0.0015301053281291388
474.0 0.0015390762200695463
475.0 0.0014845720215816982
476.0 0.00143006773214438
477.0 0.0014340710549731739
478.0 0.001438074468751438
479.0 0.0016961088476818986
480.0 0.0019541432266123593
481.0 0.0016305013559758663
482.0 0.0013068595762888435
483.0 0.0012757212061842438
484.0 0.0012445829270291142
485.0 0.001189010617963504
486.0 0.0011334383088978939
487.0 0.0011785475180658977
488.0 0.001223656909132842
489.0 0.0013805482012685388
490.0 0.0015374394934042357
491.0 0.0015381898265331984
492.0 0.0015389403415611014
493.0 0.0016851012333063409
494.0 0.0018312623069505207
495.0 0.0017099562683142722
496.0 0.0015886502296780236
497.0 0.0017665362975094467
498.0 0.0019444221834419295
499.0 0.0017377869880874641
500.0 0.0015311516108340584
501.0 0.0013633101843879558
502.0 0.0011954689398407936
503.0 0.0010564504918875173
504.0 0.0009174318620353006
505.0 0.001516264910605969
506.0 0.0021150975953787565
507.0 0.0014699347048008349
508.0 0.0008247716323239729
509.0 0.0009852520634012762
510.0 0.0011457323125796393
511.0 0.0010818602277140599
512.0 0.0010179877790505998
513.0 0.0011170317520736717
514.0 0.0012160753612988628
515.0 0.0011779681699408684
516.0 0.0011398607966839336
517.0 0.001022070318867918
518.0 0.000904280022950843
519.0 0.0011211582204850856
520.0 0.0013380364180193283
521.0 0.0013166795724828262
522.0 0.0012953228178957943
523.0 0.0015390953194582835
524.0 0.0017828677300713025
525.0 0.001601796793693211
526.0 0.0014207258573151194
527.0 0.0013737191693508066
528.0 0.001326712572335964
529.0 0.0012864535165135749
530.0 0.0012461944606911857
531.0 0.0014743755855306517
532.0 0.001702556801319588
533.0 0.0016491574569954537
534.0 0.0015957581126713194
535.0 0.0015988043742254376
536.0 0.0016018506357795559
537.0 0.0015755713320686482
538.0 0.0015492922102566808
539.0 0.001287253326154314
540.0 0.0010252145330014173
541.0 0.0010751958143373486
542.0 0.0011251770956732798
543.0 0.000981132143351715
544.0 0.0008370872819796205
545.0 0.0011053585694753565
546.0 0.0013736298569710925
547.0 0.0014379834283317905
548.0 0.001502336817793548
549.0 0.0018646194803295657
550.0 0.0022269023247645237
551.0 0.0021731833840021864
552.0 0.002119464443239849
553.0 0.001998834341065958
554.0 0.0018782044207910076
555.0 0.0017116964954766445
556.0 0.0015451882063644007
557.0 0.0014902362636348698
558.0 0.0014352844118548092
559.0 0.001353214156551985
560.0 0.001271143901249161
561.0 0.0011957465176237747
562.0 0.0011203491339983884
563.0 0.0013909671906731091
564.0 0.0016615855201962404
565.0 0.0018078460925607942
566.0 0.0019541070287232287
567.0 0.0020442521417862736
568.0 0.0021343972548493184
569.0 0.0023333353965426795
570.0 0.0025322735382360406
571.0 0.0026461342713446356
572.0 0.002759995186352171
573.0 0.0022853286282042973
574.0 0.0018106620700564235
575.0 0.0017530652257846668
576.0 0.0016954681996139698
577.0 0.0018550848835729994
578.0 0.002014701567532029
579.0 0.0019369703295524232
580.0 0.0018592390915728174
581.0 0.002084475818264764
582.0 0.002309712908754591
583.0 0.0019324708773638122
584.0 0.0015552292097709142
585.0 0.0019725959646166302
586.0 0.0023899627194623463
587.0 0.0020459738152567297
588.0 0.0017019849110511132
589.0 0.0016420959582319483
590.0 0.0015822071873117238
591.0 0.0015858029655646533
592.0 0.001589398925716523
593.0 0.0010044016562460456
594.0 0.00041940465962397866
595.0 0.0007494583314837655
596.0 0.0010795119123940822
597.0 0.0007739391548966523
598.0 0.0004683662155002821
599.0 0.0008070002877502702
600.0 0.001145634178101318
601.0 0.0009789429896045476
602.0 0.0008122518011077773
603.0 0.0012111867363273632
604.0 0.001610121580597479
605.0 0.001293379500566516
606.0 0.0009766374205355532
607.0 0.0009215622412739322
608.0 0.0008664873348607216
609.0 0.0008136036740324926
610.0 0.0007607201496284688
611.0 0.0010518475392018445
612.0 0.001342974883300485
613.0 0.0013846472938894294
614.0 0.0014263201592257246
615.0 0.00139319918162073
616.0 0.0013600782040157355
617.0 0.0015841353160794824
618.0 0.00180819279194111
619.0 0.0017183880117954686
620.0 0.0016285832316498272
621.0 0.001536577838123776
622.0 0.0014445726264966652
623.0 0.0011319495570205618
624.0 0.0008193262146960478
625.0 0.0011870763046317734
626.0 0.0015548261217190884
627.0 0.0018274959074915387
628.0 0.0021001653294661082
629.0 0.002086238055198919
630.0 0.0020723105990327895
631.0 0.0024423987269983627
632.0 0.0028124866730649956
633.0 0.003024041507160291
634.0 0.0032355961593566462
635.0 0.005713872087653726
636.0 0.008192148379748687
637.0 0.015013561642263085
638.0 0.02183497854275629
639.0 0.019926657842006534
640.0 0.018018341506831348
641.0 0.015700716176070273
642.0 0.013383090845309198
643.0 0.00960137476795353
644.0 0.00581965759920422
645.0 0.006195897003635764
646.0 0.006572136771865189
647.0 0.0061593840655405074
648.0 0.005746632450609468
649.0 0.004681623977376148
650.0 0.0036166162317385897
651.0 0.003637242116383277
652.0 0.003657868001027964
653.0 0.0030206396331777796
654.0 0.002383411083428655
655.0 0.002343411324545741
656.0 0.0023034115656628273
657.0 0.0025856368665699847
658.0 0.0028678618036792614
659.0 0.0023731181499897502
660.0 0.0018783746781991795
661.0 0.002376075462962035
662.0 0.0028737762477248907
663.0 0.002418901385681238
664.0 0.0019640270693344064
665.0 0.0017849337382358499
666.0 0.0016058409528341144
667.0 0.0014341791029437445
668.0 0.0012625172530533746
669.0 0.0013295315511641093
670.0 0.001396545849274844
671.0 0.0014627084055973683
672.0 0.0015288709619198926
673.0 0.0014887773431837559
674.0 0.0014486837244476192
675.0 0.0011927007108170073
676.0 0.0009367176971863955
677.0 0.001288339808525052
678.0 0.0016399621017626487
679.0 0.00170131643244531
680.0 0.0017626711269258521
681.0 0.001994766171264928
682.0 0.002226861397502944
683.0 0.002547749681980349
684.0 0.0028686379664577544
685.0 0.002414473237877246
686.0 0.0019603085092967376
687.0 0.0021014961021137424
688.0 0.0022426838768296875
689.0 0.0024029077394516207
690.0 0.0025631317839724943
691.0 0.0023142783902585506
692.0 0.0020654246327467263
693.0 0.002412571120657958
694.0 0.0027597177904681303
695.0 0.0033642845664871857
696.0 0.003968851160607301
697.0 0.004121652091271244
698.0 0.004274452658137307
699.0 0.005733340003644116
700.0 0.007192225893959403
701.0 0.007198020466603339
702.0 0.007203814311651513
703.0 0.006717086216667667
704.0 0.006230356666492298
705.0 0.005060317926108837
706.0 0.0038902788219274953
707.0 0.003444717003731057
708.0 0.002999155185534619
709.0 0.00363103135896381
710.0 0.004262907532393001
711.0 0.004058710328536108
712.0 0.0038545127608813345
713.0 0.0031196283089229837
714.0 0.002384743311267812
715.0 0.002348710950172972
716.0 0.0023126782252802514
717.0 0.0020093482817173935
718.0 0.0017060181562555954
719.0 0.0016777486962382682
720.0 0.001649479236220941
721.0 0.002079883051919751
722.0 0.002510286867618561
723.0 0.0025030674805748276
724.0 0.002495848457328975
725.0 0.0015531364624621347
726.0 0.000610424422120559
727.0 0.0010246281817671843
728.0 0.001438831714040134
729.0 0.0011874498341057915
730.0 0.0009360677722725086
731.0 0.0006076254976505879
732.0 0.0002791832002912997
733.0 0.0007370559160335688
734.0 0.0011949286999879405
735.0 0.0012323693226790056
736.0 0.0012698100363195408
737.0 0.0011241408174100798
738.0 0.0009784715075511485
739.0 0.001368641733279219
740.0 0.0017588121409062296
741.0 0.0014709599781781435
742.0 0.0011831077245005872
743.0 0.0011718138011929113
744.0 0.0011605199688347057
745.0 0.001533123395347502
746.0 0.0019057268218602985
747.0 0.0019271361452410929
748.0 0.0019485454686218873
749.0 0.0026083273041876964
750.0 0.003268108775955625
751.0 0.0028910058972542174
752.0 0.00251390301855281
753.0 0.0024739820219110698
754.0 0.0024340610252693295
755.0 0.0022008038286003284
756.0 0.0019675462681334466
757.0 0.00229835477512097
758.0 0.002629163100209553
759.0 0.002602864151413087
760.0 0.00257656483881874
761.0 0.004603599882102571
762.0 0.0066306332882959396
763.0 0.006126413791207597
764.0 0.005622193930321373
765.0 0.004971785165253095
766.0 0.004321376400184818
767.0 0.004297917985240929
768.0 0.0042744602978928015
769.0 0.005117007458466105
770.0 0.00595955498283729
771.0 0.005126777614350431
772.0 0.004293999882065691
773.0 0.003995830411440693
774.0 0.0036976609408156946
775.0 1.6285583992470265e-10
776.0 0.042919605039060116
777.0 0.08435423951596022
778.0 1.6285583992470265e-10
779.0 0.07053283043205738
780.0 0.050958251813426614
781.0 0.1130362506955862
782.0 0.08430909947492182
783.0 0.08007219876162708
784.0 1.6285583992470265e-10
785.0 0.11650200467556715
786.0 0.05891473265364766
787.0 0.17663838807493448
788.0 1.6285583992470265e-10
789.0 1.6285583992470265e-10
790.0 1.6285583992470265e-10
791.0 0.0342793355230242
792.0 1.6285583992470265e-10
793.0 0.04197881789878011
794.0 1.6285583992470265e-10
795.0 0.01364171039313078
796.0 0.06920960731804371
797.0 0.00039109031604311895
798.0 0.06316380458883941
799.0 0.13625967549160123
800.0 0.191996106877923
801.0 0.5108478013426065
802.0 0.8787644095718861
803.0 1.4896796084940434
804.0 2.3526791483163834
805.0 3.68645116686821
806.0 5.176623910665512
807.0 7.303281128406525
808.0 9.71333533525467
809.0 12.859329581260681
810.0 16.037826240062714
811.0 19.031664729118347
812.0 22.104449570178986
813.0 25.400540232658386
814.0 28.884634375572205
815.0 33.58510434627533
816.0 38.87304961681366
817.0 45.18606960773468
818.0 51.32991671562195
819.0 57.6411247253418
820.0 65.49075841903687
821.0 72.94763326644897
822.0 78.70848774909973
823.0 83.48633050918579
824.0 88.23098540306091
825.0 92.45144128799438
826.0 94.93076205253601
827.0 96.70053720474243
828.0 98.68684411048889
829.0 99.22921061515808
830.0 98.57581853866577
831.0 98.90518188476562
832.0 98.46402406692505
833.0 99.65443015098572
834.0 98.32426905632019
835.0 99.31608438491821
836.0 98.78217577934265
837.0 99.04685616493225
838.0 98.28495383262634
839.0 98.67430329322815
840.0 98.51802587509155
841.0 99.47149753570557
842.0 99.34694766998291
843.0 99.61521029472351
844.0 97.91362881660461
845.0 98.93319010734558
846.0 98.83496165275574
847.0 98.6717164516449
848.0 99.52735900878906
849.0 98.91566634178162
850.0 98.35290908813477
851.0 99.36670064926147
852.0 98.92324209213257
853.0 98.57532978057861
854.0 99.90060329437256
855.0 98.336923122406
856.0 98.7500011920929
857.0 97.88084030151367
858.0 98.42683672904968
859.0 99.16496276855469
860.0 98.76270890235901
861.0 98.6240565776825
862.0 98.57977032661438
863.0 98.57839345932007
864.0 99.54281449317932
865.0 99.97288584709167
866.0 98.88716340065002
867.0 99.38604235649109
868.0 99.74611401557922
869.0 98.96643161773682
870.0 98.06848764419556
871.0 98.92093539237976
872.0 99.17263388633728
873.0 98.98279309272766
874.0 99.10210371017456
875.0 98.79765510559082
876.0 98.91805052757263
877.0 99.50642585754395
878.0 99.05951619148254
879.0 98.79332184791565
880.0 98.59505891799927
881.0 99.76868629455566
882.0 99.04548525810242
883.0 98.62278699874878
884.0 99.07479882240295
885.0 99.04468059539795
886.0 98.63318204879761
887.0 98.63489866256714
888.0 99.15357232093811
889.0 99.72620010375977
890.0 98.4038233757019
891.0 99.1056501865387
892.0 98.54738116264343
893.0 98.57490658760071
894.0 98.2250452041626
895.0 99.57478642463684
