lsstCam/transmission_filter_detector/r33_s11/y_10/19700101T000000.ecsv
# %ECSV 1.0
# ---
# datatype:
# - {name: wavelength, unit: nm, datatype: float32}
# - {name: efficiency, unit: '%', datatype: float64}
# meta: !!omap
# - {MODE: DETECTOR}
# - {TYPE: transmission_filter_detector}
# - {CALIBDATE: '1970-01-01T00:00:00'}
# - {INSTRUME: LSSTCam}
# - {OBSTYPE: transmission_filter_detector}
# - {CALIBCLS: lsst.ip.isr.IntermediateFilterDetectorTransmissionCurve}
# - {SOURCE: Materion (DM-46256)}
# - {DETECTOR: 148}
# - {FILTER: y_10}
# - {CALIB_ID: 'calibDate=1970-01-01T00:00:00 filter=y_10 detector=148'}
# - {DATE: '2025-04-02T15:59:51.429663'}
# - {CALIB_CREATION_DATE: '2025-04-02'}
# - {CALIB_CREATION_TIME: '15:59:51'}
# - __serialized_columns__:
#     efficiency:
#       __class__: astropy.units.quantity.Quantity
#       unit: !astropy.units.Unit {unit: '%'}
#       value: !astropy.table.SerializedColumn {name: efficiency}
#     wavelength:
#       __class__: astropy.units.quantity.Quantity
#       unit: !astropy.units.Unit {unit: nm}
#       value: !astropy.table.SerializedColumn {name: wavelength}
# schema: astropy-2.0
wavelength efficiency
[from data line 577]
877.0 0.0022463245841208845
878.0 0.002301582571817562
879.0 0.0016020094335544854
880.0 0.07182284607551992
881.0 0.10515284957364202
882.0 0.06563578499481082
883.0 0.096110935555771
884.0 0.06992669659666717
885.0 0.09334962232969701
886.0 0.07200821419246495
887.0 0.10430545080453157
888.0 0.07514672470279038
889.0 0.11310083791613579
890.0 0.07723149028606713
891.0 0.09526879293844104
892.0 0.07559739169664681
893.0 0.10276628891006112
894.0 0.07930303108878434
895.0 0.10581685928627849
896.0 0.09032387752085924
897.0 0.13163983821868896
898.0 0.09451897349208593
899.0 0.14170308131724596
900.0 0.110094144474715
901.0 0.14414171455428004
902.0 0.1574421301484108
903.0 0.1750954193994403
904.0 0.2202044241130352
905.0 0.2682841382920742
906.0 0.3262708429247141
907.0 0.4190453328192234
908.0 0.5672991275787354
909.0 0.7868031971156597
910.0 1.1179659515619278
911.0 1.5737250447273254
912.0 2.333288826048374
913.0 3.4330449998378754
914.0 4.772016778588295
915.0 6.687581539154053
916.0 8.960072696208954
917.0 11.444074660539627
918.0 14.24943208694458
919.0 16.896432638168335
920.0 20.428332686424255
921.0 24.109473824501038
922.0 27.815929055213928
923.0 32.283711433410645
924.0 37.08616495132446
925.0 42.4313485622406
926.0 48.77495765686035
927.0 55.58810234069824
928.0 61.55376434326172
929.0 67.94298887252808
930.0 73.47045540809631
931.0 78.93664240837097
932.0 83.84252190589905
933.0 87.98454999923706
934.0 90.93433618545532
935.0 93.02917718887329
936.0 94.5902168750763
937.0 95.66972255706787
938.0 96.3504433631897
939.0 96.69296741485596
940.0 96.95332646369934
941.0 97.11492657661438
942.0 97.26752042770386
943.0 97.33574986457825
944.0 97.61149287223816
945.0 97.52032160758972
946.0 97.59622812271118
947.0 97.51736521720886
948.0 97.69851565361023
949.0 97.60350584983826
950.0 97.77278304100037
951.0 97.80579209327698
952.0 97.83748984336853
953.0 98.07009696960449
954.0 98.1710135936737
955.0 98.2502818107605
956.0 98.40463399887085
957.0 98.61875772476196
958.0 98.72474670410156
959.0 98.75921607017517
960.0 98.8956868648529
961.0 98.94525408744812
962.0 98.95302653312683
963.0 99.00386929512024
964.0 99.0296721458435
965.0 99.02647733688354
966.0 99.07740354537964
967.0 99.16580319404602
968.0 99.14133548736572
969.0 99.16297197341919
970.0 99.22701120376587
971.0 99.24004673957825
972.0 99.30565357208252
973.0 99.37626719474792
974.0 99.3678331375122
975.0 99.36221241950989
976.0 99.42625761032104
977.0 99.38061833381653
978.0 99.45317506790161
979.0 99.35957193374634
980.0 99.31474924087524
981.0 99.2367684841156
982.0 99.19878244400024
983.0 99.22042489051819
984.0 99.15223121643066
985.0 99.18937087059021
986.0 99.04530644416809
987.0 99.11494851112366
988.0 99.01052117347717
989.0 99.02559518814087
990.0 99.00408387184143
991.0 99.01854395866394
992.0 99.1093099117279
993.0 99.06905889511108
994.0 99.04852509498596
995.0 99.09666180610657
996.0 99.07104969024658
997.0 99.20194149017334
998.0 99.24139380455017
999.0 99.2542028427124
1000.0 99.3154525756836
1001.0 99.24963712692261
1002.0 99.3634283542633
1003.0 99.39371943473816
1004.0 99.44031238555908
1005.0 99.35877323150635
1006.0 99.4717001914978
1007.0 99.47503209114075
1008.0 99.42392706871033
1009.0 99.35781359672546
1010.0 99.39562678337097
1011.0 99.41291213035583
1012.0 99.32519197463989
1013.0 99.32881593704224
1014.0 99.28399324417114
1015.0 99.2597758769989
1016.0 99.25674200057983
1017.0 99.28953051567078
1018.0 99.3022084236145
1019.0 99.23669099807739
1020.0 99.29738640785217
1021.0 99.46845173835754
1022.0 99.30363297462463
1023.0 99.35778379440308
1024.0 99.37318563461304
1025.0 99.36466813087463
1026.0 99.40356016159058
1027.0 99.52383041381836
1028.0 99.41157102584839
1029.0 99.50701594352722
1030.0 99.55329895019531
1031.0 99.5176613330841
1032.0 99.56333637237549
1033.0 99.54876899719238
1034.0 99.55964088439941
1035.0 99.60500001907349
1036.0 99.49191808700562
1037.0 99.5017409324646
1038.0 99.45555329322815
1039.0 99.3868350982666
1040.0 99.31778311729431
1041.0 99.42008852958679
1042.0 99.43559169769287
1043.0 99.33416247367859
1044.0 99.40802454948425
1045.0 99.12124872207642
1046.0 99.3224561214447
1047.0 99.26699995994568
1048.0 99.31532740592957
1049.0 99.21830296516418
1050.0 99.15769100189209
1051.0 99.21388030052185
1052.0 99.21872019767761
1053.0 99.11365509033203
1054.0 99.4042158126831
1055.0 99.41127896308899
1056.0 99.19960498809814
1057.0 99.3158757686615
1058.0 99.0763008594513
1059.0 99.14894700050354
1060.0 99.24356937408447
1061.0 99.2432951927185
1062.0 99.26740527153015
1063.0 99.18336868286133
1064.0 99.30866360664368
1065.0 99.25054907798767
1066.0 99.25462603569031
1067.0 99.3125855922699
1068.0 99.19689893722534
1069.0 99.0781843662262
1070.0 99.38357472419739
1071.0 99.24136400222778
1072.0 99.23535585403442
1073.0 99.38105344772339
1074.0 99.06246066093445
1075.0 99.01129007339478
1076.0 98.91669154167175
1077.0 99.22962188720703
1078.0 99.32674765586853
1079.0 99.01024103164673
1080.0 99.62091445922852
1081.0 98.93298745155334
1082.0 99.09576177597046
1083.0 98.8751769065857
1084.0 99.19211268424988
1085.0 99.04503226280212
1086.0 98.96535873413086
1087.0 99.20103549957275
1088.0 98.71854782104492
1089.0 98.80574345588684
1090.0 98.90645146369934
1091.0 98.96503686904907
1092.0 98.96801710128784
1093.0 98.92421960830688
1094.0 98.71150255203247
1095.0 98.65679144859314
1096.0 98.66146445274353
1097.0 98.41064810752869
1098.0 98.04720878601074
1099.0 98.91782402992249
1100.0 98.11891913414001
