lsstCam/transmission_filter_detector/r33_s11/y_10/19700101T000000.ecsv
# %ECSV 1.0
# ---
# datatype:
# - {name: wavelength, unit: nm, datatype: float32}
# - {name: efficiency, unit: '%', datatype: float64}
# meta: !!omap
# - {MODE: DETECTOR}
# - {TYPE: transmission_filter_detector}
# - {CALIBDATE: '1970-01-01T00:00:00'}
# - {INSTRUME: LSSTCam}
# - {OBSTYPE: transmission_filter_detector}
# - {CALIBCLS: lsst.ip.isr.IntermediateFilterDetectorTransmissionCurve}
# - {SOURCE: Materion (DM-46256)}
# - {DETECTOR: 148}
# - {FILTER: y_10}
# - {CALIB_ID: 'calibDate=1970-01-01T00:00:00 filter=y_10 detector=148'}
# - {DATE: '2025-04-02T15:59:51.429663'}
# - {CALIB_CREATION_DATE: '2025-04-02'}
# - {CALIB_CREATION_TIME: '15:59:51'}
# - __serialized_columns__:
#     efficiency:
#       __class__: astropy.units.quantity.Quantity
#       unit: !astropy.units.Unit {unit: '%'}
#       value: !astropy.table.SerializedColumn {name: efficiency}
#     wavelength:
#       __class__: astropy.units.quantity.Quantity
#       unit: !astropy.units.Unit {unit: nm}
#       value: !astropy.table.SerializedColumn {name: wavelength}
# schema: astropy-2.0
wavelength efficiency
300.0 0.021511345403268933
301.0 0.024144334020093083
302.0 0.026777316816151142
303.0 0.02185127668781206
304.0 0.016925235104281455
305.0 0.014642058522440493
306.0 0.012358877575024962
307.0 0.012640102067962289
308.0 0.012921328016091138
309.0 0.011589939094847068
310.0 0.010258553811581805
311.0 0.006306586874416098
312.0 0.002354621756239794
313.0 0.005972140570520423
314.0 0.009589659021003172
315.0 0.005511471681529656
316.0 0.001433283159713028
317.0 0.002566523471614346
318.0 0.0036997640563640743
319.0 0.0015583993445034139
320.0 1.5954307102869492e-10
321.0 6.477124543380341e-05
322.0 0.0007125086995074525
323.0 0.002412849607935641
324.0 0.004113190152565949
325.0 0.002645459790073801
326.0 0.0011777295185311232
327.0 0.0018127677321899682
328.0 0.0024478054911014624
329.0 0.0033620046451687813
330.0 0.00427620361733716
331.0 0.0033451931813033298
332.0 0.0024141831090673804
333.0 0.0025488960091024637
334.0 0.002683608909137547
335.0 0.002119061718985904
336.0 0.00155451398313744
337.0 0.0017744812794262543
338.0 0.0019944485757150687
339.0 0.0014706690308230463
340.0 0.0009468896678299643
341.0 0.0011172641279699747
342.0 0.0012876383152615745
343.0 0.0011688266567944083
344.0 0.001050014907377772
345.0 0.0009912459972838406
346.0 0.0009324771781393792
347.0 0.0011515228834468871
348.0 0.0013705688616028056
349.0 0.0008965585948317312
350.0 0.00042254846448486205
351.0 0.0008364547284145374
352.0 0.0012503609468694776
353.0 0.0013047162610746454
354.0 0.0013590715752798133
355.0 0.001635420812817756
356.0 0.001911770050355699
357.0 0.0017102038327720948
358.0 0.0015086378880369011
359.0 0.0011747665666916873
360.0 0.0008408954272454139
361.0 0.0008188941137632355
362.0 0.0007968928912305273
363.0 0.0007869559340178967
364.0 0.000777018976805266
365.0 0.0011954262845392805
366.0 0.0016138334103743546
367.0 0.001905596218421124
368.0 0.0021973590264678933
369.0 0.0017585945897735655
370.0 0.0013198303349781781
371.0 0.001261602301383391
372.0 0.0012033744496875443
373.0 0.0015773073755553924
374.0 0.0019512401195243
375.0 0.0028462245609262027
376.0 0.003741209366125986
377.0 0.003931410901714116
378.0 0.004121612437302247
379.0 0.003701696914504282
380.0 0.0032817817555041984
381.0 0.0025098912374232896
382.0 0.0017380009012413211
383.0 0.001281316508539021
384.0 0.0008246320248872507
385.0 0.0008201007403840777
386.0 0.0008155693649314344
387.0 0.0006060519808670506
388.0 0.0003965345513279317
389.0 0.0004760865977004869
390.0 0.0005556386895477772
391.0 0.0005983094979455927
392.0 0.000640980169919203
393.0 0.0006861367637611693
394.0 0.0007312932211789303
395.0 0.0006443646725529106
396.0 0.0005574359875026857
397.0 0.0007027682386251399
398.0 0.0008481003533233888
399.0 0.00090577641458367
400.0 0.0009634522029955406
401.0 0.0012815862646675669
402.0 0.001599720235390123
403.0 0.0017436650523450226
404.0 0.0018876096874009818
405.0 0.0017842328816186637
406.0 0.0016808560758363456
407.0 0.0015699464711360633
408.0 0.0014590366845368408
409.0 0.0012794270332960878
410.0 0.0010998171092069242
411.0 0.0012592096027219668
412.0 0.0014186021871864796
413.0 0.0009925321137416176
414.0 0.0005664620857714908
415.0 0.0005799243808723986
416.0 0.0005933865395491011
417.0 0.00015869933349677012
418.0 1.5954307102869492e-10
419.0 1.5954307102869492e-10
420.0 1.5954307102869492e-10
421.0 1.5954307102869492e-10
422.0 1.5954307102869492e-10
423.0 0.00021741441287304042
424.0 0.0005702259386453079
425.0 0.0001407235345141089
426.0 1.5954307102869492e-10
427.0 0.0004230878403177485
428.0 0.0011349546184646897
429.0 0.00038291432247206103
430.0 1.5954307102869492e-10
431.0 1.5954307102869492e-10
432.0 0.0001314154246756516
433.0 1.5954307102869492e-10
434.0 1.5954307102869492e-10
435.0 1.5954307102869492e-10
436.0 0.0004003100002591964
437.0 0.00024108499019348528
438.0 8.186007107724436e-05
439.0 0.0003339541081004427
440.0 0.0005860481905983761
441.0 0.00043872073547390755
442.0 0.00029139346224837936
443.0 0.0004488552349357633
444.0 0.000606316871198942
445.0 0.0003658384684968041
446.0 0.00012535992937046103
447.0 0.00038969487832218874
448.0 0.0006540299636981217
449.0 0.00039279207157960627
450.0 0.00013155417946109083
451.0 0.0002626318064358202
452.0 0.0003937095243600197
453.0 0.00014808891819484415
454.0 1.5954307102869492e-10
455.0 0.0005467516075441381
456.0 0.0011910350622201804
457.0 0.0005672023689839989
458.0 1.5954307102869492e-10
459.0 1.5954307102869492e-10
460.0 1.5954307102869492e-10
461.0 8.255665875367413e-05
462.0 0.00036741751046065474
463.0 0.000504493482367252
464.0 0.0006415694770112168
465.0 0.0006950817805773113
466.0 0.0007485942660423461
467.0 0.0010117705642187502
468.0 0.0012749469533446245
469.0 0.0015239631466101855
470.0 0.0017729793398757465
471.0 0.0017774886146071367
472.0 0.0017819975255406462
473.0 0.0019189963495591655
474.0 0.0020559953554766253
475.0 0.0024117494831443764
476.0 0.002767503792711068
477.0 0.003015832044184208
478.0 0.0032641601137584075
479.0 0.003728971933014691
480.0 0.004193784116068855
481.0 0.004623735367204063
482.0 0.005053686982137151
483.0 0.00444773213530425
484.0 0.003841776924673468
485.0 0.003697870488394983
486.0 0.0035539640521164984
487.0 0.003326092701172456
488.0 0.003098221350228414
489.0 0.00275477232207777
490.0 0.0024113232939271256
491.0 0.00207922603294719
492.0 0.001747128953866195
493.0 0.0015428870028699748
494.0 0.001338644688075874
495.0 0.0014770656889595557
496.0 0.0016154866898432374
497.0 0.001825305116653908
498.0 0.0020351235434645787
499.0 0.002163907811336685
500.0 0.002292691897309851
501.0 0.0024804974600556307
502.0 0.002668303386599291
503.0 0.002765936733339913
504.0 0.0028635700800805353
505.0 0.0025710914997034706
506.0 0.002278612919326406
507.0 0.0023371341740130447
508.0 0.0023956556105986238
509.0 0.002165639671147801
510.0 0.0019356239135959186
511.0 0.0018181814084528014
512.0 0.0017007389033096842
513.0 0.0019843189875246026
514.0 0.0022678994355374016
515.0 0.0018990938770002685
516.0 0.0015302879546652548
517.0 0.0016721120118745603
518.0 0.001813935705285985
519.0 0.0015332112525356933
520.0 0.0012524867997854017
521.0 0.0014714071767230053
522.0 0.0016903275536606088
523.0 0.0018180509869125672
524.0 0.0019457740563666448
525.0 0.0021930238290224224
526.0 0.0024402736016782
527.0 0.002247457450721413
528.0 0.0020546416635625064
529.0 0.002264282557007391
530.0 0.002473923632351216
531.0 0.002321518331882544
532.0 0.0021691133952117525
533.0 0.002110278364853002
534.0 0.0020514431525953114
535.0 0.0017816153558669612
536.0 0.0015117876500880811
537.0 0.0017877964637591504
538.0 0.00206380555027863
539.0 0.002513682011340279
540.0 0.002963558290502988
541.0 0.003479969745967537
542.0 0.0039963812014320865
543.0 0.004389735113363713
544.0 0.0047830890252953395
545.0 0.004991304740542546
546.0 0.005199520819587633
547.0 0.004510326107265428
548.0 0.0038211310311453417
549.0 0.0031069030228536576
550.0 0.0023926753783598542
551.0 0.0024271803340525366
552.0 0.0024616851078462787
553.0 0.0026043351681437343
554.0 0.0027469854103401303
555.0 0.0035463606764096767
556.0 0.004345736306277104
557.0 0.004426972009241581
558.0 0.004508208076003939
559.0 0.004092351082363166
560.0 0.003676494088722393
561.0 0.0037660727684851736
562.0 0.003855651812045835
563.0 0.003645642937044613
564.0 0.0034356347896391526
565.0 0.0033974625694099814
566.0 0.003359290712978691
567.0 0.003708643271238543
568.0 0.004057995829498395
569.0 0.004692362927016802
570.0 0.005326729660737328
571.0 0.005716718806070276
572.0 0.006106708315201104
573.0 0.006181092612678185
574.0 0.0062554769101552665
575.0 0.006238352943910286
576.0 0.006221228250069544
577.0 0.005893306297366507
578.0 0.005565384708461352
579.0 0.005576877083512954
580.0 0.005588369458564557
581.0 0.006373664655257016
582.0 0.007158959488151595
583.0 0.008312184945680201
584.0 0.009465411130804569
585.0 0.009849122579907998
586.0 0.010232833301415667
587.0 0.010420288890600204
588.0 0.010607745207380503
589.0 0.010497365292394534
590.0 0.010386989015387371
591.0 0.00974130307440646
592.0 0.00909561786102131
593.0 0.007955644832691178
594.0 0.006815672531956807
595.0 0.0060380578361218795
596.0 0.005260444595478475
597.0 0.005748359399149194
598.0 0.006236274202819914
599.0 0.007141342211980373
600.0 0.008046410221140832
601.0 0.009202148066833615
602.0 0.010357885184930637
603.0 0.010542340896790847
604.0 0.010726797336246818
605.0 0.010676587407942861
606.0 0.01062637529685162
607.0 0.009633815352572128
608.0 0.008641255408292636
609.0 0.007159330561989918
610.0 0.005677406079485081
611.0 0.004522077870205976
612.0 0.003366749660926871
613.0 0.003327474041725509
614.0 0.0032881984225241467
615.0 0.00430687032348942
616.0 0.0053255422244546935
617.0 0.0067120607127435505
618.0 0.008098577382043004
619.0 0.009259048965759575
620.0 0.010419520549476147
621.0 0.010720377758843824
622.0 0.01102123424061574
623.0 0.011324096703901887
624.0 0.011626956256804988
625.0 0.010651324555510655
626.0 0.0096756913990248
627.0 0.007882306817919016
628.0 0.006088921873015352
629.0 0.004880487540503964
630.0 0.0036720528441946954
631.0 0.0030592735129175708
632.0 0.0024464943635393865
633.0 0.002453771776345093
634.0 0.002461049189150799
635.0 0.002785797551041469
636.0 0.0031105457310331985
637.0 0.0036665722291218117
638.0 0.004222598727210425
639.0 0.004785369674209505
640.0 0.005348140257410705
641.0 0.005324730227584951
642.0 0.005301320197759196
643.0 0.005631999738398008
644.0 0.005962678915238939
645.0 0.00514996936544776
646.0 0.00433725981565658
647.0 0.0038175225199665874
648.0 0.0032977855880744755
649.0 0.0026542007617536
650.0 0.002010615571634844
651.0 0.0017402289813617244
652.0 0.001469841936341254
653.0 0.0015128911400097422
654.0 0.0015559402527287602
655.0 0.0014136778190732002
656.0 0.0012714152035186999
657.0 0.00140831180033274
658.0 0.0015452085790457204
659.0 0.0015840969354030676
660.0 0.0016229856555582955
661.0 0.00160260678967461
662.0 0.0015822279237909243
663.0 0.0018285572878085077
664.0 0.00207488610612927
665.0 0.002680682700884063
666.0 0.003286479477537796
667.0 0.003936275243177079
668.0 0.004586071372614242
669.0 0.005337048423825763
670.0 0.006088026202633046
671.0 0.006678308272967115
672.0 0.007268589979503304
673.0 0.007401171751553193
674.0 0.00753375279600732
675.0 0.007438568718498573
676.0 0.007343386096181348
677.0 0.006085159111535177
678.0 0.004826932126889005
679.0 0.003566843588487245
680.0 0.0023067546862876043
681.0 0.0014008712241775356
682.0 0.0004949880349158775
683.0 0.00047032553993631154
684.0 0.00044566309043148067
685.0 0.0002872201548598241
686.0 0.00012877718518211623
687.0 0.00014699851362820482
688.0 0.00016521977386219078
689.0 0.00023257775865204167
690.0 0.00029993566386110615
691.0 0.00012088339644833468
692.0 1.5954307102869492e-10
693.0 0.00017455042780056829
694.0 0.0004072699084645137
695.0 0.0002657530558280996
696.0 0.0001242362827724719
697.0 0.0001907681053125998
698.0 0.0002572999392214115
699.0 0.00024285006929858355
700.0 0.00022840035853732843
701.0 0.00023450688786397222
702.0 0.00024061341719061602
703.0 0.00013054285545877065
704.0 2.0472334938403947e-05
705.0 6.853729246358853e-05
706.0 0.00011660221161946538
707.0 0.00030952437555242795
708.0 0.0005024465735914418
709.0 0.0005728260020987364
710.0 0.0006432055670302361
711.0 0.0006038173523847945
712.0 0.0005644290922646178
713.0 0.0003277350288044545
714.0 9.104082323574403e-05
715.0 0.00015301625353458803
716.0 0.00021499163267435506
717.0 0.00022426222585636424
718.0 0.00023353272808890324
719.0 0.00025780720989132533
720.0 0.00028208180538058514
721.0 0.00043527984416869003
722.0 0.0005884780875931028
723.0 0.00045632696128450334
724.0 0.0003241757667638012
725.0 0.0002855065986295813
726.0 0.00024683743049536133
727.0 0.0002561999508543522
728.0 0.0002655626303749159
729.0 0.0003636641395132756
730.0 0.0004617654667526949
731.0 0.0002051586079687695
732.0 1.5954307102869492e-10
733.0 0.0002271548055432504
734.0 0.0005057582256995374
735.0 0.00036462536172621185
736.0 0.00022349263417709153
737.0 8.984530381894729e-05
738.0 1.5954307102869492e-10
739.0 0.00015746154531370848
740.0 0.0003587251740100328
741.0 0.0003054216676900978
742.0 0.0002521181386327953
743.0 0.00033865010209410684
744.0 0.00042518190639384557
745.0 0.00046956565711298026
746.0 0.0005139491349837044
747.0 0.000385948123948765
748.0 0.00025794702196435537
749.0 0.00023182608401839389
750.0 0.00020570516880979994
751.0 0.00032175282740354305
752.0 0.0004378004632599186
753.0 0.00030023782073840266
754.0 0.00016267515547951916
755.0 0.0003978971108153928
756.0 0.0006331189979391638
757.0 0.00047311323214671575
758.0 0.0003131075800411054
759.0 0.0002946041831819457
760.0 0.00027610069537331583
761.0 0.0005664613581757294
762.0 0.0008568219527660403
763.0 0.0007566376098111505
764.0 0.0006564529940078501
765.0 0.0004810259724763455
766.0 0.00030559901915694354
767.0 0.0005235088337940397
768.0 0.0007414187166432384
769.0 0.0006453019068430876
770.0 0.0005491851425176719
771.0 0.0007238151283672778
772.0 0.0008984450687421486
773.0 0.0005985283223708393
774.0 0.0002986115532621625
775.0 0.00031176002721622353
776.0 0.0003249086603318574
777.0 0.00012793722135029384
778.0 1.5954307102869492e-10
779.0 0.000562260811420856
780.0 0.0011935560905840248
781.0 0.0009237542144546751
782.0 0.000653952156426385
783.0 0.0007353909040830331
784.0 0.0008168297426891513
785.0 0.0005885103746550158
786.0 0.0003601907792472048
787.0 0.0002776078872557264
788.0 0.0001950247906279401
789.0 0.0003070849743380677
790.0 0.00041914513531082775
791.0 0.0005252373284747591
792.0 0.0006313294306892203
793.0 0.0007518636266468093
794.0 0.0008723978680791333
795.0 0.0007818449375918135
796.0 0.0006912920525792288
797.0 0.0007125566753529711
798.0 0.0007338211617025081
799.0 0.00046272657527879346
800.0 0.00019163201159244636
801.0 0.0005931683972448809
802.0 0.0009947048965841532
803.0 0.0008250065548054408
804.0 0.0006553083949256688
805.0 0.000591297066421248
806.0 0.0005272857379168272
807.0 0.00017470175635025953
808.0 1.5954307102869492e-10
809.0 0.0002656403921719175
810.0 0.0007091631232469808
811.0 0.0006047918759577442
812.0 0.0005004205831937725
813.0 0.0006302765086729778
814.0 0.0007601322067785077
815.0 0.0007207197086245287
816.0 0.0006813071195210796
817.0 0.0008132172297337092
818.0 0.0009451274308958091
819.0 0.0009463238711759914
820.0 0.0009475202205067035
821.0 0.0009952212167263497
822.0 0.0010429221219965257
823.0 0.0009518951628706418
824.0 0.0008608681127952877
825.0 0.0010244883014820516
826.0 0.0011881084901688155
827.0 0.0007745023140159901
828.0 0.0003608960014389595
829.0 0.0005195879566599615
830.0 0.0006782799573556986
831.0 0.0006979684258112684
832.0 0.0007176572125899838
833.0 0.0009271687304135412
834.0 0.0011366802027623635
835.0 0.0010391884643468075
836.0 0.0009416965440323111
837.0 0.0005946600595052587
838.0 0.0002476237341397791
839.0 0.00039723008740111254
840.0 0.0005468365543492837
841.0 0.0009503348337602802
842.0 0.0013538331586460117
843.0 0.0012575703294714913
844.0 0.0011613073183980305
845.0 0.0008671219802636188
846.0 0.0005729364602302667
847.0 0.0009874303032120224
848.0 0.0014019242371432483
849.0 0.0010187447514908854
850.0 0.000635565038464847
851.0 0.0008060991603997536
852.0 0.000976633236859925
853.0 0.0009315895113104489
854.0 0.0008865457857609726
855.0 0.0008651136340631638
856.0 0.0008436814823653549
857.0 0.0010237932656309567
858.0 0.0012039049579470884
859.0 0.0009619347110856324
860.0 0.0007199646915978519
861.0 0.0009991988008550834
862.0 0.0012784328646375798
863.0 0.0015595958757330664
864.0 0.0018407590687274933
865.0 0.002080688500427641
866.0 0.0023206179321277887
867.0 0.0026266030545230024
868.0 0.002932588176918216
869.0 0.0028634482077904977
870.0 0.002794308056763839
871.0 0.0033632539270911366
872.0 0.003932200343115255
873.0 0.0031361476430902258
874.0 0.0023400956706609577
875.0 0.0022655813154415227
