lsstCam/transmission_filter_detector/r21_s22/r_57/19700101T000000.ecsv
# %ECSV 1.0
# ---
# datatype:
# - {name: wavelength, unit: nm, datatype: float32}
# - {name: efficiency, unit: '%', datatype: float64}
# meta: !!omap
# - {MODE: DETECTOR}
# - {TYPE: transmission_filter_detector}
# - {CALIBDATE: '1970-01-01T00:00:00'}
# - {INSTRUME: LSSTCam}
# - {OBSTYPE: transmission_filter_detector}
# - {CALIBCLS: lsst.ip.isr.IntermediateFilterDetectorTransmissionCurve}
# - {SOURCE: Materion (DM-46256)}
# - {DETECTOR: 89}
# - {FILTER: r_57}
# - {CALIB_ID: 'calibDate=1970-01-01T00:00:00 filter=r_57 detector=89'}
# - {DATE: '2025-04-02T15:59:44.594579'}
# - {CALIB_CREATION_DATE: '2025-04-02'}
# - {CALIB_CREATION_TIME: '15:59:44'}
# - __serialized_columns__:
#     efficiency:
#       __class__: astropy.units.quantity.Quantity
#       unit: !astropy.units.Unit {unit: '%'}
#       value: !astropy.table.SerializedColumn {name: efficiency}
#     wavelength:
#       __class__: astropy.units.quantity.Quantity
#       unit: !astropy.units.Unit {unit: nm}
#       value: !astropy.table.SerializedColumn {name: wavelength}
# schema: astropy-2.0
wavelength efficiency
[from data line 602]
902.0 1.5787811596251755e-10
903.0 1.5787811596251755e-10
904.0 1.5787811596251755e-10
905.0 1.5787811596251755e-10
906.0 3.0105090331744577e-05
907.0 8.384895977542328e-05
908.0 9.804689398151822e-05
909.0 0.00011224483387195505
910.0 1.4940367520921427e-05
911.0 1.5787811596251755e-10
912.0 1.5787811596251755e-10
913.0 4.030751767913898e-05
914.0 4.967070026395959e-05
915.0 5.9033862953583593e-05
916.0 3.497974319088826e-05
917.0 1.0925617033308299e-05
918.0 0.00010037862239187234
919.0 0.00018983162135555176
920.0 0.00012272076901354012
921.0 5.560990530284471e-05
922.0 0.00014180446896716603
923.0 0.00022799904400017112
924.0 0.00018737599702944863
925.0 0.00014675295005872613
926.0 0.00013359216382013983
927.0 0.00012043135484418599
928.0 0.00011471778407212696
929.0 0.00010900419056270039
930.0 0.00014665018852610956
931.0 0.00018429615238346742
932.0 6.986032303757383e-05
933.0 1.5787811596251755e-10
934.0 3.18196896387235e-05
935.0 0.00010821488558576675
936.0 0.00012229497770022135
937.0 0.00013637503570862464
938.0 0.00013156012528270367
939.0 0.00012674520348809892
940.0 0.00015202220993160154
941.0 0.00017729917090036906
942.0 0.00029297741548361955
943.0 0.00040865570554160513
944.0 0.00032876396289793774
945.0 0.0002488722429916379
946.0 0.00036252019981475314
947.0 0.0004761681793752359
948.0 0.0004353845724835992
949.0 0.0003946011020161677
950.0 0.00041635616980784107
951.0 0.0004381113285489846
952.0 0.0006037637831468601
953.0 0.0007694165105931461
954.0 0.0010234438377665356
955.0 0.0012774714377883356
956.0 0.0013723494703299366
957.0 0.0014672275028715376
958.0 0.0016672986021148972
959.0 0.001867369792307727
960.0 0.002001762914005667
961.0 0.002136156035703607
962.0 0.00229778543143766
963.0 0.0024594146452727728
964.0 0.0025237979571102187
965.0 0.0025881810870487243
966.0 0.002620640407258179
967.0 0.002653099727467634
968.0 0.0026145826268475503
969.0 0.002576066071924288
970.0 0.002629044683999382
971.0 0.002682023659872357
972.0 0.0027446283638710156
973.0 0.0028072327040717937
974.0 0.0029700642699026503
975.0 0.0031328956538345665
976.0 0.003103332346654497
977.0 0.003073768675676547
978.0 0.003063188705709763
979.0 0.0030526087357429788
980.0 0.002991811379615683
981.0 0.002931013841589447
982.0 0.0029549615646828897
983.0 0.002978909105877392
984.0 0.002884247078327462
985.0 0.002789584868878592
986.0 0.002717201641644351
987.0 0.00264481823251117
988.0 0.0025391675080754794
989.0 0.0024335171474376693
990.0 0.0024481980290147476
991.0 0.002462879092490766
992.0 0.0025105169697781093
993.0 0.002558155028964393
994.0 0.0026099562091985717
995.0 0.0026617572075338103
996.0 0.0027561063689063303
997.0 0.0028504557121777907
998.0 0.002988989399455022
999.0 0.0031275230867322534
1000.0 0.0032248131901724264
1001.0 0.003322104021208361
1002.0 0.003569927139324136
1003.0 0.003817750621237792
1004.0 0.003834312519757077
1005.0 0.003850874418276362
1006.0 0.00407622974307742
1007.0 0.004301585431676358
1008.0 0.004232626815792173
1009.0 0.004163667836110108
1010.0 0.00420391806983389
1011.0 0.004244168667355552
1012.0 0.004106509732082486
1013.0 0.003968851160607301
1014.0 0.0037175203033257276
1015.0 0.0034661890822462738
1016.0 0.003193759039277211
1017.0 0.0029213288144092076
1018.0 0.002635990495036822
1019.0 0.002350652721361257
1020.0 0.0020885452613583766
1021.0 0.001826437801355496
1022.0 0.001572075234435033
1023.0 0.0013177125765650999
1024.0 0.001325574157817755
1025.0 0.00133343583001988
1026.0 0.0012155886906839442
1027.0 0.0010977415513480082
1028.0 0.0010389278031652793
1029.0 0.0009801139640330803
1030.0 0.0009689165381132625
1031.0 0.0009577190212439746
1032.0 0.0008961892490333412
1033.0 0.0008346592949237674
1034.0 0.0006969512469368055
1035.0 0.0005592429715761682
1036.0 0.0006590761131519685
1037.0 0.0007589091183035634
1038.0 0.0006748835858161328
1039.0 0.0005908580988034373
1040.0 0.0006002602276566904
1041.0 0.0006096623565099435
1042.0 0.0006676815246464685
1043.0 0.0007257005563587882
1044.0 0.0007529146841989132
1045.0 0.0007801289939379785
1046.0 0.0007551262569904793
1047.0 0.0007301237019419204
1048.0 0.0007001448921073461
1049.0 0.0006701661732222419
1050.0 0.0007843601451895665
1051.0 0.0008985541171568912
1052.0 0.000961785190156661
1053.0 0.00102501580840908
1054.0 0.0009210449206875637
1055.0 0.0008170739420165773
1056.0 0.0009821930689213332
1057.0 0.0011473121048766188
1058.0 0.0010030435987573583
1059.0 0.0008587751835875679
1060.0 0.0011627527783275582
1061.0 0.001466730100219138
1062.0 0.0014874312000756618
1063.0 0.0015081321180332452
1064.0 0.001233259536093101
1065.0 0.0009583865903550759
1066.0 0.0014294293578132056
1067.0 0.0019004721252713352
1068.0 0.0018710798030951992
1069.0 0.001841687480919063
1070.0 0.0017967531675822102
1071.0 0.0017518188542453572
1072.0 0.0015885783795965835
1073.0 0.0014253378139983397
1074.0 0.001999750566028524
1075.0 0.0025741632271092385
1076.0 0.0027623627829598263
1077.0 0.0029505625207093544
1078.0 0.003324761928524822
1079.0 0.00369896151823923
1080.0 0.003915537672583014
1081.0 0.004132113463128917
1082.0 0.004037798134959303
1083.0 0.003943482442991808
1084.0 0.004328164141043089
1085.0 0.004712845111498609
1086.0 0.004645320223062299
1087.0 0.0045777949708281085
1088.0 0.0043361826101318
1089.0 0.004094570613233373
1090.0 0.0033537824492668733
1091.0 0.0026129939215024933
1092.0 0.0032696043490432203
1093.0 0.003926215140381828
1094.0 0.0037169425922911614
1095.0 0.003507670044200495
1096.0 0.003275967901572585
1097.0 0.0030442659408436157
1098.0 0.003253946124459617
1099.0 0.0034636264899745584
1100.0 0.0028051257686456665
1101.0 0.002146624683518894
