lsstCam/transmission_filter_detector/r21_s22/r_57/19700101T000000.ecsv
# %ECSV 1.0
# ---
# datatype:
# - {name: wavelength, unit: nm, datatype: float32}
# - {name: efficiency, unit: '%', datatype: float64}
# meta: !!omap
# - {MODE: DETECTOR}
# - {TYPE: transmission_filter_detector}
# - {CALIBDATE: '1970-01-01T00:00:00'}
# - {INSTRUME: LSSTCam}
# - {OBSTYPE: transmission_filter_detector}
# - {CALIBCLS: lsst.ip.isr.IntermediateFilterDetectorTransmissionCurve}
# - {SOURCE: Materion (DM-46256)}
# - {DETECTOR: 89}
# - {FILTER: r_57}
# - {CALIB_ID: 'calibDate=1970-01-01T00:00:00 filter=r_57 detector=89'}
# - {DATE: '2025-04-02T15:59:44.594579'}
# - {CALIB_CREATION_DATE: '2025-04-02'}
# - {CALIB_CREATION_TIME: '15:59:44'}
# - __serialized_columns__:
#     efficiency:
#       __class__: astropy.units.quantity.Quantity
#       unit: !astropy.units.Unit {unit: '%'}
#       value: !astropy.table.SerializedColumn {name: efficiency}
#     wavelength:
#       __class__: astropy.units.quantity.Quantity
#       unit: !astropy.units.Unit {unit: nm}
#       value: !astropy.table.SerializedColumn {name: wavelength}
# schema: astropy-2.0
wavelength efficiency
300.0 0.0016966314433375373
301.0 0.005081114068161696
302.0 0.008465597056783736
303.0 0.010668257891666144
304.0 0.012870920181740075
305.0 0.011486958828754723
306.0 0.010102996020577848
307.0 0.009159021283267066
308.0 0.008215047273552045
309.0 0.006702255632262677
310.0 0.005189463990973309
311.0 0.005056319423601963
312.0 0.004923175583826378
313.0 0.00485043965454679
314.0 0.0047777026338735595
315.0 0.004492820517043583
316.0 0.004207937672617845
317.0 0.00380757192033343
318.0 0.0034072058042511344
319.0 0.003127075979136862
320.0 0.0028469446988310665
321.0 0.002907604539359454
322.0 0.002968264561786782
323.0 0.0026782387067214586
324.0 0.002388212851656135
325.0 0.002248535383841954
326.0 0.002108857734128833
327.0 0.002268566640850622
328.0 0.002428275729471352
329.0 0.0023583712390973233
330.0 0.0022884667487232946
331.0 0.002186180790886283
332.0 0.0020838950149482116
333.0 0.0018835466107702814
334.0 0.0016831983884912916
335.0 0.0014850872503302526
336.0 0.0012869761121692136
337.0 0.001159132534667151
338.0 0.0010312890481145587
339.0 0.0009886918633128516
340.0 0.0009460945875616744
341.0 0.0008805528523225803
342.0 0.0008150111170834862
343.0 0.0007251381703099469
344.0 0.0006352650871122023
345.0 0.0006450988166761817
346.0 0.0006549325917148963
347.0 0.0006655830929958029
348.0 0.0006762337761756498
349.0 0.0006488814506155904
350.0 0.003691711390274577
351.0 0.005409802179201506
352.0 0.007127892604330555
353.0 0.00658072458463721
354.0 0.006033556564943865
355.0 0.0048775371396914124
356.0 0.0037215180782368407
357.0 0.004594172060023993
358.0 0.005466826041811146
359.0 0.004869949771091342
360.0 0.004273073136573657
361.0 0.0031289215257856995
362.0 0.0019847702787956223
363.0 0.0026935887945001014
364.0 0.0034024073102045804
365.0 0.0026220586732961237
366.0 0.001841710036387667
367.0 0.002599553408799693
368.0 0.003357396417413838
369.0 0.003638046109699644
370.0 0.003918694710591808
371.0 0.003567653038771823
372.0 0.003216611366951838
373.0 0.003038418435608037
374.0 0.0028602255042642355
375.0 0.002344430140510667
376.0 0.0018286347767570987
377.0 0.001611015795788262
378.0 0.0013933969967183657
379.0 0.0015529336451436393
380.0 0.0017124706573667936
381.0 0.0022333151719067246
382.0 0.002754159868345596
383.0 0.003221362203476019
384.0 0.0036885649024043232
385.0 0.004242676004651003
386.0 0.004796787106897682
387.0 0.0044408425310393795
388.0 0.004084898318978958
389.0 0.003424540045671165
390.0 0.00276418068096973
391.0 0.002353002673771698
392.0 0.0019418248484726064
393.0 0.0017747908714227378
394.0 0.0016077568943728693
395.0 0.001262102432519896
396.0 0.0009164479706669226
397.0 0.0007947778613015544
398.0 0.000673108206683537
399.0 0.0005876333943888312
400.0 0.0005021584911446553
401.0 0.0004530952992354287
402.0 0.00040403192542726174
403.0 0.0004889252977591241
404.0 0.000573818942939397
405.0 0.0008669827366247773
406.0 0.0011601463484112173
407.0 0.001308301307290094
408.0 0.0014564560842700303
409.0 0.00114189042506041
410.0 0.0008273245839518495
411.0 0.0008186628292605747
412.0 0.0008100009836198296
413.0 0.0010175648640142754
414.0 0.001225128744408721
415.0 0.0012475879884732421
416.0 0.0012700475053861737
417.0 0.0013673790817847475
418.0 0.0014647108400822617
419.0 0.0020626432160497643
420.0 0.002660575228219386
421.0 0.003901528543792665
422.0 0.0051424816774670035
423.0 0.008117195829981938
424.0 0.011091909982496873
425.0 0.014807810657657683
426.0 0.018523710605222732
427.0 0.019082085054833442
428.0 0.019640460959635675
429.0 0.015271763550117612
430.0 0.010903063957812265
431.0 0.007647868187632412
432.0 0.004392671326058917
433.0 0.0034361215512035415
434.0 0.002479571594449226
435.0 0.0020432655219337903
436.0 0.001606959085620474
437.0 0.0012406160749378614
438.0 0.0008742732461541891
439.0 0.0008665046152600553
440.0 0.0008587359843659215
441.0 0.0010245640623907093
442.0 0.0011903921404154971
443.0 0.0015741474271635525
444.0 0.0019579025320126675
445.0 0.0017836002371041104
446.0 0.001609298305993434
447.0 0.0015095476555870846
448.0 0.0014097971870796755
449.0 0.0013229247997514904
450.0 0.0012360524124233052
451.0 0.0013622060578200035
452.0 0.0014883597032167017
453.0 0.0015736228306195699
454.0 0.0016588855942245573
455.0 0.001503398107161047
456.0 0.0013479108929459471
457.0 0.0009778706953511573
458.0 0.0006078303613321623
459.0 0.0007977300811035093
460.0 0.0009876298463495914
461.0 0.0015260682630469091
462.0 0.0020645064068958163
463.0 0.0027852267521666363
464.0 0.0035059467336395755
465.0 0.004428791726240888
466.0 0.005351635627448559
467.0 0.005951441562501714
468.0 0.0065512474975548685
469.0 0.005691998376278207
470.0 0.004832749618799426
471.0 0.0037016514397691935
472.0 0.0025705527150421403
473.0 0.001953931314346846
474.0 0.0013373096408031415
475.0 0.0010137965546164196
476.0 0.0006902835593791679
477.0 0.0007048569386824965
478.0 0.0007194302270363551
479.0 0.0008192347195290495
480.0 0.0009190392120217439
481.0 0.000728436771169072
482.0 0.0005378343757911352
483.0 0.0006334978934319224
484.0 0.0007291614110727096
485.0 0.0007185557478806004
486.0 0.0007079500846884912
487.0 0.0005528868314286228
488.0 0.0003978235326940194
489.0 0.000535707386006834
490.0 0.0006735911938449135
491.0 0.0007702401489950716
492.0 0.0008668891496199649
493.0 0.0008989883099275175
494.0 0.0009310874702350702
495.0 0.0009216720172844362
496.0 0.0009122562914853916
497.0 0.001036667890730314
498.0 0.0011610793990257662
499.0 0.0012121483450755477
500.0 0.0012632175639737397
501.0 0.0012998469173908234
502.0 0.001336476270807907
503.0 0.0017342243154416792
504.0 0.002131972178176511
505.0 0.0025522856958559714
506.0 0.0029725992135354318
507.0 0.003677173299365677
508.0 0.004381746839499101
509.0 0.004789033482666127
510.0 0.005196319762035273
511.0 0.004746401100419462
512.0 0.0042964824388036504
513.0 0.0036638131859945133
514.0 0.0030311435693874955
515.0 0.002795944419631269
516.0 0.0025607454517739825
517.0 0.0025758166884770617
518.0 0.0025908877432812005
519.0 0.03626804973464459
520.0 0.05237488658167422
521.0 0.026117224479094148
522.0 0.14848897699266672
523.0 0.128876487724483
524.0 0.09157692547887564
525.0 0.13805788476020098
526.0 0.07172112236730754
527.0 0.0865706242620945
528.0 0.09984419448301196
529.0 0.0719935109373182
530.0 0.12524399207904935
531.0 0.1439099432900548
532.0 0.20519557874649763
533.0 0.15171748818829656
534.0 0.32001552172005177
535.0 0.38495392072945833
536.0 0.49872882664203644
537.0 0.6400399841368198
538.0 1.0078432969748974
539.0 1.527971401810646
540.0 2.480582147836685
541.0 3.823944181203842
542.0 5.802314728498459
543.0 8.38296040892601
544.0 11.590145528316498
545.0 15.208902955055237
546.0 19.502444565296173
547.0 24.98084157705307
548.0 32.04951286315918
549.0 39.82354700565338
550.0 46.98400795459747
551.0 54.95423674583435
552.0 61.14374399185181
553.0 66.58422946929932
554.0 71.7101514339447
555.0 75.81318616867065
556.0 79.91514205932617
557.0 82.86099433898926
558.0 86.43456697463989
559.0 89.87666368484497
560.0 90.75197577476501
561.0 93.22872161865234
562.0 94.18712258338928
563.0 94.27707195281982
564.0 94.74413990974426
565.0 94.43128705024719
566.0 94.93551850318909
567.0 94.3430483341217
568.0 95.01580595970154
569.0 95.48445343971252
570.0 95.03472447395325
571.0 96.06436491012573
572.0 95.74726223945618
573.0 96.35206460952759
574.0 96.04600071907043
575.0 96.12799286842346
576.0 96.74028158187866
577.0 96.58334255218506
578.0 96.29231691360474
579.0 96.54684662818909
580.0 96.11673951148987
581.0 95.78778743743896
582.0 95.9925651550293
583.0 95.91512084007263
584.0 95.30418515205383
585.0 95.54035067558289
586.0 95.66407799720764
587.0 95.33942341804504
588.0 95.70795893669128
589.0 96.48882150650024
590.0 95.71224451065063
591.0 95.12271285057068
592.0 95.68354487419128
593.0 94.79228854179382
594.0 95.37863731384277
595.0 95.88049054145813
596.0 96.44779562950134
597.0 96.1414635181427
598.0 96.00703716278076
599.0 96.07858061790466
600.0 95.99719047546387
601.0 95.36930918693542
602.0 95.93989849090576
603.0 95.56849598884583
604.0 95.77069282531738
605.0 96.09180688858032
606.0 95.6125557422638
607.0 95.5691397190094
608.0 95.76753377914429
609.0 95.07713913917542
610.0 95.25206089019775
611.0 95.3531801700592
612.0 95.31411528587341
613.0 96.27130627632141
614.0 96.10595107078552
615.0 95.7571268081665
616.0 95.8619236946106
617.0 95.94208598136902
618.0 95.79847455024719
619.0 96.43411040306091
620.0 95.42547464370728
621.0 95.06924748420715
622.0 95.76878547668457
623.0 95.88165283203125
624.0 95.72696089744568
625.0 96.11822962760925
626.0 95.45918703079224
627.0 94.4545030593872
628.0 96.54627442359924
629.0 94.87491250038147
630.0 95.54177522659302
631.0 95.5890953540802
632.0 96.2984561920166
633.0 95.68070769309998
634.0 95.63910961151123
635.0 95.50455212593079
636.0 95.49111723899841
637.0 95.11089324951172
638.0 95.03264427185059
639.0 94.82592344284058
640.0 95.02546191215515
641.0 94.96366381645203
642.0 95.37156224250793
643.0 95.6475555896759
644.0 95.35899758338928
645.0 95.17481923103333
646.0 95.24986147880554
647.0 96.23718857765198
648.0 95.84919214248657
649.0 94.90934610366821
650.0 95.74173092842102
651.0 96.21548652648926
652.0 96.30768895149231
653.0 95.49687504768372
654.0 95.74836492538452
655.0 95.97172141075134
656.0 95.25373578071594
657.0 95.15199661254883
658.0 95.79224586486816
659.0 95.85221409797668
660.0 94.756019115448
661.0 94.78545784950256
662.0 95.4299807548523
663.0 95.48924565315247
664.0 95.1059639453888
665.0 94.95212435722351
666.0 94.99415159225464
667.0 95.02986073493958
668.0 94.76884603500366
669.0 95.21281123161316
670.0 95.1535165309906
671.0 95.12414336204529
672.0 94.84491348266602
673.0 94.8282778263092
674.0 94.39402222633362
675.0 95.22342085838318
676.0 94.46852803230286
677.0 93.26368570327759
678.0 92.44349002838135
679.0 92.17421412467957
680.0 91.09315276145935
681.0 89.74640965461731
682.0 87.85439133644104
683.0 84.78966355323792
684.0 81.02026581764221
685.0 77.10644006729126
686.0 73.35429787635803
687.0 68.39936971664429
688.0 63.928282260894775
689.0 59.53581929206848
690.0 53.940993547439575
691.0 50.069934129714966
692.0 45.226725935935974
693.0 40.97221493721008
694.0 36.11419200897217
695.0 31.007927656173706
696.0 25.963094830513
697.0 20.93038260936737
698.0 15.476086735725403
699.0 11.185728758573532
700.0 7.834318280220032
701.0 4.905594140291214
702.0 3.08330524712801
703.0 1.7374040558934212
704.0 1.0545561090111732
705.0 0.639470387250185
706.0 0.4349248483777046
707.0 0.265296152792871
708.0 0.15750022139400244
709.0 0.1936553744599223
710.0 0.120040203910321
711.0 0.0673418864607811
712.0 0.10938763152807951
713.0 0.06148646352812648
714.0 0.08079149411059916
715.0 0.06008554482832551
716.0 0.0630978203844279
717.0 0.13003058265894651
718.0 0.07611731998622417
719.0 0.05774420569650829
720.0 1.5787811596251755e-10
721.0 0.004633797652786598
722.0 0.004285993054509163
723.0 0.0039381880924338475
724.0 0.0036754623579327017
725.0 0.0034127358958357945
726.0 0.003173682125634514
727.0 0.002934628355433233
728.0 0.0027379495804780163
729.0 0.00254127098742174
730.0 0.0023936898287502117
731.0 0.002246108851977624
732.0 0.0022389473087969236
733.0 0.002231785765616223
734.0 0.00212705199373886
735.0 0.002022318403760437
736.0 0.001892800719360821
737.0 0.001763283580658026
738.0 0.0017198381101479754
739.0 0.001676392821536865
740.0 0.0016164658518391661
741.0 0.001556539245939348
742.0 0.0014023449693922885
743.0 0.0012481504199968185
744.0 0.0014037506844033487
745.0 0.0015593506759614684
746.0 0.001415588030795334
747.0 0.0012718250218313187
748.0 0.0012233924280735664
749.0 0.0011749596524168737
750.0 0.0011300252481305506
751.0 0.0010850910257431678
752.0 0.001140142649092013
753.0 0.0011951943633903284
754.0 0.001165692083304748
755.0 0.0011361899851181079
756.0 0.0010233098691969644
757.0 0.000910429753275821
758.0 0.0009576629054208752
759.0 0.0010048959666164592
760.0 0.0009760311513673514
761.0 0.0009471664270677138
762.0 0.0009842163308348972
763.0 0.0010212665983999614
764.0 0.0010010343430622015
765.0 0.0009808021786739118
766.0 0.000860535328683909
767.0 0.000740268342269701
768.0 0.000660099294691463
769.0 0.0005799300197395496
770.0 0.000605120067120879
771.0 0.0006303101145022083
772.0 0.0007020537395874271
773.0 0.0007737970918242354
774.0 0.0008580766916566063
775.0 0.0009423563824384473
776.0 0.0009839009180723224
777.0 0.001025445726554608
778.0 0.0009067694918485358
779.0 0.0007880936209403444
780.0 0.0007359218670899281
781.0 0.0006837503860879224
782.0 0.0007298772743524751
783.0 0.0007760042535664979
784.0 0.0007856863703636918
785.0 0.0007953683962114155
786.0 0.0008273719686258119
787.0 0.000859375450090738
788.0 0.0007212417131086113
789.0 0.0005831079761264846
790.0 0.0006797143214498647
791.0 0.0007763207577227149
792.0 0.0007781937711115461
793.0 0.0007800666935509071
794.0 0.0008098532816802617
795.0 0.0008396398698096164
796.0 0.0007083052423695335
797.0 0.0005769706149294507
798.0 0.0007103818006726215
799.0 0.0008437930773652624
800.0 0.0008180436452676076
801.0 0.0007922940312710125
802.0 0.0007490132247767178
803.0 0.0007057322363834828
804.0 0.0006925674369995249
805.0 0.0006794026830903022
806.0 0.0006437382580770645
807.0 0.0006080736966396216
808.0 0.0006718646545778029
809.0 0.0007356554306170437
810.0 0.0007017486950644525
811.0 0.0006678419140371261
812.0 0.0005995458650431829
813.0 0.0005312497705745045
814.0 0.0004738977622764651
815.0 0.0004165458449278958
816.0 0.0005475630132423248
817.0 0.0006785803634556942
818.0 0.0006156263225420844
819.0 0.0005526721452042693
820.0 0.0005400033387559233
821.0 0.0005273344413581071
822.0 0.0005247264653007733
823.0 0.0005221185347181745
824.0 0.00045294759729586076
825.0 0.00038377656892407686
826.0 0.00043838185774802696
827.0 0.000492987101097242
828.0 0.0004215205535729183
829.0 0.0003500540060485946
830.0 0.00018553450900071766
831.0 2.1014997741986008e-05
832.0 1.5787811596251755e-10
833.0 1.5787811596251755e-10
834.0 1.5787811596251755e-10
835.0 0.00010972116797347553
836.0 0.00020691386453108862
837.0 0.0003041066065634368
838.0 0.0006419018063752446
839.0 0.0009796970516617876
840.0 0.0013472394130076282
841.0 0.001714781865302939
842.0 0.0020006104023195803
843.0 0.0022864393031341024
844.0 0.0021519676010939293
845.0 0.0020174960809526965
846.0 0.0017730091713019647
847.0 0.0015285222616512328
848.0 0.001420057287759846
849.0 0.0013115919500705786
850.0 0.0012728924048133194
851.0 0.00123419276860659
852.0 0.001164735931524774
853.0 0.001095279094442958
854.0 0.0009428873454453424
855.0 0.0007904955054982565
856.0 0.0006174848294904223
857.0 0.00044447401705838274
858.0 0.0004840560450247722
859.0 0.0005236380729911616
860.0 0.00038752032196498476
861.0 0.0002514025027267053
862.0 0.00031989832223189296
863.0 0.0003883941189997131
864.0 0.00028759502583852736
865.0 0.00018679596678339294
866.0 0.000141849079682288
867.0 9.690213573776418e-05
868.0 8.80631205291138e-05
869.0 7.922408258309588e-05
870.0 3.6494344612947316e-05
871.0 1.5787811596251755e-10
872.0 1.5787811596251755e-10
873.0 1.5787811596251755e-10
874.0 1.5787811596251755e-10
875.0 1.5787811596251755e-10
876.0 1.5787811596251755e-10
877.0 8.750858455641719e-05
878.0 0.00012692408972725389
879.0 0.00016633960058243247
880.0 0.00013306416803970933
881.0 9.978873549698619e-05
882.0 0.00016981308590402477
883.0 0.00023983743631106336
884.0 8.079616122813604e-05
885.0 1.5787811596251755e-10
886.0 2.4267993126159126e-05
887.0 0.0001267811057914514
888.0 0.00016545390053579467
889.0 0.00020412671801750548
890.0 0.0001724298613225983
891.0 0.00014073302736505866
892.0 4.623773577350221e-05
893.0 1.5787811596251755e-10
894.0 4.154891541929828e-06
895.0 5.6567336059742956e-05
896.0 1.5787811596251755e-10
897.0 1.5787811596251755e-10
898.0 3.580732368391182e-05
899.0 0.00014097107623456395
900.0 8.641886779514607e-05
