lsstCam/transmission_filter_detector/r41_s02/i_39/19700101T000000.ecsv
# %ECSV 1.0
# ---
# datatype:
# - {name: wavelength, unit: nm, datatype: float32}
# - {name: efficiency, unit: '%', datatype: float64}
# meta: !!omap
# - {MODE: DETECTOR}
# - {TYPE: transmission_filter_detector}
# - {CALIBDATE: '1970-01-01T00:00:00'}
# - {INSTRUME: LSSTCam}
# - {OBSTYPE: transmission_filter_detector}
# - {CALIBCLS: lsst.ip.isr.IntermediateFilterDetectorTransmissionCurve}
# - {SOURCE: Materion (DM-46256)}
# - {DETECTOR: 164}
# - {FILTER: i_39}
# - {CALIB_ID: 'calibDate=1970-01-01T00:00:00 filter=i_39 detector=164'}
# - {DATE: '2025-04-02T15:59:47.238712'}
# - {CALIB_CREATION_DATE: '2025-04-02'}
# - {CALIB_CREATION_TIME: '15:59:47'}
# - __serialized_columns__:
#     efficiency:
#       __class__: astropy.units.quantity.Quantity
#       unit: !astropy.units.Unit {unit: '%'}
#       value: !astropy.table.SerializedColumn {name: efficiency}
#     wavelength:
#       __class__: astropy.units.quantity.Quantity
#       unit: !astropy.units.Unit {unit: nm}
#       value: !astropy.table.SerializedColumn {name: wavelength}
# schema: astropy-2.0
wavelength efficiency
300.0 0.06226898985914886
301.0 0.041706388583406806
302.0 0.02114380185957998
303.0 0.013698800466954708
304.0 0.006253800529520959
305.0 0.009776157821761444
306.0 0.013298512203618884
307.0 0.012883113231509924
308.0 0.012467711349017918
309.0 0.00044831990635429975
310.0 1.6113438708331707e-10
311.0 1.6113438708331707e-10
312.0 1.6113438708331707e-10
313.0 1.6113438708331707e-10
314.0 0.0005524879725271603
315.0 0.0030030538255232386
316.0 0.005453619087347761
317.0 0.003017472045030445
318.0 0.0005813263214804465
319.0 0.0028397736969054677
320.0 0.00509821911691688
321.0 0.0034660351957427338
322.0 0.0018338503650738858
323.0 0.0024198667233577
324.0 0.0030058828997425735
325.0 0.003275489143561572
326.0 0.0035450964787742123
327.0 0.002158342431357596
328.0 0.0007715897481830325
329.0 1.6113438708331707e-10
330.0 1.6113438708331707e-10
331.0 0.0008843639079714194
332.0 0.0030340208468260244
333.0 0.0018934058971353807
334.0 0.0007527912202931475
335.0 0.0013165258678782266
336.0 0.0018802595150191337
337.0 0.0031743515137350187
338.0 0.0044684424210572615
339.0 0.0017978174582822248
340.0 1.6113438708331707e-10
341.0 1.6113438708331707e-10
342.0 1.6113438708331707e-10
343.0 0.0002728185791056603
344.0 0.001583609264343977
345.0 0.0014390049727808218
346.0 0.0012944005902681965
347.0 0.0007600339358759811
348.0 0.0002256672814837657
349.0 0.00033028984489646973
350.0 0.00043491245378390886
351.0 0.00023805700948287267
352.0 4.120146570585348e-05
353.0 0.00014230394072001218
354.0 0.0002434062253087177
355.0 0.001030051407724386
356.0 0.0018166962036048062
357.0 0.0008346919457835611
358.0 1.6113438708331707e-10
359.0 1.6113438708331707e-10
360.0 1.6113438708331707e-10
361.0 0.00044233761400391813
362.0 0.0012258532478881534
363.0 0.0006067195499781519
364.0 1.6113438708331707e-10
365.0 0.00040923478081822395
366.0 0.0008308838914672378
367.0 0.0003582342969821184
368.0 1.6113438708331707e-10
369.0 1.6113438708331707e-10
370.0 1.6113438708331707e-10
371.0 1.6113438708331707e-10
372.0 1.6113438708331707e-10
373.0 0.00014109347148405504
374.0 0.0006281498372118222
375.0 0.0003889635991072282
376.0 0.0001497775201642071
377.0 0.0001148925548477564
378.0 8.000746447578422e-05
379.0 0.00017589784420124488
380.0 0.0002717879851843463
381.0 5.0005786533802166e-05
382.0 1.6113438708331707e-10
383.0 1.6113438708331707e-10
384.0 1.6113438708331707e-10
385.0 1.6113438708331707e-10
386.0 0.000239694645642885
387.0 0.00039028677747410256
388.0 0.0005408787274063798
389.0 0.0005784735094493954
390.0 0.0006160679276945302
391.0 0.0004194585017103236
392.0 0.00022284903025138192
393.0 0.00045678752940148115
394.0 0.0006907259376021102
395.0 0.0012821199561585672
396.0 0.0018735137928160839
397.0 0.0009536703146295622
398.0 3.3826597700681305e-05
399.0 0.0006347667749651009
400.0 0.0012357068953861017
401.0 0.004038484621560201
402.0 0.00684126207488589
403.0 0.004915945464745164
404.0 0.0029906292184023187
405.0 0.0008701149454282131
406.0 1.6113438708331707e-10
407.0 0.0004410773271956714
408.0 0.0021325542547856458
409.0 0.002936408418463543
410.0 0.0037402624002425
411.0 0.0020991990822949447
412.0 0.00045813576434738934
413.0 0.002862020119209774
414.0 0.005265904110274278
415.0 0.005492284253705293
416.0 0.005718663669540547
417.0 0.00613138618064113
418.0 0.006544108327943832
419.0 0.004539088695310056
420.0 0.0025340703359688632
421.0 0.004033327059005387
422.0 0.005532584327738732
423.0 0.005400182999437675
424.0 0.005267780943540856
425.0 0.005025065911468118
426.0 0.004782351243193261
427.0 0.004797518704435788
428.0 0.004812686529476196
429.0 0.00324152315442916
430.0 0.0016703597793821245
431.0 0.002965372732433025
432.0 0.004260385685483925
433.0 0.0032074331102194265
434.0 0.0021544803530559875
435.0 0.0021486996047315188
436.0 0.0021429190383059904
437.0 0.0014068584277993068
438.0 0.0006707979991915636
439.0 0.0009457326086703688
440.0 0.0012206671271997038
441.0 0.0013407353435468394
442.0 0.0014608036508434452
443.0 0.0011318164069962222
444.0 0.0008028293450479396
445.0 0.0006314741767710075
446.0 0.0004601189630193403
447.0 0.0003661336904769996
448.0 0.00027214837245992385
449.0 0.0005001778845326044
450.0 0.0007282072147063445
451.0 0.0004999927114113234
452.0 0.0002717783900152426
453.0 5.499140343090403e-05
454.0 1.6113438708331707e-10
455.0 0.00014524508742397302
456.0 0.00045228562157717533
457.0 0.0002852811576303793
458.0 0.00011827642083517276
459.0 3.9633715687159565e-05
460.0 1.6113438708331707e-10
461.0 0.00046366749302251264
462.0 0.0009663437595008872
463.0 0.0007679408554395195
464.0 0.000569538087802357
465.0 0.00034881613828474656
466.0 0.0001280943820347602
467.0 0.0004778233687829925
468.0 0.0008275522304757033
469.0 0.0005142355803400278
470.0 0.0002009189529417199
471.0 0.000229316856348305
472.0 0.00025771473701752257
473.0 1.6113438708331707e-10
474.0 1.6113438708331707e-10
475.0 4.981322732078297e-06
476.0 0.00028587533051904757
477.0 0.0006160341399663594
478.0 0.0009461929948884062
479.0 0.0007891943823779002
480.0 0.0006321957698673941
481.0 0.0009983768904930912
482.0 0.0013645580111187883
483.0 0.002317251346539706
484.0 0.0032699445000616834
485.0 0.004463729419512674
486.0 0.005657513611367904
487.0 0.007420034671667963
488.0 0.009182556095765904
489.0 0.013503746595233679
490.0 0.017824937822297215
491.0 0.021706699044443667
492.0 0.025588463176973164
493.0 0.02814313629642129
494.0 0.03069781232625246
495.0 0.029153909417800605
496.0 0.02761000650934875
497.0 0.02316350000910461
498.0 0.01871699932962656
499.0 0.014166196342557669
500.0 0.009615393355488777
501.0 0.0066171727667097
502.0 0.0036189518141327426
503.0 0.0025021035980898887
504.0 0.0013852552910975646
505.0 0.0016384703485528007
506.0 0.0018916853150585666
507.0 0.0020203426174703054
508.0 0.002148999737983104
509.0 0.0022024398276698776
510.0 0.002255879735457711
511.0 0.002240775211248547
512.0 0.0022256706870393828
513.0 0.002176457201130688
514.0 0.002127243897120934
515.0 0.0020919002054142766
516.0 0.002056556513707619
517.0 0.00201541006390471
518.0 0.001974263614101801
519.0 0.0017221747839357704
520.0 0.00147008613566868
521.0 0.0016206193322432227
522.0 0.0017711527107167058
523.0 0.0018842571080313064
524.0 0.0019973618691437878
525.0 0.002491167833795771
526.0 0.0029849737984477542
527.0 0.003249586370657198
528.0 0.003514199488563463
529.0 0.0033405987778678536
530.0 0.003166998067172244
531.0 0.002892427073675208
532.0 0.0026178560801781714
533.0 0.002242475784441922
534.0 0.0018670954887056723
535.0 0.0016587142454227433
536.0 0.0014503332749882247
537.0 0.001873555447673425
538.0 0.0022967782570049167
539.0 0.002994926762767136
540.0 0.0036930756323272362
541.0 0.004575128696160391
542.0 0.005457182123791426
543.0 0.005188994691707194
544.0 0.004920807259622961
545.0 0.004448147228686139
546.0 0.003975487561547197
547.0 0.0031435309210792184
548.0 0.0023115744625101797
549.0 0.0020535619114525616
550.0 0.0017955495422938839
551.0 0.0018341776012675837
552.0 0.0018728054783423431
553.0 0.0017774353182176128
554.0 0.0016820653399918228
555.0 0.001478523245168617
556.0 0.0012749812412948813
557.0 0.0009353835594083648
558.0 0.0005957858320471132
559.0 0.00042468695937714074
560.0 0.00025358813218190335
561.0 0.0005468734798341757
562.0 0.000840158827486448
563.0 0.0012062489986419678
564.0 0.0015723389878985472
565.0 0.001558525036671199
566.0 0.001544711267342791
567.0 0.0015394491128972732
568.0 0.001534186776552815
569.0 0.0013416626643447671
570.0 0.0011491386430861894
571.0 0.000854250174597837
572.0 0.0005593617970589548
573.0 0.00043998516048304737
574.0 0.00032060850116977235
575.0 0.00034034158034046413
576.0 0.00036007463677378837
577.0 0.00044009225348418113
578.0 0.0005201098247198388
579.0 0.0005579714525083546
580.0 0.0005958329893474001
581.0 0.0005705947842216119
582.0 0.0005453566245705588
583.0 0.0003861460299958708
584.0 0.00022693541268381523
585.0 0.0003546489097061567
586.0 0.00048236229304166045
587.0 0.0005420721663540462
588.0 0.000601782039666432
589.0 0.000690160004523932
590.0 0.0007785381967551075
591.0 0.0005862008492840687
592.0 0.0003938634563382948
593.0 0.0004599939074978465
594.0 0.0005261243586573983
595.0 0.00036998278574174037
596.0 0.0002138411673513474
597.0 0.0003249370820412878
598.0 0.0004360329967312282
599.0 0.0003379984718776541
600.0 0.00023996396976144752
601.0 0.0002936787950602593
602.0 0.0003473937340459088
603.0 0.0002677011252671946
604.0 0.0001880085505945317
605.0 0.0003431427330724546
606.0 0.0004982768587069586
607.0 0.00043046620703535154
608.0 0.0003626554644142743
609.0 0.00037348618207033724
610.0 0.00038431699067587033
611.0 0.0003869766260322649
612.0 0.00038963630686339457
613.0 0.0003109990984739852
614.0 0.00023236198103404604
615.0 0.0002481965793776908
616.0 0.0002640312459334382
617.0 0.00040006334529607557
618.0 0.0005360955128708156
619.0 0.00036789238038181793
620.0 0.00019968929336755536
621.0 0.0002768236754491227
622.0 0.00035395805753069
623.0 0.00035051791655860143
624.0 0.0003470778892733506
625.0 0.0004257984983269125
626.0 0.000504519130117842
627.0 0.00038889547795406543
628.0 0.0002732718485276564
629.0 0.00038130262964841677
630.0 0.0004893333880318096
631.0 0.00046430945985775907
632.0 0.00043928548620897345
633.0 0.0003178666929670726
634.0 0.00019644792246253928
635.0 0.0002473544554959517
636.0 0.0002982610340040992
637.0 0.00017481132772445562
638.0 5.136163281349582e-05
639.0 0.00023144145870901411
640.0 0.0004115212504984811
641.0 0.0005249537480267463
642.0 0.0006383862000802765
643.0 0.00051475481086527
644.0 0.0003911233307007933
645.0 0.0005263782895781333
646.0 0.0006616333394049434
647.0 0.0007049009582260624
648.0 0.000748168440622976
649.0 0.00075940238275507
650.0 0.0007706362339376938
651.0 0.0007732835001661442
652.0 0.0007759306754451245
653.0 0.0008570472346036695
654.0 0.0009381639756611548
655.0 0.0010061401553684846
656.0 0.001074116244126344
657.0 0.0017205034964717925
658.0 0.002366890839766711
659.0 0.004155316491960548
660.0 0.03596716851461679
661.0 0.07560195517726243
662.0 0.0867424882017076
663.0 0.14067529700696468
664.0 0.13941674260422587
665.0 0.14420612715184689
666.0 0.14622507151216269
667.0 0.17179164569824934
668.0 0.17579245613887906
669.0 0.2600576728582382
670.0 0.3419470973312855
671.0 0.47328989021480083
672.0 0.7954210974276066
673.0 1.2374104000627995
674.0 1.8688047304749489
675.0 2.7752771973609924
676.0 3.8169004023075104
677.0 5.113531276583672
678.0 6.423933804035187
679.0 7.806001603603363
680.0 9.68218669295311
681.0 11.689767986536026
682.0 14.163905382156372
683.0 16.915610432624817
684.0 19.874009490013123
685.0 22.795720398426056
686.0 25.75841248035431
687.0 29.046618938446045
688.0 32.27606117725372
689.0 35.59484779834747
690.0 39.33894634246826
691.0 43.44201385974884
692.0 48.155856132507324
693.0 53.31627130508423
694.0 59.0965211391449
695.0 64.75256681442261
696.0 70.88153958320618
697.0 76.5070378780365
698.0 82.47142434120178
699.0 87.04104423522949
700.0 90.693598985672
701.0 93.57698559761047
702.0 95.59915065765381
703.0 96.60991430282593
704.0 97.21847176551819
705.0 97.62914776802063
706.0 97.68760800361633
707.0 97.85814881324768
708.0 97.95513153076172
709.0 97.97148108482361
710.0 97.75995016098022
711.0 97.88240194320679
712.0 97.81041741371155
713.0 97.87847399711609
714.0 98.0060338973999
715.0 98.0758786201477
716.0 97.94228672981262
717.0 98.16025495529175
718.0 98.12508821487427
719.0 98.12502264976501
720.0 98.40811491012573
721.0 98.2458233833313
722.0 98.03491830825806
723.0 97.85425662994385
724.0 97.45550155639648
725.0 97.14683294296265
726.0 96.93009853363037
727.0 96.67999744415283
728.0 96.4048981666565
729.0 96.23153805732727
730.0 96.2759256362915
731.0 96.26445770263672
732.0 96.29731774330139
733.0 96.58181667327881
734.0 96.88934683799744
735.0 97.10368514060974
736.0 97.48254418373108
737.0 97.89523482322693
738.0 98.14825654029846
739.0 98.54199290275574
740.0 98.70273470878601
741.0 98.50621223449707
742.0 98.91604781150818
743.0 98.63565564155579
744.0 98.46901893615723
745.0 98.53750467300415
746.0 98.5180675983429
747.0 98.74777793884277
748.0 98.61384630203247
749.0 98.47835302352905
750.0 98.47615957260132
751.0 98.32735061645508
752.0 98.28301072120667
753.0 98.47359657287598
754.0 98.38969707489014
755.0 98.49432110786438
756.0 98.44448566436768
757.0 98.5319972038269
758.0 98.7039864063263
759.0 98.74076247215271
760.0 98.61510992050171
761.0 98.53577017784119
762.0 98.66607189178467
763.0 98.59887957572937
764.0 98.42793941497803
765.0 98.39243292808533
766.0 98.51265549659729
767.0 98.30736517906189
768.0 98.28224778175354
769.0 98.3402967453003
770.0 98.04021716117859
771.0 98.13656806945801
772.0 98.12965989112854
773.0 97.96220660209656
774.0 97.8055477142334
775.0 97.9112982749939
776.0 97.88186550140381
777.0 97.86427617073059
778.0 97.85089492797852
779.0 97.9399025440216
780.0 97.8588879108429
781.0 98.16054701805115
782.0 98.11906218528748
783.0 98.18311929702759
784.0 98.11911582946777
785.0 98.27871322631836
786.0 98.36801886558533
787.0 98.20276498794556
788.0 98.31876158714294
789.0 98.26005101203918
790.0 98.29559922218323
791.0 98.35782647132874
792.0 98.17956686019897
793.0 98.12924861907959
794.0 98.08805584907532
795.0 97.99701571464539
796.0 97.96901941299438
797.0 98.01068902015686
798.0 97.95293807983398
799.0 97.76573777198792
800.0 97.59169220924377
801.0 97.62184619903564
802.0 97.5893497467041
803.0 97.33074903488159
804.0 97.17845320701599
805.0 96.76346778869629
806.0 96.29275798797607
807.0 95.48239707946777
808.0 94.47488784790039
809.0 93.22530031204224
810.0 91.74744486808777
811.0 89.81992602348328
812.0 87.58527040481567
813.0 84.85245108604431
814.0 81.72104358673096
815.0 78.05428504943848
816.0 74.3169903755188
817.0 69.93352770805359
818.0 65.10593891143799
819.0 60.77919006347656
820.0 55.80344200134277
821.0 51.30135416984558
822.0 46.89645767211914
823.0 42.32206344604492
824.0 37.63211667537689
825.0 33.37443768978119
826.0 28.925064206123352
827.0 24.307280778884888
828.0 20.10863870382309
829.0 15.978780388832092
830.0 11.905641853809357
831.0 8.825724571943283
832.0 5.959498509764671
833.0 3.829585388302803
834.0 2.3243388161063194
835.0 1.3905415311455727
836.0 0.7749630138278008
837.0 0.46340259723365307
838.0 0.2638761652633548
839.0 0.166579510550946
840.0 0.10065032402053475
841.0 0.05056402296759188
842.0 0.03093442355748266
843.0 0.021919069695286453
844.0 1.6113438708331707e-10
845.0 0.01767584035405889
846.0 1.6113438708331707e-10
847.0 1.6113438708331707e-10
848.0 1.6113438708331707e-10
849.0 1.6113438708331707e-10
850.0 1.6113438708331707e-10
851.0 0.0019064296793658286
852.0 0.0027128106012241915
853.0 0.0018135515347239561
854.0 0.0009142926501226611
855.0 0.0007948816346470267
856.0 0.0006754706646461273
857.0 0.0005905891612201231
858.0 0.0005057075668446487
859.0 0.000320729122904595
860.0 0.00013575062212112243
861.0 0.00017780238295017625
862.0 0.0002198539732489735
863.0 0.00020283857793401694
864.0 0.0001858232621998468
865.0 0.00013559025546783232
866.0 8.535724305147596e-05
867.0 1.0403378780665662e-05
868.0 1.6113438708331707e-10
869.0 3.885721753249527e-05
870.0 0.00014226499160940875
871.0 7.823921350791352e-05
872.0 1.4213418353392626e-05
873.0 0.00010725977972469991
874.0 0.00020030611267429776
875.0 9.913566145769437e-05
876.0 1.6113438708331707e-10
877.0 5.642255018756259e-05
878.0 0.00011487991287140176
879.0 0.00012296095519559458
880.0 0.00013104205436320626
881.0 0.00019845185761369066
882.0 0.00026586167223285884
883.0 0.00011733014844139689
884.0 1.6113438708331707e-10
885.0 5.081328140477126e-05
886.0 0.00013282785857882118
887.0 0.0001361652266496094
888.0 0.00013950257198303007
889.0 0.00017155696241388796
890.0 0.0002036113301073783
891.0 7.150716214709973e-05
892.0 1.6113438708331707e-10
893.0 1.6113438708331707e-10
894.0 2.690108829028759e-05
895.0 0.00012027356888211216
896.0 0.000213646035263082
