lsstCam/transmission_filter_detector/r41_s02/i_39/19700101T000000.ecsv
# %ECSV 1.0
# ---
# datatype:
# - {name: wavelength, unit: nm, datatype: float32}
# - {name: efficiency, unit: '%', datatype: float64}
# meta: !!omap
# - {MODE: DETECTOR}
# - {TYPE: transmission_filter_detector}
# - {CALIBDATE: '1970-01-01T00:00:00'}
# - {INSTRUME: LSSTCam}
# - {OBSTYPE: transmission_filter_detector}
# - {CALIBCLS: lsst.ip.isr.IntermediateFilterDetectorTransmissionCurve}
# - {SOURCE: Materion (DM-46256)}
# - {DETECTOR: 164}
# - {FILTER: i_39}
# - {CALIB_ID: 'calibDate=1970-01-01T00:00:00 filter=i_39 detector=164'}
# - {DATE: '2025-04-02T15:59:47.238712'}
# - {CALIB_CREATION_DATE: '2025-04-02'}
# - {CALIB_CREATION_TIME: '15:59:47'}
# - __serialized_columns__:
#     efficiency:
#       __class__: astropy.units.quantity.Quantity
#       unit: !astropy.units.Unit {unit: '%'}
#       value: !astropy.table.SerializedColumn {name: efficiency}
#     wavelength:
#       __class__: astropy.units.quantity.Quantity
#       unit: !astropy.units.Unit {unit: nm}
#       value: !astropy.table.SerializedColumn {name: wavelength}
# schema: astropy-2.0
wavelength efficiency
[from data line 598]
898.0 8.394732162742002e-05
899.0 4.015808769963769e-05
900.0 1.6113438708331707e-10
901.0 6.796497018513037e-05
902.0 0.00013956110933577293
903.0 5.482241860477188e-06
904.0 1.6113438708331707e-10
905.0 1.6113438708331707e-10
906.0 1.6113438708331707e-10
907.0 1.6113438708331707e-10
908.0 1.6113438708331707e-10
909.0 1.6113438708331707e-10
910.0 1.6113438708331707e-10
911.0 1.6113438708331707e-10
912.0 1.6113438708331707e-10
913.0 5.720325102487323e-07
914.0 0.00010926331697191927
915.0 3.814330966633861e-05
916.0 1.6113438708331707e-10
917.0 1.6113438708331707e-10
918.0 1.6113438708331707e-10
919.0 6.288390750341932e-05
920.0 0.00021170490072108805
921.0 1.3234185303190316e-05
922.0 1.6113438708331707e-10
923.0 1.6251265222422262e-06
924.0 0.0001884868424895103
925.0 0.00013162413097234094
926.0 7.476141377082968e-05
927.0 1.6113438708331707e-10
928.0 1.6113438708331707e-10
929.0 1.6113438708331707e-10
930.0 1.6113438708331707e-10
931.0 1.6113438708331707e-10
932.0 1.6113438708331707e-10
933.0 1.6113438708331707e-10
934.0 1.6113438708331707e-10
935.0 1.6113438708331707e-10
936.0 1.6113438708331707e-10
937.0 1.6113438708331707e-10
938.0 2.0256148758335257e-06
939.0 4.954722498951014e-05
940.0 9.706884611659916e-05
941.0 0.00020154411686235107
942.0 0.0003060193421333679
943.0 0.00012562468327814713
944.0 1.6113438708331707e-10
945.0 2.622830379550578e-05
946.0 0.0001072265831680852
947.0 9.299021712649846e-05
948.0 7.875386813793739e-05
949.0 9.642617442295887e-05
950.0 0.00011409845228627091
951.0 0.00010395556273579132
952.0 9.381266181662795e-05
953.0 1.6113438708331707e-10
954.0 1.6113438708331707e-10
955.0 1.6113438708331707e-10
956.0 0.00014247464150685119
957.0 8.055481544033682e-05
958.0 1.8635027743130195e-05
959.0 0.0001909412958411849
960.0 0.0003632475909398636
961.0 0.00031847969239606755
962.0 0.00027371177111490397
963.0 0.00024339549327123677
964.0 0.00021307921542756958
965.0 8.333729510923149e-05
966.0 1.6113438708331707e-10
967.0 4.716500541235291e-05
968.0 0.00014073461898078676
969.0 5.23331777912972e-05
970.0 1.6113438708331707e-10
971.0 1.6113438708331707e-10
972.0 1.6113438708331707e-10
973.0 1.6113438708331707e-10
974.0 1.6113438708331707e-10
975.0 5.6673201243029325e-05
976.0 0.00014949035858080606
977.0 6.833873840150773e-05
978.0 1.6113438708331707e-10
979.0 6.573424684575002e-05
980.0 0.00014428137546929065
981.0 8.498414558744116e-05
982.0 2.5686907179078844e-05
983.0 7.563771191598789e-05
984.0 0.00012558853086375166
985.0 8.350357916242501e-05
986.0 4.1418616092414595e-05
987.0 2.537503895894133e-06
988.0 1.6113438708331707e-10
989.0 1.6113438708331707e-10
990.0 2.2663706999992428e-05
991.0 9.072563500467368e-06
992.0 1.6113438708331707e-10
993.0 3.8444770211754076e-05
994.0 8.140808631651453e-05
995.0 0.00013744290754402755
996.0 0.0001934777174028568
997.0 0.00011602803624555236
998.0 3.8578343719564145e-05
999.0 2.610058231766743e-05
1000.0 1.3622783967548457e-05
1001.0 5.946993724137428e-05
1002.0 0.00010531708767302916
1003.0 0.0001576524937263457
1004.0 0.00020998795662308112
1005.0 0.00026426207568874815
1006.0 0.0003185362629665178
1007.0 0.0003443898776822607
1008.0 0.0003702436060848413
1009.0 0.00021151633973204298
1010.0 5.278906201056088e-05
1011.0 0.00010417677458463004
1012.0 0.00015556446442133165
1013.0 0.00011162009059262346
1014.0 6.767573381694092e-05
1015.0 8.386274998883891e-05
1016.0 0.00010004973773902748
1017.0 0.0002996451939907274
1018.0 0.0004992406502424274
1019.0 0.0003475388211882091
1020.0 0.0001958370148713584
1021.0 0.0001968239075722522
1022.0 0.00019781073206104338
1023.0 0.00021418084088509204
1024.0 0.00023055081328493543
1025.0 0.00023157526811701246
1026.0 0.00023259970021172194
1027.0 0.0003396566626179265
1028.0 0.0004467135568120284
1029.0 0.0007517797712353058
1030.0 0.001056845849234378
1031.0 0.0012634619452001061
1032.0 0.0014700780411658343
1033.0 0.0017652100723353215
1034.0 0.002060341830656398
1035.0 0.0023505412173108198
1036.0 0.002640740422066301
1037.0 0.003001485310960561
1038.0 0.0033622305636527017
1039.0 0.00334824035235215
1040.0 0.0033342505048494786
1041.0 0.003248313078074716
1042.0 0.003162376015097834
1043.0 0.003209022543160245
1044.0 0.003255669798818417
1045.0 0.003350649058120325
1046.0 0.003445627953624353
1047.0 0.0031095689337234944
1048.0 0.0027735097319236957
1049.0 0.002611326635815203
1050.0 0.0024491433578077704
1051.0 0.0022346377591020428
1052.0 0.002020132160396315
1053.0 0.002145267717423849
1054.0 0.002270403092552442
1055.0 0.0016438916645711288
1056.0 0.001017379963741405
1057.0 0.001059271744452417
1058.0 0.001101163616112899
1059.0 0.0006082222625991562
1060.0 0.0001152808863480459
1061.0 0.0005068310656497488
1062.0 0.0008983814041130245
1063.0 0.0014235474736778997
1064.0 0.0019487133613438345
1065.0 0.0022315176465781406
1066.0 0.002514322113711387
1067.0 0.0032899402867769822
1068.0 0.004065559187438339
1069.0 0.0038182904972927645
1070.0 0.00357102180714719
1071.0 0.0038789206882938743
1072.0 0.004186819205642678
1073.0 0.0034019867598544806
1074.0 0.0026171539502684027
1075.0 0.0028695325454464182
1076.0 0.003121910776826553
1077.0 0.0034630684240255505
1078.0 0.003804225707426667
1079.0 0.0035790282709058374
1080.0 0.003353830106789246
1081.0 0.002557890002208296
1082.0 0.0017619497157284059
1083.0 0.0015748068108223379
1084.0 0.0013876639059162699
1085.0 0.0011793413250416052
1086.0 0.0009710191079648212
1087.0 0.0008985393833427224
1088.0 0.0008260599315690342
1089.0 1.6113438708331707e-10
1090.0 1.6113438708331707e-10
1091.0 0.0002223833234893391
1092.0 0.0017711128748487681
1093.0 0.0009375299669045489
1094.0 0.00010394688843007316
1095.0 1.6113438708331707e-10
1096.0 1.6113438708331707e-10
1097.0 1.6113438708331707e-10
1098.0 1.6113438708331707e-10
1099.0 1.6113438708331707e-10
1100.0 0.0006112995379226049
