lsstCam/transmission_filter_detector/r10_s10/u_24/19700101T000000.ecsv
# %ECSV 1.0
# ---
# datatype:
# - {name: wavelength, unit: nm, datatype: float32}
# - {name: efficiency, unit: '%', datatype: float64}
# meta: !!omap
# - {MODE: DETECTOR}
# - {TYPE: transmission_filter_detector}
# - {CALIBDATE: '1970-01-01T00:00:00'}
# - {INSTRUME: LSSTCam}
# - {OBSTYPE: transmission_filter_detector}
# - {CALIBCLS: lsst.ip.isr.IntermediateFilterDetectorTransmissionCurve}
# - {SOURCE: Materion (DM-46256)}
# - {DETECTOR: 30}
# - {FILTER: u_24}
# - {CALIB_ID: 'calibDate=1970-01-01T00:00:00 filter=u_24 detector=30'}
# - {DATE: '2025-04-02T15:59:39.887707'}
# - {CALIB_CREATION_DATE: '2025-04-02'}
# - {CALIB_CREATION_TIME: '15:59:39'}
# - __serialized_columns__:
#     efficiency:
#       __class__: astropy.units.quantity.Quantity
#       unit: !astropy.units.Unit {unit: '%'}
#       value: !astropy.table.SerializedColumn {name: efficiency}
#     wavelength:
#       __class__: astropy.units.quantity.Quantity
#       unit: !astropy.units.Unit {unit: nm}
#       value: !astropy.table.SerializedColumn {name: wavelength}
# schema: astropy-2.0
wavelength efficiency
[from data line 581]
876.0 0.002682550075405743
877.0 0.002805693839036394
878.0 0.0029288383302628063
879.0 0.002824699549819343
880.0 0.0027205613150727004
881.0 0.0029661461667274125
882.0 0.0032117313821800053
883.0 0.002799701178446412
884.0 0.00238767152040964
885.0 0.0025087323592742905
886.0 0.0026297933800378814
887.0 0.002451734690112062
888.0 0.002273676363984123
889.0 0.0021726484192186035
890.0 0.002071620474453084
891.0 0.0022691090634907596
892.0 0.0024665974706294946
893.0 0.0024968823709059507
894.0 0.002527166907384526
895.0 0.0029978684324305505
896.0 0.0034685697755776346
897.0 0.003967695374740288
898.0 0.004466820973902941
899.0 0.004504035678110085
900.0 0.004541249654721469
901.0 0.004526718475972302
902.0 0.0045121876610210165
903.0 0.0049221016524825245
904.0 0.0053320156439440325
905.0 0.005323789082467556
906.0 0.005315561793395318
907.0 0.00561547749384772
908.0 0.0059153931943001226
909.0 0.005697095548384823
910.0 0.005478798266267404
911.0 0.005694648280041292
912.0 0.005910498657613061
913.0 0.005773789234808646
914.0 0.005637079812004231
915.0 0.005009992310078815
916.0 0.004382904808153398
917.0 0.004076130062458105
918.0 0.0037693549529649317
919.0 0.004272835576557554
920.0 0.004776316200150177
921.0 0.004745361002278514
922.0 0.004714406532002613
923.0 0.00578797043999657
924.0 0.006861532892799005
925.0 0.0071896196459420025
926.0 0.007517707854276523
927.0 0.008107406029012054
928.0 0.00869710129336454
929.0 0.008549149060854688
930.0 0.008401196100749075
931.0 0.007580216333735734
932.0 0.006759235839126632
933.0 0.006628942355746403
934.0 0.0064986495999619365
935.0 0.006415207462850958
936.0 0.006331766053335741
937.0 0.006572809797944501
938.0 0.006813855725340545
939.0 0.006777550879633054
940.0 0.006741246033925563
941.0 0.006077529542380944
942.0 0.005413811231846921
943.0 0.004404969877214171
944.0 0.0033961292501771823
945.0 0.0024534034309908748
946.0 0.0015106780665519182
947.0 0.00165981546160765
948.0 0.0018089529476128519
949.0 0.001533116119389888
950.0 0.0012572791092679836
951.0 0.001366030119243078
952.0 0.0014747812201676425
953.0 0.0013929536180512514
954.0 0.0013111262887832709
955.0 0.002222590410383418
956.0 0.003134054713882506
957.0 0.003177600956405513
958.0 0.003221146107534878
959.0 0.00351196649717167
960.0 0.0038027865230105817
961.0 0.004383448322187178
962.0 0.004964110121363774
963.0 0.004974476541974582
964.0 0.004984843690181151
965.0 0.005051937841926701
966.0 0.005119032357470132
967.0 0.00496477478009183
968.0 0.0048105175665114075
969.0 0.004667985558626242
970.0 0.004525453914538957
971.0 0.004515648834058084
972.0 0.004505843389779329
973.0 0.004411279587657191
974.0 0.004316715057939291
975.0 0.004147387880948372
976.0 0.003978059976361692
977.0 0.003833985101664439
978.0 0.003689909863169305
979.0 0.0034282205888302997
980.0 0.0031665313144912943
981.0 0.0031560011848341674
982.0 0.0031454710551770404
983.0 0.003250440931878984
984.0 0.003355410080985166
985.0 0.0036494948290055618
986.0 0.003943579940823838
987.0 0.004538710345514119
988.0 0.0051338403864065185
989.0 0.006286221469053999
990.0 0.0074386014603078365
991.0 0.007824287604307756
992.0 0.008209974475903437
993.0 0.008663680637255311
994.0 0.009117386071011424
995.0 0.008422187966061756
996.0 0.007726988405920565
997.0 0.007100839138729498
998.0 0.006474692781921476
999.0 0.006113638664828613
1000.0 0.00575258418393787
1001.0 0.005263629282126203
1002.0 0.004774674016516656
1003.0 0.004323461689637043
1004.0 0.003872248635161668
1005.0 0.004432551213540137
1006.0 0.004992853064322844
1007.0 0.004867413008469157
1008.0 0.004741970042232424
1009.0 0.00422316043113824
1010.0 0.0037043511838419363
1011.0 0.0037244415580062196
1012.0 0.0037445322959683836
1013.0 0.003286034188931808
1014.0 0.0028275357180973515
1015.0 0.0023888014766271226
1016.0 0.0019500672351568937
1017.0 0.0019530179997673258
1018.0 0.001955968764377758
1019.0 0.001657787106523756
1020.0 0.001359605448669754
1021.0 0.001423856429028092
1022.0 0.0014881073184369598
1023.0 0.0014886868484609295
1024.0 0.001489266287535429
1025.0 0.001493377931183204
1026.0 0.0014974896657804493
1027.0 0.0013572362149716355
1028.0 0.0012169823094154708
1029.0 0.0015234350939863361
1030.0 0.0018298880604561418
1031.0 0.0023319867977988906
1032.0 0.0028340857170405798
1033.0 0.002791269616864156
1034.0 0.002748453334788792
1035.0 0.0027168765882379375
1036.0 0.0026852998416870832
1037.0 0.002913554635597393
1038.0 0.0031418094295077026
1039.0 0.0024573168047936633
1040.0 0.0017728245438775048
1041.0 0.0015602079656673595
1042.0 0.0013475913874572143
1043.0 0.0013923431652074214
1044.0 0.001437095215806039
1045.0 0.0013542828128265683
1046.0 0.001271470682695508
1047.0 0.0019158364011673257
1048.0 0.002560202483437024
1049.0 0.0015968464140314609
1050.0 0.0006334898898785468
1051.0 0.0010167350410483778
1052.0 0.0013999799193697982
1053.0 0.001084314408217324
1054.0 0.0007686487151659094
1055.0 0.0008607847121311352
1056.0 0.0009529208909953013
1057.0 0.00127874591271393
1058.0 0.001604571116331499
1059.0 0.00113935111585306
1060.0 0.0006741313427482964
1061.0 0.0017826234397944063
1062.0 0.0028911155823152512
1063.0 0.0024903061785153113
1064.0 0.0020894967747153714
1065.0 0.0011723514035111293
1066.0 0.0002552062369431951
1067.0 0.0009736457286635414
1068.0 0.0016920843336265534
1069.0 0.002222233342763502
1070.0 0.00275238198810257
1071.0 0.0018622382413013838
1072.0 0.0009720945854496676
1073.0 0.0016462685380247422
1074.0 0.0023204423996503465
1075.0 0.0036164223274681717
1076.0 0.004912401345791295
1077.0 0.005842883183504455
1078.0 0.006773365021217614
1079.0 0.006965278589632362
1080.0 0.007157189975259826
1081.0 0.005727230745833367
1082.0 0.0042972704250132665
1083.0 0.0034452121326467022
1084.0 0.0025931536583811976
1085.0 0.0037317884562071413
1086.0 0.004870422708336264
1087.0 0.004463944787858054
1088.0 0.004057466867379844
1089.0 0.005594320100499317
1090.0 0.00713117333361879
1091.0 0.00465359007648658
1092.0 0.0021760064555564895
1093.0 0.0018964959963341244
1094.0 0.0016169853552128188
1095.0 0.002677999327715952
1096.0 0.0037390131183201447
1097.0 0.002990300527017098
1098.0 0.0022415877538151108
1099.0 0.0025894943973980844
1100.0 0.002937401040981058
