lsstCam/transmission_filter_detector/r10_s10/u_24/19700101T000000.ecsv
# %ECSV 1.0
# ---
# datatype:
# - {name: wavelength, unit: nm, datatype: float32}
# - {name: efficiency, unit: '%', datatype: float64}
# meta: !!omap
# - {MODE: DETECTOR}
# - {TYPE: transmission_filter_detector}
# - {CALIBDATE: '1970-01-01T00:00:00'}
# - {INSTRUME: LSSTCam}
# - {OBSTYPE: transmission_filter_detector}
# - {CALIBCLS: lsst.ip.isr.IntermediateFilterDetectorTransmissionCurve}
# - {SOURCE: Materion (DM-46256)}
# - {DETECTOR: 30}
# - {FILTER: u_24}
# - {CALIB_ID: 'calibDate=1970-01-01T00:00:00 filter=u_24 detector=30'}
# - {DATE: '2025-04-02T15:59:39.887707'}
# - {CALIB_CREATION_DATE: '2025-04-02'}
# - {CALIB_CREATION_TIME: '15:59:39'}
# - __serialized_columns__:
#     efficiency:
#       __class__: astropy.units.quantity.Quantity
#       unit: !astropy.units.Unit {unit: '%'}
#       value: !astropy.table.SerializedColumn {name: efficiency}
#     wavelength:
#       __class__: astropy.units.quantity.Quantity
#       unit: !astropy.units.Unit {unit: nm}
#       value: !astropy.table.SerializedColumn {name: wavelength}
# schema: astropy-2.0
wavelength efficiency
295.0 1.9570621165310165e-10
296.0 1.9570621165310165e-10
297.0 1.9570621165310165e-10
298.0 1.9570621165310165e-10
299.0 1.9570621165310165e-10
300.0 1.9570621165310165e-10
301.0 1.9570621165310165e-10
302.0 1.9570621165310165e-10
303.0 0.008494345820508897
304.0 0.40079536847770214
305.0 1.5347450971603394
306.0 3.000582382082939
307.0 5.3144995123147964
308.0 8.29930379986763
309.0 11.97826936841011
310.0 15.726958215236664
311.0 19.685696065425873
312.0 23.37043583393097
313.0 26.24518573284149
314.0 28.796571493148804
315.0 31.174862384796143
316.0 33.80536437034607
317.0 37.233397364616394
318.0 41.16964936256409
319.0 46.39416038990021
320.0 52.67467498779297
321.0 58.35956335067749
322.0 63.90891671180725
323.0 68.3430016040802
324.0 71.78969979286194
325.0 74.15025234222412
326.0 76.22901797294617
327.0 77.81046628952026
328.0 79.4720470905304
329.0 80.67004680633545
330.0 81.63185715675354
331.0 81.87324404716492
332.0 82.10030794143677
333.0 82.32930898666382
334.0 82.39936828613281
335.0 82.80081748962402
336.0 83.49315524101257
337.0 84.14299488067627
338.0 85.00768542289734
339.0 85.45491695404053
340.0 85.74445843696594
341.0 86.03283762931824
342.0 86.3228976726532
343.0 86.30147576332092
344.0 86.54419779777527
345.0 87.09051012992859
346.0 87.43559122085571
347.0 87.76507377624512
348.0 87.96294927597046
349.0 88.16871643066406
350.0 88.17927837371826
351.0 88.31191658973694
352.0 88.26111555099487
353.0 88.23176622390747
354.0 88.11772465705872
355.0 88.25882077217102
356.0 88.31172585487366
357.0 88.01931142807007
358.0 87.58357763290405
359.0 87.3126745223999
360.0 87.17849254608154
361.0 87.03984022140503
362.0 86.97420954704285
363.0 87.25651502609253
364.0 87.52374649047852
365.0 87.93903589248657
366.0 88.22771310806274
367.0 88.23438882827759
368.0 88.27715516090393
369.0 88.38457465171814
370.0 88.38892579078674
371.0 88.26709389686584
372.0 88.51566314697266
373.0 88.80193829536438
374.0 88.90143036842346
375.0 89.2464816570282
376.0 89.51990008354187
377.0 89.6027684211731
378.0 89.50229287147522
379.0 88.87360095977783
380.0 87.78737783432007
381.0 86.10877394676208
382.0 84.15287733078003
383.0 82.12575912475586
384.0 79.97857928276062
385.0 77.37475633621216
386.0 74.490487575531
387.0 70.51970362663269
388.0 66.47416949272156
389.0 61.64284944534302
390.0 57.2898805141449
391.0 53.036850690841675
392.0 48.90235960483551
393.0 45.35965323448181
394.0 41.72281622886658
395.0 37.281787395477295
396.0 31.95856809616089
397.0 24.85746443271637
398.0 17.783337831497192
399.0 11.086002737283707
400.0 5.768885090947151
401.0 2.376297302544117
402.0 0.7516811136156321
403.0 0.2425140468403697
404.0 0.10322245070710778
405.0 0.03237701312173158
406.0 1.9570621165310165e-10
407.0 0.005900087489862926
408.0 0.001891274041554425
409.0 1.9570621165310165e-10
410.0 1.9570621165310165e-10
411.0 1.9570621165310165e-10
412.0 1.9570621165310165e-10
413.0 1.9570621165310165e-10
414.0 1.9570621165310165e-10
415.0 1.9570621165310165e-10
416.0 1.9570621165310165e-10
417.0 1.9570621165310165e-10
418.0 1.9570621165310165e-10
419.0 1.9570621165310165e-10
420.0 1.9570621165310165e-10
421.0 1.9570621165310165e-10
422.0 1.9570621165310165e-10
423.0 1.9570621165310165e-10
424.0 1.9570621165310165e-10
425.0 1.9570621165310165e-10
426.0 1.9570621165310165e-10
427.0 1.9570621165310165e-10
428.0 0.0007579535122204106
429.0 0.0006034731086401735
430.0 0.00044899234126205556
431.0 0.00016626230490146554
432.0 1.9570621165310165e-10
433.0 0.0002018368377321167
434.0 0.0005201416115596658
435.0 0.00023022353161650244
436.0 1.9570621165310165e-10
437.0 1.9570621165310165e-10
438.0 1.9570621165310165e-10
439.0 1.9570621165310165e-10
440.0 0.0014359582564793527
441.0 0.0001807823991839541
442.0 1.9570621165310165e-10
443.0 1.9570621165310165e-10
444.0 1.9570621165310165e-10
445.0 1.9570621165310165e-10
446.0 1.9570621165310165e-10
447.0 0.00012895224017483997
448.0 0.00026840134523808956
449.0 0.00059533531384659
450.0 0.0009222690096066799
451.0 0.00012175013353044051
452.0 1.9570621165310165e-10
453.0 1.9570621165310165e-10
454.0 8.629164227613728e-06
455.0 1.9570621165310165e-10
456.0 1.9570621165310165e-10
457.0 1.9570621165310165e-10
458.0 1.9570621165310165e-10
459.0 1.9570621165310165e-10
460.0 1.9570621165310165e-10
461.0 1.9570621165310165e-10
462.0 1.9570621165310165e-10
463.0 1.9570621165310165e-10
464.0 1.9570621165310165e-10
465.0 1.9570621165310165e-10
466.0 0.0002451116188240121
467.0 1.9570621165310165e-10
468.0 1.9570621165310165e-10
469.0 0.0003484225317151868
470.0 0.001023890854412457
471.0 0.0006361584382830188
472.0 0.000248425999416213
473.0 1.9570621165310165e-10
474.0 1.9570621165310165e-10
475.0 1.9570621165310165e-10
476.0 0.00026356292437412776
477.0 2.1734138044848805e-05
478.0 1.9570621165310165e-10
479.0 1.9570621165310165e-10
480.0 1.9570621165310165e-10
481.0 0.00016544627214898355
482.0 0.000979281230684137
483.0 0.0004331007858127123
484.0 1.9570621165310165e-10
485.0 1.9570621165310165e-10
486.0 1.9570621165310165e-10
487.0 1.9570621165310165e-10
488.0 1.9570621165310165e-10
489.0 1.9570621165310165e-10
490.0 1.9570621165310165e-10
491.0 1.9570621165310165e-10
492.0 1.9570621165310165e-10
493.0 1.9570621165310165e-10
494.0 1.9570621165310165e-10
495.0 1.9570621165310165e-10
496.0 0.0002475586370564997
497.0 0.00015791657688168925
498.0 6.827423817412637e-05
499.0 0.00018403143258183263
500.0 0.00029978889415360754
501.0 0.00033855976653285325
502.0 0.0003773307753363042
503.0 1.9570621165310165e-10
504.0 1.9570621165310165e-10
505.0 1.9570621165310165e-10
506.0 1.9570621165310165e-10
507.0 1.9570621165310165e-10
508.0 1.9570621165310165e-10
509.0 1.9570621165310165e-10
510.0 1.9570621165310165e-10
511.0 0.0002643265361257363
512.0 0.0008463282028969843
513.0 0.0006004679562465753
514.0 0.0003546075731719611
515.0 0.0005029641670262208
516.0 0.0006513207608804805
517.0 0.0002246548547191196
518.0 1.9570621165310165e-10
519.0 2.376825989358622e-05
520.0 0.000249547656494542
521.0 0.0004567504674923839
522.0 0.0006639532330154907
523.0 0.00021833150185557315
524.0 1.9570621165310165e-10
525.0 1.9570621165310165e-10
526.0 1.9570621165310165e-10
527.0 1.9570621165310165e-10
528.0 1.9570621165310165e-10
529.0 1.9570621165310165e-10
530.0 1.9570621165310165e-10
531.0 0.00012798888064935454
532.0 0.0003280582177467295
533.0 1.9570621165310165e-10
534.0 1.9570621165310165e-10
535.0 1.9570621165310165e-10
536.0 1.5057676705509948e-05
537.0 2.9393998346449735e-06
538.0 1.9570621165310165e-10
539.0 1.9570621165310165e-10
540.0 1.9570621165310165e-10
541.0 1.9570621165310165e-10
542.0 1.9570621165310165e-10
543.0 1.9570621165310165e-10
544.0 1.9570621165310165e-10
545.0 1.9570621165310165e-10
546.0 1.9570621165310165e-10
547.0 4.1215361079594004e-05
548.0 0.0004416299361764686
549.0 1.9570621165310165e-10
550.0 1.9570621165310165e-10
551.0 1.9570621165310165e-10
552.0 1.9570621165310165e-10
553.0 1.9570621165310165e-10
554.0 1.9570621165310165e-10
555.0 1.9570621165310165e-10
556.0 1.9570621165310165e-10
557.0 1.9570621165310165e-10
558.0 1.9570621165310165e-10
559.0 1.9570621165310165e-10
560.0 0.0003339446266181767
561.0 4.443438967882685e-05
562.0 1.9570621165310165e-10
563.0 1.9570621165310165e-10
564.0 1.9570621165310165e-10
565.0 1.9570621165310165e-10
566.0 1.9570621165310165e-10
567.0 1.9570621165310165e-10
568.0 1.9570621165310165e-10
569.0 0.00012668831459450303
570.0 0.0005193792731006397
571.0 0.0005101074293634156
572.0 0.0005008357675251318
573.0 0.00039659835238126107
574.0 0.00029236132377263857
575.0 0.00017571247781233978
576.0 5.906374553887872e-05
577.0 0.00011886563697771635
578.0 0.00017866742609840003
579.0 0.00032196592201216845
580.0 0.0004652642473956803
581.0 0.0008837088898872025
582.0 0.00130215366880293
583.0 0.0014457035831583198
584.0 0.0015892539522610605
585.0 0.0011738531611626968
586.0 0.0007584519153169822
587.0 0.0009532318472338375
588.0 0.0011480117791506927
589.0 0.0010743598068074789
590.0 0.0010007074706663843
591.0 0.0009934306035574991
592.0 0.0009861536454991437
593.0 0.0007469571755791549
594.0 0.0005077604782854905
595.0 0.0007184981768659782
596.0 0.0009292356480727904
597.0 0.0011415714652684983
598.0 0.0013539071005652659
599.0 0.001892638647404965
600.0 0.002431370194244664
601.0 0.002516756831028033
602.0 0.002602143467811402
603.0 0.0020883486286038533
604.0 0.001574553971295245
605.0 0.001242848884430714
606.0 0.0009111437066167127
607.0 0.0008926033842726611
608.0 0.0008740630619286094
609.0 0.0005823605079058325
610.0 0.0002906579993577907
611.0 0.0005498590780916857
612.0 0.0008090602023003157
613.0 0.0007661822564841714
614.0 0.0007233044470922323
615.0 0.0008351760698133148
616.0 0.0009470479199080728
617.0 0.000777797686168924
618.0 0.0006085476343287155
619.0 0.00036513952181849163
620.0 0.00012173147752037039
621.0 0.00040305667425855063
622.0 0.0006843818482593633
623.0 0.0006694292551401304
624.0 0.0006544765710714273
625.0 0.0007742444722680375
626.0 0.000894012555363588
627.0 0.0008513845386914909
628.0 0.0008087565220193937
629.0 0.0010141713573830202
630.0 0.0012195859198982362
631.0 0.0017206089978571981
632.0 0.0022216318029677495
633.0 0.0021399921024567448
634.0 0.0020583522200467996
635.0 0.002359859900025185
636.0 0.0026613675800035708
637.0 0.0023259795852936804
638.0 0.0019905912267859094
639.0 0.0015704883480793796
640.0 0.0011503852874739096
641.0 0.0010951583135465626
642.0 0.0010399313396192156
643.0 0.0009244639841199387
644.0 0.0008089966286206618
645.0 0.000629034138910356
646.0 0.00044907160372531507
647.0 0.00018661652347873314
648.0 1.9570621165310165e-10
649.0 2.7369139843358425e-05
650.0 0.00013057680234851432
651.0 0.000523386370332446
652.0 0.0009161960406345315
653.0 0.0012608590623131022
654.0 0.0016055219020927325
655.0 0.0018157090380555019
656.0 0.0020258961740182713
657.0 0.002890038194891531
658.0 0.0037541805795626715
659.0 0.00399768068746198
660.0 0.004241180431563407
661.0 0.0040174138121074066
662.0 0.0037936475564492866
663.0 0.002887796836148482
664.0 0.0019819462977466173
665.0 0.0016849666280904785
666.0 0.0013879864127375185
667.0 0.0013370326087169815
668.0 0.001286078622797504
669.0 0.0009874448551272508
670.0 0.0006888110419822624
671.0 0.0005702902399207233
672.0 0.00045176930143497884
673.0 0.0004477089532883838
674.0 0.00044364851419231854
675.0 0.0007879183613113128
676.0 0.001132188208430307
677.0 0.0017558897525304928
678.0 0.00237959193327697
679.0 0.002595549449324608
680.0 0.0028115069653722458
681.0 0.00401856959797442
682.0 0.005225631684879772
683.0 0.006820951239205897
684.0 0.008416271157329902
685.0 0.008571379294153303
686.0 0.00872649106895551
687.0 0.00767887249821797
688.0 0.006631252472288907
689.0 0.005263978528091684
690.0 0.003896705311490223
691.0 0.003559399920050055
692.0 0.003222094164812006
693.0 0.0029191094654379413
694.0 0.0026161247660638765
695.0 0.002240455796709284
696.0 0.0018647871911525726
697.0 0.00136406133606215
698.0 0.0008633353900222573
699.0 0.0007016268227744149
700.0 0.0005399182555265725
701.0 0.000500310534334858
702.0 0.0004607029950420838
703.0 0.0007181178261816967
704.0 0.0009755329301697202
705.0 0.000884531436895486
706.0 0.0007935300345707219
707.0 0.0007814177479303908
708.0 0.0007693050065427087
709.0 0.0006226532150321873
710.0 0.0004760012870974606
711.0 0.000621709159531747
712.0 0.0007674168955418281
713.0 0.0008401226295973174
714.0 0.0009128282727033366
715.0 0.0007480609838239616
716.0 0.0005832936949445866
717.0 0.0005731073542847298
718.0 0.0005629209681501379
719.0 0.0004652169536711881
720.0 0.00036751293919223826
721.0 0.0003556939191184938
722.0 0.0003438748308326467
723.0 0.0004939934569847537
724.0 0.0006441120603994932
725.0 0.0003923137683159439
726.0 0.00014051536254555685
727.0 0.00032658924737916095
728.0 0.0005126632004248677
729.0 0.00039472679418395273
730.0 0.00027679041068040533
731.0 0.0002450442480039783
732.0 0.0002132980625901837
733.0 0.00024901617052819347
734.0 0.00028473432394093834
735.0 0.00035762113839155063
736.0 0.000430507998316898
737.0 0.0005781552317785099
738.0 0.0007258025107148569
739.0 0.0006320118700386956
740.0 0.0005382212748372694
741.0 0.0010184702659898903
742.0 0.0014987193935667165
743.0 0.0023633554519619793
744.0 0.0032279913284583017
745.0 0.0035673194361152127
746.0 0.003906647543772124
747.0 0.004054880628245883
748.0 0.004203113348921761
749.0 0.0036692494177259505
750.0 0.00313538548653014
751.0 0.0028024351195199415
752.0 0.0024694849344086833
753.0 0.0021074201868032105
754.0 0.0017453552572987974
755.0 0.0021078740246593952
756.0 0.002470393337716814
757.0 0.002089451299980283
758.0 0.0017085088984458707
759.0 0.0014629928955400828
760.0 0.0012174768016848247
761.0 0.0012893698112748098
762.0 0.001361262911814265
763.0 0.0009512671567790676
764.0 0.0005412714017438702
765.0 0.0005899747520743404
766.0 0.0006386781478795456
767.0 0.0005035075446357951
768.0 0.00036833685044257436
769.0 0.0005084456461190712
770.0 0.0006485542598966276
771.0 0.000472782494398416
772.0 0.00029701063795073424
773.0 0.00028786619168386096
774.0 0.00027872167720488505
775.0 0.00039534479583380744
776.0 0.0005119678917253623
777.0 0.000637356379229459
778.0 0.0007627447757840855
779.0 0.0010118539648829028
780.0 0.0012609629266080447
781.0 0.00114763079182012
782.0 0.001034298929880606
783.0 0.000989309683063766
784.0 0.0009443201633985154
785.0 0.001156542384705972
786.0 0.001368764424114488
787.0 0.0010625337381497957
788.0 0.0007563032340840437
789.0 0.0007344485311477911
790.0 0.0007125938282115385
791.0 0.0007122549050109228
792.0 0.0007119159818103071
793.0 0.00021108337477926398
794.0 1.9570621165310165e-10
795.0 1.9570621165310165e-10
796.0 0.00025292647478636354
797.0 0.0003892988388543017
798.0 0.000525671248396975
799.0 0.00020550116914819228
800.0 1.9570621165310165e-10
801.0 1.9570621165310165e-10
802.0 1.9570621165310165e-10
803.0 1.9570621165310165e-10
804.0 1.9570621165310165e-10
805.0 1.9570621165310165e-10
806.0 1.9570621165310165e-10
807.0 1.9570621165310165e-10
808.0 1.9570621165310165e-10
809.0 0.00023129255168896634
810.0 0.0004955003987561213
811.0 5.1584777338575805e-05
812.0 1.9570621165310165e-10
813.0 2.6684723763992224e-06
814.0 0.0003976677362516057
815.0 0.00031919116736389697
816.0 0.0002407146212135558
817.0 0.00028241545351193054
818.0 0.00032411628581030527
819.0 0.00017759570027919835
820.0 3.1075160222826526e-05
821.0 1.9570621165310165e-10
822.0 1.9570621165310165e-10
823.0 1.9570621165310165e-10
824.0 1.9570621165310165e-10
825.0 1.9570621165310165e-10
826.0 1.9570621165310165e-10
827.0 1.9570621165310165e-10
828.0 0.0005170446456759237
829.0 0.0003182384716637898
830.0 0.000119432695555588
831.0 1.9570621165310165e-10
832.0 1.9570621165310165e-10
833.0 1.9570621165310165e-10
834.0 1.9570621165310165e-10
835.0 1.9570621165310165e-10
836.0 0.00010047706382465549
837.0 1.9570621165310165e-10
838.0 1.9570621165310165e-10
839.0 1.9570621165310165e-10
840.0 1.9570621165310165e-10
841.0 1.9570621165310165e-10
842.0 1.9570621165310165e-10
843.0 1.9570621165310165e-10
844.0 1.0390184712605333e-05
845.0 7.406310373880842e-05
846.0 0.00013773593536825501
847.0 0.00022664630705548916
848.0 0.00031555662189930445
849.0 0.0002509528712835163
850.0 0.00018634896150615532
851.0 6.281480295911024e-05
852.0 1.9570621165310165e-10
853.0 0.00026300294848624617
854.0 0.0005867252184543759
855.0 0.00046447171371255536
856.0 0.00034221811802126467
857.0 0.000475973274660646
858.0 0.0006097283403505571
859.0 0.0008775465175858699
860.0 0.0011453646038717125
861.0 0.001055973280017497
862.0 0.0009665819561632816
863.0 0.0013626478903461248
864.0 0.0017587135516805574
865.0 0.00209137360798195
866.0 0.0024240334823844023
867.0 0.002310035051777959
868.0 0.002196036984969396
869.0 0.002129292261088267
870.0 0.0020625473553081974
871.0 0.0020945744836353697
872.0 0.0021266014300636016
873.0 0.0022149137294036336
874.0 0.0023032258468447253
