lsstCam/transmission_filter_detector/r10_s20/r_57/19700101T000000.ecsv
# %ECSV 1.0
# ---
# datatype:
# - {name: wavelength, unit: nm, datatype: float32}
# - {name: efficiency, unit: '%', datatype: float64}
# meta: !!omap
# - {MODE: DETECTOR}
# - {TYPE: transmission_filter_detector}
# - {CALIBDATE: '1970-01-01T00:00:00'}
# - {INSTRUME: LSSTCam}
# - {OBSTYPE: transmission_filter_detector}
# - {CALIBCLS: lsst.ip.isr.IntermediateFilterDetectorTransmissionCurve}
# - {SOURCE: Materion (DM-46256)}
# - {DETECTOR: 33}
# - {FILTER: r_57}
# - {CALIB_ID: 'calibDate=1970-01-01T00:00:00 filter=r_57 detector=33'}
# - {DATE: '2025-04-02T15:59:44.337913'}
# - {CALIB_CREATION_DATE: '2025-04-02'}
# - {CALIB_CREATION_TIME: '15:59:44'}
# - __serialized_columns__:
#     efficiency:
#       __class__: astropy.units.quantity.Quantity
#       unit: !astropy.units.Unit {unit: '%'}
#       value: !astropy.table.SerializedColumn {name: efficiency}
#     wavelength:
#       __class__: astropy.units.quantity.Quantity
#       unit: !astropy.units.Unit {unit: nm}
#       value: !astropy.table.SerializedColumn {name: wavelength}
# schema: astropy-2.0
wavelength efficiency
300.0 0.003061762618017383
301.0 0.008046329458011314
302.0 0.013030896661803126
303.0 0.0162326599820517
304.0 0.01943442184710875
305.0 0.01772780524333939
306.0 0.016021188639570028
307.0 0.0139568408485502
308.0 0.011892493785126135
309.0 0.010979001672239974
310.0 0.010065510286949575
311.0 0.00939910241868347
312.0 0.008732695278013125
313.0 0.008053462079260498
314.0 0.00737422815291211
315.0 0.0066623812017496675
316.0 0.005950534614385106
317.0 0.005583252277574502
318.0 0.005215968849370256
319.0 0.004995092240278609
320.0 0.004774215994984843
321.0 0.004778474612976424
322.0 0.004782734322361648
323.0 0.00461414638266433
324.0 0.004445558079169132
325.0 0.004218627873342484
326.0 0.0039916965761221945
327.0 0.004021864879177883
328.0 0.004052033546031453
329.0 0.00404468628403265
330.0 0.004037337930640206
331.0 0.0035747678339248523
332.0 0.003112197373411618
333.0 0.002791513907141052
334.0 0.002470829349476844
335.0 0.002292212411703076
336.0 0.0021135956558282487
337.0 0.001884469747892581
338.0 0.0016553436580579728
339.0 0.0016157408026629128
340.0 0.0015761379472678527
341.0 0.0016093443264253438
342.0 0.0016425507055828348
343.0 0.0015479196008527651
344.0 0.0014532885870721657
345.0 0.0013279956874612253
346.0 0.0012027029697492253
347.0 0.0012501095625339076
348.0 0.0012975160643691197
349.0 0.001237997093994636
350.0 0.005768972550868057
351.0 0.006314260826911777
352.0 0.006859548739157617
353.0 0.0057854296755976975
354.0 0.004711310975835659
355.0 0.0047030851419549435
356.0 0.004694860399467871
357.0 0.0063962696003727615
358.0 0.008097678801277652
359.0 0.005843870167154819
360.0 0.003590061533031985
361.0 0.0022173058823682368
362.0 0.0008445505045528989
363.0 0.0023907399736344814
364.0 0.003936929351766594
365.0 0.004280262874090113
366.0 0.0046235967602115124
367.0 0.0037948026147205383
368.0 0.002966008469229564
369.0 0.0022691730919177644
370.0 0.001572337896504905
371.0 0.0021950656446279027
372.0 0.0028177933927509002
373.0 0.00322617452184204
374.0 0.0036345554690342396
375.0 0.003337563612149097
376.0 0.003040572119061835
377.0 0.0014886490134813357
378.0 1.7177703487067375e-10
379.0 0.0008407766472373623
380.0 0.0017448273865738884
381.0 0.002789769678201992
382.0 0.0038347123336279765
383.0 0.0037651509046554565
384.0 0.0036955898394808173
385.0 0.0045980395952938125
386.0 0.005500488987308927
387.0 0.0050116061174776405
388.0 0.004522723247646354
389.0 0.003743669731193222
390.0 0.0029646153052453883
391.0 0.0021714044123655185
392.0 0.001378193610435119
393.0 0.0015045855434436817
394.0 0.0016309770217048936
395.0 0.0012765999599650968
396.0 0.0009222229891747702
397.0 0.0009788524948817212
398.0 0.001035482364386553
399.0 0.0008747689207666554
400.0 0.000714055067874142
401.0 0.00032982236461975845
402.0 1.7177703487067375e-10
403.0 0.00021919979644735577
404.0 0.0004928108410240384
405.0 0.0008339188752870541
406.0 0.001175026500277454
407.0 0.0017082938938983716
408.0 0.0022415610146708786
409.0 0.001951649392140098
410.0 0.0016617374058114365
411.0 0.0011145632015541196
412.0 0.0005673889518220676
413.0 0.0006407290584320435
414.0 0.0007140690740925493
415.0 0.0006878405201860005
416.0 0.0006616123300773324
417.0 0.0012563555173983332
418.0 0.00185109929589089
419.0 0.0022997426640358754
420.0 0.002748386214079801
421.0 0.004380163227324374
422.0 0.006011939694872126
423.0 0.009439505083719268
424.0 0.01286706974497065
425.0 0.017144558660220355
426.0 0.02142204320989549
427.0 0.021783370175398886
428.0 0.022144698596093804
429.0 0.016881729243323207
430.0 0.01161875989055261
431.0 0.008483068086206913
432.0 0.005347374826669693
433.0 0.004304166213842109
434.0 0.0032609576010145247
435.0 0.002594409124867525
436.0 0.0019278608306194656
437.0 0.0018245531464344822
438.0 0.0017212456441484392
439.0 0.001300788608205039
440.0 0.0008803315722616389
441.0 0.0011771485333156306
442.0 0.0014739654943696223
443.0 0.0017152629880001768
444.0 0.0019565606635296717
445.0 0.0018753677068161778
446.0 0.001794174750102684
447.0 0.001704188616713509
448.0 0.001614202483324334
449.0 0.0017006374037009664
450.0 0.0017870717783807777
451.0 0.0018602038835524581
452.0 0.001933336170623079
453.0 0.0017718650269671343
454.0 0.00161039406521013
455.0 0.0014333242688735481
456.0 0.0012562546544359066
457.0 0.0009186996067001019
458.0 0.0005811446953885024
459.0 0.0008209301086026244
460.0 0.0010607155672914814
461.0 0.001807923945307266
462.0 0.00255513205047464
463.0 0.003308679151814431
464.0 0.004062226435053162
465.0 0.005162524394108914
466.0 0.006262822716962546
467.0 0.006830832717241719
468.0 0.007398844900308177
469.0 0.006298783409874886
470.0 0.005198723738430999
471.0 0.003942588955396786
472.0 0.0026864538085646927
473.0 0.0022182157408678904
474.0 0.0017499774912721477
475.0 0.0014563219338015188
476.0 0.0011626666491793003
477.0 0.0009336516995972488
478.0 0.000704636568116257
479.0 0.0009252686140825972
480.0 0.001145900387200527
481.0 0.0008892188816389535
482.0 0.0006325376034510555
483.0 0.0007081417606968898
484.0 0.0007837456905690487
485.0 0.0006807732006564038
486.0 0.0005778004833700834
487.0 0.000622539710093406
488.0 0.0006672789368167287
489.0 0.0006633678367506946
490.0 0.0006594566457351902
491.0 0.0008078919563558884
492.0 0.0009563274034007918
493.0 0.0010754089998954441
494.0 0.0011944906873395666
495.0 0.0010141535312868655
496.0 0.0008338164661836345
497.0 0.001166931542684324
498.0 0.0015000465282355435
499.0 0.0014573486623703502
500.0 0.0014146510693535674
501.0 0.0015704174074926414
502.0 0.0017261842003790662
503.0 0.0021316696802387014
504.0 0.0025371551600983366
505.0 0.0031708314054412767
506.0 0.0038045080145820975
507.0 0.0044821848860010505
508.0 0.005159862121217884
509.0 0.005622176468023099
510.0 0.0060844900872325525
511.0 0.00533826278115157
512.0 0.004592035111272708
513.0 0.003967418888350949
514.0 0.003342802301631309
515.0 0.00315003126161173
516.0 0.0029572605853900313
517.0 0.0027353273253538646
518.0 0.002513394065317698
519.0 0.07703716401010752
520.0 0.0995362875983119
521.0 0.12512466637417674
522.0 0.03304336569271982
523.0 0.13250824995338917
524.0 0.06725530256517231
525.0 0.11055753566324711
526.0 0.12472852831706405
527.0 0.13152423780411482
528.0 0.12620060006156564
529.0 0.15843218425288796
530.0 0.21736458875238895
531.0 0.14922406990081072
532.0 0.3366357646882534
533.0 0.33357266802340746
534.0 0.4665055777877569
535.0 0.7113273721188307
536.0 1.1096084490418434
537.0 1.6850104555487633
538.0 2.6491867378354073
539.0 4.114107042551041
540.0 6.295416504144669
541.0 8.859673887491226
542.0 12.187609821557999
543.0 16.524876654148102
544.0 21.69671356678009
545.0 27.50084400177002
546.0 34.56644117832184
547.0 42.245158553123474
548.0 50.734615325927734
549.0 58.74490141868591
550.0 64.41417932510376
551.0 70.70828080177307
552.0 74.29896593093872
553.0 78.10616493225098
554.0 81.49901628494263
555.0 84.93794202804565
556.0 88.47302198410034
557.0 90.62601923942566
558.0 93.10203790664673
559.0 95.24620771408081
560.0 94.88069415092468
561.0 95.75209617614746
562.0 95.90697884559631
563.0 95.10048627853394
564.0 95.6814706325531
565.0 95.61652541160583
566.0 96.05857133865356
567.0 96.05953693389893
568.0 96.53350114822388
569.0 97.10525274276733
570.0 96.72298431396484
571.0 97.62386083602905
572.0 97.15068936347961
573.0 97.0629870891571
574.0 97.48362898826599
575.0 97.25736379623413
576.0 97.5856602191925
577.0 97.38024473190308
578.0 97.4963903427124
579.0 97.2528338432312
580.0 96.7912495136261
581.0 96.8333899974823
582.0 97.07033634185791
583.0 96.89201712608337
584.0 96.3266372680664
585.0 96.69477343559265
586.0 96.81153893470764
587.0 96.76616787910461
588.0 96.72832489013672
589.0 97.64366745948792
590.0 96.6387689113617
591.0 96.46655321121216
592.0 96.3371992111206
593.0 95.9388017654419
594.0 96.41771912574768
595.0 96.58386707305908
596.0 97.25801944732666
597.0 97.71028161048889
598.0 97.14855551719666
599.0 97.18981385231018
600.0 97.35044836997986
601.0 96.26376628875732
602.0 97.04582095146179
603.0 96.8266487121582
604.0 96.42542004585266
605.0 97.3617434501648
606.0 96.42472863197327
607.0 96.48772478103638
608.0 96.36614918708801
609.0 95.98559737205505
610.0 95.94867825508118
611.0 95.96753120422363
612.0 96.40167355537415
613.0 97.14838862419128
614.0 97.1561849117279
615.0 96.18656039237976
616.0 96.97966575622559
617.0 96.7613697052002
618.0 96.59263491630554
619.0 97.28479385375977
620.0 96.0746705532074
621.0 95.85081338882446
622.0 96.62753343582153
623.0 96.90777659416199
624.0 96.71503901481628
625.0 97.13537693023682
626.0 96.29318714141846
627.0 95.28697729110718
628.0 97.84363508224487
629.0 95.79486846923828
630.0 96.54512405395508
631.0 96.35211825370789
632.0 97.20190167427063
633.0 96.9501256942749
634.0 95.96711993217468
635.0 96.45710587501526
636.0 96.24395966529846
637.0 95.8677351474762
638.0 95.73613405227661
639.0 95.46932578086853
640.0 95.75244784355164
641.0 96.01767659187317
642.0 96.26551866531372
643.0 96.54530882835388
644.0 96.30085825920105
645.0 96.35611176490784
646.0 96.64438366889954
647.0 97.18254804611206
648.0 96.95859551429749
649.0 96.02478742599487
650.0 96.89704775810242
651.0 96.92660570144653
652.0 97.10612893104553
653.0 96.21812701225281
654.0 96.99270725250244
655.0 96.88664078712463
656.0 96.19708061218262
657.0 96.01411819458008
658.0 96.60437107086182
659.0 96.62604331970215
660.0 95.69922089576721
661.0 95.74509859085083
662.0 96.01074457168579
663.0 95.72408199310303
664.0 95.72683572769165
665.0 95.63822746276855
666.0 95.54246068000793
667.0 96.00048661231995
668.0 95.35109400749207
669.0 95.85750699043274
670.0 95.87497115135193
671.0 95.63431143760681
672.0 95.33249735832214
673.0 95.74174284934998
674.0 95.15135288238525
675.0 95.74110507965088
676.0 95.09363174438477
677.0 93.96113157272339
678.0 92.89228916168213
679.0 91.91988706588745
680.0 90.87153673171997
681.0 89.23981785774231
682.0 86.8705153465271
683.0 83.53534936904907
684.0 79.96910810470581
685.0 76.17502808570862
686.0 71.902996301651
687.0 67.2709584236145
688.0 62.86469101905823
689.0 58.6273729801178
690.0 53.77011299133301
691.0 50.03681778907776
692.0 45.28582990169525
693.0 40.57294726371765
694.0 35.11286973953247
695.0 29.34682071208954
696.0 23.45595806837082
697.0 18.177399039268494
698.0 12.522411346435547
699.0 8.49972739815712
700.0 5.525708943605423
701.0 3.33859883248806
702.0 1.9732315093278885
703.0 1.116176601499319
704.0 0.599243538454175
705.0 0.3929566126316786
706.0 0.2660415368154645
707.0 0.15844329027459025
708.0 0.09981475304812193
709.0 0.10061184875667095
710.0 0.07144218543544412
711.0 0.09640733478590846
712.0 0.014494491915684193
713.0 0.062480714404955506
714.0 0.024563184706494212
715.0 0.04404094070196152
716.0 0.025711226044222713
717.0 0.04601919208653271
718.0 0.023564916045870632
719.0 0.03424858150538057
720.0 1.7177703487067375e-10
721.0 0.0042811676394194365
722.0 0.0040381750295637175
723.0 0.0037951827835058793
724.0 0.003474009645287879
725.0 0.0031528365070698783
726.0 0.002914066681114491
727.0 0.0026752970370580442
728.0 0.0025522616851958446
729.0 0.0024292261514347047
730.0 0.002265054536110256
731.0 0.0021008832845836878
732.0 0.002057645542663522
733.0 0.002014407618844416
734.0 0.0019505412637954578
735.0 0.0018866747268475592
736.0 0.001695279024716001
737.0 0.0015038833225844428
738.0 0.0015110367712622974
739.0 0.0015181903108896222
740.0 0.0014979869774833787
741.0 0.0014777837350266054
742.0 0.0013582859537564218
743.0 0.0012387881724862382
744.0 0.0012993103155167773
745.0 0.0013598322766483761
746.0 0.0012954055819136556
747.0 0.0012309789781284053
748.0 0.0010776320777949877
749.0 0.0009242853593605105
750.0 0.0009072633474715985
751.0 0.0008902416084310971
752.0 0.0009570182555762585
753.0 0.00102379490272142
754.0 0.0010351591299695428
755.0 0.0010465237210155465
756.0 0.000985505903372541
757.0 0.0009244879947800655
758.0 0.0009620349374017678
759.0 0.000999581789074
760.0 0.001017200429487275
761.0 0.0010348193427489605
762.0 0.001042124586092541
763.0 0.0010494302841834724
764.0 0.0009903354111884255
765.0 0.0009312406291428488
766.0 0.0007650521183677483
767.0 0.0005988636075926479
768.0 0.0005817053079226753
769.0 0.0005645468718284974
770.0 0.0006813915661041392
771.0 0.0007982363968039863
772.0 0.0007232782991195563
773.0 0.000648320019536186
774.0 0.0007453449597960571
775.0 0.0008423699000559282
776.0 0.0008576202162657864
777.0 0.0008728705324756447
778.0 0.0008383289241464809
779.0 0.0008037874977162573
780.0 0.000711064330971567
781.0 0.0006183412097016117
782.0 0.0006724449576722691
783.0 0.0007265487056429265
784.0 0.0007834091775293928
785.0 0.0008402694220421836
786.0 0.0007300746801774949
787.0 0.0006198799837875413
788.0 0.0006175991529744351
789.0 0.0006153185040602693
790.0 0.0006705998657707823
791.0 0.0007258812274812954
792.0 0.0007422182079608319
793.0 0.0007585551884403685
794.0 0.0007814001946826465
795.0 0.0008042449735512491
796.0 0.0006490380656032357
797.0 0.0004938311576552223
798.0 0.0006375367775035556
799.0 0.0007812423973518889
800.0 0.000738042990633403
801.0 0.0006948432655917713
802.0 0.0005769650215370348
803.0 0.0004590864591591526
804.0 0.0006207826572790509
805.0 0.0007824788553989492
806.0 0.0006681259947072249
807.0 0.0005537732249649707
808.0 0.000639705376670463
809.0 0.0007256375283759553
810.0 0.0006169327662064461
811.0 0.0005082283223600825
812.0 0.0006076203135307878
813.0 0.0007070123047014931
814.0 0.0005554443305300083
815.0 0.0004038763563585235
816.0 0.0005557613349083113
817.0 0.0007076464498823043
818.0 0.0005932526619290002
819.0 0.00047885882850096095
820.0 0.0003782636895266478
821.0 0.00027766855055233464
822.0 0.0003560348432074534
823.0 0.0004344011358625721
824.0 0.00040763547985989135
825.0 0.0003808698238572106
826.0 0.00044898911255586427
827.0 0.0005171083557797829
828.0 0.0003980458131991327
829.0 0.0002789832251437474
830.0 0.00018384490658718278
831.0 8.87066107679857e-05
832.0 7.596030968670675e-05
833.0 6.321400292108592e-05
834.0 9.620856644687592e-06
835.0 1.7177703487067375e-10
836.0 0.00022588358206121484
837.0 0.0004957396413374227
838.0 0.0006239176400413271
839.0 0.0007520957296947017
840.0 0.0011634446309471969
841.0 0.0015747933503007516
842.0 0.0024175395083148032
843.0 0.003260285666328855
844.0 0.0037364978197729215
845.0 0.0042127096094191074
846.0 0.004386751970741898
847.0 0.004560794332064688
848.0 0.0039036771340761334
849.0 0.0032465602998854592
850.0 0.00240194804064231
851.0 0.0015573352357023396
852.0 0.0013333410606719553
853.0 0.0011093464308942202
854.0 0.0010052244761027396
855.0 0.0009011021575133782
856.0 0.0006864152510388521
857.0 0.0004717284355137963
858.0 0.0005781544587080134
859.0 0.0006845803909527604
860.0 0.0005778473678219598
861.0 0.000471114253741689
862.0 0.0004408930635690922
863.0 0.00041067187339649536
864.0 0.0002964137593153282
865.0 0.00018215569070889615
866.0 0.00016902931747608818
867.0 0.00015590288739986136
868.0 0.0001618905571376672
869.0 0.00016787818140073796
870.0 8.34639308777696e-05
871.0 1.7177703487067375e-10
872.0 1.7177703487067375e-10
873.0 1.7177703487067375e-10
874.0 1.7177703487067375e-10
875.0 1.7177703487067375e-10
876.0 1.7177703487067375e-10
877.0 7.011951765889535e-05
878.0 0.0001814971142266586
879.0 0.0002928746880570543
880.0 0.00023787315512890927
881.0 0.00018287157672602916
882.0 0.000164319203577179
883.0 0.0001457668417970126
884.0 4.394759400838666e-05
885.0 1.7177703487067375e-10
886.0 6.179088813951239e-05
887.0 0.00018145340163755463
888.0 0.00023396178221446462
889.0 0.00028647018552874215
890.0 0.0002719811163842678
891.0 0.00025749204723979346
892.0 9.384900749864755e-05
893.0 1.7177703487067375e-10
894.0 1.7177703487067375e-10
895.0 1.7177703487067375e-10
896.0 1.7177703487067375e-10
897.0 3.695263828262796e-06
898.0 3.83235118306402e-05
899.0 7.295176942534454e-05
900.0 6.590321959265566e-05
901.0 5.885467544430867e-05
