lsstCam/transmission_filter_detector/r10_s20/r_57/19700101T000000.ecsv
# %ECSV 1.0
# ---
# datatype:
# - {name: wavelength, unit: nm, datatype: float32}
# - {name: efficiency, unit: '%', datatype: float64}
# meta: !!omap
# - {MODE: DETECTOR}
# - {TYPE: transmission_filter_detector}
# - {CALIBDATE: '1970-01-01T00:00:00'}
# - {INSTRUME: LSSTCam}
# - {OBSTYPE: transmission_filter_detector}
# - {CALIBCLS: lsst.ip.isr.IntermediateFilterDetectorTransmissionCurve}
# - {SOURCE: Materion (DM-46256)}
# - {DETECTOR: 33}
# - {FILTER: r_57}
# - {CALIB_ID: 'calibDate=1970-01-01T00:00:00 filter=r_57 detector=33'}
# - {DATE: '2025-04-02T15:59:44.337913'}
# - {CALIB_CREATION_DATE: '2025-04-02'}
# - {CALIB_CREATION_TIME: '15:59:44'}
# - __serialized_columns__:
#     efficiency:
#       __class__: astropy.units.quantity.Quantity
#       unit: !astropy.units.Unit {unit: '%'}
#       value: !astropy.table.SerializedColumn {name: efficiency}
#     wavelength:
#       __class__: astropy.units.quantity.Quantity
#       unit: !astropy.units.Unit {unit: nm}
#       value: !astropy.table.SerializedColumn {name: wavelength}
# schema: astropy-2.0
wavelength efficiency
[from data line 603]
903.0 1.7177703487067375e-10
904.0 1.7177703487067375e-10
905.0 1.5251133334004408e-05
906.0 1.7177703487067375e-10
907.0 1.7177703487067375e-10
908.0 1.7177703487067375e-10
909.0 1.7177703487067375e-10
910.0 1.7177703487067375e-10
911.0 1.7177703487067375e-10
912.0 1.7177703487067375e-10
913.0 1.7177703487067375e-10
914.0 1.5528001995335217e-05
915.0 0.00010958566463159514
916.0 8.056471756390238e-05
917.0 5.154379891791905e-05
918.0 9.944415069185197e-05
919.0 0.00014734447404407547
920.0 5.7519832807884086e-05
921.0 1.7177703487067375e-10
922.0 0.00010263063359161606
923.0 0.0002375660869802232
924.0 0.00024257878976641223
925.0 0.0002475915152899688
926.0 0.00023771308406139724
927.0 0.00022783465283282567
928.0 0.00020140005290159024
929.0 0.00017496540749561973
930.0 0.0002650597480169381
931.0 0.000355154111275624
932.0 0.00015588370843033772
933.0 1.7177703487067375e-10
934.0 0.0001075496129487874
935.0 0.00025848580662568565
936.0 0.00028133972591604106
937.0 0.0003041936224690289
938.0 0.00031455040243599797
939.0 0.0003249072278777021
940.0 0.00030736468943359796
941.0 0.00028982217372686137
942.0 0.0003676590495160781
943.0 0.0004454959253052948
944.0 0.0003824358827841934
945.0 0.00031937588573782705
946.0 0.00038878406485309824
947.0 0.00045819224396836944
948.0 0.0005357846930564847
949.0 0.000613377187619335
950.0 0.0005760906333307503
951.0 0.0005388039880926954
952.0 0.0006789476628910052
953.0 0.0008190914741135202
954.0 0.001150776461145142
955.0 0.0014824618119746447
956.0 0.001522274123999523
957.0 0.0015620864360244013
958.0 0.001634641557757277
959.0 0.0017071972251869738
960.0 0.0018758330043056048
961.0 0.002044469329121057
962.0 0.0022139927750686184
963.0 0.00238351640291512
964.0 0.002412760841252748
965.0 0.0024420050976914354
966.0 0.0023786758902133442
967.0 0.0023153465008363128
968.0 0.002298080835316796
969.0 0.0022808153516962193
970.0 0.0023867243726272136
971.0 0.0024926335754571483
972.0 0.002560002940299455
973.0 0.002627371941343881
974.0 0.0029046648705843836
975.0 0.003181957799824886
976.0 0.003291409302619286
977.0 0.0034008608054136857
978.0 0.0033080115827033296
979.0 0.003215163087588735
980.0 0.0031913226848701015
981.0 0.003167482282151468
982.0 0.0032999134418787435
983.0 0.003432344601606019
984.0 0.0033435226214351133
985.0 0.0032547006412642077
986.0 0.0031261897674994543
987.0 0.0029976790756336413
988.0 0.0028349462809273973
989.0 0.0026722134862211533
990.0 0.002656456854310818
991.0 0.002640700404299423
992.0 0.0026825129680219106
993.0 0.0027243257136433385
994.0 0.002748427323240321
995.0 0.0027725283871404827
996.0 0.002816513915604446
997.0 0.002860499262169469
998.0 0.002999894968525041
999.0 0.0031392904929816723
1000.0 0.0032732757972553372
1001.0 0.003407261101529002
1002.0 0.0036474088119575754
1003.0 0.003887556158588268
1004.0 0.003977621599915437
1005.0 0.0040676863136468455
1006.0 0.004284996975911781
1007.0 0.004502308001974598
1008.0 0.004473357694223523
1009.0 0.004444407022674568
1010.0 0.004432677087606862
1011.0 0.004420947152539156
1012.0 0.00436956288467627
1013.0 0.004318178253015503
1014.0 0.003984597424278036
1015.0 0.0036510165955405682
1016.0 0.0034663007681956515
1017.0 0.003281585668446496
1018.0 0.002880635111068841
1019.0 0.0024796847355901264
1020.0 0.002093455805152189
1021.0 0.0017072268747142516
1022.0 0.0014858735084999353
1023.0 0.0012645195965887979
1024.0 0.001373016584693687
1025.0 0.0014815136637480464
1026.0 0.0013382062206801493
1027.0 0.0011948984138143715
1028.0 0.0010895338164118584
1029.0 0.0009841689461609349
1030.0 0.0009449581739318091
1031.0 0.0009057468560058624
1032.0 0.000926083157537505
1033.0 0.0009464192771702074
1034.0 0.0008404659638472367
1035.0 0.0007345124231505906
1036.0 0.0007999888111953624
1037.0 0.0008654648809169885
1038.0 0.0008377809535886627
1039.0 0.000810097117209807
1040.0 0.0009105904609896243
1041.0 0.0010110837138199713
1042.0 0.001077595243259566
1043.0 0.0011441063179518096
1044.0 0.001008115941658616
1045.0 0.0008721257472643629
1046.0 0.0009292182767239865
1047.0 0.0009863109880825505
1048.0 0.0008605611583334394
1049.0 0.0007348113285843283
1050.0 0.000765507502364926
1051.0 0.0007962036761455238
1052.0 0.0011324193110340275
1053.0 0.0014686344911751803
1054.0 0.001145068836194696
1055.0 0.0008215030902647413
1056.0 0.0009007395419757813
1057.0 0.0009799762665352318
1058.0 0.000906295554159442
1059.0 0.0008326151146320626
1060.0 0.0012177100870758295
1061.0 0.0016028046957217157
1062.0 0.0016777483324403875
1063.0 0.0017526917872601189
1064.0 0.0011687280675687362
1065.0 0.0005847639840794727
1066.0 0.0009920893717207946
1067.0 0.0013994148503115866
1068.0 0.001598356720933225
1069.0 0.0017972979549085721
1070.0 0.0012407844224071596
1071.0 0.0006842708444310119
1072.0 0.0010619586646498647
1073.0 0.0014396466212929226
1074.0 0.002047561247309204
1075.0 0.002655475509527605
1076.0 0.002972151014546398
1077.0 0.0032888263376662508
1078.0 0.003887818456860259
1079.0 0.004486810576054268
1080.0 0.004313551835366525
1081.0 0.004140292730880901
1082.0 0.004036406971863471
1083.0 0.003932521212846041
1084.0 0.00450317638751585
1085.0 0.005073830834589899
1086.0 0.005047076410846785
1087.0 0.00502032162330579
1088.0 0.005119461638969369
1089.0 0.005218602018430829
1090.0 0.00495913227496203
1091.0 0.00469966180389747
1092.0 0.00410909196943976
1093.0 0.0035185217711841688
1094.0 0.0039432092307833955
1095.0 0.004367897054180503
1096.0 0.003471820309641771
1097.0 0.002575743565103039
1098.0 0.0016009260434657335
1099.0 0.0006261087492021034
1100.0 0.0008289087418233976
1101.0 0.0010317084161215462
