lsstCam/transmission_filter_detector/r34_s10/i_39/19700101T000000.ecsv
# %ECSV 1.0
# ---
# datatype:
# - {name: wavelength, unit: nm, datatype: float32}
# - {name: efficiency, unit: '%', datatype: float64}
# meta: !!omap
# - {MODE: DETECTOR}
# - {TYPE: transmission_filter_detector}
# - {CALIBDATE: '1970-01-01T00:00:00'}
# - {INSTRUME: LSSTCam}
# - {OBSTYPE: transmission_filter_detector}
# - {CALIBCLS: lsst.ip.isr.IntermediateFilterDetectorTransmissionCurve}
# - {SOURCE: Materion (DM-46256)}
# - {DETECTOR: 156}
# - {FILTER: i_39}
# - {CALIB_ID: 'calibDate=1970-01-01T00:00:00 filter=i_39 detector=156'}
# - {DATE: '2025-04-02T15:59:47.201727'}
# - {CALIB_CREATION_DATE: '2025-04-02'}
# - {CALIB_CREATION_TIME: '15:59:47'}
# - __serialized_columns__:
#     efficiency:
#       __class__: astropy.units.quantity.Quantity
#       unit: !astropy.units.Unit {unit: '%'}
#       value: !astropy.table.SerializedColumn {name: efficiency}
#     wavelength:
#       __class__: astropy.units.quantity.Quantity
#       unit: !astropy.units.Unit {unit: nm}
#       value: !astropy.table.SerializedColumn {name: wavelength}
# schema: astropy-2.0
wavelength efficiency
[from data line 597]
897.0 2.4234572038039914e-05
898.0 1.6285583992470265e-10
899.0 1.6285583992470265e-10
900.0 1.6285583992470265e-10
901.0 1.6285583992470265e-10
902.0 1.6285583992470265e-10
903.0 1.6285583992470265e-10
904.0 1.0518683701832288e-06
905.0 4.150322041596155e-06
906.0 7.248812750049183e-06
907.0 1.6285583992470265e-10
908.0 1.6285583992470265e-10
909.0 1.6285583992470265e-10
910.0 1.6285583992470265e-10
911.0 1.6285583992470265e-10
912.0 1.6285583992470265e-10
913.0 1.6285583992470265e-10
914.0 1.6285583992470265e-10
915.0 1.6285583992470265e-10
916.0 2.139742747431228e-05
917.0 1.6285583992470265e-10
918.0 1.6285583992470265e-10
919.0 1.6285583992470265e-10
920.0 0.00016630763184366515
921.0 1.6285583992470265e-10
922.0 1.6285583992470265e-10
923.0 1.6285583992470265e-10
924.0 1.6285583992470265e-10
925.0 2.228319857522365e-05
926.0 4.830135935662838e-05
927.0 1.1532343080489227e-05
928.0 1.6285583992470265e-10
929.0 1.6285583992470265e-10
930.0 1.6285583992470265e-10
931.0 1.6285583992470265e-10
932.0 1.6285583992470265e-10
933.0 1.6285583992470265e-10
934.0 1.6285583992470265e-10
935.0 1.6285583992470265e-10
936.0 1.6285583992470265e-10
937.0 4.712748307156289e-05
938.0 0.00011529763241924229
939.0 1.6285583992470265e-10
940.0 1.6285583992470265e-10
941.0 1.6285583992470265e-10
942.0 1.6285583992470265e-10
943.0 1.6285583992470265e-10
944.0 1.6285583992470265e-10
945.0 1.6285583992470265e-10
946.0 1.6285583992470265e-10
947.0 1.6285583992470265e-10
948.0 0.00016450724160677055
949.0 0.00011643573998298962
950.0 6.836426109657623e-05
951.0 8.81664448115771e-05
952.0 0.0001079685716831591
953.0 8.421205848208047e-05
954.0 6.0455528227976174e-05
955.0 2.9020364422649436e-05
956.0 1.6285583992470265e-10
957.0 7.494598435187072e-05
958.0 0.00015230677945510251
959.0 0.00017813828208090854
960.0 0.0002039698074440821
961.0 0.0001773957365003298
962.0 0.00015082167692526127
963.0 0.00020503835003182758
964.0 0.00025925507998181274
965.0 5.798310667159967e-05
966.0 1.6285583992470265e-10
967.0 1.6285583992470265e-10
968.0 1.6285583992470265e-10
969.0 1.6285583992470265e-10
970.0 1.6285583992470265e-10
971.0 1.6285583992470265e-10
972.0 1.6285583992470265e-10
973.0 9.213158591592219e-05
974.0 0.00020182230855425587
975.0 0.00012015731272185803
976.0 3.849232825814397e-05
977.0 2.3346635202869948e-05
978.0 8.200930068369416e-06
979.0 1.6285583992470265e-10
980.0 1.6285583992470265e-10
981.0 1.6285583992470265e-10
982.0 1.6285583992470265e-10
983.0 1.6285583992470265e-10
984.0 1.6285583992470265e-10
985.0 1.6285583992470265e-10
986.0 9.610888582756161e-05
987.0 3.68331228628449e-05
988.0 1.6285583992470265e-10
989.0 1.6285583992470265e-10
990.0 1.6285583992470265e-10
991.0 6.61453327666095e-05
992.0 0.00013692887250726926
993.0 0.00016565968508075457
994.0 0.0001943904862855561
995.0 0.00018338752170166117
996.0 0.0001723845343803987
997.0 0.00013340116993276752
998.0 9.441778843211068e-05
999.0 7.54604286612448e-05
1000.0 5.6503040468669496e-05
1001.0 0.0001721890839689877
1002.0 0.0002878751274693059
1003.0 0.000253002644967637
1004.0 0.00021813018520333571
1005.0 0.00022853691916679963
1006.0 0.0002389436758676311
1007.0 0.00024123780804075068
1008.0 0.0002435319174765027
1009.0 0.00028351105356705375
1010.0 0.00032349012144550215
1011.0 0.0002984593038490857
1012.0 0.00027342853172740433
1013.0 0.00022777005597163225
1014.0 0.00018211158021586016
1015.0 6.0012069980075466e-05
1016.0 1.6285583992470265e-10
1017.0 9.540714245304116e-05
1018.0 0.0002529016683183727
1019.0 4.94944799811492e-05
1020.0 1.6285583992470265e-10
1021.0 3.439537579197349e-05
1022.0 0.0002227034883617307
1023.0 0.00015464202078874223
1024.0 8.658057026877941e-05
1025.0 0.00015022773141026846
1026.0 0.00021387493234215071
1027.0 0.0005049497758591315
1028.0 0.0007960245056892745
1029.0 0.0009337095434602816
1030.0 0.0010713944902818184
1031.0 0.001556045754114166
1032.0 0.002040696926997043
1033.0 0.0023300790417124517
1034.0 0.00261946097452892
1035.0 0.002877358201658353
1036.0 0.003135255610686727
1037.0 0.003239812212996185
1038.0 0.003344368815305643
1039.0 0.0030533421522704884
1040.0 0.0027623156711342745
1041.0 0.0026467061616131105
1042.0 0.0025310966520919465
1043.0 0.002722402314248029
1044.0 0.002913708158303052
1045.0 0.0032161940907826647
1046.0 0.003518680387060158
1047.0 0.0034516830055508763
1048.0 0.0033846859878394753
1049.0 0.002991426117660012
1050.0 0.0025981660655816086
1051.0 0.0022560230718227103
1052.0 0.001913880078063812
1053.0 0.0016383652109652758
1054.0 0.0013628499800688587
1055.0 0.0010643687346600927
1056.0 0.0007658874892513268
1057.0 0.0010914201993728057
1058.0 0.001416953182342695
1059.0 0.0010980050319631118
1060.0 0.0007790571544319391
1061.0 0.0007586215360788628
1062.0 0.0007381860541499918
1063.0 0.0015608964531566016
1064.0 0.002383606624789536
1065.0 0.0024856391974026337
1066.0 0.002587672133813612
1067.0 0.003495652345009148
1068.0 0.004403632556204684
1069.0 0.004290168726583943
1070.0 0.004176705624558963
1071.0 0.004023029032396153
1072.0 0.003869352804031223
1073.0 0.0031914842111291364
1074.0 0.0025136156182270497
1075.0 0.00272419820248615
1076.0 0.00293478060484631
1077.0 0.003475251287454739
1078.0 0.0040157214243663475
1079.0 0.0038810958358226344
1080.0 0.0037464702472789213
1081.0 0.002759243579930626
1082.0 0.00177201673068339
1083.0 0.0016235329894698225
1084.0 0.0014750491573067848
1085.0 0.0010194064088864252
1086.0 0.0005637637514155358
1087.0 0.0009657220289227553
1088.0 0.0013676805792783853
1089.0 0.000353797236130049
1090.0 1.6285583992470265e-10
1091.0 0.00012536031590570929
1092.0 0.0009108066478802357
1093.0 1.6285583992470265e-10
1094.0 1.6285583992470265e-10
1095.0 1.6285583992470265e-10
1096.0 1.6285583992470265e-10
1097.0 1.6285583992470265e-10
1098.0 1.6285583992470265e-10
1099.0 0.00020397162643348565
1100.0 0.0014356215615407564
