lsstCam/transmission_filter_detector/r34_s10/i_39/19700101T000000.ecsv
# %ECSV 1.0
# ---
# datatype:
# - {name: wavelength, unit: nm, datatype: float32}
# - {name: efficiency, unit: '%', datatype: float64}
# meta: !!omap
# - {MODE: DETECTOR}
# - {TYPE: transmission_filter_detector}
# - {CALIBDATE: '1970-01-01T00:00:00'}
# - {INSTRUME: LSSTCam}
# - {OBSTYPE: transmission_filter_detector}
# - {CALIBCLS: lsst.ip.isr.IntermediateFilterDetectorTransmissionCurve}
# - {SOURCE: Materion (DM-46256)}
# - {DETECTOR: 156}
# - {FILTER: i_39}
# - {CALIB_ID: 'calibDate=1970-01-01T00:00:00 filter=i_39 detector=156'}
# - {DATE: '2025-04-02T15:59:47.201727'}
# - {CALIB_CREATION_DATE: '2025-04-02'}
# - {CALIB_CREATION_TIME: '15:59:47'}
# - __serialized_columns__:
#     efficiency:
#       __class__: astropy.units.quantity.Quantity
#       unit: !astropy.units.Unit {unit: '%'}
#       value: !astropy.table.SerializedColumn {name: efficiency}
#     wavelength:
#       __class__: astropy.units.quantity.Quantity
#       unit: !astropy.units.Unit {unit: nm}
#       value: !astropy.table.SerializedColumn {name: wavelength}
# schema: astropy-2.0
wavelength efficiency
300.0 1.6285583992470265e-10
301.0 1.6285583992470265e-10
302.0 0.024536153068765998
303.0 0.01906558027258143
304.0 0.013595008931588382
305.0 0.019074966257903725
306.0 0.024554927949793637
307.0 0.019891672127414495
308.0 0.015228413394652307
309.0 0.011973660002695397
310.0 0.008718908065930009
311.0 1.6285583992470265e-10
312.0 1.6285583992470265e-10
313.0 1.6285583992470265e-10
314.0 1.6285583992470265e-10
315.0 1.6285583992470265e-10
316.0 1.6285583992470265e-10
317.0 0.0004225085831421893
318.0 0.0017483271221863106
319.0 0.003266173735028133
320.0 0.0047840185288805515
321.0 0.0008963997970568016
322.0 1.6285583992470265e-10
323.0 1.6285583992470265e-10
324.0 0.00047979056034819223
325.0 0.00116625233204104
326.0 0.0018527154679759406
327.0 0.001195807726617204
328.0 0.0005389012130763149
329.0 0.003032057429663837
330.0 0.005525213418877684
331.0 0.0036860026739304885
332.0 0.001846790655690711
333.0 0.001591406180523336
334.0 0.001336021796305431
335.0 0.0006189606665429892
336.0 1.6285583992470265e-10
337.0 0.0014140881830826402
338.0 0.0029262770112836733
339.0 0.0011179285138496198
340.0 1.6285583992470265e-10
341.0 1.6285583992470265e-10
342.0 1.6285583992470265e-10
343.0 1.6285583992470265e-10
344.0 0.000203093304662616
345.0 0.00031931688226904953
346.0 0.00043554050535021815
347.0 6.486941401817603e-05
348.0 1.6285583992470265e-10
349.0 0.00013340993518795585
350.0 0.0005726216841139831
351.0 4.3646761582749605e-05
352.0 1.6285583992470265e-10
353.0 1.6285583992470265e-10
354.0 1.6285583992470265e-10
355.0 0.00048042456910479814
356.0 0.0012685622095887084
357.0 0.00018567365032140515
358.0 1.6285583992470265e-10
359.0 1.6285583992470265e-10
360.0 0.0005003561000194168
361.0 7.40172538371553e-05
362.0 1.6285583992470265e-10
363.0 1.6285583992470265e-10
364.0 1.6285583992470265e-10
365.0 1.6285583992470265e-10
366.0 0.0003343762045915355
367.0 0.0007110576007107738
368.0 0.0010877389286179096
369.0 0.00028799813662772067
370.0 1.6285583992470265e-10
371.0 1.6285583992470265e-10
372.0 1.6285583992470265e-10
373.0 1.6285583992470265e-10
374.0 1.6285583992470265e-10
375.0 3.437077111811959e-05
376.0 0.00010780850061564706
377.0 0.0006192597538756672
378.0 0.0011307110980851576
379.0 0.0010943134839180857
380.0 0.0010579156878520735
381.0 0.0005568878805206623
382.0 5.586006182056735e-05
383.0 3.715839511642116e-05
384.0 1.845657777721499e-05
385.0 0.0003132227448077174
386.0 0.0006079890681576217
387.0 0.00014537024526362075
388.0 1.6285583992470265e-10
389.0 1.6285583992470265e-10
390.0 1.6285583992470265e-10
391.0 1.6285583992470265e-10
392.0 1.6285583992470265e-10
393.0 1.6285583992470265e-10
394.0 8.109664122457616e-05
395.0 0.0006957455298106652
396.0 0.0013103945093462244
397.0 0.000704370359017048
398.0 9.834627689997433e-05
399.0 0.0006848658813396469
400.0 0.0012713857358903624
401.0 0.0014169793757901061
402.0 0.0015625726518919691
403.0 0.0025149744033114985
404.0 0.0034673754271352664
405.0 0.0032011470466386527
406.0 0.0029349190299399197
407.0 0.003470512092462741
408.0 0.004006104791187681
409.0 0.0032779924367787316
410.0 0.0025498799004708417
411.0 0.0028799468054785393
412.0 0.0032100138923851773
413.0 0.0026943995180772617
414.0 0.0021787853256682865
415.0 0.00330448237946257
416.0 0.004430179251357913
417.0 0.004523686948232353
418.0 0.004617193917511031
419.0 0.0037183486711001024
420.0 0.0028195023332955316
421.0 0.0035256074625067413
422.0 0.004231712591717951
423.0 0.004547152275335975
424.0 0.00486259232275188
425.0 0.004396052463562228
426.0 0.003929512604372576
427.0 0.004974382682121359
428.0 0.006019252759870142
429.0 0.005142203735886142
430.0 0.004265154711902142
431.0 0.004461997377802618
432.0 0.004658840043703094
433.0 0.0032571791962254792
434.0 0.0018555183487478644
435.0 0.0018046523109660484
436.0 0.0017537862731842324
437.0 0.001565042111906223
438.0 0.001376298132527154
439.0 0.0015583264030283317
440.0 0.0017403546735295095
441.0 0.0016450181647087447
442.0 0.0015496818377869204
443.0 0.0020387744370964356
444.0 0.002527867036405951
445.0 0.0011281609658908565
446.0 1.6285583992470265e-10
447.0 1.6285583992470265e-10
448.0 1.6285583992470265e-10
449.0 0.000287821080746653
450.0 0.000721603237252566
451.0 0.001132235411205329
452.0 0.0015428679034812376
453.0 0.0009633828994992655
454.0 0.0003838980774162337
455.0 0.00040630939110997133
456.0 0.00042872075027844403
457.0 0.000369630674867949
458.0 0.0003105404175585136
459.0 0.0004307480139686959
460.0 0.0005509555649041431
461.0 0.00044408461690181866
462.0 0.00033721373711159686
463.0 0.00038099360608612187
464.0 0.00042477345232327934
465.0 0.0002763447582765366
466.0 0.00012791639392162324
467.0 0.00018652001472219126
468.0 0.00024512348772987025
469.0 0.00048083297770062927
470.0 0.0007165425358834909
471.0 0.0005232258899923181
472.0 0.00032990947147482075
473.0 0.00039049036786309443
474.0 0.00045107121877663303
475.0 0.00025177348561555846
476.0 5.2475746770141996e-05
477.0 0.00031817580747883767
478.0 0.0005838759079779265
479.0 0.001044465898303315
480.0 0.0015050559341034386
481.0 0.0018660561181604862
482.0 0.0022270562112680636
483.0 0.0032034316973295063
484.0 0.004179807001492009
485.0 0.005380759102990851
486.0 0.00658170974929817
487.0 0.008714233990758657
488.0 0.01084675604943186
489.0 0.014126022870186716
490.0 0.017405291146133095
491.0 0.020662449242081493
492.0 0.023919610248412937
493.0 0.026293954579159617
494.0 0.02866830036509782
495.0 0.027109470102004707
496.0 0.025550639838911593
497.0 0.0212484213989228
498.0 0.01694620295893401
499.0 0.01212459392263554
500.0 0.007302984886337072
501.0 0.004816883665625937
502.0 0.0023307808078243397
503.0 0.002036116893577855
504.0 0.0017414529793313704
505.0 0.0016810941815492697
506.0 0.0016207350199692883
507.0 0.0017620157450437546
508.0 0.0019032962882192805
509.0 0.0022410755263990723
510.0 0.0025788544007809833
511.0 0.0020477926227613352
512.0 0.0015167308447416872
513.0 0.0018913613530457951
514.0 0.0022659922251477838
515.0 0.0023428996428265236
516.0 0.002419806878606323
517.0 0.002347703957639169
518.0 0.002275601218570955
519.0 0.002124800994351972
520.0 0.0019740007701329887
521.0 0.0018635881133377552
522.0 0.001753175638441462
523.0 0.0017999755073105916
524.0 0.0018467753761797212
525.0 0.0019575671103666537
526.0 0.0020683590264525265
527.0 0.0025201021344400942
528.0 0.0029718454243266024
529.0 0.0029641136279678904
530.0 0.002956381649710238
531.0 0.002478133683325723
532.0 0.001999885898840148
533.0 0.001614091161172837
534.0 0.001228296423505526
535.0 0.0016635744032100774
536.0 0.0020988522010156885
537.0 0.002565393879194744
538.0 0.0030319357392727397
539.0 0.0037127654650248587
540.0 0.004393595372675918
541.0 0.004825444193556905
542.0 0.005257293378235772
543.0 0.005044341378379613
544.0 0.004831389742321335
545.0 0.0042186049540759996
546.0 0.0036058201658306643
547.0 0.0027386013243813068
548.0 0.00187138284672983
549.0 0.0016561298252781853
550.0 0.001440876985725481
551.0 0.0014649132026534062
552.0 0.0014889493286318611
553.0 0.0015378327589132823
554.0 0.001586716462043114
555.0 0.0012768618944392074
556.0 0.0009670075087342411
557.0 0.0008319008884427603
558.0 0.0006967941772018094
559.0 0.0006709162335027941
560.0 0.0006450383352785138
561.0 0.0009489965123066213
562.0 0.0012529547348094638
563.0 0.0015216231986414641
564.0 0.0017902913896250539
565.0 0.001530422923678998
566.0 0.0012705547305813525
567.0 0.0011127452125947457
568.0 0.0009549358765070792
569.0 0.0008505975529260468
570.0 0.0007462594112439547
571.0 0.0005784340373793384
572.0 0.00041060866351472214
573.0 0.000395128608943196
574.0 0.00037964853163430234
575.0 0.0003646532832135563
576.0 0.0003496579893180751
577.0 0.00035368450426176423
578.0 0.0003577110419428209
579.0 0.0003761115522138425
580.0 0.00039451210795959923
581.0 0.00045699148358835373
582.0 0.0005194709501665784
583.0 0.0004834450464841211
584.0 0.00044741905185219366
585.0 0.0005594661161012482
586.0 0.0006715129984513624
587.0 0.0004711663677881006
588.0 0.00027081978259957395
589.0 0.0005288269676384516
590.0 0.0007868343345762696
591.0 0.0005043048986408394
592.0 0.0002217754399680416
593.0 0.00044397816054697614
594.0 0.0006661809038632782
595.0 0.0005665800472343108
596.0 0.00046697909965587314
597.0 0.00039782648855180014
598.0 0.00032867387744772714
599.0 0.00034819731808966026
600.0 0.00036772080420632847
601.0 0.0004329035164118977
602.0 0.0004980863650416723
603.0 0.00034412971672281856
604.0 0.00019017311387869995
605.0 0.00022601152522838674
606.0 0.00026184989110333845
607.0 0.00035634207051771227
608.0 0.0004508342499320861
609.0 0.00045988849706191104
610.0 0.00046894278966647107
611.0 0.0004444430487637874
612.0 0.0004199433078611037
613.0 0.00035803441278403625
614.0 0.0002961255631817039
615.0 0.0003769233444472775
616.0 0.00045772112571285106
617.0 0.0003500750381135731
618.0 0.00024242897325166268
619.0 0.0001124360210269515
620.0 1.6285583992470265e-10
621.0 0.0001339473442385497
622.0 0.0002854516196748591
623.0 0.0003068215619350667
624.0 0.0003281915041952743
625.0 0.0003203386995664914
626.0 0.0003124858949377085
627.0 0.0003521611006362946
628.0 0.0003918362835975131
629.0 0.00038582370507356245
630.0 0.0003798110356001416
631.0 0.0004154511771048419
632.0 0.00045109113671060186
633.0 0.00042822121031349525
634.0 0.00040535123844165355
635.0 0.0004704903858510079
636.0 0.0005356295787350973
637.0 0.0004440284556039842
638.0 0.0003524272415234009
639.0 0.0003783361762543791
640.0 0.0004042452019348275
641.0 0.0005310333563102176
642.0 0.0006578215106856078
643.0 0.0005794755452370737
644.0 0.0005011293524148641
645.0 0.000572066574022756
646.0 0.0006430038411053829
647.0 0.0007398224624921568
648.0 0.0008366409929294605
649.0 0.0007977907444001175
650.0 0.0007589404958707746
651.0 0.0007364189514191821
652.0 0.0007138972250686493
653.0 0.000713047575118253
654.0 0.0007121979251678567
655.0 0.0010653201570676174
656.0 0.0014184422070684377
657.0 0.002358816345804371
658.0 0.0032991902116918936
659.0 0.005460002284962684
660.0 0.07800755556672812
661.0 0.1372686354443431
662.0 0.10909142438322306
663.0 0.1251193112693727
664.0 0.11880967067554593
665.0 0.14579478884115815
666.0 0.13461877824738622
667.0 0.1505822641775012
668.0 0.23476427886635065
669.0 0.2639187267050147
670.0 0.35641887225210667
671.0 0.5234444513916969
672.0 0.8376322686672211
673.0 1.3135002925992012
674.0 1.984945870935917
675.0 2.87660863250494
676.0 3.935506194829941
677.0 5.292103439569473
678.0 6.627793610095978
679.0 8.074633032083511
680.0 9.923466295003891
681.0 11.98088601231575
682.0 14.511269330978394
683.0 17.331282794475555
684.0 20.327673852443695
685.0 23.253652453422546
686.0 26.241683959960938
687.0 29.49758768081665
688.0 32.713162899017334
689.0 36.01928949356079
690.0 39.85593616962433
691.0 43.957725167274475
692.0 48.88601303100586
693.0 54.123711585998535
694.0 59.97633934020996
695.0 65.67568182945251
696.0 71.91992998123169
697.0 77.42713689804077
698.0 83.37159156799316
699.0 87.89950013160706
700.0 91.36413931846619
701.0 94.14985775947571
702.0 95.9898054599762
703.0 97.02635407447815
704.0 97.45396375656128
705.0 97.86261320114136
706.0 97.84299731254578
707.0 98.07377457618713
708.0 98.06371927261353
709.0 98.10195565223694
710.0 97.90121912956238
711.0 98.13757538795471
712.0 98.00830483436584
713.0 98.07825684547424
714.0 98.18308353424072
715.0 98.20928573608398
716.0 98.06439280509949
717.0 98.26311469078064
718.0 98.30891489982605
719.0 98.26743006706238
720.0 98.55570793151855
721.0 98.49358201026917
722.0 98.20359349250793
723.0 97.94877171516418
724.0 97.59379029273987
725.0 97.32854962348938
726.0 97.03065156936646
727.0 96.77567481994629
728.0 96.53504490852356
729.0 96.3340699672699
730.0 96.36611342430115
731.0 96.36319875717163
732.0 96.38847708702087
733.0 96.68115973472595
734.0 96.99661135673523
735.0 97.21231460571289
736.0 97.5628674030304
737.0 98.01841974258423
738.0 98.28090071678162
739.0 98.67641925811768
740.0 98.77908825874329
741.0 98.5918939113617
742.0 98.9715039730072
743.0 98.85019659996033
744.0 98.62110614776611
745.0 98.63168001174927
746.0 98.54287505149841
747.0 98.82488250732422
748.0 98.73908758163452
749.0 98.64063858985901
750.0 98.58104586601257
751.0 98.50803017616272
752.0 98.42203259468079
753.0 98.59748482704163
754.0 98.57038855552673
755.0 98.67145419120789
756.0 98.7082302570343
757.0 98.72140884399414
758.0 98.83897304534912
759.0 98.86402487754822
760.0 98.76585006713867
761.0 98.6481249332428
762.0 98.73266816139221
763.0 98.6802875995636
764.0 98.56247305870056
765.0 98.56429100036621
766.0 98.592209815979
767.0 98.35954308509827
768.0 98.39186668395996
769.0 98.44937920570374
770.0 98.16504716873169
771.0 98.26174974441528
772.0 98.2153594493866
773.0 98.08528423309326
774.0 97.9278028011322
775.0 98.01893830299377
776.0 97.91271686553955
777.0 98.04914593696594
778.0 97.98773527145386
779.0 98.1096088886261
780.0 98.03662896156311
781.0 98.27043414115906
782.0 98.1856644153595
783.0 98.32295775413513
784.0 98.2845664024353
785.0 98.36455583572388
786.0 98.5202431678772
787.0 98.26834201812744
788.0 98.39502573013306
789.0 98.40003252029419
790.0 98.3992338180542
791.0 98.44704270362854
792.0 98.30226302146912
793.0 98.21290969848633
794.0 98.18600416183472
795.0 98.07083010673523
796.0 98.04014563560486
797.0 98.14563393592834
798.0 97.9843020439148
799.0 97.90982007980347
800.0 97.68581986427307
801.0 97.80320525169373
802.0 97.64198064804077
803.0 97.45330810546875
804.0 97.26008772850037
805.0 96.74826860427856
806.0 96.44381999969482
807.0 95.6204891204834
808.0 94.65215802192688
809.0 93.4177041053772
810.0 92.01590418815613
811.0 90.0973916053772
812.0 87.8851056098938
813.0 85.22205948829651
814.0 82.06972479820251
815.0 78.4513533115387
816.0 74.67700839042664
817.0 70.30449509620667
818.0 65.32683968544006
819.0 61.013537645339966
820.0 56.05041980743408
821.0 51.550549268722534
822.0 47.18852937221527
823.0 42.4960196018219
824.0 37.82886862754822
825.0 33.58296751976013
826.0 29.154586791992188
827.0 24.54748898744583
828.0 20.363488793373108
829.0 16.219864785671234
830.0 12.180472165346146
831.0 8.996691554784775
832.0 6.072007119655609
833.0 3.965551406145096
834.0 2.437414787709713
835.0 1.461003813892603
836.0 0.835138838738203
837.0 0.4727086052298546
838.0 0.2595484256744385
839.0 0.1930540194734931
840.0 0.1227061147801578
841.0 0.05953987129032612
842.0 0.009977126319427043
843.0 1.6285583992470265e-10
844.0 0.015779220848344266
845.0 1.6285583992470265e-10
846.0 1.6285583992470265e-10
847.0 1.6285583992470265e-10
848.0 1.6285583992470265e-10
849.0 1.6285583992470265e-10
850.0 1.6285583992470265e-10
851.0 0.0024642366042826325
852.0 0.002791778024402447
853.0 0.0015124182937142905
854.0 0.00023305867671297165
855.0 0.00028250933610252105
856.0 0.00033195995001733536
857.0 0.0005208332822803641
858.0 0.0007097067282302305
859.0 0.0003435870439716382
860.0 1.6285583992470265e-10
861.0 1.6285583992470265e-10
862.0 1.6285583992470265e-10
863.0 1.6285583992470265e-10
864.0 1.6285583992470265e-10
865.0 1.6285583992470265e-10
866.0 5.3049825510242954e-05
867.0 2.4458381631120574e-05
868.0 1.6285583992470265e-10
869.0 9.38740640776814e-05
870.0 0.00019188116766599705
871.0 0.0001291428247895965
872.0 6.640441370109329e-05
873.0 5.483533982442168e-05
874.0 4.326624321038253e-05
875.0 1.6569264005283912e-05
876.0 1.6285583992470265e-10
877.0 1.6285583992470265e-10
878.0 1.6285583992470265e-10
879.0 8.092079184507384e-06
880.0 7.901429626144818e-05
881.0 7.743161631879047e-05
882.0 7.584895911350031e-05
883.0 1.6285583992470265e-10
884.0 1.6285583992470265e-10
885.0 2.2890168338562944e-05
886.0 0.00020653833416872658
887.0 0.00011027997288692859
888.0 1.4021601657532301e-05
889.0 9.918913974615862e-05
890.0 0.00018435666788718663
891.0 1.6285583992470265e-10
892.0 1.6285583992470265e-10
893.0 1.6285583992470265e-10
894.0 9.517033277006703e-05
895.0 8.399104558520776e-05
