lsstCam/transmission_filter_detector/r03_s11/y_10/19700101T000000.ecsv
# %ECSV 1.0
# ---
# datatype:
# - {name: wavelength, unit: nm, datatype: float32}
# - {name: efficiency, unit: '%', datatype: float64}
# meta: !!omap
# - {MODE: DETECTOR}
# - {TYPE: transmission_filter_detector}
# - {CALIBDATE: '1970-01-01T00:00:00'}
# - {INSTRUME: LSSTCam}
# - {OBSTYPE: transmission_filter_detector}
# - {CALIBCLS: lsst.ip.isr.IntermediateFilterDetectorTransmissionCurve}
# - {SOURCE: Materion (DM-46256)}
# - {DETECTOR: 22}
# - {FILTER: y_10}
# - {CALIB_ID: 'calibDate=1970-01-01T00:00:00 filter=y_10 detector=22'}
# - {DATE: '2025-04-02T15:59:50.842955'}
# - {CALIB_CREATION_DATE: '2025-04-02'}
# - {CALIB_CREATION_TIME: '15:59:50'}
# - __serialized_columns__:
#     efficiency:
#       __class__: astropy.units.quantity.Quantity
#       unit: !astropy.units.Unit {unit: '%'}
#       value: !astropy.table.SerializedColumn {name: efficiency}
#     wavelength:
#       __class__: astropy.units.quantity.Quantity
#       unit: !astropy.units.Unit {unit: nm}
#       value: !astropy.table.SerializedColumn {name: wavelength}
# schema: astropy-2.0
wavelength efficiency
300.0 0.5321887321770191
301.0 0.2887285314500332
302.0 0.0452683016192168
303.0 0.039131855010055006
304.0 0.03299541131127626
305.0 0.022343770251609385
306.0 0.011692128464346752
307.0 0.01713313686195761
308.0 0.022574143076781183
309.0 0.01592154585523531
310.0 0.009268946450902149
311.0 0.008547491597710177
312.0 0.007826034561730921
313.0 0.007770758384140208
314.0 0.007715481478953734
315.0 0.006965521606616676
316.0 0.006215563917066902
317.0 0.005664942364091985
318.0 0.00511431680934038
319.0 0.0025368750357301906
320.0 1.672436603268601e-10
321.0 0.001835994225984905
322.0 0.0037125570088392124
323.0 0.002733979454205837
324.0 0.001755402445269283
325.0 0.0005501645318872761
326.0 1.672436603268601e-10
327.0 0.0005129158580530202
328.0 0.0016809053704491816
329.0 0.003153562283841893
330.0 0.004626219015335664
331.0 0.004139114389545284
332.0 0.0036520093999570236
333.0 0.002463548480591271
334.0 0.0012750873793265782
335.0 0.0014877347894071136
336.0 0.0017003825632855296
337.0 0.002687638880161103
338.0 0.0036748948332387954
339.0 0.0019115517716272734
340.0 0.00014820876685917028
341.0 1.672436603268601e-10
342.0 1.672436603268601e-10
343.0 0.000305330195260467
344.0 0.0009598256838216912
345.0 0.001318287741014501
346.0 0.0016767502529546618
347.0 0.0018920723960036412
348.0 0.00210739435715368
349.0 0.0014757281860511284
350.0 0.000844061651150696
351.0 0.0012502609024522826
352.0 0.0016564594261581078
353.0 0.0013850388313585427
354.0 0.0011136182365589775
355.0 0.0014237729374144692
356.0 0.0017339274563710205
357.0 0.0011734563486243133
358.0 0.0006129850135039305
359.0 0.000752451342123095
360.0 0.0008919176252675243
361.0 0.0010623970410961192
362.0 0.0012328761840763036
363.0 0.0010912250218098052
364.0 0.0009495734047959559
365.0 0.0013139702787157148
366.0 0.0016783676983322948
367.0 0.002113720984198153
368.0 0.0025490744519629516
369.0 0.0021557021682383493
370.0 0.001762329884513747
371.0 0.0017326676243101247
372.0 0.001703005182207562
373.0 0.0021697285774280317
374.0 0.002636451790749561
375.0 0.00344139443768654
376.0 0.004246336902724579
377.0 0.004138762960792519
378.0 0.00403118938265834
379.0 0.0035964392736786976
380.0 0.0031616888009011745
381.0 0.002135966860805638
382.0 0.0011102446478616912
383.0 0.0011649953194137197
384.0 0.001219745900016278
385.0 0.0009788467650651
386.0 0.0007379477210633922
387.0 0.0007814140190021135
388.0 0.0008248804078903049
389.0 0.0006633421890001046
390.0 0.0005018041065341095
391.0 0.00045159745241107885
392.0 0.0004013908892375184
393.0 0.0005099449026602088
394.0 0.0006184990525071044
395.0 0.0006400414804375032
396.0 0.0006615839538426371
397.0 0.0008135204552672803
398.0 0.0009654568202677183
399.0 0.0012518705261754803
400.0 0.0015382842320832424
401.0 0.0016594183762208559
402.0 0.00178055288415635
403.0 0.0018263304809806868
404.0 0.0018721080778050236
405.0 0.0018309363440494053
406.0 0.001789765155990608
407.0 0.0015190817975963
408.0 0.0012483987120504025
409.0 0.0009391127605340444
410.0 0.0006298263997450704
411.0 0.00027768774089054205
412.0 1.672436603268601e-10
413.0 0.0008792957487457898
414.0 0.0018330423699808307
415.0 0.0023074195269146003
416.0 0.0027817968657473102
417.0 0.0012059876098646782
418.0 1.672436603268601e-10
419.0 1.672436603268601e-10
420.0 1.672436603268601e-10
421.0 0.00023104025785869453
422.0 0.0005911787866352824
423.0 0.0006585717983398354
424.0 0.000725964673620183
425.0 1.672436603268601e-10
426.0 1.672436603268601e-10
427.0 1.672436603268601e-10
428.0 0.0005913075710850535
429.0 0.000420696551373112
430.0 0.00025008553166117053
431.0 0.0008341333341377322
432.0 0.001418181273038499
433.0 0.0011957319657085463
434.0 0.0009732831131259445
435.0 0.00045444321585819125
436.0 1.672436603268601e-10
437.0 2.739123203809868e-05
438.0 0.0001191791284327337
439.0 1.672436603268601e-10
440.0 1.672436603268601e-10
441.0 1.672436603268601e-10
442.0 1.672436603268601e-10
443.0 1.672436603268601e-10
444.0 1.672436603268601e-10
445.0 1.672436603268601e-10
446.0 1.672436603268601e-10
447.0 4.329941418745875e-05
448.0 0.00010577824696156313
449.0 0.0003052840156669845
450.0 0.000504789477417944
451.0 0.0002935310021712212
452.0 8.227275998251571e-05
453.0 1.672436603268601e-10
454.0 1.672436603268601e-10
455.0 1.672436603268601e-10
456.0 1.672436603268601e-10
457.0 1.672436603268601e-10
458.0 1.672436603268601e-10
459.0 2.0018104862629116e-05
460.0 0.00019254657672718167
461.0 0.0001860933252828545
462.0 0.00017964010794457863
463.0 0.00037158467875997303
464.0 0.0005635292382066837
465.0 0.0005295982646202901
466.0 0.0004956673819833668
467.0 0.0009700797818368301
468.0 0.0014444918633671477
469.0 0.0014999725863162894
470.0 0.00155545276356861
471.0 0.0015924697436275892
472.0 0.0016294867236865684
473.0 0.0022952668587095104
474.0 0.002961046811833512
475.0 0.0028184460461488925
476.0 0.0026758450985653326
477.0 0.003036052112292964
478.0 0.0033962591260205954
479.0 0.0038740094169043005
480.0 0.0043517597077880055
481.0 0.004381132384878583
482.0 0.004410505061969161
483.0 0.0039024795114528388
484.0 0.003394453233340755
485.0 0.0035803954233415425
486.0 0.00376633761334233
487.0 0.0032679330615792423
488.0 0.0027695279641193338
489.0 0.002399819641141221
490.0 0.0020301115000620484
491.0 0.0016571768355788663
492.0 0.0012842418982472736
493.0 0.0008963466825662181
494.0 0.0005084519216325134
495.0 0.0009150779078481719
496.0 0.0013217039850133006
497.0 0.0017766260498319753
498.0 0.00223154820560012
499.0 0.0022599253497901373
500.0 0.0022883024939801544
501.0 0.0021903049855609424
502.0 0.002092307659040671
503.0 0.0021933819880359806
504.0 0.00229445613513235
505.0 0.002968517037515994
506.0 0.0036425779398996383
507.0 0.0024939181457739323
508.0 0.0013452575331029948
509.0 0.0016108711861306801
510.0 0.0018764843844110146
511.0 0.0018864609955926426
512.0 0.0018964374248753302
513.0 0.0017363558072247542
514.0 0.0015762747352709994
515.0 0.001421550041413866
516.0 0.0012668253475567326
517.0 0.0014069685676076915
518.0 0.00154711160575971
519.0 0.0016027574019972235
520.0 0.0016584026525379159
521.0 0.0017285574358538724
522.0 0.0017987118553719483
523.0 0.0016089457858470269
524.0 0.0014191796253726352
525.0 0.001939579306053929
526.0 0.0024599798052804545
527.0 0.002391748785157688
528.0 0.002323518492630683
529.0 0.002569671232777182
530.0 0.002815823972923681
531.0 0.0026742240152088925
532.0 0.002532623693696223
533.0 0.0025634792109485716
534.0 0.002594334182504099
535.0 0.0022946247554500587
536.0 0.0019949151464970782
537.0 0.0023236048946273513
538.0 0.0026522946427576244
539.0 0.003226562694180757
540.0 0.0038008303818060085
541.0 0.00390898494515568
542.0 0.004017139144707471
543.0 0.004201618503429927
544.0 0.004386097134556621
545.0 0.004648245158023201
546.0 0.0049103931814897805
547.0 0.004081915903952904
548.0 0.0032534386264160275
549.0 0.003001677578140516
550.0 0.0027499161660671234
551.0 0.0025686307708383538
552.0 0.0023873450118117034
553.0 0.0028788050258299336
554.0 0.0033702643122524023
555.0 0.003583944635465741
556.0 0.00379762495867908
557.0 0.003739718158612959
558.0 0.003681811722344719
559.0 0.003647897028713487
560.0 0.0036139823350822553
561.0 0.00377988581021782
562.0 0.003945788921555504
563.0 0.0033863278076751158
564.0 0.0028268663299968466
565.0 0.0036870034819003195
566.0 0.004547140997601673
567.0 0.004760254887514748
568.0 0.004973369141225703
569.0 0.0057664834457682446
570.0 0.006559597386512905
571.0 0.006649908027611673
572.0 0.006740219396306202
573.0 0.006824771116953343
574.0 0.006909323565196246
575.0 0.006552126433234662
576.0 0.006194929301273078
577.0 0.005690292528015561
578.0 0.005185656118555926
579.0 0.005574897295446135
580.0 0.005964139199932106
581.0 0.006724757986376062
582.0 0.007485375681426376
583.0 0.008587007323512807
584.0 0.009688636055216193
585.0 0.010034891602117568
586.0 0.010381149331806228
587.0 0.010346388444304466
588.0 0.01031162537401542
589.0 0.010506890976103023
590.0 0.010702158760977909
591.0 0.00986633967841044
592.0 0.009030519868247211
593.0 0.007350567466346547
594.0 0.005670617247233167
595.0 0.00562827117391862
596.0 0.005585925828199834
597.0 0.00597763319092337
598.0 0.006369340553646907
599.0 0.007445707160513848
600.0 0.008522073039785028
601.0 0.009081265307031572
602.0 0.009640455391490832
603.0 0.010474669397808611
604.0 0.011308884131722152
605.0 0.011389544670237228
606.0 0.011470204481156543
607.0 0.00989194813882932
608.0 0.008313693251693621
609.0 0.006452980596804991
610.0 0.004592269397107884
611.0 0.003778775135288015
612.0 0.002965281419164967
613.0 0.003583773286663927
614.0 0.004202264608466066
615.0 0.0046686203859280795
616.0 0.005134976890985854
617.0 0.006508465594379231
618.0 0.007881953933974728
619.0 0.008819350478006527
620.0 0.009756747022038326
621.0 0.010838690650416538
622.0 0.01192063427879475
623.0 0.01177154335891828
624.0 0.011622449528658763
625.0 0.010270156781189144
626.0 0.00891786185093224
627.0 0.007041131902951747
628.0 0.00516440013598185
629.0 0.004264180097379722
630.0 0.0033639596949797124
631.0 0.0027473255613585934
632.0 0.002130691245838534
633.0 0.0023424541723215953
634.0 0.0025542172807035968
635.0 0.0027200669137528166
636.0 0.0028859160011052154
637.0 0.0037184825487202033
638.0 0.004551049278234132
639.0 0.004720686774817295
640.0 0.004890324271400459
641.0 0.005420829984359443
642.0 0.005951335697318427
643.0 0.005568746564676985
644.0 0.005186157068237662
645.0 0.004849334800383076
646.0 0.00451251253252849
647.0 0.003708193253260106
648.0 0.0029038737920927815
649.0 0.0020489598682615906
650.0 0.0011940456715819892
651.0 0.001412993424310116
652.0 0.0016319414498866536
653.0 0.0016023097487050109
654.0 0.0015726778656244278
655.0 0.0015662710211472586
656.0 0.0015598643585690297
657.0 0.0014935199033061508
658.0 0.001427175448043272
659.0 0.0016604246411588974
660.0 0.0018936740161734633
661.0 0.0017603486412554048
662.0 0.0016270232663373463
663.0 0.002294303158123512
664.0 0.002961583413707558
665.0 0.0035008932172786444
666.0 0.004040203202748671
667.0 0.004592177356244065
668.0 0.005144150418345816
669.0 0.005373092426452786
670.0 0.005602031160378829
671.0 0.006142797792563215
672.0 0.006683564424747601
673.0 0.007716248364886269
674.0 0.008748931577429175
675.0 0.008290214464068413
676.0 0.007831498805899173
677.0 0.00624061212874949
678.0 0.0046497254515998065
679.0 0.0030437209716183133
680.0 0.001437717492080992
681.0 0.0005334081379260169
682.0 1.672436603268601e-10
683.0 3.8681338310198043e-05
684.0 0.0004482640633796109
685.0 0.00031227132240019273
686.0 0.00017627866100156098
687.0 9.465015864407178e-05
688.0 1.3021707445659558e-05
689.0 0.00011686599918903084
690.0 0.0002207103079854278
691.0 0.00045817660065949894
692.0 0.0006956428933335701
693.0 0.0005929608960286714
694.0 0.0004902789441985078
695.0 0.0004987647571397247
696.0 0.0005072505700809415
697.0 0.0005140157554706093
698.0 0.0005207808499108069
699.0 0.0005149345270183403
700.0 0.0005090879767521983
701.0 0.00032805207865749253
702.0 0.00014701621466883807
703.0 0.00023977411274245242
704.0 0.000332531999447383
705.0 0.00041970038182626013
706.0 0.0005068685823061969
707.0 5.435133516584756e-05
708.0 1.672436603268601e-10
709.0 1.672436603268601e-10
710.0 7.602953360219544e-05
711.0 0.00030633336791652255
712.0 0.0005366371624404564
713.0 0.00029500029086193535
714.0 5.336339086170483e-05
715.0 0.0002979729288199451
716.0 0.000542582483831211
717.0 0.000389463639294263
718.0 0.0002363448629694176
719.0 0.00046161426325852517
720.0 0.0006868836862850003
721.0 0.00043047812141594477
722.0 0.00017407260202162433
723.0 0.0002102858388752793
724.0 0.0002464990529915667
725.0 0.0003204876747986418
726.0 0.0003944765012420248
727.0 0.00018849644902729779
728.0 1.672436603268601e-10
729.0 0.00014939769243937917
730.0 0.00031627896532882005
731.0 0.00041592170418880414
732.0 0.0005155646704224637
733.0 0.0001386207031828235
734.0 1.672436603268601e-10
735.0 1.672436603268601e-10
736.0 1.672436603268601e-10
737.0 0.0004374452146294061
738.0 0.0010389603630756028
739.0 0.0006027544259268325
740.0 0.00016654817045491654
741.0 7.67860797168396e-05
742.0 1.672436603268601e-10
743.0 1.672436603268601e-10
744.0 1.672436603268601e-10
745.0 0.0002659639903868083
746.0 0.000771359646023484
747.0 0.00038162015698617324
748.0 1.672436603268601e-10
749.0 1.672436603268601e-10
750.0 1.672436603268601e-10
751.0 2.5130294289965605e-06
752.0 6.340291633932793e-05
753.0 0.00026733596314443275
754.0 0.0004712689587904606
755.0 1.672436603268601e-10
756.0 1.672436603268601e-10
757.0 1.672436603268601e-10
758.0 1.672436603268601e-10
759.0 0.0003147327333863359
760.0 0.0009096367648453452
761.0 0.00042563460738165304
762.0 1.672436603268601e-10
763.0 1.672436603268601e-10
764.0 1.672436603268601e-10
765.0 1.672436603268601e-10
766.0 0.00030894766496203374
767.0 1.672436603268601e-10
768.0 1.672436603268601e-10
769.0 1.672436603268601e-10
770.0 1.672436603268601e-10
771.0 1.672436603268601e-10
772.0 1.672436603268601e-10
773.0 0.00029314546736713964
774.0 0.0007690316124353558
775.0 0.0004896918653685134
776.0 0.00021035205008956837
777.0 0.00025532938252581516
778.0 0.0003003067376994295
779.0 0.0005168582447367953
780.0 0.0007334097517741611
781.0 0.0006549839326908113
782.0 0.0005765580681327265
783.0 0.000343592341778276
784.0 0.00011062670637329575
785.0 2.8180198796690092e-05
786.0 1.672436603268601e-10
787.0 0.0004360121693025576
788.0 0.0009262907951779198
789.0 0.0007657895366719458
790.0 0.0006052882781659719
791.0 0.0004262423772161128
792.0 0.0002471963398420485
793.0 0.00045729507291980553
794.0 0.0006673934421996819
795.0 0.0008011481440917123
796.0 0.0009349026186100673
797.0 0.00035859022773365723
798.0 1.672436603268601e-10
799.0 0.0003627192199928686
800.0 0.000943160557653755
801.0 0.0004460927812033333
802.0 1.672436603268601e-10
803.0 0.0002856438413800788
804.0 0.0006222625870577758
805.0 0.0009649053936300334
806.0 0.0013075480637780856
807.0 0.0008584945135226008
808.0 0.0004094407813681755
809.0 0.00010525772040637094
810.0 1.672436603268601e-10
811.0 0.00010646992905094521
812.0 0.0004118652213946916
813.0 0.0008320663255290128
814.0 0.0012522673387138639
815.0 0.0011233326404180843
816.0 0.0009943973964254837
817.0 0.0008679062375449575
818.0 0.0007414150786644313
819.0 0.0008766181053943001
820.0 0.0010118211321241688
821.0 0.0008635288395453244
822.0 0.0007152365469664801
823.0 0.0007136342446756316
824.0 0.0007120322607079288
825.0 0.0006402976850949926
826.0 0.0005685632459062617
827.0 0.00071589311119169
828.0 0.0008632230674265884
829.0 0.00048325555326300673
830.0 0.00010328813004889525
831.0 0.00019882422748196404
832.0 0.00029436052955134073
833.0 0.0004967450877302326
834.0 0.0006991296686464921
835.0 0.00010280892865921487
836.0 1.672436603268601e-10
837.0 1.672436603268601e-10
838.0 9.629405894884258e-05
839.0 0.0004270267254469218
840.0 0.000757759289626847
841.0 0.0010376736099715345
842.0 0.0013175877938920166
843.0 0.0008411045200773515
844.0 0.00036462099615164334
845.0 0.00042265933188900817
846.0 0.00048069759941427037
847.0 0.0007495855697925435
848.0 0.0010184734492213465
849.0 0.0009030900400830433
850.0 0.0007877061761973891
851.0 0.0011791511496994644
852.0 0.00157059621415101
853.0 0.0005669294296239968
854.0 1.672436603268601e-10
855.0 1.672436603268601e-10
856.0 1.672436603268601e-10
857.0 0.0002769481852737954
858.0 0.0013709966879105195
859.0 0.0012408704606059473
860.0 0.0011107437785540242
861.0 0.0011888475455634762
862.0 0.0012669514035223983
863.0 0.0015039691788842902
864.0 0.0017409867723472416
865.0 0.0018796559743350372
866.0 0.0020183251763228327
867.0 0.0026704934498411603
868.0 0.0033226613595616072
869.0 0.003025997466465924
870.0 0.0027293330276734196
871.0 0.003321186886751093
872.0 0.003913040927727707
873.0 0.002866261638700962
874.0 0.0018194825315731578
875.0 0.0025466068109381013
876.0 0.0032737309084041044
