lsstCam/transmission_filter_detector/r03_s11/y_10/19700101T000000.ecsv
# %ECSV 1.0
# ---
# datatype:
# - {name: wavelength, unit: nm, datatype: float32}
# - {name: efficiency, unit: '%', datatype: float64}
# meta: !!omap
# - {MODE: DETECTOR}
# - {TYPE: transmission_filter_detector}
# - {CALIBDATE: '1970-01-01T00:00:00'}
# - {INSTRUME: LSSTCam}
# - {OBSTYPE: transmission_filter_detector}
# - {CALIBCLS: lsst.ip.isr.IntermediateFilterDetectorTransmissionCurve}
# - {SOURCE: Materion (DM-46256)}
# - {DETECTOR: 22}
# - {FILTER: y_10}
# - {CALIB_ID: 'calibDate=1970-01-01T00:00:00 filter=y_10 detector=22'}
# - {DATE: '2025-04-02T15:59:50.842955'}
# - {CALIB_CREATION_DATE: '2025-04-02'}
# - {CALIB_CREATION_TIME: '15:59:50'}
# - __serialized_columns__:
#     efficiency:
#       __class__: astropy.units.quantity.Quantity
#       unit: !astropy.units.Unit {unit: '%'}
#       value: !astropy.table.SerializedColumn {name: efficiency}
#     wavelength:
#       __class__: astropy.units.quantity.Quantity
#       unit: !astropy.units.Unit {unit: nm}
#       value: !astropy.table.SerializedColumn {name: wavelength}
# schema: astropy-2.0
wavelength efficiency
[from data line 578]
878.0 0.0006599423613806721
879.0 0.0017504091374576092
880.0 0.05180643638595939
881.0 0.0822266680188477
882.0 0.05990841891616583
883.0 0.08823297102935612
884.0 0.06832306389696896
885.0 0.08568535558879375
886.0 0.06604657392017543
887.0 0.09101133910007775
888.0 0.06285996059887111
889.0 0.09017943521030247
890.0 0.06967523950152099
891.0 0.10007070377469063
892.0 0.056407495867460966
893.0 0.09296886273659766
894.0 0.07122417446225882
895.0 0.10364529443904757
896.0 0.0698096991982311
897.0 0.11215030681341887
898.0 0.07253529620356858
899.0 0.10485865641385317
900.0 0.08808985003270209
901.0 0.11463306145742536
902.0 0.1329456572420895
903.0 0.13317386619746685
904.0 0.1320209470577538
905.0 0.15675912145525217
906.0 0.19769850187003613
907.0 0.24133496917784214
908.0 0.3062328789383173
909.0 0.3757640952244401
910.0 0.5261309910565615
911.0 0.7001911755651236
912.0 1.0032400488853455
913.0 1.480418536812067
914.0 2.087661251425743
915.0 3.065759316086769
916.0 4.336152225732803
917.0 5.88805228471756
918.0 7.838675379753113
919.0 9.833228588104248
920.0 12.715736031532288
921.0 15.778030455112457
922.0 18.746645748615265
923.0 22.148340940475464
924.0 25.76949894428253
925.0 29.775243997573853
926.0 34.79011952877045
927.0 40.53296446800232
928.0 45.95002830028534
929.0 52.10193991661072
930.0 57.981938123703
931.0 64.20994997024536
932.0 70.42769193649292
933.0 76.23932361602783
934.0 80.9614896774292
935.0 84.7513198852539
936.0 88.02206516265869
937.0 90.51869511604309
938.0 92.45079755783081
939.0 93.62900257110596
940.0 94.47182416915894
941.0 94.9964165687561
942.0 95.50139904022217
943.0 95.83012461662292
944.0 96.26358151435852
945.0 96.47324085235596
946.0 96.67719602584839
947.0 96.81646823883057
948.0 96.9960629940033
949.0 96.98468446731567
950.0 97.00485467910767
951.0 97.02028036117554
952.0 96.99771404266357
953.0 97.13107347488403
954.0 97.13566303253174
955.0 97.14701175689697
956.0 97.41738438606262
957.0 97.60481119155884
958.0 97.74848222732544
959.0 97.91207909584045
960.0 98.06228280067444
961.0 98.19093346595764
962.0 98.34771752357483
963.0 98.39427471160889
964.0 98.51340651512146
965.0 98.57347011566162
966.0 98.6794114112854
967.0 98.74295592308044
968.0 98.73908758163452
969.0 98.73319268226624
970.0 98.7748920917511
971.0 98.82047772407532
972.0 98.86833429336548
973.0 98.92665147781372
974.0 98.95806312561035
975.0 98.94327521324158
976.0 98.97893071174622
977.0 98.97565841674805
978.0 99.05046224594116
979.0 98.99446964263916
980.0 99.01718497276306
981.0 98.92891049385071
982.0 98.89386892318726
983.0 98.92510175704956
984.0 98.8865613937378
985.0 98.90813827514648
986.0 98.7713634967804
987.0 98.83378148078918
988.0 98.70238900184631
989.0 98.66213202476501
990.0 98.60438704490662
991.0 98.5933005809784
992.0 98.63172173500061
993.0 98.57508540153503
994.0 98.5133409500122
995.0 98.55814576148987
996.0 98.52824807167053
997.0 98.63780736923218
998.0 98.67551922798157
999.0 98.6957311630249
1000.0 98.76121878623962
1001.0 98.72684478759766
1002.0 98.86342883110046
1003.0 98.88880252838135
1004.0 98.96255135536194
1005.0 98.9469826221466
1006.0 99.08896088600159
1007.0 99.0816593170166
1008.0 99.09006357192993
1009.0 99.01342391967773
1010.0 99.08197522163391
1011.0 99.06808733940125
1012.0 99.02558922767639
1013.0 99.00249242782593
1014.0 99.0197479724884
1015.0 98.9529013633728
1016.0 98.90360832214355
1017.0 98.91695380210876
1018.0 98.98913502693176
1019.0 98.85338544845581
1020.0 98.91120791435242
1021.0 98.97170066833496
1022.0 98.86101484298706
1023.0 98.90204071998596
1024.0 98.88584613800049
1025.0 98.81477952003479
1026.0 98.90919923782349
1027.0 99.02063012123108
1028.0 98.93276691436768
1029.0 99.03004169464111
1030.0 99.06689524650574
1031.0 99.07949566841125
1032.0 99.031001329422
1033.0 99.05396699905396
1034.0 99.01769161224365
1035.0 99.10069704055786
1036.0 99.05760288238525
1037.0 99.02861714363098
1038.0 99.01366233825684
1039.0 98.92937541007996
1040.0 98.90326857566833
1041.0 99.01761412620544
1042.0 98.95473718643188
1043.0 98.85128736495972
1044.0 98.94354343414307
1045.0 98.5612690448761
1046.0 98.87736439704895
1047.0 98.73883128166199
1048.0 98.7253189086914
1049.0 98.68507981300354
1050.0 98.71935248374939
1051.0 98.6767828464508
1052.0 98.63665699958801
1053.0 98.53390455245972
1054.0 98.7841546535492
1055.0 98.81144762039185
1056.0 98.7508475780487
1057.0 98.8183856010437
1058.0 98.64500761032104
1059.0 98.69784116744995
1060.0 98.75138401985168
1061.0 98.68943691253662
1062.0 98.79440069198608
1063.0 98.76033067703247
1064.0 98.95707368850708
1065.0 98.83776307106018
1066.0 98.80266785621643
1067.0 98.88931512832642
1068.0 98.91166687011719
1069.0 98.70755672454834
1070.0 99.1119921207428
1071.0 98.89928102493286
1072.0 98.91383051872253
1073.0 98.99960160255432
1074.0 98.72196912765503
1075.0 98.77924919128418
1076.0 98.40598702430725
1077.0 98.79819750785828
1078.0 99.06551837921143
1079.0 98.47059845924377
1080.0 99.21858310699463
1081.0 98.4878659248352
1082.0 98.51686954498291
1083.0 98.53914380073547
1084.0 98.81859421730042
1085.0 98.91727566719055
1086.0 98.64281415939331
1087.0 98.80149960517883
1088.0 98.64652752876282
1089.0 98.31106066703796
1090.0 98.6462652683258
1091.0 98.58291745185852
1092.0 98.66591691970825
1093.0 98.66463541984558
1094.0 98.36589694023132
1095.0 98.28835725784302
1096.0 98.53251576423645
1097.0 98.24671149253845
1098.0 97.57435917854309
1099.0 98.60223531723022
1100.0 98.16182851791382
