lsstCam/transmission_filter_detector/r42_s12/u_24/19700101T000000.ecsv
# %ECSV 1.0
# ---
# datatype:
# - {name: wavelength, unit: nm, datatype: float32}
# - {name: efficiency, unit: '%', datatype: float64}
# meta: !!omap
# - {MODE: DETECTOR}
# - {TYPE: transmission_filter_detector}
# - {CALIBDATE: '1970-01-01T00:00:00'}
# - {INSTRUME: LSSTCam}
# - {OBSTYPE: transmission_filter_detector}
# - {CALIBCLS: lsst.ip.isr.IntermediateFilterDetectorTransmissionCurve}
# - {SOURCE: Materion (DM-46256)}
# - {DETECTOR: 176}
# - {FILTER: u_24}
# - {CALIB_ID: 'calibDate=1970-01-01T00:00:00 filter=u_24 detector=176'}
# - {DATE: '2025-04-02T15:59:40.566589'}
# - {CALIB_CREATION_DATE: '2025-04-02'}
# - {CALIB_CREATION_TIME: '15:59:40'}
# - __serialized_columns__:
#     efficiency:
#       __class__: astropy.units.quantity.Quantity
#       unit: !astropy.units.Unit {unit: '%'}
#       value: !astropy.table.SerializedColumn {name: efficiency}
#     wavelength:
#       __class__: astropy.units.quantity.Quantity
#       unit: !astropy.units.Unit {unit: nm}
#       value: !astropy.table.SerializedColumn {name: wavelength}
# schema: astropy-2.0
wavelength efficiency
295.0 1.636259487278191e-10
296.0 1.636259487278191e-10
297.0 1.636259487278191e-10
298.0 1.636259487278191e-10
299.0 1.636259487278191e-10
300.0 1.636259487278191e-10
301.0 0.0672427995596081
302.0 1.636259487278191e-10
303.0 0.13419181341305375
304.0 0.28750263154506683
305.0 0.7510778959840536
306.0 2.348976209759712
307.0 3.966047614812851
308.0 6.386140733957291
309.0 9.6934974193573
310.0 13.479854166507721
311.0 17.116357386112213
312.0 20.921358466148376
313.0 24.231429398059845
314.0 26.917949318885803
315.0 29.47189211845398
316.0 31.69284164905548
317.0 34.32241976261139
318.0 37.57941424846649
319.0 41.75323843955994
320.0 47.62537479400635
321.0 53.21053862571716
322.0 59.09443497657776
323.0 64.35386538505554
324.0 68.53330731391907
325.0 71.24301195144653
326.0 73.61283302307129
327.0 75.41956901550293
328.0 77.12119221687317
329.0 78.45142483711243
330.0 79.63845133781433
331.0 80.19541501998901
332.0 80.45668005943298
333.0 80.60801029205322
334.0 80.53808212280273
335.0 80.83298802375793
336.0 81.13634586334229
337.0 81.76300525665283
338.0 82.63702988624573
339.0 83.19721817970276
340.0 83.50449204444885
341.0 83.99650454521179
342.0 84.2592179775238
343.0 84.20870304107666
344.0 84.48545932769775
345.0 84.86248254776001
346.0 85.1682722568512
347.0 85.57600378990173
348.0 85.80600023269653
349.0 85.96938252449036
350.0 86.09254956245422
351.0 86.24804615974426
352.0 86.1741304397583
353.0 86.10450029373169
354.0 86.07608079910278
355.0 86.23014092445374
356.0 86.39699816703796
357.0 86.34148240089417
358.0 85.97164750099182
359.0 85.68958640098572
360.0 85.54763197898865
361.0 85.227370262146
362.0 85.06454229354858
363.0 85.19182205200195
364.0 85.30657887458801
365.0 85.75063943862915
366.0 85.99135875701904
367.0 86.10215187072754
368.0 86.14397644996643
369.0 86.30674481391907
370.0 86.11059188842773
371.0 85.99841594696045
372.0 86.05787754058838
373.0 86.31181120872498
374.0 86.29084825515747
375.0 86.6005539894104
376.0 86.76754236221313
377.0 86.85840964317322
378.0 86.96609735488892
379.0 86.53257489204407
380.0 85.6946051120758
381.0 84.27705764770508
382.0 82.35982060432434
383.0 80.3171157836914
384.0 78.23559045791626
385.0 75.72352886199951
386.0 73.11919331550598
387.0 69.59174871444702
388.0 66.03619456291199
389.0 61.67895793914795
390.0 57.43207931518555
391.0 53.10068130493164
392.0 48.6667662858963
393.0 45.01083195209503
394.0 41.627246141433716
395.0 37.81694769859314
396.0 33.71429443359375
397.0 28.212076425552368
398.0 21.92162275314331
399.0 15.048517286777496
400.0 9.109830856323242
401.0 4.680565744638443
402.0 1.8495423719286919
403.0 0.5741300992667675
404.0 0.23361621424555779
405.0 0.10414967546239495
406.0 0.029867890407331288
407.0 0.02488709578756243
408.0 1.636259487278191e-10
409.0 1.636259487278191e-10
410.0 1.636259487278191e-10
411.0 1.636259487278191e-10
412.0 1.636259487278191e-10
413.0 1.636259487278191e-10
414.0 1.636259487278191e-10
415.0 1.636259487278191e-10
416.0 1.636259487278191e-10
417.0 1.636259487278191e-10
418.0 1.636259487278191e-10
419.0 1.636259487278191e-10
420.0 1.636259487278191e-10
421.0 1.636259487278191e-10
422.0 1.636259487278191e-10
423.0 1.636259487278191e-10
424.0 1.636259487278191e-10
425.0 1.636259487278191e-10
426.0 1.636259487278191e-10
427.0 1.636259487278191e-10
428.0 1.636259487278191e-10
429.0 1.636259487278191e-10
430.0 1.636259487278191e-10
431.0 1.636259487278191e-10
432.0 1.636259487278191e-10
433.0 1.636259487278191e-10
434.0 1.636259487278191e-10
435.0 0.0003002252697115182
436.0 0.0006994695468165446
437.0 1.636259487278191e-10
438.0 1.636259487278191e-10
439.0 1.636259487278191e-10
440.0 1.636259487278191e-10
441.0 1.636259487278191e-10
442.0 0.0006124198534962488
443.0 0.00040465993151883595
444.0 0.00019689969121827744
445.0 0.00010599317192827584
446.0 1.5086419580256916e-05
447.0 1.636259487278191e-10
448.0 1.636259487278191e-10
449.0 1.636259487278191e-10
450.0 0.0011590087524382398
451.0 0.0007782321517879609
452.0 0.0003974554147134768
453.0 0.0004666541371989297
454.0 0.000535853087058058
455.0 0.0004696956693805987
456.0 0.0004035382517031394
457.0 0.00036877415823255433
458.0 0.0003340102011861745
459.0 1.636259487278191e-10
460.0 1.636259487278191e-10
461.0 1.636259487278191e-10
462.0 1.636259487278191e-10
463.0 1.636259487278191e-10
464.0 1.636259487278191e-10
465.0 1.636259487278191e-10
466.0 1.636259487278191e-10
467.0 0.000291276819552877
468.0 0.0009179590961139183
469.0 0.00020408226646395633
470.0 1.636259487278191e-10
471.0 1.636259487278191e-10
472.0 1.636259487278191e-10
473.0 1.636259487278191e-10
474.0 1.636259487278191e-10
475.0 1.636259487278191e-10
476.0 1.636259487278191e-10
477.0 1.636259487278191e-10
478.0 1.636259487278191e-10
479.0 1.636259487278191e-10
480.0 1.636259487278191e-10
481.0 1.636259487278191e-10
482.0 0.0003101968786722864
483.0 0.0001252538822882343
484.0 1.636259487278191e-10
485.0 1.636259487278191e-10
486.0 1.636259487278191e-10
487.0 1.636259487278191e-10
488.0 1.636259487278191e-10
489.0 1.636259487278191e-10
490.0 1.636259487278191e-10
491.0 4.915071940558846e-05
492.0 0.00031645224680687534
493.0 0.00039677579479757696
494.0 0.00047709932005091105
495.0 0.0003635321945694159
496.0 0.0002499650008758181
497.0 1.636259487278191e-10
498.0 1.636259487278191e-10
499.0 1.636259487278191e-10
500.0 1.636259487278191e-10
501.0 1.636259487278191e-10
502.0 1.636259487278191e-10
503.0 0.00016442514834125177
504.0 0.0003900958745362004
505.0 1.636259487278191e-10
506.0 1.636259487278191e-10
507.0 1.636259487278191e-10
508.0 0.00015391875649584108
509.0 1.636259487278191e-10
510.0 1.636259487278191e-10
511.0 1.636259487278191e-10
512.0 1.636259487278191e-10
513.0 1.636259487278191e-10
514.0 1.636259487278191e-10
515.0 1.636259487278191e-10
516.0 1.636259487278191e-10
517.0 1.636259487278191e-10
518.0 1.636259487278191e-10
519.0 1.636259487278191e-10
520.0 1.636259487278191e-10
521.0 1.636259487278191e-10
522.0 1.636259487278191e-10
523.0 1.636259487278191e-10
524.0 1.636259487278191e-10
525.0 1.636259487278191e-10
526.0 1.636259487278191e-10
527.0 1.636259487278191e-10
528.0 1.636259487278191e-10
529.0 1.636259487278191e-10
530.0 1.636259487278191e-10
531.0 1.636259487278191e-10
532.0 9.483812277721881e-05
533.0 8.122935355459049e-05
534.0 6.762049338249199e-05
535.0 3.00099486594263e-05
536.0 1.636259487278191e-10
537.0 1.636259487278191e-10
538.0 1.636259487278191e-10
539.0 1.636259487278191e-10
540.0 1.636259487278191e-10
541.0 1.636259487278191e-10
542.0 1.636259487278191e-10
543.0 1.636259487278191e-10
544.0 1.636259487278191e-10
545.0 1.636259487278191e-10
546.0 0.00010707749424909707
547.0 1.636259487278191e-10
548.0 1.636259487278191e-10
549.0 1.636259487278191e-10
550.0 1.636259487278191e-10
551.0 1.636259487278191e-10
552.0 1.636259487278191e-10
553.0 1.636259487278191e-10
554.0 1.636259487278191e-10
555.0 1.636259487278191e-10
556.0 1.636259487278191e-10
557.0 1.636259487278191e-10
558.0 6.578978855031892e-05
559.0 1.636259487278191e-10
560.0 1.636259487278191e-10
561.0 1.636259487278191e-10
562.0 1.636259487278191e-10
563.0 1.636259487278191e-10
564.0 0.00011565721251827199
565.0 4.238624455865647e-05
566.0 1.636259487278191e-10
567.0 0.0001680021910033247
568.0 0.00036688909403892467
569.0 0.00024472494715155335
570.0 0.00012256076615813072
571.0 0.00023773422981321346
572.0 0.0003529077275743475
573.0 0.000331824344357301
574.0 0.00031074098387762206
575.0 0.0002888051312766038
576.0 0.00026686918772611534
577.0 0.00029542725314968266
578.0 0.0003239853867853526
579.0 0.0006069142273190664
580.0 0.00088984297690331
581.0 0.0007974588697834406
582.0 0.0007050747171888361
583.0 0.0007689340236538555
584.0 0.0008327934665430803
585.0 0.0007256355274876114
586.0 0.0006184776793816127
587.0 0.0006476393082266441
588.0 0.0006768009370716754
589.0 0.0004818709385290276
590.0 0.0002869409399863798
591.0 0.0005080743903818075
592.0 0.0007292077498277649
593.0 0.0006648447651969036
594.0 0.0006004817350913072
595.0 0.0008347000402864069
596.0 0.0010689183000067715
597.0 0.0014851127161819022
598.0 0.0019013074052054435
599.0 0.0019932993382099085
600.0 0.0020852912712143734
601.0 0.002228807170467917
602.0 0.00237232288782252
603.0 0.0023008298740023747
604.0 0.00222933722398011
605.0 0.0019847688236040995
606.0 0.0017402004232280888
607.0 0.0013738851521338802
608.0 0.0010075696991407312
609.0 0.000878202172316378
610.0 0.0007488349183404353
611.0 0.0005212901214690646
612.0 0.0002937452336482238
613.0 0.00047706116674817167
614.0 0.0006603770543733845
615.0 0.0005177277671464253
616.0 0.0003750784344447311
617.0 0.00036114627164351987
618.0 0.00034721406336757354
619.0 0.00047802332119317725
620.0 0.0006088325335440459
621.0 0.0005773647899331991
622.0 0.0005458970008476172
623.0 0.0006381403636623872
624.0 0.0007303837264771573
625.0 0.0009020975085149985
626.0 0.0010738112905528396
627.0 0.0010836929504876025
628.0 0.0010935746104223654
629.0 0.0014499202734441496
630.0 0.001806265936465934
631.0 0.0019848237570840865
632.0 0.0021633817596011795
633.0 0.0023666139895794913
634.0 0.0025698464014567435
635.0 0.002612743992358446
636.0 0.002655641219462268
637.0 0.0024929457140387967
638.0 0.002330250026716385
639.0 0.002093026341754012
640.0 0.0018558024748926982
641.0 0.001596542824700009
642.0 0.0013372829926083796
643.0 0.000793478284322191
644.0 0.0002496736897228402
645.0 0.00020612751541193575
646.0 0.00016258123878287734
647.0 0.00021903572360315593
648.0 0.0002754901743173832
649.0 0.00044796297515858896
650.0 0.0006204356850503245
651.0 0.0009608806067262776
652.0 0.0013013254829274956
653.0 0.0013608708286483306
654.0 0.0014204159924702253
655.0 0.001897707988973707
656.0 0.0023750000764266588
657.0 0.002906042391259689
658.0 0.0034370848879916593
659.0 0.0034644646802917123
660.0 0.003491844836389646
661.0 0.0031184616091195494
662.0 0.0027450781999505125
663.0 0.0022914271539775655
664.0 0.0018377757442067377
665.0 0.001629911275813356
666.0 0.0014220468983694445
667.0 0.0011563106454559602
668.0 0.0008905745744414162
669.0 0.000771274517319398
670.0 0.0006519742782984395
671.0 0.0006265356660151156
672.0 0.0006010970992065268
673.0 0.0007402917162835365
674.0 0.0008794863788352814
675.0 0.0010963828572130296
676.0 0.0013132792446413077
677.0 0.0018649707271833904
678.0 0.002416662209725473
679.0 0.0033111355151049793
680.0 0.004205609002383426
681.0 0.005933414649916813
682.0 0.007661221025045961
683.0 0.00917423894861713
684.0 0.010687257599784061
685.0 0.0103238235169556
686.0 0.00996039088931866
687.0 0.008818959759082645
688.0 0.007677529356442392
689.0 0.006628279516007751
690.0 0.005579030403168872
691.0 0.004679402627516538
692.0 0.0037797755794599652
693.0 0.0029745602660113946
694.0 0.002169345498259645
695.0 0.0016780893929535523
696.0 0.0011868337423948105
697.0 0.0010733390809036791
698.0 0.0009598443284630775
699.0 0.0008156225703714881
700.0 0.0006714006758556934
701.0 0.0006890320946695283
702.0 0.0007066634680086281
703.0 0.0006498462880699662
704.0 0.0005930290626565693
705.0 0.000596645986661315
706.0 0.0006002630470902659
707.0 0.0007392507541226223
708.0 0.0008782386430539191
709.0 0.0008601233275840059
710.0 0.0008420081030635629
711.0 0.0008635443919047248
712.0 0.0008850806807458866
713.0 0.0007752480087219737
714.0 0.0006654152912233258
715.0 0.0005797287485620473
716.0 0.0004940421149512986
717.0 0.00044111752686148975
718.0 0.0003881927568727406
719.0 0.00037429235817398876
720.0 0.00036039186852576677
721.0 0.0001651593265705742
722.0 1.636259487278191e-10
723.0 0.00014968610457799514
724.0 0.00032944551549007883
725.0 0.0003711563749675406
726.0 0.00041286730265710503
727.0 0.0004571335011860356
728.0 0.0005013995178160258
729.0 0.000257926831181976
730.0 1.4454055019541556e-05
731.0 0.00019532108126441017
732.0 0.00037618810893036425
733.0 0.0004543132490653079
734.0 0.0005324382527760463
735.0 0.00045441670408763457
736.0 0.0003763950189750176
737.0 0.0004979432105756132
738.0 0.0006194914021762088
739.0 0.00102942240118864
740.0 0.0014393534911505412
741.0 0.0019020650142920204
742.0 0.0023647766283829696
743.0 0.002835779741872102
744.0 0.0033067830372601748
745.0 0.003631778236012906
746.0 0.003956773434765637
747.0 0.004081302904523909
748.0 0.004205832374282181
749.0 0.004133205584366806
750.0 0.004060579158249311
751.0 0.003944283162127249
752.0 0.0038279871660051867
753.0 0.0036050794733455405
754.0 0.003382172144483775
755.0 0.00302777043543756
756.0 0.0026733689082902856
757.0 0.0020043939002789557
758.0 0.0013354187103686854
759.0 0.0011901498510269448
760.0 0.0010448810826346744
761.0 0.0008958184480434284
762.0 0.0007467558589269174
763.0 0.000654774976283079
764.0 0.0005627941845887108
765.0 0.0005950520062469877
766.0 0.0006273098733799998
767.0 0.0004956248631060589
768.0 0.0003639399210442207
769.0 0.00044685789362119976
770.0 0.0005297758889355464
771.0 0.0006598906111321412
772.0 0.0007900052878540009
773.0 0.0009245880391972605
774.0 0.0010591706086415797
775.0 0.0007962815288919955
776.0 0.0005333924491424114
777.0 0.0006774279881938128
778.0 0.000821463436295744
779.0 0.0009114162821788341
780.0 0.001001369037112454
781.0 0.0011993690350209363
782.0 0.0013973688510304783
783.0 0.001254565631825244
784.0 0.0011117627764178906
785.0 0.0012469233297451865
786.0 0.0013820839740219526
787.0 0.001181223433377454
788.0 0.0009803628927329555
789.0 0.0010906046554737259
790.0 0.0012008464182144962
791.0 0.001051002436724957
792.0 0.0009011585461848881
793.0 0.0007563251529063564
794.0 0.0006114915322541492
795.0 0.0006049885996617377
796.0 0.0005984856670693262
797.0 0.00041532889554218855
798.0 0.0002321722604392562
799.0 0.00019385818177397596
800.0 0.00015554415995211457
801.0 0.00012787273817593814
802.0 0.00010020148693001829
803.0 8.659987571491001e-06
804.0 1.636259487278191e-10
805.0 1.636259487278191e-10
806.0 1.0019453711151982e-06
807.0 0.00012057209914928535
808.0 0.00024014225346036255
809.0 0.00027550183858693345
810.0 0.0003108614009761368
811.0 0.00042175788621534593
812.0 0.0005326544396666577
813.0 0.0003647308631116175
814.0 0.00019680721834447468
815.0 0.0002761415771601605
816.0 0.0003554759132384788
817.0 0.00020104466784687247
818.0 4.661348214085592e-05
819.0 0.00022176773200044408
820.0 0.0003969219505961519
821.0 0.00037312149743229384
822.0 0.0003493209305815981
823.0 0.00027727123779186513
824.0 0.00020522168142633745
825.0 0.00023817847250029445
826.0 0.00027113505893794354
827.0 2.654628588061314e-05
828.0 1.636259487278191e-10
829.0 1.636259487278191e-10
830.0 7.232421239677933e-05
831.0 2.1119618054399325e-05
832.0 1.636259487278191e-10
833.0 1.1449263581653213e-05
834.0 5.298355176819314e-05
835.0 1.636259487278191e-10
836.0 1.636259487278191e-10
837.0 1.636259487278191e-10
838.0 1.636259487278191e-10
839.0 1.636259487278191e-10
840.0 1.636259487278191e-10
841.0 1.636259487278191e-10
842.0 1.636259487278191e-10
843.0 1.636259487278191e-10
844.0 1.636259487278191e-10
845.0 1.636259487278191e-10
846.0 1.636259487278191e-10
847.0 0.00020714348920591874
848.0 0.0004230488684697775
849.0 0.0003338343958603218
850.0 0.0002446198550387635
851.0 0.00023798763777449494
852.0 0.00023135530682338867
853.0 0.0005446651357488008
854.0 0.0008579751010984182
855.0 0.0009169181794277392
856.0 0.0009758615306054708
857.0 0.0009602320460544433
858.0 0.0009446024705539457
859.0 0.0010339348591514863
860.0 0.0011232670658500865
861.0 0.0013100104297336657
862.0 0.0014967537936172448
863.0 0.0016151732779690064
864.0 0.0017335929442197084
865.0 0.0015061761587276123
866.0 0.0012787596460839268
867.0 0.0014715380530105904
868.0 0.0016643163689877838
869.0 0.001832212547014933
870.0 0.0020001089069410227
871.0 0.0020997222236474045
872.0 0.002199335358454846
873.0 0.0024615399524918757
874.0 0.0027237449103267863
875.0 0.0025915929654729553
876.0 0.002459441020619124
877.0 0.002750162639131304
878.0 0.0030408842576434836
879.0 0.003151358396280557
880.0 0.003261831807321869
