lsstCam/transmission_filter_detector/r42_s12/u_24/19700101T000000.ecsv
# %ECSV 1.0
# ---
# datatype:
# - {name: wavelength, unit: nm, datatype: float32}
# - {name: efficiency, unit: '%', datatype: float64}
# meta: !!omap
# - {MODE: DETECTOR}
# - {TYPE: transmission_filter_detector}
# - {CALIBDATE: '1970-01-01T00:00:00'}
# - {INSTRUME: LSSTCam}
# - {OBSTYPE: transmission_filter_detector}
# - {CALIBCLS: lsst.ip.isr.IntermediateFilterDetectorTransmissionCurve}
# - {SOURCE: Materion (DM-46256)}
# - {DETECTOR: 176}
# - {FILTER: u_24}
# - {CALIB_ID: 'calibDate=1970-01-01T00:00:00 filter=u_24 detector=176'}
# - {DATE: '2025-04-02T15:59:40.566589'}
# - {CALIB_CREATION_DATE: '2025-04-02'}
# - {CALIB_CREATION_TIME: '15:59:40'}
# - __serialized_columns__:
#     efficiency:
#       __class__: astropy.units.quantity.Quantity
#       unit: !astropy.units.Unit {unit: '%'}
#       value: !astropy.table.SerializedColumn {name: efficiency}
#     wavelength:
#       __class__: astropy.units.quantity.Quantity
#       unit: !astropy.units.Unit {unit: nm}
#       value: !astropy.table.SerializedColumn {name: wavelength}
# schema: astropy-2.0
wavelength efficiency
[from data line 587]
882.0 0.0031363058951683342
883.0 0.003148988980683498
884.0 0.003161672066198662
885.0 0.0031667401344748214
886.0 0.003171808202750981
887.0 0.0031527197279501706
888.0 0.003133631616947241
889.0 0.0030372475521289743
890.0 0.0029408629416138865
891.0 0.00295411537081236
892.0 0.002967367436212953
893.0 0.003169643969158642
894.0 0.0033719203202053905
895.0 0.003099823516095057
896.0 0.002827726711984724
897.0 0.003043533615709748
898.0 0.0032593405194347724
899.0 0.0034083412174368277
900.0 0.003557341915438883
901.0 0.003909999577444978
902.0 0.004262657239451073
903.0 0.004601580076268874
904.0 0.004940502913086675
905.0 0.00497645560244564
906.0 0.0050124079280067235
907.0 0.00535711005795747
908.0 0.005701811824110337
909.0 0.0055550899560330436
910.0 0.0054083680879557505
911.0 0.005500838597072288
912.0 0.0055933087423909456
913.0 0.00552897690795362
914.0 0.005464645437314175
915.0 0.005258018791209906
916.0 0.005051392145105638
917.0 0.005132572186994366
918.0 0.005213752228883095
919.0 0.005188872819417156
920.0 0.0051639934099512175
921.0 0.004987784996046685
922.0 0.004811576582142152
923.0 0.004911945870844647
924.0 0.005012314795749262
925.0 0.00535557592229452
926.0 0.005698837412637658
927.0 0.006099082384025678
928.0 0.006499326991615817
929.0 0.006768850289518014
930.0 0.00703837358742021
931.0 0.007222448766697198
932.0 0.0074065246735699475
933.0 0.007440305489581078
934.0 0.007474086305592209
935.0 0.00757654124754481
936.0 0.007678996189497411
937.0 0.007367013313341886
938.0 0.00705503043718636
939.0 0.00675719857099466
940.0 0.006459367432398722
941.0 0.005834025432704948
942.0 0.0052086830692132935
943.0 0.004648092726711184
944.0 0.004087502748006955
945.0 0.003691697202157229
946.0 0.0032958916563075036
947.0 0.0029435057513182983
948.0 0.0025911196644301526
949.0 0.00216516200453043
950.0 0.001739204344630707
951.0 0.0018170490875490941
952.0 0.0018948940123664215
953.0 0.0018814038412529044
954.0 0.0018679133063415065
955.0 0.0018597060261527076
956.0 0.0018514985640649684
957.0 0.001935245563799981
958.0 0.0020189923816360533
959.0 0.0023395503376377746
960.0 0.0026601079298416153
961.0 0.003092121914960444
962.0 0.0035241362638771534
963.0 0.0037593905290123075
964.0 0.003994644794147462
965.0 0.004359096419648267
966.0 0.004723548045149073
967.0 0.00483091534988489
968.0 0.004938282654620707
969.0 0.0049113426939584315
970.0 0.004884402369498275
971.0 0.005088833859190345
972.0 0.005293264985084534
973.0 0.005117824912304059
974.0 0.004942384475725703
975.0 0.004728595740743913
976.0 0.004514807369560003
977.0 0.00432738997915294
978.0 0.004139972588745877
979.0 0.003840847421088256
980.0 0.0035417226172285154
981.0 0.003474993718555197
982.0 0.0034082651836797595
983.0 0.0032508865842828527
984.0 0.0030935083486838266
985.0 0.0032786283554742113
986.0 0.003463747998466715
987.0 0.003938570444006473
988.0 0.004413393253344111
989.0 0.004723139136331156
990.0 0.005032885383116081
991.0 0.005623866309178993
992.0 0.006214847962837666
993.0 0.00650023648631759
994.0 0.0067856250097975135
995.0 0.007016301242401823
996.0 0.0072469760198146105
997.0 0.007148845179472119
998.0 0.007050712883938104
999.0 0.006871229561511427
1000.0 0.00669174623908475
1001.0 0.006251865852391347
1002.0 0.005811987648485228
1003.0 0.005580176002695225
1004.0 0.005348364720703103
1005.0 0.005263358252705075
1006.0 0.005178352148504928
1007.0 0.00467687968921382
1008.0 0.004175406866124831
1009.0 0.0042691051930887625
1010.0 0.004362803156254813
1011.0 0.0039288326661335304
1012.0 0.003494862176012248
1013.0 0.002929841684817802
1014.0 0.002364821011724416
1015.0 0.0021388315872172825
1016.0 0.0019128421627101488
1017.0 0.0017895683413371444
1018.0 0.0016662943380651996
1019.0 0.0013483662769431248
1020.0 0.00103043821582105
1021.0 0.0012387432434479706
1022.0 0.001447048271074891
1023.0 0.00133778075905866
1024.0 0.0012285133379918989
1025.0 0.0013835104255122133
1026.0 0.0015385076039819978
1027.0 0.0015269883078872226
1028.0 0.001515469284640858
1029.0 0.0016444502762169577
1030.0 0.0017734311768435873
1031.0 0.0017348122128169052
1032.0 0.0016961932487902232
1033.0 0.0019257915482739918
1034.0 0.00215538966585882
1035.0 0.002170429434045218
1036.0 0.0021854692022316158
1037.0 0.0025173736503347754
1038.0 0.002849278098437935
1039.0 0.0026581006750348024
1040.0 0.0024669232516316697
1041.0 0.002489729922672268
1042.0 0.002512536411813926
1043.0 0.002287256756972056
1044.0 0.002061977102130186
1045.0 0.0020595171008608304
1046.0 0.002057057099591475
1047.0 0.002411244531685952
1048.0 0.0027654321456793696
1049.0 0.002222881266789045
1050.0 0.0016803302059997804
1051.0 0.0016900534319574945
1052.0 0.0016997762941173278
1053.0 0.0015289531802409329
1054.0 0.0013581299754150677
1055.0 0.0014262840522860643
1056.0 0.0014944380382075906
1057.0 0.0015985482605174184
1058.0 0.001702658846625127
1059.0 0.0012732480172417127
1060.0 0.000843837460706709
1061.0 0.0008961677849583793
1062.0 0.0009484981092100497
1063.0 0.001515550866315607
1064.0 0.002082603532471694
1065.0 0.001117050851462409
1066.0 0.00015149801129155094
1067.0 0.0009881864571070764
1068.0 0.001824874743761029
1069.0 0.0014587417354050558
1070.0 0.001092608454200672
1071.0 0.0016447160305688158
1072.0 0.0021968236978864297
1073.0 0.002511499769752845
1074.0 0.0028261756597203203
1075.0 0.0025720086341607384
1076.0 0.0023178416086011566
1077.0 0.0032226904295384884
1078.0 0.00412753906857688
1079.0 0.003627875412348658
1080.0 0.0031282110285246745
1081.0 0.0033498254197183996
1082.0 0.003571439447114244
1083.0 0.0037230907764751464
1084.0 0.0038747421058360487
1085.0 0.004677568358602002
1086.0 0.005480395338963717
1087.0 0.00500846617796924
1088.0 0.004536537016974762
1089.0 0.003241848389734514
1090.0 0.001947160308191087
1091.0 0.003596705209929496
1092.0 0.005246250293566845
1093.0 0.0037014135159552097
1094.0 0.002156576738343574
1095.0 0.003398845365154557
1096.0 0.00464111399196554
1097.0 0.0023795040760887787
1098.0 0.00011789441032306058
1099.0 0.003085983917117119
1100.0 0.006054072946426459
