lsstcam/qe_curves/r41_s21/19700101T000000.ecsv
# %ECSV 0.9
# ---
# datatype:
# - {name: amp_name, datatype: string}
# - {name: wavelength, unit: nm, datatype: float32}
# - {name: efficiency, unit: '%', datatype: float32}
# meta: !!omap
# - {MODE: AMP}
# - {TYPE: QE}
# - {CALIBDATE: '1970-01-01T00:00:00'}
# - {INSTRUME: LSSTCAM}
# - {OBSTYPE: qe_curves}
# - {DETECTOR: 169}
# - {PICKLEFILE: RaftRun12086.p}
# - {CALIB_ID: 'raftName=R41 detectorName=S21 detector=169 calibDate=1970-01-01T00:00:00 ccd=169 ccdnum=169 filter=None'}
# - {DATE: '2020-01-23T15:27:08.745436'}
# - {CALIB_CREATION_DATE: '2020-01-23'}
# - {CALIB_CREATION_TIME: '15:27:08'}
# - __serialized_columns__:
#     efficiency:
#       __class__: astropy.units.quantity.Quantity
#       unit: !astropy.units.Unit {unit: '%'}
#       value: !astropy.table.SerializedColumn {name: efficiency}
#     wavelength:
#       __class__: astropy.units.quantity.Quantity
#       unit: !astropy.units.Unit {unit: nm}
#       value: !astropy.table.SerializedColumn {name: wavelength}
# schema: astropy-2.0
amp_name wavelength efficiency
C16 319.994 45.869526
C16 324.969 47.12849
C16 349.982 54.899925
C16 374.975 70.61252
C16 400.019 84.495705
C16 424.965 86.63522
C16 450.035 86.963974
C16 475.003 87.17182
C16 500.018 87.454636
C16 525.002 87.38269
C16 550.029 88.988785
C16 575.023 90.20827
C16 599.982 91.42989
C16 619.997 92.957466
C16 624.979 93.06617
C16 650.012 94.43299
C16 675.004 95.58106
C16 700.03 96.414276
C16 725.012 97.22192
C16 750.022 98.2221
C16 774.987 99.86233
C16 799.976 99.53346
C16 824.988 99.246635
C16 850.022 97.59487
C16 869.967 94.94166
C16 875.002 94.11114
C16 899.999 87.11046
C16 919.999 79.43506
C16 925.012 76.09509
C16 949.965 63.348034
C16 975.002 47.35248
C16 999.976 30.070856
C16 1025.028 14.400354
C16 1050.014 5.661011
C16 1075.002 3.1293716
C16 1099.99 2.2644858
C05 319.994 44.9727
C05 324.969 46.01484
C05 349.982 53.033146
C05 374.975 69.105865
C05 400.019 84.15735
C05 424.965 87.01048
C05 450.035 87.520004
C05 475.003 87.638954
C05 500.018 87.74435
C05 525.002 87.471375
C05 550.029 88.90942
C05 575.023 89.99953
C05 599.982 91.127785
C05 619.997 92.60216
C05 624.979 92.70234
C05 650.012 94.04455
C05 675.004 95.2098
C05 700.03 96.166466
C05 725.012 97.29467
C05 750.022 98.72644
C05 774.987 100.80876
C05 799.976 100.67177
C05 824.988 100.336
C05 850.022 98.71931
C05 869.967 96.01278
C05 875.002 95.156685
C05 899.999 87.88719
C05 919.999 79.5776
C05 925.012 76.124886
C05 949.965 63.33818
C05 975.002 47.944153
C05 999.976 30.229471
C05 1025.028 14.54044
C05 1050.014 5.675329
C05 1075.002 3.1024053
C05 1099.99 2.2620285
C03 319.994 45.392654
C03 324.969 46.52213
C03 349.982 53.869186
C03 374.975 69.909355
C03 400.019 84.56137
C03 424.965 87.142265
C03 450.035 87.58962
C03 475.003 87.75056
C03 500.018 87.925026
C03 525.002 87.71501
C03 550.029 89.1952
C03 575.023 90.30473
C03 599.982 91.447914
C03 619.997 92.92824
C03 624.979 93.0288
C03 650.012 94.37348
C03 675.004 95.5289
C03 700.03 96.46589
C03 725.012 97.557594
C03 750.022 98.942696
C03 774.987 100.98301
C03 799.976 100.810005
C03 824.988 100.45237
C03 850.022 98.8346
C03 869.967 96.0972
C03 875.002 95.23179
C03 899.999 87.82137
C03 919.999 79.599815
C03 925.012 76.18633
C03 949.965 63.579643
C03 975.002 48.0738
C03 999.976 30.261808
C03 1025.028 14.534861
C03 1050.014 5.6587157
C03 1075.002 3.0722218
C03 1099.99 2.269214
C07 319.994 44.81792
C07 324.969 45.804123
C07 349.982 52.661137
C07 374.975 68.85837
C07 400.019 84.231865
C07 424.965 87.314575
C07 450.035 87.93275
C07 475.003 88.089874
C07 500.018 88.15
C07 525.002 87.79571
C07 550.029 89.118355
C07 575.023 90.07234
C07 599.982 91.0832
C07 619.997 92.47831
C07 624.979 92.580284
C07 650.012 93.880135
C07 675.004 95.01215
C07 700.03 95.97616
C07 725.012 97.15655
C07 750.022 98.65226
C07 774.987 100.7881
C07 799.976 100.68246
C07 824.988 100.33845
C07 850.022 98.67594
C07 869.967 96.04107
C07 875.002 95.21614
C07 899.999 87.865685
C07 919.999 79.3436
C07 925.012 75.86173
C07 949.965 63.05548
C07 975.002 47.852776
C07 999.976 30.275043
C07 1025.028 14.428893
C07 1050.014 5.6828265
C07 1075.002 3.1223767
C07 1099.99 2.241886
C01 319.994 45.681736
C01 324.969 46.911865
C01 349.982 54.602875
C01 374.975 70.46819
C01 400.019 84.564
C01 424.965 86.82421
C01 450.035 87.192116
C01 475.003 87.396286
C01 500.018 87.65551
C01 525.002 87.530975
C01 550.029 89.077965
C01 575.023 90.23417
C01 599.982 91.3982
C01 619.997 92.882095
C01 624.979 92.984665
C01 650.012 94.32534
C01 675.004 95.46466
C01 700.03 96.37934
C01 725.012 97.43962
C01 750.022 98.78556
C01 774.987 100.78698
C01 799.976 100.581635
C01 824.988 100.20158
C01 850.022 98.560326
C01 869.967 95.7963
C01 875.002 94.92485
C01 899.999 87.4922
C01 919.999 79.29923
C01 925.012 75.92044
C01 949.965 63.406063
C01 975.002 47.92818
C01 999.976 30.109188
C01 1025.028 14.453215
C01 1050.014 5.638281
C01 1075.002 3.0541584
C01 1099.99 2.2534168
C11 319.994 45.219807
C11 324.969 46.242012
C11 349.982 53.19231
C11 374.975 69.173615
C11 400.019 84.21769
C11 424.965 87.09959
C11 450.035 87.647736
C11 475.003 87.7943
C11 500.018 87.88919
C11 525.002 87.61116
C11 550.029 89.02019
C11 575.023 90.07199
C11 599.982 91.17595
C11 619.997 92.63557
C11 624.979 92.74343
C11 650.012 94.09054
C11 675.004 95.24479
C11 700.03 96.13064
C11 725.012 97.03269
C11 750.022 98.154594
C11 774.987 99.90642
C11 799.976 99.67306
C11 824.988 99.44123
C11 850.022 97.83005
C11 869.967 95.19337
C11 875.002 94.378296
C11 899.999 87.64074
C11 919.999 79.872444
C11 925.012 76.48379
C11 949.965 63.24689
C11 975.002 47.608524
C11 999.976 30.18175
C11 1025.028 14.430978
C11 1050.014 5.8996763
C11 1075.002 3.2517378
C11 1099.99 2.2767756
C10 319.994 44.942116
C10 324.969 45.94638
C10 349.982 52.849663
C10 374.975 68.9465
C10 400.019 84.18323
C10 424.965 87.16309
C10 450.035 87.73429
C10 475.003 87.86839
C10 500.018 87.925385
C10 525.002 87.60345
C10 550.029 88.97472
C10 575.023 89.991615
C10 599.982 91.071434
C10 619.997 92.51416
C10 624.979 92.62263
C10 650.012 93.95731
C10 675.004 95.10663
C10 700.03 96.00129
C10 725.012 96.93252
C10 750.022 98.09722
C10 774.987 99.88702
C10 799.976 99.672714
C10 824.988 99.4432
C10 850.022 97.83192
C10 869.967 95.263214
C10 875.002 94.477
C10 899.999 87.70101
C10 919.999 79.88173
C10 925.012 76.45452
C10 949.965 63.128014
C10 975.002 47.75809
C10 999.976 30.159517
C10 1025.028 14.558717
C10 1050.014 5.9581447
C10 1075.002 3.2623703
C10 1099.99 2.2559345
C14 319.994 45.688065
C14 324.969 46.835464
C14 349.982 54.230865
C14 374.975 70.11576
C14 400.019 84.58403
C14 424.965 87.07942
C14 450.035 87.53799
C14 475.003 87.74662
C14 500.018 87.9603
C14 525.002 87.79142
C14 550.029 89.29625
C14 575.023 90.414406
C14 599.982 91.56076
C14 619.997 93.04401
C14 624.979 93.14939
C14 650.012 94.50019
C14 675.004 95.64666
C14 700.03 96.49995
C14 725.012 97.333885
C14 750.022 98.3715
C14 774.987 100.04227
C14 799.976 99.74615
C14 824.988 99.49239
C14 850.022 97.855545
C14 869.967 95.19129
C14 875.002 94.361244
C14 899.999 87.391014
C14 919.999 79.7348
C14 925.012 76.385956
C14 949.965 63.53889
C14 975.002 47.490093
C14 999.976 30.214151
C14 1025.028 14.442579
C14 1050.014 5.6591434
C14 1075.002 3.1575937
C14 1099.99 2.2767332
C15 319.994 45.804363
C15 324.969 47.00735
C15 349.982 54.604057
C15 374.975 70.43149
C15 400.019 84.63207
C15 424.965 86.95405
C15 450.035 87.34275
C15 475.003 87.54908
C15 500.018 87.79549
C15 525.002 87.67506
C15 550.029 89.23723
C15 575.023 90.4164
C15 599.982 91.607025
C15 619.997 93.115585
C15 624.979 93.22458
C15 650.012 94.589424
C15 675.004 95.73827
C15 700.03 96.58418
C15 725.012 97.40676
C15 750.022 98.42587
C15 774.987 100.07686
C15 799.976 99.76296
C15 824.988 99.49053
C15 850.022 97.83584
C15 869.967 95.174034
C15 875.002 94.34209
C15 899.999 87.34914
C15 919.999 79.65848
C15 925.012 76.30754
C15 949.965 63.453323
C15 975.002 47.442684
C15 999.976 30.175898
C15 1025.028 14.424086
C15 1050.014 5.6613564
C15 1075.002 3.143776
C15 1099.99 2.2692735
C04 319.994 45.159508
C04 324.969 46.236904
C04 349.982 53.3869
C04 374.975 69.4159
C04 400.019 84.25933
C04 424.965 86.988045
C04 450.035 87.48368
C04 475.003 87.64237
C04 500.018 87.78582
C04 525.002 87.53395
C04 550.029 88.97348
C04 575.023 90.04789
C04 599.982 91.16013
C04 619.997 92.628456
C04 624.979 92.72366
C04 650.012 94.058266
C04 675.004 95.2173
C04 700.03 96.159515
C04 725.012 97.26485
C04 750.022 98.66716
C04 774.987 100.72268
C04 799.976 100.57207
C04 824.988 100.231346
C04 850.022 98.63257
C04 869.967 95.91831
C04 875.002 95.06
C04 899.999 87.72926
C04 919.999 79.52154
C04 925.012 76.099655
C04 949.965 63.444267
C04 975.002 47.98808
C04 999.976 30.21144
C04 1025.028 14.5349455
C04 1050.014 5.665296
C04 1075.002 3.0775316
C04 1099.99 2.2682052
C06 319.994 44.938976
C06 324.969 45.948616
C06 349.982 52.8651
C06 374.975 68.98839
C06 400.019 84.21957
C06 424.965 87.19736
C06 450.035 87.755684
C06 475.003 87.87563
C06 500.018 87.95562
C06 525.002 87.65013
C06 550.029 89.04689
C06 575.023 90.08983
C06 599.982 91.1791
C06 619.997 92.62071
C06 624.979 92.72458
C06 650.012 94.051834
C06 675.004 95.200325
C06 700.03 96.16358
C06 725.012 97.31956
C06 750.022 98.783
C06 774.987 100.88926
C06 799.976 100.76605
C06 824.988 100.4191
C06 850.022 98.7762
C06 869.967 96.09563
C06 875.002 95.25406
C06 899.999 87.959785
C06 919.999 79.489105
C06 925.012 76.00944
C06 949.965 63.148285
C06 975.002 47.84478
C06 999.976 30.240795
C06 1025.028 14.488663
C06 1050.014 5.666577
C06 1075.002 3.119645
C06 1099.99 2.2495267
C02 319.994 45.51385
C02 324.969 46.690647
C02 349.982 54.20187
C02 374.975 70.1527
C02 400.019 84.53252
C02 424.965 86.958885
C02 450.035 87.36718
C02 475.003 87.551476
C02 500.018 87.76658
C02 525.002 87.59897
C02 550.029 89.10992
C02 575.023 90.23812
C02 599.982 91.38508
C02 619.997 92.86868
C02 624.979 92.96893
C02 650.012 94.30765
C02 675.004 95.457596
C02 700.03 96.3817
C02 725.012 97.457855
C02 750.022 98.823135
C02 774.987 100.83676
C02 799.976 100.6479
C02 824.988 100.28071
C02 850.022 98.64468
C02 869.967 95.88487
C02 875.002 95.01555
C02 899.999 87.60095
C02 919.999 79.39678
C02 925.012 76.00054
C02 949.965 63.427746
C02 975.002 47.956303
C02 999.976 30.164766
C02 1025.028 14.468169
C02 1050.014 5.637822
C02 1075.002 3.0628116
C02 1099.99 2.2598078
C12 319.994 45.286945
C12 324.969 46.349846
C12 349.982 53.438557
C12 374.975 69.38205
C12 400.019 84.23988
C12 424.965 86.99089
C12 450.035 87.5008
C12 475.003 87.65747
C12 500.018 87.78167
C12 525.002 87.540855
C12 550.029 88.99034
C12 575.023 90.07498
C12 599.982 91.20633
C12 619.997 92.688835
C12 624.979 92.79379
C12 650.012 94.149506
C12 675.004 95.30856
C12 700.03 96.18177
C12 725.012 97.05721
C12 750.022 98.143906
C12 774.987 99.858574
C12 799.976 99.603134
C12 824.988 99.380325
C12 850.022 97.77019
C12 869.967 95.08533
C12 875.002 94.245995
C12 899.999 87.404594
C12 919.999 79.774315
C12 925.012 76.42768
C12 949.965 63.48063
C12 975.002 47.554626
C12 999.976 30.195705
C12 1025.028 14.4082985
C12 1050.014 5.7750354
C12 1075.002 3.21309
C12 1099.99 2.2840364
C17 319.994 46.08857
C17 324.969 47.403168
C17 349.982 55.361618
C17 374.975 71.01759
C17 400.019 84.67557
C17 424.965 86.68707
C17 450.035 87.02877
C17 475.003 87.32633
C17 500.018 87.6755
C17 525.002 87.62363
C17 550.029 89.248886
C17 575.023 90.45032
C17 599.982 91.63901
C17 619.997 93.14982
C17 624.979 93.24736
C17 650.012 94.592606
C17 675.004 95.72739
C17 700.03 96.548935
C17 725.012 97.3435
C17 750.022 98.343216
C17 774.987 99.98687
C17 799.976 99.65383
C17 824.988 99.37456
C17 850.022 97.74507
C17 869.967 95.06241
C17 875.002 94.219864
C17 899.999 87.1418
C17 919.999 79.47051
C17 925.012 76.17752
C17 949.965 63.663147
C17 975.002 47.597622
C17 999.976 30.059874
C17 1025.028 14.3821535
C17 1050.014 5.6502666
C17 1075.002 3.1159787
C17 1099.99 2.266349
C00 319.994 45.76707
C00 324.969 47.035667
C00 349.982 54.84316
C00 374.975 70.57794
C00 400.019 84.44467
C00 424.965 86.59542
C00 450.035 86.95414
C00 475.003 87.19606
C00 500.018 87.50207
C00 525.002 87.418655
C00 550.029 88.99924
C00 575.023 90.17562
C00 599.982 91.34688
C00 619.997 92.83031
C00 624.979 92.930954
C00 650.012 94.26947
C00 675.004 95.40489
C00 700.03 96.3083
C00 725.012 97.358696
C00 750.022 98.69522
C00 774.987 100.6899
C00 799.976 100.48934
C00 824.988 100.119125
C00 850.022 98.49336
C00 869.967 95.72881
C00 875.002 94.85533
C00 899.999 87.39758
C00 919.999 79.16281
C00 925.012 75.8269
C00 949.965 63.56231
C00 975.002 47.99713
C00 999.976 30.08394
C00 1025.028 14.443963
C00 1050.014 5.645853
C00 1075.002 3.0535512
C00 1099.99 2.2536404
C13 319.994 45.527714
C13 324.969 46.628643
C13 349.982 53.855526
C13 374.975 69.78043
C13 400.019 84.47564
C13 424.965 87.11721
C13 450.035 87.610756
C13 475.003 87.80243
C13 500.018 87.97565
C13 525.002 87.76899
C13 550.029 89.243164
C13 575.023 90.33581
C13 599.982 91.46664
C13 619.997 92.9444
C13 624.979 93.05079
C13 650.012 94.40056
C13 675.004 95.555016
C13 700.03 96.413185
C13 725.012 97.26661
C13 750.022 98.32692
C13 774.987 100.020096
C13 799.976 99.7442
C13 824.988 99.51018
C13 850.022 97.89198
C13 869.967 95.22544
C13 875.002 94.39137
C13 899.999 87.47304
C13 919.999 79.83911
C13 925.012 76.4832
C13 949.965 63.603935
C13 975.002 47.564682
C13 999.976 30.2596
C13 1025.028 14.452135
C13 1050.014 5.700912
C13 1075.002 3.1860588
C13 1099.99 2.2846694
