lsstCam/transmission_sensor/r03_s00/19700101T000000.ecsv
# %ECSV 1.0
# ---
# datatype:
# - {name: amp_name, datatype: string}
# - {name: wavelength, unit: nm, datatype: float32}
# - {name: efficiency, unit: '%', datatype: float64}
# meta: !!omap
# - {MODE: AMP}
# - {TYPE: transmission_sensor}
# - {CALIBDATE: '1970-01-01T00:00:00'}
# - {INSTRUME: LSSTCAM}
# - {OBSTYPE: transmission_sensor}
# - {DETECTOR: 18}
# - {PARQUETFILE: qe_raft_allvalues_nircorrected_20230725.parquet}
# - {CALIBCLS: lsst.ip.isr.IntermediateSensorTransmissionCurve}
# - {CALIB_ID: 'raftName=R03 detectorName=S00 detector=18 calibDate=1970-01-01T00:00:00 ccd=18 ccdnum=18 filter=None'}
# - {DATE: '2024-01-18T22:42:25.035608'}
# - {CALIB_CREATION_DATE: '2024-01-18'}
# - {CALIB_CREATION_TIME: '22:42:25'}
# - __serialized_columns__:
#     efficiency:
#       __class__: astropy.units.quantity.Quantity
#       unit: !astropy.units.Unit {unit: '%'}
#       value: !astropy.table.SerializedColumn {name: efficiency}
#     wavelength:
#       __class__: astropy.units.quantity.Quantity
#       unit: !astropy.units.Unit {unit: nm}
#       value: !astropy.table.SerializedColumn {name: wavelength}
# schema: astropy-2.0
amp_name wavelength efficiency
C00 319.992 49.38740796251936
C00 330.006 54.295567759790266
C00 349.994 63.69244577825184
C00 370.001 73.49659438830395
C00 400.009 83.64822087622977
C00 429.983 83.28488255416895
C00 449.989 82.56652940945405
C00 469.993 82.48246274627684
C00 500.016 83.33309641997788
C00 549.99 86.84437435097274
C00 569.998 88.30277320225547
C00 599.983 90.85652285497113
C00 630.013 92.78286657960814
C00 649.987 93.90209270296248
C00 670.017 94.95370425799705
C00 699.987 95.95610708954358
C00 720.012 96.37338282495739
C00 749.995 97.71141994155563
C00 770.007 98.6240084446835
C00 800.008 98.84273367034488
C00 830.013 98.10224206953855
C00 869.994 94.46274483687948
C00 900.005 87.03187259638443
C00 919.989 79.3256276022668
C00 959.989 59.19038033188359
C00 1000.013 32.30805594843976
C00 1030.002 13.469232267915782
C00 1049.996 6.364831053996911
C00 1080.005 0.5006499833701117
C00 1100.007 0.120846699914298
C01 319.992 49.14726752777841
C01 330.006 53.938366298828896
C01 349.994 63.21144876088273
C01 370.001 73.06985072178108
C01 400.009 83.51278584359835
C01 429.983 83.28928410442283
C01 449.989 82.6449671262358
C01 469.993 82.63906997269254
C01 500.016 83.5487750548523
C01 549.99 86.96347988735225
C01 569.998 88.3357226780216
C01 599.983 90.7694102958863
C01 630.013 92.63370148486098
C01 649.987 93.7311316250049
C01 670.017 94.77736171229046
C01 699.987 95.78444666335584
C01 720.012 96.21064068992648
C01 749.995 97.56889227716535
C01 770.007 98.49489610008098
C01 800.008 98.73807387430301
C01 830.013 98.01403175046694
C01 869.994 94.44949883962596
C01 900.005 87.20341454033004
C01 919.989 79.44197084621369
C01 959.989 59.13221419424537
C01 1000.013 32.35607503559089
C01 1030.002 13.454604887743404
C01 1049.996 6.388417713366176
C01 1080.005 0.4999197246888269
C01 1100.007 0.12067043035542778
C02 319.992 48.87990465019095
C02 330.006 53.61357772544635
C02 349.994 62.81464016196989
C02 370.001 72.74547624577649
C02 400.009 83.29720957104854
C02 429.983 83.07042884039417
C02 449.989 82.34597136667497
C02 469.993 82.24893141661751
C02 500.016 83.03795142861937
C02 549.99 86.41732656731728
C02 569.998 87.82329177652775
C02 599.983 90.32259732295985
C02 630.013 92.22088504128169
C02 649.987 93.33222740886076
C02 670.017 94.3919855348014
C02 699.987 95.4017739722318
C02 720.012 95.82225485779128
C02 749.995 97.17464062133372
C02 770.007 98.10915749285873
C02 800.008 98.34874962691987
C02 830.013 97.60728957480721
C02 869.994 93.99873986387045
C02 900.005 86.74545978991128
C02 919.989 79.03581296139654
C02 959.989 58.81307421250204
C02 1000.013 32.13084426837513
C02 1030.002 13.380975278243302
C02 1049.996 6.360486810610337
C02 1080.005 0.49789968266603624
C02 1100.007 0.1201828333909793
C03 319.992 48.817997414688136
C03 330.006 53.427764174159144
C03 349.994 62.497516154588034
C03 370.001 72.54353769251655
C03 400.009 83.51323435347571
C03 429.983 83.44431325212533
C03 449.989 82.76078928262993
C03 469.993 82.67403945543666
C03 500.016 83.4410865204869
C03 549.99 86.73364011779194
C03 569.998 88.10600586344994
C03 599.983 90.56836642234711
C03 630.013 92.4444989030484
C03 649.987 93.55122473602313
C03 670.017 94.6111708444761
C03 699.987 95.63231739878805
C03 720.012 96.07191187657787
C03 749.995 97.44874721033
C03 770.007 98.39163624179962
C03 800.008 98.65156820173127
C03 830.013 97.9253123673457
C03 869.994 94.25364890612065
C03 900.005 86.93139334952336
C03 919.989 79.20376178090743
C03 959.989 58.93854066299894
C03 1000.013 32.149118576239374
C03 1030.002 13.370330996131216
C03 1049.996 6.358420384313115
C03 1080.005 0.4993041509763632
C03 1100.007 0.12052184341010429
C04 319.992 48.714585762892085
C04 330.006 53.316248587764406
C04 349.994 62.41726614755561
C04 370.001 72.59931587708053
C04 400.009 83.67826356284782
C04 429.983 83.5358727726958
C04 449.989 82.72883559268196
C04 469.993 82.48802458010088
C04 500.016 83.12402281917629
C04 549.99 86.40763426059962
C04 569.998 87.85599586012499
C04 599.983 90.44707893623671
C04 630.013 92.42003196274408
C04 649.987 93.56671044886183
C04 670.017 94.65758383877488
C04 699.987 95.70806653340229
C04 720.012 96.16322920264199
C04 749.995 97.5550850729384
C04 770.007 98.50380376372777
C04 800.008 98.77881196722628
C04 830.013 98.06061859724473
C04 869.994 94.38089098440852
C04 900.005 87.05628083479095
C04 919.989 79.37715509511673
C04 959.989 59.09760588641137
C04 1000.013 32.17817463309028
C04 1030.002 13.415097940749408
C04 1049.996 6.376934965537673
C04 1080.005 0.49984900916490005
C04 1100.007 0.12065336106953317
C05 319.992 48.6028336179686
C05 330.006 53.14391879771
C05 349.994 62.18650643345626
C05 370.001 72.47276990074732
C05 400.009 83.79211779521393
C05 429.983 83.70668929899487
C05 449.989 82.86944777992068
C05 469.993 82.58571432275319
C05 500.016 83.16836039756264
C05 549.99 86.4076491033358
C05 569.998 87.8536534803312
C05 599.983 90.45859715238237
C05 630.013 92.45063050260826
C05 649.987 93.6110223804046
C05 670.017 94.71250128569851
C05 699.987 95.7808240077608
C05 720.012 96.24574164408926
C05 749.995 97.65324309996154
C05 770.007 98.61612887700942
C05 800.008 98.90714258156652
C05 830.013 98.19314743357882
C05 869.994 94.53857574856211
C05 900.005 87.27416421795395
C05 919.989 79.61703229113243
C05 959.989 59.23447343185586
C05 1000.013 32.21331800797404
C05 1030.002 13.491748904721693
C05 1049.996 6.418003968632695
C05 1080.005 0.5003519626316589
C05 1100.007 0.12077476378337955
C06 319.992 48.50006469234546
C06 330.006 52.92459794722807
C06 349.994 61.844788801470244
C06 370.001 72.21870307768516
C06 400.009 83.88591616089772
C06 429.983 83.94538427796955
C06 449.989 83.13429289739962
C06 469.993 82.83452974693687
C06 500.016 83.38511290211927
C06 549.99 86.55243257328583
C06 569.998 87.98873071510701
C06 599.983 90.582632034587
C06 630.013 92.56824573052923
C06 649.987 93.73551142257544
C06 670.017 94.82935738407917
C06 699.987 95.91165532375858
C06 720.012 96.38773152581447
C06 749.995 97.81572777197499
C06 770.007 98.78430886857507
C06 800.008 99.08935091659352
C06 830.013 98.386352212888
C06 869.994 94.8009165630474
C06 900.005 87.6663921611635
C06 919.989 79.90042995259282
C06 959.989 59.198220851579784
C06 1000.013 32.227308647592935
C06 1030.002 13.551777980280415
C06 1049.996 6.4373862277547955
C06 1080.005 0.5011845047504584
C06 1100.007 0.12097572247895227
C07 319.992 48.194627762573646
C07 330.006 52.51685526132907
C07 349.994 61.33145001741859
C07 370.001 71.79854173607448
C07 400.009 83.8066270897463
C07 429.983 83.97992007806077
C07 449.989 83.18083492957025
C07 469.993 82.85199624082263
C07 500.016 83.36370170592109
C07 549.99 86.48595937935777
C07 569.998 87.91726210495395
C07 599.983 90.50297243889054
C07 630.013 92.49934141596017
C07 649.987 93.67515513054467
C07 670.017 94.77851700603003
C07 699.987 95.87798244306374
C07 720.012 96.37227850862077
C07 749.995 97.82398970445026
C07 770.007 98.79465736745371
C07 800.008 99.1164172005946
C07 830.013 98.40693187571816
C07 869.994 94.86315113314848
C07 900.005 87.74896378306781
C07 919.989 79.94785455374041
C07 959.989 59.026998893310726
C07 1000.013 32.32739576859286
C07 1030.002 13.537730605471943
C07 1049.996 6.402270639799362
C07 1080.005 0.5012268463389559
C07 1100.007 0.1209859428752551
C10 319.992 49.57817058534903
C10 330.006 54.43917591816894
C10 349.994 63.75244611149809
C10 370.001 73.57030238918679
C10 400.009 83.90063476003954
C10 429.983 83.62591903301369
C10 449.989 82.94094660827942
C10 469.993 82.89997983079544
C10 500.016 83.78205485513456
C10 549.99 87.29125945151664
C10 569.998 88.72562108985754
C10 599.983 91.25917646140766
C10 630.013 93.17679769654305
C10 649.987 94.29057627828828
C10 670.017 95.3508718851377
C10 699.987 96.35760571220248
C10 720.012 96.77550220186953
C10 749.995 98.12419564111228
C10 770.007 99.05032307325222
C10 800.008 99.26537545646656
C10 830.013 98.49537426810652
C10 869.994 94.97247347176419
C10 900.005 87.30234324893266
C10 919.989 79.20208655176945
C10 959.989 58.57458216697065
C10 1000.013 32.13574562490387
C10 1030.002 13.466210913443598
C10 1049.996 6.302109779888915
C10 1080.005 0.5027649567768586
C10 1100.007 0.12135721137959635
C11 319.992 49.382105471592915
C11 330.006 54.23195460795615
C11 349.994 63.528986106493235
C11 370.001 73.35277370855782
C11 400.009 83.67525107150493
C11 429.983 83.36272087841077
C11 449.989 82.65588663090148
C11 469.993 82.60706388172345
C11 500.016 83.49288969974621
C11 549.99 86.97807029700533
C11 569.998 88.40848517415598
C11 599.983 90.93359885596652
C11 630.013 92.85683225090479
C11 649.987 93.97628855942534
C11 670.017 95.04158857079244
C11 699.987 96.052938891965
C11 720.012 96.47219319676866
C11 749.995 97.83079628296646
C11 770.007 98.75980716528375
C11 800.008 98.98215014290656
C11 830.013 98.22053208495487
C11 869.994 94.73965848458403
C11 900.005 87.10369964331468
C11 919.989 79.01185576503774
C11 959.989 58.3879874703921
C11 1000.013 32.04285766084692
C11 1030.002 13.4727552086593
C11 1049.996 6.309252186930084
C11 1080.005 0.5012616576322447
C11 1100.007 0.12099434561180449
C12 319.992 49.19228451734215
C12 330.006 54.0066316533508
C12 349.994 63.292841297169794
C12 370.001 73.23768440911563
C12 400.009 83.66921113848991
C12 429.983 83.28773446772188
C12 449.989 82.46072042433701
C12 469.993 82.27142691772737
C12 500.016 83.01352457098481
C12 549.99 86.47608153843801
C12 569.998 87.96665285603464
C12 599.983 90.60460375782283
C12 630.013 92.59889629608664
C12 649.987 93.75316468829344
C12 670.017 94.84533025171724
C12 699.987 95.87046988678878
C12 720.012 96.29431673986267
C12 749.995 97.65541493586967
C12 770.007 98.59074166039852
C12 800.008 98.82145391950603
C12 830.013 98.05447988370499
C12 869.994 94.56279423200425
C12 900.005 86.92790645832244
C12 919.989 78.82349896344343
C12 959.989 58.26109437174693
C12 1000.013 31.983781953423012
C12 1030.002 13.486059821496648
C12 1049.996 6.319290973040037
C12 1080.005 0.5003630533489444
C12 1100.007 0.12077744085644088
C13 319.992 49.117369550398195
C13 330.006 53.83535432882248
C13 349.994 63.0344347147585
C13 370.001 73.14552406138178
C13 400.009 83.97211228416039
C13 429.983 83.71670009758883
C13 449.989 82.89614473621486
C13 469.993 82.70805276989869
C13 500.016 83.42580962096659
C13 549.99 86.81756094808539
C13 569.998 88.28073995994109
C13 599.983 90.8940854926278
C13 630.013 92.87846007480684
C13 649.987 94.03213842708506
C13 670.017 95.1285113810562
C13 699.987 96.17494369668718
C13 720.012 96.60957311365239
C13 749.995 97.99429597107444
C13 770.007 98.95125064236338
C13 800.008 99.20094405871708
C13 830.013 98.43930236028623
C13 869.994 94.94492299013841
C13 900.005 87.2766756531613
C13 919.989 79.10982827589527
C13 959.989 58.45766956024408
C13 1000.013 32.067083395321674
C13 1030.002 13.565057439823919
C13 1049.996 6.374940086893172
C13 1080.005 0.5020994196103415
C13 1100.007 0.12119656427500144
C14 319.992 48.83783971688648
C14 330.006 53.39522163503
C14 349.994 62.415866256762385
C14 370.001 72.66216772123616
C14 400.009 83.93556620432072
C14 429.983 83.85378110566103
C14 449.989 83.0463785587068
C14 469.993 82.81885880570297
C14 500.016 83.474472099169
C14 549.99 86.77477676108134
C14 569.998 88.22630007908265
C14 599.983 90.83388848064482
C14 630.013 92.82641951708787
C14 649.987 93.98239644039106
C14 670.017 95.08461767246048
C14 699.987 96.14651921252039
C14 720.012 96.59021422592579
C14 749.995 97.99520650021805
C14 770.007 98.96174172389516
C14 800.008 99.22504212104427
C14 830.013 98.48810513292715
C14 869.994 95.03464840878816
C14 900.005 87.3909568743793
C14 919.989 79.2208760921433
C14 959.989 58.58589863024843
C14 1000.013 32.170987829912974
C14 1030.002 13.624709215974997
C14 1049.996 6.416753185576492
C14 1080.005 0.5021040993144806
C14 1100.007 0.12119769386018182
C15 319.992 48.74953213015365
C15 330.006 53.19233602519099
C15 349.994 62.08030580461622
C15 370.001 72.44736867771533
C15 400.009 84.10845928687576
C15 429.983 84.13612054740108
C15 449.989 83.30856268135685
C15 469.993 83.01034062793403
C15 500.016 83.57898315611851
C15 549.99 86.82517527173952
C15 569.998 88.29241467827845
C15 599.983 90.93810339427817
C15 630.013 92.9689550520685
C15 649.987 94.14698893514658
C15 670.017 95.26541741594941
C15 699.987 96.34750978677368
C15 720.012 96.80644529385214
C15 749.995 98.2349294190124
C15 770.007 99.21083361894843
C15 800.008 99.49679180990039
C15 830.013 98.77779252211452
C15 869.994 95.36352482906123
C15 900.005 87.75160624967728
C15 919.989 79.56587391656714
C15 959.989 58.86755282738414
C15 1000.013 32.444277834018294
C15 1030.002 13.767828498729774
C15 1049.996 6.518026286270146
C15 1080.005 0.5033323947643936
C15 1100.007 0.12149417934219972
C16 319.992 48.68227382558341
C16 330.006 53.093747461018864
C16 349.994 61.96519500735689
C16 370.001 72.39042844763961
C16 400.009 84.20584573157839
C16 429.983 84.28374345021358
C16 449.989 83.4724930140171
C16 469.993 83.18125388360843
C16 500.016 83.74596989170334
C16 549.99 86.94612130740387
C16 569.998 88.39541246406868
C16 599.983 91.01461353591542
C16 630.013 93.02894810861055
C16 649.987 94.20424659488255
C16 670.017 95.31563169932679
C16 699.987 96.40676396087119
C16 720.012 96.88162774297108
C16 749.995 98.32234768015307
C16 770.007 99.29955755095864
C16 800.008 99.60690833669629
C16 830.013 98.91840649335461
C16 869.994 95.53684836768747
C16 900.005 88.01919421137882
C16 919.989 79.78659245392434
C16 959.989 59.01992610376212
C16 1000.013 32.707360539240504
C16 1030.002 13.87105761666083
C16 1049.996 6.592789680764282
C16 1080.005 0.5037803091893878
C16 1100.007 0.12160229675337025
C17 319.992 48.31941753317887
C17 330.006 52.583675382393054
C17 349.994 61.25739618439854
C17 370.001 71.7028484580264
C17 400.009 83.91193720894884
C17 429.983 84.22484998028764
C17 449.989 83.509978962969
C17 469.993 83.30697906421109
C17 500.016 83.90647663283588
C17 549.99 87.04204991125717
C17 569.998 88.41381687673426
C17 599.983 90.9131385728584
C17 630.013 92.84514876665254
C17 649.987 93.99165509409886
C17 670.017 95.09455319862079
C17 699.987 96.19181725440751
C17 720.012 96.67308242028687
C17 749.995 98.13087534261668
C17 770.007 99.12848088022898
C17 800.008 99.46483845385036
C17 830.013 98.79429218631158
C17 869.994 95.42961318677068
C17 900.005 87.96361505831177
C17 919.989 79.691303149059
C17 959.989 58.93312423613094
C17 1000.013 32.742893057742805
C17 1030.002 13.806218343556042
C17 1049.996 6.548153051531311
C17 1080.005 0.5027992745841255
C17 1100.007 0.12136549499868005
