lsstCam/transmission_sensor/r03_s00/19700101T000000.ecsv
# %ECSV 1.0
# ---
# datatype:
# - {name: amp_name, datatype: string}
# - {name: wavelength, unit: nm, datatype: float32}
# - {name: efficiency, unit: '%', datatype: float64}
# meta: !!omap
# - {MODE: AMP}
# - {TYPE: transmission_sensor}
# - {CALIBDATE: '1970-01-01T00:00:00'}
# - {INSTRUME: LSSTCam}
# - {OBSTYPE: transmission_sensor}
# - {DETECTOR: 18}
# - {PARQUETFILE: qe_raft_allvalues_nircorrected_20230725_adjust.parquet}
# - {CORRFILE: qe_corr_factor_bydetnum.parquet}
# - {CALIBCLS: lsst.ip.isr.IntermediateSensorTransmissionCurve}
# - {CALIB_ID: 'raftName=R03 detectorName=S00 detector=18 calibDate=1970-01-01T00:00:00 ccd=18 ccdnum=18 filter=None'}
# - {DATE: '2025-03-03T21:56:47.474350'}
# - {CALIB_CREATION_DATE: '2025-03-03'}
# - {CALIB_CREATION_TIME: '21:56:47'}
# - __serialized_columns__:
#     efficiency:
#       __class__: astropy.units.quantity.Quantity
#       unit: !astropy.units.Unit {unit: '%'}
#       value: !astropy.table.SerializedColumn {name: efficiency}
#     wavelength:
#       __class__: astropy.units.quantity.Quantity
#       unit: !astropy.units.Unit {unit: nm}
#       value: !astropy.table.SerializedColumn {name: wavelength}
# schema: astropy-2.0
amp_name wavelength efficiency
C00 319.992 50.49809543408744
C00 330.006 54.402879306825575
C00 349.994 62.40861164795796
C00 370.001 72.01395219615691
C00 400.009 85.5110514499451
C00 429.983 87.47867316520988
C00 449.989 87.0186543695533
C00 469.993 86.35448164866938
C00 500.016 86.577510412769
C00 549.99 89.42192570591449
C00 569.998 90.74315678533817
C00 599.983 93.24971246267003
C00 630.013 95.39689732118202
C00 649.987 96.3351678540131
C00 670.017 97.3503438032047
C00 699.987 98.77605896032091
C00 720.012 99.36562639703075
C00 749.995 100.04551031982618
C00 770.007 100.42824161736367
C00 800.008 100.76968516007247
C00 830.013 100.13864656928982
C00 869.994 96.83885095303653
C00 900.005 91.36118931305985
C00 919.989 85.39601427408147
C00 959.989 74.82255878689128
C00 1000.013 39.969412287363895
C00 1030.002 17.390946036187888
C00 1049.996 9.347177455992053
C00 1080.005 0.6935673086326745
C00 1100.007 0.09434676659082704
C01 319.992 50.252554412774174
C01 330.006 54.044971861140944
C01 349.994 61.93730997797146
C01 370.001 71.59581720287235
C01 400.009 85.37260030391765
C01 429.983 87.48329635448832
C01 449.989 87.10132157883274
C01 469.993 86.51844057289749
C01 500.016 86.80158608088703
C01 549.99 89.54456630877321
C01 569.998 90.7770168707807
C01 599.983 93.16030533116981
C01 630.013 95.24352970330088
C01 649.987 96.15977704356924
C01 670.017 97.16955035669497
C01 699.987 98.59935378862764
C01 720.012 99.19783137194683
C01 749.995 99.89957801296636
C01 770.007 100.29676728424731
C01 800.008 100.66298500818037
C01 830.013 100.04860518207042
C01 869.994 96.82527176733774
C01 900.005 91.5412644458635
C01 919.989 85.5212606745335
C01 959.989 74.7490309732763
C01 1000.013 40.02881835918293
C01 1030.002 17.372059734862862
C01 1049.996 9.381816033017614
C01 1080.005 0.6925556566502357
C01 1100.007 0.09420915039659426
C02 319.992 49.97917873535069
C02 330.006 53.71954136493288
C02 349.994 61.54849975965547
C02 370.001 71.27798631284182
C02 400.009 85.15222318722236
C02 429.983 87.25342068527551
C02 449.989 86.7862034692879
C02 469.993 86.10998753137454
C02 500.016 86.27087451826392
C02 549.99 88.98220309327198
C02 569.998 90.25042414951471
C02 599.983 92.70172316292538
C02 630.013 94.81908271936511
C02 649.987 95.75053691362368
C02 670.017 96.77444725181569
C02 699.987 98.20543513719986
C02 720.012 98.79738676408306
C02 749.995 99.49590863506045
C02 770.007 99.90397195318967
C02 800.008 100.26607083576557
C02 830.013 99.63341985996185
C02 869.994 96.36317444691466
C02 900.005 91.06052917725846
C02 919.989 85.08402159332155
C02 959.989 74.34560612769586
C02 1000.013 39.75017759512666
C02 1030.002 17.276992062109752
C02 1049.996 9.340797645828697
C02 1080.005 0.6897572243010707
C02 1100.007 0.09382847639368114
C03 319.992 49.91587925041205
C03 330.006 53.53336056562763
C03 349.994 61.23776794869875
C03 370.001 71.08012145336018
C03 400.009 85.37305880202791
C03 429.983 87.64613195834629
C03 449.989 87.22338905905364
C03 469.993 86.55505164700155
C03 500.016 86.68970490034903
C03 549.99 89.3079048675286
C03 569.998 90.54095147707942
C03 599.983 92.95396589828357
C03 630.013 95.04899659675377
C03 649.987 95.97520862928506
C03 670.017 96.99916481728809
C03 699.987 98.44275375906918
C03 720.012 99.05479524481682
C03 749.995 99.77656296998425
C03 770.007 100.19161838429491
C03 800.008 100.57479289667232
C03 830.013 99.95804416365937
C03 869.994 96.62449544485595
C03 900.005 91.25571182279509
C03 919.989 85.26482268146644
C03 959.989 74.50420826566912
C03 1000.013 39.77278537277994
C03 1030.002 17.263248581254782
C03 1049.996 9.337762961461431
C03 1080.005 0.6917028816233706
C03 1100.007 0.09409314641916815
C04 319.992 49.81014194455149
C04 330.006 53.42162457615787
C04 349.994 61.15913552278958
C04 370.001 71.13477442810287
C04 400.009 85.54176318169718
C04 429.983 87.74230193697281
C04 449.989 87.18971237285523
C04 469.993 86.36030457466966
C04 500.016 86.36029693303448
C04 549.99 88.97222311773871
C04 569.998 90.2840320609966
C04 599.983 92.82948366134865
C04 630.013 95.02384033377096
C04 649.987 95.99109558880548
C04 670.017 97.04674927949765
C04 699.987 98.52072900435364
C04 720.012 99.1489478317582
C04 749.995 99.88544098790008
C04 770.007 100.30583790519525
C04 800.008 100.70451729533453
C04 830.013 100.09615907773929
C04 869.994 96.75493815722423
C04 900.005 91.38681171578807
C04 919.989 85.45148490378746
C04 959.989 74.70528261192257
C04 1000.013 39.80873162462413
C04 1030.002 17.321049909687915
C04 1049.996 9.3649528546041
C04 1080.005 0.692457692049741
C04 1100.007 0.0941958241582004
C05 319.992 49.69587657384013
C05 330.006 53.24895418783487
C05 349.994 60.93302717971606
C05 370.001 71.01078125581888
C05 400.009 85.65815292698606
C05 429.983 87.92171988915176
C05 449.989 87.33790660372564
C05 469.993 86.46258021979777
C05 500.016 86.40636070984502
C05 549.99 88.97223840100905
C05 569.998 90.28162494591774
C05 599.983 92.84130527095812
C05 630.013 95.05530094576982
C05 649.987 96.03655567643752
C05 670.017 97.10305284743728
C05 699.987 98.59562467066421
C05 720.012 99.2340221561165
C05 749.995 99.98594377366854
C05 770.007 100.42021790043415
C05 800.008 100.83534973109653
C05 830.013 100.23143894517078
C05 869.994 96.9165893076307
C05 900.005 91.61553349809006
C05 919.989 85.7097186811197
C05 959.989 74.87829687382826
C05 1000.013 39.85220870792931
C05 1030.002 17.420018637195803
C05 1049.996 9.425265415395293
C05 1080.005 0.6931544504516074
C05 1100.007 0.09429060501291037
C06 319.992 49.59079644860427
C06 330.006 53.02919986440601
C06 349.994 60.598197472247726
C06 370.001 70.76183970685454
C06 400.009 85.75404016511126
C06 429.983 88.17243429747576
C06 449.989 87.61703261161527
C06 469.993 86.7230759211406
C06 500.016 86.63155205669803
C06 549.99 89.12131906155929
C06 569.998 90.42043524879823
C06 599.983 92.96860727127113
C06 630.013 95.17622982235024
C06 649.987 96.16427032504976
C06 670.017 97.22285840364758
C06 699.987 98.7303008489172
C06 720.012 99.38042060272173
C06 749.995 100.1523098129755
C06 770.007 100.59147458625053
C06 800.008 101.02111024046737
C06 830.013 100.4286542656629
C06 869.994 97.18552901583745
C06 900.005 92.02727244273652
C06 919.989 86.01480332368507
C06 959.989 74.83246998770801
C06 1000.013 39.869517011591526
C06 1030.002 17.49752583232605
C06 1049.996 9.45372955120272
C06 1080.005 0.6943077991300038
C06 1100.007 0.09444749637327886
C07 319.992 49.27849046080234
C07 330.006 52.62065130244343
C07 349.994 60.09520594120726
C07 370.001 70.35015425365428
C07 400.009 85.67298534085289
C07 429.983 88.2087091396323
C07 449.989 87.66608426777766
C07 469.993 86.74136235410471
C07 500.016 86.60930725671535
C07 549.99 89.05287293533301
C07 569.998 90.34699149317014
C07 599.983 92.88684941657704
C07 630.013 95.10538422268027
C07 649.987 96.10235015525947
C07 670.017 97.17073481014647
C07 699.987 98.69563839178173
C07 720.012 99.36448779339028
C07 749.995 100.16076910310976
C07 770.007 100.60201240115128
C07 800.008 101.04870418506971
C07 830.013 100.44966112074786
C07 869.994 97.24932902787978
C07 900.005 92.1139515104807
C07 919.989 86.06585708826225
C07 959.989 74.61602831312577
C07 1000.013 39.99333824708417
C07 1030.002 17.47938841124778
C07 1049.996 9.402159976251502
C07 1080.005 0.6943664563607097
C07 1100.007 0.09445547558450376
C10 319.992 50.693148171826174
C10 330.006 54.546771297094736
C10 349.994 62.46740256814574
C10 370.001 72.08617329015765
C10 400.009 85.76908654476287
C10 429.983 87.83688245548377
C10 449.989 87.41326076814647
C10 469.993 86.7915984637186
C10 500.016 87.04394818196918
C10 549.99 89.88207440936897
C10 569.998 91.1776907276996
C10 599.983 93.66297209271552
C10 630.013 95.80192691014838
C10 649.987 96.73371733635447
C10 670.017 97.75753597492442
C10 699.987 99.18935679854224
C10 720.012 99.78023095486633
C10 749.995 100.46814623622642
C10 770.007 100.8623552697907
C10 800.008 101.20056640082218
C10 830.013 100.53993939865758
C10 869.994 97.36140124929707
C10 900.005 91.64511426783685
C10 919.989 85.26301925556609
C10 959.989 74.04412833693117
C10 1000.013 39.756241232634814
C10 1030.002 17.387044981433114
C10 1049.996 9.255067096050103
C10 1080.005 0.6964972526300215
C10 1100.007 0.09474533027599678
C11 319.992 50.49267369393364
C11 330.006 54.339140427864606
C11 349.994 62.24844679559224
C11 370.001 71.87303280196925
C11 400.009 85.53868360272328
C11 429.983 87.56043101990397
C11 449.989 87.1128298814002
C11 469.993 86.48493200267282
C11 500.016 86.7435249368581
C11 549.99 89.55958976351931
C11 569.998 90.85179027092853
C11 599.983 93.3288186699598
C11 630.013 95.47294687440342
C11 649.987 96.41128618195101
C11 670.017 97.44044632350547
C11 699.987 98.8757364494909
C11 720.012 99.46750467712998
C11 749.995 100.16773827438567
C11 770.007 100.56652464741735
C11 800.008 100.9118195742523
C11 830.013 100.25939204662615
C11 869.994 97.1227300580025
C11 900.005 91.4365893272917
C11 919.989 85.05823107461956
C11 959.989 73.80825398410917
C11 1000.013 39.64132632293393
C11 1030.002 17.395494719523402
C11 1049.996 9.26555619552664
C11 1080.005 0.6944146816194701
C11 1100.007 0.0944620357224679
C12 319.992 50.298583802226446
C12 330.006 54.1133721375562
C12 349.994 62.01706190343318
C12 370.001 71.7602651917514
C12 400.009 85.53250916150515
C12 429.983 87.4816686861969
C12 449.989 86.9071399875035
C12 469.993 86.13353905097144
C12 500.016 86.24549664786116
C12 549.99 89.04270191892046
C12 569.998 90.39774723397565
C12 599.983 92.99115773666063
C12 630.013 95.20774392579527
C12 649.987 96.18238100040493
C12 670.017 97.23923442781894
C12 699.987 98.68790505698871
C12 720.012 99.28410543302697
C12 749.995 99.9881674895033
C12 770.007 100.39436624865081
C12 800.008 100.74799055782212
C12 830.013 100.0898929368991
C12 869.994 96.94141698030114
C12 900.005 91.2520514795482
C12 919.989 84.85546028535816
C12 959.989 73.64784842023556
C12 1000.013 39.568241724158874
C12 1030.002 17.41267311538772
C12 1049.996 9.280298820180214
C12 1080.005 0.6931698147963473
C12 1100.007 0.09429269504257144
C13 319.992 50.22198405127275
C13 330.006 53.941756294886794
C13 349.994 61.76386396367861
C13 370.001 71.66996398893617
C13 400.009 85.84215586026758
C13 429.983 87.932234779147
C13 449.989 87.36604310442512
C13 469.993 86.59066166689821
C13 500.016 86.67383322409894
C13 549.99 89.39431647804182
C13 569.998 90.72051462032663
C13 599.983 93.28826451210753
C13 630.013 95.49518403275091
C13 649.987 96.46858316246288
C13 670.017 97.5295630728692
C13 699.987 99.00132672352561
C13 720.012 99.60915002665888
C13 749.995 100.33514357607586
C13 770.007 100.76147040226368
C13 800.008 101.13487890489262
C13 830.013 100.48270355122709
C13 869.994 97.33315776570521
C13 900.005 91.61816986222404
C13 919.989 85.16370092324914
C13 959.989 73.89633911272482
C13 1000.013 39.67129681607443
C13 1030.002 17.51467175124089
C13 1049.996 9.362023242720435
C13 1080.005 0.6955752615450143
C13 1100.007 0.09461991075778524
C14 319.992 49.93616779179094
C14 330.006 53.50075370835315
C14 349.994 61.15776384927639
C14 370.001 71.19635836594563
C14 400.009 85.80479590591676
C14 429.983 88.07621846903821
C14 449.989 87.52437778516739
C14 469.993 86.70666933042855
C14 500.016 86.72439028239
C14 549.99 89.35026245128122
C14 569.998 90.66457020924003
C14 599.983 93.22648189175032
C14 630.013 95.44167730328385
C14 649.987 96.41755232279121
C14 670.017 97.48456148334742
C14 699.987 98.972066902456
C14 720.012 99.58919007559234
C14 749.995 100.33607585556673
C14 770.007 100.77215340823268
C14 800.008 101.15944676196725
C14 830.013 100.53251937090658
C14 869.994 97.42514012825804
C14 900.005 91.73813589277293
C14 919.989 85.28324666386362
C14 959.989 74.0584334779712
C14 1000.013 39.799840582102725
C14 1030.002 17.591691792128987
C14 1049.996 9.423428557341074
C14 1080.005 0.6955817444970022
C14 1100.007 0.09462079264127427
C15 319.992 49.84587423061089
C15 330.006 53.297467108717704
C15 349.994 60.82896721277553
C15 370.001 70.98589245006707
C15 400.009 85.98153928578589
C15 429.983 88.3727750467528
C15 449.989 87.80069931294928
C15 469.993 86.9071399875035
C15 500.016 86.83297027653417
C15 549.99 89.40215679572721
C15 569.998 90.73251198754502
C15 599.983 93.33344185923823
C15 630.013 95.5882285825925
C15 649.987 96.5864095351639
C15 670.017 97.66992462768938
C15 699.987 99.17896417470973
C15 720.012 99.81213478170507
C15 749.995 100.58152517725794
C15 770.007 101.02580220446234
C15 800.008 101.43649424509037
C15 830.013 100.82822008548202
C15 869.994 97.76228907200077
C15 900.005 92.11672542404776
C15 919.989 85.65464541644259
C15 959.989 74.41447254385655
C15 1000.013 40.13793708860664
C15 1030.002 17.776481813833126
C15 1049.996 9.572154837060264
C15 1080.005 0.6972833436135493
C15 1100.007 0.0948522631455524
C16 319.992 49.777103334889844
C16 330.006 53.198683690862715
C16 349.994 60.71617667765217
C16 370.001 70.9301008716839
C16 400.009 86.08109450879314
C16 429.983 88.52783146600673
C16 449.989 87.9734690425295
C16 469.993 87.08607651666668
C16 500.016 87.00645831982045
C16 549.99 89.52669252410834
C16 569.998 90.83835627629799
C16 599.983 93.41196730225502
C16 630.013 95.64991186169249
C16 649.987 96.64515078472306
C16 670.017 97.72140632383613
C16 699.987 99.23995970664433
C16 720.012 99.88965152887928
C16 749.995 100.67103165001538
C16 770.007 101.1161492570886
C16 800.008 101.54875750738694
C16 830.013 100.97175291889815
C16 869.994 97.93997237299591
C16 900.005 92.39762429129705
C16 919.989 85.8922544204484
C16 959.989 74.60708759997574
C16 1000.013 40.46340579299056
C16 1030.002 17.909767214484997
C16 1049.996 9.681949851196608
C16 1080.005 0.6979038545744201
C16 1100.007 0.0949366719723002
C17 319.992 49.40608666406943
C17 330.006 52.68760348899379
C17 349.994 60.02264479444142
C17 370.001 70.25639139010661
C17 400.009 85.78064069714137
C17 429.983 88.46597242929782
C17 449.989 88.01297629636336
C17 469.993 87.21770368248646
C17 500.016 87.17321408252113
C17 549.99 89.62546830032815
C17 569.998 90.8572693233461
C17 599.983 93.30781945651002
C17 630.013 95.46093422391466
C17 649.987 96.42705087530871
C17 670.017 97.4947477830303
C17 699.987 99.0186961602692
C17 720.012 99.67463119843883
C17 749.995 100.47498549970443
C17 770.007 100.94194290009624
C17 800.008 101.40391795435657
C17 830.013 100.84506224939881
C17 869.994 97.8300398094265
C17 900.005 92.33928040676678
C17 919.989 85.78967310991344
C17 959.989 74.49736136055594
C17 1000.013 40.5073642993115
C17 1030.002 17.826049280369553
C17 1049.996 9.616397994291326
C17 1080.005 0.6965447942459506
C17 1100.007 0.09475179741723251
