lsstCam/transmission_sensor/r03_s00/19700101T000000.ecsv
# %ECSV 1.0
# ---
# datatype:
# - {name: amp_name, datatype: string}
# - {name: wavelength, unit: nm, datatype: float32}
# - {name: efficiency, unit: '%', datatype: float64}
# meta: !!omap
# - {MODE: AMP}
# - {TYPE: transmission_sensor}
# - {CALIBDATE: '1970-01-01T00:00:00'}
# - {INSTRUME: LSSTCAM}
# - {OBSTYPE: transmission_sensor}
# - {DETECTOR: 18}
# - {PARQUETFILE: qe_raft_allvalues_nircorrected_20230725.parquet}
# - {CALIBCLS: lsst.ip.isr.IntermediateSensorTransmissionCurve}
# - {CALIB_ID: 'raftName=R03 detectorName=S00 detector=18 calibDate=1970-01-01T00:00:00 ccd=18 ccdnum=18 filter=None'}
# - {DATE: '2023-08-02T16:57:55.534608'}
# - {CALIB_CREATION_DATE: '2023-08-02'}
# - {CALIB_CREATION_TIME: '16:57:55'}
# - __serialized_columns__:
#     efficiency:
#       __class__: astropy.units.quantity.Quantity
#       unit: !astropy.units.Unit {unit: '%'}
#       value: !astropy.table.SerializedColumn {name: efficiency}
#     wavelength:
#       __class__: astropy.units.quantity.Quantity
#       unit: !astropy.units.Unit {unit: nm}
#       value: !astropy.table.SerializedColumn {name: wavelength}
# schema: astropy-2.0
amp_name wavelength efficiency
C00 319.992 50.417205810546875
C00 330.006 54.31573486328125
C00 349.994 62.30864334106445
C00 370.001 71.89859771728516
C00 400.009 85.37407684326172
C00 429.983 87.33854675292969
C00 449.989 86.87926483154297
C00 469.993 86.21615600585938
C00 500.016 86.43882751464844
C00 549.99 89.2786865234375
C00 569.998 90.5978012084961
C00 599.983 93.100341796875
C00 630.013 95.24408721923828
C00 649.987 96.18085479736328
C00 670.017 97.19440460205078
C00 699.987 98.61783599853516
C00 720.012 99.20645904541016
C00 749.995 99.88525390625
C00 770.007 100.26737213134766
C00 800.008 100.60826873779297
C00 830.013 99.97824096679688
C00 869.994 96.68373107910156
C00 900.005 91.21484375
C00 919.989 85.25922393798828
C00 959.989 74.70270538330078
C00 1000.013 39.90538787841797
C00 1030.002 17.363088607788086
C00 1049.996 9.332204818725586
C00 1080.005 0.6924563281488944
C00 1100.007 0.09419563862518401
C01 319.992 50.17205810546875
C01 330.006 53.95840072631836
C01 349.994 61.838096618652344
C01 370.001 71.48113250732422
C01 400.009 85.23584747314453
C01 429.983 87.3431625366211
C01 449.989 86.96179962158203
C01 469.993 86.37985229492188
C01 500.016 86.66254425048828
C01 549.99 89.40113067626953
C01 569.998 90.63160705566406
C01 599.983 93.01107788085938
C01 630.013 95.0909652709961
C01 649.987 96.00574493408203
C01 670.017 97.01390075683594
C01 699.987 98.44141387939453
C01 720.012 99.03893280029297
C01 749.995 99.73955535888672
C01 770.007 100.1361083984375
C01 800.008 100.50173950195312
C01 830.013 99.88834381103516
C01 869.994 96.67017364501953
C01 900.005 91.3946304321289
C01 919.989 85.38426971435547
C01 959.989 74.6292953491211
C01 1000.013 39.964698791503906
C01 1030.002 17.3442325592041
C01 1049.996 9.366787910461426
C01 1080.005 0.6914462966661459
C01 1100.007 0.09405824286940637
C02 319.992 49.89912033081055
C02 330.006 53.63349151611328
C02 349.994 61.44990921020508
C02 370.001 71.16381072998047
C02 400.009 85.01582336425781
C02 429.983 87.11365509033203
C02 449.989 86.64718627929688
C02 469.993 85.97205352783203
C02 500.016 86.13268280029297
C02 549.99 88.83966827392578
C02 569.998 90.1058578491211
C02 599.983 92.55323028564453
C02 630.013 94.66719818115234
C02 649.987 95.59716033935547
C02 670.017 96.61943054199219
C02 699.987 98.04812622070312
C02 720.012 98.63912963867188
C02 749.995 99.33653259277344
C02 770.007 99.74394226074219
C02 800.008 100.10546112060547
C02 830.013 99.47382354736328
C02 869.994 96.20881652832031
C02 900.005 90.91466522216797
C02 919.989 84.9477310180664
C02 959.989 74.22651672363281
C02 1000.013 39.68650436401367
C02 1030.002 17.249317169189453
C02 1049.996 9.325835227966309
C02 1080.005 0.688652346944242
C02 1100.007 0.09367817864348627
C03 319.992 49.83592224121094
C03 330.006 53.447608947753906
C03 349.994 61.13967514038086
C03 370.001 70.96626281738281
C03 400.009 85.2363052368164
C03 429.983 87.5057373046875
C03 449.989 87.08367156982422
C03 469.993 86.4164047241211
C03 500.016 86.55084228515625
C03 549.99 89.16484832763672
C03 569.998 90.39591979980469
C03 599.983 92.80506896972656
C03 630.013 94.89674377441406
C03 649.987 95.82147216796875
C03 670.017 96.84378814697266
C03 699.987 98.28506469726562
C03 720.012 98.89612579345703
C03 749.995 99.61673736572266
C03 770.007 100.0311279296875
C03 800.008 100.41368865966797
C03 830.013 99.79792785644531
C03 869.994 96.46971893310547
C03 900.005 91.10953521728516
C03 919.989 85.12824249267578
C03 959.989 74.3848648071289
C03 1000.013 39.709075927734375
C03 1030.002 17.235595703125
C03 1049.996 9.322805404663086
C03 1080.005 0.6905948876442815
C03 1100.007 0.09394242471122714
C04 319.992 49.73035430908203
C04 330.006 53.33605194091797
C04 349.994 61.0611686706543
C04 370.001 71.02082824707031
C04 400.009 85.40473937988281
C04 429.983 87.60175323486328
C04 449.989 87.050048828125
C04 469.993 86.22196960449219
C04 500.016 86.22196197509766
C04 549.99 88.82970428466797
C04 569.998 90.13941192626953
C04 599.983 92.6807861328125
C04 630.013 94.87162780761719
C04 649.987 95.83733367919922
C04 670.017 96.89129638671875
C04 699.987 98.3629150390625
C04 720.012 98.99012756347656
C04 749.995 99.7254409790039
C04 770.007 100.1451644897461
C04 800.008 100.54320526123047
C04 830.013 99.93582153320312
C04 869.994 96.5999526977539
C04 900.005 91.24042510986328
C04 919.989 85.31460571289062
C04 959.989 74.58561706542969
C04 1000.013 39.744964599609375
C04 1030.002 17.293304443359375
C04 1049.996 9.34995174407959
C04 1080.005 0.6913484889887903
C04 1100.007 0.09404493797744938
C05 319.992 49.61627197265625
C05 330.006 53.163658142089844
C05 349.994 60.83542251586914
C05 370.001 70.89703369140625
C05 400.009 85.52094268798828
C05 429.983 87.7808837890625
C05 449.989 87.19800567626953
C05 469.993 86.32408142089844
C05 500.016 86.26795196533203
C05 549.99 88.82971954345703
C05 569.998 90.13700866699219
C05 599.983 92.69258880615234
C05 630.013 94.90303802490234
C05 649.987 95.88272094726562
C05 670.017 96.947509765625
C05 699.987 98.43769073486328
C05 720.012 99.07506561279297
C05 749.995 99.8257827758789
C05 770.007 100.25936126708984
C05 800.008 100.673828125
C05 830.013 100.07088470458984
C05 869.994 96.76134490966797
C05 900.005 91.46878051757812
C05 919.989 85.57242584228516
C05 959.989 74.75835418701172
C05 1000.013 39.78837203979492
C05 1030.002 17.392114639282227
C05 1049.996 9.410167694091797
C05 1080.005 0.6920441312985677
C05 1100.007 0.0941395670088561
C06 319.992 49.51136016845703
C06 330.006 52.94425582885742
C06 349.994 60.501129150390625
C06 370.001 70.64849090576172
C06 400.009 85.6166763305664
C06 429.983 88.03119659423828
C06 449.989 87.4766845703125
C06 469.993 86.58415985107422
C06 500.016 86.49278259277344
C06 549.99 88.97856140136719
C06 569.998 90.27559661865234
C06 599.983 92.81968688964844
C06 630.013 95.02377319335938
C06 649.987 96.0102310180664
C06 670.017 97.06712341308594
C06 699.987 98.57215118408203
C06 720.012 99.22122955322266
C06 749.995 99.99188232421875
C06 770.007 100.43034362792969
C06 800.008 100.85929107666016
C06 830.013 100.26778411865234
C06 869.994 97.02985382080078
C06 900.005 91.8798599243164
C06 919.989 85.87702178955078
C06 959.989 74.71260070800781
C06 1000.013 39.8056526184082
C06 1030.002 17.469497680664062
C06 1049.996 9.438586235046387
C06 1080.005 0.6931956325025276
C06 1100.007 0.09429620705513111
C07 319.992 49.199554443359375
C07 330.006 52.53636169433594
C07 349.994 59.99894332885742
C07 370.001 70.23746490478516
C07 400.009 85.53575134277344
C07 429.983 88.06741333007812
C07 449.989 87.5256576538086
C07 469.993 86.6024169921875
C07 500.016 86.47057342529297
C07 549.99 88.91022491455078
C07 569.998 90.2022705078125
C07 599.983 92.7380599975586
C07 630.013 94.95304107666016
C07 649.987 95.94841003417969
C07 670.017 97.01508331298828
C07 699.987 98.53754425048828
C07 720.012 99.205322265625
C07 749.995 100.00032806396484
C07 770.007 100.44086456298828
C07 800.008 100.8868408203125
C07 830.013 100.28875732421875
C07 869.994 97.09355163574219
C07 900.005 91.96640014648438
C07 919.989 85.92799377441406
C07 959.989 74.49650573730469
C07 1000.013 39.92927551269531
C07 1030.002 17.45138931274414
C07 1049.996 9.387099266052246
C07 1080.005 0.6932541957740204
C07 1100.007 0.09430417348497512
C10 319.992 50.61194610595703
C10 330.006 54.45939636230469
C10 349.994 62.367340087890625
C10 370.001 71.970703125
C10 400.009 85.63169860839844
C10 429.983 87.69618225097656
C10 449.989 87.27323913574219
C10 469.993 86.65257263183594
C10 500.016 86.9045181274414
C10 549.99 89.73809814453125
C10 569.998 91.0316390991211
C10 599.983 93.512939453125
C10 630.013 95.64846801757812
C10 649.987 96.57876586914062
C10 670.017 97.60094451904297
C10 699.987 99.03047180175781
C10 720.012 99.62039947509766
C10 749.995 100.30721282958984
C10 770.007 100.70079040527344
C10 800.008 101.03845977783203
C10 830.013 100.37889099121094
C10 869.994 97.2054443359375
C10 900.005 91.4983139038086
C10 919.989 85.1264419555664
C10 959.989 73.92552185058594
C10 1000.013 39.69255828857422
C10 1030.002 17.359193801879883
C10 1049.996 9.240242004394531
C10 1080.005 0.6953815788590014
C10 1100.007 0.09459356387703913
C11 319.992 50.41179275512695
C11 330.006 54.252098083496094
C11 349.994 62.14873504638672
C11 370.001 71.75790405273438
C11 400.009 85.40166473388672
C11 429.983 87.42017364501953
C11 449.989 86.9732894897461
C11 469.993 86.34639739990234
C11 500.016 86.60457611083984
C11 549.99 89.41613006591797
C11 569.998 90.70626068115234
C11 599.983 93.1793212890625
C11 630.013 95.32001495361328
C11 649.987 96.25685119628906
C11 670.017 97.28436279296875
C11 699.987 98.71735382080078
C11 720.012 99.30817413330078
C11 749.995 100.00728607177734
C11 770.007 100.40543365478516
C11 800.008 100.75017547607422
C11 830.013 100.09879302978516
C11 869.994 96.96715545654297
C11 900.005 91.29012298583984
C11 919.989 84.92198181152344
C11 959.989 73.69002532958984
C11 1000.013 39.57782745361328
C11 1030.002 17.367630004882812
C11 1049.996 9.250714302062988
C11 1080.005 0.6933023437838668
C11 1100.007 0.09431072311467978
C12 319.992 50.218013763427734
C12 330.006 54.02669143676758
C12 349.994 61.917720794677734
C12 370.001 71.64531707763672
C12 400.009 85.39550018310547
C12 429.983 87.34153747558594
C12 449.989 86.76792907714844
C12 469.993 85.99556732177734
C12 500.016 86.10734558105469
C12 549.99 88.90007019042969
C12 569.998 90.25294494628906
C12 599.983 92.84220123291016
C12 630.013 95.05523681640625
C12 649.987 96.02831268310547
C12 670.017 97.0834732055664
C12 699.987 98.52982330322266
C12 720.012 99.12506866455078
C12 749.995 99.8280029296875
C12 770.007 100.23355102539062
C12 800.008 100.58660888671875
C12 830.013 99.9295654296875
C12 869.994 96.7861328125
C12 900.005 91.10588073730469
C12 919.989 84.71953582763672
C12 959.989 73.52987670898438
C12 1000.013 39.504859924316406
C12 1030.002 17.384780883789062
C12 1049.996 9.265433311462402
C12 1080.005 0.6920594710321604
C12 1100.007 0.09414165369063424
C13 319.992 50.141536712646484
C13 330.006 53.855350494384766
C13 349.994 61.6649284362793
C13 370.001 71.55516052246094
C13 400.009 85.70465087890625
C13 429.983 87.7913818359375
C13 449.989 87.2260971069336
C13 469.993 86.45195770263672
C13 500.016 86.53499603271484
C13 549.99 89.2511215209961
C13 569.998 90.5751953125
C13 599.983 93.13883209228516
C13 630.013 95.34221649169922
C13 649.987 96.31405639648438
C13 670.017 97.37333679199219
C13 699.987 98.84274291992188
C13 720.012 99.44959259033203
C13 749.995 100.17442321777344
C13 770.007 100.60006713867188
C13 800.008 100.9728775024414
C13 830.013 100.32174682617188
C13 869.994 97.17724609375
C13 900.005 91.4714126586914
C13 919.989 85.02728271484375
C13 959.989 73.77796936035156
C13 1000.013 39.607749938964844
C13 1030.002 17.486616134643555
C13 1049.996 9.347026824951172
C13 1080.005 0.6944610646517088
C13 1100.007 0.09446834526021852
C14 319.992 49.856178283691406
C14 330.006 53.41505432128906
C14 349.994 61.05979919433594
C14 370.001 71.08231353759766
C14 400.009 85.66735076904297
C14 429.983 87.93513488769531
C14 449.989 87.3841781616211
C14 469.993 86.56777954101562
C14 500.016 86.5854721069336
C14 549.99 89.20713806152344
C14 569.998 90.51934051513672
C14 599.983 93.0771484375
C14 630.013 95.2887954711914
C14 649.987 96.26310729980469
C14 670.017 97.32840728759766
C14 699.987 98.81352996826172
C14 720.012 99.4296646118164
C14 749.995 100.17535400390625
C14 770.007 100.61073303222656
C14 800.008 100.99740600585938
C14 830.013 100.3714828491211
C14 869.994 97.26908111572266
C14 900.005 91.5911865234375
C14 919.989 85.14663696289062
C14 959.989 73.93980407714844
C14 1000.013 39.736087799072266
C14 1030.002 17.563512802124023
C14 1049.996 9.408333778381348
C14 1080.005 0.6944675372190764
C14 1100.007 0.09446922573107559
C15 319.992 49.766029357910156
C15 330.006 53.212093353271484
C15 349.994 60.731529235839844
C15 370.001 70.87218475341797
C15 400.009 85.84381103515625
C15 429.983 88.23121643066406
C15 449.989 87.6600570678711
C15 469.993 86.76792907714844
C15 500.016 86.69387817382812
C15 549.99 89.25894927978516
C15 569.998 90.58717346191406
C15 599.983 93.1839370727539
C15 630.013 95.43511199951172
C15 649.987 96.43169403076172
C15 670.017 97.51347351074219
C15 699.987 99.02009582519531
C15 720.012 99.65225219726562
C15 749.995 100.42041015625
C15 770.007 100.86397552490234
C15 800.008 101.27400970458984
C15 830.013 100.66670989990234
C15 869.994 97.6056900024414
C15 900.005 91.96916961669922
C15 919.989 85.51744079589844
C15 959.989 74.29527282714844
C15 1000.013 40.07364273071289
C15 1030.002 17.74800682067871
C15 1049.996 9.556821823120117
C15 1080.005 0.6961664106543721
C15 1100.007 0.09470032545776715
C16 319.992 49.69736862182617
C16 330.006 53.113468170166016
C16 349.994 60.618919372558594
C16 370.001 70.81648254394531
C16 400.009 85.94320678710938
C16 429.983 88.38602447509766
C16 449.989 87.83255004882812
C16 469.993 86.94657897949219
C16 500.016 86.8670883178711
C16 549.99 89.38328552246094
C16 569.998 90.6928482055664
C16 599.983 93.26233673095703
C16 630.013 95.49669647216797
C16 649.987 96.49034118652344
C16 670.017 97.56487274169922
C16 699.987 99.08099365234375
C16 720.012 99.72964477539062
C16 749.995 100.50977325439453
C16 770.007 100.95417785644531
C16 800.008 101.38609313964844
C16 830.013 100.81001281738281
C16 869.994 97.78308868408203
C16 900.005 92.24961853027344
C16 919.989 85.75466918945312
C16 959.989 74.48757934570312
C16 1000.013 40.398590087890625
C16 1030.002 17.881078720092773
C16 1049.996 9.666440963745117
C16 1080.005 0.6967859276589838
C16 1100.007 0.09478459907549053
C17 319.992 49.32694625854492
C17 330.006 52.603206634521484
C17 349.994 59.92649841308594
C17 370.001 70.14385223388672
C17 400.009 85.64323425292969
C17 429.983 88.32426452636719
C17 449.989 87.87199401855469
C17 469.993 87.07799530029297
C17 500.016 87.03357696533203
C17 549.99 89.48190307617188
C17 569.998 90.71173095703125
C17 599.983 93.15835571289062
C17 630.013 95.30802154541016
C17 649.987 96.27259063720703
C17 670.017 97.33857727050781
C17 699.987 98.8600845336914
C17 720.012 99.51496887207031
C17 749.995 100.31404113769531
C17 770.007 100.7802505493164
C17 800.008 101.24148559570312
C17 830.013 100.68352508544922
C17 869.994 97.67333221435547
C17 900.005 92.19136810302734
C17 919.989 85.65225219726562
C17 959.989 74.3780288696289
C17 1000.013 40.44247817993164
C17 1030.002 17.797494888305664
C17 1049.996 9.600994110107422
C17 1080.005 0.6954290443210998
C17 1100.007 0.0946000206589808
