lsstCam/transmission_filter_detector/r24_s10/z_20/19700101T000000.ecsv
# %ECSV 1.0
# ---
# datatype:
# - {name: wavelength, unit: nm, datatype: float32}
# - {name: efficiency, unit: '%', datatype: float64}
# meta: !!omap
# - {MODE: DETECTOR}
# - {TYPE: transmission_filter_detector}
# - {CALIBDATE: '1970-01-01T00:00:00'}
# - {INSTRUME: LSSTCam}
# - {OBSTYPE: transmission_filter_detector}
# - {CALIBCLS: lsst.ip.isr.IntermediateFilterDetectorTransmissionCurve}
# - {SOURCE: Materion (DM-46256)}
# - {DETECTOR: 111}
# - {FILTER: z_20}
# - {CALIB_ID: 'calibDate=1970-01-01T00:00:00 filter=z_20 detector=111'}
# - {DATE: '2025-04-02T15:59:49.153542'}
# - {CALIB_CREATION_DATE: '2025-04-02'}
# - {CALIB_CREATION_TIME: '15:59:49'}
# - __serialized_columns__:
#     efficiency:
#       __class__: astropy.units.quantity.Quantity
#       unit: !astropy.units.Unit {unit: '%'}
#       value: !astropy.table.SerializedColumn {name: efficiency}
#     wavelength:
#       __class__: astropy.units.quantity.Quantity
#       unit: !astropy.units.Unit {unit: nm}
#       value: !astropy.table.SerializedColumn {name: wavelength}
# schema: astropy-2.0
wavelength efficiency
[from data line 600]
900.0 98.78456592559814
901.0 99.53838586807251
902.0 99.2640733718872
903.0 98.50431680679321
904.0 97.67072200775146
905.0 98.28469157218933
906.0 97.97045588493347
907.0 98.66551160812378
908.0 98.3206033706665
909.0 98.1232225894928
910.0 98.22754263877869
911.0 96.96653485298157
912.0 95.79252004623413
913.0 94.98239159584045
914.0 92.63469576835632
915.0 90.0574803352356
916.0 87.92338371276855
917.0 86.75357699394226
918.0 82.96624422073364
919.0 82.01046586036682
920.0 78.8444459438324
921.0 75.32941102981567
922.0 70.59727311134338
923.0 65.09743332862854
924.0 59.44949984550476
925.0 54.00826334953308
926.0 48.00361692905426
927.0 41.03180766105652
928.0 35.26991009712219
929.0 28.757992386817932
930.0 23.30450266599655
931.0 18.147186934947968
932.0 12.807616591453552
933.0 8.46896544098854
934.0 5.5337365716695786
935.0 3.3943865448236465
936.0 1.9401449710130692
937.0 1.2263222597539425
938.0 0.6079490296542645
939.0 0.4600468557327986
940.0 0.2595393219962716
941.0 0.16845143400132656
942.0 0.10496930917724967
943.0 0.016995416081044823
944.0 1.60789795106836e-10
945.0 0.05120760761201382
946.0 0.04045062814839184
947.0 1.60789795106836e-10
948.0 1.60789795106836e-10
949.0 0.08485545986331999
950.0 1.60789795106836e-10
951.0 0.054257147712633014
952.0 1.60789795106836e-10
953.0 1.60789795106836e-10
954.0 0.03378275432623923
955.0 1.60789795106836e-10
956.0 1.60789795106836e-10
957.0 1.60789795106836e-10
958.0 1.60789795106836e-10
959.0 0.05785541725344956
960.0 1.60789795106836e-10
961.0 0.0062633938796352595
962.0 0.011849388829432428
963.0 1.60789795106836e-10
964.0 1.60789795106836e-10
965.0 1.60789795106836e-10
966.0 1.60789795106836e-10
967.0 0.07734507089480758
968.0 1.60789795106836e-10
969.0 0.012612318096216768
970.0 1.60789795106836e-10
971.0 0.05465640570037067
972.0 1.60789795106836e-10
973.0 1.60789795106836e-10
974.0 0.024958336143754423
975.0 1.60789795106836e-10
976.0 0.006364098226185888
977.0 0.006362140265991911
978.0 0.006360184488585219
979.0 0.006149069668026641
980.0 0.005937953756074421
981.0 0.005766372487414628
982.0 0.005594790854956955
983.0 0.005520867489394732
984.0 0.00544694448763039
985.0 0.005258792589302175
986.0 0.00507064069097396
987.0 0.0050302420277148485
988.0 0.0049898430006578565
989.0 0.0048987149057211354
990.0 0.004807587174582295
991.0 0.004890439231530763
992.0 0.004973291288479231
993.0 0.0048857029469218105
994.0 0.004798113877768628
995.0 0.004715942850452848
996.0 0.004633771823137067
997.0 0.004428137981449254
998.0 0.0042225041397614405
999.0 0.004240895214024931
1000.0 0.004259286288288422
1001.0 0.004342647662269883
1002.0 0.004426008672453463
1003.0 0.004371103204903193
1004.0 0.004316198101150803
1005.0 0.004342192551121116
1006.0 0.004368187001091428
1007.0 0.00432966735388618
1008.0 0.0042911473428830504
1009.0 0.0043155097955605015
1010.0 0.004339872248237953
1011.0 0.004405041545396671
1012.0 0.00447021157015115
1013.0 0.00436062655353453
1014.0 0.00425104153691791
1015.0 0.004411685222294182
1016.0 0.0045723285438725725
1017.0 0.004644625005312264
1018.0 0.004716921102954075
1019.0 0.004603707202477381
1020.0 0.004490492938202806
1021.0 0.004618320963345468
1022.0 0.00474614898848813
1023.0 0.004651263589039445
1024.0 0.00455637818959076
1025.0 0.004692424772656523
1026.0 0.004828471355722286
1027.0 0.0048291021812474355
1028.0 0.004829733006772585
1029.0 0.004786576755577698
1030.0 0.004743420140584931
1031.0 0.004876602542935871
1032.0 0.00500978458148893
1033.0 0.005045372745371424
1034.0 0.005080961273051798
1035.0 0.005175466139917262
1036.0 0.0052699710067827255
1037.0 0.005442215842776932
1038.0 0.005614460678771138
1039.0 0.00551295634068083
1040.0 0.0054114516387926415
1041.0 0.005539505582419224
1042.0 0.005667559526045807
1043.0 0.0054721815104130656
1044.0 0.005276803494780324
1045.0 0.0057387747801840305
1046.0 0.006200745701789856
1047.0 0.006109475361881778
1048.0 0.006018203930580057
1049.0 0.006145339284557849
1050.0 0.006272475002333522
1051.0 0.006437339470721781
1052.0 0.006602204666705802
1053.0 0.006871888035675511
1054.0 0.007141572859836742
1055.0 0.007571910100523382
1056.0 0.008002248796401545
1057.0 0.007727144111413509
1058.0 0.007452039426425472
1059.0 0.007663464202778414
1060.0 0.007874887523939833
1061.0 0.00852498851600103
1062.0 0.009175088052870706
1063.0 0.009145555668510497
1064.0 0.009116023284150288
1065.0 0.009363699064124376
1066.0 0.00961137775448151
1067.0 0.009665486868470907
1068.0 0.009719596710056067
1069.0 0.010298169945599511
1070.0 0.010876741725951433
1071.0 0.010450903937453404
1072.0 0.01002506905933842
1073.0 0.010572539031272754
1074.0 0.011120009003207088
1075.0 0.011560253915376961
1076.0 0.012000502465525642
1077.0 0.012259441427886486
1078.0 0.012518379662651569
1079.0 0.013275542005430907
1080.0 0.014032705803401768
1081.0 0.013942124496679753
1082.0 0.01385154464514926
1083.0 0.013969361316412687
1084.0 0.014087179442867637
1085.0 0.014822895172983408
1086.0 0.015558609447907656
1087.0 0.015634411829523742
1088.0 0.015710212755948305
1089.0 0.016390248492825776
1090.0 0.017070284229703248
1091.0 0.01703240559436381
1092.0 0.016994525503832847
1093.0 0.0177662746864371
1094.0 0.018538023869041353
1095.0 0.019241089466959238
1096.0 0.019944155064877123
1097.0 0.020051795581821352
1098.0 0.020159437553957105
1099.0 0.02163364115403965
1100.0 0.023107843298930675
1101.0 0.023633598175365478
1102.0 0.024159351596608758
1103.0 0.025107772671617568
1104.0 0.02605619083624333
1105.0 0.026457602507434785
1106.0 0.02685901417862624
1107.0 0.027870648773387074
1108.0 0.02888228336814791
1109.0 0.029771530535072088
1110.0 0.03066077479161322
1111.0 0.030238166800700128
1112.0 0.02981556172017008
1113.0 0.03156518505420536
1114.0 0.033314808388240635
1115.0 0.03335362998768687
1116.0 0.033392454497516155
1117.0 0.03427625633776188
1118.0 0.03516006108839065
1119.0 0.038552554906345904
1120.0 0.041945045813918114
1121.0 0.042896735249087214
1122.0 0.043848424684256315
1123.0 0.043667765567079186
1124.0 0.04348710644990206
1125.0 0.04486629040911794
1126.0 0.04624547727871686
1127.0 0.04975477932021022
1128.0 0.05326407263055444
1129.0 0.05382035160437226
1130.0 0.05437663057819009
1131.0 0.05726172239519656
1132.0 0.06014680257067084
1133.0 0.062437786255031824
1134.0 0.0647287699393928
1135.0 0.06540993344970047
1136.0 0.06609109696000814
1137.0 0.0722031225450337
1138.0 0.07831516559235752
1139.0 0.08154685492627323
1140.0 0.08477853843942285
1141.0 0.09604222723282874
1142.0 0.10730590438470244
1143.0 0.13250383781269193
1144.0 0.15770175959914923
1145.0 0.3092854283750057
1146.0 0.4608691204339266
1147.0 0.9717414155602455
1148.0 1.4826136641204357
1149.0 1.6594884917140007
1150.0 1.8363645300269127
