lsstCam/transmission_filter_detector/r24_s10/z_20/19700101T000000.ecsv
# %ECSV 1.0
# ---
# datatype:
# - {name: wavelength, unit: nm, datatype: float32}
# - {name: efficiency, unit: '%', datatype: float64}
# meta: !!omap
# - {MODE: DETECTOR}
# - {TYPE: transmission_filter_detector}
# - {CALIBDATE: '1970-01-01T00:00:00'}
# - {INSTRUME: LSSTCam}
# - {OBSTYPE: transmission_filter_detector}
# - {CALIBCLS: lsst.ip.isr.IntermediateFilterDetectorTransmissionCurve}
# - {SOURCE: Materion (DM-46256)}
# - {DETECTOR: 111}
# - {FILTER: z_20}
# - {CALIB_ID: 'calibDate=1970-01-01T00:00:00 filter=z_20 detector=111'}
# - {DATE: '2025-04-02T15:59:49.153542'}
# - {CALIB_CREATION_DATE: '2025-04-02'}
# - {CALIB_CREATION_TIME: '15:59:49'}
# - __serialized_columns__:
#     efficiency:
#       __class__: astropy.units.quantity.Quantity
#       unit: !astropy.units.Unit {unit: '%'}
#       value: !astropy.table.SerializedColumn {name: efficiency}
#     wavelength:
#       __class__: astropy.units.quantity.Quantity
#       unit: !astropy.units.Unit {unit: nm}
#       value: !astropy.table.SerializedColumn {name: wavelength}
# schema: astropy-2.0
wavelength efficiency
300.0 0.6081867963075638
301.0 0.44801742769777775
302.0 0.2878481289371848
303.0 0.2642963780090213
304.0 0.2407446037977934
305.0 0.21009230986237526
306.0 0.17943999264389277
307.0 0.15924618346616626
308.0 0.13905239757150412
309.0 0.135386164765805
310.0 0.13171995524317026
311.0 0.1210491405799985
312.0 0.11037833755835891
313.0 0.10502990335226059
314.0 0.09968146914616227
315.0 0.09052387322299182
316.0 0.08136627729982138
317.0 0.07391312392428517
318.0 0.06645998219028115
319.0 0.06988210952840745
320.0 0.07330423686653376
321.0 0.0664487190078944
322.0 0.05959320697002113
323.0 0.05571928923018277
324.0 0.05184538313187659
325.0 0.046493930858559906
326.0 0.04114248149562627
327.0 0.04036267346236855
328.0 0.039582865429110825
329.0 0.03584792430046946
330.0 0.03211298608221114
331.0 0.029076443752273917
332.0 0.026039901422336698
333.0 0.025353269302286208
334.0 0.024666637182235718
335.0 0.024012946232687682
336.0 0.0233592523727566
337.0 0.02362872619414702
338.0 0.023898195649962872
339.0 0.0220641159103252
340.0 0.02023003762587905
341.0 0.018456958059687167
342.0 0.016683878493495286
343.0 0.01472786971135065
344.0 0.012771860929206014
345.0 0.012985803186893463
346.0 0.013199742534197867
347.0 0.012575079745147377
348.0 0.011950419138884172
349.0 0.01323143660556525
350.0 0.014512456255033612
351.0 0.013080319331493229
352.0 0.0116481794975698
353.0 0.012494302063714713
354.0 0.013340423174668103
355.0 0.011357481707818806
356.0 0.009374539513373747
357.0 0.009944182238541543
358.0 0.010513826418900862
359.0 0.010100516374222934
360.0 0.009687206329545006
361.0 0.008886858995538205
362.0 0.00808651457191445
363.0 0.008227984653785825
364.0 0.0083694547356572
365.0 0.008633596007712185
366.0 0.008897739462554455
367.0 0.008648012590128928
368.0 0.008398286445299163
369.0 0.008547317702323198
370.0 0.008696348959347233
371.0 0.007957896741572767
372.0 0.00721944379620254
373.0 0.0064301639213226736
374.0 0.005640884046442807
375.0 0.005841110032633878
376.0 0.0060413352912291884
377.0 0.00662459060549736
378.0 0.007207845192169771
379.0 0.0061376733356155455
380.0 0.005067500751465559
381.0 0.004088533023605123
382.0 0.0031095649319468066
383.0 0.0041663111915113404
384.0 0.005223057814873755
385.0 0.004894347148365341
386.0 0.004565636845654808
387.0 0.005170383883523755
388.0 0.005775131648988463
389.0 0.005072553176432848
390.0 0.004369975067675114
391.0 0.004233746221871115
392.0 0.004097518103662878
393.0 0.004669648478738964
394.0 0.00524177958141081
395.0 0.004448464824235998
396.0 0.003655150067061186
397.0 0.0038195892557268962
398.0 0.003984027716796845
399.0 0.003952038605348207
400.0 0.00392004985769745
401.0 0.004308565621613525
402.0 0.0046970813855296
403.0 0.004750418520416133
404.0 0.004803755655302666
405.0 0.004401145633892156
406.0 0.003998535976279527
407.0 0.0030489511118503287
408.0 0.0020993671569158323
409.0 0.00283078734355513
410.0 0.003562207712093368
411.0 0.003939360613003373
412.0 0.004316513513913378
413.0 0.004153425470576622
414.0 0.003990337063441984
415.0 0.0033535154216224328
416.0 0.0027166943254997022
417.0 0.003303421544842422
418.0 0.0038901485822862014
419.0 0.0032516658393433318
420.0 0.0026131832782994024
421.0 0.0032546722650295123
422.0 0.0038961614336585626
423.0 0.00360146768798586
424.0 0.0033067743061110377
425.0 0.0026429623176227324
426.0 0.0019791506929323077
427.0 0.0024347637008759193
428.0 0.0028903765269205905
429.0 0.0025425471903872676
430.0 0.0021947183995507658
431.0 0.0014613187886425294
432.0 0.000727919177734293
433.0 0.0011043571248592343
434.0 0.0014807951629336458
435.0 0.0016775022231740877
436.0 0.0018742093743639998
437.0 0.0018886543330154382
438.0 0.0019030996554647572
439.0 0.002233479062851984
440.0 0.0025638588340370916
441.0 0.002196090827055741
442.0 0.0018283228200743906
443.0 0.002335749741178006
444.0 0.0028431766622816212
445.0 0.0030873576179146767
446.0 0.0033315383916487917
447.0 0.0024692511942703277
448.0 0.0016069639968918636
449.0 0.002203078111051582
450.0 0.0027991925890091807
451.0 0.0023776245143380947
452.0 0.001956056075869128
453.0 0.0018135326172341593
454.0 0.0016710095223970711
455.0 0.0022009809981682338
456.0 0.0027309524739393964
457.0 0.0019997178242192604
458.0 0.001268483538297005
459.0 0.0014264826859289315
460.0 0.001584481833560858
461.0 0.001274909755011322
462.0 0.0009653375855123159
463.0 0.0015221747162286192
464.0 0.0020790119378943928
465.0 0.0019725135643966496
466.0 0.0018660155546967871
467.0 0.0018207101675216109
468.0 0.0017754045984474942
469.0 0.001515645726613002
470.0 0.0012558868547785096
471.0 0.0013511997167370282
472.0 0.0014465124877460767
473.0 0.0014338538676383905
474.0 0.001421195065631764
475.0 0.0012814660294679925
476.0 0.001141736993304221
477.0 0.0012448340385162737
478.0 0.001347930810879916
479.0 0.001759565384418238
480.0 0.00217119995795656
481.0 0.001664802766754292
482.0 0.0011584057574509643
483.0 0.000927140899875667
484.0 0.0006958761787245749
485.0 0.0008873700608091895
486.0 0.001078863897419069
487.0 0.0011772885954997037
488.0 0.0012757132935803384
489.0 0.0017223952454514802
490.0 0.0021690770154236816
491.0 0.002099296216329094
492.0 0.0020295154172345065
493.0 0.002192266401834786
494.0 0.0023550179321318865
495.0 0.0018267232007929124
496.0 0.0012984280147065874
497.0 0.0012867243640357628
498.0 0.0012750208043144085
499.0 0.0012787266314262524
500.0 0.0012824326404370368
501.0 0.00102534413599642
502.0 0.0007682555406063329
503.0 0.0010883338291023392
504.0 0.0014084122085478157
505.0 0.0018068403733195737
506.0 0.002205268719990272
507.0 0.0019541181245585904
508.0 0.0017029673472279683
509.0 0.001613161111890804
510.0 0.0015233550584525801
511.0 0.001324517415923765
512.0 0.0011256796824454796
513.0 0.001384409006277565
514.0 0.0016431386029580608
515.0 0.0012940069609612692
516.0 0.0009448755918128882
517.0 0.0012092184988432564
518.0 0.0014735614058736246
519.0 0.0013225597285781987
520.0 0.0011715579603333026
521.0 0.0015214990526146721
522.0 0.001871440326794982
523.0 0.0014382488188857678
524.0 0.0010050573109765537
525.0 0.0007999196895980276
526.0 0.0005947820682195015
527.0 0.0009664355275162961
528.0 0.001338089077762561
529.0 0.0012454175703169312
530.0 0.001152745790022891
531.0 0.001264382717636181
532.0 0.0013760193724010605
533.0 0.0008590812285547145
534.0 0.0003421430392336333
535.0 0.0008843970135785639
536.0 0.0014266511243476998
537.0 0.0015710134903201833
538.0 0.001715375947242137
539.0 0.0014158033991407137
540.0 0.0011162304872414097
541.0 0.0011105678822787013
542.0 0.001104905368265463
543.0 0.001256067116628401
544.0 0.001407228864991339
545.0 0.001092885486286832
546.0 0.0007785420166328549
547.0 0.0012755126590491273
548.0 0.0017724831195664592
549.0 0.0015852181604714133
550.0 0.0013979529285279568
551.0 0.0015275401892722584
552.0 0.0016571273590670899
553.0 0.0017286016372963786
554.0 0.0018000755517277867
555.0 0.001393988623021869
556.0 0.0009879013305180706
557.0 0.0013377312825468834
558.0 0.0016875612345756963
559.0 0.0016127001799759455
560.0 0.001537838761578314
561.0 0.0014496370567940176
562.0 0.0013614351701107807
563.0 0.0011839436410809867
564.0 0.0010064520211017225
565.0 0.0014849724720988888
566.0 0.0019634930140455253
567.0 0.002271029370604083
568.0 0.0025785655452637
569.0 0.002535285602789372
570.0 0.0024920056603150442
571.0 0.00247824518737616
572.0 0.002464484168740455
573.0 0.0019567389244912192
574.0 0.0014489938621409237
575.0 0.001881344178400468
576.0 0.0023136944946600124
577.0 0.002079567639157176
578.0 0.0018454411474522203
579.0 0.0018886948964791372
580.0 0.0019319484636071138
581.0 0.0017804870367399417
582.0 0.0016290254279738292
583.0 0.0020504096028162166
584.0 0.0024717935957596637
585.0 0.0024787666916381568
586.0 0.00248573996941559
587.0 0.0019454493667581119
588.0 0.0014051584003027529
589.0 0.0018674707462196238
590.0 0.002329783274035435
591.0 0.002024657624133397
592.0 0.0017195317923324183
593.0 0.0012975437130080536
594.0 0.0008755555427342188
595.0 0.0011810826435976196
596.0 0.0014866096535115503
597.0 0.00122985284178867
598.0 0.00097309612101526
599.0 0.0009737150321598165
600.0 0.0009743340342538431
601.0 0.0008218717084673699
602.0 0.0006694092917314265
603.0 0.0011088483006460592
604.0 0.0015482872186112218
605.0 0.0012491767847677693
606.0 0.0009500663509243168
607.0 0.000889674174686661
608.0 0.0008292819984490052
609.0 0.0010247209502267651
610.0 0.0012201597201055847
611.0 0.000881757205206668
612.0 0.000543354553883546
613.0 0.0006075281362427631
614.0 0.0006717016731272452
615.0 0.001040500956150936
616.0 0.0014093001482251566
617.0 0.0018675536921364255
618.0 0.002325807508896105
619.0 0.0019980696379207075
620.0 0.0016703315850463696
621.0 0.0017977125025936402
622.0 0.0019250932382419705
623.0 0.0016840936950757168
624.0 0.0014430942428589333
625.0 0.00146131915244041
626.0 0.001479544062021887
627.0 0.001717594568617642
628.0 0.001955645529960748
629.0 0.0020894336557830684
630.0 0.0022232219635043293
631.0 0.0023297869120142423
632.0 0.002436351314827334
633.0 0.002565313843660988
634.0 0.0026942761905957013
635.0 0.0055892971431603655
636.0 0.00848431809572503
637.0 0.015530096425209194
638.0 0.022575873299501836
639.0 0.020161483553238213
640.0 0.017747096717357635
641.0 0.01513547613285482
642.0 0.012523859913926572
643.0 0.009670106373960152
644.0 0.006816353561589494
645.0 0.006597043829970062
646.0 0.006377734098350629
647.0 0.0060443999245762825
648.0 0.005711065387004055
649.0 0.004449945481610484
650.0 0.0031888259400147945
651.0 0.003500922321109101
652.0 0.0038130190660012886
653.0 0.003114606806775555
654.0 0.0024161940018530004
655.0 0.0024523327738279477
656.0 0.0024884717277018353
657.0 0.002605379995657131
658.0 0.002722287899814546
659.0 0.00244546499743592
660.0 0.002168642276956234
661.0 0.0023195163521450013
662.0 0.0024703904273337685
663.0 0.0019506620446918532
664.0 0.0014309338439488783
665.0 0.0016998126739053987
666.0 0.0019686913219629787
667.0 0.0023007441996014677
668.0 0.0026327970772399567
669.0 0.00193056148418691
670.0 0.0012283259820833337
671.0 0.001010903997666901
672.0 0.0007934820132504683
673.0 0.0012373658137221355
674.0 0.0016812497051432729
675.0 0.0017153368389699608
676.0 0.0017494237908977084
677.0 0.001761996463756077
678.0 0.0017745689547155052
679.0 0.0015024073945824057
680.0 0.001230245743499836
681.0 0.001232400336448336
682.0 0.001234554838447366
683.0 0.002150534237443935
684.0 0.0030665138183394447
685.0 0.002759442213573493
686.0 0.002452370972605422
687.0 0.0017985843442147598
688.0 0.001144797533925157
689.0 0.0015057062228152063
690.0 0.0018666147298063152
691.0 0.002116677933372557
692.0 0.002366740955039859
693.0 0.002795643376884982
694.0 0.003224546162527986
695.0 0.00316236873914022
696.0 0.003100191315752454
697.0 0.0034771321224980056
698.0 0.003854073293041438
699.0 0.005352986045181751
700.0 0.006851898069726303
701.0 0.00697172581567429
702.0 0.007091553561622277
703.0 0.0062333172536455095
704.0 0.005375080581870861
705.0 0.004720309516415
706.0 0.004065538450959139
707.0 0.0037865502235945314
708.0 0.003507561268634163
709.0 0.0038033009332139045
710.0 0.004099040597793646
711.0 0.003860082506434992
712.0 0.0036211247788742185
713.0 0.002887676964746788
714.0 0.002154229150619358
715.0 0.0022663793060928583
716.0 0.0023785292796674185
717.0 0.002087855500576552
718.0 0.0017971811757888645
719.0 0.00145154153869953
720.0 0.001105901628761785
721.0 0.0009651578693592455
722.0 0.0008244140190072358
723.0 0.0009766368748387322
724.0 0.0011288598216196988
725.0 0.001366821743431501
726.0 0.001604783938091714
727.0 0.0014901697795721702
728.0 0.001375555348204216
729.0 0.0014608746823796537
730.0 0.0015461937437066808
731.0 0.0014367527910508215
732.0 0.0013273119293444324
733.0 0.0015531968529103324
734.0 0.0017790818674257025
735.0 0.0014903159353707451
736.0 0.001201549639517907
737.0 0.001300253006775165
738.0 0.0013989561011840124
739.0 0.0015305715351132676
740.0 0.0016621868780930527
741.0 0.0014059810382605065
742.0 0.0011497751984279603
743.0 0.0016572219465160742
744.0 0.002164668512705248
745.0 0.0016075335224741139
746.0 0.0010503984412935097
747.0 0.0013092896551825106
748.0 0.0015681809600209817
749.0 0.0023290222088689916
750.0 0.0030898634577170014
751.0 0.0029818796974723227
752.0 0.0028738963010255247
753.0 0.002841739114955999
754.0 0.002809581928886473
755.0 0.0021197067326284014
756.0 0.0014298315363703296
757.0 0.0022099991838331334
758.0 0.0029901668312959373
759.0 0.0028756705432897434
760.0 0.002761174073384609
761.0 0.004393674316816032
762.0 0.006026174742146395
763.0 0.00585950656386558
764.0 0.0056928380217868835
765.0 0.005337207039701752
766.0 0.004981576421414502
767.0 0.004528099452727474
768.0 0.004074622847838327
769.0 0.0040459693991579115
770.0 0.004017315950477496
771.0 0.004364941560197622
772.0 0.004712566806119867
773.0 0.004075344622833654
774.0 0.003438122075749561
775.0 0.03598942421376705
776.0 1.60789795106836e-10
777.0 1.60789795106836e-10
778.0 0.14605236938223243
779.0 0.11179964058101177
780.0 0.19588773138821125
781.0 0.0779559020884335
782.0 0.010453398135723546
783.0 0.05460168467834592
784.0 1.60789795106836e-10
785.0 0.10378614533692598
786.0 0.0704963633324951
787.0 0.08664423367008567
788.0 0.12003439478576183
789.0 0.0651156879030168
790.0 0.1435774378478527
791.0 0.08662698091939092
792.0 0.04365843487903476
793.0 0.09886875050142407
794.0 1.60789795106836e-10
795.0 1.60789795106836e-10
796.0 1.60789795106836e-10
797.0 0.11752098798751831
798.0 0.07202805136330426
799.0 0.18637446919456124
800.0 0.17273440025746822
801.0 0.41741859167814255
802.0 0.663058552891016
803.0 1.0437127202749252
804.0 1.894298568367958
805.0 2.9342185705900192
806.0 4.404295980930328
807.0 6.2887974083423615
808.0 8.561663329601288
809.0 11.196328699588776
810.0 14.551942050457
811.0 17.69496500492096
812.0 20.69265991449356
813.0 23.78128170967102
814.0 26.75797939300537
815.0 31.11262321472168
816.0 36.06298863887787
817.0 41.85250997543335
818.0 47.64099717140198
819.0 53.76800298690796
820.0 61.46995425224304
821.0 68.96640062332153
822.0 75.36083459854126
823.0 80.7273268699646
824.0 85.81610918045044
825.0 90.71134328842163
826.0 93.63352656364441
827.0 95.99224328994751
828.0 98.4556794166565
829.0 98.86224269866943
830.0 98.74587059020996
831.0 99.27363991737366
832.0 98.46668839454651
833.0 99.838125705719
834.0 98.38885068893433
835.0 99.33920502662659
836.0 99.35420751571655
837.0 99.15943145751953
838.0 98.13714623451233
839.0 98.13958406448364
840.0 98.88177514076233
841.0 99.71156120300293
842.0 99.43403601646423
843.0 99.6635913848877
844.0 98.20876717567444
845.0 98.74132871627808
846.0 98.88331294059753
847.0 98.86250495910645
848.0 99.89748001098633
849.0 98.45503568649292
850.0 98.37861061096191
851.0 98.9770233631134
852.0 99.22100901603699
853.0 98.82016181945801
854.0 99.71339702606201
855.0 98.53382706642151
856.0 98.88291954994202
857.0 97.80535101890564
858.0 98.81631731987
859.0 99.46587681770325
860.0 98.61684441566467
861.0 99.1133451461792
862.0 98.78649711608887
863.0 98.35147857666016
864.0 99.47679042816162
865.0 99.55890774726868
866.0 98.51089715957642
867.0 99.159175157547
868.0 99.34751987457275
869.0 99.0283191204071
870.0 98.53951334953308
871.0 98.99327158927917
872.0 99.09908771514893
873.0 98.90764951705933
874.0 99.57309365272522
875.0 98.92280697822571
876.0 98.92593026161194
877.0 99.52043890953064
878.0 99.25549626350403
879.0 98.701012134552
880.0 98.58547449111938
881.0 100.0296950340271
882.0 99.0098774433136
883.0 98.86870384216309
884.0 99.28470849990845
885.0 99.13495779037476
886.0 98.93071055412292
887.0 98.61152172088623
888.0 99.17828440666199
889.0 99.65609908103943
890.0 98.390793800354
891.0 99.76277351379395
892.0 98.76233339309692
893.0 98.63422513008118
894.0 98.3716368675232
895.0 99.67566728591919
896.0 98.92715811729431
897.0 99.39785599708557
898.0 98.78584146499634
