lsstCam/transmission_filter_detector/r14_s00/y_10/19700101T000000.ecsv
# %ECSV 1.0
# ---
# datatype:
# - {name: wavelength, unit: nm, datatype: float32}
# - {name: efficiency, unit: '%', datatype: float64}
# meta: !!omap
# - {MODE: DETECTOR}
# - {TYPE: transmission_filter_detector}
# - {CALIBDATE: '1970-01-01T00:00:00'}
# - {INSTRUME: LSSTCam}
# - {OBSTYPE: transmission_filter_detector}
# - {CALIBCLS: lsst.ip.isr.IntermediateFilterDetectorTransmissionCurve}
# - {SOURCE: Materion (DM-46256)}
# - {DETECTOR: 63}
# - {FILTER: y_10}
# - {CALIB_ID: 'calibDate=1970-01-01T00:00:00 filter=y_10 detector=63'}
# - {DATE: '2025-04-02T15:59:51.033292'}
# - {CALIB_CREATION_DATE: '2025-04-02'}
# - {CALIB_CREATION_TIME: '15:59:51'}
# - __serialized_columns__:
#     efficiency:
#       __class__: astropy.units.quantity.Quantity
#       unit: !astropy.units.Unit {unit: '%'}
#       value: !astropy.table.SerializedColumn {name: efficiency}
#     wavelength:
#       __class__: astropy.units.quantity.Quantity
#       unit: !astropy.units.Unit {unit: nm}
#       value: !astropy.table.SerializedColumn {name: wavelength}
# schema: astropy-2.0
wavelength efficiency
300.0 0.5343968514353037
301.0 0.2869837451726198
302.0 0.039570609806105494
303.0 0.03349803446326405
304.0 0.027425464941188693
305.0 0.017725562793202698
306.0 0.00802565409685485
307.0 0.015937426360324025
308.0 0.023849196441005915
309.0 0.017135124653577805
310.0 0.010421051410958171
311.0 0.009034184040501714
312.0 0.007647315214853734
313.0 0.007550608279416338
314.0 0.0074539013439789414
315.0 0.0057606743212090805
316.0 0.0040674498450243846
317.0 0.004943440217175521
318.0 0.005819427315145731
319.0 0.0030464987503364682
320.0 0.0002735686166488449
321.0 0.002723862235143315
322.0 0.0051741557399509475
323.0 0.004043025182909332
324.0 0.002911895171564538
325.0 0.0013808869880449492
326.0 1.6530838113301694e-10
327.0 0.0004951196842739591
328.0 0.0011403609278204385
329.0 0.002699278775253333
330.0 0.004258196713635698
331.0 0.0037532463466050103
332.0 0.0032482959795743227
333.0 0.002313178629265167
334.0 0.0013780607332591899
335.0 0.0016307047189911827
336.0 0.0018833490685210563
337.0 0.002558746564318426
338.0 0.0032341438782168552
339.0 0.0017355552699882537
340.0 0.00023696652533544693
341.0 1.6530838113301694e-10
342.0 1.6530838113301694e-10
343.0 0.00028878921511932276
344.0 0.0009529029739496764
345.0 0.0012043065908073913
346.0 0.0014557108443113975
347.0 0.0014316833585326094
348.0 0.0014076555999054108
349.0 0.0012512710782175418
350.0 0.001094886192731792
351.0 0.00141956679726718
352.0 0.0017442467651562765
353.0 0.0014616093721997458
354.0 0.0011789720701926854
355.0 0.0013165376003598794
356.0 0.0014541031305270735
357.0 0.0009746568139235023
358.0 0.0004952102699462557
359.0 0.0008891675861377735
360.0 0.0012831249478040263
361.0 0.001441899894416565
362.0 0.0016006746591301635
363.0 0.001132934630732052
364.0 0.0006651942840107949
365.0 0.0010773015674203634
366.0 0.0014894095329509582
367.0 0.002033966484304983
368.0 0.0025785235266084783
369.0 0.00220927413465688
370.0 0.0018400249246042222
371.0 0.0017691098037175834
372.0 0.0016981945009320043
373.0 0.002011270589719061
374.0 0.0023243466785061173
375.0 0.0032839881896506995
376.0 0.004243629882694222
377.0 0.004129212902626023
378.0 0.004014796286355704
379.0 0.00359127989213448
380.0 0.0031677631341153756
381.0 0.002141450750059448
382.0 0.0011151381841045804
383.0 0.0011233189979975577
384.0 0.0011314996299915947
385.0 0.0008627640454506036
386.0 0.0005940283699601423
387.0 0.0006996537194936536
388.0 0.0008052791599766351
389.0 0.0006602430403290782
390.0 0.0005152070571057266
391.0 0.0005761477041232865
392.0 0.0006370884420903167
393.0 0.0006362785370583879
394.0 0.0006354688139253994
395.0 0.0005717606654798146
396.0 0.0005080525170342298
397.0 0.0007939662282296922
398.0 0.0010798798030009493
399.0 0.0012734671145153698
400.0 0.0014670544260297902
401.0 0.0016448135284008458
402.0 0.0018225728126708418
403.0 0.0018937804270535707
404.0 0.0019649880414362997
405.0 0.001893717490020208
406.0 0.0018224473024019971
407.0 0.001516683005320374
408.0 0.0012109190720366314
409.0 0.0009501060048933141
410.0 0.0006892927103763213
411.0 0.00047789831114641856
412.0 0.00026650393465388333
413.0 0.0008619498657935765
414.0 0.0014573955922969617
415.0 0.0020404497263371013
416.0 0.0026235040422761813
417.0 0.0013121320989739615
418.0 7.598684348408824e-07
419.0 1.6530838113301694e-10
420.0 1.6530838113301694e-10
421.0 0.0002092478553095134
422.0 0.0005423232323664706
423.0 0.000799024201114662
424.0 0.0010557247151155025
425.0 9.772461453394499e-05
426.0 1.6530838113301694e-10
427.0 1.6530838113301694e-10
428.0 0.0003771973524635541
429.0 1.6530838113301694e-10
430.0 1.6530838113301694e-10
431.0 0.00015515719269387773
432.0 0.0009448544005863369
433.0 0.0008012097168830223
434.0 0.0006575656698259991
435.0 0.00015188265933829825
436.0 1.6530838113301694e-10
437.0 1.6530838113301694e-10
438.0 1.6530838113301694e-10
439.0 1.6530838113301694e-10
440.0 1.6530838113301694e-10
441.0 1.6530838113301694e-10
442.0 1.6530838113301694e-10
443.0 1.6530838113301694e-10
444.0 1.6530838113301694e-10
445.0 9.664122444519307e-05
446.0 0.0002205364125984488
447.0 0.0006659024620603304
448.0 0.0011112685569969472
449.0 0.0011165689102199394
450.0 0.0011218691724934615
451.0 0.0004948253263137303
452.0 1.6530838113301694e-10
453.0 1.6530838113301694e-10
454.0 1.6530838113301694e-10
455.0 1.6530838113301694e-10
456.0 1.6530838113301694e-10
457.0 1.6530838113301694e-10
458.0 1.6530838113301694e-10
459.0 4.8680998787631324e-06
460.0 0.00025632366487116087
461.0 0.00022538558823725907
462.0 0.00019444755707809236
463.0 0.0002995519707837957
464.0 0.0004046564754389692
465.0 0.000477190087622148
466.0 0.0005497238817042671
467.0 0.001064214484358672
468.0 0.0015787049051141366
469.0 0.0015432822692673653
470.0 0.0015078589967743028
471.0 0.001426747712685028
472.0 0.0013456361557473429
473.0 0.002035741817962844
474.0 0.002725847480178345
475.0 0.0026828618501895107
476.0 0.0026398762202006765
477.0 0.003130020559183322
478.0 0.003620164716267027
479.0 0.00403279482270591
480.0 0.0044454245653469115
481.0 0.004519292633631267
482.0 0.004593160701915622
483.0 0.0040913833800004795
484.0 0.0035896056942874566
485.0 0.0037851550587220117
486.0 0.003980704423156567
487.0 0.0033304218959528953
488.0 0.0026801393687492236
489.0 0.002444482743158005
490.0 0.0022088266632636078
491.0 0.0017586218746146187
492.0 0.0013084170859656297
493.0 0.0009868780580291059
494.0 0.000665339484839933
495.0 0.0010247606041957624
496.0 0.001384181814501062
497.0 0.0018685454051592387
498.0 0.002352909359615296
499.0 0.0024823581043165177
500.0 0.002611806667118799
501.0 0.0024752798708504997
502.0 0.002338753256481141
503.0 0.0025159266442642547
504.0 0.0026930998501484282
505.0 0.0031985113309929147
506.0 0.0037039229937363416
507.0 0.002727427090576384
508.0 0.0017509306417196058
509.0 0.001953528408193961
510.0 0.002156125810870435
511.0 0.0021640615159412846
512.0 0.0021719970391131938
513.0 0.002068159847112838
514.0 0.0019643230189103633
515.0 0.0016570247680647299
516.0 0.001349726335320156
517.0 0.0013048194887232967
518.0 0.0012599122783285566
519.0 0.001341536426480161
520.0 0.0014231605746317655
521.0 0.0015982712284312584
522.0 0.0017733815184328705
523.0 0.0015555166100966744
524.0 0.0013376516108110081
525.0 0.0019634053387562744
526.0 0.002589159703347832
527.0 0.002364326428505592
528.0 0.002139493699360173
529.0 0.002533322731324006
530.0 0.002927151581388898
531.0 0.002661565304151736
532.0 0.002395978845015634
533.0 0.0025316679966636
534.0 0.0026673566026147455
535.0 0.002284831862198189
536.0 0.0019023067579837516
537.0 0.0023174312445917167
538.0 0.0027325555493007414
539.0 0.003322128759464249
540.0 0.0039117014239309356
541.0 0.003968007877119817
542.0 0.004024314330308698
543.0 0.004220417395117693
544.0 0.004416520459926687
545.0 0.004846170122618787
546.0 0.005275819421513006
547.0 0.004429802356753498
548.0 0.0035837852919939905
549.0 0.0030238072213251144
550.0 0.0024638287868583575
551.0 0.002600407060526777
552.0 0.0027369853341951966
553.0 0.003059484879486263
554.0 0.0033819840609794483
555.0 0.0037800953577971086
556.0 0.00417820701841265
557.0 0.003938678128179163
558.0 0.0036991496017435566
559.0 0.0034414726542308927
560.0 0.0031837957067182288
561.0 0.0034529159165685996
562.0 0.003722035398823209
563.0 0.0035018263588426635
564.0 0.003281616955064237
565.0 0.003831272988463752
566.0 0.0043809293856611475
567.0 0.004585737406159751
568.0 0.004790545426658355
569.0 0.005430525197880343
570.0 0.006070505332900211
571.0 0.006072999894968234
572.0 0.0060754948208341375
573.0 0.006386436143657193
574.0 0.006697379285469651
575.0 0.006522276817122474
576.0 0.006347174348775297
577.0 0.005702136331819929
578.0 0.005057099042460322
579.0 0.0056190448958659545
580.0 0.0061809907492715865
581.0 0.006878066778881475
582.0 0.007575142080895603
583.0 0.008427662396570668
584.0 0.009280180529458448
585.0 0.009724659321364015
586.0 0.010169138840865344
587.0 0.010173182818107307
588.0 0.010177222429774702
589.0 0.01043367010424845
590.0 0.010690119961509481
591.0 0.01014519075397402
592.0 0.009600260091247037
593.0 0.007919110066723078
594.0 0.006237962224986404
595.0 0.005850552042829804
596.0 0.0054631425882689655
597.0 0.0059695972595363855
598.0 0.006476051930803806
599.0 0.007349852967308834
600.0 0.008223653276218101
601.0 0.008877168875187635
602.0 0.009530681563774124
603.0 0.010481978097232059
604.0 0.011433273903094232
605.0 0.01159352032118477
606.0 0.01175376819446683
607.0 0.010142395331058651
608.0 0.008531024650437757
609.0 0.006638198101427406
610.0 0.004745373371406458
611.0 0.00404065394832287
612.0 0.003335934889037162
613.0 0.0036796758649870753
614.0 0.004023416113341227
615.0 0.004759345392812975
616.0 0.0054952757636783645
617.0 0.006742178811691701
618.0 0.007989080768311396
619.0 0.008869590965332463
620.0 0.009750101889949292
621.0 0.010971188021358103
622.0 0.012192274880362675
623.0 0.012106636859243736
624.0 0.012020998110529035
625.0 0.010525320249143988
626.0 0.009029639477375895
627.0 0.007172669575084001
628.0 0.005315698217600584
629.0 0.004375152639113367
630.0 0.00343460742442403
631.0 0.003027499042218551
632.0 0.002620390478114132
633.0 0.0026615716706146486
634.0 0.002702753226913046
635.0 0.0028906790248584002
636.0 0.0030786042771069333
637.0 0.0038640744605800137
638.0 0.004649544280255213
639.0 0.004695992902270518
640.0 0.004742441160487942
641.0 0.00520179673912935
642.0 0.005661152317770757
643.0 0.0056057702749967575
644.0 0.0055503878684248775
645.0 0.005174242687644437
646.0 0.004798097143066116
647.0 0.0038955084164626896
648.0 0.0029929196898592636
649.0 0.002203819894930348
650.0 0.0014147198271530215
651.0 0.001433653051208239
652.0 0.0014525865481118672
653.0 0.0014936614206817467
654.0 0.0015347361113526858
655.0 0.00166056961461436
656.0 0.0017864032997749746
657.0 0.0016015734217944555
658.0 0.001416743816662347
659.0 0.0018666376490727998
660.0 0.002316531572432723
661.0 0.001992614670598414
662.0 0.0016686977687641047
663.0 0.002334986493224278
664.0 0.0030012752176844515
665.0 0.0035722343454835936
666.0 0.0041431932913837954
667.0 0.004755036570713855
668.0 0.005366878394852392
669.0 0.005549054185394198
670.0 0.005731226701755077
671.0 0.006290591409197077
672.0 0.006849956844234839
673.0 0.007829081732779741
674.0 0.008808207348920405
675.0 0.00837976040202193
676.0 0.007951315637910739
677.0 0.006331259646685794
678.0 0.004711204383056611
679.0 0.0031240742828231305
680.0 0.0015369454558822326
681.0 0.0006705715350108221
682.0 1.6530838113301694e-10
683.0 0.00020162028704362456
684.0 0.0005990429599478375
685.0 0.00024815315100568114
686.0 1.6530838113301694e-10
687.0 2.158375167482518e-05
688.0 0.0001459041868656641
689.0 0.00032251266475213924
690.0 0.0004991211426386144
691.0 0.000506083733853302
692.0 0.0005130463705427246
693.0 0.00041594094000174664
694.0 0.0003188354867234011
695.0 0.00046296377149701584
696.0 0.0006070919880585279
697.0 0.000617016848991625
698.0 0.0006269416189752519
699.0 0.000538892572876648
700.0 0.00045084320845489856
701.0 0.0003757138301807572
702.0 0.00030058449738135096
703.0 0.00033679959869914455
704.0 0.0003730147227543057
705.0 0.00041828152461675927
706.0 0.00046354816731764004
707.0 5.542518124457274e-05
708.0 1.6530838113301694e-10
709.0 1.6530838113301694e-10
710.0 0.00028329473025223706
711.0 0.0004064781023771502
712.0 0.0005296614290273283
713.0 0.00026733530376077397
714.0 5.009200876315845e-06
715.0 0.00022491183244710555
716.0 0.00044481444092525635
717.0 0.00039437627492588945
718.0 0.0003439381771386252
719.0 0.0004362295840110164
720.0 0.000528520922671305
721.0 0.000333057823809213
722.0 0.0001375947590531723
723.0 0.00023510424398409668
724.0 0.0003326137175463373
725.0 0.0003612947466535843
726.0 0.00038997595765977167
727.0 0.00016016902009141631
728.0 1.6530838113301694e-10
729.0 0.00021813862076669466
730.0 0.0005059150680608582
731.0 0.0005953590061835712
732.0 0.0006848032171546947
733.0 0.000229185275202326
734.0 1.6530838113301694e-10
735.0 1.6530838113301694e-10
736.0 1.6530838113301694e-10
737.0 0.0002822100896082702
738.0 0.0008289562174468301
739.0 0.0005656925623043207
740.0 0.00030242854336393066
741.0 0.0002263967644466902
742.0 0.00015036491731734714
743.0 1.6530838113301694e-10
744.0 1.6530838113301694e-10
745.0 0.00011244470670135343
746.0 0.00044279449866735376
747.0 0.00018609301832839265
748.0 1.6530838113301694e-10
749.0 1.6530838113301694e-10
750.0 1.6530838113301694e-10
751.0 1.6530838113301694e-10
752.0 1.6530838113301694e-10
753.0 0.0001965213414223399
754.0 0.0004079549853486242
755.0 1.6530838113301694e-10
756.0 1.6530838113301694e-10
757.0 1.6530838113301694e-10
758.0 1.6530838113301694e-10
759.0 0.00017223836721314
760.0 0.0005282456640998134
761.0 0.0002215617769252276
762.0 1.6530838113301694e-10
763.0 1.6530838113301694e-10
764.0 1.6530838113301694e-10
765.0 0.00018884431938204216
766.0 0.0004420634013513336
767.0 6.600510573662177e-05
768.0 1.6530838113301694e-10
769.0 1.6530838113301694e-10
770.0 1.6530838113301694e-10
771.0 1.6530838113301694e-10
772.0 1.6530838113301694e-10
773.0 0.00036980416098231217
774.0 0.0008714259820408188
775.0 0.0005011998837289866
776.0 0.00013097362625558162
777.0 0.00016720055100449827
778.0 0.00020342749849078245
779.0 0.0003906471647496801
780.0 0.0005778668310085777
781.0 0.0006342120741464896
782.0 0.0006905573172844015
783.0 0.0005260547823127126
784.0 0.000361552383765229
785.0 0.0002788420943033998
786.0 0.00019613153199316002
787.0 0.000721985406926251
788.0 0.0012478391909098718
789.0 0.001021152547764359
790.0 0.0007944661774672568
791.0 0.0005682269602402812
792.0 0.0003419876065891003
793.0 0.00043803229345940053
794.0 0.0005340766620065551
795.0 0.0007687590368732344
796.0 0.0010034413207904436
797.0 0.0005625970516121015
798.0 0.0001217528733832296
799.0 0.0005509033599082613
800.0 0.000980053846433293
801.0 0.0004692855782195693
802.0 1.6530838113301694e-10
803.0 0.00027642265649774345
804.0 0.0005943279575149063
805.0 0.0008275697837234475
806.0 0.0010608115189825185
807.0 0.0007370352250291035
808.0 0.00041325893107568845
809.0 0.00013210802762841922
810.0 1.6530838113301694e-10
811.0 0.00017211117437909706
812.0 0.000493265179102309
813.0 0.0007937463124108035
814.0 0.0010942273547698278
815.0 0.000945899955695495
816.0 0.000797571919974871
817.0 0.0008831416380417068
818.0 0.0009687113561085425
819.0 0.0010064973139378708
820.0 0.001044283271767199
821.0 0.0009599299119145144
822.0 0.0008755764611123595
823.0 0.0007881384590291418
824.0 0.0007007007752690697
825.0 0.000667894164507743
826.0 0.0006350875537464162
827.0 0.0007576021744171157
828.0 0.0008801168405625504
829.0 0.0005375833552534459
830.0 0.00019504975625750376
831.0 0.00019186225017620018
832.0 0.00018867499420593958
833.0 0.00045481765482691117
834.0 0.0007209602244984126
835.0 0.00016324795524269575
836.0 1.6530838113301694e-10
837.0 1.6530838113301694e-10
838.0 1.6530838113301694e-10
839.0 0.00029909328986832406
840.0 0.0006047046099411091
841.0 0.0009314754606748465
842.0 0.001258246265933849
843.0 0.0008407222594541963
844.0 0.0004231979801261332
845.0 0.0004160732260061195
846.0 0.00040894838093663566
847.0 0.0007139236458897358
848.0 0.001018898910842836
849.0 0.000931449540075846
850.0 0.0008439997145615052
851.0 0.0011463961527624633
852.0 0.0014487925000139512
853.0 0.0006180347554618493
854.0 1.6530838113301694e-10
855.0 1.6530838113301694e-10
856.0 1.6530838113301694e-10
857.0 0.0003453853878454538
858.0 0.0015032535884529352
859.0 0.0011779063243011478
860.0 0.0008525587873009499
861.0 0.0011511692719068378
862.0 0.001449779938411666
863.0 0.0016739095372031443
864.0 0.0018980390450451523
865.0 0.001902243820950389
866.0 0.0019064487787545659
867.0 0.0026171621357207187
868.0 0.003327875310787931
869.0 0.0030316992706502788
870.0 0.0027355228667147458
871.0 0.003355770240887068
872.0 0.003976017978857271
873.0 0.0029497417926904745
874.0 0.0019234659703215584
