lsstCam/transmission_filter_detector/r14_s00/y_10/19700101T000000.ecsv
# %ECSV 1.0
# ---
# datatype:
# - {name: wavelength, unit: nm, datatype: float32}
# - {name: efficiency, unit: '%', datatype: float64}
# meta: !!omap
# - {MODE: DETECTOR}
# - {TYPE: transmission_filter_detector}
# - {CALIBDATE: '1970-01-01T00:00:00'}
# - {INSTRUME: LSSTCam}
# - {OBSTYPE: transmission_filter_detector}
# - {CALIBCLS: lsst.ip.isr.IntermediateFilterDetectorTransmissionCurve}
# - {SOURCE: Materion (DM-46256)}
# - {DETECTOR: 63}
# - {FILTER: y_10}
# - {CALIB_ID: 'calibDate=1970-01-01T00:00:00 filter=y_10 detector=63'}
# - {DATE: '2025-04-02T15:59:51.033292'}
# - {CALIB_CREATION_DATE: '2025-04-02'}
# - {CALIB_CREATION_TIME: '15:59:51'}
# - __serialized_columns__:
#     efficiency:
#       __class__: astropy.units.quantity.Quantity
#       unit: !astropy.units.Unit {unit: '%'}
#       value: !astropy.table.SerializedColumn {name: efficiency}
#     wavelength:
#       __class__: astropy.units.quantity.Quantity
#       unit: !astropy.units.Unit {unit: nm}
#       value: !astropy.table.SerializedColumn {name: wavelength}
# schema: astropy-2.0
wavelength efficiency
[from data line 576]
876.0 0.003144973743474111
877.0 0.002009170930250548
878.0 0.000873368298925925
879.0 0.0018876418835134245
880.0 0.07910822168923914
881.0 0.08825590484775603
882.0 0.06521884351968765
883.0 0.08424439001828432
884.0 0.07240608101710677
885.0 0.09601209894753993
886.0 0.05756306927651167
887.0 0.08097087265923619
888.0 0.05413771723397076
889.0 0.10067624971270561
890.0 0.06218592170625925
891.0 0.10949786519631743
892.0 0.07143694092519581
893.0 0.09318437078036368
894.0 0.07654529763385653
895.0 0.09993810672312975
896.0 0.07871194393374026
897.0 0.10865316726267338
898.0 0.08555863751098514
899.0 0.11894230265170336
900.0 0.09335846407338977
901.0 0.1395994215272367
902.0 0.12047862401232123
903.0 0.14306438388302922
904.0 0.16625815769657493
905.0 0.17915057251229882
906.0 0.2133396454155445
907.0 0.25737315881997347
908.0 0.33081776928156614
909.0 0.42339079082012177
910.0 0.5850489716976881
911.0 0.7920116186141968
912.0 1.1583339422941208
913.0 1.7124000936746597
914.0 2.441004477441311
915.0 3.5609394311904907
916.0 5.037323012948036
917.0 6.762903183698654
918.0 8.89139398932457
919.0 11.062528938055038
920.0 14.125919342041016
921.0 17.344023287296295
922.0 20.502105355262756
923.0 24.14834350347519
924.0 28.062516450881958
925.0 32.39797353744507
926.0 37.765055894851685
927.0 43.77363622188568
928.0 49.39353168010712
929.0 55.75440526008606
930.0 61.73309087753296
931.0 67.91434288024902
932.0 73.97115230560303
933.0 79.43676710128784
934.0 83.80963206291199
935.0 87.18313574790955
936.0 89.98491168022156
937.0 92.12496876716614
938.0 93.58622431755066
939.0 94.51497793197632
940.0 95.14760971069336
941.0 95.55310606956482
942.0 95.9559679031372
943.0 96.18191719055176
944.0 96.6066062450409
945.0 96.69991135597229
946.0 96.82444334030151
947.0 96.9794750213623
948.0 97.09668755531311
949.0 96.97713851928711
950.0 97.11347222328186
951.0 97.11483716964722
952.0 97.12953567504883
953.0 97.2576379776001
954.0 97.31036424636841
955.0 97.36478924751282
956.0 97.58013486862183
957.0 97.79412150382996
958.0 97.96150922775269
959.0 98.13910722732544
960.0 98.29704761505127
961.0 98.3622670173645
962.0 98.46819639205933
963.0 98.53826761245728
964.0 98.56913089752197
965.0 98.6434280872345
966.0 98.71952533721924
967.0 98.78160357475281
968.0 98.799729347229
969.0 98.7988829612732
970.0 98.83818626403809
971.0 98.89312982559204
972.0 98.93320202827454
973.0 99.00268316268921
974.0 99.0182101726532
975.0 98.97801876068115
976.0 99.08398985862732
977.0 99.04563426971436
978.0 99.12481904029846
979.0 99.08801913261414
980.0 99.0530014038086
981.0 98.983633518219
982.0 98.95364046096802
983.0 98.97047281265259
984.0 98.92664551734924
985.0 98.90905022621155
986.0 98.81047010421753
987.0 98.84531497955322
988.0 98.7114667892456
989.0 98.69412779808044
990.0 98.64819049835205
991.0 98.63632917404175
992.0 98.71295094490051
993.0 98.64241480827332
994.0 98.59002232551575
995.0 98.63477945327759
996.0 98.59887361526489
997.0 98.70806932449341
998.0 98.73672127723694
999.0 98.81078004837036
1000.0 98.86544346809387
1001.0 98.8290548324585
1002.0 98.93103241920471
1003.0 99.00465607643127
1004.0 99.07479882240295
1005.0 99.01517033576965
1006.0 99.12840127944946
1007.0 99.13615584373474
1008.0 99.12272095680237
1009.0 99.07875657081604
1010.0 99.11067485809326
1011.0 99.11242127418518
1012.0 99.05815720558167
1013.0 99.04417395591736
1014.0 99.00411367416382
1015.0 98.98097515106201
1016.0 98.96146655082703
1017.0 98.96686673164368
1018.0 99.00417923927307
1019.0 98.90912175178528
1020.0 98.95715713500977
1021.0 99.09071922302246
1022.0 98.95121455192566
1023.0 98.97947907447815
1024.0 98.94121289253235
1025.0 98.90742301940918
1026.0 98.97281527519226
1027.0 99.12436604499817
1028.0 99.00203347206116
1029.0 99.11969304084778
1030.0 99.09874200820923
1031.0 99.11161661148071
1032.0 99.14571642875671
1033.0 99.03006553649902
1034.0 99.1716980934143
1035.0 99.17278289794922
1036.0 99.09876585006714
1037.0 99.09723401069641
1038.0 99.11999106407166
1039.0 99.03983473777771
1040.0 98.95965456962585
1041.0 99.04419779777527
1042.0 99.01876449584961
1043.0 98.91743063926697
1044.0 98.99868369102478
1045.0 98.72041940689087
1046.0 98.91031384468079
1047.0 98.76132011413574
1048.0 98.8330066204071
1049.0 98.73441457748413
1050.0 98.74600768089294
1051.0 98.75006675720215
1052.0 98.70471954345703
1053.0 98.65562915802002
1054.0 98.84135127067566
1055.0 98.90744686126709
1056.0 98.79733920097351
1057.0 98.97601008415222
1058.0 98.72856736183167
1059.0 98.8668143749237
1060.0 98.98773431777954
1061.0 98.83896112442017
1062.0 98.83924126625061
1063.0 98.77727031707764
1064.0 99.01166558265686
1065.0 98.99406433105469
1066.0 98.99197220802307
1067.0 98.98129105567932
1068.0 98.90362620353699
1069.0 98.8237738609314
1070.0 99.15957450866699
1071.0 98.89394044876099
1072.0 99.07702207565308
1073.0 99.09207820892334
1074.0 98.74918460845947
1075.0 98.7754762172699
1076.0 98.41942191123962
1077.0 98.99216890335083
1078.0 99.20691251754761
1079.0 98.54105114936829
1080.0 99.3726372718811
1081.0 98.66306781768799
1082.0 98.64503145217896
1083.0 98.53931665420532
1084.0 98.87670874595642
1085.0 98.9145576953888
1086.0 98.72878789901733
1087.0 98.7084150314331
1088.0 98.70578050613403
1089.0 98.4383225440979
1090.0 98.62855076789856
1091.0 98.79668354988098
1092.0 98.83692860603333
1093.0 98.72440099716187
1094.0 98.63195419311523
1095.0 98.43307733535767
1096.0 98.37149381637573
1097.0 98.27722907066345
1098.0 97.76349067687988
1099.0 98.31918478012085
1100.0 98.00469875335693
