lsstCam/transmission_filter_detector/r13_s11/r_57/19700101T000000.ecsv
# %ECSV 1.0
# ---
# datatype:
# - {name: wavelength, unit: nm, datatype: float32}
# - {name: efficiency, unit: '%', datatype: float64}
# meta: !!omap
# - {MODE: DETECTOR}
# - {TYPE: transmission_filter_detector}
# - {CALIBDATE: '1970-01-01T00:00:00'}
# - {INSTRUME: LSSTCam}
# - {OBSTYPE: transmission_filter_detector}
# - {CALIBCLS: lsst.ip.isr.IntermediateFilterDetectorTransmissionCurve}
# - {SOURCE: Materion (DM-46256)}
# - {DETECTOR: 58}
# - {FILTER: r_57}
# - {CALIB_ID: 'calibDate=1970-01-01T00:00:00 filter=r_57 detector=58'}
# - {DATE: '2025-04-02T15:59:44.452173'}
# - {CALIB_CREATION_DATE: '2025-04-02'}
# - {CALIB_CREATION_TIME: '15:59:44'}
# - __serialized_columns__:
#     efficiency:
#       __class__: astropy.units.quantity.Quantity
#       unit: !astropy.units.Unit {unit: '%'}
#       value: !astropy.table.SerializedColumn {name: efficiency}
#     wavelength:
#       __class__: astropy.units.quantity.Quantity
#       unit: !astropy.units.Unit {unit: nm}
#       value: !astropy.table.SerializedColumn {name: wavelength}
# schema: astropy-2.0
wavelength efficiency
300.0 0.0021952317183604464
301.0 0.005860827513970435
302.0 0.009526423673378304
303.0 0.011793706653406844
304.0 0.014060991816222668
305.0 0.012397085083648562
306.0 0.010733178351074457
307.0 0.009172091813525185
308.0 0.007611006731167436
309.0 0.00681034944136627
310.0 0.006009693242958747
311.0 0.005374880129238591
312.0 0.004740066651720554
313.0 0.004339433144195937
314.0 0.003938800364267081
315.0 0.003742270200746134
316.0 0.003545741128618829
317.0 0.003379113331902772
318.0 0.003212485898984596
319.0 0.0030919934943085536
320.0 0.0029715007258346304
321.0 0.0026375948436907493
322.0 0.0023036891434458084
323.0 0.002209888225479517
324.0 0.0021160867618164048
325.0 0.002126971048710402
326.0 0.0021378549718065187
327.0 0.002385361040069256
328.0 0.002632866926433053
329.0 0.0025189998268615454
330.0 0.002405132727290038
331.0 0.002307688191649504
332.0 0.0022102438379079103
333.0 0.0020730632968479767
334.0 0.0019358827557880431
335.0 0.0016538973795832135
336.0 0.0013719120033783838
337.0 0.001246992360393051
338.0 0.0011220727174077183
339.0 0.001043093107000459
340.0 0.00096411367849214
341.0 0.0008938703103922307
342.0 0.0008236271241912618
343.0 0.00086223381003947
344.0 0.0009008405868371483
345.0 0.0008749419066589326
346.0 0.0008490431355312467
347.0 0.0007851335794839542
348.0 0.0007212239324871916
349.0 0.0007639436262252275
350.0 0.005701267582480796
351.0 0.005593818059423938
352.0 0.005486368536367081
353.0 0.004926158726448193
354.0 0.004365949644125067
355.0 0.0048028170567704365
356.0 0.005239685197011568
357.0 0.006637016485910863
358.0 0.0080343488662038
359.0 0.006190942076500505
360.0 0.004347535286797211
361.0 0.0029447617635014467
362.0 0.0015419882402056828
363.0 0.0024815224605845287
364.0 0.0034210566809633747
365.0 0.003646922777988948
366.0 0.0038727896026102826
367.0 0.0032669409847585484
368.0 0.0026610923669068143
369.0 0.0020721525288536213
370.0 0.0014832127817498986
371.0 0.0019303997760289349
372.0 0.0023775870431563817
373.0 0.0026712210456025787
374.0 0.0029648550480487756
375.0 0.002856329592759721
376.0 0.0027478046831674874
377.0 0.0010719530109781772
378.0 1.596398577566327e-10
379.0 0.0004971544967702357
380.0 0.0015982073819031939
381.0 0.002460120231262408
382.0 0.0033220330806216225
383.0 0.003347384335938841
384.0 0.0033727355912560597
385.0 0.004188150342088193
386.0 0.005003564365324564
387.0 0.004671176066040061
388.0 0.004338787402957678
389.0 0.0037321722629712895
390.0 0.0031255567591870204
391.0 0.002138110539817717
392.0 0.0011506642294989433
393.0 0.0012671865988522768
394.0 0.0013837086953571998
395.0 0.0011297934179310687
396.0 0.0008758781405049376
397.0 0.0007555363026767736
398.0 0.0006351948741212254
399.0 0.0006139647666714154
400.0 0.0005927342954237247
401.0 0.0001968349806702463
402.0 1.596398577566327e-10
403.0 1.596398577566327e-10
404.0 2.647280155088083e-05
405.0 0.0004910495135845849
406.0 0.0009556259101373143
407.0 0.0015616864402545616
408.0 0.002167746606573928
409.0 0.0017128882973338477
410.0 0.0012580297152453568
411.0 0.0009136518201557919
412.0 0.000569273879591492
413.0 0.0005955673259450123
414.0 0.0006218608177732676
415.0 0.0006833844963693991
416.0 0.0007449085842381464
417.0 0.0012633168807951733
418.0 0.001781725586624816
419.0 0.0022252139388001524
420.0 0.0026687022909754887
421.0 0.003945582648157142
422.0 0.0052224630053387955
423.0 0.008220491872634739
424.0 0.01121851964853704
425.0 0.015370787878055125
426.0 0.019523051741998643
427.0 0.020201662846375257
428.0 0.020880275405943394
429.0 0.0158842682139948
430.0 0.01088826174964197
431.0 0.007735840335953981
432.0 0.004583417467074469
433.0 0.00361721140507143
434.0 0.0026510051611694507
435.0 0.002162402779504191
436.0 0.0016738000340410508
437.0 0.0014990835552453063
438.0 0.001324367167399032
439.0 0.0011082353921665344
440.0 0.000892103707883507
441.0 0.0011852130228362512
442.0 0.0014783224287384655
443.0 0.0017152058717329055
444.0 0.001952089587575756
445.0 0.0018882188669522293
446.0 0.0018243479644297622
447.0 0.0016282841897918843
448.0 0.0014322206880024169
449.0 0.0013158161891624331
450.0 0.0011994112355750985
451.0 0.0013791829587717075
452.0 0.0015589548638672568
453.0 0.0015571875337627716
454.0 0.0015554205674561672
455.0 0.0014256956092140172
456.0 0.001295971105719218
457.0 0.0009570573638484348
458.0 0.0006181438038765918
459.0 0.0007724603165115695
460.0 0.0009267769200960174
461.0 0.0015865878594922833
462.0 0.0022463984350906685
463.0 0.0028697921152343042
464.0 0.00349318579537794
465.0 0.0045455330109689385
466.0 0.005597880226559937
467.0 0.00621183862676844
468.0 0.006825798482168466
469.0 0.005880418393644504
470.0 0.0049350397603120655
471.0 0.0037831592635484412
472.0 0.0026312789486837573
473.0 0.0021368754460127093
474.0 0.0016424717614427209
475.0 0.001367047934763832
476.0 0.0010916243809333537
477.0 0.0009158532520814333
478.0 0.0007400820777547779
479.0 0.0009368689461553004
480.0 0.0011336556781316176
481.0 0.0008858882210915908
482.0 0.0006381208550010342
483.0 0.000657080863675219
484.0 0.0006760406904504634
485.0 0.000630503882348421
486.0 0.0005849669832969084
487.0 0.000592299966228893
488.0 0.0005996328582114074
489.0 0.0005921842785028275
490.0 0.0005847356987942476
491.0 0.0007100167294993298
492.0 0.000835297760204412
493.0 0.0009660071555117611
494.0 0.0010967165508191101
495.0 0.0009751644029165618
496.0 0.0008536121640645433
497.0 0.0010613594895403367
498.0 0.0012691064512182493
499.0 0.0012778308700944763
500.0 0.0012865553799201734
501.0 0.0014655760423920583
502.0 0.0016445970686618239
503.0 0.0019903149222955108
504.0 0.0023360325940302573
505.0 0.0028133026717114262
506.0 0.0032905729312915355
507.0 0.003959400419262238
508.0 0.00462822790723294
509.0 0.005115650856168941
510.0 0.00560307307750918
511.0 0.00498834706377238
512.0 0.0043736206862377
513.0 0.0037658090150216594
514.0 0.0031579973438056186
515.0 0.002966232568724081
516.0 0.002774468157440424
517.0 0.0025565184841980226
518.0 0.0023385689928545617
519.0 0.07374375127255917
520.0 0.1118043321184814
521.0 0.06568509270437062
522.0 0.07709795609116554
523.0 0.17415003385394812
524.0 0.1322009484283626
525.0 0.07822060724720359
526.0 0.09934604167938232
527.0 0.13531716540455818
528.0 0.10119766229763627
529.0 0.15148824313655496
530.0 0.10120664956048131
531.0 0.20668760407716036
532.0 0.21103830076754093
533.0 0.25710209738463163
534.0 0.3276674775406718
535.0 0.37339720875024796
536.0 0.5994664039462805
537.0 0.8077610284090042
538.0 1.2331120669841766
539.0 1.9070984795689583
540.0 3.179147094488144
541.0 4.877645522356033
542.0 7.078646123409271
543.0 9.942331165075302
544.0 13.483470678329468
545.0 17.45515763759613
546.0 22.187301516532898
547.0 28.29727828502655
548.0 35.79014837741852
549.0 43.76360774040222
550.0 50.733208656311035
551.0 58.548641204833984
552.0 64.25433158874512
553.0 69.38900351524353
554.0 73.60067963600159
555.0 78.12166810035706
556.0 81.75607919692993
557.0 84.860098361969
558.0 88.23769688606262
559.0 91.30637645721436
560.0 92.29011535644531
561.0 94.10790205001831
562.0 94.85896229743958
563.0 94.78780031204224
564.0 95.35249471664429
565.0 94.95928287506104
566.0 95.60536742210388
567.0 95.13382911682129
568.0 95.43852806091309
569.0 96.07277512550354
570.0 95.15804052352905
571.0 96.69674038887024
572.0 96.40873670578003
573.0 96.08749747276306
574.0 96.68582677841187
575.0 96.64932489395142
576.0 96.89228534698486
577.0 96.87013626098633
578.0 96.81710004806519
579.0 96.76604270935059
580.0 96.39213681221008
581.0 96.22617959976196
582.0 96.42257690429688
583.0 96.54752612113953
584.0 95.77686786651611
585.0 96.33550643920898
586.0 96.18574380874634
587.0 96.01547718048096
588.0 96.0148811340332
589.0 96.78466320037842
590.0 96.16605043411255
591.0 95.83613276481628
592.0 95.51045298576355
593.0 95.41351795196533
594.0 95.61949968338013
595.0 96.22281193733215
596.0 96.48404121398926
597.0 96.92801833152771
598.0 96.56802415847778
599.0 96.54062986373901
600.0 96.48130536079407
601.0 95.9052324295044
602.0 96.47474884986877
603.0 96.15514278411865
604.0 95.98974585533142
605.0 96.35121822357178
606.0 95.77357172966003
607.0 95.69643139839172
608.0 96.06301784515381
609.0 95.22640705108643
610.0 95.60463428497314
611.0 95.63204646110535
612.0 95.62622308731079
613.0 96.60230875015259
614.0 96.11683487892151
615.0 96.0131287574768
616.0 96.01861238479614
617.0 95.96469402313232
618.0 96.06322646141052
619.0 96.92659378051758
620.0 95.95292806625366
621.0 95.23325562477112
622.0 96.37584686279297
623.0 96.12579345703125
624.0 96.30111455917358
625.0 96.72574400901794
626.0 96.05995416641235
627.0 94.696444272995
628.0 96.77135944366455
629.0 95.23400664329529
630.0 96.16872072219849
631.0 95.87836265563965
632.0 96.6214656829834
633.0 96.38146162033081
634.0 95.20899057388306
635.0 96.08859419822693
636.0 95.72039842605591
637.0 95.1796293258667
638.0 95.4395592212677
639.0 95.16051411628723
640.0 95.39219737052917
641.0 95.28200030326843
642.0 95.65767645835876
643.0 95.71079015731812
644.0 95.61805725097656
645.0 95.914226770401
646.0 95.6049382686615
647.0 97.09621071815491
648.0 96.31171822547913
649.0 95.92806100845337
650.0 96.13732099533081
651.0 96.89885973930359
652.0 96.74302935600281
653.0 95.74654698371887
654.0 96.23144268989563
655.0 96.55908942222595
656.0 95.4946756362915
657.0 95.79514265060425
658.0 96.07434868812561
659.0 96.11955285072327
660.0 95.18877267837524
661.0 95.58081030845642
662.0 95.49474716186523
663.0 95.6034243106842
664.0 95.232093334198
665.0 94.90436315536499
666.0 95.34671902656555
667.0 95.50748467445374
668.0 94.77553963661194
669.0 95.33198475837708
670.0 95.41895985603333
671.0 95.4071044921875
672.0 95.43685913085938
673.0 95.1396644115448
674.0 94.62414383888245
675.0 95.51452994346619
676.0 95.06571292877197
677.0 93.73517036437988
678.0 93.14264059066772
679.0 92.21900701522827
680.0 91.55133962631226
681.0 90.12377858161926
682.0 88.0881667137146
683.0 85.44553518295288
684.0 81.90739750862122
685.0 78.51778864860535
686.0 74.8710036277771
687.0 70.40280103683472
688.0 65.89157581329346
689.0 61.2262487411499
690.0 55.93944787979126
691.0 51.83873772621155
692.0 47.119563817977905
693.0 42.92198419570923
694.0 38.01506757736206
695.0 32.83442556858063
696.0 27.618977427482605
697.0 22.570545971393585
698.0 16.87249392271042
699.0 12.42072656750679
700.0 8.780372887849808
701.0 5.60944639146328
702.0 3.507165238261223
703.0 2.0410723984241486
704.0 1.2163939885795116
705.0 0.6786621175706387
706.0 0.3979055676609278
707.0 0.29832147993147373
708.0 0.1800935948267579
709.0 0.17945421859622002
710.0 0.08459768141619861
711.0 0.1129062264226377
712.0 0.0892487121745944
713.0 0.057475187350064516
714.0 0.08367372793145478
715.0 0.04599380772560835
716.0 0.010903010843321681
717.0 0.003801238563028164
718.0 0.04112783644814044
719.0 0.06684501422569156
720.0 1.596398577566327e-10
721.0 0.004521612208918668
722.0 0.0042404783016536385
723.0 0.003959344758186489
724.0 0.0036815017665503547
725.0 0.00340365877491422
726.0 0.003132719939458184
727.0 0.002861780740204267
728.0 0.002733021210588049
729.0 0.0026042614990728907
730.0 0.0024469089112244546
731.0 0.0022895566871738993
732.0 0.00228349344979506
733.0 0.002277430576214101
734.0 0.0021655800082953647
735.0 0.002053729440376628
736.0 0.0018456381440046243
737.0 0.0016375466657336801
738.0 0.0016077920008683577
739.0 0.0015780373360030353
740.0 0.0016207137377932668
741.0 0.001663390503381379
742.0 0.0015032615010568406
743.0 0.0013431325896817725
744.0 0.001407791660312796
745.0 0.0014724505490448792
746.0 0.0013770006262348033
747.0 0.0012815507943741977
748.0 0.00114262393253739
749.0 0.001003696979751112
750.0 0.0010440788173582405
751.0 0.0010844610187632497
752.0 0.0011425980119383894
753.0 0.0012007350960629992
754.0 0.0011321652891638223
755.0 0.001063595846062526
756.0 0.0010392344847787172
757.0 0.001014873032545438
758.0 0.001056260043696966
759.0 0.0010976469638990238
760.0 0.0010721980288508348
761.0 0.0010467493666510563
762.0 0.0010522085176489782
763.0 0.0010576680324447807
764.0 0.001031995543598896
765.0 0.0010063233276014216
766.0 0.0008481415534333792
767.0 0.000689959915689542
768.0 0.0006732826932420721
769.0 0.0006566053798451321
770.0 0.0007873734830354806
771.0 0.0009181419954984449
772.0 0.0008061550943239126
773.0 0.00069416801125044
774.0 0.0008017264917725697
775.0 0.0009092848813452292
776.0 0.0008551659448130522
777.0 0.0008010468263819348
778.0 0.0008535789675079286
779.0 0.0009061112905328628
780.0 0.0007741722583887167
781.0 0.0006422333171940409
782.0 0.0007519616701756604
783.0 0.0008616899322078098
784.0 0.0008971496754384134
785.0 0.0009326091458206065
786.0 0.0008099451406451408
787.0 0.0006872812264191452
788.0 0.0007022732916084351
789.0 0.0007172655841714004
790.0 0.0007737357918813359
791.0 0.0008302060450660065
792.0 0.0007956688023114111
793.0 0.0007611316050315509
794.0 0.0008213532055378892
795.0 0.0008815744877210818
796.0 0.0007690316124353558
797.0 0.0006564887826243648
798.0 0.00078679349826416
799.0 0.0009170983503281604
800.0 0.0008299094588437583
801.0 0.0007427202945109457
802.0 0.0006606411716347793
803.0 0.0005785617759102024
804.0 0.0006749763542757137
805.0 0.0007713909326412249
806.0 0.0006459064479713561
807.0 0.0005204219633014873
808.0 0.000686169460095698
809.0 0.0008519168659404386
810.0 0.0007745687071292195
811.0 0.0006972207302169409
812.0 0.0006787386155338027
813.0 0.0006602564553759294
814.0 0.0005701691407011822
815.0 0.0004800818715011701
816.0 0.0006325112735794391
817.0 0.0007849407666071784
818.0 0.0006843101800768636
819.0 0.000583679639021284
820.0 0.0004569074462779099
821.0 0.0003301352535345359
822.0 0.00041063071876124013
823.0 0.0004911261839879444
824.0 0.0004992378308088519
825.0 0.0005073494776297593
826.0 0.0005537869583349675
827.0 0.0006002243935654406
828.0 0.0004333670403866563
829.0 0.00026650968720787205
830.0 0.0001515568783361232
831.0 3.6604109254767536e-05
832.0 3.990153913946415e-05
833.0 4.3198963339818874e-05
834.0 1.596398577566327e-10
835.0 1.596398577566327e-10
836.0 0.00023719042019365588
837.0 0.0005839047389599727
838.0 0.0007119901965779718
839.0 0.0008400756996707059
840.0 0.0011930571417906322
841.0 0.001546038402011618
842.0 0.002029838833550457
843.0 0.002513639446988236
844.0 0.0023037477149046026
845.0 0.00209385634661885
846.0 0.0019868391973432153
847.0 0.0018798216842697002
848.0 0.0018746659407042898
849.0 0.001869510015239939
850.0 0.0016631554899504408
851.0 0.001456801146559883
852.0 0.0013401948308455758
853.0 0.0012235883332323283
854.0 0.0010589919838821515
855.0 0.0008943952707340941
856.0 0.0007064792953315191
857.0 0.0005185633199289441
858.0 0.0006263728209887631
859.0 0.000734182231099112
860.0 0.0005688503279088764
861.0 0.00040351833376917057
862.0 0.00039544215724163223
863.0 0.0003873658897646237
864.0 0.0002670414232852636
865.0 0.00014671700228063855
866.0 0.00014150890592645737
867.0 0.00013630079820359242
868.0 0.00019930084818042815
869.0 0.000262300841313845
870.0 0.00010556742608969216
871.0 1.596398577566327e-10
872.0 1.596398577566327e-10
873.0 1.596398577566327e-10
874.0 1.596398577566327e-10
875.0 1.596398577566327e-10
876.0 1.596398577566327e-10
877.0 7.057733508730735e-07
878.0 0.00013849930837750435
879.0 0.0002762928488664329
880.0 0.00020262298221496167
881.0 0.00012895309282612288
882.0 0.00013137353107595118
883.0 0.00013379399206314702
884.0 5.646261236336159e-07
885.0 1.596398577566327e-10
886.0 1.596398577566327e-10
887.0 2.6632955041350215e-05
888.0 0.00014470589349002694
889.0 0.0002627788262543618
890.0 0.00021311211639840622
891.0 0.0001634453838050831
892.0 2.053265006907168e-05
893.0 1.596398577566327e-10
894.0 1.8693681269610352e-06
895.0 0.00012611882311830414
896.0 0.0001288085172745923
897.0 0.00013149825690561556
898.0 9.664996696301387e-05
899.0 6.180167133607029e-05
900.0 7.72379706859283e-06
901.0 1.596398577566327e-10
