lsstCam/transmission_filter_detector/r13_s11/r_57/19700101T000000.ecsv
# %ECSV 1.0
# ---
# datatype:
# - {name: wavelength, unit: nm, datatype: float32}
# - {name: efficiency, unit: '%', datatype: float64}
# meta: !!omap
# - {MODE: DETECTOR}
# - {TYPE: transmission_filter_detector}
# - {CALIBDATE: '1970-01-01T00:00:00'}
# - {INSTRUME: LSSTCam}
# - {OBSTYPE: transmission_filter_detector}
# - {CALIBCLS: lsst.ip.isr.IntermediateFilterDetectorTransmissionCurve}
# - {SOURCE: Materion (DM-46256)}
# - {DETECTOR: 58}
# - {FILTER: r_57}
# - {CALIB_ID: 'calibDate=1970-01-01T00:00:00 filter=r_57 detector=58'}
# - {DATE: '2025-04-02T15:59:44.452173'}
# - {CALIB_CREATION_DATE: '2025-04-02'}
# - {CALIB_CREATION_TIME: '15:59:44'}
# - __serialized_columns__:
#     efficiency:
#       __class__: astropy.units.quantity.Quantity
#       unit: !astropy.units.Unit {unit: '%'}
#       value: !astropy.table.SerializedColumn {name: efficiency}
#     wavelength:
#       __class__: astropy.units.quantity.Quantity
#       unit: !astropy.units.Unit {unit: nm}
#       value: !astropy.table.SerializedColumn {name: wavelength}
# schema: astropy-2.0
wavelength efficiency
[from data line 603]
903.0 1.596398577566327e-10
904.0 1.596398577566327e-10
905.0 4.321046560562536e-05
906.0 1.596398577566327e-10
907.0 1.596398577566327e-10
908.0 1.596398577566327e-10
909.0 1.596398577566327e-10
910.0 1.596398577566327e-10
911.0 1.596398577566327e-10
912.0 1.596398577566327e-10
913.0 1.596398577566327e-10
914.0 4.93374834320548e-06
915.0 0.00010213467476205551
916.0 1.8086115005644388e-05
917.0 1.596398577566327e-10
918.0 4.771511612489121e-05
919.0 0.00016139260878844652
920.0 5.89267813211336e-05
921.0 1.596398577566327e-10
922.0 8.928847705647058e-05
923.0 0.00022211604573385557
924.0 0.00021504424694285262
925.0 0.00020797247088921722
926.0 0.00017221294683622546
927.0 0.0001364534227832337
928.0 0.00017232513300768915
929.0 0.00020819682049477706
930.0 0.00027785081329056993
931.0 0.00034750482882373035
932.0 0.00013908379514759872
933.0 1.596398577566327e-10
934.0 0.00010950703881462687
935.0 0.000288351247945684
936.0 0.00027530320494406624
937.0 0.0002622551392050809
938.0 0.00028563140404003207
939.0 0.0003090076688749832
940.0 0.00032674397516530007
941.0 0.0003444802587182494
942.0 0.0004014807473140536
943.0 0.0004584812359098578
944.0 0.00038972079892118927
945.0 0.0003209604301446234
946.0 0.00035298498914926313
947.0 0.0003850095254165353
948.0 0.0004727067789644934
949.0 0.0005604041689366568
950.0 0.0005582431185757741
951.0 0.0005560820227401564
952.0 0.0007241499588417355
953.0 0.00089221812231699
954.0 0.0011847234418382868
955.0 0.0014772290342079941
956.0 0.0015248533600242808
957.0 0.0015724775948910974
958.0 0.001697664993116632
959.0 0.0018228529370389879
960.0 0.0019583878383855335
961.0 0.0020939229216310196
962.0 0.0022994945538812317
963.0 0.002505066368030384
964.0 0.0024847535314620472
965.0 0.0024644403310958296
966.0 0.00244705533987144
967.0 0.0024296703486470506
968.0 0.0023864946342655458
969.0 0.0023433191017829813
970.0 0.0024884677259251475
971.0 0.0026336167138651945
972.0 0.0026423251256346703
973.0 0.0026510331736062653
974.0 0.0028845550332334824
975.0 0.003118076710961759
976.0 0.0031959094485500827
977.0 0.0032737421861384064
978.0 0.0031623752875020728
979.0 0.00305100875266362
980.0 0.0029311346224858426
981.0 0.0028112604923080653
982.0 0.0029764260034426115
983.0 0.003141591514577158
984.0 0.0030230117772589438
985.0 0.0029044320399407297
986.0 0.0028336371542536654
987.0 0.0027628424504655413
988.0 0.0026149855330004357
989.0 0.0024671287974342704
990.0 0.0024897266484913416
991.0 0.002512324681447353
992.0 0.00254785791184986
993.0 0.002583391687949188
994.0 0.0026511046598898247
995.0 0.0027188169042347
996.0 0.0027781214157585055
997.0 0.0028374257453833707
998.0 0.0029998538593645208
999.0 0.003162282155244611
1000.0 0.003298046431154944
1001.0 0.003433810707065277
1002.0 0.003616839603637345
1003.0 0.0037998685002094135
1004.0 0.003939459566026926
1005.0 0.004079050268046558
1006.0 0.004224807707942091
1007.0 0.004370565147837624
1008.0 0.004308444476919249
1009.0 0.0042463238060008734
1010.0 0.00421547083533369
1011.0 0.004184617864666507
1012.0 0.0041673018131405115
1013.0 0.004149985397816636
1014.0 0.003901899981428869
1015.0 0.003653813837445341
1016.0 0.003544610081007704
1017.0 0.0034354063245700672
1018.0 0.002997748742927797
1019.0 0.002560091706982348
1020.0 0.0021880041458643973
1021.0 0.0018159165847464465
1022.0 0.001603538476047106
1023.0 0.0013911600944993552
1024.0 0.00146264264913043
1025.0 0.0015341252947109751
1026.0 0.0014034723790246062
1027.0 0.0012728191904898267
1028.0 0.0011409063517930917
1029.0 0.0010089932402479462
1030.0 0.0009267907444154844
1031.0 0.0008445876119367313
1032.0 0.000849592743179528
1033.0 0.0008545976015739143
1034.0 0.0008086317393463105
1035.0 0.0007626657861692365
1036.0 0.0008349729796464089
1037.0 0.0009072799002751708
1038.0 0.0008131692993629258
1039.0 0.0007190589258243563
1040.0 0.000789646765042562
1041.0 0.0008602345587860327
1042.0 0.000957468910200987
1043.0 0.0010547028068685904
1044.0 0.0009476994819124229
1045.0 0.000840696429804666
1046.0 0.0007582254511362407
1047.0 0.000675754699841491
1048.0 0.0006432653663068777
1049.0 0.0006107760782469995
1050.0 0.0006543679319293005
1051.0 0.0006979597856116015
1052.0 0.0009770449651114177
1053.0 0.001256129689863883
1054.0 0.001124620121117914
1055.0 0.000993110461422475
1056.0 0.001013479686662322
1057.0 0.001033849002851639
1058.0 0.0008430745765508618
1059.0 0.0006523004685732303
1060.0 0.0010502557415748015
1061.0 0.0014482105143542867
1062.0 0.001582178083481267
1063.0 0.0017161455616587773
1064.0 0.0012557132322399411
1065.0 0.0007952806299726944
1066.0 0.0011427115168771707
1067.0 0.0014901424037816469
1068.0 0.0017611984731047414
1069.0 0.002032254087680485
1070.0 0.0014369280506798532
1071.0 0.0008416019227297511
1072.0 0.0012979068742424715
1073.0 0.0017542117348057218
1074.0 0.0023014146790956147
1075.0 0.002848617259587627
1076.0 0.0031009301892481744
1077.0 0.0033532429370097816
1078.0 0.003888639184879139
1079.0 0.004424035796546377
1080.0 0.004465608799364418
1081.0 0.004507181074586697
1082.0 0.004211168925394304
1083.0 0.003915157139999792
1084.0 0.004481884025153704
1085.0 0.005048610910307616
1086.0 0.0049721227696863934
1087.0 0.004895634629065171
1088.0 0.004940357757732272
1089.0 0.004985080886399373
1090.0 0.004774624540004879
1091.0 0.004564168193610385
1092.0 0.003956538421334699
1093.0 0.003348908285261132
1094.0 0.003939714952139184
1095.0 0.004530521619017236
1096.0 0.0035004475648747757
1097.0 0.0024703731469344348
1098.0 0.001820377292460762
1099.0 0.0011703816198860295
1100.0 0.0014974722944316454
1101.0 0.0018245626051793806
