ts8/qe_curves/rtm-011_s11/19700101T000000.ecsv
# %ECSV 0.9
# ---
# datatype:
# - {name: amp_name, datatype: string}
# - {name: wavelength, unit: nm, datatype: float32}
# - {name: efficiency, unit: '%', datatype: float32}
# meta: !!omap
# - {MODE: AMP}
# - {TYPE: QE}
# - {CALIBDATE: '1970-01-01T00:00:00'}
# - {INSTRUME: TS8}
# - {OBSTYPE: qe_curves}
# - {DETECTOR: 76}
# - {PICKLEFILE: RaftRun10861.p}
# - {CALIB_ID: 'raftName=RTM-011 detectorName=S11 detector=76 calibDate=1970-01-01T00:00:00 ccd=76 ccdnum=76 filter=None'}
# - {DATE: '2020-01-03T18:08:37.927181'}
# - {CALIB_CREATION_DATE: '2020-01-03'}
# - {CALIB_CREATION_TIME: '18:08:37'}
# - __serialized_columns__:
#     efficiency:
#       __class__: astropy.units.quantity.Quantity
#       unit: !astropy.units.Unit {unit: '%'}
#       value: !astropy.table.SerializedColumn {name: efficiency}
#     wavelength:
#       __class__: astropy.units.quantity.Quantity
#       unit: !astropy.units.Unit {unit: nm}
#       value: !astropy.table.SerializedColumn {name: wavelength}
# schema: astropy-2.0
amp_name wavelength efficiency
C13 319.994 50.024334
C13 324.969 52.40756
C13 349.982 63.784363
C13 374.975 77.30738
C13 400.019 85.88495
C13 424.965 86.038185
C13 450.035 84.89697
C13 475.003 84.460556
C13 500.018 84.71188
C13 525.002 85.540565
C13 550.029 87.04045
C13 575.023 88.75442
C13 599.982 90.94781
C13 619.997 91.89863
C13 624.979 92.25171
C13 650.012 93.74572
C13 675.004 94.92623
C13 700.03 95.60108
C13 725.012 96.011024
C13 750.022 96.96783
C13 774.987 97.81181
C13 799.976 97.85094
C13 824.988 97.10668
C13 850.022 95.93013
C13 869.967 93.69093
C13 875.002 92.86262
C13 899.999 86.88236
C13 919.999 79.19973
C13 925.012 76.51785
C13 949.965 62.67438
C13 975.002 46.836555
C13 999.976 29.8641
C13 1025.028 14.579414
C13 1050.014 5.6735625
C13 1075.002 3.1094494
C13 1099.99 2.214231
C12 319.994 49.904484
C12 324.969 52.267414
C12 349.982 63.618652
C12 374.975 77.28613
C12 400.019 85.87449
C12 424.965 86.0103
C12 450.035 84.84693
C12 475.003 84.382126
C12 500.018 84.595116
C12 525.002 85.38626
C12 550.029 86.841705
C12 575.023 88.51963
C12 599.982 90.692986
C12 619.997 91.63896
C12 624.979 91.99206
C12 650.012 93.482216
C12 675.004 94.66459
C12 700.03 95.348656
C12 725.012 95.76725
C12 750.022 96.74685
C12 774.987 97.60889
C12 799.976 97.664734
C12 824.988 96.93767
C12 850.022 95.79007
C12 869.967 93.57007
C12 875.002 92.74981
C12 899.999 86.79869
C12 919.999 79.12513
C12 925.012 76.45428
C12 949.965 62.701027
C12 975.002 46.855007
C12 999.976 29.850256
C12 1025.028 14.57082
C12 1050.014 5.6739974
C12 1075.002 3.1144328
C12 1099.99 2.2173
C06 319.994 49.977352
C06 324.969 52.368927
C06 349.982 63.74793
C06 374.975 77.50834
C06 400.019 86.019554
C06 424.965 86.14895
C06 450.035 84.96776
C06 475.003 84.484055
C06 500.018 84.669716
C06 525.002 85.44686
C06 550.029 86.883286
C06 575.023 88.54974
C06 599.982 90.72365
C06 619.997 91.6701
C06 624.979 92.0219
C06 650.012 93.47713
C06 675.004 94.65817
C06 700.03 95.37675
C06 725.012 95.80315
C06 750.022 96.792915
C06 774.987 97.66774
C06 799.976 97.69877
C06 824.988 97.00148
C06 850.022 95.91275
C06 869.967 93.72494
C06 875.002 92.94019
C06 899.999 86.87275
C06 919.999 79.143745
C06 925.012 76.50358
C06 949.965 62.89604
C06 975.002 47.112335
C06 999.976 29.99105
C06 1025.028 14.618408
C06 1050.014 5.7805142
C06 1075.002 3.1396194
C06 1099.99 2.2169552
C10 319.994 49.68546
C10 324.969 52.0206
C10 349.982 63.367317
C10 374.975 77.36456
C10 400.019 86.14464
C10 424.965 86.32728
C10 450.035 85.15893
C10 475.003 84.67143
C10 500.018 84.82322
C10 525.002 85.5669
C10 550.029 86.98771
C10 575.023 88.625336
C10 599.982 90.75669
C10 619.997 91.67457
C10 624.979 92.02034
C10 650.012 93.48503
C10 675.004 94.664024
C10 700.03 95.375084
C10 725.012 95.84213
C10 750.022 96.89417
C10 774.987 97.82448
C10 799.976 97.91512
C10 824.988 97.20282
C10 850.022 96.12781
C10 869.967 93.85251
C10 875.002 92.98961
C10 899.999 86.87603
C10 919.999 79.302315
C10 925.012 76.675896
C10 949.965 63.04996
C10 975.002 47.12216
C10 999.976 29.964071
C10 1025.028 14.545561
C10 1050.014 5.731892
C10 1075.002 3.1469984
C10 1099.99 2.2251143
C07 319.994 49.791206
C07 324.969 52.154144
C07 349.982 63.467793
C07 374.975 77.352234
C07 400.019 86.03683
C07 424.965 86.24585
C07 450.035 85.106674
C07 475.003 84.6751
C07 500.018 84.89298
C07 525.002 85.66439
C07 550.029 87.09605
C07 575.023 88.7271
C07 599.982 90.843605
C07 619.997 91.74421
C07 624.979 92.089096
C07 650.012 93.50859
C07 675.004 94.67192
C07 700.03 95.3991
C07 725.012 95.84644
C07 750.022 96.878
C07 774.987 97.795685
C07 799.976 97.85073
C07 824.988 97.162155
C07 850.022 96.112144
C07 869.967 93.88387
C07 875.002 93.06457
C07 899.999 86.86055
C07 919.999 79.215866
C07 925.012 76.61333
C07 949.965 63.05591
C07 975.002 47.270767
C07 999.976 30.069143
C07 1025.028 14.580071
C07 1050.014 5.7983985
C07 1075.002 3.148726
C07 1099.99 2.2172904
C16 319.994 50.777126
C16 324.969 53.23427
C16 349.982 64.67844
C16 374.975 77.54075
C16 400.019 85.64783
C16 424.965 85.69093
C16 450.035 84.60708
C16 475.003 84.29246
C16 500.018 84.674614
C16 525.002 85.57824
C16 550.029 87.1205
C16 575.023 88.84899
C16 599.982 91.04307
C16 619.997 91.98254
C16 624.979 92.331856
C16 650.012 93.80509
C16 675.004 94.954475
C16 700.03 95.60485
C16 725.012 95.985146
C16 750.022 96.91054
C16 774.987 97.72449
C16 799.976 97.73353
C16 824.988 96.94437
C16 850.022 95.736015
C16 869.967 93.50939
C16 875.002 92.69438
C16 899.999 86.810265
C16 919.999 79.01194
C16 925.012 76.27462
C16 949.965 62.12961
C16 975.002 46.414677
C16 999.976 29.626501
C16 1025.028 14.511985
C16 1050.014 5.6840935
C16 1075.002 3.1116633
C16 1099.99 2.2060778
C03 319.994 50.62767
C03 324.969 53.084656
C03 349.982 64.57049
C03 374.975 77.84751
C03 400.019 86.06316
C03 424.965 86.09429
C03 450.035 84.89939
C03 475.003 84.44076
C03 500.018 84.69927
C03 525.002 85.55256
C03 550.029 87.06336
C03 575.023 88.79923
C03 599.982 91.033745
C03 619.997 92.01443
C03 624.979 92.373055
C03 650.012 93.84908
C03 675.004 95.03426
C03 700.03 95.72932
C03 725.012 96.10716
C03 750.022 97.02769
C03 774.987 97.83716
C03 799.976 97.82151
C03 824.988 97.08563
C03 850.022 95.92638
C03 869.967 93.6566
C03 875.002 92.843864
C03 899.999 86.71768
C03 919.999 79.01057
C03 925.012 76.3762
C03 949.965 62.73266
C03 975.002 47.027412
C03 999.976 29.920027
C03 1025.028 14.538131
C03 1050.014 5.749488
C03 1075.002 3.1341345
C03 1099.99 2.2041984
C05 319.994 50.24424
C05 324.969 52.657288
C05 349.982 64.11038
C05 374.975 77.801254
C05 400.019 86.25973
C05 424.965 86.35101
C05 450.035 85.148735
C05 475.003 84.65783
C05 500.018 84.85132
C05 525.002 85.6501
C05 550.029 87.111305
C05 575.023 88.80395
C05 599.982 91.004395
C05 619.997 91.967
C05 624.979 92.323555
C05 650.012 93.79849
C05 675.004 94.98771
C05 700.03 95.69157
C05 725.012 96.10095
C05 750.022 97.06174
C05 774.987 97.909966
C05 799.976 97.92619
C05 824.988 97.21302
C05 850.022 96.09594
C05 869.967 93.88878
C05 875.002 93.094826
C05 899.999 87.02475
C05 919.999 79.27721
C05 925.012 76.63941
C05 949.965 62.986477
C05 975.002 47.17319
C05 999.976 30.048548
C05 1025.028 14.640208
C05 1050.014 5.792548
C05 1075.002 3.149063
C05 1099.99 2.222837
C04 319.994 50.292763
C04 324.969 52.71789
C04 349.982 64.16249
C04 374.975 77.63079
C04 400.019 85.959785
C04 424.965 86.020645
C04 450.035 84.81889
C04 475.003 84.34457
C04 500.018 84.56935
C04 525.002 85.3915
C04 550.029 86.86939
C04 575.023 88.57533
C04 599.982 90.78772
C04 619.997 91.75613
C04 624.979 92.11524
C04 650.012 93.59359
C04 675.004 94.77606
C04 700.03 95.47243
C04 725.012 95.861725
C04 750.022 96.798386
C04 774.987 97.62017
C04 799.976 97.62409
C04 824.988 96.897705
C04 850.022 95.75235
C04 869.967 93.526535
C04 875.002 92.72256
C04 899.999 86.64533
C04 919.999 78.94813
C04 925.012 76.29868
C04 949.965 62.653534
C04 975.002 46.97676
C04 999.976 29.883118
C04 1025.028 14.544877
C04 1050.014 5.755458
C04 1075.002 3.1316915
C04 1099.99 2.2037957
C15 319.994 50.886932
C15 324.969 53.3383
C15 349.982 64.84116
C15 374.975 78.033226
C15 400.019 86.36327
C15 424.965 86.43486
C15 450.035 85.30498
C15 475.003 84.91866
C15 500.018 85.24383
C15 525.002 86.13014
C15 550.029 87.672134
C15 575.023 89.42342
C15 599.982 91.645905
C15 619.997 92.60851
C15 624.979 92.96201
C15 650.012 94.45786
C15 675.004 95.63041
C15 700.03 96.29727
C15 725.012 96.68568
C15 750.022 97.62674
C15 774.987 98.44505
C15 799.976 98.456154
C15 824.988 97.68088
C15 850.022 96.46113
C15 869.967 94.17812
C15 875.002 93.3466
C15 899.999 87.37113
C15 919.999 79.58505
C15 925.012 76.85975
C15 949.965 62.768993
C15 975.002 46.874386
C15 999.976 29.887043
C15 1025.028 14.640102
C15 1050.014 5.7055845
C15 1075.002 3.1260757
C15 1099.99 2.224742
C14 319.994 50.190544
C14 324.969 52.596767
C14 349.982 63.98891
C14 374.975 77.306046
C14 400.019 85.729164
C14 424.965 85.860634
C14 450.035 84.73455
C14 475.003 84.329056
C14 500.018 84.61484
C14 525.002 85.46709
C14 550.029 86.98018
C14 575.023 88.69846
C14 599.982 90.896324
C14 619.997 91.843315
C14 624.979 92.199196
C14 650.012 93.68404
C14 675.004 94.849655
C14 700.03 95.525826
C14 725.012 95.92013
C14 750.022 96.86075
C14 774.987 97.68752
C14 799.976 97.706474
C14 824.988 96.95148
C14 850.022 95.75001
C14 869.967 93.47467
C14 875.002 92.65049
C14 899.999 86.674736
C14 919.999 78.9842
C14 925.012 76.30093
C14 949.965 62.404324
C14 975.002 46.60932
C14 999.976 29.720255
C14 1025.028 14.521683
C14 1050.014 5.6487823
C14 1075.002 3.0961916
C14 1099.99 2.2082996
C17 319.994 50.717865
C17 324.969 53.17796
C17 349.982 64.540016
C17 374.975 77.17378
C17 400.019 85.41819
C17 424.965 85.63239
C17 450.035 84.727135
C17 475.003 84.60635
C17 500.018 85.12117
C17 525.002 86.09523
C17 550.029 87.690025
C17 575.023 89.391335
C17 599.982 91.50999
C17 619.997 92.392044
C17 624.979 92.72933
C17 650.012 94.15293
C17 675.004 95.27964
C17 700.03 95.90014
C17 725.012 96.28136
C17 750.022 97.22364
C17 774.987 98.05092
C17 799.976 98.06406
C17 824.988 97.24073
C17 850.022 96.03258
C17 869.967 93.835396
C17 875.002 93.02699
C17 899.999 87.12388
C17 919.999 79.177155
C17 925.012 76.357574
C17 949.965 61.798756
C17 975.002 46.34319
C17 999.976 29.583479
C17 1025.028 14.425818
C17 1050.014 5.717461
C17 1075.002 3.1030629
C17 1099.99 2.1892786
C11 319.994 49.899326
C11 324.969 52.25764
C11 349.982 63.617496
C11 374.975 77.43905
C11 400.019 86.06143
C11 424.965 86.202034
C11 450.035 85.033745
C11 475.003 84.562996
C11 500.018 84.74866
C11 525.002 85.51137
C11 550.029 86.93261
C11 575.023 88.57772
C11 599.982 90.73266
C11 619.997 91.66792
C11 624.979 92.01951
C11 650.012 93.495346
C11 675.004 94.67609
C11 700.03 95.377625
C11 725.012 95.82176
C11 750.022 96.82807
C11 774.987 97.71764
C11 799.976 97.77995
C11 824.988 97.07157
C11 850.022 95.94698
C11 869.967 93.722374
C11 875.002 92.90508
C11 899.999 86.91856
C11 919.999 79.25015
C11 925.012 76.58156
C11 949.965 62.86828
C11 975.002 46.979965
C11 999.976 29.9152
C11 1025.028 14.582816
C11 1050.014 5.690724
C11 1075.002 3.1282418
C11 1099.99 2.2234597
C01 319.994 50.7516
C01 324.969 53.237568
C01 349.982 64.599884
C01 374.975 77.31458
C01 400.019 85.48734
C01 424.965 85.668465
C01 450.035 84.660095
C01 475.003 84.41704
C01 500.018 84.86295
C01 525.002 85.80078
C01 550.029 87.375275
C01 575.023 89.12665
C01 599.982 91.334366
C01 619.997 92.27709
C01 624.979 92.62866
C01 650.012 94.0594
C01 675.004 95.20993
C01 700.03 95.887184
C01 725.012 96.251236
C01 750.022 97.1671
C01 774.987 97.972275
C01 799.976 97.93888
C01 824.988 97.19331
C01 850.022 96.040405
C01 869.967 93.69584
C01 875.002 92.86666
C01 899.999 86.73055
C01 919.999 79.09667
C01 925.012 76.47917
C01 949.965 62.809525
C01 975.002 47.016586
C01 999.976 29.992914
C01 1025.028 14.538805
C01 1050.014 5.7606907
C01 1075.002 3.1468184
C01 1099.99 2.2100244
C02 319.994 50.974068
C02 324.969 53.463158
C02 349.982 64.95866
C02 374.975 78.00339
C02 400.019 86.12437
C02 424.965 86.1608
C02 450.035 85.00568
C02 475.003 84.6031
C02 500.018 84.92217
C02 525.002 85.81488
C02 550.029 87.35893
C02 575.023 89.11586
C02 599.982 91.35901
C02 619.997 92.33574
C02 624.979 92.69661
C02 650.012 94.165764
C02 675.004 95.34075
C02 700.03 96.02956
C02 725.012 96.39855
C02 750.022 97.31492
C02 774.987 98.11384
C02 799.976 98.09173
C02 824.988 97.345535
C02 850.022 96.18597
C02 869.967 93.87416
C02 875.002 93.047
C02 899.999 86.86763
C02 919.999 79.16927
C02 925.012 76.55342
C02 949.965 62.943634
C02 975.002 47.1592
C02 999.976 30.021915
C02 1025.028 14.568245
C02 1050.014 5.765236
C02 1075.002 3.1504228
C02 1099.99 2.2144117
C00 319.994 49.353645
C00 324.969 51.752575
C00 349.982 62.750877
C00 374.975 75.4464
C00 400.019 84.38815
C00 424.965 85.09686
C00 450.035 84.47002
C00 475.003 84.58305
C00 500.018 85.23601
C00 525.002 86.27363
C00 550.029 87.89038
C00 575.023 89.55018
C00 599.982 91.60455
C00 619.997 92.43716
C00 624.979 92.768974
C00 650.012 94.119415
C00 675.004 95.233154
C00 700.03 95.89513
C00 725.012 96.27079
C00 750.022 97.20903
C00 774.987 98.040985
C00 799.976 98.023674
C00 824.988 97.27804
C00 850.022 96.122765
C00 869.967 93.73005
C00 875.002 92.91926
C00 899.999 87.00112
C00 919.999 79.37097
C00 925.012 76.67913
C00 949.965 62.511784
C00 975.002 46.73038
C00 999.976 30.029669
C00 1025.028 14.508217
C00 1050.014 5.801653
C00 1075.002 3.1321683
C00 1099.99 2.2088413
