lsstCam/transmission_filter_detector/r22_s02/u_24/19700101T000000.ecsv
# %ECSV 1.0
# ---
# datatype:
# - {name: wavelength, unit: nm, datatype: float32}
# - {name: efficiency, unit: '%', datatype: float64}
# meta: !!omap
# - {MODE: DETECTOR}
# - {TYPE: transmission_filter_detector}
# - {CALIBDATE: '1970-01-01T00:00:00'}
# - {INSTRUME: LSSTCam}
# - {OBSTYPE: transmission_filter_detector}
# - {CALIBCLS: lsst.ip.isr.IntermediateFilterDetectorTransmissionCurve}
# - {SOURCE: Materion (DM-46256)}
# - {DETECTOR: 92}
# - {FILTER: u_24}
# - {CALIB_ID: 'calibDate=1970-01-01T00:00:00 filter=u_24 detector=92'}
# - {DATE: '2025-04-02T15:59:40.174962'}
# - {CALIB_CREATION_DATE: '2025-04-02'}
# - {CALIB_CREATION_TIME: '15:59:40'}
# - __serialized_columns__:
#     efficiency:
#       __class__: astropy.units.quantity.Quantity
#       unit: !astropy.units.Unit {unit: '%'}
#       value: !astropy.table.SerializedColumn {name: efficiency}
#     wavelength:
#       __class__: astropy.units.quantity.Quantity
#       unit: !astropy.units.Unit {unit: nm}
#       value: !astropy.table.SerializedColumn {name: wavelength}
# schema: astropy-2.0
wavelength efficiency
[from data line 581]
876.0 0.002628031506901607
877.0 0.0026333622372476384
878.0 0.00263869296759367
879.0 0.0026368956241640262
880.0 0.002635099008330144
881.0 0.002689084976736922
882.0 0.0027430718546384014
883.0 0.0023967164452187717
884.0 0.0020503612176980823
885.0 0.0021746158381574787
886.0 0.002298870822414756
887.0 0.002131004112015944
888.0 0.001963137765415013
889.0 0.0018407134120934643
890.0 0.0017182888768729754
891.0 0.002028333801717963
892.0 0.0023383787265629508
893.0 0.002321537431271281
894.0 0.0023046952264849097
895.0 0.0024354536435566843
896.0 0.002566211696830578
897.0 0.0032403877412434667
898.0 0.003914563785656355
899.0 0.004053433440276422
900.0 0.0041923023673007265
901.0 0.004346960122347809
902.0 0.004501618241192773
903.0 0.004630704643204808
904.0 0.004759790681418963
905.0 0.005075098306406289
906.0 0.005390405567595735
907.0 0.005472945122164674
908.0 0.005555484312935732
909.0 0.005377522757044062
910.0 0.005199560837354511
911.0 0.005225524364504963
912.0 0.005251487891655415
913.0 0.005179084109840915
914.0 0.005106680691824295
915.0 0.004524360338109545
916.0 0.003942040348192677
917.0 0.0037133977457415313
918.0 0.003484755870886147
919.0 0.004013842772110365
920.0 0.004542929673334584
921.0 0.00450407897005789
922.0 0.004465228630579077
923.0 0.005159001739230007
924.0 0.005852773392689414
925.0 0.006282124377321452
926.0 0.006711474998155609
927.0 0.007312127127079293
928.0 0.007912776345619932
929.0 0.007867153908591717
930.0 0.007821531471563503
931.0 0.0077435186540242285
932.0 0.0076655036536976695
933.0 0.007435562292812392
934.0 0.007205621659522876
935.0 0.007404763891827315
936.0 0.007603906124131754
937.0 0.007283750892383978
938.0 0.006963598571019247
939.0 0.006706442218273878
940.0 0.006449285865528509
941.0 0.005886668441235088
942.0 0.005324050289345905
943.0 0.004011339115095325
944.0 0.0026986290322383866
945.0 0.002279255204484798
946.0 0.0018598817405290902
947.0 0.001640132541069761
948.0 0.0014203831597114913
949.0 0.0013569140719482675
950.0 0.0012934449841850437
951.0 0.0013641899386129808
952.0 0.0014349348930409178
953.0 0.001588785380590707
954.0 0.0017426364138373174
955.0 0.002280451917613391
956.0 0.002818267239490524
957.0 0.00276014343398856
958.0 0.0027020189008908346
959.0 0.0029579823603853583
960.0 0.0032139450922841206
961.0 0.0034646458516363055
962.0 0.0037153466109884903
963.0 0.004150884706177749
964.0 0.004586422801367007
965.0 0.004813902341993526
966.0 0.005041381882620044
967.0 0.005056904046796262
968.0 0.005072426574770361
969.0 0.0049683148972690105
970.0 0.004864203947363421
971.0 0.004710438952315599
972.0 0.004556673229672015
973.0 0.004342546890256926
974.0 0.004128419459448196
975.0 0.003766511508729309
976.0 0.003404603194212541
977.0 0.0032247389754047617
978.0 0.0030448743927991018
979.0 0.0028817017664550804
980.0 0.0027185289582121186
981.0 0.0026909188818535767
982.0 0.0026633086235960945
983.0 0.0026629568310454488
984.0 0.0026626046746969223
985.0 0.0031904844945529476
986.0 0.0037183646782068536
987.0 0.003980214387411252
988.0 0.004242063732817769
989.0 0.0052377465181052685
990.0 0.0062334285757970065
991.0 0.0060334106819937006
992.0 0.005833392424392514
993.0 0.006190855492604896
994.0 0.00654831892461516
995.0 0.006254680920392275
996.0 0.005961040733382106
997.0 0.0058462810557102785
998.0 0.005731523560825735
999.0 0.006183841469464824
1000.0 0.006636157195316628
1001.0 0.00631172806606628
1002.0 0.005987297117826529
1003.0 0.005715346560464241
1004.0 0.005443398185889237
1005.0 0.005335374953574501
1006.0 0.005227351357461885
1007.0 0.005128123302711174
1008.0 0.005028892701375298
1009.0 0.004694658855441958
1010.0 0.004360425373306498
1011.0 0.003959347668569535
1012.0 0.0035582706914283335
1013.0 0.0028315258532529697
1014.0 0.0021047808331786655
1015.0 0.0019450699255685322
1016.0 0.0017853591998573393
1017.0 0.001536546005809214
1018.0 0.0012877326298621483
1019.0 0.0011160557733091991
1020.0 0.0009443785529583693
1021.0 0.0010051645404018927
1022.0 0.0010659505278454162
1023.0 0.0011015109521395061
1024.0 0.001137071376433596
1025.0 0.0014977194041421171
1026.0 0.001858367795648519
1027.0 0.0013449227481032722
1028.0 0.0008314772458106745
1029.0 0.0008771506145421881
1030.0 0.0009228240742231719
1031.0 0.0012368672287266236
1032.0 0.0015509105651290156
1033.0 0.0016616708307992667
1034.0 0.0017724312783684582
1035.0 0.0018222857761429623
1036.0 0.0018721399101195857
1037.0 0.0018749831724562682
1038.0 0.001877826616691891
1039.0 0.0016878013411769643
1040.0 0.0014977765204093885
1041.0 0.001445941143174423
1042.0 0.0013941058568889275
1043.0 0.0011588367669901345
1044.0 0.000923567949939752
1045.0 0.0012120864994358271
1046.0 0.0015006052308308426
1047.0 0.001354060077574104
1048.0 0.0012075150152668357
1049.0 0.0010905967428698204
1050.0 0.0009736781066749245
1051.0 0.00122711344374693
1052.0 0.0014805488717684057
1053.0 0.0010703579391702078
1054.0 0.0006601667791983346
1055.0 0.0009030920409713872
1056.0 0.0011460175301181152
1057.0 0.0014365994502441026
1058.0 0.0017271811884711497
1059.0 0.00079055371315917
1060.0 1.5800284258044028e-10
1061.0 0.00018821154981196742
1062.0 0.0005224966571404366
1063.0 0.0005574082933890168
1064.0 0.0005923194748902461
1065.0 0.0010554819709795993
1066.0 0.0015186447853920981
1067.0 0.0005601164502877509
1068.0 1.5800284258044028e-10
1069.0 0.0008229370905610267
1070.0 0.0020442859749891795
1071.0 0.0018544375052442774
1072.0 0.0016645890354993753
1073.0 0.0018401662600808777
1074.0 0.0020157436665613204
1075.0 0.003113902494078502
1076.0 0.004212061321595684
1077.0 0.004153170812060125
1078.0 0.004094280302524567
1079.0 0.00448427745141089
1080.0 0.004874271689914167
1081.0 0.0029035059924353845
1082.0 0.0009327402949566022
1083.0 0.0017379699784214608
1084.0 0.0025431996618863195
1085.0 0.00366551976185292
1086.0 0.004787839134223759
1087.0 0.004144681588513777
1088.0 0.0035015236790059134
1089.0 0.005515870361705311
1090.0 0.0075302174082025886
1091.0 0.005344984674593434
1092.0 0.0031597526685800403
1093.0 0.002513931758585386
1094.0 0.001868111030489672
1095.0 0.00181038831215119
1096.0 0.0017526657757116482
1097.0 0.002341723484278191
1098.0 0.0029307817385415547
1099.0 0.000936170090426458
1100.0 1.5800284258044028e-10
