lsstCam/transmission_filter_detector/r22_s02/u_24/19700101T000000.ecsv
# %ECSV 1.0
# ---
# datatype:
# - {name: wavelength, unit: nm, datatype: float32}
# - {name: efficiency, unit: '%', datatype: float64}
# meta: !!omap
# - {MODE: DETECTOR}
# - {TYPE: transmission_filter_detector}
# - {CALIBDATE: '1970-01-01T00:00:00'}
# - {INSTRUME: LSSTCam}
# - {OBSTYPE: transmission_filter_detector}
# - {CALIBCLS: lsst.ip.isr.IntermediateFilterDetectorTransmissionCurve}
# - {SOURCE: Materion (DM-46256)}
# - {DETECTOR: 92}
# - {FILTER: u_24}
# - {CALIB_ID: 'calibDate=1970-01-01T00:00:00 filter=u_24 detector=92'}
# - {DATE: '2025-04-02T15:59:40.174962'}
# - {CALIB_CREATION_DATE: '2025-04-02'}
# - {CALIB_CREATION_TIME: '15:59:40'}
# - __serialized_columns__:
#     efficiency:
#       __class__: astropy.units.quantity.Quantity
#       unit: !astropy.units.Unit {unit: '%'}
#       value: !astropy.table.SerializedColumn {name: efficiency}
#     wavelength:
#       __class__: astropy.units.quantity.Quantity
#       unit: !astropy.units.Unit {unit: nm}
#       value: !astropy.table.SerializedColumn {name: wavelength}
# schema: astropy-2.0
wavelength efficiency
295.0 0.006659849168499932
296.0 1.5800284258044028e-10
297.0 1.5800284258044028e-10
298.0 1.5800284258044028e-10
299.0 1.5800284258044028e-10
300.0 1.5800284258044028e-10
301.0 1.5800284258044028e-10
302.0 1.5800284258044028e-10
303.0 0.1841873861849308
304.0 0.05221505998633802
305.0 0.6854555569589138
306.0 1.1220883578062057
307.0 2.4837173521518707
308.0 4.338819906115532
309.0 7.148412615060806
310.0 10.1180799305439
311.0 13.521672785282135
312.0 17.224518954753876
313.0 20.45741379261017
314.0 23.557044565677643
315.0 25.920206308364868
316.0 27.98755168914795
317.0 30.533790588378906
318.0 32.956138253211975
319.0 36.26115024089813
320.0 41.02925956249237
321.0 45.920124650001526
322.0 51.85416340827942
323.0 57.352036237716675
324.0 62.17344403266907
325.0 65.82229137420654
326.0 68.44371557235718
327.0 70.41597366333008
328.0 72.18862771987915
329.0 73.76556992530823
330.0 75.10722279548645
331.0 76.09450221061707
332.0 76.56380534172058
333.0 76.82506442070007
334.0 76.61072015762329
335.0 76.7287015914917
336.0 76.89910531044006
337.0 77.35012173652649
338.0 78.21317911148071
339.0 78.81155014038086
340.0 79.21032309532166
341.0 79.82577681541443
342.0 80.11298179626465
343.0 80.01978397369385
344.0 80.19304871559143
345.0 80.52288889884949
346.0 80.7452380657196
347.0 80.99745512008667
348.0 81.32837414741516
349.0 81.58069849014282
350.0 81.63285851478577
351.0 81.74700736999512
352.0 81.70385360717773
353.0 81.54776096343994
354.0 81.54782056808472
355.0 81.67110681533813
356.0 81.79185390472412
357.0 81.7617118358612
358.0 81.49950504302979
359.0 81.35519623756409
360.0 81.30192160606384
361.0 81.15090131759644
362.0 81.1181128025055
363.0 81.18165135383606
364.0 81.28116130828857
365.0 81.42568469047546
366.0 81.50429129600525
367.0 81.4545750617981
368.0 81.33086562156677
369.0 81.17884397506714
370.0 80.8045506477356
371.0 80.60992360115051
372.0 80.58549761772156
373.0 80.69124221801758
374.0 80.65398931503296
375.0 80.94067573547363
376.0 81.00215792655945
377.0 81.05801343917847
378.0 81.07916712760925
379.0 80.8428943157196
380.0 80.23077845573425
381.0 78.93807291984558
382.0 77.27982997894287
383.0 75.3328800201416
384.0 73.23137521743774
385.0 70.90457081794739
386.0 68.48123669624329
387.0 65.4170274734497
388.0 62.28516697883606
389.0 58.53162407875061
390.0 54.733437299728394
391.0 50.674694776535034
392.0 46.31345570087433
393.0 42.49070882797241
394.0 39.26696181297302
395.0 36.13605499267578
396.0 32.937219738960266
397.0 28.825780749320984
398.0 24.039703607559204
399.0 17.989780008792877
400.0 11.927532404661179
401.0 7.056865096092224
402.0 3.4242238849401474
403.0 1.2576567009091377
404.0 0.3810144029557705
405.0 0.16528161941096187
406.0 0.08191504166461527
407.0 0.015026798064354807
408.0 0.02602730819489807
409.0 1.5800284258044028e-10
410.0 0.008309068653034046
411.0 0.02905268920585513
412.0 1.5800284258044028e-10
413.0 1.5800284258044028e-10
414.0 1.5800284258044028e-10
415.0 1.5800284258044028e-10
416.0 1.5800284258044028e-10
417.0 1.5800284258044028e-10
418.0 1.5800284258044028e-10
419.0 1.5800284258044028e-10
420.0 1.5800284258044028e-10
421.0 1.5800284258044028e-10
422.0 1.5800284258044028e-10
423.0 1.5800284258044028e-10
424.0 1.5800284258044028e-10
425.0 1.5800284258044028e-10
426.0 0.0011373604138498195
427.0 0.0003032267159142066
428.0 1.5800284258044028e-10
429.0 0.0005557185431825928
430.0 0.0016423455235781148
431.0 0.001425740720151225
432.0 0.0012091360076738056
433.0 0.0020615099856513552
434.0 0.0029138833269826137
435.0 0.0025367242415086366
436.0 0.002159564792236779
437.0 0.00015069505252540694
438.0 1.5800284258044028e-10
439.0 1.5800284258044028e-10
440.0 0.00016122259012263385
441.0 1.5800284258044028e-10
442.0 1.5800284258044028e-10
443.0 1.5800284258044028e-10
444.0 1.5800284258044028e-10
445.0 1.5800284258044028e-10
446.0 1.5800284258044028e-10
447.0 1.5800284258044028e-10
448.0 1.5800284258044028e-10
449.0 1.5800284258044028e-10
450.0 0.0006031906650605379
451.0 1.5800284258044028e-10
452.0 1.5800284258044028e-10
453.0 1.5800284258044028e-10
454.0 0.0001781453192961635
455.0 1.5800284258044028e-10
456.0 1.5800284258044028e-10
457.0 1.5800284258044028e-10
458.0 1.5800284258044028e-10
459.0 1.5800284258044028e-10
460.0 1.5800284258044028e-10
461.0 1.5800284258044028e-10
462.0 1.5800284258044028e-10
463.0 1.5805431985427276e-05
464.0 0.00017288477920374135
465.0 0.00037092872844368685
466.0 0.0005689724275725894
467.0 1.5800284258044028e-10
468.0 1.5800284258044028e-10
469.0 1.5800284258044028e-10
470.0 0.00021622943222610047
471.0 1.5800284258044028e-10
472.0 1.5800284258044028e-10
473.0 1.5800284258044028e-10
474.0 1.5800284258044028e-10
475.0 1.5800284258044028e-10
476.0 1.5800284258044028e-10
477.0 0.0004853680820815498
478.0 0.001242504185938742
479.0 0.0011625214028754272
480.0 0.0010825388926605228
481.0 0.0006956548986636335
482.0 0.0003087711320404196
483.0 1.5800284258044028e-10
484.0 1.5800284258044028e-10
485.0 1.5800284258044028e-10
486.0 1.5800284258044028e-10
487.0 1.5800284258044028e-10
488.0 1.5800284258044028e-10
489.0 1.5800284258044028e-10
490.0 1.5800284258044028e-10
491.0 1.5800284258044028e-10
492.0 1.5800284258044028e-10
493.0 1.5800284258044028e-10
494.0 1.5800284258044028e-10
495.0 1.5800284258044028e-10
496.0 0.0008496213922626339
497.0 0.0005701284862880129
498.0 0.0002906354438891867
499.0 0.0006316112376225647
500.0 0.0009725870768306777
501.0 0.0005080315077066189
502.0 4.347615742972266e-05
503.0 1.5800284258044028e-10
504.0 1.5800284258044028e-10
505.0 1.5800284258044028e-10
506.0 1.5800284258044028e-10
507.0 1.5800284258044028e-10
508.0 1.5800284258044028e-10
509.0 1.5800284258044028e-10
510.0 1.5800284258044028e-10
511.0 2.939863463780057e-05
512.0 0.0006439850494643906
513.0 0.00039207361623994075
514.0 0.00014016173963682377
515.0 0.00018000279169427813
516.0 0.000219843968807254
517.0 8.832871571939904e-05
518.0 1.5800284258044028e-10
519.0 0.00019947331111325184
520.0 0.0004421330686454894
521.0 0.0002507228145987028
522.0 5.9312435496394755e-05
523.0 1.5800284258044028e-10
524.0 1.5800284258044028e-10
525.0 1.5800284258044028e-10
526.0 1.5800284258044028e-10
527.0 1.5800284258044028e-10
528.0 1.5800284258044028e-10
529.0 1.5800284258044028e-10
530.0 1.5800284258044028e-10
531.0 1.5800284258044028e-10
532.0 5.469443635774951e-05
533.0 1.5800284258044028e-10
534.0 1.5800284258044028e-10
535.0 1.5800284258044028e-10
536.0 1.5800284258044028e-10
537.0 1.5800284258044028e-10
538.0 1.5800284258044028e-10
539.0 1.5800284258044028e-10
540.0 8.882972792889632e-05
541.0 1.5800284258044028e-10
542.0 1.5800284258044028e-10
543.0 1.5800284258044028e-10
544.0 1.5800284258044028e-10
545.0 1.5800284258044028e-10
546.0 1.5800284258044028e-10
547.0 1.5800284258044028e-10
548.0 1.5800284258044028e-10
549.0 1.5800284258044028e-10
550.0 1.5800284258044028e-10
551.0 1.5800284258044028e-10
552.0 1.5800284258044028e-10
553.0 1.5800284258044028e-10
554.0 1.5800284258044028e-10
555.0 1.5800284258044028e-10
556.0 1.5800284258044028e-10
557.0 1.5800284258044028e-10
558.0 1.5800284258044028e-10
559.0 1.5800284258044028e-10
560.0 3.214250341443403e-05
561.0 0.00010270920256516547
562.0 0.00017327604382444406
563.0 1.5800284258044028e-10
564.0 1.5800284258044028e-10
565.0 1.5800284258044028e-10
566.0 9.951614856618107e-05
567.0 0.00017315079503532615
568.0 0.00024678543013578746
569.0 0.0004598941814037971
570.0 0.0006730026143486612
571.0 0.0005305307240632828
572.0 0.0003880588337779045
573.0 0.0005289065938995918
574.0 0.0006697547178191599
575.0 0.0004603708475769963
576.0 0.00025098711375903804
577.0 0.0002548775000832393
578.0 0.000258767863670073
579.0 0.00042055457925016526
580.0 0.0005823412266181549
581.0 0.0005838642209710088
582.0 0.0005853875791217433
583.0 0.0012177335520391352
584.0 0.0018500797523302026
585.0 0.0017093701899284497
586.0 0.0015686604456277564
587.0 0.001669960875005927
588.0 0.001771261122485157
589.0 0.0014896400898578577
590.0 0.0012080186934326775
591.0 0.0010528844541113358
592.0 0.0008977497600426432
593.0 0.0008561695722164586
594.0 0.0008145886567945126
595.0 0.0007789385563228279
596.0 0.0007432877737301169
597.0 0.0009363273420603946
598.0 0.0011293665920675267
599.0 0.001292013348574983
600.0 0.0014546596503350884
601.0 0.001532969508843962
602.0 0.0016112795492517762
603.0 0.0015843381333979778
604.0 0.0015573970813420601
605.0 0.0016353686078218743
606.0 0.0017133399524027482
607.0 0.0015481167793041095
608.0 0.001382893697154941
609.0 0.0008391586561629083
610.0 0.0002954236833829782
611.0 0.0002583155719548813
612.0 0.00022120739231468178
613.0 0.00014497505844701664
614.0 6.874265068290697e-05
615.0 0.0002221161139459582
616.0 0.00037548961699940264
617.0 0.0007508043381676544
618.0 0.0011261191502853762
619.0 0.0006045851023372961
620.0 8.30512192351307e-05
621.0 0.0002656589231264661
622.0 0.00044826656449004076
623.0 0.000538321091880789
624.0 0.0006283755283220671
625.0 0.0006425947503885254
626.0 0.0006568140179297188
627.0 0.0004924493168800836
628.0 0.00032808466130518354
629.0 0.0003939664111385355
630.0 0.0004598482973960927
631.0 0.0010413211384729948
632.0 0.0016227939340751618
633.0 0.0015676938346587121
634.0 0.0015125935533433221
635.0 0.0020296945876907557
636.0 0.0025467956220381893
637.0 0.0026747702577267773
638.0 0.0028027450753143057
639.0 0.0022188807633938268
640.0 0.0016350162695744075
641.0 0.0015784775314386934
642.0 0.0015219390661513899
643.0 0.0009821070307225455
644.0 0.00044227499529370107
645.0 0.0006448787189583527
646.0 0.0008474823516735341
647.0 0.00025723227281559957
648.0 1.5800284258044028e-10
649.0 1.5800284258044028e-10
650.0 0.00010184137408941751
651.0 0.00023941749986988725
652.0 0.0003769938302866649
653.0 0.0008076694030023646
654.0 0.0012383447028696537
655.0 0.0012153488569310866
656.0 0.0011923529200430494
657.0 0.0019324234017403796
658.0 0.0026724941562861204
659.0 0.003284401827841066
660.0 0.0038963094993960112
661.0 0.003953149644075893
662.0 0.004009990152553655
663.0 0.003393962833797559
664.0 0.0027779353331425227
665.0 0.002457232403685339
666.0 0.002136529474228155
667.0 0.001901571886264719
668.0 0.0016666137526044622
669.0 0.001112862810259685
670.0 0.0005591118679149076
671.0 0.000388414582630503
672.0 0.00021771725187136326
673.0 0.0001924301386679872
674.0 0.00016714301409592736
675.0 0.0003538581950124353
676.0 0.0005405734100349946
677.0 0.0010331315024814103
678.0 0.0015256898223015014
679.0 0.0016846444850671105
680.0 0.0018435990568832494
681.0 0.002632570431160275
682.0 0.00342154162353836
683.0 0.0048909205361269414
684.0 0.006360299448715523
685.0 0.006702912651235238
686.0 0.007045528036542237
687.0 0.007060045027174056
688.0 0.007074562017805874
689.0 0.006250084697967395
690.0 0.005425607741926797
691.0 0.004914604869554751
692.0 0.004403601633384824
693.0 0.0035918299545301124
694.0 0.0027800584575743414
695.0 0.002300901360285934
696.0 0.001821744444896467
697.0 0.0013082985788059887
698.0 0.0007948526217660401
699.0 0.0008557656656194013
700.0 0.0009166784366243519
701.0 0.0008551700375392102
702.0 0.0007936615475045983
703.0 0.0007968795216584112
704.0 0.0008000979505595751
705.0 0.0005410598078015028
706.0 0.0002820218242050032
707.0 0.0005430804776551668
708.0 0.000804138744570082
709.0 0.000679318463880918
710.0 0.0005544980467675487
711.0 0.0005417822649178561
712.0 0.0005290663921186933
713.0 0.0007874319635448046
714.0 0.0010457974894961808
715.0 0.0008370177056349348
716.0 0.0006282377853494836
717.0 0.0006527896402985789
718.0 0.000677341404298204
719.0 0.000696889901519171
720.0 0.0007164383077906677
721.0 0.0004557378360914299
722.0 0.00019503725070535438
723.0 0.0005027099177823402
724.0 0.0008103826985461637
725.0 0.00041759917621675413
726.0 2.4815653887344524e-05
727.0 0.0002886741640395485
728.0 0.0005525327196664875
729.0 0.0004711464043793967
730.0 0.0003897602709912462
731.0 0.00032911834750848357
732.0 0.0002684765604499262
733.0 0.00016822540374050732
734.0 6.797424134674657e-05
735.0 0.0003096000227742479
736.0 0.0005512257757800398
737.0 0.0004475426067074295
738.0 0.0003438593921600841
739.0 0.0003147221605104278
740.0 0.0002855848833860364
741.0 0.0007759922482364345
742.0 0.0012663997040363029
743.0 0.0013957208466308657
744.0 0.0015250418073264882
745.0 0.0018549942979007028
746.0 0.002184946606575977
747.0 0.0028293861760175787
748.0 0.0034738259273581207
749.0 0.00338897698384244
750.0 0.0033041287679225206
751.0 0.003291834218543954
752.0 0.0032795400329632685
753.0 0.00292030417767819
754.0 0.002561068322393112
755.0 0.0028000544261885807
756.0 0.003039041257579811
757.0 0.00245798710238887
758.0 0.0018769327652989887
759.0 0.001537008756713476
760.0 0.001197085020976374
761.0 0.0012180378689663485
762.0 0.001238990716956323
763.0 0.0009545210559736006
764.0 0.0006700512585666729
765.0 0.0008465167411486618
766.0 0.0010229821782559156
767.0 0.0009945587407855783
768.0 0.0009661354852141812
769.0 0.0007555203410447575
770.0 0.0005449050604511285
771.0 0.0003893529537890572
772.0 0.00023380066522804555
773.0 0.000504229319631122
774.0 0.0007746580195089336
775.0 0.0007306573934329208
776.0 0.0006866564490337623
777.0 0.0005743053407059051
778.0 0.0004619538685801672
779.0 0.00037510385482164565
780.0 0.00028825384106312413
781.0 0.0006594344995392021
782.0 0.0010306152034900151
783.0 0.0010649260730133392
784.0 0.0010992366696882527
785.0 0.0011541041203599889
786.0 0.0012089714800822549
787.0 0.0009498035979049746
788.0 0.0006906355793034891
789.0 0.0006795099125156412
790.0 0.0006683842002530582
791.0 0.0006011371624481399
792.0 0.0005338900791684864
793.0 0.00019490180420689285
794.0 1.5800284258044028e-10
795.0 1.5800284258044028e-10
796.0 1.5800284258044028e-10
797.0 0.00021606592781608924
798.0 0.0006999389825068647
799.0 0.0002857319259419455
800.0 1.5800284258044028e-10
801.0 1.5800284258044028e-10
802.0 1.5800284258044028e-10
803.0 1.5800284258044028e-10
804.0 1.3742130988703138e-05
805.0 2.5301415007561445e-05
806.0 3.686067771013768e-05
807.0 1.5800284258044028e-10
808.0 1.5800284258044028e-10
809.0 0.0001434649561815604
810.0 0.0005674364274455002
811.0 0.00010504118108656257
812.0 1.5800284258044028e-10
813.0 1.5800284258044028e-10
814.0 0.000255695840678527
815.0 0.0001562412990097073
816.0 5.6786620916682296e-05
817.0 1.5800284258044028e-10
818.0 1.5800284258044028e-10
819.0 1.5800284258044028e-10
820.0 7.431412996083964e-06
821.0 1.5800284258044028e-10
822.0 1.5800284258044028e-10
823.0 1.5800284258044028e-10
824.0 3.4683765193221916e-06
825.0 1.5800284258044028e-10
826.0 1.5800284258044028e-10
827.0 0.0001161254203907447
828.0 0.0005343697011994664
829.0 0.0002548436896177009
830.0 1.5800284258044028e-10
831.0 1.5800284258044028e-10
832.0 1.5800284258044028e-10
833.0 1.5800284258044028e-10
834.0 1.5800284258044028e-10
835.0 1.5800284258044028e-10
836.0 1.5800284258044028e-10
837.0 1.5800284258044028e-10
838.0 1.5800284258044028e-10
839.0 1.5800284258044028e-10
840.0 1.5800284258044028e-10
841.0 1.5800284258044028e-10
842.0 4.061212734995934e-05
843.0 6.272537689255842e-05
844.0 8.48385809604224e-05
845.0 4.5919975377728406e-05
846.0 7.00131224107281e-06
847.0 1.5800284258044028e-10
848.0 1.5800284258044028e-10
849.0 1.5800284258044028e-10
850.0 1.5800284258044028e-10
851.0 1.5800284258044028e-10
852.0 1.5800284258044028e-10
853.0 1.5800284258044028e-10
854.0 0.00032283410291711334
855.0 8.764088761381572e-05
856.0 1.5800284258044028e-10
857.0 0.000350805999005388
858.0 0.0008491642802255228
859.0 0.0008653186341689434
860.0 0.0008814730790618341
861.0 0.0007499781077058287
862.0 0.0006184830454003531
863.0 0.0006386471795849502
864.0 0.000658811177345342
865.0 0.0013017872333875857
866.0 0.001944763062056154
867.0 0.0018148366507375613
868.0 0.0016849107851157896
869.0 0.0016103040252346545
870.0 0.0015356969015556388
871.0 0.0016281821444863454
872.0 0.0017206668417202309
873.0 0.0018461441868566908
874.0 0.00197162116819527
