lsstCam/transmission_sensor/r31_s00/19700101T000000.ecsv
# %ECSV 1.0
# ---
# datatype:
# - {name: amp_name, datatype: string}
# - {name: wavelength, unit: nm, datatype: float32}
# - {name: efficiency, unit: '%', datatype: float64}
# meta: !!omap
# - {MODE: AMP}
# - {TYPE: transmission_sensor}
# - {CALIBDATE: '1970-01-01T00:00:00'}
# - {INSTRUME: LSSTCAM}
# - {OBSTYPE: transmission_sensor}
# - {DETECTOR: 126}
# - {PARQUETFILE: qe_raft_allvalues_nircorrected_20230725.parquet}
# - {CALIBCLS: lsst.ip.isr.IntermediateSensorTransmissionCurve}
# - {CALIB_ID: 'raftName=R31 detectorName=S00 detector=126 calibDate=1970-01-01T00:00:00 ccd=126 ccdnum=126 filter=None'}
# - {DATE: '2023-08-02T16:57:55.936123'}
# - {CALIB_CREATION_DATE: '2023-08-02'}
# - {CALIB_CREATION_TIME: '16:57:55'}
# - __serialized_columns__:
#     efficiency:
#       __class__: astropy.units.quantity.Quantity
#       unit: !astropy.units.Unit {unit: '%'}
#       value: !astropy.table.SerializedColumn {name: efficiency}
#     wavelength:
#       __class__: astropy.units.quantity.Quantity
#       unit: !astropy.units.Unit {unit: nm}
#       value: !astropy.table.SerializedColumn {name: wavelength}
# schema: astropy-2.0
amp_name wavelength efficiency
C00 319.994 39.721256256103516
C00 324.969 44.86101150512695
C00 349.982 66.73143768310547
C00 374.975 72.34683990478516
C00 400.019 81.37059020996094
C00 424.965 83.96599578857422
C00 450.035 86.13777160644531
C00 475.003 89.10057067871094
C00 500.018 91.08084869384766
C00 525.002 93.1180191040039
C00 550.029 95.87213897705078
C00 575.023 97.01470947265625
C00 599.982 97.44894409179688
C00 619.997 97.5928955078125
C00 624.979 98.63679504394531
C00 650.012 98.20474243164062
C00 675.004 98.71466827392578
C00 700.03 97.77316284179688
C00 725.012 98.17874908447266
C00 750.022 98.27423858642578
C00 774.987 98.11717224121094
C00 799.976 97.23712158203125
C00 824.988 95.4157485961914
C00 850.022 93.65727233886719
C00 869.967 90.50302124023438
C00 875.002 89.59526062011719
C00 899.999 82.70053100585938
C00 919.999 73.27864837646484
C00 925.012 70.98767852783203
C00 949.965 58.05895233154297
C00 975.002 42.90437698364258
C00 999.976 25.99437713623047
C00 1025.028 11.040105819702148
C00 1050.014 3.9229254722595215
C00 1075.002 0.936253840218991
C00 1099.99 0.09289424590780147
C01 319.994 40.26350784301758
C01 324.969 45.47475814819336
C01 349.982 67.70804595947266
C01 374.975 73.26305389404297
C01 400.019 81.89488983154297
C01 424.965 84.26685333251953
C01 450.035 86.32271575927734
C01 475.003 89.21675872802734
C01 500.018 91.15290832519531
C01 525.002 93.16023254394531
C01 550.029 95.89891815185547
C01 575.023 97.03121948242188
C01 599.982 97.45977783203125
C01 619.997 97.59603881835938
C01 624.979 98.64259338378906
C01 650.012 98.20635986328125
C01 675.004 98.71810913085938
C01 700.03 97.79908752441406
C01 725.012 98.267578125
C01 750.022 98.44425201416016
C01 774.987 98.36544799804688
C01 799.976 97.5099105834961
C01 824.988 95.66319274902344
C01 850.022 93.88865661621094
C01 869.967 90.65974426269531
C01 875.002 89.7275619506836
C01 899.999 82.77141571044922
C01 919.999 73.08522033691406
C01 925.012 70.77904510498047
C01 949.965 57.95591735839844
C01 975.002 42.92564010620117
C01 999.976 26.06401252746582
C01 1025.028 11.055262565612793
C01 1050.014 3.861494779586792
C01 1075.002 0.9378735487493244
C01 1099.99 0.0930549519001855
C02 319.994 40.80232238769531
C02 324.969 46.087833404541016
C02 349.982 68.71625518798828
C02 374.975 74.25282287597656
C02 400.019 82.54492950439453
C02 424.965 84.72222900390625
C02 450.035 86.67364501953125
C02 475.003 89.51264190673828
C02 500.018 91.40927124023438
C02 525.002 93.39550018310547
C02 550.029 96.12451934814453
C02 575.023 97.24945831298828
C02 599.982 97.6727294921875
C02 619.997 97.80725860595703
C02 624.979 98.85700988769531
C02 650.012 98.41896057128906
C02 675.004 98.93277740478516
C02 700.03 98.01630401611328
C02 725.012 98.51472473144531
C02 750.022 98.73096466064453
C02 774.987 98.68924713134766
C02 799.976 97.8482894897461
C02 824.988 95.97246551513672
C02 850.022 94.20846557617188
C02 869.967 90.8993911743164
C02 875.002 89.93414306640625
C02 899.999 82.93009948730469
C02 919.999 73.23500061035156
C02 925.012 70.85514831542969
C02 949.965 57.91925048828125
C02 975.002 42.91225814819336
C02 999.976 26.194438934326172
C02 1025.028 11.14244270324707
C02 1050.014 3.8637819290161133
C02 1075.002 0.9406050455002072
C02 1099.99 0.0933259684984336
C03 319.994 40.95706558227539
C03 324.969 46.26871871948242
C03 349.982 69.09923553466797
C03 374.975 74.66300964355469
C03 400.019 82.69221496582031
C03 424.965 84.7146987915039
C03 450.035 86.57437133789062
C03 475.003 89.35653686523438
C03 500.018 91.21597290039062
C03 525.002 93.17716217041016
C03 550.029 95.8846664428711
C03 575.023 97.00323486328125
C03 599.982 97.42235565185547
C03 619.997 97.55631256103516
C03 624.979 98.599609375
C03 650.012 98.16724395751953
C03 675.004 98.68170166015625
C03 700.03 97.7703857421875
C03 725.012 98.278076171875
C03 750.022 98.49662780761719
C03 774.987 98.46251678466797
C03 799.976 97.62969207763672
C03 824.988 95.74562072753906
C03 850.022 93.99454498291016
C03 869.967 90.7348403930664
C03 875.002 89.74518585205078
C03 899.999 82.60405731201172
C03 919.999 73.01829528808594
C03 925.012 70.66312408447266
C03 949.965 57.7409782409668
C03 975.002 42.673404693603516
C03 999.976 26.118513107299805
C03 1025.028 11.130653381347656
C03 1050.014 3.848353862762451
C03 1075.002 0.938372529796233
C03 1099.99 0.0931044603412553
C04 319.994 41.36870574951172
C04 324.969 46.73593521118164
C04 349.982 69.8914566040039
C04 374.975 75.4870376586914
C04 400.019 83.23839569091797
C04 424.965 85.10111236572266
C04 450.035 86.87590026855469
C04 475.003 89.60872650146484
C04 500.018 91.43295288085938
C04 525.002 93.37202453613281
C04 550.029 96.07374572753906
C04 575.023 97.18751525878906
C04 599.982 97.60551452636719
C04 619.997 97.7364730834961
C04 624.979 98.78335571289062
C04 650.012 98.34935760498047
C04 675.004 98.8661880493164
C04 700.03 97.9514389038086
C04 725.012 98.44894409179688
C04 750.022 98.66279602050781
C04 774.987 98.61893463134766
C04 799.976 97.78671264648438
C04 824.988 95.89725494384766
C04 850.022 94.13868713378906
C04 869.967 90.91387939453125
C04 875.002 89.91918182373047
C04 899.999 82.6574935913086
C04 919.999 73.10950469970703
C04 925.012 70.74900817871094
C04 949.965 57.74909591674805
C04 975.002 42.669681549072266
C04 999.976 26.105573654174805
C04 1025.028 11.162376403808594
C04 1050.014 3.8486812114715576
C04 1075.002 0.9399556062501676
C04 1099.99 0.09326153173267225
C05 319.994 41.76980972290039
C05 324.969 47.19292449951172
C05 349.982 70.69554138183594
C05 374.975 76.32073974609375
C05 400.019 83.7759017944336
C05 424.965 85.46925354003906
C05 450.035 87.152099609375
C05 475.003 89.83135986328125
C05 500.018 91.62516784667969
C05 525.002 93.55110168457031
C05 550.029 96.24440002441406
C05 575.023 97.35079193115234
C05 599.982 97.76797485351562
C05 619.997 97.90504455566406
C05 624.979 98.9517593383789
C05 650.012 98.5160903930664
C05 675.004 99.03623962402344
C05 700.03 98.11587524414062
C05 725.012 98.60157775878906
C05 750.022 98.80206298828125
C05 774.987 98.74168395996094
C05 799.976 97.90252685546875
C05 824.988 96.01191711425781
C05 850.022 94.22098541259766
C05 869.967 91.00643157958984
C05 875.002 90.03068542480469
C05 899.999 82.73684692382812
C05 919.999 73.11441040039062
C05 925.012 70.7440414428711
C05 949.965 57.78765106201172
C05 975.002 42.726966857910156
C05 999.976 26.16990089416504
C05 1025.028 11.193138122558594
C05 1050.014 3.8457846641540527
C05 1075.002 0.9412823959898553
C05 1099.99 0.09339317459174738
C06 319.994 41.9019889831543
C06 324.969 47.342041015625
C06 349.982 70.97390747070312
C06 374.975 76.6154556274414
C06 400.019 83.92630004882812
C06 424.965 85.530029296875
C06 450.035 87.16121673583984
C06 475.003 89.8115005493164
C06 500.018 91.585693359375
C06 525.002 93.49746704101562
C06 550.029 96.18161010742188
C06 575.023 97.28652954101562
C06 599.982 97.70060729980469
C06 619.997 97.83290100097656
C06 624.979 98.88240051269531
C06 650.012 98.4448471069336
C06 675.004 98.96271514892578
C06 700.03 98.03545379638672
C06 725.012 98.50899505615234
C06 750.022 98.68974304199219
C06 774.987 98.61370849609375
C06 799.976 97.76427459716797
C06 824.988 95.87533569335938
C06 850.022 94.05963897705078
C06 869.967 90.87879180908203
C06 875.002 89.90919494628906
C06 899.999 82.53175354003906
C06 919.999 72.96009063720703
C06 925.012 70.59270477294922
C06 949.965 57.59754943847656
C06 975.002 42.45245361328125
C06 999.976 26.00853729248047
C06 1025.028 11.158761024475098
C06 1050.014 3.8533101081848145
C06 1075.002 0.9402123296537516
C06 1099.99 0.09328700359292891
C07 319.994 42.22624588012695
C07 324.969 47.71311950683594
C07 349.982 71.65775299072266
C07 374.975 77.36153411865234
C07 400.019 84.46562957763672
C07 424.965 85.94396209716797
C07 450.035 87.51217651367188
C07 475.003 90.1304702758789
C07 500.018 91.88530731201172
C07 525.002 93.7945327758789
C07 550.029 96.48201751708984
C07 575.023 97.58710479736328
C07 599.982 98.00482940673828
C07 619.997 98.14119720458984
C07 624.979 99.19088745117188
C07 650.012 98.759033203125
C07 675.004 99.27763366699219
C07 700.03 98.34789276123047
C07 725.012 98.81424713134766
C07 750.022 98.98020935058594
C07 774.987 98.88713836669922
C07 799.976 98.02848052978516
C07 824.988 96.12123107910156
C07 850.022 94.2747573852539
C07 869.967 91.07589721679688
C07 875.002 90.10145568847656
C07 899.999 82.6880111694336
C07 919.999 73.11260986328125
C07 925.012 70.6962890625
C07 949.965 57.64154815673828
C07 975.002 42.48781204223633
C07 999.976 26.03846549987793
C07 1025.028 11.22020149230957
C07 1050.014 3.8855583667755127
C07 1075.002 0.9429795881026453
C07 1099.99 0.09356156843400004
C10 319.994 37.0070686340332
C10 324.969 41.77663803100586
C10 349.982 62.04265594482422
C10 374.975 68.182861328125
C10 400.019 79.08916473388672
C10 424.965 82.67960357666016
C10 450.035 85.38101196289062
C10 475.003 88.65631103515625
C10 500.018 90.84861755371094
C10 525.002 93.02168273925781
C10 550.029 95.88443756103516
C10 575.023 97.09817504882812
C10 599.982 97.58391571044922
C10 619.997 97.76307678222656
C10 624.979 98.82189178466797
C10 650.012 98.41943359375
C10 675.004 98.9463882446289
C10 700.03 97.9478988647461
C10 725.012 98.18378448486328
C10 750.022 98.07910919189453
C10 774.987 97.728271484375
C10 799.976 96.79879760742188
C10 824.988 95.02320098876953
C10 850.022 93.30004119873047
C10 869.967 90.2401123046875
C10 875.002 89.34491729736328
C10 899.999 82.79354095458984
C10 919.999 73.78521728515625
C10 925.012 71.44583129882812
C10 949.965 57.977256774902344
C10 975.002 42.61113739013672
C10 999.976 25.8840389251709
C10 1025.028 11.034943580627441
C10 1050.014 3.9128241539001465
C10 1075.002 0.9343962033433769
C10 1099.99 0.09270993288357897
C11 319.994 38.13446044921875
C11 324.969 43.05535125732422
C11 349.982 64.00032043457031
C11 374.975 69.9848403930664
C11 400.019 80.1804428100586
C11 424.965 83.37831115722656
C11 450.035 85.8759994506836
C11 475.003 89.0309066772461
C11 500.018 91.14020538330078
C11 525.002 93.26897430419922
C11 550.029 96.09610748291016
C11 575.023 97.28569030761719
C11 599.982 97.75553131103516
C11 619.997 97.92306518554688
C11 624.979 98.97821807861328
C11 650.012 98.5679931640625
C11 675.004 99.0914535522461
C11 700.03 98.11164093017578
C11 725.012 98.40534973144531
C11 750.022 98.37322998046875
C11 774.987 98.09454345703125
C11 799.976 97.18708801269531
C11 824.988 95.3758773803711
C11 850.022 93.6361312866211
C11 869.967 90.5358657836914
C11 875.002 89.62977600097656
C11 899.999 82.83906555175781
C11 919.999 73.7110595703125
C11 925.012 71.40663146972656
C11 949.965 58.121337890625
C11 975.002 42.695091247558594
C11 999.976 25.943584442138672
C11 1025.028 11.002887725830078
C11 1050.014 3.880495548248291
C11 1075.002 0.9371974095159643
C11 1099.99 0.09298786598660787
C12 319.994 38.88736343383789
C12 324.969 43.91306686401367
C12 349.982 65.34886169433594
C12 374.975 71.21469116210938
C12 400.019 80.83148956298828
C12 424.965 83.71378326416016
C12 450.035 86.0361328125
C12 475.003 89.09201049804688
C12 500.018 91.13267517089844
C12 525.002 93.21173095703125
C12 550.029 96.00627136230469
C12 575.023 97.17391204833984
C12 599.982 97.63361358642578
C12 619.997 97.7927474975586
C12 624.979 98.8422622680664
C12 650.012 98.42657470703125
C12 675.004 98.9501724243164
C12 700.03 97.97239685058594
C12 725.012 98.2862777709961
C12 750.022 98.26841735839844
C12 774.987 98.01517486572266
C12 799.976 97.10611724853516
C12 824.988 95.29322052001953
C12 850.022 93.51757049560547
C12 869.967 90.38654327392578
C12 875.002 89.50247955322266
C12 899.999 82.67576599121094
C12 919.999 73.21798706054688
C12 925.012 71.1196060180664
C12 949.965 57.74569320678711
C12 975.002 42.72576141357422
C12 999.976 25.839881896972656
C12 1025.028 11.020112991333008
C12 1050.014 3.8381874561309814
C12 1075.002 0.936198661928672
C12 1099.99 0.09288877116852727
C13 319.994 39.55945587158203
C13 324.969 44.678680419921875
C13 349.982 66.5789566040039
C13 374.975 72.42356872558594
C13 400.019 81.66676330566406
C13 424.965 84.32344055175781
C13 450.035 86.53055572509766
C13 475.003 89.5235824584961
C13 500.018 91.5285415649414
C13 525.002 93.58494567871094
C13 550.029 96.366943359375
C13 575.023 97.53369140625
C13 599.982 97.98662567138672
C13 619.997 98.1419448852539
C13 624.979 99.19599914550781
C13 650.012 98.775390625
C13 675.004 99.29719543457031
C13 700.03 98.3121109008789
C13 725.012 98.61482238769531
C13 750.022 98.5859146118164
C13 774.987 98.31854248046875
C13 799.976 97.39967346191406
C13 824.988 95.57217407226562
C13 850.022 93.77872467041016
C13 869.967 90.6134262084961
C13 875.002 89.69038391113281
C13 899.999 82.8192367553711
C13 919.999 73.39595794677734
C13 925.012 71.16686248779297
C13 949.965 57.96194839477539
C13 975.002 42.694217681884766
C13 999.976 26.07258415222168
C13 1025.028 11.044663429260254
C13 1050.014 3.840550661087036
C13 1075.002 0.9392236001154133
C13 1099.99 0.09318890275646213
C14 319.994 40.0916748046875
C14 324.969 45.283565521240234
C14 349.982 67.56192779541016
C14 374.975 73.37987518310547
C14 400.019 82.22754669189453
C14 424.965 84.66732025146484
C14 450.035 86.75807189941406
C14 475.003 89.68121337890625
C14 500.018 91.6409912109375
C14 525.002 93.67156219482422
C14 550.029 96.44180297851562
C14 575.023 97.58970642089844
C14 599.982 98.03797149658203
C14 619.997 98.19176483154297
C14 624.979 99.24864959716797
C14 650.012 98.82282257080078
C14 675.004 99.33958435058594
C14 700.03 98.34612274169922
C14 725.012 98.62628173828125
C14 750.022 98.56681060791016
C14 774.987 98.27149963378906
C14 799.976 97.34306335449219
C14 824.988 95.50699615478516
C14 850.022 93.70507049560547
C14 869.967 90.49703979492188
C14 875.002 89.56901550292969
C14 899.999 82.76634979248047
C14 919.999 73.3596420288086
C14 925.012 71.01045227050781
C14 949.965 57.807708740234375
C14 975.002 42.61810302734375
C14 999.976 26.024471282958984
C14 1025.028 11.057162284851074
C14 1050.014 3.82529354095459
C14 1075.002 0.9390419893905242
C14 1099.99 0.09317088350718099
C15 319.994 40.58491134643555
C15 324.969 45.84149932861328
C15 349.982 68.45995330810547
C15 374.975 74.26142883300781
C15 400.019 82.800048828125
C15 424.965 85.05735778808594
C15 450.035 87.04783630371094
C15 475.003 89.91832733154297
C15 500.018 91.83586120605469
C15 525.002 93.84392547607422
C15 550.029 96.5975112915039
C15 575.023 97.74229431152344
C15 599.982 98.1808090209961
C15 619.997 98.33026123046875
C15 624.979 99.38591003417969
C15 650.012 98.95936584472656
C15 675.004 99.47234344482422
C15 700.03 98.46330261230469
C15 725.012 98.71280670166016
C15 750.022 98.61878204345703
C15 774.987 98.2848892211914
C15 799.976 97.3427963256836
C15 824.988 95.50446319580078
C15 850.022 93.69200897216797
C15 869.967 90.46134948730469
C15 875.002 89.52718353271484
C15 899.999 82.7353744506836
C15 919.999 73.31919860839844
C15 925.012 70.93408966064453
C15 949.965 57.68918991088867
C15 975.002 42.56460952758789
C15 999.976 26.09052848815918
C15 1025.028 11.101350784301758
C15 1050.014 3.832515001296997
C15 1075.002 0.9395375185013466
C15 1099.99 0.09322004945032356
C16 319.994 40.88148498535156
C16 324.969 46.17969512939453
C16 349.982 69.02413940429688
C16 374.975 74.8447494506836
C16 400.019 83.18956756591797
C16 424.965 85.3284912109375
C16 450.035 87.2533950805664
C16 475.003 90.08470153808594
C16 500.018 91.98377990722656
C16 525.002 93.97418212890625
C16 550.029 96.72533416748047
C16 575.023 97.8679428100586
C16 599.982 98.30171966552734
C16 619.997 98.45040893554688
C16 624.979 99.50476837158203
C16 650.012 99.0785140991211
C16 675.004 99.59422302246094
C16 700.03 98.57514190673828
C16 725.012 98.79814910888672
C16 750.022 98.67144775390625
C16 774.987 98.30286407470703
C16 799.976 97.35198974609375
C16 824.988 95.50635528564453
C16 850.022 93.69644165039062
C16 869.967 90.49073791503906
C16 875.002 89.54586791992188
C16 899.999 82.70235443115234
C16 919.999 73.46693420410156
C16 925.012 71.06378936767578
C16 949.965 57.57196044921875
C16 975.002 42.460731506347656
C16 999.976 26.063610076904297
C16 1025.028 11.163680076599121
C16 1050.014 3.8547186851501465
C16 1075.002 0.9400396127774682
C16 1099.99 0.0932698667831358
C17 319.994 41.156227111816406
C17 324.969 46.49411392211914
C17 349.982 69.57774353027344
C17 374.975 75.38078308105469
C17 400.019 83.44636535644531
C17 424.965 85.4395523071289
C17 450.035 87.28812408447266
C17 475.003 90.0743408203125
C17 500.018 91.9414291381836
C17 525.002 93.9188003540039
C17 550.029 96.6581802368164
C17 575.023 97.79236602783203
C17 599.982 98.22428894042969
C17 619.997 98.37236785888672
C17 624.979 99.42536163330078
C17 650.012 98.99655151367188
C17 675.004 99.50958251953125
C17 700.03 98.48299407958984
C17 725.012 98.68731689453125
C17 750.022 98.53314971923828
C17 774.987 98.13658905029297
C17 799.976 97.17643737792969
C17 824.988 95.33525848388672
C17 850.022 93.51146697998047
C17 869.967 90.33195495605469
C17 875.002 89.40320587158203
C17 899.999 82.55091094970703
C17 919.999 73.34772491455078
C17 925.012 70.93301391601562
C17 949.965 57.4566764831543
C17 975.002 42.408451080322266
C17 999.976 26.005088806152344
C17 1025.028 11.192852973937988
C17 1050.014 3.8608646392822266
C17 1075.002 0.9387223344496732
C17 1099.99 0.09313916763761072
