lsstcam/transmission_sensor/r31_s00/19700101T000000.ecsv
# %ECSV 0.9
# ---
# datatype:
# - {name: amp_name, datatype: string}
# - {name: wavelength, unit: nm, datatype: float32}
# - {name: efficiency, unit: '%', datatype: float32}
# meta: !!omap
# - {MODE: AMP}
# - {TYPE: QE}
# - {CALIBDATE: '1970-01-01T00:00:00'}
# - {INSTRUME: LSSTCAM}
# - {OBSTYPE: qe_curve}
# - {DETECTOR: 126}
# - {PICKLEFILE: RaftRun11903.p}
# - {CALIB_ID: 'raftName=R31 detectorName=S00 detector=126 calibDate=1970-01-01T00:00:00 ccd=126 ccdnum=126 filter=None'}
# - {DATE: '2020-07-23T19:16:12.278221'}
# - {CALIB_CREATION_DATE: '2020-07-23'}
# - {CALIB_CREATION_TIME: '19:16:12'}
# - __serialized_columns__:
#     efficiency:
#       __class__: astropy.units.quantity.Quantity
#       unit: !astropy.units.Unit {unit: '%'}
#       value: !astropy.table.SerializedColumn {name: efficiency}
#     wavelength:
#       __class__: astropy.units.quantity.Quantity
#       unit: !astropy.units.Unit {unit: nm}
#       value: !astropy.table.SerializedColumn {name: wavelength}
# schema: astropy-2.0
amp_name wavelength efficiency
C15 319.994 40.58491
C15 324.969 45.8415
C15 349.982 68.45995
C15 374.975 74.26143
C15 400.019 82.80005
C15 424.965 85.05736
C15 450.035 87.04784
C15 475.003 89.91833
C15 500.018 91.83586
C15 525.002 93.843925
C15 550.029 96.59751
C15 575.023 97.742294
C15 599.982 98.18081
C15 619.997 98.33026
C15 624.979 99.38591
C15 650.012 98.959366
C15 675.004 99.47234
C15 700.03 98.4633
C15 725.012 98.71281
C15 750.022 98.61878
C15 774.987 98.28489
C15 799.976 97.3428
C15 824.988 95.50446
C15 850.022 93.69201
C15 869.967 90.46135
C15 875.002 89.52718
C15 899.999 82.735374
C15 919.999 73.3192
C15 925.012 70.93409
C15 949.965 57.68919
C15 975.002 42.56461
C15 999.976 26.090528
C15 1025.028 11.101351
C15 1050.014 3.832515
C15 1075.002 2.1117334
C15 1099.99 1.6701705
C03 319.994 40.957066
C03 324.969 46.26872
C03 349.982 69.099236
C03 374.975 74.66301
C03 400.019 82.692215
C03 424.965 84.7147
C03 450.035 86.57437
C03 475.003 89.35654
C03 500.018 91.21597
C03 525.002 93.17716
C03 550.029 95.88467
C03 575.023 97.003235
C03 599.982 97.422356
C03 619.997 97.55631
C03 624.979 98.59961
C03 650.012 98.167244
C03 675.004 98.6817
C03 700.03 97.770386
C03 725.012 98.278076
C03 750.022 98.49663
C03 774.987 98.46252
C03 799.976 97.62969
C03 824.988 95.74562
C03 850.022 93.994545
C03 869.967 90.73484
C03 875.002 89.745186
C03 899.999 82.60406
C03 919.999 73.018295
C03 925.012 70.663124
C03 949.965 57.74098
C03 975.002 42.673405
C03 999.976 26.118513
C03 1025.028 11.130653
C03 1050.014 3.8483539
C03 1075.002 2.1051414
C03 1099.99 1.6676233
C17 319.994 41.156227
C17 324.969 46.494114
C17 349.982 69.57774
C17 374.975 75.38078
C17 400.019 83.446365
C17 424.965 85.43955
C17 450.035 87.288124
C17 475.003 90.07434
C17 500.018 91.94143
C17 525.002 93.9188
C17 550.029 96.65818
C17 575.023 97.792366
C17 599.982 98.22429
C17 619.997 98.37237
C17 624.979 99.42536
C17 650.012 98.99655
C17 675.004 99.50958
C17 700.03 98.482994
C17 725.012 98.68732
C17 750.022 98.53315
C17 774.987 98.13659
C17 799.976 97.17644
C17 824.988 95.33526
C17 850.022 93.51147
C17 869.967 90.331955
C17 875.002 89.403206
C17 899.999 82.55091
C17 919.999 73.347725
C17 925.012 70.933014
C17 949.965 57.456676
C17 975.002 42.40845
C17 999.976 26.005089
C17 1025.028 11.192853
C17 1050.014 3.8608646
C17 1075.002 2.1057274
C17 1099.99 1.6612164
C02 319.994 40.802322
C02 324.969 46.087833
C02 349.982 68.716255
C02 374.975 74.25282
C02 400.019 82.54493
C02 424.965 84.72223
C02 450.035 86.673645
C02 475.003 89.51264
C02 500.018 91.40927
C02 525.002 93.3955
C02 550.029 96.12452
C02 575.023 97.24946
C02 599.982 97.67273
C02 619.997 97.80726
C02 624.979 98.85701
C02 650.012 98.41896
C02 675.004 98.93278
C02 700.03 98.016304
C02 725.012 98.514725
C02 750.022 98.730965
C02 774.987 98.68925
C02 799.976 97.84829
C02 824.988 95.972466
C02 850.022 94.208466
C02 869.967 90.89939
C02 875.002 89.93414
C02 899.999 82.9301
C02 919.999 73.235
C02 925.012 70.85515
C02 949.965 57.91925
C02 975.002 42.91226
C02 999.976 26.194439
C02 1025.028 11.142443
C02 1050.014 3.863782
C02 1075.002 2.1219985
C02 1099.99 1.6759504
C04 319.994 41.368706
C04 324.969 46.735935
C04 349.982 69.89146
C04 374.975 75.48704
C04 400.019 83.238396
C04 424.965 85.10111
C04 450.035 86.8759
C04 475.003 89.60873
C04 500.018 91.43295
C04 525.002 93.372025
C04 550.029 96.073746
C04 575.023 97.187515
C04 599.982 97.605515
C04 619.997 97.73647
C04 624.979 98.783356
C04 650.012 98.34936
C04 675.004 98.86619
C04 700.03 97.95144
C04 725.012 98.448944
C04 750.022 98.662796
C04 774.987 98.618935
C04 799.976 97.78671
C04 824.988 95.897255
C04 850.022 94.13869
C04 869.967 90.91388
C04 875.002 89.91918
C04 899.999 82.65749
C04 919.999 73.109505
C04 925.012 70.74901
C04 949.965 57.749096
C04 975.002 42.66968
C04 999.976 26.105574
C04 1025.028 11.162376
C04 1050.014 3.8486812
C04 1075.002 2.1057334
C04 1099.99 1.6667215
C00 319.994 39.721256
C00 324.969 44.86101
C00 349.982 66.73144
C00 374.975 72.34684
C00 400.019 81.37059
C00 424.965 83.965996
C00 450.035 86.13777
C00 475.003 89.10057
C00 500.018 91.08085
C00 525.002 93.11802
C00 550.029 95.87214
C00 575.023 97.01471
C00 599.982 97.448944
C00 619.997 97.592896
C00 624.979 98.636795
C00 650.012 98.20474
C00 675.004 98.71467
C00 700.03 97.77316
C00 725.012 98.17875
C00 750.022 98.27424
C00 774.987 98.11717
C00 799.976 97.23712
C00 824.988 95.41575
C00 850.022 93.65727
C00 869.967 90.50302
C00 875.002 89.59526
C00 899.999 82.70053
C00 919.999 73.27865
C00 925.012 70.98768
C00 949.965 58.058952
C00 975.002 42.904377
C00 999.976 25.994377
C00 1025.028 11.040106
C00 1050.014 3.9229255
C00 1075.002 2.1553688
C00 1099.99 1.6747507
C16 319.994 40.881485
C16 324.969 46.179695
C16 349.982 69.02414
C16 374.975 74.84475
C16 400.019 83.18957
C16 424.965 85.32849
C16 450.035 87.253395
C16 475.003 90.0847
C16 500.018 91.98378
C16 525.002 93.97418
C16 550.029 96.725334
C16 575.023 97.86794
C16 599.982 98.30172
C16 619.997 98.45041
C16 624.979 99.50477
C16 650.012 99.078514
C16 675.004 99.59422
C16 700.03 98.57514
C16 725.012 98.79815
C16 750.022 98.67145
C16 774.987 98.302864
C16 799.976 97.35199
C16 824.988 95.506355
C16 850.022 93.69644
C16 869.967 90.49074
C16 875.002 89.54587
C16 899.999 82.702354
C16 919.999 73.466934
C16 925.012 71.06379
C16 949.965 57.57196
C16 975.002 42.46073
C16 999.976 26.06361
C16 1025.028 11.16368
C16 1050.014 3.8547187
C16 1075.002 2.1186028
C16 1099.99 1.6726258
C07 319.994 42.226246
C07 324.969 47.71312
C07 349.982 71.65775
C07 374.975 77.361534
C07 400.019 84.46563
C07 424.965 85.94396
C07 450.035 87.51218
C07 475.003 90.13047
C07 500.018 91.88531
C07 525.002 93.79453
C07 550.029 96.48202
C07 575.023 97.587105
C07 599.982 98.00483
C07 619.997 98.1412
C07 624.979 99.19089
C07 650.012 98.75903
C07 675.004 99.27763
C07 700.03 98.34789
C07 725.012 98.81425
C07 750.022 98.98021
C07 774.987 98.88714
C07 799.976 98.02848
C07 824.988 96.12123
C07 850.022 94.27476
C07 869.967 91.0759
C07 875.002 90.101456
C07 899.999 82.68801
C07 919.999 73.11261
C07 925.012 70.69629
C07 949.965 57.64155
C07 975.002 42.487812
C07 999.976 26.038465
C07 1025.028 11.2202015
C07 1050.014 3.8855584
C07 1075.002 2.1086988
C07 1099.99 1.6624292
C06 319.994 41.90199
C06 324.969 47.34204
C06 349.982 70.97391
C06 374.975 76.615456
C06 400.019 83.9263
C06 424.965 85.53003
C06 450.035 87.16122
C06 475.003 89.8115
C06 500.018 91.58569
C06 525.002 93.49747
C06 550.029 96.18161
C06 575.023 97.28653
C06 599.982 97.70061
C06 619.997 97.8329
C06 624.979 98.8824
C06 650.012 98.44485
C06 675.004 98.962715
C06 700.03 98.03545
C06 725.012 98.508995
C06 750.022 98.68974
C06 774.987 98.61371
C06 799.976 97.764275
C06 824.988 95.875336
C06 850.022 94.05964
C06 869.967 90.87879
C06 875.002 89.909195
C06 899.999 82.53175
C06 919.999 72.96009
C06 925.012 70.592705
C06 949.965 57.59755
C06 975.002 42.452454
C06 999.976 26.008537
C06 1025.028 11.158761
C06 1050.014 3.85331
C06 1075.002 2.1026113
C06 1099.99 1.6629772
C10 319.994 37.00707
C10 324.969 41.776638
C10 349.982 62.042656
C10 374.975 68.18286
C10 400.019 79.089165
C10 424.965 82.6796
C10 450.035 85.38101
C10 475.003 88.65631
C10 500.018 90.84862
C10 525.002 93.02168
C10 550.029 95.88444
C10 575.023 97.098175
C10 599.982 97.583916
C10 619.997 97.76308
C10 624.979 98.82189
C10 650.012 98.41943
C10 675.004 98.94639
C10 700.03 97.9479
C10 725.012 98.183784
C10 750.022 98.07911
C10 774.987 97.72827
C10 799.976 96.7988
C10 824.988 95.0232
C10 850.022 93.30004
C10 869.967 90.24011
C10 875.002 89.34492
C10 899.999 82.79354
C10 919.999 73.78522
C10 925.012 71.44583
C10 949.965 57.977257
C10 975.002 42.611137
C10 999.976 25.884039
C10 1025.028 11.034944
C10 1050.014 3.9128242
C10 1075.002 2.148086
C10 1099.99 1.6683241
C14 319.994 40.091675
C14 324.969 45.283566
C14 349.982 67.56193
C14 374.975 73.379875
C14 400.019 82.22755
C14 424.965 84.66732
C14 450.035 86.75807
C14 475.003 89.68121
C14 500.018 91.64099
C14 525.002 93.67156
C14 550.029 96.4418
C14 575.023 97.58971
C14 599.982 98.03797
C14 619.997 98.191765
C14 624.979 99.24865
C14 650.012 98.82282
C14 675.004 99.339584
C14 700.03 98.34612
C14 725.012 98.62628
C14 750.022 98.56681
C14 774.987 98.2715
C14 799.976 97.34306
C14 824.988 95.506996
C14 850.022 93.70507
C14 869.967 90.49704
C14 875.002 89.569016
C14 899.999 82.76635
C14 919.999 73.35964
C14 925.012 71.01045
C14 949.965 57.80771
C14 975.002 42.618103
C14 999.976 26.024471
C14 1025.028 11.057162
C14 1050.014 3.8252935
C14 1075.002 2.1150753
C14 1099.99 1.6707686
C05 319.994 41.76981
C05 324.969 47.192924
C05 349.982 70.69554
C05 374.975 76.32074
C05 400.019 83.7759
C05 424.965 85.46925
C05 450.035 87.1521
C05 475.003 89.83136
C05 500.018 91.62517
C05 525.002 93.5511
C05 550.029 96.2444
C05 575.023 97.35079
C05 599.982 97.767975
C05 619.997 97.905045
C05 624.979 98.95176
C05 650.012 98.51609
C05 675.004 99.03624
C05 700.03 98.115875
C05 725.012 98.60158
C05 750.022 98.80206
C05 774.987 98.741684
C05 799.976 97.90253
C05 824.988 96.01192
C05 850.022 94.220985
C05 869.967 91.00643
C05 875.002 90.030685
C05 899.999 82.73685
C05 919.999 73.11441
C05 925.012 70.74404
C05 949.965 57.78765
C05 975.002 42.726967
C05 999.976 26.1699
C05 1025.028 11.193138
C05 1050.014 3.8457847
C05 1075.002 2.0989058
C05 1099.99 1.6671807
C12 319.994 38.887363
C12 324.969 43.913067
C12 349.982 65.34886
C12 374.975 71.21469
C12 400.019 80.83149
C12 424.965 83.71378
C12 450.035 86.03613
C12 475.003 89.09201
C12 500.018 91.132675
C12 525.002 93.21173
C12 550.029 96.00627
C12 575.023 97.17391
C12 599.982 97.63361
C12 619.997 97.79275
C12 624.979 98.84226
C12 650.012 98.426575
C12 675.004 98.95017
C12 700.03 97.9724
C12 725.012 98.28628
C12 750.022 98.26842
C12 774.987 98.015175
C12 799.976 97.10612
C12 824.988 95.29322
C12 850.022 93.51757
C12 869.967 90.38654
C12 875.002 89.50248
C12 899.999 82.675766
C12 919.999 73.21799
C12 925.012 71.119606
C12 949.965 57.745693
C12 975.002 42.72576
C12 999.976 25.839882
C12 1025.028 11.020113
C12 1050.014 3.8381875
C12 1075.002 2.1412873
C12 1099.99 1.6746751
C13 319.994 39.559456
C13 324.969 44.67868
C13 349.982 66.57896
C13 374.975 72.42357
C13 400.019 81.66676
C13 424.965 84.32344
C13 450.035 86.530556
C13 475.003 89.52358
C13 500.018 91.52854
C13 525.002 93.584946
C13 550.029 96.36694
C13 575.023 97.53369
C13 599.982 97.986626
C13 619.997 98.141945
C13 624.979 99.196
C13 650.012 98.77539
C13 675.004 99.297195
C13 700.03 98.31211
C13 725.012 98.61482
C13 750.022 98.585915
C13 774.987 98.31854
C13 799.976 97.39967
C13 824.988 95.572174
C13 850.022 93.778725
C13 869.967 90.61343
C13 875.002 89.690384
C13 899.999 82.81924
C13 919.999 73.39596
C13 925.012 71.16686
C13 949.965 57.96195
C13 975.002 42.694218
C13 999.976 26.072584
C13 1025.028 11.044663
C13 1050.014 3.8405507
C13 1075.002 2.1334043
C13 1099.99 1.6777059
C11 319.994 38.13446
C11 324.969 43.05535
C11 349.982 64.00032
C11 374.975 69.98484
C11 400.019 80.18044
C11 424.965 83.37831
C11 450.035 85.876
C11 475.003 89.03091
C11 500.018 91.140205
C11 525.002 93.268974
C11 550.029 96.09611
C11 575.023 97.28569
C11 599.982 97.75553
C11 619.997 97.923065
C11 624.979 98.97822
C11 650.012 98.56799
C11 675.004 99.09145
C11 700.03 98.11164
C11 725.012 98.40535
C11 750.022 98.37323
C11 774.987 98.09454
C11 799.976 97.18709
C11 824.988 95.37588
C11 850.022 93.63613
C11 869.967 90.535866
C11 875.002 89.629776
C11 899.999 82.839066
C11 919.999 73.71106
C11 925.012 71.40663
C11 949.965 58.121338
C11 975.002 42.69509
C11 999.976 25.943584
C11 1025.028 11.002888
C11 1050.014 3.8804955
C11 1075.002 2.1467319
C11 1099.99 1.6743425
C01 319.994 40.263508
C01 324.969 45.47476
C01 349.982 67.708046
C01 374.975 73.263054
C01 400.019 81.89489
C01 424.965 84.26685
C01 450.035 86.322716
C01 475.003 89.21676
C01 500.018 91.15291
C01 525.002 93.16023
C01 550.029 95.89892
C01 575.023 97.03122
C01 599.982 97.45978
C01 619.997 97.59604
C01 624.979 98.64259
C01 650.012 98.20636
C01 675.004 98.71811
C01 700.03 97.79909
C01 725.012 98.26758
C01 750.022 98.44425
C01 774.987 98.36545
C01 799.976 97.50991
C01 824.988 95.66319
C01 850.022 93.88866
C01 869.967 90.659744
C01 875.002 89.72756
C01 899.999 82.771416
C01 919.999 73.08522
C01 925.012 70.779045
C01 949.965 57.955917
C01 975.002 42.92564
C01 999.976 26.064013
C01 1025.028 11.055263
C01 1050.014 3.8614948
C01 1075.002 2.132915
C01 1099.99 1.677716
