lsstCam/transmission_sensor/r31_s00/19700101T000000.ecsv
# %ECSV 1.0
# ---
# datatype:
# - {name: amp_name, datatype: string}
# - {name: wavelength, unit: nm, datatype: float32}
# - {name: efficiency, unit: '%', datatype: float64}
# meta: !!omap
# - {MODE: AMP}
# - {TYPE: transmission_sensor}
# - {CALIBDATE: '1970-01-01T00:00:00'}
# - {INSTRUME: LSSTCam}
# - {OBSTYPE: transmission_sensor}
# - {DETECTOR: 126}
# - {PARQUETFILE: qe_raft_allvalues_nircorrected_20230725_adjust.parquet}
# - {CORRFILE: qe_corr_factor_bydetnum.parquet}
# - {CALIBCLS: lsst.ip.isr.IntermediateSensorTransmissionCurve}
# - {CALIB_ID: 'raftName=R31 detectorName=S00 detector=126 calibDate=1970-01-01T00:00:00 ccd=126 ccdnum=126 filter=None'}
# - {DATE: '2025-03-03T21:56:48.091502'}
# - {CALIB_CREATION_DATE: '2025-03-03'}
# - {CALIB_CREATION_TIME: '21:56:48'}
# - __serialized_columns__:
#     efficiency:
#       __class__: astropy.units.quantity.Quantity
#       unit: !astropy.units.Unit {unit: '%'}
#       value: !astropy.table.SerializedColumn {name: efficiency}
#     wavelength:
#       __class__: astropy.units.quantity.Quantity
#       unit: !astropy.units.Unit {unit: nm}
#       value: !astropy.table.SerializedColumn {name: wavelength}
# schema: astropy-2.0
amp_name wavelength efficiency
C00 319.994 39.64260613731755
C00 324.969 44.77218440809387
C00 349.982 66.59930602375675
C00 374.975 72.20358946185823
C00 400.019 81.20947227994294
C00 424.965 83.79973882277801
C00 450.035 85.96721441346216
C00 475.003 88.92414699204315
C00 500.018 90.9005039554358
C00 525.002 92.93364066399627
C00 550.029 95.6823072388451
C00 575.023 96.82261538643665
C00 599.982 97.25599019882404
C00 619.997 97.39965658367409
C00 624.979 98.44148914533892
C00 650.012 98.01029201930234
C00 675.004 98.51920818234147
C00 700.03 97.57956697911806
C00 725.012 97.9843501402911
C00 750.022 98.0796505681469
C00 774.987 97.92289522232817
C00 799.976 97.04458710846065
C00 824.988 95.22682053428024
C00 850.022 93.47182614987638
C00 869.967 90.32382062973154
C00 875.002 89.41785742206629
C00 899.999 82.53677972505054
C00 919.999 73.13355290511005
C00 925.012 70.84711929394084
C00 949.965 57.943992636713
C00 975.002 42.81942412302698
C00 999.976 25.942906940113055
C00 1025.028 11.018245845573164
C00 1050.014 3.9151578792007222
C00 1075.002 0.9344000097340671
C00 1099.99 0.09271031055016639
C01 319.994 40.18378403835804
C01 324.969 45.38471580141917
C01 349.982 67.57398056579166
C01 374.975 73.1179893005609
C01 400.019 81.73273376146085
C01 424.965 84.10000065340004
C01 450.035 86.1517923674133
C01 475.003 89.04010498307989
C01 500.018 90.97242090502814
C01 525.002 92.97577051916774
C01 550.029 95.70903338951415
C01 575.023 96.8390927055386
C01 599.982 97.2668024876987
C01 619.997 97.40279367030531
C01 624.979 98.44727600417323
C01 650.012 98.01190624834561
C01 675.004 98.52264222620238
C01 700.03 97.60544032953783
C01 725.012 98.07300329477536
C01 750.022 98.24932736059965
C01 774.987 98.17067938046841
C01 799.976 97.31683597375178
C01 824.988 95.47377473503504
C01 850.022 93.70275227451769
C01 869.967 90.48023333259297
C01 875.002 89.54989678923211
C01 899.999 82.60752407430014
C01 919.999 72.94050786296975
C01 925.012 70.63889897593631
C01 949.965 57.841161678084646
C01 975.002 42.84064514351548
C01 999.976 26.012404449712513
C01 1025.028 11.033372580351768
C01 1050.014 3.8538488224411336
C01 1075.002 0.9360165111586762
C01 1099.99 0.09287069833646677
C02 319.994 40.72153170268161
C02 324.969 45.99657713740576
C02 349.982 68.58019348847364
C02 374.975 74.10579848929213
C02 400.019 82.38148632251625
C02 424.965 84.55447465766889
C02 450.035 86.5020267697849
C02 475.003 89.33540229796512
C02 500.018 91.22827620838468
C02 525.002 93.21057231637046
C02 550.029 95.934187883897
C02 575.023 97.05689941205947
C02 599.982 97.4793324926772
C02 619.997 97.61359523192147
C02 624.979 98.6612679524362
C02 650.012 98.22408599607887
C02 675.004 98.73688544596736
C02 700.03 97.82222672147475
C02 725.012 98.31966053830051
C02 750.022 98.5354723013811
C02 774.987 98.49383737492573
C02 799.976 97.65454487246225
C02 824.988 95.78243512525478
C02 850.022 94.02192799638244
C02 869.967 90.7194057310732
C02 875.002 89.7560688637808
C02 899.999 82.76589364916214
C02 919.999 73.08999156380588
C02 925.012 70.71485149813682
C02 949.965 57.80456741024548
C02 975.002 42.827289682468894
C02 999.976 26.142572605617097
C02 1025.028 11.120380096855019
C02 1050.014 3.856131443197617
C02 1075.002 0.9387425994062999
C02 1099.99 0.09314117830799018
C03 319.994 40.87596849782264
C03 324.969 46.17710429017286
C03 349.982 68.96241551448077
C03 374.975 74.51517306609294
C03 400.019 82.52848015119604
C03 424.965 84.54695935547221
C03 450.035 86.40294965511092
C03 475.003 89.1796063524268
C03 500.018 91.03536060913937
C03 525.002 92.99266662410638
C03 550.029 95.69480989964241
C03 575.023 96.81116349737505
C03 599.982 97.22945440535348
C03 619.997 97.36314607300226
C03 624.979 98.40437710591983
C03 650.012 97.97286779407773
C03 675.004 98.48630684415316
C03 700.03 97.57679537830793
C03 725.012 98.08348055498067
C03 750.022 98.30159944730705
C03 774.987 98.26755596592777
C03 799.976 97.43638029440822
C03 824.988 95.55603950193772
C03 850.022 93.80843097683557
C03 869.967 90.55518076878542
C03 875.002 89.56748579437328
C03 899.999 82.44049705405048
C03 919.999 72.87371532916094
C03 925.012 70.52320748497746
C03 949.965 57.6266481510978
C03 975.002 42.588909169934425
C03 999.976 26.06679711561119
C03 1025.028 11.108614118415888
C03 1050.014 3.840733925304149
C03 1075.002 0.9365145041975934
C03 1099.99 0.09292010874829132
C04 319.994 41.286793596476
C04 324.969 46.643395669324434
C04 349.982 69.75306794558416
C04 374.975 75.33756946361778
C04 400.019 83.07357941052558
C04 424.965 84.93260781105229
C04 450.035 86.70388154307166
C04 475.003 89.43129664028022
C04 500.018 91.25191095815013
C04 525.002 93.18714315237938
C04 550.029 95.88351479765697
C04 575.023 96.99507900827541
C04 599.982 97.41225061592668
C04 619.997 97.54294986841506
C04 624.979 98.5877596166644
C04 650.012 98.15462084720316
C04 675.004 98.6704279408279
C04 700.03 97.75749004540971
C04 725.012 98.25401014768268
C04 750.022 98.4674386386381
C04 774.987 98.42366409727161
C04 799.976 97.59308995449932
C04 824.988 95.70737347474325
C04 850.022 93.95228771888411
C04 869.967 90.73386526387107
C04 875.002 89.74113724513064
C04 899.999 82.49382752678154
C04 919.999 72.96474414148246
C04 925.012 70.60892152431693
C04 949.965 57.63474975346585
C04 975.002 42.58519339741976
C04 999.976 26.05388328326512
C04 1025.028 11.140274327669994
C04 1050.014 3.8410606258460707
C04 1075.002 0.9380944460791886
C04 1099.99 0.09307686913032043
C05 319.994 41.68710336348437
C05 324.969 47.09948009549257
C05 349.982 70.5555605944341
C05 374.975 76.16962077825042
C05 400.019 83.61002122446745
C05 424.965 85.30002004701632
C05 450.035 86.97953399507195
C05 475.003 89.65348917665446
C05 500.018 91.44374532850799
C05 525.002 93.36586571890473
C05 550.029 96.05383119029666
C05 575.023 97.15803238447722
C05 599.982 97.57438926331892
C05 619.997 97.71118756044717
C05 624.979 98.75582979436183
C05 650.012 98.32102349584174
C05 675.004 98.84014280472034
C05 700.03 97.92160079337839
C05 725.012 98.40634159220834
C05 750.022 98.60642985069305
C05 774.987 98.54617037593667
C05 799.976 97.70867484542701
C05 824.988 95.82180860819201
C05 850.022 94.03442304289182
C05 869.967 90.82623419087
C05 875.002 89.85242006337229
C05 899.999 82.57302373564445
C05 919.999 72.9696401286278
C05 925.012 70.60396462286805
C05 949.965 57.673228557570134
C05 975.002 42.6423652784165
C05 999.976 26.11808315203039
C05 1025.028 11.170975136643673
C05 1050.014 3.8381698138403877
C05 1075.002 0.9394186087073378
C05 1099.99 0.09320825132980219
C06 319.994 41.81902090204314
C06 324.969 47.24830135327792
C06 349.982 70.83337550420931
C06 374.975 76.46375310708083
C06 400.019 83.76012168262672
C06 424.965 85.36067546474557
C06 450.035 86.98863306916012
C06 475.003 89.6336691851469
C06 500.018 91.40434900270695
C06 525.002 93.31233727468722
C06 550.029 95.99116560055128
C06 575.023 97.09389723715944
C06 599.982 97.5071551008096
C06 619.997 97.63918685368748
C06 624.979 98.6866083027002
C06 650.012 98.24992127505895
C06 675.004 98.76676391184353
C06 700.03 97.8413385842039
C06 725.012 98.31394220805764
C06 750.022 98.49433230364183
C06 774.987 98.41844831003277
C06 799.976 97.57069633366807
C06 824.988 95.6854976254919
C06 850.022 93.8733960815388
C06 869.967 90.69884715363547
C06 875.002 89.73117014221732
C06 899.999 82.36833644724405
C06 919.999 72.81562592646743
C06 925.012 70.45292760729218
C06 949.965 57.48350334497164
C06 975.002 42.36839558405094
C06 999.976 25.95703905852951
C06 1025.028 11.136666106972474
C06 1050.014 3.845680357107107
C06 1075.002 0.9383506611573043
C06 1099.99 0.09310229055499111
C07 319.994 42.14263575377686
C07 324.969 47.6186450900988
C07 349.982 71.51586697512641
C07 374.975 77.2083543247237
C07 400.019 84.29838331138622
C07 424.965 85.77378865692486
C07 450.035 87.3388979286835
C07 475.003 89.95200733533825
C07 500.018 91.70336970439479
C07 525.002 93.60881480420313
C07 550.029 96.29097818818487
C07 575.023 97.3938773391277
C07 599.982 97.81077483241313
C07 619.997 97.94687261505092
C07 624.979 98.99448442126213
C07 650.012 98.56348526671201
C07 675.004 99.0810588751388
C07 700.03 98.1531589039187
C07 725.012 98.61858986853306
C07 750.022 98.78422347408971
C07 774.987 98.69133677551088
C07 799.976 97.83437912502683
C07 824.988 95.9309061257949
C07 850.022 94.08808854429223
C07 869.967 90.89556228256279
C07 875.002 89.92305019830282
C07 899.999 82.52428467854115
C07 919.999 72.967843156674
C07 925.012 70.55630679465222
C07 949.965 57.527414943521045
C07 975.002 42.40368400150841
C07 999.976 25.986908006545754
C07 1025.028 11.197984919538486
C07 1050.014 3.877864762496576
C07 1075.002 0.9411124402929478
C07 1099.99 0.09337631174363531
C10 319.994 36.93379274554617
C10 324.969 41.69391815119058
C10 349.982 61.91980831310795
C10 374.975 68.04785577573138
C10 400.019 78.93256414298655
C10 424.965 82.51589373323138
C10 450.035 85.21195319270343
C10 475.003 88.48076700530274
C10 500.018 90.66873264483316
C10 525.002 92.83749505017914
C10 550.029 95.69458147100421
C10 575.023 96.90591569649916
C10 599.982 97.39069456676881
C10 619.997 97.5695008904615
C10 624.979 98.62621938504884
C10 650.012 98.22455808193115
C10 675.004 98.75046933565214
C10 700.03 97.7539570158056
C10 725.012 97.98937557033143
C10 750.022 97.884907539796
C10 774.987 97.53476450887968
C10 799.976 96.60713103773747
C10 824.988 94.83505019119647
C10 850.022 93.11530234566642
C10 869.967 90.06143226732257
C10 875.002 89.16800979189433
C10 899.999 82.62960550932586
C10 919.999 73.63911878145562
C10 925.012 71.3043648990198
C10 949.965 57.86245884145254
C10 975.002 42.52676515891293
C10 999.976 25.832787204354226
C10 1025.028 11.013093827995828
C10 1050.014 3.905076561968294
C10 1075.002 0.9325460510744688
C10 1099.99 0.09252636247515786
C11 319.994 38.058952267281306
C11 324.969 42.9700994599257
C11 349.982 63.873596527046736
C11 374.975 69.84626682996854
C11 400.019 80.02168143275816
C11 424.965 83.21321783705541
C11 450.035 85.70596057995624
C11 475.003 88.85462092886391
C11 500.018 90.95974311560822
C11 525.002 93.08429696517514
C11 550.029 95.90583227560882
C11 575.023 97.09305966548605
C11 599.982 97.56197035968894
C11 619.997 97.72917250856122
C11 624.979 98.7822361449374
C11 650.012 98.3728234966969
C11 675.004 98.8952474065414
C11 700.03 97.91737486357174
C11 725.012 98.21050210639409
C11 750.022 98.17844595416712
C11 774.987 97.90031124429842
C11 799.976 96.99465260815077
C11 824.988 95.18702826550633
C11 850.022 93.45072695799492
C11 869.967 90.35660013931282
C11 875.002 89.4523044607064
C11 899.999 82.67503996546324
C11 919.999 73.56510790267978
C11 925.012 71.26524268758459
C11 949.965 58.00625466919757
C11 975.002 42.61055278340359
C11 999.976 25.892214818153167
C11 1025.028 10.981101445430344
C11 1050.014 3.8728119686089575
C11 1075.002 0.9353417107155769
C11 1099.99 0.09280374525642889
C12 319.994 38.81036446548642
C12 324.969 43.82611674584917
C12 349.982 65.2194676061518
C12 374.975 71.07368243159257
C12 400.019 80.67143907982164
C12 424.965 83.54802569206078
C12 450.035 85.86577686952681
C12 475.003 88.91560376097458
C12 500.018 90.95222781341154
C12 525.002 93.02716696276207
C12 550.029 95.81617403511649
C12 575.023 96.98150273287857
C12 599.982 97.44029403840933
C12 619.997 97.59911285625978
C12 624.979 98.64654953384837
C12 650.012 98.2316850554429
C12 675.004 98.75424602247033
C12 700.03 97.77840649438062
C12 725.012 98.09166591451606
C12 750.022 98.07384086644876
C12 774.987 97.82109980685964
C12 799.976 96.9138421702446
C12 824.988 95.10453506996544
C12 850.022 93.33240092340887
C12 869.967 90.20757329575308
C12 875.002 89.32526006642917
C12 899.999 82.51206374639762
C12 919.999 73.0730117016999
C12 925.012 70.9787855609976
C12 949.965 57.63135378104465
C12 975.002 42.64116222092199
C12 999.976 25.788717609330067
C12 1025.028 10.998292604026654
C12 1050.014 3.8305876486777333
C12 1075.002 0.9343449406995847
C12 1099.99 0.09270484665115593
C13 319.994 39.481126125832105
C13 324.969 44.590214347762156
C13 349.982 66.4471268649899
C13 374.975 72.28016635566982
C13 400.019 81.50505893776989
C13 424.965 84.1564758270503
C13 450.035 86.35922079947207
C13 475.003 89.34632118687092
C13 500.018 91.34731037174916
C13 525.002 93.39964270020613
C13 550.029 96.17613188318734
C13 575.023 97.34056970926045
C13 599.982 97.79260714138853
C13 619.997 97.94761881526902
C13 624.979 98.99958599418187
C13 650.012 98.57981030005514
C13 675.004 99.1005819094167
C13 700.03 98.11744789348057
C13 725.012 98.419559996072
C13 750.022 98.39070945906772
C13 774.987 98.1238667382139
C13 799.976 97.20681712730816
C13 824.988 95.38293627991202
C13 850.022 93.59303799959166
C13 869.967 90.43400699050984
C13 875.002 89.51279236410097
C13 899.999 82.65525043110745
C13 919.999 73.25063019647396
C13 925.012 71.02594846049733
C13 949.965 57.84718077270114
C13 975.002 42.60968094743448
C13 999.976 26.02095910221299
C13 1025.028 11.022794430831262
C13 1050.014 3.832946174367118
C13 1075.002 0.9373638893540168
C13 1099.99 0.09300438396319755
C14 319.994 40.01229123823163
C14 324.969 45.19390174564526
C14 349.982 67.42815172316669
C14 374.975 73.23457927749665
C14 400.019 82.06473194421639
C14 424.965 84.49967462736544
C14 450.035 86.58628648012784
C14 475.003 89.50363998999721
C14 500.018 91.45953736169535
C14 525.002 93.48608771118782
C14 550.029 96.25084327645365
C14 575.023 97.3964738113152
C14 599.982 97.84385129922406
C14 619.997 97.99734011551658
C14 624.979 99.05213219525511
C14 650.012 98.62714832817751
C14 675.004 99.1428868932108
C14 700.03 98.15139238911664
C14 725.012 98.43099665655774
C14 750.022 98.3716432820662
C14 774.987 98.07691703877647
C14 799.976 97.1503191107941
C14 824.988 95.31788741804145
C14 850.022 93.51952966381987
C14 869.967 90.31785102798666
C14 875.002 89.39166427155304
C14 899.999 82.60246818710804
C14 919.999 73.21438618588003
C14 925.012 70.86984794344143
C14 949.965 57.69324652056414
C14 975.002 42.53371700380206
C14 999.976 25.97294149889199
C14 1025.028 11.035268538048804
C14 1050.014 3.8177192641128035
C14 1075.002 0.9371826382276509
C14 1099.99 0.0929864003929515
C15 319.994 40.50455114640223
C15 324.969 45.75073081554622
C15 349.982 68.32439909942062
C15 374.975 74.11438740608834
C15 400.019 82.6361004969386
C15 424.965 84.88893986971696
C15 450.035 86.87547713608527
C15 475.003 89.74028444488138
C15 500.018 91.65402150425629
C15 525.002 93.65810970432605
C15 550.029 96.40624327901908
C15 575.023 97.54875957011322
C15 599.982 97.98640599803488
C15 619.997 98.1355622844896
C15 624.979 99.18912084958187
C15 650.012 98.7634212394379
C15 675.004 99.275383117653
C15 700.03 98.26834023758558
C15 725.012 98.51735029608415
C15 750.022 98.42351181151281
C15 774.987 98.090280114111
C15 799.976 97.1500526107162
C15 824.988 95.3153594744454
C15 850.022 93.50649400286675
C15 869.967 90.2822313890038
C15 875.002 89.34991513077856
C15 899.999 82.57155417807205
C15 919.999 73.17402284551062
C15 925.012 70.79363653545097
C15 949.965 57.57496236456175
C15 975.002 42.48032942391144
C15 999.976 26.038867907447635
C15 1025.028 11.079369542010715
C15 1050.014 3.8249264255944175
C15 1075.002 0.9376771861654918
C15 1099.99 0.09303546898501223
C16 319.994 40.800537554346015
C16 324.969 46.088256971346134
C16 349.982 68.88746807828832
C16 374.975 74.69655301910932
C16 400.019 83.02484796771022
C16 424.965 85.15953643452515
C16 450.035 87.08062889605
C16 475.003 89.9063292219868
C16 500.018 91.80164731883508
C16 525.002 93.78810844232397
C16 550.029 96.53381305916417
C16 575.023 97.67415927819543
C16 599.982 98.10707723330643
C16 619.997 98.25547209096715
C16 624.979 99.30774384139758
C16 650.012 98.88233357419534
C16 675.004 99.39702136749291
C16 700.03 98.37995808449658
C16 725.012 98.60252372097987
C16 750.022 98.47607324116194
C16 774.987 98.1082193764974
C16 799.976 97.15922782768378
C16 824.988 95.31724781785451
C16 850.022 93.51091790415984
C16 869.967 90.3115616261483
C16 875.002 89.36856252194337
C16 899.999 82.53859953986816
C16 919.999 73.32146591717886
C16 925.012 70.92307943042928
C16 949.965 57.457965023221206
C16 975.002 42.37665708646573
C16 999.976 26.012002796023683
C16 1025.028 11.141575419121725
C16 1050.014 3.847086145018011
C16 1075.002 0.9381782862692689
C16 1099.99 0.0930851876769578
C17 319.994 41.07473567734977
C17 324.969 46.402053198781346
C17 349.982 69.43997603978339
C17 374.975 75.23152527547879
C17 400.019 83.28113728547933
C17 424.965 85.27037762406628
C17 450.035 87.11528913475243
C17 475.003 89.89598901896441
C17 500.018 91.75938040648069
C17 525.002 93.73283632616824
C17 550.029 96.46679209671717
C17 575.023 97.59873214186278
C17 599.982 98.02979982500437
C17 619.997 98.1775855396299
C17 624.979 99.22849433251909
C17 650.012 98.80053327885699
C17 675.004 99.31254845708766
C17 700.03 98.28799271475846
C17 725.012 98.49191096007694
C17 750.022 98.33804904367537
C17 774.987 97.94227358513521
C17 799.976 96.98402306218667
C17 824.988 95.14648979651429
C17 850.022 93.32630949305694
C17 869.967 90.15309306554309
C17 875.002 89.22618295175518
C17 899.999 82.38745592426113
C17 919.999 73.20249266811791
C17 925.012 70.79256292085144
C17 949.965 57.34290932530534
C17 975.002 42.32448017835756
C17 999.976 25.953597400380673
C17 1025.028 11.17069055263192
C17 1050.014 3.8532199298465972
C17 1075.002 0.9368636162199304
C17 1099.99 0.09295474732242498
