lsstCam/transmission_filter_detector/r43_s22/r_57/19700101T000000.ecsv
# %ECSV 1.0
# ---
# datatype:
# - {name: wavelength, unit: nm, datatype: float32}
# - {name: efficiency, unit: '%', datatype: float64}
# meta: !!omap
# - {MODE: DETECTOR}
# - {TYPE: transmission_filter_detector}
# - {CALIBDATE: '1970-01-01T00:00:00'}
# - {INSTRUME: LSSTCam}
# - {OBSTYPE: transmission_filter_detector}
# - {CALIBCLS: lsst.ip.isr.IntermediateFilterDetectorTransmissionCurve}
# - {SOURCE: Materion (DM-46256)}
# - {DETECTOR: 188}
# - {FILTER: r_57}
# - {CALIB_ID: 'calibDate=1970-01-01T00:00:00 filter=r_57 detector=188'}
# - {DATE: '2025-04-02T15:59:45.053788'}
# - {CALIB_CREATION_DATE: '2025-04-02'}
# - {CALIB_CREATION_TIME: '15:59:45'}
# - __serialized_columns__:
#     efficiency:
#       __class__: astropy.units.quantity.Quantity
#       unit: !astropy.units.Unit {unit: '%'}
#       value: !astropy.table.SerializedColumn {name: efficiency}
#     wavelength:
#       __class__: astropy.units.quantity.Quantity
#       unit: !astropy.units.Unit {unit: nm}
#       value: !astropy.table.SerializedColumn {name: wavelength}
# schema: astropy-2.0
wavelength efficiency
[from data line 603]
903.0 0.00025590782115614275
904.0 0.0002734440613494371
905.0 0.0002909802560679964
906.0 0.00016746740811868221
907.0 4.395456585370994e-05
908.0 0.00014823554010945372
909.0 0.0002525165200495394
910.0 0.00018150273035644204
911.0 0.00011048896340071224
912.0 0.0001588667828400503
913.0 0.00020724464775412343
914.0 0.00023312848043133272
915.0 0.0002590122676338069
916.0 0.0002623404952828423
917.0 0.0002656687229318777
918.0 0.00019709536900336388
919.0 0.0001285220832869527
920.0 0.00019565518414310645
921.0 0.0002627882849992602
922.0 0.00025548815756337717
923.0 0.00024818809833959676
924.0 0.00027713022063835524
925.0 0.0003060723429371137
926.0 0.0003363342329976149
927.0 0.00036659612305811606
928.0 0.0002957317747132038
929.0 0.00022486740363092395
930.0 0.00018464806998963468
931.0 0.00014442871361097787
932.0 0.00014539665471602348
933.0 0.0001463645958210691
934.0 0.00012502088111432386
935.0 0.00010367716640757862
936.0 0.0001150660750681709
937.0 0.00012645498372876318
938.0 4.898061334301929e-06
939.0 2.690920836850852e-10
940.0 0.00013873103625883232
941.0 0.0003941208888136316
942.0 0.00035563803066906985
943.0 0.0003171551725245081
944.0 0.00025807844394876156
945.0 0.00019900166989827994
946.0 0.00039788174035493284
947.0 0.0005967619017610559
948.0 0.0007094710781530011
949.0 0.0008221804819186218
950.0 0.0007528763944719685
951.0 0.0006835722615505802
952.0 0.0006411998583644163
953.0 0.0005988275916024577
954.0 0.0009479978871240746
955.0 0.0012971682735951617
956.0 0.0010266550816595554
957.0 0.0007561422989965649
958.0 0.0010739850949903484
959.0 0.0013918276636104565
960.0 0.001458409406041028
961.0 0.0015249913303705398
962.0 0.0017044942069333047
963.0 0.0018839969925465994
964.0 0.0019565779439290054
965.0 0.002029158713412471
966.0 0.0021460335119627416
967.0 0.002262908856209833
968.0 0.0022110030840849504
969.0 0.0021590976757579483
970.0 0.0022534219169756398
971.0 0.0023477463400922716
972.0 0.0025152749003609642
973.0 0.002682803460629657
974.0 0.0029157490644138306
975.0 0.003148695031995885
976.0 0.0032657939300406724
977.0 0.0033828921004896984
978.0 0.003498792284517549
979.0 0.0036146924685453996
980.0 0.0036476649256655946
981.0 0.0036806366551900283
982.0 0.0036681984056485817
983.0 0.003655760519905016
984.0 0.0035765981010627
985.0 0.0034974367736140266
986.0 0.003364742951816879
987.0 0.0032320494938176125
988.0 0.003204265158274211
989.0 0.0031764808227308095
990.0 0.003036511225218419
991.0 0.0028965419915039092
992.0 0.0029087641451042145
993.0 0.0029209870263002813
994.0 0.002987132393172942
995.0 0.003053277760045603
996.0 0.0030921175493858755
997.0 0.003130957338726148
998.0 0.003078016743529588
999.0 0.0030250763302319683
1000.0 0.0031225721613736823
1001.0 0.0032200681744143367
1002.0 0.003369018668308854
1003.0 0.0035179691622033715
1004.0 0.003862509402097203
1005.0 0.004207049641991034
1006.0 0.004309273572289385
1007.0 0.004411497866385616
1008.0 0.0044293479732004926
1009.0 0.004447198080015369
1010.0 0.004413354326970875
1011.0 0.004379510210128501
1012.0 0.00427651648351457
1013.0 0.004173522393102758
1014.0 0.0041492538002785295
1015.0 0.004124985571252182
1016.0 0.003597476097638719
1017.0 0.003069967351621017
1018.0 0.0026573025024845265
1019.0 0.002244637653348036
1020.0 0.0021152114641154185
1021.0 0.00198578491108492
1022.0 0.0018119861124432646
1023.0 0.0016381869500037283
1024.0 0.0014320919035526458
1025.0 0.0012259965842531528
1026.0 0.001204489581141388
1027.0 0.0011829827599285636
1028.0 0.0009789694559003692
1029.0 0.0007749563337711152
1030.0 0.0007992147402546834
1031.0 0.0008234731467382517
1032.0 0.0006360854513332015
1033.0 0.0004486977104534162
1034.0 0.0005594415597443003
1035.0 0.0006701853635604493
1036.0 0.0008806325240584556
1037.0 0.001091079775505932
1038.0 0.0012307175893511157
1039.0 0.00137035567604471
1040.0 0.0011552750038390514
1041.0 0.0009401946044818033
1042.0 0.0009343089004687499
1043.0 0.0009284231055062264
1044.0 0.0009638762094255071
1045.0 0.0009993292223953176
1046.0 0.0009510296877124347
1047.0 0.0009027300620800816
1048.0 0.0012770662578986958
1049.0 0.0016514028175151907
1050.0 0.0014631166777689941
1051.0 0.0012748309927701484
1052.0 0.001570290987729095
1053.0 0.0018657510736375116
1054.0 0.0014993463992141187
1055.0 0.0011329419976391364
1056.0 0.0013762433809461072
1057.0 0.0016195450371014886
1058.0 0.001386925760016311
1059.0 0.0011543062100827228
1060.0 0.00108019303297624
1061.0 0.0010060797649202868
1062.0 0.0006689395831926959
1063.0 0.0003317994696772075
1064.0 0.0005536212029255694
1065.0 0.0007754429134365637
1066.0 0.0009752107871463522
1067.0 0.0011749786608561408
1068.0 0.001072387931344565
1069.0 0.0009697973837319296
1070.0 0.0013699636838282458
1071.0 0.0017701297110761516
1072.0 0.0021046567781013437
1073.0 0.0024391836632275954
1074.0 0.0024351782485609874
1075.0 0.00243117319769226
1076.0 0.00277670787909301
1077.0 0.00312224256049376
1078.0 0.0031510386179434136
1079.0 0.003179835039190948
1080.0 0.0032356747396988794
1081.0 0.003291514440206811
1082.0 0.0037405083276098594
1083.0 0.004189502215012908
1084.0 0.00342183411703445
1085.0 0.002654165837157052
1086.0 0.0027227164537180215
1087.0 0.0027912674340768717
1088.0 0.0030891005735611543
1089.0 0.003386934258742258
1090.0 0.004087804700247943
1091.0 0.004788674777955748
1092.0 0.0041941024392144755
1093.0 0.003599529736675322
1094.0 0.003068423757213168
1095.0 0.0025373181415488943
1096.0 0.002203773328801617
1097.0 0.0018702279703575186
1098.0 0.0023947433874127455
1099.0 0.002919258622569032
1100.0 0.002428761035844218
1101.0 0.0019382630853215232
