lsstCam/transmission_filter_detector/r43_s22/r_57/19700101T000000.ecsv
# %ECSV 1.0
# ---
# datatype:
# - {name: wavelength, unit: nm, datatype: float32}
# - {name: efficiency, unit: '%', datatype: float64}
# meta: !!omap
# - {MODE: DETECTOR}
# - {TYPE: transmission_filter_detector}
# - {CALIBDATE: '1970-01-01T00:00:00'}
# - {INSTRUME: LSSTCam}
# - {OBSTYPE: transmission_filter_detector}
# - {CALIBCLS: lsst.ip.isr.IntermediateFilterDetectorTransmissionCurve}
# - {SOURCE: Materion (DM-46256)}
# - {DETECTOR: 188}
# - {FILTER: r_57}
# - {CALIB_ID: 'calibDate=1970-01-01T00:00:00 filter=r_57 detector=188'}
# - {DATE: '2025-04-02T15:59:45.053788'}
# - {CALIB_CREATION_DATE: '2025-04-02'}
# - {CALIB_CREATION_TIME: '15:59:45'}
# - __serialized_columns__:
#     efficiency:
#       __class__: astropy.units.quantity.Quantity
#       unit: !astropy.units.Unit {unit: '%'}
#       value: !astropy.table.SerializedColumn {name: efficiency}
#     wavelength:
#       __class__: astropy.units.quantity.Quantity
#       unit: !astropy.units.Unit {unit: nm}
#       value: !astropy.table.SerializedColumn {name: wavelength}
# schema: astropy-2.0
wavelength efficiency
300.0 0.004005022128694691
301.0 0.010495580499991775
302.0 0.01698613923508674
303.0 0.020267305080778897
304.0 0.023548472381662577
305.0 0.02063718857243657
306.0 0.017725906218402088
307.0 0.015479601279366761
308.0 0.013233294885139912
309.0 0.012004937889287248
310.0 0.010776580165838823
311.0 0.010274799569742754
312.0 0.009773018973646685
313.0 0.00899333826964721
314.0 0.008213657565647736
315.0 0.007788658695062622
316.0 0.00736366055207327
317.0 0.006768549792468548
318.0 0.006173438305268064
319.0 0.005829138535773382
320.0 0.005484837311087176
321.0 0.005099136978969909
322.0 0.004713437010650523
323.0 0.004232622086419724
324.0 0.0037518086173804477
325.0 0.0038938684156164527
326.0 0.004035926758660935
327.0 0.004191117477603257
328.0 0.004346307468949817
329.0 0.004335004996391945
330.0 0.004323702523834072
331.0 0.003985715011367574
332.0 0.003647725679911673
333.0 0.0031702551495982334
334.0 0.002692785346880555
335.0 0.0025072979042306542
336.0 0.0023218104615807533
337.0 0.002147385930584278
338.0 0.0019729612176888622
339.0 0.0018314449334866367
340.0 0.0016899284673854709
341.0 0.0016763746316428296
342.0 0.0016628207959001884
343.0 0.001585558129590936
344.0 0.0015082953723322134
345.0 0.0014933709280740004
346.0 0.0014784463928663172
347.0 0.00138226732815383
348.0 0.0012860881724918727
349.0 0.0012258549759280868
350.0 0.0074532232247292995
351.0 0.00623926316620782
352.0 0.005025305290473625
353.0 0.00509617239004001
354.0 0.005167038398212753
355.0 0.005201514431973919
356.0 0.005235989738139324
357.0 0.00556294216949027
358.0 0.0058898949646390975
359.0 0.004351887400844134
360.0 0.002813879655150231
361.0 0.004158227238804102
362.0 0.005502575731952675
363.0 0.003911748353857547
364.0 0.0023209206119645387
365.0 0.0027036454412154853
366.0 0.003086370270466432
367.0 0.004489974526222795
368.0 0.005893579145777039
369.0 0.004992717003915459
370.0 0.004091856681043282
371.0 0.003592823486542329
372.0 0.003093790655839257
373.0 0.0038418525946326554
374.0 0.004589914169628173
375.0 0.0035920922528021038
376.0 0.002594270154077094
377.0 0.002368883360759355
378.0 0.002143496385542676
379.0 0.002530289384594653
380.0 0.0029170823836466298
381.0 0.004296098632039502
382.0 0.0056751152442302555
383.0 0.005837245407747105
384.0 0.0059993762988597155
385.0 0.0060777576436521485
386.0 0.00615613826084882
387.0 0.004781832831213251
388.0 0.0034075270377798006
389.0 0.0026275361960870214
390.0 0.0018475453543942422
391.0 0.0017612692317925394
392.0 0.0016749931091908365
393.0 0.0011743242794182152
394.0 0.0006736557224940043
395.0 0.0014417816601053346
396.0 0.002209907688666135
397.0 0.0021207401005085558
398.0 0.0020315721485530958
399.0 0.0013636220501211938
400.0 0.0006956719062145567
401.0 0.0007488540177291725
402.0 0.0008020360837690532
403.0 0.0013049440894974396
404.0 0.0018078522771247663
405.0 0.0018250761058880016
406.0 0.0018423001165501773
407.0 0.0017329253751086071
408.0 0.0016235508155659772
409.0 0.001537840762466658
410.0 0.0014521307093673386
411.0 0.001832613634178415
412.0 0.0022130965589894913
413.0 0.0018106758943758905
414.0 0.0014082552297622897
415.0 0.0014959051441110205
416.0 0.0015835552403586917
417.0 0.0022781992811360396
418.0 0.0029728433219133876
419.0 0.004066512337885797
420.0 0.005160181171959266
421.0 0.007285983156180009
422.0 0.009411782957613468
423.0 0.01292942906729877
424.0 0.01644707517698407
425.0 0.021837414533365518
426.0 0.02722775097936392
427.0 0.026314836577512324
428.0 0.02540192217566073
429.0 0.019890924158971757
430.0 0.014379927597474307
431.0 0.010385407949797809
432.0 0.00639088757452555
433.0 0.005230430906522088
434.0 0.004069974966114387
435.0 0.00342572238878347
436.0 0.0027814701752504334
437.0 0.0023376074750558473
438.0 0.0018937444110633805
439.0 0.0016871064872248098
440.0 0.001480468472436769
441.0 0.0014686505892314017
442.0 0.0014568327969755046
443.0 0.0014782869584450964
444.0 0.0014997406651673373
445.0 0.0011054026799683925
446.0 0.0007110644673957722
447.0 0.0012345634786470328
448.0 0.001758062353474088
449.0 0.0021963773178867996
450.0 0.002634692282299511
451.0 0.0024454771846649237
452.0 0.0022562622689292766
453.0 0.0020678829969256185
454.0 0.0018795042706187814
455.0 0.0016351092199329287
456.0 0.0013907146239944268
457.0 0.00151817894220585
458.0 0.0016456437151646242
459.0 0.0018766137145576067
460.0 0.0021075837139505893
461.0 0.002874898382287938
462.0 0.0036422134144231677
463.0 0.004736888149636798
464.0 0.0058315628848504275
465.0 0.006982084596529603
466.0 0.008132604853017256
467.0 0.008530396735295653
468.0 0.008928190800361335
469.0 0.00752126143197529
470.0 0.006114334246376529
471.0 0.004511870429269038
472.0 0.002909406612161547
473.0 0.0021276915504131466
474.0 0.0013459765796142165
475.0 0.0011949174222536385
476.0 0.0010438587196404114
477.0 0.001186822737508919
478.0 0.0013297865734784864
479.0 0.0012194821465527639
480.0 0.0011091777196270414
481.0 0.001102227997762384
482.0 0.0010952782758977264
483.0 0.0009371966370963491
484.0 0.0007791148163960315
485.0 0.0009583955034031533
486.0 0.0011376759175618645
487.0 0.001132878151111072
488.0 0.0011280803846602794
489.0 0.00105819608506863
490.0 0.0009883117854769807
491.0 0.0009996920198318549
492.0 0.0010110720722877886
493.0 0.0010421777915325947
494.0 0.0010732833288784605
495.0 0.0012431169125193264
496.0 0.001412950769008603
497.0 0.0014706087313243188
498.0 0.0015282670574379154
499.0 0.0016189474990824237
500.0 0.0017096279407269321
501.0 0.0019658918972709216
502.0 0.002222155853814911
503.0 0.0027701607905328274
504.0 0.0033181655453518033
505.0 0.004094930045539513
506.0 0.0048716941819293424
507.0 0.005760172643931583
508.0 0.0066486500145401806
509.0 0.006743548874510452
510.0 0.006838447006884962
511.0 0.006134017166914418
512.0 0.005429588054539636
513.0 0.004626717054634355
514.0 0.003823846418526955
515.0 0.003664481846499257
516.0 0.0035051172744715586
517.0 0.0036213121347827837
518.0 0.0037375073588918895
519.0 0.06358944228850305
520.0 0.021987770742271096
521.0 0.12224378297105432
522.0 0.0962636957410723
523.0 0.14404894318431616
524.0 0.05043699638918042
525.0 0.05507417372427881
526.0 0.12391522759571671
527.0 0.10234683286398649
528.0 0.11648280778899789
529.0 0.12133842101320624
530.0 0.24849488399922848
531.0 0.35454495809972286
532.0 0.30595753341913223
533.0 0.4288118798285723
534.0 0.6533466745167971
535.0 0.9544289670884609
536.0 1.4617695473134518
537.0 2.3058010265231133
538.0 3.629632666707039
539.0 5.532896891236305
540.0 8.218006044626236
541.0 11.266610771417618
542.0 15.094175934791565
543.0 19.931095838546753
544.0 26.097610592842102
545.0 32.527393102645874
546.0 40.09948968887329
547.0 47.89700210094452
548.0 56.488198041915894
549.0 63.743770122528076
550.0 68.48800778388977
551.0 73.93806576728821
552.0 77.25082039833069
553.0 80.72797656059265
554.0 83.96919965744019
555.0 87.24808692932129
556.0 90.81217646598816
557.0 92.50385165214539
558.0 94.55159306526184
559.0 95.82254886627197
560.0 95.18594145774841
561.0 95.93691229820251
562.0 96.06690406799316
563.0 95.42921185493469
564.0 95.99917531013489
565.0 95.62821984291077
566.0 96.27603888511658
567.0 95.9080696105957
568.0 96.77985310554504
569.0 97.56358861923218
570.0 96.57670855522156
571.0 97.35548496246338
572.0 97.33344316482544
573.0 97.2382664680481
574.0 97.19928503036499
575.0 97.09338545799255
576.0 97.51609563827515
577.0 96.89075946807861
578.0 97.62679934501648
579.0 97.18717336654663
580.0 96.68493866920471
581.0 96.94958925247192
582.0 97.21491932868958
583.0 97.06141352653503
584.0 96.53545618057251
585.0 96.96126580238342
586.0 96.88323140144348
587.0 97.15269804000854
588.0 97.15688228607178
589.0 97.91252613067627
590.0 97.11885452270508
591.0 96.30482196807861
592.0 96.54620289802551
593.0 96.48961424827576
594.0 96.159827709198
595.0 96.69128656387329
596.0 97.46108651161194
597.0 97.77261018753052
598.0 97.36014604568481
599.0 97.66998887062073
600.0 97.36772775650024
601.0 96.4311957359314
602.0 97.07936644554138
603.0 96.79943919181824
604.0 96.64923548698425
605.0 97.33696579933167
606.0 96.37770652770996
607.0 96.22995853424072
608.0 96.39436602592468
609.0 95.92597484588623
610.0 96.3665783405304
611.0 96.07056975364685
612.0 96.2475836277008
613.0 97.0581591129303
614.0 97.08649516105652
615.0 96.75781726837158
616.0 96.75757884979248
617.0 96.62113189697266
618.0 96.67556881904602
619.0 97.22021222114563
620.0 96.52858376502991
621.0 96.10839486122131
622.0 96.96727395057678
623.0 97.10226058959961
624.0 96.77716493606567
625.0 97.47021794319153
626.0 96.18697762489319
627.0 95.93464732170105
628.0 97.68073558807373
629.0 96.61784768104553
630.0 96.914541721344
631.0 96.39121890068054
632.0 97.50518798828125
633.0 96.71924710273743
634.0 96.0797131061554
635.0 96.65871262550354
636.0 96.2488055229187
637.0 96.14048600196838
638.0 95.36086320877075
639.0 95.96796035766602
640.0 95.79760432243347
641.0 96.07506394386292
642.0 96.62514925003052
643.0 96.87232375144958
644.0 96.81318402290344
645.0 96.73896431922913
646.0 96.54654860496521
647.0 97.6554274559021
648.0 96.72536849975586
649.0 95.96363306045532
650.0 96.59257531166077
651.0 97.34082221984863
652.0 96.9862163066864
653.0 95.96185684204102
654.0 97.06385135650635
655.0 97.10175395011902
656.0 96.41782641410828
657.0 96.23868465423584
658.0 96.5632438659668
659.0 96.38551473617554
660.0 95.99670767784119
661.0 95.68473696708679
662.0 96.16069793701172
663.0 96.32681012153625
664.0 95.73690891265869
665.0 95.65847516059875
666.0 95.74646949768066
667.0 95.98491191864014
668.0 95.49147486686707
669.0 95.7371473312378
670.0 95.90813517570496
671.0 95.63723802566528
672.0 95.54400444030762
673.0 95.41130661964417
674.0 94.89850997924805
675.0 95.50660252571106
676.0 94.79532241821289
677.0 93.21731328964233
678.0 92.16817617416382
679.0 90.67565202713013
680.0 89.11796808242798
681.0 87.14170455932617
682.0 83.90428423881531
683.0 80.54047226905823
684.0 76.16757154464722
685.0 72.01803922653198
686.0 67.76847243309021
687.0 62.857818603515625
688.0 58.59760642051697
689.0 54.289960861206055
690.0 49.75331127643585
691.0 45.619189739227295
692.0 40.55711030960083
693.0 35.54960787296295
694.0 29.643017053604126
695.0 23.876963555812836
696.0 18.11523288488388
697.0 13.206546008586884
698.0 8.585114777088165
699.0 5.524466186761856
700.0 3.4769248217344284
701.0 1.996815949678421
702.0 1.1584649793803692
703.0 0.7145590614527464
704.0 0.37795607931911945
705.0 0.2290043281391263
706.0 0.1926754368469119
707.0 0.18108978401869535
708.0 0.08897781954146922
709.0 0.11158533161506057
710.0 0.012725134729407728
711.0 0.0524026807397604
712.0 0.05790731520392001
713.0 0.05368582205846906
714.0 0.019272453209850937
715.0 0.0489892961923033
716.0 0.016752822557464242
717.0 0.022608510334976017
718.0 0.028679872048087418
719.0 2.690920836850852e-10
720.0 2.690920836850852e-10
721.0 0.0032844385714270175
722.0 0.0031310744816437364
723.0 0.002977710209961515
724.0 0.002849554584827274
725.0 0.0027213991415919736
726.0 0.0024794750061118975
727.0 0.002237550688732881
728.0 0.00214863357541617
729.0 0.002059716462099459
730.0 0.0019645467546069995
731.0 0.0018693772290134802
732.0 0.0018526101484894753
733.0 0.0018358430679654703
734.0 0.0017060485333786346
735.0 0.0015762541806907393
736.0 0.001509745925432071
737.0 0.0014432376701734029
738.0 0.001230366342497291
739.0 0.0010174951057706494
740.0 0.0011684543096635025
741.0 0.001319413695455296
742.0 0.0012125679859309457
743.0 0.0011057224583055358
744.0 0.001063504532794468
745.0 0.001021286880131811
746.0 0.0009831062016019132
747.0 0.0009449256140214857
748.0 0.0008303870345116593
749.0 0.0007158483640523627
750.0 0.0007465061116818106
751.0 0.0007771636774123181
752.0 0.0007988058314367663
753.0 0.0008204478945117444
754.0 0.00090158528109896
755.0 0.000982722849585116
756.0 0.0008880674613465089
757.0 0.0007934123459563125
758.0 0.0008229222657973878
759.0 0.0008524324584868737
760.0 0.0009310575478593819
761.0 0.0010096828191308305
762.0 0.0010529764949751552
763.0 0.0010962698979710694
764.0 0.0009312608199252281
765.0 0.0007662519237783272
766.0 0.0005759531632065773
767.0 0.00038565426621062215
768.0 0.0005312389021128183
769.0 0.0006768234470655443
770.0 0.0005704384420823772
771.0 0.0004640537099476205
772.0 0.00039436217775801197
773.0 0.0003246705773563008
774.0 0.0003317027676530415
775.0 0.00033873507163662
776.0 0.000416910688727512
777.0 0.0004950863967678742
778.0 0.0005490837338584242
779.0 0.0006030810254742391
780.0 0.0005355265329853864
781.0 0.00046797204049653374
782.0 0.00048109423005371355
783.0 0.0004942166924593039
784.0 0.0005032170065533137
785.0 0.0005122173206473235
786.0 0.0004901071406493429
787.0 0.0004679969606513623
788.0 0.0005353986125555821
789.0 0.0006028004463587422
790.0 0.0005101193892187439
791.0 0.00041743810470507015
792.0 0.0005422853973868769
793.0 0.0006671326900686836
794.0 0.0007515725428675069
795.0 0.000836012350191595
796.0 0.0007719250788795762
797.0 0.0007078378985170275
798.0 0.0007018995802354766
799.0 0.0006959612619539257
800.0 0.0006756082257197704
801.0 0.00065525514401088
802.0 0.0006079922513890779
803.0 0.0005607293587672757
804.0 0.0005192056505620712
805.0 0.00047768176045792643
806.0 0.0005710868663300062
807.0 0.0006644919267273508
808.0 0.0006872111043776385
809.0 0.0007099303275026614
810.0 0.0005367419362301007
811.0 0.0003635535904322751
812.0 0.0005479923856910318
813.0 0.0007324312718992587
814.0 0.0006986988864809973
815.0 0.0006649665010627359
816.0 0.0005438503194454825
817.0 0.000422734137828229
818.0 0.0002368481091252761
819.0 5.0962125897058286e-05
820.0 0.0002203279336754349
821.0 0.0003896938324032817
822.0 0.0003971662408730481
823.0 0.00040463864934281446
824.0 0.0003576392373361159
825.0 0.00031063991627888754
826.0 0.00033080668799811974
827.0 0.0003509734369799844
828.0 0.00035347552511666436
829.0 0.00035597756777860923
830.0 0.00022712331428920152
831.0 9.826907216847758e-05
832.0 0.00018616018451211858
833.0 0.0002740513309618109
834.0 0.0003675903144539916
835.0 0.00046112922973406967
836.0 0.0009646521903050598
837.0 0.0014681749235023744
838.0 0.002573482743173372
839.0 0.0036787911085411906
840.0 0.004745603655464947
841.0 0.005812415474792942
842.0 0.006622385262744501
843.0 0.007432351412717253
844.0 0.00724530837032944
845.0 0.007058266055537388
846.0 0.006660795770585537
847.0 0.006263326940825209
848.0 0.005409437289927155
849.0 0.004555548366624862
850.0 0.00400092794734519
851.0 0.003446307164267637
852.0 0.0029061913664918393
853.0 0.002366075204918161
854.0 0.001975074155780021
855.0 0.0015840731066418812
856.0 0.0012648321899177972
857.0 0.0009455910912947729
858.0 0.0007620825726917246
859.0 0.0005785740540886763
860.0 0.0004515829004958505
861.0 0.0003245917923777597
862.0 0.00030298226647573756
863.0 0.0002813727860484505
864.0 0.0003177008920829394
865.0 0.00035402904359216336
866.0 0.0002451738282616134
867.0 0.00013631859019369585
868.0 6.0591702322199126e-05
869.0 2.690920836850852e-10
870.0 5.308016284288897e-05
871.0 0.00012129549986639176
872.0 9.912104133036337e-05
873.0 7.694661690038629e-05
874.0 0.00011884410469065187
875.0 0.00016074159248091746
876.0 0.00011765617955461494
877.0 7.457078368133807e-05
878.0 9.997592087529483e-05
879.0 0.0001253810523849097
880.0 0.00012654556940105977
881.0 0.00012771012052326114
882.0 0.00010646408554748632
883.0 8.521806762473716e-05
884.0 0.0001474756686548062
885.0 0.0002097333435813198
886.0 0.0003067870238737669
887.0 0.00040384074964094907
888.0 0.0002879732164728921
889.0 0.0001721056833048351
890.0 0.0002490938413757249
891.0 0.00032608204492134973
892.0 0.0003566246959962882
893.0 0.0003871673470712267
894.0 0.0002551961870267405
895.0 0.0001232250497196219
896.0 3.558527907898679e-05
897.0 2.690920836850852e-10
898.0 5.949656838311057e-05
899.0 0.00017104757716879249
900.0 0.0002028038352364092
901.0 0.0002345600705666584
