lsstCam/transmission_filter_detector/r20_s01/y_10/19700101T000000.ecsv
# %ECSV 1.0
# ---
# datatype:
# - {name: wavelength, unit: nm, datatype: float32}
# - {name: efficiency, unit: '%', datatype: float64}
# meta: !!omap
# - {MODE: DETECTOR}
# - {TYPE: transmission_filter_detector}
# - {CALIBDATE: '1970-01-01T00:00:00'}
# - {INSTRUME: LSSTCam}
# - {OBSTYPE: transmission_filter_detector}
# - {CALIBCLS: lsst.ip.isr.IntermediateFilterDetectorTransmissionCurve}
# - {SOURCE: Materion (DM-46256)}
# - {DETECTOR: 73}
# - {FILTER: y_10}
# - {CALIB_ID: 'calibDate=1970-01-01T00:00:00 filter=y_10 detector=73'}
# - {DATE: '2025-04-02T15:59:51.079963'}
# - {CALIB_CREATION_DATE: '2025-04-02'}
# - {CALIB_CREATION_TIME: '15:59:51'}
# - __serialized_columns__:
#     efficiency:
#       __class__: astropy.units.quantity.Quantity
#       unit: !astropy.units.Unit {unit: '%'}
#       value: !astropy.table.SerializedColumn {name: efficiency}
#     wavelength:
#       __class__: astropy.units.quantity.Quantity
#       unit: !astropy.units.Unit {unit: nm}
#       value: !astropy.table.SerializedColumn {name: wavelength}
# schema: astropy-2.0
wavelength efficiency
300.0 0.49530426040291786
301.0 0.26571466587483883
302.0 0.03612504224292934
303.0 0.033760356018319726
304.0 0.03139566979371011
305.0 0.02067085588350892
306.0 0.009946036880137399
307.0 0.017625214240979403
308.0 0.025304389419034123
309.0 0.01700359134702012
310.0 0.008702794002601877
311.0 0.0071692549681756645
312.0 0.005635714478557929
313.0 0.006505045166704804
314.0 0.007374374399660155
315.0 0.0065986016124952585
316.0 0.005822831735713407
317.0 0.006009468779666349
318.0 0.0061961029132362455
319.0 0.0031104369554668665
320.0 2.47700683075891e-05
321.0 0.002312765172973741
322.0 0.004600760803441517
323.0 0.003598975672503002
324.0 0.0025971912691602483
325.0 0.0011251036994508468
326.0 1.644547453945322e-10
327.0 0.00043189252210140694
328.0 0.0012107692782592494
329.0 0.003010290856764186
330.0 0.004809812526218593
331.0 0.004013031502836384
332.0 0.0032162504794541746
333.0 0.002378205863351468
334.0 0.001540160519653
335.0 0.0021965128325973637
336.0 0.002852865327440668
337.0 0.0028344158636173233
338.0 0.002815966035996098
339.0 0.0013250455594970845
340.0 1.644547453945322e-10
341.0 1.644547453945322e-10
342.0 1.644547453945322e-10
343.0 0.00032035698040999705
344.0 0.0011274640201008879
345.0 0.0010214943358732853
346.0 0.0009155251973425038
347.0 0.001404312570230104
348.0 0.0018930995793198235
349.0 0.0016656978914397769
350.0 0.0014382957488123793
351.0 0.0016134699762915261
352.0 0.0017886439309222624
353.0 0.0015655696188332513
354.0 0.0013424953976937104
355.0 0.0013790049706585705
356.0 0.0014155142707750201
357.0 0.0010899340850301087
358.0 0.0007643538083357271
359.0 0.0010201668374065775
360.0 0.0012759799574268982
361.0 0.001387468000757508
362.0 0.0014989559531386476
363.0 0.0012379972758935764
364.0 0.0009770381439011544
365.0 0.0013119124560034834
366.0 0.0016467873138026334
367.0 0.002025724279519636
368.0 0.0024046614271355793
369.0 0.0020568024410749786
370.0 0.0017089438188122585
371.0 0.0016932728613028303
372.0 0.001677601903793402
373.0 0.0020416318875504658
374.0 0.0024056622351054102
375.0 0.0033197240554727614
376.0 0.004233785512042232
377.0 0.004178518065600656
378.0 0.004123250982956961
379.0 0.00371475143765565
380.0 0.0033062518923543394
381.0 0.002266307274112478
382.0 0.0012263626558706164
383.0 0.0011542341781023424
384.0 0.001082105518435128
385.0 0.0008953461474447977
386.0 0.0007085867764544673
387.0 0.0007568781256850343
388.0 0.0008051696568145417
389.0 0.0006920164196344558
390.0 0.0005788632734038401
391.0 0.0005419274657469941
392.0 0.0005049916580901481
393.0 0.0005764486104453681
394.0 0.0006479056537500583
395.0 0.0006574178314622259
396.0 0.0006669300546491286
397.0 0.0008510452062182594
398.0 0.0010351603123126552
399.0 0.0012524246812972706
400.0 0.0014696891412313562
401.0 0.0015811114280950278
402.0 0.0016925336240092292
403.0 0.0017859720173873939
404.0 0.0018794102288666181
405.0 0.001817333213693928
406.0 0.0017552563804201782
407.0 0.0015087605788721703
408.0 0.0012622651411220431
409.0 0.0010347820534661878
410.0 0.0008072987839113921
411.0 0.000456646375823766
412.0 0.00010599399047350744
413.0 0.000773319789004745
414.0 0.0014406454283744097
415.0 0.0016533973393961787
416.0 0.0018661496142158285
417.0 0.0008094619261100888
418.0 1.644547453945322e-10
419.0 1.644547453945322e-10
420.0 1.644547453945322e-10
421.0 1.644547453945322e-10
422.0 0.00048511305976717267
423.0 0.000757415045882226
424.0 0.0010297167136741336
425.0 0.0002378164253968862
426.0 1.644547453945322e-10
427.0 0.00015445386907231295
428.0 0.0008629916919744574
429.0 6.774660619157657e-05
430.0 1.644547453945322e-10
431.0 0.00021445489437610377
432.0 0.0011564085980353411
433.0 0.000607126912655076
434.0 5.784584686807648e-05
435.0 1.644547453945322e-10
436.0 1.644547453945322e-10
437.0 1.644547453945322e-10
438.0 1.644547453945322e-10
439.0 1.644547453945322e-10
440.0 1.644547453945322e-10
441.0 1.644547453945322e-10
442.0 1.644547453945322e-10
443.0 1.644547453945322e-10
444.0 1.2122181658469344e-05
445.0 8.632957815279951e-05
446.0 0.00016053691069828346
447.0 0.00041092907849815674
448.0 0.0006613212008232949
449.0 0.0007688843652431387
450.0 0.0008764473022893071
451.0 0.0002705494125621044
452.0 1.644547453945322e-10
453.0 1.644547453945322e-10
454.0 1.644547453945322e-10
455.0 1.644547453945322e-10
456.0 1.644547453945322e-10
457.0 1.644547453945322e-10
458.0 1.644547453945322e-10
459.0 1.644547453945322e-10
460.0 0.00020493939700827468
461.0 0.0003640674549387768
462.0 0.0005231955128692789
463.0 0.0004144675131101394
464.0 0.00030573962703783764
465.0 0.00035381362977204844
466.0 0.000401887746193097
467.0 0.0010523754099267535
468.0 0.0017028627553372644
469.0 0.0016235695511568338
470.0 0.0015442756193806417
471.0 0.0016085476090665907
472.0 0.001672819234954659
473.0 0.002262392263219226
474.0 0.0028519652914837934
475.0 0.0027694759410223924
476.0 0.0026869865905609913
477.0 0.0030049652195884846
478.0 0.0033229440305149183
479.0 0.0038498645153595135
480.0 0.004376785000204109
481.0 0.004430084300111048
482.0 0.0044833832362201065
483.0 0.0039338574424618855
484.0 0.003384330921107903
485.0 0.0035485601983964443
486.0 0.0037127894756849855
487.0 0.003181900319759734
488.0 0.002651010436238721
489.0 0.0023119853722164407
490.0 0.001972960490093101
491.0 0.0016675630831741728
492.0 0.0013621654034068342
493.0 0.0011009033187292516
494.0 0.0008396415069000795
495.0 0.0010763187674456276
496.0 0.0013129961189406458
497.0 0.0018619968614075333
498.0 0.0024109978767228313
499.0 0.002411909372312948
500.0 0.002412820867903065
501.0 0.0023641472580493428
502.0 0.002315473830094561
503.0 0.0024759379812167026
504.0 0.0026364017685409635
505.0 0.0031111823773244396
506.0 0.0035859629861079156
507.0 0.0026630907086655498
508.0 0.0017402178855263628
509.0 0.001813293420127593
510.0 0.0018863685909309424
511.0 0.0019070417693001218
512.0 0.0019277149476693012
513.0 0.0018260991055285558
514.0 0.0017244836271856911
515.0 0.001582991171744652
516.0 0.001441498716303613
517.0 0.0014306691809906624
518.0 0.001419839281879831
519.0 0.0014666202332591638
520.0 0.0015134010027395561
521.0 0.0015842353604966775
522.0 0.001655069354455918
523.0 0.0016457581295981072
524.0 0.001636446722841356
525.0 0.002089837653329596
526.0 0.0025432289476157166
527.0 0.002475446672178805
528.0 0.002407664760539774
529.0 0.0025801000447245315
530.0 0.0027525349651114084
531.0 0.0025126664695562795
532.0 0.00227279761020327
533.0 0.0024439736080239527
534.0 0.0026151490601478145
535.0 0.0022275373339653015
536.0 0.0018399252439849079
537.0 0.002296129605383612
538.0 0.002752333784883376
539.0 0.003418106643948704
540.0 0.0040838793211150914
541.0 0.004124226688873023
542.0 0.004164574056630954
543.0 0.004290265133022331
544.0 0.0044159558456158265
545.0 0.004736298797070049
546.0 0.005056641748524271
547.0 0.004303472087485716
548.0 0.00355030206264928
549.0 0.002974397466459777
550.0 0.0023984926883713342
551.0 0.002441261131025385
552.0 0.0024840293917804956
553.0 0.0029931699828011915
554.0 0.003502309846226126
555.0 0.00382486468879506
556.0 0.004147420258959755
557.0 0.003735195059562102
558.0 0.0033229698601644486
559.0 0.00325102882925421
560.0 0.003179088162141852
561.0 0.003459188519627787
562.0 0.0037392885133158416
563.0 0.0035355718864593655
564.0 0.0033318552596028894
565.0 0.003917342837667093
566.0 0.004502830779529177
567.0 0.004558320506475866
568.0 0.004613810233422555
569.0 0.005356814654078335
570.0 0.006099819074734114
571.0 0.006175119779072702
572.0 0.0062504208472091705
573.0 0.006585153460036963
574.0 0.006919886072864756
575.0 0.0066655986302066594
576.0 0.006411311915144324
577.0 0.005715945735573769
578.0 0.005020580283598974
579.0 0.005718413012800738
580.0 0.006416245742002502
581.0 0.007258649566210806
582.0 0.00810105339041911
583.0 0.008713598072063178
584.0 0.009326141298515722
585.0 0.009830549242906272
586.0 0.010334957914892584
587.0 0.010194792412221432
588.0 0.010054623271571472
589.0 0.010291198850609362
590.0 0.010527775157243013
591.0 0.00987344974419102
592.0 0.009219123603543267
593.0 0.007436621672241017
594.0 0.0056541226513218135
595.0 0.005642593168886378
596.0 0.005631064414046705
597.0 0.006098318044678308
598.0 0.006565571675309911
599.0 0.007578595977975056
600.0 0.008591618825448677
601.0 0.008971645729616284
602.0 0.009351669723400846
603.0 0.010402023326605558
604.0 0.011452379112597555
605.0 0.011353516310919076
606.0 0.01125465496443212
607.0 0.009765653521753848
608.0 0.008276652806671336
609.0 0.006582742935279384
610.0 0.004888834519078955
611.0 0.003983743226854131
612.0 0.003078651934629306
613.0 0.003591513814171776
614.0 0.0041043753299163654
615.0 0.004808571611647494
616.0 0.005512768984772265
617.0 0.00680435259710066
618.0 0.008095935481833294
619.0 0.009241130464943126
620.0 0.01038632690324448
621.0 0.011190238001290709
622.0 0.011994148371741176
623.0 0.012065155897289515
624.0 0.01213616124005057
625.0 0.010568652942311019
626.0 0.009001141734188423
627.0 0.00719795934855938
628.0 0.005394775507738814
629.0 0.004424148937687278
630.0 0.003453522367635742
631.0 0.002848673830158077
632.0 0.0022438252926804125
633.0 0.002560357461334206
634.0 0.0028768899937858805
635.0 0.003123592250631191
636.0 0.0033702937798807397
637.0 0.004051388896186836
638.0 0.004732483648695052
639.0 0.0048139198042918
640.0 0.004895355232292786
641.0 0.005342080112313852
642.0 0.005788804992334917
643.0 0.005554176095756702
644.0 0.005319547199178487
645.0 0.00493490879307501
646.0 0.004550270386971533
647.0 0.0036962879676138982
648.0 0.002842305912054144
649.0 0.0020591063730535097
650.0 0.0012759067431034055
651.0 0.0015192237697192468
652.0 0.0017625408872845583
653.0 0.0016858242815942504
654.0 0.001609107494005002
655.0 0.0016780220903456211
656.0 0.0017469368685851805
657.0 0.001568931111251004
658.0 0.0013909253539168276
659.0 0.001611645166121889
660.0 0.0018323647964280099
661.0 0.0017851642041932791
662.0 0.0017379636119585484
663.0 0.002490845690772403
664.0 0.0032437281333841383
665.0 0.00365962041541934
666.0 0.004075512697454542
667.0 0.004673472722060978
668.0 0.0052714320190716535
669.0 0.005369594509829767
670.0 0.005467753726406954
671.0 0.006205346289789304
672.0 0.006942938489373773
673.0 0.007922370423329994
674.0 0.008901803084881976
675.0 0.00830056014820002
676.0 0.007699320849496871
677.0 0.006179719639476389
678.0 0.004660117701860145
679.0 0.0030840601539239287
680.0 0.0015080029697855935
681.0 0.0006637103524553822
682.0 1.644547453945322e-10
683.0 0.00015462877627214766
684.0 0.0004898399765806971
685.0 0.0003332532060085214
686.0 0.00017666634448687546
687.0 0.0002167628053939552
688.0 0.00025685926630103495
689.0 0.00025247027224395424
690.0 0.0002480813009242411
691.0 0.0003722383780768723
692.0 0.0004963954779668711
693.0 0.00048194806367973797
694.0 0.0004675006948673399
695.0 0.0004962190814694623
696.0 0.0005249375590210548
697.0 0.00047715338951093145
698.0 0.00042936912905133795
699.0 0.00041402922761335503
700.0 0.0003986890988016967
701.0 0.00026252882889821194
702.0 0.00012636863857551361
703.0 0.00024515697987226304
704.0 0.0003639453552750638
705.0 0.00041815706026682165
706.0 0.00047236862883437425
707.0 0.00018245387991555617
708.0 1.644547453945322e-10
709.0 4.582747124004527e-05
710.0 0.00019911583422072
711.0 0.0003219809741494828
712.0 0.00044484613681561314
713.0 0.000362400101039384
714.0 0.00027995408800052246
715.0 0.00033498135962872766
716.0 0.0003900086085195653
717.0 0.000147100047342974
718.0 1.644547453945322e-10
719.0 0.00014279441984399455
720.0 0.000381397126147931
721.0 0.0002961437758131069
722.0 0.00021089042547828285
723.0 0.00039076712710084394
724.0 0.0005706437605113024
725.0 0.00048245515245071147
726.0 0.0003942666353395907
727.0 0.000242625355895143
728.0 9.098437772081525e-05
729.0 0.00020522579688986298
730.0 0.0003194674263795605
731.0 0.0006068478796805721
732.0 0.0008942286513047293
733.0 0.0002973686378027196
734.0 1.644547453945322e-10
735.0 1.644547453945322e-10
736.0 1.644547453945322e-10
737.0 0.0004774623903358588
738.0 0.0009577282980899327
739.0 0.0007014255970716476
740.0 0.000445122577730217
741.0 0.0003351345185365062
742.0 0.00022514645934279542
743.0 1.644547453945322e-10
744.0 1.644547453945322e-10
745.0 0.00012152773933848948
746.0 0.0005931857231189497
747.0 0.0003187991978848004
748.0 4.44126413867707e-05
749.0 1.644547453945322e-10
750.0 1.644547453945322e-10
751.0 5.323759637576586e-05
752.0 0.00016222185195147176
753.0 0.00041804050852078944
754.0 0.0006738591764587909
755.0 1.644547453945322e-10
756.0 1.644547453945322e-10
757.0 1.644547453945322e-10
758.0 1.644547453945322e-10
759.0 0.00012252775150045636
760.0 0.0006423117611120688
761.0 0.0004498585894907592
762.0 0.00025740539513208205
763.0 3.662087522116053e-05
764.0 1.644547453945322e-10
765.0 5.0773257953551365e-05
766.0 0.0002857100525943679
767.0 1.644547453945322e-10
768.0 1.644547453945322e-10
769.0 1.644547453945322e-10
770.0 1.644547453945322e-10
771.0 1.644547453945322e-10
772.0 1.644547453945322e-10
773.0 0.00011689617167576216
774.0 0.0006785570803913288
775.0 0.00045563392632175237
776.0 0.00023271068130270578
777.0 0.00026063451059599174
778.0 0.00028855836262664525
779.0 0.00041769358176679816
780.0 0.0005468287781695835
781.0 0.0005572670943365665
782.0 0.0005677053650288144
783.0 0.0005056175723439083
784.0 0.0004435298251337372
785.0 0.00021383277726272354
786.0 1.644547453945322e-10
787.0 0.0003838749307760736
788.0 0.0007836142685846426
789.0 0.000710560107108904
790.0 0.0006375059911079006
791.0 0.0005324970516085159
792.0 0.000427488021159661
793.0 0.0005218939804763068
794.0 0.0006162997124192771
795.0 0.0006694323019473813
796.0 0.0007225647095765453
797.0 0.0004849571269005537
798.0 0.0002473496351740323
799.0 0.0006281083187786862
800.0 0.0010088670933328103
801.0 0.0005290035915095359
802.0 4.9140197688757326e-05
803.0 0.00031750312246003887
804.0 0.000585866018809611
805.0 0.0008192173481802456
806.0 0.0010525686775508802
807.0 0.0006952328021725407
808.0 0.00033789692679420114
809.0 0.0001865776994236512
810.0 3.5258452157904685e-05
811.0 0.00038108382796053775
812.0 0.0007269091838679742
813.0 0.0009419551133760251
814.0 0.001157001042884076
815.0 0.001167847131000599
816.0 0.0011786927643697709
817.0 0.000978335810941644
818.0 0.000777978766564047
819.0 0.0007859352990635671
820.0 0.000793891740613617
821.0 0.0007390128757833736
822.0 0.0006841340109531302
823.0 0.0005360090653994121
824.0 0.0003878842107951641
825.0 0.0005122529273648979
826.0 0.0006366215984598966
827.0 0.0006998876870056847
828.0 0.0007631538210262079
829.0 0.0004105310836166609
830.0 5.790831210106262e-05
831.0 6.980939701861644e-05
832.0 8.171064678208495e-05
833.0 0.0004014450951217441
834.0 0.0007211794127215398
835.0 0.00019183819404133828
836.0 1.644547453945322e-10
837.0 1.644547453945322e-10
838.0 0.00013617103604701697
839.0 0.0004552056907414226
840.0 0.0007742403795418795
841.0 0.0010634790669428185
842.0 0.0013527178452932276
843.0 0.0010070264579553623
844.0 0.0006613346613448812
845.0 0.000581771337238024
846.0 0.0005022078767069615
847.0 0.00090041057774215
848.0 0.0012986132787773386
849.0 0.0009689895705378149
850.0 0.0006393655894498806
851.0 0.0009349488209409174
852.0 0.001230531961482484
853.0 0.0004602226908900775
854.0 1.644547453945322e-10
855.0 1.644547453945322e-10
856.0 1.644547453945322e-10
857.0 0.0005028422492614482
858.0 0.0014827705854258966
859.0 0.0011860112863359973
860.0 0.0008892518053471576
861.0 0.0012063417671015486
862.0 0.0015234320017043501
863.0 0.0017148842744063586
864.0 0.0019063363652094267
865.0 0.0020368290279293433
866.0 0.0021673218725482
867.0 0.0029113665732438676
868.0 0.0036554109101416543
869.0 0.003188412301824428
870.0 0.0027214135116082616
871.0 0.003228071000194177
872.0 0.003734728306881152
873.0 0.002755273089860566
874.0 0.0017758178728399798
875.0 0.0025094223019550554
876.0 0.0032430263672722504
