lsstCam/transmission_filter_detector/r20_s01/y_10/19700101T000000.ecsv
# %ECSV 1.0
# ---
# datatype:
# - {name: wavelength, unit: nm, datatype: float32}
# - {name: efficiency, unit: '%', datatype: float64}
# meta: !!omap
# - {MODE: DETECTOR}
# - {TYPE: transmission_filter_detector}
# - {CALIBDATE: '1970-01-01T00:00:00'}
# - {INSTRUME: LSSTCam}
# - {OBSTYPE: transmission_filter_detector}
# - {CALIBCLS: lsst.ip.isr.IntermediateFilterDetectorTransmissionCurve}
# - {SOURCE: Materion (DM-46256)}
# - {DETECTOR: 73}
# - {FILTER: y_10}
# - {CALIB_ID: 'calibDate=1970-01-01T00:00:00 filter=y_10 detector=73'}
# - {DATE: '2025-04-02T15:59:51.079963'}
# - {CALIB_CREATION_DATE: '2025-04-02'}
# - {CALIB_CREATION_TIME: '15:59:51'}
# - __serialized_columns__:
#     efficiency:
#       __class__: astropy.units.quantity.Quantity
#       unit: !astropy.units.Unit {unit: '%'}
#       value: !astropy.table.SerializedColumn {name: efficiency}
#     wavelength:
#       __class__: astropy.units.quantity.Quantity
#       unit: !astropy.units.Unit {unit: nm}
#       value: !astropy.table.SerializedColumn {name: wavelength}
# schema: astropy-2.0
wavelength efficiency
[from data line 578]
878.0 0.0009987197699956596
879.0 0.001701774999673944
880.0 0.05969027406536043
881.0 0.08831439772620797
882.0 0.06199500057846308
883.0 0.09880898287519813
884.0 0.07067322148941457
885.0 0.08469782187603414
886.0 0.07390024256892502
887.0 0.09147683158516884
888.0 0.07714124512858689
889.0 0.09145456715486944
890.0 0.0689739128574729
891.0 0.09766364237293601
892.0 0.07453924627043307
893.0 0.10065567912533879
894.0 0.062320270808413625
895.0 0.10501197539269924
896.0 0.06825041491538286
897.0 0.11553759686648846
898.0 0.07830792455933988
899.0 0.11629826622083783
900.0 0.09065545746125281
901.0 0.11914069764316082
902.0 0.14086987357586622
903.0 0.14909380115568638
904.0 0.17356547759845853
905.0 0.1840032055042684
906.0 0.22655022330582142
907.0 0.27479922864586115
908.0 0.3650131868198514
909.0 0.4654771648347378
910.0 0.6465006154030561
911.0 0.8724586106836796
912.0 1.285602618008852
913.0 1.9225286319851875
914.0 2.7261964976787567
915.0 3.992002457380295
916.0 5.596907064318657
917.0 7.470402121543884
918.0 9.762594848871231
919.0 12.02475056052208
920.0 15.179358422756195
921.0 18.443284928798676
922.0 21.56049609184265
923.0 25.17084777355194
924.0 29.12307381629944
925.0 33.50259065628052
926.0 39.01795446872711
927.0 45.1321542263031
928.0 50.74130892753601
929.0 57.03105926513672
930.0 62.93383836746216
931.0 69.00516748428345
932.0 74.84155297279358
933.0 80.21128177642822
934.0 84.37115550041199
935.0 87.64393925666809
936.0 90.36726355552673
937.0 92.43134260177612
938.0 93.89093518257141
939.0 94.76120471954346
940.0 95.35877704620361
941.0 95.7542896270752
942.0 96.09541893005371
943.0 96.26508951187134
944.0 96.70124053955078
945.0 96.78481221199036
946.0 96.96177244186401
947.0 97.07322716712952
948.0 97.16516733169556
949.0 97.159343957901
950.0 97.22313284873962
951.0 97.19846844673157
952.0 97.2072958946228
953.0 97.37271666526794
954.0 97.4317193031311
955.0 97.45944738388062
956.0 97.73222208023071
957.0 97.90987968444824
958.0 98.05554151535034
959.0 98.19194674491882
960.0 98.33299517631531
961.0 98.44836592674255
962.0 98.52144122123718
963.0 98.57921004295349
964.0 98.66980910301208
965.0 98.7347662448883
966.0 98.76686334609985
967.0 98.86149764060974
968.0 98.83801937103271
969.0 98.8540530204773
970.0 98.88550639152527
971.0 98.9035427570343
972.0 99.01158213615417
973.0 99.05422925949097
974.0 99.07068610191345
975.0 99.04497861862183
976.0 99.1129457950592
977.0 99.11165237426758
978.0 99.14621114730835
979.0 99.11824464797974
980.0 99.10142421722412
981.0 99.01204705238342
982.0 98.9825427532196
983.0 99.01089668273926
984.0 98.92681241035461
985.0 98.95749688148499
986.0 98.82544279098511
987.0 98.89870285987854
988.0 98.75679016113281
989.0 98.74256253242493
990.0 98.70750904083252
991.0 98.69324564933777
992.0 98.7626314163208
993.0 98.69374632835388
994.0 98.66267442703247
995.0 98.66712689399719
996.0 98.6680805683136
997.0 98.77433776855469
998.0 98.82342219352722
999.0 98.84143471717834
1000.0 98.89274835586548
1001.0 98.86346459388733
1002.0 99.00005459785461
1003.0 99.02451634407043
1004.0 99.10029172897339
1005.0 99.04486536979675
1006.0 99.19863939285278
1007.0 99.17661547660828
1008.0 99.1568922996521
1009.0 99.14782047271729
1010.0 99.16219115257263
1011.0 99.14968013763428
1012.0 99.08590316772461
1013.0 99.07506108283997
1014.0 99.03261065483093
1015.0 98.9969551563263
1016.0 98.99349212646484
1017.0 98.99362325668335
1018.0 99.004465341568
1019.0 98.9071786403656
1020.0 98.99352192878723
1021.0 99.0788221359253
1022.0 98.98189902305603
1023.0 99.0101158618927
1024.0 98.97735714912415
1025.0 98.96747469902039
1026.0 98.99791479110718
1027.0 99.12139177322388
1028.0 99.10264015197754
1029.0 99.17218089103699
1030.0 99.12254810333252
1031.0 99.13660883903503
1032.0 99.17012453079224
1033.0 99.18660521507263
1034.0 99.20433759689331
1035.0 99.26543831825256
1036.0 99.18147325515747
1037.0 99.24026727676392
1038.0 99.13878440856934
1039.0 99.05478358268738
1040.0 98.99165630340576
1041.0 99.11096692085266
1042.0 99.073326587677
1043.0 99.04010891914368
1044.0 99.09818768501282
1045.0 98.80502223968506
1046.0 98.95136952400208
1047.0 98.90452027320862
1048.0 98.89835119247437
1049.0 98.8131582736969
1050.0 98.8158643245697
1051.0 98.80993962287903
1052.0 98.83500337600708
1053.0 98.66957664489746
1054.0 98.84296655654907
1055.0 98.98432493209839
1056.0 98.83373975753784
1057.0 98.91777634620667
1058.0 98.78576993942261
1059.0 98.84849190711975
1060.0 98.9642083644867
1061.0 98.88707995414734
1062.0 98.91372323036194
1063.0 98.91137480735779
1064.0 99.07925724983215
1065.0 98.98790121078491
1066.0 98.88187050819397
1067.0 99.05393719673157
1068.0 98.91446232795715
1069.0 98.77146482467651
1070.0 99.21706318855286
1071.0 99.01346564292908
1072.0 99.03470873832703
1073.0 99.0801990032196
1074.0 98.80895614624023
1075.0 98.84628057479858
1076.0 98.46974015235901
1077.0 98.96163940429688
1078.0 99.04279112815857
1079.0 98.69030714035034
1080.0 99.43405985832214
1081.0 98.5996425151825
1082.0 98.78183007240295
1083.0 98.48423600196838
1084.0 98.91550540924072
1085.0 99.00226593017578
1086.0 98.61632585525513
1087.0 98.78867268562317
1088.0 98.64248633384705
1089.0 98.6732542514801
1090.0 98.69164228439331
1091.0 98.77802729606628
1092.0 98.77899885177612
1093.0 98.60556125640869
1094.0 98.39836359024048
1095.0 98.43748807907104
1096.0 98.62439632415771
1097.0 98.6465573310852
1098.0 97.71307110786438
1099.0 98.43602776527405
1100.0 98.22194576263428
