lsstCam/transmission_filter_detector/r41_s21/i_39/19700101T000000.ecsv
# %ECSV 1.0
# ---
# datatype:
# - {name: wavelength, unit: nm, datatype: float32}
# - {name: efficiency, unit: '%', datatype: float64}
# meta: !!omap
# - {MODE: DETECTOR}
# - {TYPE: transmission_filter_detector}
# - {CALIBDATE: '1970-01-01T00:00:00'}
# - {INSTRUME: LSSTCam}
# - {OBSTYPE: transmission_filter_detector}
# - {CALIBCLS: lsst.ip.isr.IntermediateFilterDetectorTransmissionCurve}
# - {SOURCE: Materion (DM-46256)}
# - {DETECTOR: 169}
# - {FILTER: i_39}
# - {CALIB_ID: 'calibDate=1970-01-01T00:00:00 filter=i_39 detector=169'}
# - {DATE: '2025-04-02T15:59:47.261846'}
# - {CALIB_CREATION_DATE: '2025-04-02'}
# - {CALIB_CREATION_TIME: '15:59:47'}
# - __serialized_columns__:
#     efficiency:
#       __class__: astropy.units.quantity.Quantity
#       unit: !astropy.units.Unit {unit: '%'}
#       value: !astropy.table.SerializedColumn {name: efficiency}
#     wavelength:
#       __class__: astropy.units.quantity.Quantity
#       unit: !astropy.units.Unit {unit: nm}
#       value: !astropy.table.SerializedColumn {name: wavelength}
# schema: astropy-2.0
wavelength efficiency
300.0 0.07903942023403943
301.0 0.041356979636475444
302.0 0.003674545223475434
303.0 0.0033475713280495256
304.0 0.0030205943403416313
305.0 1.9519431643938434e-10
306.0 1.9519431643938434e-10
307.0 1.9519431643938434e-10
308.0 0.006088189547881484
309.0 1.9519431643938434e-10
310.0 1.9519431643938434e-10
311.0 1.9519431643938434e-10
312.0 1.9519431643938434e-10
313.0 1.9519431643938434e-10
314.0 0.0011671502761601005
315.0 0.006574947474291548
316.0 0.011982744035776705
317.0 0.008021246321732178
318.0 0.004059747880091891
319.0 0.0009811629752221052
320.0 1.9519431643938434e-10
321.0 1.9519431643938434e-10
322.0 0.0015124644050956704
323.0 0.00372264112229459
324.0 0.005932819112786092
325.0 0.0032591840863460675
326.0 0.0005855496510775993
327.0 0.0011728241588571109
328.0 0.0017600979845155962
329.0 1.9519431643938434e-10
330.0 1.9519431643938434e-10
331.0 0.00016738156318751862
332.0 0.0028139440473751165
333.0 0.0005534210686164442
334.0 1.9519431643938434e-10
335.0 1.9519431643938434e-10
336.0 1.9519431643938434e-10
337.0 0.0006463327281380771
338.0 0.0016380132365156896
339.0 0.00029292477847775444
340.0 1.9519431643938434e-10
341.0 0.00022598853774979943
342.0 0.0015041405276861042
343.0 0.0014501857549475972
344.0 0.0013962308003101498
345.0 1.9519431643938434e-10
346.0 1.9519431643938434e-10
347.0 1.9519431643938434e-10
348.0 1.9519431643938434e-10
349.0 0.00059379376580182
350.0 0.0012680558029387612
351.0 0.0010666602975106798
352.0 0.000865265064931009
353.0 0.00100677389127668
354.0 0.001148282717622351
355.0 0.0016825741113279946
356.0 0.0022168655050336383
357.0 0.0011767567229981069
358.0 0.00013664790685652406
359.0 1.9519431643938434e-10
360.0 1.9519431643938434e-10
361.0 1.9519431643938434e-10
362.0 0.000610252527621924
363.0 0.0007828750312910415
364.0 0.0009554976713843644
365.0 0.0005932168733124854
366.0 0.0002309360525032389
367.0 0.00010451485650264658
368.0 1.9519431643938434e-10
369.0 1.9519431643938434e-10
370.0 1.9519431643938434e-10
371.0 1.9519431643938434e-10
372.0 0.000340596466230636
373.0 0.0003237950750190066
374.0 0.0003069937065447448
375.0 0.0005548998160520568
376.0 0.000802805971034104
377.0 0.000608807977187098
378.0 0.0004148099378653569
379.0 0.00010091885087604169
380.0 1.9519431643938434e-10
381.0 1.9519431643938434e-10
382.0 1.9519431643938434e-10
383.0 1.9519431643938434e-10
384.0 1.9519431643938434e-10
385.0 6.161938586046745e-05
386.0 0.0005168817097001011
387.0 0.00025856336378637934
388.0 2.449014102623437e-07
389.0 1.9519431643938434e-10
390.0 1.9519431643938434e-10
391.0 1.9519431643938434e-10
392.0 0.00018039172573480755
393.0 0.0007620393262186553
394.0 0.0013436865629046224
395.0 0.001123420133808395
396.0 0.0009031534318637569
397.0 0.001435866579413414
398.0 0.0019685798179125413
399.0 0.002328373921045568
400.0 0.0026881682060775347
401.0 0.004859330510953441
402.0 0.007030492997728288
403.0 0.0047515288315480575
404.0 0.0024725655748625286
405.0 0.0005934860837442102
406.0 1.9519431643938434e-10
407.0 1.9519431643938434e-10
408.0 0.00040417799027636647
409.0 0.00299004004773451
410.0 0.005575902105192654
411.0 0.005236323340795934
412.0 0.004896743848803453
413.0 0.005019399031880312
414.0 0.005142053487361409
415.0 0.005444663111120462
416.0 0.0057472709158901125
417.0 0.005867844811291434
418.0 0.005988419070490636
419.0 0.005380856237025
420.0 0.004773294858750887
421.0 0.004909189374302514
422.0 0.005045084981247783
423.0 0.005015706119593233
424.0 0.004986326166545041
425.0 0.004830043690162711
426.0 0.004673761213780381
427.0 0.003846680192509666
428.0 0.003019599898834713
429.0 0.0034267119190189987
430.0 0.0038338243030011654
431.0 0.004763891047332436
432.0 0.005693957791663706
433.0 0.004935290417051874
434.0 0.004176623042440042
435.0 0.002904120265156962
436.0 0.0016316180335707031
437.0 0.0010587915312498808
438.0 0.0004859649834543234
439.0 0.0007642430318810511
440.0 0.0010425209438835736
441.0 0.000966831976256799
442.0 0.0008911429176805541
443.0 0.0008437872565991711
444.0 0.0007964315045683179
445.0 0.0008614944817963988
446.0 0.0009265575499739498
447.0 0.0003828844455711078
448.0 1.9519431643938434e-10
449.0 0.0002547236135796993
450.0 0.0006702361588395434
451.0 0.0003498357273201691
452.0 2.943526169474353e-05
453.0 1.9519431643938434e-10
454.0 1.9519431643938434e-10
455.0 1.9519431643938434e-10
456.0 0.00022599278963753022
457.0 0.00015593820990034146
458.0 8.58836301631527e-05
459.0 1.4425469885281927e-05
460.0 1.9519431643938434e-10
461.0 0.0003637521331256721
462.0 0.000784536860010121
463.0 0.0005998001142870635
464.0 0.0004150635504629463
465.0 0.0002494248292350676
466.0 8.378621600968472e-05
467.0 0.0003176989594066981
468.0 0.0005516117198567372
469.0 0.0004508691745286342
470.0 0.00035012672015000135
471.0 0.00024200123789341887
472.0 0.00013387566468736622
473.0 1.9519431643938434e-10
474.0 1.9519431643938434e-10
475.0 1.9519431643938434e-10
476.0 9.519828836346278e-05
477.0 0.00023269737994269235
478.0 0.0003701964715219219
479.0 0.00023385678105114494
480.0 9.751717016115435e-05
481.0 0.00045489655349228997
482.0 0.0008122758117679041
483.0 0.0011385306606825907
484.0 0.001464785327698337
485.0 0.0024419388864771463
486.0 0.0034190918086096644
487.0 0.00528771233803127
488.0 0.007156332139857113
489.0 0.013343455793801695
490.0 0.019530579447746277
491.0 0.02527440374251455
492.0 0.03101822512689978
493.0 0.03385311283636838
494.0 0.036688000545836985
495.0 0.034721518750302494
496.0 0.032755036954768
497.0 0.027225245139561594
498.0 0.021695453324355185
499.0 0.015841393906157464
500.0 0.00998733812593855
501.0 0.006455177208408713
502.0 0.002923016836575698
503.0 0.0021182868294999935
504.0 0.0013135568224242888
505.0 0.0018557713701738976
506.0 0.0023979860998224467
507.0 0.0026149771656491794
508.0 0.0028319684133748524
509.0 0.003183240187354386
510.0 0.003534511779434979
511.0 0.0029184910090407357
512.0 0.0023024702386464924
513.0 0.0018608090613270178
514.0 0.0014191479749570135
515.0 0.0013980943549540825
516.0 0.0013770408259006217
517.0 0.0017127866158261895
518.0 0.0020485324057517573
519.0 0.001688150041445624
520.0 0.0013277678590384312
521.0 0.001210155551234493
522.0 0.0010925436072284356
523.0 0.0015421173884533346
524.0 0.0019916911696782336
525.0 0.0025831579478108324
526.0 0.0031746247259434313
527.0 0.004155005808570422
528.0 0.005135386891197413
529.0 0.005318237890605815
530.0 0.005501088162418455
531.0 0.005298200994729996
532.0 0.005095313463243656
533.0 0.004234382868162356
534.0 0.003373451909283176
535.0 0.0025439179808017798
536.0 0.0017143838704214431
537.0 0.0018098317013937049
538.0 0.001905279714264907
539.0 0.0026537798476056196
540.0 0.003402280344744213
541.0 0.004149545929976739
542.0 0.004896811515209265
543.0 0.005068947211839259
544.0 0.005241082544671372
545.0 0.005283340942696668
546.0 0.005325599340721965
547.0 0.004324291876400821
548.0 0.003322984412079677
549.0 0.002783124909910839
550.0 0.002243265407742001
551.0 0.002379168290644884
552.0 0.002515071173547767
553.0 0.002638984369696118
554.0 0.0027628973839455284
555.0 0.0023420550860464573
556.0 0.0019212129700463265
557.0 0.0015465602700714953
558.0 0.0011719075700966641
559.0 0.000768590052757645
560.0 0.00036527235351968557
561.0 0.0003398430862944224
562.0 0.00031441388728126185
563.0 0.000942648603086127
564.0 0.0015708832506788895
565.0 0.0017496013242634945
566.0 0.0019283192159491591
567.0 0.002066713568638079
568.0 0.0022051079213269986
569.0 0.0018333073967369273
570.0 0.0014615066902479157
571.0 0.001031994543154724
572.0 0.0006024825324857375
573.0 0.0005116770353197353
574.0 0.0004208715381537331
575.0 0.00044700727812596597
576.0 0.0004731429726234637
577.0 0.0005289675300446106
578.0 0.0005847920419910224
579.0 0.00045728374971076846
580.0 0.00032977543469314696
581.0 0.00030859166599839227
582.0 0.00028740792004100513
583.0 0.0003382345539648668
584.0 0.00038906118788872845
585.0 0.0004122543032281101
586.0 0.0004354473730927566
587.0 0.0006207441401784308
588.0 0.00080604086178937
589.0 0.0009508663424639963
590.0 0.0010956918231386226
591.0 0.001036046705849003
592.0 0.0009764015885593835
593.0 0.0008083802640612703
594.0 0.0006403590759873623
595.0 0.0006212185326148756
596.0 0.0006020778982929187
597.0 0.0004170296506345039
598.0 0.0002319814257134567
599.0 0.00024608930289105047
600.0 0.0002601972255433793
601.0 0.00045686078919970896
602.0 0.0006535244210681412
603.0 0.000444974830315914
604.0 0.0002364253077757894
605.0 0.00036635290143749444
606.0 0.0004962804268870968
607.0 0.00038459688767034095
608.0 0.0002729132120293798
609.0 0.0005083722953713732
610.0 0.0007438315151375718
611.0 0.0006007302999933017
612.0 0.0004576291757985018
613.0 0.00025339113562949933
614.0 4.915314093523193e-05
615.0 0.00011251138403167715
616.0 0.00017586964986548992
617.0 0.00036090023058932275
618.0 0.0005459309249999933
619.0 0.0004733084097097162
620.0 0.0004006860763183795
621.0 0.00024335524813068332
622.0 8.602447678640601e-05
623.0 9.300774195253325e-05
624.0 9.999105259339558e-05
625.0 0.0001812002551559999
626.0 0.0002624094804559718
627.0 0.0002767180149021442
628.0 0.00029102657208568417
629.0 0.0002956671096399077
630.0 0.0003003076471941313
631.0 0.0002848902113328222
632.0 0.00026947277547151316
633.0 0.00026327245450374903
634.0 0.00025707215627335245
635.0 0.0003062756377403275
636.0 0.0003554791192073026
637.0 0.00031199222121358616
638.0 0.00026850532321986975
639.0 0.0003974502305936767
640.0 0.0005263949788059108
641.0 0.00041588045860407874
642.0 0.0003053658929275116
643.0 0.0003164092959195841
644.0 0.000327452630699554
645.0 0.000493464222017792
646.0 0.0006594758360733977
647.0 0.0006232553914742311
648.0 0.0005870349014003295
649.0 0.0005546462489292026
650.0 0.0005222575055086054
651.0 0.000612416852163733
652.0 0.0007025762442935957
653.0 0.0007356704827543581
654.0 0.0007687647666898556
655.0 0.0007507983809773577
656.0 0.0007328319497901248
657.0 0.001119179250963498
658.0 0.0015055265976116061
659.0 0.002810845944622997
660.0 0.04936264012940228
661.0 0.05399623769335449
662.0 0.0817002437543124
663.0 0.11595747200772166
664.0 0.0796120148152113
665.0 0.05938578397035599
666.0 0.11992398649454117
667.0 0.12533010449260473
668.0 0.16844664933159947
669.0 0.25127422995865345
670.0 0.27176549192517996
671.0 0.37075725849717855
672.0 0.6154454313218594
673.0 0.9708086028695107
674.0 1.5206520445644855
675.0 2.2307973355054855
676.0 3.2142851501703262
677.0 4.463117942214012
678.0 5.754284933209419
679.0 7.119295001029968
680.0 8.855941891670227
681.0 10.841526091098785
682.0 13.317584991455078
683.0 16.13723635673523
684.0 19.245874881744385
685.0 22.281722724437714
686.0 25.375759601593018
687.0 28.694045543670654
688.0 31.852665543556213
689.0 34.9249929189682
690.0 38.30184042453766
691.0 41.93025827407837
692.0 46.30290865898132
693.0 51.05922222137451
694.0 56.465333700180054
695.0 61.99038624763489
696.0 68.1406021118164
697.0 73.82072806358337
698.0 80.20766377449036
699.0 85.14467477798462
700.0 89.23981785774231
701.0 92.64293909072876
702.0 95.00346779823303
703.0 96.39887809753418
704.0 97.11533188819885
705.0 97.67786860466003
706.0 97.83867597579956
707.0 98.01249504089355
708.0 98.17008376121521
709.0 98.18732738494873
710.0 97.92253375053406
711.0 98.10962677001953
712.0 97.96825051307678
713.0 98.02382588386536
714.0 98.13352227210999
715.0 98.2158362865448
716.0 98.07989001274109
717.0 98.27978610992432
718.0 98.33057522773743
719.0 98.32562804222107
720.0 98.60271215438843
721.0 98.51682186126709
722.0 98.3096182346344
723.0 98.10398817062378
724.0 97.76309132575989
725.0 97.4966824054718
726.0 97.16055393218994
727.0 96.83264493942261
728.0 96.50301337242126
729.0 96.31962776184082
730.0 96.28679156303406
731.0 96.34031653404236
732.0 96.3025152683258
733.0 96.67769074440002
734.0 97.05079793930054
735.0 97.33251333236694
736.0 97.71952629089355
737.0 98.09175133705139
738.0 98.3963668346405
739.0 98.7270712852478
740.0 98.84530305862427
741.0 98.69599342346191
742.0 99.00049567222595
743.0 98.81235361099243
744.0 98.59076738357544
745.0 98.60172271728516
746.0 98.57656359672546
747.0 98.94983172416687
748.0 98.75614047050476
749.0 98.6617386341095
750.0 98.64315986633301
751.0 98.4545111656189
752.0 98.46922159194946
753.0 98.68160486221313
754.0 98.61066341400146
755.0 98.69751334190369
756.0 98.70174527168274
757.0 98.6934244632721
758.0 98.83413910865784
759.0 98.83025884628296
760.0 98.72321486473083
761.0 98.58201146125793
762.0 98.7097680568695
763.0 98.65309000015259
764.0 98.47532510757446
765.0 98.45969676971436
766.0 98.53417873382568
767.0 98.33057522773743
768.0 98.39091897010803
769.0 98.41322898864746
770.0 98.21586608886719
771.0 98.35348725318909
772.0 98.35365414619446
773.0 98.32138419151306
774.0 98.17134141921997
775.0 98.2912003993988
776.0 98.1957495212555
777.0 98.24451208114624
778.0 98.1529176235199
779.0 98.16910028457642
780.0 97.90595173835754
781.0 98.22240471839905
782.0 98.09346795082092
783.0 98.06709289550781
784.0 98.01456928253174
785.0 98.16426634788513
786.0 98.28054904937744
787.0 98.02982211112976
788.0 98.17847609519958
789.0 98.24811220169067
790.0 98.20482730865479
791.0 98.26138615608215
792.0 98.09697270393372
793.0 98.10750484466553
794.0 98.11386466026306
795.0 98.03489446640015
796.0 98.07941913604736
797.0 98.23567271232605
798.0 98.26620817184448
799.0 98.14327359199524
800.0 97.9786217212677
801.0 97.99423217773438
802.0 98.0159044265747
803.0 97.75205254554749
804.0 97.59819507598877
805.0 97.31213450431824
806.0 97.09006547927856
807.0 96.58137559890747
808.0 95.91977000236511
809.0 95.26621103286743
810.0 94.2945122718811
811.0 92.93744564056396
812.0 91.31560325622559
813.0 89.24022316932678
814.0 86.80363893508911
815.0 83.83497595787048
816.0 80.64692616462708
817.0 76.73088908195496
818.0 72.23929762840271
819.0 67.97009706497192
820.0 62.94928193092346
821.0 58.216625452041626
822.0 53.54487895965576
823.0 48.830559849739075
824.0 44.068679213523865
825.0 39.681416749954224
826.0 35.11667847633362
827.0 30.424153804779053
828.0 26.176896691322327
829.0 21.882817149162292
830.0 17.40807592868805
831.0 13.806384801864624
832.0 10.07608100771904
833.0 6.974706798791885
834.0 4.606679454445839
835.0 2.8709232807159424
836.0 1.7527485266327858
837.0 1.0129375383257866
838.0 0.5887370090931654
839.0 0.3353505861014128
840.0 0.19028568640351295
841.0 0.11660137679427862
842.0 0.06274154293350875
843.0 0.018510445079300553
844.0 0.009210466669173911
845.0 0.017913721967488527
846.0 1.9519431643938434e-10
847.0 1.9519431643938434e-10
848.0 1.9519431643938434e-10
849.0 1.9519431643938434e-10
850.0 1.9519431643938434e-10
851.0 0.0032987416489049792
852.0 0.0035881621442968026
853.0 0.0027664760636980645
854.0 0.0019447903468972072
855.0 0.001441421773051843
856.0 0.0009380532901559491
857.0 0.000838186406326713
858.0 0.0007383197498711525
859.0 0.0005895614776818547
860.0 0.0004408033419167623
861.0 0.0002231940015917644
862.0 5.584669793279318e-06
863.0 5.6885971844167216e-05
864.0 0.00010818731652761926
865.0 0.0001530994495624327
866.0 0.00019801163944066502
867.0 6.650407726738194e-05
868.0 1.9519431643938434e-10
869.0 1.9519431643938434e-10
870.0 1.5367702133062267e-05
871.0 1.0627947233388113e-05
872.0 5.888156096034436e-06
873.0 1.594154213080401e-05
874.0 2.599487345378293e-05
875.0 3.0286167884696624e-05
876.0 3.457744242041372e-05
877.0 0.00013884275631426135
878.0 0.00024310807020810898
879.0 0.0002043237600446446
880.0 0.0001655394498811802
881.0 0.00016697797491360689
882.0 0.0001684164885773498
883.0 0.00017794935729398276
884.0 0.00018748220327324816
885.0 9.284054840463796e-05
886.0 1.9519431643938434e-10
887.0 1.9519431643938434e-10
888.0 1.9519431643938434e-10
889.0 1.9519431643938434e-10
890.0 1.9519431643938434e-10
891.0 6.400783263416088e-05
892.0 0.00014079992070037406
893.0 7.832135793250927e-05
894.0 1.584280084898637e-05
895.0 1.9519431643938434e-10
