lsstCam/transmission_filter_detector/r41_s21/i_39/19700101T000000.ecsv
# %ECSV 1.0
# ---
# datatype:
# - {name: wavelength, unit: nm, datatype: float32}
# - {name: efficiency, unit: '%', datatype: float64}
# meta: !!omap
# - {MODE: DETECTOR}
# - {TYPE: transmission_filter_detector}
# - {CALIBDATE: '1970-01-01T00:00:00'}
# - {INSTRUME: LSSTCam}
# - {OBSTYPE: transmission_filter_detector}
# - {CALIBCLS: lsst.ip.isr.IntermediateFilterDetectorTransmissionCurve}
# - {SOURCE: Materion (DM-46256)}
# - {DETECTOR: 169}
# - {FILTER: i_39}
# - {CALIB_ID: 'calibDate=1970-01-01T00:00:00 filter=i_39 detector=169'}
# - {DATE: '2025-04-02T15:59:47.261846'}
# - {CALIB_CREATION_DATE: '2025-04-02'}
# - {CALIB_CREATION_TIME: '15:59:47'}
# - __serialized_columns__:
#     efficiency:
#       __class__: astropy.units.quantity.Quantity
#       unit: !astropy.units.Unit {unit: '%'}
#       value: !astropy.table.SerializedColumn {name: efficiency}
#     wavelength:
#       __class__: astropy.units.quantity.Quantity
#       unit: !astropy.units.Unit {unit: nm}
#       value: !astropy.table.SerializedColumn {name: wavelength}
# schema: astropy-2.0
wavelength efficiency
[from data line 597]
897.0 3.814711533323134e-05
898.0 0.00016305200460919878
899.0 8.86908878783288e-05
900.0 1.4329793884826358e-05
901.0 3.7903845395703684e-05
902.0 6.147788553789724e-05
903.0 9.3359585662256e-05
904.0 0.00012524127441793098
905.0 0.00018452921040079673
906.0 0.00024381715775234625
907.0 9.865256060948013e-05
908.0 1.9519431643938434e-10
909.0 1.9519431643938434e-10
910.0 1.9519431643938434e-10
911.0 1.9519431643938434e-10
912.0 2.3512711777584627e-05
913.0 4.042692580696894e-05
914.0 5.7341134152011364e-05
915.0 1.9519431643938434e-10
916.0 1.9519431643938434e-10
917.0 1.9519431643938434e-10
918.0 1.9519431643938434e-10
919.0 1.9519431643938434e-10
920.0 1.9519431643938434e-10
921.0 1.9519431643938434e-10
922.0 1.9519431643938434e-10
923.0 1.9519431643938434e-10
924.0 3.287694596565416e-05
925.0 2.325443801964866e-05
926.0 1.3631952811010706e-05
927.0 1.9519431643938434e-10
928.0 1.9519431643938434e-10
929.0 0.00010267247034789762
930.0 0.00026624693418852985
931.0 2.8171311328151205e-05
932.0 1.9519431643938434e-10
933.0 1.9519431643938434e-10
934.0 1.9519431643938434e-10
935.0 1.9519431643938434e-10
936.0 1.9519431643938434e-10
937.0 1.9519431643938434e-10
938.0 1.3127782949595712e-05
939.0 0.00012226014405314345
940.0 0.00023139248241932364
941.0 0.0002320056864846265
942.0 0.00023261893602466444
943.0 0.00015524061609539785
944.0 7.786235869389202e-05
945.0 0.00011563838597794529
946.0 0.00015341443031502422
947.0 0.0001306926719735202
948.0 0.0001079709818441188
949.0 1.9519431643938434e-10
950.0 1.9519431643938434e-10
951.0 1.9519431643938434e-10
952.0 1.9519431643938434e-10
953.0 1.9519431643938434e-10
954.0 1.9519431643938434e-10
955.0 1.9519431643938434e-10
956.0 3.454759394116991e-05
957.0 3.07731937709832e-06
958.0 1.9519431643938434e-10
959.0 3.3352131367792026e-05
960.0 9.509718097433506e-05
961.0 0.00012056602827215102
962.0 0.0001460348585169413
963.0 0.00010103009344675229
964.0 5.6025299954853836e-05
965.0 1.9519431643938434e-10
966.0 1.9519431643938434e-10
967.0 1.9519431643938434e-10
968.0 4.6446942292277527e-05
969.0 1.977378047968159e-05
970.0 1.9519431643938434e-10
971.0 1.9519431643938434e-10
972.0 8.468681755857688e-07
973.0 1.9519431643938434e-10
974.0 1.9519431643938434e-10
975.0 4.4332514903544507e-05
976.0 0.0001299395307796658
977.0 5.3076786343808635e-05
978.0 1.9519431643938434e-10
979.0 1.90248258036263e-05
980.0 6.183558980410453e-05
981.0 5.192446792534611e-05
982.0 4.201335173092957e-05
983.0 7.74405918946286e-05
984.0 0.00011286782637398574
985.0 3.6106783340983384e-05
986.0 1.9519431643938434e-10
987.0 1.9519431643938434e-10
988.0 1.9519431643938434e-10
989.0 1.255747719142164e-05
990.0 7.67352332786686e-05
991.0 1.3487587580129912e-05
992.0 1.9519431643938434e-10
993.0 1.833804503803549e-05
994.0 8.643618798487296e-05
995.0 0.00011550924909897731
996.0 0.00014458231589742354
997.0 9.598084034223575e-05
998.0 4.7379367629218905e-05
999.0 1.9519431643938434e-10
1000.0 1.9519431643938434e-10
1001.0 1.9519431643938434e-10
1002.0 6.449332659030915e-05
1003.0 7.25676216006832e-05
1004.0 8.06419336640829e-05
1005.0 0.00013883835663364152
1006.0 0.00019703481939359335
1007.0 0.00015488262761209626
1008.0 0.00011273056088612066
1009.0 0.00023606173726875568
1010.0 0.000359392947757442
1011.0 0.00032995765195664717
1012.0 0.00030052237889321987
1013.0 0.00019633644114946947
1014.0 9.215049203703529e-05
1015.0 4.7520168777737126e-05
1016.0 2.88985901875094e-06
1017.0 0.0002689905386432656
1018.0 0.0005350912033463828
1019.0 0.00038087832763267215
1020.0 0.00022666538370685885
1021.0 0.00026342108867538627
1022.0 0.0003001767481691786
1023.0 0.0003228472223781864
1024.0 0.00034551765111245913
1025.0 0.00021241476133582182
1026.0 7.93118772435264e-05
1027.0 0.00036024334804096725
1028.0 0.0006411746653611772
1029.0 0.0006946143457753351
1030.0 0.0007480539352400228
1031.0 0.0009461359695706051
1032.0 0.0011442181858001277
1033.0 0.0014492916307062842
1034.0 0.0017543650756124407
1035.0 0.002069983020192012
1036.0 0.0023856009647715837
1037.0 0.0026133886422030628
1038.0 0.0028411765015334822
1039.0 0.0029479595468728803
1040.0 0.0030547427741112188
1041.0 0.003133794598397799
1042.0 0.0032128467864822596
1043.0 0.003087957520619966
1044.0 0.002963068436656613
1045.0 0.0032418131013400853
1046.0 0.0035205575841246173
1047.0 0.003398168337298557
1048.0 0.003275779090472497
1049.0 0.002964924897241872
1050.0 0.002654070522112306
1051.0 0.002715852861001622
1052.0 0.002777635381789878
1053.0 0.002606288398965262
1054.0 0.0024349412342417054
1055.0 0.0023096992663340643
1056.0 0.0021844569346285425
1057.0 0.0018234999515698291
1058.0 0.0014625423318648245
1059.0 0.0012744369996653404
1060.0 0.0010863313946174458
1061.0 0.0010504958481760696
1062.0 0.001014660119835753
1063.0 0.0011743075447157025
1064.0 0.0013339547876967117
1065.0 0.002110753302986268
1066.0 0.002887551818275824
1067.0 0.002852047691703774
1068.0 0.0028165437470306642
1069.0 0.002797775960061699
1070.0 0.002779008173092734
1071.0 0.002815891093632672
1072.0 0.0028527741960715503
1073.0 0.0026898655050899833
1074.0 0.0025269568141084164
1075.0 0.0025356515834573656
1076.0 0.0025443461709073745
1077.0 0.002756129833869636
1078.0 0.002967913133034017
1079.0 0.0026020765290013514
1080.0 0.0022362397430697456
1081.0 0.001387591601087479
1082.0 0.0005389435045799473
1083.0 0.0008922129381971899
1084.0 0.0012454822353902273
1085.0 0.00071121207838587
1086.0 0.00017694203506835038
1087.0 0.00029584678031824296
1088.0 0.0004147514118812978
1089.0 0.0007473261575796641
1090.0 0.0010799013580253813
1091.0 0.0017080286852433346
1092.0 0.0023361559215118177
1093.0 0.001637364948692266
1094.0 0.0009385741577716544
1095.0 0.0004674522187997354
1096.0 1.9519431643938434e-10
1097.0 1.9519431643938434e-10
1098.0 1.9519431643938434e-10
1099.0 1.9519431643938434e-10
1100.0 0.0002583023388069705
