lsstCam/transmission_filter_detector/r14_s01/z_20/19700101T000000.ecsv
# %ECSV 1.0
# ---
# datatype:
# - {name: wavelength, unit: nm, datatype: float32}
# - {name: efficiency, unit: '%', datatype: float64}
# meta: !!omap
# - {MODE: DETECTOR}
# - {TYPE: transmission_filter_detector}
# - {CALIBDATE: '1970-01-01T00:00:00'}
# - {INSTRUME: LSSTCam}
# - {OBSTYPE: transmission_filter_detector}
# - {CALIBCLS: lsst.ip.isr.IntermediateFilterDetectorTransmissionCurve}
# - {SOURCE: Materion (DM-46256)}
# - {DETECTOR: 64}
# - {FILTER: z_20}
# - {CALIB_ID: 'calibDate=1970-01-01T00:00:00 filter=z_20 detector=64'}
# - {DATE: '2025-04-02T15:59:48.934332'}
# - {CALIB_CREATION_DATE: '2025-04-02'}
# - {CALIB_CREATION_TIME: '15:59:48'}
# - __serialized_columns__:
#     efficiency:
#       __class__: astropy.units.quantity.Quantity
#       unit: !astropy.units.Unit {unit: '%'}
#       value: !astropy.table.SerializedColumn {name: efficiency}
#     wavelength:
#       __class__: astropy.units.quantity.Quantity
#       unit: !astropy.units.Unit {unit: nm}
#       value: !astropy.table.SerializedColumn {name: wavelength}
# schema: astropy-2.0
wavelength efficiency
[from data line 598]
898.0 98.58273267745972
899.0 98.60981106758118
900.0 98.92791509628296
901.0 99.3930459022522
902.0 98.97619485855103
903.0 98.60086441040039
904.0 97.50766158103943
905.0 98.27446937561035
906.0 97.71705865859985
907.0 98.37184548377991
908.0 98.10832142829895
909.0 97.8764533996582
910.0 97.68288135528564
911.0 96.62759304046631
912.0 95.59144377708435
913.0 94.11463141441345
914.0 91.75868630409241
915.0 89.58839774131775
916.0 87.20736503601074
917.0 85.772305727005
918.0 82.23910331726074
919.0 80.81604838371277
920.0 77.42130756378174
921.0 73.08976650238037
922.0 68.13070178031921
923.0 62.412029504776
924.0 56.76501989364624
925.0 51.3399600982666
926.0 45.16919553279877
927.0 37.854015827178955
928.0 31.90253973007202
929.0 25.7315993309021
930.0 20.139043033123016
931.0 15.223398804664612
932.0 10.155456513166428
933.0 6.418313831090927
934.0 4.046085104346275
935.0 2.41074301302433
936.0 1.3777179643511772
937.0 0.8752230554819107
938.0 0.44260621070861816
939.0 0.2813059603795409
940.0 0.3159046173095703
941.0 0.019467655511107296
942.0 0.10596300708130002
943.0 0.03007722261827439
944.0 0.04848320968449116
945.0 1.71853785542464e-10
946.0 1.71853785542464e-10
947.0 1.71853785542464e-10
948.0 0.017317845777142793
949.0 1.71853785542464e-10
950.0 1.71853785542464e-10
951.0 1.71853785542464e-10
952.0 0.09050206281244755
953.0 1.71853785542464e-10
954.0 0.07165074930526316
955.0 0.005201490057515912
956.0 1.71853785542464e-10
957.0 1.71853785542464e-10
958.0 1.71853785542464e-10
959.0 1.71853785542464e-10
960.0 1.71853785542464e-10
961.0 1.71853785542464e-10
962.0 1.71853785542464e-10
963.0 1.71853785542464e-10
964.0 1.71853785542464e-10
965.0 1.71853785542464e-10
966.0 1.71853785542464e-10
967.0 1.71853785542464e-10
968.0 1.71853785542464e-10
969.0 1.71853785542464e-10
970.0 1.71853785542464e-10
971.0 1.71853785542464e-10
972.0 0.019022538617718965
973.0 0.05941159906797111
974.0 1.71853785542464e-10
975.0 1.71853785542464e-10
976.0 0.006282226968323812
977.0 0.006268541619647294
978.0 0.006254859181353822
979.0 0.006099262100178748
980.0 0.00594366283621639
981.0 0.005731129931518808
982.0 0.005518597754416987
983.0 0.0054219166486291215
984.0 0.005325235906639136
985.0 0.005086765668238513
986.0 0.004848295066040009
987.0 0.004842574708163738
988.0 0.0048368539864895865
989.0 0.004764885670738295
990.0 0.004692917718784884
991.0 0.0047745616029715165
992.0 0.00485620585095603
993.0 0.004818385423277505
994.0 0.004780564631801099
995.0 0.004712749432655983
996.0 0.004644934233510867
997.0 0.004508421989157796
998.0 0.004371909744804725
999.0 0.004301695662434213
1000.0 0.00423148121626582
1001.0 0.004351120151113719
1002.0 0.004470758722163737
1003.0 0.004431409979588352
1004.0 0.004392061600810848
1005.0 0.004226184682920575
1006.0 0.004060307765030302
1007.0 0.004157115836278535
1008.0 0.0042539242713246495
1009.0 0.004333570905146189
1010.0 0.004413217538967729
1011.0 0.004432698915479705
1012.0 0.004452180291991681
1013.0 0.0043283314880682155
1014.0 0.00420448268414475
1015.0 0.004343199907452799
1016.0 0.004481916766962968
1017.0 0.004727533450932242
1018.0 0.004973150134901516
1019.0 0.004768378130393103
1020.0 0.004563606125884689
1021.0 0.004584257476381026
1022.0 0.004604908463079482
1023.0 0.004523765892372467
1024.0 0.00444262295786757
1025.0 0.004606054426403716
1026.0 0.004769485894939862
1027.0 0.004715561590273865
1028.0 0.004661636921809986
1029.0 0.004667200482799672
1030.0 0.004672764043789357
1031.0 0.0047489607823081315
1032.0 0.004825157157029025
1033.0 0.004852526762988418
1034.0 0.004879897096543573
1035.0 0.005072816929896362
1036.0 0.005265737127047032
1037.0 0.005367479025153443
1038.0 0.005469220195664093
1039.0 0.0053416901209857315
1040.0 0.005214158954913728
1041.0 0.0055939904996193945
1042.0 0.005973822408122942
1043.0 0.005539336416404694
1044.0 0.0051048507884843275
1045.0 0.005751752178184688
1046.0 0.0063986524764914066
1047.0 0.006131440022727475
1048.0 0.005864226841367781
1049.0 0.005967722972854972
1050.0 0.006071219104342163
1051.0 0.006340889376588166
1052.0 0.006610561104025692
1053.0 0.006688820576528087
1054.0 0.006767080776626244
1055.0 0.0073720999353099614
1056.0 0.007977120549185202
1057.0 0.00771279155742377
1058.0 0.007448463293258101
1059.0 0.007562369137303904
1060.0 0.007676273526158184
1061.0 0.008344287925865501
1062.0 0.009012302325572819
1063.0 0.008816186164040118
1064.0 0.008620070002507418
1065.0 0.008878220251062885
1066.0 0.009136373410001397
1067.0 0.009115492139244452
1068.0 0.00909461232367903
1069.0 0.010021363414125517
1070.0 0.010948114504572004
1071.0 0.010735983232734725
1072.0 0.010523851233301684
1073.0 0.010693471267586574
1074.0 0.010863091301871464
1075.0 0.01136132559622638
1076.0 0.011859563528560102
1077.0 0.011914825881831348
1078.0 0.011970088235102594
1079.0 0.013068052066955715
1080.0 0.01416601735400036
1081.0 0.01413423742633313
1082.0 0.014102460409048945
1083.0 0.01389699027640745
1084.0 0.013691521598957479
1085.0 0.014258424926083535
1086.0 0.014825329708401114
1087.0 0.014866291894577444
1088.0 0.014907258446328342
1089.0 0.016347090422641486
1090.0 0.01778692239895463
1091.0 0.017637877317611128
1092.0 0.017488827870693058
1093.0 0.01689055934548378
1094.0 0.016292286454699934
1095.0 0.017788505647331476
1096.0 0.019284727750346065
1097.0 0.019182084361091256
1098.0 0.019079440971836448
1099.0 0.021452268993016332
1100.0 0.023825091193430126
1101.0 0.023731807596050203
1102.0 0.023638521088287234
1103.0 0.024868579930625856
1104.0 0.026098632952198386
1105.0 0.026021699886769056
1106.0 0.025944772642105818
1107.0 0.027236013556830585
1108.0 0.028527254471555352
1109.0 0.03004829050041735
1110.0 0.03156932652927935
1111.0 0.03177070175297558
1112.0 0.031972082797437906
1113.0 0.03374549851287156
1114.0 0.03551892004907131
1115.0 0.03366737219039351
1116.0 0.03181583306286484
1117.0 0.03343523421790451
1118.0 0.035054635372944176
1119.0 0.038171131745912135
1120.0 0.041287622298114
1121.0 0.042474278598092496
1122.0 0.04366093489807099
1123.0 0.04322560562286526
1124.0 0.042790279258042574
1125.0 0.04348811926320195
1126.0 0.044185962178744376
1127.0 0.04703119921032339
1128.0 0.049876433331519365
1129.0 0.054521713173016906
1130.0 0.05916699883528054
1131.0 0.05899662501178682
1132.0 0.05882624536752701
1133.0 0.06274898769333959
1134.0 0.06667173001915216
1135.0 0.06313840858638287
1136.0 0.059605081332847476
1137.0 0.06697014323435724
1138.0 0.07433521677739918
1139.0 0.07847239612601697
1140.0 0.08260953472927213
1141.0 0.09156656451523304
1142.0 0.10052358265966177
1143.0 0.11882978724315763
1144.0 0.13713596854358912
1145.0 0.266825663857162
1146.0 0.39651538245379925
1147.0 0.8195790462195873
1148.0 1.2426427565515041
1149.0 1.4259681105613708
1150.0 1.6092946752905846
