lsstCam/transmission_filter_detector/r14_s01/z_20/19700101T000000.ecsv
# %ECSV 1.0
# ---
# datatype:
# - {name: wavelength, unit: nm, datatype: float32}
# - {name: efficiency, unit: '%', datatype: float64}
# meta: !!omap
# - {MODE: DETECTOR}
# - {TYPE: transmission_filter_detector}
# - {CALIBDATE: '1970-01-01T00:00:00'}
# - {INSTRUME: LSSTCam}
# - {OBSTYPE: transmission_filter_detector}
# - {CALIBCLS: lsst.ip.isr.IntermediateFilterDetectorTransmissionCurve}
# - {SOURCE: Materion (DM-46256)}
# - {DETECTOR: 64}
# - {FILTER: z_20}
# - {CALIB_ID: 'calibDate=1970-01-01T00:00:00 filter=z_20 detector=64'}
# - {DATE: '2025-04-02T15:59:48.934332'}
# - {CALIB_CREATION_DATE: '2025-04-02'}
# - {CALIB_CREATION_TIME: '15:59:48'}
# - __serialized_columns__:
#     efficiency:
#       __class__: astropy.units.quantity.Quantity
#       unit: !astropy.units.Unit {unit: '%'}
#       value: !astropy.table.SerializedColumn {name: efficiency}
#     wavelength:
#       __class__: astropy.units.quantity.Quantity
#       unit: !astropy.units.Unit {unit: nm}
#       value: !astropy.table.SerializedColumn {name: wavelength}
# schema: astropy-2.0
wavelength efficiency
300.0 0.8568529039621353
301.0 0.5781893618404865
302.0 0.29952588956803083
303.0 0.2935226308181882
304.0 0.2875193953514099
305.0 0.2438955008983612
306.0 0.2002716064453125
307.0 0.183181616012007
308.0 0.16609164886176586
309.0 0.14561191201210022
310.0 0.12513217516243458
311.0 0.12570543913170695
312.0 0.1262787263840437
313.0 0.11042207479476929
314.0 0.09456544648855925
315.0 0.09452524245716631
316.0 0.09448503842577338
317.0 0.07996736676432192
318.0 0.06544970674440265
319.0 0.06440146244131029
320.0 0.06335321231745183
321.0 0.06243266398087144
322.0 0.06151211564429104
323.0 0.05375824403017759
324.0 0.04600437532644719
325.0 0.04287008778192103
326.0 0.039735803147777915
327.0 0.038776439032517374
328.0 0.037817072006873786
329.0 0.03366536402609199
330.0 0.029513658955693245
331.0 0.027049926575273275
332.0 0.024586194194853306
333.0 0.023600758868269622
334.0 0.022615320631302893
335.0 0.021199893672019243
336.0 0.019784466712735593
337.0 0.023935250646900386
338.0 0.028086028760299087
339.0 0.02400608209427446
340.0 0.019926141249015927
341.0 0.01689603814156726
342.0 0.013865936489310116
343.0 0.013586071145255119
344.0 0.013306205801200122
345.0 0.01261663855984807
346.0 0.011927070590900257
347.0 0.011326467210892588
348.0 0.01072586455848068
349.0 0.013170266174711287
350.0 0.015614667790941894
351.0 0.01305492187384516
352.0 0.01049517304636538
353.0 0.011091121268691495
354.0 0.011687070946209133
355.0 0.010013140126829967
356.0 0.008339210762642324
357.0 0.009353725909022614
358.0 0.010368244693381712
359.0 0.010051992285298184
360.0 0.009735739877214655
361.0 0.008805792458588257
362.0 0.007875847950344905
363.0 0.009186023089569062
364.0 0.010496198228793219
365.0 0.01016390961012803
366.0 0.009831624629441649
367.0 0.008618272113380954
368.0 0.007404919597320259
369.0 0.00782867573434487
370.0 0.008252431871369481
371.0 0.008248367521446198
372.0 0.008244304626714438
373.0 0.007217644451884553
374.0 0.00619098573224619
375.0 0.0064900334109552205
376.0 0.006789081817260012
377.0 0.0070336711360141635
378.0 0.007278258999576792
379.0 0.0061694248870480806
380.0 0.005060589683125727
381.0 0.003245293191866949
382.0 0.0014299967006081715
383.0 0.003579321491997689
384.0 0.0057286462833872065
385.0 0.00547264025954064
386.0 0.005216634235694073
387.0 0.005843418330186978
388.0 0.006470203516073525
389.0 0.00568421273783315
390.0 0.004898223414784297
391.0 0.004588734736898914
392.0 0.004279246059013531
393.0 0.004767564314533956
394.0 0.005255882933852263
395.0 0.004301228545955382
396.0 0.0033465741580585018
397.0 0.0035366178053664044
398.0 0.003726661452674307
399.0 0.003961073525715619
400.0 0.004195485962554812
401.0 0.004702770092990249
402.0 0.005210053859627806
403.0 0.005119353227200918
404.0 0.0050286522309761494
405.0 0.0039814829506212845
406.0 0.0029343142159632407
407.0 0.0017025882698362693
408.0 0.0004708627784566488
409.0 0.0020290008251322433
410.0 0.0035871391446562484
411.0 0.004202920899842866
412.0 0.004818702655029483
413.0 0.004652755524148233
414.0 0.004486808393266983
415.0 0.00359448604285717
416.0 0.002702164238144178
417.0 0.003767636007978581
418.0 0.004833108323509805
419.0 0.004369008092908189
420.0 0.003904908226104453
421.0 0.0038288093492155895
422.0 0.0037527108361246064
423.0 0.0035500408557709306
424.0 0.0033473712392151356
425.0 0.0025199382434948348
426.0 0.001692505247774534
427.0 0.0018904829630628228
428.0 0.002088460860250052
429.0 0.0012622810572793242
430.0 0.00043610161810647696
431.0 0.000664295066599152
432.0 0.0008924883331928868
433.0 0.0007090340204740642
434.0 0.000525579935128917
435.0 0.0012239533134561498
436.0 0.0019223267372581176
437.0 0.001990651981031988
438.0 0.002058977224805858
439.0 0.00210639900615206
440.0 0.002153820969397202
441.0 0.0016811309251352213
442.0 0.0012084408808732405
443.0 0.002323684202565346
444.0 0.0034389271604595706
445.0 0.003387067044968717
446.0 0.003335206929477863
447.0 0.0025491150154266506
448.0 0.0017630231013754383
449.0 0.0024856215532054193
450.0 0.003208220368833281
451.0 0.002417923133180011
452.0 0.0016276255337288603
453.0 0.0015810055629117414
454.0 0.001534385773993563
455.0 0.002284197398694232
456.0 0.0030340092052938417
457.0 0.0022162992536323145
458.0 0.0013985893019707873
459.0 0.0015818273823242635
460.0 0.00176506564457668
461.0 0.0008372272532142233
462.0 1.71853785542464e-10
463.0 0.000953189010033384
464.0 0.0019969893401139416
465.0 0.0022237354642129503
466.0 0.002450481588311959
467.0 0.002145782309526112
468.0 0.0018410823031445034
469.0 0.0016439407772850245
470.0 0.0014467990695266053
471.0 0.001359691123070661
472.0 0.0012725834494631272
473.0 0.0012558709386212286
474.0 0.00123915842777933
475.0 0.0011259032362431753
476.0 0.0010126480447070207
477.0 0.0013170171769161243
478.0 0.0016213860362768173
479.0 0.0019647395674837753
480.0 0.002308092916791793
481.0 0.0018504128092899919
482.0 0.0013927330655860715
483.0 0.0009371149644721299
484.0 0.00048149668145924807
485.0 0.00124547850646195
486.0 0.0020094601495657116
487.0 0.0015191641068668105
488.0 0.0010288677913194988
489.0 0.0017880893210531212
490.0 0.002547310941736214
491.0 0.0022909001927473582
492.0 0.0020344894437585026
493.0 0.001956216510734521
494.0 0.0018779437596094795
495.0 0.0016282150681945495
496.0 0.0013784863767796196
497.0 0.001273309771931963
498.0 0.001168133439932717
499.0 0.0012518035873654298
500.0 0.0013354738257476129
501.0 0.000923637708183378
502.0 0.0005118014541949378
503.0 0.0012760094250552356
504.0 0.002040217259491328
505.0 0.002159358155040536
506.0 0.002278499050589744
507.0 0.0022536793039762415
508.0 0.0022288593754637986
509.0 0.0018346787328482606
510.0 0.001440498363081133
511.0 0.0011559609447431285
512.0 0.0008714237083040643
513.0 0.001241196514456533
514.0 0.001610969593457412
515.0 0.00126854765767348
516.0 0.0009261261766368989
517.0 0.0008868724762578495
518.0 0.0008476189577777404
519.0 0.0010384001143393107
520.0 0.0012291811799514107
521.0 0.001644903386477381
522.0 0.0020606255930033512
523.0 0.0013722647054237314
524.0 0.0006839040452177869
525.0 0.0007808977898093872
526.0 0.0008778916708251927
527.0 0.0011975932466157246
528.0 0.001517295095254667
529.0 0.001271434211957967
530.0 0.0010255726920149755
531.0 0.0011523263310664333
532.0 0.0012790797882189509
533.0 0.0009164582479570527
534.0 0.0005538365712709492
535.0 0.0011494966202008072
536.0 0.0017451568055548705
537.0 0.0017241318346350454
538.0 0.0017031068637152202
539.0 0.0012590415281010792
540.0 0.0008149758286890574
541.0 0.0008102823812805582
542.0 0.0008055891157709993
543.0 0.001214416442962829
544.0 0.0016232435882557184
545.0 0.0010711330105550587
546.0 0.0005190227511775447
547.0 0.0012051499652443454
548.0 0.0018912769519374706
549.0 0.0017135882444563322
550.0 0.0015358995369751938
551.0 0.0015907904526102357
552.0 0.0016456811863463372
553.0 0.0013618027878692374
554.0 0.0010779242074931972
555.0 0.0009940514246409293
556.0 0.000910178368940251
557.0 0.0012849773156631272
558.0 0.0016597761714365333
559.0 0.0016641919501125813
560.0 0.0016686071830918081
561.0 0.0015492714737774804
562.0 0.0014299355825642124
563.0 0.0011959024959651288
564.0 0.000961869318416575
565.0 0.001823016100388486
566.0 0.002684163337107748
567.0 0.0029855480534024537
568.0 0.003286932405899279
569.0 0.0030633345886599272
570.0 0.0028397367714205757
571.0 0.0026774829166242853
572.0 0.002515228698030114
573.0 0.002030392352025956
574.0 0.001545556187920738
575.0 0.0019837156287394464
576.0 0.0024218748876592144
577.0 0.001997412800847087
578.0 0.0015729512597317807
579.0 0.0017472333638579585
580.0 0.0019215151041862555
581.0 0.0016862783013493754
582.0 0.0014510414985124953
583.0 0.0018807273590937257
584.0 0.0023104134015738964
585.0 0.002553584818087984
586.0 0.0027967562346020713
587.0 0.0021828389435540885
588.0 0.001568921288708225
589.0 0.002167607453884557
590.0 0.002766293255263008
591.0 0.0019489527403493412
592.0 0.0011316122254356742
593.0 0.0008579309906053822
594.0 0.0005842495284014149
595.0 0.001039936705637956
596.0 0.001495623746450292
597.0 0.0013622589904116467
598.0 0.001228894052474061
599.0 0.0009063220204552636
600.0 0.0005837500339112012
601.0 0.0004945447017234983
602.0 0.00040533918763685506
603.0 0.0009298160875914618
604.0 0.0014542924873239826
605.0 0.0009266236702387687
606.0 0.0003989545803051442
607.0 0.0007725280738668516
608.0 0.0011461016583780292
609.0 0.001158175837190356
610.0 0.0011702496522048023
611.0 0.0010091011063195765
612.0 0.0008479522875859402
613.0 0.0008119247468130197
614.0 0.0007758970241411589
615.0 0.001225578580488218
616.0 0.0016752605006331578
617.0 0.002155322363250889
618.0 0.0026353844077675603
619.0 0.002257142296002712
620.0 0.0018789000023389235
621.0 0.0015942694517434575
622.0 0.0013096386282995809
623.0 0.0015775183783262037
624.0 0.0018453980374033563
625.0 0.0016405272617703304
626.0 0.0014356566680362448
627.0 0.0019110064386040904
628.0 0.002386356754868757
629.0 0.002176810448872857
630.0 0.001967264324775897
631.0 0.001693504600552842
632.0 0.001419744785380317
633.0 0.0018045959222945385
634.0 0.0021894473320571706
635.0 0.00515060055477079
636.0 0.008111752686090767
637.0 0.015371486369986087
638.0 0.022631218598689884
639.0 0.019669598259497434
640.0 0.01670797646511346
641.0 0.014476978685706854
642.0 0.012245985271874815
643.0 0.009848865011008456
644.0 0.007451745477737859
645.0 0.0066987711761612445
646.0 0.0059457976021803916
647.0 0.005450945536722429
648.0 0.004956093107466586
649.0 0.004084656393388286
650.0 0.003213220406905748
651.0 0.003612476575654
652.0 0.004011732744402252
653.0 0.0032790208933874965
654.0 0.00254630867857486
655.0 0.0027842177587444894
656.0 0.0030221277484088205
657.0 0.002932176175818313
658.0 0.002842224421328865
659.0 0.0027347219656803645
660.0 0.0026272196919308044
661.0 0.0027229543775320053
662.0 0.0028186886993353255
663.0 0.0019390807210584171
664.0 0.0010594728337309789
665.0 0.001558766234666109
666.0 0.00205806009034859
667.0 0.0023510812752647325
668.0 0.0026441026420798153
669.0 0.001961676389328204
670.0 0.0012792503184755333
671.0 0.0009639195923227817
672.0 0.000648588820695295
673.0 0.00130330272440915
674.0 0.0019580169464461505
675.0 0.0020706553186755627
676.0 0.0021832933271070942
677.0 0.0019508503100951202
678.0 0.0017184067473863252
679.0 0.001403868827765109
680.0 0.0010893306352954824
681.0 0.0011843560969282407
682.0 0.0012793812857125886
683.0 0.002402275822532829
684.0 0.0035251705412520096
685.0 0.002854459853551816
686.0 0.0021837495296495035
687.0 0.0016736981706344523
688.0 0.001163646811619401
689.0 0.0015160893781285267
690.0 0.0018685317627387121
691.0 0.002175344343413599
692.0 0.002482156560290605
693.0 0.0028579646823345684
694.0 0.0032337731681764126
695.0 0.003343175194459036
696.0 0.003452576493145898
697.0 0.0037312503991415724
698.0 0.004009923941339366
699.0 0.005966646131128073
700.0 0.00792336868471466
701.0 0.007369995000772178
702.0 0.006816620589233935
703.0 0.006288466101977974
704.0 0.005760310887126252
705.0 0.0051551520300563425
706.0 0.004549993900582194
707.0 0.004326923590269871
708.0 0.004103852916159667
709.0 0.004275289029465057
710.0 0.004446725142770447
711.0 0.003926572026102804
712.0 0.003406419273233041
713.0 0.002469182618369814
714.0 0.0015319461454055272
715.0 0.0021957390345050953
716.0 0.0028595319236046635
717.0 0.0024616916562081315
718.0 0.002063851206912659
719.0 0.0016350764781236649
720.0 0.00120630147648626
721.0 0.0011284318134130444
722.0 0.001050561786541948
723.0 0.000981125958787743
724.0 0.0009116902219830081
725.0 0.0012524211342679337
726.0 0.0015931522284517996
727.0 0.001713392703095451
728.0 0.0018336331777391024
729.0 0.0018408985852147453
730.0 0.0018481641745893285
731.0 0.001355892982246587
732.0 0.000863621971802786
733.0 0.0008823672942526173
734.0 0.0009011124348035082
735.0 0.0009890022738545667
736.0 0.001076892021956155
737.0 0.0012624288501683623
738.0 0.0014479655874310993
739.0 0.001133753357862588
740.0 0.0008195411282940768
741.0 0.001013335622701561
742.0 0.001207129935210105
743.0 0.0015912726667011157
744.0 0.0019754150343942456
745.0 0.0013222608686191961
746.0 0.0006691065664199414
747.0 0.0012080246960977092
748.0 0.0017469428712502122
749.0 0.0023934342607390136
750.0 0.0030399258321267553
751.0 0.0030613431590609252
752.0 0.0030827606678940356
753.0 0.0030671468266518787
754.0 0.003051533531106543
755.0 0.002005844362429343
756.0 0.0009601553756510839
757.0 0.0018955041014123708
758.0 0.0028308528271736577
759.0 0.002702930214582011
760.0 0.0025750072381924838
761.0 0.0045296077587408945
762.0 0.006484209734480828
763.0 0.00584291155973915
764.0 0.005201613384997472
765.0 0.005263441926217638
766.0 0.005325270103639923
767.0 0.0046654793550260365
768.0 0.0040056878788163885
769.0 0.00363234466931317
770.0 0.0032590025512035936
771.0 0.004023065048386343
772.0 0.0047871282731648535
773.0 0.0040116810851031914
774.0 0.0032362335332436487
775.0 0.04952806048095226
776.0 0.004433403591974638
777.0 1.71853785542464e-10
778.0 0.09739221422933042
779.0 0.0602773274295032
780.0 1.71853785542464e-10
781.0 1.71853785542464e-10
782.0 0.03611230931710452
783.0 0.019164507102686912
784.0 1.71853785542464e-10
785.0 0.030520957079716027
786.0 1.71853785542464e-10
787.0 0.04374137497507036
788.0 1.71853785542464e-10
789.0 1.71853785542464e-10
790.0 1.71853785542464e-10
791.0 0.11907096486538649
792.0 0.003423465750529431
793.0 0.0978002673946321
794.0 1.71853785542464e-10
795.0 0.10043417569249868
796.0 0.15771404141560197
797.0 0.11250586248934269
798.0 0.40885042399168015
799.0 0.30297182966023684
800.0 0.38168751634657383
801.0 0.7692651823163033
802.0 1.3964369893074036
803.0 2.0538441836833954
804.0 3.399888426065445
805.0 5.141117423772812
806.0 6.869176775217056
807.0 9.600738435983658
808.0 12.2087262570858
809.0 15.32163918018341
810.0 18.487271666526794
811.0 21.761298179626465
812.0 25.122985243797302
813.0 29.279547929763794
814.0 34.184470772743225
815.0 39.23276364803314
816.0 45.36938667297363
817.0 51.86848044395447
818.0 58.50872993469238
819.0 65.2439534664154
820.0 72.80762195587158
821.0 79.51740622520447
822.0 84.81244444847107
823.0 88.65438103675842
824.0 92.44738817214966
825.0 95.47713994979858
826.0 96.66024446487427
827.0 97.69883751869202
828.0 99.11782145500183
829.0 99.60181713104248
830.0 98.58177304267883
831.0 99.39199090003967
832.0 98.54632616043091
833.0 99.390709400177
834.0 97.7785050868988
835.0 99.02973175048828
836.0 98.74721765518188
837.0 98.83500933647156
838.0 97.7640450000763
839.0 98.48535060882568
840.0 98.80034327507019
841.0 99.06960725784302
842.0 99.20209646224976
843.0 99.63595867156982
844.0 97.63520359992981
845.0 98.1619656085968
846.0 98.77598285675049
847.0 98.64190816879272
848.0 99.73483085632324
849.0 98.67662191390991
850.0 98.23234677314758
851.0 98.87812733650208
852.0 99.0079402923584
853.0 98.51909279823303
854.0 99.37847256660461
855.0 98.28129410743713
856.0 98.92385005950928
857.0 97.83135056495667
858.0 98.45990538597107
859.0 99.07092452049255
860.0 98.7343430519104
861.0 98.7249493598938
862.0 98.69129657745361
863.0 98.37839603424072
864.0 99.49600100517273
865.0 99.81800317764282
866.0 98.50074648857117
867.0 99.29515719413757
868.0 99.93155598640442
869.0 98.69552254676819
870.0 98.04937243461609
871.0 98.55914115905762
872.0 98.98012280464172
873.0 98.96798729896545
874.0 99.8501181602478
875.0 98.84021282196045
876.0 98.48650097846985
877.0 99.20188188552856
878.0 99.03106689453125
879.0 98.24826717376709
880.0 98.24453592300415
881.0 99.99959468841553
882.0 98.85379076004028
883.0 98.50304126739502
884.0 99.06230568885803
885.0 98.75141382217407
886.0 98.45260977745056
887.0 98.43191504478455
888.0 98.85444641113281
889.0 99.6254026889801
890.0 98.260498046875
891.0 99.43796396255493
892.0 98.26647639274597
893.0 98.45409393310547
894.0 98.30136895179749
895.0 99.3553102016449
896.0 98.87353777885437
