lsstCam/transmission_filter_detector/r41_s21/u_24/19700101T000000.ecsv
# %ECSV 1.0
# ---
# datatype:
# - {name: wavelength, unit: nm, datatype: float32}
# - {name: efficiency, unit: '%', datatype: float64}
# meta: !!omap
# - {MODE: DETECTOR}
# - {TYPE: transmission_filter_detector}
# - {CALIBDATE: '1970-01-01T00:00:00'}
# - {INSTRUME: LSSTCam}
# - {OBSTYPE: transmission_filter_detector}
# - {CALIBCLS: lsst.ip.isr.IntermediateFilterDetectorTransmissionCurve}
# - {SOURCE: Materion (DM-46256)}
# - {DETECTOR: 169}
# - {FILTER: u_24}
# - {CALIB_ID: 'calibDate=1970-01-01T00:00:00 filter=u_24 detector=169'}
# - {DATE: '2025-04-02T15:59:40.533810'}
# - {CALIB_CREATION_DATE: '2025-04-02'}
# - {CALIB_CREATION_TIME: '15:59:40'}
# - __serialized_columns__:
#     efficiency:
#       __class__: astropy.units.quantity.Quantity
#       unit: !astropy.units.Unit {unit: '%'}
#       value: !astropy.table.SerializedColumn {name: efficiency}
#     wavelength:
#       __class__: astropy.units.quantity.Quantity
#       unit: !astropy.units.Unit {unit: nm}
#       value: !astropy.table.SerializedColumn {name: wavelength}
# schema: astropy-2.0
wavelength efficiency
[from data line 582]
877.0 0.0034554388548713177
878.0 0.003653757448773831
879.0 0.003653750172816217
880.0 0.003653742533060722
881.0 0.0036286102840676904
882.0 0.00360347876267042
883.0 0.0035456669138511643
884.0 0.003487855428829789
885.0 0.0034917749871965498
886.0 0.0034956945455633104
887.0 0.0035902012314181775
888.0 0.0036847079172730446
889.0 0.003330344770802185
890.0 0.0029759810786345042
891.0 0.0032510029996046796
892.0 0.0035260247386759147
893.0 0.0035095119528705254
894.0 0.0034929988032672554
895.0 0.0035450862924335524
896.0 0.0035971737815998495
897.0 0.0038155198126332834
898.0 0.004033866207464598
899.0 0.004439882468432188
900.0 0.004845899093197659
901.0 0.0049472622777102515
902.0 0.005048625098424964
903.0 0.005334701927495189
904.0 0.005620778392767534
905.0 0.00570215743209701
906.0 0.005783536471426487
907.0 0.00588024158787448
908.0 0.005976946704322472
909.0 0.005941507333773188
910.0 0.005906067963223904
911.0 0.005782684092991985
912.0 0.005659300222760066
913.0 0.005658010559272952
914.0 0.005656720895785838
915.0 0.005480065738083795
916.0 0.00530341021658387
917.0 0.005349012644728646
918.0 0.005394615436671302
919.0 0.005493136268341914
920.0 0.005591657100012526
921.0 0.005549663910642266
922.0 0.005507670721272007
923.0 0.005737807441619225
924.0 0.005967944525764324
925.0 0.006561189366038889
926.0 0.007154434570111334
927.0 0.0075806776294484735
928.0 0.00800691923359409
929.0 0.008098916441667825
930.0 0.008190915832528844
931.0 0.0083647966675926
932.0 0.008538678230252117
933.0 0.008077912934822962
934.0 0.007617148366989568
935.0 0.007615986396558583
936.0 0.007614822970936075
937.0 0.00691797977196984
938.0 0.006221135845407844
939.0 0.005968496043351479
940.0 0.005715856605092995
941.0 0.0055809687182772905
942.0 0.005446081195259467
943.0 0.004845865987590514
944.0 0.004245651143719442
945.0 0.0037517675082199275
946.0 0.003257883872720413
947.0 0.0030885097658028826
948.0 0.002919135476986412
949.0 0.002542593028920237
950.0 0.0021660507627530023
951.0 0.0020573283109115437
952.0 0.0019486054952722043
953.0 0.0019681900084833615
954.0 0.0019877743397955783
955.0 0.0021021687643951736
956.0 0.0022165628251968883
957.0 0.0025866653231787495
958.0 0.002956768003059551
959.0 0.003414671664359048
960.0 0.003872574961860664
961.0 0.004183383862255141
962.0 0.004494192762649618
963.0 0.004899096529697999
964.0 0.005304000296746381
965.0 0.0056495518947485834
966.0 0.005995103492750786
967.0 0.00593255645071622
968.0 0.005870009044883773
969.0 0.005533929288503714
970.0 0.005197849895921536
971.0 0.00537890700798016
972.0 0.005559964120038785
973.0 0.005398991925176233
974.0 0.005238020094111562
975.0 0.004707308471552096
976.0 0.004176596848992631
977.0 0.004412362613948062
978.0 0.004648128015105613
979.0 0.0044271851947996765
980.0 0.0042062423744937405
981.0 0.004133257971261628
982.0 0.004060273931827396
983.0 0.004098822319065221
984.0 0.004137371070100926
985.0 0.004242985596647486
986.0 0.004348599395598285
987.0 0.00500297755934298
988.0 0.0056573549954919145
989.0 0.006307220610324293
990.0 0.006957086588954553
991.0 0.007727833872195333
992.0 0.008498581883031875
993.0 0.009078615403268486
994.0 0.00965865037869662
995.0 0.009487738134339452
996.0 0.009316825889982283
997.0 0.008747908577788621
998.0 0.008178989810403436
999.0 0.007547836139565334
1000.0 0.006916682468727231
1001.0 0.006273247709032148
1002.0 0.005629813676932827
1003.0 0.005466230140882544
1004.0 0.0053026469686301425
1005.0 0.004971155431121588
1006.0 0.004639663893613033
1007.0 0.004484644887270406
1008.0 0.004329625880927779
1009.0 0.004326128328102641
1010.0 0.004322630411479622
1011.0 0.0039575370465172455
1012.0 0.0035924429539591074
1013.0 0.0030462266295216978
1014.0 0.0025000101231853478
1015.0 0.0023732412955723703
1016.0 0.002246472467959393
1017.0 0.0021410034605651163
1018.0 0.0020355342712718993
1019.0 0.002104585655615665
1020.0 0.0021736368580604903
1021.0 0.0020443245375645347
1022.0 0.001915012217068579
1023.0 0.0019777511624852195
1024.0 0.0020404902898008004
1025.0 0.0021206567907938734
1026.0 0.0022008232917869464
1027.0 0.0023612517907167785
1028.0 0.002521680471545551
1029.0 0.0024639299226691946
1030.0 0.0024061795556917787
1031.0 0.002419146585452836
1032.0 0.0024321136152138934
1033.0 0.0027135627533425577
1034.0 0.0029950117095722817
1035.0 0.003056808782275766
1036.0 0.0031186056730803102
1037.0 0.0030048149710637517
1038.0 0.0028910239052493125
1039.0 0.0030401004551094957
1040.0 0.003189176641171798
1041.0 0.002991539986396674
1042.0 0.0027939031497226097
1043.0 0.0027011235943064094
1044.0 0.0026083436750923283
1045.0 0.0025565352189005353
1046.0 0.002504726580809802
1047.0 0.0025294524675700814
1048.0 0.0025541785362293012
1049.0 0.0023682336177444085
1050.0 0.0021822885173605755
1051.0 0.0020079627574887127
1052.0 0.0018336368157179095
1053.0 0.0016348993085557595
1054.0 0.0014361617104441393
1055.0 0.001729701216390822
1056.0 0.0020232406313880347
1057.0 0.0016729118215152994
1058.0 0.001322583466389915
1059.0 0.0013425047654891387
1060.0 0.0013624265193357132
1061.0 0.0019347055058460683
1062.0 0.0025069846742553636
1063.0 0.002725765989453066
1064.0 0.0029445471227518283
1065.0 0.0020428002244443633
1066.0 0.001141053144237958
1067.0 0.0012189618246338796
1068.0 0.0012968705050298013
1069.0 0.0016158046491909772
1070.0 0.0019347384295542724
1071.0 0.001283720939682098
1072.0 0.0006327035407593939
1073.0 0.0021648771507898346
1074.0 0.0036970508517697453
1075.0 0.0033677370083751157
1076.0 0.0030384235287783667
1077.0 0.0037338446418289095
1078.0 0.004429265754879452
1079.0 0.005163560126675293
1080.0 0.005897854862269014
1081.0 0.0047649860789533705
1082.0 0.003632118023233488
1083.0 0.004863029607804492
1084.0 0.0060939419199712574
1085.0 0.005728898395318538
1086.0 0.005363855962059461
1087.0 0.0052031460654689
1088.0 0.0050424358050804585
1089.0 0.004362590698292479
1090.0 0.0036827463191002607
1091.0 0.004616948353941552
1092.0 0.005551150024984963
1093.0 0.004667334724217653
1094.0 0.0037835194234503433
1095.0 0.004344155968283303
1096.0 0.0049047917855205014
1097.0 0.003934006599592976
1098.0 0.0029632201403728686
1099.0 0.00464061631646473
1100.0 0.00631801231065765
