lsstCam/transmission_filter_detector/r41_s21/u_24/19700101T000000.ecsv
# %ECSV 1.0
# ---
# datatype:
# - {name: wavelength, unit: nm, datatype: float32}
# - {name: efficiency, unit: '%', datatype: float64}
# meta: !!omap
# - {MODE: DETECTOR}
# - {TYPE: transmission_filter_detector}
# - {CALIBDATE: '1970-01-01T00:00:00'}
# - {INSTRUME: LSSTCam}
# - {OBSTYPE: transmission_filter_detector}
# - {CALIBCLS: lsst.ip.isr.IntermediateFilterDetectorTransmissionCurve}
# - {SOURCE: Materion (DM-46256)}
# - {DETECTOR: 169}
# - {FILTER: u_24}
# - {CALIB_ID: 'calibDate=1970-01-01T00:00:00 filter=u_24 detector=169'}
# - {DATE: '2025-04-02T15:59:40.533810'}
# - {CALIB_CREATION_DATE: '2025-04-02'}
# - {CALIB_CREATION_TIME: '15:59:40'}
# - __serialized_columns__:
#     efficiency:
#       __class__: astropy.units.quantity.Quantity
#       unit: !astropy.units.Unit {unit: '%'}
#       value: !astropy.table.SerializedColumn {name: efficiency}
#     wavelength:
#       __class__: astropy.units.quantity.Quantity
#       unit: !astropy.units.Unit {unit: nm}
#       value: !astropy.table.SerializedColumn {name: wavelength}
# schema: astropy-2.0
wavelength efficiency
295.0 1.9519431643938434e-10
296.0 1.9519431643938434e-10
297.0 1.9519431643938434e-10
298.0 1.9519431643938434e-10
299.0 1.9519431643938434e-10
300.0 1.9519431643938434e-10
301.0 1.9519431643938434e-10
302.0 1.9519431643938434e-10
303.0 1.9519431643938434e-10
304.0 0.2970110857859254
305.0 1.4751817099750042
306.0 3.287189081311226
307.0 5.461655929684639
308.0 8.15894827246666
309.0 11.887743324041367
310.0 15.908659994602203
311.0 19.682109355926514
312.0 23.249047994613647
313.0 26.07337236404419
314.0 28.709298372268677
315.0 31.338050961494446
316.0 33.946943283081055
317.0 37.160587310791016
318.0 41.18970036506653
319.0 46.17503583431244
320.0 52.48931646347046
321.0 58.02776217460632
322.0 63.59877586364746
323.0 68.22335720062256
324.0 71.75213098526001
325.0 74.08339977264404
326.0 76.05180144309998
327.0 77.67649292945862
328.0 79.36412692070007
329.0 80.73548674583435
330.0 81.4883828163147
331.0 81.88563585281372
332.0 82.17259049415588
333.0 82.24727511405945
334.0 82.34513401985168
335.0 82.85737633705139
336.0 83.39263200759888
337.0 84.16920900344849
338.0 84.98085737228394
339.0 85.51868200302124
340.0 85.69185137748718
341.0 86.11145615577698
342.0 86.43447160720825
343.0 86.29664778709412
344.0 86.63645386695862
345.0 87.03946471214294
346.0 87.40960955619812
347.0 87.78923749923706
348.0 87.97774910926819
349.0 88.15330862998962
350.0 88.10760974884033
351.0 88.31750154495239
352.0 88.23226690292358
353.0 88.27844262123108
354.0 88.18684220314026
355.0 88.28996419906616
356.0 88.29888701438904
357.0 88.10224533081055
358.0 87.6927375793457
359.0 87.30441927909851
360.0 87.17305660247803
361.0 87.0299756526947
362.0 86.97410821914673
363.0 87.20320463180542
364.0 87.42302656173706
365.0 87.89268732070923
366.0 88.20931911468506
367.0 88.20990920066833
368.0 88.250070810318
369.0 88.39799761772156
370.0 88.31778764724731
371.0 88.31759691238403
372.0 88.48016858100891
373.0 88.80775570869446
374.0 88.84451985359192
375.0 89.2869770526886
376.0 89.44514989852905
377.0 89.55573439598083
378.0 89.48932886123657
379.0 88.86778950691223
380.0 87.76639103889465
381.0 86.10656261444092
382.0 84.03875231742859
383.0 82.02788233757019
384.0 79.86202239990234
385.0 77.16063261032104
386.0 74.3464469909668
387.0 70.39845585823059
388.0 66.32834076881409
389.0 61.49607300758362
390.0 57.09245800971985
391.0 52.7945876121521
392.0 48.61051142215729
393.0 45.029279589653015
394.0 41.41989350318909
395.0 36.96732521057129
396.0 31.880632042884827
397.0 25.00140070915222
398.0 18.104301393032074
399.0 11.414261162281036
400.0 6.001417338848114
401.0 2.5767944753170013
402.0 0.8505772799253464
403.0 0.297922664321959
404.0 0.14471879694610834
405.0 0.04379114252515137
406.0 0.0013070154636807274
407.0 0.0018201479178969748
408.0 1.9519431643938434e-10
409.0 0.0011545675988600124
410.0 1.9519431643938434e-10
411.0 1.9519431643938434e-10
412.0 1.9519431643938434e-10
413.0 1.9519431643938434e-10
414.0 1.9519431643938434e-10
415.0 1.9519431643938434e-10
416.0 1.9519431643938434e-10
417.0 1.9519431643938434e-10
418.0 1.9519431643938434e-10
419.0 1.9519431643938434e-10
420.0 1.9519431643938434e-10
421.0 1.9519431643938434e-10
422.0 1.9519431643938434e-10
423.0 1.9519431643938434e-10
424.0 1.9519431643938434e-10
425.0 1.9519431643938434e-10
426.0 1.9519431643938434e-10
427.0 1.9519431643938434e-10
428.0 0.0004819883542950265
429.0 1.9519431643938434e-10
430.0 1.9519431643938434e-10
431.0 1.9519431643938434e-10
432.0 1.9519431643938434e-10
433.0 0.0005642196811095346
434.0 0.0013865105756849516
435.0 0.0009606354979041498
436.0 0.000534760420123348
437.0 1.9519431643938434e-10
438.0 1.9519431643938434e-10
439.0 0.0006047093847882934
440.0 0.0018566684957477264
441.0 0.0015379524484160356
442.0 0.0012192363101348747
443.0 1.9519431643938434e-10
444.0 1.9519431643938434e-10
445.0 1.9519431643938434e-10
446.0 1.9519431643938434e-10
447.0 0.00018393340042166528
448.0 0.0016652376871206798
449.0 0.0012968034752702806
450.0 0.0009283697181672323
451.0 0.001199538655782817
452.0 0.0014707076843478717
453.0 0.0008133420124067925
454.0 0.00015597643141518347
455.0 1.9519431643938434e-10
456.0 1.9519431643938434e-10
457.0 1.9519431643938434e-10
458.0 0.0001749055968502944
459.0 8.187564048967033e-05
460.0 1.9519431643938434e-10
461.0 0.00011323826356601785
462.0 0.00023763075205351925
463.0 1.9519431643938434e-10
464.0 1.9519431643938434e-10
465.0 1.9519431643938434e-10
466.0 1.9519431643938434e-10
467.0 0.00021576881863438757
468.0 0.0006959779057069682
469.0 1.9519431643938434e-10
470.0 1.9519431643938434e-10
471.0 1.9519431643938434e-10
472.0 1.9519431643938434e-10
473.0 1.9519431643938434e-10
474.0 1.9519431643938434e-10
475.0 1.9519431643938434e-10
476.0 1.9519431643938434e-10
477.0 1.9519431643938434e-10
478.0 1.9519431643938434e-10
479.0 1.9519431643938434e-10
480.0 1.9519431643938434e-10
481.0 1.9519431643938434e-10
482.0 1.9519431643938434e-10
483.0 1.9519431643938434e-10
484.0 1.9519431643938434e-10
485.0 1.9519431643938434e-10
486.0 1.9519431643938434e-10
487.0 1.9519431643938434e-10
488.0 1.9519431643938434e-10
489.0 0.00016465804719700827
490.0 0.000594979792367667
491.0 0.00023738014078844571
492.0 1.9519431643938434e-10
493.0 1.9519431643938434e-10
494.0 1.9519431643938434e-10
495.0 1.9519431643938434e-10
496.0 1.9519431643938434e-10
497.0 1.9519431643938434e-10
498.0 0.00027260780370852444
499.0 5.429104632526105e-06
500.0 1.9519431643938434e-10
501.0 0.0002126449771822081
502.0 0.0006870393917779438
503.0 0.00030325008992804214
504.0 1.9519431643938434e-10
505.0 1.9519431643938434e-10
506.0 1.5136320996589347e-05
507.0 3.1497887675868697e-05
508.0 4.785941314366937e-05
509.0 1.9519431643938434e-10
510.0 1.9519431643938434e-10
511.0 1.9519431643938434e-10
512.0 1.9519431643938434e-10
513.0 1.9519431643938434e-10
514.0 1.9519431643938434e-10
515.0 1.9519431643938434e-10
516.0 1.9519431643938434e-10
517.0 1.9519431643938434e-10
518.0 1.9519431643938434e-10
519.0 1.9519431643938434e-10
520.0 1.9519431643938434e-10
521.0 1.9519431643938434e-10
522.0 1.9519431643938434e-10
523.0 0.00010911413710346096
524.0 0.000307855384562572
525.0 4.638315260763193e-05
526.0 1.9519431643938434e-10
527.0 1.9519431643938434e-10
528.0 1.9519431643938434e-10
529.0 1.9519431643938434e-10
530.0 1.9519431643938434e-10
531.0 1.9519431643938434e-10
532.0 1.9519431643938434e-10
533.0 1.9519431643938434e-10
534.0 0.00022413687474909239
535.0 7.181016314916633e-06
536.0 1.9519431643938434e-10
537.0 1.9519431643938434e-10
538.0 1.9519431643938434e-10
539.0 1.9519431643938434e-10
540.0 8.2414555890864e-05
541.0 1.9519431643938434e-10
542.0 1.9519431643938434e-10
543.0 1.9519431643938434e-10
544.0 1.9519431643938434e-10
545.0 1.9519431643938434e-10
546.0 1.9519431643938434e-10
547.0 1.9519431643938434e-10
548.0 1.9519431643938434e-10
549.0 1.9519431643938434e-10
550.0 1.9519431643938434e-10
551.0 1.9519431643938434e-10
552.0 1.9519431643938434e-10
553.0 1.9519431643938434e-10
554.0 1.9519431643938434e-10
555.0 1.9519431643938434e-10
556.0 1.9519431643938434e-10
557.0 1.9519431643938434e-10
558.0 2.8799021833947336e-05
559.0 4.67283683747155e-05
560.0 6.465771207331272e-05
561.0 1.9519431643938434e-10
562.0 1.9519431643938434e-10
563.0 1.9519431643938434e-10
564.0 1.9519431643938434e-10
565.0 0.00015281394780686242
566.0 0.000506384367326973
567.0 0.0005807657089462737
568.0 0.0006551470505655743
569.0 0.0005958589554211358
570.0 0.0005365708602766972
571.0 0.0004202252512186533
572.0 0.0003038798013221822
573.0 0.0003159863808832597
574.0 0.0003280929604443372
575.0 0.0003824605755653465
576.0 0.0004368281224742532
577.0 0.0003603320237743901
578.0 0.00028383603876136476
579.0 0.0005935038188908948
580.0 0.0009031717127072625
581.0 0.0007156649644457502
582.0 0.0005281583071337081
583.0 0.000682803738527582
584.0 0.0008374492608709261
585.0 0.0008899155545805115
586.0 0.000942381848290097
587.0 0.0006722941634507151
588.0 0.00040220634218712803
589.0 0.0005902145858271979
590.0 0.0007782226020935923
591.0 0.000692518233336159
592.0 0.0006068137736292556
593.0 0.0007570157777081477
594.0 0.0009072177817870397
595.0 0.0011621518751780968
596.0 0.001417086059518624
597.0 0.0019141802113153972
598.0 0.00241127418121323
599.0 0.0025322211513412185
600.0 0.0026531679395702668
601.0 0.002522032809793018
602.0 0.002390897680015769
603.0 0.0020587327526300214
604.0 0.001726567825244274
605.0 0.0014090765944274608
606.0 0.0010915852726611774
607.0 0.0008127001819957513
608.0 0.0005338149094313849
609.0 0.00046990207920316607
610.0 0.0004059891580254771
611.0 0.0003598659077397315
612.0 0.0003137427256660885
613.0 0.0004386693490232574
614.0 0.0005635961770167341
615.0 0.0004188512775726849
616.0 0.00027410656002757605
617.0 0.0003359324182383716
618.0 0.00039775832192390226
619.0 0.0005317237992130686
620.0 0.0006656891400780296
621.0 0.0006241332812351175
622.0 0.0005825772859680001
623.0 0.0007800005732860882
624.0 0.0009774235877557658
625.0 0.0011825519322883338
626.0 0.0013876802768209018
627.0 0.0013790855518891476
628.0 0.0013704907360079233
629.0 0.0017073685739887878
630.0 0.002044246139121242
631.0 0.0022276353774941526
632.0 0.0024110247977660038
633.0 0.0027847148885484785
634.0 0.003158404797432013
635.0 0.0030474540835712105
636.0 0.002936503187811468
637.0 0.002358617894060444
638.0 0.0017807326003094204
639.0 0.0015148638340178877
640.0 0.001248995067726355
641.0 0.0009712607607070822
642.0 0.0006935264082130743
643.0 0.00034884958495240426
644.0 4.172608925046006e-06
645.0 6.880832188471686e-05
646.0 0.0001334439389211184
647.0 0.0005153870461072074
648.0 0.0008973302101367153
649.0 0.0007430768164340407
650.0 0.0005888233772566309
651.0 0.00106691686596605
652.0 0.001545010309200734
653.0 0.0018446211470291018
654.0 0.00214423198485747
655.0 0.0024223310902016237
656.0 0.0027004301955457777
657.0 0.0032241441658698022
658.0 0.003747858136193827
659.0 0.0036648638342740014
660.0 0.0035818698961520568
661.0 0.003019252108060755
662.0 0.0024566345018683933
663.0 0.002028151720878668
664.0 0.0015996687579900026
665.0 0.0013394225788943004
666.0 0.001079176308849128
667.0 0.000936754895519698
668.0 0.0007943335731397383
669.0 0.0005641877123707673
670.0 0.0003340417379149585
671.0 0.0005079295533505501
672.0 0.0006818174369982444
673.0 0.0009000549653137568
674.0 0.0011182924936292693
675.0 0.0015256446204148233
676.0 0.0019329967472003773
677.0 0.0025733876100275666
678.0 0.003213778472854756
679.0 0.004400959005579352
680.0 0.00558813990210183
681.0 0.007718417327851057
682.0 0.009848694753600284
683.0 0.011134002852486446
684.0 0.012419314589351416
685.0 0.011302964412607253
686.0 0.010186616418650374
687.0 0.008365979738300666
688.0 0.006545342330355197
689.0 0.005363436139305122
690.0 0.0041815295844571665
691.0 0.00369793560821563
692.0 0.0032143416319740936
693.0 0.0025108931367867626
694.0 0.0018074446415994316
695.0 0.001293192690354772
696.0 0.000778940648160642
697.0 0.0006327197297650855
698.0 0.0004864987658947939
699.0 0.0004795451332029188
700.0 0.0004725914550363086
701.0 0.0004911755240755156
702.0 0.0005097594566905173
703.0 0.000535281606062199
704.0 0.0005608036190096755
705.0 0.0007153070782806026
706.0 0.0008698104466020595
707.0 0.0008695579708728474
708.0 0.0008693055860931054
709.0 0.0008327748219016939
710.0 0.0007962442396092229
711.0 0.0007841429578547832
712.0 0.0007720418579992838
713.0 0.000694506070431089
714.0 0.0006169703283376293
715.0 0.00042774049688887317
716.0 0.00023851064270274946
717.0 0.00029665432066394715
718.0 0.0003547978849383071
719.0 0.00023633560886082705
720.0 0.00011787324183387682
721.0 0.00016198446246562526
722.0 0.00020609572857210878
723.0 0.0003484822627797257
724.0 0.000490868978886283
725.0 0.00044076264202885795
726.0 0.0003906563961209031
727.0 0.00032179657409869833
728.0 0.0002529367066017585
729.0 0.00020582835986715509
730.0 0.00015872001313255168
731.0 0.00033495709885755787
732.0 0.000511194184582564
733.0 0.0003675568223115988
734.0 0.00022391939182853093
735.0 0.00046961704356363043
736.0 0.0007153147635108326
737.0 0.0006539522928505903
738.0 0.0005925898221903481
739.0 0.0013994390428706538
740.0 0.0022062882635509595
741.0 0.0028007067157886922
742.0 0.0033951255318243057
743.0 0.003745018329937011
744.0 0.004094911491847597
745.0 0.004479987546801567
746.0 0.004865063237957656
747.0 0.004632841591956094
748.0 0.004400619582156651
749.0 0.004085278487764299
750.0 0.0037699370295740664
751.0 0.0035637669498100877
752.0 0.0033575965062482283
753.0 0.0031066356314113364
754.0 0.002855674574675504
755.0 0.0023960854377946816
756.0 0.0019364961190149188
757.0 0.001406703086104244
758.0 0.0008769100531935692
759.0 0.0007393357009277679
760.0 0.0006017613031872315
761.0 0.0005670398877555272
762.0 0.0005323183358996175
763.0 0.00043496379475982394
764.0 0.00033760925362003036
765.0 0.00041933067222998943
766.0 0.0005010520453652134
767.0 0.00040235040614788886
768.0 0.00030364878966793185
769.0 0.00043592135625658557
770.0 0.000568194036532077
771.0 0.0007271602044056635
772.0 0.0008861265996529255
773.0 0.0009019450772029813
774.0 0.0009177633728540968
775.0 0.0007396328328468371
776.0 0.0005615022928395774
777.0 0.0007745204129605554
778.0 0.0009875387149804737
779.0 0.0010227770872006658
780.0 0.0010580153684713878
781.0 0.0011625370461842977
782.0 0.0012670585419982672
783.0 0.0013478345863404684
784.0 0.0014286104487837292
785.0 0.0014873166946927086
786.0 0.0015460227587027475
787.0 0.0013314241186890285
788.0 0.0011168254786753096
789.0 0.0009544236490910407
790.0 0.0007920217285573017
791.0 0.0006673228654108243
792.0 0.000542624047739082
793.0 0.0006357370693876874
794.0 0.0007288500000868225
795.0 0.0005401094767876202
796.0 0.000351368998963153
797.0 0.00017515679928692407
798.0 1.9519431643938434e-10
799.0 4.266358928362024e-05
800.0 8.63826755903574e-05
801.0 0.00020023146589664975
802.0 0.0003140803755741217
803.0 0.00014324205039883964
804.0 1.9519431643938434e-10
805.0 2.9284035463206237e-05
806.0 8.616433433417114e-05
807.0 0.00024166220100596547
808.0 0.000397160056309076
809.0 0.0002580486125225434
810.0 0.00011893727105416474
811.0 0.0001788414920156356
812.0 0.00023874570160842268
813.0 0.00016262002873190795
814.0 8.649437290841888e-05
815.0 0.00025114347863564035
816.0 0.00041579237404221203
817.0 0.0003213764784959494
818.0 0.00022696062842442188
819.0 0.0003394568693693145
820.0 0.00045195315578894224
821.0 0.0003844232651317725
822.0 0.00031689332899986766
823.0 0.00018323038375456235
824.0 4.9567466930966475e-05
825.0 9.741835356180673e-05
826.0 0.00014526921177093755
827.0 4.440455541043775e-05
828.0 1.9519431643938434e-10
829.0 0.00013284380884215352
830.0 0.0003221477982151555
831.0 7.522484679611807e-05
832.0 1.9519431643938434e-10
833.0 1.9519431643938434e-10
834.0 1.9519431643938434e-10
835.0 1.9519431643938434e-10
836.0 1.9519431643938434e-10
837.0 1.9519431643938434e-10
838.0 0.00017861270862340461
839.0 5.286429427542316e-05
840.0 1.9519431643938434e-10
841.0 9.893460628518369e-05
842.0 0.000270753116637934
843.0 0.00027452485937828897
844.0 0.0002782963747449685
845.0 5.42774841960636e-05
846.0 1.9519431643938434e-10
847.0 1.3227897888157258e-06
848.0 0.0001723869445413584
849.0 0.00018716082195169292
850.0 0.00020193449472571956
851.0 0.0003958184151997557
852.0 0.0005897023129364243
853.0 0.0008613081263320055
854.0 0.0011329138942528516
855.0 0.0010114594260812737
856.0 0.0008900054126570467
857.0 0.0010288565135851968
858.0 0.0011677075235638767
859.0 0.0013404736819211394
860.0 0.0015132397493289318
861.0 0.0018073400497087277
862.0 0.002101440441037994
863.0 0.002140831929864362
864.0 0.0021802236005896702
865.0 0.002210306229244452
866.0 0.0022403886760002933
867.0 0.0022382942916010506
868.0 0.002236199907201808
869.0 0.002422733996354509
870.0 0.002609268449305091
871.0 0.002602838503662497
872.0 0.0025964085580199026
873.0 0.0028581474907696247
874.0 0.0031198866054182872
875.0 0.003188503615092486
