lsstCam/transmission_filter_detector/r31_s21/z_20/19700101T000000.ecsv
# %ECSV 1.0
# ---
# datatype:
# - {name: wavelength, unit: nm, datatype: float32}
# - {name: efficiency, unit: '%', datatype: float64}
# meta: !!omap
# - {MODE: DETECTOR}
# - {TYPE: transmission_filter_detector}
# - {CALIBDATE: '1970-01-01T00:00:00'}
# - {INSTRUME: LSSTCam}
# - {OBSTYPE: transmission_filter_detector}
# - {CALIBCLS: lsst.ip.isr.IntermediateFilterDetectorTransmissionCurve}
# - {SOURCE: Materion (DM-46256)}
# - {DETECTOR: 133}
# - {FILTER: z_20}
# - {CALIB_ID: 'calibDate=1970-01-01T00:00:00 filter=z_20 detector=133'}
# - {DATE: '2025-04-02T15:59:49.256462'}
# - {CALIB_CREATION_DATE: '2025-04-02'}
# - {CALIB_CREATION_TIME: '15:59:49'}
# - __serialized_columns__:
#     efficiency:
#       __class__: astropy.units.quantity.Quantity
#       unit: !astropy.units.Unit {unit: '%'}
#       value: !astropy.table.SerializedColumn {name: efficiency}
#     wavelength:
#       __class__: astropy.units.quantity.Quantity
#       unit: !astropy.units.Unit {unit: nm}
#       value: !astropy.table.SerializedColumn {name: wavelength}
# schema: astropy-2.0
wavelength efficiency
300.0 0.37305853329598904
301.0 0.33001608680933714
302.0 0.2869736170396209
303.0 0.23432536981999874
304.0 0.1816771226003766
305.0 0.17042647814378142
306.0 0.1591757987625897
307.0 0.14959294348955154
308.0 0.14001005329191685
309.0 0.13227997114881873
310.0 0.12454987736418843
311.0 0.11441491078585386
312.0 0.10427993256598711
313.0 0.09680042858235538
314.0 0.08932091295719147
315.0 0.08462238474749029
316.0 0.07992385071702302
317.0 0.07365249330177903
318.0 0.06738113006576896
319.0 0.06459926371462643
320.0 0.06181740318425
321.0 0.058837898541241884
322.0 0.05585839971899986
323.0 0.05435533821582794
324.0 0.05285227671265602
325.0 0.05065219011157751
326.0 0.048452100600115955
327.0 0.04282271838746965
328.0 0.0371933332644403
329.0 0.037275158683769405
330.0 0.03735698410309851
331.0 0.035437094629742205
332.0 0.03351720224600285
333.0 0.03024593461304903
334.0 0.026974666980095208
335.0 0.02623537729959935
336.0 0.02549608761910349
337.0 0.020232124370522797
338.0 0.014968161121942103
339.0 0.016889955441001803
340.0 0.018811752670444548
341.0 0.01667535543674603
342.0 0.014538958203047514
343.0 0.01491577277192846
344.0 0.01529258443042636
345.0 0.01369454839732498
346.0 0.012096511636627838
347.0 0.01265308674192056
348.0 0.013209661119617522
349.0 0.013482387294061482
350.0 0.013755113468505442
351.0 0.012393761426210403
352.0 0.011032413749489933
353.0 0.011622248712228611
354.0 0.012212086585350335
355.0 0.01163294873549603
356.0 0.011053809430450201
357.0 0.01102289097616449
358.0 0.010991971794283018
359.0 0.010345868940930814
360.0 0.009699766815174371
361.0 0.009946019417839125
362.0 0.010192274930886924
363.0 0.010221248521702364
364.0 0.010250221384922042
365.0 0.010009272227762267
366.0 0.009768323070602491
367.0 0.009078854054678231
368.0 0.008389383583562449
369.0 0.008965078450273722
370.0 0.009540774044580758
371.0 0.00884780747583136
372.0 0.008154842362273484
373.0 0.008014035120140761
374.0 0.007873227878008038
375.0 0.00653346796752885
376.0 0.005193708784645423
377.0 0.005148734999238513
378.0 0.005103761577629484
379.0 0.005246397631708533
380.0 0.005389034049585462
381.0 0.005147754563950002
382.0 0.004906474714516662
383.0 0.004639620965463109
384.0 0.004372766852611676
385.0 0.00444092474936042
386.0 0.004509082646109164
387.0 0.004366047869552858
388.0 0.004223013456794433
389.0 0.004332110984250903
390.0 0.004441208511707373
391.0 0.004065854227519594
392.0 0.0036904999433318153
393.0 0.003714472404681146
394.0 0.003738444866030477
395.0 0.0035601431591203436
396.0 0.0033818414522102103
397.0 0.0035453278542263433
398.0 0.0037088142562424764
399.0 0.0038965994463069364
400.0 0.0040843846363713965
401.0 0.004747758430312388
402.0 0.00541113295184914
403.0 0.005164179674466141
404.0 0.004917226397083141
405.0 0.004574231934384443
406.0 0.004231237107887864
407.0 0.004003221692983061
408.0 0.003775206278078258
409.0 0.0036107019695919007
410.0 0.003446198388701305
411.0 0.0042954616219503805
412.0 0.005144724855199456
413.0 0.004936317782266997
414.0 0.004727911436930299
415.0 0.004458158218767494
416.0 0.0041884057282004505
417.0 0.003164623922202736
418.0 0.002140842843800783
419.0 0.0027042966394219548
420.0 0.003267750798841007
421.0 0.0026827237888937816
422.0 0.0020976969608454965
423.0 0.002740648233157117
424.0 0.0033835996873676777
425.0 0.0036399258533492684
426.0 0.0038962516555329785
427.0 0.003450955409789458
428.0 0.0030056593459448777
429.0 0.0021925159671809524
430.0 0.001379372497467557
431.0 0.0015842368156882003
432.0 0.0017891010429593734
433.0 0.001966206582437735
434.0 0.0021433119400171563
435.0 0.003235725307604298
436.0 0.00432813867519144
437.0 0.003226735134376213
438.0 0.0021253312297631055
439.0 0.0020757906895596534
440.0 0.0020262501493562013
441.0 0.002079270052490756
442.0 0.0021322899556253105
443.0 0.00200495524040889
444.0 0.0018776205251924694
445.0 0.0015609139154548757
446.0 0.0012442073966667522
447.0 0.0015934134353301488
448.0 0.0019426195649430156
449.0 0.002059767757600639
450.0 0.0021769155864603817
451.0 0.002017960105149541
452.0 0.0018590042600408196
453.0 0.0022648531739832833
454.0 0.0026707017241278663
455.0 0.0023166898245108314
456.0 0.0019626779248937964
457.0 0.0015170598089753184
458.0 0.0010714413292589597
459.0 0.0013961235708848108
460.0 0.0017208059944096021
461.0 0.0013826264876115602
462.0 0.0010444472536619287
463.0 0.0010670237315935083
464.0 0.0010896001185756177
465.0 0.001063870240614051
466.0 0.0010381404536019545
467.0 0.0010012401617132127
468.0 0.0009643397788750008
469.0 0.0010520860087126493
470.0 0.0011398321476008277
471.0 0.0012514816262410022
472.0 0.0013631311048811767
473.0 0.0014259467207011767
474.0 0.0014887623365211766
475.0 0.001542976315249689
476.0 0.001597190203028731
477.0 0.0013527444025385194
478.0 0.0011082986929977778
479.0 0.0014314426152850501
480.0 0.0017545866285217926
481.0 0.001526788946648594
482.0 0.001298991082876455
483.0 0.0011010034540959168
484.0 0.0009030158253153786
485.0 0.0014849736544420011
486.0 0.002066931665467564
487.0 0.0015184308722382411
488.0 0.0009699301699583884
489.0 0.0011519140571181197
490.0 0.0013338981261767913
491.0 0.0013486400348483585
492.0 0.0013633817616209853
493.0 0.0014777313481317833
494.0 0.001592080843693111
495.0 0.001491404964326648
496.0 0.0013907293578085955
497.0 0.0015786290532560088
498.0 0.0017665288396528922
499.0 0.0019756957044592127
500.0 0.002184862387366593
501.0 0.0017827758711064234
502.0 0.0013806892638967838
503.0 0.0011310692570987158
504.0 0.0008814492503006477
505.0 0.0015499734217883088
506.0 0.002218497138528619
507.0 0.0018630113117978908
508.0 0.0015075253031682223
509.0 0.001204278669320047
510.0 0.0009010319445224013
511.0 0.001038239679473918
512.0 0.0011754472325264942
513.0 0.0014078010281082243
514.0 0.0016401549146394245
515.0 0.0014853657376079354
516.0 0.0013305767424753867
517.0 0.0011766062016249634
518.0 0.0010226359336229507
519.0 0.0014681838365504518
520.0 0.0019137316485284828
521.0 0.0020513523850240745
522.0 0.002188973121519666
523.0 0.001691404941084329
524.0 0.001193836305901641
525.0 0.0011193821592314634
526.0 0.0010449279216118157
527.0 0.001070518555934541
528.0 0.0010961091902572662
529.0 0.0011589543646550737
530.0 0.0012217994481034111
531.0 0.0012437991244951263
532.0 0.0012657989827857818
533.0 0.0014118425497144926
534.0 0.0015578860256937332
535.0 0.001699219865258783
536.0 0.0018405538867227733
537.0 0.0017140526324510574
538.0 0.001587551560078282
539.0 0.0012829983461415395
540.0 0.0009784452231542673
541.0 0.0010221247976005543
542.0 0.0010658043720468413
543.0 0.0008685612556291744
544.0 0.0006713180482620373
545.0 0.0012773964044754393
546.0 0.0018834747606888413
547.0 0.0018059359717881307
548.0 0.0017283970009884797
549.0 0.001827970118029043
550.0 0.0019275432350696065
551.0 0.0017332304196315818
552.0 0.001538917604193557
553.0 0.0017844637113739736
554.0 0.0020300098185543902
555.0 0.0018669123164727353
556.0 0.0017038148143910803
557.0 0.0013360013326746412
558.0 0.0009681881238066126
559.0 0.0011743311006284785
560.0 0.0013804740774503443
561.0 0.0011970952073170338
562.0 0.0010137163371837232
563.0 0.001341187635262031
564.0 0.0016686592061887495
565.0 0.0017790873243939131
566.0 0.0018895156244980171
567.0 0.0020821775251533836
568.0 0.00227483942580875
569.0 0.002485962068021763
570.0 0.0026970848921337165
571.0 0.002688420136109926
572.0 0.0026797551981871948
573.0 0.002416786810499616
574.0 0.002153818240913097
575.0 0.0018881444702856243
576.0 0.0016224705177592114
577.0 0.00183112861122936
578.0 0.0020397865228005685
579.0 0.0020224955733283423
580.0 0.0020052044419571757
581.0 0.0020061539544258267
582.0 0.0020071034668944776
583.0 0.0016758589481469244
584.0 0.001344614338449901
585.0 0.0017890421077026986
586.0 0.002233469786006026
587.0 0.0019500985217746347
588.0 0.0016667270756443031
589.0 0.0018528829969000071
590.0 0.0020390391000546515
591.0 0.0017309499526163563
592.0 0.0014228608051780611
593.0 0.0012871952094428707
594.0 0.0011515293408592697
595.0 0.0009873240742308553
596.0 0.0008231186257035006
597.0 0.0006606867373193381
598.0 0.0004982548489351757
599.0 0.0006774660960218171
600.0 0.0008566771612095181
601.0 0.0008619536856713239
602.0 0.0008672300282341894
603.0 0.0012373829122225288
604.0 0.0016075355233624578
605.0 0.0010940440006379504
606.0 0.0005805522960145026
607.0 0.0007306958195840707
608.0 0.0008808395250525791
609.0 0.0008279482244688552
610.0 0.0007750569238851313
611.0 0.0010942236258415505
612.0 0.0014133900549495593
613.0 0.0013391629181569442
614.0 0.00126493623611168
615.0 0.001262909336219309
616.0 0.001260882527276408
617.0 0.0015056344636832364
618.0 0.0017503864000900649
619.0 0.001792238253983669
620.0 0.0018340901078772731
621.0 0.0015407580576720648
622.0 0.0012474264622142073
623.0 0.001275443810300203
624.0 0.0013034609764872584
625.0 0.0015550438547506928
626.0 0.0018066264601657167
627.0 0.0019466398953227326
628.0 0.002086653148580808
629.0 0.002054365359072108
630.0 0.002022077387664467
631.0 0.002066541674139444
632.0 0.002111006142513361
633.0 0.002643254083523061
634.0 0.0031755022064317018
635.0 0.005744411100749858
636.0 0.008313322177855298
637.0 0.015223007358144969
638.0 0.022132694721221924
639.0 0.019842435722239316
640.0 0.01755217817844823
641.0 0.015315425116568804
642.0 0.013078672054689378
643.0 0.00948008309933357
644.0 0.005881494507775642
645.0 0.006030090298736468
646.0 0.006178685725899413
647.0 0.0058127043303102255
648.0 0.0054467232985189185
649.0 0.004367652582004666
650.0 0.003288582229288295
651.0 0.003494073826004751
652.0 0.003699565786519088
653.0 0.00295493082376197
654.0 0.0022102958610048518
655.0 0.002271419725730084
656.0 0.0023325437723542564
657.0 0.0024949509679572657
658.0 0.002657358163560275
659.0 0.0023688615328865126
660.0 0.0020803650841116905
661.0 0.002332793883397244
662.0 0.002585222500783857
663.0 0.0021866844690521248
664.0 0.0017881464373203926
665.0 0.001696679464657791
666.0 0.0016052126738941297
667.0 0.0015596595403621905
668.0 0.0015141060430323705
669.0 0.0014102739442023449
670.0 0.001306441754422849
671.0 0.0011489252756291535
672.0 0.0009914085239870474
673.0 0.0012680104191531427
674.0 0.0015446124962181784
675.0 0.001315002464252757
676.0 0.0010853925232368056
677.0 0.001383519520459231
678.0 0.0016816464267321862
679.0 0.001706011244095862
680.0 0.001730376243358478
681.0 0.0020373250663396902
682.0 0.002344274071219843
683.0 0.0026520358005655
684.0 0.0029597975299111567
685.0 0.0028048292733728886
686.0 0.0026498611987335607
687.0 0.0024811051844153553
688.0 0.0023123493519960903
689.0 0.0021644986190949567
690.0 0.0020166480680927634
691.0 0.0020744524590554647
692.0 0.002132256850018166
693.0 0.0025815215849434026
694.0 0.00303078668366652
695.0 0.0034863252949435264
696.0 0.003941864270018414
697.0 0.004046962203574367
698.0 0.00415206013713032
699.0 0.005653318658005446
700.0 0.007154576451284811
701.0 0.007106202974682674
702.0 0.007057829498080537
703.0 0.006399318226613104
704.0 0.0057408062275499105
705.0 0.004714869646704756
706.0 0.003688933065859601
707.0 0.003437041596043855
708.0 0.003185150126228109
709.0 0.003734401980182156
710.0 0.004283653834136203
711.0 0.0041275645344285294
712.0 0.003971475598518737
713.0 0.003105599171249196
714.0 0.002239722743979655
715.0 0.0023615699319634587
716.0 0.002483417119947262
717.0 0.0022232394258026034
718.0 0.0019630615497590043
719.0 0.0019309163690195419
720.0 0.0018987711882800795
721.0 0.002343888809264172
722.0 0.0027890064302482642
723.0 0.0026441042791702785
724.0 0.0024992021280922927
725.0 0.0019736282411031425
726.0 0.0014480546269624028
727.0 0.0014110314623394515
728.0 0.0013740084796154406
729.0 0.0012457628145057242
730.0 0.0011175169674970675
731.0 0.0009220978427038062
732.0 0.0007266785814863397
733.0 0.001023909862851724
734.0 0.0013211410077929031
735.0 0.0012410670933604706
736.0 0.001160993178928038
737.0 0.0012566276382131036
738.0 0.0013522621884476393
739.0 0.0013796267921861727
740.0 0.001406991395924706
741.0 0.0010672751159290783
742.0 0.0007275587449839804
743.0 0.0011031398571503814
744.0 0.001478720787417842
745.0 0.001954544859472662
746.0 0.002430369204375893
747.0 0.0023169919586507604
748.0 0.002203614712925628
749.0 0.0029119719329173677
750.0 0.0036203291529091075
751.0 0.003190958159393631
752.0 0.0027615873477770947
753.0 0.00275148413493298
754.0 0.002741381285886746
755.0 0.00248218475462636
756.0 0.0022229882233659737
757.0 0.0021916943296673708
758.0 0.0021604002540698275
759.0 0.0026264231564709917
760.0 0.003092445695074275
761.0 0.004538088614935987
762.0 0.005983730443404056
763.0 0.0054675681894877926
764.0 0.004951404480380006
765.0 0.004422273195814341
766.0 0.003893141183652915
767.0 0.004003680442110635
768.0 0.004114219336770475
769.0 0.005067103120381944
770.0 0.006019987631589174
771.0 0.004972781607648358
772.0 0.003925576675101183
773.0 0.003996039595222101
774.0 0.004066502879140899
775.0 0.06240051006898284
776.0 1.5980567563689263e-10
777.0 0.05674900021404028
778.0 1.5980567563689263e-10
779.0 0.0203228832106106
780.0 1.5980567563689263e-10
781.0 0.026913502370007336
782.0 0.12190459528937936
783.0 0.013161773676984012
784.0 1.5980567563689263e-10
785.0 1.5980567563689263e-10
786.0 1.5980567563689263e-10
787.0 0.016586085257586092
788.0 0.11923279380425811
789.0 1.5980567563689263e-10
790.0 0.1401575980708003
791.0 1.5980567563689263e-10
792.0 0.06363345892168581
793.0 0.1481550163589418
794.0 1.5980567563689263e-10
795.0 0.13750321231782436
796.0 0.0027493502784636803
797.0 0.09707698482088745
798.0 0.01599302631802857
799.0 0.009184207010548562
800.0 0.19242969574406743
801.0 0.3474936122074723
802.0 0.6119220517575741
803.0 1.0264577344059944
804.0 1.4913475140929222
805.0 2.630891464650631
806.0 3.867795318365097
807.0 5.957852676510811
808.0 7.862602174282074
809.0 10.455404967069626
810.0 13.492155075073242
811.0 16.63062572479248
812.0 19.817690551280975
813.0 22.81801998615265
814.0 25.692322850227356
815.0 29.845580458641052
816.0 34.69506502151489
817.0 40.274739265441895
818.0 46.23041749000549
819.0 52.22440958023071
820.0 59.918373823165894
821.0 67.51238703727722
822.0 73.70896935462952
823.0 79.35055494308472
824.0 84.47139263153076
825.0 89.63255286216736
826.0 92.54863262176514
827.0 95.50697803497314
828.0 97.9761004447937
829.0 98.81354570388794
830.0 98.54956269264221
831.0 99.39643740653992
832.0 98.5312819480896
833.0 99.61603879928589
834.0 98.44015836715698
835.0 99.36304688453674
836.0 99.29516315460205
837.0 98.86457920074463
838.0 98.43897819519043
839.0 98.50165843963623
840.0 98.87269735336304
841.0 99.47752356529236
842.0 99.49842691421509
843.0 100.07970333099365
844.0 98.54113459587097
845.0 98.6141562461853
846.0 99.15677905082703
847.0 99.04841184616089
848.0 99.82507824897766
849.0 98.5880196094513
850.0 98.40118885040283
851.0 99.02493953704834
852.0 99.36379194259644
853.0 98.88584613800049
854.0 99.65736269950867
855.0 98.44346046447754
856.0 98.97392988204956
857.0 97.73292541503906
858.0 98.84403347969055
859.0 99.19649362564087
860.0 98.68569374084473
861.0 98.80374073982239
862.0 98.70614409446716
863.0 98.43193888664246
864.0 99.81445074081421
865.0 99.5552122592926
866.0 98.89563918113708
867.0 99.33415055274963
868.0 99.46614503860474
869.0 99.04448390007019
870.0 97.98531532287598
871.0 98.85755777359009
872.0 99.53253269195557
873.0 99.00168180465698
874.0 99.79283809661865
875.0 99.16390776634216
876.0 98.9496648311615
877.0 99.52101707458496
878.0 99.27449822425842
879.0 98.70307445526123
880.0 98.82223606109619
881.0 100.03572702407837
882.0 98.96105527877808
883.0 98.71395230293274
884.0 99.38323497772217
885.0 99.08030033111572
886.0 98.4986424446106
887.0 98.71309399604797
888.0 99.05308485031128
889.0 99.66586232185364
890.0 98.4974205493927
891.0 99.61280822753906
892.0 98.97707104682922
893.0 98.67633581161499
894.0 98.30960035324097
895.0 99.5299756526947
