lsstCam/transmission_filter_detector/r31_s21/z_20/19700101T000000.ecsv
# %ECSV 1.0
# ---
# datatype:
# - {name: wavelength, unit: nm, datatype: float32}
# - {name: efficiency, unit: '%', datatype: float64}
# meta: !!omap
# - {MODE: DETECTOR}
# - {TYPE: transmission_filter_detector}
# - {CALIBDATE: '1970-01-01T00:00:00'}
# - {INSTRUME: LSSTCam}
# - {OBSTYPE: transmission_filter_detector}
# - {CALIBCLS: lsst.ip.isr.IntermediateFilterDetectorTransmissionCurve}
# - {SOURCE: Materion (DM-46256)}
# - {DETECTOR: 133}
# - {FILTER: z_20}
# - {CALIB_ID: 'calibDate=1970-01-01T00:00:00 filter=z_20 detector=133'}
# - {DATE: '2025-04-02T15:59:49.256462'}
# - {CALIB_CREATION_DATE: '2025-04-02'}
# - {CALIB_CREATION_TIME: '15:59:49'}
# - __serialized_columns__:
#     efficiency:
#       __class__: astropy.units.quantity.Quantity
#       unit: !astropy.units.Unit {unit: '%'}
#       value: !astropy.table.SerializedColumn {name: efficiency}
#     wavelength:
#       __class__: astropy.units.quantity.Quantity
#       unit: !astropy.units.Unit {unit: nm}
#       value: !astropy.table.SerializedColumn {name: wavelength}
# schema: astropy-2.0
wavelength efficiency
[from data line 597]
897.0 99.03303384780884
898.0 98.81483912467957
899.0 98.59246015548706
900.0 98.87258410453796
901.0 99.2230772972107
902.0 98.86499047279358
903.0 99.00767803192139
904.0 97.9857087135315
905.0 98.91943335533142
906.0 98.23914170265198
907.0 99.05891418457031
908.0 98.21237325668335
909.0 98.11567664146423
910.0 97.99526333808899
911.0 97.05976247787476
912.0 96.22445106506348
913.0 95.03658413887024
914.0 92.8375780582428
915.0 90.5774712562561
916.0 88.38602900505066
917.0 86.54956221580505
918.0 83.38332176208496
919.0 82.35511779785156
920.0 79.40140962600708
921.0 75.73619484901428
922.0 71.43146991729736
923.0 65.77973961830139
924.0 60.55048108100891
925.0 55.20957708358765
926.0 48.87298345565796
927.0 41.897353529930115
928.0 36.067718267440796
929.0 29.726985096931458
930.0 24.090564250946045
931.0 18.82592737674713
932.0 13.435487449169159
933.0 9.098999947309494
934.0 5.785265937447548
935.0 3.5175003111362457
936.0 2.0621271803975105
937.0 1.3390236534178257
938.0 0.7586289197206497
939.0 0.4492384847253561
940.0 0.2360602142289281
941.0 0.21385522559285164
942.0 0.08173887035809457
943.0 0.02323192748008296
944.0 0.09904076578095555
945.0 0.052908225916326046
946.0 0.06819877889938653
947.0 0.05550453206524253
948.0 1.5980567563689263e-10
949.0 0.11904763523489237
950.0 0.06964943022467196
951.0 0.08493889472447336
952.0 0.019776322005782276
953.0 0.02512264472898096
954.0 0.09423887240700424
955.0 1.5980567563689263e-10
956.0 1.5980567563689263e-10
957.0 1.5980567563689263e-10
958.0 0.004578645166475326
959.0 0.017739483155310154
960.0 0.036850880132988095
961.0 0.0140353586175479
962.0 0.004853883365285583
963.0 0.05984825547784567
964.0 0.01792737457435578
965.0 1.5980567563689263e-10
966.0 1.5980567563689263e-10
967.0 0.023996403615456074
968.0 1.5980567563689263e-10
969.0 0.10385491186752915
970.0 1.5980567563689263e-10
971.0 0.04347575886640698
972.0 1.5980567563689263e-10
973.0 1.5980567563689263e-10
974.0 1.5980567563689263e-10
975.0 1.5980567563689263e-10
976.0 0.006196361209731549
977.0 0.006063484033802524
978.0 0.0059306079492671415
979.0 0.005863007754669525
980.0 0.005795407560071908
981.0 0.005643101394525729
982.0 0.00549079486518167
983.0 0.005327523103915155
984.0 0.0051642509788507596
985.0 0.005133161539561115
986.0 0.00510207173647359
987.0 0.005024218626203947
988.0 0.004946365879732184
989.0 0.004924909444525838
990.0 0.004903453373117372
991.0 0.00476938221254386
992.0 0.004635311051970348
993.0 0.004720639481092803
994.0 0.004805968274013139
995.0 0.004573195838020183
996.0 0.004340423402027227
997.0 0.0044482541852630675
998.0 0.004556084968498908
999.0 0.0046092925913399085
1000.0 0.004662500214180909
1001.0 0.004468917904887348
1002.0 0.004275335231795907
1003.0 0.004230722333886661
1004.0 0.004186109799775295
1005.0 0.004175401772954501
1006.0 0.004164694109931588
1007.0 0.00414557071053423
1008.0 0.004126447311136872
1009.0 0.00423568271799013
1010.0 0.004344917761045508
1011.0 0.004164291749475524
1012.0 0.003983665374107659
1013.0 0.0041409290133742616
1014.0 0.004298192652640864
1015.0 0.004155434362473898
1016.0 0.004012676436104812
1017.0 0.004118353535886854
1018.0 0.004224030635668896
1019.0 0.004270121280569583
1020.0 0.004316212289268151
1021.0 0.004254053783370182
1022.0 0.004191895641270094
1023.0 0.004328033537603915
1024.0 0.004464171433937736
1025.0 0.004358630030765198
1026.0 0.004253088991390541
1027.0 0.004424952567205764
1028.0 0.0045968161430209875
1029.0 0.004561978130368516
1030.0 0.0045271397539181635
1031.0 0.004479920244193636
1032.0 0.004432700734469108
1033.0 0.004584685666486621
1034.0 0.0047366705985041335
1035.0 0.00488990408484824
1036.0 0.0050431375711923465
1037.0 0.005195702033233829
1038.0 0.005348266859073192
1039.0 0.005304456863086671
1040.0 0.005260646867100149
1041.0 0.005159684951649979
1042.0 0.005058723399997689
1043.0 0.005456231519929133
1044.0 0.005853740003658459
1045.0 0.005892426997888833
1046.0 0.005931114355917089
1047.0 0.0058861896832240745
1048.0 0.0058412661019247025
1049.0 0.006057535938452929
1050.0 0.006273805774981156
1051.0 0.00652015587547794
1052.0 0.006766505975974724
1053.0 0.006914995174156502
1054.0 0.007063482189550996
1055.0 0.006933751137694344
1056.0 0.006804018630646169
1057.0 0.007261634891619906
1058.0 0.007719251880189404
1059.0 0.00804965675342828
1060.0 0.008380062354262918
1061.0 0.008313851139973849
1062.0 0.008247640653280541
1063.0 0.00849452699185349
1064.0 0.008741414058022201
1065.0 0.008975500531960279
1066.0 0.009209586278302595
1067.0 0.00959272074396722
1068.0 0.009975855209631845
1069.0 0.010216525697614998
1070.0 0.010457194002810866
1071.0 0.01068563578883186
1072.0 0.010914078302448615
1073.0 0.010951530566671863
1074.0 0.010988982830895111
1075.0 0.010883767390623689
1076.0 0.010778551222756505
1077.0 0.011643897596513852
1078.0 0.012509245425462723
1079.0 0.012685164983849972
1080.0 0.012861085997428745
1081.0 0.013712813961319625
1082.0 0.014564544835593551
1083.0 0.014398703933693469
1084.0 0.014232861576601863
1085.0 0.014266991638578475
1086.0 0.014301123155746609
1087.0 0.015072821406647563
1088.0 0.01584452111274004
1089.0 0.01529426226625219
1090.0 0.014744006330147386
1091.0 0.016163697000592947
1092.0 0.017583390581421554
1093.0 0.017390972061548382
1094.0 0.017198556452058256
1095.0 0.017983862198889256
1096.0 0.018769167945720255
1097.0 0.01936533662956208
1098.0 0.019961505313403904
1099.0 0.020824832608923316
1100.0 0.021688158449251205
1101.0 0.02285516238771379
1102.0 0.024022164870984852
1103.0 0.025031421682797372
1104.0 0.026040678494609892
1105.0 0.02523485745768994
1106.0 0.024429033510386944
1107.0 0.02587679773569107
1108.0 0.027324561960995197
1109.0 0.028201841632835567
1110.0 0.029079121304675937
1111.0 0.029156342498026788
1112.0 0.029233566601760685
1113.0 0.029334606369957328
1114.0 0.02943564613815397
1115.0 0.03025702608283609
1116.0 0.031078403117135167
1117.0 0.032396698952652514
1118.0 0.033714991877786815
1119.0 0.033879230613820255
1120.0 0.03404346643947065
1121.0 0.03644717507995665
1122.0 0.03885088372044265
1123.0 0.03975525905843824
1124.0 0.04065964021719992
1125.0 0.04259340057615191
1126.0 0.04452716093510389
1127.0 0.0446550315245986
1128.0 0.04478289920371026
1129.0 0.049933913396671414
1130.0 0.055084924679249525
1131.0 0.05795176839455962
1132.0 0.06081861210986972
1133.0 0.05885165883228183
1134.0 0.05688470555469394
1135.0 0.06473854882642627
1136.0 0.07259240373969078
1137.0 0.07629687315784395
1138.0 0.0800013483967632
1139.0 0.08657228900119662
1140.0 0.09314322378486395
1141.0 0.10780877200886607
1142.0 0.1224743202328682
1143.0 0.1999169122427702
1144.0 0.2773595741018653
1145.0 0.6305532064288855
1146.0 0.9837467223405838
1147.0 1.3701188378036022
1148.0 1.7564905807375908
1149.0 1.732497662305832
1150.0 1.7085039988160133
