lsstCam/transmission_filter_detector/r20_s12/u_24/19700101T000000.ecsv
# %ECSV 1.0
# ---
# datatype:
# - {name: wavelength, unit: nm, datatype: float32}
# - {name: efficiency, unit: '%', datatype: float64}
# meta: !!omap
# - {MODE: DETECTOR}
# - {TYPE: transmission_filter_detector}
# - {CALIBDATE: '1970-01-01T00:00:00'}
# - {INSTRUME: LSSTCam}
# - {OBSTYPE: transmission_filter_detector}
# - {CALIBCLS: lsst.ip.isr.IntermediateFilterDetectorTransmissionCurve}
# - {SOURCE: Materion (DM-46256)}
# - {DETECTOR: 77}
# - {FILTER: u_24}
# - {CALIB_ID: 'calibDate=1970-01-01T00:00:00 filter=u_24 detector=77'}
# - {DATE: '2025-04-02T15:59:40.105512'}
# - {CALIB_CREATION_DATE: '2025-04-02'}
# - {CALIB_CREATION_TIME: '15:59:40'}
# - __serialized_columns__:
#     efficiency:
#       __class__: astropy.units.quantity.Quantity
#       unit: !astropy.units.Unit {unit: '%'}
#       value: !astropy.table.SerializedColumn {name: efficiency}
#     wavelength:
#       __class__: astropy.units.quantity.Quantity
#       unit: !astropy.units.Unit {unit: nm}
#       value: !astropy.table.SerializedColumn {name: wavelength}
# schema: astropy-2.0
wavelength efficiency
[from data line 587]
882.0 0.00248377509706188
883.0 0.0026044543119496666
884.0 0.0027251335268374532
885.0 0.002716074959607795
886.0 0.0027070163923781365
887.0 0.0025860270397970453
888.0 0.0024650378691148944
889.0 0.0025052762794075534
890.0 0.0025455146897002123
891.0 0.00243494869209826
892.0 0.002324382512597367
893.0 0.0024830491383909248
894.0 0.0026417152184876613
895.0 0.0028697886591544375
896.0 0.0030978619179222733
897.0 0.003547238520695828
898.0 0.0039966151234693825
899.0 0.004195059591438621
900.0 0.00439350405940786
901.0 0.004231047205394134
902.0 0.0040685907151782885
903.0 0.004381622056826018
904.0 0.004694653034675866
905.0 0.004642243584385142
906.0 0.004589833770296536
907.0 0.00498658228025306
908.0 0.005383330426411703
909.0 0.005596962364506908
910.0 0.005810594302602112
911.0 0.005821326340083033
912.0 0.005832058741361834
913.0 0.005784817767562345
914.0 0.005737576793762855
915.0 0.00532153899257537
916.0 0.004905501191387884
917.0 0.0046550230763386935
918.0 0.004404545688885264
919.0 0.0044550241000251845
920.0 0.004505502511165105
921.0 0.00462926909676753
922.0 0.004753036046167836
923.0 0.005113693623570725
924.0 0.005474349745782092
925.0 0.005765422611148097
926.0 0.0060564962041098624
927.0 0.0066243788751307875
928.0 0.007192258635768667
929.0 0.007100385118974373
930.0 0.007008510146988556
931.0 0.0068832203396596014
932.0 0.006757929077139124
933.0 0.00668965803924948
934.0 0.006621387728955597
935.0 0.00712384789949283
936.0 0.007626309525221586
937.0 0.0074571260483935475
938.0 0.007287946209544316
939.0 0.0073190291004721075
940.0 0.007350114174187183
941.0 0.006174083682708442
942.0 0.004998051736038178
943.0 0.0043567069951677695
944.0 0.003715362981893122
945.0 0.0032353884307667613
946.0 0.0027554140615393408
947.0 0.0023928767404868267
948.0 0.0020303392375353724
949.0 0.0015706244084867649
950.0 0.0011109093065897468
951.0 0.0012709582733805291
952.0 0.0014310067854239605
953.0 0.0016471585695398971
954.0 0.0018633101717568934
955.0 0.0018406786693958566
956.0 0.001818046803236939
957.0 0.0023091539333108813
958.0 0.0028002605176880024
959.0 0.0030102653909125365
960.0 0.0032202697184402496
961.0 0.003940897659049369
962.0 0.004661525599658489
963.0 0.0047066125262063
964.0 0.00475169945275411
965.0 0.004653492214856669
966.0 0.0045552849769592285
967.0 0.004400102261570282
968.0 0.004244919909979217
969.0 0.004537966378848068
970.0 0.00483101284771692
971.0 0.0047468667617067695
972.0 0.004662720311898738
973.0 0.004514194733928889
974.0 0.004365669519756921
975.0 0.004566153074847534
976.0 0.004766636629938148
977.0 0.004052163785672747
978.0 0.0033376909414073452
979.0 0.0032254658435704187
980.0 0.0031132403819356114
981.0 0.0028846037821494974
982.0 0.002655967546161264
983.0 0.0028866506909253076
984.0 0.003117333835689351
985.0 0.0033585518394829705
986.0 0.0035997705708723515
987.0 0.004007437019026838
988.0 0.004415103830979206
989.0 0.005264939318294637
990.0 0.006114774441812187
991.0 0.006078013757360168
992.0 0.006041251981514506
993.0 0.006285969720920548
994.0 0.006530685641337186
995.0 0.00622329898760654
996.0 0.00591591015108861
997.0 0.005477589729707688
998.0 0.005039270399720408
999.0 0.005719423643313348
1000.0 0.0063995757955126464
1001.0 0.006203103112056851
1002.0 0.006006628245813772
1003.0 0.005896401489735581
1004.0 0.005786174369859509
1005.0 0.005824060281156562
1006.0 0.005861946920049377
1007.0 0.005669730307999998
1008.0 0.005477512604556978
1009.0 0.005019523450755514
1010.0 0.004561534660751931
1011.0 0.00417764276789967
1012.0 0.0037937516026431695
1013.0 0.0029980710678501055
1014.0 0.0022023905330570415
1015.0 0.0019489138139761053
1016.0 0.0016954367310972884
1017.0 0.001591566251590848
1018.0 0.0014876956811349373
1019.0 0.0013929407032264862
1020.0 0.0012981859981664456
1021.0 0.0011414126674935687
1022.0 0.000984639427770162
1023.0 0.001105917453969596
1024.0 0.0012271956620679703
1025.0 0.0009263075298804324
1026.0 0.00062541962506657
1027.0 0.0009015424438985065
1028.0 0.0011776650353567675
1029.0 0.0013095370377413929
1030.0 0.0014414090401260182
1031.0 0.0018152388292946853
1032.0 0.0021890686184633523
1033.0 0.0017475264030508697
1034.0 0.001305984096688917
1035.0 0.0016633815903333016
1036.0 0.0020207788111292757
1037.0 0.0020189432689221576
1038.0 0.00201710790861398
1039.0 0.0018573042325442657
1040.0 0.001697500738373492
1041.0 0.0017283731722272933
1042.0 0.001759245787980035
1043.0 0.002043083259195555
1044.0 0.0023269210942089558
1045.0 0.0018559356249170378
1046.0 0.0013849505194230005
1047.0 0.0018942539099953137
1048.0 0.0024035574824665673
1049.0 0.0020642870367737487
1050.0 0.00172501659108093
1051.0 0.001676270221651066
1052.0 0.0016275236703222618
1053.0 0.0013957408555143047
1054.0 0.0011639580407063477
1055.0 0.0010556999768596143
1056.0 0.0009474421858612914
1057.0 0.0007908271982159931
1058.0 0.0006342123015201651
1059.0 0.0007395506145257968
1060.0 0.0008448892913293093
1061.0 0.00039515857679361943
1062.0 1.602435740523378e-10
1063.0 7.516623554693069e-05
1064.0 0.0002049041086138459
1065.0 0.00041817306737357285
1066.0 0.0006314420261332998
1067.0 0.0006358164228004171
1068.0 0.0006401905011443887
1069.0 0.0015987603546818718
1070.0 0.002557329753472004
1071.0 0.0030727725970791653
1072.0 0.0035882148949895054
1073.0 0.002453802153468132
1074.0 0.001319389048148878
1075.0 0.0025136263502645306
1076.0 0.0037078632885823026
1077.0 0.0034052933187922463
1078.0 0.0031027229852043092
1079.0 0.004188380626146682
1080.0 0.0052740364480996504
1081.0 0.004394207644509152
1082.0 0.0035143792047165334
1083.0 0.002139625939889811
1084.0 0.0007648731298104394
1085.0 0.0013518840205506422
1086.0 0.001938895002240315
1087.0 0.004074787284480408
1088.0 0.006210679566720501
1089.0 0.005915259316680022
1090.0 0.005619840521831065
1091.0 0.002240354115201626
1092.0 1.602435740523378e-10
1093.0 0.00030425699151237495
1094.0 0.001747646092553623
1095.0 0.002177872011088766
1096.0 0.0026080981115228496
1097.0 0.0011492380508570932
1098.0 1.602435740523378e-10
1099.0 0.0005753945970354835
1100.0 0.0014604110219806898
