lsstCam/transmission_filter_detector/r20_s12/u_24/19700101T000000.ecsv
# %ECSV 1.0
# ---
# datatype:
# - {name: wavelength, unit: nm, datatype: float32}
# - {name: efficiency, unit: '%', datatype: float64}
# meta: !!omap
# - {MODE: DETECTOR}
# - {TYPE: transmission_filter_detector}
# - {CALIBDATE: '1970-01-01T00:00:00'}
# - {INSTRUME: LSSTCam}
# - {OBSTYPE: transmission_filter_detector}
# - {CALIBCLS: lsst.ip.isr.IntermediateFilterDetectorTransmissionCurve}
# - {SOURCE: Materion (DM-46256)}
# - {DETECTOR: 77}
# - {FILTER: u_24}
# - {CALIB_ID: 'calibDate=1970-01-01T00:00:00 filter=u_24 detector=77'}
# - {DATE: '2025-04-02T15:59:40.105512'}
# - {CALIB_CREATION_DATE: '2025-04-02'}
# - {CALIB_CREATION_TIME: '15:59:40'}
# - __serialized_columns__:
#     efficiency:
#       __class__: astropy.units.quantity.Quantity
#       unit: !astropy.units.Unit {unit: '%'}
#       value: !astropy.table.SerializedColumn {name: efficiency}
#     wavelength:
#       __class__: astropy.units.quantity.Quantity
#       unit: !astropy.units.Unit {unit: nm}
#       value: !astropy.table.SerializedColumn {name: wavelength}
# schema: astropy-2.0
wavelength efficiency
295.0 1.602435740523378e-10
296.0 1.602435740523378e-10
297.0 1.602435740523378e-10
298.0 1.602435740523378e-10
299.0 1.602435740523378e-10
300.0 1.602435740523378e-10
301.0 1.602435740523378e-10
302.0 1.602435740523378e-10
303.0 1.602435740523378e-10
304.0 0.3143308451399207
305.0 0.7472869008779526
306.0 1.5713505446910858
307.0 3.125670924782753
308.0 5.402742698788643
309.0 8.438922464847565
310.0 11.889209598302841
311.0 15.856409072875977
312.0 19.488273561000824
313.0 22.59448766708374
314.0 25.844353437423706
315.0 28.141343593597412
316.0 30.253666639328003
317.0 32.76009261608124
318.0 35.592079162597656
319.0 39.30450975894928
320.0 44.66221332550049
321.0 50.04470348358154
322.0 56.10229969024658
323.0 61.64599061012268
324.0 66.23973846435547
325.0 69.38719153404236
326.0 71.79835438728333
327.0 73.66306185722351
328.0 75.35303235054016
329.0 76.82143449783325
330.0 78.17253470420837
331.0 78.94805073738098
332.0 79.28719520568848
333.0 79.49806451797485
334.0 79.33366894721985
335.0 79.41249012947083
336.0 79.55508232116699
337.0 80.10883927345276
338.0 80.99125623703003
339.0 81.53773546218872
340.0 81.96772933006287
341.0 82.54809975624084
342.0 82.78539776802063
343.0 82.8191876411438
344.0 83.0015480518341
345.0 83.39043259620667
346.0 83.6881160736084
347.0 84.02701020240784
348.0 84.3497633934021
349.0 84.50961709022522
350.0 84.5887303352356
351.0 84.7651481628418
352.0 84.71232652664185
353.0 84.64803695678711
354.0 84.49403047561646
355.0 84.80780124664307
356.0 84.91075038909912
357.0 84.88962650299072
358.0 84.56618189811707
359.0 84.30876135826111
360.0 84.18148756027222
361.0 83.94162654876709
362.0 83.75807404518127
363.0 83.90421867370605
364.0 84.01570320129395
365.0 84.29721593856812
366.0 84.50088500976562
367.0 84.70771312713623
368.0 84.59142446517944
369.0 84.66677069664001
370.0 84.37901139259338
371.0 84.24490690231323
372.0 84.27773714065552
373.0 84.3823492527008
374.0 84.36572551727295
375.0 84.69082713127136
376.0 84.82821583747864
377.0 84.90824699401855
378.0 84.99704599380493
379.0 84.74916815757751
380.0 84.03995037078857
381.0 82.8576147556305
382.0 81.11000657081604
383.0 79.12374138832092
384.0 77.047598361969
385.0 74.72911477088928
386.0 72.22535014152527
387.0 68.96358132362366
388.0 65.64998030662537
389.0 61.652034521102905
390.0 57.56278038024902
391.0 53.30246090888977
392.0 48.81448745727539
393.0 44.97779607772827
394.0 41.73460602760315
395.0 38.282376527786255
396.0 34.653544425964355
397.0 29.84485924243927
398.0 24.20072704553604
399.0 17.351478338241577
400.0 11.107265204191208
401.0 6.170101463794708
402.0 2.715662680566311
403.0 0.8924063295125961
404.0 0.2923730993643403
405.0 0.14837607741355896
406.0 0.06130726542323828
407.0 0.04953414900228381
408.0 1.602435740523378e-10
409.0 1.602435740523378e-10
410.0 1.602435740523378e-10
411.0 1.602435740523378e-10
412.0 1.602435740523378e-10
413.0 1.602435740523378e-10
414.0 1.602435740523378e-10
415.0 1.602435740523378e-10
416.0 1.602435740523378e-10
417.0 1.602435740523378e-10
418.0 1.602435740523378e-10
419.0 1.602435740523378e-10
420.0 1.602435740523378e-10
421.0 1.602435740523378e-10
422.0 1.602435740523378e-10
423.0 1.602435740523378e-10
424.0 1.602435740523378e-10
425.0 1.602435740523378e-10
426.0 1.602435740523378e-10
427.0 1.602435740523378e-10
428.0 9.804203671137657e-07
429.0 1.602435740523378e-10
430.0 1.602435740523378e-10
431.0 1.602435740523378e-10
432.0 1.602435740523378e-10
433.0 0.00021178379938646685
434.0 0.0015351677575381473
435.0 0.0013571163435699418
436.0 0.0011790653843490873
437.0 0.00027711228085536277
438.0 1.602435740523378e-10
439.0 0.00039178994484245777
440.0 0.0014084206668485422
441.0 1.602435740523378e-10
442.0 1.602435740523378e-10
443.0 1.602435740523378e-10
444.0 1.602435740523378e-10
445.0 1.602435740523378e-10
446.0 1.602435740523378e-10
447.0 1.602435740523378e-10
448.0 1.602435740523378e-10
449.0 1.602435740523378e-10
450.0 1.602435740523378e-10
451.0 1.602435740523378e-10
452.0 1.602435740523378e-10
453.0 9.921423043124378e-05
454.0 0.001055650045600487
455.0 0.0010462929822097067
456.0 0.0010369355550210457
457.0 0.00018020677998720203
458.0 1.602435740523378e-10
459.0 1.602435740523378e-10
460.0 1.602435740523378e-10
461.0 1.602435740523378e-10
462.0 1.602435740523378e-10
463.0 5.2402998562683933e-05
464.0 0.0002464416866132524
465.0 0.0005555858024308691
466.0 0.0008647301910968963
467.0 0.001150690241047414
468.0 0.0014366507457452826
469.0 0.0006358898644975852
470.0 1.602435740523378e-10
471.0 1.602435740523378e-10
472.0 1.602435740523378e-10
473.0 1.602435740523378e-10
474.0 1.602435740523378e-10
475.0 1.602435740523378e-10
476.0 0.000541996678293799
477.0 0.00031350809877039865
478.0 8.501997399434913e-05
479.0 1.602435740523378e-10
480.0 1.602435740523378e-10
481.0 1.602435740523378e-10
482.0 1.602435740523378e-10
483.0 1.602435740523378e-10
484.0 1.602435740523378e-10
485.0 1.602435740523378e-10
486.0 1.602435740523378e-10
487.0 1.602435740523378e-10
488.0 6.115336645962088e-05
489.0 1.602435740523378e-10
490.0 1.602435740523378e-10
491.0 1.602435740523378e-10
492.0 1.602435740523378e-10
493.0 1.602435740523378e-10
494.0 0.00037596530546579743
495.0 0.0005349683760869084
496.0 0.0006939716058695922
497.0 0.0002820439704009914
498.0 1.602435740523378e-10
499.0 1.602435740523378e-10
500.0 1.602435740523378e-10
501.0 1.602435740523378e-10
502.0 1.602435740523378e-10
503.0 1.602435740523378e-10
504.0 1.602435740523378e-10
505.0 1.602435740523378e-10
506.0 1.602435740523378e-10
507.0 1.602435740523378e-10
508.0 1.602435740523378e-10
509.0 1.602435740523378e-10
510.0 1.602435740523378e-10
511.0 0.0005816552402393427
512.0 0.0013915599993197247
513.0 0.0003728571982719586
514.0 1.602435740523378e-10
515.0 1.602435740523378e-10
516.0 0.0004850937784794951
517.0 0.00030264172892202623
518.0 0.00012018989536954905
519.0 1.602435740523378e-10
520.0 1.602435740523378e-10
521.0 1.602435740523378e-10
522.0 0.0002929626134573482
523.0 1.602435740523378e-10
524.0 1.602435740523378e-10
525.0 1.602435740523378e-10
526.0 1.602435740523378e-10
527.0 1.602435740523378e-10
528.0 1.602435740523378e-10
529.0 4.53267631428389e-05
530.0 0.00012398007811498246
531.0 1.602435740523378e-10
532.0 1.602435740523378e-10
533.0 1.602435740523378e-10
534.0 1.918092067398902e-05
535.0 0.00015829048152227188
536.0 0.0002974001290567685
537.0 1.602435740523378e-10
538.0 1.602435740523378e-10
539.0 1.602435740523378e-10
540.0 1.602435740523378e-10
541.0 1.602435740523378e-10
542.0 1.602435740523378e-10
543.0 1.602435740523378e-10
544.0 1.602435740523378e-10
545.0 1.602435740523378e-10
546.0 1.602435740523378e-10
547.0 0.00010956496225844603
548.0 0.0004603307843353832
549.0 8.267592832567061e-07
550.0 1.602435740523378e-10
551.0 1.602435740523378e-10
552.0 0.00027361163574823877
553.0 1.602435740523378e-10
554.0 1.602435740523378e-10
555.0 1.602435740523378e-10
556.0 1.602435740523378e-10
557.0 1.602435740523378e-10
558.0 1.602435740523378e-10
559.0 1.602435740523378e-10
560.0 1.2662705728416768e-05
561.0 0.00015062325928738574
562.0 0.00028858385121566243
563.0 1.602435740523378e-10
564.0 1.602435740523378e-10
565.0 1.602435740523378e-10
566.0 1.602435740523378e-10
567.0 1.602435740523378e-10
568.0 0.00013002032801523455
569.0 9.171142210107064e-05
570.0 5.340247639651352e-05
571.0 9.508423204351857e-05
572.0 0.00013676610706170322
573.0 0.0003009180545632262
574.0 0.00046507020670105703
575.0 0.00045782976485497784
576.0 0.0004505895958573092
577.0 0.00022595788777834969
578.0 1.3261593601043842e-06
579.0 0.00010983337688230677
580.0 0.00021834041490365053
581.0 0.0007076411293382989
582.0 0.001196941957459785
583.0 0.001473434895160608
584.0 0.0017499276509624906
585.0 0.0012590538972290233
586.0 0.0007681798706471454
587.0 0.00100678416856681
588.0 0.0012453885574359447
589.0 0.0009240027793566696
590.0 0.0006026168193784542
591.0 0.0005932503427175106
592.0 0.0005838837751070969
593.0 0.0005656453140545636
594.0 0.00054740667110309
595.0 0.0008908784366212785
596.0 0.0012343500202405266
597.0 0.0012573885214806069
598.0 0.001280426931771217
599.0 0.0012276756024220958
600.0 0.0011749240911740344
601.0 0.0015896337572485209
602.0 0.0020043435142724775
603.0 0.0022558178898179904
604.0 0.0025072924472624436
605.0 0.0022343481759889983
606.0 0.0019614042685134336
607.0 0.0013949283129477408
608.0 0.0008284525392809883
609.0 0.0007048126008157851
610.0 0.0005811724804516416
611.0 0.00034216009225929156
612.0 0.00010314773817299283
613.0 0.000314345470542321
614.0 0.0005255432370177004
615.0 0.0007706659744144417
616.0 0.001015788711811183
617.0 0.0008824680662655737
618.0 0.0007491476026189048
619.0 0.0005283846803649794
620.0 0.00030762180358578917
621.0 0.0004705196261056699
622.0 0.0006334173576760804
623.0 0.0006958757694519591
624.0 0.0007583342721773079
625.0 0.0006506552381324582
626.0 0.0005429763859865488
627.0 0.0007343755441979738
628.0 0.0009257747478841338
629.0 0.0008937078746384941
630.0 0.0008616410013928544
631.0 0.001315878671448445
632.0 0.001770116068655625
633.0 0.001765416527632624
634.0 0.0017607169866096228
635.0 0.002485586446709931
636.0 0.003210455906810239
637.0 0.002851290446415078
638.0 0.002492124986019917
639.0 0.0023498489099438302
640.0 0.002207573015766684
641.0 0.001618564965610858
642.0 0.0010295571883034427
643.0 0.0008905640243028756
644.0 0.0007515708148275735
645.0 0.0004714612714451505
646.0 0.0001913517280627275
647.0 0.0003387576953173266
648.0 0.00048616370804666076
649.0 0.00024326027414645068
650.0 3.568071171855536e-07
651.0 0.00017002631693685544
652.0 0.0003396959527890431
653.0 0.0006963476607779739
654.0 0.0010529992323426995
655.0 0.001318908925895812
656.0 0.0015848185284994543
657.0 0.002146482984244358
658.0 0.002708147803787142
659.0 0.0032562529668211937
660.0 0.003804358493653126
661.0 0.003837929034489207
662.0 0.003871499211527407
663.0 0.003297945295344107
664.0 0.002724391561059747
665.0 0.0023980173864401877
666.0 0.0020716432118206285
667.0 0.0015133914530451875
668.0 0.0009551393304718658
669.0 0.0009354733265354298
670.0 0.000915807413548464
671.0 0.0006739517175446963
672.0 0.0004320958396419883
673.0 0.0001765305796652683
674.0 1.602435740523378e-10
675.0 0.0004962561433785595
676.0 0.0010715469215938356
677.0 0.001360599162580911
678.0 0.0016496513126185164
679.0 0.0018257213014294393
680.0 0.0020017912902403623
681.0 0.002973202026623767
682.0 0.003944613126805052
683.0 0.00522740047017578
684.0 0.0065101878135465086
685.0 0.007170171738835052
686.0 0.007830157846910879
687.0 0.007881790224928409
688.0 0.007933422602945939
689.0 0.006922181637492031
690.0 0.005910943946219049
691.0 0.00486346980324015
692.0 0.0038159963878570125
693.0 0.003223889143555425
694.0 0.0026317817173548974
695.0 0.002027798291237559
696.0 0.001423814865120221
697.0 0.0011882625585712958
698.0 0.0009527101610729005
699.0 0.0008415171578235459
700.0 0.0007303242000489263
701.0 0.0005344865712686442
702.0 0.00033864903343783226
703.0 0.00047494568207184784
704.0 0.0006112423761805985
705.0 0.0005343649263522821
706.0 0.00045748761294817086
707.0 0.0006304628641373711
708.0 0.0008034378879528958
709.0 0.000740062660042895
710.0 0.000676687341183424
711.0 0.0007387686764559476
712.0 0.0008008501026779413
713.0 0.0006143246082501719
714.0 0.0004277992957213428
715.0 0.0005584883183473721
716.0 0.0006891773864481365
717.0 0.0006683578249067068
718.0 0.0006475382633652771
719.0 0.0006730519544362323
720.0 0.0006985656455071876
721.0 0.0005871175744687207
722.0 0.0004756695034302538
723.0 0.0003187125685144565
724.0 0.00016175561086129164
725.0 0.00027357284579920815
726.0 0.0003853901034744922
727.0 0.00030210007935238536
728.0 0.0002188101916544838
729.0 0.00025877584448608104
730.0 0.00029874156552978093
731.0 0.00022092242488724878
732.0 0.00014310328424471663
733.0 3.210251264817998e-06
734.0 1.602435740523378e-10
735.0 0.00017117745301220566
736.0 0.0004790376351593295
737.0 0.00021468958948389627
738.0 1.602435740523378e-10
739.0 0.0005004329977964517
740.0 0.0010505245882086456
741.0 0.0010220814147032797
742.0 0.0009936382411979139
743.0 0.0012650490134546999
744.0 0.001536459785711486
745.0 0.0021748917788499966
746.0 0.002813323590089567
747.0 0.0036024626751895994
748.0 0.00439160103269387
749.0 0.004241642091074027
750.0 0.004091683149454184
751.0 0.003927724901586771
752.0 0.0037637659261235967
753.0 0.0031656189094064757
754.0 0.002567471528891474
755.0 0.002623329964990262
756.0 0.002679188037291169
757.0 0.002193249929405283
758.0 0.0017073114577215165
759.0 0.0015029347196104936
760.0 0.001298558072448941
761.0 0.0012976714970136527
762.0 0.0012967851034773048
763.0 0.0008228451406466775
764.0 0.00034890517781605013
765.0 0.0005340994903235696
766.0 0.000719293757356354
767.0 0.0006045934242138173
768.0 0.0004898930001218105
769.0 0.0006293767910392489
770.0 0.0007688606274314225
771.0 0.0004994122264179168
772.0 0.00022996382540441118
773.0 0.00023936672732816078
774.0 0.00024876960651454283
775.0 0.00037669344692403683
776.0 0.0005046173100708984
777.0 0.0005204280114412541
778.0 0.0005362385763874045
779.0 0.0006818067504354985
780.0 0.0008273747880593874
781.0 0.0007344824098254321
782.0 0.0006415900315914769
783.0 0.0006628861228819005
784.0 0.0006841821686975891
785.0 0.0010914159247477073
786.0 0.0014986496353230905
787.0 0.001096892901841784
788.0 0.0006951358045625966
789.0 0.0007339453986787703
790.0 0.000772754992794944
791.0 0.0007170182470872533
792.0 0.0006612815013795625
793.0 0.00036975864077248843
794.0 7.823577448107244e-05
795.0 0.00021929931790509727
796.0 0.00036036283290741267
797.0 0.0005555554253078299
798.0 0.000750748222344555
799.0 0.00034849442727136193
800.0 1.602435740523378e-10
801.0 1.602435740523378e-10
802.0 1.602435740523378e-10
803.0 1.602435740523378e-10
804.0 1.602435740523378e-10
805.0 1.602435740523378e-10
806.0 1.602435740523378e-10
807.0 1.602435740523378e-10
808.0 1.602435740523378e-10
809.0 0.0002469459559506504
810.0 0.0006689374004054116
811.0 0.0003371072125446517
812.0 5.277321335483975e-06
813.0 0.0002188691951232613
814.0 0.0004324611381889554
815.0 0.00038032378597563365
816.0 0.0003281863655502093
817.0 0.0005741982022300363
818.0 0.0008202100616472308
819.0 0.000671860107104294
820.0 0.0005235103344602976
821.0 0.00017976288972931798
822.0 1.602435740523378e-10
823.0 4.7371159439535404e-05
824.0 0.000258726845459023
825.0 1.602435740523378e-10
826.0 1.602435740523378e-10
827.0 1.602435740523378e-10
828.0 1.1277096234607598e-05
829.0 1.602435740523378e-10
830.0 1.602435740523378e-10
831.0 1.602435740523378e-10
832.0 1.602435740523378e-10
833.0 1.602435740523378e-10
834.0 1.602435740523378e-10
835.0 1.602435740523378e-10
836.0 1.602435740523378e-10
837.0 1.602435740523378e-10
838.0 1.602435740523378e-10
839.0 1.602435740523378e-10
840.0 1.602435740523378e-10
841.0 2.966800707326911e-05
842.0 0.00020276333998481277
843.0 1.602435740523378e-10
844.0 1.602435740523378e-10
845.0 1.602435740523378e-10
846.0 1.602435740523378e-10
847.0 1.602435740523378e-10
848.0 1.602435740523378e-10
849.0 1.602435740523378e-10
850.0 0.00011666410273392103
851.0 0.0002480174543961766
852.0 0.0003793708856392186
853.0 0.0003027627371920971
854.0 0.00022615456600760808
855.0 1.4888345845065487e-05
856.0 1.602435740523378e-10
857.0 4.791451715391304e-05
858.0 0.0002922069825217477
859.0 0.000738929975341307
860.0 0.0011856529454234987
861.0 0.00107318564914749
862.0 0.0009607185347704217
863.0 0.0008732594324101228
864.0 0.0007858002391003538
865.0 0.0012612665159394965
866.0 0.0017367325199302286
867.0 0.0017780344933271408
868.0 0.0018193366486229934
869.0 0.0014502184058073908
870.0 0.0010811002539412584
871.0 0.0013821697393723298
872.0 0.0016832389519549906
873.0 0.001995862476178445
874.0 0.002308485454705078
875.0 0.0022666286895400845
876.0 0.0022247719243750907
877.0 0.0019954964955104515
878.0 0.0017662212485447526
879.0 0.0020359186237328686
880.0 0.0023056163627188653
