lsstCam/transmission_filter_detector/r20_s02/i_39/19700101T000000.ecsv
# %ECSV 1.0
# ---
# datatype:
# - {name: wavelength, unit: nm, datatype: float32}
# - {name: efficiency, unit: '%', datatype: float64}
# meta: !!omap
# - {MODE: DETECTOR}
# - {TYPE: transmission_filter_detector}
# - {CALIBDATE: '1970-01-01T00:00:00'}
# - {INSTRUME: LSSTCam}
# - {OBSTYPE: transmission_filter_detector}
# - {CALIBCLS: lsst.ip.isr.IntermediateFilterDetectorTransmissionCurve}
# - {SOURCE: Materion (DM-46256)}
# - {DETECTOR: 74}
# - {FILTER: i_39}
# - {CALIB_ID: 'calibDate=1970-01-01T00:00:00 filter=i_39 detector=74'}
# - {DATE: '2025-04-02T15:59:46.821906'}
# - {CALIB_CREATION_DATE: '2025-04-02'}
# - {CALIB_CREATION_TIME: '15:59:46'}
# - __serialized_columns__:
#     efficiency:
#       __class__: astropy.units.quantity.Quantity
#       unit: !astropy.units.Unit {unit: '%'}
#       value: !astropy.table.SerializedColumn {name: efficiency}
#     wavelength:
#       __class__: astropy.units.quantity.Quantity
#       unit: !astropy.units.Unit {unit: nm}
#       value: !astropy.table.SerializedColumn {name: wavelength}
# schema: astropy-2.0
wavelength efficiency
[from data line 596]
896.0 1.5951761396168496e-10
897.0 1.5951761396168496e-10
898.0 1.5951761396168496e-10
899.0 1.5951761396168496e-10
900.0 1.5951761396168496e-10
901.0 1.5951761396168496e-10
902.0 1.5951761396168496e-10
903.0 1.5951761396168496e-10
904.0 1.5951761396168496e-10
905.0 1.5951761396168496e-10
906.0 8.298329134959204e-06
907.0 0.00011955470426983084
908.0 0.0002308110424564802
909.0 3.9649728478252655e-05
910.0 1.5951761396168496e-10
911.0 1.5951761396168496e-10
912.0 7.054756565594289e-05
913.0 9.495086601418734e-05
914.0 0.00011935418342545745
915.0 1.5951761396168496e-10
916.0 1.5951761396168496e-10
917.0 1.5951761396168496e-10
918.0 1.5951761396168496e-10
919.0 1.5951761396168496e-10
920.0 2.9526248113143083e-06
921.0 2.341852365361774e-05
922.0 4.388442391700664e-05
923.0 1.5951761396168496e-10
924.0 1.5951761396168496e-10
925.0 0.00016355436400772305
926.0 0.0003743760089491843
927.0 6.489379984486732e-05
928.0 1.5951761396168496e-10
929.0 1.5951761396168496e-10
930.0 0.00014681955917694722
931.0 0.00014249187643144978
932.0 0.00013816419368595234
933.0 9.917723673424916e-05
934.0 6.019030251991353e-05
935.0 1.5951761396168496e-10
936.0 1.5951761396168496e-10
937.0 1.5951761396168496e-10
938.0 1.5951761396168496e-10
939.0 1.5951761396168496e-10
940.0 1.5951761396168496e-10
941.0 1.5951761396168496e-10
942.0 1.5951761396168496e-10
943.0 1.5951761396168496e-10
944.0 1.5951761396168496e-10
945.0 1.5951761396168496e-10
946.0 1.8768908205402113e-06
947.0 1.5951761396168496e-10
948.0 1.5951761396168496e-10
949.0 1.5951761396168496e-10
950.0 1.5951761396168496e-10
951.0 1.5951761396168496e-10
952.0 1.5951761396168496e-10
953.0 1.5951761396168496e-10
954.0 1.5951761396168496e-10
955.0 9.538999847791274e-05
956.0 0.000262378034676658
957.0 0.00013129493936503422
958.0 2.11839035202388e-07
959.0 3.2080052392302605e-05
960.0 6.394827778422041e-05
961.0 7.186035304584948e-05
962.0 7.977243967616232e-05
963.0 7.814843456799281e-05
964.0 7.652445219719084e-05
965.0 1.5951761396168496e-10
966.0 1.5951761396168496e-10
967.0 1.5951761396168496e-10
968.0 1.5951761396168496e-10
969.0 1.5951761396168496e-10
970.0 6.792978410885553e-05
971.0 1.5951761396168496e-10
972.0 1.5951761396168496e-10
973.0 1.5951761396168496e-10
974.0 1.5951761396168496e-10
975.0 1.5951761396168496e-10
976.0 1.5951761396168496e-10
977.0 1.5951761396168496e-10
978.0 1.5951761396168496e-10
979.0 1.5951761396168496e-10
980.0 1.5951761396168496e-10
981.0 1.5951761396168496e-10
982.0 1.5951761396168496e-10
983.0 1.5951761396168496e-10
984.0 1.5951761396168496e-10
985.0 8.25474387511349e-05
986.0 0.00022760975753044477
987.0 1.696448777011028e-05
988.0 1.5951761396168496e-10
989.0 1.5951761396168496e-10
990.0 1.5951761396168496e-10
991.0 1.5951761396168496e-10
992.0 1.5951761396168496e-10
993.0 1.5951761396168496e-10
994.0 4.651082008422236e-05
995.0 1.5951761396168496e-10
996.0 1.5951761396168496e-10
997.0 0.00010708557738325908
998.0 0.00037772169889649376
999.0 0.00030724904718226753
1000.0 0.00023677632725593867
1001.0 0.00011501094832055969
1002.0 1.5951761396168496e-10
1003.0 8.251380450019496e-05
1004.0 0.00017178210782731185
1005.0 8.4862726623669e-06
1006.0 1.5951761396168496e-10
1007.0 1.5951761396168496e-10
1008.0 0.0001127713403548114
1009.0 0.00012588586741912877
1010.0 0.00013900033764002728
1011.0 0.0001848841407081636
1012.0 0.00023076793240761617
1013.0 0.00034071842947014375
1014.0 0.00045066894927003887
1015.0 0.0003999611180915963
1016.0 0.0003492533323878888
1017.0 0.0004043588887725491
1018.0 0.0004594645361066796
1019.0 0.0003503486595946015
1020.0 0.0002412326921330532
1021.0 0.00024955756998679135
1022.0 0.0002578824023657944
1023.0 0.0005708064691134496
1024.0 0.0008837305358611047
1025.0 0.0006561471309396438
1026.0 0.00042856368054344784
1027.0 0.0003620162260631332
1028.0 0.00029546874884545105
1029.0 0.0007717312655586284
1030.0 0.0012479938050091732
1031.0 0.0018023725715465844
1032.0 0.0023567508833366446
1033.0 0.0025245422875741497
1034.0 0.0026923329642158933
1035.0 0.0031845742341829464
1036.0 0.003676815322251059
1037.0 0.0036111461668042466
1038.0 0.003545477011357434
1039.0 0.003153900252073072
1040.0 0.00276232367468765
1041.0 0.002211443461419549
1042.0 0.001660563430050388
1043.0 0.002399579534539953
1044.0 0.0031385956390295178
1045.0 0.003458090213825926
1046.0 0.0037775851524202153
1047.0 0.003377151006134227
1048.0 0.0029767172236461192
1049.0 0.0025147481210296974
1050.0 0.002052778836514335
1051.0 0.002072422648780048
1052.0 0.0020920668248436414
1053.0 0.001420114222128177
1054.0 0.0007481614829885075
1055.0 0.0007078309408825589
1056.0 0.0006675004442513455
1057.0 0.0006358645805448759
1058.0 0.0006042289896868169
1059.0 0.0008019741471798625
1060.0 0.0009997196684707887
1061.0 0.0015290546798496507
1062.0 0.0020583896912285127
1063.0 0.0026124096621060744
1064.0 0.0031664298148825765
1065.0 0.003341819319757633
1066.0 0.0035172088246326894
1067.0 0.0041911076550604776
1068.0 0.004865006485488266
1069.0 0.003987270247307606
1070.0 0.0031095340091269463
1071.0 0.002953064722532872
1072.0 0.0027965952540398575
1073.0 0.002925883381976746
1074.0 0.003055171328014694
1075.0 0.0033247877581743523
1076.0 0.0035944041883340105
1077.0 0.002839796979969833
1078.0 0.002085189589706715
1079.0 0.0022639682356384583
1080.0 0.0024427470634691417
1081.0 0.0014376904800883494
1082.0 0.00043263385123282205
1083.0 1.5951761396168496e-10
1084.0 1.5951761396168496e-10
1085.0 1.5951761396168496e-10
1086.0 0.0004986169187759515
1087.0 0.0006081853371142643
1088.0 0.0007177538464020472
1089.0 1.5951761396168496e-10
1090.0 1.5951761396168496e-10
1091.0 1.5951761396168496e-10
1092.0 1.5951761396168496e-10
1093.0 1.5951761396168496e-10
1094.0 7.32104524558963e-05
1095.0 1.5951761396168496e-10
1096.0 1.5951761396168496e-10
1097.0 1.5951761396168496e-10
1098.0 1.5951761396168496e-10
1099.0 1.5951761396168496e-10
1100.0 0.0005652978870784864
