lsstCam/transmission_filter_detector/r20_s02/i_39/19700101T000000.ecsv
# %ECSV 1.0
# ---
# datatype:
# - {name: wavelength, unit: nm, datatype: float32}
# - {name: efficiency, unit: '%', datatype: float64}
# meta: !!omap
# - {MODE: DETECTOR}
# - {TYPE: transmission_filter_detector}
# - {CALIBDATE: '1970-01-01T00:00:00'}
# - {INSTRUME: LSSTCam}
# - {OBSTYPE: transmission_filter_detector}
# - {CALIBCLS: lsst.ip.isr.IntermediateFilterDetectorTransmissionCurve}
# - {SOURCE: Materion (DM-46256)}
# - {DETECTOR: 74}
# - {FILTER: i_39}
# - {CALIB_ID: 'calibDate=1970-01-01T00:00:00 filter=i_39 detector=74'}
# - {DATE: '2025-04-02T15:59:46.821906'}
# - {CALIB_CREATION_DATE: '2025-04-02'}
# - {CALIB_CREATION_TIME: '15:59:46'}
# - __serialized_columns__:
#     efficiency:
#       __class__: astropy.units.quantity.Quantity
#       unit: !astropy.units.Unit {unit: '%'}
#       value: !astropy.table.SerializedColumn {name: efficiency}
#     wavelength:
#       __class__: astropy.units.quantity.Quantity
#       unit: !astropy.units.Unit {unit: nm}
#       value: !astropy.table.SerializedColumn {name: wavelength}
# schema: astropy-2.0
wavelength efficiency
300.0 0.07509784772992134
301.0 0.03599454357754439
302.0 1.5951761396168496e-10
303.0 0.02345634129596874
304.0 0.05002141115255654
305.0 0.041062329546548426
306.0 0.03210325085092336
307.0 0.013259911793284118
308.0 1.5951761396168496e-10
309.0 1.5951761396168496e-10
310.0 1.5951761396168496e-10
311.0 1.5951761396168496e-10
312.0 0.0009903653335641138
313.0 1.5951761396168496e-10
314.0 1.5951761396168496e-10
315.0 1.5951761396168496e-10
316.0 1.5951761396168496e-10
317.0 1.5951761396168496e-10
318.0 1.5951761396168496e-10
319.0 1.5951761396168496e-10
320.0 1.5951761396168496e-10
321.0 1.5951761396168496e-10
322.0 1.5951761396168496e-10
323.0 1.5951761396168496e-10
324.0 1.5951761396168496e-10
325.0 1.5951761396168496e-10
326.0 1.5951761396168496e-10
327.0 4.6517050122929504e-05
328.0 0.0017588403352419846
329.0 0.0006971477432671236
330.0 1.5951761396168496e-10
331.0 0.0005665848220814951
332.0 0.001497714765719138
333.0 0.002209124249930028
334.0 0.0029205340979387984
335.0 0.002615638186398428
336.0 0.002310742092959117
337.0 0.002496831803000532
338.0 0.002682920967345126
339.0 0.0022950329366722144
340.0 0.0019071452697971836
341.0 0.00021993828340782784
342.0 1.5951761396168496e-10
343.0 1.5951761396168496e-10
344.0 1.5951761396168496e-10
345.0 1.5951761396168496e-10
346.0 1.5951761396168496e-10
347.0 1.5951761396168496e-10
348.0 1.5951761396168496e-10
349.0 1.5951761396168496e-10
350.0 0.0009035257789946627
351.0 0.0006050998763384996
352.0 0.0003066741328439093
353.0 1.5951761396168496e-10
354.0 1.5951761396168496e-10
355.0 1.5951761396168496e-10
356.0 8.411583962697478e-05
357.0 0.0005911437710892642
358.0 0.0010981715604430065
359.0 0.001116357816499658
360.0 0.0011345437087584287
361.0 0.0010474816008354537
362.0 0.0009604194929124787
363.0 0.0006902580480527831
364.0 0.0004200966031930875
365.0 0.0013590944035968278
366.0 0.0022980924768489785
367.0 0.00126830655062804
368.0 0.00023852062440710142
369.0 0.0006786465746699832
370.0 0.001118772524932865
371.0 0.0011407342753955163
372.0 0.0011626960258581676
373.0 0.0011457204891485162
374.0 0.0011287448614893947
375.0 0.0006371481504174881
376.0 0.00014555099596691434
377.0 8.392801191803301e-05
378.0 2.2304844549125846e-05
379.0 1.5951761396168496e-10
380.0 1.5951761396168496e-10
381.0 1.5951761396168496e-10
382.0 1.5951761396168496e-10
383.0 0.00017268536112169386
384.0 0.0010003083843912464
385.0 0.0011172832273587119
386.0 0.0012342579793767072
387.0 0.00012890928928754875
388.0 1.5951761396168496e-10
389.0 1.5951761396168496e-10
390.0 1.5951761396168496e-10
391.0 1.5951761396168496e-10
392.0 4.1367567860106647e-05
393.0 0.00017323026213489356
394.0 0.00030509306725434726
395.0 1.5951761396168496e-10
396.0 1.5951761396168496e-10
397.0 1.5951761396168496e-10
398.0 0.0002124859520336031
399.0 6.846997848697356e-05
400.0 1.5951761396168496e-10
401.0 0.0007586284937133314
402.0 0.001592802072991617
403.0 0.0027885012968908995
404.0 0.003984200520790182
405.0 0.0046751712943660095
406.0 0.005366142067941837
407.0 0.0032740335882408544
408.0 0.0011819233804999385
409.0 0.0006441438927140553
410.0 0.0001063626541508711
411.0 0.0028754802769981325
412.0 0.005644598422804847
413.0 0.0050405895308358595
414.0 0.004436581730260514
415.0 0.004853372593061067
416.0 0.005270163819659501
417.0 0.003791300332522951
418.0 0.0023124372091842815
419.0 0.0033605647331569344
420.0 0.0044086918933317065
421.0 0.004334195182309486
422.0 0.004259698107489385
423.0 0.0044850043195765465
424.0 0.004710310531663708
425.0 0.004495485336519778
426.0 0.004280659413780086
427.0 0.004292605080991052
428.0 0.0043045507482020184
429.0 0.004715636532637291
430.0 0.005126723772264086
431.0 0.004072519368492067
432.0 0.0030183156923158094
433.0 0.0030678125767735764
434.0 0.003117309825029224
435.0 0.002506486816855613
436.0 0.0018956638086820021
437.0 0.0017177817426272668
438.0 0.0015398996765725315
439.0 0.0018090726371156052
440.0 0.0020782454157597385
441.0 0.0011303996870992705
442.0 0.0001825540039135376
443.0 4.4980151869822294e-05
444.0 1.5951761396168496e-10
445.0 1.5951761396168496e-10
446.0 9.039243309416634e-05
447.0 0.00020340964965726016
448.0 0.0003164268264299608
449.0 1.5951761396168496e-10
450.0 1.5951761396168496e-10
451.0 1.5951761396168496e-10
452.0 0.0008108539987006225
453.0 0.0011578558769542724
454.0 0.001504858119005803
455.0 0.0015965120837790892
456.0 0.0016881660485523753
457.0 0.0011350202839821577
458.0 0.00058187442846247
459.0 0.00044520261326397303
460.0 0.0003085306843786384
461.0 0.0005685414635081543
462.0 0.0008285522199003026
463.0 0.0005381944902183022
464.0 0.00024783673779893434
465.0 0.00033320886814180994
466.0 0.0004185810212220531
467.0 0.0005983210940030403
468.0 0.0007780611667840276
469.0 0.00043272075345157646
470.0 8.738051633372379e-05
471.0 0.00027212261102249613
472.0 0.0004568647455016617
473.0 0.0006509551894851029
474.0 0.0008450459063169546
475.0 0.0004200240709906211
476.0 1.5951761396168496e-10
477.0 0.0006454421964008361
478.0 0.001295881884288974
479.0 0.001207315108331386
480.0 0.001118748423323268
481.0 0.0024843191567924805
482.0 0.0038498885260196403
483.0 0.005198918370297179
484.0 0.006547947850776836
485.0 0.0069118083047214895
486.0 0.007275670213857666
487.0 0.010549823491601273
488.0 0.01382397604174912
489.0 0.016874074935913086
490.0 0.019924173830077052
491.0 0.02200150629505515
492.0 0.02407883876003325
493.0 0.025835292763076723
494.0 0.02759174967650324
495.0 0.024922186275944114
496.0 0.022252615599427372
497.0 0.018397702660877258
498.0 0.014542786811944097
499.0 0.010296455002389848
500.0 0.0060501228290377185
501.0 0.004247044125804678
502.0 0.002443965968268458
503.0 0.0024351311367354356
504.0 0.002426296123303473
505.0 0.002130118809873238
506.0 0.0018339416783419438
507.0 0.0019792716557276435
508.0 0.002124601451214403
509.0 0.0020964400391676463
510.0 0.0020682786271208897
511.0 0.0016483010767842643
512.0 0.001228323617397109
513.0 0.001542070458526723
514.0 0.0018558173906058073
515.0 0.0022840673409518786
516.0 0.00271231747319689
517.0 0.0023970138499862514
518.0 0.0020817102267756127
519.0 0.002141696313628927
520.0 0.002201682400482241
521.0 0.0018132670447812416
522.0 0.0014248517800297122
523.0 0.0015334908312070183
524.0 0.0016421299733337946
525.0 0.002075329757644795
526.0 0.002508529360056855
527.0 0.0024739945729379542
528.0 0.002439459967717994
529.0 0.002182925891247578
530.0 0.001926391814777162
531.0 0.0018191058188676834
532.0 0.001711819822958205
533.0 0.001694959428277798
534.0 0.001678099033597391
535.0 0.001747117676131893
536.0 0.0018161361367674544
537.0 0.0023018086722004227
538.0 0.0027874810257344507
539.0 0.003481624662526883
540.0 0.004175768117420375
541.0 0.0048647052608430386
542.0 0.0055536427680635825
543.0 0.005165858237887733
544.0 0.004778074071509764
545.0 0.0038713948015356436
546.0 0.002964715713460464
547.0 0.0024666296667419374
548.0 0.001968543801922351
549.0 0.0018857572285924107
550.0 0.001802971019060351
551.0 0.0015781990441610105
552.0 0.0013534274330595508
553.0 0.0015207924661808647
554.0 0.0016881573174032383
555.0 0.0013251436030259356
556.0 0.0009621296158002224
557.0 0.0008234314918809105
558.0 0.0006847335498605389
559.0 0.00033973990412050625
560.0 1.5951761396168496e-10
561.0 0.0007016914423729759
562.0 0.0014086367627896834
563.0 0.0014922039554221556
564.0 0.0015757714209030382
565.0 0.001341569259238895
566.0 0.0011073673704231624
567.0 0.0009633943591325078
568.0 0.0008194215297407936
569.0 0.0008036933650146239
570.0 0.0007879652002884541
571.0 0.000568478753848467
572.0 0.00034899235288321506
573.0 0.0003653563908301294
574.0 0.0003817204287770437
575.0 0.0004113489922019653
576.0 0.0004409774646774167
577.0 0.000567122378924978
578.0 0.0006932672931725392
579.0 0.00037762597457913216
580.0 6.198467872309266e-05
581.0 0.00013774861145066097
582.0 0.00021351256691559684
583.0 0.00040049762901617214
584.0 0.0005874826001672773
585.0 0.0007179699423431884
586.0 0.0008484574209433049
587.0 0.000795607684267452
588.0 0.0007427578566421289
589.0 0.000676235413266113
590.0 0.0006097129698900972
591.0 0.0007237658792291768
592.0 0.0008378189704671968
593.0 0.0006378521902661305
594.0 0.0004378853645903291
595.0 0.000728949771655607
596.0 0.0010200140422966797
597.0 0.0007912089131423272
598.0 0.0005624038749374449
599.0 0.00043802665459224954
600.0 0.00031364932056021644
601.0 0.0003382666818652069
602.0 0.0003628839976954623
603.0 0.0002983571221193415
604.0 0.00023383015559375053
605.0 0.00016450028397230199
606.0 9.517044077256287e-05
607.0 0.0003302393906778889
608.0 0.0005653082553180866
609.0 0.0005089562364446465
610.0 0.00045260399019753095
611.0 0.0006274359293456655
612.0 0.0008022679139685351
613.0 0.0005206219611864071
614.0 0.00023897607661638176
615.0 5.016723889639252e-05
616.0 1.5951761396168496e-10
617.0 4.739630412586848e-05
618.0 0.00023343434349953895
619.0 0.00033514475035190117
620.0 0.000436855225416366
621.0 0.000512713631906081
622.0 0.0005885719929210609
623.0 0.0005948686521151103
624.0 0.0006011654022586299
625.0 0.0004290837296139216
626.0 0.0002570021024439484
627.0 0.00022636293124378426
628.0 0.00019572371456888504
629.0 0.0003508699592202902
630.0 0.0005060162493464304
631.0 0.0005228235295362538
632.0 0.0005396308097260771
633.0 0.0004894462108495645
634.0 0.00043926147554884665
635.0 0.0004883183464698959
636.0 0.000537375126441475
637.0 0.0005245213287707884
638.0 0.0005116674401506316
639.0 0.0006358087830449222
640.0 0.0007599500349897426
641.0 0.0006203326847753488
642.0 0.00048071528908621985
643.0 0.000664891149426694
644.0 0.0008490670552419033
645.0 0.0007634108442289289
646.0 0.0006777547696401598
647.0 0.0007572139111289289
648.0 0.0008366733709408436
649.0 0.0007884321348683443
650.0 0.000740190898795845
651.0 0.0009004067578644026
652.0 0.0010606227988319006
653.0 0.0011643925972748548
654.0 0.0012681624866672792
655.0 0.0017655358533374965
656.0 0.002262908856209833
657.0 0.0033316489862045273
658.0 0.00440038820670452
659.0 0.007045917300274596
660.0 0.10533065069466829
661.0 0.09932593675330281
662.0 0.13392380205914378
663.0 0.07758957799524069
664.0 0.0780668284278363
665.0 0.1625854871235788
666.0 0.13935070019215345
667.0 0.18937709974125028
668.0 0.17477901419624686
669.0 0.27902419678866863
670.0 0.34105293452739716
671.0 0.5498362239450216
672.0 0.8770810440182686
673.0 1.3517115265130997
674.0 2.0620930939912796
675.0 2.9466990381479263
676.0 3.9968885481357574
677.0 5.282988399267197
678.0 6.554526090621948
679.0 8.014467358589172
680.0 9.909893572330475
681.0 11.923889070749283
682.0 14.471971988677979
683.0 17.180117964744568
684.0 20.121152698993683
685.0 23.00114780664444
686.0 26.014041900634766
687.0 29.277804493904114
688.0 32.4711948633194
689.0 35.820695757865906
690.0 39.653220772743225
691.0 43.786388635635376
692.0 48.738399147987366
693.0 53.91261577606201
694.0 59.88065004348755
695.0 65.49062728881836
696.0 71.71929478645325
697.0 77.28410363197327
698.0 83.33685398101807
699.0 87.76814341545105
700.0 91.27700328826904
701.0 93.9623236656189
702.0 95.86621522903442
703.0 96.83359861373901
704.0 97.33587503433228
705.0 97.71118760108948
706.0 97.70093560218811
707.0 97.90179133415222
708.0 97.9790449142456
709.0 97.93585538864136
710.0 97.71975874900818
711.0 97.95203804969788
712.0 97.87265062332153
713.0 97.92391061782837
714.0 97.98017144203186
715.0 98.05649518966675
716.0 97.890704870224
717.0 98.15993309020996
718.0 98.20639491081238
719.0 98.1033205986023
720.0 98.3435869216919
721.0 98.21360111236572
722.0 97.99540042877197
723.0 97.68568277359009
724.0 97.37024903297424
725.0 97.11624383926392
726.0 96.91662788391113
727.0 96.6422975063324
728.0 96.40427827835083
729.0 96.25024199485779
730.0 96.19105458259583
731.0 96.23382687568665
732.0 96.28181457519531
733.0 96.55857682228088
734.0 96.92335724830627
735.0 97.09489345550537
736.0 97.53734469413757
737.0 97.88813591003418
738.0 98.2060432434082
739.0 98.54182004928589
740.0 98.63839149475098
741.0 98.4872817993164
742.0 98.88927936553955
743.0 98.64014983177185
744.0 98.53678345680237
745.0 98.49951267242432
746.0 98.42713475227356
747.0 98.67602586746216
748.0 98.62226843833923
749.0 98.43325614929199
750.0 98.47946763038635
751.0 98.30170273780823
752.0 98.28246831893921
753.0 98.46596121788025
754.0 98.38636517524719
755.0 98.51549863815308
756.0 98.57009649276733
757.0 98.5319972038269
758.0 98.7081229686737
759.0 98.70873689651489
760.0 98.61107468605042
761.0 98.48959445953369
762.0 98.62911701202393
763.0 98.54486584663391
764.0 98.46488237380981
765.0 98.32711219787598
766.0 98.41413497924805
767.0 98.24627041816711
768.0 98.22128415107727
769.0 98.29737544059753
770.0 98.0621874332428
771.0 98.09033870697021
772.0 98.10397624969482
773.0 97.90788888931274
774.0 97.76044487953186
775.0 97.90307283401489
776.0 97.7984368801117
777.0 97.80457019805908
778.0 97.80893921852112
779.0 97.92526364326477
780.0 97.77911901473999
781.0 98.15232157707214
782.0 98.0806291103363
783.0 98.11351895332336
784.0 98.16885590553284
785.0 98.33909869194031
786.0 98.41980934143066
787.0 98.2176125049591
788.0 98.28075170516968
789.0 98.38091135025024
790.0 98.29000234603882
791.0 98.35887551307678
792.0 98.17039966583252
793.0 98.11999797821045
794.0 98.0466902256012
795.0 97.91260957717896
796.0 97.95014262199402
797.0 97.96304702758789
798.0 97.88195490837097
799.0 97.73913025856018
800.0 97.53774404525757
801.0 97.67869710922241
802.0 97.46795296669006
803.0 97.28347659111023
804.0 97.04335927963257
805.0 96.53346538543701
806.0 96.00531458854675
807.0 95.08242607116699
808.0 94.00283098220825
809.0 92.64882802963257
810.0 91.09346270561218
811.0 89.06366229057312
812.0 86.59659624099731
813.0 83.77453088760376
814.0 80.48153519630432
815.0 76.7315924167633
816.0 72.81700372695923
817.0 68.34174990653992
818.0 63.35991024971008
819.0 59.08977389335632
820.0 54.16041612625122
821.0 49.72117841243744
822.0 45.27960419654846
823.0 40.76705574989319
824.0 36.09287142753601
825.0 31.927183270454407
826.0 27.512064576148987
827.0 22.90215641260147
828.0 18.787503242492676
829.0 14.700056612491608
830.0 10.718043893575668
831.0 7.818765193223953
832.0 5.147592723369598
833.0 3.1870149075984955
834.0 1.9379302859306335
835.0 1.1756007559597492
836.0 0.6676412653177977
837.0 0.3773638280108571
838.0 0.22800425067543983
839.0 0.12233532033860683
840.0 0.051322788931429386
841.0 0.013061139907222241
842.0 0.01966748241102323
843.0 0.019859123858623207
844.0 0.012210833665449172
845.0 1.5951761396168496e-10
846.0 1.5951761396168496e-10
847.0 1.5951761396168496e-10
848.0 1.5951761396168496e-10
849.0 1.5951761396168496e-10
850.0 1.5951761396168496e-10
851.0 1.5951761396168496e-10
852.0 0.0011879232260980643
853.0 0.0010886226846196223
854.0 0.0009893223250401206
855.0 0.0007963433745317161
856.0 0.0006033644240233116
857.0 0.0006818811016273685
858.0 0.0007603976428072201
859.0 0.0004567392807075521
860.0 0.00015308078218367882
861.0 0.00021136431769264163
862.0 0.0002696477849895018
863.0 0.00021152047793293605
864.0 0.00015339327319452423
865.0 3.2858920917533396e-05
866.0 1.5951761396168496e-10
867.0 1.5951761396168496e-10
868.0 8.484149134346808e-05
869.0 1.5951761396168496e-10
870.0 1.5951761396168496e-10
871.0 1.5951761396168496e-10
872.0 0.00017496747659606626
873.0 0.00021069708964205347
874.0 0.0002464267254254082
875.0 0.00023528798465122236
876.0 0.00022414926661440404
877.0 1.5951761396168496e-10
878.0 1.5951761396168496e-10
879.0 4.719152570942242e-05
880.0 0.0004221289600536693
881.0 0.00016353216096831602
882.0 1.5951761396168496e-10
883.0 8.331296044161718e-05
884.0 0.0002616905248942203
885.0 9.436814707441954e-05
886.0 1.5951761396168496e-10
887.0 3.148188056911749e-05
888.0 0.00013591800325229997
889.0 4.8011406761361286e-05
890.0 1.5951761396168496e-10
891.0 1.8710635174556955e-05
892.0 7.731640607744339e-05
893.0 0.0001272921963391127
894.0 0.0001772679979694658
