lsstCam/transmission_filter_detector/r24_s00/g_6/19700101T000000.ecsv
# %ECSV 1.0
# ---
# datatype:
# - {name: wavelength, unit: nm, datatype: float32}
# - {name: efficiency, unit: '%', datatype: float64}
# meta: !!omap
# - {MODE: DETECTOR}
# - {TYPE: transmission_filter_detector}
# - {CALIBDATE: '1970-01-01T00:00:00'}
# - {INSTRUME: LSSTCam}
# - {OBSTYPE: transmission_filter_detector}
# - {CALIBCLS: lsst.ip.isr.IntermediateFilterDetectorTransmissionCurve}
# - {SOURCE: Materion (DM-46256)}
# - {DETECTOR: 108}
# - {FILTER: g_6}
# - {CALIB_ID: 'calibDate=1970-01-01T00:00:00 filter=g_6 detector=108'}
# - {DATE: '2025-04-02T15:59:42.528092'}
# - {CALIB_CREATION_DATE: '2025-04-02'}
# - {CALIB_CREATION_TIME: '15:59:42'}
# - __serialized_columns__:
#     efficiency:
#       __class__: astropy.units.quantity.Quantity
#       unit: !astropy.units.Unit {unit: '%'}
#       value: !astropy.table.SerializedColumn {name: efficiency}
#     wavelength:
#       __class__: astropy.units.quantity.Quantity
#       unit: !astropy.units.Unit {unit: nm}
#       value: !astropy.table.SerializedColumn {name: wavelength}
# schema: astropy-2.0
wavelength efficiency
300.0 0.47931945882737637
301.0 0.36260918714106083
302.0 0.24589886888861656
303.0 0.22250469774007797
304.0 0.19911050330847502
305.0 0.2048092894256115
306.0 0.21050802897661924
307.0 0.21849048789590597
308.0 0.22647292353212833
309.0 0.22191174793988466
310.0 0.21735059563070536
311.0 0.20757834427058697
312.0 0.19780611619353294
313.0 0.19393586553633213
314.0 0.19006561487913132
315.0 0.18305509584024549
316.0 0.17604460008442402
317.0 0.1761649618856609
318.0 0.17628537025302649
319.0 0.16303041484206915
320.0 0.14977543614804745
321.0 0.14167288318276405
322.0 0.13357035350054502
323.0 0.11647884966805577
324.0 0.09938738076016307
325.0 0.08985039312392473
326.0 0.0803134054876864
327.0 0.07297766278497875
328.0 0.06564191426150501
329.0 0.06209252751432359
330.0 0.05854314076714218
331.0 0.05433686310425401
332.0 0.05013058544136584
333.0 0.047001647180877626
334.0 0.043872708920389414
335.0 0.042395893251523376
336.0 0.04091907758265734
337.0 0.0414783600717783
338.0 0.04203764256089926
339.0 0.040784323937259614
340.0 0.03953100531361997
341.0 0.037673223414458334
342.0 0.03581544442567974
343.0 0.03247070708312094
344.0 0.02912596974056214
345.0 0.02567908668424934
346.0 0.02223220217274502
347.0 0.021041047875769436
348.0 0.01984989212360233
349.0 0.018245175306219608
350.0 0.6420550402253866
351.0 0.9498773142695427
352.0 0.7179431617259979
353.0 0.8294559083878994
354.0 0.6511462386697531
355.0 0.8087435737252235
356.0 0.5639336071908474
357.0 0.8324419148266315
358.0 0.5965641234070063
359.0 0.8365564048290253
360.0 0.48802332021296024
361.0 0.7416147738695145
362.0 0.5908901803195477
363.0 0.7347808685153723
364.0 0.6423403508961201
365.0 0.658571207895875
366.0 0.5123136099427938
367.0 0.727048609405756
368.0 0.42966012842953205
369.0 0.6872336845844984
370.0 0.4868989810347557
371.0 0.5986987147480249
372.0 0.43204203248023987
373.0 0.6840487476438284
374.0 0.3434910671785474
375.0 0.5557773169130087
376.0 0.3608389291912317
377.0 0.6108039058744907
378.0 0.3309213323518634
379.0 0.4702562000602484
380.0 0.39503765292465687
381.0 0.5498766433447599
382.0 0.5189459770917892
383.0 0.4622322041541338
384.0 0.5304833874106407
385.0 0.5575201939791441
386.0 0.6590069737285376
387.0 0.7415874395519495
388.0 0.9290373884141445
389.0 1.2053852900862694
390.0 1.6872752457857132
391.0 2.632404863834381
392.0 4.095815122127533
393.0 6.599639356136322
394.0 9.991909563541412
395.0 14.5242378115654
396.0 20.142701268196106
397.0 27.303850650787354
398.0 35.67844331264496
399.0 44.87768113613129
400.0 54.33834791183472
401.0 63.374149799346924
402.0 71.74655199050903
403.0 79.00741696357727
404.0 84.31259393692017
405.0 88.34418058395386
406.0 90.64001441001892
407.0 92.51986145973206
408.0 93.56182217597961
409.0 94.1679835319519
410.0 94.35195922851562
411.0 94.25292015075684
412.0 93.90230178833008
413.0 93.6751663684845
414.0 93.47975850105286
415.0 93.60104203224182
416.0 93.93765926361084
417.0 94.27524209022522
418.0 94.80395317077637
419.0 95.36333084106445
420.0 95.91339826583862
421.0 96.46875858306885
422.0 96.65871262550354
423.0 96.8404233455658
424.0 96.71252369880676
425.0 96.58176302909851
426.0 96.56432271003723
427.0 96.62495255470276
428.0 96.46406769752502
429.0 96.2376594543457
430.0 96.0852563381195
431.0 96.13988995552063
432.0 96.18939161300659
433.0 96.24279141426086
434.0 96.34695649147034
435.0 96.49134278297424
436.0 96.58477902412415
437.0 96.53382301330566
438.0 96.59883379936218
439.0 96.64798378944397
440.0 96.64360880851746
441.0 96.80501222610474
442.0 96.73029780387878
443.0 96.76339626312256
444.0 96.74222469329834
445.0 96.45668864250183
446.0 96.30948901176453
447.0 96.0632860660553
448.0 96.07535600662231
449.0 96.2591826915741
450.0 96.47718667984009
451.0 96.72126770019531
452.0 96.90638184547424
453.0 97.03744649887085
454.0 97.0464825630188
455.0 97.34946489334106
456.0 97.41906523704529
457.0 97.59019613265991
458.0 97.55877256393433
459.0 97.63428568840027
460.0 97.66085147857666
461.0 97.79710173606873
462.0 97.69946336746216
463.0 97.6075530052185
464.0 97.75079488754272
465.0 97.64078855514526
466.0 97.68482446670532
467.0 97.6824700832367
468.0 97.71457314491272
469.0 97.75390028953552
470.0 97.61608242988586
471.0 97.46856689453125
472.0 97.56165742874146
473.0 97.41212129592896
474.0 97.2860336303711
475.0 97.36531376838684
476.0 97.33874201774597
477.0 97.41608500480652
478.0 97.50347137451172
479.0 97.47196435928345
480.0 97.6593554019928
481.0 97.71859049797058
482.0 97.90743589401245
483.0 97.818523645401
484.0 98.01040291786194
485.0 98.01854491233826
486.0 98.0523943901062
487.0 98.0772614479065
488.0 98.10187816619873
489.0 98.2292890548706
490.0 98.1424629688263
491.0 98.19533824920654
492.0 98.04844260215759
493.0 98.06165099143982
494.0 98.05466532707214
495.0 98.0877697467804
496.0 97.91302680969238
497.0 97.90235161781311
498.0 97.68508076667786
499.0 97.70406484603882
500.0 97.62495160102844
501.0 97.63996005058289
502.0 97.53293991088867
503.0 97.6849615573883
504.0 97.48612642288208
505.0 97.49062657356262
506.0 97.54583835601807
507.0 97.49038815498352
508.0 97.53208756446838
509.0 97.50567674636841
510.0 97.4470317363739
511.0 97.42570519447327
512.0 97.36303687095642
513.0 97.42128252983093
514.0 97.415691614151
515.0 97.40926623344421
516.0 97.5173830986023
517.0 97.52620458602905
518.0 97.61720895767212
519.0 97.59535193443298
520.0 97.64886498451233
521.0 97.78392314910889
522.0 97.7662742137909
523.0 97.73610234260559
524.0 97.76924252510071
525.0 97.74173498153687
526.0 97.84438014030457
527.0 97.82271981239319
528.0 97.90369868278503
529.0 98.0356514453888
530.0 98.00797700881958
531.0 98.17246794700623
532.0 98.04332852363586
533.0 98.0415940284729
534.0 98.03759455680847
535.0 97.90031909942627
536.0 97.59480357170105
537.0 97.054123878479
538.0 96.30779027938843
539.0 94.97879147529602
540.0 93.30413937568665
541.0 90.77364206314087
542.0 88.07355165481567
543.0 84.45663452148438
544.0 79.9493134021759
545.0 75.88454484939575
546.0 70.97204327583313
547.0 66.39944911003113
548.0 61.83370351791382
549.0 57.65698552131653
550.0 54.44455146789551
551.0 51.271504163742065
552.0 48.88501763343811
553.0 46.39955461025238
554.0 43.586015701293945
555.0 40.430617332458496
556.0 36.26397252082825
557.0 31.414571404457092
558.0 26.099765300750732
559.0 20.69554775953293
560.0 15.513750910758972
561.0 10.622596740722656
562.0 6.905589997768402
563.0 4.095552489161491
564.0 2.276146411895752
565.0 1.1046062223613262
566.0 0.5888043437153101
567.0 0.2972426591441035
568.0 0.18754636403173208
569.0 0.10497791226953268
570.0 0.08527154568582773
571.0 0.05245084757916629
572.0 0.05853642360307276
573.0 0.032711465610191226
574.0 0.04881629138253629
575.0 0.028287657187320292
576.0 0.04777740978170186
577.0 0.025112912408076227
578.0 0.02567024203017354
579.0 0.024980996386148036
580.0 0.0296665180940181
581.0 0.02230543177574873
582.0 0.02434553171042353
583.0 0.014610953803639859
584.0 0.03200135251972824
585.0 0.0060619062423938885
586.0 0.013166978897061199
587.0 0.01563729456393048
588.0 0.020184148161206394
589.0 0.016590415907558054
590.0 0.02083139115711674
591.0 0.01745704357745126
592.0 0.017118657706305385
593.0 0.012372418132144958
594.0 0.019484086078591645
595.0 0.012682942906394601
596.0 0.009666577534517273
597.0 0.007494173041777685
598.0 0.012583643547259271
599.0 0.009484089241595939
600.0 0.013094089808873832
601.0 0.002330202369194012
602.0 0.002346146538911853
603.0 0.002362090344831813
604.0 0.0022029287720215507
605.0 0.0020437673811102286
606.0 0.0020275363567634486
607.0 0.002011305150517728
608.0 0.0018618939066072926
609.0 0.0017124824807979167
610.0 0.0018190903574577533
611.0 0.0019256982341175899
612.0 0.001830634028010536
613.0 0.0017355700038024224
614.0 0.0017787451724871062
615.0 0.0018219205230707303
616.0 0.0018691553123062477
617.0 0.0019163899196428247
618.0 0.001787650035112165
619.0 0.0016589099686825648
620.0 0.0016395615602959879
621.0 0.001620213151909411
622.0 0.001581329524924513
623.0 0.0015424457160406746
624.0 0.0015118097508093342
625.0 0.0014811739674769342
626.0 0.0013699082046514377
627.0 0.001258642805623822
628.0 0.0013679793482879177
629.0 0.0014773158909520134
630.0 0.0013799827684124466
631.0 0.0012826493730244692
632.0 0.0013955048416391946
633.0 0.0015083598555065691
634.0 0.0014218387150322087
635.0 0.0013353170288610272
636.0 0.0013558805221691728
637.0 0.0013764444702246692
638.0 0.001270172288059257
639.0 0.0011638999239949044
640.0 0.00116422597784549
641.0 0.0011645515769487247
642.0 0.0012890162906842306
643.0 0.001413480731571326
644.0 0.0012772326954291202
645.0 0.001140984477387974
646.0 0.0011896311661985237
647.0 0.0012382780369080137
648.0 0.001127029554481851
649.0 0.001015780981106218
650.0 0.001181848256237572
651.0 0.0013479153494699858
652.0 0.00116808369057253
653.0 0.000988251940725604
654.0 0.0010905182534770574
655.0 0.001192784657177981
656.0 0.0012068996511516161
657.0 0.0012210147360747214
658.0 0.0011167563570779748
659.0 0.001012498341879109
660.0 0.0009278768629883416
661.0 0.0008432552021986339
662.0 0.0010328642929380294
663.0 0.0012224735655763652
664.0 0.001207884542964166
665.0 0.0011932952475035563
666.0 0.001138582592830062
667.0 0.0010838694834092166
668.0 0.0011717640518327244
669.0 0.0012596587112057023
670.0 0.0012194352166261524
671.0 0.0011792119039455429
672.0 0.0011630734661594033
673.0 0.0011469349374237936
674.0 0.0010975780242006294
675.0 0.0010482211109774653
676.0 0.001030857765726978
677.0 0.0010134939657291397
678.0 0.0010693624062696472
679.0 0.0011252308468101546
680.0 0.0010749407010735013
681.0 0.0010246503734379075
682.0 0.001056883775163442
683.0 0.001089117085939506
684.0 0.000962826561590191
685.0 0.0008365359462914057
686.0 0.0010092308912135195
687.0 0.0011819255632872228
688.0 0.0011388187886041123
689.0 0.0010957119229715317
690.0 0.001024511038849596
691.0 0.0009533101547276601
692.0 0.0009506621609034482
693.0 0.0009480143489781767
694.0 0.0010570011909294408
695.0 0.0011659880328807048
696.0 0.0011341748177073896
697.0 0.0011023613296856638
698.0 0.0011917859410459641
699.0 0.0012812104614567943
700.0 0.0011399554750823881
701.0 0.0009987003068090416
702.0 0.0011571301911317278
703.0 0.0013155600754544139
704.0 0.001255016468348913
705.0 0.0011944725883950014
706.0 0.0011705322322086431
707.0 0.0011465918760222849
708.0 0.001114673705160385
709.0 0.0010827557161974255
710.0 0.0011646270650089718
711.0 0.0012464987776183989
712.0 0.0012023506315017585
713.0 0.001158202485385118
714.0 0.0012099724699510261
715.0 0.001261742818314815
716.0 0.001484292806708254
717.0 0.0017068432498490438
718.0 0.0019069399058935232
719.0 0.0021070363800390624
720.0 0.0017641605154494755
721.0 0.0014212843780114781
722.0 0.0014978340914240107
723.0 0.0015743840776849538
724.0 0.0016204521671170369
725.0 0.00166652025654912
726.0 0.0018054042811854742
727.0 0.0019442883058218285
728.0 0.0020235585907357745
729.0 0.002102829057548661
730.0 0.0020968001990695484
731.0 0.002090771340590436
732.0 0.0019152614186168648
733.0 0.0017397518604411744
734.0 0.0014906297110428568
735.0 0.0012415078344929498
736.0 0.001111583969759522
737.0 0.0009816601050260942
738.0 0.000952427217271179
739.0 0.0009231943295162637
740.0 0.0008683411579113454
741.0 0.0008134878953569569
742.0 0.0007595563602080802
743.0 0.0007056248705339385
744.0 0.0008253605301433709
745.0 0.0009450964171264786
746.0 0.0009285648957302328
747.0 0.0009120334652834572
748.0 0.0010820392162713688
749.0 0.0012520451491582207
750.0 0.001053365758707514
751.0 0.0008546866411052179
752.0 0.000784293206379516
753.0 0.0007138997716538142
754.0 0.0008510310181009118
755.0 0.0009881622645480093
756.0 0.0009593260983820073
757.0 0.0009304898412665352
758.0 0.0008896679901226889
759.0 0.0008488462299283128
760.0 0.0007189128609752515
761.0 0.0005889794465474552
762.0 0.0006133634542493382
763.0 0.0006377473255270161
764.0 0.0007780648957123049
765.0 0.0009183827387460042
766.0 0.0008202795470424462
767.0 0.0007221764462883584
768.0 0.000627121744400938
769.0 0.0005320669060893124
770.0 0.0004995257768314332
771.0 0.00046698460209881887
772.0 0.0006089528596930904
773.0 0.0007509212082368322
774.0 0.0008207807695725933
775.0 0.0008906404218578245
776.0 0.0008155258001352195
777.0 0.0007404110874631442
778.0 0.0007120931059034774
779.0 0.0006837751698185457
780.0 0.0006319271960819606
781.0 0.0005800792678201105
782.0 0.0005416009571490576
783.0 0.0005031226464780048
784.0 0.0006511970241263043
785.0 0.0007992714017746039
786.0 0.0007276455562532647
787.0 0.0006560199381056009
788.0 0.0004755874670081539
789.0 0.00029515506412280956
790.0 0.0003172819333485677
791.0 0.0003394087798369583
792.0 0.0002995002205352648
793.0 0.0002595916839709389
794.0 0.000242316536969156
795.0 0.00022504141270474065
796.0 0.0003787958121392876
797.0 0.0005325502115738345
798.0 0.0005217514626565389
799.0 0.0005109527592139784
800.0 0.0005067512120149331
801.0 0.0005025498467148282
802.0 0.0004109007932129316
803.0 0.00031925185339787276
804.0 0.0002953407829409116
805.0 0.00027142978069605306
806.0 0.00028459792247303994
807.0 0.0002977660415126593
808.0 0.0004007116331194993
809.0 0.0005036572019889718
810.0 0.000397517078454257
811.0 0.00029137684123270446
812.0 0.000315807233164378
813.0 0.00034023755688394886
814.0 0.00035285936519358074
815.0 0.00036548112802847754
816.0 0.00047479097702307627
817.0 0.0005841007350682048
818.0 0.00045475962906493805
819.0 0.00032541859127377393
820.0 0.0004699780674854992
821.0 0.0006145374300103867
822.0 0.0005116262400406413
823.0 0.0004087150045961607
824.0 0.0004770329724124167
825.0 0.0005453508947539376
826.0 0.0005898157724004705
827.0 0.0006342805590975331
828.0 0.000528502960150945
829.0 0.0004227253612043569
830.0 0.0004109468591195764
831.0 0.0003991683570347959
832.0 0.0005405534921010258
833.0 0.0006819385362177854
834.0 0.0005162224169907859
835.0 0.0003505063205011538
836.0 0.0004829380031878827
837.0 0.0006153697540867142
838.0 0.0005251086349744583
839.0 0.00043484760681167245
840.0 0.000553939571545925
841.0 0.0006730314453307074
842.0 0.00041494204197078943
843.0 0.00015685249081798247
844.0 0.00021862999801669503
845.0 0.000280407584796194
846.0 0.0004777443791681435
847.0 0.0006750813099642983
848.0 0.0006187160124682123
849.0 0.0005623508059215965
850.0 0.0005103731837152736
851.0 0.00045839560698368587
852.0 0.0005146422154211905
853.0 0.0005708885055355495
854.0 0.0006182656306918943
855.0 0.000665642664898769
856.0 0.0005906955721002305
857.0 0.0005157485247764271
858.0 0.0004843723672820488
859.0 0.0004529962097876705
860.0 0.00046246900637925137
861.0 0.0004719418029708322
862.0 0.0004827851626032498
863.0 0.0004936285677104024
864.0 0.0004604369223670801
865.0 0.0004272452770237578
866.0 0.0004584528142004274
867.0 0.000489660396851832
868.0 0.0006071985353628406
869.0 0.0007247366738738492
870.0 0.00060094484979345
871.0 0.00047715288928884547
872.0 0.000430334603152005
873.0 0.0003835161351162242
874.0 0.0004629878731066128
875.0 0.0005424595656222664
876.0 0.0005918629540246911
877.0 0.0006412662969523808
878.0 0.0006132803264335962
879.0 0.0005852942649653414
880.0 0.00061266669035831
881.0 0.000640039343124954
882.0 0.000577810033064452
883.0 0.0005155809503776254
884.0 0.0005372889972932171
885.0 0.0005589972261077492
886.0 0.0006755117738066474
887.0 0.0007920264579297509
888.0 0.0006594080332433805
889.0 0.0005267896085570101
890.0 0.0005572528607444838
891.0 0.0005877161129319575
892.0 0.0005698895620298572
893.0 0.0005520631020772271
894.0 0.0005076730303699151
895.0 0.00046328300413733814
896.0 0.0003554404429451097
897.0 0.00024759783627814613
898.0 0.00033471367260062834
899.0 0.00042182950892311055
900.0 0.00036441231259232154
901.0 0.00030699511626153253
902.0 0.0004942094619764248
903.0 0.000681423762216582
904.0 0.0004230546437611338
905.0 0.00016468545709358295
906.0 0.0003524730118442676
907.0 0.0005402605893323198
