lsstCam/transmission_filter_detector/r24_s00/g_6/19700101T000000.ecsv
# %ECSV 1.0
# ---
# datatype:
# - {name: wavelength, unit: nm, datatype: float32}
# - {name: efficiency, unit: '%', datatype: float64}
# meta: !!omap
# - {MODE: DETECTOR}
# - {TYPE: transmission_filter_detector}
# - {CALIBDATE: '1970-01-01T00:00:00'}
# - {INSTRUME: LSSTCam}
# - {OBSTYPE: transmission_filter_detector}
# - {CALIBCLS: lsst.ip.isr.IntermediateFilterDetectorTransmissionCurve}
# - {SOURCE: Materion (DM-46256)}
# - {DETECTOR: 108}
# - {FILTER: g_6}
# - {CALIB_ID: 'calibDate=1970-01-01T00:00:00 filter=g_6 detector=108'}
# - {DATE: '2025-04-02T15:59:42.528092'}
# - {CALIB_CREATION_DATE: '2025-04-02'}
# - {CALIB_CREATION_TIME: '15:59:42'}
# - __serialized_columns__:
#     efficiency:
#       __class__: astropy.units.quantity.Quantity
#       unit: !astropy.units.Unit {unit: '%'}
#       value: !astropy.table.SerializedColumn {name: efficiency}
#     wavelength:
#       __class__: astropy.units.quantity.Quantity
#       unit: !astropy.units.Unit {unit: nm}
#       value: !astropy.table.SerializedColumn {name: wavelength}
# schema: astropy-2.0
wavelength efficiency
[from data line 609]
909.0 0.0003786727120314026
910.0 0.00036251415167498635
911.0 0.0003463556140559376
912.0 0.00044954554141440894
913.0 0.0005527355369849829
914.0 0.00041058574424823746
915.0 0.000268435951511492
916.0 0.0002301433823959087
917.0 0.00019185074506822275
918.0 0.0002827504204105935
919.0 0.0003736500502782292
920.0 0.00039059605114744045
921.0 0.0004075420292792842
922.0 0.0005049851097282954
923.0 0.0006024281901773065
924.0 0.0005467555183713557
925.0 0.0004910827556159347
926.0 0.0005283585778670385
927.0 0.0005656345365423476
928.0 0.0005847829925187398
929.0 0.0006039315849193372
930.0 0.0005675855845765909
931.0 0.0005312395842338447
932.0 0.0005326584414433455
933.0 0.0005340773441275815
934.0 0.0005171144493942847
935.0 0.000500151509186253
936.0 0.0005169731593923643
937.0 0.0005337948550732108
938.0 0.0006788722657802282
939.0 0.0008239498129114509
940.0 0.0006632743406953523
941.0 0.0005025988684792537
942.0 0.0006324174592009513
943.0 0.000762236140872119
944.0 0.0006921456588315777
945.0 0.0006220550858415663
946.0 0.0006918403869349277
947.0 0.0007616256425535539
948.0 0.0009064422556548379
949.0 0.0010512588232813869
950.0 0.0009514818884781562
951.0 0.0008517048627254553
952.0 0.0008592878657509573
953.0 0.0008668707778269891
954.0 0.0008265787073469255
955.0 0.0007862867278163321
956.0 0.0006978569672355661
957.0 0.000609427161180065
958.0 0.0006867125648568617
959.0 0.0007639980140083935
960.0 0.0006604429472645279
961.0 0.000556887744096457
962.0 0.0006469969775935169
963.0 0.0007371062565653119
964.0 0.0006880891305627301
965.0 0.0006390719590854133
966.0 0.0006861172550998162
967.0 0.0007331625511142192
968.0 0.0007059527433739277
969.0 0.0006787429356336361
970.0 0.0006747286079189507
971.0 0.0006707142802042654
972.0 0.0007881160854594782
973.0 0.0009055179361894261
974.0 0.0008751786481298041
975.0 0.0008448397238680627
976.0 0.0008489158972224686
977.0 0.0008529923434252851
978.0 0.000947753869695589
979.0 0.0010425153959658928
980.0 0.0010356832717661746
981.0 0.0010288512385159265
982.0 0.0010068666597362608
983.0 0.0009848821719060652
984.0 0.0009850413334788755
985.0 0.0009852007679000963
986.0 0.001137209892476676
987.0 0.0012892188351543155
988.0 0.00130983307826682
989.0 0.0013304470485309139
990.0 0.0014011992789164651
991.0 0.0014719514183525462
992.0 0.0014152343283058144
993.0 0.0013585172382590827
994.0 0.0013260890227684285
995.0 0.0012936608072777744
996.0 0.0012874476851720829
997.0 0.0012812347449653316
998.0 0.0013613806913781445
999.0 0.0014415267287404276
1000.0 0.0013079937161819544
1001.0 0.0011744604307750706
1002.0 0.001183919175673509
1003.0 0.0011933778296224773
1004.0 0.0012165044608991593
1005.0 0.0012396310012263712
1006.0 0.001390918350807624
1007.0 0.0015422056094394065
1008.0 0.0015453580999746919
1009.0 0.0015485107724089175
1010.0 0.0016334692190866917
1011.0 0.001718427665764466
1012.0 0.0019083559891441837
1013.0 0.002098284494422842
1014.0 0.002126209619746078
1015.0 0.002154134926968254
1016.0 0.002499203219485935
1017.0 0.002844271693902556
1018.0 0.0030572384275728837
1019.0 0.003270205343142152
1020.0 0.003375772212166339
1021.0 0.003481339444988407
1022.0 0.003734519486897625
1023.0 0.003987699892604724
1024.0 0.0040950573747977614
1025.0 0.00420241522078868
1026.0 0.004377440927783027
1027.0 0.0045524666347773746
1028.0 0.004680221900343895
1029.0 0.004807976802112535
1030.0 0.004835342042497359
1031.0 0.004862706555286422
1032.0 0.0052270363084971905
1033.0 0.005591365697910078
1034.0 0.005536941171158105
1035.0 0.005482516644406132
1036.0 0.005548564513446763
1037.0 0.005614612018689513
1038.0 0.0058842295402428135
1039.0 0.006153847061796114
1040.0 0.006433009548345581
1041.0 0.006712170579703525
1042.0 0.006973867857595906
1043.0 0.007235565135488287
1044.0 0.007531874143751338
1045.0 0.007828182424418628
1046.0 0.008850042650010437
1047.0 0.009871902148006484
1048.0 0.011363052908563986
1049.0 0.012854201486334205
1050.0 0.015444467135239393
1051.0 0.018034728418570012
1052.0 0.021709786960855126
1053.0 0.02538484986871481
1054.0 0.030592599068768322
1055.0 0.03580035117920488
1056.0 0.042717845644801855
1057.0 0.04963533720001578
1058.0 0.05736201419495046
1059.0 0.06508868536911905
1060.0 0.0727528880815953
1061.0 0.08041707333177328
1062.0 0.0876654521562159
1063.0 0.09491379605606198
1064.0 0.10031457059085369
1065.0 0.10571533348411322
1066.0 0.11142449220642447
1067.0 0.11713366257026792
1068.0 0.12390896445140243
1069.0 0.1306842896156013
1070.0 0.1408100943081081
1071.0 0.15093591064214706
1072.0 0.16328450292348862
1073.0 0.1756330719217658
1074.0 0.18916521221399307
1075.0 0.20269739907234907
1076.0 0.2159171039238572
1077.0 0.229136785492301
1078.0 0.24306965060532093
1079.0 0.25700246915221214
1080.0 0.2745602512732148
1081.0 0.2921180101111531
1082.0 0.3205501474440098
1083.0 0.3489823080599308
1084.0 0.39002064149826765
1085.0 0.43105902150273323
1086.0 0.4670300520956516
1087.0 0.5030010361224413
1088.0 0.5683380179107189
1089.0 0.6336749531328678
1090.0 0.7089824881404638
1091.0 0.7842900231480598
1092.0 0.8153883740305901
1093.0 0.8464865386486053
1094.0 0.8855337277054787
1095.0 0.9245806373655796
1096.0 0.9721792303025723
1097.0 1.0197780095040798
1098.0 1.058168988674879
1099.0 1.0965601541101933
1100.0 1.2544024735689163
1101.0 1.4122444204986095
