lsstCam/transmission_filter_detector/r11_s22/u_24/19700101T000000.ecsv
# %ECSV 1.0
# ---
# datatype:
# - {name: wavelength, unit: nm, datatype: float32}
# - {name: efficiency, unit: '%', datatype: float64}
# meta: !!omap
# - {MODE: DETECTOR}
# - {TYPE: transmission_filter_detector}
# - {CALIBDATE: '1970-01-01T00:00:00'}
# - {INSTRUME: LSSTCam}
# - {OBSTYPE: transmission_filter_detector}
# - {CALIBCLS: lsst.ip.isr.IntermediateFilterDetectorTransmissionCurve}
# - {SOURCE: Materion (DM-46256)}
# - {DETECTOR: 44}
# - {FILTER: u_24}
# - {CALIB_ID: 'calibDate=1970-01-01T00:00:00 filter=u_24 detector=44'}
# - {DATE: '2025-04-02T15:59:39.952971'}
# - {CALIB_CREATION_DATE: '2025-04-02'}
# - {CALIB_CREATION_TIME: '15:59:39'}
# - __serialized_columns__:
#     efficiency:
#       __class__: astropy.units.quantity.Quantity
#       unit: !astropy.units.Unit {unit: '%'}
#       value: !astropy.table.SerializedColumn {name: efficiency}
#     wavelength:
#       __class__: astropy.units.quantity.Quantity
#       unit: !astropy.units.Unit {unit: nm}
#       value: !astropy.table.SerializedColumn {name: wavelength}
# schema: astropy-2.0
wavelength efficiency
295.0 1.5787064580954913e-10
296.0 1.5787064580954913e-10
297.0 1.5787064580954913e-10
298.0 1.5787064580954913e-10
299.0 1.5787064580954913e-10
300.0 0.11325085069984198
301.0 0.026228968636132777
302.0 0.11056506773456931
303.0 1.5787064580954913e-10
304.0 1.5787064580954913e-10
305.0 0.5353008862584829
306.0 1.4856567606329918
307.0 2.703596279025078
308.0 4.6947818249464035
309.0 7.535648345947266
310.0 10.502786934375763
311.0 14.007531106472015
312.0 17.757505178451538
313.0 21.10181301832199
314.0 24.155117571353912
315.0 26.50475800037384
316.0 28.689932823181152
317.0 31.07627034187317
318.0 33.41943919658661
319.0 36.86317503452301
320.0 41.818881034851074
321.0 46.87593877315521
322.0 52.819591760635376
323.0 58.35181474685669
324.0 63.2328987121582
325.0 66.79350137710571
326.0 69.27402019500732
327.0 71.28918170928955
328.0 73.05588722229004
329.0 74.52536225318909
330.0 75.91098546981812
331.0 76.85513496398926
332.0 77.31519937515259
333.0 77.50821709632874
334.0 77.37433314323425
335.0 77.49130725860596
336.0 77.63342261314392
337.0 78.03204655647278
338.0 78.88678312301636
339.0 79.45517897605896
340.0 79.87610101699829
341.0 80.4586410522461
342.0 80.75591325759888
343.0 80.70555925369263
344.0 80.84850311279297
345.0 81.21310472488403
346.0 81.55377507209778
347.0 81.75322413444519
348.0 82.07192420959473
349.0 82.28439688682556
350.0 82.37624764442444
351.0 82.48748183250427
352.0 82.42179155349731
353.0 82.3204517364502
354.0 82.24407434463501
355.0 82.48576521873474
356.0 82.61359333992004
357.0 82.56556987762451
358.0 82.26388096809387
359.0 82.10387229919434
360.0 81.98729753494263
361.0 81.8901777267456
362.0 81.73758387565613
363.0 81.89445734024048
364.0 81.99502825737
365.0 82.15249180793762
366.0 82.33389258384705
367.0 82.24521279335022
368.0 82.15857744216919
369.0 82.07732439041138
370.0 81.7528247833252
371.0 81.53523206710815
372.0 81.49018883705139
373.0 81.57814741134644
374.0 81.58996105194092
375.0 81.87886476516724
376.0 81.96633458137512
377.0 81.92335963249207
378.0 82.0658802986145
379.0 81.77140951156616
380.0 81.12074136734009
381.0 79.91827130317688
382.0 78.27528119087219
383.0 76.36201977729797
384.0 74.25334453582764
385.0 71.9315230846405
386.0 69.54916715621948
387.0 66.42342805862427
388.0 63.30891251564026
389.0 59.53008532524109
390.0 55.71950078010559
391.0 51.588815450668335
392.0 47.13106453418732
393.0 43.328797817230225
394.0 40.09135663509369
395.0 36.888766288757324
396.0 33.59789252281189
397.0 29.402169585227966
398.0 24.4145929813385
399.0 18.16369593143463
400.0 11.955446749925613
401.0 7.008500397205353
402.0 3.3462435007095337
403.0 1.2022081762552261
404.0 0.33174334093928337
405.0 0.1598237664438784
406.0 0.07607904262840748
407.0 0.004455984526430257
408.0 0.02047378511633724
409.0 1.5787064580954913e-10
410.0 1.5787064580954913e-10
411.0 1.5787064580954913e-10
412.0 0.004643292777473107
413.0 1.5787064580954913e-10
414.0 1.5787064580954913e-10
415.0 1.5787064580954913e-10
416.0 1.5787064580954913e-10
417.0 1.5787064580954913e-10
418.0 1.5787064580954913e-10
419.0 1.5787064580954913e-10
420.0 1.5787064580954913e-10
421.0 1.5787064580954913e-10
422.0 1.5787064580954913e-10
423.0 1.5787064580954913e-10
424.0 1.5787064580954913e-10
425.0 1.5787064580954913e-10
426.0 1.5787064580954913e-10
427.0 1.5787064580954913e-10
428.0 1.5787064580954913e-10
429.0 0.0009408158803125843
430.0 0.0027450525521999225
431.0 0.0012543266166176181
432.0 1.5787064580954913e-10
433.0 0.00017209383713634452
434.0 0.0005805872206110507
435.0 0.0011956309208471794
436.0 0.0018106753486790694
437.0 0.0004315158548706677
438.0 1.5787064580954913e-10
439.0 1.5787064580954913e-10
440.0 0.000774598174757557
441.0 1.5787064580954913e-10
442.0 1.5787064580954913e-10
443.0 1.5787064580954913e-10
444.0 0.00012695697932940675
445.0 1.5787064580954913e-10
446.0 1.5787064580954913e-10
447.0 1.5787064580954913e-10
448.0 9.712871360534336e-05
449.0 0.0002529971879994264
450.0 0.0004088652531208936
451.0 1.5787064580954913e-10
452.0 1.5787064580954913e-10
453.0 1.5787064580954913e-10
454.0 0.0002223300270998152
455.0 1.5787064580954913e-10
456.0 1.5787064580954913e-10
457.0 1.5787064580954913e-10
458.0 1.5787064580954913e-10
459.0 1.5787064580954913e-10
460.0 1.5787064580954913e-10
461.0 1.5787064580954913e-10
462.0 1.5787064580954913e-10
463.0 1.5787064580954913e-10
464.0 5.62101888590405e-05
465.0 0.00016375063296436565
466.0 0.0002712911509661353
467.0 1.5787064580954913e-10
468.0 1.5787064580954913e-10
469.0 1.5787064580954913e-10
470.0 0.0010265725904901046
471.0 1.977916497253318e-05
472.0 1.5787064580954913e-10
473.0 1.5787064580954913e-10
474.0 1.5787064580954913e-10
475.0 1.5787064580954913e-10
476.0 1.5787064580954913e-10
477.0 1.5787064580954913e-10
478.0 1.5787064580954913e-10
479.0 1.5787064580954913e-10
480.0 1.5787064580954913e-10
481.0 1.5787064580954913e-10
482.0 0.0003149865733576007
483.0 1.5787064580954913e-10
484.0 1.5787064580954913e-10
485.0 1.5787064580954913e-10
486.0 1.5787064580954913e-10
487.0 1.5787064580954913e-10
488.0 1.5787064580954913e-10
489.0 1.5787064580954913e-10
490.0 1.5787064580954913e-10
491.0 1.5787064580954913e-10
492.0 1.5787064580954913e-10
493.0 1.5787064580954913e-10
494.0 1.5787064580954913e-10
495.0 1.5787064580954913e-10
496.0 0.0006614273388549918
497.0 0.000367157826985931
498.0 7.288789447557065e-05
499.0 1.5787064580954913e-10
500.0 1.5787064580954913e-10
501.0 1.5787064580954913e-10
502.0 1.5787064580954913e-10
503.0 1.5787064580954913e-10
504.0 1.5787064580954913e-10
505.0 1.5787064580954913e-10
506.0 1.5787064580954913e-10
507.0 1.5787064580954913e-10
508.0 1.5787064580954913e-10
509.0 1.5787064580954913e-10
510.0 1.5787064580954913e-10
511.0 1.5787064580954913e-10
512.0 0.0005451938250189414
513.0 0.0005989762030367274
514.0 0.0006527583536808379
515.0 0.0006868011951155495
516.0 0.0007208441274997313
517.0 1.2100494473088474e-05
518.0 1.5787064580954913e-10
519.0 1.5787064580954913e-10
520.0 9.874361239781138e-05
521.0 0.00046934546844568104
522.0 0.0008399471880693454
523.0 0.0003602576953198877
524.0 1.5787064580954913e-10
525.0 1.5787064580954913e-10
526.0 1.5787064580954913e-10
527.0 1.5787064580954913e-10
528.0 1.5787064580954913e-10
529.0 1.5787064580954913e-10
530.0 1.5787064580954913e-10
531.0 0.00013311532711668406
532.0 0.0003293690497230273
533.0 1.5787064580954913e-10
534.0 1.5787064580954913e-10
535.0 1.5787064580954913e-10
536.0 0.00016680960470694117
537.0 1.5787064580954913e-10
538.0 1.5787064580954913e-10
539.0 1.5787064580954913e-10
540.0 1.5787064580954913e-10
541.0 1.5787064580954913e-10
542.0 1.5787064580954913e-10
543.0 1.5787064580954913e-10
544.0 1.5787064580954913e-10
545.0 1.5787064580954913e-10
546.0 1.5787064580954913e-10
547.0 6.713632672017411e-06
548.0 0.00020697550553450128
549.0 1.5787064580954913e-10
550.0 1.5787064580954913e-10
551.0 1.5787064580954913e-10
552.0 1.5787064580954913e-10
553.0 1.5787064580954913e-10
554.0 1.5787064580954913e-10
555.0 1.5787064580954913e-10
556.0 1.5787064580954913e-10
557.0 1.5787064580954913e-10
558.0 1.5787064580954913e-10
559.0 1.5787064580954913e-10
560.0 0.0004122025075048441
561.0 8.573572358727688e-05
562.0 1.5787064580954913e-10
563.0 1.5787064580954913e-10
564.0 1.5787064580954913e-10
565.0 1.5787064580954913e-10
566.0 1.5787064580954913e-10
567.0 1.5787064580954913e-10
568.0 3.348756933974073e-05
569.0 0.00021482658212335082
570.0 0.00039616552385268733
571.0 0.00044712865019391757
572.0 0.0004980919584340882
573.0 0.0004776166861120146
574.0 0.0004571417775878217
575.0 0.0003149542862956878
576.0 0.0001727669769024942
577.0 0.00040933496165962424
578.0 0.0006459029009420192
579.0 0.0004111900125280954
580.0 0.00017647706727075274
581.0 0.0004527442797552794
582.0 0.0007290117082447978
583.0 0.0011113239452242851
584.0 0.001493636409577448
585.0 0.0011784835805883631
586.0 0.0008633303878013976
587.0 0.0011902300684596412
588.0 0.001517129840067355
589.0 0.001254052585863974
590.0 0.0009909752407111228
591.0 0.0009013211638375651
592.0 0.0008116669960145373
593.0 0.0006908932391525013
594.0 0.0005701192094420549
595.0 0.0007175530299718957
596.0 0.0008649864867038559
597.0 0.0008722699021745939
598.0 0.0008795529538474511
599.0 0.0011256603102083318
600.0 0.001371767393720802
601.0 0.001478921785746934
602.0 0.0015860763596720062
603.0 0.0016083409718703479
604.0 0.0016306057659676298
605.0 0.0016497597243869677
606.0 0.0016689136828063056
607.0 0.0016302783478749916
608.0 0.0015916428310447372
609.0 0.0010638705134624615
610.0 0.0005360981958801858
611.0 0.0006877610758238006
612.0 0.0008394240467168856
613.0 0.0006008764103171416
614.0 0.00036232886486686766
615.0 0.000652846620141645
616.0 0.0009433644663658924
617.0 0.0007854346222302411
618.0 0.0006275050054682652
619.0 0.0005488735041581094
620.0 0.00047024227569636423
621.0 0.0006433619091694709
622.0 0.0008164814971678425
623.0 0.0005564352250075899
624.0 0.0002963888618978672
625.0 0.0005045214948040666
626.0 0.000712654127710266
627.0 0.0006270101948757656
628.0 0.0005413664439402055
629.0 0.0005239478923613206
630.0 0.000506529522681376
631.0 0.001089654688257724
632.0 0.001672779762884602
633.0 0.0015146591977099888
634.0 0.001356538814434316
635.0 0.001836390765674878
636.0 0.00231624271691544
637.0 0.002391351699770894
638.0 0.002466460682626348
639.0 0.002166448757634498
640.0 0.0018664368326426484
641.0 0.0015976138456608169
642.0 0.001328791131527396
643.0 0.0007862427992222365
644.0 0.00024369430775550427
645.0 0.0002222601096946164
646.0 0.00020082577520952327
647.0 6.9675093072874e-05
648.0 1.5787064580954913e-10
649.0 8.136765927702072e-05
650.0 0.0002242107484562439
651.0 0.0004694669769378379
652.0 0.0007147234100557398
653.0 0.0012130534742027521
654.0 0.0017113832655013539
655.0 0.0013545065485232044
656.0 0.0009976295586966444
657.0 0.002115780625899788
658.0 0.0032339321478502825
659.0 0.0034861826861742884
660.0 0.0037384332244982943
661.0 0.0039018206734908745
662.0 0.004065208122483455
663.0 0.0034722899727057666
664.0 0.002879372186725959
665.0 0.0026355270165367983
666.0 0.002391681664448697
667.0 0.001991447788896039
668.0 0.00159121336764656
669.0 0.0011282901141385082
670.0 0.0006653668151557213
671.0 0.000573793840885628
672.0 0.00048222082114079967
673.0 0.0002854807462426834
674.0 8.874059744812257e-05
675.0 0.0003283063961134758
676.0 0.0005678722573065897
677.0 0.0011069529136875644
678.0 0.0016460338883916847
679.0 0.0018138602172257379
680.0 0.0019816861822619103
681.0 0.0026662619347916916
682.0 0.0033508375054225326
683.0 0.004705024184659123
684.0 0.006059210863895714
685.0 0.00662664242554456
686.0 0.00719407616998069
687.0 0.007192294287960976
688.0 0.007190512405941263
689.0 0.0063737621530890465
690.0 0.00555701190023683
691.0 0.004906302638119087
692.0 0.004255593012203462
693.0 0.003588102845242247
694.0 0.002920612496382091
695.0 0.0025084522349061444
696.0 0.0020962919734301977
697.0 0.0016068253898993134
698.0 0.001117358715418959
699.0 0.0008538237125321757
700.0 0.0005902884367969818
701.0 0.00039655546970607247
702.0 0.00020282259356463328
703.0 0.0004338463895692257
704.0 0.0006648704129474936
705.0 0.0006853698323538993
706.0 0.0007058694336592453
707.0 0.0007988158358784858
708.0 0.0008917618288251106
709.0 0.0006932472842891002
710.0 0.0004947325578541495
711.0 0.0007200254003691953
712.0 0.0009453179700358305
713.0 0.000880226434674114
714.0 0.0008151349902618676
715.0 0.0007667007594136521
716.0 0.0007182664830907015
717.0 0.0006953830506972736
718.0 0.0006724995273543755
719.0 0.0005335079094948014
720.0 0.0003945162461604923
721.0 0.0005907868853682885
722.0 0.0007870576155255549
723.0 0.0005995868832542328
724.0 0.00041211615098291077
725.0 0.0001708408490230795
726.0 1.5787064580954913e-10
727.0 0.00018341871736993198
728.0 0.00043727209231292363
729.0 0.00021494552129297517
730.0 1.5787064580954913e-10
731.0 2.698123751088133e-05
732.0 6.134345085229143e-05
733.0 1.5787064580954913e-10
734.0 1.5787064580954913e-10
735.0 0.0003254535613450571
736.0 0.0007551202088507125
737.0 0.0006561110694747185
738.0 0.0005571017936745193
739.0 0.0003422630697968998
740.0 0.0001274242663384939
741.0 0.0006547804787260247
742.0 0.0011821368389064446
743.0 0.0013717206456931308
744.0 0.0015613042705808766
745.0 0.0019127464838675223
746.0 0.0022641883333562873
747.0 0.002984936327266041
748.0 0.0037056841392768547
749.0 0.0034224201954202726
750.0 0.0031391566153615713
751.0 0.0034254251659149304
752.0 0.0037116937164682895
753.0 0.003115026993327774
754.0 0.002518360452086199
755.0 0.002575465987320058
756.0 0.002632572068250738
757.0 0.0022468775568995625
758.0 0.0018611828636494465
759.0 0.0014170728718454484
760.0 0.0009729629709909204
761.0 0.0009581262020219583
762.0 0.0009432895240024664
763.0 0.0007680366252316162
764.0 0.0005927835900365608
765.0 0.0006790233783249278
766.0 0.0007652632120880298
767.0 0.0006970895810809452
768.0 0.0006289158136496553
769.0 0.000553225982002914
770.0 0.00047753587750776205
771.0 0.0003845982519123936
772.0 0.0002916604898928199
773.0 0.00037578361116175074
774.0 0.0004599065960064763
775.0 0.00038608759496128187
776.0 0.0003122685939160874
777.0 0.0004975077899871394
778.0 0.0006827466677350458
779.0 0.0008365062967641279
780.0 0.0009902657438942697
781.0 0.0009624489393900149
782.0 0.0009346322258352302
783.0 0.0008540534508938435
784.0 0.0007734746759524569
785.0 0.000905379874893697
786.0 0.0010372848919359967
787.0 0.0010420757462270558
788.0 0.0010468664186191745
789.0 0.000975491275312379
790.0 0.0009041161320055835
791.0 0.0009438511369808111
792.0 0.0009835859600570984
793.0 0.0004930800514557632
794.0 2.5741412557067633e-06
795.0 6.869279900456604e-05
796.0 0.0001348113528365502
797.0 0.000250015750680177
798.0 0.00036522008031170117
799.0 0.00018411417386232642
800.0 3.0081995561204167e-06
801.0 1.5787064580954913e-10
802.0 1.5787064580954913e-10
803.0 1.5787064580954913e-10
804.0 0.00022262086076807464
805.0 4.668725352985348e-05
806.0 1.5787064580954913e-10
807.0 1.5787064580954913e-10
808.0 1.5787064580954913e-10
809.0 0.00011523918601596961
810.0 0.0005979006800771458
811.0 2.562211136591941e-05
812.0 1.5787064580954913e-10
813.0 1.5787064580954913e-10
814.0 0.0004848843218496768
815.0 0.0005578575382969575
816.0 0.0006308305728452979
817.0 0.00031219772154145176
818.0 1.5787064580954913e-10
819.0 1.5787064580954913e-10
820.0 1.5787064580954913e-10
821.0 1.5787064580954913e-10
822.0 1.5787064580954913e-10
823.0 1.5787064580954913e-10
824.0 9.41983060442908e-06
825.0 1.5787064580954913e-10
826.0 1.5787064580954913e-10
827.0 1.9311120524889702e-05
828.0 0.0004587836883729324
829.0 0.00043282498154439963
830.0 0.0004068665930390125
831.0 1.5787064580954913e-10
832.0 1.5787064580954913e-10
833.0 1.5787064580954913e-10
834.0 1.5787064580954913e-10
835.0 1.5787064580954913e-10
836.0 1.5787064580954913e-10
837.0 1.5787064580954913e-10
838.0 1.5787064580954913e-10
839.0 1.5787064580954913e-10
840.0 1.5787064580954913e-10
841.0 1.5787064580954913e-10
842.0 1.5787064580954913e-10
843.0 1.3710197777072608e-05
844.0 8.255240686594334e-05
845.0 0.00016267168803096865
846.0 0.00024279092940560076
847.0 0.0001502445002188324
848.0 5.7697997135619516e-05
849.0 0.00019172825886926148
850.0 0.0003257583330196212
851.0 0.0002448653731335071
852.0 0.0001639724814594956
853.0 1.0605143785369364e-05
854.0 1.5787064580954913e-10
855.0 1.5787064580954913e-10
856.0 1.5787064580954913e-10
857.0 0.00021980338260618737
858.0 0.0006571662197529804
859.0 0.0005146346211404307
860.0 0.0003721029770531459
861.0 0.0005097609118820401
862.0 0.000647418710286729
863.0 0.0007286158506758511
864.0 0.0008098127182165626
865.0 0.0013635682080348488
866.0 0.0019173234250047244
867.0 0.001708563468127977
868.0 0.0014998039659985807
869.0 0.0015081845958775375
870.0 0.001516565043857554
871.0 0.0014744189684279263
872.0 0.001432272620149888
873.0 0.001704939677438233
874.0 0.0019776065528276376
