lsstCam/transmission_filter_detector/r11_s22/u_24/19700101T000000.ecsv
# %ECSV 1.0
# ---
# datatype:
# - {name: wavelength, unit: nm, datatype: float32}
# - {name: efficiency, unit: '%', datatype: float64}
# meta: !!omap
# - {MODE: DETECTOR}
# - {TYPE: transmission_filter_detector}
# - {CALIBDATE: '1970-01-01T00:00:00'}
# - {INSTRUME: LSSTCam}
# - {OBSTYPE: transmission_filter_detector}
# - {CALIBCLS: lsst.ip.isr.IntermediateFilterDetectorTransmissionCurve}
# - {SOURCE: Materion (DM-46256)}
# - {DETECTOR: 44}
# - {FILTER: u_24}
# - {CALIB_ID: 'calibDate=1970-01-01T00:00:00 filter=u_24 detector=44'}
# - {DATE: '2025-04-02T15:59:39.952971'}
# - {CALIB_CREATION_DATE: '2025-04-02'}
# - {CALIB_CREATION_TIME: '15:59:39'}
# - __serialized_columns__:
#     efficiency:
#       __class__: astropy.units.quantity.Quantity
#       unit: !astropy.units.Unit {unit: '%'}
#       value: !astropy.table.SerializedColumn {name: efficiency}
#     wavelength:
#       __class__: astropy.units.quantity.Quantity
#       unit: !astropy.units.Unit {unit: nm}
#       value: !astropy.table.SerializedColumn {name: wavelength}
# schema: astropy-2.0
wavelength efficiency
[from data line 581]
876.0 0.002158157622034196
877.0 0.002158330062229652
878.0 0.002158502866222989
879.0 0.0023011769371805713
880.0 0.0024438515538349748
881.0 0.002528764889575541
882.0 0.0026136787710129283
883.0 0.002503388714103494
884.0 0.0023930993847898208
885.0 0.0021944335458101705
886.0 0.0019957678887294605
887.0 0.0019960745703428984
888.0 0.001996381251956336
889.0 0.0019994558897451498
890.0 0.0020025301637360826
891.0 0.0022314801753964275
892.0 0.002460430005157832
893.0 0.0024968365323729813
894.0 0.0025332425138913095
895.0 0.0028786951588699594
896.0 0.0032241474400507286
897.0 0.003517559525789693
898.0 0.0038109712477307767
899.0 0.003989789183833636
900.0 0.004168606756138615
901.0 0.00420127616962418
902.0 0.004233945946907625
903.0 0.004585531132761389
904.0 0.004937115954817273
905.0 0.004955870463163592
906.0 0.004974624971509911
907.0 0.005418736327555962
908.0 0.005862847683602013
909.0 0.0055863394663902
910.0 0.005309831612976268
911.0 0.0054604694014415145
912.0 0.005611107553704642
913.0 0.0054212079703575
914.0 0.005231307659414597
915.0 0.0048999791033566
916.0 0.004568650547298603
917.0 0.004161166361882351
918.0 0.0037536829040618613
919.0 0.004089508729521185
920.0 0.004425334191182628
921.0 0.004514322063187137
922.0 0.004603310298989527
923.0 0.005210253220866434
924.0 0.005817194323753938
925.0 0.006093684351071715
926.0 0.006370175105985254
927.0 0.006914643745403737
928.0 0.007459109474439174
929.0 0.0075286123319529
930.0 0.0075981151894666255
931.0 0.00741642652428709
932.0 0.007234736403916031
933.0 0.007158765220083296
934.0 0.007082794763846323
935.0 0.007444450602633879
936.0 0.007806103531038389
937.0 0.007461315544787794
938.0 0.007116529013728723
939.0 0.007094277680153027
940.0 0.007072027074173093
941.0 0.0060800430219387636
942.0 0.005088057878310792
943.0 0.004075226388522424
944.0 0.003062395626329817
945.0 0.0024427550670225173
946.0 0.0018231148715130985
947.0 0.0016502350263181143
948.0 0.0014773549992241897
949.0 0.001446066380594857
950.0 0.0014147776710160542
951.0 0.0013600059901364148
952.0 0.0013052344002062455
953.0 0.0013321727237780578
954.0 0.0013591113201982807
955.0 0.0019956309188273735
956.0 0.002632150426506996
957.0 0.0026609784981701523
958.0 0.0026898060241364874
959.0 0.0028976024623261765
960.0 0.0031053983548190445
961.0 0.0036144050682196394
962.0 0.004123411781620234
963.0 0.0043908228690270334
964.0 0.004658234320231713
965.0 0.00447427446488291
966.0 0.004290315337129869
967.0 0.004543320392258465
968.0 0.004796326538780704
969.0 0.004821735274163075
970.0 0.0048471440095454454
971.0 0.00478056535939686
972.0 0.0047139867092482746
973.0 0.0043981093767797574
974.0 0.00408223168051336
975.0 0.003938294685212895
976.0 0.0037943569623166695
977.0 0.0033937838452402502
978.0 0.00299321018246701
979.0 0.002852424222510308
980.0 0.0027116384444525465
981.0 0.002478690839780029
982.0 0.002245743053208571
983.0 0.0026177976906183176
984.0 0.002989852146129124
985.0 0.003387255856068805
986.0 0.0037846602936042473
987.0 0.0039664533687755466
988.0 0.004148246080148965
989.0 0.004961802551406436
990.0 0.005775357931270264
991.0 0.005979655907140113
992.0 0.006183953519212082
993.0 0.00625603279331699
994.0 0.006328111339826137
995.0 0.005966376920696348
996.0 0.005604639591183513
997.0 0.005440170934889466
998.0 0.005275704825180583
999.0 0.005953186337137595
1000.0 0.006630666030105203
1001.0 0.006498917355202138
1002.0 0.006367167225107551
1003.0 0.0059565041738096625
1004.0 0.0055458396673202515
1005.0 0.005530659836949781
1006.0 0.005515479278983548
1007.0 0.005434635022538714
1008.0 0.005353788583306596
1009.0 0.004701310899690725
1010.0 0.004048834307468496
1011.0 0.003834701783489436
1012.0 0.0036205696233082563
1013.0 0.003078337977058254
1014.0 0.002536106330808252
1015.0 0.0022316566173685715
1016.0 0.0019272067220299505
1017.0 0.001645105476200115
1018.0 0.0013630039575218689
1019.0 0.0012959027117176447
1020.0 0.0012288011021155398
1021.0 0.0010918647603830323
1022.0 0.0009549284186505247
1023.0 0.0010752003618108574
1024.0 0.0011954723049711902
1025.0 0.0013206015864852816
1026.0 0.0014457310498983134
1027.0 0.0013219307220424525
1028.0 0.0011981303941865917
1029.0 0.0012977521691937
1030.0 0.0013973742170492187
1031.0 0.0017516049410915002
1032.0 0.0021058360289316624
1033.0 0.0020310009858803824
1034.0 0.0019561661247280426
1035.0 0.0021490071958396584
1036.0 0.0023418480850523338
1037.0 0.002416039387753699
1038.0 0.002490231054252945
1039.0 0.002238816159660928
1040.0 0.0019874014469678514
1041.0 0.0016408372175646946
1042.0 0.0012942731700604782
1043.0 0.0014758067663933616
1044.0 0.0016573405446251854
1045.0 0.0014376098079083022
1046.0 0.0012178794349892996
1047.0 0.0020216661141603254
1048.0 0.002825453157129232
1049.0 0.0021140254830243066
1050.0 0.0014025974451215006
1051.0 0.00148267490658327
1052.0 0.0015627523680450395
1053.0 0.0015959063603077084
1054.0 0.0016290599887724966
1055.0 0.0011933668247365858
1056.0 0.0007576737971248804
1057.0 0.0015201624592009466
1058.0 0.002282651257701218
1059.0 0.0015418465409311466
1060.0 0.0008010419151105452
1061.0 0.001159477233159123
1062.0 0.0015179123693087604
1063.0 0.001562911165819969
1064.0 0.0016079098713817075
1065.0 0.0012159151083324105
1066.0 0.0008239204362325836
1067.0 0.0012343022717686836
1068.0 0.0016446834706584923
1069.0 0.001977530337171629
1070.0 0.0023103766579879448
1071.0 0.0013129207218298689
1072.0 0.00031546505852020346
1073.0 0.0006539128207805334
1074.0 0.000992360492091393
1075.0 0.002597335151222069
1076.0 0.004202309355605394
1077.0 0.0040308510506292805
1078.0 0.0038593927456531674
1079.0 0.005020796743337996
1080.0 0.00618219783063978
1081.0 0.004147154322708957
1082.0 0.0021121099052834325
1083.0 0.0015153813365031965
1084.0 0.0009186526767734904
1085.0 0.002447095357638318
1086.0 0.003975537765654735
1087.0 0.003529496825649403
1088.0 0.0030834562494419515
1089.0 0.0051046306907664984
1090.0 0.007125804404495284
1091.0 0.004911486757919192
1092.0 0.00269716874754522
1093.0 0.0020057219444424845
1094.0 0.0013142755960871
1095.0 0.000986984832707094
1096.0 0.0006596943421754986
1097.0 0.0024688231860636733
1098.0 0.004277952393749729
1099.0 0.003466484122327529
1100.0 0.0026550160328042693
