ts8/transmission_sensor/rtm-008_s00/19700101T000000.ecsv
# %ECSV 0.9
# ---
# datatype:
# - {name: amp_name, datatype: string}
# - {name: wavelength, unit: nm, datatype: float32}
# - {name: efficiency, unit: '%', datatype: float32}
# meta: !!omap
# - {MODE: AMP}
# - {TYPE: transmission_sensor}
# - {CALIBDATE: '1970-01-01T00:00:00'}
# - {INSTRUME: TS8}
# - {OBSTYPE: transmission_sensor}
# - {DETECTOR: 54}
# - {CALIBCLS: lsst.ip.isr.IntermediateSensorTransmissionCurve}
# - {PICKLEFILE: RaftRun11952.p}
# - {CALIB_ID: 'raftName=RTM-008 detectorName=S00 detector=54 calibDate=1970-01-01T00:00:00 ccd=54 ccdnum=54 filter=None'}
# - {DATE: '2020-07-23T19:16:03.529009'}
# - {CALIB_CREATION_DATE: '2020-07-23'}
# - {CALIB_CREATION_TIME: '19:16:03'}
# - __serialized_columns__:
#     efficiency:
#       __class__: astropy.units.quantity.Quantity
#       unit: !astropy.units.Unit {unit: '%'}
#       value: !astropy.table.SerializedColumn {name: efficiency}
#     wavelength:
#       __class__: astropy.units.quantity.Quantity
#       unit: !astropy.units.Unit {unit: nm}
#       value: !astropy.table.SerializedColumn {name: wavelength}
# schema: astropy-2.0
amp_name wavelength efficiency
C16 319.994 42.8144
C16 324.969 48.267956
C16 349.982 70.99934
C16 374.975 75.57895
C16 400.019 83.64839
C16 424.965 85.28099
C16 450.035 87.5241
C16 475.003 90.79096
C16 500.018 92.14976
C16 525.002 94.684944
C16 550.029 96.860115
C16 575.023 96.91199
C16 599.982 98.71553
C16 619.997 98.32202
C16 624.979 98.66101
C16 650.012 99.05119
C16 675.004 98.75858
C16 700.03 98.239975
C16 725.012 98.08032
C16 750.022 98.212814
C16 774.987 98.015045
C16 799.976 97.212135
C16 824.988 95.49214
C16 850.022 93.438774
C16 869.967 90.32588
C16 875.002 89.724174
C16 899.999 82.8519
C16 919.999 74.646255
C16 925.012 71.74074
C16 949.965 58.023006
C16 975.002 42.876926
C16 999.976 25.653704
C16 1025.028 10.979963
C16 1050.014 3.847678
C16 1075.002 2.1292903
C16 1099.99 1.7123686
C12 319.994 41.861332
C12 324.969 47.186485
C12 349.982 69.438
C12 374.975 74.249435
C12 400.019 82.79887
C12 424.965 84.68391
C12 450.035 87.04953
C12 475.003 90.38098
C12 500.018 91.786644
C12 525.002 94.353134
C12 550.029 96.54551
C12 575.023 96.62011
C12 599.982 98.43428
C12 619.997 98.0552
C12 624.979 98.394455
C12 650.012 98.79348
C12 675.004 98.5193
C12 700.03 98.04432
C12 725.012 97.98172
C12 750.022 98.2338
C12 774.987 98.14445
C12 799.976 97.38423
C12 824.988 95.6276
C12 850.022 93.518166
C12 869.967 90.40623
C12 875.002 89.78734
C12 899.999 82.79112
C12 919.999 74.50526
C12 925.012 71.660675
C12 949.965 58.138752
C12 975.002 43.01777
C12 999.976 25.688017
C12 1025.028 10.987594
C12 1050.014 3.83544
C12 1075.002 2.1305041
C12 1099.99 1.7112076
C05 319.994 43.78272
C05 324.969 49.368996
C05 349.982 72.90118
C05 374.975 77.33269
C05 400.019 84.51221
C05 424.965 85.68008
C05 450.035 87.6755
C05 475.003 90.794586
C05 500.018 92.05583
C05 525.002 94.53453
C05 550.029 96.666855
C05 575.023 96.707306
C05 599.982 98.49885
C05 619.997 98.10487
C05 624.979 98.444374
C05 650.012 98.834274
C05 675.004 98.55953
C05 700.03 98.14763
C05 725.012 98.26351
C05 750.022 98.72762
C05 774.987 98.84454
C05 799.976 98.15416
C05 824.988 96.34515
C05 850.022 94.20997
C05 869.967 91.02604
C05 875.002 90.3741
C05 899.999 83.135414
C05 919.999 74.580025
C05 925.012 71.697624
C05 949.965 58.55153
C05 975.002 43.46488
C05 999.976 25.963036
C05 1025.028 11.1010685
C05 1050.014 3.8552322
C05 1075.002 2.1411092
C05 1099.99 1.7125154
C00 319.994 42.4431
C00 324.969 47.85706
C00 349.982 70.81232
C00 374.975 75.66686
C00 400.019 83.54166
C00 424.965 85.04179
C00 450.035 87.193726
C00 475.003 90.39704
C00 500.018 91.718994
C00 525.002 94.24151
C00 550.029 96.40654
C00 575.023 96.47706
C00 599.982 98.29065
C00 619.997 97.916
C00 624.979 98.26029
C00 650.012 98.66685
C00 675.004 98.41047
C00 700.03 97.9944
C00 725.012 98.06009
C00 750.022 98.45044
C00 774.987 98.47596
C00 799.976 97.745384
C00 824.988 95.9217
C00 850.022 93.73731
C00 869.967 90.55054
C00 875.002 89.83727
C00 899.999 82.79247
C00 919.999 74.25456
C00 925.012 71.42269
C00 949.965 58.142273
C00 975.002 42.99154
C00 999.976 25.6478
C00 1025.028 11.083185
C00 1050.014 3.907697
C00 1075.002 2.1652637
C00 1099.99 1.7148407
C06 319.994 44.071384
C06 324.969 49.69292
C06 349.982 73.2573
C06 374.975 77.565865
C06 400.019 84.69276
C06 424.965 85.84634
C06 450.035 87.83944
C06 475.003 90.96394
C06 500.018 92.22078
C06 525.002 94.700714
C06 550.029 96.83263
C06 575.023 96.85994
C06 599.982 98.64554
C06 619.997 98.24518
C06 624.979 98.58331
C06 650.012 98.96535
C06 675.004 98.67989
C06 700.03 98.25345
C06 725.012 98.34789
C06 750.022 98.7896
C06 774.987 98.88294
C06 799.976 98.18405
C06 824.988 96.37653
C06 850.022 94.26078
C06 869.967 91.08845
C06 875.002 90.43995
C06 899.999 83.14185
C06 919.999 74.652596
C06 925.012 71.786194
C06 949.965 58.575886
C06 975.002 43.461067
C06 999.976 26.018913
C06 1025.028 11.082912
C06 1050.014 3.8620324
C06 1075.002 2.1437356
C06 1099.99 1.7193722
C14 319.994 42.40075
C14 324.969 47.795876
C14 349.982 70.245186
C14 374.975 74.87037
C14 400.019 83.16157
C14 424.965 84.919235
C14 450.035 87.226875
C14 475.003 90.52972
C14 500.018 91.91007
C14 525.002 94.45954
C14 550.029 96.63541
C14 575.023 96.69929
C14 599.982 98.49789
C14 619.997 98.11022
C14 624.979 98.45022
C14 650.012 98.83981
C14 675.004 98.55083
C14 700.03 98.05375
C14 725.012 97.953354
C14 750.022 98.155914
C14 774.987 98.020134
C14 799.976 97.24303
C14 824.988 95.49549
C14 850.022 93.39804
C14 869.967 90.33143
C14 875.002 89.74151
C14 899.999 82.70068
C14 919.999 74.465454
C14 925.012 71.56734
C14 949.965 58.07926
C14 975.002 42.89315
C14 999.976 25.678051
C14 1025.028 10.944814
C14 1050.014 3.8213003
C14 1075.002 2.1166446
C14 1099.99 1.7071991
C04 319.994 43.559315
C04 324.969 49.11698
C04 349.982 72.56989
C04 374.975 77.087845
C04 400.019 84.372925
C04 424.965 85.59314
C04 450.035 87.61293
C04 475.003 90.74036
C04 500.018 92.01373
C04 525.002 94.49397
C04 550.029 96.637405
C04 575.023 96.67577
C04 599.982 98.47716
C04 619.997 98.08697
C04 624.979 98.42598
C04 650.012 98.82412
C04 675.004 98.55387
C04 700.03 98.15015
C04 725.012 98.28327
C04 750.022 98.7692
C04 774.987 98.908676
C04 799.976 98.22289
C04 824.988 96.40778
C04 850.022 94.266136
C04 869.967 91.086395
C04 875.002 90.40907
C04 899.999 83.21773
C04 919.999 74.59126
C04 925.012 71.75713
C04 949.965 58.58288
C04 975.002 43.47426
C04 999.976 25.965471
C04 1025.028 11.130851
C04 1050.014 3.8570957
C04 1075.002 2.1454606
C04 1099.99 1.7128061
C13 319.994 42.11508
C13 324.969 47.47511
C13 349.982 69.79072
C13 374.975 74.52659
C13 400.019 83.0113
C13 424.965 84.86013
C13 450.035 87.215065
C13 475.003 90.54378
C13 500.018 91.94169
C13 525.002 94.50367
C13 550.029 96.695015
C13 575.023 96.76403
C13 599.982 98.57305
C13 619.997 98.18699
C13 624.979 98.52785
C13 650.012 98.92202
C13 675.004 98.63626
C13 700.03 98.153824
C13 725.012 98.07843
C13 750.022 98.31236
C13 774.987 98.21012
C13 799.976 97.44325
C13 824.988 95.6854
C13 850.022 93.57882
C13 869.967 90.47292
C13 875.002 89.869255
C13 899.999 82.8327
C13 919.999 74.55512
C13 925.012 71.68727
C13 949.965 58.157784
C13 975.002 42.99554
C13 999.976 25.717657
C13 1025.028 10.979272
C13 1050.014 3.8316464
C13 1075.002 2.1250622
C13 1099.99 1.7092111
C07 319.994 44.082375
C07 324.969 49.711113
C07 349.982 73.33062
C07 374.975 77.60391
C07 400.019 84.663025
C07 424.965 85.78302
C07 450.035 87.76088
C07 475.003 90.87357
C07 500.018 92.131294
C07 525.002 94.606285
C07 550.029 96.73843
C07 575.023 96.77061
C07 599.982 98.55832
C07 619.997 98.15522
C07 624.979 98.49381
C07 650.012 98.87742
C07 675.004 98.59418
C07 700.03 98.16041
C07 725.012 98.246
C07 750.022 98.66905
C07 774.987 98.752396
C07 799.976 98.04926
C07 824.988 96.25968
C07 850.022 94.15176
C07 869.967 90.99649
C07 875.002 90.362404
C07 899.999 83.10283
C07 919.999 74.56129
C07 925.012 71.659355
C07 949.965 58.450745
C07 975.002 43.469967
C07 999.976 26.032488
C07 1025.028 11.137389
C07 1050.014 3.8907275
C07 1075.002 2.1437438
C07 1099.99 1.7194301
C03 319.994 43.291862
C03 324.969 48.813755
C03 349.982 72.136566
C03 374.975 76.762184
C03 400.019 84.22873
C03 424.965 85.530075
C03 450.035 87.58993
C03 475.003 90.743515
C03 500.018 92.02733
C03 525.002 94.522705
C03 550.029 96.67269
C03 575.023 96.72126
C03 599.982 98.52359
C03 619.997 98.13513
C03 624.979 98.47735
C03 650.012 98.877975
C03 675.004 98.6102
C03 700.03 98.215515
C03 725.012 98.36157
C03 750.022 98.86317
C03 774.987 99.01088
C03 799.976 98.33066
C03 824.988 96.507286
C03 850.022 94.35338
C03 869.967 91.159004
C03 875.002 90.476845
C03 899.999 83.31484
C03 919.999 74.65326
C03 925.012 71.78303
C03 949.965 58.628235
C03 975.002 43.567795
C03 999.976 25.96973
C03 1025.028 11.148312
C03 1050.014 3.8690794
C03 1075.002 2.1532123
C03 1099.99 1.7168014
C15 319.994 42.640366
C15 324.969 48.072964
C15 349.982 70.752754
C15 374.975 75.37734
C15 400.019 83.524155
C15 424.965 85.19296
C15 450.035 87.452736
C15 475.003 90.72683
C15 500.018 92.089935
C15 525.002 94.63024
C15 550.029 96.808
C15 575.023 96.866646
C15 599.982 98.67422
C15 619.997 98.28744
C15 624.979 98.62675
C15 650.012 99.01983
C15 675.004 98.731186
C15 700.03 98.22632
C15 725.012 98.09675
C15 750.022 98.26337
C15 774.987 98.10091
C15 799.976 97.30993
C15 824.988 95.57251
C15 850.022 93.498436
C15 869.967 90.41695
C15 875.002 89.82167
C15 899.999 82.81397
C15 919.999 74.61592
C15 925.012 71.70715
C15 949.965 58.133854
C15 975.002 42.900494
C15 999.976 25.690357
C15 1025.028 10.954922
C15 1050.014 3.826549
C15 1075.002 2.1204524
C15 1099.99 1.7119708
C17 319.994 42.98862
C17 324.969 48.461155
C17 349.982 71.19833
C17 374.975 75.679054
C17 400.019 83.68966
C17 424.965 85.3015
C17 450.035 87.54258
C17 475.003 90.8074
C17 500.018 92.163826
C17 525.002 94.699326
C17 550.029 96.86566
C17 575.023 96.91661
C17 599.982 98.71074
C17 619.997 98.31268
C17 624.979 98.65222
C17 650.012 99.030235
C17 675.004 98.73036
C17 700.03 98.196175
C17 725.012 98.010925
C17 750.022 98.10765
C17 774.987 97.87581
C17 799.976 97.063324
C17 824.988 95.365204
C17 850.022 93.309265
C17 869.967 90.20656
C17 875.002 89.60625
C17 899.999 82.89858
C17 919.999 74.51245
C17 925.012 71.60381
C17 949.965 57.82204
C17 975.002 42.82772
C17 999.976 25.630777
C17 1025.028 11.060431
C17 1050.014 3.8817298
C17 1075.002 2.13385
C17 1099.99 1.7071983
C01 319.994 42.78599
C01 324.969 48.244015
C01 349.982 71.40183
C01 374.975 76.1824
C01 400.019 83.84965
C01 424.965 85.244644
C01 450.035 87.34356
C01 475.003 90.51832
C01 500.018 91.824745
C01 525.002 94.33049
C01 550.029 96.492096
C01 575.023 96.55567
C01 599.982 98.36512
C01 619.997 97.98924
C01 624.979 98.332375
C01 650.012 98.743195
C01 675.004 98.484764
C01 700.03 98.08988
C01 725.012 98.21321
C01 750.022 98.680176
C01 774.987 98.78992
C01 799.976 98.087845
C01 824.988 96.25785
C01 850.022 94.09764
C01 869.967 90.87752
C01 875.002 90.16743
C01 899.999 83.080925
C01 919.999 74.46238
C01 925.012 71.63251
C01 949.965 58.36681
C01 975.002 43.269386
C01 999.976 25.809622
C01 1025.028 11.088171
C01 1050.014 3.8826594
C01 1075.002 2.1576607
C01 1099.99 1.7174913
C10 319.994 41.167465
C10 324.969 46.401283
C10 349.982 68.26805
C10 374.975 73.24498
C10 400.019 82.28149
C10 424.965 84.40473
C10 450.035 86.88829
C10 475.003 90.29183
C10 500.018 91.7466
C10 525.002 94.33695
C10 550.029 96.55265
C10 575.023 96.64397
C10 599.982 98.47007
C10 619.997 98.09669
C10 624.979 98.4374
C10 650.012 98.84402
C10 675.004 98.56401
C10 700.03 98.0654
C10 725.012 97.93187
C10 750.022 98.08769
C10 774.987 97.899414
C10 799.976 97.10172
C10 824.988 95.35924
C10 850.022 93.21832
C10 869.967 90.14704
C10 875.002 89.5128
C10 899.999 82.67136
C10 919.999 74.34808
C10 925.012 71.568275
C10 949.965 58.03211
C10 975.002 42.879948
C10 999.976 25.59987
C10 1025.028 11.041152
C10 1050.014 3.8842869
C10 1075.002 2.1538358
C10 1099.99 1.71475
C02 319.994 43.004063
C02 324.969 48.489754
C02 349.982 71.7048
C02 374.975 76.38128
C02 400.019 83.89979
C02 424.965 85.22989
C02 450.035 87.29549
C02 475.003 90.44854
C02 500.018 91.73669
C02 525.002 94.23307
C02 550.029 96.38097
C02 575.023 96.43521
C02 599.982 98.23544
C02 619.997 97.853836
C02 624.979 98.19591
C02 650.012 98.59836
C02 675.004 98.335304
C02 700.03 97.94889
C02 725.012 98.092514
C02 750.022 98.58762
C02 774.987 98.73165
C02 799.976 98.05037
C02 824.988 96.22716
C02 850.022 94.07749
C02 869.967 90.88065
C02 875.002 90.182335
C02 899.999 83.06163
C02 919.999 74.42962
C02 925.012 71.58044
C02 949.965 58.392746
C02 975.002 43.336136
C02 999.976 25.87415
C02 1025.028 11.105981
C02 1050.014 3.8667593
C02 1075.002 2.1531515
C02 1099.99 1.7148868
C11 319.994 41.663334
C11 324.969 46.962547
C11 349.982 69.12562
C11 374.975 74.02731
C11 400.019 82.79521
C11 424.965 84.777756
C11 450.035 87.19916
C11 475.003 90.566956
C11 500.018 92.00102
C11 525.002 94.58041
C11 550.029 96.78817
C11 575.023 96.871025
C11 599.982 98.69372
C11 619.997 98.31702
C11 624.979 98.66315
C11 650.012 99.06465
C11 675.004 98.78746
C11 700.03 98.30843
C11 725.012 98.23674
C11 750.022 98.46467
C11 774.987 98.35556
C11 799.976 97.58618
C11 824.988 95.82395
C11 850.022 93.70349
C11 869.967 90.596054
C11 875.002 89.97606
C11 899.999 83.00783
C11 919.999 74.6537
C11 925.012 71.81465
C11 949.965 58.26168
C11 975.002 43.07883
C11 999.976 25.73553
C11 1025.028 11.039053
C11 1050.014 3.8659525
C11 1075.002 2.1483152
C11 1099.99 1.7178837
