ts8/qe_curve/rtm-015_s00/19700101T000000.ecsv
# %ECSV 0.9
# ---
# datatype:
# - {name: amp_name, datatype: string}
# - {name: wavelength, unit: nm, datatype: float32}
# - {name: efficiency, unit: '%', datatype: float32}
# meta: !!omap
# - {MODE: AMP}
# - {TYPE: QE}
# - {CALIBDATE: '1970-01-01T00:00:00'}
# - {INSTRUME: TS8}
# - {OBSTYPE: qe_curve}
# - {DETECTOR: 117}
# - {PICKLEFILE: RaftRun12002.p}
# - {CALIB_ID: 'raftName=RTM-015 detectorName=S00 detector=117 calibDate=1970-01-01T00:00:00 ccd=117 ccdnum=117 filter=None'}
# - {DATE: '2020-07-23T19:16:16.544742'}
# - {CALIB_CREATION_DATE: '2020-07-23'}
# - {CALIB_CREATION_TIME: '19:16:16'}
# - __serialized_columns__:
#     efficiency:
#       __class__: astropy.units.quantity.Quantity
#       unit: !astropy.units.Unit {unit: '%'}
#       value: !astropy.table.SerializedColumn {name: efficiency}
#     wavelength:
#       __class__: astropy.units.quantity.Quantity
#       unit: !astropy.units.Unit {unit: nm}
#       value: !astropy.table.SerializedColumn {name: wavelength}
# schema: astropy-2.0
amp_name wavelength efficiency
C01 349.982 70.857376
C01 450.035 85.411415
C01 500.018 89.681206
C01 619.997 97.33243
C01 750.022 96.53382
C01 869.967 90.49711
C01 999.976 30.906715
C04 349.982 72.55265
C04 450.035 85.81404
C04 500.018 89.8405
C04 619.997 97.39375
C04 750.022 96.696846
C04 869.967 90.61896
C04 999.976 30.873873
C17 349.982 72.19333
C17 450.035 86.063126
C17 500.018 90.243
C17 619.997 97.9131
C17 750.022 96.384995
C17 869.967 89.8366
C17 999.976 30.651133
C11 349.982 68.23431
C11 450.035 85.03292
C11 500.018 89.61426
C11 619.997 97.51636
C11 750.022 96.27184
C11 869.967 90.08337
C11 999.976 30.74681
C07 349.982 73.79798
C07 450.035 86.068275
C07 500.018 89.977295
C07 619.997 97.45782
C07 750.022 96.64045
C07 869.967 90.401146
C07 999.976 30.831718
C06 349.982 73.45581
C06 450.035 86.01164
C06 500.018 89.94832
C06 619.997 97.442726
C06 750.022 96.65433
C06 869.967 90.480995
C06 999.976 30.83442
C15 349.982 71.42376
C15 450.035 85.91844
C15 500.018 90.169846
C15 619.997 97.864586
C15 750.022 96.46421
C15 869.967 90.06345
C15 999.976 30.726164
C05 349.982 73.100945
C05 450.035 85.95217
C05 500.018 89.93219
C05 619.997 97.44578
C05 750.022 96.68914
C05 869.967 90.57485
C05 999.976 30.878336
C03 349.982 72.02401
C03 450.035 85.66215
C03 500.018 89.77738
C03 619.997 97.345215
C03 750.022 96.63302
C03 869.967 90.547775
C03 999.976 30.827694
C00 349.982 70.03558
C00 450.035 85.15387
C00 500.018 89.519295
C00 619.997 97.208565
C00 750.022 96.23591
C00 869.967 90.18191
C00 999.976 30.881851
C13 349.982 70.131645
C13 450.035 85.59536
C13 500.018 90.01059
C13 619.997 97.782814
C13 750.022 96.50304
C13 869.967 90.19986
C13 999.976 30.735312
C02 349.982 71.452034
C02 450.035 85.49555
C02 500.018 89.674324
C02 619.997 97.27837
C02 750.022 96.55752
C02 869.967 90.50889
C02 999.976 30.833443
C12 349.982 69.17125
C12 450.035 85.1326
C12 500.018 89.60738
C12 619.997 97.42754
C12 750.022 96.214195
C12 869.967 90.0042
C12 999.976 30.702536
C10 349.982 67.27692
C10 450.035 84.850075
C10 500.018 89.56025
C10 619.997 97.51466
C10 750.022 96.089676
C10 869.967 89.818565
C10 999.976 30.729563
C16 349.982 71.7095
C16 450.035 85.94136
C16 500.018 90.14352
C16 619.997 97.81794
C16 750.022 96.36177
C16 869.967 89.93266
C16 999.976 30.74889
C14 349.982 70.79556
C14 450.035 85.782135
C14 500.018 90.1011
C14 619.997 97.84025
C14 750.022 96.52589
C14 869.967 90.161316
C14 999.976 30.708424
