lsstCam/transmission_sensor/r34_s10/19700101T000000.ecsv
# %ECSV 1.0
# ---
# datatype:
# - {name: amp_name, datatype: string}
# - {name: wavelength, unit: nm, datatype: float32}
# - {name: efficiency, unit: '%', datatype: float64}
# meta: !!omap
# - {MODE: AMP}
# - {TYPE: transmission_sensor}
# - {CALIBDATE: '1970-01-01T00:00:00'}
# - {INSTRUME: LSSTCAM}
# - {OBSTYPE: transmission_sensor}
# - {DETECTOR: 156}
# - {PARQUETFILE: qe_raft_allvalues_nircorrected_20230725.parquet}
# - {CALIBCLS: lsst.ip.isr.IntermediateSensorTransmissionCurve}
# - {CALIB_ID: 'raftName=R34 detectorName=S10 detector=156 calibDate=1970-01-01T00:00:00 ccd=156 ccdnum=156 filter=None'}
# - {DATE: '2023-08-02T16:57:56.047884'}
# - {CALIB_CREATION_DATE: '2023-08-02'}
# - {CALIB_CREATION_TIME: '16:57:56'}
# - __serialized_columns__:
#     efficiency:
#       __class__: astropy.units.quantity.Quantity
#       unit: !astropy.units.Unit {unit: '%'}
#       value: !astropy.table.SerializedColumn {name: efficiency}
#     wavelength:
#       __class__: astropy.units.quantity.Quantity
#       unit: !astropy.units.Unit {unit: nm}
#       value: !astropy.table.SerializedColumn {name: wavelength}
# schema: astropy-2.0
amp_name wavelength efficiency
C00 319.994 41.29710006713867
C00 324.969 46.61456298828125
C00 349.982 68.47899627685547
C00 374.975 73.0787582397461
C00 400.019 82.41020965576172
C00 424.965 84.8216781616211
C00 450.035 87.49771881103516
C00 475.003 91.02355194091797
C00 500.018 92.52669525146484
C00 525.002 95.16214752197266
C00 550.029 97.38435363769531
C00 575.023 97.43553924560547
C00 599.982 99.23658752441406
C00 619.997 98.82889556884766
C00 624.979 99.1706314086914
C00 650.012 99.53274536132812
C00 675.004 99.2198257446289
C00 700.03 98.63797760009766
C00 725.012 98.35353088378906
C00 750.022 98.34027862548828
C00 774.987 98.01866912841797
C00 799.976 97.17847442626953
C00 824.988 95.49837493896484
C00 850.022 93.29389190673828
C00 869.967 90.22311401367188
C00 875.002 89.5769271850586
C00 899.999 82.83061218261719
C00 919.999 73.93484497070312
C00 925.012 71.03653717041016
C00 949.965 58.34342956542969
C00 975.002 43.271541595458984
C00 999.976 26.313812255859375
C00 1025.028 11.217327117919922
C00 1050.014 3.9494357109069824
C00 1075.002 0.9368832142628463
C00 1099.99 0.09295669182223873
C01 319.994 41.695987701416016
C01 324.969 47.06913375854492
C01 349.982 69.18097686767578
C01 374.975 73.71620178222656
C01 400.019 82.7601547241211
C01 424.965 85.00836181640625
C01 450.035 87.59574890136719
C01 475.003 91.07412719726562
C01 500.018 92.54380798339844
C01 525.002 95.14945220947266
C01 550.029 97.36002349853516
C01 575.023 97.40336608886719
C01 599.982 99.20088958740234
C01 619.997 98.78778076171875
C01 624.979 99.12869262695312
C01 650.012 99.48955535888672
C01 675.004 99.17271423339844
C01 700.03 98.61146545410156
C01 725.012 98.38919830322266
C01 750.022 98.44845581054688
C01 774.987 98.1989974975586
C01 799.976 97.37389373779297
C01 824.988 95.66189575195312
C01 850.022 93.5006332397461
C01 869.967 90.29627227783203
C01 875.002 89.5998306274414
C01 899.999 82.79180908203125
C01 919.999 74.114501953125
C01 925.012 71.18083953857422
C01 949.965 58.20014953613281
C01 975.002 42.965335845947266
C01 999.976 26.12261390686035
C01 1025.028 11.093530654907227
C01 1050.014 3.9172139167785645
C01 1075.002 0.937913598813762
C01 1099.99 0.09305892563078577
C02 319.994 41.972412109375
C02 324.969 47.38502883911133
C02 349.982 69.69837188720703
C02 374.975 74.19207000732422
C02 400.019 83.0271987915039
C02 424.965 85.1575927734375
C02 450.035 87.67567443847656
C02 475.003 91.11628723144531
C02 500.018 92.56370544433594
C02 525.002 95.14749908447266
C02 550.029 97.3443832397461
C02 575.023 97.38488006591797
C02 599.982 99.17543029785156
C02 619.997 98.7594223022461
C02 624.979 99.0965347290039
C02 650.012 99.460693359375
C02 675.004 99.13397979736328
C02 700.03 98.5772933959961
C02 725.012 98.36994171142578
C02 750.022 98.44629669189453
C02 774.987 98.2069320678711
C02 799.976 97.395751953125
C02 824.988 95.6563949584961
C02 850.022 93.50372314453125
C02 869.967 90.31166076660156
C02 875.002 89.603271484375
C02 899.999 82.59800720214844
C02 919.999 74.06483459472656
C02 925.012 71.1832504272461
C02 949.965 58.20571517944336
C02 975.002 42.7459602355957
C02 999.976 26.031978607177734
C02 1025.028 11.067699432373047
C02 1050.014 3.877899408340454
C02 1075.002 0.9378930286195167
C02 1099.99 0.0930568846750102
C03 319.994 42.163143157958984
C03 324.969 47.603939056396484
C03 349.982 70.11804962158203
C03 374.975 74.61126708984375
C03 400.019 83.19242095947266
C03 424.965 85.1773910522461
C03 450.035 87.62031555175781
C03 475.003 91.00619506835938
C03 500.018 92.42292785644531
C03 525.002 94.98523712158203
C03 550.029 97.169189453125
C03 575.023 97.20197296142578
C03 599.982 98.98790740966797
C03 619.997 98.57506561279297
C03 624.979 98.90924072265625
C03 650.012 99.27498626708984
C03 675.004 98.95362854003906
C03 700.03 98.394775390625
C03 725.012 98.17386627197266
C03 750.022 98.235595703125
C03 774.987 97.9800796508789
C03 799.976 97.16960906982422
C03 824.988 95.42406463623047
C03 850.022 93.24638366699219
C03 869.967 90.12869262695312
C03 875.002 89.42526245117188
C03 899.999 82.3290786743164
C03 919.999 73.8822250366211
C03 925.012 71.01032257080078
C03 949.965 58.116355895996094
C03 975.002 42.564937591552734
C03 999.976 25.913843154907227
C03 1025.028 11.074055671691895
C03 1050.014 3.8841466903686523
C03 1075.002 0.9358856909771612
C03 1099.99 0.09285771847823888
C04 319.994 42.50777816772461
C04 324.969 48.00276565551758
C04 349.982 70.82479858398438
C04 374.975 75.32866668701172
C04 400.019 83.67715454101562
C04 424.965 85.52436065673828
C04 450.035 87.89109802246094
C04 475.003 91.24122619628906
C04 500.018 92.63119506835938
C04 525.002 95.1786117553711
C04 550.029 97.35842895507812
C04 575.023 97.38943481445312
C04 599.982 99.17890930175781
C04 619.997 98.76558685302734
C04 624.979 99.10357666015625
C04 650.012 99.46885681152344
C04 675.004 99.14659881591797
C04 700.03 98.58003997802734
C04 725.012 98.33501434326172
C04 750.022 98.36610412597656
C04 774.987 98.07562255859375
C04 799.976 97.24296569824219
C04 824.988 95.50835418701172
C04 850.022 93.28559875488281
C04 869.967 90.17945861816406
C04 875.002 89.4864501953125
C04 899.999 82.42571258544922
C04 919.999 73.96440124511719
C04 925.012 71.07319641113281
C04 949.965 58.130252838134766
C04 975.002 42.566429138183594
C04 999.976 25.8895263671875
C04 1025.028 11.086213111877441
C04 1050.014 3.892310380935669
C04 1075.002 0.9371290389831785
C04 1099.99 0.09298108232515558
C05 319.994 42.684505462646484
C05 324.969 48.2083625793457
C05 349.982 71.25494384765625
C05 374.975 75.7475357055664
C05 400.019 83.85299682617188
C05 424.965 85.564697265625
C05 450.035 87.85567474365234
C05 475.003 91.1584243774414
C05 500.018 92.51976013183594
C05 525.002 95.05188751220703
C05 550.029 97.22146606445312
C05 575.023 97.24514770507812
C05 599.982 99.03490447998047
C05 619.997 98.61995697021484
C05 624.979 98.96223449707031
C05 650.012 99.32835388183594
C05 675.004 99.00951385498047
C05 700.03 98.43475341796875
C05 725.012 98.15845489501953
C05 750.022 98.15045166015625
C05 774.987 97.82431030273438
C05 799.976 96.9799575805664
C05 824.988 95.24785614013672
C05 850.022 92.9818344116211
C05 869.967 89.92240905761719
C05 875.002 89.24568176269531
C05 899.999 82.12848663330078
C05 919.999 73.67671203613281
C05 925.012 70.81773376464844
C05 949.965 57.968685150146484
C05 975.002 42.425662994384766
C05 999.976 25.770641326904297
C05 1025.028 11.025493621826172
C05 1050.014 3.878570795059204
C05 1075.002 0.9350746598653918
C05 1099.99 0.09277724871640809
C06 319.994 42.92831039428711
C06 324.969 48.489200592041016
C06 349.982 71.755615234375
C06 374.975 76.28266143798828
C06 400.019 84.25435638427734
C06 424.965 85.87390899658203
C06 450.035 88.11793518066406
C06 475.003 91.3988265991211
C06 500.018 92.74259948730469
C06 525.002 95.27067565917969
C06 550.029 97.4393081665039
C06 575.023 97.46723937988281
C06 599.982 99.25909423828125
C06 619.997 98.84699249267578
C06 624.979 99.18698120117188
C06 650.012 99.55791473388672
C06 675.004 99.2399673461914
C06 700.03 98.65351867675781
C06 725.012 98.35430145263672
C06 750.022 98.30915832519531
C06 774.987 97.94306182861328
C06 799.976 97.07230377197266
C06 824.988 95.33785247802734
C06 850.022 93.02948760986328
C06 869.967 89.92024230957031
C06 875.002 89.25943756103516
C06 899.999 82.17325592041016
C06 919.999 73.686279296875
C06 925.012 70.84004211425781
C06 949.965 57.90950393676758
C06 975.002 42.41561508178711
C06 999.976 25.77326774597168
C06 1025.028 11.008111953735352
C06 1050.014 3.886493444442749
C06 1075.002 0.9365871920880571
C06 1099.99 0.09292732077400614
C07 319.994 43.211177825927734
C07 324.969 48.81133270263672
C07 349.982 72.22328186035156
C07 374.975 76.68856048583984
C07 400.019 84.52894592285156
C07 424.965 86.0826416015625
C07 450.035 88.29804992675781
C07 475.003 91.5642318725586
C07 500.018 92.89833068847656
C07 525.002 95.42524719238281
C07 550.029 97.5901870727539
C07 575.023 97.61251831054688
C07 599.982 99.40440368652344
C07 619.997 98.98677062988281
C07 624.979 99.32585906982422
C07 650.012 99.69134521484375
C07 675.004 99.36543273925781
C07 700.03 98.77078247070312
C07 725.012 98.44232177734375
C07 750.022 98.36102294921875
C07 774.987 97.95682525634766
C07 799.976 97.06487274169922
C07 824.988 95.324462890625
C07 850.022 92.96955871582031
C07 869.967 89.84922790527344
C07 875.002 89.19277954101562
C07 899.999 82.15870666503906
C07 919.999 73.62381744384766
C07 925.012 70.69210815429688
C07 949.965 57.67670822143555
C07 975.002 42.25853729248047
C07 999.976 25.646480560302734
C07 1025.028 10.997465133666992
C07 1050.014 3.894015073776245
C07 1075.002 0.9370817639990039
C07 1099.99 0.0929763917446564
C10 319.994 39.57699966430664
C10 324.969 44.660240173339844
C10 349.982 65.51769256591797
C10 374.975 70.43148040771484
C10 400.019 80.82810974121094
C10 424.965 83.8200454711914
C10 450.035 86.78524017333984
C10 475.003 90.4858627319336
C10 500.018 92.11936950683594
C10 525.002 94.82099151611328
C10 550.029 97.09191131591797
C10 575.023 97.18966674804688
C10 599.982 99.01498413085938
C10 619.997 98.63156127929688
C10 624.979 98.96729278564453
C10 650.012 99.3569107055664
C10 675.004 99.04752349853516
C10 700.03 98.47530364990234
C10 725.012 98.18702697753906
C10 750.022 98.17346954345703
C10 774.987 97.84502410888672
C10 799.976 97.0304183959961
C10 824.988 95.37655639648438
C10 850.022 93.29563903808594
C10 869.967 90.31636047363281
C10 875.002 89.6485366821289
C10 899.999 82.7071533203125
C10 919.999 74.0082015991211
C10 925.012 71.47391510009766
C10 949.965 58.0831413269043
C10 975.002 43.136966705322266
C10 999.976 26.226062774658203
C10 1025.028 11.073159217834473
C10 1050.014 3.923947811126709
C10 1075.002 0.9352940372235166
C10 1099.99 0.0927990151363434
C11 319.994 40.120361328125
C11 324.969 45.27736282348633
C11 349.982 66.45055389404297
C11 374.975 71.24569702148438
C11 400.019 81.2631607055664
C11 424.965 84.05049896240234
C11 450.035 86.90612030029297
C11 475.003 90.53616333007812
C11 500.018 92.12273406982422
C11 525.002 94.79031372070312
C11 550.029 97.04686737060547
C11 575.023 97.12413024902344
C11 599.982 98.94329833984375
C11 619.997 98.54946899414062
C11 624.979 98.88998413085938
C11 650.012 99.27254486083984
C11 675.004 98.95880889892578
C11 700.03 98.40766906738281
C11 725.012 98.1756591796875
C11 750.022 98.22991180419922
C11 774.987 97.98013305664062
C11 799.976 97.18894958496094
C11 824.988 95.50581359863281
C11 850.022 93.43523406982422
C11 869.967 90.37067413330078
C11 875.002 89.75466918945312
C11 899.999 82.62873077392578
C11 919.999 74.12152862548828
C11 925.012 71.4280014038086
C11 949.965 58.03295135498047
C11 975.002 43.16476058959961
C11 999.976 26.062742233276367
C11 1025.028 11.037492752075195
C11 1050.014 3.906344413757324
C11 1075.002 0.9358315409162836
C11 1099.99 0.09285234575894524
C12 319.994 40.588993072509766
C12 324.969 45.81224060058594
C12 349.982 67.26545715332031
C12 374.975 71.9718017578125
C12 400.019 81.6937026977539
C12 424.965 84.30850219726562
C12 450.035 87.07561492919922
C12 475.003 90.65963745117188
C12 500.018 92.2093734741211
C12 525.002 94.8553466796875
C12 550.029 97.0909194946289
C12 575.023 97.1615219116211
C12 599.982 98.97069549560547
C12 619.997 98.56912994384766
C12 624.979 98.91023254394531
C12 650.012 99.28718566894531
C12 675.004 98.97306823730469
C12 700.03 98.42039489746094
C12 725.012 98.20230102539062
C12 750.022 98.27233123779297
C12 774.987 98.03507995605469
C12 799.976 97.24038696289062
C12 824.988 95.53428649902344
C12 850.022 93.43080139160156
C12 869.967 90.43965911865234
C12 875.002 89.73609161376953
C12 899.999 82.70634460449219
C12 919.999 74.13359069824219
C12 925.012 71.12692260742188
C12 949.965 58.47109603881836
C12 975.002 42.78654479980469
C12 999.976 25.98885154724121
C12 1025.028 11.034527778625488
C12 1050.014 3.880408525466919
C12 1075.002 0.936235668427512
C12 1099.99 0.09289244291934501
C13 319.994 40.987815856933594
C13 324.969 46.26738357543945
C13 349.982 67.9903564453125
C13 374.975 72.65755462646484
C13 400.019 82.09956359863281
C13 424.965 84.55562591552734
C13 450.035 87.24315643310547
C13 475.003 90.77738952636719
C13 500.018 92.2967758178711
C13 525.002 94.92324829101562
C13 550.029 97.14970397949219
C13 575.023 97.20945739746094
C13 599.982 99.01828002929688
C13 619.997 98.61605072021484
C13 624.979 98.95849609375
C13 650.012 99.32974243164062
C13 675.004 99.01554870605469
C13 700.03 98.45930480957031
C13 725.012 98.22549438476562
C13 750.022 98.27908325195312
C13 774.987 98.02686309814453
C13 799.976 97.22350311279297
C13 824.988 95.51942443847656
C13 850.022 93.4119873046875
C13 869.967 90.35856628417969
C13 875.002 89.70499420166016
C13 899.999 82.60255432128906
C13 919.999 74.03995513916016
C13 925.012 71.27742767333984
C13 949.965 58.2468147277832
C13 975.002 42.923187255859375
C13 999.976 26.065736770629883
C13 1025.028 11.003581047058105
C13 1050.014 3.869906187057495
C13 1075.002 0.9362999948970699
C13 1099.99 0.09289882533255904
C14 319.994 41.37207794189453
C14 324.969 46.70747756958008
C14 349.982 68.73721313476562
C14 374.975 73.39088439941406
C14 400.019 82.60108184814453
C14 424.965 84.91820526123047
C14 450.035 87.5278549194336
C14 475.003 91.0270767211914
C14 500.018 92.51691436767578
C14 525.002 95.13451385498047
C14 550.029 97.35308074951172
C14 575.023 97.41142272949219
C14 599.982 99.22041320800781
C14 619.997 98.81815338134766
C14 624.979 99.15887451171875
C14 650.012 99.53208923339844
C14 675.004 99.21831512451172
C14 700.03 98.65094757080078
C14 725.012 98.39147186279297
C14 750.022 98.41625213623047
C14 774.987 98.12490844726562
C14 799.976 97.3058090209961
C14 824.988 95.59737396240234
C14 850.022 93.45945739746094
C14 869.967 90.36749267578125
C14 875.002 89.70719909667969
C14 899.999 82.66222381591797
C14 919.999 74.13682556152344
C14 925.012 71.29199981689453
C14 949.965 58.15373229980469
C14 975.002 42.809146881103516
C14 999.976 25.995162963867188
C14 1025.028 11.002747535705566
C14 1050.014 3.8534443378448486
C14 1075.002 0.9376067967513827
C14 1099.99 0.09302848501200975
C15 319.994 41.564693450927734
C15 324.969 46.93102264404297
C15 349.982 69.1488037109375
C15 374.975 73.77008056640625
C15 400.019 82.74368286132812
C15 424.965 84.92308044433594
C15 450.035 87.4621810913086
C15 475.003 90.90713500976562
C15 500.018 92.3643798828125
C15 525.002 94.95941925048828
C15 550.029 97.16429901123047
C15 575.023 97.21684265136719
C15 599.982 99.01945495605469
C15 619.997 98.61599731445312
C15 624.979 98.9566421508789
C15 650.012 99.32991027832031
C15 675.004 99.01596069335938
C15 700.03 98.43681335449219
C15 725.012 98.15191650390625
C15 750.022 98.1355972290039
C15 774.987 97.80387878417969
C15 799.976 96.9704818725586
C15 824.988 95.26199340820312
C15 850.022 93.10630798339844
C15 869.967 90.01631164550781
C15 875.002 89.35606384277344
C15 899.999 82.38831329345703
C15 919.999 73.949951171875
C15 925.012 71.06438446044922
C15 949.965 57.93850326538086
C15 975.002 42.570072174072266
C15 999.976 25.87370491027832
C15 1025.028 10.989079475402832
C15 1050.014 3.8490536212921143
C15 1075.002 0.9349332719320376
C15 1099.99 0.09276322033555111
C16 319.994 42.016597747802734
C16 324.969 47.43965530395508
C16 349.982 69.88996887207031
C16 374.975 74.48658752441406
C16 400.019 83.32575988769531
C16 424.965 85.4174575805664
C16 450.035 87.91593170166016
C16 475.003 91.34745025634766
C16 500.018 92.79027557373047
C16 525.002 95.38365173339844
C16 550.029 97.59248352050781
C16 575.023 97.63548278808594
C16 599.982 99.43950653076172
C16 619.997 99.03193664550781
C16 624.979 99.37337493896484
C16 650.012 99.7469482421875
C16 675.004 99.42445373535156
C16 700.03 98.83406066894531
C16 725.012 98.51024627685547
C16 750.022 98.45645904541016
C16 774.987 98.08928680419922
C16 799.976 97.22935485839844
C16 824.988 95.5178451538086
C16 850.022 93.33686065673828
C16 869.967 90.22278594970703
C16 875.002 89.5411148071289
C16 899.999 82.63764953613281
C16 919.999 74.25472259521484
C16 925.012 71.28286743164062
C16 949.965 58.094093322753906
C16 975.002 42.60325622558594
C16 999.976 25.900596618652344
C16 1025.028 11.052849769592285
C16 1050.014 3.878601551055908
C16 1075.002 0.9379906313775437
C16 1099.99 0.09306656873099582
C17 319.994 42.152164459228516
C17 324.969 47.6030387878418
C17 349.982 70.1980209350586
C17 374.975 74.74901580810547
C17 400.019 83.40184783935547
C17 424.965 85.39873504638672
C17 450.035 87.8457260131836
C17 475.003 91.24748229980469
C17 500.018 92.67426300048828
C17 525.002 95.25484466552734
C17 550.029 97.45586395263672
C17 575.023 97.4993667602539
C17 599.982 99.30081176757812
C17 619.997 98.8923110961914
C17 624.979 99.23414611816406
C17 650.012 99.60199737548828
C17 675.004 99.28280639648438
C17 700.03 98.68096923828125
C17 725.012 98.33769226074219
C17 750.022 98.2492904663086
C17 774.987 97.84567260742188
C17 799.976 96.96967315673828
C17 824.988 95.26657104492188
C17 850.022 93.06697082519531
C17 869.967 89.9718017578125
C17 875.002 89.3089828491211
C17 899.999 82.40973663330078
C17 919.999 74.10023498535156
C17 925.012 71.1606216430664
C17 949.965 57.894535064697266
C17 975.002 42.46186065673828
C17 999.976 25.852022171020508
C17 1025.028 11.086475372314453
C17 1050.014 3.892740249633789
C17 1075.002 0.9360173750369575
C17 1099.99 0.0928707840496762
