lsstCam/transmission_sensor/r34_s10/19700101T000000.ecsv
# %ECSV 1.0
# ---
# datatype:
# - {name: amp_name, datatype: string}
# - {name: wavelength, unit: nm, datatype: float32}
# - {name: efficiency, unit: '%', datatype: float64}
# meta: !!omap
# - {MODE: AMP}
# - {TYPE: transmission_sensor}
# - {CALIBDATE: '1970-01-01T00:00:00'}
# - {INSTRUME: LSSTCam}
# - {OBSTYPE: transmission_sensor}
# - {DETECTOR: 156}
# - {PARQUETFILE: qe_raft_allvalues_nircorrected_20230725_adjust.parquet}
# - {CORRFILE: qe_corr_factor_bydetnum.parquet}
# - {CALIBCLS: lsst.ip.isr.IntermediateSensorTransmissionCurve}
# - {CALIB_ID: 'raftName=R34 detectorName=S10 detector=156 calibDate=1970-01-01T00:00:00 ccd=156 ccdnum=156 filter=None'}
# - {DATE: '2025-03-03T21:56:48.262320'}
# - {CALIB_CREATION_DATE: '2025-03-03'}
# - {CALIB_CREATION_TIME: '21:56:48'}
# - __serialized_columns__:
#     efficiency:
#       __class__: astropy.units.quantity.Quantity
#       unit: !astropy.units.Unit {unit: '%'}
#       value: !astropy.table.SerializedColumn {name: efficiency}
#     wavelength:
#       __class__: astropy.units.quantity.Quantity
#       unit: !astropy.units.Unit {unit: nm}
#       value: !astropy.table.SerializedColumn {name: wavelength}
# schema: astropy-2.0
amp_name wavelength efficiency
C00 319.994 41.0781172418386
C00 324.969 46.367383678191516
C00 349.982 68.11587818735185
C00 374.975 72.69124936084798
C00 400.019 81.97321963673735
C00 424.965 84.37190104167011
C00 450.035 87.03375166463985
C00 475.003 90.54088864154672
C00 500.018 92.03606135443808
C00 525.002 94.65753882324792
C00 550.029 96.8679614245633
C00 575.023 96.91887561464952
C00 599.982 98.71037361898475
C00 619.997 98.30484349890163
C00 624.979 98.64476724347493
C00 650.012 99.00496104345443
C00 675.004 98.69370072054691
C00 700.03 98.1149378955751
C00 725.012 97.83199949208952
C00 750.022 97.81881750547754
C00 774.987 97.49891338133166
C00 799.976 96.66317391234438
C00 824.988 94.99198335404238
C00 850.022 92.79918985744757
C00 869.967 89.74469513239536
C00 875.002 89.10193478692912
C00 899.999 82.39139292878107
C00 919.999 73.54279658925537
C00 925.012 70.65985741362772
C00 949.965 58.03405653383273
C00 975.002 43.04208905718734
C00 999.976 26.17428011091855
C00 1025.028 11.157845895737161
C00 1050.014 3.9284933544483116
C00 1075.002 0.93191527867168
C00 1099.99 0.09246377781683185
C01 319.994 41.47488972660207
C01 324.969 46.81954403243544
C01 349.982 68.81413644191045
C01 374.975 73.32531278250458
C01 400.019 82.32130907940765
C01 424.965 84.55759478398936
C01 450.035 87.13126193866249
C01 475.003 90.5911957165328
C01 500.018 92.05308334405849
C01 525.002 94.64491082916483
C01 550.029 96.84376029888362
C01 575.023 96.88687305993294
C01 599.982 98.6748649745648
C01 619.997 98.26394670796786
C01 624.979 98.60305084715596
C01 650.012 98.96200006118016
C01 675.004 98.64683902375418
C01 700.03 98.08856633341239
C01 725.012 97.86747778075447
C01 750.022 97.92642106804016
C01 774.987 97.6782855376706
C01 799.976 96.8575569895345
C01 824.988 95.15463707831098
C01 850.022 93.00483491974546
C01 869.967 89.81746546608694
C01 875.002 89.1247167810622
C01 899.999 82.35279558628912
C01 919.999 73.72150091898416
C01 925.012 70.80339460118039
C01 949.965 57.89153626407281
C01 975.002 42.737507000381456
C01 999.976 25.984095614092887
C01 1025.028 11.0347058783148
C01 1050.014 3.896442420247177
C01 1075.002 0.9329401994849547
C01 1099.99 0.09256546951834958
C02 319.994 41.74984836099007
C02 324.969 47.13376404145618
C02 349.982 69.32878791230655
C02 374.975 73.79865765927433
C02 400.019 82.58693711360023
C02 424.965 84.70603442597573
C02 450.035 87.21076366102697
C02 475.003 90.63313219207556
C02 500.018 92.07287529632335
C02 525.002 94.64296806084435
C02 550.029 96.8282029744423
C02 575.023 96.86848506133718
C02 599.982 98.64954068594984
C02 619.997 98.2357386226272
C02 624.979 98.57106347031687
C02 650.012 98.93329110588188
C02 675.004 98.60830998171099
C02 700.03 98.05457547674281
C02 725.012 97.84832329934477
C02 750.022 97.92427339837339
C02 774.987 97.68617803397254
C02 799.976 96.87929929905857
C02 824.988 95.14916545347089
C02 850.022 93.00790843993997
C02 869.967 89.83277235554945
C02 875.002 89.1281393924393
C02 899.999 82.16002136411437
C02 919.999 73.67209692770956
C02 925.012 70.80579270582597
C02 949.965 57.89707239489229
C02 975.002 42.519294655510485
C02 999.976 25.893940918955483
C02 1025.028 11.00901162893569
C02 1050.014 3.857336381704509
C02 1075.002 0.9329197383666311
C02 1099.99 0.09256343938498676
C03 319.994 41.93956803531718
C03 324.969 47.351513461063284
C03 349.982 69.74624025516884
C03 374.975 74.21563189899524
C03 400.019 82.7512831712105
C03 424.965 84.72572772203681
C03 450.035 87.15569832144348
C03 475.003 90.52362380588623
C03 500.018 91.93284419847404
C03 525.002 94.48156651146981
C03 550.029 96.65393817388336
C03 575.023 96.6865478437001
C03 599.982 98.4630121603679
C03 619.997 98.05235950662727
C03 624.979 98.38476261289746
C03 650.012 98.74856874772286
C03 675.004 98.42891505855579
C03 700.03 97.87302529498207
C03 725.012 97.65328757342198
C03 750.022 97.71468967686327
C03 774.987 97.46052852912474
C03 799.976 96.6543555655147
C03 824.988 94.91806709059927
C03 850.022 92.75193353583974
C03 869.967 89.65077442640235
C03 875.002 88.95107427348091
C03 899.999 81.89251886205008
C03 919.999 73.4904556786838
C03 925.012 70.63378182007632
C03 949.965 57.80818694976114
C03 975.002 42.339231905745116
C03 999.976 25.776431894087
C03 1025.028 11.015334163533334
C03 1050.014 3.863550536770602
C03 1075.002 0.9309230448728366
C03 1099.99 0.09236532929085708
C04 319.994 42.28237557661618
C04 324.969 47.74822523431674
C04 349.982 70.44924159644735
C04 374.975 74.92922739877135
C04 400.019 83.2334463948099
C04 424.965 85.07085747859388
C04 450.035 87.42504493562448
C04 475.003 90.75740865307601
C04 500.018 92.14000704852229
C04 525.002 94.67391575307444
C04 550.029 96.84217421068448
C04 575.023 96.87301565777204
C04 599.982 98.6530012420207
C04 619.997 98.2418704851387
C04 624.979 98.57806806078483
C04 650.012 98.94141127034636
C04 675.004 98.62086208640658
C04 700.03 98.05730749469348
C04 725.012 97.81358113773877
C04 750.022 97.84450606315258
C04 774.987 97.55556480911429
C04 799.976 96.72732321161384
C04 824.988 95.0019096859298
C04 850.022 92.7909406810243
C04 869.967 89.70127122485722
C04 875.002 89.01193756227082
C04 899.999 81.98864036028114
C04 919.999 73.57219613798009
C04 925.012 70.6963222643304
C04 949.965 57.82201020169765
C04 975.002 42.3407155432711
C04 999.976 25.752244049050137
C04 1025.028 11.027427137434422
C04 1050.014 3.8716709383894274
C04 1075.002 0.9321597998769543
C04 1099.99 0.09248803898618216
C05 319.994 42.45816575386426
C05 324.969 47.95273195580185
C05 349.982 70.8771059632772
C05 374.975 75.34587531412593
C05 400.019 83.40835625516276
C05 424.965 85.11098019777496
C05 450.035 87.38980949299959
C05 475.003 90.67504590080209
C05 500.018 92.02916300911264
C05 525.002 94.54786348040605
C05 550.029 96.7059375822111
C05 575.023 96.72949364809688
C05 599.982 98.50976002307935
C05 619.997 98.09701282224322
C05 624.979 98.43747538146788
C05 650.012 98.80165337429212
C05 675.004 98.48450403491316
C05 700.03 97.91279133404181
C05 725.012 97.63795791714323
C05 750.022 97.62999712039253
C05 774.987 97.30558516662803
C05 799.976 96.46570972602099
C05 824.988 94.74279296118631
C05 850.022 92.488787084619
C05 869.967 89.44558470042958
C05 875.002 88.77244583313964
C05 899.999 81.69299048438619
C05 919.999 73.28603243552496
C05 925.012 70.44221423916314
C05 949.965 57.66129924574952
C05 975.002 42.200695828829915
C05 999.976 25.633989410949287
C05 1025.028 10.967029619760403
C05 1050.014 3.8580042083146724
C05 1075.002 0.9301163143507932
C05 1099.99 0.09228528622958802
C06 319.994 42.70067788061868
C06 324.969 48.2320807912578
C06 349.982 71.37512247992923
C06 374.975 75.87816347818136
C06 400.019 83.80758755608183
C06 424.965 85.41855229644908
C06 450.035 87.65067926259476
C06 475.003 90.91417336087318
C06 500.018 92.25082073217695
C06 525.002 94.76549147699313
C06 550.029 96.92262455039294
C06 575.023 96.9504076551635
C06 599.982 98.73276098830274
C06 619.997 98.32284446162105
C06 624.979 98.66103033922016
C06 650.012 99.02999695239681
C06 675.004 98.71373551885182
C06 700.03 98.13039656381264
C06 725.012 97.83276597490345
C06 750.022 97.78786222430871
C06 774.987 97.42370699830073
C06 799.976 96.5575662406735
C06 824.988 94.83231208270325
C06 850.022 92.53618759606313
C06 869.967 89.44342944182405
C06 875.002 88.78612868970924
C06 899.999 81.7375223769821
C06 919.999 73.2955489647198
C06 925.012 70.46440429607357
C06 949.965 57.60243184785134
C06 975.002 42.19070119649372
C06 999.976 25.636601903114613
C06 1025.028 10.94974012004898
C06 1050.014 3.8658848468998066
C06 1075.002 0.9316208261899706
C06 1099.99 0.09243456251210459
C07 319.994 42.982045373782626
C07 324.969 48.55250475770819
C07 349.982 71.84030924754072
C07 374.975 76.2819101976578
C07 400.019 84.0807210507
C07 424.965 85.6261780717612
C07 450.035 87.82983892864867
C07 475.003 91.07870155301349
C07 500.018 92.40572614997991
C07 525.002 94.9192433761058
C07 550.029 97.07270340314972
C07 575.023 97.0949162268764
C07 599.982 98.87729991577065
C07 619.997 98.46188140849387
C07 624.979 98.79917179132026
C07 650.012 99.16271990222809
C07 675.004 98.83853561662616
C07 700.03 98.24703855242872
C07 725.012 97.92031956128366
C07 750.022 97.83945182994385
C07 774.987 97.43739744380908
C07 799.976 96.55017461432918
C07 824.988 94.81899349519374
C07 850.022 92.47657648216727
C07 869.967 89.37279159992174
C07 875.002 88.71982413183424
C07 899.999 81.72305027078231
C07 919.999 73.23341832315832
C07 925.012 70.31725477367502
C07 949.965 57.370870559715854
C07 975.002 42.03445633100106
C07 999.976 25.510487021701525
C07 1025.028 10.93914975602076
C07 1050.014 3.873366591891796
C07 1075.002 0.9321127755740524
C07 1099.99 0.09248337327804856
C10 319.994 39.3671378776606
C10 324.969 44.423423894331435
C10 349.982 65.17027714445008
C10 374.975 70.05800903697273
C10 400.019 80.39950899670299
C10 424.965 83.37557962869347
C10 450.035 86.3250510303587
C10 475.003 90.00605059407066
C10 500.018 91.63089550341505
C10 525.002 94.31819183801977
C10 550.029 96.57706981326578
C10 575.023 96.67430688549335
C10 599.982 98.48994530399824
C10 619.997 98.10855559808479
C10 624.979 98.44250684786037
C10 650.012 98.83005877204033
C10 675.004 98.52231212777492
C10 700.03 97.95312654350795
C10 725.012 97.66637849276894
C10 750.022 97.65289294860689
C10 774.987 97.32618913533933
C10 799.976 96.51590296692578
C10 824.988 94.87081076899143
C10 850.022 92.80092772442174
C10 869.967 89.83744714182059
C10 875.002 89.17316456605407
C10 899.999 82.26858872189848
C10 919.999 73.6157642353545
C10 925.012 71.09491609439432
C10 949.965 57.77514850490491
C10 975.002 42.908227766543284
C10 999.976 26.08699593186404
C10 1025.028 11.01444246322999
C10 1050.014 3.903140607313037
C10 1075.002 0.9303345284341695
C10 1099.99 0.09230693723047148
C11 319.994 39.907618301098665
C11 324.969 45.03727417762247
C11 349.982 66.09819186351746
C11 374.975 70.86790816950995
C11 400.019 80.83225305115027
C11 424.965 83.60481111263215
C11 450.035 86.44529017594316
C11 475.003 90.05608446726167
C11 500.018 91.63424222540462
C11 525.002 94.28767671529855
C11 550.029 96.5322647188748
C11 575.023 96.60911790161488
C11 599.982 98.41863963548576
C11 619.997 98.02689861711478
C11 624.979 98.36560813148778
C11 650.012 98.74614028732226
C11 675.004 98.4340679479683
C11 700.03 97.88585060147271
C11 725.012 97.65507097402867
C11 750.022 97.70903591749314
C11 774.987 97.46058165169602
C11 799.976 96.67359352525068
C11 824.988 94.99938256932543
C11 850.022 92.93978253676453
C11 869.967 89.89147279679509
C11 875.002 89.27873429303119
C11 899.999 82.19058202046811
C11 919.999 73.72849033157463
C11 925.012 71.04924586098562
C11 949.965 57.725224671325805
C11 975.002 42.93587427041631
C11 999.976 25.92454141723767
C11 1025.028 10.978965123182391
C11 1050.014 3.885630554069137
C11 1075.002 0.9308691819491502
C11 1099.99 0.09235998506105177
C12 319.994 40.37376506946226
C12 324.969 45.56931570116846
C12 349.982 66.90877400054232
C12 374.975 71.59016264840191
C12 400.019 81.26051204279521
C12 424.965 83.86144625440379
C12 450.035 86.61388603925447
C12 475.003 90.17890385202176
C12 500.018 91.72042221387073
C12 525.002 94.3523648292194
C12 550.029 96.57608325122803
C12 575.023 96.64631129043774
C12 599.982 98.44589151454369
C12 619.997 98.04645531227833
C12 624.979 98.38574917493521
C12 650.012 98.76070346078708
C12 675.004 98.44825167449552
C12 700.03 97.89850895131082
C12 725.012 97.68157154815016
C12 750.022 97.75123041695348
C12 774.987 97.51523718858691
C12 799.976 96.72475815031571
C12 824.988 95.02770448874737
C12 850.022 92.93537336334968
C12 869.967 89.9600919809894
C12 875.002 89.26025522717042
C12 899.999 82.26778429439078
C12 919.999 73.74048844374131
C12 925.012 70.74976357102099
C12 949.965 58.16104604043697
C12 975.002 42.559664015201
C12 999.976 25.85104254542591
C12 1025.028 10.97601587185995
C12 1050.014 3.8598321939365268
C12 1075.002 0.931271166525789
C12 1099.99 0.09239986960145022
C13 319.994 40.770473048246345
C13 324.969 46.02204522581877
C13 349.982 67.6298294271115
C13 374.975 72.27227923023531
C13 400.019 81.66422081757788
C13 424.965 84.10725956951526
C13 450.035 86.7805391342453
C13 475.003 90.29603153271796
C13 500.018 91.80736109621203
C13 525.002 94.41990638411094
C13 550.029 96.63455602431111
C13 575.023 96.69399259261567
C13 599.982 98.49322372553904
C13 619.997 98.09312728560225
C13 624.979 98.43375680147948
C13 650.012 98.80303456114495
C13 675.004 98.49050688546588
C13 700.03 97.9372125389453
C13 725.012 97.70464192195581
C13 750.022 97.75794662774888
C13 774.987 97.50706390155115
C13 799.976 96.70796382885784
C13 824.988 95.01292123605876
C13 850.022 92.9166590403876
C13 869.967 89.87942915099589
C13 875.002 89.22932271281783
C13 899.999 82.16454437161049
C13 919.999 73.64734939843974
C13 925.012 70.89947056577893
C13 949.965 57.937954007948555
C13 975.002 42.69558190824681
C13 999.976 25.927520075697775
C13 1025.028 10.945233239047718
C13 1050.014 3.84938554543592
C13 1075.002 0.9313351518965283
C13 1099.99 0.09240621817115283
C14 319.994 41.1526975374225
C14 324.969 46.459805568781036
C14 349.982 68.37272581940854
C14 374.975 73.00172043412529
C14 400.019 82.16307970643138
C14 424.965 84.46791629475864
C14 450.035 87.0637279727097
C14 475.003 90.54439473125007
C14 500.018 92.0263323349582
C14 525.002 94.6300516870887
C14 550.029 96.83685436461943
C14 575.023 96.89488697925489
C14 599.982 98.69428506883081
C14 619.997 98.29415827313902
C14 624.979 98.6330726888583
C14 650.012 99.00430839472178
C14 675.004 98.69219811067404
C14 700.03 98.12783909145327
C14 725.012 97.86973928450251
C14 750.022 97.89438815756856
C14 774.987 97.6045893534513
C14 799.976 96.7898333001129
C14 824.988 95.09045742328651
C14 850.022 92.96387741730167
C14 869.967 89.88830820933556
C14 875.002 89.23151591611712
C14 899.999 82.22389746158878
C14 919.999 73.74370615377211
C14 925.012 70.91396543879497
C14 949.965 57.84536516070649
C14 975.002 42.58214624625339
C14 999.976 25.857320495008384
C14 1025.028 10.94440414748908
C14 1050.014 3.833010987152767
C14 1075.002 0.9326350242773017
C14 1099.99 0.09253519031460494
C15 319.994 41.34429167962132
C15 324.969 46.682165268679896
C15 349.982 68.78213388719387
C15 374.975 73.37890586797022
C15 400.019 82.30492456064238
C15 424.965 84.47276562662107
C15 450.035 86.9984023879337
C15 475.003 90.42508902513208
C15 500.018 91.87460668249227
C15 525.002 94.45588554273351
C15 550.029 96.64907366414342
C15 575.023 96.70133868532747
C15 599.982 98.49439242210683
C15 619.997 98.09307416303099
C15 624.979 98.43191268936278
C15 650.012 98.8032015177975
C15 675.004 98.49091668815848
C15 700.03 97.91484034750482
C15 725.012 97.63145419663289
C15 750.022 97.61522145664266
C15 774.987 97.28526198865055
C15 799.976 96.45628426409118
C15 824.988 94.75685526469351
C15 850.022 92.6126006203556
C15 869.967 89.53898935858746
C15 875.002 88.88224259900154
C15 899.999 81.95143938251952
C15 919.999 73.55782268798406
C15 925.012 70.687557040072
C15 949.965 57.63127740404716
C15 975.002 42.344339261525114
C15 999.976 25.73650648731347
C15 1025.028 10.930808563715122
C15 1050.014 3.828643552901072
C15 1075.002 0.9299756761439103
C15 1099.99 0.09227133223590277
C16 319.994 41.79379969977146
C16 324.969 47.188100842919496
C16 349.982 69.519368931182
C16 374.975 74.09161346191236
C16 400.019 82.88391505377676
C16 424.965 84.96452126880283
C16 450.035 87.44974693126179
C16 475.003 90.86306944731815
C16 500.018 92.29824401043732
C16 525.002 94.87786848203066
C16 550.029 97.07498767371403
C16 575.023 97.11775893251951
C16 599.982 98.91221662296796
C16 619.997 98.50680792590487
C16 624.979 98.84643570186684
C16 650.012 99.21802808785165
C16 675.004 98.89724364681054
C16 700.03 98.30998121043665
C16 725.012 97.98788388299147
C16 750.022 97.93438186479086
C16 774.987 97.56915659841887
C16 799.976 96.71378454488053
C16 824.988 95.01135032573713
C16 850.022 92.84193076049804
C16 869.967 89.74436880802904
C16 875.002 89.0663123084279
C16 899.999 82.19945348986904
C16 919.999 73.86097802430459
C16 925.012 70.90488147910901
C16 949.965 57.786042426483206
C16 975.002 42.37734735062633
C16 999.976 25.763255599179086
C16 1025.028 10.99424070827254
C16 1050.014 3.858034801224016
C16 1075.002 0.9330168235743295
C16 1099.99 0.09257307209010424
C17 319.994 41.928647552453256
C17 324.969 47.350617966290564
C17 349.982 69.82578751116584
C17 374.975 74.35265018816007
C17 400.019 82.95959953994905
C17 424.965 84.94589801310576
C17 450.035 87.37991351686718
C17 475.003 90.76363158285254
C17 500.018 92.18284660777654
C17 525.002 94.74974442908302
C17 550.029 96.93909254748448
C17 575.023 96.98236467624758
C17 599.982 98.77425730539791
C17 619.997 98.3679227578071
C17 624.979 98.70794515858415
C17 650.012 99.07384584050506
C17 675.004 98.75634740994352
C17 700.03 98.15770156544183
C17 725.012 97.81624485524065
C17 750.022 97.72831182192286
C17 774.987 97.32683419513324
C17 799.976 96.45547983658348
C17 824.988 94.76140862794463
C17 850.022 92.573472052151
C17 869.967 89.49471548990911
C17 875.002 88.83541125796381
C17 899.999 81.97274912253474
C17 919.999 73.70730960351818
C17 925.012 70.78328391348796
C17 949.965 57.58754235002019
C17 975.002 42.23670154873812
C17 999.976 25.714938723380683
C17 1025.028 11.027688007204016
C17 1050.014 3.8720985276572275
C17 1075.002 0.9310540306621148
C17 1099.99 0.09237832558053508
