lsstCam/transmission_filter_detector/r34_s20/i_39/19700101T000000.ecsv
# %ECSV 1.0
# ---
# datatype:
# - {name: wavelength, unit: nm, datatype: float32}
# - {name: efficiency, unit: '%', datatype: float64}
# meta: !!omap
# - {MODE: DETECTOR}
# - {TYPE: transmission_filter_detector}
# - {CALIBDATE: '1970-01-01T00:00:00'}
# - {INSTRUME: LSSTCam}
# - {OBSTYPE: transmission_filter_detector}
# - {CALIBCLS: lsst.ip.isr.IntermediateFilterDetectorTransmissionCurve}
# - {SOURCE: Materion (DM-46256)}
# - {DETECTOR: 159}
# - {FILTER: i_39}
# - {CALIB_ID: 'calibDate=1970-01-01T00:00:00 filter=i_39 detector=159'}
# - {DATE: '2025-04-02T15:59:47.215819'}
# - {CALIB_CREATION_DATE: '2025-04-02'}
# - {CALIB_CREATION_TIME: '15:59:47'}
# - __serialized_columns__:
#     efficiency:
#       __class__: astropy.units.quantity.Quantity
#       unit: !astropy.units.Unit {unit: '%'}
#       value: !astropy.table.SerializedColumn {name: efficiency}
#     wavelength:
#       __class__: astropy.units.quantity.Quantity
#       unit: !astropy.units.Unit {unit: nm}
#       value: !astropy.table.SerializedColumn {name: wavelength}
# schema: astropy-2.0
wavelength efficiency
[from data line 597]
897.0 0.00011374364703442552
898.0 5.073716806691664e-05
899.0 5.00116428270303e-06
900.0 1.6575501821797234e-10
901.0 1.6575501821797234e-10
902.0 1.6575501821797234e-10
903.0 1.6575501821797234e-10
904.0 1.6575501821797234e-10
905.0 1.6575501821797234e-10
906.0 2.366587210644866e-05
907.0 1.6575501821797234e-10
908.0 1.6575501821797234e-10
909.0 1.6575501821797234e-10
910.0 1.6575501821797234e-10
911.0 1.6575501821797234e-10
912.0 1.6575501821797234e-10
913.0 1.6575501821797234e-10
914.0 8.645073421575944e-05
915.0 0.0001183871972898487
916.0 0.0001503236489952542
917.0 1.6575501821797234e-10
918.0 1.6575501821797234e-10
919.0 1.6575501821797234e-10
920.0 0.00016090164081106195
921.0 1.6575501821797234e-10
922.0 1.6575501821797234e-10
923.0 1.6575501821797234e-10
924.0 2.379613590619556e-05
925.0 2.0710943715585017e-05
926.0 1.7625711734581273e-05
927.0 1.6575501821797234e-10
928.0 1.6575501821797234e-10
929.0 1.6575501821797234e-10
930.0 1.6575501821797234e-10
931.0 1.6575501821797234e-10
932.0 1.6575501821797234e-10
933.0 1.6575501821797234e-10
934.0 1.6575501821797234e-10
935.0 1.6575501821797234e-10
936.0 1.6575501821797234e-10
937.0 6.79208142173593e-05
938.0 0.00017193848407259793
939.0 1.5176802037331072e-05
940.0 1.6575501821797234e-10
941.0 1.6575501821797234e-10
942.0 1.6575501821797234e-10
943.0 1.6575501821797234e-10
944.0 1.6575501821797234e-10
945.0 1.6575501821797234e-10
946.0 1.6575501821797234e-10
947.0 7.438979423568526e-05
948.0 0.00027289488571113907
949.0 0.00016371772062484524
950.0 5.45405612228933e-05
951.0 0.0001234227056556847
952.0 0.00019230483303545043
953.0 7.971117952365603e-05
954.0 1.6575501821797234e-10
955.0 0.00011060571978305234
956.0 0.00025409390218555927
957.0 0.00019291351236461196
958.0 0.0001317331452810322
959.0 0.0001513427150712232
960.0 0.0001709523417048331
961.0 0.00015912595472400426
962.0 0.00014729956774317543
963.0 0.00013638184555020416
964.0 0.0001254641233572329
965.0 1.6575501821797234e-10
966.0 1.6575501821797234e-10
967.0 1.6575501821797234e-10
968.0 1.6575501821797234e-10
969.0 1.6575501821797234e-10
970.0 1.6575501821797234e-10
971.0 1.6575501821797234e-10
972.0 1.6575501821797234e-10
973.0 5.655122947700875e-06
974.0 2.757962249688717e-05
975.0 0.00010466136473041843
976.0 0.00018174310980612063
977.0 8.574958201279514e-05
978.0 1.6575501821797234e-10
979.0 1.6575501821797234e-10
980.0 1.6575501821797234e-10
981.0 1.6575501821797234e-10
982.0 1.6575501821797234e-10
983.0 1.6575501821797234e-10
984.0 1.6575501821797234e-10
985.0 6.104920657890034e-05
986.0 0.00013942461691840435
987.0 2.7572536254183433e-06
988.0 1.6575501821797234e-10
989.0 1.6575501821797234e-10
990.0 1.6575501821797234e-10
991.0 1.6575501821797234e-10
992.0 4.212313342577545e-05
993.0 0.0001222513446919038
994.0 0.00020237951048329705
995.0 0.00025935146368283313
996.0 0.00031632334867026657
997.0 0.0001934938836711808
998.0 7.06644016190694e-05
999.0 3.052359147659445e-05
1000.0 1.6575501821797234e-10
1001.0 8.254029921772599e-05
1002.0 0.00017469783415435813
1003.0 0.00020677905467891833
1004.0 0.0002388603206782136
1005.0 0.00021609887426166097
1006.0 0.0001933374733198434
1007.0 0.0002663526402102434
1008.0 0.0003393678071006434
1009.0 0.0002970539298985386
1010.0 0.00025474000722169876
1011.0 0.00026145637548324885
1012.0 0.00026817269827006385
1013.0 0.00020275776932976441
1014.0 0.00013734285175814875
1015.0 0.00011646108077911776
1016.0 9.557933253745432e-05
1017.0 0.000230270507017849
1018.0 0.0003649616473921924
1019.0 0.00020218255940562813
1020.0 3.940346005038009e-05
1021.0 8.649051324027823e-05
1022.0 0.0001335776005362277
1023.0 0.00013010098882659804
1024.0 0.0001266244112230197
1025.0 0.00025872875539789675
1026.0 0.00039083311094145756
1027.0 0.00046545951590815093
1028.0 0.0005400858299253741
1029.0 0.0008634977348265238
1030.0 0.0011869095942529384
1031.0 0.0014358061889652163
1032.0 0.001684702692728024
1033.0 0.0019932982468162663
1034.0 0.0023018932552076876
1035.0 0.002580243926786352
1036.0 0.002858594416466076
1037.0 0.003170739728375338
1038.0 0.0034828848583856598
1039.0 0.0033106702176155522
1040.0 0.0031384548492496833
1041.0 0.002984820275742095
1042.0 0.002831185338436626
1043.0 0.002843041693267878
1044.0 0.0028548980480991304
1045.0 0.003264827682869509
1046.0 0.0036747573176398873
1047.0 0.003528527304297313
1048.0 0.003382297290954739
1049.0 0.003033444590982981
1050.0 0.0026845920729101636
1051.0 0.0024086732082650997
1052.0 0.002132754525518976
1053.0 0.0019803708710242063
1054.0 0.001827987034630496
1055.0 0.0012159490324847866
1056.0 0.0006039110303390771
1057.0 0.0010524460776650812
1058.0 0.0015009812159405556
1059.0 0.000876938702276675
1060.0 0.0002528962340875296
1061.0 0.0007263966836035252
1062.0 0.0011998971785942558
1063.0 0.0016560912627028301
1064.0 0.0021122852558619343
1065.0 0.002214949927292764
1066.0 0.0023176147806225345
1067.0 0.003298644151072949
1068.0 0.004279673885321245
1069.0 0.004322650784160942
1070.0 0.00436562804679852
1071.0 0.0041434446757193655
1072.0 0.003921261668438092
1073.0 0.00331179762724787
1074.0 0.0027023332222597674
1075.0 0.0026083771444973536
1076.0 0.002514420702937059
1077.0 0.0032507865398656577
1078.0 0.003987152376794256
1079.0 0.0037250207242323086
1080.0 0.00346288870787248
1081.0 0.0030944102036301047
1082.0 0.0027259318812866695
1083.0 0.0025348870622110553
1084.0 0.0023438420612365007
1085.0 0.0016283196600852534
1086.0 0.0009127975317824166
1087.0 0.0014974509213061538
1088.0 0.0020821045836783014
1089.0 0.0006141633093648124
1090.0 1.6575501821797234e-10
1091.0 1.6575501821797234e-10
1092.0 0.0007700688911427278
1093.0 1.6575501821797234e-10
1094.0 1.6575501821797234e-10
1095.0 1.6575501821797234e-10
1096.0 0.0002701618313949439
1097.0 1.6575501821797234e-10
1098.0 1.6575501821797234e-10
1099.0 0.00044156017793284263
1100.0 0.0014762733371753711
