lsstCam/transmission_filter_detector/r34_s20/i_39/19700101T000000.ecsv
# %ECSV 1.0
# ---
# datatype:
# - {name: wavelength, unit: nm, datatype: float32}
# - {name: efficiency, unit: '%', datatype: float64}
# meta: !!omap
# - {MODE: DETECTOR}
# - {TYPE: transmission_filter_detector}
# - {CALIBDATE: '1970-01-01T00:00:00'}
# - {INSTRUME: LSSTCam}
# - {OBSTYPE: transmission_filter_detector}
# - {CALIBCLS: lsst.ip.isr.IntermediateFilterDetectorTransmissionCurve}
# - {SOURCE: Materion (DM-46256)}
# - {DETECTOR: 159}
# - {FILTER: i_39}
# - {CALIB_ID: 'calibDate=1970-01-01T00:00:00 filter=i_39 detector=159'}
# - {DATE: '2025-04-02T15:59:47.215819'}
# - {CALIB_CREATION_DATE: '2025-04-02'}
# - {CALIB_CREATION_TIME: '15:59:47'}
# - __serialized_columns__:
#     efficiency:
#       __class__: astropy.units.quantity.Quantity
#       unit: !astropy.units.Unit {unit: '%'}
#       value: !astropy.table.SerializedColumn {name: efficiency}
#     wavelength:
#       __class__: astropy.units.quantity.Quantity
#       unit: !astropy.units.Unit {unit: nm}
#       value: !astropy.table.SerializedColumn {name: wavelength}
# schema: astropy-2.0
wavelength efficiency
300.0 1.6575501821797234e-10
301.0 0.009100350143853575
302.0 0.024232719442807138
303.0 0.02497557725291699
304.0 0.025718440883792937
305.0 0.020187876361887902
306.0 0.014657310384791344
307.0 0.014865011326037347
308.0 0.015072706446517259
309.0 0.010290325008099899
310.0 0.005507942842086777
311.0 1.6575501821797234e-10
312.0 1.6575501821797234e-10
313.0 1.6575501821797234e-10
314.0 0.0011339358024997637
315.0 0.002210973616456613
316.0 0.0032880132494028658
317.0 0.0012194126611575484
318.0 1.6575501821797234e-10
319.0 0.003459307481534779
320.0 0.007767799979774281
321.0 0.003326762089272961
322.0 1.6575501821797234e-10
323.0 1.6575501821797234e-10
324.0 1.6575501821797234e-10
325.0 0.00031773317914485233
326.0 0.00193145915545756
327.0 0.001726839218463283
328.0 0.0015222204638121184
329.0 0.0015362291378551163
330.0 0.0015502386304433458
331.0 0.0014479745004791766
332.0 0.001345709642919246
333.0 0.001097336644306779
334.0 0.0008489631909469608
335.0 0.001534731563879177
336.0 0.002220499300165102
337.0 0.002807746932376176
338.0 0.0033949945645872504
339.0 0.0013331250556802843
340.0 1.6575501821797234e-10
341.0 1.6575501821797234e-10
342.0 0.0005971267910354072
343.0 0.0002863590907509206
344.0 1.6575501821797234e-10
345.0 0.0004492566404223908
346.0 0.0009229218449036125
347.0 0.0003354002501509967
348.0 1.6575501821797234e-10
349.0 0.00020409988792380318
350.0 0.0006603213478229009
351.0 0.0005929597136855591
352.0 0.0005255977612250717
353.0 0.000234898948292539
354.0 1.6575501821797234e-10
355.0 0.0005311755558068398
356.0 0.001118150794354733
357.0 1.6575501821797234e-10
358.0 1.6575501821797234e-10
359.0 1.6575501821797234e-10
360.0 0.0003805269670920097
361.0 0.00011766654779421515
362.0 1.6575501821797234e-10
363.0 1.6575501821797234e-10
364.0 1.6575501821797234e-10
365.0 1.6575501821797234e-10
366.0 0.0006596778803213965
367.0 0.0004603384695656132
368.0 0.00026099914975930005
369.0 1.6575501821797234e-10
370.0 1.6575501821797234e-10
371.0 1.6575501821797234e-10
372.0 1.6575501821797234e-10
373.0 1.6575501821797234e-10
374.0 0.00022114525108918315
375.0 0.00025910560452757636
376.0 0.0002970661171275424
377.0 0.0006611237040488049
378.0 0.0010251812454953324
379.0 0.0009109558050113264
380.0 0.0007967302735778503
381.0 0.0003819183348241495
382.0 1.6575501821797234e-10
383.0 5.9813339703396196e-05
384.0 0.00015252002185661695
385.0 0.0003893922894349089
386.0 0.0006262647275434574
387.0 0.00033411993172194343
388.0 4.197496537017287e-05
389.0 0.00026836332835955545
390.0 0.0004947514298692113
391.0 9.894556569634005e-05
392.0 1.6575501821797234e-10
393.0 8.193533744815795e-05
394.0 0.00046073114390310366
395.0 0.0007812828698661178
396.0 0.0011018347322533373
397.0 0.00047086141421459615
398.0 1.6575501821797234e-10
399.0 0.0007972829735081177
400.0 0.0017546779417898506
401.0 0.0010080725587613415
402.0 0.0002614668119349517
403.0 0.001995805541810114
404.0 0.003730142634594813
405.0 0.00335959302901756
406.0 0.0029890436053392477
407.0 0.003323579949210398
408.0 0.0036581164749804884
409.0 0.0029694281693082303
410.0 0.002280739681737032
411.0 0.0021015675883973017
412.0 0.0019223958588554524
413.0 0.0025332661607535556
414.0 0.00314413700834848
415.0 0.004822146365768276
416.0 0.0065001557231880724
417.0 0.005787735426565632
418.0 0.005075314402347431
419.0 0.0035032313462579623
420.0 0.0019311490177642554
421.0 0.0032945456041488796
422.0 0.004657942190533504
423.0 0.004428430111147463
424.0 0.0041989183955593035
425.0 0.004636913581634872
426.0 0.005074909131508321
427.0 0.004954866017214954
428.0 0.004834823266719468
429.0 0.004020716733066365
430.0 0.0032066101994132623
431.0 0.0037921017792541534
432.0 0.004377592995297164
433.0 0.0031946514354785904
434.0 0.002011710421356838
435.0 0.0021722442397731356
436.0 0.0023327784219873138
437.0 0.0018438273400533944
438.0 0.0013548765309678856
439.0 0.0016186248103622347
440.0 0.001882373180706054
441.0 0.0014280563846114092
442.0 0.0009737397704157047
443.0 0.001220406102220295
444.0 0.0014670725249743555
445.0 0.0007011038633208955
446.0 1.6575501821797234e-10
447.0 0.0002822046553774271
448.0 0.0006292742000368889
449.0 0.0007320759777940111
450.0 0.0008348773008037824
451.0 0.0008496921509504318
452.0 0.0008645073648949619
453.0 0.0006973059953452321
454.0 0.0005301048986439127
455.0 0.0004697949407272972
456.0 0.0004094849828106817
457.0 0.00035025486795348115
458.0 0.00029102450298523763
459.0 0.00027399282771511935
460.0 0.00025696108423289843
461.0 0.0003501689207041636
462.0 0.0004433767117006937
463.0 0.00035264145026303595
464.0 0.0002619061888253782
465.0 8.541663873984362e-05
466.0 1.6575501821797234e-10
467.0 8.853278927745123e-05
468.0 0.00026813806925929384
469.0 0.0006129802841314813
470.0 0.0009578225217410363
471.0 0.0006751089586032322
472.0 0.00039239562283910345
473.0 0.00020497025161603233
474.0 1.754492302552535e-05
475.0 0.00023296784092963208
476.0 0.00044839071051683277
477.0 0.0006163047146401368
478.0 0.000784218809712911
479.0 0.0008993485607788898
480.0 0.001014478493743809
481.0 0.0013230803233454935
482.0 0.0016316824257955886
483.0 0.002592760938568972
484.0 0.003553839269443415
485.0 0.0045336018956732005
486.0 0.0055133637943072245
487.0 0.007455915329046547
488.0 0.00939846649998799
489.0 0.013098536874167621
490.0 0.016798608703538775
491.0 0.020933272026013583
492.0 0.025067938258871436
493.0 0.028061046032235026
494.0 0.031054156715981662
495.0 0.029616078245453537
496.0 0.02817799977492541
497.0 0.022913482098374516
498.0 0.017648962966632098
499.0 0.013054680312052369
500.0 0.008460395474685356
501.0 0.005655729546560906
502.0 0.0028510614356491715
503.0 0.002091030364681501
504.0 0.0013309992027643602
505.0 0.0013661381672136486
506.0 0.0014012769497639965
507.0 0.0018767650544759817
508.0 0.002352253250137437
509.0 0.002341680374229327
510.0 0.0023311074983212166
511.0 0.0020193499949527904
512.0 0.0017075926734833047
513.0 0.0018711316442932002
514.0 0.0020346706151030958
515.0 0.002202818177465815
516.0 0.0023709659217274748
517.0 0.0022247688320931047
518.0 0.002078571924357675
519.0 0.001841441735450644
520.0 0.001604311546543613
521.0 0.0017069492969312705
522.0 0.0018095872292178683
523.0 0.0018768396330415271
524.0 0.0019440922187641263
525.0 0.0022046775484341197
526.0 0.0024652632419019938
527.0 0.002819401925080456
528.0 0.003173540608258918
529.0 0.003276082134107128
530.0 0.003378623296157457
531.0 0.0029310314857866615
532.0 0.002483439675415866
533.0 0.0019130591681459919
534.0 0.001342678297078237
535.0 0.0015999237803043798
536.0 0.0018571692635305226
537.0 0.0021978125005261973
538.0 0.002538455737521872
539.0 0.0032359861506847665
540.0 0.003933516563847661
541.0 0.004599184831022285
542.0 0.0052648534619947895
543.0 0.005178321953280829
544.0 0.0050917900807689875
545.0 0.004537258064374328
546.0 0.003982726047979668
547.0 0.002920962833741214
548.0 0.0018591996195027605
549.0 0.0017728752936818637
550.0 0.001686550967860967
551.0 0.001619628346816171
552.0 0.001552705725771375
553.0 0.0015985879144864157
554.0 0.0016444702851003967
555.0 0.001465410696255276
556.0 0.0012863513802585658
557.0 0.0009386594683746807
558.0 0.0005909674655413255
559.0 0.0004886506758339237
560.0 0.00038633393160125706
561.0 0.000693716037858394
562.0 0.0010010980986407958
563.0 0.0013849028619006276
564.0 0.001768707443261519
565.0 0.0015328609151765704
566.0 0.001297014478041092
567.0 0.0013226441296865232
568.0 0.0013482737813319545
569.0 0.0010223890058114193
570.0 0.0006965045031392947
571.0 0.00048142833293240983
572.0 0.0002663522309376276
573.0 0.00025464621558057843
574.0 0.00024294010927405907
575.0 0.00022590083972318098
576.0 0.00020886154743493535
577.0 0.00027246510398981627
578.0 0.0003360686605446972
579.0 0.0002609587909319089
580.0 0.00018584888721306925
581.0 0.0003648470965345041
582.0 0.0005438452717498876
583.0 0.00038620028135483153
584.0 0.00022855520001030527
585.0 0.0004368568625068292
586.0 0.000645158434053883
587.0 0.0005000643795938231
588.0 0.00035497032513376325
589.0 0.0005725099526898703
590.0 0.0007900496711954474
591.0 0.0005769308700109832
592.0 0.00036381202335178386
593.0 0.000533201409780304
594.0 0.0007025909326330293
595.0 0.0005072219664725708
596.0 0.0003118529548373772
597.0 0.0002802515382427373
598.0 0.00024865009891072987
599.0 0.0002923992497017025
600.0 0.0003361484232300427
601.0 0.00042220567593176384
602.0 0.0005082631105324253
603.0 0.0003044309096367215
604.0 0.00010059876558443648
605.0 0.00021314731384336483
606.0 0.0003256958052588743
607.0 0.00030394771783903707
608.0 0.0002821995622070972
609.0 0.00024324267542397138
610.0 0.0002042858113782131
611.0 0.00018690464003157103
612.0 0.0001695234459475614
613.0 0.0002436190698063001
614.0 0.00031771476187714143
615.0 0.0004147250820096815
616.0 0.0005117354703543242
617.0 0.0003972719696321292
618.0 0.0002828084916473017
619.0 0.00014668543144580326
620.0 1.0562431640437353e-05
621.0 0.0002274307462357683
622.0 0.0004442990757524967
623.0 0.0003559858214430278
624.0 0.0002676726580830291
625.0 0.00030921171401132597
626.0 0.0003507507472022553
627.0 0.0003580657448765123
628.0 0.0003653807652881369
629.0 0.0004330057890911121
630.0 0.0005006307674193522
631.0 0.000542366524314275
632.0 0.0005841020993102575
633.0 0.00039728379306325223
634.0 0.000210465486816247
635.0 0.00038306402529997285
636.0 0.0005556626092584338
637.0 0.00039338333408522885
638.0 0.00023110403617465636
639.0 0.0002633837084431434
640.0 0.000295663403448998
641.0 0.0005163993591850158
642.0 0.0007371351784968283
643.0 0.0006175425369292498
644.0 0.0004979497134627309
645.0 0.0006748889518348733
646.0 0.0008518282811564859
647.0 0.0008926521331886761
648.0 0.0009334758033219259
649.0 0.0008991562026494648
650.0 0.0008648364200780634
651.0 0.0008727699423616286
652.0 0.0008807033736957237
653.0 0.000839818221720634
654.0 0.0007989330697455443
655.0 0.0009879747267405037
656.0 0.0011770162018365227
657.0 0.00195359971257858
658.0 0.002730183223320637
659.0 0.00461204290331807
660.0 0.05317418836057186
661.0 0.1030801679007709
662.0 0.10343760950490832
663.0 0.11512867640703917
664.0 0.11999416165053844
665.0 0.16625680727884173
666.0 0.12000498827546835
667.0 0.16740286955609918
668.0 0.19697875250130892
669.0 0.25171623565256596
670.0 0.3256106050685048
671.0 0.4936712794005871
672.0 0.7588858250528574
673.0 1.2230206280946732
674.0 1.844094693660736
675.0 2.711225301027298
676.0 3.7198055535554886
677.0 5.057330057024956
678.0 6.406755745410919
679.0 7.843252271413803
680.0 9.677575528621674
681.0 11.740466952323914
682.0 14.253965020179749
683.0 17.07596480846405
684.0 20.105120539665222
685.0 23.034805059432983
686.0 26.031288504600525
687.0 29.271075129508972
688.0 32.49795734882355
689.0 35.70075035095215
690.0 39.43999111652374
691.0 43.450865149497986
692.0 48.28227758407593
693.0 53.429704904556274
694.0 59.22876000404358
695.0 64.8766279220581
696.0 71.10461592674255
697.0 76.67974829673767
698.0 82.66823291778564
699.0 87.28694915771484
700.0 90.91374278068542
701.0 93.76175999641418
702.0 95.7292377948761
703.0 96.86259031295776
704.0 97.40159511566162
705.0 97.8256106376648
706.0 97.84945249557495
707.0 98.0534553527832
708.0 98.0610728263855
709.0 98.13416600227356
710.0 97.88380861282349
711.0 98.08877110481262
712.0 97.9290783405304
713.0 98.06575775146484
714.0 98.13323020935059
715.0 98.15993905067444
716.0 98.02178144454956
717.0 98.22555780410767
718.0 98.28727841377258
719.0 98.24950695037842
720.0 98.55877161026001
721.0 98.47866296768188
722.0 98.15506935119629
723.0 97.97797203063965
724.0 97.59722352027893
725.0 97.30555415153503
726.0 97.01157808303833
727.0 96.74315452575684
728.0 96.46332263946533
729.0 96.21914029121399
730.0 96.26847505569458
731.0 96.32554054260254
732.0 96.32887244224548
733.0 96.62942290306091
734.0 96.95969223976135
735.0 97.13159203529358
736.0 97.593092918396
737.0 98.02807569503784
738.0 98.28077554702759
739.0 98.61046075820923
740.0 98.7447440624237
741.0 98.62523674964905
742.0 98.92381429672241
743.0 98.81080985069275
744.0 98.62158298492432
745.0 98.60697984695435
746.0 98.48898649215698
747.0 98.78496527671814
748.0 98.70778918266296
749.0 98.60301613807678
750.0 98.52712750434875
751.0 98.47037196159363
752.0 98.38722348213196
753.0 98.5907256603241
754.0 98.51527810096741
755.0 98.61946702003479
756.0 98.68656992912292
757.0 98.70659112930298
758.0 98.85028600692749
759.0 98.84213209152222
760.0 98.72798919677734
761.0 98.62755537033081
762.0 98.70597124099731
763.0 98.61367344856262
764.0 98.48178625106812
765.0 98.4950602054596
766.0 98.51292371749878
767.0 98.28655123710632
768.0 98.36966395378113
769.0 98.4293282032013
770.0 98.1194794178009
771.0 98.22571873664856
772.0 98.2162356376648
773.0 98.12447428703308
774.0 97.94428944587708
775.0 98.08120131492615
776.0 97.9591965675354
777.0 98.02999496459961
778.0 98.02742600440979
779.0 98.09109568595886
780.0 98.00667762756348
781.0 98.1895387172699
782.0 98.11546206474304
783.0 98.17568063735962
784.0 98.19810390472412
785.0 98.24020862579346
786.0 98.43072295188904
787.0 98.16445112228394
788.0 98.26051592826843
789.0 98.35672974586487
790.0 98.24291467666626
791.0 98.31855297088623
792.0 98.19891452789307
793.0 98.1441080570221
794.0 98.11062216758728
795.0 98.04056286811829
796.0 98.02244901657104
797.0 98.13455939292908
798.0 97.989821434021
799.0 97.89261221885681
800.0 97.75685667991638
801.0 97.77109026908875
802.0 97.68013954162598
803.0 97.47373461723328
804.0 97.34240174293518
805.0 96.88315391540527
806.0 96.66335582733154
807.0 95.92851996421814
808.0 95.13134360313416
809.0 94.05118823051453
810.0 92.74771809577942
811.0 91.09407663345337
812.0 88.98965120315552
813.0 86.55102252960205
814.0 83.64422917366028
815.0 80.17988801002502
816.0 76.59658789634705
817.0 72.33980298042297
818.0 67.44527816772461
819.0 63.140517473220825
820.0 58.15056562423706
821.0 53.553128242492676
822.0 49.16397035121918
823.0 44.46634650230408
824.0 39.8006945848465
825.0 35.482677817344666
826.0 31.02603852748871
827.0 26.396650075912476
828.0 22.234757244586945
829.0 18.02217960357666
830.0 13.83850872516632
831.0 10.478624701499939
832.0 7.308082282543182
833.0 4.863177239894867
834.0 3.0557092279195786
835.0 1.8450455740094185
836.0 1.1133498512208462
837.0 0.6150190718472004
838.0 0.35328466910868883
839.0 0.21491451188921928
840.0 0.14291612897068262
841.0 0.07682619616389275
842.0 0.02791302977129817
843.0 0.00231553494813852
844.0 0.0028894977731397375
845.0 1.6575501821797234e-10
846.0 1.6575501821797234e-10
847.0 1.6575501821797234e-10
848.0 1.6575501821797234e-10
849.0 1.6575501821797234e-10
850.0 1.6575501821797234e-10
851.0 0.00239042110479204
852.0 0.0026585112209431827
853.0 0.0011098508366558235
854.0 1.6575501821797234e-10
855.0 1.6575501821797234e-10
856.0 8.58732164488174e-05
857.0 0.0003605214260460343
858.0 0.0006351696811179863
859.0 0.00036729204566654516
860.0 9.941443295247154e-05
861.0 5.652686354551406e-05
862.0 1.363920176800093e-05
863.0 4.551365861971135e-05
864.0 7.73881538407295e-05
865.0 0.00011109731303804438
866.0 0.00014480643812930794
867.0 0.00010930368716799421
868.0 7.380084525721031e-05
869.0 0.00012695694522335543
870.0 0.00018011296560871415
871.0 9.228929229720961e-05
872.0 4.465563918643056e-06
873.0 6.143670248093258e-05
874.0 0.00011840784281957895
875.0 0.0001231603164342232
876.0 0.00012791279004886746
877.0 6.598036748073355e-05
878.0 4.047975110665902e-06
879.0 1.6575501821797234e-10
880.0 1.6575501821797234e-10
881.0 4.595857490130584e-05
882.0 0.00011015528116331552
883.0 2.7541395297703275e-05
884.0 1.6575501821797234e-10
885.0 0.00012709790553344646
886.0 0.00030926823910704115
887.0 0.00017234502820429043
888.0 3.54217576159499e-05
889.0 8.822445352052455e-05
890.0 0.00014102713521424448
891.0 1.6575501821797234e-10
892.0 1.6575501821797234e-10
893.0 1.6575501821797234e-10
894.0 0.00012141274510213407
895.0 0.00014908141565683763
