lsstCam/transmission_filter_detector/r20_s21/z_20/19700101T000000.ecsv
# %ECSV 1.0
# ---
# datatype:
# - {name: wavelength, unit: nm, datatype: float32}
# - {name: efficiency, unit: '%', datatype: float64}
# meta: !!omap
# - {MODE: DETECTOR}
# - {TYPE: transmission_filter_detector}
# - {CALIBDATE: '1970-01-01T00:00:00'}
# - {INSTRUME: LSSTCam}
# - {OBSTYPE: transmission_filter_detector}
# - {CALIBCLS: lsst.ip.isr.IntermediateFilterDetectorTransmissionCurve}
# - {SOURCE: Materion (DM-46256)}
# - {DETECTOR: 79}
# - {FILTER: z_20}
# - {CALIB_ID: 'calibDate=1970-01-01T00:00:00 filter=z_20 detector=79'}
# - {DATE: '2025-04-02T15:59:49.004780'}
# - {CALIB_CREATION_DATE: '2025-04-02'}
# - {CALIB_CREATION_TIME: '15:59:49'}
# - __serialized_columns__:
#     efficiency:
#       __class__: astropy.units.quantity.Quantity
#       unit: !astropy.units.Unit {unit: '%'}
#       value: !astropy.table.SerializedColumn {name: efficiency}
#     wavelength:
#       __class__: astropy.units.quantity.Quantity
#       unit: !astropy.units.Unit {unit: nm}
#       value: !astropy.table.SerializedColumn {name: wavelength}
# schema: astropy-2.0
wavelength efficiency
300.0 0.4394517745822668
301.0 0.3586972365155816
302.0 0.27794274501502514
303.0 0.250954064540565
304.0 0.22396540734916925
305.0 0.19505993695929646
306.0 0.1661544549278915
307.0 0.15023708110675216
308.0 0.13431969564408064
309.0 0.13311346992850304
310.0 0.13190724421292543
311.0 0.1239860663190484
312.0 0.11606487678363919
313.0 0.11153215309605002
314.0 0.10699942940846086
315.0 0.09463567985221744
316.0 0.08227193029597402
317.0 0.07294362294487655
318.0 0.06361532141454518
319.0 0.06687900167889893
320.0 0.07014268776401877
321.0 0.06452014204114676
322.0 0.058897590497508645
323.0 0.05636205314658582
324.0 0.05382650997489691
325.0 0.04662148130591959
326.0 0.03941645263694227
327.0 0.039195967838168144
328.0 0.038975480129010975
329.0 0.03487270441837609
330.0 0.0307699287077412
331.0 0.029757810989394784
332.0 0.028745696181431413
333.0 0.028424366610124707
334.0 0.028103034128434956
335.0 0.026823661755770445
336.0 0.025544286472722888
337.0 0.023789226543158293
338.0 0.022034163703210652
339.0 0.01986092102015391
340.0 0.01768767979228869
341.0 0.01766918576322496
342.0 0.017650694644544274
343.0 0.01644188741920516
344.0 0.015233081649057567
345.0 0.013796178973279893
346.0 0.01235927629750222
347.0 0.012943471665494144
348.0 0.013527668488677591
349.0 0.013965972175356
350.0 0.014404271496459842
351.0 0.013152007886674255
352.0 0.0118997399113141
353.0 0.013763374590780586
354.0 0.01562700781505555
355.0 0.013034036965109408
356.0 0.010441066115163267
357.0 0.01050945938914083
358.0 0.010577854118309915
359.0 0.010149542504223064
360.0 0.009721232345327735
361.0 0.008970628550741822
362.0 0.008220027666538954
363.0 0.007926941907498986
364.0 0.007633856148459017
365.0 0.007626729347975925
366.0 0.007619604002684355
367.0 0.007799992454238236
368.0 0.007980381633387879
369.0 0.008178583811968565
370.0 0.00837678526295349
371.0 0.00819107808638364
372.0 0.008005369454622269
373.0 0.007139735680539161
374.0 0.006274102634051815
375.0 0.0061747312429361045
376.0 0.006075359488022514
377.0 0.006635737372562289
378.0 0.007196114165708423
379.0 0.00631932052783668
380.0 0.005442527253762819
381.0 0.00489663980260957
382.0 0.004350752351456322
383.0 0.004790551247424446
384.0 0.00523035014339257
385.0 0.004956909469910897
386.0 0.004683468796429224
387.0 0.0048389192670583725
388.0 0.004994370101485401
389.0 0.004856111263507046
390.0 0.004717852789326571
391.0 0.004248355980962515
392.0 0.0037788595363963395
393.0 0.004194455686956644
394.0 0.004610051837516949
395.0 0.004275850369594991
396.0 0.003941649629268795
397.0 0.004017460742034018
398.0 0.00409327149100136
399.0 0.004206911762594245
400.0 0.004320552397985011
401.0 0.004535505649982952
402.0 0.004750458901980892
403.0 0.004731897570309229
404.0 0.004713335874839686
405.0 0.0038437214243458584
406.0 0.0029741071557509713
407.0 0.003011176704603713
408.0 0.0030482466172543354
409.0 0.003095291685895063
410.0 0.003142336936434731
411.0 0.003353523788973689
412.0 0.003564711005310528
413.0 0.0034994482120964676
414.0 0.0034341850550845265
415.0 0.0033129639632534236
416.0 0.0031917428714223206
417.0 0.0032971198379527777
418.0 0.003402496804483235
419.0 0.0034231819881824777
420.0 0.0034438668080838397
421.0 0.003783293141168542
422.0 0.004122719474253245
423.0 0.0037897527363384143
424.0 0.003456785998423584
425.0 0.0029885663025197573
426.0 0.002520346606615931
427.0 0.0024377852241741493
428.0 0.0023552236598334275
429.0 0.0022037980670575052
430.0 0.0020523728380794637
431.0 0.0014843145436316263
432.0 0.0009162561582343187
433.0 0.0013184999261284247
434.0 0.0017207437849720009
435.0 0.0016750105714891106
436.0 0.00162927717610728
437.0 0.0016878277165233158
438.0 0.0017463780750404112
439.0 0.002150060572603252
440.0 0.0025537432520650327
441.0 0.002373297138547059
442.0 0.002192851206928026
443.0 0.0025775372705538757
444.0 0.002962223697977606
445.0 0.0030704381060786545
446.0 0.003178652696078643
447.0 0.002651288923516404
448.0 0.0021239256966509856
449.0 0.0019238912500441074
450.0 0.0017238566215382889
451.0 0.0017765949451131746
452.0 0.0018293334505870007
453.0 0.0014879369700793177
454.0 0.0011465405805211049
455.0 0.0015645726307411678
456.0 0.0019826045900117606
457.0 0.001690634962869808
458.0 0.0013986654266773257
459.0 0.0017337846657028422
460.0 0.002068903995677829
461.0 0.001585294921824243
462.0 0.0011016860298695974
463.0 0.0013989885701448657
464.0 0.001696291110420134
465.0 0.0016901323760976084
466.0 0.0016839736417750828
467.0 0.0017204680261784233
468.0 0.0017569618648849428
469.0 0.0013842851330991834
470.0 0.001011608310363954
471.0 0.0009665372999734245
472.0 0.0009214662895828951
473.0 0.001036764388118172
474.0 0.0011520623957039788
475.0 0.0010991355338774156
476.0 0.001046208490151912
477.0 0.0013061654499324504
478.0 0.0015661222278140485
479.0 0.0016331394363078289
480.0 0.0017001568267005496
481.0 0.0014378550986293703
482.0 0.0011755536434066016
483.0 0.0009964157470676582
484.0 0.0008172777597792447
485.0 0.0011364796591806225
486.0 0.00145568137668306
487.0 0.0015605017324560322
488.0 0.0016653220882290043
489.0 0.00189573966054013
490.0 0.0021261575966491364
491.0 0.0019323515516589396
492.0 0.0017385455066687427
493.0 0.001963023896678351
494.0 0.0021875026504858397
495.0 0.001830438122851774
496.0 0.0014733732314198278
497.0 0.0012869320926256478
498.0 0.0011004909538314678
499.0 0.0011075679140049033
500.0 0.001114644965127809
501.0 0.0010159732482861727
502.0 0.0009173015314445365
503.0 0.001312824406340951
504.0 0.0017083473721868359
505.0 0.001868216713774018
506.0 0.0020280860553612
507.0 0.0016327299817930907
508.0 0.0012373739991744515
509.0 0.0015235033970384393
510.0 0.0018096330677508377
511.0 0.001778607111191377
512.0 0.0017475811546319164
513.0 0.001512380640633637
514.0 0.001277180217584828
515.0 0.0011399619324947707
516.0 0.0010027436474047136
517.0 0.001205736134579638
518.0 0.001408728894602973
519.0 0.0013876642697141506
520.0 0.0013665996448253281
521.0 0.0014586385077564046
522.0 0.0015506771887885407
523.0 0.0014364946764544584
524.0 0.0013223118912719656
525.0 0.0011027084838133305
526.0 0.0008831049854052253
527.0 0.0010907521755143534
528.0 0.0012983993656234816
529.0 0.0013807279174216092
530.0 0.0014630562873207964
531.0 0.0013973211025586352
532.0 0.0013315860087459441
533.0 0.0010051737262983806
534.0 0.0006787614438508172
535.0 0.0009598244105291087
536.0 0.0012408874681568705
537.0 0.0014977837054175325
538.0 0.0017546801245771348
539.0 0.0015686324331909418
540.0 0.0013825845599058084
541.0 0.0011431855455157347
542.0 0.000903786531125661
543.0 0.0010534356079006102
544.0 0.0012030846846755594
545.0 0.001138680090662092
546.0 0.0010742754056991544
547.0 0.00146405336636235
548.0 0.001853831417975016
549.0 0.001701041401247494
550.0 0.0015482512026210316
551.0 0.0016816595234558918
552.0 0.0018150680261896923
553.0 0.002006487011385616
554.0 0.002197905632783659
555.0 0.0016264917576336302
556.0 0.001055078064382542
557.0 0.0012913802493130788
558.0 0.001527682616142556
559.0 0.001210988102684496
560.0 0.000894293680175906
561.0 0.0011139489288325422
562.0 0.0013336042684386484
563.0 0.0013578004654846154
564.0 0.0013819965715811122
565.0 0.0017688711523078382
566.0 0.002155746187781915
567.0 0.0023314732970902696
568.0 0.002507200770196505
569.0 0.0026464000256964937
570.0 0.002785599463095423
571.0 0.0024830791517160833
572.0 0.0021805586584378034
573.0 0.0017968817701330408
574.0 0.0014132050637272187
575.0 0.001756393612595275
576.0 0.002099581979564391
577.0 0.0020596191461663693
578.0 0.0020196563127683476
579.0 0.002046795816568192
580.0 0.0020739353203680366
581.0 0.0018329243175685406
582.0 0.0015919131328701042
583.0 0.001999694541154895
584.0 0.002407475585641805
585.0 0.0024611776098026894
586.0 0.0025148796339635737
587.0 0.0018544616978033446
588.0 0.0011940437616431154
589.0 0.0015669731510570273
590.0 0.0019399025404709391
591.0 0.001921531293191947
592.0 0.0019031604097108357
593.0 0.001421171418769518
594.0 0.0009391825187776703
595.0 0.0010937705155811273
596.0 0.001248358421435114
597.0 0.0009763600246515125
598.0 0.0007043616733426461
599.0 0.0009603327271179296
600.0 0.001216303735418478
601.0 0.0012166377928224392
602.0 0.0012169717592769302
603.0 0.0015279092622222379
604.0 0.0018388465832686052
605.0 0.0015515866834903136
606.0 0.0012643270565604325
607.0 0.0012366148439468816
608.0 0.0012089029041817412
609.0 0.0012098669685656205
610.0 0.0012108312148484401
611.0 0.0010352765457355417
612.0 0.0008597217856731731
613.0 0.0009182139365293551
614.0 0.0009767059054865967
615.0 0.0011239159903198015
616.0 0.0012711258932540659
617.0 0.0014864096556266304
618.0 0.0017016935089486651
619.0 0.0017057833247235976
620.0 0.0017098731404985301
621.0 0.0018610431652632542
622.0 0.002012212644331157
623.0 0.001633564716030378
624.0 0.0012549163329822477
625.0 0.0013285656677908264
626.0 0.0014022151844983455
627.0 0.0015069766050146427
628.0 0.0016117382983793505
629.0 0.0018038350390270352
630.0 0.0019959321434726007
631.0 0.002302627581229899
632.0 0.0026093230189871974
633.0 0.002840371962520294
634.0 0.00307142072415445
635.0 0.005913103086641058
636.0 0.008754785085329786
637.0 0.015547061047982424
638.0 0.0223393362830393
639.0 0.020260531164240092
640.0 0.018181728955823928
641.0 0.015325764252338558
642.0 0.012469802459236234
643.0 0.009361800766782835
644.0 0.006253799074329436
645.0 0.00641366423224099
646.0 0.006573528662556782
647.0 0.006321044929791242
648.0 0.006068561197025701
649.0 0.004675406307796948
650.0 0.003282251418568194
651.0 0.0035100383684039116
652.0 0.0037378253182396293
653.0 0.0030787330615567043
654.0 0.0024196408048737794
655.0 0.0023646520276088268
656.0 0.0023096630684449337
657.0 0.002462038719386328
658.0 0.002614414188428782
659.0 0.002123270860465709
660.0 0.001632127350603696
661.0 0.0019048768081120215
662.0 0.0021776260837214068
663.0 0.0019897301172022708
664.0 0.0018018343325820751
665.0 0.0018442717191646807
666.0 0.0018867091057472862
667.0 0.0021291632947395556
668.0 0.0023716173018328846
669.0 0.0018222361177322455
670.0 0.0012728549336316064
671.0 0.0012128117305110209
672.0 0.0011527686183399055
673.0 0.001199872167489957
674.0 0.0012469756256905384
675.0 0.0014311834092950448
676.0 0.0016153908291016705
677.0 0.0016196700016735122
678.0 0.0016239489923464134
679.0 0.0014718726561113726
680.0 0.0013197961379773915
681.0 0.0015427016478497535
682.0 0.0017656067939242348
683.0 0.0022277459720498882
684.0 0.0026898851501755416
685.0 0.0026011644877144136
686.0 0.0025124438252532855
687.0 0.0018776709111989476
688.0 0.0012428978152456693
689.0 0.0018646267562871799
690.0 0.00248635551542975
691.0 0.0024754213882260956
692.0 0.0024644874429213814
693.0 0.002679364479263313
694.0 0.002894241697504185
695.0 0.003111638216068968
696.0 0.003329034734633751
697.0 0.0037823181628482416
698.0 0.004235601227264851
699.0 0.0056608936574775726
700.0 0.007086185360094532
701.0 0.00720352545613423
702.0 0.007320867734961212
703.0 0.006164165097288787
704.0 0.005007461368222721
705.0 0.004406847801874392
706.0 0.0038062345993239433
707.0 0.0034731205232674256
708.0 0.003140006447210908
709.0 0.003777988240472041
710.0 0.004415970397531055
711.0 0.003993244536104612
712.0 0.003570518674678169
713.0 0.0026629018975654617
714.0 0.0017552849385538138
715.0 0.002088470500893891
716.0 0.0024216558813350275
717.0 0.0019914910808438435
718.0 0.0015613264622515999
719.0 0.0016156944184331223
720.0 0.0016700623746146448
721.0 0.0013108130588079803
722.0 0.0009515635611023754
723.0 0.0013728774320043158
724.0 0.0017941913029062562
725.0 0.0016110216165543534
726.0 0.0014278522030508611
727.0 0.0012391480595397297
728.0 0.0010504436431801878
729.0 0.001347213674307568
730.0 0.0016439838873338886
731.0 0.0013617932381748687
732.0 0.0010796026799653191
733.0 0.0014429821021622047
734.0 0.0018063619791064411
735.0 0.0016936481188167818
736.0 0.0015809342585271224
737.0 0.001371637699776329
738.0 0.0011623408681771252
739.0 0.0014614216524933
740.0 0.0017605023458600044
741.0 0.001641731068957597
742.0 0.00152295997395413
743.0 0.0019038712707697414
744.0 0.0022847823856864125
745.0 0.0018755808923742734
746.0 0.001466379217163194
747.0 0.0016946927644312382
748.0 0.0019230064935982227
749.0 0.0025133011149591766
750.0 0.0031035961001180112
751.0 0.0027638212486635894
752.0 0.0024240463972091675
753.0 0.0027828486054204404
754.0 0.0031416508136317134
755.0 0.0023069254893925972
756.0 0.0014722000742040109
757.0 0.001924024945765268
758.0 0.0023758499082759954
759.0 0.0026988742320099846
760.0 0.003021898737642914
761.0 0.004685202657128684
762.0 0.006348506576614454
763.0 0.00618968770140782
764.0 0.006030869553796947
765.0 0.0054215201089391485
766.0 0.004812171755474992
767.0 0.004508278288994916
768.0 0.0042043848225148395
769.0 0.004669728150474839
770.0 0.005135071842232719
771.0 0.00507454969920218
772.0 0.00501402719237376
773.0 0.0045692100684391335
774.0 0.004124392944504507
775.0 1.6283992383681056e-10
776.0 0.06027286872267723
777.0 1.6283992383681056e-10
778.0 0.13070321874693036
779.0 0.0546860508620739
780.0 0.05194745026528835
781.0 0.010889390978263691
782.0 0.11450150050222874
783.0 1.6283992383681056e-10
784.0 1.6283992383681056e-10
785.0 1.6283992383681056e-10
786.0 0.0033673921279842034
787.0 1.6283992383681056e-10
788.0 1.6283992383681056e-10
789.0 1.6283992383681056e-10
790.0 0.058358453679829836
791.0 0.08025103597901762
792.0 0.06573458085767925
793.0 0.011624689068412408
794.0 0.0985274207778275
795.0 1.6283992383681056e-10
796.0 0.03270668676123023
797.0 0.1261363853700459
798.0 0.187091832049191
799.0 0.31628943979740143
800.0 0.3078534733504057
801.0 0.3687313525006175
802.0 0.767944473773241
803.0 1.3130617327988148
804.0 2.2104335948824883
805.0 3.3453963696956635
806.0 5.176452919840813
807.0 7.191392034292221
808.0 9.621810913085938
809.0 12.409643828868866
810.0 15.815706551074982
811.0 18.78938525915146
812.0 21.770574152469635
813.0 25.225424766540527
814.0 28.68182063102722
815.0 33.41152369976044
816.0 38.82150650024414
817.0 44.95300352573395
818.0 50.9710967540741
819.0 57.33112692832947
820.0 65.2511477470398
821.0 72.36672639846802
822.0 78.58904600143433
823.0 83.39561820030212
824.0 88.02028894424438
825.0 92.36302971839905
826.0 94.83023881912231
827.0 96.93558812141418
828.0 98.41927289962769
829.0 99.31739568710327
830.0 98.67291450500488
831.0 99.14677739143372
832.0 98.20128083229065
833.0 99.43199753761292
834.0 98.25372695922852
835.0 99.07456636428833
836.0 99.06404614448547
837.0 99.24280643463135
838.0 97.9052186012268
839.0 98.7528920173645
840.0 98.8213300704956
841.0 99.19774532318115
842.0 99.57963228225708
843.0 99.68759417533875
844.0 98.16171526908875
845.0 98.68004322052002
846.0 99.0311324596405
847.0 98.7212598323822
848.0 99.5099425315857
849.0 98.71783256530762
850.0 98.07778596878052
851.0 99.2469072341919
852.0 99.04046654701233
853.0 98.54602217674255
854.0 99.62804317474365
855.0 98.68093132972717
856.0 98.90763759613037
857.0 97.97571301460266
858.0 98.4136700630188
859.0 99.08398985862732
860.0 98.21259379386902
861.0 98.91877770423889
862.0 98.991858959198
863.0 98.51157069206238
864.0 99.57609176635742
865.0 99.59419369697571
866.0 98.40555191040039
867.0 99.2242157459259
868.0 99.19521808624268
869.0 98.71702194213867
870.0 98.07433485984802
871.0 98.89497756958008
872.0 99.14273023605347
873.0 99.36227202415466
874.0 99.49231743812561
875.0 99.07733798027039
876.0 99.06437993049622
877.0 99.66767430305481
878.0 98.56835603713989
879.0 98.43866229057312
880.0 98.50689172744751
881.0 100.21978616714478
882.0 98.95294904708862
883.0 98.75550866127014
884.0 99.0903377532959
885.0 99.13139343261719
886.0 98.98342490196228
887.0 98.53059649467468
888.0 98.98666739463806
889.0 99.38298463821411
890.0 98.39792251586914
891.0 99.17105436325073
892.0 98.94928336143494
893.0 98.49215149879456
894.0 97.93252348899841
895.0 99.25194382667542
