lsstCam/transmission_filter_detector/r20_s21/z_20/19700101T000000.ecsv
# %ECSV 1.0
# ---
# datatype:
# - {name: wavelength, unit: nm, datatype: float32}
# - {name: efficiency, unit: '%', datatype: float64}
# meta: !!omap
# - {MODE: DETECTOR}
# - {TYPE: transmission_filter_detector}
# - {CALIBDATE: '1970-01-01T00:00:00'}
# - {INSTRUME: LSSTCam}
# - {OBSTYPE: transmission_filter_detector}
# - {CALIBCLS: lsst.ip.isr.IntermediateFilterDetectorTransmissionCurve}
# - {SOURCE: Materion (DM-46256)}
# - {DETECTOR: 79}
# - {FILTER: z_20}
# - {CALIB_ID: 'calibDate=1970-01-01T00:00:00 filter=z_20 detector=79'}
# - {DATE: '2025-04-02T15:59:49.004780'}
# - {CALIB_CREATION_DATE: '2025-04-02'}
# - {CALIB_CREATION_TIME: '15:59:49'}
# - __serialized_columns__:
#     efficiency:
#       __class__: astropy.units.quantity.Quantity
#       unit: !astropy.units.Unit {unit: '%'}
#       value: !astropy.table.SerializedColumn {name: efficiency}
#     wavelength:
#       __class__: astropy.units.quantity.Quantity
#       unit: !astropy.units.Unit {unit: nm}
#       value: !astropy.table.SerializedColumn {name: wavelength}
# schema: astropy-2.0
wavelength efficiency
[from data line 597]
897.0 99.40593242645264
898.0 98.75473380088806
899.0 98.37625622749329
900.0 98.67704510688782
901.0 99.21743273735046
902.0 99.1887092590332
903.0 98.85646104812622
904.0 98.01629185676575
905.0 98.356032371521
906.0 98.21454882621765
907.0 98.6554503440857
908.0 97.99417853355408
909.0 98.37511777877808
910.0 97.94766902923584
911.0 97.01346755027771
912.0 95.8443284034729
913.0 95.20838260650635
914.0 92.75084137916565
915.0 90.69961905479431
916.0 88.55292797088623
917.0 86.94016337394714
918.0 83.3872377872467
919.0 82.04591870307922
920.0 79.53270673751831
921.0 75.38817524909973
922.0 71.40496373176575
923.0 65.34435153007507
924.0 59.832072257995605
925.0 54.51122522354126
926.0 48.63239824771881
927.0 41.16039574146271
928.0 35.330596566200256
929.0 29.032599925994873
930.0 23.277272284030914
931.0 18.058477342128754
932.0 12.637148797512054
933.0 8.44472423195839
934.0 5.422043055295944
935.0 3.2998070120811462
936.0 1.8171610310673714
937.0 1.1209692806005478
938.0 0.6210560910403728
939.0 0.37946058437228203
940.0 0.2064763568341732
941.0 0.2015555277466774
942.0 0.20289989188313484
943.0 0.10237018577754498
944.0 0.044105047709308565
945.0 1.6283992383681056e-10
946.0 0.13713407097384334
947.0 1.6283992383681056e-10
948.0 0.008894962229533121
949.0 1.6283992383681056e-10
950.0 0.011408897262299433
951.0 0.030520165455527604
952.0 1.6283992383681056e-10
953.0 0.006603707151953131
954.0 1.6283992383681056e-10
955.0 0.19132033921778202
956.0 0.06078100414015353
957.0 1.6283992383681056e-10
958.0 0.01362804468953982
959.0 0.07545244880020618
960.0 0.10409526294097304
961.0 1.6283992383681056e-10
962.0 0.00555067126697395
963.0 1.6283992383681056e-10
964.0 1.6283992383681056e-10
965.0 1.6283992383681056e-10
966.0 0.10589527664706111
967.0 1.6283992383681056e-10
968.0 0.008911811892176047
969.0 0.025794681278057396
970.0 1.6283992383681056e-10
971.0 1.6283992383681056e-10
972.0 1.6283992383681056e-10
973.0 1.6283992383681056e-10
974.0 1.6283992383681056e-10
975.0 0.016245529695879668
976.0 0.006415058305719867
977.0 0.006418379780370742
978.0 0.00642170271021314
979.0 0.006145271618152037
980.0 0.005868840526090935
981.0 0.0056997367209987715
982.0 0.005530632552108727
983.0 0.005520860213437118
984.0 0.005511087510967627
985.0 0.00531645018782001
986.0 0.005121812137076631
987.0 0.005068739119451493
988.0 0.005015665738028474
989.0 0.004940645158058032
990.0 0.004865624578087591
991.0 0.004815225474885665
992.0 0.004764826007885858
993.0 0.004671945862355642
994.0 0.004579065716825426
995.0 0.00459256480098702
996.0 0.004606063521350734
997.0 0.004482254371396266
998.0 0.004358445221441798
999.0 0.004324263500166126
1000.0 0.004290081415092573
1001.0 0.004235652886563912
1002.0 0.0041812243580352515
1003.0 0.004282548979972489
1004.0 0.004383873965707608
1005.0 0.0043822641600854695
1006.0 0.004380653990665451
1007.0 0.004317524144425988
1008.0 0.004254393934388645
1009.0 0.004182614793535322
1010.0 0.00411083638027776
1011.0 0.004258629269315861
1012.0 0.004406422885949723
1013.0 0.004402246122481301
1014.0 0.004398069359012879
1015.0 0.004430874469107948
1016.0 0.004463679215405136
1017.0 0.004464227822609246
1018.0 0.0044647760660154745
1019.0 0.004388324305182323
1020.0 0.00431187181675341
1021.0 0.004406170410220511
1022.0 0.004500469003687613
1023.0 0.004537037602858618
1024.0 0.004573606565827504
1025.0 0.004558362343232147
1026.0 0.004543118120636791
1027.0 0.004649195398087613
1028.0 0.004755273039336316
1029.0 0.004591807010001503
1030.0 0.00442834098066669
1031.0 0.004581143730320036
1032.0 0.004733946479973383
1033.0 0.004823289054911584
1034.0 0.004912631629849784
1035.0 0.005051049083704129
1036.0 0.005189466173760593
1037.0 0.005265594518277794
1038.0 0.005341722498997115
1039.0 0.0054649088269798085
1040.0 0.005588095154962502
1041.0 0.005559103010455146
1042.0 0.005530111229745671
1043.0 0.005527610483113676
1044.0 0.0055251097364816815
1045.0 0.005863874685019255
1046.0 0.006202639633556828
1047.0 0.006260831287363544
1048.0 0.006319022213574499
1049.0 0.006283458060352132
1050.0 0.00624789172434248
1051.0 0.006404777377611026
1052.0 0.006561662303283811
1053.0 0.006909794319653884
1054.0 0.007257928518811241
1055.0 0.007464577356586233
1056.0 0.007671227649552748
1057.0 0.007512180309277028
1058.0 0.007353134424192831
1059.0 0.007576888310723007
1060.0 0.00780064074206166
1061.0 0.00817228647065349
1062.0 0.00854393292684108
1063.0 0.008918579260352999
1064.0 0.00929322632146068
1065.0 0.00947441003518179
1066.0 0.009655594476498663
1067.0 0.009663216769695282
1068.0 0.0096708390628919
1069.0 0.010268109326716512
1070.0 0.010865381773328409
1071.0 0.010522295633563772
1072.0 0.010179210948990658
1073.0 0.010661622218322009
1074.0 0.011144034215249121
1075.0 0.011025186540791765
1076.0 0.010906336683547124
1077.0 0.011968139006057754
1078.0 0.013029937690589577
1079.0 0.012927067291457206
1080.0 0.012824198347516358
1081.0 0.01351694663753733
1082.0 0.01420969347236678
1083.0 0.014562385331373662
1084.0 0.014915078645572066
1085.0 0.015155192522797734
1086.0 0.015395307855214924
1087.0 0.015668541891500354
1088.0 0.01594177883816883
1089.0 0.016291857173200697
1090.0 0.016641939873807132
1091.0 0.016075147141236812
1092.0 0.015508354408666492
1093.0 0.017005806148517877
1094.0 0.018503257888369262
1095.0 0.019510085985530168
1096.0 0.02051691262749955
1097.0 0.02022395929088816
1098.0 0.019931004499085248
1099.0 0.02109325723722577
1100.0 0.022255505609791726
1101.0 0.02318648766959086
1102.0 0.02411746681900695
1103.0 0.024510457296855748
1104.0 0.02490344922989607
1105.0 0.025621673557907343
1106.0 0.026339897885918617
1107.0 0.026783772045746446
1108.0 0.02722764329519123
1109.0 0.02836167986970395
1110.0 0.029495713533833623
1111.0 0.029406059184111655
1112.0 0.029316404834389687
1113.0 0.030682390206493437
1114.0 0.03204837266821414
1115.0 0.03323793062008917
1116.0 0.034427488571964204
1117.0 0.035456870682537556
1118.0 0.03648625279311091
1119.0 0.038142179255373776
1120.0 0.039798105717636645
1121.0 0.040909386007115245
1122.0 0.04202066920697689
1123.0 0.04272098885849118
1124.0 0.043421308510005474
1125.0 0.044313137186691165
1126.0 0.045204965863376856
1127.0 0.04821134498342872
1128.0 0.05121772410348058
1129.0 0.05226817447692156
1130.0 0.05331862485036254
1131.0 0.05685181240551174
1132.0 0.060384999960660934
1133.0 0.06216094479896128
1134.0 0.06393690127879381
1135.0 0.06456843111664057
1136.0 0.06519996095448732
1137.0 0.0727704435121268
1138.0 0.08034093189053237
1139.0 0.08185790502466261
1140.0 0.08337487233802676
1141.0 0.0964639475569129
1142.0 0.10955301113426685
1143.0 0.13400409370660782
1144.0 0.15845518792048097
1145.0 0.3060312243178487
1146.0 0.4536072723567486
1147.0 0.9320279583334923
1148.0 1.410448830574751
1149.0 1.547301560640335
1150.0 1.6841553151607513
