lsstCam/transmission_sensor/r12_s12/19700101T000000.ecsv
# %ECSV 1.0
# ---
# datatype:
# - {name: amp_name, datatype: string}
# - {name: wavelength, unit: nm, datatype: float32}
# - {name: efficiency, unit: '%', datatype: float64}
# meta: !!omap
# - {MODE: AMP}
# - {TYPE: transmission_sensor}
# - {CALIBDATE: '1970-01-01T00:00:00'}
# - {INSTRUME: LSSTCAM}
# - {OBSTYPE: transmission_sensor}
# - {DETECTOR: 50}
# - {PARQUETFILE: qe_raft_allvalues_nircorrected_20230725.parquet}
# - {CALIBCLS: lsst.ip.isr.IntermediateSensorTransmissionCurve}
# - {CALIB_ID: 'raftName=R12 detectorName=S12 detector=50 calibDate=1970-01-01T00:00:00 ccd=50 ccdnum=50 filter=None'}
# - {DATE: '2024-01-18T22:42:25.148318'}
# - {CALIB_CREATION_DATE: '2024-01-18'}
# - {CALIB_CREATION_TIME: '22:42:25'}
# - __serialized_columns__:
#     efficiency:
#       __class__: astropy.units.quantity.Quantity
#       unit: !astropy.units.Unit {unit: '%'}
#       value: !astropy.table.SerializedColumn {name: efficiency}
#     wavelength:
#       __class__: astropy.units.quantity.Quantity
#       unit: !astropy.units.Unit {unit: nm}
#       value: !astropy.table.SerializedColumn {name: wavelength}
# schema: astropy-2.0
amp_name wavelength efficiency
C00 319.994 43.92707061767578
C00 324.969 49.637149810791016
C00 349.982 73.06028747558594
C00 374.975 76.544677734375
C00 400.019 83.63948822021484
C00 424.965 85.4981918334961
C00 450.035 88.26612091064453
C00 475.003 90.11144256591797
C00 500.018 92.39434814453125
C00 525.002 95.2269058227539
C00 550.029 96.40707397460938
C00 575.023 97.4360580444336
C00 599.982 98.2279281616211
C00 619.997 99.17964172363281
C00 624.979 98.86299896240234
C00 650.012 99.15513610839844
C00 675.004 99.38599395751953
C00 700.03 99.04072570800781
C00 725.012 98.42644500732422
C00 750.022 98.3606185913086
C00 774.987 97.74725341796875
C00 799.976 97.20824432373047
C00 824.988 95.08919525146484
C00 850.022 92.8027572631836
C00 869.967 89.69547271728516
C00 875.002 88.39261627197266
C00 899.999 82.17269134521484
C00 919.999 73.3460464477539
C00 925.012 70.92884063720703
C00 949.965 56.737884521484375
C00 975.002 41.98490524291992
C00 999.976 25.363927841186523
C00 1025.028 10.90259075164795
C00 1050.014 3.8674192428588867
C00 1075.002 0.9370777736242344
C00 1099.99 0.09297599582333765
C01 319.994 44.222015380859375
C01 324.969 49.96683120727539
C01 349.982 73.49024963378906
C01 374.975 76.91061401367188
C01 400.019 83.8467788696289
C01 424.965 85.63229370117188
C01 450.035 88.36028289794922
C01 475.003 90.1798095703125
C01 500.018 92.44245910644531
C01 525.002 95.26326751708984
C01 550.029 96.43058776855469
C01 575.023 97.45197296142578
C01 599.982 98.23406219482422
C01 619.997 99.18087768554688
C01 624.979 98.86318969726562
C01 650.012 99.15017700195312
C01 675.004 99.38294982910156
C01 700.03 99.04187774658203
C01 725.012 98.46227264404297
C01 750.022 98.44437408447266
C01 774.987 97.87690734863281
C01 799.976 97.36251068115234
C01 824.988 95.25785827636719
C01 850.022 92.96107482910156
C01 869.967 89.9322280883789
C01 875.002 88.6600341796875
C01 899.999 82.35382843017578
C01 919.999 73.40674591064453
C01 925.012 70.98303985595703
C01 949.965 57.04701232910156
C01 975.002 42.217498779296875
C01 999.976 25.459728240966797
C01 1025.028 10.889469146728516
C01 1050.014 3.857879877090454
C01 1075.002 0.9378750039026025
C01 1099.99 0.09305509627915692
C02 319.994 44.537628173828125
C02 324.969 50.32073211669922
C02 349.982 73.98023986816406
C02 374.975 77.34649658203125
C02 400.019 84.18804931640625
C02 424.965 85.92597961425781
C02 450.035 88.63468933105469
C02 475.003 90.44017791748047
C02 500.018 92.6958236694336
C02 525.002 95.51482391357422
C02 550.029 96.67564392089844
C02 575.023 97.69398498535156
C02 599.982 98.47566223144531
C02 619.997 99.41805267333984
C02 624.979 99.10245513916016
C02 650.012 99.3830337524414
C02 675.004 99.6163330078125
C02 700.03 99.28408813476562
C02 725.012 98.74109649658203
C02 750.022 98.77359771728516
C02 774.987 98.26116180419922
C02 799.976 97.77046966552734
C02 824.988 95.67940521240234
C02 850.022 93.3726806640625
C02 869.967 90.43777465820312
C02 875.002 89.18060302734375
C02 899.999 82.77389526367188
C02 919.999 73.6353759765625
C02 925.012 71.25858306884766
C02 949.965 57.526180267333984
C02 975.002 42.65382766723633
C02 999.976 25.59459686279297
C02 1025.028 10.928105354309082
C02 1050.014 3.8475053310394287
C02 1075.002 0.9410112103696151
C02 1099.99 0.09336626780364025
C03 319.994 44.558815002441406
C03 324.969 50.34235382080078
C03 349.982 73.96980285644531
C03 374.975 77.26285552978516
C03 400.019 83.99403381347656
C03 424.965 85.68099975585938
C03 450.035 88.3604507446289
C03 475.003 90.14936828613281
C03 500.018 92.38912200927734
C03 525.002 95.19180297851562
C03 550.029 96.3456802368164
C03 575.023 97.35433959960938
C03 599.982 98.12724304199219
C03 619.997 99.0660400390625
C03 624.979 98.74556732177734
C03 650.012 99.02658081054688
C03 675.004 99.2549819946289
C03 700.03 98.94056701660156
C03 725.012 98.43577575683594
C03 750.022 98.52114868164062
C03 774.987 98.06221771240234
C03 799.976 97.60062408447266
C03 824.988 95.52027893066406
C03 850.022 93.24516296386719
C03 869.967 90.38451385498047
C03 875.002 89.12736511230469
C03 899.999 82.65868377685547
C03 919.999 73.56246948242188
C03 925.012 71.1281967163086
C03 949.965 57.54269790649414
C03 975.002 42.6847038269043
C03 999.976 25.61295509338379
C03 1025.028 10.926484107971191
C03 1050.014 3.8395192623138428
C03 1075.002 0.9386061396482986
C03 1099.99 0.0931276388961643
C04 319.994 44.839637756347656
C04 324.969 50.66018295288086
C04 349.982 74.40328979492188
C04 374.975 77.61785125732422
C04 400.019 84.22838592529297
C04 424.965 85.8619613647461
C04 450.035 88.51432037353516
C04 475.003 90.28939056396484
C04 500.018 92.51993560791016
C04 525.002 95.31739807128906
C04 550.029 96.46366119384766
C04 575.023 97.4703369140625
C04 599.982 98.24028015136719
C04 619.997 99.17473602294922
C04 624.979 98.85323333740234
C04 650.012 99.13137817382812
C04 675.004 99.35647583007812
C04 700.03 99.0529556274414
C04 725.012 98.58157348632812
C04 750.022 98.71764373779297
C04 774.987 98.30860900878906
C04 799.976 97.87109375
C04 824.988 95.77581787109375
C04 850.022 93.51715850830078
C04 869.967 90.68769073486328
C04 875.002 89.44061279296875
C04 899.999 82.88584899902344
C04 919.999 73.63489532470703
C04 925.012 71.21271514892578
C04 949.965 57.7297248840332
C04 975.002 42.83222961425781
C04 999.976 25.70760726928711
C04 1025.028 10.950117111206055
C04 1050.014 3.8381805419921875
C04 1075.002 0.9404781372734865
C04 1099.99 0.09331337678076657
C05 319.994 44.956729888916016
C05 324.969 50.79074478149414
C05 349.982 74.54283905029297
C05 374.975 77.67906951904297
C05 400.019 84.19754791259766
C05 424.965 85.78772735595703
C05 450.035 88.41967010498047
C05 475.003 90.18025207519531
C05 500.018 92.40213012695312
C05 525.002 95.18926239013672
C05 550.029 96.32815551757812
C05 575.023 97.32725524902344
C05 599.982 98.08965301513672
C05 619.997 99.02013397216797
C05 624.979 98.70462799072266
C05 650.012 98.97635650634766
C05 675.004 99.2000503540039
C05 700.03 98.90216827392578
C05 725.012 98.45868682861328
C05 750.022 98.6272201538086
C05 774.987 98.25011444091797
C05 799.976 97.83000946044922
C05 824.988 95.73252868652344
C05 850.022 93.49908447265625
C05 869.967 90.74665832519531
C05 875.002 89.48589324951172
C05 899.999 82.87559509277344
C05 919.999 73.55978393554688
C05 925.012 71.10977935791016
C05 949.965 57.82595443725586
C05 975.002 42.83323669433594
C05 999.976 25.70223617553711
C05 1025.028 10.924729347229004
C05 1050.014 3.824824810028076
C05 1075.002 0.9396166755171296
C05 1099.99 0.09322790333670948
C06 319.994 45.23362350463867
C06 324.969 51.10237121582031
C06 349.982 74.943115234375
C06 374.975 77.99915313720703
C06 400.019 84.45130920410156
C06 424.965 86.01068878173828
C06 450.035 88.63099670410156
C06 475.003 90.3856430053711
C06 500.018 92.60444641113281
C06 525.002 95.39030456542969
C06 550.029 96.52400970458984
C06 575.023 97.5218276977539
C06 599.982 98.28239440917969
C06 619.997 99.21060180664062
C06 624.979 98.89087677001953
C06 650.012 99.15724182128906
C06 675.004 99.37965393066406
C06 700.03 99.07850646972656
C06 725.012 98.6319808959961
C06 750.022 98.79988861083984
C06 774.987 98.42342376708984
C06 799.976 98.00165557861328
C06 824.988 95.90830993652344
C06 850.022 93.74200439453125
C06 869.967 90.93815612792969
C06 875.002 89.64110565185547
C06 899.999 83.23898315429688
C06 919.999 73.86483001708984
C06 925.012 71.34696960449219
C06 949.965 57.99861145019531
C06 975.002 42.91984558105469
C06 999.976 25.87575912475586
C06 1025.028 11.016815185546875
C06 1050.014 3.871109962463379
C06 1075.002 0.9412616794350271
C06 1099.99 0.09339111911420923
C07 319.994 45.29621887207031
C07 324.969 51.17032241821289
C07 349.982 74.9912109375
C07 374.975 77.97258758544922
C07 400.019 84.37907409667969
C07 424.965 85.9234390258789
C07 450.035 88.53716278076172
C07 475.003 90.28670501708984
C07 500.018 92.5044937133789
C07 525.002 95.28193664550781
C07 550.029 96.41426849365234
C07 575.023 97.4095230102539
C07 599.982 98.16281127929688
C07 619.997 99.08582305908203
C07 624.979 98.76856994628906
C07 650.012 99.02886199951172
C07 675.004 99.2463150024414
C07 700.03 98.931884765625
C07 725.012 98.44219207763672
C07 750.022 98.55018615722656
C07 774.987 98.11649322509766
C07 799.976 97.68236541748047
C07 824.988 95.6225357055664
C07 850.022 93.48931121826172
C07 869.967 90.6805419921875
C07 875.002 89.43895721435547
C07 899.999 83.17657470703125
C07 919.999 73.85728454589844
C07 925.012 71.38018798828125
C07 949.965 57.78898620605469
C07 975.002 42.893131256103516
C07 999.976 25.901559829711914
C07 1025.028 11.10599422454834
C07 1050.014 3.901381254196167
C07 1075.002 0.9388827777523776
C07 1099.99 0.09315508667470881
C10 319.994 42.851802825927734
C10 324.969 48.41077423095703
C10 349.982 70.97434997558594
C10 374.975 74.62232971191406
C10 400.019 82.65408325195312
C10 424.965 85.00312805175781
C10 450.035 88.032958984375
C10 475.003 90.0403060913086
C10 500.018 92.42359924316406
C10 525.002 95.32683563232422
C10 550.029 96.54277801513672
C10 575.023 97.59918212890625
C10 599.982 98.40385437011719
C10 619.997 99.36265563964844
C10 624.979 99.04680633544922
C10 650.012 99.3435287475586
C10 675.004 99.57479858398438
C10 700.03 99.22152709960938
C10 725.012 98.59861755371094
C10 750.022 98.53178405761719
C10 774.987 97.9244613647461
C10 799.976 97.39881896972656
C10 824.988 95.34278869628906
C10 850.022 93.03154754638672
C10 869.967 90.19891357421875
C10 875.002 89.01364135742188
C10 899.999 82.80693054199219
C10 919.999 73.45204162597656
C10 925.012 70.98212432861328
C10 949.965 57.11030578613281
C10 975.002 42.550804138183594
C10 999.976 25.516359329223633
C10 1025.028 10.979740142822266
C10 1050.014 3.8851065635681152
C10 1075.002 0.9387084713474805
C10 1099.99 0.09313779215334692
C11 319.994 43.22654342651367
C11 324.969 48.831295013427734
C11 349.982 71.55360412597656
C11 374.975 75.12813568115234
C11 400.019 82.96522521972656
C11 424.965 85.2147216796875
C11 450.035 88.19434356689453
C11 475.003 90.16737365722656
C11 500.018 92.53022766113281
C11 525.002 95.41764831542969
C11 550.029 96.62042999267578
C11 575.023 97.6672134399414
C11 599.982 98.46276092529297
C11 619.997 99.41802215576172
C11 624.979 99.09960174560547
C11 650.012 99.39248657226562
C11 675.004 99.62212371826172
C11 700.03 99.27847290039062
C11 725.012 98.68889617919922
C11 750.022 98.6666030883789
C11 774.987 98.1049575805664
C11 799.976 97.6033935546875
C11 824.988 95.54414367675781
C11 850.022 93.25921630859375
C11 869.967 90.46941375732422
C11 875.002 89.27629089355469
C11 899.999 82.94542694091797
C11 919.999 73.56710815429688
C11 925.012 71.15190124511719
C11 949.965 57.37583541870117
C11 975.002 42.6484375
C11 999.976 25.58478546142578
C11 1025.028 10.952767372131348
C11 1050.014 3.87495493888855
C11 1075.002 0.9399922371218594
C11 1099.99 0.09326516621410942
C12 319.994 43.396141052246094
C12 324.969 49.02128219604492
C12 349.982 71.80841064453125
C12 374.975 75.3101577758789
C12 400.019 82.98019409179688
C12 424.965 85.14799499511719
C12 450.035 88.08606719970703
C12 475.003 90.0321044921875
C12 500.018 92.3711166381836
C12 525.002 95.23915100097656
C12 550.029 96.43631744384766
C12 575.023 97.46916961669922
C12 599.982 98.26128387451172
C12 619.997 99.2092056274414
C12 624.979 98.88971710205078
C12 650.012 99.17931365966797
C12 675.004 99.40972900390625
C12 700.03 99.07621002197266
C12 725.012 98.52593231201172
C12 750.022 98.55657196044922
C12 774.987 98.05101013183594
C12 799.976 97.56812286376953
C12 824.988 95.50607299804688
C12 850.022 93.24848175048828
C12 869.967 90.49870300292969
C12 875.002 89.29496765136719
C12 899.999 82.87572479248047
C12 919.999 73.49800109863281
C12 925.012 71.10395812988281
C12 949.965 57.42931365966797
C12 975.002 42.593692779541016
C12 999.976 25.579349517822266
C12 1025.028 10.928933143615723
C12 1050.014 3.8589494228363037
C12 1075.002 0.9389436166913161
C12 1099.99 0.09316112305833871
C13 319.994 43.54151153564453
C13 324.969 49.184146881103516
C13 349.982 72.02403259277344
C13 374.975 75.47126007080078
C13 400.019 83.04335021972656
C13 424.965 85.16590118408203
C13 450.035 88.07650756835938
C13 475.003 90.00674438476562
C13 500.018 92.33804321289062
C13 525.002 95.1974868774414
C13 550.029 96.38502502441406
C13 575.023 97.4166030883789
C13 599.982 98.2022476196289
C13 619.997 99.15013885498047
C13 624.979 98.82603454589844
C13 650.012 99.11400604248047
C13 675.004 99.34571838378906
C13 700.03 99.02075958251953
C13 725.012 98.51130676269531
C13 750.022 98.59548950195312
C13 774.987 98.14241790771484
C13 799.976 97.6930160522461
C13 824.988 95.6122817993164
C13 850.022 93.40016174316406
C13 869.967 90.67597961425781
C13 875.002 89.52191925048828
C13 899.999 82.97274780273438
C13 919.999 73.39208984375
C13 925.012 71.19056701660156
C13 949.965 57.41061019897461
C13 975.002 42.62145233154297
C13 999.976 25.667682647705078
C13 1025.028 10.9111967086792
C13 1050.014 3.8462440967559814
C13 1075.002 0.9393143810160731
C13 1099.99 0.09319790995402691
C14 319.994 43.73788833618164
C14 324.969 49.404197692871094
C14 349.982 72.32539367675781
C14 374.975 75.71664428710938
C14 400.019 83.18119812011719
C14 424.965 85.24620056152344
C14 450.035 88.12907409667969
C14 475.003 90.0438461303711
C14 500.018 92.36483001708984
C14 525.002 95.21659851074219
C14 550.029 96.39979553222656
C14 575.023 97.42433166503906
C14 599.982 98.20851135253906
C14 619.997 99.15172576904297
C14 624.979 98.829345703125
C14 650.012 99.114013671875
C14 675.004 99.3400650024414
C14 700.03 99.0318832397461
C14 725.012 98.55923461914062
C14 750.022 98.69197082519531
C14 774.987 98.28668975830078
C14 799.976 97.86205291748047
C14 824.988 95.77833557128906
C14 850.022 93.58454132080078
C14 869.967 90.9398193359375
C14 875.002 89.70301055908203
C14 899.999 83.02434539794922
C14 919.999 73.6339111328125
C14 925.012 71.21292114257812
C14 949.965 57.86690902709961
C14 975.002 42.72367858886719
C14 999.976 25.653230667114258
C14 1025.028 10.969745635986328
C14 1050.014 3.861048460006714
C14 1075.002 0.9402335527704073
C14 1099.99 0.09328910933106621
C15 319.994 43.91718292236328
C15 324.969 49.60789108276367
C15 349.982 72.59776306152344
C15 374.975 75.91459655761719
C15 400.019 83.24478912353516
C15 424.965 85.24749755859375
C15 450.035 88.09374237060547
C15 475.003 89.98503875732422
C15 500.018 92.2872314453125
C15 525.002 95.1285629272461
C15 550.029 96.30120086669922
C15 575.023 97.32327270507812
C15 599.982 98.09889221191406
C15 619.997 99.03620147705078
C15 624.979 98.71489715576172
C15 650.012 98.99501037597656
C15 675.004 99.22169494628906
C15 700.03 98.91987609863281
C15 725.012 98.47136688232422
C15 750.022 98.63937377929688
C15 774.987 98.2705307006836
C15 799.976 97.86820220947266
C15 824.988 95.77999114990234
C15 850.022 93.64673614501953
C15 869.967 91.0063705444336
C15 875.002 89.75324249267578
C15 899.999 83.05950164794922
C15 919.999 73.71377563476562
C15 925.012 71.27196502685547
C15 949.965 57.92165756225586
C15 975.002 42.78535079956055
C15 999.976 25.646289825439453
C15 1025.028 10.982698440551758
C15 1050.014 3.8644027709960938
C15 1075.002 0.939732462521456
C15 1099.99 0.09323939161690742
C16 319.994 44.082645416259766
C16 324.969 49.79347229003906
C16 349.982 72.83549499511719
C16 374.975 76.11461639404297
C16 400.019 83.38355255126953
C16 424.965 85.3509521484375
C16 450.035 88.18403625488281
C16 475.003 90.06680297851562
C16 500.018 92.36443328857422
C16 525.002 95.20166015625
C16 550.029 96.37022399902344
C16 575.023 97.38716125488281
C16 599.982 98.16116333007812
C16 619.997 99.09728240966797
C16 624.979 98.77500915527344
C16 650.012 99.0521469116211
C16 675.004 99.27687072753906
C16 700.03 98.97838592529297
C16 725.012 98.53067016601562
C16 750.022 98.70110321044922
C16 774.987 98.33230590820312
C16 799.976 97.93045043945312
C16 824.988 95.85595703125
C16 850.022 93.79055786132812
C16 869.967 91.1019058227539
C16 875.002 89.83997344970703
C16 899.999 83.2839584350586
C16 919.999 73.97502899169922
C16 925.012 71.55142974853516
C16 949.965 57.95473861694336
C16 975.002 42.87788772583008
C16 999.976 25.713842391967773
C16 1025.028 11.041916847229004
C16 1050.014 3.900498151779175
C16 1075.002 0.9403205557247747
C16 1099.99 0.09329774168427057
C17 319.994 44.210838317871094
C17 324.969 49.935455322265625
C17 349.982 73.02096557617188
C17 374.975 76.26768493652344
C17 400.019 83.46580505371094
C17 424.965 85.40396118164062
C17 450.035 88.2162094116211
C17 475.003 90.08733367919922
C17 500.018 92.38056945800781
C17 525.002 95.20911407470703
C17 550.029 96.37694549560547
C17 575.023 97.3899917602539
C17 599.982 98.16226959228516
C17 619.997 99.09918212890625
C17 624.979 98.7767562866211
C17 650.012 99.04977416992188
C17 675.004 99.27069854736328
C17 700.03 98.9579849243164
C17 725.012 98.47064971923828
C17 750.022 98.58639526367188
C17 774.987 98.1612319946289
C17 799.976 97.7420883178711
C17 824.988 95.69950866699219
C17 850.022 93.6608657836914
C17 869.967 90.92610168457031
C17 875.002 89.68608856201172
C17 899.999 83.38507080078125
C17 919.999 74.05956268310547
C17 925.012 71.66327667236328
C17 949.965 57.7845344543457
C17 975.002 42.90300369262695
C17 999.976 25.752904891967773
C17 1025.028 11.146202087402344
C17 1050.014 3.945913076400757
C17 1075.002 0.9392277399590342
C17 1099.99 0.09318931350794302
