lsstCam/transmission_sensor/r12_s12/19700101T000000.ecsv
# %ECSV 1.0
# ---
# datatype:
# - {name: amp_name, datatype: string}
# - {name: wavelength, unit: nm, datatype: float32}
# - {name: efficiency, unit: '%', datatype: float64}
# meta: !!omap
# - {MODE: AMP}
# - {TYPE: transmission_sensor}
# - {CALIBDATE: '1970-01-01T00:00:00'}
# - {INSTRUME: LSSTCam}
# - {OBSTYPE: transmission_sensor}
# - {DETECTOR: 50}
# - {PARQUETFILE: qe_raft_allvalues_nircorrected_20230725_adjust.parquet}
# - {CORRFILE: qe_corr_factor_bydetnum.parquet}
# - {CALIBCLS: lsst.ip.isr.IntermediateSensorTransmissionCurve}
# - {CALIB_ID: 'raftName=R12 detectorName=S12 detector=50 calibDate=1970-01-01T00:00:00 ccd=50 ccdnum=50 filter=None'}
# - {DATE: '2025-03-03T21:56:47.652808'}
# - {CALIB_CREATION_DATE: '2025-03-03'}
# - {CALIB_CREATION_TIME: '21:56:47'}
# - __serialized_columns__:
#     efficiency:
#       __class__: astropy.units.quantity.Quantity
#       unit: !astropy.units.Unit {unit: '%'}
#       value: !astropy.table.SerializedColumn {name: efficiency}
#     wavelength:
#       __class__: astropy.units.quantity.Quantity
#       unit: !astropy.units.Unit {unit: nm}
#       value: !astropy.table.SerializedColumn {name: wavelength}
# schema: astropy-2.0
amp_name wavelength efficiency
C00 319.994 43.7283612607409
C00 324.969 49.41261022778924
C00 349.982 72.72979052831376
C00 374.975 76.1984187310882
C00 400.019 83.26113499326614
C00 424.965 85.1114305384806
C00 450.035 87.86683855744721
C00 475.003 89.70381267954119
C00 500.018 91.97639126176954
C00 525.002 94.79613552660483
C00 550.029 95.97096504669558
C00 575.023 96.99529438402942
C00 599.982 97.78358238204645
C00 619.997 98.73099075395024
C00 624.979 98.41578036411576
C00 650.012 98.70659599279688
C00 675.004 98.93640952883045
C00 700.03 98.59270314153412
C00 725.012 97.98120121305851
C00 750.022 97.91567257070754
C00 774.987 97.30508202807826
C00 799.976 96.76851120593489
C00 824.988 94.65904790555304
C00 850.022 92.38295289293427
C00 869.967 89.2897245202622
C00 875.002 87.99276170188148
C00 899.999 81.80097334933633
C00 919.999 73.01425683559879
C00 925.012 70.60798554459622
C00 949.965 56.48122391588112
C00 975.002 41.79498150331058
C00 999.976 25.249191080464836
C00 1025.028 10.853271578602243
C00 1050.014 3.849924509430502
C00 1075.002 0.9328387902552885
C00 1099.99 0.09255540778774483
C01 319.994 44.02197180601742
C01 324.969 49.74080027105184
C01 349.982 73.15780770127745
C01 374.975 76.56269965386538
C01 400.019 83.46748793863883
C01 424.965 85.24492578032145
C01 450.035 87.96057459174202
C01 475.003 89.7718704176157
C01 500.018 92.02428458799406
C01 525.002 94.83233273446814
C01 550.029 95.9943724731821
C01 575.023 97.01113730799142
C01 599.982 97.78968866721685
C01 619.997 98.73222112484278
C01 624.979 98.41597023616708
C01 650.012 98.70165931946259
C01 675.004 98.93337917089141
C01 700.03 98.59384996872409
C01 725.012 98.01686677917813
C01 750.022 97.99904918588243
C01 774.987 97.43414945368237
C01 799.976 96.9220797210411
C01 824.988 94.82694796309275
C01 850.022 92.54055429041048
C01 869.967 89.52540890012254
C01 875.002 88.25896991271175
C01 899.999 81.98129103903227
C01 919.999 73.07468171721031
C01 925.012 70.66193958669882
C01 949.965 56.78895334689366
C01 975.002 42.02652287501116
C01 999.976 25.344558115680464
C01 1025.028 10.840209330831803
C01 1050.014 3.840428296123883
C01 1075.002 0.9336324141671559
C01 1099.99 0.092634150423193
C02 319.994 44.33615688677478
C02 324.969 50.09310026739083
C02 349.982 73.64558140623203
C02 374.975 76.99661045530199
C02 400.019 83.80721460773952
C02 424.965 85.53728317005927
C02 450.035 88.23373971453258
C02 475.003 90.03106095742925
C02 500.018 92.27650302608319
C02 525.002 95.08275118551077
C02 550.029 96.23832008471581
C02 575.023 97.25205456158609
C02 599.982 98.03019579718067
C02 619.997 98.96832322321603
C02 624.979 98.65415333222276
C02 650.012 98.93346271459399
C02 675.004 99.16570661288445
C02 700.03 98.83496468925213
C02 725.012 98.29442933867723
C02 750.022 98.32678353622187
C02 774.987 97.81666568826815
C02 799.976 97.32819325416472
C02 824.988 95.24658798115229
C02 850.022 92.9502981771553
C02 869.967 90.02866856958263
C02 875.002 88.77718390493366
C02 899.999 82.39945764997357
C02 919.999 73.3022775476845
C02 925.012 70.93623634691524
C02 949.965 57.265953711656444
C02 975.002 42.46087797704785
C02 999.976 25.47881664316761
C02 1025.028 10.878670762907086
C02 1050.014 3.830100680572554
C02 1075.002 0.9367544336291734
C02 1099.99 0.09294391432607406
C03 319.994 44.35724787423521
C03 324.969 50.11462416312827
C03 349.982 73.63519160758389
C03 374.975 76.9133477633579
C03 400.019 83.61407675713859
C03 424.965 85.2934115073461
C03 450.035 87.96074167914718
C03 475.003 89.74156683822531
C03 500.018 91.97118876756342
C03 525.002 94.76119147428021
C03 550.029 95.90984903081726
C03 575.023 96.91394560236263
C03 599.982 97.68335272359657
C03 619.997 98.61790296018508
C03 624.979 98.29887993956012
C03 650.012 98.57862223020835
C03 675.004 98.80599021422096
C03 700.03 98.49299752994587
C03 725.012 97.990489753809
C03 750.022 98.07547648397906
C03 774.987 97.61862154386114
C03 799.976 97.15911598990682
C03 824.988 95.08818152617847
C03 850.022 92.82335731852596
C03 869.967 89.97564869797253
C03 875.002 88.72418681796971
C03 899.999 82.28476733609529
C03 919.999 73.2297008547886
C03 925.012 70.80643981263407
C03 949.965 57.28239663130061
C03 975.002 42.491614464715255
C03 999.976 25.497091828106996
C03 1025.028 10.877056850470881
C03 1050.014 3.822150737783858
C03 1075.002 0.934360242532874
C03 1099.99 0.09270636488499738
C04 319.994 44.63680029283213
C04 324.969 50.43101555712195
C04 349.982 74.06671761605595
C04 374.975 77.26673762527146
C04 400.019 83.84736874915231
C04 424.965 85.47355451475481
C04 450.035 88.11391526038665
C04 475.003 89.88095570853908
C04 500.018 92.10141061523954
C04 525.002 94.88621842263227
C04 550.029 96.02729628688068
C04 575.023 97.02941818909234
C04 599.982 97.79587849608983
C04 619.997 98.72610724479034
C04 624.979 98.40605891508827
C04 650.012 98.68294553008467
C04 675.004 98.90702493016843
C04 700.03 98.60487773746465
C04 725.012 98.13562794983667
C04 750.022 98.27108267124713
C04 774.987 97.86389825975408
C04 799.976 97.42836215355818
C04 824.988 95.34256450565265
C04 850.022 93.09412245858786
C04 869.967 90.27745412098393
C04 875.002 89.03601748529073
C04 899.999 82.51090494921534
C04 919.999 73.30179907011518
C04 925.012 70.89057591601423
C04 949.965 57.468577569941246
C04 975.002 42.638472901527884
C04 999.976 25.591315833573685
C04 1025.028 10.900582946989472
C04 1050.014 3.820818073323668
C04 1075.002 0.9362237719529425
C04 1099.99 0.09289126256206728
C05 319.994 44.753362745136414
C05 324.969 50.56098677369033
C05 349.982 74.20563560368245
C05 374.975 77.32767895886258
C05 400.019 83.81667023589517
C05 424.965 85.39965631238174
C05 450.035 88.01969315364046
C05 475.003 89.77231092077477
C05 500.018 91.98413804146332
C05 525.002 94.75866237855665
C05 550.029 95.89240358674213
C05 575.023 96.88698377107544
C05 599.982 97.64593273972277
C05 619.997 98.5722045548738
C05 624.979 98.25812580246517
C05 650.012 98.52862512165524
C05 675.004 98.7513070634413
C05 700.03 98.45477248857448
C05 725.012 98.01329718461335
C05 750.022 98.18106812915816
C05 774.987 97.8056682990558
C05 799.976 97.38746371370424
C05 824.988 95.29947114488544
C05 850.022 93.07613018300495
C05 869.967 90.3361549643695
C05 875.002 89.08109311027368
C05 899.999 82.50069742773647
C05 919.999 73.22702745630605
C05 925.012 70.78810576735879
C05 949.965 57.56437181727234
C05 975.002 42.63947542595884
C05 999.976 25.585969036608564
C05 1025.028 10.875310027598754
C05 1050.014 3.8075227576102346
C05 1075.002 0.9353662071218579
C05 1099.99 0.09280617576735568
C06 319.994 45.02900379947617
C06 324.969 50.871203528575144
C06 349.982 74.60410109057896
C06 374.975 77.64631464050284
C06 400.019 84.06928360785105
C06 424.965 85.62160914549074
C06 450.035 88.23006379161906
C06 475.003 89.97677274051632
C06 500.018 92.18553912373764
C06 525.002 94.95879511552816
C06 550.029 96.08737180391779
C06 575.023 97.08067604806622
C06 599.982 97.8378022450209
C06 619.997 98.76181078532022
C06 624.979 98.44353206313643
C06 650.012 98.70869218024343
C06 675.004 98.93009818184463
C06 700.03 98.63031299745924
C06 725.012 98.18580733555908
C06 750.022 98.35295549977558
C06 774.987 97.97819363976562
C06 799.976 97.55833337012656
C06 824.988 95.47445722738036
C06 850.022 93.3179512275639
C06 869.967 90.52678650389304
C06 875.002 89.23560339075445
C06 899.999 82.86244165990803
C06 919.999 73.53069362542037
C06 925.012 71.02422305549612
C06 949.965 57.73624779556666
C06 975.002 42.725692527021444
C06 999.976 25.75870703401587
C06 1025.028 10.966979304614958
C06 1050.014 3.8535985336235106
C06 1075.002 0.9370037696678158
C06 1099.99 0.09296865321876785
C07 319.994 45.0913160092778
C07 324.969 50.93884734557779
C07 349.982 74.65197922703938
C07 374.975 77.61986926119523
C07 400.019 83.9973752645758
C07 424.965 85.53475407433571
C07 450.035 88.13665433725252
C07 475.003 89.87828231005652
C07 500.018 92.08603857396481
C07 525.002 94.85091741085117
C07 550.029 95.9781270204713
C07 575.023 96.96887938425003
C07 599.982 97.71876006372639
C07 619.997 98.63759648934781
C07 624.979 98.32177850894911
C07 650.012 98.58089309994213
C07 675.004 98.79736242820906
C07 700.03 98.48435455416987
C07 725.012 97.99687704961535
C07 750.022 98.10438260507175
C07 774.987 97.67265153478426
C07 799.976 97.24048755621979
C07 824.988 95.18997573033123
C07 850.022 93.0664011390954
C07 869.967 90.27033771650053
C07 875.002 89.03436939588529
C07 899.999 82.8003155247167
C07 919.999 73.52318228707023
C07 925.012 71.05729117195372
C07 949.965 57.52757081628583
C07 975.002 42.699099047513805
C07 999.976 25.784391026397692
C07 1025.028 11.05575493156907
C07 1050.014 3.8837328895481686
C07 1075.002 0.9346356292314075
C07 1099.99 0.09273368850023332
C10 319.994 42.65795757143417
C10 324.969 48.191782304546116
C10 349.982 70.65328901604076
C10 374.975 74.28476667978985
C10 400.019 82.28018762221748
C10 424.965 84.61860623696096
C10 450.035 87.63473136703371
C10 475.003 89.63299799928153
C10 500.018 92.00551003955971
C10 525.002 94.8956132917315
C10 550.029 96.1060552137675
C10 575.023 97.15768055719886
C10 599.982 97.95871276730037
C10 619.997 98.91317678463115
C10 624.979 98.59875626253015
C10 650.012 98.89413641532495
C10 675.004 99.12436007498938
C10 700.03 98.77268665641974
C10 725.012 98.15259491634248
C10 750.022 98.08606374956057
C10 774.987 97.48148835351704
C10 799.976 96.95822376473005
C10 824.988 94.91149419010375
C10 850.022 92.61070821593155
C10 869.967 89.79088800227575
C10 875.002 88.61097750609171
C10 899.999 82.4323434892619
C10 919.999 73.11977253195738
C10 925.012 70.66102820085248
C10 949.965 56.851960488403115
C10 975.002 42.358320487248804
C10 999.976 25.40093302643737
C10 1025.028 10.930071975279711
C10 1050.014 3.8675318194293733
C10 1075.002 0.9344621113223773
C10 1099.99 0.09271647221270696
C11 319.994 43.03100298810019
C11 324.969 48.61040081096955
C11 349.982 71.22992284101228
C11 374.975 74.78828457523974
C11 400.019 82.58992210209195
C11 424.965 84.8292426958114
C11 450.035 87.79538590709511
C11 475.003 89.75949075986976
C11 500.018 92.11165611112867
C11 525.002 94.98601517280514
C11 550.029 96.1833559233002
C11 575.023 97.22540412046307
C11 599.982 98.01735285162951
C11 619.997 98.96829284368782
C11 624.979 98.65131284633505
C11 650.012 98.94287277345732
C11 675.004 99.17147112836247
C11 700.03 98.82937485606132
C11 725.012 98.24246515567245
C11 750.022 98.22027291031436
C11 774.987 97.66116807312054
C11 799.976 97.16187293209197
C11 824.988 95.11193831723942
C11 850.022 92.83734709126709
C11 869.967 90.06016454545531
C11 875.002 88.87243891563902
C11 899.999 82.57021338316511
C11 919.999 73.23431854307667
C11 925.012 70.8300371111719
C11 949.965 57.11628896592533
C11 975.002 42.4555121928776
C11 999.976 25.4690496248478
C11 1025.028 10.903221219142539
C11 1050.014 3.8574261168380226
C11 1075.002 0.9357400698287573
C11 1099.99 0.09284327008167365
C12 319.994 43.19983341869137
C12 324.969 48.79952856384666
C12 349.982 71.48357671180939
C12 374.975 74.9694832712538
C12 400.019 82.60482326067941
C12 424.965 84.76281785737821
C12 450.035 87.68759934100277
C12 475.003 89.62483350107485
C12 500.018 91.95326484591898
C12 525.002 94.80832531229946
C12 550.029 96.00007622960369
C12 575.023 97.02825617213827
C12 599.982 97.816787206381
C12 619.997 98.76042092190457
C12 624.979 98.44237764106443
C12 650.012 98.73066417402198
C12 675.004 98.9600372068965
C12 700.03 98.62802693796137
C12 725.012 98.08023847502612
C12 750.022 98.11073952134988
C12 774.987 97.60746466212568
C12 799.976 97.12676179236219
C12 824.988 95.07403985579629
C12 850.022 92.8266610922189
C12 869.967 90.08932129765574
C12 875.002 88.8910311869041
C12 899.999 82.50082654073137
C12 919.999 73.16552410144303
C12 925.012 70.78231087235255
C12 949.965 57.16952529167395
C12 975.002 42.40101511670823
C12 999.976 25.46363827138523
C12 1025.028 10.879494807609808
C12 1050.014 3.84149300365165
C12 1075.002 0.9346961929581303
C12 1099.99 0.09273969757756001
C13 319.994 43.3445463013241
C13 324.969 48.9616565110263
C13 349.982 71.69822326838366
C13 374.975 75.12985680067925
C13 400.019 82.66769369431191
C13 424.965 84.78064304555598
C13 450.035 87.67808295379069
C13 475.003 89.59958811313156
C13 500.018 91.92034103222039
C13 525.002 94.7668496614095
C13 550.029 95.9490158375632
C13 575.023 96.97592743479497
C13 599.982 97.75801800905697
C13 619.997 98.70162134505233
C13 624.979 98.37898316057029
C13 650.012 98.6656519836506
C13 675.004 98.89631614647409
C13 700.03 98.57282733520212
C13 725.012 98.06567908613103
C13 750.022 98.14948101470087
C13 774.987 97.69845894399944
C13 799.976 97.2510900115654
C13 824.988 95.17976820885235
C13 850.022 92.97765494230924
C13 869.967 90.265795977033
C13 875.002 89.11695614332669
C13 899.999 82.59741065579594
C13 919.999 73.06009194878702
C13 925.012 70.86852797341514
C13 949.965 57.15090643832168
C13 975.002 42.42864909505709
C13 999.976 25.551571815791746
C13 1025.028 10.861838605557722
C13 1050.014 3.828845151633212
C13 1075.002 0.9350652800861267
C13 1099.99 0.09277631806332642
C14 319.994 43.54003476792036
C14 324.969 49.18071189663218
C14 349.982 71.99822110946653
C14 374.975 75.37413099214123
C14 400.019 82.80491802324066
C14 424.965 84.86057917916096
C14 450.035 87.73041169113401
C14 475.003 89.636522024554
C14 500.018 91.94700666310753
C14 525.002 94.78587484095158
C14 550.029 95.96371952921727
C14 575.023 96.98362105031438
C14 599.982 97.76425340722226
C14 619.997 98.7032010805193
C14 624.979 98.38227933938117
C14 650.012 98.66565957853265
C14 675.004 98.890688338873
C14 700.03 98.58390067323501
C14 725.012 98.11339013518628
C14 750.022 98.2455258931397
C14 774.987 97.84207816361659
C14 799.976 97.4193622183257
C14 824.988 95.34507081673004
C14 850.022 93.16120045687758
C14 869.967 90.52844218818053
C14 875.002 89.2972282637303
C14 899.999 82.64877484311856
C14 919.999 73.30081933033037
C14 925.012 70.89078097782965
C14 949.965 57.605141144131395
C14 975.002 42.53041291968163
C14 999.976 25.53718521046336
C14 1025.028 10.920122679790635
C14 1050.014 3.8435825455764077
C14 1075.002 0.9359802938571115
C14 1099.99 0.09286710488907766
C15 319.994 43.71851829360056
C15 324.969 49.383483855117014
C15 349.982 72.269358398749
C15 374.975 75.57118780188138
C15 400.019 82.86822136515016
C15 424.965 84.86187030910993
C15 450.035 87.6952397923478
C15 475.003 89.57798067369154
C15 500.018 91.8697591177492
C15 525.002 94.69823749694513
C15 550.029 95.86557086844984
C15 575.023 96.88301924264391
C15 599.982 97.65513014188862
C15 619.997 98.58819937647685
C15 624.979 98.26834851370815
C15 650.012 98.54719460827415
C15 675.004 98.7728537438249
C15 700.03 98.47240020981887
C15 725.012 98.02591987858499
C15 750.022 98.19316677626817
C15 774.987 97.8259922034289
C15 799.976 97.4254836932602
C15 824.988 95.34671890613548
C15 850.022 93.22311393537144
C15 869.967 90.5946923443265
C15 875.002 89.34723296716548
C15 899.999 82.68377205961754
C15 919.999 73.38032255565835
C15 925.012 70.94955777003572
C15 949.965 57.65964201774179
C15 975.002 42.59180614875488
C15 999.976 25.53027576651589
C15 1025.028 10.933016890795658
C15 1050.014 3.8469216829389037
C15 1075.002 0.9354814703498239
C15 1099.99 0.09281761207894433
C16 319.994 43.88323229811916
C16 324.969 49.568225563608664
C16 349.982 72.5060149235121
C16 374.975 75.77030282465782
C16 400.019 83.00635707992522
C16 424.965 84.96485690974495
C16 450.035 87.78512522144187
C16 475.003 89.65937502465066
C16 500.018 91.94661172924079
C16 525.002 94.77100406189234
C16 550.029 95.93428176638089
C16 575.023 96.94661878495347
C16 599.982 97.717119569203
C16 619.997 98.64900400219102
C16 624.979 98.32818858940162
C16 650.012 98.60407267996706
C16 675.004 98.82777993083025
C16 700.03 98.53064536028126
C16 725.012 98.08495489678086
C16 750.022 98.25461696695682
C16 774.987 97.88748796340987
C16 799.976 97.48745033592843
C16 824.988 95.42234114673452
C16 850.022 93.36628505694748
C16 869.967 90.6897954573908
C16 875.002 89.43357158634092
C16 899.999 82.90721348960888
C16 919.999 73.64039410179002
C16 925.012 71.22775829962725
C16 949.965 57.69257342632243
C16 975.002 42.68392447317245
C16 999.976 25.59752275093128
C16 1025.028 10.991967415928698
C16 1050.014 3.882853781950565
C16 1075.002 0.9360669032432105
C16 1099.99 0.0928756981928
C17 319.994 44.010845303810164
C17 324.969 49.70956631860998
C17 349.982 72.69064650621398
C17 374.975 75.92267894328175
C17 400.019 83.08823750333572
C17 424.965 85.01762615024732
C17 450.035 87.81715283905824
C17 475.003 89.67981285225456
C17 500.018 91.9626749047823
C17 525.002 94.77842426165786
C17 550.029 95.94097285746935
C17 575.023 96.94943648619504
C17 599.982 97.71822082710065
C17 619.997 98.65089512782214
C17 624.979 98.32992781739169
C17 650.012 98.60171067164866
C17 675.004 98.82163567124958
C17 700.03 98.51033664567225
C17 725.012 98.02520595967204
C17 750.022 98.14042791529401
C17 774.987 97.71718792314148
C17 799.976 97.29994029292857
C17 824.988 95.26660049536123
C17 850.022 93.23717965693311
C17 869.967 90.51478659024973
C17 875.002 89.28038281533735
C17 899.999 83.00786846145373
C17 919.999 73.72454539493427
C17 925.012 71.3390992705203
C17 949.965 57.523139202608064
C17 975.002 42.70892682489004
C17 999.976 25.63640854704126
C17 1025.028 11.095780909347218
C17 1050.014 3.9280632667297013
C17 1075.002 0.9349790309602701
C17 1099.99 0.09276776050429439
