lsstCam/transmission_filter_detector/r21_s11/y_10/19700101T000000.ecsv
# %ECSV 1.0
# ---
# datatype:
# - {name: wavelength, unit: nm, datatype: float32}
# - {name: efficiency, unit: '%', datatype: float64}
# meta: !!omap
# - {MODE: DETECTOR}
# - {TYPE: transmission_filter_detector}
# - {CALIBDATE: '1970-01-01T00:00:00'}
# - {INSTRUME: LSSTCam}
# - {OBSTYPE: transmission_filter_detector}
# - {CALIBCLS: lsst.ip.isr.IntermediateFilterDetectorTransmissionCurve}
# - {SOURCE: Materion (DM-46256)}
# - {DETECTOR: 85}
# - {FILTER: y_10}
# - {CALIB_ID: 'calibDate=1970-01-01T00:00:00 filter=y_10 detector=85'}
# - {DATE: '2025-04-02T15:59:51.136105'}
# - {CALIB_CREATION_DATE: '2025-04-02'}
# - {CALIB_CREATION_TIME: '15:59:51'}
# - __serialized_columns__:
#     efficiency:
#       __class__: astropy.units.quantity.Quantity
#       unit: !astropy.units.Unit {unit: '%'}
#       value: !astropy.table.SerializedColumn {name: efficiency}
#     wavelength:
#       __class__: astropy.units.quantity.Quantity
#       unit: !astropy.units.Unit {unit: nm}
#       value: !astropy.table.SerializedColumn {name: wavelength}
# schema: astropy-2.0
wavelength efficiency
[from data line 578]
878.0 0.001251979574590223
879.0 0.0017129856132669374
880.0 0.0729314866475761
881.0 0.11302842758595943
882.0 0.06751064793206751
883.0 0.0987992505542934
884.0 0.06447291234508157
885.0 0.10512628359720111
886.0 0.08148665074259043
887.0 0.09846126195043325
888.0 0.05970348138362169
889.0 0.10331033263355494
890.0 0.07268543704412878
891.0 0.09361421107314527
892.0 0.06925049237906933
893.0 0.11233653640374541
894.0 0.0884196546394378
895.0 0.10201937984675169
896.0 0.09033841779455543
897.0 0.12090916279703379
898.0 0.08926455047912896
899.0 0.14086985029280186
900.0 0.11355491587892175
901.0 0.15927262138575315
902.0 0.18754650373011827
903.0 0.20572233479470015
904.0 0.23850947618484497
905.0 0.27821778785437346
906.0 0.35169171169400215
907.0 0.4478919319808483
908.0 0.622617918998003
909.0 0.8607858791947365
910.0 1.2308373115956783
911.0 1.7441872507333755
912.0 2.565787546336651
913.0 3.783070668578148
914.0 5.172938108444214
915.0 7.174681127071381
916.0 9.556054323911667
917.0 12.081581354141235
918.0 14.918394386768341
919.0 17.60210543870926
920.0 21.224337816238403
921.0 25.02925992012024
922.0 28.878912329673767
923.0 33.47828388214111
924.0 38.45185339450836
925.0 43.91708970069885
926.0 50.37541389465332
927.0 57.243216037750244
928.0 63.21198344230652
929.0 69.57379579544067
930.0 75.03729462623596
931.0 80.32927513122559
932.0 85.11589765548706
933.0 89.10961151123047
934.0 91.88137650489807
935.0 93.80794763565063
936.0 95.23113965988159
937.0 96.25702500343323
938.0 96.87990546226501
939.0 97.11511731147766
940.0 97.36144542694092
941.0 97.50586748123169
942.0 97.64726758003235
943.0 97.70222902297974
944.0 97.93272018432617
945.0 97.86297678947449
946.0 97.90114164352417
947.0 97.87846803665161
948.0 98.05372953414917
949.0 97.96913266181946
950.0 98.0891227722168
951.0 98.13469052314758
952.0 98.2125997543335
953.0 98.40334057807922
954.0 98.46656322479248
955.0 98.52355122566223
956.0 98.7270176410675
957.0 98.88444542884827
958.0 99.00848269462585
959.0 98.99306893348694
960.0 99.09660220146179
961.0 99.13610219955444
962.0 99.18938875198364
963.0 99.18510317802429
964.0 99.22233819961548
965.0 99.22263622283936
966.0 99.31309223175049
967.0 99.38967227935791
968.0 99.3539035320282
969.0 99.34449195861816
970.0 99.4067907333374
971.0 99.45350885391235
972.0 99.47144985198975
973.0 99.57227110862732
974.0 99.55437183380127
975.0 99.52816367149353
976.0 99.56216812133789
977.0 99.52728748321533
978.0 99.6113121509552
979.0 99.51512813568115
980.0 99.47675466537476
981.0 99.39828515052795
982.0 99.31719899177551
983.0 99.34941530227661
984.0 99.28820133209229
985.0 99.37141537666321
986.0 99.22115206718445
987.0 99.27111268043518
988.0 99.20884966850281
989.0 99.21286702156067
990.0 99.19084310531616
991.0 99.24739003181458
992.0 99.3015468120575
993.0 99.26446676254272
994.0 99.23215508460999
995.0 99.31243658065796
996.0 99.27935600280762
997.0 99.41452741622925
998.0 99.42967295646667
999.0 99.4451642036438
1000.0 99.48964715003967
1001.0 99.45900440216064
1002.0 99.54516887664795
1003.0 99.58242177963257
1004.0 99.62084889411926
1005.0 99.5424211025238
1006.0 99.64639544487
1007.0 99.6074914932251
1008.0 99.61457252502441
1009.0 99.50043559074402
1010.0 99.54756498336792
1011.0 99.53660368919373
1012.0 99.47837591171265
1013.0 99.47952628135681
1014.0 99.45645928382874
1015.0 99.43104982376099
1016.0 99.43358302116394
1017.0 99.48802590370178
1018.0 99.47473406791687
1019.0 99.43441152572632
1020.0 99.50386881828308
1021.0 99.68653917312622
1022.0 99.53744411468506
1023.0 99.55599904060364
1024.0 99.54233169555664
1025.0 99.59259033203125
1026.0 99.6383547782898
1027.0 99.72634315490723
1028.0 99.66516494750977
1029.0 99.78670477867126
1030.0 99.79081153869629
1031.0 99.69460964202881
1032.0 99.7279703617096
1033.0 99.6996521949768
1034.0 99.71786737442017
1035.0 99.78651404380798
1036.0 99.67371821403503
1037.0 99.68762993812561
1038.0 99.66160655021667
1039.0 99.56684112548828
1040.0 99.49891567230225
1041.0 99.61036443710327
1042.0 99.55886006355286
1043.0 99.45822954177856
1044.0 99.54378008842468
1045.0 99.27571415901184
1046.0 99.4693398475647
1047.0 99.41717386245728
1048.0 99.40589666366577
1049.0 99.4105339050293
1050.0 99.43971037864685
1051.0 99.40409660339355
1052.0 99.45745468139648
1053.0 99.23534989356995
1054.0 99.44608807563782
1055.0 99.55564737319946
1056.0 99.41245913505554
1057.0 99.57447052001953
1058.0 99.37103390693665
1059.0 99.34651851654053
1060.0 99.47119951248169
1061.0 99.34950470924377
1062.0 99.45422410964966
1063.0 99.32636022567749
1064.0 99.5465338230133
1065.0 99.37750697135925
1066.0 99.31281805038452
1067.0 99.58335161209106
1068.0 99.44596886634827
1069.0 99.0477442741394
1070.0 99.55138564109802
1071.0 99.36525225639343
1072.0 99.49055314064026
1073.0 99.55781102180481
1074.0 99.13066029548645
1075.0 99.14106726646423
1076.0 99.05288815498352
1077.0 99.41887855529785
1078.0 99.55195188522339
1079.0 99.11172986030579
1080.0 99.84599947929382
1081.0 99.10635948181152
1082.0 99.2152988910675
1083.0 99.02057647705078
1084.0 99.466073513031
1085.0 99.1387665271759
1086.0 99.25239086151123
1087.0 99.20417666435242
1088.0 98.92343282699585
1089.0 99.08495545387268
1090.0 99.06312823295593
1091.0 99.11133050918579
1092.0 99.026620388031
1093.0 98.78289103507996
1094.0 98.76953959465027
1095.0 98.87672066688538
1096.0 99.02901649475098
1097.0 98.33892583847046
1098.0 98.12809824943542
1099.0 98.90215992927551
1100.0 98.5051691532135
