lsstCam/transmission_filter_detector/r21_s11/y_10/19700101T000000.ecsv
# %ECSV 1.0
# ---
# datatype:
# - {name: wavelength, unit: nm, datatype: float32}
# - {name: efficiency, unit: '%', datatype: float64}
# meta: !!omap
# - {MODE: DETECTOR}
# - {TYPE: transmission_filter_detector}
# - {CALIBDATE: '1970-01-01T00:00:00'}
# - {INSTRUME: LSSTCam}
# - {OBSTYPE: transmission_filter_detector}
# - {CALIBCLS: lsst.ip.isr.IntermediateFilterDetectorTransmissionCurve}
# - {SOURCE: Materion (DM-46256)}
# - {DETECTOR: 85}
# - {FILTER: y_10}
# - {CALIB_ID: 'calibDate=1970-01-01T00:00:00 filter=y_10 detector=85'}
# - {DATE: '2025-04-02T15:59:51.136105'}
# - {CALIB_CREATION_DATE: '2025-04-02'}
# - {CALIB_CREATION_TIME: '15:59:51'}
# - __serialized_columns__:
#     efficiency:
#       __class__: astropy.units.quantity.Quantity
#       unit: !astropy.units.Unit {unit: '%'}
#       value: !astropy.table.SerializedColumn {name: efficiency}
#     wavelength:
#       __class__: astropy.units.quantity.Quantity
#       unit: !astropy.units.Unit {unit: nm}
#       value: !astropy.table.SerializedColumn {name: wavelength}
# schema: astropy-2.0
wavelength efficiency
300.0 0.2504177391529083
301.0 0.13474072329699993
302.0 0.01906369288917631
303.0 0.02115765673806891
304.0 0.02325162204215303
305.0 0.01596034417161718
306.0 0.008669062663102522
307.0 0.013127282727509737
308.0 0.017585500609129667
309.0 0.013652264897245914
310.0 0.009719029912957922
311.0 0.008359294588444754
312.0 0.006999558536335826
313.0 0.004777325375471264
314.0 0.002555092578404583
315.0 0.002702795791265089
316.0 0.0028505002774181776
317.0 0.002805381882353686
318.0 0.0027602611226029694
319.0 0.0027954578399658203
320.0 0.002830654375429731
321.0 0.003288986408733763
322.0 0.003747318623936735
323.0 0.003995054794359021
324.0 0.004242790964781307
325.0 0.002203216718044132
326.0 0.0001636425963624788
327.0 0.000810644996818155
328.0 0.0014576473404304124
329.0 0.002487183337507304
330.0 0.003516719152685255
331.0 0.0027551277526072226
332.0 0.001993536534428131
333.0 0.002521037094993517
334.0 0.0030485374736599624
335.0 0.0030578514270018786
336.0 0.0030671646527480334
337.0 0.0027116449928143993
338.0 0.0023561249690828845
339.0 0.0013006328117626254
340.0 0.00024514072265446885
341.0 0.0001397925530000066
342.0 3.444419860443304e-05
343.0 0.0006812476840423187
344.0 0.0013280512575875036
345.0 0.001439225070498651
346.0 0.0015503990653087385
347.0 0.0015269564755726606
348.0 0.001503513612988172
349.0 0.0013940498320152983
350.0 0.0012845858691434842
351.0 0.001798651646822691
352.0 0.002312717515451368
353.0 0.0018813285350915976
354.0 0.0014499396456812974
355.0 0.0015564071873086505
356.0 0.0016628748198854737
357.0 0.0014803783415118232
358.0 0.001297881954087643
359.0 0.0012215312381158583
360.0 0.0011451806130935438
361.0 0.0011946517588512506
362.0 0.0012441227227100171
363.0 0.0010910381206485908
364.0 0.0009379533366882242
365.0 0.0012692467862507328
366.0 0.0016005404177121818
367.0 0.001795498792489525
368.0 0.0019904568034689873
369.0 0.0017297903468715958
370.0 0.0014691240721731447
371.0 0.0014525511687679682
372.0 0.0014359779925143812
373.0 0.0019229304598411545
374.0 0.002409883018117398
375.0 0.003381687929504551
376.0 0.004353492477093823
377.0 0.00426703663833905
378.0 0.004180580799584277
379.0 0.0035381803172640502
380.0 0.002895779471145943
381.0 0.0020992913050577044
382.0 0.0013028028661210556
383.0 0.0011749842087738216
384.0 0.001047165278578177
385.0 0.000855930193210952
386.0 0.000664695153318462
387.0 0.0007427132004522718
388.0 0.0008207312930608168
389.0 0.0006877363830426475
390.0 0.000554741382075008
391.0 0.000502474358654581
392.0 0.00045020728975941893
393.0 0.0006479590410890523
394.0 0.0008457108378934208
395.0 0.0007331546385103138
396.0 0.0006205984846019419
397.0 0.000817325144453207
398.0 0.0010140518497792073
399.0 0.001204133059218293
400.0 0.001394214359606849
401.0 0.001511021673650248
402.0 0.0016278292605420575
403.0 0.0017002415916067548
404.0 0.0017726539226714522
405.0 0.0018108703443431295
406.0 0.0018490871298126876
407.0 0.0015807838281034492
408.0 0.0013124805263942108
409.0 0.0010539278264332097
410.0 0.0007953746717248578
411.0 0.0007919326890259981
412.0 0.0007884906153776683
413.0 0.0005509420134330867
414.0 0.0003133933205390349
415.0 0.0007151198587962426
416.0 0.0011168464880029205
417.0 0.0003585627155189286
418.0 1.583631554884224e-10
419.0 1.583631554884224e-10
420.0 1.583631554884224e-10
421.0 1.583631554884224e-10
422.0 0.0001569054461469932
423.0 0.0005503667580342153
424.0 0.0009438279448659159
425.0 0.0003151501005049795
426.0 1.583631554884224e-10
427.0 4.264207689175237e-05
428.0 0.00039881174416223075
429.0 1.583631554884224e-10
430.0 1.583631554884224e-10
431.0 0.0001589315502315003
432.0 0.0009629987289372366
433.0 0.00039912251850182656
434.0 1.583631554884224e-10
435.0 1.583631554884224e-10
436.0 1.583631554884224e-10
437.0 4.532434445536637e-05
438.0 0.00021013222522014985
439.0 1.583631554884224e-10
440.0 1.583631554884224e-10
441.0 1.583631554884224e-10
442.0 1.583631554884224e-10
443.0 1.583631554884224e-10
444.0 1.583631554884224e-10
445.0 0.00029726047614531126
446.0 0.0006092319381423295
447.0 0.000636158029010403
448.0 0.0006630841653532116
449.0 0.00033955830076592974
450.0 1.6032539917887334e-05
451.0 7.799846457601234e-05
452.0 0.0001399645611854794
453.0 0.00017835504877439234
454.0 0.00021674547951988643
455.0 0.00014369047676154878
456.0 7.063536031637341e-05
457.0 1.583631554884224e-10
458.0 1.583631554884224e-10
459.0 1.583631554884224e-10
460.0 1.583631554884224e-10
461.0 0.00024314977054018527
462.0 0.0006140860023151617
463.0 0.0005668955964210909
464.0 0.0005197052814764902
465.0 0.00044404346226656344
466.0 0.0003683816657940042
467.0 0.000982143683359027
468.0 0.001595905632711947
469.0 0.00175596524059074
470.0 0.001916024848469533
471.0 0.0021609368559438735
472.0 0.0024058484996203333
473.0 0.002581868648121599
474.0 0.0027578886147239245
475.0 0.002859712731151376
476.0 0.0029615364837809466
477.0 0.0029752496629953384
478.0 0.0029889630241086707
479.0 0.003488332004053518
480.0 0.003987700620200485
481.0 0.004242631257511675
482.0 0.004497561894822866
483.0 0.004208110112813301
484.0 0.003918658694601618
485.0 0.0037513196730287746
486.0 0.0035839806514559314
487.0 0.003332868800498545
488.0 0.003081756949541159
489.0 0.002698000935197342
490.0 0.0023142449208535254
491.0 0.0020614003005903214
492.0 0.001808555498428177
493.0 0.0015373989299405366
494.0 0.0012662420886044856
495.0 0.0015554616766166873
496.0 0.0018446808098815382
497.0 0.0020318813767516986
498.0 0.002219081943621859
499.0 0.002358194615226239
500.0 0.002497306741133798
501.0 0.0027923275411012582
502.0 0.003087348522967659
503.0 0.0030205708753783256
504.0 0.0029537934096879326
505.0 0.0030493891244987026
506.0 0.003144985021208413
507.0 0.0025144527171505615
508.0 0.00188392041309271
509.0 0.0018717031707637943
510.0 0.0018594855646369979
511.0 0.0018637418179423548
512.0 0.0018679980712477118
513.0 0.0018678212654776871
514.0 0.0018676446416066028
515.0 0.0016888227037270553
516.0 0.0015100007658475079
517.0 0.0013336783013073727
518.0 0.0011573557458177675
519.0 0.0012431813956936821
520.0 0.0013290068636706565
521.0 0.0016538173440494575
522.0 0.001978627551579848
523.0 0.0021051500880275853
524.0 0.0022316726244753227
525.0 0.002254481296404265
526.0 0.0022772903321310878
527.0 0.00233361788559705
528.0 0.002389945620961953
529.0 0.002394257353444118
530.0 0.0023985692678252235
531.0 0.0022263979190029204
532.0 0.0020542265701806173
533.0 0.0021380641555879265
534.0 0.0022219015590962954
535.0 0.0019419938325881958
536.0 0.0016620857422822155
537.0 0.002218462759628892
538.0 0.0027748394131776877
539.0 0.003247343920520507
540.0 0.0037198486097622663
541.0 0.003793157884501852
542.0 0.003866466795443557
543.0 0.0043818425183417276
544.0 0.0048972175136441365
545.0 0.005063348726253025
546.0 0.005229479938861914
547.0 0.004357706347946078
548.0 0.003485932757030241
549.0 0.0028104230295866728
550.0 0.002134913120244164
551.0 0.002319618761248421
552.0 0.0025043242203537375
553.0 0.0030411272746277973
554.0 0.0035779299651039764
555.0 0.00391533576475922
556.0 0.004252741564414464
557.0 0.0039763843233231455
558.0 0.0037000267184339464
559.0 0.0035947417927673087
560.0 0.0034894565033027902
561.0 0.0035893244785256684
562.0 0.0036891924537485465
563.0 0.0035151446354575455
564.0 0.0033410968171665445
565.0 0.003851780274999328
566.0 0.004362463732832111
567.0 0.004479961717152037
568.0 0.004597459337674081
569.0 0.005193767719902098
570.0 0.005790076102130115
571.0 0.006009268690831959
572.0 0.0062284612795338035
573.0 0.006311970355454832
574.0 0.006395479431375861
575.0 0.006289333396125585
576.0 0.006183186633279547
577.0 0.005717403837479651
578.0 0.005251620677881874
579.0 0.005819323268951848
580.0 0.006387026223819703
581.0 0.007273513620020822
582.0 0.00816000101622194
583.0 0.009008072811411694
584.0 0.009856144606601447
585.0 0.010340110020479187
586.0 0.01082407688954845
587.0 0.010607836884446442
588.0 0.01039159469655715
589.0 0.010258721158606932
590.0 0.010125849075848237
591.0 0.009338073141407222
592.0 0.008550297206966206
593.0 0.007255761738633737
594.0 0.00596122772549279
595.0 0.005783036976936273
596.0 0.005604846592177637
597.0 0.006053439210518263
598.0 0.006502031465061009
599.0 0.007628258754266426
600.0 0.008754483860684559
601.0 0.009580813639331609
602.0 0.010407141235191375
603.0 0.010801594908116385
604.0 0.01119605076382868
605.0 0.010992052557412535
606.0 0.010788055078592151
607.0 0.009302775288233534
608.0 0.007817496225470677
609.0 0.00621415747446008
610.0 0.004610819814843126
611.0 0.003851326255244203
612.0 0.00309183269564528
613.0 0.00359910300176125
614.0 0.00410637330787722
615.0 0.004906901449430734
616.0 0.005707429227186367
617.0 0.007461351924575865
618.0 0.00921527316677384
619.0 0.010173099872190505
620.0 0.011130925850011408
621.0 0.01168991148006171
622.0 0.012248900020495057
623.0 0.011886248830705881
624.0 0.011523598368512467
625.0 0.009974435670301318
626.0 0.008425270789302886
627.0 0.006837520049884915
628.0 0.0052497689466690645
629.0 0.004332613752922043
630.0 0.0034154589229729027
631.0 0.0029335513318073936
632.0 0.002451643558742944
633.0 0.0026241787054459564
634.0 0.0027967138521489687
635.0 0.003027048660442233
636.0 0.003257383286836557
637.0 0.0038638692785752937
638.0 0.004470355634111911
639.0 0.004530819205683656
640.0 0.004591282777255401
641.0 0.005037576192989945
642.0 0.005483869244926609
643.0 0.005293099457048811
644.0 0.0051023289415752515
645.0 0.00483476287627127
646.0 0.004567196447169408
647.0 0.003498873775242828
648.0 0.002430551285215188
649.0 0.0019971734218415804
650.0 0.0015637959222658537
651.0 0.001540521225251723
652.0 0.0015172466191870626
653.0 0.0015242858353303745
654.0 0.001531324778625276
655.0 0.0015483561583096161
656.0 0.001565387356095016
657.0 0.0015404471923829988
658.0 0.001515507301519392
659.0 0.0017025575289153494
660.0 0.0018896076653618366
661.0 0.001764327498676721
662.0 0.0016390473319916055
663.0 0.0021298988940543495
664.0 0.0026207508199149743
665.0 0.00324208231177181
666.0 0.003863413803628646
667.0 0.004589202944771387
668.0 0.005314991722116247
669.0 0.006068752918508835
670.0 0.006822511204518378
671.0 0.00723635675967671
672.0 0.007650202314835042
673.0 0.007869627006584778
674.0 0.008089053153526038
675.0 0.0075949377787765115
676.0 0.007100822404026985
677.0 0.0056583281548228115
678.0 0.004215832086629234
679.0 0.002741243406489957
680.0 0.0012666545444517396
681.0 0.0006965457941987552
682.0 0.00012643707805182203
683.0 0.0003957855369662866
684.0 0.0006651340754615376
685.0 0.00042186475184280425
686.0 0.0001785954395927547
687.0 0.00021960950107313693
688.0 0.00026062359665957047
689.0 0.00019448975763225462
690.0 0.00012835592997362255
691.0 0.0002706956138354144
692.0 0.0004130353318032576
693.0 0.0002746738573478069
694.0 0.0001363124056297238
695.0 0.00033019618967955466
696.0 0.0005240799964667531
697.0 0.00046233808461693116
698.0 0.00040059617276710924
699.0 0.00031968593248166144
700.0 0.00023877555577200837
701.0 0.00018161316575060482
702.0 0.00012445082120393636
703.0 0.00018091527635988314
704.0 0.00023737979972793255
705.0 0.00031646816296415636
706.0 0.00039555643525091
707.0 0.00023037243863655021
708.0 6.518836812574591e-05
709.0 0.00015822773775653332
710.0 0.00025126705622824375
711.0 0.00040350114431930706
712.0 0.0005557352324103704
713.0 0.0003252451733715134
714.0 9.475508591094695e-05
715.0 0.0002479395107002347
716.0 0.00040112399801728316
717.0 0.00025373992684762925
718.0 0.00010635598073349684
719.0 0.00035180476061213994
720.0 0.0005972535291220993
721.0 0.0006358003702189308
722.0 0.0006743472113157623
723.0 0.0005824048002978088
724.0 0.0004904624802293256
725.0 0.00019379747300263261
726.0 1.583631554884224e-10
727.0 8.035599421418738e-05
728.0 0.00026357947717770003
729.0 0.0002293097168148961
730.0 0.0001950401383510325
731.0 0.0004424599410413066
732.0 0.0006898800165799912
733.0 0.000426742144554737
734.0 0.00016360452264052583
735.0 0.00013462126844387967
736.0 0.00010563823025222518
737.0 0.0002479348495398881
738.0 0.00039023161662044004
739.0 0.00036858857583865756
740.0 0.00034694526220846456
741.0 0.0003732723371285829
742.0 0.0003995994120487012
743.0 0.00016069092225734494
744.0 1.583631554884224e-10
745.0 0.00020965662770322524
746.0 0.0004975309821020346
747.0 0.00034896434044640046
748.0 0.0002003977442655014
749.0 1.583631554884224e-10
750.0 1.583631554884224e-10
751.0 0.00017162687981908675
752.0 0.0006337548256851733
753.0 0.0007980229383974802
754.0 0.0009622909601603169
755.0 0.000287845432467293
756.0 1.583631554884224e-10
757.0 1.583631554884224e-10
758.0 7.270102173606574e-05
759.0 0.0003707876203407068
760.0 0.0006688744178973138
761.0 0.0005241413873591227
762.0 0.00037940831134619657
763.0 0.00032192217531701317
764.0 0.0002644359483383596
765.0 0.0003639120677689789
766.0 0.000463388096250128
767.0 0.00013215828857937595
768.0 1.583631554884224e-10
769.0 1.583631554884224e-10
770.0 0.00019459826035017613
771.0 0.00015195180367300054
772.0 0.0001093053242584574
773.0 0.0004061957952217199
774.0 0.0007030861524981447
775.0 0.0004888690455118194
776.0 0.0002746518021012889
777.0 0.0003137304020128795
778.0 0.0003528090701365727
779.0 0.0005744479949498782
780.0 0.0007960869879752863
781.0 0.0006399444828275591
782.0 0.0004838019776798319
783.0 0.0005288147804094478
784.0 0.0005738276286137989
785.0 0.0004985321538697463
786.0 0.00042323654270148836
787.0 0.0004913400061923312
788.0 0.0005594433787337039
789.0 0.0005089410478831269
790.0 0.0004584386715578148
791.0 0.0006139526249171467
792.0 0.0007694665328017436
793.0 0.0006500687049992848
794.0 0.0005306707862473559
795.0 0.0005141066139913164
796.0 0.0004975423962605419
797.0 0.0005027200131735299
798.0 0.0005078976300865179
799.0 0.00046225882215367164
800.0 0.00041661987779662013
801.0 0.000364835773325467
802.0 0.00031305169159168145
803.0 0.0005433184469438856
804.0 0.0007735852705081925
805.0 0.000797543725639116
806.0 0.000821501907921629
807.0 0.0006718440090480726
808.0 0.000522186019225046
809.0 0.0004215741228108527
810.0 0.00032096215818455676
811.0 0.0007098207333910977
812.0 0.001098679149436066
813.0 0.0010422209015814587
814.0 0.000985762926575262
815.0 0.0008641065505798906
816.0 0.0007424499017361086
817.0 0.0008717058335605543
818.0 0.0010009618563344702
819.0 0.0010069446034322027
820.0 0.0010129271686309949
821.0 0.0007169250238803215
822.0 0.00042092278818017803
823.0 0.00036458077374845743
824.0 0.0003082389412156772
825.0 0.0004884164809482172
826.0 0.0006685939297312871
827.0 0.0009602172212908044
828.0 0.0012518406947492622
829.0 0.0007594951057399157
830.0 0.00026714958494267194
831.0 0.00028912947982462356
832.0 0.0003111094429186778
833.0 0.0006270331596169854
834.0 0.0009429568308405578
835.0 0.0003605028041420155
836.0 1.583631554884224e-10
837.0 5.7157296851073625e-05
838.0 0.00033626588447077665
839.0 0.0004889162482868414
840.0 0.0006415666575776413
841.0 0.0008308844371640589
842.0 0.0010202021258010063
843.0 0.0008926906957640313
844.0 0.000765179174777586
845.0 0.0007910776730568614
846.0 0.0008169762622856069
847.0 0.0009357581802760251
848.0 0.001054540007316973
849.0 0.0006943354946997715
850.0 0.0003341308001836296
851.0 0.0007791929419909138
852.0 0.0012242549928487279
853.0 0.0007320778422581498
854.0 0.00023990085082914447
855.0 0.00011289275789749809
856.0 1.583631554884224e-10
857.0 0.0005283918653731234
858.0 0.0010708989975682925
859.0 0.0009128706551564392
860.0 0.0007548422217951156
861.0 0.0012002622497675475
862.0 0.0016456822777399793
863.0 0.0017200967704411596
864.0 0.0017945110812433995
865.0 0.002044329266936984
866.0 0.002294147270731628
867.0 0.002636714452819433
868.0 0.002979281634907238
869.0 0.002909586692112498
870.0 0.002839891749317758
871.0 0.00316380501317326
872.0 0.003487717913230881
873.0 0.0028443915653042495
874.0 0.0022010653992765583
875.0 0.0022485724912257865
876.0 0.002296079765073955
