lsstCam/transmission_filter_detector/r14_s01/g_6/19700101T000000.ecsv
# %ECSV 1.0
# ---
# datatype:
# - {name: wavelength, unit: nm, datatype: float32}
# - {name: efficiency, unit: '%', datatype: float64}
# meta: !!omap
# - {MODE: DETECTOR}
# - {TYPE: transmission_filter_detector}
# - {CALIBDATE: '1970-01-01T00:00:00'}
# - {INSTRUME: LSSTCam}
# - {OBSTYPE: transmission_filter_detector}
# - {CALIBCLS: lsst.ip.isr.IntermediateFilterDetectorTransmissionCurve}
# - {SOURCE: Materion (DM-46256)}
# - {DETECTOR: 64}
# - {FILTER: g_6}
# - {CALIB_ID: 'calibDate=1970-01-01T00:00:00 filter=g_6 detector=64'}
# - {DATE: '2025-04-02T15:59:42.323543'}
# - {CALIB_CREATION_DATE: '2025-04-02'}
# - {CALIB_CREATION_TIME: '15:59:42'}
# - __serialized_columns__:
#     efficiency:
#       __class__: astropy.units.quantity.Quantity
#       unit: !astropy.units.Unit {unit: '%'}
#       value: !astropy.table.SerializedColumn {name: efficiency}
#     wavelength:
#       __class__: astropy.units.quantity.Quantity
#       unit: !astropy.units.Unit {unit: nm}
#       value: !astropy.table.SerializedColumn {name: wavelength}
# schema: astropy-2.0
wavelength efficiency
[from data line 607]
907.0 0.0005612610493699322
908.0 0.00048409133341920096
909.0 0.00040692170841793995
910.0 0.00036744331737281755
911.0 0.00032796499453979777
912.0 0.0004148832431383198
913.0 0.0005018015599489445
914.0 0.0003733222683877102
915.0 0.00024484304503857857
916.0 0.00019035564946534578
917.0 0.00013586823115474544
918.0 0.00019367189452168532
919.0 0.00025147553515125765
920.0 0.0003591056156437844
921.0 0.0004667356733989436
922.0 0.000574249861529097
923.0 0.0006817640041845152
924.0 0.0005611746018985286
925.0 0.0004405851086630719
926.0 0.0005087865247332957
927.0 0.0005769880772277247
928.0 0.0005069509825261775
929.0 0.00043691393329936545
930.0 0.0005017812327423599
931.0 0.0005666485776600894
932.0 0.0004816776709049009
933.0 0.0003967068096244475
934.0 0.000406348726755823
935.0 0.0004159906893619336
936.0 0.00045182741814642213
937.0 0.00048766414693091065
938.0 0.0006256280812522164
939.0 0.0007635920155735221
940.0 0.0006835272870375775
941.0 0.0006034624675521627
942.0 0.000719760555512039
943.0 0.0008360586434719153
944.0 0.0006920214218553156
945.0 0.0005479841547639808
946.0 0.0005165775291970931
947.0 0.00048517085815547034
948.0 0.0007933587767183781
949.0 0.001101546786230756
950.0 0.0009945290003088303
951.0 0.0008875113053363748
952.0 0.0009376593880006112
953.0 0.0009878073797153775
954.0 0.0009064307050721254
955.0 0.0008250542123278137
956.0 0.0007040111995593179
957.0 0.0005829679594171466
958.0 0.0006842835318821017
959.0 0.0007855991498217918
960.0 0.0006286667485255748
961.0 0.00047173425627988763
962.0 0.0005371327006287174
963.0 0.000602531054028077
964.0 0.0007068320428516017
965.0 0.000811132849776186
966.0 0.0008192675522877835
967.0 0.0008274021638499107
968.0 0.0007817060577508528
969.0 0.000736010042601265
970.0 0.0007166167961258907
971.0 0.0006972235951252514
972.0 0.0007747791642032098
973.0 0.0008523347787559032
974.0 0.0007809569979144726
975.0 0.0007095794899214525
976.0 0.0007631744665559381
977.0 0.0008167697160388343
978.0 0.0009345981197839137
979.0 0.001052426432579523
980.0 0.0010516454494791105
981.0 0.001050864375429228
982.0 0.000963786351348972
983.0 0.0008767082363192458
984.0 0.0009185504495690111
985.0 0.0009603927537682466
986.0 0.0011665968486340716
987.0 0.0013728009434998967
988.0 0.0014627895325247664
989.0 0.0015527777577517554
990.0 0.0016475716620334424
991.0 0.0017423657482140698
992.0 0.0017026753994286992
993.0 0.0016629850506433286
994.0 0.0016037172827054746
995.0 0.0015444495147676207
996.0 0.0013865992514183745
997.0 0.0012287489880691282
998.0 0.0013830887837684713
999.0 0.0015374285794678144
1000.0 0.0014400354302779306
1001.0 0.0013426420082396362
1002.0 0.0012344968126853928
1003.0 0.0011263516171311494
1004.0 0.001105647152144229
1005.0 0.0010849424143088982
1006.0 0.0013070954082650132
1007.0 0.0015292484022211283
1008.0 0.0015831519704079255
1009.0 0.0016370562661904842
1010.0 0.0017196693079313263
1011.0 0.0018022827134700492
1012.0 0.001902778967632912
1013.0 0.0020032754036947154
1014.0 0.0020579782358254306
1015.0 0.002112681613652967
1016.0 0.002423892874503508
1017.0 0.00273510449915193
1018.0 0.0029962822736706585
1019.0 0.0032574600481893867
1020.0 0.0032425417884951457
1021.0 0.0032276235288009048
1022.0 0.0035497268981998786
1023.0 0.003871830995194614
1024.0 0.00396260766137857
1025.0 0.004053384327562526
1026.0 0.004176803849986754
1027.0 0.004300223372410983
1028.0 0.004316672129789367
1029.0 0.004333120887167752
1030.0 0.004522761446423829
1031.0 0.004712401641882025
1032.0 0.005097287430544384
1033.0 0.005482172855408862
1034.0 0.00528526034031529
1035.0 0.005088347825221717
1036.0 0.005245488864602521
1037.0 0.005402629540185444
1038.0 0.005663886622642167
1039.0 0.00592514370509889
1040.0 0.006304058479145169
1041.0 0.006682972889393568
1042.0 0.006854285311419517
1043.0 0.007025597005849704
1044.0 0.0072574184741824865
1045.0 0.007489238487323746
1046.0 0.008364471432287246
1047.0 0.009239702922059223
1048.0 0.010650535114109516
1049.0 0.012061365123372525
1050.0 0.014382500376086682
1051.0 0.01670363126322627
1052.0 0.020049948943778872
1053.0 0.023396270989906043
1054.0 0.02796027692966163
1055.0 0.03252428432460874
1056.0 0.03907545760739595
1057.0 0.04562662506941706
1058.0 0.053177872905507684
1059.0 0.06072911201044917
1060.0 0.06804669392295182
1061.0 0.0753642525523901
1062.0 0.08244703058153391
1063.0 0.08952977368608117
1064.0 0.09478615247644484
1065.0 0.10004250798374414
1066.0 0.10495189344510436
1067.0 0.1098612672649324
1068.0 0.11611843947321177
1069.0 0.1223756349645555
1070.0 0.13222326524555683
1071.0 0.14207089552655816
1072.0 0.15535064740106463
1073.0 0.16863035270944238
1074.0 0.18346583237871528
1075.0 0.19830134697258472
1076.0 0.21234038285911083
1077.0 0.22637939546257257
1078.0 0.24040909484028816
1079.0 0.254438747651875
1080.0 0.2707277424633503
1081.0 0.2870167139917612
1082.0 0.311959651298821
1083.0 0.33690263517200947
1084.0 0.3724735463038087
1085.0 0.40804450400173664
1086.0 0.44222529977560043
1087.0 0.4764060955494642
1088.0 0.5392816383391619
1089.0 0.6021571345627308
1090.0 0.6780015304684639
1091.0 0.7538458332419395
1092.0 0.7828047499060631
1093.0 0.8117633871734142
1094.0 0.8476789109408855
1095.0 0.8835941553115845
1096.0 0.9272166527807713
1097.0 0.970839336514473
1098.0 0.9909804910421371
1099.0 1.0111218318343163
1100.0 1.167476549744606
1101.0 1.323830895125866
