lsstCam/transmission_filter_detector/r14_s01/g_6/19700101T000000.ecsv
# %ECSV 1.0
# ---
# datatype:
# - {name: wavelength, unit: nm, datatype: float32}
# - {name: efficiency, unit: '%', datatype: float64}
# meta: !!omap
# - {MODE: DETECTOR}
# - {TYPE: transmission_filter_detector}
# - {CALIBDATE: '1970-01-01T00:00:00'}
# - {INSTRUME: LSSTCam}
# - {OBSTYPE: transmission_filter_detector}
# - {CALIBCLS: lsst.ip.isr.IntermediateFilterDetectorTransmissionCurve}
# - {SOURCE: Materion (DM-46256)}
# - {DETECTOR: 64}
# - {FILTER: g_6}
# - {CALIB_ID: 'calibDate=1970-01-01T00:00:00 filter=g_6 detector=64'}
# - {DATE: '2025-04-02T15:59:42.323543'}
# - {CALIB_CREATION_DATE: '2025-04-02'}
# - {CALIB_CREATION_TIME: '15:59:42'}
# - __serialized_columns__:
#     efficiency:
#       __class__: astropy.units.quantity.Quantity
#       unit: !astropy.units.Unit {unit: '%'}
#       value: !astropy.table.SerializedColumn {name: efficiency}
#     wavelength:
#       __class__: astropy.units.quantity.Quantity
#       unit: !astropy.units.Unit {unit: nm}
#       value: !astropy.table.SerializedColumn {name: wavelength}
# schema: astropy-2.0
wavelength efficiency
300.0 0.5160161294043064
301.0 0.37981681525707245
302.0 0.24361745454370975
303.0 0.2174160210415721
304.0 0.19121456425637007
305.0 0.1996509963646531
306.0 0.2080874051898718
307.0 0.2178858034312725
308.0 0.22768420167267323
309.0 0.22162040695548058
310.0 0.2155566355213523
311.0 0.21084928885102272
312.0 0.20614194218069315
313.0 0.20176137331873178
314.0 0.19738080445677042
315.0 0.18841174896806479
316.0 0.17944274004548788
317.0 0.1791520742699504
318.0 0.17886145506054163
319.0 0.16183721600100398
320.0 0.14481295365840197
321.0 0.13955902541056275
322.0 0.13430510880425572
323.0 0.11410453589633107
324.0 0.09390401537530124
325.0 0.08621293818578124
326.0 0.07852187263779342
327.0 0.07173212361522019
328.0 0.06494237459264696
329.0 0.061319745145738125
330.0 0.0576971098780632
331.0 0.0543111062142998
332.0 0.050925102550536394
333.0 0.04779109440278262
334.0 0.044657086255028844
335.0 0.04309191717766225
336.0 0.04152674810029566
337.0 0.04236810782458633
338.0 0.043209464638493955
339.0 0.04150513850618154
340.0 0.03980081237386912
341.0 0.03787066671065986
342.0 0.0359405210474506
343.0 0.032213839585892856
344.0 0.028487161034718156
345.0 0.02549115743022412
346.0 0.022495149460155517
347.0 0.021199554612394422
348.0 0.019903956854250282
349.0 0.018227359396405518
350.0 0.6103392224758863
351.0 0.6483641918748617
352.0 0.6653123069554567
353.0 0.874039251357317
354.0 0.5708400160074234
355.0 0.6919174920767546
356.0 0.62065115198493
357.0 0.6009269505739212
358.0 0.7267582695931196
359.0 0.7784595713019371
360.0 0.40443376637995243
361.0 0.807503517717123
362.0 0.5390993319451809
363.0 0.6284563802182674
364.0 0.46796463429927826
365.0 0.7440774701535702
366.0 0.45545632019639015
367.0 0.7272646296769381
368.0 0.42126718908548355
369.0 0.5459181033074856
370.0 0.320830917917192
371.0 0.5951350554823875
372.0 0.4254263825714588
373.0 0.5957669112831354
374.0 0.3924894146621227
375.0 0.4175474401563406
376.0 0.3735331818461418
377.0 0.4796245601028204
378.0 0.36276483442634344
379.0 0.4924955777823925
380.0 0.42849332094192505
381.0 0.5747782066464424
382.0 0.5601156502962112
383.0 0.5485662259161472
384.0 0.5051319487392902
385.0 0.6023670081049204
386.0 0.6086738780140877
387.0 0.7996486499905586
388.0 0.9929248131811619
389.0 1.4518377371132374
390.0 2.1771088242530823
391.0 3.4362170845270157
392.0 5.329286307096481
393.0 8.420636504888535
394.0 12.520089745521545
395.0 17.867372930049896
396.0 24.40117597579956
397.0 32.320743799209595
398.0 41.369736194610596
399.0 50.926464796066284
400.0 60.28152108192444
401.0 68.83680820465088
402.0 76.39065384864807
403.0 82.32693672180176
404.0 86.61238551139832
405.0 89.67880010604858
406.0 91.25421047210693
407.0 92.51698851585388
408.0 93.256014585495
409.0 93.50714087486267
410.0 93.53894591331482
411.0 93.40612888336182
412.0 92.98485517501831
413.0 92.8201675415039
414.0 92.70985126495361
415.0 93.0262565612793
416.0 93.44609379768372
417.0 93.83549690246582
418.0 94.32123303413391
419.0 94.87335085868835
420.0 95.33469080924988
421.0 95.85008025169373
422.0 95.86759209632874
423.0 96.07718586921692
424.0 95.8344578742981
425.0 95.72330117225647
426.0 95.68159580230713
427.0 95.66961526870728
428.0 95.4921305179596
429.0 95.34453749656677
430.0 95.35494446754456
431.0 95.42694091796875
432.0 95.43458223342896
433.0 95.58523893356323
434.0 95.57090997695923
435.0 95.75921297073364
436.0 95.7632064819336
437.0 95.74964046478271
438.0 95.82908749580383
439.0 95.93801498413086
440.0 95.95094919204712
441.0 96.06967568397522
442.0 95.93997597694397
443.0 95.90597748756409
444.0 95.84685564041138
445.0 95.53249478340149
446.0 95.44573426246643
447.0 95.30876874923706
448.0 95.40433287620544
449.0 95.63627243041992
450.0 95.91418504714966
451.0 96.11660838127136
452.0 96.29437327384949
453.0 96.35444283485413
454.0 96.42318487167358
455.0 96.71505689620972
456.0 96.81770205497742
457.0 96.96803689002991
458.0 96.97654843330383
459.0 96.98512554168701
460.0 96.95068001747131
461.0 96.98859453201294
462.0 96.9430685043335
463.0 96.82542681694031
464.0 96.93215489387512
465.0 96.78820967674255
466.0 96.80112600326538
467.0 96.80373668670654
468.0 96.80047035217285
469.0 96.87134027481079
470.0 96.66807055473328
471.0 96.61042094230652
472.0 96.67050838470459
473.0 96.60102725028992
474.0 96.48261666297913
475.0 96.58143520355225
476.0 96.65533304214478
477.0 96.6967761516571
478.0 96.80271744728088
479.0 96.78511619567871
480.0 96.99605703353882
481.0 97.00608849525452
482.0 97.2088098526001
483.0 97.11335897445679
484.0 97.28420972824097
485.0 97.31504917144775
486.0 97.30969667434692
487.0 97.35691547393799
488.0 97.36375212669373
489.0 97.46472835540771
490.0 97.46213555335999
491.0 97.53203392028809
492.0 97.45237827301025
493.0 97.45389819145203
494.0 97.42062091827393
495.0 97.4859893321991
496.0 97.31375575065613
497.0 97.2360610961914
498.0 97.01778292655945
499.0 97.07921743392944
500.0 97.02153205871582
501.0 97.00137376785278
502.0 96.95332050323486
503.0 97.1398413181305
504.0 96.94824814796448
505.0 96.9639539718628
506.0 97.01159596443176
507.0 96.93405628204346
508.0 96.93247079849243
509.0 96.91391587257385
510.0 96.89344763755798
511.0 96.92925214767456
512.0 96.81063890457153
513.0 96.91939353942871
514.0 96.90678715705872
515.0 96.97591066360474
516.0 96.99653387069702
517.0 97.00582027435303
518.0 97.10615277290344
519.0 97.06571698188782
520.0 97.07347750663757
521.0 97.18018174171448
522.0 97.19285368919373
523.0 97.1591055393219
524.0 97.1686065196991
525.0 97.08913564682007
526.0 97.20207452774048
527.0 97.15559482574463
528.0 97.26231098175049
529.0 97.32747077941895
530.0 97.32644557952881
531.0 97.4494218826294
532.0 97.29357957839966
533.0 97.22126126289368
534.0 97.10053205490112
535.0 96.77402973175049
536.0 96.17076516151428
537.0 95.23848295211792
538.0 94.06657814979553
539.0 92.12753176689148
540.0 89.92053270339966
541.0 86.69145107269287
542.0 83.51733088493347
543.0 79.41131591796875
544.0 74.51664805412292
545.0 70.29627561569214
546.0 65.38304686546326
547.0 61.072903871536255
548.0 56.905460357666016
549.0 53.357696533203125
550.0 50.60792565345764
551.0 47.85049259662628
552.0 45.459145307540894
553.0 42.684486508369446
554.0 39.234235882759094
555.0 35.449767112731934
556.0 30.569902062416077
557.0 25.25542378425598
558.0 19.843211770057678
559.0 14.824379980564117
560.0 10.373914986848831
561.0 6.548232585191727
562.0 3.915448859333992
563.0 2.1325359120965004
564.0 1.1174775660037994
565.0 0.5257416050881147
566.0 0.29574956279248
567.0 0.1524512772448361
568.0 0.11133447987958789
569.0 0.06178841576911509
570.0 0.06342221167869866
571.0 0.03552724956534803
572.0 0.045889458851888776
573.0 0.021731207380071282
574.0 0.0393287802580744
575.0 0.021642753563355654
576.0 0.02971107605844736
577.0 0.015013149823062122
578.0 0.019113667076453567
579.0 0.016303479787893593
580.0 0.023440895893145353
581.0 0.017297398881055415
582.0 0.01763491309247911
583.0 0.015210233686957508
584.0 0.018083886243402958
585.0 0.009749176388140768
586.0 0.015267585695255548
587.0 0.011111624189652503
588.0 0.018381167319603264
589.0 0.014879390073474497
590.0 0.025999685749411583
591.0 0.008230825915234163
592.0 0.025559330242685974
593.0 0.014805128739681095
594.0 0.00929925954551436
595.0 0.01647320605115965
596.0 0.004353548138169572
597.0 0.006935945566510782
598.0 0.00744883218430914
599.0 0.00530471806996502
600.0 1.71853785542464e-10
601.0 0.002264745853608474
602.0 0.002303600740560796
603.0 0.0023424552637152374
604.0 0.0021332780306693166
605.0 0.001924100797623396
606.0 0.0019582144886953756
607.0 0.001992327997868415
608.0 0.001850999797170516
609.0 0.0017096717783715576
610.0 0.001825752951845061
611.0 0.0019418335796217434
612.0 0.001828432323236484
613.0 0.0017150314306491055
614.0 0.0017531710909679532
615.0 0.0017913111150846817
616.0 0.001887322468974162
617.0 0.0019833336409647018
618.0 0.0017835838661994785
619.0 0.0015838340914342552
620.0 0.0015331088434322737
621.0 0.001482383504480822
622.0 0.001426396738679614
623.0 0.0013704097909794655
624.0 0.0014117711543804035
625.0 0.0014531326087308116
626.0 0.0013362828212848399
627.0 0.001219433488586219
628.0 0.0013292512448970228
629.0 0.0014390694559551775
630.0 0.0013013616808166262
631.0 0.0011636537237791345
632.0 0.0013017419405514374
633.0 0.0014398298844753299
634.0 0.0013670153748535085
635.0 0.0012942005014338065
636.0 0.0013151937309885398
637.0 0.001336187506240094
638.0 0.001218519810208818
639.0 0.0011008521141775418
640.0 0.0010810291314555798
641.0 0.0010612059668346774
642.0 0.0012634210179385263
643.0 0.0014656362509413157
644.0 0.001342276118521113
645.0 0.0012189157132524997
646.0 0.0011705964425345883
647.0 0.0011222771718166769
648.0 0.001037482525134692
649.0 0.0009526877875032369
650.0 0.0012195579984108917
651.0 0.0014864277545711957
652.0 0.0011944987818424124
653.0 0.0009025698091136292
654.0 0.0010266034223604947
655.0 0.0011506372175063007
656.0 0.0011426876881159842
657.0 0.001134738340624608
658.0 0.0010195726645179093
659.0 0.0009044074431585614
660.0 0.000881500182003947
661.0 0.0008585929208493326
662.0 0.0009912558198266197
663.0 0.0011239189916523173
664.0 0.0011510884178278502
665.0 0.0011782575711549725
666.0 0.00107612504507415
667.0 0.0009739921551954467
668.0 0.001056659129972104
669.0 0.0011393261047487613
670.0 0.0011436021850386169
671.0 0.0011478781743790023
672.0 0.0011640466254903004
673.0 0.0011802147128037177
674.0 0.0011011631613655481
675.0 0.0010221115189779084
676.0 0.0009872394002741203
677.0 0.0009523669177724514
678.0 0.0010641312655934598
679.0 0.0011758957043639384
680.0 0.0010473898328200448
681.0 0.0009188837793772109
682.0 0.0009858635166892782
683.0 0.0010528431630518753
684.0 0.0008892835467122495
685.0 0.0007257237939484185
686.0 0.0009438251254323404
687.0 0.0011619264114415273
688.0 0.001133997011493193
689.0 0.0011060676115448587
690.0 0.0010016678970714565
691.0 0.0008972680916485842
692.0 0.0009154309736914001
693.0 0.0009335939466836862
694.0 0.0010035573723143898
695.0 0.0010735207979450934
696.0 0.0010980277693306562
697.0 0.0011225345588172786
698.0 0.0012664935638895258
699.0 0.0014104526599112432
700.0 0.0011658360563160386
701.0 0.0009212192708218936
702.0 0.001074150532076601
703.0 0.001227081611432368
704.0 0.0012020259418932255
705.0 0.0011769700904551428
706.0 0.00114401418613852
707.0 0.0011110585546703078
708.0 0.001076676562661305
709.0 0.0010422948435007129
710.0 0.0011528394679771736
711.0 0.001263384365302045
712.0 0.0011556966455827933
713.0 0.0010480090168130118
714.0 0.0011308325156278443
715.0 0.0012136562872910872
716.0 0.0014004819604451768
717.0 0.0015873078154982068
718.0 0.0018358668967266567
719.0 0.0020844257960561663
720.0 0.0017306678273598664
721.0 0.0013769097677140962
722.0 0.0015508114302065223
723.0 0.0017247137293452397
724.0 0.001614798566151876
725.0 0.0015048836758069228
726.0 0.0016570727893849835
727.0 0.0018092616301146336
728.0 0.0018687780539039522
729.0 0.0019282942957943305
730.0 0.001915702705446165
731.0 0.00190311129699694
732.0 0.001863229954324197
733.0 0.0018233487935503945
734.0 0.001606830301170703
735.0 0.0013903122635383625
736.0 0.0012508333384175785
737.0 0.0011113542313978542
738.0 0.0011259831808274612
739.0 0.0011406122212065384
740.0 0.000970465498539852
741.0 0.0008003185939742252
742.0 0.0008494747817167081
743.0 0.000898630969459191
744.0 0.0009884336577670183
745.0 0.0010782364370243158
746.0 0.0010561823728494346
747.0 0.0010341283996240236
748.0 0.0011891666872543283
749.0 0.0013442050658341032
750.0 0.0011024385457858443
751.0 0.0008606724804849364
752.0 0.0007585294952150434
753.0 0.0006563868282682961
754.0 0.0007883322723500896
755.0 0.0009202777619066183
756.0 0.0008751059795031324
757.0 0.0008299341061501764
758.0 0.0008275238542410079
759.0 0.0008251139661297202
760.0 0.0006423323156923288
761.0 0.0004595506652549375
762.0 0.0005700398105545901
763.0 0.0006805289558542427
764.0 0.0007906151950010099
765.0 0.0009007017069961876
766.0 0.0007626319529663306
767.0 0.0006245622898859438
768.0 0.0005366459390643286
769.0 0.0004487295427679783
770.0 0.0004020735104859341
771.0 0.000355417523678625
772.0 0.0005700379915651865
773.0 0.0007846585504012182
774.0 0.0008892312507668976
775.0 0.000993804042082047
776.0 0.0009053803296410479
777.0 0.0008169566172000486
778.0 0.0007484254638256971
779.0 0.0006798944014008157
780.0 0.0006437272531911731
781.0 0.0006075601049815305
782.0 0.0005913035238336306
783.0 0.0005750467607867904
784.0 0.0006882512025185861
785.0 0.0008014556442503817
786.0 0.0007215563073259545
787.0 0.0006416573341994081
788.0 0.0004244799583830172
789.0 0.000207302650778729
790.0 0.00018518932165534352
791.0 0.00016307598116327426
792.0 0.0002901579364333884
793.0 0.00041723988033481874
794.0 0.000334471883434162
795.0 0.0002517038865335053
796.0 0.00036900726172461873
797.0 0.0004863106369157322
798.0 0.0004918244940199656
799.0 0.0004973383965989342
800.0 0.0005055480869486928
801.0 0.0005137579137226567
802.0 0.00043530785660550464
803.0 0.0003568579359125579
804.0 0.00030461073947662953
805.0 0.00025236363399017137
806.0 0.0002789058726193616
807.0 0.0003054481339859194
808.0 0.00038315538404276595
809.0 0.00046086265683698
810.0 0.0003878108600474661
811.0 0.00031475901778321713
812.0 0.00027444830266176723
813.0 0.0002341375193282147
814.0 0.0003160792857670458
815.0 0.00039802102946850937
816.0 0.0005292146852298174
817.0 0.0006604082045669202
818.0 0.00047143867050181143
819.0 0.0002824691364367027
820.0 0.0004613933469954645
821.0 0.0006403174211300211
822.0 0.0005216233148530591
823.0 0.000402929117626627
824.0 0.00044778566916647833
825.0 0.0004926421297568595
826.0 0.000581681069888873
827.0 0.0006707199190714164
828.0 0.0005614011115540052
829.0 0.0004520822585618589
830.0 0.0004039219675178174
831.0 0.00035576165373640833
832.0 0.0005163366040505935
833.0 0.0006769114861526759
834.0 0.000561864271730883
835.0 0.00044681705730909016
836.0 0.0004833105322177289
837.0 0.0005198040526011027
838.0 0.0005168806183064589
839.0 0.0005139572294865502
840.0 0.0005716087798646186
841.0 0.0006292602847679518
842.0 0.0003412349769860157
843.0 5.320958962329314e-05
844.0 0.00010476097713763011
845.0 0.00015631236465196707
846.0 0.0004068486305186525
847.0 0.000657385044178227
848.0 0.0005829628662468167
849.0 0.0005085407792648766
850.0 0.0005045157649874454
851.0 0.0005004907507100143
852.0 0.0005586655333900126
853.0 0.0006168399522721302
854.0 0.0006116369604569627
855.0 0.000606433877692325
856.0 0.0006141000540083041
857.0 0.0006217662757990183
858.0 0.0005786716883449117
859.0 0.0005355770554160699
860.0 0.0005239543952484382
861.0 0.0005123317350808065
862.0 0.0004731435183202848
863.0 0.00043395530155976303
864.0 0.0004203756816423265
865.0 0.00040679601625015493
866.0 0.00045108713493391406
867.0 0.0004953782536176732
868.0 0.0006085580480430508
869.0 0.0007217378879431635
870.0 0.0006113928520790068
871.0 0.0005010476343159098
872.0 0.00040667132452654187
873.0 0.00031229492378770374
874.0 0.0003946911874663783
875.0 0.0004770874511450529
876.0 0.000615792851021979
877.0 0.0007544982963736402
878.0 0.000745364923204761
879.0 0.0007362315045611467
880.0 0.0007034943337203003
881.0 0.0006707574357278645
882.0 0.0005894366950087715
883.0 0.000508116227138089
884.0 0.0005425381914392347
885.0 0.0005769603831140557
886.0 0.0006833815859863535
887.0 0.0007898030162323266
888.0 0.0006289580142038176
889.0 0.0004681131940742489
890.0 0.0005017241619498236
891.0 0.0005353352662496036
892.0 0.0004982667178410338
893.0 0.00046119821490719914
894.0 0.00045212450459075626
895.0 0.00044305083974904846
896.0 0.00027949363357038237
897.0 0.00011593642739171628
898.0 0.00026963559776049806
899.0 0.00042333472265454475
900.0 0.00038460934774775524
901.0 0.0003458839046288631
902.0 0.0005119641173223499
903.0 0.0006780443527532043
904.0 0.00038162261262186803
905.0 8.520082701579668e-05
