lsstCam/transmission_sensor/r30_s01/19700101T000000.ecsv
# %ECSV 1.0
# ---
# datatype:
# - {name: amp_name, datatype: string}
# - {name: wavelength, unit: nm, datatype: float32}
# - {name: efficiency, unit: '%', datatype: float64}
# meta: !!omap
# - {MODE: AMP}
# - {TYPE: transmission_sensor}
# - {CALIBDATE: '1970-01-01T00:00:00'}
# - {INSTRUME: LSSTCam}
# - {OBSTYPE: transmission_sensor}
# - {DETECTOR: 118}
# - {PARQUETFILE: qe_raft_allvalues_nircorrected_20230725_adjust.parquet}
# - {CORRFILE: qe_corr_factor_bydetnum.parquet}
# - {CALIBCLS: lsst.ip.isr.IntermediateSensorTransmissionCurve}
# - {CALIB_ID: 'raftName=R30 detectorName=S01 detector=118 calibDate=1970-01-01T00:00:00 ccd=118 ccdnum=118 filter=None'}
# - {DATE: '2025-03-03T21:56:48.045091'}
# - {CALIB_CREATION_DATE: '2025-03-03'}
# - {CALIB_CREATION_TIME: '21:56:48'}
# - __serialized_columns__:
#     efficiency:
#       __class__: astropy.units.quantity.Quantity
#       unit: !astropy.units.Unit {unit: '%'}
#       value: !astropy.table.SerializedColumn {name: efficiency}
#     wavelength:
#       __class__: astropy.units.quantity.Quantity
#       unit: !astropy.units.Unit {unit: nm}
#       value: !astropy.table.SerializedColumn {name: wavelength}
# schema: astropy-2.0
amp_name wavelength efficiency
C00 319.994 39.97102798203605
C00 324.969 45.097518406059066
C00 349.982 68.88975916744778
C00 374.975 76.14142255800559
C00 400.019 83.18241430089644
C00 424.965 85.26703514187008
C00 450.035 86.83870131354712
C00 475.003 89.05566588571376
C00 500.018 91.18016010745193
C00 525.002 93.12508223124425
C00 550.029 94.6535081411882
C00 575.023 96.22203751487858
C00 599.982 97.50406755949813
C00 619.997 97.70679367485654
C00 624.979 97.76347078273301
C00 650.012 98.23557038387563
C00 675.004 98.56777186258594
C00 700.03 98.35410146672147
C00 725.012 98.22714934673782
C00 750.022 98.80605346808176
C00 774.987 99.28082970124723
C00 799.976 98.59188455908982
C00 824.988 96.99556116118507
C00 850.022 94.71895141067533
C00 869.967 91.63607720553374
C00 875.002 90.53608881619915
C00 899.999 82.89490260670522
C00 919.999 74.01371484395345
C00 925.012 71.15420519764734
C00 949.965 58.43547488381479
C00 975.002 43.422211355181936
C00 999.976 26.468408783562086
C00 1025.028 11.198956482687409
C00 1050.014 3.7977353191735768
C00 1075.002 0.9413160395871679
C00 1099.99 0.09339651267856498
C01 319.994 40.10514718690611
C01 324.969 45.25025899359815
C01 349.982 69.161264755531
C01 374.975 76.46350805494471
C01 400.019 83.48593210119566
C01 424.965 85.54830391781887
C01 450.035 87.10485363758461
C01 475.003 89.31804484884799
C01 500.018 91.44095149801099
C01 525.002 93.38847355949886
C01 550.029 94.91887051365448
C01 575.023 96.48996147787676
C01 599.982 97.7806119648851
C01 619.997 97.98494866111686
C01 624.979 98.04506167485648
C01 650.012 98.51717661486455
C01 675.004 98.85708587346876
C01 700.03 98.64049342373407
C01 725.012 98.51584213356949
C01 750.022 99.0955515453501
C01 774.987 99.56671547569962
C01 799.976 98.87767830034946
C01 824.988 97.29523657568643
C01 850.022 95.03179524117454
C01 869.967 91.94306925885975
C01 875.002 90.82788005385383
C01 899.999 83.18739943217109
C01 919.999 74.4004536588085
C01 925.012 71.5382060250177
C01 949.965 58.72961680260129
C01 975.002 43.6055721528965
C01 999.976 26.60638571309546
C01 1025.028 11.22917884104001
C01 1050.014 3.8155399072568277
C01 1075.002 0.9440740891034428
C01 1099.99 0.09367016381780179
C02 319.994 40.06384729165377
C02 324.969 45.20671962398858
C02 349.982 69.04524157718792
C02 374.975 76.23310295686287
C02 400.019 83.17645515166504
C02 424.965 85.21686171294886
C02 450.035 86.76575733884981
C02 475.003 88.96648572192655
C02 500.018 91.08176895495568
C02 525.002 93.0165444192459
C02 550.029 94.53829792271455
C02 575.023 96.10309228266529
C02 599.982 97.38170176028716
C02 619.997 97.58272526157945
C02 624.979 97.6374159863788
C02 650.012 98.10943122376138
C02 675.004 98.4396539888273
C02 700.03 98.21659620730101
C02 725.012 98.08944468206637
C02 750.022 98.66098614798928
C02 774.987 99.13396773389587
C02 799.976 98.45032983918779
C02 824.988 96.8857502233535
C02 850.022 94.6596436873724
C02 869.967 91.59157148740016
C02 875.002 90.4605449038063
C02 899.999 82.90255670057
C02 919.999 74.23923451338615
C02 925.012 71.41110051637945
C02 949.965 58.62611397319035
C02 975.002 43.50712731437115
C02 999.976 26.571380504756462
C02 1025.028 11.202907199222574
C02 1050.014 3.809751642573452
C02 1075.002 0.9399340246837501
C02 1099.99 0.09325939042947888
C03 319.994 40.20670198040357
C03 324.969 45.36661579226497
C03 349.982 69.24407929015211
C03 374.975 76.3857936930892
C03 400.019 83.28868196080663
C03 424.965 85.31258390285497
C03 450.035 86.85993797277715
C03 475.003 89.05872598937313
C03 500.018 91.17150898733222
C03 525.002 93.10882303385614
C03 550.029 94.62935709752068
C03 575.023 96.18776282000714
C03 599.982 97.46269863935122
C03 619.997 97.66306256942872
C03 624.979 97.72289948359004
C03 650.012 98.18669308908581
C03 675.004 98.51430057759072
C03 700.03 98.29237020267578
C03 725.012 98.15969668587537
C03 750.022 98.73706692067326
C03 774.987 99.21070807779465
C03 799.976 98.53041405575695
C03 824.988 96.97664067063955
C03 850.022 94.76465356031483
C03 869.967 91.64989752331363
C03 875.002 90.51640905181335
C03 899.999 83.07113850141339
C03 919.999 74.44608678355343
C03 925.012 71.5850739284322
C03 949.965 58.72434023288289
C03 975.002 43.56319470234556
C03 999.976 26.65365817908647
C03 1025.028 11.23879630968373
C03 1050.014 3.8419939377713788
C03 1075.002 0.9406588191146893
C03 1099.99 0.0933313038670617
C04 319.994 40.56237192326843
C04 324.969 45.76839436470403
C04 349.982 69.81308217384131
C04 374.975 76.90667855582888
C04 400.019 83.74926974342115
C04 424.965 85.74876755052188
C04 450.035 87.28744749202615
C04 475.003 89.48916523192509
C04 500.018 91.60324436401558
C04 525.002 93.5421536525474
C04 550.029 95.0650882486565
C04 575.023 96.62726733204623
C04 599.982 97.90473406419129
C04 619.997 98.10114056697999
C04 624.979 98.15576226688475
C04 650.012 98.61915706187855
C04 675.004 98.94749314649283
C04 700.03 98.72228025436935
C04 725.012 98.59302730456662
C04 750.022 99.17668647420331
C04 774.987 99.65980705017927
C04 799.976 98.97829358833746
C04 824.988 97.4269360745301
C04 850.022 95.20073750535624
C04 869.967 92.02845305344552
C04 875.002 90.89608431912386
C04 899.999 83.55562423641534
C04 919.999 74.82611484476952
C04 925.012 72.00836525967956
C04 949.965 59.04008694367048
C04 975.002 43.7747905166565
C04 999.976 26.749855873821865
C04 1025.028 11.320630115594476
C04 1050.014 3.8850582818912187
C04 1075.002 0.9448469837436605
C04 1099.99 0.09374684971396045
C05 319.994 40.566555598822774
C05 324.969 45.775799202005075
C05 349.982 69.7988783844249
C05 374.975 76.80312587510518
C05 400.019 83.57665382096167
C05 424.965 85.55366485129731
C05 450.035 87.07935277375657
C05 475.003 89.27245007126672
C05 500.018 91.38155174151528
C05 525.002 93.31263053922953
C05 550.029 94.83327964438502
C05 575.023 96.38978334755437
C05 599.982 97.66247202310849
C05 619.997 97.85381670029523
C05 624.979 97.90833102814177
C05 650.012 98.37004621736764
C05 675.004 98.69415644454756
C05 700.03 98.46932702406059
C05 725.012 98.35013636999994
C05 750.022 98.94101247583578
C05 774.987 99.43323666846254
C05 799.976 98.7612256337735
C05 824.988 97.21600366615033
C05 850.022 94.98640753827698
C05 869.967 91.79871519601119
C05 875.002 90.6716383702734
C05 899.999 83.46543937694047
C05 919.999 74.73991809031436
C05 925.012 71.91155401032576
C05 949.965 58.86368232144225
C05 975.002 43.65410048849709
C05 999.976 26.71863361317706
C05 1025.028 11.345799276456939
C05 1050.014 3.9079246955764275
C05 1075.002 0.9426016586987441
C05 1099.99 0.09352407062574158
C06 319.994 40.67179555474712
C06 324.969 45.89717947911021
C06 349.982 69.96463783402356
C06 374.975 76.92921901862304
C06 400.019 83.66575729042158
C06 424.965 85.63125650222915
C06 450.035 87.1533704690361
C06 475.003 89.35137620349361
C06 500.018 91.46362234116157
C06 525.002 93.39728573770591
C06 550.029 94.91640862574808
C06 575.023 96.47261322104096
C06 599.982 97.74879148848733
C06 619.997 97.94180043257654
C06 624.979 97.99196619206504
C06 650.012 98.45214749474486
C06 675.004 98.77587425028827
C06 700.03 98.55540106759207
C06 725.012 98.44346569689422
C06 750.022 99.05590824756749
C06 774.987 99.56463705942973
C06 799.976 98.89849314077932
C06 824.988 97.36004328225695
C06 850.022 95.11222458221656
C06 869.967 91.97327148495144
C06 875.002 90.87129671253972
C06 899.999 83.66285057541683
C06 919.999 74.78265216948726
C06 925.012 71.95813814472923
C06 949.965 58.93560242687006
C06 975.002 43.780692145142424
C06 999.976 26.733836346206576
C06 1025.028 11.37955053254454
C06 1050.014 3.902217439276265
C06 1075.002 0.9436961079358387
C06 1099.99 0.09363266087359626
C07 319.994 40.6429278099505
C07 324.969 45.866367533116474
C07 349.982 69.89902583701637
C07 374.975 76.81568840591731
C07 400.019 83.52036018472171
C07 424.965 85.47383372600825
C07 450.035 86.99600904827706
C07 475.003 89.19116942319164
C07 500.018 91.29869119029777
C07 525.002 93.23263835585313
C07 550.029 94.74883152059235
C07 575.023 96.30256655854609
C07 599.982 97.57470303494362
C07 619.997 97.7642300565733
C07 624.979 97.81755562234666
C07 650.012 98.27483021002172
C07 675.004 98.59859531272878
C07 700.03 98.38306124471086
C07 725.012 98.2873774019684
C07 750.022 98.91984484150032
C07 774.987 99.44903569988684
C07 799.976 98.79843005194789
C07 824.988 97.26740420430839
C07 850.022 95.04779367784981
C07 869.967 92.01421091686545
C07 875.002 90.93155544550122
C07 899.999 83.54872174695812
C07 919.999 74.63354305834595
C07 925.012 71.8703998342953
C07 949.965 59.139325568483414
C07 975.002 43.84018010011452
C07 999.976 26.77373848734383
C07 1025.028 11.340735533496797
C07 1050.014 3.9188057032624544
C07 1075.002 0.9423996670971824
C07 1099.99 0.0935040292046005
C10 319.994 39.86692693687215
C10 324.969 44.98507301808466
C10 349.982 68.50140977171938
C10 374.975 75.57381551107329
C10 400.019 82.99666830960277
C10 424.965 85.29312655201835
C10 450.035 86.99834055582704
C10 475.003 89.30209242876909
C10 500.018 91.48595572927204
C10 525.002 93.46736901399484
C10 550.029 95.0221010782035
C10 575.023 96.60536343216867
C10 599.982 97.89464876015103
C10 619.997 98.09765097508773
C10 624.979 98.15294758507275
C10 650.012 98.624801764368
C10 675.004 98.93748453677986
C10 700.03 98.61509226253152
C10 725.012 98.20766898760301
C10 750.022 98.43343407888307
C10 774.987 98.5762082385892
C10 799.976 97.7651657273664
C10 824.988 96.26684234088863
C10 850.022 94.03361090190114
C10 869.967 91.00403158480198
C10 875.002 89.88932555405806
C10 899.999 82.7091182682479
C10 919.999 74.42603121696385
C10 925.012 71.51148572138555
C10 949.965 58.3226536936366
C10 975.002 43.2062401294984
C10 999.976 26.40134342905251
C10 1025.028 11.237603712894177
C10 1050.014 3.857974878553242
C10 1075.002 0.9377690207844196
C10 1099.99 0.0930445807315355
C11 319.994 39.92620781716053
C11 324.969 45.05443536769695
C11 349.982 68.59506121478833
C11 374.975 75.62365915438711
C11 400.019 82.96072167839614
C11 424.965 85.22564321342497
C11 450.035 86.90824006011219
C11 475.003 89.2007715529699
C11 500.018 91.37300032402106
C11 525.002 93.34569346372959
C11 550.029 94.89426697345588
C11 575.023 96.47082624321482
C11 599.982 97.756391896323
C11 619.997 97.95887258983404
C11 624.979 98.01311848753504
C11 650.012 98.47763301970744
C11 675.004 98.79022375892654
C11 700.03 98.46520853868445
C11 725.012 98.0491494825017
C11 750.022 98.25406138618824
C11 774.987 98.38513199154802
C11 799.976 97.56968722593805
C11 824.988 96.08273760819924
C11 850.022 93.85376270437703
C11 869.967 90.79204079470543
C11 875.002 89.67414427994574
C11 899.999 82.58439028375602
C11 919.999 74.30005311493694
C11 925.012 71.55502509099512
C11 949.965 58.3433228148446
C11 975.002 43.16999439041528
C11 999.976 26.445831890962445
C11 1025.028 11.235068965376833
C11 1050.014 3.86335282858555
C11 1075.002 0.9360602722839138
C11 1099.99 0.09287504027511032
C12 319.994 40.15853794285767
C12 324.969 45.313999649019166
C12 349.982 68.97392352222943
C12 374.975 75.98426821193024
C12 400.019 83.26652496964897
C12 424.965 85.50264778477576
C12 450.035 87.17430035095693
C12 475.003 89.46338826851876
C12 500.018 91.63741935626153
C12 525.002 93.61165405194883
C12 550.029 95.15860931136903
C12 575.023 96.73716263363784
C12 599.982 98.02473000868862
C12 619.997 98.2230845473908
C12 624.979 98.27864191808865
C12 650.012 98.74508147787635
C12 675.004 99.05521799862177
C12 700.03 98.72343066927888
C12 725.012 98.3004921319371
C12 750.022 98.50317223069914
C12 774.987 98.6238124075458
C12 799.976 97.80490105834177
C12 824.988 96.31417041026694
C12 850.022 94.08962076913008
C12 869.967 91.00573419886808
C12 875.002 89.90094474464438
C12 899.999 82.8076244622351
C12 919.999 74.51399194094697
C12 925.012 71.75987563921981
C12 949.965 58.51391017234695
C12 975.002 43.34844675118249
C12 999.976 26.516501878855234
C12 1025.028 11.254921291999057
C12 1050.014 3.8733729424476078
C12 1075.002 0.9384336112209667
C12 1099.99 0.09311052078410302
C13 319.994 40.20964704257199
C13 324.969 45.374638018900804
C13 349.982 69.05258122431077
C13 374.975 76.03104408215198
C13 400.019 83.24788824811449
C13 424.965 85.4593384981481
C13 450.035 87.11561385170513
C13 475.003 89.39650314567834
C13 500.018 91.55922948957674
C13 525.002 93.53002060996816
C13 550.029 95.07511219723493
C13 575.023 96.6454208793187
C13 599.982 97.92992048127739
C13 619.997 98.12550635476396
C13 624.979 98.18191503249487
C13 650.012 98.64165917750907
C13 675.004 98.95046121695943
C13 700.03 98.61987031912246
C13 725.012 98.1899372591307
C13 750.022 98.39117550453945
C13 774.987 98.50843346155209
C13 799.976 97.68486676668078
C13 824.988 96.20583200351957
C13 850.022 93.98867569553467
C13 869.967 90.83676892638819
C13 875.002 89.73780057160673
C13 899.999 82.83788037435589
C13 919.999 74.57918211915401
C13 925.012 71.77087360575497
C13 949.965 58.38356816309653
C13 975.002 43.283348606168225
C13 999.976 26.531255950070033
C13 1025.028 11.296839535265272
C13 1050.014 3.878823272751307
C13 1075.002 0.9373666496623548
C13 1099.99 0.093004657838455
C14 319.994 40.39320724553754
C14 324.969 45.579101260772624
C14 349.982 69.35059237190967
C14 374.975 76.30621565908024
C14 400.019 83.45545377552568
C14 424.965 85.63206179266582
C14 450.035 87.26993817710301
C14 475.003 89.54396332878265
C14 500.018 91.70930494924205
C14 525.002 93.67604660915192
C14 550.029 95.21866863907954
C14 575.023 96.79067993522945
C14 599.982 98.07087698542647
C14 619.997 98.2655655352836
C14 624.979 98.32289454494213
C14 650.012 98.7827307231491
C14 675.004 99.08825791482364
C14 700.03 98.75509775702204
C14 725.012 98.33215921968026
C14 750.022 98.53536850930068
C14 774.987 98.65636148005294
C14 799.976 97.83685958452867
C14 824.988 96.37119264261626
C14 850.022 94.11693161908246
C14 869.967 90.96451099794305
C14 875.002 89.88676396352616
C14 899.999 83.10190059609438
C14 919.999 74.71245385170738
C14 925.012 71.90192120281658
C14 949.965 58.49160746196741
C14 975.002 43.3257107178537
C14 999.976 26.549403745267963
C14 1025.028 11.351573400623717
C14 1050.014 3.880426184191927
C14 1075.002 0.9387403400217492
C14 1099.99 0.09314095413393073
C15 319.994 40.42413806773859
C15 324.969 45.616785018492656
C15 349.982 69.38976783429574
C15 374.975 76.31870149556507
C15 400.019 83.45734812541005
C15 424.965 85.63159395726927
C15 450.035 87.2672692145129
C15 475.003 89.54173152385815
C15 500.018 91.70232576545754
C15 525.002 93.66659019859554
C15 550.029 95.21184284394963
C15 575.023 96.77949790230876
C15 599.982 98.06012444073868
C15 619.997 98.25607844699628
C15 624.979 98.31012493944628
C15 650.012 98.76772931272875
C15 675.004 99.07515852372039
C15 700.03 98.7433942026757
C15 725.012 98.32511101100117
C15 750.022 98.54461017574063
C15 774.987 98.67754445325386
C15 799.976 97.86726121587134
C15 824.988 96.40856578831072
C15 850.022 94.13955644563667
C15 869.967 91.05662088503323
C15 875.002 90.00015652644275
C15 899.999 83.21749428620456
C15 919.999 74.73762492992802
C15 925.012 71.91560347080733
C15 949.965 58.56960942755031
C15 975.002 43.362217217649636
C15 999.976 26.559172685208104
C15 1025.028 11.3594249823813
C15 1050.014 3.867167412689753
C15 1075.002 0.9388282682323809
C15 1099.99 0.09314967829021159
C16 319.994 40.44124857215976
C16 324.969 45.63696713072228
C16 349.982 69.42344431341422
C16 374.975 76.37178930892378
C16 400.019 83.49189125042706
C16 424.965 85.6499622486582
C16 450.035 87.28365879225741
C16 475.003 89.55005285837046
C16 500.018 91.71107658820274
C16 525.002 93.67753447910158
C16 550.029 95.21965032646902
C16 575.023 96.7856717956566
C16 599.982 98.06664345855937
C16 619.997 98.26143938047473
C16 624.979 98.31751827259824
C16 650.012 98.7739032060766
C16 675.004 99.08653996189207
C16 700.03 98.75745994230296
C16 725.012 98.35613386639498
C16 750.022 98.5954815230403
C16 774.987 98.74914627722337
C16 799.976 97.95399483061762
C16 824.988 96.4999394098588
C16 850.022 94.23688154698341
C16 869.967 91.23525731218596
C16 875.002 90.1803191707088
C16 899.999 83.29731007262815
C16 919.999 74.77183826933762
C16 925.012 71.96909009466802
C16 949.965 58.760892749275214
C16 975.002 43.40586012460107
C16 999.976 26.614143344302096
C16 1025.028 11.328237234183781
C16 1050.014 3.872957355061538
C16 1075.002 0.9393127361473464
C16 1099.99 0.09319774675166297
C17 319.994 40.409286211256486
C17 324.969 45.60050664752272
C17 349.982 69.3754259950902
C17 374.975 76.32272027831571
C17 400.019 83.4308042187307
C17 424.965 85.58302343978868
C17 450.035 87.20932665023594
C17 475.003 89.47433254902481
C17 500.018 91.63062423886254
C17 525.002 93.59232708146862
C17 550.029 95.1313598168785
C17 575.023 96.70209031776245
C17 599.982 97.98015526566046
C17 619.997 98.17538834524144
C17 624.979 98.22951920145147
C17 650.012 98.69331280694723
C17 675.004 99.0000594384259
C17 700.03 98.68062756521142
C17 725.012 98.30120538918102
C17 750.022 98.57057120553249
C17 774.987 98.75052677511482
C17 799.976 97.96955610962728
C17 824.988 96.51444997658442
C17 850.022 94.28400254167799
C17 869.967 91.34444702596637
C17 875.002 90.28973896747112
C17 899.999 83.2544609519643
C17 919.999 74.83537185007492
C17 925.012 72.03217117887424
C17 949.965 58.83130197645517
C17 975.002 43.431430013323684
C17 999.976 26.645749076583414
C17 1025.028 11.345103275436669
C17 1050.014 3.90447345084782
C17 1075.002 0.9390751769392187
C17 1099.99 0.0931741763452737
