lsstCam/transmission_sensor/r30_s01/19700101T000000.ecsv
# %ECSV 1.0
# ---
# datatype:
# - {name: amp_name, datatype: string}
# - {name: wavelength, unit: nm, datatype: float32}
# - {name: efficiency, unit: '%', datatype: float64}
# meta: !!omap
# - {MODE: AMP}
# - {TYPE: transmission_sensor}
# - {CALIBDATE: '1970-01-01T00:00:00'}
# - {INSTRUME: LSSTCAM}
# - {OBSTYPE: transmission_sensor}
# - {DETECTOR: 118}
# - {PARQUETFILE: qe_raft_allvalues_nircorrected_20230725.parquet}
# - {CALIBCLS: lsst.ip.isr.IntermediateSensorTransmissionCurve}
# - {CALIB_ID: 'raftName=R30 detectorName=S01 detector=118 calibDate=1970-01-01T00:00:00 ccd=118 ccdnum=118 filter=None'}
# - {DATE: '2023-08-02T16:57:55.905800'}
# - {CALIB_CREATION_DATE: '2023-08-02'}
# - {CALIB_CREATION_TIME: '16:57:55'}
# - __serialized_columns__:
#     efficiency:
#       __class__: astropy.units.quantity.Quantity
#       unit: !astropy.units.Unit {unit: '%'}
#       value: !astropy.table.SerializedColumn {name: efficiency}
#     wavelength:
#       __class__: astropy.units.quantity.Quantity
#       unit: !astropy.units.Unit {unit: nm}
#       value: !astropy.table.SerializedColumn {name: wavelength}
# schema: astropy-2.0
amp_name wavelength efficiency
C00 319.994 39.762359619140625
C00 324.969 44.86208724975586
C00 349.982 68.53012084960938
C00 374.975 75.74392700195312
C00 400.019 82.74816131591797
C00 424.965 84.8218994140625
C00 450.035 86.38536071777344
C00 475.003 88.59075164794922
C00 500.018 90.70415496826172
C00 525.002 92.63892364501953
C00 550.029 94.15937042236328
C00 575.023 95.71971130371094
C00 599.982 96.99504852294922
C00 619.997 97.19671630859375
C00 624.979 97.25309753417969
C00 650.012 97.72273254394531
C00 675.004 98.0531997680664
C00 700.03 97.84064483642578
C00 725.012 97.71435546875
C00 750.022 98.29023742675781
C00 774.987 98.76253509521484
C00 799.976 98.07718658447266
C00 824.988 96.48919677734375
C00 850.022 94.22447204589844
C00 869.967 91.1576919555664
C00 875.002 90.06344604492188
C00 899.999 82.46215057373047
C00 919.999 73.62732696533203
C00 925.012 70.78274536132812
C00 949.965 58.13041305541992
C00 975.002 43.195526123046875
C00 999.976 26.330230712890625
C00 1025.028 11.14049243927002
C00 1050.014 3.777909278869629
C00 1075.002 0.9364019083560138
C00 1099.99 0.09290893709232946
C01 319.994 39.89577865600586
C01 324.969 45.01403045654297
C01 349.982 68.80020904541016
C01 374.975 76.0643310546875
C01 400.019 83.05009460449219
C01 424.965 85.10169982910156
C01 450.035 86.6501235961914
C01 475.003 88.85176086425781
C01 500.018 90.96358489990234
C01 525.002 92.90093994140625
C01 550.029 94.42334747314453
C01 575.023 95.98623657226562
C01 599.982 97.27014923095703
C01 619.997 97.47341918945312
C01 624.979 97.53321838378906
C01 650.012 98.00286865234375
C01 675.004 98.34100341796875
C01 700.03 98.12554168701172
C01 725.012 98.00154113769531
C01 750.022 98.5782241821289
C01 774.987 99.04692840576172
C01 799.976 98.36148834228516
C01 824.988 96.78730773925781
C01 850.022 94.53568267822266
C01 869.967 91.46308135986328
C01 875.002 90.35371398925781
C01 899.999 82.75312042236328
C01 919.999 74.01204681396484
C01 925.012 71.16474151611328
C01 949.965 58.42301940917969
C01 975.002 43.3779296875
C01 999.976 26.467487335205078
C01 1025.028 11.170557022094727
C01 1050.014 3.795620918273926
C01 1075.002 0.9391455595016087
C01 1099.99 0.0931811596384549
C02 319.994 39.85469436645508
C02 324.969 44.97071838378906
C02 349.982 68.6847915649414
C02 374.975 75.83512878417969
C02 400.019 82.74223327636719
C02 424.965 84.77198791503906
C02 450.035 86.31279754638672
C02 475.003 88.50203704833984
C02 500.018 90.60627746582031
C02 525.002 92.53095245361328
C02 550.029 94.04476165771484
C02 575.023 95.60138702392578
C02 599.982 96.87332153320312
C02 619.997 97.07329559326172
C02 624.979 97.12770080566406
C02 650.012 97.59725189208984
C02 675.004 97.92575073242188
C02 700.03 97.703857421875
C02 725.012 97.5773696899414
C02 750.022 98.14592742919922
C02 774.987 98.61643981933594
C02 799.976 97.93637084960938
C02 824.988 96.37995910644531
C02 850.022 94.16547393798828
C02 869.967 91.11341857910156
C02 875.002 89.98829650878906
C02 899.999 82.46976470947266
C02 919.999 73.85166931152344
C02 925.012 71.03829956054688
C02 949.965 58.3200569152832
C02 975.002 43.279998779296875
C02 999.976 26.43266487121582
C02 1025.028 11.14442253112793
C02 1050.014 3.789862871170044
C02 1075.002 0.9350271082479603
C02 1099.99 0.09277253068861131
C03 319.994 39.996803283691406
C03 324.969 45.12977981567383
C03 349.982 68.8825912475586
C03 374.975 75.98702239990234
C03 400.019 82.85387420654297
C03 424.965 84.8672103881836
C03 450.035 86.40648651123047
C03 475.003 88.59379577636719
C03 500.018 90.69554901123047
C03 525.002 92.62274932861328
C03 550.029 94.13534545898438
C03 575.023 95.68561553955078
C03 599.982 96.95389556884766
C03 619.997 97.15321350097656
C03 624.979 97.21273803710938
C03 650.012 97.67411041259766
C03 675.004 98.00000762939453
C03 700.03 97.77923583984375
C03 725.012 97.64725494384766
C03 750.022 98.22161102294922
C03 774.987 98.69277954101562
C03 799.976 98.01603698730469
C03 824.988 96.47037506103516
C03 850.022 94.26993560791016
C03 869.967 91.17144012451172
C03 875.002 90.04386901855469
C03 899.999 82.63746643066406
C03 919.999 74.05744171142578
C03 925.012 71.21136474609375
C03 949.965 58.41777038574219
C03 975.002 43.33577346801758
C03 999.976 26.51451301574707
C03 1025.028 11.180124282836914
C03 1050.014 3.821936845779419
C03 1075.002 0.9357481188966208
C03 1099.99 0.09284406870279253
C04 319.994 40.350616455078125
C04 324.969 45.52946090698242
C04 349.982 69.44862365722656
C04 374.975 76.50518798828125
C04 400.019 83.31205749511719
C04 424.965 85.30111694335938
C04 450.035 86.8317642211914
C04 475.003 89.02198791503906
C04 500.018 91.12503051757812
C04 525.002 93.05381774902344
C04 550.029 94.56880187988281
C04 575.023 96.1228256225586
C04 599.982 97.39362335205078
C04 619.997 97.58900451660156
C04 624.979 97.64334106445312
C04 650.012 98.10431671142578
C04 675.004 98.43093872070312
C04 700.03 98.20690155029297
C04 725.012 98.07832336425781
C04 750.022 98.658935546875
C04 774.987 99.13953399658203
C04 799.976 98.46157836914062
C04 824.988 96.91831970214844
C04 850.022 94.70374298095703
C04 869.967 91.54801940917969
C04 875.002 90.42156219482422
C04 899.999 83.11942291259766
C04 919.999 74.43548583984375
C04 925.012 71.6324462890625
C04 949.965 58.731868743896484
C04 975.002 43.5462646484375
C04 999.976 26.61020851135254
C04 1025.028 11.261530876159668
C04 1050.014 3.864776372909546
C04 1075.002 0.9399144192528729
C04 1099.99 0.09325744519663838
C05 319.994 40.35477828979492
C05 324.969 45.536827087402344
C05 349.982 69.43449401855469
C05 374.975 76.40217590332031
C05 400.019 83.14034271240234
C05 424.965 85.1070327758789
C05 450.035 86.624755859375
C05 475.003 88.80640411376953
C05 500.018 90.90449523925781
C05 525.002 92.82549285888672
C05 550.029 94.33820343017578
C05 575.023 95.88658142089844
C05 599.982 97.15262603759766
C05 619.997 97.34297180175781
C05 624.979 97.39720153808594
C05 650.012 97.85650634765625
C05 675.004 98.17892456054688
C05 700.03 97.95526885986328
C05 725.012 97.83670043945312
C05 750.022 98.42449188232422
C05 774.987 98.91414642333984
C05 799.976 98.24564361572266
C05 824.988 96.70848846435547
C05 850.022 94.49053192138672
C05 869.967 91.3194808959961
C05 875.002 90.19828796386719
C05 899.999 83.02970886230469
C05 919.999 74.34973907470703
C05 925.012 71.53614044189453
C05 949.965 58.5563850402832
C05 975.002 43.426204681396484
C05 999.976 26.57914924621582
C05 1025.028 11.286568641662598
C05 1050.014 3.8875234127044678
C05 1075.002 0.9376808159055195
C05 1099.99 0.09303582912448322
C06 319.994 40.459468841552734
C06 324.969 45.65757369995117
C06 349.982 69.5993881225586
C06 374.975 76.5276107788086
C06 400.019 83.2289810180664
C06 424.965 85.18421936035156
C06 450.035 86.6983871459961
C06 475.003 88.88491821289062
C06 500.018 90.98613739013672
C06 525.002 92.90970611572266
C06 550.029 94.4208984375
C06 575.023 95.96897888183594
C06 599.982 97.23849487304688
C06 619.997 97.43049621582031
C06 624.979 97.48040008544922
C06 650.012 97.93817901611328
C06 675.004 98.26021575927734
C06 700.03 98.0408935546875
C06 725.012 97.9295425415039
C06 750.022 98.53878784179688
C06 774.987 99.04486083984375
C06 799.976 98.38219451904297
C06 824.988 96.85177612304688
C06 850.022 94.61569213867188
C06 869.967 91.49312591552734
C06 875.002 90.39690399169922
C06 899.999 83.22608947753906
C06 919.999 74.39225006103516
C06 925.012 71.58248138427734
C06 949.965 58.6279296875
C06 975.002 43.5521354675293
C06 999.976 26.59427261352539
C06 1025.028 11.320143699645996
C06 1050.014 3.8818459510803223
C06 1075.002 0.9387695515810145
C06 1099.99 0.09314385247800491
C07 319.994 40.43075180053711
C07 324.969 45.626922607421875
C07 349.982 69.53411865234375
C07 374.975 76.4146728515625
C07 400.019 83.08434295654297
C07 424.965 85.02761840820312
C07 450.035 86.5418472290039
C07 475.003 88.72554779052734
C07 500.018 90.82206726074219
C07 525.002 92.74591827392578
C07 550.029 94.25419616699219
C07 575.023 95.79981994628906
C07 599.982 97.06531524658203
C07 619.997 97.25385284423828
C07 624.979 97.30690002441406
C07 650.012 97.76178741455078
C07 675.004 98.0838623046875
C07 700.03 97.86945343017578
C07 725.012 97.7742691040039
C07 750.022 98.40343475341797
C07 774.987 98.92986297607422
C07 799.976 98.28265380859375
C07 824.988 96.7596206665039
C07 850.022 94.55159759521484
C07 869.967 91.53385162353516
C07 875.002 90.45684814453125
C07 899.999 83.11255645751953
C07 919.999 74.2439193725586
C07 925.012 71.49520111083984
C07 949.965 58.830589294433594
C07 975.002 43.61131286621094
C07 999.976 26.63396644592285
C07 1025.028 11.28153133392334
C07 1050.014 3.8983476161956787
C07 1075.002 0.9374798787991496
C07 1099.99 0.09301589232938631
C10 319.994 39.6588020324707
C10 324.969 44.75022888183594
C10 349.982 68.143798828125
C10 374.975 75.17928314208984
C10 400.019 82.56338500976562
C10 424.965 84.84785461425781
C10 450.035 86.5441665649414
C10 475.003 88.83589172363281
C10 500.018 91.00835418701172
C10 525.002 92.97942352294922
C10 550.029 94.52603912353516
C10 575.023 96.10103607177734
C10 599.982 97.38359069824219
C10 619.997 97.58553314208984
C10 624.979 97.64054107666016
C10 650.012 98.10993194580078
C10 675.004 98.42098236083984
C10 700.03 98.10027313232422
C10 725.012 97.69497680664062
C10 750.022 97.91956329345703
C10 774.987 98.06159210205078
C10 799.976 97.2547836303711
C10 824.988 95.7642822265625
C10 850.022 93.54270935058594
C10 869.967 90.52894592285156
C10 875.002 89.42005920410156
C10 899.999 82.27733612060547
C10 919.999 74.03749084472656
C10 925.012 71.1381607055664
C10 949.965 58.01818084716797
C10 975.002 42.980682373046875
C10 999.976 26.26351547241211
C10 1025.028 11.178937911987305
C10 1050.014 3.837834358215332
C10 1075.002 0.9328734067304334
C10 1099.99 0.0925588424026072
C11 319.994 39.7177734375
C11 324.969 44.81922912597656
C11 349.982 68.2369613647461
C11 374.975 75.22886657714844
C11 400.019 82.52762603759766
C11 424.965 84.78072357177734
C11 450.035 86.45453643798828
C11 475.003 88.73509979248047
C11 500.018 90.89598846435547
C11 525.002 92.85838317871094
C11 550.029 94.39887237548828
C11 575.023 95.96720123291016
C11 599.982 97.24605560302734
C11 619.997 97.44747924804688
C11 624.979 97.5014419555664
C11 650.012 97.96353149414062
C11 675.004 98.27449035644531
C11 700.03 97.951171875
C11 725.012 97.53728485107422
C11 750.022 97.74112701416016
C11 774.987 97.87151336669922
C11 799.976 97.0603256225586
C11 824.988 95.58113861083984
C11 850.022 93.36380004882812
C11 869.967 90.31806182861328
C11 875.002 89.20600128173828
C11 899.999 82.15325927734375
C11 919.999 73.91217041015625
C11 925.012 71.18147277832031
C11 949.965 58.03874206542969
C11 975.002 42.94462585449219
C11 999.976 26.307771682739258
C11 1025.028 11.176416397094727
C11 1050.014 3.843184232711792
C11 1075.002 0.9311735787348583
C11 1099.99 0.09239018703048614
C12 319.994 39.948890686035156
C12 324.969 45.07743835449219
C12 349.982 68.61384582519531
C12 374.975 75.58759307861328
C12 400.019 82.83183288574219
C12 424.965 85.05628204345703
C12 450.035 86.71920776367188
C12 475.003 88.99634552001953
C12 500.018 91.15902709960938
C12 525.002 93.12295532226562
C12 550.029 94.66183471679688
C12 575.023 96.23214721679688
C12 599.982 97.51299285888672
C12 619.997 97.71031188964844
C12 624.979 97.76557922363281
C12 650.012 98.22958374023438
C12 675.004 98.53810119628906
C12 700.03 98.20804595947266
C12 725.012 97.78731536865234
C12 750.022 97.98893737792969
C12 774.987 98.10894775390625
C12 799.976 97.2943115234375
C12 824.988 95.81136322021484
C12 850.022 93.59842681884766
C12 869.967 90.5306396484375
C12 875.002 89.4316177368164
C12 899.999 82.37532806396484
C12 919.999 74.12499237060547
C12 925.012 71.38525390625
C12 949.965 58.208438873291016
C12 975.002 43.12214660644531
C12 999.976 26.37807273864746
C12 1025.028 11.196165084838867
C12 1050.014 3.85315203666687
C12 1075.002 0.9335345276790691
C12 1099.99 0.0926244382157715
C13 319.994 39.999732971191406
C13 324.969 45.137760162353516
C13 349.982 68.69209289550781
C13 374.975 75.63412475585938
C13 400.019 82.81329345703125
C13 424.965 85.01319885253906
C13 450.035 86.66082763671875
C13 475.003 88.9298095703125
C13 500.018 91.08124542236328
C13 525.002 93.041748046875
C13 550.029 94.57877349853516
C13 575.023 96.14088439941406
C13 599.982 97.4186782836914
C13 619.997 97.61324310302734
C13 624.979 97.66935729980469
C13 650.012 98.12670135498047
C13 675.004 98.43389129638672
C13 700.03 98.10502624511719
C13 725.012 97.67733764648438
C13 750.022 97.87752532958984
C13 774.987 97.99417114257812
C13 799.976 97.1749038696289
C13 824.988 95.7035903930664
C13 850.022 93.49800872802734
C13 869.967 90.36255645751953
C13 875.002 89.26932525634766
C13 899.999 82.40542602539062
C13 919.999 74.1898422241211
C13 925.012 71.39619445800781
C13 949.965 58.07877731323242
C13 975.002 43.05738830566406
C13 999.976 26.392749786376953
C13 1025.028 11.23786449432373
C13 1050.014 3.8585739135742188
C13 1075.002 0.9324731361828987
C13 1099.99 0.09251912792660182
C14 319.994 40.182334899902344
C14 324.969 45.341156005859375
C14 349.982 68.9885482788086
C14 374.975 75.9078598022461
C14 400.019 83.019775390625
C14 424.965 85.18502044677734
C14 450.035 86.81434631347656
C14 475.003 89.07649993896484
C14 500.018 91.23053741455078
C14 525.002 93.18701171875
C14 550.029 94.7215805053711
C14 575.023 96.28538513183594
C14 599.982 97.55889892578125
C14 619.997 97.75257110595703
C14 624.979 97.80960083007812
C14 650.012 98.26703643798828
C14 675.004 98.57096862792969
C14 700.03 98.23954772949219
C14 725.012 97.81881713867188
C14 750.022 98.02096557617188
C14 774.987 98.14132690429688
C14 799.976 97.32610321044922
C14 824.988 95.86808776855469
C14 850.022 93.62559509277344
C14 869.967 90.48963165283203
C14 875.002 89.41751098632812
C14 899.999 82.6680679321289
C14 919.999 74.32241821289062
C14 925.012 71.52655792236328
C14 949.965 58.18625259399414
C14 975.002 43.09952926635742
C14 999.976 26.410802841186523
C14 1025.028 11.292312622070312
C14 1050.014 3.86016845703125
C14 1075.002 0.9338396552051299
C14 1099.99 0.09265471268859236
C15 319.994 40.213104248046875
C15 324.969 45.37864303588867
C15 349.982 69.02751922607422
C15 374.975 75.92028045654297
C15 400.019 83.02165985107422
C15 424.965 85.18455505371094
C15 450.035 86.81169128417969
C15 475.003 89.07427978515625
C15 500.018 91.22359466552734
C15 525.002 93.17760467529297
C15 550.029 94.71479034423828
C15 575.023 96.27426147460938
C15 599.982 97.54820251464844
C15 619.997 97.74313354492188
C15 624.979 97.7968978881836
C15 650.012 98.25211334228516
C15 675.004 98.55793762207031
C15 700.03 98.2279052734375
C15 725.012 97.81180572509766
C15 750.022 98.03015899658203
C15 774.987 98.16239929199219
C15 799.976 97.3563461303711
C15 824.988 95.90526580810547
C15 850.022 93.64810180664062
C15 869.967 90.58126068115234
C15 875.002 89.53031158447266
C15 899.999 82.7830581665039
C15 919.999 74.34745788574219
C15 925.012 71.54016876220703
C15 949.965 58.26384735107422
C15 975.002 43.13584518432617
C15 999.976 26.420520782470703
C15 1025.028 11.30012321472168
C15 1050.014 3.8469789028167725
C15 1075.002 0.9339271243873929
C15 1099.99 0.0926633913005002
C16 319.994 40.230125427246094
C16 324.969 45.398719787597656
C16 349.982 69.06101989746094
C16 374.975 75.97309112548828
C16 400.019 83.05602264404297
C16 424.965 85.20282745361328
C16 450.035 86.82799530029297
C16 475.003 89.08255767822266
C16 500.018 91.2322998046875
C16 525.002 93.18849182128906
C16 550.029 94.7225570678711
C16 575.023 96.28040313720703
C16 599.982 97.5546875
C16 619.997 97.74846649169922
C16 624.979 97.80425262451172
C16 650.012 98.25825500488281
C16 675.004 98.56925964355469
C16 700.03 98.24189758300781
C16 725.012 97.84266662597656
C16 750.022 98.08076477050781
C16 774.987 98.23362731933594
C16 799.976 97.442626953125
C16 824.988 95.99616241455078
C16 850.022 93.74491882324219
C16 869.967 90.75896453857422
C16 875.002 89.70953369140625
C16 899.999 82.86245727539062
C16 919.999 74.3814926147461
C16 925.012 71.59337615966797
C16 949.965 58.454132080078125
C16 975.002 43.17926025390625
C16 999.976 26.475204467773438
C16 1025.028 11.269098281860352
C16 1050.014 3.852738618850708
C16 1075.002 0.9344090631423195
C16 1099.99 0.092711208821016
C17 319.994 40.19832992553711
C17 324.969 45.362449645996094
C17 349.982 69.01325225830078
C17 374.975 75.92427825927734
C17 400.019 82.99525451660156
C17 424.965 85.13623809814453
C17 450.035 86.7540512084961
C17 475.003 89.00723266601562
C17 500.018 91.15226745605469
C17 525.002 93.10372924804688
C17 550.029 94.63472747802734
C17 575.023 96.19725799560547
C17 599.982 97.4686508178711
C17 619.997 97.6628646850586
C17 624.979 97.71671295166016
C17 650.012 98.17808532714844
C17 675.004 98.48323059082031
C17 700.03 98.16546630859375
C17 725.012 97.78802490234375
C17 750.022 98.05598449707031
C17 774.987 98.23500061035156
C17 799.976 97.4581069946289
C17 824.988 96.0105972290039
C17 850.022 93.79179382324219
C17 869.967 90.86758422851562
C17 875.002 89.8183822631836
C17 899.999 82.81983184814453
C17 919.999 74.44469451904297
C17 925.012 71.6561279296875
C17 949.965 58.524173736572266
C17 975.002 43.20469665527344
C17 999.976 26.50664520263672
C17 1025.028 11.285876274108887
C17 1050.014 3.8840901851654053
C17 1075.002 0.9341727441097277
C17 1099.99 0.09268776146370408
