lsstCam/transmission_filter_detector/r22_s01/z_20/19700101T000000.ecsv
# %ECSV 1.0
# ---
# datatype:
# - {name: wavelength, unit: nm, datatype: float32}
# - {name: efficiency, unit: '%', datatype: float64}
# meta: !!omap
# - {MODE: DETECTOR}
# - {TYPE: transmission_filter_detector}
# - {CALIBDATE: '1970-01-01T00:00:00'}
# - {INSTRUME: LSSTCam}
# - {OBSTYPE: transmission_filter_detector}
# - {CALIBCLS: lsst.ip.isr.IntermediateFilterDetectorTransmissionCurve}
# - {SOURCE: Materion (DM-46256)}
# - {DETECTOR: 91}
# - {FILTER: z_20}
# - {CALIB_ID: 'calibDate=1970-01-01T00:00:00 filter=z_20 detector=91'}
# - {DATE: '2025-04-02T15:59:49.060798'}
# - {CALIB_CREATION_DATE: '2025-04-02'}
# - {CALIB_CREATION_TIME: '15:59:49'}
# - __serialized_columns__:
#     efficiency:
#       __class__: astropy.units.quantity.Quantity
#       unit: !astropy.units.Unit {unit: '%'}
#       value: !astropy.table.SerializedColumn {name: efficiency}
#     wavelength:
#       __class__: astropy.units.quantity.Quantity
#       unit: !astropy.units.Unit {unit: nm}
#       value: !astropy.table.SerializedColumn {name: wavelength}
# schema: astropy-2.0
wavelength efficiency
300.0 0.8752403780817986
301.0 0.5944994743913412
302.0 0.31375859398394823
303.0 0.3020117059350014
304.0 0.2902648178860545
305.0 0.24473865050822496
306.0 0.19921243656426668
307.0 0.18495668191462755
308.0 0.1707009505480528
309.0 0.1487815985456109
310.0 0.12686224654316902
311.0 0.1280977507121861
312.0 0.12933328980579972
313.0 0.11443857802078128
314.0 0.0995438895188272
315.0 0.09746244759298861
316.0 0.09538100566715002
317.0 0.08018334046937525
318.0 0.06498568691313267
319.0 0.0651489885058254
320.0 0.06531227845698595
321.0 0.06406808970496058
322.0 0.06282389513216913
323.0 0.055756192887201905
324.0 0.048688496463000774
325.0 0.04482577496673912
326.0 0.04096305347047746
327.0 0.04033369186799973
328.0 0.039704330265522
329.0 0.035065546398982406
330.0 0.0304267683532089
331.0 0.027977293939329684
332.0 0.025527819525450468
333.0 0.02459007955621928
334.0 0.02365233813179657
335.0 0.022497856116387993
336.0 0.021343372645787895
337.0 0.025199164520017803
338.0 0.029054947663098574
339.0 0.024911807850003242
340.0 0.02076867240248248
341.0 0.017637999553699046
342.0 0.014507326704915613
343.0 0.014358556654769927
344.0 0.014209789515007287
345.0 0.013230038166511804
346.0 0.01225028681801632
347.0 0.011741840717149898
348.0 0.011233395343879238
349.0 0.013790464436169714
350.0 0.016347535711247474
351.0 0.013665607548318803
352.0 0.010983675019815564
353.0 0.01136882056016475
354.0 0.011753966828109697
355.0 0.01007695755106397
356.0 0.008399950456805527
357.0 0.009431987564312294
358.0 0.010464027582202107
359.0 0.010242490679956973
360.0 0.010020953777711838
361.0 0.009171373676508665
362.0 0.008321795758092776
363.0 0.009426623000763357
364.0 0.010531449515838176
365.0 0.010254099470330402
366.0 0.009976751607609913
367.0 0.00875776750035584
368.0 0.007538781937910244
369.0 0.008028417505556718
370.0 0.008518053800798953
371.0 0.008410167356487364
372.0 0.008302283094963059
373.0 0.007319130963878706
374.0 0.006335981015581638
375.0 0.006613801087951288
376.0 0.006891621160320938
377.0 0.007257123070303351
378.0 0.007622623525094241
379.0 0.006359270628308877
380.0 0.005095917003927752
381.0 0.003288838342996314
382.0 0.0014817601368122268
383.0 0.003664671748992987
384.0 0.005847583088325337
385.0 0.0056027860409813
386.0 0.005357988993637264
387.0 0.0059908888943027705
388.0 0.006623789522564039
389.0 0.005872852125321515
390.0 0.005121915455674753
391.0 0.004736645132652484
392.0 0.004351374809630215
393.0 0.004830395846511237
394.0 0.005309417610988021
395.0 0.004445578815648332
396.0 0.003581739656510763
397.0 0.003789058609982021
398.0 0.003996376835857518
399.0 0.0041788902308326215
400.0 0.004361403625807725
401.0 0.0048168309149332345
402.0 0.005272258567856625
403.0 0.005196486017666757
404.0 0.005120714195072651
405.0 0.004144811100559309
406.0 0.0031689087336417288
407.0 0.0018507815184420906
408.0 0.0005326549398887437
409.0 0.0020717929146485403
410.0 0.0036109311622567475
411.0 0.004208747486700304
412.0 0.00480656381114386
413.0 0.004598251689458266
414.0 0.004389939567772672
415.0 0.0036746459954883903
416.0 0.0029593526051030494
417.0 0.0039676568121649325
418.0 0.004975961201125756
419.0 0.004406355947139673
420.0 0.0038367510569514707
421.0 0.003962001574109308
422.0 0.004087252455065027
423.0 0.0038111262256279588
424.0 0.003535001087584533
425.0 0.0025313956939498894
426.0 0.0015277906641131267
427.0 0.0017753471183823422
428.0 0.002022903754550498
429.0 0.0014102917702984996
430.0 0.000797680149844382
431.0 0.0007630859727214556
432.0 0.0007284917955985293
433.0 0.0006790468432882335
434.0 0.0006296018909779377
435.0 0.0012145461369073018
436.0 0.001799490382836666
437.0 0.0018973518308484927
438.0 0.001995213096961379
439.0 0.0020931940525770187
440.0 0.002191175371990539
441.0 0.001655464802752249
442.0 0.0011197546882613096
443.0 0.0023209293431136757
444.0 0.003522104088915512
445.0 0.0034684198908507824
446.0 0.003414735692786053
447.0 0.002715623122639954
448.0 0.0020165107343927957
449.0 0.0026444182367413305
450.0 0.0032723262847866863
451.0 0.002616236270114314
452.0 0.0019601458916440606
453.0 0.0017822330846684054
454.0 0.0016043206414906308
455.0 0.002326163485122379
456.0 0.0030480065106530674
457.0 0.002226924152637366
458.0 0.0014058418855711352
459.0 0.001540441189717967
460.0 0.0016750402210163884
461.0 0.0008075790901784785
462.0 1.5682830468294329e-10
463.0 0.0009751640391186811
464.0 0.0020102104826946743
465.0 0.002255982872156892
466.0 0.00250175544351805
467.0 0.002160473923140671
468.0 0.0018191918570664711
469.0 0.001655710548220668
470.0 0.0014922291484253947
471.0 0.0013772465536021627
472.0 0.0012622643225768115
473.0 0.0012249064639036078
474.0 0.001187548605230404
475.0 0.0010380244930274785
476.0 0.0008885003808245528
477.0 0.0013630770808958914
478.0 0.0018376535081188194
479.0 0.0021232219296507537
480.0 0.0024087899873848073
481.0 0.0019286724636913277
482.0 0.0014485546671494376
483.0 0.0009971051440516021
484.0 0.0005456555300042965
485.0 0.001366368178423727
486.0 0.002187080644944217
487.0 0.001526480627944693
488.0 0.0008658807928441092
489.0 0.0016665499060763977
490.0 0.0024672192012076266
491.0 0.0023387383407680318
492.0 0.0022102576622273773
493.0 0.002007564398809336
494.0 0.0018048713172902353
495.0 0.001636261004023254
496.0 0.0014676507817057427
497.0 0.0012746597349178046
498.0 0.0010816687790793367
499.0 0.0011750234989449382
500.0 0.0012683783097600099
501.0 0.0008647065442346502
502.0 0.00046103450586088
503.0 0.001263332615053514
504.0 0.002065630724246148
505.0 0.0022709316908731125
506.0 0.002476232657500077
507.0 0.0023584743757965043
508.0 0.0022407159121939912
509.0 0.001851261367846746
510.0 0.0014618071872973815
511.0 0.0011378386261640117
512.0 0.000813870155980112
513.0 0.0012264418728591409
514.0 0.0016390138625865802
515.0 0.0013179179404687602
516.0 0.0009968226549972314
517.0 0.0009372962267661933
518.0 0.0008777696166362148
519.0 0.001115380564442603
520.0 0.0013529910575016402
521.0 0.0016902929928619415
522.0 0.0020275949282222427
523.0 0.001328703456238145
524.0 0.000629811847829842
525.0 0.000720895786798792
526.0 0.0008119798621919472
527.0 0.0011374378118489403
528.0 0.001462896034354344
529.0 0.0012858687114203349
530.0 0.0011088408427895047
531.0 0.001180700110126054
532.0 0.0012525594684120733
533.0 0.0008649524716020096
534.0 0.0004773454747919459
535.0 0.0011041776815545745
536.0 0.001731009797367733
537.0 0.0016305026292684488
538.0 0.0015299952792702243
539.0 0.0010634527825459372
540.0 0.0005969099220237695
541.0 0.0007512069259973941
542.0 0.0009055039299710188
543.0 0.001288057137571741
544.0 0.0016706104361219332
545.0 0.0011017713404726237
546.0 0.0005329325631464599
547.0 0.0012035981853841804
548.0 0.0018742635802482255
549.0 0.0016897916793823242
550.0 0.0015053196875669528
551.0 0.0016135265468619764
552.0 0.0017217331333085895
553.0 0.0014146478861221112
554.0 0.0011075622751377523
555.0 0.0009809719813347328
556.0 0.0008543816875317134
557.0 0.0013029726687818766
558.0 0.0017515634681330994
559.0 0.001747743590385653
560.0 0.0017439231669413857
561.0 0.0015784982679178938
562.0 0.001413073368894402
563.0 0.001196981429529842
564.0 0.000980889490165282
565.0 0.001734998841129709
566.0 0.0024891083739930764
567.0 0.002916361154348124
568.0 0.0033436139347031713
569.0 0.003021360134880524
570.0 0.002699106335057877
571.0 0.0025392171664861962
572.0 0.0023793276341166347
573.0 0.0019346773115103133
574.0 0.0014900273527018726
575.0 0.0019157292626914568
576.0 0.0023414309907821007
577.0 0.0019401450117584318
578.0 0.001538859578431584
579.0 0.0016727974070818163
580.0 0.001806734871934168
581.0 0.0016571526430197991
582.0 0.0015075702322064899
583.0 0.0019727709513972513
584.0 0.002437971852486953
585.0 0.0025736426323419437
586.0 0.0027093134121969342
587.0 0.0021664842279278673
588.0 0.0016236546798609197
589.0 0.0019705907106981613
590.0 0.002317526923434343
591.0 0.001448090642952593
592.0 0.0005786541350971675
593.0 0.0005450337084766943
594.0 0.0005114130544825457
595.0 0.0010078421837533824
596.0 0.001504271222074749
597.0 0.001389354838465806
598.0 0.0012744384548568632
599.0 0.0009508095899946056
600.0 0.0006271807706070831
601.0 0.0005620184765575686
602.0 0.0004968560006091138
603.0 0.000981586617854191
604.0 0.0014663167348771822
605.0 0.0009297455108026043
606.0 0.0003931740593543509
607.0 0.0007641368028998841
608.0 0.0011350995919201523
609.0 0.001184855318570044
610.0 0.001234610772371525
611.0 0.0010175886927754618
612.0 0.0008005663403309882
613.0 0.0007788229595462326
614.0 0.0007570795332867419
615.0 0.0012373797289910726
616.0 0.0017176800611196086
617.0 0.0021856034436495975
618.0 0.0026535268261795864
619.0 0.002192838837800082
620.0 0.0017321504856226966
621.0 0.0014690899661218282
622.0 0.0012060292647220194
623.0 0.0015445864846697077
624.0 0.001883143704617396
625.0 0.0017111207853304222
626.0 0.001539097684144508
627.0 0.0019231416445109062
628.0 0.0023071856048773043
629.0 0.002033096825471148
630.0 0.0017590080460649915
631.0 0.0015421235730173066
632.0 0.0013252390090201516
633.0 0.0016987183698802255
634.0 0.0020721978216897696
635.0 0.005044422505307011
636.0 0.00801664573373273
637.0 0.015336849901359528
638.0 0.022657054068986326
639.0 0.01979336084332317
640.0 0.016929666162468493
641.0 0.01476645702496171
642.0 0.012603250797837973
643.0 0.010112774180015549
644.0 0.007622299017384648
645.0 0.006877879786770791
646.0 0.006133460556156933
647.0 0.005628521830658428
648.0 0.005123582741362043
649.0 0.004209300459478982
650.0 0.0032950185413938016
651.0 0.003676430424093269
652.0 0.004057842670590617
653.0 0.003332617416162975
654.0 0.0026073921617353335
655.0 0.0028196596758789383
656.0 0.0030319279176183045
657.0 0.0029813507353537716
658.0 0.0029307730073924176
659.0 0.0027844762371387333
660.0 0.0026381796487839893
661.0 0.002763225893431809
662.0 0.002888271956180688
663.0 0.0019984348909929395
664.0 0.0011085979167546611
665.0 0.0016118839994305745
666.0 0.002115170173055958
667.0 0.0024259295969386585
668.0 0.002736689020821359
669.0 0.002013473931583576
670.0 0.0012902590242447332
671.0 0.0009500377927906811
672.0 0.0006098166068113642
673.0 0.001320623323408654
674.0 0.002031430267379619
675.0 0.0021281131921568885
676.0 0.002224795753136277
677.0 0.0019219258319935761
678.0 0.0016190555470529944
679.0 0.0013600361853605136
680.0 0.0011010166417690925
681.0 0.001260467524843989
682.0 0.0014199183169694152
683.0 0.0025000319510581903
684.0 0.003580145857995376
685.0 0.0029956174330436625
686.0 0.0024110891899908893
687.0 0.0017809816199587658
688.0 0.0011508739589771722
689.0 0.0014597151675843634
690.0 0.001768556103343144
691.0 0.0020688627046183683
692.0 0.002369168942095712
693.0 0.0026938616429106332
694.0 0.003018554525624495
695.0 0.0032338586606783792
696.0 0.003449162613833323
697.0 0.0036096553230891004
698.0 0.003770147668546997
699.0 0.005555338793783449
700.0 0.0073405295552220196
701.0 0.007124325929908082
702.0 0.006908121576998383
703.0 0.006394022784661502
704.0 0.0058799239923246205
705.0 0.005328245606506243
706.0 0.004776566493092105
707.0 0.004480705683818087
708.0 0.004184844146948308
709.0 0.004369873204268515
710.0 0.0045549022615887225
711.0 0.004103714672964998
712.0 0.0036525274481391534
713.0 0.002606096495583188
714.0 0.0015596655430272222
715.0 0.0022177500795805827
716.0 0.002875834616133943
717.0 0.0025168959837174043
718.0 0.0021579569875029847
719.0 0.0017295024008490145
720.0 0.0013010477232455742
721.0 0.001189394788525533
722.0 0.001077741490007611
723.0 0.0009814367331273388
724.0 0.0008851318852975965
725.0 0.0012454206625989173
726.0 0.0016057096217991784
727.0 0.0016585021512582898
728.0 0.0017112946807174012
729.0 0.001810391404433176
730.0 0.0019094881281489506
731.0 0.00142724120451021
732.0 0.0009449944627704099
733.0 0.0009784120265976526
734.0 0.0010118295904248953
735.0 0.001085129588318523
736.0 0.00115842922241427
737.0 0.0013083084013487678
738.0 0.0014581873983843252
739.0 0.0011876498319907114
740.0 0.0009171121746476274
741.0 0.0010531099178479053
742.0 0.0011891076610481832
743.0 0.0016251169654424302
744.0 0.0020611259969882667
745.0 0.0013752813174505718
746.0 0.000689436683387612
747.0 0.0012035114195896313
748.0 0.001717586383165326
749.0 0.0024116530767059885
750.0 0.0031057199521455914
751.0 0.0030664137739222497
752.0 0.0030271079594967887
753.0 0.002971626236103475
754.0 0.0029161445127101615
755.0 0.0019240567780798301
756.0 0.0009319690434494987
757.0 0.0019226770746172406
758.0 0.002913385287683923
759.0 0.0027202326236874796
760.0 0.002527079777792096
761.0 0.004300183354644105
762.0 0.006073285840102471
763.0 0.005655780842062086
764.0 0.00523827548022382
765.0 0.00540148867003154
766.0 0.005564701859839261
767.0 0.004679599442170002
768.0 0.003794496660702862
769.0 0.0034685213904595003
770.0 0.003142547211609781
771.0 0.003919212394976057
772.0 0.004695878305938095
773.0 0.003994080179836601
774.0 0.0032922813261393458
775.0 0.019433019042480737
776.0 1.5682830468294329e-10
777.0 0.00437337439507246
778.0 1.5682830468294329e-10
779.0 0.043870267109014094
780.0 0.12937653809785843
781.0 1.5682830468294329e-10
782.0 1.5682830468294329e-10
783.0 0.11103946017101407
784.0 0.07049198029562831
785.0 0.18998559098690748
786.0 0.07300270372070372
787.0 0.0639958307147026
788.0 0.10642718989402056
789.0 1.5682830468294329e-10
790.0 0.031091866549104452
791.0 0.0012218411939102225
792.0 0.26431032456457615
793.0 1.5682830468294329e-10
794.0 0.06857426487840712
795.0 1.5682830468294329e-10
796.0 0.11793064186349511
797.0 0.08775392198003829
798.0 0.13570223236456513
799.0 0.051049323519691825
800.0 0.16947058029472828
801.0 0.05955011583864689
802.0 0.3150014206767082
803.0 0.44408212415874004
804.0 0.775318406522274
805.0 1.3227970339357853
806.0 2.185583673417568
807.0 3.4334830939769745
808.0 4.9820564687252045
809.0 7.033307105302811
810.0 9.601850062608719
811.0 12.549394369125366
812.0 15.734903514385223
813.0 18.934129178524017
814.0 21.510617434978485
815.0 24.37100112438202
816.0 28.257974982261658
817.0 33.063480257987976
818.0 38.137286901474
819.0 43.32296550273895
820.0 50.115376710891724
821.0 57.37617015838623
822.0 64.17362689971924
823.0 70.75940370559692
824.0 77.06384658813477
825.0 82.67090916633606
826.0 87.18762993812561
827.0 91.4681077003479
828.0 95.23975253105164
829.0 97.42037057876587
830.0 98.06991815567017
831.0 98.94287586212158
832.0 98.84670376777649
833.0 99.84753131866455
834.0 98.89991283416748
835.0 99.71349835395813
836.0 99.57618117332458
837.0 99.41068887710571
838.0 98.59688878059387
839.0 98.89332056045532
840.0 99.14592504501343
841.0 100.11481046676636
842.0 99.90490674972534
843.0 99.9101459980011
844.0 98.74029159545898
845.0 98.92677068710327
846.0 99.04593825340271
847.0 99.11304712295532
848.0 100.17663240432739
849.0 99.02540445327759
850.0 98.4850823879242
851.0 99.3279755115509
852.0 99.73123669624329
853.0 99.01588559150696
854.0 99.90245699882507
855.0 98.60807061195374
856.0 99.13391470909119
857.0 98.28543663024902
858.0 98.66970777511597
859.0 99.47862029075623
860.0 98.84951114654541
861.0 98.97469282150269
862.0 99.0159809589386
863.0 98.637455701828
864.0 99.38265085220337
865.0 99.82038140296936
866.0 99.27372336387634
867.0 99.43191409111023
868.0 99.49977993965149
869.0 99.0006685256958
870.0 98.3663022518158
871.0 99.28122758865356
872.0 99.55517053604126
873.0 99.6001124382019
874.0 100.02617835998535
875.0 99.31341409683228
876.0 99.32782649993896
877.0 99.79798793792725
878.0 99.44262504577637
879.0 99.22714233398438
880.0 98.8549292087555
881.0 100.38012266159058
882.0 99.17482733726501
883.0 99.47052597999573
884.0 99.58709478378296
885.0 98.90468120574951
886.0 99.33064579963684
887.0 98.95756840705872
888.0 99.27089214324951
889.0 99.97031092643738
890.0 98.63359928131104
891.0 99.69431161880493
892.0 99.18566346168518
893.0 98.85445833206177
894.0 98.8486647605896
895.0 99.84822869300842
