lsstCam/transmission_filter_detector/r22_s01/z_20/19700101T000000.ecsv
# %ECSV 1.0
# ---
# datatype:
# - {name: wavelength, unit: nm, datatype: float32}
# - {name: efficiency, unit: '%', datatype: float64}
# meta: !!omap
# - {MODE: DETECTOR}
# - {TYPE: transmission_filter_detector}
# - {CALIBDATE: '1970-01-01T00:00:00'}
# - {INSTRUME: LSSTCam}
# - {OBSTYPE: transmission_filter_detector}
# - {CALIBCLS: lsst.ip.isr.IntermediateFilterDetectorTransmissionCurve}
# - {SOURCE: Materion (DM-46256)}
# - {DETECTOR: 91}
# - {FILTER: z_20}
# - {CALIB_ID: 'calibDate=1970-01-01T00:00:00 filter=z_20 detector=91'}
# - {DATE: '2025-04-02T15:59:49.060798'}
# - {CALIB_CREATION_DATE: '2025-04-02'}
# - {CALIB_CREATION_TIME: '15:59:49'}
# - __serialized_columns__:
#     efficiency:
#       __class__: astropy.units.quantity.Quantity
#       unit: !astropy.units.Unit {unit: '%'}
#       value: !astropy.table.SerializedColumn {name: efficiency}
#     wavelength:
#       __class__: astropy.units.quantity.Quantity
#       unit: !astropy.units.Unit {unit: nm}
#       value: !astropy.table.SerializedColumn {name: wavelength}
# schema: astropy-2.0
wavelength efficiency
[from data line 597]
897.0 99.6997594833374
898.0 99.24984574317932
899.0 98.6102819442749
900.0 99.16985630989075
901.0 99.64432716369629
902.0 99.55077171325684
903.0 99.02574419975281
904.0 97.93624877929688
905.0 98.82859587669373
906.0 98.52173924446106
907.0 99.09675121307373
908.0 98.33288788795471
909.0 98.3407735824585
910.0 98.41398596763611
911.0 97.40718603134155
912.0 96.29568457603455
913.0 95.24880647659302
914.0 93.37209463119507
915.0 90.9493088722229
916.0 88.95851373672485
917.0 87.47707009315491
918.0 83.87482166290283
919.0 83.0171525478363
920.0 79.64685559272766
921.0 76.30550265312195
922.0 72.02243208885193
923.0 66.8790340423584
924.0 60.96588969230652
925.0 55.82250952720642
926.0 49.782007932662964
927.0 42.67699718475342
928.0 36.978691816329956
929.0 30.654513835906982
930.0 25.076118111610413
931.0 19.94149684906006
932.0 14.300015568733215
933.0 9.802788496017456
934.0 6.463541090488434
935.0 3.9963509887456894
936.0 2.3946069180965424
937.0 1.4698294922709465
938.0 0.8831209503114223
939.0 0.5240585654973984
940.0 0.46081366017460823
941.0 0.15467399498447776
942.0 0.16682143323123455
943.0 0.1681142603047192
944.0 0.23610140196979046
945.0 0.05622891476377845
946.0 0.10419932659715414
947.0 0.06390351336449385
948.0 0.08659953018650413
949.0 1.5682830468294329e-10
950.0 0.13830824755132198
951.0 1.5682830468294329e-10
952.0 1.5682830468294329e-10
953.0 0.08270899415947497
954.0 1.5682830468294329e-10
955.0 1.5682830468294329e-10
956.0 1.5682830468294329e-10
957.0 0.03895596310030669
958.0 1.5682830468294329e-10
959.0 1.5682830468294329e-10
960.0 0.01297683484153822
961.0 1.5682830468294329e-10
962.0 0.03850732755381614
963.0 0.05262540653347969
964.0 0.0828911317512393
965.0 0.027212841087020934
966.0 0.05780459614470601
967.0 1.5682830468294329e-10
968.0 1.5682830468294329e-10
969.0 0.010581572860246524
970.0 1.5682830468294329e-10
971.0 0.032874097814783454
972.0 1.5682830468294329e-10
973.0 1.5682830468294329e-10
974.0 0.12667224509641528
975.0 0.0912473420612514
976.0 0.006728722655680031
977.0 0.00665772968204692
978.0 0.006586738163605332
979.0 0.006419127021217719
980.0 0.006251514423638582
981.0 0.006094492709962651
982.0 0.005937472087680362
983.0 0.005852425601915456
984.0 0.005767379479948431
985.0 0.005468081872095354
986.0 0.005168783172848634
987.0 0.00518486813234631
988.0 0.005200953455641866
989.0 0.005091327693662606
990.0 0.004981702295481227
991.0 0.005093756772112101
992.0 0.005205811612540856
993.0 0.005154426980880089
994.0 0.005103041621623561
995.0 0.005046338992542587
996.0 0.004989636727259494
997.0 0.004830233956454322
998.0 0.004670830821851268
999.0 0.004588550291373394
1000.0 0.00450626939709764
1001.0 0.0046673791075591
1002.0 0.004828488454222679
1003.0 0.004793909101863392
1004.0 0.004759329749504104
1005.0 0.004606846050592139
1006.0 0.004454361987882294
1007.0 0.004522237941273488
1008.0 0.004590113530866802
1009.0 0.00465717566839885
1010.0 0.004724237442133017
1011.0 0.004778681613970548
1012.0 0.00483312614960596
1013.0 0.004683784936787561
1014.0 0.004534443360171281
1015.0 0.0046761295379837975
1016.0 0.004817814988200553
1017.0 0.005108734694658779
1018.0 0.0053996544011170045
1019.0 0.005171620796318166
1020.0 0.0049435871915193275
1021.0 0.00494437335873954
1022.0 0.004945159162161872
1023.0 0.004882048233412206
1024.0 0.0048189373046625406
1025.0 0.004965079278917983
1026.0 0.005111221253173426
1027.0 0.005009476080886088
1028.0 0.0049077312723966315
1029.0 0.004934127355227247
1030.0 0.004960524165653624
1031.0 0.005068113750894554
1032.0 0.005175702972337604
1033.0 0.0052415180107345805
1034.0 0.005307333412929438
1035.0 0.00554905018361751
1036.0 0.005790766954305582
1037.0 0.005847581633133814
1038.0 0.005904396311962046
1039.0 0.005765137757407501
1040.0 0.005625878839055076
1041.0 0.006053587276255712
1042.0 0.006481296441052109
1043.0 0.0059507779951673
1044.0 0.005420259549282491
1045.0 0.006192176078911871
1046.0 0.006964091880945489
1047.0 0.006550375837832689
1048.0 0.006136659067124128
1049.0 0.0063248531660065055
1050.0 0.006513047264888883
1051.0 0.006803646829212084
1052.0 0.007094247848726809
1053.0 0.007253372314153239
1054.0 0.007412497507175431
1055.0 0.008042273111641407
1056.0 0.008672049443703145
1057.0 0.008477563824271783
1058.0 0.008283078932436183
1059.0 0.008357051410712302
1060.0 0.00843102388898842
1061.0 0.009046479681273922
1062.0 0.009661936201155186
1063.0 0.00954901915974915
1064.0 0.009436102845938876
1065.0 0.009611582208890468
1066.0 0.009787063027033582
1067.0 0.009876081458060071
1068.0 0.009965101344278082
1069.0 0.010875711450353265
1070.0 0.011786320828832686
1071.0 0.011671576794469729
1072.0 0.011556833487702534
1073.0 0.011565958266146481
1074.0 0.011575082316994667
1075.0 0.012139382306486368
1076.0 0.012703685206361115
1077.0 0.012837686517741531
1078.0 0.012971686373930424
1079.0 0.013904939987696707
1080.0 0.01483819360146299
1081.0 0.015097459254320711
1082.0 0.015356726362369955
1083.0 0.01521135272923857
1084.0 0.015065979096107185
1085.0 0.015579235332552344
1086.0 0.016092493024189025
1087.0 0.016322685405611992
1088.0 0.016552880697418004
1089.0 0.017914699856191874
1090.0 0.019276519014965743
1091.0 0.019152469758410007
1092.0 0.019028417591471225
1093.0 0.018545401690062135
1094.0 0.01806238287827
1095.0 0.01978957880055532
1096.0 0.02151677617803216
1097.0 0.021465535974130034
1098.0 0.021414297225419432
1099.0 0.023595901438966393
1100.0 0.025777501286938787
1101.0 0.025670157629065216
1102.0 0.0255628110608086
1103.0 0.027174680144526064
1104.0 0.02878654340747744
1105.0 0.02869226736947894
1106.0 0.02859799424186349
1107.0 0.030059105483815074
1108.0 0.031520219636149704
1109.0 0.032460366492159665
1110.0 0.03340051625855267
1111.0 0.0337413715897128
1112.0 0.03408223274163902
1113.0 0.03544653009157628
1114.0 0.03681083326227963
1115.0 0.03577440220396966
1116.0 0.034737976966425776
1117.0 0.03566148807294667
1118.0 0.03658499626908451
1119.0 0.04011443816125393
1120.0 0.043643874232657254
1121.0 0.04538618086371571
1122.0 0.04712849040515721
1123.0 0.04699445562437177
1124.0 0.04686042375396937
1125.0 0.047421560157090425
1126.0 0.04798270238097757
1127.0 0.05244403728283942
1128.0 0.05690536345355213
1129.0 0.06071476964280009
1130.0 0.06452417001128197
1131.0 0.0636198150459677
1132.0 0.06271545425988734
1133.0 0.06673476891592145
1134.0 0.07075408357195556
1135.0 0.0692114292178303
1136.0 0.06766877486370504
1137.0 0.07389192469418049
1138.0 0.08011508034542203
1139.0 0.08493538480252028
1140.0 0.08975564851425588
1141.0 0.0990880886092782
1142.0 0.10842049960047007
1143.0 0.12978905579075217
1144.0 0.15115757705643773
1145.0 0.3027197206392884
1146.0 0.45428192242980003
1147.0 0.9631753899157047
1148.0 1.4720688574016094
1149.0 1.6714245080947876
1150.0 1.8707813695073128
