lsstCam/transmission_filter_detector/r01_s10/g_6/19700101T000000.ecsv
# %ECSV 1.0
# ---
# datatype:
# - {name: wavelength, unit: nm, datatype: float32}
# - {name: efficiency, unit: '%', datatype: float64}
# meta: !!omap
# - {MODE: DETECTOR}
# - {TYPE: transmission_filter_detector}
# - {CALIBDATE: '1970-01-01T00:00:00'}
# - {INSTRUME: LSSTCam}
# - {OBSTYPE: transmission_filter_detector}
# - {CALIBCLS: lsst.ip.isr.IntermediateFilterDetectorTransmissionCurve}
# - {SOURCE: Materion (DM-46256)}
# - {DETECTOR: 3}
# - {FILTER: g_6}
# - {CALIB_ID: 'calibDate=1970-01-01T00:00:00 filter=g_6 detector=3'}
# - {DATE: '2025-04-02T15:59:42.044483'}
# - {CALIB_CREATION_DATE: '2025-04-02'}
# - {CALIB_CREATION_TIME: '15:59:42'}
# - __serialized_columns__:
#     efficiency:
#       __class__: astropy.units.quantity.Quantity
#       unit: !astropy.units.Unit {unit: '%'}
#       value: !astropy.table.SerializedColumn {name: efficiency}
#     wavelength:
#       __class__: astropy.units.quantity.Quantity
#       unit: !astropy.units.Unit {unit: nm}
#       value: !astropy.table.SerializedColumn {name: wavelength}
# schema: astropy-2.0
wavelength efficiency
[from data line 608]
908.0 0.0004215889475744916
909.0 0.00033955916478589643
910.0 0.0003061299821638386
911.0 0.0002727007995417807
912.0 0.000405201672037947
913.0 0.0005377025445341133
914.0 0.00034890667848230805
915.0 0.00016011084653655416
916.0 0.00016730468814785127
917.0 0.00017449850702178082
918.0 0.00022429076125263236
919.0 0.00027408300411480013
920.0 0.0003424894657655386
921.0 0.0004108959274162771
922.0 0.0005227146630204516
923.0 0.000634533398624626
924.0 0.0005688218607247109
925.0 0.0005031102773500606
926.0 0.0005069734925200464
927.0 0.0005108368441142375
928.0 0.0005068736754765268
929.0 0.0005029105977882864
930.0 0.0005535013315238757
931.0 0.0006040921107342001
932.0 0.0005413075086835306
933.0 0.0004785229066328611
934.0 0.0004558259661280317
935.0 0.0004331290256232023
936.0 0.00047439093577850144
937.0 0.0005156528914085357
938.0 0.0006198073606356047
939.0 0.0007239617843879387
940.0 0.0005889156909688609
941.0 0.0004538694156508427
942.0 0.0006295601451711264
943.0 0.00080525087469141
944.0 0.0006290209967119154
945.0 0.00045279102778295055
946.0 0.0004874997102888301
947.0 0.0005222083018452395
948.0 0.000861782882566331
949.0 0.0012013576451863628
950.0 0.0010673271390260197
951.0 0.0009332966328656767
952.0 0.0008865012205205858
953.0 0.0008397058081754949
954.0 0.0007964483302203007
955.0 0.0007531909432145767
956.0 0.0006760637006664183
957.0 0.0005989362307445845
958.0 0.0006922426564415218
959.0 0.0007855491276131943
960.0 0.0006286243205977371
961.0 0.00047169942263280973
962.0 0.0005568070719164098
963.0 0.0006419146757252747
964.0 0.0007294828265003162
965.0 0.0008170507499016821
966.0 0.0008291364792967215
967.0 0.0008412221177422907
968.0 0.0007486874892492779
969.0 0.0006561527698067948
970.0 0.0007059540166665101
971.0 0.0007557552635262255
972.0 0.0008137359145621303
973.0 0.0008717165655980352
974.0 0.0008585508112446405
975.0 0.0008453854206891265
976.0 0.0008471128239762038
977.0 0.0008488405001116917
978.0 0.0009178797881759237
979.0 0.000986919167189626
980.0 0.0010532080523262266
981.0 0.0011194970284122974
982.0 0.0010488932275620755
983.0 0.0009782892448129132
984.0 0.0009506506103207357
985.0 0.0009230120667780284
986.0 0.0011492370504129212
987.0 0.001375461943098344
988.0 0.0013903795661462937
989.0 0.0014052968253963627
990.0 0.0015128948689380195
991.0 0.0016204929124796763
992.0 0.0015647361578885466
993.0 0.0015089793123479467
994.0 0.0014934569662727881
995.0 0.0014779347111470997
996.0 0.0013602175386040471
997.0 0.0012425003660609946
998.0 0.001352297385892598
999.0 0.0014620943147747312
1000.0 0.001412602523487294
1001.0 0.0013631105503009167
1002.0 0.001239422181242844
1003.0 0.0011157338121847715
1004.0 0.0010912219295278192
1005.0 0.0010667098649719264
1006.0 0.0013299203601491172
1007.0 0.0015931307643768378
1008.0 0.0015614694348187186
1009.0 0.0015298086509574205
1010.0 0.0017053995179594494
1011.0 0.0018809909306582995
1012.0 0.0019812019672826864
1013.0 0.0020814130039070733
1014.0 0.002078213947243057
1015.0 0.0020750150724779814
1016.0 0.0024173796191462316
1017.0 0.0027597447115113027
1018.0 0.002969401793961879
1019.0 0.0031790590583113953
1020.0 0.0032514533813809976
1021.0 0.0033238480682484806
1022.0 0.003587497121770866
1023.0 0.0038511469028890133
1024.0 0.003993994687334634
1025.0 0.004136842835578136
1026.0 0.004224417716613971
1027.0 0.004311992597649805
1028.0 0.004353702752268873
1029.0 0.004395413270685822
1030.0 0.004599144813255407
1031.0 0.004802875992027111
1032.0 0.005118708941154182
1033.0 0.005434541526483372
1034.0 0.005274554860079661
1035.0 0.005114568557473831
1036.0 0.0052297607908258215
1037.0 0.005344952660379931
1038.0 0.005620876254397444
1039.0 0.0058967998484149575
1040.0 0.006369835318764672
1041.0 0.006842870061518624
1042.0 0.0068946959800086915
1043.0 0.006946521170902997
1044.0 0.007219387771328911
1045.0 0.007492252916563302
1046.0 0.0083762570284307
1047.0 0.009260261140298098
1048.0 0.010644007852533832
1049.0 0.012027750926790759
1050.0 0.01428429241059348
1051.0 0.01654082880122587
1052.0 0.019981226068921387
1053.0 0.023421629157382995
1054.0 0.027856198721565306
1055.0 0.03229076974093914
1056.0 0.038922400563023984
1057.0 0.04555402556434274
1058.0 0.05309091066010296
1059.0 0.0606277899350971
1060.0 0.06802360876463354
1061.0 0.07541939266957343
1062.0 0.08267759112641215
1063.0 0.08993576047942042
1064.0 0.09517002617940307
1065.0 0.10040426859632134
1066.0 0.1054092776030302
1067.0 0.11041429825127125
1068.0 0.11692738626152277
1069.0 0.12344049755483866
1070.0 0.1336319255642593
1071.0 0.14382334193214774
1072.0 0.15714375767856836
1073.0 0.17046413850039244
1074.0 0.1849111751653254
1075.0 0.19935828167945147
1076.0 0.21315922494977713
1077.0 0.2269601682201028
1078.0 0.24038003757596016
1079.0 0.2537998603656888
1080.0 0.26987879537045956
1081.0 0.2859577536582947
1082.0 0.31078667379915714
1083.0 0.3356155939400196
1084.0 0.37044493947178125
1085.0 0.40527433156967163
1086.0 0.43994286097586155
1087.0 0.47461134381592274
1088.0 0.5384455434978008
1089.0 0.6022797897458076
1090.0 0.679279025644064
1091.0 0.7562782615423203
1092.0 0.7851729169487953
1093.0 0.8140671998262405
1094.0 0.8505514822900295
1095.0 0.8870353922247887
1096.0 0.9316434152424335
1097.0 0.9762515313923359
1098.0 0.9965060278773308
1099.0 1.0167606174945831
1100.0 1.1753128841519356
1101.0 1.3338647782802582
