lsstCam/transmission_filter_detector/r01_s10/g_6/19700101T000000.ecsv
# %ECSV 1.0
# ---
# datatype:
# - {name: wavelength, unit: nm, datatype: float32}
# - {name: efficiency, unit: '%', datatype: float64}
# meta: !!omap
# - {MODE: DETECTOR}
# - {TYPE: transmission_filter_detector}
# - {CALIBDATE: '1970-01-01T00:00:00'}
# - {INSTRUME: LSSTCam}
# - {OBSTYPE: transmission_filter_detector}
# - {CALIBCLS: lsst.ip.isr.IntermediateFilterDetectorTransmissionCurve}
# - {SOURCE: Materion (DM-46256)}
# - {DETECTOR: 3}
# - {FILTER: g_6}
# - {CALIB_ID: 'calibDate=1970-01-01T00:00:00 filter=g_6 detector=3'}
# - {DATE: '2025-04-02T15:59:42.044483'}
# - {CALIB_CREATION_DATE: '2025-04-02'}
# - {CALIB_CREATION_TIME: '15:59:42'}
# - __serialized_columns__:
#     efficiency:
#       __class__: astropy.units.quantity.Quantity
#       unit: !astropy.units.Unit {unit: '%'}
#       value: !astropy.table.SerializedColumn {name: efficiency}
#     wavelength:
#       __class__: astropy.units.quantity.Quantity
#       unit: !astropy.units.Unit {unit: nm}
#       value: !astropy.table.SerializedColumn {name: wavelength}
# schema: astropy-2.0
wavelength efficiency
300.0 0.5110850557684898
301.0 0.37509012036025524
302.0 0.23909511510282755
303.0 0.2165800193324685
304.0 0.19406488863751292
305.0 0.2022415166720748
306.0 0.21041815634816885
307.0 0.21646528039127588
308.0 0.22251240443438292
309.0 0.21974113769829273
310.0 0.21696987096220255
311.0 0.2098060678690672
312.0 0.20264231134206057
313.0 0.19841135945171118
314.0 0.19418038427829742
315.0 0.18556819995865226
316.0 0.17695602728053927
317.0 0.17751429695636034
318.0 0.17807260155677795
319.0 0.1605349127203226
320.0 0.14299718895927072
321.0 0.13912473805248737
322.0 0.13525228714570403
323.0 0.11488816235214472
324.0 0.09452408412471414
325.0 0.08608505013398826
326.0 0.07764601614326239
327.0 0.07130946614779532
328.0 0.06497291615232825
329.0 0.06215916364453733
330.0 0.059345405315980315
331.0 0.05521625862456858
332.0 0.05108711193315685
333.0 0.04714099632110447
334.0 0.043194880709052086
335.0 0.041886221151798964
336.0 0.040577558684162796
337.0 0.041594833601266146
338.0 0.042612108518369496
339.0 0.0409411994041875
340.0 0.03927029320038855
341.0 0.03765420115087181
342.0 0.03603811201173812
343.0 0.03227604029234499
344.0 0.0285139714833349
345.0 0.02534833620302379
346.0 0.022182698012329638
347.0 0.020833588496316224
348.0 0.019484477525111288
349.0 0.017981589189730585
350.0 0.7205006200820208
351.0 0.860056933015585
352.0 0.368152535520494
353.0 0.8244370110332966
354.0 0.604173680767417
355.0 0.9291083551943302
356.0 0.6263662595301867
357.0 0.6833925377577543
358.0 0.6149372551590204
359.0 0.8440777659416199
360.0 0.5725679453462362
361.0 0.7044234778732061
362.0 0.45488527975976467
363.0 0.8598103187978268
364.0 0.5173743702471256
365.0 0.810778234153986
366.0 0.5150225479155779
367.0 0.6012187339365482
368.0 0.3462533000856638
369.0 0.515907583758235
370.0 0.41007325053215027
371.0 0.5698079243302345
372.0 0.4336691927164793
373.0 0.6217315793037415
374.0 0.4895662423223257
375.0 0.5183916538953781
376.0 0.43627223931252956
377.0 0.4483363125473261
378.0 0.40522455237805843
379.0 0.44313198886811733
380.0 0.3766857320442796
381.0 0.47179022803902626
382.0 0.5341679789125919
383.0 0.5688745994120836
384.0 0.568811921402812
385.0 0.5443114321678877
386.0 0.7259020116180182
387.0 0.786155741661787
388.0 1.006742101162672
389.0 1.3009139336645603
390.0 2.0579101517796516
391.0 3.1589142978191376
392.0 4.994391649961472
393.0 7.913868874311447
394.0 11.78421676158905
395.0 16.961868107318878
396.0 23.325790464878082
397.0 31.127649545669556
398.0 40.024200081825256
399.0 49.464866518974304
400.0 58.93781781196594
401.0 67.57116913795471
402.0 75.43160319328308
403.0 81.6698431968689
404.0 86.05144023895264
405.0 89.26389813423157
406.0 91.00095629692078
407.0 92.38454103469849
408.0 93.18647980690002
409.0 93.47530603408813
410.0 93.49299669265747
411.0 93.30558180809021
412.0 92.9106593132019
413.0 92.70049929618835
414.0 92.63741970062256
415.0 92.87411570549011
416.0 93.31862330436707
417.0 93.68340969085693
418.0 94.09314393997192
419.0 94.70404386520386
420.0 95.2039122581482
421.0 95.80453038215637
422.0 95.8236575126648
423.0 96.02843523025513
424.0 95.80459594726562
425.0 95.71645855903625
426.0 95.61567902565002
427.0 95.64259052276611
428.0 95.47266960144043
429.0 95.36889791488647
430.0 95.32623291015625
431.0 95.37937641143799
432.0 95.3796923160553
433.0 95.5073893070221
434.0 95.57700753211975
435.0 95.67022919654846
436.0 95.7137405872345
437.0 95.69299817085266
438.0 95.72877883911133
439.0 95.87380290031433
440.0 95.8805501461029
441.0 95.98729014396667
442.0 95.95699310302734
443.0 95.84160447120667
444.0 95.77009081840515
445.0 95.4796314239502
446.0 95.39451599121094
447.0 95.2259361743927
448.0 95.27105689048767
449.0 95.49744129180908
450.0 95.76004147529602
451.0 96.0203766822815
452.0 96.09761238098145
453.0 96.25314474105835
454.0 96.29919528961182
455.0 96.61229848861694
456.0 96.68447971343994
457.0 96.84339761734009
458.0 96.83589339256287
459.0 96.86797261238098
460.0 96.85935974121094
461.0 96.96590304374695
462.0 96.85840010643005
463.0 96.70516848564148
464.0 96.87284231185913
465.0 96.73396348953247
466.0 96.71970009803772
467.0 96.70323133468628
468.0 96.78163528442383
469.0 96.83974385261536
470.0 96.65520191192627
471.0 96.53046727180481
472.0 96.59547805786133
473.0 96.43936157226562
474.0 96.39323353767395
475.0 96.51117324829102
476.0 96.51908874511719
477.0 96.58188819885254
478.0 96.76196575164795
479.0 96.694415807724
480.0 96.87538743019104
481.0 96.95647954940796
482.0 97.12583422660828
483.0 97.07441926002502
484.0 97.24398255348206
485.0 97.23707437515259
486.0 97.27741479873657
487.0 97.29519486427307
488.0 97.32824563980103
489.0 97.41836190223694
490.0 97.38591313362122
491.0 97.44846224784851
492.0 97.3772644996643
493.0 97.37666249275208
494.0 97.32014536857605
495.0 97.43875861167908
496.0 97.22082018852234
497.0 97.18692302703857
498.0 96.98464274406433
499.0 97.04326391220093
500.0 96.95104360580444
501.0 96.93474769592285
502.0 96.9088613986969
503.0 97.04923033714294
504.0 96.87055349349976
505.0 96.88361287117004
506.0 96.920245885849
507.0 96.85527086257935
508.0 96.8374252319336
509.0 96.83809876441956
510.0 96.78635597229004
511.0 96.7906653881073
512.0 96.7156171798706
513.0 96.82483077049255
514.0 96.73253297805786
515.0 96.81425094604492
516.0 96.88590168952942
517.0 96.91834449768066
518.0 96.99347019195557
519.0 96.98176383972168
520.0 97.03680872917175
521.0 97.11887836456299
522.0 97.13996648788452
523.0 97.00264930725098
524.0 97.07797765731812
525.0 97.02426791191101
526.0 97.13518619537354
527.0 97.14146256446838
528.0 97.21549153327942
529.0 97.26127982139587
530.0 97.31459021568298
531.0 97.39430546760559
532.0 97.26576209068298
533.0 97.2256600856781
534.0 97.12119102478027
535.0 96.84733748435974
536.0 96.30297422409058
537.0 95.56148052215576
538.0 94.54679489135742
539.0 92.78669953346252
540.0 90.65775871276855
541.0 87.60987520217896
542.0 84.51514840126038
543.0 80.5313229560852
544.0 75.6793200969696
545.0 71.43704295158386
546.0 66.5122926235199
547.0 62.11242079734802
548.0 57.87609815597534
549.0 54.202306270599365
550.0 51.38746500015259
551.0 48.60089719295502
552.0 46.278613805770874
553.0 43.591463565826416
554.0 40.323734283447266
555.0 36.655741930007935
556.0 31.89561367034912
557.0 26.612505316734314
558.0 21.12683802843094
559.0 16.01056605577469
560.0 11.35086864233017
561.0 7.3142409324646
562.0 4.460838809609413
563.0 2.487447112798691
564.0 1.3089194893836975
565.0 0.6131487898528576
566.0 0.34196123015135527
567.0 0.17759207403287292
568.0 0.12410825584083796
569.0 0.07980563095770776
570.0 0.059133797185495496
571.0 0.03723499830812216
572.0 0.05531689967028797
573.0 0.031056610168889165
574.0 0.03621893411036581
575.0 0.026707674260251224
576.0 0.024263601517304778
577.0 0.01968931028386578
578.0 0.028813513927161694
579.0 0.023501866962760687
580.0 0.030340783996507525
581.0 0.017157034017145634
582.0 0.0257914507528767
583.0 0.019843796326313168
584.0 0.016419743769802153
585.0 0.016847794177010655
586.0 0.019227864686399698
587.0 0.009048218635143712
588.0 0.02659700985532254
589.0 0.005832211536471732
590.0 0.01235782983712852
591.0 0.012888309720437974
592.0 0.012566961231641471
593.0 0.008035834616748616
594.0 0.008832240564515814
595.0 0.006629524432355538
596.0 0.004339762017480098
597.0 0.017309845134150237
598.0 0.013916146417614073
599.0 0.014399437350220978
600.0 1.7139722800763035e-10
601.0 0.00232356833294034
602.0 0.0023857086489442736
603.0 0.0024478486011503264
604.0 0.002230562677141279
605.0 0.002013276935031172
606.0 0.0020027082427986898
607.0 0.0019921393686672673
608.0 0.0018341357645113021
609.0 0.0016761323422542773
610.0 0.0017733411368681118
611.0 0.0018705499314819463
612.0 0.0018095908671966754
613.0 0.0017486318029114045
614.0 0.0017823962480179034
615.0 0.001816161056922283
616.0 0.0019006480215466581
617.0 0.0019851349861710332
618.0 0.0018396198356640525
619.0 0.0016941046851570718
620.0 0.0017087155356421135
621.0 0.0017233265680260956
622.0 0.0015313207768485881
623.0 0.0013393147128226701
624.0 0.0013935863535152748
625.0 0.0014478580851573497
626.0 0.00135797208713484
627.0 0.001268086452910211
628.0 0.0014031433238415048
629.0 0.0015382005585706793
630.0 0.0014061615729588084
631.0 0.0012741224963974673
632.0 0.0013780831068288535
633.0 0.0014820435353612993
634.0 0.0014174709576764144
635.0 0.001352898107143119
636.0 0.0013345113984541968
637.0 0.0013161252354620956
638.0 0.0011925496437470429
639.0 0.0010689738701330498
640.0 0.0010510081665415782
641.0 0.0010330421901016962
642.0 0.0012655653335968964
643.0 0.001498088658991037
644.0 0.0013985262739879545
645.0 0.0012989637070859317
646.0 0.0012468842214730103
647.0 0.0011948046449106187
648.0 0.0010721767466748133
649.0 0.0009495486665400676
650.0 0.0012101646461815108
651.0 0.0014707800801261328
652.0 0.0012116390280425549
653.0 0.0009524979759589769
654.0 0.001055929169524461
655.0 0.0011593605449888855
656.0 0.0011889735105796717
657.0 0.001218586476170458
658.0 0.0010995132470270619
659.0 0.000980440563580487
660.0 0.00093343687694869
661.0 0.0008864331903168932
662.0 0.0010036615094577428
663.0 0.0011208901923964731
664.0 0.001140139102062676
665.0 0.0011593875569815282
666.0 0.0011106973943242338
667.0 0.0010620067769195884
668.0 0.001163290289696306
669.0 0.0012645737115235534
670.0 0.0012020761460007634
671.0 0.001139578398579033
672.0 0.0011330116649332922
673.0 0.0011264448403380811
674.0 0.0011244180313951802
675.0 0.0011223910405533388
676.0 0.0010181451216340065
677.0 0.0009138988389167935
678.0 0.0010950938303722069
679.0 0.0012762890037265606
680.0 0.001097579843190033
681.0 0.000918870500754565
682.0 0.0009826288078329526
683.0 0.0010463871149113402
684.0 0.0008971888746600598
685.0 0.000747990407035104
686.0 0.000979403375822585
687.0 0.001210816299135331
688.0 0.0011484687092888635
689.0 0.001086121210391866
690.0 0.0009793354365683626
691.0 0.0008725497536943294
692.0 0.0008720385267224628
693.0 0.0008715272997505963
694.0 0.0009929745829140302
695.0 0.0011144216841785237
696.0 0.001129934662458254
697.0 0.0011454472769401036
698.0 0.001260774297406897
699.0 0.00137610113597475
700.0 0.0011701094081217889
701.0 0.0009641175893193576
702.0 0.001080575293599395
703.0 0.0011970329069299623
704.0 0.001179380706162192
705.0 0.001161728232546011
706.0 0.0011235333658987656
707.0 0.0010853384992515203
708.0 0.0009998385394283105
709.0 0.0009143386705545709
710.0 0.0010704378837544937
711.0 0.0012265375517017674
712.0 0.0011639055628620554
713.0 0.0011012737559212837
714.0 0.001164674904430285
715.0 0.0012280762348382268
716.0 0.0014027044016984291
717.0 0.001577332841407042
718.0 0.0018641014321474358
719.0 0.0021508700228878297
720.0 0.0017850788935902528
721.0 0.0014192876733432058
722.0 0.001517053988209227
723.0 0.0016148207578225993
724.0 0.0016443738786620088
725.0 0.0016739269995014183
726.0 0.0017601480067241937
727.0 0.0018463688320480287
728.0 0.001894315573736094
729.0 0.0019422621335252188
730.0 0.0019347502529853955
731.0 0.0019272383724455722
732.0 0.0018536244169808924
733.0 0.0017800108253140934
734.0 0.0015839817933738232
735.0 0.0013879531252314337
736.0 0.001221586444444256
737.0 0.001055219672707608
738.0 0.0011103077667939942
739.0 0.0011653958608803805
740.0 0.000989018826658139
741.0 0.000812641519587487
742.0 0.0007943659511511214
743.0 0.0007760903827147558
744.0 0.0009389796105097048
745.0 0.0011018690202035941
746.0 0.001135376442107372
747.0 0.0011688837730616797
748.0 0.0012418304322636686
749.0 0.0013147771824151278
750.0 0.0011143389201606624
751.0 0.0009139011126535479
752.0 0.0007864727194828447
753.0 0.000659044599160552
754.0 0.0008128175977617502
755.0 0.0009665905963629484
756.0 0.0008644395165902097
757.0 0.0007622883003932657
758.0 0.000821974845166551
759.0 0.0008816616173135117
760.0 0.0007102311883500079
761.0 0.0005388006684370339
762.0 0.0005474975296237972
763.0 0.0005561943453358253
764.0 0.0006980665602895897
765.0 0.0008399390026170295
766.0 0.0007187242772488389
767.0 0.0005975096428301185
768.0 0.0005404637249739608
769.0 0.000483417807117803
770.0 0.00040037257349467836
771.0 0.0003173273853462888
772.0 0.0005527652774617309
773.0 0.0007882033060013782
774.0 0.0008272059858427383
775.0 0.0008662087566335686
776.0 0.0008165477993316017
777.0 0.0007668867510801647
778.0 0.0007378713235084433
779.0 0.000708855941411457
780.0 0.0006936859335837653
781.0 0.0006785158802813385
782.0 0.0006475177542597521
783.0 0.0006165194463392254
784.0 0.0007038698186079273
785.0 0.0007912201908766292
786.0 0.0007403343261103146
787.0 0.0006894487796671456
788.0 0.0004234426342009101
789.0 0.00015743655694677727
790.0 0.00019382230220799102
791.0 0.0002302080247318372
792.0 0.00030628386866737856
793.0 0.0003823597126029199
794.0 0.0003153953684886801
795.0 0.0002484310243744403
796.0 0.00037887975850026123
797.0 0.0005093284926260822
798.0 0.000500361875310773
799.0 0.0004913952579954639
800.0 0.0004806121978617739
801.0 0.00046982931962702423
802.0 0.0003884786110575078
803.0 0.000307127970700094
804.0 0.00029629522941831965
805.0 0.00028546257908601547
806.0 0.0003354051614223863
807.0 0.0003853477664961247
808.0 0.0004186115347692976
809.0 0.00045187539399194065
810.0 0.00033716767120495206
811.0 0.00022245990294322837
812.0 0.000246033391704259
813.0 0.00026960681225318694
814.0 0.0003231989694540971
815.0 0.0003767911039176397
816.0 0.00045088481783750467
817.0 0.0005249784408078995
818.0 0.0003613887656683801
819.0 0.00019779911326622823
820.0 0.0003852271220239345
821.0 0.000572655017094803
822.0 0.0004312002147344174
823.0 0.0002897453896366642
824.0 0.0003543202410583035
825.0 0.0004188950242678402
826.0 0.000571581813346711
827.0 0.0007242684660013765
828.0 0.0006132830549177015
829.0 0.0005022975074098213
830.0 0.0004287705451133661
831.0 0.00035524353734217584
832.0 0.0005240133759798482
833.0 0.0006927831236680504
834.0 0.000546198043593904
835.0 0.0003996129180450225
836.0 0.0004225900283927331
837.0 0.0004455671842151787
838.0 0.0004511154656938743
839.0 0.00045666379264730494
840.0 0.0005135845185577637
841.0 0.0005705051989934873
842.0 0.00028657339044002583
843.0 2.6414697984478153e-06
844.0 7.666868100386637e-05
845.0 0.00015069589380800608
846.0 0.00044236280700715724
847.0 0.0007340298452618299
848.0 0.000618333160673501
849.0 0.0005026365670346422
850.0 0.0005148979198565939
851.0 0.0005271593181532808
852.0 0.0005816977136419155
853.0 0.0006362356998579344
854.0 0.0005963906914985273
855.0 0.000556545546714915
856.0 0.0005205355591897387
857.0 0.0004845256626140326
858.0 0.0005347260866983561
859.0 0.0005849265107826795
860.0 0.0005736009825341171
861.0 0.0005622754088108195
862.0 0.0005576308922172757
863.0 0.0005529863756237319
864.0 0.00048239471652777866
865.0 0.0004118031029065605
866.0 0.00041323173718410544
867.0 0.00041466041693638545
868.0 0.0005866018454980804
869.0 0.0007585432740597753
870.0 0.0005766193226008909
871.0 0.0003946951892430661
872.0 0.00036830540466326056
873.0 0.00034191555187135236
874.0 0.000457503574580187
875.0 0.0005730916200263891
876.0 0.0006398764071491314
877.0 0.0007066611487971386
878.0 0.0006671004939562408
879.0 0.0006275397481658729
880.0 0.0006175134785735281
881.0 0.0006074874818295939
882.0 0.0005299489203025587
883.0 0.00045241058614919893
884.0 0.0005058922397438437
885.0 0.0005593740752374288
886.0 0.0006568263415829279
887.0 0.0007542788807768375
888.0 0.000568148379898048
889.0 0.0003820179699687287
890.0 0.00047645412450947333
891.0 0.0005708904609491583
892.0 0.000527258453075774
893.0 0.0004836264906771248
894.0 0.000472564988740487
895.0 0.0004615035322785843
896.0 0.0002898942739193444
897.0 0.0001182849814540532
898.0 0.0002513873823772883
899.0 0.0003844897491944721
900.0 0.0003443134801273118
901.0 0.00030413721106015146
902.0 0.0005263257662591059
903.0 0.0007485142759833252
904.0 0.00041407884054933675
905.0 7.964326869114302e-05
906.0 0.00029163102226448245
