lsstCam/transmission_filter_detector/r24_s00/u_24/19700101T000000.ecsv
# %ECSV 1.0
# ---
# datatype:
# - {name: wavelength, unit: nm, datatype: float32}
# - {name: efficiency, unit: '%', datatype: float64}
# meta: !!omap
# - {MODE: DETECTOR}
# - {TYPE: transmission_filter_detector}
# - {CALIBDATE: '1970-01-01T00:00:00'}
# - {INSTRUME: LSSTCam}
# - {OBSTYPE: transmission_filter_detector}
# - {CALIBCLS: lsst.ip.isr.IntermediateFilterDetectorTransmissionCurve}
# - {SOURCE: Materion (DM-46256)}
# - {DETECTOR: 108}
# - {FILTER: u_24}
# - {CALIB_ID: 'calibDate=1970-01-01T00:00:00 filter=u_24 detector=108'}
# - {DATE: '2025-04-02T15:59:40.248866'}
# - {CALIB_CREATION_DATE: '2025-04-02'}
# - {CALIB_CREATION_TIME: '15:59:40'}
# - __serialized_columns__:
#     efficiency:
#       __class__: astropy.units.quantity.Quantity
#       unit: !astropy.units.Unit {unit: '%'}
#       value: !astropy.table.SerializedColumn {name: efficiency}
#     wavelength:
#       __class__: astropy.units.quantity.Quantity
#       unit: !astropy.units.Unit {unit: nm}
#       value: !astropy.table.SerializedColumn {name: wavelength}
# schema: astropy-2.0
wavelength efficiency
295.0 1.6032320870190686e-10
296.0 1.6032320870190686e-10
297.0 1.6032320870190686e-10
298.0 1.6032320870190686e-10
299.0 1.6032320870190686e-10
300.0 1.6032320870190686e-10
301.0 1.6032320870190686e-10
302.0 0.03803918370977044
303.0 1.6032320870190686e-10
304.0 0.33220688346773386
305.0 0.5984177347272635
306.0 1.7006965354084969
307.0 3.415849432349205
308.0 5.515114217996597
309.0 8.829084038734436
310.0 12.352532893419266
311.0 16.122056543827057
312.0 19.73157227039337
313.0 23.01792949438095
314.0 25.94905197620392
315.0 28.42881977558136
316.0 30.595028400421143
317.0 33.1122487783432
318.0 35.94744801521301
319.0 39.82981741428375
320.0 45.3906774520874
321.0 50.84356069564819
322.0 56.81023597717285
323.0 62.30282783508301
324.0 66.73275828361511
325.0 69.78151202201843
326.0 72.14633226394653
327.0 73.9812970161438
328.0 75.79582333564758
329.0 77.09034085273743
330.0 78.35058569908142
331.0 79.12533283233643
332.0 79.4467568397522
333.0 79.48765158653259
334.0 79.37517166137695
335.0 79.59912419319153
336.0 79.81550693511963
337.0 80.33490180969238
338.0 81.19163513183594
339.0 81.78161978721619
340.0 82.1828544139862
341.0 82.66158103942871
342.0 82.91814923286438
343.0 82.99441337585449
344.0 83.09747576713562
345.0 83.519446849823
346.0 83.89080762863159
347.0 84.25348401069641
348.0 84.49141383171082
349.0 84.69144701957703
350.0 84.76403951644897
351.0 84.97908115386963
352.0 84.8013699054718
353.0 84.75120067596436
354.0 84.68767404556274
355.0 84.92703437805176
356.0 85.08800268173218
357.0 84.99897122383118
358.0 84.68612432479858
359.0 84.4537615776062
360.0 84.31434631347656
361.0 84.0879499912262
362.0 83.85546207427979
363.0 84.00042057037354
364.0 84.09347534179688
365.0 84.4020664691925
366.0 84.67153310775757
367.0 84.71500873565674
368.0 84.74145531654358
369.0 84.79812145233154
370.0 84.60260033607483
371.0 84.4157874584198
372.0 84.43626165390015
373.0 84.55111980438232
374.0 84.61222052574158
375.0 84.89593267440796
376.0 85.02578735351562
377.0 85.10313034057617
378.0 85.16656756401062
379.0 84.81833338737488
380.0 84.09667015075684
381.0 82.76209235191345
382.0 80.99291324615479
383.0 78.97289991378784
384.0 76.89305543899536
385.0 74.55443143844604
386.0 72.02810645103455
387.0 68.65509152412415
388.0 65.36092758178711
389.0 61.28972768783569
390.0 57.177770137786865
391.0 52.89894938468933
392.0 48.46034646034241
393.0 44.74872648715973
394.0 41.45851135253906
395.0 37.86007463932037
396.0 34.10939574241638
397.0 29.04950976371765
398.0 23.15373867750168
399.0 16.345694661140442
400.0 10.234492272138596
401.0 5.564465746283531
402.0 2.3696796968579292
403.0 0.7111991755664349
404.0 0.2669699490070343
405.0 0.10433697607368231
406.0 0.04985845880582929
407.0 0.02084568259306252
408.0 0.0037280431570252404
409.0 1.6032320870190686e-10
410.0 1.6032320870190686e-10
411.0 1.6032320870190686e-10
412.0 1.6032320870190686e-10
413.0 1.6032320870190686e-10
414.0 1.6032320870190686e-10
415.0 1.6032320870190686e-10
416.0 1.6032320870190686e-10
417.0 1.6032320870190686e-10
418.0 1.6032320870190686e-10
419.0 1.6032320870190686e-10
420.0 1.6032320870190686e-10
421.0 1.6032320870190686e-10
422.0 1.6032320870190686e-10
423.0 1.6032320870190686e-10
424.0 1.6032320870190686e-10
425.0 1.6032320870190686e-10
426.0 1.6032320870190686e-10
427.0 0.000305127809951955
428.0 0.002461425719957333
429.0 0.0016983365640044212
430.0 0.0009352470442536287
431.0 1.6032320870190686e-10
432.0 1.6032320870190686e-10
433.0 1.6032320870190686e-10
434.0 0.0013599677913589403
435.0 0.0006147640306153335
436.0 1.6032320870190686e-10
437.0 1.6032320870190686e-10
438.0 1.6032320870190686e-10
439.0 6.794966793677304e-05
440.0 0.0017002716049319133
441.0 1.6032320870190686e-10
442.0 1.6032320870190686e-10
443.0 1.6032320870190686e-10
444.0 1.6032320870190686e-10
445.0 1.6032320870190686e-10
446.0 1.6032320870190686e-10
447.0 1.6032320870190686e-10
448.0 1.6032320870190686e-10
449.0 0.0006110067261033691
450.0 0.0016623451301711611
451.0 1.6032320870190686e-10
452.0 1.6032320870190686e-10
453.0 1.6032320870190686e-10
454.0 1.6032320870190686e-10
455.0 1.6032320870190686e-10
456.0 1.6032320870190686e-10
457.0 1.6032320870190686e-10
458.0 1.6032320870190686e-10
459.0 1.6032320870190686e-10
460.0 1.6032320870190686e-10
461.0 1.6032320870190686e-10
462.0 7.314849312933802e-05
463.0 1.6032320870190686e-10
464.0 1.6032320870190686e-10
465.0 1.6032320870190686e-10
466.0 1.6032320870190686e-10
467.0 1.6032320870190686e-10
468.0 1.6032320870190686e-10
469.0 1.6032320870190686e-10
470.0 1.6032320870190686e-10
471.0 1.6032320870190686e-10
472.0 1.6032320870190686e-10
473.0 1.6032320870190686e-10
474.0 1.6032320870190686e-10
475.0 1.6032320870190686e-10
476.0 0.00031176389256870607
477.0 0.00042381093408039305
478.0 0.0005358581802283879
479.0 0.0003045144239877118
480.0 7.317089512071107e-05
481.0 0.0003288306288595777
482.0 0.0005844904080731794
483.0 7.621106306032743e-05
484.0 1.6032320870190686e-10
485.0 1.6032320870190686e-10
486.0 1.6032320870190686e-10
487.0 1.6032320870190686e-10
488.0 1.6032320870190686e-10
489.0 1.6032320870190686e-10
490.0 1.6032320870190686e-10
491.0 1.6032320870190686e-10
492.0 9.691677860246273e-05
493.0 1.6032320870190686e-10
494.0 1.6032320870190686e-10
495.0 0.00018543122450864757
496.0 0.0006217267582542263
497.0 0.00026930338208330795
498.0 1.6032320870190686e-10
499.0 1.6032320870190686e-10
500.0 1.6032320870190686e-10
501.0 2.8345921165850996e-06
502.0 7.290540793292166e-05
503.0 1.6032320870190686e-10
504.0 1.6032320870190686e-10
505.0 1.6032320870190686e-10
506.0 0.0005475767466123216
507.0 1.6032320870190686e-10
508.0 1.6032320870190686e-10
509.0 1.6032320870190686e-10
510.0 1.6032320870190686e-10
511.0 0.0002817941094690468
512.0 0.00064830155679374
513.0 0.0005172548753762385
514.0 0.0003862080120597966
515.0 0.00029565480872406624
516.0 0.00020510165086307097
517.0 1.6032320870190686e-10
518.0 1.6032320870190686e-10
519.0 1.6032320870190686e-10
520.0 0.0002797480874505709
521.0 0.0003827422005997505
522.0 0.00048573638196103275
523.0 0.00011878362329298398
524.0 1.6032320870190686e-10
525.0 1.6032320870190686e-10
526.0 1.6032320870190686e-10
527.0 1.6032320870190686e-10
528.0 1.6032320870190686e-10
529.0 1.6032320870190686e-10
530.0 1.6032320870190686e-10
531.0 1.6032320870190686e-10
532.0 0.00012036515499858069
533.0 1.6032320870190686e-10
534.0 1.6032320870190686e-10
535.0 1.6032320870190686e-10
536.0 1.6032320870190686e-10
537.0 1.6032320870190686e-10
538.0 1.6032320870190686e-10
539.0 1.6032320870190686e-10
540.0 1.6032320870190686e-10
541.0 1.6032320870190686e-10
542.0 1.6032320870190686e-10
543.0 1.6032320870190686e-10
544.0 1.6032320870190686e-10
545.0 1.6032320870190686e-10
546.0 1.6032320870190686e-10
547.0 1.3581002633600292e-05
548.0 0.00021819005269207992
549.0 1.6032320870190686e-10
550.0 1.6032320870190686e-10
551.0 1.6032320870190686e-10
552.0 1.6032320870190686e-10
553.0 1.6032320870190686e-10
554.0 1.6032320870190686e-10
555.0 1.6032320870190686e-10
556.0 1.6032320870190686e-10
557.0 1.6032320870190686e-10
558.0 1.6032320870190686e-10
559.0 1.6032320870190686e-10
560.0 8.46325121983682e-05
561.0 1.5214494553106306e-06
562.0 1.6032320870190686e-10
563.0 1.6032320870190686e-10
564.0 1.6032320870190686e-10
565.0 1.6032320870190686e-10
566.0 1.6032320870190686e-10
567.0 8.344385094005702e-06
568.0 5.970132406218909e-05
569.0 0.00026252728275721893
570.0 0.0004653531505027786
571.0 0.00047958251343516167
572.0 0.0004938119673170149
573.0 0.0005188573140912922
574.0 0.00054390293371398
575.0 0.00035862983622791944
576.0 0.00017335689790343167
577.0 0.00028893150556541514
578.0 0.00040450613596476614
579.0 0.000594309358348255
580.0 0.000784112580731744
581.0 0.0010382080290582962
582.0 0.0012923036592837889
583.0 0.0015355886716861278
584.0 0.0017788737750379369
585.0 0.0014239735719456803
586.0 0.0010690729141060729
587.0 0.0010414564712846186
588.0 0.0010138399375136942
589.0 0.001009098741633352
590.0 0.001004357181955129
591.0 0.0009717015018395614
592.0 0.0009390457307745237
593.0 0.0007069987077557016
594.0 0.0004749513664137339
595.0 0.0005516335477295797
596.0 0.0006283155016717501
597.0 0.0009528363079880364
598.0 0.0012773569324053824
599.0 0.0017354675946990028
600.0 0.0021935778931947425
601.0 0.002439045056235045
602.0 0.002684512219275348
603.0 0.0022503198124468327
604.0 0.0018161279513151385
605.0 0.001468344453314785
606.0 0.0011205610462639015
607.0 0.0009934810805134475
608.0 0.0008664010238135234
609.0 0.0006150251010694774
610.0 0.0003636491555880639
611.0 0.0003609798795878305
612.0 0.0003583106263249647
613.0 0.000554521830054
614.0 0.0007507329428335652
615.0 0.000775839635025477
616.0 0.0008009464181668591
617.0 0.0006187539838720113
618.0 0.0004365617314761039
619.0 0.0003388982577234856
620.0 0.00024123487492033746
621.0 0.00040792192521621473
622.0 0.0005746089300373569
623.0 0.0005829836027260171
624.0 0.0005913583208894124
625.0 0.0007392777206405299
626.0 0.0008871970749169122
627.0 0.0008029461241676472
628.0 0.0007186951734183822
629.0 0.0010053870937554166
630.0 0.001292079014092451
631.0 0.0015796134903212078
632.0 0.001867147693701554
633.0 0.00205929118237691
634.0 0.0022514344891533256
635.0 0.0024188497263821773
636.0 0.0025862651455099694
637.0 0.0023113090719562024
638.0 0.0020363529984024353
639.0 0.001570048334542662
640.0 0.001103743397834478
641.0 0.0011216984603379387
642.0 0.0011396534318919294
643.0 0.0009273822797695175
644.0 0.0007151111276471056
645.0 0.000625412940280512
646.0 0.0005357147529139183
647.0 0.0003479837232589489
648.0 0.0001602528300281847
649.0 6.024711183272302e-05
650.0 1.6032320870190686e-10
651.0 0.00029811035346938297
652.0 0.0006359793587762397
653.0 0.001145331589214038
654.0 0.001654683546803426
655.0 0.0016224194041569717
656.0 0.001590155079611577
657.0 0.0025322462533949874
658.0 0.0034743377909762785
659.0 0.003917573121725582
660.0 0.004360808452474885
661.0 0.00433845998486504
662.0 0.004316111153457314
663.0 0.003112998092547059
664.0 0.0019098846678389236
665.0 0.0016500207493663765
666.0 0.0013901564670959488
667.0 0.001335372326138895
668.0 0.0012805881851818413
669.0 0.0009060473530553281
670.0 0.0005315067028277554
671.0 0.0005178555511520244
672.0 0.0005042043085268233
673.0 0.000430020145358867
674.0 0.0003558359139788081
675.0 0.0007194829777290579
676.0 0.0010831300642166752
677.0 0.0016166481145774014
678.0 0.002150166437786538
679.0 0.0023895154299680144
680.0 0.0026288644221494906
681.0 0.0034883105399785563
682.0 0.004347757203504443
683.0 0.006250161095522344
684.0 0.008152564987540245
685.0 0.008781610813457519
686.0 0.009410659549757838
687.0 0.008373465243494138
688.0 0.007336273120017722
689.0 0.005730336852138862
690.0 0.004124401311855763
691.0 0.0036671943234978244
692.0 0.0032099873351398855
693.0 0.002938291981990915
694.0 0.002666596628841944
695.0 0.00234868421102874
696.0 0.0020307721570134163
697.0 0.0014235090020520147
698.0 0.0008162456651916727
699.0 0.0006238144123926759
700.0 0.00043138302316947374
701.0 0.0004907408765575383
702.0 0.000550098820895073
703.0 0.0005822700131830061
704.0 0.0006144413873698795
705.0 0.0006526693141495343
706.0 0.0006908973773533944
707.0 0.0008122656254272442
708.0 0.0009336336006526835
709.0 0.0008347527909791097
710.0 0.0007358719358308008
711.0 0.000751211473470903
712.0 0.0007665512384846807
713.0 0.0007442403784807539
714.0 0.0007219297913252376
715.0 0.0006359342933137668
716.0 0.0005499387953022961
717.0 0.00048703027459851
718.0 0.0004241216629452538
719.0 0.00047231415010173805
720.0 0.0005205066372582223
721.0 0.0003518929133861093
722.0 0.00018327915540794493
723.0 0.0002392058149780496
724.0 0.0002951324631794705
725.0 0.00017439685962017393
726.0 5.366114237403963e-05
727.0 0.00028749509510817006
728.0 0.0005213290933170356
729.0 0.0005287377007334726
730.0 0.0005361463536246447
731.0 0.0003016608161487966
732.0 6.717530709465791e-05
733.0 6.2272427214793424e-06
734.0 1.6032320870190686e-10
735.0 0.00025637350518081803
736.0 0.0005674678504874464
737.0 0.0005088177204015665
738.0 0.0004501676812651567
739.0 0.0004727980922325514
740.0 0.0004954285031999461
741.0 0.0008495852853229735
742.0 0.0012037422493449412
743.0 0.0019080620404565707
744.0 0.00261238164966926
745.0 0.0032057920179795474
746.0 0.0037992020224919543
747.0 0.004270299905329011
748.0 0.004741397424368188
749.0 0.004257977707311511
750.0 0.003774558354052715
751.0 0.003248071880079806
752.0 0.002721585588005837
753.0 0.0022025167709216475
754.0 0.0016834477719385177
755.0 0.00201709262910299
756.0 0.0023507380319642834
757.0 0.0020042702089995146
758.0 0.001657802567933686
759.0 0.0014326396012620535
760.0 0.001207476725539891
761.0 0.0012812301065423526
762.0 0.0013549834875448141
763.0 0.001030756720865611
764.0 0.0007065298177622026
765.0 0.0007285104857146507
766.0 0.0007504910172428936
767.0 0.0006085292170610046
768.0 0.0004665674168791156
769.0 0.0005023011453886284
770.0 0.0005380347829486709
771.0 0.0004729368356493069
772.0 0.0004078386609762674
773.0 0.0003255745241403929
774.0 0.0002433102963550482
775.0 0.00036181427276460454
776.0 0.0004803181582246907
777.0 0.0004690733021561755
778.0 0.000457828309663455
779.0 0.0008087963578873314
780.0 0.0011597643606364727
781.0 0.0010678908438421786
782.0 0.0009760173270478845
783.0 0.00094312208602787
784.0 0.0009102267540583853
785.0 0.0012001015420537442
786.0 0.0014899761481501628
787.0 0.0011604649444052484
788.0 0.0008309536497108638
789.0 0.0008539836926502176
790.0 0.0008770136446401011
791.0 0.0006629316885664593
792.0 0.00044884973249281757
793.0 0.0001251039293492795
794.0 1.6032320870190686e-10
795.0 1.6032320870190686e-10
796.0 1.6032320870190686e-10
797.0 0.00017970376120501896
798.0 0.00040180366340791807
799.0 0.00020694833438028581
800.0 1.2092898771243199e-05
801.0 1.6032320870190686e-10
802.0 1.6032320870190686e-10
803.0 1.6032320870190686e-10
804.0 2.5602611586350577e-06
805.0 1.6032320870190686e-10
806.0 1.6032320870190686e-10
807.0 1.6032320870190686e-10
808.0 1.6032320870190686e-10
809.0 4.4410992217081e-06
810.0 0.0002616853407744202
811.0 8.033616722968873e-05
812.0 1.6032320870190686e-10
813.0 0.0003038607701455476
814.0 0.0007087346148182405
815.0 0.0006417215445253532
816.0 0.0005747086561314063
817.0 0.0004151000212004874
818.0 0.0002554913635322009
819.0 9.776149454410188e-05
820.0 1.6032320870190686e-10
821.0 1.6032320870190686e-10
822.0 1.6032320870190686e-10
823.0 1.6032320870190686e-10
824.0 4.140093068372153e-06
825.0 1.6032320870190686e-10
826.0 1.6032320870190686e-10
827.0 1.6032320870190686e-10
828.0 0.00044752196117769927
829.0 0.00026623313260643044
830.0 8.494462804264913e-05
831.0 1.6032320870190686e-10
832.0 1.6032320870190686e-10
833.0 1.6032320870190686e-10
834.0 1.6032320870190686e-10
835.0 1.6032320870190686e-10
836.0 0.0001725038600852713
837.0 1.6032320870190686e-10
838.0 1.6032320870190686e-10
839.0 1.6032320870190686e-10
840.0 1.6032320870190686e-10
841.0 1.6032320870190686e-10
842.0 0.00014620802630815888
843.0 1.6032320870190686e-10
844.0 1.6032320870190686e-10
845.0 1.6032320870190686e-10
846.0 1.6032320870190686e-10
847.0 4.785892429026717e-05
848.0 0.00015107070794329047
849.0 0.00020855081857007463
850.0 0.0002660307927726535
851.0 0.00018935324987978674
852.0 0.0001126757410929713
853.0 0.00023390446131088538
854.0 0.0003551331246853806
855.0 0.00022519816411659122
856.0 9.526316375740862e-05
857.0 0.0004657228146243142
858.0 0.0008361825166502967
859.0 0.0010141119673789944
860.0 0.001192041327158222
861.0 0.001169908864540048
862.0 0.0011477763109724037
863.0 0.0013575429875345435
864.0 0.0015673098459956236
865.0 0.0018366265067015775
866.0 0.0021059426217107102
867.0 0.002033650889643468
868.0 0.001961359339475166
869.0 0.0019215698557673022
870.0 0.001881780190160498
871.0 0.0018565035134088248
872.0 0.0018312266547582112
873.0 0.0018629623809829354
874.0 0.0018946981072076596
875.0 0.002105714702338446
