lsstCam/transmission_filter_detector/r24_s00/u_24/19700101T000000.ecsv
# %ECSV 1.0
# ---
# datatype:
# - {name: wavelength, unit: nm, datatype: float32}
# - {name: efficiency, unit: '%', datatype: float64}
# meta: !!omap
# - {MODE: DETECTOR}
# - {TYPE: transmission_filter_detector}
# - {CALIBDATE: '1970-01-01T00:00:00'}
# - {INSTRUME: LSSTCam}
# - {OBSTYPE: transmission_filter_detector}
# - {CALIBCLS: lsst.ip.isr.IntermediateFilterDetectorTransmissionCurve}
# - {SOURCE: Materion (DM-46256)}
# - {DETECTOR: 108}
# - {FILTER: u_24}
# - {CALIB_ID: 'calibDate=1970-01-01T00:00:00 filter=u_24 detector=108'}
# - {DATE: '2025-04-02T15:59:40.248866'}
# - {CALIB_CREATION_DATE: '2025-04-02'}
# - {CALIB_CREATION_TIME: '15:59:40'}
# - __serialized_columns__:
#     efficiency:
#       __class__: astropy.units.quantity.Quantity
#       unit: !astropy.units.Unit {unit: '%'}
#       value: !astropy.table.SerializedColumn {name: efficiency}
#     wavelength:
#       __class__: astropy.units.quantity.Quantity
#       unit: !astropy.units.Unit {unit: nm}
#       value: !astropy.table.SerializedColumn {name: wavelength}
# schema: astropy-2.0
wavelength efficiency
[from data line 582]
877.0 0.0024565926651121117
878.0 0.0025964542146539316
879.0 0.002754168053797912
880.0 0.002911882438638713
881.0 0.0031312454666476697
882.0 0.0033506086765555665
883.0 0.0031168456189334393
884.0 0.0028830829251091927
885.0 0.002799647700157948
886.0 0.0027162126571056433
887.0 0.002463165765220765
888.0 0.0022101192371337675
889.0 0.0021920723156654276
890.0 0.0021740252122981474
891.0 0.002478340502420906
892.0 0.002782655974442605
893.0 0.002678163582459092
894.0 0.002573671008576639
895.0 0.002829661389114335
896.0 0.0030856517696520314
897.0 0.003650995495263487
898.0 0.004216338857077062
899.0 0.004319971412769519
900.0 0.004423603240866214
901.0 0.004345877459854819
902.0 0.004268152406439185
903.0 0.004600400643539615
904.0 0.004932648516842164
905.0 0.004988778164261021
906.0 0.005044907811679877
907.0 0.005434070044429973
908.0 0.00582323300477583
909.0 0.005915892688790336
910.0 0.006008552736602724
911.0 0.006036198828951456
912.0 0.006063844921300188
913.0 0.005873104237252846
914.0 0.005682363553205505
915.0 0.005132112710271031
916.0 0.004581861503538676
917.0 0.004144701233599335
918.0 0.003707541327457875
919.0 0.0041341641917824745
920.0 0.004560787419904955
921.0 0.004692263973993249
922.0 0.004823740528081544
923.0 0.005618248542305082
924.0 0.006412755465134978
925.0 0.006703510007355362
926.0 0.006994264549575746
927.0 0.0075748233939521015
928.0 0.00815537860034965
929.0 0.00787332173786126
930.0 0.007591263420181349
931.0 0.0072635317337699234
932.0 0.006935797864571214
933.0 0.006858497363282368
934.0 0.006781197589589283
935.0 0.006874495738884434
936.0 0.006967793888179585
937.0 0.007172010373324156
938.0 0.007376228313660249
939.0 0.007196109072538093
940.0 0.007015990559011698
941.0 0.0061313738115131855
942.0 0.00524675524502527
943.0 0.004240234920871444
944.0 0.003233714960515499
945.0 0.0026549832909950055
946.0 0.0020762519852723926
947.0 0.0016737230907892808
948.0 0.001271194196306169
949.0 0.001193209391203709
950.0 0.0011152245861012489
951.0 0.001378180786559824
952.0 0.0016411368051194586
953.0 0.0016646266885800287
954.0 0.0016881165720405988
955.0 0.0021750949599663727
956.0 0.0026620733478921466
957.0 0.0028127124096499756
958.0 0.002963351107609924
959.0 0.003318002200103365
960.0 0.0036726531106978655
961.0 0.003980853216489777
962.0 0.004289052958483808
963.0 0.0045385517296381295
964.0 0.004788050864590332
965.0 0.004693821756518446
966.0 0.00459959264844656
967.0 0.004652404095395468
968.0 0.004705215906142257
969.0 0.004612563498085365
970.0 0.004519911090028472
971.0 0.004671041097026318
972.0 0.004822170740226284
973.0 0.004788518708664924
974.0 0.0047548663133056834
975.0 0.004483658267417923
976.0 0.004212449857732281
977.0 0.003819200719590299
978.0 0.0034259519452461973
979.0 0.0032185809686779976
980.0 0.003011209446412977
981.0 0.0030071370929363184
982.0 0.003003064193762839
983.0 0.002956625939987134
984.0 0.002910187504312489
985.0 0.0033555010304553434
986.0 0.0038008154660928994
987.0 0.004124480619793758
988.0 0.004448146501090378
989.0 0.005424584014690481
990.0 0.006401021528290585
991.0 0.006563319766428322
992.0 0.006725617276970297
993.0 0.007165917486418039
994.0 0.007606216968270019
995.0 0.007221555279102176
996.0 0.006836892134742811
997.0 0.006748413579771295
998.0 0.006659937207587063
999.0 0.006552002741955221
1000.0 0.0064440690039191395
1001.0 0.005862801481271163
1002.0 0.005281532867229544
1003.0 0.004963544415659271
1004.0 0.004645555600291118
1005.0 0.004814928615815006
1006.0 0.004984300539945252
1007.0 0.004907627226202749
1008.0 0.004830952457268722
1009.0 0.004323761822888628
1010.0 0.0038165719161042944
1011.0 0.003676835694932379
1012.0 0.003537099837558344
1013.0 0.0030959399737184867
1014.0 0.00265478029177757
1015.0 0.002253993443446234
1016.0 0.001853206595114898
1017.0 0.0016269712432404049
1018.0 0.0014007357094669715
1019.0 0.0012686026821029373
1020.0 0.001136469654738903
1021.0 0.0010881622984015848
1022.0 0.0010398550330137368
1023.0 0.0010725729225669056
1024.0 0.0011052908121200744
1025.0 0.0013130322258803062
1026.0 0.0015207737305900082
1027.0 0.0013995236258779187
1028.0 0.001278273430216359
1029.0 0.0012861592040280811
1030.0 0.0012940450687892735
1031.0 0.001890980638563633
1032.0 0.002487916572135873
1033.0 0.00220511374209309
1034.0 0.001922310548252426
1035.0 0.002277308340126183
1036.0 0.002632305768202059
1037.0 0.002634994780237321
1038.0 0.002637683974171523
1039.0 0.0023974396754056215
1040.0 0.0021571957404376008
1041.0 0.001980625711439643
1042.0 0.0018040556824416853
1043.0 0.0018277572962688282
1044.0 0.0018514590919949114
1045.0 0.0014796833966101985
1046.0 0.0011079077921749558
1047.0 0.0013613544979307335
1048.0 0.0016148012946359813
1049.0 0.001493764193583047
1050.0 0.0013727266377827618
1051.0 0.0015873140000621788
1052.0 0.0018019012713921256
1053.0 0.0014275698958954308
1054.0 0.0010532384294492658
1055.0 0.0007425001058436465
1056.0 0.0004317620096117025
1057.0 0.0008170630280801561
1058.0 0.0012023641829728149
1059.0 0.0006061946351110237
1060.0 1.002520235715565e-05
1061.0 0.0011416541383368894
1062.0 0.0022732830984750763
1063.0 0.002203612166340463
1064.0 0.0021339412342058495
1065.0 0.0015817080566193908
1066.0 0.0010294751518813428
1067.0 0.0008282686394522898
1068.0 0.0006270616268011509
1069.0 0.0017862632375909016
1070.0 0.002945464621006977
1071.0 0.002191551357100252
1072.0 0.0014376380022440571
1073.0 0.0016890853657969274
1074.0 0.0019405330021982081
1075.0 0.0028127786208642647
1076.0 0.003685024057631381
1077.0 0.004389932291815057
1078.0 0.005094840525998734
1079.0 0.0054537107644136995
1080.0 0.005812578820041381
1081.0 0.004715074101113714
1082.0 0.0036175693821860477
1083.0 0.0030423138014157303
1084.0 0.002467058220645413
1085.0 0.0030268845875980332
1086.0 0.003586710590752773
1087.0 0.0038146063161548227
1088.0 0.004042502041556872
1089.0 0.00478605943499133
1090.0 0.005529616828425787
1091.0 0.004114226612728089
1092.0 0.002698836578929331
1093.0 0.0026385676392237656
1094.0 0.0025782986995182
1095.0 0.0025796500267460942
1096.0 0.0025810018996708095
1097.0 0.0029022223316133022
1098.0 0.0032234434911515564
1099.0 0.003181191277690232
1100.0 0.0031389397918246686
