lsstCam/transmission_filter_detector/r41_s12/u_24/19700101T000000.ecsv
# %ECSV 1.0
# ---
# datatype:
# - {name: wavelength, unit: nm, datatype: float32}
# - {name: efficiency, unit: '%', datatype: float64}
# meta: !!omap
# - {MODE: DETECTOR}
# - {TYPE: transmission_filter_detector}
# - {CALIBDATE: '1970-01-01T00:00:00'}
# - {INSTRUME: LSSTCam}
# - {OBSTYPE: transmission_filter_detector}
# - {CALIBCLS: lsst.ip.isr.IntermediateFilterDetectorTransmissionCurve}
# - {SOURCE: Materion (DM-46256)}
# - {DETECTOR: 167}
# - {FILTER: u_24}
# - {CALIB_ID: 'calibDate=1970-01-01T00:00:00 filter=u_24 detector=167'}
# - {DATE: '2025-04-02T15:59:40.524647'}
# - {CALIB_CREATION_DATE: '2025-04-02'}
# - {CALIB_CREATION_TIME: '15:59:40'}
# - __serialized_columns__:
#     efficiency:
#       __class__: astropy.units.quantity.Quantity
#       unit: !astropy.units.Unit {unit: '%'}
#       value: !astropy.table.SerializedColumn {name: efficiency}
#     wavelength:
#       __class__: astropy.units.quantity.Quantity
#       unit: !astropy.units.Unit {unit: nm}
#       value: !astropy.table.SerializedColumn {name: wavelength}
# schema: astropy-2.0
wavelength efficiency
295.0 1.6572204762990705e-10
296.0 1.6572204762990705e-10
297.0 1.6572204762990705e-10
298.0 1.6572204762990705e-10
299.0 1.6572204762990705e-10
300.0 1.6572204762990705e-10
301.0 1.6572204762990705e-10
302.0 1.6572204762990705e-10
303.0 0.09010657668113708
304.0 0.29983154963701963
305.0 1.0117337107658386
306.0 2.359994314610958
307.0 4.1594453155994415
308.0 6.483644992113113
309.0 10.181844979524612
310.0 13.889940083026886
311.0 17.627650499343872
312.0 21.46274894475937
313.0 24.499738216400146
314.0 27.21523940563202
315.0 29.822227358818054
316.0 32.01144635677338
317.0 34.85625982284546
318.0 38.282790780067444
319.0 42.57022440433502
320.0 48.459768295288086
321.0 54.14755940437317
322.0 59.92312431335449
323.0 65.15899896621704
324.0 69.20287609100342
325.0 71.8237578868866
326.0 74.08743500709534
327.0 75.89932680130005
328.0 77.47858166694641
329.0 78.95652055740356
330.0 80.10874390602112
331.0 80.60297966003418
332.0 80.88788390159607
333.0 80.9582531452179
334.0 80.88840246200562
335.0 81.16679787635803
336.0 81.53119087219238
337.0 82.3151171207428
338.0 83.1373929977417
339.0 83.69177579879761
340.0 83.93927812576294
341.0 84.40356850624084
342.0 84.76377725601196
343.0 84.66370105743408
344.0 84.82494354248047
345.0 85.3047788143158
346.0 85.61103940010071
347.0 86.03438138961792
348.0 86.23654246330261
349.0 86.42834424972534
350.0 86.48465275764465
351.0 86.67055368423462
352.0 86.59287691116333
353.0 86.53777241706848
354.0 86.52421236038208
355.0 86.66911721229553
356.0 86.79319620132446
357.0 86.73858046531677
358.0 86.34125590324402
359.0 86.01874113082886
360.0 85.8411431312561
361.0 85.57931184768677
362.0 85.52097678184509
363.0 85.6346607208252
364.0 85.78786849975586
365.0 86.1091673374176
366.0 86.51637434959412
367.0 86.55574321746826
368.0 86.61977052688599
369.0 86.73489093780518
370.0 86.5818202495575
371.0 86.54409646987915
372.0 86.58154010772705
373.0 86.86047196388245
374.0 86.83856129646301
375.0 87.13733553886414
376.0 87.32945919036865
377.0 87.4969482421875
378.0 87.49614357948303
379.0 87.06559538841248
380.0 86.18074059486389
381.0 84.68145728111267
382.0 82.72179961204529
383.0 80.70793747901917
384.0 78.55674624443054
385.0 76.06504559516907
386.0 73.41722249984741
387.0 69.79225873947144
388.0 66.16426706314087
389.0 61.65568232536316
390.0 57.386744022369385
391.0 53.05916666984558
392.0 48.70293140411377
393.0 45.00285089015961
394.0 41.56907498836517
395.0 37.62321174144745
396.0 33.41796100139618
397.0 27.649858593940735
398.0 21.24405801296234
399.0 14.408683776855469
400.0 8.5506871342659
401.0 4.272258281707764
402.0 1.6442731022834778
403.0 0.5241325590759516
404.0 0.20822547376155853
405.0 0.07053172448650002
406.0 0.05141617730259895
407.0 0.012480378791224211
408.0 1.6572204762990705e-10
409.0 1.6572204762990705e-10
410.0 1.6572204762990705e-10
411.0 1.6572204762990705e-10
412.0 1.6572204762990705e-10
413.0 1.6572204762990705e-10
414.0 1.6572204762990705e-10
415.0 1.6572204762990705e-10
416.0 1.6572204762990705e-10
417.0 1.6572204762990705e-10
418.0 1.6572204762990705e-10
419.0 1.6572204762990705e-10
420.0 1.6572204762990705e-10
421.0 1.6572204762990705e-10
422.0 1.6572204762990705e-10
423.0 1.6572204762990705e-10
424.0 1.6572204762990705e-10
425.0 1.6572204762990705e-10
426.0 0.00019779415652010357
427.0 1.6572204762990705e-10
428.0 1.6572204762990705e-10
429.0 1.6572204762990705e-10
430.0 1.6572204762990705e-10
431.0 1.6572204762990705e-10
432.0 1.6572204762990705e-10
433.0 0.00018469006590748904
434.0 0.001139355208579218
435.0 0.0010189100976276677
436.0 0.0008984647138277069
437.0 2.3661813486341998e-05
438.0 1.6572204762990705e-10
439.0 1.6572204762990705e-10
440.0 1.6572204762990705e-10
441.0 1.6572204762990705e-10
442.0 0.0005901427812204929
443.0 9.688848194855382e-05
444.0 1.6572204762990705e-10
445.0 1.6572204762990705e-10
446.0 1.6572204762990705e-10
447.0 1.6572204762990705e-10
448.0 1.6572204762990705e-10
449.0 0.0005589005922956858
450.0 0.0015204502233245876
451.0 0.001492824412707705
452.0 0.0014651984201918822
453.0 0.0009350419531983789
454.0 0.0004048856226290809
455.0 1.6572204762990705e-10
456.0 1.6572204762990705e-10
457.0 1.6572204762990705e-10
458.0 0.0006036806098563829
459.0 0.00039448045754397754
460.0 0.0001852806462920853
461.0 1.6572204762990705e-10
462.0 1.6572204762990705e-10
463.0 1.6572204762990705e-10
464.0 1.6572204762990705e-10
465.0 1.6572204762990705e-10
466.0 1.6572204762990705e-10
467.0 1.6572204762990705e-10
468.0 0.0005582664471148746
469.0 4.3103515423581484e-06
470.0 1.6572204762990705e-10
471.0 1.6572204762990705e-10
472.0 1.6572204762990705e-10
473.0 1.6572204762990705e-10
474.0 1.6572204762990705e-10
475.0 1.6572204762990705e-10
476.0 1.6572204762990705e-10
477.0 1.6572204762990705e-10
478.0 1.6572204762990705e-10
479.0 1.6572204762990705e-10
480.0 1.6572204762990705e-10
481.0 1.6572204762990705e-10
482.0 4.99103350648511e-05
483.0 1.6572204762990705e-10
484.0 1.6572204762990705e-10
485.0 1.6572204762990705e-10
486.0 1.6572204762990705e-10
487.0 1.6572204762990705e-10
488.0 1.6572204762990705e-10
489.0 1.6572204762990705e-10
490.0 0.0003553825308699743
491.0 0.00027328383112035226
492.0 0.00019118508589599514
493.0 0.00022498497855849564
494.0 0.00025878498490783386
495.0 4.56054635833425e-05
496.0 1.6572204762990705e-10
497.0 4.447273909136129e-05
498.0 0.000256519706454128
499.0 1.6572204762990705e-10
500.0 1.6572204762990705e-10
501.0 0.00013091014352539787
502.0 0.0008002000868145842
503.0 0.000477145476907026
504.0 0.00015409106026709196
505.0 1.0767752911533535e-05
506.0 1.6572204762990705e-10
507.0 1.6572204762990705e-10
508.0 1.6572204762990705e-10
509.0 1.6572204762990705e-10
510.0 1.6572204762990705e-10
511.0 1.6572204762990705e-10
512.0 1.6572204762990705e-10
513.0 1.6572204762990705e-10
514.0 1.6572204762990705e-10
515.0 1.6572204762990705e-10
516.0 1.6572204762990705e-10
517.0 1.6572204762990705e-10
518.0 1.6572204762990705e-10
519.0 1.5331205815982685e-05
520.0 6.162237582429952e-05
521.0 1.6572204762990705e-10
522.0 1.6572204762990705e-10
523.0 1.6572204762990705e-10
524.0 5.171642101231555e-05
525.0 1.6572204762990705e-10
526.0 1.6572204762990705e-10
527.0 1.6572204762990705e-10
528.0 1.6572204762990705e-10
529.0 1.6572204762990705e-10
530.0 1.6572204762990705e-10
531.0 1.6572204762990705e-10
532.0 1.6572204762990705e-10
533.0 3.681122677789972e-05
534.0 0.00017193866597153828
535.0 0.00020179325019853422
536.0 0.0002316479822184192
537.0 1.6572204762990705e-10
538.0 1.6572204762990705e-10
539.0 1.6572204762990705e-10
540.0 1.6572204762990705e-10
541.0 1.6572204762990705e-10
542.0 6.590927625893528e-06
543.0 1.6572204762990705e-10
544.0 1.6572204762990705e-10
545.0 1.6572204762990705e-10
546.0 0.0001058459247360588
547.0 1.6572204762990705e-10
548.0 1.6572204762990705e-10
549.0 1.6572204762990705e-10
550.0 1.6572204762990705e-10
551.0 1.6572204762990705e-10
552.0 1.6572204762990705e-10
553.0 1.6572204762990705e-10
554.0 1.6572204762990705e-10
555.0 1.6572204762990705e-10
556.0 1.6572204762990705e-10
557.0 1.6572204762990705e-10
558.0 1.5311056245082e-05
559.0 9.029753300637822e-06
560.0 2.748448935108172e-06
561.0 1.6572204762990705e-10
562.0 1.6572204762990705e-10
563.0 1.6572204762990705e-10
564.0 1.6572204762990705e-10
565.0 0.00010818772580023506
566.0 0.0002675732957868604
567.0 0.0003233082907172502
568.0 0.00037904326291027246
569.0 0.00038729522202629596
570.0 0.0003955471584049519
571.0 0.00034958156902575865
572.0 0.0003036160933334031
573.0 0.0002862422434191103
574.0 0.00026886846171692014
575.0 0.0002529950279495097
576.0 0.00023712154870736413
577.0 0.0002626924469950609
578.0 0.0002882634589695954
579.0 0.0006127831966296071
580.0 0.0009373029570269864
581.0 0.0007535359600296943
582.0 0.0005697688720829319
583.0 0.0006223527634574566
584.0 0.0006749366093572462
585.0 0.0007496974376408616
586.0 0.0008244584023486823
587.0 0.0007825842658348847
588.0 0.000740710038371617
589.0 0.0006922931788722053
590.0 0.0006438761829485884
591.0 0.0006519489943457302
592.0 0.0006600217602681369
593.0 0.0006735620900144568
594.0 0.0006871024652355118
595.0 0.0009408443474967498
596.0 0.0011945861842832528
597.0 0.0016504147424711846
598.0 0.0021062433006591164
599.0 0.0022910768166184425
600.0 0.0024759101506788284
601.0 0.0023739647076581605
602.0 0.0022720190827385522
603.0 0.0020167984985164367
604.0 0.0017615782780922018
605.0 0.0015705412806710228
606.0 0.0013795041923003737
607.0 0.0010476820534677245
608.0 0.0007158596872613998
609.0 0.0007347488917730516
610.0 0.0007536380962847034
611.0 0.0004918085778626846
612.0 0.00022997910491540097
613.0 0.00044182934288983233
614.0 0.000653679717288469
615.0 0.0005109393441671273
616.0 0.000368199198419461
617.0 0.0003361181143191061
618.0 0.00030403703021875117
619.0 0.00045855426833441015
620.0 0.000613071415500599
621.0 0.0005097933353681583
622.0 0.00040651525523571763
623.0 0.0006187922735989559
624.0 0.0008310692464874592
625.0 0.0010002940143749584
626.0 0.0011695188732119277
627.0 0.0012553481610666495
628.0 0.0013411774489213713
629.0 0.0015472123777726665
630.0 0.0017532471247250214
631.0 0.0019182731193723157
632.0 0.0020832992959185503
633.0 0.0025646204449003562
634.0 0.003045941593882162
635.0 0.0029548551538027823
636.0 0.0028637683499255218
637.0 0.0024818320525810122
638.0 0.0020998955733375624
639.0 0.001785136373655405
640.0 0.0014703772649227176
641.0 0.0013775630577583797
642.0 0.0012847487596445717
643.0 0.0007553755040135002
644.0 0.00022600218017032603
645.0 0.00012096237469449989
646.0 1.592247400594715e-05
647.0 0.0003359872607688885
648.0 0.0006560520887433086
649.0 0.0006109238256613025
650.0 0.0005657955171045614
651.0 0.000908960555534577
652.0 0.0012521257303887978
653.0 0.0014675875718239695
654.0 0.0016830490494612604
655.0 0.001998603329411708
656.0 0.0023141572455642745
657.0 0.0029364502552198246
658.0 0.0035587432648753747
659.0 0.0035907429264625534
660.0 0.003622742951847613
661.0 0.0031222454708768055
662.0 0.002621747989905998
663.0 0.0021142383047845215
664.0 0.0016067284377641045
665.0 0.0014178389392327517
666.0 0.001228949440701399
667.0 0.0010182378900935873
668.0 0.0008075264304352459
669.0 0.0006954490800126223
670.0 0.0005833716841152636
671.0 0.0005469697953230934
672.0 0.0005105679974803934
673.0 0.0007251018814713461
674.0 0.000939635810937034
675.0 0.001164192599389935
676.0 0.001388749478792306
677.0 0.001958292705239728
678.0 0.0025278361135860905
679.0 0.0034506785596022382
680.0 0.004373521005618386
681.0 0.006323148409137502
682.0 0.008272775448858738
683.0 0.009976310684578493
684.0 0.011679847375489771
685.0 0.01109230870497413
686.0 0.010504772944841534
687.0 0.008872698526829481
688.0 0.00724062483641319
689.0 0.006040790685801767
690.0 0.004840956535190344
691.0 0.00422129305661656
692.0 0.003601629941840656
693.0 0.0028828155336668715
694.0 0.002164001125493087
695.0 0.0015783694834681228
696.0 0.0009927381142915692
697.0 0.0008419826372119132
698.0 0.0006912271146575222
699.0 0.0006057362952560652
700.0 0.0005202454758546082
701.0 0.0005637345566356089
702.0 0.0006072236374166096
703.0 0.0006643142114626244
704.0 0.000721404694559169
705.0 0.0007024019396340009
706.0 0.0006833992756583029
707.0 0.0007892632311268244
708.0 0.0008951273230195511
709.0 0.0008533464097126853
710.0 0.0008115656783047598
711.0 0.0008946381967689376
712.0 0.0009777107152331155
713.0 0.0007569252829853212
714.0 0.0005361398962122621
715.0 0.00042149663386226166
716.0 0.00030685343972436385
717.0 0.00030889339086570544
718.0 0.00031093320558284177
719.0 0.0003325862280689762
720.0 0.000354239182343008
721.0 0.0002368514515183051
722.0 0.00011946377753702109
723.0 0.0002180976025556447
724.0 0.00031673152989242226
725.0 0.0003410055342101259
726.0 0.00036527958400256466
727.0 0.00035107179883198114
728.0 0.00033686392271192744
729.0 0.00013040089470450766
730.0 1.6572204762990705e-10
731.0 0.00016057480252129608
732.0 0.0003972117610828718
733.0 0.0003720246468219557
734.0 0.0003468373961368343
735.0 0.00047222520151990466
736.0 0.0005976129159535049
737.0 0.0005295310529618291
738.0 0.00046144923544488847
739.0 0.0009819455044635106
740.0 0.0015024418644316029
741.0 0.0021798867237521335
742.0 0.0028573316740221344
743.0 0.003365008524269797
744.0 0.003872685192618519
745.0 0.0042191153625026345
746.0 0.00456554553238675
747.0 0.004436980816535652
748.0 0.004308416100684553
749.0 0.003957871376769617
750.0 0.003607326652854681
751.0 0.003496081626508385
752.0 0.003384836236364208
753.0 0.0032258711144095287
754.0 0.003066905992454849
755.0 0.0027267598852631636
756.0 0.002386613778071478
757.0 0.0018264272512169555
758.0 0.0012662405424634926
759.0 0.0010756944902823307
760.0 0.0008851484381011687
761.0 0.0008264379175670911
762.0 0.0007677273060835432
763.0 0.000495516678711283
764.0 0.000223306142288493
765.0 0.00036329431623016717
766.0 0.0005032824901718413
767.0 0.00044500957301352173
768.0 0.0003867367468046723
769.0 0.0005175645583221922
770.0 0.0006483924607891822
771.0 0.0007279728379216976
772.0 0.0008075532605289482
773.0 0.0008317569154314697
774.0 0.0008559603884350508
775.0 0.0006829751328041311
776.0 0.0005099897862237412
777.0 0.0007323032150452491
778.0 0.0009546167348162271
779.0 0.000923796233109897
780.0 0.0008929756404540967
781.0 0.0010336770174035337
782.0 0.0011743783034035005
783.0 0.0011918485142814461
784.0 0.001209318816108862
785.0 0.0013854935787094291
786.0 0.0015616682503605261
787.0 0.001346215412922902
788.0 0.001130762666434748
789.0 0.0010086045222124085
790.0 0.0008864463779900689
791.0 0.0007370863841060782
792.0 0.0005877266175957629
793.0 0.0006188481620483799
794.0 0.0006499695246020565
795.0 0.0005307010724209249
796.0 0.00041143257476505823
797.0 0.0003429828439038829
798.0 0.0002745331812548102
799.0 0.000275422621598409
800.0 0.0002763120846793754
801.0 0.00027539015263755573
802.0 0.0002744684024946764
803.0 6.239002914298908e-05
804.0 1.6572204762990705e-10
805.0 1.6572204762990705e-10
806.0 0.00014716764553668327
807.0 0.00034958957257913426
808.0 0.0005520114427781664
809.0 0.0003557576746970881
810.0 0.00015950392935337732
811.0 0.00023789668830431765
812.0 0.0003162894699926255
813.0 0.0002363894964219071
814.0 0.00015648956832592376
815.0 0.00027473506634123623
816.0 0.0003929805188818136
817.0 0.0002588730239949655
818.0 0.0001247655404768011
819.0 0.0002609648163343081
820.0 0.0003971640580857638
821.0 0.0003483288082861691
822.0 0.00029949346753710415
823.0 0.00014069099734115298
824.0 1.6572204762990705e-10
825.0 8.529668775736354e-05
826.0 0.0001887046323645336
827.0 1.6572204762990705e-10
828.0 1.6572204762990705e-10
829.0 1.6572204762990705e-10
830.0 0.0001084628365788376
831.0 1.6572204762990705e-10
832.0 1.6572204762990705e-10
833.0 1.6572204762990705e-10
834.0 1.6572204762990705e-10
835.0 1.6572204762990705e-10
836.0 1.6572204762990705e-10
837.0 1.6572204762990705e-10
838.0 1.6572204762990705e-10
839.0 3.848463165923022e-05
840.0 0.00011740301033569267
841.0 0.00020046772988280281
842.0 0.0002835323130057077
843.0 0.00013590174603450578
844.0 1.6572204762990705e-10
845.0 2.26590628926715e-05
846.0 5.704707177756063e-05
847.0 0.0001095305492526677
848.0 0.00016201398693738156
849.0 0.0001130723603637307
850.0 6.413060873455834e-05
851.0 0.0002595575097075198
852.0 0.00045498436520574614
853.0 0.0006404268333426444
854.0 0.0008258693924290128
855.0 0.000816601277620066
856.0 0.00080733361755847
857.0 0.0008471180080960039
858.0 0.0008869023076840676
859.0 0.0009934848094417248
860.0 0.0011000672202499118
861.0 0.0013446860066324007
862.0 0.0015893047020654194
863.0 0.0016918980691116303
864.0 0.0017944914361578412
865.0 0.0017929300156538375
866.0 0.0017913684132508934
867.0 0.0018505101252230816
868.0 0.001909651473397389
869.0 0.0019994147805846296
870.0 0.00208917808777187
871.0 0.002264694012410473
872.0 0.0024402095732511953
873.0 0.002649068846949376
874.0 0.002857928484445438
875.0 0.0028234231649548747
