lsstCam/transmission_filter_detector/r41_s12/u_24/19700101T000000.ecsv
# %ECSV 1.0
# ---
# datatype:
# - {name: wavelength, unit: nm, datatype: float32}
# - {name: efficiency, unit: '%', datatype: float64}
# meta: !!omap
# - {MODE: DETECTOR}
# - {TYPE: transmission_filter_detector}
# - {CALIBDATE: '1970-01-01T00:00:00'}
# - {INSTRUME: LSSTCam}
# - {OBSTYPE: transmission_filter_detector}
# - {CALIBCLS: lsst.ip.isr.IntermediateFilterDetectorTransmissionCurve}
# - {SOURCE: Materion (DM-46256)}
# - {DETECTOR: 167}
# - {FILTER: u_24}
# - {CALIB_ID: 'calibDate=1970-01-01T00:00:00 filter=u_24 detector=167'}
# - {DATE: '2025-04-02T15:59:40.524647'}
# - {CALIB_CREATION_DATE: '2025-04-02'}
# - {CALIB_CREATION_TIME: '15:59:40'}
# - __serialized_columns__:
#     efficiency:
#       __class__: astropy.units.quantity.Quantity
#       unit: !astropy.units.Unit {unit: '%'}
#       value: !astropy.table.SerializedColumn {name: efficiency}
#     wavelength:
#       __class__: astropy.units.quantity.Quantity
#       unit: !astropy.units.Unit {unit: nm}
#       value: !astropy.table.SerializedColumn {name: wavelength}
# schema: astropy-2.0
wavelength efficiency
[from data line 582]
877.0 0.0031588115234626457
878.0 0.0035287055652588606
879.0 0.0035340694012120366
880.0 0.0035394332371652126
881.0 0.0034306624002056196
882.0 0.0033218919270439073
883.0 0.003234919495298527
884.0 0.0031479466997552663
885.0 0.0032161493436433375
886.0 0.003284351623733528
887.0 0.003303599442006089
888.0 0.003322846532682888
889.0 0.003069687954848632
890.0 0.002816528649418615
891.0 0.003070271122851409
892.0 0.003324012868688442
893.0 0.0034170450817327946
894.0 0.003510076567181386
895.0 0.003355157605255954
896.0 0.003200238643330522
897.0 0.0034860622690757737
898.0 0.003771886258618906
899.0 0.003902686876244843
900.0 0.004033487857668661
901.0 0.004392312985146418
902.0 0.004751137748826295
903.0 0.005060622424934991
904.0 0.0053701067372458056
905.0 0.005357538611860946
906.0 0.005344970122678205
907.0 0.005603393947239965
908.0 0.005861817408003844
909.0 0.005730589327868074
910.0 0.005599361611530185
911.0 0.005600517033599317
912.0 0.005601672091870569
913.0 0.005583163510891609
914.0 0.005564654929912649
915.0 0.005234425771050155
916.0 0.0049041958845919
917.0 0.005036011498305015
918.0 0.00516782674822025
919.0 0.0052402807341422886
920.0 0.005312735083862208
921.0 0.005256786607787944
922.0 0.0052008377679158
923.0 0.005356923429644667
924.0 0.005513009455171414
925.0 0.00601386018388439
926.0 0.006514711276395246
927.0 0.00690020970068872
928.0 0.007285708124982193
929.0 0.007436809391947463
930.0 0.007587911386508495
931.0 0.007814544369466603
932.0 0.008041178080020472
933.0 0.007813608681317419
934.0 0.007586039282614365
935.0 0.007589870074298233
936.0 0.007593700138386339
937.0 0.0070367947046179324
938.0 0.006479889270849526
939.0 0.006296823994489387
940.0 0.006113758718129247
941.0 0.005631172462017275
942.0 0.005148586205905303
943.0 0.0046610286517534405
944.0 0.004173471461399458
945.0 0.003701671084854752
946.0 0.0032298703445121646
947.0 0.0029612312573590316
948.0 0.002692591806408018
949.0 0.002267028503410984
950.0 0.0018414652004139498
951.0 0.001858581708802376
952.0 0.001875698217190802
953.0 0.001878690454759635
954.0 0.0018816823285305873
955.0 0.0019959581550210714
956.0 0.0021102339815115556
957.0 0.0023513326596003026
958.0 0.0025924313376890495
959.0 0.002911651063186582
960.0 0.003230870424886234
961.0 0.003780864062719047
962.0 0.00433085770055186
963.0 0.00458640352007933
964.0 0.004841950067202561
965.0 0.0051840841479133815
966.0 0.005526218592422083
967.0 0.005385908661992289
968.0 0.005245598731562495
969.0 0.005100822090753354
970.0 0.004956045449944213
971.0 0.005182539825909771
972.0 0.00540903456567321
973.0 0.0051851606258424
974.0 0.004961286322213709
975.0 0.004590998651110567
976.0 0.004220710980007425
977.0 0.004194316716166213
978.0 0.004167922816122882
979.0 0.0040108679968398064
980.0 0.00385381281375885
981.0 0.0036535304388962686
982.0 0.003453248064033687
983.0 0.0034722044802038
984.0 0.0034911608963739127
985.0 0.003587773971958086
986.0 0.003684387047542259
987.0 0.004308973075239919
988.0 0.004933558375341818
989.0 0.005423332913778722
990.0 0.005913107452215627
991.0 0.006809199840063229
992.0 0.007705293683102354
993.0 0.008047944720601663
994.0 0.008390596485696733
995.0 0.00848447234602645
996.0 0.00857834893395193
997.0 0.008235060522565618
998.0 0.007891769928392023
999.0 0.007293707312783226
1000.0 0.00669564469717443
1001.0 0.006135740113677457
1002.0 0.0055758362577762455
1003.0 0.0052996685553807765
1004.0 0.00502350194437895
1005.0 0.004842422276851721
1006.0 0.0046613426093244925
1007.0 0.004269535929779522
1008.0 0.0038777285226387903
1009.0 0.004172694025328383
1010.0 0.004467659528017975
1011.0 0.004020710912300274
1012.0 0.0035737615689868107
1013.0 0.002962830512842629
1014.0 0.0023518994566984475
1015.0 0.0021997513613314368
1016.0 0.0020476034478633665
1017.0 0.0018149456082028337
1018.0 0.001582287768542301
1019.0 0.0015698908100603148
1020.0 0.0015574940334772691
1021.0 0.0017353182556689717
1022.0 0.0019131424778606743
1023.0 0.0017832227968028747
1024.0 0.001653303115745075
1025.0 0.0017926484360941686
1026.0 0.001931993756443262
1027.0 0.0019411072571529076
1028.0 0.001950220757862553
1029.0 0.001971736492123455
1030.0 0.0019932520444854163
1031.0 0.0020514109564828686
1032.0 0.002109569868480321
1033.0 0.0024298560674651526
1034.0 0.002750142084551044
1035.0 0.0026233898097416386
1036.0 0.0024966375349322334
1037.0 0.0027983538529952057
1038.0 0.003100070171058178
1039.0 0.002861261054931674
1040.0 0.0026224521207041107
1041.0 0.002536957799748052
1042.0 0.002451463478791993
1043.0 0.0023048429284244776
1044.0 0.0021582221961580217
1045.0 0.002055508412013296
1046.0 0.00195279444596963
1047.0 0.0021743937395513058
1048.0 0.0023959933969308622
1049.0 0.0022255295334616676
1050.0 0.002055065669992473
1051.0 0.0018970820747199468
1052.0 0.00173909811564954
1053.0 0.001623174102860503
1054.0 0.0015072502719704062
1055.0 0.0016176099961739965
1056.0 0.0017279695384786464
1057.0 0.0013262474567454774
1058.0 0.0009245256478607189
1059.0 0.001272098052140791
1060.0 0.0016196707292692736
1061.0 0.0018916964108939283
1062.0 0.0021637224563164636
1063.0 0.0023751839762553573
1064.0 0.0025866458599921316
1065.0 0.001450153376936214
1066.0 0.0003136608938802965
1067.0 0.001002040062303422
1068.0 0.0016904190488276072
1069.0 0.001482824154663831
1070.0 0.0012752289876516443
1071.0 0.0011094956789747812
1072.0 0.0009437624612473883
1073.0 0.002285474147356581
1074.0 0.003627186015364714
1075.0 0.0030495721148326993
1076.0 0.0024719587599975057
1077.0 0.0030395272915484384
1078.0 0.0036070956412004307
1079.0 0.004047725815325975
1080.0 0.004488356353249401
1081.0 0.0039620103052584454
1082.0 0.0034356646210653707
1083.0 0.0040543192881159484
1084.0 0.004672974318964407
1085.0 0.005098171459394507
1086.0 0.005523368599824607
1087.0 0.005431038516690023
1088.0 0.005338708433555439
1089.0 0.0039035679947119206
1090.0 0.0024684277377673425
1091.0 0.0044488508137874305
1092.0 0.006429274071706459
1093.0 0.004708697088062763
1094.0 0.0029881201044190675
1095.0 0.0038696471165167168
1096.0 0.004751173401018605
1097.0 0.0035447948903311044
1098.0 0.0023384165615425445
1099.0 0.00511580947204493
1100.0 0.007893201836850494
