lsstCam/transmission_filter_detector/r33_s01/y_10/19700101T000000.ecsv
# %ECSV 1.0
# ---
# datatype:
# - {name: wavelength, unit: nm, datatype: float32}
# - {name: efficiency, unit: '%', datatype: float64}
# meta: !!omap
# - {MODE: DETECTOR}
# - {TYPE: transmission_filter_detector}
# - {CALIBDATE: '1970-01-01T00:00:00'}
# - {INSTRUME: LSSTCam}
# - {OBSTYPE: transmission_filter_detector}
# - {CALIBCLS: lsst.ip.isr.IntermediateFilterDetectorTransmissionCurve}
# - {SOURCE: Materion (DM-46256)}
# - {DETECTOR: 145}
# - {FILTER: y_10}
# - {CALIB_ID: 'calibDate=1970-01-01T00:00:00 filter=y_10 detector=145'}
# - {DATE: '2025-04-02T15:59:51.415984'}
# - {CALIB_CREATION_DATE: '2025-04-02'}
# - {CALIB_CREATION_TIME: '15:59:51'}
# - __serialized_columns__:
#     efficiency:
#       __class__: astropy.units.quantity.Quantity
#       unit: !astropy.units.Unit {unit: '%'}
#       value: !astropy.table.SerializedColumn {name: efficiency}
#     wavelength:
#       __class__: astropy.units.quantity.Quantity
#       unit: !astropy.units.Unit {unit: nm}
#       value: !astropy.table.SerializedColumn {name: wavelength}
# schema: astropy-2.0
wavelength efficiency
[from data line 577]
877.0 0.0021269188437145203
878.0 0.0022976850232225843
879.0 0.001783465086191427
880.0 0.07147263386286795
881.0 0.09446478798054159
882.0 0.05570619250647724
883.0 0.10901136556640267
884.0 0.0714644615072757
885.0 0.09321243269369006
886.0 0.07220617262646556
887.0 0.10333693353459239
888.0 0.07703376468271017
889.0 0.11575572425499558
890.0 0.08042414556257427
891.0 0.09114710846915841
892.0 0.08223765180446208
893.0 0.1073601539246738
894.0 0.07515822071582079
895.0 0.10225104633718729
896.0 0.08638146100565791
897.0 0.12805869337171316
898.0 0.0986750004813075
899.0 0.1321458606980741
900.0 0.11825398541986942
901.0 0.14163237065076828
902.0 0.16785888001322746
903.0 0.20268303342163563
904.0 0.22568791173398495
905.0 0.27567476499825716
906.0 0.33952512312680483
907.0 0.43859975412487984
908.0 0.6070403382182121
909.0 0.8173048496246338
910.0 1.168032269924879
911.0 1.652434840798378
912.0 2.434517815709114
913.0 3.5893309861421585
914.0 4.957100376486778
915.0 6.904186308383942
916.0 9.20746847987175
917.0 11.717084050178528
918.0 14.50599730014801
919.0 17.165252566337585
920.0 20.745694637298584
921.0 24.525299668312073
922.0 28.331658244132996
923.0 32.90885090827942
924.0 37.84133791923523
925.0 43.27409267425537
926.0 49.746304750442505
927.0 56.6617488861084
928.0 62.68773674964905
929.0 69.10808086395264
930.0 74.6465265750885
931.0 80.04347681999207
932.0 84.85766649246216
933.0 88.85970115661621
934.0 91.68815612792969
935.0 93.64432096481323
936.0 95.05195617675781
937.0 96.06166481971741
938.0 96.6515302658081
939.0 96.96579575538635
940.0 97.20500707626343
941.0 97.30730056762695
942.0 97.49950170516968
943.0 97.51732349395752
944.0 97.75001406669617
945.0 97.69530296325684
946.0 97.74489998817444
947.0 97.67224192619324
948.0 97.843337059021
949.0 97.72855639457703
950.0 97.93238043785095
951.0 97.96552658081055
952.0 98.00812005996704
953.0 98.26158285140991
954.0 98.35631847381592
955.0 98.41132760047913
956.0 98.56910705566406
957.0 98.75085949897766
958.0 98.8579273223877
959.0 98.87956380844116
960.0 98.98946285247803
961.0 99.02686476707458
962.0 99.0540623664856
963.0 99.11699891090393
964.0 99.1128921508789
965.0 99.10358190536499
966.0 99.14300441741943
967.0 99.27429556846619
968.0 99.23298954963684
969.0 99.25007224082947
970.0 99.29906725883484
971.0 99.34144020080566
972.0 99.40425753593445
973.0 99.47351217269897
974.0 99.45364594459534
975.0 99.42997097969055
976.0 99.49236512184143
977.0 99.46993589401245
978.0 99.53802227973938
979.0 99.43348169326782
980.0 99.37965869903564
981.0 99.30821657180786
982.0 99.26018714904785
983.0 99.28730130195618
984.0 99.21460747718811
985.0 99.26425218582153
986.0 99.1349995136261
987.0 99.15820956230164
988.0 99.09915924072266
989.0 99.11654591560364
990.0 99.08726811408997
991.0 99.12095069885254
992.0 99.22014474868774
993.0 99.14106130599976
994.0 99.11381006240845
995.0 99.18304085731506
996.0 99.17463064193726
997.0 99.31108355522156
998.0 99.3549644947052
999.0 99.35529232025146
1000.0 99.40489530563354
1001.0 99.34998154640198
1002.0 99.46467280387878
1003.0 99.50923323631287
1004.0 99.51351284980774
1005.0 99.42712783813477
1006.0 99.55434203147888
1007.0 99.54317212104797
1008.0 99.48955774307251
1009.0 99.43429827690125
1010.0 99.47028756141663
1011.0 99.4804859161377
1012.0 99.41588640213013
1013.0 99.38550591468811
1014.0 99.35381412506104
1015.0 99.33696389198303
1016.0 99.32725429534912
1017.0 99.36864972114563
1018.0 99.39160943031311
1019.0 99.3172824382782
1020.0 99.41264986991882
1021.0 99.57039952278137
1022.0 99.41213726997375
1023.0 99.48305487632751
1024.0 99.46240782737732
1025.0 99.4435727596283
1026.0 99.52912926673889
1027.0 99.62908625602722
1028.0 99.52775239944458
1029.0 99.61023330688477
1030.0 99.6788740158081
1031.0 99.63101148605347
1032.0 99.66572523117065
1033.0 99.64116215705872
1034.0 99.62045550346375
1035.0 99.72978830337524
1036.0 99.58427548408508
1037.0 99.57666397094727
1038.0 99.55840706825256
1039.0 99.46232438087463
1040.0 99.41337704658508
1041.0 99.4929850101471
1042.0 99.50087666511536
1043.0 99.41269159317017
1044.0 99.48334097862244
1045.0 99.18373227119446
1046.0 99.38004612922668
1047.0 99.32382702827454
1048.0 99.37620759010315
1049.0 99.31952953338623
1050.0 99.26116466522217
1051.0 99.30658340454102
1052.0 99.25558567047119
1053.0 99.16788339614868
1054.0 99.46256875991821
1055.0 99.5262622833252
1056.0 99.34678077697754
1057.0 99.4050145149231
1058.0 99.10866618156433
1059.0 99.22534227371216
1060.0 99.25081133842468
1061.0 99.26432371139526
1062.0 99.33229684829712
1063.0 99.2304265499115
1064.0 99.41161870956421
1065.0 99.31745529174805
1066.0 99.32186603546143
1067.0 99.41463470458984
1068.0 99.35617446899414
1069.0 99.12068247795105
1070.0 99.44655895233154
1071.0 99.35464262962341
1072.0 99.41981434822083
1073.0 99.42236542701721
1074.0 99.1005539894104
1075.0 98.98368120193481
1076.0 98.92058968544006
1077.0 99.22347068786621
1078.0 99.38849210739136
1079.0 99.04955625534058
1080.0 99.67160224914551
1081.0 99.03520345687866
1082.0 99.10087585449219
1083.0 98.93678426742554
1084.0 99.22813177108765
1085.0 99.13139939308167
1086.0 99.19791221618652
1087.0 99.2336630821228
1088.0 98.80405068397522
1089.0 98.77023696899414
1090.0 98.91237020492554
1091.0 99.01862740516663
1092.0 99.12036657333374
1093.0 98.82197976112366
1094.0 98.73241782188416
1095.0 98.8182544708252
1096.0 98.66452217102051
1097.0 98.4703540802002
1098.0 97.96646237373352
1099.0 98.87900948524475
1100.0 98.32431674003601
