lsstCam/transmission_filter_detector/r33_s01/y_10/19700101T000000.ecsv
# %ECSV 1.0
# ---
# datatype:
# - {name: wavelength, unit: nm, datatype: float32}
# - {name: efficiency, unit: '%', datatype: float64}
# meta: !!omap
# - {MODE: DETECTOR}
# - {TYPE: transmission_filter_detector}
# - {CALIBDATE: '1970-01-01T00:00:00'}
# - {INSTRUME: LSSTCam}
# - {OBSTYPE: transmission_filter_detector}
# - {CALIBCLS: lsst.ip.isr.IntermediateFilterDetectorTransmissionCurve}
# - {SOURCE: Materion (DM-46256)}
# - {DETECTOR: 145}
# - {FILTER: y_10}
# - {CALIB_ID: 'calibDate=1970-01-01T00:00:00 filter=y_10 detector=145'}
# - {DATE: '2025-04-02T15:59:51.415984'}
# - {CALIB_CREATION_DATE: '2025-04-02'}
# - {CALIB_CREATION_TIME: '15:59:51'}
# - __serialized_columns__:
#     efficiency:
#       __class__: astropy.units.quantity.Quantity
#       unit: !astropy.units.Unit {unit: '%'}
#       value: !astropy.table.SerializedColumn {name: efficiency}
#     wavelength:
#       __class__: astropy.units.quantity.Quantity
#       unit: !astropy.units.Unit {unit: nm}
#       value: !astropy.table.SerializedColumn {name: wavelength}
# schema: astropy-2.0
wavelength efficiency
300.0 0.019868279923684895
301.0 0.021306438429746777
302.0 0.022744594025425613
303.0 0.018234016897622496
304.0 0.013723436859436333
305.0 0.01120309389079921
306.0 0.008682748739374802
307.0 0.011253580305492505
308.0 0.01382441259920597
309.0 0.012191061250632629
310.0 0.010557712812442333
311.0 0.006830695929238573
312.0 0.0031036797736305743
313.0 0.0048568708734819666
314.0 0.006610061245737597
315.0 0.004013592115370557
316.0 0.0014171215298119932
317.0 0.0019542967493180186
318.0 0.002491471605026163
319.0 0.0013754313840763643
320.0 0.00025939020815712865
321.0 0.00022168762825458543
322.0 0.00018398520751361502
323.0 0.0030291106668300927
324.0 0.005874235284863971
325.0 0.003681435191538185
326.0 0.0014886347344145179
327.0 0.0019083567167399451
328.0 0.002328077971469611
329.0 0.003073951302212663
330.0 0.0038198242691578344
331.0 0.0028355942049529403
332.0 0.001851364504545927
333.0 0.002701558514672797
334.0 0.0035517521610017866
335.0 0.003577457755454816
336.0 0.003603162622312084
337.0 0.0028104968805564567
338.0 0.0020178309569018893
339.0 0.0020593555746017955
340.0 0.0021008800104027614
341.0 0.001971434357983526
342.0 0.0018419887055642903
343.0 0.0014939594620955177
344.0 0.0011459303095762152
345.0 0.0013011091141379438
346.0 0.0014562880096491426
347.0 0.0014151651157590095
348.0 0.001374042494717287
349.0 0.0011442592949606478
350.0 0.0009144760952040087
351.0 0.0013005350410821848
352.0 0.0016865938960108906
353.0 0.0016421010514022782
354.0 0.0015976082067936659
355.0 0.001828446693252772
356.0 0.0020592848159139976
357.0 0.0019252973288530484
358.0 0.0017913100236910395
359.0 0.00122531801025616
360.0 0.0006593260877707507
361.0 0.0007452501904481323
362.0 0.0008311742931255139
363.0 0.0008242069270636421
364.0 0.0008172395610017702
365.0 0.0012241799595358316
366.0 0.001631120358069893
367.0 0.0016742713341955096
368.0 0.0017174223103211261
369.0 0.0013603945262730122
370.0 0.0010033667422248982
371.0 0.0012176509699202143
372.0 0.0014319353795144707
373.0 0.0017605019820621237
374.0 0.0020890680389129557
375.0 0.002954388764919713
376.0 0.0038197093090275303
377.0 0.003991101038991474
378.0 0.004162492768955417
379.0 0.003753070632228628
380.0 0.0033436488592997193
381.0 0.0024890128770493902
382.0 0.0016343767129001208
383.0 0.0013191916877985932
384.0 0.0010040065717475954
385.0 0.0009425544703844935
386.0 0.0008811021871224511
387.0 0.0007977134373504668
388.0 0.0007143247330532176
389.0 0.0006300221230048919
390.0 0.0005457195584313013
391.0 0.0005980999048915692
392.0 0.0006504801149276318
393.0 0.0007084575827320805
394.0 0.0007664348231628537
395.0 0.0006852565547887934
396.0 0.0006040781499905279
397.0 0.0007577862106700195
398.0 0.0009114941349253058
399.0 0.001027067264658399
400.0 0.0011426403034420218
401.0 0.0013661951925314497
402.0 0.0015897499906714074
403.0 0.001750247974996455
404.0 0.0019107455955236219
405.0 0.00190985720109893
406.0 0.001908968624775298
407.0 0.0016063007933553308
408.0 0.0013036328709858935
409.0 0.0012055691513523925
410.0 0.0011075049769715406
411.0 0.001330689792666817
412.0 0.0015538744264631532
413.0 0.0008295870429719798
414.0 0.0001052997163242253
415.0 0.000323177619065973
416.0 0.0005410554422269342
417.0 1.5798786974843826e-10
418.0 1.5798786974843826e-10
419.0 1.5798786974843826e-10
420.0 0.00026811817406269256
421.0 0.0003233822098991368
422.0 0.0003786465413213591
423.0 0.0006773903805878945
424.0 0.0009761344699654728
425.0 2.6111675310858118e-05
426.0 1.5798786974843826e-10
427.0 2.929512561422598e-05
428.0 0.000982501296675764
429.0 0.0002726199454627931
430.0 1.5798786974843826e-10
431.0 1.5798786974843826e-10
432.0 0.0003653419753391063
433.0 1.5798786974843826e-10
434.0 1.5798786974843826e-10
435.0 1.5798786974843826e-10
436.0 0.0005880937351321336
437.0 0.0003163665496686008
438.0 4.4639307361649117e-05
439.0 1.5798786974843826e-10
440.0 1.5798786974843826e-10
441.0 1.5798786974843826e-10
442.0 8.006065286281228e-05
443.0 0.00018479175878383103
444.0 0.00028952258617209736
445.0 0.00032009254482545657
446.0 0.0003506623670546105
447.0 0.0005641428288072348
448.0 0.0007776233360345941
449.0 0.0003478333155726432
450.0 1.5798786974843826e-10
451.0 0.00023663853880862007
452.0 0.0005552339644054882
453.0 0.00041012081055669114
454.0 0.0002650075202836888
455.0 0.0007581304998893756
456.0 0.0012512533430708572
457.0 0.00048258011702273507
458.0 1.5798786974843826e-10
459.0 1.5798786974843826e-10
460.0 1.5798786974843826e-10
461.0 9.241211955668405e-05
462.0 0.000404251113650389
463.0 0.0005832006991113303
464.0 0.0007621502845722716
465.0 0.0007944076969579328
466.0 0.0008266652912425343
467.0 0.0010304451279807836
468.0 0.001234225055668503
469.0 0.0015248917407006957
470.0 0.001815558789530769
471.0 0.0021258170818327926
472.0 0.0024360753741348162
473.0 0.0023305799913941883
474.0 0.00222508442675462
475.0 0.002553205376898404
476.0 0.002881326145143248
477.0 0.003153321085846983
478.0 0.003425315662752837
479.0 0.003614652086980641
480.0 0.003803988511208445
481.0 0.00425935722887516
482.0 0.004714725946541876
483.0 0.004218862886773422
484.0 0.0037229994632070884
485.0 0.003626980833359994
486.0 0.0035309625673107803
487.0 0.0031918869353830814
488.0 0.0028528113034553826
489.0 0.0025560260837664828
490.0 0.002259240864077583
491.0 0.002012102231674362
492.0 0.0017649639630690217
493.0 0.001647232420509681
494.0 0.0015295006960514002
495.0 0.0014537944480252918
496.0 0.0013780882909486536
497.0 0.0016755040633142926
498.0 0.0019729199266294017
499.0 0.0021194364308030345
500.0 0.002265952934976667
501.0 0.0026713230909081176
502.0 0.0030766936106374487
503.0 0.002910704097303096
504.0 0.0027447149477666244
505.0 0.0023257309294422157
506.0 0.0019067472749156877
507.0 0.0021633248252328485
508.0 0.0024199023755500093
509.0 0.002083620165649336
510.0 0.0017473379557486624
511.0 0.0016802083337097429
512.0 0.0016130787116708234
513.0 0.0019304672605358064
514.0 0.00224785617319867
515.0 0.002032532574958168
516.0 0.0018172091586166061
517.0 0.0017863176253740676
518.0 0.001755426092131529
519.0 0.0015422723663505167
520.0 0.0013291187315189745
521.0 0.0015569952665828168
522.0 0.0017848718925961293
523.0 0.0017837261111708358
524.0 0.0017825797840487212
525.0 0.0020200799554004334
526.0 0.002257580308651086
527.0 0.0021283291061990894
528.0 0.0019990780856460333
529.0 0.0021306446797098033
530.0 0.0022622112737735733
531.0 0.0022519941921927966
532.0 0.0022417774744099006
533.0 0.0020776329620275646
534.0 0.0019134888134431094
535.0 0.0016760028302087449
536.0 0.0014385167560249101
537.0 0.0018509883375372738
538.0 0.002263460191898048
539.0 0.0027811607651528902
540.0 0.0032988617022056133
541.0 0.003633405503933318
542.0 0.003967949305661023
543.0 0.004471475040190853
544.0 0.004975000774720684
545.0 0.0049701255193213
546.0 0.004965250627719797
547.0 0.004170459214947186
548.0 0.0033756678021745756
549.0 0.0029347551389946602
550.0 0.002493842657713685
551.0 0.0026162580979871564
552.0 0.0027386739020585082
553.0 0.0029106400688760914
554.0 0.0030826067813904956
555.0 0.003722844849107787
556.0 0.004363083280622959
557.0 0.0044319578591967
558.0 0.004500832437770441
559.0 0.00405941900680773
560.0 0.0036180052120471373
561.0 0.003831966023426503
562.0 0.0040459268348058686
563.0 0.003630367064033635
564.0 0.003214807657059282
565.0 0.003219444624846801
566.0 0.0032240815926343203
567.0 0.003689300501719117
568.0 0.004154519774601795
569.0 0.00490861275466159
570.0 0.005662706098519266
571.0 0.00599048325966578
572.0 0.006318260420812294
573.0 0.006426625623134896
574.0 0.00653499155305326
575.0 0.006313561607385054
576.0 0.006092132025514729
577.0 0.00579691659368109
578.0 0.00550170116184745
579.0 0.005678756497218274
580.0 0.005855811104993336
581.0 0.006696354830637574
582.0 0.00753689746488817
583.0 0.008584408351453021
584.0 0.009631921420805156
585.0 0.009887337364489213
586.0 0.010142753308173269
587.0 0.01045701646944508
588.0 0.010771280358312652
589.0 0.01062937080860138
590.0 0.010487464169273153
591.0 0.009774966747500002
592.0 0.009062469325726852
593.0 0.007756204286124557
594.0 0.006449938518926501
595.0 0.005838563811266795
596.0 0.00522718983120285
597.0 0.005827130371471867
598.0 0.006427070184145123
599.0 0.0073930648795794696
600.0 0.008359060302609578
601.0 0.009642948862165213
602.0 0.010926836694125086
603.0 0.010838013986358419
604.0 0.010749193461379036
605.0 0.010810427920660004
606.0 0.010871660924749449
607.0 0.009587172826286405
608.0 0.0083026840002276
609.0 0.006685635162284598
610.0 0.005068584869150072
611.0 0.004186538717476651
612.0 0.00330449256580323
613.0 0.0032972198823699728
614.0 0.003289946835138835
615.0 0.004329743023845367
616.0 0.005369539212551899
617.0 0.006722407124470919
618.0 0.008075271762209013
619.0 0.00927634391700849
620.0 0.010477414616616443
621.0 0.01098440625355579
622.0 0.011491397162899375
623.0 0.011723391071427613
624.0 0.011955382069572806
625.0 0.010473608563188463
626.0 0.008991832146421075
627.0 0.007335154805332422
628.0 0.005678478191839531
629.0 0.00467131394543685
630.0 0.0036641496990341693
631.0 0.0029898823413532227
632.0 0.002315614983672276
633.0 0.0024959086658782326
634.0 0.002676202348084189
635.0 0.002892855991376564
636.0 0.003109509634668939
637.0 0.0037636222259607166
638.0 0.004417735181050375
639.0 0.004849445758736692
640.0 0.00528115633642301
641.0 0.005338129631127231
642.0 0.005395102562033571
643.0 0.0055702646932331845
644.0 0.005745426460634917
645.0 0.005022561890655197
646.0 0.004299697320675477
647.0 0.003634901440818794
648.0 0.0029701055609621108
649.0 0.0024349714294658042
650.0 0.0018998372979694977
651.0 0.0017068687157006934
652.0 0.0015138998605834786
653.0 0.001676988358667586
654.0 0.0018400769477011636
655.0 0.0016237152522080578
656.0 0.0014073533748160116
657.0 0.0013803198271489237
658.0 0.0013532861885323655
659.0 0.0015422077922266908
660.0 0.0017311296687694266
661.0 0.001753065771481488
662.0 0.0017750018741935492
663.0 0.0018142462067771703
664.0 0.0018534905393607914
665.0 0.0025808987629716285
666.0 0.0033083069865824655
667.0 0.004049802009831183
668.0 0.0047912973968777806
669.0 0.005434964987216517
670.0 0.0060786333051510155
671.0 0.00671299931127578
672.0 0.007347365317400545
673.0 0.007391526742139831
674.0 0.007435688894474879
675.0 0.007506796100642532
676.0 0.007577904034405947
677.0 0.006057734208297916
678.0 0.004537562926998362
679.0 0.0031943651265464723
680.0 0.0018511667803977616
681.0 0.00124627367767971
682.0 0.0006413807568605989
683.0 0.0005251515176496468
684.0 0.00040892232391342986
685.0 0.0003177633743689512
686.0 0.0002266043111376348
687.0 0.0002137892579412437
688.0 0.00020097422748222016
689.0 0.00018194492668044404
690.0 0.00016291562587866792
691.0 2.2653007647477352e-05
692.0 1.5798786974843826e-10
693.0 0.00012590990081662312
694.0 0.0003694295401146519
695.0 0.00024490177565894555
696.0 0.00012037410215270938
697.0 0.00030079424959694734
698.0 0.00048121441977855284
699.0 0.00028287772693147417
700.0 8.454117050860077e-05
701.0 9.167702614831796e-05
702.0 9.881285905066761e-05
703.0 1.5798786974843826e-10
704.0 1.5798786974843826e-10
705.0 1.5798786974843826e-10
706.0 7.251404667840688e-05
707.0 0.00021130922505108174
708.0 0.0003501044375298079
709.0 0.0006211344043549616
710.0 0.0008921645530790556
711.0 0.0007264632131409599
712.0 0.0005607618732028641
713.0 0.0003798478473981959
714.0 0.00019893375338142505
715.0 0.000257218130172987
716.0 0.0003155024387524463
717.0 0.00012513670526459464
718.0 1.5798786974843826e-10
719.0 0.00031972149372450076
720.0 0.0007046721748338314
721.0 0.0005891461569262901
722.0 0.0004736204118671594
723.0 0.0005951078946964117
724.0 0.000716595423000399
725.0 0.00018545787270340952
726.0 1.5798786974843826e-10
727.0 1.5798786974843826e-10
728.0 0.00031126171506912215
729.0 0.00048514230002183467
730.0 0.0006590227258129744
731.0 0.00030525748115906026
732.0 1.5798786974843826e-10
733.0 0.0001613635845387762
734.0 0.00037123497804714134
735.0 0.00033945482300623553
736.0 0.00030767473617743235
737.0 0.0002390187319178949
738.0 0.00017036281860782765
739.0 0.00033267021990468493
740.0 0.0004949776212015422
741.0 0.0005309300831868313
742.0 0.0005668825451721204
743.0 0.00044928269744559657
744.0 0.00033168266782013234
745.0 0.0005212787073105574
746.0 0.0007108744284778368
747.0 0.0005760016392741818
748.0 0.00044112875912105665
749.0 0.0003605873416745453
750.0 0.0002800459469654015
751.0 0.0003753168584808009
752.0 0.0004705877017840976
753.0 0.0002312749302291195
754.0 1.5798786974843826e-10
755.0 0.0002321073679922847
756.0 0.00047225253183569293
757.0 0.00034162274005211657
758.0 0.00021099297100590775
759.0 0.0003921237748727435
760.0 0.0005732544195780065
761.0 0.0006346087502606679
762.0 0.0006959632628422696
763.0 0.0007186771654232871
764.0 0.0007413910680043045
765.0 0.0007429898687405512
766.0 0.0007445887149515329
767.0 0.0007676918357901741
768.0 0.0007907950930530205
769.0 0.0005686277745553525
770.0 0.0003464603651082143
771.0 0.0005055588189861737
772.0 0.0006646571819146629
773.0 0.00029962279768369626
774.0 1.5798786974843826e-10
775.0 0.0002204833663199679
776.0 0.0005063785465608817
777.0 0.0002747251528489869
778.0 4.307179608531442e-05
779.0 0.0005477856575453188
780.0 0.0010524995559535455
781.0 0.0008219921255658846
782.0 0.000591484786127694
783.0 0.0007685098353249487
784.0 0.0009455347935727332
785.0 0.0007689402082178276
786.0 0.0005923455319134519
787.0 0.0001974375891222735
788.0 1.5798786974843826e-10
789.0 0.00018721859760262305
790.0 0.0005719075033994159
791.0 0.0006972183200559812
792.0 0.0008225290002883412
793.0 0.000896677011041902
794.0 0.0009708252036944032
795.0 0.000810910205473192
796.0 0.0006509950708277756
797.0 0.0007961226401675958
798.0 0.0009412502549821511
799.0 0.00045334822971199173
800.0 1.5798786974843826e-10
801.0 0.00041682528717501555
802.0 0.0008682042789587285
803.0 0.0006094568561820779
804.0 0.00035070947888016235
805.0 0.0005106109711050522
806.0 0.000670512463329942
807.0 0.000673037948217825
808.0 0.0006755634785804432
809.0 0.0006304765065578977
810.0 0.000585389443585882
811.0 0.0005972847702651052
812.0 0.0006091800969443284
813.0 0.0007390563496301183
814.0 0.0008689326023159083
815.0 0.0007653478860447649
816.0 0.0006617632607230917
817.0 0.0008335116035596002
818.0 0.001005260128295049
819.0 0.0010058769476017915
820.0 0.0010064935850095935
821.0 0.0008282981070806272
822.0 0.0006501025382021908
823.0 0.000716499471309362
824.0 0.000782896313467063
825.0 0.0008823143616609741
826.0 0.0009817325008043554
827.0 0.0008478425115754362
828.0 0.0007139522040233715
829.0 0.0005606780177913606
830.0 0.00040740387703408487
831.0 0.0006771203516109381
832.0 0.000946837189985672
833.0 0.0011435671694925986
834.0 0.0013402972399489954
835.0 0.0011177549822605215
836.0 0.0008952125426731072
837.0 0.0005100899670651415
838.0 0.000124967482406646
839.0 0.00024721946374484105
840.0 0.0003694715132951387
841.0 0.0007589123924844898
842.0 0.0011483532034617383
843.0 0.0010323041351512074
844.0 0.0009162547939922661
845.0 0.0009766695256985258
846.0 0.0010370840755058452
847.0 0.0011040934623451903
848.0 0.001171103122032946
849.0 0.0007619974439876387
850.0 0.0003528916067807586
851.0 0.0006591469627892366
852.0 0.0009654021596361417
853.0 0.0010793500223371666
854.0 0.0011932978850381915
855.0 0.0010168571861868259
856.0 0.0008404164873354603
857.0 0.001051689832820557
858.0 0.001262963269255124
859.0 0.0009680250514065847
860.0 0.0006730869699822506
861.0 0.0010927312359854113
862.0 0.0015123755474633072
863.0 0.0015562070984742604
864.0 0.0016000383766368032
865.0 0.0019817160136881284
866.0 0.0023633936507394537
867.0 0.0027948115530307405
868.0 0.0032262290915241465
869.0 0.003006459701282438
870.0 0.002786690129141789
871.0 0.003316911170259118
872.0 0.003847132029477507
873.0 0.0029858243578928523
874.0 0.0021245165044092573
875.0 0.002040334584307857
