lsstCam/transmission_filter_detector/r22_s22/z_20/19700101T000000.ecsv
# %ECSV 1.0
# ---
# datatype:
# - {name: wavelength, unit: nm, datatype: float32}
# - {name: efficiency, unit: '%', datatype: float64}
# meta: !!omap
# - {MODE: DETECTOR}
# - {TYPE: transmission_filter_detector}
# - {CALIBDATE: '1970-01-01T00:00:00'}
# - {INSTRUME: LSSTCam}
# - {OBSTYPE: transmission_filter_detector}
# - {CALIBCLS: lsst.ip.isr.IntermediateFilterDetectorTransmissionCurve}
# - {SOURCE: Materion (DM-46256)}
# - {DETECTOR: 98}
# - {FILTER: z_20}
# - {CALIB_ID: 'calibDate=1970-01-01T00:00:00 filter=z_20 detector=98'}
# - {DATE: '2025-04-02T15:59:49.093198'}
# - {CALIB_CREATION_DATE: '2025-04-02'}
# - {CALIB_CREATION_TIME: '15:59:49'}
# - __serialized_columns__:
#     efficiency:
#       __class__: astropy.units.quantity.Quantity
#       unit: !astropy.units.Unit {unit: '%'}
#       value: !astropy.table.SerializedColumn {name: efficiency}
#     wavelength:
#       __class__: astropy.units.quantity.Quantity
#       unit: !astropy.units.Unit {unit: nm}
#       value: !astropy.table.SerializedColumn {name: wavelength}
# schema: astropy-2.0
wavelength efficiency
[from data line 598]
898.0 99.34710264205933
899.0 98.80638718605042
900.0 99.17637705802917
901.0 99.70793724060059
902.0 99.30868744850159
903.0 99.13347363471985
904.0 98.10161590576172
905.0 98.89119863510132
906.0 98.51101636886597
907.0 98.99340867996216
908.0 98.3724594116211
909.0 98.3691155910492
910.0 98.06773066520691
911.0 97.349613904953
912.0 96.2734580039978
913.0 95.16828060150146
914.0 93.05131435394287
915.0 90.91570377349854
916.0 88.72936964035034
917.0 87.2527539730072
918.0 83.75633358955383
919.0 82.68184065818787
920.0 79.5371949672699
921.0 76.25491619110107
922.0 71.89104557037354
923.0 66.32037162780762
924.0 60.96890568733215
925.0 55.53823709487915
926.0 49.63183403015137
927.0 42.543408274650574
928.0 36.84251010417938
929.0 30.500054359436035
930.0 24.854356050491333
931.0 19.700562953948975
932.0 14.155429601669312
933.0 9.611205756664276
934.0 6.3942380249500275
935.0 4.027542844414711
936.0 2.2771477699279785
937.0 1.4880793169140816
938.0 0.9055378846824169
939.0 0.4913000389933586
940.0 0.41409176774322987
941.0 0.1512231072410941
942.0 0.09915224509313703
943.0 0.036941756843589246
944.0 0.01763561158441007
945.0 1.575696496024237e-10
946.0 0.1340078073553741
947.0 0.046395574463531375
948.0 0.09528378141112626
949.0 1.575696496024237e-10
950.0 0.0489156402181834
951.0 1.575696496024237e-10
952.0 0.04592248296830803
953.0 0.08375890902243555
954.0 0.08394774631597102
955.0 0.030152901308611035
956.0 1.575696496024237e-10
957.0 1.575696496024237e-10
958.0 0.014519460091833025
959.0 1.575696496024237e-10
960.0 0.017913429473992437
961.0 0.08770324639044702
962.0 1.575696496024237e-10
963.0 0.008974395313998684
964.0 1.575696496024237e-10
965.0 0.01058568959706463
966.0 0.02353175514144823
967.0 1.575696496024237e-10
968.0 0.048661421169526875
969.0 1.575696496024237e-10
970.0 1.575696496024237e-10
971.0 0.04931768635287881
972.0 1.575696496024237e-10
973.0 0.010396679863333702
974.0 0.013113535533193499
975.0 1.575696496024237e-10
976.0 0.006634237070102245
977.0 0.006707182910759002
978.0 0.006780130206607282
979.0 0.00649788198643364
980.0 0.0062156344938557595
981.0 0.00605099558015354
982.0 0.005886355575057678
983.0 0.005855599738424644
984.0 0.00582484390179161
985.0 0.00559517829969991
986.0 0.0053655123338103294
987.0 0.005355164466891438
988.0 0.005344816236174665
989.0 0.005195891935727559
990.0 0.005046967999078333
991.0 0.005062859418103471
992.0 0.005078750837128609
993.0 0.0049658581701805815
994.0 0.004852965139434673
995.0 0.004836090374737978
996.0 0.004819215246243402
997.0 0.004665466985898092
998.0 0.004511718725552782
999.0 0.004479339986573905
1000.0 0.004446960883797146
1001.0 0.004452947177924216
1002.0 0.004458933472051285
1003.0 0.004506028926698491
1004.0 0.004553124381345697
1005.0 0.004575915954774246
1006.0 0.0045987075282027945
1007.0 0.004577936852001585
1008.0 0.004557166175800376
1009.0 0.00453653083241079
1010.0 0.004515895852819085
1011.0 0.004598539453581907
1012.0 0.00468118378194049
1013.0 0.004631268893717788
1014.0 0.004581354005495086
1015.0 0.004637152596842498
1016.0 0.004692950824392028
1017.0 0.0047353660193039104
1018.0 0.004777781214215793
1019.0 0.004667151006287895
1020.0 0.004556521162157878
1021.0 0.004699175406130962
1022.0 0.004841829650104046
1023.0 0.004806041397387162
1024.0 0.004770253144670278
1025.0 0.004764967161463574
1026.0 0.004759680814458989
1027.0 0.004831488331547007
1028.0 0.004903295484837145
1029.0 0.00486874814669136
1030.0 0.0048342008085455745
1031.0 0.004913381053484045
1032.0 0.004992560934624635
1033.0 0.00510346180817578
1034.0 0.005214362681726925
1035.0 0.005302828139974736
1036.0 0.005391293234424666
1037.0 0.005516693272511475
1038.0 0.005642092946800403
1039.0 0.005753962250309996
1040.0 0.005865831190021709
1041.0 0.0059280773712089285
1042.0 0.005990323188598268
1043.0 0.005901175245526247
1044.0 0.005812026574858464
1045.0 0.006136578303994611
1046.0 0.006461129669332877
1047.0 0.006521881005028263
1048.0 0.006582631613127887
1049.0 0.00656650445307605
1050.0 0.006550375837832689
1051.0 0.00689459266141057
1052.0 0.00723880875739269
1053.0 0.007468935655197129
1054.0 0.0076990640081930906
1055.0 0.00783197392593138
1056.0 0.007964886026456952
1057.0 0.008024842099985108
1058.0 0.008084800356300548
1059.0 0.008247726509580389
1060.0 0.00841065266286023
1061.0 0.008842197712510824
1062.0 0.009273742762161419
1063.0 0.009632306318962947
1064.0 0.009990870603360236
1065.0 0.010109256254509091
1066.0 0.010227642633253708
1067.0 0.009995025902753696
1068.0 0.009762409899849445
1069.0 0.010535643377806991
1070.0 0.011308876128168777
1071.0 0.011248661758145317
1072.0 0.011188447388121858
1073.0 0.011533923679962754
1074.0 0.01187939997180365
1075.0 0.012029804929625243
1076.0 0.012180209159851074
1077.0 0.012902668095193803
1078.0 0.01362512557534501
1079.0 0.01393475104123354
1080.0 0.01424437650712207
1081.0 0.014705760986544192
1082.0 0.015167142555583268
1083.0 0.015335895295720547
1084.0 0.015504650946240872
1085.0 0.01565585844218731
1086.0 0.01580706739332527
1087.0 0.01631020422792062
1088.0 0.016813341062515974
1089.0 0.017214022227562964
1090.0 0.017614704847801477
1091.0 0.01726045593386516
1092.0 0.016906207019928843
1093.0 0.018264231039211154
1094.0 0.019622255058493465
1095.0 0.02083428989863023
1096.0 0.022046323283575475
1097.0 0.022068074031267315
1098.0 0.022089823323767632
1099.0 0.02269222168251872
1100.0 0.023294617130886763
1101.0 0.024219970509875566
1102.0 0.025145322433672845
1103.0 0.025858930894173682
1104.0 0.026572542265057564
1105.0 0.026496450300328434
1106.0 0.02642036124598235
1107.0 0.027461419813334942
1108.0 0.02850248129107058
1109.0 0.029269597143866122
1110.0 0.03003671590704471
1111.0 0.030685897218063474
1112.0 0.031335081439465284
1113.0 0.032363200443796813
1114.0 0.03339131944812834
1115.0 0.03383364237379283
1116.0 0.034275962389074266
1117.0 0.03597630129661411
1118.0 0.037676640204153955
1119.0 0.03892712120432407
1120.0 0.04017759929411113
1121.0 0.04170698521193117
1122.0 0.04323637404013425
1123.0 0.04458543553482741
1124.0 0.045934494119137526
1125.0 0.04686116590164602
1126.0 0.047787834773771465
1127.0 0.05089019541628659
1128.0 0.053992553148418665
1129.0 0.05679005407728255
1130.0 0.05958755500614643
1131.0 0.061089900555089116
1132.0 0.0625922461040318
1133.0 0.06523787742480636
1134.0 0.06788350874558091
1135.0 0.07003942737355828
1136.0 0.07219534600153565
1137.0 0.07802200270816684
1138.0 0.0838486768770963
1139.0 0.08637120481580496
1140.0 0.08889373857527971
1141.0 0.10142704704776406
1142.0 0.11396035552024841
1143.0 0.14248898951336741
1144.0 0.1710176351480186
1145.0 0.33441660925745964
1146.0 0.4978155717253685
1147.0 1.0200927034020424
1148.0 1.5423698350787163
1149.0 1.6776317730545998
1150.0 1.8128946423530579
