lsstCam/transmission_filter_detector/r22_s22/z_20/19700101T000000.ecsv
# %ECSV 1.0
# ---
# datatype:
# - {name: wavelength, unit: nm, datatype: float32}
# - {name: efficiency, unit: '%', datatype: float64}
# meta: !!omap
# - {MODE: DETECTOR}
# - {TYPE: transmission_filter_detector}
# - {CALIBDATE: '1970-01-01T00:00:00'}
# - {INSTRUME: LSSTCam}
# - {OBSTYPE: transmission_filter_detector}
# - {CALIBCLS: lsst.ip.isr.IntermediateFilterDetectorTransmissionCurve}
# - {SOURCE: Materion (DM-46256)}
# - {DETECTOR: 98}
# - {FILTER: z_20}
# - {CALIB_ID: 'calibDate=1970-01-01T00:00:00 filter=z_20 detector=98'}
# - {DATE: '2025-04-02T15:59:49.093198'}
# - {CALIB_CREATION_DATE: '2025-04-02'}
# - {CALIB_CREATION_TIME: '15:59:49'}
# - __serialized_columns__:
#     efficiency:
#       __class__: astropy.units.quantity.Quantity
#       unit: !astropy.units.Unit {unit: '%'}
#       value: !astropy.table.SerializedColumn {name: efficiency}
#     wavelength:
#       __class__: astropy.units.quantity.Quantity
#       unit: !astropy.units.Unit {unit: nm}
#       value: !astropy.table.SerializedColumn {name: wavelength}
# schema: astropy-2.0
wavelength efficiency
300.0 0.42664106003940105
301.0 0.3533382434397936
302.0 0.28003547340631485
303.0 0.2507373923435807
304.0 0.22143928799778223
305.0 0.19427113002166152
306.0 0.16710296040400863
307.0 0.15033745439723134
308.0 0.13357193674892187
309.0 0.13547289418056607
310.0 0.1373738399706781
311.0 0.12612459249794483
312.0 0.11487533338367939
313.0 0.1116233179345727
314.0 0.10837127920240164
315.0 0.09511419339105487
316.0 0.08185710175894201
317.0 0.07285331375896931
318.0 0.0638495257589966
319.0 0.0678490789141506
320.0 0.0718486262485385
321.0 0.0652635411825031
322.0 0.05867845029570162
323.0 0.05673868581652641
324.0 0.054798927158117294
325.0 0.0474541331641376
326.0 0.040109342080540955
327.0 0.04012720310129225
328.0 0.040145061211660504
329.0 0.036458170507103205
330.0 0.032771279802545905
331.0 0.03136097511742264
332.0 0.02995067334268242
333.0 0.029185813036747277
334.0 0.028420952730812132
335.0 0.027754914481192827
336.0 0.027088876231573522
337.0 0.02441791584715247
338.0 0.02174695546273142
339.0 0.020080590911675245
340.0 0.01841422781581059
341.0 0.018159534374717623
342.0 0.017904840933624655
343.0 0.01650423655519262
344.0 0.015103633631952107
345.0 0.013969455903861672
346.0 0.012835273810196668
347.0 0.013358371506910771
348.0 0.013881469203624874
349.0 0.014156298129819334
350.0 0.01443112560082227
351.0 0.013283538282848895
352.0 0.012135953147662804
353.0 0.01382810587529093
354.0 0.015520262240897864
355.0 0.013108558778185397
356.0 0.010696853132685646
357.0 0.010800712334457785
358.0 0.010904571536229923
359.0 0.010446061060065404
360.0 0.009987552766688168
361.0 0.0092329501057975
362.0 0.008478350355289876
363.0 0.008166562474798411
364.0 0.007854773866711184
365.0 0.007863884820835665
366.0 0.007872995774960145
367.0 0.008156018884619698
368.0 0.008439042721875012
369.0 0.008566039468860254
370.0 0.008693035488249734
371.0 0.008102200081339106
372.0 0.007511363219236955
373.0 0.006763994315406308
374.0 0.006016625047777779
375.0 0.00604074120928999
376.0 0.006064857370802201
377.0 0.006672945892205462
378.0 0.007281034049810842
379.0 0.006364188448060304
380.0 0.0054473424825118855
381.0 0.004954605174134485
382.0 0.004461867501959205
383.0 0.004806034121429548
384.0 0.005150201104697771
385.0 0.004928310590912588
386.0 0.0047064200771274045
387.0 0.004876330785918981
388.0 0.005046241858508438
389.0 0.004816404543817043
390.0 0.004586567229125649
391.0 0.004240228372509591
392.0 0.003893889515893534
393.0 0.00444504403276369
394.0 0.004996198549633846
395.0 0.004528350473265164
396.0 0.0040605023968964815
397.0 0.004160537355346605
398.0 0.004260572313796729
399.0 0.004304930553189479
400.0 0.0043492891563801095
401.0 0.0047288023779401556
402.0 0.005108315599500202
403.0 0.004987560896552168
404.0 0.004866806193604134
405.0 0.004130523302592337
406.0 0.0033942400477826595
407.0 0.003254233888583258
408.0 0.0031142284569796175
409.0 0.0032044674298958853
410.0 0.003294706402812153
411.0 0.0035070184821961448
412.0 0.0037193305615801364
413.0 0.0037308676837710664
414.0 0.0037424044421641156
415.0 0.0036015495425090194
416.0 0.0034606942790560424
417.0 0.0034527107345638797
418.0 0.003444726826273836
419.0 0.003154209116473794
420.0 0.0028636914066737518
421.0 0.0035515684430720285
422.0 0.004239445479470305
423.0 0.003941848990507424
424.0 0.0036442525015445426
425.0 0.00304436562146293
426.0 0.002444478559482377
427.0 0.002525073978176806
428.0 0.0026056690330733545
429.0 0.002519037661841139
430.0 0.0024324064725078642
431.0 0.001761993917170912
432.0 0.001091580907086609
433.0 0.0016327823686879128
434.0 0.0021739837393397465
435.0 0.0020550522094708867
436.0 0.0019361204977030866
437.0 0.0019997654817416333
438.0 0.0020634102838812396
439.0 0.002404885890427977
440.0 0.0027463616788736545
441.0 0.0025480454496573657
442.0 0.0023497290385421365
443.0 0.0026705843993113376
444.0 0.0029914395781815983
445.0 0.0031689065508544445
446.0 0.003346373705426231
447.0 0.002754303568508476
448.0 0.002162233431590721
449.0 0.002081946331600193
450.0 0.002001659231609665
451.0 0.0020114603103138506
452.0 0.0020212610252201557
453.0 0.001676307147135958
454.0 0.0013313533600012306
455.0 0.0016660538676660508
456.0 0.0020007546481792815
457.0 0.001686982432147488
458.0 0.0013732101251662243
459.0 0.0018169697796110995
460.0 0.0022607293431065045
461.0 0.00174956821865635
462.0 0.0012384071851556655
463.0 0.0015299754522857256
464.0 0.0018215436284663156
465.0 0.0017439026123611256
466.0 0.001666261778154876
467.0 0.0017041726096067578
468.0 0.0017420834410586394
469.0 0.0014423439097299706
470.0 0.0011426045603002422
471.0 0.0010808377737703267
472.0 0.0010190709872404113
473.0 0.0011347149666107725
474.0 0.0012503588550316636
475.0 0.0013210134056862444
476.0 0.0013916677744418848
477.0 0.0014592746083508246
478.0 0.0015268813513102941
479.0 0.0016526302715647034
480.0 0.001778379373718053
481.0 0.0014885771633998957
482.0 0.0011987751349806786
483.0 0.0010241175004921388
484.0 0.0008494597750541288
485.0 0.0010747465239546727
486.0 0.0013000332728552166
487.0 0.0014265694517234806
488.0 0.0015531060853390954
489.0 0.0018145408830605447
490.0 0.0020759758626809344
491.0 0.0019191144019714557
492.0 0.0017622531231609173
493.0 0.0019866494767484255
494.0 0.0022110463760327548
495.0 0.0018044211174128577
496.0 0.0013977958587929606
497.0 0.0013987451893626712
498.0 0.0013996945199323818
499.0 0.001237149081134703
500.0 0.0010746037332864944
501.0 0.0010363661203882657
502.0 0.0009981287803384475
503.0 0.00124667885756935
504.0 0.0014952290257497225
505.0 0.0018261593140778132
506.0 0.002157089693355374
507.0 0.001685887764324434
508.0 0.0012146855624450836
509.0 0.001442870961909648
510.0 0.0016710564523236826
511.0 0.0016058102119131945
512.0 0.0015405636077048257
513.0 0.0013622337064589374
514.0 0.0011839039871119894
515.0 0.0010926611139439046
516.0 0.0010014184226747602
517.0 0.0012287102435948327
518.0 0.0014560021554643754
519.0 0.001364821582683362
520.0 0.0012736408280034084
521.0 0.0014146193279884756
522.0 0.001555597918923013
523.0 0.0013714476153836586
524.0 0.0011872971299453638
525.0 0.000981443008640781
526.0 0.0007755887963867281
527.0 0.0010029225450125523
528.0 0.0012302563845878467
529.0 0.001340366816293681
530.0 0.0014504771570500452
531.0 0.0014536558410327416
532.0 0.0014568346159649082
533.0 0.0010647599083313253
534.0 0.0006726852006977424
535.0 0.0008927609087550081
536.0 0.0011128366168122739
537.0 0.001363749925076263
538.0 0.0016146632333402522
539.0 0.0014733144780620933
540.0 0.0013319653589860536
541.0 0.00117407544166781
542.0 0.0010161856152990367
543.0 0.0011159242603753228
544.0 0.0012156628145021386
545.0 0.001180802792077884
546.0 0.0011459426787041593
547.0 0.0014900345377100166
548.0 0.001834126487665344
549.0 0.0016882122508832254
550.0 0.001542297650303226
551.0 0.0017480788301327266
552.0 0.001953860009962227
553.0 0.0020799494450329803
554.0 0.002206038698204793
555.0 0.0016334142856067047
556.0 0.0010607895092107356
557.0 0.001230326779477764
558.0 0.0013998643225932028
559.0 0.001214784242620226
560.0 0.0010297039807483088
561.0 0.001174201588582946
562.0 0.001318699105468113
563.0 0.001351419723505387
564.0 0.0013841403415426612
565.0 0.0017831525838118978
566.0 0.0021821648260811344
567.0 0.00236369960475713
568.0 0.002545234383433126
569.0 0.002552517253207043
570.0 0.0025598003048799
571.0 0.0023239015717990696
572.0 0.002088002656819299
573.0 0.00173081843968248
574.0 0.001373634222545661
575.0 0.0017009730072459206
576.0 0.00202831179194618
577.0 0.002066800880129449
578.0 0.0021052903321105987
579.0 0.002094108822348062
580.0 0.002082927312585525
581.0 0.0019519271518220194
582.0 0.0018209266272606328
583.0 0.0022087373508838937
584.0 0.002596547892608214
585.0 0.002576714541646652
586.0 0.0025568811906850897
587.0 0.0019803212126134895
588.0 0.001403761052642949
589.0 0.001485754819441354
590.0 0.0015677487681386992
591.0 0.001549969965708442
592.0 0.0015321915270760655
593.0 0.0012269894796190783
594.0 0.0009217877050105017
595.0 0.001097877884603804
596.0 0.0012739680641971063
597.0 0.0010228583050775342
598.0 0.000771748545957962
599.0 0.0010166219908569474
600.0 0.0012614953448064625
601.0 0.0011871218703163322
602.0 0.0011127483958262019
603.0 0.0014916212421667296
604.0 0.0018704940885072574
605.0 0.001562482793815434
606.0 0.001254471771972021
607.0 0.0011831207302748226
608.0 0.001111769688577624
609.0 0.0011641996024991386
610.0 0.001216629516420653
611.0 0.0009892145499179605
612.0 0.000761799583415268
613.0 0.0008784033525444102
614.0 0.0009950070307240821
615.0 0.0011728574463631958
616.0 0.0013507077710528392
617.0 0.00149697707456653
618.0 0.001643246469029691
619.0 0.0016056521417340264
620.0 0.0015680576325394213
621.0 0.0018442746295477264
622.0 0.002120491444657091
623.0 0.0017298831153311767
624.0 0.0013392748769547325
625.0 0.001397532378177857
626.0 0.0014557899703504518
627.0 0.001573484951222781
628.0 0.0016911801139940508
629.0 0.001848964166129008
630.0 0.0020067484001629055
631.0 0.0023142623831517994
632.0 0.0026217763661406934
633.0 0.0028469918106566183
634.0 0.0030722072551725432
635.0 0.005882334153284319
636.0 0.008692460687598214
637.0 0.015463889576494694
638.0 0.022235319192986935
639.0 0.020240178855601698
640.0 0.018245039973407984
641.0 0.015471836377400905
642.0 0.012698634236585349
643.0 0.00950213652686216
644.0 0.00630563881713897
645.0 0.006472998211393133
646.0 0.006640357605647296
647.0 0.006425939500331879
648.0 0.006211521395016462
649.0 0.00485456912429072
650.0 0.0034976168535649776
651.0 0.003560537879820913
652.0 0.003623459269874729
653.0 0.003045452649530489
654.0 0.0024674458472873084
655.0 0.0024192484488594346
656.0 0.002371051232330501
657.0 0.0025564026145730168
658.0 0.0027417536330176517
659.0 0.002232990118500311
660.0 0.0017242264220840298
661.0 0.0019839810192934237
662.0 0.0022437356165028177
663.0 0.0019942997823818587
664.0 0.0017448639482608996
665.0 0.0018276270566275343
666.0 0.001910390164994169
667.0 0.002197078356402926
668.0 0.002483766911609564
669.0 0.0019374689145479351
670.0 0.001391170826536836
671.0 0.0013156681234249845
672.0 0.0012401653293636627
673.0 0.0012959253581357189
674.0 0.0013516852050088346
675.0 0.0014311176528281067
676.0 0.0015105499187484384
677.0 0.0015976833310560323
678.0 0.0016848169252625667
679.0 0.0014634092622145545
680.0 0.0012420015991665423
681.0 0.0014397892300621606
682.0 0.001637576860957779
683.0 0.0022130350771476515
684.0 0.0027884931114385836
685.0 0.0026785242880578153
686.0 0.0025685552827781066
687.0 0.0018888884369516745
688.0 0.001209221409226302
689.0 0.0017990008927881718
690.0 0.002388780194451101
691.0 0.0023285974748432636
692.0 0.0022684149371343665
693.0 0.0025364339307998307
694.0 0.0028044531063642353
695.0 0.0030220466214814223
696.0 0.0032396401365986094
697.0 0.0036640132748289034
698.0 0.004088386776857078
699.0 0.005434363265521824
700.0 0.0067803412093780935
701.0 0.007098768401192501
702.0 0.007417195593006909
703.0 0.006395169475581497
704.0 0.0053731415391666815
705.0 0.004654038275475614
706.0 0.003934935011784546
707.0 0.003574165020836517
708.0 0.0032133950298884884
709.0 0.00382938414986711
710.0 0.004445373997441493
711.0 0.004071307921549305
712.0 0.003697242573252879
713.0 0.0028680189643637277
714.0 0.002038795173575636
715.0 0.00223911465582205
716.0 0.0024394339561695233
717.0 0.001986963070521597
718.0 0.0015344918210757896
719.0 0.0015081804122019093
720.0 0.0014818689123785589
721.0 0.001178443017124664
722.0 0.0008750171218707692
723.0 0.001288816929445602
724.0 0.0017026166460709646
725.0 0.0015383498976007104
726.0 0.001374083603877807
727.0 0.001209565107274102
728.0 0.0010450467016198672
729.0 0.0013140177543391474
730.0 0.0015829888070584275
731.0 0.001368100583931664
732.0 0.0011532125427038409
733.0 0.001558513758936897
734.0 0.001963814975169953
735.0 0.0017804308299673721
736.0 0.0015970466847647913
737.0 0.0014611560800403822
738.0 0.0013252654753159732
739.0 0.0016041725757531822
740.0 0.0018830794942914508
741.0 0.0017027721696649678
742.0 0.0015224645721900743
743.0 0.0018562792320153676
744.0 0.002190093982790131
745.0 0.0018821378034772351
746.0 0.0015741816241643392
747.0 0.0017469041267759167
748.0 0.0019196266293874942
749.0 0.002587579183455091
750.0 0.003255531919421628
751.0 0.0028888687666039914
752.0 0.002522205795685295
753.0 0.0028302756618359126
754.0 0.00313834534608759
755.0 0.0024025981474551372
756.0 0.001666851130721625
757.0 0.0021139156160643324
758.0 0.00256098010140704
759.0 0.0027590111130848527
760.0 0.0029570421247626655
761.0 0.004513849489740096
762.0 0.006070657400414348
763.0 0.005976246757199988
764.0 0.005881836841581389
765.0 0.005368295387597755
766.0 0.004854755025007762
767.0 0.004578453444992192
768.0 0.004302151864976622
769.0 0.004722974335891195
770.0 0.0051437975344015285
771.0 0.005061239062342793
772.0 0.004978681317879818
773.0 0.004486149191507138
774.0 0.003993617065134458
775.0 1.575696496024237e-10
776.0 0.055450398940593004
777.0 1.575696496024237e-10
778.0 0.01289125793846324
779.0 0.016033482097554952
780.0 1.575696496024237e-10
781.0 1.575696496024237e-10
782.0 0.08770981803536415
783.0 0.0547868141438812
784.0 0.009158302418654785
785.0 0.02879214007407427
786.0 0.08046419825404882
787.0 0.1053077052347362
788.0 1.575696496024237e-10
789.0 0.07901852368377149
790.0 1.575696496024237e-10
791.0 0.008586323383497074
792.0 0.16052258433774114
793.0 0.07328634383156896
794.0 0.04160095995757729
795.0 1.575696496024237e-10
796.0 1.575696496024237e-10
797.0 0.15492121456190944
798.0 0.039677240420132875
799.0 0.006511968240374699
800.0 0.039511738577857614
801.0 0.18881111172959208
802.0 0.2920544007793069
803.0 0.5285058170557022
804.0 1.0443733073771
805.0 1.316581852734089
806.0 2.3126907646656036
807.0 3.624051809310913
808.0 5.288883298635483
809.0 7.421456277370453
810.0 9.803690761327744
811.0 12.850794196128845
812.0 16.064490377902985
813.0 19.180408120155334
814.0 21.662800014019012
815.0 24.812836945056915
816.0 28.533127903938293
817.0 33.41388404369354
818.0 38.546022772789
819.0 43.68237853050232
820.0 50.740641355514526
821.0 57.65244960784912
822.0 64.7261917591095
823.0 71.27105593681335
824.0 77.67654061317444
825.0 82.86082148551941
826.0 87.74420619010925
827.0 91.79997444152832
828.0 95.46815156936646
829.0 97.24536538124084
830.0 98.41296076774597
831.0 99.36285018920898
832.0 98.83412718772888
833.0 99.64528679847717
834.0 98.76254200935364
835.0 99.93347525596619
836.0 99.62571263313293
837.0 99.56895709037781
838.0 98.58354330062866
839.0 98.66328835487366
840.0 99.27865862846375
841.0 100.13725757598877
842.0 99.8279333114624
843.0 100.21902322769165
844.0 98.61525297164917
845.0 99.32544827461243
846.0 99.13225173950195
847.0 98.89355897903442
848.0 100.36245584487915
849.0 98.82848858833313
850.0 98.38614463806152
851.0 99.14684295654297
852.0 99.6062695980072
853.0 98.94407987594604
854.0 99.85110759735107
855.0 98.76134395599365
856.0 99.05872941017151
857.0 98.44499230384827
858.0 98.80526661872864
859.0 99.3100643157959
860.0 98.939448595047
861.0 99.12550449371338
862.0 99.28438067436218
863.0 98.651522397995
864.0 99.70791339874268
865.0 99.90397095680237
866.0 98.9952802658081
867.0 99.48444962501526
868.0 99.80906844139099
869.0 98.84565472602844
870.0 98.51813316345215
871.0 99.21749234199524
872.0 99.35681223869324
873.0 99.41710829734802
874.0 100.01034736633301
875.0 99.49312806129456
876.0 99.31967258453369
877.0 99.36211705207825
878.0 99.19117093086243
879.0 99.04006719589233
880.0 98.92712235450745
881.0 100.21852254867554
882.0 99.24842119216919
883.0 99.48557615280151
884.0 99.43242073059082
885.0 99.48334693908691
886.0 99.01166558265686
887.0 99.05098080635071
888.0 99.51530694961548
889.0 99.645334482193
890.0 98.7675666809082
891.0 99.65169429779053
892.0 99.2506206035614
893.0 99.15675520896912
894.0 98.59904050827026
895.0 99.88194704055786
896.0 99.05120134353638
