lsstCam/transmission_filter_detector/r21_s02/g_6/19700101T000000.ecsv
# %ECSV 1.0
# ---
# datatype:
# - {name: wavelength, unit: nm, datatype: float32}
# - {name: efficiency, unit: '%', datatype: float64}
# meta: !!omap
# - {MODE: DETECTOR}
# - {TYPE: transmission_filter_detector}
# - {CALIBDATE: '1970-01-01T00:00:00'}
# - {INSTRUME: LSSTCam}
# - {OBSTYPE: transmission_filter_detector}
# - {CALIBCLS: lsst.ip.isr.IntermediateFilterDetectorTransmissionCurve}
# - {SOURCE: Materion (DM-46256)}
# - {DETECTOR: 83}
# - {FILTER: g_6}
# - {CALIB_ID: 'calibDate=1970-01-01T00:00:00 filter=g_6 detector=83'}
# - {DATE: '2025-04-02T15:59:42.412652'}
# - {CALIB_CREATION_DATE: '2025-04-02'}
# - {CALIB_CREATION_TIME: '15:59:42'}
# - __serialized_columns__:
#     efficiency:
#       __class__: astropy.units.quantity.Quantity
#       unit: !astropy.units.Unit {unit: '%'}
#       value: !astropy.table.SerializedColumn {name: efficiency}
#     wavelength:
#       __class__: astropy.units.quantity.Quantity
#       unit: !astropy.units.Unit {unit: nm}
#       value: !astropy.table.SerializedColumn {name: wavelength}
# schema: astropy-2.0
wavelength efficiency
300.0 0.4838326945900917
301.0 0.36331245210021734
302.0 0.24279216304421425
303.0 0.2172661479562521
304.0 0.19174010958522558
305.0 0.2031884854659438
306.0 0.21463683806359768
307.0 0.21868860349059105
308.0 0.22274034563452005
309.0 0.2215767279267311
310.0 0.2204131567850709
311.0 0.21124277263879776
312.0 0.202072411775589
313.0 0.20016117487102747
314.0 0.19824991468340158
315.0 0.18947416683658957
316.0 0.18069843063130975
317.0 0.17842509550973773
318.0 0.1761517720296979
319.0 0.16170296585187316
320.0 0.14725412474945188
321.0 0.14127956237643957
322.0 0.13530500000342727
323.0 0.11649095686152577
324.0 0.09767694864422083
325.0 0.0887154194060713
326.0 0.07975389016792178
327.0 0.07196980877779424
328.0 0.06418572156690061
329.0 0.06107050576247275
330.0 0.05795528995804489
331.0 0.05429796874523163
332.0 0.05064064171165228
333.0 0.04697701951954514
334.0 0.04331339441705495
335.0 0.041637205868028104
336.0 0.039961011498235166
337.0 0.04114541516173631
338.0 0.04232981591485441
339.0 0.04082248779013753
340.0 0.03931515966542065
341.0 0.03756764635909349
342.0 0.03582013305276632
343.0 0.03229349968023598
344.0 0.028766869218088686
345.0 0.025696601369418204
346.0 0.022626330610364676
347.0 0.021063788153696805
348.0 0.01950124278664589
349.0 0.018003807053901255
350.0 0.9228000417351723
351.0 0.9807281196117401
352.0 0.7298598997294903
353.0 1.1773046106100082
354.0 0.8146136999130249
355.0 0.762950349599123
356.0 0.5887123756110668
357.0 1.0871361009776592
358.0 0.6272764876484871
359.0 0.7750398945063353
360.0 0.5111897364258766
361.0 0.8524874225258827
362.0 0.4566812887787819
363.0 0.9502713568508625
364.0 0.6380521226674318
365.0 0.7820603437721729
366.0 0.476730614900589
367.0 0.7528558373451233
368.0 0.501601118594408
369.0 0.713203614577651
370.0 0.44093579053878784
371.0 0.7454854436218739
372.0 0.42808772996068
373.0 0.5767916329205036
374.0 0.4941691644489765
375.0 0.5922746378928423
376.0 0.4191987216472626
377.0 0.5294789094477892
378.0 0.40236227214336395
379.0 0.5436611361801624
380.0 0.4736378788948059
381.0 0.5165764596313238
382.0 0.5563719663769007
383.0 0.5560077261179686
384.0 0.5767113994807005
385.0 0.650457851588726
386.0 0.7172898389399052
387.0 0.8494012989103794
388.0 0.9724803268909454
389.0 1.3154109008610249
390.0 1.8286803737282753
391.0 2.805814892053604
392.0 4.4459618628025055
393.0 7.071445137262344
394.0 10.657567530870438
395.0 15.48844426870346
396.0 21.380428969860077
397.0 28.815051913261414
398.0 37.42634952068329
399.0 46.89658880233765
400.0 56.45160675048828
401.0 65.55413007736206
402.0 73.91968965530396
403.0 81.00234270095825
404.0 86.2069845199585
405.0 90.18375277519226
406.0 92.37634539604187
407.0 94.20987963676453
408.0 95.21044492721558
409.0 95.713871717453
410.0 95.84629535675049
411.0 95.66624164581299
412.0 95.283043384552
413.0 95.12898325920105
414.0 94.90190148353577
415.0 95.11255621910095
416.0 95.51880955696106
417.0 95.88419198989868
418.0 96.42648100852966
419.0 96.96834683418274
420.0 97.4955141544342
421.0 98.01629781723022
422.0 98.18851947784424
423.0 98.37918877601624
424.0 98.1652021408081
425.0 98.02992939949036
426.0 97.9894757270813
427.0 97.95814752578735
428.0 97.80442714691162
429.0 97.55073189735413
430.0 97.39015698432922
431.0 97.43801951408386
432.0 97.46507406234741
433.0 97.53314852714539
434.0 97.5931167602539
435.0 97.80436754226685
436.0 97.82994389533997
437.0 97.79250025749207
438.0 97.84116744995117
439.0 97.9451835155487
440.0 97.90439009666443
441.0 98.06327223777771
442.0 98.01997542381287
443.0 98.006272315979
444.0 97.90448546409607
445.0 97.65604138374329
446.0 97.5199043750763
447.0 97.39558100700378
448.0 97.51139879226685
449.0 97.7317214012146
450.0 98.04768562316895
451.0 98.24758768081665
452.0 98.4092652797699
453.0 98.49890470504761
454.0 98.51130843162537
455.0 98.74027371406555
456.0 98.81480932235718
457.0 98.97395372390747
458.0 98.97013306617737
459.0 98.97264838218689
460.0 99.13016557693481
461.0 99.24903512001038
462.0 99.1377592086792
463.0 99.07696843147278
464.0 99.18510913848877
465.0 99.07421469688416
466.0 99.11147952079773
467.0 99.09599423408508
468.0 99.10603761672974
469.0 99.18793439865112
470.0 99.0554690361023
471.0 98.87356162071228
472.0 98.96221160888672
473.0 98.84532690048218
474.0 98.67339134216309
475.0 98.70830178260803
476.0 98.70041608810425
477.0 98.75747561454773
478.0 98.85792136192322
479.0 98.83225560188293
480.0 98.96262288093567
481.0 99.05665516853333
482.0 99.23327565193176
483.0 99.10037517547607
484.0 99.31614398956299
485.0 99.35265779495239
486.0 99.36522841453552
487.0 99.36356544494629
488.0 99.36989545822144
489.0 99.43735599517822
490.0 99.38608407974243
491.0 99.36068654060364
492.0 99.2479681968689
493.0 99.26677942276001
494.0 99.18439984321594
495.0 99.24050569534302
496.0 99.08183813095093
497.0 98.99370670318604
498.0 98.82708787918091
499.0 98.8616943359375
500.0 98.75218272209167
501.0 98.71870875358582
502.0 98.63654375076294
503.0 98.74613881111145
504.0 98.64681959152222
505.0 98.72531294822693
506.0 98.69082570075989
507.0 98.69132041931152
508.0 98.67616891860962
509.0 98.6374020576477
510.0 98.58084321022034
511.0 98.57118725776672
512.0 98.51382374763489
513.0 98.60703945159912
514.0 98.58254194259644
515.0 98.58737587928772
516.0 98.68115186691284
517.0 98.66784811019897
518.0 98.74683022499084
519.0 98.7836480140686
520.0 98.8480806350708
521.0 98.96705746650696
522.0 98.97139072418213
523.0 98.95796179771423
524.0 98.9703893661499
525.0 98.99476766586304
526.0 99.09462928771973
527.0 99.1045594215393
528.0 99.1982638835907
529.0 99.31775331497192
530.0 99.34269785881042
531.0 99.44881200790405
532.0 99.29116368293762
533.0 99.26159977912903
534.0 99.27169680595398
535.0 99.03213381767273
536.0 98.64357709884644
537.0 97.95960783958435
538.0 97.07341194152832
539.0 95.47602534294128
540.0 93.57154965400696
541.0 90.65176844596863
542.0 87.62660026550293
543.0 83.73304605484009
544.0 78.83101105690002
545.0 74.65507388114929
546.0 69.5363461971283
547.0 64.94747996330261
548.0 60.39890646934509
549.0 56.41324520111084
550.0 53.270286321640015
551.0 50.283193588256836
552.0 47.946739196777344
553.0 45.420053601264954
554.0 42.37920641899109
555.0 38.95162642002106
556.0 34.42193269729614
557.0 29.299741983413696
558.0 23.761507868766785
559.0 18.454106152057648
560.0 13.442470133304596
561.0 8.952347934246063
562.0 5.612541735172272
563.0 3.2299935817718506
564.0 1.7443504184484482
565.0 0.8415143005549908
566.0 0.45297741889953613
567.0 0.2346260705962777
568.0 0.16017002053558826
569.0 0.0913874595426023
570.0 0.08298731409013271
571.0 0.0584688619710505
572.0 0.0548889918718487
573.0 0.043330591870471835
574.0 0.04436126328073442
575.0 0.037635662010870874
576.0 0.045282719656825066
577.0 0.025805766927078366
578.0 0.040765295852907
579.0 0.027526647318154573
580.0 0.03162529319524765
581.0 0.02512252249289304
582.0 0.03215746546629816
583.0 0.01398361346218735
584.0 0.026933324988931417
585.0 0.021310373267624527
586.0 0.034491156111471355
587.0 0.015097664436325431
588.0 0.020541688718367368
589.0 0.020619861606974155
590.0 0.031608864082954824
591.0 0.014603200543206185
592.0 0.017549328913446516
593.0 0.02133246889570728
594.0 0.015912130766082555
595.0 0.008322011854033917
596.0 0.018658537010196596
597.0 0.012164881627541035
598.0 0.01878123148344457
599.0 0.009672763553680852
600.0 0.007771726086502895
601.0 0.002414099799352698
602.0 0.002381257036176976
603.0 0.0023484140911023133
604.0 0.0022053396605770104
605.0 0.0020622652300517075
606.0 0.002097275501000695
607.0 0.0021322854081518017
608.0 0.0018950591766042635
609.0 0.001657832763157785
610.0 0.0017522308553452604
611.0 0.0018466284018359147
612.0 0.0017713520719553344
613.0 0.001696075742074754
614.0 0.0017406406186637469
615.0 0.0017852060409495607
616.0 0.001966564013855532
617.0 0.0021479218048625626
618.0 0.0019246965166530572
619.0 0.0017014714103424922
620.0 0.0016837871953612193
621.0 0.0016661031622788869
622.0 0.0015657180483685806
623.0 0.0014653326616098639
624.0 0.0015018711565062404
625.0 0.001538409742352087
626.0 0.0014073836609895807
627.0 0.001276357943424955
628.0 0.0014682047549285926
629.0 0.0016600519302301109
630.0 0.0014530842236126773
631.0 0.0012461162441468332
632.0 0.0013965852303954307
633.0 0.0015470539437956177
634.0 0.0014183406165102497
635.0 0.001289626925427001
636.0 0.0013518309970095288
637.0 0.0014140355233394075
638.0 0.0013150265658623539
639.0 0.00121601751743583
640.0 0.0011189485121576581
641.0 0.0010218791430816054
642.0 0.0011686810466926545
643.0 0.0013154829503037035
644.0 0.001273802263312973
645.0 0.0012321214853727724
646.0 0.0012333066479186527
647.0 0.0012344919923634734
648.0 0.0011202885616512503
649.0 0.0010060850399895571
650.0 0.0012493861504481174
651.0 0.0014926868061593268
652.0 0.0012500448974606115
653.0 0.0010074029887618963
654.0 0.0010677457794372458
655.0 0.0011280885701125953
656.0 0.001174881799670402
657.0 0.0012216751201776788
658.0 0.0010147468856303021
659.0 0.0008078190148808062
660.0 0.0009107620826398488
661.0 0.0010137051503988914
662.0 0.0011037440344807692
663.0 0.0011937831914110575
664.0 0.0011874600204464514
665.0 0.0011811365766334347
666.0 0.001053423238772666
667.0 0.0009257096280634869
668.0 0.0010478835974936374
669.0 0.0011700574759743176
670.0 0.0011843878382933326
671.0 0.0011987181096628774
672.0 0.001166808942798525
673.0 0.0011348996849847026
674.0 0.001083872757590143
675.0 0.0010328458301955834
676.0 0.001011398489936255
677.0 0.0009899507858790457
678.0 0.0010678142643882893
679.0 0.001145677833847003
680.0 0.0011036609066650271
681.0 0.0010616437975841109
682.0 0.0010944027962977998
683.0 0.0011271617950114887
684.0 0.0009770737051439937
685.0 0.0008269855243270285
686.0 0.0009856681572273374
687.0 0.001144350699178176
688.0 0.0011343880942149553
689.0 0.0011244253983022645
690.0 0.0010229739018541295
691.0 0.0009215223144565243
692.0 0.0008711978807696141
693.0 0.0008208735380321741
694.0 0.0009807235073822085
695.0 0.0011405732948333025
696.0 0.0012039429748256225
697.0 0.0012673122000705916
698.0 0.0013185499483370222
699.0 0.0013697876056539826
700.0 0.0012239311217854265
701.0 0.00107807445601793
702.0 0.001176916885015089
703.0 0.0012757590411638375
704.0 0.0012077037354174536
705.0 0.0011396483387215994
706.0 0.0011056673429266084
707.0 0.0010716865290305577
708.0 0.0010790903615998104
709.0 0.0010864944670174737
710.0 0.001243442966369912
711.0 0.0014003916476212908
712.0 0.0012529730156529695
713.0 0.001105554838431999
714.0 0.0011874334632011596
715.0 0.0012693122698692605
716.0 0.0014651735000370536
717.0 0.001661034912103787
718.0 0.001917758709168993
719.0 0.0021744823243352585
720.0 0.0019219742171117105
721.0 0.0016694659279892221
722.0 0.0018133037883671932
723.0 0.0019571416487451643
724.0 0.0019126127881463617
725.0 0.0018680839275475591
726.0 0.002040129038505256
727.0 0.002212173967564013
728.0 0.0021090678274049424
729.0 0.0020059615053469315
730.0 0.0020496847355389036
731.0 0.0020934077838319354
732.0 0.0020141334971413016
733.0 0.0019348593923496082
734.0 0.001670718120294623
735.0 0.0014065772120375186
736.0 0.0012311248610785697
737.0 0.0010556724191701505
738.0 0.001025497567752609
739.0 0.0009953227163350675
740.0 0.0008463801350444555
741.0 0.0006974373718549032
742.0 0.0006832354756625136
743.0 0.0006690336249448592
744.0 0.0007865775842219591
745.0 0.0009041218618222047
746.0 0.0009697876521386206
747.0 0.001035453624353977
748.0 0.0011265751709288452
749.0 0.0012176968994026538
750.0 0.0010280690730724018
751.0 0.0008384416105400305
752.0 0.0008165805411408655
753.0 0.0007947197445901111
754.0 0.000844168880576035
755.0 0.0008936180165619589
756.0 0.0008782626537140459
757.0 0.0008629072908661328
758.0 0.0008538046131434385
759.0 0.0008447021173196845
760.0 0.0006756306902389042
761.0 0.0005065592631581239
762.0 0.0005901540134800598
763.0 0.0006737486728525255
764.0 0.0007913352419564035
765.0 0.000908922083908692
766.0 0.0007291767360584345
767.0 0.000549431433682912
768.0 0.000513999202667037
769.0 0.00047856692617642693
770.0 0.0004231474576954497
771.0 0.00036772792100236984
772.0 0.000586810938330018
773.0 0.0008058940693445038
774.0 0.0008589534445491154
775.0 0.0009120129107031971
776.0 0.000815943622001214
777.0 0.0007198742878244957
778.0 0.0007298015589185525
779.0 0.0007397289209620794
780.0 0.0005595879429165507
781.0 0.0003794468966589193
782.0 0.000522092614119174
783.0 0.000664738263367326
784.0 0.0007183515663200524
785.0 0.0007719649147475138
786.0 0.0006874931841593934
787.0 0.0006030218173691537
788.0 0.000442900818597991
789.0 0.0002827799789884011
790.0 0.00025599190394132165
791.0 0.00022920382889424218
792.0 0.00028846181976405205
793.0 0.0003477198106338619
794.0 0.00033678943509585224
795.0 0.00032585901408310747
796.0 0.0004889513093075948
797.0 0.0006520435363199795
798.0 0.0005928794962528627
799.0 0.000533715456185746
800.0 0.0006320205557130976
801.0 0.0007303258826141246
802.0 0.0005772932127001695
803.0 0.00042426067921041977
804.0 0.0003293154122729902
805.0 0.00023437023628503084
806.0 0.00035278831092000473
807.0 0.0004712063855549786
808.0 0.0005444750968308654
809.0 0.0006177438081067521
810.0 0.0004678188361140201
811.0 0.00031789379590918543
812.0 0.0002929825768660521
813.0 0.0002680713123481837
814.0 0.0003260979383412632
815.0 0.00038412458707171027
816.0 0.0004977390290150652
817.0 0.0006113533800089499
818.0 0.0005114768555358751
819.0 0.00041160028558806516
820.0 0.00047016606004035566
821.0 0.000528731743543176
822.0 0.0005440042514237575
823.0 0.0005592768047790742
824.0 0.00044123489715275355
825.0 0.0003231929667890654
826.0 0.00048025431169662625
827.0 0.0006373155883920845
828.0 0.0005515979864867404
829.0 0.0004658802936319262
830.0 0.0004556354724627454
831.0 0.0004453906058188295
832.0 0.0006027466497471323
833.0 0.0007601025572512299
834.0 0.0005792822321382118
835.0 0.0003984619524999289
836.0 0.0005016569502913626
837.0 0.0006048520390322665
838.0 0.00047806865950406063
839.0 0.0003512853481879574
840.0 0.0005784394033980789
841.0 0.0008055933903960977
842.0 0.0005172561941435561
843.0 0.00022891879325470654
844.0 0.0002476302825016319
845.0 0.00026634179448592477
846.0 0.0004871656528848689
847.0 0.0007079896022332832
848.0 0.0006062080046831397
849.0 0.0005044264980824664
850.0 0.0005160402906767558
851.0 0.0005276540832710452
852.0 0.0005460319243866252
853.0 0.0005644094017043244
854.0 0.0006556554581038654
855.0 0.0007469013780792011
856.0 0.0006594056230824208
857.0 0.0005719099590351107
858.0 0.0006050992396922084
859.0 0.0006382885203493061
860.0 0.0005757219241786515
861.0 0.000513155328007997
862.0 0.000494574805998127
863.0 0.00047599428398825694
864.0 0.0004822414666705299
865.0 0.0004884886493528029
866.0 0.0004915195404464612
867.0 0.0004945504770148546
868.0 0.0005999750101182144
869.0 0.0007053996796457795
870.0 0.0006058734925318277
871.0 0.0005063471689936705
872.0 0.0004232583250995958
873.0 0.0003401694129934185
874.0 0.0004647482910513645
875.0 0.0005893271463719429
876.0 0.0007002119218668668
877.0 0.0008110966518870555
878.0 0.0007645548976142891
879.0 0.0007180130069173174
880.0 0.0007322838428081013
881.0 0.0007465549515472958
882.0 0.0006128062523202971
883.0 0.0004790577804669738
884.0 0.0005858846179762622
885.0 0.000692711591909756
886.0 0.0006786565791117027
887.0 0.0006646017482125899
888.0 0.0006192010459926678
889.0 0.0005738003892474808
890.0 0.0006629924882872729
891.0 0.0007521847237512702
892.0 0.0006493744876934215
893.0 0.000546564297110308
894.0 0.0005411241090769181
895.0 0.0005356838755687932
896.0 0.00030648161555291153
897.0 7.727932711532048e-05
898.0 0.00023304278329305816
899.0 0.0003888062565238215
900.0 0.00034565805435704533
901.0 0.00030250985219026916
902.0 0.0005394695108407177
903.0 0.0007764291694911662
904.0 0.000430331510870019
905.0 8.42338522488717e-05
906.0 0.000311555072585179
