lsstCam/transmission_filter_detector/r21_s02/g_6/19700101T000000.ecsv
# %ECSV 1.0
# ---
# datatype:
# - {name: wavelength, unit: nm, datatype: float32}
# - {name: efficiency, unit: '%', datatype: float64}
# meta: !!omap
# - {MODE: DETECTOR}
# - {TYPE: transmission_filter_detector}
# - {CALIBDATE: '1970-01-01T00:00:00'}
# - {INSTRUME: LSSTCam}
# - {OBSTYPE: transmission_filter_detector}
# - {CALIBCLS: lsst.ip.isr.IntermediateFilterDetectorTransmissionCurve}
# - {SOURCE: Materion (DM-46256)}
# - {DETECTOR: 83}
# - {FILTER: g_6}
# - {CALIB_ID: 'calibDate=1970-01-01T00:00:00 filter=g_6 detector=83'}
# - {DATE: '2025-04-02T15:59:42.412652'}
# - {CALIB_CREATION_DATE: '2025-04-02'}
# - {CALIB_CREATION_TIME: '15:59:42'}
# - __serialized_columns__:
#     efficiency:
#       __class__: astropy.units.quantity.Quantity
#       unit: !astropy.units.Unit {unit: '%'}
#       value: !astropy.table.SerializedColumn {name: efficiency}
#     wavelength:
#       __class__: astropy.units.quantity.Quantity
#       unit: !astropy.units.Unit {unit: nm}
#       value: !astropy.table.SerializedColumn {name: wavelength}
# schema: astropy-2.0
wavelength efficiency
[from data line 608]
908.0 0.0004609552433976205
909.0 0.00038303433029795997
910.0 0.00034351592148595955
911.0 0.0003039975354113267
912.0 0.0004544955118035432
913.0 0.0006049935564078623
914.0 0.00040670506677997764
915.0 0.00020841662262682803
916.0 0.0002693553597055143
917.0 0.0003302941422589356
918.0 0.00031897795906843385
919.0 0.0003076617758779321
920.0 0.00036354331314214505
921.0 0.000419424850406358
922.0 0.0005903394594497513
923.0 0.0007612540684931446
924.0 0.0006581138677574927
925.0 0.0005549736670218408
926.0 0.000585013958698255
927.0 0.0006150544322736096
928.0 0.0005909417723160004
929.0 0.0005668292033078615
930.0 0.0005554428298637504
931.0 0.0005440564109449042
932.0 0.0005213459644437535
933.0 0.0004986356088920729
934.0 0.00045210736061562784
935.0 0.00040557915781391785
936.0 0.00048063079702842515
937.0 0.0005556824817176675
938.0 0.0006441655841626925
939.0 0.0007326486866077175
940.0 0.0005966296612314181
941.0 0.0004606104994309135
942.0 0.0006496144123957492
943.0 0.0008386182344111148
944.0 0.0007244953849294689
945.0 0.0006103723990236176
946.0 0.0007145474228309467
947.0 0.0008187224011635408
948.0 0.0010035629202320706
949.0 0.0011884035302500706
950.0 0.001090623209165642
951.0 0.000992842706182273
952.0 0.0010361506610934157
953.0 0.001079458434105618
954.0 0.0009280713129555807
955.0 0.0007766842827550136
956.0 0.000788438137533376
957.0 0.0008001919013622683
958.0 0.0009211829819832928
959.0 0.0010421740626043174
960.0 0.0008441146746918093
961.0 0.0006460551958298311
962.0 0.0007016973995632725
963.0 0.000757339648771449
964.0 0.0007888242180342786
965.0 0.0008203086508729029
966.0 0.0007501330856030108
967.0 0.0006799575203331187
968.0 0.0006993142051214818
969.0 0.0007186707989603747
970.0 0.0007596605428261682
971.0 0.0008006501957424916
972.0 0.0008752034773351625
973.0 0.0009497567589278333
974.0 0.0008974501724878792
975.0 0.0008451439498458058
976.0 0.0009165381015918683
977.0 0.0009879325261863414
978.0 0.0010190355169470422
979.0 0.0010501385986572132
980.0 0.0011035244824597612
981.0 0.0011569104572117794
982.0 0.0011295708645775449
983.0 0.00110223118099384
984.0 0.0011089631698268931
985.0 0.0011156951586599462
986.0 0.001140911081165541
987.0 0.0011661268217721954
988.0 0.0012222320037835743
989.0 0.0012783369129465427
990.0 0.00131955939650652
991.0 0.0013607818800664973
992.0 0.0013547568414651323
993.0 0.0013487319847627077
994.0 0.0013198487977206241
995.0 0.0012909657016280107
996.0 0.0012287917343201116
997.0 0.0011666176760627422
998.0 0.0013046917047176976
999.0 0.001442765733372653
1000.0 0.0013851117728336249
1001.0 0.0013274576303956565
1002.0 0.001265076207346283
1003.0 0.0012026947842969093
1004.0 0.0011722269846359268
1005.0 0.0011417591849749442
1006.0 0.0013475987543642987
1007.0 0.0015534384147031233
1008.0 0.0016357185813831165
1009.0 0.0017179994756588712
1010.0 0.00179214130184846
1011.0 0.0018662834918359295
1012.0 0.0019969666027463973
1013.0 0.002127649713656865
1014.0 0.0021574305719695985
1015.0 0.0021872117940802127
1016.0 0.0026300658646505326
1017.0 0.003072920299018733
1018.0 0.0032888914574868977
1019.0 0.003504862615955062
1020.0 0.003572957939468324
1021.0 0.0036410528991837054
1022.0 0.003940026726922952
1023.0 0.0042390009184600785
1024.0 0.004393420022097416
1025.0 0.004547838761936873
1026.0 0.004745613114209846
1027.0 0.004943387466482818
1028.0 0.005075268563814461
1029.0 0.005207149661146104
1030.0 0.0051979928684886545
1031.0 0.005188836075831205
1032.0 0.005541200880543329
1033.0 0.005893565321457572
1034.0 0.005745555608882569
1035.0 0.005597546260105446
1036.0 0.005700688416254707
1037.0 0.005803830572403967
1038.0 0.005877735384274274
1039.0 0.0059516405599424616
1040.0 0.006343145651044324
1041.0 0.006734650378348306
1042.0 0.007001108315307647
1043.0 0.007267566252266988
1044.0 0.007608345185872167
1045.0 0.007949122664285824
1046.0 0.00902797473827377
1047.0 0.010106825357070193
1048.0 0.011659469600999728
1049.0 0.013212110206950456
1050.0 0.015753375191707164
1051.0 0.01829463872127235
1052.0 0.022111852013040334
1053.0 0.025929074035957456
1054.0 0.031236105132848024
1055.0 0.03654313914012164
1056.0 0.04365867062006146
1057.0 0.05077419336885214
1058.0 0.05900207324884832
1059.0 0.06722994148731232
1060.0 0.07527517154812813
1061.0 0.08332037832587957
1062.0 0.09180122287943959
1063.0 0.10028204414993525
1064.0 0.1077872235327959
1065.0 0.11529240291565657
1066.0 0.12343854177743196
1067.0 0.13158468063920736
1068.0 0.13997243950143456
1069.0 0.14836023328825831
1070.0 0.15764225972816348
1071.0 0.16692428616806865
1072.0 0.17630213405936956
1073.0 0.18567995866760612
1074.0 0.19547040574252605
1075.0 0.2052609110251069
1076.0 0.21557332947850227
1077.0 0.22588574793189764
1078.0 0.23777696769684553
1079.0 0.24966816417872906
1080.0 0.2665247768163681
1081.0 0.28338138945400715
1082.0 0.31254319474101067
1083.0 0.3417049767449498
1084.0 0.3842151025310159
1085.0 0.426725298166275
1086.0 0.464908080175519
1087.0 0.5030909087508917
1088.0 0.5713541060686111
1089.0 0.6396173033863306
1090.0 0.7202704437077045
1091.0 0.8009235374629498
1092.0 0.8414742536842823
1093.0 0.8820246905088425
1094.0 0.9375518187880516
1095.0 0.9930786676704884
1096.0 1.070637721568346
1097.0 1.1481969617307186
1098.0 1.237641554325819
1099.0 1.3270864263176918
1100.0 1.5732929110527039
1101.0 1.819499023258686
