lsstCam/transmission_filter_detector/r03_s01/i_39/19700101T000000.ecsv
# %ECSV 1.0
# ---
# datatype:
# - {name: wavelength, unit: nm, datatype: float32}
# - {name: efficiency, unit: '%', datatype: float64}
# meta: !!omap
# - {MODE: DETECTOR}
# - {TYPE: transmission_filter_detector}
# - {CALIBDATE: '1970-01-01T00:00:00'}
# - {INSTRUME: LSSTCam}
# - {OBSTYPE: transmission_filter_detector}
# - {CALIBCLS: lsst.ip.isr.IntermediateFilterDetectorTransmissionCurve}
# - {SOURCE: Materion (DM-46256)}
# - {DETECTOR: 19}
# - {FILTER: i_39}
# - {CALIB_ID: 'calibDate=1970-01-01T00:00:00 filter=i_39 detector=19'}
# - {DATE: '2025-04-02T15:59:46.567053'}
# - {CALIB_CREATION_DATE: '2025-04-02'}
# - {CALIB_CREATION_TIME: '15:59:46'}
# - __serialized_columns__:
#     efficiency:
#       __class__: astropy.units.quantity.Quantity
#       unit: !astropy.units.Unit {unit: '%'}
#       value: !astropy.table.SerializedColumn {name: efficiency}
#     wavelength:
#       __class__: astropy.units.quantity.Quantity
#       unit: !astropy.units.Unit {unit: nm}
#       value: !astropy.table.SerializedColumn {name: wavelength}
# schema: astropy-2.0
wavelength efficiency
300.0 0.08307252428494394
301.0 0.045795238111168146
302.0 0.008517984679201618
303.0 0.02258538006572053
304.0 0.036652773269452155
305.0 0.03653253079392016
306.0 0.03641228249762207
307.0 0.010246437159366906
308.0 1.9645979721510942e-10
309.0 1.9645979721510942e-10
310.0 1.9645979721510942e-10
311.0 1.9645979721510942e-10
312.0 1.9645979721510942e-10
313.0 1.9645979721510942e-10
314.0 1.9645979721510942e-10
315.0 1.9645979721510942e-10
316.0 1.9645979721510942e-10
317.0 1.9645979721510942e-10
318.0 1.9645979721510942e-10
319.0 1.9645979721510942e-10
320.0 1.9645979721510942e-10
321.0 1.9645979721510942e-10
322.0 9.995742402679753e-05
323.0 1.9645979721510942e-10
324.0 1.9645979721510942e-10
325.0 1.9645979721510942e-10
326.0 1.9645979721510942e-10
327.0 0.0011516087397467345
328.0 0.0035564455174608156
329.0 0.002882184890040662
330.0 0.0022079242626205087
331.0 0.002037187368841842
332.0 0.0018664506569621153
333.0 0.0008237269867095165
334.0 1.9645979721510942e-10
335.0 1.9645979721510942e-10
336.0 1.9645979721510942e-10
337.0 0.0008907536539481953
338.0 0.002691912595764734
339.0 0.0030447135941358283
340.0 0.0033975149563048035
341.0 1.9645979721510942e-10
342.0 1.9645979721510942e-10
343.0 1.9645979721510942e-10
344.0 1.9645979721510942e-10
345.0 1.9645979721510942e-10
346.0 1.9645979721510942e-10
347.0 1.9645979721510942e-10
348.0 1.9645979721510942e-10
349.0 1.9645979721510942e-10
350.0 1.9645979721510942e-10
351.0 1.9645979721510942e-10
352.0 1.9645979721510942e-10
353.0 1.9645979721510942e-10
354.0 1.9645979721510942e-10
355.0 1.9645979721510942e-10
356.0 1.9645979721510942e-10
357.0 0.0006381819730449934
358.0 0.0014429146176553331
359.0 0.0013257854334369767
360.0 0.0012086557944712695
361.0 0.0010497580660739914
362.0 0.0008908603376767132
363.0 0.0003614766001192038
364.0 1.9645979721510942e-10
365.0 0.0007263754469022388
366.0 0.0016206582586164586
367.0 0.0009904837497742847
368.0 0.00036030910450790543
369.0 0.0009925765880325343
370.0 0.0016248441170318983
371.0 0.0010825177014339715
372.0 0.0005401911039371043
373.0 0.000620901710135513
374.0 0.0007016122708591865
375.0 0.000333127081830753
376.0 1.9645979721510942e-10
377.0 2.2620612583068578e-05
378.0 8.059956826400594e-05
379.0 1.9645979721510942e-10
380.0 1.9645979721510942e-10
381.0 1.9645979721510942e-10
382.0 1.9645979721510942e-10
383.0 1.9645979721510942e-10
384.0 0.0012610043995664455
385.0 0.0011094231922470499
386.0 0.0009578417120792437
387.0 1.9645979721510942e-10
388.0 1.9645979721510942e-10
389.0 1.9645979721510942e-10
390.0 1.9645979721510942e-10
391.0 1.9645979721510942e-10
392.0 1.9645979721510942e-10
393.0 1.9645979721510942e-10
394.0 0.0008868147233442869
395.0 1.9645979721510942e-10
396.0 1.9645979721510942e-10
397.0 1.9645979721510942e-10
398.0 1.9645979721510942e-10
399.0 1.6372464495262307e-07
400.0 0.0009184897862724029
401.0 1.9645979721510942e-10
402.0 1.9645979721510942e-10
403.0 1.9645979721510942e-10
404.0 0.002324124943697825
405.0 0.0042956868128385395
406.0 0.006267248681979254
407.0 0.0024657560061314143
408.0 1.9645979721510942e-10
409.0 1.9645979721510942e-10
410.0 1.9645979721510942e-10
411.0 0.0020013116227346472
412.0 0.004288394484319724
413.0 0.004119661389268003
414.0 0.003950929385609925
415.0 0.0034624881664058194
416.0 0.0029740471291006543
417.0 0.0018861974240280688
418.0 0.0007983475370565429
419.0 0.003307783481432125
420.0 0.005817219425807707
421.0 0.005482684355229139
422.0 0.005148149284650572
423.0 0.0053049549023853615
424.0 0.005461760883918032
425.0 0.004097055716556497
426.0 0.0027323500034981407
427.0 0.003559323522495106
428.0 0.004386297587188892
429.0 0.0049412166845286265
430.0 0.005496136145666242
431.0 0.004576885839924216
432.0 0.0036576369893737137
433.0 0.005206074274610728
434.0 0.006754513015039265
435.0 0.0050416976591805
436.0 0.0033288841223111376
437.0 0.002419698466837872
438.0 0.0015105131751624867
439.0 0.0019256369341746904
440.0 0.0023407610569847748
441.0 0.001112983954953961
442.0 1.9645979721510942e-10
443.0 1.9645979721510942e-10
444.0 1.9645979721510942e-10
445.0 1.9645979721510942e-10
446.0 6.433135126826528e-05
447.0 0.0003290684389867238
448.0 0.0005938055437582079
449.0 1.9645979721510942e-10
450.0 1.9645979721510942e-10
451.0 0.0001154542815129389
452.0 0.0011102553798991721
453.0 0.0014465300409938209
454.0 0.0017828049749368802
455.0 0.0019087787222815678
456.0 0.0020347524696262553
457.0 0.0012781291843566578
458.0 0.000521505762662855
459.0 0.0002939772684840136
460.0 6.644885388595867e-05
461.0 0.00040833006096363533
462.0 0.0007502113476220984
463.0 0.00031044364732224494
464.0 1.9645979721510942e-10
465.0 0.0001698615051282104
466.0 0.00046904697228455916
467.0 0.0006028633379173698
468.0 0.0007366797035501804
469.0 0.00036170495150145143
470.0 1.9645979721510942e-10
471.0 0.0002631174766065669
472.0 0.0005395047992351465
473.0 0.0011370148058631457
474.0 0.0017345249943900853
475.0 0.0010332587407901883
476.0 0.0003319926463518641
477.0 0.0007191232270997716
478.0 0.0011062537851103116
479.0 0.0011502077541081235
480.0 0.0011941618140554056
481.0 0.002491737177479081
482.0 0.0037893110857112333
483.0 0.004856517261941917
484.0 0.0059237230743747205
485.0 0.005832857277709991
486.0 0.005741991844843142
487.0 0.008820989751257002
488.0 0.011899988021468744
489.0 0.016157051140908152
490.0 0.0204141135327518
491.0 0.02429562882753089
492.0 0.02817714703269303
493.0 0.030609010718762875
494.0 0.03304088022559881
495.0 0.029050643206574023
496.0 0.025060403277166188
497.0 0.019071082351729274
498.0 0.013081758515909314
499.0 0.009499872248852625
500.0 0.00591798780078534
501.0 0.004429212640388869
502.0 0.002940437843790278
503.0 0.0023268239601748064
504.0 0.001713210076559335
505.0 0.0016604637494310737
506.0 0.0016077176042017527
507.0 0.0018244603779749013
508.0 0.0020412029698491096
509.0 0.002349794340261724
510.0 0.0026583853468764573
511.0 0.002133865018549841
512.0 0.001609344508324284
513.0 0.0015997717127902433
514.0 0.0015901989172562025
515.0 0.0021858082618564367
516.0 0.002781417606456671
517.0 0.0022860742319608107
518.0 0.0017907306755660102
519.0 0.0020408318960107863
520.0 0.0022909332983545028
521.0 0.0019295757738291286
522.0 0.0015682182493037544
523.0 0.0015892235751380213
524.0 0.0016102290828712285
525.0 0.0020786577806575224
526.0 0.002547086296544876
527.0 0.0028849794034613296
528.0 0.003222872328478843
529.0 0.0034082360798493028
530.0 0.0035935998312197626
531.0 0.003356578599778004
532.0 0.003119558095932007
533.0 0.0024343538825633004
534.0 0.0017491498510935344
535.0 0.0017057724107871763
536.0 0.0016623949704808183
537.0 0.0022453530618804507
538.0 0.0028283107894822024
539.0 0.003270870729465969
540.0 0.003713430851348676
541.0 0.004486531179281883
542.0 0.0052596322348108515
543.0 0.005227442670729943
544.0 0.005195252742851153
545.0 0.004502458614297211
546.0 0.00380966484954115
547.0 0.0028012276743538678
548.0 0.0017927903172676452
549.0 0.0018298193026566878
550.0 0.0018668486518436112
551.0 0.0016072952348622493
552.0 0.0013477418178808875
553.0 0.0017852895325631835
554.0 0.0022228372472454794
555.0 0.0017555175872985274
556.0 0.0012881979273515753
557.0 0.0009489674994256347
558.0 0.0006097370714996941
559.0 0.00021503724383364897
560.0 1.9645979721510942e-10
561.0 0.0005663348019879777
562.0 0.001312332369707292
563.0 0.0013917393516749144
564.0 0.001471146424592007
565.0 0.0011568181434995495
566.0 0.0008424900443060324
567.0 0.000931762951950077
568.0 0.001021036132442532
569.0 0.000843762609292753
570.0 0.0006664889497187687
571.0 0.0004212677140458254
572.0 0.00017604650111024966
573.0 0.00026083882858074503
574.0 0.00034563129247544566
575.0 0.00029808443287038244
576.0 0.00025053743684111396
577.0 0.0004145351340412162
578.0 0.000578532853978686
579.0 0.00028501817723736167
580.0 1.9645979721510942e-10
581.0 0.00012573558478834457
582.0 0.0002599675553938141
583.0 0.00046646000555483624
584.0 0.0006729523192916531
585.0 0.0007732503036095295
586.0 0.0008735482879274059
587.0 0.0008326791430590674
588.0 0.000791809998190729
589.0 0.0006612064225919312
590.0 0.0005306028924678685
591.0 0.0008754333066463005
592.0 0.001220264039147878
593.0 0.000872487453307258
594.0 0.000524710912941373
595.0 0.0007638233000761829
596.0 0.0010029358236351982
597.0 0.0007998472028702963
598.0 0.0005967587185295997
599.0 0.0006108068646426545
600.0 0.0006248548743315041
601.0 0.0005029065050621284
602.0 0.00038095809031801764
603.0 0.00028748966087732697
604.0 0.00019402109501243103
605.0 0.00023027871520753251
606.0 0.00026653640361473663
607.0 0.0004892599918093765
608.0 0.0007119834663171787
609.0 0.0005265100753604202
610.0 0.00034103643429261865
611.0 0.0005585852704825811
612.0 0.0007761341294099111
613.0 0.0005241751750872936
614.0 0.0002722162662394112
615.0 1.9645979721510942e-10
616.0 1.9645979721510942e-10
617.0 1.9645979721510942e-10
618.0 1.9645979721510942e-10
619.0 0.00015869035223659012
620.0 0.0003227255319870892
621.0 0.00048201382014667615
622.0 0.0006413021310436307
623.0 0.000523010885444819
624.0 0.00040471959437127225
625.0 0.0004120170615351526
626.0 0.00041931452869903296
627.0 0.0003068915930271032
628.0 0.00019446863461780595
629.0 0.000333452317136107
630.0 0.0004724360678665107
631.0 0.0004837150299863424
632.0 0.0004949940375809092
633.0 0.00047012003960844595
634.0 0.0004452460871107178
635.0 0.00038830221456009895
636.0 0.0003313582737973775
637.0 0.00027300902729621157
638.0 0.0002146596443708404
639.0 0.0005314295322023099
640.0 0.0008481993972964119
641.0 0.0005908823823119747
642.0 0.00033356539006490493
643.0 0.0005896408310945844
644.0 0.0008457162948616315
645.0 0.0007796794307068922
646.0 0.0007136427939258283
647.0 0.0008339413398061879
648.0 0.0009542403859086335
649.0 0.0007344012374232989
650.0 0.0005145620889379643
651.0 0.0007673331310797948
652.0 0.0010201043551205657
653.0 0.0010959473002003506
654.0 0.0011717902452801354
655.0 0.0017920629034051672
656.0 0.002412335561530199
657.0 0.0032751417165854946
658.0 0.004137946598348208
659.0 0.006506397039629519
660.0 0.04377032455522567
661.0 0.0988622079603374
662.0 0.08107267785817385
663.0 0.09708268335089087
664.0 0.09851721115410328
665.0 0.14240116579458117
666.0 0.12965771602466702
667.0 0.14094706857576966
668.0 0.17418893985450268
669.0 0.22873282432556152
670.0 0.310577847994864
671.0 0.4667240660637617
672.0 0.6808429025113583
673.0 1.087880227714777
674.0 1.6666252166032791
675.0 2.4418145418167114
676.0 3.4431371837854385
677.0 4.730948060750961
678.0 6.080542877316475
679.0 7.441665977239609
680.0 9.272732585668564
681.0 11.281799525022507
682.0 13.778020441532135
683.0 16.635307669639587
684.0 19.773730635643005
685.0 22.8089839220047
686.0 25.85580050945282
687.0 29.152679443359375
688.0 32.2840541601181
689.0 35.346004366874695
690.0 38.799721002578735
691.0 42.51282811164856
692.0 46.974557638168335
693.0 51.867467164993286
694.0 57.45522379875183
695.0 62.94541358947754
696.0 69.20747756958008
697.0 74.80530738830566
698.0 81.15370869636536
699.0 85.91848015785217
700.0 89.80960249900818
701.0 92.955482006073
702.0 95.18802762031555
703.0 96.39889001846313
704.0 97.06485867500305
705.0 97.55712747573853
706.0 97.6207971572876
707.0 97.83763289451599
708.0 97.89620637893677
709.0 97.89648652076721
710.0 97.72202968597412
711.0 97.86129593849182
712.0 97.74685502052307
713.0 97.81106114387512
714.0 97.95394539833069
715.0 97.94949889183044
716.0 97.8178858757019
717.0 98.09801578521729
718.0 98.1399416923523
719.0 98.06607365608215
720.0 98.32722544670105
721.0 98.23729395866394
722.0 97.99214005470276
723.0 97.76746034622192
724.0 97.42343425750732
725.0 97.17317819595337
726.0 96.82390689849854
727.0 96.48719429969788
728.0 96.27184867858887
729.0 96.02071046829224
730.0 96.03372812271118
731.0 96.1591124534607
732.0 96.20391726493835
733.0 96.52049541473389
734.0 96.8940258026123
735.0 97.15345501899719
736.0 97.60388135910034
737.0 97.95239567756653
738.0 98.23095202445984
739.0 98.61639738082886
740.0 98.65750074386597
741.0 98.44129681587219
742.0 98.75875115394592
743.0 98.60752820968628
744.0 98.43014478683472
745.0 98.42919111251831
746.0 98.32630157470703
747.0 98.62016439437866
748.0 98.53755235671997
749.0 98.36055636405945
750.0 98.40239882469177
751.0 98.29263091087341
752.0 98.28991889953613
753.0 98.47167134284973
754.0 98.45080375671387
755.0 98.55029582977295
756.0 98.53324890136719
757.0 98.53771924972534
758.0 98.59392046928406
759.0 98.63932132720947
760.0 98.48395586013794
761.0 98.38587641716003
762.0 98.4697937965393
763.0 98.39418530464172
764.0 98.15934896469116
765.0 98.22357296943665
766.0 98.31649661064148
767.0 98.03963899612427
768.0 98.13891649246216
769.0 98.13108444213867
770.0 97.95520901679993
771.0 98.05221557617188
772.0 98.0913519859314
773.0 98.09901118278503
774.0 97.96040654182434
775.0 98.03828001022339
776.0 98.04479479789734
777.0 98.03162813186646
778.0 97.94301390647888
779.0 97.92965054512024
780.0 97.73373007774353
781.0 97.9493260383606
782.0 97.75992035865784
783.0 97.74003624916077
784.0 97.75239825248718
785.0 97.93593883514404
786.0 97.98914194107056
787.0 97.80445694923401
788.0 97.8969931602478
789.0 97.95045256614685
790.0 97.88146018981934
791.0 97.95981049537659
792.0 97.88406491279602
793.0 97.84167408943176
794.0 97.78789281845093
795.0 97.80711531639099
796.0 97.83326387405396
797.0 97.90242910385132
798.0 98.04850220680237
799.0 97.93938994407654
800.0 97.70238399505615
801.0 97.84478545188904
802.0 97.65018224716187
803.0 97.44133353233337
804.0 97.32486605644226
805.0 97.03282713890076
806.0 96.88140749931335
807.0 96.25583291053772
808.0 95.63765525817871
809.0 94.88409161567688
810.0 93.90849471092224
811.0 92.61284470558167
812.0 90.83400368690491
813.0 88.82192373275757
814.0 86.29056811332703
815.0 83.33088755607605
816.0 80.07094264030457
817.0 76.14126801490784
818.0 71.52217626571655
819.0 67.26498603820801
820.0 62.13839054107666
821.0 57.489097118377686
822.0 52.842336893081665
823.0 48.10078740119934
824.0 43.35378110408783
825.0 39.035144448280334
826.0 34.51681733131409
827.0 29.936933517456055
828.0 25.74056386947632
829.0 21.47357612848282
830.0 17.054855823516846
831.0 13.514286279678345
832.0 9.89297330379486
833.0 6.870674341917038
834.0 4.520117864012718
835.0 2.857424132525921
836.0 1.7406797036528587
837.0 0.9849510155618191
838.0 0.5760625936090946
839.0 0.34965674858540297
840.0 0.14853880275040865
841.0 0.1033314154483378
842.0 0.05151375662535429
843.0 0.03377176763024181
844.0 0.026691070524975657
845.0 1.9645979721510942e-10
846.0 1.9645979721510942e-10
847.0 1.9645979721510942e-10
848.0 1.9645979721510942e-10
849.0 1.9645979721510942e-10
850.0 0.012673478340730071
851.0 1.9645979721510942e-10
852.0 0.001131424869527109
853.0 0.001167791742773261
854.0 0.001204158706968883
855.0 0.0008911330041883048
856.0 0.0005781073923571967
857.0 0.0007134453426260734
858.0 0.0008487829290970694
859.0 0.0005081306881038472
860.0 0.00016747829931773595
861.0 0.0003170880290781497
862.0 0.0004666977019951446
863.0 0.00022768620056012878
864.0 1.9645979721510942e-10
865.0 1.0624039958884168e-05
866.0 3.257324010519369e-05
867.0 7.01114117873658e-05
868.0 0.00010764953231046093
869.0 1.9645979721510942e-10
870.0 1.9645979721510942e-10
871.0 1.9645979721510942e-10
872.0 0.00018211272845292115
873.0 0.00015931125290080672
874.0 0.00013650974324264098
875.0 0.00011335713452353957
876.0 9.020451443575439e-05
877.0 1.9645979721510942e-10
878.0 1.9645979721510942e-10
879.0 1.9645979721510942e-10
880.0 0.00040903096305555664
881.0 0.00017053222336471663
882.0 1.9645979721510942e-10
883.0 0.0001844732764766377
884.0 0.0004369130238046637
885.0 0.00016286721802316606
886.0 1.9645979721510942e-10
887.0 1.041699615456082e-06
888.0 0.0001132620127464179
889.0 1.0053571308787923e-06
890.0 1.9645979721510942e-10
891.0 3.787444313729793e-05
892.0 0.00018700012560657342
893.0 0.00021532241589738987
894.0 0.00024364469481952256
