lsstCam/transmission_filter_detector/r03_s01/i_39/19700101T000000.ecsv
# %ECSV 1.0
# ---
# datatype:
# - {name: wavelength, unit: nm, datatype: float32}
# - {name: efficiency, unit: '%', datatype: float64}
# meta: !!omap
# - {MODE: DETECTOR}
# - {TYPE: transmission_filter_detector}
# - {CALIBDATE: '1970-01-01T00:00:00'}
# - {INSTRUME: LSSTCam}
# - {OBSTYPE: transmission_filter_detector}
# - {CALIBCLS: lsst.ip.isr.IntermediateFilterDetectorTransmissionCurve}
# - {SOURCE: Materion (DM-46256)}
# - {DETECTOR: 19}
# - {FILTER: i_39}
# - {CALIB_ID: 'calibDate=1970-01-01T00:00:00 filter=i_39 detector=19'}
# - {DATE: '2025-04-02T15:59:46.567053'}
# - {CALIB_CREATION_DATE: '2025-04-02'}
# - {CALIB_CREATION_TIME: '15:59:46'}
# - __serialized_columns__:
#     efficiency:
#       __class__: astropy.units.quantity.Quantity
#       unit: !astropy.units.Unit {unit: '%'}
#       value: !astropy.table.SerializedColumn {name: efficiency}
#     wavelength:
#       __class__: astropy.units.quantity.Quantity
#       unit: !astropy.units.Unit {unit: nm}
#       value: !astropy.table.SerializedColumn {name: wavelength}
# schema: astropy-2.0
wavelength efficiency
[from data line 596]
896.0 1.9645979721510942e-10
897.0 1.9645979721510942e-10
898.0 3.720644201621326e-05
899.0 1.9645979721510942e-10
900.0 1.9645979721510942e-10
901.0 1.9645979721510942e-10
902.0 1.9645979721510942e-10
903.0 1.9645979721510942e-10
904.0 1.9645979721510942e-10
905.0 1.9645979721510942e-10
906.0 1.9645979721510942e-10
907.0 8.399716193707718e-05
908.0 0.0002257901996927103
909.0 4.6595442881880444e-05
910.0 1.9645979721510942e-10
911.0 1.9645979721510942e-10
912.0 0.00013056405805400573
913.0 0.0001285922394345107
914.0 0.00012662044355238322
915.0 1.9645979721510942e-10
916.0 1.9645979721510942e-10
917.0 1.9645979721510942e-10
918.0 1.9645979721510942e-10
919.0 1.9645979721510942e-10
920.0 9.418711783837352e-05
921.0 2.19567382941932e-05
922.0 1.9645979721510942e-10
923.0 1.9645979721510942e-10
924.0 1.9645979721510942e-10
925.0 9.202485102832725e-05
926.0 0.0003697062538776663
927.0 1.0846839870737313e-05
928.0 1.9645979721510942e-10
929.0 1.9645979721510942e-10
930.0 0.0002083650542772375
931.0 0.00021734149413532577
932.0 0.0002263179112560465
933.0 0.0001551775426378299
934.0 8.403720244132273e-05
935.0 1.9645979721510942e-10
936.0 1.9645979721510942e-10
937.0 1.9645979721510942e-10
938.0 1.9645979721510942e-10
939.0 1.9645979721510942e-10
940.0 1.9645979721510942e-10
941.0 1.9645979721510942e-10
942.0 1.9645979721510942e-10
943.0 1.9645979721510942e-10
944.0 1.9645979721510942e-10
945.0 1.9645979721510942e-10
946.0 1.9645979721510942e-10
947.0 1.9645979721510942e-10
948.0 1.9645979721510942e-10
949.0 1.9645979721510942e-10
950.0 1.9645979721510942e-10
951.0 1.9645979721510942e-10
952.0 1.9645979721510942e-10
953.0 1.9645979721510942e-10
954.0 1.9645979721510942e-10
955.0 1.7331841206669196e-05
956.0 0.00024360192583117168
957.0 0.00018276851960763452
958.0 0.00012193505654067849
959.0 9.868372217169963e-05
960.0 7.543240485574643e-05
961.0 0.0001607055992280948
962.0 0.0002459787765474175
963.0 0.00011143459914819687
964.0 1.9645979721510942e-10
965.0 1.9645979721510942e-10
966.0 1.9645979721510942e-10
967.0 1.9645979721510942e-10
968.0 1.9645979721510942e-10
969.0 1.9645979721510942e-10
970.0 1.9645979721510942e-10
971.0 1.9645979721510942e-10
972.0 1.9645979721510942e-10
973.0 1.9645979721510942e-10
974.0 1.9645979721510942e-10
975.0 1.9645979721510942e-10
976.0 1.9645979721510942e-10
977.0 1.9645979721510942e-10
978.0 1.9645979721510942e-10
979.0 1.9645979721510942e-10
980.0 1.9645979721510942e-10
981.0 1.9645979721510942e-10
982.0 1.9645979721510942e-10
983.0 1.9645979721510942e-10
984.0 1.9645979721510942e-10
985.0 0.00015039892105050967
986.0 0.00030995681754575344
987.0 4.4386487729752844e-05
988.0 1.9645979721510942e-10
989.0 1.9645979721510942e-10
990.0 1.9645979721510942e-10
991.0 1.9645979721510942e-10
992.0 1.9645979721510942e-10
993.0 1.9645979721510942e-10
994.0 1.9645979721510942e-10
995.0 1.9645979721510942e-10
996.0 1.9645979721510942e-10
997.0 1.7363930737701594e-05
998.0 0.00022582551082450664
999.0 0.00026523978249315405
1000.0 0.00030465398594969884
1001.0 0.00014358248563439702
1002.0 1.9645979721510942e-10
1003.0 1.9645979721510942e-10
1004.0 1.9645979721510942e-10
1005.0 1.9645979721510942e-10
1006.0 1.9645979721510942e-10
1007.0 2.2213102113255445e-05
1008.0 0.00021891364667681046
1009.0 0.00010541683650444611
1010.0 1.9645979721510942e-10
1011.0 6.89307398715755e-05
1012.0 0.00014594140793633414
1013.0 0.0003178811994075659
1014.0 0.0004898210136161651
1015.0 0.00043342370190657675
1016.0 0.000377026458409091
1017.0 0.00044528951548272744
1018.0 0.0005135526862432016
1019.0 0.0003892712356901029
1020.0 0.0002649896714501665
1021.0 0.0002177282567572547
1022.0 0.0001704668534330267
1023.0 0.0005749380306951934
1024.0 0.0009794092875381466
1025.0 0.0006144638518890133
1026.0 0.0002495183935025125
1027.0 0.0003110583293164382
1028.0 0.0003725982878677314
1029.0 0.0008323098882101476
1030.0 0.0012920214430778287
1031.0 0.0018006670870818198
1032.0 0.00230931236728793
1033.0 0.0025109649868682027
1034.0 0.002712617060751654
1035.0 0.0031193285394692793
1036.0 0.0035260396543890238
1037.0 0.0035914359614253044
1038.0 0.0036568319046637043
1039.0 0.0029243419703561813
1040.0 0.002191852399846539
1041.0 0.0017889318769448437
1042.0 0.001386011626891559
1043.0 0.0019175153283867985
1044.0 0.002449018938932568
1045.0 0.002942780702142045
1046.0 0.0034365431929472834
1047.0 0.0036167315556667745
1048.0 0.0037969202821841463
1049.0 0.0031152518204180524
1050.0 0.0024335835405508988
1051.0 0.0025959277991205454
1052.0 0.0027582724214880727
1053.0 0.0018316688510822132
1054.0 0.0009050652806763537
1055.0 0.0008231646461354103
1056.0 0.0007412640115944669
1057.0 0.0007550795999122784
1058.0 0.0007688953701290302
1059.0 0.0007964103133417666
1060.0 0.0008239257113018539
1061.0 0.0016326574041158892
1062.0 0.0024413890059804544
1063.0 0.0025492185159237124
1064.0 0.00265704784396803
1065.0 0.0030947790946811438
1066.0 0.0035325108910910785
1067.0 0.004218186222715303
1068.0 0.004903861918137409
1069.0 0.0038331461837515235
1070.0 0.0027624300855677575
1071.0 0.002601127744128462
1072.0 0.002439825220790226
1073.0 0.0022039552277419716
1074.0 0.001968085234693717
1075.0 0.0021892339646001346
1076.0 0.0024103825126076117
1077.0 0.001649477235332597
1078.0 0.0008885716852091718
1079.0 0.0016106969269458205
1080.0 0.0023328224415308796
1081.0 0.0013697006579604931
1082.0 0.00040657851059222594
1083.0 1.9645979721510942e-10
1084.0 1.9645979721510942e-10
1085.0 0.00010098453913087724
1086.0 0.0006267127446335508
1087.0 0.00027903429327125195
1088.0 1.9645979721510942e-10
1089.0 1.9645979721510942e-10
1090.0 1.9645979721510942e-10
1091.0 1.9645979721510942e-10
1092.0 1.9645979721510942e-10
1093.0 1.9645979721510942e-10
1094.0 0.00021572063815256115
1095.0 0.0003068608521061833
1096.0 0.0003980012934334809
1097.0 1.9645979721510942e-10
1098.0 1.9645979721510942e-10
1099.0 1.9645979721510942e-10
1100.0 0.0009387603313371073
