lsstCam/transmission_filter_detector/r14_s10/g_6/19700101T000000.ecsv
# %ECSV 1.0
# ---
# datatype:
# - {name: wavelength, unit: nm, datatype: float32}
# - {name: efficiency, unit: '%', datatype: float64}
# meta: !!omap
# - {MODE: DETECTOR}
# - {TYPE: transmission_filter_detector}
# - {CALIBDATE: '1970-01-01T00:00:00'}
# - {INSTRUME: LSSTCam}
# - {OBSTYPE: transmission_filter_detector}
# - {CALIBCLS: lsst.ip.isr.IntermediateFilterDetectorTransmissionCurve}
# - {SOURCE: Materion (DM-46256)}
# - {DETECTOR: 66}
# - {FILTER: g_6}
# - {CALIB_ID: 'calibDate=1970-01-01T00:00:00 filter=g_6 detector=66'}
# - {DATE: '2025-04-02T15:59:42.333010'}
# - {CALIB_CREATION_DATE: '2025-04-02'}
# - {CALIB_CREATION_TIME: '15:59:42'}
# - __serialized_columns__:
#     efficiency:
#       __class__: astropy.units.quantity.Quantity
#       unit: !astropy.units.Unit {unit: '%'}
#       value: !astropy.table.SerializedColumn {name: efficiency}
#     wavelength:
#       __class__: astropy.units.quantity.Quantity
#       unit: !astropy.units.Unit {unit: nm}
#       value: !astropy.table.SerializedColumn {name: wavelength}
# schema: astropy-2.0
wavelength efficiency
300.0 0.5118531174957752
301.0 0.3779779188334942
302.0 0.24410269688814878
303.0 0.2174024237319827
304.0 0.190702173858881
305.0 0.19788870122283697
306.0 0.20507522858679295
307.0 0.21391133777797222
308.0 0.22274742368608713
309.0 0.2189922146499157
310.0 0.21523702889680862
311.0 0.21088779903948307
312.0 0.20653861574828625
313.0 0.2014128491282463
314.0 0.196287059225142
315.0 0.1880170195363462
316.0 0.17974701477214694
317.0 0.179400946944952
318.0 0.179054937325418
319.0 0.16365007031708956
320.0 0.14824519166722894
321.0 0.14221039600670338
322.0 0.13617560034617782
323.0 0.1156906713731587
324.0 0.0952057889662683
325.0 0.08647168870083988
326.0 0.07773758843541145
327.0 0.07093746680766344
328.0 0.06413733935914934
329.0 0.06160684279166162
330.0 0.05907634040340781
331.0 0.05470480537042022
332.0 0.05033327033743262
333.0 0.04740240110550076
334.0 0.04447152896318585
335.0 0.04270653298590332
336.0 0.04094153409823775
337.0 0.0419487536419183
338.0 0.042955970275215805
339.0 0.041314688860438764
340.0 0.039673407445661724
341.0 0.03781621053349227
342.0 0.035959016531705856
343.0 0.032363663194701076
344.0 0.02876831276807934
345.0 0.025593306054361165
346.0 0.022418297885451466
347.0 0.021048571215942502
348.0 0.01967884018085897
349.0 0.018145852664019912
350.0 0.7680694106966257
351.0 1.1703203432261944
352.0 0.8050119504332542
353.0 0.8986917324364185
354.0 0.6616140715777874
355.0 0.8666790090501308
356.0 0.6548301782459021
357.0 0.6979164201766253
358.0 0.6462179590016603
359.0 0.8152373135089874
360.0 0.5353322718292475
361.0 0.8000255562365055
362.0 0.5952454637736082
363.0 0.8103786967694759
364.0 0.46760006807744503
365.0 0.8710515685379505
366.0 0.3996448591351509
367.0 0.6678147707134485
368.0 0.47309226356446743
369.0 0.7452256511896849
370.0 0.4238624591380358
371.0 0.5808725021779537
372.0 0.4821875598281622
373.0 0.6919305771589279
374.0 0.4020705819129944
375.0 0.5216557532548904
376.0 0.4044679459184408
377.0 0.4993246402591467
378.0 0.3531547961756587
379.0 0.4921953659504652
380.0 0.3715060418471694
381.0 0.573821971192956
382.0 0.5441904999315739
383.0 0.527558196336031
384.0 0.5238748155534267
385.0 0.5828731693327427
386.0 0.6718505173921585
387.0 0.7136836647987366
388.0 0.8822164498269558
389.0 1.1893403716385365
390.0 1.800035871565342
391.0 2.6772087439894676
392.0 4.265550151467323
393.0 6.786560267210007
394.0 10.23913398385048
395.0 14.867134392261505
396.0 20.66226452589035
397.0 27.906334400177002
398.0 36.420997977256775
399.0 45.69176137447357
400.0 55.146390199661255
401.0 64.16189074516296
402.0 72.45115041732788
403.0 79.48200106620789
404.0 84.6333920955658
405.0 88.51286172866821
406.0 90.63937067985535
407.0 92.4362063407898
408.0 93.37279200553894
409.0 93.9058005809784
410.0 94.0877377986908
411.0 93.99027228355408
412.0 93.59137415885925
413.0 93.37812066078186
414.0 93.20745468139648
415.0 93.36905479431152
416.0 93.68488192558289
417.0 94.05525326728821
418.0 94.58186030387878
419.0 95.14442682266235
420.0 95.67385911941528
421.0 96.2050199508667
422.0 96.34642004966736
423.0 96.60665392875671
424.0 96.39704823493958
425.0 96.30191922187805
426.0 96.26147747039795
427.0 96.3080883026123
428.0 96.090167760849
429.0 95.92845439910889
430.0 95.8115816116333
431.0 95.89495062828064
432.0 95.92512249946594
433.0 96.02540731430054
434.0 96.06069326400757
435.0 96.24807834625244
436.0 96.29624485969543
437.0 96.2591826915741
438.0 96.28932476043701
439.0 96.39084339141846
440.0 96.38710021972656
441.0 96.49902582168579
442.0 96.49425148963928
443.0 96.50151133537292
444.0 96.42809629440308
445.0 96.14909291267395
446.0 95.99105715751648
447.0 95.80318927764893
448.0 95.80666422843933
449.0 95.91743350028992
450.0 96.1774230003357
451.0 96.36865854263306
452.0 96.60993814468384
453.0 96.71769142150879
454.0 96.77770733833313
455.0 97.12109565734863
456.0 97.19520807266235
457.0 97.28806018829346
458.0 97.31320142745972
459.0 97.36770391464233
460.0 97.37900495529175
461.0 97.49596118927002
462.0 97.4303662776947
463.0 97.3301887512207
464.0 97.45815396308899
465.0 97.35286235809326
466.0 97.33220934867859
467.0 97.32836484909058
468.0 97.36002683639526
469.0 97.43037819862366
470.0 97.26049900054932
471.0 97.18143939971924
472.0 97.22087979316711
473.0 97.11858034133911
474.0 97.01129794120789
475.0 97.07704186439514
476.0 97.0861554145813
477.0 97.1707820892334
478.0 97.1829354763031
479.0 97.18192219734192
480.0 97.35674262046814
481.0 97.4513053894043
482.0 97.62470722198486
483.0 97.505122423172
484.0 97.70225882530212
485.0 97.77783751487732
486.0 97.76336550712585
487.0 97.82155156135559
488.0 97.83717393875122
489.0 97.95101881027222
490.0 97.86211848258972
491.0 97.90555238723755
492.0 97.81023263931274
493.0 97.81770706176758
494.0 97.82103896141052
495.0 97.87492156028748
496.0 97.70047068595886
497.0 97.64488935470581
498.0 97.40977883338928
499.0 97.47549295425415
500.0 97.39053249359131
501.0 97.3608136177063
502.0 97.30829000473022
503.0 97.44787812232971
504.0 97.25793600082397
505.0 97.2667396068573
506.0 97.27848768234253
507.0 97.23692536354065
508.0 97.26787805557251
509.0 97.26336002349854
510.0 97.20313549041748
511.0 97.24816083908081
512.0 97.11306095123291
513.0 97.2037136554718
514.0 97.17373251914978
515.0 97.23175168037415
516.0 97.27619886398315
517.0 97.27343916893005
518.0 97.3828136920929
519.0 97.36612439155579
520.0 97.41718769073486
521.0 97.55222201347351
522.0 97.51047492027283
523.0 97.4963903427124
524.0 97.50075936317444
525.0 97.45845794677734
526.0 97.59330749511719
527.0 97.54083752632141
528.0 97.65080213546753
529.0 97.74137139320374
530.0 97.72358536720276
531.0 97.85358309745789
532.0 97.76972532272339
533.0 97.75928258895874
534.0 97.75147438049316
535.0 97.58569598197937
536.0 97.27020859718323
537.0 96.71067595481873
538.0 95.93198299407959
539.0 94.59093809127808
540.0 92.87841320037842
541.0 90.28503894805908
542.0 87.54726052284241
543.0 83.89158248901367
544.0 79.28962111473083
545.0 75.21017789840698
546.0 70.2379047870636
547.0 65.6414806842804
548.0 61.12728714942932
549.0 57.04434514045715
550.0 53.933554887771606
551.0 50.87501406669617
552.0 48.55789244174957
553.0 46.087026596069336
554.0 43.244969844818115
555.0 40.06137251853943
556.0 35.752102732658386
557.0 30.78327178955078
558.0 25.31954050064087
559.0 19.92056369781494
560.0 14.76173996925354
561.0 9.967521578073502
562.0 6.385102868080139
563.0 3.715572878718376
564.0 2.0480098202824593
565.0 0.9864228777587414
566.0 0.5226883571594954
567.0 0.2707042032852769
568.0 0.17240429297089577
569.0 0.09399046539328992
570.0 0.08100062259472907
571.0 0.051575154066085815
572.0 0.06064256886020303
573.0 0.03858660056721419
574.0 0.04029884294141084
575.0 0.03130408586002886
576.0 0.03410151693969965
577.0 0.01922479714266956
578.0 0.026557786623016
579.0 0.024663147632963955
580.0 0.027333779144100845
581.0 0.02450939209666103
582.0 0.025083051878027618
583.0 0.021404947619885206
584.0 0.028022369951941073
585.0 0.014276221918407828
586.0 0.022522095241583884
587.0 0.017329779802821577
588.0 0.022041879128664732
589.0 0.012434246309567243
590.0 0.020064658019691706
591.0 0.012719906226266176
592.0 0.02282870264025405
593.0 0.013100360229145736
594.0 0.0151406682562083
595.0 0.011617500422289595
596.0 0.007184573041740805
597.0 0.010357218707213178
598.0 0.012306355347391218
599.0 0.0027871386919287033
600.0 0.005776456600870006
601.0 0.002437796320009511
602.0 0.0024706778276595287
603.0 0.0025035589715116657
604.0 0.002248817509098444
605.0 0.001994075864786282
606.0 0.0020187691916362382
607.0 0.0020434625184861943
608.0 0.0019004026398761198
609.0 0.0017573427612660453
610.0 0.0018488515706849284
611.0 0.001940360016305931
612.0 0.0018349121091887355
613.0 0.0017294643839704804
614.0 0.0017735283108777367
615.0 0.001817592783481814
616.0 0.0019254506696597673
617.0 0.0020333083739387803
618.0 0.0018517102944315411
619.0 0.001670112214924302
620.0 0.0016077596228569746
621.0 0.0015454070307896473
622.0 0.001460810744902119
623.0 0.0013762141861661803
624.0 0.001410340155416634
625.0 0.0014444660337176174
626.0 0.001357457585982047
627.0 0.0012704494110948872
628.0 0.0013662155652127694
629.0 0.0014619822650274727
630.0 0.001351461287413258
631.0 0.001240940127900103
632.0 0.0013435446817311458
633.0 0.0014461490536632482
634.0 0.0013871290320821572
635.0 0.0013281086467031855
636.0 0.0013482166650646832
637.0 0.001368325229123002
638.0 0.0012276794222998433
639.0 0.0010870336154766846
640.0 0.001073583734978456
641.0 0.001060133672581287
642.0 0.001284237441723235
643.0 0.0015083413927641232
644.0 0.0013854049939254764
645.0 0.001262468231288949
646.0 0.0012184837942186277
647.0 0.0011744994480977766
648.0 0.001109364802687196
649.0 0.0010442299753776751
650.0 0.0012597979548445437
651.0 0.0014753654795640614
652.0 0.0011940658623643685
653.0 0.0009127662451646756
654.0 0.0010743087841547094
655.0 0.0012358515050436836
656.0 0.0011926100341952406
657.0 0.0011493685633467976
658.0 0.0010255454071739223
659.0 0.0009017226147989277
660.0 0.000877481943462044
661.0 0.0008532412721251603
662.0 0.0009812558346311562
663.0 0.0011092706699855626
664.0 0.0011556454410310835
665.0 0.0012020199392281938
666.0 0.0011343913683958817
667.0 0.0010667623428162187
668.0 0.0011509906471474096
669.0 0.0012352189514786005
670.0 0.0012072204299329314
671.0 0.0011792219083872624
672.0 0.0011985161108896136
673.0 0.0012178100405435544
674.0 0.0011601347978285048
675.0 0.0011024595551134553
676.0 0.0010364162335463334
677.0 0.0009703727300802711
678.0 0.0010714073141571134
679.0 0.001172441989183426
680.0 0.0010442518032505177
681.0 0.0009160614354186691
682.0 0.0010140596714336425
683.0 0.0011120578164991457
684.0 0.0009399463124282192
685.0 0.0007678346264583524
686.0 0.0009679399227024987
687.0 0.0011680451279971749
688.0 0.0011493130841699895
689.0 0.0011305811312922742
690.0 0.001021750176732894
691.0 0.000912919313122984
692.0 0.000922854906093562
693.0 0.0009327907719125506
694.0 0.001009432253340492
695.0 0.0010860737347684335
696.0 0.0011208426258235704
697.0 0.0011556112440302968
698.0 0.001259340024262201
699.0 0.0013630688044941053
700.0 0.0011409170838305727
701.0 0.0009187652722175699
702.0 0.001085572330339346
703.0 0.0012523792975116521
704.0 0.0012492101632233243
705.0 0.001246040756086586
706.0 0.0011669651939882897
707.0 0.0010878899047384039
708.0 0.0010702591680455953
709.0 0.001052628613251727
710.0 0.001146141585195437
711.0 0.0012396549209370278
712.0 0.0011581307262531482
713.0 0.0010766064406197984
714.0 0.0011425103366491385
715.0 0.0012084145055268891
716.0 0.0014130709132587072
717.0 0.001617727684788406
718.0 0.0018816941519617103
719.0 0.0021456606191350147
720.0 0.0017795206076698378
721.0 0.001413380687154131
722.0 0.0015448884369106963
723.0 0.0016763968233135529
724.0 0.0016292087821057066
725.0 0.0015820209227968007
726.0 0.001758751750458032
727.0 0.0019354827600182034
728.0 0.002010402204177808
729.0 0.0020853216483374126
730.0 0.002019794555963017
731.0 0.001954267645487562
732.0 0.0018840417396859266
733.0 0.001813816197682172
734.0 0.0016107389456010424
735.0 0.0014076619663683232
736.0 0.001239121047547087
737.0 0.0010705799468269106
738.0 0.0010539815775700845
739.0 0.0010373832083132584
740.0 0.0008907629307941534
741.0 0.0007441424259013729
742.0 0.0007732379344815854
743.0 0.000802333488536533
744.0 0.0008797758709988557
745.0 0.0009572185263095889
746.0 0.0009960147508536465
747.0 0.0010348111572966445
748.0 0.001157689439423848
749.0 0.0012805679034499917
750.0 0.0010764499165816233
751.0 0.0008723322025616653
752.0 0.0007460869255737634
753.0 0.0006198418304848019
754.0 0.0007698270565015264
755.0 0.0009198122825182509
756.0 0.0009058217983692884
757.0 0.0008918311323213857
758.0 0.0008796078873274382
759.0 0.0008673849151819013
760.0 0.000693515994498739
761.0 0.0005196470738155767
762.0 0.0006202360964380205
763.0 0.000720825028110994
764.0 0.0008654029443277977
765.0 0.001009981133393012
766.0 0.000814909981272649
767.0 0.0006198389655764913
768.0 0.000569213852941175
769.0 0.0005185886493563885
770.0 0.0004140553301112959
771.0 0.0003095220336035709
772.0 0.0005512988082045922
773.0 0.0007930757419671863
774.0 0.0008927236194722354
775.0 0.0009923715879267547
776.0 0.0008804574463283643
777.0 0.0007685431228310335
778.0 0.0007324331363633974
779.0 0.0006963232408452313
780.0 0.0006597321771550924
781.0 0.0006231411134649534
782.0 0.0005951600996922934
783.0 0.0005671789494954282
784.0 0.0007207908765849425
785.0 0.0008744027581997216
786.0 0.0007918452865851577
787.0 0.0007092881787684746
788.0 0.0004300522050471045
789.0 0.00015081633364388836
790.0 0.00017334889435005607
791.0 0.00019588142095017247
792.0 0.0002650583155627828
793.0 0.00033423521017539315
794.0 0.00028484528229455464
795.0 0.00023545533167634858
796.0 0.0003487974481686251
797.0 0.0004621395419235341
798.0 0.0005057648195361253
799.0 0.0005493901880981866
800.0 0.000547299941899837
801.0 0.0005452098321256926
802.0 0.0004604526566254208
803.0 0.0003756956175493542
804.0 0.00032426360121462494
805.0 0.0002728316985667334
806.0 0.00029810578325850656
807.0 0.0003233799134250148
808.0 0.0003822310645773541
809.0 0.00044108223846706096
810.0 0.0003537799557307153
811.0 0.00026647767299436964
812.0 0.0003082538796661538
813.0 0.00035003001812583534
814.0 0.00034790255085681565
815.0 0.00034577508358779596
816.0 0.000502321472595213
817.0 0.0006588677933905274
818.0 0.000455737881566165
819.0 0.00025260796974180266
820.0 0.0003962501978094224
821.0 0.0005398923349275719
822.0 0.0004493466349231312
823.0 0.00035880086670658784
824.0 0.0004419868673721794
825.0 0.0005251727543509332
826.0 0.0005830926056660246
827.0 0.0006410123660316458
828.0 0.0005589537522610044
829.0 0.00047689509301562794
830.0 0.0004175507456238847
831.0 0.0003582063527574064
832.0 0.0005242209226707928
833.0 0.0006902353561599739
834.0 0.0005413787675934145
835.0 0.00039252213355212007
836.0 0.0004423477548698429
837.0 0.0004921734671370359
838.0 0.0005233354386291467
839.0 0.0005544974101212574
840.0 0.0005969744961475953
841.0 0.0006394514912244631
842.0 0.0003335878318466712
843.0 2.7724036044673994e-05
844.0 8.074718493844557e-05
845.0 0.00013377032246353338
846.0 0.00041430521378060803
847.0 0.0006948402187845204
848.0 0.0005926347967033507
849.0 0.0004904294655716512
850.0 0.0004922966581943911
851.0 0.0004941638508171309
852.0 0.0005796543973701773
853.0 0.0006651445801253431
854.0 0.000644511055725161
855.0 0.0006238773949007737
856.0 0.0006084768756409176
857.0 0.0005930764018557966
858.0 0.0005658093868987635
859.0 0.0005385423719417304
860.0 0.00052321402108646
861.0 0.0005078856247564545
862.0 0.0005002561465516919
863.0 0.0004926266683469294
864.0 0.00043391323742980603
865.0 0.00037519982925005024
866.0 0.0004157689545536414
867.0 0.00045633814806933515
868.0 0.0006280019533733139
869.0 0.0007996658496267628
870.0 0.0006497607046185294
871.0 0.0004998554231860908
872.0 0.0004272325895726681
873.0 0.0003546096195350401
874.0 0.0004184063072898425
875.0 0.00048220304051938
876.0 0.0005976538886898197
877.0 0.0007131047368602594
878.0 0.0007154066679504467
879.0 0.0007177085535658989
880.0 0.000677562502460205
881.0 0.0006374167242029216
882.0 0.0005387440523918485
883.0 0.0004400716079544509
884.0 0.0004942119630868547
885.0 0.0005483525455929339
886.0 0.0006543579729623161
887.0 0.0007603636277053738
888.0 0.0006179490355862072
889.0 0.0004755345798912458
890.0 0.0005123473329149419
891.0 0.0005491602223628433
892.0 0.0005235927346802782
893.0 0.0004980252924724482
894.0 0.00048418310143460985
895.0 0.0004703409103967715
896.0 0.00030966971280577127
897.0 0.00014899850384608726
898.0 0.00030857379442750243
899.0 0.00046814907364023384
900.0 0.0004288830950827105
901.0 0.00038961707105045207
902.0 0.0005664901436830405
903.0 0.000743363216315629
904.0 0.0004132790763833327
905.0 8.319490234498517e-05
906.0 0.0003225219188607298
907.0 0.0005618489012704231
