lsstCam/transmission_filter_detector/r14_s10/g_6/19700101T000000.ecsv
# %ECSV 1.0
# ---
# datatype:
# - {name: wavelength, unit: nm, datatype: float32}
# - {name: efficiency, unit: '%', datatype: float64}
# meta: !!omap
# - {MODE: DETECTOR}
# - {TYPE: transmission_filter_detector}
# - {CALIBDATE: '1970-01-01T00:00:00'}
# - {INSTRUME: LSSTCam}
# - {OBSTYPE: transmission_filter_detector}
# - {CALIBCLS: lsst.ip.isr.IntermediateFilterDetectorTransmissionCurve}
# - {SOURCE: Materion (DM-46256)}
# - {DETECTOR: 66}
# - {FILTER: g_6}
# - {CALIB_ID: 'calibDate=1970-01-01T00:00:00 filter=g_6 detector=66'}
# - {DATE: '2025-04-02T15:59:42.333010'}
# - {CALIB_CREATION_DATE: '2025-04-02'}
# - {CALIB_CREATION_TIME: '15:59:42'}
# - __serialized_columns__:
#     efficiency:
#       __class__: astropy.units.quantity.Quantity
#       unit: !astropy.units.Unit {unit: '%'}
#       value: !astropy.table.SerializedColumn {name: efficiency}
#     wavelength:
#       __class__: astropy.units.quantity.Quantity
#       unit: !astropy.units.Unit {unit: nm}
#       value: !astropy.table.SerializedColumn {name: wavelength}
# schema: astropy-2.0
wavelength efficiency
[from data line 609]
909.0 0.0003835665665974375
910.0 0.00035885391298506875
911.0 0.0003341413048474351
912.0 0.0004239594090904575
913.0 0.00051377760428295
914.0 0.0003605240408433019
915.0 0.00020727050014102133
916.0 0.00019293167952127988
917.0 0.00017859283616417088
918.0 0.00024647326881677145
919.0 0.000314353701469372
920.0 0.0003572939931473229
921.0 0.0004002342848252738
922.0 0.0005220251296123024
923.0 0.000643815974399331
924.0 0.0005848680757480906
925.0 0.000525920040672645
926.0 0.0005662531748384936
927.0 0.0006065864454285474
928.0 0.0005458099167299224
929.0 0.00048503347898076754
930.0 0.0005235204298514873
931.0 0.0005620074261969421
932.0 0.000491173204864026
933.0 0.0004203390290058451
934.0 0.00044238045120437164
935.0 0.0004644218734028982
936.0 0.0004830156740354141
937.0 0.00050160947466793
938.0 0.0006367964942910476
939.0 0.00077198346843943
940.0 0.0006632271833950654
941.0 0.0005544707619264955
942.0 0.0007078480393829523
943.0 0.0008612253623141441
944.0 0.0007531926712545101
945.0 0.0006451598892454058
946.0 0.000560830085305497
947.0 0.0004765002358908532
948.0 0.0007913829904282466
949.0 0.0011062658813898452
950.0 0.0009861457328952383
951.0 0.0008660256753501017
952.0 0.0008859222361934371
953.0 0.0009058187060873024
954.0 0.0008443788829026744
955.0 0.0007829391506675165
956.0 0.0006647440841334173
957.0 0.0005465487902256427
958.0 0.0006933626536920201
959.0 0.0008401764716836624
960.0 0.0006429414952435764
961.0 0.00044570633690454997
962.0 0.00048615129344398156
963.0 0.000526596159033943
964.0 0.0006357032361847814
965.0 0.0007448101769114146
966.0 0.0007861742233217228
967.0 0.0008275383152067661
968.0 0.0007554972853540676
969.0 0.0006834563009761041
970.0 0.0007018007181613939
971.0 0.0007201451353466837
972.0 0.0008031532161112409
973.0 0.0008861613423505332
974.0 0.0008171383342414629
975.0 0.000748115553506068
976.0 0.0007911892680567689
977.0 0.0008342633009306155
978.0 0.0009212691111315507
979.0 0.0010082748303830158
980.0 0.001001486543827923
981.0 0.0009946983482223004
982.0 0.0009345301805296913
983.0 0.000874361921887612
984.0 0.000877445017977152
985.0 0.0008805282959656324
986.0 0.0010621196452120785
987.0 0.0012437109035090543
988.0 0.0013183936971472576
989.0 0.0013930761269875802
990.0 0.0014452374671236612
991.0 0.0014973988072597422
992.0 0.0014771609130548313
993.0 0.0014569232007488608
994.0 0.0014220428965927567
995.0 0.0013871626833861228
996.0 0.0013020461665291805
997.0 0.001216929558722768
998.0 0.0013414001841738354
999.0 0.001465870809624903
1000.0 0.0013969284736958798
1001.0 0.0013279856830195058
1002.0 0.001209226502396632
1003.0 0.001090467230824288
1004.0 0.0011030946552637033
1005.0 0.001115721715905238
1006.0 0.0013452141502057202
1007.0 0.0015747065845062025
1008.0 0.001578964111104142
1009.0 0.0015832221833989024
1010.0 0.0017245534763787873
1011.0 0.0018658849512576126
1012.0 0.0019757921108976007
1013.0 0.0020856992705375887
1014.0 0.002109838715114165
1015.0 0.0021339787053875625
1016.0 0.002501522612874396
1017.0 0.002869067066058051
1018.0 0.0030760205845581368
1019.0 0.0032829739211592823
1020.0 0.003301505057606846
1021.0 0.00332003619405441
1022.0 0.0036259407352190465
1023.0 0.0039318460039794445
1024.0 0.004056329271406867
1025.0 0.004180812538834289
1026.0 0.004337884820415638
1027.0 0.004494956374401227
1028.0 0.004504999378696084
1029.0 0.004515042382990941
1030.0 0.004702695878222585
1031.0 0.004890348645858467
1032.0 0.00526078074472025
1033.0 0.005631212479784153
1034.0 0.005403767136158422
1035.0 0.005176322156330571
1036.0 0.005343559678294696
1037.0 0.005510797200258821
1038.0 0.005742440407630056
1039.0 0.005974083615001291
1040.0 0.0063941894040908664
1041.0 0.0068142944655846804
1042.0 0.007019702752586454
1043.0 0.0072251103119924664
1044.0 0.007434610597556457
1045.0 0.0076441094279289246
1046.0 0.008616394916316494
1047.0 0.009588679677108303
1048.0 0.011119031114503741
1049.0 0.012649380369111896
1050.0 0.01512625312898308
1051.0 0.01760312297847122
1052.0 0.021156275761313736
1053.0 0.024709434364922345
1054.0 0.029592294595204294
1055.0 0.03447515482548624
1056.0 0.04138416552450508
1057.0 0.04829316458199173
1058.0 0.05600422155112028
1059.0 0.0637152639683336
1060.0 0.07111973827704787
1061.0 0.07852418348193169
1062.0 0.08560263668186963
1063.0 0.0926810665987432
1064.0 0.09791816119104624
1065.0 0.10315523250028491
1066.0 0.10818911250680685
1067.0 0.11322299251332879
1068.0 0.11950547341257334
1069.0 0.12578798923641443
1070.0 0.13550673611462116
1071.0 0.1452254829928279
1072.0 0.15822892310097814
1073.0 0.17123233992606401
1074.0 0.18546601058915257
1075.0 0.19969975110143423
1076.0 0.21365743596106768
1077.0 0.22761509753763676
1078.0 0.24207048118114471
1079.0 0.2565257949754596
1080.0 0.27404073625802994
1081.0 0.29155565425753593
1082.0 0.31914960127323866
1083.0 0.3467435948550701
1084.0 0.38533664774149656
1085.0 0.42392974719405174
1086.0 0.4591921344399452
1087.0 0.49445456825196743
1088.0 0.5583521910011768
1089.0 0.622249860316515
1090.0 0.6993478164076805
1091.0 0.776445772498846
1092.0 0.8059792220592499
1093.0 0.8355122990906239
1094.0 0.8719002828001976
1095.0 0.9082878939807415
1096.0 0.9520529769361019
1097.0 0.9958180598914623
1098.0 1.0152648203074932
1099.0 1.034711766988039
1100.0 1.190251111984253
1101.0 1.345789898186922
