lsstCam/transmission_filter_detector/r11_s20/r_57/19700101T000000.ecsv
# %ECSV 1.0
# ---
# datatype:
# - {name: wavelength, unit: nm, datatype: float32}
# - {name: efficiency, unit: '%', datatype: float64}
# meta: !!omap
# - {MODE: DETECTOR}
# - {TYPE: transmission_filter_detector}
# - {CALIBDATE: '1970-01-01T00:00:00'}
# - {INSTRUME: LSSTCam}
# - {OBSTYPE: transmission_filter_detector}
# - {CALIBCLS: lsst.ip.isr.IntermediateFilterDetectorTransmissionCurve}
# - {SOURCE: Materion (DM-46256)}
# - {DETECTOR: 42}
# - {FILTER: r_57}
# - {CALIB_ID: 'calibDate=1970-01-01T00:00:00 filter=r_57 detector=42'}
# - {DATE: '2025-04-02T15:59:44.380061'}
# - {CALIB_CREATION_DATE: '2025-04-02'}
# - {CALIB_CREATION_TIME: '15:59:44'}
# - __serialized_columns__:
#     efficiency:
#       __class__: astropy.units.quantity.Quantity
#       unit: !astropy.units.Unit {unit: '%'}
#       value: !astropy.table.SerializedColumn {name: efficiency}
#     wavelength:
#       __class__: astropy.units.quantity.Quantity
#       unit: !astropy.units.Unit {unit: nm}
#       value: !astropy.table.SerializedColumn {name: wavelength}
# schema: astropy-2.0
wavelength efficiency
[from data line 603]
903.0 1.597903558601954e-10
904.0 1.597903558601954e-10
905.0 2.9443779681059823e-05
906.0 1.597903558601954e-10
907.0 1.597903558601954e-10
908.0 1.597903558601954e-10
909.0 1.597903558601954e-10
910.0 1.597903558601954e-10
911.0 1.597903558601954e-10
912.0 1.597903558601954e-10
913.0 1.597903558601954e-10
914.0 4.6782254514710075e-06
915.0 6.083472499085474e-05
916.0 4.829278736906417e-05
917.0 3.5750869642470207e-05
918.0 8.136723295137926e-05
919.0 0.00012698355931206606
920.0 2.2711573421929643e-05
921.0 1.597903558601954e-10
922.0 7.135648729672539e-05
923.0 0.00022427341264119605
924.0 0.00020940055946994107
925.0 0.0001945277062986861
926.0 0.00016930890751609695
927.0 0.00014409012010219158
928.0 0.00018773616830003448
929.0 0.0002313822051291936
930.0 0.0002498152070984361
931.0 0.0002682482318050461
932.0 0.0001087338773686497
933.0 1.597903558601954e-10
934.0 8.878567427927919e-05
935.0 0.00022835174604551867
936.0 0.0002187398195019341
937.0 0.000209127870220982
938.0 0.00027613332349574193
939.0 0.00034313882224523695
940.0 0.00032480936624779133
941.0 0.0003064799102503457
942.0 0.0003398693934286712
943.0 0.00037325887660699664
944.0 0.0003533777089614887
945.0 0.00033349656405334827
946.0 0.00033115450150944525
947.0 0.0003288124162281747
948.0 0.00044960847844777163
949.0 0.0005704046088794712
950.0 0.0005554434210353065
951.0 0.0005404822331911419
952.0 0.0006713060429319739
953.0 0.0008021299436222762
954.0 0.001136473747465061
955.0 0.0014708178241562564
956.0 0.0015304462067433633
957.0 0.0015900746802799404
958.0 0.001711803997750394
959.0 0.0018335336790187284
960.0 0.0019508417608449236
961.0 0.002068150024570059
962.0 0.002240729190816637
963.0 0.0024133085389621556
964.0 0.0024600460164947435
965.0 0.002506783312128391
966.0 0.0025064695364562795
967.0 0.0025061555788852274
968.0 0.0025056211597984657
969.0 0.0025050871045095846
970.0 0.002546740142861381
971.0 0.0025883929993142374
972.0 0.0026397392502985895
973.0 0.00269108477368718
974.0 0.0028951959393452853
975.0 0.00309930692310445
976.0 0.0031978714105207473
977.0 0.003296435170341283
978.0 0.0031593208404956385
979.0 0.0030222066925489344
980.0 0.0029521255783038214
981.0 0.0028820444640587084
982.0 0.0029724584237555973
983.0 0.003062872201553546
984.0 0.0030174904168234207
985.0 0.002972108450194355
986.0 0.0028760867280652747
987.0 0.002780064824037254
988.0 0.0026084439014084637
989.0 0.0024368233425775543
990.0 0.002469816172379069
991.0 0.0025028090021805838
992.0 0.0025420147721888497
993.0 0.0025812209059949964
994.0 0.002657964978425298
995.0 0.0027347086870577186
996.0 0.002809078068821691
997.0 0.0028834470867877826
998.0 0.0030411709303734824
999.0 0.003198894773959182
1000.0 0.003308250234113075
1001.0 0.0034176056942669675
1002.0 0.0036074583476874977
1003.0 0.0037973113649059087
1004.0 0.003915948764188215
1005.0 0.004034586163470522
1006.0 0.00421647127950564
1007.0 0.00439835675933864
1008.0 0.004295871258364059
1009.0 0.004193385757389478
1010.0 0.00420928408857435
1011.0 0.004225182419759221
1012.0 0.0041756353311939165
1013.0 0.004126087878830731
1014.0 0.003896261114277877
1015.0 0.003666434349725023
1016.0 0.003468229260761291
1017.0 0.0032700241717975587
1018.0 0.0028994005333515815
1019.0 0.0025287774406024255
1020.0 0.002171367668779567
1021.0 0.0018139580788556486
1022.0 0.001600996620254591
1023.0 0.0013880345250072423
1024.0 0.0014244356862036511
1025.0 0.0014608371202484705
1026.0 0.001357564269710565
1027.0 0.0012542912372737192
1028.0 0.0011591127986321226
1029.0 0.0010639340871421155
1030.0 0.0009781253538676538
1031.0 0.0008923159839469008
1032.0 0.000918307250685757
1033.0 0.0009442983355256729
1034.0 0.0008538590009266045
1035.0 0.0007634194844285958
1036.0 0.0008068885108514223
1037.0 0.0008503571734763682
1038.0 0.0007886092134867795
1039.0 0.0007268612989719259
1040.0 0.0007963803000166081
1041.0 0.0008658993465360254
1042.0 0.000924930463952478
1043.0 0.00098396121757105
1044.0 0.0008733934919291642
1045.0 0.0007628260391356889
1046.0 0.0008540280759916641
1047.0 0.0009452303856960498
1048.0 0.0007840107173251454
1049.0 0.0006227910034795059
1050.0 0.00059636131481966
1051.0 0.0005699315806850791
1052.0 0.0008728253305889666
1053.0 0.001175718534796033
1054.0 0.0009801993655855767
1055.0 0.0007846799235267099
1056.0 0.0009086714271688834
1057.0 0.0010326632036594674
1058.0 0.0008905433787731454
1059.0 0.0007484235993615584
1060.0 0.0010393325283075683
1061.0 0.001330240866082022
1062.0 0.0014209451364877168
1063.0 0.0015116494068934117
1064.0 0.0011159685527672991
1065.0 0.000720287425792776
1066.0 0.0011367709703336004
1067.0 0.0015532545148744248
1068.0 0.0018445169189362787
1069.0 0.0021357787773013115
1070.0 0.0016807036445243284
1071.0 0.0012256286026968155
1072.0 0.0013401680007518735
1073.0 0.0014547075807058718
1074.0 0.0021092439055792056
1075.0 0.0027637801395030692
1076.0 0.0030826267902739346
1077.0 0.0034014734410448
1078.0 0.003959732930525206
1079.0 0.004517992783803493
1080.0 0.00431336484325584
1081.0 0.004108736175112426
1082.0 0.003990352342952974
1083.0 0.0038719688745914027
1084.0 0.00459959264844656
1085.0 0.005327216422301717
1086.0 0.005305233571561985
1087.0 0.005283250720822252
1088.0 0.005154811879037879
1089.0 0.005026373401051387
1090.0 0.0047475972678512335
1091.0 0.004468820770853199
1092.0 0.004021422864752822
1093.0 0.003574024958652444
1094.0 0.0037881141906837
1095.0 0.004002203058917075
1096.0 0.0033469583286205307
1097.0 0.002691713598323986
1098.0 0.001953526953002438
1099.0 0.0012153404895798303
1100.0 0.0011568939953576773
1101.0 0.0010984470463881735
