lsstCam/transmission_filter_detector/r11_s20/r_57/19700101T000000.ecsv
# %ECSV 1.0
# ---
# datatype:
# - {name: wavelength, unit: nm, datatype: float32}
# - {name: efficiency, unit: '%', datatype: float64}
# meta: !!omap
# - {MODE: DETECTOR}
# - {TYPE: transmission_filter_detector}
# - {CALIBDATE: '1970-01-01T00:00:00'}
# - {INSTRUME: LSSTCam}
# - {OBSTYPE: transmission_filter_detector}
# - {CALIBCLS: lsst.ip.isr.IntermediateFilterDetectorTransmissionCurve}
# - {SOURCE: Materion (DM-46256)}
# - {DETECTOR: 42}
# - {FILTER: r_57}
# - {CALIB_ID: 'calibDate=1970-01-01T00:00:00 filter=r_57 detector=42'}
# - {DATE: '2025-04-02T15:59:44.380061'}
# - {CALIB_CREATION_DATE: '2025-04-02'}
# - {CALIB_CREATION_TIME: '15:59:44'}
# - __serialized_columns__:
#     efficiency:
#       __class__: astropy.units.quantity.Quantity
#       unit: !astropy.units.Unit {unit: '%'}
#       value: !astropy.table.SerializedColumn {name: efficiency}
#     wavelength:
#       __class__: astropy.units.quantity.Quantity
#       unit: !astropy.units.Unit {unit: nm}
#       value: !astropy.table.SerializedColumn {name: wavelength}
# schema: astropy-2.0
wavelength efficiency
300.0 0.001765811612131074
301.0 0.0050330778321949765
302.0 0.008300344052258879
303.0 0.010650944022927433
304.0 0.013001542538404465
305.0 0.011875503696501255
306.0 0.010749464127002284
307.0 0.009143559145741165
308.0 0.007537654892075807
309.0 0.006790130282752216
310.0 0.006042604582034983
311.0 0.0056074441090459
312.0 0.00517228472745046
313.0 0.004966189226252027
314.0 0.004760095180245116
315.0 0.004510642611421645
316.0 0.004261190406396054
317.0 0.004187539525446482
318.0 0.004113887916901149
319.0 0.003769336035475135
320.0 0.003424785245442763
321.0 0.0031390725780511275
322.0 0.002853359364962671
323.0 0.002589745054137893
324.0 0.002326130743313115
325.0 0.0022733467631042004
326.0 0.0022205626009963453
327.0 0.0023419950593961403
328.0 0.0024634276996948756
329.0 0.0024872011636034586
330.0 0.002510974445613101
331.0 0.0023235004846355878
332.0 0.0021360265236580744
333.0 0.00191891140275402
334.0 0.0017017962818499655
335.0 0.0014838662536931224
336.0 0.0012659363164857496
337.0 0.001192333184008021
338.0 0.0011187300515302923
339.0 0.0010331335943192244
340.0 0.0009475372280576266
341.0 0.000940338122745743
342.0 0.0009331391083833296
343.0 0.0008659943887323607
344.0 0.0007988496690813918
345.0 0.000796016047388548
346.0 0.0007931824256957043
347.0 0.0008079178769548889
348.0 0.0008226532372646034
349.0 0.0007984822332218755
350.0 0.0056748962379060686
351.0 0.00587790236750152
352.0 0.006080908497096971
353.0 0.005231676550465636
354.0 0.004382445331430063
355.0 0.004835675281356089
356.0 0.005288906322675757
357.0 0.006491343810921535
358.0 0.007693781662965193
359.0 0.0060913913330296054
360.0 0.0044890010030940175
361.0 0.0029263905162224546
362.0 0.0013637800293508917
363.0 0.0026623632948030718
364.0 0.003960946196457371
365.0 0.003854521128232591
366.0 0.0037480960600078106
367.0 0.002775035136437509
368.0 0.0018019742128672078
369.0 0.0015013783013273496
370.0 0.001200782662635902
371.0 0.0017789181583793834
372.0 0.0023570539269712754
373.0 0.002853539444913622
374.0 0.0033500247809570283
375.0 0.0028749407647410408
376.0 0.002399857112322934
377.0 0.001235393574461341
378.0 7.093044587236363e-05
379.0 0.0009059981493919622
380.0 0.0017410658983862959
381.0 0.0024324081095983274
382.0 0.00312375086650718
383.0 0.0030710576538695022
384.0 0.003018364623130765
385.0 0.004119596997043118
386.0 0.005220828461460769
387.0 0.00462674033769872
388.0 0.004032651850138791
389.0 0.0035186607419745997
390.0 0.0030046687243157066
391.0 0.0021280207874951884
392.0 0.0012513726687757298
393.0 0.001395147955918219
394.0 0.0015389228792628273
395.0 0.0010659573490556795
396.0 0.0005929917733737966
397.0 0.0006038102583261207
398.0 0.0006146291070763255
399.0 0.0006024426511430647
400.0 0.000590255694987718
401.0 0.00016282434671666124
402.0 1.597903558601954e-10
403.0 8.508101814186375e-05
404.0 0.00043476993596414104
405.0 0.0009003277227748185
406.0 0.0013658851457876153
407.0 0.001875535599538125
408.0 0.002385185689490754
409.0 0.001853733010648284
410.0 0.0013222801499068737
411.0 0.0009351721928396728
412.0 0.000548064326721942
413.0 0.000678916285323794
414.0 0.0008097683348751161
415.0 0.0007669301339774393
416.0 0.0007240923878271133
417.0 0.0013133274478605017
418.0 0.0019025630535907112
419.0 0.0023106504158931784
420.0 0.0027187375962967053
421.0 0.004058781996718608
422.0 0.00539882603334263
423.0 0.008282957423944026
424.0 0.011167088086949661
425.0 0.015308079309761524
426.0 0.019449065439403057
427.0 0.020164711168035865
428.0 0.020880358351860195
429.0 0.01592545013409108
430.0 0.01097054046113044
431.0 0.0077471449912991375
432.0 0.004523748066276312
433.0 0.0035784902138402686
434.0 0.0026332319976063445
435.0 0.002082409082504455
436.0 0.0015315859855036251
437.0 0.001363663704978535
438.0 0.0011957416063523851
439.0 0.0010057639883598313
440.0 0.0008157865522662178
441.0 0.001065818014467368
442.0 0.0013158495676179882
443.0 0.0016262460121652111
444.0 0.0019366423657629639
445.0 0.00194670519704232
446.0 0.001956768028321676
447.0 0.0017355370800942183
448.0 0.001514306404715171
449.0 0.0014321445632958785
450.0 0.001349982267129235
451.0 0.0014402112356037833
452.0 0.001530440385977272
453.0 0.0015418107068398967
454.0 0.0015531812096014619
455.0 0.0013897819371777587
456.0 0.001226382937602466
457.0 0.0008664009328640532
458.0 0.0005064191100245807
459.0 0.0007612288754899055
460.0 0.0010160386409552302
461.0 0.0016599275113549083
462.0 0.002303816108906176
463.0 0.0029553282729466446
464.0 0.003606840255088173
465.0 0.00456282650702633
466.0 0.005518812395166606
467.0 0.006143815699033439
468.0 0.0067688204580917954
469.0 0.0058596593589754775
470.0 0.004950499715050682
471.0 0.0038015656173229218
472.0 0.0026526311557972804
473.0 0.00218398363358574
474.0 0.0017153357475763187
475.0 0.0014157079931464978
476.0 0.001116080329666147
477.0 0.0008876153515302576
478.0 0.000659150236970163
479.0 0.0008364230779989157
480.0 0.0010136957826034632
481.0 0.0007678172551095486
482.0 0.0005219389549893094
483.0 0.0006219283022801392
484.0 0.0007219174676720286
485.0 0.0006182658125908347
486.0 0.0005146139301359653
487.0 0.0005339450581232086
488.0 0.0005532760951609816
489.0 0.0005075929038866889
490.0 0.0004619097580871312
491.0 0.0006146395207906608
492.0 0.0007673692380194552
493.0 0.0009167311873170547
494.0 0.0010660932275641244
495.0 0.0009251943993149325
496.0 0.0007842955710657407
497.0 0.0010711904906202108
498.0 0.0013580852282757405
499.0 0.0013249461517261807
500.0 0.0012918072570755612
501.0 0.0014867532627249602
502.0 0.0016816993593238294
503.0 0.002003239751502406
504.0 0.0023247801436809823
505.0 0.0028337532057776116
506.0 0.0033427266316721216
507.0 0.003953330087824725
508.0 0.004563933543977328
509.0 0.005110586425871588
510.0 0.005657237852574326
511.0 0.005009767482988536
512.0 0.004362296749604866
513.0 0.0037240701203700155
514.0 0.003085843854933046
515.0 0.002891956864914391
516.0 0.0026980704205925576
517.0 0.002550540193624329
518.0 0.0024030101485550404
519.0 0.05281234625726938
520.0 0.015585444634780288
521.0 0.0883260800037533
522.0 0.092497025616467
523.0 0.030111137311905622
524.0 0.09626204264350235
525.0 0.08952563512139022
526.0 0.10982052190229297
527.0 0.11061319382861257
528.0 0.04305188194848597
529.0 0.12381277047097683
530.0 0.08146528853103518
531.0 0.11204411275684834
532.0 0.20777538884431124
533.0 0.24394188076257706
534.0 0.33690929412841797
535.0 0.43716360814869404
536.0 0.5623878911137581
537.0 0.8298765867948532
538.0 1.276441477239132
539.0 1.983693614602089
540.0 3.0871961265802383
541.0 4.75226454436779
542.0 6.947141885757446
543.0 9.890349954366684
544.0 13.385432958602905
545.0 17.29053109884262
546.0 22.019168734550476
547.0 28.05359661579132
548.0 35.50470769405365
549.0 43.44526827335358
550.0 50.44858455657959
551.0 58.38705897331238
552.0 64.04949426651001
553.0 69.40706968307495
554.0 73.53779673576355
555.0 77.78161764144897
556.0 81.87541365623474
557.0 84.44772958755493
558.0 87.68850564956665
559.0 90.94621539115906
560.0 91.99228882789612
561.0 93.71369481086731
562.0 94.91527676582336
563.0 94.77234482765198
564.0 95.61342000961304
565.0 94.8686957359314
566.0 95.4792320728302
567.0 94.81711387634277
568.0 95.310378074646
569.0 96.13199234008789
570.0 95.64275741577148
571.0 96.27872705459595
572.0 96.20524048805237
573.0 96.46702408790588
574.0 96.61792516708374
575.0 96.50495052337646
576.0 97.06443548202515
577.0 96.70431613922119
578.0 96.83453440666199
579.0 96.47539258003235
580.0 96.38375639915466
581.0 96.01597189903259
582.0 96.47530913352966
583.0 96.40787243843079
584.0 95.9485411643982
585.0 95.98447680473328
586.0 96.20575904846191
587.0 96.14418148994446
588.0 96.18051648139954
589.0 96.8249261379242
590.0 96.08441591262817
591.0 95.55118680000305
592.0 95.73727250099182
593.0 95.48271894454956
594.0 95.70600986480713
595.0 96.2503433227539
596.0 96.707683801651
597.0 96.77631258964539
598.0 96.78924083709717
599.0 96.5154767036438
600.0 96.64506316184998
601.0 95.78608274459839
602.0 96.36461138725281
603.0 96.11999988555908
604.0 95.91358304023743
605.0 96.54382467269897
606.0 95.8577036857605
607.0 96.0997462272644
608.0 95.9332287311554
609.0 95.30148506164551
610.0 95.6483781337738
611.0 95.49410343170166
612.0 95.70995569229126
613.0 96.51355147361755
614.0 96.33538126945496
615.0 95.80724835395813
616.0 96.12846970558167
617.0 96.05100750923157
618.0 95.94797492027283
619.0 96.52662873268127
620.0 95.53535580635071
621.0 95.31187415122986
622.0 96.1596429347992
623.0 96.29192352294922
624.0 96.14033102989197
625.0 96.4905858039856
626.0 95.96516489982605
627.0 94.75435614585876
628.0 96.87133431434631
629.0 95.55915594100952
630.0 96.01218104362488
631.0 95.69666385650635
632.0 96.36767506599426
633.0 96.1904525756836
634.0 95.53017616271973
635.0 95.78038454055786
636.0 95.72432041168213
637.0 95.09115219116211
638.0 95.26511430740356
639.0 94.9404776096344
640.0 95.15507817268372
641.0 95.29780149459839
642.0 95.58135271072388
643.0 95.71811556816101
644.0 95.75169682502747
645.0 95.77701091766357
646.0 95.96329927444458
647.0 96.73340320587158
648.0 96.32060527801514
649.0 95.41072249412537
650.0 96.12531661987305
651.0 96.45922780036926
652.0 96.41635417938232
653.0 95.56686878204346
654.0 96.29711508750916
655.0 96.13173604011536
656.0 95.52644491195679
657.0 95.58467268943787
658.0 95.99792957305908
659.0 95.93337178230286
660.0 95.42369246482849
661.0 95.11607885360718
662.0 95.77630162239075
663.0 95.61746120452881
664.0 95.358407497406
665.0 95.10653018951416
666.0 95.30385732650757
667.0 95.4990565776825
668.0 94.80164051055908
669.0 95.64288258552551
670.0 95.1397955417633
671.0 95.64959406852722
672.0 95.1892077922821
673.0 95.35433650016785
674.0 94.5097267627716
675.0 95.50743699073792
676.0 94.8539137840271
677.0 93.89943480491638
678.0 93.2788074016571
679.0 92.76072382926941
680.0 91.74350500106812
681.0 90.53470492362976
682.0 88.39653134346008
683.0 85.71863174438477
684.0 82.58265256881714
685.0 79.02402877807617
686.0 75.45534372329712
687.0 70.89455723762512
688.0 66.5232002735138
689.0 62.1854305267334
690.0 57.049936056137085
691.0 52.781522274017334
692.0 48.20468723773956
693.0 43.89559626579285
694.0 38.97011876106262
695.0 33.86063575744629
696.0 28.77313494682312
697.0 23.683083057403564
698.0 17.897823452949524
699.0 13.19895088672638
700.0 9.419041872024536
701.0 6.055431440472603
702.0 3.890363872051239
703.0 2.271893620491028
704.0 1.2697110883891582
705.0 0.7401231210678816
706.0 0.47658011317253113
707.0 0.3437834791839123
708.0 0.1899666152894497
709.0 0.14523060526698828
710.0 0.13767979107797146
711.0 0.08201360469684005
712.0 0.0660692632663995
713.0 0.04391584952827543
714.0 0.05686046788468957
715.0 0.07261625723913312
716.0 0.053258187836036086
717.0 0.08576388354413211
718.0 0.06858636625111103
719.0 0.04129397275391966
720.0 1.597903558601954e-10
721.0 0.004570007877191529
722.0 0.004315429032430984
723.0 0.00406085055146832
724.0 0.0037631158193107694
725.0 0.0034653810871532187
726.0 0.0032288800866808742
727.0 0.00299237926810747
728.0 0.002830512312357314
729.0 0.002668644992809277
730.0 0.002463578130118549
731.0 0.0022585116312257014
732.0 0.0022451846234616823
733.0 0.0022318576156976633
734.0 0.0021903122615185566
735.0 0.0021487667254405096
736.0 0.001941276241268497
737.0 0.0017337857570964843
738.0 0.0017443298929720186
739.0 0.0017548742107464932
740.0 0.0017252808902412653
741.0 0.0016956877516349778
742.0 0.0015177001841948368
743.0 0.0013397124348557554
744.0 0.001404642353008967
745.0 0.0014695719073642977
746.0 0.0014094800462771673
747.0 0.001349388276139507
748.0 0.001211572907777736
749.0 0.0010737574484664947
750.0 0.0010404275599285029
751.0 0.0010070979442389216
752.0 0.0010908292097155936
753.0 0.0011745602932933252
754.0 0.0011370666470611468
755.0 0.001099573273677379
756.0 0.0010681853382266127
757.0 0.001036797220876906
758.0 0.0010592136277409736
759.0 0.0010816298527061008
760.0 0.0011034010640287306
761.0 0.0011251723663008306
762.0 0.0011037795047741383
763.0 0.0010823870070453268
764.0 0.0010345536793465726
765.0 0.0009867202606983483
766.0 0.0008213206456275657
767.0 0.0006559210305567831
768.0 0.0006592709269170882
769.0 0.0006626207778026583
770.0 0.0007781904969306197
771.0 0.0008937605343817268
772.0 0.0008388265086978208
773.0 0.0007838923011149745
774.0 0.0008899662134354003
775.0 0.000996040125755826
776.0 0.0009716608474263921
777.0 0.0009472816600464284
778.0 0.0009045706065080594
779.0 0.0008618596439191606
780.0 0.0007886678758950438
781.0 0.0007154762442951323
782.0 0.000741680605642614
783.0 0.0007678848305658903
784.0 0.0008245406206697226
785.0 0.0008811961379251443
786.0 0.0007643068784091156
787.0 0.0006474177098425571
788.0 0.0006602006578759756
789.0 0.0006729837423335994
790.0 0.0007235784778458765
791.0 0.0007741730769339483
792.0 0.0008126998181978706
793.0 0.0008512263775628526
794.0 0.0008816620720608626
795.0 0.000912097493710462
796.0 0.0007648507562407758
797.0 0.0006176038368721493
798.0 0.0007594031103508314
799.0 0.0009012023838295136
800.0 0.0008142048500303645
801.0 0.000727207134332275
802.0 0.0006546209078805987
803.0 0.0005820343631057767
804.0 0.0006918098733876832
805.0 0.0008015854291443247
806.0 0.0007143749826354906
807.0 0.0006271646270761266
808.0 0.0007737010491837282
809.0 0.0009202373803418595
810.0 0.000816329429653706
811.0 0.0007124216608644929
812.0 0.0007291847850865452
813.0 0.0007459478183591273
814.0 0.0006305250735749723
815.0 0.0005151024197402876
816.0 0.0006357665370160248
817.0 0.0007564307907159673
818.0 0.000701235467204242
819.0 0.0006460400982177816
820.0 0.0004878645995631814
821.0 0.00032968910090858117
822.0 0.00037268714550009463
823.0 0.00041568528104107827
824.0 0.0004103036644664826
825.0 0.000404922093366622
826.0 0.00047279081627493724
827.0 0.0005406595391832525
828.0 0.0004328602699388284
829.0 0.0003250609324823017
830.0 0.000188186072591634
831.0 5.131122975399194e-05
832.0 3.054130672808242e-05
833.0 9.77138654434384e-06
834.0 2.5815958792918536e-05
835.0 4.1860496935441915e-05
836.0 0.00030055894058023114
837.0 0.0005592575689661317
838.0 0.000738208700568066
839.0 0.0009171599231194705
840.0 0.0012192206668260042
841.0 0.0015212814105325378
842.0 0.001990780401683878
843.0 0.002460279574734159
844.0 0.002237787703052163
845.0 0.0020152958313701674
846.0 0.0018462993466528133
847.0 0.0016773024981375784
848.0 0.0016683883586665615
849.0 0.001659473855397664
850.0 0.0015306583009078167
851.0 0.0014018426554684993
852.0 0.0012612070349860005
853.0 0.0011205709597561508
854.0 0.0010112858944921754
855.0 0.0009020003744808491
856.0 0.0006901354936417192
857.0 0.0004782706128025893
858.0 0.0005749191132053966
859.0 0.0006715675226587337
860.0 0.0005266260814096313
861.0 0.00038168459468579385
862.0 0.000362785613106098
863.0 0.00034388660878903465
864.0 0.0002540470859457855
865.0 0.00016420759720858769
866.0 0.00010366795777372317
867.0 4.3128284232807346e-05
868.0 8.428336286669946e-05
869.0 0.00012543841876322404
870.0 2.1897319868458e-05
871.0 1.597903558601954e-10
872.0 1.597903558601954e-10
873.0 1.597903558601954e-10
874.0 1.597903558601954e-10
875.0 1.597903558601954e-10
876.0 1.597903558601954e-10
877.0 1.597903558601954e-10
878.0 0.00011374005453035352
879.0 0.0002316862037332612
880.0 0.00018989726413565222
881.0 0.0001481083018006757
882.0 0.00010243303449897212
883.0 5.675779561897798e-05
884.0 1.597903558601954e-10
885.0 1.597903558601954e-10
886.0 1.597903558601954e-10
887.0 0.00010005576314142672
888.0 0.00014440302038565278
889.0 0.00018875026626119507
890.0 0.00014055810879654018
891.0 9.236591722583398e-05
892.0 1.597903558601954e-10
893.0 1.597903558601954e-10
894.0 1.597903558601954e-10
895.0 2.6646171136235353e-05
896.0 3.380926898444159e-05
897.0 4.097241230738291e-05
898.0 9.23248649087327e-05
899.0 0.00014367730045705684
900.0 2.658903213159647e-05
901.0 1.597903558601954e-10
