lsstCam/transmission_sensor/r41_s00/19700101T000000.ecsv
# %ECSV 1.0
# ---
# datatype:
# - {name: amp_name, datatype: string}
# - {name: wavelength, unit: nm, datatype: float32}
# - {name: efficiency, unit: '%', datatype: float64}
# meta: !!omap
# - {MODE: AMP}
# - {TYPE: transmission_sensor}
# - {CALIBDATE: '1970-01-01T00:00:00'}
# - {INSTRUME: LSSTCAM}
# - {OBSTYPE: transmission_sensor}
# - {DETECTOR: 162}
# - {PARQUETFILE: qe_raft_allvalues_nircorrected_20230725.parquet}
# - {CALIBCLS: lsst.ip.isr.IntermediateSensorTransmissionCurve}
# - {CALIB_ID: 'raftName=R41 detectorName=S00 detector=162 calibDate=1970-01-01T00:00:00 ccd=162 ccdnum=162 filter=None'}
# - {DATE: '2023-08-02T16:57:56.070625'}
# - {CALIB_CREATION_DATE: '2023-08-02'}
# - {CALIB_CREATION_TIME: '16:57:56'}
# - __serialized_columns__:
#     efficiency:
#       __class__: astropy.units.quantity.Quantity
#       unit: !astropy.units.Unit {unit: '%'}
#       value: !astropy.table.SerializedColumn {name: efficiency}
#     wavelength:
#       __class__: astropy.units.quantity.Quantity
#       unit: !astropy.units.Unit {unit: nm}
#       value: !astropy.table.SerializedColumn {name: wavelength}
# schema: astropy-2.0
amp_name wavelength efficiency
C00 319.994 50.47232437133789
C00 324.969 52.84392547607422
C00 349.982 64.30776977539062
C00 374.975 77.95475769042969
C00 400.019 86.73640441894531
C00 424.965 86.26107025146484
C00 450.035 85.77982330322266
C00 475.003 85.93630981445312
C00 500.018 86.56884002685547
C00 525.002 86.95513153076172
C00 550.029 89.02223205566406
C00 575.023 90.52566528320312
C00 599.982 91.80570983886719
C00 619.997 93.2614517211914
C00 624.979 93.35094451904297
C00 650.012 94.53984832763672
C00 675.004 95.46680450439453
C00 700.03 96.13258361816406
C00 725.012 96.90280151367188
C00 750.022 97.91655731201172
C00 774.987 99.53510284423828
C00 799.976 99.02954864501953
C00 824.988 98.54889678955078
C00 850.022 97.06454467773438
C00 869.967 94.68733978271484
C00 875.002 93.96084594726562
C00 899.999 87.667724609375
C00 919.999 80.0889892578125
C00 925.012 76.70500183105469
C00 949.965 63.66595458984375
C00 975.002 47.46417999267578
C00 999.976 29.460683822631836
C00 1025.028 14.046298027038574
C00 1050.014 5.677554607391357
C00 1075.002 0.9328357891330482
C00 1099.99 0.09255511001915323
C01 319.994 50.76251220703125
C01 324.969 53.15382766723633
C01 349.982 64.64764404296875
C01 374.975 78.18121337890625
C01 400.019 86.86219787597656
C01 424.965 86.31330871582031
C01 450.035 85.77690124511719
C01 475.003 85.86909484863281
C01 500.018 86.47862243652344
C01 525.002 86.85748291015625
C01 550.029 88.94755554199219
C01 575.023 90.52813720703125
C01 599.982 91.88105773925781
C01 619.997 93.38713073730469
C01 624.979 93.47994232177734
C01 650.012 94.70112609863281
C01 675.004 95.6450424194336
C01 700.03 96.3398208618164
C01 725.012 97.18067169189453
C01 750.022 98.28111267089844
C01 774.987 99.98851776123047
C01 799.976 99.50963592529297
C01 824.988 98.9970474243164
C01 850.022 97.50743103027344
C01 869.967 95.09941864013672
C01 875.002 94.3568344116211
C01 899.999 87.89571380615234
C01 919.999 80.24304962158203
C01 925.012 76.921875
C01 949.965 64.1832275390625
C01 975.002 47.94371795654297
C01 999.976 29.623493194580078
C01 1025.028 14.105751991271973
C01 1050.014 5.745957374572754
C01 1075.002 0.9363081223742805
C01 1099.99 0.0928996317333813
C02 319.994 50.621925354003906
C02 324.969 52.99806594848633
C02 349.982 64.47772216796875
C02 374.975 78.1665267944336
C02 400.019 86.93204498291016
C02 424.965 86.37261199951172
C02 450.035 85.77618408203125
C02 475.003 85.79662322998047
C02 500.018 86.35043334960938
C02 525.002 86.70983123779297
C02 550.029 88.78849792480469
C02 575.023 90.39253997802734
C02 599.982 91.7800064086914
C02 619.997 93.30610656738281
C02 624.979 93.40541076660156
C02 650.012 94.65064239501953
C02 675.004 95.61296844482422
C02 700.03 96.3292236328125
C02 725.012 97.20988464355469
C02 750.022 98.35848236083984
C02 774.987 100.11668395996094
C02 799.976 99.67028045654297
C02 824.988 99.15786743164062
C02 850.022 97.6868667602539
C02 869.967 95.28874206542969
C02 875.002 94.53719329833984
C02 899.999 88.00684356689453
C02 919.999 80.36740112304688
C02 925.012 77.08489227294922
C02 949.965 64.5737075805664
C02 975.002 48.35388946533203
C02 999.976 29.822290420532227
C02 1025.028 14.167794227600098
C02 1050.014 5.782166957855225
C02 1075.002 0.9370447910590043
C02 1099.99 0.09297272332351599
C03 319.994 50.39020538330078
C03 324.969 52.74297332763672
C03 349.982 64.19807434082031
C03 374.975 78.10956573486328
C03 400.019 87.01383209228516
C03 424.965 86.46382904052734
C03 450.035 85.81317901611328
C03 475.003 85.7664566040039
C03 500.018 86.2757339477539
C03 525.002 86.60762023925781
C03 550.029 88.67910766601562
C03 575.023 90.29753112792969
C03 599.982 91.70999908447266
C03 619.997 93.25452423095703
C03 624.979 93.36074829101562
C03 650.012 94.62322998046875
C03 675.004 95.60393524169922
C03 700.03 96.3395004272461
C03 725.012 97.23950958251953
C03 750.022 98.4146957397461
C03 774.987 100.20196533203125
C03 799.976 99.76628875732422
C03 824.988 99.26348876953125
C03 850.022 97.80728912353516
C03 869.967 95.42198944091797
C03 875.002 94.67240905761719
C03 899.999 88.13641357421875
C03 919.999 80.51298522949219
C03 925.012 77.24833679199219
C03 949.965 64.79364776611328
C03 975.002 48.55263900756836
C03 999.976 29.925498962402344
C03 1025.028 14.1937894821167
C03 1050.014 5.791021823883057
C03 1075.002 0.9375800942550685
C03 1099.99 0.09302583561485654
C04 319.994 50.19695281982422
C04 324.969 52.52314376831055
C04 349.982 63.96084976196289
C04 374.975 78.1302261352539
C04 400.019 87.2208023071289
C04 424.965 86.68944549560547
C04 450.035 85.98365020751953
C04 475.003 85.87300872802734
C04 500.018 86.34895324707031
C04 525.002 86.65188598632812
C04 550.029 88.725830078125
C04 575.023 90.36273956298828
C04 599.982 91.79664611816406
C04 619.997 93.35855865478516
C04 624.979 93.4679946899414
C04 650.012 94.75504302978516
C04 675.004 95.75154876708984
C04 700.03 96.49945831298828
C04 725.012 97.42166900634766
C04 750.022 98.5990982055664
C04 774.987 100.39177703857422
C04 799.976 99.96866607666016
C04 824.988 99.46934509277344
C04 850.022 98.00686645507812
C04 869.967 95.63008880615234
C04 875.002 94.88642120361328
C04 899.999 88.35526275634766
C04 919.999 80.7009506225586
C04 925.012 77.41999816894531
C04 949.965 64.89006805419922
C04 975.002 48.583518981933594
C04 999.976 29.974285125732422
C04 1025.028 14.227082252502441
C04 1050.014 5.789809226989746
C04 1075.002 0.9393368596631287
C04 1099.99 0.09320014026473705
C05 319.994 49.7705078125
C05 324.969 52.0613899230957
C05 349.982 63.43001174926758
C05 374.975 77.75784301757812
C05 400.019 86.98395538330078
C05 424.965 86.47731018066406
C05 450.035 85.71598815917969
C05 475.003 85.54496765136719
C05 500.018 85.98593139648438
C05 525.002 86.2728042602539
C05 550.029 88.34837341308594
C05 575.023 90.00931549072266
C05 599.982 91.46556854248047
C05 619.997 93.04422760009766
C05 624.979 93.15899658203125
C05 650.012 94.45964050292969
C05 675.004 95.47166442871094
C05 700.03 96.23120880126953
C05 725.012 97.15274810791016
C05 750.022 98.32958221435547
C05 774.987 100.11309051513672
C05 799.976 99.6898422241211
C05 824.988 99.19123077392578
C05 850.022 97.71959686279297
C05 869.967 95.36231231689453
C05 875.002 94.61417388916016
C05 899.999 88.0525894165039
C05 919.999 80.35814666748047
C05 925.012 77.0760498046875
C05 949.965 64.4991226196289
C05 975.002 48.2243537902832
C05 999.976 29.809171676635742
C05 1025.028 14.148628234863281
C05 1050.014 5.739316463470459
C05 1075.002 0.936769221840999
C05 1099.99 0.09294538159886574
C06 319.994 49.57986831665039
C06 324.969 51.85026931762695
C06 349.982 63.18330001831055
C06 374.975 77.70149230957031
C06 400.019 87.11145782470703
C06 424.965 86.65211486816406
C06 450.035 85.85425567626953
C06 475.003 85.62857055664062
C06 500.018 86.04437255859375
C06 525.002 86.31412506103516
C06 550.029 88.40963745117188
C06 575.023 90.09349060058594
C06 599.982 91.57923889160156
C06 619.997 93.17967987060547
C06 624.979 93.29742431640625
C06 650.012 94.62055206298828
C06 675.004 95.64810943603516
C06 700.03 96.4182357788086
C06 725.012 97.33997344970703
C06 750.022 98.51519775390625
C06 774.987 100.30411529541016
C06 799.976 99.88230895996094
C06 824.988 99.39337921142578
C06 850.022 97.93201446533203
C06 869.967 95.5836181640625
C06 875.002 94.83621215820312
C06 899.999 88.23202514648438
C06 919.999 80.53516387939453
C06 925.012 77.24886322021484
C06 949.965 64.65228271484375
C06 975.002 48.32745361328125
C06 999.976 29.896190643310547
C06 1025.028 14.18319034576416
C06 1050.014 5.74599027633667
C06 1075.002 0.9385375675414479
C06 1099.99 0.09312083523471848
C07 319.994 48.81278610229492
C07 324.969 51.03404998779297
C07 349.982 62.22322463989258
C07 374.975 76.97303771972656
C07 400.019 86.792724609375
C07 424.965 86.4849624633789
C07 450.035 85.70555877685547
C07 475.003 85.46544647216797
C07 500.018 85.86072540283203
C07 525.002 86.156982421875
C07 550.029 88.28832244873047
C07 575.023 89.97576141357422
C07 599.982 91.4478530883789
C07 619.997 93.03494262695312
C07 624.979 93.15364837646484
C07 650.012 94.47755432128906
C07 675.004 95.51286315917969
C07 700.03 96.29450225830078
C07 725.012 97.22813415527344
C07 750.022 98.40890502929688
C07 774.987 100.19410705566406
C07 799.976 99.79156494140625
C07 824.988 99.32249450683594
C07 850.022 97.85762786865234
C07 869.967 95.52214813232422
C07 875.002 94.7732162475586
C07 899.999 88.09147644042969
C07 919.999 80.38481903076172
C07 925.012 77.09347534179688
C07 949.965 64.67833709716797
C07 975.002 48.45334243774414
C07 999.976 29.966754913330078
C07 1025.028 14.12965202331543
C07 1050.014 5.675807476043701
C07 1075.002 0.9375248980159977
C07 1099.99 0.09302035909472367
C10 319.994 50.857093811035156
C10 324.969 53.25701141357422
C10 349.982 64.763916015625
C10 374.975 78.30143737792969
C10 400.019 87.04002380371094
C10 424.965 86.5301513671875
C10 450.035 86.0595932006836
C10 475.003 86.25283813476562
C10 500.018 86.9344253540039
C10 525.002 87.36819458007812
C10 550.029 89.46961975097656
C10 575.023 90.99995422363281
C10 599.982 92.28643798828125
C10 619.997 93.75447845458984
C10 624.979 93.83194732666016
C10 650.012 95.02633666992188
C10 675.004 95.94721221923828
C10 700.03 96.53987121582031
C10 725.012 97.09912872314453
C10 750.022 97.9052963256836
C10 774.987 99.30599212646484
C10 799.976 98.742919921875
C10 824.988 98.29226684570312
C10 850.022 96.7932357788086
C10 869.967 94.33554077148438
C10 875.002 93.59101104736328
C10 899.999 87.2854995727539
C10 919.999 80.35993957519531
C10 925.012 77.15337371826172
C10 949.965 64.84505462646484
C10 975.002 48.29487228393555
C10 999.976 29.616430282592773
C10 1025.028 14.255249977111816
C10 1050.014 5.7770562171936035
C10 1075.002 0.9327303768252346
C10 1099.99 0.09254465110681227
C11 319.994 51.17034912109375
C11 324.969 53.59480285644531
C11 349.982 65.14330291748047
C11 374.975 78.51992797851562
C11 400.019 87.07713317871094
C11 424.965 86.49016571044922
C11 450.035 85.96713256835938
C11 475.003 86.10780334472656
C11 500.018 86.7685317993164
C11 525.002 87.20649719238281
C11 550.029 89.34596252441406
C11 575.023 90.94857025146484
C11 599.982 92.30714416503906
C11 619.997 93.82421875
C11 624.979 93.90908813476562
C11 650.012 95.12969970703125
C11 675.004 96.06212615966797
C11 700.03 96.67911529541016
C11 725.012 97.29306030273438
C11 750.022 98.16632843017578
C11 774.987 99.63480377197266
C11 799.976 99.0781021118164
C11 824.988 98.59382629394531
C11 850.022 97.07718658447266
C11 869.967 94.61891174316406
C11 875.002 93.85828399658203
C11 899.999 87.37117767333984
C11 919.999 80.26419830322266
C11 925.012 77.07026672363281
C11 949.965 64.94496154785156
C11 975.002 48.634765625
C11 999.976 29.881614685058594
C11 1025.028 14.311419486999512
C11 1050.014 5.804340839385986
C11 1075.002 0.935216614717711
C11 1099.99 0.09279133334644396
C12 319.994 50.98985290527344
C12 324.969 53.4001350402832
C12 349.982 64.9394760131836
C12 374.975 78.46829986572266
C12 400.019 87.11100006103516
C12 424.965 86.50160217285156
C12 450.035 85.91316986083984
C12 475.003 85.99040985107422
C12 500.018 86.60777282714844
C12 525.002 87.0197525024414
C12 550.029 89.16695404052734
C12 575.023 90.80029296875
C12 599.982 92.20680236816406
C12 619.997 93.74162292480469
C12 624.979 93.8399658203125
C12 650.012 95.08479309082031
C12 675.004 96.0408706665039
C12 700.03 96.67427062988281
C12 725.012 97.32182312011719
C12 750.022 98.22535705566406
C12 774.987 99.73253631591797
C12 799.976 99.18812561035156
C12 824.988 98.70516204833984
C12 850.022 97.1744613647461
C12 869.967 94.71129608154297
C12 875.002 93.94598388671875
C12 899.999 87.43923950195312
C12 919.999 80.28651428222656
C12 925.012 77.0775375366211
C12 949.965 64.95487976074219
C12 975.002 48.71015548706055
C12 999.976 29.954326629638672
C12 1025.028 14.32770824432373
C12 1050.014 5.820556163787842
C12 1075.002 0.9357786881918164
C12 1099.99 0.09284710176017841
C13 319.994 50.95266342163086
C13 324.969 53.35081481933594
C13 349.982 64.9389877319336
C13 374.975 78.7808837890625
C13 400.019 87.61026763916016
C13 424.965 87.00316619873047
C13 450.035 86.3656234741211
C13 475.003 86.3764877319336
C13 500.018 86.94666290283203
C13 525.002 87.32514953613281
C13 550.029 89.45702362060547
C13 575.023 91.10356903076172
C13 599.982 92.53166198730469
C13 619.997 94.090087890625
C13 624.979 94.19332122802734
C13 650.012 95.4638900756836
C13 675.004 96.4322280883789
C13 700.03 97.08451843261719
C13 725.012 97.7529525756836
C13 750.022 98.66162872314453
C13 774.987 100.18065643310547
C13 799.976 99.63292694091797
C13 824.988 99.14575958251953
C13 850.022 97.6061782836914
C13 869.967 95.1392593383789
C13 875.002 94.38200378417969
C13 899.999 87.89501953125
C13 919.999 80.70301818847656
C13 925.012 77.46918487548828
C13 949.965 65.1587905883789
C13 975.002 48.774349212646484
C13 999.976 30.034360885620117
C13 1025.028 14.378597259521484
C13 1050.014 5.815670490264893
C13 1075.002 0.9399349654991521
C13 1099.99 0.09325948377631876
C14 319.994 50.59728240966797
C14 324.969 52.96343994140625
C14 349.982 64.52145385742188
C14 374.975 78.62359619140625
C14 400.019 87.59566497802734
C14 424.965 87.0206298828125
C14 450.035 86.35648345947266
C14 475.003 86.3198013305664
C14 500.018 86.83685302734375
C14 525.002 87.17372131347656
C14 550.029 89.2670669555664
C14 575.023 90.89503479003906
C14 599.982 92.31668090820312
C14 619.997 93.87336730957031
C14 624.979 93.97785186767578
C14 650.012 95.25566864013672
C14 675.004 96.23072052001953
C14 700.03 96.88798522949219
C14 725.012 97.54854583740234
C14 750.022 98.4416732788086
C14 774.987 99.94110107421875
C14 799.976 99.3971939086914
C14 824.988 98.91175842285156
C14 850.022 97.38339233398438
C14 869.967 94.92282104492188
C14 875.002 94.17559814453125
C14 899.999 87.68909454345703
C14 919.999 80.50128936767578
C14 925.012 77.2853012084961
C14 949.965 64.93962097167969
C14 975.002 48.55775451660156
C14 999.976 29.936735153198242
C14 1025.028 14.335685729980469
C14 1050.014 5.775518417358398
C14 1075.002 0.9378396088252521
C14 1099.99 0.09305158441209901
C15 319.994 50.22942352294922
C15 324.969 52.5628662109375
C15 349.982 64.07611846923828
C15 374.975 78.38289642333984
C15 400.019 87.49524688720703
C15 424.965 86.95066833496094
C15 450.035 86.2555923461914
C15 475.003 86.15989685058594
C15 500.018 86.63045501708984
C15 525.002 86.94096374511719
C15 550.029 89.00487518310547
C15 575.023 90.62113189697266
C15 599.982 92.0433120727539
C15 619.997 93.58971405029297
C15 624.979 93.70608520507812
C15 650.012 94.98882293701172
C15 675.004 95.96342468261719
C15 700.03 96.6170654296875
C15 725.012 97.31820678710938
C15 750.022 98.13842010498047
C15 774.987 99.61132049560547
C15 799.976 99.06110382080078
C15 824.988 98.58688354492188
C15 850.022 97.04176330566406
C15 869.967 94.5650405883789
C15 875.002 93.81815338134766
C15 899.999 87.36970520019531
C15 919.999 80.24796295166016
C15 925.012 77.01578521728516
C15 949.965 64.65675354003906
C15 975.002 48.31082534790039
C15 999.976 29.752914428710938
C15 1025.028 14.249273300170898
C15 1050.014 5.737859725952148
C15 1075.002 0.9349510825592433
C15 1099.99 0.09276498748962017
C16 319.994 50.03231430053711
C16 324.969 52.34049987792969
C16 349.982 63.81986618041992
C16 374.975 78.33634948730469
C16 400.019 87.61180114746094
C16 424.965 87.08094787597656
C16 450.035 86.33525085449219
C16 475.003 86.18621063232422
C16 500.018 86.62223052978516
C16 525.002 86.89057159423828
C16 550.029 88.95683288574219
C16 575.023 90.58855438232422
C16 599.982 92.03165435791016
C16 619.997 93.61002349853516
C16 624.979 93.71793365478516
C16 650.012 95.01631927490234
C16 675.004 96.01854705810547
C16 700.03 96.68380737304688
C16 725.012 97.3150634765625
C16 750.022 98.16717529296875
C16 774.987 99.61808013916016
C16 799.976 99.06365203857422
C16 824.988 98.60197448730469
C16 850.022 97.08109283447266
C16 869.967 94.5825424194336
C16 875.002 93.82379150390625
C16 899.999 87.31340026855469
C16 919.999 80.2759017944336
C16 925.012 77.09453582763672
C16 949.965 64.70704650878906
C16 975.002 48.390419006347656
C16 999.976 29.75415802001953
C16 1025.028 14.223004341125488
C16 1050.014 5.7385687828063965
C16 1075.002 0.9352248635820709
C16 1099.99 0.09279215179118767
C17 319.994 49.49616622924805
C17 324.969 51.765167236328125
C17 349.982 63.147098541259766
C17 374.975 77.85501098632812
C17 400.019 87.409912109375
C17 424.965 86.95769500732422
C17 450.035 86.17851257324219
C17 475.003 85.9879379272461
C17 500.018 86.4118881225586
C17 525.002 86.7031478881836
C17 550.029 88.81233215332031
C17 575.023 90.46778869628906
C17 599.982 91.906982421875
C17 619.997 93.48680877685547
C17 624.979 93.59793090820312
C17 650.012 94.9030532836914
C17 675.004 95.9140853881836
C17 700.03 96.58744049072266
C17 725.012 97.22404479980469
C17 750.022 98.06535339355469
C17 774.987 99.50471496582031
C17 799.976 98.9597396850586
C17 824.988 98.53549194335938
C17 850.022 97.02397155761719
C17 869.967 94.5291748046875
C17 875.002 93.75898742675781
C17 899.999 87.15331268310547
C17 919.999 80.08466339111328
C17 925.012 76.91413879394531
C17 949.965 64.71726989746094
C17 975.002 48.67664337158203
C17 999.976 29.905433654785156
C17 1025.028 14.203516006469727
C17 1050.014 5.704609394073486
C17 1075.002 0.9342549097759021
C17 1099.99 0.09269591386561786
