lsstCam/transmission_sensor/r41_s00/19700101T000000.ecsv
# %ECSV 1.0
# ---
# datatype:
# - {name: amp_name, datatype: string}
# - {name: wavelength, unit: nm, datatype: float32}
# - {name: efficiency, unit: '%', datatype: float64}
# meta: !!omap
# - {MODE: AMP}
# - {TYPE: transmission_sensor}
# - {CALIBDATE: '1970-01-01T00:00:00'}
# - {INSTRUME: LSSTCam}
# - {OBSTYPE: transmission_sensor}
# - {DETECTOR: 162}
# - {PARQUETFILE: qe_raft_allvalues_nircorrected_20230725_adjust.parquet}
# - {CORRFILE: qe_corr_factor_bydetnum.parquet}
# - {CALIBCLS: lsst.ip.isr.IntermediateSensorTransmissionCurve}
# - {CALIB_ID: 'raftName=R41 detectorName=S00 detector=162 calibDate=1970-01-01T00:00:00 ccd=162 ccdnum=162 filter=None'}
# - {DATE: '2025-03-03T21:56:48.297119'}
# - {CALIB_CREATION_DATE: '2025-03-03'}
# - {CALIB_CREATION_TIME: '21:56:48'}
# - __serialized_columns__:
#     efficiency:
#       __class__: astropy.units.quantity.Quantity
#       unit: !astropy.units.Unit {unit: '%'}
#       value: !astropy.table.SerializedColumn {name: efficiency}
#     wavelength:
#       __class__: astropy.units.quantity.Quantity
#       unit: !astropy.units.Unit {unit: nm}
#       value: !astropy.table.SerializedColumn {name: wavelength}
# schema: astropy-2.0
amp_name wavelength efficiency
C00 319.994 50.349295850883166
C00 324.969 52.715116073152544
C00 349.982 64.1510167455321
C00 374.975 77.76473952462264
C00 400.019 86.52498060127614
C00 424.965 86.05080508182853
C00 450.035 85.57073119428352
C00 475.003 85.7268362627295
C00 500.018 86.35782465479478
C00 525.002 86.74317455609442
C00 550.029 88.80523643214558
C00 575.023 90.30500497477286
C00 599.982 91.58192936528184
C00 619.997 93.03412281245517
C00 624.979 93.1233974676583
C00 650.012 94.30940327069442
C00 675.004 95.23409995081971
C00 700.03 95.8982561985862
C00 725.012 96.66659665394651
C00 750.022 97.67788137774153
C00 774.987 99.29248163372813
C00 799.976 98.78815974520468
C00 824.988 98.30867949986819
C00 850.022 96.82794556190102
C00 869.967 94.45653520883482
C00 875.002 93.73181223420502
C00 899.999 87.45403065759717
C00 919.999 79.89376880827247
C00 925.012 76.5180300003674
C00 949.965 63.51076601285453
C00 975.002 47.34848395703983
C00 999.976 29.38887210428068
C00 1025.028 14.012059555051062
C00 1050.014 5.663715317209094
C00 1075.002 0.9305619606856026
C00 1099.99 0.09232950284952093
C01 319.994 50.638776340906915
C01 324.969 53.024262864032636
C01 349.982 64.49006255456781
C01 374.975 77.99064321735403
C01 400.019 86.65046743119848
C01 424.965 86.1029162126193
C01 450.035 85.56781625882378
C01 475.003 85.65978513635784
C01 500.018 86.26782697382488
C01 525.002 86.64576395831565
C01 550.029 88.7307419457749
C01 575.023 90.30747087317745
C01 599.982 91.6570936018365
C01 619.997 93.15949548041434
C01 624.979 93.25208083254955
C01 650.012 94.47028791999868
C01 675.004 95.41190340306655
C01 700.03 96.10498829230167
C01 725.012 96.94378951133382
C01 750.022 98.0415481168354
C01 774.987 99.74479133182888
C01 799.976 99.26707679152284
C01 824.988 98.75573774766288
C01 850.022 97.26975235938964
C01 869.967 94.86760960583663
C01 875.002 94.12683545918439
C01 899.999 87.68146412063511
C01 919.999 80.04745364309913
C01 925.012 76.73437453138224
C01 949.965 64.02677808640713
C01 975.002 47.826853025934746
C01 999.976 29.551284621192096
C01 1025.028 14.071368597620046
C01 1050.014 5.731951349623544
C01 1075.002 0.9340258299611564
C01 1099.99 0.09267318477685006
C02 319.994 50.49853217454476
C02 324.969 52.86888082135343
C02 349.982 64.32055487164506
C02 374.975 77.97599243207986
C02 400.019 86.72014428272318
C02 424.965 86.16207494193677
C02 450.035 85.56710084385455
C02 475.003 85.58749017047766
C02 500.018 86.13995035347338
C02 525.002 86.49847219342682
C02 550.029 88.57207203855624
C02 575.023 90.17220416840973
C02 599.982 91.55628858835266
C02 619.997 93.07866881048619
C02 624.979 93.17773095133222
C02 650.012 94.41992727264325
C02 675.004 95.37990761018727
C02 700.03 96.09441689451164
C02 725.012 96.97293125513372
C02 750.022 98.11872921473949
C02 774.987 99.87264511978773
C02 799.976 99.42732974463085
C02 824.988 98.91616574911443
C02 850.022 97.44875070685104
C02 869.967 95.0564715469164
C02 875.002 94.30675471314875
C02 899.999 87.79232299767592
C02 919.999 80.17150203228547
C02 925.012 76.89699444252676
C02 949.965 64.416306315559
C02 975.002 48.23602472355031
C02 999.976 29.74959727012339
C02 1025.028 14.133259603256178
C02 1050.014 5.768072670447072
C02 1075.002 0.9347607029834161
C02 1099.99 0.09274609820300471
C03 319.994 50.26737703150731
C03 324.969 52.61441000003679
C03 349.982 64.04158869842975
C03 374.975 77.91917021760871
C03 400.019 86.80173203240582
C03 424.965 86.25306963738507
C03 450.035 85.60400560115036
C03 475.003 85.55739707698464
C03 500.018 86.06543303471005
C03 525.002 86.39651033871614
C03 550.029 88.46294842335568
C03 575.023 90.07742690658156
C03 599.982 91.48645191007951
C03 619.997 93.02721220828428
C03 624.979 93.13317734250364
C03 650.012 94.39258167706399
C03 675.004 95.37089642589396
C03 700.03 96.10466863880478
C03 725.012 97.00248398200104
C03 750.022 98.17480557105122
C03 774.987 99.957718614746
C03 799.976 99.52310402093742
C03 824.988 99.02152963032773
C03 850.022 97.5688795353017
C03 869.967 95.18939412604024
C03 875.002 94.44164087803921
C03 899.999 87.92157717238307
C03 919.999 80.31673127103961
C03 925.012 77.06004055833381
C03 949.965 64.63571038718693
C03 975.002 48.43428980499695
C03 999.976 29.852554236613084
C03 1025.028 14.159191493191459
C03 1050.014 5.776905952347765
C03 1075.002 0.9352947013542908
C03 1099.99 0.0927990810307887
C04 319.994 50.074595529691855
C04 324.969 52.395116284973255
C04 349.982 63.80494236496356
C04 374.975 77.93978025736064
C04 400.019 87.00819774820724
C04 424.965 86.47813614238652
C04 450.035 85.77406126149637
C04 475.003 85.66368947549844
C04 500.018 86.13847385874965
C04 525.002 86.44066818607236
C04 550.029 88.50955694752142
C04 575.023 90.14247639319888
C04 599.982 91.57288773779835
C04 619.997 93.13099304360823
C04 624.979 93.24016232359405
C04 650.012 94.52407342624936
C04 675.004 95.51815013679507
C04 700.03 96.26423662013374
C04 725.012 97.18419938418603
C04 750.022 98.35875854771444
C04 774.987 100.14706764686865
C04 799.976 99.72498803661672
C04 824.988 99.22688416968757
C04 850.022 97.76797038828198
C04 869.967 95.3969862398783
C04 875.002 94.65513135997466
C04 899.999 88.13989289996206
C04 919.999 80.50423849015637
C04 925.012 77.23128350309685
C04 949.965 64.73189564656094
C04 975.002 48.46509450806043
C04 999.976 29.90122148151474
C04 1025.028 14.192403110978557
C04 1050.014 5.775696311212953
C04 1075.002 0.9370471845690574
C04 1099.99 0.09297296080538457
C05 319.994 49.64919000091276
C05 324.969 51.93448798515578
C05 349.982 63.27539829337591
C05 374.975 77.56830483998557
C05 400.019 86.77192814921952
C05 424.965 86.26651791664713
C05 450.035 85.50705165122432
C05 475.003 85.33644801345505
C05 500.018 85.77633688996234
C05 525.002 86.06251048845277
C05 550.029 88.13302034977892
C05 575.023 89.7899138077232
C05 599.982 91.24261717833204
C05 619.997 92.81742818475325
C05 624.979 92.93191741222304
C05 650.012 94.22939095610359
C05 675.004 95.23894802885589
C05 700.03 95.99664097845071
C05 725.012 96.91593399231904
C05 750.022 98.08989951363894
C05 774.987 99.86906043414403
C05 799.976 99.44684382953629
C05 824.988 98.94944776677882
C05 850.022 97.4814010283192
C05 869.967 95.12986246764306
C05 875.002 94.38354766037804
C05 899.999 87.83795733975589
C05 919.999 80.16227013486336
C05 925.012 76.88817352817209
C05 949.965 64.34190315875884
C05 975.002 48.106804797432126
C05 999.976 29.736510503744725
C05 1025.028 14.114140328473386
C05 1050.014 5.725326626035447
C05 1075.002 0.9344858054775539
C05 1099.99 0.09271882312501623
C06 319.994 49.45901519725648
C06 324.969 51.72388199548989
C06 349.982 63.02928793316247
C06 374.975 77.51209148931804
C06 400.019 86.89911979779195
C06 424.965 86.44089650999871
C06 450.035 85.64498213513278
C06 475.003 85.41984713295342
C06 500.018 85.83463559915722
C06 525.002 86.10373056795662
C06 550.029 88.19413505406546
C06 575.023 89.87388373703745
C06 599.982 91.35601045095535
C06 619.997 92.9525502843676
C06 624.979 93.07000772287995
C06 650.012 94.38991028712569
C06 675.004 95.41496294367965
C06 700.03 96.18321206946942
C06 725.012 97.10270296407391
C06 750.022 98.27506260711182
C06 774.987 100.05961958307633
C06 799.976 99.63884141920461
C06 824.988 99.15110345853176
C06 850.022 97.69330085356775
C06 869.967 95.35062887203156
C06 875.002 94.60504470133087
C06 899.999 88.0169556872173
C06 919.999 80.338855859503
C06 925.012 77.06056570336442
C06 949.965 64.49468991947519
C06 975.002 48.2096533100568
C06 999.976 29.823317357843877
C06 1025.028 14.148618192702036
C06 1050.014 5.731984171187957
C06 1075.002 0.9362498407572348
C06 1099.99 0.09289384908488027
C07 319.994 48.69380277968717
C07 324.969 50.90965223633185
C07 349.982 62.071552780894244
C07 374.975 76.78541253971918
C07 400.019 86.5811635087535
C07 424.965 86.27415154658479
C07 450.035 85.49664769098027
C07 475.003 85.25712067064327
C07 500.018 85.65143609145095
C07 525.002 85.94697097092177
C07 550.029 88.07311576230204
C07 575.023 89.75644152012019
C07 599.982 91.2249449064325
C07 619.997 92.80816584414096
C07 624.979 92.92658224314398
C07 650.012 94.24726110873931
C07 675.004 95.28004633559901
C07 700.03 96.05978015488424
C07 725.012 96.99113628286142
C07 750.022 98.16902897571454
C07 774.987 99.94987949327464
C07 799.976 99.54831859320409
C07 824.988 99.08039153854095
C07 850.022 97.61909557750377
C07 869.967 95.2893086762113
C07 875.002 94.5422023460016
C07 899.999 87.87674957484288
C07 919.999 80.18887748308076
C07 925.012 76.90555658976491
C07 949.965 64.52068079309144
C07 975.002 48.33523527494847
C07 999.976 29.893709624337802
C07 1025.028 14.095210372279526
C07 1050.014 5.661972444571284
C07 1075.002 0.9352396396584913
C07 1099.99 0.09279361785991559
C10 319.994 50.733127398072575
C10 324.969 53.12719509543031
C10 349.982 64.60605110915398
C10 374.975 78.11057416506851
C10 400.019 86.8278599003779
C10 424.965 86.31923030044396
C10 450.035 85.84981914025954
C10 475.003 86.04259303127745
C10 500.018 86.72251885155723
C10 525.002 87.15523074597954
C10 550.029 89.25153360018577
C10 575.023 90.77813781495679
C10 599.982 92.06148571859377
C10 619.997 93.52594777140969
C10 624.979 93.60322780968185
C10 650.012 94.79470577615285
C10 675.004 95.71333665063476
C10 700.03 96.30455101472974
C10 725.012 96.8624453071726
C10 750.022 97.66664784056508
C10 774.987 99.06392938345107
C10 799.976 98.50222969223569
C10 824.988 98.05267510284622
C10 850.022 96.55729799040243
C10 869.967 94.10559372323623
C10 875.002 93.36287882321001
C10 899.999 87.07273731138903
C10 919.999 80.16405867228644
C10 925.012 76.9653089612909
C10 949.965 64.6869919410453
C10 975.002 48.177151399140776
C10 999.976 29.54423892536479
C10 1025.028 14.220502175514785
C10 1050.014 5.7629743874415995
C10 1075.002 0.9304568053249462
C10 1099.99 0.09231906943124087
C11 319.994 51.0456191344737
C11 324.969 53.46416315673623
C11 349.982 64.98451323867538
C11 374.975 78.3285321851629
C11 400.019 86.86487881963689
C11 424.965 86.2793421105105
C11 450.035 85.7575838848114
C11 475.003 85.89791176994655
C11 500.018 86.55702966973823
C11 525.002 86.99392750281031
C11 550.029 89.12817779357603
C11 575.023 90.72687909349106
C11 599.982 92.08214142313098
C11 619.997 93.59551807176875
C11 624.979 93.68018058365959
C11 650.012 94.89781686129284
C11 675.004 95.8279704832579
C11 700.03 96.44345568072397
C11 725.012 97.05590416996957
C11 750.022 97.92704366777052
C11 774.987 99.3919395360465
C11 799.976 98.8365948607812
C11 824.988 98.35349948661083
C11 850.022 96.84055665343313
C11 869.967 94.3882739656535
C11 875.002 93.62950028280727
C11 899.999 87.15820656781965
C11 919.999 80.06855077389393
C11 925.012 76.88240454363296
C11 949.965 64.78665533489739
C11 975.002 48.516216235170354
C11 999.976 29.80877692913411
C11 1025.028 14.276534769740636
C11 1050.014 5.79019250216199
C11 1075.002 0.9329369829027211
C11 1099.99 0.09256515037201536
C12 319.994 50.86556288615353
C12 324.969 53.26996985197618
C12 349.982 64.78118317146252
C12 374.975 78.27702991817573
C12 400.019 86.89866314993925
C12 424.965 86.29075069603049
C12 450.035 85.70375271377544
C12 475.003 85.78080442812127
C12 500.018 86.39666255466703
C12 525.002 86.80763801130077
C12 550.029 88.94960565077714
C12 575.023 90.57896324320353
C12 599.982 91.98204421381882
C12 619.997 93.51312357754632
C12 624.979 93.61122675790168
C12 650.012 94.85301970694283
C12 675.004 95.80676680129747
C12 700.03 96.43862282428287
C12 725.012 97.0845968767143
C12 750.022 97.98592840837637
C12 774.987 99.48943385259824
C12 799.976 98.94635017217799
C12 824.988 98.46456385518536
C12 850.022 96.93759432213217
C12 869.967 94.4804331131262
C12 875.002 93.71698640058733
C12 899.999 87.22610249271881
C12 919.999 80.09081235671313
C12 925.012 76.88965763369336
C12 949.965 64.79654937170592
C12 975.002 48.59142233111151
C12 999.976 29.881311635136957
C12 1025.028 14.29278382249926
C12 1050.014 5.8063683009942455
C12 1075.002 0.9334976862979016
C12 1099.99 0.09262078284777756
C13 319.994 50.828464053520314
C13 324.969 53.220769851246374
C13 349.982 64.78069608041963
C13 374.975 78.5888519043929
C13 400.019 87.3967137412856
C13 424.965 86.79109213743789
C13 450.035 86.15510345138553
C13 475.003 86.16594122708965
C13 500.018 86.73472657081945
C13 525.002 87.11229062623052
C13 550.029 89.23896817343893
C13 575.023 90.88150005641576
C13 599.982 92.30611197328592
C13 619.997 93.86073914461772
C13 624.979 93.96372084619945
C13 650.012 95.23119262615751
C13 675.004 96.197170272167
C13 700.03 96.84787062987388
C13 725.012 97.51467543518605
C13 750.022 98.42113664439346
C13 774.987 99.93646165720276
C13 799.976 99.39006727985041
C13 824.988 98.90408741341048
C13 850.022 97.36825891201488
C13 869.967 94.90735319061675
C13 875.002 94.15194348028542
C13 899.999 87.68077153805852
C13 919.999 80.50630101629106
C13 925.012 77.28035031486961
C13 949.965 64.99996315769177
C13 975.002 48.655459581655336
C13 999.976 29.96115080408364
C13 1025.028 14.34354879347426
C13 1050.014 5.80149453651635
C13 1075.002 0.937643832495682
C13 1099.99 0.0930321596645351
C14 319.994 50.47394929847434
C14 324.969 52.83433921669534
C14 349.982 64.36417996317313
C14 374.975 78.43194770220468
C14 400.019 87.38214667478442
C14 424.965 86.80851325301845
C14 450.035 86.14598571592659
C14 475.003 86.10939300133012
C14 500.018 86.62518436175391
C14 525.002 86.9612315165569
C14 550.029 89.04947453616293
C14 575.023 90.67347412711763
C14 599.982 92.09165492006225
C14 619.997 93.64454682955379
C14 624.979 93.74877670193288
C14 650.012 95.02347873955873
C14 675.004 95.99615388740783
C14 700.03 96.65181648511408
C14 725.012 97.31076694735977
C14 750.022 98.20171735117042
C14 774.987 99.69749022508655
C14 799.976 99.15490885730428
C14 824.988 98.67065664190706
C14 850.022 97.14601601290265
C14 869.967 94.69144247506198
C14 875.002 93.94604096350236
C14 899.999 87.47534850152078
C14 919.999 80.30506391840309
C14 925.012 77.09691487243944
C14 949.965 64.78132777661587
C14 975.002 48.439392844750884
C14 999.976 29.86376303869752
C14 1025.028 14.300741862682276
C14 1050.014 5.761440336061431
C14 1075.002 0.9355535833462446
C14 1099.99 0.09282476706420034
C15 319.994 50.106987084043475
C15 324.969 52.434741902391416
C15 349.982 63.91993009967255
C15 374.975 78.19183465045673
C15 400.019 87.28197335749682
C15 424.965 86.73872223953057
C15 450.035 86.0453405291912
C15 475.003 85.94987829558397
C15 500.018 86.41928945576839
C15 525.002 86.72904130505331
C15 550.029 88.78792186773066
C15 575.023 90.40023888445374
C15 599.982 91.81895243322651
C15 619.997 93.36158498762735
C15 624.979 93.4776724825816
C15 650.012 94.75728348462397
C15 675.004 95.72950959541794
C15 700.03 96.38155706429029
C15 725.012 97.08098935867797
C15 750.022 97.89920337035082
C15 774.987 99.36851350120291
C15 799.976 98.8196380038509
C15 824.988 98.34657366084485
C15 850.022 96.80521972043158
C15 869.967 94.3345341241881
C15 875.002 93.58946748772046
C15 899.999 87.15673768389345
C15 919.999 80.05235499671812
C15 925.012 76.82805583836394
C15 949.965 64.49914984683657
C15 975.002 48.19306557680742
C15 999.976 29.680390385347106
C15 1025.028 14.21454006698795
C15 1050.014 5.723873439379195
C15 1075.002 0.9326720979906205
C15 1099.99 0.09253886873438151
C16 319.994 49.910358324069016
C16 324.969 52.212917597144155
C16 349.982 63.66430243712907
C16 374.975 78.14540117463454
C16 400.019 87.39824351159216
C16 424.965 86.8686842184094
C16 450.035 86.12480486635879
C16 475.003 85.97612793631676
C16 500.018 86.41108501601485
C16 525.002 86.67877198726843
C16 550.029 88.73999667558964
C16 575.023 90.36774077893648
C16 599.982 91.80732313457771
C16 619.997 93.38184493069221
C16 624.979 93.48949205116902
C16 650.012 94.78471279897624
C16 675.004 95.78449760768072
C16 700.03 96.44813632121415
C16 725.012 97.07785371008941
C16 750.022 97.92788846629801
C16 774.987 99.3752566678278
C16 799.976 98.82218001023094
C16 824.988 98.36162781838891
C16 850.022 96.84445338177618
C16 869.967 94.35199329375638
C16 875.002 93.59509186710622
C16 899.999 87.10056999801118
C16 919.999 80.080225737328
C16 925.012 76.90661449062368
C16 949.965 64.54932022425338
C16 975.002 48.27246522219588
C16 999.976 29.681630945346946
C16 1025.028 14.188335139690741
C16 1050.014 5.724580767876035
C16 1075.002 0.9329452116601097
C16 1099.99 0.09256596682176386
C17 319.994 49.37551713739003
C17 324.969 51.63898735427392
C17 349.982 62.99317469881134
C17 374.975 77.665235957519
C17 400.019 87.19684658695573
C17 424.965 86.74573178406955
C17 450.035 85.96844864159382
C17 475.003 85.77833852971668
C17 500.018 86.20125532769855
C17 525.002 86.49180513477738
C17 550.029 88.5958481700869
C17 575.023 90.2472694645963
C17 599.982 91.68295509189448
C17 619.997 93.25893055034007
C17 624.979 93.36978181658334
C17 650.012 94.67172289862282
C17 675.004 95.68029056769426
C17 700.03 96.35200433742295
C17 725.012 96.98705689537728
C17 750.022 97.82631476226213
C17 774.987 99.2621678271063
C17 799.976 98.71852094766771
C17 824.988 98.29530732858157
C17 850.022 96.78747134055658
C17 869.967 94.29875576492893
C17 875.002 93.5304457527588
C17 899.999 86.94087263312396
C17 919.999 79.88945348606444
C17 925.012 76.72665718267159
C17 949.965 64.5595186929637
C17 975.002 48.55799190289499
C17 999.976 29.832537839069673
C17 1025.028 14.168894308711671
C17 1050.014 5.6907041566534415
C17 1075.002 0.9319776221591947
C17 1099.99 0.09246996348038929
