lsstCam/transmission_filter_detector/r13_s21/g_6/19700101T000000.ecsv
# %ECSV 1.0
# ---
# datatype:
# - {name: wavelength, unit: nm, datatype: float32}
# - {name: efficiency, unit: '%', datatype: float64}
# meta: !!omap
# - {MODE: DETECTOR}
# - {TYPE: transmission_filter_detector}
# - {CALIBDATE: '1970-01-01T00:00:00'}
# - {INSTRUME: LSSTCam}
# - {OBSTYPE: transmission_filter_detector}
# - {CALIBCLS: lsst.ip.isr.IntermediateFilterDetectorTransmissionCurve}
# - {SOURCE: Materion (DM-46256)}
# - {DETECTOR: 61}
# - {FILTER: g_6}
# - {CALIB_ID: 'calibDate=1970-01-01T00:00:00 filter=g_6 detector=61'}
# - {DATE: '2025-04-02T15:59:42.309360'}
# - {CALIB_CREATION_DATE: '2025-04-02'}
# - {CALIB_CREATION_TIME: '15:59:42'}
# - __serialized_columns__:
#     efficiency:
#       __class__: astropy.units.quantity.Quantity
#       unit: !astropy.units.Unit {unit: '%'}
#       value: !astropy.table.SerializedColumn {name: efficiency}
#     wavelength:
#       __class__: astropy.units.quantity.Quantity
#       unit: !astropy.units.Unit {unit: nm}
#       value: !astropy.table.SerializedColumn {name: wavelength}
# schema: astropy-2.0
wavelength efficiency
[from data line 609]
909.0 0.0004287377123546321
910.0 0.0004095148597116349
911.0 0.00039029205254337285
912.0 0.00045725573727395386
913.0 0.00052421946747927
914.0 0.0003241981858081999
915.0 0.0001241769041371299
916.0 0.00017150678104371764
917.0 0.0002188366124755703
918.0 0.00022433009689848404
919.0 0.0002298235813213978
920.0 0.00033787257507356117
921.0 0.0004459216143004596
922.0 0.0005564089860854438
923.0 0.0006668963578704279
924.0 0.0005926985977566801
925.0 0.0005185007921681972
926.0 0.0005447036528494209
927.0 0.0005709066044801148
928.0 0.0005324253834260162
929.0 0.0004939442533213878
930.0 0.0005085259090265026
931.0 0.0005231076102063525
932.0 0.00048347819756600074
933.0 0.00044384878492564894
934.0 0.00047441526476177387
935.0 0.0005049817445978988
936.0 0.00046160666897776537
937.0 0.00041823159335763194
938.0 0.0005965869149804348
939.0 0.0007749422366032377
940.0 0.0006324462901829975
941.0 0.0004899502528132871
942.0 0.0006869639946671668
943.0 0.0008839777365210466
944.0 0.0007507206646550912
945.0 0.0006174633654154604
946.0 0.0006303167992882663
947.0 0.000643170096736867
948.0 0.0009685393706604373
949.0 0.0012939087355334777
950.0 0.001094770232157316
951.0 0.0008956316378316842
952.0 0.0009243647582479753
953.0 0.0009530978786642663
954.0 0.0008337195140484255
955.0 0.0007143412403820548
956.0 0.0006459021733462578
957.0 0.0005774629244115204
958.0 0.0007764379006403033
959.0 0.000975412785919616
960.0 0.0007519767223129747
961.0 0.0005285404768073931
962.0 0.0005949725164100528
963.0 0.0006614044650632422
964.0 0.0006886057235533372
965.0 0.0007158067546697566
966.0 0.0007781924978189636
967.0 0.0008405781045439653
968.0 0.0007671688763366546
969.0 0.000693759648129344
970.0 0.0007594859653181629
971.0 0.0008252122825069819
972.0 0.0008325422641064506
973.0 0.0008398724276048597
974.0 0.0007633410859853029
975.0 0.0006868100172141567
976.0 0.000760979810365825
977.0 0.0008351498763659038
978.0 0.0009347789273306262
979.0 0.0010344079782953486
980.0 0.001049476213665912
981.0 0.0010645445399859454
982.0 0.0009721175956656225
983.0 0.0008796905603958294
984.0 0.0009245503861166071
985.0 0.0009694105756352656
986.0 0.0011003146937582642
987.0 0.0012312186299823225
988.0 0.0012217709809192456
989.0 0.001212322968058288
990.0 0.0012666815564443823
991.0 0.0013210402357799467
992.0 0.0013037098142376635
993.0 0.0012863794836448506
994.0 0.0012473254173528403
995.0 0.0012082712601113599
996.0 0.001135244656325085
997.0 0.0010622181434882805
998.0 0.0012612629689101595
999.0 0.0014603078852815088
1000.0 0.0013190214303904213
1001.0 0.0011777347936003935
1002.0 0.0011441266906331293
1003.0 0.001110518496716395
1004.0 0.0011256548532401212
1005.0 0.0011407909369154368
1006.0 0.0013656353985425085
1007.0 0.0015904799511190504
1008.0 0.0016240610420936719
1009.0 0.0016576428606640548
1010.0 0.0017655718693276867
1011.0 0.0018735012417891994
1012.0 0.002028237759077456
1013.0 0.0021829744582646526
1014.0 0.002148235398635734
1015.0 0.002113496884703636
1016.0 0.002516574204491917
1017.0 0.0029196517061791383
1018.0 0.0031057188607519493
1019.0 0.0032917861972237006
1020.0 0.0033550219086464494
1021.0 0.0034182572562713176
1022.0 0.0038255191611824557
1023.0 0.0042327814298914745
1024.0 0.004324720066506416
1025.0 0.004416657975525595
1026.0 0.0046610512072220445
1027.0 0.004905443711322732
1028.0 0.004898724364466034
1029.0 0.004892005381407216
1030.0 0.005025095015298575
1031.0 0.005158184285392053
1032.0 0.005474539284477942
1033.0 0.00579089428356383
1034.0 0.005621746458928101
1035.0 0.005452598998090252
1036.0 0.005512701318366453
1037.0 0.005572803274844773
1038.0 0.005803454041597433
1039.0 0.006034105172147974
1040.0 0.006426724576158449
1041.0 0.006819342524977401
1042.0 0.0070465015596710145
1043.0 0.007273660594364628
1044.0 0.007483355147996917
1045.0 0.007693048246437684
1046.0 0.008679716847836971
1047.0 0.009666385449236259
1048.0 0.011221627937629819
1049.0 0.012776868243236095
1050.0 0.015402617282234132
1051.0 0.018028364866040647
1052.0 0.021806325821671635
1053.0 0.02558429550845176
1054.0 0.030694392626173794
1055.0 0.03580448974389583
1056.0 0.042901947745122015
1057.0 0.049999397015199065
1058.0 0.05785551620647311
1059.0 0.06571161793544888
1060.0 0.07336096023209393
1061.0 0.08101026760414243
1062.0 0.08857435313984752
1063.0 0.09613840957172215
1064.0 0.10239511029794812
1065.0 0.108651805203408
1066.0 0.11538442922756076
1067.0 0.12211705325171351
1068.0 0.12985729845240712
1069.0 0.13759757857769728
1070.0 0.1482468331232667
1071.0 0.15889607602730393
1072.0 0.17030563903972507
1073.0 0.18171515548601747
1074.0 0.19317760597914457
1075.0 0.2046401146799326
1076.0 0.21631920244544744
1077.0 0.2279982902109623
1078.0 0.2408267930150032
1079.0 0.25365527253597975
1080.0 0.27060359716415405
1081.0 0.28755192179232836
1082.0 0.31637686770409346
1083.0 0.3452018368989229
1084.0 0.38602526765316725
1085.0 0.4268487449735403
1086.0 0.46308422461152077
1087.0 0.49931970424950123
1088.0 0.5642551463097334
1089.0 0.6291905883699656
1090.0 0.7081800606101751
1091.0 0.787169486284256
1092.0 0.8215459994971752
1093.0 0.8559222333133221
1094.0 0.9005910716950893
1095.0 0.9452596306800842
1096.0 1.0030248202383518
1097.0 1.0607902891933918
1098.0 1.1068238876760006
1099.0 1.1528575792908669
1100.0 1.3538100756704807
1101.0 1.5547621063888073
