lsstCam/transmission_filter_detector/r13_s21/g_6/19700101T000000.ecsv
# %ECSV 1.0
# ---
# datatype:
# - {name: wavelength, unit: nm, datatype: float32}
# - {name: efficiency, unit: '%', datatype: float64}
# meta: !!omap
# - {MODE: DETECTOR}
# - {TYPE: transmission_filter_detector}
# - {CALIBDATE: '1970-01-01T00:00:00'}
# - {INSTRUME: LSSTCam}
# - {OBSTYPE: transmission_filter_detector}
# - {CALIBCLS: lsst.ip.isr.IntermediateFilterDetectorTransmissionCurve}
# - {SOURCE: Materion (DM-46256)}
# - {DETECTOR: 61}
# - {FILTER: g_6}
# - {CALIB_ID: 'calibDate=1970-01-01T00:00:00 filter=g_6 detector=61'}
# - {DATE: '2025-04-02T15:59:42.309360'}
# - {CALIB_CREATION_DATE: '2025-04-02'}
# - {CALIB_CREATION_TIME: '15:59:42'}
# - __serialized_columns__:
#     efficiency:
#       __class__: astropy.units.quantity.Quantity
#       unit: !astropy.units.Unit {unit: '%'}
#       value: !astropy.table.SerializedColumn {name: efficiency}
#     wavelength:
#       __class__: astropy.units.quantity.Quantity
#       unit: !astropy.units.Unit {unit: nm}
#       value: !astropy.table.SerializedColumn {name: wavelength}
# schema: astropy-2.0
wavelength efficiency
300.0 0.5139327142387629
301.0 0.3798076882958412
302.0 0.2456826390698552
303.0 0.21918148268014193
304.0 0.1926802913658321
305.0 0.2019250299781561
306.0 0.21116978023201227
307.0 0.21640039049088955
308.0 0.22163100074976683
309.0 0.2208636375144124
310.0 0.2200963208451867
311.0 0.21249849814921618
312.0 0.20490069873631
313.0 0.2010089810937643
314.0 0.19711724016815424
315.0 0.1877412898465991
316.0 0.17836533952504396
317.0 0.1782562700100243
318.0 0.17814722377806902
319.0 0.16193781048059464
320.0 0.14572837390005589
321.0 0.14011766761541367
322.0 0.13450696133077145
323.0 0.11512563796713948
324.0 0.09574435534887016
325.0 0.0871765660122037
326.0 0.07860877667553723
327.0 0.07106034900061786
328.0 0.0635119213256985
329.0 0.06124248611740768
330.0 0.05897304508835077
331.0 0.05479524843394756
332.0 0.050617457600310445
333.0 0.0471695966552943
334.0 0.0437217386206612
335.0 0.04226587188895792
336.0 0.040810005157254636
337.0 0.041252345545217395
338.0 0.04169468302279711
339.0 0.040509962127543986
340.0 0.039325241232290864
341.0 0.03762388660106808
342.0 0.03592252905946225
343.0 0.03241758095100522
344.0 0.02891263284254819
345.0 0.025568163255229592
346.0 0.022223695123102516
347.0 0.02106701285811141
348.0 0.019910324772354215
349.0 0.018176939920522273
350.0 0.8033781312406063
351.0 1.2726386077702045
352.0 0.9746318683028221
353.0 1.0060809552669525
354.0 0.7960204966366291
355.0 0.9270388633012772
356.0 0.7082438096404076
357.0 0.8790669031441212
358.0 0.5552880000323057
359.0 0.9093489497900009
360.0 0.5695771891623735
361.0 0.9588944725692272
362.0 0.5283318925648928
363.0 0.8054476231336594
364.0 0.4981060978025198
365.0 0.81603042781353
366.0 0.5171900615096092
367.0 0.6883918307721615
368.0 0.5205505527555943
369.0 0.6473394576460123
370.0 0.47265985049307346
371.0 0.5601910874247551
372.0 0.41437307372689247
373.0 0.5404908675700426
374.0 0.3938945010304451
375.0 0.5588153377175331
376.0 0.42460616677999496
377.0 0.6168803665786982
378.0 0.3907021600753069
379.0 0.6416860036551952
380.0 0.42725400999188423
381.0 0.5010425113141537
382.0 0.4935107193887234
383.0 0.5221138708293438
384.0 0.5293188150972128
385.0 0.612209876999259
386.0 0.6497966591268778
387.0 0.708204647526145
388.0 0.9190071374177933
389.0 1.2385351583361626
390.0 1.7176568508148193
391.0 2.6352178305387497
392.0 4.1994985193014145
393.0 6.634770333766937
394.0 10.00773012638092
395.0 14.631479978561401
396.0 20.315353572368622
397.0 27.484318614006042
398.0 35.959529876708984
399.0 45.09795904159546
400.0 54.63172793388367
401.0 63.74309062957764
402.0 72.20205664634705
403.0 79.54370975494385
404.0 84.93848443031311
405.0 89.03138637542725
406.0 91.37628078460693
407.0 93.29412579536438
408.0 94.347083568573
409.0 94.90711688995361
410.0 95.15135884284973
411.0 94.9899971485138
412.0 94.62109804153442
413.0 94.37493085861206
414.0 94.19856667518616
415.0 94.35426592826843
416.0 94.68297958374023
417.0 95.05806565284729
418.0 95.55492997169495
419.0 96.12425565719604
420.0 96.67564630508423
421.0 97.21516966819763
422.0 97.34356999397278
423.0 97.62086868286133
424.0 97.40768074989319
425.0 97.33393788337708
426.0 97.29356169700623
427.0 97.307288646698
428.0 97.16114401817322
429.0 96.95019721984863
430.0 96.73441052436829
431.0 96.77436947822571
432.0 96.80107235908508
433.0 96.85394167900085
434.0 96.99268341064453
435.0 97.16340899467468
436.0 97.2106397151947
437.0 97.16730117797852
438.0 97.25373983383179
439.0 97.32269644737244
440.0 97.34647870063782
441.0 97.44844436645508
442.0 97.39765524864197
443.0 97.3933219909668
444.0 97.34638333320618
445.0 97.11824059486389
446.0 97.00626730918884
447.0 96.80628180503845
448.0 96.81560397148132
449.0 97.00221419334412
450.0 97.23955988883972
451.0 97.45663404464722
452.0 97.64258861541748
453.0 97.77552485466003
454.0 97.7947473526001
455.0 98.0628490447998
456.0 98.17318320274353
457.0 98.2897162437439
458.0 98.24288487434387
459.0 98.33549857139587
460.0 98.35562705993652
461.0 98.54086637496948
462.0 98.4437882900238
463.0 98.38758707046509
464.0 98.49072098731995
465.0 98.4009325504303
466.0 98.38570356369019
467.0 98.39853048324585
468.0 98.42333793640137
469.0 98.48642945289612
470.0 98.32693934440613
471.0 98.25049638748169
472.0 98.24084043502808
473.0 98.1471061706543
474.0 98.02906513214111
475.0 98.08740019798279
476.0 98.05946946144104
477.0 98.09448719024658
478.0 98.18733930587769
479.0 98.16193580627441
480.0 98.34529161453247
481.0 98.4013557434082
482.0 98.58028292655945
483.0 98.47480654716492
484.0 98.65623712539673
485.0 98.66454601287842
486.0 98.68645668029785
487.0 98.75739216804504
488.0 98.72387051582336
489.0 98.78978729248047
490.0 98.77257347106934
491.0 98.79425764083862
492.0 98.67173433303833
493.0 98.66721034049988
494.0 98.66722226142883
495.0 98.6765205860138
496.0 98.48504066467285
497.0 98.44744801521301
498.0 98.24607968330383
499.0 98.32066297531128
500.0 98.21629524230957
501.0 98.16274642944336
502.0 98.06604385375977
503.0 98.18647503852844
504.0 98.03215265274048
505.0 98.07596206665039
506.0 98.11962842941284
507.0 98.0700671672821
508.0 98.07567000389099
509.0 98.06922674179077
510.0 97.9917585849762
511.0 97.97797799110413
512.0 97.87827134132385
513.0 97.99675941467285
514.0 97.97399640083313
515.0 97.97345399856567
516.0 98.08441996574402
517.0 98.08211326599121
518.0 98.14283847808838
519.0 98.16386699676514
520.0 98.2247531414032
521.0 98.31266403198242
522.0 98.35861921310425
523.0 98.30199480056763
524.0 98.39231967926025
525.0 98.34147691726685
526.0 98.47757816314697
527.0 98.48908185958862
528.0 98.55157732963562
529.0 98.66889119148254
530.0 98.67371320724487
531.0 98.81643056869507
532.0 98.73793125152588
533.0 98.69271516799927
534.0 98.70916604995728
535.0 98.50634932518005
536.0 98.1463611125946
537.0 97.61260151863098
538.0 96.82978391647339
539.0 95.41312456130981
540.0 93.65339875221252
541.0 91.03013277053833
542.0 88.23280930519104
543.0 84.56940054893494
544.0 79.96146082878113
545.0 75.9034276008606
546.0 70.95757722854614
547.0 66.32106900215149
548.0 61.72553896903992
549.0 57.583850622177124
550.0 54.30312156677246
551.0 51.13673806190491
552.0 48.72657358646393
553.0 46.21052443981171
554.0 43.336912989616394
555.0 40.15669524669647
556.0 35.92523634433746
557.0 31.050240993499756
558.0 25.678399205207825
559.0 20.36520093679428
560.0 15.183906257152557
561.0 10.41819453239441
562.0 6.73314705491066
563.0 3.9845161139965057
564.0 2.1911682561039925
565.0 1.0805695317685604
566.0 0.5597228650003672
567.0 0.29746037907898426
568.0 0.18769840244203806
569.0 0.10613104095682502
570.0 0.09122475748881698
571.0 0.05960739217698574
572.0 0.061477546114474535
573.0 0.04304198082536459
574.0 0.041560540557838976
575.0 0.03418955020606518
576.0 0.04790614766534418
577.0 0.024473408120684326
578.0 0.026928388979285955
579.0 0.026470317970961332
580.0 0.03106162475887686
581.0 0.026792605058290064
582.0 0.021071406081318855
583.0 0.022517619072459638
584.0 0.025651228497736156
585.0 0.014078737876843661
586.0 0.028946736711077392
587.0 0.01383330236421898
588.0 0.02399492368567735
589.0 0.016867088561411947
590.0 0.017400464275851846
591.0 0.01718812418403104
592.0 0.009937406139215454
593.0 0.011091055785072967
594.0 0.023270820383913815
595.0 0.009412937652086839
596.0 0.008216271089622751
597.0 0.017877582286018878
598.0 0.008046462608035654
599.0 0.011845951667055488
600.0 0.004173682100372389
601.0 0.002498484718671534
602.0 0.0025271821868955158
603.0 0.0025558792913216166
604.0 0.00229104989557527
605.0 0.0020262204998289235
606.0 0.0020653847968787886
607.0 0.0021045489120297134
608.0 0.001976857856789138
609.0 0.001849166801548563
610.0 0.0019281533241155557
611.0 0.0020071398466825485
612.0 0.0018777975128614344
613.0 0.0017484553609392606
614.0 0.0017709569874568842
615.0 0.001793459159671329
616.0 0.0018814747818396427
617.0 0.0019694904040079564
618.0 0.001866625461843796
619.0 0.0017637605196796358
620.0 0.0017391257642884739
621.0 0.001714491008897312
622.0 0.0016364978364435956
623.0 0.0015585044820909388
624.0 0.001554402660985943
625.0 0.001550300839880947
626.0 0.0014175262549542822
627.0 0.001284751942876028
628.0 0.0014195227777236141
629.0 0.0015542938854196109
630.0 0.0014291157640400343
631.0 0.001303937278862577
632.0 0.001409108972438844
633.0 0.00151428021126776
634.0 0.0014496908988803625
635.0 0.0013851011317456141
636.0 0.001414983216818655
637.0 0.0014448657566390466
638.0 0.0014136697245703544
639.0 0.001382473510602722
640.0 0.0012241213880770374
641.0 0.0010657689927029423
642.0 0.0013101460353937
643.0 0.001554523259983398
644.0 0.0014035693311598152
645.0 0.0012526153113867622
646.0 0.0012487546882766765
647.0 0.001244894247065531
648.0 0.0011972386346315034
649.0 0.0011495829312480055
650.0 0.001289638748858124
651.0 0.0014296940207714215
652.0 0.0012015123502351344
653.0 0.0009733306796988472
654.0 0.0010756568372016773
655.0 0.0011779830856539775
656.0 0.0011924038517463487
657.0 0.0012068246178387199
658.0 0.001123525817092741
659.0 0.0010402273801446427
660.0 0.0009357754606753588
661.0 0.0008313234502566047
662.0 0.0010009676771005616
663.0 0.0011706120858434588
664.0 0.0011912757145182695
665.0 0.00121193916129414
666.0 0.0011825887668237556
667.0 0.0011532380085554905
668.0 0.0012048256394336931
669.0 0.0012564131793624256
670.0 0.0012054539183736779
671.0 0.0011544946573849302
672.0 0.0011678027476591524
673.0 0.0011811107469839044
674.0 0.0011491129043861292
675.0 0.0011171151527378242
676.0 0.001037891343003139
677.0 0.0009586671694705728
678.0 0.001095193965738872
679.0 0.0012317206710577011
680.0 0.0011117967005702667
681.0 0.000991872548183892
682.0 0.0010465745617693756
683.0 0.001101276484405389
684.0 0.0010354894584452268
685.0 0.0009697023415355943
686.0 0.0010695060154830571
687.0 0.00116930968943052
688.0 0.0011450822967162821
689.0 0.0011208549949515145
690.0 0.001064565822161967
691.0 0.0010082765584229492
692.0 0.001002027784124948
693.0 0.0009957791007764172
694.0 0.001085816984414123
695.0 0.001175854959001299
696.0 0.0011723997886292636
697.0 0.001168944527307758
698.0 0.0012993090422241949
699.0 0.0014296735571406316
700.0 0.0012018608686048537
701.0 0.0009740479981701355
702.0 0.00114457334348117
703.0 0.0013150986887922045
704.0 0.0012405307643348351
705.0 0.0011659626579785254
706.0 0.0011475483916001394
707.0 0.0011291344890196342
708.0 0.0011422655006754212
709.0 0.001155396876129089
710.0 0.0011948152859986294
711.0 0.0012342339687165804
712.0 0.001219679688801989
713.0 0.001205125681735808
714.0 0.0012476695701479912
715.0 0.0012902137314085849
716.0 0.0015179360161710065
717.0 0.0017456586647313088
718.0 0.0019512717699399218
719.0 0.0021568846932495944
720.0 0.001807733679015655
721.0 0.0014585825738322455
722.0 0.0016041480193962343
723.0 0.001749713919707574
724.0 0.0017476457287557423
725.0 0.001745577719702851
726.0 0.0018714255929808132
727.0 0.001997273648157716
728.0 0.0020669371224357747
729.0 0.002136600414814893
730.0 0.0020666886484832503
731.0 0.0019967768821516074
732.0 0.0018551654648035765
733.0 0.0017135542293544859
734.0 0.0015393494322779588
735.0 0.001365144726150902
736.0 0.0012110701391065959
737.0 0.0010569953701633494
738.0 0.0009958952432498336
739.0 0.0009347950253868476
740.0 0.000881496089277789
741.0 0.0008281969712697901
742.0 0.0007733640813967213
743.0 0.0007185311915236525
744.0 0.0008526637429895345
745.0 0.0009867963854048867
746.0 0.0009923018296831287
747.0 0.0009978072739613708
748.0 0.0011243258995818906
749.0 0.0012508447071013507
750.0 0.0009851600225374568
751.0 0.0007194757017714437
752.0 0.0007177907718869392
753.0 0.000716106023901375
754.0 0.000854535392136313
755.0 0.0009929646694217809
756.0 0.000997102506516967
757.0 0.001001240252662683
758.0 0.000901248768059304
759.0 0.0008012575563043356
760.0 0.0006694587682432029
761.0 0.0005376599801820703
762.0 0.0006299487267824588
763.0 0.0007222373824333772
764.0 0.0008090381925285328
765.0 0.000895839275472099
766.0 0.000836485287436517
767.0 0.0007771313903504051
768.0 0.0006094704531278694
769.0 0.0004418094249558635
770.0 0.000357522321792203
771.0 0.00027323524136591004
772.0 0.0004861538855038816
773.0 0.0006990726433286909
774.0 0.0008720384357729927
775.0 0.0010450044101162348
776.0 0.0009245758519682568
777.0 0.0008041473847697489
778.0 0.0007475167876691557
779.0 0.0006908862360432977
780.0 0.0006652016963926144
781.0 0.0006395171567419311
782.0 0.0005563804279518081
783.0 0.0004732435627374798
784.0 0.0006218119324330473
785.0 0.0007703802111791447
786.0 0.0007184094101830851
787.0 0.0006664389275101712
788.0 0.000452140784545918
789.0 0.00023784270979376743
790.0 0.00024294317881867755
791.0 0.0002480436023688526
792.0 0.0002744723360592616
793.0 0.000300901047012303
794.0 0.0002694259592317394
795.0 0.00023795089418854332
796.0 0.00035405355447437614
797.0 0.0004701562374975765
798.0 0.0005256667009234661
799.0 0.0005811771643493557
800.0 0.0005424905793915968
801.0 0.0005038041763327783
802.0 0.0004273073955118889
803.0 0.00035081075111520477
804.0 0.00031090846732695354
805.0 0.0002710062744881725
806.0 0.00033617370718275197
807.0 0.00040134113987733144
808.0 0.00045735901039734017
809.0 0.0005133768809173489
810.0 0.00036835690480074845
811.0 0.00022333690594678046
812.0 0.00030433732263190905
813.0 0.000385337671104935
814.0 0.00042655983634176664
815.0 0.0004677820015785983
816.0 0.0005861246791027952
817.0 0.0007044672656775219
818.0 0.0005217846592131536
819.0 0.0003391020754861529
820.0 0.0004776463356392924
821.0 0.000616190436630859
822.0 0.00047185708353936207
823.0 0.0003275237304478651
824.0 0.00038261991903709713
825.0 0.0004377161076263292
826.0 0.000578630806558067
827.0 0.0007195454145403346
828.0 0.0006280230081756599
829.0 0.0005365005563362502
830.0 0.0004417596755956765
831.0 0.00034701877211773535
832.0 0.0005267425876809284
833.0 0.0007064663350320188
834.0 0.0005437945674202638
835.0 0.00038112286802061135
836.0 0.0004769253337144619
837.0 0.00057272782214568
838.0 0.0004899662144453032
839.0 0.0004072046067449264
840.0 0.0005094541847938672
841.0 0.0006117036718933377
842.0 0.00032942921279754955
843.0 4.715460590887233e-05
844.0 0.00010786249049488106
845.0 0.0001685703750808898
846.0 0.0004273834747436922
847.0 0.000686196653987281
848.0 0.0005999785571475513
849.0 0.0005137605967320269
850.0 0.0005200029590923805
851.0 0.0005262453669274691
852.0 0.0005645135388476774
853.0 0.000602781346970005
854.0 0.0006188965471665142
855.0 0.000635011519989348
856.0 0.0005863090791535797
857.0 0.0005376066837925464
858.0 0.0005429998054751195
859.0 0.0005483929271576926
860.0 0.0005803913154522888
861.0 0.0006123897037468851
862.0 0.0005473388227983378
863.0 0.0004822879873245256
864.0 0.0004426445229910314
865.0 0.0004030010586575372
866.0 0.0004420164714247221
867.0 0.0004810319296666421
868.0 0.0006540856702486053
869.0 0.0008271394108305685
870.0 0.0006646590463788016
871.0 0.0005021785000280943
872.0 0.000383633005185402
873.0 0.0002650873511811369
874.0 0.0004141879799135495
875.0 0.0005632886313833296
876.0 0.0006622929049626691
877.0 0.0007612971785420086
878.0 0.000745664510759525
879.0 0.0007300317520275712
880.0 0.0007261947757797316
881.0 0.0007223580723803025
882.0 0.0006411718459276017
883.0 0.0005599858923233114
884.0 0.0006130112524260767
885.0 0.0006660368853772525
886.0 0.000697912309988169
887.0 0.0007297880529222311
888.0 0.0005740509095630841
889.0 0.0004183139026281424
890.0 0.0004496499514061725
891.0 0.00048098613660840783
892.0 0.00047762596295797266
893.0 0.00047426588025700767
894.0 0.0004787353645951953
895.0 0.0004832048034586478
896.0 0.0002923999772974639
897.0 0.00010159506018680986
898.0 0.0002506006467228872
899.0 0.0003996062332589645
900.0 0.0003570368789951317
901.0 0.00031446754746866645
902.0 0.0005551284630200826
903.0 0.0007957894013088662
904.0 0.0004459113370103296
905.0 9.603323860574164e-05
906.0 0.00032366360755986534
907.0 0.0005512939878826728
