ts8/qe_curve/rtm-019_s11/19700101T000000.ecsv
# %ECSV 0.9
# ---
# datatype:
# - {name: amp_name, datatype: string}
# - {name: wavelength, unit: nm, datatype: float32}
# - {name: efficiency, unit: '%', datatype: float32}
# meta: !!omap
# - {MODE: AMP}
# - {TYPE: QE}
# - {CALIBDATE: '1970-01-01T00:00:00'}
# - {INSTRUME: TS8}
# - {OBSTYPE: qe_curve}
# - {DETECTOR: 139}
# - {PICKLEFILE: RaftRun11808.p}
# - {CALIB_ID: 'raftName=RTM-019 detectorName=S11 detector=139 calibDate=1970-01-01T00:00:00 ccd=139 ccdnum=139 filter=None'}
# - {DATE: '2020-01-23T13:37:36.053589'}
# - {CALIB_CREATION_DATE: '2020-01-23'}
# - {CALIB_CREATION_TIME: '13:37:36'}
# - __serialized_columns__:
#     efficiency:
#       __class__: astropy.units.quantity.Quantity
#       unit: !astropy.units.Unit {unit: '%'}
#       value: !astropy.table.SerializedColumn {name: efficiency}
#     wavelength:
#       __class__: astropy.units.quantity.Quantity
#       unit: !astropy.units.Unit {unit: nm}
#       value: !astropy.table.SerializedColumn {name: wavelength}
# schema: astropy-2.0
amp_name wavelength efficiency
C07 319.994 40.543327
C07 324.969 45.824883
C07 349.982 70.29548
C07 374.975 77.475426
C07 400.019 84.61087
C07 424.965 86.44352
C07 450.035 88.069084
C07 475.003 90.330605
C07 500.018 93.12268
C07 525.002 93.810196
C07 550.029 95.507576
C07 575.023 96.99479
C07 599.982 98.22145
C07 619.997 98.87949
C07 624.979 98.772095
C07 650.012 99.27848
C07 675.004 99.67367
C07 700.03 99.61227
C07 725.012 99.1346
C07 750.022 98.51606
C07 774.987 98.4471
C07 799.976 97.31576
C07 824.988 96.083786
C07 850.022 93.62967
C07 869.967 90.47661
C07 875.002 90.13489
C07 899.999 82.73564
C07 919.999 74.98179
C07 925.012 71.73072
C07 949.965 57.43326
C07 975.002 42.85831
C07 999.976 26.063358
C07 1025.028 11.461028
C07 1050.014 4.025348
C07 1075.002 2.1565003
C07 1099.99 1.6731006
C12 319.994 41.030952
C12 324.969 46.38145
C12 349.982 71.39601
C12 374.975 78.667816
C12 400.019 85.23265
C12 424.965 86.75561
C12 450.035 88.207794
C12 475.003 90.35827
C12 500.018 93.080376
C12 525.002 93.72562
C12 550.029 95.39926
C12 575.023 96.874084
C12 599.982 98.09553
C12 619.997 98.756615
C12 624.979 98.64688
C12 650.012 99.15837
C12 675.004 99.55953
C12 700.03 99.49899
C12 725.012 99.00653
C12 750.022 98.352394
C12 774.987 98.243034
C12 799.976 97.09991
C12 824.988 95.87599
C12 850.022 93.42895
C12 869.967 90.22096
C12 875.002 89.891525
C12 899.999 82.45803
C12 919.999 74.80785
C12 925.012 71.60806
C12 949.965 57.59063
C12 975.002 42.51879
C12 999.976 25.963036
C12 1025.028 11.348833
C12 1050.014 3.9490309
C12 1075.002 2.14167
C12 1099.99 1.6719503
C02 319.994 38.96323
C02 324.969 44.027283
C02 349.982 67.26938
C02 374.975 74.48297
C02 400.019 82.830284
C02 424.965 85.342155
C02 450.035 87.33376
C02 475.003 89.80939
C02 500.018 92.73221
C02 525.002 93.51102
C02 550.029 95.25548
C02 575.023 96.77177
C02 599.982 98.01643
C02 619.997 98.682274
C02 624.979 98.57314
C02 650.012 99.088066
C02 675.004 99.47924
C02 700.03 99.40817
C02 725.012 98.88541
C02 750.022 98.20121
C02 774.987 98.07182
C02 799.976 96.938545
C02 824.988 95.75246
C02 850.022 93.38346
C02 869.967 90.273964
C02 875.002 89.965546
C02 899.999 82.483826
C02 919.999 74.889336
C02 925.012 71.58074
C02 949.965 57.886833
C02 975.002 43.13508
C02 999.976 26.439888
C02 1025.028 11.576833
C02 1050.014 3.935657
C02 1075.002 2.1306875
C02 1099.99 1.6860144
C01 319.994 38.534187
C01 324.969 43.53743
C01 349.982 66.43935
C01 374.975 73.64184
C01 400.019 82.371864
C01 424.965 85.09831
C01 450.035 87.20436
C01 475.003 89.74481
C01 500.018 92.71271
C01 525.002 93.52054
C01 550.029 95.28111
C01 575.023 96.807816
C01 599.982 98.05723
C01 619.997 98.726204
C01 624.979 98.61863
C01 650.012 99.13335
C01 675.004 99.526
C01 700.03 99.45584
C01 725.012 98.937904
C01 750.022 98.260666
C01 774.987 98.14729
C01 799.976 97.02004
C01 824.988 95.83848
C01 850.022 93.48309
C01 869.967 90.38483
C01 875.002 90.082756
C01 899.999 82.62038
C01 919.999 75.016884
C01 925.012 71.77124
C01 949.965 58.148434
C01 975.002 43.268898
C01 999.976 26.500288
C01 1025.028 11.545863
C01 1050.014 3.9339738
C01 1075.002 2.145568
C01 1099.99 1.6963848
C10 319.994 41.435154
C10 324.969 46.84632
C10 349.982 72.229
C10 374.975 79.4941
C10 400.019 85.63888
C10 424.965 86.94169
C10 450.035 88.27464
C10 475.003 90.35534
C10 500.018 93.028404
C10 525.002 93.65125
C10 550.029 95.30559
C10 575.023 96.77103
C10 599.982 97.99129
C10 619.997 98.64879
C10 624.979 98.5392
C10 650.012 99.05152
C10 675.004 99.45548
C10 700.03 99.4081
C10 725.012 98.95185
C10 750.022 98.355576
C10 774.987 98.29723
C10 799.976 97.17019
C10 824.988 95.916214
C10 850.022 93.422295
C10 869.967 90.19597
C10 875.002 89.85532
C10 899.999 82.34752
C10 919.999 74.39414
C10 925.012 71.22806
C10 949.965 57.64781
C10 975.002 42.488995
C10 999.976 25.960642
C10 1025.028 11.341939
C10 1050.014 3.9469647
C10 1075.002 2.1328828
C10 1099.99 1.6690587
C03 319.994 39.438263
C03 324.969 44.56698
C03 349.982 68.17573
C03 374.975 75.40668
C03 400.019 83.40577
C03 424.965 85.723724
C03 450.035 87.60824
C03 475.003 90.02302
C03 500.018 92.90633
C03 525.002 93.66016
C03 550.029 95.39003
C03 575.023 96.89832
C03 599.982 98.13923
C03 619.997 98.80133
C03 624.979 98.69328
C03 650.012 99.20579
C03 675.004 99.59986
C03 700.03 99.52791
C03 725.012 98.999886
C03 750.022 98.312065
C03 774.987 98.183914
C03 799.976 97.0447
C03 824.988 95.8402
C03 850.022 93.433334
C03 869.967 90.34296
C03 875.002 90.04553
C03 899.999 82.57194
C03 919.999 74.91349
C03 925.012 71.57808
C03 949.965 57.74622
C03 975.002 43.09233
C03 999.976 26.375404
C03 1025.028 11.617882
C03 1050.014 3.960449
C03 1075.002 2.1267467
C03 1099.99 1.6789318
C13 319.994 40.79523
C13 324.969 46.113117
C13 349.982 70.94944
C13 374.975 78.245766
C13 400.019 85.01765
C13 424.965 86.65442
C13 450.035 88.16527
C13 475.003 90.352104
C13 500.018 93.097885
C13 525.002 93.7578
C13 550.029 95.43944
C13 575.023 96.92156
C13 599.982 98.14682
C13 619.997 98.808815
C13 624.979 98.698265
C13 650.012 99.21539
C13 675.004 99.61442
C13 700.03 99.553474
C13 725.012 99.0505
C13 750.022 98.38206
C13 774.987 98.26362
C13 799.976 97.118126
C13 824.988 95.89443
C13 850.022 93.4207
C13 869.967 90.23201
C13 875.002 89.91778
C13 899.999 82.51135
C13 919.999 74.87815
C13 925.012 71.62134
C13 949.965 57.498425
C13 975.002 42.56688
C13 999.976 25.993595
C13 1025.028 11.393073
C13 1050.014 3.9681304
C13 1075.002 2.143556
C13 1099.99 1.6717668
C14 319.994 40.445892
C14 324.969 45.715557
C14 349.982 70.25985
C14 374.975 77.53383
C14 400.019 84.53883
C14 424.965 86.31059
C14 450.035 87.89537
C14 475.003 90.12186
C14 500.018 92.89064
C14 525.002 93.568474
C14 550.029 95.25755
C14 575.023 96.74373
C14 599.982 97.96887
C14 619.997 98.630974
C14 624.979 98.51902
C14 650.012 99.03312
C14 675.004 99.43399
C14 700.03 99.36977
C14 725.012 98.86064
C14 750.022 98.18626
C14 774.987 98.06284
C14 799.976 96.91902
C14 824.988 95.69721
C14 850.022 93.21947
C14 869.967 90.071266
C14 875.002 89.760284
C14 899.999 82.3797
C14 919.999 74.72703
C14 925.012 71.4243
C14 949.965 57.34149
C14 975.002 42.594547
C14 999.976 25.960966
C14 1025.028 11.377127
C14 1050.014 3.9564476
C14 1075.002 2.1363928
C14 1099.99 1.6675453
C16 319.994 39.834236
C16 324.969 45.022766
C16 349.982 69.01182
C16 374.975 76.18635
C16 400.019 83.76136
C16 424.965 85.86451
C16 450.035 87.633026
C16 475.003 89.97844
C16 500.018 92.818954
C16 525.002 93.54316
C16 550.029 95.25503
C16 575.023 96.75839
C16 599.982 97.99266
C16 619.997 98.65445
C16 624.979 98.54266
C16 650.012 99.05109
C16 675.004 99.45155
C16 700.03 99.38338
C16 725.012 98.88541
C16 750.022 98.2231
C16 774.987 98.11339
C16 799.976 96.97209
C16 824.988 95.765175
C16 850.022 93.278984
C16 869.967 90.15392
C16 875.002 89.82652
C16 899.999 82.542625
C16 919.999 74.867294
C16 925.012 71.40362
C16 949.965 57.37031
C16 975.002 42.7933
C16 999.976 26.106058
C16 1025.028 11.509506
C16 1050.014 3.9962323
C16 1075.002 2.1303449
C16 1099.99 1.6639607
C17 319.994 39.73081
C17 324.969 44.903187
C17 349.982 68.678406
C17 374.975 75.77127
C17 400.019 83.64069
C17 424.965 85.91155
C17 450.035 87.78226
C17 475.003 90.1894
C17 500.018 93.073654
C17 525.002 93.82148
C17 550.029 95.55446
C17 575.023 97.05917
C17 599.982 98.29485
C17 619.997 98.95693
C17 624.979 98.84676
C17 650.012 99.35563
C17 675.004 99.74635
C17 700.03 99.68151
C17 725.012 99.18459
C17 750.022 98.53374
C17 774.987 98.437004
C17 799.976 97.30312
C17 824.988 96.094536
C17 850.022 93.6415
C17 869.967 90.536415
C17 875.002 90.2129
C17 899.999 82.85872
C17 919.999 75.012535
C17 925.012 71.608574
C17 949.965 57.74352
C17 975.002 43.206646
C17 999.976 26.40057
C17 1025.028 11.686295
C17 1050.014 4.0042987
C17 1075.002 2.1251776
C17 1099.99 1.6765232
C06 319.994 40.3614
C06 324.969 45.61611
C06 349.982 69.94373
C06 374.975 77.17502
C06 400.019 84.49103
C06 424.965 86.41753
C06 450.035 88.08819
C06 475.003 90.37789
C06 500.018 93.18403
C06 525.002 93.88618
C06 550.029 95.58584
C06 575.023 97.08091
C06 599.982 98.31001
C06 619.997 98.97259
C06 624.979 98.861015
C06 650.012 99.37169
C06 675.004 99.766685
C06 700.03 99.70082
C06 725.012 99.20412
C06 750.022 98.55745
C06 774.987 98.460625
C06 799.976 97.32108
C06 824.988 96.100334
C06 850.022 93.62291
C06 869.967 90.485435
C06 875.002 90.18377
C06 899.999 82.8009
C06 919.999 75.07002
C06 925.012 71.640656
C06 949.965 57.498474
C06 975.002 42.84
C06 999.976 26.108541
C06 1025.028 11.512158
C06 1050.014 4.0106945
C06 1075.002 2.1496234
C06 1099.99 1.6744112
C00 319.994 38.02647
C00 324.969 42.959797
C00 349.982 65.47134
C00 374.975 72.66436
C00 400.019 81.7664
C00 424.965 84.70476
C00 450.035 86.92951
C00 475.003 89.54495
C00 500.018 92.5568
C00 525.002 93.39529
C00 550.029 95.17446
C00 575.023 96.71074
C00 599.982 97.964
C00 619.997 98.637276
C00 624.979 98.53271
C00 650.012 99.04736
C00 675.004 99.43971
C00 700.03 99.37141
C00 725.012 98.86608
C00 750.022 98.203445
C00 774.987 98.110466
C00 799.976 96.993256
C00 824.988 95.830505
C00 850.022 93.48531
C00 869.967 90.37727
C00 875.002 90.09181
C00 899.999 82.6802
C00 919.999 75.08875
C00 925.012 71.887924
C00 949.965 58.27156
C00 975.002 43.365845
C00 999.976 26.49053
C00 1025.028 11.487475
C00 1050.014 3.9629197
C00 1075.002 2.16397
C00 1099.99 1.6984197
C15 319.994 40.093845
C15 324.969 45.31649
C15 349.982 69.56538
C15 374.975 76.810196
C15 400.019 84.12565
C15 424.965 86.06726
C15 450.035 87.74519
C15 475.003 90.03131
C15 500.018 92.83554
C15 525.002 93.53658
C15 550.029 95.237724
C15 575.023 96.73076
C15 599.982 97.96237
C15 619.997 98.62378
C15 624.979 98.516624
C15 650.012 99.02755
C15 675.004 99.42588
C15 700.03 99.36238
C15 725.012 98.85581
C15 750.022 98.1859
C15 774.987 98.06535
C15 799.976 96.91882
C15 824.988 95.70161
C15 850.022 93.22025
C15 869.967 90.075424
C15 875.002 89.75042
C15 899.999 82.41161
C15 919.999 74.85486
C15 925.012 71.471725
C15 949.965 57.331013
C15 975.002 42.617855
C15 999.976 25.929813
C15 1025.028 11.397402
C15 1050.014 3.9809167
C15 1075.002 2.143148
C15 1099.99 1.663817
C11 319.994 41.437557
C11 324.969 46.844463
C11 349.982 72.158966
C11 374.975 79.42416
C11 400.019 85.72204
C11 424.965 87.109344
C11 450.035 88.48964
C11 475.003 90.60406
C11 500.018 93.300186
C11 525.002 93.93222
C11 550.029 95.59709
C11 575.023 97.06866
C11 599.982 98.290985
C11 619.997 98.950806
C11 624.979 98.83887
C11 650.012 99.35357
C11 675.004 99.75573
C11 700.03 99.69965
C11 725.012 99.21911
C11 750.022 98.589386
C11 774.987 98.50219
C11 799.976 97.361404
C11 824.988 96.11557
C11 850.022 93.65405
C11 869.967 90.41405
C11 875.002 90.07964
C11 899.999 82.61209
C11 919.999 74.85929
C11 925.012 71.66773
C11 949.965 57.675568
C11 975.002 42.6081
C11 999.976 26.01881
C11 1025.028 11.355212
C11 1050.014 3.952145
C11 1075.002 2.1435373
C11 1099.99 1.6729368
C05 319.994 40.02981
C05 324.969 45.237423
C05 349.982 69.33411
C05 374.975 76.603195
C05 400.019 84.16945
C05 424.965 86.224884
C05 450.035 87.96474
C05 475.003 90.284836
C05 500.018 93.11321
C05 525.002 93.82835
C05 550.029 95.5403
C05 575.023 97.0379
C05 599.982 98.27506
C05 619.997 98.9356
C05 624.979 98.82686
C05 650.012 99.33922
C05 675.004 99.737144
C05 700.03 99.665665
C05 725.012 99.155365
C05 750.022 98.4837
C05 774.987 98.370926
C05 799.976 97.225365
C05 824.988 96.01403
C05 850.022 93.54527
C05 869.967 90.43642
C05 875.002 90.13064
C05 899.999 82.77894
C05 919.999 75.1062
C05 925.012 71.60867
C05 949.965 57.558968
C05 975.002 42.840706
C05 999.976 26.104805
C05 1025.028 11.539756
C05 1050.014 4.004472
C05 1075.002 2.14354
C05 1099.99 1.6729676
C04 319.994 39.799324
C04 324.969 44.97621
C04 349.982 68.876114
C04 374.975 76.14199
C04 400.019 83.90296
C04 424.965 86.073166
C04 450.035 87.87542
C04 475.003 90.236984
C04 500.018 93.09463
C04 525.002 93.827225
C04 550.029 95.55109
C04 575.023 97.053406
C04 599.982 98.29168
C04 619.997 98.95646
C04 624.979 98.84627
C04 650.012 99.36151
C04 675.004 99.753525
C04 700.03 99.68186
C04 725.012 99.15882
C04 750.022 98.478455
C04 774.987 98.34906
C04 799.976 97.20729
C04 824.988 95.99937
C04 850.022 93.55858
C04 869.967 90.45982
C04 875.002 90.15379
C04 899.999 82.72801
C04 919.999 75.05628
C04 925.012 71.66318
C04 949.965 57.64097
C04 975.002 42.981575
C04 999.976 26.265142
C04 1025.028 11.602751
C04 1050.014 3.9975204
C04 1075.002 2.135735
C04 1099.99 1.6764852
