lsstCam/transmission_filter_detector/r30_s22/u_24/19700101T000000.ecsv
# %ECSV 1.0
# ---
# datatype:
# - {name: wavelength, unit: nm, datatype: float32}
# - {name: efficiency, unit: '%', datatype: float64}
# meta: !!omap
# - {MODE: DETECTOR}
# - {TYPE: transmission_filter_detector}
# - {CALIBDATE: '1970-01-01T00:00:00'}
# - {INSTRUME: LSSTCam}
# - {OBSTYPE: transmission_filter_detector}
# - {CALIBCLS: lsst.ip.isr.IntermediateFilterDetectorTransmissionCurve}
# - {SOURCE: Materion (DM-46256)}
# - {DETECTOR: 125}
# - {FILTER: u_24}
# - {CALIB_ID: 'calibDate=1970-01-01T00:00:00 filter=u_24 detector=125'}
# - {DATE: '2025-04-02T15:59:40.327373'}
# - {CALIB_CREATION_DATE: '2025-04-02'}
# - {CALIB_CREATION_TIME: '15:59:40'}
# - __serialized_columns__:
#     efficiency:
#       __class__: astropy.units.quantity.Quantity
#       unit: !astropy.units.Unit {unit: '%'}
#       value: !astropy.table.SerializedColumn {name: efficiency}
#     wavelength:
#       __class__: astropy.units.quantity.Quantity
#       unit: !astropy.units.Unit {unit: nm}
#       value: !astropy.table.SerializedColumn {name: wavelength}
# schema: astropy-2.0
wavelength efficiency
295.0 1.6625933485850397e-10
296.0 1.6625933485850397e-10
297.0 1.6625933485850397e-10
298.0 1.6625933485850397e-10
299.0 1.6625933485850397e-10
300.0 1.6625933485850397e-10
301.0 0.08012942271307111
302.0 1.6625933485850397e-10
303.0 0.0011783909940277226
304.0 0.24642979260534048
305.0 0.9980548173189163
306.0 2.3420263081789017
307.0 4.023819416761398
308.0 6.7886099219322205
309.0 10.169929265975952
310.0 13.86231929063797
311.0 17.59559065103531
312.0 21.451406180858612
313.0 24.482442438602448
314.0 27.367854118347168
315.0 29.752936959266663
316.0 32.06608295440674
317.0 34.7754180431366
318.0 38.203778862953186
319.0 42.52357482910156
320.0 48.60532283782959
321.0 54.127198457717896
322.0 60.00313758850098
323.0 65.14370441436768
324.0 69.14457082748413
325.0 71.87697887420654
326.0 74.32299852371216
327.0 75.85761547088623
328.0 77.57260203361511
329.0 78.86778712272644
330.0 80.07505536079407
331.0 80.5555522441864
332.0 80.81367015838623
333.0 80.91306686401367
334.0 80.89357018470764
335.0 81.08408451080322
336.0 81.56590461730957
337.0 82.1699857711792
338.0 83.0928385257721
339.0 83.58275294303894
340.0 83.95540118217468
341.0 84.42525267601013
342.0 84.73296761512756
343.0 84.63212847709656
344.0 84.92493033409119
345.0 85.2958619594574
346.0 85.67481637001038
347.0 85.9854519367218
348.0 86.24534606933594
349.0 86.4749550819397
350.0 86.40304207801819
351.0 86.64606213569641
352.0 86.54593229293823
353.0 86.5404486656189
354.0 86.47837042808533
355.0 86.72884702682495
356.0 86.82312965393066
357.0 86.7210865020752
358.0 86.27719283103943
359.0 86.0883116722107
360.0 85.87338924407959
361.0 85.64054369926453
362.0 85.47832369804382
363.0 85.68407893180847
364.0 85.83348989486694
365.0 86.21469736099243
366.0 86.50310039520264
367.0 86.60162091255188
368.0 86.69689893722534
369.0 86.71662211418152
370.0 86.65701746940613
371.0 86.54217720031738
372.0 86.57796382904053
373.0 86.78104281425476
374.0 86.86932325363159
375.0 87.19699382781982
376.0 87.39035129547119
377.0 87.44693994522095
378.0 87.52967119216919
379.0 87.13874220848083
380.0 86.26840114593506
381.0 84.75733399391174
382.0 82.87113904953003
383.0 80.72782158851624
384.0 78.66578102111816
385.0 76.20713114738464
386.0 73.51609468460083
387.0 69.92586255073547
388.0 66.24637246131897
389.0 61.79231405258179
390.0 57.5256884098053
391.0 53.20178270339966
392.0 48.822376132011414
393.0 45.19625902175903
394.0 41.78706705570221
395.0 37.88938522338867
396.0 33.61785113811493
397.0 27.8007835149765
398.0 21.31572961807251
399.0 14.37574177980423
400.0 8.508165925741196
401.0 4.24443855881691
402.0 1.591210998594761
403.0 0.5362429190427065
404.0 0.18583728233352304
405.0 0.10382275795564055
406.0 0.042300106724724174
407.0 0.012903293827548623
408.0 1.6625933485850397e-10
409.0 1.6625933485850397e-10
410.0 1.6625933485850397e-10
411.0 1.6625933485850397e-10
412.0 1.6625933485850397e-10
413.0 1.6625933485850397e-10
414.0 1.6625933485850397e-10
415.0 1.6625933485850397e-10
416.0 1.6625933485850397e-10
417.0 1.6625933485850397e-10
418.0 1.6625933485850397e-10
419.0 1.6625933485850397e-10
420.0 1.6625933485850397e-10
421.0 1.6625933485850397e-10
422.0 1.6625933485850397e-10
423.0 1.6625933485850397e-10
424.0 1.6625933485850397e-10
425.0 1.6625933485850397e-10
426.0 1.6625933485850397e-10
427.0 1.6625933485850397e-10
428.0 1.6625933485850397e-10
429.0 1.6625933485850397e-10
430.0 1.6625933485850397e-10
431.0 0.00033346054806315806
432.0 0.0009585534826328512
433.0 1.6625933485850397e-10
434.0 1.6625933485850397e-10
435.0 1.6625933485850397e-10
436.0 1.6625933485850397e-10
437.0 1.6625933485850397e-10
438.0 1.6625933485850397e-10
439.0 1.6625933485850397e-10
440.0 1.6625933485850397e-10
441.0 1.6625933485850397e-10
442.0 1.6625933485850397e-10
443.0 1.6625933485850397e-10
444.0 1.6625933485850397e-10
445.0 1.6625933485850397e-10
446.0 1.6625933485850397e-10
447.0 1.6625933485850397e-10
448.0 1.6625933485850397e-10
449.0 1.6625933485850397e-10
450.0 1.6625933485850397e-10
451.0 1.6625933485850397e-10
452.0 1.6625933485850397e-10
453.0 1.6625933485850397e-10
454.0 1.6625933485850397e-10
455.0 1.6625933485850397e-10
456.0 1.6625933485850397e-10
457.0 1.6625933485850397e-10
458.0 0.0015167578567343298
459.0 0.0007344881851167884
460.0 1.6625933485850397e-10
461.0 1.6625933485850397e-10
462.0 1.6625933485850397e-10
463.0 1.6625933485850397e-10
464.0 1.6625933485850397e-10
465.0 1.6625933485850397e-10
466.0 1.6625933485850397e-10
467.0 8.422815653830185e-05
468.0 0.000661459716866375
469.0 0.00025430658752156887
470.0 1.6625933485850397e-10
471.0 1.6625933485850397e-10
472.0 1.6625933485850397e-10
473.0 1.6625933485850397e-10
474.0 1.6625933485850397e-10
475.0 1.6625933485850397e-10
476.0 8.302040441776626e-05
477.0 1.6625933485850397e-10
478.0 1.6625933485850397e-10
479.0 1.6625933485850397e-10
480.0 0.000658246881357627
481.0 0.0007626241767866304
482.0 0.0008670016541145742
483.0 0.00027764942842622986
484.0 1.6625933485850397e-10
485.0 1.6625933485850397e-10
486.0 4.2347593876002065e-05
487.0 1.6625933485850397e-10
488.0 1.6625933485850397e-10
489.0 1.6625933485850397e-10
490.0 1.6625933485850397e-10
491.0 1.6625933485850397e-10
492.0 1.6625933485850397e-10
493.0 0.0002265532657474978
494.0 0.0005703221177100204
495.0 0.00023922614218463423
496.0 1.6625933485850397e-10
497.0 1.8813769031567062e-05
498.0 0.0001294973344556638
499.0 1.6625933485850397e-10
500.0 1.6625933485850397e-10
501.0 1.6625933485850397e-10
502.0 1.6625933485850397e-10
503.0 1.6625933485850397e-10
504.0 1.6625933485850397e-10
505.0 1.6625933485850397e-10
506.0 1.6625933485850397e-10
507.0 0.000260275282926159
508.0 0.0008615743354312144
509.0 7.207781891338527e-05
510.0 1.6625933485850397e-10
511.0 1.6625933485850397e-10
512.0 1.6625933485850397e-10
513.0 0.00015538330444542225
514.0 0.0005071323357697111
515.0 0.00043404288589954376
516.0 0.0003609534132920089
517.0 1.6625933485850397e-10
518.0 1.6625933485850397e-10
519.0 1.6625933485850397e-10
520.0 0.000287463763015694
521.0 1.6625933485850397e-10
522.0 1.6625933485850397e-10
523.0 1.6625933485850397e-10
524.0 1.6625933485850397e-10
525.0 1.6625933485850397e-10
526.0 1.6625933485850397e-10
527.0 1.6625933485850397e-10
528.0 1.6625933485850397e-10
529.0 1.6625933485850397e-10
530.0 0.00025999906938523054
531.0 7.801420309760942e-06
532.0 1.6625933485850397e-10
533.0 1.6625933485850397e-10
534.0 0.00010938996410914115
535.0 1.6625933485850397e-10
536.0 1.6625933485850397e-10
537.0 9.991658771468792e-05
538.0 0.0005585163762589218
539.0 0.0002587995822977973
540.0 1.6625933485850397e-10
541.0 0.00013927877944297506
542.0 0.00031947479328664485
543.0 0.0003020936219400028
544.0 0.00028471238238125807
545.0 0.00023156553652370349
546.0 0.0001784186110853625
547.0 6.207902742971783e-05
548.0 1.6625933485850397e-10
549.0 1.6625933485850397e-10
550.0 1.6625933485850397e-10
551.0 1.6625933485850397e-10
552.0 1.6625933485850397e-10
553.0 1.6625933485850397e-10
554.0 0.00020711609067802783
555.0 0.00010805447345774155
556.0 8.99291663358781e-06
557.0 1.6625933485850397e-10
558.0 1.6625933485850397e-10
559.0 1.6625933485850397e-10
560.0 1.6625933485850397e-10
561.0 8.390890684495389e-05
562.0 0.0004063535016030073
563.0 0.0004611167696566554
564.0 0.000515879810336628
565.0 0.00036406836443347856
566.0 0.0002122568503182265
567.0 1.1422032031305207e-05
568.0 1.6625933485850397e-10
569.0 1.6625933485850397e-10
570.0 1.6625933485850397e-10
571.0 0.00036771134546143003
572.0 0.0007667224963370245
573.0 0.0005547790806303965
574.0 0.00034283568766113603
575.0 0.00022140593500807881
576.0 9.997612551160273e-05
577.0 0.00031018812478578184
578.0 0.0005204000899539096
579.0 0.0006888169536978239
580.0 0.0008572337719670031
581.0 0.0011376430848031305
582.0 0.0014180522157403175
583.0 0.0012643367881537415
584.0 0.0011106212696176954
585.0 0.0007584122158732498
586.0 0.0004062033440277446
587.0 0.0002891159510909347
588.0 0.00017202848994202213
589.0 0.00041824087020359
590.0 0.0006644533641519956
591.0 0.0010145032319996972
592.0 0.0013645531907968689
593.0 0.0010289129022567067
594.0 0.0006932726137165446
595.0 0.000976491628534859
596.0 0.0012597107343026437
597.0 0.0010738733180915006
598.0 0.0008880355380824767
599.0 0.0015379760952782817
600.0 0.0021879164705751464
601.0 0.002670009052962996
602.0 0.0031521016353508458
603.0 0.003053822001675144
604.0 0.0029555425498983823
605.0 0.0021105694031575695
606.0 0.001265596438315697
607.0 0.000925863059819676
608.0 0.0005861294994247146
609.0 0.0007552516763098538
610.0 0.0009243737622455228
611.0 0.0006739758646290284
612.0 0.00042357792153779883
613.0 0.0006729493634338723
614.0 0.0009223207598552108
615.0 0.0006954366654099431
616.0 0.00046855238906573504
617.0 0.0004360730599728413
618.0 0.00040359363993047737
619.0 0.0005829158908454701
620.0 0.0007622380962857278
621.0 0.0006039149411662947
622.0 0.00044559178604686167
623.0 0.0005510813480213983
624.0 0.0006565707280969946
625.0 0.000772498515289044
626.0 0.0008884263479558285
627.0 0.0009586895430402365
628.0 0.0010289529200235847
629.0 0.0012814849469577894
630.0 0.0015340167010435835
631.0 0.0016499767298228107
632.0 0.0017659369405009784
633.0 0.002280942317156587
634.0 0.002795948057610076
635.0 0.002997312185470946
636.0 0.0031986764952307567
637.0 0.0026189996788161807
638.0 0.0020393228624016047
639.0 0.0015987729057087563
640.0 0.0011582232218643185
641.0 0.0012348992640909273
642.0 0.0013115754882164765
643.0 0.000871537940838607
644.0 0.00043150039346073754
645.0 0.0002622134161356371
646.0 9.292660934079322e-05
647.0 1.6625933485850397e-10
648.0 1.6625933485850397e-10
649.0 1.6625933485850397e-10
650.0 0.0001945601297848043
651.0 0.000539156235390692
652.0 0.0008837523637339473
653.0 0.0010549607395660132
654.0 0.0012261692063475493
655.0 0.0016872898413566872
656.0 0.0021484107492142357
657.0 0.002479138674971182
658.0 0.002809866600728128
659.0 0.00334869182552211
660.0 0.003887517232215032
661.0 0.0036015444493386894
662.0 0.003315571302664466
663.0 0.0027655833036988042
664.0 0.002215595668531023
665.0 0.0014823313904344104
666.0 0.0007490673851862084
667.0 0.0009581021913618315
668.0 0.0011671370884869248
669.0 0.0010157536053156946
670.0 0.0008643702130939346
671.0 0.0004797026576852659
672.0 9.503509659225529e-05
673.0 0.00022128078853711486
674.0 0.00034752658848447027
675.0 0.0005967483957647346
676.0 0.0008459701348328963
677.0 0.0012613235412572976
678.0 0.0016766767657827586
679.0 0.002144789687008597
680.0 0.002612902426335495
681.0 0.003631541767390445
682.0 0.004650180926546454
683.0 0.006345622387016192
684.0 0.00804106384748593
685.0 0.009448231139685959
686.0 0.010855397704290226
687.0 0.009768858581082895
688.0 0.008682320913067088
689.0 0.006882816524012014
690.0 0.005083313226350583
691.0 0.0042468240280868486
692.0 0.003410334829823114
693.0 0.003144109359709546
694.0 0.0028778840714949183
695.0 0.0020037114154547453
696.0 0.0011295384865661617
697.0 0.001025756046146853
698.0 0.0009219736966770142
699.0 0.0006534243311762111
700.0 0.000384874965675408
701.0 0.0006603871497645741
702.0 0.0009358994248032104
703.0 0.0008885126590030268
704.0 0.0008411259841523133
705.0 0.0008555087333661504
706.0 0.0008698914825799875
707.0 0.0008700449143361766
708.0 0.0008701986189407762
709.0 0.0009056070666701999
710.0 0.0009410156053490937
711.0 0.0010522975571802817
712.0 0.0011635795090114698
713.0 0.0009451418009120971
714.0 0.0007267042292369297
715.0 0.000729877729099826
716.0 0.0007330509561143117
717.0 0.0006688455414405325
718.0 0.0006046399903425481
719.0 0.0004899298801319674
720.0 0.00037521979265875416
721.0 0.00028028932774759596
722.0 0.00018535873778091627
723.0 0.00012597387240020907
724.0 6.658901270384376e-05
725.0 0.00034238914849993307
726.0 0.0006181894150358858
727.0 0.00029408367936412105
728.0 1.6625933485850397e-10
729.0 0.00014652996469521895
730.0 0.0003230820084354491
731.0 0.00011255392564635258
732.0 1.6625933485850397e-10
733.0 0.0002754320576059399
734.0 0.0006488382041425211
735.0 0.0006850857062090654
736.0 0.0007213331628008746
737.0 0.0005010317636333639
738.0 0.0002807303189911181
739.0 0.00022179137886269018
740.0 0.00016285255242109997
741.0 0.0006338213097478729
742.0 0.0011047903171856888
743.0 0.001833897658798378
744.0 0.002563005000411067
745.0 0.0036324006941867992
746.0 0.00470179584226571
747.0 0.004692983929999173
748.0 0.004684172017732635
749.0 0.00446628691861406
750.0 0.004248401819495484
751.0 0.003917088906746358
752.0 0.0035857752664014697
753.0 0.003194344390067272
754.0 0.0028029131499351934
755.0 0.0026567642635200173
756.0 0.002510615740902722
757.0 0.0020656560081988573
758.0 0.0016206962754949927
759.0 0.0014259297131502535
760.0 0.0012311632417549845
761.0 0.001014579083857825
762.0 0.0007979951078596059
763.0 0.000724529809303931
764.0 0.0006510648745461367
765.0 0.0005062272975919768
766.0 0.0003613895614762441
767.0 0.0004515704858931713
768.0 0.0005417513875727309
769.0 0.0004747860657516867
770.0 0.0004078207894053776
771.0 0.00034596514524309896
772.0 0.0002841094328687177
773.0 0.0005620403953798814
774.0 0.0008399711077800021
775.0 0.0008058474122663029
776.0 0.0007717238077020738
777.0 0.0007904457561380696
778.0 0.0008091678864730056
779.0 0.0008735725714359432
780.0 0.0009379771654494107
781.0 0.0012290825907257386
782.0 0.0015201879250525963
783.0 0.0011688083759509027
784.0 0.0008174288268492091
785.0 0.0011814746358140837
786.0 0.0015455205357284285
787.0 0.0012415461242198944
788.0 0.0009375717127113603
789.0 0.0008751690074859653
790.0 0.0008127663932100404
791.0 0.0007167815056163818
792.0 0.0006207966180227231
793.0 0.0008447140317002777
794.0 0.001068631263478892
795.0 0.0009040722034114879
796.0 0.0007395130069198785
797.0 0.000399282271246193
798.0 5.9051365042250836e-05
799.0 0.00019268131836724933
800.0 0.0003263114422225044
801.0 2.1963340657293884e-05
802.0 1.6625933485850397e-10
803.0 1.6625933485850397e-10
804.0 1.2731348419947608e-05
805.0 0.00014995982837717747
806.0 0.00028718832254526205
807.0 0.0002659123310877476
808.0 0.0002446362259433954
809.0 0.0001958695293069468
810.0 0.0001471027758270793
811.0 3.199711500201374e-05
812.0 1.6625933485850397e-10
813.0 1.6625933485850397e-10
814.0 3.188579569268768e-05
815.0 0.00010905099543379038
816.0 0.00018621626622916665
817.0 0.00040090735637932085
818.0 0.0006155984920042101
819.0 0.0002856954552044044
820.0 1.6625933485850397e-10
821.0 9.563735829942743e-05
822.0 0.00023548236640635878
823.0 0.0004664802872866858
824.0 0.0006974781626922777
825.0 0.0004154949237999972
826.0 0.00013351190091270837
827.0 1.6625933485850397e-10
828.0 1.6625933485850397e-10
829.0 1.6625933485850397e-10
830.0 1.6625933485850397e-10
831.0 1.6625933485850397e-10
832.0 0.00021079952148284065
833.0 0.00016830662161737564
834.0 0.00012581375585796195
835.0 0.00012024156603729352
836.0 0.00011466934211057378
837.0 1.6625933485850397e-10
838.0 1.6625933485850397e-10
839.0 1.6625933485850397e-10
840.0 0.00017419151845388114
841.0 1.6625933485850397e-10
842.0 1.6625933485850397e-10
843.0 1.6625933485850397e-10
844.0 1.6625933485850397e-10
845.0 3.766402585370088e-05
846.0 0.0001038948425957642
847.0 0.00012201661547805998
848.0 0.00014013854752192856
849.0 0.00024232247142208507
850.0 0.00034450645216566045
851.0 0.00034832628443837166
852.0 0.0003521460712363478
853.0 0.00030440976388490526
854.0 0.00025667357022030046
855.0 0.00018308529661226203
856.0 0.00010949710258501
857.0 0.00033379603792127455
858.0 0.0005580950073635904
859.0 0.000626345081400359
860.0 0.000694595291861333
861.0 0.0006519367616419913
862.0 0.0006092783223721199
863.0 0.0011559969607333187
864.0 0.0017027159628923982
865.0 0.0014250415915739723
866.0 0.001147367129306076
867.0 0.0016102871086332016
868.0 0.002073206633212976
869.0 0.001993009755096864
870.0 0.001912813058879692
871.0 0.00198241450561909
872.0 0.0020520157704595476
873.0 0.0022869586246088147
874.0 0.002521901660657022
875.0 0.0024659699192852713
