lsstCam/transmission_filter_detector/r30_s22/u_24/19700101T000000.ecsv
# %ECSV 1.0
# ---
# datatype:
# - {name: wavelength, unit: nm, datatype: float32}
# - {name: efficiency, unit: '%', datatype: float64}
# meta: !!omap
# - {MODE: DETECTOR}
# - {TYPE: transmission_filter_detector}
# - {CALIBDATE: '1970-01-01T00:00:00'}
# - {INSTRUME: LSSTCam}
# - {OBSTYPE: transmission_filter_detector}
# - {CALIBCLS: lsst.ip.isr.IntermediateFilterDetectorTransmissionCurve}
# - {SOURCE: Materion (DM-46256)}
# - {DETECTOR: 125}
# - {FILTER: u_24}
# - {CALIB_ID: 'calibDate=1970-01-01T00:00:00 filter=u_24 detector=125'}
# - {DATE: '2025-04-02T15:59:40.327373'}
# - {CALIB_CREATION_DATE: '2025-04-02'}
# - {CALIB_CREATION_TIME: '15:59:40'}
# - __serialized_columns__:
#     efficiency:
#       __class__: astropy.units.quantity.Quantity
#       unit: !astropy.units.Unit {unit: '%'}
#       value: !astropy.table.SerializedColumn {name: efficiency}
#     wavelength:
#       __class__: astropy.units.quantity.Quantity
#       unit: !astropy.units.Unit {unit: nm}
#       value: !astropy.table.SerializedColumn {name: wavelength}
# schema: astropy-2.0
wavelength efficiency
[from data line 582]
877.0 0.0025596837076591328
878.0 0.0027093296012026258
879.0 0.002758791197265964
880.0 0.0028082529752282426
881.0 0.0030132869142107666
882.0 0.0032183208531932905
883.0 0.0030440323826042004
884.0 0.002869743366318289
885.0 0.0028996057153563015
886.0 0.002929468064394314
887.0 0.0026726471332949586
888.0 0.002415826020296663
889.0 0.0026511968826525845
890.0 0.0028865679269074462
891.0 0.00296657581202453
892.0 0.003046583697141614
893.0 0.002894028330047149
894.0 0.0027414727810537443
895.0 0.0031449140806216747
896.0 0.003548355380189605
897.0 0.003588963227230124
898.0 0.0036295710742706433
899.0 0.003533295603119768
900.0 0.0034370208595646545
901.0 0.0036681274650618434
902.0 0.0038992340705590323
903.0 0.004121015808777884
904.0 0.004342797546996735
905.0 0.00450363295385614
906.0 0.004664467633119784
907.0 0.005002215402782895
908.0 0.0053399639000417665
909.0 0.005504701039171778
910.0 0.00566943854209967
911.0 0.005643189433612861
912.0 0.005616939961328171
913.0 0.005578291893471032
914.0 0.005539643461816013
915.0 0.005077539390185848
916.0 0.0046154345909599215
917.0 0.004357111174613237
918.0 0.004098787030670792
919.0 0.004212535350234248
920.0 0.004326283669797704
921.0 0.004608678136719391
922.0 0.004891072603641078
923.0 0.004968714347342029
924.0 0.005046356454840861
925.0 0.0055732005421305075
926.0 0.006100044265622273
927.0 0.006321518594631925
928.0 0.006542992196045816
929.0 0.006785072764614597
930.0 0.007027154788374901
931.0 0.006846772885182872
932.0 0.006666392437182367
933.0 0.007040340278763324
934.0 0.00741428739274852
935.0 0.0074043018685188144
936.0 0.007394318527076393
937.0 0.007143950642785057
938.0 0.006893585668876767
939.0 0.006789531471440569
940.0 0.006685475818812847
941.0 0.006077888247091323
942.0 0.005470300311571918
943.0 0.0050783066399162635
944.0 0.004686312240664847
945.0 0.003655854379758239
946.0 0.0026253961550537497
947.0 0.0024922181182773784
948.0 0.0023590397177031264
949.0 0.0017097596355597489
950.0 0.0010604792805679608
951.0 0.0010824323908309452
952.0 0.0011043855920433998
953.0 0.0012723462532449048
954.0 0.0014403069144464098
955.0 0.0016153324395418167
956.0 0.001790358146536164
957.0 0.0020086079530301504
958.0 0.0022268581233220175
959.0 0.002664571366040036
960.0 0.0031022849725559354
961.0 0.0034403208701405674
962.0 0.003778357495320961
963.0 0.003860577635350637
964.0 0.003942798139178194
965.0 0.004417972013470717
966.0 0.0048931458877632394
967.0 0.00451101477665361
968.0 0.004128883665543981
969.0 0.0044456384785007685
970.0 0.004762393655255437
971.0 0.00468566722702235
972.0 0.004608940434991382
973.0 0.00465725788671989
974.0 0.004705574974650517
975.0 0.004685526437242515
976.0 0.004665477899834514
977.0 0.0042361563828308135
978.0 0.003806834138231352
979.0 0.0035498218494467437
980.0 0.0032928091968642548
981.0 0.003067041325266473
982.0 0.0028412736355676316
983.0 0.0026749612516141497
984.0 0.0025086492314585485
985.0 0.002705250881263055
986.0 0.0029018525310675614
987.0 0.003221077349735424
988.0 0.003540301986504346
989.0 0.004098304270883091
990.0 0.0046563065552618355
991.0 0.005279436663840897
992.0 0.00590256713621784
993.0 0.006526431388920173
994.0 0.007150294550228864
995.0 0.007315907714655623
996.0 0.007481520879082382
997.0 0.007417280721710995
998.0 0.0073530398367438465
999.0 0.007186699076555669
1000.0 0.007020361226750538
1001.0 0.006654328899458051
1002.0 0.006288299482548609
1003.0 0.005670974132954143
1004.0 0.005053648419561796
1005.0 0.0050223850848851725
1006.0 0.004991120658814907
1007.0 0.004957359851687215
1008.0 0.004923598316963762
1009.0 0.00471922212454956
1010.0 0.0045148459321353585
1011.0 0.004119516597711481
1012.0 0.003724186899489723
1013.0 0.003332691267132759
1014.0 0.0029411954528768547
1015.0 0.002283105095557403
1016.0 0.001625014738237951
1017.0 0.0015694449757575057
1018.0 0.0015138752132770605
1019.0 0.0015043049643281847
1020.0 0.0014947350791771896
1021.0 0.001196920857182704
1022.0 0.0008991068170871586
1023.0 0.0009387669706484303
1024.0 0.0009784272151591722
1025.0 0.0008779095878708176
1026.0 0.0007773922334308736
1027.0 0.001238365894096205
1028.0 0.001699339372862596
1029.0 0.0017045556887751445
1030.0 0.001709772004687693
1031.0 0.0017756823581294157
1032.0 0.001841593075369019
1033.0 0.0018452705262461677
1034.0 0.0018489481590222567
1035.0 0.0017654467228567228
1036.0 0.0016819452866911888
1037.0 0.0017702408513287082
1038.0 0.0018585364159662277
1039.0 0.0022642218027613126
1040.0 0.0026699071895563975
1041.0 0.0023340038751484826
1042.0 0.001998100742639508
1043.0 0.0022318532501230948
1044.0 0.0024656057576066814
1045.0 0.0019273848010925576
1046.0 0.0013891635717300232
1047.0 0.0019704313672264107
1048.0 0.0025516992536722682
1049.0 0.0022129426724859513
1050.0 0.001874185909400694
1051.0 0.0016407799193984829
1052.0 0.0014073738384468015
1053.0 0.0010334225407859776
1054.0 0.0006594711521756835
1055.0 0.0012771445653925184
1056.0 0.0018948179786093533
1057.0 0.0016949274140642956
1058.0 0.0014950372133171186
1059.0 0.0018400487533654086
1060.0 0.0021850602934136987
1061.0 0.0021494242901098914
1062.0 0.0021137884687050246
1063.0 0.001632900966797024
1064.0 0.001152013282990083
1065.0 0.0008838314897730015
1066.0 0.0006156497875053901
1067.0 0.000513358963871724
1068.0 0.0004110683221369982
1069.0 7.699502475588815e-05
1070.0 1.6625933485850397e-10
1071.0 0.0012203534424770623
1072.0 0.0026977850211551413
1073.0 0.002764073360594921
1074.0 0.0028303618819336407
1075.0 0.0027195215807296336
1076.0 0.0026086812795256265
1077.0 0.003123082933598198
1078.0 0.003637484405771829
1079.0 0.0041250652429880574
1080.0 0.004612646080204286
1081.0 0.005351450454327278
1082.0 0.006090254464652389
1083.0 0.0043901585740968585
1084.0 0.002690062319743447
1085.0 0.0035038476198678836
1086.0 0.004317633283790201
1087.0 0.004210346742183901
1088.0 0.004103061291971244
1089.0 0.004335326229920611
1090.0 0.004567591895465739
1091.0 0.0028526234018499963
1092.0 0.0011376553629816044
1093.0 0.003069830927415751
1094.0 0.005002006946597248
1095.0 0.0018819948309101164
1096.0 1.6625933485850397e-10
1097.0 0.0010640588698151987
1098.0 0.0033661348425084725
1099.0 0.00481371462228708
1100.0 0.006261294038267806
