lsstCam/transmission_filter_detector/r42_s00/g_6/19700101T000000.ecsv
# %ECSV 1.0
# ---
# datatype:
# - {name: wavelength, unit: nm, datatype: float32}
# - {name: efficiency, unit: '%', datatype: float64}
# meta: !!omap
# - {MODE: DETECTOR}
# - {TYPE: transmission_filter_detector}
# - {CALIBDATE: '1970-01-01T00:00:00'}
# - {INSTRUME: LSSTCam}
# - {OBSTYPE: transmission_filter_detector}
# - {CALIBCLS: lsst.ip.isr.IntermediateFilterDetectorTransmissionCurve}
# - {SOURCE: Materion (DM-46256)}
# - {DETECTOR: 171}
# - {FILTER: g_6}
# - {CALIB_ID: 'calibDate=1970-01-01T00:00:00 filter=g_6 detector=171'}
# - {DATE: '2025-04-02T15:59:42.818479'}
# - {CALIB_CREATION_DATE: '2025-04-02'}
# - {CALIB_CREATION_TIME: '15:59:42'}
# - __serialized_columns__:
#     efficiency:
#       __class__: astropy.units.quantity.Quantity
#       unit: !astropy.units.Unit {unit: '%'}
#       value: !astropy.table.SerializedColumn {name: efficiency}
#     wavelength:
#       __class__: astropy.units.quantity.Quantity
#       unit: !astropy.units.Unit {unit: nm}
#       value: !astropy.table.SerializedColumn {name: wavelength}
# schema: astropy-2.0
wavelength efficiency
300.0 0.33447425812482834
301.0 0.2886564005166292
302.0 0.24283856619149446
303.0 0.23253867402672768
304.0 0.22223880514502525
305.0 0.22196238860487938
306.0 0.22168592549860477
307.0 0.21288231946527958
308.0 0.20407869014889002
309.0 0.19587823189795017
310.0 0.18767777364701033
311.0 0.18746162531897426
312.0 0.18724548863247037
313.0 0.18811539048328996
314.0 0.18898528069257736
315.0 0.1833573915064335
316.0 0.17772952560335398
317.0 0.17334241420030594
318.0 0.1689553027972579
319.0 0.15727462014183402
320.0 0.1455939607694745
321.0 0.1345876487903297
322.0 0.12358131352812052
323.0 0.11223768815398216
324.0 0.10089407442137599
325.0 0.0904420216102153
326.0 0.07998997461982071
327.0 0.07345067569985986
328.0 0.06691138260066509
329.0 0.0619885278865695
330.0 0.05706567317247391
331.0 0.05296640447340906
332.0 0.048867135774344206
333.0 0.04586699069477618
334.0 0.04286684561520815
335.0 0.04124617262277752
336.0 0.03962549671996385
337.0 0.03996924788225442
338.0 0.04031299613416195
339.0 0.03948505036532879
340.0 0.03865709877572954
341.0 0.037040183087810874
342.0 0.03542327031027526
343.0 0.03221208753529936
344.0 0.029000904760323465
345.0 0.02565770410001278
346.0 0.02231450198451057
347.0 0.02045047440333292
348.0 0.018586451187729836
349.0 0.017086038133129478
350.0 0.3667222335934639
351.0 1.219708751887083
352.0 0.4538008477538824
353.0 0.7291021756827831
354.0 0.3181865671649575
355.0 0.8713587187230587
356.0 0.3145742928609252
357.0 1.0273882187902927
358.0 0.3230818547308445
359.0 0.9467300958931446
360.0 0.36857391241937876
361.0 0.6785900332033634
362.0 0.2549923723563552
363.0 0.6472686305642128
364.0 0.3079913090914488
365.0 0.7907637394964695
366.0 0.2576068276539445
367.0 0.7679260335862637
368.0 0.22551584988832474
369.0 0.6334733683615923
370.0 0.21093040704727173
371.0 0.5957414861768484
372.0 0.23123167920857668
373.0 0.6706881802529097
374.0 0.2028580754995346
375.0 0.5421285983175039
376.0 0.22754066158086061
377.0 0.5320762284100056
378.0 0.21103126928210258
379.0 0.5756351631134748
380.0 0.22963399533182383
381.0 0.5253918468952179
382.0 0.5345343146473169
383.0 0.5116032436490059
384.0 0.5726183764636517
385.0 0.5662302952259779
386.0 0.6580864079296589
387.0 0.7017634809017181
388.0 0.8265100419521332
389.0 1.1369642801582813
390.0 1.6052164137363434
391.0 2.453737147152424
392.0 3.901086002588272
393.0 6.228523328900337
394.0 9.474457055330276
395.0 13.761071860790253
396.0 19.249413907527924
397.0 26.198551058769226
398.0 34.383803606033325
399.0 43.48629415035248
400.0 52.79638171195984
401.0 61.95475459098816
402.0 70.53731679916382
403.0 77.95769572257996
404.0 83.53809714317322
405.0 87.7913236618042
406.0 90.24658203125
407.0 92.32271909713745
408.0 93.45280528068542
409.0 94.12381052970886
410.0 94.37233209609985
411.0 94.20813322067261
412.0 93.9337432384491
413.0 93.71529221534729
414.0 93.49207878112793
415.0 93.57475638389587
416.0 93.9045250415802
417.0 94.18802261352539
418.0 94.72883343696594
419.0 95.28598189353943
420.0 95.85619568824768
421.0 96.4276134967804
422.0 96.55792117118835
423.0 96.79123163223267
424.0 96.67880535125732
425.0 96.58805727958679
426.0 96.57413959503174
427.0 96.62542939186096
428.0 96.4092493057251
429.0 96.19671702384949
430.0 96.08834981918335
431.0 96.1010992527008
432.0 96.1556077003479
433.0 96.1941659450531
434.0 96.27174735069275
435.0 96.43689393997192
436.0 96.51908278465271
437.0 96.48278951644897
438.0 96.59423232078552
439.0 96.66895866394043
440.0 96.61923050880432
441.0 96.71613574028015
442.0 96.77038788795471
443.0 96.73933982849121
444.0 96.68797850608826
445.0 96.43508791923523
446.0 96.3084876537323
447.0 96.07544541358948
448.0 96.06389999389648
449.0 96.2134599685669
450.0 96.40761613845825
451.0 96.62802219390869
452.0 96.83772325515747
453.0 96.96298837661743
454.0 97.01167941093445
455.0 97.29426503181458
456.0 97.37995862960815
457.0 97.55677580833435
458.0 97.52410650253296
459.0 97.55443334579468
460.0 97.59570360183716
461.0 97.76045083999634
462.0 97.69130945205688
463.0 97.62791991233826
464.0 97.69713282585144
465.0 97.68519997596741
466.0 97.65779376029968
467.0 97.67669439315796
468.0 97.6865291595459
469.0 97.75989651679993
470.0 97.5477933883667
471.0 97.43638634681702
472.0 97.46349453926086
473.0 97.40378260612488
474.0 97.26569652557373
475.0 97.38216400146484
476.0 97.3142683506012
477.0 97.34155535697937
478.0 97.45218753814697
479.0 97.43396639823914
480.0 97.59522080421448
481.0 97.69623875617981
482.0 97.87407517433167
483.0 97.7576196193695
484.0 97.96972274780273
485.0 97.980797290802
486.0 98.03140759468079
487.0 98.07494282722473
488.0 98.05272817611694
489.0 98.17861318588257
490.0 98.1250524520874
491.0 98.14533591270447
492.0 98.08009266853333
493.0 98.09339046478271
494.0 98.02811741828918
495.0 98.11182618141174
496.0 97.93563485145569
497.0 97.8432297706604
498.0 97.65394926071167
499.0 97.70550727844238
500.0 97.65377640724182
501.0 97.59236574172974
502.0 97.55148887634277
503.0 97.63594269752502
504.0 97.47535586357117
505.0 97.48396873474121
506.0 97.52798676490784
507.0 97.47571349143982
508.0 97.46912717819214
509.0 97.50882387161255
510.0 97.45957255363464
511.0 97.3964512348175
512.0 97.31451869010925
513.0 97.371906042099
514.0 97.3793089389801
515.0 97.39720821380615
516.0 97.47271537780762
517.0 97.45309948921204
518.0 97.57646322250366
519.0 97.58993983268738
520.0 97.61460423469543
521.0 97.7652370929718
522.0 97.76241779327393
523.0 97.76290655136108
524.0 97.73972034454346
525.0 97.74782061576843
526.0 97.88068532943726
527.0 97.81375527381897
528.0 97.90149331092834
529.0 98.02332520484924
530.0 98.0008065700531
531.0 98.16660284996033
532.0 98.03866147994995
533.0 98.01940321922302
534.0 98.07524681091309
535.0 97.89060354232788
536.0 97.64343500137329
537.0 97.1655011177063
538.0 96.46517038345337
539.0 95.2628493309021
540.0 93.72937083244324
541.0 91.29800200462341
542.0 88.72612118721008
543.0 85.26676893234253
544.0 80.86191415786743
545.0 76.91184282302856
546.0 71.96533679962158
547.0 67.38332509994507
548.0 62.736308574676514
549.0 58.496761322021484
550.0 55.093955993652344
551.0 51.80203914642334
552.0 49.35733377933502
553.0 46.85742259025574
554.0 44.14770305156708
555.0 41.181084513664246
556.0 37.20801770687103
557.0 32.56548345088959
558.0 27.3345947265625
559.0 22.028683125972748
560.0 16.74172878265381
561.0 11.717928946018219
562.0 7.743462920188904
563.0 4.704442620277405
564.0 2.6406845077872276
565.0 1.0711285285651684
566.0 0.6907960399985313
567.0 0.3212211886420846
568.0 0.20667619537562132
569.0 0.09771398035809398
570.0 0.09003577870316803
571.0 0.04445997765287757
572.0 0.06141907651908696
573.0 0.024614858557470143
574.0 0.04067823465447873
575.0 0.017018351354636252
576.0 0.041274455725215375
577.0 0.013447017408907413
578.0 0.03389953344594687
579.0 0.01568257575854659
580.0 0.03870606597047299
581.0 0.015285630070138723
582.0 0.03127839008811861
583.0 0.010641110566211864
584.0 0.027519738068804145
585.0 0.00926310895010829
586.0 0.01857466995716095
587.0 0.007772633398417383
588.0 0.023081578547134995
589.0 0.011661659664241597
590.0 0.02191266685258597
591.0 0.007314493996091187
592.0 0.014131242642179132
593.0 0.005931490522925742
594.0 0.02048253227258101
595.0 0.006130291876615956
596.0 0.010350341472076252
597.0 0.003924852353520691
598.0 0.01870457926997915
599.0 0.004650918344850652
600.0 0.008352560689672828
601.0 0.0023341319320024922
602.0 0.002344243875995744
603.0 0.002354356001887936
604.0 0.0021764870325569063
605.0 0.001998617699427996
606.0 0.0019666762455017306
607.0 0.0019347349734744057
608.0 0.001977814463316463
609.0 0.00202089377125958
610.0 0.0020178136765025556
611.0 0.0020147335817455314
612.0 0.001953616265382152
613.0 0.001892499130917713
614.0 0.0018667473341338336
615.0 0.001840995355451014
616.0 0.0017775837477529421
617.0 0.0017141721400548704
618.0 0.0016363144823117182
619.0 0.0015584566426696256
620.0 0.0015467547200387344
621.0 0.0015350526155089028
622.0 0.0014981950698711444
623.0 0.001461337615182856
624.0 0.001522438833490014
625.0 0.0015835401427466422
626.0 0.0014965723494242411
627.0 0.00140960455610184
628.0 0.001448173770768335
629.0 0.0014867429854348302
630.0 0.0014830437976343092
631.0 0.0014793447917327285
632.0 0.0014835401998425368
633.0 0.0014877357898512855
634.0 0.001382325808663154
635.0 0.0012769158274750225
636.0 0.0013310665963217616
637.0 0.001385217547067441
638.0 0.0013066574865661096
639.0 0.0012280974260647781
640.0 0.0012780370525433682
641.0 0.0013279768609208986
642.0 0.001284859717998188
643.0 0.0012417426660249475
644.0 0.001196750599774532
645.0 0.0011517588973219972
646.0 0.0011662164979497902
647.0 0.0011806739166786429
648.0 0.001273847828997532
649.0 0.0013670215594174806
650.0 0.0011914145943592303
651.0 0.00101580762930098
652.0 0.0011485580216685776
653.0 0.0012813085049856454
654.0 0.0011921847544726916
655.0 0.001103061094909208
656.0 0.001074089050234761
657.0 0.0010451171874592546
658.0 0.0010789024599944241
659.0 0.0011126876415801235
660.0 0.0010896524145209696
661.0 0.0010666169146134052
662.0 0.0011395165529393125
663.0 0.0012124163731641602
664.0 0.0011852781426568981
665.0 0.0011581400030991063
666.0 0.0011353396985214204
667.0 0.0011125393029942643
668.0 0.0011364821148163173
669.0 0.0011604249266383704
670.0 0.0010678981197997928
671.0 0.0009753714948601555
672.0 0.0009987394150812179
673.0 0.0010221076081506908
674.0 0.0010556932465988211
675.0 0.0010892789759964217
676.0 0.0011006103704858106
677.0 0.001111941492126789
678.0 0.001062806859408738
679.0 0.0010136719538422767
680.0 0.0010324843970010988
681.0 0.0010512970220588613
682.0 0.001021777370624477
683.0 0.0009922580829879735
684.0 0.0009624277481634635
685.0 0.0009325974133389536
686.0 0.0010063879017252475
687.0 0.0010801782991620712
688.0 0.0010630104043229949
689.0 0.0010458423275849782
690.0 0.0010369650226493832
691.0 0.001028087626764318
692.0 0.000999985059024766
693.0 0.000971882400335744
694.0 0.0009883238817565143
695.0 0.0010047652722278144
696.0 0.001051774415827822
697.0 0.0010987835594278295
698.0 0.0010930894859484397
699.0 0.00108739541246905
700.0 0.0010868223398574628
701.0 0.0010862489943974651
702.0 0.0011157568224007264
703.0 0.0011452645594545174
704.0 0.0011327007996442262
705.0 0.001120137039833935
706.0 0.0010399609891464934
707.0 0.000959785029408522
708.0 0.0010462797035870608
709.0 0.0011327746506140102
710.0 0.0011518513019836973
711.0 0.0011709277714544442
712.0 0.0011786503819166683
713.0 0.0011863730833283626
714.0 0.0012905388757644687
715.0 0.0013947045772511046
716.0 0.0014150900824461132
717.0 0.0014354759514390025
718.0 0.001547156716696918
719.0 0.0016588375729043037
720.0 0.0014074953469389584
721.0 0.0011561528481252026
722.0 0.001311276719206944
723.0 0.0014664006812381558
724.0 0.0015129637176869437
725.0 0.0015595267541357316
726.0 0.0015839621482882649
727.0 0.0016083975424407981
728.0 0.0016960333596216515
729.0 0.0017836695406003855
730.0 0.0017787680917535909
731.0 0.0017738668248057365
732.0 0.001733874887577258
733.0 0.00169388313224772
734.0 0.0015742627510917373
735.0 0.0014546427337336354
736.0 0.0012777093616023194
737.0 0.001100775807572063
738.0 0.001005192370939767
739.0 0.0009096087524085306
740.0 0.0009814851182454731
741.0 0.0010533615750318859
742.0 0.0010541740266489796
743.0 0.001054986842063954
744.0 0.0009747624062583782
745.0 0.0008945381523517426
746.0 0.000798763085185783
747.0 0.0007029880634945584
748.0 0.0007318231382669182
749.0 0.0007606582585140131
750.0 0.0007949855898914393
751.0 0.0008293129212688655
752.0 0.0008401424565818161
753.0 0.0008509719009452965
754.0 0.0007556617219961481
755.0 0.0006603513156733243
756.0 0.0007440164608851774
757.0 0.0008276816515717655
758.0 0.0008537918802176137
759.0 0.0008799021998129319
760.0 0.0008213452019845136
761.0 0.0007627882951055653
762.0 0.0008041017281357199
763.0 0.0008454149792669341
764.0 0.0007033565452729817
765.0 0.0005612981112790294
766.0 0.0005901124495721888
767.0 0.0006189268788148183
768.0 0.0005968894129182445
769.0 0.0005748519015469356
770.0 0.000566573999094544
771.0 0.0005582961421168875
772.0 0.0005468424660648452
773.0 0.0005353887900128029
774.0 0.0005569880613620626
775.0 0.0005785874236607924
776.0 0.0005493014214152936
777.0 0.0005200152827455895
778.0 0.0005614300334855216
779.0 0.0006028448297001887
780.0 0.0006242003109946381
781.0 0.0006455558832385577
782.0 0.0005177820639801212
783.0 0.0003900082901964197
784.0 0.00037557656469289213
785.0 0.0003611448619267321
786.0 0.0004934458502248162
787.0 0.0006257469522097381
788.0 0.0005441304892883636
789.0 0.0004625138444680488
790.0 0.0003733897756319493
791.0 0.00028426577500795247
792.0 0.0003004138534379308
793.0 0.00031656193186790915
794.0 0.00030877001790940994
795.0 0.00030097810395091074
796.0 0.0003705214794536005
797.0 0.00044006492316839285
798.0 0.00041923685785150155
799.0 0.00039840879253461026
800.0 0.00033408116451028036
801.0 0.00026975358196068555
802.0 0.00035497041608323343
803.0 0.0004401872502057813
804.0 0.00047666399041190743
805.0 0.0005131406396685634
806.0 0.0004676605385611765
807.0 0.00042218039197905455
808.0 0.00044010184865328483
809.0 0.0004580233053275151
810.0 0.0004288138825359056
811.0 0.00039960436879482586
812.0 0.00033317946872557513
813.0 0.0002667545231815893
814.0 0.0002838447926478693
815.0 0.00030093506211414933
816.0 0.00036115159218752524
817.0 0.00042136816773563623
818.0 0.0004436650669958908
819.0 0.00046596205720561557
820.0 0.00037744052860944066
821.0 0.00028891909096273594
822.0 0.0004212176463624928
823.0 0.0005535161562875146
824.0 0.0003500527100186446
825.0 0.00014658926374977455
826.0 0.00034017621146631427
827.0 0.000533763159182854
828.0 0.0004662631454266375
829.0 0.0003987630861956859
830.0 0.0002933165887952782
831.0 0.00018787005728881923
832.0 0.00029514155812648823
833.0 0.0004024131158075761
834.0 0.0004535887455858756
835.0 0.0005047644663136452
836.0 0.0004019089374196483
837.0 0.0002990533857882838
838.0 0.0003727580860868329
839.0 0.0004464628091227496
840.0 0.0004451947006600676
841.0 0.0004439266831468558
842.0 0.0004734619324153755
843.0 0.000502997090734425
844.0 0.0005246743057796266
845.0 0.0005463515208248282
846.0 0.00044199705371283926
847.0 0.00033764249565138016
848.0 0.0004021515906060813
849.0 0.00046666073103551753
850.0 0.00037055972370581003
851.0 0.0002744588073255727
852.0 0.00023420500383508625
853.0 0.00019395120034459978
854.0 0.00021813625608047005
855.0 0.0002423213118163403
856.0 0.00035263246900285594
857.0 0.00046294362618937157
858.0 0.0005118220997246681
859.0 0.0005607005732599646
860.0 0.0004724586233351147
861.0 0.0003842166279355297
862.0 0.0003250210738769965
863.0 0.0002658254970810958
864.0 0.0002849832526408136
865.0 0.0003041410309378989
866.0 0.00029608875138364965
867.0 0.00028803644909203285
868.0 0.00036215535601513693
869.0 0.00043627424020087346
870.0 0.0004053306838613935
871.0 0.0003743871275219135
872.0 0.00038131186101963976
873.0 0.0003882366399921011
874.0 0.00047228045332303736
875.0 0.0005563243121287087
876.0 0.00043646982703648973
877.0 0.0003166153646816383
878.0 0.0004397694738145219
879.0 0.0005629235147353029
880.0 0.0005420220531959785
881.0 0.0005211204552324489
882.0 0.0005574678198172478
883.0 0.0005938151844020467
884.0 0.0005398337634687778
885.0 0.0004858522970607737
886.0 0.0005158688509254716
887.0 0.0005458853138406994
888.0 0.0005630715804727515
889.0 0.0005802578471048037
890.0 0.0005847304691997124
891.0 0.0005892030912946211
892.0 0.0005402408078225562
893.0 0.0004912784788757563
894.0 0.0005161447916179895
895.0 0.0005410109679360176
896.0 0.0005610725111182546
897.0 0.0005811340543004917
898.0 0.0005007750587537885
899.0 0.00042041610868182033
900.0 0.0003501917490211781
901.0 0.00027996736662316835
902.0 0.00037713791698479326
903.0 0.00047430839913431555
904.0 0.0003758902948902687
905.0 0.00027747219064622186
