lsstCam/transmission_filter_detector/r42_s00/g_6/19700101T000000.ecsv
# %ECSV 1.0
# ---
# datatype:
# - {name: wavelength, unit: nm, datatype: float32}
# - {name: efficiency, unit: '%', datatype: float64}
# meta: !!omap
# - {MODE: DETECTOR}
# - {TYPE: transmission_filter_detector}
# - {CALIBDATE: '1970-01-01T00:00:00'}
# - {INSTRUME: LSSTCam}
# - {OBSTYPE: transmission_filter_detector}
# - {CALIBCLS: lsst.ip.isr.IntermediateFilterDetectorTransmissionCurve}
# - {SOURCE: Materion (DM-46256)}
# - {DETECTOR: 171}
# - {FILTER: g_6}
# - {CALIB_ID: 'calibDate=1970-01-01T00:00:00 filter=g_6 detector=171'}
# - {DATE: '2025-04-02T15:59:42.818479'}
# - {CALIB_CREATION_DATE: '2025-04-02'}
# - {CALIB_CREATION_TIME: '15:59:42'}
# - __serialized_columns__:
#     efficiency:
#       __class__: astropy.units.quantity.Quantity
#       unit: !astropy.units.Unit {unit: '%'}
#       value: !astropy.table.SerializedColumn {name: efficiency}
#     wavelength:
#       __class__: astropy.units.quantity.Quantity
#       unit: !astropy.units.Unit {unit: nm}
#       value: !astropy.table.SerializedColumn {name: wavelength}
# schema: astropy-2.0
wavelength efficiency
[from data line 607]
907.0 0.00023864165541453985
908.0 0.0002802890321618179
909.0 0.00032193638617172837
910.0 0.0003265685563746956
911.0 0.0003312007493150304
912.0 0.0003501378841974656
913.0 0.0003690750190799008
914.0 0.0003990743152826326
915.0 0.0004290736342227319
916.0 0.0003955352894990938
917.0 0.00036199689930072054
918.0 0.00039631763684155885
919.0 0.00043063841985713225
920.0 0.0004130039087613113
921.0 0.0003953693521907553
922.0 0.0003761062998819398
923.0 0.0003568432248357567
924.0 0.00035033119729632745
925.0 0.0003438191697568982
926.0 0.0004098382305528503
927.0 0.00047585731408616994
928.0 0.0004597357019520132
929.0 0.00044361399886838626
930.0 0.0004779273240274051
931.0 0.0005122406946611591
932.0 0.0004675927812058944
933.0 0.0004229448222758947
934.0 0.0005137563675816637
935.0 0.0006045679583621677
936.0 0.0005645683359034592
937.0 0.0005245687589194858
938.0 0.0005247462013358017
939.0 0.0005249236892268527
940.0 0.0004718925083579961
941.0 0.00041886123653966933
942.0 0.0004836026164412033
943.0 0.0005483439963427372
944.0 0.0005586516635958105
945.0 0.0005689592398994137
946.0 0.0007553320301667554
947.0 0.0009417049113835674
948.0 0.0008400071237701923
949.0 0.0007383091997326119
950.0 0.000680536322761327
951.0 0.0006227634003153071
952.0 0.0007518712209275691
953.0 0.0008809790415398311
954.0 0.0008672157491673715
955.0 0.0008534525477443822
956.0 0.0007566956355731236
957.0 0.0006599388598260703
958.0 0.0006925524303369457
959.0 0.000725165955373086
960.0 0.000675648016112973
961.0 0.0006261300313781248
962.0 0.0005982854418107308
963.0 0.0005704408067686018
964.0 0.0005564317689277232
965.0 0.0005424226856121095
966.0 0.000563271396458731
967.0 0.0005841201073053526
968.0 0.000599767054154654
969.0 0.0006154140464786906
970.0 0.0005775908448413247
971.0 0.000539767688678694
972.0 0.0006044248948455788
973.0 0.0006690821464871988
974.0 0.0007034308055153815
975.0 0.0007377794645435642
976.0 0.0007731219739071093
977.0 0.0008084644832706545
978.0 0.0008523797077941708
979.0 0.000896294841368217
980.0 0.000861482294567395
981.0 0.0008266699296655133
982.0 0.0009561997103446629
983.0 0.0010857294000743423
984.0 0.0012180477824585978
985.0 0.0013503662557923235
986.0 0.0013538699022319634
987.0 0.0013573737305705436
988.0 0.0013037129065196496
989.0 0.0012500516277214047
990.0 0.0013440369912132155
991.0 0.001438022172806086
992.0 0.0013998565918882377
993.0 0.0013616909200209193
994.0 0.0014035755157237872
995.0 0.0014454601114266552
996.0 0.0013661709090229124
997.0 0.00128688197946758
998.0 0.0012873242667410523
999.0 0.0012877666449639946
1000.0 0.0012851825886173174
1001.0 0.0012825986232201103
1002.0 0.0012113852790207602
1003.0 0.0011401720257708803
1004.0 0.0012316853826632723
1005.0 0.0013231987395556644
1006.0 0.001318977137998445
1007.0 0.0013147553545422852
1008.0 0.0013194856364862062
1009.0 0.0013242157365311868
1010.0 0.0014060994544706773
1011.0 0.001487983354309108
1012.0 0.0014333326362248044
1013.0 0.0013786817362415604
1014.0 0.0015972944311215542
1015.0 0.0018159074897994287
1016.0 0.0019029172108275816
1017.0 0.001989927113754675
1018.0 0.0022008773157722317
1019.0 0.002411827153991908
1020.0 0.00250548491749214
1021.0 0.0025991428628913127
1022.0 0.002911299998231698
1023.0 0.0032234569516731426
1024.0 0.003331366679049097
1025.0 0.0034392760426271707
1026.0 0.00369993103959132
1027.0 0.003960585672757588
1028.0 0.004127563443034887
1029.0 0.004294540849514306
1030.0 0.004473404987948015
1031.0 0.004652269490179606
1032.0 0.004704881939687766
1033.0 0.004757494752993807
1034.0 0.004953850657329895
1035.0 0.005150206561665982
1036.0 0.005247545777820051
1037.0 0.005344884993974119
1038.0 0.005359822534956038
1039.0 0.005374759712140076
1040.0 0.005664439595420845
1041.0 0.005954119114903733
1042.0 0.00600252315052785
1043.0 0.006050927913747728
1044.0 0.006298170046648011
1045.0 0.006545412179548293
1046.0 0.00687457068124786
1047.0 0.007203728455351666
1048.0 0.007825137436157092
1049.0 0.00844654641696252
1050.0 0.00952213304117322
1051.0 0.010597718937788159
1052.0 0.012315424100961536
1053.0 0.014033130719326437
1054.0 0.01669503253651783
1055.0 0.019356931443326175
1056.0 0.023189089552033693
1057.0 0.02702124183997512
1058.0 0.03273548209108412
1059.0 0.03844972234219313
1060.0 0.045763078378513455
1061.0 0.053076434414833784
1062.0 0.06139489123597741
1063.0 0.06971334805712104
1064.0 0.07876215386204422
1065.0 0.08781097130849957
1066.0 0.09640827775001526
1067.0 0.10500558419153094
1068.0 0.11368597624823451
1069.0 0.12236637994647026
1070.0 0.13144502881914377
1071.0 0.14052368933334947
1072.0 0.14992690412327647
1073.0 0.15933011891320348
1074.0 0.1686078612692654
1075.0 0.17788558034226298
1076.0 0.18737718928605318
1077.0 0.1968687865883112
1078.0 0.20577425602823496
1079.0 0.21467972546815872
1080.0 0.22572106681764126
1081.0 0.23676236160099506
1082.0 0.24976483546197414
1083.0 0.26276728603988886
1084.0 0.2828958909958601
1085.0 0.30302449595183134
1086.0 0.33395413774996996
1087.0 0.3648837795481086
1088.0 0.40787961333990097
1089.0 0.450875423848629
1090.0 0.5006928462535143
1091.0 0.5505102686583996
1092.0 0.6199526600539684
1093.0 0.6893951445817947
1094.0 0.77315135858953
1095.0 0.8569076657295227
1096.0 0.9232667274773121
1097.0 0.989625696092844
1098.0 1.0577958077192307
1099.0 1.1259659193456173
1100.0 1.229085959494114
1101.0 1.332206279039383
