lsstCam/transmission_filter_detector/r42_s00/i_39/19700101T000000.ecsv
# %ECSV 1.0
# ---
# datatype:
# - {name: wavelength, unit: nm, datatype: float32}
# - {name: efficiency, unit: '%', datatype: float64}
# meta: !!omap
# - {MODE: DETECTOR}
# - {TYPE: transmission_filter_detector}
# - {CALIBDATE: '1970-01-01T00:00:00'}
# - {INSTRUME: LSSTCam}
# - {OBSTYPE: transmission_filter_detector}
# - {CALIBCLS: lsst.ip.isr.IntermediateFilterDetectorTransmissionCurve}
# - {SOURCE: Materion (DM-46256)}
# - {DETECTOR: 171}
# - {FILTER: i_39}
# - {CALIB_ID: 'calibDate=1970-01-01T00:00:00 filter=i_39 detector=171'}
# - {DATE: '2025-04-02T15:59:47.270919'}
# - {CALIB_CREATION_DATE: '2025-04-02'}
# - {CALIB_CREATION_TIME: '15:59:47'}
# - __serialized_columns__:
#     efficiency:
#       __class__: astropy.units.quantity.Quantity
#       unit: !astropy.units.Unit {unit: '%'}
#       value: !astropy.table.SerializedColumn {name: efficiency}
#     wavelength:
#       __class__: astropy.units.quantity.Quantity
#       unit: !astropy.units.Unit {unit: nm}
#       value: !astropy.table.SerializedColumn {name: wavelength}
# schema: astropy-2.0
wavelength efficiency
300.0 0.06133732968010008
301.0 0.03816552634816617
302.0 0.01499373756814748
303.0 0.012351854820735753
304.0 0.00970997498370707
305.0 0.008842827810440212
306.0 0.007975677726790309
307.0 0.013313959061633795
308.0 0.018652237486094236
309.0 0.002289804797328543
310.0 1.6119672870823498e-10
311.0 1.6119672870823498e-10
312.0 1.6119672870823498e-10
313.0 1.6119672870823498e-10
314.0 1.6119672870823498e-10
315.0 0.0030996263376437128
316.0 0.008539426198694855
317.0 0.004367700967122801
318.0 0.0001959772589543718
319.0 0.0025207773433066905
320.0 0.004845575676881708
321.0 0.0026932117179967463
322.0 0.0005408477591117844
323.0 0.0009323134690930601
324.0 0.001323779724771157
325.0 0.001617307134438306
326.0 0.0019108356354990974
327.0 0.0018022516087512486
328.0 0.0016936683095991611
329.0 0.0009644730198488105
330.0 0.0002352781621084432
331.0 0.0011046220606658608
332.0 0.0019739656636375003
333.0 0.001228152268595295
334.0 0.00048233873712888453
335.0 0.0011578600606299005
336.0 0.0018333799744141288
337.0 0.002919428516179323
338.0 0.004005476148449816
339.0 0.001514007817604579
340.0 1.6119672870823498e-10
341.0 1.6119672870823498e-10
342.0 0.0003313095021439949
343.0 0.0009632532965042628
344.0 0.0015951971363392659
345.0 0.0014258266674005426
346.0 0.001256456016562879
347.0 0.0007206827376649017
348.0 0.00018490936781745404
349.0 3.062767177652859e-05
350.0 1.6119672870823498e-10
351.0 1.6119672870823498e-10
352.0 1.6119672870823498e-10
353.0 1.6119672870823498e-10
354.0 1.6119672870823498e-10
355.0 0.0005208760740060825
356.0 0.001474927648814628
357.0 0.0002795614591377671
358.0 1.6119672870823498e-10
359.0 1.6119672870823498e-10
360.0 1.6119672870823498e-10
361.0 0.0003589772632039967
362.0 0.001099017754313536
363.0 0.0006640628271270543
364.0 0.00022910778625373496
365.0 0.00028694546472252114
366.0 0.00034478321140340995
367.0 0.0001150869024968415
368.0 1.6119672870823498e-10
369.0 1.6119672870823498e-10
370.0 1.6119672870823498e-10
371.0 1.6119672870823498e-10
372.0 1.6119672870823498e-10
373.0 0.00034743761716526933
374.0 0.0007174056463554734
375.0 0.00040419017750537023
376.0 9.097493034460058e-05
377.0 0.00017618098127059056
378.0 0.0002613869355627685
379.0 0.00023884103939053603
380.0 0.0002162949613193632
381.0 1.6119672870823498e-10
382.0 1.6119672870823498e-10
383.0 1.6119672870823498e-10
384.0 1.6119672870823498e-10
385.0 1.6119672870823498e-10
386.0 0.000251549317908939
387.0 0.00033070778044930194
388.0 0.00040986601561598945
389.0 0.000472828651254531
390.0 0.0005357909230951918
391.0 0.0007255759101099102
392.0 0.0009153607607004233
393.0 0.000915301643544808
394.0 0.0009152424354397226
395.0 0.0012052512829541229
396.0 0.0014952598576201126
397.0 0.0005510586561285891
398.0 1.6119672870823498e-10
399.0 0.0005052684628026327
400.0 0.0014036794709682
401.0 0.0051552120567066595
402.0 0.008906745642889291
403.0 0.0069238471041899174
404.0 0.004940948565490544
405.0 0.002877435144910123
406.0 0.0008139217243297026
407.0 0.001900116512842942
408.0 0.0029863113013561815
409.0 0.0032133939384948462
410.0 0.0034404758480377495
411.0 0.002023403430939652
412.0 0.0006063311047910247
413.0 0.002508800935174804
414.0 0.004411270492710173
415.0 0.00528292111994233
416.0 0.006154570291982964
417.0 0.006187525286804885
418.0 0.006220480281626806
419.0 0.004582262408803217
420.0 0.0029440450816764496
421.0 0.004258253102307208
422.0 0.005572462032432668
423.0 0.005426233110483736
424.0 0.0052800030971411616
425.0 0.005035790672991425
426.0 0.004791578612639569
427.0 0.004859402906731702
428.0 0.0049272279284195974
429.0 0.0034661017707549036
430.0 0.0020049761587870307
431.0 0.0030944756872486323
432.0 0.0041839750338112935
433.0 0.003345165168866515
434.0 0.0025063547582249157
435.0 0.0022312040528049693
436.0 0.001956053529283963
437.0 0.001550626075186301
438.0 0.0011451988029875793
439.0 0.0013370842680160422
440.0 0.0015289697330445051
441.0 0.001616746885702014
442.0 0.0017045242202584632
443.0 0.0013748309356742539
444.0 0.0010451377420395147
445.0 0.0009236242476617917
446.0 0.0008021105713851284
447.0 0.0005760663043474779
448.0 0.00035002206004719483
449.0 0.0005411990969150793
450.0 0.0007323760655708611
451.0 0.0005860084456799086
452.0 0.0004396410076878965
453.0 9.843673609566395e-06
454.0 1.6119672870823498e-10
455.0 1.6119672870823498e-10
456.0 0.0003347983920320985
457.0 0.00027977623631159076
458.0 0.00022475376226793742
459.0 0.0003623534666985506
460.0 0.0004999534212402068
461.0 0.0008058219464146532
462.0 0.0011116904715890996
463.0 0.0007666440978937317
464.0 0.00042159799704677425
465.0 0.0002875495511034387
466.0 0.00015350123021562467
467.0 0.00048690994844946545
468.0 0.0008203186553146224
469.0 0.0006169963853608351
470.0 0.0004136741154070478
471.0 0.00031712884265289176
472.0 0.00022058359263610328
473.0 8.15592784420005e-05
474.0 1.6119672870823498e-10
475.0 0.00010484885706318892
476.0 0.0002671627498784801
477.0 0.0004795015229319688
478.0 0.0006918403414601926
479.0 0.000612054191151401
480.0 0.0005322680863173446
481.0 0.0008384342436329462
482.0 0.0011446003554738127
483.0 0.0022895397705724463
484.0 0.003434478639974259
485.0 0.004708117921836674
486.0 0.005981756476103328
487.0 0.007724000897724181
488.0 0.009466244955547154
489.0 0.013668440806213766
490.0 0.01787063665688038
491.0 0.021698304044548422
492.0 0.02552597434259951
493.0 0.02804556570481509
494.0 0.030565159977413714
495.0 0.0288122653728351
496.0 0.027059370768256485
497.0 0.022963281662669033
498.0 0.018867195467464626
499.0 0.014212718815542758
500.0 0.00955824289121665
501.0 0.006560592737514526
502.0 0.0035629414924187586
503.0 0.0024007678803172894
504.0 0.0012385939044179395
505.0 0.0016331288861692883
506.0 0.0020276635041227564
507.0 0.0022290510969469324
508.0 0.0024304383259732276
509.0 0.0023168515326688066
510.0 0.0022032647393643856
511.0 0.0020998904801672325
512.0 0.0019965164028690197
513.0 0.002116544419550337
514.0 0.0022365726181305945
515.0 0.0021007517716498114
516.0 0.0019649309251690283
517.0 0.0019500796042848378
518.0 0.0019352284652995877
519.0 0.0017794072846299969
520.0 0.001623586103960406
521.0 0.0016869729734025896
522.0 0.0017503600247437134
523.0 0.0019106068066321313
524.0 0.0020708537704194896
525.0 0.0025171289962599985
526.0 0.002963404585898388
527.0 0.003166265014442615
528.0 0.003369125261087902
529.0 0.003106338408542797
530.0 0.0028435513740987517
531.0 0.0026743055059341714
532.0 0.0025050598196685314
533.0 0.00217011747736251
534.0 0.0018351751350564882
535.0 0.0016641701222397387
536.0 0.0014931652003724594
537.0 0.0019827748474199325
538.0 0.0024723849492147565
539.0 0.0031245519494405016
540.0 0.0037767189496662468
541.0 0.004630073090083897
542.0 0.0054834272305015475
543.0 0.005236774450168014
544.0 0.00499012203363236
545.0 0.00438258248323109
546.0 0.003775042569031939
547.0 0.003030158950423356
548.0 0.0022852747861179523
549.0 0.002078538091154769
550.0 0.0018718017599894665
551.0 0.001875964881037362
552.0 0.0018801281839841977
553.0 0.0018179525795858353
554.0 0.001755776975187473
555.0 0.0014962324712541886
556.0 0.0012366880582703743
557.0 0.0009453775419387966
558.0 0.0006540668437082786
559.0 0.0005481902917381376
560.0 0.00044231383071746677
561.0 0.0006458204552473035
562.0 0.0008493270797771402
563.0 0.0011671590073092375
564.0 0.0014849907529423945
565.0 0.0015811532648513094
566.0 0.0016773157767602243
567.0 0.001528463326394558
568.0 0.0013796108760288917
569.0 0.0012095333659090102
570.0 0.0010394558557891287
571.0 0.0007131199708965141
572.0 0.00038678417695336975
573.0 0.0003237016926505021
574.0 0.0002606191401355318
575.0 0.00041003418118634727
576.0 0.0005594491540250601
577.0 0.0005346091256797081
578.0 0.000509769097334356
579.0 0.0004777258709509624
580.0 0.0004456825536180986
581.0 0.0004964082108926959
582.0 0.0005471338681672933
583.0 0.00045644474084838293
584.0 0.0003657555680547375
585.0 0.00038604484871029854
586.0 0.0004063339929416543
587.0 0.00042978058445442
588.0 0.00045322713049245067
589.0 0.0006395029686245834
590.0 0.0008257789886556566
591.0 0.0006057995506125735
592.0 0.00038582015804422554
593.0 0.00043248574002063833
594.0 0.0004791514129465213
595.0 0.00032547488899581367
596.0 0.00017179838778247358
597.0 0.0003062339374082512
598.0 0.0004406695097713964
599.0 0.00037045333556307014
600.0 0.0003002372295668465
601.0 0.0003516879360176972
602.0 0.00040313871068065055
603.0 0.00033208295917575015
604.0 0.00026102720767084975
605.0 0.00034951594898302574
606.0 0.00043800464482046664
607.0 0.0003483990894892486
608.0 0.00025879344320856035
609.0 0.0003197233127139043
610.0 0.0003806532504313509
611.0 0.0003967079919675598
612.0 0.0004127628017158713
613.0 0.00034172196592408
614.0 0.00027068126655649394
615.0 0.00025246920358767966
616.0 0.00023425723156833556
617.0 0.0003468506292847451
618.0 0.0004594441179506248
619.0 0.0003148464656987926
620.0 0.00017024887029037927
621.0 0.00028850829494331265
622.0 0.0004067677309649298
623.0 0.00035801569993054727
624.0 0.0003092637598456349
625.0 0.00040490299397788476
626.0 0.0005005422281101346
627.0 0.00044481166696641594
628.0 0.00038908115129743237
629.0 0.00042260699046892114
630.0 0.0004561327841656748
631.0 0.0004969195288140327
632.0 0.0005377062279876554
633.0 0.00042757842493301723
634.0 0.000317450621878379
635.0 0.00032503551210538717
636.0 0.00033262042506976286
637.0 0.0002466465275574592
638.0 0.00016067265278252307
639.0 0.0003529478817654308
640.0 0.0005452230197988683
641.0 0.0005567569587583421
642.0 0.0005682908522430807
643.0 0.0004636059657059377
644.0 0.0003589209882193245
645.0 0.0004916245416097809
646.0 0.0006243281404749723
647.0 0.000709740334059461
648.0 0.0007951523912197445
649.0 0.0007970907972776331
650.0 0.0007990291123860516
651.0 0.0007944071512611117
652.0 0.0007897850082372315
653.0 0.0008324962436745409
654.0 0.0008752074791118503
655.0 0.0010150037269340828
656.0 0.001154799792857375
657.0 0.0017773900253814645
658.0 0.0023999804398044944
659.0 0.0042023195419460535
660.0 0.01544871338410303
661.0 0.0909728230908513
662.0 0.11013330658897758
663.0 0.1135544735006988
664.0 0.13546207919716835
665.0 0.135305046569556
666.0 0.16549930442124605
667.0 0.19358715508133173
668.0 0.1983824884518981
669.0 0.2667360473424196
670.0 0.38434197194874287
671.0 0.5156272556632757
672.0 0.8396267890930176
673.0 1.3135728426277637
674.0 1.9587937742471695
675.0 2.893490344285965
676.0 3.922562673687935
677.0 5.2658431231975555
678.0 6.580016762018204
679.0 7.9604655504226685
680.0 9.845735877752304
681.0 11.899849772453308
682.0 14.404337108135223
683.0 17.152950167655945
684.0 20.113758742809296
685.0 23.027268052101135
686.0 26.060616970062256
687.0 29.29200530052185
688.0 32.606178522109985
689.0 35.94766557216644
690.0 39.749279618263245
691.0 43.88224184513092
692.0 48.685088753700256
693.0 53.88428568840027
694.0 59.68184471130371
695.0 65.32832980155945
696.0 71.46424055099487
697.0 77.04325318336487
698.0 82.95908570289612
699.0 87.47982978820801
700.0 90.98905324935913
701.0 93.80680918693542
702.0 95.7356333732605
703.0 96.74079418182373
704.0 97.2995936870575
705.0 97.68869876861572
706.0 97.7418839931488
707.0 97.90173768997192
708.0 97.97059297561646
709.0 98.01135063171387
710.0 97.79410362243652
711.0 97.99504280090332
712.0 97.85305857658386
713.0 97.96433448791504
714.0 98.02373051643372
715.0 98.14012050628662
716.0 97.98335433006287
717.0 98.22559952735901
718.0 98.20294380187988
719.0 98.17135334014893
720.0 98.4290361404419
721.0 98.2802152633667
722.0 98.07191491127014
723.0 97.85087704658508
724.0 97.50057458877563
725.0 97.19651937484741
726.0 96.99377417564392
727.0 96.70038223266602
728.0 96.4657723903656
729.0 96.31070494651794
730.0 96.34596705436707
731.0 96.31363153457642
732.0 96.38935923576355
733.0 96.6528832912445
734.0 96.94862961769104
735.0 97.16137647628784
736.0 97.55476117134094
737.0 97.96832799911499
738.0 98.1843888759613
739.0 98.60333204269409
740.0 98.73486757278442
741.0 98.5487163066864
742.0 98.90735149383545
743.0 98.70417714118958
744.0 98.57360124588013
745.0 98.62610697746277
746.0 98.62086176872253
747.0 98.80808591842651
748.0 98.67633581161499
749.0 98.51887226104736
750.0 98.50965142250061
751.0 98.36506247520447
752.0 98.369300365448
753.0 98.55993390083313
754.0 98.45610857009888
755.0 98.5722005367279
756.0 98.52012395858765
757.0 98.61055612564087
758.0 98.73051643371582
759.0 98.81322383880615
760.0 98.6732542514801
761.0 98.59298467636108
762.0 98.67454767227173
763.0 98.62098097801208
764.0 98.53178858757019
765.0 98.45817685127258
766.0 98.58828783035278
767.0 98.37931394577026
768.0 98.36673736572266
769.0 98.39745759963989
770.0 98.09375405311584
771.0 98.15016388893127
772.0 98.16727042198181
773.0 98.00434708595276
774.0 97.8782594203949
775.0 97.9402482509613
776.0 97.859126329422
777.0 97.90101051330566
778.0 97.89988398551941
779.0 98.00835847854614
780.0 97.93522953987122
781.0 98.23635220527649
782.0 98.16197156906128
783.0 98.30037951469421
784.0 98.18673133850098
785.0 98.35600256919861
786.0 98.44317436218262
787.0 98.32993745803833
788.0 98.38547706604004
789.0 98.39767813682556
790.0 98.37453961372375
791.0 98.39209914207458
792.0 98.26982021331787
793.0 98.19112420082092
794.0 98.1792688369751
795.0 98.00389409065247
796.0 97.98207879066467
797.0 98.04233908653259
798.0 97.97863960266113
799.0 97.80901074409485
800.0 97.6341187953949
801.0 97.65290021896362
802.0 97.58815169334412
803.0 97.30633497238159
804.0 97.16909527778625
805.0 96.6906487941742
806.0 96.15538120269775
807.0 95.26328444480896
808.0 94.15146112442017
809.0 92.81540513038635
810.0 91.24886393547058
811.0 89.2295241355896
812.0 86.86714172363281
813.0 84.07183885574341
814.0 80.75519800186157
815.0 77.05352306365967
816.0 73.21731448173523
817.0 68.73436570167542
818.0 63.90792727470398
819.0 59.56783890724182
820.0 54.63474988937378
821.0 50.176793336868286
822.0 45.735010504722595
823.0 41.11132323741913
824.0 36.42420470714569
825.0 32.1682333946228
826.0 27.768054604530334
827.0 23.185335099697113
828.0 19.020278751850128
829.0 14.970530569553375
830.0 10.955048352479935
831.0 8.028557896614075
832.0 5.307057872414589
833.0 3.35504487156868
834.0 2.0190302282571793
835.0 1.1936290189623833
836.0 0.6725986953824759
837.0 0.404772674664855
838.0 0.2334429183974862
839.0 0.1332639018073678
840.0 0.09210553835146129
841.0 0.016501992649864405
842.0 0.05016040522605181
843.0 0.021839584223926067
844.0 0.007169718446675688
845.0 0.01232746581081301
846.0 1.6119672870823498e-10
847.0 1.6119672870823498e-10
848.0 1.6119672870823498e-10
849.0 1.6119672870823498e-10
850.0 1.6119672870823498e-10
851.0 0.0019329445422044955
852.0 0.0026025249098893255
853.0 0.0018142856788472272
854.0 0.0010260466297040693
855.0 0.0007671042112633586
856.0 0.0005081618382973829
857.0 0.000413572661273065
858.0 0.00031898350698611466
859.0 0.0003119127313766512
860.0 0.0003048419330298202
861.0 0.0002361377255510888
862.0 0.00016743325659263064
863.0 0.00016115552625706187
864.0 0.00015487785276491195
865.0 0.00015574667031614808
866.0 0.000156615499236068
867.0 5.537640959119017e-05
868.0 1.6119672870823498e-10
869.0 4.236837014559569e-05
870.0 0.000130599471503956
871.0 4.293724487069994e-05
872.0 1.6119672870823498e-10
873.0 5.64592198770697e-05
874.0 0.00015764341014801175
875.0 8.662890422783676e-05
876.0 1.5614382675721572e-05
877.0 6.419541875857249e-06
878.0 1.6119672870823498e-10
879.0 4.982451287105505e-05
880.0 0.00010242437156193773
881.0 0.00018761949149848078
882.0 0.0002728146228037076
883.0 0.00013102763887218316
884.0 1.6119672870823498e-10
885.0 9.217609999723209e-05
886.0 0.0001951114882103866
887.0 0.00017392108020430896
888.0 0.00015273066082954756
889.0 0.0001621650312699785
890.0 0.00017159942444777698
891.0 4.5603562170981604e-05
892.0 1.6119672870823498e-10
893.0 1.6119672870823498e-10
894.0 3.4135325677198125e-05
895.0 6.996642127887753e-05
