lsstCam/transmission_filter_detector/r42_s00/i_39/19700101T000000.ecsv
# %ECSV 1.0
# ---
# datatype:
# - {name: wavelength, unit: nm, datatype: float32}
# - {name: efficiency, unit: '%', datatype: float64}
# meta: !!omap
# - {MODE: DETECTOR}
# - {TYPE: transmission_filter_detector}
# - {CALIBDATE: '1970-01-01T00:00:00'}
# - {INSTRUME: LSSTCam}
# - {OBSTYPE: transmission_filter_detector}
# - {CALIBCLS: lsst.ip.isr.IntermediateFilterDetectorTransmissionCurve}
# - {SOURCE: Materion (DM-46256)}
# - {DETECTOR: 171}
# - {FILTER: i_39}
# - {CALIB_ID: 'calibDate=1970-01-01T00:00:00 filter=i_39 detector=171'}
# - {DATE: '2025-04-02T15:59:47.270919'}
# - {CALIB_CREATION_DATE: '2025-04-02'}
# - {CALIB_CREATION_TIME: '15:59:47'}
# - __serialized_columns__:
#     efficiency:
#       __class__: astropy.units.quantity.Quantity
#       unit: !astropy.units.Unit {unit: '%'}
#       value: !astropy.table.SerializedColumn {name: efficiency}
#     wavelength:
#       __class__: astropy.units.quantity.Quantity
#       unit: !astropy.units.Unit {unit: nm}
#       value: !astropy.table.SerializedColumn {name: wavelength}
# schema: astropy-2.0
wavelength efficiency
[from data line 597]
897.0 0.00010695525816117879
898.0 0.00010811299944180064
899.0 5.034531227465777e-05
900.0 1.6119672870823498e-10
901.0 0.00010532444321142975
902.0 0.00021807127268402837
903.0 5.6429030337312724e-05
904.0 1.6119672870823498e-10
905.0 1.6119672870823498e-10
906.0 1.6119672870823498e-10
907.0 1.6119672870823498e-10
908.0 1.6119672870823498e-10
909.0 1.6119672870823498e-10
910.0 1.6119672870823498e-10
911.0 1.6119672870823498e-10
912.0 1.6119672870823498e-10
913.0 4.742307453398098e-05
914.0 0.00017406601955372025
915.0 0.00011981563829976949
916.0 6.556524567713495e-05
917.0 1.6119672870823498e-10
918.0 1.6119672870823498e-10
919.0 1.6119672870823498e-10
920.0 9.088656156563957e-05
921.0 1.6119672870823498e-10
922.0 1.6119672870823498e-10
923.0 3.299642230558675e-05
924.0 0.000249590721068671
925.0 0.0001827257278819161
926.0 0.00011586072332647745
927.0 4.385666940720512e-06
928.0 1.6119672870823498e-10
929.0 1.6119672870823498e-10
930.0 4.640012889467471e-05
931.0 1.6119672870823498e-10
932.0 1.6119672870823498e-10
933.0 1.6119672870823498e-10
934.0 1.6119672870823498e-10
935.0 1.6119672870823498e-10
936.0 1.6119672870823498e-10
937.0 1.6119672870823498e-10
938.0 1.6119672870823498e-10
939.0 1.6119672870823498e-10
940.0 3.345898562656657e-05
941.0 0.000129875002130575
942.0 0.00022629101295024157
943.0 5.76917557282286e-05
944.0 1.6119672870823498e-10
945.0 2.5659619495854713e-05
946.0 0.00016222672911681002
947.0 6.679699140477169e-05
948.0 1.6119672870823498e-10
949.0 6.012287485646084e-05
950.0 0.00014887843917676946
951.0 7.640155104127189e-05
952.0 3.924653668718747e-06
953.0 1.6119672870823498e-10
954.0 1.6119672870823498e-10
955.0 2.3294049356081814e-05
956.0 0.0002401823394393432
957.0 0.00017142300521300058
958.0 0.00010266370509270928
959.0 0.0002233665782114258
960.0 0.00034406943996145856
961.0 0.00022791075480199652
962.0 0.00011175203553648316
963.0 0.00013352187124837656
964.0 0.00015529170696026995
965.0 9.918745718096034e-05
966.0 4.308321308599261e-05
967.0 6.912158028171689e-05
968.0 9.515994747744116e-05
969.0 4.0742455098552455e-05
970.0 1.6119672870823498e-10
971.0 1.6119672870823498e-10
972.0 1.6119672870823498e-10
973.0 1.6119672870823498e-10
974.0 1.6119672870823498e-10
975.0 2.2860881188080384e-05
976.0 0.0001519180045761459
977.0 7.627733111803536e-05
978.0 6.366374094568528e-07
979.0 7.269304660439957e-05
980.0 0.00014474943554887432
981.0 0.00010700072152758366
982.0 6.925200750629301e-05
983.0 7.883408557063376e-05
984.0 8.841619774102583e-05
985.0 5.361436592465907e-05
986.0 1.8812535529377783e-05
987.0 1.6119672870823498e-10
988.0 1.6119672870823498e-10
989.0 1.6119672870823498e-10
990.0 1.6119672870823498e-10
991.0 1.6119672870823498e-10
992.0 1.6119672870823498e-10
993.0 2.5719216978359327e-05
994.0 5.744524855799682e-05
995.0 0.00015133942952161306
996.0 0.0002452336048008874
997.0 0.00011106207011835068
998.0 1.6119672870823498e-10
999.0 1.6119672870823498e-10
1000.0 1.6119672870823498e-10
1001.0 3.662433414319821e-05
1002.0 0.0001325155153608648
1003.0 0.0001781095875230676
1004.0 0.00022370370516000548
1005.0 0.0002560698021625285
1006.0 0.0002884359901145217
1007.0 0.00027470493932924
1008.0 0.0002609739794934285
1009.0 0.00013548267361329636
1010.0 9.99135352230951e-06
1011.0 0.00011735421594494255
1012.0 0.00022471708689408842
1013.0 0.00015702133850936661
1014.0 8.93256355993799e-05
1015.0 9.953964763553813e-05
1016.0 0.00010975367104038014
1017.0 0.00032313087103830185
1018.0 0.0005365080596675398
1019.0 0.00036463541164266644
1020.0 0.00019276278635516064
1021.0 0.00020994853002775926
1022.0 0.0002271342282256228
1023.0 0.0002342594143556198
1024.0 0.00024138446406141156
1025.0 0.00029255809295136714
1026.0 0.00034373167636658764
1027.0 0.0004079676727997139
1028.0 0.00047220355554600246
1029.0 0.0007551246653747512
1030.0 0.0010380456842540298
1031.0 0.001224463812832255
1032.0 0.0014108820323599502
1033.0 0.0017420456060790457
1034.0 0.0020732088160002604
1035.0 0.0023618475097464398
1036.0 0.0026504860215936787
1037.0 0.002924718319263775
1038.0 0.0031989507988328114
1039.0 0.0033069110941141844
1040.0 0.003414871753193438
1041.0 0.0033199714380316436
1042.0 0.0032250707590719685
1043.0 0.003276858478784561
1044.0 0.0033286465622950345
1045.0 0.00344632426276803
1046.0 0.003564001599443145
1047.0 0.003114327773801051
1048.0 0.002664653948158957
1049.0 0.0026508902010391466
1050.0 0.002637126272020396
1051.0 0.002349037822568789
1052.0 0.0020609493731171824
1053.0 0.0021198980903136544
1054.0 0.0021788468075101264
1055.0 0.0016316527762683108
1056.0 0.0010844584721780848
1057.0 0.001144222915172577
1058.0 0.001203987358167069
1059.0 0.0008633582183392718
1060.0 0.0005227290330367396
1061.0 0.0007086193818395259
1062.0 0.0008945098670665175
1063.0 0.001329969563812483
1064.0 0.0017654290786595084
1065.0 0.0023067317670211196
1066.0 0.0028480342734837905
1067.0 0.003461595406406559
1068.0 0.00407515763072297
1069.0 0.0039912112697493285
1070.0 0.003907265636371449
1071.0 0.003983255010098219
1072.0 0.004059245111420751
1073.0 0.0034885269997175783
1074.0 0.0029178087061154656
1075.0 0.00310312352667097
1076.0 0.003288438529125415
1077.0 0.0036250286939321086
1078.0 0.003961618494940922
1079.0 0.0035663062590174377
1080.0 0.0031709940230939537
1081.0 0.00259228800132405
1082.0 0.002013582161453087
1083.0 0.0018307437130715698
1084.0 0.0016479050827911124
1085.0 0.0011673489098029677
1086.0 0.000686792736814823
1087.0 0.0005444460839498788
1088.0 0.000402099612983875
1089.0 1.6119672870823498e-10
1090.0 1.6119672870823498e-10
1091.0 1.6119672870823498e-10
1092.0 0.0011645687663985882
1093.0 0.000992108562059002
1094.0 0.0008196481758204754
1095.0 0.00028539905088109663
1096.0 1.6119672870823498e-10
1097.0 1.6119672870823498e-10
1098.0 1.6119672870823498e-10
1099.0 6.298810149019118e-05
1100.0 0.001220253761857748
