lsstCam/transmission_filter_detector/r14_s02/z_20/19700101T000000.ecsv
# %ECSV 1.0
# ---
# datatype:
# - {name: wavelength, unit: nm, datatype: float32}
# - {name: efficiency, unit: '%', datatype: float64}
# meta: !!omap
# - {MODE: DETECTOR}
# - {TYPE: transmission_filter_detector}
# - {CALIBDATE: '1970-01-01T00:00:00'}
# - {INSTRUME: LSSTCam}
# - {OBSTYPE: transmission_filter_detector}
# - {CALIBCLS: lsst.ip.isr.IntermediateFilterDetectorTransmissionCurve}
# - {SOURCE: Materion (DM-46256)}
# - {DETECTOR: 65}
# - {FILTER: z_20}
# - {CALIB_ID: 'calibDate=1970-01-01T00:00:00 filter=z_20 detector=65'}
# - {DATE: '2025-04-02T15:59:48.938961'}
# - {CALIB_CREATION_DATE: '2025-04-02'}
# - {CALIB_CREATION_TIME: '15:59:48'}
# - __serialized_columns__:
#     efficiency:
#       __class__: astropy.units.quantity.Quantity
#       unit: !astropy.units.Unit {unit: '%'}
#       value: !astropy.table.SerializedColumn {name: efficiency}
#     wavelength:
#       __class__: astropy.units.quantity.Quantity
#       unit: !astropy.units.Unit {unit: nm}
#       value: !astropy.table.SerializedColumn {name: wavelength}
# schema: astropy-2.0
wavelength efficiency
300.0 0.8670054376125336
301.0 0.5846737418323755
302.0 0.30234213918447495
303.0 0.2947181696072221
304.0 0.2870942000299692
305.0 0.24255162570625544
306.0 0.19800905138254166
307.0 0.18189556431025267
308.0 0.1657821238040924
309.0 0.14555795351043344
310.0 0.12533380649983883
311.0 0.12570518301799893
312.0 0.12607660610228777
313.0 0.11115086963400245
314.0 0.09622516809031367
315.0 0.09544612257741392
316.0 0.09466707706451416
317.0 0.08069865289144218
318.0 0.06673024035990238
319.0 0.06537558510899544
320.0 0.06402093567885458
321.0 0.06296492647379637
322.0 0.06190891726873815
323.0 0.053981138626113534
324.0 0.04605336289387196
325.0 0.04308195202611387
326.0 0.04011054115835577
327.0 0.039253674913197756
328.0 0.03839680866803974
329.0 0.034040602622553706
330.0 0.02968439948745072
331.0 0.02699756878428161
332.0 0.024310738081112504
333.0 0.023314372811000794
334.0 0.02231800463050604
335.0 0.021002552239224315
336.0 0.019687101303134114
337.0 0.024053759989328682
338.0 0.028420414309948683
339.0 0.024350197054445744
340.0 0.02027998707490042
341.0 0.01698556588962674
342.0 0.013691146159544587
343.0 0.013288517948240042
344.0 0.012885889736935496
345.0 0.01219596088049002
346.0 0.01150603056885302
347.0 0.010996578203048557
348.0 0.010487126564839855
349.0 0.013073788431938738
350.0 0.015660451026633382
351.0 0.013076806499157101
352.0 0.010493158333702013
353.0 0.011083682329626754
354.0 0.01167420850833878
355.0 0.009980677714338526
356.0 0.008287149830721319
357.0 0.009317913645645604
358.0 0.010348681098548695
359.0 0.010076437320094556
360.0 0.009804193541640416
361.0 0.008805873949313536
362.0 0.007807556539773941
363.0 0.00906112400116399
364.0 0.010314690734958276
365.0 0.010027927055489272
366.0 0.009741165558807552
367.0 0.00856586339068599
368.0 0.007390560494968668
369.0 0.007844840729376301
370.0 0.008299120963783935
371.0 0.008325438830070198
372.0 0.008351757423952222
373.0 0.007227472815429792
374.0 0.006103190389694646
375.0 0.006482449680333957
376.0 0.00686170969856903
377.0 0.00709887535776943
378.0 0.007336040289374068
379.0 0.006211591971805319
380.0 0.00508714365423657
381.0 0.0032240026484942064
382.0 0.001360861733701313
383.0 0.003550683322828263
384.0 0.005740505002904683
385.0 0.005482723645400256
386.0 0.0052249422878958285
387.0 0.005856016286998056
388.0 0.006487091013696045
389.0 0.0057030916650546715
390.0 0.00491909304400906
391.0 0.004600192551151849
392.0 0.004281291694496758
393.0 0.004777609865413979
394.0 0.00527392840012908
395.0 0.004290455763111822
396.0 0.003306983126094565
397.0 0.0035116372600896284
398.0 0.0037162917578825727
399.0 0.003966595249949023
400.0 0.004216898378217593
401.0 0.004731127773993649
402.0 0.005245356805971824
403.0 0.005165146285435185
404.0 0.005084935764898546
405.0 0.004029117189929821
406.0 0.002973299524455797
407.0 0.0017169060811283998
408.0 0.0004605130470736185
409.0 0.0020143241272307932
410.0 0.0035681354347616434
411.0 0.004195945439278148
412.0 0.004823755443794653
413.0 0.004690635978477076
414.0 0.004557516149361618
415.0 0.00371678288502153
416.0 0.0028760496206814423
417.0 0.0038985497667454183
418.0 0.004921050276607275
419.0 0.00442016425949987
420.0 0.003919278606190346
421.0 0.003824888335657306
422.0 0.0037304987927200273
423.0 0.0035580003896029666
424.0 0.003385503077879548
425.0 0.002508355464669876
426.0 0.0016312080333591439
427.0 0.0018703862224356271
428.0 0.0021095649572089314
429.0 0.0013327266970009077
430.0 0.00055588893701497
431.0 0.0007579425982839894
432.0 0.0009599960321793333
433.0 0.0006478937848442001
434.0 0.00033579162845853716
435.0 0.0011153852938150521
436.0 0.0018949789591715671
437.0 0.0019506540411384776
438.0 0.002006329123105388
439.0 0.002099319317494519
440.0 0.0021923096937825903
441.0 0.0016619513189652935
442.0 0.0011315932169964071
443.0 0.002330015558982268
444.0 0.0035284378100186586
445.0 0.0034241977118654177
446.0 0.0033199579775100574
447.0 0.0024990886231535114
448.0 0.0016782194506959058
449.0 0.0024558754375902936
450.0 0.0032335319701815024
451.0 0.0024393330022576265
452.0 0.0016451334886369295
453.0 0.0016025254808482714
454.0 0.0015599176549585536
455.0 0.002315997517143842
456.0 0.00307207737932913
457.0 0.0022089436242822558
458.0 0.0013458097782859113
459.0 0.0015717323549324647
460.0 0.0017976548406295478
461.0 0.0008835775588522665
462.0 2.669442791813914e-10
463.0 0.0009852440598479006
464.0 0.002000988388317637
465.0 0.0022050144252716564
466.0 0.002409040644124616
467.0 0.002115440111083444
468.0 0.0018218386685475707
469.0 0.0016343428796972148
470.0 0.0014468469089479186
471.0 0.0013735780157730915
472.0 0.0013003093044972047
473.0 0.001261786928807851
474.0 0.001223264462169027
475.0 0.0011268707567069214
476.0 0.0010304770512448158
477.0 0.0013537777704186738
478.0 0.0016770782167441212
479.0 0.0020369701815070584
480.0 0.0023968619643710554
481.0 0.001913696360134054
482.0 0.0014305308468465228
483.0 0.000920937327464344
484.0 0.00041134358070848975
485.0 0.0012377617167658173
486.0 0.0020641797163989395
487.0 0.0015465158867300488
488.0 0.0010288520570611581
489.0 0.0018195976736024022
490.0 0.0026103434720425867
491.0 0.002322004183952231
492.0 0.0020336650777608156
493.0 0.0019338325728313066
494.0 0.0018340004316996783
495.0 0.0016147545466083102
496.0 0.0013955084796180017
497.0 0.0013081625183986034
498.0 0.0012208166481286753
499.0 0.001320588489761576
500.0 0.0014203603313944768
501.0 0.0009705195225251373
502.0 0.0005206785317568574
503.0 0.0012838784641644452
504.0 0.0020470783056225628
505.0 0.0022025731595931575
506.0 0.002358068013563752
507.0 0.0023002439775154926
508.0 0.0022424195776693523
509.0 0.0018266933693666942
510.0 0.001410967524861917
511.0 0.001126367806136841
512.0 0.0008417681783612352
513.0 0.001239164066646481
514.0 0.0016365602277801372
515.0 0.0013100569049129263
516.0 0.000983553945843596
517.0 0.0010033636499429122
518.0 0.0010231734449916985
519.0 0.001135756519943243
520.0 0.001248339412995847
521.0 0.0016914538718992844
522.0 0.0021345682398532517
523.0 0.0013826511349179782
524.0 0.0006307341209321748
525.0 0.0007344062851188937
526.0 0.000838078631204553
527.0 0.00121163657240686
528.0 0.0015851946955081075
529.0 0.001306598733208375
530.0 0.0010280022252118215
531.0 0.00114576860141824
532.0 0.0012635349776246585
533.0 0.0008951481504482217
534.0 0.0005267613232717849
535.0 0.0011521535270730965
536.0 0.001777545730874408
537.0 0.0017597696569282562
538.0 0.0017419932191842236
539.0 0.0012972178410564084
540.0 0.0008524420991307124
541.0 0.0008209544830606319
542.0 0.0007894670488894917
543.0 0.0011847795576613862
544.0 0.0015800920664332807
545.0 0.0010648568604665343
546.0 0.0005496219273481984
547.0 0.0012362661436782219
548.0 0.0019229100871598348
549.0 0.0017329415641142987
550.0 0.001542973222967703
551.0 0.0016143372704391368
552.0 0.0016857011360116303
553.0 0.0013454452528094407
554.0 0.0010051891877083108
555.0 0.0009396696441399399
556.0 0.0008741499186726287
557.0 0.0012586953744175844
558.0 0.0016432406482635997
559.0 0.0017139314877567813
560.0 0.0017846219634520821
561.0 0.0016197465811274014
562.0 0.0014548711078532506
563.0 0.0012247089216543827
564.0 0.000994546826404985
565.0 0.001856236303865444
566.0 0.0027179261451237835
567.0 0.0030606970540247858
568.0 0.0034034677810268477
569.0 0.00305286594084464
570.0 0.0027022639187634923
571.0 0.0025649755116319284
572.0 0.0024276865588035434
573.0 0.00197786939679645
574.0 0.0015280522347893566
575.0 0.002022188709815964
576.0 0.0025163250029436313
577.0 0.002068692811008077
578.0 0.001621061164769344
579.0 0.0018053777239401825
580.0 0.0019896941012120806
581.0 0.001717495069897268
582.0 0.0014452957657340448
583.0 0.0019100631106994115
584.0 0.002374830364715308
585.0 0.0025964787710108794
586.0 0.002818127177306451
587.0 0.0022028169041732326
588.0 0.0015875060853431933
589.0 0.002190629493270535
590.0 0.0027937527192989364
591.0 0.0019045828594244085
592.0 0.0010154129995498806
593.0 0.0007599022410431644
594.0 0.0005043913006375078
595.0 0.001016055921354564
596.0 0.0015277204511221498
597.0 0.001381465517624747
598.0 0.0012352105841273442
599.0 0.0009261685590900015
600.0 0.0006171265340526588
601.0 0.0005082530606159708
602.0 0.0003993794052803423
603.0 0.0009137148481386248
604.0 0.0014280498362495564
605.0 0.0009211869837599806
606.0 0.0004143238584219944
607.0 0.0007716843356320169
608.0 0.0011290449037915096
609.0 0.0011462828297226224
610.0 0.0011635203918558545
611.0 0.000998878022073768
612.0 0.0008342352884938009
613.0 0.0007975092557899188
614.0 0.0007607831776113017
615.0 0.0012259743925824296
616.0 0.0016911659258767031
617.0 0.0021697900592698716
618.0 0.0026484140107640997
619.0 0.0022570333385374397
620.0 0.0018656524844118394
621.0 0.0015711526430095546
622.0 0.001276652437809389
623.0 0.0015602956409566104
624.0 0.0018439388441038318
625.0 0.0016743922969908454
626.0 0.0015048456589283887
627.0 0.0019481114577502012
628.0 0.0023913775294204243
629.0 0.0021846086383447982
630.0 0.0019778397472691722
631.0 0.0017347829270875081
632.0 0.0014917259250069037
633.0 0.0018835429727914743
634.0 0.002275360566272866
635.0 0.005269543908070773
636.0 0.00826372706796974
637.0 0.015573164273519069
638.0 0.02288260293425992
639.0 0.019824008631985635
640.0 0.016765414329711348
641.0 0.014528929023072124
642.0 0.012292448082007468
643.0 0.009855632379185408
644.0 0.007418818131554872
645.0 0.006667761772405356
646.0 0.005916705777053721
647.0 0.005434390914160758
648.0 0.004952076051267795
649.0 0.004072187221026979
650.0 0.003192299118381925
651.0 0.0035970475437352434
652.0 0.0040017952414928
653.0 0.0032767202355898917
654.0 0.0025516448658891022
655.0 0.0027975300326943398
656.0 0.0030434157451963983
657.0 0.002962485268653836
658.0 0.002881554246414453
659.0 0.002807474447763525
660.0 0.0027333948310115375
661.0 0.0028027245207340457
662.0 0.002872053846658673
663.0 0.0019514143787091598
664.0 0.0010307750926585868
665.0 0.0015447678379132412
666.0 0.0020587609469657764
667.0 0.002365272302995436
668.0 0.002671784022822976
669.0 0.0020168841729173437
670.0 0.0013619845049106516
671.0 0.0010205611943092663
672.0 0.0006791379291826161
673.0 0.0013128670616424643
674.0 0.0019465964214759879
675.0 0.002060627957689576
676.0 0.002174659130105283
677.0 0.0019326427718624473
678.0 0.0016906258679227903
679.0 0.0013633858543471433
680.0 0.0010361454769736156
681.0 0.0011453265869931784
682.0 0.0012545074241643306
683.0 0.002377918099227827
684.0 0.003501329047139734
685.0 0.002862387009372469
686.0 0.002223445517302025
687.0 0.001699392123555299
688.0 0.0011753386388591025
689.0 0.0015453922969754785
690.0 0.0019154458641423844
691.0 0.002223577212134842
692.0 0.0025317085601272993
693.0 0.0029192438887548633
694.0 0.0033067793992813677
695.0 0.0033794858609326184
696.0 0.0034521919587859884
697.0 0.0037516008887905627
698.0 0.004051009454997256
699.0 0.005966182652628049
700.0 0.007881355850258842
701.0 0.007336082489928231
702.0 0.006790809129597619
703.0 0.00625291868345812
704.0 0.00571502823731862
705.0 0.005121364301885478
706.0 0.004527700730250217
707.0 0.004325599002186209
708.0 0.004123497274122201
709.0 0.004238721885485575
710.0 0.004353946496848948
711.0 0.0038481470255646855
712.0 0.0033423479180783033
713.0 0.0024133045371854678
714.0 0.0014842614291410428
715.0 0.0021609484974760562
716.0 0.00283763565676054
717.0 0.002438772025925573
718.0 0.0020399082131916657
719.0 0.0015870235074544325
720.0 0.0011341382560203783
721.0 0.0010774099791888148
722.0 0.0010206813385593705
723.0 0.0010100487088493537
724.0 0.000999416079139337
725.0 0.001320772662438685
726.0 0.0016421294276369736
727.0 0.0017471984392614104
728.0 0.0018522670870879665
729.0 0.0018961667592520826
730.0 0.0019400662495172583
731.0 0.0013914424016547855
732.0 0.0008428186447417829
733.0 0.0008645738489576615
734.0 0.0008863290531735402
735.0 0.0009586949090589769
736.0 0.0010310606739949435
737.0 0.0012278572285140399
738.0 0.001424653692083666
739.0 0.0011351437933626585
740.0 0.0008456338946416508
741.0 0.0010220977856079116
742.0 0.0011985615856247023
743.0 0.0016036065062507987
744.0 0.0020086512449779548
745.0 0.0013164611118554603
746.0 0.0006242707513592904
747.0 0.0011800700121966656
748.0 0.001735869409458246
749.0 0.0024045672034844756
750.0 0.0030732651794096455
751.0 0.0030941992008592933
752.0 0.003115133586106822
753.0 0.0031044448405737057
754.0 0.0030937560950405896
755.0 0.0020249832232366316
756.0 0.0009562101695337333
757.0 0.0019139923097100109
758.0 0.0028717744498862885
759.0 0.0027301703084958717
760.0 0.002588565621408634
761.0 0.0045326374674914405
762.0 0.006476709677372128
763.0 0.005822917228215374
764.0 0.00516912477905862
765.0 0.005228956797509454
766.0 0.005288789179758169
767.0 0.0046496305003529415
768.0 0.0040104714571498334
769.0 0.0035603337892098352
770.0 0.003110197212663479
771.0 0.00393143309338484
772.0 0.0047526697017019615
773.0 0.003959077002946287
774.0 0.0031654843041906133
775.0 0.003853382804663852
776.0 0.05840554949827492
777.0 2.669442791813914e-10
778.0 0.1352391904219985
779.0 0.04570725141093135
780.0 2.669442791813914e-10
781.0 2.669442791813914e-10
782.0 0.03160060150548816
783.0 0.01859770418377593
784.0 2.669442791813914e-10
785.0 2.669442791813914e-10
786.0 2.669442791813914e-10
787.0 0.006986147491261363
788.0 2.669442791813914e-10
789.0 2.669442791813914e-10
790.0 2.669442791813914e-10
791.0 0.03215339966118336
792.0 2.669442791813914e-10
793.0 0.07321205921471119
794.0 0.0692209810949862
795.0 0.05892461049370468
796.0 0.17817162442952394
797.0 0.13069468550384045
798.0 0.24342164397239685
799.0 0.3500665770843625
800.0 0.43625705875456333
801.0 0.9285219013690948
802.0 1.6037417575716972
803.0 2.281537465751171
804.0 3.786082938313484
805.0 5.652954429388046
806.0 7.392442226409912
807.0 10.288284718990326
808.0 13.017231225967407
809.0 16.543206572532654
810.0 19.95668113231659
811.0 23.262768983840942
812.0 26.72131061553955
813.0 31.13066554069519
814.0 36.36124134063721
815.0 41.78474247455597
816.0 48.119986057281494
817.0 54.97484803199768
818.0 62.20216751098633
819.0 68.83982419967651
820.0 76.44432783126831
821.0 82.90131092071533
822.0 87.94056177139282
823.0 91.14382266998291
824.0 93.86942386627197
825.0 96.79433107376099
826.0 97.24916815757751
827.0 97.77406454086304
828.0 99.27289485931396
829.0 99.63679909706116
830.0 98.28408360481262
831.0 99.32527542114258
832.0 98.58121871948242
833.0 99.29581880569458
834.0 97.74850606918335
835.0 98.88803958892822
836.0 98.74753952026367
837.0 98.66838455200195
838.0 97.83087968826294
839.0 98.55147004127502
840.0 98.81896376609802
841.0 98.96529912948608
842.0 99.12062883377075
843.0 99.76632595062256
844.0 97.49665856361389
845.0 98.29937219619751
846.0 98.80834817886353
847.0 98.86484742164612
848.0 99.47962164878845
849.0 98.86831045150757
850.0 98.35368990898132
851.0 98.78480434417725
852.0 98.94333481788635
853.0 98.48907589912415
854.0 99.31185841560364
855.0 98.40558171272278
856.0 98.95183444023132
857.0 97.98827171325684
858.0 98.2808768749237
859.0 99.20936822891235
860.0 98.47555160522461
861.0 98.59203100204468
862.0 98.73672723770142
863.0 98.39145541191101
864.0 99.42331314086914
865.0 99.9464750289917
866.0 98.60486388206482
867.0 99.41474795341492
868.0 99.86842274665833
869.0 98.99864196777344
870.0 98.03141951560974
871.0 98.65143299102783
872.0 99.04242753982544
873.0 99.04069304466248
874.0 99.88403916358948
875.0 98.74858856201172
876.0 98.08474779129028
877.0 99.19740557670593
878.0 98.86654615402222
879.0 98.28970432281494
880.0 98.06234836578369
881.0 99.9956727027893
882.0 99.12757873535156
883.0 98.57074022293091
884.0 98.94260168075562
885.0 98.9396870136261
886.0 98.49955439567566
887.0 98.50515127182007
888.0 98.96589517593384
889.0 99.63088631629944
890.0 98.30877184867859
891.0 99.42805171012878
892.0 98.2793390750885
893.0 98.53745698928833
894.0 98.21637868881226
895.0 99.20262098312378
