lsstCam/transmission_filter_detector/r14_s02/z_20/19700101T000000.ecsv
# %ECSV 1.0
# ---
# datatype:
# - {name: wavelength, unit: nm, datatype: float32}
# - {name: efficiency, unit: '%', datatype: float64}
# meta: !!omap
# - {MODE: DETECTOR}
# - {TYPE: transmission_filter_detector}
# - {CALIBDATE: '1970-01-01T00:00:00'}
# - {INSTRUME: LSSTCam}
# - {OBSTYPE: transmission_filter_detector}
# - {CALIBCLS: lsst.ip.isr.IntermediateFilterDetectorTransmissionCurve}
# - {SOURCE: Materion (DM-46256)}
# - {DETECTOR: 65}
# - {FILTER: z_20}
# - {CALIB_ID: 'calibDate=1970-01-01T00:00:00 filter=z_20 detector=65'}
# - {DATE: '2025-04-02T15:59:48.938961'}
# - {CALIB_CREATION_DATE: '2025-04-02'}
# - {CALIB_CREATION_TIME: '15:59:48'}
# - __serialized_columns__:
#     efficiency:
#       __class__: astropy.units.quantity.Quantity
#       unit: !astropy.units.Unit {unit: '%'}
#       value: !astropy.table.SerializedColumn {name: efficiency}
#     wavelength:
#       __class__: astropy.units.quantity.Quantity
#       unit: !astropy.units.Unit {unit: nm}
#       value: !astropy.table.SerializedColumn {name: wavelength}
# schema: astropy-2.0
wavelength efficiency
[from data line 597]
897.0 99.3133544921875
898.0 98.43552112579346
899.0 98.78562688827515
900.0 98.71557354927063
901.0 99.17486906051636
902.0 99.23831224441528
903.0 98.50836396217346
904.0 97.44591116905212
905.0 98.17472100257874
906.0 97.57314324378967
907.0 98.21044206619263
908.0 98.19583296775818
909.0 97.86353707313538
910.0 97.5085437297821
911.0 96.32701873779297
912.0 95.15022039413452
913.0 93.78759264945984
914.0 91.65534973144531
915.0 89.25431370735168
916.0 86.78016066551208
917.0 85.1651132106781
918.0 81.54881596565247
919.0 80.20666241645813
920.0 76.25526785850525
921.0 71.90797328948975
922.0 67.08046197891235
923.0 61.21803522109985
924.0 55.0478994846344
925.0 49.54099953174591
926.0 42.874473333358765
927.0 35.43578386306763
928.0 29.386401176452637
929.0 23.277558386325836
930.0 17.760692536830902
931.0 12.874084711074829
932.0 8.223715424537659
933.0 5.101108551025391
934.0 3.0799424275755882
935.0 1.86561681330204
936.0 1.0652443394064903
937.0 0.6811391562223434
938.0 0.36666933447122574
939.0 0.16538143390789628
940.0 0.21015459205955267
941.0 0.06724603590555489
942.0 0.02430109743727371
943.0 0.054543151054531336
944.0 0.004777404319611378
945.0 2.669442791813914e-10
946.0 2.669442791813914e-10
947.0 2.669442791813914e-10
948.0 0.11649812804535031
949.0 2.669442791813914e-10
950.0 2.669442791813914e-10
951.0 2.669442791813914e-10
952.0 0.036599679151549935
953.0 2.669442791813914e-10
954.0 0.1077076536603272
955.0 2.669442791813914e-10
956.0 2.669442791813914e-10
957.0 2.669442791813914e-10
958.0 2.669442791813914e-10
959.0 2.669442791813914e-10
960.0 0.05381078226491809
961.0 0.024748925352469087
962.0 2.669442791813914e-10
963.0 2.669442791813914e-10
964.0 2.669442791813914e-10
965.0 2.669442791813914e-10
966.0 2.669442791813914e-10
967.0 0.004087517663720064
968.0 2.669442791813914e-10
969.0 2.669442791813914e-10
970.0 2.669442791813914e-10
971.0 2.669442791813914e-10
972.0 0.0925086613278836
973.0 2.669442791813914e-10
974.0 2.669442791813914e-10
975.0 2.669442791813914e-10
976.0 0.006138295429991558
977.0 0.006123984348960221
978.0 0.006109674723120406
979.0 0.005950059130555019
980.0 0.005790441355202347
981.0 0.005607760613202117
982.0 0.00542508096259553
983.0 0.005321516073308885
984.0 0.00521795118402224
985.0 0.004962856837664731
986.0 0.00470776176371146
987.0 0.0047373949200846255
988.0 0.004767028076457791
989.0 0.004666310633183457
990.0 0.004565593553707004
991.0 0.004650745540857315
992.0 0.0047358975280076265
993.0 0.0047023258957779035
994.0 0.004668753535952419
995.0 0.004604718196787871
996.0 0.0045406832214212045
997.0 0.004402756167110056
998.0 0.004264829476596788
999.0 0.004181340409559198
1000.0 0.004097851342521608
1001.0 0.004238283872837201
1002.0 0.004378716403152794
1003.0 0.004385831925901584
1004.0 0.004392947448650375
1005.0 0.0041927301936084405
1006.0 0.003992512574768625
1007.0 0.004082525629200973
1008.0 0.00417253868363332
1009.0 0.004248916593496688
1010.0 0.004325294139562175
1011.0 0.00431736625614576
1012.0 0.004309438372729346
1013.0 0.004180120959063061
1014.0 0.004050802817801014
1015.0 0.004210156839690171
1016.0 0.004369509770185687
1017.0 0.0046212837332859635
1018.0 0.004873058060184121
1019.0 0.004639145481633022
1020.0 0.004405232903081924
1021.0 0.004435615846887231
1022.0 0.004465998790692538
1023.0 0.004430990884429775
1024.0 0.004395982978167012
1025.0 0.004513407475315034
1026.0 0.0046308319724630564
1027.0 0.004603807974490337
1028.0 0.004576783612719737
1029.0 0.004531124795903452
1030.0 0.0044854659790871665
1031.0 0.004594901110976934
1032.0 0.004704335879068822
1033.0 0.004709884160547517
1034.0 0.0047154328058240935
1035.0 0.004937867925036699
1036.0 0.005160303044249304
1037.0 0.005300495104165748
1038.0 0.0054406864364864305
1039.0 0.0052724164561368525
1040.0 0.005104145748191513
1041.0 0.005477285958477296
1042.0 0.0058504265325609595
1043.0 0.005369346035877243
1044.0 0.004888265902991407
1045.0 0.005590173896052875
1046.0 0.006292081525316462
1047.0 0.006027470590197481
1048.0 0.005762858563684858
1049.0 0.0058497960708336905
1050.0 0.005936733214184642
1051.0 0.006187019607750699
1052.0 0.006437307456508279
1053.0 0.006543943891301751
1054.0 0.006650579598499462
1055.0 0.007228047616081312
1056.0 0.007805516361258924
1057.0 0.007565980195067823
1058.0 0.007326444756472483
1059.0 0.0073733295721467584
1060.0 0.007420212205033749
1061.0 0.00806455936981365
1062.0 0.008708906534593552
1063.0 0.008473870548186824
1064.0 0.008238835289375857
1065.0 0.008579727000324056
1066.0 0.008920620166463777
1067.0 0.00883425964275375
1068.0 0.008747900574235246
1069.0 0.009676452464191243
1070.0 0.01060500435414724
1071.0 0.010408187517896295
1072.0 0.010211372136836872
1073.0 0.010479376942384988
1074.0 0.010747382475528866
1075.0 0.011197014100616798
1076.0 0.011646647180896252
1077.0 0.011674794950522482
1078.0 0.01170294126495719
1079.0 0.01276286639040336
1080.0 0.01382279151584953
1081.0 0.013753274106420577
1082.0 0.013683758152183145
1083.0 0.013445837248582393
1084.0 0.01320791634498164
1085.0 0.013766878691967577
1086.0 0.014325843949336559
1087.0 0.014238660514820367
1088.0 0.014151481445878744
1089.0 0.015932043606881052
1090.0 0.017712604312691838
1091.0 0.017393445887137204
1092.0 0.017074283096008003
1093.0 0.016380164015572518
1094.0 0.015686042024753988
1095.0 0.017388172273058444
1096.0 0.019090303976554424
1097.0 0.018690479919314384
1098.0 0.01829065877245739
1099.0 0.020843232050538063
1100.0 0.023395799507852644
1101.0 0.023189735657069832
1102.0 0.022983667440712452
1103.0 0.024415782536379993
1104.0 0.02584789472166449
1105.0 0.02546918112784624
1106.0 0.025090473354794085
1107.0 0.02657898876350373
1108.0 0.028067509992979467
1109.0 0.029960900428704917
1110.0 0.03185429086443037
1111.0 0.031748556648381054
1112.0 0.03164282243233174
1113.0 0.03332834166940302
1114.0 0.03501386381685734
1115.0 0.03286927822045982
1116.0 0.030724695534445345
1117.0 0.032509706215932965
1118.0 0.03429471980780363
1119.0 0.037436888669617474
1120.0 0.04057905462104827
1121.0 0.04208091995678842
1122.0 0.04358278529252857
1123.0 0.042973298695869744
1124.0 0.042363815009593964
1125.0 0.04294104583095759
1126.0 0.043518285383470356
1127.0 0.04646455345209688
1128.0 0.04941081861034036
1129.0 0.054320256458595395
1130.0 0.05922968848608434
1131.0 0.05855546332895756
1132.0 0.05788123817183077
1133.0 0.06154405418783426
1134.0 0.06520687602460384
1135.0 0.061731733148917556
1136.0 0.05825659027323127
1137.0 0.06656196783296764
1138.0 0.0748673512134701
1139.0 0.07860116893425584
1140.0 0.08233494590967894
1141.0 0.0913954630959779
1142.0 0.10045596864074469
1143.0 0.12009161291643977
1144.0 0.1397272339090705
1145.0 0.27925637550652027
1146.0 0.4187855403870344
1147.0 0.8838753215968609
1148.0 1.348965149372816
1149.0 1.5447736717760563
1150.0 1.7405834048986435
