lsstcam/qe_curves/r22_s10/19700101T000000.ecsv
# %ECSV 0.9
# ---
# datatype:
# - {name: amp_name, datatype: string}
# - {name: wavelength, unit: nm, datatype: float32}
# - {name: efficiency, unit: '%', datatype: float32}
# meta: !!omap
# - {MODE: AMP}
# - {TYPE: QE}
# - {CALIBDATE: '1970-01-01T00:00:00'}
# - {INSTRUME: LSSTCAM}
# - {OBSTYPE: qe_curves}
# - {DETECTOR: 93}
# - {PICKLEFILE: RaftRun11351.p}
# - {CALIB_ID: 'raftName=R22 detectorName=S10 detector=93 calibDate=1970-01-01T00:00:00 ccd=93 ccdnum=93 filter=None'}
# - {DATE: '2019-12-12T17:29:00.477583'}
# - {CALIB_CREATION_DATE: '2019-12-12'}
# - {CALIB_CREATION_TIME: '17:29:00'}
# - __serialized_columns__:
#     efficiency:
#       __class__: astropy.units.quantity.Quantity
#       unit: !astropy.units.Unit {unit: '%'}
#       value: !astropy.table.SerializedColumn {name: efficiency}
#     wavelength:
#       __class__: astropy.units.quantity.Quantity
#       unit: !astropy.units.Unit {unit: nm}
#       value: !astropy.table.SerializedColumn {name: wavelength}
# schema: astropy-2.0
amp_name wavelength efficiency
C05 319.994 41.284542
C05 324.969 46.660152
C05 349.982 71.57318
C05 374.975 78.785866
C05 400.019 85.957016
C05 424.965 86.80924
C05 450.035 87.92898
C05 475.003 90.10907
C05 500.018 92.1629
C05 525.002 94.19528
C05 550.029 95.85972
C05 575.023 96.733986
C05 599.982 98.41122
C05 619.997 98.73698
C05 624.979 98.89116
C05 650.012 99.40493
C05 675.004 99.78311
C05 700.03 99.211075
C05 725.012 98.615715
C05 750.022 98.74044
C05 774.987 98.77387
C05 799.976 97.942085
C05 824.988 96.15973
C05 850.022 94.206436
C05 869.967 91.09564
C05 875.002 90.57541
C05 899.999 83.4109
C05 919.999 74.20855
C05 925.012 72.31426
C05 949.965 58.1613
C05 975.002 43.633106
C05 999.976 26.29876
C05 1025.028 11.300255
C05 1050.014 3.9849691
C05 1075.002 2.127301
C05 1099.99 1.5575693
C13 319.994 41.731003
C13 324.969 47.16797
C13 349.982 72.700386
C13 374.975 80.03806
C13 400.019 86.44873
C13 424.965 86.88589
C13 450.035 87.76821
C13 475.003 89.79772
C13 500.018 91.75708
C13 525.002 93.72327
C13 550.029 95.3442
C13 575.023 96.20631
C13 599.982 97.873566
C13 619.997 98.19994
C13 624.979 98.35449
C13 650.012 98.87458
C13 675.004 99.26437
C13 700.03 98.72263
C13 725.012 98.18192
C13 750.022 98.366615
C13 774.987 98.45108
C13 799.976 97.653435
C13 824.988 95.88081
C13 850.022 93.892845
C13 869.967 90.82464
C13 875.002 90.3609
C13 899.999 83.500946
C13 919.999 73.91564
C13 925.012 71.823
C13 949.965 57.82872
C13 975.002 43.33845
C13 999.976 26.303484
C13 1025.028 11.339038
C13 1050.014 3.9834235
C13 1075.002 2.1250942
C13 1099.99 1.5540974
C11 319.994 42.200493
C11 324.969 47.699608
C11 349.982 73.73036
C11 374.975 81.24899
C11 400.019 87.230125
C11 424.965 87.403496
C11 450.035 88.14405
C11 475.003 90.08969
C11 500.018 92.0004
C11 525.002 93.94416
C11 550.029 95.55338
C11 575.023 96.41194
C11 599.982 98.08451
C11 619.997 98.414566
C11 624.979 98.569786
C11 650.012 99.1011
C11 675.004 99.498146
C11 700.03 98.93729
C11 725.012 98.348915
C11 750.022 98.46248
C11 774.987 98.47404
C11 799.976 97.64262
C11 824.988 95.87672
C11 850.022 93.898026
C11 869.967 90.737946
C11 875.002 90.25774
C11 899.999 83.55691
C11 919.999 74.26247
C11 925.012 72.229805
C11 949.965 57.900948
C11 975.002 43.18112
C11 999.976 26.262266
C11 1025.028 11.3291
C11 1050.014 3.9792519
C11 1075.002 2.132583
C11 1099.99 1.5515296
C07 319.994 41.34635
C07 324.969 46.737072
C07 349.982 71.89715
C07 374.975 79.20411
C07 400.019 86.05963
C07 424.965 86.72474
C07 450.035 87.73903
C07 475.003 89.85697
C07 500.018 91.87096
C07 525.002 93.87636
C07 550.029 95.52473
C07 575.023 96.39737
C07 599.982 98.07664
C07 619.997 98.4004
C07 624.979 98.55352
C07 650.012 99.0772
C07 675.004 99.45706
C07 700.03 98.87314
C07 725.012 98.239044
C07 750.022 98.299675
C07 774.987 98.26336
C07 799.976 97.409546
C07 824.988 95.647995
C07 850.022 93.666046
C07 869.967 90.60447
C07 875.002 90.16125
C07 899.999 83.148094
C07 919.999 73.937256
C07 925.012 71.85861
C07 949.965 57.671818
C07 975.002 43.23975
C07 999.976 26.159124
C07 1025.028 11.305672
C07 1050.014 4.010999
C07 1075.002 2.1267636
C07 1099.99 1.5465027
C00 319.994 39.798485
C00 324.969 44.968277
C00 349.982 68.42639
C00 374.975 75.336624
C00 400.019 83.80873
C00 424.965 85.46857
C00 450.035 87.04367
C00 475.003 89.49186
C00 500.018 91.71632
C00 525.002 93.843346
C00 550.029 95.55624
C00 575.023 96.454506
C00 599.982 98.12816
C00 619.997 98.44221
C00 624.979 98.59752
C00 650.012 99.09961
C00 675.004 99.45493
C00 700.03 98.86415
C00 725.012 98.25558
C00 750.022 98.3624
C00 774.987 98.37975
C00 799.976 97.545364
C00 824.988 95.79192
C00 850.022 93.818016
C00 869.967 90.69036
C00 875.002 90.258736
C00 899.999 83.25682
C00 919.999 73.87716
C00 925.012 71.69631
C00 949.965 57.721603
C00 975.002 42.98365
C00 999.976 26.070862
C00 1025.028 11.181883
C00 1050.014 3.963485
C00 1075.002 2.134319
C00 1099.99 1.5689583
C01 319.994 40.21377
C01 324.969 45.442005
C01 349.982 69.24827
C01 374.975 76.17506
C01 400.019 84.3282
C01 424.965 85.793976
C01 450.035 87.259544
C01 475.003 89.64249
C01 500.018 91.82494
C01 525.002 93.92872
C01 550.029 95.625015
C01 575.023 96.51339
C01 599.982 98.18736
C01 619.997 98.49968
C01 624.979 98.65107
C01 650.012 99.15573
C01 675.004 99.515305
C01 700.03 98.94935
C01 725.012 98.39506
C01 750.022 98.579475
C01 774.987 98.66842
C01 799.976 97.857956
C01 824.988 96.09257
C01 850.022 94.109764
C01 869.967 90.851944
C01 875.002 90.38415
C01 899.999 83.48147
C01 919.999 74.1661
C01 925.012 72.33575
C01 949.965 58.127464
C01 975.002 43.52867
C01 999.976 26.380579
C01 1025.028 11.3228035
C01 1050.014 3.9686189
C01 1075.002 2.1191926
C01 1099.99 1.5640818
C12 319.994 41.877254
C12 324.969 47.33423
C12 349.982 73.080444
C12 374.975 80.49676
C12 400.019 86.67564
C12 424.965 86.97312
C12 450.035 87.77596
C12 475.003 89.76047
C12 500.018 91.6884
C12 525.002 93.63951
C12 550.029 95.25214
C12 575.023 96.109985
C12 599.982 97.78038
C12 619.997 98.107666
C12 624.979 98.26065
C12 650.012 98.78725
C12 675.004 99.18026
C12 700.03 98.63153
C12 725.012 98.06741
C12 750.022 98.21783
C12 774.987 98.26276
C12 799.976 97.45428
C12 824.988 95.6901
C12 850.022 93.7066
C12 869.967 90.594955
C12 875.002 90.12452
C12 899.999 83.44913
C12 919.999 74.01618
C12 925.012 71.9306
C12 949.965 57.72708
C12 975.002 43.228558
C12 999.976 26.270405
C12 1025.028 11.307695
C12 1050.014 3.9766755
C12 1075.002 2.1221685
C12 1099.99 1.5485945
C10 319.994 42.21522
C10 324.969 47.72268
C10 349.982 73.90774
C10 374.975 81.48041
C10 400.019 87.31683
C10 424.965 87.40192
C10 450.035 88.08629
C10 475.003 90.00626
C10 500.018 91.892914
C10 525.002 93.82546
C10 550.029 95.43456
C10 575.023 96.29578
C10 599.982 97.97121
C10 619.997 98.30642
C10 624.979 98.459496
C10 650.012 98.996155
C10 675.004 99.39712
C10 700.03 98.83548
C10 725.012 98.22691
C10 750.022 98.31267
C10 774.987 98.292725
C10 799.976 97.44697
C10 824.988 95.67823
C10 850.022 93.69498
C10 869.967 90.53561
C10 875.002 90.05308
C10 899.999 83.33584
C10 919.999 74.09873
C10 925.012 72.11722
C10 949.965 57.847725
C10 975.002 42.99908
C10 999.976 26.162296
C10 1025.028 11.329315
C10 1050.014 3.9792306
C10 1075.002 2.123797
C10 1099.99 1.543612
C02 319.994 40.493675
C02 324.969 45.761856
C02 349.982 69.84623
C02 374.975 76.77643
C02 400.019 84.56702
C02 424.965 85.82849
C02 450.035 87.17881
C02 475.003 89.4878
C02 500.018 91.62355
C02 525.002 93.69434
C02 550.029 95.37437
C02 575.023 96.251854
C02 599.982 97.91997
C02 619.997 98.231316
C02 624.979 98.37925
C02 650.012 98.88482
C02 675.004 99.250496
C02 700.03 98.69244
C02 725.012 98.15877
C02 750.022 98.358734
C02 774.987 98.46991
C02 799.976 97.66732
C02 824.988 95.89691
C02 850.022 93.927284
C02 869.967 90.70165
C02 875.002 90.28646
C02 899.999 83.25484
C02 919.999 74.18796
C02 925.012 71.98627
C02 949.965 57.60932
C02 975.002 43.14164
C02 999.976 26.143162
C02 1025.028 11.273817
C02 1050.014 3.968132
C02 1075.002 2.1065617
C02 1099.99 1.5554521
C06 319.994 41.272057
C06 324.969 46.64789
C06 349.982 71.63356
C06 374.975 78.895935
C06 400.019 85.893906
C06 424.965 86.64849
C06 450.035 87.7064
C06 475.003 89.84494
C06 500.018 91.87293
C06 525.002 93.88375
C06 550.029 95.53318
C06 575.023 96.40479
C06 599.982 98.07747
C06 619.997 98.402534
C06 624.979 98.555
C06 650.012 99.07226
C06 675.004 99.45332
C06 700.03 98.87522
C06 725.012 98.24942
C06 750.022 98.343834
C06 774.987 98.33491
C06 799.976 97.49646
C06 824.988 95.72448
C06 850.022 93.75722
C06 869.967 90.684166
C06 875.002 90.21198
C06 899.999 83.12841
C06 919.999 73.949005
C06 925.012 71.9281
C06 949.965 57.754932
C06 975.002 43.2998
C06 999.976 26.12534
C06 1025.028 11.243422
C06 1050.014 3.9859154
C06 1075.002 2.12848
C06 1099.99 1.550363
C16 319.994 41.189674
C16 324.969 46.55415
C16 349.982 71.30457
C16 374.975 78.30128
C16 400.019 85.42124
C16 424.965 86.320885
C16 450.035 87.46577
C16 475.003 89.653275
C16 500.018 91.71565
C16 525.002 93.74292
C16 550.029 95.405014
C16 575.023 96.262856
C16 599.982 97.92466
C16 619.997 98.235466
C16 624.979 98.37979
C16 650.012 98.887505
C16 675.004 99.26085
C16 700.03 98.700096
C16 725.012 98.16623
C16 750.022 98.3683
C16 774.987 98.47906
C16 799.976 97.668144
C16 824.988 95.89201
C16 850.022 93.92257
C16 869.967 90.73558
C16 875.002 90.233444
C16 899.999 82.97468
C16 919.999 73.90837
C16 925.012 71.88249
C16 949.965 57.835236
C16 975.002 43.34356
C16 999.976 26.208586
C16 1025.028 11.279345
C16 1050.014 3.9343421
C16 1075.002 2.1085396
C16 1099.99 1.5603504
C15 319.994 41.43702
C15 324.969 46.835266
C15 349.982 71.88605
C15 374.975 78.96378
C15 400.019 85.81267
C15 424.965 86.53505
C15 450.035 87.58804
C15 475.003 89.72109
C15 500.018 91.74347
C15 525.002 93.74754
C15 550.029 95.39784
C15 575.023 96.25075
C15 599.982 97.92018
C15 619.997 98.23306
C15 624.979 98.38465
C15 650.012 98.896576
C15 675.004 99.27403
C15 700.03 98.73106
C15 725.012 98.21857
C15 750.022 98.43726
C15 774.987 98.56505
C15 799.976 97.769905
C15 824.988 95.9684
C15 850.022 94.02989
C15 869.967 90.90953
C15 875.002 90.40409
C15 899.999 83.03331
C15 919.999 73.9369
C15 925.012 71.94267
C15 949.965 57.84831
C15 975.002 43.415554
C15 999.976 26.28692
C15 1025.028 11.34112
C15 1050.014 3.97868
C15 1075.002 2.1099617
C15 1099.99 1.553786
C14 319.994 41.48658
C14 324.969 46.891354
C14 349.982 72.1259
C14 374.975 79.30944
C14 400.019 85.86877
C14 424.965 86.42664
C14 450.035 87.38188
C14 475.003 89.455795
C14 500.018 91.435165
C14 525.002 93.41491
C14 550.029 95.03931
C14 575.023 95.89836
C14 599.982 97.55482
C14 619.997 97.87543
C14 624.979 98.029526
C14 650.012 98.542404
C14 675.004 98.92239
C14 700.03 98.38517
C14 725.012 97.86745
C14 750.022 98.07861
C14 774.987 98.18774
C14 799.976 97.39898
C14 824.988 95.61426
C14 850.022 93.643036
C14 869.967 90.59969
C14 875.002 90.134895
C14 899.999 82.946754
C14 919.999 73.55792
C14 925.012 71.557144
C14 949.965 57.709637
C14 975.002 43.21843
C14 999.976 26.165062
C14 1025.028 11.297057
C14 1050.014 3.973852
C14 1075.002 2.119654
C14 1099.99 1.5472057
C04 319.994 40.970245
C04 324.969 46.301727
C04 349.982 70.909424
C04 374.975 78.027885
C04 400.019 85.3884
C04 424.965 86.36902
C04 450.035 87.56046
C04 475.003 89.78099
C04 500.018 91.85959
C04 525.002 93.90086
C04 550.029 95.56609
C04 575.023 96.43894
C04 599.982 98.11519
C04 619.997 98.43151
C04 624.979 98.58448
C04 650.012 99.0933
C04 675.004 99.46971
C04 700.03 98.903885
C04 725.012 98.33581
C04 750.022 98.49816
C04 774.987 98.56697
C04 799.976 97.74459
C04 824.988 95.97491
C04 850.022 94.00845
C04 869.967 90.84023
C04 875.002 90.3944
C04 899.999 83.29822
C04 919.999 74.277374
C04 925.012 72.30483
C04 949.965 57.998302
C04 975.002 43.38223
C04 999.976 26.226103
C04 1025.028 11.294083
C04 1050.014 3.9838274
C04 1075.002 2.1192768
C04 1099.99 1.5566698
C17 319.994 41.029472
C17 324.969 46.37133
C17 349.982 70.88162
C17 374.975 77.75938
C17 400.019 85.11948
C17 424.965 86.17451
C17 450.035 87.414116
C17 475.003 89.66281
C17 500.018 91.76596
C17 525.002 93.81575
C17 550.029 95.48118
C17 575.023 96.35863
C17 599.982 98.008446
C17 619.997 98.32389
C17 624.979 98.467575
C17 650.012 98.966415
C17 675.004 99.330666
C17 700.03 98.74294
C17 725.012 98.14576
C17 750.022 98.26822
C17 774.987 98.299965
C17 799.976 97.46418
C17 824.988 95.70071
C17 850.022 93.68628
C17 869.967 90.54694
C17 875.002 90.072105
C17 899.999 82.87863
C17 919.999 73.81071
C17 925.012 71.89977
C17 949.965 57.878727
C17 975.002 43.261726
C17 999.976 26.056416
C17 1025.028 11.164355
C17 1050.014 3.9344468
C17 1075.002 2.127584
C17 1099.99 1.5650244
C03 319.994 40.691402
C03 324.969 45.985973
C03 349.982 70.29932
C03 374.975 77.28493
C03 400.019 84.7975
C03 424.965 85.89637
C03 450.035 87.152695
C03 475.003 89.40946
C03 500.018 91.50881
C03 525.002 93.55682
C03 550.029 95.22176
C03 575.023 96.09555
C03 599.982 97.76039
C03 619.997 98.073616
C03 624.979 98.225945
C03 650.012 98.729744
C03 675.004 99.10178
C03 700.03 98.54375
C03 725.012 97.99938
C03 750.022 98.18591
C03 774.987 98.28532
C03 799.976 97.478424
C03 824.988 95.70688
C03 850.022 93.7543
C03 869.967 90.55289
C03 875.002 90.1222
C03 899.999 83.0654
C03 919.999 74.16929
C03 925.012 71.94923
C03 949.965 57.533
C03 975.002 43.046776
C03 999.976 26.054579
C03 1025.028 11.236844
C03 1050.014 3.9741266
C03 1075.002 2.106996
C03 1099.99 1.5514613
