lsstCam/transmission_filter_detector/r34_s21/u_24/19700101T000000.ecsv
# %ECSV 1.0
# ---
# datatype:
# - {name: wavelength, unit: nm, datatype: float32}
# - {name: efficiency, unit: '%', datatype: float64}
# meta: !!omap
# - {MODE: DETECTOR}
# - {TYPE: transmission_filter_detector}
# - {CALIBDATE: '1970-01-01T00:00:00'}
# - {INSTRUME: LSSTCam}
# - {OBSTYPE: transmission_filter_detector}
# - {CALIBCLS: lsst.ip.isr.IntermediateFilterDetectorTransmissionCurve}
# - {SOURCE: Materion (DM-46256)}
# - {DETECTOR: 160}
# - {FILTER: u_24}
# - {CALIB_ID: 'calibDate=1970-01-01T00:00:00 filter=u_24 detector=160'}
# - {DATE: '2025-04-02T15:59:40.492209'}
# - {CALIB_CREATION_DATE: '2025-04-02'}
# - {CALIB_CREATION_TIME: '15:59:40'}
# - __serialized_columns__:
#     efficiency:
#       __class__: astropy.units.quantity.Quantity
#       unit: !astropy.units.Unit {unit: '%'}
#       value: !astropy.table.SerializedColumn {name: efficiency}
#     wavelength:
#       __class__: astropy.units.quantity.Quantity
#       unit: !astropy.units.Unit {unit: nm}
#       value: !astropy.table.SerializedColumn {name: wavelength}
# schema: astropy-2.0
wavelength efficiency
[from data line 582]
877.0 0.002425623642920982
878.0 0.0026878613425651565
879.0 0.0029665266993106343
880.0 0.003245192056056112
881.0 0.003323279815958813
882.0 0.003401367212063633
883.0 0.0032491305319126695
884.0 0.0030968934879638255
885.0 0.0029376546081039123
886.0 0.002778415546345059
887.0 0.0024347238650079817
888.0 0.002091032365569845
889.0 0.002307536851731129
890.0 0.002524041337892413
891.0 0.0028853815820184536
892.0 0.003246721826144494
893.0 0.0033006639569066465
894.0 0.003354606087668799
895.0 0.0036612036637961864
896.0 0.0039678019675193354
897.0 0.003786633533309214
898.0 0.0036054647353012115
899.0 0.003666036354843527
900.0 0.0037266083381837234
901.0 0.0037665493437089026
902.0 0.0038064907130319625
903.0 0.0038788781239418313
904.0 0.003951265171053819
905.0 0.004662410356104374
906.0 0.005373555177357048
907.0 0.005566782783716917
908.0 0.005760010026278906
909.0 0.0059402449551271275
910.0 0.00612048024777323
911.0 0.006015662074787542
912.0 0.005910843901801854
913.0 0.005530369526240975
914.0 0.005149895150680095
915.0 0.004771267413161695
916.0 0.004392639675643295
917.0 0.004291363075026311
918.0 0.0041900857468135655
919.0 0.00429576903115958
920.0 0.004401452315505594
921.0 0.004633135176845826
922.0 0.004864818038186058
923.0 0.0050834165449487045
924.0 0.005302015051711351
925.0 0.005690434772986919
926.0 0.006078853766666725
927.0 0.006290326564339921
928.0 0.006501797906821594
929.0 0.006924168701516464
930.0 0.007346541678998619
931.0 0.007159878441598266
932.0 0.006973218114580959
933.0 0.007259704580064863
934.0 0.007546191045548767
935.0 0.007545373955508694
936.0 0.007544557593064383
937.0 0.007202439883258194
938.0 0.006860322173452005
939.0 0.006941795436432585
940.0 0.007023267244221643
941.0 0.006304931594058871
942.0 0.005586595580098219
943.0 0.005024360507377423
944.0 0.0044621254346566275
945.0 0.0036390596505953
946.0 0.0028159933208371513
947.0 0.0024572203983552754
948.0 0.002098447293974459
949.0 0.001771681672835257
950.0 0.0014449163245444652
951.0 0.0014077811101742554
952.0 0.001370646077702986
953.0 0.0014754584299225826
954.0 0.001580270691192709
955.0 0.0018008635379374027
956.0 0.0020214563846820965
957.0 0.0020143617803114466
958.0 0.0020072671759407967
959.0 0.002282899913552683
960.0 0.002558532651164569
961.0 0.003279923475929536
962.0 0.004001314300694503
963.0 0.004034804805996828
964.0 0.004068294947501272
965.0 0.0042866653529927135
966.0 0.004505036122282036
967.0 0.004559640001389198
968.0 0.00461424351669848
969.0 0.004714273745776154
970.0 0.0048143039748538285
971.0 0.004842230555368587
972.0 0.0048701567720854655
973.0 0.004834655555896461
974.0 0.0047991543397074565
975.0 0.0048060806875582784
976.0 0.0048130070354091
977.0 0.004174555942881852
978.0 0.0035361048503546044
979.0 0.003349872349645011
980.0 0.003163639485137537
981.0 0.003144883521599695
982.0 0.0031261271942639723
983.0 0.002775220673356671
984.0 0.00242431433434831
985.0 0.0026829413400264457
986.0 0.0029415681638056412
987.0 0.003293149347882718
988.0 0.003644729804364033
989.0 0.004308768984628841
990.0 0.004972807801095769
991.0 0.005545133171835914
992.0 0.006117459270171821
993.0 0.006763681449228898
994.0 0.007409903628285974
995.0 0.007733512029517442
996.0 0.008057121158344671
997.0 0.008135770622175187
998.0 0.008214416448026896
999.0 0.007497363549191505
1000.0 0.00678030846756883
1001.0 0.006250955630093813
1002.0 0.005721600246033631
1003.0 0.005177297134650871
1004.0 0.00463299329567235
1005.0 0.004659901969716884
1006.0 0.004686810279963538
1007.0 0.004677270771935582
1008.0 0.004667731263907626
1009.0 0.004352562609710731
1010.0 0.004037394319311716
1011.0 0.0037674763007089496
1012.0 0.003497557554510422
1013.0 0.0032684405596228316
1014.0 0.0030393235647352412
1015.0 0.0023444637918146327
1016.0 0.0016496042007929645
1017.0 0.001642005008761771
1018.0 0.0016344061805284582
1019.0 0.0013147520803613588
1020.0 0.0009950978892447893
1021.0 0.0010367472896177787
1022.0 0.0010783967809402384
1023.0 0.0011051365618186537
1024.0 0.0011318762517475989
1025.0 0.0009968878657673486
1026.0 0.0008618994797870982
1027.0 0.00110391883936245
1028.0 0.001345938380836742
1029.0 0.0016858355593285523
1030.0 0.002025733374466654
1031.0 0.0019565119146136567
1032.0 0.0018872910004574805
1033.0 0.0020257690266589634
1034.0 0.0021642470528604463
1035.0 0.001969588083738927
1036.0 0.0017749291146174073
1037.0 0.002327102265553549
1038.0 0.0028792754164896905
1039.0 0.00242628939304268
1040.0 0.001973303369595669
1041.0 0.001949572288140189
1042.0 0.0019258412066847086
1043.0 0.00204644584300695
1044.0 0.002167050479329191
1045.0 0.0018926752090919763
1046.0 0.0016182999388547614
1047.0 0.0019495681044645607
1048.0 0.00228083627007436
1049.0 0.0019034087017644197
1050.0 0.001525980951555539
1051.0 0.0012467380656744353
1052.0 0.000967495270742802
1053.0 0.0008257364243036136
1054.0 0.0006839773959654849
1055.0 0.0008413693649345078
1056.0 0.0009987614248530008
1057.0 0.0007942962838569656
1058.0 0.0005898311428609304
1059.0 0.0011248771443206351
1060.0 0.0016599231457803398
1061.0 0.0012807256098312791
1062.0 0.0009015281648316886
1063.0 0.0010896222192968708
1064.0 0.0012777164556609932
1065.0 0.001738336322887335
1066.0 0.002198956281063147
1067.0 0.0016233118003583513
1068.0 0.001047667410603026
1069.0 0.001283664914808469
1070.0 0.001519662509963382
1071.0 0.002335280805709772
1072.0 0.003150899283355102
1073.0 0.002925707303802483
1074.0 0.002700515506148804
1075.0 0.0025340683350805193
1076.0 0.0023676215278101154
1077.0 0.003035824920516461
1078.0 0.0037040284951217473
1079.0 0.004170483953203075
1080.0 0.004636938683688641
1081.0 0.003844284583465196
1082.0 0.0030516299375449307
1083.0 0.0032210427889367566
1084.0 0.003390455458429642
1085.0 0.0037549401895375922
1086.0 0.004119425284443423
1087.0 0.003942019247915596
1088.0 0.0037646143027814105
1089.0 0.004030669515486807
1090.0 0.004296725455787964
1091.0 0.004143751721130684
1092.0 0.003990778350271285
1093.0 0.0047115612687775865
1094.0 0.005432344551081769
1095.0 0.003608885162975639
1096.0 0.0017854259567684494
1097.0 0.0024719300199649297
1098.0 0.0031584339012624696
1099.0 0.003510439637466334
1100.0 0.003862445373670198
