lsstCam/transmission_filter_detector/r34_s21/u_24/19700101T000000.ecsv
# %ECSV 1.0
# ---
# datatype:
# - {name: wavelength, unit: nm, datatype: float32}
# - {name: efficiency, unit: '%', datatype: float64}
# meta: !!omap
# - {MODE: DETECTOR}
# - {TYPE: transmission_filter_detector}
# - {CALIBDATE: '1970-01-01T00:00:00'}
# - {INSTRUME: LSSTCam}
# - {OBSTYPE: transmission_filter_detector}
# - {CALIBCLS: lsst.ip.isr.IntermediateFilterDetectorTransmissionCurve}
# - {SOURCE: Materion (DM-46256)}
# - {DETECTOR: 160}
# - {FILTER: u_24}
# - {CALIB_ID: 'calibDate=1970-01-01T00:00:00 filter=u_24 detector=160'}
# - {DATE: '2025-04-02T15:59:40.492209'}
# - {CALIB_CREATION_DATE: '2025-04-02'}
# - {CALIB_CREATION_TIME: '15:59:40'}
# - __serialized_columns__:
#     efficiency:
#       __class__: astropy.units.quantity.Quantity
#       unit: !astropy.units.Unit {unit: '%'}
#       value: !astropy.table.SerializedColumn {name: efficiency}
#     wavelength:
#       __class__: astropy.units.quantity.Quantity
#       unit: !astropy.units.Unit {unit: nm}
#       value: !astropy.table.SerializedColumn {name: wavelength}
# schema: astropy-2.0
wavelength efficiency
295.0 1.7088758793443182e-10
296.0 1.7088758793443182e-10
297.0 1.7088758793443182e-10
298.0 1.7088758793443182e-10
299.0 1.7088758793443182e-10
300.0 1.7088758793443182e-10
301.0 1.7088758793443182e-10
302.0 1.7088758793443182e-10
303.0 1.7088758793443182e-10
304.0 0.4718975629657507
305.0 1.5632152557373047
306.0 2.947135269641876
307.0 5.349307507276535
308.0 8.099173754453659
309.0 11.892736703157425
310.0 15.670041739940643
311.0 19.639787077903748
312.0 23.155570030212402
313.0 25.885772705078125
314.0 28.581231832504272
315.0 31.181862950325012
316.0 33.64226520061493
317.0 37.04783022403717
318.0 40.80433249473572
319.0 46.10235393047333
320.0 52.4935245513916
321.0 57.832491397857666
322.0 63.53667378425598
323.0 68.0854856967926
324.0 71.42240405082703
325.0 73.81110191345215
326.0 75.90916752815247
327.0 77.54048109054565
328.0 79.19986844062805
329.0 80.44116497039795
330.0 81.24834299087524
331.0 81.51288032531738
332.0 81.71890377998352
333.0 81.95955753326416
334.0 81.96239471435547
335.0 82.41231441497803
336.0 83.03561806678772
337.0 83.74332785606384
338.0 84.578937292099
339.0 84.99597907066345
340.0 85.27500033378601
341.0 85.66722273826599
342.0 85.91157793998718
343.0 85.91523766517639
344.0 86.1718237400055
345.0 86.60061955451965
346.0 86.97644472122192
347.0 87.39926218986511
348.0 87.65091896057129
349.0 87.68889307975769
350.0 87.71669268608093
351.0 87.93864846229553
352.0 87.84337043762207
353.0 87.82291412353516
354.0 87.86983489990234
355.0 87.9068374633789
356.0 87.99354434013367
357.0 87.81707286834717
358.0 87.36395835876465
359.0 87.03399300575256
360.0 86.90208792686462
361.0 86.64183616638184
362.0 86.53944730758667
363.0 86.77915334701538
364.0 86.99390292167664
365.0 87.41401433944702
366.0 87.72457242012024
367.0 87.76780962944031
368.0 87.84704208374023
369.0 88.02478313446045
370.0 87.92796730995178
371.0 87.94763684272766
372.0 88.04243206977844
373.0 88.32612633705139
374.0 88.35563659667969
375.0 88.73822689056396
376.0 88.959801197052
377.0 89.03487920761108
378.0 88.9004111289978
379.0 88.24504613876343
380.0 87.09007501602173
381.0 85.40094494819641
382.0 83.35533142089844
383.0 81.30611181259155
384.0 79.0489673614502
385.0 76.42486095428467
386.0 73.45511317253113
387.0 69.46554183959961
388.0 65.38661122322083
389.0 60.656869411468506
390.0 56.41488432884216
391.0 52.16445326805115
392.0 48.08643162250519
393.0 44.5626437664032
394.0 40.78183174133301
395.0 36.209943890571594
396.0 30.932247638702393
397.0 23.978951573371887
398.0 17.077545821666718
399.0 10.623972862958908
400.0 5.589597672224045
401.0 2.3394500836730003
402.0 0.7506705354899168
403.0 0.24329740554094315
404.0 0.09963219054043293
405.0 0.062277005054056644
406.0 0.028038659365847707
407.0 0.006701456004520878
408.0 1.7088758793443182e-10
409.0 1.7088758793443182e-10
410.0 1.7088758793443182e-10
411.0 1.7088758793443182e-10
412.0 1.7088758793443182e-10
413.0 1.7088758793443182e-10
414.0 1.7088758793443182e-10
415.0 1.7088758793443182e-10
416.0 1.7088758793443182e-10
417.0 1.7088758793443182e-10
418.0 1.7088758793443182e-10
419.0 1.7088758793443182e-10
420.0 1.7088758793443182e-10
421.0 1.7088758793443182e-10
422.0 1.7088758793443182e-10
423.0 1.7088758793443182e-10
424.0 1.7088758793443182e-10
425.0 1.7088758793443182e-10
426.0 1.7088758793443182e-10
427.0 1.7088758793443182e-10
428.0 1.7088758793443182e-10
429.0 1.7088758793443182e-10
430.0 0.0014637930689787026
431.0 1.7088758793443182e-10
432.0 1.7088758793443182e-10
433.0 1.7088758793443182e-10
434.0 1.7088758793443182e-10
435.0 1.7088758793443182e-10
436.0 0.0009097587280848529
437.0 0.00041966623030020855
438.0 1.7088758793443182e-10
439.0 1.7088758793443182e-10
440.0 1.7088758793443182e-10
441.0 4.9346442665409995e-05
442.0 0.0006577642579941312
443.0 1.7088758793443182e-10
444.0 1.7088758793443182e-10
445.0 1.7088758793443182e-10
446.0 1.7088758793443182e-10
447.0 1.7088758793443182e-10
448.0 1.7088758793443182e-10
449.0 1.7088758793443182e-10
450.0 0.000939909750741208
451.0 0.0005447329840535531
452.0 0.0001495562969466846
453.0 0.0002359238578719669
454.0 0.00032229152111540316
455.0 1.7088758793443182e-10
456.0 1.7088758793443182e-10
457.0 1.7088758793443182e-10
458.0 0.00035909583857574034
459.0 1.7088758793443182e-10
460.0 1.7088758793443182e-10
461.0 0.0001518059434602037
462.0 0.0008808356142253615
463.0 0.0002460873247400741
464.0 1.7088758793443182e-10
465.0 1.7088758793443182e-10
466.0 1.7088758793443182e-10
467.0 0.0002728150320763234
468.0 0.0010500361895537935
469.0 0.0003589963398553664
470.0 1.7088758793443182e-10
471.0 0.0002084059815388173
472.0 0.0007488554729206953
473.0 0.0005626699476124486
474.0 0.00037648462694050977
475.0 1.7088758793443182e-10
476.0 1.7088758793443182e-10
477.0 1.7088758793443182e-10
478.0 1.7088758793443182e-10
479.0 1.7088758793443182e-10
480.0 0.0010228891369479243
481.0 0.0006996473530307412
482.0 0.0003764055009014555
483.0 0.00042765968828462064
484.0 0.0004789138529304182
485.0 3.8305904581648065e-05
486.0 1.7088758793443182e-10
487.0 1.7088758793443182e-10
488.0 1.7088758793443182e-10
489.0 1.7088758793443182e-10
490.0 1.7088758793443182e-10
491.0 1.7088758793443182e-10
492.0 1.7088758793443182e-10
493.0 1.7088758793443182e-10
494.0 1.7088758793443182e-10
495.0 1.7088758793443182e-10
496.0 1.7088758793443182e-10
497.0 4.669124393785751e-05
498.0 0.0005480730578710791
499.0 1.7088758793443182e-10
500.0 1.7088758793443182e-10
501.0 1.7088758793443182e-10
502.0 1.7088758793443182e-10
503.0 1.7088758793443182e-10
504.0 0.00016249637155851815
505.0 1.7088758793443182e-10
506.0 1.7088758793443182e-10
507.0 1.7088758793443182e-10
508.0 0.0004461255684873322
509.0 8.744506203584024e-05
510.0 1.7088758793443182e-10
511.0 1.7088758793443182e-10
512.0 1.7088758793443182e-10
513.0 1.9698504161169694e-05
514.0 0.0006404990472219652
515.0 0.0003707659288920695
516.0 0.00010103268550665234
517.0 1.7088758793443182e-10
518.0 1.7088758793443182e-10
519.0 1.7088758793443182e-10
520.0 1.7088758793443182e-10
521.0 1.7088758793443182e-10
522.0 1.7088758793443182e-10
523.0 1.7088758793443182e-10
524.0 1.7088758793443182e-10
525.0 1.7088758793443182e-10
526.0 1.7088758793443182e-10
527.0 1.7088758793443182e-10
528.0 1.7088758793443182e-10
529.0 7.61368710300303e-05
530.0 0.0001737692741698993
531.0 1.7088758793443182e-10
532.0 1.7088758793443182e-10
533.0 1.7088758793443182e-10
534.0 4.556135024813557e-05
535.0 1.7088758793443182e-10
536.0 1.7088758793443182e-10
537.0 0.0002221635668320232
538.0 0.000502014700032305
539.0 0.00030884764328220626
540.0 0.00011568038189579966
541.0 3.248479174544627e-05
542.0 1.7088758793443182e-10
543.0 1.7088758793443182e-10
544.0 1.7088758793443182e-10
545.0 0.00014174968328006798
546.0 0.0005892900844628457
547.0 0.0001836490355344722
548.0 1.7088758793443182e-10
549.0 1.7088758793443182e-10
550.0 1.7088758793443182e-10
551.0 1.7088758793443182e-10
552.0 9.459985221837997e-05
553.0 0.00011288118457741803
554.0 0.00013116250556777231
555.0 0.00026702273316914216
556.0 0.0004028830062452471
557.0 0.00045287197281140834
558.0 0.0005028608484280994
559.0 0.00013194895700507914
560.0 1.7088758793443182e-10
561.0 6.086011694605986e-05
562.0 0.000360683361577685
563.0 0.0004718481704912847
564.0 0.000583012797505944
565.0 0.0003883203589793993
566.0 0.00019362796592758968
567.0 0.0001901425434880366
568.0 0.00018665704146769713
569.0 8.435465588263469e-05
570.0 1.7088758793443182e-10
571.0 0.00016286129493892076
572.0 0.00034367033094895305
573.0 0.0003175194478899357
574.0 0.00029136867851775605
575.0 0.00028488325369835366
576.0 0.0002783979653031565
577.0 0.000279455480267643
578.0 0.000280513017969497
579.0 0.0004819111836695811
580.0 0.0006833094175817678
581.0 0.0010902915164479055
582.0 0.0014972733879403677
583.0 0.0012280574082979001
584.0 0.0009588413377059624
585.0 0.0007627960258105304
586.0 0.0005667508958140388
587.0 0.000409600579587277
588.0 0.00025245033157261787
589.0 0.000447284810434212
590.0 0.0006421194029826438
591.0 0.0008697911653143819
592.0 0.0010974629731208552
593.0 0.000866574737301562
594.0 0.0006356864105327986
595.0 0.000929920315684285
596.0 0.0012241543117852416
597.0 0.0014055528481549118
598.0 0.0015869511116761714
599.0 0.0018477452613296919
600.0 0.0021085394109832123
601.0 0.0026843134037335403
602.0 0.0032600870326859877
603.0 0.0027172243790118955
604.0 0.0021743619072367437
605.0 0.001762524334480986
606.0 0.001350687125523109
607.0 0.001157457609224366
608.0 0.0009642279110266827
609.0 0.0010118738828168716
610.0 0.0010595197636575904
611.0 0.0009177587344311178
612.0 0.000775997614255175
613.0 0.0007948197890073061
614.0 0.0008136417818604968
615.0 0.0007396856744890101
616.0 0.0006657292942691129
617.0 0.00048750112000561785
618.0 0.00030927290026738774
619.0 0.0003362106554050115
620.0 0.0003631483423305326
621.0 0.0005316071110428311
622.0 0.0007000657660682919
623.0 0.0005724868969991803
624.0 0.0004449079369805986
625.0 0.0009176835192192812
626.0 0.0013904593288316391
627.0 0.0012147262168582529
628.0 0.0010389933777332772
629.0 0.001267083098355215
630.0 0.001495172818977153
631.0 0.001628367135708686
632.0 0.0017615617252886295
633.0 0.0025391702365595847
634.0 0.00331677874783054
635.0 0.003330099571030587
636.0 0.003343420394230634
637.0 0.0025731798814376816
638.0 0.0018029390048468485
639.0 0.0016009249520720914
640.0 0.0013989108992973343
641.0 0.001313361462962348
642.0 0.0012278122994757723
643.0 0.0009843041880230885
644.0 0.0007407961675198749
645.0 0.00024911141736083664
646.0 1.7088758793443182e-10
647.0 1.7088758793443182e-10
648.0 0.00014484133998848847
649.0 0.0001547737383589265
650.0 0.00016470612536068074
651.0 0.0006451368335547158
652.0 0.0011255676326982211
653.0 0.0012037305168632884
654.0 0.0012818932191294152
655.0 0.0018950311641674489
656.0 0.0025081692001549527
657.0 0.0026075716959894635
658.0 0.002706974555621855
659.0 0.003299847594462335
660.0 0.0038927206333028153
661.0 0.003401626236154698
662.0 0.002910532202804461
663.0 0.0023112044800654985
664.0 0.0017118769392254762
665.0 0.0013703846889256965
666.0 0.0010288924386259168
667.0 0.0011856605851789936
668.0 0.0013424287317320704
669.0 0.0010872586244659033
670.0 0.0008320885171997361
671.0 0.000639743848296348
672.0 0.0004473991793929599
673.0 0.0004112665010325145
674.0 0.0003751338908841717
675.0 0.000890349292603787
676.0 0.0014055645806365646
677.0 0.0017699432646622881
678.0 0.0021343219486880116
679.0 0.002586980554042384
680.0 0.0030396391593967564
681.0 0.004143360638408922
682.0 0.005247081571724266
683.0 0.007141324749682099
684.0 0.009035568655235693
685.0 0.00998040268314071
686.0 0.010925239621428773
687.0 0.009538627637084574
688.0 0.008152016380336136
689.0 0.0063850689912214875
690.0 0.00461812196590472
691.0 0.004062546213390306
692.0 0.003506970824673772
693.0 0.0031191466405289248
694.0 0.0027313224563840777
695.0 0.00196844066522317
696.0 0.0012055589650117327
697.0 0.0010751465197245125
698.0 0.0009447342563362326
699.0 0.0007672304491279647
700.0 0.0005897265509702265
701.0 0.0006285912604653277
702.0 0.0006674558790109586
703.0 0.0006337641480058664
704.0 0.000600072280576569
705.0 0.000737148366170004
706.0 0.0008742244972381741
707.0 0.0009286457498092204
708.0 0.000983067093329737
709.0 0.00103473703347845
710.0 0.001086406973627163
711.0 0.0009218631930707488
712.0 0.0007573194125143345
713.0 0.0006187012786540436
714.0 0.0004800830993190175
715.0 0.0004231582806824008
716.0 0.00036623337109631393
717.0 0.00036336591620056424
718.0 0.000360498438567447
719.0 0.00035111854685965227
720.0 0.0003417387006265926
721.0 0.000124255188893585
722.0 1.7088758793443182e-10
723.0 7.539056809946487e-05
724.0 0.0002440096523059765
725.0 0.0003399042270757491
726.0 0.0004357987563707866
727.0 0.000440210169472266
728.0 0.00044462130972533487
729.0 0.0004617644208337879
730.0 0.00047890739551803563
731.0 0.0002234064822914661
732.0 1.7088758793443182e-10
733.0 0.00015844873360038036
734.0 0.00034899173897429137
735.0 0.00031590889193466865
736.0 0.0002828259312082082
737.0 0.00019840074401145102
738.0 0.00011397549997127499
739.0 0.0002498547701179632
740.0 0.0003857341198454378
741.0 0.0008127067303576041
742.0 0.001239679659192916
743.0 0.0021178610040806234
744.0 0.0029960421670693904
745.0 0.004077217818121426
746.0 0.005158393469173461
747.0 0.004878509207628667
748.0 0.0045986249460838735
749.0 0.004418842581799254
750.0 0.004239060581312515
751.0 0.0034297729143872857
752.0 0.002620484519866295
753.0 0.0026580160920275375
754.0 0.002695547118491959
755.0 0.0023915321435197257
756.0 0.002087517350446433
757.0 0.0021295654732966796
758.0 0.002171613414247986
759.0 0.0016716010577511042
760.0 0.001171588883153163
761.0 0.001053957748808898
762.0 0.0009363267963635735
763.0 0.000723266839486314
764.0 0.0005102069735585246
765.0 0.00042319647945987526
766.0 0.00033618600809859345
767.0 0.00039802635001251474
768.0 0.0004598667146638036
769.0 0.0005199033239478013
770.0 0.000579939978706534
771.0 0.0006841199592599878
772.0 0.0007883000762376469
773.0 0.0005813100870000198
774.0 0.0003743200295502902
775.0 0.0004710234861704521
776.0 0.0005677270110027166
777.0 0.0006603660040127579
778.0 0.0007530050879722694
779.0 0.0007773641300445888
780.0 0.000801723035692703
781.0 0.000977000490820501
782.0 0.0011522780368977692
783.0 0.001049489128490677
784.0 0.000946700220083585
785.0 0.0011411250852688681
786.0 0.001335549859504681
787.0 0.001250679724762449
788.0 0.0011658097719191574
789.0 0.0009763262823980767
790.0 0.0007868427928769961
791.0 0.0005474243153003044
792.0 0.00030800586046098033
793.0 0.0005122961283632321
794.0 0.0007165863280533813
795.0 0.000724994060874451
796.0 0.0007334017027460504
797.0 0.0005715215138479834
798.0 0.0004096412340004463
799.0 0.0002610826868476579
800.0 0.00011252434433117742
801.0 1.7088758793443182e-10
802.0 1.7088758793443182e-10
803.0 1.7088758793443182e-10
804.0 4.0591709193904535e-05
805.0 0.00019445049019850558
806.0 0.0003483092768874485
807.0 0.00039230153561220504
808.0 0.00043629383981169667
809.0 0.0003426204102652264
810.0 0.00024894691250665346
811.0 0.0002181991249017301
812.0 0.00018745130319075543
813.0 1.7088758793443182e-10
814.0 1.7088758793443182e-10
815.0 5.519924570762669e-05
816.0 0.00041136404433927964
817.0 0.0004982849986845395
818.0 0.0005852060894540045
819.0 0.0003170699756083195
820.0 4.893385607829259e-05
821.0 1.7088758793443182e-10
822.0 1.7088758793443182e-10
823.0 1.7088758793443182e-10
824.0 1.7088758793443182e-10
825.0 1.7088758793443182e-10
826.0 1.7088758793443182e-10
827.0 1.7088758793443182e-10
828.0 6.709585704811616e-05
829.0 1.7088758793443182e-10
830.0 1.7088758793443182e-10
831.0 1.7088758793443182e-10
832.0 9.794406423679902e-05
833.0 0.00015268630022546859
834.0 0.0002074284793707193
835.0 0.00024982032300613355
836.0 0.0002922121211668127
837.0 1.7088758793443182e-10
838.0 1.7088758793443182e-10
839.0 1.7088758793443182e-10
840.0 1.5361652572210005e-05
841.0 1.7088758793443182e-10
842.0 1.7088758793443182e-10
843.0 1.7088758793443182e-10
844.0 1.7088758793443182e-10
845.0 5.1528832045733e-05
846.0 0.00018993363255503937
847.0 0.000350990922015626
848.0 0.0005120482455822639
849.0 0.0004591956894728355
850.0 0.00040634304241393693
851.0 0.00048400247578683775
852.0 0.0005616618182102684
853.0 0.0003059605660382658
854.0 5.0259313866263255e-05
855.0 2.9678324153792346e-05
856.0 9.09737920551379e-06
857.0 0.00029181401259847917
858.0 0.0005745307134930044
859.0 0.0006471680990216555
860.0 0.0007198055300250417
861.0 0.001022043034026865
862.0 0.0013242802197055425
863.0 0.0017469654267188162
864.0 0.0021696509065805003
865.0 0.0016780319128884003
866.0 0.001186413282994181
867.0 0.0013706451682082843
868.0 0.0015548768715234473
869.0 0.001692386831564363
870.0 0.0018298967916052788
871.0 0.0017943877537618391
872.0 0.001758878534019459
873.0 0.0019188253645552322
874.0 0.002078772013192065
875.0 0.002121079342032317
