lsstCam/transmission_filter_detector/r11_s01/i_39/19700101T000000.ecsv
# %ECSV 1.0
# ---
# datatype:
# - {name: wavelength, unit: nm, datatype: float32}
# - {name: efficiency, unit: '%', datatype: float64}
# meta: !!omap
# - {MODE: DETECTOR}
# - {TYPE: transmission_filter_detector}
# - {CALIBDATE: '1970-01-01T00:00:00'}
# - {INSTRUME: LSSTCam}
# - {OBSTYPE: transmission_filter_detector}
# - {CALIBCLS: lsst.ip.isr.IntermediateFilterDetectorTransmissionCurve}
# - {SOURCE: Materion (DM-46256)}
# - {DETECTOR: 37}
# - {FILTER: i_39}
# - {CALIB_ID: 'calibDate=1970-01-01T00:00:00 filter=i_39 detector=37'}
# - {DATE: '2025-04-02T15:59:46.650716'}
# - {CALIB_CREATION_DATE: '2025-04-02'}
# - {CALIB_CREATION_TIME: '15:59:46'}
# - __serialized_columns__:
#     efficiency:
#       __class__: astropy.units.quantity.Quantity
#       unit: !astropy.units.Unit {unit: '%'}
#       value: !astropy.table.SerializedColumn {name: efficiency}
#     wavelength:
#       __class__: astropy.units.quantity.Quantity
#       unit: !astropy.units.Unit {unit: nm}
#       value: !astropy.table.SerializedColumn {name: wavelength}
# schema: astropy-2.0
wavelength efficiency
[from data line 600]
900.0 1.611317849981031e-10
901.0 1.611317849981031e-10
902.0 1.611317849981031e-10
903.0 1.611317849981031e-10
904.0 7.20833810419208e-06
905.0 1.611317849981031e-10
906.0 1.611317849981031e-10
907.0 7.506076826757635e-05
908.0 0.0002687148480617907
909.0 1.4003349235736096e-05
910.0 1.611317849981031e-10
911.0 1.611317849981031e-10
912.0 0.00011163608633069089
913.0 0.00010750572982942685
914.0 0.0001033753846968466
915.0 3.2782857317670278e-06
916.0 1.611317849981031e-10
917.0 1.611317849981031e-10
918.0 1.611317849981031e-10
919.0 1.611317849981031e-10
920.0 5.8696224414234166e-05
921.0 1.611317849981031e-10
922.0 1.611317849981031e-10
923.0 1.611317849981031e-10
924.0 1.611317849981031e-10
925.0 7.22958816368191e-05
926.0 0.00024549822228436824
927.0 1.611317849981031e-10
928.0 1.611317849981031e-10
929.0 1.611317849981031e-10
930.0 0.00010089964916915051
931.0 0.0001454257585464802
932.0 0.00018995184518644237
933.0 0.0001536619947728468
934.0 0.0001173721670966188
935.0 1.611317849981031e-10
936.0 1.611317849981031e-10
937.0 1.611317849981031e-10
938.0 1.611317849981031e-10
939.0 1.611317849981031e-10
940.0 1.611317849981031e-10
941.0 1.611317849981031e-10
942.0 1.611317849981031e-10
943.0 1.611317849981031e-10
944.0 1.611317849981031e-10
945.0 1.611317849981031e-10
946.0 1.611317849981031e-10
947.0 1.611317849981031e-10
948.0 1.611317849981031e-10
949.0 1.611317849981031e-10
950.0 1.611317849981031e-10
951.0 1.611317849981031e-10
952.0 1.611317849981031e-10
953.0 1.611317849981031e-10
954.0 1.611317849981031e-10
955.0 6.56657675790484e-05
956.0 0.0002203133135481039
957.0 0.00013619222727356828
958.0 5.207109552429756e-05
959.0 0.0001335146293968137
960.0 0.00021495818600669736
961.0 0.00019476628949632868
962.0 0.00017457440435464378
963.0 7.890216693340335e-05
964.0 1.611317849981031e-10
965.0 1.611317849981031e-10
966.0 1.611317849981031e-10
967.0 1.611317849981031e-10
968.0 1.611317849981031e-10
969.0 1.611317849981031e-10
970.0 1.611317849981031e-10
971.0 1.611317849981031e-10
972.0 1.611317849981031e-10
973.0 1.611317849981031e-10
974.0 1.611317849981031e-10
975.0 1.611317849981031e-10
976.0 1.611317849981031e-10
977.0 1.611317849981031e-10
978.0 1.611317849981031e-10
979.0 1.611317849981031e-10
980.0 1.611317849981031e-10
981.0 1.611317849981031e-10
982.0 1.611317849981031e-10
983.0 1.611317849981031e-10
984.0 1.611317849981031e-10
985.0 8.369267447960738e-05
986.0 0.0002655928028616472
987.0 6.79158290495252e-05
988.0 1.611317849981031e-10
989.0 1.611317849981031e-10
990.0 1.611317849981031e-10
991.0 1.611317849981031e-10
992.0 1.611317849981031e-10
993.0 1.611317849981031e-10
994.0 4.22166948510494e-05
995.0 1.611317849981031e-10
996.0 1.611317849981031e-10
997.0 4.924947560880355e-06
998.0 0.0002365300588280661
999.0 0.0002610026513139019
1000.0 0.00028547519832500257
1001.0 0.0001240724827766826
1002.0 1.611317849981031e-10
1003.0 1.8215402519672352e-05
1004.0 7.376111170742661e-05
1005.0 1.611317849981031e-10
1006.0 1.611317849981031e-10
1007.0 1.611317849981031e-10
1008.0 0.0001465509740228299
1009.0 7.6723188158212e-05
1010.0 6.895331949863248e-06
1011.0 0.00015138081153054372
1012.0 0.00029586626624222845
1013.0 0.0003808922656389768
1014.0 0.0004659183559851954
1015.0 0.000389930983146769
1016.0 0.00031394372399518033
1017.0 0.00037788399822602514
1018.0 0.00044182443161844276
1019.0 0.0003962300525017781
1020.0 0.0003506355824356433
1021.0 0.0002349381475141854
1022.0 0.0001192406330119411
1023.0 0.0005439918822958134
1024.0 0.0009687431884231046
1025.0 0.000725804102330585
1026.0 0.00048286497076333035
1027.0 0.0004648944468499394
1028.0 0.0004469239229365485
1029.0 0.000814334907772718
1030.0 0.0011817459380836226
1031.0 0.0017973716239794157
1032.0 0.0024129971279762685
1033.0 0.0024609807951492257
1034.0 0.002508963916625362
1035.0 0.0031267438316717744
1036.0 0.003744523201021366
1037.0 0.003807041866821237
1038.0 0.003869560532621108
1039.0 0.003278466101619415
1040.0 0.0026873718525166623
1041.0 0.0022105177777120844
1042.0 0.0017336637029075064
1043.0 0.0025242343326681294
1044.0 0.0033148051443276927
1045.0 0.0035174598451703787
1046.0 0.003720115273608826
1047.0 0.0033685326343402267
1048.0 0.003016950358869508
1049.0 0.0026239582439302467
1050.0 0.002230965947092045
1051.0 0.002344638414797373
1052.0 0.002458311246300582
1053.0 0.001610284198250156
1054.0 0.0007622569228260545
1055.0 0.0007361970801866846
1056.0 0.0007101371465978445
1057.0 0.0006595249487872934
1058.0 0.0006089129328756826
1059.0 0.0009082151336770039
1060.0 0.001207517743750941
1061.0 0.0018457532860338688
1062.0 0.0024839882826199755
1063.0 0.0027795889764092863
1064.0 0.003075189670198597
1065.0 0.0034955766750499606
1066.0 0.003915964043699205
1067.0 0.004566577263176441
1068.0 0.005217190846451558
1069.0 0.004230651393299922
1070.0 0.0032441123039461672
1071.0 0.003040662886633072
1072.0 0.0028372132874210365
1073.0 0.0030734099709661677
1074.0 0.003309606108814478
1075.0 0.0034563025110401213
1076.0 0.003602998549467884
1077.0 0.0026324718419346027
1078.0 0.0016619445887045003
1079.0 0.001954585786734242
1080.0 0.002247227166662924
1081.0 0.0014392016964848153
1082.0 0.0006311760444077663
1083.0 0.00048527299441047944
1084.0 0.00033936967156478204
1085.0 0.0005262874765321612
1086.0 0.0007132056452974211
1087.0 0.0008652533324493561
1088.0 0.0010173012015002314
1089.0 1.611317849981031e-10
1090.0 1.611317849981031e-10
1091.0 1.611317849981031e-10
1092.0 1.611317849981031e-10
1093.0 1.611317849981031e-10
1094.0 1.611317849981031e-10
1095.0 5.819363195769256e-05
1096.0 0.00033694220746838255
1097.0 1.611317849981031e-10
1098.0 1.611317849981031e-10
1099.0 1.611317849981031e-10
1100.0 1.611317849981031e-10
