lsstCam/transmission_filter_detector/r11_s01/i_39/19700101T000000.ecsv
# %ECSV 1.0
# ---
# datatype:
# - {name: wavelength, unit: nm, datatype: float32}
# - {name: efficiency, unit: '%', datatype: float64}
# meta: !!omap
# - {MODE: DETECTOR}
# - {TYPE: transmission_filter_detector}
# - {CALIBDATE: '1970-01-01T00:00:00'}
# - {INSTRUME: LSSTCam}
# - {OBSTYPE: transmission_filter_detector}
# - {CALIBCLS: lsst.ip.isr.IntermediateFilterDetectorTransmissionCurve}
# - {SOURCE: Materion (DM-46256)}
# - {DETECTOR: 37}
# - {FILTER: i_39}
# - {CALIB_ID: 'calibDate=1970-01-01T00:00:00 filter=i_39 detector=37'}
# - {DATE: '2025-04-02T15:59:46.650716'}
# - {CALIB_CREATION_DATE: '2025-04-02'}
# - {CALIB_CREATION_TIME: '15:59:46'}
# - __serialized_columns__:
#     efficiency:
#       __class__: astropy.units.quantity.Quantity
#       unit: !astropy.units.Unit {unit: '%'}
#       value: !astropy.table.SerializedColumn {name: efficiency}
#     wavelength:
#       __class__: astropy.units.quantity.Quantity
#       unit: !astropy.units.Unit {unit: nm}
#       value: !astropy.table.SerializedColumn {name: wavelength}
# schema: astropy-2.0
wavelength efficiency
300.0 0.07819734164513648
301.0 0.037558452459052205
302.0 1.611317849981031e-10
303.0 0.016393761325161904
304.0 0.035867924452759326
305.0 0.029518097289837897
306.0 0.023168270126916468
307.0 0.0061992664996068925
308.0 1.611317849981031e-10
309.0 1.611317849981031e-10
310.0 1.611317849981031e-10
311.0 1.611317849981031e-10
312.0 0.003630070568760857
313.0 0.0001293884565711778
314.0 1.611317849981031e-10
315.0 1.611317849981031e-10
316.0 1.611317849981031e-10
317.0 1.611317849981031e-10
318.0 1.611317849981031e-10
319.0 1.611317849981031e-10
320.0 1.611317849981031e-10
321.0 1.611317849981031e-10
322.0 1.611317849981031e-10
323.0 1.611317849981031e-10
324.0 1.611317849981031e-10
325.0 1.611317849981031e-10
326.0 1.611317849981031e-10
327.0 1.611317849981031e-10
328.0 0.0036812743928749114
329.0 0.00281212996924296
330.0 0.0019429853637120686
331.0 0.0010971744814014528
332.0 0.00025136396288871765
333.0 0.0012976071957382374
334.0 0.002343850428587757
335.0 0.0016164462067536078
336.0 0.0008890426215657499
337.0 0.001695168248261325
338.0 0.00250129378400743
339.0 0.0030429986509261653
340.0 0.003584704245440662
341.0 0.00026487914510653354
342.0 1.611317849981031e-10
343.0 1.611317849981031e-10
344.0 1.611317849981031e-10
345.0 1.611317849981031e-10
346.0 1.611317849981031e-10
347.0 1.611317849981031e-10
348.0 1.611317849981031e-10
349.0 1.611317849981031e-10
350.0 1.611317849981031e-10
351.0 1.611317849981031e-10
352.0 1.611317849981031e-10
353.0 1.611317849981031e-10
354.0 1.611317849981031e-10
355.0 1.611317849981031e-10
356.0 1.611317849981031e-10
357.0 0.00063600518842577
358.0 0.001433052784705069
359.0 0.0010791520253405906
360.0 0.0007252507657540264
361.0 0.0007201202606665902
362.0 0.0007149898010538891
363.0 0.000511162352268002
364.0 0.00030733503990632016
365.0 0.0012922187124786433
366.0 0.0022771029762225226
367.0 0.0014886965800542384
368.0 0.0007002903657848947
369.0 0.001072461782314349
370.0 0.0014446332897932734
371.0 0.001188857186207315
372.0 0.0009330809916718863
373.0 0.000803289185569156
374.0 0.0006734972430422204
375.0 0.00014196810980138252
376.0 1.611317849981031e-10
377.0 1.611317849981031e-10
378.0 1.611317849981031e-10
379.0 1.611317849981031e-10
380.0 1.611317849981031e-10
381.0 1.611317849981031e-10
382.0 1.611317849981031e-10
383.0 0.00017867104133983958
384.0 0.001263627018488478
385.0 0.0008772657565714326
386.0 0.0004909044037049171
387.0 1.611317849981031e-10
388.0 1.611317849981031e-10
389.0 1.611317849981031e-10
390.0 1.611317849981031e-10
391.0 1.611317849981031e-10
392.0 1.611317849981031e-10
393.0 1.611317849981031e-10
394.0 0.0013125931218382902
395.0 4.079285531588539e-05
396.0 1.611317849981031e-10
397.0 1.611317849981031e-10
398.0 1.611317849981031e-10
399.0 2.5339892317788326e-05
400.0 0.00012347169331405894
401.0 0.0005134006187290652
402.0 0.0009033286914927885
403.0 0.0012945237358508166
404.0 0.0016857187802088447
405.0 0.0038625908928224817
406.0 0.006039462823537178
407.0 0.003607231701607816
408.0 0.001174997760244878
409.0 0.0005510050414159195
410.0 1.611317849981031e-10
411.0 0.0027668571419781074
412.0 0.005606704507954419
413.0 0.0051855164201697335
414.0 0.004764329787576571
415.0 0.004355826604296453
416.0 0.003947322693420574
417.0 0.002667273656697944
418.0 0.0013872247109247837
419.0 0.0033183481718879193
420.0 0.005249471360002644
421.0 0.004597481893142685
422.0 0.003945491698686965
423.0 0.004783397525898181
424.0 0.005621302989311516
425.0 0.0037318517570383847
426.0 0.0018423992514726706
427.0 0.0032786803785711527
428.0 0.004714961687568575
429.0 0.005049917672295123
430.0 0.005384874020819552
431.0 0.003866004408337176
432.0 0.0023471353415516205
433.0 0.00286554750346113
434.0 0.0033839598472695798
435.0 0.002469686478434596
436.0 0.0015554131095996127
437.0 0.0014550974810845219
438.0 0.0013547820344683714
439.0 0.0018468641428626142
440.0 0.0023389464331557974
441.0 0.0005472002158057876
442.0 1.611317849981031e-10
443.0 1.611317849981031e-10
444.0 1.611317849981031e-10
445.0 1.611317849981031e-10
446.0 1.611317849981031e-10
447.0 1.611317849981031e-10
448.0 0.0006068149104976328
449.0 1.611317849981031e-10
450.0 1.611317849981031e-10
451.0 6.614617404920864e-05
452.0 0.00112260195237468
453.0 0.001536677882540971
454.0 0.001950754267454613
455.0 0.0019969718778156675
456.0 0.002043189488176722
457.0 0.0012945903108629864
458.0 0.0005459911335492507
459.0 0.00021409948658401845
460.0 1.611317849981031e-10
461.0 0.00012072513300154242
462.0 0.0003592424263842986
463.0 1.611317849981031e-10
464.0 1.611317849981031e-10
465.0 3.757766364742565e-05
466.0 0.000658059116176446
467.0 0.0007086909590725554
468.0 0.0007593228474434
469.0 0.0006013415713823633
470.0 0.0004433603862707969
471.0 0.0006188031875353772
472.0 0.0007942460797494277
473.0 0.0009035117727762554
474.0 0.0010127776477020234
475.0 0.0005863515070814174
476.0 0.00015992574162737583
477.0 0.0007711592843406834
478.0 0.0013823929293721449
479.0 0.001398453696310753
480.0 0.001414514372299891
481.0 0.0026722556867753156
482.0 0.003929995364160277
483.0 0.00529259086761158
484.0 0.00665518527966924
485.0 0.006930305244168267
486.0 0.007205424481071532
487.0 0.0104335522337351
488.0 0.013661679986398667
489.0 0.017039010708685964
490.0 0.02041634143097326
491.0 0.022376271954271942
492.0 0.024336203932762146
493.0 0.026019694632850587
494.0 0.02770318533293903
495.0 0.0250730401603505
496.0 0.022442890622187406
497.0 0.01825103972805664
498.0 0.014059188833925873
499.0 0.010181521065533161
500.0 0.006303854752331972
501.0 0.004621939660864882
502.0 0.0029400247512967326
503.0 0.0024638820832478814
504.0 0.00198773923330009
505.0 0.0019935385353164747
506.0 0.0019993376554339193
507.0 0.0019057992176385596
508.0 0.001812260234146379
509.0 0.0018782868210109882
510.0 0.0019443134078755975
511.0 0.0015863530279602855
512.0 0.0012283927389944438
513.0 0.0015097737559699453
514.0 0.0017911546819959767
515.0 0.0022942609575693496
516.0 0.0027973672331427224
517.0 0.0023222430172609165
518.0 0.001847118983278051
519.0 0.0020220479200361297
520.0 0.002196976674895268
521.0 0.0017859898434835486
522.0 0.0013750032849202398
523.0 0.0014123109394859057
524.0 0.001449618866899982
525.0 0.002051169030892197
526.0 0.0026527188310865313
527.0 0.00251530855166493
528.0 0.0023778984541422687
529.0 0.0019969385903095827
530.0 0.0016159787264768966
531.0 0.0016794385373941623
532.0 0.001742898348311428
533.0 0.0017437267160858028
534.0 0.0017445550838601775
535.0 0.001763154796208255
536.0 0.0017817545085563324
537.0 0.0025113768060691655
538.0 0.0032409985578851774
539.0 0.003837811527773738
540.0 0.004434624497662298
541.0 0.004951748633175157
542.0 0.005468873496283777
543.0 0.004937154153594747
544.0 0.004405434810905717
545.0 0.003536079020705074
546.0 0.0026667241399991326
547.0 0.0021868119802093133
548.0 0.0017069000023184344
549.0 0.001880829586298205
550.0 0.002054759534075856
551.0 0.0017682337784208357
552.0 0.0014817081137152854
553.0 0.001594350760569796
554.0 0.0017069934983737767
555.0 0.0012790948858310003
556.0 0.0008511961823387537
557.0 0.0008057516424742062
558.0 0.0007603072390338639
559.0 0.0002828181322911405
560.0 1.611317849981031e-10
561.0 0.0006072153155400883
562.0 0.0014091016055317596
563.0 0.001461540705349762
564.0 0.0015139798961172346
565.0 0.0012956173122802284
566.0 0.0010772550012916327
567.0 0.0008199318472179584
568.0 0.0005626086476695491
569.0 0.0007131932306947419
570.0 0.0008637774953967892
571.0 0.000527455949850264
572.0 0.0001911344270411064
573.0 0.000351607809534471
574.0 0.0005120812602399383
575.0 0.00041014832277141977
576.0 0.00030821527161606355
577.0 0.00040860390981833916
578.0 0.0005089925707579823
579.0 0.0002748995029833168
580.0 4.080646647253161e-05
581.0 0.000202526962311822
582.0 0.00036424744394025765
583.0 0.0005000600140192546
584.0 0.0006358724931487814
585.0 0.0007668169928365387
586.0 0.0008977615834737662
587.0 0.0007553336672572186
588.0 0.0006129057055659359
589.0 0.0005172336841496872
590.0 0.0004215617082081735
591.0 0.0006315243808785453
592.0 0.0008414872354478575
593.0 0.0005359322130971123
594.0 0.00023037712253426434
595.0 0.0005001758836442605
596.0 0.000769974576542154
597.0 0.0007063583780109184
598.0 0.000642742270429153
599.0 0.000586074293096317
600.0 0.0005294062248140108
601.0 0.0004924985660181846
602.0 0.00045559081627288833
603.0 0.0003158142135362141
604.0 0.00017603748574401834
605.0 0.00018656270412975573
606.0 0.00019708791114680935
607.0 0.00033878450267366134
608.0 0.00048048091230157297
609.0 0.0005320222044247203
610.0 0.0005835631782247219
611.0 0.0007371255833277246
612.0 0.0008906879884307273
613.0 0.0006166502771520754
614.0 0.0003426126795602613
615.0 3.737766860467673e-05
616.0 1.611317849981031e-10
617.0 1.611317849981031e-10
618.0 0.00019797919321717927
619.0 0.00038657553886878304
620.0 0.0005751719982072245
621.0 0.0006225160632311599
622.0 0.0006698600373056252
623.0 0.0005379167760111159
624.0 0.0004059735601913417
625.0 0.00044990883907303214
626.0 0.0004938441634294577
627.0 0.00038484363358293194
628.0 0.0002758430582616711
629.0 0.00045166307245381176
630.0 0.0006274831321206875
631.0 0.0005658329882862745
632.0 0.0005041828444518615
633.0 0.0004131753485125955
634.0 0.0003221678070985945
635.0 0.0003498485966701992
636.0 0.00037752927255496616
637.0 0.0003072609843002283
638.0 0.00023699253688391764
639.0 0.0005751929620601004
640.0 0.0009133932508120779
641.0 0.0006739097898389446
642.0 0.00043442628339107614
643.0 0.0006149638011265779
644.0 0.0007955013643368147
645.0 0.0007423898750857916
646.0 0.0006892785677337088
647.0 0.0008055705620790832
648.0 0.0009218629202223383
649.0 0.0007695933163631707
650.0 0.0006173238034534734
651.0 0.0008728599823371042
652.0 0.0011283962521702051
653.0 0.0012233189409016632
654.0 0.0013182416296331212
655.0 0.002010089338000398
656.0 0.002701937046367675
657.0 0.003686427589855157
658.0 0.004670916678151116
659.0 0.007346168422373012
660.0 0.040336971869692206
661.0 0.11829091235995293
662.0 0.0735524925403297
663.0 0.13727813493460417
664.0 0.12670825235545635
665.0 0.1266899169422686
666.0 0.1653907122090459
667.0 0.17941290279850364
668.0 0.21349189337342978
669.0 0.29955029021948576
670.0 0.38221562281250954
671.0 0.5815817043185234
672.0 0.9197513572871685
673.0 1.3853422366082668
674.0 2.130816876888275
675.0 3.0107682570815086
676.0 4.146995767951012
677.0 5.415092781186104
678.0 6.781411170959473
679.0 8.183830976486206
680.0 10.17235741019249
681.0 12.164966762065887
682.0 14.67999666929245
683.0 17.423391342163086
684.0 20.373590290546417
685.0 23.25490564107895
686.0 26.24261975288391
687.0 29.46568727493286
688.0 32.77077078819275
689.0 36.09251379966736
690.0 39.96746242046356
691.0 44.22582983970642
692.0 49.19953942298889
693.0 54.45089936256409
694.0 60.36707162857056
695.0 65.99902510643005
696.0 72.26710915565491
697.0 77.78457999229431
698.0 83.71576070785522
699.0 88.0939245223999
700.0 91.44908785820007
701.0 94.15289759635925
702.0 95.9631085395813
703.0 96.940678358078
704.0 97.39010334014893
705.0 97.70349860191345
706.0 97.76282906532288
707.0 97.9141116142273
708.0 97.93482422828674
709.0 97.95930981636047
710.0 97.67212867736816
711.0 97.90061116218567
712.0 97.84469604492188
713.0 97.94974327087402
714.0 98.02145957946777
715.0 98.07611107826233
716.0 97.92203307151794
717.0 98.11211824417114
718.0 98.18480610847473
719.0 98.16251397132874
720.0 98.34494590759277
721.0 98.29853177070618
722.0 98.01256656646729
723.0 97.74683713912964
724.0 97.37348556518555
725.0 97.15749025344849
726.0 96.89423441886902
727.0 96.72302603721619
728.0 96.36842608451843
729.0 96.28246426582336
730.0 96.2230384349823
731.0 96.24854326248169
732.0 96.29645347595215
733.0 96.54716849327087
734.0 96.98257446289062
735.0 97.10648655891418
736.0 97.59150743484497
737.0 97.84123301506042
738.0 98.15905094146729
739.0 98.58775734901428
740.0 98.6224889755249
741.0 98.49477410316467
742.0 98.77772331237793
743.0 98.71127009391785
744.0 98.48942160606384
745.0 98.47882986068726
746.0 98.52897524833679
747.0 98.71987700462341
748.0 98.53392243385315
749.0 98.51047992706299
750.0 98.39661717414856
751.0 98.33232760429382
752.0 98.26139807701111
753.0 98.46827387809753
754.0 98.38815927505493
755.0 98.5332727432251
756.0 98.58502745628357
757.0 98.5999584197998
758.0 98.66917729377747
759.0 98.729407787323
760.0 98.64296317100525
761.0 98.52997660636902
762.0 98.62173199653625
763.0 98.56795072555542
764.0 98.49570989608765
765.0 98.42520952224731
766.0 98.52071404457092
767.0 98.25684428215027
768.0 98.33663702011108
769.0 98.30883145332336
770.0 98.08528423309326
771.0 98.03732633590698
772.0 98.04591536521912
773.0 97.99476265907288
774.0 97.72900342941284
775.0 97.90321588516235
776.0 97.73926734924316
777.0 97.82706499099731
778.0 97.81801700592041
779.0 97.89136052131653
780.0 97.8517234325409
781.0 98.17087650299072
782.0 98.07353019714355
783.0 98.18689227104187
784.0 98.13400506973267
785.0 98.2818067073822
786.0 98.4434723854065
787.0 98.1437087059021
788.0 98.28318357467651
789.0 98.38286638259888
790.0 98.32099080085754
791.0 98.34680557250977
792.0 98.20249676704407
793.0 98.05731177330017
794.0 98.04322123527527
795.0 97.95596599578857
796.0 97.91971445083618
797.0 97.90655970573425
798.0 97.92486429214478
799.0 97.71190881729126
800.0 97.51121997833252
801.0 97.6149320602417
802.0 97.45935797691345
803.0 97.18902111053467
804.0 96.98212742805481
805.0 96.45746946334839
806.0 95.97596526145935
807.0 94.99383568763733
808.0 93.8730537891388
809.0 92.5094723701477
810.0 90.9379780292511
811.0 88.8943076133728
812.0 86.42109632492065
813.0 83.60118269920349
814.0 80.22783398628235
815.0 76.48845911026001
816.0 72.58775234222412
817.0 68.06896328926086
818.0 63.16901445388794
819.0 58.81572961807251
820.0 53.87065410614014
821.0 49.39335286617279
822.0 45.05170285701752
823.0 40.4894232749939
824.0 35.92991530895233
825.0 31.680020689964294
826.0 27.306663990020752
827.0 22.77783751487732
828.0 18.688705563545227
829.0 14.642113447189331
830.0 10.676605254411697
831.0 7.743139564990997
832.0 5.094396322965622
833.0 3.2141264528036118
834.0 1.9123757258057594
835.0 1.1242586188018322
836.0 0.6714093964546919
837.0 0.3578903852030635
838.0 0.2160345669835806
839.0 0.13793568359687924
840.0 0.06682804669253528
841.0 0.04334775439929217
842.0 0.020826898980885744
843.0 0.021808245219290257
844.0 0.002282192508573644
845.0 1.611317849981031e-10
846.0 1.611317849981031e-10
847.0 1.611317849981031e-10
848.0 1.611317849981031e-10
849.0 1.611317849981031e-10
850.0 1.611317849981031e-10
851.0 1.611317849981031e-10
852.0 0.0006858683718746761
853.0 0.0007665702469239477
854.0 0.0008472722583974246
855.0 0.000778164485382149
856.0 0.0007090568033163436
857.0 0.0008715539479453582
858.0 0.0010340508197259624
859.0 0.0006072998985473532
860.0 0.00018054889778795769
861.0 0.00013531687272916315
862.0 9.008479651129164e-05
863.0 4.4401866716725635e-05
864.0 1.611317849981031e-10
865.0 4.258192518591386e-05
866.0 8.644485092190735e-05
867.0 3.801349350851524e-05
868.0 1.611317849981031e-10
869.0 1.611317849981031e-10
870.0 1.611317849981031e-10
871.0 2.557350171628059e-05
872.0 0.00030844514640193665
873.0 0.00030809851523372345
874.0 0.00030775183859077515
875.0 0.00029624459330079844
876.0 0.0002847373707481893
877.0 1.611317849981031e-10
878.0 1.611317849981031e-10
879.0 3.538300745731249e-05
880.0 0.0004960321348335128
881.0 0.00023789611987012904
882.0 1.611317849981031e-10
883.0 0.00015178384273895063
884.0 0.0003238076260458911
885.0 0.000166417714808631
886.0 9.027773018033258e-06
887.0 0.0001412557026014838
888.0 0.0002734836471063318
889.0 0.0001337001549472916
890.0 1.611317849981031e-10
891.0 0.0001073773546522716
892.0 0.00022083797830418916
893.0 0.0002279373120472883
894.0 0.0002350366457903874
895.0 2.8275997010496212e-05
896.0 1.611317849981031e-10
897.0 1.611317849981031e-10
898.0 1.611317849981031e-10
