lsstCam/transmission_filter_detector/r12_s12/g_6/19700101T000000.ecsv
# %ECSV 1.0
# ---
# datatype:
# - {name: wavelength, unit: nm, datatype: float32}
# - {name: efficiency, unit: '%', datatype: float64}
# meta: !!omap
# - {MODE: DETECTOR}
# - {TYPE: transmission_filter_detector}
# - {CALIBDATE: '1970-01-01T00:00:00'}
# - {INSTRUME: LSSTCam}
# - {OBSTYPE: transmission_filter_detector}
# - {CALIBCLS: lsst.ip.isr.IntermediateFilterDetectorTransmissionCurve}
# - {SOURCE: Materion (DM-46256)}
# - {DETECTOR: 50}
# - {FILTER: g_6}
# - {CALIB_ID: 'calibDate=1970-01-01T00:00:00 filter=g_6 detector=50'}
# - {DATE: '2025-04-02T15:59:42.258553'}
# - {CALIB_CREATION_DATE: '2025-04-02'}
# - {CALIB_CREATION_TIME: '15:59:42'}
# - __serialized_columns__:
#     efficiency:
#       __class__: astropy.units.quantity.Quantity
#       unit: !astropy.units.Unit {unit: '%'}
#       value: !astropy.table.SerializedColumn {name: efficiency}
#     wavelength:
#       __class__: astropy.units.quantity.Quantity
#       unit: !astropy.units.Unit {unit: nm}
#       value: !astropy.table.SerializedColumn {name: wavelength}
# schema: astropy-2.0
wavelength efficiency
[from data line 609]
909.0 0.0003878926690958906
910.0 0.00043890304368687794
911.0 0.0004899133728031302
912.0 0.0005359044280339731
913.0 0.0005818954377900809
914.0 0.0003484500439299154
915.0 0.000115004695544485
916.0 0.00018711967868512147
917.0 0.0002592346390883904
918.0 0.0003061522193092969
919.0 0.0003530697767928359
920.0 0.00037743591292382916
921.0 0.00040180207179218996
922.0 0.0005097561370348558
923.0 0.0006177102022775216
924.0 0.000596719382883748
925.0 0.0005757284270657692
926.0 0.0005759204213973135
927.0 0.0005761124612035928
928.0 0.0005148213858774398
929.0 0.0004535303105512867
930.0 0.0005312499069987098
931.0 0.000608969548920868
932.0 0.0005705706371372798
933.0 0.0005321717253536917
934.0 0.0005630459781968966
935.0 0.0005939202310401015
936.0 0.0005427724772744114
937.0 0.0004916247689834563
938.0 0.0006621151896979427
939.0 0.000832605564937694
940.0 0.0006955005119380075
941.0 0.0005583953225141158
942.0 0.0006658213806076674
943.0 0.0007732473932264838
944.0 0.000694947220836184
945.0 0.0006166469120216789
946.0 0.000631981765764067
947.0 0.000647316619506455
948.0 0.0009984981261368375
949.0 0.0013496798601408955
950.0 0.001144904763350496
951.0 0.0009401295756106265
952.0 0.0009926066013576929
953.0 0.0010450837180542294
954.0 0.0008864363735483494
955.0 0.0007277891199919395
956.0 0.0007478693987650331
957.0 0.0007679494956391864
958.0 0.0008356079888471868
959.0 0.0009032666639541276
960.0 0.0006784262950532138
961.0 0.0004535858352028299
962.0 0.0005147083811607445
963.0 0.0005758308361691888
964.0 0.0006843793926236685
965.0 0.0007929277671792079
966.0 0.0008375869583687745
967.0 0.000882246058608871
968.0 0.0008886848263500724
969.0 0.000895123685040744
970.0 0.0007968293175508734
971.0 0.0006985349500610027
972.0 0.0008011877071112394
973.0 0.0009038405551109463
974.0 0.0007779520274198148
975.0 0.0006520637271023588
976.0 0.0007064052624627948
977.0 0.0007607471616211114
978.0 0.0008470792636217084
979.0 0.0009334115020465106
980.0 0.0009999017493100837
981.0 0.001066392087523127
982.0 0.0010187263796979096
983.0 0.0009710604899737518
984.0 0.0009648367267800495
985.0 0.0009586132364347577
986.0 0.0011151751095894724
987.0 0.0012717369827441871
988.0 0.0011983638614765368
989.0 0.0011249903764110059
990.0 0.0012636016435862985
991.0 0.0014022130017110612
992.0 0.0014026606550032739
993.0 0.0014031082173460163
994.0 0.0014049305718799587
995.0 0.0014067531083128415
996.0 0.0013206050425651483
997.0 0.0012344569768174551
998.0 0.0013887252862332389
999.0 0.0015429935956490226
1000.0 0.001405314378644107
1001.0 0.001267635070689721
1002.0 0.0011571850336622447
1003.0 0.0010467350875842385
1004.0 0.0010864287105505355
1005.0 0.001126122060668422
1006.0 0.001369059918943094
1007.0 0.0016119978681672364
1008.0 0.0016028296158765443
1009.0 0.0015936619092826732
1010.0 0.0017608139387448318
1011.0 0.0019279661501059309
1012.0 0.001999807500396855
1013.0 0.0020716488506877795
1014.0 0.002125798710039817
1015.0 0.002179948933189735
1016.0 0.0024901359211071394
1017.0 0.0028003232728224248
1018.0 0.0031127987313084304
1019.0 0.0034252738259965554
1020.0 0.0035312350519234315
1021.0 0.0036371962778503075
1022.0 0.0038429396227002144
1023.0 0.004048683331348002
1024.0 0.004264683593646623
1025.0 0.004480684219743125
1026.0 0.004675493983086199
1027.0 0.004870303382631391
1028.0 0.0048383339162683114
1029.0 0.004806364449905232
1030.0 0.00511357793584466
1031.0 0.005420791057986207
1032.0 0.005754424637416378
1033.0 0.006088058216846548
1034.0 0.005780323044746183
1035.0 0.005472588236443698
1036.0 0.005529136615223251
1037.0 0.0055856846302049235
1038.0 0.005823649189551361
1039.0 0.006061613748897798
1040.0 0.006533523992402479
1041.0 0.007005433872109279
1042.0 0.007024117803666741
1043.0 0.007042801007628441
1044.0 0.00755691944505088
1045.0 0.008071036427281797
1046.0 0.008981174323707819
1047.0 0.009891310764942318
1048.0 0.011389700375730172
1049.0 0.01288808707613498
1050.0 0.015411833010148257
1051.0 0.01793557603377849
1052.0 0.02171797095797956
1053.0 0.025500374613329768
1054.0 0.03044043551199138
1055.0 0.03538049932103604
1056.0 0.04249156336300075
1057.0 0.04960261867381632
1058.0 0.05759540945291519
1059.0 0.0655881769489497
1060.0 0.07345177000388503
1061.0 0.08131532813422382
1062.0 0.08892048499546945
1063.0 0.09652561857365072
1064.0 0.10336550185456872
1065.0 0.11020536767318845
1066.0 0.11742435162886977
1067.0 0.1246433355845511
1068.0 0.132647471036762
1069.0 0.14065162977203727
1070.0 0.15104144113138318
1071.0 0.1614312524907291
1072.0 0.17218574648723006
1073.0 0.18294022884219885
1074.0 0.19353767856955528
1075.0 0.20413517486304045
1076.0 0.2153156092390418
1077.0 0.2264960203319788
1078.0 0.23873315658420324
1079.0 0.25097024627029896
1080.0 0.26753998827189207
1081.0 0.2841097302734852
1082.0 0.31252489425241947
1083.0 0.3409401047974825
1084.0 0.38136381190270185
1085.0 0.42178756557404995
1086.0 0.45878649689257145
1087.0 0.4957854747772217
1088.0 0.5611813627183437
1089.0 0.6265772040933371
1090.0 0.7067377679049969
1091.0 0.7868983782827854
1092.0 0.82264244556427
1093.0 0.8583863265812397
1094.0 0.9063813835382462
1095.0 0.9543760679662228
1096.0 1.0177836753427982
1097.0 1.0811913758516312
1098.0 1.1375656351447105
1099.0 1.1939400807023048
1100.0 1.4126038178801537
1101.0 1.6312673687934875
