lsstCam/transmission_filter_detector/r12_s12/g_6/19700101T000000.ecsv
# %ECSV 1.0
# ---
# datatype:
# - {name: wavelength, unit: nm, datatype: float32}
# - {name: efficiency, unit: '%', datatype: float64}
# meta: !!omap
# - {MODE: DETECTOR}
# - {TYPE: transmission_filter_detector}
# - {CALIBDATE: '1970-01-01T00:00:00'}
# - {INSTRUME: LSSTCam}
# - {OBSTYPE: transmission_filter_detector}
# - {CALIBCLS: lsst.ip.isr.IntermediateFilterDetectorTransmissionCurve}
# - {SOURCE: Materion (DM-46256)}
# - {DETECTOR: 50}
# - {FILTER: g_6}
# - {CALIB_ID: 'calibDate=1970-01-01T00:00:00 filter=g_6 detector=50'}
# - {DATE: '2025-04-02T15:59:42.258553'}
# - {CALIB_CREATION_DATE: '2025-04-02'}
# - {CALIB_CREATION_TIME: '15:59:42'}
# - __serialized_columns__:
#     efficiency:
#       __class__: astropy.units.quantity.Quantity
#       unit: !astropy.units.Unit {unit: '%'}
#       value: !astropy.table.SerializedColumn {name: efficiency}
#     wavelength:
#       __class__: astropy.units.quantity.Quantity
#       unit: !astropy.units.Unit {unit: nm}
#       value: !astropy.table.SerializedColumn {name: wavelength}
# schema: astropy-2.0
wavelength efficiency
300.0 0.5017116665840149
301.0 0.3726259805262089
302.0 0.24354024790227413
303.0 0.21816531661897898
304.0 0.19279037369415164
305.0 0.20228857174515724
306.0 0.21178671158850193
307.0 0.2204338787123561
308.0 0.22908102255314589
309.0 0.2228623954579234
310.0 0.21664381492882967
311.0 0.20976453088223934
312.0 0.20288527011871338
313.0 0.19999786745756865
314.0 0.19711044151335955
315.0 0.18769139423966408
316.0 0.1782723469659686
317.0 0.17710202373564243
318.0 0.17593172378838062
319.0 0.16186247812584043
320.0 0.14779320918023586
321.0 0.14106041053310037
322.0 0.1343276002444327
323.0 0.11449139565229416
324.0 0.09465524344705045
325.0 0.08671461255289614
326.0 0.07877397583797574
327.0 0.07174798520281911
328.0 0.06472199456766248
329.0 0.06152635323815048
330.0 0.058330706087872386
331.0 0.05444830167107284
332.0 0.050565891433507204
333.0 0.046983035281300545
334.0 0.04340017621871084
335.0 0.04220155533403158
336.0 0.041002934449352324
337.0 0.04155125061515719
338.0 0.04209956678096205
339.0 0.040835613617673516
340.0 0.03957166045438498
341.0 0.03755243087653071
342.0 0.03553320420905948
343.0 0.03220976213924587
344.0 0.02888632006943226
345.0 0.025497860042378306
346.0 0.0221094029257074
347.0 0.020919299277011305
348.0 0.01972919562831521
349.0 0.018072040984407067
350.0 0.5822885315865278
351.0 1.166406087577343
352.0 0.862578023225069
353.0 1.131127029657364
354.0 0.5521609913557768
355.0 0.8273418992757797
356.0 0.5470913369208574
357.0 0.8569664321839809
358.0 0.48976405523717403
359.0 0.8483198471367359
360.0 0.7613881956785917
361.0 0.8647284470498562
362.0 0.5052347667515278
363.0 0.6911230739206076
364.0 0.5358628928661346
365.0 0.838425662368536
366.0 0.48990692012012005
367.0 0.7395872380584478
368.0 0.5568872205913067
369.0 0.6448111496865749
370.0 0.4381123464554548
371.0 0.5629200488328934
372.0 0.49288063310086727
373.0 0.5726437084376812
374.0 0.3965912386775017
375.0 0.5323021672666073
376.0 0.4381669219583273
377.0 0.5739351734519005
378.0 0.48605375923216343
379.0 0.6477051414549351
380.0 0.3778190119192004
381.0 0.5449479445815086
382.0 0.5623917561024427
383.0 0.5383153446018696
384.0 0.5369641352444887
385.0 0.6291049998253584
386.0 0.6405018270015717
387.0 0.8260012604296207
388.0 0.9625992737710476
389.0 1.2576807290315628
390.0 1.7606962472200394
391.0 2.6636481285095215
392.0 4.23392616212368
393.0 6.676675379276276
394.0 10.082390159368515
395.0 14.735481142997742
396.0 20.50883322954178
397.0 27.75622010231018
398.0 36.29492223262787
399.0 45.59003412723541
400.0 55.054664611816406
401.0 64.20196294784546
402.0 72.7169930934906
403.0 79.99004125595093
404.0 85.29384136199951
405.0 89.39123749732971
406.0 91.67569279670715
407.0 93.56746077537537
408.0 94.61206793785095
409.0 95.17105221748352
410.0 95.31511068344116
411.0 95.16186118125916
412.0 94.79564428329468
413.0 94.54478621482849
414.0 94.4222092628479
415.0 94.49934959411621
416.0 94.925057888031
417.0 95.23651599884033
418.0 95.73190808296204
419.0 96.38899564743042
420.0 96.89574837684631
421.0 97.45419025421143
422.0 97.59368896484375
423.0 97.74922132492065
424.0 97.60950207710266
425.0 97.4966824054718
426.0 97.51697778701782
427.0 97.4940538406372
428.0 97.31308817863464
429.0 97.09969162940979
430.0 96.91369533538818
431.0 96.92625403404236
432.0 96.91356420516968
433.0 97.05555438995361
434.0 97.10356593132019
435.0 97.27379083633423
436.0 97.38842844963074
437.0 97.31447696685791
438.0 97.42842316627502
439.0 97.51630425453186
440.0 97.48960137367249
441.0 97.66213297843933
442.0 97.6335883140564
443.0 97.6109266281128
444.0 97.50301837921143
445.0 97.2765326499939
446.0 97.14150428771973
447.0 96.93930745124817
448.0 97.02910780906677
449.0 97.252357006073
450.0 97.48667478561401
451.0 97.6616382598877
452.0 97.90417551994324
453.0 97.97520637512207
454.0 97.99398183822632
455.0 98.29273819923401
456.0 98.34785461425781
457.0 98.47931861877441
458.0 98.50570559501648
459.0 98.51170182228088
460.0 98.561692237854
461.0 98.72328639030457
462.0 98.65759611129761
463.0 98.5956609249115
464.0 98.69709610939026
465.0 98.61066341400146
466.0 98.58570098876953
467.0 98.6251711845398
468.0 98.638516664505
469.0 98.68234992027283
470.0 98.55247735977173
471.0 98.43837022781372
472.0 98.46646189689636
473.0 98.33125472068787
474.0 98.20893406867981
475.0 98.26374053955078
476.0 98.24616312980652
477.0 98.291015625
478.0 98.37972521781921
479.0 98.34811687469482
480.0 98.49711656570435
481.0 98.60253930091858
482.0 98.75801205635071
483.0 98.65261912345886
484.0 98.79667162895203
485.0 98.84095788002014
486.0 98.91049861907959
487.0 98.97010922431946
488.0 98.87567162513733
489.0 99.00897741317749
490.0 98.93617033958435
491.0 98.96883368492126
492.0 98.86307716369629
493.0 98.81987571716309
494.0 98.79494905471802
495.0 98.81934523582458
496.0 98.65192174911499
497.0 98.58959317207336
498.0 98.36319088935852
499.0 98.4277606010437
500.0 98.40170741081238
501.0 98.31889867782593
502.0 98.17209243774414
503.0 98.32314848899841
504.0 98.17866683006287
505.0 98.21133613586426
506.0 98.29400181770325
507.0 98.2064425945282
508.0 98.25045466423035
509.0 98.22047352790833
510.0 98.13039302825928
511.0 98.16078543663025
512.0 97.99838066101074
513.0 98.1092095375061
514.0 98.13575148582458
515.0 98.13234806060791
516.0 98.23424816131592
517.0 98.24016094207764
518.0 98.30357432365417
519.0 98.28432202339172
520.0 98.37860465049744
521.0 98.5078752040863
522.0 98.51407408714294
523.0 98.48608374595642
524.0 98.57500791549683
525.0 98.5419750213623
526.0 98.65728616714478
527.0 98.68165254592896
528.0 98.73355627059937
529.0 98.82125854492188
530.0 98.83827567100525
531.0 99.02743101119995
532.0 98.86903762817383
533.0 98.88874888420105
534.0 98.86882901191711
535.0 98.69089722633362
536.0 98.30813407897949
537.0 97.74628281593323
538.0 96.92097902297974
539.0 95.52336931228638
540.0 93.72318387031555
541.0 91.00862145423889
542.0 88.19751739501953
543.0 84.4451904296875
544.0 79.71323132514954
545.0 75.59298276901245
546.0 70.55973410606384
547.0 65.92690944671631
548.0 61.297786235809326
549.0 57.18395709991455
550.0 53.9586067199707
551.0 50.87190866470337
552.0 48.52229356765747
553.0 46.04889452457428
554.0 43.160927295684814
555.0 39.9029016494751
556.0 35.62617599964142
557.0 30.625972151756287
558.0 25.1691073179245
559.0 19.80162262916565
560.0 14.63392972946167
561.0 9.910546988248825
562.0 6.316087394952774
563.0 3.6939315497875214
564.0 2.009514719247818
565.0 0.9794615209102631
566.0 0.5194584839046001
567.0 0.2648234833031893
568.0 0.16426811926066875
569.0 0.1006628037430346
570.0 0.08118090918287635
571.0 0.05323882796801627
572.0 0.05438355728983879
573.0 0.040716101648285985
574.0 0.04658033431041986
575.0 0.03114457067567855
576.0 0.0387539534131065
577.0 0.0213291757972911
578.0 0.030793092446401715
579.0 0.02751616993919015
580.0 0.028813441167585552
581.0 0.01682341971900314
582.0 0.029287015786394477
583.0 0.016677276289556175
584.0 0.022198371880222112
585.0 0.018162019841838628
586.0 0.03662675735540688
587.0 0.020719914755318314
588.0 0.012989778770133853
589.0 0.018985968199558556
590.0 0.007530894799856469
591.0 0.017348882101941854
592.0 0.021325967099983245
593.0 0.008315473678521812
594.0 0.016273625078611076
595.0 0.015182248898781836
596.0 0.021366658620536327
597.0 0.013720653078053147
598.0 0.017944777209777385
599.0 0.0080616089690011
600.0 0.006685125845251605
601.0 0.0026292182155884802
602.0 0.0025155362891382538
603.0 0.0024018543626880273
604.0 0.0022103209630586207
605.0 0.0020187877453281544
606.0 0.0021040754290879704
607.0 0.0021893631128477864
608.0 0.0019060526028624736
609.0 0.0016227420928771608
610.0 0.0018641298083821312
611.0 0.002105517160089221
612.0 0.0019136414266540669
613.0 0.001721765693218913
614.0 0.001794253330444917
615.0 0.001866741331468802
616.0 0.001983702532015741
617.0 0.00210066373256268
618.0 0.0019387680367799476
619.0 0.001776872159098275
620.0 0.00168622937053442
621.0 0.001595586581970565
622.0 0.0015225112292682752
623.0 0.0014494356037175748
624.0 0.0014675336387881543
625.0 0.0014856316738587338
626.0 0.0014611003280151635
627.0 0.0014365690731210634
628.0 0.0014892748367856257
629.0 0.0015419809642480686
630.0 0.0014278816706791986
631.0 0.0013137820133124478
632.0 0.0015160517250478733
633.0 0.0017183208910864778
634.0 0.0015934159819153138
635.0 0.0014685104360978585
636.0 0.001402400175720686
637.0 0.001336290551989805
638.0 0.0013603840670839418
639.0 0.0013844774002791382
640.0 0.0012534237612271681
641.0 0.0011223697583773173
642.0 0.0013769642464467324
643.0 0.0016315589164150879
644.0 0.0014723620552103966
645.0 0.0013131649211572949
646.0 0.001353811239823699
647.0 0.0013944576494395733
648.0 0.001236747903021751
649.0 0.0010790378837555181
650.0 0.0012594494364748243
651.0 0.0014398603525478393
652.0 0.0012536866051959805
653.0 0.0010675128578441218
654.0 0.0011617736163316295
655.0 0.0012560345567180775
656.0 0.0012731752576655708
657.0 0.0012903159586130641
658.0 0.0011381242984498385
659.0 0.0009859330930339638
660.0 0.0009099114322452806
661.0 0.0008338897714565974
662.0 0.0009868893357634079
663.0 0.0011398890819691587
664.0 0.0012023750969092362
665.0 0.001264860839000903
666.0 0.0011629719665506855
667.0 0.0010610827303025872
668.0 0.0011955032277910504
669.0 0.0013299235433805734
670.0 0.0012778810742020141
671.0 0.0012258384231245145
672.0 0.0011864009138662368
673.0 0.0011469632227090187
674.0 0.0011436421118560247
675.0 0.0011403210010030307
676.0 0.0011057744814024772
677.0 0.001071227598004043
678.0 0.001149622221419122
679.0 0.0012280167538847309
680.0 0.0011273012205492705
681.0 0.0010265854143653996
682.0 0.0010742610356828663
683.0 0.0011219364751013927
684.0 0.0009482901987212244
685.0 0.000774643831391586
686.0 0.0009516237696516328
687.0 0.0011286037988611497
688.0 0.0011708255442499649
689.0 0.0012130473805882502
690.0 0.0011160112990182824
691.0 0.0010189750355493743
692.0 0.0009981935363612138
693.0 0.0009774121281225234
694.0 0.0010832960469997488
695.0 0.0011891797839780338
696.0 0.0011936092050746083
697.0 0.0011980382623733021
698.0 0.0013076337381789926
699.0 0.0014172293049341533
700.0 0.0012628029253392015
701.0 0.0011083764547947794
702.0 0.0011992889994871803
703.0 0.0012902013622806408
704.0 0.00132715167637798
705.0 0.001364101808576379
706.0 0.001185131895908853
707.0 0.0010061621651402675
708.0 0.0009788440365809947
709.0 0.0009515261808701325
710.0 0.0011647430255834479
711.0 0.0013779600521957036
712.0 0.0012872106708528008
713.0 0.001196461289509898
714.0 0.0012781994882971048
715.0 0.001359937868983252
716.0 0.0015326735592680052
717.0 0.0017054097043001093
718.0 0.001938930836331565
719.0 0.0021724519683630206
720.0 0.0018163049389841035
721.0 0.0014601578186557163
722.0 0.0016122419765451923
723.0 0.0017643267710809596
724.0 0.0017520307665108703
725.0 0.001739734761940781
726.0 0.0018803686543833464
727.0 0.002021002728724852
728.0 0.002067003879346885
729.0 0.0021130050299689174
730.0 0.0020928739104419947
731.0 0.002072742790915072
732.0 0.001877514660009183
733.0 0.0016822863472043537
734.0 0.0014877564353810158
735.0 0.0012932268873555586
736.0 0.0011598887795116752
737.0 0.0010265505807183217
738.0 0.001024059110932285
739.0 0.001021567550196778
740.0 0.0008837502718961332
741.0 0.0007459328571712831
742.0 0.0007568510682176566
743.0 0.0007677693247387651
744.0 0.0009547872650728095
745.0 0.0011418054782552645
746.0 0.0011300004189251922
747.0 0.0011181955414940603
748.0 0.0011431808161432855
749.0 0.001168166272691451
750.0 0.0009320654498878866
751.0 0.0006959649454074679
752.0 0.0007340082447626628
753.0 0.000772051680542063
754.0 0.00090459143393673
755.0 0.001037131187331397
756.0 0.0009528056580165867
757.0 0.0008684800377523061
758.0 0.0008601388799434062
759.0 0.000851798085932387
760.0 0.0006326110906229587
761.0 0.0004134240953135304
762.0 0.0005907955255679553
763.0 0.0007681667739234399
764.0 0.0008366126166947652
765.0 0.0009050585504155606
766.0 0.0008428262844972778
767.0 0.000780594018578995
768.0 0.0005879122454643948
769.0 0.0003952304268750595
770.0 0.00032398597795690876
771.0 0.0002527415745134931
772.0 0.000490975162392715
773.0 0.0007292088866961421
774.0 0.0008340462954947725
775.0 0.0009388838407176081
776.0 0.0008821237315714825
777.0 0.0008253636224253569
778.0 0.0006784854122088291
779.0 0.0005316072474670364
780.0 0.0005555917596211657
781.0 0.0005795761808258248
782.0 0.0006566551292053191
783.0 0.000733733895685873
784.0 0.000826613813842414
785.0 0.0009194935046252795
786.0 0.0007285480478458339
787.0 0.000537602909389534
788.0 0.00044146127038402483
789.0 0.0003453196768532507
790.0 0.00023096470158634475
791.0 0.00011660972631943878
792.0 0.0001625215531930735
793.0 0.00020843340280407574
794.0 0.000270013129011204
795.0 0.00033159280974359717
796.0 0.00041694415813253727
797.0 0.0005022955519962125
798.0 0.0004925550911138998
799.0 0.0004828146757063223
800.0 0.0004976796844857745
801.0 0.000512544875164167
802.0 0.00039748474591760896
803.0 0.0002824247303578886
804.0 0.0003049243105124333
805.0 0.0003274240043538157
806.0 0.00035160280731361127
807.0 0.00037578161027340684
808.0 0.00038895345824130345
809.0 0.000402125260734465
810.0 0.00027120452159579145
811.0 0.0001402837483510666
812.0 0.00022302945126284612
813.0 0.0003057751200685743
814.0 0.0004765924131788779
815.0 0.0006474097517639166
816.0 0.0006106212822487578
817.0 0.0005738326763093937
818.0 0.0004103527771803783
819.0 0.00024687287805136293
820.0 0.00048351666919188574
821.0 0.0007201602784334682
822.0 0.0005398662779043661
823.0 0.000359572231900529
824.0 0.00041696384869283065
825.0 0.00047435532906092703
826.0 0.0006093695901654428
827.0 0.0007443837603204884
828.0 0.0006467838375101564
829.0 0.0005491838237503543
830.0 0.0004914183136861539
831.0 0.00043365275814721826
832.0 0.0005736317689297721
833.0 0.0007136106887628557
834.0 0.000547525633010082
835.0 0.0003814405317825731
836.0 0.000504526315125986
837.0 0.0006276121894188691
838.0 0.00045058454816171434
839.0 0.00027355695237929467
840.0 0.00042566098272800446
841.0 0.0005777649676019792
842.0 0.0003185074092471041
843.0 5.924971446802374e-05
844.0 0.00021513239971682196
845.0 0.0003710150849656202
846.0 0.000508811808686005
847.0 0.0006466086233558599
848.0 0.0005505707122210879
849.0 0.00045453289203578606
850.0 0.0004514155079959892
851.0 0.0004482981694309274
852.0 0.0004757092938234564
853.0 0.0005031200998928398
854.0 0.0005596247319772374
855.0 0.0006161292276374297
856.0 0.0006884639333293308
857.0 0.0007607986844959669
858.0 0.0005783434971817769
859.0 0.00039588835534232203
860.0 0.0004812982297153212
861.0 0.0005667080586135853
862.0 0.000492067329105339
863.0 0.0004174266450718278
864.0 0.00042989054236386437
865.0 0.00044235443965590093
866.0 0.0004674882802646607
867.0 0.0004926221663481556
868.0 0.0006181331627885811
869.0 0.0007436442501784768
870.0 0.0006229086466191802
871.0 0.0005021728611609433
872.0 0.0003955392458010465
873.0 0.0002889054712795769
874.0 0.0003945515800296562
875.0 0.000500197711517103
876.0 0.0006535867214552127
877.0 0.0008069756404438522
878.0 0.0007345803624048131
879.0 0.0006621849479415687
880.0 0.0006777258931833785
881.0 0.000693267202223069
882.0 0.0006524402124341577
883.0 0.000611613495493657
884.0 0.000579477227802272
885.0 0.0005473411874845624
886.0 0.0006172577286633896
887.0 0.0006871745426906273
888.0 0.000609630296821706
889.0 0.0005320861419022549
890.0 0.0005102006070956122
891.0 0.0004883151632384397
892.0 0.0005269982466415968
893.0 0.0005656813755194889
894.0 0.0005007872914575273
895.0 0.0004358932073955657
896.0 0.00031408012546307873
897.0 0.00019226697531848913
898.0 0.00032043681130744517
899.0 0.00044860662455903366
900.0 0.00033680098567856476
901.0 0.00022499534679809585
902.0 0.0004382660335977562
903.0 0.0006515367658721516
904.0 0.00034874010452767834
905.0 4.59433778132734e-05
906.0 0.00034638317174540134
907.0 0.0006468229457823327
