lsstCam/transmission_filter_detector/r31_s10/g_6/19700101T000000.ecsv
# %ECSV 1.0
# ---
# datatype:
# - {name: wavelength, unit: nm, datatype: float32}
# - {name: efficiency, unit: '%', datatype: float64}
# meta: !!omap
# - {MODE: DETECTOR}
# - {TYPE: transmission_filter_detector}
# - {CALIBDATE: '1970-01-01T00:00:00'}
# - {INSTRUME: LSSTCam}
# - {OBSTYPE: transmission_filter_detector}
# - {CALIBCLS: lsst.ip.isr.IntermediateFilterDetectorTransmissionCurve}
# - {SOURCE: Materion (DM-46256)}
# - {DETECTOR: 129}
# - {FILTER: g_6}
# - {CALIB_ID: 'calibDate=1970-01-01T00:00:00 filter=g_6 detector=129'}
# - {DATE: '2025-04-02T15:59:42.624961'}
# - {CALIB_CREATION_DATE: '2025-04-02'}
# - {CALIB_CREATION_TIME: '15:59:42'}
# - __serialized_columns__:
#     efficiency:
#       __class__: astropy.units.quantity.Quantity
#       unit: !astropy.units.Unit {unit: '%'}
#       value: !astropy.table.SerializedColumn {name: efficiency}
#     wavelength:
#       __class__: astropy.units.quantity.Quantity
#       unit: !astropy.units.Unit {unit: nm}
#       value: !astropy.table.SerializedColumn {name: wavelength}
# schema: astropy-2.0
wavelength efficiency
[from data line 609]
909.0 0.00047655489652242977
910.0 0.0005068746759206988
911.0 0.0005371944553189678
912.0 0.0005199073257244891
913.0 0.0005026202416047454
914.0 0.000459924376627896
915.0 0.00041722855712578166
916.0 0.0003256427589803934
917.0 0.00023405700630974025
918.0 0.0002964009809147683
919.0 0.0003587449782571639
920.0 0.00037714555674028816
921.0 0.00039554615796077996
922.0 0.00032824743811943335
923.0 0.00026094876375282183
924.0 0.0003876892606058391
925.0 0.0005144298029335914
926.0 0.00041837060962279793
927.0 0.000322311439049372
928.0 0.000471805742563447
929.0 0.0006213001142896246
930.0 0.0005523476374946767
931.0 0.00048339529712393414
932.0 0.0005078366939414991
933.0 0.0005322781817085342
934.0 0.0005789038823422743
935.0 0.0006255296284507494
936.0 0.0005453286576084793
937.0 0.00046512773224094417
938.0 0.0004267722033546306
939.0 0.00038841676541778725
940.0 0.0005122969923831988
941.0 0.0006361771738738753
942.0 0.0006640202627750114
943.0 0.0006918633516761474
944.0 0.0005238672656560084
945.0 0.0003558711114237667
946.0 0.000573475290366332
947.0 0.0007910794920462649
948.0 0.0006838448825874366
949.0 0.0005766102276538732
950.0 0.000607212587055983
951.0 0.0006378148555086227
952.0 0.0008646218702779151
953.0 0.0010914290214714129
954.0 0.0010095116522279568
955.0 0.0009275941920350306
956.0 0.000727009637557785
957.0 0.0005264251740300097
958.0 0.0006407414275599876
959.0 0.0007550575901404954
960.0 0.0007440632543875836
961.0 0.0007330688276852015
962.0 0.0006627564744121628
963.0 0.0005924439847149188
964.0 0.0006197217317094328
965.0 0.0006469993877544766
966.0 0.0007290315807040315
967.0 0.0008110639100777917
968.0 0.0006980908892728621
969.0 0.0005851178684679326
970.0 0.0006049071544111939
971.0 0.0006246963948797202
972.0 0.0006144206508906791
973.0 0.0006041447704774328
974.0 0.0007054750767565565
975.0 0.0008068054739851505
976.0 0.0008351855285582133
977.0 0.0008635655831312761
978.0 0.000867876224219799
979.0 0.0008721866834093817
980.0 0.0008270441867352929
981.0 0.0007819017810106743
982.0 0.0008893697668099776
983.0 0.0009968376616598107
984.0 0.0011485598406579811
985.0 0.0013002819287066814
986.0 0.0013332484741113149
987.0 0.0013662151104654185
988.0 0.0013028952707827557
989.0 0.0012395751582516823
990.0 0.0012787902960553765
991.0 0.0013180052519601304
992.0 0.0012997604244446848
993.0 0.0012815154150302988
994.0 0.0012944678019266576
995.0 0.0013074201888230164
996.0 0.001264495585928671
997.0 0.0012215708920848556
998.0 0.001149050694948528
999.0 0.0010765304978122003
1000.0 0.0011790491043939255
1001.0 0.0012815672562282998
1002.0 0.0012316961147007532
1003.0 0.0011818249731732067
1004.0 0.0011962150892941281
1005.0 0.0012106052054150496
1006.0 0.0013304453204909805
1007.0 0.0014502853446174413
1008.0 0.0013918442164140288
1009.0 0.001333402906311676
1010.0 0.0014605016076529864
1011.0 0.0015876004908932373
1012.0 0.0016538608178962022
1013.0 0.0017201211448991671
1014.0 0.0018700755390455015
1015.0 0.002020029933191836
1016.0 0.002207009856647346
1017.0 0.002393989598203916
1018.0 0.002622269676066935
1019.0 0.0028505501177278347
1020.0 0.00298559225484496
1021.0 0.0031206345738610253
1022.0 0.003423738235142082
1023.0 0.0037268418964231387
1024.0 0.0038057780329836532
1025.0 0.003884713805746287
1026.0 0.004210010592942126
1027.0 0.004535307743935846
1028.0 0.004653959695133381
1029.0 0.004772611646330915
1030.0 0.004864516813540831
1031.0 0.004956421980750747
1032.0 0.0050623864808585495
1033.0 0.005168351344764233
1034.0 0.005361363582778722
1035.0 0.005554376184591092
1036.0 0.005646493445965461
1037.0 0.005738611071137711
1038.0 0.005805347245768644
1039.0 0.005872083056601696
1040.0 0.005918044917052612
1041.0 0.005964007141301408
1042.0 0.006100075916037895
1043.0 0.006236145418370143
1044.0 0.006506368663394824
1045.0 0.006776592636015266
1046.0 0.0075540534453466535
1047.0 0.00833151425467804
1048.0 0.00935470889089629
1049.0 0.010377904982306063
1050.0 0.012292645988054574
1051.0 0.014207385538611561
1052.0 0.01690314384177327
1053.0 0.019598903600126505
1054.0 0.023732312547508627
1055.0 0.027865718584507704
1056.0 0.033486870233900845
1057.0 0.03910801315214485
1058.0 0.04617183294612914
1059.0 0.0532356440089643
1060.0 0.06180034833960235
1061.0 0.07036504684947431
1062.0 0.07825943175703287
1063.0 0.08615382248535752
1064.0 0.0934345240239054
1065.0 0.10071521392092109
1066.0 0.10716102551668882
1067.0 0.11360684875398874
1068.0 0.12040190631523728
1069.0 0.12719696387648582
1070.0 0.13667895691469312
1071.0 0.14616092666983604
1072.0 0.15715768095105886
1073.0 0.1681544235907495
1074.0 0.18017826369032264
1075.0 0.19220210378989577
1076.0 0.20385480020195246
1077.0 0.2155075315386057
1078.0 0.22631948813796043
1079.0 0.23713144473731518
1080.0 0.2513176994398236
1081.0 0.2655039308592677
1082.0 0.28456051368266344
1083.0 0.30361709650605917
1084.0 0.3376339562237263
1085.0 0.371650792658329
1086.0 0.4110541194677353
1087.0 0.4504573531448841
1088.0 0.49667791463434696
1089.0 0.5428984295576811
1090.0 0.6157868541777134
1091.0 0.6886754184961319
1092.0 0.7617906667292118
1093.0 0.8349061943590641
1094.0 0.8769062347710133
1095.0 0.9189064614474773
1096.0 0.9645161218941212
1097.0 1.010125782340765
1098.0 1.0832209140062332
1099.0 1.1563160456717014
1100.0 1.2726782821118832
1101.0 1.38904033228755
