lsstCam/transmission_filter_detector/r31_s10/g_6/19700101T000000.ecsv
# %ECSV 1.0
# ---
# datatype:
# - {name: wavelength, unit: nm, datatype: float32}
# - {name: efficiency, unit: '%', datatype: float64}
# meta: !!omap
# - {MODE: DETECTOR}
# - {TYPE: transmission_filter_detector}
# - {CALIBDATE: '1970-01-01T00:00:00'}
# - {INSTRUME: LSSTCam}
# - {OBSTYPE: transmission_filter_detector}
# - {CALIBCLS: lsst.ip.isr.IntermediateFilterDetectorTransmissionCurve}
# - {SOURCE: Materion (DM-46256)}
# - {DETECTOR: 129}
# - {FILTER: g_6}
# - {CALIB_ID: 'calibDate=1970-01-01T00:00:00 filter=g_6 detector=129'}
# - {DATE: '2025-04-02T15:59:42.624961'}
# - {CALIB_CREATION_DATE: '2025-04-02'}
# - {CALIB_CREATION_TIME: '15:59:42'}
# - __serialized_columns__:
#     efficiency:
#       __class__: astropy.units.quantity.Quantity
#       unit: !astropy.units.Unit {unit: '%'}
#       value: !astropy.table.SerializedColumn {name: efficiency}
#     wavelength:
#       __class__: astropy.units.quantity.Quantity
#       unit: !astropy.units.Unit {unit: nm}
#       value: !astropy.table.SerializedColumn {name: wavelength}
# schema: astropy-2.0
wavelength efficiency
300.0 0.34497210290282965
301.0 0.3096064552664757
302.0 0.27424078434705734
303.0 0.25188568979501724
304.0 0.22953064180910587
305.0 0.2248462988063693
306.0 0.22016195580363274
307.0 0.21036250982433558
308.0 0.20056308712810278
309.0 0.19851084798574448
310.0 0.1964585855603218
311.0 0.2009938471019268
312.0 0.2055291086435318
313.0 0.19610587041825056
314.0 0.1866826554760337
315.0 0.18173825228586793
316.0 0.1767938258126378
317.0 0.17446058336645365
318.0 0.17212730599567294
319.0 0.1602340373210609
320.0 0.14834074536338449
321.0 0.1373666455037892
322.0 0.1263925456441939
323.0 0.11272082338109612
324.0 0.099049077834934
325.0 0.0896116835065186
326.0 0.08017428917810321
327.0 0.07370048551820219
328.0 0.06722668185830116
329.0 0.06337423692457378
330.0 0.05952179781161249
331.0 0.05485037690959871
332.0 0.05017895018681884
333.0 0.047727496712468565
334.0 0.04527604323811829
335.0 0.04268846241757274
336.0 0.04010088450741023
337.0 0.03997230960521847
338.0 0.03984372888226062
339.0 0.03924110205844045
340.0 0.03863846941385418
341.0 0.03722438705153763
342.0 0.035810304689221084
343.0 0.032954986090771854
344.0 0.030099667492322624
345.0 0.026452058227732778
346.0 0.0228044533287175
347.0 0.020664042676799
348.0 0.018523629114497453
349.0 0.01721550797810778
350.0 0.6906651426106691
351.0 1.0002079419791698
352.0 0.7795109879225492
353.0 0.8371303789317608
354.0 0.5329938139766455
355.0 0.6603860296308994
356.0 0.610151793807745
357.0 0.7954066619277
358.0 0.6498739589005709
359.0 0.8255296386778355
360.0 0.7118463050574064
361.0 0.7560477126389742
362.0 0.5154527723789215
363.0 0.874798558652401
364.0 0.4930362571030855
365.0 0.6677616387605667
366.0 0.39219059981405735
367.0 0.6889265961945057
368.0 0.3537178272381425
369.0 0.5653028842061758
370.0 0.4693516530096531
371.0 0.6003840360790491
372.0 0.3074710723012686
373.0 0.5576185416430235
374.0 0.4645957611501217
375.0 0.6298683118075132
376.0 0.43839961290359497
377.0 0.5545048974454403
378.0 0.3345648292452097
379.0 0.46021705493330956
380.0 0.42333961464464664
381.0 0.5548156332224607
382.0 0.6127423606812954
383.0 0.48936866223812103
384.0 0.592127675190568
385.0 0.6476478185504675
386.0 0.628300616517663
387.0 0.7205387577414513
388.0 0.9399861097335815
389.0 1.082384865731001
390.0 1.6060929745435715
391.0 2.451142482459545
392.0 3.922748565673828
393.0 6.1972931027412415
394.0 9.426964074373245
395.0 13.759846985340118
396.0 19.19042021036148
397.0 26.16734206676483
398.0 34.361013770103455
399.0 43.482476472854614
400.0 52.85525321960449
401.0 62.02358603477478
402.0 70.59354782104492
403.0 78.09940576553345
404.0 83.60891938209534
405.0 87.97197341918945
406.0 90.34796953201294
407.0 92.34466552734375
408.0 93.572998046875
409.0 94.13334131240845
410.0 94.4485604763031
411.0 94.30038928985596
412.0 93.96979212760925
413.0 93.6842143535614
414.0 93.57730746269226
415.0 93.61684322357178
416.0 93.97965669631958
417.0 94.29663419723511
418.0 94.7816789150238
419.0 95.32672166824341
420.0 95.88882327079773
421.0 96.43036127090454
422.0 96.68992757797241
423.0 96.89081311225891
424.0 96.78031802177429
425.0 96.63214683532715
426.0 96.6450035572052
427.0 96.63257002830505
428.0 96.50160074234009
429.0 96.31155729293823
430.0 96.14822268486023
431.0 96.16555571556091
432.0 96.18121385574341
433.0 96.27490639686584
434.0 96.34878039360046
435.0 96.52355909347534
436.0 96.59743309020996
437.0 96.60323858261108
438.0 96.65672779083252
439.0 96.70288562774658
440.0 96.6957688331604
441.0 96.81660532951355
442.0 96.77887558937073
443.0 96.77122831344604
444.0 96.72777652740479
445.0 96.49946689605713
446.0 96.40780687332153
447.0 96.17494344711304
448.0 96.084463596344
449.0 96.25418186187744
450.0 96.49008512496948
451.0 96.6411292552948
452.0 96.84481620788574
453.0 97.02000021934509
454.0 97.10742235183716
455.0 97.3425030708313
456.0 97.43984937667847
457.0 97.58408665657043
458.0 97.59619235992432
459.0 97.65485525131226
460.0 97.68113493919373
461.0 97.7710485458374
462.0 97.70118594169617
463.0 97.66417741775513
464.0 97.78583645820618
465.0 97.66934514045715
466.0 97.72186875343323
467.0 97.67332673072815
468.0 97.75428771972656
469.0 97.78372645378113
470.0 97.61176705360413
471.0 97.5394070148468
472.0 97.60599732398987
473.0 97.41469025611877
474.0 97.34145402908325
475.0 97.39618301391602
476.0 97.38340973854065
477.0 97.40992188453674
478.0 97.49593138694763
479.0 97.47471809387207
480.0 97.63230681419373
481.0 97.76668548583984
482.0 97.8753387928009
483.0 97.83331751823425
484.0 98.0290412902832
485.0 98.03317189216614
486.0 98.06033968925476
487.0 98.12722206115723
488.0 98.10853004455566
489.0 98.202645778656
490.0 98.17942976951599
491.0 98.15700054168701
492.0 98.1238305568695
493.0 98.11720848083496
494.0 98.05887937545776
495.0 98.11777472496033
496.0 97.92091250419617
497.0 97.89237976074219
498.0 97.63438105583191
499.0 97.73140549659729
500.0 97.63544201850891
501.0 97.66666889190674
502.0 97.52160310745239
503.0 97.64134883880615
504.0 97.51612544059753
505.0 97.5041925907135
506.0 97.5544273853302
507.0 97.50351309776306
508.0 97.52541780471802
509.0 97.46500849723816
510.0 97.44411110877991
511.0 97.4531352519989
512.0 97.30016589164734
513.0 97.41201400756836
514.0 97.38734364509583
515.0 97.39166498184204
516.0 97.51464128494263
517.0 97.52167463302612
518.0 97.58325219154358
519.0 97.6037323474884
520.0 97.67101407051086
521.0 97.79021143913269
522.0 97.7725088596344
523.0 97.7623462677002
524.0 97.73691296577454
525.0 97.78984189033508
526.0 97.8584885597229
527.0 97.84757494926453
528.0 97.96684980392456
529.0 98.01414012908936
530.0 98.0944275856018
531.0 98.1917679309845
532.0 98.06620478630066
533.0 98.1488049030304
534.0 98.07858467102051
535.0 97.95407056808472
536.0 97.65958189964294
537.0 97.1930742263794
538.0 96.52137160301208
539.0 95.30676603317261
540.0 93.7474012374878
541.0 91.39991998672485
542.0 88.84702920913696
543.0 85.42361259460449
544.0 80.9851348400116
545.0 77.0468533039093
546.0 72.09305763244629
547.0 67.52964854240417
548.0 62.89886832237244
549.0 58.60735774040222
550.0 55.21995425224304
551.0 51.88170075416565
552.0 49.44457411766052
553.0 46.928250789642334
554.0 44.2438006401062
555.0 41.26731753349304
556.0 37.344127893447876
557.0 32.723209261894226
558.0 27.490612864494324
559.0 22.170542180538177
560.0 16.899850964546204
561.0 11.832735687494278
562.0 7.819481939077377
563.0 4.74325492978096
564.0 2.667025476694107
565.0 1.3253084383904934
566.0 0.6879584398120642
567.0 0.3524839645251632
568.0 0.20225448533892632
569.0 0.11469103628769517
570.0 0.08255243301391602
571.0 0.05644952179864049
572.0 0.04850308760069311
573.0 0.03847431798931211
574.0 0.04705047176685184
575.0 0.03017405979335308
576.0 0.04013905127067119
577.0 0.02915946242865175
578.0 0.03193130251020193
579.0 0.02512637584004551
580.0 0.038871983997523785
581.0 0.026779287145473063
582.0 0.026166305178776383
583.0 0.021056769764982164
584.0 0.02774846798274666
585.0 0.0218089044210501
586.0 0.03163450164720416
587.0 0.011663776240311563
588.0 0.022288809122983366
589.0 0.018253047892358154
590.0 0.015535484999418259
591.0 0.01494669122621417
592.0 0.029861065559089184
593.0 0.007088010897859931
594.0 0.014466670108959079
595.0 0.010930072312476113
596.0 0.02286750532221049
597.0 0.018362101400271058
598.0 0.0017971515262615867
599.0 0.00718891533324495
600.0 0.01226358290296048
601.0 0.0022945365344639868
602.0 0.0022173631805344485
603.0 0.0021401894628070295
604.0 0.002062936073343735
605.0 0.00198568213818362
606.0 0.0018773924239212647
607.0 0.0017691025277599692
608.0 0.0018937411368824542
609.0 0.0020183795641059987
610.0 0.0019297413018648513
611.0 0.0018411028577247635
612.0 0.0018275733964401297
613.0 0.0018140441170544364
614.0 0.001733771750878077
615.0 0.001653499566600658
616.0 0.0015350877220043913
617.0 0.0014166758774081245
618.0 0.0015691284716012888
619.0 0.001721581065794453
620.0 0.0014987573194957804
621.0 0.001275933209399227
622.0 0.0013815536476613488
623.0 0.0014871737221255898
624.0 0.001486375640524784
625.0 0.0014855778317723889
626.0 0.0015174153304542415
627.0 0.0015492529200855643
628.0 0.0014888300029269885
629.0 0.0014284069948189426
630.0 0.0014704004570376128
631.0 0.001512393919256283
632.0 0.0014415550140256528
633.0 0.0013707160178455524
634.0 0.0014906312571838498
635.0 0.001610546860320028
636.0 0.0015373441783594899
637.0 0.0014641413145000115
638.0 0.0013405511708697304
639.0 0.0012169612091383897
640.0 0.0013561454579757992
641.0 0.0014953297068132088
642.0 0.0013736540495301597
643.0 0.0012519783922471106
644.0 0.0011093158718722407
645.0 0.0009666534424468409
646.0 0.0010654607649485115
647.0 0.0011642679965007119
648.0 0.0012155711374362
649.0 0.001266874278371688
650.0 0.0011963242286583409
651.0 0.001125773815147113
652.0 0.001094767594622681
653.0 0.0010637613740982488
654.0 0.0011467303011158947
655.0 0.00122969895528513
656.0 0.0011422636816860177
657.0 0.0010548285899858456
658.0 0.0010893282706092577
659.0 0.0011238283150305506
660.0 0.0010879275578190573
661.0 0.0010520266187086236
662.0 0.0010492957699170802
663.0 0.0010465648301760666
664.0 0.0011122830983367749
665.0 0.0011780011845985427
666.0 0.0011745020856324118
667.0 0.0011710029866662808
668.0 0.0011332132999086753
669.0 0.0010954233403026592
670.0 0.0011900262506969739
671.0 0.0012846291610912886
672.0 0.001169293318525888
673.0 0.0010539575669099577
674.0 0.0010926478353212588
675.0 0.0011313381037325598
676.0 0.0010465256309544202
677.0 0.0009617130672268104
678.0 0.0009609771950636059
679.0 0.0009602415047993418
680.0 0.0010022912647400517
681.0 0.001044341206579702
682.0 0.0010073595149151515
683.0 0.0009703781870484818
684.0 0.000972798079601489
685.0 0.0009752177902555559
686.0 0.001002448880171869
687.0 0.001029679970088182
688.0 0.0010690259841794614
689.0 0.0011083719982707407
690.0 0.0012043671631545294
691.0 0.001300362328038318
692.0 0.0011344564882165287
693.0 0.0009685508302936796
694.0 0.0010054321137431543
695.0 0.001042313397192629
696.0 0.0010616882718750276
697.0 0.0010810635103553068
698.0 0.001149635045294417
699.0 0.0012182066711829975
700.0 0.0012647814401134383
701.0 0.001311356209043879
702.0 0.0012475728908611927
703.0 0.0011837894817290362
704.0 0.0011390417057555169
705.0 0.0010942937478830572
706.0 0.0011275132237642538
707.0 0.00116073251774651
708.0 0.0011115736015199218
709.0 0.001062414867192274
710.0 0.0011021901627827901
711.0 0.001141965276474366
712.0 0.0012613126273208763
713.0 0.0013806597962684464
714.0 0.0013842442058376037
715.0 0.0013878287063562311
716.0 0.001499664085713448
717.0 0.0016114994650706649
718.0 0.001625680124561768
719.0 0.0016398607840528712
720.0 0.001477182831877144
721.0 0.0013145046978024766
722.0 0.001533351678517647
723.0 0.001752198841131758
724.0 0.0016698919353075325
725.0 0.0015875850294833072
726.0 0.0017039154045050964
727.0 0.001820245961425826
728.0 0.0018739841834758408
729.0 0.001927722587424796
730.0 0.0020035233319504187
731.0 0.0020793246221728623
732.0 0.0018837183233699761
733.0 0.001688112570263911
734.0 0.0014383692359842826
735.0 0.0011886255379067734
736.0 0.0010387509064457845
737.0 0.0008888760930858552
738.0 0.0009072959983313922
739.0 0.0009257158126274589
740.0 0.0009249117283616215
741.0 0.0009241075531463139
742.0 0.0009484901056566741
743.0 0.0009728727491165046
744.0 0.0009350926120532677
745.0 0.0008973126568889711
746.0 0.0007054910383885726
747.0 0.0005136694653629092
748.0 0.0006815816504968097
749.0 0.0008494937901559751
750.0 0.0009191577191813849
751.0 0.0009888216482067946
752.0 0.0009603926628187764
753.0 0.0009319635864812881
754.0 0.0009068977306014858
755.0 0.0008818316928227432
756.0 0.0008825341865303926
757.0 0.0008832365892885718
758.0 0.000971538702287944
759.0 0.001059841179085197
760.0 0.0009863735613180324
761.0 0.000912905943550868
762.0 0.0008348232768184971
763.0 0.0007567407010355964
764.0 0.0008049818461586256
765.0 0.0008532232641300652
766.0 0.0007754832040518522
767.0 0.0006977433258725796
768.0 0.0006574755389010534
769.0 0.0006172078883537324
770.0 0.0006983025741646998
771.0 0.0007793973054504022
772.0 0.0007329573236347642
773.0 0.0006865171599201858
774.0 0.0005970628990326077
775.0 0.0005076085471955594
776.0 0.0006174625923449639
777.0 0.0007273164555954281
778.0 0.0006806025794503512
779.0 0.0006338888397294795
780.0 0.0006001443125569494
781.0 0.0005663998763338896
782.0 0.0006203852535691112
783.0 0.0006743707217538031
784.0 0.0005644663360726554
785.0 0.0004545619049167726
786.0 0.00041817897908913437
787.0 0.0003817960987362312
788.0 0.00033409705793019384
789.0 0.0002863980853362591
790.0 0.0004020974756713258
791.0 0.0005177969342184952
792.0 0.00043028594518546015
793.0 0.00034277500162716024
794.0 0.00040025815906119533
795.0 0.00045774122554576024
796.0 0.0003267251031502383
797.0 0.00019570900349208387
798.0 0.0002006428076128941
799.0 0.00020557663447107188
800.0 0.000308247831526387
801.0 0.00041091911953117233
802.0 0.0004938068286719499
803.0 0.0005766947197116679
804.0 0.0005380362381401937
805.0 0.0004993777110939845
806.0 0.00042499932533246465
807.0 0.0003506208713588421
808.0 0.0003874781668855576
809.0 0.0004243354851496406
810.0 0.00037621791761921486
811.0 0.0003281003273514216
812.0 0.0003736766302608885
813.0 0.0004192530468571931
814.0 0.00044830194383393973
815.0 0.00047735084081068635
816.0 0.0005145659542904468
817.0 0.0005517811132449424
818.0 0.0004942677151120733
819.0 0.0004367543624539394
820.0 0.0004418415755935712
821.0 0.00044692883420793805
822.0 0.00040394329516857397
823.0 0.0003609577106544748
824.0 0.00045098058762960136
825.0 0.000541003510079463
826.0 0.0005234673608356388
827.0 0.0005059312115918146
828.0 0.0004675715899793431
829.0 0.00042921205931634177
830.0 0.00044047351366316434
831.0 0.0004517349680099869
832.0 0.0003816710886894725
833.0 0.0003116071411568555
834.0 0.000328219562106824
835.0 0.00034483200579416007
836.0 0.000404441925638821
837.0 0.00046405193643295206
838.0 0.0005866317223990336
839.0 0.0007092115993145853
840.0 0.0006023877631378127
841.0 0.0004955640179105103
842.0 0.0005216106274019694
843.0 0.0005476572368934285
844.0 0.0006893887984915636
845.0 0.0008311203600896988
846.0 0.000588749526286847
847.0 0.00034637864700926
848.0 0.0003416611207285314
849.0 0.0003369436171851703
850.0 0.0002870032176360837
851.0 0.00023706281808699714
852.0 0.00016166738987521967
853.0 8.627195597910031e-05
854.0 0.0001711666527626221
855.0 0.0002560613893365371
856.0 0.00034611919090821175
857.0 0.000436177060691989
858.0 0.0005099454938317649
859.0 0.0005837139269715408
860.0 0.0005762046839663526
861.0 0.0005686953500116942
862.0 0.0005276921001495793
863.0 0.00048668885028746445
864.0 0.0003178632596245734
865.0 0.00014903768033036613
866.0 0.00041702674025145825
867.0 0.0006850157660664991
868.0 0.0005059639988758136
869.0 0.000326912186210393
870.0 0.0004135627932555508
871.0 0.0005002134457754437
872.0 0.0004985151917935582
873.0 0.000496817119710613
874.0 0.0004925949724565726
875.0 0.0004883728706772672
876.0 0.0005150760443939362
877.0 0.0005417792635853402
878.0 0.0005736526873079129
879.0 0.0006055261110304855
880.0 0.0006604603640880669
881.0 0.0007153946171456482
882.0 0.0005587063242273871
883.0 0.00040201803130912594
884.0 0.0004548343895294238
885.0 0.0005076507022749865
886.0 0.0005618174782284768
887.0 0.0006159842996567022
888.0 0.0005951163529971382
889.0 0.0005742484972870443
890.0 0.000566640710530919
891.0 0.0005590329237747937
892.0 0.0005495132882060716
893.0 0.0005399936981120845
894.0 0.0005131699253979605
895.0 0.0004863461072091013
896.0 0.00045579099605674855
897.0 0.0004252358849043958
898.0 0.0004257958153175423
899.0 0.0004263557002559537
900.0 0.0003552635234882473
901.0 0.0002841713467205409
902.0 0.00038110902096377686
903.0 0.0004780466952070128
904.0 0.0005135380888532382
905.0 0.0005490295279741986
906.0 0.0004067862391821109
907.0 0.0002645429503900232
