ts8/transmission_sensor/rtm-021_s01/19700101T000000.ecsv
# %ECSV 0.9
# ---
# datatype:
# - {name: amp_name, datatype: string}
# - {name: wavelength, unit: nm, datatype: float32}
# - {name: efficiency, unit: '%', datatype: float32}
# meta: !!omap
# - {MODE: AMP}
# - {TYPE: transmission_sensor}
# - {CALIBDATE: '1970-01-01T00:00:00'}
# - {INSTRUME: TS8}
# - {OBSTYPE: transmission_sensor}
# - {DETECTOR: 154}
# - {CALIBCLS: lsst.ip.isr.IntermediateSensorTransmissionCurve}
# - {PICKLEFILE: RaftRun12086.p}
# - {CALIB_ID: 'raftName=RTM-021 detectorName=S01 detector=154 calibDate=1970-01-01T00:00:00 ccd=154 ccdnum=154 filter=None'}
# - {DATE: '2020-07-23T19:16:28.928394'}
# - {CALIB_CREATION_DATE: '2020-07-23'}
# - {CALIB_CREATION_TIME: '19:16:28'}
# - __serialized_columns__:
#     efficiency:
#       __class__: astropy.units.quantity.Quantity
#       unit: !astropy.units.Unit {unit: '%'}
#       value: !astropy.table.SerializedColumn {name: efficiency}
#     wavelength:
#       __class__: astropy.units.quantity.Quantity
#       unit: !astropy.units.Unit {unit: nm}
#       value: !astropy.table.SerializedColumn {name: wavelength}
# schema: astropy-2.0
amp_name wavelength efficiency
C12 319.994 57.89152
C12 324.969 60.513203
C12 349.982 70.02669
C12 374.975 77.1074
C12 400.019 83.68173
C12 424.965 83.30465
C12 450.035 83.562874
C12 475.003 84.52493
C12 500.018 86.01035
C12 525.002 87.132805
C12 550.029 89.80792
C12 575.023 91.8593
C12 599.982 93.53803
C12 619.997 95.18146
C12 624.979 95.29886
C12 650.012 96.5247
C12 675.004 97.33521
C12 700.03 97.71854
C12 725.012 98.00351
C12 750.022 98.45208
C12 774.987 99.50751
C12 799.976 98.622154
C12 824.988 97.930756
C12 850.022 96.17116
C12 869.967 93.72358
C12 875.002 93.01958
C12 899.999 86.58377
C12 919.999 79.90363
C12 925.012 76.92213
C12 949.965 65.24147
C12 975.002 49.32975
C12 999.976 30.595322
C12 1025.028 15.140738
C12 1050.014 6.379388
C12 1075.002 3.5477977
C12 1099.99 2.4498777
C01 319.994 57.657177
C01 324.969 60.262127
C01 349.982 69.69734
C01 374.975 76.66527
C01 400.019 83.18282
C01 424.965 82.82244
C01 450.035 83.07231
C01 475.003 83.99418
C01 500.018 85.439
C01 525.002 86.54594
C01 550.029 89.18097
C01 575.023 91.2109
C01 599.982 92.88022
C01 619.997 94.5054
C01 624.979 94.62896
C01 650.012 95.84798
C01 675.004 96.65539
C01 700.03 97.14347
C01 725.012 97.738754
C01 750.022 98.54343
C01 774.987 99.96521
C01 799.976 99.230835
C01 824.988 98.49596
C01 850.022 96.9244
C01 869.967 94.65306
C01 875.002 93.928734
C01 899.999 87.26902
C01 919.999 79.848076
C01 925.012 76.6933
C01 949.965 64.91218
C01 975.002 48.87802
C01 999.976 30.822947
C01 1025.028 15.280758
C01 1050.014 6.401493
C01 1075.002 3.6089942
C01 1099.99 2.4896455
C04 319.994 56.54654
C04 324.969 59.13631
C04 349.982 69.041145
C04 374.975 77.03041
C04 400.019 83.81235
C04 424.965 83.35768
C04 450.035 83.4207
C04 475.003 84.1552
C04 500.018 85.45409
C04 525.002 86.47543
C04 550.029 89.06701
C04 575.023 91.10074
C04 599.982 92.805084
C04 619.997 94.47537
C04 624.979 94.60932
C04 650.012 95.88396
C04 675.004 96.75237
C04 700.03 97.29718
C04 725.012 97.96066
C04 750.022 98.833176
C04 774.987 100.31643
C04 799.976 99.6279
C04 824.988 98.93303
C04 850.022 97.36904
C04 869.967 95.04424
C04 875.002 94.310455
C04 899.999 87.642715
C04 919.999 80.217674
C04 925.012 77.07492
C04 949.965 65.382645
C04 975.002 49.348927
C04 999.976 30.9993
C04 1025.028 15.352205
C04 1050.014 6.4185624
C04 1075.002 3.6570153
C04 1099.99 2.5256534
C11 319.994 58.361034
C11 324.969 60.986355
C11 349.982 70.30351
C11 374.975 77.01854
C11 400.019 83.50686
C11 424.965 83.18231
C11 450.035 83.52053
C11 475.003 84.56853
C11 500.018 86.11526
C11 525.002 87.27134
C11 550.029 89.958374
C11 575.023 91.99788
C11 599.982 93.64884
C11 619.997 95.2684
C11 624.979 95.378654
C11 650.012 96.57603
C11 675.004 97.361244
C11 700.03 97.72411
C11 725.012 97.992516
C11 750.022 98.42698
C11 774.987 99.47136
C11 799.976 98.575806
C11 824.988 97.87653
C11 850.022 96.11125
C11 869.967 93.65821
C11 875.002 92.95445
C11 899.999 86.49166
C11 919.999 79.800026
C11 925.012 76.82248
C11 949.965 65.19088
C11 975.002 49.323826
C11 999.976 30.566528
C11 1025.028 15.115874
C11 1050.014 6.371113
C11 1075.002 3.5379415
C11 1099.99 2.4402976
C07 319.994 55.514458
C07 324.969 58.07418
C07 349.982 68.172134
C07 374.975 76.71149
C07 400.019 83.772064
C07 424.965 83.33442
C07 450.035 83.30089
C07 475.003 83.95392
C07 500.018 85.21633
C07 525.002 86.21929
C07 550.029 88.84492
C07 575.023 90.909256
C07 599.982 92.63125
C07 619.997 94.30936
C07 624.979 94.44768
C07 650.012 95.752106
C07 675.004 96.66314
C07 700.03 97.275246
C07 725.012 98.035515
C07 750.022 99.026474
C07 774.987 100.61296
C07 799.976 99.98591
C07 824.988 99.336784
C07 850.022 97.815636
C07 869.967 95.498215
C07 875.002 94.75985
C07 899.999 87.96256
C07 919.999 80.55093
C07 925.012 77.42476
C07 949.965 65.89554
C07 975.002 49.967083
C07 999.976 31.279613
C07 1025.028 15.441571
C07 1050.014 6.470875
C07 1075.002 3.643274
C07 1099.99 2.5174465
C13 319.994 57.48446
C13 324.969 60.098785
C13 349.982 69.76262
C13 374.975 77.17761
C13 400.019 83.83485
C13 424.965 83.43154
C13 450.035 83.62123
C13 475.003 84.51737
C13 500.018 85.952805
C13 525.002 87.04904
C13 550.029 89.70779
C13 575.023 91.75829
C13 599.982 93.44856
C13 619.997 95.10389
C13 624.979 95.22524
C13 650.012 96.46855
C13 675.004 97.29432
C13 700.03 97.69883
C13 725.012 98.004036
C13 750.022 98.46706
C13 774.987 99.534615
C13 799.976 98.66386
C13 824.988 97.98852
C13 850.022 96.22784
C13 869.967 93.792496
C13 875.002 93.09814
C13 899.999 86.68889
C13 919.999 80.00039
C13 925.012 77.011116
C13 949.965 65.291084
C13 975.002 49.38247
C13 999.976 30.641571
C13 1025.028 15.143857
C13 1050.014 6.384015
C13 1075.002 3.5566642
C13 1099.99 2.4565282
C14 319.994 57.029713
C14 324.969 59.631042
C14 349.982 69.41625
C14 374.975 77.15739
C14 400.019 83.91037
C14 424.965 83.48471
C14 450.035 83.61834
C14 475.003 84.45273
C14 500.018 85.84926
C14 525.002 86.91602
C14 550.029 89.563255
C14 575.023 91.61596
C14 599.982 93.31988
C14 619.997 94.98572
C14 624.979 95.11291
C14 650.012 96.37346
C14 675.004 97.21813
C14 700.03 97.64669
C14 725.012 97.98382
C14 750.022 98.470604
C14 774.987 99.56138
C14 799.976 98.70815
C14 824.988 98.04484
C14 850.022 96.30235
C14 869.967 93.86662
C14 875.002 93.1715
C14 899.999 86.80204
C14 919.999 80.138016
C14 925.012 77.1449
C14 949.965 65.391136
C14 975.002 49.413383
C14 999.976 30.660864
C14 1025.028 15.187749
C14 1050.014 6.407786
C14 1075.002 3.5649445
C14 1099.99 2.4589674
C06 319.994 55.928493
C06 324.969 58.50011
C06 349.982 68.56697
C06 374.975 76.999825
C06 400.019 83.94088
C06 424.965 83.45173
C06 450.035 83.410164
C06 475.003 84.04531
C06 500.018 85.2853
C06 525.002 86.2736
C06 550.029 88.86721
C06 575.023 90.930916
C06 599.982 92.673775
C06 619.997 94.36898
C06 624.979 94.51128
C06 650.012 95.82331
C06 675.004 96.72591
C06 700.03 97.31955
C06 725.012 98.04615
C06 750.022 98.99032
C06 774.987 100.534225
C06 799.976 99.87585
C06 824.988 99.20633
C06 850.022 97.66664
C06 869.967 95.32908
C06 875.002 94.58074
C06 899.999 87.79354
C06 919.999 80.34758
C06 925.012 77.21727
C06 949.965 65.67012
C06 975.002 49.75897
C06 999.976 31.215223
C06 1025.028 15.455227
C06 1050.014 6.4769135
C06 1075.002 3.6538408
C06 1099.99 2.5320075
C03 319.994 56.857353
C03 324.969 59.452488
C03 349.982 69.21999
C03 374.975 76.89375
C03 400.019 83.581154
C03 424.965 83.15254
C03 450.035 83.268684
C03 475.003 84.055275
C03 500.018 85.39036
C03 525.002 86.43349
C03 550.029 89.03095
C03 575.023 91.059906
C03 599.982 92.75343
C03 619.997 94.40735
C03 624.979 94.539665
C03 650.012 95.79676
C03 675.004 96.64623
C03 700.03 97.17343
C03 725.012 97.807396
C03 750.022 98.65525
C03 774.987 100.11144
C03 799.976 99.40525
C03 824.988 98.6902
C03 850.022 97.11948
C03 869.967 94.8164
C03 875.002 94.08974
C03 899.999 87.45501
C03 919.999 80.04383
C03 925.012 76.88968
C03 949.965 65.10444
C03 975.002 49.006474
C03 999.976 30.863844
C03 1025.028 15.298102
C03 1050.014 6.4018683
C03 1075.002 3.6399446
C03 1099.99 2.510745
C15 319.994 56.62537
C15 324.969 59.214523
C15 349.982 69.09903
C15 374.975 77.10034
C15 400.019 83.92469
C15 424.965 83.481804
C15 450.035 83.56373
C15 475.003 84.35312
C15 500.018 85.715096
C15 525.002 86.76618
C15 550.029 89.4045
C15 575.023 91.46256
C15 599.982 93.170425
C15 619.997 94.84178
C15 624.979 94.96944
C15 650.012 96.24334
C15 675.004 97.10505
C15 700.03 97.5523
C15 725.012 97.91929
C15 750.022 98.43914
C15 774.987 99.55808
C15 799.976 98.72676
C15 824.988 98.065186
C15 850.022 96.35713
C15 869.967 93.906944
C15 875.002 93.20152
C15 899.999 86.89682
C15 919.999 80.270676
C15 925.012 77.26998
C15 949.965 65.45811
C15 975.002 49.361874
C15 999.976 30.638502
C15 1025.028 15.2500515
C15 1050.014 6.4458394
C15 1075.002 3.576228
C15 1099.99 2.4617472
C10 319.994 58.84322
C10 324.969 61.464947
C10 349.982 70.55249
C10 374.975 76.88611
C10 400.019 83.32863
C10 424.965 83.0811
C10 450.035 83.547165
C10 475.003 84.742775
C10 500.018 86.381195
C10 525.002 87.5778
C10 550.029 90.28104
C10 575.023 92.27679
C10 599.982 93.857056
C10 619.997 95.422356
C10 624.979 95.52158
C10 650.012 96.6679
C10 675.004 97.41553
C10 700.03 97.74889
C10 725.012 98.008835
C10 750.022 98.434326
C10 774.987 99.47921
C10 799.976 98.574684
C10 824.988 97.87227
C10 850.022 96.10358
C10 869.967 93.64217
C10 875.002 92.93707
C10 899.999 86.34281
C10 919.999 79.42674
C10 925.012 76.43023
C10 949.965 64.979866
C10 975.002 49.50657
C10 999.976 30.671864
C10 1025.028 15.010427
C10 1050.014 6.2899837
C10 1075.002 3.499862
C10 1099.99 2.4234657
C05 319.994 56.135544
C05 324.969 58.71256
C05 349.982 68.70965
C05 374.975 76.95587
C05 400.019 83.81785
C05 424.965 83.350586
C05 450.035 83.365364
C05 475.003 84.05588
C05 500.018 85.330345
C05 525.002 86.33513
C05 550.029 88.91952
C05 575.023 90.954994
C05 599.982 92.66628
C05 619.997 94.335915
C05 624.979 94.47551
C05 650.012 95.76287
C05 675.004 96.64579
C05 700.03 97.21447
C05 725.012 97.90485
C05 750.022 98.81443
C05 774.987 100.32499
C05 799.976 99.65147
C05 824.988 98.96774
C05 850.022 97.414795
C05 869.967 95.07552
C05 875.002 94.33401
C05 899.999 87.60914
C05 919.999 80.16833
C05 925.012 77.034836
C05 949.965 65.449394
C05 975.002 49.554455
C05 999.976 31.08695
C05 1025.028 15.3875065
C05 1050.014 6.434755
C05 1075.002 3.6530902
C05 1099.99 2.530246
C16 319.994 56.333874
C16 324.969 58.916317
C16 349.982 68.89389
C16 374.975 77.10973
C16 400.019 83.991325
C16 424.965 83.53027
C16 450.035 83.577385
C16 475.003 84.34404
C16 500.018 85.68366
C16 525.002 86.71389
C16 550.029 89.341255
C16 575.023 91.38852
C16 599.982 93.08851
C16 619.997 94.75413
C16 624.979 94.8854
C16 650.012 96.16227
C16 675.004 97.03247
C16 700.03 97.49869
C16 725.012 97.8959
C16 750.022 98.45387
C16 774.987 99.61182
C16 799.976 98.796844
C16 824.988 98.13349
C16 850.022 96.4414
C16 869.967 93.97481
C16 875.002 93.26055
C16 899.999 87.05637
C16 919.999 80.44594
C16 925.012 77.40677
C16 949.965 65.38925
C16 975.002 49.129715
C16 999.976 30.562447
C16 1025.028 15.260275
C16 1050.014 6.450951
C16 1075.002 3.573884
C16 1099.99 2.459853
C17 319.994 56.039345
C17 324.969 58.610237
C17 349.982 68.63531
C17 374.975 77.01881
C17 400.019 83.995125
C17 424.965 83.54246
C17 450.035 83.58213
C17 475.003 84.3605
C17 500.018 85.70958
C17 525.002 86.74126
C17 550.029 89.379944
C17 575.023 91.41138
C17 599.982 93.0809
C17 619.997 94.73357
C17 624.979 94.85901
C17 650.012 96.12892
C17 675.004 97.00198
C17 700.03 97.48746
C17 725.012 97.923904
C17 750.022 98.53385
C17 774.987 99.737305
C17 799.976 98.94366
C17 824.988 98.29042
C17 850.022 96.58799
C17 869.967 94.12689
C17 875.002 93.41344
C17 899.999 87.29862
C17 919.999 80.57833
C17 925.012 77.463684
C17 949.965 65.309746
C17 975.002 49.05918
C17 999.976 30.575243
C17 1025.028 15.203201
C17 1050.014 6.3779607
C17 1075.002 3.554437
C17 1099.99 2.4572067
C02 319.994 57.22711
C02 324.969 59.83028
C02 349.982 69.4462
C02 374.975 76.778854
C02 400.019 83.37117
C02 424.965 82.96845
C02 450.035 83.14898
C02 475.003 83.99832
C02 500.018 85.381874
C02 525.002 86.45443
C02 550.029 89.066
C02 575.023 91.0898
C02 599.982 92.77395
C02 619.997 94.41344
C02 624.979 94.54417
C02 650.012 95.7845
C02 675.004 96.61023
C02 700.03 97.11576
C02 725.012 97.730156
C02 750.022 98.554405
C02 774.987 99.99127
C02 799.976 99.27083
C02 824.988 98.54827
C02 850.022 96.98805
C02 869.967 94.71004
C02 875.002 93.99104
C02 899.999 87.34848
C02 919.999 79.94281
C02 925.012 76.791336
C02 949.965 64.98067
C02 975.002 48.898064
C02 999.976 30.86054
C02 1025.028 15.320391
C02 1050.014 6.4229555
C02 1075.002 3.6311026
C02 1099.99 2.5034616
C00 319.994 58.067425
C00 324.969 60.666855
C00 349.982 69.87705
C00 374.975 76.51928
C00 400.019 83.04264
C00 424.965 82.7935
C00 450.035 83.197235
C00 475.003 84.31403
C00 500.018 85.88636
C00 525.002 87.04491
C00 550.029 89.710236
C00 575.023 91.68691
C00 599.982 93.256584
C00 619.997 94.807625
C00 624.979 94.91492
C00 650.012 96.069046
C00 675.004 96.8327
C00 700.03 97.29304
C00 725.012 97.86654
C00 750.022 98.661385
C00 774.987 100.08368
C00 799.976 99.34452
C00 824.988 98.618904
C00 850.022 97.01908
C00 869.967 94.75756
C00 875.002 94.048225
C00 899.999 87.414055
C00 919.999 79.86249
C00 925.012 76.657295
C00 949.965 64.97416
C00 975.002 49.211094
C00 999.976 30.927202
C00 1025.028 15.184608
C00 1050.014 6.333451
C00 1075.002 3.5842214
C00 1099.99 2.4720652
