lsstCam/transmission_filter_detector/r41_s22/i_39/19700101T000000.ecsv
# %ECSV 1.0
# ---
# datatype:
# - {name: wavelength, unit: nm, datatype: float32}
# - {name: efficiency, unit: '%', datatype: float64}
# meta: !!omap
# - {MODE: DETECTOR}
# - {TYPE: transmission_filter_detector}
# - {CALIBDATE: '1970-01-01T00:00:00'}
# - {INSTRUME: LSSTCam}
# - {OBSTYPE: transmission_filter_detector}
# - {CALIBCLS: lsst.ip.isr.IntermediateFilterDetectorTransmissionCurve}
# - {SOURCE: Materion (DM-46256)}
# - {DETECTOR: 170}
# - {FILTER: i_39}
# - {CALIB_ID: 'calibDate=1970-01-01T00:00:00 filter=i_39 detector=170'}
# - {DATE: '2025-04-02T15:59:47.266397'}
# - {CALIB_CREATION_DATE: '2025-04-02'}
# - {CALIB_CREATION_TIME: '15:59:47'}
# - __serialized_columns__:
#     efficiency:
#       __class__: astropy.units.quantity.Quantity
#       unit: !astropy.units.Unit {unit: '%'}
#       value: !astropy.table.SerializedColumn {name: efficiency}
#     wavelength:
#       __class__: astropy.units.quantity.Quantity
#       unit: !astropy.units.Unit {unit: nm}
#       value: !astropy.table.SerializedColumn {name: wavelength}
# schema: astropy-2.0
wavelength efficiency
[from data line 597]
897.0 1.7106299016189652e-10
898.0 0.00012317157143115764
899.0 6.533347800541378e-05
900.0 7.4954158435502904e-06
901.0 1.7106299016189652e-10
902.0 1.7106299016189652e-10
903.0 2.750113026195322e-05
904.0 9.109548386732058e-05
905.0 0.00011229960819036933
906.0 0.00013350371546039241
907.0 3.3434270108045894e-05
908.0 1.7106299016189652e-10
909.0 1.7106299016189652e-10
910.0 4.7356232357742556e-05
911.0 2.6477229653210088e-05
912.0 5.598198171696822e-06
913.0 3.75517942075021e-05
914.0 6.95053699928394e-05
915.0 1.7106299016189652e-10
916.0 1.7106299016189652e-10
917.0 1.7106299016189652e-10
918.0 1.7106299016189652e-10
919.0 1.7106299016189652e-10
920.0 1.7106299016189652e-10
921.0 1.7106299016189652e-10
922.0 1.7106299016189652e-10
923.0 1.7106299016189652e-10
924.0 4.7072828124328225e-05
925.0 4.810826226275822e-05
926.0 4.914372766506858e-05
927.0 1.3626748796013999e-05
928.0 1.7106299016189652e-10
929.0 0.00011710355920513393
930.0 0.00025609731437725713
931.0 2.7503836008690996e-05
932.0 1.7106299016189652e-10
933.0 1.7106299016189652e-10
934.0 1.7106299016189652e-10
935.0 1.7106299016189652e-10
936.0 1.7106299016189652e-10
937.0 1.7106299016189652e-10
938.0 4.4910734686709475e-05
939.0 0.00015513811604250805
940.0 0.00026536547466093907
941.0 0.00023714578674116638
942.0 0.00020892614429612877
943.0 0.00019114370388706448
944.0 0.00017336130895273527
945.0 0.0001922222281791619
946.0 0.00021108321561769117
947.0 0.00020537286218313966
948.0 0.00019966255422332324
949.0 2.027514227620486e-05
950.0 1.7106299016189652e-10
951.0 1.7106299016189652e-10
952.0 1.7106299016189652e-10
953.0 1.7106299016189652e-10
954.0 1.7106299016189652e-10
955.0 1.7106299016189652e-10
956.0 1.7106299016189652e-10
957.0 1.7106299016189652e-10
958.0 1.7106299016189652e-10
959.0 6.00981024945213e-05
960.0 0.00015995423154890887
961.0 0.00015745391692689736
962.0 0.00015495360230488586
963.0 0.00012726860632028547
964.0 9.958361033568508e-05
965.0 3.8095983256880572e-06
966.0 1.7106299016189652e-10
967.0 1.7106299016189652e-10
968.0 5.8011443115901784e-05
969.0 4.352353073500126e-05
970.0 2.9035638249297335e-05
971.0 1.7106299016189652e-10
972.0 1.7106299016189652e-10
973.0 1.7106299016189652e-10
974.0 1.7106299016189652e-10
975.0 3.7717807543913295e-06
976.0 0.00012731994729620055
977.0 1.1657122200858794e-05
978.0 1.7106299016189652e-10
979.0 6.8501186945013615e-06
980.0 0.00011770594028348569
981.0 2.4525743924641574e-05
982.0 1.7106299016189652e-10
983.0 3.090252391757531e-05
984.0 0.00013045948890066938
985.0 3.184883325957344e-05
986.0 1.7106299016189652e-10
987.0 1.7106299016189652e-10
988.0 1.7106299016189652e-10
989.0 1.1094630281149875e-05
990.0 8.861996434461616e-05
991.0 6.843495725661342e-05
992.0 4.824995016861067e-05
993.0 5.7843459444484324e-05
994.0 6.743700851075118e-05
995.0 7.739650413896015e-05
996.0 8.735598839848535e-05
997.0 0.00011359247764630709
998.0 0.00013982894415676128
999.0 1.221117003069594e-05
1000.0 1.7106299016189652e-10
1001.0 1.7106299016189652e-10
1002.0 7.269784987329331e-05
1003.0 8.914580007512996e-05
1004.0 0.00010559373322394094
1005.0 0.00016928855757214478
1006.0 0.0002329833932890324
1007.0 0.00021317614482541103
1008.0 0.0001933690100486274
1009.0 0.00026685117973102024
1010.0 0.0003403333948881482
1011.0 0.00028649608339037513
1012.0 0.00023265881736733718
1013.0 0.00015075466990310815
1014.0 6.88505338075629e-05
1015.0 8.786128660176473e-05
1016.0 0.00010687205076465034
1017.0 0.0003314498144391109
1018.0 0.0005560275440075202
1019.0 0.0004034497578686569
1020.0 0.00025087190351769095
1021.0 0.0003107697921223007
1022.0 0.00037066761251480784
1023.0 0.00038123448575788643
1024.0 0.00039180126805149484
1025.0 0.0002523041530366754
1026.0 0.00011280709486527485
1027.0 0.00042606079659890383
1028.0 0.0007393143732770113
1029.0 0.0008215572051994968
1030.0 0.0009038000825967174
1031.0 0.0010304554052709136
1032.0 0.00115711081889458
1033.0 0.0014048468983673956
1034.0 0.0016525827959412709
1035.0 0.002065100306936074
1036.0 0.0024776179998298176
1037.0 0.0026067171347676776
1038.0 0.002735816451604478
1039.0 0.0029575550797744654
1040.0 0.0031792940717423335
1041.0 0.0033239241020055488
1042.0 0.003468554496066645
1043.0 0.0033335400075884536
1044.0 0.0031985255191102624
1045.0 0.003488965376163833
1046.0 0.0037794048694195226
1047.0 0.003586023740353994
1048.0 0.003392642247490585
1049.0 0.0029969158276799135
1050.0 0.0026011895897681825
1051.0 0.002681493424461223
1052.0 0.0027617976229521446
1053.0 0.002665788088052068
1054.0 0.002569778371253051
1055.0 0.0024347365979338065
1056.0 0.0022996944608166814
1057.0 0.001905159660964273
1058.0 0.0015106242244655732
1059.0 0.0014965201444283593
1060.0 0.001482415791542735
1061.0 0.001231646183441626
1062.0 0.0009808763934415765
1063.0 0.0011923172678507399
1064.0 0.0014037581422599033
1065.0 0.0019410525055718608
1066.0 0.0024783468688838184
1067.0 0.0026296876967535354
1068.0 0.002781028706522193
1069.0 0.0025500368792563677
1070.0 0.0023190450519905426
1071.0 0.0025775860194698907
1072.0 0.0028361268050502986
1073.0 0.0026403226002003066
1074.0 0.0024445182134513743
1075.0 0.0023114031137083657
1076.0 0.002178288013965357
1077.0 0.0023808106561773457
1078.0 0.002583333116490394
1079.0 0.002502056668163277
1080.0 0.0024207802198361605
1081.0 0.0015071531379362568
1082.0 0.000593526010561618
1083.0 0.0007508650924137328
1084.0 0.0009082039468921721
1085.0 0.0005811423761770129
1086.0 0.0002540809873607941
1087.0 0.00022755239115213044
1088.0 0.0002010237494687317
1089.0 0.0006980201305850642
1090.0 0.0011950169209740125
1091.0 0.0018958866348839365
1092.0 0.0025967563487938605
1093.0 0.001569256892253179
1094.0 0.0005417574811872328
1095.0 0.0004384161456982838
1096.0 0.00033507483294670237
1097.0 1.7106299016189652e-10
1098.0 1.7106299016189652e-10
1099.0 1.7106299016189652e-10
1100.0 8.74645991189027e-05
