lsstCam/transmission_filter_detector/r41_s22/i_39/19700101T000000.ecsv
# %ECSV 1.0
# ---
# datatype:
# - {name: wavelength, unit: nm, datatype: float32}
# - {name: efficiency, unit: '%', datatype: float64}
# meta: !!omap
# - {MODE: DETECTOR}
# - {TYPE: transmission_filter_detector}
# - {CALIBDATE: '1970-01-01T00:00:00'}
# - {INSTRUME: LSSTCam}
# - {OBSTYPE: transmission_filter_detector}
# - {CALIBCLS: lsst.ip.isr.IntermediateFilterDetectorTransmissionCurve}
# - {SOURCE: Materion (DM-46256)}
# - {DETECTOR: 170}
# - {FILTER: i_39}
# - {CALIB_ID: 'calibDate=1970-01-01T00:00:00 filter=i_39 detector=170'}
# - {DATE: '2025-04-02T15:59:47.266397'}
# - {CALIB_CREATION_DATE: '2025-04-02'}
# - {CALIB_CREATION_TIME: '15:59:47'}
# - __serialized_columns__:
#     efficiency:
#       __class__: astropy.units.quantity.Quantity
#       unit: !astropy.units.Unit {unit: '%'}
#       value: !astropy.table.SerializedColumn {name: efficiency}
#     wavelength:
#       __class__: astropy.units.quantity.Quantity
#       unit: !astropy.units.Unit {unit: nm}
#       value: !astropy.table.SerializedColumn {name: wavelength}
# schema: astropy-2.0
wavelength efficiency
300.0 0.051171332597732544
301.0 0.0407874962547794
302.0 0.03040366864297539
303.0 0.016345643962267786
304.0 0.0022876192815601826
305.0 1.7106299016189652e-10
306.0 1.7106299016189652e-10
307.0 0.0011094787623733282
308.0 0.007135926716728136
309.0 1.7106299016189652e-10
310.0 1.7106299016189652e-10
311.0 1.7106299016189652e-10
312.0 1.7106299016189652e-10
313.0 1.7106299016189652e-10
314.0 0.0043851425289176404
315.0 0.00996360249700956
316.0 0.01554206246510148
317.0 0.009648699051467702
318.0 0.003755336001631804
319.0 0.0015075452211021911
320.0 1.7106299016189652e-10
321.0 1.7106299016189652e-10
322.0 1.7106299016189652e-10
323.0 0.0029407825422822498
324.0 0.0066241736931260675
325.0 0.0034919590689241886
326.0 0.00035974492220702814
327.0 0.0009235721336153802
328.0 0.0014873990949126892
329.0 0.00046719728743482847
330.0 1.7106299016189652e-10
331.0 0.0011049537533835974
332.0 0.00276291357295122
333.0 0.0009248356036550831
334.0 1.7106299016189652e-10
335.0 1.7106299016189652e-10
336.0 1.7106299016189652e-10
337.0 1.7106299016189652e-10
338.0 0.0010545473742240574
339.0 1.7106299016189652e-10
340.0 1.7106299016189652e-10
341.0 9.157521390079637e-05
342.0 0.0015792687918292359
343.0 0.0006764734735043021
344.0 1.7106299016189652e-10
345.0 1.7106299016189652e-10
346.0 1.7106299016189652e-10
347.0 1.7106299016189652e-10
348.0 0.0003269754643042688
349.0 0.000849543994263513
350.0 0.0013721125469601247
351.0 0.0015165017430263106
352.0 0.001660891211940907
353.0 0.001441855783923529
354.0 0.0012228203559061512
355.0 0.0014356534848047886
356.0 0.0016484867956023663
357.0 0.0006195984951773426
358.0 1.7106299016189652e-10
359.0 1.7106299016189652e-10
360.0 1.7106299016189652e-10
361.0 1.7106299016189652e-10
362.0 1.7106299016189652e-10
363.0 0.0004241308033670066
364.0 0.0009667903213994578
365.0 0.000533078809894505
366.0 9.936740070770611e-05
367.0 1.7106299016189652e-10
368.0 1.7106299016189652e-10
369.0 1.7106299016189652e-10
370.0 1.7106299016189652e-10
371.0 1.7106299016189652e-10
372.0 1.7106299016189652e-10
373.0 0.00017626351791477646
374.0 0.0004505562174017541
375.0 0.0004826757049158914
376.0 0.0005147951924300287
377.0 0.0006257970198930707
378.0 0.0007367988473561127
379.0 0.0004092497874808032
380.0 8.170067076207488e-05
381.0 3.038450913095403e-06
382.0 1.7106299016189652e-10
383.0 1.7106299016189652e-10
384.0 1.7106299016189652e-10
385.0 0.0001141656753134157
386.0 0.000513324584971997
387.0 0.00018404175534669776
388.0 1.7106299016189652e-10
389.0 1.7106299016189652e-10
390.0 1.7106299016189652e-10
391.0 1.7106299016189652e-10
392.0 0.00034833171866921475
393.0 0.000981640459940536
394.0 0.0016149488146766089
395.0 0.0013133149877830874
396.0 0.0010116809789906256
397.0 0.0014195831681718118
398.0 0.001827485357352998
399.0 0.0023879751097410917
400.0 0.002948465225927066
401.0 0.004964823165209964
402.0 0.006981180922593921
403.0 0.004529855868895538
404.0 0.0020785309970960952
405.0 0.0002712210061872611
406.0 1.7106299016189652e-10
407.0 1.7106299016189652e-10
408.0 0.0008140676982293371
409.0 0.0028096554160583764
410.0 0.004805243224836886
411.0 0.0047791436372790486
412.0 0.00475304332212545
413.0 0.004626927329809405
414.0 0.00450081133749336
415.0 0.00504674571857322
416.0 0.005592679008259438
417.0 0.005359677379601635
418.0 0.005126675387145951
419.0 0.004852088022744283
420.0 0.004577501749736257
421.0 0.004711357178166509
422.0 0.004845213697990403
423.0 0.004886876922682859
424.0 0.004928538692183793
425.0 0.004962235107086599
426.0 0.0049959311581915244
427.0 0.003999024556833319
428.0 0.0030021181373740546
429.0 0.0032463573006680235
430.0 0.0034905966458609328
431.0 0.004444643491297029
432.0 0.005398689609137364
433.0 0.00469837395939976
434.0 0.0039980586734600365
435.0 0.0026460984372533858
436.0 0.001294138655794086
437.0 0.0010521941476326901
438.0 0.0008102496394712944
439.0 0.0012630589480977505
440.0 0.0017158681657747366
441.0 0.0013186137948650867
442.0 0.0009213589692080859
443.0 0.0011273238669673447
444.0 0.0013332884918781929
445.0 0.0008968171641754452
446.0 0.00046034583647269756
447.0 0.00021508467398234643
448.0 1.7106299016189652e-10
449.0 0.0004589833679347066
450.0 0.0009481434972258285
451.0 0.0006756229595339391
452.0 0.00040310228541784454
453.0 1.7106299016189652e-10
454.0 1.7106299016189652e-10
455.0 1.7106299016189652e-10
456.0 0.00018142233102480532
457.0 8.580793178225576e-05
458.0 1.7106299016189652e-10
459.0 1.7106299016189652e-10
460.0 1.7106299016189652e-10
461.0 0.00025123874820565106
462.0 0.0006253781975829042
463.0 0.0004498257567320252
464.0 0.0002742733613558812
465.0 8.388021228711295e-05
466.0 1.7106299016189652e-10
467.0 0.00021826990632689558
468.0 0.0005430526016425574
469.0 0.00047343169171654154
470.0 0.0004038106908410555
471.0 0.000306843253383704
472.0 0.00020987581592635252
473.0 0.00010119372291228501
474.0 1.7106299016189652e-10
475.0 0.00020742695596709382
476.0 0.0004223423275107052
477.0 0.0003379491317900829
478.0 0.00025355595880682813
479.0 0.00015378980151581345
480.0 5.402378064900404e-05
481.0 0.00043594577618932817
482.0 0.0008178677489922848
483.0 0.0010692682735680137
484.0 0.0013206688890932128
485.0 0.002332724216103088
486.0 0.0033447791793150827
487.0 0.005854158007423393
488.0 0.008363535744138062
489.0 0.01454315788578242
490.0 0.02072278002742678
491.0 0.026471339515410364
492.0 0.0322198960930109
493.0 0.03467992937657982
494.0 0.03713996848091483
495.0 0.03495978016871959
496.0 0.03277959185652435
497.0 0.02680589386727661
498.0 0.020832197333220392
499.0 0.015031590010039508
500.0 0.009230984142050147
501.0 0.005839721779921092
502.0 0.002448459781589918
503.0 0.001965913725143764
504.0 0.0014833675777481403
505.0 0.0020650144506362267
506.0 0.0026466615963727236
507.0 0.002841441710188519
508.0 0.0030362216421053745
509.0 0.003374863081262447
510.0 0.0037135047023184597
511.0 0.0029353730496950448
512.0 0.0021572413970716298
513.0 0.0018717732018558308
514.0 0.0015863051885389723
515.0 0.0014797137737332378
516.0 0.0013731224498769734
517.0 0.0016954543752945028
518.0 0.0020177860278636217
519.0 0.0016942500224104151
520.0 0.0013707138350582682
521.0 0.0012984846762265079
522.0 0.0012262557902431581
523.0 0.0015991901818779297
524.0 0.001972124846361112
525.0 0.0026777863240567967
526.0 0.003383447983651422
527.0 0.0043458061554702
528.0 0.0053081646910868585
529.0 0.005513053110917099
530.0 0.005717941166949458
531.0 0.005445138594950549
532.0 0.005172335295355879
533.0 0.004349739901954308
534.0 0.003527143780956976
535.0 0.002595920341263991
536.0 0.0016646967196720652
537.0 0.0017657364878687076
538.0 0.0018667764379642904
539.0 0.002671112997632008
540.0 0.0034754499210976064
541.0 0.004207087840768509
542.0 0.004938725760439411
543.0 0.0050003305659629405
544.0 0.005061935007688589
545.0 0.005213257463765331
546.0 0.005364579919842072
547.0 0.004330599767854437
548.0 0.0032966196158668026
549.0 0.00285354344669031
550.0 0.0024104670956148766
551.0 0.002516694257792551
552.0 0.002622921238071285
553.0 0.002750182284216862
554.0 0.002877443330362439
555.0 0.0023989035980775952
556.0 0.001920364229590632
557.0 0.0016112500816234387
558.0 0.0013021358427067753
559.0 0.0008899099157133605
560.0 0.0004776839432452107
561.0 0.0004372212515590945
562.0 0.00039675860534771346
563.0 0.0010119857506651897
564.0 0.0016272129869321361
565.0 0.00195182492461754
566.0 0.002276436862302944
567.0 0.0021416684830910526
568.0 0.002006899921980221
569.0 0.0017009271687129512
570.0 0.0013949538697488606
571.0 0.001051610797730973
572.0 0.0007082676802383503
573.0 0.0005424975825008005
574.0 0.0003767275302379858
575.0 0.00038497464629472233
576.0 0.0003932217623514589
577.0 0.0004638784048438538
578.0 0.0005345350928109838
579.0 0.00044557509681908414
580.0 0.0003566150553524494
581.0 0.0002683692628124845
582.0 0.00018012347027251963
583.0 0.00028647684757743264
584.0 0.00039283022488234565
585.0 0.00036248768537916476
586.0 0.00033214512313861633
587.0 0.0005586227416642942
588.0 0.0007851003829273395
589.0 0.0010294205821992364
590.0 0.0012737408724206034
591.0 0.001129974134528311
592.0 0.0009862073966360185
593.0 0.0008019152119231876
594.0 0.0006176231181598268
595.0 0.0006217999271029839
596.0 0.0006259766450966708
597.0 0.00038237872104218695
598.0 0.00013878084246243816
599.0 0.00017698513374853064
600.0 0.00021518947050935822
601.0 0.00041377475099579897
602.0 0.0006123600087448722
603.0 0.0003879167252307525
604.0 0.00016347346445400035
605.0 0.00029135553631931543
606.0 0.0004192375399725279
607.0 0.0003482946567601175
608.0 0.0002773517508103396
609.0 0.0004534312665782636
610.0 0.0006295108505582903
611.0 0.0005997267635393655
612.0 0.0005699427219951758
613.0 0.0003395452495169593
614.0 0.00010914776567005902
615.0 0.00021966604890621966
616.0 0.0003301843662484316
617.0 0.0004492784682952333
618.0 0.0005683727522409754
619.0 0.0004963381798006594
620.0 0.0004243037437845487
621.0 0.0002725859758356819
622.0 0.00012086825336155016
623.0 7.291586712199205e-05
624.0 2.496354625236563e-05
625.0 0.0001659767804085277
626.0 0.00030699004582857015
627.0 0.00032148680020327447
628.0 0.0003359835545779788
629.0 0.00031502531783189625
630.0 0.00029406710382318124
631.0 0.00028212530196469743
632.0 0.0002701835001062136
633.0 0.00028591261980182026
634.0 0.0003016417394974269
635.0 0.0002847256837412715
636.0 0.00026780965072248364
637.0 0.00028403255782905035
638.0 0.00030025551041035214
639.0 0.0004329584498918848
640.0 0.0005656612756865798
641.0 0.0004244816409482155
642.0 0.0002833019834724837
643.0 0.0003393388624317595
644.0 0.00039537562770419754
645.0 0.0005456408416648628
646.0 0.000695906010150793
647.0 0.000609108064963948
648.0 0.0005223100288276328
649.0 0.0005522781066247262
650.0 0.0005822461389470845
651.0 0.0006766601927665761
652.0 0.0007710742465860676
653.0 0.0007834978532628156
654.0 0.000795921641838504
655.0 0.0007852559065213427
656.0 0.0007745901712041814
657.0 0.0011323706530674826
658.0 0.0014901511349307839
659.0 0.002742581636994146
660.0 0.03129689721390605
661.0 0.055033486569300294
662.0 0.07578579243272543
663.0 0.11703644413501024
664.0 0.11334670707583427
665.0 0.08628019131720066
666.0 0.12833366636186838
667.0 0.11465611169114709
668.0 0.14877248322591186
669.0 0.25695913936942816
670.0 0.26969893369823694
671.0 0.3485268447548151
672.0 0.6191092077642679
673.0 0.9611974470317364
674.0 1.5261703170835972
675.0 2.25725919008255
676.0 3.2456953078508377
677.0 4.588431492447853
678.0 5.9137653559446335
679.0 7.351084798574448
680.0 9.130032360553741
681.0 11.163484305143356
682.0 13.652004301548004
683.0 16.504624485969543
684.0 19.55053061246872
685.0 22.569605708122253
686.0 25.606921315193176
687.0 28.860801458358765
688.0 31.976673007011414
689.0 35.07152795791626
690.0 38.53118121623993
691.0 42.31689274311066
692.0 46.76724374294281
693.0 51.63644552230835
694.0 57.22651481628418
695.0 62.75593638420105
696.0 68.98339986801147
697.0 74.65243935585022
698.0 80.83234429359436
699.0 85.64764857292175
700.0 89.63363766670227
701.0 92.93493032455444
702.0 95.1850414276123
703.0 96.49277925491333
704.0 97.20803499221802
705.0 97.74209260940552
706.0 97.86943793296814
707.0 98.04177284240723
708.0 98.12884330749512
709.0 98.19645881652832
710.0 97.94561266899109
711.0 98.10379147529602
712.0 98.00921082496643
713.0 98.04260730743408
714.0 98.16686511039734
715.0 98.17706942558289
716.0 98.0621874332428
717.0 98.318350315094
718.0 98.32484126091003
719.0 98.31677675247192
720.0 98.59777092933655
721.0 98.5024631023407
722.0 98.21383953094482
723.0 98.03858399391174
724.0 97.74413704872131
725.0 97.46491312980652
726.0 97.15763926506042
727.0 96.8637228012085
728.0 96.52742743492126
729.0 96.25792503356934
730.0 96.28824591636658
731.0 96.3406503200531
732.0 96.29332423210144
733.0 96.69952988624573
734.0 97.04859852790833
735.0 97.32176661491394
736.0 97.75792360305786
737.0 98.08784127235413
738.0 98.40008616447449
739.0 98.71299266815186
740.0 98.81935715675354
741.0 98.66883754730225
742.0 98.98613095283508
743.0 98.84368777275085
744.0 98.65099787712097
745.0 98.66305589675903
746.0 98.60464334487915
747.0 98.94488453865051
748.0 98.73772859573364
749.0 98.62093329429626
750.0 98.61158728599548
751.0 98.48722219467163
752.0 98.45483899116516
753.0 98.6623466014862
754.0 98.61365556716919
755.0 98.70949983596802
756.0 98.70166778564453
757.0 98.68566989898682
758.0 98.83516430854797
759.0 98.86824488639832
760.0 98.73576760292053
761.0 98.57867360115051
762.0 98.69531989097595
763.0 98.66782426834106
764.0 98.4577476978302
765.0 98.45378398895264
766.0 98.51768612861633
767.0 98.38528633117676
768.0 98.43223690986633
769.0 98.44728708267212
770.0 98.23148250579834
771.0 98.33353757858276
772.0 98.37623238563538
773.0 98.2852578163147
774.0 98.14026355743408
775.0 98.28345775604248
776.0 98.15013408660889
777.0 98.19675087928772
778.0 98.17612767219543
779.0 98.13038110733032
780.0 97.96377420425415
781.0 98.20539951324463
782.0 98.07628989219666
783.0 98.08669090270996
784.0 98.03255200386047
785.0 98.17466139793396
786.0 98.294997215271
787.0 98.08706045150757
788.0 98.18317890167236
789.0 98.28697443008423
790.0 98.25013279914856
791.0 98.31492900848389
792.0 98.15206527709961
793.0 98.12451601028442
794.0 98.11080694198608
795.0 98.02977442741394
796.0 98.08257818222046
797.0 98.22932481765747
798.0 98.22255969047546
799.0 98.09620976448059
800.0 97.95388579368591
801.0 97.92672395706177
802.0 97.92589545249939
803.0 97.69110083580017
804.0 97.63187766075134
805.0 97.29571342468262
806.0 97.04335927963257
807.0 96.50242328643799
808.0 95.84233164787292
809.0 95.18207311630249
810.0 94.2073106765747
811.0 92.71990656852722
812.0 91.0346269607544
813.0 88.8789176940918
814.0 86.36322617530823
815.0 83.22513699531555
816.0 79.93599772453308
817.0 75.94003081321716
818.0 71.3237464427948
819.0 67.06172823905945
820.0 62.03240156173706
821.0 57.340967655181885
822.0 52.73994207382202
823.0 48.0425626039505
824.0 43.31451952457428
825.0 38.93399238586426
826.0 34.37719643115997
827.0 29.704517126083374
828.0 25.407764315605164
829.0 21.170644462108612
830.0 16.718707978725433
831.0 13.183550536632538
832.0 9.557382762432098
833.0 6.644997000694275
834.0 4.337414726614952
835.0 2.7069643139839172
836.0 1.6461877152323723
837.0 0.9771167300641537
838.0 0.5508875008672476
839.0 0.314801512286067
840.0 0.19598007202148438
841.0 0.11603161692619324
842.0 0.06327120936475694
843.0 0.01574022026034072
844.0 0.025485362857580185
845.0 0.012198174226796255
846.0 1.7106299016189652e-10
847.0 1.7106299016189652e-10
848.0 1.7106299016189652e-10
849.0 1.7106299016189652e-10
850.0 1.7106299016189652e-10
851.0 0.0033085085306083784
852.0 0.00313705786538776
853.0 0.0025153734895866364
854.0 0.0018936896594823338
855.0 0.0012294758562347852
856.0 0.0005652624167851172
857.0 0.0005053437234892044
858.0 0.00044542516661749687
859.0 0.00048179035729845054
860.0 0.0005181556389288744
861.0 0.0002949829649878666
862.0 7.181032515291008e-05
863.0 6.6521289454613e-05
864.0 6.123229354670912e-05
865.0 0.00015369188304248382
866.0 0.0002461514895912842
867.0 0.00014757152939637308
868.0 4.899151235804311e-05
869.0 5.5744667548651705e-06
870.0 1.7106299016189652e-10
871.0 1.7106299016189652e-10
872.0 3.878440679727646e-06
873.0 5.978533579309442e-06
874.0 8.078585267412564e-06
875.0 1.7106299016189652e-10
876.0 1.7106299016189652e-10
877.0 0.00010929959444183623
878.0 0.00024299897631863132
879.0 0.00016957081925284
880.0 9.61426621870487e-05
881.0 0.00010048504464066355
882.0 0.00010482742709427839
883.0 0.0001856266635513748
884.0 0.00026642587727110367
885.0 0.00012682678516284795
886.0 1.7106299016189652e-10
887.0 1.7106299016189652e-10
888.0 1.7106299016189652e-10
889.0 1.7106299016189652e-10
890.0 1.7106299016189652e-10
891.0 4.7608861564185645e-05
892.0 0.00018816915599018103
893.0 0.00011206055887669208
894.0 3.59519589210322e-05
895.0 1.7106299016189652e-10
