lsstCam/transmission_filter_detector/r01_s21/g_6/19700101T000000.ecsv
# %ECSV 1.0
# ---
# datatype:
# - {name: wavelength, unit: nm, datatype: float32}
# - {name: efficiency, unit: '%', datatype: float64}
# meta: !!omap
# - {MODE: DETECTOR}
# - {TYPE: transmission_filter_detector}
# - {CALIBDATE: '1970-01-01T00:00:00'}
# - {INSTRUME: LSSTCam}
# - {OBSTYPE: transmission_filter_detector}
# - {CALIBCLS: lsst.ip.isr.IntermediateFilterDetectorTransmissionCurve}
# - {SOURCE: Materion (DM-46256)}
# - {DETECTOR: 7}
# - {FILTER: g_6}
# - {CALIB_ID: 'calibDate=1970-01-01T00:00:00 filter=g_6 detector=7'}
# - {DATE: '2025-04-02T15:59:42.063008'}
# - {CALIB_CREATION_DATE: '2025-04-02'}
# - {CALIB_CREATION_TIME: '15:59:42'}
# - __serialized_columns__:
#     efficiency:
#       __class__: astropy.units.quantity.Quantity
#       unit: !astropy.units.Unit {unit: '%'}
#       value: !astropy.table.SerializedColumn {name: efficiency}
#     wavelength:
#       __class__: astropy.units.quantity.Quantity
#       unit: !astropy.units.Unit {unit: nm}
#       value: !astropy.table.SerializedColumn {name: wavelength}
# schema: astropy-2.0
wavelength efficiency
[from data line 608]
908.0 0.0004646521574613871
909.0 0.0004084246484126197
910.0 0.00035351106362213613
911.0 0.0002985975015690201
912.0 0.0004232687842886662
913.0 0.0005479400897456799
914.0 0.00032185414511332056
915.0 9.576822321832879e-05
916.0 0.00013825393807564978
917.0 0.000180739641564287
918.0 0.00025839603949862067
919.0 0.00033605242606427055
920.0 0.00034661377412703587
921.0 0.0003571751221898012
922.0 0.0004989881745132152
923.0 0.0006408011813618941
924.0 0.0005744938789575826
925.0 0.000508186485603801
926.0 0.0005334577053872636
927.0 0.0005587290615949314
928.0 0.0005336896720109507
929.0 0.0005086503733764403
930.0 0.0005284578946884722
931.0 0.0005482654614752391
932.0 0.0004949222329742042
933.0 0.0004415790499479044
934.0 0.00044055914258933626
935.0 0.0004395392807055032
936.0 0.0005068032805866096
937.0 0.0005740673259424511
938.0 0.0006560741894645616
939.0 0.0007380810075119371
940.0 0.0006002533154969569
941.0 0.00046242548705777153
942.0 0.000677841035212623
943.0 0.0008932565833674744
944.0 0.0006710781235597096
945.0 0.0004488995728024747
946.0 0.0005062806849309709
947.0 0.0005636617970594671
948.0 0.0009075095476873685
949.0 0.0012513574802142102
950.0 0.001052528023137711
951.0 0.0008536985660612117
952.0 0.0008734335096960422
953.0 0.0008931683623814024
954.0 0.0008295176485262346
955.0 0.0007658670256205369
956.0 0.0006826739991083741
957.0 0.000599480790697271
958.0 0.0006634026249230374
959.0 0.0007273245500982739
960.0 0.0006181414391903672
961.0 0.0005089581918582553
962.0 0.0005955813321634196
963.0 0.0006822044269938488
964.0 0.0007783302862662822
965.0 0.0008744559636397753
966.0 0.0008463222911814228
967.0 0.0008181886187230702
968.0 0.0007586238552903524
969.0 0.0006990590463828994
970.0 0.0007117759196262341
971.0 0.0007244928383443039
972.0 0.0008017840627871919
973.0 0.0008790753781795502
974.0 0.0008507578968419693
975.0 0.000822440688352799
976.0 0.0008699518730281852
977.0 0.0009174632396025117
978.0 0.0009857092663878575
979.0 0.0010539552931732032
980.0 0.001078111381502822
981.0 0.0011022674698324408
982.0 0.001033098487823736
983.0 0.0009639294148655608
984.0 0.0009468347343499772
985.0 0.0009297403266828042
986.0 0.001107122534449445
987.0 0.0012845046512666158
988.0 0.0012788780622940976
989.0 0.001273251291422639
990.0 0.0014077334526518825
991.0 0.0015422157957800664
992.0 0.0014975445083109662
993.0 0.0014528733117913362
994.0 0.0014403376553673297
995.0 0.0014278021808422636
996.0 0.0013197284715715796
997.0 0.0012116547623008955
998.0 0.001353296192974085
999.0 0.0014949377145967446
1000.0 0.0014120143532636575
1001.0 0.0013290909919305705
1002.0 0.001204028376378119
1003.0 0.0010789657608256675
1004.0 0.0011140390597574878
1005.0 0.0011491120858408976
1006.0 0.0013901880265621003
1007.0 0.001631264058232773
1008.0 0.0016272808352368884
1009.0 0.001623298339836765
1010.0 0.0017347394532407634
1011.0 0.001846180748543702
1012.0 0.001973506914509926
1013.0 0.0021008332623750903
1014.0 0.002160180338250939
1015.0 0.002219527777924668
1016.0 0.0025536804969306104
1017.0 0.002887833943532314
1018.0 0.0030815797799732536
1019.0 0.0032753257983131334
1020.0 0.00333511306962464
1021.0 0.0033949003409361467
1022.0 0.0036957670090487227
1023.0 0.003996633677161299
1024.0 0.004112286842428148
1025.0 0.004227939643897116
1026.0 0.004310498479753733
1027.0 0.004393056588014588
1028.0 0.004446622551768087
1029.0 0.004500188151723705
1030.0 0.004698573684436269
1031.0 0.004896958853350952
1032.0 0.005277726450003684
1033.0 0.005658494410454296
1034.0 0.00546909031982068
1035.0 0.005279686592984945
1036.0 0.0054235828429227695
1037.0 0.005567478729062714
1038.0 0.005728274118155241
1039.0 0.005889069871045649
1040.0 0.006324150308500975
1041.0 0.006759229290764779
1042.0 0.00702958059264347
1043.0 0.007299931166926399
1044.0 0.007521337829530239
1045.0 0.0077427430369425565
1046.0 0.008691733819432557
1047.0 0.009640723874326795
1048.0 0.011181486479472369
1049.0 0.012722246174234897
1050.0 0.015199657354969531
1051.0 0.017677064170129597
1052.0 0.021366569853853434
1053.0 0.025056081358343363
1054.0 0.029946822905912995
1055.0 0.03483756445348263
1056.0 0.04172428452875465
1057.0 0.04861099587287754
1058.0 0.0562820874620229
1059.0 0.06395316449925303
1060.0 0.07154421764425933
1061.0 0.07913523586466908
1062.0 0.08625949849374592
1063.0 0.09338372619822621
1064.0 0.09863354498520494
1065.0 0.10388334048911929
1066.0 0.10902005014941096
1067.0 0.11415675980970263
1068.0 0.120507029350847
1069.0 0.12685733381658792
1070.0 0.13675153022632003
1071.0 0.14664573827758431
1072.0 0.15994651475921273
1073.0 0.17324726795777678
1074.0 0.18723177490755916
1075.0 0.20121631678193808
1076.0 0.21502336021512747
1077.0 0.22883040364831686
1078.0 0.24318296927958727
1079.0 0.2575355116277933
1080.0 0.275172246620059
1081.0 0.29280895832926035
1082.0 0.32066626008599997
1083.0 0.3485235385596752
1084.0 0.38739738520234823
1085.0 0.42627127841115
1086.0 0.46181674115359783
1087.0 0.49736215732991695
1088.0 0.5611334461718798
1089.0 0.6249047350138426
1090.0 0.7025988306850195
1091.0 0.7802929263561964
1092.0 0.8099406957626343
1093.0 0.8395882323384285
1094.0 0.8767223916947842
1095.0 0.9138560853898525
1096.0 0.9584208019077778
1097.0 1.0029856115579605
1098.0 1.0238269343972206
1099.0 1.0446684435009956
1100.0 1.2020536698400974
1101.0 1.359438430517912
