lsstCam/transmission_filter_detector/r01_s21/g_6/19700101T000000.ecsv
# %ECSV 1.0
# ---
# datatype:
# - {name: wavelength, unit: nm, datatype: float32}
# - {name: efficiency, unit: '%', datatype: float64}
# meta: !!omap
# - {MODE: DETECTOR}
# - {TYPE: transmission_filter_detector}
# - {CALIBDATE: '1970-01-01T00:00:00'}
# - {INSTRUME: LSSTCam}
# - {OBSTYPE: transmission_filter_detector}
# - {CALIBCLS: lsst.ip.isr.IntermediateFilterDetectorTransmissionCurve}
# - {SOURCE: Materion (DM-46256)}
# - {DETECTOR: 7}
# - {FILTER: g_6}
# - {CALIB_ID: 'calibDate=1970-01-01T00:00:00 filter=g_6 detector=7'}
# - {DATE: '2025-04-02T15:59:42.063008'}
# - {CALIB_CREATION_DATE: '2025-04-02'}
# - {CALIB_CREATION_TIME: '15:59:42'}
# - __serialized_columns__:
#     efficiency:
#       __class__: astropy.units.quantity.Quantity
#       unit: !astropy.units.Unit {unit: '%'}
#       value: !astropy.table.SerializedColumn {name: efficiency}
#     wavelength:
#       __class__: astropy.units.quantity.Quantity
#       unit: !astropy.units.Unit {unit: nm}
#       value: !astropy.table.SerializedColumn {name: wavelength}
# schema: astropy-2.0
wavelength efficiency
300.0 0.5019638687372208
301.0 0.37241559475660324
302.0 0.24286729749292135
303.0 0.22004679776728153
304.0 0.19722627475857735
305.0 0.20447324495762587
306.0 0.21172023843973875
307.0 0.21777825895696878
308.0 0.22383625619113445
309.0 0.2199172042310238
310.0 0.2159981755539775
311.0 0.20902487449347973
312.0 0.20205159671604633
313.0 0.19968466367572546
314.0 0.1973177306354046
315.0 0.18784422427415848
316.0 0.17837074119597673
317.0 0.17921882681548595
318.0 0.1800669590011239
319.0 0.16402386827394366
320.0 0.14798075426369905
321.0 0.14327120734378695
322.0 0.13856168370693922
323.0 0.11688474332913756
324.0 0.09520783787593246
325.0 0.08710596011951566
326.0 0.07900408818386495
327.0 0.07121177623048425
328.0 0.06341945845633745
329.0 0.06091842078603804
330.0 0.05841737729497254
331.0 0.05542673170566559
332.0 0.05243609193712473
333.0 0.04781880707014352
334.0 0.04320152220316231
335.0 0.04211016930639744
336.0 0.04101881349924952
337.0 0.04163273551966995
338.0 0.042246654629707336
339.0 0.040528568206354976
340.0 0.038810487603768706
341.0 0.037335167871788144
342.0 0.03585985105019063
343.0 0.032406041282229125
344.0 0.028952231514267623
345.0 0.025788330822251737
346.0 0.022624427219852805
347.0 0.02119098207913339
348.0 0.019757534028030932
349.0 0.018038814596366137
350.0 0.6317572202533484
351.0 0.882229395210743
352.0 0.5188183393329382
353.0 0.8329047821462154
354.0 0.5602093879133463
355.0 0.756911700591445
356.0 0.6701445672661066
357.0 0.6710050627589226
358.0 0.4914915654808283
359.0 0.8148430846631527
360.0 0.6622147746384144
361.0 0.8145042695105076
362.0 0.5475790705531836
363.0 1.035948283970356
364.0 0.5967420525848866
365.0 0.7404401432722807
366.0 0.4138881340622902
367.0 0.6638289894908667
368.0 0.4191877320408821
369.0 0.5781081505119801
370.0 0.41567166335880756
371.0 0.5745194386690855
372.0 0.47165690921247005
373.0 0.629435246810317
374.0 0.48477803356945515
375.0 0.5385815165936947
376.0 0.33483365550637245
377.0 0.43379412963986397
378.0 0.41212220676243305
379.0 0.38114343769848347
380.0 0.34042701590806246
381.0 0.5478725768625736
382.0 0.5799880251288414
383.0 0.6247773300856352
384.0 0.5678628571331501
385.0 0.5274918861687183
386.0 0.7002309896051884
387.0 0.708489865064621
388.0 0.9243620559573174
389.0 1.187636610120535
390.0 1.8044598400592804
391.0 2.7227217331528664
392.0 4.269886761903763
393.0 6.802631169557571
394.0 10.228513926267624
395.0 14.891526103019714
396.0 20.700521767139435
397.0 27.922308444976807
398.0 36.369794607162476
399.0 45.632219314575195
400.0 54.997795820236206
401.0 63.97683620452881
402.0 72.39229083061218
403.0 79.38713431358337
404.0 84.57006216049194
405.0 88.43501806259155
406.0 90.5613660812378
407.0 92.26723909378052
408.0 93.29798817634583
409.0 93.78170967102051
410.0 93.90566945075989
411.0 93.8324511051178
412.0 93.49781274795532
413.0 93.23059320449829
414.0 93.12908053398132
415.0 93.27029585838318
416.0 93.57322454452515
417.0 93.9399242401123
418.0 94.38755512237549
419.0 94.98881101608276
420.0 95.4816460609436
421.0 96.09888195991516
422.0 96.2421715259552
423.0 96.44896984100342
424.0 96.24415040016174
425.0 96.19952440261841
426.0 96.17616534233093
427.0 96.18220329284668
428.0 96.02051377296448
429.0 95.86485028266907
430.0 95.77310681343079
431.0 95.7991361618042
432.0 95.80069184303284
433.0 95.9135353565216
434.0 96.01454734802246
435.0 96.08325362205505
436.0 96.17280960083008
437.0 96.15468978881836
438.0 96.18607759475708
439.0 96.31621241569519
440.0 96.24283909797668
441.0 96.37865424156189
442.0 96.37092351913452
443.0 96.35608792304993
444.0 96.32132053375244
445.0 96.07398509979248
446.0 95.92568874359131
447.0 95.65884470939636
448.0 95.69059014320374
449.0 95.85631489753723
450.0 96.075439453125
451.0 96.32049202919006
452.0 96.46002054214478
453.0 96.59757018089294
454.0 96.6532289981842
455.0 96.93584442138672
456.0 97.05670475959778
457.0 97.20044732093811
458.0 97.23454117774963
459.0 97.23418951034546
460.0 97.2186028957367
461.0 97.38240838050842
462.0 97.32478857040405
463.0 97.15942144393921
464.0 97.33686447143555
465.0 97.25817441940308
466.0 97.18684554100037
467.0 97.20253348350525
468.0 97.2665011882782
469.0 97.28251099586487
470.0 97.16387391090393
471.0 97.03653454780579
472.0 97.09208011627197
473.0 96.9636082649231
474.0 96.87782526016235
475.0 96.92385196685791
476.0 96.95186018943787
477.0 96.9919502735138
478.0 97.12375998497009
479.0 97.0623791217804
480.0 97.22248911857605
481.0 97.3434567451477
482.0 97.52214550971985
483.0 97.42620587348938
484.0 97.64853119850159
485.0 97.6457417011261
486.0 97.64991402626038
487.0 97.6848840713501
488.0 97.68532514572144
489.0 97.80977964401245
490.0 97.7370023727417
491.0 97.7896511554718
492.0 97.75620698928833
493.0 97.72986173629761
494.0 97.66924381256104
495.0 97.78690338134766
496.0 97.58813977241516
497.0 97.54211902618408
498.0 97.31898903846741
499.0 97.38569855690002
500.0 97.28798270225525
501.0 97.26628065109253
502.0 97.18051552772522
503.0 97.32785820960999
504.0 97.15178608894348
505.0 97.17755913734436
506.0 97.16498255729675
507.0 97.121661901474
508.0 97.13088274002075
509.0 97.16614484786987
510.0 97.09957838058472
511.0 97.02978730201721
512.0 96.95625305175781
513.0 97.05667495727539
514.0 97.00179696083069
515.0 97.0285177230835
516.0 97.12047576904297
517.0 97.1422553062439
518.0 97.21460342407227
519.0 97.24764823913574
520.0 97.33816981315613
521.0 97.39362001419067
522.0 97.38953709602356
523.0 97.36413359642029
524.0 97.40054607391357
525.0 97.34998345375061
526.0 97.4749505519867
527.0 97.47345447540283
528.0 97.56380915641785
529.0 97.60515093803406
530.0 97.63436913490295
531.0 97.76198863983154
532.0 97.64005541801453
533.0 97.66121506690979
534.0 97.64432311058044
535.0 97.42828607559204
536.0 97.10156917572021
537.0 96.58340215682983
538.0 95.82903385162354
539.0 94.48103904724121
540.0 92.73608326911926
541.0 90.14585614204407
542.0 87.39857077598572
543.0 83.79015326499939
544.0 79.20864820480347
545.0 75.17364621162415
546.0 70.2357828617096
547.0 65.74210524559021
548.0 61.18994355201721
549.0 57.163429260253906
550.0 54.0025532245636
551.0 50.900596380233765
552.0 48.54225814342499
553.0 46.01146876811981
554.0 43.13798546791077
555.0 39.93314504623413
556.0 35.66781282424927
557.0 30.7615727186203
558.0 25.38352608680725
559.0 20.07012367248535
560.0 14.945769309997559
561.0 10.186860710382462
562.0 6.585169583559036
563.0 3.893781080842018
564.0 2.1377744153141975
565.0 1.0470295324921608
566.0 0.5666029639542103
567.0 0.2822865732014179
568.0 0.1722671091556549
569.0 0.10330525692552328
570.0 0.07612257613800466
571.0 0.04622373671736568
572.0 0.05878572701476514
573.0 0.027973492979072034
574.0 0.03717360959853977
575.0 0.028342934092506766
576.0 0.04357566649559885
577.0 0.025721016572788358
578.0 0.029627521871589124
579.0 0.020843408128712326
580.0 0.03478667640592903
581.0 0.01667900796746835
582.0 0.02021026739384979
583.0 0.013733033847529441
584.0 0.01867628889158368
585.0 0.01721373264444992
586.0 0.023700576275587082
587.0 0.010538195056142285
588.0 0.01292901870328933
589.0 0.01369904784951359
590.0 0.02720165066421032
591.0 0.016102912195492536
592.0 0.02075290831271559
593.0 0.01155737045337446
594.0 0.011135527165606618
595.0 0.018921551236417145
596.0 0.006249162834137678
597.0 0.019559224892873317
598.0 0.017018809739965945
599.0 0.006824422598583624
600.0 1.6488045737755863e-10
601.0 0.002340141509193927
602.0 0.002415964991087094
603.0 0.0024917882910813205
604.0 0.0022423309928853996
605.0 0.001992873876588419
606.0 0.002025372850766871
607.0 0.002057871643046383
608.0 0.0018731221643975005
609.0 0.0016883728676475585
610.0 0.0017946116713574156
611.0 0.0019008504750672728
612.0 0.0017912603652803227
613.0 0.0016816702554933727
614.0 0.0017468026271671988
615.0 0.0018119351807399653
616.0 0.001937477100000251
617.0 0.0020630188373615965
618.0 0.0018935897969640791
619.0 0.0017241607565665618
620.0 0.001741328560456168
621.0 0.0017584961824468337
622.0 0.0015552725017187186
623.0 0.0013520485481421929
624.0 0.0014402556189452298
625.0 0.0015284629625966772
626.0 0.0014283416021498851
627.0 0.001328220696450444
628.0 0.0014241859389585443
629.0 0.0015201516362139955
630.0 0.0013738637790083885
631.0 0.0012275758308533113
632.0 0.0013960320757178124
633.0 0.001564488047733903
634.0 0.001442962820874527
635.0 0.0013214373211667407
636.0 0.0013445887816487812
637.0 0.0013677406968781725
638.0 0.0012444019375834614
639.0 0.0011210630873392802
640.0 0.0010980747902067378
641.0 0.0010750861292763148
642.0 0.0012739318663079757
643.0 0.001472777785238577
644.0 0.0014109568837739062
645.0 0.001349135800410295
646.0 0.0012575909750012215
647.0 0.0011660462405416183
648.0 0.001065756987372879
649.0 0.0009654675523051992
650.0 0.001174007684312528
651.0 0.001382547361572506
652.0 0.0011674319466692396
653.0 0.0009523166227154434
654.0 0.0010838945854629856
655.0 0.001215472639159998
656.0 0.0012222863915667403
657.0 0.0012290999620745424
658.0 0.0011221303793718107
659.0 0.0010151611604669597
660.0 0.0009570742804498877
661.0 0.0008989873094833456
662.0 0.0010359043699281756
663.0 0.0011728218851203565
664.0 0.0012200374840176664
665.0 0.001267252901016036
666.0 0.0011761655514419544
667.0 0.0010850779290194623
668.0 0.0011839472790597938
669.0 0.0012828167200495955
670.0 0.0012260398762009572
671.0 0.0011692629414028488
672.0 0.0011675089808704797
673.0 0.0011657549293886404
674.0 0.001149915078713093
675.0 0.0011340752280375455
676.0 0.0010417404155305121
677.0 0.000949405239225598
678.0 0.001100270492315758
679.0 0.0012511358363553882
680.0 0.0010991345334332436
681.0 0.0009471331395616289
682.0 0.0009865961146715563
683.0 0.0010260589988320135
684.0 0.0009238267011824064
685.0 0.0008215943125833292
686.0 0.001015960515360348
687.0 0.0012103268090868369
688.0 0.0011630946573859546
689.0 0.0011158625056850724
690.0 0.0010072129043692257
691.0 0.0008985633940028492
692.0 0.0009143894203589298
693.0 0.0009302154467150103
694.0 0.00099559583759401
695.0 0.0010609761375235394
696.0 0.0011003859981428832
697.0 0.0011397954949643463
698.0 0.00129503850985202
699.0 0.0014502815247396939
700.0 0.0012310721103858668
701.0 0.0010118625141330995
702.0 0.0011474302482383791
703.0 0.0012829978004447185
704.0 0.0012158305253251456
705.0 0.0011486627954582218
706.0 0.0011621431440289598
707.0 0.0011756234016502276
708.0 0.001095826974051306
709.0 0.0010160306374018546
710.0 0.001186705685540801
711.0 0.001357381188427098
712.0 0.001264011825696798
713.0 0.0011706427358149085
714.0 0.0012290068298170809
715.0 0.0012873711966676638
716.0 0.0014858344911772292
717.0 0.0016842981494846754
718.0 0.0019623768821475096
719.0 0.002240455251012463
720.0 0.0018421997083351016
721.0 0.0014439439837587997
722.0 0.0015498520951950923
723.0 0.0016557605704292655
724.0 0.0016496664102305658
725.0 0.0016435722500318661
726.0 0.0017840944565250538
727.0 0.0019246162992203608
728.0 0.0019499459085636772
729.0 0.001975275154109113
730.0 0.0019983017409686
731.0 0.0020213281459291466
732.0 0.0019541983419912867
733.0 0.0018870685380534269
734.0 0.0016428362869191915
735.0 0.0013986043086333666
736.0 0.001260497811017558
737.0 0.001122391131502809
738.0 0.001109923960029846
739.0 0.0010974568795063533
740.0 0.0009356034752272535
741.0 0.0007737497980997432
742.0 0.0007117291261238279
743.0 0.0006497084996226477
744.0 0.0008865108611644246
745.0 0.0011233133591304068
746.0 0.0010929976269835606
747.0 0.0010626818948367145
748.0 0.0011710427315847483
749.0 0.001279403568332782
750.0 0.0010802453289215919
751.0 0.0008810874533082824
752.0 0.0007896253009676002
753.0 0.0006981634214753285
754.0 0.0008399000762437936
755.0 0.0009816367310122587
756.0 0.0009028967724589165
757.0 0.000824156632006634
758.0 0.0008861261449055746
759.0 0.0009480960216023959
760.0 0.0007374033884843811
761.0 0.0005267107098916313
762.0 0.0005554958079301286
763.0 0.0005842808150191559
764.0 0.0007060465577524155
765.0 0.0008278125278593507
766.0 0.000742819474908174
767.0 0.0006578264674317325
768.0 0.0005655525455949828
769.0 0.00047327857828349806
770.0 0.0003744747573364293
771.0 0.0002756709363893606
772.0 0.0005069376129540615
773.0 0.0007382044259429676
774.0 0.0008090171832009219
775.0 0.0008798300768830813
776.0 0.0008331611752510071
777.0 0.0007864921826694626
778.0 0.0007710794307058677
779.0 0.0007556666787422728
780.0 0.000674528655508766
781.0 0.000593390586800524
782.0 0.0005824201252835337
783.0 0.0005714495273423381
784.0 0.0007073550023051212
785.0 0.000843260386318434
786.0 0.0007551685030193767
787.0 0.0006670769380434649
788.0 0.0003897971964761382
789.0 0.00011251747764617903
790.0 0.00019671629161166493
791.0 0.0002809150828397833
792.0 0.0002972590209537884
793.0 0.00031360295906779356
794.0 0.00033186672681040363
795.0 0.00035013056276511634
796.0 0.0003983782789873658
797.0 0.00044662606342171784
798.0 0.00048532656364841387
799.0 0.0005240270638751099
800.0 0.0005310144388204208
801.0 0.0005380019501899369
802.0 0.0004472642558539519
803.0 0.00035652662973006954
804.0 0.00030511434943036875
805.0 0.00025370218281750567
806.0 0.0003188212076565833
807.0 0.0003839402324956609
808.0 0.00038742418837500736
809.0 0.00039090814425435383
810.0 0.0003151668352074921
811.0 0.00023942545794852776
812.0 0.00023187351416709134
813.0 0.00022432154764828738
814.0 0.0003148218866044772
815.0 0.000405322225560667
816.0 0.0004913697466690792
817.0 0.0005774171768280212
818.0 0.0003731028982656426
819.0 0.00016878861970326398
820.0 0.00038782004594395403
821.0 0.0006068513812351739
822.0 0.00048101524043886457
823.0 0.0003551790769051877
824.0 0.00040935656215879135
825.0 0.0004635339792002924
826.0 0.000591610478295479
827.0 0.0007196869319159305
828.0 0.0006030567874404369
829.0 0.0004864265974902082
830.0 0.00042807387217180803
831.0 0.0003697211695907754
832.0 0.00047211669880198315
833.0 0.0005745121143263532
834.0 0.00044347666516841855
835.0 0.00031244123874785146
836.0 0.00043910572458116803
837.0 0.0005657702786265872
838.0 0.0004944300144416047
839.0 0.0004230897957313573
840.0 0.0005403881459642434
841.0 0.0006576864507223945
842.0 0.0003651350880318205
843.0 7.258361733875063e-05
844.0 9.188603939946915e-05
845.0 0.00011118846714452957
846.0 0.0004134861683269264
847.0 0.0007157839718274772
848.0 0.0005798111487820279
849.0 0.00044383841668604873
850.0 0.0004691590220318176
851.0 0.0004944796728523215
852.0 0.0005591162334894761
853.0 0.000623752384854015
854.0 0.0005772003532911185
855.0 0.0005306480943545466
856.0 0.0005352736934582936
857.0 0.0005398994289862458
858.0 0.0005724449692934286
859.0 0.0006049905096006114
860.0 0.0005615567260974785
861.0 0.0005181229880690807
862.0 0.0004945141427015187
863.0 0.0004709052973339567
864.0 0.0004508910933509469
865.0 0.000430876843893202
866.0 0.0004675051059166435
867.0 0.000504133367940085
868.0 0.0006414698873413727
869.0 0.0007788064067426603
870.0 0.0006131826012278907
871.0 0.0004475586138141807
872.0 0.000393183336200309
873.0 0.000338807922162232
874.0 0.0004345651177573018
875.0 0.0005303223133523716
876.0 0.0006608171133848373
877.0 0.0007913119588920381
878.0 0.0007438472948706476
879.0 0.000696382585374522
880.0 0.0006583026788575808
881.0 0.0006202230906637851
882.0 0.0005731811143050436
883.0 0.0005261394107947126
884.0 0.0005687084012606647
885.0 0.0006112776191002922
886.0 0.0007002884103712859
887.0 0.000789299429015955
888.0 0.0006002618647471536
889.0 0.0004112243914278224
890.0 0.0004407705546327634
891.0 0.0004703168542619096
892.0 0.0005088652869744692
893.0 0.000547413810636499
894.0 0.00048735123527876567
895.0 0.0004272886599210324
896.0 0.00025251681563531747
897.0 7.774495429657691e-05
898.0 0.0002818423126882408
899.0 0.0004859396085521439
900.0 0.00040184454519476276
901.0 0.0003177494363626465
902.0 0.0005465628873935202
903.0 0.0007753763384243939
904.0 0.000424483960159705
905.0 7.359151936725539e-05
906.0 0.00029723564693995286
