lsstCam/transmission_filter_detector/r30_s12/r_57/19700101T000000.ecsv
# %ECSV 1.0
# ---
# datatype:
# - {name: wavelength, unit: nm, datatype: float32}
# - {name: efficiency, unit: '%', datatype: float64}
# meta: !!omap
# - {MODE: DETECTOR}
# - {TYPE: transmission_filter_detector}
# - {CALIBDATE: '1970-01-01T00:00:00'}
# - {INSTRUME: LSSTCam}
# - {OBSTYPE: transmission_filter_detector}
# - {CALIBCLS: lsst.ip.isr.IntermediateFilterDetectorTransmissionCurve}
# - {SOURCE: Materion (DM-46256)}
# - {DETECTOR: 122}
# - {FILTER: r_57}
# - {CALIB_ID: 'calibDate=1970-01-01T00:00:00 filter=r_57 detector=122'}
# - {DATE: '2025-04-02T15:59:44.747493'}
# - {CALIB_CREATION_DATE: '2025-04-02'}
# - {CALIB_CREATION_TIME: '15:59:44'}
# - __serialized_columns__:
#     efficiency:
#       __class__: astropy.units.quantity.Quantity
#       unit: !astropy.units.Unit {unit: '%'}
#       value: !astropy.table.SerializedColumn {name: efficiency}
#     wavelength:
#       __class__: astropy.units.quantity.Quantity
#       unit: !astropy.units.Unit {unit: nm}
#       value: !astropy.table.SerializedColumn {name: wavelength}
# schema: astropy-2.0
wavelength efficiency
[from data line 602]
902.0 2.8228481596670463e-05
903.0 5.194210075387673e-05
904.0 1.8113055944013468e-05
905.0 1.6236929335777806e-10
906.0 4.6299606992761255e-05
907.0 0.00010831523695742362
908.0 0.00017437009773857426
909.0 0.00024042494715104112
910.0 0.00011973119171670987
911.0 1.6236929335777806e-10
912.0 0.00010335828619645326
913.0 0.000207679181585263
914.0 0.00012522650649771094
915.0 4.2773817199304176e-05
916.0 1.6803282676391973e-05
917.0 1.6236929335777806e-10
918.0 8.100632271634822e-05
919.0 0.00017117992001658422
920.0 0.00016799012882984243
921.0 0.00016480032627441688
922.0 0.00017832257981353905
923.0 0.00019184481061529368
924.0 0.0002031233179877745
925.0 0.00021440177988552023
926.0 0.00017232428035640623
927.0 0.0001302467580899247
928.0 0.00014235782828109222
929.0 0.00015446886436620844
930.0 0.00018977374338646769
931.0 0.00022507856556330808
932.0 0.00014845059013168793
933.0 7.182259764704213e-05
934.0 2.601198048068909e-05
935.0 1.6236929335777806e-10
936.0 1.6236929335777806e-10
937.0 1.6236929335777806e-10
938.0 2.788053734548157e-05
939.0 6.336967430797813e-05
940.0 8.260532808890275e-05
941.0 0.00010184091934206663
942.0 0.00023762061118759448
943.0 0.00037340030303312233
944.0 0.00032001164527173387
945.0 0.0002666229420356103
946.0 0.00040637009988131467
947.0 0.0005461173259391217
948.0 0.0003992392976215342
949.0 0.00025236142846551957
950.0 0.0003228355581086362
951.0 0.0003933097559638554
952.0 0.000516061936650658
953.0 0.0006388142537616659
954.0 0.0007679038390051574
955.0 0.0008969936970970593
956.0 0.0011070233995269518
957.0 0.0013170530110073742
958.0 0.001553786569274962
959.0 0.0017905204003909603
960.0 0.0019318002159707248
961.0 0.0020730800315504894
962.0 0.0022616923160967417
963.0 0.0024503042368451133
964.0 0.0024042486984399147
965.0 0.002358193160034716
966.0 0.0024288192435051315
967.0 0.0024994453269755468
968.0 0.002441584183543455
969.0 0.002383723040111363
970.0 0.0023673019313719124
971.0 0.002350881004531402
972.0 0.00252909776463639
973.0 0.0027073150704381987
974.0 0.0029093249395373277
975.0 0.0031113348086364567
976.0 0.003090386962867342
977.0 0.003069439117098227
978.0 0.003114510764135048
979.0 0.0031595824111718684
980.0 0.0031829913496039808
981.0 0.0032063999242382124
982.0 0.0032144216675078496
983.0 0.0032224437745753676
984.0 0.0030276942197815515
985.0 0.0028329446649877355
986.0 0.0027132025934406556
987.0 0.002593460703792516
988.0 0.0025788878701860085
989.0 0.0025643154003773816
990.0 0.0026032585083157755
991.0 0.0026422016162541695
992.0 0.0026165393137489446
993.0 0.0025908770112437196
994.0 0.002624410262797028
995.0 0.002657943514350336
996.0 0.0026881301891990006
997.0 0.0027183170459466055
998.0 0.0029121898478479125
999.0 0.0031060626497492194
1000.0 0.0031245846912497655
1001.0 0.0031431067327503115
1002.0 0.0033568943763384596
1003.0 0.003570681292330846
1004.0 0.0036053043004358187
1005.0 0.0036399269447429106
1006.0 0.003856508556054905
1007.0 0.00407309053116478
1008.0 0.004154478665441275
1009.0 0.004235866799717769
1010.0 0.004211907435092144
1011.0 0.004187948434264399
1012.0 0.00413148918596562
1013.0 0.004075029210071079
1014.0 0.003928686419385485
1015.0 0.0037823436286998913
1016.0 0.003451116572250612
1017.0 0.003119889152003452
1018.0 0.0028240232495591044
1019.0 0.0025281573471147567
1020.0 0.0022579863070859574
1021.0 0.001987815267057158
1022.0 0.0016770431102486327
1023.0 0.0013662711353390478
1024.0 0.001256324594578473
1025.0 0.0011463779628684279
1026.0 0.001057961162587162
1027.0 0.0009695444532553665
1028.0 0.0009779735592019279
1029.0 0.0009864026651484892
1030.0 0.0009257945748686325
1031.0 0.000865186575538246
1032.0 0.0008558195986552164
1033.0 0.0008464525308227167
1034.0 0.0006566641786776017
1035.0 0.0004668755991588114
1036.0 0.0005384042196965311
1037.0 0.0006099328402342508
1038.0 0.0007532941708632279
1039.0 0.0008966555469669402
1040.0 0.0007339906915149186
1041.0 0.0005713256541639566
1042.0 0.000645557565803756
1043.0 0.0007197893864940852
1044.0 0.0007653332431800663
1045.0 0.0008108770998660475
1046.0 0.0008387723937630653
1047.0 0.0008666678695590235
1048.0 0.0007672681931580883
1049.0 0.0006678686531813582
1050.0 0.0008577182597946376
1051.0 0.0010475678209331818
1052.0 0.000988673582469346
1053.0 0.0009297787983086891
1054.0 0.0008771041393629275
1055.0 0.0008244293894676957
1056.0 0.0008058989806158934
1057.0 0.0007873683898651507
1058.0 0.0009595094525138848
1059.0 0.0011316501513647381
1060.0 0.0011743582945200615
1061.0 0.0012170661648269743
1062.0 0.0012847824109485373
1063.0 0.00135249847517116
1064.0 0.0014878523870720528
1065.0 0.0016232062989729457
1066.0 0.0018111504687112756
1067.0 0.001999094456550665
1068.0 0.0020453351680771448
1069.0 0.002091575697704684
1070.0 0.002183288052037824
1071.0 0.0022750007701688446
1072.0 0.0021334288248908706
1073.0 0.0019918566977139562
1074.0 0.002165069236070849
1075.0 0.0023382817744277418
1076.0 0.0025583083697711118
1077.0 0.0027783349651144817
1078.0 0.0030759470973862335
1079.0 0.003373559593455866
1080.0 0.0039794940676074475
1081.0 0.004585427814163268
1082.0 0.004232862193020992
1083.0 0.0038802965718787163
1084.0 0.003945213757106103
1085.0 0.00401013094233349
1086.0 0.004190736945020035
1087.0 0.004371342220110819
1088.0 0.004155505666858517
1089.0 0.0039396691136062145
1090.0 0.0029740589525317773
1091.0 0.0020084489733562805
1092.0 0.003214226308045909
1093.0 0.0044200038246344775
1094.0 0.004269651617505588
1095.0 0.004119300137972459
1096.0 0.0035137400118401274
1097.0 0.0029081797038088553
1098.0 0.003496976205497049
1099.0 0.004085772889084183
1100.0 0.002833902181009762
1101.0 0.001582031291036401
