lsstCam/transmission_filter_detector/r30_s12/r_57/19700101T000000.ecsv
# %ECSV 1.0
# ---
# datatype:
# - {name: wavelength, unit: nm, datatype: float32}
# - {name: efficiency, unit: '%', datatype: float64}
# meta: !!omap
# - {MODE: DETECTOR}
# - {TYPE: transmission_filter_detector}
# - {CALIBDATE: '1970-01-01T00:00:00'}
# - {INSTRUME: LSSTCam}
# - {OBSTYPE: transmission_filter_detector}
# - {CALIBCLS: lsst.ip.isr.IntermediateFilterDetectorTransmissionCurve}
# - {SOURCE: Materion (DM-46256)}
# - {DETECTOR: 122}
# - {FILTER: r_57}
# - {CALIB_ID: 'calibDate=1970-01-01T00:00:00 filter=r_57 detector=122'}
# - {DATE: '2025-04-02T15:59:44.747493'}
# - {CALIB_CREATION_DATE: '2025-04-02'}
# - {CALIB_CREATION_TIME: '15:59:44'}
# - __serialized_columns__:
#     efficiency:
#       __class__: astropy.units.quantity.Quantity
#       unit: !astropy.units.Unit {unit: '%'}
#       value: !astropy.table.SerializedColumn {name: efficiency}
#     wavelength:
#       __class__: astropy.units.quantity.Quantity
#       unit: !astropy.units.Unit {unit: nm}
#       value: !astropy.table.SerializedColumn {name: wavelength}
# schema: astropy-2.0
wavelength efficiency
300.0 0.0022008269297657534
301.0 0.005675637294189073
302.0 0.009150449477601796
303.0 0.01175971920019947
304.0 0.014368988922797143
305.0 0.012850847269874066
306.0 0.011332707072142512
307.0 0.009545216016704217
308.0 0.007757726416457444
309.0 0.007424457726301625
310.0 0.007091189036145806
311.0 0.006408181798178703
312.0 0.005725174560211599
313.0 0.005350269930204377
314.0 0.004975365663995035
315.0 0.004892680226475932
316.0 0.004809993697563186
317.0 0.004505027754930779
318.0 0.004200061812298372
319.0 0.004080303915543482
320.0 0.003960544927394949
321.0 0.0035932072933064774
322.0 0.0032258678402286023
323.0 0.0030062641599215567
324.0 0.002786660843412392
325.0 0.002714334914344363
326.0 0.002642008439579513
327.0 0.002637567558849696
328.0 0.002633126678119879
329.0 0.002689611937967129
330.0 0.0027460975616122596
331.0 0.002538151056796778
332.0 0.002330205279577058
333.0 0.0021174244466237724
334.0 0.001904643613670487
335.0 0.0016447003872599453
336.0 0.0013847571608494036
337.0 0.001297482867812505
338.0 0.0012102087566745467
339.0 0.001142240307672182
340.0 0.001074272131518228
341.0 0.0010016374289989471
342.0 0.0009290028174291365
343.0 0.0009096101166505832
344.0 0.00089021741587203
345.0 0.0009098592272493988
346.0 0.0009295011295762379
347.0 0.0009578488061379176
348.0 0.0009861967555480078
349.0 0.0009447771844861563
350.0 0.002731803397182375
351.0 0.004984733459423296
352.0 0.007237662794068456
353.0 0.0072603594162501395
354.0 0.007283056766027585
355.0 0.005220839739195071
356.0 0.0031586230761604384
357.0 0.0034193366445833817
358.0 0.003680051304399967
359.0 0.0036201276088831946
360.0 0.0035602042771643028
361.0 0.002992072404595092
362.0 0.002423940532025881
363.0 0.002364836836932227
364.0 0.002305733141838573
365.0 0.0021110095985932276
366.0 0.0019162862372468226
367.0 0.0023915614292491227
368.0 0.002866836621251423
369.0 0.00337425408361014
370.0 0.0038816710002720356
371.0 0.003805220694630407
372.0 0.0037287700251908973
373.0 0.0031374052923638374
374.0 0.002546040377637837
375.0 0.0015367744708782993
376.0 0.0005275083822198212
377.0 0.0018265014659846202
378.0 0.0031254949135473
379.0 0.0025793997338041663
380.0 0.0020333052816567943
381.0 0.002318223414476961
382.0 0.0026031420929939486
383.0 0.003433810343267396
384.0 0.004264478411641903
385.0 0.0047620902478229254
386.0 0.005259702447801828
387.0 0.0047941208322299644
388.0 0.004328539580455981
389.0 0.0034716722439043224
390.0 0.0026148043616558425
391.0 0.0023065198547556065
392.0 0.0019982358935521916
393.0 0.00199223813979188
394.0 0.0019862405679305084
395.0 0.001538558535685297
396.0 0.0010908764124906156
397.0 0.0009777472769201268
398.0 0.0008646182322991081
399.0 0.0009562108971294947
400.0 0.001047803925757762
401.0 0.0010429949725221377
402.0 0.0010381860192865133
403.0 0.0009360302101413254
404.0 0.0008338744919456076
405.0 0.001240820074599469
406.0 0.001647765930101741
407.0 0.0014942251254979055
408.0 0.0013406842299445998
409.0 0.0009412790859641973
410.0 0.0005418741238827351
411.0 0.0008567433724238072
412.0 0.0011716127119143493
413.0 0.0015788078599143773
414.0 0.0019860031898133457
415.0 0.0020840487195528112
416.0 0.0021820946130901575
417.0 0.0017707587176118977
418.0 0.0013594229130831081
419.0 0.00197216486412799
420.0 0.002584906542324461
421.0 0.004000596891273744
422.0 0.005416286512627266
423.0 0.008701602200744674
424.0 0.011986916797468439
425.0 0.01579680247232318
426.0 0.01960668887477368
427.0 0.019859937310684472
428.0 0.02011318865697831
429.0 0.015857252583373338
430.0 0.011601315782172605
431.0 0.00804326482466422
432.0 0.004485213139560074
433.0 0.0036532113881548867
434.0 0.0028212100005475804
435.0 0.0023069584131008014
436.0 0.001792706643755082
437.0 0.0011510292097227648
438.0 0.0005093519575893879
439.0 0.0007154944341891678
440.0 0.0009216369107889477
441.0 0.0010110349649039563
442.0 0.0011004332918673754
443.0 0.0014494681636278983
444.0 0.001798502853489481
445.0 0.001676295323704835
446.0 0.0015540879758191295
447.0 0.0013736764230998233
448.0 0.0011932651432289276
449.0 0.0012307401448197197
450.0 0.0012682150554610416
451.0 0.0013790542652714066
452.0 0.0014898932931828313
453.0 0.0016388816220569424
454.0 0.0017878694052342325
455.0 0.0015304731277865358
456.0 0.0012730770322377793
457.0 0.0010447518434375525
458.0 0.000816426381788915
459.0 0.0009853742085397243
460.0 0.0011543220352905337
461.0 0.0016333593521267176
462.0 0.0021123967599123716
463.0 0.0030074952519498765
464.0 0.0039025937439873815
465.0 0.004844304930884391
466.0 0.005786014662589878
467.0 0.0063154300733003765
468.0 0.006844845484010875
469.0 0.005929740655119531
470.0 0.005014636190026067
471.0 0.003805720916716382
472.0 0.002596805279608816
473.0 0.0018538588847150095
474.0 0.0011109123988717329
475.0 0.000785890097176889
476.0 0.0004608676135831047
477.0 0.000610340794082731
478.0 0.0007598140200570924
479.0 0.0006823316198278917
480.0 0.0006048493105481612
481.0 0.0005846698968525743
482.0 0.0005644906195811927
483.0 0.0005959127065580105
484.0 0.0006273349754337687
485.0 0.0007065165391395567
486.0 0.0007856981937948149
487.0 0.000500366968481103
488.0 0.00021503578864212614
489.0 0.0005647018042509444
490.0 0.0009143677743850276
491.0 0.0008587122465542052
492.0 0.0008030567187233828
493.0 0.0008913048986869399
494.0 0.000979553078650497
495.0 0.0010018944522016682
496.0 0.0010242357348033693
497.0 0.001000963766273344
498.0 0.0009776918886927888
499.0 0.0010907290743489284
500.0 0.0012037664419040084
501.0 0.0012978884115000255
502.0 0.0013920099263486918
503.0 0.0018098975488101132
504.0 0.0022277847165241838
505.0 0.002663901796040591
506.0 0.003100018875556998
507.0 0.00387821564800106
508.0 0.004656412420445122
509.0 0.004956627526553348
510.0 0.005256843360257335
511.0 0.004899970372207463
512.0 0.004543097384157591
513.0 0.0038710670196451247
514.0 0.00319903738272842
515.0 0.002954868432425428
516.0 0.0027106996640213765
517.0 0.0027849617254105397
518.0 0.002859223423001822
519.0 1.6236929335777806e-10
520.0 0.06261333473958075
521.0 0.16294324304908514
522.0 0.14619824942201376
523.0 0.05781635409221053
524.0 0.061805255245417356
525.0 0.10978158097714186
526.0 0.04201205156277865
527.0 0.13627571752294898
528.0 0.11486023431643844
529.0 0.15730003360658884
530.0 0.0949867651797831
531.0 0.19643008708953857
532.0 0.28886408545076847
533.0 0.2894073724746704
534.0 0.29507961589843035
535.0 0.4539504647254944
536.0 0.694488175213337
537.0 1.0258090682327747
538.0 1.5818595886230469
539.0 2.561797760426998
540.0 4.115977883338928
541.0 5.987292900681496
542.0 8.620069175958633
543.0 11.773695051670074
544.0 15.593689680099487
545.0 19.927597045898438
546.0 25.546103715896606
547.0 31.962668895721436
548.0 40.00750184059143
549.0 48.11760485172272
550.0 54.93957996368408
551.0 62.349092960357666
552.0 67.31511354446411
553.0 72.23619818687439
554.0 76.25564336776733
555.0 80.1178514957428
556.0 83.81749987602234
557.0 86.26521825790405
558.0 89.39352035522461
559.0 92.39369034767151
560.0 93.2127833366394
561.0 94.70510482788086
562.0 95.71421146392822
563.0 95.42033076286316
564.0 95.74653506278992
565.0 95.22411823272705
566.0 96.05874419212341
567.0 95.25850415229797
568.0 95.77589631080627
569.0 96.28138542175293
570.0 96.20512127876282
571.0 96.82250022888184
572.0 96.83379530906677
573.0 96.95853590965271
574.0 97.32096195220947
575.0 96.78049683570862
576.0 97.17583656311035
577.0 97.29067087173462
578.0 97.14623689651489
579.0 97.26232290267944
580.0 96.62706851959229
581.0 96.8494176864624
582.0 96.86148762702942
583.0 96.64342999458313
584.0 96.04033827781677
585.0 96.86415791511536
586.0 96.62118554115295
587.0 96.37014865875244
588.0 96.54723405838013
589.0 97.28701114654541
590.0 96.30674123764038
591.0 96.10684514045715
592.0 96.13550305366516
593.0 95.7105040550232
594.0 96.0127055644989
595.0 96.0631251335144
596.0 97.05748558044434
597.0 97.24557995796204
598.0 96.82204723358154
599.0 97.11207151412964
600.0 96.8104362487793
601.0 96.21395468711853
602.0 96.57934904098511
603.0 96.18730545043945
604.0 96.58470153808594
605.0 96.95535898208618
606.0 96.21413350105286
607.0 96.08535766601562
608.0 96.41828536987305
609.0 95.81922888755798
610.0 96.05695009231567
611.0 96.13641500473022
612.0 95.9050714969635
613.0 97.0172643661499
614.0 96.5103268623352
615.0 96.41342163085938
616.0 96.7677116394043
617.0 96.37240767478943
618.0 96.1833119392395
619.0 97.08682894706726
620.0 95.97766399383545
621.0 95.82461714744568
622.0 96.85779809951782
623.0 96.56865000724792
624.0 96.56565189361572
625.0 97.07109928131104
626.0 96.22083902359009
627.0 95.2111303806305
628.0 97.16848731040955
629.0 95.47375440597534
630.0 96.40957713127136
631.0 95.83547115325928
632.0 96.9349205493927
633.0 96.3556170463562
634.0 95.8688497543335
635.0 96.38675451278687
636.0 96.0902750492096
637.0 95.6955075263977
638.0 95.43639421463013
639.0 95.42971849441528
640.0 95.60067653656006
641.0 95.46740651130676
642.0 96.14469408988953
643.0 96.07527256011963
644.0 96.18352055549622
645.0 96.14824652671814
646.0 96.40337824821472
647.0 97.03010320663452
648.0 96.48215174674988
649.0 95.51339745521545
650.0 96.35116457939148
651.0 96.43535017967224
652.0 97.00026512145996
653.0 96.21480107307434
654.0 96.37336730957031
655.0 96.61271572113037
656.0 95.75312733650208
657.0 95.7841157913208
658.0 96.32066488265991
659.0 96.70405983924866
660.0 95.81815004348755
661.0 95.25151252746582
662.0 95.96811532974243
663.0 95.45549750328064
664.0 95.62746286392212
665.0 95.44410705566406
666.0 95.48543691635132
667.0 95.77229022979736
668.0 95.25466561317444
669.0 95.87599635124207
670.0 95.43918371200562
671.0 95.73448896408081
672.0 95.6433355808258
673.0 95.31189203262329
674.0 94.94308233261108
675.0 95.892733335495
676.0 95.22890448570251
677.0 94.01187300682068
678.0 93.42464804649353
679.0 92.9271936416626
680.0 92.20023155212402
681.0 90.72911143302917
682.0 88.40864300727844
683.0 86.06277108192444
684.0 82.72655606269836
685.0 79.24549579620361
686.0 75.6922960281372
687.0 71.12787961959839
688.0 66.53028726577759
689.0 62.23312020301819
690.0 56.98012113571167
691.0 53.0226469039917
692.0 48.33131432533264
693.0 44.031694531440735
694.0 39.06594514846802
695.0 33.87497663497925
696.0 28.544962406158447
697.0 23.289529979228973
698.0 17.422084510326385
699.0 12.677459418773651
700.0 9.005866944789886
701.0 5.6777626276016235
702.0 3.5896990448236465
703.0 2.0369714125990868
704.0 1.1303283274173737
705.0 0.7138627115637064
706.0 0.47936723567545414
707.0 0.26432620361447334
708.0 0.23644755128771067
709.0 0.13613663613796234
710.0 0.13823907356709242
711.0 0.07615453796461225
712.0 0.07607390871271491
713.0 0.021739974908996373
714.0 0.06774480571039021
715.0 0.029942678520455956
716.0 0.06056975689716637
717.0 0.056809879606589675
718.0 1.6236929335777806e-10
719.0 0.0011634686416073237
720.0 1.6236929335777806e-10
721.0 0.004636901940102689
722.0 0.0043283078412059695
723.0 0.004019714106107131
724.0 0.003774629658437334
725.0 0.003529545574565418
726.0 0.0032810563425300643
727.0 0.003032567474292591
728.0 0.0028803582608816214
729.0 0.0027281490474706516
730.0 0.0025860455934889615
731.0 0.002443941957608331
732.0 0.0023597591280122288
733.0 0.002275576480315067
734.0 0.002191021303588059
735.0 0.002106466308759991
736.0 0.001964635703188833
737.0 0.001822805279516615
738.0 0.0017606507753953338
739.0 0.0016984960893751122
740.0 0.0016294818124151789
741.0 0.0015604673535563052
742.0 0.0014448545698542148
743.0 0.0013292414223542437
744.0 0.0014826617189100944
745.0 0.001636082015465945
746.0 0.0014290368198999204
747.0 0.0012219914424349554
748.0 0.0012469416105886921
749.0 0.0012718917787424289
750.0 0.0012318007065914571
751.0 0.0011917100891878363
752.0 0.0012252032320247963
753.0 0.001258696738659637
754.0 0.0012417943253240082
755.0 0.0012248920029378496
756.0 0.0011068750609410927
757.0 0.0009888584827422164
758.0 0.0009907268577080686
759.0 0.000992595414572861
760.0 0.000935708885663189
761.0 0.0008788223567535169
762.0 0.0009086113095690962
763.0 0.0009384006261825562
764.0 0.0009947574653779157
765.0 0.0010511143955227453
766.0 0.0009153328392130788
767.0 0.0007795509191055316
768.0 0.000740302721169428
769.0 0.0007010541139607085
770.0 0.0006809096703364048
771.0 0.000660765181237366
772.0 0.0007619747975695645
773.0 0.0008631843229522929
774.0 0.0009450819561607204
775.0 0.0010269796803186182
776.0 0.0010799984920595307
777.0 0.0011330178494972643
778.0 0.000939252640819177
779.0 0.0007454879323631758
780.0 0.000770595852372935
781.0 0.0007957040907058399
782.0 0.0008282353519462049
783.0 0.0008607669769844506
784.0 0.0007785305569996126
785.0 0.0006962945008126553
786.0 0.0007888365871622227
787.0 0.0008813785825623199
788.0 0.0006783332992199576
789.0 0.0004752878339786548
790.0 0.0005824075742566492
791.0 0.000689527496433584
792.0 0.0007030025699350517
793.0 0.0007164773705881089
794.0 0.000771504346630536
795.0 0.0008265315955213737
796.0 0.0006591978035430657
797.0 0.0004918640115647577
798.0 0.0005708660410164157
799.0 0.0006498683433164842
800.0 0.0007349796760536265
801.0 0.0008200907359423582
802.0 0.0008175478797056712
803.0 0.0008150050234689843
804.0 0.0007250097951327916
805.0 0.000635014612271334
806.0 0.0006645715984632261
807.0 0.0006941283572814427
808.0 0.0006663774456683313
809.0 0.0006386263066815445
810.0 0.000669889186610817
811.0 0.000701151839166414
812.0 0.0005465014510264155
813.0 0.00039185097193694673
814.0 0.00040026843635132536
815.0 0.0004086858552909689
816.0 0.0006267986464081332
817.0 0.000844911664898973
818.0 0.0006625225978496019
819.0 0.00048013334890129045
820.0 0.0005704292561858892
821.0 0.000660725163470488
822.0 0.0007068762442941079
823.0 0.0007530272796429927
824.0 0.0006358119662763784
825.0 0.0005185962436371483
826.0 0.0004546432592178462
827.0 0.00039069022932380904
828.0 0.0004278144388081273
829.0 0.0004649386482924456
830.0 0.00019154372239427175
831.0 1.6236929335777806e-10
832.0 1.6236929335777806e-10
833.0 1.6236929335777806e-10
834.0 1.6236929335777806e-10
835.0 9.694507525637164e-05
836.0 0.00010401761301181978
837.0 0.00011109012802990037
838.0 0.0006525500339193968
839.0 0.0011940099284402095
840.0 0.001495654578320682
841.0 0.0017972992282011546
842.0 0.002083525760099292
843.0 0.0023697524738963693
844.0 0.002420059718133416
845.0 0.002470367144269403
846.0 0.0024700299036339857
847.0 0.0024696928448975086
848.0 0.0024176710212486796
849.0 0.0023656490157009102
850.0 0.0020884661353193223
851.0 0.0018112828911398537
852.0 0.0016154051991179585
853.0 0.0014195277799444739
854.0 0.0010986294910253491
855.0 0.0007777311111567542
856.0 0.0006423007562261773
857.0 0.0005068701284471899
858.0 0.00042056258280354086
859.0 0.00033425510537199443
860.0 0.00029396687750704587
861.0 0.0002536786496420973
862.0 0.00028915183065691963
863.0 0.00032462496619700687
864.0 0.00026317247829865664
865.0 0.0002017200358750415
866.0 0.00018053627854897059
867.0 0.00015935247574816458
868.0 5.3197385341263725e-05
869.0 1.6236929335777806e-10
870.0 1.6236929335777806e-10
871.0 1.6236929335777806e-10
872.0 2.394856437604176e-05
873.0 5.736813477597025e-05
874.0 5.758258225796453e-05
875.0 5.7797001318249386e-05
876.0 9.602396175978356e-05
877.0 0.00013425095630736905
878.0 0.00015027501376607688
879.0 0.00016629910533083603
880.0 0.0001528153461549664
881.0 0.0001393316097164643
882.0 0.00015846782162043382
883.0 0.00017760402215571958
884.0 9.125512292484927e-05
885.0 4.90619562754091e-06
886.0 0.000124078849239595
887.0 0.00024325149752257857
888.0 0.0002168485707443324
889.0 0.00019044567807213753
890.0 0.00014325927395475446
891.0 9.607289257473894e-05
892.0 6.820483235969732e-05
893.0 4.0336769302484754e-05
894.0 4.148479320065235e-05
895.0 4.2632814256649e-05
896.0 8.720617472590675e-06
897.0 1.6236929335777806e-10
898.0 2.559182519235037e-05
899.0 7.637518706360424e-05
900.0 4.0445030435876106e-05
