lsstCam/transmission_filter_detector/r01_s12/r_57/19700101T000000.ecsv
# %ECSV 1.0
# ---
# datatype:
# - {name: wavelength, unit: nm, datatype: float32}
# - {name: efficiency, unit: '%', datatype: float64}
# meta: !!omap
# - {MODE: DETECTOR}
# - {TYPE: transmission_filter_detector}
# - {CALIBDATE: '1970-01-01T00:00:00'}
# - {INSTRUME: LSSTCam}
# - {OBSTYPE: transmission_filter_detector}
# - {CALIBCLS: lsst.ip.isr.IntermediateFilterDetectorTransmissionCurve}
# - {SOURCE: Materion (DM-46256)}
# - {DETECTOR: 5}
# - {FILTER: r_57}
# - {CALIB_ID: 'calibDate=1970-01-01T00:00:00 filter=r_57 detector=5'}
# - {DATE: '2025-04-02T15:59:44.208469'}
# - {CALIB_CREATION_DATE: '2025-04-02'}
# - {CALIB_CREATION_TIME: '15:59:44'}
# - __serialized_columns__:
#     efficiency:
#       __class__: astropy.units.quantity.Quantity
#       unit: !astropy.units.Unit {unit: '%'}
#       value: !astropy.table.SerializedColumn {name: efficiency}
#     wavelength:
#       __class__: astropy.units.quantity.Quantity
#       unit: !astropy.units.Unit {unit: nm}
#       value: !astropy.table.SerializedColumn {name: wavelength}
# schema: astropy-2.0
wavelength efficiency
[from data line 603]
903.0 1.654725076578878e-10
904.0 1.654725076578878e-10
905.0 0.00010156585403819918
906.0 2.911887690970616e-05
907.0 1.654725076578878e-10
908.0 1.654725076578878e-10
909.0 1.654725076578878e-10
910.0 1.654725076578878e-10
911.0 1.654725076578878e-10
912.0 1.654725076578878e-10
913.0 1.654725076578878e-10
914.0 1.654725076578878e-10
915.0 0.00010190196917392313
916.0 6.77332025134092e-05
917.0 3.35644585902628e-05
918.0 0.00011196921150258277
919.0 0.00019037391894016764
920.0 9.119559081227635e-05
921.0 1.654725076578878e-10
922.0 9.415826411895978e-05
923.0 0.00019629928829090204
924.0 0.0001957192353074788
925.0 0.00019513918232405558
926.0 0.00014653277276011067
927.0 9.792636319616577e-05
928.0 0.00010357733799537527
929.0 0.00010922831279458478
930.0 0.00019034848719456932
931.0 0.00027146870706928894
932.0 0.00011291563168924768
933.0 1.654725076578878e-10
934.0 9.40229995194386e-05
935.0 0.00023368336314888438
936.0 0.00027794167181127705
937.0 0.0003221999804736697
938.0 0.0003503060270304559
939.0 0.0003784120963246096
940.0 0.0003256944637541892
941.0 0.0002729768311837688
942.0 0.0003798974148594425
943.0 0.0004868179985351162
944.0 0.00037531469843088416
945.0 0.0002638114438013872
946.0 0.0002704530743358191
947.0 0.00027709468213288346
948.0 0.00043249719965388067
949.0 0.0005878997853869805
950.0 0.000566369863008731
951.0 0.0005448399406304816
952.0 0.0006986777862039162
953.0 0.0008525157682015561
954.0 0.0011731822269211989
955.0 0.0014938489584892523
956.0 0.0015279287254088558
957.0 0.0015620085832779296
958.0 0.0017439242583350278
959.0 0.0019258401152910665
960.0 0.002005735950660892
961.0 0.0020856323317275383
962.0 0.002248944656457752
963.0 0.0024122573449858464
964.0 0.002414394293737132
965.0 0.0024165310605894774
966.0 0.002384297658863943
967.0 0.0023520640752394684
968.0 0.002300272353750188
969.0 0.002248480996058788
970.0 0.0023319465981330723
971.0 0.0024154127459041774
972.0 0.0024972541723400354
973.0 0.0025790952349780127
974.0 0.0028545042368932627
975.0 0.0031299132388085127
976.0 0.0032084790291264653
977.0 0.0032870444556465372
978.0 0.003186679896316491
979.0 0.003086315336986445
980.0 0.003047565223823767
981.0 0.0030088152925600298
982.0 0.003092874976573512
983.0 0.003176934478688054
984.0 0.0031664822017773986
985.0 0.0031560295610688627
986.0 0.003046315396204591
987.0 0.002936601231340319
988.0 0.002726406091824174
989.0 0.0025162113161059096
990.0 0.002550706085457932
991.0 0.0025852012186078355
992.0 0.002642404615471605
993.0 0.0026996081942343153
994.0 0.002736423266469501
995.0 0.002773237974906806
996.0 0.002858633524738252
997.0 0.002944028892670758
998.0 0.003047285645152442
999.0 0.0031505420338362455
1000.0 0.0032613133953418583
1001.0 0.0033720854844432324
1002.0 0.003608195038395934
1003.0 0.0038443053199443966
1004.0 0.003952803308493458
1005.0 0.004061301297042519
1006.0 0.004255524254404008
1007.0 0.004449747575563379
1008.0 0.004402533522807062
1009.0 0.004355319470050745
1010.0 0.0043642474338412285
1011.0 0.004373175397631712
1012.0 0.00434203575423453
1013.0 0.004310896110837348
1014.0 0.004076402183272876
1015.0 0.003841908255708404
1016.0 0.0036617588193621486
1017.0 0.0034816093830158934
1018.0 0.0030739534849999472
1019.0 0.002666298132680822
1020.0 0.00220309266296681
1021.0 0.0017398870113538578
1022.0 0.0015570807590847835
1023.0 0.0013742741430178285
1024.0 0.0013963987839815672
1025.0 0.0014185236068442464
1026.0 0.0013070941349724308
1027.0 0.0011956644812016748
1028.0 0.0010864065188798122
1029.0 0.000977148283709539
1030.0 0.0009280170161218848
1031.0 0.0008788851118879393
1032.0 0.000882853964867536
1033.0 0.000886822454049252
1034.0 0.0008379897735721897
1035.0 0.0007891569111961871
1036.0 0.0009289703484682832
1037.0 0.0010687834219424985
1038.0 0.0009271988346881699
1039.0 0.0007856143383833114
1040.0 0.0008269832505902741
1041.0 0.0008683521627972368
1042.0 0.0009797575330594555
1043.0 0.0010911625395237934
1044.0 0.0009647430488257669
1045.0 0.0008383238309761509
1046.0 0.0008959859769674949
1047.0 0.0009536483048577793
1048.0 0.000794817151472671
1049.0 0.0006359860435622977
1050.0 0.0007306043244170723
1051.0 0.0008252227416960523
1052.0 0.0010601847861835267
1053.0 0.0012951465578225907
1054.0 0.0011704966709658038
1055.0 0.0010458466931595467
1056.0 0.0010057663530460559
1057.0 0.0009656861038820352
1058.0 0.0008381456609640736
1059.0 0.0007106053544703173
1060.0 0.0010773032954602968
1061.0 0.0014440007362281904
1062.0 0.0015108099432836752
1063.0 0.0015776191503391601
1064.0 0.001183168660645606
1065.0 0.0007887178071541712
1066.0 0.0010976037629006896
1067.0 0.0014064899005461484
1068.0 0.0017034908523783088
1069.0 0.002000491258513648
1070.0 0.0015079640434123576
1071.0 0.001015436737361597
1072.0 0.0012239741408848204
1073.0 0.001432511635357514
1074.0 0.002109480556100607
1075.0 0.0027864492949447595
1076.0 0.0030862829589750618
1077.0 0.0033861164411064237
1078.0 0.003750872565433383
1079.0 0.0041156283259624615
1080.0 0.004199871182208881
1081.0 0.004284113310859539
1082.0 0.0041047867853194475
1083.0 0.003925460623577237
1084.0 0.004583837653626688
1085.0 0.0052422146836761385
1086.0 0.005205898196436465
1087.0 0.005169582072994672
1088.0 0.005247710214462131
1089.0 0.0053258387197274715
1090.0 0.0050600559916347265
1091.0 0.004794272899744101
1092.0 0.004261449066689238
1093.0 0.0037286248698364943
1094.0 0.00434724242950324
1095.0 0.004965859989169985
1096.0 0.003867178747896105
1097.0 0.002768496960925404
1098.0 0.002092648355755955
1099.0 0.0014167999324854463
1100.0 0.0015637162505299784
1101.0 0.0017106320228776895
