lsstCam/transmission_filter_detector/r01_s12/r_57/19700101T000000.ecsv
# %ECSV 1.0
# ---
# datatype:
# - {name: wavelength, unit: nm, datatype: float32}
# - {name: efficiency, unit: '%', datatype: float64}
# meta: !!omap
# - {MODE: DETECTOR}
# - {TYPE: transmission_filter_detector}
# - {CALIBDATE: '1970-01-01T00:00:00'}
# - {INSTRUME: LSSTCam}
# - {OBSTYPE: transmission_filter_detector}
# - {CALIBCLS: lsst.ip.isr.IntermediateFilterDetectorTransmissionCurve}
# - {SOURCE: Materion (DM-46256)}
# - {DETECTOR: 5}
# - {FILTER: r_57}
# - {CALIB_ID: 'calibDate=1970-01-01T00:00:00 filter=r_57 detector=5'}
# - {DATE: '2025-04-02T15:59:44.208469'}
# - {CALIB_CREATION_DATE: '2025-04-02'}
# - {CALIB_CREATION_TIME: '15:59:44'}
# - __serialized_columns__:
#     efficiency:
#       __class__: astropy.units.quantity.Quantity
#       unit: !astropy.units.Unit {unit: '%'}
#       value: !astropy.table.SerializedColumn {name: efficiency}
#     wavelength:
#       __class__: astropy.units.quantity.Quantity
#       unit: !astropy.units.Unit {unit: nm}
#       value: !astropy.table.SerializedColumn {name: wavelength}
# schema: astropy-2.0
wavelength efficiency
300.0 0.0027601123292697594
301.0 0.007355403795372695
302.0 0.011950696352869272
303.0 0.014476059004664421
304.0 0.017001423111651093
305.0 0.015315122436732054
306.0 0.013628821761813015
307.0 0.01208991016028449
308.0 0.010550998558755964
309.0 0.009528004011372104
310.0 0.00850500728120096
311.0 0.007930980063974857
312.0 0.007356952846748754
313.0 0.007096206536516547
314.0 0.0068354609538801014
315.0 0.006266516720643267
316.0 0.005697572123608552
317.0 0.005140489156474359
318.0 0.004583406189340167
319.0 0.004493966844165698
320.0 0.004404525680001825
321.0 0.004158249794272706
322.0 0.003911972453352064
323.0 0.0036891586205456406
324.0 0.0034663444239413366
325.0 0.0033589647500775754
326.0 0.0032515847124159336
327.0 0.0032314041163772345
328.0 0.003211225339327939
329.0 0.003180988278472796
330.0 0.003150751581415534
331.0 0.0029810731575707905
332.0 0.002811395279422868
333.0 0.0024555070922360756
334.0 0.0020996187231503427
335.0 0.0019282713765278459
336.0 0.001756924029905349
337.0 0.001574582165631
338.0 0.0013922404832555912
339.0 0.001239281027665129
340.0 0.0010863215720746666
341.0 0.0010822974218172021
342.0 0.0010782732715597376
343.0 0.0010902049325522967
344.0 0.0011021365935448557
345.0 0.0011012880349881016
346.0 0.0011004395673808176
347.0 0.0010208013009105343
348.0 0.0009411630344402511
349.0 0.0009504949957772624
350.0 0.005755185702582821
351.0 0.005859840530320071
352.0 0.00596449535805732
353.0 0.0053198167734080926
354.0 0.004675139280152507
355.0 0.005005882485420443
356.0 0.005336626782082021
357.0 0.0068868328526150435
358.0 0.008437039650743827
359.0 0.006160400516819209
360.0 0.0038837613828945905
361.0 0.002599313302198425
362.0 0.0013148652215022594
363.0 0.0027586882424657233
364.0 0.004202511263429187
365.0 0.004306324626668356
366.0 0.0044101379899075255
367.0 0.003596272654249333
368.0 0.00278240731859114
369.0 0.0020267492800485343
370.0 0.0012710912415059283
371.0 0.0019511155187501572
372.0 0.0026311399778933264
373.0 0.00317862541123759
374.0 0.003726111026480794
375.0 0.0035085577110294253
376.0 0.0032910047593759373
377.0 0.0015310415619751438
378.0 1.654725076578878e-10
379.0 0.0007815294338797685
380.0 0.0017919805031851865
381.0 0.0026228917704429477
382.0 0.0034538032195996493
383.0 0.003487191133899614
384.0 0.00352057941199746
385.0 0.00447250968136359
386.0 0.005424439223133959
387.0 0.00491260907438118
388.0 0.004400779289426282
389.0 0.0038165668229339644
390.0 0.003232353992643766
391.0 0.002195101114921272
392.0 0.0011578481462493073
393.0 0.001429534768249141
394.0 0.001701220935501624
395.0 0.0011458328117441852
396.0 0.0005904445970372763
397.0 0.0006234479315025965
398.0 0.0006564516752405325
399.0 0.0005562034857575782
400.0 0.00045595484152727295
401.0 0.00012043616379742161
402.0 1.654725076578878e-10
403.0 0.0001226033305101737
404.0 0.00046029012992221396
405.0 0.0008711556802154519
406.0 0.0012820210031350143
407.0 0.0017954564100364223
408.0 0.0023088918169378303
409.0 0.0019794364561676048
410.0 0.0016499807315994985
411.0 0.0012087349205103237
412.0 0.0007674890184716787
413.0 0.0006910671800142154
414.0 0.0006146453415567521
415.0 0.0005919011982769007
416.0 0.00056915741879493
417.0 0.0011974590961472131
418.0 0.001825761137297377
419.0 0.0022934011212782934
420.0 0.0027610412871581502
421.0 0.004314217949286103
422.0 0.005867394429515116
423.0 0.009114098793361336
424.0 0.012360801338218153
425.0 0.016667057934682816
426.0 0.02097331016557291
427.0 0.021376580116339028
428.0 0.021779851522296667
429.0 0.016584618424531072
430.0 0.011389383871573955
431.0 0.008130343485390767
432.0 0.004871299825026654
433.0 0.004025180896860547
434.0 0.0031790612410986796
435.0 0.0024962060706457123
436.0 0.0018133505363948643
437.0 0.0015661100405850448
438.0 0.0013188696357246954
439.0 0.001103768045140896
440.0 0.0008886665455065668
441.0 0.0011428806828917004
442.0 0.001397094820276834
443.0 0.0017185941032948904
444.0 0.002040093568211887
445.0 0.001883993172668852
446.0 0.0017278925952268764
447.0 0.0016296315152430907
448.0 0.001531370980956126
449.0 0.0014825280231889337
450.0 0.0014336847016238607
451.0 0.0016136078556883149
452.0 0.0017935311916517094
453.0 0.0017078813471016474
454.0 0.0016222316844505258
455.0 0.001431493365089409
456.0 0.0012407553185767028
457.0 0.0008846662240102887
458.0 0.0005285773113428149
459.0 0.0007461358109139837
460.0 0.0009636943104851525
461.0 0.0016337324268533848
462.0 0.0023037700884742662
463.0 0.003045467565243598
464.0 0.00378716504201293
465.0 0.004940580765833147
466.0 0.006093996125855483
467.0 0.006708622822770849
468.0 0.007323251338675618
469.0 0.006216970359673724
470.0 0.005110691563459113
471.0 0.003860755168716423
472.0 0.002610818228276912
473.0 0.002200567178078927
474.0 0.0017903159459820017
475.0 0.0014718709280714393
476.0 0.0011534263649082277
477.0 0.0009362887794850394
478.0 0.0007191511940618511
479.0 0.0009488097020948771
480.0 0.0011784680282289628
481.0 0.0008813831300358288
482.0 0.0005842984137416352
483.0 0.000652207427265239
484.0 0.0007201163498393726
485.0 0.0006514469077956164
486.0 0.0005827772838529199
487.0 0.0006339483206829755
488.0 0.0006851192665635608
489.0 0.0006165054855955532
490.0 0.0005478917046275456
491.0 0.0007180565717135323
492.0 0.0008882214387995191
493.0 0.0010366967217123602
494.0 0.0011851720955746714
495.0 0.001033895205182489
496.0 0.0008826181328913663
497.0 0.0011317548342049122
498.0 0.0013808911717205774
499.0 0.001373031955154147
500.0 0.0013651728295371868
501.0 0.001494343359809136
502.0 0.0016235140719800256
503.0 0.002015516292885877
504.0 0.0024075183318927884
505.0 0.0030255176170612685
506.0 0.0036435169022297487
507.0 0.004314403486205265
508.0 0.0049852897063829005
509.0 0.0054130065109347925
510.0 0.005840722224093042
511.0 0.0052135415899101645
512.0 0.004586360955727287
513.0 0.0038852274883538485
514.0 0.0031840936571825296
515.0 0.0030341578167281114
516.0 0.002884222340071574
517.0 0.002678149758139625
518.0 0.002472077358106617
519.0 0.06473753601312637
520.0 0.07539521902799606
521.0 0.03266035346314311
522.0 0.14616819098591805
523.0 0.047961718519218266
524.0 0.07210395997390151
525.0 0.13002087362110615
526.0 0.13486482203006744
527.0 0.05784994573332369
528.0 0.10621818946674466
529.0 0.11035151546820998
530.0 0.1577040064148605
531.0 0.1539346994832158
532.0 0.23202665615826845
533.0 0.3429916687309742
534.0 0.3332671942189336
535.0 0.5925498437136412
536.0 0.8505554869771004
537.0 1.2989924289286137
538.0 2.0855633541941643
539.0 3.12919057905674
540.0 5.0435870885849
541.0 7.329420745372772
542.0 10.19856333732605
543.0 13.778559863567352
544.0 18.117566406726837
545.0 23.086397349834442
546.0 29.157131910324097
547.0 36.1838161945343
548.0 44.671523571014404
549.0 52.675288915634155
550.0 58.88572931289673
551.0 65.80730080604553
552.0 70.47886252403259
553.0 75.04939436912537
554.0 78.72802019119263
555.0 82.33082890510559
556.0 85.80701947212219
557.0 88.60894441604614
558.0 91.32640361785889
559.0 93.58157515525818
560.0 93.9590334892273
561.0 95.28031945228577
562.0 95.52037119865417
563.0 95.29781341552734
564.0 95.88010311126709
565.0 95.44411897659302
566.0 96.08814716339111
567.0 95.27341723442078
568.0 95.95562219619751
569.0 96.87793254852295
570.0 96.44136428833008
571.0 97.16182947158813
572.0 96.93889021873474
573.0 96.89043760299683
574.0 97.3686933517456
575.0 97.0797598361969
576.0 97.40368723869324
577.0 97.10418581962585
578.0 97.14040160179138
579.0 97.07610011100769
580.0 96.5305745601654
581.0 96.72834277153015
582.0 96.74384593963623
583.0 96.65625095367432
584.0 96.42196297645569
585.0 96.33836150169373
586.0 96.81848287582397
587.0 96.43138647079468
588.0 96.60748839378357
589.0 97.34290838241577
590.0 96.75748348236084
591.0 95.88477611541748
592.0 96.03801369667053
593.0 95.62854170799255
594.0 96.14694118499756
595.0 96.18418216705322
596.0 97.01672196388245
597.0 97.2613275051117
598.0 96.71398997306824
599.0 97.01148867607117
600.0 97.01257944107056
601.0 95.96513509750366
602.0 96.81584239006042
603.0 96.12395167350769
604.0 96.23240828514099
605.0 96.71499729156494
606.0 95.84062695503235
607.0 96.23702764511108
608.0 96.52465581893921
609.0 96.11496329307556
610.0 95.88813781738281
611.0 95.90920805931091
612.0 96.12899422645569
613.0 96.84653282165527
614.0 96.76008820533752
615.0 96.47015929222107
616.0 96.5661346912384
617.0 96.92370891571045
618.0 96.45670652389526
619.0 97.27138876914978
620.0 96.01278305053711
621.0 95.37663459777832
622.0 96.64012789726257
623.0 96.79715037345886
624.0 96.53677344322205
625.0 96.83747291564941
626.0 96.35923504829407
627.0 95.05642652511597
628.0 97.08026647567749
629.0 95.71343660354614
630.0 96.65195941925049
631.0 96.07840180397034
632.0 96.91768884658813
633.0 96.69104218482971
634.0 96.0045337677002
635.0 96.43809199333191
636.0 95.96367478370667
637.0 95.89179158210754
638.0 95.64346671104431
639.0 95.64705491065979
640.0 95.85411548614502
641.0 95.72456479072571
642.0 96.02155685424805
643.0 96.0654079914093
644.0 96.20510339736938
645.0 96.21104598045349
646.0 96.16974592208862
647.0 97.18351364135742
648.0 96.65387272834778
649.0 95.8370566368103
650.0 96.37484550476074
651.0 97.00378179550171
652.0 97.07931280136108
653.0 95.7549512386322
654.0 96.85673117637634
655.0 96.78753614425659
656.0 95.74897885322571
657.0 95.87560892105103
658.0 96.29397392272949
659.0 96.37265801429749
660.0 95.388925075531
661.0 95.87215781211853
662.0 96.18865251541138
663.0 95.95622420310974
664.0 95.16857862472534
665.0 95.44545412063599
666.0 95.36058306694031
667.0 95.73636651039124
668.0 95.00839710235596
669.0 95.76069712638855
670.0 95.49774527549744
671.0 95.74587345123291
672.0 95.00165581703186
673.0 95.48543691635132
674.0 94.63146924972534
675.0 95.65314054489136
676.0 94.77393627166748
677.0 94.22990083694458
678.0 93.34768652915955
679.0 92.36220717430115
680.0 91.36587977409363
681.0 89.74178433418274
682.0 87.76832818984985
683.0 85.04359126091003
684.0 81.35215044021606
685.0 77.94139385223389
686.0 74.14875626564026
687.0 69.44186091423035
688.0 65.043044090271
689.0 60.591959953308105
690.0 55.562567710876465
691.0 51.5663206577301
692.0 47.02189564704895
693.0 42.824381589889526
694.0 37.45928406715393
695.0 32.099899649620056
696.0 26.498529314994812
697.0 21.19516283273697
698.0 15.500687062740326
699.0 11.02459728717804
700.0 7.587174326181412
701.0 4.666521772742271
702.0 2.85224299877882
703.0 1.6749760136008263
704.0 0.9754925034940243
705.0 0.556127866730094
706.0 0.3686679992824793
707.0 0.23386143147945404
708.0 0.15962625620886683
709.0 0.07787624490447342
710.0 0.11858283542096615
711.0 0.06939339800737798
712.0 0.060712103731930256
713.0 0.05438660737127066
714.0 0.0923996267374605
715.0 0.06475813570432365
716.0 0.07107442943379283
717.0 0.06737243966199458
718.0 0.07694187224842608
719.0 0.018574176647234708
720.0 1.654725076578878e-10
721.0 0.004392755727167241
722.0 0.004135578274144791
723.0 0.0038784011849202216
724.0 0.003607281541917473
725.0 0.0033361618989147246
726.0 0.003099024252151139
727.0 0.0028618864234886132
728.0 0.0027138154109707102
729.0 0.0025657440346549265
730.0 0.0023620570573257282
731.0 0.0021583704437944107
732.0 0.0021546840798691846
733.0 0.0021509977159439586
734.0 0.002061968552879989
735.0 0.0019729388441191986
736.0 0.0017910702808876522
737.0 0.0016092015357571654
738.0 0.0015791512851137668
739.0 0.0015491010344703682
740.0 0.001543088183098007
741.0 0.0015370756955235265
742.0 0.0014220508091966622
743.0 0.001307026013819268
744.0 0.0013587568901129998
745.0 0.0014104875845077913
746.0 0.0013239016880106647
747.0 0.0012373157005640678
748.0 0.001103422255255282
749.0 0.0009695287189970259
750.0 0.0009914111615216825
751.0 0.0010132936949958093
752.0 0.0010444600775372237
753.0 0.0010756265510281082
754.0 0.001069400241249241
755.0 0.0010631743862177245
756.0 0.0010220607691735495
757.0 0.000980946879280964
758.0 0.0010313511666026898
759.0 0.0010817553629749455
760.0 0.0010861076589208096
761.0 0.0010904602277150843
762.0 0.00108496387838386
763.0 0.0010794679837999865
764.0 0.0010230737643723842
765.0 0.0009666795449447818
766.0 0.0008025635906960815
767.0 0.000638447545497911
768.0 0.0006326123184408061
769.0 0.0006267769549594959
770.0 0.0007433313840010669
771.0 0.0008598860404163133
772.0 0.0007669911610719282
773.0 0.0006740961907780729
774.0 0.0008076283847913146
775.0 0.0009411605788045563
776.0 0.0008883308510121424
777.0 0.0008355012141691986
778.0 0.0008283194802061189
779.0 0.0008211378371925093
780.0 0.000722114646123373
781.0 0.0006230914550542366
782.0 0.0007207095222838689
783.0 0.000818327498564031
784.0 0.0008746411367610563
785.0 0.0009309544111602008
786.0 0.0007852624548831955
787.0 0.0006395705440809252
788.0 0.0006418848897737917
789.0 0.0006441994173655985
790.0 0.0006958457561268006
791.0 0.0007474920494132675
792.0 0.0007735873623460066
793.0 0.0007996827662282158
794.0 0.0008132856237352826
795.0 0.0008268882083939388
796.0 0.0006779587238270324
797.0 0.0005290291483106557
798.0 0.0006953707725187996
799.0 0.0008617123057774734
800.0 0.0008080754923867062
801.0 0.0007544383606727934
802.0 0.0005817124474560842
803.0 0.0004089862159162294
804.0 0.0005771413725597085
805.0 0.0007452965746779228
806.0 0.0006500140898424434
807.0 0.000554731605006964
808.0 0.0007069341336318757
809.0 0.0008591366167820524
810.0 0.000724128130968893
811.0 0.000589119918004144
812.0 0.0006527548521262361
813.0 0.0007163897407735931
814.0 0.0005767730726802256
815.0 0.0004371564500615932
816.0 0.0005683630661224015
817.0 0.00069956977313268
818.0 0.0006222363026608946
819.0 0.0005449028776638443
820.0 0.00042724354898382444
821.0 0.0003095841748290695
822.0 0.0003617297579694423
823.0 0.00041387538658455014
824.0 0.0003871503849950386
825.0 0.0003604254288802622
826.0 0.0004596410690282937
827.0 0.0005588567546510603
828.0 0.000438640927313827
829.0 0.00031842516818869626
830.0 0.00021639641545334598
831.0 0.00011436769682404702
832.0 5.9680718322852044e-05
833.0 4.993738400571601e-06
834.0 2.1373185887796353e-06
835.0 1.654725076578878e-10
836.0 0.000287008492705354
837.0 0.0005747362592956051
838.0 0.0007034427198959747
839.0 0.0008321491804963443
840.0 0.0011429903679527342
841.0 0.0014538315554091241
842.0 0.0020352179490146227
843.0 0.002616604251670651
844.0 0.0028511620257631876
845.0 0.003085719799855724
846.0 0.0033958724088734016
847.0 0.00370602538168896
848.0 0.003469286093604751
849.0 0.003232546805520542
850.0 0.0025266899683629163
851.0 0.0018208334950031713
852.0 0.0015152038940868806
853.0 0.0012095740203221794
854.0 0.001063774288923014
855.0 0.000917974284675438
856.0 0.0006932517408131389
857.0 0.00046852928790031
858.0 0.000591433536101249
859.0 0.000714337738827453
860.0 0.0005851259174960433
861.0 0.0004559140961646335
862.0 0.0004295989128877409
863.0 0.00040328372961084824
864.0 0.0003156802677040105
865.0 0.0002280768512719078
866.0 0.00015807144109203364
867.0 8.806599112176627e-05
868.0 0.00012480202258302597
869.0 0.00016153801425389247
870.0 6.964074259485642e-05
871.0 1.654725076578878e-10
872.0 1.654725076578878e-10
873.0 1.654725076578878e-10
874.0 1.654725076578878e-10
875.0 1.654725076578878e-10
876.0 1.654725076578878e-10
877.0 1.654725076578878e-10
878.0 0.00010527147651373525
879.0 0.00022592882942262804
880.0 0.0002049320755759254
881.0 0.00018393533309790655
882.0 0.00014851192418063874
883.0 0.00011308854936942225
884.0 1.654725076578878e-10
885.0 1.654725076578878e-10
886.0 1.654725076578878e-10
887.0 6.747752649971517e-05
888.0 0.00015505846704400028
889.0 0.00024263938485091785
890.0 0.00021911901058047079
891.0 0.00019559859083528863
892.0 5.8941037650583894e-05
893.0 1.654725076578878e-10
894.0 1.654725076578878e-10
895.0 5.007676122659177e-05
896.0 5.245498186923214e-05
897.0 5.48332479866076e-05
898.0 1.8026535997250903e-05
899.0 1.654725076578878e-10
900.0 1.654725076578878e-10
901.0 1.654725076578878e-10
