lsstCam/transmission_sensor/r01_s20/19700101T000000.ecsv
# %ECSV 1.0
# ---
# datatype:
# - {name: amp_name, datatype: string}
# - {name: wavelength, unit: nm, datatype: float32}
# - {name: efficiency, unit: '%', datatype: float64}
# meta: !!omap
# - {MODE: AMP}
# - {TYPE: transmission_sensor}
# - {CALIBDATE: '1970-01-01T00:00:00'}
# - {INSTRUME: LSSTCam}
# - {OBSTYPE: transmission_sensor}
# - {DETECTOR: 6}
# - {PARQUETFILE: qe_raft_allvalues_nircorrected_20230725_adjust.parquet}
# - {CORRFILE: qe_corr_factor_bydetnum.parquet}
# - {CALIBCLS: lsst.ip.isr.IntermediateSensorTransmissionCurve}
# - {CALIB_ID: 'raftName=R01 detectorName=S20 detector=6 calibDate=1970-01-01T00:00:00 ccd=6 ccdnum=6 filter=None'}
# - {DATE: '2025-03-03T21:56:47.405288'}
# - {CALIB_CREATION_DATE: '2025-03-03'}
# - {CALIB_CREATION_TIME: '21:56:47'}
# - __serialized_columns__:
#     efficiency:
#       __class__: astropy.units.quantity.Quantity
#       unit: !astropy.units.Unit {unit: '%'}
#       value: !astropy.table.SerializedColumn {name: efficiency}
#     wavelength:
#       __class__: astropy.units.quantity.Quantity
#       unit: !astropy.units.Unit {unit: nm}
#       value: !astropy.table.SerializedColumn {name: wavelength}
# schema: astropy-2.0
amp_name wavelength efficiency
C00 319.994 49.44392170275632
C00 324.969 51.55369147993504
C00 349.982 61.8724223685847
C00 374.975 74.90215294156619
C00 400.019 83.84005376419137
C00 424.965 84.27735349753941
C00 450.035 83.56796988661847
C00 475.003 83.52151747217432
C00 500.018 84.11300748001108
C00 525.002 85.18634209562508
C00 550.029 86.93511374005388
C00 575.023 88.85701371623986
C00 599.982 91.16260392119365
C00 619.997 92.14228595223348
C00 624.979 92.49370823410831
C00 650.012 94.02115945584218
C00 675.004 95.11875798044638
C00 700.03 95.89415010604475
C00 725.012 96.43905035655628
C00 750.022 97.59009052221941
C00 774.987 98.63651356330244
C00 799.976 98.73911632562675
C00 824.988 97.8212385910714
C00 850.022 96.45802656462504
C00 869.967 93.8437963852518
C00 875.002 92.83271624556583
C00 899.999 85.76956864011704
C00 919.999 77.61833731965865
C00 925.012 75.02125974009988
C00 949.965 62.28258925276004
C00 975.002 47.28033259159571
C00 999.976 30.38842673327821
C00 1025.028 14.657609961422612
C00 1050.014 5.7977876129194925
C00 1075.002 0.9297268083801938
C00 1099.99 0.09224663980501693
C01 319.994 49.10448258725542
C01 324.969 51.18355623051351
C01 349.982 61.43141437744759
C01 374.975 74.60218845913474
C01 400.019 83.64968890085908
C01 424.965 84.10958153814423
C01 450.035 83.36419120190104
C01 475.003 83.23883530227835
C01 500.018 83.76542316864634
C01 525.002 84.81259396541522
C01 550.029 86.53922288535045
C01 575.023 88.46547205277054
C01 599.982 90.79330417429867
C01 619.997 91.79870747490013
C01 624.979 92.15640174834414
C01 650.012 93.6998381554033
C01 675.004 94.82376836237391
C01 700.03 95.63841003131998
C01 725.012 96.26314464653734
C01 750.022 97.51483425354948
C01 774.987 98.6537424647175
C01 799.976 98.80250006524362
C01 824.988 97.88353121779973
C01 850.022 96.5391656867011
C01 869.967 93.95476943316173
C01 875.002 92.96010176776443
C01 899.999 85.9583464301569
C01 919.999 77.86828610289803
C01 925.012 75.2422062849519
C01 949.965 62.35874206523702
C01 975.002 47.4749321937612
C01 999.976 30.54874402629495
C01 1025.028 14.768992176665748
C01 1050.014 5.8761054833134345
C01 1075.002 0.9290090379084072
C01 1099.99 0.09217542327820845
C02 319.994 48.93455892272337
C02 324.969 50.98257399945798
C02 349.982 61.172175874335394
C02 374.975 74.59573334372413
C02 400.019 83.8645236875032
C02 424.965 84.38680051343738
C02 450.035 83.62756143668562
C02 475.003 83.49043983025071
C02 500.018 83.99380911955667
C02 525.002 85.0148466181207
C02 550.029 86.71377805703881
C02 575.023 88.61953261453823
C02 599.982 90.93707165014567
C02 619.997 91.93690493390348
C02 624.979 92.30009292259055
C02 650.012 93.84400239957343
C02 675.004 94.98292587106157
C02 700.03 95.8284086469694
C02 725.012 96.48844801278352
C02 750.022 97.78178303340212
C02 774.987 98.9700660103172
C02 799.976 99.14732988882679
C02 824.988 98.25085475323922
C02 850.022 96.94196946641873
C02 869.967 94.39413693988598
C02 875.002 93.40638219950287
C02 899.999 86.40954831513392
C02 919.999 78.31395612183168
C02 925.012 75.67871248165372
C02 949.965 62.78144530239063
C02 975.002 47.87608022874584
C02 999.976 30.818897473372715
C02 1025.028 14.891513471826206
C02 1050.014 5.935928322607393
C02 1075.002 0.9315518609699293
C02 1099.99 0.09242771984632912
C03 319.994 48.76573781631996
C03 324.969 50.77917682274353
C03 349.982 60.908691187149905
C03 374.975 74.60190614321252
C03 400.019 84.11663180603949
C03 424.965 84.71220394950825
C03 450.035 83.95583381293898
C03 475.003 83.80837333962302
C03 500.018 84.29011875531948
C03 525.002 85.27176936765474
C03 550.029 86.95050377289454
C03 575.023 88.82956040034466
C03 599.982 91.12705500547497
C03 619.997 92.11738110979825
C03 624.979 92.47863103783013
C03 650.012 94.02248710369258
C03 675.004 95.17800617331082
C03 700.03 96.03024927103165
C03 725.012 96.70305389462584
C03 750.022 98.00849797925936
C03 774.987 99.21170554925143
C03 799.976 99.40415344628005
C03 824.988 98.53254500232742
C03 850.022 97.24530647959662
C03 869.967 94.70319657310874
C03 875.002 93.71915772067474
C03 899.999 86.7486402583521
C03 919.999 78.66756825964369
C03 925.012 76.0282653743139
C03 949.965 63.09618177469788
C03 975.002 48.13240401071519
C03 999.976 31.0088407703617
C03 1025.028 14.964428235127793
C03 1050.014 5.942105414060816
C03 1075.002 0.9337116487479834
C03 1099.99 0.0926420120055114
C04 319.994 48.38833102436143
C04 324.969 50.35855280420621
C04 349.982 60.3685140057154
C04 374.975 74.25393269368472
C04 400.019 83.98198237146397
C04 424.965 84.65716760499681
C04 450.035 83.91927771609241
C04 475.003 83.78957262523565
C04 500.018 84.26588536696951
C04 525.002 85.21345205431759
C04 550.029 86.87013529698451
C04 575.023 88.7137116801565
C04 599.982 90.96363986747394
C04 619.997 91.93283042843153
C04 624.979 92.29007452243201
C04 650.012 93.81752574416586
C04 675.004 94.97084732768688
C04 700.03 95.8259975163905
C04 725.012 96.49505573139531
C04 750.022 97.78935215218145
C04 774.987 98.9864708544458
C04 799.976 99.18814361498673
C04 824.988 98.34060069586275
C04 850.022 97.05588012595169
C04 869.967 94.52304086393647
C04 875.002 93.5473722970881
C04 899.999 86.66889745556699
C04 919.999 78.62704447956602
C04 925.012 75.98508629853542
C04 949.965 63.02632384427026
C04 975.002 48.110173539380924
C04 999.976 30.98022003997734
C04 1025.028 14.967857992074679
C04 1050.014 5.972874988272022
C04 1075.002 0.9316239279391675
C04 1099.99 0.0924348702648104
C05 319.994 48.125380448380135
C05 324.969 50.05296870889071
C05 349.982 59.987002187644684
C05 374.975 74.12799690189749
C05 400.019 84.12481133762361
C05 424.965 84.87172770587877
C05 450.035 84.09928082206348
C05 475.003 83.90892358889126
C05 500.018 84.34550608719367
C05 525.002 85.25705841905942
C05 550.029 86.89891626073013
C05 575.023 88.74696391769717
C05 599.982 91.01064165344239
C05 619.997 91.98875950166997
C05 624.979 92.35126077595166
C05 650.012 93.89861908528157
C05 675.004 95.05039174631044
C05 700.03 95.92593735285394
C05 725.012 96.58928820813402
C05 750.022 97.86840824056118
C05 774.987 99.05231150560192
C05 799.976 99.25969925602766
C05 824.988 98.42508182804501
C05 850.022 97.12706951930974
C05 869.967 94.58913331037458
C05 875.002 93.61227443855688
C05 899.999 86.82941313274529
C05 919.999 78.78858259819233
C05 925.012 76.12234524785141
C05 949.965 63.069571591489286
C05 975.002 48.23063850640526
C05 999.976 30.9792452870297
C05 1025.028 15.016981916309767
C05 1050.014 6.060018092545146
C05 1075.002 0.9323772099444145
C05 1099.99 0.09250961021334504
C06 319.994 47.68605872261624
C06 324.969 49.575175716105235
C06 349.982 59.415663432525896
C06 374.975 73.74835065796141
C06 400.019 83.97334503027625
C06 424.965 84.79283948102037
C06 450.035 83.98289036051108
C06 475.003 83.72799723355294
C06 500.018 84.11692175212177
C06 525.002 84.98804949599064
C06 550.029 86.60826820373171
C06 575.023 88.45691101318342
C06 599.982 90.73494108000115
C06 619.997 91.72483989536107
C06 624.979 92.08903506517603
C06 650.012 93.65192838038773
C06 675.004 94.81529125454746
C06 700.03 95.69886378947388
C06 725.012 96.35492021173678
C06 750.022 97.61742175555366
C06 774.987 98.78127295995722
C06 799.976 98.99310146353777
C06 824.988 98.16819722931126
C06 850.022 96.86148653810781
C06 869.967 94.38914681520687
C06 875.002 93.44082474201286
C06 899.999 86.79667211592863
C06 919.999 78.7326916757542
C06 925.012 76.04600549645298
C06 949.965 62.881186754692514
C06 975.002 48.17924556332239
C06 999.976 30.884173492684422
C06 1025.028 15.042006933765942
C06 1050.014 6.127581252334781
C06 1075.002 0.9299862290332493
C06 1099.99 0.09227237928388826
C07 319.994 47.215499121567476
C07 324.969 49.057908090250315
C07 349.982 58.77714874824051
C07 374.975 73.3496824249962
C07 400.019 83.87496937662507
C07 424.965 84.81714917097092
C07 450.035 84.03113586256929
C07 475.003 83.78055377604494
C07 500.018 84.14942623397657
C07 525.002 84.98543998125018
C07 550.029 86.58634675387987
C07 575.023 88.403408330844
C07 599.982 90.64598867402384
C07 619.997 91.61630086851022
C07 624.979 91.97996955728107
C07 650.012 93.53300470569548
C07 675.004 94.72008974748117
C07 700.03 95.59310214088481
C07 725.012 96.2451527291163
C07 750.022 97.50480059307081
C07 774.987 98.65752702410717
C07 799.976 98.87439143332719
C07 824.988 98.0608561375898
C07 850.022 96.77084023659722
C07 869.967 94.37570247318148
C07 875.002 93.45603928117214
C07 899.999 86.91150602482882
C07 919.999 78.87776390897143
C07 925.012 76.17754945588416
C07 949.965 62.8806869792086
C07 975.002 48.1475727689141
C07 999.976 30.86132497838531
C07 1025.028 15.243160843422809
C07 1050.014 6.139360788812122
C07 1075.002 0.9289133542587592
C07 1099.99 0.09216592963439316
C10 319.994 49.285634032315485
C10 324.969 51.380574593417954
C10 349.982 61.62905459839691
C10 374.975 74.60347032602478
C10 400.019 83.50783659518709
C10 424.965 83.94487690309309
C10 450.035 83.2348752492073
C10 475.003 83.17295650032192
C10 500.018 83.73764175586855
C10 525.002 84.79969136475407
C10 550.029 86.54459451803257
C10 575.023 88.45950526760376
C10 599.982 90.75917446835112
C10 619.997 91.74171017925332
C10 624.979 92.09268991184469
C10 650.012 93.60566671994508
C10 675.004 94.67120331197793
C10 700.03 95.53309093201437
C10 725.012 96.21876763562946
C10 750.022 97.56718478171986
C10 774.987 98.80951981249865
C10 799.976 99.00765217877183
C10 824.988 98.07137812831228
C10 850.022 96.80400091221718
C10 869.967 94.26572897623939
C10 875.002 93.28393339086298
C10 899.999 86.26702455537666
C10 919.999 77.82261959494005
C10 925.012 75.12694508708836
C10 949.965 62.71181246168477
C10 975.002 47.97149538029381
C10 999.976 30.63261665321244
C10 1025.028 14.927285569726628
C10 1050.014 5.952257342020397
C10 1075.002 0.9295069362488169
C10 1099.99 0.09222482429413409
C11 319.994 48.941635896178845
C11 324.969 51.002244552092186
C11 349.982 61.1324151102637
C11 374.975 74.20047579230567
C11 400.019 83.21098521806003
C11 424.965 83.71647569186263
C11 450.035 83.0613730396072
C11 475.003 83.07787707581659
C11 500.018 83.67634104994801
C11 525.002 84.71704910114623
C11 550.029 86.41290558556024
C11 575.023 88.24240432342188
C11 599.982 90.46211707690244
C11 619.997 91.39815459240015
C11 624.979 91.74457911943581
C11 650.012 93.22997289891998
C11 675.004 94.28581155751681
C11 700.03 95.17692269058233
C11 725.012 95.9334072795525
C11 750.022 97.37153984762617
C11 774.987 98.71280753374052
C11 799.976 98.95884967502927
C11 824.988 98.02141584024062
C11 850.022 96.74969706307148
C11 869.967 94.26670563672704
C11 875.002 93.30543518191153
C11 899.999 86.26771889994211
C11 919.999 77.7612044366186
C11 925.012 75.06903980239443
C11 949.965 62.665554616322154
C11 975.002 47.901614559386005
C11 999.976 30.60248324359622
C11 1025.028 14.972705051252676
C11 1050.014 5.926077309085169
C11 1075.002 0.9276422423694722
C11 1099.99 0.09203981108048458
C12 319.994 48.807860114930165
C12 324.969 50.830657512667095
C12 349.982 60.896059457170885
C12 374.975 74.19147220343508
C12 400.019 83.40676749503479
C12 424.965 83.97452007492546
C12 450.035 83.33539497783529
C12 475.003 83.37597979919344
C12 500.018 83.96622609094045
C12 525.002 84.98333405707368
C12 550.029 86.65921478245109
C12 575.023 88.45150885986108
C12 599.982 90.63537512138063
C12 619.997 91.54581344987767
C12 624.979 91.89045251945933
C12 650.012 93.36501147165856
C12 675.004 94.43421817068018
C12 700.03 95.33469914029915
C12 725.012 96.13845257083986
C12 750.022 97.63423862832549
C12 774.987 99.03903502709785
C12 799.976 99.31786396616361
C12 824.988 98.39700283902489
C12 850.022 97.15097481077714
C12 869.967 94.67464451416491
C12 875.002 93.70645350417516
C12 899.999 86.60713130988279
C12 919.999 78.07159934785183
C12 925.012 75.38264701101284
C12 949.965 63.018369402407906
C12 975.002 48.21408105907547
C12 999.976 30.81449677855822
C12 1025.028 15.094098990264296
C12 1050.014 5.974186422032302
C12 1075.002 0.9301444509937018
C12 1099.99 0.09228807792144882
C13 319.994 48.574907513224026
C13 324.969 50.567092708800985
C13 349.982 60.61325901979398
C13 374.975 74.2454098048979
C13 400.019 83.7227095326315
C13 424.965 84.34418606950332
C13 450.035 83.65684599099518
C13 475.003 83.6084249952556
C13 500.018 84.13067130054955
C13 525.002 85.10241033496712
C13 550.029 86.74712948666026
C13 575.023 88.54304025993859
C13 599.982 90.74721037737733
C13 619.997 91.67653335202239
C13 624.979 92.02806245613807
C13 650.012 93.52568738219811
C13 675.004 94.62594120250313
C13 700.03 95.53941633470396
C13 725.012 96.37101221930293
C13 750.022 97.89990554128809
C13 774.987 99.33308613548294
C13 799.976 99.63540070721282
C13 824.988 98.72448930879209
C13 850.022 97.48316908930124
C13 869.967 94.98774813221937
C13 875.002 94.01257552577488
C13 899.999 86.88473179317893
C13 919.999 78.29878736363277
C13 925.012 75.59322416834357
C13 949.965 63.23560768947086
C13 975.002 48.45000942320493
C13 999.976 31.000081346613037
C13 1025.028 15.144815710411871
C13 1050.014 6.00906769874574
C13 1075.002 0.932675189984912
C13 1099.99 0.09253917551921456
C14 319.994 48.40397666756408
C14 324.969 50.370333771338565
C14 349.982 60.44586093824173
C14 374.975 74.44485455870138
C14 400.019 84.19387954648505
C14 424.965 84.84949341946448
C14 450.035 84.06882885326476
C14 475.003 83.85707665128481
C14 500.018 84.2615209154153
C14 525.002 85.1799403913349
C14 550.029 86.80236421533324
C14 575.023 88.63940155133399
C14 599.982 90.91479158277102
C14 619.997 91.9000283703344
C14 624.979 92.2606831458816
C14 650.012 93.80756838528781
C14 675.004 94.94219607666228
C14 700.03 95.88239202939258
C14 725.012 96.72754670841783
C14 750.022 98.27349343813668
C14 774.987 99.71962241395305
C14 799.976 100.03570179443084
C14 824.988 99.12808662515593
C14 850.022 97.88081488081843
C14 869.967 95.36162597515023
C14 875.002 94.37308532828096
C14 899.999 87.1803852351766
C14 919.999 78.56016612664175
C14 925.012 75.85857824474371
C14 949.965 63.49875664961371
C14 975.002 48.64049636909818
C14 999.976 31.122368014351654
C14 1025.028 15.22242779100028
C14 1050.014 6.031827035549154
C14 1075.002 0.9362342187890335
C14 1099.99 0.09289229908754691
C15 319.994 48.106385164911224
C15 324.969 50.038688864338766
C15 349.982 60.0214981412751
C15 374.975 74.18597848819202
C15 400.019 84.11187821632224
C15 424.965 84.8249014135917
C15 450.035 84.0505012088011
C15 475.003 83.84972880714722
C15 500.018 84.24458196008251
C15 525.002 85.13274785136494
C15 550.029 86.73094591717339
C15 575.023 88.53152634840833
C15 599.982 90.76852141442438
C15 619.997 91.73131790125186
C15 624.979 92.08863829685293
C15 650.012 93.62474212009461
C15 675.004 94.74948112403156
C15 700.03 95.6967731256175
C15 725.012 96.54687977852157
C15 750.022 98.08827893284477
C15 774.987 99.53150081767835
C15 799.976 99.85300524195866
C15 824.988 98.95273791682136
C15 850.022 97.70738897281893
C15 869.967 95.17419109328091
C15 875.002 94.17930215324188
C15 899.999 86.92285970299783
C15 919.999 78.40297719924953
C15 925.012 75.74586552034015
C15 949.965 63.40805693698271
C15 975.002 48.5054196455593
C15 999.976 30.995472729936907
C15 1025.028 15.187828830209055
C15 1050.014 6.025427238798985
C15 1075.002 0.9344697201766224
C15 1099.99 0.09271722715623505
C16 319.994 47.905402933855704
C16 324.969 49.8049808767867
C16 349.982 59.69972284631267
C16 374.975 74.0410741184961
C16 400.019 84.15791860212315
C16 424.965 84.94395480100498
C16 450.035 84.191193730144
C16 475.003 84.01503622484307
C16 500.018 84.41655813767065
C16 525.002 85.27729360353806
C16 550.029 86.85415774181926
C16 575.023 88.61570990434826
C16 599.982 90.8096250866666
C16 619.997 91.74202301581578
C16 624.979 92.09497895986263
C16 650.012 93.61114517486803
C16 675.004 94.71944881403614
C16 700.03 95.68353479791372
C16 725.012 96.52976532950741
C16 750.022 98.06989024710062
C16 774.987 99.51256276040989
C16 799.976 99.83708872807388
C16 824.988 98.94802247790439
C16 850.022 97.69325791638816
C16 869.967 95.15497072009025
C16 875.002 94.16341615999734
C16 899.999 86.88307604844596
C16 919.999 78.51195877538385
C16 925.012 75.90047545363214
C16 949.965 63.37393104611519
C16 975.002 48.459043532715754
C16 999.976 30.95368615836934
C16 1025.028 15.148791023803033
C16 1050.014 6.02136751676216
C16 1075.002 0.9342945395097995
C16 1099.99 0.09269984589140806
C17 319.994 47.69213233002385
C17 324.969 49.5607814191524
C17 349.982 59.40479426952069
C17 374.975 74.02869036871901
C17 400.019 84.42505050581723
C17 424.965 85.30862304074364
C17 450.035 84.56131753432544
C17 475.003 84.37819369288991
C17 500.018 84.75948805139892
C17 525.002 85.59494479698816
C17 550.029 87.15338972888497
C17 575.023 88.89198273979399
C17 599.982 91.05965780166663
C17 619.997 91.99108670048821
C17 624.979 92.34279892844532
C17 650.012 93.85775957816126
C17 675.004 94.99635495276684
C17 700.03 95.95764066790247
C17 725.012 96.8164685937549
C17 750.022 98.36437627460913
C17 774.987 99.81448056381666
C17 799.976 100.14147107317997
C17 824.988 99.26504036806953
C17 850.022 97.9918566001689
C17 869.967 95.4959473128432
C17 875.002 94.52107228264104
C17 899.999 87.36068591738999
C17 919.999 79.06174995849372
C17 925.012 76.3933303823757
C17 949.965 63.46087290491674
C17 975.002 48.531659766005
C17 999.976 31.13022326413323
C17 1025.028 15.216846328916526
C17 1050.014 6.054595433167637
C17 1075.002 0.9371000297499439
C17 1099.99 0.09297820405568427
