lsstCam/transmission_sensor/r01_s20/19700101T000000.ecsv
# %ECSV 1.0
# ---
# datatype:
# - {name: amp_name, datatype: string}
# - {name: wavelength, unit: nm, datatype: float32}
# - {name: efficiency, unit: '%', datatype: float64}
# meta: !!omap
# - {MODE: AMP}
# - {TYPE: transmission_sensor}
# - {CALIBDATE: '1970-01-01T00:00:00'}
# - {INSTRUME: LSSTCAM}
# - {OBSTYPE: transmission_sensor}
# - {DETECTOR: 6}
# - {PARQUETFILE: qe_raft_allvalues_nircorrected_20230725.parquet}
# - {CALIBCLS: lsst.ip.isr.IntermediateSensorTransmissionCurve}
# - {CALIB_ID: 'raftName=R01 detectorName=S20 detector=6 calibDate=1970-01-01T00:00:00 ccd=6 ccdnum=6 filter=None'}
# - {DATE: '2024-01-18T22:42:24.991231'}
# - {CALIB_CREATION_DATE: '2024-01-18'}
# - {CALIB_CREATION_TIME: '22:42:24'}
# - __serialized_columns__:
#     efficiency:
#       __class__: astropy.units.quantity.Quantity
#       unit: !astropy.units.Unit {unit: '%'}
#       value: !astropy.table.SerializedColumn {name: efficiency}
#     wavelength:
#       __class__: astropy.units.quantity.Quantity
#       unit: !astropy.units.Unit {unit: nm}
#       value: !astropy.table.SerializedColumn {name: wavelength}
# schema: astropy-2.0
amp_name wavelength efficiency
C00 319.994 49.438961029052734
C00 324.969 51.548519134521484
C00 349.982 61.866214752197266
C00 374.975 74.89463806152344
C00 400.019 83.8316421508789
C00 424.965 84.2688980102539
C00 450.035 83.55958557128906
C00 475.003 83.51313781738281
C00 500.018 84.10456848144531
C00 525.002 85.17779541015625
C00 550.029 86.9263916015625
C00 575.023 88.84809875488281
C00 599.982 91.15345764160156
C00 619.997 92.13304138183594
C00 624.979 92.48442840576172
C00 650.012 94.01172637939453
C00 675.004 95.10921478271484
C00 700.03 95.88452911376953
C00 725.012 96.42937469482422
C00 750.022 97.5802993774414
C00 774.987 98.62661743164062
C00 799.976 98.72920989990234
C00 824.988 97.8114242553711
C00 850.022 96.44834899902344
C00 869.967 93.83438110351562
C00 875.002 92.82340240478516
C00 899.999 85.7609634399414
C00 919.999 77.61054992675781
C00 925.012 75.01373291015625
C00 949.965 62.27634048461914
C00 975.002 47.27558898925781
C00 999.976 30.385377883911133
C00 1025.028 14.656139373779297
C00 1050.014 5.797205924987793
C00 1075.002 0.929633529546901
C00 1099.99 0.09223738476487113
C01 319.994 49.09955596923828
C01 324.969 51.17842102050781
C01 349.982 61.42525100708008
C01 374.975 74.5947036743164
C01 400.019 83.64129638671875
C01 424.965 84.10114288330078
C01 450.035 83.35582733154297
C01 475.003 83.23048400878906
C01 500.018 83.75701904296875
C01 525.002 84.80408477783203
C01 550.029 86.5305404663086
C01 575.023 88.45659637451172
C01 599.982 90.78419494628906
C01 619.997 91.78949737548828
C01 624.979 92.14715576171875
C01 650.012 93.69043731689453
C01 675.004 94.81425476074219
C01 700.03 95.62881469726562
C01 725.012 96.25348663330078
C01 750.022 97.50505065917969
C01 774.987 98.64384460449219
C01 799.976 98.79258728027344
C01 824.988 97.87371063232422
C01 850.022 96.52947998046875
C01 869.967 93.94534301757812
C01 875.002 92.95077514648438
C01 899.999 85.94972229003906
C01 919.999 77.8604736328125
C01 925.012 75.23465728759766
C01 949.965 62.35248565673828
C01 975.002 47.47016906738281
C01 999.976 30.545679092407227
C01 1025.028 14.767510414123535
C01 1050.014 5.875515937805176
C01 1075.002 0.9289158310885183
C01 1099.99 0.09216617538316642
C02 319.994 48.929649353027344
C02 324.969 50.97745895385742
C02 349.982 61.166038513183594
C02 374.975 74.58824920654297
C02 400.019 83.85610961914062
C02 424.965 84.37833404541016
C02 450.035 83.61917114257812
C02 475.003 83.48206329345703
C02 500.018 83.98538208007812
C02 525.002 85.00631713867188
C02 550.029 86.705078125
C02 575.023 88.61064147949219
C02 599.982 90.92794799804688
C02 619.997 91.92768096923828
C02 624.979 92.29083251953125
C02 650.012 93.83458709716797
C02 675.004 94.97339630126953
C02 700.03 95.81879425048828
C02 725.012 96.47876739501953
C02 750.022 97.77197265625
C02 774.987 98.96013641357422
C02 799.976 99.13738250732422
C02 824.988 98.24099731445312
C02 850.022 96.93224334716797
C02 869.967 94.3846664428711
C02 875.002 93.39701080322266
C02 899.999 86.40087890625
C02 919.999 78.30609893798828
C02 925.012 75.6711196899414
C02 949.965 62.775146484375
C02 975.002 47.87127685546875
C02 999.976 30.815805435180664
C02 1025.028 14.890019416809082
C02 1050.014 5.935332775115967
C02 1075.002 0.9314583990304006
C02 1099.99 0.09241844663855081
C03 319.994 48.76084518432617
C03 324.969 50.77408218383789
C03 349.982 60.90258026123047
C03 374.975 74.59442138671875
C03 400.019 84.10819244384766
C03 424.965 84.70370483398438
C03 450.035 83.9474105834961
C03 475.003 83.79996490478516
C03 500.018 84.28166198730469
C03 525.002 85.26321411132812
C03 550.029 86.94178009033203
C03 575.023 88.82064819335938
C03 599.982 91.11791229248047
C03 619.997 92.10813903808594
C03 624.979 92.46935272216797
C03 650.012 94.01305389404297
C03 675.004 95.16845703125
C03 700.03 96.02061462402344
C03 725.012 96.69335174560547
C03 750.022 97.99866485595703
C03 774.987 99.20175170898438
C03 799.976 99.39418029785156
C03 824.988 98.52265930175781
C03 850.022 97.23554992675781
C03 869.967 94.69369506835938
C03 875.002 93.70975494384766
C03 899.999 86.73993682861328
C03 919.999 78.65967559814453
C03 925.012 76.02063751220703
C03 949.965 63.08985137939453
C03 975.002 48.1275749206543
C03 999.976 31.00572967529297
C03 1025.028 14.962926864624023
C03 1050.014 5.941509246826172
C03 1075.002 0.9336179701184741
C03 1099.99 0.09263271729795229
C04 319.994 48.38347625732422
C04 324.969 50.35350036621094
C04 349.982 60.362457275390625
C04 374.975 74.2464828491211
C04 400.019 83.97355651855469
C04 424.965 84.64867401123047
C04 450.035 83.91085815429688
C04 475.003 83.78116607666016
C04 500.018 84.25743103027344
C04 525.002 85.20490264892578
C04 550.029 86.86141967773438
C04 575.023 88.7048110961914
C04 599.982 90.95451354980469
C04 619.997 91.9236068725586
C04 624.979 92.28081512451172
C04 650.012 93.80811309814453
C04 675.004 94.96131896972656
C04 700.03 95.8163833618164
C04 725.012 96.4853744506836
C04 750.022 97.779541015625
C04 774.987 98.9765396118164
C04 799.976 99.17819213867188
C04 824.988 98.33073425292969
C04 850.022 97.046142578125
C04 869.967 94.51355743408203
C04 875.002 93.5379867553711
C04 899.999 86.66020202636719
C04 919.999 78.61915588378906
C04 925.012 75.97746276855469
C04 949.965 63.02000045776367
C04 975.002 48.1053466796875
C04 999.976 30.97711181640625
C04 1025.028 14.96635627746582
C04 1050.014 5.972275733947754
C04 1075.002 0.9315304587692108
C04 1099.99 0.09242559633963565
C05 319.994 48.12055206298828
C05 324.969 50.04794692993164
C05 349.982 59.98098373413086
C05 374.975 74.12055969238281
C05 400.019 84.11637115478516
C05 424.965 84.86321258544922
C05 450.035 84.0908432006836
C05 475.003 83.90050506591797
C05 500.018 84.33704376220703
C05 525.002 85.24850463867188
C05 550.029 86.89019775390625
C05 575.023 88.7380599975586
C05 599.982 91.00151062011719
C05 619.997 91.97953033447266
C05 624.979 92.34199523925781
C05 650.012 93.88919830322266
C05 675.004 95.04085540771484
C05 700.03 95.91631317138672
C05 725.012 96.57959747314453
C05 750.022 97.85858917236328
C05 774.987 99.04237365722656
C05 799.976 99.24974060058594
C05 824.988 98.41520690917969
C05 850.022 97.11732482910156
C05 869.967 94.57964324951172
C05 875.002 93.6028823852539
C05 899.999 86.8207015991211
C05 919.999 78.78067779541016
C05 925.012 76.11470794677734
C05 949.965 63.0632438659668
C05 975.002 48.225799560546875
C05 999.976 30.976137161254883
C05 1025.028 15.015475273132324
C05 1050.014 6.059410095214844
C05 1075.002 0.9322836651982069
C05 1099.99 0.09250032878956412
C06 319.994 47.6812744140625
C06 324.969 49.5702018737793
C06 349.982 59.40970230102539
C06 374.975 73.74095153808594
C06 400.019 83.96492004394531
C06 424.965 84.78433227539062
C06 450.035 83.9744644165039
C06 475.003 83.71959686279297
C06 500.018 84.10848236083984
C06 525.002 84.97952270507812
C06 550.029 86.59957885742188
C06 575.023 88.44803619384766
C06 599.982 90.72583770751953
C06 619.997 91.71563720703125
C06 624.979 92.07979583740234
C06 650.012 93.64253234863281
C06 675.004 94.80577850341797
C06 700.03 95.68926239013672
C06 725.012 96.34525299072266
C06 750.022 97.60762786865234
C06 774.987 98.7713623046875
C06 799.976 98.98316955566406
C06 824.988 98.1583480834961
C06 850.022 96.85176849365234
C06 869.967 94.37967681884766
C06 875.002 93.43144989013672
C06 899.999 86.7879638671875
C06 919.999 78.72479248046875
C06 925.012 76.03837585449219
C06 949.965 62.8748779296875
C06 975.002 48.17441177368164
C06 999.976 30.881074905395508
C06 1025.028 15.040497779846191
C06 1050.014 6.12696647644043
C06 1075.002 0.9298929241724659
C06 1099.99 0.09226312166131874
C07 319.994 47.21076202392578
C07 324.969 49.05298614501953
C07 349.982 58.7712516784668
C07 374.975 73.34232330322266
C07 400.019 83.8665542602539
C07 424.965 84.80863952636719
C07 450.035 84.022705078125
C07 475.003 83.77214813232422
C07 500.018 84.14098358154297
C07 525.002 84.97691345214844
C07 550.029 86.5776596069336
C07 575.023 88.39453887939453
C07 599.982 90.63689422607422
C07 619.997 91.60710906982422
C07 624.979 91.97074127197266
C07 650.012 93.52362060546875
C07 675.004 94.71058654785156
C07 700.03 95.58351135253906
C07 725.012 96.2354965209961
C07 750.022 97.4950180053711
C07 774.987 98.64762878417969
C07 799.976 98.86447143554688
C07 824.988 98.05101776123047
C07 850.022 96.7611312866211
C07 869.967 94.3662338256836
C07 875.002 93.44666290283203
C07 899.999 86.90278625488281
C07 919.999 78.8698501586914
C07 925.012 76.16990661621094
C07 949.965 62.8743782043457
C07 975.002 48.14274215698242
C07 999.976 30.85822868347168
C07 1025.028 15.241631507873535
C07 1050.014 6.138744831085205
C07 1075.002 0.9288201570387433
C07 1099.99 0.0921566826918417
C10 319.994 49.28068923950195
C10 324.969 51.37541961669922
C10 349.982 61.62287139892578
C10 374.975 74.59598541259766
C10 400.019 83.49945831298828
C10 424.965 83.93645477294922
C10 450.035 83.22652435302734
C10 475.003 83.16461181640625
C10 500.018 83.72924041748047
C10 525.002 84.79118347167969
C10 550.029 86.5359115600586
C10 575.023 88.45063018798828
C10 599.982 90.75006866455078
C10 619.997 91.73250579833984
C10 624.979 92.08345031738281
C10 650.012 93.59627532958984
C10 675.004 94.66170501708984
C10 700.03 95.52350616455078
C10 725.012 96.20911407470703
C10 750.022 97.5573959350586
C10 774.987 98.79960632324219
C10 799.976 98.99771881103516
C10 824.988 98.06153869628906
C10 850.022 96.7942886352539
C10 869.967 94.25627136230469
C10 875.002 93.27457427978516
C10 899.999 86.25836944580078
C10 919.999 77.81481170654297
C10 925.012 75.1194076538086
C10 949.965 62.70552062988281
C10 975.002 47.96668243408203
C10 999.976 30.62954330444336
C10 1025.028 14.925787925720215
C10 1050.014 5.95166015625
C10 1075.002 0.9294136794751395
C10 1099.99 0.09221557144272306
C11 319.994 48.93672561645508
C11 324.969 50.997127532958984
C11 349.982 61.12628173828125
C11 374.975 74.19303131103516
C11 400.019 83.20263671875
C11 424.965 83.70807647705078
C11 450.035 83.05303955078125
C11 475.003 83.06954193115234
C11 500.018 83.6679458618164
C11 525.002 84.70854949951172
C11 550.029 86.40423583984375
C11 575.023 88.23355102539062
C11 599.982 90.45304107666016
C11 619.997 91.38898468017578
C11 624.979 91.7353744506836
C11 650.012 93.22061920166016
C11 675.004 94.27635192871094
C11 700.03 95.16737365722656
C11 725.012 95.92378234863281
C11 750.022 97.36177062988281
C11 774.987 98.7029037475586
C11 799.976 98.94892120361328
C11 824.988 98.01158142089844
C11 850.022 96.739990234375
C11 869.967 94.25724792480469
C11 875.002 93.29607391357422
C11 899.999 86.25906372070312
C11 919.999 77.75340270996094
C11 925.012 75.06150817871094
C11 949.965 62.65926742553711
C11 975.002 47.89680862426758
C11 999.976 30.59941291809082
C11 1025.028 14.971202850341797
C11 1050.014 5.925482749938965
C11 1075.002 0.9275491726792133
C11 1099.99 0.09203057679131846
C12 319.994 48.80296325683594
C12 324.969 50.825557708740234
C12 349.982 60.889949798583984
C12 374.975 74.18402862548828
C12 400.019 83.39839935302734
C12 424.965 83.96609497070312
C12 450.035 83.32703399658203
C12 475.003 83.36761474609375
C12 500.018 83.95780181884766
C12 525.002 84.97480773925781
C12 550.029 86.65052032470703
C12 575.023 88.44263458251953
C12 599.982 90.62628173828125
C12 619.997 91.53662872314453
C12 624.979 91.88123321533203
C12 650.012 93.35564422607422
C12 675.004 94.42474365234375
C12 700.03 95.32513427734375
C12 725.012 96.1288070678711
C12 750.022 97.62444305419922
C12 774.987 99.02909851074219
C12 799.976 99.30789947509766
C12 824.988 98.38713073730469
C12 850.022 97.14122772216797
C12 869.967 94.66514587402344
C12 875.002 93.69705200195312
C12 899.999 86.59844207763672
C12 919.999 78.06376647949219
C12 925.012 75.37508392333984
C12 949.965 63.012046813964844
C12 975.002 48.20924377441406
C12 999.976 30.811405181884766
C12 1025.028 15.092584609985352
C12 1050.014 5.9735870361328125
C12 1075.002 0.930051130258621
C12 1099.99 0.09227881872384609
C13 319.994 48.57003402709961
C13 324.969 50.56201934814453
C13 349.982 60.607177734375
C13 374.975 74.23796081542969
C13 400.019 83.71430969238281
C13 424.965 84.33572387695312
C13 450.035 83.64845275878906
C13 475.003 83.60003662109375
C13 500.018 84.12223052978516
C13 525.002 85.0938720703125
C13 550.029 86.7384262084961
C13 575.023 88.5341567993164
C13 599.982 90.73810577392578
C13 619.997 91.6673355102539
C13 624.979 92.01882934570312
C13 650.012 93.51630401611328
C13 675.004 94.61644744873047
C13 700.03 95.52983093261719
C13 725.012 96.36134338378906
C13 750.022 97.89008331298828
C13 774.987 99.3231201171875
C13 799.976 99.62540435791016
C13 824.988 98.71458435058594
C13 850.022 97.473388671875
C13 869.967 94.97821807861328
C13 875.002 94.00314331054688
C13 899.999 86.87601470947266
C13 919.999 78.29093170166016
C13 925.012 75.58563995361328
C13 949.965 63.22926330566406
C13 975.002 48.44514846801758
C13 999.976 30.996971130371094
C13 1025.028 15.143296241760254
C13 1050.014 6.008464813232422
C13 1075.002 0.9325816153425776
C13 1099.99 0.0925298911291674
C14 319.994 48.39912033081055
C14 324.969 50.36528015136719
C14 349.982 60.439796447753906
C14 374.975 74.43738555908203
C14 400.019 84.18543243408203
C14 424.965 84.84098052978516
C14 450.035 84.06039428710938
C14 475.003 83.84866333007812
C14 500.018 84.25306701660156
C14 525.002 85.17139434814453
C14 550.029 86.79365539550781
C14 575.023 88.63050842285156
C14 599.982 90.90567016601562
C14 619.997 91.89080810546875
C14 624.979 92.25142669677734
C14 650.012 93.79815673828125
C14 675.004 94.93267059326172
C14 700.03 95.87277221679688
C14 725.012 96.71784210205078
C14 750.022 98.26363372802734
C14 774.987 99.7096176147461
C14 799.976 100.02566528320312
C14 824.988 99.1181411743164
C14 850.022 97.8709945678711
C14 869.967 95.35205841064453
C14 875.002 94.36361694335938
C14 899.999 87.17163848876953
C14 919.999 78.55228424072266
C14 925.012 75.85096740722656
C14 949.965 63.49238586425781
C14 975.002 48.635616302490234
C14 999.976 31.119245529174805
C14 1025.028 15.220900535583496
C14 1050.014 6.031221866607666
C14 1075.002 0.9361402870718556
C14 1099.99 0.09288297926886183
C15 319.994 48.101558685302734
C15 324.969 50.033668518066406
C15 349.982 60.01547622680664
C15 374.975 74.17853546142578
C15 400.019 84.10343933105469
C15 424.965 84.81639099121094
C15 450.035 84.04206848144531
C15 475.003 83.84131622314453
C15 500.018 84.23612976074219
C15 525.002 85.12420654296875
C15 550.029 86.72224426269531
C15 575.023 88.52264404296875
C15 599.982 90.75941467285156
C15 619.997 91.72211456298828
C15 624.979 92.07939910888672
C15 650.012 93.61534881591797
C15 675.004 94.73997497558594
C15 700.03 95.68717193603516
C15 725.012 96.53719329833984
C15 750.022 98.07843780517578
C15 774.987 99.52151489257812
C15 799.976 99.84298706054688
C15 824.988 98.94281005859375
C15 850.022 97.69758605957031
C15 869.967 95.16464233398438
C15 875.002 94.16985321044922
C15 899.999 86.91413879394531
C15 919.999 78.39511108398438
C15 925.012 75.73826599121094
C15 949.965 63.401695251464844
C15 975.002 48.500553131103516
C15 999.976 30.99236297607422
C15 1025.028 15.186305046081543
C15 1050.014 6.02482271194458
C15 1075.002 0.9343759654903427
C15 1099.99 0.09270792490239305
C16 319.994 47.900596618652344
C16 324.969 49.799983978271484
C16 349.982 59.69373321533203
C16 374.975 74.03364562988281
C16 400.019 84.14947509765625
C16 424.965 84.93543243408203
C16 450.035 84.18274688720703
C16 475.003 84.00660705566406
C16 500.018 84.40808868408203
C16 525.002 85.26873779296875
C16 550.029 86.84544372558594
C16 575.023 88.60681915283203
C16 599.982 90.8005142211914
C16 619.997 91.73281860351562
C16 624.979 92.08573913574219
C16 650.012 93.60175323486328
C16 675.004 94.70994567871094
C16 700.03 95.67393493652344
C16 725.012 96.52008056640625
C16 750.022 98.06005096435547
C16 774.987 99.50257873535156
C16 799.976 99.82707214355469
C16 824.988 98.93809509277344
C16 850.022 97.68345642089844
C16 869.967 95.14542388916016
C16 875.002 94.15396881103516
C16 899.999 86.87435913085938
C16 919.999 78.50408172607422
C16 925.012 75.89286041259766
C16 949.965 63.36757278442383
C16 975.002 48.45418167114258
C16 999.976 30.950580596923828
C16 1025.028 15.147271156311035
C16 1050.014 6.020763397216797
C16 1075.002 0.9342008023992723
C16 1099.99 0.09269054538141606
C17 319.994 47.687347412109375
C17 324.969 49.555809020996094
C17 349.982 59.398834228515625
C17 374.975 74.0212631225586
C17 400.019 84.41658020019531
C17 424.965 85.30006408691406
C17 450.035 84.5528335571289
C17 475.003 84.3697280883789
C17 500.018 84.75098419189453
C17 525.002 85.58635711669922
C17 550.029 87.14464569091797
C17 575.023 88.88306427001953
C17 599.982 91.05052185058594
C17 619.997 91.98185729980469
C17 624.979 92.33353424072266
C17 650.012 93.84834289550781
C17 675.004 94.98682403564453
C17 700.03 95.94801330566406
C17 725.012 96.80675506591797
C17 750.022 98.35450744628906
C17 774.987 99.8044662475586
C17 799.976 100.13142395019531
C17 824.988 99.25508117675781
C17 850.022 97.98202514648438
C17 869.967 95.48636627197266
C17 875.002 94.51158905029297
C17 899.999 87.35192108154297
C17 919.999 79.05381774902344
C17 925.012 76.38566589355469
C17 949.965 63.454505920410156
C17 975.002 48.526790618896484
C17 999.976 31.127099990844727
C17 1025.028 15.215319633483887
C17 1050.014 6.053987979888916
C17 1075.002 0.9370060111665646
C17 1099.99 0.09296887561821447
