ts8/transmission_sensor/rtm-010_s01/19700101T000000.ecsv
# %ECSV 0.9
# ---
# datatype:
# - {name: amp_name, datatype: string}
# - {name: wavelength, unit: nm, datatype: float32}
# - {name: efficiency, unit: '%', datatype: float32}
# meta: !!omap
# - {MODE: AMP}
# - {TYPE: transmission_sensor}
# - {CALIBDATE: '1970-01-01T00:00:00'}
# - {INSTRUME: TS8}
# - {OBSTYPE: transmission_sensor}
# - {DETECTOR: 64}
# - {CALIBCLS: lsst.ip.isr.IntermediateSensorTransmissionCurve}
# - {PICKLEFILE: RaftRun12139.p}
# - {CALIB_ID: 'raftName=RTM-010 detectorName=S01 detector=64 calibDate=1970-01-01T00:00:00 ccd=64 ccdnum=64 filter=None'}
# - {DATE: '2020-07-23T19:16:20.569049'}
# - {CALIB_CREATION_DATE: '2020-07-23'}
# - {CALIB_CREATION_TIME: '19:16:20'}
# - __serialized_columns__:
#     efficiency:
#       __class__: astropy.units.quantity.Quantity
#       unit: !astropy.units.Unit {unit: '%'}
#       value: !astropy.table.SerializedColumn {name: efficiency}
#     wavelength:
#       __class__: astropy.units.quantity.Quantity
#       unit: !astropy.units.Unit {unit: nm}
#       value: !astropy.table.SerializedColumn {name: wavelength}
# schema: astropy-2.0
amp_name wavelength efficiency
C07 319.994 38.757515
C07 324.969 43.760784
C07 349.982 67.37719
C07 374.975 75.62673
C07 400.019 83.34267
C07 424.965 85.27634
C07 450.035 87.63684
C07 475.003 89.7483
C07 500.018 91.473595
C07 525.002 93.099945
C07 550.029 94.66497
C07 575.023 96.27813
C07 599.982 97.44784
C07 619.997 97.4569
C07 624.979 97.93695
C07 650.012 98.40025
C07 675.004 98.49672
C07 700.03 98.19093
C07 725.012 98.50034
C07 750.022 98.62374
C07 774.987 99.24953
C07 799.976 98.84997
C07 824.988 96.79093
C07 850.022 94.59403
C07 869.967 91.079
C07 875.002 90.16874
C07 899.999 82.195656
C07 919.999 73.84796
C07 925.012 70.75856
C07 949.965 58.369053
C07 975.002 43.16801
C07 999.976 26.239643
C07 1025.028 11.570792
C07 1050.014 4.160142
C07 1075.002 2.28493
C07 1099.99 1.8096678
C15 319.994 37.49262
C15 324.969 42.32411
C15 349.982 64.870316
C15 374.975 73.076225
C15 400.019 82.11208
C15 424.965 84.77257
C15 450.035 87.531456
C15 475.003 89.89064
C15 500.018 91.782555
C15 525.002 93.51954
C15 550.029 95.15943
C15 575.023 96.81694
C15 599.982 98.01794
C15 619.997 98.033806
C15 624.979 98.52267
C15 650.012 98.99205
C15 675.004 99.07421
C15 700.03 98.648575
C15 725.012 98.63845
C15 750.022 98.34994
C15 774.987 98.58665
C15 799.976 98.04877
C15 824.988 96.09439
C15 850.022 93.85932
C15 869.967 90.47141
C15 875.002 89.59198
C15 899.999 82.11863
C15 919.999 74.13545
C15 925.012 71.26412
C15 949.965 58.236744
C15 975.002 43.036785
C15 999.976 26.416069
C15 1025.028 11.622347
C15 1050.014 4.1366286
C15 1075.002 2.273966
C15 1099.99 1.8079675
C10 319.994 35.55866
C10 324.969 40.12614
C10 349.982 61.20783
C10 374.975 69.37804
C10 400.019 79.90803
C10 424.965 83.42933
C10 450.035 86.64746
C10 475.003 89.291824
C10 500.018 91.36604
C10 525.002 93.21767
C10 550.029 94.92385
C10 575.023 96.623985
C10 599.982 97.850174
C10 619.997 97.88213
C10 624.979 98.37288
C10 650.012 98.85341
C10 675.004 98.93714
C10 700.03 98.52022
C10 725.012 98.511635
C10 750.022 98.23113
C10 774.987 98.477585
C10 799.976 97.97574
C10 824.988 96.0533
C10 850.022 93.894394
C10 869.967 90.647446
C10 875.002 89.82259
C10 899.999 82.34423
C10 919.999 74.420616
C10 925.012 71.59523
C10 949.965 58.366512
C10 975.002 43.035595
C10 999.976 26.3564
C10 1025.028 11.616696
C10 1050.014 4.2216396
C10 1075.002 2.339575
C10 1099.99 1.8280972
C05 319.994 38.40827
C05 324.969 43.363987
C05 349.982 66.67386
C05 374.975 74.90933
C05 400.019 83.00373
C05 424.965 85.153046
C05 450.035 87.62967
C05 475.003 89.815254
C05 500.018 91.58778
C05 525.002 93.24539
C05 550.029 94.8321
C05 575.023 96.45555
C05 599.982 97.6346
C05 619.997 97.64249
C05 624.979 98.124855
C05 650.012 98.58784
C05 675.004 98.68032
C05 700.03 98.36073
C05 725.012 98.64105
C05 750.022 98.72211
C05 774.987 99.31425
C05 799.976 98.91339
C05 824.988 96.878525
C05 850.022 94.705864
C05 869.967 91.21698
C05 875.002 90.27589
C05 899.999 82.405556
C05 919.999 74.15333
C05 925.012 71.30379
C05 949.965 58.485184
C05 975.002 43.440796
C05 999.976 26.563284
C05 1025.028 11.636957
C05 1050.014 4.1753483
C05 1075.002 2.2962103
C05 1099.99 1.8159565
C00 319.994 36.96624
C00 324.969 41.727257
C00 349.982 63.862816
C00 374.975 71.9533
C00 400.019 81.24688
C00 424.965 84.086395
C00 450.035 86.94096
C00 475.003 89.36039
C00 500.018 91.2832
C00 525.002 93.03666
C00 550.029 94.677246
C00 575.023 96.33702
C00 599.982 97.53088
C00 619.997 97.548805
C00 624.979 98.03334
C00 650.012 98.50545
C00 675.004 98.595055
C00 700.03 98.2716
C00 725.012 98.53931
C00 750.022 98.60053
C00 774.987 99.18011
C00 799.976 98.798615
C00 824.988 96.79235
C00 850.022 94.61136
C00 869.967 91.37714
C00 875.002 90.49268
C00 899.999 82.56843
C00 919.999 74.21132
C00 925.012 71.34017
C00 949.965 58.913357
C00 975.002 43.495075
C00 999.976 26.613453
C00 1025.028 11.660489
C00 1050.014 4.2080965
C00 1075.002 2.3131406
C00 1099.99 1.8229111
C04 319.994 38.142033
C04 324.969 43.058235
C04 349.982 66.15596
C04 374.975 74.393425
C04 400.019 82.72271
C04 424.965 84.996376
C04 450.035 87.53803
C04 475.003 89.76667
C04 500.018 91.565895
C04 525.002 93.24099
C04 550.029 94.833176
C04 575.023 96.46384
C04 599.982 97.64365
C04 619.997 97.65557
C04 624.979 98.14027
C04 650.012 98.60547
C04 675.004 98.69757
C04 700.03 98.37443
C04 725.012 98.64563
C04 750.022 98.71486
C04 774.987 99.29737
C04 799.976 98.89361
C04 824.988 96.87444
C04 850.022 94.684135
C04 869.967 91.22088
C04 875.002 90.291405
C04 899.999 82.49246
C04 919.999 74.216736
C04 925.012 71.35248
C04 949.965 58.518547
C04 975.002 43.443447
C04 999.976 26.559614
C04 1025.028 11.658129
C04 1050.014 4.1806264
C04 1075.002 2.2918222
C04 1099.99 1.8133545
C02 319.994 37.499577
C02 324.969 42.334164
C02 349.982 64.94057
C02 374.975 73.10789
C02 400.019 81.86524
C02 424.965 84.39276
C02 450.035 87.07274
C02 475.003 89.37888
C02 500.018 91.23075
C02 525.002 92.93817
C02 550.029 94.552536
C02 575.023 96.19066
C02 599.982 97.37755
C02 619.997 97.391594
C02 624.979 97.874275
C02 650.012 98.34386
C02 675.004 98.43821
C02 700.03 98.11577
C02 725.012 98.381935
C02 750.022 98.43972
C02 774.987 99.01467
C02 799.976 98.61407
C02 824.988 96.61135
C02 850.022 94.405716
C02 869.967 90.986885
C02 875.002 90.089226
C02 899.999 82.32499
C02 919.999 73.9956
C02 925.012 71.12247
C02 949.965 58.418156
C02 975.002 43.33452
C02 999.976 26.511856
C02 1025.028 11.640589
C02 1050.014 4.1469464
C02 1075.002 2.2763824
C02 1099.99 1.806691
C03 319.994 37.79307
C03 324.969 42.663387
C03 349.982 65.489525
C03 374.975 73.69596
C03 400.019 82.250084
C03 424.965 84.656494
C03 450.035 87.2649
C03 475.003 89.531166
C03 500.018 91.35255
C03 525.002 93.0398
C03 550.029 94.642715
C03 575.023 96.27504
C03 599.982 97.458496
C03 619.997 97.465775
C03 624.979 97.951675
C03 650.012 98.41773
C03 675.004 98.51275
C03 700.03 98.18946
C03 725.012 98.45424
C03 750.022 98.5201
C03 774.987 99.092186
C03 799.976 98.693405
C03 824.988 96.68106
C03 850.022 94.48966
C03 869.967 91.03069
C03 875.002 90.11467
C03 899.999 82.36901
C03 919.999 74.10919
C03 925.012 71.241165
C03 949.965 58.4152
C03 975.002 43.35812
C03 999.976 26.520725
C03 1025.028 11.648332
C03 1050.014 4.1693807
C03 1075.002 2.2820444
C03 1099.99 1.8097996
C17 319.994 37.95219
C17 324.969 42.847534
C17 349.982 65.697975
C17 374.975 73.83372
C17 400.019 82.458046
C17 424.965 84.894104
C17 450.035 87.53653
C17 475.003 89.82794
C17 500.018 91.67238
C17 525.002 93.37801
C17 550.029 94.990295
C17 575.023 96.633606
C17 599.982 97.82315
C17 619.997 97.83288
C17 624.979 98.315384
C17 650.012 98.77929
C17 675.004 98.8574
C17 700.03 98.44398
C17 725.012 98.46281
C17 750.022 98.22259
C17 774.987 98.5033
C17 799.976 97.97948
C17 824.988 96.00894
C17 850.022 93.794655
C17 869.967 90.40069
C17 875.002 89.50398
C17 899.999 81.933266
C17 919.999 73.95726
C17 925.012 71.07511
C17 949.965 58.045834
C17 975.002 42.947533
C17 999.976 26.337023
C17 1025.028 11.597159
C17 1050.014 4.145772
C17 1075.002 2.2718084
C17 1099.99 1.8010798
C14 319.994 37.09224
C14 324.969 41.86987
C14 349.982 64.11996
C14 374.975 72.30469
C14 400.019 81.593056
C14 424.965 84.39802
C14 450.035 87.234505
C14 475.003 89.64215
C14 500.018 91.56659
C14 525.002 93.32096
C14 550.029 94.967834
C14 575.023 96.6285
C14 599.982 97.832115
C14 619.997 97.85332
C14 624.979 98.33911
C14 650.012 98.811005
C14 675.004 98.89067
C14 700.03 98.46446
C14 725.012 98.44448
C14 750.022 98.143234
C14 774.987 98.365005
C14 799.976 97.82822
C14 824.988 95.88482
C14 850.022 93.63862
C14 869.967 90.27364
C14 875.002 89.408585
C14 899.999 81.991104
C14 919.999 73.99794
C14 925.012 71.13139
C14 949.965 58.143803
C14 975.002 42.943836
C14 999.976 26.354198
C14 1025.028 11.621255
C14 1050.014 4.130504
C14 1075.002 2.271848
C14 1099.99 1.8056308
C11 319.994 35.988094
C11 324.969 40.614788
C11 349.982 62.03779
C11 374.975 70.21016
C11 400.019 80.38185
C11 424.965 83.69929
C11 450.035 86.80783
C11 475.003 89.37807
C11 500.018 91.40855
C11 525.002 93.22951
C11 550.029 94.92107
C11 575.023 96.612755
C11 599.982 97.83284
C11 619.997 97.86102
C11 624.979 98.34753
C11 650.012 98.827705
C11 675.004 98.912285
C11 700.03 98.49365
C11 725.012 98.47595
C11 750.022 98.18023
C11 774.987 98.41699
C11 799.976 97.89914
C11 824.988 95.96743
C11 850.022 93.76395
C11 869.967 90.52148
C11 875.002 89.660034
C11 899.999 82.070114
C11 919.999 74.26718
C11 925.012 71.47173
C11 949.965 58.414524
C11 975.002 42.978714
C11 999.976 26.335667
C11 1025.028 11.548594
C11 1050.014 4.153011
C11 1075.002 2.3040817
C11 1099.99 1.8192627
C16 319.994 37.5945
C16 324.969 42.442703
C16 349.982 65.06644
C16 374.975 73.23192
C16 400.019 82.06945
C16 424.965 84.62638
C16 450.035 87.329025
C16 475.003 89.65323
C16 500.018 91.519455
C16 525.002 93.237526
C16 550.029 94.861336
C16 575.023 96.508965
C16 599.982 97.701
C16 619.997 97.71416
C16 624.979 98.20011
C16 650.012 98.66793
C16 675.004 98.74559
C16 700.03 98.3262
C16 725.012 98.32636
C16 750.022 98.06271
C16 774.987 98.315056
C16 799.976 97.78391
C16 824.988 95.82286
C16 850.022 93.60083
C16 869.967 90.221985
C16 875.002 89.3206
C16 899.999 81.79806
C16 919.999 73.84756
C16 925.012 70.96667
C16 949.965 58.04987
C16 975.002 42.855717
C16 999.976 26.31978
C16 1025.028 11.556553
C16 1050.014 4.134076
C16 1075.002 2.277213
C16 1099.99 1.8042717
C06 319.994 38.61012
C06 324.969 43.592735
C06 349.982 67.07725
C06 374.975 75.33565
C06 400.019 83.2481
C06 424.965 85.29188
C06 450.035 87.71024
C06 475.003 89.86468
C06 500.018 91.615814
C06 525.002 93.26184
C06 550.029 94.83819
C06 575.023 96.456436
C06 599.982 97.6351
C06 619.997 97.64244
C06 624.979 98.12475
C06 650.012 98.5891
C06 675.004 98.6825
C06 700.03 98.367615
C06 725.012 98.65854
C06 750.022 98.75866
C06 774.987 99.36104
C06 799.976 98.96109
C06 824.988 96.91036
C06 850.022 94.713936
C06 869.967 91.23517
C06 875.002 90.272255
C06 899.999 82.31932
C06 919.999 73.991615
C06 925.012 71.13157
C06 949.965 58.409218
C06 975.002 43.291653
C06 999.976 26.459108
C06 1025.028 11.606339
C06 1050.014 4.1640778
C06 1075.002 2.2949364
C06 1099.99 1.8146999
C13 319.994 36.842506
C13 324.969 41.583843
C13 349.982 63.616924
C13 374.975 71.79385
C13 400.019 81.3443
C13 424.965 84.298836
C13 450.035 87.21803
C13 475.003 89.677734
C13 500.018 91.63169
C13 525.002 93.4056
C13 550.029 95.06652
C13 575.023 96.73707
C13 599.982 97.94561
C13 619.997 97.968155
C13 624.979 98.457
C13 650.012 98.92834
C13 675.004 99.0105
C13 700.03 98.58113
C13 725.012 98.55627
C13 750.022 98.24851
C13 774.987 98.47129
C13 799.976 97.93378
C13 824.988 95.99864
C13 850.022 93.73642
C13 869.967 90.44414
C13 875.002 89.581505
C13 899.999 82.09331
C13 919.999 74.098526
C13 925.012 71.29421
C13 949.965 58.31401
C13 975.002 42.946846
C13 999.976 26.398045
C13 1025.028 11.5855055
C13 1050.014 4.1273875
C13 1075.002 2.2789116
C13 1099.99 1.8098115
C01 319.994 37.308167
C01 324.969 42.11373
C01 349.982 64.54101
C01 374.975 72.689384
C01 400.019 81.71214
C01 424.965 84.393906
C01 450.035 87.160545
C01 475.003 89.53128
C01 500.018 91.41799
C01 525.002 93.15433
C01 550.029 94.786194
C01 575.023 96.439804
C01 599.982 97.63299
C01 619.997 97.6467
C01 624.979 98.13188
C01 650.012 98.60603
C01 675.004 98.69877
C01 700.03 98.37245
C01 725.012 98.63932
C01 750.022 98.69746
C01 774.987 99.27544
C01 799.976 98.88818
C01 824.988 96.87617
C01 850.022 94.65297
C01 869.967 91.31776
C01 875.002 90.43059
C01 899.999 82.603226
C01 919.999 74.18621
C01 925.012 71.286064
C01 949.965 58.746033
C01 975.002 43.484806
C01 999.976 26.614609
C01 1025.028 11.672898
C01 1050.014 4.1650276
C01 1075.002 2.2906177
C01 1099.99 1.8153619
C12 319.994 36.518963
C12 324.969 41.2187
C12 349.982 63.00481
C12 374.975 71.15141
C12 400.019 80.932724
C12 424.965 84.03324
C12 450.035 87.029594
C12 475.003 89.53316
C12 500.018 91.51876
C12 525.002 93.31175
C12 550.029 94.985146
C12 575.023 96.66351
C12 599.982 97.87437
C12 619.997 97.9004
C12 624.979 98.38911
C12 650.012 98.86342
C12 675.004 98.94542
C12 700.03 98.52101
C12 725.012 98.49662
C12 750.022 98.19177
C12 774.987 98.41744
C12 799.976 97.88857
C12 824.988 95.94984
C12 850.022 93.72464
C12 869.967 90.47318
C12 875.002 89.63868
C12 899.999 82.08549
C12 919.999 74.1563
C12 925.012 71.376305
C12 949.965 58.316803
C12 975.002 43.05439
C12 999.976 26.32688
C12 1025.028 11.589486
C12 1050.014 4.1369586
C12 1075.002 2.292019
C12 1099.99 1.817428
