lsstCam/transmission_sensor/r30_s11/19700101T000000.ecsv
# %ECSV 1.0
# ---
# datatype:
# - {name: amp_name, datatype: string}
# - {name: wavelength, unit: nm, datatype: float32}
# - {name: efficiency, unit: '%', datatype: float64}
# meta: !!omap
# - {MODE: AMP}
# - {TYPE: transmission_sensor}
# - {CALIBDATE: '1970-01-01T00:00:00'}
# - {INSTRUME: LSSTCAM}
# - {OBSTYPE: transmission_sensor}
# - {DETECTOR: 121}
# - {PARQUETFILE: qe_raft_allvalues_nircorrected_20230725.parquet}
# - {CALIBCLS: lsst.ip.isr.IntermediateSensorTransmissionCurve}
# - {CALIB_ID: 'raftName=R30 detectorName=S11 detector=121 calibDate=1970-01-01T00:00:00 ccd=121 ccdnum=121 filter=None'}
# - {DATE: '2023-08-02T16:57:55.917105'}
# - {CALIB_CREATION_DATE: '2023-08-02'}
# - {CALIB_CREATION_TIME: '16:57:55'}
# - __serialized_columns__:
#     efficiency:
#       __class__: astropy.units.quantity.Quantity
#       unit: !astropy.units.Unit {unit: '%'}
#       value: !astropy.table.SerializedColumn {name: efficiency}
#     wavelength:
#       __class__: astropy.units.quantity.Quantity
#       unit: !astropy.units.Unit {unit: nm}
#       value: !astropy.table.SerializedColumn {name: wavelength}
# schema: astropy-2.0
amp_name wavelength efficiency
C00 319.994 42.76584243774414
C00 324.969 48.28400802612305
C00 349.982 73.57769775390625
C00 374.975 79.61617279052734
C00 400.019 85.08856964111328
C00 424.965 86.50079345703125
C00 450.035 87.7598648071289
C00 475.003 89.83157348632812
C00 500.018 91.86800384521484
C00 525.002 93.7626953125
C00 550.029 95.26170349121094
C00 575.023 96.81102752685547
C00 599.982 98.0831298828125
C00 619.997 98.27399444580078
C00 624.979 98.33073425292969
C00 650.012 98.78753662109375
C00 675.004 99.0893783569336
C00 700.03 98.71378326416016
C00 725.012 98.16067504882812
C00 750.022 98.19302368164062
C00 774.987 98.15098571777344
C00 799.976 97.2271957397461
C00 824.988 95.70047760009766
C00 850.022 93.17605590820312
C00 869.967 89.81199645996094
C00 875.002 88.76022338867188
C00 899.999 82.1781997680664
C00 919.999 73.47761535644531
C00 925.012 70.642333984375
C00 949.965 57.17045211791992
C00 975.002 42.62135696411133
C00 999.976 25.91105079650879
C00 1025.028 10.889076232910156
C00 1050.014 3.694864273071289
C00 1075.002 0.9354801100685155
C00 1099.99 0.09281747711308258
C01 319.994 42.928245544433594
C01 324.969 48.47234344482422
C01 349.982 73.86952209472656
C01 374.975 79.84876251220703
C01 400.019 85.13610076904297
C01 424.965 86.45710754394531
C01 450.035 87.67109680175781
C01 475.003 89.708740234375
C01 500.018 91.72906494140625
C01 525.002 93.60428619384766
C01 550.029 95.09334564208984
C01 575.023 96.63471221923828
C01 599.982 97.90065002441406
C01 619.997 98.08895111083984
C01 624.979 98.14552307128906
C01 650.012 98.59983825683594
C01 675.004 98.90111541748047
C01 700.03 98.51983642578125
C01 725.012 97.95868682861328
C01 750.022 97.97418975830078
C01 774.987 97.91764831542969
C01 799.976 96.9962158203125
C01 824.988 95.47937774658203
C01 850.022 92.96720123291016
C01 869.967 89.67377471923828
C01 875.002 88.64763641357422
C01 899.999 82.07791900634766
C01 919.999 73.3800048828125
C01 925.012 70.56119537353516
C01 949.965 57.24867248535156
C01 975.002 42.64344787597656
C01 999.976 25.867050170898438
C01 1025.028 10.847772598266602
C01 1050.014 3.6624863147735596
C01 1075.002 0.933395290407162
C01 1099.99 0.09261062322156753
C02 319.994 43.07524490356445
C02 324.969 48.63750457763672
C02 349.982 74.1258773803711
C02 374.975 80.0748062133789
C02 400.019 85.2642593383789
C02 424.965 86.53553009033203
C02 450.035 87.72416687011719
C02 475.003 89.75117492675781
C02 500.018 91.75794219970703
C02 525.002 93.62531280517578
C02 550.029 95.10794830322266
C02 575.023 96.64908599853516
C02 599.982 97.91178894042969
C02 619.997 98.09929656982422
C02 624.979 98.1550521850586
C02 650.012 98.6072998046875
C02 675.004 98.904296875
C02 700.03 98.51985168457031
C02 725.012 97.94864654541016
C02 750.022 97.96134185791016
C02 774.987 97.89346313476562
C02 799.976 96.97188568115234
C02 824.988 95.4726333618164
C02 850.022 92.94656372070312
C02 869.967 89.76313781738281
C02 875.002 88.77535247802734
C02 899.999 82.10724639892578
C02 919.999 73.3239517211914
C02 925.012 70.59233093261719
C02 949.965 57.50450134277344
C02 975.002 42.91453552246094
C02 999.976 25.9410343170166
C02 1025.028 10.88081169128418
C02 1050.014 3.658980369567871
C02 1075.002 0.9332728891534697
C02 1099.99 0.09259847868162391
C03 319.994 43.20112991333008
C03 324.969 48.78025436401367
C03 349.982 74.28662872314453
C03 374.975 80.13720703125
C03 400.019 85.23387145996094
C03 424.965 86.47237396240234
C03 450.035 87.64369201660156
C03 475.003 89.65746307373047
C03 500.018 91.6553955078125
C03 525.002 93.52106475830078
C03 550.029 94.99578857421875
C03 575.023 96.52632141113281
C03 599.982 97.78273010253906
C03 619.997 97.96324157714844
C03 624.979 98.01901245117188
C03 650.012 98.46533203125
C03 675.004 98.7537612915039
C03 700.03 98.36914825439453
C03 725.012 97.79092407226562
C03 750.022 97.79190063476562
C03 774.987 97.72118377685547
C03 799.976 96.80581665039062
C03 824.988 95.30699920654297
C03 850.022 92.80241394042969
C03 869.967 89.7236328125
C03 875.002 88.7505111694336
C03 899.999 81.89472961425781
C03 919.999 73.25994873046875
C03 925.012 70.6239242553711
C03 949.965 57.642921447753906
C03 975.002 42.99826431274414
C03 999.976 25.884763717651367
C03 1025.028 10.863813400268555
C03 1050.014 3.648998737335205
C03 1075.002 0.9316586312063669
C03 1099.99 0.09243831349110067
C04 319.994 43.5355110168457
C04 324.969 49.1619758605957
C04 349.982 74.818115234375
C04 374.975 80.56621551513672
C04 400.019 85.52958679199219
C04 424.965 86.7133560180664
C04 450.035 87.86235809326172
C04 475.003 89.86891174316406
C04 500.018 91.86013793945312
C04 525.002 93.71939849853516
C04 550.029 95.1878662109375
C04 575.023 96.7187271118164
C04 599.982 97.97334289550781
C04 619.997 98.14952850341797
C04 624.979 98.2035140991211
C04 650.012 98.64348602294922
C04 675.004 98.93197631835938
C04 700.03 98.5427474975586
C04 725.012 97.96485900878906
C04 750.022 97.96951293945312
C04 774.987 97.8995132446289
C04 799.976 96.98719024658203
C04 824.988 95.4798583984375
C04 850.022 92.99987030029297
C04 869.967 89.92518615722656
C04 875.002 88.93638610839844
C04 899.999 82.03976440429688
C04 919.999 73.52840423583984
C04 925.012 70.8797836303711
C04 949.965 57.838253021240234
C04 975.002 43.02424240112305
C04 999.976 25.891250610351562
C04 1025.028 10.881579399108887
C04 1050.014 3.6587531566619873
C04 1075.002 0.9333507348230431
C04 1099.99 0.09260620245744364
C05 319.994 43.63801193237305
C05 324.969 49.28006362915039
C05 349.982 74.96617126464844
C05 374.975 80.63468170166016
C05 400.019 85.49761962890625
C05 424.965 86.63683319091797
C05 450.035 87.76325988769531
C05 475.003 89.75736236572266
C05 500.018 91.74076843261719
C05 525.002 93.59124755859375
C05 550.029 95.05375671386719
C05 575.023 96.5809555053711
C05 599.982 97.82353973388672
C05 619.997 97.99613952636719
C05 624.979 98.0517807006836
C05 650.012 98.48928833007812
C05 675.004 98.77555084228516
C05 700.03 98.38636016845703
C05 725.012 97.8146743774414
C05 750.022 97.83109283447266
C05 774.987 97.77118682861328
C05 799.976 96.86698150634766
C05 824.988 95.35088348388672
C05 850.022 92.91999816894531
C05 869.967 89.84442138671875
C05 875.002 88.85240173339844
C05 899.999 81.84133911132812
C05 919.999 73.56381225585938
C05 925.012 70.99143981933594
C05 949.965 57.811485290527344
C05 975.002 42.95648193359375
C05 999.976 25.864133834838867
C05 1025.028 10.880346298217773
C05 1050.014 3.66920804977417
C05 1075.002 0.9320320130263644
C05 1099.99 0.092475360092262
C06 319.994 43.921836853027344
C06 324.969 49.60050964355469
C06 349.982 75.40413665771484
C06 374.975 80.98936462402344
C06 400.019 85.7696762084961
C06 424.965 86.87661743164062
C06 450.035 87.9876708984375
C06 475.003 89.97886657714844
C06 500.018 91.96347045898438
C06 525.002 93.81132507324219
C06 550.029 95.27474212646484
C06 575.023 96.79579162597656
C06 599.982 98.04032135009766
C06 619.997 98.2112045288086
C06 624.979 98.26265716552734
C06 650.012 98.69528198242188
C06 675.004 98.97895050048828
C06 700.03 98.58602905273438
C06 725.012 98.02618408203125
C06 750.022 98.06172943115234
C06 774.987 98.0249252319336
C06 799.976 97.12850189208984
C06 824.988 95.59394836425781
C06 850.022 93.22734069824219
C06 869.967 90.1306381225586
C06 875.002 89.10066223144531
C06 899.999 82.0948486328125
C06 919.999 73.9581298828125
C06 925.012 71.35552215576172
C06 949.965 58.07311248779297
C06 975.002 43.082908630371094
C06 999.976 25.995363235473633
C06 1025.028 10.939927101135254
C06 1050.014 3.7084813117980957
C06 1075.002 0.9342292761262732
C06 1099.99 0.09269337051845081
C07 319.994 43.806678771972656
C07 324.969 49.47621536254883
C07 349.982 75.21338653564453
C07 374.975 80.78711700439453
C07 400.019 85.57244110107422
C07 424.965 86.6878433227539
C07 450.035 87.81128692626953
C07 475.003 89.80681610107422
C07 500.018 91.7935791015625
C07 525.002 93.64495086669922
C07 550.029 95.10935974121094
C07 575.023 96.62718963623047
C07 599.982 97.8735122680664
C07 619.997 98.04620361328125
C07 624.979 98.09725189208984
C07 650.012 98.53130340576172
C07 675.004 98.8162841796875
C07 700.03 98.43663024902344
C07 725.012 97.89388275146484
C07 750.022 97.95942687988281
C07 774.987 97.9538803100586
C07 799.976 97.0736083984375
C07 824.988 95.546142578125
C07 850.022 93.21762084960938
C07 869.967 90.16665649414062
C07 875.002 89.1097640991211
C07 899.999 82.12906646728516
C07 919.999 73.96510314941406
C07 925.012 71.38188171386719
C07 949.965 58.226139068603516
C07 975.002 43.02932357788086
C07 999.976 26.056259155273438
C07 1025.028 10.959537506103516
C07 1050.014 3.7325422763824463
C07 1075.002 0.9332546440867306
C07 1099.99 0.09259666842286347
C10 319.994 41.747005462646484
C10 324.969 47.12888717651367
C10 349.982 71.51605224609375
C10 374.975 77.5360107421875
C10 400.019 83.902099609375
C10 424.965 85.77395629882812
C10 450.035 87.28727722167969
C10 475.003 89.50304412841797
C10 500.018 91.63589477539062
C10 525.002 93.58199310302734
C10 550.029 95.11637115478516
C10 575.023 96.68213653564453
C10 599.982 97.95948791503906
C10 619.997 98.15189361572266
C10 624.979 98.21024322509766
C10 650.012 98.66769409179688
C10 675.004 98.9637680053711
C10 700.03 98.57917785644531
C10 725.012 98.01134490966797
C10 750.022 98.02900695800781
C10 774.987 97.97986602783203
C10 799.976 97.08057403564453
C10 824.988 95.58377075195312
C10 850.022 93.12409210205078
C10 869.967 90.08194732666016
C10 875.002 89.11148834228516
C10 899.999 82.19358825683594
C10 919.999 73.50918579101562
C10 925.012 70.81401824951172
C10 949.965 57.88723373413086
C10 975.002 42.989990234375
C10 999.976 25.888782501220703
C10 1025.028 10.915787696838379
C10 1050.014 3.7093827724456787
C10 1075.002 0.9339175311270999
C10 1099.99 0.09266243946602709
C11 319.994 42.0516357421875
C11 324.969 47.47480773925781
C11 349.982 72.07998657226562
C11 374.975 78.07034301757812
C11 400.019 84.228271484375
C11 424.965 85.9912109375
C11 450.035 87.44824981689453
C11 475.003 89.62969207763672
C11 500.018 91.74072265625
C11 525.002 93.67487335205078
C11 550.029 95.1958999633789
C11 575.023 96.7590103149414
C11 599.982 98.03593444824219
C11 619.997 98.22763061523438
C11 624.979 98.28363037109375
C11 650.012 98.74144744873047
C11 675.004 99.03673553466797
C11 700.03 98.648193359375
C11 725.012 98.06807708740234
C11 750.022 98.07286071777344
C11 774.987 98.00780487060547
C11 799.976 97.10086059570312
C11 824.988 95.60095977783203
C11 850.022 93.15797424316406
C11 869.967 90.15939331054688
C11 875.002 89.18433380126953
C11 899.999 82.17877197265625
C11 919.999 73.60447692871094
C11 925.012 70.94364929199219
C11 949.965 57.99927520751953
C11 975.002 43.020450592041016
C11 999.976 25.924102783203125
C11 1025.028 10.894336700439453
C11 1050.014 3.7031188011169434
C11 1075.002 0.9343353240250701
C11 1099.99 0.09270389249354526
C12 319.994 42.24759292602539
C12 324.969 47.69828414916992
C12 349.982 72.4228286743164
C12 374.975 78.37324523925781
C12 400.019 84.39945983886719
C12 424.965 86.10491943359375
C12 450.035 87.529296875
C12 475.003 89.69287109375
C12 500.018 91.79256439208984
C12 525.002 93.71965789794922
C12 550.029 95.24069213867188
C12 575.023 96.7968521118164
C12 599.982 98.06976318359375
C12 619.997 98.26268768310547
C12 624.979 98.31623840332031
C12 650.012 98.7708740234375
C12 675.004 99.06594848632812
C12 700.03 98.67599487304688
C12 725.012 98.08613586425781
C12 750.022 98.07850646972656
C12 774.987 98.00469207763672
C12 799.976 97.09980773925781
C12 824.988 95.58932495117188
C12 850.022 93.16250610351562
C12 869.967 90.22306060791016
C12 875.002 89.17729949951172
C12 899.999 82.12957763671875
C12 919.999 73.64342498779297
C12 925.012 71.22140502929688
C12 949.965 57.90863800048828
C12 975.002 43.23008346557617
C12 999.976 25.748088836669922
C12 1025.028 10.910787582397461
C12 1050.014 3.701382875442505
C12 1075.002 0.9343892265853001
C12 1099.99 0.092709240656052
C13 319.994 42.303382873535156
C13 324.969 47.76026153564453
C13 349.982 72.51181030273438
C13 374.975 78.41498565673828
C13 400.019 84.34513092041016
C13 424.965 86.00929260253906
C13 450.035 87.41275024414062
C13 475.003 89.56687927246094
C13 500.018 91.66015625
C13 525.002 93.58238220214844
C13 550.029 95.0964584350586
C13 575.023 96.65026092529297
C13 599.982 97.92180633544922
C13 619.997 98.11026000976562
C13 624.979 98.16593170166016
C13 650.012 98.61968994140625
C13 675.004 98.91265106201172
C13 700.03 98.51803588867188
C13 725.012 97.92849731445312
C13 750.022 97.91835021972656
C13 774.987 97.8423080444336
C13 799.976 96.94038391113281
C13 824.988 95.42552185058594
C13 850.022 93.0622329711914
C13 869.967 90.08840942382812
C13 875.002 89.08457946777344
C13 899.999 81.94931030273438
C13 919.999 73.76728057861328
C13 925.012 71.18850708007812
C13 949.965 58.05246353149414
C13 975.002 42.97091293334961
C13 999.976 25.843555450439453
C13 1025.028 10.880191802978516
C13 1050.014 3.6892120838165283
C13 1075.002 0.9328634599529156
C13 1099.99 0.09255785549247982
C14 319.994 42.62966537475586
C14 324.969 48.13460159301758
C14 349.982 73.0305404663086
C14 374.975 78.85655212402344
C14 400.019 84.64698791503906
C14 424.965 86.24856567382812
C14 450.035 87.61920166015625
C14 475.003 89.75847625732422
C14 500.018 91.84088897705078
C14 525.002 93.7538070678711
C14 550.029 95.2623062133789
C14 575.023 96.80997467041016
C14 599.982 98.07441711425781
C14 619.997 98.25811767578125
C14 624.979 98.31112670898438
C14 650.012 98.75853729248047
C14 675.004 99.04495239257812
C14 700.03 98.64733123779297
C14 725.012 98.05355072021484
C14 750.022 98.04814910888672
C14 774.987 97.97251892089844
C14 799.976 97.07071685791016
C14 824.988 95.54841613769531
C14 850.022 93.23217010498047
C14 869.967 90.23241424560547
C14 875.002 89.19542694091797
C14 899.999 82.1053237915039
C14 919.999 74.0592269897461
C14 925.012 71.45635223388672
C14 949.965 58.19771194458008
C14 975.002 42.92770004272461
C14 999.976 25.910400390625
C14 1025.028 10.91136646270752
C14 1050.014 3.7085988521575928
C14 1075.002 0.9340999821663329
C14 1099.99 0.09268054209052547
C15 319.994 42.766971588134766
C15 324.969 48.286895751953125
C15 349.982 73.24835205078125
C15 374.975 79.04293060302734
C15 400.019 84.76029205322266
C15 424.965 86.31940460205078
C15 450.035 87.66815948486328
C15 475.003 89.79539489746094
C15 500.018 91.86846923828125
C15 525.002 93.77499389648438
C15 550.029 95.27662658691406
C15 575.023 96.81884765625
C15 599.982 98.0819320678711
C15 619.997 98.25975799560547
C15 624.979 98.30973052978516
C15 650.012 98.75482940673828
C15 675.004 99.04039001464844
C15 700.03 98.64256286621094
C15 725.012 98.0589370727539
C15 750.022 98.05927276611328
C15 774.987 97.99784088134766
C15 799.976 97.1017837524414
C15 824.988 95.58036041259766
C15 850.022 93.3062973022461
C15 869.967 90.276611328125
C15 875.002 89.20301055908203
C15 899.999 82.25498962402344
C15 919.999 74.21932220458984
C15 925.012 71.60843658447266
C15 949.965 58.22278594970703
C15 975.002 42.92878341674805
C15 999.976 26.01824951171875
C15 1025.028 10.950812339782715
C15 1050.014 3.731496572494507
C15 1075.002 0.9342058723754688
C15 1099.99 0.0926910484197966
C16 319.994 42.99566650390625
C16 324.969 48.54274368286133
C16 349.982 73.64320373535156
C16 374.975 79.39999389648438
C16 400.019 84.97139739990234
C16 424.965 86.4544906616211
C16 450.035 87.7673110961914
C16 475.003 89.86811828613281
C16 500.018 91.92422485351562
C16 525.002 93.8211898803711
C16 550.029 95.31332397460938
C16 575.023 96.85212707519531
C16 599.982 98.10852813720703
C16 619.997 98.28440856933594
C16 624.979 98.3382797241211
C16 650.012 98.77867126464844
C16 675.004 99.0621109008789
C16 700.03 98.66558837890625
C16 725.012 98.09083557128906
C16 750.022 98.11426544189453
C16 774.987 98.07441711425781
C16 799.976 97.1875228881836
C16 824.988 95.67408752441406
C16 850.022 93.41748809814453
C16 869.967 90.39424896240234
C16 875.002 89.3046875
C16 899.999 82.43468475341797
C16 919.999 74.38744354248047
C16 925.012 71.72312927246094
C16 949.965 58.35835266113281
C16 975.002 42.91927719116211
C16 999.976 26.11449432373047
C16 1025.028 10.990290641784668
C16 1050.014 3.7530877590179443
C16 1075.002 0.934729784385775
C16 1099.99 0.09274303048815111
C17 319.994 42.974266052246094
C17 324.969 48.51866912841797
C17 349.982 73.58922576904297
C17 374.975 79.35690307617188
C17 400.019 84.9588623046875
C17 424.965 86.45848083496094
C17 450.035 87.78204345703125
C17 475.003 89.88957214355469
C17 500.018 91.9535140991211
C17 525.002 93.85384368896484
C17 550.029 95.34856414794922
C17 575.023 96.88922119140625
C17 599.982 98.14582824707031
C17 619.997 98.32022094726562
C17 624.979 98.37581634521484
C17 650.012 98.81391906738281
C17 675.004 99.10157012939453
C17 700.03 98.70710754394531
C17 725.012 98.15455627441406
C17 750.022 98.20796203613281
C17 774.987 98.20036315917969
C17 799.976 97.3287582397461
C17 824.988 95.81318664550781
C17 850.022 93.57935333251953
C17 869.967 90.5848617553711
C17 875.002 89.4897689819336
C17 899.999 82.60652160644531
C17 919.999 74.58506774902344
C17 925.012 71.87515258789062
C17 949.965 58.52226638793945
C17 975.002 42.99053192138672
C17 999.976 26.191951751708984
C17 1025.028 11.058043479919434
C17 1050.014 3.7791242599487305
C17 1075.002 0.9356224265733383
C17 1099.99 0.0928315976259476
