lsstCam/transmission_sensor/r30_s11/19700101T000000.ecsv
# %ECSV 1.0
# ---
# datatype:
# - {name: amp_name, datatype: string}
# - {name: wavelength, unit: nm, datatype: float32}
# - {name: efficiency, unit: '%', datatype: float64}
# meta: !!omap
# - {MODE: AMP}
# - {TYPE: transmission_sensor}
# - {CALIBDATE: '1970-01-01T00:00:00'}
# - {INSTRUME: LSSTCam}
# - {OBSTYPE: transmission_sensor}
# - {DETECTOR: 121}
# - {PARQUETFILE: qe_raft_allvalues_nircorrected_20230725_adjust.parquet}
# - {CORRFILE: qe_corr_factor_bydetnum.parquet}
# - {CALIBCLS: lsst.ip.isr.IntermediateSensorTransmissionCurve}
# - {CALIB_ID: 'raftName=R30 detectorName=S11 detector=121 calibDate=1970-01-01T00:00:00 ccd=121 ccdnum=121 filter=None'}
# - {DATE: '2025-03-03T21:56:48.062490'}
# - {CALIB_CREATION_DATE: '2025-03-03'}
# - {CALIB_CREATION_TIME: '21:56:48'}
# - __serialized_columns__:
#     efficiency:
#       __class__: astropy.units.quantity.Quantity
#       unit: !astropy.units.Unit {unit: '%'}
#       value: !astropy.table.SerializedColumn {name: efficiency}
#     wavelength:
#       __class__: astropy.units.quantity.Quantity
#       unit: !astropy.units.Unit {unit: nm}
#       value: !astropy.table.SerializedColumn {name: wavelength}
# schema: astropy-2.0
amp_name wavelength efficiency
C00 319.994 42.924328368941424
C00 324.969 48.4629437266204
C00 349.982 73.85036933662687
C00 374.975 79.91122235728005
C00 400.019 85.40389936280526
C00 424.965 86.82135673882088
C00 450.035 88.08509408130848
C00 475.003 90.164480305494
C00 500.018 92.2084574714433
C00 525.002 94.11017047564688
C00 550.029 95.61473382861683
C00 575.023 97.16979950404955
C00 599.982 98.44661614399983
C00 619.997 98.63818803195292
C00 624.979 98.69513811112738
C00 650.012 99.15363334314176
C00 675.004 99.45659367424015
C00 700.03 99.07960666365011
C00 725.012 98.5244486846384
C00 750.022 98.556917198246
C00 774.987 98.51472344589274
C00 799.976 97.58750999467854
C00 824.988 96.05513399042964
C00 850.022 93.5213570444405
C00 869.967 90.14483072862676
C00 875.002 89.08915989161838
C00 899.999 82.482743950338
C00 919.999 73.74991604381923
C00 925.012 70.90412740279676
C00 949.965 57.38232009068506
C00 975.002 42.77930744660638
C00 999.976 26.007074557054672
C00 1025.028 10.929430059428674
C00 1050.014 3.708557070209981
C00 1075.002 0.9389469057145168
C00 1099.99 0.09316144939219911
C01 319.994 43.08733332528766
C01 324.969 48.65197709753084
C01 349.982 74.14327514924254
C01 374.975 80.14467403318596
C01 400.019 85.45160663633717
C01 424.965 86.77750893011402
C01 450.035 87.9959971105952
C01 475.003 90.04119184580479
C01 500.018 92.06900367396503
C01 525.002 93.95117430865763
C01 550.029 95.44575206215958
C01 575.023 96.99283078955156
C01 599.982 98.26346003351247
C01 619.997 98.45245894491553
C01 624.979 98.50924055538731
C01 650.012 98.9652393875347
C01 675.004 99.26763305117862
C01 700.03 98.88494107770232
C01 725.012 98.32171191629854
C01 750.022 98.33727229829161
C01 774.987 98.28052131849306
C01 799.976 97.35567408678472
C01 824.988 95.83321476298906
C01 850.022 93.31172837462734
C01 869.967 90.00609675196904
C01 875.002 88.976155680461
C01 899.999 82.38209155815446
C01 919.999 73.65194383554197
C01 925.012 70.82268810038715
C01 949.965 57.46083033496852
C01 975.002 42.80148022517968
C01 999.976 25.962910869530287
C01 1025.028 10.88797335764964
C01 1050.014 3.676059122439846
C01 1075.002 0.9368543599201895
C01 1099.99 0.09295382892086827
C02 319.994 43.23487744932876
C02 324.969 48.81775030096885
C02 349.982 74.4005804619144
C02 374.975 80.37155542968732
C02 400.019 85.58024014850236
C02 424.965 86.85622210260753
C02 450.035 88.04926385131557
C02 475.003 90.08378379690984
C02 500.018 92.09798794849445
C02 525.002 93.97227884250256
C02 550.029 95.46040883929282
C02 575.023 97.00725783663569
C02 599.982 98.27464022923584
C02 619.997 98.46284274313533
C02 624.979 98.51880498309859
C02 650.012 98.97272858713569
C02 675.004 99.27082629886125
C02 700.03 98.88495639303893
C02 725.012 98.3116344248109
C02 750.022 98.32437678486822
C02 774.987 98.25624650997041
C02 799.976 97.33125378256429
C02 824.988 95.82644538420861
C02 850.022 93.29101438186589
C02 869.967 90.09579102081001
C02 875.002 89.10434504786457
C02 899.999 82.4115276351138
C02 919.999 73.59568294651486
C02 925.012 70.85393904473446
C02 949.965 57.71760726852744
C02 975.002 43.07357249534595
C02 999.976 26.037169193488126
C02 1025.028 10.921134890238715
C02 1050.014 3.6725401845521715
C02 1075.002 0.9367315050597035
C02 1099.99 0.09294163937447529
C03 319.994 43.36122897633945
C03 324.969 48.96102910376481
C03 349.982 74.56192753307289
C03 374.975 80.4341874987431
C03 400.019 85.5497396556488
C03 424.965 86.79283192438969
C03 450.035 87.96849076604839
C03 475.003 89.98972465713577
C03 500.018 91.99506122882471
C03 525.002 93.86764446280111
C03 550.029 95.34783345756045
C03 575.023 96.8840382959612
C03 599.982 98.14510311221083
C03 619.997 98.32628354427584
C03 624.979 98.38226109957571
C03 650.012 98.83023469534086
C03 675.004 99.11973284556139
C03 700.03 98.73369447103639
C03 725.012 98.15332744796898
C03 750.022 98.15430762951185
C03 774.987 98.08332870200506
C03 799.976 97.16456931659813
C03 824.988 95.66019740533577
C03 850.022 93.14633039693621
C03 869.967 90.05613961433356
C03 875.002 89.0794116798678
C03 899.999 82.19822328451487
C03 919.999 73.53144276711531
C03 925.012 70.88564944917998
C03 949.965 57.856540344561054
C03 975.002 43.15761157614466
C03 999.976 25.980690060914352
C03 1025.028 10.904073605258121
C03 1050.014 3.6625215613896165
C03 1075.002 0.9351112648342366
C03 1099.99 0.09278088062778857
C04 319.994 43.69684926275303
C04 324.969 49.3441652220027
C04 349.982 75.09538368011198
C04 374.975 80.86478584512719
C04 400.019 85.84655087909934
C04 424.965 87.03470703542965
C04 450.035 88.1879671973001
C04 475.003 90.20195693417219
C04 500.018 92.20056241542221
C04 525.002 94.06671320802351
C04 550.029 95.54062291477385
C04 575.023 97.07715703291166
C04 599.982 98.3364222971099
C04 619.997 98.51326083124673
C04 624.979 98.56744649216355
C04 650.012 99.00904890790002
C04 675.004 99.298608319467
C04 700.03 98.90793705561828
C04 725.012 98.32790696995622
C04 750.022 98.33257814762146
C04 774.987 98.26231904093522
C04 799.976 97.34661506518145
C04 824.988 95.83369719609219
C04 850.022 93.34451851030369
C04 869.967 90.25843989558012
C04 875.002 89.2659754527503
C04 899.999 82.34379555896777
C04 919.999 73.80089314171681
C04 925.012 71.14245701341211
C04 949.965 58.05259579730596
C04 975.002 43.18368593671868
C04 999.976 25.987200993389553
C04 1025.028 10.921905443111774
C04 1050.014 3.672312129618003
C04 1075.002 0.9368096392175359
C04 1099.99 0.09294939177383506
C05 319.994 43.79973003641293
C05 324.969 49.46269061200702
C05 349.982 75.24398839121315
C05 374.975 80.9335057604844
C05 400.019 85.81446524890693
C05 424.965 86.95790062234376
C05 450.035 88.08850174370362
C05 475.003 90.08999416590413
C05 500.018 92.08075053714286
C05 525.002 93.93808735352664
C05 550.029 95.4060164213318
C05 575.023 96.93887485868385
C05 599.982 98.1860639799672
C05 619.997 98.35930341000129
C05 624.979 98.41515078494001
C05 650.012 98.8542797738144
C05 675.004 99.14160314623669
C05 700.03 98.75097017072949
C05 725.012 98.17716576939833
C05 750.022 98.19364507158784
C05 774.987 98.13351706006736
C05 799.976 97.22596084338872
C05 824.988 95.70424431341853
C05 850.022 93.26435038083248
C05 869.967 90.17737581891738
C05 875.002 89.18167984006341
C05 899.999 82.14463492172573
C05 919.999 73.83643238031418
C05 925.012 71.25452698903644
C05 949.965 58.02572886806251
C05 975.002 43.115674355679566
C05 999.976 25.959983725821207
C05 1025.028 10.920667772472191
C05 1050.014 3.6828057675175203
C05 1075.002 0.9354860303698833
C05 1099.99 0.09281806451994541
C06 319.994 44.08460678381219
C06 324.969 49.78432416726394
C06 349.982 75.68357684018575
C06 374.975 81.28950310225406
C06 400.019 86.08753004294778
C06 424.965 87.19857347946004
C06 450.035 88.313744399188
C06 475.003 90.3123192497648
C06 500.018 92.30427787492722
C06 525.002 94.15898045341453
C06 550.029 95.62782078374782
C06 575.023 97.1545071404471
C06 599.982 98.40364896714789
C06 619.997 98.57516542181367
C06 624.979 98.62680873685366
C06 650.012 99.06103681801369
C06 675.004 99.34575658321273
C06 700.03 98.95137900790503
C06 725.012 98.38945930778118
C06 750.022 98.425136384408
C06 774.987 98.38819579251107
C06 799.976 97.48845039750218
C06 824.988 95.94820996790538
C06 850.022 93.57283189077783
C06 869.967 90.46465324532986
C06 875.002 89.43086036666507
C06 899.999 82.39908392412032
C06 919.999 74.23221130892145
C06 925.012 71.61995857815623
C06 949.965 58.28832562953222
C06 975.002 43.24256957713981
C06 999.976 26.09169944947861
C06 1025.028 10.980469375881222
C06 1050.014 3.7222245723192384
C06 1075.002 0.9376914363068934
C06 1099.99 0.09303688287095076
C07 319.994 43.969021938436484
C07 324.969 49.65956926409457
C07 349.982 75.4921198172572
C07 374.975 81.08650597319186
C07 400.019 85.8895640019611
C07 424.965 87.00909979262215
C07 450.035 88.13670676567527
C07 475.003 90.13963117184856
C07 500.018 92.13375691714093
C07 525.002 93.99198968071623
C07 550.029 95.461825507929
C07 575.023 96.98528032860413
C07 599.982 98.2362217073563
C07 619.997 98.40955302941003
C07 624.979 98.46079048802993
C07 650.012 98.89645055316275
C07 675.004 99.18248743731003
C07 700.03 98.80142654718242
C07 725.012 98.25666768172711
C07 750.022 98.32245471012399
C07 774.987 98.31688758526722
C07 799.976 97.43335347405721
C07 824.988 95.90022701831454
C07 850.022 93.56307602135894
C07 869.967 90.5008050973915
C07 875.002 89.43999596495136
C07 899.999 82.43342856646231
C07 919.999 74.23921041775101
C07 925.012 71.64641582214544
C07 949.965 58.44191931153323
C07 975.002 43.18878594380893
C07 999.976 26.15282104346149
C07 1025.028 11.000152455047289
C07 1050.014 3.746374704429827
C07 1075.002 0.9367131923785734
C07 1099.99 0.0929398224070771
C10 319.994 41.901715686000024
C10 324.969 47.30354211477041
C10 349.982 71.78108357693391
C10 374.975 77.82335143661406
C10 400.019 84.21303239189545
C10 424.965 86.09182599486613
C10 450.035 87.61075513357379
C10 475.003 89.83473345066933
C10 500.018 91.97548822864051
C10 525.002 93.92879860187428
C10 550.029 95.46886290510008
C10 575.023 97.04043085572722
C10 599.982 98.32251597147042
C10 619.997 98.51563470842088
C10 624.979 98.5742005556074
C10 650.012 99.0333466894276
C10 675.004 99.33051782328842
C10 700.03 98.94450242176833
C10 725.012 98.37456514293052
C10 750.022 98.39229264505354
C10 774.987 98.34296960350954
C10 799.976 97.44034492521847
C10 824.988 95.93799463838828
C10 850.022 93.46920066562416
C10 869.967 90.41578200621578
C10 875.002 89.441726597988
C10 899.999 82.49818946730652
C10 919.999 73.78160347525984
C10 925.012 71.07644791263442
C10 949.965 58.10175802781557
C10 975.002 43.14930683486932
C10 999.976 25.98472373769331
C10 1025.028 10.956240513368387
C10 1050.014 3.7231293736897446
C10 1075.002 0.937378536011959
C10 1099.99 0.09300583719114297
C11 319.994 42.20747489486342
C11 324.969 47.6507446244933
C11 349.982 72.34710778726854
C11 374.975 78.35966389393042
C11 400.019 84.54041302721429
C11 424.965 86.30988575748165
C11 450.035 87.77232427711309
C11 475.003 89.96185074451039
C11 500.018 92.08070459113304
C11 525.002 94.02202305580325
C11 550.029 95.54868643949762
C11 575.023 97.11758952155508
C11 599.982 98.39924580787327
C11 619.997 98.59165238167148
C11 624.979 98.64785966702047
C11 650.012 99.10737336891926
C11 675.004 99.40375576294478
C11 700.03 99.0137736892434
C11 725.012 98.43150756443667
C11 750.022 98.43630892246307
C11 774.987 98.37101198483762
C11 799.976 97.46070666523795
C11 824.988 95.95524736507646
C11 850.022 93.5032083705608
C11 869.967 90.49351499716641
C11 875.002 89.51484201495151
C11 899.999 82.48331827546077
C11 919.999 73.87724775237278
C11 925.012 71.2065593547822
C11 949.965 58.214214715689224
C11 975.002 43.17988007557175
C11 999.976 26.020174913105187
C11 1025.028 10.93471002172406
C11 1050.014 3.716842188710291
C11 1075.002 0.937797877208588
C11 1099.99 0.09304744383943166
C12 319.994 42.40415827640922
C12 324.969 47.875049215610474
C12 349.982 72.6912204278309
C12 374.975 78.66368864092303
C12 400.019 84.71223578861219
C12 424.965 86.42401564587966
C12 450.035 87.85367168750305
C12 475.003 90.02526389573313
C12 500.018 92.13273844725653
C12 525.002 94.06697356874584
C12 550.029 95.59364461010851
C12 575.023 97.15557155634131
C12 599.982 98.43319990913179
C12 619.997 98.62683936752688
C12 624.979 98.68058854135039
C12 650.012 99.13690899556653
C12 675.004 99.43307697487957
C12 700.03 99.041678232542
C12 725.012 98.44963326531148
C12 750.022 98.4419755970078
C12 774.987 98.36788765616971
C12 799.976 97.45964990701205
C12 824.988 95.94356942091336
C12 850.022 93.50775702553318
C12 869.967 90.5574182391606
C12 875.002 89.50778164477552
C12 899.999 82.43394163023866
C12 919.999 73.91634014906305
C12 925.012 71.48534442704589
C12 949.965 58.123241616241536
C12 975.002 43.390289827551904
C12 999.976 25.843508676505195
C12 1025.028 10.951221869003865
C12 1050.014 3.71509982986907
C12 1075.002 0.9378519795263105
C12 1099.99 0.0930528118216933
C13 319.994 42.46015497587986
C13 324.969 47.937256284075396
C13 349.982 72.78053181325669
C13 374.975 78.70558374421245
C13 400.019 84.6577055326217
C13 424.965 86.32803443136137
C13 450.035 87.73669314649607
C13 475.003 89.89880516136621
C13 500.018 91.9998396138462
C13 525.002 93.92918914295777
C13 550.029 95.44887639082748
C13 575.023 97.00843711755445
C13 599.982 98.28469474771856
C13 619.997 98.47384681248771
C13 624.979 98.52972481809964
C13 650.012 98.98516464046087
C13 675.004 99.27921144565377
C13 700.03 98.88313386798266
C13 725.012 98.2914105228209
C13 750.022 98.281225823977
C13 774.987 98.20490184399425
C13 799.976 97.2996352701384
C13 824.988 95.7791592824334
C13 850.022 93.40711229101794
C13 869.967 90.422268051269
C13 875.002 89.41471800188093
C13 899.999 82.25300624355937
C13 919.999 74.04065473630496
C13 925.012 71.45232456132042
C13 949.965 58.267600150268315
C13 975.002 43.13015883527598
C13 999.976 25.93932907998911
C13 1025.028 10.920512704689042
C13 1050.014 3.702883934507628
C13 1075.002 0.9363205585555162
C13 1099.99 0.09290086563985862
C14 319.994 42.78764664738909
C14 324.969 48.31298360822949
C14 349.982 73.30118433889203
C14 374.975 79.14878661262439
C14 400.019 84.9606811790567
C14 424.965 86.5681942247013
C14 450.035 87.94390965079359
C14 475.003 90.09111218547646
C14 500.018 92.18124211829203
C14 525.002 94.10124929207309
C14 550.029 95.61533878441283
C14 575.023 97.16874274582364
C14 599.982 98.43787108679703
C14 619.997 98.62225242421297
C14 624.979 98.67545790358693
C14 650.012 99.1245265459195
C14 675.004 99.41200307170784
C14 700.03 99.01290837272508
C14 725.012 98.41692736398647
C14 750.022 98.41150573482747
C14 774.987 98.3355952689331
C14 799.976 97.43045121777013
C14 824.988 95.90250900346904
C14 850.022 93.57767919481405
C14 869.967 90.5668065405009
C14 875.002 89.52597626466506
C14 899.999 82.40959790270128
C14 919.999 74.33368307161348
C14 925.012 71.72116232245763
C14 949.965 58.41338683943373
C14 975.002 43.086785802003945
C14 999.976 26.006421740831783
C14 1025.028 10.951802894586406
C14 1050.014 3.7223425482715418
C14 1075.002 0.93756166319648
C14 1099.99 0.09302400690215566
C15 319.994 42.925461703850374
C15 324.969 48.46584215407334
C15 349.982 73.51980311129371
C15 374.975 79.33585579161493
C15 400.019 85.07440521103463
C15 424.965 86.63929567490095
C15 450.035 87.99304890829828
C15 475.003 90.12816764239795
C15 500.018 92.20892458920983
C15 525.002 94.12251463695242
C15 550.029 95.62971222781883
C15 575.023 97.17764861406081
C15 599.982 98.44541389007615
C15 619.997 98.62389882289827
C15 624.979 98.67405655028735
C15 650.012 99.1208049191239
C15 675.004 99.40742378606225
C15 700.03 99.00812233003529
C15 725.012 98.42233367780887
C15 750.022 98.42267061521423
C15 774.987 98.36101107003302
C15 799.976 97.4616332431027
C15 824.988 95.93457166065653
C15 850.022 93.65208110005258
C15 869.967 90.61116741298412
C15 875.002 89.53358798695892
C15 899.999 82.55981838181451
C15 919.999 74.49437158329785
C15 925.012 71.87381028242314
C15 949.965 58.43855376631377
C15 975.002 43.08787319090307
C15 999.976 26.11467053997257
C15 1025.028 10.991394954133495
C15 1050.014 3.745325125267954
C15 1075.002 0.9376679458241314
C15 1099.99 0.09303455216683137
C16 319.994 43.15500414008726
C16 324.969 48.72263823180302
C16 349.982 73.91611807668224
C16 374.975 79.69424232589535
C16 400.019 85.28629289299738
C16 424.965 86.77488234988587
C16 450.035 88.09256796557287
C16 475.003 90.20116053666861
C16 500.018 92.2648868291731
C16 525.002 94.16888181853118
C16 550.029 95.66654561235951
C16 575.023 97.21105136320146
C16 599.982 98.47210852178277
C16 619.997 98.64864074918745
C16 624.979 98.70271154507971
C16 650.012 99.14473513257289
C16 675.004 99.42922516772282
C16 700.03 99.03123317297579
C16 725.012 98.45435038898654
C16 750.022 98.47786708834714
C16 774.987 98.43787108679703
C16 799.976 97.54769011949942
C16 824.988 96.02864611576722
C16 850.022 93.76368395791039
C16 869.967 90.72924100055852
C16 875.002 89.63564173244202
C16 899.999 82.74017944337103
C16 919.999 74.66311596203768
C16 925.012 71.98892801003232
C16 949.965 58.57462287440181
C16 975.002 43.07833173619669
C16 999.976 26.21127202562346
C16 1025.028 11.031019558770874
C16 1050.014 3.7669963265673614
C16 1075.002 0.938193799399904
C16 1099.99 0.09308672687552778
C17 319.994 43.133524380495444
C17 324.969 48.698474459470766
C17 349.982 73.86194007343373
C17 374.975 79.65099181531617
C17 400.019 85.27371134397444
C17 424.965 86.77888731040869
C17 450.035 88.10735492306728
C17 475.003 90.22269389993855
C17 500.018 92.29428461779092
C17 525.002 94.20165663887092
C17 550.029 95.70191638225421
C17 575.023 97.24828294649393
C17 599.982 98.50954686211945
C17 619.997 98.6845858442049
C17 624.979 98.7403872731338
C17 650.012 99.18011356013588
C17 675.004 99.46883062818944
C17 700.03 99.0729062038844
C17 725.012 98.51830723465885
C17 750.022 98.5719109127846
C17 774.987 98.56428387515413
C17 799.976 97.6894488751371
C17 824.988 96.16826072427986
C17 850.022 93.92614904864121
C17 869.967 90.9205601854576
C17 875.002 89.82140910782094
C17 899.999 82.91265310657477
C17 919.999 74.86147254410784
C17 925.012 72.1415147086514
C17 949.965 58.73914404907217
C17 975.002 43.14985052931888
C17 999.976 26.289016503076546
C17 1025.028 11.099023482141682
C17 1050.014 3.7931293161643334
C17 1075.002 0.9390897496300605
C17 1099.99 0.09317562223427135
