lsstcam/qe_curves/r33_s20/19700101T000000.ecsv
# %ECSV 0.9
# ---
# datatype:
# - {name: amp_name, datatype: string}
# - {name: wavelength, unit: nm, datatype: float32}
# - {name: efficiency, unit: '%', datatype: float32}
# meta: !!omap
# - {MODE: AMP}
# - {TYPE: QE}
# - {CALIBDATE: '1970-01-01T00:00:00'}
# - {INSTRUME: LSSTCAM}
# - {OBSTYPE: qe_curves}
# - {DETECTOR: 150}
# - {PICKLEFILE: RaftRun12139.p}
# - {CALIB_ID: 'raftName=R33 detectorName=S20 detector=150 calibDate=1970-01-01T00:00:00 ccd=150 ccdnum=150 filter=None'}
# - {DATE: '2020-01-23T15:34:31.982164'}
# - {CALIB_CREATION_DATE: '2020-01-23'}
# - {CALIB_CREATION_TIME: '15:34:31'}
# - __serialized_columns__:
#     efficiency:
#       __class__: astropy.units.quantity.Quantity
#       unit: !astropy.units.Unit {unit: '%'}
#       value: !astropy.table.SerializedColumn {name: efficiency}
#     wavelength:
#       __class__: astropy.units.quantity.Quantity
#       unit: !astropy.units.Unit {unit: nm}
#       value: !astropy.table.SerializedColumn {name: wavelength}
# schema: astropy-2.0
amp_name wavelength efficiency
C03 319.994 42.62776
C03 324.969 48.207558
C03 349.982 73.49023
C03 374.975 78.96806
C03 400.019 84.60984
C03 424.965 85.79296
C03 450.035 87.88237
C03 475.003 89.90244
C03 500.018 91.60964
C03 525.002 93.24473
C03 550.029 94.83205
C03 575.023 96.478355
C03 599.982 97.67857
C03 619.997 97.6992
C03 624.979 98.18516
C03 650.012 98.668434
C03 675.004 98.76758
C03 700.03 98.42992
C03 725.012 98.6668
C03 750.022 98.72754
C03 774.987 99.34914
C03 799.976 98.99963
C03 824.988 97.02347
C03 850.022 94.94779
C03 869.967 91.7855
C03 875.002 90.98378
C03 899.999 83.34734
C03 919.999 75.01603
C03 925.012 72.247055
C03 949.965 59.7263
C03 975.002 44.491684
C03 999.976 26.778667
C03 1025.028 11.582259
C03 1050.014 4.0674505
C03 1075.002 2.2739308
C03 1099.99 1.8407745
C14 319.994 43.54076
C14 324.969 49.245533
C14 349.982 74.92205
C14 374.975 80.06861
C14 400.019 85.25254
C14 424.965 86.2353
C14 450.035 88.22889
C14 475.003 90.20247
C14 500.018 91.871826
C14 525.002 93.48426
C14 550.029 95.048615
C14 575.023 96.66943
C14 599.982 97.85572
C14 619.997 97.85423
C14 624.979 98.34149
C14 650.012 98.80417
C14 675.004 98.87748
C14 700.03 98.470184
C14 725.012 98.52433
C14 750.022 98.3451
C14 774.987 98.72598
C14 799.976 98.28173
C14 824.988 96.33076
C14 850.022 94.32401
C14 869.967 91.076004
C14 875.002 90.2649
C14 899.999 82.59313
C14 919.999 75.07742
C14 925.012 72.66472
C14 949.965 59.302593
C14 975.002 44.43193
C14 999.976 26.622128
C14 1025.028 11.460919
C14 1050.014 4.10132
C14 1075.002 2.2945535
C14 1099.99 1.8371128
C07 319.994 43.39173
C07 324.969 49.078583
C07 349.982 75.081116
C07 374.975 80.6568
C07 400.019 85.72976
C07 424.965 86.58957
C07 450.035 88.50372
C07 475.003 90.42829
C07 500.018 92.07393
C07 525.002 93.68225
C07 550.029 95.25391
C07 575.023 96.89748
C07 599.982 98.09938
C07 619.997 98.121765
C07 624.979 98.60959
C07 650.012 99.09689
C07 675.004 99.19568
C07 700.03 98.84177
C07 725.012 99.03722
C07 750.022 99.03428
C07 774.987 99.5978
C07 799.976 99.19982
C07 824.988 97.20085
C07 850.022 95.04006
C07 869.967 91.64517
C07 875.002 90.80845
C07 899.999 83.44689
C07 919.999 75.005554
C07 925.012 72.15531
C07 949.965 59.294052
C07 975.002 44.003384
C07 999.976 26.651243
C07 1025.028 11.65548
C07 1050.014 4.161757
C07 1075.002 2.273453
C07 1099.99 1.813685
C10 319.994 44.025333
C10 324.969 49.801804
C10 349.982 76.006836
C10 374.975 81.28124
C10 400.019 86.09751
C10 424.965 86.85887
C10 450.035 88.73946
C10 475.003 90.647766
C10 500.018 92.27935
C10 525.002 93.874596
C10 550.029 95.439
C10 575.023 97.069954
C10 599.982 98.25759
C10 619.997 98.26772
C10 624.979 98.7507
C10 650.012 99.22542
C10 675.004 99.30041
C10 700.03 98.8606
C10 725.012 98.82165
C10 750.022 98.519516
C10 774.987 98.77427
C10 799.976 98.27675
C10 824.988 96.34663
C10 850.022 94.15055
C10 869.967 90.97896
C10 875.002 90.20252
C10 899.999 82.90018
C10 919.999 74.84665
C10 925.012 72.18979
C10 949.965 59.508545
C10 975.002 44.283913
C10 999.976 26.821262
C10 1025.028 11.612517
C10 1050.014 4.095535
C10 1075.002 2.267751
C10 1099.99 1.8229426
C16 319.994 43.411633
C16 324.969 49.100338
C16 349.982 74.58592
C16 374.975 79.696205
C16 400.019 85.13317
C16 424.965 86.25858
C16 450.035 88.33638
C16 475.003 90.36509
C16 500.018 92.06569
C16 525.002 93.70143
C16 550.029 95.28405
C16 575.023 96.91417
C16 599.982 98.095604
C16 619.997 98.09708
C16 624.979 98.58399
C16 650.012 99.0459
C16 675.004 99.11439
C16 700.03 98.70084
C16 725.012 98.74335
C16 750.022 98.55236
C16 774.987 98.92537
C16 799.976 98.47376
C16 824.988 96.547226
C16 850.022 94.56103
C16 869.967 91.28311
C16 875.002 90.419975
C16 899.999 83.03151
C16 919.999 75.434135
C16 925.012 72.7722
C16 949.965 59.549286
C16 975.002 44.178375
C16 999.976 26.824738
C16 1025.028 11.578427
C16 1050.014 4.1867943
C16 1075.002 2.3358786
C16 1099.99 1.8445891
C12 319.994 43.868046
C12 324.969 49.617744
C12 349.982 75.574554
C12 374.975 80.76078
C12 400.019 85.721054
C12 424.965 86.5777
C12 450.035 88.50254
C12 475.003 90.439316
C12 500.018 92.083626
C12 525.002 93.68277
C12 550.029 95.2464
C12 575.023 96.86463
C12 599.982 98.04482
C12 619.997 98.04994
C12 624.979 98.538216
C12 650.012 99.00296
C12 675.004 99.07603
C12 700.03 98.64974
C12 725.012 98.65513
C12 750.022 98.41717
C12 774.987 98.73042
C12 799.976 98.26391
C12 824.988 96.321754
C12 850.022 94.184105
C12 869.967 91.050064
C12 875.002 90.26313
C12 899.999 82.789566
C12 919.999 74.81804
C12 925.012 72.220085
C12 949.965 59.591805
C12 975.002 44.356644
C12 999.976 26.780611
C12 1025.028 11.5224905
C12 1050.014 4.0478687
C12 1075.002 2.2590516
C12 1099.99 1.8283631
C17 319.994 43.285225
C17 324.969 48.95553
C17 349.982 74.26324
C17 374.975 79.314606
C17 400.019 84.90546
C17 424.965 86.11737
C17 450.035 88.24444
C17 475.003 90.30025
C17 500.018 92.02261
C17 525.002 93.66401
C17 550.029 95.24903
C17 575.023 96.877625
C17 599.982 98.055786
C17 619.997 98.05534
C17 624.979 98.53714
C17 650.012 98.99141
C17 675.004 99.049965
C17 700.03 98.60308
C17 725.012 98.58072
C17 750.022 98.31012
C17 774.987 98.60009
C17 799.976 98.12365
C17 824.988 96.22601
C17 850.022 94.23139
C17 869.967 90.968506
C17 875.002 90.12452
C17 899.999 82.95556
C17 919.999 75.285675
C17 925.012 72.59627
C17 949.965 59.377605
C17 975.002 44.06784
C17 999.976 26.82648
C17 1025.028 11.646588
C17 1050.014 4.253814
C17 1075.002 2.3478553
C17 1099.99 1.8428687
C05 319.994 43.134075
C05 324.969 48.77792
C05 349.982 74.44344
C05 374.975 79.93299
C05 400.019 85.23324
C05 424.965 86.23328
C05 450.035 88.22015
C05 475.003 90.182365
C05 500.018 91.84764
C05 525.002 93.46228
C05 550.029 95.03393
C05 575.023 96.67128
C05 599.982 97.866234
C05 619.997 97.88152
C05 624.979 98.36935
C05 650.012 98.84842
C05 675.004 98.94454
C05 700.03 98.59851
C05 725.012 98.81288
C05 750.022 98.84434
C05 774.987 99.437645
C05 799.976 99.06754
C05 824.988 97.09938
C05 850.022 94.97641
C05 869.967 91.69681
C05 875.002 90.895454
C05 899.999 83.486984
C05 919.999 75.04127
C05 925.012 72.185555
C05 949.965 59.450813
C05 975.002 44.320095
C05 999.976 26.829645
C05 1025.028 11.668597
C05 1050.014 4.090654
C05 1075.002 2.2608697
C05 1099.99 1.8263429
C04 319.994 42.924942
C04 324.969 48.538998
C04 349.982 74.02052
C04 374.975 79.50948
C04 400.019 85.01343
C04 424.965 86.11707
C04 450.035 88.15745
C04 475.003 90.15269
C04 500.018 91.83763
C04 525.002 93.46441
C04 550.029 95.0435
C04 575.023 96.68345
C04 599.982 97.8804
C04 619.997 97.897766
C04 624.979 98.38211
C04 650.012 98.86325
C04 675.004 98.95754
C04 700.03 98.61674
C04 725.012 98.84219
C04 750.022 98.8896
C04 774.987 99.50187
C04 799.976 99.14227
C04 824.988 97.170135
C04 850.022 95.068054
C04 869.967 91.8421
C04 875.002 91.040375
C04 899.999 83.54039
C04 919.999 75.09568
C04 925.012 72.284325
C04 949.965 59.70769
C04 975.002 44.522816
C04 999.976 26.881933
C04 1025.028 11.648519
C04 1050.014 4.077887
C04 1075.002 2.2659042
C04 1099.99 1.8352159
C06 319.994 43.327072
C06 324.969 48.99844
C06 349.982 74.83455
C06 374.975 80.388885
C06 400.019 85.62241
C06 424.965 86.57062
C06 450.035 88.532486
C06 475.003 90.48012
C06 500.018 92.13704
C06 525.002 93.7503
C06 550.029 95.32603
C06 575.023 96.96262
C06 599.982 98.16216
C06 619.997 98.18022
C06 624.979 98.66912
C06 650.012 99.15098
C06 675.004 99.24793
C06 700.03 98.89644
C06 725.012 99.10109
C06 750.022 99.117805
C06 774.987 99.69245
C06 799.976 99.30642
C06 824.988 97.31899
C06 850.022 95.17874
C06 869.967 91.82959
C06 875.002 91.00999
C06 899.999 83.63709
C06 919.999 75.17728
C06 925.012 72.323875
C06 949.965 59.459305
C06 975.002 44.242718
C06 999.976 26.770811
C06 1025.028 11.670213
C06 1050.014 4.1262965
C06 1075.002 2.2681663
C06 1099.99 1.823415
C11 319.994 44.053825
C11 324.969 49.82857
C11 349.982 75.956795
C11 374.975 81.205376
C11 400.019 86.099884
C11 424.965 86.90831
C11 450.035 88.81197
C11 475.003 90.73265
C11 500.018 92.37375
C11 525.002 93.969124
C11 550.029 95.53095
C11 575.023 97.15812
C11 599.982 98.34307
C11 619.997 98.35049
C11 624.979 98.83561
C11 650.012 99.30732
C11 675.004 99.37947
C11 700.03 98.94432
C11 725.012 98.927864
C11 750.022 98.65331
C11 774.987 98.9391
C11 799.976 98.45367
C11 824.988 96.513275
C11 850.022 94.34017
C11 869.967 91.197556
C11 875.002 90.42271
C11 899.999 83.00772
C11 919.999 75.01535
C11 925.012 72.34818
C11 949.965 59.712124
C11 975.002 44.424465
C11 999.976 26.828522
C11 1025.028 11.577367
C11 1050.014 4.0680285
C11 1075.002 2.2656405
C11 1099.99 1.8292658
C01 319.994 42.40178
C01 324.969 47.951847
C01 349.982 72.91802
C01 374.975 78.266914
C01 400.019 84.23161
C01 424.965 85.60619
C01 450.035 87.80551
C01 475.003 89.89578
C01 500.018 91.64332
C01 525.002 93.31003
C01 550.029 94.91126
C01 575.023 96.55888
C01 599.982 97.758675
C01 619.997 97.77311
C01 624.979 98.26095
C01 650.012 98.73474
C01 675.004 98.82509
C01 700.03 98.46962
C01 725.012 98.66698
C01 750.022 98.676765
C01 774.987 99.24971
C01 799.976 98.88096
C01 824.988 96.90318
C01 850.022 94.89912
C01 869.967 91.734505
C01 875.002 90.90336
C01 899.999 83.166954
C01 919.999 75.2517
C01 925.012 72.58041
C01 949.965 59.72754
C01 975.002 44.309902
C01 999.976 26.699055
C01 1025.028 11.504057
C01 1050.014 4.1199217
C01 1075.002 2.3129718
C01 1099.99 1.8492196
C15 319.994 43.479324
C15 324.969 49.174862
C15 349.982 74.77199
C15 374.975 79.891525
C15 400.019 85.15611
C15 424.965 86.1881
C15 450.035 88.21362
C15 475.003 90.20405
C15 500.018 91.88332
C15 525.002 93.50409
C15 550.029 95.074585
C15 575.023 96.70004
C15 599.982 97.881744
C15 619.997 97.88555
C15 624.979 98.37179
C15 650.012 98.832306
C15 675.004 98.90683
C15 700.03 98.50146
C15 725.012 98.563354
C15 750.022 98.39778
C15 774.987 98.79056
C15 799.976 98.3487
C15 824.988 96.40464
C15 850.022 94.40567
C15 869.967 91.16026
C15 875.002 90.30858
C15 899.999 82.824554
C15 919.999 75.32711
C15 925.012 72.5788
C15 949.965 59.56638
C15 975.002 44.1102
C15 999.976 26.666908
C15 1025.028 11.560539
C15 1050.014 4.142254
C15 1075.002 2.3121939
C15 1099.99 1.8397461
C13 319.994 43.69747
C13 324.969 49.425022
C13 349.982 75.231964
C13 374.975 80.418076
C13 400.019 85.52041
C13 424.965 86.44845
C13 450.035 88.41688
C13 475.003 90.373695
C13 500.018 92.03031
C13 525.002 93.636154
C13 550.029 95.20279
C13 575.023 96.82473
C13 599.982 98.00583
C13 619.997 98.01145
C13 624.979 98.49413
C13 650.012 98.96027
C13 675.004 99.03125
C13 700.03 98.6165
C13 725.012 98.649284
C13 750.022 98.44138
C13 774.987 98.79323
C13 799.976 98.33929
C13 824.988 96.3853
C13 850.022 94.30438
C13 869.967 91.141426
C13 875.002 90.35743
C13 899.999 82.71753
C13 919.999 75.03209
C13 925.012 72.42812
C13 949.965 59.625195
C13 975.002 44.398594
C13 999.976 26.672678
C13 1025.028 11.509147
C13 1050.014 4.06632
C13 1075.002 2.269776
C13 1099.99 1.8326617
C00 319.994 42.195816
C00 324.969 47.71825
C00 349.982 72.466286
C00 374.975 77.76565
C00 400.019 83.93435
C00 424.965 85.43382
C00 450.035 87.69816
C00 475.003 89.83376
C00 500.018 91.609406
C00 525.002 93.290695
C00 550.029 94.90263
C00 575.023 96.55258
C00 599.982 97.75321
C00 619.997 97.76464
C00 624.979 98.252045
C00 650.012 98.72344
C00 675.004 98.80389
C00 700.03 98.42113
C00 725.012 98.55399
C00 750.022 98.48147
C00 774.987 98.9665
C00 799.976 98.56413
C00 824.988 96.61569
C00 850.022 94.61535
C00 869.967 91.44904
C00 875.002 90.627686
C00 899.999 83.067474
C00 919.999 75.269165
C00 925.012 72.54174
C00 949.965 59.531654
C00 975.002 44.203102
C00 999.976 26.658802
C00 1025.028 11.578192
C00 1050.014 4.1874857
C00 1075.002 2.3353114
C00 1099.99 1.8480934
C02 319.994 42.479855
C02 324.969 48.040455
C02 349.982 73.15783
C02 374.975 78.55741
C02 400.019 84.31167
C02 424.965 85.56471
C02 450.035 87.68964
C02 475.003 89.73682
C02 500.018 91.45014
C02 525.002 93.095474
C02 550.029 94.68668
C02 575.023 96.325905
C02 599.982 97.52192
C02 619.997 97.53894
C02 624.979 98.02571
C02 650.012 98.50176
C02 675.004 98.594376
C02 700.03 98.256615
C02 725.012 98.48409
C02 750.022 98.53171
C02 774.987 99.14089
C02 799.976 98.788506
C02 824.988 96.80594
C02 850.022 94.76291
C02 869.967 91.63061
C02 875.002 90.80857
C02 899.999 83.084335
C02 919.999 74.98305
C02 925.012 72.23026
C02 949.965 59.664665
C02 975.002 44.32787
C02 999.976 26.636797
C02 1025.028 11.501572
C02 1050.014 4.0783534
C02 1075.002 2.2864518
C02 1099.99 1.8426064
