lsstCam/transmission_sensor/r13_s20/19700101T000000.ecsv
# %ECSV 1.0
# ---
# datatype:
# - {name: amp_name, datatype: string}
# - {name: wavelength, unit: nm, datatype: float32}
# - {name: efficiency, unit: '%', datatype: float64}
# meta: !!omap
# - {MODE: AMP}
# - {TYPE: transmission_sensor}
# - {CALIBDATE: '1970-01-01T00:00:00'}
# - {INSTRUME: LSSTCAM}
# - {OBSTYPE: transmission_sensor}
# - {DETECTOR: 60}
# - {PARQUETFILE: qe_raft_allvalues_nircorrected_20230725.parquet}
# - {CALIBCLS: lsst.ip.isr.IntermediateSensorTransmissionCurve}
# - {CALIB_ID: 'raftName=R13 detectorName=S20 detector=60 calibDate=1970-01-01T00:00:00 ccd=60 ccdnum=60 filter=None'}
# - {DATE: '2024-01-18T22:42:25.184522'}
# - {CALIB_CREATION_DATE: '2024-01-18'}
# - {CALIB_CREATION_TIME: '22:42:25'}
# - __serialized_columns__:
#     efficiency:
#       __class__: astropy.units.quantity.Quantity
#       unit: !astropy.units.Unit {unit: '%'}
#       value: !astropy.table.SerializedColumn {name: efficiency}
#     wavelength:
#       __class__: astropy.units.quantity.Quantity
#       unit: !astropy.units.Unit {unit: nm}
#       value: !astropy.table.SerializedColumn {name: wavelength}
# schema: astropy-2.0
amp_name wavelength efficiency
C00 319.994 41.213714599609375
C00 324.969 46.5032958984375
C00 349.982 69.36861419677734
C00 374.975 75.05601501464844
C00 400.019 82.89872741699219
C00 424.965 85.4149398803711
C00 450.035 87.49981689453125
C00 475.003 90.04839324951172
C00 500.018 92.98208618164062
C00 525.002 93.7186508178711
C00 550.029 95.37930297851562
C00 575.023 96.78375244140625
C00 599.982 97.88764953613281
C00 619.997 98.44436645507812
C00 624.979 98.3006591796875
C00 650.012 98.67364501953125
C00 675.004 98.94385528564453
C00 700.03 98.80463409423828
C00 725.012 98.33232116699219
C00 750.022 97.77733612060547
C00 774.987 97.79522705078125
C00 799.976 96.68521881103516
C00 824.988 95.41942596435547
C00 850.022 93.08003997802734
C00 869.967 89.9285659790039
C00 875.002 89.59789276123047
C00 899.999 82.12235260009766
C00 919.999 74.70820617675781
C00 925.012 71.4794692993164
C00 949.965 57.700775146484375
C00 975.002 42.94652557373047
C00 999.976 25.870882034301758
C00 1025.028 11.216249465942383
C00 1050.014 3.984576463699341
C00 1075.002 0.9315198843017826
C00 1099.99 0.09242454715069198
C01 319.994 41.66353988647461
C01 324.969 47.01542282104492
C01 349.982 70.24283599853516
C01 374.975 75.9377212524414
C01 400.019 83.46459197998047
C01 424.965 85.79588317871094
C01 450.035 87.784423828125
C01 475.003 90.27642822265625
C01 500.018 93.17574310302734
C01 525.002 93.88743591308594
C01 550.029 95.5394058227539
C01 575.023 96.93543243408203
C01 599.982 98.03719329833984
C01 619.997 98.59310150146484
C01 624.979 98.45337677001953
C01 650.012 98.82805633544922
C01 675.004 99.10230255126953
C01 700.03 98.98507690429688
C01 725.012 98.57996368408203
C01 750.022 98.1058349609375
C01 774.987 98.20326232910156
C01 799.976 97.11812591552734
C01 824.988 95.8158950805664
C01 850.022 93.4399185180664
C01 869.967 90.28034973144531
C01 875.002 89.94243621826172
C01 899.999 82.32377624511719
C01 919.999 74.63919830322266
C01 925.012 71.41021728515625
C01 949.965 57.99312973022461
C01 975.002 43.20759201049805
C01 999.976 25.955652236938477
C01 1025.028 11.181436538696289
C01 1050.014 3.9173715114593506
C01 1075.002 0.9346494753660746
C01 1099.99 0.0927350623009948
C02 319.994 42.14911651611328
C02 324.969 47.568084716796875
C02 349.982 71.1695785522461
C02 374.975 76.85913848876953
C02 400.019 84.0609359741211
C02 424.965 86.20703125
C02 450.035 88.09767150878906
C02 475.003 90.53033447265625
C02 500.018 93.39793395996094
C02 525.002 94.08503723144531
C02 550.029 95.72783660888672
C02 575.023 97.11882019042969
C02 599.982 98.21959686279297
C02 619.997 98.77179718017578
C02 624.979 98.63689422607422
C02 650.012 99.01074981689453
C02 675.004 99.28771209716797
C02 700.03 99.1742935180664
C02 725.012 98.79096984863281
C02 750.022 98.33751678466797
C02 774.987 98.46310424804688
C02 799.976 97.379638671875
C02 824.988 96.06517791748047
C02 850.022 93.67330169677734
C02 869.967 90.43444061279297
C02 875.002 90.08866119384766
C02 899.999 82.501708984375
C02 919.999 74.64651489257812
C02 925.012 71.385009765625
C02 949.965 57.95626449584961
C02 975.002 43.23784637451172
C02 999.976 26.041412353515625
C02 1025.028 11.228752136230469
C02 1050.014 3.9191715717315674
C02 1075.002 0.936856696416354
C02 1099.99 0.09295406074587123
C03 319.994 42.4644660949707
C03 324.969 47.9273681640625
C03 349.982 71.81278228759766
C03 374.975 77.5267562866211
C03 400.019 84.4610366821289
C03 424.965 86.45542907714844
C03 450.035 88.2601318359375
C03 475.003 90.63921356201172
C03 500.018 93.47785949707031
C03 525.002 94.14701843261719
C03 550.029 95.77560424804688
C03 575.023 97.15673065185547
C03 599.982 98.26154327392578
C03 619.997 98.81078338623047
C03 624.979 98.674560546875
C03 650.012 99.0486831665039
C03 675.004 99.32720184326172
C03 700.03 99.21220397949219
C03 725.012 98.82382202148438
C03 750.022 98.35899353027344
C03 774.987 98.47560119628906
C03 799.976 97.38495635986328
C03 824.988 96.07594299316406
C03 850.022 93.66331481933594
C03 869.967 90.38060760498047
C03 875.002 90.025146484375
C03 899.999 82.55089569091797
C03 919.999 74.65098571777344
C03 925.012 71.38751983642578
C03 949.965 57.935089111328125
C03 975.002 43.13731384277344
C03 999.976 26.036418914794922
C03 1025.028 11.267363548278809
C03 1050.014 3.9556884765625
C03 1075.002 0.9370613045101941
C03 1099.99 0.09297436177297244
C04 319.994 42.84794616699219
C04 324.969 48.36157989501953
C04 349.982 72.56293487548828
C04 374.975 78.29986572265625
C04 400.019 84.99273681640625
C04 424.965 86.84778594970703
C04 450.035 88.57243347167969
C04 475.003 90.914794921875
C04 500.018 93.72459411621094
C04 525.002 94.37615203857422
C04 550.029 95.99552917480469
C04 575.023 97.37776947021484
C04 599.982 98.48235321044922
C04 619.997 99.0329360961914
C04 624.979 98.8941879272461
C04 650.012 99.2719955444336
C04 675.004 99.5504150390625
C04 700.03 99.4300308227539
C04 725.012 99.0196762084961
C04 750.022 98.52872467041016
C04 774.987 98.61832427978516
C04 799.976 97.51527404785156
C04 824.988 96.21227264404297
C04 850.022 93.76875305175781
C04 869.967 90.5023193359375
C04 875.002 90.15657806396484
C04 899.999 82.69847106933594
C04 919.999 74.71105194091797
C04 925.012 71.46116638183594
C04 949.965 58.046451568603516
C04 975.002 43.13360595703125
C04 999.976 26.0406436920166
C04 1025.028 11.27254581451416
C04 1050.014 3.9809255599975586
C04 1075.002 0.9386783251410817
C04 1099.99 0.09313480107444279
C05 319.994 43.131717681884766
C05 324.969 48.684906005859375
C05 349.982 73.12849426269531
C05 374.975 78.86653137207031
C05 400.019 85.30853271484375
C05 424.965 87.0213851928711
C05 450.035 88.67174530029297
C05 475.003 90.96514892578125
C05 500.018 93.7454833984375
C05 525.002 94.37992095947266
C05 550.029 95.98999786376953
C05 575.023 97.3672103881836
C05 599.982 98.46601867675781
C05 619.997 99.01824188232422
C05 624.979 98.87696838378906
C05 650.012 99.2550048828125
C05 675.004 99.53401947021484
C05 700.03 99.4057846069336
C05 725.012 98.96908569335938
C05 750.022 98.44523620605469
C05 774.987 98.50393676757812
C05 799.976 97.38717651367188
C05 824.988 96.09317016601562
C05 850.022 93.60870361328125
C05 869.967 90.35383605957031
C05 875.002 90.02653503417969
C05 899.999 82.67611694335938
C05 919.999 74.60975646972656
C05 925.012 71.33485412597656
C05 949.965 57.96221923828125
C05 975.002 43.13201904296875
C05 999.976 25.93640899658203
C05 1025.028 11.224781036376953
C05 1050.014 3.9675605297088623
C05 1075.002 0.9378829351544585
C05 1099.99 0.0930558832106798
C06 319.994 43.40930938720703
C06 324.969 49.00087356567383
C06 349.982 73.68534851074219
C06 374.975 79.4589614868164
C06 400.019 85.70206451416016
C06 424.965 87.30006408691406
C06 450.035 88.8885269165039
C06 475.003 91.14993286132812
C06 500.018 93.91260528564453
C06 525.002 94.52827453613281
C06 550.029 96.13385772705078
C06 575.023 97.51081085205078
C06 599.982 98.60926055908203
C06 619.997 99.16254425048828
C06 624.979 99.02300262451172
C06 650.012 99.40032958984375
C06 675.004 99.67977142333984
C06 700.03 99.54017639160156
C06 725.012 99.08011627197266
C06 750.022 98.52603912353516
C06 774.987 98.5504150390625
C06 799.976 97.41557312011719
C06 824.988 96.11724853515625
C06 850.022 93.60650634765625
C06 869.967 90.3006591796875
C06 875.002 89.95814514160156
C06 899.999 82.65074157714844
C06 919.999 74.65766906738281
C06 925.012 71.37528991699219
C06 949.965 57.88396072387695
C06 975.002 43.0264892578125
C06 999.976 25.94480323791504
C06 1025.028 11.247380256652832
C06 1050.014 3.9829182624816895
C06 1075.002 0.9386527410505623
C06 1099.99 0.09313226264448508
C07 319.994 43.52430725097656
C07 324.969 49.136226654052734
C07 349.982 73.94998168945312
C07 374.975 79.72522735595703
C07 400.019 85.82321166992188
C07 424.965 87.34258270263672
C07 450.035 88.88737487792969
C07 475.003 91.1240463256836
C07 500.018 93.87071990966797
C07 525.002 94.48133850097656
C07 550.029 96.08172607421875
C07 575.023 97.4529037475586
C07 599.982 98.54778289794922
C07 619.997 99.09849548339844
C07 624.979 98.960205078125
C07 650.012 99.33830261230469
C07 675.004 99.616455078125
C07 700.03 99.46952819824219
C07 725.012 98.98773956298828
C07 750.022 98.4039077758789
C07 774.987 98.39750671386719
C07 799.976 97.24413299560547
C07 824.988 95.93939208984375
C07 850.022 93.41529846191406
C07 869.967 90.08714294433594
C07 875.002 89.73002624511719
C07 899.999 82.4592514038086
C07 919.999 74.50230407714844
C07 925.012 71.20576477050781
C07 949.965 57.634437561035156
C07 975.002 42.788658142089844
C07 999.976 25.848623275756836
C07 1025.028 11.258017539978027
C07 1050.014 3.9966516494750977
C07 1075.002 0.9374893081367781
C07 1099.99 0.09301682789960326
C10 319.994 39.192420959472656
C10 324.969 44.201927185058594
C10 349.982 65.795654296875
C10 374.975 71.81253051757812
C10 400.019 81.02689361572266
C10 424.965 84.264404296875
C10 450.035 86.73087310791016
C10 475.003 89.49752807617188
C10 500.018 92.57111358642578
C10 525.002 93.41014099121094
C10 550.029 95.13530731201172
C10 575.023 96.57603454589844
C10 599.982 97.71256256103516
C10 619.997 98.2831802368164
C10 624.979 98.1513671875
C10 650.012 98.54386138916016
C10 675.004 98.8320083618164
C10 700.03 98.750244140625
C10 725.012 98.4354476928711
C10 750.022 98.07381439208984
C10 774.987 98.2940902709961
C10 799.976 97.26727294921875
C10 824.988 96.00952911376953
C10 850.022 93.76011657714844
C10 869.967 90.6565933227539
C10 875.002 90.32527923583984
C10 899.999 82.7607421875
C10 919.999 74.87020874023438
C10 925.012 71.52643585205078
C10 949.965 57.76322937011719
C10 975.002 43.161190032958984
C10 999.976 26.081300735473633
C10 1025.028 11.370488166809082
C10 1050.014 4.088222026824951
C10 1075.002 0.9343444152375991
C10 1099.99 0.09270479451530045
C11 319.994 39.9195442199707
C11 324.969 45.02678298950195
C11 349.982 67.07998657226562
C11 374.975 73.02266693115234
C11 400.019 81.78113555908203
C11 424.965 84.75977325439453
C11 450.035 87.08554077148438
C11 475.003 89.77455139160156
C11 500.018 92.79701232910156
C11 525.002 93.59310150146484
C11 550.029 95.29650115966797
C11 575.023 96.7240982055664
C11 599.982 97.85346984863281
C11 619.997 98.4204330444336
C11 624.979 98.28535461425781
C11 650.012 98.67147827148438
C11 675.004 98.96382141113281
C11 700.03 98.89783477783203
C11 725.012 98.64939880371094
C11 750.022 98.36498260498047
C11 774.987 98.66846466064453
C11 799.976 97.67153930664062
C11 824.988 96.37895965576172
C11 850.022 94.10713195800781
C11 869.967 91.00686645507812
C11 875.002 90.65528106689453
C11 899.999 82.86216735839844
C11 919.999 74.90319061279297
C11 925.012 71.54550170898438
C11 949.965 57.973915100097656
C11 975.002 43.264827728271484
C11 999.976 26.1154727935791
C11 1025.028 11.323282241821289
C11 1050.014 4.025305271148682
C11 1075.002 0.937118359314246
C11 1099.99 0.0929800226982153
C12 319.994 40.52581024169922
C12 324.969 45.71703338623047
C12 349.982 68.18212127685547
C12 374.975 74.07063293457031
C12 400.019 82.39674377441406
C12 424.965 85.13896942138672
C12 450.035 87.33924865722656
C12 475.003 89.95391845703125
C12 500.018 92.93013763427734
C12 525.002 93.69359588623047
C12 550.029 95.37979888916016
C12 575.023 96.79307556152344
C12 599.982 97.91500854492188
C12 619.997 98.47697448730469
C12 624.979 98.34442138671875
C12 650.012 98.7277603149414
C12 675.004 99.01905059814453
C12 700.03 98.96414947509766
C12 725.012 98.73625946044922
C12 750.022 98.4911117553711
C12 774.987 98.83354187011719
C12 799.976 97.8472900390625
C12 824.988 96.53409576416016
C12 850.022 94.23220825195312
C12 869.967 91.13130187988281
C12 875.002 90.77218627929688
C12 899.999 82.87503814697266
C12 919.999 74.89535522460938
C12 925.012 71.54061126708984
C12 949.965 58.11247634887695
C12 975.002 43.318939208984375
C12 999.976 26.099817276000977
C12 1025.028 11.285876274108887
C12 1050.014 3.986119031906128
C12 1075.002 0.9383199848787122
C12 1099.99 0.09309924688281092
C13 319.994 41.028133392333984
C13 324.969 46.2885627746582
C13 349.982 69.1153335571289
C13 374.975 74.96208953857422
C13 400.019 82.89420318603516
C13 424.965 85.42324829101562
C13 450.035 87.5129165649414
C13 475.003 90.05537414550781
C13 500.018 92.9883804321289
C13 525.002 93.72566223144531
C13 550.029 95.3912124633789
C13 575.023 96.79814147949219
C13 599.982 97.908935546875
C13 619.997 98.46804809570312
C13 624.979 98.33394622802734
C13 650.012 98.71471405029297
C13 675.004 99.00577545166016
C13 700.03 98.95033264160156
C13 725.012 98.73037719726562
C13 750.022 98.49153137207031
C13 774.987 98.84130096435547
C13 799.976 97.85515594482422
C13 824.988 96.5291519165039
C13 850.022 94.20785522460938
C13 869.967 91.08773803710938
C13 875.002 90.72850799560547
C13 899.999 82.78951263427734
C13 919.999 74.79471588134766
C13 925.012 71.46377563476562
C13 949.965 58.11427307128906
C13 975.002 43.31536102294922
C13 999.976 26.06916618347168
C13 1025.028 11.246092796325684
C13 1050.014 3.946253538131714
C13 1075.002 0.9383239824603116
C13 1099.99 0.0930996435191847
C14 319.994 41.55057144165039
C14 324.969 46.88294219970703
C14 349.982 70.07180786132812
C14 374.975 75.9233627319336
C14 400.019 83.60327911376953
C14 424.965 85.9780502319336
C14 450.035 87.98768615722656
C14 475.003 90.48827362060547
C14 500.018 93.39865112304688
C14 525.002 94.11750793457031
C14 550.029 95.77536010742188
C14 575.023 97.1786880493164
C14 599.982 98.29423522949219
C14 619.997 98.8509750366211
C14 624.979 98.71490478515625
C14 650.012 99.09973907470703
C14 675.004 99.38876342773438
C14 700.03 99.33008575439453
C14 725.012 99.10310363769531
C14 750.022 98.8534164428711
C14 774.987 99.19781494140625
C14 799.976 98.1971664428711
C14 824.988 96.85633087158203
C14 850.022 94.50945281982422
C14 869.967 91.33409881591797
C14 875.002 90.9925537109375
C14 899.999 83.05014038085938
C14 919.999 75.01285552978516
C14 925.012 71.72468566894531
C14 949.965 58.364620208740234
C14 975.002 43.53215026855469
C14 999.976 26.178604125976562
C14 1025.028 11.294910430908203
C14 1050.014 3.957312822341919
C14 1075.002 0.941771643918945
C14 1099.99 0.09344171732180882
C15 319.994 41.86343002319336
C15 324.969 47.23802185058594
C15 349.982 70.67391204833984
C15 374.975 76.48790740966797
C15 400.019 83.87090301513672
C15 424.965 86.08804321289062
C15 450.035 88.00540924072266
C15 475.003 90.45286560058594
C15 500.018 93.32689666748047
C15 525.002 94.0218734741211
C15 550.029 95.66735076904297
C15 575.023 97.06069946289062
C15 599.982 98.16985321044922
C15 619.997 98.72370147705078
C15 624.979 98.58753967285156
C15 650.012 98.9679946899414
C15 675.004 99.2547378540039
C15 700.03 99.1927719116211
C15 725.012 98.95063781738281
C15 750.022 98.68660736083984
C15 774.987 99.01286315917969
C15 799.976 98.00255584716797
C15 824.988 96.66275024414062
C15 850.022 94.32152557373047
C15 869.967 91.08484649658203
C15 875.002 90.79054260253906
C15 899.999 82.93731689453125
C15 919.999 74.84555053710938
C15 925.012 71.67385864257812
C15 949.965 58.32498550415039
C15 975.002 43.352970123291016
C15 999.976 26.09554672241211
C15 1025.028 11.343503952026367
C15 1050.014 3.9672579765319824
C15 1075.002 0.940182462199828
C15 1099.99 0.09328404017158927
C16 319.994 42.25173568725586
C16 324.969 47.67787551879883
C16 349.982 71.38886260986328
C16 374.975 77.22309875488281
C16 400.019 84.4246597290039
C16 424.965 86.53308868408203
C16 450.035 88.4013442993164
C16 475.003 90.82099914550781
C16 500.018 93.68678283691406
C16 525.002 94.36858367919922
C16 550.029 96.01042175292969
C16 575.023 97.40250396728516
C16 599.982 98.5091552734375
C16 619.997 99.06659698486328
C16 624.979 98.92826843261719
C16 650.012 99.31015014648438
C16 675.004 99.59747314453125
C16 700.03 99.52981567382812
C16 725.012 99.2789306640625
C16 750.022 98.99478149414062
C16 774.987 99.30340576171875
C16 799.976 98.28402709960938
C16 824.988 96.93811798095703
C16 850.022 94.5733642578125
C16 869.967 91.32915496826172
C16 875.002 90.97542572021484
C16 899.999 83.11392211914062
C16 919.999 75.08296203613281
C16 925.012 71.73139953613281
C16 949.965 58.31330108642578
C16 975.002 43.5166015625
C16 999.976 26.152416229248047
C16 1025.028 11.363828659057617
C16 1050.014 3.9999887943267822
C16 1075.002 0.9431184223636966
C16 1099.99 0.09357534344183716
C17 319.994 42.46076965332031
C17 324.969 47.919776916503906
C17 349.982 71.79622650146484
C17 374.975 77.59261322021484
C17 400.019 84.59925079345703
C17 424.965 86.59922790527344
C17 450.035 88.4050064086914
C17 475.003 90.79348754882812
C17 500.018 93.63664245605469
C17 525.002 94.30671691894531
C17 550.029 95.94100189208984
C17 575.023 97.32862091064453
C17 599.982 98.43317413330078
C17 619.997 98.98658752441406
C17 624.979 98.84603118896484
C17 650.012 99.22544860839844
C17 675.004 99.50664520263672
C17 700.03 99.43408966064453
C17 725.012 99.1681137084961
C17 750.022 98.87096405029297
C17 774.987 99.16051483154297
C17 799.976 98.13082122802734
C17 824.988 96.77145385742188
C17 850.022 94.39407348632812
C17 869.967 91.1330795288086
C17 875.002 90.78175354003906
C17 899.999 82.92405700683594
C17 919.999 74.82118225097656
C17 925.012 71.51915740966797
C17 949.965 58.03538131713867
C17 975.002 43.28073501586914
C17 999.976 26.13902473449707
C17 1025.028 11.386918067932129
C17 1050.014 4.008833408355713
C17 1075.002 0.9419388198434626
C17 1099.99 0.09345830436345809
