lsstCam/transmission_sensor/r13_s20/19700101T000000.ecsv
# %ECSV 1.0
# ---
# datatype:
# - {name: amp_name, datatype: string}
# - {name: wavelength, unit: nm, datatype: float32}
# - {name: efficiency, unit: '%', datatype: float64}
# meta: !!omap
# - {MODE: AMP}
# - {TYPE: transmission_sensor}
# - {CALIBDATE: '1970-01-01T00:00:00'}
# - {INSTRUME: LSSTCam}
# - {OBSTYPE: transmission_sensor}
# - {DETECTOR: 60}
# - {PARQUETFILE: qe_raft_allvalues_nircorrected_20230725_adjust.parquet}
# - {CORRFILE: qe_corr_factor_bydetnum.parquet}
# - {CALIBCLS: lsst.ip.isr.IntermediateSensorTransmissionCurve}
# - {CALIB_ID: 'raftName=R13 detectorName=S20 detector=60 calibDate=1970-01-01T00:00:00 ccd=60 ccdnum=60 filter=None'}
# - {DATE: '2025-03-03T21:56:47.710613'}
# - {CALIB_CREATION_DATE: '2025-03-03'}
# - {CALIB_CREATION_TIME: '21:56:47'}
# - __serialized_columns__:
#     efficiency:
#       __class__: astropy.units.quantity.Quantity
#       unit: !astropy.units.Unit {unit: '%'}
#       value: !astropy.table.SerializedColumn {name: efficiency}
#     wavelength:
#       __class__: astropy.units.quantity.Quantity
#       unit: !astropy.units.Unit {unit: nm}
#       value: !astropy.table.SerializedColumn {name: wavelength}
# schema: astropy-2.0
amp_name wavelength efficiency
C00 319.994 41.090675264362496
C00 324.969 46.364465058516394
C00 349.982 69.16152128460753
C00 374.975 74.83194294826475
C00 400.019 82.65124173380906
C00 424.965 85.1599423018919
C00 450.035 87.23859512868177
C00 475.003 89.77956296927354
C00 500.018 92.70449766080962
C00 525.002 93.4388633585535
C00 550.029 95.09455781179634
C00 575.023 96.49481443427011
C00 599.982 97.59541595697567
C00 619.997 98.15047085442417
C00 624.979 98.00719260242555
C00 650.012 98.37906493114231
C00 675.004 98.64846851210619
C00 700.03 98.50966295134641
C00 725.012 98.03876006610118
C00 750.022 97.48543187088264
C00 774.987 97.50326938951382
C00 799.976 96.39657496598797
C00 824.988 95.13456101456023
C00 850.022 92.80215902614252
C00 869.967 89.66009343084232
C00 875.002 89.33040740418461
C00 899.999 81.87718470462916
C00 919.999 74.48517245813343
C00 925.012 71.26607464484692
C00 949.965 57.528515376011754
C00 975.002 42.818313108314776
C00 999.976 25.793647158516478
C00 1025.028 11.182764498822584
C00 1050.014 3.972680917663348
C00 1075.002 0.9287389268353856
C00 1099.99 0.09214862310568919
C01 319.994 41.53915764378028
C01 324.969 46.87506307850652
C01 349.982 70.03313318647179
C01 374.975 75.71101694214487
C01 400.019 83.21541696594362
C01 424.965 85.53974833292523
C01 450.035 87.52235239734587
C01 475.003 90.00691716729791
C01 500.018 92.89757643923822
C01 525.002 93.60714456310679
C01 550.029 95.25418268534652
C01 575.023 96.6460416018208
C01 599.982 97.74451327155546
C01 619.997 98.29876186752215
C01 624.979 98.15945426999066
C01 650.012 98.53301526784864
C01 675.004 98.80644274960393
C01 700.03 98.68956706782654
C01 725.012 98.28566327175119
C01 750.022 97.81295001148071
C01 774.987 97.91008652018863
C01 799.976 96.82818967053811
C01 824.988 95.52984651272125
C01 850.022 93.16096318555934
C01 869.967 90.01082696882304
C01 875.002 89.67392226191758
C01 899.999 82.07800701993048
C01 919.999 74.41637060055605
C01 925.012 71.19702937550144
C01 949.965 57.81999716500419
C01 975.002 43.07860015790148
C01 999.976 25.878164288371902
C01 1025.028 11.14805550201489
C01 1050.014 3.9056765989437587
C01 1075.002 0.9318591748252207
C01 1099.99 0.09245821124472772
C02 319.994 42.02328463398939
C02 324.969 47.426075058619226
C02 349.982 70.95710904494884
C02 374.975 76.6296833814302
C02 400.019 83.80998063600207
C02 424.965 85.94966896364333
C02 450.035 87.83466490905535
C02 475.003 90.26006540612327
C02 500.018 93.11910396806367
C02 525.002 93.80415596291378
C02 550.029 95.44205093061422
C02 575.023 96.82888187275364
C02 599.982 97.92637228879816
C02 619.997 98.47692406853679
C02 624.979 98.34242385342532
C02 650.012 98.71516333656594
C02 675.004 98.99129877424137
C02 700.03 98.8782187947228
C02 725.012 98.4960394989505
C02 750.022 98.04394017279108
C02 774.987 98.16915270762595
C02 799.976 97.08892170726337
C02 824.988 95.77838514118818
C02 850.022 93.39364962262869
C02 869.967 90.16445782758373
C02 875.002 89.81971069777475
C02 899.999 82.25540855916982
C02 919.999 74.42366534698134
C02 925.012 71.17189711044499
C02 949.965 57.78324198802089
C02 975.002 43.108764200601655
C02 999.976 25.9636683768808
C02 1025.028 11.195229843665585
C02 1050.014 3.9074712853198963
C02 1075.002 0.9340598064425067
C02 1099.99 0.09267655589211611
C03 319.994 42.337692768889866
C03 324.969 47.784285901851305
C03 349.982 71.59839256124724
C03 374.975 77.29530807453872
C03 400.019 84.20888688421358
C03 424.965 86.1973252244509
C03 450.035 87.99664022749126
C03 475.003 90.3686194480787
C03 500.018 93.19879089564584
C03 525.002 93.8659521255405
C03 550.029 95.48967596436678
C03 575.023 96.86667915636913
C03 599.982 97.96819347320506
C03 619.997 98.51579388525546
C03 624.979 98.3799777252727
C03 650.012 98.75298344003468
C03 675.004 99.03067062773175
C03 700.03 98.91601607833829
C03 725.012 98.52879359499563
C03 750.022 98.06535280176625
C03 774.987 98.18161234750563
C03 799.976 97.09422351983733
C03 824.988 95.7891180788379
C03 850.022 93.3836925599898
C03 869.967 90.11078553271739
C03 875.002 89.75638560497964
C03 899.999 82.30444842382448
C03 919.999 74.42812282498468
C03 925.012 71.17439968768578
C03 949.965 57.76212982044698
C03 975.002 43.00853179846819
C03 999.976 25.958689845561352
C03 1025.028 11.233725985287137
C03 1050.014 3.9438791726614
C03 1075.002 0.9342638036997819
C03 1099.99 0.09269679631257452
C04 319.994 42.72002800032612
C04 324.969 48.217201338037235
C04 349.982 72.34630564520951
C04 374.975 78.06610947132027
C04 400.019 84.73899968204947
C04 424.965 86.58851075564296
C04 450.035 88.30800951859935
C04 475.003 90.6433780879408
C04 500.018 93.44478891378321
C04 525.002 94.09440167652133
C04 550.029 95.70894432771954
C04 575.023 97.08705808591384
C04 599.982 98.18834420421719
C04 619.997 98.73728338099215
C04 624.979 98.59894943053308
C04 650.012 98.97562914166984
C04 675.004 99.25321744333613
C04 700.03 99.13319262180892
C04 725.012 98.72406307933714
C04 750.022 98.23457722692093
C04 774.987 98.3239093458141
C04 799.976 97.22415215767916
C04 824.988 95.92504073146922
C04 850.022 93.48881601733855
C04 869.967 90.23213390573365
C04 875.002 89.88742480901344
C04 899.999 82.45158323102396
C04 919.999 74.48800972655536
C04 925.012 71.24782636885708
C04 949.965 57.87315981648106
C04 975.002 43.004834982240155
C04 999.976 25.96290201014217
C04 1025.028 11.238892780395975
C04 1050.014 3.9690409133616535
C04 1075.002 0.9358759968807433
C04 1099.99 0.09285675663889807
C05 319.994 43.00295234434624
C05 324.969 48.539562191798645
C05 349.982 72.91017661263393
C05 374.975 78.63108339831892
C05 400.019 85.0538528040885
C05 424.965 86.7615917359985
C05 450.035 88.40702486189231
C05 475.003 90.6935817651117
C05 500.018 93.46561583319139
C05 525.002 94.0981593456914
C05 550.029 95.70342952984849
C05 575.023 97.07653052694346
C05 599.982 98.17205843560765
C05 619.997 98.72263303519955
C05 624.979 98.58178129426418
C05 650.012 98.95868920393355
C05 675.004 99.23687082178458
C05 700.03 99.10901879058936
C05 725.012 98.6736235970159
C05 750.022 98.15133800884803
C05 774.987 98.2098633258409
C05 799.976 97.0964370456035
C05 824.988 95.80629382172455
C05 850.022 93.32924439011263
C05 869.967 90.08409391102154
C05 875.002 89.75777000941072
C05 899.999 82.42929584100719
C05 919.999 74.38701666264657
C05 925.012 71.12189120533567
C05 949.965 57.789178953177235
C05 975.002 43.00325280574749
C05 999.976 25.85897849674398
C05 1025.028 11.191270599125062
C05 1050.014 3.955715783005741
C05 1075.002 0.9350829814496816
C05 1099.99 0.09277807437635645
C06 319.994 43.2797153279863
C06 324.969 48.85458646273713
C06 349.982 73.465368429202
C06 374.975 79.22174487346999
C06 400.019 85.44620975441455
C06 424.965 87.03943866266839
C06 450.035 88.62315929873076
C06 475.003 90.87781404709337
C06 500.018 93.63223879507449
C06 525.002 94.24607002790171
C06 550.029 95.84685991420218
C06 575.023 97.21970228629355
C06 599.982 98.31487268392334
C06 619.997 98.86650460338294
C06 624.979 98.72737956467753
C06 650.012 99.10358005889584
C06 675.004 99.38218764734106
C06 700.03 99.24300936231138
C06 725.012 98.78432270517773
C06 750.022 98.23189969747182
C06 774.987 98.25620284119317
C06 799.976 97.12474887688077
C06 824.988 95.83030030735354
C06 850.022 93.32705368419973
C06 869.967 90.03107578528197
C06 875.002 89.68958428787134
C06 899.999 82.40399623036016
C06 919.999 74.43478622213647
C06 925.012 71.16220627942745
C06 949.965 57.711154071574136
C06 975.002 42.898038068985706
C06 999.976 25.8673476779269
C06 1025.028 11.213802351737158
C06 1050.014 3.9710276668360587
C06 1075.002 0.9358504891689128
C06 1099.99 0.09285422578716372
C07 319.994 43.39436987737977
C07 324.969 48.98953546829605
C07 349.982 73.72921157258831
C07 374.975 79.48721583305547
C07 400.019 85.56699523771707
C07 424.965 87.08183034340678
C07 450.035 88.62201069945003
C07 475.003 90.85200479305688
C07 500.018 93.5904784636096
C07 525.002 94.19927411548423
C07 550.029 95.7948838950948
C07 575.023 97.16196805754701
C07 599.982 98.25357855806834
C07 619.997 98.8026470473451
C07 624.979 98.66476949395123
C07 650.012 99.04173825656261
C07 675.004 99.31906032660753
C07 700.03 99.17257208191707
C07 725.012 98.69222177742239
C07 750.022 98.11013296047913
C07 774.987 98.10375100818423
C07 799.976 96.95382056934939
C07 824.988 95.65297483429174
C07 850.022 93.13641663006987
C07 869.967 89.81819698084188
C07 875.002 89.46214641705168
C07 899.999 82.21307773137345
C07 919.999 74.279885058211
C07 925.012 70.99318723295211
C07 949.965 57.46237583464797
C07 975.002 42.66091697376627
C07 999.976 25.771454851221616
C07 1025.028 11.224407878539509
C07 1050.014 3.9847200542053667
C07 1075.002 0.9346905295652563
C07 1099.99 0.0927391356609219
C10 319.994 39.07541598992752
C10 324.969 44.069966846362696
C10 349.982 65.59922809153369
C10 374.975 71.59814154286138
C10 400.019 80.7849961011586
C10 424.965 84.01284152486124
C10 450.035 86.47194694519345
C10 475.003 89.23034234764171
C10 500.018 92.29475198229984
C10 525.002 93.13127455646874
C10 550.029 94.85129056943234
C10 575.023 96.28771665932241
C10 599.982 97.42085168615826
C10 619.997 97.98976584115304
C10 624.979 97.8583463062316
C10 650.012 98.24966875654322
C10 675.004 98.53695549584478
C10 700.03 98.45543537338409
C10 725.012 98.14157871827072
C10 750.022 97.78102503677067
C10 774.987 98.00064330454006
C10 799.976 96.97689144099475
C10 824.988 95.72290247129659
C10 850.022 93.48020532604195
C10 869.967 90.38594732332041
C10 875.002 90.05562234077144
C10 899.999 82.5136684451253
C10 919.999 74.64669137950415
C10 925.012 71.31290098373542
C10 949.965 57.59078314893917
C10 975.002 43.032336708726724
C10 999.976 26.00343767614879
C10 1025.028 11.336542735802242
C10 1050.014 4.076017057546911
C10 1075.002 0.9315550254225992
C10 1099.99 0.09242803382041591
C11 319.994 39.80036849820186
C11 324.969 44.892360128055095
C11 349.982 66.87972612410162
C11 374.975 72.80466521777977
C11 400.019 81.53698633223657
C11 424.965 84.50673160895654
C11 450.035 86.82555578468487
C11 475.003 89.50653863825916
C11 500.018 92.51997632735332
C11 525.002 93.3136888568074
C11 550.029 95.01200318932123
C11 575.023 96.4353382900581
C11 599.982 97.56133830944148
C11 619.997 98.1266088945325
C11 624.979 97.9919337272127
C11 650.012 98.37690465170041
C11 675.004 98.66837503076621
C11 700.03 98.60258539381908
C11 725.012 98.35489109992275
C11 750.022 98.07132399670249
C11 774.987 98.37390003768792
C11 799.976 97.37995090249949
C11 824.988 96.0912301161404
C11 850.022 93.82618472792696
C11 869.967 90.735174750986
C11 875.002 90.38463898506687
C11 899.999 82.61479082153589
C11 919.999 74.67957478805108
C11 925.012 71.33190992150058
C11 949.965 57.80083989819284
C11 975.002 43.13566500428573
C11 999.976 26.037507717065218
C11 1025.028 11.289477739281747
C11 1050.014 4.013288133418209
C11 1075.002 0.9343206881725441
C11 1099.99 0.09270244033770329
C12 319.994 40.4048245746483
C12 324.969 45.58054985272839
C12 349.982 67.9785705181062
C12 374.975 73.84950262573687
C12 400.019 82.15075671212176
C12 424.965 84.8847957245244
C12 450.035 87.07850625144864
C12 475.003 89.68537022163609
C12 500.018 92.65270420052832
C12 525.002 93.4138832258521
C12 550.029 95.09505224195028
C12 575.023 96.50410972116448
C12 599.982 97.62269328823852
C12 619.997 98.1829815387012
C12 624.979 98.0508241618577
C12 650.012 98.43301867086552
C12 675.004 98.72343933668138
C12 700.03 98.66870211532961
C12 725.012 98.44149244304255
C12 750.022 98.19707660139782
C12 774.987 98.53848442601316
C12 799.976 97.55517694906142
C12 824.988 96.24590308153326
C12 850.022 93.95088761937235
C12 869.967 90.85923868654014
C12 875.002 90.50119518889863
C12 899.999 82.62762318568548
C12 919.999 74.67176279161859
C12 925.012 71.3270340795208
C12 949.965 57.93898748651696
C12 975.002 43.189614940700054
C12 999.976 26.021898937435722
C12 1025.028 11.252183443265194
C12 1050.014 3.9742188806903163
C12 1075.002 0.935518726406625
C12 1099.99 0.09282130859067371
C13 319.994 40.905648090825615
C13 324.969 46.15037299854467
C13 349.982 68.90899678843793
C13 374.975 74.73829787710552
C13 400.019 82.64673100948143
C13 424.965 85.1682259086251
C13 450.035 87.25165569136395
C13 475.003 89.78652302451769
C13 500.018 92.71077312045598
C13 525.002 93.44585384026867
C13 550.029 95.10643174210902
C13 575.023 96.50916051535258
C13 599.982 97.616638420507
C13 619.997 98.17408179593001
C13 624.979 98.04038027568261
C13 650.012 98.42001135450761
C13 675.004 98.71020382179088
C13 700.03 98.65492653057862
C13 725.012 98.43562774075485
C13 750.022 98.19749496537425
C13 774.987 98.54622035626814
C13 799.976 97.56301937196493
C13 824.988 96.24097399322922
C13 850.022 93.92660729550424
C13 869.967 90.81580489916956
C13 875.002 90.45764730226175
C13 899.999 82.54235300067249
C13 919.999 74.57142389683658
C13 925.012 71.25042783212866
C13 949.965 57.94077884499783
C13 975.002 43.18604743697382
C13 999.976 25.991339350612378
C13 1025.028 11.212518734991312
C13 1050.014 3.934472401275587
C13 1075.002 0.935522712053853
C13 1099.99 0.09282170404293011
C14 319.994 41.426526454709155
C14 324.969 46.742977964531676
C14 349.982 69.86261563629907
C14 374.975 75.6967012875334
C14 400.019 83.35369006346066
C14 424.965 85.72137154501756
C14 450.035 87.72500790752571
C14 475.003 90.21813012245006
C14 500.018 93.11981899013247
C14 525.002 93.83652972807126
C14 550.029 95.48943255259867
C14 575.023 96.88857100226274
C14 599.982 98.00078783027737
C14 619.997 98.55586554757915
C14 624.979 98.42020151995143
C14 650.012 98.80388692603887
C14 675.004 99.09204842638205
C14 700.03 99.03354592924245
C14 725.012 98.80724144446802
C14 750.022 98.55829966526017
C14 774.987 98.90166999725581
C14 799.976 97.90400883260385
C14 824.988 96.56717618895597
C14 850.022 94.22730450190464
C14 869.967 91.06143019303704
C14 875.002 90.72090473608107
C14 899.999 82.80220266973839
C14 919.999 74.78891231163509
C14 925.012 71.51055894605143
C14 949.965 58.19037859664134
C14 975.002 43.402189480430025
C14 999.976 26.100450577318227
C14 1025.028 11.261190629512162
C14 1050.014 3.94549866912241
C14 1075.002 0.9389600808713559
C14 1099.99 0.09316275661915692
C15 319.994 41.73845102891322
C15 324.969 47.09699756138176
C15 349.982 70.46292230276116
C15 374.975 76.25956057479667
C15 400.019 83.62051500100621
C15 424.965 85.83103615316496
C15 450.035 87.74267808056631
C15 475.003 90.18282780945762
C15 500.018 93.04827875016395
C15 525.002 93.74118077453532
C15 550.029 95.38174566506711
C15 575.023 96.77093465871003
C15 599.982 97.87677714104751
C15 619.997 98.42897195022083
C15 624.979 98.29321664318009
C15 650.012 98.6725358506772
C15 675.004 98.95842297231219
C15 700.03 98.89664202292097
C15 725.012 98.65523079528874
C15 750.022 98.39198857470494
C15 774.987 98.71727036968358
C15 799.976 97.7099792269561
C15 824.988 96.3741734767049
C15 850.022 94.03993829340867
C15 869.967 90.81292199104111
C15 875.002 90.51949671121274
C15 899.999 82.68971600640458
C15 919.999 74.62210679092593
C15 925.012 71.45988365857984
C15 949.965 58.15086221741364
C15 975.002 43.22354425918805
C15 999.976 26.017641133148388
C15 1025.028 11.309639079636513
C15 1050.014 3.9554141330704664
C15 1075.002 0.9373756434919377
C15 1099.99 0.09300555019796374
C16 319.994 42.125597446078345
C16 324.969 47.535538091396155
C16 349.982 71.17573845241033
C16 374.975 76.99255708134498
C16 400.019 84.17261853076648
C16 424.965 86.27475298656037
C16 450.035 88.1374311154846
C16 475.003 90.54986232928339
C16 500.018 93.40709051619854
C16 525.002 94.08685591171019
C16 550.029 95.72379244557372
C16 575.023 97.1117187406696
C16 599.982 98.21506625238406
C16 619.997 98.77084377851912
C16 624.979 98.63292819203647
C16 650.012 99.01366983705343
C16 675.004 99.30013506163765
C16 700.03 99.23267957540257
C16 725.012 98.98254355720748
C16 750.022 98.69924268560857
C16 774.987 99.00694558695963
C16 799.976 97.99061017572365
C16 824.988 96.64871913126991
C16 850.022 94.29102513882292
C16 869.967 91.05650110473299
C16 875.002 90.70382787922522
C16 899.999 82.86579399415486
C16 919.999 74.85880952216894
C16 925.012 71.51725276967422
C16 949.965 58.13921268232467
C16 975.002 43.38668719344908
C16 999.976 26.074340861880486
C16 1025.028 11.329903109330946
C16 1050.014 3.9880472363519623
C16 1075.002 0.9403028386466246
C16 1099.99 0.09329598381205288
C17 319.994 42.33400736258846
C17 324.969 47.77671731718691
C17 349.982 71.58188620072286
C17 374.975 77.36096839898406
C17 400.019 84.34668837142993
C17 424.965 86.34069475586257
C17 450.035 88.14108229200612
C17 475.003 90.52243286566546
C17 500.018 93.35709982432472
C17 525.002 94.02517384834977
C17 550.029 95.65457983063766
C17 575.023 97.03805625434795
C17 599.982 98.13931194618029
C17 619.997 98.69107317814166
C17 624.979 98.55093645927509
C17 650.012 98.92922116675778
C17 675.004 99.20957827728621
C17 700.03 99.13723934245361
C17 725.012 98.87205743434274
C17 750.022 98.57579488609244
C17 774.987 98.86448124306058
C17 799.976 97.83786168462233
C17 824.988 96.482552566452
C17 850.022 94.11226962162351
C17 869.967 90.86101102847663
C17 875.002 90.5107338875611
C17 899.999 82.67649570474957
C17 919.999 74.59781125382231
C17 925.012 71.3056442703989
C17 949.965 57.86212261412122
C17 975.002 43.151524802301076
C17 999.976 26.060989346069242
C17 1025.028 11.352923587133684
C17 1050.014 3.9968654456891244
C17 1075.002 0.9391267577092267
C17 1099.99 0.0931792941418876
