lsstcam/qe_curve/r43_s22/19700101T000000.ecsv
# %ECSV 0.9
# ---
# datatype:
# - {name: amp_name, datatype: string}
# - {name: wavelength, unit: nm, datatype: float32}
# - {name: efficiency, unit: '%', datatype: float32}
# meta: !!omap
# - {MODE: AMP}
# - {TYPE: QE}
# - {CALIBDATE: '1970-01-01T00:00:00'}
# - {INSTRUME: LSSTCAM}
# - {OBSTYPE: qe_curve}
# - {DETECTOR: 188}
# - {PICKLEFILE: RaftRun11671.p}
# - {CALIB_ID: 'raftName=R43 detectorName=S22 detector=188 calibDate=1970-01-01T00:00:00 ccd=188 ccdnum=188 filter=None'}
# - {DATE: '2020-01-23T15:40:02.964594'}
# - {CALIB_CREATION_DATE: '2020-01-23'}
# - {CALIB_CREATION_TIME: '15:40:02'}
# - __serialized_columns__:
#     efficiency:
#       __class__: astropy.units.quantity.Quantity
#       unit: !astropy.units.Unit {unit: '%'}
#       value: !astropy.table.SerializedColumn {name: efficiency}
#     wavelength:
#       __class__: astropy.units.quantity.Quantity
#       unit: !astropy.units.Unit {unit: nm}
#       value: !astropy.table.SerializedColumn {name: wavelength}
# schema: astropy-2.0
amp_name wavelength efficiency
C12 319.994 48.27862
C12 324.969 50.124626
C12 349.982 59.852547
C12 374.975 74.5617
C12 400.019 85.00606
C12 424.965 86.11086
C12 450.035 86.21729
C12 475.003 85.339935
C12 500.018 85.73348
C12 525.002 86.77215
C12 550.029 88.06599
C12 575.023 90.58055
C12 599.982 92.137115
C12 619.997 93.54198
C12 624.979 93.68584
C12 650.012 94.87441
C12 675.004 96.04427
C12 700.03 96.98098
C12 725.012 97.97307
C12 750.022 99.526825
C12 774.987 100.643585
C12 799.976 100.925285
C12 824.988 100.50978
C12 850.022 98.869934
C12 869.967 96.92849
C12 875.002 95.83557
C12 899.999 89.3787
C12 919.999 81.59544
C12 925.012 79.37484
C12 949.965 67.03742
C12 975.002 50.529613
C12 999.976 31.224306
C12 1025.028 14.945889
C12 1050.014 6.154698
C12 1075.002 3.3654618
C12 1099.99 2.2704449
C04 319.994 48.48061
C04 324.969 50.336487
C04 349.982 60.08558
C04 374.975 74.77066
C04 400.019 85.14567
C04 424.965 86.24978
C04 450.035 86.452385
C04 475.003 85.70152
C04 500.018 86.14367
C04 525.002 87.21194
C04 550.029 88.486916
C04 575.023 90.910324
C04 599.982 92.34744
C04 619.997 93.67703
C04 624.979 93.8026
C04 650.012 94.92011
C04 675.004 96.053764
C04 700.03 97.04588
C04 725.012 98.18736
C04 750.022 99.99325
C04 774.987 101.34565
C04 799.976 101.71802
C04 824.988 101.2972
C04 850.022 99.74277
C04 869.967 97.83742
C04 875.002 96.73319
C04 899.999 90.0006
C04 919.999 81.7745
C04 925.012 79.485535
C04 949.965 67.49299
C04 975.002 51.328
C04 999.976 31.805971
C04 1025.028 15.217183
C04 1050.014 6.080088
C04 1075.002 3.377168
C04 1099.99 2.3243775
C14 319.994 49.097202
C14 324.969 51.031593
C14 349.982 60.965588
C14 374.975 75.27571
C14 400.019 85.261925
C14 424.965 86.21328
C14 450.035 86.3536
C14 475.003 85.58155
C14 500.018 86.07055
C14 525.002 87.17612
C14 550.029 88.518265
C14 575.023 91.05221
C14 599.982 92.60467
C14 619.997 93.99847
C14 624.979 94.13722
C14 650.012 95.31116
C14 675.004 96.45391
C14 700.03 97.32946
C14 725.012 98.23685
C14 750.022 99.67319
C14 774.987 100.67606
C14 799.976 100.89347
C14 824.988 100.44846
C14 850.022 98.74943
C14 869.967 96.768394
C14 875.002 95.67668
C14 899.999 89.226364
C14 919.999 81.433044
C14 925.012 79.18531
C14 949.965 66.70907
C14 975.002 50.30638
C14 999.976 31.18071
C14 1025.028 14.897878
C14 1050.014 6.129386
C14 1075.002 3.3709817
C14 1099.99 2.2803802
C01 319.994 49.72472
C01 324.969 51.71819
C01 349.982 61.771217
C01 374.975 75.777756
C01 400.019 85.46602
C01 424.965 86.32314
C01 450.035 86.5559
C01 475.003 85.90337
C01 500.018 86.4704
C01 525.002 87.66043
C01 550.029 89.02215
C01 575.023 91.52232
C01 599.982 93.01241
C01 619.997 94.36452
C01 624.979 94.49465
C01 650.012 95.604164
C01 675.004 96.72683
C01 700.03 97.65314
C01 725.012 98.67257
C01 750.022 100.3211
C01 774.987 101.52588
C01 799.976 101.790215
C01 824.988 101.32894
C01 850.022 99.69967
C01 869.967 97.801346
C01 875.002 96.704414
C01 899.999 89.97216
C01 919.999 81.80421
C01 925.012 79.544785
C01 949.965 67.337944
C01 975.002 51.02711
C01 999.976 31.676628
C01 1025.028 15.221746
C01 1050.014 6.1349883
C01 1075.002 3.412948
C01 1099.99 2.339172
C06 319.994 47.538612
C06 324.969 49.30145
C06 349.982 58.79647
C06 374.975 73.77132
C06 400.019 84.53834
C06 424.965 85.806465
C06 450.035 86.01704
C06 475.003 85.21071
C06 500.018 85.58257
C06 525.002 86.58138
C06 550.029 87.80738
C06 575.023 90.16171
C06 599.982 91.54571
C06 619.997 92.84131
C06 624.979 92.96203
C06 650.012 94.059814
C06 675.004 95.20243
C06 700.03 96.20903
C06 725.012 97.37411
C06 750.022 99.19665
C06 774.987 100.56386
C06 799.976 100.95878
C06 824.988 100.58097
C06 850.022 99.050224
C06 869.967 97.15754
C06 875.002 96.05687
C06 899.999 89.30207
C06 919.999 81.23691
C06 925.012 79.02655
C06 949.965 67.33385
C06 975.002 51.283695
C06 999.976 31.672642
C06 1025.028 15.051743
C06 1050.014 6.0458965
C06 1075.002 3.367662
C06 1099.99 2.2928495
C03 319.994 48.70931
C03 324.969 50.603775
C03 349.982 60.42609
C03 374.975 74.85498
C03 400.019 84.97556
C03 424.965 85.98945
C03 450.035 86.1894
C03 475.003 85.458824
C03 500.018 85.92862
C03 525.002 87.03472
C03 550.029 88.341255
C03 575.023 90.79632
C03 599.982 92.260605
C03 619.997 93.60255
C03 624.979 93.731026
C03 650.012 94.8503
C03 675.004 95.981445
C03 700.03 96.9514
C03 725.012 98.04971
C03 750.022 99.80541
C03 774.987 101.11246
C03 799.976 101.4468
C03 824.988 101.008766
C03 850.022 99.43341
C03 869.967 97.541145
C03 875.002 96.44921
C03 899.999 89.7595
C03 919.999 81.53573
C03 925.012 79.24742
C03 949.965 67.141304
C03 975.002 50.962276
C03 999.976 31.639944
C03 1025.028 15.169111
C03 1050.014 6.07323
C03 1075.002 3.3762994
C03 1099.99 2.3223605
C00 319.994 49.793907
C00 324.969 51.825504
C00 349.982 61.936142
C00 374.975 75.66324
C00 400.019 85.113304
C00 424.965 85.91249
C00 450.035 86.15354
C00 475.003 85.56064
C00 500.018 86.185455
C00 525.002 87.408676
C00 550.029 88.786766
C00 575.023 91.27318
C00 599.982 92.74885
C00 619.997 94.08575
C00 624.979 94.21105
C00 650.012 95.314766
C00 675.004 96.41615
C00 700.03 97.321625
C00 725.012 98.29661
C00 750.022 99.894196
C00 774.987 101.048
C00 799.976 101.28936
C00 824.988 100.80724
C00 850.022 99.16333
C00 869.967 97.23585
C00 875.002 96.135086
C00 899.999 89.36687
C00 919.999 81.0931
C00 925.012 78.82301
C00 949.965 66.723434
C00 975.002 50.752045
C00 999.976 31.477373
C00 1025.028 15.05848
C00 1050.014 6.041813
C00 1075.002 3.350754
C00 1099.99 2.3090243
C13 319.994 48.7928
C13 324.969 50.690178
C13 349.982 60.54425
C13 374.975 75.090096
C13 400.019 85.30968
C13 424.965 86.334435
C13 450.035 86.46532
C13 475.003 85.64694
C13 500.018 86.08774
C13 525.002 87.16015
C13 550.029 88.475204
C13 575.023 90.9948
C13 599.982 92.54586
C13 619.997 93.94223
C13 624.979 94.08422
C13 650.012 95.26732
C13 675.004 96.41989
C13 700.03 97.329865
C13 725.012 98.28231
C13 750.022 99.79267
C13 774.987 100.86141
C13 799.976 101.112724
C13 824.988 100.67753
C13 850.022 99.00062
C13 869.967 97.02179
C13 875.002 95.926
C13 899.999 89.43842
C13 919.999 81.59787
C13 925.012 79.347534
C13 949.965 66.93025
C13 975.002 50.488976
C13 999.976 31.24427
C13 1025.028 14.917599
C13 1050.014 6.1295495
C13 1075.002 3.365563
C13 1099.99 2.2779596
C17 319.994 49.98293
C17 324.969 52.036896
C17 349.982 62.16949
C17 374.975 75.69473
C17 400.019 84.99127
C17 424.965 85.7301
C17 450.035 85.90821
C17 475.003 85.264084
C17 500.018 85.90001
C17 525.002 87.136215
C17 550.029 88.57395
C17 575.023 91.13722
C17 599.982 92.677635
C17 619.997 94.059074
C17 624.979 94.19119
C17 650.012 95.33823
C17 675.004 96.44937
C17 700.03 97.252846
C17 725.012 98.00401
C17 750.022 99.23621
C17 774.987 100.039
C17 799.976 100.1479
C17 824.988 99.689766
C17 850.022 97.942726
C17 869.967 95.922615
C17 875.002 94.830376
C17 899.999 88.3659
C17 919.999 80.58302
C17 925.012 78.35703
C17 949.965 65.90738
C17 975.002 49.938858
C17 999.976 31.019913
C17 1025.028 14.77053
C17 1050.014 6.031655
C17 1075.002 3.3162189
C17 1099.99 2.259089
C11 319.994 47.92999
C11 324.969 49.732
C11 349.982 59.35104
C11 374.975 74.29868
C11 400.019 85.08432
C11 424.965 86.31376
C11 450.035 86.41283
C11 475.003 85.477
C11 500.018 85.83581
C11 525.002 86.86216
C11 550.029 88.16914
C11 575.023 90.698166
C11 599.982 92.263214
C11 619.997 93.67488
C11 624.979 93.819466
C11 650.012 95.01704
C11 675.004 96.21226
C11 700.03 97.16196
C11 725.012 98.1817
C11 750.022 99.753944
C11 774.987 100.8892
C11 799.976 101.19034
C11 824.988 100.79905
C11 850.022 99.192665
C11 869.967 97.29366
C11 875.002 96.21391
C11 899.999 89.87141
C11 919.999 82.147766
C11 925.012 79.921745
C11 949.965 67.42526
C11 975.002 50.663265
C11 999.976 31.350876
C11 1025.028 15.085251
C11 1050.014 6.2066483
C11 1075.002 3.3837385
C11 1099.99 2.2768185
C10 319.994 46.96457
C10 324.969 48.695347
C10 349.982 58.05767
C10 374.975 73.14159
C10 400.019 84.382095
C10 424.965 85.863045
C10 450.035 85.9966
C10 475.003 85.04792
C10 500.018 85.40983
C10 525.002 86.44216
C10 550.029 87.798744
C10 575.023 90.3291
C10 599.982 91.86544
C10 619.997 93.25025
C10 624.979 93.3918
C10 650.012 94.579575
C10 675.004 95.76669
C10 700.03 96.71379
C10 725.012 97.70098
C10 750.022 99.23122
C10 774.987 100.322395
C10 799.976 100.638405
C10 824.988 100.28571
C10 850.022 98.70639
C10 869.967 96.88791
C10 875.002 95.84748
C10 899.999 89.781
C10 919.999 82.18652
C10 925.012 79.948784
C10 949.965 67.18022
C10 975.002 50.232635
C10 999.976 31.176394
C10 1025.028 15.138572
C10 1050.014 6.2100334
C10 1075.002 3.3666806
C10 1099.99 2.2704506
C07 319.994 46.806244
C07 324.969 48.512123
C07 349.982 57.819134
C07 374.975 72.946045
C07 400.019 84.143394
C07 424.965 85.60695
C07 450.035 85.81517
C07 475.003 84.95033
C07 500.018 85.29292
C07 525.002 86.30908
C07 550.029 87.58551
C07 575.023 89.97758
C07 599.982 91.38107
C07 619.997 92.68438
C07 624.979 92.810616
C07 650.012 93.91139
C07 675.004 95.07391
C07 700.03 96.088234
C07 725.012 97.2259
C07 750.022 99.01012
C07 774.987 100.328415
C07 799.976 100.71061
C07 824.988 100.367516
C07 850.022 98.82011
C07 869.967 96.94692
C07 875.002 95.86295
C07 899.999 89.30736
C07 919.999 81.35971
C07 925.012 79.141426
C07 949.965 67.2771
C07 975.002 51.016273
C07 999.976 31.488813
C07 1025.028 14.957403
C07 1050.014 6.067847
C07 1075.002 3.3621585
C07 1099.99 2.2758493
C15 319.994 49.411728
C15 324.969 51.384846
C15 349.982 61.386242
C15 374.975 75.446785
C15 400.019 85.20305
C15 424.965 86.08095
C15 450.035 86.22266
C15 475.003 85.484505
C15 500.018 86.01733
C15 525.002 87.159454
C15 550.029 88.5343
C15 575.023 91.089485
C15 599.982 92.6486
C15 619.997 94.04547
C15 624.979 94.181595
C15 650.012 95.354126
C15 675.004 96.48781
C15 700.03 97.32812
C15 725.012 98.18504
C15 750.022 99.54145
C15 774.987 100.47239
C15 799.976 100.65671
C15 824.988 100.2036
C15 850.022 98.48885
C15 869.967 96.52069
C15 875.002 95.43372
C15 899.999 89.03012
C15 919.999 81.30643
C15 925.012 79.084595
C15 949.965 66.582214
C15 975.002 50.190235
C15 999.976 31.127586
C15 1025.028 14.916157
C15 1050.014 6.1682944
C15 1075.002 3.3844104
C15 1099.99 2.2818785
C02 319.994 49.102783
C02 324.969 51.04363
C02 349.982 60.966396
C02 374.975 75.173134
C02 400.019 85.06371
C02 424.965 85.99981
C02 450.035 86.216156
C02 475.003 85.5254
C02 500.018 86.04432
C02 525.002 87.18547
C02 550.029 88.518936
C02 575.023 90.99328
C02 599.982 92.471085
C02 619.997 93.81649
C02 624.979 93.94714
C02 650.012 95.0596
C02 675.004 96.181496
C02 700.03 97.127525
C02 725.012 98.1858
C02 750.022 99.88703
C02 774.987 101.139824
C02 799.976 101.438354
C02 824.988 100.9851
C02 850.022 99.389145
C02 869.967 97.50642
C02 875.002 96.414444
C02 899.999 89.71752
C02 919.999 81.539665
C02 925.012 79.27266
C02 949.965 67.130745
C02 975.002 50.902565
C02 999.976 31.607506
C02 1025.028 15.169442
C02 1050.014 6.095739
C02 1075.002 3.3947806
C02 1099.99 2.3300052
C16 319.994 49.715054
C16 324.969 51.72454
C16 349.982 61.770916
C16 374.975 75.54498
C16 400.019 85.055
C16 424.965 85.85764
C16 450.035 86.02294
C16 475.003 85.33223
C16 500.018 85.910446
C16 525.002 87.10194
C16 550.029 88.501274
C16 575.023 91.06129
C16 599.982 92.61257
C16 619.997 94.00056
C16 624.979 94.13789
C16 650.012 95.29323
C16 675.004 96.39416
C16 700.03 97.240204
C16 725.012 98.01646
C16 750.022 99.32955
C16 774.987 100.19279
C16 799.976 100.33542
C16 824.988 99.87848
C16 850.022 98.14715
C16 869.967 96.16597
C16 875.002 95.081245
C16 899.999 88.69649
C16 919.999 81.02435
C16 925.012 78.81519
C16 949.965 66.28253
C16 975.002 49.982708
C16 999.976 31.00098
C16 1025.028 14.880159
C16 1050.014 6.1664715
C16 1075.002 3.3814993
C16 1099.99 2.2806776
C05 319.994 48.112907
C05 324.969 49.924896
C05 349.982 59.572433
C05 374.975 74.44318
C05 400.019 85.00893
C05 424.965 86.19311
C05 450.035 86.41619
C05 475.003 85.65522
C05 500.018 86.06418
C05 525.002 87.08902
C05 550.029 88.323296
C05 575.023 90.69414
C05 599.982 92.09044
C05 619.997 93.39484
C05 624.979 93.51857
C05 650.012 94.61959
C05 675.004 95.754745
C05 700.03 96.756424
C05 725.012 97.920334
C05 750.022 99.75107
C05 774.987 101.13172
C05 799.976 101.52403
C05 824.988 101.12195
C05 850.022 99.59039
C05 869.967 97.67996
C05 875.002 96.57552
C05 899.999 89.77623
C05 919.999 81.585785
C05 925.012 79.335785
C05 949.965 67.564445
C05 975.002 51.51996
C05 999.976 31.856958
C05 1025.028 15.176866
C05 1050.014 6.0698805
C05 1075.002 3.3770885
C05 1099.99 2.314644
