lsstCam/transmission_filter_detector/r24_s20/g_6/19700101T000000.ecsv
# %ECSV 1.0
# ---
# datatype:
# - {name: wavelength, unit: nm, datatype: float32}
# - {name: efficiency, unit: '%', datatype: float64}
# meta: !!omap
# - {MODE: DETECTOR}
# - {TYPE: transmission_filter_detector}
# - {CALIBDATE: '1970-01-01T00:00:00'}
# - {INSTRUME: LSSTCam}
# - {OBSTYPE: transmission_filter_detector}
# - {CALIBCLS: lsst.ip.isr.IntermediateFilterDetectorTransmissionCurve}
# - {SOURCE: Materion (DM-46256)}
# - {DETECTOR: 114}
# - {FILTER: g_6}
# - {CALIB_ID: 'calibDate=1970-01-01T00:00:00 filter=g_6 detector=114'}
# - {DATE: '2025-04-02T15:59:42.555808'}
# - {CALIB_CREATION_DATE: '2025-04-02'}
# - {CALIB_CREATION_TIME: '15:59:42'}
# - __serialized_columns__:
#     efficiency:
#       __class__: astropy.units.quantity.Quantity
#       unit: !astropy.units.Unit {unit: '%'}
#       value: !astropy.table.SerializedColumn {name: efficiency}
#     wavelength:
#       __class__: astropy.units.quantity.Quantity
#       unit: !astropy.units.Unit {unit: nm}
#       value: !astropy.table.SerializedColumn {name: wavelength}
# schema: astropy-2.0
wavelength efficiency
300.0 0.36027394235134125
301.0 0.31013444531708956
302.0 0.25999490171670914
303.0 0.24637519381940365
304.0 0.2327554626390338
305.0 0.22516625467687845
306.0 0.21757706999778748
307.0 0.215965136885643
308.0 0.21435320377349854
309.0 0.20860221702605486
310.0 0.20285120699554682
311.0 0.1972986152395606
312.0 0.19174597691744566
313.0 0.18564154161140323
314.0 0.1795371063053608
315.0 0.17840522341430187
316.0 0.17727336380630732
317.0 0.17383572412654757
318.0 0.1703981077298522
319.0 0.1615454675629735
320.0 0.15269281575456262
321.0 0.14034837950021029
322.0 0.1280039781704545
323.0 0.11580901918932796
324.0 0.10361407184973359
325.0 0.09242675732821226
326.0 0.08123943116515875
327.0 0.07412707200273871
328.0 0.06701470701955259
329.0 0.06253613973967731
330.0 0.05805756663903594
331.0 0.05358043126761913
332.0 0.049103295896202326
333.0 0.04634846409317106
334.0 0.043593632290139794
335.0 0.042162524187006056
336.0 0.04073141608387232
337.0 0.040830374928191304
338.0 0.040929330862127244
339.0 0.0404214282752946
340.0 0.039913522778078914
341.0 0.03782359417527914
342.0 0.03573366848286241
343.0 0.03274083719588816
344.0 0.029748008819296956
345.0 0.026120725669898093
346.0 0.022493443975690752
347.0 0.021002368885092437
348.0 0.019511293794494122
349.0 0.01789430098142475
350.0 0.7751286961138248
351.0 0.9632539004087448
352.0 0.6635148078203201
353.0 0.6944520398974419
354.0 0.8345788344740868
355.0 0.6953876465559006
356.0 0.5285133607685566
357.0 0.9081525728106499
358.0 0.7236327975988388
359.0 0.9744207374751568
360.0 0.5565221421420574
361.0 0.5746957380324602
362.0 0.501140346750617
363.0 0.7858154363930225
364.0 0.7288949564099312
365.0 0.7844504900276661
366.0 0.4394832067191601
367.0 0.7084555923938751
368.0 0.4362446255981922
369.0 0.6322317291051149
370.0 0.47744992189109325
371.0 0.5522268358618021
372.0 0.38967556320130825
373.0 0.5985308438539505
374.0 0.3419336164370179
375.0 0.5966367665678263
376.0 0.3859489457681775
377.0 0.5196128040552139
378.0 0.40096528828144073
379.0 0.5984329152852297
380.0 0.41117710061371326
381.0 0.5321622826159
382.0 0.5379701964557171
383.0 0.49034631811082363
384.0 0.5968206562101841
385.0 0.5327649414539337
386.0 0.6629943381994963
387.0 0.7498269900679588
388.0 0.8750710636377335
389.0 1.1636083014309406
390.0 1.6871167346835136
391.0 2.608940191566944
392.0 4.027104005217552
393.0 6.474293768405914
394.0 9.788141399621964
395.0 14.276482164859772
396.0 19.79914754629135
397.0 26.969629526138306
398.0 35.23327708244324
399.0 44.51374709606171
400.0 53.83930206298828
401.0 62.96944618225098
402.0 71.43513560295105
403.0 78.69764566421509
404.0 84.14421677589417
405.0 88.20632100105286
406.0 90.53447842597961
407.0 92.40487813949585
408.0 93.56139302253723
409.0 94.2002534866333
410.0 94.35193538665771
411.0 94.27644610404968
412.0 93.91668438911438
413.0 93.70465874671936
414.0 93.51950287818909
415.0 93.64922046661377
416.0 93.90581846237183
417.0 94.32617425918579
418.0 94.77548003196716
419.0 95.36389708518982
420.0 95.83942294120789
421.0 96.52146100997925
422.0 96.68427109718323
423.0 96.85378670692444
424.0 96.75447344779968
425.0 96.56456112861633
426.0 96.57295346260071
427.0 96.63022756576538
428.0 96.43882513046265
429.0 96.22203707695007
430.0 96.10821604728699
431.0 96.16388082504272
432.0 96.14846110343933
433.0 96.22384905815125
434.0 96.26339673995972
435.0 96.49326801300049
436.0 96.56825661659241
437.0 96.49422764778137
438.0 96.5601921081543
439.0 96.70865535736084
440.0 96.62032723426819
441.0 96.76781296730042
442.0 96.7251718044281
443.0 96.77899479866028
444.0 96.68095707893372
445.0 96.49460315704346
446.0 96.3333010673523
447.0 96.08203172683716
448.0 96.10964059829712
449.0 96.2683916091919
450.0 96.49946093559265
451.0 96.70586585998535
452.0 96.89720869064331
453.0 97.03407883644104
454.0 97.04452157020569
455.0 97.33503460884094
456.0 97.41919040679932
457.0 97.55910038948059
458.0 97.55648374557495
459.0 97.62282371520996
460.0 97.63449430465698
461.0 97.7694034576416
462.0 97.68627882003784
463.0 97.61717915534973
464.0 97.74935841560364
465.0 97.64371514320374
466.0 97.69258499145508
467.0 97.66724109649658
468.0 97.7232813835144
469.0 97.7570652961731
470.0 97.6021945476532
471.0 97.46850728988647
472.0 97.54596948623657
473.0 97.40378856658936
474.0 97.30420708656311
475.0 97.35642075538635
476.0 97.36279845237732
477.0 97.4208414554596
478.0 97.54903316497803
479.0 97.49512076377869
480.0 97.67159223556519
481.0 97.69487380981445
482.0 97.92073369026184
483.0 97.83545136451721
484.0 97.99572229385376
485.0 98.00792336463928
486.0 98.05865287780762
487.0 98.09086322784424
488.0 98.12818765640259
489.0 98.23874235153198
490.0 98.14960360527039
491.0 98.17700386047363
492.0 98.09481501579285
493.0 98.11903834342957
494.0 98.05967807769775
495.0 98.10199737548828
496.0 97.93550372123718
497.0 97.91396856307983
498.0 97.68160581588745
499.0 97.69124388694763
500.0 97.65828251838684
501.0 97.65663743019104
502.0 97.53726124763489
503.0 97.65421748161316
504.0 97.47955203056335
505.0 97.44353890419006
506.0 97.53098487854004
507.0 97.44964241981506
508.0 97.49270677566528
509.0 97.52653241157532
510.0 97.41460680961609
511.0 97.41749167442322
512.0 97.33840227127075
513.0 97.44483232498169
514.0 97.40644693374634
515.0 97.41079807281494
516.0 97.52954244613647
517.0 97.53182530403137
518.0 97.5695013999939
519.0 97.59387969970703
520.0 97.65743613243103
521.0 97.7810800075531
522.0 97.76949286460876
523.0 97.76353240013123
524.0 97.77770042419434
525.0 97.76203036308289
526.0 97.84384369850159
527.0 97.81203269958496
528.0 97.91980981826782
529.0 98.0056643486023
530.0 98.01859855651855
531.0 98.13299775123596
532.0 98.0527937412262
533.0 98.01977872848511
534.0 98.05615544319153
535.0 97.91346788406372
536.0 97.56355285644531
537.0 97.06130623817444
538.0 96.33490443229675
539.0 95.04557251930237
540.0 93.39556097984314
541.0 90.88332653045654
542.0 88.269704580307
543.0 84.77857708930969
544.0 80.29340505599976
545.0 76.27745270729065
546.0 71.31015062332153
547.0 66.71153903007507
548.0 62.11211681365967
549.0 57.90008902549744
550.0 54.633718729019165
551.0 51.434069871902466
552.0 49.02220964431763
553.0 46.556878089904785
554.0 43.77286732196808
555.0 40.70726037025452
556.0 36.63223683834076
557.0 31.83920383453369
558.0 26.51330828666687
559.0 21.1261123418808
560.0 15.904495120048523
561.0 10.920736938714981
562.0 7.136383652687073
563.0 4.234982654452324
564.0 2.3733075708150864
565.0 1.147763431072235
566.0 0.6095368415117264
567.0 0.3096681321039796
568.0 0.19090521382167935
569.0 0.11244210181757808
570.0 0.08608591160736978
571.0 0.05576270050369203
572.0 0.04902845248579979
573.0 0.03778814279939979
574.0 0.046487394138239324
575.0 0.027440174017101526
576.0 0.03898374852724373
577.0 0.017834905884228647
578.0 0.03553425194695592
579.0 0.02081074344459921
580.0 0.030001671984791756
581.0 0.018423858273308724
582.0 0.03515993012115359
583.0 0.017592577205505222
584.0 0.023746173246763647
585.0 0.00806655953056179
586.0 0.020564289297908545
587.0 0.01619620743440464
588.0 0.02016007056226954
589.0 0.02286711969645694
590.0 0.017199480498675257
591.0 0.019712478388100863
592.0 0.0199774163775146
593.0 0.011521109991008416
594.0 0.025613585603423417
595.0 0.002683521233848296
596.0 0.018147454829886556
597.0 0.006266759010031819
598.0 0.014422228559851646
599.0 0.013562766253016889
600.0 0.010535520414123312
601.0 0.002089814552164171
602.0 0.002032691554632038
603.0 0.0019755683752009645
604.0 0.0019019895262317732
605.0 0.0018284108591615222
606.0 0.0018984479538630694
607.0 0.0019684850485646166
608.0 0.0017968852262129076
609.0 0.0016252850400633179
610.0 0.0017356294847559184
611.0 0.0018459742932463996
612.0 0.0018335089407628402
613.0 0.0018210434063803405
614.0 0.0017779508198145777
615.0 0.0017348585970466956
616.0 0.0015719373550382443
617.0 0.0014090158401813824
618.0 0.001449867158953566
619.0 0.0014907187505741604
620.0 0.0014495214600174222
621.0 0.0014083243513596244
622.0 0.0014839471987215802
623.0 0.0015595696822856553
624.0 0.001421786055288976
625.0 0.0012840023373428266
626.0 0.0012631934623641428
627.0 0.001242384678334929
628.0 0.0012783450983988587
629.0 0.0013143054275133181
630.0 0.001363368301099399
631.0 0.00141243108373601
632.0 0.0013880181541026104
633.0 0.001363605224469211
634.0 0.001380590310873231
635.0 0.0013975750334793702
636.0 0.0013890337868360803
637.0 0.0013804925401927903
638.0 0.0012275761037017219
639.0 0.001074659394362243
640.0 0.001230369343829807
641.0 0.0013860790204489604
642.0 0.0012952306860825047
643.0 0.0012043820788676385
644.0 0.0010846571967704222
645.0 0.0009649324965721462
646.0 0.0011100406482000835
647.0 0.001255148890777491
648.0 0.00119844244181877
649.0 0.0011417358109611087
650.0 0.001118339059758
651.0 0.0010949423995043617
652.0 0.0011082005585194565
653.0 0.0011214588084840216
654.0 0.0011225936759728938
655.0 0.0011237287253607064
656.0 0.0011146815268148202
657.0 0.0011056344192184042
658.0 0.0011085629012086429
659.0 0.001111491656047292
660.0 0.0010690949238778558
661.0 0.0010266980098094791
662.0 0.0010675990779418498
663.0 0.0011085001460742205
664.0 0.0011192127203685232
665.0 0.0011299252037133556
666.0 0.0010808365004777443
667.0 0.001031747342494782
668.0 0.0010798495168273803
669.0 0.0011279517821094487
670.0 0.0010545255463512149
671.0 0.000981099310592981
672.0 0.001019914725475246
673.0 0.0010587302313069813
674.0 0.0010332983038097154
675.0 0.0010078663763124496
676.0 0.001031214287650073
677.0 0.0010545619261392858
678.0 0.0010091343938256614
679.0 0.0009637069524615072
680.0 0.000950072080740938
681.0 0.0009364374818687793
682.0 0.0009840364327828865
683.0 0.0010316353836969938
684.0 0.0010027681128121912
685.0 0.0009739009328768589
686.0 0.0009973721716960426
687.0 0.0010208435014646966
688.0 0.00102265612440533
689.0 0.0010244686563964933
690.0 0.0010259215741825756
691.0 0.0010273744010191876
692.0 0.0010749869943538215
693.0 0.0011225995876884554
694.0 0.0011444429219409358
695.0 0.0011662864380923565
696.0 0.0010995408956659958
697.0 0.0010327952622901648
698.0 0.0011088072824350093
699.0 0.0011848191206809133
700.0 0.0011674796951410826
701.0 0.0011501401786517818
702.0 0.001202590010507265
703.0 0.0012550397514132783
704.0 0.0011569595699256752
705.0 0.0010588789336907212
706.0 0.0011197386811545584
707.0 0.0011805984286183957
708.0 0.0011630490007519256
709.0 0.0011454996638349257
710.0 0.0012095213605789468
711.0 0.0012735434211208485
712.0 0.0012329042874625884
713.0 0.0011922650628548581
714.0 0.0012606867130671162
715.0 0.0013291083632793743
716.0 0.0014843522876617499
717.0 0.0016395963029935956
718.0 0.0018823073332896456
719.0 0.0021250187273835763
720.0 0.0018018254195339978
721.0 0.001478632020734949
722.0 0.0015080277080414817
723.0 0.0015374234862974845
724.0 0.0016657673768349923
725.0 0.0017941114492714405
726.0 0.0018846316379494965
727.0 0.001975151644728612
728.0 0.0020847650375799276
729.0 0.002194378430431243
730.0 0.0022223417545319535
731.0 0.0022503052605316043
732.0 0.0020314490029704757
733.0 0.0018125929273082875
734.0 0.0014770052075618878
735.0 0.001141417396866018
736.0 0.0010488531188457273
737.0 0.0009562889317749068
738.0 0.0008912861630960833
739.0 0.0008262835763162002
740.0 0.0008264448297268245
741.0 0.0008266060831374489
742.0 0.0008890681783668697
743.0 0.0009515304554952309
744.0 0.0009075622074306011
745.0 0.0008635941412649117
746.0 0.0007542115781689063
747.0 0.0006448290150729008
748.0 0.0007541446848335909
749.0 0.0008634602636448108
750.0 0.000879368235473521
751.0 0.0008952762982517015
752.0 0.0008912590601539705
753.0 0.0008872416401572991
754.0 0.0009508611583441962
755.0 0.0010144806765310932
756.0 0.0009340857104689348
757.0 0.0008536909263057169
758.0 0.0008389759386773221
759.0 0.0008242609510489274
760.0 0.000856661699799588
761.0 0.000889062175701838
762.0 0.0007746109076833818
763.0 0.0006601596396649256
764.0 0.0006932918950042222
765.0 0.0007264242412929889
766.0 0.0007664268196094781
767.0 0.000806429216027027
768.0 0.0007016461040620925
769.0 0.0005968629011476878
770.0 0.0006224707703950116
771.0 0.0006480786396423355
772.0 0.0006115139512985479
773.0 0.0005749491265305551
774.0 0.0006631801170442486
775.0 0.000751411016608472
776.0 0.0007420863312290749
777.0 0.0007327615549002076
778.0 0.0006742458936059847
779.0 0.0006157301868370268
780.0 0.0005118294211570174
781.0 0.00040792870095174294
782.0 0.0004661052571464097
783.0 0.0005242818133410765
784.0 0.00043947134145128075
785.0 0.0003546609150362201
786.0 0.0003774147899093805
787.0 0.00040016866478254087
788.0 0.0003239052148273913
789.0 0.00024764176487224177
790.0 0.00045630931708728895
791.0 0.0006649769147770712
792.0 0.0004528677891357802
793.0 0.0002407586862318567
794.0 0.00022641524992650375
795.0 0.0002120717681464157
796.0 0.00032169671158044366
797.0 0.000431321586802369
798.0 0.00038486969060613774
799.0 0.00033841772619780386
800.0 0.0004063843334733974
801.0 0.0004743510544358287
802.0 0.0003683848490254604
803.0 0.0002624187118271948
804.0 0.0003939538146369159
805.0 0.0005254888947092695
806.0 0.0004219863058096962
807.0 0.0003184836259606527
808.0 0.00033727201298461296
809.0 0.00035606037727120565
810.0 0.00034781796784955077
811.0 0.0003395755129531608
812.0 0.00035183420550310984
813.0 0.000364092943527794
814.0 0.0003743611841855454
815.0 0.0003846294475806644
816.0 0.0004389336481835926
817.0 0.0004932378487865208
818.0 0.0004015211743535474
819.0 0.000309804499920574
820.0 0.00044454645831137896
821.0 0.0005792884167021839
822.0 0.0005756618065788643
823.0 0.0005720351509808097
824.0 0.0004957559212925844
825.0 0.0004194765551801538
826.0 0.00047660701056884136
827.0 0.000533737511432264
828.0 0.00041784578570513986
829.0 0.0003019540372406482
830.0 0.0004250936399330385
831.0 0.0005482331744133262
832.0 0.0005674519798049005
833.0 0.0005866707851964748
834.0 0.0004494394943321822
835.0 0.0003122082716799923
836.0 0.00046788622967142146
837.0 0.0006235642104002181
838.0 0.0005849464741913835
839.0 0.0005463287379825488
840.0 0.0005163024525245419
841.0 0.0004862761215917999
842.0 0.0005069535745860776
843.0 0.0005276309821056202
844.0 0.0005561919351748656
845.0 0.0005847529337188462
846.0 0.0004582304427458439
847.0 0.0003317079517728416
848.0 0.000394820290239295
849.0 0.00045793258323101327
850.0 0.0003768014721572399
851.0 0.000295670338346099
852.0 0.0002862731662389706
853.0 0.00027687599413184216
854.0 0.00047074167923710775
855.0 0.0006646073870797409
856.0 0.0005287467047310201
857.0 0.0003928860223822994
858.0 0.0003771838009924977
859.0 0.00036148155686532846
860.0 0.0003755635589186568
861.0 0.00038964553823461756
862.0 0.00045151336962589994
863.0 0.0005133811555424472
864.0 0.0005218059413891751
865.0 0.0005302306817611679
866.0 0.0006122661488916492
867.0 0.0006943016160221305
868.0 0.0005964775482425466
869.0 0.0004986534349882277
870.0 0.0004437420557223959
871.0 0.0003888307219312992
872.0 0.00042426800064276904
873.0 0.0004597052793542389
874.0 0.000500204896525247
875.0 0.0005407045136962552
876.0 0.0004935764991387259
877.0 0.0004464484391064616
878.0 0.0004675513082474936
879.0 0.0004886541773885256
880.0 0.0006513511380035197
881.0 0.0008140482350427192
882.0 0.0005810652055515675
883.0 0.000348082267009886
884.0 0.0004401940259413095
885.0 0.0005323057848727331
886.0 0.0006274238330661319
887.0 0.0007225419267342659
888.0 0.0007140102297853446
889.0 0.0007054784418869531
890.0 0.0006772892902517924
891.0 0.0006491000931418967
892.0 0.0006517295787489275
893.0 0.0006543592917296337
894.0 0.0005406101081462111
895.0 0.00042686101551225875
896.0 0.00041301177589048166
897.0 0.00039916258174343966
898.0 0.0003989236120105488
899.0 0.000398684642277658
900.0 0.0003467584974714555
901.0 0.00029483244361472316
902.0 0.00037250674722599797
903.0 0.00045018109631200787
904.0 0.00043670484046742786
905.0 0.00042322858462284785
906.0 0.00048812958084454294
