lsstCam/transmission_filter_detector/r24_s20/g_6/19700101T000000.ecsv
# %ECSV 1.0
# ---
# datatype:
# - {name: wavelength, unit: nm, datatype: float32}
# - {name: efficiency, unit: '%', datatype: float64}
# meta: !!omap
# - {MODE: DETECTOR}
# - {TYPE: transmission_filter_detector}
# - {CALIBDATE: '1970-01-01T00:00:00'}
# - {INSTRUME: LSSTCam}
# - {OBSTYPE: transmission_filter_detector}
# - {CALIBCLS: lsst.ip.isr.IntermediateFilterDetectorTransmissionCurve}
# - {SOURCE: Materion (DM-46256)}
# - {DETECTOR: 114}
# - {FILTER: g_6}
# - {CALIB_ID: 'calibDate=1970-01-01T00:00:00 filter=g_6 detector=114'}
# - {DATE: '2025-04-02T15:59:42.555808'}
# - {CALIB_CREATION_DATE: '2025-04-02'}
# - {CALIB_CREATION_TIME: '15:59:42'}
# - __serialized_columns__:
#     efficiency:
#       __class__: astropy.units.quantity.Quantity
#       unit: !astropy.units.Unit {unit: '%'}
#       value: !astropy.table.SerializedColumn {name: efficiency}
#     wavelength:
#       __class__: astropy.units.quantity.Quantity
#       unit: !astropy.units.Unit {unit: nm}
#       value: !astropy.table.SerializedColumn {name: wavelength}
# schema: astropy-2.0
wavelength efficiency
[from data line 608]
908.0 0.0004043124135932885
909.0 0.0002555943638071767
910.0 0.0003135355200356571
911.0 0.00037147665352676995
912.0 0.00042531328290351667
913.0 0.0004791498213307932
914.0 0.00044218722905498
915.0 0.00040522459130443167
916.0 0.00035955290513811633
917.0 0.00031388130992127117
918.0 0.00040810696191329043
919.0 0.0005023326139053097
920.0 0.0004750112111651106
921.0 0.00044768980842491146
922.0 0.00042100891732843593
923.0 0.0003943280262319604
924.0 0.0003892228505719686
925.0 0.0003841176749119768
926.0 0.00038559137465199456
927.0 0.0003870651198667474
928.0 0.0005028355644753901
929.0 0.000618606100033503
930.0 0.0005189209787204163
931.0 0.0004192357664578594
932.0 0.0005238972335064318
933.0 0.0006285587915044744
934.0 0.0006032715646142606
935.0 0.0005779843831987819
936.0 0.0005367844096326735
937.0 0.0004955844815413002
938.0 0.0004814624389837263
939.0 0.0004673405328503577
940.0 0.0005154274276719661
941.0 0.0005635142315441044
942.0 0.0005592217348748818
943.0 0.0005549292382056592
944.0 0.0007296712738025235
945.0 0.0009044132639246527
946.0 0.0009699372640170623
947.0 0.0010354612641094718
948.0 0.0008765764505369589
949.0 0.000717691682439181
950.0 0.0007498597824451281
951.0 0.00078202783697634
952.0 0.0008784099009062629
953.0 0.0009747917829372454
954.0 0.000940657173487125
955.0 0.0009065223821380641
956.0 0.0008146349500748329
957.0 0.0007227475180116016
958.0 0.0006802701136621181
959.0 0.0006377927093126345
960.0 0.0007096094577718759
961.0 0.0007814260243321769
962.0 0.000725776908439002
963.0 0.0006701276561216218
964.0 0.0005648309070238611
965.0 0.00045953397602715995
966.0 0.0005292323294270318
967.0 0.0005989306828269036
968.0 0.0006379833848768612
969.0 0.0006770360414520837
970.0 0.0006042645509296563
971.0 0.0005314929239830235
972.0 0.0007437815838784445
973.0 0.0009560702892486006
974.0 0.0009084991688723676
975.0 0.0008609280484961346
976.0 0.0007999764420674182
977.0 0.000739024881113437
978.0 0.0008364629138668533
979.0 0.0009339010830444749
980.0 0.0009422871698916424
981.0 0.0009506732567388099
982.0 0.0009617922842153348
983.0 0.0009729114935908001
984.0 0.00110276459963643
985.0 0.0012326176147325896
986.0 0.0012310585589148104
987.0 0.0012294995030970313
988.0 0.0012849553968408145
989.0 0.0013404111086856574
990.0 0.0013729910278925672
991.0 0.0014055706742510665
992.0 0.00131880015032948
993.0 0.0012320296264078934
994.0 0.0012851795872848015
995.0 0.00133832973006065
996.0 0.0013488831427821424
997.0 0.001359436646453105
998.0 0.0013047496395302005
999.0 0.0012500626326072961
1000.0 0.0012021604561596178
1001.0 0.0011542578249645885
1002.0 0.0013020572623645421
1003.0 0.0014498565178655554
1004.0 0.0014022365576238371
1005.0 0.001354616597382119
1006.0 0.00147544169522007
1007.0 0.0015962667021085508
1008.0 0.001502389568486251
1009.0 0.001408512434863951
1010.0 0.0015269413779606111
1011.0 0.0016453705029562116
1012.0 0.0017404319805791602
1013.0 0.0018354934582021087
1014.0 0.0019941653590649366
1015.0 0.002152837078028824
1016.0 0.00239105720538646
1017.0 0.0026292773327440955
1018.0 0.0027941456210101023
1019.0 0.0029590144549729303
1020.0 0.0032396048482041806
1021.0 0.0035201959690311924
1022.0 0.0035379245673539117
1023.0 0.003555653165676631
1024.0 0.0037086007068865
1025.0 0.003861548248096369
1026.0 0.004146604624111205
1027.0 0.004431660636328161
1028.0 0.004708412598120049
1029.0 0.004985165287507698
1030.0 0.004906397225568071
1031.0 0.004827628799830563
1032.0 0.00498777226312086
1033.0 0.005147914998815395
1034.0 0.005386311386246234
1035.0 0.005624707773677073
1036.0 0.0056660599511815235
1037.0 0.005707412128685974
1038.0 0.005963169678580016
1039.0 0.0062189268646761775
1040.0 0.006271513120736927
1041.0 0.006324098649201915
1042.0 0.0065696294768713415
1043.0 0.006815160304540768
1044.0 0.007271082722581923
1045.0 0.007727005140623078
1046.0 0.008683131454745308
1047.0 0.009639256313676015
1048.0 0.010833406122401357
1049.0 0.012027555931126699
1050.0 0.014345014642458409
1051.0 0.016662472626194358
1052.0 0.020151867647655308
1053.0 0.023641265579499304
1054.0 0.0288670213194564
1055.0 0.0340927712386474
1056.0 0.040458908188156784
1057.0 0.04682504222728312
1058.0 0.05438125226646662
1059.0 0.061937468126416206
1060.0 0.0700126402080059
1061.0 0.0780878181103617
1062.0 0.08516155648976564
1063.0 0.09223526576533914
1064.0 0.09792307391762733
1065.0 0.10361085878685117
1066.0 0.1090959063731134
1067.0 0.11458097724243999
1068.0 0.12158339377492666
1069.0 0.12858581030741334
1070.0 0.13861478073522449
1071.0 0.14864372787997127
1072.0 0.16050244448706508
1073.0 0.1723611494526267
1074.0 0.18562753684818745
1075.0 0.1988939242437482
1076.0 0.21221998613327742
1077.0 0.22554609458893538
1078.0 0.23846793919801712
1079.0 0.2513897605240345
1080.0 0.26884644757956266
1081.0 0.2863030880689621
1082.0 0.3111551981419325
1083.0 0.33600733149796724
1084.0 0.3782740095630288
1085.0 0.42054071091115475
1086.0 0.4554376471787691
1087.0 0.49033453688025475
1088.0 0.5507960449904203
1089.0 0.6112574599683285
1090.0 0.6883501075208187
1091.0 0.7654428482055664
1092.0 0.8001687005162239
1093.0 0.8348945528268814
1094.0 0.8736452087759972
1095.0 0.9123959578573704
1096.0 0.9585119783878326
1097.0 1.0046279057860374
1098.0 1.0743770748376846
1099.0 1.1441262438893318
1100.0 1.2621653266251087
1101.0 1.3802043162286282
