lsstCam/transmission_filter_detector/r11_s20/u_24/19700101T000000.ecsv
# %ECSV 1.0
# ---
# datatype:
# - {name: wavelength, unit: nm, datatype: float32}
# - {name: efficiency, unit: '%', datatype: float64}
# meta: !!omap
# - {MODE: DETECTOR}
# - {TYPE: transmission_filter_detector}
# - {CALIBDATE: '1970-01-01T00:00:00'}
# - {INSTRUME: LSSTCam}
# - {OBSTYPE: transmission_filter_detector}
# - {CALIBCLS: lsst.ip.isr.IntermediateFilterDetectorTransmissionCurve}
# - {SOURCE: Materion (DM-46256)}
# - {DETECTOR: 42}
# - {FILTER: u_24}
# - {CALIB_ID: 'calibDate=1970-01-01T00:00:00 filter=u_24 detector=42'}
# - {DATE: '2025-04-02T15:59:39.943757'}
# - {CALIB_CREATION_DATE: '2025-04-02'}
# - {CALIB_CREATION_TIME: '15:59:39'}
# - __serialized_columns__:
#     efficiency:
#       __class__: astropy.units.quantity.Quantity
#       unit: !astropy.units.Unit {unit: '%'}
#       value: !astropy.table.SerializedColumn {name: efficiency}
#     wavelength:
#       __class__: astropy.units.quantity.Quantity
#       unit: !astropy.units.Unit {unit: nm}
#       value: !astropy.table.SerializedColumn {name: wavelength}
# schema: astropy-2.0
wavelength efficiency
295.0 1.597903558601954e-10
296.0 1.597903558601954e-10
297.0 1.597903558601954e-10
298.0 1.597903558601954e-10
299.0 1.597903558601954e-10
300.0 1.597903558601954e-10
301.0 0.06741572869941592
302.0 0.20108851604163647
303.0 1.597903558601954e-10
304.0 0.058002566220238805
305.0 0.5046574864536524
306.0 1.5882406383752823
307.0 3.102531284093857
308.0 5.126754939556122
309.0 8.243456482887268
310.0 11.499501019716263
311.0 15.414395928382874
312.0 19.086003303527832
313.0 22.30341136455536
314.0 25.3973126411438
315.0 27.788352966308594
316.0 29.930508136749268
317.0 32.38318860530853
318.0 35.08937358856201
319.0 38.8141930103302
320.0 44.04193162918091
321.0 49.43937361240387
322.0 55.41210174560547
323.0 60.9405517578125
324.0 65.67578315734863
325.0 68.85741949081421
326.0 71.34321331977844
327.0 73.21910858154297
328.0 74.91146326065063
329.0 76.31125450134277
330.0 77.6872992515564
331.0 78.53021621704102
332.0 78.8922905921936
333.0 79.14358377456665
334.0 78.85912656784058
335.0 79.02342081069946
336.0 79.17161583900452
337.0 79.72630858421326
338.0 80.54024577140808
339.0 81.11284375190735
340.0 81.49362206459045
341.0 82.0712149143219
342.0 82.34560489654541
343.0 82.29278326034546
344.0 82.54544138908386
345.0 82.9465389251709
346.0 83.2232654094696
347.0 83.52174758911133
348.0 83.86251926422119
349.0 83.99128913879395
350.0 84.11058783531189
351.0 84.26793813705444
352.0 84.18923020362854
353.0 84.15955305099487
354.0 84.00273323059082
355.0 84.29402112960815
356.0 84.45854187011719
357.0 84.36797857284546
358.0 84.07439589500427
359.0 83.84629487991333
360.0 83.66925120353699
361.0 83.52879285812378
362.0 83.35878252983093
363.0 83.4225058555603
364.0 83.58842730522156
365.0 83.77899527549744
366.0 84.07783508300781
367.0 84.1135323047638
368.0 84.11889672279358
369.0 84.13885831832886
370.0 83.80579948425293
371.0 83.6496889591217
372.0 83.7049126625061
373.0 83.73565673828125
374.0 83.79906415939331
375.0 84.08277034759521
376.0 84.18732285499573
377.0 84.21459197998047
378.0 84.34930443763733
379.0 84.06787514686584
380.0 83.38121175765991
381.0 82.19425678253174
382.0 80.45574426651001
383.0 78.51662039756775
384.0 76.42459273338318
385.0 74.10325407981873
386.0 71.68253064155579
387.0 68.42172741889954
388.0 65.18818140029907
389.0 61.261534690856934
390.0 57.228922843933105
391.0 52.95928120613098
392.0 48.48451316356659
393.0 44.68397498130798
394.0 41.428059339523315
395.0 38.07678520679474
396.0 34.50796902179718
397.0 29.786160588264465
398.0 24.277108907699585
399.0 17.539609968662262
400.0 11.25229001045227
401.0 6.302906572818756
402.0 2.8313931077718735
403.0 0.9384590201079845
404.0 0.2629303839057684
405.0 0.15228448901325464
406.0 0.04870673001278192
407.0 0.012441609578672796
408.0 0.016617943765595555
409.0 1.597903558601954e-10
410.0 1.597903558601954e-10
411.0 1.597903558601954e-10
412.0 1.597903558601954e-10
413.0 1.597903558601954e-10
414.0 1.597903558601954e-10
415.0 1.597903558601954e-10
416.0 1.597903558601954e-10
417.0 1.597903558601954e-10
418.0 1.597903558601954e-10
419.0 1.597903558601954e-10
420.0 1.597903558601954e-10
421.0 1.597903558601954e-10
422.0 1.597903558601954e-10
423.0 1.597903558601954e-10
424.0 1.597903558601954e-10
425.0 1.597903558601954e-10
426.0 1.597903558601954e-10
427.0 1.597903558601954e-10
428.0 1.597903558601954e-10
429.0 0.00032926325275184354
430.0 0.00130718099171645
431.0 0.000689490525473957
432.0 7.180009333751514e-05
433.0 0.0006595581908186432
434.0 0.001247316504304763
435.0 0.0016121168300742283
436.0 0.001976917883439455
437.0 0.0004966091182723176
438.0 1.597903558601954e-10
439.0 5.531796887225937e-05
440.0 0.0010943359484372195
441.0 4.9813786517916014e-05
442.0 1.597903558601954e-10
443.0 1.597903558601954e-10
444.0 1.597903558601954e-10
445.0 1.597903558601954e-10
446.0 1.597903558601954e-10
447.0 1.597903558601954e-10
448.0 1.597903558601954e-10
449.0 1.597903558601954e-10
450.0 1.597903558601954e-10
451.0 1.597903558601954e-10
452.0 1.597903558601954e-10
453.0 0.00036161929983791197
454.0 0.0011956571142945904
455.0 0.0005551952199311927
456.0 1.597903558601954e-10
457.0 1.597903558601954e-10
458.0 1.597903558601954e-10
459.0 1.597903558601954e-10
460.0 1.597903558601954e-10
461.0 1.597903558601954e-10
462.0 1.597903558601954e-10
463.0 1.597903558601954e-10
464.0 0.0001614037273611757
465.0 0.00044623870962823275
466.0 0.0007310738510568626
467.0 9.393654920586414e-06
468.0 1.597903558601954e-10
469.0 6.733113764312293e-05
470.0 0.0008469484782835934
471.0 1.597903558601954e-10
472.0 1.597903558601954e-10
473.0 1.597903558601954e-10
474.0 1.597903558601954e-10
475.0 1.597903558601954e-10
476.0 1.597903558601954e-10
477.0 1.597903558601954e-10
478.0 1.5137175068957731e-06
479.0 1.597903558601954e-10
480.0 1.597903558601954e-10
481.0 1.597903558601954e-10
482.0 5.367233484321332e-05
483.0 1.597903558601954e-10
484.0 1.597903558601954e-10
485.0 1.597903558601954e-10
486.0 1.597903558601954e-10
487.0 1.597903558601954e-10
488.0 1.597903558601954e-10
489.0 1.597903558601954e-10
490.0 1.597903558601954e-10
491.0 1.597903558601954e-10
492.0 1.597903558601954e-10
493.0 1.597903558601954e-10
494.0 1.597903558601954e-10
495.0 7.76683862113714e-05
496.0 0.0007591901976411464
497.0 0.00036036708479514346
498.0 1.597903558601954e-10
499.0 1.597903558601954e-10
500.0 1.597903558601954e-10
501.0 1.597903558601954e-10
502.0 1.597903558601954e-10
503.0 1.597903558601954e-10
504.0 1.597903558601954e-10
505.0 1.597903558601954e-10
506.0 1.597903558601954e-10
507.0 1.597903558601954e-10
508.0 1.597903558601954e-10
509.0 1.597903558601954e-10
510.0 1.597903558601954e-10
511.0 1.597903558601954e-10
512.0 0.0006020699402142782
513.0 0.000392285619454924
514.0 0.0001825011963774159
515.0 0.0003844613729597768
516.0 0.0005864216745976591
517.0 1.597903558601954e-10
518.0 1.597903558601954e-10
519.0 1.597903558601954e-10
520.0 1.597903558601954e-10
521.0 0.0005737155333918054
522.0 0.0011546978385013063
523.0 0.0005623645847663283
524.0 1.597903558601954e-10
525.0 1.597903558601954e-10
526.0 1.597903558601954e-10
527.0 1.597903558601954e-10
528.0 1.597903558601954e-10
529.0 3.138992781259731e-05
530.0 0.00019228582459618337
531.0 0.0002225625166829559
532.0 0.0002528391405576258
533.0 1.597903558601954e-10
534.0 1.597903558601954e-10
535.0 1.597903558601954e-10
536.0 0.00011076538157794857
537.0 1.597903558601954e-10
538.0 1.597903558601954e-10
539.0 1.597903558601954e-10
540.0 1.597903558601954e-10
541.0 1.597903558601954e-10
542.0 1.597903558601954e-10
543.0 1.597903558601954e-10
544.0 1.597903558601954e-10
545.0 1.597903558601954e-10
546.0 1.597903558601954e-10
547.0 0.00017775024616639712
548.0 0.0003741886985153542
549.0 1.597903558601954e-10
550.0 1.597903558601954e-10
551.0 1.597903558601954e-10
552.0 1.597903558601954e-10
553.0 1.597903558601954e-10
554.0 1.597903558601954e-10
555.0 1.597903558601954e-10
556.0 1.597903558601954e-10
557.0 1.597903558601954e-10
558.0 1.597903558601954e-10
559.0 1.597903558601954e-10
560.0 0.00027824423796118936
561.0 6.35091055301018e-05
562.0 1.597903558601954e-10
563.0 1.597903558601954e-10
564.0 1.597903558601954e-10
565.0 1.597903558601954e-10
566.0 1.597903558601954e-10
567.0 1.597903558601954e-10
568.0 0.00015418756902363384
569.0 0.00023224965843837708
570.0 0.00031031165690365015
571.0 0.00032578579975961475
572.0 0.00034126014725188725
573.0 0.000409875019613537
574.0 0.00047849034672253765
575.0 0.00033542992241564207
576.0 0.00019236972548242193
577.0 0.00033696544505801285
578.0 0.0004815611191588687
579.0 0.00032058885608421406
580.0 0.00015961645658535417
581.0 0.0004726956831291318
582.0 0.0007857751370465849
583.0 0.001153818448074162
584.0 0.0015218619410006795
585.0 0.0010777956958918367
586.0 0.0006337291324598482
587.0 0.0009963436241378076
588.0 0.0013589582522399724
589.0 0.0010554424989095423
590.0 0.000751926563680172
591.0 0.000766072298574727
592.0 0.0007802180334692821
593.0 0.0006828392997704213
594.0 0.000585460247748415
595.0 0.0007990583071659785
596.0 0.0010126561392098665
597.0 0.0010417441444587894
598.0 0.0010708318768593017
599.0 0.0011502287634357344
600.0 0.0012296253771637566
601.0 0.0014628448298026342
602.0 0.0016960642824415118
603.0 0.0017918859157362022
604.0 0.0018877079128287733
605.0 0.0018656652173376642
606.0 0.0018436228856444359
607.0 0.0016556607079110108
608.0 0.0014676984392281156
609.0 0.000977032323135063
610.0 0.0004863661160925403
611.0 0.0006570638561242959
612.0 0.0008277616871055216
613.0 0.0006034040325175738
614.0 0.00037904649161646375
615.0 0.0007569524314021692
616.0 0.0011348584848747123
617.0 0.0009594435141480062
618.0 0.0007840288162697107
619.0 0.0005815254553453997
620.0 0.00037902239000686677
621.0 0.0006384698281181045
622.0 0.0008979171980172396
623.0 0.000615032058703946
624.0 0.00033214678296644706
625.0 0.0005302439149090787
626.0 0.0007283410468517104
627.0 0.0007105304121068912
628.0 0.0006927199592610123
629.0 0.0006299056622083299
630.0 0.0005670914561051177
631.0 0.0011892543625435792
632.0 0.0018114171325578354
633.0 0.0016094863894977607
634.0 0.0014075557373871561
635.0 0.0019583985704230145
636.0 0.0025092411306104623
637.0 0.0025333163648610935
638.0 0.002557391235313844
639.0 0.0022379632355296053
640.0 0.0019185352357453667
641.0 0.0015174026884778868
642.0 0.0011162702321598772
643.0 0.0006951154318812769
644.0 0.00027396056339057395
645.0 0.000233234300139884
646.0 0.00019250794593972387
647.0 8.822999575386348e-05
648.0 1.597903558601954e-10
649.0 0.00011959714356635232
650.0 0.0002552420937718125
651.0 0.0005077164587419247
652.0 0.0007601910056109773
653.0 0.0012464858627936337
654.0 0.0017327804016531445
655.0 0.001451919615647057
656.0 0.0011710586477420293
657.0 0.0021769057639176026
658.0 0.003182753425789997
659.0 0.0035194814699934795
660.0 0.0038562091503990814
661.0 0.004023277142550796
662.0 0.00419034477090463
663.0 0.0035299137380206957
664.0 0.0028694830689346418
665.0 0.0025822084353421815
666.0 0.002294933619850781
667.0 0.0018757356883725151
668.0 0.0014565372111974284
669.0 0.0011015358722943347
670.0 0.0007465344879165059
671.0 0.0005724070433643647
672.0 0.00039827950786275323
673.0 0.00015256284768838668
674.0 1.597903558601954e-10
675.0 0.00028353902052913327
676.0 0.0006602319444937166
677.0 0.001203907777380664
678.0 0.0017475838831160218
679.0 0.0018791595721268095
680.0 0.002010735079238657
681.0 0.0027673069780576043
682.0 0.0035238786949776113
683.0 0.004890988202532753
684.0 0.006258098437683657
685.0 0.006827081233495846
686.0 0.00739606621209532
687.0 0.007475810707546771
688.0 0.0075555544754024595
689.0 0.006643204687861726
690.0 0.005730857083108276
691.0 0.0049833812227007
692.0 0.004235905726091005
693.0 0.003536676013027318
694.0 0.00283744593616575
695.0 0.0023851111109252088
696.0 0.0019327764675836079
697.0 0.0015089613043528516
698.0 0.0010851461411220953
699.0 0.000870811527420301
700.0 0.0006564767318195663
701.0 0.00041489183786325157
702.0 0.00017330713717456092
703.0 0.00037077966226206627
704.0 0.0005682523806171957
705.0 0.0006322268745861948
706.0 0.0006962015504541341
707.0 0.0008009546945686452
708.0 0.0009057075658347458
709.0 0.0007321068551391363
710.0 0.0005585059625445865
711.0 0.0007824565727787558
712.0 0.001006407092063455
713.0 0.0008982712643046398
714.0 0.0007901355274952948
715.0 0.0007729225217190105
716.0 0.0007557095614174614
717.0 0.0007017546977294842
718.0 0.0006477997430920368
719.0 0.0005826299911859678
720.0 0.0005174601483304286
721.0 0.000642741269984981
722.0 0.0007680224371142685
723.0 0.0005688849796570139
724.0 0.0003697474994623917
725.0 0.0002138321860911674
726.0 5.791677040178911e-05
727.0 0.0002597670345494407
728.0 0.0004616173555405112
729.0 0.00019733329281734768
730.0 1.597903558601954e-10
731.0 1.597903558601954e-10
732.0 1.9253738514635188e-05
733.0 1.597903558601954e-10
734.0 1.597903558601954e-10
735.0 0.00021249850306048756
736.0 0.0006346485406538704
737.0 0.0005224139840720454
738.0 0.00041017933654075023
739.0 0.0003884132638631854
740.0 0.000366647122973518
741.0 0.0007296753665286815
742.0 0.0010927037692454178
743.0 0.0013294992641021963
744.0 0.0015662944861105643
745.0 0.002055912045761943
746.0 0.002545529423514381
747.0 0.003363656287547201
748.0 0.004181782423984259
749.0 0.003889204890583642
750.0 0.003596627720980905
751.0 0.0037883404729655012
752.0 0.003980053588747978
753.0 0.0032472606108058244
754.0 0.0025144676328636706
755.0 0.0025451381588936783
756.0 0.002575809230620507
757.0 0.0021231366190477274
758.0 0.0016704638255760074
759.0 0.0013173131264920812
760.0 0.000964162427408155
761.0 0.0010038758773589507
762.0 0.0010435894182592165
763.0 0.0007960513357829768
764.0 0.0005485132078320021
765.0 0.000630988643024466
766.0 0.0007134640782169299
767.0 0.0006754224614269333
768.0 0.0006373807082127314
769.0 0.0005987231361359591
770.0 0.0005600653821602464
771.0 0.00040834393075783737
772.0 0.0002566223429312231
773.0 0.00030057603908062447
774.0 0.0003445296670179232
775.0 0.00030872492970956955
776.0 0.00027292016966384836
777.0 0.0004811881353816716
778.0 0.0006894558282510843
779.0 0.0008277739652839955
780.0 0.0009660919204179663
781.0 0.00097984702733811
782.0 0.0009936021342582535
783.0 0.0008480896212859079
784.0 0.0007025770628388273
785.0 0.0009156105988950003
786.0 0.0011286439075774979
787.0 0.0010724245839810465
788.0 0.0010162048965867143
789.0 0.0009557080375088844
790.0 0.0008952111784310546
791.0 0.0009001872967928648
792.0 0.0009051631423062645
793.0 0.00044509474719234277
794.0 1.597903558601954e-10
795.0 9.345853868580889e-05
796.0 0.00020189063434372656
797.0 0.0002645289441716159
798.0 0.00032716727673687274
799.0 0.00010153735274798237
800.0 1.597903558601954e-10
801.0 1.597903558601954e-10
802.0 1.597903558601954e-10
803.0 5.7249227580769e-06
804.0 0.0003045966650461196
805.0 1.597903558601954e-10
806.0 1.597903558601954e-10
807.0 1.597903558601954e-10
808.0 1.597903558601954e-10
809.0 0.0001573959480083431
810.0 0.0007097072284523165
811.0 5.567994207922311e-05
812.0 1.597903558601954e-10
813.0 1.597903558601954e-10
814.0 0.0005428901204140857
815.0 0.0005712043730454752
816.0 0.0005995183073537191
817.0 0.00033887029076140607
818.0 7.822224006304168e-05
819.0 5.5737820048307185e-05
820.0 3.325353077343607e-05
821.0 1.597903558601954e-10
822.0 1.597903558601954e-10
823.0 1.597903558601954e-10
824.0 2.643832601734175e-05
825.0 1.597903558601954e-10
826.0 1.597903558601954e-10
827.0 0.00010432189583298168
828.0 0.0004885443559032865
829.0 0.0003846708295895951
830.0 0.00028079768981115194
831.0 1.597903558601954e-10
832.0 1.597903558601954e-10
833.0 1.597903558601954e-10
834.0 1.597903558601954e-10
835.0 1.597903558601954e-10
836.0 1.597903558601954e-10
837.0 1.597903558601954e-10
838.0 1.597903558601954e-10
839.0 1.597903558601954e-10
840.0 1.597903558601954e-10
841.0 1.597903558601954e-10
842.0 1.597903558601954e-10
843.0 1.597903558601954e-10
844.0 3.872793286063825e-05
845.0 6.735400575053063e-05
846.0 9.597999905963661e-05
847.0 3.165922066727944e-05
848.0 1.597903558601954e-10
849.0 5.461944851958833e-05
850.0 0.00014190034107741667
851.0 0.0002555107812440838
852.0 0.0003691212896228535
853.0 6.626531785514089e-05
854.0 1.597903558601954e-10
855.0 1.597903558601954e-10
856.0 1.597903558601954e-10
857.0 0.00024171126824512612
858.0 0.0006898643732711207
859.0 0.0006236126409930876
860.0 0.0005573608632403193
861.0 0.0006521112482005265
862.0 0.0007468614967365284
863.0 0.000788815214036731
864.0 0.0008307686584885232
865.0 0.001401400822942378
866.0 0.0019720328054972924
867.0 0.0018149097741115838
868.0 0.0016577872884226963
869.0 0.001429861549695488
870.0 0.0012019356290693395
871.0 0.0013727266377827618
872.0 0.0015435172826983035
873.0 0.0017919985111802816
874.0 0.0020404795577633195
875.0 0.0020851481167483144
876.0 0.0021298168576322496
877.0 0.0020573697838699445
878.0 0.0019849232558044605
879.0 0.002168102037103381
880.0 0.0023512813640991226
