lsstCam/transmission_filter_detector/r11_s20/u_24/19700101T000000.ecsv
# %ECSV 1.0
# ---
# datatype:
# - {name: wavelength, unit: nm, datatype: float32}
# - {name: efficiency, unit: '%', datatype: float64}
# meta: !!omap
# - {MODE: DETECTOR}
# - {TYPE: transmission_filter_detector}
# - {CALIBDATE: '1970-01-01T00:00:00'}
# - {INSTRUME: LSSTCam}
# - {OBSTYPE: transmission_filter_detector}
# - {CALIBCLS: lsst.ip.isr.IntermediateFilterDetectorTransmissionCurve}
# - {SOURCE: Materion (DM-46256)}
# - {DETECTOR: 42}
# - {FILTER: u_24}
# - {CALIB_ID: 'calibDate=1970-01-01T00:00:00 filter=u_24 detector=42'}
# - {DATE: '2025-04-02T15:59:39.943757'}
# - {CALIB_CREATION_DATE: '2025-04-02'}
# - {CALIB_CREATION_TIME: '15:59:39'}
# - __serialized_columns__:
#     efficiency:
#       __class__: astropy.units.quantity.Quantity
#       unit: !astropy.units.Unit {unit: '%'}
#       value: !astropy.table.SerializedColumn {name: efficiency}
#     wavelength:
#       __class__: astropy.units.quantity.Quantity
#       unit: !astropy.units.Unit {unit: nm}
#       value: !astropy.table.SerializedColumn {name: wavelength}
# schema: astropy-2.0
wavelength efficiency
[from data line 587]
882.0 0.0026937463189824484
883.0 0.0026410018108435906
884.0 0.0025882580303004943
885.0 0.0023338587197940797
886.0 0.0020794597730855457
887.0 0.002070062873826828
888.0 0.00206066597456811
889.0 0.0020830797438975424
890.0 0.0021054933313280344
891.0 0.002240835419797804
892.0 0.0023761773263686337
893.0 0.0025027775336639024
894.0 0.0026293773771612905
895.0 0.002931530798377935
896.0 0.003233684037695639
897.0 0.003548429231159389
898.0 0.003863174424623139
899.0 0.004008991163573228
900.0 0.0041548079025233164
901.0 0.004105098196305335
902.0 0.004055389217683114
903.0 0.00438417264376767
904.0 0.004712955706054345
905.0 0.004758583236252889
906.0 0.004804210402653553
907.0 0.005262065678834915
908.0 0.0057199213188141584
909.0 0.00561085034860298
910.0 0.005501779742189683
911.0 0.005702442285837606
912.0 0.00590310555708129
913.0 0.005687682278221473
914.0 0.005472258999361657
915.0 0.00512749538756907
916.0 0.004782731411978602
917.0 0.004343428372521885
918.0 0.003904125333065167
919.0 0.004182178963674232
920.0 0.004460232230485417
921.0 0.004590327080222778
922.0 0.00472042229375802
923.0 0.005208077709539793
924.0 0.005695731670130044
925.0 0.005993591184960678
926.0 0.006291451427387074
927.0 0.00676279523759149
928.0 0.007234136137412861
929.0 0.007311780063901097
930.0 0.007389423990389332
931.0 0.007110642036423087
932.0 0.006831859354861081
933.0 0.006721065437886864
934.0 0.006610271520912647
935.0 0.007114254549378529
936.0 0.00761823685024865
937.0 0.007360940799117088
938.0 0.007103647658368573
939.0 0.007253063813550398
940.0 0.007402479968732223
941.0 0.0062628947489429265
942.0 0.005123308437759988
943.0 0.004237547182128765
944.0 0.003351786654093303
945.0 0.0026541973056737334
946.0 0.0019566081391531043
947.0 0.0017507391021354124
948.0 0.0015448698832187802
949.0 0.0014582516087102704
950.0 0.0013716332432522904
951.0 0.0012532794244179968
952.0 0.001134925514634233
953.0 0.0012258104106877
954.0 0.0013166955795895774
955.0 0.001883041659311857
956.0 0.0024493876480846666
957.0 0.0025610183001845144
958.0 0.0026726485884864815
959.0 0.0028550739443744533
960.0 0.0030374985726666637
961.0 0.003611379361245781
962.0 0.004185259967925958
963.0 0.004484402234083973
964.0 0.004783544864039868
965.0 0.00448833015980199
966.0 0.004193116183159873
967.0 0.004409313987707719
968.0 0.004625512519851327
969.0 0.004754556357511319
970.0 0.004883599831373431
971.0 0.004851139601669274
972.0 0.004818679008167237
973.0 0.004512305167736486
974.0 0.0042059309635078534
975.0 0.0041745144699234515
976.0 0.004143097612541169
977.0 0.003652147643151693
978.0 0.0031611973099643365
979.0 0.0030113267712295055
980.0 0.0028614562324946746
981.0 0.002514351399440784
982.0 0.002167246384487953
983.0 0.0026275352865923196
984.0 0.003087823642999865
985.0 0.003489746814011596
986.0 0.003891670348821208
987.0 0.004089636786375195
988.0 0.00428760249633342
989.0 0.005124642120790668
990.0 0.005961681017652154
991.0 0.006074194243410602
992.0 0.0061867074691690505
993.0 0.006274008774198592
994.0 0.006361310079228133
995.0 0.005953130676061846
996.0 0.005544948362512514
997.0 0.005276582305668853
998.0 0.005008218795410357
999.0 0.005772886288468726
1000.0 0.006537552690133452
1001.0 0.006383258732967079
1002.0 0.006228961865417659
1003.0 0.005988038174109533
1004.0 0.005747111572418362
1005.0 0.005804230386274867
1006.0 0.005861349200131372
1007.0 0.0056497032346669585
1008.0 0.00543805472261738
1009.0 0.004829332101508044
1010.0 0.004220609480398707
1011.0 0.003999827094958164
1012.0 0.003779045073315501
1013.0 0.0031530278647551313
1014.0 0.0025270102923968807
1015.0 0.0022907444872544147
1016.0 0.0020544785002130084
1017.0 0.001712508856144268
1018.0 0.0013705390301765874
1019.0 0.0014032417311682366
1020.0 0.0014359442502609454
1021.0 0.0011772983270930126
1022.0 0.00091865249487455
1023.0 0.0010049359843833372
1024.0 0.0010912194738921244
1025.0 0.0011898295269929804
1026.0 0.0012884397619927768
1027.0 0.0012403523214743473
1028.0 0.0011922648809559178
1029.0 0.0013051940186414868
1030.0 0.0014181234291754663
1031.0 0.0017514157661935315
1032.0 0.0020847081032115966
1033.0 0.002086250242427923
1034.0 0.0020877925635431893
1035.0 0.002265194598294329
1036.0 0.0024425962692475878
1037.0 0.0024647511963848956
1038.0 0.002486906487320084
1039.0 0.002259945176774636
1040.0 0.0020329844119260088
1041.0 0.001619876638869755
1042.0 0.0012067695024597924
1043.0 0.001524009076092625
1044.0 0.0018412491044728085
1045.0 0.0015075782357598655
1046.0 0.0011739075489458628
1047.0 0.0021315872800187208
1048.0 0.003089267192990519
1049.0 0.0022093188817962073
1050.0 0.0013293701158545446
1051.0 0.0013747707271249965
1052.0 0.001420171156496508
1053.0 0.0014925471077731345
1054.0 0.00156492260430241
1055.0 0.0010344547263230197
1056.0 0.0005039869392930996
1057.0 0.0012567599696922116
1058.0 0.002009533272939734
1059.0 0.0015445761164301075
1060.0 0.0010796193237183616
1061.0 0.0010109554750670213
1062.0 0.0009422915354662109
1063.0 0.0010689083865145221
1064.0 0.0011955248737649526
1065.0 0.0008909258212952409
1066.0 0.0005863269507244695
1067.0 0.0009555356882628985
1068.0 0.0013247438801045064
1069.0 0.001981631066882983
1070.0 0.002638517617015168
1071.0 0.001626577795832418
1072.0 0.0006146380201244028
1073.0 0.0006464001671702135
1074.0 0.0006781622232665541
1075.0 0.0025838444344117306
1076.0 0.0044895263272337615
1077.0 0.004146423816564493
1078.0 0.0038033220334909856
1079.0 0.005010493623558432
1080.0 0.006217662303242832
1081.0 0.004220819391775876
1082.0 0.0022239761165110394
1083.0 0.0011939174328290392
1084.0 0.00016385868093493627
1085.0 0.002029240749834571
1086.0 0.003894622568623163
1087.0 0.0037220834201434627
1088.0 0.0035495446354616433
1089.0 0.005398904613684863
1090.0 0.007248265319503844
1091.0 0.004462390279513784
1092.0 0.0016765152395237237
1093.0 0.0014447135072259698
1094.0 0.0012129117749282159
1095.0 0.0007535500117228366
1096.0 0.00029418858957797056
1097.0 0.0015530267774011008
1098.0 0.002811865124385804
1099.0 0.0029927718060207553
1100.0 0.0031736784876557067
