lsstCam/transmission_filter_detector/r31_s02/z_20/19700101T000000.ecsv
# %ECSV 1.0
# ---
# datatype:
# - {name: wavelength, unit: nm, datatype: float32}
# - {name: efficiency, unit: '%', datatype: float64}
# meta: !!omap
# - {MODE: DETECTOR}
# - {TYPE: transmission_filter_detector}
# - {CALIBDATE: '1970-01-01T00:00:00'}
# - {INSTRUME: LSSTCam}
# - {OBSTYPE: transmission_filter_detector}
# - {CALIBCLS: lsst.ip.isr.IntermediateFilterDetectorTransmissionCurve}
# - {SOURCE: Materion (DM-46256)}
# - {DETECTOR: 128}
# - {FILTER: z_20}
# - {CALIB_ID: 'calibDate=1970-01-01T00:00:00 filter=z_20 detector=128'}
# - {DATE: '2025-04-02T15:59:49.233204'}
# - {CALIB_CREATION_DATE: '2025-04-02'}
# - {CALIB_CREATION_TIME: '15:59:49'}
# - __serialized_columns__:
#     efficiency:
#       __class__: astropy.units.quantity.Quantity
#       unit: !astropy.units.Unit {unit: '%'}
#       value: !astropy.table.SerializedColumn {name: efficiency}
#     wavelength:
#       __class__: astropy.units.quantity.Quantity
#       unit: !astropy.units.Unit {unit: nm}
#       value: !astropy.table.SerializedColumn {name: wavelength}
# schema: astropy-2.0
wavelength efficiency
[from data line 597]
897.0 99.34966564178467
898.0 98.99991750717163
899.0 99.12574887275696
900.0 99.17245507240295
901.0 99.819815158844
902.0 99.22839999198914
903.0 99.14095997810364
904.0 98.1180727481842
905.0 98.86459112167358
906.0 98.4419047832489
907.0 98.99827241897583
908.0 98.4424352645874
909.0 98.61186742782593
910.0 98.2357919216156
911.0 97.35456705093384
912.0 96.43169045448303
913.0 95.33774256706238
914.0 93.15627217292786
915.0 90.95603823661804
916.0 88.9874517917633
917.0 87.31226325035095
918.0 83.72218012809753
919.0 82.76874423027039
920.0 80.01288175582886
921.0 76.45947933197021
922.0 72.20706343650818
923.0 66.77747368812561
924.0 61.192381381988525
925.0 56.13882541656494
926.0 49.902164936065674
927.0 43.10770034790039
928.0 37.36869692802429
929.0 30.90135157108307
930.0 25.324630737304688
931.0 19.962476193904877
932.0 14.300574362277985
933.0 9.915176033973694
934.0 6.450697034597397
935.0 4.038773849606514
936.0 2.3064998909831047
937.0 1.3715475797653198
938.0 0.871515553444624
939.0 0.5683890078216791
940.0 0.3263068851083517
941.0 0.2284842310473323
942.0 0.09118514135479927
943.0 0.13971106382086873
944.0 0.06695228512398899
945.0 1.5868230123991522e-10
946.0 0.10155100608244538
947.0 0.1073826220817864
948.0 1.5868230123991522e-10
949.0 0.08420331869274378
950.0 1.5868230123991522e-10
951.0 0.02312908909516409
952.0 0.07523904205299914
953.0 0.006053090328350663
954.0 1.5868230123991522e-10
955.0 0.01634525688132271
956.0 0.05254860152490437
957.0 1.5868230123991522e-10
958.0 1.5868230123991522e-10
959.0 0.11388055281713605
960.0 1.5868230123991522e-10
961.0 1.5868230123991522e-10
962.0 0.002807905912050046
963.0 0.07503372034989297
964.0 0.00025181338969559874
965.0 0.012310766032896936
966.0 1.5868230123991522e-10
967.0 1.5868230123991522e-10
968.0 0.023794501612428576
969.0 1.5868230123991522e-10
970.0 1.5868230123991522e-10
971.0 0.047000928316265345
972.0 0.007797994476277381
973.0 1.5868230123991522e-10
974.0 1.5868230123991522e-10
975.0 1.5868230123991522e-10
976.0 0.006536461296491325
977.0 0.006548676174134016
978.0 0.006560890324180946
979.0 0.006308822048595175
980.0 0.0060567537730094045
981.0 0.005897785013075918
982.0 0.005738815889344551
983.0 0.005711318226531148
984.0 0.0056838201999198645
985.0 0.005513524229172617
986.0 0.00534322825842537
987.0 0.005275241346680559
988.0 0.005207254071137868
989.0 0.005093363142805174
990.0 0.004979472578270361
991.0 0.0049617839977145195
992.0 0.0049440950533607975
993.0 0.004777835056302138
994.0 0.004611575059243478
995.0 0.00460652336187195
996.0 0.004601471300702542
997.0 0.004672394061344676
998.0 0.004743316458188929
999.0 0.004600711690727621
1000.0 0.0044581061956705526
1001.0 0.004403039201861247
1002.0 0.004347972208051942
1003.0 0.004396230360725895
1004.0 0.004444488149601966
1005.0 0.004543178874882869
1006.0 0.004641869600163773
1007.0 0.00460743649455253
1008.0 0.004573002661345527
1009.0 0.004456564056454226
1010.0 0.0043401250877650455
1011.0 0.004369809539639391
1012.0 0.004399494355311617
1013.0 0.004450387496035546
1014.0 0.004501281000557356
1015.0 0.004488414560910314
1016.0 0.004475548485061154
1017.0 0.004456918395590037
1018.0 0.004438288669916801
1019.0 0.0045252032577991486
1020.0 0.004612117481883615
1021.0 0.004595878999680281
1022.0 0.004579640517476946
1023.0 0.004551899110083468
1024.0 0.00452415770268999
1025.0 0.004528240606305189
1026.0 0.004532323873718269
1027.0 0.004620627805707045
1028.0 0.00470893137389794
1029.0 0.004649084075936116
1030.0 0.004589236414176412
1031.0 0.004622110282070935
1032.0 0.004654984149965458
1033.0 0.004867598545388319
1034.0 0.00508021294081118
1035.0 0.005067537495051511
1036.0 0.005054862049291842
1037.0 0.005298289761412889
1038.0 0.0055417178373318166
1039.0 0.005648026126436889
1040.0 0.005754334051744081
1041.0 0.005681400216417387
1042.0 0.005608466381090693
1043.0 0.005915307701798156
1044.0 0.006222148658707738
1045.0 0.006317054067039862
1046.0 0.006411958747776225
1047.0 0.006540021422551945
1048.0 0.006668082642136142
1049.0 0.006706350541207939
1050.0 0.006744616985088214
1051.0 0.006910780939506367
1052.0 0.007076944166328758
1053.0 0.007387554069282487
1054.0 0.007698163972236216
1055.0 0.007419997564284131
1056.0 0.0071418289735447615
1057.0 0.00754026259528473
1058.0 0.007938696217024699
1059.0 0.008168540807673708
1060.0 0.008398385398322716
1061.0 0.008665423229103908
1062.0 0.008932462515076622
1063.0 0.009263619722332805
1064.0 0.009594779112376273
1065.0 0.009946210047928616
1066.0 0.010297639528289437
1067.0 0.010125131666427478
1068.0 0.009952623804565519
1069.0 0.010102168744197115
1070.0 0.010251712228637189
1071.0 0.010716907127061859
1072.0 0.011182101297890767
1073.0 0.011682004696922377
1074.0 0.012181906640762463
1075.0 0.011641754099400714
1076.0 0.011101600830443203
1077.0 0.012112531112506986
1078.0 0.013123461394570768
1079.0 0.013083554222248495
1080.0 0.013043647049926221
1081.0 0.014133712102193385
1082.0 0.015223775699269027
1083.0 0.01550018641864881
1084.0 0.015776598593220115
1085.0 0.015294704644475132
1086.0 0.014812809240538627
1087.0 0.015416994574479759
1088.0 0.01602117990842089
1089.0 0.01644118019612506
1090.0 0.016861181939020753
1091.0 0.016943168884608895
1092.0 0.01702515728538856
1093.0 0.017999642295762897
1094.0 0.018974127306137234
1095.0 0.019722282013390213
1096.0 0.020470433810260147
1097.0 0.02066763845505193
1098.0 0.020864840189460665
1099.0 0.02147267950931564
1100.0 0.02208051737397909
1101.0 0.02279635809827596
1102.0 0.02351220027776435
1103.0 0.024725546245463192
1104.0 0.025938893668353558
1105.0 0.02647035289555788
1106.0 0.027001812122762203
1107.0 0.027260949718765914
1108.0 0.02752008440438658
1109.0 0.028976192697882652
1110.0 0.03043229808099568
1111.0 0.029878513305447996
1112.0 0.029324734350666404
1113.0 0.030898707336746156
1114.0 0.03247268032282591
1115.0 0.033097644336521626
1116.0 0.0337226054398343
1117.0 0.03520760219544172
1118.0 0.036692601861432195
1119.0 0.03813541552517563
1120.0 0.03957822918891907
1121.0 0.03969365207012743
1122.0 0.03980907204095274
1123.0 0.04137405485380441
1124.0 0.04293903766665608
1125.0 0.04365173226688057
1126.0 0.04436442977748811
1127.0 0.046941611799411476
1128.0 0.04951879382133484
1129.0 0.053169275633990765
1130.0 0.0568197516258806
1131.0 0.061538408044725657
1132.0 0.06625706446357071
1133.0 0.06517900037579238
1134.0 0.06410094210878015
1135.0 0.06876595434732735
1136.0 0.07343096658587456
1137.0 0.07919752970337868
1138.0 0.08496410446241498
1139.0 0.085934140952304
1140.0 0.08690417162142694
1141.0 0.10148492874577641
1142.0 0.11606566840782762
1143.0 0.14692447148263454
1144.0 0.17778328619897366
1145.0 0.3623333526775241
1146.0 0.5468833725899458
1147.0 1.0679403319954872
1148.0 1.5889974310994148
1149.0 1.666034385561943
1150.0 1.743071898818016
