lsstCam/transmission_filter_detector/r31_s02/z_20/19700101T000000.ecsv
# %ECSV 1.0
# ---
# datatype:
# - {name: wavelength, unit: nm, datatype: float32}
# - {name: efficiency, unit: '%', datatype: float64}
# meta: !!omap
# - {MODE: DETECTOR}
# - {TYPE: transmission_filter_detector}
# - {CALIBDATE: '1970-01-01T00:00:00'}
# - {INSTRUME: LSSTCam}
# - {OBSTYPE: transmission_filter_detector}
# - {CALIBCLS: lsst.ip.isr.IntermediateFilterDetectorTransmissionCurve}
# - {SOURCE: Materion (DM-46256)}
# - {DETECTOR: 128}
# - {FILTER: z_20}
# - {CALIB_ID: 'calibDate=1970-01-01T00:00:00 filter=z_20 detector=128'}
# - {DATE: '2025-04-02T15:59:49.233204'}
# - {CALIB_CREATION_DATE: '2025-04-02'}
# - {CALIB_CREATION_TIME: '15:59:49'}
# - __serialized_columns__:
#     efficiency:
#       __class__: astropy.units.quantity.Quantity
#       unit: !astropy.units.Unit {unit: '%'}
#       value: !astropy.table.SerializedColumn {name: efficiency}
#     wavelength:
#       __class__: astropy.units.quantity.Quantity
#       unit: !astropy.units.Unit {unit: nm}
#       value: !astropy.table.SerializedColumn {name: wavelength}
# schema: astropy-2.0
wavelength efficiency
300.0 0.2895875833928585
301.0 0.28785988688468933
302.0 0.28613219037652016
303.0 0.24343798868358135
304.0 0.20074374042451382
305.0 0.17687886720523238
306.0 0.15301393577829003
307.0 0.14047455042600632
308.0 0.12793517671525478
309.0 0.1288287341594696
310.0 0.12972229160368443
311.0 0.12103824410587549
312.0 0.11235419660806656
313.0 0.1085551455616951
314.0 0.10475610615685582
315.0 0.09428271441720426
316.0 0.08380932849831879
317.0 0.07655399385839701
318.0 0.06929865339770913
319.0 0.06570948171429336
320.0 0.06212031003087759
321.0 0.05867038853466511
322.0 0.055220467038452625
323.0 0.05423056427389383
324.0 0.05324065568856895
325.0 0.047234364319592714
326.0 0.04122807295061648
327.0 0.03977025917265564
328.0 0.038312439573928714
329.0 0.03721266402862966
330.0 0.03611289139371365
331.0 0.03499231825117022
332.0 0.03387174510862678
333.0 0.03161798813380301
334.0 0.02936422824859619
335.0 0.02821230737026781
336.0 0.027060380671173334
337.0 0.02292864810442552
338.0 0.01879691262729466
339.0 0.01866968086687848
340.0 0.018542452016845345
341.0 0.01748051290633157
342.0 0.016418570885434747
343.0 0.016488392429891974
344.0 0.016558212519157678
345.0 0.014685672067571431
346.0 0.01281312870560214
347.0 0.013653148198500276
348.0 0.014493167691398412
349.0 0.0147110185935162
350.0 0.014928866585250944
351.0 0.013723675510846078
352.0 0.012518485891632736
353.0 0.01422222558176145
354.0 0.015925966727081686
355.0 0.013652545749209821
356.0 0.01137912186095491
357.0 0.01084584291675128
358.0 0.010312562517356128
359.0 0.010293269588146359
360.0 0.010273978841723874
361.0 0.01005738668027334
362.0 0.009840798884397373
363.0 0.008966376481112093
364.0 0.008091956260614097
365.0 0.007770227239234373
366.0 0.00744849894545041
367.0 0.007692191138630733
368.0 0.007935884059406817
369.0 0.00849704520078376
370.0 0.009058204886969179
371.0 0.00855005273479037
372.0 0.008041899127420038
373.0 0.007370737148448825
374.0 0.006699575169477612
375.0 0.006193082663230598
376.0 0.005686590520781465
377.0 0.00577095452172216
378.0 0.005855318886460736
379.0 0.005617078568320721
380.0 0.005378838613978587
381.0 0.005496657104231417
382.0 0.0056144752306863666
383.0 0.005206984133110382
384.0 0.004799493035534397
385.0 0.004550354060484096
386.0 0.004301214721635915
387.0 0.004425684528541751
388.0 0.004550154335447587
389.0 0.004606090806191787
390.0 0.004662027640733868
391.0 0.0038904952816665173
392.0 0.0031189632863970473
393.0 0.0037100515328347683
394.0 0.004301140506868251
395.0 0.004146820356254466
396.0 0.003992500205640681
397.0 0.003994774669990875
398.0 0.0039970491343410686
399.0 0.004328336945036426
400.0 0.004659624755731784
401.0 0.004438475662027486
402.0 0.004217327295918949
403.0 0.004557166903396137
404.0 0.004897006874671206
405.0 0.00401863653678447
406.0 0.003140266562695615
407.0 0.00322078813042026
408.0 0.0033013096981449053
409.0 0.002679602039279416
410.0 0.002057894198514987
411.0 0.002610115916468203
412.0 0.0031623378163203597
413.0 0.0027539981601876207
414.0 0.002345658685953822
415.0 0.003566123268683441
416.0 0.004786588033312
417.0 0.004021600034320727
418.0 0.003256612762925215
419.0 0.0035759734601015225
420.0 0.0038953345210757107
421.0 0.004013381840195507
422.0 0.004131429523113184
423.0 0.004377513323561288
424.0 0.0046235967602115124
425.0 0.0034684369893511757
426.0 0.0023132768546929583
427.0 0.0024790035240584984
428.0 0.0026447301934240386
429.0 0.002322889667993877
430.0 0.002001049324462656
431.0 0.0015652736692572944
432.0 0.0011294979231024627
433.0 0.001989449083339423
434.0 0.002849400152626913
435.0 0.003034467590623535
436.0 0.0032195341191254556
437.0 0.0027861282433150336
438.0 0.0023527218218077905
439.0 0.0023240985683514737
440.0 0.0022954756786930375
441.0 0.0021692216250812635
442.0 0.002042967389570549
443.0 0.0023306774892262183
444.0 0.002618387406982947
445.0 0.002682051490410231
446.0 0.0027457159376353957
447.0 0.002968144508486148
448.0 0.0031905732612358406
449.0 0.002134615533577744
450.0 0.001078657714970177
451.0 0.001783308653102722
452.0 0.0024879593183868565
453.0 0.0021464111341629177
454.0 0.0018048627680400386
455.0 0.0018141287000617012
456.0 0.0018233946320833638
457.0 0.0017068881788873114
458.0 0.0015903815437923186
459.0 0.0019497259927447885
460.0 0.002309070259798318
461.0 0.0016331945516867563
462.0 0.0009573190254741348
463.0 0.0011963095857936423
464.0 0.0014353003280120902
465.0 0.0013526603652280755
466.0 0.0012700205843430012
467.0 0.0013281342944537755
468.0 0.0013862478226656094
469.0 0.001125093604059657
470.0 0.0008639394764031749
471.0 0.0010276072316628415
472.0 0.0011912750778719783
473.0 0.0011263886335655116
474.0 0.0010615024621074554
475.0 0.0012251168300281279
476.0 0.00138873101604986
477.0 0.0012907017662655562
478.0 0.0011926724255317822
479.0 0.0014841395568510052
480.0 0.0017756070519681089
481.0 0.0013739099813392386
482.0 0.0009722130016598385
483.0 0.001009088009595871
484.0 0.0010459631084813736
485.0 0.0015186419659585226
486.0 0.0019913208234356716
487.0 0.0019908380636479706
488.0 0.0019903553038602695
489.0 0.0022546915715793148
490.0 0.0025190280211973004
491.0 0.001979393528017681
492.0 0.0014397593076864723
493.0 0.0014683284462080337
494.0 0.0014968979485274758
495.0 0.0015829755284357816
496.0 0.0016690531992935576
497.0 0.0017139771443908103
498.0 0.001758901089488063
499.0 0.0015622572391293943
500.0 0.0013656132978212554
501.0 0.0010696903700591065
502.0 0.0007737675332464278
503.0 0.0011296132470306475
504.0 0.001485458869865397
505.0 0.0018121058019460179
506.0 0.0021387526430771686
507.0 0.0015030804206617177
508.0 0.0008674084710946772
509.0 0.0010943079360004049
510.0 0.0013212074009061325
511.0 0.001449764477001736
512.0 0.0015783212802489288
513.0 0.0012762065125571098
514.0 0.0009740919267642312
515.0 0.0009540344763081521
516.0 0.0009339769349026028
517.0 0.001085115218302235
518.0 0.0012362535926513374
519.0 0.0013324827705218922
520.0 0.001428711948392447
521.0 0.0013141757335688453
522.0 0.0011996393368463032
523.0 0.001044059081323212
524.0 0.0008884785529517103
525.0 0.0011252322110522073
526.0 0.001361985778203234
527.0 0.001266404888156103
528.0 0.001170824089058442
529.0 0.001486072960688034
530.0 0.0018013219232670963
531.0 0.0016483258150401525
532.0 0.0014953299796616193
533.0 0.0014327457392937504
534.0 0.0013701614079764113
535.0 0.0012370353033475112
536.0 0.0011039091987186112
537.0 0.0012987789887120016
538.0 0.001493648778705392
539.0 0.0014188072782417294
540.0 0.001343965413980186
541.0 0.0011845164408441633
542.0 0.00102506719485973
543.0 0.0009910889275488444
544.0 0.0009571105692884885
545.0 0.0011627391359070316
546.0 0.0013683675206266344
547.0 0.0017569062038091943
548.0 0.002145444705092814
549.0 0.0018925027688965201
550.0 0.0016395604689023457
551.0 0.0017838059648056515
552.0 0.0019280516426078975
553.0 0.0022578375137527473
554.0 0.002587623384897597
555.0 0.0018147167793358676
556.0 0.001041810082824668
557.0 0.0009473931640968658
558.0 0.0008529766091669444
559.0 0.0008559032721677795
560.0 0.000858830117067555
561.0 0.0009733792467159219
562.0 0.001087928467313759
563.0 0.0012800921467714943
564.0 0.0014722558262292296
565.0 0.001823151069402229
566.0 0.0021740463125752285
567.0 0.002325964487681631
568.0 0.002477883026585914
569.0 0.0026281677492079325
570.0 0.002778453017526772
571.0 0.00249674867518479
572.0 0.0022150445147417486
573.0 0.0019685408915393054
574.0 0.0017220374502358027
575.0 0.0018422297216602601
576.0 0.0019624219930847175
577.0 0.0021449188352562487
578.0 0.0023274154955288395
579.0 0.002251681507914327
580.0 0.0021759475202998146
581.0 0.0021331712559913285
582.0 0.0020903949916828424
583.0 0.0019972996597061865
584.0 0.0019042043277295306
585.0 0.0021834321159985848
586.0 0.002462659904267639
587.0 0.0020266004867153242
588.0 0.0015905410691630095
589.0 0.001486501241743099
590.0 0.0013824614143231884
591.0 0.0014795614333706908
592.0 0.0015766614524181932
593.0 0.0011539063962118234
594.0 0.0007311514764296589
595.0 0.0008302084097522311
596.0 0.0009292652976000682
597.0 0.0008163093298207968
598.0 0.0007033532710920554
599.0 0.0008704525498615112
600.0 0.0010375519195804372
601.0 0.001100492590921931
602.0 0.0011634332622634247
603.0 0.0014405550246010534
604.0 0.0017176769688376226
605.0 0.0012741142199956812
606.0 0.0008305516530526802
607.0 0.0010214013855147641
608.0 0.0012122512998757884
609.0 0.0012272703315829858
610.0 0.0012422894542396534
611.0 0.0014097054190642666
612.0 0.0015771212929394096
613.0 0.001398391123075271
614.0 0.0012196611351100728
615.0 0.0013169166777515784
616.0 0.0014141723113425542
617.0 0.0012737558790831827
618.0 0.001133339355874341
619.0 0.001520251862530131
620.0 0.0019071643691859208
621.0 0.0018752618416328914
622.0 0.0018433594959788024
623.0 0.00139443545776885
624.0 0.0009455113286094274
625.0 0.0011563637599465437
626.0 0.0013672163731826004
627.0 0.0015271692973328754
628.0 0.0016871223124326207
629.0 0.0016897027308004908
630.0 0.001692283149168361
631.0 0.0021359048332669772
632.0 0.0025795265173655935
633.0 0.0028932467103004456
634.0 0.0032069667213363573
635.0 0.005735112426918931
636.0 0.008263258496299386
637.0 0.014823221135884523
638.0 0.021383186685852706
639.0 0.019812500977423042
640.0 0.018241819634567946
641.0 0.015741362585686147
642.0 0.013240904081612825
643.0 0.009584479994373396
644.0 0.005928055179538205
645.0 0.006340795516734943
646.0 0.00675353585393168
647.0 0.006579633190995082
648.0 0.006405730528058484
649.0 0.005033624256611802
650.0 0.003661517985165119
651.0 0.0037825382605660707
652.0 0.0039035581721691415
653.0 0.0032667769119143486
654.0 0.002629995287861675
655.0 0.002477520320098847
656.0 0.0023250449885381386
657.0 0.0025645045752753504
658.0 0.0028039637982146814
659.0 0.002028694871114567
660.0 0.001253425762115512
661.0 0.001672063626756426
662.0 0.0020907013094983995
663.0 0.0019715804228326306
664.0 0.0018524595361668617
665.0 0.0017816028048400767
666.0 0.0017107458916143514
667.0 0.0019235989384469576
668.0 0.002136451621481683
669.0 0.0018147407899959944
670.0 0.0014930296856618952
671.0 0.0016429645256721415
672.0 0.0017928990928339772
673.0 0.001497975881648017
674.0 0.0012030525795125868
675.0 0.0011249503586441278
676.0 0.0010468481377756689
677.0 0.0013941473298473284
678.0 0.001741446612868458
679.0 0.0016260231859632768
680.0 0.0015105999409570359
681.0 0.0021073534298921004
682.0 0.0027041071007261053
683.0 0.002735369162110146
684.0 0.002766631223494187
685.0 0.002444351412123069
686.0 0.0021220716007519513
687.0 0.001716069527901709
688.0 0.001310067000304116
689.0 0.001920121030707378
690.0 0.0025301747882622294
691.0 0.0022890428226673976
692.0 0.0020479106751736253
693.0 0.0020831710571656004
694.0 0.002118431802955456
695.0 0.002908651549660135
696.0 0.003698871296364814
697.0 0.003924467819160782
698.0 0.004150063978158869
699.0 0.005558277916861698
700.0 0.006966490764170885
701.0 0.007093322346918285
702.0 0.007220153202069923
703.0 0.006543126073665917
704.0 0.00586609858146403
705.0 0.004936337063554674
706.0 0.004006575181847438
707.0 0.00356181881215889
708.0 0.003117062442470342
709.0 0.003839258715743199
710.0 0.004561454989016056
711.0 0.004299053398426622
712.0 0.004036651807837188
713.0 0.003033543180208653
714.0 0.002030434370681178
715.0 0.0022860971512272954
716.0 0.0025417595679755323
717.0 0.0020383911760291085
718.0 0.0015350227840826847
719.0 0.001759394581313245
720.0 0.0019837663785438053
721.0 0.0016746931578381918
722.0 0.0013656198461831082
723.0 0.0018498943973099813
724.0 0.0023341690393863246
725.0 0.0015860656276345253
726.0 0.0008379624887311365
727.0 0.0008741191777517088
728.0 0.0009102756848733407
729.0 0.0010126073902938515
730.0 0.0011149391866638325
731.0 0.0008995280040835496
732.0 0.0006841170488769421
733.0 0.0009839685844781343
734.0 0.0012838201655540615
735.0 0.0015895884644123726
736.0 0.0018953567632706836
737.0 0.0017434937035432085
738.0 0.0015916304619167931
739.0 0.0015005385648692027
740.0 0.0014094467587710824
741.0 0.0016129330106195994
742.0 0.0018164193534175865
743.0 0.0018140539395972155
744.0 0.0018116885257768445
745.0 0.002020253123191651
746.0 0.0022288177206064574
747.0 0.0023908887669676915
748.0 0.0025529601771268062
749.0 0.0029569677280960605
750.0 0.0033609750971663743
751.0 0.002768712874967605
752.0 0.002176450470869895
753.0 0.002393497015873436
754.0 0.0026105435608769767
755.0 0.001964529110409785
756.0 0.0013185142961447127
757.0 0.0019413166228332557
758.0 0.002564119131420739
759.0 0.0028918437237734906
760.0 0.0032195679523283616
761.0 0.004950007860315964
762.0 0.006680447404505685
763.0 0.00644066312815994
764.0 0.006200876669026911
765.0 0.005093539948575199
766.0 0.003986203228123486
767.0 0.003963669951190241
768.0 0.003941136674256995
769.0 0.004677116885432042
770.0 0.0054130978242028505
771.0 0.005294947914080694
772.0 0.005176798367756419
773.0 0.004717587216873653
774.0 0.004258376065990888
775.0 0.02004212437896058
776.0 0.1107524149119854
777.0 0.07066038670018315
778.0 0.06777027156203985
779.0 1.5868230123991522e-10
780.0 1.5868230123991522e-10
781.0 1.5868230123991522e-10
782.0 1.5868230123991522e-10
783.0 0.09668755228631198
784.0 1.5868230123991522e-10
785.0 1.5868230123991522e-10
786.0 0.02629523805808276
787.0 1.5868230123991522e-10
788.0 1.5868230123991522e-10
789.0 0.021665891108568758
790.0 0.03545466752257198
791.0 0.00443102908320725
792.0 0.12774041388183832
793.0 0.07367045618593693
794.0 0.0873828656040132
795.0 0.03834921808447689
796.0 0.07714746752753854
797.0 0.10544859105721116
798.0 0.09508009534329176
799.0 1.5868230123991522e-10
800.0 1.5868230123991522e-10
801.0 0.28917822055518627
802.0 0.4560263827443123
803.0 0.6875317078083754
804.0 1.067654974758625
805.0 1.661086268723011
806.0 2.672392316162586
807.0 4.070944711565971
808.0 5.7428717613220215
809.0 7.987155765295029
810.0 10.64528375864029
811.0 13.624939322471619
812.0 16.847214102745056
813.0 19.901758432388306
814.0 22.384630143642426
815.0 25.55542290210724
816.0 29.773062467575073
817.0 34.80302393436432
818.0 40.24578034877777
819.0 45.45895755290985
820.0 52.70901322364807
821.0 59.91710424423218
822.0 66.90670251846313
823.0 73.0081558227539
824.0 79.3089210987091
825.0 84.80692505836487
826.0 89.36875462532043
827.0 92.96390414237976
828.0 96.29942178726196
829.0 97.82814383506775
830.0 98.24575185775757
831.0 99.10842180252075
832.0 98.6920952796936
833.0 99.83507990837097
834.0 98.69644045829773
835.0 99.43339824676514
836.0 99.4127869606018
837.0 99.50276017189026
838.0 98.24143648147583
839.0 99.00092482566833
840.0 98.97260665893555
841.0 99.7510313987732
842.0 99.88395571708679
843.0 100.32292604446411
844.0 98.66559505462646
845.0 98.74244332313538
846.0 99.34747815132141
847.0 99.3461549282074
848.0 99.8873233795166
849.0 99.07816648483276
850.0 98.69388341903687
851.0 99.14603233337402
852.0 99.44925308227539
853.0 98.96851778030396
854.0 99.89860653877258
855.0 98.8669753074646
856.0 99.0811288356781
857.0 98.48272800445557
858.0 98.70874881744385
859.0 99.12301898002625
860.0 98.8088846206665
861.0 99.0243136882782
862.0 98.94311428070068
863.0 98.689866065979
864.0 99.58174228668213
865.0 99.35426712036133
866.0 98.80390763282776
867.0 99.89243149757385
868.0 99.97957944869995
869.0 98.92953038215637
870.0 98.22266697883606
871.0 99.25925135612488
872.0 99.59377646446228
873.0 99.23115968704224
874.0 99.90784525871277
875.0 99.29986596107483
876.0 99.23874139785767
877.0 99.46144819259644
878.0 99.36275482177734
879.0 98.7830638885498
880.0 98.99725317955017
881.0 100.36560297012329
882.0 99.45837259292603
883.0 99.14848208427429
884.0 99.41549301147461
885.0 99.18963313102722
886.0 98.87109994888306
887.0 98.57531785964966
888.0 99.51580166816711
889.0 99.72184300422668
890.0 98.62232208251953
891.0 99.64320063591003
892.0 98.8612174987793
893.0 98.97762537002563
894.0 98.75603318214417
895.0 100.01220703125
