lsstCam/transmission_sensor/r11_s02/19700101T000000.ecsv
# %ECSV 1.0
# ---
# datatype:
# - {name: amp_name, datatype: string}
# - {name: wavelength, unit: nm, datatype: float32}
# - {name: efficiency, unit: '%', datatype: float64}
# meta: !!omap
# - {MODE: AMP}
# - {TYPE: transmission_sensor}
# - {CALIBDATE: '1970-01-01T00:00:00'}
# - {INSTRUME: LSSTCAM}
# - {OBSTYPE: transmission_sensor}
# - {DETECTOR: 38}
# - {PARQUETFILE: qe_raft_allvalues_nircorrected_20230725.parquet}
# - {CALIBCLS: lsst.ip.isr.IntermediateSensorTransmissionCurve}
# - {CALIB_ID: 'raftName=R11 detectorName=S02 detector=38 calibDate=1970-01-01T00:00:00 ccd=38 ccdnum=38 filter=None'}
# - {DATE: '2024-01-18T22:42:25.106437'}
# - {CALIB_CREATION_DATE: '2024-01-18'}
# - {CALIB_CREATION_TIME: '22:42:25'}
# - __serialized_columns__:
#     efficiency:
#       __class__: astropy.units.quantity.Quantity
#       unit: !astropy.units.Unit {unit: '%'}
#       value: !astropy.table.SerializedColumn {name: efficiency}
#     wavelength:
#       __class__: astropy.units.quantity.Quantity
#       unit: !astropy.units.Unit {unit: nm}
#       value: !astropy.table.SerializedColumn {name: wavelength}
# schema: astropy-2.0
amp_name wavelength efficiency
C00 319.992 41.07262452801212
C00 330.006 51.18711244626802
C00 349.994 68.07580784471759
C00 370.001 73.28328204015487
C00 400.009 82.19967810299798
C00 429.983 84.91873512953458
C00 449.989 86.69685848476254
C00 469.993 88.63853628308993
C00 500.016 91.34850979986274
C00 549.99 95.00015828675845
C00 569.998 96.10401412415229
C00 599.983 97.2462126913501
C00 630.013 97.91963318100133
C00 649.987 97.99396982776008
C00 670.017 98.16485378276865
C00 699.987 97.61251182509885
C00 720.012 97.43618372052886
C00 749.995 97.50501368604111
C00 770.007 97.5480339908021
C00 800.008 96.73228036367726
C00 830.013 94.98833099092988
C00 869.994 90.12204683697662
C00 900.005 81.85204185548614
C00 919.989 73.03197902027159
C00 959.989 51.697421328871556
C00 1000.013 26.099715472519502
C00 1030.002 9.565397812013963
C00 1049.996 4.04112312261118
C00 1080.005 0.5544482188366047
C00 1100.007 0.11660278103590592
C01 319.992 41.739491389779566
C01 330.006 52.02018227527278
C01 349.994 69.2547396548014
C01 370.001 74.60577368555066
C01 400.009 83.36622744007678
C01 429.983 85.96299998172836
C01 449.989 87.7031420712778
C01 469.993 89.62973325692566
C01 500.016 92.32821685072308
C01 549.99 95.98048545281907
C01 569.998 97.08892249792785
C01 599.983 98.23606205423252
C01 630.013 98.9163420135761
C01 649.987 98.98791614137001
C01 670.017 99.16794319075674
C01 699.987 98.61023425700868
C01 720.012 98.43195177255178
C01 749.995 98.50479922010774
C01 770.007 98.5523808372441
C01 800.008 97.72101840972833
C01 830.013 95.96011135786561
C01 869.994 91.00304643111323
C01 900.005 82.70142311919294
C01 919.989 73.71740460632937
C01 959.989 52.03690765358034
C01 1000.013 26.280109221709424
C01 1030.002 9.646477956510136
C01 1049.996 4.08649080794745
C01 1080.005 0.5601333604853364
C01 1100.007 0.11779839011950281
C02 319.992 41.80979614720021
C02 330.006 52.121563693176974
C02 349.994 69.46918624725019
C02 370.001 74.87008501012868
C02 400.009 83.35320559544026
C02 429.983 85.80283067712601
C02 449.989 87.48784082471137
C02 469.993 89.36646057319122
C02 500.016 92.02695687659558
C02 549.99 95.6434719349337
C02 569.998 96.74201135992702
C02 599.983 97.88409734793125
C02 630.013 98.5610124221432
C02 649.987 98.63626769936651
C02 670.017 98.81233533204025
C02 699.987 98.25694260057813
C02 720.012 98.07735798180629
C02 749.995 98.15004976921013
C02 770.007 98.19546932869953
C02 800.008 97.3610935758422
C02 830.013 95.60827599945702
C02 869.994 90.63209843822706
C02 900.005 82.44181751861122
C02 919.989 73.5067586928732
C02 959.989 51.68734699056341
C02 1000.013 26.100861663637083
C02 1030.002 9.593718845091841
C02 1049.996 4.0693232596259294
C02 1080.005 0.5581161268000626
C02 1100.007 0.11737415743246167
C03 319.992 42.33536541788144
C03 330.006 52.789274000372
C03 349.994 70.47123464045252
C03 370.001 76.04000052037775
C03 400.009 84.292828749967
C03 429.983 86.59368907720982
C03 449.989 88.2277387348327
C03 469.993 90.07722715080884
C03 500.016 92.71878880647566
C03 549.99 96.33316738022366
C03 569.998 97.43760896398332
C03 599.983 98.58709920801145
C03 630.013 99.2678649321333
C03 649.987 99.34669980619714
C03 670.017 99.52632601325527
C03 699.987 98.96972243524935
C03 720.012 98.7907111731275
C03 749.995 98.86958746710965
C03 770.007 98.91074083182085
C03 800.008 98.06570205255038
C03 830.013 96.30399046947072
C03 869.994 91.29349416090803
C03 900.005 83.02215041155802
C03 919.989 74.08748697448851
C03 959.989 52.062890497662394
C03 1000.013 26.19023110537417
C03 1030.002 9.678740297619557
C03 1049.996 4.086217915999059
C03 1080.005 0.5622076713764317
C03 1100.007 0.11823462638182194
C04 319.992 42.30140772100296
C04 330.006 52.752903886750275
C04 349.994 70.4887068671688
C04 370.001 76.10144685011807
C04 400.009 84.12795082097615
C04 429.983 86.30473752096508
C04 449.989 87.88574456091247
C04 469.993 89.7002021685001
C04 500.016 92.3004095010446
C04 549.99 95.87173046651563
C04 569.998 96.97167562055598
C04 599.983 98.10908539267871
C04 630.013 98.78875076461983
C04 649.987 98.86789552816279
C04 670.017 99.04442730284781
C04 699.987 98.49360927275933
C04 720.012 98.31398110279163
C04 749.995 98.38616164929184
C04 770.007 98.42346558038098
C04 800.008 97.57996133853793
C04 830.013 95.8162642290482
C04 869.994 90.8874491413596
C04 900.005 82.52648298592167
C04 919.989 73.76158361396561
C04 959.989 51.887704675784825
C04 1000.013 26.140670470758728
C04 1030.002 9.608671349411289
C04 1049.996 4.027388362653659
C04 1080.005 0.559458734498317
C04 1100.007 0.11765651345082019
C05 319.992 42.462822090656346
C05 330.006 52.96384105345598
C05 349.994 70.8480349656803
C05 370.001 76.5371812933346
C05 400.009 84.34611579594196
C05 429.983 86.3997420235576
C05 449.989 87.93840785671094
C05 469.993 89.71249049994628
C05 500.016 92.28391918280573
C05 549.99 95.83596953759854
C05 569.998 96.92535911702855
C05 599.983 98.06547534197402
C05 630.013 98.74703534743455
C05 649.987 98.8218962729099
C05 670.017 99.00322284063567
C05 699.987 98.44753622244455
C05 720.012 98.26745513688215
C05 749.995 98.33571839843812
C05 770.007 98.37150209193895
C05 800.008 97.52570452364212
C05 830.013 95.7522591324933
C05 869.994 90.86401082559935
C05 900.005 82.46193633973061
C05 919.989 73.65414501222548
C05 959.989 52.16793697250561
C05 1000.013 26.273648719658368
C05 1030.002 9.560717596607976
C05 1049.996 3.9905819108436456
C05 1080.005 0.5591718935310397
C05 1100.007 0.11759618959484364
C06 319.992 42.78990026787132
C06 330.006 53.38163734863055
C06 349.994 71.49910419706956
C06 370.001 77.30481383717557
C06 400.009 84.90986496823825
C06 429.983 86.84317214769979
C06 449.989 88.33552953780492
C06 469.993 90.08719567058877
C06 500.016 92.63836771168738
C06 549.99 96.18083979391012
C06 569.998 97.27366193168238
C06 599.983 98.41556231999836
C06 630.013 99.09963406484793
C06 649.987 99.18301824574351
C06 670.017 99.35585323821307
C06 699.987 98.80394487170825
C06 720.012 98.61974885169622
C06 749.995 98.68547488904606
C06 770.007 98.71627968607791
C06 800.008 97.8603794801167
C06 830.013 96.07372021535582
C06 869.994 91.22398769195946
C06 900.005 82.71084360116465
C06 919.989 73.87743416493315
C06 959.989 52.12038623551542
C06 1000.013 26.151362676950452
C06 1030.002 9.531547980084847
C06 1049.996 4.029169974404823
C06 1080.005 0.5611607274688776
C06 1100.007 0.11801444969613334
C07 319.992 42.91311506401544
C07 330.006 53.54220690968224
C07 349.994 71.75979376183874
C07 370.001 77.59632454777764
C07 400.009 85.07184915397653
C07 429.983 86.93671729899816
C07 449.989 88.40196733251847
C07 469.993 90.14002511965299
C07 500.016 92.67387153855205
C07 549.99 96.1995427372001
C07 569.998 97.29315292740101
C07 599.983 98.43286155159383
C07 630.013 99.11515415603878
C07 649.987 99.19381506341973
C07 670.017 99.37032804929233
C07 699.987 98.81116790317735
C07 720.012 98.62834978710106
C07 749.995 98.69124587491793
C07 770.007 98.7134585509786
C07 800.008 97.848712819891
C07 830.013 96.0449553230663
C07 869.994 91.18276285289183
C07 900.005 82.66781250370394
C07 919.989 73.84761261148125
C07 959.989 52.27861836523666
C07 1000.013 26.143458141418417
C07 1030.002 9.61515137726122
C07 1049.996 4.063354499609379
C07 1080.005 0.561193533984532
C07 1100.007 0.11802134904368546
C10 319.992 40.11643294717138
C10 330.006 49.952178783024756
C10 349.994 66.29121206606482
C10 370.001 71.44873997284962
C10 400.009 81.75369991865395
C10 429.983 85.16361281001082
C10 449.989 87.19736637544241
C10 469.993 89.314713208802
C10 500.016 92.2047970085125
C10 549.99 96.02076062628124
C10 569.998 97.167285177357
C10 599.983 98.34743622660977
C10 630.013 99.04185689550926
C10 649.987 99.1290116013366
C10 670.017 99.31321629469724
C10 699.987 98.7584562575497
C10 720.012 98.58408643660296
C10 749.995 98.6566728352118
C10 770.007 98.7123664986821
C10 800.008 97.88528711521394
C10 830.013 96.1449410913004
C10 869.994 91.27198259257489
C10 900.005 82.96527090842281
C10 919.989 74.00883561086106
C10 959.989 52.340015200088956
C10 1000.013 26.33851644382653
C10 1030.002 9.728521281884515
C10 1049.996 4.102033326792157
C10 1080.005 0.5609969761273017
C10 1100.007 0.11798001210362709
C11 319.992 40.31017933905866
C11 330.006 50.205133982020406
C11 349.994 66.69041936052623
C11 370.001 71.90811513434463
C11 400.009 81.80961896226063
C11 429.983 84.98597529042001
C11 449.989 86.92646543748661
C11 469.993 88.98010446344536
C11 500.016 91.7975705031941
C11 549.99 95.54690015104647
C11 569.998 96.67633926705801
C11 599.983 97.84219912180029
C11 630.013 98.53534371097345
C11 649.987 98.6161101309891
C11 670.017 98.79981049551053
C11 699.987 98.24723946183074
C11 720.012 98.07929843674519
C11 749.995 98.15093354584234
C11 770.007 98.20369763940583
C11 800.008 97.38423676167454
C11 830.013 95.65562057920121
C11 869.994 90.73412538139613
C11 900.005 82.57209208594088
C11 919.989 73.57756951225088
C11 959.989 51.82342746106927
C11 1000.013 26.228473730180408
C11 1030.002 9.663638746332094
C11 1049.996 4.078752457851471
C11 1080.005 0.5581211595053885
C11 1100.007 0.11737521583145585
C12 319.992 40.76637767008021
C12 330.006 50.78895426002451
C12 349.994 67.549796674414
C12 370.001 72.85595582170977
C12 400.009 82.44246897845731
C12 429.983 85.44147622978933
C12 449.989 87.32306328921638
C12 469.993 89.33840789856887
C12 500.016 92.12476409686067
C12 549.99 95.85102202689698
C12 569.998 96.97852116517349
C12 599.983 98.14495829795318
C12 630.013 98.83897477275852
C12 649.987 98.9211503050435
C12 670.017 99.10003907702018
C12 699.987 98.55403097998624
C12 720.012 98.38035365222673
C12 749.995 98.45477897345404
C12 770.007 98.50575627114054
C12 800.008 97.67696802118384
C12 830.013 95.93412699627285
C12 869.994 90.97225625164099
C12 900.005 82.7744392838759
C12 919.989 73.76342078946325
C12 959.989 51.808543168038014
C12 1000.013 26.221531325878455
C12 1030.002 9.678591250651543
C12 1049.996 4.087528578759994
C12 1080.005 0.5598489315373665
C12 1100.007 0.11773857352128198
C13 319.992 41.41884407900751
C13 330.006 51.619085126826356
C13 349.994 68.74348343502051
C13 370.001 74.17526559947422
C13 400.009 83.4696315017299
C13 429.983 86.29911278507248
C13 449.989 88.12267036897866
C13 469.993 90.10842231791199
C13 500.016 92.86986669715839
C13 549.99 96.59750982327749
C13 569.998 97.72868753918074
C13 599.983 98.89702994878826
C13 630.013 99.59691644381361
C13 649.987 99.67951396666933
C13 670.017 99.86107664419384
C13 699.987 99.30839569500336
C13 720.012 99.13068037684316
C13 749.995 99.20879151365611
C13 770.007 99.25108196350524
C13 800.008 98.40926770381235
C13 830.013 96.65793389327169
C13 869.994 91.62320220298203
C13 900.005 83.41628019751974
C13 919.989 74.30867856462014
C13 959.989 52.11793231966104
C13 1000.013 26.367313449860895
C13 1030.002 9.763554349885176
C13 1049.996 4.118789733940332
C13 1080.005 0.5641365070247708
C13 1100.007 0.1186402685917103
C14 319.992 41.278457621850016
C14 330.006 51.4555400947245
C14 349.994 68.62219858647308
C14 370.001 74.11226322481768
C14 400.009 83.19635453215501
C14 429.983 85.90154589205446
C14 449.989 87.67122536945317
C14 469.993 89.61499911765242
C14 500.016 92.32908279771978
C14 549.99 96.01284379807738
C14 569.998 97.13509607250174
C14 599.983 98.29707691161653
C14 630.013 98.99016588893033
C14 649.987 99.07589216061061
C14 670.017 99.25936699752157
C14 699.987 98.70817976257294
C14 720.012 98.53633925773967
C14 749.995 98.60834460535823
C14 770.007 98.65235670824984
C14 800.008 97.8069136252362
C14 830.013 96.0615705051374
C14 869.994 91.06334229177303
C14 900.005 82.8863186513933
C14 919.989 73.81892663501017
C14 959.989 51.78772333494872
C14 1000.013 26.201251272819974
C14 1030.002 9.676401244494166
C14 1049.996 4.091960668586987
C14 1080.005 0.5607221524495476
C14 1100.007 0.11792221553393499
C15 319.992 41.46884302592556
C15 330.006 51.706162378381435
C15 349.994 69.03801927942379
C15 370.001 74.59181114798419
C15 400.009 83.45634064076086
C15 429.983 86.02035468761613
C15 449.989 87.73646056999254
C15 469.993 89.64015388057666
C15 500.016 92.32645509648842
C15 549.99 95.97699273449382
C15 569.998 97.09469983668197
C15 599.983 98.25539737673067
C15 630.013 98.94866864074385
C15 649.987 99.03325375319984
C15 670.017 99.21976001445962
C15 699.987 98.66699949187365
C15 720.012 98.49764254052188
C15 749.995 98.5621011819191
C15 770.007 98.60856844463859
C15 800.008 97.7568169558055
C15 830.013 96.00329269735461
C15 869.994 91.01667722467593
C15 900.005 82.81596221269288
C15 919.989 73.85144608791333
C15 959.989 51.83240767450218
C15 1000.013 26.20080618254658
C15 1030.002 9.669810134469959
C15 1049.996 4.083488695973365
C15 1080.005 0.5604591961965614
C15 1100.007 0.1178669147333421
C16 319.992 41.857129743828864
C16 330.006 52.20436940960483
C16 349.994 69.79021905432876
C16 370.001 75.46286136762365
C16 400.009 84.13345474972537
C16 429.983 86.58844567934385
C16 449.989 88.26943850337472
C16 469.993 90.15854655528871
C16 500.016 92.82402376175556
C16 549.99 96.47955358977318
C16 569.998 97.60043513238536
C16 599.983 98.76540044246794
C16 630.013 99.46432987709161
C16 649.987 99.54951607138945
C16 670.017 99.73360830787104
C16 699.987 99.18002953823111
C16 720.012 99.00906854453356
C16 749.995 99.07036338919589
C16 770.007 99.10866014316937
C16 800.008 98.2453488460258
C16 830.013 96.4778643074971
C16 869.994 91.48411370636231
C16 900.005 83.2070905201715
C16 919.989 74.19978613502556
C16 959.989 52.100300479818465
C16 1000.013 26.29955431218736
C16 1030.002 9.701626037727072
C16 1049.996 4.110124813495359
C16 1080.005 0.5633493464227074
C16 1100.007 0.11847472542247606
C17 319.992 41.83639294051351
C17 330.006 52.18561116389228
C17 349.994 69.82308683295015
C17 370.001 75.52081880741733
C17 400.009 84.07363860465294
C17 429.983 86.45908408723793
C17 449.989 88.11026815544024
C17 469.993 89.97661551065076
C17 500.016 92.62186246332789
C17 549.99 96.25877623550723
C17 569.998 97.3754123014586
C17 599.983 98.53590283342487
C17 630.013 99.2313103402301
C17 649.987 99.31734689797432
C17 670.017 99.4997163605562
C17 699.987 98.94323548893894
C17 720.012 98.76562011679404
C17 749.995 98.82402387184915
C17 770.007 98.85792796937042
C17 800.008 97.9945384673275
C17 830.013 96.22708763949365
C17 869.994 91.2654845424286
C17 900.005 82.9619573950479
C17 919.989 73.99890473700962
C17 959.989 51.99078312409526
C17 1000.013 26.22520583054153
C17 1030.002 9.708930745263233
C17 1049.996 4.133442949618425
C17 1080.005 0.5619485670820986
C17 1100.007 0.11818013566425599
