lsstCam/transmission_sensor/r11_s02/19700101T000000.ecsv
# %ECSV 1.0
# ---
# datatype:
# - {name: amp_name, datatype: string}
# - {name: wavelength, unit: nm, datatype: float32}
# - {name: efficiency, unit: '%', datatype: float64}
# meta: !!omap
# - {MODE: AMP}
# - {TYPE: transmission_sensor}
# - {CALIBDATE: '1970-01-01T00:00:00'}
# - {INSTRUME: LSSTCAM}
# - {OBSTYPE: transmission_sensor}
# - {DETECTOR: 38}
# - {PARQUETFILE: qe_raft_allvalues_nircorrected_20230725.parquet}
# - {CALIBCLS: lsst.ip.isr.IntermediateSensorTransmissionCurve}
# - {CALIB_ID: 'raftName=R11 detectorName=S02 detector=38 calibDate=1970-01-01T00:00:00 ccd=38 ccdnum=38 filter=None'}
# - {DATE: '2023-08-02T16:57:55.607046'}
# - {CALIB_CREATION_DATE: '2023-08-02'}
# - {CALIB_CREATION_TIME: '16:57:55'}
# - __serialized_columns__:
#     efficiency:
#       __class__: astropy.units.quantity.Quantity
#       unit: !astropy.units.Unit {unit: '%'}
#       value: !astropy.table.SerializedColumn {name: efficiency}
#     wavelength:
#       __class__: astropy.units.quantity.Quantity
#       unit: !astropy.units.Unit {unit: nm}
#       value: !astropy.table.SerializedColumn {name: wavelength}
# schema: astropy-2.0
amp_name wavelength efficiency
C00 319.992 41.44263458251953
C00 330.006 53.48384094238281
C00 349.994 73.77961730957031
C00 370.001 80.12678527832031
C00 400.009 86.25479888916016
C00 429.983 88.34598541259766
C00 449.989 89.65240478515625
C00 469.993 91.24398803710938
C00 500.016 93.35943603515625
C00 549.99 96.4947738647461
C00 569.998 97.46865844726562
C00 599.983 98.3851089477539
C00 630.013 99.30355834960938
C00 649.987 99.43701934814453
C00 670.017 99.85975646972656
C00 699.987 99.39237976074219
C00 720.012 99.22167205810547
C00 749.995 98.48279571533203
C00 770.007 98.1358413696289
C00 800.008 97.03765869140625
C00 830.013 95.91365814208984
C00 869.994 90.99897766113281
C00 900.005 84.055419921875
C00 919.989 77.03466796875
C00 959.989 56.416534423828125
C00 1000.013 29.750850677490234
C00 1030.002 12.975253105163574
C00 1049.996 6.4116129875183105
C00 1080.005 0.6827323586122519
C00 1100.007 0.09287287575445621
C01 319.992 42.115509033203125
C01 330.006 54.35429000854492
C01 349.994 75.05732727050781
C01 370.001 81.5727767944336
C01 400.009 87.47889709472656
C01 429.983 89.4323959350586
C01 449.989 90.6929931640625
C01 469.993 92.26432037353516
C01 500.016 94.36071014404297
C01 549.99 97.49052429199219
C01 569.998 98.4675521850586
C01 599.983 99.38655090332031
C01 630.013 100.3143539428711
C01 649.987 100.44560241699219
C01 670.017 100.88016510009766
C01 699.987 100.40829467773438
C01 720.012 100.23568725585938
C01 749.995 99.49260711669922
C01 770.007 99.146240234375
C01 800.008 98.0295181274414
C01 830.013 96.89490509033203
C01 869.994 91.8885498046875
C01 900.005 84.92766571044922
C01 919.989 77.75765991210938
C01 959.989 56.787010192871094
C01 1000.013 29.956480026245117
C01 1030.002 13.085236549377441
C01 1049.996 6.483592987060547
C01 1080.005 0.689732886407305
C01 1100.007 0.09382516568172306
C02 319.992 42.18644714355469
C02 330.006 54.46022033691406
C02 349.994 75.28974151611328
C02 370.001 81.86177062988281
C02 400.009 87.4652328491211
C02 429.983 89.26576232910156
C02 449.989 90.47035217285156
C02 469.993 91.9933090209961
C02 500.016 94.05281829833984
C02 549.99 97.14820861816406
C02 569.998 98.11571502685547
C02 599.983 99.03046417236328
C02 630.013 99.9540023803711
C02 649.987 100.08877563476562
C02 670.017 100.51841735839844
C02 699.987 100.0485610961914
C02 720.012 99.87459564208984
C02 749.995 99.1343002319336
C02 770.007 98.78717803955078
C02 800.008 97.66845703125
C02 830.013 96.53964233398438
C02 869.994 91.51399230957031
C02 900.005 84.66107177734375
C02 919.989 77.53546905517578
C02 959.989 56.405540466308594
C02 1000.013 29.75215721130371
C02 1030.002 13.013669967651367
C02 1049.996 6.456355094909668
C02 1080.005 0.687248920069188
C02 1100.007 0.09348726885555371
C03 319.992 42.71675109863281
C03 330.006 55.15789031982422
C03 349.994 76.37574768066406
C03 370.001 83.14093780517578
C03 400.009 88.45121002197266
C03 429.983 90.08853912353516
C03 449.989 91.2354736328125
C03 469.993 92.72496795654297
C03 500.016 94.75988006591797
C03 549.99 97.8487548828125
C03 569.998 98.8211898803711
C03 599.983 99.74169921875
C03 630.013 100.67084503173828
C03 649.987 100.8096694946289
C03 670.017 101.24473571777344
C03 699.987 100.77433776855469
C03 720.012 100.60102081298828
C03 749.995 99.86105346679688
C03 770.007 99.50675964355469
C03 800.008 98.37528991699219
C03 830.013 97.24213409423828
C03 869.994 92.18182373046875
C03 900.005 85.25702667236328
C03 919.989 78.14802551269531
C03 959.989 56.815364837646484
C03 1000.013 29.854028701782227
C03 1030.002 13.128999710083008
C03 1049.996 6.483160018920898
C03 1080.005 0.6922871360541777
C03 1100.007 0.09417262322801843
C04 319.992 42.68248748779297
C04 330.006 55.11988830566406
C04 349.994 76.39468383789062
C04 370.001 83.20812225341797
C04 400.009 88.2781982421875
C04 429.983 89.78792572021484
C04 449.989 90.88182067871094
C04 469.993 92.33686065673828
C04 500.016 94.33229064941406
C04 549.99 97.38005828857422
C04 569.998 98.34864044189453
C04 599.983 99.25808715820312
C04 630.013 100.1849594116211
C04 649.987 100.32381439208984
C04 670.017 100.7545166015625
C04 699.987 100.28954315185547
C04 720.012 100.11555480957031
C04 749.995 99.3727798461914
C04 770.007 99.01654815673828
C04 800.008 97.88801574707031
C04 830.013 96.7496566772461
C04 869.994 91.7718276977539
C04 900.005 84.74801635742188
C04 919.989 77.80426025390625
C04 959.989 56.62418746948242
C04 1000.013 29.797534942626953
C04 1030.002 13.033952713012695
C04 1049.996 6.389821529388428
C04 1080.005 0.6889021704348283
C04 1100.007 0.09371216242308757
C05 319.992 42.84535598754883
C05 330.006 55.34029006958008
C05 349.994 76.78411865234375
C05 370.001 83.6845474243164
C05 400.009 88.50712585449219
C05 429.983 89.88676452636719
C05 449.989 90.936279296875
C05 469.993 92.3495101928711
C05 500.016 94.31543731689453
C05 549.99 97.34373474121094
C05 569.998 98.30166625976562
C05 599.983 99.2139663696289
C05 630.013 100.14265441894531
C05 649.987 100.27713775634766
C05 670.017 100.71260070800781
C05 699.987 100.24263000488281
C05 720.012 100.06817626953125
C05 749.995 99.32183074951172
C05 770.007 98.96427154541016
C05 800.008 97.83358764648438
C05 830.013 96.68502807617188
C05 869.994 91.74816131591797
C05 900.005 84.68173217773438
C05 919.989 77.69093322753906
C05 959.989 56.93000030517578
C05 1000.013 29.949115753173828
C05 1030.002 12.968904495239258
C05 1049.996 6.331424713134766
C05 1080.005 0.6885489623200168
C05 1100.007 0.09366411511296882
C06 319.992 43.17538070678711
C06 330.006 55.776832580566406
C06 349.994 77.48973846435547
C06 370.001 84.52386474609375
C06 400.009 89.09868621826172
C06 429.983 90.34809112548828
C06 449.989 91.34693908691406
C06 469.993 92.7352294921875
C06 500.016 94.67768859863281
C06 549.99 97.69403076171875
C06 569.998 98.65491485595703
C06 599.983 99.56815338134766
C06 630.013 100.50023651123047
C06 649.987 100.6435775756836
C06 670.017 101.07131958007812
C06 699.987 100.60553741455078
C06 720.012 100.42692565917969
C06 749.995 99.67509460449219
C06 770.007 99.31112670898438
C06 800.008 98.16931915283203
C06 830.013 97.0096206665039
C06 869.994 92.11164093017578
C06 900.005 84.93733978271484
C06 919.989 77.92646026611328
C06 959.989 56.878108978271484
C06 1000.013 29.809722900390625
C06 1030.002 12.929336547851562
C06 1049.996 6.392648220062256
C06 1080.005 0.6909979579865866
C06 1100.007 0.0939972548380682
C07 319.992 43.299705505371094
C07 330.006 55.94460678100586
C07 349.994 77.77227020263672
C07 370.001 84.84259796142578
C07 400.009 89.26866149902344
C07 429.983 90.4454116821289
C07 449.989 91.41564178466797
C07 469.993 92.78961181640625
C07 500.016 94.71397399902344
C07 549.99 97.71302795410156
C07 569.998 98.6746826171875
C07 599.983 99.58565521240234
C07 630.013 100.51597595214844
C07 649.987 100.65453338623047
C07 670.017 101.08604431152344
C07 699.987 100.6128921508789
C07 720.012 100.43568420410156
C07 749.995 99.68092346191406
C07 770.007 99.30828857421875
C07 800.008 98.1576156616211
C07 830.013 96.98057556152344
C07 869.994 92.07001495361328
C07 900.005 84.89315032958984
C07 919.989 77.89500427246094
C07 959.989 57.050785064697266
C07 1000.013 29.80071258544922
C07 1030.002 13.042742729187012
C07 1049.996 6.446885108947754
C07 1080.005 0.6910383550318825
C07 1100.007 0.0940027500950621
C10 319.992 40.47782897949219
C10 330.006 52.19349670410156
C10 349.994 71.84549713134766
C10 370.001 78.12092590332031
C10 400.009 85.78681945800781
C10 429.983 88.60074615478516
C10 449.989 90.16997528076172
C10 469.993 91.9400405883789
C10 500.016 94.23457336425781
C10 549.99 97.53143310546875
C10 569.998 98.54702758789062
C10 599.983 99.49922943115234
C10 630.013 100.44164276123047
C10 649.987 100.58877563476562
C10 670.017 101.02794647216797
C10 699.987 100.55921936035156
C10 720.012 100.39060974121094
C10 749.995 99.64600372314453
C10 770.007 99.30718994140625
C10 800.008 98.19430541992188
C10 830.013 97.08153533935547
C10 869.994 92.16010284423828
C10 900.005 85.19861602783203
C10 919.989 78.0650634765625
C10 959.989 57.1177864074707
C10 1000.013 30.02305793762207
C10 1030.002 13.196526527404785
C10 1049.996 6.5082526206970215
C10 1080.005 0.6907963190672758
C10 1100.007 0.09396982566166519
C11 319.992 40.67332077026367
C11 330.006 52.457801818847656
C11 349.994 72.27815246582031
C11 370.001 78.62319946289062
C11 400.009 85.84549713134766
C11 429.983 88.41593933105469
C11 449.989 89.88983917236328
C11 469.993 91.59559631347656
C11 500.016 93.8183822631836
C11 549.99 97.05011749267578
C11 569.998 98.04911041259766
C11 599.983 98.98807525634766
C11 630.013 99.92797088623047
C11 649.987 100.06832122802734
C11 670.017 100.50567626953125
C11 699.987 100.03868103027344
C11 720.012 99.87657165527344
C11 749.995 99.13519287109375
C11 770.007 98.79545593261719
C11 800.008 97.6916732788086
C11 830.013 96.58744812011719
C11 869.994 91.61701202392578
C11 900.005 84.79485321044922
C11 919.989 77.61016082763672
C11 959.989 56.55404281616211
C11 1000.013 29.897621154785156
C11 1030.002 13.108514785766602
C11 1049.996 6.471315383911133
C11 1080.005 0.6872551172047557
C11 1100.007 0.09348811185910313
C12 319.992 41.133628845214844
C12 330.006 53.06781768798828
C12 349.994 73.20953369140625
C12 370.001 79.65955352783203
C12 400.009 86.50956726074219
C12 429.983 88.88982391357422
C12 449.989 90.29995727539062
C12 469.993 91.96443176269531
C12 500.016 94.15277862548828
C12 549.99 97.35902404785156
C12 569.998 98.35558319091797
C12 599.983 99.29438018798828
C12 630.013 100.23589324951172
C12 649.987 100.37785339355469
C12 670.017 100.81108856201172
C12 699.987 100.35106658935547
C12 720.012 100.18314361572266
C12 749.995 99.44208526611328
C12 770.007 99.09933471679688
C12 800.008 97.9853286743164
C12 830.013 96.86866760253906
C12 869.994 91.85746002197266
C12 900.005 85.00264739990234
C12 919.989 77.80619812011719
C12 959.989 56.53779983520508
C12 1000.013 29.889707565307617
C12 1030.002 13.12879753112793
C12 1049.996 6.485239505767822
C12 1080.005 0.6893826483870394
C12 1100.007 0.09377752239701523
C13 319.992 41.79197311401367
C13 330.006 53.93519592285156
C13 349.994 74.50323486328125
C13 370.001 81.10206604003906
C13 400.009 87.58740234375
C13 429.983 89.78207397460938
C13 449.989 91.12682342529297
C13 469.993 92.757080078125
C13 500.016 94.9142837524414
C13 549.99 98.11725616455078
C13 569.998 99.11640167236328
C13 599.983 100.05525970458984
C13 630.013 101.00454711914062
C13 649.987 101.14738464355469
C13 670.017 101.58526611328125
C13 699.987 101.11918640136719
C13 720.012 100.94721984863281
C13 749.995 100.20365905761719
C13 770.007 99.84915161132812
C13 800.008 98.71994018554688
C13 830.013 97.59952545166016
C13 869.994 92.51473999023438
C13 900.005 85.6617660522461
C13 919.989 78.38134002685547
C13 959.989 56.875431060791016
C13 1000.013 30.055883407592773
C13 1030.002 13.244048118591309
C13 1049.996 6.5348381996154785
C13 1080.005 0.6946622514695165
C13 1100.007 0.09449571293672893
C14 319.992 41.65032196044922
C14 330.006 53.764312744140625
C14 349.994 74.37178802490234
C14 370.001 81.0331802368164
C14 400.009 87.30064392089844
C14 429.983 89.36846160888672
C14 449.989 90.65998840332031
C14 469.993 92.24915313720703
C14 500.016 94.3615951538086
C14 549.99 97.52339172363281
C14 569.998 98.5143814086914
C14 599.983 99.44828033447266
C14 630.013 100.38922119140625
C14 649.987 100.53487396240234
C14 670.017 100.9731674194336
C14 699.987 100.50802612304688
C14 720.012 100.34198760986328
C14 749.995 99.5971908569336
C14 770.007 99.24681854248047
C14 800.008 98.11568450927734
C14 830.013 96.99735260009766
C14 869.994 91.94943237304688
C14 900.005 85.11753845214844
C14 919.989 77.86474609375
C14 959.989 56.515079498291016
C14 1000.013 29.86659049987793
C14 1030.002 13.125826835632324
C14 1049.996 6.492271423339844
C14 1080.005 0.6904579087138089
C14 1100.007 0.09392379130821014
C15 319.992 41.84242248535156
C15 330.006 54.026180267333984
C15 349.994 74.82244873046875
C15 370.001 81.55751037597656
C15 400.009 87.57345581054688
C15 429.983 89.4920654296875
C15 449.989 90.72744750976562
C15 469.993 92.2750473022461
C15 500.016 94.3589096069336
C15 549.99 97.48697662353516
C15 569.998 98.4734115600586
C15 599.983 99.40611267089844
C15 630.013 100.34713745117188
C15 649.987 100.49160766601562
C15 670.017 100.93287658691406
C15 699.987 100.46609497070312
C15 720.012 100.30258178710938
C15 749.995 99.55048370361328
C15 770.007 99.20276641845703
C15 800.008 98.0654296875
C15 830.013 96.93850708007812
C15 869.994 91.90231323242188
C15 900.005 85.0452880859375
C15 919.989 77.8990478515625
C15 959.989 56.5638427734375
C15 1000.013 29.8660831451416
C15 1030.002 13.116886138916016
C15 1049.996 6.478829860687256
C15 1080.005 0.6901341115823295
C15 1100.007 0.09387974480831573
C16 319.992 42.23420715332031
C16 330.006 54.5467414855957
C16 349.994 75.6376724243164
C16 370.001 82.50990295410156
C16 400.009 88.28397369384766
C16 429.983 90.08308410644531
C16 449.989 91.27859497070312
C16 469.993 92.80867767333984
C16 500.016 94.867431640625
C16 549.99 97.99744415283203
C16 569.998 98.986328125
C16 599.983 99.92208862304688
C16 630.013 100.87008666992188
C16 649.987 101.01547241210938
C16 670.017 101.45559692382812
C16 699.987 100.98847961425781
C16 720.012 100.82337951660156
C16 749.995 100.0638427734375
C16 770.007 99.70587158203125
C16 800.008 98.55550384521484
C16 830.013 97.4177017211914
C16 869.994 92.37429809570312
C16 900.005 85.44694519042969
C16 919.989 78.2664794921875
C16 959.989 56.8561897277832
C16 1000.013 29.97864532470703
C16 1030.002 13.160043716430664
C16 1049.996 6.521090507507324
C16 1080.005 0.6936929634527184
C16 1100.007 0.09436385956194915
C17 319.992 42.21328353881836
C17 330.006 54.52714157104492
C17 349.994 75.67329406738281
C17 370.001 82.57327270507812
C17 400.009 88.22120666503906
C17 429.983 89.94850158691406
C17 449.989 91.11399841308594
C17 469.993 92.62139892578125
C17 500.016 94.66082000732422
C17 549.99 97.773193359375
C17 569.998 98.75811004638672
C17 599.983 99.68990325927734
C17 630.013 100.63377380371094
C17 649.987 100.7798843383789
C17 670.017 101.21766662597656
C17 699.987 100.74736785888672
C17 720.012 100.57546997070312
C17 749.995 99.81503295898438
C17 770.007 99.45362854003906
C17 800.008 98.30390167236328
C17 830.013 97.16448211669922
C17 869.994 92.1535415649414
C17 900.005 85.1952133178711
C17 919.989 78.0545883178711
C17 959.989 56.73667526245117
C17 1000.013 29.893896102905273
C17 1030.002 13.169952392578125
C17 1049.996 6.55808687210083
C17 1080.005 0.6919680821191362
C17 1100.007 0.09412922195064481
