lsstCam/transmission_sensor/r11_s02/19700101T000000.ecsv
# %ECSV 1.0
# ---
# datatype:
# - {name: amp_name, datatype: string}
# - {name: wavelength, unit: nm, datatype: float32}
# - {name: efficiency, unit: '%', datatype: float64}
# meta: !!omap
# - {MODE: AMP}
# - {TYPE: transmission_sensor}
# - {CALIBDATE: '1970-01-01T00:00:00'}
# - {INSTRUME: LSSTCam}
# - {OBSTYPE: transmission_sensor}
# - {DETECTOR: 38}
# - {PARQUETFILE: qe_raft_allvalues_nircorrected_20230725_adjust.parquet}
# - {CORRFILE: qe_corr_factor_bydetnum.parquet}
# - {CALIBCLS: lsst.ip.isr.IntermediateSensorTransmissionCurve}
# - {CALIB_ID: 'raftName=R11 detectorName=S02 detector=38 calibDate=1970-01-01T00:00:00 ccd=38 ccdnum=38 filter=None'}
# - {DATE: '2025-03-03T21:56:47.586561'}
# - {CALIB_CREATION_DATE: '2025-03-03'}
# - {CALIB_CREATION_TIME: '21:56:47'}
# - __serialized_columns__:
#     efficiency:
#       __class__: astropy.units.quantity.Quantity
#       unit: !astropy.units.Unit {unit: '%'}
#       value: !astropy.table.SerializedColumn {name: efficiency}
#     wavelength:
#       __class__: astropy.units.quantity.Quantity
#       unit: !astropy.units.Unit {unit: nm}
#       value: !astropy.table.SerializedColumn {name: wavelength}
# schema: astropy-2.0
amp_name wavelength efficiency
C00 319.992 41.61528490065019
C00 330.006 53.70665501408874
C00 349.994 74.08698373374617
C00 370.001 80.46059405057737
C00 400.009 86.61413701084392
C00 429.983 88.71403543260013
C00 449.989 90.02589735779941
C00 469.993 91.624111157196
C00 500.016 93.74837212704186
C00 549.99 96.89677179691235
C00 569.998 97.87471358971032
C00 599.983 98.79498202967216
C00 630.013 99.71725769843886
C00 649.987 99.85127469646794
C00 670.017 100.27577294398374
C00 699.987 99.80644914021869
C00 720.012 99.63503026804692
C00 749.995 98.89307576103695
C00 770.007 98.54467600099747
C00 800.008 97.4419182857225
C00 830.013 96.31323514191436
C00 869.994 91.37808006620496
C00 900.005 84.40559541472938
C00 919.989 77.35559495772826
C00 959.989 56.65156611798136
C00 1000.013 29.874792938542647
C00 1030.002 13.029308104296694
C00 1049.996 6.438323814018048
C00 1080.005 0.6855766266010013
C00 1100.007 0.09325978483266137
C01 319.992 42.29096255120616
C01 330.006 54.58073037741325
C01 349.994 75.37001664370601
C01 370.001 81.91260957790003
C01 400.009 87.84333481846853
C01 429.983 89.80497194922657
C01 449.989 91.07082083548669
C01 469.993 92.64869420558199
C01 500.016 94.75381755117378
C01 549.99 97.89667052770561
C01 569.998 98.87776872610515
C01 599.983 99.80059599973426
C01 630.013 100.73226427351916
C01 649.987 100.86405952974134
C01 670.017 101.30043260415619
C01 699.987 100.8265963661695
C01 720.012 100.65326986051522
C01 749.995 99.90709404407212
C01 770.007 99.55928419478826
C01 800.008 98.43790981540704
C01 830.013 97.29856997210435
C01 869.994 92.27135817380204
C01 900.005 85.2814749856247
C01 919.989 78.08159889080027
C01 959.989 57.023585291782
C01 1000.013 30.081278940665182
C01 1030.002 13.139749740341847
C01 1049.996 6.5106036827637075
C01 1080.005 0.6926063186459405
C01 1100.007 0.09421604200671528
C02 319.992 42.36219619024317
C02 330.006 54.68710201230349
C02 349.994 75.6033991287549
C02 370.001 82.20280736377688
C02 400.009 87.82961364751614
C02 429.983 89.63764414645098
C02 449.989 90.84725232028147
C02 469.993 92.37655381777033
C02 500.016 94.44464302579438
C02 549.99 97.552928764282
C02 569.998 98.52446581173315
C02 599.983 99.44302580885724
C02 630.013 100.37041148377985
C02 649.987 100.5057462045358
C02 670.017 100.9371778187249
C02 699.987 100.46536413190039
C02 720.012 100.29067393644739
C02 749.995 99.54729445020955
C02 770.007 99.19872614423987
C02 800.008 98.07534453605378
C02 830.013 96.94182718852093
C02 869.994 91.89524026942657
C02 900.005 85.01377042024824
C02 919.989 77.85848238513508
C02 959.989 56.64052635955457
C02 1000.013 29.876104915385525
C02 1030.002 13.067885011713988
C02 1049.996 6.483252317355338
C02 1080.005 0.6901120040859302
C02 1100.007 0.09387673749990205
C03 319.992 42.89470939546845
C03 330.006 55.38767849345424
C03 349.994 76.69392960291317
C03 370.001 83.48730355885785
C03 400.009 88.81969840846574
C03 429.983 90.46384863501504
C03 449.989 91.61556128182868
C03 469.993 93.11126084978255
C03 500.016 95.15465041785656
C03 549.99 98.25639350978174
C03 569.998 99.23287967863726
C03 599.983 100.15722386563799
C03 630.013 101.09024050686435
C03 649.987 101.22964331348055
C03 670.017 101.66652202568594
C03 699.987 101.19416439517765
C03 720.012 101.02012539990945
C03 749.995 100.2770753443533
C03 770.007 99.92130553045776
C03 800.008 98.78512209275662
C03 830.013 97.64724553457503
C03 869.994 92.56585388089849
C03 900.005 85.61220806770986
C03 919.989 78.47359075732724
C03 959.989 57.05205806221446
C03 1000.013 29.978400803236863
C03 1030.002 13.183695218694307
C03 1049.996 6.510168910875629
C03 1080.005 0.6951712093154836
C03 1100.007 0.09456494706368437
C04 319.992 42.86030304217579
C04 330.006 55.34951816262574
C04 349.994 76.71294464830895
C04 370.001 83.55476789800174
C04 400.009 88.64596586034331
C04 429.983 90.16198287406253
C04 449.989 91.26043500693928
C04 469.993 92.72153669213436
C04 500.016 94.72527966072283
C04 549.99 97.78574432211119
C04 569.998 98.75836159575121
C04 599.983 99.67159707371735
C04 630.013 100.60233068370762
C04 649.987 100.74176413503841
C04 670.017 101.17426065305911
C04 699.987 100.7073501205671
C04 720.012 100.53263694157816
C04 749.995 99.78676757228084
C04 770.007 99.42905181900957
C04 800.008 98.29581793508659
C04 830.013 97.15271645306942
C04 869.994 92.15414980171909
C04 900.005 85.1010772120815
C04 919.989 78.12839336996117
C04 959.989 56.860084247739366
C04 1000.013 29.92167169066864
C04 1030.002 13.088252255140521
C04 1049.996 6.416441572514556
C04 1080.005 0.6917721419046595
C04 1100.007 0.09410256797567959
C05 319.992 43.02385005329029
C05 330.006 55.57083812189879
C05 349.994 77.10400185104129
C05 370.001 84.03317785963922
C05 400.009 88.87584718675164
C05 429.983 90.26123344340266
C05 449.989 91.31512050010406
C05 469.993 92.73423892632702
C05 500.016 94.70835611709703
C05 549.99 97.74926945058449
C05 569.998 98.71119171883673
C05 599.983 99.62729247761592
C05 630.013 100.5598494481236
C05 649.987 100.69489304409106
C05 670.017 101.13217013758596
C05 699.987 100.66024153308177
C05 720.012 100.48506102219552
C05 749.995 99.73560622129254
C05 770.007 99.37655742293713
C05 800.008 98.24116308663638
C05 830.013 97.08781860877146
C05 869.994 92.1303848255637
C05 900.005 85.03451689201766
C05 919.989 78.01459422237504
C05 959.989 57.16717110193813
C05 1000.013 30.073883987978533
C05 1030.002 13.0229330460171
C05 1049.996 6.357801474698185
C05 1080.005 0.691417462322264
C05 1100.007 0.09405432050011622
C06 319.992 43.35524965791753
C06 330.006 56.00919927217189
C06 349.994 77.81256128033965
C06 370.001 84.87599178350466
C06 400.009 89.46987199531401
C06 429.983 90.72448193250258
C06 449.989 91.72749110182554
C06 469.993 93.12156513505947
C06 500.016 95.07211654031885
C06 549.99 98.1010248068703
C06 569.998 99.06591195125797
C06 599.983 99.98295503501045
C06 630.013 100.91892123001494
C06 649.987 101.06285945438873
C06 670.017 101.49238343509535
C06 699.987 101.02466081766701
C06 720.012 100.84530496441948
C06 749.995 100.09034177607109
C06 770.007 99.72485758765424
C06 800.008 98.57829325288974
C06 830.013 97.41376345420377
C06 869.994 92.49537869854728
C06 900.005 85.29118936014598
C06 919.989 78.2511024683109
C06 959.989 57.115063595387234
C06 1000.013 29.933910423553307
C06 1030.002 12.98320025827181
C06 1049.996 6.419280039202361
C06 1080.005 0.6938766605226541
C06 1100.007 0.09438884808774171
C07 319.992 43.48009239451977
C07 330.006 56.17767242115484
C07 349.994 78.09627004790458
C07 370.001 85.19605284373797
C07 400.009 89.6405553943359
C07 429.983 90.82220792729244
C07 449.989 91.79648001551969
C07 469.993 93.17617401643781
C07 500.016 95.10855310595231
C07 549.99 98.12010114169523
C07 569.998 99.085762065126
C07 599.983 100.00052977882105
C07 630.013 100.93472624155865
C07 649.987 101.0738609069223
C07 670.017 101.50716950987933
C07 699.987 101.03204619388036
C07 720.012 100.85409999750343
C07 749.995 100.09619491655552
C07 770.007 99.72200762919847
C07 800.008 98.566541004849
C07 830.013 97.38459734710398
C07 869.994 92.45357930786263
C07 900.005 85.24681581343675
C07 919.989 78.21951542875944
C07 959.989 57.288459051649305
C07 1000.013 29.924862571574096
C07 1030.002 13.09707889058637
C07 1049.996 6.473742879362792
C07 1080.005 0.6939172258623355
C07 1100.007 0.09439436623801635
C10 319.992 40.64645991043921
C10 330.006 52.410935192293515
C10 349.994 72.14480599674529
C10 370.001 78.4463782507818
C10 400.009 86.14420797396596
C10 429.983 88.9698575098989
C10 449.989 90.54562405586695
C10 469.993 92.3230634684741
C10 500.016 94.62715528464345
C10 549.99 97.93774976759768
C10 569.998 98.95757522404541
C10 599.983 99.91374394713559
C10 630.013 100.86008337802483
C10 649.987 101.00782920818494
C10 670.017 101.4488296345011
C10 699.987 100.97814980211595
C10 720.012 100.80883775407143
C10 749.995 100.06112970189942
C10 770.007 99.72090441947365
C10 800.008 98.60338361295064
C10 830.013 97.48597772410729
C10 869.994 92.54404250529745
C10 900.005 85.55355408400719
C10 919.989 78.39028310074642
C10 959.989 57.35573952250573
C10 1000.013 30.148134216106836
C10 1030.002 13.251503353229877
C10 1049.996 6.535366048613884
C10 1080.005 0.6936741815741339
C10 1100.007 0.09436130464118962
C11 319.992 40.842766121437805
C11 330.006 52.67634140407662
C11 349.994 72.57926377649899
C11 370.001 78.95074428566701
C11 400.009 86.20313009892118
C11 429.983 88.784280779592
C11 449.989 90.2643208983964
C11 469.993 91.97718423620866
C11 500.016 94.20923032840469
C11 549.99 97.45442899044903
C11 569.998 98.45758372216623
C11 599.983 99.40046030030813
C11 630.013 100.34427154224464
C11 649.987 100.48520658458976
C11 670.017 100.92438365038852
C11 699.987 100.4554429055557
C11 720.012 100.29265818171632
C11 749.995 99.54819080811096
C11 770.007 99.2070385230692
C11 800.008 98.09865750266913
C11 830.013 96.98983213390767
C11 869.994 91.99868916466392
C11 900.005 85.14810918778039
C11 919.989 77.9334853240652
C11 959.989 56.78964737128138
C11 1000.013 30.02217486271715
C11 1030.002 13.163124954033695
C11 1049.996 6.498274931029967
C11 1080.005 0.6901182270388099
C11 1100.007 0.09387758401541042
C12 319.992 41.30499184318868
C12 330.006 53.28889860378014
C12 349.994 73.5145251430682
C12 370.001 79.99141580920657
C12 400.009 86.86996674932134
C12 429.983 89.26013956874084
C12 449.989 90.67614755643412
C12 469.993 92.34755625660073
C12 500.016 94.54501978839525
C12 549.99 97.76462245258817
C12 569.998 98.76533326831775
C12 599.983 99.70804130052946
C12 630.013 100.65347671233863
C12 649.987 100.79602826337775
C12 670.017 101.23106829270844
C12 699.987 100.76912986515674
C12 720.012 100.60050732319023
C12 749.995 99.85636171908793
C12 770.007 99.51218326848158
C12 800.008 98.39353626869782
C12 830.013 97.27222317874573
C12 869.994 92.2401388708255
C12 900.005 85.35676904934331
C12 919.989 78.13033930933689
C12 959.989 56.77333672194714
C12 1000.013 30.014228305168093
C12 1030.002 13.183492197460227
C12 1049.996 6.512257060879934
C12 1080.005 0.6922546215315263
C12 1100.007 0.09416820023973566
C13 319.992 41.9660787790161
C13 330.006 54.15989034270023
C13 349.994 74.81361588346702
C13 370.001 81.43993783906731
C13 400.009 87.9522921011513
C13 429.983 90.15610675004216
C13 449.989 91.50645843675166
C13 469.993 93.14350675069745
C13 500.016 95.30969735126493
C13 549.99 98.52601336981934
C13 569.998 99.52932132510944
C13 599.983 100.4720906467503
C13 630.013 101.42533279959827
C13 649.987 101.5687653861815
C13 670.017 102.00847107330672
C13 699.987 101.54044966991125
C13 720.012 101.36776670326313
C13 749.995 100.62110823256542
C13 770.007 100.26512390566782
C13 800.008 99.13120817684546
C13 830.013 98.00612578700027
C13 869.994 92.900157072232
C13 900.005 86.01863359480316
C13 919.989 78.70787726145619
C13 959.989 57.112374521682995
C13 1000.013 30.18109643722501
C13 1030.002 13.29922291971211
C13 1049.996 6.562062383248144
C13 1080.005 0.697556219478977
C13 1100.007 0.09488938276647935
C14 319.992 41.82383750571209
C14 330.006 53.98829526341963
C14 349.994 74.6816214366001
C14 370.001 81.37076505708569
C14 400.009 87.66433904061729
C14 429.983 89.74077127218524
C14 449.989 91.03767857667037
C14 469.993 92.63346378243664
C14 500.016 94.75470624789655
C14 549.99 97.92967488530633
C14 569.998 98.92479304062539
C14 599.983 99.86258259614729
C14 630.013 100.80744341955813
C14 649.987 100.9537029810612
C14 670.017 101.39382237183324
C14 699.987 100.92674329341104
C14 720.012 100.76001306256973
C14 749.995 100.0121134809316
C14 770.007 99.66028151285934
C14 800.008 98.52443516701857
C14 830.013 97.40144427894334
C14 869.994 92.33249437938554
C14 900.005 85.47213873855158
C14 919.989 78.18913119425515
C14 959.989 56.75052173194368
C14 1000.013 29.99101493387511
C14 1030.002 13.180509126025505
C14 1049.996 6.519318273471881
C14 1080.005 0.6933343614006645
C14 1100.007 0.09431507850828212
C15 319.992 42.016738322803185
C15 330.006 54.2512537286258
C15 349.994 75.13415959795493
C15 370.001 81.89727955943229
C15 400.009 87.93828746658907
C15 429.983 89.86489002740558
C15 449.989 91.10541871824547
C15 469.993 92.65946582275623
C15 500.016 94.75200951301366
C15 549.99 97.8931080796359
C15 569.998 98.88365251130416
C15 599.983 99.82023926177888
C15 630.013 100.7651843581548
C15 649.987 100.91025643696797
C15 670.017 101.35336368741137
C15 699.987 100.8846374555806
C15 720.012 100.72044307487063
C15 749.995 99.96521174526967
C15 770.007 99.61604586736573
C15 800.008 98.47397098328692
C15 830.013 97.34235360805793
C15 869.994 92.2851789400768
C15 900.005 85.3995873767877
C15 919.989 78.22357585344105
C15 959.989 56.79948815525031
C15 1000.013 29.99050546549525
C15 1030.002 13.171531182301425
C15 1049.996 6.5058207131711825
C15 1080.005 0.6930092153279723
C15 1100.007 0.09427084851034769
C16 319.992 42.41015516855804
C16 330.006 54.773983608722
C16 349.994 75.9527795196609
C16 370.001 82.85363981198859
C16 400.009 88.65176537257723
C16 429.983 90.45837089228418
C16 449.989 91.65886226352767
C16 469.993 93.19531930187054
C16 500.016 95.26265005320876
C16 549.99 98.40570222038535
C16 569.998 99.39870589039852
C16 599.983 100.3383647735097
C16 630.013 101.29031218716673
C16 649.987 101.43630360741726
C16 670.017 101.87826168106398
C16 699.987 101.40919835737284
C16 720.012 101.24341045150481
C16 749.995 100.48070947272541
C16 770.007 100.12124697072319
C16 800.008 98.96608679351951
C16 830.013 97.82354457754339
C16 869.994 92.75913009574316
C16 900.005 85.80291778770861
C16 919.989 78.59253821696251
C16 959.989 57.093053029141444
C16 1000.013 30.10353657992226
C16 1030.002 13.214868554598976
C16 1049.996 6.548257418154333
C16 1080.005 0.6965828934012267
C16 1100.007 0.09475698008957793
C17 319.992 42.389144386125366
C17 330.006 54.75430204078415
C17 349.994 75.9885495627523
C17 370.001 82.9172735618102
C17 400.009 88.58873685586853
C17 429.983 90.32322770099435
C17 449.989 91.49357999545018
C17 469.993 93.0072603496828
C17 500.016 95.05517767433574
C17 549.99 98.18051719648614
C17 569.998 99.16953705360415
C17 599.983 100.10521212382015
C17 630.013 101.05301483983048
C17 649.987 101.19973407205224
C17 670.017 101.63934016385508
C17 699.987 101.16708212866916
C17 720.012 100.99446811262885
C17 749.995 100.23086311476939
C17 770.007 99.86795308237713
C17 800.008 98.71343644417958
C17 830.013 97.56927005833082
C17 869.994 92.53745389166315
C17 900.005 85.55013719833173
C17 919.989 78.37976430246745
C17 959.989 56.97304066567459
C17 1000.013 30.01843429224395
C17 1030.002 13.224818510363583
C17 1049.996 6.585407909872745
C17 1080.005 0.6948508261994202
C17 1100.007 0.09452136497627246
