lsstCam/transmission_filter_detector/r03_s02/g_6/19700101T000000.ecsv
# %ECSV 1.0
# ---
# datatype:
# - {name: wavelength, unit: nm, datatype: float32}
# - {name: efficiency, unit: '%', datatype: float64}
# meta: !!omap
# - {MODE: DETECTOR}
# - {TYPE: transmission_filter_detector}
# - {CALIBDATE: '1970-01-01T00:00:00'}
# - {INSTRUME: LSSTCam}
# - {OBSTYPE: transmission_filter_detector}
# - {CALIBCLS: lsst.ip.isr.IntermediateFilterDetectorTransmissionCurve}
# - {SOURCE: Materion (DM-46256)}
# - {DETECTOR: 20}
# - {FILTER: g_6}
# - {CALIB_ID: 'calibDate=1970-01-01T00:00:00 filter=g_6 detector=20'}
# - {DATE: '2025-04-02T15:59:42.121841'}
# - {CALIB_CREATION_DATE: '2025-04-02'}
# - {CALIB_CREATION_TIME: '15:59:42'}
# - __serialized_columns__:
#     efficiency:
#       __class__: astropy.units.quantity.Quantity
#       unit: !astropy.units.Unit {unit: '%'}
#       value: !astropy.table.SerializedColumn {name: efficiency}
#     wavelength:
#       __class__: astropy.units.quantity.Quantity
#       unit: !astropy.units.Unit {unit: nm}
#       value: !astropy.table.SerializedColumn {name: wavelength}
# schema: astropy-2.0
wavelength efficiency
300.0 0.4987532738596201
301.0 0.36654763389378786
302.0 0.2343419473618269
303.0 0.2150550950318575
304.0 0.19576824270188808
305.0 0.20573248621076345
306.0 0.2156966831535101
307.0 0.22082636132836342
308.0 0.22595601622015238
309.0 0.22289264015853405
310.0 0.21982931066304445
311.0 0.2142217243090272
312.0 0.20861418452113867
313.0 0.20354925654828548
314.0 0.1984843285754323
315.0 0.18867849139496684
316.0 0.17887267749756575
317.0 0.17627952620387077
318.0 0.17368639819324017
319.0 0.15982068143785
320.0 0.14595494139939547
321.0 0.14013840118423104
322.0 0.1343218726105988
323.0 0.11481930268928409
324.0 0.09531676769256592
325.0 0.08730054250918329
326.0 0.07928431150503457
327.0 0.07223285501822829
328.0 0.06518139853142202
329.0 0.06195866735652089
330.0 0.05873593036085367
331.0 0.05499849212355912
332.0 0.05126105388626456
333.0 0.04751555679831654
334.0 0.043770059710368514
335.0 0.04238434776198119
336.0 0.040998635813593864
337.0 0.041778406011871994
338.0 0.04255817329976708
339.0 0.041181803680956364
340.0 0.039805436972528696
341.0 0.037871894892305136
342.0 0.035938352812081575
343.0 0.0326149194734171
344.0 0.029291489045135677
345.0 0.02581857843324542
346.0 0.02234566491097212
347.0 0.020872315508313477
348.0 0.01939896319527179
349.0 0.01807193912100047
350.0 0.6852331105619669
351.0 0.8694836869835854
352.0 0.5321456119418144
353.0 0.9730703197419643
354.0 0.41608531028032303
355.0 0.7099227979779243
356.0 0.6382729858160019
357.0 1.0310571640729904
358.0 0.41393106803297997
359.0 1.0419431142508984
360.0 0.569617748260498
361.0 0.771870044991374
362.0 0.47754645347595215
363.0 0.8423324674367905
364.0 0.4144134931266308
365.0 0.7612708956003189
366.0 0.4517672583460808
367.0 0.7278110831975937
368.0 0.33742685336619616
369.0 0.5700051318854094
370.0 0.3315130714327097
371.0 0.5252453964203596
372.0 0.428919168189168
373.0 0.44814664870500565
374.0 0.3799113677814603
375.0 0.5479762330651283
376.0 0.3323526354506612
377.0 0.5932913161814213
378.0 0.3062592586502433
379.0 0.5129758268594742
380.0 0.3815596690401435
381.0 0.4827459342777729
382.0 0.6353457923978567
383.0 0.6205486599355936
384.0 0.5749563220888376
385.0 0.6194353103637695
386.0 0.6672896444797516
387.0 0.863181333988905
388.0 1.1116310954093933
389.0 1.5291903167963028
390.0 2.360287494957447
391.0 3.6840353161096573
392.0 5.774381011724472
393.0 9.104916453361511
394.0 13.53628784418106
395.0 19.396638870239258
396.0 26.294702291488647
397.0 34.75669324398041
398.0 44.11896467208862
399.0 53.87187600135803
400.0 63.109374046325684
401.0 71.36960625648499
402.0 78.54089140892029
403.0 83.91740918159485
404.0 87.70596981048584
405.0 90.30546545982361
406.0 91.64760708808899
407.0 92.70743131637573
408.0 93.21786761283875
409.0 93.35253238677979
410.0 93.3163046836853
411.0 93.07448863983154
412.0 92.61484742164612
413.0 92.49464273452759
414.0 92.58583188056946
415.0 92.91415810585022
416.0 93.32565069198608
417.0 93.78947615623474
418.0 94.31793689727783
419.0 94.83357071876526
420.0 95.28278112411499
421.0 95.71049809455872
422.0 95.70801854133606
423.0 95.86368799209595
424.0 95.65955996513367
425.0 95.49890756607056
426.0 95.35975456237793
427.0 95.39685845375061
428.0 95.22370100021362
429.0 95.16182541847229
430.0 95.12553811073303
431.0 95.27707695960999
432.0 95.3656554222107
433.0 95.3643262386322
434.0 95.4124391078949
435.0 95.52668333053589
436.0 95.50976157188416
437.0 95.61017155647278
438.0 95.73081731796265
439.0 95.79237103462219
440.0 95.77485918998718
441.0 95.90294361114502
442.0 95.76720595359802
443.0 95.67957520484924
444.0 95.57395577430725
445.0 95.24474740028381
446.0 95.21554708480835
447.0 95.09649276733398
448.0 95.25690078735352
449.0 95.50676345825195
450.0 95.7881212234497
451.0 96.06162309646606
452.0 96.22505903244019
453.0 96.25452756881714
454.0 96.29924893379211
455.0 96.58026099205017
456.0 96.6424286365509
457.0 96.78791761398315
458.0 96.76430821418762
459.0 96.78343534469604
460.0 96.72629237174988
461.0 96.88331484794617
462.0 96.72679901123047
463.0 96.57331109046936
464.0 96.69022560119629
465.0 96.5931236743927
466.0 96.6284692287445
467.0 96.60147428512573
468.0 96.63521647453308
469.0 96.6755211353302
470.0 96.49294018745422
471.0 96.34908437728882
472.0 96.44542932510376
473.0 96.2911307811737
474.0 96.24993205070496
475.0 96.39486074447632
476.0 96.45553827285767
477.0 96.53422832489014
478.0 96.68126106262207
479.0 96.61884307861328
480.0 96.80324792861938
481.0 96.88726663589478
482.0 97.06718325614929
483.0 96.9845712184906
484.0 97.1509575843811
485.0 97.16045260429382
486.0 97.16752767562866
487.0 97.16306328773499
488.0 97.20265865325928
489.0 97.28959798812866
490.0 97.28199243545532
491.0 97.36045598983765
492.0 97.28685021400452
493.0 97.32905626296997
494.0 97.26021885871887
495.0 97.33577966690063
496.0 97.15352654457092
497.0 97.09741473197937
498.0 96.87283039093018
499.0 96.91981077194214
500.0 96.88824415206909
501.0 96.86717987060547
502.0 96.8303382396698
503.0 97.02721834182739
504.0 96.84131145477295
505.0 96.85531854629517
506.0 96.85146808624268
507.0 96.72471880912781
508.0 96.80721163749695
509.0 96.79175615310669
510.0 96.7172622680664
511.0 96.70693874359131
512.0 96.66935205459595
513.0 96.76460027694702
514.0 96.77146673202515
515.0 96.8132495880127
516.0 96.92760109901428
517.0 96.92396521568298
518.0 97.00281620025635
519.0 96.95951342582703
520.0 96.97820544242859
521.0 97.03441262245178
522.0 97.01361060142517
523.0 96.98830842971802
524.0 97.02563881874084
525.0 97.00679779052734
526.0 97.09430932998657
527.0 97.00278043746948
528.0 97.09578156471252
529.0 97.18838334083557
530.0 97.20792770385742
531.0 97.27953672409058
532.0 97.12793827056885
533.0 97.04803824424744
534.0 96.9195306301117
535.0 96.5115487575531
536.0 95.8392322063446
537.0 94.81338262557983
538.0 93.53700280189514
539.0 91.41649603843689
540.0 88.92852067947388
541.0 85.34102439880371
542.0 81.69217109680176
543.0 77.19486355781555
544.0 71.9103217124939
545.0 67.43408441543579
546.0 62.53015995025635
547.0 58.422958850860596
548.0 54.72855567932129
549.0 51.64192318916321
550.0 49.303463101387024
551.0 46.87740206718445
552.0 44.5629745721817
553.0 41.60484075546265
554.0 37.65650987625122
555.0 33.2444041967392
556.0 27.70335078239441
557.0 21.93148136138916
558.0 16.424274444580078
559.0 11.681979894638062
560.0 7.766891270875931
561.0 4.638012498617172
562.0 2.64258049428463
563.0 1.3821406289935112
564.0 0.7052519358694553
565.0 0.3444200614467263
566.0 0.20539925899356604
567.0 0.1138262334279716
568.0 0.09373867069371045
569.0 0.0620336621068418
570.0 0.05493141943588853
571.0 0.03223682288080454
572.0 0.035370056866668165
573.0 0.031080777989700437
574.0 0.033964510657824576
575.0 0.016703280562069267
576.0 0.028908334206789732
577.0 0.020366547687444836
578.0 0.024790054885670543
579.0 0.017055174976121634
580.0 0.017697717703413218
581.0 0.013137642235960811
582.0 0.00619132915744558
583.0 0.012608931865543127
584.0 0.011827903654193506
585.0 0.010200602991972119
586.0 0.016421315376646817
587.0 0.01506372937001288
588.0 0.015689789142925292
589.0 0.010364536865381524
590.0 0.010832893167389557
591.0 0.011511577758938074
592.0 0.010728374763857573
593.0 0.0026079329472850077
594.0 0.016364507609978318
595.0 0.0037005345802754164
596.0 0.008395835902774706
597.0 0.007684645242989063
598.0 0.001105660976463696
599.0 0.004305559923523106
600.0 0.0066729713580571115
601.0 0.0022233340132515877
602.0 0.0023611439246451482
603.0 0.002498953472240828
604.0 0.0021853147700312547
605.0 0.0018716760678216815
606.0 0.0018889551938627847
607.0 0.0019062341380049475
608.0 0.0017938866221811622
609.0 0.001681539106357377
610.0 0.0017684695194475353
611.0 0.0018553995687398128
612.0 0.0017616021068533882
613.0 0.001667804826865904
614.0 0.0017338865291094407
615.0 0.0017999685951508582
616.0 0.0018748154616332613
617.0 0.001949662146216724
618.0 0.0018257733245263807
619.0 0.0017018845028360374
620.0 0.001684292328718584
621.0 0.0016667005183990113
622.0 0.0015406410966534168
623.0 0.0014145816749078222
624.0 0.0014382841072801966
625.0 0.001461986539652571
626.0 0.0013868025234842207
627.0 0.0013116186892148107
628.0 0.0013874831893190276
629.0 0.0014633480532211252
630.0 0.0013181824215280358
631.0 0.001173016607936006
632.0 0.0013531620425055735
633.0 0.0015333071132772602
634.0 0.0014436673154705204
635.0 0.0013540271538658999
636.0 0.0013646130355482455
637.0 0.001375199371977942
638.0 0.0012271853847778402
639.0 0.0010791713975777384
640.0 0.001069439804268768
641.0 0.0010597081200103275
642.0 0.001284183144889539
643.0 0.0015086582607182208
644.0 0.0013785039300273638
645.0 0.0012483493264880963
646.0 0.0011998222362308297
647.0 0.0011512951459735632
648.0 0.0010627609299262986
649.0 0.0009742266229295637
650.0 0.0012119370694563258
651.0 0.0014496468793367967
652.0 0.0011643718607956544
653.0 0.0008790969332039822
654.0 0.0010091850526805501
655.0 0.0011392732631065883
656.0 0.0011032547263312154
657.0 0.001067236007656902
658.0 0.0009898903044813778
659.0 0.0009125448741542641
660.0 0.0008655598321638536
661.0 0.0008185746992239729
662.0 0.0009299997145717498
663.0 0.0010414250027679373
664.0 0.001084520135918865
665.0 0.0011276150871708523
666.0 0.0010451309208292514
667.0 0.0009626463906897698
668.0 0.0010502074474061374
669.0 0.001137768504122505
670.0 0.0011684429409797303
671.0 0.0011991172868874855
672.0 0.001206350225402275
673.0 0.0012135831639170647
674.0 0.0011526487469382118
675.0 0.0010917141480604187
676.0 0.0010687303984013852
677.0 0.001045746284944471
678.0 0.0010807857506733853
679.0 0.0011158252164022997
680.0 0.0010074758392875083
681.0 0.0008991263712232467
682.0 0.0009856018550635781
683.0 0.0010720772479544394
684.0 0.0009135146683547646
685.0 0.0007549518159066793
686.0 0.0009478811989538372
687.0 0.001140810582000995
688.0 0.0011176104635524098
689.0 0.0010944104360532947
690.0 0.0009970866813091561
691.0 0.0008997630175144877
692.0 0.0008847920980770141
693.0 0.0008698212695890106
694.0 0.0009870141184364911
695.0 0.0011042070582334418
696.0 0.0011318950782879256
697.0 0.0011595828254939988
698.0 0.0012648797564907
699.0 0.0013701765965379309
700.0 0.0011755196283047553
701.0 0.0009808626600715797
702.0 0.0011309773071843665
703.0 0.001281091772398213
704.0 0.0012264423276064917
705.0 0.0011717925190168899
706.0 0.0011415345397836063
707.0 0.0011112767424492631
708.0 0.0010841738912859
709.0 0.0010570712220214773
710.0 0.0011246126632613596
711.0 0.0011921542864001822
712.0 0.0011531251402630005
713.0 0.0011140961760247592
714.0 0.0011539978004293516
715.0 0.0011938996976823546
716.0 0.0014375641512742732
717.0 0.0016812289686640725
718.0 0.0019292987417429686
719.0 0.0021773683329229243
720.0 0.0017924472558661364
721.0 0.0014075258150114678
722.0 0.0015970610547810793
723.0 0.0017865968402475119
724.0 0.001686657196842134
725.0 0.0015867177353356965
726.0 0.0016532269000890665
727.0 0.0017197362467413768
728.0 0.0018380827896180563
729.0 0.0019564291505957954
730.0 0.0019193750631529838
731.0 0.0018823207938112319
732.0 0.0017530312106828205
733.0 0.0016237418094533496
734.0 0.0014581291907234117
735.0 0.001292516662942944
736.0 0.0011756916137528606
737.0 0.0010588664736133069
738.0 0.0010748531167337205
739.0 0.0010908397598541342
740.0 0.0009969536222342867
741.0 0.0009030674846144393
742.0 0.0009283629879064392
743.0 0.0009536584911984392
744.0 0.0010253434084006585
745.0 0.0010970282346534077
746.0 0.0010547289093665313
747.0 0.001012429675029125
748.0 0.001166734000435099
749.0 0.0013210385077400133
750.0 0.0011234564226469956
751.0 0.0009258746104023885
752.0 0.0008557977707823738
753.0 0.0007857209311623592
754.0 0.0009154662620858289
755.0 0.0010452115020598285
756.0 0.0009443658200325444
757.0 0.0008435200470557902
758.0 0.0008498032002535183
759.0 0.0008560867172491271
760.0 0.000677344996802276
761.0 0.0004986032308806898
762.0 0.0005764637080574175
763.0 0.00065432404880994
764.0 0.0007724540409981273
765.0 0.0008905843060347252
766.0 0.0007714283128734678
767.0 0.0006522724106616806
768.0 0.0005315067937772255
769.0 0.00041074113141803537
770.0 0.0003626093985076295
771.0 0.0003144776883345912
772.0 0.0005252001756161917
773.0 0.0007359227765846299
774.0 0.0008447406798950396
775.0 0.0009535587196296547
776.0 0.0008868343684298452
777.0 0.0008201099262805656
778.0 0.0008166631232597865
779.0 0.0008132164111884777
780.0 0.0007237678346427856
781.0 0.0006343193490465637
782.0 0.0005950615559413563
783.0 0.0005558035809372086
784.0 0.000701003591530025
785.0 0.0008462035111733712
786.0 0.0007224821729323594
787.0 0.0005987611075397581
788.0 0.0004346455625636736
789.0 0.0002705301312744268
790.0 0.00023770351162966108
791.0 0.00020487684651016025
792.0 0.00028357851533655776
793.0 0.0003622802069003228
794.0 0.0002849994643838727
795.0 0.00020771876734215766
796.0 0.00038416828829213046
797.0 0.0005606179001915734
798.0 0.000574432533539948
799.0 0.0005882472123630578
800.0 0.0005614402198261814
801.0 0.0005346334091882454
802.0 0.0004064789209223818
803.0 0.00027832456908072345
804.0 0.00021793748601339757
805.0 0.00015755047115817433
806.0 0.0002797326033032732
807.0 0.00040191475818573963
808.0 0.00045303931983653456
809.0 0.0005041639269620646
810.0 0.00036030326100444654
811.0 0.0002164425495720934
812.0 0.00017101009461839567
813.0 0.00012557759418996284
814.0 0.00029134605483704945
815.0 0.0004571145382215036
816.0 0.0005433094429463381
817.0 0.0006295042112469673
818.0 0.000406290746468585
819.0 0.00018307734990230529
820.0 0.0003776567609747872
821.0 0.0005722361038351664
822.0 0.0004773202363139717
823.0 0.00038240436879277695
824.0 0.00047299231482611503
825.0 0.0005635802608594531
826.0 0.0006068892162147677
827.0 0.0006501981260953471
828.0 0.0005307814262778265
829.0 0.0004113646355108358
830.0 0.00038128973756101914
831.0 0.0003512148396112025
832.0 0.0004586409431794891
833.0 0.0005660669557983056
834.0 0.0004738851657748455
835.0 0.00038170342122612055
836.0 0.0004583649570122361
837.0 0.0005350265837478219
838.0 0.00047305384214269
839.0 0.00041108119148702826
840.0 0.0005385268650570652
841.0 0.000665972493152367
842.0 0.0003917221420124406
843.0 0.00011747173402909539
844.0 0.0001490655449742917
845.0 0.00018065936728817178
846.0 0.0004775075922225369
847.0 0.0007743559763184749
848.0 0.0006993141596467467
849.0 0.0006242724339244887
850.0 0.0005826519554830156
851.0 0.0005410315225162776
852.0 0.0005993927970848745
853.0 0.0006577537988050608
854.0 0.0006607321211049566
855.0 0.0006637103069806471
856.0 0.0006082048457756173
857.0 0.0005526993845705874
858.0 0.000545768170923111
859.0 0.0005388369118008995
860.0 0.0005831172074977076
861.0 0.0006273974577197805
862.0 0.0005683639301423682
863.0 0.0005093304025649559
864.0 0.00047769121920282487
865.0 0.00044605203584069386
866.0 0.00047035123316163663
867.0 0.0004946505214320496
868.0 0.0006453074547607685
869.0 0.0007959643880894873
870.0 0.0006349965133267688
871.0 0.00047402841119037475
872.0 0.0003556177944119554
873.0 0.00023720706394669833
874.0 0.00038338812373694964
875.0 0.0005295692517393036
876.0 0.0006040524567652028
877.0 0.0006785356163163669
878.0 0.0006834749456174904
879.0 0.0006884141839691438
880.0 0.0007040200671326602
881.0 0.0007196262231445871
882.0 0.000597809457758558
883.0 0.00047599296522093937
884.0 0.0005565005722019123
885.0 0.0006370083610818256
886.0 0.0007090061899361899
887.0 0.0007810042916389648
888.0 0.0006816596396674868
889.0 0.000582315124120214
890.0 0.0006169596872496186
891.0 0.0006516043868032284
892.0 0.0006120270882092882
893.0 0.0005724498350900831
894.0 0.0005592381057795137
895.0 0.0005460263764689444
896.0 0.00037209943002380896
897.0 0.0001981723471544683
898.0 0.00031768640837981366
899.0 0.000437200469605159
900.0 0.00035054558793490287
901.0 0.0002638906835272792
902.0 0.00046477011892420705
903.0 0.0006656495315837674
904.0 0.0003770555395021802
905.0 8.846147920849035e-05
