lsstCam/transmission_filter_detector/r03_s02/g_6/19700101T000000.ecsv
# %ECSV 1.0
# ---
# datatype:
# - {name: wavelength, unit: nm, datatype: float32}
# - {name: efficiency, unit: '%', datatype: float64}
# meta: !!omap
# - {MODE: DETECTOR}
# - {TYPE: transmission_filter_detector}
# - {CALIBDATE: '1970-01-01T00:00:00'}
# - {INSTRUME: LSSTCam}
# - {OBSTYPE: transmission_filter_detector}
# - {CALIBCLS: lsst.ip.isr.IntermediateFilterDetectorTransmissionCurve}
# - {SOURCE: Materion (DM-46256)}
# - {DETECTOR: 20}
# - {FILTER: g_6}
# - {CALIB_ID: 'calibDate=1970-01-01T00:00:00 filter=g_6 detector=20'}
# - {DATE: '2025-04-02T15:59:42.121841'}
# - {CALIB_CREATION_DATE: '2025-04-02'}
# - {CALIB_CREATION_TIME: '15:59:42'}
# - __serialized_columns__:
#     efficiency:
#       __class__: astropy.units.quantity.Quantity
#       unit: !astropy.units.Unit {unit: '%'}
#       value: !astropy.table.SerializedColumn {name: efficiency}
#     wavelength:
#       __class__: astropy.units.quantity.Quantity
#       unit: !astropy.units.Unit {unit: nm}
#       value: !astropy.table.SerializedColumn {name: wavelength}
# schema: astropy-2.0
wavelength efficiency
[from data line 607]
907.0 0.0005941411927778972
908.0 0.0004820798039872898
909.0 0.00037001852888352005
910.0 0.0003042895286853309
911.0 0.00023856055122450925
912.0 0.0004034392077301163
913.0 0.0005683179551851936
914.0 0.00036829883356404025
915.0 0.00016827979152367334
916.0 0.00017064896837837296
917.0 0.00017301811112702126
918.0 0.00024531689177820226
919.0 0.0003176156496920157
920.0 0.0003619028348111897
921.0 0.0004061900654050987
922.0 0.0005269074790703598
923.0 0.000647624938210356
924.0 0.0005537142897082958
925.0 0.00045980355025676545
926.0 0.0005419441549747717
927.0 0.0006240848506422481
928.0 0.0005435413186205551
929.0 0.00046299783207359724
930.0 0.0004923537289869273
931.0 0.0005217097168497276
932.0 0.0004507854100666009
933.0 0.0003798611487582093
934.0 0.0004319011168263387
935.0 0.00048394113036920317
936.0 0.0005426932602858869
937.0 0.0006014453902025707
938.0 0.0006563604983966798
939.0 0.0007112756065907888
940.0 0.0006242525159905199
941.0 0.0005372293344407808
942.0 0.0006450280579883838
943.0 0.0007528267815359868
944.0 0.0006362680323945824
945.0 0.0005197091468289727
946.0 0.00047798839659662917
947.0 0.0004362676463642856
948.0 0.000871884185471572
949.0 0.0013075008610030636
950.0 0.0011122475370939355
951.0 0.0009169943041342776
952.0 0.0009328607120551169
953.0 0.0009487271199759562
954.0 0.0008479655662085861
955.0 0.000747204012441216
956.0 0.0006533190571644809
957.0 0.0005594338745140703
958.0 0.0006756544280506205
959.0 0.0007918749361124355
960.0 0.0006415194093278842
961.0 0.0004911637461191276
962.0 0.0005207594767853152
963.0 0.0005503552074515028
964.0 0.0006714506525895558
965.0 0.0007925459613034036
966.0 0.0008381109182664659
967.0 0.000883675784280058
968.0 0.0007693345651205163
969.0 0.0006549933459609747
970.0 0.0007155495950428303
971.0 0.0007761059350741562
972.0 0.0008614281796326395
973.0 0.0009467506060900632
974.0 0.0009050650987774134
975.0 0.0008633799552626442
976.0 0.000899499991646735
977.0 0.0009356203008792363
978.0 0.0009772234989213757
979.0 0.001018826606014045
980.0 0.001083791175915394
981.0 0.001148755745816743
982.0 0.0010366425158281345
983.0 0.0009245291039405856
984.0 0.0009511034477327485
985.0 0.0009776779734238517
986.0 0.0011652819921437185
987.0 0.001352885828964645
988.0 0.0014503552847600076
989.0 0.0015478244677069597
990.0 0.0016592815882177092
991.0 0.001770738890627399
992.0 0.001751254967530258
993.0 0.001731771044433117
994.0 0.001637793320696801
995.0 0.0015438157788594253
996.0 0.001462012096453691
997.0 0.0013802083230984863
998.0 0.0014712774827785324
999.0 0.0015623465515091084
1000.0 0.0014445882698055357
1001.0 0.0013268298062030226
1002.0 0.0012488232641771901
1003.0 0.0011708167221513577
1004.0 0.0011552515388757456
1005.0 0.0011396862646506634
1006.0 0.0013821438187733293
1007.0 0.001624601281946525
1008.0 0.0016660846085869707
1009.0 0.0017075684809242375
1010.0 0.0017751275663613342
1011.0 0.0018426870155963115
1012.0 0.0019818078726530075
1013.0 0.002120928911608644
1014.0 0.0021675123207387514
1015.0 0.0022140960936667398
1016.0 0.0024869996195775457
1017.0 0.002759903327387292
1018.0 0.003027090679097455
1019.0 0.0032942782127065584
1020.0 0.0033133808756247163
1021.0 0.003332483902340755
1022.0 0.003574990842025727
1023.0 0.0038174985093064606
1024.0 0.004006028393632732
1025.0 0.004194558277959004
1026.0 0.00429272731707897
1027.0 0.004390896356198937
1028.0 0.004469038321985863
1029.0 0.00454718065157067
1030.0 0.0046589721023337916
1031.0 0.004770763189299032
1032.0 0.005107369725010358
1033.0 0.0054439762607216835
1034.0 0.005356029942049645
1035.0 0.005268083623377606
1036.0 0.005323101868270896
1037.0 0.005378119749366306
1038.0 0.0055877873819554225
1039.0 0.005797455014544539
1040.0 0.0062829167291056365
1041.0 0.006768378079868853
1042.0 0.0069470712332986295
1043.0 0.007125764386728406
1044.0 0.0073281931690871716
1045.0 0.007530621223850176
1046.0 0.008629018702777103
1047.0 0.009727415454108268
1048.0 0.011208956129848957
1049.0 0.0126904938952066
1050.0 0.015151068510022014
1051.0 0.01761163875926286
1052.0 0.02116471587214619
1053.0 0.02471779880579561
1054.0 0.02957786782644689
1055.0 0.03443793684709817
1056.0 0.041334249544888735
1057.0 0.04823055933229625
1058.0 0.056013528956100345
1059.0 0.06379649275913835
1060.0 0.07130265003070235
1061.0 0.0788087781984359
1062.0 0.08598357671871781
1063.0 0.09315834031440318
1064.0 0.09831584757193923
1065.0 0.10347333736717701
1066.0 0.10834046406671405
1067.0 0.11320759076625109
1068.0 0.11910846224054694
1069.0 0.12500938028097153
1070.0 0.13443228090181947
1071.0 0.1438551931641996
1072.0 0.15692865708842874
1073.0 0.17000208608806133
1074.0 0.18487609922885895
1075.0 0.1997501589357853
1076.0 0.21419762633740902
1077.0 0.2286451170220971
1078.0 0.2431343775242567
1079.0 0.25762361474335194
1080.0 0.2750642132014036
1081.0 0.29250478837639093
1082.0 0.3200228791683912
1083.0 0.3475409932434559
1084.0 0.3858358832076192
1085.0 0.4241308197379112
1086.0 0.4598928149789572
1087.0 0.4956547636538744
1088.0 0.5604396108537912
1089.0 0.6252244114875793
1090.0 0.7034560199826956
1091.0 0.7816875353455544
1092.0 0.8106609806418419
1093.0 0.8396340534090996
1094.0 0.8756968192756176
1095.0 0.9117593057453632
1096.0 0.9543828666210175
1097.0 0.9970067068934441
1098.0 1.0130004025995731
1099.0 1.0289942845702171
1100.0 1.1823492124676704
1101.0 1.335703767836094
