lsstCam/transmission_sensor/r03_s10/19700101T000000.ecsv
# %ECSV 1.0
# ---
# datatype:
# - {name: amp_name, datatype: string}
# - {name: wavelength, unit: nm, datatype: float32}
# - {name: efficiency, unit: '%', datatype: float64}
# meta: !!omap
# - {MODE: AMP}
# - {TYPE: transmission_sensor}
# - {CALIBDATE: '1970-01-01T00:00:00'}
# - {INSTRUME: LSSTCam}
# - {OBSTYPE: transmission_sensor}
# - {DETECTOR: 21}
# - {PARQUETFILE: qe_raft_allvalues_nircorrected_20230725_adjust.parquet}
# - {CORRFILE: qe_corr_factor_bydetnum.parquet}
# - {CALIBCLS: lsst.ip.isr.IntermediateSensorTransmissionCurve}
# - {CALIB_ID: 'raftName=R03 detectorName=S10 detector=21 calibDate=1970-01-01T00:00:00 ccd=21 ccdnum=21 filter=None'}
# - {DATE: '2025-03-03T21:56:47.490730'}
# - {CALIB_CREATION_DATE: '2025-03-03'}
# - {CALIB_CREATION_TIME: '21:56:47'}
# - __serialized_columns__:
#     efficiency:
#       __class__: astropy.units.quantity.Quantity
#       unit: !astropy.units.Unit {unit: '%'}
#       value: !astropy.table.SerializedColumn {name: efficiency}
#     wavelength:
#       __class__: astropy.units.quantity.Quantity
#       unit: !astropy.units.Unit {unit: nm}
#       value: !astropy.table.SerializedColumn {name: wavelength}
# schema: astropy-2.0
amp_name wavelength efficiency
C00 319.992 46.944915943273124
C00 330.006 49.886675889318894
C00 349.994 57.258488348372076
C00 370.001 68.97779565367712
C00 400.009 87.02198177204842
C00 429.983 90.52680123517547
C00 449.989 90.00269325819548
C00 469.993 88.76628808277916
C00 500.016 87.96230012259105
C00 549.99 89.22325671096036
C00 569.998 90.18527860242025
C00 599.983 92.43238743885311
C00 630.013 94.53842708710859
C00 649.987 95.49623075950485
C00 670.017 96.49806927047474
C00 699.987 98.04780926994877
C00 720.012 98.78607416178595
C00 749.995 99.63519936262603
C00 770.007 100.07833437583808
C00 800.008 100.6165515683068
C00 830.013 100.15608434464089
C00 869.994 97.16718139860617
C00 900.005 91.85736226587987
C00 919.989 85.16374526874941
C00 959.989 72.31419257705804
C00 1000.013 37.89817960429462
C00 1030.002 16.697720641015884
C00 1049.996 8.99346792605255
C00 1080.005 0.6907229628879227
C00 1100.007 0.09395984693538255
C01 319.992 46.948322671917985
C01 330.006 49.77586534152093
C01 349.994 56.99239604671317
C01 370.001 68.67490302708367
C01 400.009 86.98725610658076
C01 429.983 90.64801953037275
C01 449.989 90.14632706231897
C01 469.993 88.86607843757874
C01 500.016 88.0069780290437
C01 549.99 89.24563394203662
C01 569.998 90.22595264576896
C01 599.983 92.52227148608762
C01 630.013 94.6707689254991
C01 649.987 95.64757372260674
C01 670.017 96.66213579089745
C01 699.987 98.2336099535687
C01 720.012 98.98700225170309
C01 749.995 99.84866727618426
C01 770.007 100.29595160833006
C01 800.008 100.84399089709397
C01 830.013 100.40670473935312
C01 869.994 97.2947997503138
C01 900.005 91.90491866664819
C01 919.989 85.37069829224747
C01 959.989 72.62524604125917
C01 1000.013 38.09776031389378
C01 1030.002 16.637015798792387
C01 1049.996 8.866474460245222
C01 1080.005 0.6922028414094008
C01 1100.007 0.0941611565295789
C02 319.992 46.86334201726108
C02 330.006 49.61352897991562
C02 349.994 56.71364143229334
C02 370.001 68.40827483552557
C02 400.009 87.01715876295569
C02 429.983 90.84010543695321
C02 449.989 90.34555561569867
C02 469.993 89.05605140684239
C02 500.016 88.14349215307793
C02 549.99 89.31539149577148
C02 569.998 90.27521623864469
C02 599.983 92.56154456012843
C02 630.013 94.71008793295984
C02 649.987 95.69142482750064
C02 670.017 96.72429901920374
C02 699.987 98.30684313607831
C02 720.012 99.06084787981177
C02 749.995 99.94022023767626
C02 770.007 100.41402346426209
C02 800.008 100.98166866776644
C02 830.013 100.55178544620442
C02 869.994 97.39626667494086
C02 900.005 91.94142807992314
C02 919.989 85.50082001534132
C02 959.989 72.91930414008593
C02 1000.013 38.235862968700616
C02 1030.002 16.664116516551537
C02 1049.996 8.870142435215943
C02 1080.005 0.6928375707439903
C02 1100.007 0.09424749949821871
C03 319.992 46.60245933097932
C03 330.006 49.25555069947021
C03 349.994 56.19601389530859
C03 370.001 67.83528604416927
C03 400.009 86.68336060031884
C03 429.983 90.67732505228858
C03 449.989 90.20651515356825
C03 469.993 88.91386450544671
C03 500.016 87.96318051313972
C03 549.99 89.06552134691812
C03 569.998 89.99812288291237
C03 599.983 92.26393427682703
C03 630.013 94.3946631382953
C03 649.987 95.3777837806434
C03 670.017 96.42012791242223
C03 699.987 98.00502228928326
C03 720.012 98.75809305347813
C03 749.995 99.65486652192638
C03 770.007 100.15051108968929
C03 800.008 100.72857552394794
C03 830.013 100.31081872524764
C03 869.994 97.1728005869777
C03 900.005 91.69377804636645
C03 919.989 85.26410213572814
C03 959.989 72.68419393017032
C03 1000.013 38.241589335051984
C03 1030.002 16.636996659867414
C03 1049.996 8.853528891394735
C03 1080.005 0.6908593846318661
C03 1100.007 0.09397840454366879
C04 319.992 46.567400648217166
C04 330.006 49.12467107494749
C04 349.994 55.91190038189684
C04 370.001 67.52414071312826
C04 400.009 86.68966113441934
C04 429.983 90.87669140592807
C04 449.989 90.42790658206454
C04 469.993 89.12668169555593
C04 500.016 88.13614280588901
C04 549.99 89.1818247661828
C04 569.998 90.10095249899737
C04 599.983 92.36013416930201
C04 630.013 94.49712528702085
C04 649.987 95.47853108169154
C04 670.017 96.53310881431193
C04 699.987 98.13468467817782
C04 720.012 98.89314496364456
C04 749.995 99.8086439562846
C04 770.007 100.32105422232222
C04 800.008 100.92182507716664
C04 830.013 100.51132575881542
C04 869.994 97.40845434236249
C04 900.005 91.92313126765073
C04 919.989 85.46973840118818
C04 959.989 72.76425588110963
C04 1000.013 38.343618944073185
C04 1030.002 16.664774895570545
C04 1049.996 8.87598267817089
C04 1080.005 0.6919254748606071
C04 1100.007 0.0941234260357776
C05 319.992 46.58580846625442
C05 330.006 49.06597964763096
C05 349.994 55.749778376251214
C05 370.001 67.3461869887465
C05 400.009 86.78801989763107
C05 429.983 91.14402390992511
C05 449.989 90.72687955682389
C05 469.993 89.39766590643745
C05 500.016 88.35225954666323
C05 549.99 89.34286733646006
C05 569.998 90.26105343416604
C05 599.983 92.51321494679128
C05 630.013 94.65346733732518
C05 649.987 95.64033920896763
C05 670.017 96.6968614563651
C05 699.987 98.31431497238705
C05 720.012 99.08663183953291
C05 749.995 100.02436260741943
C05 770.007 100.5295766376679
C05 800.008 101.1499457516828
C05 830.013 100.77127829334357
C05 869.994 97.71073452335685
C05 900.005 92.24283552593883
C05 919.989 85.81519599691745
C05 959.989 73.0925420333548
C05 1000.013 38.47079710050649
C05 1030.002 16.712627949675912
C05 1049.996 8.912693050158055
C05 1080.005 0.6934209485061781
C05 1100.007 0.09432685705281843
C06 319.992 46.550876100397076
C06 330.006 48.97780662028887
C06 349.994 55.59269756344299
C06 370.001 67.18069653230596
C06 400.009 86.82039530311228
C06 429.983 91.29209794464191
C06 449.989 90.89189536792514
C06 469.993 89.54504328428531
C06 500.016 88.46071600668976
C06 549.99 89.38220165506077
C06 569.998 90.27572916183392
C06 599.983 92.5146541939491
C06 630.013 94.6567056434303
C06 649.987 95.64706845498749
C06 670.017 96.69317147163066
C06 699.987 98.32827107647601
C06 720.012 99.11361006817225
C06 749.995 100.05428823050433
C06 770.007 100.56460087036511
C06 800.008 101.20687257011699
C06 830.013 100.84860720579701
C06 869.994 97.8224292894885
C06 900.005 92.33960193059296
C06 919.989 85.97699646862357
C06 959.989 73.29260504386323
C06 1000.013 38.49193030145963
C06 1030.002 16.741192795195357
C06 1049.996 8.947554601993007
C06 1080.005 0.6936284151471389
C06 1100.007 0.09435507898096655
C07 319.992 46.440796659533
C07 330.006 48.78993127720206
C07 349.994 55.28821257829195
C07 370.001 66.83512410302684
C07 400.009 86.70749861249246
C07 429.983 91.33747250796351
C07 449.989 90.970939128056
C07 469.993 89.62608514818315
C07 500.016 88.51561409907701
C07 549.99 89.35437365815271
C07 569.998 90.2300254090028
C07 599.983 92.44312820354692
C07 630.013 94.57263217381703
C07 649.987 95.56574333500008
C07 670.017 96.62547326622271
C07 699.987 98.26735570607784
C07 720.012 99.06477518721586
C07 749.995 100.0237118839704
C07 770.007 100.55333952691208
C07 800.008 101.21243051392861
C07 830.013 100.88795683553771
C07 869.994 97.88773895706005
C07 900.005 92.24381543889734
C07 919.989 85.99558419255555
C07 959.989 73.79113576151178
C07 1000.013 38.49434563379099
C07 1030.002 16.82953807286219
C07 1049.996 9.02982996960524
C07 1080.005 0.6934164734799562
C07 1100.007 0.09432624830980359
C10 319.992 46.990497206984415
C10 330.006 49.90348752101355
C10 349.994 57.18241877718174
C10 370.001 68.87268467773555
C10 400.009 86.9052343297244
C10 429.983 90.44931921132226
C10 449.989 89.9289088746467
C10 469.993 88.74800658164672
C10 500.016 87.98094909108293
C10 549.99 89.26405324342886
C10 569.998 90.20390460420218
C10 599.983 92.4473158003306
C10 630.013 94.53093228408989
C10 649.987 95.47594349903544
C10 670.017 96.52323312902682
C10 699.987 98.03673166017546
C10 720.012 98.74079146530421
C10 749.995 99.58300368644471
C10 770.007 100.07770661909902
C10 800.008 100.58237710387831
C10 830.013 100.07643579448094
C10 869.994 97.21433970973509
C10 900.005 91.38473799707226
C10 919.989 84.41618651494623
C10 959.989 71.3665784683164
C10 1000.013 37.82609475728327
C10 1030.002 16.41584064014827
C10 1049.996 8.921030922821737
C10 1080.005 0.6903611690276006
C10 1100.007 0.09391063169632942
C11 319.992 46.84468156541421
C11 330.006 49.66447297040383
C11 349.994 56.855828333689026
C11 370.001 68.50311969211262
C11 400.009 86.74618986321413
C11 429.983 90.39415317398542
C11 449.989 89.90868285873718
C11 469.993 88.66166706331686
C11 500.016 87.86143798799307
C11 549.99 89.0886182015733
C11 569.998 90.06706129065846
C11 599.983 92.33304110711286
C11 630.013 94.44891816280351
C11 649.987 95.40818404906757
C11 670.017 96.44559799377384
C11 699.987 97.9672497069602
C11 720.012 98.71440271555399
C11 749.995 99.57382465802854
C11 770.007 100.05104226882922
C11 800.008 100.55218353584382
C11 830.013 100.08876126216236
C11 869.994 97.2256087087581
C11 900.005 91.54999113084318
C11 919.989 84.55410926385834
C11 959.989 71.56775919204317
C11 1000.013 37.85436294946566
C11 1030.002 16.390207877934408
C11 1049.996 8.85708203281563
C11 1080.005 0.6902975245401568
C11 1100.007 0.09390197406277763
C12 319.992 46.77810872879456
C12 330.006 49.51330608541169
C12 349.994 56.58003642485473
C12 370.001 68.22347703157413
C12 400.009 86.76705129143268
C12 429.983 90.58746397176404
C12 449.989 90.10083000987755
C12 469.993 88.84014136645784
C12 500.016 87.99040372001868
C12 549.99 89.14853069230298
C12 569.998 90.10404534927271
C12 599.983 92.36739930522107
C12 630.013 94.49249366717783
C12 649.987 95.46351850894416
C12 670.017 96.52192402655879
C12 699.987 98.06259217559648
C12 720.012 98.81289927902552
C12 749.995 99.69391758443753
C12 770.007 100.19597751985074
C12 800.008 100.72265776834686
C12 830.013 100.2780146078471
C12 869.994 97.39143601027814
C12 900.005 91.79934070093732
C12 919.989 84.94811848445444
C12 959.989 72.03759683337496
C12 1000.013 37.96283472063216
C12 1030.002 16.465196099863878
C12 1049.996 8.896231660790368
C12 1080.005 0.6911301064660607
C12 1100.007 0.09401523114922515
C13 319.992 46.770778520530605
C13 330.006 49.40404579053638
C13 349.994 56.31483599709948
C13 370.001 67.94277024680724
C13 400.009 86.81926227875398
C13 429.983 90.84479064578615
C13 449.989 90.39443643007499
C13 469.993 89.11914095911729
C13 500.016 88.22000957511258
C13 549.99 89.3062201229253
C13 569.998 90.24333078964276
C13 599.983 92.49704638297564
C13 630.013 94.62706327643498
C13 649.987 95.60352357289314
C13 670.017 96.66244201369699
C13 699.987 98.21931700440024
C13 720.012 98.98005099415356
C13 749.995 99.87616608358282
C13 770.007 100.3948998504309
C13 800.008 100.94552672185092
C13 830.013 100.5238732380265
C13 869.994 97.62571176306501
C13 900.005 92.0793891066852
C13 919.989 85.31975812954424
C13 959.989 72.45013253334312
C13 1000.013 38.07624433444121
C13 1030.002 16.54363124218065
C13 1049.996 8.94061195695972
C13 1080.005 0.6923935707237248
C13 1100.007 0.09418710165974373
C14 319.992 46.61442115908629
C14 330.006 49.1445066567876
C14 349.994 55.893817925584095
C14 370.001 67.46475645672778
C14 400.009 86.60733313476344
C14 429.983 90.82606512159438
C14 449.989 90.40973225891193
C14 469.993 89.13287505167659
C14 500.016 88.18604181107379
C14 549.99 89.19878185370725
C14 569.998 90.11317844426894
C14 599.983 92.35169773117474
C14 630.013 94.47685333769141
C14 649.987 95.44740353411845
C14 670.017 96.51905318781311
C14 699.987 98.08638568712061
C14 720.012 98.8468823542043
C14 749.995 99.75820140563063
C14 770.007 100.28821948264171
C14 800.008 100.85917189238108
C14 830.013 100.4516276240454
C14 869.994 97.54140862635208
C14 900.005 91.98230882366153
C14 919.989 85.27583046895046
C14 959.989 72.43012852896328
C14 1000.013 38.00074893100001
C14 1030.002 16.52952585447691
C14 1049.996 8.932662604472954
C14 1080.005 0.6915757981757709
C14 1100.007 0.09407585911018022
C15 319.992 46.50941736112457
C15 330.006 48.96937783773157
C15 349.994 55.63419458056544
C15 370.001 67.19505072603431
C15 400.009 86.57244670232602
C15 429.983 90.93894650107423
C15 449.989 90.56045512084474
C15 469.993 89.26388482088912
C15 500.016 88.28085604538087
C15 549.99 89.22644142807555
C15 569.998 90.13740832328241
C15 599.983 92.35956765712287
C15 630.013 94.47379110969602
C15 649.987 95.44645424343989
C15 670.017 96.50689614267144
C15 699.987 98.08266508010622
C15 720.012 98.86112936995282
C15 749.995 99.79162562420025
C15 770.007 100.31780826064711
C15 800.008 100.90133111630755
C15 830.013 100.51761863734593
C15 869.994 97.58973058411925
C15 900.005 91.96953167735079
C15 919.989 85.31622125620957
C15 959.989 72.5067378178378
C15 1000.013 37.99897283876269
C15 1030.002 16.52364829061827
C15 1049.996 8.925720916385918
C15 1080.005 0.6918075166250983
C15 1100.007 0.09410738003998961
C16 319.992 46.6281475960756
C16 330.006 49.04635842175054
C16 349.994 55.66388670876568
C16 370.001 67.26581115943766
C16 400.009 86.92466416635511
C16 429.983 91.43797483077202
C16 449.989 91.08357552929623
C16 469.993 89.77418214960993
C16 500.016 88.75335782506865
C16 549.99 89.6427130461981
C16 569.998 90.53934105881658
C16 599.983 92.74790410035752
C16 630.013 94.85829976793643
C16 649.987 95.83284617189746
C16 670.017 96.89100671127245
C16 699.987 98.47603888839328
C16 720.012 99.26943919528736
C16 749.995 100.20587617184583
C16 770.007 100.73577175973709
C16 800.008 101.33790530603947
C16 830.013 100.97980836425926
C16 869.994 98.05479880534823
C16 900.005 92.41108198757522
C16 919.989 85.77975836344088
C16 959.989 72.99283588982509
C16 1000.013 38.213929760683676
C16 1030.002 16.634652141558448
C16 1049.996 9.013584850089726
C16 1080.005 0.6946793197180315
C16 1100.007 0.09449803475039965
C17 319.992 46.53783100913674
C17 330.006 48.92359752920058
C17 349.994 55.49862591942479
C17 370.001 67.13109609435071
C17 400.009 86.99924472918269
C17 429.983 91.62440327113102
C17 449.989 91.29013046315488
C17 469.993 89.98654766108982
C17 500.016 88.94321596078247
C17 549.99 89.77252854649241
C17 569.998 90.64140511790272
C17 599.983 92.81833534425135
C17 630.013 94.90273269614946
C17 649.987 95.87454606162461
C17 670.017 96.93857076761077
C17 699.987 98.53298101796744
C17 720.012 99.33258233655218
C17 749.995 100.28421561953775
C17 770.007 100.83370946659947
C17 800.008 101.45364221312502
C17 830.013 101.12641252953827
C17 869.994 98.18377219294382
C17 900.005 92.44976558272691
C17 919.989 85.93040466967379
C17 959.989 73.52346641243525
C17 1000.013 38.37243068172476
C17 1030.002 16.74329999083468
C17 1049.996 9.08885441421627
C17 1080.005 0.6952224365306108
C17 1100.007 0.09457191556125995
