lsstCam/transmission_sensor/r03_s10/19700101T000000.ecsv
# %ECSV 1.0
# ---
# datatype:
# - {name: amp_name, datatype: string}
# - {name: wavelength, unit: nm, datatype: float32}
# - {name: efficiency, unit: '%', datatype: float64}
# meta: !!omap
# - {MODE: AMP}
# - {TYPE: transmission_sensor}
# - {CALIBDATE: '1970-01-01T00:00:00'}
# - {INSTRUME: LSSTCAM}
# - {OBSTYPE: transmission_sensor}
# - {DETECTOR: 21}
# - {PARQUETFILE: qe_raft_allvalues_nircorrected_20230725.parquet}
# - {CALIBCLS: lsst.ip.isr.IntermediateSensorTransmissionCurve}
# - {CALIB_ID: 'raftName=R03 detectorName=S10 detector=21 calibDate=1970-01-01T00:00:00 ccd=21 ccdnum=21 filter=None'}
# - {DATE: '2023-08-02T16:57:55.545224'}
# - {CALIB_CREATION_DATE: '2023-08-02'}
# - {CALIB_CREATION_TIME: '16:57:55'}
# - __serialized_columns__:
#     efficiency:
#       __class__: astropy.units.quantity.Quantity
#       unit: !astropy.units.Unit {unit: '%'}
#       value: !astropy.table.SerializedColumn {name: efficiency}
#     wavelength:
#       __class__: astropy.units.quantity.Quantity
#       unit: !astropy.units.Unit {unit: nm}
#       value: !astropy.table.SerializedColumn {name: wavelength}
# schema: astropy-2.0
amp_name wavelength efficiency
C00 319.992 46.78440475463867
C00 330.006 49.71610641479492
C00 349.994 57.062713623046875
C00 370.001 68.74195098876953
C00 400.009 86.72444152832031
C00 429.983 90.21727752685547
C00 449.989 89.69496154785156
C00 469.993 88.46278381347656
C00 500.016 87.66154479980469
C00 549.99 88.9181900024414
C00 569.998 89.87692260742188
C00 599.983 92.11634826660156
C00 630.013 94.2151870727539
C00 649.987 95.16971588134766
C00 670.017 96.16812896728516
C00 699.987 97.71257019042969
C00 720.012 98.44831085205078
C00 749.995 99.2945327758789
C00 770.007 99.73615264892578
C00 800.008 100.27252960205078
C00 830.013 99.81363677978516
C00 869.994 96.83495330810547
C00 900.005 91.54328918457031
C00 919.989 84.87255859375
C00 959.989 72.06694030761719
C00 1000.013 37.76860046386719
C00 1030.002 16.640628814697266
C00 1049.996 8.96271800994873
C00 1080.005 0.6883612851308633
C00 1100.007 0.09363858516693603
C01 319.992 46.78779983520508
C01 330.006 49.605674743652344
C01 349.994 56.79753112792969
C01 370.001 68.44009399414062
C01 400.009 86.68983459472656
C01 429.983 90.33808135986328
C01 449.989 89.83810424804688
C01 469.993 88.5622329711914
C01 500.016 87.70606994628906
C01 549.99 88.94049072265625
C01 569.998 89.9174575805664
C01 599.983 92.20592498779297
C01 630.013 94.34707641601562
C01 649.987 95.32054138183594
C01 670.017 96.33163452148438
C01 699.987 97.89773559570312
C01 720.012 98.64855194091797
C01 749.995 99.50727081298828
C01 770.007 99.9530258178711
C01 800.008 100.49919128417969
C01 830.013 100.06340026855469
C01 869.994 96.9621353149414
C01 900.005 91.59068298339844
C01 919.989 85.07880401611328
C01 959.989 72.3769302368164
C01 1000.013 37.967498779296875
C01 1030.002 16.58013153076172
C01 1049.996 8.836158752441406
C01 1080.005 0.6898361037421096
C01 1100.007 0.0938392064556663
C02 319.992 46.70310974121094
C02 330.006 49.44389343261719
C02 349.994 56.51972961425781
C02 370.001 68.17437744140625
C02 400.009 86.71963500976562
C02 429.983 90.52951049804688
C02 449.989 90.03665161132812
C02 469.993 88.75155639648438
C02 500.016 87.84211730957031
C02 549.99 89.010009765625
C02 569.998 89.966552734375
C02 599.983 92.24506378173828
C02 630.013 94.38626098632812
C02 649.987 95.36424255371094
C02 670.017 96.39358520507812
C02 699.987 97.97071838378906
C02 720.012 98.7221450805664
C02 749.995 99.5985107421875
C02 770.007 100.07069396972656
C02 800.008 100.63639831542969
C02 830.013 100.2079849243164
C02 869.994 97.0632553100586
C02 900.005 91.62706756591797
C02 919.989 85.20848083496094
C02 959.989 72.66998291015625
C02 1000.013 38.10512924194336
C02 1030.002 16.607139587402344
C02 1049.996 8.839814186096191
C02 1080.005 0.6904686628489352
C02 1100.007 0.09392525420570261
C03 319.992 46.443119049072266
C03 330.006 49.08713912963867
C03 349.994 56.00387191772461
C03 370.001 67.60334777832031
C03 400.009 86.38697814941406
C03 429.983 90.3672866821289
C03 449.989 89.89808654785156
C03 469.993 88.60985565185547
C03 500.016 87.66242218017578
C03 549.99 88.76099395751953
C03 569.998 89.6904067993164
C03 599.983 91.94847106933594
C03 630.013 94.07191467285156
C03 649.987 95.05167388916016
C03 670.017 96.0904541015625
C03 699.987 97.66992950439453
C03 720.012 98.42042541503906
C03 749.995 99.31413269042969
C03 770.007 99.8080825805664
C03 800.008 100.38417053222656
C03 830.013 99.96784210205078
C03 869.994 96.8405532836914
C03 900.005 91.38026428222656
C03 919.989 84.97257232666016
C03 959.989 72.43567657470703
C03 1000.013 38.110836029052734
C03 1030.002 16.58011245727539
C03 1049.996 8.823257446289062
C03 1080.005 0.6884972404299141
C03 1100.007 0.09365707932418174
C04 319.992 46.408180236816406
C04 330.006 48.95670700073242
C04 349.994 55.72072982788086
C04 370.001 67.29326629638672
C04 400.009 86.39325714111328
C04 429.983 90.56597137451172
C04 449.989 90.11872100830078
C04 469.993 88.82194519042969
C04 500.016 87.83479309082031
C04 549.99 88.87689971923828
C04 569.998 89.79288482666016
C04 599.983 92.04434204101562
C04 630.013 94.17402648925781
C04 649.987 95.1520767211914
C04 670.017 96.20304870605469
C04 699.987 97.79914855957031
C04 720.012 98.55501556396484
C04 749.995 99.4673843383789
C04 770.007 99.97804260253906
C04 800.008 100.5767593383789
C04 830.013 100.16766357421875
C04 869.994 97.07540130615234
C04 900.005 91.60883331298828
C04 919.989 85.17750549316406
C04 959.989 72.51546478271484
C04 1000.013 38.21251678466797
C04 1030.002 16.60779571533203
C04 1049.996 8.845634460449219
C04 1080.005 0.6895596855480746
C04 1100.007 0.09380160496766438
C05 319.992 46.4265251159668
C05 330.006 48.898216247558594
C05 349.994 55.55916213989258
C05 370.001 67.11592102050781
C05 400.009 86.49127960205078
C05 429.983 90.83238983154297
C05 449.989 90.41667175292969
C05 469.993 89.09200286865234
C05 500.016 88.0501708984375
C05 549.99 89.03739166259766
C05 569.998 89.95243835449219
C05 599.983 92.1968994140625
C05 630.013 94.329833984375
C05 649.987 95.3133316040039
C05 670.017 96.36624145507812
C05 699.987 97.97816467285156
C05 720.012 98.74784088134766
C05 749.995 99.68236541748047
C05 770.007 100.18585205078125
C05 800.008 100.8041000366211
C05 830.013 100.42672729492188
C05 869.994 97.37664794921875
C05 900.005 91.92744445800781
C05 919.989 85.52178192138672
C05 959.989 72.8426284790039
C05 1000.013 38.33926010131836
C05 1030.002 16.655485153198242
C05 1049.996 8.882219314575195
C05 1080.005 0.6910500459615181
C05 1100.007 0.09400434042579975
C06 319.992 46.3917121887207
C06 330.006 48.81034469604492
C06 349.994 55.402618408203125
C06 370.001 66.95099639892578
C06 400.009 86.52354431152344
C06 429.983 90.9799575805664
C06 449.989 90.58112335205078
C06 469.993 89.23887634277344
C06 500.016 88.15825653076172
C06 549.99 89.07659149169922
C06 569.998 89.9670639038086
C06 599.983 92.19833374023438
C06 630.013 94.33306121826172
C06 649.987 95.32003784179688
C06 670.017 96.36256408691406
C06 699.987 97.99207305908203
C06 720.012 98.77472686767578
C06 749.995 99.71218872070312
C06 770.007 100.22075653076172
C06 800.008 100.86083221435547
C06 830.013 100.50379180908203
C06 869.994 97.48796081542969
C06 900.005 92.02388000488281
C06 919.989 85.68302917480469
C06 959.989 73.04200744628906
C06 1000.013 38.360321044921875
C06 1030.002 16.68395233154297
C06 1049.996 8.916961669921875
C06 1080.005 0.6912568032452148
C06 1100.007 0.09403246585925529
C07 319.992 46.28200912475586
C07 330.006 48.623111724853516
C07 349.994 55.09917449951172
C07 370.001 66.60660552978516
C07 400.009 86.4110336303711
C07 429.983 91.02517700195312
C07 449.989 90.65989685058594
C07 469.993 89.31964111328125
C07 500.016 88.21296691894531
C07 549.99 89.04885864257812
C07 569.998 89.92151641845703
C07 599.983 92.1270523071289
C07 630.013 94.24927520751953
C07 649.987 95.2389907836914
C07 670.017 96.29509735107422
C07 699.987 97.93136596679688
C07 720.012 98.72605895996094
C07 749.995 99.68171691894531
C07 770.007 100.20953369140625
C07 800.008 100.86637115478516
C07 830.013 100.54300689697266
C07 869.994 97.55304718017578
C07 900.005 91.92842102050781
C07 919.989 85.70155334472656
C07 959.989 73.53883361816406
C07 1000.013 38.362728118896484
C07 1030.002 16.771995544433594
C07 1049.996 8.998955726623535
C07 1080.005 0.6910455862360324
C07 1100.007 0.09400373376416184
C10 319.992 46.829830169677734
C10 330.006 49.73286056518555
C10 349.994 56.98690414428711
C10 370.001 68.63719940185547
C10 400.009 86.60809326171875
C10 429.983 90.14006042480469
C10 449.989 89.62142944335938
C10 469.993 88.44456481933594
C10 500.016 87.68013000488281
C10 549.99 88.95884704589844
C10 569.998 89.8954849243164
C10 599.983 92.1312255859375
C10 630.013 94.20771789550781
C10 649.987 95.14949798583984
C10 670.017 96.19320678710938
C10 699.987 97.70153045654297
C10 720.012 98.40318298339844
C10 749.995 99.24251556396484
C10 770.007 99.73552703857422
C10 800.008 100.23847198486328
C10 830.013 99.73426055908203
C10 869.994 96.88195037841797
C10 900.005 91.07228088378906
C10 919.989 84.12755584716797
C10 959.989 71.12256622314453
C10 1000.013 37.69676208496094
C10 1030.002 16.359712600708008
C10 1049.996 8.890528678894043
C10 1080.005 0.6880007282940057
C10 1100.007 0.09358953820162161
C11 319.992 46.684513092041016
C11 330.006 49.49466323852539
C11 349.994 56.66143035888672
C11 370.001 68.2688980102539
C11 400.009 86.44959259033203
C11 429.983 90.0850830078125
C11 449.989 89.60127258300781
C11 469.993 88.3585205078125
C11 500.016 87.56102752685547
C11 549.99 88.78401184082031
C11 569.998 89.75910949707031
C11 599.983 92.01734161376953
C11 630.013 94.12598419189453
C11 649.987 95.08197021484375
C11 670.017 96.11583709716797
C11 699.987 97.63228607177734
C11 720.012 98.37688446044922
C11 749.995 99.23336791992188
C11 770.007 99.70895385742188
C11 800.008 100.20838165283203
C11 830.013 99.74654388427734
C11 869.994 96.89318084716797
C11 900.005 91.23696899414062
C11 919.989 84.26500701904297
C11 959.989 71.32305908203125
C11 1000.013 37.72493362426758
C11 1030.002 16.33416748046875
C11 1049.996 8.826798439025879
C11 1080.005 0.6879373014159053
C11 1100.007 0.09358091016972155
C12 319.992 46.618167877197266
C12 330.006 49.34401321411133
C12 349.994 56.38658142089844
C12 370.001 67.9902114868164
C12 400.009 86.47038269042969
C12 429.983 90.2777328491211
C12 449.989 89.79276275634766
C12 469.993 88.53638458251953
C12 500.016 87.6895523071289
C12 549.99 88.84371948242188
C12 569.998 89.79596710205078
C12 599.983 92.05158233642578
C12 630.013 94.1694107055664
C12 649.987 95.13711547851562
C12 670.017 96.19190216064453
C12 699.987 97.72730255126953
C12 720.012 98.47504425048828
C12 749.995 99.3530502319336
C12 770.007 99.8533935546875
C12 800.008 100.3782730102539
C12 830.013 99.93515014648438
C12 869.994 97.05844116210938
C12 900.005 91.48546600341797
C12 919.989 84.65766906738281
C12 959.989 71.79129028320312
C12 1000.013 37.83303451538086
C12 1030.002 16.408899307250977
C12 1049.996 8.865814208984375
C12 1080.005 0.6887670366285521
C12 1100.007 0.09369378001445819
C13 319.992 46.610862731933594
C13 330.006 49.23512649536133
C13 349.994 56.12228775024414
C13 370.001 67.71046447753906
C13 400.009 86.52241516113281
C13 429.983 90.5341796875
C13 449.989 90.08536529541016
C13 469.993 88.8144302368164
C13 500.016 87.91837310791016
C13 549.99 89.00086975097656
C13 569.998 89.93477630615234
C13 599.983 92.1807861328125
C13 630.013 94.30352020263672
C13 649.987 95.27664184570312
C13 670.017 96.33193969726562
C13 699.987 97.88349151611328
C13 720.012 98.6416244506836
C13 749.995 99.53467559814453
C13 770.007 100.0516357421875
C13 800.008 100.60037994384766
C13 830.013 100.18016815185547
C13 869.994 97.29191589355469
C13 900.005 91.76455688476562
C13 919.989 85.02803802490234
C13 959.989 72.2024154663086
C13 1000.013 37.9460563659668
C13 1030.002 16.4870662689209
C13 1049.996 8.910042762756348
C13 1080.005 0.690026180926414
C13 1100.007 0.09386506287582712
C14 319.992 46.455039978027344
C14 330.006 48.97647476196289
C14 349.994 55.70270919799805
C14 370.001 67.23408508300781
C14 400.009 86.31121063232422
C14 429.983 90.51551818847656
C14 449.989 90.1006088256836
C14 469.993 88.82811737060547
C14 500.016 87.884521484375
C14 549.99 88.893798828125
C14 569.998 89.80506896972656
C14 599.983 92.03593444824219
C14 630.013 94.15382385253906
C14 649.987 95.12105560302734
C14 670.017 96.18904113769531
C14 699.987 97.75101470947266
C14 720.012 98.5089111328125
C14 749.995 99.4171142578125
C14 770.007 99.94532012939453
C14 800.008 100.51432037353516
C14 830.013 100.10816955566406
C14 869.994 97.20790100097656
C14 900.005 91.66780853271484
C14 919.989 84.98426055908203
C14 959.989 72.18247985839844
C14 1000.013 37.870819091796875
C14 1030.002 16.47300910949707
C14 1049.996 8.902120590209961
C14 1080.005 0.6892112044563967
C14 1100.007 0.09375420067999304
C15 319.992 46.35039520263672
C15 330.006 48.801944732666016
C15 349.994 55.443973541259766
C15 370.001 66.96530151367188
C15 400.009 86.27644348144531
C15 429.983 90.62801361083984
C15 449.989 90.25081634521484
C15 469.993 88.95867919921875
C15 500.016 87.97901153564453
C15 549.99 88.9213638305664
C15 569.998 89.82921600341797
C15 599.983 92.04377746582031
C15 630.013 94.15077209472656
C15 649.987 95.12010955810547
C15 670.017 96.17692565917969
C15 699.987 97.74730682373047
C15 720.012 98.52310943603516
C15 749.995 99.45042419433594
C15 770.007 99.97480773925781
C15 800.008 100.55633544921875
C15 830.013 100.17393493652344
C15 869.994 97.25605773925781
C15 900.005 91.65507507324219
C15 919.989 85.0245132446289
C15 959.989 72.25882720947266
C15 1000.013 37.869049072265625
C15 1030.002 16.467151641845703
C15 1049.996 8.89520263671875
C15 1080.005 0.6894421306281584
C15 1100.007 0.0937856138353649
C16 319.992 46.468719482421875
C16 330.006 48.878662109375
C16 349.994 55.47356414794922
C16 370.001 67.03582000732422
C16 400.009 86.62745666503906
C16 429.983 91.12533569335938
C16 449.989 90.77214813232422
C16 469.993 89.46723175048828
C16 500.016 88.44989776611328
C16 549.99 89.33621215820312
C16 569.998 90.22977447509766
C16 599.983 92.4307861328125
C16 630.013 94.53396606445312
C16 649.987 95.50518035888672
C16 670.017 96.55972290039062
C16 699.987 98.13933563232422
C16 720.012 98.93002319335938
C16 749.995 99.8632583618164
C16 770.007 100.39134216308594
C16 800.008 100.99141693115234
C16 830.013 100.6345443725586
C16 869.994 97.71953582763672
C16 900.005 92.0951156616211
C16 919.989 85.48646545410156
C16 959.989 72.7432632446289
C16 1000.013 38.08327102661133
C16 1030.002 16.577775955200195
C16 1049.996 8.982766151428223
C16 1080.005 0.6923041146274004
C16 1100.007 0.09417493284305499
C17 319.992 46.37871170043945
C17 330.006 48.75632095336914
C17 349.994 55.308868408203125
C17 370.001 66.90156555175781
C17 400.009 86.7017822265625
C17 429.983 91.31112670898438
C17 449.989 90.97799682617188
C17 469.993 89.67887115478516
C17 500.016 88.63910675048828
C17 549.99 89.46558380126953
C17 569.998 90.33148956298828
C17 599.983 92.5009765625
C17 630.013 94.5782470703125
C17 649.987 95.54673767089844
C17 670.017 96.60712432861328
C17 699.987 98.19608306884766
C17 720.012 98.99295043945312
C17 749.995 99.94132995605469
C17 770.007 100.48894500732422
C17 800.008 101.10675811767578
C17 830.013 100.78064727783203
C17 869.994 97.84806823730469
C17 900.005 92.1336669921875
C17 919.989 85.6365966796875
C17 959.989 73.27207946777344
C17 1000.013 38.24123001098633
C17 1030.002 16.686052322387695
C17 1049.996 9.057778358459473
C17 1080.005 0.6928453744481542
C17 1100.007 0.09424856104516031
