lsstCam/transmission_sensor/r03_s10/19700101T000000.ecsv
# %ECSV 1.0
# ---
# datatype:
# - {name: amp_name, datatype: string}
# - {name: wavelength, unit: nm, datatype: float32}
# - {name: efficiency, unit: '%', datatype: float64}
# meta: !!omap
# - {MODE: AMP}
# - {TYPE: transmission_sensor}
# - {CALIBDATE: '1970-01-01T00:00:00'}
# - {INSTRUME: LSSTCAM}
# - {OBSTYPE: transmission_sensor}
# - {DETECTOR: 21}
# - {PARQUETFILE: qe_raft_allvalues_nircorrected_20230725.parquet}
# - {CALIBCLS: lsst.ip.isr.IntermediateSensorTransmissionCurve}
# - {CALIB_ID: 'raftName=R03 detectorName=S10 detector=21 calibDate=1970-01-01T00:00:00 ccd=21 ccdnum=21 filter=None'}
# - {DATE: '2024-01-18T22:42:25.045810'}
# - {CALIB_CREATION_DATE: '2024-01-18'}
# - {CALIB_CREATION_TIME: '22:42:25'}
# - __serialized_columns__:
#     efficiency:
#       __class__: astropy.units.quantity.Quantity
#       unit: !astropy.units.Unit {unit: '%'}
#       value: !astropy.table.SerializedColumn {name: efficiency}
#     wavelength:
#       __class__: astropy.units.quantity.Quantity
#       unit: !astropy.units.Unit {unit: nm}
#       value: !astropy.table.SerializedColumn {name: wavelength}
# schema: astropy-2.0
amp_name wavelength efficiency
C00 319.992 45.82880877181853
C00 330.006 49.69764712549764
C00 349.994 58.330010067809255
C00 370.001 70.2697889762548
C00 400.009 84.97128763859861
C00 429.983 86.03000212994706
C00 449.989 85.24245336191814
C00 469.993 84.63179766250693
C00 500.016 84.5118816990937
C00 549.99 86.49370728763742
C00 569.998 87.60015593375772
C00 599.983 89.89624463314152
C00 630.013 91.78055443822288
C00 649.987 92.91491016619555
C00 670.017 93.95108817624096
C00 699.987 95.07527471325456
C00 720.012 95.63688535513812
C00 749.995 97.1335548595665
C00 770.007 98.10149555133945
C00 800.008 98.51288628907878
C00 830.013 97.94072652731926
C00 869.994 94.61049323955928
C00 900.005 87.34525603312784
C00 919.989 78.96587214488595
C00 959.989 57.101942751280475
C00 1000.013 30.578077842486678
C00 1030.002 12.908791727803242
C00 1049.996 6.112830464615686
C00 1080.005 0.49768924326920483
C00 1100.007 0.12013203761052635
C01 319.992 45.832134506085296
C01 330.006 49.58725645696593
C01 349.994 58.058938178165626
C01 370.001 69.96122299858791
C01 400.009 84.9373802918707
C01 429.983 86.14519906667434
C01 449.989 85.37849037821128
C01 469.993 84.72694005607184
C01 500.016 84.55480706529522
C01 549.99 86.51539994654685
C01 569.998 87.63966407294649
C01 599.983 89.98366245845904
C01 630.013 91.90903560378811
C01 649.987 93.0621622379167
C01 670.017 94.1108243061297
C01 699.987 95.25544244131098
C01 720.012 95.8314080838029
C01 749.995 97.34166301235797
C01 770.007 98.31481420915237
C01 800.008 98.73557037420433
C01 830.013 98.18580343603921
C01 869.994 94.73475366399155
C01 900.005 87.39047642590485
C01 919.989 79.15776396389853
C01 959.989 57.34756199243392
C01 1000.013 30.739109177967773
C01 1030.002 12.861861599914564
C01 1049.996 6.026513425073533
C01 1080.005 0.49875554576826386
C01 1100.007 0.12038942129653837
C02 319.992 45.74917425163982
C02 330.006 49.42553521435203
C02 349.994 57.7749670162546
C02 370.001 69.68960070943885
C02 400.009 84.9665782848864
C02 429.983 86.32774335993088
C02 449.989 85.5671817390477
C02 469.993 84.90806460507937
C02 500.016 84.68596627196169
C02 549.99 86.58302345252791
C02 569.998 87.68751554587696
C02 599.983 90.02185796513469
C02 630.013 91.94720759813896
C02 649.987 93.10482802105285
C02 670.017 94.17134679106725
C02 699.987 95.32645539914319
C02 720.012 95.90289959644103
C02 749.995 97.43091725849314
C02 770.007 98.43055380175944
C02 800.008 98.87036961305107
C02 830.013 98.32767509493135
C02 869.994 94.83355076449698
C02 900.005 87.42519246794501
C02 919.989 79.27841595397572
C02 959.989 57.57976106880282
C02 1000.013 30.850537055850825
C02 1030.002 12.882812814080138
C02 1049.996 6.029006535554254
C02 1080.005 0.49921288970959143
C02 1100.007 0.12049981480072507
C03 319.992 45.494494005626976
C03 330.006 49.06891337208618
C03 349.994 57.24765272077416
C03 370.001 69.10587951230863
C03 400.009 84.64064615701382
C03 429.983 86.17304887555346
C03 449.989 85.43549512301976
C03 469.993 84.7725003798641
C03 500.016 84.51272755535025
C03 549.99 86.34079741963546
C03 569.998 87.41836495337984
C03 599.983 89.73241345791908
C03 630.013 91.64098436775666
C03 649.987 92.79966488046186
C03 670.017 93.8752040113211
C03 699.987 95.03378491382698
C03 720.012 95.60979625305515
C03 749.995 97.15272821505786
C03 770.007 98.17224656470258
C03 800.008 98.62256807633659
C03 830.013 98.09203832983775
C03 869.994 94.61596457438431
C03 900.005 87.18970719976355
C03 919.989 79.0589254447578
C03 959.989 57.394109410830744
C03 1000.013 30.855157364210623
C03 1030.002 12.861846803859363
C03 1049.996 6.017714364655272
C03 1080.005 0.4977875397471803
C03 1100.007 0.12015576437647284
C04 319.992 45.46026883691989
C04 330.006 48.93852967183967
C04 349.994 56.95822237471127
C04 370.001 68.78890625234868
C04 400.009 84.64679821749819
C04 429.983 86.36251196929172
C04 449.989 85.64517716513582
C04 469.993 84.97540512851857
C04 500.016 84.67890521103752
C04 549.99 86.45354284356702
C04 569.998 87.51824700223801
C04 599.983 89.82597383547976
C04 630.013 91.74045749322234
C04 649.987 92.89768892132636
C04 670.017 93.98520288234431
C04 699.987 95.15951630278832
C04 720.012 95.74054286040008
C04 749.995 97.30264459954797
C04 770.007 98.33942097334601
C04 800.008 98.81177721702876
C04 830.013 98.28811033754414
C04 869.994 94.84541774684227
C04 900.005 87.40779440955205
C04 919.989 79.24959633405966
C04 959.989 57.45732926818062
C04 1000.013 30.9374797701801
C04 1030.002 12.883321798379075
C04 1049.996 6.0329761294138535
C04 1080.005 0.4985556937940364
C04 1100.007 0.12034118110407065
C05 319.992 45.47823901230065
C05 330.006 48.88006063592835
C05 349.994 56.79306645644834
C05 370.001 68.6076193535526
C05 400.009 84.74283913256875
C05 429.983 86.6165650847721
C05 449.989 85.92833746773128
C05 469.993 85.23376763753407
C05 500.016 84.88654453383889
C05 549.99 86.60965874258126
C05 569.998 87.67375871216736
C05 599.983 89.97485441081824
C05 630.013 91.89223873711504
C05 649.987 93.05512327753547
C05 670.017 94.14463341840516
C05 699.987 95.33370071033326
C05 720.012 95.92786159256018
C05 749.995 97.51294697830848
C05 770.007 98.54382446316197
C05 800.008 99.03512840248001
C05 830.013 98.54231296797742
C05 869.994 95.13974425306354
C05 900.005 87.71179454199901
C05 919.989 79.56991292241251
C05 959.989 57.71655607281604
C05 1000.013 31.040093236259107
C05 1030.002 12.920316375199828
C05 1049.996 6.057928048083675
C05 1080.005 0.4996332331071663
C05 1100.007 0.12060127712792967
C06 319.992 45.44413715733604
C06 330.006 48.79222171058972
C06 349.994 56.633046070705404
C06 370.001 68.43902916679092
C06 400.009 84.77445160375753
C06 429.983 86.75728373768223
C06 449.989 86.08462559725898
C06 469.993 85.37428058103374
C06 500.016 84.99074666937297
C06 549.99 86.64778973179665
C06 569.998 87.68801376634104
C06 599.983 89.97625416817789
C06 630.013 91.89538257543482
C06 649.987 93.06167062798531
C06 670.017 94.1410408275505
C06 699.987 95.3472337044926
C06 720.012 95.95397978564921
C06 749.995 97.54212122767234
C06 770.007 98.57815686517048
C06 800.008 99.09086500946756
C06 830.013 98.61793143805656
C06 869.994 95.24850007744668
C06 900.005 87.80380770437849
C06 919.989 79.71993820983275
C06 959.989 57.874533174759456
C06 1000.013 31.05714452132223
C06 1030.002 12.942399487588329
C06 1049.996 6.081623329798435
C06 1080.005 0.4997827198349735
C06 1100.007 0.12063736017663945
C07 319.992 45.336674835938666
C07 330.006 48.60505825786689
C07 349.994 56.322863026030916
C07 370.001 68.086983969473
C07 400.009 84.66421535106873
C07 429.983 86.80040437959094
C07 449.989 86.15948873515616
C07 469.993 85.4515477370198
C07 500.016 85.04349132342216
C07 549.99 86.62081305881145
C07 569.998 87.64362009215378
C07 599.983 89.90669069471383
C07 630.013 91.8137616949907
C07 649.987 92.98254377493792
C07 670.017 94.07512945633094
C07 699.987 95.28816511725958
C07 720.012 95.9067017057074
C07 749.995 97.5123125932494
C07 770.007 98.5671179660766
C07 800.008 99.09630674920304
C07 830.013 98.65641069122027
C07 869.994 95.31209130005207
C07 900.005 87.71272632085855
C07 919.989 79.73717319435399
C07 959.989 58.26819134177263
C07 1000.013 31.05909332785634
C07 1030.002 13.010698078399267
C07 1049.996 6.137545625598323
C07 1080.005 0.499630008699504
C07 1100.007 0.12060049882165164
C10 319.992 45.87330634895184
C10 330.006 49.71439505517367
C10 349.994 58.252516948773525
C10 370.001 70.16270921198421
C10 400.009 84.85729137810466
C10 429.983 85.95636892313789
C10 449.989 85.17257143232463
C10 469.993 84.61436766359377
C10 500.016 84.52979914118879
C10 549.99 86.53325575815686
C10 569.998 87.61824802911745
C10 599.983 89.910763392989
C10 630.013 91.77327827341185
C10 649.987 92.89517128258683
C10 670.017 93.97558785702788
C10 699.987 95.06453294553731
C10 720.012 95.59304622002983
C10 749.995 97.08266971447497
C10 770.007 98.10088019462586
C10 800.008 98.47942633566399
C10 830.013 97.86283972772485
C10 869.994 94.65641070893557
C10 900.005 86.89584744193641
C10 919.989 78.27271769533318
C10 959.989 56.35367184263402
C10 1000.013 30.5199163137222
C10 1030.002 12.69087394718743
C10 1049.996 6.06359527261238
C10 1080.005 0.49742855856312485
C10 1100.007 0.1200691136367037
C11 319.992 45.730957448774106
C11 330.006 49.47628616973869
C11 349.994 57.91981476947259
C11 370.001 69.7862220641037
C11 400.009 84.70199483307113
C11 429.983 85.90394318573377
C11 449.989 85.15341516982349
C11 469.993 84.53204960340005
C11 500.016 84.41497599318127
C11 549.99 86.36318768714477
C11 569.998 87.48532727097721
C11 599.983 89.79962414773607
C11 630.013 91.69365666603635
C11 649.987 92.82924341133366
C11 670.017 93.9000018324279
C11 699.987 94.9971574902493
C11 720.012 95.56749871390672
C11 749.995 97.07372115346519
C11 770.007 98.07474254299838
C11 800.008 98.44986404707348
C11 830.013 97.87489256772359
C11 869.994 94.66738319512419
C11 900.005 87.05298321117087
C11 919.989 78.4006029841036
C11 959.989 56.51253153199119
C11 1000.013 30.54272445358656
C11 1030.002 12.671057590455826
C11 1049.996 6.020129423151206
C11 1080.005 0.497382700558547
C11 1100.007 0.12005804444924346
C12 319.992 45.6659673697094
C12 330.006 49.32569208076656
C12 349.994 57.63886175651409
C12 370.001 69.50134153757226
C12 400.009 84.72236465666758
C12 429.983 86.08765152533844
C12 449.989 85.33539966358437
C12 469.993 84.70221106263894
C12 500.016 84.53888290185687
C12 549.99 86.42126731376986
C12 569.998 87.52125119727513
C12 599.983 89.83303963193886
C12 630.013 91.73596098687844
C12 649.987 92.8830821474559
C12 670.017 93.97431330716034
C12 699.987 95.08960944266853
C12 720.012 95.6628553178464
C12 749.995 97.19079878195606
C12 770.007 98.21681490033724
C12 800.008 98.61677404766507
C12 830.013 98.0599598084746
C12 869.994 94.82884720553976
C12 900.005 87.29008453331186
C12 919.989 78.76593780632535
C12 959.989 56.88353259197173
C12 1000.013 30.630244706460807
C12 1030.002 12.729030014341514
C12 1049.996 6.046739296064534
C12 1080.005 0.4979826039799277
C12 1100.007 0.12020284890574848
C13 319.992 45.658811435865736
C13 330.006 49.216845790995954
C13 349.994 57.368698431090024
C13 370.001 69.21537695516074
C13 400.009 84.7733452793934
C13 429.983 86.3321958372125
C13 449.989 85.61347724853665
C13 469.993 84.96821561891662
C13 500.016 84.7594822135628
C13 549.99 86.57413265356332
C13 569.998 87.65654407971451
C13 599.983 89.95912947707575
C13 630.013 91.86660493483387
C13 649.987 93.01930279026212
C13 670.017 94.1111224464496
C13 699.987 95.24158281427013
C13 720.012 95.82467842451662
C13 749.995 97.36847137861915
C13 770.007 98.41180793504529
C13 800.008 98.83498331375193
C13 830.013 98.30038027838759
C13 869.994 95.05695863376272
C13 900.005 87.55637674003684
C13 919.989 79.1105310203218
C13 959.989 57.20928593419898
C13 1000.013 30.721749048762955
C13 1030.002 12.789667207769025
C13 1049.996 6.076904436884886
C13 1080.005 0.49889297268645727
C13 1100.007 0.12042259335305434
C14 319.992 45.5061714433614
C14 330.006 48.95829009342008
C14 349.994 56.93980152761597
C14 370.001 68.7284096950692
C14 400.009 84.56641029714724
C14 429.983 86.31440047866539
C14 449.989 85.6279640814198
C14 469.993 84.98131001508504
C14 500.016 84.72684687260391
C14 549.99 86.469981173873
C14 569.998 87.53012249598626
C14 599.983 89.81776887478647
C14 630.013 91.72077691669566
C14 649.987 92.86740277009878
C14 670.017 93.97151824166139
C14 699.987 95.11268160166314
C14 720.012 95.69575505085497
C14 749.995 97.25346856243914
C14 770.007 98.30723481548492
C14 800.008 98.75043396910162
C14 830.013 98.22973266902845
C14 869.994 94.97487370311795
C14 900.005 87.4640651172414
C14 919.989 79.06980023729756
C14 959.989 57.19349003754042
C14 1000.013 30.66083571869595
C14 1030.002 12.77876251508539
C14 1049.996 6.071501288238043
C14 1080.005 0.4983037399224909
C14 1100.007 0.12028036457572092
C15 319.992 45.40366409234351
C15 330.006 48.78382486606636
C15 349.994 56.6753196531271
C15 370.001 68.45365222272737
C15 400.009 84.53234597196227
C15 429.983 86.42167462493566
C15 449.989 85.77071521545558
C15 469.993 85.10621770830149
C15 500.016 84.8179419137975
C15 549.99 86.49679457676035
C15 569.998 87.55365783581921
C15 599.983 89.82542286715734
C15 630.013 91.71780401993936
C15 649.987 92.86647913931859
C15 670.017 93.95968207096178
C15 699.987 95.10907379301726
C15 720.012 95.70954788778423
C15 749.995 97.28605356441473
C15 770.007 98.33623912887572
C15 800.008 98.79171173869287
C15 830.013 98.29426402355593
C15 869.994 95.02192420095938
C15 900.005 87.4519155944557
C15 919.989 79.10725154633136
C15 959.989 57.25398354609848
C15 1000.013 30.659402681878472
C15 1030.002 12.774218646532955
C15 1049.996 6.066783045757701
C15 1080.005 0.49847070089801016
C15 1100.007 0.12032066555160463
C16 319.992 45.51957153671042
C16 330.006 48.86051375807787
C16 349.994 56.70556743274568
C16 370.001 68.52573803927167
C16 400.009 84.87626334591671
C16 429.983 86.89591438245539
C16 449.989 86.26616780032623
C16 469.993 85.59274678600431
C16 500.016 85.27190928904727
C16 549.99 86.90033146632582
C16 569.998 87.94406934037188
C16 599.983 90.20310420665622
C16 630.013 92.0910958011437
C16 649.987 93.24242666139402
C16 670.017 94.33365438121504
C16 699.987 95.4905216108356
C16 720.012 96.1048412556626
C16 749.995 97.68990309302251
C16 770.007 98.74594663052753
C16 800.008 99.21915814626142
C16 830.013 98.74623055103704
C16 869.994 95.47475542614453
C16 900.005 87.87177660446847
C16 919.989 79.53705429665106
C16 959.989 57.63782443941341
C16 1000.013 30.832840286531557
C16 1030.002 12.860034287097157
C16 1049.996 6.126503871483863
C16 1080.005 0.5005399321020291
C16 1100.007 0.12082013578164857
C17 319.992 45.431402210840375
C17 330.006 48.7382180266025
C17 349.994 56.53721399233666
C17 370.001 68.38849968443773
C17 400.009 84.94908639966962
C17 429.983 87.07308223664147
C17 449.989 86.46179804958565
C17 469.993 85.7952208939821
C17 500.016 85.45432002958833
C17 549.99 87.02617560492557
C17 569.998 88.0432077765971
C17 599.983 90.27160297106481
C17 630.013 92.13423253307755
C17 649.987 93.2829993780041
C17 670.017 94.37996302640187
C17 699.987 95.54573741476159
C17 720.012 96.16597146468595
C17 749.995 97.76627559078162
C17 770.007 98.84194978219855
C17 800.008 99.33247525551882
C17 830.013 98.88959197089797
C17 869.994 95.6003352324079
C17 900.005 87.90856003085324
C17 919.989 79.67673717367285
C17 959.989 58.05682979153539
C17 1000.013 30.960726468725674
C17 1030.002 12.944028533266033
C17 1049.996 6.177664345778569
C17 1080.005 0.5009312661244701
C17 1100.007 0.12091459583707063
