lsstCam/transmission_filter_detector/r42_s10/g_6/19700101T000000.ecsv
# %ECSV 1.0
# ---
# datatype:
# - {name: wavelength, unit: nm, datatype: float32}
# - {name: efficiency, unit: '%', datatype: float64}
# meta: !!omap
# - {MODE: DETECTOR}
# - {TYPE: transmission_filter_detector}
# - {CALIBDATE: '1970-01-01T00:00:00'}
# - {INSTRUME: LSSTCam}
# - {OBSTYPE: transmission_filter_detector}
# - {CALIBCLS: lsst.ip.isr.IntermediateFilterDetectorTransmissionCurve}
# - {SOURCE: Materion (DM-46256)}
# - {DETECTOR: 174}
# - {FILTER: g_6}
# - {CALIB_ID: 'calibDate=1970-01-01T00:00:00 filter=g_6 detector=174'}
# - {DATE: '2025-04-02T15:59:42.832683'}
# - {CALIB_CREATION_DATE: '2025-04-02'}
# - {CALIB_CREATION_TIME: '15:59:42'}
# - __serialized_columns__:
#     efficiency:
#       __class__: astropy.units.quantity.Quantity
#       unit: !astropy.units.Unit {unit: '%'}
#       value: !astropy.table.SerializedColumn {name: efficiency}
#     wavelength:
#       __class__: astropy.units.quantity.Quantity
#       unit: !astropy.units.Unit {unit: nm}
#       value: !astropy.table.SerializedColumn {name: wavelength}
# schema: astropy-2.0
wavelength efficiency
300.0 0.34406003542244434
301.0 0.2945187734439969
302.0 0.24497751146554947
303.0 0.23731563705950975
304.0 0.22965373937040567
305.0 0.22793805692344904
306.0 0.22622239775955677
307.0 0.21683014929294586
308.0 0.20743790082633495
309.0 0.1968346768990159
310.0 0.18623144133016467
311.0 0.18806676380336285
312.0 0.1899020979180932
313.0 0.18663692753762007
314.0 0.1833717687986791
315.0 0.17855523619800806
316.0 0.173738703597337
317.0 0.17333312425762415
318.0 0.17292755655944347
319.0 0.15745412092655897
320.0 0.14198069693520665
321.0 0.13148384168744087
322.0 0.12098699808120728
323.0 0.11030087480321527
324.0 0.09961476316675544
325.0 0.08820410585030913
326.0 0.07679345435462892
327.0 0.07176162907853723
328.0 0.06672980380244553
329.0 0.0607722089625895
330.0 0.054814614122733474
331.0 0.05144806345924735
332.0 0.04808150988537818
333.0 0.045629762462340295
334.0 0.043178017949685454
335.0 0.041010635322891176
336.0 0.03884324978571385
337.0 0.03941304748877883
338.0 0.03998284519184381
339.0 0.03919154987670481
340.0 0.03840025165118277
341.0 0.0366846943506971
342.0 0.034969134139828384
343.0 0.03164804074913263
344.0 0.028326947358436882
345.0 0.025227913283742964
346.0 0.022128874843474478
347.0 0.020417723862919956
348.0 0.018706572882365435
349.0 0.017070303147193044
350.0 0.445801205933094
351.0 1.2282513082027435
352.0 0.4878298845142126
353.0 0.5876524373888969
354.0 0.2897673984989524
355.0 0.9390585124492645
356.0 0.3025579499080777
357.0 0.8235381916165352
358.0 0.26800623163580894
359.0 0.9742651134729385
360.0 0.4101949278265238
361.0 0.7409937679767609
362.0 0.24292804300785065
363.0 0.5924412980675697
364.0 0.3277999348938465
365.0 0.7400430738925934
366.0 0.24773934856057167
367.0 0.7664485368877649
368.0 0.2727377461269498
369.0 0.603150762617588
370.0 0.22765295580029488
371.0 0.5882274825125933
372.0 0.24972553364932537
373.0 0.6148712709546089
374.0 0.19404077902436256
375.0 0.5684368312358856
376.0 0.2432267414405942
377.0 0.47205868177115917
378.0 0.20673368126153946
379.0 0.5866338033229113
380.0 0.22205801215022802
381.0 0.5215564277023077
382.0 0.5292127840220928
383.0 0.5274839699268341
384.0 0.5306679289788008
385.0 0.5363148637115955
386.0 0.6386698223650455
387.0 0.7097270339727402
388.0 0.8611501194536686
389.0 1.17815425619483
390.0 1.6615819185972214
391.0 2.6615753769874573
392.0 4.152503982186317
393.0 6.630909442901611
394.0 10.053812712430954
395.0 14.553889632225037
396.0 20.231005549430847
397.0 27.38654613494873
398.0 35.7993483543396
399.0 45.032644271850586
400.0 54.41460609436035
401.0 63.43107223510742
402.0 71.77606225013733
403.0 78.84936928749084
404.0 84.09803509712219
405.0 88.07908892631531
406.0 90.3228223323822
407.0 92.2040045261383
408.0 93.21237802505493
409.0 93.77982020378113
410.0 93.95755529403687
411.0 93.78401041030884
412.0 93.50829124450684
413.0 93.28082799911499
414.0 93.07616949081421
415.0 93.24253797531128
416.0 93.57380270957947
417.0 93.87509226799011
418.0 94.37181353569031
419.0 94.94618773460388
420.0 95.45390009880066
421.0 96.0329532623291
422.0 96.18231654167175
423.0 96.37454748153687
424.0 96.25341296195984
425.0 96.12614512443542
426.0 96.13856077194214
427.0 96.17941975593567
428.0 95.99170088768005
429.0 95.79352736473083
430.0 95.70344686508179
431.0 95.7302451133728
432.0 95.75913548469543
433.0 95.86209058761597
434.0 95.91270685195923
435.0 96.0661232471466
436.0 96.14084362983704
437.0 96.07598781585693
438.0 96.17595076560974
439.0 96.24215364456177
440.0 96.23178839683533
441.0 96.34082317352295
442.0 96.34965062141418
443.0 96.33342623710632
444.0 96.3057279586792
445.0 95.9633469581604
446.0 95.86824178695679
447.0 95.64568400382996
448.0 95.66125273704529
449.0 95.78783512115479
450.0 95.9757149219513
451.0 96.20060324668884
452.0 96.48745059967041
453.0 96.56738638877869
454.0 96.6495931148529
455.0 96.91836833953857
456.0 97.00644016265869
457.0 97.15399742126465
458.0 97.15686440467834
459.0 97.1778929233551
460.0 97.19778895378113
461.0 97.32854962348938
462.0 97.2441017627716
463.0 97.19302654266357
464.0 97.23755717277527
465.0 97.2201943397522
466.0 97.18246459960938
467.0 97.19998240470886
468.0 97.22310900688171
469.0 97.28742837905884
470.0 97.09175229072571
471.0 96.98942303657532
472.0 97.03568816184998
473.0 96.90990447998047
474.0 96.79741859436035
475.0 96.92015051841736
476.0 96.86191082000732
477.0 96.95294499397278
478.0 97.05484509468079
479.0 97.02717065811157
480.0 97.21583127975464
481.0 97.29797840118408
482.0 97.4800705909729
483.0 97.36265540122986
484.0 97.5730836391449
485.0 97.5945234298706
486.0 97.62799739837646
487.0 97.69884943962097
488.0 97.69318103790283
489.0 97.80223965644836
490.0 97.75459170341492
491.0 97.80085682868958
492.0 97.72223830223083
493.0 97.76312708854675
494.0 97.68437147140503
495.0 97.76254296302795
496.0 97.61204123497009
497.0 97.51163721084595
498.0 97.3023772239685
499.0 97.37087488174438
500.0 97.33995199203491
501.0 97.2647488117218
502.0 97.22607731819153
503.0 97.3414957523346
504.0 97.19173908233643
505.0 97.16622233390808
506.0 97.20871448516846
507.0 97.17629551887512
508.0 97.15564846992493
509.0 97.20144271850586
510.0 97.14298248291016
511.0 97.09908962249756
512.0 96.99831008911133
513.0 97.08625674247742
514.0 97.04397320747375
515.0 97.06990718841553
516.0 97.16545939445496
517.0 97.18316197395325
518.0 97.28464484214783
519.0 97.30110168457031
520.0 97.32578992843628
521.0 97.44045734405518
522.0 97.40772247314453
523.0 97.41880893707275
524.0 97.39393591880798
525.0 97.36340045928955
526.0 97.4973201751709
527.0 97.4639356136322
528.0 97.49473333358765
529.0 97.62985706329346
530.0 97.61738777160645
531.0 97.76436686515808
532.0 97.63965010643005
533.0 97.62306213378906
534.0 97.66790270805359
535.0 97.4720299243927
536.0 97.15767502784729
537.0 96.66282534599304
538.0 95.89446783065796
539.0 94.5776104927063
540.0 92.90849566459656
541.0 90.37865400314331
542.0 87.69044876098633
543.0 84.08589363098145
544.0 79.5339584350586
545.0 75.46811103820801
546.0 70.48560380935669
547.0 65.94890356063843
548.0 61.38400435447693
549.0 57.30577111244202
550.0 54.07605767250061
551.0 50.975871086120605
552.0 48.63637983798981
553.0 46.160051226615906
554.0 43.37742030620575
555.0 40.241554379463196
556.0 36.0719233751297
557.0 31.209728121757507
558.0 25.836730003356934
559.0 20.50897777080536
560.0 15.32401293516159
561.0 10.50526350736618
562.0 6.798612326383591
563.0 4.025478288531303
564.0 2.2216740995645523
565.0 0.9061532095074654
566.0 0.5692747887223959
567.0 0.26731621474027634
568.0 0.1797545817680657
569.0 0.08726547239348292
570.0 0.07507298141717911
571.0 0.039159427979029715
572.0 0.05044315475970507
573.0 0.023937072546686977
574.0 0.03702130343299359
575.0 0.016280307318083942
576.0 0.031232560286298394
577.0 0.01161952895927243
578.0 0.028663960983976722
579.0 0.013489740376826376
580.0 0.03237685887143016
581.0 0.012349407188594341
582.0 0.029526243451982737
583.0 0.011259317398071289
584.0 0.025564886163920164
585.0 0.00783951545599848
586.0 0.024004140868782997
587.0 0.008886407158570364
588.0 0.0180396978976205
589.0 0.009391236380906776
590.0 0.014244893100112677
591.0 0.0038557889638468623
592.0 0.00883730172063224
593.0 0.006084282722440548
594.0 0.017477023357059807
595.0 0.005928378595854156
596.0 0.006823136209277436
597.0 0.007845563959563151
598.0 0.018042845476884395
599.0 0.006629736162722111
600.0 0.009127648081630468
601.0 0.002289070835104212
602.0 0.0022929985789232887
603.0 0.0022969263227423653
604.0 0.002177703754568938
605.0 0.002058481186395511
606.0 0.002026137735811062
607.0 0.001993794649024494
608.0 0.001992022225749679
609.0 0.001990249984373804
610.0 0.0019093227820121683
611.0 0.0018283959434484132
612.0 0.0018858883777284063
613.0 0.0019433809939073399
614.0 0.0018872537111747079
615.0 0.0018311264284420758
616.0 0.0018116916180588305
617.0 0.0017922568076755852
618.0 0.0015725379853392951
619.0 0.0013528189811040647
620.0 0.0013821720131090842
621.0 0.0014115248632151634
622.0 0.0013843628039467148
623.0 0.0013572008356277365
624.0 0.0013503384252544492
625.0 0.0013434761058306322
626.0 0.0013561380910687149
627.0 0.001368800258205738
628.0 0.0013679653420695104
629.0 0.0013671306987816934
630.0 0.0013714167835132685
631.0 0.0013757029591943137
632.0 0.0014206640116753988
633.0 0.0014656252460554242
634.0 0.0013613569535664283
635.0 0.001257088479178492
636.0 0.0012361601875454653
637.0 0.001215232077811379
638.0 0.0011846946108562406
639.0 0.0011541571439011022
640.0 0.0012479415090638213
641.0 0.0013417259651760105
642.0 0.0012587837773025967
643.0 0.0011758417713281233
644.0 0.0011346781320753507
645.0 0.0010935147656709887
646.0 0.0011194459148100577
647.0 0.0011453769729996566
648.0 0.0011672795153572224
649.0 0.0011891821486642584
650.0 0.0010701402970880736
651.0 0.0009510985364613589
652.0 0.0010828245649463497
653.0 0.0012145504115324002
654.0 0.0011192360943823587
655.0 0.0010239217772323173
656.0 0.0010846928489627317
657.0 0.0011454640116426162
658.0 0.0011480019566079136
659.0 0.0011505399925226811
660.0 0.0011475934115878772
661.0 0.0011446468306530733
662.0 0.0011284672837064136
663.0 0.0011122881005576346
664.0 0.001089651595975738
665.0 0.0010670150913938414
666.0 0.0010555035260040313
667.0 0.001043991869664751
668.0 0.0010201381883234717
669.0 0.000996284325083252
670.0 0.001004293062578654
671.0 0.0010123017091245856
672.0 0.001048113244905835
673.0 0.0010839249625860248
674.0 0.0010749244211183395
675.0 0.001065923788701184
676.0 0.001012407119560521
677.0 0.0009588904504198581
678.0 0.000988812644209247
679.0 0.0010187347470491659
680.0 0.0010357384780945722
681.0 0.0010527423910389189
682.0 0.001015958969219355
683.0 0.0009791758202482015
684.0 0.000935725802264642
685.0 0.0008922757842810825
686.0 0.0009205865353578702
687.0 0.0009488972864346579
688.0 0.0009783944733499084
689.0 0.0010078913874167483
690.0 0.0010235542504233308
691.0 0.001039216931530973
692.0 0.0009895440598484129
693.0 0.0009398711881658528
694.0 0.0009673992281022947
695.0 0.0009949271770892665
696.0 0.0010507152182981372
697.0 0.0011065031685575377
698.0 0.0010565333468548488
699.0 0.0010065633432532195
700.0 0.001031091233016923
701.0 0.001055618849932216
702.0 0.0011071136214013677
703.0 0.0011586083019210491
704.0 0.0010991861927323043
705.0 0.0010397642654424999
706.0 0.0010315347026335075
707.0 0.0010233051398245152
708.0 0.0010611654943204485
709.0 0.0010990263035637327
710.0 0.0010987338100676425
711.0 0.0010984412256220821
712.0 0.0010990079317707568
713.0 0.0010995747288689017
714.0 0.001199168309540255
715.0 0.0012987618902116083
716.0 0.0013727842997468542
717.0 0.0014468068002315704
718.0 0.0014684711459267419
719.0 0.0014901355825713836
720.0 0.0012085230991942808
721.0 0.0009269105248677079
722.0 0.0010703994121286087
723.0 0.0012138883903389797
724.0 0.001279639036511071
725.0 0.0013453898645821027
726.0 0.0014193310562404804
727.0 0.0014932724297977984
728.0 0.0015680358046665788
729.0 0.0016427993614342995
730.0 0.001722610068100039
731.0 0.001802420592866838
732.0 0.001677199725236278
733.0 0.001551978857605718
734.0 0.0015457999325008132
735.0 0.0015396210073959082
736.0 0.0014070089491724502
737.0 0.0012743966181005817
738.0 0.001165425874205539
739.0 0.0010564553122094367
740.0 0.001081479604181368
741.0 0.0011065039871027693
742.0 0.0011569038179004565
743.0 0.0012073037396476138
744.0 0.001079827779904008
745.0 0.0009523520020593423
746.0 0.000888515842234483
747.0 0.0008246797733590938
748.0 0.0008039071872190107
749.0 0.0007831347829778679
750.0 0.0008127524779411033
751.0 0.0008423701729043387
752.0 0.0008190066182578448
753.0 0.0007956427907629404
754.0 0.0007446929430443561
755.0 0.0006937430953257717
756.0 0.0007025945706118364
757.0 0.0007114460458979011
758.0 0.0006995841886237031
759.0 0.0006877224222989753
760.0 0.000618555304754409
761.0 0.0005493882326845778
762.0 0.0006251515969779575
763.0 0.000700914824847132
764.0 0.0005826400865771575
765.0 0.0004643653028324479
766.0 0.000523156040799222
767.0 0.0005819468242407311
768.0 0.0005736215825891122
769.0 0.0005652962499880232
770.0 0.0005715522547689034
771.0 0.0005778082140750485
772.0 0.0005557386884902371
773.0 0.0005336692538548959
774.0 0.0005761141892435262
775.0 0.0006185593065310968
776.0 0.0005888361101824557
777.0 0.0005591127319348743
778.0 0.0005551937647396699
779.0 0.0005512747065949952
780.0 0.0006207097158039687
781.0 0.0006901447704876773
782.0 0.0006266993295866996
783.0 0.000563253934160457
784.0 0.0004968194843968377
785.0 0.0004303850801079534
786.0 0.000517849684911198
787.0 0.0006053144261386478
788.0 0.0005389754278439796
789.0 0.0004726363385998411
790.0 0.00037403340229502646
791.0 0.0002754305114649469
792.0 0.0002943635308838566
793.0 0.00031329655030276626
794.0 0.0003244851541239768
795.0 0.0003356737579451874
796.0 0.0004523194547800813
797.0 0.0005689652425644454
798.0 0.0004575027105602203
799.0 0.0003460401558186277
800.0 0.00029007142074988224
801.0 0.00023410266294376925
802.0 0.0003256105401305831
803.0 0.00041711841731739696
804.0 0.00045228512135508936
805.0 0.00048745182539278176
806.0 0.0003928405021724757
807.0 0.0002982291334774345
808.0 0.00036092101254325826
809.0 0.000423612891609082
810.0 0.0003645281140052248
811.0 0.00030544329092663247
812.0 0.0002582439492471167
813.0 0.00021104453935549827
814.0 0.00031750207654113183
815.0 0.00042395963646413293
816.0 0.000407828702009283
817.0 0.0003916978130291682
818.0 0.0004398463715915568
819.0 0.00048799497562868055
820.0 0.00048688352762837894
821.0 0.0004857722615270177
822.0 0.0004925095709040761
823.0 0.0004992469257558696
824.0 0.00032848408864083467
825.0 0.0001577212287884322
826.0 0.0002865230499082827
827.0 0.00041532489376550075
828.0 0.000443151157014654
829.0 0.0004709774202638073
830.0 0.0004209192411508411
831.0 0.00037086101656313986
832.0 0.0003483127557046828
833.0 0.00032576451758359326
834.0 0.00039719316191622056
835.0 0.0004686218744609505
836.0 0.00041228609006793704
837.0 0.00035595032841229113
838.0 0.0003757972990570124
839.0 0.0003956442014896311
840.0 0.0003809691634160117
841.0 0.000366294193554495
842.0 0.00045913993744761683
843.0 0.0005519857040781062
844.0 0.0004532097136689117
845.0 0.00035443379147181986
846.0 0.0003716896344485576
847.0 0.00038894540921319276
848.0 0.0004221572908136295
849.0 0.00045536917241406627
850.0 0.00038766452234995086
851.0 0.0003199599404979381
852.0 0.0002907415819208836
853.0 0.00026152326881856425
854.0 0.0002994723445226555
855.0 0.0003374214657014818
856.0 0.00039873966670711525
857.0 0.00046005789045011625
858.0 0.0004930836439598352
859.0 0.0005261093065200839
860.0 0.0003999039108748548
861.0 0.00027369846975489054
862.0 0.0002607460146464291
863.0 0.0002477935368006001
864.0 0.00027809187486127485
865.0 0.00030839021292194957
866.0 0.0002637001216498902
867.0 0.00021901003037783084
868.0 0.0003543808134054416
869.0 0.0004897515736956848
870.0 0.0004397878910822328
871.0 0.00038982420846878085
872.0 0.00040896770769904833
873.0 0.0004281112524040509
874.0 0.0004212337444187142
875.0 0.0004143562819081126
876.0 0.0002893229066103231
877.0 0.0001642895540499012
878.0 0.00032562138585490175
879.0 0.00048695319492253475
880.0 0.0004949608410242945
881.0 0.000502968350701849
882.0 0.0005415861778601538
883.0 0.0005802039140689885
884.0 0.0005780144419986755
885.0 0.0005758248789788922
886.0 0.0004958483259542845
887.0 0.00041587168198020663
888.0 0.000539494794793427
889.0 0.0006631178621319123
890.0 0.0006486112852144288
891.0 0.0006341046628222102
892.0 0.0005740924734709552
893.0 0.0005140801931702299
894.0 0.0005020848220738117
895.0 0.0004900894055026583
896.0 0.0005596840765065281
897.0 0.0006292787475103978
898.0 0.0004803254341823049
899.0 0.00033137212085421197
900.0 0.00030231419714255026
901.0 0.000273256250693521
902.0 0.0003189441258655279
903.0 0.0003646320010375348
904.0 0.0003823918177658925
905.0 0.00040015161175688263
