lsstCam/transmission_filter_detector/r42_s10/g_6/19700101T000000.ecsv
# %ECSV 1.0
# ---
# datatype:
# - {name: wavelength, unit: nm, datatype: float32}
# - {name: efficiency, unit: '%', datatype: float64}
# meta: !!omap
# - {MODE: DETECTOR}
# - {TYPE: transmission_filter_detector}
# - {CALIBDATE: '1970-01-01T00:00:00'}
# - {INSTRUME: LSSTCam}
# - {OBSTYPE: transmission_filter_detector}
# - {CALIBCLS: lsst.ip.isr.IntermediateFilterDetectorTransmissionCurve}
# - {SOURCE: Materion (DM-46256)}
# - {DETECTOR: 174}
# - {FILTER: g_6}
# - {CALIB_ID: 'calibDate=1970-01-01T00:00:00 filter=g_6 detector=174'}
# - {DATE: '2025-04-02T15:59:42.832683'}
# - {CALIB_CREATION_DATE: '2025-04-02'}
# - {CALIB_CREATION_TIME: '15:59:42'}
# - __serialized_columns__:
#     efficiency:
#       __class__: astropy.units.quantity.Quantity
#       unit: !astropy.units.Unit {unit: '%'}
#       value: !astropy.table.SerializedColumn {name: efficiency}
#     wavelength:
#       __class__: astropy.units.quantity.Quantity
#       unit: !astropy.units.Unit {unit: nm}
#       value: !astropy.table.SerializedColumn {name: wavelength}
# schema: astropy-2.0
wavelength efficiency
[from data line 607]
907.0 0.0003044712457267451
908.0 0.0003008013209182536
909.0 0.0002971313733723946
910.0 0.00035247314826847287
911.0 0.00040781496863928623
912.0 0.00041666148717922624
913.0 0.00042550796024443116
914.0 0.0004342037755122874
915.0 0.0004428995907801436
916.0 0.00038515040614583995
917.0 0.00032740119877416873
918.0 0.0003643878699222114
919.0 0.0004013745183328865
920.0 0.00040180971154768486
921.0 0.0004022449047624832
922.0 0.00039480892155552283
923.0 0.00038737289287382737
924.0 0.0003563370682968525
925.0 0.00032530128919461276
926.0 0.0003627626256275107
927.0 0.0004002239165856736
928.0 0.0004225350494380109
929.0 0.00044484613681561314
930.0 0.0004522409199125832
931.0 0.00045963570300955325
932.0 0.0004502814135776134
933.0 0.0004409269877214683
934.0 0.00045376868911262136
935.0 0.0004666103450290393
936.0 0.00047324988372565713
937.0 0.00047988942242227495
938.0 0.000507241065861308
939.0 0.0005345927093003411
940.0 0.000558106103198952
941.0 0.0005816194061480928
942.0 0.000531563955519232
943.0 0.000481508459415636
944.0 0.0005812597464682767
945.0 0.0006810108970967121
946.0 0.000869871746544959
947.0 0.001058732595993206
948.0 0.0008775511560088489
949.0 0.0006963696250750218
950.0 0.0006880629371153191
951.0 0.0006797562036808813
952.0 0.0007303911388589768
953.0 0.0007810260285623372
954.0 0.0007336723683692981
955.0 0.000686318753650994
956.0 0.0006831732662249124
957.0 0.0006800278242735658
958.0 0.0007245486813189927
959.0 0.0007690696293138899
960.0 0.0006963495707168477
961.0 0.0006236296030692756
962.0 0.0006454131835198496
963.0 0.0006671965820714831
964.0 0.0006100718564994168
965.0 0.0005529469945031451
966.0 0.0005468345079862047
967.0 0.000540721885045059
968.0 0.000615507087786682
969.0 0.0006902922905283049
970.0 0.0006277139618759975
971.0 0.0005651355422742199
972.0 0.0006854350885987515
973.0 0.0008057347258727532
974.0 0.0007835529686417431
975.0 0.0007613712114107329
976.0 0.0008139056262734812
977.0 0.0008664400411362294
978.0 0.0008883655027602799
979.0 0.0009102907824853901
980.0 0.0009138208042713813
981.0 0.0009173510989057831
982.0 0.001079830872185994
983.0 0.001242310827365145
984.0 0.001367737422697246
985.0 0.0014931641089788172
986.0 0.0014358960470417514
987.0 0.0013786282579530962
988.0 0.0013995004337630235
989.0 0.0014203723367245402
990.0 0.001527759013697505
991.0 0.0016351452359231189
992.0 0.0015906516637187451
993.0 0.0015461580915143713
994.0 0.001538963260827586
995.0 0.0015317686120397411
996.0 0.0014806599210714921
997.0 0.0014295513210527133
998.0 0.0014737120181962382
999.0 0.0015178729881881736
1000.0 0.0014486749932984821
1001.0 0.0013794772712572012
1002.0 0.0013257978025649209
1003.0 0.0012721181519737002
1004.0 0.0013163086805434432
1005.0 0.0013604992091131862
1006.0 0.0013608031622425187
1007.0 0.001361106933472911
1008.0 0.0013023843166592997
1009.0 0.0012436616088962182
1010.0 0.0013264793778944295
1011.0 0.0014092974197410513
1012.0 0.0012748672816087492
1013.0 0.001140437052526977
1014.0 0.0013233538084023166
1015.0 0.001506270928075537
1016.0 0.0016682217392371967
1017.0 0.0018301727322977968
1018.0 0.0019938412151532248
1019.0 0.0021575095161097124
1020.0 0.0022804913896834478
1021.0 0.002403473627055064
1022.0 0.002667216904228553
1023.0 0.002930959999503102
1024.0 0.0030775721825193614
1025.0 0.003224184547434561
1026.0 0.003387723336345516
1027.0 0.0035512617614585906
1028.0 0.003788905087276362
1029.0 0.004026548049296252
1030.0 0.004180261748842895
1031.0 0.004333975812187418
1032.0 0.004433118010638282
1033.0 0.004532259845291264
1034.0 0.004673609873862006
1035.0 0.004814959902432747
1036.0 0.004905620517092757
1037.0 0.004996281131752767
1038.0 0.005046290243626572
1039.0 0.005096299355500378
1040.0 0.005263440471026115
1041.0 0.005430581222753972
1042.0 0.0055588152463315055
1043.0 0.0056870499975048006
1044.0 0.005932834392297082
1045.0 0.006178618787089363
1046.0 0.00645784311927855
1047.0 0.0067370674514677376
1048.0 0.007261269638547674
1049.0 0.00778547182562761
1050.0 0.008463129779556766
1051.0 0.00914078700589016
1052.0 0.010628133895806968
1053.0 0.012115481513319537
1054.0 0.01401556801283732
1055.0 0.015915655239950866
1056.0 0.018972197722177953
1057.0 0.02202874020440504
1058.0 0.026641818112693727
1059.0 0.03125490038655698
1060.0 0.03770964976865798
1061.0 0.04416439332999289
1062.0 0.05233134143054485
1063.0 0.06049829535186291
1064.0 0.06986918160691857
1065.0 0.07924008532427251
1066.0 0.08868547738529742
1067.0 0.09813087526708841
1068.0 0.10740638244897127
1069.0 0.11668190127238631
1070.0 0.12545196805149317
1071.0 0.13422203483060002
1072.0 0.14408540446311235
1073.0 0.15394878573715687
1074.0 0.16343103488907218
1075.0 0.1729132723994553
1076.0 0.18219966441392899
1077.0 0.19148604478687048
1078.0 0.2005095360800624
1079.0 0.2095330273732543
1080.0 0.21925263572484255
1081.0 0.22897222079336643
1082.0 0.23951102048158646
1083.0 0.25004984345287085
1084.0 0.2649359870702028
1085.0 0.27982210740447044
1086.0 0.3026843536645174
1087.0 0.3255465766415
1088.0 0.3657969878986478
1089.0 0.4060473758727312
1090.0 0.44951620511710644
1091.0 0.49298503436148167
1092.0 0.5468888208270073
1093.0 0.6007925141602755
1094.0 0.6964049767702818
1095.0 0.7920173928141594
1096.0 0.8783478289842606
1097.0 0.9646779857575893
1098.0 1.023220643401146
1099.0 1.08176339417696
1100.0 1.1682082898914814
1101.0 1.2546532787382603
