lsstCam/transmission_filter_detector/r14_s00/z_20/19700101T000000.ecsv
# %ECSV 1.0
# ---
# datatype:
# - {name: wavelength, unit: nm, datatype: float32}
# - {name: efficiency, unit: '%', datatype: float64}
# meta: !!omap
# - {MODE: DETECTOR}
# - {TYPE: transmission_filter_detector}
# - {CALIBDATE: '1970-01-01T00:00:00'}
# - {INSTRUME: LSSTCam}
# - {OBSTYPE: transmission_filter_detector}
# - {CALIBCLS: lsst.ip.isr.IntermediateFilterDetectorTransmissionCurve}
# - {SOURCE: Materion (DM-46256)}
# - {DETECTOR: 63}
# - {FILTER: z_20}
# - {CALIB_ID: 'calibDate=1970-01-01T00:00:00 filter=z_20 detector=63'}
# - {DATE: '2025-04-02T15:59:48.929406'}
# - {CALIB_CREATION_DATE: '2025-04-02'}
# - {CALIB_CREATION_TIME: '15:59:48'}
# - __serialized_columns__:
#     efficiency:
#       __class__: astropy.units.quantity.Quantity
#       unit: !astropy.units.Unit {unit: '%'}
#       value: !astropy.table.SerializedColumn {name: efficiency}
#     wavelength:
#       __class__: astropy.units.quantity.Quantity
#       unit: !astropy.units.Unit {unit: nm}
#       value: !astropy.table.SerializedColumn {name: wavelength}
# schema: astropy-2.0
wavelength efficiency
[from data line 597]
897.0 99.49963092803955
898.0 98.75463247299194
899.0 98.62803816795349
900.0 99.0662157535553
901.0 99.2917001247406
902.0 99.10666346549988
903.0 98.86758923530579
904.0 97.69059419631958
905.0 98.54317307472229
906.0 97.81072735786438
907.0 98.35917949676514
908.0 98.18053841590881
909.0 98.14619421958923
910.0 97.96519875526428
911.0 96.97445034980774
912.0 96.09227180480957
913.0 94.55339908599854
914.0 92.0871913433075
915.0 89.95572328567505
916.0 87.81350255012512
917.0 86.1451268196106
918.0 82.85993337631226
919.0 81.29112720489502
920.0 78.490149974823
921.0 74.54344630241394
922.0 69.83628869056702
923.0 63.841962814331055
924.0 58.33239555358887
925.0 52.670449018478394
926.0 46.656569838523865
927.0 39.580994844436646
928.0 33.56025516986847
929.0 27.33910083770752
930.0 21.752528846263885
931.0 16.784875094890594
932.0 11.440640687942505
933.0 7.339811325073242
934.0 4.765735939145088
935.0 2.8632208704948425
936.0 1.6373248770833015
937.0 1.0275189764797688
938.0 0.5330633372068405
939.0 0.29727478977292776
940.0 0.2880588173866272
941.0 0.13281538849696517
942.0 0.09134565480053425
943.0 0.11179466964676976
944.0 1.6530838113301694e-10
945.0 1.6530838113301694e-10
946.0 1.6530838113301694e-10
947.0 1.6530838113301694e-10
948.0 1.6530838113301694e-10
949.0 0.04537571803666651
950.0 1.6530838113301694e-10
951.0 1.6530838113301694e-10
952.0 0.16157686477527022
953.0 0.03371174680069089
954.0 0.04438383330125362
955.0 0.04728312778752297
956.0 1.6530838113301694e-10
957.0 0.030520709697157145
958.0 1.6530838113301694e-10
959.0 1.6530838113301694e-10
960.0 0.017919322999659926
961.0 1.6530838113301694e-10
962.0 1.6530838113301694e-10
963.0 1.6530838113301694e-10
964.0 0.028927632956765592
965.0 1.6530838113301694e-10
966.0 1.6530838113301694e-10
967.0 1.6530838113301694e-10
968.0 1.6530838113301694e-10
969.0 1.6530838113301694e-10
970.0 1.6530838113301694e-10
971.0 0.00965802973951213
972.0 0.007751277735223994
973.0 0.06656321347691119
974.0 1.6530838113301694e-10
975.0 1.6530838113301694e-10
976.0 0.006348739407258108
977.0 0.006305870192591101
978.0 0.006263001705519855
979.0 0.0061141763580963016
980.0 0.005965349555481225
981.0 0.005751359640271403
982.0 0.005537370452657342
983.0 0.005418008004198782
984.0 0.005298645919538103
985.0 0.005093877553008497
986.0 0.004889108095085248
987.0 0.004861311754211783
988.0 0.004833514685742557
989.0 0.0047763154725544155
990.0 0.004719116259366274
991.0 0.00477941102872137
992.0 0.0048397061618743464
993.0 0.004823198105441406
994.0 0.004806689321412705
995.0 0.004736277696792968
996.0 0.00466586607217323
997.0 0.004515499313129112
998.0 0.004365132190287113
999.0 0.0043224110413575545
1000.0 0.004279689528630115
1001.0 0.004381369581096806
1002.0 0.004483049633563496
1003.0 0.004428508327691816
1004.0 0.004373967385618016
1005.0 0.0042390009184600785
1006.0 0.004104034815100022
1007.0 0.00417781229771208
1008.0 0.004251589780324139
1009.0 0.004333680772106163
1010.0 0.004415771763888188
1011.0 0.00447497732238844
1012.0 0.004534183244686574
1013.0 0.004368798909126781
1014.0 0.004203414573566988
1015.0 0.004371875911601819
1016.0 0.004540336522040889
1017.0 0.0047859299229457974
1018.0 0.0050315229600528255
1019.0 0.004856927625951357
1020.0 0.004682331928052008
1021.0 0.004628388342098333
1022.0 0.004574444392346777
1023.0 0.004509331483859569
1024.0 0.00444421821157448
1025.0 0.004611028634826653
1026.0 0.004777838694280945
1027.0 0.004703660306404345
1028.0 0.004629482282325625
1029.0 0.0046884833864169195
1030.0 0.004747485218103975
1031.0 0.004831723708775826
1032.0 0.0049159621994476765
1033.0 0.004927477857563645
1034.0 0.004938994243275374
1035.0 0.0051377144700381905
1036.0 0.005336434696801007
1037.0 0.005466270522447303
1038.0 0.005596105620497838
1039.0 0.0054433170589618385
1040.0 0.005290528133627959
1041.0 0.005640530071104877
1042.0 0.005990532736177556
1043.0 0.0055676166084595025
1044.0 0.005144700844539329
1045.0 0.005809454887639731
1046.0 0.0064742082031443715
1047.0 0.006150978879304603
1048.0 0.0058277488278690726
1049.0 0.005943690484855324
1050.0 0.0060596321418415755
1051.0 0.0063312691054306924
1052.0 0.006602907524211332
1053.0 0.006713597394991666
1054.0 0.0068242865381762385
1055.0 0.00749048704165034
1056.0 0.008156688272720203
1057.0 0.007879829354351386
1058.0 0.00760297043598257
1059.0 0.0077473276178352535
1060.0 0.007891682616900653
1061.0 0.008464838902000338
1062.0 0.009037995914695784
1063.0 0.00890515511855483
1064.0 0.008772314322413877
1065.0 0.008890800381777808
1066.0 0.009009288623929024
1067.0 0.00910734452190809
1068.0 0.00920540260267444
1069.0 0.010105819092132151
1070.0 0.011006234853994101
1071.0 0.010733639646787196
1072.0 0.01046104371198453
1073.0 0.010669934999896213
1074.0 0.010878826287807897
1075.0 0.011523052671691403
1076.0 0.012167282693553716
1077.0 0.01205566804856062
1078.0 0.011944052675971761
1079.0 0.01304709876421839
1080.0 0.01415014558006078
1081.0 0.014163939340505749
1082.0 0.01417773455614224
1083.0 0.014150870265439153
1084.0 0.014124007429927588
1085.0 0.014455006748903543
1086.0 0.01478600752307102
1087.0 0.014940500841476023
1088.0 0.015094997070264071
1089.0 0.01646365853957832
1090.0 0.017832320008892566
1091.0 0.017752293206285685
1092.0 0.017672262038104236
1093.0 0.017023888358380646
1094.0 0.016375513223465532
1095.0 0.01786000357242301
1096.0 0.019344495376572013
1097.0 0.019581921515055
1098.0 0.01981934765353799
1099.0 0.021922204177826643
1100.0 0.024025054881349206
1101.0 0.024175748694688082
1102.0 0.024326439597643912
1103.0 0.0253569072810933
1104.0 0.02638737205415964
1105.0 0.02622998144943267
1106.0 0.026072593755088747
1107.0 0.027527959900908172
1108.0 0.028983326046727598
1109.0 0.030149269150570035
1110.0 0.03131521516479552
1111.0 0.031640706583857536
1112.0 0.0319662009133026
1113.0 0.03365386510267854
1114.0 0.03534153220243752
1115.0 0.03363109135534614
1116.0 0.03192065632902086
1117.0 0.033316967892460525
1118.0 0.03471327945590019
1119.0 0.03789232578128576
1120.0 0.04107137210667133
1121.0 0.04211971536278725
1122.0 0.04316806443966925
1123.0 0.043621574877761304
1124.0 0.04407508531585336
1125.0 0.04423570935614407
1126.0 0.04439633630681783
1127.0 0.04734247922897339
1128.0 0.0502886192407459
1129.0 0.05484497523866594
1130.0 0.05940132541581988
1131.0 0.059417926240712404
1132.0 0.059434521244838834
1133.0 0.06313864141702652
1134.0 0.0668427615892142
1135.0 0.06440231809392571
1136.0 0.06196186877787113
1137.0 0.06804059958085418
1138.0 0.07411933620460331
1139.0 0.07864129147492349
1140.0 0.08316320599988103
1141.0 0.09104959899559617
1142.0 0.09893596870824695
1143.0 0.12055104598402977
1144.0 0.14216607669368386
1145.0 0.28107287362217903
1146.0 0.4199797287583351
1147.0 0.8782820776104927
1148.0 1.3365844264626503
1149.0 1.5283332206308842
1150.0 1.7200829461216927
