lsstCam/transmission_filter_detector/r14_s00/z_20/19700101T000000.ecsv
# %ECSV 1.0
# ---
# datatype:
# - {name: wavelength, unit: nm, datatype: float32}
# - {name: efficiency, unit: '%', datatype: float64}
# meta: !!omap
# - {MODE: DETECTOR}
# - {TYPE: transmission_filter_detector}
# - {CALIBDATE: '1970-01-01T00:00:00'}
# - {INSTRUME: LSSTCam}
# - {OBSTYPE: transmission_filter_detector}
# - {CALIBCLS: lsst.ip.isr.IntermediateFilterDetectorTransmissionCurve}
# - {SOURCE: Materion (DM-46256)}
# - {DETECTOR: 63}
# - {FILTER: z_20}
# - {CALIB_ID: 'calibDate=1970-01-01T00:00:00 filter=z_20 detector=63'}
# - {DATE: '2025-04-02T15:59:48.929406'}
# - {CALIB_CREATION_DATE: '2025-04-02'}
# - {CALIB_CREATION_TIME: '15:59:48'}
# - __serialized_columns__:
#     efficiency:
#       __class__: astropy.units.quantity.Quantity
#       unit: !astropy.units.Unit {unit: '%'}
#       value: !astropy.table.SerializedColumn {name: efficiency}
#     wavelength:
#       __class__: astropy.units.quantity.Quantity
#       unit: !astropy.units.Unit {unit: nm}
#       value: !astropy.table.SerializedColumn {name: wavelength}
# schema: astropy-2.0
wavelength efficiency
300.0 0.8687494322657585
301.0 0.5856677889823914
302.0 0.302586262114346
303.0 0.2955092815682292
304.0 0.28843230102211237
305.0 0.24444835726171732
306.0 0.20046441350132227
307.0 0.18432424403727055
308.0 0.1681840978562832
309.0 0.1470506889745593
310.0 0.12591726845130324
311.0 0.12642352376133204
312.0 0.12692981399595737
313.0 0.11138461995869875
314.0 0.09583945502527058
315.0 0.09559057070873678
316.0 0.09534168057143688
317.0 0.07985631236806512
318.0 0.06437096162699163
319.0 0.06410754285752773
320.0 0.06384412408806384
321.0 0.06302225519903004
322.0 0.06220039213076234
323.0 0.05418300861492753
324.0 0.04616562509909272
325.0 0.04304547037463635
326.0 0.03992531856056303
327.0 0.03916569985449314
328.0 0.0384060840588063
329.0 0.03397191176190972
330.0 0.029537745285779238
331.0 0.02705974329728633
332.0 0.024581741308793426
333.0 0.023552232596557587
334.0 0.022522720973938704
335.0 0.021276652114465833
336.0 0.020030583254992962
337.0 0.02425198763376102
338.0 0.02847338910214603
339.0 0.024251241120509803
340.0 0.020029097504448146
341.0 0.016867263184394687
342.0 0.01370542886434123
343.0 0.013525127724278718
344.0 0.01334482803940773
345.0 0.012560433242470026
346.0 0.011776036990340799
347.0 0.011265967623330653
348.0 0.01075589971151203
349.0 0.013274417142383754
350.0 0.01579293457325548
351.0 0.013150885934010148
352.0 0.01050883365678601
353.0 0.011049681052099913
354.0 0.011590528447413817
355.0 0.01003891447908245
356.0 0.008487301965942606
357.0 0.009462263551540673
358.0 0.010437228047521785
359.0 0.010101759835379198
360.0 0.009766290168045089
361.0 0.008878348307916895
362.0 0.007990409358171746
363.0 0.009223850793205202
364.0 0.010457291500642896
365.0 0.010148516594199464
366.0 0.009839743870543316
367.0 0.008590734069002792
368.0 0.007341723539866507
369.0 0.007836619624868035
370.0 0.008331516437465325
371.0 0.008301439811475575
372.0 0.00827136536827311
373.0 0.007235750672407448
374.0 0.006200138159329072
375.0 0.00651737573207356
376.0 0.006834613304818049
377.0 0.007113756146281958
378.0 0.007392897532554343
379.0 0.0062288439949043095
380.0 0.005064790093456395
381.0 0.0032218362321145833
382.0 0.0013788827345706522
383.0 0.003575353912310675
384.0 0.005771825090050697
385.0 0.0054960011766524985
386.0 0.0052201776270521805
387.0 0.005898776726098731
388.0 0.0065773761889431626
389.0 0.005763720764662139
390.0 0.004950065704178996
391.0 0.0046062905312282965
392.0 0.004262515722075477
393.0 0.00474626176583115
394.0 0.005230008173384704
395.0 0.004293446545489132
396.0 0.003356884917593561
397.0 0.003562724668881856
398.0 0.00376856405637227
399.0 0.003974297578679398
400.0 0.004180031100986525
401.0 0.004586805516737513
402.0 0.00499357956869062
403.0 0.005039048119215295
404.0 0.005084516669739969
405.0 0.004074359094374813
406.0 0.003064201882807538
407.0 0.0017487918739789166
408.0 0.0004333827291702619
409.0 0.0019151602828060277
410.0 0.0033969383366638795
411.0 0.004131583773414604
412.0 0.004866228846367449
413.0 0.004627162343240343
414.0 0.004388095476315357
415.0 0.0035600434785010293
416.0 0.002731992026383523
417.0 0.0038427966501330957
418.0 0.0049536018195794895
419.0 0.004479410199564882
420.0 0.004005218943348154
421.0 0.00390778441214934
422.0 0.003810350244748406
423.0 0.0036531302612274885
424.0 0.003495911369100213
425.0 0.0025896995794028044
426.0 0.0016834881535032764
427.0 0.0018879567505791783
428.0 0.0020924253476550803
429.0 0.0012287949175515678
430.0 0.00036516482850856846
431.0 0.0006197560196596896
432.0 0.0008743470061745029
433.0 0.0007539266334788408
434.0 0.0006335063517326489
435.0 0.0012430644346750341
436.0 0.0018526225176174194
437.0 0.0019105258616036735
438.0 0.0019684292055899277
439.0 0.0020564146325341426
440.0 0.002144400423276238
441.0 0.0015974406778695993
442.0 0.001050481205311371
443.0 0.0022483354769065045
444.0 0.0034461896575521678
445.0 0.003382442082511261
446.0 0.003318695235066116
447.0 0.0025332656150567345
448.0 0.001747836358845234
449.0 0.0025002880647662096
450.0 0.0032527404982829466
451.0 0.0024795623176032677
452.0 0.001706383773125708
453.0 0.001607937883818522
454.0 0.0015094920854608063
455.0 0.002277494604641106
456.0 0.003045497214770876
457.0 0.002237874286947772
458.0 0.0014302514500741381
459.0 0.0015403542420244776
460.0 0.0016504569430253468
461.0 0.0007709097189945169
462.0 1.6530838113301694e-10
463.0 0.0009186076567857526
464.0 0.0019458530005067587
465.0 0.002210516140621621
466.0 0.002475179462635424
467.0 0.00215584113902878
468.0 0.001836502087826375
469.0 0.001658608380239457
470.0 0.0014807144907535985
471.0 0.0013572121133620385
472.0 0.0012337100997683592
473.0 0.00124857697301195
474.0 0.001263443937205011
475.0 0.0011134708074678201
476.0 0.000963497586781159
477.0 0.0013071186003799085
478.0 0.0016507392501807772
479.0 0.001960837107617408
480.0 0.0022709347831550986
481.0 0.00184701075340854
482.0 0.0014230869055609219
483.0 0.0009625903658161405
484.0 0.000502093689647154
485.0 0.0012798787793144584
486.0 0.0020576637325575575
487.0 0.0014617157830798533
488.0 0.0008657676517032087
489.0 0.0017291224139626138
490.0 0.002592477176222019
491.0 0.0023535272703156807
492.0 0.0021145770006114617
493.0 0.0020245852283551358
494.0 0.0019345938198966905
495.0 0.0016354431863874197
496.0 0.0013362923709792085
497.0 0.001246467491000658
498.0 0.0011566428838705178
499.0 0.0012439612874004524
500.0 0.0013312798728293274
501.0 0.0009224988389178179
502.0 0.000513717577632633
503.0 0.0012591600352607202
504.0 0.002004602356464602
505.0 0.0021351863324525766
506.0 0.0022657704903394915
507.0 0.0022577729396289214
508.0 0.002249775207019411
509.0 0.0018702594388742
510.0 0.00149074421642581
511.0 0.0011722294402716216
512.0 0.0008537147550669033
513.0 0.001244713075720938
514.0 0.001635711669223383
515.0 0.0012999742466490716
516.0 0.000964237278822111
517.0 0.0009126903933065478
518.0 0.0008611435077909846
519.0 0.001053186679200735
520.0 0.0012452295777620748
521.0 0.001597077789483592
522.0 0.001948926001205109
523.0 0.0013152481187717058
524.0 0.0006815703272877727
525.0 0.0007634178473381326
526.0 0.0008452655492874328
527.0 0.0011827517482743133
528.0 0.0015202381291601341
529.0 0.001260390581592219
530.0 0.0010005423973780125
531.0 0.0011186255505890585
532.0 0.0012367085219011642
533.0 0.0008879455890564714
534.0 0.0005391825197875733
535.0 0.0011156860637129284
536.0 0.0016921896531130187
537.0 0.0016728194168535993
538.0 0.0016534489986952394
539.0 0.0012002224138996098
540.0 0.0007469955107808346
541.0 0.0007956683475640602
542.0 0.0008443414117209613
543.0 0.0012207969120936468
544.0 0.0015972524124663323
545.0 0.0010517899681872223
546.0 0.0005063278422312578
547.0 0.0011838522368634585
548.0 0.0018613762222230434
549.0 0.0016726282410672866
550.0 0.0014838799870631192
551.0 0.0015064911167428363
552.0 0.0015291021554730833
553.0 0.0013168647456041072
554.0 0.0011046269719372503
555.0 0.0009963441698346287
556.0 0.0008880612767825369
557.0 0.0013137914720573463
558.0 0.0017395215763826855
559.0 0.0017196280168718658
560.0 0.0016997342754621059
561.0 0.0015718553186161444
562.0 0.0014439762708207127
563.0 0.0011753545550163835
564.0 0.0009067327482625842
565.0 0.001698152300377842
566.0 0.0024895720343920402
567.0 0.002813022911141161
568.0 0.0031364732421934605
569.0 0.0029545470169978216
570.0 0.0027726206099032424
571.0 0.0026572308343020268
572.0 0.00254184051300399
573.0 0.002042325650108978
574.0 0.0015428109691129066
575.0 0.0019879636965924874
576.0 0.002433116424072068
577.0 0.001965778756130021
578.0 0.0014984414519858547
579.0 0.0017108162865042686
580.0 0.0019231905753258616
581.0 0.0016993539247778244
582.0 0.0014755170013813768
583.0 0.0018973421902046539
584.0 0.002319167288078461
585.0 0.0025157343770843
586.0 0.002712301466090139
587.0 0.0020915780623909086
588.0 0.0014708542039443273
589.0 0.002091548594762571
590.0 0.0027122427127324045
591.0 0.001967511707334779
592.0 0.0012227806109876838
593.0 0.0009358625902677886
594.0 0.0006489444785984233
595.0 0.001048755984811578
596.0 0.001448567218176322
597.0 0.0013384114936343394
598.0 0.0012282556781428866
599.0 0.0008952310054155532
600.0 0.00056220642363769
601.0 0.0004973314389644656
602.0 0.00043245636334177107
603.0 0.0009545246939524077
604.0 0.0014765925698156934
605.0 0.0009084353223443031
606.0 0.0003402778020245023
607.0 0.0007746375558781438
608.0 0.001208997218782315
609.0 0.001184276698040776
610.0 0.0011595558135013562
611.0 0.0010063396075565834
612.0 0.0008531232197128702
613.0 0.0007985631782503333
614.0 0.0007440031822625315
615.0 0.0012187141692265868
616.0 0.0016934254745137878
617.0 0.0021830519472132437
618.0 0.00267267860181164
619.0 0.0022571308363694698
620.0 0.0018415828890283592
621.0 0.0015845296729821712
622.0 0.001327475911239162
623.0 0.0016098547348519787
624.0 0.0018922335584647954
625.0 0.0016633352061035112
626.0 0.0014344370356411673
627.0 0.0018948858269141056
628.0 0.0023553349819849245
629.0 0.002103553561028093
630.0 0.001851772321970202
631.0 0.0016159967344719917
632.0 0.0013802211469737813
633.0 0.0017684797057881951
634.0 0.0021567386284004897
635.0 0.005120559217175469
636.0 0.008084379078354686
637.0 0.015444656310137361
638.0 0.022804932086728513
639.0 0.019826384959742427
640.0 0.01684783783275634
641.0 0.014569429913535714
642.0 0.012291026359889656
643.0 0.009856184624368325
644.0 0.007421344344038516
645.0 0.006716830830555409
646.0 0.006012316953274421
647.0 0.005479027458932251
648.0 0.004945737600792199
649.0 0.004078535494045354
650.0 0.0032113344786921516
651.0 0.0036227396776666865
652.0 0.004034144876641221
653.0 0.0032898289646254852
654.0 0.0025455126888118684
655.0 0.0028352946173981763
656.0 0.003125076909782365
657.0 0.0029931987228337675
658.0 0.002861319990188349
659.0 0.0027156142095918767
660.0 0.0025699084289954044
661.0 0.002739411502261646
662.0 0.002908914211730007
663.0 0.001960052213689778
664.0 0.0010111903975484893
665.0 0.0014983367691456806
666.0 0.001985483686439693
667.0 0.0023272035832633264
668.0 0.0026689236619859003
669.0 0.001960863301064819
670.0 0.001252802940143738
671.0 0.0009160889021586627
672.0 0.0005793750460725278
673.0 0.001273684756597504
674.0 0.001967994830920361
675.0 0.002081137790810317
676.0 0.0021942805688013323
677.0 0.0019463454009382986
678.0 0.0016984096873784438
679.0 0.0014372925761563238
680.0 0.001176175101136323
681.0 0.0012092589713574853
682.0 0.0012423426596797071
683.0 0.002361855331400875
684.0 0.0034813681850209832
685.0 0.0028293710784055293
686.0 0.0021773745174868964
687.0 0.001646335658733733
688.0 0.001115296436182689
689.0 0.0014888870282447897
690.0 0.00186247743840795
691.0 0.0021632518837577663
692.0 0.002464026147208642
693.0 0.002813404171320144
694.0 0.003162782741128467
695.0 0.0033182914194185287
696.0 0.003473799370112829
697.0 0.00369768422388006
698.0 0.00392156871384941
699.0 0.0058614594308892265
700.0 0.007801350147929043
701.0 0.007257590914377943
702.0 0.006713831680826843
703.0 0.006210078572621569
704.0 0.005706324736820534
705.0 0.00513969425810501
706.0 0.004573064870783128
707.0 0.004332177559263073
708.0 0.004091289883945137
709.0 0.004237974280840717
710.0 0.0043846583139384165
711.0 0.003905073390342295
712.0 0.0034254891943419352
713.0 0.002479117756593041
714.0 0.0015327465007430874
715.0 0.0021975165509502403
716.0 0.0028622867830563337
717.0 0.00246442523348378
718.0 0.0020665631382144056
719.0 0.001627712117624469
720.0 0.0011888606422871817
721.0 0.001146873546531424
722.0 0.0011048862688767258
723.0 0.0009860377758741379
724.0 0.0008671891919220798
725.0 0.0012645905371755362
726.0 0.001661992064327933
727.0 0.001729273390083108
728.0 0.0017965543520404026
729.0 0.0017960099285119213
730.0 0.0017954656868823804
731.0 0.0013595367818197701
732.0 0.0009236081496055704
733.0 0.0009216985745297279
734.0 0.0009197889994538855
735.0 0.0010201323675573803
736.0 0.0011204754628124647
737.0 0.0013204302376834676
738.0 0.00152038483065553
739.0 0.0011872813956870232
740.0 0.0008541777788195759
741.0 0.0010334096259612124
742.0 0.0012126412002544384
743.0 0.0016172876712516882
744.0 0.0020219338694005273
745.0 0.0013222730558481999
746.0 0.0006226122422958724
747.0 0.0011778835869336035
748.0 0.0017331547496723942
749.0 0.0023201833755592816
750.0 0.0029072121833451092
751.0 0.002941681486845482
752.0 0.0029761506084469147
753.0 0.0029820294003002346
754.0 0.0029879083740524948
755.0 0.001980361957976129
756.0 0.0009728156328492332
757.0 0.0019053906726185232
758.0 0.002837965621438343
759.0 0.002669131390575785
760.0 0.0025002967959153466
761.0 0.004431761408341117
762.0 0.00636322729405947
763.0 0.005767421316704713
764.0 0.005171614611754194
765.0 0.0052366143791005015
766.0 0.005301614146446809
767.0 0.00456583802588284
768.0 0.0038300615415209904
769.0 0.0034660421079024673
770.0 0.0031020234018797055
771.0 0.0039528698835056275
772.0 0.004803717092727311
773.0 0.003989427932538092
774.0 0.0031751387723488733
775.0 0.061796384397894144
776.0 1.6530838113301694e-10
777.0 1.6530838113301694e-10
778.0 0.03654488536994904
779.0 0.048155433614738286
780.0 1.6530838113301694e-10
781.0 0.02200726739829406
782.0 0.006329090683721006
783.0 1.6530838113301694e-10
784.0 1.6530838113301694e-10
785.0 1.6530838113301694e-10
786.0 0.14364001108333468
787.0 0.0739912677090615
788.0 1.6530838113301694e-10
789.0 1.6530838113301694e-10
790.0 1.6530838113301694e-10
791.0 0.052562711061909795
792.0 0.0323757529258728
793.0 0.05693999701179564
794.0 1.6530838113301694e-10
795.0 0.15675239264965057
796.0 0.19963413942605257
797.0 1.6530838113301694e-10
798.0 0.3023361088708043
799.0 0.23012084420770407
800.0 0.26326999068260193
801.0 0.6903142668306828
802.0 1.0149100795388222
803.0 1.6142623499035835
804.0 2.671908400952816
805.0 4.107070341706276
806.0 5.819925293326378
807.0 8.121863007545471
808.0 10.682564973831177
809.0 13.761860132217407
810.0 17.14051216840744
811.0 20.35677582025528
812.0 23.273049294948578
813.0 26.932984590530396
814.0 31.087815761566162
815.0 35.640424489974976
816.0 41.683781147003174
817.0 47.79072403907776
818.0 54.16536331176758
819.0 60.86813807487488
820.0 68.57951879501343
821.0 75.83714723587036
822.0 81.20194673538208
823.0 85.92231869697571
824.0 90.10624289512634
825.0 93.82835626602173
826.0 95.64363360404968
827.0 97.34219908714294
828.0 99.00747537612915
829.0 99.2458701133728
830.0 98.67182970046997
831.0 99.32364821434021
832.0 98.76549243927002
833.0 99.17716979980469
834.0 98.09098839759827
835.0 99.18898344039917
836.0 98.75791668891907
837.0 99.09272789955139
838.0 97.96674847602844
839.0 98.46128821372986
840.0 98.91589879989624
841.0 99.29282069206238
842.0 99.51189756393433
843.0 99.68494176864624
844.0 97.98347353935242
845.0 98.10818433761597
846.0 98.59303832054138
847.0 98.44123721122742
848.0 99.99989867210388
849.0 98.98950457572937
850.0 98.3763575553894
851.0 99.15006160736084
852.0 98.98249506950378
853.0 98.65272045135498
854.0 99.76345896720886
855.0 98.24528694152832
856.0 99.10703301429749
857.0 98.10999035835266
858.0 98.58487844467163
859.0 99.18612837791443
860.0 98.68522882461548
861.0 98.91623258590698
862.0 98.90702962875366
863.0 98.42087626457214
864.0 99.26979541778564
865.0 99.76900815963745
866.0 98.67718815803528
867.0 99.18713569641113
868.0 99.9016523361206
869.0 98.75161051750183
870.0 98.34542870521545
871.0 98.62682223320007
872.0 99.12095069885254
873.0 99.03677701950073
874.0 100.0105619430542
875.0 98.80794882774353
876.0 98.92460703849792
877.0 99.38088059425354
878.0 99.22921061515808
879.0 98.50399494171143
880.0 98.58074188232422
881.0 99.99591708183289
882.0 99.03318285942078
883.0 98.50247502326965
884.0 99.0317702293396
885.0 98.9183247089386
886.0 98.5194444656372
887.0 98.47166538238525
888.0 99.00013208389282
889.0 99.34832453727722
890.0 98.47482442855835
891.0 99.61374998092651
892.0 98.42075705528259
893.0 98.44387769699097
894.0 98.55487942695618
895.0 99.43855404853821
