lsstCam/transmission_filter_detector/r20_s20/r_57/19700101T000000.ecsv
# %ECSV 1.0
# ---
# datatype:
# - {name: wavelength, unit: nm, datatype: float32}
# - {name: efficiency, unit: '%', datatype: float64}
# meta: !!omap
# - {MODE: DETECTOR}
# - {TYPE: transmission_filter_detector}
# - {CALIBDATE: '1970-01-01T00:00:00'}
# - {INSTRUME: LSSTCam}
# - {OBSTYPE: transmission_filter_detector}
# - {CALIBCLS: lsst.ip.isr.IntermediateFilterDetectorTransmissionCurve}
# - {SOURCE: Materion (DM-46256)}
# - {DETECTOR: 78}
# - {FILTER: r_57}
# - {CALIB_ID: 'calibDate=1970-01-01T00:00:00 filter=r_57 detector=78'}
# - {DATE: '2025-04-02T15:59:44.543646'}
# - {CALIB_CREATION_DATE: '2025-04-02'}
# - {CALIB_CREATION_TIME: '15:59:44'}
# - __serialized_columns__:
#     efficiency:
#       __class__: astropy.units.quantity.Quantity
#       unit: !astropy.units.Unit {unit: '%'}
#       value: !astropy.table.SerializedColumn {name: efficiency}
#     wavelength:
#       __class__: astropy.units.quantity.Quantity
#       unit: !astropy.units.Unit {unit: nm}
#       value: !astropy.table.SerializedColumn {name: wavelength}
# schema: astropy-2.0
wavelength efficiency
300.0 0.00302228145301342
301.0 0.007671630737604573
302.0 0.012320980022195727
303.0 0.015583226922899485
304.0 0.018845475278794765
305.0 0.0167303835041821
306.0 0.014615291729569435
307.0 0.013129445142112672
308.0 0.01164359855465591
309.0 0.010434050636831671
310.0 0.009224502719007432
311.0 0.008298295142594725
312.0 0.007372087566182017
313.0 0.0070454509113915265
314.0 0.006718815711792558
315.0 0.006430161010939628
316.0 0.006141506310086697
317.0 0.005922367563471198
318.0 0.005703228453057818
319.0 0.0052222378144506365
320.0 0.004741247175843455
321.0 0.004436504605109803
322.0 0.004131762761971913
323.0 0.003980271139880642
324.0 0.003828778426395729
325.0 0.003650122380349785
326.0 0.003471467425697483
327.0 0.00342235725838691
328.0 0.0033732474548742175
329.0 0.0033882461139000952
330.0 0.0034032444091280922
331.0 0.003198494960088283
332.0 0.002993745329149533
333.0 0.0027528503778739832
334.0 0.0025119559722952545
335.0 0.002263982423755806
336.0 0.0020160088752163574
337.0 0.001710451215330977
338.0 0.0014048933735466562
339.0 0.0013745120668318123
340.0 0.001344130578218028
341.0 0.001312602762482129
342.0 0.0012810750376957003
343.0 0.001207218156196177
344.0 0.0011333611837471835
345.0 0.0010933946214208845
346.0 0.0010534279681451153
347.0 0.001085196799976984
348.0 0.0011169658137077931
349.0 0.001096221967600286
350.0 0.004174926652922295
351.0 0.0057022134569706395
352.0 0.007229499897221103
353.0 0.007117228233255446
354.0 0.00700495729688555
355.0 0.005637652429868467
356.0 0.004270348290447146
357.0 0.004660249760490842
358.0 0.0050501519581303
359.0 0.004269014971214347
360.0 0.0034878772567026317
361.0 0.002900355502788443
362.0 0.0023128337488742545
363.0 0.0027750538720283657
364.0 0.003237273995182477
365.0 0.0028470647521317005
366.0 0.002456855872878805
367.0 0.0028835251214331947
368.0 0.0033101936423918232
369.0 0.003245184416300617
370.0 0.0031801748264115304
371.0 0.0030820530810160562
372.0 0.0029839311537216417
373.0 0.0026469713702681474
374.0 0.0023100112230167724
375.0 0.001829121174523607
376.0 0.0013482312169799116
377.0 0.0015355859432020225
378.0 0.0017229407603736036
379.0 0.001518771932751406
380.0 0.001314603377977619
381.0 0.00212178365472937
382.0 0.0029289642043295316
383.0 0.003622327494667843
384.0 0.004315691330702975
385.0 0.0050084625399904326
386.0 0.005701233021682128
387.0 0.00506944015796762
388.0 0.004437647294253111
389.0 0.0037213703762972727
390.0 0.0030050929126446135
391.0 0.0024027085601119325
392.0 0.0018003243894781917
393.0 0.00182584990398027
394.0 0.0018513756003812887
395.0 0.0014159159945847932
396.0 0.0009804565706872381
397.0 0.0006961607141420245
398.0 0.0004118652213946916
399.0 0.0005141147539688973
400.0 0.0006163640136946924
401.0 0.0004633744993043365
402.0 0.00031038471206557006
403.0 0.0005694299034075812
404.0 0.0008284751856990624
405.0 0.0012570258149935398
406.0 0.001685576353338547
407.0 0.0018123504560207948
408.0 0.0019391245587030426
409.0 0.0014145314708002843
410.0 0.0008899385647964664
411.0 0.000939189521886874
412.0 0.000988440660876222
413.0 0.001203576448460808
414.0 0.0014187124179443344
415.0 0.0015616886230418459
416.0 0.001704665191937238
417.0 0.0017475067579653114
418.0 0.0017903485058923252
419.0 0.002216852408309933
420.0 0.0026433563107275404
421.0 0.004180009273113683
422.0 0.005716662417398766
423.0 0.0092689209850505
424.0 0.012821178825106472
425.0 0.016910978592932224
426.0 0.021000776905566454
427.0 0.021255615865811706
428.0 0.021510454826056957
429.0 0.01663375733187422
430.0 0.01175705692730844
431.0 0.008360202627955005
432.0 0.004963346509612165
433.0 0.004012681893073022
434.0 0.0030620172765338793
435.0 0.002531036443542689
436.0 0.002000055792450439
437.0 0.0015292716852854937
438.0 0.0010584878509689588
439.0 0.0010400153769296594
440.0 0.00102154290289036
441.0 0.0011597879165492486
442.0 0.0012980331121070776
443.0 0.0016259869880741462
444.0 0.0019539407730917446
445.0 0.0017898602891364135
446.0 0.001625780168978963
447.0 0.0015415231246151961
448.0 0.0014572663530998398
449.0 0.0014982618267822545
450.0 0.001539257209515199
451.0 0.0016465712178614922
452.0 0.0017538848624099046
453.0 0.0017626327462494373
454.0 0.0017713804481900297
455.0 0.0015644012819393538
456.0 0.0013574222975876182
457.0 0.0010678257240215316
458.0 0.0007782293323543854
459.0 0.0009718771252664737
460.0 0.001165524918178562
461.0 0.0017193442545249127
462.0 0.0022731635908712633
463.0 0.003123913484159857
464.0 0.003974663559347391
465.0 0.00510329773533158
466.0 0.0062319311837200075
467.0 0.006736075010849163
468.0 0.007240218110382557
469.0 0.006237532215891406
470.0 0.005234846321400255
471.0 0.003988417302025482
472.0 0.002741987736953888
473.0 0.0020569890693877824
474.0 0.0013719899470743258
475.0 0.0010787658538902178
476.0 0.0007855419426050503
477.0 0.0007832943083485588
478.0 0.000781046492193127
479.0 0.0008290224286611192
480.0 0.0008769982741796412
481.0 0.0007472523520846153
482.0 0.0006175065209390596
483.0 0.0006736656359862536
484.0 0.0007298247055587126
485.0 0.0007567668490082724
486.0 0.0007837090379325673
487.0 0.0006318936357274652
488.0 0.0004800781880476279
489.0 0.0006094800937717082
490.0 0.0007388819994957885
491.0 0.0008228035767388064
492.0 0.0009067252904060297
493.0 0.0009941243661160115
494.0 0.0010815237146744039
495.0 0.0010558350368228275
496.0 0.0010301461770723108
497.0 0.0011037819604098331
498.0 0.0011774176527978852
499.0 0.0012313258594076615
500.0 0.0012852343388658483
501.0 0.0013823428162140772
502.0 0.001479451293562306
503.0 0.0019596722268033773
504.0 0.0024398930690949783
505.0 0.0029646726034116
506.0 0.0034894521377282217
507.0 0.004242312570568174
508.0 0.004995173367206007
509.0 0.005397688801167533
510.0 0.005800204235129058
511.0 0.005214396514929831
512.0 0.004628588430932723
513.0 0.003879779251292348
514.0 0.003130970071651973
515.0 0.0029601467758766375
516.0 0.002789323298202362
517.0 0.0028234606361365877
518.0 0.002857597792171873
519.0 0.010269003541907296
520.0 0.04256411048118025
521.0 0.1404647366143763
522.0 0.08536517852917314
523.0 0.06288813310675323
524.0 0.05923746502958238
525.0 0.06095105782151222
526.0 0.08606048650108278
527.0 0.10088358540087938
528.0 0.12404887238517404
529.0 0.18882122822105885
530.0 0.2275314647704363
531.0 0.20852216985076666
532.0 0.24795171339064837
533.0 0.31017453875392675
534.0 0.4920832347124815
535.0 0.7210507988929749
536.0 0.9768327698111534
537.0 1.5529792755842209
538.0 2.435293234884739
539.0 3.8055796176195145
540.0 5.929332226514816
541.0 8.382830768823624
542.0 11.461570858955383
543.0 15.440414845943451
544.0 20.39571702480316
545.0 25.618508458137512
546.0 32.35689103603363
547.0 39.659082889556885
548.0 48.249536752700806
549.0 56.29768371582031
550.0 61.99290156364441
551.0 68.50264072418213
552.0 72.67690300941467
553.0 76.77648067474365
554.0 80.30271530151367
555.0 83.48925709724426
556.0 87.43886947631836
557.0 89.71344232559204
558.0 91.95966124534607
559.0 94.75650787353516
560.0 94.4211483001709
561.0 95.40632963180542
562.0 95.71666717529297
563.0 95.41001915931702
564.0 95.79517841339111
565.0 95.30277252197266
566.0 96.16656303405762
567.0 95.58501839637756
568.0 96.18507623672485
569.0 97.03130722045898
570.0 96.29032015800476
571.0 97.03083038330078
572.0 97.1257209777832
573.0 97.06258773803711
574.0 97.24343419075012
575.0 97.0182716846466
576.0 97.33468294143677
577.0 97.15721011161804
578.0 97.28437066078186
579.0 97.16730117797852
580.0 96.93965315818787
581.0 96.68263792991638
582.0 97.05507159233093
583.0 96.73547148704529
584.0 96.56890034675598
585.0 96.83772325515747
586.0 97.08682298660278
587.0 96.61822319030762
588.0 97.07220792770386
589.0 97.46595025062561
590.0 96.96981906890869
591.0 96.11662030220032
592.0 96.35932445526123
593.0 96.09710574150085
594.0 96.24964594841003
595.0 96.56672477722168
596.0 97.18326330184937
597.0 97.1911370754242
598.0 96.98654413223267
599.0 97.42952585220337
600.0 97.2865879535675
601.0 96.36319875717163
602.0 96.96733355522156
603.0 96.52635455131531
604.0 96.46826386451721
605.0 96.95322513580322
606.0 96.41281366348267
607.0 96.43358588218689
608.0 96.46201133728027
609.0 95.79373002052307
610.0 95.99766731262207
611.0 96.30088806152344
612.0 96.07306122779846
613.0 97.02730774879456
614.0 97.02998399734497
615.0 96.59519791603088
616.0 96.85247540473938
617.0 96.55702114105225
618.0 96.45385146141052
619.0 97.17968106269836
620.0 96.2939202785492
621.0 95.67506313323975
622.0 96.82551622390747
623.0 96.94814682006836
624.0 96.78523540496826
625.0 97.30690121650696
626.0 96.2994933128357
627.0 95.17543315887451
628.0 97.65920042991638
629.0 95.79341411590576
630.0 96.74074649810791
631.0 96.3502585887909
632.0 96.77250981330872
633.0 96.58588767051697
634.0 96.16166949272156
635.0 96.68163657188416
636.0 96.13230228424072
637.0 95.83556652069092
638.0 95.43952941894531
639.0 95.67611813545227
640.0 95.82263827323914
641.0 95.8125650882721
642.0 96.56495451927185
643.0 96.58530950546265
644.0 96.52838110923767
645.0 96.56983017921448
646.0 96.61396145820618
647.0 97.4131166934967
648.0 96.47459387779236
649.0 95.78670263290405
650.0 96.60649299621582
651.0 97.41085767745972
652.0 96.97493314743042
653.0 96.16599678993225
654.0 97.08879590034485
655.0 96.86959981918335
656.0 96.18332386016846
657.0 96.1443841457367
658.0 96.55997157096863
659.0 96.69099450111389
660.0 95.7295835018158
661.0 95.71917653083801
662.0 95.5351173877716
663.0 95.67053318023682
664.0 95.76900005340576
665.0 95.44123411178589
666.0 95.61317563056946
667.0 96.0150957107544
668.0 95.17456293106079
669.0 95.80330848693848
670.0 95.52887082099915
671.0 95.56447863578796
672.0 95.31303644180298
673.0 95.74363231658936
674.0 95.18386721611023
675.0 95.83728313446045
676.0 95.27482986450195
677.0 93.89283657073975
678.0 93.19145083427429
679.0 92.15854406356812
680.0 91.43737554550171
681.0 89.52721357345581
682.0 86.82093024253845
683.0 84.21935439109802
684.0 80.67335486412048
685.0 77.16636657714844
686.0 72.97536730766296
687.0 68.30894351005554
688.0 63.905149698257446
689.0 59.78637337684631
690.0 54.85798120498657
691.0 50.78205466270447
692.0 46.026867628097534
693.0 41.56183898448944
694.0 36.217713356018066
695.0 30.698400735855103
696.0 24.949437379837036
697.0 19.65419352054596
698.0 13.94788920879364
699.0 9.721730649471283
700.0 6.494119763374329
701.0 3.943675011396408
702.0 2.3910466581583023
703.0 1.3550509698688984
704.0 0.76090507209301
705.0 0.4531443119049072
706.0 0.3076807130128145
707.0 0.17434429610148072
708.0 0.11005128035321832
709.0 0.14684259658679366
710.0 0.10241213021799922
711.0 0.049738422967493534
712.0 0.04056237521581352
713.0 0.0609454233199358
714.0 0.034940679324790835
715.0 0.06076316349208355
716.0 0.05814966862089932
717.0 0.03426127077545971
718.0 0.023530138423666358
719.0 1.6961226260298057e-10
720.0 1.6961226260298057e-10
721.0 0.004375373828224838
722.0 0.004077771882293746
723.0 0.0037801695725647733
724.0 0.0035432072763796896
725.0 0.0033062453439924866
726.0 0.00302165044558933
727.0 0.002737055729085114
728.0 0.002611160380183719
729.0 0.0024852650312823243
730.0 0.002343842606933322
731.0 0.0022024205463822
732.0 0.002160515941795893
733.0 0.0021186115191085264
734.0 0.0020471043171710335
735.0 0.0019755969333346
736.0 0.0018016186004388146
737.0 0.001627640267543029
738.0 0.0016205041902139783
739.0 0.0016133679309859872
740.0 0.0015787356460350566
741.0 0.001544103361084126
742.0 0.0014280007235356607
743.0 0.0013118979950377252
744.0 0.0014031425962457433
745.0 0.0014943872884032317
746.0 0.0013312015653355047
747.0 0.0011680158422677778
748.0 0.0011206004273844883
749.0 0.0010731850125011988
750.0 0.0010615105566103011
751.0 0.0010498364645172842
752.0 0.0011042996447940823
753.0 0.0011587629160203505
754.0 0.0011166484000568744
755.0 0.0010745343388407491
756.0 0.000999984968075296
757.0 0.0009254356882593129
758.0 0.0009692054845800158
759.0 0.001012975462799659
760.0 0.0009996545486501418
761.0 0.0009863337254500948
762.0 0.0009781904736883007
763.0 0.0009700475857243873
764.0 0.0009970249266189057
765.0 0.001024002176563954
766.0 0.0008434633855358697
767.0 0.0006629244126088452
768.0 0.0006533211944770301
769.0 0.0006437178399210097
770.0 0.0006369535640260438
771.0 0.0006301893336058129
772.0 0.000697183850206784
773.0 0.0007641781849088147
774.0 0.0008726653504709247
775.0 0.0009811524250835646
776.0 0.0009885265171760693
777.0 0.0009959008821169846
778.0 0.0009010249414131977
779.0 0.0008061492735578213
780.0 0.0007257424840645399
781.0 0.0006453359219449339
782.0 0.0007151630143198417
783.0 0.0007849901521694846
784.0 0.0007794162229401991
785.0 0.0007738422937109135
786.0 0.0007446426025126129
787.0 0.0007154429113143124
788.0 0.0006106976343289716
789.0 0.0005059523573436309
790.0 0.0006101443887018831
791.0 0.0007143365110096056
792.0 0.0007658926733711269
793.0 0.000817448744783178
794.0 0.0008319177140947431
795.0 0.0008463866834063083
796.0 0.000710442600393435
797.0 0.0005744984264310915
798.0 0.000656654583508498
799.0 0.0007388108770101098
800.0 0.0007682412615395151
801.0 0.0007976715096447151
802.0 0.0007736815859971102
803.0 0.0007496916623495053
804.0 0.0006928931725269649
805.0 0.0006360947736538947
806.0 0.0006442008725571213
807.0 0.0006523068805108778
808.0 0.0006598254003620241
809.0 0.0006673437837889651
810.0 0.000622373499936657
811.0 0.000577403216084349
812.0 0.0005236479410086758
813.0 0.00046989257498353254
814.0 0.00042944602682837285
815.0 0.00038899947867321316
816.0 0.0005409238838183228
817.0 0.0006928484253876377
818.0 0.0005781425443274202
819.0 0.0004634365268429974
820.0 0.0004572131274471758
821.0 0.0004509896825766191
822.0 0.0005389477337303106
823.0 0.000626905739409267
824.0 0.000510509835294215
825.0 0.00039411384022969287
826.0 0.0004375345724838553
827.0 0.00048095530473801773
828.0 0.00043466488932608627
829.0 0.0003883744739141548
830.0 0.00021696421299566282
831.0 4.555396060368366e-05
832.0 1.6961226260298057e-10
833.0 1.6961226260298057e-10
834.0 1.6961226260298057e-10
835.0 5.244902467893553e-05
836.0 0.00016823615851535578
837.0 0.0002840233491951949
838.0 0.0006460944405262126
839.0 0.0010081656000693329
840.0 0.0013529921488952823
841.0 0.001697818879620172
842.0 0.0022858315787743777
843.0 0.0028738448236254044
844.0 0.003277483119745739
845.0 0.003681122325360775
846.0 0.003915516936103813
847.0 0.00414991081925109
848.0 0.0036492037907009944
849.0 0.003148496398353018
850.0 0.0024494922399753705
851.0 0.0017504877177998424
852.0 0.0014783432561671361
853.0 0.0012061987035849597
854.0 0.000996776725514792
855.0 0.0007873546564951539
856.0 0.0006212327662069583
857.0 0.0004551107394945575
858.0 0.00048109454837685917
859.0 0.0005070783572591608
860.0 0.00047828134484007023
861.0 0.0004494843778957147
862.0 0.00044481212171376683
863.0 0.00044013982005708385
864.0 0.0003694021870614961
865.0 0.00029866457680327585
866.0 0.0002191098928960855
867.0 0.00013955518625152763
868.0 0.00013366150142246624
869.0 0.00012776777111866977
870.0 3.6049388540959626e-05
871.0 1.6961226260298057e-10
872.0 1.6961226260298057e-10
873.0 1.6961226260298057e-10
874.0 1.6961226260298057e-10
875.0 1.6961226260298057e-10
876.0 1.1181133885429517e-05
877.0 0.00010973881217068993
878.0 0.00011234883459110279
879.0 0.00011495885701151565
880.0 0.00013347053027246147
881.0 0.00015198219216472353
882.0 0.00017361317077302374
883.0 0.00019524413801264018
884.0 6.973724566705641e-05
885.0 1.6961226260298057e-10
886.0 8.790599963504064e-05
887.0 0.0002315816573172924
888.0 0.00024915575522754807
889.0 0.00026672985313780373
890.0 0.00021869891497772187
891.0 0.00017066793134290492
892.0 4.3999901322422375e-05
893.0 1.6961226260298057e-10
894.0 1.6961226260298057e-10
895.0 3.324113606595347e-05
896.0 1.8983608640610328e-05
897.0 4.726111413333456e-06
898.0 6.465138540079352e-05
899.0 0.00012457664979592664
900.0 8.997664622256707e-05
