lsstCam/transmission_filter_detector/r20_s20/r_57/19700101T000000.ecsv
# %ECSV 1.0
# ---
# datatype:
# - {name: wavelength, unit: nm, datatype: float32}
# - {name: efficiency, unit: '%', datatype: float64}
# meta: !!omap
# - {MODE: DETECTOR}
# - {TYPE: transmission_filter_detector}
# - {CALIBDATE: '1970-01-01T00:00:00'}
# - {INSTRUME: LSSTCam}
# - {OBSTYPE: transmission_filter_detector}
# - {CALIBCLS: lsst.ip.isr.IntermediateFilterDetectorTransmissionCurve}
# - {SOURCE: Materion (DM-46256)}
# - {DETECTOR: 78}
# - {FILTER: r_57}
# - {CALIB_ID: 'calibDate=1970-01-01T00:00:00 filter=r_57 detector=78'}
# - {DATE: '2025-04-02T15:59:44.543646'}
# - {CALIB_CREATION_DATE: '2025-04-02'}
# - {CALIB_CREATION_TIME: '15:59:44'}
# - __serialized_columns__:
#     efficiency:
#       __class__: astropy.units.quantity.Quantity
#       unit: !astropy.units.Unit {unit: '%'}
#       value: !astropy.table.SerializedColumn {name: efficiency}
#     wavelength:
#       __class__: astropy.units.quantity.Quantity
#       unit: !astropy.units.Unit {unit: nm}
#       value: !astropy.table.SerializedColumn {name: wavelength}
# schema: astropy-2.0
wavelength efficiency
[from data line 602]
902.0 3.3615087602356652e-06
903.0 1.6961226260298057e-10
904.0 1.6961226260298057e-10
905.0 1.6961226260298057e-10
906.0 5.104375233599967e-06
907.0 6.341153948596912e-05
908.0 7.737182272649079e-05
909.0 9.133211165135435e-05
910.0 1.0588845356096499e-05
911.0 1.6961226260298057e-10
912.0 1.6961226260298057e-10
913.0 5.3167985925028916e-05
914.0 5.228408213042712e-05
915.0 5.1400172651483444e-05
916.0 5.572836698775063e-05
917.0 6.0056555639675935e-05
918.0 0.0001240389110535034
919.0 0.00018802126078298897
920.0 0.00012925505643579527
921.0 7.04888350355759e-05
922.0 0.00014120313380772131
923.0 0.00021191742689552484
924.0 0.00019130322925775545
925.0 0.00017068903161998605
926.0 0.00016459033531646128
927.0 0.0001584916390129365
928.0 0.0001581956439622445
929.0 0.0001578996489115525
930.0 0.00021270959678076906
931.0 0.0002675195446499856
932.0 0.00017390274251738447
933.0 8.028596880649275e-05
934.0 8.999757596939162e-05
935.0 9.970920018531615e-05
936.0 0.00012276842653591302
937.0 0.00014582763014914235
938.0 0.00010230525049337302
939.0 5.8782859468919924e-05
940.0 0.00011347602821842884
941.0 0.0001681691401245189
942.0 0.0003163125938954181
943.0 0.0004644560249289498
944.0 0.00038967923501331825
945.0 0.00031490246783505427
946.0 0.00037460060866578715
947.0 0.0004342987722338876
948.0 0.00041132793739961926
949.0 0.0003883571935148211
950.0 0.000489335161546478
951.0 0.0005903131750528701
952.0 0.0007076989277265966
953.0 0.0008250848622992635
954.0 0.001006482580123702
955.0 0.0011878806617460214
956.0 0.00126605455079698
957.0 0.0013442283488984685
958.0 0.0015761534086777829
959.0 0.0018080785594065674
960.0 0.001912634979817085
961.0 0.002017191582126543
962.0 0.002212749677710235
963.0 0.0024083077732939273
964.0 0.002389333167229779
965.0 0.0023703583792666905
966.0 0.002374840187258087
967.0 0.0023793219952494837
968.0 0.0023185664758784696
969.0 0.0022578113203053363
970.0 0.002331030736968387
971.0 0.002404250335530378
972.0 0.0025697545424918644
973.0 0.0027352591132512316
974.0 0.0029651269869646057
975.0 0.00319499486067798
976.0 0.0032365103834308684
977.0 0.003278025542385876
978.0 0.0032798423490021378
979.0 0.0032816591556183994
980.0 0.0032444258977193385
981.0 0.003207192276022397
982.0 0.00323229432979133
983.0 0.003257396019762382
984.0 0.003116560765192844
985.0 0.0029757253287243657
986.0 0.002922983367170673
987.0 0.0028702415875159204
988.0 0.00275175607384881
989.0 0.0026332711058785208
990.0 0.0026620824428391643
991.0 0.002690893961698748
992.0 0.0026820918719749898
993.0 0.0026732903279480524
994.0 0.0027058989871875383
995.0 0.002738507464528084
996.0 0.002779295391519554
997.0 0.0028200831366120838
998.0 0.002971361027448438
999.0 0.003122639100183733
1000.0 0.003191638461430557
1001.0 0.003260638186475262
1002.0 0.003498982187011279
1003.0 0.003737326551345177
1004.0 0.0037901765608694404
1005.0 0.0038430258427979425
1006.0 0.0040929357055574656
1007.0 0.004342845932114869
1008.0 0.004334701225161552
1009.0 0.0043265565182082355
1010.0 0.004309528594603762
1011.0 0.004292501034797169
1012.0 0.0042350606236141175
1013.0 0.004177620212431066
1014.0 0.003957018634537235
1015.0 0.003736417056643404
1016.0 0.003463335451669991
1017.0 0.003190253846696578
1018.0 0.002850283453881275
1019.0 0.002510313606762793
1020.0 0.002155202309950255
1021.0 0.0018000911950366572
1022.0 0.0015390500266221352
1023.0 0.001278008767258143
1024.0 0.0012801664524886291
1025.0 0.0012823241377191152
1026.0 0.0011912326954188757
1027.0 0.0011001413440681063
1028.0 0.0009930967280524783
1029.0 0.0008860521120368503
1030.0 0.0008390619768761098
1031.0 0.000792071659816429
1032.0 0.0008773247827775776
1033.0 0.0009625778147892561
1034.0 0.000834123511594953
1035.0 0.0007056688900775043
1036.0 0.0007306884526769863
1037.0 0.0007557079698017333
1038.0 0.0007282857950485777
1039.0 0.0007008636202954222
1040.0 0.0007116521828720579
1041.0 0.0007224407909234287
1042.0 0.0008160764082276728
1043.0 0.0009097117072087713
1044.0 0.0009097188012674451
1045.0 0.0009097260772250593
1046.0 0.0009608681466488633
1047.0 0.001012010579870548
1048.0 0.0008757739124121144
1049.0 0.000739537381377886
1050.0 0.0008362728294741828
1051.0 0.0009330083230452146
1052.0 0.0010253764230583329
1053.0 0.0011177440683241002
1054.0 0.0010218165698461235
1055.0 0.0009258888894692063
1056.0 0.0008805822290014476
1057.0 0.0008352758413820993
1058.0 0.000799165263742907
1059.0 0.0007630546861037146
1060.0 0.001089196575776441
1061.0 0.0014153381016512867
1062.0 0.0015564501154585741
1063.0 0.0016975622202153318
1064.0 0.001341906227025902
1065.0 0.0009862500519375317
1066.0 0.001355803215119522
1067.0 0.0017253565602004528
1068.0 0.0019278853869764134
1069.0 0.0021304138499544933
1070.0 0.0019070332200499251
1071.0 0.001683652590145357
1072.0 0.0017701497199595906
1073.0 0.0018566470316727646
1074.0 0.002157763810828328
1075.0 0.0024588805899838917
1076.0 0.002703246173041407
1077.0 0.0029476119379978627
1078.0 0.0032584357541054487
1079.0 0.0035692595702130347
1080.0 0.003984875002061017
1081.0 0.004400490070111118
1082.0 0.004225868178764358
1083.0 0.004051246287417598
1084.0 0.00454387663921807
1085.0 0.0050365066272206604
1086.0 0.004917652768199332
1087.0 0.004798798545380123
1088.0 0.0047839221224421635
1089.0 0.004769045699504204
1090.0 0.004236323002260178
1091.0 0.0037036003050161526
1092.0 0.004125570922042243
1093.0 0.0045475419028662145
1094.0 0.004614198041963391
1095.0 0.004680854544858448
1096.0 0.003754564022528939
1097.0 0.0028282735001994297
1098.0 0.002832091377058532
1099.0 0.002835909435816575
1100.0 0.002400682024017442
1101.0 0.001965454430319369
