lsstCam/transmission_filter_detector/r12_s12/y_10/19700101T000000.ecsv
# %ECSV 1.0
# ---
# datatype:
# - {name: wavelength, unit: nm, datatype: float32}
# - {name: efficiency, unit: '%', datatype: float64}
# meta: !!omap
# - {MODE: DETECTOR}
# - {TYPE: transmission_filter_detector}
# - {CALIBDATE: '1970-01-01T00:00:00'}
# - {INSTRUME: LSSTCam}
# - {OBSTYPE: transmission_filter_detector}
# - {CALIBCLS: lsst.ip.isr.IntermediateFilterDetectorTransmissionCurve}
# - {SOURCE: Materion (DM-46256)}
# - {DETECTOR: 50}
# - {FILTER: y_10}
# - {CALIB_ID: 'calibDate=1970-01-01T00:00:00 filter=y_10 detector=50'}
# - {DATE: '2025-04-02T15:59:50.973479'}
# - {CALIB_CREATION_DATE: '2025-04-02'}
# - {CALIB_CREATION_TIME: '15:59:50'}
# - __serialized_columns__:
#     efficiency:
#       __class__: astropy.units.quantity.Quantity
#       unit: !astropy.units.Unit {unit: '%'}
#       value: !astropy.table.SerializedColumn {name: efficiency}
#     wavelength:
#       __class__: astropy.units.quantity.Quantity
#       unit: !astropy.units.Unit {unit: nm}
#       value: !astropy.table.SerializedColumn {name: wavelength}
# schema: astropy-2.0
wavelength efficiency
300.0 0.5331806838512421
301.0 0.28557206969708204
302.0 0.03796344681177288
303.0 0.04050176066812128
304.0 0.04304007743485272
305.0 0.027730371220968664
306.0 0.01242066064151004
307.0 0.018924789037555456
308.0 0.02542891597840935
309.0 0.018469494534656405
310.0 0.011510071635711938
311.0 0.010320011642761528
312.0 0.009129950922215357
313.0 0.008238597365561873
314.0 0.007347243808908388
315.0 0.005581208097282797
316.0 0.003815174932242371
317.0 0.004426419036462903
318.0 0.005037659502704628
319.0 0.0021638372345478274
320.0 1.589092464386599e-10
321.0 0.0020979477994842455
322.0 0.0049058824515668675
323.0 0.003560070035746321
324.0 0.002214257801824715
325.0 0.0008197031093004625
326.0 1.589092464386599e-10
327.0 0.0004416708634380484
328.0 0.0014581936738977674
329.0 0.003072755498578772
330.0 0.004687317414209247
331.0 0.00413470042985864
332.0 0.0035820830817101523
333.0 0.0023222686650115065
334.0 0.0010624537935655098
335.0 0.0014357458894664887
336.0 0.0018090382582158782
337.0 0.0026195924874627963
338.0 0.003430146534810774
339.0 0.0015234906641126145
340.0 1.589092464386599e-10
341.0 1.589092464386599e-10
342.0 1.589092464386599e-10
343.0 0.00010764048283817829
344.0 0.0009159048204310238
345.0 0.0013343038517632522
346.0 0.0017527034287923016
347.0 0.0017338403267785907
348.0 0.001714976860966999
349.0 0.001539742515888065
350.0 0.0013645078979607206
351.0 0.0014009425285621546
352.0 0.0014373766134667676
353.0 0.0012131381481594872
354.0 0.0009888996828522068
355.0 0.001095682273444254
356.0 0.0012024648640363012
357.0 0.0008385902219743002
358.0 0.00047471535253862385
359.0 0.000664597200739081
360.0 0.0008544790944142733
361.0 0.00132428403958329
362.0 0.0017940887119038962
363.0 0.0014279871720646042
364.0 0.0010618852684274316
365.0 0.0013642987141793128
366.0 0.0016667130694258958
367.0 0.002123416925314814
368.0 0.0025801209631026722
369.0 0.002184071854571812
370.0 0.0017880229279398918
371.0 0.00172283635038184
372.0 0.0016576494090259075
373.0 0.0022035628717276268
374.0 0.002749476334429346
375.0 0.0034950986446347088
376.0 0.004240720591042191
377.0 0.004173141132923774
378.0 0.004105561674805358
379.0 0.0035773518902715296
380.0 0.0030491417419398203
381.0 0.0019567165509215556
382.0 0.0008642911780043505
383.0 0.0010142408427782357
384.0 0.0011641902347037103
385.0 0.0009065759513759986
386.0 0.0006489615770988166
387.0 0.0006557885171787348
388.0 0.000662615502733388
389.0 0.0005731956207455369
390.0 0.00048377582970715594
391.0 0.0005164473805052694
392.0 0.000549119022252853
393.0 0.0006555638265126618
394.0 0.0007620088126714109
395.0 0.0006186030987009872
396.0 0.0004751974302052986
397.0 0.0007618600648129359
398.0 0.001048522608471103
399.0 0.0012686643458437175
400.0 0.0014888059922668617
401.0 0.0016425352441729046
402.0 0.001796264768927358
403.0 0.001847843850555364
404.0 0.00189942293218337
405.0 0.0017407741324859671
406.0 0.001582125696586445
407.0 0.0013720697097596712
408.0 0.001162013995781308
409.0 0.000916921635507606
410.0 0.0006718289114360232
411.0 0.0002573069650679827
412.0 1.589092464386599e-10
413.0 0.000690014849169529
414.0 0.001537244679639116
415.0 0.0021598030798486434
416.0 0.0027823618438560516
417.0 0.0014082074812904466
418.0 3.4053192621286144e-05
419.0 1.589092464386599e-10
420.0 1.589092464386599e-10
421.0 1.589092464386599e-10
422.0 0.0009620287528377958
423.0 0.000990624448604649
424.0 0.0010192198715230916
425.0 0.00026126872398890555
426.0 1.589092464386599e-10
427.0 2.595639614355605e-05
428.0 0.0005485952897288371
429.0 1.589092464386599e-10
430.0 1.589092464386599e-10
431.0 0.000308693870465504
432.0 0.001481050276197493
433.0 0.0009278357538278215
434.0 0.00037462168620550074
435.0 1.589092464386599e-10
436.0 1.589092464386599e-10
437.0 1.589092464386599e-10
438.0 6.259240308281733e-05
439.0 1.589092464386599e-10
440.0 1.589092464386599e-10
441.0 1.589092464386599e-10
442.0 1.589092464386599e-10
443.0 1.589092464386599e-10
444.0 4.107146196474787e-05
445.0 0.0002541553612900316
446.0 0.0004672391696658451
447.0 0.000714038651494775
448.0 0.0009608379514247645
449.0 0.0007891023415140808
450.0 0.0006173664587549865
451.0 0.0004897412054560846
452.0 0.00036211602036928525
453.0 2.5428334993193857e-05
454.0 1.589092464386599e-10
455.0 1.589092464386599e-10
456.0 1.589092464386599e-10
457.0 1.589092464386599e-10
458.0 6.902955078658124e-05
459.0 0.00023470097403333057
460.0 0.000400372391595738
461.0 0.000323041945193836
462.0 0.000245711498791934
463.0 0.00038008720366633497
464.0 0.0005144628175912658
465.0 0.0005584829523286317
466.0 0.0006025031325407326
467.0 0.0010404678505437914
468.0 0.0014784322956984397
469.0 0.0016369596778531559
470.0 0.0017954864233615808
471.0 0.0018178854588768445
472.0 0.0018402843124931678
473.0 0.002232678707514424
474.0 0.0026250729206367396
475.0 0.0026717943910625763
476.0 0.002718515861488413
477.0 0.0033456250093877316
478.0 0.00397273433918599
479.0 0.004466816608328372
480.0 0.004960899241268635
481.0 0.004811244798474945
482.0 0.0046615903556812555
483.0 0.0040847160562407225
484.0 0.003507841029204428
485.0 0.003820616620942019
486.0 0.00413339221267961
487.0 0.0034726530429907143
488.0 0.002811913873301819
489.0 0.002390752160863485
490.0 0.001969591176020913
491.0 0.001698471351119224
492.0 0.001427351435268065
493.0 0.0012285361663089134
494.0 0.0010297213520971127
495.0 0.001205014905281132
496.0 0.0013803085494146217
497.0 0.0018577939044917002
498.0 0.002335279350518249
499.0 0.0024264067178592086
500.0 0.0025175342670991085
501.0 0.002613437027321197
502.0 0.0027093396056443453
503.0 0.002695856528589502
504.0 0.002682373087736778
505.0 0.0032512398320250213
506.0 0.0038201065763132647
507.0 0.0027730007786885835
508.0 0.0017258940715692006
509.0 0.002012155164266005
510.0 0.002298415893164929
511.0 0.002225501521024853
512.0 0.002152587148884777
513.0 0.00197383214981528
514.0 0.0017950775145436637
515.0 0.0016290408893837593
516.0 0.0014630040823249146
517.0 0.001417845214746194
518.0 0.0013726858014706522
519.0 0.0015212798643915448
520.0 0.0016698735635145567
521.0 0.0018190352420788258
522.0 0.0019681967387441546
523.0 0.0018622233255882747
524.0 0.0017562495486345142
525.0 0.002198591573687736
526.0 0.0026409339625388384
527.0 0.002497846980986651
528.0 0.002354760181333404
529.0 0.0024628458049846813
530.0 0.002570931064838078
531.0 0.002481483170413412
532.0 0.0023920347302919254
533.0 0.002568092713772785
534.0 0.002744149969657883
535.0 0.002495074841135647
536.0 0.00224599916691659
537.0 0.002443942503305152
538.0 0.0026418856577947736
539.0 0.0033923759474419057
540.0 0.004142865873291157
541.0 0.004107728454982862
542.0 0.004072591400472447
543.0 0.004364456981420517
544.0 0.004656321834772825
545.0 0.0050106078560929745
546.0 0.005364893513615243
547.0 0.0043575000745477155
548.0 0.003350106635480188
549.0 0.0029420190912787803
550.0 0.0025339313651784323
551.0 0.002499910624464974
552.0 0.0024658898837515153
553.0 0.0030313165552797727
554.0 0.0035967423173133284
555.0 0.003917648064089008
556.0 0.004238554174662568
557.0 0.003899696093867533
558.0 0.003560838376870379
559.0 0.003391639984329231
560.0 0.0032224412279902026
561.0 0.003349633698235266
562.0 0.003476825440884568
563.0 0.003353269858052954
564.0 0.0032297142752213404
565.0 0.0038014255551388487
566.0 0.004373137198854238
567.0 0.0045397962821880355
568.0 0.004706455001723953
569.0 0.005153382153366692
570.0 0.005600308941211551
571.0 0.005677756053046323
572.0 0.005755202801083215
573.0 0.006147526437416673
574.0 0.0065398504375480115
575.0 0.006408039917005226
576.0 0.0062762293964624405
577.0 0.005711592166335322
578.0 0.0051469549362082034
579.0 0.0059797046560561284
580.0 0.0068124543759040534
581.0 0.007293590169865638
582.0 0.0077747245086357
583.0 0.008876614447217435
584.0 0.009978502203011885
585.0 0.010169597226195037
586.0 0.01036069224937819
587.0 0.010310560901416466
588.0 0.010260427370667458
589.0 0.010401382314739749
590.0 0.010542337986407802
591.0 0.009775400394573808
592.0 0.009008464257931337
593.0 0.007338121940847486
594.0 0.005667782534146681
595.0 0.0055177744798129424
596.0 0.005367766789277084
597.0 0.005942275311099365
598.0 0.006516783469123766
599.0 0.0074479758040979505
600.0 0.008379166683880612
601.0 0.009213500743499026
602.0 0.010047832620330155
603.0 0.010857921006390825
604.0 0.01166801157523878
605.0 0.011522061686264351
606.0 0.011376113252481446
607.0 0.009796431550057605
608.0 0.008216752030421048
609.0 0.006499300798168406
610.0 0.004781851021107286
611.0 0.0038942875107750297
612.0 0.003006724364240654
613.0 0.0035712950193556026
614.0 0.004135865310672671
615.0 0.00498406334372703
616.0 0.0058322621043771505
617.0 0.007206750888144597
618.0 0.008581238944316283
619.0 0.00955433351919055
620.0 0.010527428821660578
621.0 0.011484698916319758
622.0 0.012441969010978937
623.0 0.012139897444285452
624.0 0.011837822967208922
625.0 0.010406292858533561
626.0 0.008974761294666678
627.0 0.007071352592902258
628.0 0.005167943163542077
629.0 0.0042997435230063275
630.0 0.003431543882470578
631.0 0.0028434793421183713
632.0 0.0022554142560693435
633.0 0.002448403029120527
634.0 0.002641391802171711
635.0 0.0028974445740459487
636.0 0.0031534968002233654
637.0 0.003960367394029163
638.0 0.00476723798783496
639.0 0.004809280289919116
640.0 0.00485132222820539
641.0 0.0053354531701188534
642.0 0.005819584112032317
643.0 0.0056693810620345175
644.0 0.005519177648238838
645.0 0.005057984890299849
646.0 0.00459679176856298
647.0 0.003717801155289635
648.0 0.0028388107239152305
649.0 0.0022489130060421303
650.0 0.0016590151062700897
651.0 0.001651927777857054
652.0 0.0016448409951408394
653.0 0.001554197478981223
654.0 0.0014635538718721364
655.0 0.0014766607819183264
656.0 0.0014897677829139866
657.0 0.0013505924471246544
658.0 0.0012114172022847924
659.0 0.0017762076822691597
660.0 0.002340998071304057
661.0 0.0019436725779087283
662.0 0.0015463470845133997
663.0 0.0022172514945850708
664.0 0.0028881562684546225
665.0 0.0034589029382914305
666.0 0.004029649426229298
667.0 0.0048265203076880425
668.0 0.005623389733955264
669.0 0.0058027184422826394
670.0 0.005982043512631208
671.0 0.006656915502389893
672.0 0.00733178821974434
673.0 0.0077574135502800345
674.0 0.008183039608411491
675.0 0.007652697240700945
676.0 0.007122357055777684
677.0 0.0056380009482381865
678.0 0.004153644840698689
679.0 0.0028275140721234493
680.0 0.001501384122093441
681.0 0.0006979534646234242
682.0 1.589092464386599e-10
683.0 6.925192224116472e-05
684.0 0.00024398123059654608
685.0 0.00020710126591438893
686.0 0.00017022127849486424
687.0 0.00023094294192560483
688.0 0.00029166462809371296
689.0 0.0003018183633685112
690.0 0.000311972121380677
691.0 0.0002570762262621429
692.0 0.00020218030840624124
693.0 0.00022392118808056694
694.0 0.00024566199954279
695.0 0.0003587752871681005
696.0 0.0004718885520560434
697.0 0.0005042527845944278
698.0 0.0005366169716580771
699.0 0.00046232089516706765
700.0 0.0003880245003529126
701.0 0.00035590344396041473
702.0 0.0003237825012547546
703.0 0.000296323105430929
704.0 0.00026886375508183846
705.0 0.0002990849452544353
706.0 0.00032930599900282687
707.0 8.652142469145474e-05
708.0 1.589092464386599e-10
709.0 1.589092464386599e-10
710.0 0.00015312698451452889
711.0 0.00033704748148011276
712.0 0.0005209680239204317
713.0 0.00037087891087139724
714.0 0.0002207898205597303
715.0 0.0003339623390274937
716.0 0.0004471348347578896
717.0 0.0003780178758461261
718.0 0.0003089008714596275
719.0 0.0005034215064370073
720.0 0.0006979420049901819
721.0 0.0004895155143458396
722.0 0.00028108911465096753
723.0 0.00022847723357699579
724.0 0.00017586531839697273
725.0 0.00037655483993148664
726.0 0.0005772445547336247
727.0 0.0003358457661306602
728.0 9.444736406294396e-05
729.0 0.00023531049464509124
730.0 0.0003761738298635464
731.0 0.0006580136869160924
732.0 0.0009398538168170489
733.0 0.00039642145566176623
734.0 1.589092464386599e-10
735.0 1.589092464386599e-10
736.0 1.589092464386599e-10
737.0 0.000271180192612519
738.0 0.0008646304195281118
739.0 0.0005845542091265088
740.0 0.00030447768040176015
741.0 7.833089625819412e-05
742.0 1.589092464386599e-10
743.0 1.589092464386599e-10
744.0 1.589092464386599e-10
745.0 0.0003416402932998608
746.0 0.0007271509275597055
747.0 0.00037153938592382474
748.0 1.5927882657251757e-05
749.0 1.589092464386599e-10
750.0 1.589092464386599e-10
751.0 1.589092464386599e-10
752.0 2.016664950588165e-05
753.0 0.0002008372348427656
754.0 0.0003815077889157692
755.0 1.589092464386599e-10
756.0 1.589092464386599e-10
757.0 1.589092464386599e-10
758.0 1.589092464386599e-10
759.0 9.156170222013316e-05
760.0 0.0007314431968552526
761.0 0.00036138444556854665
762.0 1.589092464386599e-10
763.0 1.589092464386599e-10
764.0 1.589092464386599e-10
765.0 9.73373403212463e-05
766.0 0.0004690559762821067
767.0 1.1460103976901337e-06
768.0 1.589092464386599e-10
769.0 1.589092464386599e-10
770.0 1.589092464386599e-10
771.0 1.589092464386599e-10
772.0 1.589092464386599e-10
773.0 0.0003289052074251231
774.0 0.000880363404576201
775.0 0.0005056160262029152
776.0 0.00013086842045595404
777.0 0.00023127390704758
778.0 0.00033167943911394104
779.0 0.0005271274858387187
780.0 0.0007225754870887613
781.0 0.0007220497536764015
782.0 0.0007215238838398363
783.0 0.0005307311766955536
784.0 0.00033993849228863837
785.0 0.00022742660803487524
786.0 0.00011491434861454763
787.0 0.0004576985702442471
788.0 0.0008004826668184251
789.0 0.00081518237493583
790.0 0.0008298821740027051
791.0 0.0006965237389522372
792.0 0.0005631650310533587
793.0 0.000684002043271903
794.0 0.0008048387826420367
795.0 0.0007513082891819067
796.0 0.0006977776592975715
797.0 0.00032477905733685475
798.0 1.589092464386599e-10
799.0 0.0004694597919296939
800.0 0.0009871390830085147
801.0 0.0006378230409609387
802.0 0.00028850693070126
803.0 0.0003887982074957108
804.0 0.000489089416078059
805.0 0.0007029932930890936
806.0 0.0009168972610495985
807.0 0.000593648064750596
808.0 0.0002703990048757987
809.0 8.093539918263559e-05
810.0 1.589092464386599e-10
811.0 0.00022061897198000224
812.0 0.0005497660367836943
813.0 0.0007871922207414173
814.0 0.0010246184501738753
815.0 0.0010628599738993216
816.0 0.001101101042877417
817.0 0.0009521988431515638
818.0 0.0008032968253246509
819.0 0.000990786065813154
820.0 0.0011782753972511273
821.0 0.0010460282283020206
822.0 0.0009137810593529139
823.0 0.0007781396561767906
824.0 0.0006424985258490779
825.0 0.000608644359090249
826.0 0.0005747902832808904
827.0 0.0006759969437553082
828.0 0.0007772036951791961
829.0 0.0004072051069670124
830.0 3.720661254646984e-05
831.0 7.920166353869718e-05
832.0 0.00012119689927203581
833.0 0.0004110358531761449
834.0 0.0007008747161307838
835.0 0.00016744851336625288
836.0 1.589092464386599e-10
837.0 1.589092464386599e-10
838.0 0.00013960345768282423
839.0 0.0005210971721680835
840.0 0.0009025909093907103
841.0 0.0011380175237718504
842.0 0.0013734442291024607
843.0 0.0009693681022326928
844.0 0.0005652918389387196
845.0 0.0005740269443776924
846.0 0.0005827620043419302
847.0 0.0009467380550631788
848.0 0.0013107141057844274
849.0 0.0010990748705808073
850.0 0.0008874352715793066
851.0 0.0011077521776314825
852.0 0.0013280691746331286
853.0 0.0005898395102121867
854.0 1.589092464386599e-10
855.0 1.589092464386599e-10
856.0 1.589092464386599e-10
857.0 0.00036736078072863165
858.0 0.0012978144695807714
859.0 0.0010644292160577606
860.0 0.0008310435987368692
861.0 0.001234647697856417
862.0 0.0016382520698243752
863.0 0.0018135493519366719
864.0 0.0019888466340489686
865.0 0.0020470726667554118
866.0 0.0021052988813607953
867.0 0.002747311918938067
868.0 0.0033893251384142786
869.0 0.0030151904866215773
870.0 0.002641055834828876
871.0 0.003262772224843502
872.0 0.003884488978656009
873.0 0.002941194179584272
874.0 0.0019978993805125356
875.0 0.0027160358513356186
876.0 0.003434171958360821
877.0 0.00228532480832655
