lsstCam/transmission_filter_detector/r12_s12/y_10/19700101T000000.ecsv
# %ECSV 1.0
# ---
# datatype:
# - {name: wavelength, unit: nm, datatype: float32}
# - {name: efficiency, unit: '%', datatype: float64}
# meta: !!omap
# - {MODE: DETECTOR}
# - {TYPE: transmission_filter_detector}
# - {CALIBDATE: '1970-01-01T00:00:00'}
# - {INSTRUME: LSSTCam}
# - {OBSTYPE: transmission_filter_detector}
# - {CALIBCLS: lsst.ip.isr.IntermediateFilterDetectorTransmissionCurve}
# - {SOURCE: Materion (DM-46256)}
# - {DETECTOR: 50}
# - {FILTER: y_10}
# - {CALIB_ID: 'calibDate=1970-01-01T00:00:00 filter=y_10 detector=50'}
# - {DATE: '2025-04-02T15:59:50.973479'}
# - {CALIB_CREATION_DATE: '2025-04-02'}
# - {CALIB_CREATION_TIME: '15:59:50'}
# - __serialized_columns__:
#     efficiency:
#       __class__: astropy.units.quantity.Quantity
#       unit: !astropy.units.Unit {unit: '%'}
#       value: !astropy.table.SerializedColumn {name: efficiency}
#     wavelength:
#       __class__: astropy.units.quantity.Quantity
#       unit: !astropy.units.Unit {unit: nm}
#       value: !astropy.table.SerializedColumn {name: wavelength}
# schema: astropy-2.0
wavelength efficiency
[from data line 579]
879.0 0.0019487031750031747
880.0 0.06969239329919219
881.0 0.10559288784861565
882.0 0.07249595946632326
883.0 0.11752303689718246
884.0 0.0647086650133133
885.0 0.11180553119629622
886.0 0.07362283067777753
887.0 0.11491614859551191
888.0 0.06564701907336712
889.0 0.09594741277396679
890.0 0.07261894643306732
891.0 0.09229308925569057
892.0 0.07310506771318614
893.0 0.11545793386176229
894.0 0.07621016120538116
895.0 0.11640912853181362
896.0 0.08664170745760202
897.0 0.11330235283821821
898.0 0.09155268780887127
899.0 0.1352509018033743
900.0 0.10900096967816353
901.0 0.15002692816779017
902.0 0.1804542262107134
903.0 0.20244386978447437
904.0 0.2320202998816967
905.0 0.3015950322151184
906.0 0.3661001333966851
907.0 0.4632913041859865
908.0 0.6276867818087339
909.0 0.8639001287519932
910.0 1.2637917883694172
911.0 1.7930630594491959
912.0 2.625078894197941
913.0 3.828960657119751
914.0 5.241748318076134
915.0 7.273048162460327
916.0 9.640120714902878
917.0 12.18697726726532
918.0 15.017054975032806
919.0 17.697736620903015
920.0 21.29545658826828
921.0 25.14888644218445
922.0 29.05144989490509
923.0 33.70553255081177
924.0 38.719192147254944
925.0 44.23661828041077
926.0 50.764667987823486
927.0 57.66667127609253
928.0 63.64521384239197
929.0 69.94308829307556
930.0 75.442373752594
931.0 80.70017695426941
932.0 85.40576100349426
933.0 89.27106857299805
934.0 92.03683137893677
935.0 93.87526512145996
936.0 95.2771246433258
937.0 96.18887901306152
938.0 96.78634405136108
939.0 97.06442952156067
940.0 97.33375310897827
941.0 97.45761156082153
942.0 97.58221507072449
943.0 97.61128425598145
944.0 97.84968495368958
945.0 97.78088331222534
946.0 97.8322446346283
947.0 97.77737259864807
948.0 97.9325532913208
949.0 97.8189468383789
950.0 98.02437424659729
951.0 98.08618426322937
952.0 98.14576506614685
953.0 98.3506977558136
954.0 98.40289950370789
955.0 98.50690960884094
956.0 98.64351749420166
957.0 98.80983829498291
958.0 98.98443222045898
959.0 98.99206757545471
960.0 99.07353520393372
961.0 99.1001307964325
962.0 99.09699559211731
963.0 99.12172555923462
964.0 99.15544986724854
965.0 99.1385281085968
966.0 99.2522656917572
967.0 99.29834008216858
968.0 99.29827451705933
969.0 99.30888414382935
970.0 99.37147498130798
971.0 99.37772750854492
972.0 99.43700432777405
973.0 99.51682090759277
974.0 99.51329231262207
975.0 99.46192502975464
976.0 99.54601526260376
977.0 99.48979020118713
978.0 99.55838322639465
979.0 99.4641125202179
980.0 99.43329095840454
981.0 99.37282800674438
982.0 99.30891394615173
983.0 99.35171008110046
984.0 99.28216338157654
985.0 99.27371144294739
986.0 99.17251467704773
987.0 99.23655986785889
988.0 99.17289018630981
989.0 99.1452157497406
990.0 99.1434097290039
991.0 99.20005202293396
992.0 99.25395250320435
993.0 99.22688603401184
994.0 99.19000267982483
995.0 99.23076629638672
996.0 99.23426508903503
997.0 99.3489146232605
998.0 99.37642216682434
999.0 99.4183599948883
1000.0 99.4645893573761
1001.0 99.40863251686096
1002.0 99.51252341270447
1003.0 99.55081939697266
1004.0 99.56489205360413
1005.0 99.50206279754639
1006.0 99.59849715232849
1007.0 99.59641695022583
1008.0 99.54149723052979
1009.0 99.48634505271912
1010.0 99.49004650115967
1011.0 99.52137470245361
1012.0 99.43330883979797
1013.0 99.4279682636261
1014.0 99.43483471870422
1015.0 99.35221672058105
1016.0 99.40420389175415
1017.0 99.43348169326782
1018.0 99.48418140411377
1019.0 99.41393733024597
1020.0 99.48117733001709
1021.0 99.59959387779236
1022.0 99.52040910720825
1023.0 99.56696033477783
1024.0 99.50302839279175
1025.0 99.52235221862793
1026.0 99.60694909095764
1027.0 99.68852400779724
1028.0 99.5830774307251
1029.0 99.70487952232361
1030.0 99.76520538330078
1031.0 99.71863627433777
1032.0 99.69886541366577
1033.0 99.68644380569458
1034.0 99.67734217643738
1035.0 99.70488548278809
1036.0 99.66676831245422
1037.0 99.66892600059509
1038.0 99.63881373405457
1039.0 99.52263236045837
1040.0 99.49901700019836
1041.0 99.56907629966736
1042.0 99.51799511909485
1043.0 99.49504137039185
1044.0 99.59620237350464
1045.0 99.28274154663086
1046.0 99.45583939552307
1047.0 99.37018752098083
1048.0 99.4358777999878
1049.0 99.34201836585999
1050.0 99.32942986488342
1051.0 99.40173625946045
1052.0 99.34917688369751
1053.0 99.21159148216248
1054.0 99.47754144668579
1055.0 99.63337182998657
1056.0 99.40985441207886
1057.0 99.54258799552917
1058.0 99.24418926239014
1059.0 99.33040142059326
1060.0 99.43140149116516
1061.0 99.3597686290741
1062.0 99.33037161827087
1063.0 99.32817220687866
1064.0 99.35522079467773
1065.0 99.39760565757751
1066.0 99.34917688369751
1067.0 99.37717318534851
1068.0 99.35669302940369
1069.0 99.12552833557129
1070.0 99.51324462890625
1071.0 99.51943159103394
1072.0 99.44789409637451
1073.0 99.43827986717224
1074.0 99.11489486694336
1075.0 99.09002780914307
1076.0 99.04806017875671
1077.0 99.26225543022156
1078.0 99.44391250610352
1079.0 98.93720746040344
1080.0 99.73077774047852
1081.0 98.92633557319641
1082.0 99.20527935028076
1083.0 99.08750653266907
1084.0 99.49812889099121
1085.0 99.50065612792969
1086.0 99.2867112159729
1087.0 99.26402568817139
1088.0 98.99197816848755
1089.0 99.0283191204071
1090.0 99.0240216255188
1091.0 98.96416068077087
1092.0 99.05612468719482
1093.0 99.00707602500916
1094.0 98.7505853176117
1095.0 98.79170060157776
1096.0 98.89832139015198
1097.0 98.72429370880127
1098.0 98.01291823387146
1099.0 98.78661036491394
1100.0 98.26526045799255
