ts8/transmission_sensor/rtm-019_s21/19700101T000000.ecsv
# %ECSV 0.9
# ---
# datatype:
# - {name: amp_name, datatype: string}
# - {name: wavelength, unit: nm, datatype: float32}
# - {name: efficiency, unit: '%', datatype: float32}
# meta: !!omap
# - {MODE: AMP}
# - {TYPE: QE}
# - {CALIBDATE: '1970-01-01T00:00:00'}
# - {INSTRUME: TS8}
# - {OBSTYPE: qe_curve}
# - {DETECTOR: 142}
# - {PICKLEFILE: RaftRun11808.p}
# - {CALIB_ID: 'raftName=RTM-019 detectorName=S21 detector=142 calibDate=1970-01-01T00:00:00 ccd=142 ccdnum=142 filter=None'}
# - {DATE: '2020-07-23T19:15:38.240339'}
# - {CALIB_CREATION_DATE: '2020-07-23'}
# - {CALIB_CREATION_TIME: '19:15:38'}
# - __serialized_columns__:
#     efficiency:
#       __class__: astropy.units.quantity.Quantity
#       unit: !astropy.units.Unit {unit: '%'}
#       value: !astropy.table.SerializedColumn {name: efficiency}
#     wavelength:
#       __class__: astropy.units.quantity.Quantity
#       unit: !astropy.units.Unit {unit: nm}
#       value: !astropy.table.SerializedColumn {name: wavelength}
# schema: astropy-2.0
amp_name wavelength efficiency
C05 319.994 42.12887
C05 324.969 47.611626
C05 349.982 73.52307
C05 374.975 80.756454
C05 400.019 86.289734
C05 424.965 87.290474
C05 450.035 88.46102
C05 475.003 90.45268
C05 500.018 93.075035
C05 525.002 93.67492
C05 550.029 95.338684
C05 575.023 96.81798
C05 599.982 98.06198
C05 619.997 98.74285
C05 624.979 98.63248
C05 650.012 99.177185
C05 675.004 99.60189
C05 700.03 99.605125
C05 725.012 99.23835
C05 750.022 98.74833
C05 774.987 98.82893
C05 799.976 97.77102
C05 824.988 96.5783
C05 850.022 94.21783
C05 869.967 91.069176
C05 875.002 90.736015
C05 899.999 83.39319
C05 919.999 75.710884
C05 925.012 72.49543
C05 949.965 58.72157
C05 975.002 43.65993
C05 999.976 26.866472
C05 1025.028 11.869556
C05 1050.014 4.2502484
C05 1075.002 2.2883897
C05 1099.99 1.7486084
C10 319.994 39.86108
C10 324.969 45.032482
C10 349.982 68.44997
C10 374.975 75.07216
C10 400.019 82.91165
C10 424.965 85.27176
C10 450.035 87.21619
C10 475.003 89.673416
C10 500.018 92.584724
C10 525.002 93.3588
C10 550.029 95.11099
C10 575.023 96.61957
C10 599.982 97.85615
C10 619.997 98.51906
C10 624.979 98.40717
C10 650.012 98.91404
C10 675.004 99.31208
C10 700.03 99.34815
C10 725.012 99.17631
C10 750.022 98.95292
C10 774.987 99.31968
C10 799.976 98.360306
C10 824.988 97.12023
C10 850.022 94.87317
C10 869.967 91.74066
C10 875.002 91.34504
C10 899.999 83.84935
C10 919.999 75.54314
C10 925.012 72.14945
C10 949.965 59.22621
C10 975.002 44.15805
C10 999.976 27.234388
C10 1025.028 11.916331
C10 1050.014 4.18604
C10 1075.002 2.2550783
C10 1099.99 1.7535664
C13 319.994 41.050045
C13 324.969 46.382885
C13 349.982 70.86836
C13 374.975 77.63498
C13 400.019 84.5011
C13 424.965 86.28953
C13 450.035 87.91419
C13 475.003 90.18682
C13 500.018 92.98068
C13 525.002 93.683205
C13 550.029 95.39713
C13 575.023 96.89138
C13 599.982 98.12909
C13 619.997 98.79583
C13 624.979 98.6833
C13 650.012 99.19833
C13 675.004 99.60925
C13 700.03 99.65838
C13 725.012 99.49555
C13 750.022 99.278244
C13 774.987 99.64563
C13 799.976 98.686424
C13 824.988 97.421005
C13 850.022 95.15997
C13 869.967 91.99805
C13 875.002 91.641464
C13 899.999 83.88452
C13 919.999 75.71439
C13 925.012 72.42975
C13 949.965 59.09025
C13 975.002 44.163197
C13 999.976 27.008541
C13 1025.028 11.932074
C13 1050.014 4.216795
C13 1075.002 2.2617605
C13 1099.99 1.7555209
C06 319.994 42.425472
C06 324.969 47.946064
C06 349.982 74.14273
C06 374.975 81.48509
C06 400.019 86.78927
C06 424.965 87.654976
C06 450.035 88.75199
C06 475.003 90.70452
C06 500.018 93.30133
C06 525.002 93.88797
C06 550.029 95.54865
C06 575.023 97.030556
C06 599.982 98.27438
C06 619.997 98.95619
C06 624.979 98.84767
C06 650.012 99.39513
C06 675.004 99.82512
C06 700.03 99.83879
C06 725.012 99.49166
C06 750.022 99.026
C06 774.987 99.12588
C06 799.976 98.07407
C06 824.988 96.86293
C06 850.022 94.508095
C06 869.967 91.34489
C06 875.002 91.000946
C06 899.999 83.55905
C06 919.999 75.78819
C06 925.012 72.590324
C06 949.965 58.951313
C06 975.002 43.790443
C06 999.976 26.900826
C06 1025.028 11.858734
C06 1050.014 4.248232
C06 1075.002 2.2971332
C06 1099.99 1.7555358
C17 319.994 41.62659
C17 324.969 47.041767
C17 349.982 72.26231
C17 374.975 79.25244
C17 400.019 85.383606
C17 424.965 86.72193
C17 450.035 88.08732
C17 475.003 90.1985
C17 500.018 92.894875
C17 525.002 93.538055
C17 550.029 95.22206
C17 575.023 96.704735
C17 599.982 97.94318
C17 619.997 98.61565
C17 624.979 98.50222
C17 650.012 99.033646
C17 675.004 99.45777
C17 700.03 99.53776
C17 725.012 99.43728
C17 750.022 99.29392
C17 774.987 99.72772
C17 799.976 98.79436
C17 824.988 97.52312
C17 850.022 95.24508
C17 869.967 92.061066
C17 875.002 91.72447
C17 899.999 83.986694
C17 919.999 75.82456
C17 925.012 72.47042
C17 949.965 59.01688
C17 975.002 44.171837
C17 999.976 27.014236
C17 1025.028 11.974416
C17 1050.014 4.2745056
C17 1075.002 2.296454
C17 1099.99 1.7622179
C07 319.994 42.415215
C07 324.969 47.93674
C07 349.982 74.22535
C07 374.975 81.61163
C07 400.019 86.777016
C07 424.965 87.55844
C07 450.035 88.60494
C07 475.003 90.52235
C07 500.018 93.095825
C07 525.002 93.671486
C07 550.029 95.32327
C07 575.023 96.798904
C07 599.982 98.04547
C07 619.997 98.72904
C07 624.979 98.62138
C07 650.012 99.1707
C07 675.004 99.60446
C07 700.03 99.62453
C07 725.012 99.30352
C07 750.022 98.87236
C07 774.987 99.00279
C07 799.976 97.9583
C07 824.988 96.73825
C07 850.022 94.388504
C07 869.967 91.22334
C07 875.002 90.87011
C07 899.999 83.38368
C07 919.999 75.537834
C07 925.012 72.36306
C07 949.965 58.84764
C07 975.002 43.713535
C07 999.976 26.834797
C07 1025.028 11.824483
C07 1050.014 4.2410603
C07 1075.002 2.2949967
C07 1099.99 1.7541729
C11 319.994 40.29782
C11 324.969 45.527416
C11 349.982 69.30533
C11 374.975 75.95633
C11 400.019 83.468445
C11 424.965 85.6387
C11 450.035 87.47192
C11 475.003 89.865005
C11 500.018 92.73675
C11 525.002 93.48439
C11 550.029 95.2214
C11 575.023 96.72217
C11 599.982 97.95586
C11 619.997 98.61879
C11 624.979 98.50894
C11 650.012 99.016945
C11 675.004 99.41502
C11 700.03 99.45707
C11 725.012 99.28392
C11 750.022 99.05896
C11 774.987 99.42133
C11 799.976 98.45767
C11 824.988 97.20903
C11 850.022 94.94174
C11 869.967 91.76826
C11 875.002 91.39927
C11 899.999 83.81353
C11 919.999 75.4493
C11 925.012 72.25518
C11 949.965 59.121662
C11 975.002 44.01795
C11 999.976 27.009369
C11 1025.028 11.892177
C11 1050.014 4.2046204
C11 1075.002 2.2559483
C11 1099.99 1.7524788
C12 319.994 40.699135
C12 324.969 45.984608
C12 349.982 70.13759
C12 374.975 76.825775
C12 400.019 83.99099
C12 424.965 85.95925
C12 450.035 87.68649
C12 475.003 90.01262
C12 500.018 92.84763
C12 525.002 93.57146
C12 550.029 95.295815
C12 575.023 96.79054
C12 599.982 98.02675
C12 619.997 98.69028
C12 624.979 98.5779
C12 650.012 99.0912
C12 675.004 99.4952
C12 700.03 99.539375
C12 725.012 99.37113
C12 750.022 99.14735
C12 774.987 99.50994
C12 799.976 98.54396
C12 824.988 97.28723
C12 850.022 95.03752
C12 869.967 91.86747
C12 875.002 91.49541
C12 899.999 83.78911
C12 919.999 75.62861
C12 925.012 72.318504
C12 949.965 59.088787
C12 975.002 44.14153
C12 999.976 27.105453
C12 1025.028 11.9212265
C12 1050.014 4.202794
C12 1075.002 2.2555926
C12 1099.99 1.7544789
C01 319.994 41.48829
C01 324.969 46.884827
C01 349.982 71.81973
C01 374.975 78.63256
C01 400.019 85.11744
C01 424.965 86.70016
C01 450.035 88.21293
C01 475.003 90.41615
C01 500.018 93.170784
C01 525.002 93.84845
C01 550.029 95.55158
C01 575.023 97.040054
C01 599.982 98.277794
C01 619.997 98.94222
C01 624.979 98.82869
C01 650.012 99.348175
C01 675.004 99.74817
C01 700.03 99.72212
C01 725.012 99.322296
C01 750.022 98.79866
C01 774.987 98.844864
C01 799.976 97.765526
C01 824.988 96.56274
C01 850.022 94.20028
C01 869.967 91.04308
C01 875.002 90.71807
C01 899.999 83.41982
C01 919.999 75.65669
C01 925.012 72.39388
C01 949.965 58.64929
C01 975.002 43.648354
C01 999.976 26.740149
C01 1025.028 11.87936
C01 1050.014 4.2222877
C01 1075.002 2.2546284
C01 1099.99 1.7327285
C04 319.994 41.996334
C04 324.969 47.46065
C04 349.982 73.16847
C04 374.975 80.34192
C04 400.019 86.116264
C04 424.965 87.25517
C04 450.035 88.50617
C04 475.003 90.548615
C04 500.018 93.20417
C04 525.002 93.82471
C04 550.029 95.50005
C04 575.023 96.98537
C04 599.982 98.22837
C04 619.997 98.906845
C04 624.979 98.79494
C04 650.012 99.33686
C04 675.004 99.7549
C04 700.03 99.74979
C04 725.012 99.36701
C04 750.022 98.8576
C04 774.987 98.92022
C04 799.976 97.84951
C04 824.988 96.65666
C04 850.022 94.278435
C04 869.967 91.12838
C04 875.002 90.79562
C04 899.999 83.49695
C04 919.999 75.78375
C04 925.012 72.53129
C04 949.965 58.739502
C04 975.002 43.65645
C04 999.976 26.856668
C04 1025.028 11.903136
C04 1050.014 4.249269
C04 1075.002 2.275236
C04 1099.99 1.7426997
C03 319.994 41.86447
C03 324.969 47.311348
C03 349.982 72.794495
C03 374.975 79.85231
C03 400.019 85.825325
C03 424.965 87.09206
C03 450.035 88.42485
C03 475.003 90.51905
C03 500.018 93.20705
C03 525.002 93.84278
C03 550.029 95.52762
C03 575.023 97.013626
C03 599.982 98.25519
C03 619.997 98.929276
C03 624.979 98.81739
C03 650.012 99.35089
C03 675.004 99.76308
C03 700.03 99.74949
C03 725.012 99.35904
C03 750.022 98.836365
C03 774.987 98.8865
C03 799.976 97.8105
C03 824.988 96.61073
C03 850.022 94.23111
C03 869.967 91.08739
C03 875.002 90.76095
C03 899.999 83.43877
C03 919.999 75.70728
C03 925.012 72.454124
C03 949.965 58.72148
C03 975.002 43.643105
C03 999.976 26.812025
C03 1025.028 11.881853
C03 1050.014 4.236229
C03 1075.002 2.2639542
C03 1099.99 1.7385501
C15 319.994 41.406487
C15 324.969 46.78751
C15 349.982 71.71835
C15 374.975 78.64506
C15 400.019 85.12486
C15 424.965 86.66963
C15 450.035 88.14913
C15 475.003 90.32983
C15 500.018 93.072044
C15 525.002 93.73955
C15 550.029 95.43903
C15 575.023 96.92729
C15 599.982 98.16983
C15 619.997 98.84335
C15 624.979 98.73364
C15 650.012 99.25495
C15 675.004 99.677765
C15 700.03 99.73927
C15 725.012 99.60293
C15 750.022 99.41859
C15 774.987 99.80902
C15 799.976 98.85558
C15 824.988 97.59444
C15 850.022 95.302795
C15 869.967 92.14155
C15 875.002 91.81071
C15 899.999 84.07955
C15 919.999 75.90242
C15 925.012 72.52987
C15 949.965 59.006886
C15 975.002 44.1954
C15 999.976 27.032951
C15 1025.028 12.009579
C15 1050.014 4.2436433
C15 1075.002 2.2731285
C15 1099.99 1.7583219
C14 319.994 41.165775
C14 324.969 46.514782
C14 349.982 71.199745
C14 374.975 78.06593
C14 400.019 84.7451
C14 424.965 86.41115
C14 450.035 87.96956
C14 475.003 90.18788
C14 500.018 92.958466
C14 525.002 93.64172
C14 550.029 95.34992
C14 575.023 96.84006
C14 599.982 98.080055
C14 619.997 98.748856
C14 624.979 98.63895
C14 650.012 99.158226
C14 675.004 99.57448
C14 700.03 99.62931
C14 725.012 99.48067
C14 750.022 99.275566
C14 774.987 99.655396
C14 799.976 98.694595
C14 824.988 97.438156
C14 850.022 95.15281
C14 869.967 91.99453
C14 875.002 91.66357
C14 899.999 83.96221
C14 919.999 75.78532
C14 925.012 72.457306
C14 949.965 59.03065
C14 975.002 44.205463
C14 999.976 27.061325
C14 1025.028 12.00291
C14 1050.014 4.2369475
C14 1075.002 2.2668211
C14 1099.99 1.7572906
C00 319.994 41.26052
C00 324.969 46.628002
C00 349.982 71.26063
C00 374.975 77.93645
C00 400.019 84.65686
C00 424.965 86.39344
C00 450.035 87.99666
C00 475.003 90.256516
C00 500.018 93.04866
C00 525.002 93.745964
C00 550.029 95.453255
C00 575.023 96.945595
C00 599.982 98.17535
C00 619.997 98.838066
C00 624.979 98.72647
C00 650.012 99.23512
C00 675.004 99.62897
C00 700.03 99.597885
C00 725.012 99.199684
C00 750.022 98.68217
C00 774.987 98.740685
C00 799.976 97.66735
C00 824.988 96.46009
C00 850.022 94.108894
C00 869.967 90.94168
C00 875.002 90.5818
C00 899.999 83.3172
C00 919.999 75.46043
C00 925.012 72.17829
C00 949.965 58.491695
C00 975.002 43.603764
C00 999.976 26.837826
C00 1025.028 11.927549
C00 1050.014 4.213859
C00 1075.002 2.2296002
C00 1099.99 1.7275734
C16 319.994 41.623016
C16 324.969 47.034767
C16 349.982 72.17125
C16 374.975 79.1373
C16 400.019 85.42111
C16 424.965 86.84834
C16 450.035 88.262146
C16 475.003 90.40326
C16 500.018 93.12246
C16 525.002 93.77467
C16 550.029 95.465775
C16 575.023 96.955536
C16 599.982 98.19482
C16 619.997 98.867775
C16 624.979 98.75551
C16 650.012 99.28651
C16 675.004 99.708405
C16 700.03 99.779396
C16 725.012 99.65616
C16 750.022 99.490524
C16 774.987 99.903114
C16 799.976 98.95578
C16 824.988 97.68889
C16 850.022 95.39351
C16 869.967 92.22158
C16 875.002 91.877525
C16 899.999 84.13448
C16 919.999 75.96583
C16 925.012 72.63648
C16 949.965 59.099663
C16 975.002 44.270752
C16 999.976 27.072716
C16 1025.028 12.010249
C16 1050.014 4.26329
C16 1075.002 2.2852683
C16 1099.99 1.7602907
C02 319.994 41.714375
C02 324.969 47.14152
C02 349.982 72.394135
C02 374.975 79.33763
C02 400.019 85.569275
C02 424.965 86.99481
C02 450.035 88.41433
C02 475.003 90.56253
C02 500.018 93.28796
C02 525.002 93.94532
C02 550.029 95.6398
C02 575.023 97.12922
C02 599.982 98.370895
C02 619.997 99.040184
C02 624.979 98.928406
C02 650.012 99.456696
C02 675.004 99.86445
C02 700.03 99.841446
C02 725.012 99.44612
C02 750.022 98.92096
C02 774.987 98.96813
C02 799.976 97.88479
C02 824.988 96.68013
C02 850.022 94.30189
C02 869.967 91.14967
C02 875.002 90.82622
C02 899.999 83.49917
C02 919.999 75.78311
C02 925.012 72.52256
C02 949.965 58.728794
C02 975.002 43.69741
C02 999.976 26.823708
C02 1025.028 11.906392
C02 1050.014 4.233902
C02 1075.002 2.25921
C02 1099.99 1.7368075
