lsstCam/transmission_filter_detector/r30_s21/g_6/19700101T000000.ecsv
# %ECSV 1.0
# ---
# datatype:
# - {name: wavelength, unit: nm, datatype: float32}
# - {name: efficiency, unit: '%', datatype: float64}
# meta: !!omap
# - {MODE: DETECTOR}
# - {TYPE: transmission_filter_detector}
# - {CALIBDATE: '1970-01-01T00:00:00'}
# - {INSTRUME: LSSTCam}
# - {OBSTYPE: transmission_filter_detector}
# - {CALIBCLS: lsst.ip.isr.IntermediateFilterDetectorTransmissionCurve}
# - {SOURCE: Materion (DM-46256)}
# - {DETECTOR: 124}
# - {FILTER: g_6}
# - {CALIB_ID: 'calibDate=1970-01-01T00:00:00 filter=g_6 detector=124'}
# - {DATE: '2025-04-02T15:59:42.601857'}
# - {CALIB_CREATION_DATE: '2025-04-02'}
# - {CALIB_CREATION_TIME: '15:59:42'}
# - __serialized_columns__:
#     efficiency:
#       __class__: astropy.units.quantity.Quantity
#       unit: !astropy.units.Unit {unit: '%'}
#       value: !astropy.table.SerializedColumn {name: efficiency}
#     wavelength:
#       __class__: astropy.units.quantity.Quantity
#       unit: !astropy.units.Unit {unit: nm}
#       value: !astropy.table.SerializedColumn {name: wavelength}
# schema: astropy-2.0
wavelength efficiency
300.0 0.3228213870897889
301.0 0.2928760601207614
302.0 0.2629307098686695
303.0 0.24146626237779856
304.0 0.22000186145305634
305.0 0.21882019937038422
306.0 0.21763851400464773
307.0 0.20559467375278473
308.0 0.19355083350092173
309.0 0.19102987134829164
310.0 0.18850889755412936
311.0 0.19223144045099616
312.0 0.19595399498939514
313.0 0.19268749747425318
314.0 0.18942102324217558
315.0 0.18290847074240446
316.0 0.17639592988416553
317.0 0.1725114183500409
318.0 0.16862691845744848
319.0 0.15940157463774085
320.0 0.15017621917650104
321.0 0.13807235518470407
322.0 0.12596846790984273
323.0 0.1144740148447454
324.0 0.10297956177964807
325.0 0.09249044815078378
326.0 0.0820013287011534
327.0 0.0739964540116489
328.0 0.06599157932214439
329.0 0.06212115986272693
330.0 0.05825073458254337
331.0 0.05394045729190111
332.0 0.04963018000125885
333.0 0.04752241657115519
334.0 0.04541465314105153
335.0 0.04357342841103673
336.0 0.04173220368102193
337.0 0.04076299665030092
338.0 0.03979378961957991
339.0 0.039081653812900186
340.0 0.03836951218545437
341.0 0.037051018443889916
342.0 0.03573252761270851
343.0 0.032519170781597495
344.0 0.02930581395048648
345.0 0.026069500017911196
346.0 0.022833188995718956
347.0 0.0207461926038377
348.0 0.018659199122339487
349.0 0.01732118835207075
350.0 0.6522056646645069
351.0 1.0255495086312294
352.0 0.46325307339429855
353.0 0.6403543520718813
354.0 0.7113965693861246
355.0 0.872424803674221
356.0 0.4303395748138428
357.0 0.7064123637974262
358.0 0.40286905132234097
359.0 0.6986801978200674
360.0 0.5577551200985909
361.0 0.7105504162609577
362.0 0.5570328328758478
363.0 0.8205113932490349
364.0 0.505877286195755
365.0 0.8496543392539024
366.0 0.5181858781725168
367.0 0.7207414600998163
368.0 0.4247684497386217
369.0 0.5483424756675959
370.0 0.4221961833536625
371.0 0.5245867650955915
372.0 0.32799013424664736
373.0 0.5896656308323145
374.0 0.37487593945115805
375.0 0.4511697217822075
376.0 0.41647450998425484
377.0 0.5448697134852409
378.0 0.38639865815639496
379.0 0.5037795286625624
380.0 0.3201515879482031
381.0 0.5497412290424109
382.0 0.5214821547269821
383.0 0.4803720861673355
384.0 0.5556429736316204
385.0 0.6227084901183844
386.0 0.6354801822453737
387.0 0.7240749429911375
388.0 1.002875529229641
389.0 1.2838770635426044
390.0 1.9176164641976357
391.0 3.038289025425911
392.0 4.677534103393555
393.0 7.459240406751633
394.0 11.262095719575882
395.0 16.394343972206116
396.0 22.63115644454956
397.0 30.43021857738495
398.0 39.33030366897583
399.0 48.891547322273254
400.0 58.33185911178589
401.0 67.14483499526978
402.0 75.02397298812866
403.0 81.32636547088623
404.0 85.8898401260376
405.0 89.21300172805786
406.0 90.97133278846741
407.0 92.39311814308167
408.0 93.15271377563477
409.0 93.4642493724823
410.0 93.52974891662598
411.0 93.32449436187744
412.0 93.06948184967041
413.0 92.80857443809509
414.0 92.64693260192871
415.0 92.90581345558167
416.0 93.3137059211731
417.0 93.63977909088135
418.0 94.20862793922424
419.0 94.73856091499329
420.0 95.19298672676086
421.0 95.75321674346924
422.0 95.84707617759705
423.0 96.04739546775818
424.0 95.83858847618103
425.0 95.67617774009705
426.0 95.60447931289673
427.0 95.61593532562256
428.0 95.48944234848022
429.0 95.32290697097778
430.0 95.27008533477783
431.0 95.3743577003479
432.0 95.40502429008484
433.0 95.52666544914246
434.0 95.52544951438904
435.0 95.61633467674255
436.0 95.72818875312805
437.0 95.65570950508118
438.0 95.76366543769836
439.0 95.88186144828796
440.0 95.88690996170044
441.0 96.0222840309143
442.0 95.90470790863037
443.0 95.8257794380188
444.0 95.72018384933472
445.0 95.47606706619263
446.0 95.35073637962341
447.0 95.16533017158508
448.0 95.2735424041748
449.0 95.5229640007019
450.0 95.74393630027771
451.0 95.94762921333313
452.0 96.145099401474
453.0 96.25720381736755
454.0 96.32433652877808
455.0 96.57498002052307
456.0 96.72683477401733
457.0 96.85389399528503
458.0 96.85639142990112
459.0 96.87676429748535
460.0 96.87482118606567
461.0 96.95214033126831
462.0 96.88337445259094
463.0 96.74712419509888
464.0 96.8762457370758
465.0 96.76531553268433
466.0 96.77079319953918
467.0 96.77432775497437
468.0 96.80977463722229
469.0 96.79959416389465
470.0 96.68422341346741
471.0 96.50284051895142
472.0 96.61135673522949
473.0 96.45167589187622
474.0 96.41591906547546
475.0 96.5011477470398
476.0 96.52023315429688
477.0 96.5661346912384
478.0 96.73699736595154
479.0 96.69976234436035
480.0 96.91823720932007
481.0 96.9637930393219
482.0 97.12103605270386
483.0 97.06426858901978
484.0 97.26665616035461
485.0 97.25479483604431
486.0 97.29655385017395
487.0 97.30614423751831
488.0 97.33468890190125
489.0 97.44208455085754
490.0 97.41912484169006
491.0 97.43061661720276
492.0 97.38809466362
493.0 97.40995168685913
494.0 97.39387631416321
495.0 97.43743538856506
496.0 97.269207239151
497.0 97.2177803516388
498.0 96.97319269180298
499.0 97.05274701118469
500.0 96.97866439819336
501.0 96.98812961578369
502.0 96.90334796905518
503.0 97.05867767333984
504.0 96.9183623790741
505.0 96.90112471580505
506.0 96.96112275123596
507.0 96.85641527175903
508.0 96.86267971992493
509.0 96.8490719795227
510.0 96.82733416557312
511.0 96.84029817581177
512.0 96.6985285282135
513.0 96.81162238121033
514.0 96.7600405216217
515.0 96.85131907463074
516.0 96.95502519607544
517.0 96.94870710372925
518.0 97.02721238136292
519.0 97.01858758926392
520.0 97.05421328544617
521.0 97.1808135509491
522.0 97.16188311576843
523.0 97.13396430015564
524.0 97.1574068069458
525.0 97.05464839935303
526.0 97.18225598335266
527.0 97.13565111160278
528.0 97.22572565078735
529.0 97.28274941444397
530.0 97.3073959350586
531.0 97.43151664733887
532.0 97.31101393699646
533.0 97.27475047111511
534.0 97.23369479179382
535.0 96.9972550868988
536.0 96.57014012336731
537.0 95.87134718894958
538.0 94.89298462867737
539.0 93.22361350059509
540.0 91.23373627662659
541.0 88.19888830184937
542.0 85.0904107093811
543.0 81.00685477256775
544.0 76.09906792640686
545.0 71.73421382904053
546.0 66.68921113014221
547.0 62.28616237640381
548.0 58.05562734603882
549.0 54.44744825363159
550.0 51.67886018753052
551.0 49.012091755867004
552.0 46.78696095943451
553.0 44.20222342014313
554.0 40.9604549407959
555.0 37.24777102470398
556.0 32.38823413848877
557.0 27.018821239471436
558.0 21.434099972248077
559.0 16.242927312850952
560.0 11.558060348033905
561.0 7.458187639713287
562.0 4.552816599607468
563.0 2.5345144793391228
564.0 1.3458379544317722
565.0 0.6366289220750332
566.0 0.3521547419950366
567.0 0.18298296490684152
568.0 0.11252649128437042
569.0 0.07253929506987333
570.0 0.06206607213243842
571.0 0.04307103517930955
572.0 0.05247469525784254
573.0 0.028952053980901837
574.0 0.032634209492243826
575.0 0.024056488473434
576.0 0.027264736127108335
577.0 0.022529263515025377
578.0 0.020530971232801676
579.0 0.024791693431325257
580.0 0.02094580850098282
581.0 0.017498557281214744
582.0 0.01766078785294667
583.0 0.021100364392623305
584.0 0.029053434263914824
585.0 0.019551815057639033
586.0 0.02149430220015347
587.0 0.015706605336163193
588.0 0.01318501599598676
589.0 0.021673132141586393
590.0 0.009975260763894767
591.0 0.015955376147758216
592.0 0.01002301141852513
593.0 0.009435437095817178
594.0 0.01185624860227108
595.0 0.0032024345273384824
596.0 0.022898097813595086
597.0 0.0025286821255576797
598.0 1.7173573760992378e-10
599.0 0.010186560393776745
600.0 0.013294329983182251
601.0 0.0020970668629161082
602.0 0.0020199260688968934
603.0 0.0019427852748776786
604.0 0.001973206781258341
605.0 0.002003628105740063
606.0 0.0019755954781430773
607.0 0.0019475626686471514
608.0 0.001962154419743456
609.0 0.0019767458070418797
610.0 0.0019289165720692836
611.0 0.001881087155197747
612.0 0.001839363540057093
613.0 0.0017976402887143195
614.0 0.0018256423572893254
615.0 0.0018536446077632718
616.0 0.0017319927792414092
617.0 0.0016103409507195465
618.0 0.0015602190615027212
619.0 0.0015100970813364256
620.0 0.001432187400496332
621.0 0.0013542776287067682
622.0 0.001427265760867158
623.0 0.0015002538930275477
624.0 0.0015164662727329414
625.0 0.0015326788343372755
626.0 0.001440063351765275
627.0 0.0013474479601427447
628.0 0.0013689314982912038
629.0 0.0013904149454901926
630.0 0.001417882140231086
631.0 0.0014453494259214494
632.0 0.0014280948562372942
633.0 0.0014108402865531389
634.0 0.0013643494639836717
635.0 0.0013178587323636748
636.0 0.0013323146049515344
637.0 0.0013467702046909835
638.0 0.0012177716598671395
639.0 0.0010887730240938254
640.0 0.001216558212036034
641.0 0.0013443435818771832
642.0 0.0012231161235831678
643.0 0.0011018887562386226
644.0 0.0011799370440712664
645.0 0.001257985695701791
646.0 0.0012118262020521797
647.0 0.0011656666174530983
648.0 0.001202133444166975
649.0 0.001238600361830322
650.0 0.0012099490049877204
651.0 0.0011812975571956486
652.0 0.0011971447747782804
653.0 0.0012129920833103824
654.0 0.0011761647328967229
655.0 0.0011393374734325334
656.0 0.0011276119948888663
657.0 0.0011158865163451992
658.0 0.0010763978934846818
659.0 0.0010369090887252241
660.0 0.0010035568266175687
661.0 0.0009702042916615028
662.0 0.0010589765224722214
663.0 0.00114774875328294
664.0 0.0011994472515652888
665.0 0.0012511455679486971
666.0 0.0012581654118548613
667.0 0.0012651852557610255
668.0 0.0012177439202787355
669.0 0.001170302402897505
670.0 0.0012005443750240374
671.0 0.00123078643810004
672.0 0.0010956548067042604
673.0 0.000960523266257951
674.0 0.0010337790627090726
675.0 0.0011070346772612538
676.0 0.0010439676771056838
677.0 0.0009809004950511735
678.0 0.0009663580385677051
679.0 0.0009518154911347665
680.0 0.0009672454325482249
681.0 0.000982675646810094
682.0 0.001024874291033484
683.0 0.001067073299054755
684.0 0.0009577740456734318
685.0 0.0008484745194436982
686.0 0.000893778633326292
687.0 0.0009390827472088858
688.0 0.0009900466466206126
689.0 0.0010410105460323393
690.0 0.001087545751943253
691.0 0.0011340810488036368
692.0 0.0010809128980326932
693.0 0.0010277448382112198
694.0 0.0009965727258531842
695.0 0.0009654005225456785
696.0 0.0010321899026166648
697.0 0.0010989796464855317
698.0 0.0011508946954563726
699.0 0.001202810017275624
700.0 0.0012251149200892542
701.0 0.001247419641003944
702.0 0.0011533021279319655
703.0 0.0010591845239105169
704.0 0.0011261960935371462
705.0 0.001193207390315365
706.0 0.0011487511983432341
707.0 0.0011042950973205734
708.0 0.0011228979019506369
709.0 0.0011415007065807004
710.0 0.0011588142115215305
711.0 0.00117612735266448
712.0 0.0012158395293226931
713.0 0.001255551615031436
714.0 0.0013120883522788063
715.0 0.0013686251804756466
716.0 0.0014052235201233998
717.0 0.0014418223145185038
718.0 0.001516025895398343
719.0 0.0015902296581771225
720.0 0.001394363152940059
721.0 0.0011984963748545852
722.0 0.0013280012353789061
723.0 0.0014575063687516376
724.0 0.0014806117178522982
725.0 0.0015037167941045482
726.0 0.0015783127309987321
727.0 0.0016529089407413267
728.0 0.001673856604611501
729.0 0.0016948042684816755
730.0 0.0017376625692122616
731.0 0.001780521051841788
732.0 0.001713769779598806
733.0 0.0016470186892547645
734.0 0.0015124557648960035
735.0 0.001377893022436183
736.0 0.0012247935956111178
737.0 0.0010716941687860526
738.0 0.0010045388989965431
739.0 0.0009373834473080933
740.0 0.0009349798347102478
741.0 0.0009325762221124023
742.0 0.0009361625416204333
743.0 0.0009397490430274047
744.0 0.0009467794370721094
745.0 0.0009538099220662843
746.0 0.0008521170457242988
747.0 0.0007504243058065185
748.0 0.0007834997632016893
749.0 0.0008165750841726549
750.0 0.0008949157745519187
751.0 0.0009732565558806527
752.0 0.0009724530173116364
753.0 0.00097164947874262
754.0 0.0008989334673970006
755.0 0.0008262171832029708
756.0 0.0008437659744231496
757.0 0.0008613147656433284
758.0 0.0009168997166852932
759.0 0.0009724849405756686
760.0 0.0009667935955803841
761.0 0.0009611023415345699
762.0 0.0008287270247819833
763.0 0.0006963517080293968
764.0 0.0005956612312729703
765.0 0.0004949709818902193
766.0 0.0005308315849106293
767.0 0.0005666921424563043
768.0 0.0005919916929997271
769.0 0.0006172912435431499
770.0 0.0006374191798386164
771.0 0.0006575472070835531
772.0 0.0006929902610863792
773.0 0.000728433178665
774.0 0.0006608065177715616
775.0 0.000593179720453918
776.0 0.0006049772309779655
777.0 0.0006167746050778078
778.0 0.0006360666247928748
779.0 0.000655358735457412
780.0 0.0007671601451875176
781.0 0.0008789616003923584
782.0 0.0006801462859584717
783.0 0.0004813310169993201
784.0 0.00041244657040806487
785.0 0.0003435621238168096
786.0 0.0003871627995977178
787.0 0.000430763475378626
788.0 0.0004518731202551862
789.0 0.0004729827651317464
790.0 0.0003401464255148312
791.0 0.00020731022232212126
792.0 0.00018164039374823915
793.0 0.00015597056517435703
794.0 0.00016528251762792934
795.0 0.00017459442460676655
796.0 0.00027971636882284656
797.0 0.00038483835851366166
798.0 0.0003526546606735792
799.0 0.0003204709400961292
800.0 0.00040491308936907444
801.0 0.0004893552613793872
802.0 0.00048754150157037657
803.0 0.000485727787236101
804.0 0.00047072044253582135
805.0 0.0004557130523608066
806.0 0.00047066514525795355
807.0 0.00048561732910457067
808.0 0.00045925048652861733
809.0 0.000432883643952664
810.0 0.000370295765605988
811.0 0.0003077077963098418
812.0 0.0003214637445125845
813.0 0.00033521973819006234
814.0 0.0003437801979089272
815.0 0.0003523407031025272
816.0 0.0004334458935773
817.0 0.0005145511295268079
818.0 0.00044659927880275063
819.0 0.0003786474735534284
820.0 0.0003392027110749041
821.0 0.00029975801680848235
822.0 0.0003746673883142648
823.0 0.00044957678255741484
824.0 0.00044561234062712174
825.0 0.0004416479896462988
826.0 0.00045096498979546595
827.0 0.0004602820354193682
828.0 0.0004285146587790223
829.0 0.0003967472821386764
830.0 0.0003390597612451529
831.0 0.00028137219487689435
832.0 0.0002927270088548539
833.0 0.00030408180009544594
834.0 0.00028590734473254997
835.0 0.0002677328438949189
836.0 0.0003336389454489108
837.0 0.0003995449787908001
838.0 0.00043211039155721664
839.0 0.0004646758043236332
840.0 0.0004014370006188983
841.0 0.00033819815143942833
842.0 0.00038764492273912765
843.0 0.00043709169403882697
844.0 0.0005735856575483922
845.0 0.0007100796665326925
846.0 0.0005923237040406093
847.0 0.0004745677415485261
848.0 0.00037425741084007313
849.0 0.0002739471028689877
850.0 0.00017598922568140551
851.0 7.803138828421652e-05
852.0 4.855925226365798e-05
853.0 1.90871134009285e-05
854.0 5.499514372786507e-05
855.0 9.090315984394692e-05
856.0 0.00023526372388005257
857.0 0.0003796243390752352
858.0 0.0004264667040843051
859.0 0.00047330913730547763
860.0 0.0004887442628387362
861.0 0.0005041793428972596
862.0 0.00041063817661779467
863.0 0.0003170969421262271
864.0 0.0002876916369132232
865.0 0.00025828630896285176
866.0 0.0003443881723796949
867.0 0.0004304899903218029
868.0 0.0003779907274292782
869.0 0.0003254913735872833
870.0 0.00045389051592792384
871.0 0.0005822897037432995
872.0 0.0004355061719252262
873.0 0.000288722640107153
874.0 0.0005318183866620529
875.0 0.0007749141332169529
876.0 0.0006271364327403717
877.0 0.0004793588232132606
878.0 0.000598336828261381
879.0 0.0007173147878347663
880.0 0.0006563121132785454
881.0 0.0005953094387223246
882.0 0.0005152686753717717
883.0 0.0004352279120212188
884.0 0.0005042746124672703
885.0 0.000573321358388057
886.0 0.0005978343324386515
887.0 0.0006223472610145109
888.0 0.0005820606020279229
889.0 0.0005417739430413349
890.0 0.0005773111752205295
891.0 0.0006128484983491944
892.0 0.0005861489171365974
893.0 0.0005594493813987356
894.0 0.0004980895482731285
895.0 0.00043672971514752135
896.0 0.00047977969188650604
897.0 0.0005228297141002258
898.0 0.0004600032752932748
899.0 0.00039717679101158865
900.0 0.00036639896734413924
901.0 0.00033562109820195474
902.0 0.00045590713853016496
903.0 0.000576193087908905
904.0 0.00045910464905318804
905.0 0.00034201614198536845
906.0 0.00031042980026541045
