lsstCam/transmission_filter_detector/r30_s21/g_6/19700101T000000.ecsv
# %ECSV 1.0
# ---
# datatype:
# - {name: wavelength, unit: nm, datatype: float32}
# - {name: efficiency, unit: '%', datatype: float64}
# meta: !!omap
# - {MODE: DETECTOR}
# - {TYPE: transmission_filter_detector}
# - {CALIBDATE: '1970-01-01T00:00:00'}
# - {INSTRUME: LSSTCam}
# - {OBSTYPE: transmission_filter_detector}
# - {CALIBCLS: lsst.ip.isr.IntermediateFilterDetectorTransmissionCurve}
# - {SOURCE: Materion (DM-46256)}
# - {DETECTOR: 124}
# - {FILTER: g_6}
# - {CALIB_ID: 'calibDate=1970-01-01T00:00:00 filter=g_6 detector=124'}
# - {DATE: '2025-04-02T15:59:42.601857'}
# - {CALIB_CREATION_DATE: '2025-04-02'}
# - {CALIB_CREATION_TIME: '15:59:42'}
# - __serialized_columns__:
#     efficiency:
#       __class__: astropy.units.quantity.Quantity
#       unit: !astropy.units.Unit {unit: '%'}
#       value: !astropy.table.SerializedColumn {name: efficiency}
#     wavelength:
#       __class__: astropy.units.quantity.Quantity
#       unit: !astropy.units.Unit {unit: nm}
#       value: !astropy.table.SerializedColumn {name: wavelength}
# schema: astropy-2.0
wavelength efficiency
[from data line 608]
908.0 0.00034457705169188557
909.0 0.00041031057662621606
910.0 0.00040858881220628973
911.0 0.0004068670932610985
912.0 0.0004414690010889899
913.0 0.0004760709089168813
914.0 0.00040825275391398463
915.0 0.00034043464438582305
916.0 0.0003147359620925272
917.0 0.00028903734801133396
918.0 0.00026145808078581467
919.0 0.00023387885903503047
920.0 0.00031498566386289895
921.0 0.0003960924459533999
922.0 0.0003812726845353609
923.0 0.0003664529231173219
924.0 0.0003818954610323999
925.0 0.0003973379534727428
926.0 0.0003495753389870515
927.0 0.0003018127245013602
928.0 0.0003953598024963867
929.0 0.0004889069259661483
930.0 0.0004897412054560846
931.0 0.0004905756213702261
932.0 0.00041844418774417136
933.0 0.00034631275411811657
934.0 0.0004535034349828493
935.0 0.000560694115847582
936.0 0.000551208950128057
937.0 0.0005417238298832672
938.0 0.000555524729861645
939.0 0.0005693257207894931
940.0 0.0005591606623056578
941.0 0.0005489955128723523
942.0 0.0006060826763132354
943.0 0.0006631698852288537
944.0 0.0005559824330703123
945.0 0.00044879493543703575
946.0 0.0006251182185224025
947.0 0.0008014415470825043
948.0 0.0007805255336279515
949.0 0.0007596095201733988
950.0 0.0007564697170892032
951.0 0.0007533298230555374
952.0 0.0008599718967161607
953.0 0.0009666141522757243
954.0 0.0009874702300294302
955.0 0.0010083263077831361
956.0 0.0007732231097179465
957.0 0.0005381200480769621
958.0 0.0005954025709797861
959.0 0.000652685048407875
960.0 0.0007038185231067473
961.0 0.0007549520432803547
962.0 0.0007524524789914722
963.0 0.0007499528692278545
964.0 0.0006734974249411607
965.0 0.0005970418897049967
966.0 0.0005475842044688761
967.0 0.0004981266101822257
968.0 0.0005077685727883363
969.0 0.0005174106263439171
970.0 0.0005971106929791858
971.0 0.0006768107596144546
972.0 0.0006609453066630522
973.0 0.0006450798082369147
974.0 0.0007072160769894253
975.0 0.0007693523912166711
976.0 0.0007753323188808281
977.0 0.0007813123374944553
978.0 0.0008456185241811909
979.0 0.0009099245289689861
980.0 0.0008469116437481716
981.0 0.0007838990313757677
982.0 0.0008432789400103502
983.0 0.0009026587576954626
984.0 0.00107371915873955
985.0 0.0012447797416825779
986.0 0.0013109364772390109
987.0 0.0013770933946943842
988.0 0.001388826967740897
989.0 0.0014005603588884696
990.0 0.0014427766473090742
991.0 0.0014849927538307384
992.0 0.0014959947293391451
993.0 0.0015069965229486115
994.0 0.0015782145055709407
995.0 0.0016494323062943295
996.0 0.0015363973943749443
997.0 0.0014233621186576784
998.0 0.001389126555295661
999.0 0.0013548912647820543
1000.0 0.0013740736903855577
1001.0 0.001393256115989061
1002.0 0.0013656066585099325
1003.0 0.0013379574738792144
1004.0 0.001261497618543217
1005.0 0.00118503794510616
1006.0 0.0011661690223263577
1007.0 0.0011473001904960256
1008.0 0.0011863587133120745
1009.0 0.001225416963279713
1010.0 0.0013511181350622792
1011.0 0.001476819579693256
1012.0 0.0015118454030016437
1013.0 0.0015468711353605613
1014.0 0.0017672584363026544
1015.0 0.0019876461010426283
1016.0 0.002055240111076273
1017.0 0.0021228341211099178
1018.0 0.0023045104171615094
1019.0 0.0024861870770109817
1020.0 0.0026768397219711915
1021.0 0.002867492366931401
1022.0 0.0030948420317145064
1023.0 0.0033221916964976117
1024.0 0.003503479456412606
1025.0 0.0036847672163276
1026.0 0.0038645361200906336
1027.0 0.004044305387651548
1028.0 0.004085127147845924
1029.0 0.004125949271838181
1030.0 0.0043286392610752955
1031.0 0.004531329614110291
1032.0 0.004582959809340537
1033.0 0.004634590368368663
1034.0 0.004855225051869638
1035.0 0.005075860462966375
1036.0 0.0053212967031868175
1037.0 0.005566732579609379
1038.0 0.0055724838603055105
1039.0 0.005578234777203761
1040.0 0.005712214260711335
1041.0 0.005846194108016789
1042.0 0.005963210060144775
1043.0 0.006080226376070641
1044.0 0.006273897452047095
1045.0 0.006467568164225668
1046.0 0.006794558430556208
1047.0 0.007121548696886748
1048.0 0.008107507892418653
1049.0 0.009093467815546319
1050.0 0.010338406718801707
1051.0 0.011583344166865572
1052.0 0.01365003117825836
1053.0 0.015716717462055385
1054.0 0.01872757129603997
1055.0 0.021738422219641507
1056.0 0.025952167925424874
1057.0 0.030165904900059104
1058.0 0.03635467728599906
1059.0 0.042543443851172924
1060.0 0.05011634202674031
1061.0 0.05768924602307379
1062.0 0.06577406311407685
1063.0 0.073858886025846
1064.0 0.08185141487047076
1065.0 0.08984394953586161
1066.0 0.09667979320511222
1067.0 0.1035156543366611
1068.0 0.110387965105474
1069.0 0.11726031079888344
1070.0 0.12636808678507805
1071.0 0.13547586277127266
1072.0 0.1461178297176957
1073.0 0.15675979666411877
1074.0 0.16950230346992612
1075.0 0.18224481027573347
1076.0 0.19411344546824694
1077.0 0.20598212722688913
1078.0 0.21625212393701077
1079.0 0.22652214393019676
1080.0 0.23856074549257755
1081.0 0.250599323771894
1082.0 0.26453807950019836
1083.0 0.27847683522850275
1084.0 0.301150418817997
1085.0 0.32382397912442684
1086.0 0.3579125041142106
1087.0 0.39200102910399437
1088.0 0.43028932996094227
1089.0 0.4685776773840189
1090.0 0.5222724750638008
1091.0 0.5759673658758402
1092.0 0.6612907163798809
1093.0 0.7466142531484365
1094.0 0.8077729493379593
1095.0 0.8689317852258682
1096.0 0.9094350039958954
1097.0 0.9499380365014076
1098.0 1.014259085059166
1099.0 1.0785803198814392
1100.0 1.1767868883907795
1101.0 1.2749935500323772
