lsstCam/transmission_filter_detector/r32_s20/u_24/19700101T000000.ecsv
# %ECSV 1.0
# ---
# datatype:
# - {name: wavelength, unit: nm, datatype: float32}
# - {name: efficiency, unit: '%', datatype: float64}
# meta: !!omap
# - {MODE: DETECTOR}
# - {TYPE: transmission_filter_detector}
# - {CALIBDATE: '1970-01-01T00:00:00'}
# - {INSTRUME: LSSTCam}
# - {OBSTYPE: transmission_filter_detector}
# - {CALIBCLS: lsst.ip.isr.IntermediateFilterDetectorTransmissionCurve}
# - {SOURCE: Materion (DM-46256)}
# - {DETECTOR: 141}
# - {FILTER: u_24}
# - {CALIB_ID: 'calibDate=1970-01-01T00:00:00 filter=u_24 detector=141'}
# - {DATE: '2025-04-02T15:59:40.403244'}
# - {CALIB_CREATION_DATE: '2025-04-02'}
# - {CALIB_CREATION_TIME: '15:59:40'}
# - __serialized_columns__:
#     efficiency:
#       __class__: astropy.units.quantity.Quantity
#       unit: !astropy.units.Unit {unit: '%'}
#       value: !astropy.table.SerializedColumn {name: efficiency}
#     wavelength:
#       __class__: astropy.units.quantity.Quantity
#       unit: !astropy.units.Unit {unit: nm}
#       value: !astropy.table.SerializedColumn {name: wavelength}
# schema: astropy-2.0
wavelength efficiency
[from data line 580]
875.0 0.0026170650016865693
876.0 0.0024637636670377105
877.0 0.002608396425785031
878.0 0.0027530295483302325
879.0 0.0027284489988232963
880.0 0.0027038688131142408
881.0 0.0027519332434167154
882.0 0.0027999978556181304
883.0 0.002721857345022727
884.0 0.0026437164706294425
885.0 0.0026905756385531276
886.0 0.002737434442678932
887.0 0.0025748471671249717
888.0 0.002412259709672071
889.0 0.00263757992797764
890.0 0.002862899964384269
891.0 0.002960585698019713
892.0 0.003058271249756217
893.0 0.0031147010304266587
894.0 0.0031711304472992197
895.0 0.0032096657378133386
896.0 0.0032482013921253383
897.0 0.003284761987742968
898.0 0.0033213225833605975
899.0 0.0032819352782098576
900.0 0.0032425483368569985
901.0 0.003722303154063411
902.0 0.004202058335067704
903.0 0.004465183519641869
904.0 0.004728309068013914
905.0 0.00473602740385104
906.0 0.004743745375890285
907.0 0.004974674084223807
908.0 0.005205602792557329
909.0 0.005294047150528058
910.0 0.005382491872296669
911.0 0.0053767165809404105
912.0 0.005370940925786272
913.0 0.005344636520021595
914.0 0.005318331750459038
915.0 0.004901757347397506
916.0 0.004485182944335975
917.0 0.004445849117473699
918.0 0.0044065152906114236
919.0 0.0044937056372873485
920.0 0.0045808959839632735
921.0 0.004734233516501263
922.0 0.004887571049039252
923.0 0.005023057747166604
924.0 0.005158544809091836
925.0 0.0054668027587467805
926.0 0.005775060708401725
927.0 0.006099091115174815
928.0 0.006423120794352144
929.0 0.006722336547682062
930.0 0.007021553756203502
931.0 0.007044223457342014
932.0 0.007066894613672048
933.0 0.00739321912988089
934.0 0.007719542918493971
935.0 0.007639209070475772
936.0 0.007558875950053334
937.0 0.0070680704084225
938.0 0.006577266321983188
939.0 0.006559734902111813
940.0 0.006542202754644677
941.0 0.005924972356297076
942.0 0.005307742321747355
943.0 0.004659670594264753
944.0 0.0040115985029842705
945.0 0.0035020424547838047
946.0 0.0029924862246843986
947.0 0.002535210660425946
948.0 0.002077934732369613
949.0 0.0017597396436030976
950.0 0.0014415447367355227
951.0 0.0015835827070986852
952.0 0.0017256206774618477
953.0 0.0017967671738006175
954.0 0.0018679136701393872
955.0 0.0019782333765760995
956.0 0.0020885529011138715
957.0 0.0021229827325441875
958.0 0.0021574127458734438
959.0 0.0024107872377499007
960.0 0.0026641617296263576
961.0 0.0032758798624854535
962.0 0.0038875976315466687
963.0 0.003937507426599041
964.0 0.003987417585449293
965.0 0.004341613384895027
966.0 0.004695808820542879
967.0 0.00458939430245664
968.0 0.004482980148168281
969.0 0.004636145604308695
970.0 0.0047893110604491085
971.0 0.0047216373786795884
972.0 0.004653963696910068
973.0 0.004532912862487137
974.0 0.0044118616642663255
975.0 0.0044420947233447805
976.0 0.004472328146221116
977.0 0.003843928425339982
978.0 0.003215528340660967
979.0 0.0031464805942960083
980.0 0.003077432484133169
981.0 0.0028007016226183623
982.0 0.002523970579204615
983.0 0.0024939601644291542
984.0 0.002463950113451574
985.0 0.0027393814889364876
986.0 0.0030148130463203415
987.0 0.0032732314139138907
988.0 0.00353164978150744
989.0 0.004087830529897474
990.0 0.004644011278287508
991.0 0.0050212518544867635
992.0 0.005398493158281781
993.0 0.005898626841371879
994.0 0.006398760888259858
995.0 0.006535746797453612
996.0 0.006672732706647366
997.0 0.00649633802822791
998.0 0.006319942622212693
999.0 0.006246419798117131
1000.0 0.00617289770161733
1001.0 0.006164718797663227
1002.0 0.006156539166113362
1003.0 0.005845204213983379
1004.0 0.005533869261853397
1005.0 0.005487828457262367
1006.0 0.0054417883802670985
1007.0 0.005124621748109348
1008.0 0.004807455843547359
1009.0 0.004475461173569784
1010.0 0.0041434672311879694
1011.0 0.004020491905976087
1012.0 0.0038975165807642043
1013.0 0.003269406079198234
1014.0 0.002641295395733323
1015.0 0.0022903643184690736
1016.0 0.0019394334231037647
1017.0 0.0017553158613736741
1018.0 0.0015711982996435836
1019.0 0.0014781382560613565
1020.0 0.0013850781215296593
1021.0 0.001366706237604376
1022.0 0.001348334535578033
1023.0 0.0012813711691705976
1024.0 0.0012144078027631622
1025.0 0.0012768428859999403
1026.0 0.0013392783330345992
1027.0 0.0012800934200640768
1028.0 0.0012209084161440842
1029.0 0.001453052755095996
1030.0 0.001685197275946848
1031.0 0.0017583208318683319
1032.0 0.0018314447515876964
1033.0 0.00169544782693265
1034.0 0.0015594507203786634
1035.0 0.0016020578186726198
1036.0 0.0016446645531686954
1037.0 0.0018522187019698322
1038.0 0.0020597726688720286
1039.0 0.0018302627722732723
1040.0 0.0016007532394723967
1041.0 0.001550037632114254
1042.0 0.0014993220247561112
1043.0 0.001420276839780854
1044.0 0.0013412314729066566
1045.0 0.0015295181583496742
1046.0 0.0017178046618937515
1047.0 0.0021479283532244153
1048.0 0.002578052044555079
1049.0 0.0021754151021013968
1050.0 0.001772777977748774
1051.0 0.0016044292351580225
1052.0 0.0014360803106683306
1053.0 0.0013064672202744987
1054.0 0.001176854311779607
1055.0 0.0012199606317153666
1056.0 0.001263066860701656
1057.0 0.0009075598427443765
1058.0 0.0005520529612113023
1059.0 0.0011127408470201772
1060.0 0.0016734289602027275
1061.0 0.001511996379122138
1062.0 0.0013505638889910188
1063.0 0.0012495891496655531
1064.0 0.0011486144103400875
1065.0 0.0009077244612853974
1066.0 0.0006668344667559722
1067.0 0.000997421648207819
1068.0 0.0013280086932354607
1069.0 0.0015557183360215276
1070.0 0.0017834279788075946
1071.0 0.0019223822164349258
1072.0 0.0020613362721633166
1073.0 0.002367255547142122
1074.0 0.0026731748221209273
1075.0 0.002496411070751492
1076.0 0.0023196473193820566
1077.0 0.0028355234462651424
1078.0 0.0033513995731482282
1079.0 0.0036178560549160466
1080.0 0.003884312536683865
1081.0 0.004711397195933387
1082.0 0.005538481127587147
1083.0 0.004270068166079
1084.0 0.003001654658874031
1085.0 0.0036127399653196335
1086.0 0.004223825817462057
1087.0 0.003881924203597009
1088.0 0.003540023317327723
1089.0 0.003796991950366646
1090.0 0.004053960583405569
1091.0 0.0037147809052839875
1092.0 0.0033756015909602866
1093.0 0.003627548721851781
1094.0 0.003879496216541156
1095.0 0.0038455360481748357
1096.0 0.0038115758798085153
1097.0 0.003932273466489278
1098.0 0.0040529706893721595
1099.0 0.004635315781342797
1100.0 0.005217660509515554
