lsstCam/transmission_filter_detector/r32_s20/u_24/19700101T000000.ecsv
# %ECSV 1.0
# ---
# datatype:
# - {name: wavelength, unit: nm, datatype: float32}
# - {name: efficiency, unit: '%', datatype: float64}
# meta: !!omap
# - {MODE: DETECTOR}
# - {TYPE: transmission_filter_detector}
# - {CALIBDATE: '1970-01-01T00:00:00'}
# - {INSTRUME: LSSTCam}
# - {OBSTYPE: transmission_filter_detector}
# - {CALIBCLS: lsst.ip.isr.IntermediateFilterDetectorTransmissionCurve}
# - {SOURCE: Materion (DM-46256)}
# - {DETECTOR: 141}
# - {FILTER: u_24}
# - {CALIB_ID: 'calibDate=1970-01-01T00:00:00 filter=u_24 detector=141'}
# - {DATE: '2025-04-02T15:59:40.403244'}
# - {CALIB_CREATION_DATE: '2025-04-02'}
# - {CALIB_CREATION_TIME: '15:59:40'}
# - __serialized_columns__:
#     efficiency:
#       __class__: astropy.units.quantity.Quantity
#       unit: !astropy.units.Unit {unit: '%'}
#       value: !astropy.table.SerializedColumn {name: efficiency}
#     wavelength:
#       __class__: astropy.units.quantity.Quantity
#       unit: !astropy.units.Unit {unit: nm}
#       value: !astropy.table.SerializedColumn {name: wavelength}
# schema: astropy-2.0
wavelength efficiency
295.0 1.5892945596715502e-10
296.0 1.5892945596715502e-10
297.0 1.5892945596715502e-10
298.0 1.5892945596715502e-10
299.0 0.19216822693124413
300.0 1.5892945596715502e-10
301.0 1.5892945596715502e-10
302.0 0.15778080560266972
303.0 0.19018983002752066
304.0 0.12281194794923067
305.0 0.732916546985507
306.0 1.48261534050107
307.0 2.778960019350052
308.0 4.749010503292084
309.0 7.772801071405411
310.0 11.126764863729477
311.0 14.791606366634369
312.0 18.60274076461792
313.0 21.86887264251709
314.0 24.874800443649292
315.0 27.436083555221558
316.0 29.465588927268982
317.0 31.991472840309143
318.0 34.63149964809418
319.0 38.008126616477966
320.0 43.02561581134796
321.0 48.351702094078064
322.0 54.38845157623291
323.0 59.989356994628906
324.0 64.70904350280762
325.0 68.09822916984558
326.0 70.69699168205261
327.0 72.6788878440857
328.0 74.46794509887695
329.0 75.84187388420105
330.0 77.27501392364502
331.0 78.22975516319275
332.0 78.58529686927795
333.0 78.78925800323486
334.0 78.57909202575684
335.0 78.74569892883301
336.0 78.83678674697876
337.0 79.33912873268127
338.0 80.17659187316895
339.0 80.72746396064758
340.0 81.19308948516846
341.0 81.72751665115356
342.0 82.03150033950806
343.0 82.01372623443604
344.0 82.15383291244507
345.0 82.4886679649353
346.0 82.74487853050232
347.0 83.09558033943176
348.0 83.42757821083069
349.0 83.61321687698364
350.0 83.69926810264587
351.0 83.9137852191925
352.0 83.7561547756195
353.0 83.72904658317566
354.0 83.6803138256073
355.0 83.82192850112915
356.0 84.07537341117859
357.0 83.92164707183838
358.0 83.66480469703674
359.0 83.44059586524963
360.0 83.38086009025574
361.0 83.13100934028625
362.0 82.96949863433838
363.0 83.07971358299255
364.0 83.19278359413147
365.0 83.41140151023865
366.0 83.5824966430664
367.0 83.69916677474976
368.0 83.63108038902283
369.0 83.65959525108337
370.0 83.38013887405396
371.0 83.23884606361389
372.0 83.14330577850342
373.0 83.33149552345276
374.0 83.30780267715454
375.0 83.63260626792908
376.0 83.70277881622314
377.0 83.80656242370605
378.0 83.81720185279846
379.0 83.61881375312805
380.0 83.03230404853821
381.0 81.80449604988098
382.0 80.10978698730469
383.0 78.11307311058044
384.0 76.01412534713745
385.0 73.72215986251831
386.0 71.28540277481079
387.0 68.09326410293579
388.0 64.89123106002808
389.0 60.99420189857483
390.0 57.06802010536194
391.0 52.811115980148315
392.0 48.36811125278473
393.0 44.427886605262756
394.0 41.1080926656723
395.0 37.78461515903473
396.0 34.39071476459503
397.0 29.99914586544037
398.0 24.839742481708527
399.0 18.378247320652008
400.0 12.079944461584091
401.0 7.045125216245651
402.0 3.3419840037822723
403.0 1.1827952228486538
404.0 0.37883834447711706
405.0 0.14857504284009337
406.0 0.05938661633990705
407.0 0.05566760082729161
408.0 0.01031254869303666
409.0 1.5892945596715502e-10
410.0 1.5892945596715502e-10
411.0 1.5892945596715502e-10
412.0 1.5892945596715502e-10
413.0 1.5892945596715502e-10
414.0 1.5892945596715502e-10
415.0 1.5892945596715502e-10
416.0 1.5892945596715502e-10
417.0 1.5892945596715502e-10
418.0 1.5892945596715502e-10
419.0 1.5892945596715502e-10
420.0 1.5892945596715502e-10
421.0 1.5892945596715502e-10
422.0 1.5892945596715502e-10
423.0 1.5892945596715502e-10
424.0 1.5892945596715502e-10
425.0 1.5892945596715502e-10
426.0 1.5892945596715502e-10
427.0 1.5892945596715502e-10
428.0 1.5892945596715502e-10
429.0 1.5892945596715502e-10
430.0 1.5892945596715502e-10
431.0 1.5892945596715502e-10
432.0 1.5892945596715502e-10
433.0 1.5892945596715502e-10
434.0 1.5892945596715502e-10
435.0 1.5892945596715502e-10
436.0 1.5892945596715502e-10
437.0 1.5892945596715502e-10
438.0 1.5892945596715502e-10
439.0 1.5892945596715502e-10
440.0 1.5892945596715502e-10
441.0 1.5892945596715502e-10
442.0 1.5892945596715502e-10
443.0 1.5892945596715502e-10
444.0 1.5892945596715502e-10
445.0 1.5892945596715502e-10
446.0 1.5892945596715502e-10
447.0 1.5892945596715502e-10
448.0 1.5892945596715502e-10
449.0 1.5892945596715502e-10
450.0 1.5892945596715502e-10
451.0 1.5892945596715502e-10
452.0 1.5892945596715502e-10
453.0 1.5892945596715502e-10
454.0 1.5892945596715502e-10
455.0 1.5892945596715502e-10
456.0 1.5892945596715502e-10
457.0 0.0002693213218663004
458.0 0.0005522177161765285
459.0 0.0003193974634996266
460.0 8.657725629745983e-05
461.0 1.5892945596715502e-10
462.0 1.5892945596715502e-10
463.0 1.5892945596715502e-10
464.0 1.5892945596715502e-10
465.0 1.5892945596715502e-10
466.0 1.5892945596715502e-10
467.0 1.5892945596715502e-10
468.0 1.5892945596715502e-10
469.0 1.5892945596715502e-10
470.0 1.5892945596715502e-10
471.0 1.5892945596715502e-10
472.0 1.5892945596715502e-10
473.0 1.5892945596715502e-10
474.0 1.5892945596715502e-10
475.0 1.5892945596715502e-10
476.0 1.5892945596715502e-10
477.0 1.5892945596715502e-10
478.0 1.5892945596715502e-10
479.0 1.5892945596715502e-10
480.0 4.895163669971225e-05
481.0 0.00010797930372064002
482.0 0.00016700689684512326
483.0 3.629935747540003e-05
484.0 1.5892945596715502e-10
485.0 0.00031620782010577386
486.0 0.0007268238277902128
487.0 0.00016156417359525221
488.0 1.5892945596715502e-10
489.0 1.5892945596715502e-10
490.0 1.5892945596715502e-10
491.0 1.5892945596715502e-10
492.0 1.5892945596715502e-10
493.0 1.5892945596715502e-10
494.0 1.5892945596715502e-10
495.0 1.5892945596715502e-10
496.0 4.7959878202163964e-05
497.0 1.5892945596715502e-10
498.0 1.5892945596715502e-10
499.0 1.5892945596715502e-10
500.0 1.5892945596715502e-10
501.0 1.5892945596715502e-10
502.0 1.5892945596715502e-10
503.0 1.5892945596715502e-10
504.0 0.00012967344673597836
505.0 1.5892945596715502e-10
506.0 1.5892945596715502e-10
507.0 1.5892945596715502e-10
508.0 1.5892945596715502e-10
509.0 1.5892945596715502e-10
510.0 1.5892945596715502e-10
511.0 1.5892945596715502e-10
512.0 3.307731333279662e-05
513.0 8.336396604136098e-05
514.0 0.00013365064432946383
515.0 7.122487204469508e-05
516.0 8.799050021934818e-06
517.0 1.5892945596715502e-10
518.0 1.5892945596715502e-10
519.0 1.5892945596715502e-10
520.0 1.5892945596715502e-10
521.0 1.5892945596715502e-10
522.0 1.5892945596715502e-10
523.0 1.5892945596715502e-10
524.0 1.5892945596715502e-10
525.0 1.5892945596715502e-10
526.0 1.5892945596715502e-10
527.0 1.5892945596715502e-10
528.0 1.5892945596715502e-10
529.0 1.5892945596715502e-10
530.0 1.5892945596715502e-10
531.0 1.5892945596715502e-10
532.0 1.5892945596715502e-10
533.0 1.5892945596715502e-10
534.0 0.0003254534021834843
535.0 0.00011773247479140991
536.0 1.5892945596715502e-10
537.0 1.5892945596715502e-10
538.0 1.5892945596715502e-10
539.0 1.5892945596715502e-10
540.0 1.5892945596715502e-10
541.0 1.5892945596715502e-10
542.0 1.5892945596715502e-10
543.0 1.5892945596715502e-10
544.0 1.5892945596715502e-10
545.0 4.1063205458158336e-05
546.0 0.0001481647814216558
547.0 9.373820830660407e-05
548.0 3.931161813852668e-05
549.0 1.5892945596715502e-10
550.0 1.5892945596715502e-10
551.0 1.5892945596715502e-10
552.0 1.5892945596715502e-10
553.0 1.5892945596715502e-10
554.0 1.5892945596715502e-10
555.0 1.5892945596715502e-10
556.0 0.00012599055025930284
557.0 8.480520250486734e-05
558.0 4.3619783696158265e-05
559.0 8.236265784944408e-05
560.0 0.00012110552916055894
561.0 7.226102525237366e-05
562.0 2.341654123938497e-05
563.0 4.984055408385757e-05
564.0 7.626436513419321e-05
565.0 1.5892945596715502e-10
566.0 1.5892945596715502e-10
567.0 1.5892945596715502e-10
568.0 1.5892945596715502e-10
569.0 7.217653887892084e-05
570.0 0.00021975249637762317
571.0 0.00022955105123401154
572.0 0.00023934956061566481
573.0 0.00025247647954529384
574.0 0.00026560339847492287
575.0 0.000216074522541021
576.0 0.0001665456125010678
577.0 0.0002375818439759314
578.0 0.00030861801860737614
579.0 0.0005129212240717607
580.0 0.0007172243840614101
581.0 0.0008304544280690607
582.0 0.0009436844266019762
583.0 0.000976744013314601
584.0 0.0010098035090777557
585.0 0.0009213833436660934
586.0 0.0008329632692039013
587.0 0.0008028537195059471
588.0 0.0007727440788585227
589.0 0.0007054024081298849
590.0 0.0006380606919265119
591.0 0.0007917231414467096
592.0 0.0009453858183405828
593.0 0.0007717277185292915
594.0 0.0005980698915664107
595.0 0.0008183889804058708
596.0 0.0010387081601948012
597.0 0.0012365459951979574
598.0 0.0014343834664032329
599.0 0.0015291247109416872
600.0 0.001623865682631731
601.0 0.0018427264876663685
602.0 0.0020615871108020656
603.0 0.0020767742171301506
604.0 0.0020919613234582357
605.0 0.00203542185772676
606.0 0.0019788822100963444
607.0 0.0015478412024094723
608.0 0.00111680001282366
609.0 0.0010077859769808128
610.0 0.0008987718501884956
611.0 0.0007028449545032345
612.0 0.0005069180133432383
613.0 0.0005915717792959185
614.0 0.0006762254542991286
615.0 0.0005556537871598266
616.0 0.00043508193812158424
617.0 0.00047490880206169095
618.0 0.0005147356205270626
619.0 0.0005256878466752823
620.0 0.000536639981874032
621.0 0.0004264903509465512
622.0 0.0003163406972817029
623.0 0.00033628609799052356
624.0 0.0003562315214367118
625.0 0.0005037323262513382
626.0 0.0006512332220154349
627.0 0.0007701070899202023
628.0 0.0008889810487744398
629.0 0.0009062610843102448
630.0 0.0009235411198460497
631.0 0.0011916318726434838
632.0 0.001459722625440918
633.0 0.0019536211766535416
634.0 0.0024475197278661653
635.0 0.002606729140097741
636.0 0.0027659383704303764
637.0 0.0026379591872682795
638.0 0.0025099800041061826
639.0 0.002401198617008049
640.0 0.002292417048010975
641.0 0.002010268326557707
642.0 0.0017281197870033793
643.0 0.0012232878361828625
644.0 0.0007184559763118159
645.0 0.0003159363131999271
646.0 1.5892945596715502e-10
647.0 1.5892945596715502e-10
648.0 7.823319947419805e-05
649.0 0.00018420830656395992
650.0 0.00029018342502240557
651.0 0.0005334705747372936
652.0 0.0007767577699269168
653.0 0.0007731021469226107
654.0 0.0007694466148677748
655.0 0.001219030764332274
656.0 0.0016686150047462434
657.0 0.0020665102056227624
658.0 0.0024644054064992815
659.0 0.0027585427233134396
660.0 0.003052679676329717
661.0 0.0030017296012374572
662.0 0.002950779344246257
663.0 0.0027335701815900393
664.0 0.002516360837034881
665.0 0.002163468161597848
666.0 0.0018105754861608148
667.0 0.0016984571630018763
668.0 0.0015863388398429379
669.0 0.0012822643839172088
670.0 0.0009781898370420095
671.0 0.0007364595603576163
672.0 0.0004947291927237529
673.0 0.0005198026883590501
674.0 0.0005448763204185525
675.0 0.000698598159942776
676.0 0.0008523199539922643
677.0 0.0010150701200473122
678.0 0.0011778202861023601
679.0 0.0018037577319773845
680.0 0.002429695086902939
681.0 0.003581148848752491
682.0 0.004732602610602044
683.0 0.006133537681307644
684.0 0.0075344731158111244
685.0 0.008175639959517866
686.0 0.00881680753082037
687.0 0.008385518594877794
688.0 0.007954231114126742
689.0 0.0071843322075437754
690.0 0.006414433300960809
691.0 0.005450484968605451
692.0 0.004486536636250094
693.0 0.0035441295040072873
694.0 0.002601722371764481
695.0 0.0020504958229139447
696.0 0.001499269546911819
697.0 0.0013018810022913385
698.0 0.0011044924576708581
699.0 0.0009133924322668463
700.0 0.0007222924068628345
701.0 0.0007822334737284109
702.0 0.0008421745405939873
703.0 0.0006426931122405222
704.0 0.00044321154746285174
705.0 0.0006547525572386803
706.0 0.0008662937034387141
707.0 0.0008753198926569894
708.0 0.0008843461728247348
709.0 0.0008540913768229075
710.0 0.0008238366717705503
711.0 0.0007913638910395093
712.0 0.0007588911103084683
713.0 0.0007178232408477925
714.0 0.0006767554623365868
715.0 0.0005690082616638392
716.0 0.00046126106099109165
717.0 0.0005454092843137914
718.0 0.0006295574621617561
719.0 0.0006574833605554886
720.0 0.0006854092589492211
721.0 0.0004342810825619381
722.0 0.00018315291754333884
723.0 0.0001758478447300149
724.0 0.00016854284012879361
725.0 0.00017063063069144846
726.0 0.00017271839851673576
727.0 0.0001237944161402993
728.0 7.487029165531567e-05
729.0 5.998670076223789e-05
730.0 4.510308428962162e-05
731.0 0.00015159833992584026
732.0 0.00025809367798501626
733.0 0.000348021740137483
734.0 0.00043794980228994973
735.0 0.00048432520998176187
736.0 0.0005307005267241038
737.0 0.00041267221604357474
738.0 0.00029464390536304563
739.0 0.00036062440358364256
740.0 0.00042660499275370967
741.0 0.000843871839606436
742.0 0.0012611386409844272
743.0 0.0017705180653138086
744.0 0.0022798973077442497
745.0 0.0026549007088760845
746.0 0.0030299041100079194
747.0 0.0030628278182120994
748.0 0.0030957515264162794
749.0 0.0033521700970595703
750.0 0.003608589031500742
751.0 0.003547381129465066
752.0 0.0034861728636315092
753.0 0.0034295117075089365
754.0 0.0033728498237906024
755.0 0.003118289532721974
756.0 0.0028637292416533455
757.0 0.002554685306677129
758.0 0.0022456413717009127
759.0 0.0018690849174163304
760.0 0.0014925286450306885
761.0 0.0011588430425035767
762.0 0.0008251577128248755
763.0 0.0004945714863424655
764.0 0.0001639855099710985
765.0 0.00020674592633440625
766.0 0.0002495062972229789
767.0 0.000489639342049486
768.0 0.0007297724096133607
769.0 0.0006918110557307955
770.0 0.0006538497018482303
771.0 0.0007340582669712603
772.0 0.0008142668775690254
773.0 0.0007356061814789427
774.0 0.0006569453944393899
775.0 0.0005748898274759995
776.0 0.0004928343514620792
777.0 0.0005882668574486161
778.0 0.0006836993634351529
779.0 0.000791286765888799
780.0 0.000898874168342445
781.0 0.0010554232176218648
782.0 0.0012119721759518143
783.0 0.0010432118870085105
784.0 0.000874451689014677
785.0 0.0010932606528513134
786.0 0.0013120696166879497
787.0 0.001140314998337999
788.0 0.0009685603799880482
789.0 0.0010099685823661275
790.0 0.0010513767847442068
791.0 0.000884142082213657
792.0 0.0007169075615820475
793.0 0.0007416449534503045
794.0 0.0007663825272175018
795.0 0.00074812173807004
796.0 0.0007298609489225782
797.0 0.0005257373686617939
798.0 0.0003216138338757446
799.0 0.00030093215173110366
800.0 0.000280250606010668
801.0 0.00011646130815279321
802.0 1.5892945596715502e-10
803.0 1.5892945596715502e-10
804.0 2.238198675286185e-05
805.0 1.5892945596715502e-10
806.0 1.5892945596715502e-10
807.0 0.00012104654842914897
808.0 0.0002769371576505364
809.0 0.00020573704659909708
810.0 0.0001345368445981876
811.0 0.00019691815396072343
812.0 0.0002592994860606268
813.0 3.0710268106304284e-05
814.0 1.5892945596715502e-10
815.0 5.6303360196352514e-06
816.0 0.00020913962544000242
817.0 0.00027026148927689064
818.0 0.00033138339858851396
819.0 0.0002585568381618941
820.0 0.0001857302663665905
821.0 2.8564591048052534e-05
822.0 1.5892945596715502e-10
823.0 1.5892945596715502e-10
824.0 2.880954070860753e-05
825.0 0.0001199105440718995
826.0 0.00021101152469782392
827.0 8.267292059827014e-05
828.0 1.5892945596715502e-10
829.0 1.5892945596715502e-10
830.0 1.5892945596715502e-10
831.0 1.5892945596715502e-10
832.0 1.5892945596715502e-10
833.0 1.5892945596715502e-10
834.0 0.0002616502570162993
835.0 0.00011608365184656577
836.0 1.5892945596715502e-10
837.0 3.808760311585502e-05
838.0 0.00010565813681751024
839.0 1.5892945596715502e-10
840.0 1.5892945596715502e-10
841.0 1.5892945596715502e-10
842.0 1.5892945596715502e-10
843.0 1.5892945596715502e-10
844.0 1.5892945596715502e-10
845.0 1.5892945596715502e-10
846.0 0.00010040610050054966
847.0 5.251929451333126e-05
848.0 4.632570593798846e-06
849.0 7.710279419370636e-05
850.0 0.00014957306575524854
851.0 3.102837524693314e-05
852.0 1.5892945596715502e-10
853.0 1.5892945596715502e-10
854.0 1.5892945596715502e-10
855.0 0.00014639541632277542
856.0 0.00030887051707395585
857.0 0.00039250930967682507
858.0 0.00047614812501706183
859.0 0.0005170693839318119
860.0 0.0005579905973718269
861.0 0.0007038218882371439
862.0 0.0008496532245771959
863.0 0.0010926466529781464
864.0 0.0013356402632780373
865.0 0.0010953910532407463
866.0 0.0008551418432034552
867.0 0.0012314900232013315
868.0 0.001607837839401327
869.0 0.0016343539755325764
870.0 0.0016608699297648855
871.0 0.0017430047591915354
872.0 0.0018251397705171257
873.0 0.002297753053426277
