lsstCam/transmission_filter_detector/r34_s21/g_6/19700101T000000.ecsv
# %ECSV 1.0
# ---
# datatype:
# - {name: wavelength, unit: nm, datatype: float32}
# - {name: efficiency, unit: '%', datatype: float64}
# meta: !!omap
# - {MODE: DETECTOR}
# - {TYPE: transmission_filter_detector}
# - {CALIBDATE: '1970-01-01T00:00:00'}
# - {INSTRUME: LSSTCam}
# - {OBSTYPE: transmission_filter_detector}
# - {CALIBCLS: lsst.ip.isr.IntermediateFilterDetectorTransmissionCurve}
# - {SOURCE: Materion (DM-46256)}
# - {DETECTOR: 160}
# - {FILTER: g_6}
# - {CALIB_ID: 'calibDate=1970-01-01T00:00:00 filter=g_6 detector=160'}
# - {DATE: '2025-04-02T15:59:42.767920'}
# - {CALIB_CREATION_DATE: '2025-04-02'}
# - {CALIB_CREATION_TIME: '15:59:42'}
# - __serialized_columns__:
#     efficiency:
#       __class__: astropy.units.quantity.Quantity
#       unit: !astropy.units.Unit {unit: '%'}
#       value: !astropy.table.SerializedColumn {name: efficiency}
#     wavelength:
#       __class__: astropy.units.quantity.Quantity
#       unit: !astropy.units.Unit {unit: nm}
#       value: !astropy.table.SerializedColumn {name: wavelength}
# schema: astropy-2.0
wavelength efficiency
[from data line 608]
908.0 0.00035832363209920004
909.0 0.00042334431782364845
910.0 0.00039030692278174683
911.0 0.0003572695277398452
912.0 0.0003986141109635355
913.0 0.00043995873966196086
914.0 0.00039496831050200853
915.0 0.00034997794955415884
916.0 0.0003284650802015676
917.0 0.00030695223358634394
918.0 0.0002425766751912306
919.0 0.00017820113953348482
920.0 0.00028588306122401264
921.0 0.000393565005651908
922.0 0.0003575803930289112
923.0 0.0003215957804059144
924.0 0.0003524003659549635
925.0 0.00038320495150401257
926.0 0.0003537561497068964
927.0 0.00032430737064714776
928.0 0.0004322622771724127
929.0 0.0005402172973845154
930.0 0.0004794527285412187
931.0 0.0004186883415968623
932.0 0.00044116191020293627
933.0 0.0004636355242837453
934.0 0.0005319126103131566
935.0 0.000600189741817303
936.0 0.0006028441930538975
937.0 0.000605498689765227
938.0 0.0006059029601601651
939.0 0.0006063072760298382
940.0 0.0006213071173988283
941.0 0.0006363069132930832
942.0 0.0006836191005277215
943.0 0.0007309312877623597
944.0 0.0006455731181631563
945.0 0.0005602148121397477
946.0 0.0006243445113796042
947.0 0.0006884742106194608
948.0 0.0006321149612631416
949.0 0.0005757557119068224
950.0 0.0005951307684881613
951.0 0.0006145058250695001
952.0 0.0007778304279781878
953.0 0.0009411552127858158
954.0 0.0009144663636106998
955.0 0.0008877776053850539
956.0 0.0007049581199680688
957.0 0.0005221387255005538
958.0 0.0005670614427799592
959.0 0.0006119840691098943
960.0 0.0006931459665793227
961.0 0.0007743079549982212
962.0 0.0007555655429314356
963.0 0.0007368230399151798
964.0 0.0005964350293652387
965.0 0.00045604697334056254
966.0 0.0004962109414918814
967.0 0.0005363750005926704
968.0 0.0005504802174982615
969.0 0.0005645854798785876
970.0 0.0006278159162320662
971.0 0.0006910463980602799
972.0 0.0006833098268543836
973.0 0.0006755732556484872
974.0 0.0007134525731089525
975.0 0.0007513319360441528
976.0 0.0007871301932027563
977.0 0.00082292854131083
978.0 0.0008878781045495998
979.0 0.0009528277587378398
980.0 0.0008979873200587463
981.0 0.0008431469723291229
982.0 0.0009172778845822904
983.0 0.0009914086149365176
984.0 0.00113010701170424
985.0 0.0012688055903709028
986.0 0.0013077615221845917
987.0 0.0013467175449477509
988.0 0.001362387411063537
989.0 0.001378057186229853
990.0 0.0014331684724311344
991.0 0.001488279849581886
992.0 0.001530119334347546
993.0 0.0015719586372142658
994.0 0.001629857433727011
995.0 0.0016877562302397564
996.0 0.001589711791893933
997.0 0.0014916673535481095
998.0 0.0014225403901946265
999.0 0.0013534135177906137
1000.0 0.0013287071851664223
1001.0 0.0013040008525422309
1002.0 0.0013270719136926346
1003.0 0.001350142883893568
1004.0 0.0013381950338953175
1005.0 0.0013262471838970669
1006.0 0.0012182033970020711
1007.0 0.0011101597010565456
1008.0 0.0011650908163574059
1009.0 0.001220021840708796
1010.0 0.0013505300557881128
1011.0 0.0014810385437158402
1012.0 0.0015423236618516967
1013.0 0.001603608689038083
1014.0 0.0018078484572470188
1015.0 0.0020120882254559547
1016.0 0.002014079836953897
1017.0 0.0020160714484518394
1018.0 0.0022348591301124543
1019.0 0.00245364717557095
1020.0 0.0026511946998653
1021.0 0.002848742587957531
1022.0 0.0030955288821132854
1023.0 0.0033423155400669202
1024.0 0.003465494592092
1025.0 0.0035886740079149604
1026.0 0.003809580812230706
1027.0 0.004030487616546452
1028.0 0.004050889037898742
1029.0 0.004071290459251031
1030.0 0.004267087206244469
1031.0 0.004462883953237906
1032.0 0.004564734626910649
1033.0 0.004666586028179154
1034.0 0.004805734351975843
1035.0 0.004944883403368294
1036.0 0.005155949838808738
1037.0 0.005367016274249181
1038.0 0.005441625398816541
1039.0 0.00551623415958602
1040.0 0.005745138332713395
1041.0 0.005974042505840771
1042.0 0.006026183473295532
1043.0 0.006078324804548174
1044.0 0.0063560531998518854
1045.0 0.006633782322751358
1046.0 0.007018765609245747
1047.0 0.007403749623335898
1048.0 0.00826232135295868
1049.0 0.009120893810177222
1050.0 0.010338409629184753
1051.0 0.01155592399300076
1052.0 0.01361468603136018
1053.0 0.015673447342123836
1054.0 0.01872781285783276
1055.0 0.021782178373541683
1056.0 0.02624690532684326
1057.0 0.030711627914570272
1058.0 0.03670901933219284
1059.0 0.04270640492904931
1060.0 0.05045011639595032
1061.0 0.05819383077323437
1062.0 0.06616270402446389
1063.0 0.07413157145492733
1064.0 0.0822838512249291
1065.0 0.09043614263646305
1066.0 0.09707542485557497
1067.0 0.10371471289545298
1068.0 0.11024511186406016
1069.0 0.11677552247419953
1070.0 0.1254781149327755
1071.0 0.13418073067441583
1072.0 0.14459167141467333
1073.0 0.1550026354379952
1074.0 0.1677163760177791
1075.0 0.18043010495603085
1076.0 0.19262988353148103
1077.0 0.20482968538999557
1078.0 0.21536389831453562
1079.0 0.22589813452214003
1080.0 0.23844693787395954
1081.0 0.2509956946596503
1082.0 0.26518364902585745
1083.0 0.27937160339206457
1084.0 0.3022950841113925
1085.0 0.3252185182645917
1086.0 0.35998637322336435
1087.0 0.39475420489907265
1088.0 0.4328263457864523
1089.0 0.47089848667383194
1090.0 0.5248505622148514
1091.0 0.5788026843219995
1092.0 0.6647400557994843
1093.0 0.7506776601076126
1094.0 0.8125163614749908
1095.0 0.8743551559746265
1096.0 0.9132887236773968
1097.0 0.9522221051156521
1098.0 1.0143271647393703
1099.0 1.076432317495346
1100.0 1.169982273131609
1101.0 1.2635323219001293
