lsstCam/transmission_filter_detector/r34_s21/g_6/19700101T000000.ecsv
# %ECSV 1.0
# ---
# datatype:
# - {name: wavelength, unit: nm, datatype: float32}
# - {name: efficiency, unit: '%', datatype: float64}
# meta: !!omap
# - {MODE: DETECTOR}
# - {TYPE: transmission_filter_detector}
# - {CALIBDATE: '1970-01-01T00:00:00'}
# - {INSTRUME: LSSTCam}
# - {OBSTYPE: transmission_filter_detector}
# - {CALIBCLS: lsst.ip.isr.IntermediateFilterDetectorTransmissionCurve}
# - {SOURCE: Materion (DM-46256)}
# - {DETECTOR: 160}
# - {FILTER: g_6}
# - {CALIB_ID: 'calibDate=1970-01-01T00:00:00 filter=g_6 detector=160'}
# - {DATE: '2025-04-02T15:59:42.767920'}
# - {CALIB_CREATION_DATE: '2025-04-02'}
# - {CALIB_CREATION_TIME: '15:59:42'}
# - __serialized_columns__:
#     efficiency:
#       __class__: astropy.units.quantity.Quantity
#       unit: !astropy.units.Unit {unit: '%'}
#       value: !astropy.table.SerializedColumn {name: efficiency}
#     wavelength:
#       __class__: astropy.units.quantity.Quantity
#       unit: !astropy.units.Unit {unit: nm}
#       value: !astropy.table.SerializedColumn {name: wavelength}
# schema: astropy-2.0
wavelength efficiency
300.0 0.34886335488408804
301.0 0.3014137502759695
302.0 0.2539641223847866
303.0 0.23677076678723097
304.0 0.21957745775580406
305.0 0.21662830840796232
306.0 0.21367915906012058
307.0 0.2068710746243596
308.0 0.2000629436224699
309.0 0.1954968785867095
310.0 0.19093077862635255
311.0 0.19049083348363638
312.0 0.1900508883409202
313.0 0.18915997352451086
314.0 0.1882690587081015
315.0 0.18285602563992143
316.0 0.1774430158548057
317.0 0.17309943214058876
318.0 0.1687558484263718
319.0 0.15813098289072514
320.0 0.14750610571354628
321.0 0.13684899313375354
322.0 0.12619189219549298
323.0 0.1140496926382184
324.0 0.10190748143941164
325.0 0.09141428745351732
326.0 0.0809210876468569
327.0 0.0733964319806546
328.0 0.06587178213521838
329.0 0.06263174582272768
330.0 0.05939170951023698
331.0 0.05435326602309942
332.0 0.049314822535961866
333.0 0.04699819255620241
334.0 0.04468156257644296
335.0 0.043183338129892945
336.0 0.041685119504109025
337.0 0.041053895256482065
338.0 0.040422671008855104
339.0 0.03958203596994281
340.0 0.038741398020647466
341.0 0.03737990336958319
342.0 0.03601841162890196
343.0 0.032696480047889054
344.0 0.029374551377259195
345.0 0.026086115394718945
346.0 0.022797685232944787
347.0 0.02073346549877897
348.0 0.01866925013018772
349.0 0.01738234714139253
350.0 0.615233788266778
351.0 0.874702911823988
352.0 0.7696021348237991
353.0 1.1516030877828598
354.0 0.5610418971627951
355.0 0.8119368925690651
356.0 0.755320256575942
357.0 0.8278853259980679
358.0 0.5487130954861641
359.0 0.8414723910391331
360.0 0.5006491672247648
361.0 0.7249217014759779
362.0 0.510249799117446
363.0 0.7442409638315439
364.0 0.4571179859340191
365.0 0.717510562390089
366.0 0.44982582330703735
367.0 0.6724560633301735
368.0 0.3992968238890171
369.0 0.6286631338298321
370.0 0.3274928079918027
371.0 0.5997919477522373
372.0 0.4255285020917654
373.0 0.5204255226999521
374.0 0.3919697366654873
375.0 0.5883777979761362
376.0 0.3788094501942396
377.0 0.5958544556051493
378.0 0.4122590646147728
379.0 0.5835558753460646
380.0 0.42697261087596416
381.0 0.4630106035619974
382.0 0.5220646038651466
383.0 0.5565098486840725
384.0 0.552956759929657
385.0 0.6363455206155777
386.0 0.6467768922448158
387.0 0.8222661912441254
388.0 0.9993825107812881
389.0 1.4438450336456299
390.0 2.082880027592182
391.0 3.317878022789955
392.0 5.255192518234253
393.0 8.208314329385757
394.0 12.377990037202835
395.0 17.74224489927292
396.0 24.31621551513672
397.0 32.34471380710602
398.0 41.514524817466736
399.0 51.13244652748108
400.0 60.45612096786499
401.0 68.96098256111145
402.0 76.57094597816467
403.0 82.52595663070679
404.0 86.67314052581787
405.0 89.73167538642883
406.0 91.33732914924622
407.0 92.56965517997742
408.0 93.23412775993347
409.0 93.48136782646179
410.0 93.52850317955017
411.0 93.39146614074707
412.0 93.036550283432
413.0 92.81739592552185
414.0 92.70493388175964
415.0 92.93493032455444
416.0 93.46396327018738
417.0 93.8031554222107
418.0 94.40084099769592
419.0 94.89180445671082
420.0 95.34040093421936
421.0 95.87289690971375
422.0 95.95747590065002
423.0 96.0761547088623
424.0 95.76163291931152
425.0 95.67039012908936
426.0 95.62133550643921
427.0 95.65196633338928
428.0 95.48661708831787
429.0 95.36743760108948
430.0 95.32724618911743
431.0 95.40686011314392
432.0 95.4287588596344
433.0 95.53549289703369
434.0 95.5717384815216
435.0 95.68288922309875
436.0 95.72493433952332
437.0 95.74383497238159
438.0 95.85665464401245
439.0 95.91233134269714
440.0 95.96102833747864
441.0 96.06121182441711
442.0 95.94788551330566
443.0 95.89954018592834
444.0 95.80588340759277
445.0 95.51190137863159
446.0 95.39703726768494
447.0 95.28071880340576
448.0 95.36590576171875
449.0 95.63753008842468
450.0 95.94630002975464
451.0 96.09370827674866
452.0 96.28693461418152
453.0 96.34866118431091
454.0 96.41931056976318
455.0 96.62696123123169
456.0 96.78057432174683
457.0 96.88369631767273
458.0 96.93595170974731
459.0 96.94879055023193
460.0 96.88425660133362
461.0 96.95210456848145
462.0 96.88244462013245
463.0 96.80038690567017
464.0 96.88566327095032
465.0 96.77983522415161
466.0 96.78475260734558
467.0 96.77773118019104
468.0 96.79257869720459
469.0 96.83459401130676
470.0 96.67603969573975
471.0 96.51572704315186
472.0 96.59526944160461
473.0 96.50685787200928
474.0 96.46177887916565
475.0 96.565842628479
476.0 96.59022092819214
477.0 96.65714502334595
478.0 96.77934646606445
479.0 96.76976799964905
480.0 96.99113368988037
481.0 97.05935716629028
482.0 97.2261905670166
483.0 97.10944294929504
484.0 97.2893238067627
485.0 97.28769659996033
486.0 97.35352993011475
487.0 97.33585715293884
488.0 97.31962084770203
489.0 97.48093485832214
490.0 97.413569688797
491.0 97.51498103141785
492.0 97.45067358016968
493.0 97.45745062828064
494.0 97.44433760643005
495.0 97.46947288513184
496.0 97.31398224830627
497.0 97.26764559745789
498.0 97.02397584915161
499.0 97.06125855445862
500.0 97.02553749084473
501.0 97.03956246376038
502.0 96.98145985603333
503.0 97.15943932533264
504.0 96.97462320327759
505.0 96.99476957321167
506.0 96.97182178497314
507.0 96.95488214492798
508.0 96.93737626075745
509.0 96.92822694778442
510.0 96.90449833869934
511.0 96.88249826431274
512.0 96.83252573013306
513.0 96.89832925796509
514.0 96.8829870223999
515.0 96.94185853004456
516.0 97.03385829925537
517.0 97.04503417015076
518.0 97.10555672645569
519.0 97.10332751274109
520.0 97.12045788764954
521.0 97.16980457305908
522.0 97.17790484428406
523.0 97.12461233139038
524.0 97.1849799156189
525.0 97.119140625
526.0 97.16156125068665
527.0 97.13469743728638
528.0 97.26580381393433
529.0 97.32602834701538
530.0 97.32215404510498
531.0 97.45148420333862
532.0 97.31022119522095
533.0 97.26412892341614
534.0 97.2055435180664
535.0 96.87103629112244
536.0 96.3139533996582
537.0 95.53086161613464
538.0 94.38385367393494
539.0 92.52446293830872
540.0 90.2782142162323
541.0 87.01971769332886
542.0 83.64691138267517
543.0 79.3782114982605
544.0 74.34234619140625
545.0 69.9951171875
546.0 65.08870720863342
547.0 60.82413196563721
548.0 56.781554222106934
549.0 53.40911149978638
550.0 50.78043341636658
551.0 48.17047417163849
552.0 45.86903154850006
553.0 43.10566186904907
554.0 39.55746591091156
555.0 35.56158244609833
556.0 30.46565055847168
557.0 24.96345490217209
558.0 19.47733908891678
559.0 14.446237683296204
560.0 10.06942093372345
561.0 6.332715600728989
562.0 3.782831132411957
563.0 2.063203416764736
564.0 1.07936542481184
565.0 0.5046253092586994
566.0 0.2781892893835902
567.0 0.1473018084652722
568.0 0.09946912759914994
569.0 0.07049640989862382
570.0 0.06353604258038104
571.0 0.040832560625858605
572.0 0.04689754860009998
573.0 0.02843939873855561
574.0 0.034329277696087956
575.0 0.02745666424743831
576.0 0.03449645882938057
577.0 0.02346271794522181
578.0 0.03033140383195132
579.0 0.02257102751173079
580.0 0.025460889446549118
581.0 0.023588472686242312
582.0 0.020528605091385543
583.0 0.0206830445677042
584.0 0.02596340491436422
585.0 0.01756942510837689
586.0 0.018833987996913493
587.0 0.01103485410567373
588.0 0.013258379476610571
589.0 0.004102250386495143
590.0 0.01105025366996415
591.0 0.0044877288019051775
592.0 0.003978513632318936
593.0 0.005369328209781088
594.0 0.011308558896416798
595.0 0.007048343104543164
596.0 0.016596747445873916
597.0 0.013600556121673435
598.0 0.014661555178463459
599.0 1.7088758793443182e-10
600.0 0.011837030615424737
601.0 0.0019884055291186087
602.0 0.0020176632460788824
603.0 0.0020469207811402157
604.0 0.0020320809198892675
605.0 0.0020172406948404387
606.0 0.0019212724509998225
607.0 0.0018253038433613256
608.0 0.0018065684344037436
609.0 0.0017878328435472213
610.0 0.0018352246115682647
611.0 0.0018826161976903677
612.0 0.00181299437826965
613.0 0.0017433727407478727
614.0 0.0017764470612746663
615.0 0.00180952138180146
616.0 0.0017120957636507228
617.0 0.001614670327398926
618.0 0.0015522227840847336
619.0 0.0014897753317200113
620.0 0.001442195389245171
621.0 0.0013946153558208607
622.0 0.0014679420019092504
623.0 0.0015412684660986997
624.0 0.0016127076378325
625.0 0.0016841469914652407
626.0 0.0015118066585273482
627.0 0.0013394664165389258
628.0 0.0013842220141668804
629.0 0.0014289775208453648
630.0 0.0014352728612720966
631.0 0.0014415682926482987
632.0 0.0013625026440422516
633.0 0.0012834370863856748
634.0 0.0013037830285611562
635.0 0.0013241290616861079
636.0 0.0012944222362420987
637.0 0.001264715137949679
638.0 0.0012165784937678836
639.0 0.001168441758636618
640.0 0.0012237593182362616
641.0 0.0012790770597348455
642.0 0.0011977705071331002
643.0 0.0011164641364302952
644.0 0.0011510494914546143
645.0 0.0011856353012262844
646.0 0.0011535858902789187
647.0 0.0011215362974326126
648.0 0.0011636444469331764
649.0 0.0012057524145347998
650.0 0.0011675792848109268
651.0 0.0011294060641375836
652.0 0.001165096000477206
653.0 0.0012007859368168283
654.0 0.0012159147445345297
655.0 0.001231043461302761
656.0 0.0011356906725268345
657.0 0.001040337883750908
658.0 0.0010474701412022114
659.0 0.0010546023077040445
660.0 0.0010374183148087468
661.0 0.001020234230963979
662.0 0.0011082855053246021
663.0 0.0011963368706346955
664.0 0.0011767167052312288
665.0 0.0011570965398277622
666.0 0.0011926957085961476
667.0 0.0012282947864150628
668.0 0.0012178027645859402
669.0 0.001207310469908407
670.0 0.0012100268577341922
671.0 0.0012127434274589177
672.0 0.0010616786312311888
673.0 0.0009106140169024002
674.0 0.0009725524250825401
675.0 0.0010344906513637397
676.0 0.001008992148854304
677.0 0.000983493373496458
678.0 0.0010173899681831244
679.0 0.0010512863809708506
680.0 0.0010509748790354934
681.0 0.0010506634680496063
682.0 0.001097276162909111
683.0 0.0011438892215664964
684.0 0.0009875619980448391
685.0 0.0008312346835737117
686.0 0.0008614115358795971
687.0 0.0008915883881854825
688.0 0.0009404476259078365
689.0 0.0009893067726807203
690.0 0.0010361703971284442
691.0 0.001083034021576168
692.0 0.001073516523319995
693.0 0.001063999025063822
694.0 0.0010153735274798237
695.0 0.0009667479389463551
696.0 0.0010492168257769663
697.0 0.0011316856216581073
698.0 0.0011556275239854585
699.0 0.00117956951726228
700.0 0.0011854701369884424
701.0 0.0011913705748156644
702.0 0.001122105913964333
703.0 0.0010528411621635314
704.0 0.0011004769476130605
705.0 0.0011481127330625895
706.0 0.001151098058471689
707.0 0.001154083201981848
708.0 0.001157799761131173
709.0 0.001161516320280498
710.0 0.0011885496860486455
711.0 0.0012155828699178528
712.0 0.001221833736053668
713.0 0.0012280846021894831
714.0 0.0013231163393356837
715.0 0.0014181482583808247
716.0 0.0014576478861272335
717.0 0.0014971479686209932
718.0 0.0015477598935831338
719.0 0.0015983720004442148
720.0 0.0014046217074792366
721.0 0.0012108710507163778
722.0 0.0013669260624737944
723.0 0.001522981074231211
724.0 0.001527827771496959
725.0 0.0015326742868637666
726.0 0.0015743733456474729
727.0 0.0016160724044311792
728.0 0.00157790127559565
729.0 0.0015397305105580017
730.0 0.001689056989562232
731.0 0.0018383836504654028
732.0 0.001721187618386466
733.0 0.0016039917682064697
734.0 0.0015237784282362554
735.0 0.0014435650882660411
736.0 0.0012101984793844167
737.0 0.0009768319614522625
738.0 0.0009915817827277351
739.0 0.0010063314221042674
740.0 0.0010297052540408913
741.0 0.0010530790859775152
742.0 0.0009753838639880996
743.0 0.0008976887329481542
744.0 0.0009028430213220417
745.0 0.0009079974006453995
746.0 0.0008740281373320613
747.0 0.0008400590559176635
748.0 0.0008556561624573078
749.0 0.0008712531780474819
750.0 0.0009483622307016049
751.0 0.0010254711924062576
752.0 0.0009958891496353317
753.0 0.0009663069249654654
754.0 0.0008427803550148383
755.0 0.0007192534212663304
756.0 0.0007393894520646427
757.0 0.00075952552833769
758.0 0.0008637513928988483
759.0 0.000967977484833682
760.0 0.0009129440513788722
761.0 0.0008579106179240625
762.0 0.000780222580942791
763.0 0.0007025343165878439
764.0 0.0005893382876820397
765.0 0.00047614244067517575
766.0 0.0005256092208583141
767.0 0.0005750760465161875
768.0 0.000599433087700163
769.0 0.0006237902198336087
770.0 0.0005920022431382677
771.0 0.0005602145392913371
772.0 0.0006069208211556543
773.0 0.0006536270120705012
774.0 0.0005761679858551361
775.0 0.0004987088686903007
776.0 0.0005486655936692841
777.0 0.0005986221367493272
778.0 0.0005890658030693885
779.0 0.0005795095148641849
780.0 0.0007048355655570049
781.0 0.00083016166172456
782.0 0.0006216032033989904
783.0 0.00041304469959868584
784.0 0.00036830970202572644
785.0 0.0003235746817153995
786.0 0.0004164105575910071
787.0 0.0005092465016787173
788.0 0.0005025497102906229
789.0 0.0004958529189025285
790.0 0.00035786231364909327
791.0 0.00021987184481986333
792.0 0.0003152600811517914
793.0 0.00041064831748371944
794.0 0.00028067411221854854
795.0 0.00015069987284732633
796.0 0.00025064496185223106
797.0 0.0003505900849631871
798.0 0.00036320616345619783
799.0 0.00037582224194920855
800.0 0.0004167541646893369
801.0 0.0004576861556415679
802.0 0.00044242406147532165
803.0 0.0004271619218343403
804.0 0.0004125069153815275
805.0 0.0003978518179792445
806.0 0.0004164214260526933
807.0 0.00043499103412614204
808.0 0.00046361010390683077
809.0 0.0004922292191622546
810.0 0.0003903616288880585
811.0 0.0002884940158764948
812.0 0.00028823124011978507
813.0 0.0002879684416257078
814.0 0.00030294168027467094
815.0 0.0003179149189236341
816.0 0.0004154351699980907
817.0 0.0005129555120220175
818.0 0.000429194733442273
819.0 0.0003454340685493662
820.0 0.00033713818083924707
821.0 0.00032884236134123057
822.0 0.0004092562448931858
823.0 0.0004896701739198761
824.0 0.0004782858923135791
825.0 0.0004669016561820172
826.0 0.0004980829544365406
827.0 0.0005292642981657991
828.0 0.00048790202527015936
829.0 0.0004465397068997845
830.0 0.00031741487873659935
831.0 0.0001882900505734142
832.0 0.0002725071226450382
833.0 0.00035672419471666217
834.0 0.0003954551630158676
835.0 0.0004341860403656028
836.0 0.00040507120502297767
837.0 0.00037595634694298496
838.0 0.00041025737118616235
839.0 0.0004445583726919722
840.0 0.00035087000469502527
841.0 0.00025718163669807836
842.0 0.00034014080938504776
843.0 0.00042310002754675224
844.0 0.0006122250852058642
845.0 0.0008013501428649761
846.0 0.0005795473953185137
847.0 0.00035774462503468385
848.0 0.00031442789349966915
849.0 0.00027111116196465446
850.0 0.00015830420352358487
851.0 4.549725360902812e-05
852.0 3.178679435222875e-05
853.0 1.8076306673719955e-05
854.0 7.1098384069046e-05
855.0 0.0001241204245161498
856.0 0.0002857368372133351
857.0 0.0004473532953852555
858.0 0.0004616308615368325
859.0 0.0004759084276884096
860.0 0.0004940070994052803
861.0 0.000512105725647416
862.0 0.00037088686895003775
863.0 0.000229667989515292
864.0 0.00026089664970641024
865.0 0.0002921252644227934
866.0 0.00033362562135152984
867.0 0.00037512595554289874
868.0 0.0003328856109874323
869.0 0.00029064519821986323
870.0 0.0004073408945259871
871.0 0.0005240366590442136
872.0 0.0004308933512220392
873.0 0.00033775002066249726
874.0 0.0005613508164969971
875.0 0.0007849516805435997
876.0 0.0006047602710168576
877.0 0.0004245689524395857
878.0 0.0005303164925862802
879.0 0.0006360639872582396
880.0 0.0005684732514055213
881.0 0.0005008825155528029
882.0 0.0005039824372943258
883.0 0.0005070824499853188
884.0 0.0005380920356401475
885.0 0.0005691016667697113
886.0 0.0005225505901762517
887.0 0.00047599951358279213
888.0 0.0005033597062720219
889.0 0.0005307199444359867
890.0 0.0006081756055209553
891.0 0.000685631312080659
892.0 0.0005908722414460499
893.0 0.0004961131253367057
894.0 0.00048510992201045156
895.0 0.0004741066732094623
896.0 0.000512326823809417
897.0 0.0005505470198841067
898.0 0.0005290524313750211
899.0 0.0005075577973912004
900.0 0.00037035765672044363
901.0 0.00023315747057495173
902.0 0.0004123146936763078
903.0 0.0005914718258281937
904.0 0.00046671825657540467
905.0 0.00034196468732261565
906.0 0.0003176337941113161
