lsstCam/transmission_filter_detector/r22_s00/u_24/19700101T000000.ecsv
# %ECSV 1.0
# ---
# datatype:
# - {name: wavelength, unit: nm, datatype: float32}
# - {name: efficiency, unit: '%', datatype: float64}
# meta: !!omap
# - {MODE: DETECTOR}
# - {TYPE: transmission_filter_detector}
# - {CALIBDATE: '1970-01-01T00:00:00'}
# - {INSTRUME: LSSTCam}
# - {OBSTYPE: transmission_filter_detector}
# - {CALIBCLS: lsst.ip.isr.IntermediateFilterDetectorTransmissionCurve}
# - {SOURCE: Materion (DM-46256)}
# - {DETECTOR: 90}
# - {FILTER: u_24}
# - {CALIB_ID: 'calibDate=1970-01-01T00:00:00 filter=u_24 detector=90'}
# - {DATE: '2025-04-02T15:59:40.165727'}
# - {CALIB_CREATION_DATE: '2025-04-02'}
# - {CALIB_CREATION_TIME: '15:59:40'}
# - __serialized_columns__:
#     efficiency:
#       __class__: astropy.units.quantity.Quantity
#       unit: !astropy.units.Unit {unit: '%'}
#       value: !astropy.table.SerializedColumn {name: efficiency}
#     wavelength:
#       __class__: astropy.units.quantity.Quantity
#       unit: !astropy.units.Unit {unit: nm}
#       value: !astropy.table.SerializedColumn {name: wavelength}
# schema: astropy-2.0
wavelength efficiency
295.0 1.5834059324121297e-10
296.0 1.5834059324121297e-10
297.0 1.5834059324121297e-10
298.0 0.11405127588659525
299.0 1.5834059324121297e-10
300.0 0.07206399459391832
301.0 0.07908975821919739
302.0 1.5834059324121297e-10
303.0 1.5834059324121297e-10
304.0 0.12682826491072774
305.0 0.5102769006043673
306.0 1.4820046722888947
307.0 2.479250356554985
308.0 4.509492218494415
309.0 7.239866256713867
310.0 10.206812620162964
311.0 13.401089608669281
312.0 17.278572916984558
313.0 20.451998710632324
314.0 23.717506229877472
315.0 25.970911979675293
316.0 28.035306930541992
317.0 30.488142371177673
318.0 32.865166664123535
319.0 36.216744780540466
320.0 40.86475968360901
321.0 45.89676260948181
322.0 51.76035165786743
323.0 57.25622773170471
324.0 62.12655305862427
325.0 65.83420038223267
326.0 68.35317611694336
327.0 70.32257318496704
328.0 72.20373749732971
329.0 73.6595094203949
330.0 75.14311075210571
331.0 76.07297897338867
332.0 76.62408351898193
333.0 76.80906057357788
334.0 76.68861746788025
335.0 76.74137949943542
336.0 76.90069675445557
337.0 77.34978199005127
338.0 78.20984721183777
339.0 78.73669862747192
340.0 79.2520821094513
341.0 79.83176708221436
342.0 80.14926314353943
343.0 80.03709316253662
344.0 80.12269139289856
345.0 80.42144179344177
346.0 80.77253699302673
347.0 80.98680973052979
348.0 81.37950897216797
349.0 81.54058456420898
350.0 81.59959316253662
351.0 81.77205920219421
352.0 81.65556788444519
353.0 81.5253496170044
354.0 81.52781128883362
355.0 81.69524073600769
356.0 81.81066513061523
357.0 81.79299235343933
358.0 81.52205348014832
359.0 81.29408359527588
360.0 81.28514885902405
361.0 81.20054006576538
362.0 81.06963038444519
363.0 81.23652935028076
364.0 81.28539323806763
365.0 81.41762018203735
366.0 81.5121591091156
367.0 81.45939111709595
368.0 81.30576014518738
369.0 81.15524649620056
370.0 80.86162209510803
371.0 80.62496781349182
372.0 80.54484128952026
373.0 80.65342307090759
374.0 80.68626523017883
375.0 80.90351819992065
376.0 81.02298378944397
377.0 80.99097609519958
378.0 81.06904029846191
379.0 80.82172870635986
380.0 80.18311858177185
381.0 78.97003889083862
382.0 77.30517983436584
383.0 75.38398504257202
384.0 73.24450016021729
385.0 70.92610597610474
386.0 68.5524582862854
387.0 65.4401957988739
388.0 62.3174786567688
389.0 58.60740542411804
390.0 54.8181414604187
391.0 50.74961185455322
392.0 46.340492367744446
393.0 42.560115456581116
394.0 39.301636815071106
395.0 36.1779659986496
396.0 32.99286663532257
397.0 28.97348701953888
398.0 24.185672402381897
399.0 18.153446912765503
400.0 12.085064500570297
401.0 7.13801234960556
402.0 3.4754864871501923
403.0 1.2785735540091991
404.0 0.3888954408466816
405.0 0.13119472423568368
406.0 0.06352936034090817
407.0 0.025466305669397116
408.0 0.030556766432709992
409.0 1.5834059324121297e-10
410.0 1.5834059324121297e-10
411.0 1.5834059324121297e-10
412.0 0.0057971556088887155
413.0 1.5834059324121297e-10
414.0 1.5834059324121297e-10
415.0 1.5834059324121297e-10
416.0 1.5834059324121297e-10
417.0 1.5834059324121297e-10
418.0 1.5834059324121297e-10
419.0 1.5834059324121297e-10
420.0 1.5834059324121297e-10
421.0 1.5834059324121297e-10
422.0 1.5834059324121297e-10
423.0 1.5834059324121297e-10
424.0 1.5834059324121297e-10
425.0 1.5834059324121297e-10
426.0 1.5834059324121297e-10
427.0 1.5834059324121297e-10
428.0 1.5834059324121297e-10
429.0 0.0006996328465902479
430.0 0.0016464775399072096
431.0 0.0005732169483962934
432.0 1.5834059324121297e-10
433.0 1.5834059324121297e-10
434.0 0.00034382792364340276
435.0 0.0008479414645989891
436.0 0.0013520554603019264
437.0 0.00019315680219733622
438.0 1.5834059324121297e-10
439.0 1.5834059324121297e-10
440.0 0.0004757011993206106
441.0 1.5834059324121297e-10
442.0 1.5834059324121297e-10
443.0 1.5834059324121297e-10
444.0 0.00025687772904348094
445.0 1.5834059324121297e-10
446.0 1.5834059324121297e-10
447.0 1.5834059324121297e-10
448.0 0.00012782796829924337
449.0 0.00033101568988058716
450.0 0.0005342030817701016
451.0 1.5834059324121297e-10
452.0 1.5834059324121297e-10
453.0 1.5834059324121297e-10
454.0 1.5834059324121297e-10
455.0 1.5834059324121297e-10
456.0 1.5834059324121297e-10
457.0 1.5834059324121297e-10
458.0 1.5834059324121297e-10
459.0 1.5834059324121297e-10
460.0 1.5834059324121297e-10
461.0 1.5834059324121297e-10
462.0 1.5834059324121297e-10
463.0 1.5834059324121297e-10
464.0 1.5834059324121297e-10
465.0 1.5834059324121297e-10
466.0 2.5633426048443653e-05
467.0 1.5834059324121297e-10
468.0 1.5834059324121297e-10
469.0 1.5834059324121297e-10
470.0 0.000652941025691689
471.0 4.8753321379990666e-05
472.0 1.5834059324121297e-10
473.0 1.5834059324121297e-10
474.0 1.5834059324121297e-10
475.0 1.5834059324121297e-10
476.0 0.00034657616652111756
477.0 6.782834134355653e-05
478.0 1.5834059324121297e-10
479.0 1.5834059324121297e-10
480.0 1.5834059324121297e-10
481.0 0.00012559434026115923
482.0 0.00035911155009671347
483.0 1.5834059324121297e-10
484.0 1.5834059324121297e-10
485.0 1.5834059324121297e-10
486.0 1.5834059324121297e-10
487.0 1.5834059324121297e-10
488.0 1.5834059324121297e-10
489.0 1.5834059324121297e-10
490.0 1.5834059324121297e-10
491.0 1.5834059324121297e-10
492.0 1.5834059324121297e-10
493.0 1.5834059324121297e-10
494.0 1.5834059324121297e-10
495.0 1.5834059324121297e-10
496.0 0.0007086580808390863
497.0 0.0005274948307487648
498.0 0.00034633146697160555
499.0 0.00032310415463143727
500.0 0.0002998771606144146
501.0 1.5834059324121297e-10
502.0 1.5834059324121297e-10
503.0 1.5834059324121297e-10
504.0 1.5834059324121297e-10
505.0 1.5834059324121297e-10
506.0 1.5834059324121297e-10
507.0 1.5834059324121297e-10
508.0 1.5834059324121297e-10
509.0 1.5834059324121297e-10
510.0 1.5834059324121297e-10
511.0 3.639494252638542e-05
512.0 0.0009431326361664105
513.0 0.0008504457582603209
514.0 0.0007577585620310856
515.0 0.0007777273822284769
516.0 0.0007976964297995437
517.0 0.00017208382132594124
518.0 1.5834059324121297e-10
519.0 1.5834059324121297e-10
520.0 0.0001519139232186717
521.0 0.00017382533314957982
522.0 0.00019573658391891513
523.0 1.5834059324121297e-10
524.0 1.5834059324121297e-10
525.0 1.5834059324121297e-10
526.0 1.5834059324121297e-10
527.0 1.5834059324121297e-10
528.0 1.5834059324121297e-10
529.0 1.5834059324121297e-10
530.0 1.5834059324121297e-10
531.0 1.5834059324121297e-10
532.0 0.000257174519902037
533.0 1.5834059324121297e-10
534.0 1.5834059324121297e-10
535.0 1.5834059324121297e-10
536.0 0.0002765878207355854
537.0 1.5834059324121297e-10
538.0 1.5834059324121297e-10
539.0 1.5834059324121297e-10
540.0 1.5834059324121297e-10
541.0 1.5834059324121297e-10
542.0 1.5834059324121297e-10
543.0 1.5834059324121297e-10
544.0 1.5834059324121297e-10
545.0 1.5834059324121297e-10
546.0 1.5834059324121297e-10
547.0 1.5834059324121297e-10
548.0 7.694332566643425e-05
549.0 1.5834059324121297e-10
550.0 1.5834059324121297e-10
551.0 1.5834059324121297e-10
552.0 1.5834059324121297e-10
553.0 1.5834059324121297e-10
554.0 1.5834059324121297e-10
555.0 1.5834059324121297e-10
556.0 1.5834059324121297e-10
557.0 1.5834059324121297e-10
558.0 1.5834059324121297e-10
559.0 1.5834059324121297e-10
560.0 0.00035721900530916173
561.0 0.00015018323438198422
562.0 1.5834059324121297e-10
563.0 1.5834059324121297e-10
564.0 1.5834059324121297e-10
565.0 1.5834059324121297e-10
566.0 1.5834059324121297e-10
567.0 1.5834059324121297e-10
568.0 1.5834059324121297e-10
569.0 0.00017735014807840344
570.0 0.00043749109863711055
571.0 0.00046564255171688274
572.0 0.0004937941866955953
573.0 0.0005026665348850656
574.0 0.0005115392013976816
575.0 0.00037564511785603827
576.0 0.0002397511707386002
577.0 0.0003837267286144197
578.0 0.0005277023319649743
579.0 0.00036665865081886295
580.0 0.00020561494693538407
581.0 0.0004933932359563187
582.0 0.0007811717296135612
583.0 0.0011804690984718036
584.0 0.0015797666492289864
585.0 0.0014507731066260021
586.0 0.0013217792911746074
587.0 0.0015372577763628215
588.0 0.0017527363525005057
589.0 0.0014580815332010388
590.0 0.0011634266229521018
591.0 0.0009955570021702442
592.0 0.0008276872904389165
593.0 0.0006912565368111245
594.0 0.0005548254648601869
595.0 0.0006540479262184817
596.0 0.0007532700692536309
597.0 0.0007999487024790142
598.0 0.0008466269719065167
599.0 0.0011924220416403841
600.0 0.0015382167475763708
601.0 0.00156918558786856
602.0 0.001600154246261809
603.0 0.0016724146917113103
604.0 0.001744675319059752
605.0 0.0016627391232759692
606.0 0.0015808029274921864
607.0 0.0014844761608401313
608.0 0.001388149212289136
609.0 0.0009290166417486034
610.0 0.00046988411668280605
611.0 0.0004700545105151832
612.0 0.0004702248588728253
613.0 0.0004239076588419266
614.0 0.00037759045881102793
615.0 0.0005409266577771632
616.0 0.0007042628567432985
617.0 0.0006705214673274895
618.0 0.0006367802598106209
619.0 0.0005350233095668955
620.0 0.0004332665866968455
621.0 0.0005474936642713146
622.0 0.0006617207873205189
623.0 0.0005604320449492661
624.0 0.0004591432571032783
625.0 0.0005513576070370618
626.0 0.0006435719569708453
627.0 0.0005493539902090561
628.0 0.00045513615987147205
629.0 0.0005190709998714738
630.0 0.0005830060217704158
631.0 0.001071053611667594
632.0 0.0015591011106153019
633.0 0.0014887417819409166
634.0 0.0014183825442160014
635.0 0.0019437655282672495
636.0 0.0024691486032679677
637.0 0.0024279188437503763
638.0 0.002386688720434904
639.0 0.002094405863317661
640.0 0.0018021226424025372
641.0 0.001618955320736859
642.0 0.0014357882719195914
643.0 0.000913126041268697
644.0 0.0003904637196683325
645.0 0.000361550587513193
646.0 0.00033263734167121584
647.0 0.0001846458985710342
648.0 3.6654643054134795e-05
649.0 5.710789992008358e-05
650.0 7.756125341984443e-05
651.0 0.0002823893282766221
652.0 0.00048721763050707523
653.0 0.0008963964319264051
654.0 0.0013055750059720594
655.0 0.0011833058124466334
656.0 0.0010610366189212073
657.0 0.002057940582744777
658.0 0.0030548446375178173
659.0 0.0033843705750769004
660.0 0.0037138965126359835
661.0 0.003797448516706936
662.0 0.0038810005207778886
663.0 0.003333065251354128
664.0 0.0027851299819303676
665.0 0.002581642911536619
666.0 0.00237815565924393
667.0 0.00196873825188959
668.0 0.0015593206626363099
669.0 0.00108631302282447
670.0 0.0006133054284873651
671.0 0.0005747554951085476
672.0 0.0005362054707802599
673.0 0.00040646946217748336
674.0 0.00027673343083733926
675.0 0.0004185761099506635
676.0 0.0005604188572760904
677.0 0.001085504572984064
678.0 0.0016105906979646534
679.0 0.0017873708202387206
680.0 0.0019641507606138475
681.0 0.0026619323762133718
682.0 0.0033597141737118363
683.0 0.004689604975283146
684.0 0.006019496140652336
685.0 0.006565892545040697
686.0 0.007112292223609984
687.0 0.007089742575772107
688.0 0.007067193655529991
689.0 0.006271824531722814
690.0 0.005476456499309279
691.0 0.004810421887668781
692.0 0.004144386912230402
693.0 0.003517878576531075
694.0 0.0028913706046296284
695.0 0.0024462640794808976
696.0 0.0020011577362311073
697.0 0.0015356386938947253
698.0 0.0010701195606088731
699.0 0.0008351118594873697
700.0 0.000600104067416396
701.0 0.000486928183818236
702.0 0.0003737524593816488
703.0 0.0005809327831229893
704.0 0.0007881132660259027
705.0 0.0006815326287323842
706.0 0.0005749521278630709
707.0 0.0006886581104481593
708.0 0.000802363774710102
709.0 0.0006244713858905016
710.0 0.00044657886064669583
711.0 0.0006433665021177148
712.0 0.0008401540071645286
713.0 0.0008219673873099964
714.0 0.0008037808584049344
715.0 0.0007265903605002677
716.0 0.0006493997716461308
717.0 0.0006905644113430753
718.0 0.0007317288691410795
719.0 0.0005458674877445446
720.0 0.0003600061063480098
721.0 0.0005048847924626898
722.0 0.0006497634785773698
723.0 0.000542824591320823
724.0 0.00043588584048848134
725.0 0.0002178116119466722
726.0 1.5834059324121297e-10
727.0 0.00017170954151879414
728.0 0.0003436818360569305
729.0 0.0002534048689994961
730.0 0.00016312802699758322
731.0 0.00017184991065732902
732.0 0.00018057181705444236
733.0 8.252911811723607e-05
734.0 1.5834059324121297e-10
735.0 0.00035923987979913363
736.0 0.0007339931926253485
737.0 0.0006217145710252225
738.0 0.0005094358130008914
739.0 0.0002987383140862221
740.0 8.804076401247585e-05
741.0 0.0006257705990719842
742.0 0.0011635005648713559
743.0 0.0013427818885247689
744.0 0.0015220629393297713
745.0 0.001831503504945431
746.0 0.0021409436158137396
747.0 0.002758484515652526
748.0 0.003376025051693432
749.0 0.0031600298825651407
750.0 0.0029440347134368494
751.0 0.0031421648600371554
752.0 0.003340295370435342
753.0 0.002946832319139503
754.0 0.0025533696316415444
755.0 0.002688448876142502
756.0 0.0028235286663402803
757.0 0.002422563193249516
758.0 0.002021597174461931
759.0 0.0015330933820223436
760.0 0.0010445896805322263
761.0 0.001029157738230424
762.0 0.0010137257959286217
763.0 0.0007802348591212649
764.0 0.0005467437858897028
765.0 0.0006681409558950691
766.0 0.0007895381713751704
767.0 0.0006873322035971796
768.0 0.0005851262358191889
769.0 0.0005426208645076258
770.0 0.0005001153567718575
771.0 0.00043452228055684827
772.0 0.00036892904518026626
773.0 0.00045631845750904176
774.0 0.0005437077106762445
775.0 0.0004944054580846569
776.0 0.00044510316001833417
777.0 0.000491474793307134
778.0 0.0005378461992222583
779.0 0.0007194433692347957
780.0 0.0009010404028231278
781.0 0.0008682847692398354
782.0 0.0008355292266060133
783.0 0.0008545946911908686
784.0 0.0008736600648262538
785.0 0.000993722460407298
786.0 0.001113784674089402
787.0 0.001013013388728723
788.0 0.0009122420124185737
789.0 0.0008942863132688217
790.0 0.0008763304322201293
791.0 0.0008673392585478723
792.0 0.0008583479939261451
793.0 0.0004333354809205048
794.0 8.322949440753291e-06
795.0 6.206965963428956e-05
796.0 0.00011581631724766339
797.0 0.000365808386959543
798.0 0.0006158003998280037
799.0 0.0003415995251998538
800.0 6.739860509696882e-05
801.0 1.5834059324121297e-10
802.0 1.5834059324121297e-10
803.0 1.5834059324121297e-10
804.0 1.5834059324121297e-10
805.0 9.24779271826992e-05
806.0 0.0002244744337076554
807.0 1.5834059324121297e-10
808.0 1.5834059324121297e-10
809.0 0.00011572599305509357
810.0 0.00047324256229330786
811.0 0.00012007828900095774
812.0 1.5834059324121297e-10
813.0 5.867822210348095e-05
814.0 0.00035044240576098673
815.0 0.00041734360820555594
816.0 0.00048424471970065497
817.0 0.00033038404581020586
818.0 0.0001765233150763379
819.0 6.236959393390862e-05
820.0 1.5834059324121297e-10
821.0 1.5834059324121297e-10
822.0 1.5834059324121297e-10
823.0 1.5834059324121297e-10
824.0 8.45021588702366e-05
825.0 1.5834059324121297e-10
826.0 1.5834059324121297e-10
827.0 1.5834059324121297e-10
828.0 0.00041482057895336766
829.0 0.00036450869629334193
830.0 0.0003141971319564618
831.0 1.5834059324121297e-10
832.0 1.5834059324121297e-10
833.0 1.5834059324121297e-10
834.0 1.5834059324121297e-10
835.0 1.5834059324121297e-10
836.0 1.5834059324121297e-10
837.0 1.5834059324121297e-10
838.0 1.5834059324121297e-10
839.0 1.5834059324121297e-10
840.0 1.5834059324121297e-10
841.0 1.5834059324121297e-10
842.0 2.940951731034147e-05
843.0 6.805748853366822e-05
844.0 0.000106705408597918
845.0 0.0001598867925167724
846.0 0.00021306818780431058
847.0 0.00016383239653805504
848.0 0.00011459657116574817
849.0 0.00031528443287243135
850.0 0.000515972124048858
851.0 0.00016072584685389302
852.0 1.5834059324121297e-10
853.0 1.6639597477663415e-07
854.0 0.00019485307802824536
855.0 3.136968018679909e-05
856.0 1.5834059324121297e-10
857.0 0.00019822566628135974
858.0 0.0005285651241138112
859.0 0.0005150939614395611
860.0 0.0005016227532905759
861.0 0.0005736233106290456
862.0 0.0006456238224927802
863.0 0.0007000066034379415
864.0 0.0007543892479588976
865.0 0.0012710206647170708
866.0 0.0017876518541015685
867.0 0.0015850895579205826
868.0 0.0013825277164869476
869.0 0.0015262105080182664
870.0 0.0016698930267011747
871.0 0.0015673611414968036
872.0 0.0014648290743934922
873.0 0.0017320769984507933
874.0 0.0019993249225080945
