lsstCam/transmission_filter_detector/r22_s00/u_24/19700101T000000.ecsv
# %ECSV 1.0
# ---
# datatype:
# - {name: wavelength, unit: nm, datatype: float32}
# - {name: efficiency, unit: '%', datatype: float64}
# meta: !!omap
# - {MODE: DETECTOR}
# - {TYPE: transmission_filter_detector}
# - {CALIBDATE: '1970-01-01T00:00:00'}
# - {INSTRUME: LSSTCam}
# - {OBSTYPE: transmission_filter_detector}
# - {CALIBCLS: lsst.ip.isr.IntermediateFilterDetectorTransmissionCurve}
# - {SOURCE: Materion (DM-46256)}
# - {DETECTOR: 90}
# - {FILTER: u_24}
# - {CALIB_ID: 'calibDate=1970-01-01T00:00:00 filter=u_24 detector=90'}
# - {DATE: '2025-04-02T15:59:40.165727'}
# - {CALIB_CREATION_DATE: '2025-04-02'}
# - {CALIB_CREATION_TIME: '15:59:40'}
# - __serialized_columns__:
#     efficiency:
#       __class__: astropy.units.quantity.Quantity
#       unit: !astropy.units.Unit {unit: '%'}
#       value: !astropy.table.SerializedColumn {name: efficiency}
#     wavelength:
#       __class__: astropy.units.quantity.Quantity
#       unit: !astropy.units.Unit {unit: nm}
#       value: !astropy.table.SerializedColumn {name: wavelength}
# schema: astropy-2.0
wavelength efficiency
[from data line 581]
876.0 0.002212549952673726
877.0 0.002265305920445826
878.0 0.0023180622520158067
879.0 0.0024035109163378365
880.0 0.002488959944457747
881.0 0.0024706028852961026
882.0 0.0024522463718312792
883.0 0.0022803562387707643
884.0 0.0021084666514070705
885.0 0.002162283090001438
886.0 0.0022160997104947455
887.0 0.0021394116629380733
888.0 0.0020627237972803414
889.0 0.0020040399249410257
890.0 0.00194535605260171
891.0 0.0021804351490573026
892.0 0.002415514063613955
893.0 0.002418455551378429
894.0 0.002421396493446082
895.0 0.0027422802304499783
896.0 0.0030631639674538746
897.0 0.0034823326132027432
898.0 0.003901501258951612
899.0 0.0041030980355571955
900.0 0.004304694084567018
901.0 0.004363559855846688
902.0 0.0044224256271263584
903.0 0.00476595014333725
904.0 0.00510947429575026
905.0 0.005090592821943574
906.0 0.005071710984339006
907.0 0.005470167161547579
908.0 0.005868623702554032
909.0 0.005540153870242648
910.0 0.005211684401729144
911.0 0.005254843563307077
912.0 0.00529800308868289
913.0 0.00522552290931344
914.0 0.005153042729943991
915.0 0.004770146188093349
916.0 0.004387249646242708
917.0 0.00404583515773993
918.0 0.0037044206692371517
919.0 0.004084193642484024
920.0 0.004463966615730897
921.0 0.004428923784871586
922.0 0.0043938813178101555
923.0 0.005171359589439817
924.0 0.005948836405877955
925.0 0.006160476186778396
926.0 0.006372116331476718
927.0 0.007031193672446534
928.0 0.007690268830629066
929.0 0.00772277417127043
930.0 0.007755278784316033
931.0 0.007664213626412675
932.0 0.007573147740913555
933.0 0.007513855234719813
934.0 0.007454563456121832
935.0 0.0076571552199311554
936.0 0.007859744800953194
937.0 0.007508081762352958
938.0 0.007156421634135768
939.0 0.006863462476758286
940.0 0.006570504046976566
941.0 0.005867338404641487
942.0 0.005164172034710646
943.0 0.004090135189471766
944.0 0.003016099253727589
945.0 0.0024439274056931026
946.0 0.0018717561033554375
947.0 0.001767856883816421
948.0 0.0016639574823784642
949.0 0.0014960570297262166
950.0 0.0013281563951750286
951.0 0.001478110789321363
952.0 0.0016280653653666377
953.0 0.001639722722757142
954.0 0.0016513806258444674
955.0 0.002144881545973476
956.0 0.002638382648001425
957.0 0.002667556873348076
958.0 0.0026967305529979058
959.0 0.0029316399377421476
960.0 0.0031665487767895684
961.0 0.0036382836697157472
962.0 0.004110018198844045
963.0 0.004325277041061781
964.0 0.004540536247077398
965.0 0.004586647264659405
966.0 0.004632758646039292
967.0 0.004723376332549378
968.0 0.004813994746655226
969.0 0.004822116170544177
970.0 0.004830237230635248
971.0 0.004723327583633363
972.0 0.004616417209035717
973.0 0.004335489575169049
974.0 0.004054561577504501
975.0 0.0038749800296500325
976.0 0.0036953981179976836
977.0 0.003344226934132166
978.0 0.0029930552045698278
979.0 0.0028616230338229798
980.0 0.002730190499278251
981.0 0.0026552501367405057
982.0 0.0025803094104048796
983.0 0.002738314105954487
984.0 0.002896318619605154
985.0 0.0032296917197527364
986.0 0.0035630651836981997
987.0 0.0037814716051798314
988.0 0.003999878390459344
989.0 0.004904550587525591
990.0 0.005809222420793958
991.0 0.005939249967923388
992.0 0.006069277515052818
993.0 0.006270402809605002
994.0 0.006471527740359306
995.0 0.006166566163301468
996.0 0.005861601312062703
997.0 0.005710722689400427
998.0 0.005559846249525435
999.0 0.006107531953603029
1000.0 0.00665521583869122
1001.0 0.006462487363023683
1002.0 0.006269758887356147
1003.0 0.005754258381784894
1004.0 0.005238758967607282
1005.0 0.005222780964686535
1006.0 0.005206802234170027
1007.0 0.005269225584925152
1008.0 0.005331646389095113
1009.0 0.004687859473051503
1010.0 0.004044072920805775
1011.0 0.0037539688491960987
1012.0 0.0034638655051821843
1013.0 0.0028864793421234936
1014.0 0.002309093360963743
1015.0 0.0020454986952245235
1016.0 0.001781904029485304
1017.0 0.0015743469703011215
1018.0 0.0013667896382685285
1019.0 0.0012353487363725435
1020.0 0.0011039074706786778
1021.0 0.0010655735422915313
1022.0 0.0010272395229549147
1023.0 0.0011674109373416286
1024.0 0.0013075822607788723
1025.0 0.001322167463513324
1026.0 0.001336752757197246
1027.0 0.0011424826880102046
1028.0 0.000948212527873693
1029.0 0.001111836354539264
1030.0 0.0012754604540532455
1031.0 0.0017503702110843733
1032.0 0.0022252801500144415
1033.0 0.0018964012269861996
1034.0 0.0015675223039579578
1035.0 0.0018156561054638587
1036.0 0.002063789543171879
1037.0 0.00215245017898269
1038.0 0.0022411111785913818
1039.0 0.0019716711904038675
1040.0 0.0017022313841152936
1041.0 0.0015632043869118206
1042.0 0.0014241773897083476
1043.0 0.0014374461898114532
1044.0 0.001450715080864029
1045.0 0.001468925711378688
1046.0 0.0014871367056912277
1047.0 0.001815635187085718
1048.0 0.002144134123227559
1049.0 0.0017600479623069987
1050.0 0.0013759615285380278
1051.0 0.0014933619240764529
1052.0 0.0016107622286654077
1053.0 0.0015047759006847627
1054.0 0.0013987891179567669
1055.0 0.0012131076800869778
1056.0 0.001027426424116129
1057.0 0.0015314833945012651
1058.0 0.0020355404558358714
1059.0 0.001201254144689301
1060.0 0.00036696803817903856
1061.0 0.0010991478120558895
1062.0 0.0018313274267711677
1063.0 0.001688528573140502
1064.0 0.001545729537610896
1065.0 0.001275232989428332
1066.0 0.0010047366231447086
1067.0 0.0012667852388403844
1068.0 0.0015288331269402988
1069.0 0.001744677865644917
1070.0 0.0019605222405516542
1071.0 0.0015592728232149966
1072.0 0.0011580235877772793
1073.0 0.0012996703844692092
1074.0 0.0014413171811611392
1075.0 0.0026032703317468986
1076.0 0.0037652233004337177
1077.0 0.003952961560571566
1078.0 0.004140699820709415
1079.0 0.005085021257400513
1080.0 0.006029340875102207
1081.0 0.004234142761561088
1082.0 0.00243894501181785
1083.0 0.002245241921627894
1084.0 0.0020515390133368783
1085.0 0.002636489807628095
1086.0 0.0032214404200203717
1087.0 0.0035165343433618546
1088.0 0.0038116279029054567
1089.0 0.005363559102988802
1090.0 0.006915489939274266
1091.0 0.004666647510020994
1092.0 0.002417805080767721
1093.0 0.001845823680923786
1094.0 0.0012738426448777318
1095.0 0.0017231648598681204
1096.0 0.002172487074858509
1097.0 0.0031421295716427267
1098.0 0.004111772432224825
1099.0 0.0025505785743007436
1100.0 0.0009893849892250728
