lsstCam/transmission_filter_detector/r21_s01/u_24/19700101T000000.ecsv
# %ECSV 1.0
# ---
# datatype:
# - {name: wavelength, unit: nm, datatype: float32}
# - {name: efficiency, unit: '%', datatype: float64}
# meta: !!omap
# - {MODE: DETECTOR}
# - {TYPE: transmission_filter_detector}
# - {CALIBDATE: '1970-01-01T00:00:00'}
# - {INSTRUME: LSSTCam}
# - {OBSTYPE: transmission_filter_detector}
# - {CALIBCLS: lsst.ip.isr.IntermediateFilterDetectorTransmissionCurve}
# - {SOURCE: Materion (DM-46256)}
# - {DETECTOR: 82}
# - {FILTER: u_24}
# - {CALIB_ID: 'calibDate=1970-01-01T00:00:00 filter=u_24 detector=82'}
# - {DATE: '2025-04-02T15:59:40.128731'}
# - {CALIB_CREATION_DATE: '2025-04-02'}
# - {CALIB_CREATION_TIME: '15:59:40'}
# - __serialized_columns__:
#     efficiency:
#       __class__: astropy.units.quantity.Quantity
#       unit: !astropy.units.Unit {unit: '%'}
#       value: !astropy.table.SerializedColumn {name: efficiency}
#     wavelength:
#       __class__: astropy.units.quantity.Quantity
#       unit: !astropy.units.Unit {unit: nm}
#       value: !astropy.table.SerializedColumn {name: wavelength}
# schema: astropy-2.0
wavelength efficiency
[from data line 581]
876.0 0.0021635771190631203
877.0 0.002136243892891798
878.0 0.002108911212417297
879.0 0.0022537218683282845
880.0 0.002398533069936093
881.0 0.002500455957488157
882.0 0.002602379390737042
883.0 0.0025301322239101864
884.0 0.002457885602780152
885.0 0.0022068817997933365
886.0 0.0019558781787054613
887.0 0.001975272607523948
888.0 0.001994667218241375
889.0 0.002007167859119363
890.0 0.002019668318098411
891.0 0.002263267379021272
892.0 0.002506866258045193
893.0 0.002510063313820865
894.0 0.002513259823899716
895.0 0.0028714917789329775
896.0 0.0032297240977641195
897.0 0.0035123277484672144
898.0 0.00379493176296819
899.0 0.003958270463044755
900.0 0.00412160916312132
901.0 0.004176051152171567
902.0 0.004230493505019695
903.0 0.004605176945915446
904.0 0.004979860386811197
905.0 0.004982358223060146
906.0 0.004984855331713334
907.0 0.005412423342932016
908.0 0.005839991354150698
909.0 0.005571531073655933
910.0 0.005303071156959049
911.0 0.005496523590409197
912.0 0.005689976023859344
913.0 0.005474567296914756
914.0 0.005259157842374407
915.0 0.004903805165668018
916.0 0.004548452125163749
917.0 0.004142878242419101
918.0 0.003737303995876573
919.0 0.0040325034206034616
920.0 0.004327702481532469
921.0 0.004477943366509862
922.0 0.004628184251487255
923.0 0.005184737892705016
924.0 0.005741289714933373
925.0 0.006032646342646331
926.0 0.0063240026065614074
927.0 0.006856177787994966
928.0 0.007388349331449717
929.0 0.0074701216362882406
930.0 0.007551894668722525
931.0 0.007372369145741686
932.0 0.007192842895165086
933.0 0.007138373621273786
934.0 0.007083905074978247
935.0 0.00746173391235061
936.0 0.00783956129453145
937.0 0.007492150325560942
938.0 0.007144740811781958
939.0 0.007218527753138915
940.0 0.007292314694495872
941.0 0.006163721263874322
942.0 0.00503512637806125
943.0 0.004040553903905675
944.0 0.0030459823392448016
945.0 0.0024456510800519027
946.0 0.0018453201846568845
947.0 0.001632327985134907
948.0 0.0014193357856129296
949.0 0.0013874461728846654
950.0 0.0013555565601564012
951.0 0.0013025174666836392
952.0 0.001249478282261407
953.0 0.0012537246220745146
954.0 0.001257971325685503
955.0 0.0019348124624229968
956.0 0.0026116536901099607
957.0 0.0026083216653205454
958.0 0.0026049889129353687
959.0 0.0028640697564696893
960.0 0.0031231498724082485
961.0 0.0036100689612794667
962.0 0.004096987686352804
963.0 0.004371721297502518
964.0 0.004646454908652231
965.0 0.004405583604238927
966.0 0.004164712299825624
967.0 0.004476581671042368
968.0 0.004788451406056993
969.0 0.004825574069400318
970.0 0.0048626963689457625
971.0 0.004759316288982518
972.0 0.004655935845221393
973.0 0.00435618421761319
974.0 0.004056431862409227
975.0 0.0039025551814120263
976.0 0.0037486777728190646
977.0 0.0033892792998813093
978.0 0.0030298806450446136
979.0 0.0028455622668843716
980.0 0.0026612438887241296
981.0 0.0024086695702862926
982.0 0.002156094888050575
983.0 0.0025490195184829645
984.0 0.002941943967016414
985.0 0.0033664724469417706
986.0 0.003791001290665008
987.0 0.003989429751527496
988.0 0.0041878578485921025
989.0 0.00492681901960168
990.0 0.005665779463015497
991.0 0.00591432471992448
992.0 0.006162869976833463
993.0 0.006231739098438993
994.0 0.006300608947640285
995.0 0.005895469803363085
996.0 0.00549032811250072
997.0 0.005386296834331006
998.0 0.005282268102746457
999.0 0.005985076859360561
1000.0 0.00668788343318738
1001.0 0.006529125676024705
1002.0 0.006370366463670507
1003.0 0.006017562191118486
1004.0 0.005664756099577062
1005.0 0.005592310117208399
1006.0 0.005519863771041855
1007.0 0.005428822260000743
1008.0 0.005337778202374466
1009.0 0.004721960794995539
1010.0 0.004106143751414493
1011.0 0.003909999577444978
1012.0 0.003713855767273344
1013.0 0.0031458577723242342
1014.0 0.0025778599592740647
1015.0 0.0022191792595549487
1016.0 0.0018604985598358326
1017.0 0.0015719055227236822
1018.0 0.0012833123037125915
1019.0 0.0011877966244355775
1020.0 0.001092280672310153
1021.0 0.001007173068501288
1022.0 0.0009220656465913635
1023.0 0.0010575389751465991
1024.0 0.001193012485600775
1025.0 0.00134338779389509
1026.0 0.0014937632840883452
1027.0 0.0014299561371444725
1028.0 0.0013661489902005997
1029.0 0.0013794411643175408
1030.0 0.0013927336112828925
1031.0 0.0017634294636081904
1032.0 0.002134125679731369
1033.0 0.0020487192159635015
1034.0 0.0019633131159935147
1035.0 0.0022046722733648494
1036.0 0.0024460310669383034
1037.0 0.002493261854397133
1038.0 0.0025404931875527836
1039.0 0.0023356085876002908
1040.0 0.002130724533344619
1041.0 0.0016880940165719949
1042.0 0.0012454639545467217
1043.0 0.001486580731580034
1044.0 0.0017276977814617567
1045.0 0.0014628184544562828
1046.0 0.0011979394912486896
1047.0 0.00199675778276287
1048.0 0.0027955764380749315
1049.0 0.002138246054528281
1050.0 0.00148091530718375
1051.0 0.0015196331332845148
1052.0 0.0015583507774863392
1053.0 0.001586941107234452
1054.0 0.0016155308912857436
1055.0 0.00115836764962296
1056.0 0.0007012045443843817
1057.0 0.0015138778508116957
1058.0 0.002326551293663215
1059.0 0.0016093350495793857
1060.0 0.0008921188964450266
1061.0 0.0011960491065110546
1062.0 0.0014999793165770825
1063.0 0.0015500025256187655
1064.0 0.001600025461812038
1065.0 0.0012219107702549081
1066.0 0.0008437962605967186
1067.0 0.0012573262210935354
1068.0 0.0016708554539945908
1069.0 0.002114585913659539
1070.0 0.002558316191425547
1071.0 0.0013952591871202458
1072.0 0.00023220254661282524
1073.0 0.0004813768555322895
1074.0 0.0007305511189770186
1075.0 0.002627548201417085
1076.0 0.004524545147432946
1077.0 0.003992065467173234
1078.0 0.003459586514509283
1079.0 0.004873205398325808
1080.0 0.006286821735557169
1081.0 0.0041133316699415445
1082.0 0.0019398416043259203
1083.0 0.0012683663044299465
1084.0 0.0005968907771602971
1085.0 0.0024413773644482717
1086.0 0.0042858635424636304
1087.0 0.003604189259931445
1088.0 0.0029225151592982
1089.0 0.004928690759697929
1090.0 0.006934866541996598
1091.0 0.004752412132802419
1092.0 0.0025699577236082405
1093.0 0.002049521390290465
1094.0 0.001529085602669511
1095.0 0.0009496277016296517
1096.0 0.00037017023259977577
1097.0 0.002277503881487064
1098.0 0.004184837962384336
1099.0 0.003616403409978375
1100.0 0.003047969403269235
