lsstCam/transmission_filter_detector/r21_s01/u_24/19700101T000000.ecsv
# %ECSV 1.0
# ---
# datatype:
# - {name: wavelength, unit: nm, datatype: float32}
# - {name: efficiency, unit: '%', datatype: float64}
# meta: !!omap
# - {MODE: DETECTOR}
# - {TYPE: transmission_filter_detector}
# - {CALIBDATE: '1970-01-01T00:00:00'}
# - {INSTRUME: LSSTCam}
# - {OBSTYPE: transmission_filter_detector}
# - {CALIBCLS: lsst.ip.isr.IntermediateFilterDetectorTransmissionCurve}
# - {SOURCE: Materion (DM-46256)}
# - {DETECTOR: 82}
# - {FILTER: u_24}
# - {CALIB_ID: 'calibDate=1970-01-01T00:00:00 filter=u_24 detector=82'}
# - {DATE: '2025-04-02T15:59:40.128731'}
# - {CALIB_CREATION_DATE: '2025-04-02'}
# - {CALIB_CREATION_TIME: '15:59:40'}
# - __serialized_columns__:
#     efficiency:
#       __class__: astropy.units.quantity.Quantity
#       unit: !astropy.units.Unit {unit: '%'}
#       value: !astropy.table.SerializedColumn {name: efficiency}
#     wavelength:
#       __class__: astropy.units.quantity.Quantity
#       unit: !astropy.units.Unit {unit: nm}
#       value: !astropy.table.SerializedColumn {name: wavelength}
# schema: astropy-2.0
wavelength efficiency
295.0 1.5789557161749457e-10
296.0 1.5789557161749457e-10
297.0 1.5789557161749457e-10
298.0 1.5789557161749457e-10
299.0 1.5789557161749457e-10
300.0 0.06689397268928587
301.0 1.5789557161749457e-10
302.0 0.17902913969010115
303.0 1.5789557161749457e-10
304.0 1.5789557161749457e-10
305.0 0.5344042554497719
306.0 1.3341618701815605
307.0 2.6258444413542747
308.0 4.599615186452866
309.0 7.552165538072586
310.0 10.73477640748024
311.0 14.351962506771088
312.0 18.000628054142
313.0 21.242792904376984
314.0 24.440757930278778
315.0 26.62091553211212
316.0 28.803709149360657
317.0 31.24152421951294
318.0 33.80284011363983
319.0 37.10620105266571
320.0 42.054107785224915
321.0 47.17426598072052
322.0 53.108519315719604
323.0 58.73979330062866
324.0 63.7093722820282
325.0 67.10085868835449
326.0 69.61958408355713
327.0 71.61104083061218
328.0 73.48313927650452
329.0 74.85324740409851
330.0 76.2696385383606
331.0 77.2395133972168
332.0 77.72278785705566
333.0 77.87346243858337
334.0 77.66548991203308
335.0 77.87672877311707
336.0 77.93997526168823
337.0 78.36990356445312
338.0 79.19219732284546
339.0 79.80070114135742
340.0 80.1990807056427
341.0 80.84263801574707
342.0 81.12483620643616
343.0 81.00793361663818
344.0 81.2420904636383
345.0 81.57549500465393
346.0 81.82859420776367
347.0 82.1305513381958
348.0 82.46752619743347
349.0 82.645583152771
350.0 82.72605538368225
351.0 82.81970024108887
352.0 82.80677199363708
353.0 82.68957138061523
354.0 82.63605237007141
355.0 82.89523720741272
356.0 83.00773501396179
357.0 82.9163670539856
358.0 82.68616199493408
359.0 82.453852891922
360.0 82.33757615089417
361.0 82.22951292991638
362.0 82.07107782363892
363.0 82.20959305763245
364.0 82.31692910194397
365.0 82.48187899589539
366.0 82.70601630210876
367.0 82.68653750419617
368.0 82.56195187568665
369.0 82.5234055519104
370.0 82.1964979171753
371.0 81.9433331489563
372.0 81.98236227035522
373.0 81.96561932563782
374.0 82.0370614528656
375.0 82.3452353477478
376.0 82.38256573677063
377.0 82.40018486976624
378.0 82.50950574874878
379.0 82.25351572036743
380.0 81.62281513214111
381.0 80.4486334323883
382.0 78.81540656089783
383.0 76.91306471824646
384.0 74.75648522377014
385.0 72.4444568157196
386.0 70.11920809745789
387.0 67.00353026390076
388.0 63.84081840515137
389.0 60.055506229400635
390.0 56.2203586101532
391.0 51.99626684188843
392.0 47.58420288562775
393.0 43.745794892311096
394.0 40.481939911842346
395.0 37.28010952472687
396.0 33.97626876831055
397.0 29.768002033233643
398.0 24.759206175804138
399.0 18.392233550548553
400.0 12.167961150407791
401.0 7.080192863941193
402.0 3.3802665770053864
403.0 1.2129634618759155
404.0 0.35919921938329935
405.0 0.180224294308573
406.0 0.04273800877854228
407.0 0.0232904392760247
408.0 0.019566051196306944
409.0 1.5789557161749457e-10
410.0 1.5789557161749457e-10
411.0 1.5789557161749457e-10
412.0 1.5789557161749457e-10
413.0 1.5789557161749457e-10
414.0 1.5789557161749457e-10
415.0 1.5789557161749457e-10
416.0 1.5789557161749457e-10
417.0 1.5789557161749457e-10
418.0 1.5789557161749457e-10
419.0 1.5789557161749457e-10
420.0 1.5789557161749457e-10
421.0 1.5789557161749457e-10
422.0 1.5789557161749457e-10
423.0 1.5789557161749457e-10
424.0 1.5789557161749457e-10
425.0 1.5789557161749457e-10
426.0 1.5789557161749457e-10
427.0 1.5789557161749457e-10
428.0 1.5789557161749457e-10
429.0 0.0009440869689569809
430.0 0.003286181527073495
431.0 0.0012575142136483919
432.0 1.5789557161749457e-10
433.0 1.5789557161749457e-10
434.0 0.0005972368398943217
435.0 0.0013050733286945615
436.0 0.0020129105905652978
437.0 0.0005448549472930608
438.0 1.5789557161749457e-10
439.0 2.911700676122564e-05
440.0 0.0009814350050874054
441.0 1.5789557161749457e-10
442.0 1.5789557161749457e-10
443.0 1.5789557161749457e-10
444.0 1.5789557161749457e-10
445.0 1.5789557161749457e-10
446.0 1.5789557161749457e-10
447.0 1.5789557161749457e-10
448.0 1.5789557161749457e-10
449.0 2.43383144749032e-06
450.0 0.00013385232477958198
451.0 1.5789557161749457e-10
452.0 1.5789557161749457e-10
453.0 0.0002116598807333503
454.0 0.000609526159678353
455.0 1.5789557161749457e-10
456.0 1.5789557161749457e-10
457.0 1.5789557161749457e-10
458.0 1.5789557161749457e-10
459.0 1.5789557161749457e-10
460.0 1.5789557161749457e-10
461.0 1.5789557161749457e-10
462.0 1.5789557161749457e-10
463.0 1.5789557161749457e-10
464.0 7.426807542287861e-05
465.0 0.00015776810187162482
466.0 0.00024126823063852498
467.0 1.5789557161749457e-10
468.0 1.5789557161749457e-10
469.0 0.0001713977212602913
470.0 0.0011759269000322092
471.0 2.7787984890892403e-05
472.0 1.5789557161749457e-10
473.0 1.5789557161749457e-10
474.0 1.5789557161749457e-10
475.0 1.5789557161749457e-10
476.0 1.5789557161749457e-10
477.0 1.5789557161749457e-10
478.0 1.5789557161749457e-10
479.0 1.5789557161749457e-10
480.0 1.5789557161749457e-10
481.0 1.5789557161749457e-10
482.0 0.00030740386591787683
483.0 1.5789557161749457e-10
484.0 1.5789557161749457e-10
485.0 1.5789557161749457e-10
486.0 1.5789557161749457e-10
487.0 1.5789557161749457e-10
488.0 1.5789557161749457e-10
489.0 1.5789557161749457e-10
490.0 1.5789557161749457e-10
491.0 1.5789557161749457e-10
492.0 1.5789557161749457e-10
493.0 1.5789557161749457e-10
494.0 1.5789557161749457e-10
495.0 1.5789557161749457e-10
496.0 0.0007029670541669475
497.0 0.0003524715339153772
498.0 1.975540797616304e-06
499.0 1.5789557161749457e-10
500.0 1.5789557161749457e-10
501.0 1.5789557161749457e-10
502.0 1.5789557161749457e-10
503.0 1.5789557161749457e-10
504.0 1.5789557161749457e-10
505.0 1.5789557161749457e-10
506.0 1.5789557161749457e-10
507.0 1.5789557161749457e-10
508.0 1.5789557161749457e-10
509.0 1.5789557161749457e-10
510.0 1.5789557161749457e-10
511.0 1.5789557161749457e-10
512.0 0.0005279460765450494
513.0 0.0005792338015453424
514.0 0.00063052129917196
515.0 0.0006828199730080087
516.0 0.0007351186923187925
517.0 5.005854291084688e-05
518.0 1.5789557161749457e-10
519.0 1.5789557161749457e-10
520.0 0.00015461725979548646
521.0 0.0005208277343626833
522.0 0.0008870381861925125
523.0 0.0003902266598743154
524.0 1.5789557161749457e-10
525.0 1.5789557161749457e-10
526.0 1.5789557161749457e-10
527.0 1.5789557161749457e-10
528.0 1.5789557161749457e-10
529.0 1.5789557161749457e-10
530.0 1.5789557161749457e-10
531.0 0.00012256360832907376
532.0 0.00026800330488185864
533.0 1.5789557161749457e-10
534.0 1.5789557161749457e-10
535.0 1.5789557161749457e-10
536.0 0.0001637000536902633
537.0 1.5789557161749457e-10
538.0 1.5789557161749457e-10
539.0 1.5789557161749457e-10
540.0 1.5789557161749457e-10
541.0 1.5789557161749457e-10
542.0 1.5788857865572936e-05
543.0 1.5789557161749457e-10
544.0 1.5789557161749457e-10
545.0 1.5789557161749457e-10
546.0 1.5789557161749457e-10
547.0 3.874607727993862e-05
548.0 0.00025517588255752344
549.0 1.5789557161749457e-10
550.0 1.5789557161749457e-10
551.0 1.5789557161749457e-10
552.0 1.5789557161749457e-10
553.0 1.5789557161749457e-10
554.0 1.5789557161749457e-10
555.0 1.5789557161749457e-10
556.0 1.5789557161749457e-10
557.0 1.5789557161749457e-10
558.0 1.5789557161749457e-10
559.0 1.5789557161749457e-10
560.0 0.00045962647163833026
561.0 5.1857449534509215e-05
562.0 1.5789557161749457e-10
563.0 1.5789557161749457e-10
564.0 1.5789557161749457e-10
565.0 1.5789557161749457e-10
566.0 1.5789557161749457e-10
567.0 1.5789557161749457e-10
568.0 4.187105275832437e-05
569.0 0.00023869147298682947
570.0 0.0004355118562671123
571.0 0.0004985337909602094
572.0 0.0005615559075522469
573.0 0.0004819215973839164
574.0 0.00040228765101346653
575.0 0.000288005753645848
576.0 0.0001737240268084861
577.0 0.0004659431397158187
578.0 0.0007581621957797324
579.0 0.0004229262685839785
580.0 8.769028454480576e-05
581.0 0.0004033596724184463
582.0 0.0007190292308223434
583.0 0.0011037683179893065
584.0 0.0014885076780046802
585.0 0.0011348652151355054
586.0 0.0007812223884684499
587.0 0.0010834011845872737
588.0 0.001385580162605038
589.0 0.0011773960977734532
590.0 0.0009692119419923984
591.0 0.0008695918950252235
592.0 0.0007699718480580486
593.0 0.0006810936156398384
594.0 0.0005922151103732176
595.0 0.0007626134447491495
596.0 0.0009330114153272007
597.0 0.0008616771083325148
598.0 0.0007903424375399482
599.0 0.0010535741239436902
600.0 0.0013168055374990217
601.0 0.0014461185855907388
602.0 0.0015754318155813962
603.0 0.0015677504052291624
604.0 0.001560069176775869
605.0 0.001597076334292069
606.0 0.0016340838556061499
607.0 0.001627560232009273
608.0 0.0016210364265134558
609.0 0.0011250363968429156
610.0 0.0006290364126471104
611.0 0.0008033501217141747
612.0 0.0009776639672054444
613.0 0.0006500013114418834
614.0 0.0003223387466277927
615.0 0.0006343952918541618
616.0 0.000946451928030001
617.0 0.0008032593541429378
618.0 0.000660066962154815
619.0 0.0005674749900208553
620.0 0.0004748833362100413
621.0 0.0006470143489423208
622.0 0.0008191454071493354
623.0 0.0005509255515789846
624.0 0.0002827055823217961
625.0 0.00047525477384624537
626.0 0.0006678039881080622
627.0 0.0005928598966420395
628.0 0.0005179160325496923
629.0 0.0005202334705245448
630.0 0.0005225511358730728
631.0 0.001104882721847389
632.0 0.0016872141713974997
633.0 0.001520496607554378
634.0 0.0013537791346607264
635.0 0.0018027054466074333
636.0 0.0022516318495036103
637.0 0.0023842676455387846
638.0 0.0025169032596750185
639.0 0.0022063570213504136
640.0 0.0018958107830258086
641.0 0.0016185564163606614
642.0 0.0013413021406449843
643.0 0.0007609796739416197
644.0 0.00018065712765746866
645.0 0.00019219405658077449
646.0 0.00020373086044855881
647.0 7.352146553785133e-05
648.0 1.5789557161749457e-10
649.0 8.283850547741167e-05
650.0 0.00022236476979742292
651.0 0.0004437227289599832
652.0 0.000665080915496219
653.0 0.0012077704013790935
654.0 0.0017504597053630278
655.0 0.0013889824913349003
656.0 0.0010275051863573026
657.0 0.002160964322683867
658.0 0.003294423731858842
659.0 0.003524065323290415
660.0 0.0037537061871262267
661.0 0.003924629345419817
662.0 0.004095552503713407
663.0 0.003513207411742769
664.0 0.002930861955974251
665.0 0.002664210114744492
666.0 0.0023975580916157924
667.0 0.0020155359379714355
668.0 0.0016335136024281383
669.0 0.0011543485015863553
670.0 0.0006751834007445723
671.0 0.0005513244559551822
672.0 0.00042746546569105703
673.0 0.00024018017938942648
674.0 5.289485329740273e-05
675.0 0.00032687503335182555
676.0 0.0006008552645653253
677.0 0.0010988302165060304
678.0 0.001596805486769881
679.0 0.0017699429008644074
680.0 0.001943079951161053
681.0 0.002613335345813539
682.0 0.0032835905585670844
683.0 0.004648495450965129
684.0 0.006013400707161054
685.0 0.006637432670686394
686.0 0.007261468272190541
687.0 0.007225525769172236
688.0 0.007189583266153932
689.0 0.006382707215379924
690.0 0.005575831892201677
691.0 0.004916849502478726
692.0 0.0042578671127557755
693.0 0.0035907200071960688
694.0 0.0029235730835353024
695.0 0.0025041124899871647
696.0 0.0020846520783379674
697.0 0.0015689667634433135
698.0 0.0010532818123465404
699.0 0.000824008384370245
700.0 0.0005947348199697444
701.0 0.0003819046469288878
702.0 0.00016907462168092025
703.0 0.00042188476072624326
704.0 0.0006746950475644553
705.0 0.0007194724275905173
706.0 0.0007642499440407846
707.0 0.0008267693374364171
708.0 0.0008892884579836391
709.0 0.0006822669092798606
710.0 0.00047524517867714167
711.0 0.0006831738573964685
712.0 0.000891102354216855
713.0 0.0008389113645534962
714.0 0.0007867204658396076
715.0 0.0007583229489682708
716.0 0.000729925432096934
717.0 0.0006687599125143606
718.0 0.0006075943019823171
719.0 0.00048654947022441775
720.0 0.00036550457025441574
721.0 0.0005720858553104335
722.0 0.0007786671631038189
723.0 0.0005825204880238743
724.0 0.0003863738584186649
725.0 0.00012516093192971312
726.0 1.5789557161749457e-10
727.0 0.00015709521221651812
728.0 0.0004502425781538477
729.0 0.00022537337827088777
730.0 5.042919859477024e-07
731.0 3.8822878423161455e-05
732.0 7.714148750892491e-05
733.0 1.5789557161749457e-10
734.0 1.5789557161749457e-10
735.0 0.0003413390686546336
736.0 0.0008065383553912397
737.0 0.0006778425358788809
738.0 0.0005491465799423167
739.0 0.00035489497349772137
740.0 0.0001606432761036558
741.0 0.0006811464572820114
742.0 0.0012016497748845723
743.0 0.001343636540696025
744.0 0.0014856229427095968
745.0 0.0018751496099866927
746.0 0.0022646761863143183
747.0 0.0030088978746789508
748.0 0.003753119381144643
749.0 0.0034669825254241005
750.0 0.0031808463972993195
751.0 0.003488725269562565
752.0 0.00379660414182581
753.0 0.003152064891764894
754.0 0.0025075258236029185
755.0 0.002555227547418326
756.0 0.002602929816930555
757.0 0.002231897997262422
758.0 0.0018608658137964085
759.0 0.0014243311852624174
760.0 0.0009877964657789562
761.0 0.0009699565453047398
762.0 0.0009521167157799937
763.0 0.0007758557330816984
764.0 0.0005995946139591979
765.0 0.0006994609066168778
766.0 0.0007993272447492927
767.0 0.0007121630915207788
768.0 0.0006249987563933246
769.0 0.0005599966243607923
770.0 0.0004949942649545847
771.0 0.00036121068660577293
772.0 0.00022742697183275595
773.0 0.00036218568766344106
774.0 0.0004969443580193911
775.0 0.00040120207813743036
776.0 0.0003054597755181021
777.0 0.0005247350145509699
778.0 0.0007440099125233246
779.0 0.000846430157253053
780.0 0.0009488502655585762
781.0 0.0009419671187060885
782.0 0.0009350839718536008
783.0 0.0008704658284841571
784.0 0.0008058476851147134
785.0 0.0009256715202354826
786.0 0.0010454951734573115
787.0 0.0010438635399623308
788.0 0.0010422317245684098
789.0 0.000962125341175124
790.0 0.0008820189577818383
791.0 0.0009527412657917012
792.0 0.0010234633009531535
793.0 0.0005048210368840955
794.0 1.5789557161749457e-10
795.0 3.202152925041446e-05
796.0 7.786412652421859e-05
797.0 0.00022861074739921605
798.0 0.00037935731143079465
799.0 0.0002039265609710128
800.0 2.8495750825641153e-05
801.0 1.5789557161749457e-10
802.0 1.5789557161749457e-10
803.0 1.5789557161749457e-10
804.0 0.00018961239902637317
805.0 5.895679677792032e-06
806.0 1.5789557161749457e-10
807.0 1.5789557161749457e-10
808.0 1.5789557161749457e-10
809.0 0.00013715095974475844
810.0 0.0006368372851284221
811.0 1.5789557161749457e-10
812.0 1.5789557161749457e-10
813.0 1.5789557161749457e-10
814.0 0.0005720371063944185
815.0 0.0006111021320975851
816.0 0.0006501668849523412
817.0 0.0003427900765018421
818.0 3.541324247180455e-05
819.0 1.5789557161749457e-10
820.0 1.5789557161749457e-10
821.0 1.5789557161749457e-10
822.0 1.5789557161749457e-10
823.0 1.5789557161749457e-10
824.0 2.872943838383435e-06
825.0 1.5789557161749457e-10
826.0 1.5789557161749457e-10
827.0 2.6823263965525257e-05
828.0 0.00042817800931516103
829.0 0.00042266347008990124
830.0 0.00041714934013725724
831.0 2.976708302071529e-06
832.0 1.5789557161749457e-10
833.0 1.5789557161749457e-10
834.0 1.5789557161749457e-10
835.0 1.5789557161749457e-10
836.0 1.5789557161749457e-10
837.0 1.5789557161749457e-10
838.0 1.5789557161749457e-10
839.0 1.5789557161749457e-10
840.0 1.5789557161749457e-10
841.0 1.5789557161749457e-10
842.0 1.5789557161749457e-10
843.0 4.8479228098585736e-05
844.0 0.0001276396460525575
845.0 0.00020445795598789118
846.0 0.00028127626592322486
847.0 0.0001567800268276187
848.0 3.228371951990994e-05
849.0 0.00014188683508109534
850.0 0.00025148974600597285
851.0 0.00028270155780774076
852.0 0.00031391341508424375
853.0 8.69576751938439e-05
854.0 1.5789557161749457e-10
855.0 1.5789557161749457e-10
856.0 1.5789557161749457e-10
857.0 0.00023215725377667695
858.0 0.0006583876711374614
859.0 0.0004804692252946552
860.0 0.0003025507112397463
861.0 0.00046949476200097706
862.0 0.0006364387445501052
863.0 0.0007412108516291482
864.0 0.0008459826858597808
865.0 0.001436578622815432
866.0 0.002027174377872143
867.0 0.001777445140760392
868.0 0.0015277166312444024
869.0 0.0015415222151204944
870.0 0.0015553277989965864
871.0 0.0015002824511611834
872.0 0.0014452369214268401
873.0 0.0017026497516781092
874.0 0.001960062581929378
