lsstcam/qe_curve/r41_s20/19700101T000000.ecsv
# %ECSV 0.9
# ---
# datatype:
# - {name: amp_name, datatype: string}
# - {name: wavelength, unit: nm, datatype: float32}
# - {name: efficiency, unit: '%', datatype: float32}
# meta: !!omap
# - {MODE: AMP}
# - {TYPE: QE}
# - {CALIBDATE: '1970-01-01T00:00:00'}
# - {INSTRUME: LSSTCAM}
# - {OBSTYPE: qe_curve}
# - {DETECTOR: 168}
# - {PICKLEFILE: RaftRun12086.p}
# - {CALIB_ID: 'raftName=R41 detectorName=S20 detector=168 calibDate=1970-01-01T00:00:00 ccd=168 ccdnum=168 filter=None'}
# - {DATE: '2020-01-23T15:27:08.688423'}
# - {CALIB_CREATION_DATE: '2020-01-23'}
# - {CALIB_CREATION_TIME: '15:27:08'}
# - __serialized_columns__:
#     efficiency:
#       __class__: astropy.units.quantity.Quantity
#       unit: !astropy.units.Unit {unit: '%'}
#       value: !astropy.table.SerializedColumn {name: efficiency}
#     wavelength:
#       __class__: astropy.units.quantity.Quantity
#       unit: !astropy.units.Unit {unit: nm}
#       value: !astropy.table.SerializedColumn {name: wavelength}
# schema: astropy-2.0
amp_name wavelength efficiency
C16 319.994 45.778236
C16 324.969 46.72768
C16 349.982 53.560085
C16 374.975 70.23601
C16 400.019 85.5931
C16 424.965 88.34669
C16 450.035 88.57886
C16 475.003 88.29982
C16 500.018 87.906906
C16 525.002 87.18602
C16 550.029 88.344
C16 575.023 89.15324
C16 599.982 90.00553
C16 619.997 91.34592
C16 624.979 91.355225
C16 650.012 92.567764
C16 675.004 93.70719
C16 700.03 94.610504
C16 725.012 95.60845
C16 750.022 96.81842
C16 774.987 98.76731
C16 799.976 98.74144
C16 824.988 98.74878
C16 850.022 97.5844
C16 869.967 95.129555
C16 875.002 94.37344
C16 899.999 88.1319
C16 919.999 80.80792
C16 925.012 77.450195
C16 949.965 65.02525
C16 975.002 49.291824
C16 999.976 31.178406
C16 1025.028 15.363846
C16 1050.014 6.224453
C16 1075.002 3.402508
C16 1099.99 2.3882911
C05 319.994 45.450676
C05 324.969 46.150208
C05 349.982 52.02329
C05 374.975 68.62968
C05 400.019 85.1252
C05 424.965 88.845146
C05 450.035 89.4882
C05 475.003 89.258354
C05 500.018 88.71287
C05 525.002 87.773285
C05 550.029 88.70242
C05 575.023 89.29426
C05 599.982 89.98289
C05 619.997 91.22075
C05 624.979 91.2219
C05 650.012 92.35815
C05 675.004 93.47984
C05 700.03 94.43003
C05 725.012 95.62324
C05 750.022 97.129425
C05 774.987 99.38245
C05 799.976 99.499916
C05 824.988 99.494606
C05 850.022 98.35584
C05 869.967 95.914734
C05 875.002 95.14696
C05 899.999 88.43535
C05 919.999 80.67139
C05 925.012 77.162674
C05 949.965 64.134995
C05 975.002 48.787518
C05 999.976 31.413408
C05 1025.028 15.161132
C05 1050.014 6.0642323
C05 1075.002 3.474633
C05 1099.99 2.3993556
C03 319.994 45.514484
C03 324.969 46.308594
C03 349.982 52.536263
C03 374.975 69.1591
C03 400.019 85.23118
C03 424.965 88.612015
C03 450.035 89.14305
C03 475.003 88.93174
C03 500.018 88.4592
C03 525.002 87.60094
C03 550.029 88.59252
C03 575.023 89.22683
C03 599.982 89.9508
C03 619.997 91.20353
C03 624.979 91.21192
C03 650.012 92.36254
C03 675.004 93.487
C03 700.03 94.43941
C03 725.012 95.6319
C03 750.022 97.139015
C03 774.987 99.39559
C03 799.976 99.50414
C03 824.988 99.49944
C03 850.022 98.416595
C03 869.967 95.97712
C03 875.002 95.193596
C03 899.999 88.38691
C03 919.999 80.64971
C03 925.012 77.204254
C03 949.965 64.372795
C03 975.002 48.905315
C03 999.976 31.347866
C03 1025.028 15.085651
C03 1050.014 6.056759
C03 1075.002 3.4405422
C03 1099.99 2.39272
C07 319.994 45.075962
C07 324.969 45.69386
C07 349.982 51.273468
C07 374.975 67.799576
C07 400.019 84.658646
C07 424.965 88.73206
C07 450.035 89.466644
C07 475.003 89.14443
C07 500.018 88.530914
C07 525.002 87.580986
C07 550.029 88.46519
C07 575.023 89.02792
C07 599.982 89.688835
C07 619.997 90.85201
C07 624.979 90.91087
C07 650.012 92.046196
C07 675.004 93.10511
C07 700.03 94.06877
C07 725.012 95.271706
C07 750.022 96.82574
C07 774.987 99.07582
C07 799.976 99.21625
C07 824.988 99.22366
C07 850.022 98.023895
C07 869.967 95.73428
C07 875.002 95.016495
C07 899.999 88.44384
C07 919.999 80.4366
C07 925.012 76.90549
C07 949.965 63.98406
C07 975.002 48.752125
C07 999.976 31.472002
C07 1025.028 15.203965
C07 1050.014 6.089725
C07 1075.002 3.4632237
C07 1099.99 2.4037788
C01 319.994 45.531452
C01 324.969 46.415237
C01 349.982 52.958477
C01 374.975 69.599884
C01 400.019 85.291794
C01 424.965 88.372986
C01 450.035 88.801544
C01 475.003 88.63016
C01 500.018 88.226036
C01 525.002 87.429054
C01 550.029 88.48047
C01 575.023 89.14681
C01 599.982 89.88419
C01 619.997 91.15762
C01 624.979 91.155945
C01 650.012 92.30957
C01 675.004 93.44092
C01 700.03 94.37616
C01 725.012 95.51011
C01 750.022 96.92983
C01 774.987 99.09806
C01 799.976 99.16406
C01 824.988 99.162415
C01 850.022 98.0817
C01 869.967 95.66136
C01 875.002 94.89253
C01 899.999 88.14022
C01 919.999 80.457344
C01 925.012 77.02102
C01 949.965 64.18577
C01 975.002 48.697803
C01 999.976 31.13309
C01 1025.028 14.926904
C01 1050.014 6.0041146
C01 1075.002 3.4235997
C01 1099.99 2.383006
C11 319.994 45.62453
C11 324.969 46.346703
C11 349.982 52.328053
C11 374.975 68.99541
C11 400.019 85.40182
C11 424.965 88.90466
C11 450.035 89.34884
C11 475.003 88.956696
C11 500.018 88.368645
C11 525.002 87.473564
C11 550.029 88.50106
C11 575.023 89.23752
C11 599.982 90.05904
C11 619.997 91.37563
C11 624.979 91.392235
C11 650.012 92.59659
C11 675.004 93.74291
C11 700.03 94.64762
C11 725.012 95.633415
C11 750.022 96.82776
C11 774.987 98.75058
C11 799.976 98.71714
C11 824.988 98.72512
C11 850.022 97.3921
C11 869.967 94.89112
C11 875.002 94.16081
C11 899.999 87.96457
C11 919.999 80.45001
C11 925.012 77.05173
C11 949.965 64.03112
C11 975.002 48.387768
C11 999.976 30.978842
C11 1025.028 15.305088
C11 1050.014 6.242885
C11 1075.002 3.406096
C11 1099.99 2.3641496
C10 319.994 45.261818
C10 324.969 45.94615
C10 349.982 51.76932
C10 374.975 68.387436
C10 400.019 85.00851
C10 424.965 88.66692
C10 450.035 89.13148
C10 475.003 88.704956
C10 500.018 88.08439
C10 525.002 87.17363
C10 550.029 88.20732
C10 575.023 88.9602
C10 599.982 89.79687
C10 619.997 91.121635
C10 624.979 91.1425
C10 650.012 92.35976
C10 675.004 93.51665
C10 700.03 94.4271
C10 725.012 95.41784
C10 750.022 96.60559
C10 774.987 98.52083
C10 799.976 98.50105
C10 824.988 98.527214
C10 850.022 97.20311
C10 869.967 94.82179
C10 875.002 94.14094
C10 899.999 88.038704
C10 919.999 80.51161
C10 925.012 77.08325
C10 949.965 63.80238
C10 975.002 48.417786
C10 999.976 31.162231
C10 1025.028 15.264661
C10 1050.014 6.334933
C10 1075.002 3.4531248
C10 1099.99 2.360424
C14 319.994 45.76762
C14 324.969 46.629395
C14 349.982 53.15439
C14 374.975 69.83661
C14 400.019 85.58622
C14 424.965 88.60752
C14 450.035 88.89932
C14 475.003 88.54617
C14 500.018 88.06982
C14 525.002 87.29086
C14 550.029 88.40556
C14 575.023 89.19378
C14 599.982 90.04406
C14 619.997 91.37678
C14 624.979 91.40083
C14 650.012 92.61025
C14 675.004 93.75168
C14 700.03 94.66505
C14 725.012 95.69849
C14 750.022 96.955864
C14 774.987 98.94601
C14 799.976 98.92962
C14 824.988 98.92833
C14 850.022 97.706116
C14 869.967 95.16309
C14 875.002 94.38806
C14 899.999 88.056335
C14 919.999 80.65968
C14 925.012 77.30232
C14 949.965 64.85551
C14 975.002 49.12322
C14 999.976 31.080915
C14 1025.028 15.447989
C14 1050.014 6.2388787
C14 1075.002 3.3920882
C14 1099.99 2.3769445
C15 319.994 45.772705
C15 324.969 46.682995
C15 349.982 53.38215
C15 374.975 70.04726
C15 400.019 85.56411
C15 424.965 88.42304
C15 450.035 88.667
C15 475.003 88.34964
C15 500.018 87.91445
C15 525.002 87.17133
C15 550.029 88.31676
C15 575.023 89.124565
C15 599.982 89.98905
C15 619.997 91.32948
C15 624.979 91.34964
C15 650.012 92.56176
C15 675.004 93.70949
C15 700.03 94.62335
C15 725.012 95.65194
C15 750.022 96.9026
C15 774.987 98.88751
C15 799.976 98.87275
C15 824.988 98.87371
C15 850.022 97.69409
C15 869.967 95.21294
C15 875.002 94.45034
C15 899.999 88.16491
C15 919.999 80.78741
C15 925.012 77.429436
C15 949.965 65.00966
C15 975.002 49.280407
C15 999.976 31.198246
C15 1025.028 15.45982
C15 1050.014 6.247726
C15 1075.002 3.40469
C15 1099.99 2.3869796
C04 319.994 45.436295
C04 324.969 46.17941
C04 349.982 52.21238
C04 374.975 68.7973
C04 400.019 85.06361
C04 424.965 88.617455
C04 450.035 89.197395
C04 475.003 88.97341
C04 500.018 88.460266
C04 525.002 87.564156
C04 550.029 88.52076
C04 575.023 89.12914
C04 599.982 89.83291
C04 619.997 91.06843
C04 624.979 91.0782
C04 650.012 92.216515
C04 675.004 93.32794
C04 700.03 94.279045
C04 725.012 95.46841
C04 750.022 96.98141
C04 774.987 99.23197
C04 799.976 99.344086
C04 824.988 99.33911
C04 850.022 98.23077
C04 869.967 95.78455
C04 875.002 95.00677
C04 899.999 88.23261
C04 919.999 80.52177
C04 925.012 77.07153
C04 949.965 64.17392
C04 975.002 48.75486
C04 999.976 31.310892
C04 1025.028 15.116227
C04 1050.014 6.058486
C04 1075.002 3.4473367
C04 1099.99 2.3910706
C06 319.994 45.404217
C06 324.969 46.062695
C06 349.982 51.77408
C06 374.975 68.36051
C06 400.019 85.01658
C06 424.965 88.87058
C06 450.035 89.562065
C06 475.003 89.32371
C06 500.018 88.75017
C06 525.002 87.77383
C06 550.029 88.677025
C06 575.023 89.25074
C06 599.982 89.924904
C06 619.997 91.16316
C06 624.979 91.15579
C06 650.012 92.28797
C06 675.004 93.415436
C06 700.03 94.36245
C06 725.012 95.55761
C06 750.022 97.04406
C06 774.987 99.28767
C06 799.976 99.416245
C06 824.988 99.41321
C06 850.022 98.27046
C06 869.967 95.898766
C06 875.002 95.1621
C06 899.999 88.55593
C06 919.999 80.68028
C06 925.012 77.1097
C06 949.965 64.04748
C06 975.002 48.818035
C06 999.976 31.507828
C06 1025.028 15.208393
C06 1050.014 6.0808744
C06 1075.002 3.4887364
C06 1099.99 2.4057226
C02 319.994 45.58618
C02 324.969 46.427612
C02 349.982 52.824272
C02 374.975 69.46813
C02 400.019 85.35518
C02 424.965 88.581726
C02 450.035 89.04904
C02 475.003 88.85349
C02 500.018 88.411575
C02 525.002 87.586044
C02 550.029 88.6093
C02 575.023 89.26612
C02 599.982 90.00155
C02 619.997 91.266525
C02 624.979 91.26714
C02 650.012 92.42375
C02 675.004 93.55026
C02 700.03 94.49499
C02 725.012 95.67546
C02 750.022 97.154816
C02 774.987 99.38314
C02 799.976 99.47684
C02 824.988 99.47082
C02 850.022 98.391426
C02 869.967 95.965645
C02 875.002 95.18825
C02 899.999 88.39172
C02 919.999 80.67477
C02 925.012 77.22917
C02 949.965 64.407
C02 975.002 48.91681
C02 999.976 31.33176
C02 1025.028 15.053788
C02 1050.014 6.054182
C02 1075.002 3.442109
C02 1099.99 2.3939447
C12 319.994 45.6816
C12 324.969 46.44185
C12 349.982 52.58244
C12 374.975 69.267006
C12 400.019 85.49214
C12 424.965 88.8645
C12 450.035 89.27083
C12 475.003 88.89397
C12 500.018 88.33668
C12 525.002 87.47389
C12 550.029 88.51904
C12 575.023 89.26212
C12 599.982 90.08382
C12 619.997 91.39866
C12 624.979 91.418594
C12 650.012 92.62229
C12 675.004 93.75985
C12 700.03 94.66737
C12 725.012 95.670105
C12 750.022 96.89024
C12 774.987 98.83805
C12 799.976 98.80404
C12 824.988 98.80068
C12 850.022 97.483734
C12 869.967 94.863655
C12 875.002 94.08337
C12 899.999 87.74582
C12 919.999 80.310486
C12 925.012 76.944084
C12 949.965 64.23329
C12 975.002 48.4867
C12 999.976 30.874554
C12 1025.028 15.333411
C12 1050.014 6.1728935
C12 1075.002 3.3556762
C12 1099.99 2.3559997
C17 319.994 45.526318
C17 324.969 46.471268
C17 349.982 53.262413
C17 374.975 69.98278
C17 400.019 85.46637
C17 424.965 88.34022
C17 450.035 88.66457
C17 475.003 88.465775
C17 500.018 88.09492
C17 525.002 87.35822
C17 550.029 88.4695
C17 575.023 89.19906
C17 599.982 89.97346
C17 619.997 91.27057
C17 624.979 91.268326
C17 650.012 92.44251
C17 675.004 93.57267
C17 700.03 94.43758
C17 725.012 95.357254
C17 750.022 96.48215
C17 774.987 98.34326
C17 799.976 98.29292
C17 824.988 98.33404
C17 850.022 97.19542
C17 869.967 94.73483
C17 875.002 93.967674
C17 899.999 87.71322
C17 919.999 80.579445
C17 925.012 77.26445
C17 949.965 64.88908
C17 975.002 49.197845
C17 999.976 30.975962
C17 1025.028 15.226384
C17 1050.014 6.2166796
C17 1075.002 3.3976905
C17 1099.99 2.3823555
C00 319.994 45.35891
C00 324.969 46.259212
C00 349.982 52.860584
C00 374.975 69.56603
C00 400.019 85.26839
C00 424.965 88.35968
C00 450.035 88.80283
C00 475.003 88.651985
C00 500.018 88.269684
C00 525.002 87.48736
C00 550.029 88.52669
C00 575.023 89.16426
C00 599.982 89.876915
C00 619.997 91.12895
C00 624.979 91.13119
C00 650.012 92.273346
C00 675.004 93.38978
C00 700.03 94.29339
C00 725.012 95.36097
C00 750.022 96.69073
C00 774.987 98.75772
C00 799.976 98.78667
C00 824.988 98.797104
C00 850.022 97.71579
C00 869.967 95.29424
C00 875.002 94.53763
C00 899.999 87.84698
C00 919.999 80.286
C00 925.012 76.907104
C00 949.965 64.06029
C00 975.002 48.462086
C00 999.976 30.917383
C00 1025.028 14.881616
C00 1050.014 5.999025
C00 1075.002 3.4133577
C00 1099.99 2.3855217
C13 319.994 45.73991
C13 324.969 46.552574
C13 349.982 52.893467
C13 374.975 69.57921
C13 400.019 85.56337
C13 424.965 88.75024
C13 450.035 89.090416
C13 475.003 88.71696
C13 500.018 88.19591
C13 525.002 87.377914
C13 550.029 88.4582
C13 575.023 89.22647
C13 599.982 90.063385
C13 619.997 91.38392
C13 624.979 91.40982
C13 650.012 92.615974
C13 675.004 93.7512
C13 700.03 94.66452
C13 725.012 95.682556
C13 750.022 96.92536
C13 774.987 98.89464
C13 799.976 98.86493
C13 824.988 98.85467
C13 850.022 97.57129
C13 869.967 94.95788
C13 875.002 94.16682
C13 899.999 87.79486
C13 919.999 80.3809
C13 925.012 77.021416
C13 949.965 64.47323
C13 975.002 48.740986
C13 999.976 30.881939
C13 1025.028 15.387076
C13 1050.014 6.1780157
C13 1075.002 3.3567948
C13 1099.99 2.3574944
