lsstCam/transmission_filter_detector/r32_s10/u_24/19700101T000000.ecsv
# %ECSV 1.0
# ---
# datatype:
# - {name: wavelength, unit: nm, datatype: float32}
# - {name: efficiency, unit: '%', datatype: float64}
# meta: !!omap
# - {MODE: DETECTOR}
# - {TYPE: transmission_filter_detector}
# - {CALIBDATE: '1970-01-01T00:00:00'}
# - {INSTRUME: LSSTCam}
# - {OBSTYPE: transmission_filter_detector}
# - {CALIBCLS: lsst.ip.isr.IntermediateFilterDetectorTransmissionCurve}
# - {SOURCE: Materion (DM-46256)}
# - {DETECTOR: 138}
# - {FILTER: u_24}
# - {CALIB_ID: 'calibDate=1970-01-01T00:00:00 filter=u_24 detector=138'}
# - {DATE: '2025-04-02T15:59:40.389573'}
# - {CALIB_CREATION_DATE: '2025-04-02'}
# - {CALIB_CREATION_TIME: '15:59:40'}
# - __serialized_columns__:
#     efficiency:
#       __class__: astropy.units.quantity.Quantity
#       unit: !astropy.units.Unit {unit: '%'}
#       value: !astropy.table.SerializedColumn {name: efficiency}
#     wavelength:
#       __class__: astropy.units.quantity.Quantity
#       unit: !astropy.units.Unit {unit: nm}
#       value: !astropy.table.SerializedColumn {name: wavelength}
# schema: astropy-2.0
wavelength efficiency
295.0 1.5846102641853266e-10
296.0 1.5846102641853266e-10
297.0 0.1405769493430853
298.0 1.5846102641853266e-10
299.0 0.18346360884606838
300.0 0.010485164966667071
301.0 1.5846102641853266e-10
302.0 0.2577005885541439
303.0 1.5846102641853266e-10
304.0 1.5846102641853266e-10
305.0 0.6650091614574194
306.0 1.274155080318451
307.0 2.5431426241993904
308.0 4.5021384954452515
309.0 7.419118285179138
310.0 10.487526655197144
311.0 14.180821180343628
312.0 17.96364188194275
313.0 21.208199858665466
314.0 24.07943159341812
315.0 26.742306351661682
316.0 28.791773319244385
317.0 31.232649087905884
318.0 33.744147419929504
319.0 37.038856744766235
320.0 41.927698254585266
321.0 47.02323377132416
322.0 53.02784442901611
323.0 58.63264799118042
324.0 63.499391078948975
325.0 67.00575351715088
326.0 69.60539817810059
327.0 71.54861092567444
328.0 73.4872817993164
329.0 74.8589038848877
330.0 76.24033093452454
331.0 77.27878093719482
332.0 77.66565680503845
333.0 77.92028784751892
334.0 77.7163565158844
335.0 77.90486812591553
336.0 77.93611288070679
337.0 78.35913300514221
338.0 79.22492027282715
339.0 79.84884977340698
340.0 80.3239107131958
341.0 80.86210489273071
342.0 81.17039799690247
343.0 81.1345100402832
344.0 81.26149773597717
345.0 81.54134154319763
346.0 81.80602192878723
347.0 82.15969800949097
348.0 82.45592713356018
349.0 82.67099857330322
350.0 82.72995352745056
351.0 82.93836116790771
352.0 82.78422355651855
353.0 82.74335265159607
354.0 82.67393112182617
355.0 82.85732865333557
356.0 83.10686945915222
357.0 82.9039990901947
358.0 82.66876339912415
359.0 82.44810104370117
360.0 82.41963386535645
361.0 82.26848244667053
362.0 82.07608461380005
363.0 82.22106099128723
364.0 82.2924792766571
365.0 82.50221610069275
366.0 82.59803652763367
367.0 82.6902985572815
368.0 82.5813353061676
369.0 82.56106376647949
370.0 82.24811553955078
371.0 82.03091025352478
372.0 81.92815780639648
373.0 82.09028840065002
374.0 82.05753564834595
375.0 82.43451118469238
376.0 82.4780821800232
377.0 82.52067565917969
378.0 82.54541754722595
379.0 82.3345959186554
380.0 81.7475438117981
381.0 80.57908415794373
382.0 78.89302372932434
383.0 76.9263505935669
384.0 74.84263777732849
385.0 72.54027724266052
386.0 70.12441754341125
387.0 66.98519587516785
388.0 63.83146643638611
389.0 60.057055950164795
390.0 56.22510313987732
391.0 52.015042304992676
392.0 47.6178377866745
393.0 43.675410747528076
394.0 40.372392535209656
395.0 37.18096613883972
396.0 33.91442894935608
397.0 29.73337471485138
398.0 24.865318834781647
399.0 18.62189471721649
400.0 12.398917973041534
401.0 7.358952611684799
402.0 3.5793546587228775
403.0 1.3269334100186825
404.0 0.40296241641044617
405.0 0.1513613504357636
406.0 0.05792820593342185
407.0 0.05518798716366291
408.0 0.01325499324593693
409.0 1.5846102641853266e-10
410.0 0.0021597688828478567
411.0 1.5846102641853266e-10
412.0 1.5846102641853266e-10
413.0 1.5846102641853266e-10
414.0 1.5846102641853266e-10
415.0 1.5846102641853266e-10
416.0 1.5846102641853266e-10
417.0 1.5846102641853266e-10
418.0 1.5846102641853266e-10
419.0 1.5846102641853266e-10
420.0 1.5846102641853266e-10
421.0 1.5846102641853266e-10
422.0 1.5846102641853266e-10
423.0 1.5846102641853266e-10
424.0 1.5846102641853266e-10
425.0 1.5846102641853266e-10
426.0 0.00046862046474416275
427.0 6.573754376404395e-05
428.0 1.5846102641853266e-10
429.0 1.5846102641853266e-10
430.0 1.5846102641853266e-10
431.0 1.5846102641853266e-10
432.0 1.5846102641853266e-10
433.0 1.5846102641853266e-10
434.0 1.5846102641853266e-10
435.0 1.5846102641853266e-10
436.0 0.0008379313840123359
437.0 9.461596164328512e-05
438.0 1.5846102641853266e-10
439.0 6.85963129853917e-05
440.0 0.0007858929166104645
441.0 1.5846102641853266e-10
442.0 1.5846102641853266e-10
443.0 1.5846102641853266e-10
444.0 1.5846102641853266e-10
445.0 1.5846102641853266e-10
446.0 1.5846102641853266e-10
447.0 1.5846102641853266e-10
448.0 1.5846102641853266e-10
449.0 1.5846102641853266e-10
450.0 1.5846102641853266e-10
451.0 1.5846102641853266e-10
452.0 0.0002589450105006108
453.0 6.343219638438313e-05
454.0 1.5846102641853266e-10
455.0 1.5846102641853266e-10
456.0 1.5846102641853266e-10
457.0 1.5846102641853266e-10
458.0 1.5846102641853266e-10
459.0 1.5846102641853266e-10
460.0 3.0205896450752334e-05
461.0 1.5846102641853266e-10
462.0 1.5846102641853266e-10
463.0 1.5846102641853266e-10
464.0 0.00016736917132220697
465.0 1.5846102641853266e-10
466.0 1.5846102641853266e-10
467.0 1.5846102641853266e-10
468.0 1.5846102641853266e-10
469.0 1.5846102641853266e-10
470.0 1.5846102641853266e-10
471.0 5.3710226666225935e-05
472.0 0.00021304256279108813
473.0 1.5846102641853266e-10
474.0 1.5846102641853266e-10
475.0 1.5846102641853266e-10
476.0 1.5846102641853266e-10
477.0 1.5846102641853266e-10
478.0 1.5846102641853266e-10
479.0 1.5846102641853266e-10
480.0 1.5846102641853266e-10
481.0 1.5846102641853266e-10
482.0 1.5846102641853266e-10
483.0 1.5846102641853266e-10
484.0 0.000297463225251704
485.0 0.00029596708372992
486.0 0.0002944707148344605
487.0 1.5846102641853266e-10
488.0 1.5846102641853266e-10
489.0 1.5846102641853266e-10
490.0 1.5846102641853266e-10
491.0 1.5846102641853266e-10
492.0 1.5846102641853266e-10
493.0 1.5846102641853266e-10
494.0 1.5846102641853266e-10
495.0 1.5846102641853266e-10
496.0 1.5846102641853266e-10
497.0 1.5846102641853266e-10
498.0 1.5846102641853266e-10
499.0 1.5846102641853266e-10
500.0 1.5846102641853266e-10
501.0 1.5846102641853266e-10
502.0 1.5846102641853266e-10
503.0 1.5846102641853266e-10
504.0 4.436224401160871e-05
505.0 1.5846102641853266e-10
506.0 1.5846102641853266e-10
507.0 1.5846102641853266e-10
508.0 1.5846102641853266e-10
509.0 1.5846102641853266e-10
510.0 1.5846102641853266e-10
511.0 1.5846102641853266e-10
512.0 0.000159935314059112
513.0 7.778746180520102e-05
514.0 1.5846102641853266e-10
515.0 1.5846102641853266e-10
516.0 1.5846102641853266e-10
517.0 1.5846102641853266e-10
518.0 1.5846102641853266e-10
519.0 1.5846102641853266e-10
520.0 1.5846102641853266e-10
521.0 1.5846102641853266e-10
522.0 1.5846102641853266e-10
523.0 1.5846102641853266e-10
524.0 1.5846102641853266e-10
525.0 1.5846102641853266e-10
526.0 1.5846102641853266e-10
527.0 1.5846102641853266e-10
528.0 1.5846102641853266e-10
529.0 1.5846102641853266e-10
530.0 1.5846102641853266e-10
531.0 1.5846102641853266e-10
532.0 1.5846102641853266e-10
533.0 4.5703410478381556e-05
534.0 0.0006240880793484394
535.0 5.55911242372531e-05
536.0 1.5846102641853266e-10
537.0 1.5846102641853266e-10
538.0 1.5846102641853266e-10
539.0 1.5846102641853266e-10
540.0 1.5846102641853266e-10
541.0 1.5846102641853266e-10
542.0 1.5846102641853266e-10
543.0 1.5846102641853266e-10
544.0 1.5846102641853266e-10
545.0 0.00013755941381532466
546.0 0.00028467497941164766
547.0 0.00016180321154024568
548.0 3.8931435142330884e-05
549.0 4.759629064210458e-05
550.0 5.626108645628847e-05
551.0 3.909298129656236e-05
552.0 2.1924967086306424e-05
553.0 1.5846102641853266e-10
554.0 1.5846102641853266e-10
555.0 1.5846102641853266e-10
556.0 1.5846102641853266e-10
557.0 1.5846102641853266e-10
558.0 1.5846102641853266e-10
559.0 6.608696256904523e-07
560.0 0.00016401546645283815
561.0 0.00012273134188944823
562.0 8.144716616698133e-05
563.0 1.5846102641853266e-10
564.0 1.5846102641853266e-10
565.0 1.5846102641853266e-10
566.0 1.5846102641853266e-10
567.0 1.5846102641853266e-10
568.0 1.5846102641853266e-10
569.0 5.671610097124358e-05
570.0 0.00020267059426259948
571.0 0.00020804795894946437
572.0 0.0002134253918484319
573.0 0.0002723317948039039
574.0 0.00033123822049674345
575.0 0.00028881736398034263
576.0 0.0002463965074639418
577.0 0.0001830985752349079
578.0 0.00011980064300587401
579.0 0.0003880652002408169
580.0 0.0006563297574757598
581.0 0.0008102113497443497
582.0 0.0009640928510634694
583.0 0.001222489845531527
584.0 0.0014808866581006441
585.0 0.0014003648175275885
586.0 0.001319843067904003
587.0 0.000968713629845297
588.0 0.0006175841008371208
589.0 0.0008042565241339616
590.0 0.0009909288564813323
591.0 0.0008895996870705858
592.0 0.0007882706086093094
593.0 0.0007382525382126914
594.0 0.0006882346042402787
595.0 0.0007231729341583559
596.0 0.0007581114459753735
597.0 0.0009616253919375595
598.0 0.0011651390195765998
599.0 0.0012002072253380902
600.0 0.0012352754310995806
601.0 0.0015640662240912206
602.0 0.0018928571080323309
603.0 0.001878598595794756
604.0 0.001864340083557181
605.0 0.0018999324311153032
606.0 0.0019355249605723657
607.0 0.001552317917230539
608.0 0.001169110691989772
609.0 0.0007674191692785826
610.0 0.00036572746466845274
611.0 0.00047124071897997055
612.0 0.0005767539732914884
613.0 0.0005367811809264822
614.0 0.0004968083430867409
615.0 0.0005018863703298848
616.0 0.0005069641247246182
617.0 0.0005347567821445409
618.0 0.0005625493486149935
619.0 0.0005460185548145091
620.0 0.0005294877610140247
621.0 0.0005117419732414419
622.0 0.000493996139994124
623.0 0.0004122759037272772
624.0 0.0003305555992483278
625.0 0.0005149308435647981
626.0 0.000699306110618636
627.0 0.0007793021723045968
628.0 0.000859298506838968
629.0 0.0007873641152400523
630.0 0.0007154295872169314
631.0 0.0010815558198373765
632.0 0.0014476821888820268
633.0 0.0019089473425992765
634.0 0.002370212496316526
635.0 0.002572633638919797
636.0 0.002775054963422008
637.0 0.0025395967895747162
638.0 0.002304138797626365
639.0 0.0021873369405511767
640.0 0.0020705350834759884
641.0 0.0018827855456038378
642.0 0.0016950360077316873
643.0 0.0012473963579395786
644.0 0.0007997566171979997
645.0 0.000270513305622444
646.0 1.5846102641853266e-10
647.0 1.5846102641853266e-10
648.0 0.00019536585114110494
649.0 8.891185530046641e-05
650.0 1.5846102641853266e-10
651.0 0.0003095452257184661
652.0 0.000636632557871053
653.0 0.0007578597433166578
654.0 0.0008790870197117329
655.0 0.001159215116786072
656.0 0.0014393433957593516
657.0 0.0018131919205188751
658.0 0.0021870404452783987
659.0 0.0026184814487351105
660.0 0.0030499220883939415
661.0 0.0030451794373220764
662.0 0.0030404364224523306
663.0 0.0030112267268123105
664.0 0.0029820166673744097
665.0 0.0024833736461005174
666.0 0.001984730624826625
667.0 0.0018457110854797065
668.0 0.0017066917280317284
669.0 0.0013573825526691508
670.0 0.0010080736501549836
671.0 0.000746909518056782
672.0 0.0004857454314333154
673.0 0.0005374309694161639
674.0 0.0005891165983484825
675.0 0.0006490317446150584
676.0 0.0007089467999321641
677.0 0.000825251845526509
678.0 0.0009415569365955889
679.0 0.001511019127065083
680.0 0.002080481317534577
681.0 0.003103177368757315
682.0 0.004125872874283232
683.0 0.005326002428773791
684.0 0.006526131619466469
685.0 0.007396641012746841
686.0 0.008267151861218736
687.0 0.007925519457785413
688.0 0.007583887781947851
689.0 0.006956852303119376
690.0 0.006329817551886663
691.0 0.005383525058277883
692.0 0.004437232928466983
693.0 0.0035163102438673377
694.0 0.0025953875592676923
695.0 0.002081126149278134
696.0 0.0015668649211875163
697.0 0.0012550990504678339
698.0 0.0009433332706976216
699.0 0.0008368195267394185
700.0 0.0007303057373064803
701.0 0.0007106179509719368
702.0 0.0006909301191626582
703.0 0.00046881946218491066
704.0 0.0002467087142576929
705.0 0.0005867248546564952
706.0 0.0009267409950552974
707.0 0.0009284044608648401
708.0 0.0009300680176238529
709.0 0.0009185550879919901
710.0 0.0009070421583601274
711.0 0.0006960088740015635
712.0 0.00048497545321879443
713.0 0.000588022112424369
714.0 0.0006910688171046786
715.0 0.0005824880190630211
716.0 0.0004739072664960986
717.0 0.0006455913535319269
718.0 0.00081727539509302
719.0 0.0007500550054828636
720.0 0.0006828345703979721
721.0 0.0004898688075627433
722.0 0.00029690302199014695
723.0 0.00033369087759638205
724.0 0.0003704787104652496
725.0 0.00024676162411196856
726.0 0.00012304448091526865
727.0 2.9728445838372863e-05
728.0 1.5846102641853266e-10
729.0 3.500073262330261e-05
730.0 0.00013358918522499152
731.0 0.0002423724026812124
732.0 0.00035115572245558724
733.0 0.00037305003388610203
734.0 0.000394944436266087
735.0 0.0004453810106497258
736.0 0.0004958176759828348
737.0 0.0004743154022435192
738.0 0.0004528131739789387
739.0 0.0006022313300491078
740.0 0.0007516494861192768
741.0 0.0010111199117091019
742.0 0.0012705902918241918
743.0 0.0016354450053768232
744.0 0.0020002995370305143
745.0 0.0024256109099951573
746.0 0.00285092210106086
747.0 0.0027647545721265487
748.0 0.002678586679394357
749.0 0.002951633359771222
750.0 0.003224680040148087
751.0 0.0032349344110116363
752.0 0.003245188418077305
753.0 0.003231336086173542
754.0 0.003217483390471898
755.0 0.002978134580189362
756.0 0.0027387857699068263
757.0 0.0025141078367596492
758.0 0.002289429903612472
759.0 0.001846494160417933
760.0 0.0014035583262739237
761.0 0.0011165692740178201
762.0 0.0008295804946101271
763.0 0.0004909460130875232
764.0 0.00015231170209517586
765.0 0.00016137339571287157
766.0 0.00017043510069925105
767.0 0.00046171212488843594
768.0 0.0007529891718149884
769.0 0.0006554259016411379
770.0 0.0005578627224167576
771.0 0.0007005180123087484
772.0 0.0008431733476754744
773.0 0.0007790686140651815
774.0 0.0007149638349801535
775.0 0.0006893401859997539
776.0 0.0006637167189182946
777.0 0.0005467816663440317
778.0 0.0004298466592445038
779.0 0.0006188217412272934
780.0 0.0008077966413111426
781.0 0.000979687047220068
782.0 0.0011515774531289935
783.0 0.0010067609764519148
784.0 0.0008619443178758956
785.0 0.001052274092216976
786.0 0.0012426037756085861
787.0 0.0011422370334912557
788.0 0.0010418703823233955
789.0 0.000994651418295689
790.0 0.0009474323633185122
791.0 0.0008784388228377793
792.0 0.0008094451914075762
793.0 0.0007812562216713559
794.0 0.0007530674338340759
795.0 0.0006797003607061924
796.0 0.0006063332421035739
797.0 0.0004004044512839755
798.0 0.0001944755922522745
799.0 0.00016026004914238
800.0 0.00012604460835063946
801.0 0.00012446278105926467
802.0 0.00012288109019209514
803.0 6.309303444140824e-05
804.0 3.304992191033307e-06
805.0 1.5846102641853266e-10
806.0 1.5846102641853266e-10
807.0 6.656455866504984e-05
808.0 0.0002938387069661985
809.0 0.00020078211946383817
810.0 0.00010772547511805897
811.0 0.00014622601156588644
812.0 0.00018472662759450031
813.0 1.5846102641853266e-10
814.0 1.5846102641853266e-10
815.0 8.952355301516945e-05
816.0 0.00040919840103015304
817.0 0.00036925232507201144
818.0 0.00032930634006334003
819.0 0.00015774063513163128
820.0 1.5846102641853266e-10
821.0 1.5846102641853266e-10
822.0 1.5846102641853266e-10
823.0 1.5846102641853266e-10
824.0 1.5846102641853266e-10
825.0 1.5846102641853266e-10
826.0 9.644599003877374e-05
827.0 5.051659286436916e-05
828.0 4.587117174992272e-06
829.0 1.5846102641853266e-10
830.0 1.5846102641853266e-10
831.0 1.5846102641853266e-10
832.0 1.5846102641853266e-10
833.0 1.5846102641853266e-10
834.0 0.0001255088022844575
835.0 1.5846102641853266e-10
836.0 1.5846102641853266e-10
837.0 1.5846102641853266e-10
838.0 0.00016880247812878224
839.0 1.5846102641853266e-10
840.0 1.5846102641853266e-10
841.0 1.5846102641853266e-10
842.0 1.5846102641853266e-10
843.0 1.5846102641853266e-10
844.0 0.00013446144748741062
845.0 0.0001200073256768519
846.0 0.00010555326070971205
847.0 1.5846102641853266e-10
848.0 1.5846102641853266e-10
849.0 1.5846102641853266e-10
850.0 0.0002672649316082243
851.0 0.0001278437594010029
852.0 1.5846102641853266e-10
853.0 1.5846102641853266e-10
854.0 1.5846102641853266e-10
855.0 1.5846102641853266e-10
856.0 7.286811865014897e-05
857.0 0.000205049855139805
858.0 0.00033723154047038406
859.0 0.0005722338755731471
860.0 0.0008072360287769698
861.0 0.0008646853530080989
862.0 0.000922134677239228
863.0 0.0010858614587050397
864.0 0.0012495883311203215
865.0 0.0010730379472079221
866.0 0.0008964874723460525
867.0 0.001154151414084481
868.0 0.0014118151739239693
869.0 0.0015107838407857344
870.0 0.001609752325748559
871.0 0.0016191406757570803
872.0 0.0016285288438666612
873.0 0.0022846157662570477
874.0 0.0029407028705463745
