lsstCam/transmission_filter_detector/r32_s10/u_24/19700101T000000.ecsv
# %ECSV 1.0
# ---
# datatype:
# - {name: wavelength, unit: nm, datatype: float32}
# - {name: efficiency, unit: '%', datatype: float64}
# meta: !!omap
# - {MODE: DETECTOR}
# - {TYPE: transmission_filter_detector}
# - {CALIBDATE: '1970-01-01T00:00:00'}
# - {INSTRUME: LSSTCam}
# - {OBSTYPE: transmission_filter_detector}
# - {CALIBCLS: lsst.ip.isr.IntermediateFilterDetectorTransmissionCurve}
# - {SOURCE: Materion (DM-46256)}
# - {DETECTOR: 138}
# - {FILTER: u_24}
# - {CALIB_ID: 'calibDate=1970-01-01T00:00:00 filter=u_24 detector=138'}
# - {DATE: '2025-04-02T15:59:40.389573'}
# - {CALIB_CREATION_DATE: '2025-04-02'}
# - {CALIB_CREATION_TIME: '15:59:40'}
# - __serialized_columns__:
#     efficiency:
#       __class__: astropy.units.quantity.Quantity
#       unit: !astropy.units.Unit {unit: '%'}
#       value: !astropy.table.SerializedColumn {name: efficiency}
#     wavelength:
#       __class__: astropy.units.quantity.Quantity
#       unit: !astropy.units.Unit {unit: nm}
#       value: !astropy.table.SerializedColumn {name: wavelength}
# schema: astropy-2.0
wavelength efficiency
[from data line 581]
876.0 0.002693749593163375
877.0 0.002796313310682308
878.0 0.0028988773919991218
879.0 0.0027001904527423903
880.0 0.0025015036953845993
881.0 0.0025445411665714346
882.0 0.002587578273960389
883.0 0.0025020373868755996
884.0 0.0024164963178918697
885.0 0.002379497527726926
886.0 0.002342498737561982
887.0 0.0021777614165330306
888.0 0.0020130239136051387
889.0 0.00234691960940836
890.0 0.002680815123312641
891.0 0.0028227659640833735
892.0 0.002964717168651987
893.0 0.0029456921765813604
894.0 0.0029266673664096743
895.0 0.003153916622977704
896.0 0.0033811655157478526
897.0 0.003426278635743074
898.0 0.0034713917557382956
899.0 0.003536407893989235
900.0 0.003601424759835936
901.0 0.003948700032196939
902.0 0.004295975304557942
903.0 0.004406343214213848
904.0 0.004516711123869754
905.0 0.004824992720386945
906.0 0.005133273953106254
907.0 0.005185004556551576
908.0 0.005236735523794778
909.0 0.0053627714805770665
910.0 0.005488807801157236
911.0 0.0054240455938270316
912.0 0.005359283022698946
913.0 0.005152331505087204
914.0 0.0049453796236775815
915.0 0.004709375571110286
916.0 0.00447337151854299
917.0 0.00432307060691528
918.0 0.00417276933148969
919.0 0.004251442078384571
920.0 0.004330115189077333
921.0 0.004560387606034055
922.0 0.004790659659192897
923.0 0.005177823550184257
924.0 0.005564987077377737
925.0 0.005841948950546794
926.0 0.006118910823715851
927.0 0.006368582398863509
928.0 0.006618253974011168
929.0 0.007016938616288826
930.0 0.007415624713758007
931.0 0.007402076153084636
932.0 0.007388528320007026
933.0 0.007680730777792633
934.0 0.007972932507982478
935.0 0.007774100959068164
936.0 0.007575267954962328
937.0 0.00702650286257267
938.0 0.006477738497778773
939.0 0.006333417695714161
940.0 0.006189096166053787
941.0 0.005524407606571913
942.0 0.004859720138483681
943.0 0.0042526633478701115
944.0 0.003645606921054423
945.0 0.0031276529625756666
946.0 0.00260969882219797
947.0 0.002173642860725522
948.0 0.0017375865354551934
949.0 0.0015316003555199131
950.0 0.001325614175584633
951.0 0.0014839220966678113
952.0 0.0016422298358520493
953.0 0.0017392372683389112
954.0 0.0018362447008257732
955.0 0.001989933844015468
956.0 0.002143622623407282
957.0 0.002240618232463021
958.0 0.0023376136596198194
959.0 0.0025836417989921756
960.0 0.002829669574566651
961.0 0.003411964644328691
962.0 0.003994259532191791
963.0 0.004030593845527619
964.0 0.004066928158863448
965.0 0.004396041913423687
966.0 0.004725155667983927
967.0 0.004587434159475379
968.0 0.0044497126509668306
969.0 0.004578664447763003
970.0 0.0047076158807612956
971.0 0.004632000491255894
972.0 0.004556385101750493
973.0 0.0044579661334864795
974.0 0.004359547165222466
975.0 0.004206167432130314
976.0 0.004052787699038163
977.0 0.003442059096414596
978.0 0.002831330493791029
979.0 0.0027186344595975243
980.0 0.0026059384254040197
981.0 0.0025581610316294245
982.0 0.00251038381975377
983.0 0.0025249761165468954
984.0 0.0025395687771379016
985.0 0.0027841153496410698
986.0 0.003028662467841059
987.0 0.003318997551104985
988.0 0.0036093326343689114
989.0 0.00411006658396218
990.0 0.004610800897353329
991.0 0.005049597530160099
992.0 0.005488394890562631
993.0 0.0060098725953139365
994.0 0.006531349936267361
995.0 0.006555704749189317
996.0 0.006580059562111273
997.0 0.0063749692344572395
998.0 0.006169878906803206
999.0 0.006196487083798274
1000.0 0.006223095988389105
1001.0 0.006363852298818529
1002.0 0.006504609336843714
1003.0 0.006241070514079183
1004.0 0.0059775316913146526
1005.0 0.005633189357467927
1006.0 0.005288846659823321
1007.0 0.005168161806068383
1008.0 0.005047478043707088
1009.0 0.004574149716063403
1010.0 0.004100821752217598
1011.0 0.00392781694245059
1012.0 0.0037548124964814633
1013.0 0.003083364208578132
1014.0 0.002411915920674801
1015.0 0.002108228909492027
1016.0 0.0018045418983092532
1017.0 0.001524138315289747
1018.0 0.001243734823219711
1019.0 0.0012601149137481116
1020.0 0.0012764950042765122
1021.0 0.001263244939764263
1022.0 0.0012499949662014842
1023.0 0.0012658933883358259
1024.0 0.0012817919014196377
1025.0 0.001216573036799673
1026.0 0.0011513544450281188
1027.0 0.0013720181414100807
1028.0 0.0015926816558931023
1029.0 0.0015756171706016175
1030.0 0.0015585528672090732
1031.0 0.0016797655916889198
1032.0 0.0018009784980677068
1033.0 0.0016964444512268528
1034.0 0.0015919102224870585
1035.0 0.001460190014768159
1036.0 0.0013284692613524385
1037.0 0.0016647292795823887
1038.0 0.0020009891159133986
1039.0 0.001818751661630813
1040.0 0.0016365143892471679
1041.0 0.001690341014182195
1042.0 0.001744167457218282
1043.0 0.0015936831914586946
1044.0 0.0014431991075980477
1045.0 0.0017310863768216223
1046.0 0.002018973646045197
1047.0 0.0020409172066138126
1048.0 0.002062860585283488
1049.0 0.0019881248590536416
1050.0 0.001913389132823795
1051.0 0.001740610423439648
1052.0 0.0015678320778533816
1053.0 0.001440903088223422
1054.0 0.0013139741895429324
1055.0 0.00144015821206267
1056.0 0.0015663423255318776
1057.0 0.0010896938874793705
1058.0 0.0006130457222752739
1059.0 0.0007001520771154901
1060.0 0.0007872586138546467
1061.0 0.0010158647455682512
1062.0 0.0012444710591807961
1063.0 0.0010196355106018018
1064.0 0.0007948001439217478
1065.0 0.0010082866538141388
1066.0 0.0012217733456054702
1067.0 0.0016172587493201718
1068.0 0.002012743971135933
1069.0 0.002272275378345512
1070.0 0.0025318067855550908
1071.0 0.0023651762603549287
1072.0 0.0021985457351547666
1073.0 0.002056164521491155
1074.0 0.0019137833078275435
1075.0 0.0020649164071073756
1076.0 0.002216049688286148
1077.0 0.0024952223611762747
1078.0 0.0027743952159653418
1079.0 0.0037739220715593547
1080.0 0.004773448745254427
1081.0 0.005078230606159195
1082.0 0.005383012467063963
1083.0 0.005091000275569968
1084.0 0.004798987356480211
1085.0 0.004816250293515623
1086.0 0.004833513594348915
1087.0 0.004020856795250438
1088.0 0.0032081999961519614
1089.0 0.00459744333056733
1090.0 0.005986686301184818
1091.0 0.004854366852669045
1092.0 0.003722047040355392
1093.0 0.004023419023724273
1094.0 0.004324791370891035
1095.0 0.004191357584204525
1096.0 0.004057924161315896
1097.0 0.003968217424699105
1098.0 0.0038785114156780764
1099.0 0.0035015909816138446
1100.0 0.0031246712751453742
