lsstCam/transmission_filter_detector/r03_s20/u_24/19700101T000000.ecsv
# %ECSV 1.0
# ---
# datatype:
# - {name: wavelength, unit: nm, datatype: float32}
# - {name: efficiency, unit: '%', datatype: float64}
# meta: !!omap
# - {MODE: DETECTOR}
# - {TYPE: transmission_filter_detector}
# - {CALIBDATE: '1970-01-01T00:00:00'}
# - {INSTRUME: LSSTCam}
# - {OBSTYPE: transmission_filter_detector}
# - {CALIBCLS: lsst.ip.isr.IntermediateFilterDetectorTransmissionCurve}
# - {SOURCE: Materion (DM-46256)}
# - {DETECTOR: 24}
# - {FILTER: u_24}
# - {CALIB_ID: 'calibDate=1970-01-01T00:00:00 filter=u_24 detector=24'}
# - {DATE: '2025-04-02T15:59:39.859948'}
# - {CALIB_CREATION_DATE: '2025-04-02'}
# - {CALIB_CREATION_TIME: '15:59:39'}
# - __serialized_columns__:
#     efficiency:
#       __class__: astropy.units.quantity.Quantity
#       unit: !astropy.units.Unit {unit: '%'}
#       value: !astropy.table.SerializedColumn {name: efficiency}
#     wavelength:
#       __class__: astropy.units.quantity.Quantity
#       unit: !astropy.units.Unit {unit: nm}
#       value: !astropy.table.SerializedColumn {name: wavelength}
# schema: astropy-2.0
wavelength efficiency
[from data line 587]
882.0 0.0031712253985460848
883.0 0.00303938959405059
884.0 0.002907554153352976
885.0 0.0027592197511694394
886.0 0.0026108855308848433
887.0 0.0024066570404102094
888.0 0.002202428731834516
889.0 0.0020699471861007623
890.0 0.0019374656403670087
891.0 0.002257477717648726
892.0 0.002577489794930443
893.0 0.002425533784844447
894.0 0.0022735770471626893
895.0 0.002795999898808077
896.0 0.0033184220228577033
897.0 0.003723733243532479
898.0 0.004129044100409374
899.0 0.004372965486254543
900.0 0.004616886144503951
901.0 0.0043287080188747495
902.0 0.004040529893245548
903.0 0.004446010279934853
904.0 0.004851490302826278
905.0 0.004965742482454516
906.0 0.005079994662082754
907.0 0.005562937803915702
908.0 0.00604588130954653
909.0 0.006012173616909422
910.0 0.005978466651868075
911.0 0.006007029878674075
912.0 0.006035593833075836
913.0 0.005947583485976793
914.0 0.005859572411281988
915.0 0.005140664870850742
916.0 0.004421757694217376
917.0 0.00413648558605928
918.0 0.0038512142054969445
919.0 0.0040802104194881395
920.0 0.004309206633479334
921.0 0.004550976154860109
922.0 0.004792745312443003
923.0 0.005672366387443617
924.0 0.006551986007252708
925.0 0.006744513666490093
926.0 0.006937042053323239
927.0 0.007461302448064089
928.0 0.007985559932421893
929.0 0.007837553130229935
930.0 0.007689546328037977
931.0 0.0071105678216554224
932.0 0.006531588587677106
933.0 0.006428220513043925
934.0 0.0063248531660065055
935.0 0.006580119952559471
936.0 0.006835386739112437
937.0 0.0071314978413283825
938.0 0.0074276111263316125
939.0 0.007202703272923827
940.0 0.006977795419516042
941.0 0.006232976011233404
942.0 0.005488155875355005
943.0 0.004457928298506886
944.0 0.0034277014492545277
945.0 0.0027106038032798097
946.0 0.0019935067030019127
947.0 0.0017697035218589008
948.0 0.0015459003407158889
949.0 0.0013906415915698744
950.0 0.0012353826605249196
951.0 0.00116524170152843
952.0 0.0010951007425319403
953.0 0.0014596268556488212
954.0 0.001824152968765702
955.0 0.0022950684069655836
956.0 0.0027659834813675843
957.0 0.0028650851163547486
958.0 0.002964185841847211
959.0 0.0031504936487181112
960.0 0.00333680072799325
961.0 0.003749535244423896
962.0 0.0041622693970566615
963.0 0.004331650779931806
964.0 0.0045010321628069505
965.0 0.004479592462303117
966.0 0.004458153125597164
967.0 0.004578797961585224
968.0 0.004699443161371164
969.0 0.0046612400183221325
970.0 0.004623036875273101
971.0 0.004795004861080088
972.0 0.004966972483089194
973.0 0.004858840839006007
974.0 0.004750708467327058
975.0 0.004498926136875525
976.0 0.0042471430788282305
977.0 0.00387672298529651
978.0 0.00350630289176479
979.0 0.0033213127608178183
980.0 0.003136322629870847
981.0 0.0030804254492977634
982.0 0.00302452826872468
983.0 0.003154767182422802
984.0 0.003285005732323043
985.0 0.0034703523851931095
986.0 0.0036556997656589374
987.0 0.004049269773531705
988.0 0.004442839781404473
989.0 0.005404418334364891
990.0 0.0063659965235274285
991.0 0.006566344382008538
992.0 0.006766692968085408
993.0 0.007130089943530038
994.0 0.007493486918974668
995.0 0.007423666102113202
996.0 0.0073538416472729295
997.0 0.0070164649514481425
998.0 0.00667909043841064
999.0 0.006645589019171894
1000.0 0.006612086872337386
1001.0 0.0060717458836734295
1002.0 0.005531406350200996
1003.0 0.004839568282477558
1004.0 0.0041477302147541195
1005.0 0.004555617488222197
1006.0 0.004963503670296632
1007.0 0.00483871772303246
1008.0 0.0047139292291831225
1009.0 0.004183615601505153
1010.0 0.003653302337625064
1011.0 0.0036097600968787447
1012.0 0.003566218583728187
1013.0 0.0030788120056968182
1014.0 0.00259140560956439
1015.0 0.0021259013010421768
1016.0 0.0016603971744189039
1017.0 0.0016910917111090384
1018.0 0.001721786247799173
1019.0 0.0015644538507331163
1020.0 0.0014071213627175894
1021.0 0.0011846621418953873
1022.0 0.000962203284871066
1023.0 0.001222094397235196
1024.0 0.0014819856005487964
1025.0 0.0013817544640915003
1026.0 0.0012815233276342042
1027.0 0.0010682749234547373
1028.0 0.0008550262464268599
1029.0 0.0007983191608218476
1030.0 0.0007416123025905108
1031.0 0.0016348845747415908
1032.0 0.002528156983316876
1033.0 0.0022769476345274597
1034.0 0.002025738103839103
1035.0 0.002329917515453417
1036.0 0.0026340969270677306
1037.0 0.002960126039397437
1038.0 0.0032861549698282033
1039.0 0.0029076099963276647
1040.0 0.0025290652047260664
1041.0 0.0018291293599759229
1042.0 0.0011291936061752494
1043.0 0.0010332593774364796
1044.0 0.00093732533059665
1045.0 0.0012582169802044518
1046.0 0.0015791089026606642
1047.0 0.002010393473028671
1048.0 0.0024416784071945585
1049.0 0.0017342037608614191
1050.0 0.001026728750730399
1051.0 0.0009240303370461334
1052.0 0.0008213316505134571
1053.0 0.0007478423867723905
1054.0 0.0006743528501829132
1055.0 0.0006455620678025298
1056.0 0.0006167717856442323
1057.0 0.0011964225450356025
1058.0 0.0017760730770532973
1059.0 0.0012703746506304014
1060.0 0.0007646764970559161
1061.0 0.0019810962839983404
1062.0 0.0031975159799912944
1063.0 0.002389080145803746
1064.0 0.0015806435840204358
1065.0 0.0013231271623226348
1066.0 0.001065610831574304
1067.0 0.000987043767963769
1068.0 0.0009084760677069426
1069.0 0.001478251851949608
1070.0 0.0020480270904954523
1071.0 0.0007341119726334
1072.0 1.624616131727652e-10
1073.0 0.00040222867028205656
1074.0 0.001384260303893825
1075.0 0.0028950966225238517
1076.0 0.0044059324864065275
1077.0 0.004968664507032372
1078.0 0.005531396527658217
1079.0 0.006151703564682975
1080.0 0.006772007327526808
1081.0 0.005188452996662818
1082.0 0.003604898665798828
1083.0 0.003172911237925291
1084.0 0.002740924719546456
1085.0 0.003700557499541901
1086.0 0.004660190461436287
1087.0 0.004447083119885065
1088.0 0.004233975050738081
1089.0 0.006306268187472597
1090.0 0.008378561324207112
1091.0 0.005125040115672164
1092.0 0.0018715185433393344
1093.0 0.0006441715413529892
1094.0 1.624616131727652e-10
1095.0 1.624616131727652e-10
1096.0 0.00027509263418323826
1097.0 0.0013576189303421415
1098.0 0.0024401455448241904
1099.0 0.0030859646358294412
1100.0 0.0037317833630368114
