lsstCam/transmission_filter_detector/r03_s20/u_24/19700101T000000.ecsv
# %ECSV 1.0
# ---
# datatype:
# - {name: wavelength, unit: nm, datatype: float32}
# - {name: efficiency, unit: '%', datatype: float64}
# meta: !!omap
# - {MODE: DETECTOR}
# - {TYPE: transmission_filter_detector}
# - {CALIBDATE: '1970-01-01T00:00:00'}
# - {INSTRUME: LSSTCam}
# - {OBSTYPE: transmission_filter_detector}
# - {CALIBCLS: lsst.ip.isr.IntermediateFilterDetectorTransmissionCurve}
# - {SOURCE: Materion (DM-46256)}
# - {DETECTOR: 24}
# - {FILTER: u_24}
# - {CALIB_ID: 'calibDate=1970-01-01T00:00:00 filter=u_24 detector=24'}
# - {DATE: '2025-04-02T15:59:39.859948'}
# - {CALIB_CREATION_DATE: '2025-04-02'}
# - {CALIB_CREATION_TIME: '15:59:39'}
# - __serialized_columns__:
#     efficiency:
#       __class__: astropy.units.quantity.Quantity
#       unit: !astropy.units.Unit {unit: '%'}
#       value: !astropy.table.SerializedColumn {name: efficiency}
#     wavelength:
#       __class__: astropy.units.quantity.Quantity
#       unit: !astropy.units.Unit {unit: nm}
#       value: !astropy.table.SerializedColumn {name: wavelength}
# schema: astropy-2.0
wavelength efficiency
295.0 1.624616131727652e-10
296.0 1.624616131727652e-10
297.0 1.624616131727652e-10
298.0 1.624616131727652e-10
299.0 0.06363368593156338
300.0 1.624616131727652e-10
301.0 1.624616131727652e-10
302.0 1.624616131727652e-10
303.0 1.624616131727652e-10
304.0 0.15584101201966405
305.0 0.8518154732882977
306.0 2.0613932982087135
307.0 3.5839661955833435
308.0 5.964141339063644
309.0 9.188155084848404
310.0 12.628671526908875
311.0 16.61505103111267
312.0 20.549823343753815
313.0 23.414437472820282
314.0 26.354360580444336
315.0 28.65394353866577
316.0 30.958250164985657
317.0 33.46165716648102
318.0 36.57315969467163
319.0 40.56008458137512
320.0 46.18942141532898
321.0 51.67180299758911
322.0 57.75120258331299
323.0 63.01487684249878
324.0 67.33551025390625
325.0 70.38851976394653
326.0 72.5669264793396
327.0 74.60196018218994
328.0 76.3022780418396
329.0 77.74350047111511
330.0 78.94715666770935
331.0 79.44759726524353
332.0 79.73614931106567
333.0 79.89894151687622
334.0 79.78054881095886
335.0 79.92255091667175
336.0 80.16429543495178
337.0 80.72394728660583
338.0 81.60277009010315
339.0 82.23090767860413
340.0 82.60786533355713
341.0 83.14646482467651
342.0 83.40780735015869
343.0 83.40145349502563
344.0 83.65339636802673
345.0 84.02705192565918
346.0 84.33422446250916
347.0 84.666508436203
348.0 84.90874767303467
349.0 85.15543937683105
350.0 85.18604040145874
351.0 85.44535636901855
352.0 85.22589802742004
353.0 85.20663976669312
354.0 85.13795137405396
355.0 85.40592193603516
356.0 85.5655312538147
357.0 85.51577925682068
358.0 85.18729209899902
359.0 84.95457172393799
360.0 84.80374813079834
361.0 84.55134630203247
362.0 84.33418869972229
363.0 84.45038199424744
364.0 84.54210758209229
365.0 84.8656177520752
366.0 85.1453959941864
367.0 85.21597981452942
368.0 85.28258800506592
369.0 85.34054756164551
370.0 85.19526720046997
371.0 85.00187397003174
372.0 84.98766422271729
373.0 85.13816595077515
374.0 85.15692353248596
375.0 85.43719053268433
376.0 85.62145233154297
377.0 85.68887710571289
378.0 85.74280738830566
379.0 85.42925119400024
380.0 84.62988138198853
381.0 83.33907127380371
382.0 81.53477907180786
383.0 79.487144947052
384.0 77.41973400115967
385.0 75.0889003276825
386.0 72.52606749534607
387.0 69.17842626571655
388.0 65.70208668708801
389.0 61.572474241256714
390.0 57.42208957672119
391.0 53.14192175865173
392.0 48.77972900867462
393.0 45.0271338224411
394.0 41.797372698783875
395.0 38.15205693244934
396.0 34.21237766742706
397.0 28.856658935546875
398.0 22.741764783859253
399.0 15.789888799190521
400.0 9.709160029888153
401.0 5.075155943632126
402.0 2.0902443677186966
403.0 0.6546400487422943
404.0 0.24647654499858618
405.0 0.10144126135855913
406.0 0.027260713977739215
407.0 1.624616131727652e-10
408.0 1.624616131727652e-10
409.0 1.624616131727652e-10
410.0 1.624616131727652e-10
411.0 1.624616131727652e-10
412.0 1.624616131727652e-10
413.0 1.624616131727652e-10
414.0 1.624616131727652e-10
415.0 1.624616131727652e-10
416.0 1.624616131727652e-10
417.0 1.624616131727652e-10
418.0 1.624616131727652e-10
419.0 1.624616131727652e-10
420.0 1.624616131727652e-10
421.0 1.624616131727652e-10
422.0 1.624616131727652e-10
423.0 1.624616131727652e-10
424.0 1.624616131727652e-10
425.0 1.624616131727652e-10
426.0 1.624616131727652e-10
427.0 1.624616131727652e-10
428.0 0.0013652685993292835
429.0 0.0011580134014366195
430.0 0.0009507580216450151
431.0 1.624616131727652e-10
432.0 1.624616131727652e-10
433.0 1.624616131727652e-10
434.0 1.624616131727652e-10
435.0 1.624616131727652e-10
436.0 0.0001991239969356684
437.0 8.459843456876115e-05
438.0 1.624616131727652e-10
439.0 0.0010504809324629605
440.0 0.00213088915188564
441.0 1.624616131727652e-10
442.0 1.624616131727652e-10
443.0 1.624616131727652e-10
444.0 1.624616131727652e-10
445.0 1.624616131727652e-10
446.0 0.00066359380070935
447.0 1.624616131727652e-10
448.0 1.624616131727652e-10
449.0 1.624616131727652e-10
450.0 0.0006300031145656249
451.0 1.624616131727652e-10
452.0 1.624616131727652e-10
453.0 1.624616131727652e-10
454.0 1.624616131727652e-10
455.0 1.624616131727652e-10
456.0 1.624616131727652e-10
457.0 1.624616131727652e-10
458.0 1.624616131727652e-10
459.0 1.624616131727652e-10
460.0 1.624616131727652e-10
461.0 1.624616131727652e-10
462.0 1.624616131727652e-10
463.0 1.624616131727652e-10
464.0 1.624616131727652e-10
465.0 1.624616131727652e-10
466.0 0.00025249755708500743
467.0 0.0004175532467343146
468.0 0.0005826089818583569
469.0 0.0006058553026377922
470.0 0.0006291015779424924
471.0 4.343044111010386e-05
472.0 1.624616131727652e-10
473.0 1.624616131727652e-10
474.0 1.624616131727652e-10
475.0 1.624616131727652e-10
476.0 5.94936977904581e-05
477.0 0.00033393387184332823
478.0 0.0006083743301132927
479.0 1.624616131727652e-10
480.0 1.624616131727652e-10
481.0 1.624616131727652e-10
482.0 0.00023436830360878957
483.0 1.624616131727652e-10
484.0 1.624616131727652e-10
485.0 1.624616131727652e-10
486.0 1.624616131727652e-10
487.0 1.624616131727652e-10
488.0 1.624616131727652e-10
489.0 1.624616131727652e-10
490.0 1.624616131727652e-10
491.0 1.624616131727652e-10
492.0 1.624616131727652e-10
493.0 1.624616131727652e-10
494.0 1.624616131727652e-10
495.0 0.00029229652227513725
496.0 0.0010398396625532769
497.0 0.0005440801942313556
498.0 4.832043600799807e-05
499.0 0.00023397135464620078
500.0 0.0004196224381303182
501.0 0.00023536078970209928
502.0 5.1099175379931694e-05
503.0 1.624616131727652e-10
504.0 1.624616131727652e-10
505.0 1.624616131727652e-10
506.0 1.624616131727652e-10
507.0 1.624616131727652e-10
508.0 1.624616131727652e-10
509.0 1.624616131727652e-10
510.0 1.624616131727652e-10
511.0 0.0001530520762571541
512.0 0.0005714495728170732
513.0 0.00044553307816386223
514.0 0.00031961626518750563
515.0 0.0003723507688846439
516.0 0.0004250853180565173
517.0 1.624616131727652e-10
518.0 1.624616131727652e-10
519.0 1.624616131727652e-10
520.0 0.00019258452539361315
521.0 0.0003855708655464696
522.0 0.0005785570920124883
523.0 0.00022436247490986716
524.0 1.624616131727652e-10
525.0 1.624616131727652e-10
526.0 1.624616131727652e-10
527.0 1.624616131727652e-10
528.0 1.624616131727652e-10
529.0 1.624616131727652e-10
530.0 1.624616131727652e-10
531.0 0.000196407768271456
532.0 0.000552689425603603
533.0 6.662982059424394e-05
534.0 1.624616131727652e-10
535.0 1.624616131727652e-10
536.0 1.624616131727652e-10
537.0 1.624616131727652e-10
538.0 1.624616131727652e-10
539.0 1.624616131727652e-10
540.0 1.624616131727652e-10
541.0 1.624616131727652e-10
542.0 1.624616131727652e-10
543.0 1.624616131727652e-10
544.0 1.624616131727652e-10
545.0 1.624616131727652e-10
546.0 1.624616131727652e-10
547.0 1.624616131727652e-10
548.0 0.00017538183101351024
549.0 1.624616131727652e-10
550.0 1.624616131727652e-10
551.0 1.624616131727652e-10
552.0 1.624616131727652e-10
553.0 1.624616131727652e-10
554.0 1.624616131727652e-10
555.0 1.624616131727652e-10
556.0 1.624616131727652e-10
557.0 1.624616131727652e-10
558.0 1.624616131727652e-10
559.0 1.624616131727652e-10
560.0 0.00017545701211929554
561.0 0.00010467373385836254
562.0 3.389070286630158e-05
563.0 1.624616131727652e-10
564.0 1.624616131727652e-10
565.0 1.624616131727652e-10
566.0 1.624616131727652e-10
567.0 1.624616131727652e-10
568.0 1.624616131727652e-10
569.0 0.0001869771381279861
570.0 0.0004075660854141461
571.0 0.00045595525079988874
572.0 0.0005043445980845718
573.0 0.00043125724005221855
574.0 0.0003581702912924811
575.0 0.00011233197483306867
576.0 1.624616131727652e-10
577.0 8.490586651532794e-05
578.0 0.0003033179382327944
579.0 0.0004195374913251726
580.0 0.0005357569989428157
581.0 0.0009543634405417833
582.0 0.0013729700185649563
583.0 0.0015891810107859783
584.0 0.0018053920939564705
585.0 0.0013778599168290384
586.0 0.0009503272849542554
587.0 0.0009036421033670194
588.0 0.0008569570127292536
589.0 0.0007717727385170292
590.0 0.0006865882369311294
591.0 0.0009406785466126166
592.0 0.001194768901768839
593.0 0.0009725680683914106
594.0 0.0007503669621655717
595.0 0.0007652172826055903
596.0 0.0007800675120961387
597.0 0.0008791101208771579
598.0 0.000978152638708707
599.0 0.0016254414731520228
600.0 0.0022727301256963983
601.0 0.0025842153263511136
602.0 0.0028957007089047693
603.0 0.0024139122615451925
604.0 0.0019321241779834963
605.0 0.0015038805031508673
606.0 0.001075636737368768
607.0 0.0010584057235973887
608.0 0.0010411747098260093
609.0 0.0007056054982967908
610.0 0.0003700363095049397
611.0 0.0005844720817549387
612.0 0.0007989079676917754
613.0 0.000805808485893067
614.0 0.0008127090040943585
615.0 0.0008934957804740407
616.0 0.0009742825568537228
617.0 0.000905389606487006
618.0 0.0008364966561202891
619.0 0.0003992676738562295
620.0 1.624616131727652e-10
621.0 0.00034735764984361595
622.0 0.0007326763807213865
623.0 0.00075473931246961
624.0 0.0007768023351673037
625.0 0.0008028294359974097
626.0 0.0008288563549285755
627.0 0.0008568042176193558
628.0 0.0008847520803101361
629.0 0.0010570571248535998
630.0 0.001229362351296004
631.0 0.0015744351912871934
632.0 0.0019195078493794426
633.0 0.0020701489120256156
634.0 0.002220789792772848
635.0 0.002497327295714058
636.0 0.002773864434857387
637.0 0.002404645783826709
638.0 0.0020354267689981498
639.0 0.0013349103937798645
640.0 0.0006343935638142284
641.0 0.0008529646947863512
642.0 0.001071535825758474
643.0 0.0007422770977427717
644.0 0.00041301827877759933
645.0 0.00035281966574984835
646.0 0.0002926210072473623
647.0 0.00011552353953447891
648.0 1.624616131727652e-10
649.0 7.393055625470879e-05
650.0 0.00020943496110703563
651.0 0.0006056005531718256
652.0 0.0010017663043981884
653.0 0.0013023014616919681
654.0 0.001602836164238397
655.0 0.001724819048831705
656.0 0.0018468017515260726
657.0 0.0028137061235611327
658.0 0.0037806108593940735
659.0 0.004187423473922536
660.0 0.004594235724653117
661.0 0.0043625412217807025
662.0 0.004130846718908288
663.0 0.003045132507395465
664.0 0.0019594188415794633
665.0 0.00159827723109629
666.0 0.0012371350749162957
667.0 0.0012759514902427327
668.0 0.0013147677236702293
669.0 0.000834220463730162
670.0 0.0003536732947395649
671.0 0.0004837307642446831
672.0 0.0006137881428003311
673.0 0.0005146484909346327
674.0 0.0004155088390689343
675.0 0.0007123469458747422
676.0 0.00100918496173108
677.0 0.0018019056369666941
678.0 0.002594626676000189
679.0 0.0025088002075790428
680.0 0.002422973921056837
681.0 0.003452253804425709
682.0 0.0044815333239967
683.0 0.006284131814027205
684.0 0.00808673066785559
685.0 0.008854572661221027
686.0 0.009622418292565271
687.0 0.008532588981324807
688.0 0.007442760397680104
689.0 0.005822915773023851
690.0 0.00420307187596336
691.0 0.0037985977542120963
692.0 0.003394124360056594
693.0 0.003089832534897141
694.0 0.0027855412554345094
695.0 0.002417986797809135
696.0 0.0020504325220827013
697.0 0.001481447270634817
698.0 0.0009124618372879922
699.0 0.0006309232048806734
700.0 0.000349384504261252
701.0 0.0004026886017527431
702.0 0.0004559927219816018
703.0 0.0006613292953261407
704.0 0.0008666659596201498
705.0 0.0009069504812941886
706.0 0.000947235275816638
707.0 0.0009062962817552034
708.0 0.000865356923895888
709.0 0.0007203186214610469
710.0 0.0005752802735514706
711.0 0.0006716702046105638
712.0 0.0007680599082959816
713.0 0.0007870447007007897
714.0 0.0008060294931055978
715.0 0.0006875351573398802
716.0 0.0005690408215741627
717.0 0.0005519375008589122
718.0 0.0005348341346689267
719.0 0.0004907542461296543
720.0 0.0004466743121156469
721.0 0.00045084052544552833
722.0 0.00045500669330067467
723.0 0.00048212159526883624
724.0 0.0005092364517622627
725.0 0.000438847155237454
726.0 0.00036845772228844
727.0 0.00046116851990518626
728.0 0.0005538793629966676
729.0 0.00037342299492593156
730.0 0.00019296671780466568
731.0 0.00019271585642854916
732.0 0.00019246504052716773
733.0 0.0001406928276992403
734.0 8.89206830834155e-05
735.0 0.00029344716949708527
736.0 0.0004979737241228577
737.0 0.0006151252364361426
738.0 0.0007322766577999573
739.0 0.0006688987014058512
740.0 0.0006055204721633345
741.0 0.0010276332432113122
742.0 0.0014497461961582303
743.0 0.0021659399862983264
744.0 0.002882133594539482
745.0 0.0035897974157705903
746.0 0.004297460691304877
747.0 0.004728946441900916
748.0 0.005160431828699075
749.0 0.004362163235782646
750.0 0.003563895370461978
751.0 0.0032182768336497247
752.0 0.0028726584787364118
753.0 0.002359982863708865
754.0 0.0018473070667823777
755.0 0.0021406891391961835
756.0 0.0024340713935089298
757.0 0.0020499212041613646
758.0 0.001665770832914859
759.0 0.0012820380106859375
760.0 0.0008983051884570159
761.0 0.0012122078260290436
762.0 0.001526110281702131
763.0 0.0011689987331919838
764.0 0.000811886911833426
765.0 0.0008655002602608874
766.0 0.0009191137905872893
767.0 0.0007325472324737348
768.0 0.0005459806288854452
769.0 0.0005517079443961848
770.0 0.0005574350325332489
771.0 0.00040828758756106254
772.0 0.0002591399379525683
773.0 0.00023791403691575397
774.0 0.00021668804492946947
775.0 0.00028999031655985164
776.0 0.00036329251997813117
777.0 0.0004463882305572042
778.0 0.0005294837137626018
779.0 0.000823129630589392
780.0 0.0011167755474161822
781.0 0.0011342107427481096
782.0 0.0011516462109284475
783.0 0.000990795797406463
784.0 0.0008299451110360678
785.0 0.00103312622741214
786.0 0.0012363071618892718
787.0 0.0011084384823334403
788.0 0.0009805698027776089
789.0 0.0009794968718779273
790.0 0.0009784238500287756
791.0 0.0009288272849516943
792.0 0.0008792305379756726
793.0 0.00022001843262842158
794.0 1.624616131727652e-10
795.0 1.624616131727652e-10
796.0 6.423126706067706e-05
797.0 0.00027998610221402487
798.0 0.0004957409601047402
799.0 0.0002658584662640351
800.0 3.59759098955692e-05
801.0 1.624616131727652e-10
802.0 1.624616131727652e-10
803.0 1.624616131727652e-10
804.0 1.624616131727652e-10
805.0 1.624616131727652e-10
806.0 1.624616131727652e-10
807.0 1.624616131727652e-10
808.0 1.624616131727652e-10
809.0 1.624616131727652e-10
810.0 0.0002992536792589817
811.0 0.000134103959226195
812.0 1.624616131727652e-10
813.0 0.0002172272616007831
814.0 0.00046550021579605527
815.0 0.0004451746917766286
816.0 0.00042484921323193703
817.0 0.00032400505460827844
818.0 0.0002231609187219874
819.0 9.099487101593695e-05
820.0 1.624616131727652e-10
821.0 1.624616131727652e-10
822.0 1.624616131727652e-10
823.0 1.624616131727652e-10
824.0 1.624616131727652e-10
825.0 1.624616131727652e-10
826.0 1.624616131727652e-10
827.0 0.0002549503051341162
828.0 0.000655345911582117
829.0 0.00048777951633383054
830.0 0.00032021355309552746
831.0 1.624616131727652e-10
832.0 1.624616131727652e-10
833.0 1.624616131727652e-10
834.0 1.624616131727652e-10
835.0 1.624616131727652e-10
836.0 0.00014552476841345197
837.0 1.624616131727652e-10
838.0 1.624616131727652e-10
839.0 1.624616131727652e-10
840.0 1.624616131727652e-10
841.0 1.624616131727652e-10
842.0 0.00029261252620926825
843.0 0.00011971520734732621
844.0 1.624616131727652e-10
845.0 6.703861004098144e-05
846.0 0.00018725935433394625
847.0 0.00016962691233857186
848.0 0.00015199442486846237
849.0 0.00024646053589094663
850.0 0.00034092649912054185
851.0 0.0002625647084641969
852.0 0.0001842029291765357
853.0 0.00036295286918175407
854.0 0.0005417028205556562
855.0 0.0004998780696041649
856.0 0.0004580533641274087
857.0 0.000532723834112403
858.0 0.0006073942586226622
859.0 0.0007927363185444847
860.0 0.0009780784239410423
861.0 0.0009424709787708707
862.0 0.0009068637154996395
863.0 0.0010912067409662995
864.0 0.0012755497664329596
865.0 0.0017165233657578938
866.0 0.002157496965082828
867.0 0.002062309613393154
868.0 0.0019671224436024204
869.0 0.0019195822460460477
870.0 0.0018720418665907346
871.0 0.00182376206794288
872.0 0.0017754820873960853
873.0 0.0017458587535656989
874.0 0.0017162350559374318
875.0 0.0019436944057815708
876.0 0.0021711539375246502
877.0 0.0023500315364799462
878.0 0.0025289093173341826
879.0 0.002661762664502021
880.0 0.0027946165573666804
