lsstCam/transmission_sensor/r23_s02/19700101T000000.ecsv
# %ECSV 0.9
# ---
# datatype:
# - {name: amp_name, datatype: string}
# - {name: wavelength, unit: nm, datatype: float32}
# - {name: efficiency, unit: '%', datatype: float32}
# meta: !!omap
# - {MODE: AMP}
# - {TYPE: transmission_sensor}
# - {CALIBDATE: '1970-01-01T00:00:00'}
# - {INSTRUME: LSSTCAM}
# - {OBSTYPE: transmission_sensor}
# - {DETECTOR: 101}
# - {CALIBCLS: lsst.ip.isr.IntermediateSensorTransmissionCurve}
# - {PICKLEFILE: RaftRun11852.p}
# - {CALIB_ID: 'raftName=R23 detectorName=S02 detector=101 calibDate=1970-01-01T00:00:00 ccd=101 ccdnum=101 filter=None'}
# - {DATE: '2020-07-23T19:15:59.129286'}
# - {CALIB_CREATION_DATE: '2020-07-23'}
# - {CALIB_CREATION_TIME: '19:15:59'}
# - __serialized_columns__:
#     efficiency:
#       __class__: astropy.units.quantity.Quantity
#       unit: !astropy.units.Unit {unit: '%'}
#       value: !astropy.table.SerializedColumn {name: efficiency}
#     wavelength:
#       __class__: astropy.units.quantity.Quantity
#       unit: !astropy.units.Unit {unit: nm}
#       value: !astropy.table.SerializedColumn {name: wavelength}
# schema: astropy-2.0
amp_name wavelength efficiency
C10 319.994 46.74346
C10 324.969 51.547886
C10 349.982 65.05767
C10 374.975 68.52997
C10 400.019 80.50592
C10 424.965 86.37264
C10 450.035 89.90448
C10 475.003 93.86822
C10 500.018 95.66366
C10 525.002 98.0996
C10 550.029 98.5881
C10 575.023 99.65126
C10 599.982 99.29004
C10 619.997 99.37517
C10 624.979 100.122314
C10 650.012 99.45656
C10 675.004 97.94845
C10 700.03 97.41877
C10 725.012 96.20402
C10 750.022 96.666824
C10 774.987 95.68272
C10 799.976 94.85062
C10 824.988 93.93053
C10 850.022 90.82512
C10 869.967 87.547295
C10 875.002 86.37317
C10 899.999 79.24296
C10 919.999 71.17234
C10 925.012 68.1711
C10 949.965 55.30359
C10 975.002 40.9261
C10 999.976 25.182165
C10 1025.028 10.788113
C10 1050.014 3.8327699
C10 1075.002 2.083536
C10 1099.99 1.6251638
C00 319.994 47.394707
C00 324.969 52.258858
C00 349.982 65.95048
C00 374.975 69.22501
C00 400.019 80.6486
C00 424.965 86.23839
C00 450.035 89.61989
C00 475.003 93.477875
C00 500.018 95.205574
C00 525.002 97.584885
C00 550.029 98.03862
C00 575.023 99.068665
C00 599.982 98.6879
C00 619.997 98.762375
C00 624.979 99.49798
C00 650.012 98.82338
C00 675.004 97.32991
C00 700.03 96.895325
C00 725.012 95.94137
C00 750.022 96.731544
C00 774.987 96.04953
C00 799.976 95.3217
C00 824.988 94.33104
C00 850.022 91.231606
C00 869.967 87.92134
C00 875.002 86.71669
C00 899.999 79.0679
C00 919.999 70.73624
C00 925.012 67.761154
C00 949.965 55.529423
C00 975.002 40.99228
C00 999.976 25.100174
C00 1025.028 10.709272
C00 1050.014 3.7902694
C00 1075.002 2.0899236
C00 1099.99 1.6288701
C13 319.994 47.179077
C13 324.969 52.03905
C13 349.982 65.754974
C13 374.975 69.095
C13 400.019 80.77775
C13 424.965 86.48969
C13 450.035 89.9329
C13 475.003 93.84303
C13 500.018 95.60667
C13 525.002 98.01908
C13 550.029 98.49733
C13 575.023 99.55346
C13 599.982 99.19418
C13 619.997 99.279564
C13 624.979 100.023186
C13 650.012 99.36002
C13 675.004 97.86741
C13 700.03 97.38276
C13 725.012 96.279755
C13 750.022 96.89059
C13 774.987 96.048355
C13 799.976 95.27696
C13 824.988 94.34988
C13 850.022 91.27948
C13 869.967 87.95216
C13 875.002 86.72608
C13 899.999 79.59325
C13 919.999 71.27417
C13 925.012 68.36298
C13 949.965 55.361473
C13 975.002 41.37231
C13 999.976 25.288572
C13 1025.028 10.845811
C13 1050.014 3.7899044
C13 1075.002 2.0671928
C13 1099.99 1.6311886
C03 319.994 47.70424
C03 324.969 52.614586
C03 349.982 66.50029
C03 374.975 69.62449
C03 400.019 80.77793
C03 424.965 86.22023
C03 450.035 89.5148
C03 475.003 93.31579
C03 500.018 95.009766
C03 525.002 97.36349
C03 550.029 97.81099
C03 575.023 98.83496
C03 599.982 98.456726
C03 619.997 98.53621
C03 624.979 99.26921
C03 650.012 98.60366
C03 675.004 97.12636
C03 700.03 96.73409
C03 725.012 95.86811
C03 750.022 96.77625
C03 774.987 96.19865
C03 799.976 95.52754
C03 824.988 94.56897
C03 850.022 91.54436
C03 869.967 88.23661
C03 875.002 87.027374
C03 899.999 79.43117
C03 919.999 71.00533
C03 925.012 68.03031
C03 949.965 55.762302
C03 975.002 41.427887
C03 999.976 25.361883
C03 1025.028 10.808843
C03 1050.014 3.8040824
C03 1075.002 2.0897036
C03 1099.99 1.6367292
C17 319.994 47.62144
C17 324.969 52.532948
C17 349.982 66.38358
C17 374.975 69.587494
C17 400.019 80.98772
C17 424.965 86.55125
C17 450.035 89.912704
C17 475.003 93.76887
C17 500.018 95.49826
C17 525.002 97.89522
C17 550.029 98.359344
C17 575.023 99.408325
C17 599.982 99.04516
C17 619.997 99.12107
C17 624.979 99.86343
C17 650.012 99.20136
C17 675.004 97.711365
C17 700.03 97.23754
C17 725.012 96.175095
C17 750.022 96.81452
C17 774.987 96.00936
C17 799.976 95.25026
C17 824.988 94.35374
C17 850.022 91.305725
C17 869.967 88.04558
C17 875.002 86.92066
C17 899.999 79.850365
C17 919.999 71.38239
C17 925.012 68.26337
C17 949.965 55.76482
C17 975.002 41.61724
C17 999.976 25.470173
C17 1025.028 10.8324795
C17 1050.014 3.8267274
C17 1075.002 2.095075
C17 1099.99 1.6501764
C04 319.994 47.920555
C04 324.969 52.855446
C04 349.982 66.812386
C04 374.975 69.88652
C04 400.019 80.94074
C04 424.965 86.3343
C04 450.035 89.602936
C04 475.003 93.38881
C04 500.018 95.07443
C04 525.002 97.423584
C04 550.029 97.86477
C04 575.023 98.88971
C04 599.982 98.50963
C04 619.997 98.586815
C04 624.979 99.321266
C04 650.012 98.65272
C04 675.004 97.178734
C04 700.03 96.79811
C04 725.012 95.955795
C04 750.022 96.90045
C04 774.987 96.351395
C04 799.976 95.69226
C04 824.988 94.73358
C04 850.022 91.71933
C04 869.967 88.38023
C04 875.002 87.166176
C04 899.999 79.613976
C04 919.999 71.12937
C04 925.012 68.13408
C04 949.965 55.784084
C04 975.002 41.56931
C04 999.976 25.447
C04 1025.028 10.833425
C04 1050.014 3.8058243
C04 1075.002 2.0854874
C04 1099.99 1.6366264
C01 319.994 47.46171
C01 324.969 52.345196
C01 349.982 66.1438
C01 374.975 69.345314
C01 400.019 80.61834
C01 424.965 86.12261
C01 450.035 89.45347
C01 475.003 93.27517
C01 500.018 94.98605
C01 525.002 97.345795
C01 550.029 97.79957
C01 575.023 98.8283
C01 599.982 98.454895
C01 619.997 98.534706
C01 624.979 99.26679
C01 650.012 98.6002
C01 675.004 97.11697
C01 700.03 96.70022
C01 725.012 95.77755
C01 750.022 96.60826
C01 774.987 95.95971
C01 799.976 95.25194
C01 824.988 94.27698
C01 850.022 91.20676
C01 869.967 87.911125
C01 875.002 86.70389
C01 899.999 79.093864
C01 919.999 70.7181
C01 925.012 67.75037
C01 949.965 55.543026
C01 975.002 41.06269
C01 999.976 25.152779
C01 1025.028 10.712891
C01 1050.014 3.7899876
C01 1075.002 2.090432
C01 1099.99 1.6305543
C14 319.994 47.356583
C14 324.969 52.2414
C14 349.982 66.02648
C14 374.975 69.30133
C14 400.019 80.85534
C14 424.965 86.50358
C14 450.035 89.90842
C14 475.003 93.79875
C14 500.018 95.545265
C14 525.002 97.94784
C14 550.029 98.42226
C14 575.023 99.475235
C14 599.982 99.11471
C14 619.997 99.199265
C14 624.979 99.94462
C14 650.012 99.28105
C14 675.004 97.79134
C14 700.03 97.321396
C14 725.012 96.25765
C14 750.022 96.9197
C14 774.987 96.122765
C14 799.976 95.3697
C14 824.988 94.44681
C14 850.022 91.398865
C14 869.967 88.02873
C14 875.002 86.870316
C14 899.999 79.737915
C14 919.999 71.36523
C14 925.012 68.24755
C14 949.965 55.617252
C14 975.002 41.421413
C14 999.976 25.473755
C14 1025.028 10.792974
C14 1050.014 3.7927752
C14 1075.002 2.072501
C14 1099.99 1.6342607
C07 319.994 48.008022
C07 324.969 52.962032
C07 349.982 66.96227
C07 374.975 69.93548
C07 400.019 80.81141
C07 424.965 86.11962
C07 450.035 89.34142
C07 475.003 93.09946
C07 500.018 94.769066
C07 525.002 97.10603
C07 550.029 97.54712
C07 575.023 98.571754
C07 599.982 98.18972
C07 619.997 98.26526
C07 624.979 98.99434
C07 650.012 98.33047
C07 675.004 96.85718
C07 700.03 96.47344
C07 725.012 95.6137
C07 750.022 96.5125
C07 774.987 95.912575
C07 799.976 95.23794
C07 824.988 94.32155
C07 850.022 91.32088
C07 869.967 88.0386
C07 875.002 86.86311
C07 899.999 79.53554
C07 919.999 70.84378
C07 925.012 67.82848
C07 949.965 55.717785
C07 975.002 41.719513
C07 999.976 25.503035
C07 1025.028 10.804252
C07 1050.014 3.8209956
C07 1075.002 2.0946128
C07 1099.99 1.6507689
C05 319.994 48.06466
C05 324.969 53.02204
C05 349.982 67.05497
C05 374.975 70.061226
C05 400.019 81.031746
C05 424.965 86.37907
C05 450.035 89.62251
C05 475.003 93.392204
C05 500.018 95.07333
C05 525.002 97.4165
C05 550.029 97.858795
C05 575.023 98.88445
C05 599.982 98.50633
C05 619.997 98.5806
C05 624.979 99.315315
C05 650.012 98.64927
C05 675.004 97.174286
C05 700.03 96.80343
C05 725.012 95.97968
C05 750.022 96.944916
C05 774.987 96.409
C05 799.976 95.75985
C05 824.988 94.804756
C05 850.022 91.795815
C05 869.967 88.45712
C05 875.002 87.2425
C05 899.999 79.70018
C05 919.999 71.14801
C05 925.012 68.157295
C05 949.965 55.77773
C05 975.002 41.6531
C05 999.976 25.47919
C05 1025.028 10.844924
C05 1050.014 3.8100433
C05 1075.002 2.0854735
C05 1099.99 1.6388518
C02 319.994 47.740612
C02 324.969 52.6532
C02 349.982 66.54224
C02 374.975 69.70896
C02 400.019 80.91958
C02 424.965 86.39633
C02 450.035 89.7096
C02 475.003 93.524796
C02 500.018 95.23015
C02 525.002 97.59362
C02 550.029 98.04072
C02 575.023 99.071365
C02 599.982 98.696556
C02 619.997 98.77408
C02 624.979 99.50755
C02 650.012 98.83873
C02 675.004 97.359
C02 700.03 96.95596
C02 725.012 96.05657
C02 750.022 96.9296
C02 774.987 96.31424
C02 799.976 95.62628
C02 824.988 94.66299
C02 850.022 91.61699
C02 869.967 88.30733
C02 875.002 87.09768
C02 899.999 79.4902
C02 919.999 71.07934
C02 925.012 68.111496
C02 949.965 55.82834
C02 975.002 41.38259
C02 999.976 25.340912
C02 1025.028 10.794338
C02 1050.014 3.8081365
C02 1075.002 2.0965598
C02 1099.99 1.6388501
C12 319.994 47.02707
C12 324.969 51.868027
C12 349.982 65.533264
C12 374.975 68.88257
C12 400.019 80.595894
C12 424.965 86.32597
C12 450.035 89.78101
C12 475.003 93.694954
C12 500.018 95.45892
C12 525.002 97.871025
C12 550.029 98.3476
C12 575.023 99.405174
C12 599.982 99.04367
C12 619.997 99.129974
C12 624.979 99.873795
C12 650.012 99.21416
C12 675.004 97.71558
C12 700.03 97.22019
C12 725.012 96.07539
C12 750.022 96.63773
C12 774.987 95.74491
C12 799.976 94.95427
C12 824.988 94.033875
C12 850.022 90.96723
C12 869.967 87.63124
C12 875.002 86.4426
C12 899.999 79.31977
C12 919.999 71.172714
C12 925.012 68.17364
C12 949.965 55.32006
C12 975.002 41.08957
C12 999.976 25.278433
C12 1025.028 10.792776
C12 1050.014 3.7886477
C12 1075.002 2.0666914
C12 1099.99 1.6271434
C11 319.994 46.982594
C11 324.969 51.816387
C11 349.982 65.4498
C11 374.975 68.86669
C11 400.019 80.71292
C11 424.965 86.50969
C11 450.035 90.00388
C11 475.003 93.94227
C11 500.018 95.721146
C11 525.002 98.1498
C11 550.029 98.63371
C11 575.023 99.69596
C11 599.982 99.33635
C11 619.997 99.42545
C11 624.979 100.16883
C11 650.012 99.50882
C11 675.004 98.00483
C11 700.03 97.494675
C11 725.012 96.3117
C11 750.022 96.82105
C11 774.987 95.87863
C11 799.976 95.06871
C11 824.988 94.14785
C11 850.022 91.054
C11 869.967 87.755974
C11 875.002 86.57185
C11 899.999 79.44865
C11 919.999 71.271545
C11 925.012 68.27304
C11 949.965 55.39141
C11 975.002 41.123245
C11 999.976 25.287313
C11 1025.028 10.790491
C11 1050.014 3.8272197
C11 1075.002 2.0818634
C11 1099.99 1.6301395
C15 319.994 47.42801
C15 324.969 52.323227
C15 349.982 66.14321
C15 374.975 69.34717
C15 400.019 80.77474
C15 424.965 86.35187
C15 450.035 89.71988
C15 475.003 93.57856
C15 500.018 95.30555
C15 525.002 97.70161
C15 550.029 98.16654
C15 575.023 99.21619
C15 599.982 98.85363
C15 619.997 98.93676
C15 624.979 99.6805
C15 650.012 99.023224
C15 675.004 97.54125
C15 700.03 97.07872
C15 725.012 96.04918
C15 750.022 96.73828
C15 774.987 95.98197
C15 799.976 95.24584
C15 824.988 94.32342
C15 850.022 91.29181
C15 869.967 87.961975
C15 875.002 86.79369
C15 899.999 79.66545
C15 919.999 71.20744
C15 925.012 68.14828
C15 949.965 55.514347
C15 975.002 41.483196
C15 999.976 25.409586
C15 1025.028 10.78932
C15 1050.014 3.7927606
C15 1075.002 2.0709667
C15 1099.99 1.6334095
C16 319.994 47.453487
C16 324.969 52.355106
C16 349.982 66.19878
C16 374.975 69.390816
C16 400.019 80.76572
C16 424.965 86.32025
C16 450.035 89.67479
C16 475.003 93.525345
C16 500.018 95.249084
C16 525.002 97.640854
C16 550.029 98.10859
C16 575.023 99.1578
C16 599.982 98.79651
C16 619.997 98.87487
C16 624.979 99.61946
C16 650.012 98.961105
C16 675.004 97.47867
C16 700.03 97.02292
C16 725.012 95.999176
C16 750.022 96.689545
C16 774.987 95.93613
C16 799.976 95.20214
C16 824.988 94.29676
C16 850.022 91.2639
C16 869.967 87.96122
C16 875.002 86.812874
C16 899.999 79.719505
C16 919.999 71.16924
C16 925.012 68.07872
C16 949.965 55.62107
C16 975.002 41.54158
C16 999.976 25.449001
C16 1025.028 10.777148
C16 1050.014 3.7977018
C16 1075.002 2.0801167
C16 1099.99 1.6419255
C06 319.994 48.18051
C06 324.969 53.154507
C06 349.982 67.222275
C06 374.975 70.20909
C06 400.019 81.1288
C06 424.965 86.45272
C06 450.035 89.68308
C06 475.003 93.44908
C06 500.018 95.12401
C06 525.002 97.469055
C06 550.029 97.9108
C06 575.023 98.93426
C06 599.982 98.55508
C06 619.997 98.62942
C06 624.979 99.363754
C06 650.012 98.69906
C06 675.004 97.22433
C06 700.03 96.85104
C06 725.012 96.02297
C06 750.022 96.9782
C06 774.987 96.42818
C06 799.976 95.76972
C06 824.988 94.82497
C06 850.022 91.81815
C06 869.967 88.47286
C06 875.002 87.277725
C06 899.999 79.83752
C06 919.999 71.17916
C06 925.012 68.13088
C06 949.965 55.87745
C06 975.002 41.77391
C06 999.976 25.52854
C06 1025.028 10.836563
C06 1050.014 3.817237
C06 1075.002 2.0891411
C06 1099.99 1.6461829
