lsstCam/transmission_sensor/r23_s02/19700101T000000.ecsv
# %ECSV 1.0
# ---
# datatype:
# - {name: amp_name, datatype: string}
# - {name: wavelength, unit: nm, datatype: float32}
# - {name: efficiency, unit: '%', datatype: float64}
# meta: !!omap
# - {MODE: AMP}
# - {TYPE: transmission_sensor}
# - {CALIBDATE: '1970-01-01T00:00:00'}
# - {INSTRUME: LSSTCAM}
# - {OBSTYPE: transmission_sensor}
# - {DETECTOR: 101}
# - {PARQUETFILE: qe_raft_allvalues_nircorrected_20230725.parquet}
# - {CALIBCLS: lsst.ip.isr.IntermediateSensorTransmissionCurve}
# - {CALIB_ID: 'raftName=R23 detectorName=S02 detector=101 calibDate=1970-01-01T00:00:00 ccd=101 ccdnum=101 filter=None'}
# - {DATE: '2024-01-18T22:42:25.332625'}
# - {CALIB_CREATION_DATE: '2024-01-18'}
# - {CALIB_CREATION_TIME: '22:42:25'}
# - __serialized_columns__:
#     efficiency:
#       __class__: astropy.units.quantity.Quantity
#       unit: !astropy.units.Unit {unit: '%'}
#       value: !astropy.table.SerializedColumn {name: efficiency}
#     wavelength:
#       __class__: astropy.units.quantity.Quantity
#       unit: !astropy.units.Unit {unit: nm}
#       value: !astropy.table.SerializedColumn {name: wavelength}
# schema: astropy-2.0
amp_name wavelength efficiency
C00 319.994 47.39470672607422
C00 324.969 52.25885772705078
C00 349.982 65.95047760009766
C00 374.975 69.22501373291016
C00 400.019 80.64859771728516
C00 424.965 86.23838806152344
C00 450.035 89.61988830566406
C00 475.003 93.47787475585938
C00 500.018 95.20557403564453
C00 525.002 97.58488464355469
C00 550.029 98.03861999511719
C00 575.023 99.06866455078125
C00 599.982 98.68789672851562
C00 619.997 98.76237487792969
C00 624.979 99.49797821044922
C00 650.012 98.82337951660156
C00 675.004 97.32991027832031
C00 700.03 96.89532470703125
C00 725.012 95.94136810302734
C00 750.022 96.7315444946289
C00 774.987 96.04953002929688
C00 799.976 95.32170104980469
C00 824.988 94.33103942871094
C00 850.022 91.23160552978516
C00 869.967 87.92134094238281
C00 875.002 86.71669006347656
C00 899.999 79.06790161132812
C00 919.999 70.73623657226562
C00 925.012 67.76115417480469
C00 949.965 55.529422760009766
C00 975.002 40.992279052734375
C00 999.976 25.100173950195312
C00 1025.028 10.709272384643555
C00 1050.014 3.790269374847412
C00 1075.002 0.9215566529720479
C00 1099.99 0.09143600449118823
C01 319.994 47.46171188354492
C01 324.969 52.34519577026367
C01 349.982 66.143798828125
C01 374.975 69.3453140258789
C01 400.019 80.61833953857422
C01 424.965 86.12261199951172
C01 450.035 89.4534683227539
C01 475.003 93.2751693725586
C01 500.018 94.98605346679688
C01 525.002 97.34579467773438
C01 550.029 97.79956817626953
C01 575.023 98.82830047607422
C01 599.982 98.45489501953125
C01 619.997 98.53470611572266
C01 624.979 99.26679229736328
C01 650.012 98.6001968383789
C01 675.004 97.1169662475586
C01 700.03 96.7002182006836
C01 725.012 95.77754974365234
C01 750.022 96.60826110839844
C01 774.987 95.95970916748047
C01 799.976 95.25193786621094
C01 824.988 94.2769775390625
C01 850.022 91.20675659179688
C01 869.967 87.91112518310547
C01 875.002 86.70388793945312
C01 899.999 79.09386444091797
C01 919.999 70.71810150146484
C01 925.012 67.7503662109375
C01 949.965 55.543025970458984
C01 975.002 41.06269073486328
C01 999.976 25.15277862548828
C01 1025.028 10.712890625
C01 1050.014 3.789987564086914
C01 1075.002 0.9203821373166678
C01 1099.99 0.09131947012686677
C02 319.994 47.7406120300293
C02 324.969 52.6531982421875
C02 349.982 66.542236328125
C02 374.975 69.7089614868164
C02 400.019 80.9195785522461
C02 424.965 86.39633178710938
C02 450.035 89.70960235595703
C02 475.003 93.52479553222656
C02 500.018 95.23014831542969
C02 525.002 97.59362030029297
C02 550.029 98.04071807861328
C02 575.023 99.07136535644531
C02 599.982 98.6965560913086
C02 619.997 98.77407836914062
C02 624.979 99.50755310058594
C02 650.012 98.83872985839844
C02 675.004 97.35900115966797
C02 700.03 96.95596313476562
C02 725.012 96.05657196044922
C02 750.022 96.92960357666016
C02 774.987 96.31423950195312
C02 799.976 95.62628173828125
C02 824.988 94.6629867553711
C02 850.022 91.61698913574219
C02 869.967 88.30732727050781
C02 875.002 87.0976791381836
C02 899.999 79.49019622802734
C02 919.999 71.07933807373047
C02 925.012 68.11149597167969
C02 949.965 55.828338623046875
C02 975.002 41.382591247558594
C02 999.976 25.340911865234375
C02 1025.028 10.79433822631836
C02 1050.014 3.808136463165283
C02 1075.002 0.9234435502859151
C02 1099.99 0.09162322070921318
C03 319.994 47.70423889160156
C03 324.969 52.614585876464844
C03 349.982 66.50028991699219
C03 374.975 69.6244888305664
C03 400.019 80.7779312133789
C03 424.965 86.22023010253906
C03 450.035 89.51480102539062
C03 475.003 93.31578826904297
C03 500.018 95.009765625
C03 525.002 97.36348724365234
C03 550.029 97.81098937988281
C03 575.023 98.8349609375
C03 599.982 98.45672607421875
C03 619.997 98.53620910644531
C03 624.979 99.26921081542969
C03 650.012 98.6036605834961
C03 675.004 97.12635803222656
C03 700.03 96.73409271240234
C03 725.012 95.86811065673828
C03 750.022 96.77625274658203
C03 774.987 96.19864654541016
C03 799.976 95.52754211425781
C03 824.988 94.5689697265625
C03 850.022 91.54435729980469
C03 869.967 88.23661041259766
C03 875.002 87.02737426757812
C03 899.999 79.43116760253906
C03 919.999 71.00533294677734
C03 925.012 68.03031158447266
C03 949.965 55.76230239868164
C03 975.002 41.427886962890625
C03 999.976 25.36188316345215
C03 1025.028 10.808842658996582
C03 1050.014 3.8040823936462402
C03 1075.002 0.9219825836903018
C03 1099.99 0.09147826494575886
C04 319.994 47.920555114746094
C04 324.969 52.855445861816406
C04 349.982 66.81238555908203
C04 374.975 69.88652038574219
C04 400.019 80.94074249267578
C04 424.965 86.33429718017578
C04 450.035 89.60293579101562
C04 475.003 93.38880920410156
C04 500.018 95.07443237304688
C04 525.002 97.423583984375
C04 550.029 97.8647689819336
C04 575.023 98.88970947265625
C04 599.982 98.50962829589844
C04 619.997 98.5868148803711
C04 624.979 99.3212661743164
C04 650.012 98.65271759033203
C04 675.004 97.1787338256836
C04 700.03 96.79811096191406
C04 725.012 95.95579528808594
C04 750.022 96.90045166015625
C04 774.987 96.35139465332031
C04 799.976 95.6922607421875
C04 824.988 94.73358154296875
C04 850.022 91.71932983398438
C04 869.967 88.38023376464844
C04 875.002 87.16617584228516
C04 899.999 79.61397552490234
C04 919.999 71.1293716430664
C04 925.012 68.13407897949219
C04 949.965 55.78408432006836
C04 975.002 41.56930923461914
C04 999.976 25.44700050354004
C04 1025.028 10.83342456817627
C04 1050.014 3.8058242797851562
C04 1075.002 0.923165819830944
C04 1099.99 0.09159566454861667
C05 319.994 48.064659118652344
C05 324.969 53.02204132080078
C05 349.982 67.05496978759766
C05 374.975 70.06122589111328
C05 400.019 81.03174591064453
C05 424.965 86.37906646728516
C05 450.035 89.62251281738281
C05 475.003 93.39220428466797
C05 500.018 95.07333374023438
C05 525.002 97.41649627685547
C05 550.029 97.85879516601562
C05 575.023 98.88445281982422
C05 599.982 98.50633239746094
C05 619.997 98.58059692382812
C05 624.979 99.31531524658203
C05 650.012 98.6492691040039
C05 675.004 97.17428588867188
C05 700.03 96.80342864990234
C05 725.012 95.97968292236328
C05 750.022 96.94491577148438
C05 774.987 96.40899658203125
C05 799.976 95.75984954833984
C05 824.988 94.80475616455078
C05 850.022 91.79581451416016
C05 869.967 88.45712280273438
C05 875.002 87.24250030517578
C05 899.999 79.70018005371094
C05 919.999 71.14801025390625
C05 925.012 68.15729522705078
C05 949.965 55.77772903442383
C05 975.002 41.653099060058594
C05 999.976 25.479190826416016
C05 1025.028 10.844923973083496
C05 1050.014 3.8100433349609375
C05 1075.002 0.9235894267806555
C05 1099.99 0.09163769444100735
C06 319.994 48.180511474609375
C06 324.969 53.15450668334961
C06 349.982 67.22227478027344
C06 374.975 70.20909118652344
C06 400.019 81.12879943847656
C06 424.965 86.45272064208984
C06 450.035 89.6830825805664
C06 475.003 93.44908142089844
C06 500.018 95.12400817871094
C06 525.002 97.46905517578125
C06 550.029 97.91079711914062
C06 575.023 98.93425750732422
C06 599.982 98.5550765991211
C06 619.997 98.6294174194336
C06 624.979 99.36375427246094
C06 650.012 98.69905853271484
C06 675.004 97.22432708740234
C06 700.03 96.85104370117188
C06 725.012 96.0229721069336
C06 750.022 96.97820281982422
C06 774.987 96.42817687988281
C06 799.976 95.76972198486328
C06 824.988 94.82496643066406
C06 850.022 91.81815338134766
C06 869.967 88.47286224365234
C06 875.002 87.27772521972656
C06 899.999 79.83751678466797
C06 919.999 71.17916107177734
C06 925.012 68.1308822631836
C06 949.965 55.87744903564453
C06 975.002 41.77391052246094
C06 999.976 25.528539657592773
C06 1025.028 10.836563110351562
C06 1050.014 3.81723690032959
C06 1075.002 0.9239065510747732
C06 1099.99 0.0916691592221336
C07 319.994 48.00802230834961
C07 324.969 52.962032318115234
C07 349.982 66.96227264404297
C07 374.975 69.93547821044922
C07 400.019 80.81140899658203
C07 424.965 86.11962127685547
C07 450.035 89.34142303466797
C07 475.003 93.09945678710938
C07 500.018 94.7690658569336
C07 525.002 97.10603332519531
C07 550.029 97.547119140625
C07 575.023 98.5717544555664
C07 599.982 98.1897201538086
C07 619.997 98.2652587890625
C07 624.979 98.99433898925781
C07 650.012 98.3304672241211
C07 675.004 96.857177734375
C07 700.03 96.47344207763672
C07 725.012 95.61370086669922
C07 750.022 96.51249694824219
C07 774.987 95.9125747680664
C07 799.976 95.2379379272461
C07 824.988 94.32154846191406
C07 850.022 91.32087707519531
C07 869.967 88.0385971069336
C07 875.002 86.86311340332031
C07 899.999 79.53553771972656
C07 919.999 70.84378051757812
C07 925.012 67.82848358154297
C07 949.965 55.7177848815918
C07 975.002 41.719512939453125
C07 999.976 25.503034591674805
C07 1025.028 10.804251670837402
C07 1050.014 3.820995569229126
C07 1075.002 0.9194697953682216
C07 1099.99 0.09122894839689326
C10 319.994 46.74346160888672
C10 324.969 51.54788589477539
C10 349.982 65.05767059326172
C10 374.975 68.52996826171875
C10 400.019 80.50592041015625
C10 424.965 86.37264251708984
C10 450.035 89.90447998046875
C10 475.003 93.86821746826172
C10 500.018 95.66365814208984
C10 525.002 98.09960174560547
C10 550.029 98.58809661865234
C10 575.023 99.65126037597656
C10 599.982 99.2900390625
C10 619.997 99.37516784667969
C10 624.979 100.122314453125
C10 650.012 99.45655822753906
C10 675.004 97.94844818115234
C10 700.03 97.41876983642578
C10 725.012 96.20401763916016
C10 750.022 96.66682434082031
C10 774.987 95.6827163696289
C10 799.976 94.85061645507812
C10 824.988 93.93052673339844
C10 850.022 90.82511901855469
C10 869.967 87.54729461669922
C10 875.002 86.3731689453125
C10 899.999 79.24295806884766
C10 919.999 71.1723403930664
C10 925.012 68.17109680175781
C10 949.965 55.3035888671875
C10 975.002 40.92610168457031
C10 999.976 25.182165145874023
C10 1025.028 10.78811264038086
C10 1050.014 3.8327698707580566
C10 1075.002 0.9209400744651741
C10 1099.99 0.09137482813817524
C11 319.994 46.98259353637695
C11 324.969 51.81638717651367
C11 349.982 65.44979858398438
C11 374.975 68.86669158935547
C11 400.019 80.71292114257812
C11 424.965 86.50968933105469
C11 450.035 90.0038833618164
C11 475.003 93.94226837158203
C11 500.018 95.72114562988281
C11 525.002 98.1498031616211
C11 550.029 98.63371276855469
C11 575.023 99.69596099853516
C11 599.982 99.33634948730469
C11 619.997 99.42545318603516
C11 624.979 100.16883087158203
C11 650.012 99.50881958007812
C11 675.004 98.00482940673828
C11 700.03 97.49467468261719
C11 725.012 96.31169891357422
C11 750.022 96.82105255126953
C11 774.987 95.87863159179688
C11 799.976 95.06871032714844
C11 824.988 94.1478500366211
C11 850.022 91.05400085449219
C11 869.967 87.75597381591797
C11 875.002 86.57185363769531
C11 899.999 79.44864654541016
C11 919.999 71.27154541015625
C11 925.012 68.27304077148438
C11 949.965 55.39141082763672
C11 975.002 41.12324523925781
C11 999.976 25.28731346130371
C11 1025.028 10.790491104125977
C11 1050.014 3.8272197246551514
C11 1075.002 0.9224093980201173
C11 1099.99 0.0915206130714569
C12 319.994 47.027069091796875
C12 324.969 51.86802673339844
C12 349.982 65.53326416015625
C12 374.975 68.882568359375
C12 400.019 80.59589385986328
C12 424.965 86.32597351074219
C12 450.035 89.78101348876953
C12 475.003 93.69495391845703
C12 500.018 95.45892333984375
C12 525.002 97.87102508544922
C12 550.029 98.34760284423828
C12 575.023 99.4051742553711
C12 599.982 99.04367065429688
C12 619.997 99.12997436523438
C12 624.979 99.87379455566406
C12 650.012 99.21415710449219
C12 675.004 97.71558380126953
C12 700.03 97.2201919555664
C12 725.012 96.07539367675781
C12 750.022 96.63773345947266
C12 774.987 95.74491119384766
C12 799.976 94.95426940917969
C12 824.988 94.03387451171875
C12 850.022 90.96723175048828
C12 869.967 87.63124084472656
C12 875.002 86.44259643554688
C12 899.999 79.31977081298828
C12 919.999 71.17271423339844
C12 925.012 68.17363739013672
C12 949.965 55.32006072998047
C12 975.002 41.089569091796875
C12 999.976 25.278432846069336
C12 1025.028 10.792776107788086
C12 1050.014 3.7886476516723633
C12 1075.002 0.9206629248738268
C12 1099.99 0.09134732961033386
C13 319.994 47.1790771484375
C13 324.969 52.0390510559082
C13 349.982 65.75497436523438
C13 374.975 69.09500122070312
C13 400.019 80.77774810791016
C13 424.965 86.48969268798828
C13 450.035 89.93289947509766
C13 475.003 93.84303283691406
C13 500.018 95.6066665649414
C13 525.002 98.01908111572266
C13 550.029 98.49732971191406
C13 575.023 99.55345916748047
C13 599.982 99.19418334960938
C13 619.997 99.2795639038086
C13 624.979 100.02318572998047
C13 650.012 99.36002349853516
C13 675.004 97.8674087524414
C13 700.03 97.38275909423828
C13 725.012 96.27975463867188
C13 750.022 96.89058685302734
C13 774.987 96.04835510253906
C13 799.976 95.27696228027344
C13 824.988 94.3498764038086
C13 850.022 91.27947998046875
C13 869.967 87.95216369628906
C13 875.002 86.72608184814453
C13 899.999 79.59324645996094
C13 919.999 71.274169921875
C13 925.012 68.36298370361328
C13 949.965 55.361473083496094
C13 975.002 41.372310638427734
C13 999.976 25.288572311401367
C13 1025.028 10.845810890197754
C13 1050.014 3.7899043560028076
C13 1075.002 0.9230718456582502
C13 1099.99 0.0915863405175343
C14 319.994 47.35658264160156
C14 324.969 52.24140167236328
C14 349.982 66.02648162841797
C14 374.975 69.30133056640625
C14 400.019 80.85533905029297
C14 424.965 86.50357818603516
C14 450.035 89.90841674804688
C14 475.003 93.79875183105469
C14 500.018 95.5452651977539
C14 525.002 97.94783782958984
C14 550.029 98.42225646972656
C14 575.023 99.47523498535156
C14 599.982 99.11470794677734
C14 619.997 99.19926452636719
C14 624.979 99.94461822509766
C14 650.012 99.28105163574219
C14 675.004 97.79134368896484
C14 700.03 97.32139587402344
C14 725.012 96.25765228271484
C14 750.022 96.9197006225586
C14 774.987 96.12276458740234
C14 799.976 95.36969757080078
C14 824.988 94.44680786132812
C14 850.022 91.39886474609375
C14 869.967 88.02873229980469
C14 875.002 86.87031555175781
C14 899.999 79.7379150390625
C14 919.999 71.36522674560547
C14 925.012 68.24755096435547
C14 949.965 55.617252349853516
C14 975.002 41.42141342163086
C14 999.976 25.4737548828125
C14 1025.028 10.792974472045898
C14 1050.014 3.7927751541137695
C14 1075.002 0.9233492099805477
C14 1099.99 0.09161386035078328
C15 319.994 47.428009033203125
C15 324.969 52.32322692871094
C15 349.982 66.1432113647461
C15 374.975 69.34716796875
C15 400.019 80.77474212646484
C15 424.965 86.35186767578125
C15 450.035 89.71987915039062
C15 475.003 93.57855987548828
C15 500.018 95.30554962158203
C15 525.002 97.70160675048828
C15 550.029 98.16654205322266
C15 575.023 99.2161865234375
C15 599.982 98.85363006591797
C15 619.997 98.93675994873047
C15 624.979 99.68049621582031
C15 650.012 99.02322387695312
C15 675.004 97.54125213623047
C15 700.03 97.07872009277344
C15 725.012 96.04917907714844
C15 750.022 96.73828125
C15 774.987 95.98197174072266
C15 799.976 95.24584197998047
C15 824.988 94.32341766357422
C15 850.022 91.29180908203125
C15 869.967 87.96197509765625
C15 875.002 86.79369354248047
C15 899.999 79.66545104980469
C15 919.999 71.20744323730469
C15 925.012 68.14827728271484
C15 949.965 55.514347076416016
C15 975.002 41.48319625854492
C15 999.976 25.40958595275879
C15 1025.028 10.78931999206543
C15 1050.014 3.7927606105804443
C15 1075.002 0.9216208359378197
C15 1099.99 0.09144237266608843
C16 319.994 47.453487396240234
C16 324.969 52.355106353759766
C16 349.982 66.19877624511719
C16 374.975 69.39081573486328
C16 400.019 80.76571655273438
C16 424.965 86.32025146484375
C16 450.035 89.67478942871094
C16 475.003 93.52534484863281
C16 500.018 95.24908447265625
C16 525.002 97.64085388183594
C16 550.029 98.10858917236328
C16 575.023 99.15779876708984
C16 599.982 98.7965087890625
C16 619.997 98.87487030029297
C16 624.979 99.61946105957031
C16 650.012 98.96110534667969
C16 675.004 97.47866821289062
C16 700.03 97.02291870117188
C16 725.012 95.99917602539062
C16 750.022 96.68954467773438
C16 774.987 95.93612670898438
C16 799.976 95.20214080810547
C16 824.988 94.29676055908203
C16 850.022 91.26390075683594
C16 869.967 87.96121978759766
C16 875.002 86.81287384033203
C16 899.999 79.7195053100586
C16 919.999 71.16924285888672
C16 925.012 68.07872009277344
C16 949.965 55.621070861816406
C16 975.002 41.54158020019531
C16 999.976 25.44900131225586
C16 1025.028 10.777148246765137
C16 1050.014 3.797701835632324
C16 1075.002 0.9211565249811492
C16 1099.99 0.09139630415952128
C17 319.994 47.62144088745117
C17 324.969 52.5329475402832
C17 349.982 66.38358306884766
C17 374.975 69.58749389648438
C17 400.019 80.98771667480469
C17 424.965 86.5512466430664
C17 450.035 89.91270446777344
C17 475.003 93.76886749267578
C17 500.018 95.49826049804688
C17 525.002 97.89521789550781
C17 550.029 98.35934448242188
C17 575.023 99.4083251953125
C17 599.982 99.04515838623047
C17 619.997 99.1210708618164
C17 624.979 99.8634262084961
C17 650.012 99.20136260986328
C17 675.004 97.71136474609375
C17 700.03 97.23754119873047
C17 725.012 96.17509460449219
C17 750.022 96.81452178955078
C17 774.987 96.00936126708984
C17 799.976 95.25025939941406
C17 824.988 94.3537368774414
C17 850.022 91.30572509765625
C17 869.967 88.04557800292969
C17 875.002 86.92066192626953
C17 899.999 79.8503646850586
C17 919.999 71.38239288330078
C17 925.012 68.26336669921875
C17 949.965 55.76482009887695
C17 975.002 41.61724090576172
C17 999.976 25.470172882080078
C17 1025.028 10.832479476928711
C17 1050.014 3.8267273902893066
C17 1075.002 0.9223471769063837
C17 1099.99 0.0915144395497136
