lsstCam/transmission_sensor/r23_s02/19700101T000000.ecsv
# %ECSV 1.0
# ---
# datatype:
# - {name: amp_name, datatype: string}
# - {name: wavelength, unit: nm, datatype: float32}
# - {name: efficiency, unit: '%', datatype: float64}
# meta: !!omap
# - {MODE: AMP}
# - {TYPE: transmission_sensor}
# - {CALIBDATE: '1970-01-01T00:00:00'}
# - {INSTRUME: LSSTCam}
# - {OBSTYPE: transmission_sensor}
# - {DETECTOR: 101}
# - {PARQUETFILE: qe_raft_allvalues_nircorrected_20230725_adjust.parquet}
# - {CORRFILE: qe_corr_factor_bydetnum.parquet}
# - {CALIBCLS: lsst.ip.isr.IntermediateSensorTransmissionCurve}
# - {CALIB_ID: 'raftName=R23 detectorName=S02 detector=101 calibDate=1970-01-01T00:00:00 ccd=101 ccdnum=101 filter=None'}
# - {DATE: '2025-03-03T21:56:47.944802'}
# - {CALIB_CREATION_DATE: '2025-03-03'}
# - {CALIB_CREATION_TIME: '21:56:47'}
# - __serialized_columns__:
#     efficiency:
#       __class__: astropy.units.quantity.Quantity
#       unit: !astropy.units.Unit {unit: '%'}
#       value: !astropy.table.SerializedColumn {name: efficiency}
#     wavelength:
#       __class__: astropy.units.quantity.Quantity
#       unit: !astropy.units.Unit {unit: nm}
#       value: !astropy.table.SerializedColumn {name: wavelength}
# schema: astropy-2.0
amp_name wavelength efficiency
C00 319.994 46.617543272258885
C00 324.969 51.40193345915031
C00 349.982 64.86904246750584
C00 374.975 68.08988378951746
C00 400.019 79.32614744642302
C00 424.965 84.82427817147345
C00 450.035 88.15032964104938
C00 475.003 91.94505404614469
C00 500.018 93.64442305801211
C00 525.002 95.98471848094749
C00 550.029 96.4310136233116
C00 575.023 97.4441678332016
C00 599.982 97.06964372160105
C00 619.997 97.14290060180953
C00 624.979 97.8664417428729
C00 650.012 97.20290490565577
C00 675.004 95.73392510494183
C00 700.03 95.30646573079359
C00 725.012 94.36815180632861
C00 750.022 95.14537113466213
C00 774.987 94.47454012744268
C00 799.976 93.75864585801756
C00 824.988 92.78422879375715
C00 850.022 89.73561843442374
C00 869.967 86.4796345217528
C00 875.002 85.29473712804277
C00 899.999 77.77137109670032
C00 919.999 69.57632607335422
C00 925.012 66.65002813878192
C00 949.965 54.61886879815143
C00 975.002 40.32010058874447
C00 999.976 24.688589213713175
C00 1025.028 10.533665113510892
C00 1050.014 3.7281177329927253
C00 1075.002 0.9064452576120207
C00 1099.99 0.08993666572611994
C01 319.994 46.6834497002891
C01 324.969 51.486855758359404
C01 349.982 65.05919367500456
C01 374.975 68.20821143622175
C01 400.019 79.29638543178392
C01 424.965 84.71040056881378
C01 450.035 87.98663856053437
C01 475.003 91.74567256179118
C01 500.018 93.42850211822125
C01 525.002 95.74954903698384
C01 550.029 96.19588170079858
C01 575.023 97.20774517278693
C01 599.982 96.84046270115782
C01 619.997 96.91896508016426
C01 624.979 97.63904674347961
C01 650.012 96.98338190660449
C01 675.004 95.52447286323944
C01 700.03 95.11455851940542
C01 725.012 94.20701968874653
C01 750.022 95.02410931051864
C01 774.987 94.38619211979115
C01 799.976 93.69002662910685
C01 824.988 92.73105339392544
C01 850.022 89.71117696148387
C01 869.967 86.4695862772743
C01 875.002 85.28214492921161
C01 899.999 77.79690819599857
C01 919.999 69.55848837572509
C01 925.012 66.63941707254398
C01 949.965 54.63224894744581
C01 975.002 40.38935768231586
C01 999.976 24.74033129413086
C01 1025.028 10.537224023103073
C01 1050.014 3.727840543276202
C01 1075.002 0.9052900012939452
C01 1099.99 0.08982204225555265
C02 319.994 46.9577765301294
C02 324.969 51.78980770288473
C02 349.982 65.45109772253656
C02 374.975 68.56589592077991
C02 400.019 79.59268482311269
C02 424.965 84.97963198565864
C02 450.035 88.23857258863916
C02 475.003 91.99120543041862
C02 500.018 93.66859437650744
C02 525.002 95.99331089314158
C02 550.029 96.43307730309621
C02 575.023 97.44682435190614
C02 599.982 97.07816109089389
C02 619.997 97.15441218286257
C02 624.979 97.87585962698083
C02 650.012 97.21800353738897
C02 675.004 95.76253896319167
C02 700.03 95.36610982871379
C02 725.012 94.48146658722884
C02 750.022 95.340182506329
C02 774.987 94.73490897764891
C02 799.976 94.05823212842145
C02 824.988 93.11073295284244
C02 850.022 90.11468264155043
C02 869.967 86.85929156779943
C02 875.002 85.66947886405697
C02 899.999 78.18674105945584
C02 919.999 69.91380150460348
C02 925.012 66.99462514136061
C02 949.965 54.91288313313688
C02 975.002 40.704012567292445
C02 999.976 24.92537958434401
C02 1025.028 10.617336072341505
C02 1050.014 3.7456918424311825
C02 1075.002 0.9083012141788142
C02 1099.99 0.09012081203164492
C03 319.994 46.92199982695445
C03 324.969 51.75182849055784
C03 349.982 65.40983913542468
C03 374.975 68.48280842050657
C03 400.019 79.4533601726363
C03 424.965 84.80641796097395
C03 450.035 88.04696554885602
C03 475.003 91.78562540242116
C03 500.018 93.45182545193236
C03 525.002 95.76695148578567
C03 550.029 96.20711562311696
C03 575.023 97.2142964180668
C03 599.982 96.84226373078802
C03 619.997 96.92044342531905
C03 624.979 97.6414256034495
C03 650.012 96.98678885432163
C03 675.004 95.53371064438436
C03 700.03 95.14787756756417
C03 725.012 94.29609561254027
C03 750.022 95.18934627479956
C03 774.987 94.62121147795227
C03 799.976 93.96111160561279
C03 824.988 93.01825758562168
C03 850.022 90.0432417995524
C03 869.967 86.78973430262299
C03 875.002 85.60032683054733
C03 899.999 78.12868036675219
C03 919.999 69.84100989038282
C03 925.012 66.91477199013153
C03 949.965 54.84792974995265
C03 975.002 40.74856553776957
C03 999.976 24.94600700182742
C03 1025.028 10.631602665906998
C03 1050.014 3.741704250265563
C03 1075.002 0.9068642040526843
C03 1099.99 0.0899782332070844
C04 319.994 47.13476896489246
C04 324.969 51.98873892983069
C04 349.982 65.71681713160253
C04 374.975 68.74054326487864
C04 400.019 79.61350172392179
C04 424.965 84.91861460264542
C04 450.035 88.13365510838976
C04 475.003 91.8574489632156
C04 500.018 93.51543181503901
C04 525.002 95.82606277910693
C04 550.029 96.26001336421403
C04 575.023 97.26814720400984
C04 599.982 96.89429847852061
C04 619.997 96.97021938172377
C04 624.979 97.69262737497813
C04 650.012 97.03504143983079
C04 675.004 95.58522759609826
C04 700.03 95.2108460660101
C04 725.012 94.38234241895658
C04 750.022 95.31150861375816
C04 774.987 94.77145487056177
C04 799.976 94.12312922942974
C04 824.988 93.18017014937686
C04 850.022 90.21534518929849
C04 869.967 86.93100256424198
C04 875.002 85.73685238080678
C04 899.999 78.3084906624575
C04 919.999 69.96301463924877
C04 925.012 67.0168378401331
C04 949.965 54.86935449826193
C04 975.002 40.88766881168725
C04 999.976 25.029728614616385
C04 1025.028 10.655781488692462
C04 1050.014 3.7434175735049195
C04 1075.002 0.9080280378602547
C04 1099.99 0.09009370772827938
C05 319.994 47.27650999678937
C05 324.969 52.15260260901859
C05 349.982 65.9554235404438
C05 374.975 68.91238400447031
C05 400.019 79.70301289654283
C05 424.965 84.96264977710386
C05 450.035 88.15291111685268
C05 475.003 91.8607883723216
C05 500.018 93.51435119726088
C05 525.002 95.81909129358002
C05 550.029 96.25413750504549
C05 575.023 97.26297674811313
C05 599.982 96.89105662518625
C05 619.997 96.9641033852712
C05 624.979 97.68677402867996
C05 650.012 97.03164950069392
C05 675.004 95.58085259495489
C05 700.03 95.21607655622782
C05 725.012 94.40583835134059
C05 750.022 95.35524361661157
C05 774.987 94.82811226101188
C05 799.976 94.18960973565457
C05 824.988 93.25017767196084
C05 850.022 90.29057569781006
C05 869.967 87.00663080013022
C05 875.002 85.8119252992257
C05 899.999 78.3932816365894
C05 919.999 69.9813476200262
C05 925.012 67.03967339498604
C05 949.965 54.8631034245871
C05 975.002 40.970084677994315
C05 999.976 25.061391090729845
C05 1025.028 10.667092329984639
C05 1050.014 3.7475674459445103
C05 1075.002 0.9084446986367996
C05 1099.99 0.09013504842774978
C06 319.994 47.39046264235029
C06 324.969 52.28289584632853
C06 349.982 66.11998511861341
C06 374.975 69.05782465139926
C06 400.019 79.79847497123367
C06 424.965 85.03509619397875
C06 450.035 88.21248767616173
C06 475.003 91.91673285520976
C06 500.018 93.56419469227673
C06 525.002 95.87078834825695
C06 550.029 96.30528674654323
C06 575.023 97.31196475405463
C06 599.982 96.93900153480025
C06 619.997 97.01212333778646
C06 624.979 97.73441876668895
C06 650.012 97.08062249805516
C06 675.004 95.6300732338903
C06 700.03 95.2629108309032
C06 725.012 94.44841769351463
C06 750.022 95.38798483443063
C06 774.987 94.84697804638826
C06 799.976 94.19932028707741
C06 824.988 93.2700565365042
C06 850.022 90.31254825929852
C06 869.967 87.02211215065984
C06 875.002 85.84657260673673
C06 899.999 78.5283663631447
C06 919.999 70.01198763661002
C06 925.012 67.01369354257038
C06 949.965 54.961188248676926
C06 975.002 41.08891511213703
C06 999.976 25.109930715336326
C06 1025.028 10.658868566042981
C06 1050.014 3.754643053496914
C06 1075.002 0.9087566228267552
C06 1099.99 0.09016599725931831
C07 319.994 47.22080189904018
C07 324.969 52.09357761503377
C07 349.982 65.86424641541483
C07 374.975 68.78869829461617
C07 400.019 79.4862889977085
C07 424.965 84.70745888708446
C07 450.035 87.87643055574625
C07 475.003 91.5728412559029
C07 500.018 93.21507260275216
C07 525.002 95.5137192154891
C07 550.029 95.94757224482457
C07 575.023 96.95540591301535
C07 599.982 96.57963608925391
C07 619.997 96.65393606578988
C07 624.979 97.37106103879565
C07 650.012 96.71807523349545
C07 675.004 95.26894428016438
C07 700.03 94.89150099970487
C07 725.012 94.04585755400393
C07 750.022 94.92991546085906
C07 774.987 94.33983061539368
C07 799.976 93.67625625672594
C07 824.988 92.7748934568406
C07 850.022 89.82342613318623
C07 869.967 86.59496795669688
C07 875.002 85.43875946413795
C07 899.999 78.23133905567371
C07 919.999 69.6821065469681
C07 925.012 66.71625349914248
C07 949.965 54.80414221706835
C07 975.002 41.035409523539776
C07 999.976 25.084843873445635
C07 1025.028 10.627086959323773
C07 1050.014 3.758340088929224
C07 1075.002 0.9043926196410403
C07 1099.99 0.08973300487235902
C10 319.994 45.97697706711697
C10 324.969 50.70261991875823
C10 349.982 63.99087542839949
C10 374.975 67.40623545476308
C10 400.019 79.18580971677963
C10 424.965 84.9563311648179
C10 450.035 88.43025467132357
C10 475.003 92.32899604185317
C10 500.018 94.09499564574794
C10 525.002 96.49099541428745
C10 550.029 96.97148010246491
C10 575.023 98.01721043579118
C10 599.982 97.66191231549305
C10 619.997 97.7456451847172
C10 624.979 98.48054031674096
C10 650.012 97.8257009517797
C10 675.004 96.34232041831427
C10 700.03 95.82132757203752
C10 725.012 94.62649449820087
C10 750.022 95.08171224152461
C10 774.987 94.1137413624823
C10 799.976 93.29528595990729
C10 824.988 92.39028357931093
C10 850.022 89.33579736080898
C10 869.967 86.11172168975313
C10 875.002 84.95684896083658
C10 899.999 77.94355703363779
C10 919.999 70.00527880123751
C10 925.012 67.0532486558237
C10 949.965 54.39673805828143
C10 975.002 40.255008376192905
C10 999.976 24.769235943623073
C10 1025.028 10.611212571598818
C10 1050.014 3.7699213191749967
C10 1075.002 0.9058387895650494
C10 1099.99 0.0898764925236502
C11 319.994 46.21218778467632
C11 324.969 50.96671840115701
C11 349.982 64.37657342799741
C11 374.975 67.73743729946713
C11 400.019 79.389416116474
C11 424.965 85.0911307283484
C11 450.035 88.52802806737316
C11 475.003 92.4018326818146
C11 500.018 94.15154047184618
C11 525.002 96.5403736433155
C11 550.029 97.01634825312732
C11 575.023 98.06117807163851
C11 599.982 97.70746335655691
C11 619.997 97.79510596093662
C11 624.979 98.52629397363822
C11 650.012 97.8771053391417
C11 675.004 96.39777712234424
C11 700.03 95.89598775449953
C11 725.012 94.73241004903701
C11 750.022 95.23341146641852
C11 774.987 94.30644402862382
C11 799.976 93.50980359744462
C11 824.988 92.60404328354555
C11 850.022 89.56092606458425
C11 869.967 86.31697903327516
C11 875.002 85.15227568429377
C11 899.999 78.1458726954305
C11 919.999 70.10285708574384
C11 925.012 67.1535209804852
C11 949.965 54.48311994192
C11 975.002 40.44891923304468
C11 999.976 24.872660070137435
C11 1025.028 10.613552034045549
C11 1050.014 3.7644621826175126
C11 1075.002 0.9072840196157258
C11 1099.99 0.09001988692157274
C12 319.994 46.25593404396491
C12 324.969 51.01751118887377
C12 349.982 64.45867036197414
C12 374.975 67.75305372721901
C12 400.019 79.2743078102337
C12 424.965 84.91042742211812
C12 450.035 88.30881274421705
C12 475.003 92.15857361309529
C12 500.018 93.89361802022096
C12 525.002 96.26616688211722
C12 550.029 96.73492986911809
C12 575.023 97.77515955778215
C12 599.982 97.41958377874934
C12 619.997 97.50447230865288
C12 624.979 98.23609557018176
C12 650.012 97.58727464590142
C12 675.004 96.1132744750933
C12 700.03 95.6260059086421
C12 725.012 94.4999796709693
C12 750.022 95.05309838327477
C12 774.987 94.17491633558816
C12 799.976 93.39723924555697
C12 824.988 92.49193669335558
C12 850.022 89.47557977298305
C12 869.967 86.19429139400776
C12 875.002 85.02513800098176
C12 899.999 78.01911022662476
C12 919.999 70.00564651145368
C12 925.012 67.0557475844356
C12 949.965 54.41293982066312
C12 975.002 40.41579529642921
C12 999.976 24.863925076430956
C12 1025.028 10.61579956893824
C12 1050.014 3.726522602322851
C12 1075.002 0.9055661845852951
C12 1099.99 0.08984944490799603
C13 319.994 46.4054495204322
C13 324.969 51.18573110847972
C13 349.982 64.67674503303112
C13 374.975 67.96200318148297
C13 400.019 79.45318006967328
C13 424.965 85.07146198392857
C13 450.035 88.45820815204232
C13 475.003 92.30422438014776
C13 500.018 94.0389385985079
C13 525.002 96.41179513629932
C13 550.029 96.88220156283776
C13 575.023 97.92101294066802
C13 599.982 97.56762841435196
C13 619.997 97.65160892515027
C13 624.979 98.38303707513589
C13 650.012 97.7307491688174
C13 675.004 96.26260984859756
C13 700.03 95.78590732264355
C13 725.012 94.70098958628012
C13 750.022 95.30180556662545
C13 774.987 94.4733844667633
C13 799.976 93.71464070071961
C13 824.988 92.80275688607786
C13 850.022 89.7827078549634
C13 869.967 86.50995185386121
C13 875.002 85.30397490918769
C13 899.999 78.2881015061856
C13 919.999 70.10543856154713
C13 925.012 67.24198905677876
C13 949.965 54.453673107466194
C13 975.002 40.69390053634787
C13 999.976 24.873898278008202
C13 1025.028 10.667964703711768
C13 1050.014 3.727758699612017
C13 1075.002 0.9079356046464075
C13 1099.99 0.09008453658971811
C14 319.994 46.58004433450005
C14 324.969 51.38476364334238
C14 349.982 64.94380020573948
C14 374.975 68.16494920364626
C14 400.019 79.5294987002531
C14 424.965 85.08511979195761
C14 450.035 88.43412688502849
C14 475.003 92.26066948025738
C14 500.018 93.97854407157513
C14 525.002 96.3417200751042
C14 550.029 96.80835934799947
C14 575.023 97.84407145400775
C14 599.982 97.48945622411107
C14 619.997 97.57262627157577
C14 624.979 98.30575789541996
C14 650.012 97.6530722617248
C14 675.004 96.18779207604291
C14 700.03 95.72555031716139
C14 725.012 94.67924965778555
C14 750.022 95.33044193774566
C14 774.987 94.54657380836065
C14 799.976 93.80585534719924
C14 824.988 92.8980988921267
C14 850.022 89.90013498685259
C14 869.967 86.58526490956416
C14 875.002 85.44584351401673
C14 899.999 78.43039785555182
C14 919.999 70.19500226419906
C14 925.012 67.12844914717476
C14 949.965 54.70525818608013
C14 975.002 40.74219814759779
C14 999.976 25.056044284015183
C14 1025.028 10.615994680481512
C14 1050.014 3.7305824232809317
C14 1075.002 0.9082084208360217
C14 1099.99 0.09011160516142054
C15 319.994 46.65029949865819
C15 324.969 51.46524715494204
C15 349.982 65.05861584466487
C15 374.975 68.21003497872232
C15 400.019 79.45022337936369
C15 424.965 84.93589698280523
C15 450.035 88.24868086743868
C15 475.003 92.04408816293542
C15 500.018 93.74275927582114
C15 525.002 96.09952661558276
C15 550.029 96.5568380558516
C15 575.023 97.5892707870749
C15 599.982 97.23265941600474
C15 619.997 97.3144261612159
C15 624.979 98.04596687555342
C15 650.012 97.39947228121208
C15 675.004 95.9418014457178
C15 700.03 95.4868538568386
C15 725.012 94.4741949300969
C15 750.022 95.15199742284325
C15 774.987 94.40808963837836
C15 799.976 93.68403070129631
C15 824.988 92.77673200792144
C15 850.022 89.79483478780676
C15 869.967 86.51960237096304
C15 875.002 85.3704779282829
C15 899.999 78.35912210793657
C15 919.999 70.03980604010651
C15 925.012 67.0308033240573
C15 949.965 54.604040320862765
C15 975.002 40.802967889036864
C15 999.976 24.992927575839254
C15 1025.028 10.612400125511233
C15 1050.014 3.730568118227879
C15 1075.002 0.9065083881257614
C15 1099.99 0.08994292947769648
C16 319.994 46.67536007553344
C16 324.969 51.496603831232875
C16 349.982 65.11326958965138
C16 374.975 68.25296702253227
C16 400.019 79.44134580414483
C16 424.965 84.90479920452374
C16 450.035 88.20433051279494
C16 475.003 91.99174573930767
C16 500.018 93.6872200245998
C16 525.002 96.03976995331067
C16 550.029 96.49983546805571
C16 575.023 97.53184045474183
C16 599.982 97.17647479583255
C16 619.997 97.25355135971508
C16 624.979 97.98593255454668
C16 650.012 97.33837235100748
C16 675.004 95.8802437538155
C16 700.03 95.43196747885818
C16 725.012 94.42501181261213
C16 750.022 95.10406001751936
C16 774.987 94.36299635901216
C16 799.976 93.64104612745548
C16 824.988 92.75051201822174
C16 850.022 89.76738409452643
C16 869.967 86.51885944624058
C16 875.002 85.38934371365926
C16 899.999 78.41229000347816
C16 919.999 70.00223205944641
C16 925.012 66.96238671098
C16 949.965 54.70901408328811
C16 975.002 40.86039446922488
C16 999.976 25.031696614701886
C16 1025.028 10.600427968651717
C16 1050.014 3.7354283186296944
C16 1075.002 0.9060516907937265
C16 1099.99 0.0898976163879712
C17 319.994 46.84055951836374
C17 324.969 51.671528834066265
C17 349.982 65.29504600936967
C17 374.975 68.44642011768636
C17 400.019 79.6597056382266
C17 424.965 85.13200659666387
C17 450.035 88.43834429607922
C17 475.003 92.23127517583444
C17 500.018 93.9323101401098
C17 525.002 96.28996298610626
C17 550.029 96.74647897162177
C17 575.023 97.77825882960411
C17 599.982 97.42104711532389
C17 619.997 97.49571480207601
C17 624.979 98.22589723990075
C17 650.012 97.57468995136038
C17 675.004 96.10912460265371
C17 700.03 95.64307066438826
C17 725.012 94.59804573433381
C17 750.022 95.2269877940708
C17 774.987 94.43503003993013
C17 799.976 93.68837568527917
C17 824.988 92.80655405688154
C17 850.022 89.8085226129963
C17 869.967 86.60183438216202
C17 875.002 85.49536432455717
C17 899.999 78.54100358771662
C17 919.999 70.21188691698221
C17 925.012 67.14400554060563
C17 949.965 54.850406165694174
C17 975.002 40.93481451440286
C17 999.976 25.052521019801098
C17 1025.028 10.654851894753124
C17 1050.014 3.7639779213953295
C17 1075.002 0.9072228187841922
C17 1099.99 0.09001381463129202
