lsstcam/qe_curves/r30_s01/19700101T000000.ecsv
# %ECSV 0.9
# ---
# datatype:
# - {name: amp_name, datatype: string}
# - {name: wavelength, unit: nm, datatype: float32}
# - {name: efficiency, unit: '%', datatype: float32}
# meta: !!omap
# - {MODE: AMP}
# - {TYPE: QE}
# - {CALIBDATE: '1970-01-01T00:00:00'}
# - {INSTRUME: LSSTCAM}
# - {OBSTYPE: qe_curves}
# - {DETECTOR: 118}
# - {PICKLEFILE: RaftRun11063.p}
# - {CALIB_ID: 'raftName=R30 detectorName=S01 detector=118 calibDate=1970-01-01T00:00:00 ccd=118 ccdnum=118 filter=None'}
# - {DATE: '2020-01-22T16:52:09.503909'}
# - {CALIB_CREATION_DATE: '2020-01-22'}
# - {CALIB_CREATION_TIME: '16:52:09'}
# - __serialized_columns__:
#     efficiency:
#       __class__: astropy.units.quantity.Quantity
#       unit: !astropy.units.Unit {unit: '%'}
#       value: !astropy.table.SerializedColumn {name: efficiency}
#     wavelength:
#       __class__: astropy.units.quantity.Quantity
#       unit: !astropy.units.Unit {unit: nm}
#       value: !astropy.table.SerializedColumn {name: wavelength}
# schema: astropy-2.0
amp_name wavelength efficiency
C13 319.994 40.350616
C13 324.969 45.52946
C13 349.982 69.44862
C13 374.975 76.50519
C13 400.019 83.31206
C13 424.965 85.30112
C13 450.035 86.831764
C13 475.003 89.02199
C13 500.018 91.12503
C13 525.002 93.05382
C13 550.029 94.5688
C13 575.023 96.122826
C13 599.982 97.39362
C13 619.997 97.589005
C13 624.979 97.64334
C13 650.012 98.10432
C13 675.004 98.43094
C13 700.03 98.2069
C13 725.012 98.07832
C13 750.022 98.658936
C13 774.987 99.139534
C13 799.976 98.46158
C13 824.988 96.91832
C13 850.022 94.70374
C13 869.967 91.54802
C13 875.002 90.42156
C13 899.999 83.11942
C13 919.999 74.435486
C13 925.012 71.63245
C13 949.965 58.73187
C13 975.002 43.546265
C13 999.976 26.610209
C13 1025.028 11.261531
C13 1050.014 3.8647764
C13 1075.002 2.0931947
C13 1099.99 1.5951697
C15 319.994 39.854694
C15 324.969 44.97072
C15 349.982 68.68479
C15 374.975 75.83513
C15 400.019 82.74223
C15 424.965 84.77199
C15 450.035 86.3128
C15 475.003 88.50204
C15 500.018 90.60628
C15 525.002 92.53095
C15 550.029 94.04476
C15 575.023 95.60139
C15 599.982 96.87332
C15 619.997 97.073296
C15 624.979 97.1277
C15 650.012 97.59725
C15 675.004 97.92575
C15 700.03 97.70386
C15 725.012 97.57737
C15 750.022 98.14593
C15 774.987 98.61644
C15 799.976 97.93637
C15 824.988 96.37996
C15 850.022 94.165474
C15 869.967 91.11342
C15 875.002 89.9883
C15 899.999 82.469765
C15 919.999 73.85167
C15 925.012 71.0383
C15 949.965 58.320057
C15 975.002 43.28
C15 999.976 26.432665
C15 1025.028 11.144423
C15 1050.014 3.7898629
C15 1075.002 2.070803
C15 1099.99 1.5844483
C01 319.994 39.717773
C01 324.969 44.81923
C01 349.982 68.23696
C01 374.975 75.22887
C01 400.019 82.527626
C01 424.965 84.78072
C01 450.035 86.45454
C01 475.003 88.7351
C01 500.018 90.89599
C01 525.002 92.85838
C01 550.029 94.39887
C01 575.023 95.9672
C01 599.982 97.246056
C01 619.997 97.44748
C01 624.979 97.50144
C01 650.012 97.96353
C01 675.004 98.27449
C01 700.03 97.95117
C01 725.012 97.537285
C01 750.022 97.74113
C01 774.987 97.87151
C01 799.976 97.060326
C01 824.988 95.58114
C01 850.022 93.3638
C01 869.967 90.31806
C01 875.002 89.206
C01 899.999 82.15326
C01 919.999 73.91217
C01 925.012 71.18147
C01 949.965 58.038742
C01 975.002 42.944626
C01 999.976 26.307772
C01 1025.028 11.176416
C01 1050.014 3.8431842
C01 1075.002 2.067402
C01 1099.99 1.5771598
C00 319.994 39.658802
C00 324.969 44.75023
C00 349.982 68.1438
C00 374.975 75.17928
C00 400.019 82.563385
C00 424.965 84.847855
C00 450.035 86.54417
C00 475.003 88.83589
C00 500.018 91.008354
C00 525.002 92.97942
C00 550.029 94.52604
C00 575.023 96.101036
C00 599.982 97.38359
C00 619.997 97.58553
C00 624.979 97.64054
C00 650.012 98.10993
C00 675.004 98.42098
C00 700.03 98.10027
C00 725.012 97.69498
C00 750.022 97.91956
C00 774.987 98.06159
C00 799.976 97.25478
C00 824.988 95.76428
C00 850.022 93.54271
C00 869.967 90.528946
C00 875.002 89.42006
C00 899.999 82.277336
C00 919.999 74.03749
C00 925.012 71.13816
C00 949.965 58.01818
C00 975.002 42.980682
C00 999.976 26.263515
C00 1025.028 11.178938
C00 1050.014 3.8378344
C00 1075.002 2.068153
C00 1099.99 1.5752538
C10 319.994 40.43075
C10 324.969 45.626923
C10 349.982 69.53412
C10 374.975 76.41467
C10 400.019 83.08434
C10 424.965 85.02762
C10 450.035 86.54185
C10 475.003 88.72555
C10 500.018 90.82207
C10 525.002 92.74592
C10 550.029 94.254196
C10 575.023 95.79982
C10 599.982 97.065315
C10 619.997 97.25385
C10 624.979 97.3069
C10 650.012 97.76179
C10 675.004 98.08386
C10 700.03 97.86945
C10 725.012 97.77427
C10 750.022 98.403435
C10 774.987 98.92986
C10 799.976 98.28265
C10 824.988 96.75962
C10 850.022 94.5516
C10 869.967 91.53385
C10 875.002 90.45685
C10 899.999 83.11256
C10 919.999 74.24392
C10 925.012 71.4952
C10 949.965 58.83059
C10 975.002 43.611313
C10 999.976 26.633966
C10 1025.028 11.281531
C10 1050.014 3.8983476
C10 1075.002 2.1016634
C10 1099.99 1.5999279
C16 319.994 39.89578
C16 324.969 45.01403
C16 349.982 68.80021
C16 374.975 76.06433
C16 400.019 83.050095
C16 424.965 85.1017
C16 450.035 86.65012
C16 475.003 88.85176
C16 500.018 90.963585
C16 525.002 92.90094
C16 550.029 94.42335
C16 575.023 95.98624
C16 599.982 97.27015
C16 619.997 97.47342
C16 624.979 97.53322
C16 650.012 98.00287
C16 675.004 98.341
C16 700.03 98.12554
C16 725.012 98.00154
C16 750.022 98.578224
C16 774.987 99.04693
C16 799.976 98.36149
C16 824.988 96.78731
C16 850.022 94.53568
C16 869.967 91.46308
C16 875.002 90.353714
C16 899.999 82.75312
C16 919.999 74.01205
C16 925.012 71.16474
C16 949.965 58.42302
C16 975.002 43.37793
C16 999.976 26.467487
C16 1025.028 11.170557
C16 1050.014 3.795621
C16 1075.002 2.0751498
C16 1099.99 1.5899581
C17 319.994 39.76236
C17 324.969 44.862087
C17 349.982 68.53012
C17 374.975 75.74393
C17 400.019 82.74816
C17 424.965 84.8219
C17 450.035 86.38536
C17 475.003 88.59075
C17 500.018 90.704155
C17 525.002 92.63892
C17 550.029 94.15937
C17 575.023 95.71971
C17 599.982 96.99505
C17 619.997 97.19672
C17 624.979 97.2531
C17 650.012 97.72273
C17 675.004 98.0532
C17 700.03 97.840645
C17 725.012 97.714355
C17 750.022 98.29024
C17 774.987 98.762535
C17 799.976 98.07719
C17 824.988 96.4892
C17 850.022 94.22447
C17 869.967 91.15769
C17 875.002 90.063446
C17 899.999 82.46215
C17 919.999 73.62733
C17 925.012 70.782745
C17 949.965 58.130413
C17 975.002 43.195526
C17 999.976 26.33023
C17 1025.028 11.140492
C17 1050.014 3.7779093
C17 1075.002 2.0546255
C17 1099.99 1.5789531
C04 319.994 40.182335
C04 324.969 45.341156
C04 349.982 68.98855
C04 374.975 75.90786
C04 400.019 83.019775
C04 424.965 85.18502
C04 450.035 86.81435
C04 475.003 89.0765
C04 500.018 91.23054
C04 525.002 93.18701
C04 550.029 94.72158
C04 575.023 96.285385
C04 599.982 97.5589
C04 619.997 97.75257
C04 624.979 97.8096
C04 650.012 98.26704
C04 675.004 98.57097
C04 700.03 98.23955
C04 725.012 97.81882
C04 750.022 98.020966
C04 774.987 98.14133
C04 799.976 97.3261
C04 824.988 95.86809
C04 850.022 93.625595
C04 869.967 90.48963
C04 875.002 89.41751
C04 899.999 82.66807
C04 919.999 74.32242
C04 925.012 71.52656
C04 949.965 58.186253
C04 975.002 43.09953
C04 999.976 26.410803
C04 1025.028 11.292313
C04 1050.014 3.8601685
C04 1075.002 2.0720153
C04 1099.99 1.5845981
C02 319.994 39.94889
C02 324.969 45.07744
C02 349.982 68.613846
C02 374.975 75.58759
C02 400.019 82.83183
C02 424.965 85.05628
C02 450.035 86.71921
C02 475.003 88.996346
C02 500.018 91.15903
C02 525.002 93.122955
C02 550.029 94.661835
C02 575.023 96.23215
C02 599.982 97.51299
C02 619.997 97.71031
C02 624.979 97.76558
C02 650.012 98.22958
C02 675.004 98.5381
C02 700.03 98.208046
C02 725.012 97.787315
C02 750.022 97.98894
C02 774.987 98.10895
C02 799.976 97.29431
C02 824.988 95.81136
C02 850.022 93.59843
C02 869.967 90.53064
C02 875.002 89.43162
C02 899.999 82.37533
C02 919.999 74.12499
C02 925.012 71.385254
C02 949.965 58.20844
C02 975.002 43.122147
C02 999.976 26.378073
C02 1025.028 11.196165
C02 1050.014 3.853152
C02 1075.002 2.0697408
C02 1099.99 1.5796926
C14 319.994 39.996803
C14 324.969 45.12978
C14 349.982 68.88259
C14 374.975 75.98702
C14 400.019 82.853874
C14 424.965 84.86721
C14 450.035 86.40649
C14 475.003 88.593796
C14 500.018 90.69555
C14 525.002 92.62275
C14 550.029 94.135345
C14 575.023 95.685616
C14 599.982 96.953896
C14 619.997 97.15321
C14 624.979 97.21274
C14 650.012 97.67411
C14 675.004 98.00001
C14 700.03 97.779236
C14 725.012 97.647255
C14 750.022 98.22161
C14 774.987 98.69278
C14 799.976 98.01604
C14 824.988 96.470375
C14 850.022 94.269936
C14 869.967 91.17144
C14 875.002 90.04387
C14 899.999 82.63747
C14 919.999 74.05744
C14 925.012 71.211365
C14 949.965 58.41777
C14 975.002 43.335773
C14 999.976 26.514513
C14 1025.028 11.180124
C14 1050.014 3.8219368
C14 1075.002 2.0764863
C14 1099.99 1.587298
C03 319.994 39.999733
C03 324.969 45.13776
C03 349.982 68.69209
C03 374.975 75.634125
C03 400.019 82.81329
C03 424.965 85.0132
C03 450.035 86.66083
C03 475.003 88.92981
C03 500.018 91.081245
C03 525.002 93.04175
C03 550.029 94.57877
C03 575.023 96.140884
C03 599.982 97.41868
C03 619.997 97.61324
C03 624.979 97.66936
C03 650.012 98.1267
C03 675.004 98.43389
C03 700.03 98.10503
C03 725.012 97.67734
C03 750.022 97.877525
C03 774.987 97.99417
C03 799.976 97.174904
C03 824.988 95.70359
C03 850.022 93.49801
C03 869.967 90.36256
C03 875.002 89.269325
C03 899.999 82.405426
C03 919.999 74.18984
C03 925.012 71.396194
C03 949.965 58.078777
C03 975.002 43.05739
C03 999.976 26.39275
C03 1025.028 11.2378645
C03 1050.014 3.858574
C03 1075.002 2.0637338
C03 1099.99 1.5806084
C05 319.994 40.213104
C05 324.969 45.378643
C05 349.982 69.02752
C05 374.975 75.92028
C05 400.019 83.02166
C05 424.965 85.184555
C05 450.035 86.81169
C05 475.003 89.07428
C05 500.018 91.223595
C05 525.002 93.177605
C05 550.029 94.71479
C05 575.023 96.27426
C05 599.982 97.5482
C05 619.997 97.74313
C05 624.979 97.7969
C05 650.012 98.25211
C05 675.004 98.55794
C05 700.03 98.227905
C05 725.012 97.811806
C05 750.022 98.03016
C05 774.987 98.1624
C05 799.976 97.356346
C05 824.988 95.905266
C05 850.022 93.6481
C05 869.967 90.58126
C05 875.002 89.53031
C05 899.999 82.78306
C05 919.999 74.34746
C05 925.012 71.54017
C05 949.965 58.263847
C05 975.002 43.135845
C05 999.976 26.42052
C05 1025.028 11.300123
C05 1050.014 3.846979
C05 1075.002 2.0717
C05 1099.99 1.585263
C12 319.994 40.35478
C12 324.969 45.536827
C12 349.982 69.434494
C12 374.975 76.402176
C12 400.019 83.14034
C12 424.965 85.10703
C12 450.035 86.624756
C12 475.003 88.806404
C12 500.018 90.904495
C12 525.002 92.82549
C12 550.029 94.3382
C12 575.023 95.88658
C12 599.982 97.152626
C12 619.997 97.34297
C12 624.979 97.3972
C12 650.012 97.85651
C12 675.004 98.178925
C12 700.03 97.95527
C12 725.012 97.8367
C12 750.022 98.42449
C12 774.987 98.91415
C12 799.976 98.24564
C12 824.988 96.70849
C12 850.022 94.49053
C12 869.967 91.31948
C12 875.002 90.19829
C12 899.999 83.02971
C12 919.999 74.34974
C12 925.012 71.53614
C12 949.965 58.556385
C12 975.002 43.426205
C12 999.976 26.57915
C12 1025.028 11.286569
C12 1050.014 3.8875234
C12 1075.002 2.0969384
C12 1099.99 1.592689
C11 319.994 40.45947
C11 324.969 45.657574
C11 349.982 69.59939
C11 374.975 76.52761
C11 400.019 83.22898
C11 424.965 85.18422
C11 450.035 86.69839
C11 475.003 88.88492
C11 500.018 90.98614
C11 525.002 92.909706
C11 550.029 94.4209
C11 575.023 95.96898
C11 599.982 97.238495
C11 619.997 97.4305
C11 624.979 97.4804
C11 650.012 97.93818
C11 675.004 98.260216
C11 700.03 98.04089
C11 725.012 97.92954
C11 750.022 98.53879
C11 774.987 99.04486
C11 799.976 98.382195
C11 824.988 96.851776
C11 850.022 94.61569
C11 869.967 91.493126
C11 875.002 90.396904
C11 899.999 83.22609
C11 919.999 74.39225
C11 925.012 71.58248
C11 949.965 58.62793
C11 975.002 43.552135
C11 999.976 26.594273
C11 1025.028 11.320144
C11 1050.014 3.881846
C11 1075.002 2.0928562
C11 1099.99 1.5913253
C06 319.994 40.230125
C06 324.969 45.39872
C06 349.982 69.06102
C06 374.975 75.97309
C06 400.019 83.05602
C06 424.965 85.20283
C06 450.035 86.827995
C06 475.003 89.08256
C06 500.018 91.2323
C06 525.002 93.18849
C06 550.029 94.72256
C06 575.023 96.2804
C06 599.982 97.55469
C06 619.997 97.74847
C06 624.979 97.80425
C06 650.012 98.258255
C06 675.004 98.56926
C06 700.03 98.2419
C06 725.012 97.84267
C06 750.022 98.080765
C06 774.987 98.23363
C06 799.976 97.44263
C06 824.988 95.99616
C06 850.022 93.74492
C06 869.967 90.758965
C06 875.002 89.70953
C06 899.999 82.86246
C06 919.999 74.38149
C06 925.012 71.593376
C06 949.965 58.454132
C06 975.002 43.17926
C06 999.976 26.475204
C06 1025.028 11.269098
C06 1050.014 3.8527386
C06 1075.002 2.0856986
C06 1099.99 1.5880282
C07 319.994 40.19833
C07 324.969 45.36245
C07 349.982 69.01325
C07 374.975 75.92428
C07 400.019 82.995255
C07 424.965 85.13624
C07 450.035 86.75405
C07 475.003 89.00723
C07 500.018 91.15227
C07 525.002 93.10373
C07 550.029 94.63473
C07 575.023 96.19726
C07 599.982 97.46865
C07 619.997 97.662865
C07 624.979 97.71671
C07 650.012 98.178085
C07 675.004 98.48323
C07 700.03 98.16547
C07 725.012 97.788025
C07 750.022 98.055984
C07 774.987 98.235
C07 799.976 97.45811
C07 824.988 96.0106
C07 850.022 93.791794
C07 869.967 90.867584
C07 875.002 89.81838
C07 899.999 82.81983
C07 919.999 74.444695
C07 925.012 71.65613
C07 949.965 58.524174
C07 975.002 43.204697
C07 999.976 26.506645
C07 1025.028 11.285876
C07 1050.014 3.8840902
C07 1075.002 2.102168
C07 1099.99 1.5961115
