lsstCam/transmission_filter_detector/r41_s22/g_6/19700101T000000.ecsv
# %ECSV 1.0
# ---
# datatype:
# - {name: wavelength, unit: nm, datatype: float32}
# - {name: efficiency, unit: '%', datatype: float64}
# meta: !!omap
# - {MODE: DETECTOR}
# - {TYPE: transmission_filter_detector}
# - {CALIBDATE: '1970-01-01T00:00:00'}
# - {INSTRUME: LSSTCam}
# - {OBSTYPE: transmission_filter_detector}
# - {CALIBCLS: lsst.ip.isr.IntermediateFilterDetectorTransmissionCurve}
# - {SOURCE: Materion (DM-46256)}
# - {DETECTOR: 170}
# - {FILTER: g_6}
# - {CALIB_ID: 'calibDate=1970-01-01T00:00:00 filter=g_6 detector=170'}
# - {DATE: '2025-04-02T15:59:42.813899'}
# - {CALIB_CREATION_DATE: '2025-04-02'}
# - {CALIB_CREATION_TIME: '15:59:42'}
# - __serialized_columns__:
#     efficiency:
#       __class__: astropy.units.quantity.Quantity
#       unit: !astropy.units.Unit {unit: '%'}
#       value: !astropy.table.SerializedColumn {name: efficiency}
#     wavelength:
#       __class__: astropy.units.quantity.Quantity
#       unit: !astropy.units.Unit {unit: nm}
#       value: !astropy.table.SerializedColumn {name: wavelength}
# schema: astropy-2.0
wavelength efficiency
[from data line 607]
907.0 0.00027187520572624635
908.0 0.0002395110413999646
909.0 0.0002071468543363153
910.0 0.00028797483082598774
911.0 0.00036880289826513035
912.0 0.00036485082546278136
913.0 0.0003608987753977999
914.0 0.00034718252663878957
915.0 0.0003334662778797792
916.0 0.00034733723168756114
917.0 0.0003612080945458729
918.0 0.00033442690892115934
919.0 0.00030764565508434316
920.0 0.00033404078294552164
921.0 0.0003604359108067001
922.0 0.0004278957931092009
923.0 0.0004953556526743341
924.0 0.0004045791229145834
925.0 0.00031380261589220027
926.0 0.0003649991640486405
927.0 0.00041619564399297815
928.0 0.000389538035960868
929.0 0.0003628804051913903
930.0 0.0003543722641552449
931.0 0.000345864100381732
932.0 0.0004193989752820926
933.0 0.000492933759232983
934.0 0.00047689586608612444
935.0 0.0004608579729392659
936.0 0.00040642471503815614
937.0 0.000351991525349149
938.0 0.00045277815843292046
939.0 0.0005535647233045893
940.0 0.0005607435923593584
941.0 0.0005679223704646574
942.0 0.0005161658009456005
943.0 0.00046440918595180847
944.0 0.0005581523055298021
945.0 0.0006518954705825308
946.0 0.0008404504114878364
947.0 0.001029005397867877
948.0 0.000833406829769956
949.0 0.0006378084890457103
950.0 0.0006326920811261516
951.0 0.0006275755367823876
952.0 0.0006218070666363928
953.0 0.0006160386419651331
954.0 0.0006098313406255329
955.0 0.0006036241302354028
956.0 0.0006150176886876579
957.0 0.0006264113380893832
958.0 0.0006770779236831004
959.0 0.0007277445092768176
960.0 0.0006542803021147847
961.0 0.000580816140427487
962.0 0.0006532561201311182
963.0 0.0007256959179358091
964.0 0.0006552896138600772
965.0 0.0005848832188348752
966.0 0.0005367508492781781
967.0 0.0004886183887720108
968.0 0.000562911282031564
969.0 0.0006372042207658524
970.0 0.0006425464107451262
971.0 0.0006478886007244
972.0 0.0006910594493092503
973.0 0.000734230479793041
974.0 0.0007402351002383512
975.0 0.0007462397206836613
976.0 0.0008415732736466452
977.0 0.0009369067811348941
978.0 0.0009404710908711422
979.0 0.0009440354006073903
980.0 0.0009257831152353901
981.0 0.0009075310117623303
982.0 0.0011374287169019226
983.0 0.0013673266039404552
984.0 0.0014477004697255325
985.0 0.0015280744264600798
986.0 0.001541274286864791
987.0 0.0015544743291684426
988.0 0.0015257756786013488
989.0 0.0014970767551858444
990.0 0.0016285701349261217
991.0 0.0017600632418179885
992.0 0.0017965609004022554
993.0 0.0018330585589865223
994.0 0.0017854639736469835
995.0 0.0017378693883074448
996.0 0.0017185806427733041
997.0 0.0016992920791381039
998.0 0.0017048581867129542
999.0 0.0017104244761867449
1000.0 0.001593529486854095
1001.0 0.0014766348613193259
1002.0 0.0014361404282681178
1003.0 0.0013956459042674396
1004.0 0.0013983565622766037
1005.0 0.0014010671293362975
1006.0 0.001453528875572374
1007.0 0.0015059905308589805
1008.0 0.0013728953490499407
1009.0 0.001239800167240901
1010.0 0.0012711842828139197
1011.0 0.0013025684893364087
1012.0 0.0011623428690654691
1013.0 0.0010221171578450594
1014.0 0.0012285433513170574
1015.0 0.0014349697266879957
1016.0 0.0015961511962814257
1017.0 0.0017573327568243258
1018.0 0.0019371078451513313
1019.0 0.002116882569680456
1020.0 0.0022404086848837323
1021.0 0.002363934981985949
1022.0 0.002502680763427634
1023.0 0.0026414263629703782
1024.0 0.0028422662580851465
1025.0 0.0030431056075030938
1026.0 0.003190628922311589
1027.0 0.003338151509524323
1028.0 0.0034873384720413014
1029.0 0.0036365247069625184
1030.0 0.0038777707231929526
1031.0 0.0041190171032212675
1032.0 0.0043142801587237045
1033.0 0.004509543578024022
1034.0 0.004590125536196865
1035.0 0.004670707494369708
1036.0 0.004681511200033128
1037.0 0.004692314541898668
1038.0 0.004889440970146097
1039.0 0.005086567034595646
1040.0 0.005087570389150642
1041.0 0.005088573016109876
1042.0 0.005339633935363963
1043.0 0.00559069485461805
1044.0 0.005882038385607302
1045.0 0.0061733815527986735
1046.0 0.006325434515019879
1047.0 0.006477487477241084
1048.0 0.006944302003830671
1049.0 0.007411116530420259
1050.0 0.008164710743585601
1051.0 0.008918304956750944
1052.0 0.010271577775711194
1053.0 0.011624852777458727
1054.0 0.013313567615114152
1055.0 0.015002282452769578
1056.0 0.01773571129888296
1057.0 0.020469141600187868
1058.0 0.02463955315761268
1059.0 0.028809969080612063
1060.0 0.03482935426291078
1061.0 0.04084874235559255
1062.0 0.048874225467443466
1063.0 0.05689971148967743
1064.0 0.06596589228138328
1065.0 0.0750320847146213
1066.0 0.08492584456689656
1067.0 0.09481961606070399
1068.0 0.10428669629618526
1069.0 0.11375379981473088
1070.0 0.12265181867405772
1071.0 0.13154983753338456
1072.0 0.14201101148501039
1073.0 0.1524721854366362
1074.0 0.16217459924519062
1075.0 0.17187700141221285
1076.0 0.18149237148463726
1077.0 0.1911077182739973
1078.0 0.199995469301939
1079.0 0.20888324361294508
1080.0 0.21843304857611656
1081.0 0.2279828768223524
1082.0 0.237565441057086
1083.0 0.2471480518579483
1084.0 0.2608270151540637
1085.0 0.2745059784501791
1086.0 0.2946221502497792
1087.0 0.314738298766315
1088.0 0.3480528248474002
1089.0 0.38136730436235666
1090.0 0.426698150113225
1091.0 0.4720288794487715
1092.0 0.5250248126685619
1093.0 0.5780207458883524
1094.0 0.6589793134480715
1095.0 0.7399378344416618
1096.0 0.8388973772525787
1097.0 0.9378568269312382
1098.0 0.9975247085094452
1099.0 1.0571924969553947
1100.0 1.1477241292595863
1101.0 1.2382559478282928
