lsstCam/transmission_filter_detector/r41_s22/g_6/19700101T000000.ecsv
# %ECSV 1.0
# ---
# datatype:
# - {name: wavelength, unit: nm, datatype: float32}
# - {name: efficiency, unit: '%', datatype: float64}
# meta: !!omap
# - {MODE: DETECTOR}
# - {TYPE: transmission_filter_detector}
# - {CALIBDATE: '1970-01-01T00:00:00'}
# - {INSTRUME: LSSTCam}
# - {OBSTYPE: transmission_filter_detector}
# - {CALIBCLS: lsst.ip.isr.IntermediateFilterDetectorTransmissionCurve}
# - {SOURCE: Materion (DM-46256)}
# - {DETECTOR: 170}
# - {FILTER: g_6}
# - {CALIB_ID: 'calibDate=1970-01-01T00:00:00 filter=g_6 detector=170'}
# - {DATE: '2025-04-02T15:59:42.813899'}
# - {CALIB_CREATION_DATE: '2025-04-02'}
# - {CALIB_CREATION_TIME: '15:59:42'}
# - __serialized_columns__:
#     efficiency:
#       __class__: astropy.units.quantity.Quantity
#       unit: !astropy.units.Unit {unit: '%'}
#       value: !astropy.table.SerializedColumn {name: efficiency}
#     wavelength:
#       __class__: astropy.units.quantity.Quantity
#       unit: !astropy.units.Unit {unit: nm}
#       value: !astropy.table.SerializedColumn {name: wavelength}
# schema: astropy-2.0
wavelength efficiency
300.0 0.3484137123450637
301.0 0.2935749711468816
302.0 0.2387362066656351
303.0 0.22879200987517834
304.0 0.21884776651859283
305.0 0.22001639008522034
306.0 0.2211850369349122
307.0 0.209574936889112
308.0 0.1979648368433118
309.0 0.19138356437906623
310.0 0.1848022686317563
311.0 0.18537427531555295
312.0 0.1859462819993496
313.0 0.18599099712446332
314.0 0.18603571224957705
315.0 0.18042309675365686
316.0 0.17481048125773668
317.0 0.17314542783424258
318.0 0.17148038605228066
319.0 0.15503681497648358
320.0 0.1385932439006865
321.0 0.1312306267209351
322.0 0.12386800954118371
323.0 0.10919842170551419
324.0 0.09452882222831249
325.0 0.08477127412334085
326.0 0.07501373183913529
327.0 0.06977092707529664
328.0 0.06452812231145799
329.0 0.05833907634951174
330.0 0.052150030387565494
331.0 0.049347878666594625
332.0 0.04654572403524071
333.0 0.0443338300101459
334.0 0.042121935985051095
335.0 0.04065764369443059
336.0 0.03919335431419313
337.0 0.03930955717805773
338.0 0.039425762952305377
339.0 0.03885867481585592
340.0 0.038291586679406464
341.0 0.03640932554844767
342.0 0.03452706441748887
343.0 0.031369790667667985
344.0 0.028212516917847097
345.0 0.025145712425000966
346.0 0.02207890502177179
347.0 0.020365633827168494
348.0 0.018652358266990632
349.0 0.016879969916772097
350.0 0.8652450516819954
351.0 0.8016834035515785
352.0 0.6253971252590418
353.0 0.6386720109730959
354.0 0.5889625754207373
355.0 0.9813632816076279
356.0 0.5139637738466263
357.0 0.8461895398795605
358.0 0.5614643450826406
359.0 0.9199527092278004
360.0 0.5724580027163029
361.0 0.8739369921386242
362.0 0.4969201050698757
363.0 0.6660471670329571
364.0 0.49583325162529945
365.0 0.7840687409043312
366.0 0.44115749187767506
367.0 0.6736269220709801
368.0 0.48870956525206566
369.0 0.6664893124252558
370.0 0.36059608682990074
371.0 0.429049925878644
372.0 0.47389985993504524
373.0 0.5013964138925076
374.0 0.4022372420877218
375.0 0.5099229048937559
376.0 0.358168943785131
377.0 0.5607856437563896
378.0 0.3567715873941779
379.0 0.5724416114389896
380.0 0.3199036233127117
381.0 0.4650639835745096
382.0 0.4910017363727093
383.0 0.5512344650924206
384.0 0.5166471935808659
385.0 0.5183857399970293
386.0 0.7149600889533758
387.0 0.7553060539066792
388.0 0.9321257472038269
389.0 1.3914648443460464
390.0 2.007673680782318
391.0 3.2021481543779373
392.0 5.013209581375122
393.0 7.999690622091293
394.0 11.979791522026062
395.0 17.133428156375885
396.0 23.509758710861206
397.0 31.376251578330994
398.0 40.37647545337677
399.0 49.94128346443176
400.0 59.27520394325256
401.0 67.93918013572693
402.0 75.61020255088806
403.0 81.81886672973633
404.0 86.1802875995636
405.0 89.3307089805603
406.0 91.10905528068542
407.0 92.47005581855774
408.0 93.17368865013123
409.0 93.51202845573425
410.0 93.50581169128418
411.0 93.3854341506958
412.0 93.00786256790161
413.0 92.78026819229126
414.0 92.73136854171753
415.0 92.95843243598938
416.0 93.35209131240845
417.0 93.6979591846466
418.0 94.23789978027344
419.0 94.7805106639862
420.0 95.2585220336914
421.0 95.78960537910461
422.0 95.82838416099548
423.0 95.9426999092102
424.0 95.8026111125946
425.0 95.67182660102844
426.0 95.67348957061768
427.0 95.65687775611877
428.0 95.50516605377197
429.0 95.29579281806946
430.0 95.26644945144653
431.0 95.34602165222168
432.0 95.41712999343872
433.0 95.49441337585449
434.0 95.60062289237976
435.0 95.63693404197693
436.0 95.69032788276672
437.0 95.65505385398865
438.0 95.79720497131348
439.0 95.843505859375
440.0 95.89076638221741
441.0 96.0012137889862
442.0 95.95487713813782
443.0 95.86475491523743
444.0 95.77379822731018
445.0 95.44537663459778
446.0 95.36546468734741
447.0 95.25590538978577
448.0 95.3428328037262
449.0 95.56056261062622
450.0 95.77499032020569
451.0 96.01398706436157
452.0 96.25427722930908
453.0 96.3382363319397
454.0 96.38238549232483
455.0 96.67273759841919
456.0 96.7275083065033
457.0 96.8230664730072
458.0 96.91558480262756
459.0 96.83979153633118
460.0 96.90778255462646
461.0 96.96992039680481
462.0 96.82250618934631
463.0 96.77680134773254
464.0 96.8529462814331
465.0 96.78204655647278
466.0 96.73826098442078
467.0 96.74925208091736
468.0 96.78967595100403
469.0 96.80695533752441
470.0 96.65822386741638
471.0 96.57205939292908
472.0 96.59395217895508
473.0 96.47714495658875
474.0 96.36462330818176
475.0 96.48332595825195
476.0 96.53927683830261
477.0 96.6232419013977
478.0 96.69440984725952
479.0 96.70022130012512
480.0 96.92823886871338
481.0 96.9778299331665
482.0 97.16898202896118
483.0 97.03543186187744
484.0 97.2874104976654
485.0 97.27299213409424
486.0 97.3211944103241
487.0 97.33564853668213
488.0 97.31369018554688
489.0 97.46352434158325
490.0 97.40881323814392
491.0 97.46973514556885
492.0 97.42003679275513
493.0 97.44821786880493
494.0 97.36669063568115
495.0 97.48737215995789
496.0 97.31131196022034
497.0 97.22645282745361
498.0 96.99363708496094
499.0 97.0461905002594
500.0 97.02539443969727
501.0 96.99525237083435
502.0 96.91945314407349
503.0 97.06823825836182
504.0 96.95932865142822
505.0 96.92272543907166
506.0 96.96391224861145
507.0 96.9052255153656
508.0 96.8906044960022
509.0 96.94586396217346
510.0 96.8936026096344
511.0 96.84668779373169
512.0 96.73495292663574
513.0 96.85283303260803
514.0 96.80753946304321
515.0 96.88386917114258
516.0 96.96694016456604
517.0 97.01278805732727
518.0 97.06640243530273
519.0 97.04809784889221
520.0 97.06945419311523
521.0 97.15110063552856
522.0 97.13117480278015
523.0 97.11192846298218
524.0 97.11361527442932
525.0 97.08707332611084
526.0 97.23451733589172
527.0 97.19090461730957
528.0 97.22105860710144
529.0 97.28729724884033
530.0 97.30527400970459
531.0 97.40475416183472
532.0 97.25184440612793
533.0 97.21113443374634
534.0 97.16912508010864
535.0 96.87626361846924
536.0 96.29530906677246
537.0 95.54978609085083
538.0 94.47157382965088
539.0 92.62987971305847
540.0 90.49245715141296
541.0 87.37052083015442
542.0 84.20240879058838
543.0 80.15609383583069
544.0 75.24842619895935
545.0 70.96585035324097
546.0 65.96625447273254
547.0 61.609673500061035
548.0 57.400453090667725
549.0 53.84147763252258
550.0 51.048022508621216
551.0 48.30824136734009
552.0 45.99844813346863
553.0 43.31556856632233
554.0 40.01222848892212
555.0 36.27638220787048
556.0 31.447800993919373
557.0 26.1272132396698
558.0 20.630408823490143
559.0 15.5082106590271
560.0 10.907673835754395
561.0 6.974129378795624
562.0 4.202979803085327
563.0 2.324162796139717
564.0 1.2131277471780777
565.0 0.5687373224645853
566.0 0.31340201385319233
567.0 0.16102752415463328
568.0 0.11106496676802635
569.0 0.07204386056400836
570.0 0.06415538373403251
571.0 0.03693817707244307
572.0 0.03562239289749414
573.0 0.03128002863377333
574.0 0.03272080793976784
575.0 0.019816022540908307
576.0 0.029933321638964117
577.0 0.013657550152856857
578.0 0.01719431602396071
579.0 0.014595672837458551
580.0 0.028489300166256726
581.0 0.022860341414343566
582.0 0.01766467175912112
583.0 0.015521374007221311
584.0 0.025395146803930402
585.0 0.006666733679594472
586.0 0.013424850476440042
587.0 0.01349780650343746
588.0 0.0240858513279818
589.0 0.011486422590678558
590.0 0.014715362340211868
591.0 0.008200610318453982
592.0 0.010127841960638762
593.0 0.008265054930234328
594.0 0.01494911703048274
595.0 0.010476360330358148
596.0 0.00300768679153407
597.0 0.008664806227898225
598.0 0.01749965304043144
599.0 0.00442296004621312
600.0 0.003126724186586216
601.0 0.00198497946257703
602.0 0.0019793316823779605
603.0 0.001973683902178891
604.0 0.0020225064872647636
605.0 0.0020713288904516958
606.0 0.0019827357391477562
607.0 0.0018941425878438167
608.0 0.0018103999536833726
609.0 0.0017266573195229284
610.0 0.0017536283849040046
611.0 0.0017805994502850808
612.0 0.0017701613614917733
613.0 0.001759723454597406
614.0 0.0016960155335254967
615.0 0.0016323076124535874
616.0 0.001644510484766215
617.0 0.0016567131751799025
618.0 0.0014756651580682956
619.0 0.0012946171409566887
620.0 0.0013376169590628706
621.0 0.0013806166862195823
622.0 0.00143821916935849
623.0 0.0014958220162952784
624.0 0.0013838376617059112
625.0 0.0012718533071165439
626.0 0.0013144471267878544
627.0 0.0013570413102570456
628.0 0.0012761993275489658
629.0 0.0011953576176892966
630.0 0.0012290923223190475
631.0 0.0012628270269487984
632.0 0.001298597089771647
633.0 0.0013343670616450254
634.0 0.0012397823411447462
635.0 0.001145197620644467
636.0 0.0011351849025231786
637.0 0.0011251723663008306
638.0 0.0010284634299750905
639.0 0.0009317544936493505
640.0 0.0010735422620200552
641.0 0.0012153303941886406
642.0 0.0011732847269740887
643.0 0.0011312394235574175
644.0 0.0010813433618750423
645.0 0.0010314474820916075
646.0 0.0010857581401069183
647.0 0.001140068798122229
648.0 0.0010889576515182853
649.0 0.0010378465049143415
650.0 0.0010216533155471552
651.0 0.001005460126179969
652.0 0.0011266268302279059
653.0 0.0012477934433263727
654.0 0.001051418439601548
655.0 0.0008550431630283128
656.0 0.0008978694495453965
657.0 0.0009406958270119503
658.0 0.001002948556561023
659.0 0.0010652012861100957
660.0 0.0010495636161067523
661.0 0.0010339260370528791
662.0 0.0010741488040366676
663.0 0.0011143719348183367
664.0 0.0010324001777917147
665.0 0.0009504280569672119
666.0 0.0009097346264752559
667.0 0.0008690411959833
668.0 0.0008983017323771492
669.0 0.0009275621778215282
670.0 0.0010195280083280522
671.0 0.0011114937478851061
672.0 0.0011343772712280042
673.0 0.0011572612493182532
674.0 0.0010594618288450874
675.0 0.0009616624993213918
676.0 0.0009522306754661258
677.0 0.0009427987606613897
678.0 0.0009625156053516548
679.0 0.0009822321771935094
680.0 0.0010278564332111273
681.0 0.0010734806892287452
682.0 0.001016439728118712
683.0 0.0009593990398570895
684.0 0.0008943606189859565
685.0 0.0008293221981148235
686.0 0.0008832301318761893
687.0 0.0009371382475364953
688.0 0.0009018193850351963
689.0 0.000866500340634957
690.0 0.0008968576366896741
691.0 0.0009272148417949211
692.0 0.0008743764738028403
693.0 0.0008215380148612894
694.0 0.0009024249266076367
695.0 0.000983311838353984
696.0 0.0009984194548451342
697.0 0.0010135270713362843
698.0 0.001027730650093872
699.0 0.00104193431980093
700.0 0.0010682447282306384
701.0 0.0010945551366603468
702.0 0.0010183909580518957
703.0 0.0009422267794434447
704.0 0.0009835433957050554
705.0 0.0010248602848150767
706.0 0.0009845370186667424
707.0 0.0009442138434678782
708.0 0.0010139789992535952
709.0 0.0010837443369382527
710.0 0.0010186134204559494
711.0 0.0009534824130241759
712.0 0.001042446729115909
713.0 0.0011314112271065824
714.0 0.0011713491403497756
715.0 0.0012112868716940284
716.0 0.0013071513421891723
717.0 0.0014030156307853758
718.0 0.0014009182450536173
719.0 0.0013988208593218587
720.0 0.0011491133591334801
721.0 0.0008994058589451015
722.0 0.0009561794286128134
723.0 0.0010129529982805252
724.0 0.0011616224583121948
725.0 0.0013102920092933346
726.0 0.0013361473065742757
727.0 0.0013620025129057467
728.0 0.0014750129594176542
729.0 0.0015880234059295617
730.0 0.0016747133486205712
731.0 0.0017614031094126403
732.0 0.0016158213838934898
733.0 0.0014702396583743393
734.0 0.0015148156307986937
735.0 0.0015593919670209289
736.0 0.0014759452824364416
737.0 0.001392498415953014
738.0 0.0013089460480841808
739.0 0.0012253937711648177
740.0 0.0012487516869441606
741.0 0.0012721096027235035
742.0 0.0013410153769655153
743.0 0.0014099212421569973
744.0 0.0012507142855611164
745.0 0.0010915074199147057
746.0 0.0010337943422200624
747.0 0.0009760814464243595
748.0 0.0009237113772542216
749.0 0.0008713413990335539
750.0 0.0008995068128569983
751.0 0.0009276722266804427
752.0 0.000870602252689423
753.0 0.000813532096799463
754.0 0.0007806275789334904
755.0 0.0007477232884411933
756.0 0.0006871141522424296
757.0 0.0006265050160436658
758.0 0.0007056891718093539
759.0 0.000784873373049777
760.0 0.000640939651930239
761.0 0.000497005885335966
762.0 0.00047362432269437704
763.0 0.0004502425781538477
764.0 0.0004366522261989303
765.0 0.0004230617832945427
766.0 0.00045623123696714174
767.0 0.000489400781589211
768.0 0.0005024332040193258
769.0 0.0005154655809747055
770.0 0.0006526945981022436
771.0 0.0007899235242803115
772.0 0.0007197561899374705
773.0 0.0006495889465440996
774.0 0.0005930270162934903
775.0 0.0005364652679418214
776.0 0.0005379981757869245
777.0 0.0005395310836320277
778.0 0.0005487777343660127
779.0 0.0005580243396252627
780.0 0.000679144068271853
781.0 0.0008002638423931785
782.0 0.0007758959327475168
783.0 0.0007515278412029147
784.0 0.0006180808668432292
785.0 0.0004846338924835436
786.0 0.0005471631538966903
787.0 0.0006096925062593073
788.0 0.0005213853910390753
789.0 0.0004330782303441083
790.0 0.0003392997314222157
791.0 0.00024552120976295555
792.0 0.0002979418923132471
793.0 0.0003503626203382737
794.0 0.00030150140446494333
795.0 0.0002526401658542454
796.0 0.00036039518818142824
797.0 0.00046815016503387596
798.0 0.0004042434738948941
799.0 0.0003403367827559123
800.0 0.00028357133032841375
801.0 0.00022680585516354768
802.0 0.00023180248263088288
803.0 0.00023679911009821808
804.0 0.00037790873648191337
805.0 0.0005190183856029762
806.0 0.0003429965317991446
807.0 0.00016697464388926164
808.0 0.0002671573611223721
809.0 0.0003673400669867988
810.0 0.0002788135361697641
811.0 0.0001902869939840457
812.0 0.00018603162743602297
813.0 0.0001817762381506327
814.0 0.0004067553618369857
815.0 0.0006317344741546549
816.0 0.00043529262256924994
817.0 0.00023885079372121254
818.0 0.00032290849958371837
819.0 0.00040696622818359174
820.0 0.00040110244299285114
821.0 0.0003952387032768456
822.0 0.0004023009751108475
823.0 0.0004093632469448494
824.0 0.00029710970466112485
825.0 0.00018485613964003278
826.0 0.00024652440515637863
827.0 0.0003081926706727245
828.0 0.0004094369614904281
829.0 0.0005106812750454992
830.0 0.000531297200723202
831.0 0.0005519130809261696
832.0 0.0004743654699268518
833.0 0.00039681785892753396
834.0 0.00042816745917662047
835.0 0.00045951715037517715
836.0 0.00037988759231666336
837.0 0.00030025803425814956
838.0 0.0003575011305656517
839.0 0.0004147442268731538
840.0 0.00046848667807353195
841.0 0.0005222292202233803
842.0 0.000511650205226033
843.0 0.0005010711447539506
844.0 0.00037363008686952526
845.0 0.00024618902898509987
846.0 0.00036334427022666205
847.0 0.00048049946599348914
848.0 0.00048401361709693447
849.0 0.0004875277682003798
850.0 0.00044091079871577676
851.0 0.0003942938747059088
852.0 0.00032348191325581865
853.0 0.0002526699972804636
854.0 0.00027283588224236155
855.0 0.0002930018581537297
856.0 0.00034495958516345127
857.0 0.0003969173576479079
858.0 0.0003463250322965905
859.0 0.00029573268420790555
860.0 0.00033470330436102813
861.0 0.0003736738790394156
862.0 0.00029811681088176556
863.0 0.00022255976546148304
864.0 0.0002328077471247525
865.0 0.00024305577426275704
866.0 0.0002578168505351641
867.0 0.0002725779268075712
868.0 0.000337939695782552
869.0 0.0004033014647575328
870.0 0.0003544822448020568
871.0 0.00030566300210921327
872.0 0.0003430104015933466
873.0 0.00038035780107747996
874.0 0.00034009422051894944
875.0 0.0002998306172230514
876.0 0.00022312483451969456
877.0 0.00014641908592238906
878.0 0.0002614543518575374
879.0 0.0003764896291613695
880.0 0.0004784293651027838
881.0 0.0005803689873573603
882.0 0.000591291427554097
883.0 0.0006022137313266285
884.0 0.0005764169145550113
885.0 0.0005506200977833942
886.0 0.0005145123395777773
887.0 0.00047840458137216046
888.0 0.0005734303613280645
889.0 0.0006684560958092334
890.0 0.0006828136974945664
891.0 0.0006971712991798995
892.0 0.0005472035809361842
893.0 0.0003972357717429986
894.0 0.0004784200427820906
895.0 0.0005596042228717124
896.0 0.0005378416062740143
897.0 0.0005160789896763163
898.0 0.0004218045432935469
899.0 0.0003275301423855126
900.0 0.00036084918519918574
901.0 0.0003941682280128589
902.0 0.0003589266952985781
903.0 0.0003236852307964
904.0 0.00038005016449460527
905.0 0.000436415075455443
