lsstCam/transmission_filter_detector/r12_s01/r_57/19700101T000000.ecsv
# %ECSV 1.0
# ---
# datatype:
# - {name: wavelength, unit: nm, datatype: float32}
# - {name: efficiency, unit: '%', datatype: float64}
# meta: !!omap
# - {MODE: DETECTOR}
# - {TYPE: transmission_filter_detector}
# - {CALIBDATE: '1970-01-01T00:00:00'}
# - {INSTRUME: LSSTCam}
# - {OBSTYPE: transmission_filter_detector}
# - {CALIBCLS: lsst.ip.isr.IntermediateFilterDetectorTransmissionCurve}
# - {SOURCE: Materion (DM-46256)}
# - {DETECTOR: 46}
# - {FILTER: r_57}
# - {CALIB_ID: 'calibDate=1970-01-01T00:00:00 filter=r_57 detector=46'}
# - {DATE: '2025-04-02T15:59:44.397849'}
# - {CALIB_CREATION_DATE: '2025-04-02'}
# - {CALIB_CREATION_TIME: '15:59:44'}
# - __serialized_columns__:
#     efficiency:
#       __class__: astropy.units.quantity.Quantity
#       unit: !astropy.units.Unit {unit: '%'}
#       value: !astropy.table.SerializedColumn {name: efficiency}
#     wavelength:
#       __class__: astropy.units.quantity.Quantity
#       unit: !astropy.units.Unit {unit: nm}
#       value: !astropy.table.SerializedColumn {name: wavelength}
# schema: astropy-2.0
wavelength efficiency
[from data line 602]
902.0 1.5866215676355044e-10
903.0 1.5866215676355044e-10
904.0 1.5866215676355044e-10
905.0 4.9618245157034835e-05
906.0 1.5866215676355044e-10
907.0 1.5866215676355044e-10
908.0 1.5866215676355044e-10
909.0 1.5866215676355044e-10
910.0 1.5866215676355044e-10
911.0 1.5866215676355044e-10
912.0 1.5866215676355044e-10
913.0 1.5866215676355044e-10
914.0 1.5866215676355044e-10
915.0 4.9014812475434155e-05
916.0 1.3629244222101988e-05
917.0 1.5866215676355044e-10
918.0 4.539805047443224e-05
919.0 0.0001125523681366758
920.0 3.825576868621283e-05
921.0 1.5866215676355044e-10
922.0 8.235657560362597e-05
923.0 0.00020075399334018584
924.0 0.00021209971237112768
925.0 0.00022344543140206952
926.0 0.0001876965484370885
927.0 0.0001519476541034237
928.0 0.00017363166762152105
929.0 0.00019531564703356707
930.0 0.00020722045519505627
931.0 0.00021912526335654547
932.0 8.631770924694138e-05
933.0 1.5866215676355044e-10
934.0 9.754347729540314e-05
935.0 0.00024157670850399882
936.0 0.0002433283043501433
937.0 0.00024507987745892024
938.0 0.00030408436941797845
939.0 0.0003630888841144042
940.0 0.00028764502530975733
941.0 0.00021220116650511045
942.0 0.0003514653826641734
943.0 0.0004907295988232363
944.0 0.00034148970371461473
945.0 0.00019224985408072826
946.0 0.00024713917810004205
947.0 0.0003020284793819883
948.0 0.0004084086413058685
949.0 0.0005147888714418514
950.0 0.0004940482085658005
951.0 0.00047330750021501444
952.0 0.0006357286110869609
953.0 0.0007981498129083775
954.0 0.001108487049350515
955.0 0.001418824558641063
956.0 0.0014575708519259933
957.0 0.0014963170542614534
958.0 0.0016353425962734036
959.0 0.0017743686839821748
960.0 0.0019273626094218343
961.0 0.0020803568986593746
962.0 0.002248322380182799
963.0 0.002416287679807283
964.0 0.002483466232661158
965.0 0.0025506442398182116
966.0 0.0025220004317816347
967.0 0.0024933566237450577
968.0 0.002440896241751034
969.0 0.0023884360416559502
970.0 0.0024877868781914003
971.0 0.0025871378966257907
972.0 0.0026309733584639616
973.0 0.002674808456504252
974.0 0.002886141010094434
975.0 0.003097473381785676
976.0 0.003178279075655155
977.0 0.003259084405726753
978.0 0.0031470506655750796
979.0 0.0030350171073223464
980.0 0.002967614091176074
981.0 0.002900211256928742
982.0 0.0029790202461299486
983.0 0.0030578292353311554
984.0 0.0030242257707868703
985.0 0.002990622306242585
986.0 0.002898670754802879
987.0 0.002806719385262113
988.0 0.002597330058051739
989.0 0.002387940912740305
990.0 0.0024207416572608054
991.0 0.0024535422198823653
992.0 0.002512606806703843
993.0 0.002571671393525321
994.0 0.0026463621907169
995.0 0.0027210524422116578
996.0 0.0027932845114264637
997.0 0.0028655163987423293
998.0 0.002987104744534008
999.0 0.0031086929084267467
1000.0 0.003241580634494312
1001.0 0.0033744683605618775
1002.0 0.0035987210139865056
1003.0 0.0038229740312090144
1004.0 0.003924934935639612
1005.0 0.00402689584007021
1006.0 0.004212599014863372
1007.0 0.004398302553454414
1008.0 0.004344639455666766
1009.0 0.004290976721676998
1010.0 0.004240155249135569
1011.0 0.00418933377659414
1012.0 0.004171307591605
1013.0 0.00415328104281798
1014.0 0.003908999860868789
1015.0 0.0036647183151217178
1016.0 0.003505218046484515
1017.0 0.0033457177778473124
1018.0 0.00297454243991524
1019.0 0.002603367465781048
1020.0 0.0021823121642228216
1021.0 0.0017612564988667145
1022.0 0.0015496367268497124
1023.0 0.0013380165910348296
1024.0 0.0014034193554834928
1025.0 0.0014688224837300368
1026.0 0.0013261777894513216
1027.0 0.0011835328223241959
1028.0 0.0011201896086276975
1029.0 0.0010568462130322587
1030.0 0.000978762091108365
1031.0 0.00090067733253818
1032.0 0.0008873668775777332
1033.0 0.0008740561497688759
1034.0 0.0008443115802947432
1035.0 0.0008145670108206104
1036.0 0.0008925254405767191
1037.0 0.0009704835974844173
1038.0 0.0008417816388828214
1039.0 0.000713079907654901
1040.0 0.0007414486844936619
1041.0 0.0007698174158576876
1042.0 0.0009389505976287182
1043.0 0.001108083324652398
1044.0 0.001008513481792761
1045.0 0.0009089440027310047
1046.0 0.0009112080078921281
1047.0 0.0009134721949521918
1048.0 0.0007947000085550826
1049.0 0.0006759279585821787
1050.0 0.0006815971119067399
1051.0 0.000687266219756566
1052.0 0.0009760534339875448
1053.0 0.001264840284420643
1054.0 0.0010894367733271793
1055.0 0.0009140331712842453
1056.0 0.0009366957783640828
1057.0 0.000959358749241801
1058.0 0.0008891889592632651
1059.0 0.0008190194421331398
1060.0 0.0010723472769313958
1061.0 0.0013256746569823008
1062.0 0.0013516907529265154
1063.0 0.0013777067579212599
1064.0 0.001092544880521018
1065.0 0.0008073828212218359
1066.0 0.0011066831575590186
1067.0 0.0014059835848456714
1068.0 0.0016851441614562646
1069.0 0.001964304283319507
1070.0 0.0014437665413424838
1071.0 0.0009232286174665205
1072.0 0.001260911813005805
1073.0 0.0015985951904440299
1074.0 0.0022605103367823176
1075.0 0.0029224256650195457
1076.0 0.003186661342624575
1077.0 0.0034508972021285444
1078.0 0.0038945654523558915
1079.0 0.004338233338785358
1080.0 0.0042723688238766044
1081.0 0.00420650358137209
1082.0 0.00420148171542678
1083.0 0.00419645948568359
1084.0 0.00461271483800374
1085.0 0.0050289698265260085
1086.0 0.0050736645789584145
1087.0 0.0051183593313908204
1088.0 0.00504595045640599
1089.0 0.004973541581421159
1090.0 0.004922203152091242
1091.0 0.0048708647227613255
1092.0 0.0042300653149141
1093.0 0.003589265907066874
1094.0 0.003890792140737176
1095.0 0.004192318010609597
1096.0 0.0032237170671578497
1097.0 0.0022551157599082217
1098.0 0.0018487649867893197
1099.0 0.0014424144865188282
1100.0 0.001588838676980231
1101.0 0.0017352622307953425
