lsstCam/transmission_filter_detector/r12_s01/r_57/19700101T000000.ecsv
# %ECSV 1.0
# ---
# datatype:
# - {name: wavelength, unit: nm, datatype: float32}
# - {name: efficiency, unit: '%', datatype: float64}
# meta: !!omap
# - {MODE: DETECTOR}
# - {TYPE: transmission_filter_detector}
# - {CALIBDATE: '1970-01-01T00:00:00'}
# - {INSTRUME: LSSTCam}
# - {OBSTYPE: transmission_filter_detector}
# - {CALIBCLS: lsst.ip.isr.IntermediateFilterDetectorTransmissionCurve}
# - {SOURCE: Materion (DM-46256)}
# - {DETECTOR: 46}
# - {FILTER: r_57}
# - {CALIB_ID: 'calibDate=1970-01-01T00:00:00 filter=r_57 detector=46'}
# - {DATE: '2025-04-02T15:59:44.397849'}
# - {CALIB_CREATION_DATE: '2025-04-02'}
# - {CALIB_CREATION_TIME: '15:59:44'}
# - __serialized_columns__:
#     efficiency:
#       __class__: astropy.units.quantity.Quantity
#       unit: !astropy.units.Unit {unit: '%'}
#       value: !astropy.table.SerializedColumn {name: efficiency}
#     wavelength:
#       __class__: astropy.units.quantity.Quantity
#       unit: !astropy.units.Unit {unit: nm}
#       value: !astropy.table.SerializedColumn {name: wavelength}
# schema: astropy-2.0
wavelength efficiency
300.0 0.0014791544344916474
301.0 0.004788269143318757
302.0 0.008097384124994278
303.0 0.010719102283474058
304.0 0.013340820441953838
305.0 0.01169690876849927
306.0 0.010052997095044702
307.0 0.008959388651419431
308.0 0.007865781662985682
309.0 0.007187047594925389
310.0 0.006508312071673572
311.0 0.00615139288129285
312.0 0.005794472235720605
313.0 0.005274363502394408
314.0 0.004754254405270331
315.0 0.004361433821031824
316.0 0.003968612872995436
317.0 0.003811154601862654
318.0 0.0036536966945277527
319.0 0.0033459578844485804
320.0 0.0030382196200662293
321.0 0.0029314460334717296
322.0 0.0028246717192814685
323.0 0.002625948400236666
324.0 0.0024272252630908042
325.0 0.00243307622440625
326.0 0.0024389273676206358
327.0 0.0023120581317925826
328.0 0.0021851888959645294
329.0 0.002230319114460144
330.0 0.0022754491510568187
331.0 0.002155433321604505
332.0 0.0020354173102532513
333.0 0.0018261616787640378
334.0 0.0016169058653758839
335.0 0.0014695728168589994
336.0 0.001322239768342115
337.0 0.0011910728971997742
338.0 0.0010599061170069035
339.0 0.0009686618795967661
340.0 0.0008774174602876883
341.0 0.000901916155271465
342.0 0.0009264149412047118
343.0 0.0008360857464140281
344.0 0.0007457567789970199
345.0 0.0007521512998209801
346.0 0.0007585460934933508
347.0 0.0007337192073464394
348.0 0.0007088924121489981
349.0 0.0006852022124803625
350.0 0.005515099473996088
351.0 0.005562485966947861
352.0 0.005609872459899634
353.0 0.004833229832001962
354.0 0.004056587931700051
355.0 0.00461123745481018
356.0 0.00516588770551607
357.0 0.006748309533577412
358.0 0.008330732089234516
359.0 0.006141253834357485
360.0 0.003951775579480454
361.0 0.0027565358323045075
362.0 0.0015612960851285607
363.0 0.0027444642910268158
364.0 0.00392763213312719
365.0 0.003859786011162214
366.0 0.0037919402529951185
367.0 0.0032111143809743226
368.0 0.002630288145155646
369.0 0.002278637111885473
370.0 0.0019269862605142407
371.0 0.001985214839805849
372.0 0.002043443782895338
373.0 0.0025762168661458418
374.0 0.0031089897674974054
375.0 0.002832133941410575
376.0 0.002555278297222685
377.0 0.0011654024092422333
378.0 1.5866215676355044e-10
379.0 0.000834751426737057
380.0 0.0018939763322123326
381.0 0.0027456682801130228
382.0 0.0035973604099126533
383.0 0.003191898576915264
384.0 0.002786436743917875
385.0 0.004057336991536431
386.0 0.005328236875357106
387.0 0.004676801472669467
388.0 0.004025365706183948
389.0 0.003434632162679918
390.0 0.002843897709681187
391.0 0.0021077890778542496
392.0 0.0013716805369767826
393.0 0.0015059498764458112
394.0 0.0016402189430664293
395.0 0.0011314934454276226
396.0 0.0006227680842130212
397.0 0.0006523665433633141
398.0 0.0006819653663114877
399.0 0.0005239935944700846
400.0 0.0003660213906186982
401.0 1.990524935990834e-05
402.0 1.5866215676355044e-10
403.0 1.5866215676355044e-10
404.0 0.000266956226369075
405.0 0.0007985295269463677
406.0 0.0013301027138368227
407.0 0.001788352892617695
408.0 0.0022466027076006867
409.0 0.0018026947145699523
410.0 0.0013587864486908074
411.0 0.0010093180208059493
412.0 0.0006598495474463562
413.0 0.000627805547992466
414.0 0.0005957615030638408
415.0 0.0006419318651751382
416.0 0.000688102409185376
417.0 0.0013058905096841045
418.0 0.0019236789739807136
419.0 0.002235684405604843
420.0 0.0025476898372289725
421.0 0.0039063001167960465
422.0 0.0052649098506662995
423.0 0.008084808359853923
424.0 0.010904706141445786
425.0 0.015068840002641082
426.0 0.01923296949826181
427.0 0.019915075972676277
428.0 0.02059718535747379
429.0 0.015768909361213446
430.0 0.0109406333649531
431.0 0.007803418702678755
432.0 0.004666202585212886
433.0 0.003675168045447208
434.0 0.0026841335056815296
435.0 0.002129001950379461
436.0 0.0015738700312795117
437.0 0.0013621448488265742
438.0 0.001150419939222047
439.0 0.0009643365046940744
440.0 0.000778253252065042
441.0 0.0010857950655918103
442.0 0.0013933367881691083
443.0 0.0017275075151701458
444.0 0.0020616782421711832
445.0 0.0019481009076116607
446.0 0.0018345233911531977
447.0 0.0015734271073597483
448.0 0.0013123310964147095
449.0 0.0013025330190430395
450.0 0.0012927343959745485
451.0 0.0014132214346318506
452.0 0.0015337085642386228
453.0 0.0015008426998974755
454.0 0.0014679768355563283
455.0 0.0013412981388682965
456.0 0.0012146198059781455
457.0 0.0008544449883629568
458.0 0.0004942703071719734
459.0 0.0007660529263375793
460.0 0.0010378355909779202
461.0 0.001580448224558495
462.0 0.002123060403391719
463.0 0.002811937520164065
464.0 0.003500815000734292
465.0 0.004518251807894558
466.0 0.0055356886150548235
467.0 0.006172217399580404
468.0 0.006808747275499627
469.0 0.0058383877330925316
470.0 0.00486803000967484
471.0 0.003709074735525064
472.0 0.002550119643274229
473.0 0.002122102705470752
474.0 0.0016940854038693942
475.0 0.001388759756082436
476.0 0.0010834343811438885
477.0 0.0008471819455735385
478.0 0.0006109295100031886
479.0 0.0008573610102757812
480.0 0.0011037924195989035
481.0 0.0008300540685013402
482.0 0.0005563158538279822
483.0 0.0006121580099716084
484.0 0.0006680000296910293
485.0 0.0005967379820503993
486.0 0.0005254758434602991
487.0 0.0005633703040075488
488.0 0.0006012646736053284
489.0 0.000583742757953587
490.0 0.0005662207513523754
491.0 0.0007422454928018851
492.0 0.0009182701433019247
493.0 0.0010026947165897582
494.0 0.0010871193808270618
495.0 0.0009549913556838874
496.0 0.0008228633305407129
497.0 0.0010876536180148832
498.0 0.001352443632640643
499.0 0.0013113691238686442
500.0 0.0012702946150966454
501.0 0.0014412384189199656
502.0 0.0016121824955916964
503.0 0.0019655528376461007
504.0 0.0023189229978015646
505.0 0.002792557643260807
506.0 0.003266192288720049
507.0 0.003908869621227495
508.0 0.004551546589937061
509.0 0.0050589427701197565
510.0 0.00556633785890881
511.0 0.004944117972627282
512.0 0.004321897358749993
513.0 0.003705691415234469
514.0 0.0030894854717189446
515.0 0.002887515802285634
516.0 0.002685546496650204
517.0 0.0024537630451959558
518.0 0.002221979229943827
519.0 0.0759079644922167
520.0 0.10820012539625168
521.0 0.127508700825274
522.0 0.0867549329996109
523.0 0.027702091028913856
524.0 0.100186956115067
525.0 0.13811902608722448
526.0 0.09405834134668112
527.0 0.11099363910034299
528.0 0.08569846977479756
529.0 0.15797377564013004
530.0 0.1593486638739705
531.0 0.1781168975867331
532.0 0.18634082516655326
533.0 0.2810165286064148
534.0 0.38271371740847826
535.0 0.43602660298347473
536.0 0.566736375913024
537.0 0.7589171640574932
538.0 1.183888502418995
539.0 1.8645280972123146
540.0 3.0288495123386383
541.0 4.593642055988312
542.0 6.686394661664963
543.0 9.560470283031464
544.0 13.056983053684235
545.0 16.93544089794159
546.0 21.560126543045044
547.0 27.43085026741028
548.0 34.96938347816467
549.0 42.90292263031006
550.0 49.923259019851685
551.0 57.52384066581726
552.0 63.544851541519165
553.0 69.04365420341492
554.0 73.17869067192078
555.0 77.43201851844788
556.0 81.37063980102539
557.0 84.2463731765747
558.0 87.62544989585876
559.0 90.80845713615417
560.0 91.64855480194092
561.0 93.60259771347046
562.0 94.6081817150116
563.0 94.64415907859802
564.0 95.16046643257141
565.0 94.99555230140686
566.0 95.28089761734009
567.0 94.6750283241272
568.0 95.29342651367188
569.0 95.82525491714478
570.0 95.43622136116028
571.0 96.31984829902649
572.0 96.32007479667664
573.0 96.27514481544495
574.0 97.07070589065552
575.0 96.6407060623169
576.0 97.1673309803009
577.0 96.36574983596802
578.0 96.51091694831848
579.0 96.90497517585754
580.0 96.04640603065491
581.0 96.16454243659973
582.0 96.07215523719788
583.0 96.38324975967407
584.0 95.90230584144592
585.0 95.92610597610474
586.0 96.18701934814453
587.0 95.61358690261841
588.0 96.14367485046387
589.0 96.93124890327454
590.0 96.30277752876282
591.0 95.81092596054077
592.0 95.53152322769165
593.0 95.28900384902954
594.0 95.28515338897705
595.0 95.63645124435425
596.0 96.6342568397522
597.0 96.97927832603455
598.0 96.16290926933289
599.0 96.16411924362183
600.0 96.5594232082367
601.0 95.50255537033081
602.0 96.14289402961731
603.0 95.90551257133484
604.0 95.87377309799194
605.0 96.19291424751282
606.0 95.65801620483398
607.0 95.77216506004333
608.0 95.91668248176575
609.0 95.10934948921204
610.0 95.63323855400085
611.0 95.58940529823303
612.0 95.39493918418884
613.0 96.63460850715637
614.0 96.30438089370728
615.0 95.85819244384766
616.0 96.12396359443665
617.0 95.94985842704773
618.0 95.84256410598755
619.0 96.49876952171326
620.0 95.87621092796326
621.0 95.06354331970215
622.0 96.23810052871704
623.0 96.04403972625732
624.0 96.19789123535156
625.0 96.3671863079071
626.0 95.74294090270996
627.0 94.83160972595215
628.0 97.05377221107483
629.0 94.94478106498718
630.0 95.95912098884583
631.0 95.73755264282227
632.0 96.40354514122009
633.0 96.1829662322998
634.0 95.570307970047
635.0 95.87215185165405
636.0 95.52348852157593
637.0 95.35850286483765
638.0 95.25198340415955
639.0 95.24147510528564
640.0 95.07880806922913
641.0 95.3492820262909
642.0 95.62379717826843
643.0 95.6061601638794
644.0 95.8115816116333
645.0 96.02460265159607
646.0 95.92326879501343
647.0 96.75557017326355
648.0 96.00219130516052
649.0 95.45873999595642
650.0 95.82526087760925
651.0 96.4612066745758
652.0 96.57791256904602
653.0 95.7136869430542
654.0 96.25419974327087
655.0 96.16358280181885
656.0 95.5381989479065
657.0 95.52578926086426
658.0 95.72243094444275
659.0 95.8401083946228
660.0 95.38925886154175
661.0 95.41837573051453
662.0 95.87095379829407
663.0 95.49497365951538
664.0 95.07501721382141
665.0 95.10746002197266
666.0 95.26539444923401
667.0 95.44784426689148
668.0 94.70924735069275
669.0 95.2893316745758
670.0 95.33556699752808
671.0 95.22235989570618
672.0 94.92940902709961
673.0 95.1081931591034
674.0 94.88327503204346
675.0 95.48923373222351
676.0 95.00293731689453
677.0 93.80953311920166
678.0 93.34898591041565
679.0 92.50014424324036
680.0 91.27945899963379
681.0 90.31453728675842
682.0 88.37570548057556
683.0 85.55769920349121
684.0 82.1453869342804
685.0 78.91151905059814
686.0 75.01492500305176
687.0 70.38035988807678
688.0 65.97133874893188
689.0 61.24897003173828
690.0 56.19555115699768
691.0 52.14768052101135
692.0 47.5343257188797
693.0 43.066853284835815
694.0 38.158583641052246
695.0 33.24117660522461
696.0 27.94792652130127
697.0 22.872625291347504
698.0 17.237946391105652
699.0 12.640359997749329
700.0 8.963388949632645
701.0 5.704731866717339
702.0 3.612026572227478
703.0 2.1266814321279526
704.0 1.2663296423852444
705.0 0.6939873099327087
706.0 0.47889244742691517
707.0 0.3077037399634719
708.0 0.24173741694539785
709.0 0.13922196812927723
710.0 0.11527498718351126
711.0 0.10494568850845098
712.0 0.06633164011873305
713.0 0.09602674981579185
714.0 0.05120602436363697
715.0 0.0480984803289175
716.0 0.03413386584725231
717.0 0.017292442498728633
718.0 0.06825884338468313
719.0 0.07323499885387719
720.0 1.5866215676355044e-10
721.0 0.004565870403894223
722.0 0.004299628926673904
723.0 0.0040333878132514656
724.0 0.0037535763112828135
725.0 0.0034737648093141615
726.0 0.0032354717404814437
727.0 0.002997178671648726
728.0 0.002839310582203325
729.0 0.002681442128960043
730.0 0.0024521812520106323
731.0 0.002222920738859102
732.0 0.0022445619833888486
733.0 0.0022662034098175354
734.0 0.002168080027331598
735.0 0.0020699564629467204
736.0 0.0018778333469526842
737.0 0.001685710230958648
738.0 0.0016781998056103475
739.0 0.001670689380262047
740.0 0.0016364121620426886
741.0 0.0016021351257222705
742.0 0.001484063523093937
743.0 0.0013659920114150736
744.0 0.0014133946933725383
745.0 0.0014607970115321223
746.0 0.0014075792023504619
747.0 0.0013543614841182716
748.0 0.0012012340448563918
749.0 0.001048106605594512
750.0 0.0010424893844174221
751.0 0.0010368725270382129
752.0 0.001090321529773064
753.0 0.0011437704415584449
754.0 0.001147120383393485
755.0 0.0011504708709253464
756.0 0.0011081692719017155
757.0 0.0010658674909791443
758.0 0.0011186962183273863
759.0 0.0011715245818777476
760.0 0.0011420261216699146
761.0 0.0011125280252599623
762.0 0.001121503191825468
763.0 0.0011304787221888546
764.0 0.0010666720299923327
765.0 0.0010028652468463406
766.0 0.0008184855687431991
767.0 0.0006341058906400576
768.0 0.0006454165941249812
769.0 0.0006567271611856995
770.0 0.0007743461537756957
771.0 0.0008919652827898972
772.0 0.0007865784937166609
773.0 0.0006811915682192193
774.0 0.0007984962394402828
775.0 0.0009158008651866112
776.0 0.0009006894288177136
777.0 0.0008855779924488161
778.0 0.0008853849067236297
779.0 0.0008851919119479135
780.0 0.0007731854566372931
781.0 0.000661179137750878
782.0 0.0007351219664997188
783.0 0.0008090646588243544
784.0 0.0008722708116692957
785.0 0.0009354767826152965
786.0 0.0008090062692645006
787.0 0.0006825358013884397
788.0 0.0006782917807868216
789.0 0.0006740478511346737
790.0 0.0007285409537871601
791.0 0.0007830340109649114
792.0 0.0007968815225467551
793.0 0.0008107289431791287
794.0 0.0008054774298216216
795.0 0.000800225643615704
796.0 0.0006844154086138587
797.0 0.0005686049917130731
798.0 0.0007158568223530892
799.0 0.0008631085620436352
800.0 0.000771873692428926
801.0 0.0006806384590163361
802.0 0.0005844220140716061
803.0 0.00048820529627846554
804.0 0.0006529130587296095
805.0 0.0008176208211807534
806.0 0.0007088536676747026
807.0 0.0006000865141686518
808.0 0.000753459880797891
809.0 0.0009068332474271301
810.0 0.0007781923159200232
811.0 0.0006495516572613269
812.0 0.0006656568530161167
813.0 0.0006817620487709064
814.0 0.0005344784312910633
815.0 0.0003871948592859553
816.0 0.0005615563168248627
817.0 0.0007359179107879754
818.0 0.000706427408658783
819.0 0.0006769369520043256
820.0 0.000532382182427682
821.0 0.0003878273673763033
822.0 0.0003902446223946754
823.0 0.00039266196836251765
824.0 0.00046888994802429806
825.0 0.0005451179276860785
826.0 0.000602412001171615
827.0 0.0006597060746571515
828.0 0.0005001611043553567
829.0 0.0003406161567909294
830.0 0.00016953850945355953
831.0 1.5866215676355044e-10
832.0 1.7979770916554116e-05
833.0 3.749864561086724e-05
834.0 2.2728956139417278e-05
835.0 7.959234693544204e-06
836.0 0.00033525820981594734
837.0 0.0006625573860219447
838.0 0.0007807213478372432
839.0 0.000898885446076747
840.0 0.001230192901857663
841.0 0.0015615003576385789
842.0 0.0020095314539503306
843.0 0.0024575625502620824
844.0 0.002285695336468052
845.0 0.002113828122674022
846.0 0.0019226450604037382
847.0 0.0017314616343355738
848.0 0.0017048439985956065
849.0 0.0016782259990577586
850.0 0.0015400150005007163
851.0 0.0014018040928931441
852.0 0.001303090903093107
853.0 0.0012043776223435998
854.0 0.001041935320245102
855.0 0.0008794927452981938
856.0 0.0006717919404763961
857.0 0.00046409122660406865
858.0 0.0005218836577114416
859.0 0.0005796759978693444
860.0 0.0004706793333753012
861.0 0.0003616826234065229
862.0 0.0003692540985866799
863.0 0.00037682555102946935
864.0 0.00024636287889734376
865.0 0.00011590026360863703
866.0 9.61962427936669e-05
867.0 7.64922049256711e-05
868.0 0.00012003563369944459
869.0 0.00016357904542019241
870.0 3.383760827091464e-05
871.0 1.5866215676355044e-10
872.0 1.5866215676355044e-10
873.0 1.5866215676355044e-10
874.0 1.5866215676355044e-10
875.0 1.5866215676355044e-10
876.0 1.5866215676355044e-10
877.0 1.8158483783281554e-05
878.0 0.0001101661950997368
879.0 0.0002021738737312262
880.0 0.00014932398926248425
881.0 9.647405931900721e-05
882.0 0.00010624215747156995
883.0 0.00011601027836150024
884.0 1.5866215676355044e-10
885.0 1.5866215676355044e-10
886.0 1.5866215676355044e-10
887.0 7.926465741547872e-05
888.0 0.00014177171578921843
889.0 0.00020427876279427437
890.0 0.0001565529714753211
891.0 0.00010882714605031651
892.0 6.883194458850994e-06
893.0 1.5866215676355044e-10
894.0 1.5866215676355044e-10
895.0 1.5866215676355044e-10
896.0 2.9331820883271575e-05
897.0 8.13443080005527e-05
898.0 9.343880265078042e-05
899.0 0.00010553328593232436
900.0 5.266828111416544e-05
