lsstCam/transmission_filter_detector/r21_s10/i_39/19700101T000000.ecsv
# %ECSV 1.0
# ---
# datatype:
# - {name: wavelength, unit: nm, datatype: float32}
# - {name: efficiency, unit: '%', datatype: float64}
# meta: !!omap
# - {MODE: DETECTOR}
# - {TYPE: transmission_filter_detector}
# - {CALIBDATE: '1970-01-01T00:00:00'}
# - {INSTRUME: LSSTCam}
# - {OBSTYPE: transmission_filter_detector}
# - {CALIBCLS: lsst.ip.isr.IntermediateFilterDetectorTransmissionCurve}
# - {SOURCE: Materion (DM-46256)}
# - {DETECTOR: 84}
# - {FILTER: i_39}
# - {CALIB_ID: 'calibDate=1970-01-01T00:00:00 filter=i_39 detector=84'}
# - {DATE: '2025-04-02T15:59:46.869728'}
# - {CALIB_CREATION_DATE: '2025-04-02'}
# - {CALIB_CREATION_TIME: '15:59:46'}
# - __serialized_columns__:
#     efficiency:
#       __class__: astropy.units.quantity.Quantity
#       unit: !astropy.units.Unit {unit: '%'}
#       value: !astropy.table.SerializedColumn {name: efficiency}
#     wavelength:
#       __class__: astropy.units.quantity.Quantity
#       unit: !astropy.units.Unit {unit: nm}
#       value: !astropy.table.SerializedColumn {name: wavelength}
# schema: astropy-2.0
wavelength efficiency
300.0 0.05050899926573038
301.0 0.024212879361584783
302.0 1.5917230641177005e-10
303.0 0.018973143596667796
304.0 0.040029501542449
305.0 0.02722519275266677
306.0 0.014420883962884545
307.0 0.003976833249907941
308.0 1.5917230641177005e-10
309.0 1.5917230641177005e-10
310.0 1.5917230641177005e-10
311.0 1.5917230641177005e-10
312.0 0.0023922475520521402
313.0 1.5917230641177005e-10
314.0 1.5917230641177005e-10
315.0 1.5917230641177005e-10
316.0 1.5917230641177005e-10
317.0 1.5917230641177005e-10
318.0 1.5917230641177005e-10
319.0 1.5917230641177005e-10
320.0 1.5917230641177005e-10
321.0 1.5917230641177005e-10
322.0 0.0005479809715325246
323.0 7.341169521168922e-05
324.0 1.5917230641177005e-10
325.0 1.5917230641177005e-10
326.0 1.5917230641177005e-10
327.0 1.5917230641177005e-10
328.0 1.5917230641177005e-10
329.0 1.5917230641177005e-10
330.0 1.5917230641177005e-10
331.0 0.0009425170901522506
332.0 0.002158565621357411
333.0 0.0025374418328283355
334.0 0.0029163178624003194
335.0 0.002189794395235367
336.0 0.001463270564272534
337.0 0.0019406466890359297
338.0 0.0024180219043046236
339.0 0.002376121119596064
340.0 0.002334220516786445
341.0 0.0007000116056588013
342.0 1.5917230641177005e-10
343.0 1.5917230641177005e-10
344.0 0.0008493170753354207
345.0 7.629328706570959e-05
346.0 1.5917230641177005e-10
347.0 1.5917230641177005e-10
348.0 1.5917230641177005e-10
349.0 1.5917230641177005e-10
350.0 0.0008027992407733109
351.0 0.00047672847358626314
352.0 0.00015065783145473688
353.0 1.5917230641177005e-10
354.0 1.5917230641177005e-10
355.0 1.5917230641177005e-10
356.0 1.5917230641177005e-10
357.0 0.00044741627789335325
358.0 0.0011107441423519049
359.0 0.0009603058970242273
360.0 0.0008098675607470796
361.0 0.0008823841199046001
362.0 0.0009549007700115908
363.0 0.0007882321369834244
364.0 0.0006215635039552581
365.0 0.0011336855095578358
366.0 0.001645807788008824
367.0 0.000933990395424189
368.0 0.00022217307105165673
369.0 0.0005452570803754497
370.0 0.0008683410669618752
371.0 0.0009367303391627502
372.0 0.0010051196113636252
373.0 0.0009907446838042233
374.0 0.0009763696652953513
375.0 0.0007980246664374135
376.0 0.0006196794856805354
377.0 0.0003277934183643083
378.0 3.590721746604686e-05
379.0 1.5917230641177005e-10
380.0 1.5917230641177005e-10
381.0 1.5917230641177005e-10
382.0 1.5917230641177005e-10
383.0 0.0001791668523765111
384.0 0.000921343598747626
385.0 0.00097205474958173
386.0 0.0010227658094663639
387.0 0.00016636607824693783
388.0 1.5917230641177005e-10
389.0 1.5917230641177005e-10
390.0 1.5917230641177005e-10
391.0 6.195494393068657e-05
392.0 0.0006848767498013331
393.0 0.000454595965493354
394.0 0.00022431518118537497
395.0 8.383375416087802e-05
396.0 1.5917230641177005e-10
397.0 0.00022841936697659548
398.0 0.0005134864295541774
399.0 0.0003846871095447568
400.0 0.00025588781227270374
401.0 0.0013758478417003062
402.0 0.002495806802471634
403.0 0.0037937690649414435
404.0 0.005091731509310193
405.0 0.004600135798682459
406.0 0.004108540088054724
407.0 0.003579316398827359
408.0 0.0030500914363074116
409.0 0.0022278225515037775
410.0 0.0014055522115086205
411.0 0.0034581986255943775
412.0 0.005510845949174836
413.0 0.004717447882285342
414.0 0.003924050542991608
415.0 0.004714488750323653
416.0 0.005504927321453579
417.0 0.004473223816603422
418.0 0.003441519947955385
419.0 0.0031905343348626047
420.0 0.002939548903668765
421.0 0.0035339729947736487
422.0 0.004128397267777473
423.0 0.004303515743231401
424.0 0.004478633854887448
425.0 0.00470606391900219
426.0 0.004933493255521171
427.0 0.004388664456200786
428.0 0.003843835656880401
429.0 0.0044021235225955024
430.0 0.0049604117521084845
431.0 0.004060329956701025
432.0 0.0031602488888893276
433.0 0.0032080512028187513
434.0 0.0032558538805460557
435.0 0.002692662201297935
436.0 0.002129470340150874
437.0 0.002019350176851731
438.0 0.0019092298316536471
439.0 0.0017789936464396305
440.0 0.001648757461225614
441.0 0.001292240631300956
442.0 0.0009357240742247086
443.0 0.0009562093509885017
444.0 0.000976694718701765
445.0 0.0007802292202541139
446.0 0.0005837640856043436
447.0 0.0004508859092311468
448.0 0.00031800764190847985
449.0 1.8222827691261045e-05
450.0 1.5917230641177005e-10
451.0 0.00024630696771055227
452.0 0.0007741760782664642
453.0 0.001038721438817447
454.0 0.0013032671631663106
455.0 0.0012659453204832971
456.0 0.0012286234778002836
457.0 0.0008041845831030514
458.0 0.0003797455292442464
459.0 0.00041999633140221704
460.0 0.00046024701987334993
461.0 0.0006855361334601184
462.0 0.000910825292521622
463.0 0.0006725263119733427
464.0 0.00043422724047559313
465.0 0.0003568249667296186
466.0 0.00027942267024627654
467.0 0.0003708078338604537
468.0 0.0004621930202119984
469.0 0.00022785327473684447
470.0 1.5917230641177005e-10
471.0 0.00011073219639001763
472.0 0.00022795084078097716
473.0 0.0004209349754091818
474.0 0.0006139192919363268
475.0 0.0005053792847320437
476.0 0.0003968393684772309
477.0 0.0007221706255222671
478.0 0.001047501791617833
479.0 0.0011154684216307942
480.0 0.0011834352335426956
481.0 0.002312080323463306
482.0 0.0034407250495860353
483.0 0.005057948874309659
484.0 0.006675172335235402
485.0 0.0072853836172726005
486.0 0.00789559562690556
487.0 0.011027840810129419
488.0 0.014160084538161755
489.0 0.01679133711149916
490.0 0.019422588229645044
491.0 0.02171817613998428
492.0 0.024013762595131993
493.0 0.025289400946348906
494.0 0.026565039297565818
495.0 0.023843067174311727
496.0 0.021121090685483068
497.0 0.017545605078339577
498.0 0.013970118016004562
499.0 0.009699704241938889
500.0 0.005429290104075335
501.0 0.003770509283640422
502.0 0.0021117288270033896
503.0 0.0023730755856377073
504.0 0.002634421798575204
505.0 0.0022870584871270694
506.0 0.0019396949937799945
507.0 0.001969706136151217
508.0 0.0019997172785224393
509.0 0.002060736187559087
510.0 0.0021217552784946747
511.0 0.0018023401935352013
512.0 0.0014829250176262576
513.0 0.0016363432223442942
514.0 0.001789761518011801
515.0 0.002080757258227095
516.0 0.0023717528165434487
517.0 0.002292043609486427
518.0 0.0022123344024294056
519.0 0.0023102795239537954
520.0 0.0024082246454781853
521.0 0.0020090563339181244
522.0 0.001609887658560183
523.0 0.0016225003491854295
524.0 0.0016351130398106761
525.0 0.0022218231606530026
526.0 0.0028085330995963886
527.0 0.002703939753700979
528.0 0.0025993464078055695
529.0 0.0022092892322689295
530.0 0.0018192320567322895
531.0 0.0017556018065079115
532.0 0.001691971738182474
533.0 0.0017399659554939717
534.0 0.0017879603547044098
535.0 0.0018734501281869598
536.0 0.0019589397197705694
537.0 0.002435592068650294
538.0 0.002912244417530019
539.0 0.003617032416514121
540.0 0.0043218205973971635
541.0 0.0050094295147573575
542.0 0.0056970384321175516
543.0 0.005264878200250678
544.0 0.004832718332181685
545.0 0.003826375541393645
546.0 0.0028200332963024266
547.0 0.002321599458809942
548.0 0.001823165439418517
549.0 0.0017644571926211938
550.0 0.001705749127722811
551.0 0.0016069196135504171
552.0 0.0015080900993780233
553.0 0.001490151680627605
554.0 0.0014722130799782462
555.0 0.0011033460395992734
556.0 0.0007344789992203005
557.0 0.0008419724508712534
558.0 0.0009494659025222063
559.0 0.0005222032541496446
560.0 9.49405887240573e-05
561.0 0.0007304874998226296
562.0 0.0013660344848176464
563.0 0.0014869755432300735
564.0 0.001607916783541441
565.0 0.0014104742149356753
566.0 0.00121303182822885
567.0 0.0010062217370432336
568.0 0.0007994117368070874
569.0 0.0007634802386746742
570.0 0.0007275486495927908
571.0 0.00047195289880619384
572.0 0.0002163571252822294
573.0 0.00034070103538397234
574.0 0.00046504496822308283
575.0 0.000517796843269025
576.0 0.0005705487183149671
577.0 0.000586112264500116
578.0 0.0006016757652105298
579.0 0.0004060274477524217
580.0 0.0002103791075569461
581.0 0.00022632666514255106
582.0 0.00024227419999078847
583.0 0.00044464973143476527
584.0 0.000647025217404007
585.0 0.0006718350959999952
586.0 0.000696645201969659
587.0 0.0007283376362465788
588.0 0.0007600299340992933
589.0 0.0007067228580126539
590.0 0.0006534157819260145
591.0 0.0007823307896615006
592.0 0.0009112460247706622
593.0 0.0007166173418227118
594.0 0.0005219886588747613
595.0 0.0006223497166502057
596.0 0.0007227106380014447
597.0 0.0005676304226653883
598.0 0.000412550252804067
599.0 0.0003902400749211665
600.0 0.00036792982882616343
601.0 0.0003513796173137962
602.0 0.00033482936032669386
603.0 0.0003511914655973669
604.0 0.0003675535253933049
605.0 0.0002658668790900265
606.0 0.00016418024415543186
607.0 0.00036928531699231826
608.0 0.0005743903784605209
609.0 0.0005187742772250203
610.0 0.00046315799409057945
611.0 0.0005564885213971138
612.0 0.0006498190487036481
613.0 0.00043629079300444573
614.0 0.0002227626282547135
615.0 0.00010109932873092475
616.0 1.5917230641177005e-10
617.0 0.00014002465604789904
618.0 0.00030061337383813225
619.0 0.0003423107727940078
620.0 0.0003840082626993535
621.0 0.0004051363248436246
622.0 0.0004262644324626308
623.0 0.000498440704177483
624.0 0.0005706170668418054
625.0 0.0004228126726957271
626.0 0.0002750083240243839
627.0 0.0002600503876237781
628.0 0.0002450924284858047
629.0 0.0003327229478600202
630.0 0.00042035348997160327
631.0 0.00043945296965830494
632.0 0.0004585524038702715
633.0 0.0003938313966500573
634.0 0.00032911027574300533
635.0 0.0004334374807513086
636.0 0.0005377646630222443
637.0 0.0005260239504423225
638.0 0.0005142831923876656
639.0 0.0006132328053354286
640.0 0.0007121823273337213
641.0 0.0006074088560126256
642.0 0.000502635430166265
643.0 0.0006872613994346466
644.0 0.0008718873687030282
645.0 0.0008723205610294826
646.0 0.0008727536624064669
647.0 0.0008462436198897194
648.0 0.0008197335773729719
649.0 0.000815780003904365
650.0 0.0008118265213852283
651.0 0.0008907320989237633
652.0 0.0009696377674117684
653.0 0.001094155595637858
654.0 0.0012186736057628877
655.0 0.0017216445485246368
656.0 0.0022246153093874454
657.0 0.003197859405190684
658.0 0.004171102773398161
659.0 0.006929721712367609
660.0 0.07838662131689489
661.0 0.08906805305741727
662.0 0.10755647672340274
663.0 0.11763643706217408
664.0 0.10925651295110583
665.0 0.17218959983438253
666.0 0.1702291308902204
667.0 0.19511677091941237
668.0 0.180246087256819
669.0 0.31383002642542124
670.0 0.4012010060250759
671.0 0.6537651177495718
672.0 0.9908542037010193
673.0 1.5676364302635193
674.0 2.355240285396576
675.0 3.254898265004158
676.0 4.406139627099037
677.0 5.678222328424454
678.0 6.986662745475769
679.0 8.529463410377502
680.0 10.544942319393158
681.0 12.637926638126373
682.0 15.202441811561584
683.0 17.940141260623932
684.0 20.866285264492035
685.0 23.743359744548798
686.0 26.76996886730194
687.0 30.146482586860657
688.0 33.42200815677643
689.0 36.88610792160034
690.0 40.87821841239929
691.0 45.18282413482666
692.0 50.29829740524292
693.0 55.6077778339386
694.0 61.65226697921753
695.0 67.26123094558716
696.0 73.4505295753479
697.0 78.96589040756226
698.0 84.6975564956665
699.0 88.95257711410522
700.0 92.11575984954834
701.0 94.49481964111328
702.0 96.16373181343079
703.0 96.96159958839417
704.0 97.36083149909973
705.0 97.70210981369019
706.0 97.69492745399475
707.0 97.82902598381042
708.0 97.8836715221405
709.0 97.87585139274597
710.0 97.62636423110962
711.0 97.86209464073181
712.0 97.87149429321289
713.0 97.93325662612915
714.0 97.96469211578369
715.0 98.10126423835754
716.0 97.92664647102356
717.0 98.13566207885742
718.0 98.1326162815094
719.0 98.04814457893372
720.0 98.2754111289978
721.0 98.09315204620361
722.0 97.88046479225159
723.0 97.5348949432373
724.0 97.26006984710693
725.0 97.03586101531982
726.0 96.88591957092285
727.0 96.60869836807251
728.0 96.41672372817993
729.0 96.26680016517639
730.0 96.24009132385254
731.0 96.36363983154297
732.0 96.42713665962219
733.0 96.6766357421875
734.0 97.02355861663818
735.0 97.15898036956787
736.0 97.5898265838623
737.0 97.98275232315063
738.0 98.27349781990051
739.0 98.6024260520935
740.0 98.73175621032715
741.0 98.51596355438232
742.0 98.85891079902649
743.0 98.67698550224304
744.0 98.54549765586853
745.0 98.48281741142273
746.0 98.46739768981934
747.0 98.67513179779053
748.0 98.58156442642212
749.0 98.4178364276886
750.0 98.42938780784607
751.0 98.27244877815247
752.0 98.25095534324646
753.0 98.48650693893433
754.0 98.40914607048035
755.0 98.52433204650879
756.0 98.54738712310791
757.0 98.524010181427
758.0 98.72377514839172
759.0 98.66645932197571
760.0 98.6386239528656
761.0 98.49644303321838
762.0 98.59303832054138
763.0 98.59773516654968
764.0 98.46420884132385
765.0 98.3393132686615
766.0 98.43748807907104
767.0 98.24268221855164
768.0 98.18068146705627
769.0 98.27772378921509
770.0 97.98868894577026
771.0 98.0271577835083
772.0 98.0613112449646
773.0 97.87294268608093
774.0 97.72359132766724
775.0 97.8084146976471
776.0 97.69412279129028
777.0 97.73535132408142
778.0 97.82131910324097
779.0 97.96416163444519
780.0 97.90337681770325
781.0 98.17962646484375
782.0 98.15107583999634
783.0 98.28070402145386
784.0 98.24831485748291
785.0 98.41402769088745
786.0 98.55954647064209
787.0 98.24656844139099
788.0 98.31412434577942
789.0 98.4231948852539
790.0 98.26037287712097
791.0 98.40800166130066
792.0 98.18730354309082
793.0 98.12318086624146
794.0 98.06608557701111
795.0 97.87620306015015
796.0 97.96922206878662
797.0 97.94512987136841
798.0 97.86407351493835
799.0 97.74510264396667
800.0 97.529536485672
801.0 97.56717681884766
802.0 97.3476231098175
803.0 97.05545902252197
804.0 96.67977094650269
805.0 96.10769748687744
806.0 95.30463814735413
807.0 94.1662073135376
808.0 92.81734824180603
809.0 91.20694994926453
810.0 89.34556841850281
811.0 86.9135856628418
812.0 84.03896689414978
813.0 80.92412948608398
814.0 77.21983790397644
815.0 73.15834164619446
816.0 69.10979151725769
817.0 64.48824405670166
818.0 59.51454043388367
819.0 55.28168082237244
820.0 50.46759247779846
821.0 45.98897397518158
822.0 41.62541925907135
823.0 37.042638659477234
824.0 32.39373862743378
825.0 28.234827518463135
826.0 23.91470968723297
827.0 19.398367404937744
828.0 15.37894755601883
829.0 11.60704419016838
830.0 8.00396278500557
831.0 5.5644690990448
832.0 3.460180014371872
833.0 2.0924896001815796
834.0 1.241749431937933
835.0 0.7335370872169733
836.0 0.4270097706466913
837.0 0.21208161488175392
838.0 0.15626674285158515
839.0 0.06008213385939598
840.0 0.03077796136494726
841.0 0.020810592104680836
842.0 9.15525390610128e-05
843.0 1.5917230641177005e-10
844.0 0.011926350271096453
845.0 1.5917230641177005e-10
846.0 1.5917230641177005e-10
847.0 1.5917230641177005e-10
848.0 1.5917230641177005e-10
849.0 1.5917230641177005e-10
850.0 1.5917230641177005e-10
851.0 0.00026703719413490035
852.0 0.0009576209777151234
853.0 0.0007707993063377216
854.0 0.0005839778168592602
855.0 0.0005157921350473771
856.0 0.00044760658965969924
857.0 0.00045677466005145106
858.0 0.0004659426394937327
859.0 0.00020754910110554192
860.0 1.5917230641177005e-10
861.0 0.0001521965259598801
862.0 0.0003552375119397766
863.0 0.00016624483123450773
864.0 1.5917230641177005e-10
865.0 1.5917230641177005e-10
866.0 1.5917230641177005e-10
867.0 1.5917230641177005e-10
868.0 1.5917230641177005e-10
869.0 1.5917230641177005e-10
870.0 1.5917230641177005e-10
871.0 1.5401560915506707e-05
872.0 0.0001656024551266455
873.0 0.0001755387415869336
874.0 0.00018547501667853794
875.0 0.00015740365597594064
876.0 0.00012933231801071088
877.0 1.5917230641177005e-10
878.0 1.5917230641177005e-10
879.0 7.4484617584857915e-06
880.0 0.00025021963665494695
881.0 0.00010446832447996712
882.0 1.5917230641177005e-10
883.0 7.074340260260215e-05
884.0 0.0001827697474254819
885.0 4.858383704231528e-05
886.0 1.5917230641177005e-10
887.0 1.5917230641177005e-10
888.0 1.5917230641177005e-10
889.0 1.5917230641177005e-10
890.0 1.5917230641177005e-10
891.0 1.5917230641177005e-10
892.0 4.6237769879553525e-05
893.0 4.5371947976491356e-05
894.0 4.4506126073429186e-05
895.0 1.5917230641177005e-10
