lsstCam/transmission_filter_detector/r21_s10/i_39/19700101T000000.ecsv
# %ECSV 1.0
# ---
# datatype:
# - {name: wavelength, unit: nm, datatype: float32}
# - {name: efficiency, unit: '%', datatype: float64}
# meta: !!omap
# - {MODE: DETECTOR}
# - {TYPE: transmission_filter_detector}
# - {CALIBDATE: '1970-01-01T00:00:00'}
# - {INSTRUME: LSSTCam}
# - {OBSTYPE: transmission_filter_detector}
# - {CALIBCLS: lsst.ip.isr.IntermediateFilterDetectorTransmissionCurve}
# - {SOURCE: Materion (DM-46256)}
# - {DETECTOR: 84}
# - {FILTER: i_39}
# - {CALIB_ID: 'calibDate=1970-01-01T00:00:00 filter=i_39 detector=84'}
# - {DATE: '2025-04-02T15:59:46.869728'}
# - {CALIB_CREATION_DATE: '2025-04-02'}
# - {CALIB_CREATION_TIME: '15:59:46'}
# - __serialized_columns__:
#     efficiency:
#       __class__: astropy.units.quantity.Quantity
#       unit: !astropy.units.Unit {unit: '%'}
#       value: !astropy.table.SerializedColumn {name: efficiency}
#     wavelength:
#       __class__: astropy.units.quantity.Quantity
#       unit: !astropy.units.Unit {unit: nm}
#       value: !astropy.table.SerializedColumn {name: wavelength}
# schema: astropy-2.0
wavelength efficiency
[from data line 597]
897.0 1.5917230641177005e-10
898.0 1.5917230641177005e-10
899.0 1.5917230641177005e-10
900.0 1.5917230641177005e-10
901.0 1.5917230641177005e-10
902.0 1.5917230641177005e-10
903.0 1.5917230641177005e-10
904.0 1.5917230641177005e-10
905.0 1.5917230641177005e-10
906.0 1.438304195744422e-05
907.0 0.00013062673360764165
908.0 0.00024687042241566814
909.0 7.442949936375953e-05
910.0 1.5917230641177005e-10
911.0 1.3726470626806986e-05
912.0 0.00012546433936222456
913.0 0.00011669716286633047
914.0 0.00010792999773912015
915.0 1.5917230641177005e-10
916.0 1.5917230641177005e-10
917.0 1.5917230641177005e-10
918.0 1.5917230641177005e-10
919.0 1.5917230641177005e-10
920.0 6.012220410411828e-06
921.0 9.604301709487117e-06
922.0 1.3196370218793163e-05
923.0 1.5917230641177005e-10
924.0 1.5917230641177005e-10
925.0 0.00012114334140278515
926.0 0.00030428823265538085
927.0 1.3982578650484356e-05
928.0 1.5917230641177005e-10
929.0 1.5917230641177005e-10
930.0 0.00016882955833352753
931.0 0.00017399864873368642
932.0 0.00017916772776516154
933.0 9.041116300068097e-05
934.0 1.6546291448094053e-06
935.0 1.5917230641177005e-10
936.0 1.5917230641177005e-10
937.0 1.5917230641177005e-10
938.0 1.5917230641177005e-10
939.0 1.5917230641177005e-10
940.0 1.5917230641177005e-10
941.0 1.5917230641177005e-10
942.0 1.5917230641177005e-10
943.0 1.5917230641177005e-10
944.0 1.5917230641177005e-10
945.0 1.5917230641177005e-10
946.0 1.5917230641177005e-10
947.0 1.5917230641177005e-10
948.0 1.0767803360067774e-05
949.0 1.5917230641177005e-10
950.0 1.5917230641177005e-10
951.0 1.5917230641177005e-10
952.0 1.5917230641177005e-10
953.0 1.5917230641177005e-10
954.0 1.5917230641177005e-10
955.0 6.420173281895813e-07
956.0 1.9557172947770596e-05
957.0 6.651179660366324e-05
958.0 0.00011346637620590627
959.0 2.9577944360426045e-05
960.0 1.5917230641177005e-10
961.0 1.5917230641177005e-10
962.0 1.5917230641177005e-10
963.0 4.137578741847392e-05
964.0 8.669680937600788e-05
965.0 1.5917230641177005e-10
966.0 1.5917230641177005e-10
967.0 1.5917230641177005e-10
968.0 1.5917230641177005e-10
969.0 1.5917230641177005e-10
970.0 8.583095905123628e-05
971.0 1.5917230641177005e-10
972.0 1.5917230641177005e-10
973.0 2.253189634870978e-06
974.0 0.0001314628320869815
975.0 3.046049528165895e-05
976.0 1.5917230641177005e-10
977.0 1.5917230641177005e-10
978.0 1.5917230641177005e-10
979.0 1.5917230641177005e-10
980.0 1.5917230641177005e-10
981.0 1.5917230641177005e-10
982.0 1.5917230641177005e-10
983.0 1.5917230641177005e-10
984.0 1.5917230641177005e-10
985.0 6.72280748403864e-05
986.0 0.00013455753560265293
987.0 1.5917230641177005e-10
988.0 1.5917230641177005e-10
989.0 1.5917230641177005e-10
990.0 1.5917230641177005e-10
991.0 1.5917230641177005e-10
992.0 1.5917230641177005e-10
993.0 1.5917230641177005e-10
994.0 4.2086588791789836e-05
995.0 1.5917230641177005e-10
996.0 1.5917230641177005e-10
997.0 9.578832305123797e-05
998.0 0.00025051122065633535
999.0 0.0002776603878373862
1000.0 0.00030480953228106955
1001.0 0.00019916876681236317
1002.0 9.35279615532636e-05
1003.0 0.00011414875871196273
1004.0 0.00013476952744895243
1005.0 1.0385589632733172e-05
1006.0 1.5917230641177005e-10
1007.0 4.05573160833228e-05
1008.0 0.0001951130798261147
1009.0 0.0002306368742210907
1010.0 0.00026616064587869914
1011.0 0.00025308227122877724
1012.0 0.00024000389657885535
1013.0 0.0002610715455375612
1014.0 0.00028213921723363455
1015.0 0.0003104684537902358
1016.0 0.00033879773582157213
1017.0 0.0003532535174599616
1018.0 0.00036770936731045367
1019.0 0.0002272070787512348
1020.0 8.670475040162273e-05
1021.0 0.00016130917401824263
1022.0 0.00023591358058183687
1023.0 0.0004066747806064086
1024.0 0.000577436048843083
1025.0 0.0004693748451245483
1026.0 0.00036131359593127854
1027.0 0.0003436385441091261
1028.0 0.0003259635150243412
1029.0 0.0008280069778265897
1030.0 0.0013300504178914707
1031.0 0.001777188663254492
1032.0 0.0022243264538701624
1033.0 0.0024686582037247717
1034.0 0.00271298940788256
1035.0 0.0032243337045656517
1036.0 0.0037356774555519223
1037.0 0.0035096007195534185
1038.0 0.0032835239835549146
1039.0 0.003014338290086016
1040.0 0.002745152778516058
1041.0 0.0023702332327957265
1042.0 0.0019953138689743355
1043.0 0.002659132042026613
1044.0 0.003322950578876771
1045.0 0.003412924343138002
1046.0 0.0035028984711971134
1047.0 0.003278133226558566
1048.0 0.003053367981920019
1049.0 0.0026232382879243232
1050.0 0.0021931084120296873
1051.0 0.0021229263438726775
1052.0 0.002052744457614608
1053.0 0.0014846902558929287
1054.0 0.0009166361451207194
1055.0 0.0008596499355917331
1056.0 0.0008026638170122169
1057.0 0.0006409925390471471
1058.0 0.00047932148845575284
1059.0 0.0006223612672329182
1060.0 0.000765401273383759
1061.0 0.001267756670131348
1062.0 0.0017701120668789372
1063.0 0.0022743850422557443
1064.0 0.002778657835733611
1065.0 0.003210831346223131
1066.0 0.00364300467481371
1067.0 0.0043821051804116
1068.0 0.00512120604980737
1069.0 0.004404264109325595
1070.0 0.0036873221688438207
1071.0 0.003559317337931134
1072.0 0.003431312143220566
1073.0 0.0032517073123017326
1074.0 0.0030721021175850183
1075.0 0.0034035270800814033
1076.0 0.0037349516787799075
1077.0 0.0030876231903675944
1078.0 0.002440294701955281
1079.0 0.002501268681953661
1080.0 0.0025622428438509814
1081.0 0.00149788502312731
1082.0 0.00043352742977731396
1083.0 7.921814813016681e-05
1084.0 1.5917230641177005e-10
1085.0 6.962917353803277e-06
1086.0 0.0002890172027036897
1087.0 1.5917230641177005e-10
1088.0 1.5917230641177005e-10
1089.0 1.5917230641177005e-10
1090.0 1.5917230641177005e-10
1091.0 1.5917230641177005e-10
1092.0 1.5917230641177005e-10
1093.0 1.5917230641177005e-10
1094.0 1.5917230641177005e-10
1095.0 1.5917230641177005e-10
1096.0 1.5917230641177005e-10
1097.0 1.5917230641177005e-10
1098.0 1.5917230641177005e-10
1099.0 0.0001731597649268224
1100.0 0.0009399227565154433
