lsstCam/transmission_filter_detector/r22_s21/r_57/19700101T000000.ecsv
# %ECSV 1.0
# ---
# datatype:
# - {name: wavelength, unit: nm, datatype: float32}
# - {name: efficiency, unit: '%', datatype: float64}
# meta: !!omap
# - {MODE: DETECTOR}
# - {TYPE: transmission_filter_detector}
# - {CALIBDATE: '1970-01-01T00:00:00'}
# - {INSTRUME: LSSTCam}
# - {OBSTYPE: transmission_filter_detector}
# - {CALIBCLS: lsst.ip.isr.IntermediateFilterDetectorTransmissionCurve}
# - {SOURCE: Materion (DM-46256)}
# - {DETECTOR: 97}
# - {FILTER: r_57}
# - {CALIB_ID: 'calibDate=1970-01-01T00:00:00 filter=r_57 detector=97'}
# - {DATE: '2025-04-02T15:59:44.631407'}
# - {CALIB_CREATION_DATE: '2025-04-02'}
# - {CALIB_CREATION_TIME: '15:59:44'}
# - __serialized_columns__:
#     efficiency:
#       __class__: astropy.units.quantity.Quantity
#       unit: !astropy.units.Unit {unit: '%'}
#       value: !astropy.table.SerializedColumn {name: efficiency}
#     wavelength:
#       __class__: astropy.units.quantity.Quantity
#       unit: !astropy.units.Unit {unit: nm}
#       value: !astropy.table.SerializedColumn {name: wavelength}
# schema: astropy-2.0
wavelength efficiency
300.0 0.0016607458746875636
301.0 0.004763844845001586
302.0 0.00786694508860819
303.0 0.009515655256109312
304.0 0.011164366878801957
305.0 0.009885316831059754
306.0 0.008606268238509074
307.0 0.007720322901150212
308.0 0.006834376836195588
309.0 0.006498841685242951
310.0 0.006163307261886075
311.0 0.005576500916504301
312.0 0.004989694934920408
313.0 0.004361653918749653
314.0 0.0037336132663767785
315.0 0.00376474745280575
316.0 0.0037958805478410795
317.0 0.00382108410121873
318.0 0.0038462869270006195
319.0 0.0034287990274606273
320.0 0.003011310036526993
321.0 0.002978619340865407
322.0 0.002945929009001702
323.0 0.0028163998649688438
324.0 0.0026868716304306872
325.0 0.0024081251467578113
326.0 0.002129378481185995
327.0 0.002201993265771307
328.0 0.002274608050356619
329.0 0.0022854868802824058
330.0 0.002296365528309252
331.0 0.002175459303543903
332.0 0.0020545528968796134
333.0 0.0018146189177059568
334.0 0.0015746851204312406
335.0 0.0013957643204776105
336.0 0.00121684342957451
337.0 0.0010706666216719896
338.0 0.000924489813769469
339.0 0.0009440725989406928
340.0 0.0009636554750613868
341.0 0.0008992608854896389
342.0 0.000834866295917891
343.0 0.0008201844138966408
344.0 0.0008055027137743309
345.0 0.0007529033609898761
346.0 0.0007003040536801564
347.0 0.000670484268994187
348.0 0.0006406644388334826
349.0 0.0005944458735029912
350.0 0.004058064587297849
351.0 0.005305213198880665
352.0 0.006552362174261361
353.0 0.005538457844522782
354.0 0.004524554242379963
355.0 0.004148848165641539
356.0 0.003773142452700995
357.0 0.004856223313254304
358.0 0.005939304537605494
359.0 0.004963568790117279
360.0 0.003987833042629063
361.0 0.0031326300813816488
362.0 0.002277427483932115
363.0 0.0029475042538251728
364.0 0.0036175810237182304
365.0 0.0030343724574777298
366.0 0.002451163891237229
367.0 0.0026668158170650713
368.0 0.0028824671971960925
369.0 0.0029223223464214243
370.0 0.002962177313747816
371.0 0.0027322970709064975
372.0 0.0025024170099641196
373.0 0.0027088810384157114
374.0 0.0029153448849683627
375.0 0.002360151120228693
376.0 0.001804957355489023
377.0 0.0015875781173235737
378.0 0.0013701989701075945
379.0 0.0016181231330847368
380.0 0.00186604775080923
381.0 0.0022907724996912293
382.0 0.002715497430472169
383.0 0.003157865648972802
384.0 0.0036002344131702557
385.0 0.004332346725277603
386.0 0.005064458309789188
387.0 0.00461632116639521
388.0 0.004168184023001231
389.0 0.0035409317206358537
390.0 0.0029136790544725955
391.0 0.002304138251929544
392.0 0.0016945974493864924
393.0 0.0014992035175964702
394.0 0.0013038093129580375
395.0 0.0010556860615906771
396.0 0.0008075627192738466
397.0 0.0009016463081934489
398.0 0.0009957301699614618
399.0 0.0008173099558916874
400.0 0.0006388895599229727
401.0 0.000331008413922973
402.0 2.3126936810058396e-05
403.0 0.0002913566504503251
404.0 0.0005595864877250278
405.0 0.0008775914466241375
406.0 0.0011955961781495716
407.0 0.0015237123079714365
408.0 0.0018518283468438312
409.0 0.0013974497051094659
410.0 0.0009430712452740408
411.0 0.0008509323379257694
412.0 0.0007587933851027628
413.0 0.0009199555279337801
414.0 0.0010811178071890026
415.0 0.0011514112884469796
416.0 0.0012217051335028373
417.0 0.001346622684650356
418.0 0.0014715405995957553
419.0 0.002027237496804446
420.0 0.0025829343940131366
421.0 0.0038316789868986234
422.0 0.0050804232159862295
423.0 0.008020886161830276
424.0 0.010961348743876442
425.0 0.014795447350479662
426.0 0.0186295437742956
427.0 0.0192159743164666
428.0 0.019802407769020647
429.0 0.015413861547131091
430.0 0.011025316780433059
431.0 0.0077476841397583485
432.0 0.0044700511352857575
433.0 0.0034853070246754214
434.0 0.0025005629140650854
435.0 0.0021121577447047457
436.0 0.0017237523934454657
437.0 0.0013172937542549334
438.0 0.0009108354788622819
439.0 0.0008322217581735458
440.0 0.0007536080374848098
441.0 0.0009395654160471167
442.0 0.0011255227036599535
443.0 0.001639979745959863
444.0 0.0021544366973103024
445.0 0.0020119136024732143
446.0 0.0018693905076361261
447.0 0.0016976278857327998
448.0 0.0015258654457284138
449.0 0.001419075397279812
450.0 0.00131228516693227
451.0 0.001400615474267397
452.0 0.001488945690653054
453.0 0.0015541960237897001
454.0 0.001619446265976876
455.0 0.0013855697943654377
456.0 0.0011516935046529397
457.0 0.000806099887995515
458.0 0.0004605063168128254
459.0 0.0007645082405360881
460.0 0.001068510209734086
461.0 0.0015925212210277095
462.0 0.002116532232321333
463.0 0.0028037053198204376
464.0 0.0034908785892184824
465.0 0.004392235859995708
466.0 0.005293592766975053
467.0 0.005937855166848749
468.0 0.006582117930520326
469.0 0.005731376586481929
470.0 0.0048806356062414125
471.0 0.0037128942494746298
472.0 0.0025451521651120856
473.0 0.002016321559494827
474.0 0.0014874909538775682
475.0 0.0011425810953369364
476.0 0.0007976714186952449
477.0 0.0007430625828419579
478.0 0.0006884536560392007
479.0 0.0007911912689451128
480.0 0.0008939287909015547
481.0 0.0007043171535769943
482.0 0.0005147056981513742
483.0 0.0006475210284406785
484.0 0.0007803363587299827
485.0 0.0007153763817768777
486.0 0.0006504164048237726
487.0 0.000514436260345974
488.0 0.00037845604765607277
489.0 0.0004879222160525387
490.0 0.0005973884071863722
491.0 0.0007293853286682861
492.0 0.0008613823410996702
493.0 0.0009315092938777525
494.0 0.001001636337605305
495.0 0.000985744372883346
496.0 0.0009698522262624465
497.0 0.0010871385711652692
498.0 0.001204424916068092
499.0 0.0011982574505964294
500.0 0.0011920901670237072
501.0 0.0012975437130080536
502.0 0.0014029973499418702
503.0 0.0017688547814032063
504.0 0.002134712121915072
505.0 0.002568518539192155
506.0 0.003002324956469238
507.0 0.0036671030102297664
508.0 0.004331880700192414
509.0 0.004764863115269691
510.0 0.005197844802751206
511.0 0.004730356522486545
512.0 0.004262868242221884
513.0 0.0036780907976208255
514.0 0.0030933137168176472
515.0 0.0028720893169520423
516.0 0.0026508650989853777
517.0 0.0025903420464601368
518.0 0.002529818630137015
519.0 0.045550166396424174
520.0 0.10868979152292013
521.0 0.19134138710796833
522.0 0.13811374083161354
523.0 0.08359925705008209
524.0 0.13054064474999905
525.0 0.1125197159126401
526.0 0.11817094637081027
527.0 0.14181080041453242
528.0 0.16205554129555821
529.0 0.11158846318721771
530.0 0.1637010951526463
531.0 0.1424606773070991
532.0 0.17091274494305253
533.0 0.21901295986026525
534.0 0.3230337519198656
535.0 0.3831404494121671
536.0 0.4638917278498411
537.0 0.6214868277311325
538.0 0.9321536868810654
539.0 1.5201112255454063
540.0 2.42292657494545
541.0 3.6876674741506577
542.0 5.585268139839172
543.0 8.197002857923508
544.0 11.310115456581116
545.0 14.878864586353302
546.0 19.34615820646286
547.0 24.720267951488495
548.0 31.6041499376297
549.0 39.340779185295105
550.0 46.48338258266449
551.0 54.53745722770691
552.0 60.44433116912842
553.0 66.57945513725281
554.0 71.26272916793823
555.0 75.82216262817383
556.0 79.78773713111877
557.0 83.01224112510681
558.0 86.45128607749939
559.0 89.75387215614319
560.0 90.79936146736145
561.0 93.2020366191864
562.0 94.37800645828247
563.0 94.34923529624939
564.0 95.22874355316162
565.0 94.31707859039307
566.0 95.22552490234375
567.0 94.46989893913269
568.0 95.00508904457092
569.0 95.78346610069275
570.0 95.23820877075195
571.0 95.89340686798096
572.0 95.95566391944885
573.0 96.04164361953735
574.0 96.00386023521423
575.0 96.29464745521545
576.0 96.79366946220398
577.0 96.63549661636353
578.0 96.22147679328918
579.0 96.28939628601074
580.0 96.00384831428528
581.0 95.8828866481781
582.0 96.31643891334534
583.0 96.05124592781067
584.0 95.56417465209961
585.0 95.82204818725586
586.0 96.11600041389465
587.0 95.45314908027649
588.0 95.83879709243774
589.0 96.52800559997559
590.0 96.12368941307068
591.0 95.41721940040588
592.0 95.56066989898682
593.0 94.97891068458557
594.0 95.51724195480347
595.0 96.0711121559143
596.0 96.523118019104
597.0 96.34671807289124
598.0 96.1466133594513
599.0 96.2831437587738
600.0 96.00855112075806
601.0 95.60732841491699
602.0 96.13369107246399
603.0 95.65489292144775
604.0 96.03824019432068
605.0 96.20729684829712
606.0 95.51185369491577
607.0 95.8017647266388
608.0 95.70743441581726
609.0 94.9446976184845
610.0 95.22666335105896
611.0 95.41471004486084
612.0 95.4231321811676
613.0 96.48661017417908
614.0 95.83398103713989
615.0 95.60714364051819
616.0 95.67246437072754
617.0 95.79852819442749
618.0 95.6844687461853
619.0 96.08666896820068
620.0 95.30913829803467
621.0 94.91201639175415
622.0 96.08734846115112
623.0 95.8597719669342
624.0 95.8400309085846
625.0 96.27418518066406
626.0 95.77414393424988
627.0 94.48703527450562
628.0 96.51086330413818
629.0 94.94401812553406
630.0 95.67465782165527
631.0 95.3156590461731
632.0 96.26358151435852
633.0 95.7054853439331
634.0 95.50455808639526
635.0 95.652174949646
636.0 95.27241587638855
637.0 95.04306316375732
638.0 94.85062956809998
639.0 95.06250023841858
640.0 95.15583515167236
641.0 95.24378180503845
642.0 95.67310214042664
643.0 95.76998353004456
644.0 95.43575048446655
645.0 95.45432925224304
646.0 95.47204375267029
647.0 96.44659757614136
648.0 95.75366377830505
649.0 95.31431794166565
650.0 95.81191539764404
651.0 96.40616178512573
652.0 96.2805688381195
653.0 95.59116959571838
654.0 95.89732885360718
655.0 95.91583013534546
656.0 95.2840268611908
657.0 95.47953605651855
658.0 95.87201476097107
659.0 95.85005044937134
660.0 95.0505018234253
661.0 94.78815197944641
662.0 95.37222385406494
663.0 95.19459009170532
664.0 95.06508111953735
665.0 94.65098977088928
666.0 94.99766230583191
667.0 95.51184177398682
668.0 94.89278197288513
669.0 95.65004706382751
670.0 95.14669179916382
671.0 95.40150761604309
672.0 95.10520696640015
673.0 95.06435990333557
674.0 94.25278306007385
675.0 95.22855281829834
676.0 94.45130825042725
677.0 93.558269739151
678.0 92.67526268959045
679.0 91.93057417869568
680.0 90.8504068851471
681.0 89.3503725528717
682.0 86.86675429344177
683.0 84.17850732803345
684.0 80.17900586128235
685.0 76.46461725234985
686.0 72.37737774848938
687.0 67.2228217124939
688.0 62.60530352592468
689.0 58.383673429489136
690.0 52.96212434768677
691.0 48.73700439929962
692.0 44.11195516586304
693.0 39.61724638938904
694.0 34.692734479904175
695.0 29.681459069252014
696.0 24.71509873867035
697.0 19.7687566280365
698.0 14.33766633272171
699.0 10.28149425983429
700.0 7.077033072710037
701.0 4.431283473968506
702.0 2.788396365940571
703.0 1.6250673681497574
704.0 0.9354384616017342
705.0 0.5326922051608562
706.0 0.4057851154357195
707.0 0.23218439891934395
708.0 0.1748519134707749
709.0 0.12256854679435492
710.0 0.12162188068032265
711.0 0.07246684981510043
712.0 0.1239510253071785
713.0 0.04398376913741231
714.0 0.11295519070699811
715.0 0.03492541145533323
716.0 0.04724673635791987
717.0 0.035242034937255085
718.0 0.05723607609979808
719.0 0.08598473505116999
720.0 1.571931603980281e-10
721.0 0.004504760727286339
722.0 0.004203219577902928
723.0 0.003901678428519517
724.0 0.0036149514926364645
725.0 0.003328224556753412
726.0 0.0030941879231249914
727.0 0.002860151471395511
728.0 0.0027075546313426457
729.0 0.00255495760939084
730.0 0.0023977207092684694
731.0 0.002240483809146099
732.0 0.0021684722014470026
733.0 0.0020964605937479064
734.0 0.0020333316570031457
735.0 0.001970202720258385
736.0 0.0018059765352518298
737.0 0.0016417503502452746
738.0 0.0016230824257945642
739.0 0.0016044146832427941
740.0 0.0015404302757815458
741.0 0.0014764460502192378
742.0 0.0013633942216983996
743.0 0.0012503423022280913
744.0 0.0013457043678499758
745.0 0.0014410663425223902
746.0 0.0013180692803871352
747.0 0.0011950723092013504
748.0 0.0011494573300296906
749.0 0.0011038421689590905
750.0 0.0011210201591893565
751.0 0.0011381985132175032
752.0 0.0011729859579645563
753.0 0.00120777367556002
754.0 0.0011606726729951333
755.0 0.0011135719432786573
756.0 0.0010112932613992598
757.0 0.000909014397620922
758.0 0.0009263168976758607
759.0 0.0009436193977307994
760.0 0.000964347600529436
761.0 0.0009850760761764832
762.0 0.001035230525303632
763.0 0.0010853852472791914
764.0 0.0010479390766704455
765.0 0.0010104929060616996
766.0 0.0007956437912071124
767.0 0.00058079463087779
768.0 0.0005490334842761513
769.0 0.0005172721557755722
770.0 0.0005926819540036377
771.0 0.0006680918431811733
772.0 0.0006637249953200808
773.0 0.000659358011034783
774.0 0.0008036846338654868
775.0 0.0009480111657467205
776.0 0.0009534191121929325
777.0 0.0009588273314875551
778.0 0.0008718599019630346
779.0 0.0007848926543374546
780.0 0.0007455759259755723
781.0 0.0007062594704621006
782.0 0.000761974524721154
783.0 0.0008176896699296776
784.0 0.0007953144631756004
785.0 0.0007729392564215232
786.0 0.0007456686489604181
787.0 0.0007183979505498428
788.0 0.0006527705863845767
789.0 0.0005871433131687809
790.0 0.0006884639333293308
791.0 0.0007897846444393508
792.0 0.0007870864465076011
793.0 0.0007843882485758513
794.0 0.0007640607691428158
795.0 0.00074373310781084
796.0 0.0006424064849852584
797.0 0.0005410798166849418
798.0 0.0006691866019536974
799.0 0.0007972935236466583
800.0 0.0007960322363942396
801.0 0.0007947707672428805
802.0 0.0007338911927945446
803.0 0.0006730115273967385
804.0 0.0006880010914755985
805.0 0.0007029907919786638
806.0 0.0006987762844801182
807.0 0.0006945616860321024
808.0 0.000692738831276074
809.0 0.0006909158400958404
810.0 0.0006501459210994653
811.0 0.0006093760930525605
812.0 0.0005970121947029838
813.0 0.0005846482963534072
814.0 0.00048469219109392725
815.0 0.0003847360858344473
816.0 0.0005390782007452799
817.0 0.0006934204520803178
818.0 0.0005897182745684404
819.0 0.00048601596063235775
820.0 0.0004426490249898052
821.0 0.00039928204387251753
822.0 0.0004901942702417728
823.0 0.000581106496611028
824.0 0.000517173066327814
825.0 0.00045323954509512987
826.0 0.0004734489721158752
827.0 0.0004936583536618855
828.0 0.00041612111090216786
829.0 0.00033858382266771514
830.0 0.000200939257410937
831.0 6.329469783850072e-05
832.0 1.571931603980281e-10
833.0 1.571931603980281e-10
834.0 1.571931603980281e-10
835.0 1.7439614907743817e-05
836.0 0.00020012896584375994
837.0 0.000382818370781024
838.0 0.0006901012511661975
839.0 0.0009973840860766359
840.0 0.001301027623412665
841.0 0.001604671160748694
842.0 0.001948465251189191
843.0 0.002292259523528628
844.0 0.002169290200981777
845.0 0.0020463210603338666
846.0 0.001764692206052132
847.0 0.001483063260820927
848.0 0.001343598614766961
849.0 0.0012041336049151141
850.0 0.0011858733159897383
851.0 0.001167613299912773
852.0 0.0010764684702735394
853.0 0.0009853236406343058
854.0 0.0008704809260962065
855.0 0.0007556379841844318
856.0 0.0006187503458932042
857.0 0.0004818626621272415
858.0 0.0005183186203794321
859.0 0.0005547744876821525
860.0 0.0004080438884557225
861.0 0.00026131319827982225
862.0 0.0002918043946920079
863.0 0.0003222955456294585
864.0 0.00022186648038768908
865.0 0.00012143744925197097
866.0 0.00010197687743129791
867.0 8.251627150457352e-05
868.0 0.00011974685776294791
869.0 0.00015697740991527098
870.0 6.985130198700062e-05
871.0 1.571931603980281e-10
872.0 1.571931603980281e-10
873.0 1.571931603980281e-10
874.0 1.571931603980281e-10
875.0 1.571931603980281e-10
876.0 1.571931603980281e-10
877.0 7.75850566014924e-06
878.0 9.256306725546892e-05
879.0 0.00017736762174536125
880.0 0.00016078115550044458
881.0 0.00014419466651816037
882.0 0.00015348355191235896
883.0 0.00016277244867524132
884.0 5.4614366717942175e-05
885.0 1.571931603980281e-10
886.0 3.893697737566981e-05
887.0 0.00013141769841240603
888.0 0.00014151916047921986
889.0 0.0001516206225460337
890.0 0.00011501019798743073
891.0 7.839976206014398e-05
892.0 1.571931603980281e-10
893.0 1.571931603980281e-10
894.0 1.571931603980281e-10
895.0 3.384659805760748e-05
896.0 1.963463347465222e-06
897.0 1.571931603980281e-10
898.0 3.985846319665143e-05
899.0 0.00010963655086015933
900.0 6.0083010566813755e-05
901.0 1.0529458904784406e-05
