lsstCam/transmission_filter_detector/r22_s21/r_57/19700101T000000.ecsv
# %ECSV 1.0
# ---
# datatype:
# - {name: wavelength, unit: nm, datatype: float32}
# - {name: efficiency, unit: '%', datatype: float64}
# meta: !!omap
# - {MODE: DETECTOR}
# - {TYPE: transmission_filter_detector}
# - {CALIBDATE: '1970-01-01T00:00:00'}
# - {INSTRUME: LSSTCam}
# - {OBSTYPE: transmission_filter_detector}
# - {CALIBCLS: lsst.ip.isr.IntermediateFilterDetectorTransmissionCurve}
# - {SOURCE: Materion (DM-46256)}
# - {DETECTOR: 97}
# - {FILTER: r_57}
# - {CALIB_ID: 'calibDate=1970-01-01T00:00:00 filter=r_57 detector=97'}
# - {DATE: '2025-04-02T15:59:44.631407'}
# - {CALIB_CREATION_DATE: '2025-04-02'}
# - {CALIB_CREATION_TIME: '15:59:44'}
# - __serialized_columns__:
#     efficiency:
#       __class__: astropy.units.quantity.Quantity
#       unit: !astropy.units.Unit {unit: '%'}
#       value: !astropy.table.SerializedColumn {name: efficiency}
#     wavelength:
#       __class__: astropy.units.quantity.Quantity
#       unit: !astropy.units.Unit {unit: nm}
#       value: !astropy.table.SerializedColumn {name: wavelength}
# schema: astropy-2.0
wavelength efficiency
[from data line 603]
903.0 1.571931603980281e-10
904.0 1.571931603980281e-10
905.0 1.5237174011417665e-05
906.0 5.2864089639115264e-05
907.0 9.049102800418041e-05
908.0 3.752757322672551e-05
909.0 1.571931603980281e-10
910.0 1.571931603980281e-10
911.0 1.571931603980281e-10
912.0 1.571931603980281e-10
913.0 1.571931603980281e-10
914.0 1.985931241677008e-06
915.0 3.286452567863307e-05
916.0 1.7034442123531335e-05
917.0 1.2043520847271338e-06
918.0 7.01109627243568e-05
919.0 0.0001390175611959421
920.0 7.015703999968537e-05
921.0 1.2964994411390762e-06
922.0 0.00010266309118378558
923.0 0.0002040296749328263
924.0 0.00016988643665172276
925.0 0.00013574318700193544
926.0 0.0001539813979434257
927.0 0.0001722195861475484
928.0 0.00015849153669478255
929.0 0.0001447634531359654
930.0 0.00016127667095133802
931.0 0.0001777898660293431
932.0 8.66759705786535e-05
933.0 1.571931603980281e-10
934.0 4.256106933553383e-05
935.0 8.956006354310375e-05
936.0 0.0001356398456664465
937.0 0.00018171961073676357
938.0 0.00019500650978443446
939.0 0.0002082933860947378
940.0 0.0002231518919870723
941.0 0.00023801035240467172
942.0 0.00037068382425786695
943.0 0.0005033573415857973
944.0 0.0004195178007648792
945.0 0.0003356782826813287
946.0 0.00035349978588783415
947.0 0.00037132131183170713
948.0 0.00037813556446053553
949.0 0.0003849499080388341
950.0 0.0004582132078212453
951.0 0.0005314765530783916
952.0 0.0006751503406121628
953.0 0.0008188243555196095
954.0 0.0010319297871319577
955.0 0.0012450354006432462
956.0 0.0013396919712249655
957.0 0.0014343485418066848
958.0 0.001632650673855096
959.0 0.0018309532606508583
960.0 0.0019918859834433533
961.0 0.002152819070033729
962.0 0.002320563726243563
963.0 0.0024883082005544566
964.0 0.0025444031052757055
965.0 0.0026004976461990736
966.0 0.0026516872821957804
967.0 0.002702876736293547
968.0 0.002670131652848795
969.0 0.0026373867513029836
970.0 0.002619146107463166
971.0 0.0026009058274212293
972.0 0.0026793897632160224
973.0 0.002757873517111875
974.0 0.0029483808248187415
975.0 0.0031388877687277272
976.0 0.0031064151698956266
977.0 0.0030739418434677646
978.0 0.0030376791983144358
979.0 0.003001416553161107
980.0 0.0029424101740005426
981.0 0.0028834037948399782
982.0 0.0029357264793361537
983.0 0.002988049163832329
984.0 0.002875931568269152
985.0 0.0027638141546049155
986.0 0.002673399285413325
987.0 0.0025829845981206745
988.0 0.0024935530746006407
989.0 0.0024041219148784876
990.0 0.0024254371965071186
991.0 0.0024467524781357497
992.0 0.0025293058570241556
993.0 0.002611859599710442
994.0 0.002633858093759045
995.0 0.0026558564059087075
996.0 0.002706186205614358
997.0 0.002756516187218949
998.0 0.0029119712053216062
999.0 0.0030674262234242633
1000.0 0.003211615330656059
1001.0 0.0033558048016857356
1002.0 0.00358676552423276
1003.0 0.0038177262467797846
1004.0 0.003880034273606725
1005.0 0.003942341936635785
1006.0 0.004125555278733373
1007.0 0.004308768620830961
1008.0 0.004279493441572413
1009.0 0.004250217898515984
1010.0 0.004233756044413894
1011.0 0.004217294554109685
1012.0 0.0040854465623851866
1013.0 0.003953598570660688
1014.0 0.0037009998777648434
1015.0 0.003448401184868999
1016.0 0.00326224289892707
1017.0 0.0030760846129851416
1018.0 0.0027539725124370307
1019.0 0.0024318604118889198
1020.0 0.0021107085558469407
1021.0 0.0017895565179060213
1022.0 0.001546756539028138
1023.0 0.001303956287301844
1024.0 0.0013535373909689952
1025.0 0.0014031185855856165
1026.0 0.001272423287446145
1027.0 0.0011417278983572032
1028.0 0.0010411327821202576
1029.0 0.0009405375749338418
1030.0 0.0009328280611953232
1031.0 0.0009251182746083941
1032.0 0.0009268953363061883
1033.0 0.0009286723070545122
1034.0 0.0008256547516793944
1035.0 0.0007226370144053362
1036.0 0.0007682301657041535
1037.0 0.0008138231351040304
1038.0 0.0006834550731582567
1039.0 0.000553087011212483
1040.0 0.0005990861154714366
1041.0 0.0006450852197303902
1042.0 0.0007495874797314173
1043.0 0.0008540894668840338
1044.0 0.0008666993380757049
1045.0 0.000879309209267376
1046.0 0.0008608177267888095
1047.0 0.0008423265171586536
1048.0 0.0007174843631219119
1049.0 0.0005926423909841105
1050.0 0.0006412447419279488
1051.0 0.000689847092871787
1052.0 0.0008689143214724027
1053.0 0.0010479810953256674
1054.0 0.0009715297892398667
1055.0 0.0008950784831540659
1056.0 0.0009835617674980313
1057.0 0.001072045233740937
1058.0 0.0008484757017868105
1059.0 0.0006249061698326841
1060.0 0.000987687599263154
1061.0 0.001350468573946273
1062.0 0.0014102282875683159
1063.0 0.0014699880011903588
1064.0 0.001171969597635325
1065.0 0.000873951012181351
1066.0 0.0013213647434895393
1067.0 0.0017687785657471977
1068.0 0.0018649760022526607
1069.0 0.0019611732568591833
1070.0 0.0018489543435862288
1071.0 0.001736735248414334
1072.0 0.0017486652723164298
1073.0 0.0017605951143195853
1074.0 0.0023032480385154486
1075.0 0.0028459011446102522
1076.0 0.003096193540841341
1077.0 0.00334648611897137
1078.0 0.0035971097531728446
1079.0 0.0038477337511722
1080.0 0.004078785423189402
1081.0 0.004309836731408723
1082.0 0.004049412746098824
1083.0 0.003788988760788925
1084.0 0.004354928387328982
1085.0 0.004920867650071159
1086.0 0.004609406823874451
1087.0 0.004297945633879863
1088.0 0.004275645551388152
1089.0 0.004253345468896441
1090.0 0.0038048645365051925
1091.0 0.003356383240316063
1092.0 0.003560156255844049
1093.0 0.003763929271372035
1094.0 0.003953195482608862
1095.0 0.00414246205764357
1096.0 0.0035471843148116022
1097.0 0.002951906390080694
1098.0 0.002618749022076372
1099.0 0.0022855918359709904
1100.0 0.0021320154701243155
1101.0 0.0019784385585808195
