lsstCam/transmission_filter_detector/r10_s00/y_10/19700101T000000.ecsv
# %ECSV 1.0
# ---
# datatype:
# - {name: wavelength, unit: nm, datatype: float32}
# - {name: efficiency, unit: '%', datatype: float64}
# meta: !!omap
# - {MODE: DETECTOR}
# - {TYPE: transmission_filter_detector}
# - {CALIBDATE: '1970-01-01T00:00:00'}
# - {INSTRUME: LSSTCam}
# - {OBSTYPE: transmission_filter_detector}
# - {CALIBCLS: lsst.ip.isr.IntermediateFilterDetectorTransmissionCurve}
# - {SOURCE: Materion (DM-46256)}
# - {DETECTOR: 27}
# - {FILTER: y_10}
# - {CALIB_ID: 'calibDate=1970-01-01T00:00:00 filter=y_10 detector=27'}
# - {DATE: '2025-04-02T15:59:50.867356'}
# - {CALIB_CREATION_DATE: '2025-04-02'}
# - {CALIB_CREATION_TIME: '15:59:50'}
# - __serialized_columns__:
#     efficiency:
#       __class__: astropy.units.quantity.Quantity
#       unit: !astropy.units.Unit {unit: '%'}
#       value: !astropy.table.SerializedColumn {name: efficiency}
#     wavelength:
#       __class__: astropy.units.quantity.Quantity
#       unit: !astropy.units.Unit {unit: nm}
#       value: !astropy.table.SerializedColumn {name: wavelength}
# schema: astropy-2.0
wavelength efficiency
300.0 0.5352667067199945
301.0 0.28647612780332565
302.0 0.037685519782826304
303.0 0.033188879024237394
304.0 0.02869224117603153
305.0 0.01962918322533369
306.0 0.010566121636657044
307.0 0.017187245248351246
308.0 0.02380836522206664
309.0 0.017251388635486364
310.0 0.010694411321310326
311.0 0.008949416951509193
312.0 0.0072044203989207745
313.0 0.007232865027617663
314.0 0.007261309656314552
315.0 0.006395754462573677
316.0 0.005530201087822206
317.0 0.005603507815976627
318.0 0.00567681054235436
319.0 0.003336388908792287
320.0 0.0009959660019376315
321.0 0.0026394238375360146
322.0 0.004282881855033338
323.0 0.0032860200008144602
324.0 0.0022891586922924034
325.0 0.0008360107131011318
326.0 2.683987363957807e-10
327.0 0.0006528098310809582
328.0 0.0019227571101509966
329.0 0.0033795946364989504
330.0 0.004836431980947964
331.0 0.0038622292777290568
332.0 0.002888026210712269
333.0 0.001994207559619099
334.0 0.0011003881809301674
335.0 0.0017275455320486799
336.0 0.002354703246965073
337.0 0.00290920306724729
338.0 0.0034637025237316266
339.0 0.0016550366126466542
340.0 2.683987363957807e-10
341.0 2.683987363957807e-10
342.0 2.683987363957807e-10
343.0 9.576809816280729e-05
344.0 0.0007714958883298095
345.0 0.0012306149073992856
346.0 0.0016897345631150529
347.0 0.0017238446162082255
348.0 0.0017579543055035174
349.0 0.0013715264685743023
350.0 0.0009850983587966766
351.0 0.001538672404421959
352.0 0.0020922458134009503
353.0 0.0015991139662219211
354.0 0.0011059818461944815
355.0 0.0011395163710403722
356.0 0.0011730508958862629
357.0 0.000911763527255971
358.0 0.0006504759312520036
359.0 0.0007936802830954548
360.0 0.000936884680413641
361.0 0.0011525094123499002
362.0 0.001368133962387219
363.0 0.0010553098945820238
364.0 0.000742485508453683
365.0 0.0011135739441670012
366.0 0.0014846629710518755
367.0 0.002047482666966971
368.0 0.0026103023628820665
369.0 0.0022393300241674297
370.0 0.0018683576854527928
371.0 0.0018325699784327298
372.0 0.0017967819076147862
373.0 0.002121968827850651
374.0 0.0024471555661875755
375.0 0.003244393883505836
376.0 0.004041632200824097
377.0 0.003915045454050414
378.0 0.0037884590710746124
379.0 0.003356979141244665
380.0 0.0029254988476168364
381.0 0.0020063471311004832
382.0 0.0010871951417357195
383.0 0.001094406979973428
384.0 0.0011016185453627259
385.0 0.0009350176696898416
386.0 0.0007684167030674871
387.0 0.0008133630217344034
388.0 0.0008583095223002601
389.0 0.0006650457180512603
390.0 0.0004717820047517307
391.0 0.0004808109224541113
392.0 0.000489839931105962
393.0 0.0006161918463476468
394.0 0.0007425438980135368
395.0 0.0007198673756647622
396.0 0.000697191035214928
397.0 0.000878500213730149
398.0 0.0010598095286695752
399.0 0.0013515418686438352
400.0 0.001643274117668625
401.0 0.0017630789443501271
402.0 0.0018828837710316293
403.0 0.0017791040590964258
404.0 0.001675324165262282
405.0 0.0016746842447901145
406.0 0.001674044870014768
407.0 0.0013909623703511897
408.0 0.0011078799616370816
409.0 0.0008851977327140048
410.0 0.0006625154128414579
411.0 0.000528175678482512
412.0 0.0003938361260225065
413.0 0.0009909528671414591
414.0 0.0015880694263614714
415.0 0.0018791055481415242
416.0 0.0021701418518205173
417.0 0.0007515704055549577
418.0 2.683987363957807e-10
419.0 2.683987363957807e-10
420.0 2.683987363957807e-10
421.0 0.0002064111185973161
422.0 0.0009243708518624771
423.0 0.0005054382199887186
424.0 8.65053891629941e-05
425.0 2.683987363957807e-10
426.0 2.683987363957807e-10
427.0 3.6590282093129645e-05
428.0 0.0003409436658330378
429.0 2.683987363957807e-10
430.0 2.683987363957807e-10
431.0 0.0002875356813092367
432.0 0.001171798794530332
433.0 0.0008338346560776699
434.0 0.000495871154271299
435.0 0.00019851177057716995
436.0 2.683987363957807e-10
437.0 2.2998408155672223e-05
438.0 0.00014484432995232055
439.0 2.683987363957807e-10
440.0 2.683987363957807e-10
441.0 2.683987363957807e-10
442.0 2.683987363957807e-10
443.0 2.683987363957807e-10
444.0 2.683987363957807e-10
445.0 0.0001436121806364099
446.0 0.0006270629910432035
447.0 0.000655506482871715
448.0 0.0006839498382760212
449.0 0.0006714325081702555
450.0 0.0006589149506908143
451.0 0.00030161918402882293
452.0 2.683987363957807e-10
453.0 3.8262087942442236e-08
454.0 5.575290060733096e-05
455.0 8.787190353132246e-06
456.0 2.683987363957807e-10
457.0 0.00013497767668013694
458.0 0.00030813396278972505
459.0 0.00027619335014605895
460.0 0.0002442528057144955
461.0 0.00023631048406969057
462.0 0.00022836820789962076
463.0 0.0003561661742423894
464.0 0.0004839641860598931
465.0 0.0005089656951895449
466.0 0.0005339673862181371
467.0 0.001014762165141292
468.0 0.0014955567166907713
469.0 0.0015255575817718636
470.0 0.001555557901156135
471.0 0.0015693931345595047
472.0 0.0015832278222660534
473.0 0.0019835088096442632
474.0 0.0023837899789214134
475.0 0.002531454083509743
476.0 0.0026791180061991327
477.0 0.0030521037842845544
478.0 0.003425089380471036
479.0 0.003954849307774566
480.0 0.004484608871280216
481.0 0.004479087147046812
482.0 0.004473565059015527
483.0 0.003987704621977173
484.0 0.0035018438211409375
485.0 0.0034361779398750514
486.0 0.0033705116948112845
487.0 0.002838841828634031
488.0 0.002307171598658897
489.0 0.002168144055758603
490.0 0.002029116694757249
491.0 0.0017509360986878164
492.0 0.0014727553207194433
493.0 0.0011486691619211342
494.0 0.0008245832759712357
495.0 0.0011752055797842331
496.0 0.001525828156445641
497.0 0.0019196251741959713
498.0 0.0023134225557441823
499.0 0.0024561200916650705
500.0 0.0025988179913838394
501.0 0.0024657967514940538
502.0 0.0023327756935032085
503.0 0.0022980679204920307
504.0 0.0022633599655819125
505.0 0.0029646753318957053
506.0 0.0036659908801084384
507.0 0.002644332744239364
508.0 0.001622673516976647
509.0 0.002148625753761735
510.0 0.0026745774448500015
511.0 0.002480990042386111
512.0 0.0022874026399222203
513.0 0.001894946581160184
514.0 0.0015024909771454986
515.0 0.0012391104974085465
516.0 0.0009757301086210646
517.0 0.0011885788808285724
518.0 0.0014014272892381996
519.0 0.0014908226148691028
520.0 0.0015802175767021254
521.0 0.0017493339328211732
522.0 0.0019184499251423404
523.0 0.0015944515325827524
524.0 0.0012704530490736943
525.0 0.0016684662114130333
526.0 0.0020664800103986636
527.0 0.0023172331566456705
528.0 0.0025679868485894985
529.0 0.002997758383571636
530.0 0.003427529736654833
531.0 0.0029581569833680987
532.0 0.002488783866283484
533.0 0.0025877878215396777
534.0 0.0026867912310990505
535.0 0.002408352338534314
536.0 0.002129913082171697
537.0 0.002436543036310468
538.0 0.0027431729904492386
539.0 0.0033158208680106327
540.0 0.0038884681998752058
541.0 0.0041599552787374705
542.0 0.004431442721397616
543.0 0.0044846416130894795
544.0 0.004537840504781343
545.0 0.004579184314934537
546.0 0.004620528125087731
547.0 0.0037900550523772836
548.0 0.002959581797767896
549.0 0.0027453623260953464
550.0 0.002531142490624916
551.0 0.002681231671886053
552.0 0.0028313204893493094
553.0 0.0030188108212314546
554.0 0.003206300607416779
555.0 0.0036776626075152308
556.0 0.004149025335209444
557.0 0.0038430996937677264
558.0 0.0035371740523260087
559.0 0.0034354037779849023
560.0 0.003333633503643796
561.0 0.0032549745810683817
562.0 0.0031763156584929675
563.0 0.0031996063626138493
564.0 0.0032228967029368505
565.0 0.003944059426430613
566.0 0.004665221786126494
567.0 0.005126186442794278
568.0 0.005587150735664181
569.0 0.0065052256104536355
570.0 0.007423300121445209
571.0 0.007280178397195414
572.0 0.0071370581281371415
573.0 0.007096849731169641
574.0 0.007056642789393663
575.0 0.006654979370068759
576.0 0.006253315950743854
577.0 0.005497379970620386
578.0 0.004741444354294799
579.0 0.005439158121589571
580.0 0.006136872252682224
581.0 0.007056621689116582
582.0 0.007976368942763656
583.0 0.009272190800402313
584.0 0.010568009020062163
585.0 0.011299471952952445
586.0 0.012030934158246964
587.0 0.011229488154640421
588.0 0.010428040695842355
589.0 0.010076227772515267
590.0 0.009724416304379702
591.0 0.008935429650591686
592.0 0.00814644226920791
593.0 0.00670226218062453
594.0 0.005258085002424195
595.0 0.005457843872136436
596.0 0.005657603469444439
597.0 0.0062501268985215575
598.0 0.006842649600002915
599.0 0.007980593363754451
600.0 0.009118535672314465
601.0 0.009596472955308855
602.0 0.010074407327920198
603.0 0.010666522575775161
604.0 0.01125864073401317
605.0 0.011023403203580528
606.0 0.010788165673147887
607.0 0.009326177678303793
608.0 0.007864192593842745
609.0 0.006026846313034184
610.0 0.004189501851215027
611.0 0.0036759716749656945
612.0 0.0031624418625142425
613.0 0.00377405813196674
614.0 0.0043856740376213565
615.0 0.005024305937695317
616.0 0.0056629389291629195
617.0 0.006881390436319634
618.0 0.008099841215880588
619.0 0.009022135782288387
620.0 0.009944430348696187
621.0 0.010480472701601684
622.0 0.011016515782102942
623.0 0.011096962407464162
624.0 0.01117740830522962
625.0 0.009719653462525457
626.0 0.008261896437034011
627.0 0.006502911855932325
628.0 0.004743925455841236
629.0 0.003953264968004078
630.0 0.0031626044801669195
631.0 0.002821644739015028
632.0 0.002480684815964196
633.0 0.002785374817904085
634.0 0.0030900650017429143
635.0 0.0034572880394989625
636.0 0.003824510349659249
637.0 0.004582944166031666
638.0 0.005341377254808322
639.0 0.005326313475961797
640.0 0.005311248969519511
641.0 0.005572096779360436
642.0 0.00583294422540348
643.0 0.005274777504382655
644.0 0.00471661078336183
645.0 0.004250980418873951
646.0 0.003785349690588191
647.0 0.003138344982289709
648.0 0.002491340637789108
649.0 0.0019810282537946478
650.0 0.0014707158698001876
651.0 0.001552904723212123
652.0 0.0016350941223208793
653.0 0.0017083215425373055
654.0 0.0017815487808547914
655.0 0.0018295033441972919
656.0 0.0018774580894387327
657.0 0.0017242376998183317
658.0 0.0015710173101979308
659.0 0.0018528566215536557
660.0 0.0021346959329093806
661.0 0.0019353099560248666
662.0 0.0017359239791403525
663.0 0.002466017031110823
664.0 0.003196110628778115
665.0 0.0036791167076444253
666.0 0.004162122422712855
667.0 0.004841077316086739
668.0 0.005520030754269101
669.0 0.005736608000006527
670.0 0.005953181971563026
671.0 0.006496095011243597
672.0 0.0070390087785199285
673.0 0.007832745905034244
674.0 0.008626483759144321
675.0 0.007861634367145598
676.0 0.007096786430338398
677.0 0.0057650588132673874
678.0 0.004433330832398497
679.0 0.0029248381906654686
680.0 0.0014163465493766125
681.0 0.0006287465112109203
682.0 2.683987363957807e-10
683.0 0.00026164618702750886
684.0 0.0006821460374339949
685.0 0.0004143706064496655
686.0 0.00014659510725323344
687.0 0.00015451740864591557
688.0 0.00016243976688201656
689.0 0.00018508085304347333
690.0 0.00020772195057361387
691.0 0.00034922852591989795
692.0 0.0004907351467409171
693.0 0.00033675014492473565
694.0 0.00018276510900250287
695.0 0.00034579452403704636
696.0 0.0005088239959150087
697.0 0.0004799885118700331
698.0 0.0004511530278250575
699.0 0.00039919109440234024
700.0 0.00034722891086858
701.0 0.0003051849716939614
702.0 0.0002631411689435481
703.0 0.0004069652277394198
704.0 0.0005507892637979239
705.0 0.00037945292206131853
706.0 0.00020811633021367015
707.0 2.683987363957807e-10
708.0 2.683987363957807e-10
709.0 2.683987363957807e-10
710.0 0.00014513645965053001
711.0 0.0004427647581906058
712.0 0.000740393033993314
713.0 0.000501038493894157
714.0 0.00026168399926973507
715.0 0.0003734367510332959
716.0 0.0004851895027968567
717.0 0.0003471221134532243
718.0 0.00020905479232169455
719.0 0.00030207754662114894
720.0 0.0003951002327085007
721.0 0.00026171533136221115
722.0 0.000128330509596708
723.0 0.00019991255157947307
724.0 0.00027149455945618683
725.0 0.0004765840003528865
726.0 0.000681673600411159
727.0 0.0003618840310082305
728.0 4.2094720242857875e-05
729.0 0.0004183560122328345
730.0 0.000794617608335102
731.0 0.0009293302355217747
732.0 0.0010640430446073879
733.0 0.0004758012892125407
734.0 2.683987363957807e-10
735.0 2.683987363957807e-10
736.0 2.683987363957807e-10
737.0 0.00016620010683254804
738.0 0.0007793494660290889
739.0 0.0005333938588591991
740.0 0.00028743788789142855
741.0 0.0002595082150946837
742.0 0.0002315784740858362
743.0 1.123784088008506e-05
744.0 2.683987363957807e-10
745.0 0.00025112674393312773
746.0 0.0007113563697203062
747.0 0.0004463667664822424
748.0 0.00018137727693101624
749.0 2.683987363957807e-10
750.0 2.683987363957807e-10
751.0 2.683987363957807e-10
752.0 5.253918966552362e-08
753.0 6.883502123855578e-06
754.0 1.3714416979837551e-05
755.0 2.683987363957807e-10
756.0 2.683987363957807e-10
757.0 2.683987363957807e-10
758.0 2.683987363957807e-10
759.0 9.156803457699425e-05
760.0 0.0006930335985089187
761.0 0.0002731370841502212
762.0 2.683987363957807e-10
763.0 2.683987363957807e-10
764.0 2.683987363957807e-10
765.0 3.843138927095424e-05
766.0 0.00022924089080333943
767.0 2.683987363957807e-10
768.0 2.683987363957807e-10
769.0 2.683987363957807e-10
770.0 2.683987363957807e-10
771.0 2.683987363957807e-10
772.0 2.683987363957807e-10
773.0 0.00023292159312404692
774.0 0.0007118265330063878
775.0 0.000368216615243
776.0 2.4606481474620523e-05
777.0 0.00017631880382396048
778.0 0.0003280311375419842
779.0 0.00047455673666263465
780.0 0.0006210823357832851
781.0 0.000606293315286166
782.0 0.0005915042493143119
783.0 0.00046332665988302324
784.0 0.00033514900223963195
785.0 0.00010554256277828244
786.0 2.683987363957807e-10
787.0 0.0004969989731762325
788.0 0.0011180619367223699
789.0 0.0009584142389940098
790.0 0.0007987666322151199
791.0 0.0006513180323963752
792.0 0.0005038691142544849
793.0 0.0007161027497204486
794.0 0.0009283358849643264
795.0 0.0008877347681846004
796.0 0.0008471335604554042
797.0 0.00048776901167002507
798.0 0.00012840448562201345
799.0 0.0005296835297485813
800.0 0.000930962687561987
801.0 0.0004837042069993913
802.0 3.64458344392915e-05
803.0 0.00027060914362664334
804.0 0.0005047724698670208
805.0 0.0007522931809944566
806.0 0.0009998138011724222
807.0 0.000598567157794605
808.0 0.00019732046894205268
809.0 2.683987363957807e-10
810.0 2.683987363957807e-10
811.0 0.00013084422789688688
812.0 0.000679147660775925
813.0 0.0007204631856438937
814.0 0.0007617787105118623
815.0 0.0007796744284860324
816.0 0.0007975695552886464
817.0 0.0008429691661149263
818.0 0.0008883687769412063
819.0 0.0009138707355305087
820.0 0.0009393727850692812
821.0 0.0006951726845727535
822.0 0.0004509724931267556
823.0 0.0005862341822648887
824.0 0.0007214961442514323
825.0 0.0006892341389175272
826.0 0.0006569722700078273
827.0 0.0007408185865642736
828.0 0.0008246650395449251
829.0 0.00042100969039893243
830.0 1.735435404270902e-05
831.0 0.00014909210221958347
832.0 0.0002808300450851675
833.0 0.0004131650712224655
834.0 0.0005455001428344985
835.0 1.3661420439348149e-05
836.0 2.683987363957807e-10
837.0 2.683987363957807e-10
838.0 2.683987363957807e-10
839.0 0.0004789895683643408
840.0 0.0010628265954437666
841.0 0.0011872594768647105
842.0 0.0013116924492351245
843.0 0.0010549207217991352
844.0 0.0007981488124642055
845.0 0.0006750061857019318
846.0 0.0005518634225154528
847.0 0.0007565818123111967
848.0 0.0009613001566322055
849.0 0.0007569840818177909
850.0 0.0005526675522560254
851.0 0.0009039552423928399
852.0 0.0012552428415801842
853.0 0.00043405057112977374
854.0 2.683987363957807e-10
855.0 2.683987363957807e-10
856.0 2.683987363957807e-10
857.0 0.0004546713171293959
858.0 0.0015179946785792708
859.0 0.0013371403838391416
860.0 0.0011562857253011316
861.0 0.0015772660844959319
862.0 0.001998246807488613
863.0 0.0020322122509242035
864.0 0.0020661776943597943
865.0 0.0021554069462581538
866.0 0.002244636561954394
867.0 0.0028508064133347943
868.0 0.003456975900917314
869.0 0.0030889488698448986
870.0 0.0027209214749746025
871.0 0.003258521974203177
872.0 0.003796122837229632
873.0 0.0028054397262167186
874.0 0.0018147571609006263
875.0 0.0025815779736149125
