lsstCam/transmission_filter_detector/r10_s00/y_10/19700101T000000.ecsv
# %ECSV 1.0
# ---
# datatype:
# - {name: wavelength, unit: nm, datatype: float32}
# - {name: efficiency, unit: '%', datatype: float64}
# meta: !!omap
# - {MODE: DETECTOR}
# - {TYPE: transmission_filter_detector}
# - {CALIBDATE: '1970-01-01T00:00:00'}
# - {INSTRUME: LSSTCam}
# - {OBSTYPE: transmission_filter_detector}
# - {CALIBCLS: lsst.ip.isr.IntermediateFilterDetectorTransmissionCurve}
# - {SOURCE: Materion (DM-46256)}
# - {DETECTOR: 27}
# - {FILTER: y_10}
# - {CALIB_ID: 'calibDate=1970-01-01T00:00:00 filter=y_10 detector=27'}
# - {DATE: '2025-04-02T15:59:50.867356'}
# - {CALIB_CREATION_DATE: '2025-04-02'}
# - {CALIB_CREATION_TIME: '15:59:50'}
# - __serialized_columns__:
#     efficiency:
#       __class__: astropy.units.quantity.Quantity
#       unit: !astropy.units.Unit {unit: '%'}
#       value: !astropy.table.SerializedColumn {name: efficiency}
#     wavelength:
#       __class__: astropy.units.quantity.Quantity
#       unit: !astropy.units.Unit {unit: nm}
#       value: !astropy.table.SerializedColumn {name: wavelength}
# schema: astropy-2.0
wavelength efficiency
[from data line 577]
877.0 0.0021326921341824345
878.0 0.0009169859367830213
879.0 0.001656879612710327
880.0 0.059001363115385175
881.0 0.086923164781183
882.0 0.06343410932458937
883.0 0.09623170481063426
884.0 0.07701452705077827
885.0 0.08130036876536906
886.0 0.08190369699150324
887.0 0.08972859941422939
888.0 0.06657856283709407
889.0 0.10362636530771852
890.0 0.06473635439760983
891.0 0.0890068884473294
892.0 0.07564796833321452
893.0 0.09646335383877158
894.0 0.07146424031816423
895.0 0.10826302459463477
896.0 0.08739695767872036
897.0 0.11625292245298624
898.0 0.0759361544623971
899.0 0.12274014297872782
900.0 0.07275440730154514
901.0 0.12206737883388996
902.0 0.12756751384586096
903.0 0.1304625882767141
904.0 0.14248931547626853
905.0 0.16301176510751247
906.0 0.17655319534242153
907.0 0.213592778891325
908.0 0.23974406067281961
909.0 0.30905830208212137
910.0 0.39269239641726017
911.0 0.49297777004539967
912.0 0.6908049806952477
913.0 0.9840242564678192
914.0 1.405452936887741
915.0 2.075694501399994
916.0 3.0358638614416122
917.0 4.26265262067318
918.0 5.8709219098091125
919.0 7.588687539100647
920.0 10.165560990571976
921.0 13.033851981163025
922.0 15.778030455112457
923.0 18.800053000450134
924.0 21.952740848064423
925.0 25.34574866294861
926.0 29.660236835479736
927.0 34.615349769592285
928.0 39.48296010494232
929.0 45.09923458099365
930.0 50.577229261398315
931.0 56.50421977043152
932.0 62.71844506263733
933.0 68.80712509155273
934.0 74.08021092414856
935.0 78.5260796546936
936.0 82.68230557441711
937.0 86.13223433494568
938.0 88.92260789871216
939.0 91.03502631187439
940.0 92.52367615699768
941.0 93.54255199432373
942.0 94.27090883255005
943.0 94.70599293708801
944.0 95.27252316474915
945.0 95.51461935043335
946.0 95.98175287246704
947.0 96.21738791465759
948.0 96.59550786018372
949.0 96.69581651687622
950.0 96.84911370277405
951.0 96.89563512802124
952.0 96.88442945480347
953.0 97.01793789863586
954.0 97.0136821269989
955.0 96.92392349243164
956.0 97.08442091941833
957.0 97.1993625164032
958.0 97.34792709350586
959.0 97.49529957771301
960.0 97.66877889633179
961.0 97.80033826828003
962.0 97.9659914970398
963.0 98.13405871391296
964.0 98.26565980911255
965.0 98.39349389076233
966.0 98.48923087120056
967.0 98.63637089729309
968.0 98.6429512500763
969.0 98.68066906929016
970.0 98.71898889541626
971.0 98.75483512878418
972.0 98.80030751228333
973.0 98.8732635974884
974.0 98.8607406616211
975.0 98.80305528640747
976.0 98.90990853309631
977.0 98.84570240974426
978.0 98.91906976699829
979.0 98.91772270202637
980.0 98.88145327568054
981.0 98.83602857589722
982.0 98.83884787559509
983.0 98.88861775398254
984.0 98.85749220848083
985.0 98.85225892066956
986.0 98.75054955482483
987.0 98.81452918052673
988.0 98.68407845497131
989.0 98.63048791885376
990.0 98.54593873023987
991.0 98.53784441947937
992.0 98.58483076095581
993.0 98.50529432296753
994.0 98.43997955322266
995.0 98.42363595962524
996.0 98.39750528335571
997.0 98.51414561271667
998.0 98.4995424747467
999.0 98.5453188419342
1000.0 98.55930805206299
1001.0 98.56784343719482
1002.0 98.71913194656372
1003.0 98.76944422721863
1004.0 98.82706999778748
1005.0 98.82186651229858
1006.0 98.99001121520996
1007.0 98.98016452789307
1008.0 98.96706342697144
1009.0 98.94576072692871
1010.0 99.00904893875122
1011.0 98.99790287017822
1012.0 98.93346428871155
1013.0 98.93112778663635
1014.0 98.91600012779236
1015.0 98.87955784797668
1016.0 98.82662892341614
1017.0 98.86661767959595
1018.0 98.93153309822083
1019.0 98.75564575195312
1020.0 98.81115555763245
1021.0 98.94731640815735
1022.0 98.80572557449341
1023.0 98.7849473953247
1024.0 98.81139993667603
1025.0 98.80502223968506
1026.0 98.77636432647705
1027.0 98.9108145236969
1028.0 98.8404393196106
1029.0 98.90066385269165
1030.0 98.93882870674133
1031.0 98.92169833183289
1032.0 98.92967343330383
1033.0 98.90381693840027
1034.0 99.00035262107849
1035.0 99.00926947593689
1036.0 98.88997077941895
1037.0 98.9741563796997
1038.0 98.92595410346985
1039.0 98.8507866859436
1040.0 98.80186915397644
1041.0 98.91647696495056
1042.0 98.80086183547974
1043.0 98.77778887748718
1044.0 98.82799983024597
1045.0 98.55623841285706
1046.0 98.72126579284668
1047.0 98.64746928215027
1048.0 98.67030382156372
1049.0 98.59170913696289
1050.0 98.57907891273499
1051.0 98.50021004676819
1052.0 98.46742153167725
1053.0 98.32042455673218
1054.0 98.54754209518433
1055.0 98.63614439964294
1056.0 98.52842092514038
1057.0 98.58211874961853
1058.0 98.48167896270752
1059.0 98.41669797897339
1060.0 98.59920740127563
1061.0 98.5280692577362
1062.0 98.55965375900269
1063.0 98.50295782089233
1064.0 98.7103283405304
1065.0 98.70752096176147
1066.0 98.67985248565674
1067.0 98.70477318763733
1068.0 98.85784983634949
1069.0 98.5672652721405
1070.0 98.89261722564697
1071.0 98.73400926589966
1072.0 98.87256622314453
1073.0 98.8561749458313
1074.0 98.61490726470947
1075.0 98.65185618400574
1076.0 98.37830066680908
1077.0 98.83770942687988
1078.0 98.77209663391113
1079.0 98.38603138923645
1080.0 99.25083518028259
1081.0 98.58250021934509
1082.0 98.58407378196716
1083.0 98.31302165985107
1084.0 98.71866106987
1085.0 98.73239398002625
1086.0 98.5202968120575
1087.0 98.4174907207489
1088.0 98.45949411392212
1089.0 98.32937121391296
1090.0 98.13565015792847
1091.0 98.43460321426392
1092.0 98.43423962593079
1093.0 98.38937520980835
1094.0 98.1736421585083
1095.0 98.17216396331787
1096.0 98.18362593650818
1097.0 98.18811416625977
1098.0 97.65292406082153
1099.0 98.12387824058533
1100.0 98.12089800834656
