lsstCam/transmission_filter_detector/r21_s01/i_39/19700101T000000.ecsv
# %ECSV 1.0
# ---
# datatype:
# - {name: wavelength, unit: nm, datatype: float32}
# - {name: efficiency, unit: '%', datatype: float64}
# meta: !!omap
# - {MODE: DETECTOR}
# - {TYPE: transmission_filter_detector}
# - {CALIBDATE: '1970-01-01T00:00:00'}
# - {INSTRUME: LSSTCam}
# - {OBSTYPE: transmission_filter_detector}
# - {CALIBCLS: lsst.ip.isr.IntermediateFilterDetectorTransmissionCurve}
# - {SOURCE: Materion (DM-46256)}
# - {DETECTOR: 82}
# - {FILTER: i_39}
# - {CALIB_ID: 'calibDate=1970-01-01T00:00:00 filter=i_39 detector=82'}
# - {DATE: '2025-04-02T15:59:46.860501'}
# - {CALIB_CREATION_DATE: '2025-04-02'}
# - {CALIB_CREATION_TIME: '15:59:46'}
# - __serialized_columns__:
#     efficiency:
#       __class__: astropy.units.quantity.Quantity
#       unit: !astropy.units.Unit {unit: '%'}
#       value: !astropy.table.SerializedColumn {name: efficiency}
#     wavelength:
#       __class__: astropy.units.quantity.Quantity
#       unit: !astropy.units.Unit {unit: nm}
#       value: !astropy.table.SerializedColumn {name: wavelength}
# schema: astropy-2.0
wavelength efficiency
[from data line 596]
896.0 1.5789557161749457e-10
897.0 1.5789557161749457e-10
898.0 1.5789557161749457e-10
899.0 1.5789557161749457e-10
900.0 1.5789557161749457e-10
901.0 1.5789557161749457e-10
902.0 1.5789557161749457e-10
903.0 1.5789557161749457e-10
904.0 1.5789557161749457e-10
905.0 1.5789557161749457e-10
906.0 1.5789557161749457e-10
907.0 0.00015018105159469997
908.0 0.0003427254796406487
909.0 2.1171324249280588e-05
910.0 1.5789557161749457e-10
911.0 1.5789557161749457e-10
912.0 0.00018855297412301297
913.0 0.00013939222753833747
914.0 9.023149800668762e-05
915.0 1.5789557161749457e-10
916.0 1.5789557161749457e-10
917.0 1.5789557161749457e-10
918.0 1.5789557161749457e-10
919.0 1.5789557161749457e-10
920.0 1.319829294743613e-05
921.0 1.5789557161749457e-10
922.0 1.5789557161749457e-10
923.0 1.5789557161749457e-10
924.0 1.5789557161749457e-10
925.0 0.0001278141553484602
926.0 0.0003240332034692983
927.0 4.464929190817202e-05
928.0 1.5789557161749457e-10
929.0 4.6802409769952646e-05
930.0 0.0003283394335085177
931.0 0.00023011232315184316
932.0 0.00013188519005780108
933.0 9.329141335001623e-05
934.0 5.469763664223137e-05
935.0 1.5789557161749457e-10
936.0 1.5789557161749457e-10
937.0 1.5789557161749457e-10
938.0 1.5789557161749457e-10
939.0 1.5789557161749457e-10
940.0 1.5789557161749457e-10
941.0 1.5789557161749457e-10
942.0 1.5789557161749457e-10
943.0 1.5789557161749457e-10
944.0 1.5789557161749457e-10
945.0 1.5789557161749457e-10
946.0 1.5299126232548588e-05
947.0 3.41176132678811e-05
948.0 5.293597951094853e-05
949.0 1.5789557161749457e-10
950.0 1.5789557161749457e-10
951.0 1.5789557161749457e-10
952.0 1.5789557161749457e-10
953.0 1.5789557161749457e-10
954.0 1.5789557161749457e-10
955.0 0.00010223702702205628
956.0 0.00025925642148649786
957.0 0.00019896949652320473
958.0 0.00013868253745386028
959.0 0.00010714411473600194
960.0 7.560570338682737e-05
961.0 9.783890391190653e-05
962.0 0.00012007212717435323
963.0 1.5789557161749457e-10
964.0 1.5789557161749457e-10
965.0 1.5789557161749457e-10
966.0 1.5789557161749457e-10
967.0 1.5789557161749457e-10
968.0 1.5789557161749457e-10
969.0 1.5789557161749457e-10
970.0 1.5789557161749457e-10
971.0 1.5789557161749457e-10
972.0 1.5789557161749457e-10
973.0 1.5789557161749457e-10
974.0 1.5789557161749457e-10
975.0 1.5789557161749457e-10
976.0 1.5789557161749457e-10
977.0 1.5789557161749457e-10
978.0 1.5789557161749457e-10
979.0 1.5789557161749457e-10
980.0 1.5789557161749457e-10
981.0 1.5789557161749457e-10
982.0 1.5789557161749457e-10
983.0 1.5789557161749457e-10
984.0 1.5789557161749457e-10
985.0 5.934518867434235e-05
986.0 0.00022757189981348347
987.0 4.878038240008209e-06
988.0 1.5789557161749457e-10
989.0 1.5789557161749457e-10
990.0 1.5789557161749457e-10
991.0 1.5789557161749457e-10
992.0 1.5789557161749457e-10
993.0 1.5789557161749457e-10
994.0 2.834765666648309e-05
995.0 1.5789557161749457e-10
996.0 1.5789557161749457e-10
997.0 6.29401938567753e-05
998.0 0.00027653156848828075
999.0 0.00031368283543997677
1000.0 0.00035083403417957015
1001.0 0.00016747987956478028
1002.0 1.5789557161749457e-10
1003.0 3.145684672745119e-05
1004.0 7.878809356043348e-05
1005.0 1.5789557161749457e-10
1006.0 1.5789557161749457e-10
1007.0 4.7460648033847974e-05
1008.0 0.00022633262233284768
1009.0 0.00012455810747269425
1010.0 2.2783520137181767e-05
1011.0 8.468567784802872e-05
1012.0 0.00014658781992693548
1013.0 0.0003600477157306159
1014.0 0.0005735076683777152
1015.0 0.00046992222451081034
1016.0 0.00036633689433074323
1017.0 0.00047961743803170975
1018.0 0.000592898095419514
1019.0 0.00038987750485830475
1020.0 0.000186856789241574
1021.0 0.00012627515388885513
1022.0 6.569349011442682e-05
1023.0 0.0005160868113307515
1024.0 0.0009664802746556234
1025.0 0.0007046101018204354
1026.0 0.0004427399744599825
1027.0 0.0004504357548285043
1028.0 0.0004581315806717612
1029.0 0.0007516183359257411
1030.0 0.001045105091179721
1031.0 0.0017471480532549322
1032.0 0.002449190833431203
1033.0 0.002503086579963565
1034.0 0.0025569817807991058
1035.0 0.0031923271308187395
1036.0 0.0038276721170404926
1037.0 0.0037867153878323734
1038.0 0.003745758658624254
1039.0 0.0032440093491459265
1040.0 0.0027422602215665393
1041.0 0.002334240525669884
1042.0 0.0019262206478742883
1043.0 0.0028242577172932215
1044.0 0.003722294422914274
1045.0 0.0035325800126884133
1046.0 0.0033428666938561946
1047.0 0.00286894864984788
1048.0 0.0023950307877385058
1049.0 0.00216450553125469
1050.0 0.0019339802747708745
1051.0 0.002004897396545857
1052.0 0.0020758148821187206
1053.0 0.0011895582247234415
1054.0 0.00030330138542922214
1055.0 0.0005902132670598803
1056.0 0.0008771252396400087
1057.0 0.0008406611414102372
1058.0 0.0008041973160288762
1059.0 0.0008150460416800343
1060.0 0.0008258952220785432
1061.0 0.001599839742993936
1062.0 0.0023737840820103884
1063.0 0.002640187813085504
1064.0 0.002906591362261679
1065.0 0.0034185399272246286
1066.0 0.003930489037884399
1067.0 0.004375403295853175
1068.0 0.004820317553821951
1069.0 0.003932229446945712
1070.0 0.003044140976271592
1071.0 0.003275511699030176
1072.0 0.003506882057990879
1073.0 0.0033810032618930563
1074.0 0.003255124465795234
1075.0 0.0033821062970673665
1076.0 0.0035090877645416185
1077.0 0.002680484249140136
1078.0 0.001851880551839713
1079.0 0.0020816125470446423
1080.0 0.0023113445422495715
1081.0 0.0013098703675495926
1082.0 0.0003083961928496137
1083.0 1.5789557161749457e-10
1084.0 1.5789557161749457e-10
1085.0 0.0003968392320530256
1086.0 0.0012253130989847705
1087.0 0.0007573927632620325
1088.0 0.00028947251848876476
1089.0 1.5789557161749457e-10
1090.0 1.5789557161749457e-10
1091.0 1.5789557161749457e-10
1092.0 1.5789557161749457e-10
1093.0 1.5789557161749457e-10
1094.0 0.0004695730240200646
1095.0 0.0004055994395457674
1096.0 0.0003416259914956754
1097.0 1.5789557161749457e-10
1098.0 1.5789557161749457e-10
1099.0 1.5789557161749457e-10
1100.0 1.5789557161749457e-10
