lsstCam/transmission_filter_detector/r21_s01/i_39/19700101T000000.ecsv
# %ECSV 1.0
# ---
# datatype:
# - {name: wavelength, unit: nm, datatype: float32}
# - {name: efficiency, unit: '%', datatype: float64}
# meta: !!omap
# - {MODE: DETECTOR}
# - {TYPE: transmission_filter_detector}
# - {CALIBDATE: '1970-01-01T00:00:00'}
# - {INSTRUME: LSSTCam}
# - {OBSTYPE: transmission_filter_detector}
# - {CALIBCLS: lsst.ip.isr.IntermediateFilterDetectorTransmissionCurve}
# - {SOURCE: Materion (DM-46256)}
# - {DETECTOR: 82}
# - {FILTER: i_39}
# - {CALIB_ID: 'calibDate=1970-01-01T00:00:00 filter=i_39 detector=82'}
# - {DATE: '2025-04-02T15:59:46.860501'}
# - {CALIB_CREATION_DATE: '2025-04-02'}
# - {CALIB_CREATION_TIME: '15:59:46'}
# - __serialized_columns__:
#     efficiency:
#       __class__: astropy.units.quantity.Quantity
#       unit: !astropy.units.Unit {unit: '%'}
#       value: !astropy.table.SerializedColumn {name: efficiency}
#     wavelength:
#       __class__: astropy.units.quantity.Quantity
#       unit: !astropy.units.Unit {unit: nm}
#       value: !astropy.table.SerializedColumn {name: wavelength}
# schema: astropy-2.0
wavelength efficiency
300.0 0.07657891837880015
301.0 0.053141923854127526
302.0 0.029704964254051447
303.0 0.03451826923992485
304.0 0.03933157422579825
305.0 0.0363919825758785
306.0 0.03345239092595875
307.0 0.01600982650415972
308.0 1.5789557161749457e-10
309.0 1.5789557161749457e-10
310.0 1.5789557161749457e-10
311.0 1.5789557161749457e-10
312.0 0.004789809099747799
313.0 0.00093228263722267
314.0 1.5789557161749457e-10
315.0 1.5789557161749457e-10
316.0 1.5789557161749457e-10
317.0 1.5789557161749457e-10
318.0 1.5789557161749457e-10
319.0 1.5789557161749457e-10
320.0 1.5789557161749457e-10
321.0 1.5789557161749457e-10
322.0 1.5789557161749457e-10
323.0 1.5789557161749457e-10
324.0 1.5789557161749457e-10
325.0 1.5789557161749457e-10
326.0 1.5789557161749457e-10
327.0 0.0003601275011533289
328.0 0.003953537452616729
329.0 0.0024706232579774223
330.0 0.0009877092452370562
331.0 0.0001730764097374049
332.0 1.5789557161749457e-10
333.0 0.0011716763765434735
334.0 0.002984909042424988
335.0 0.0019790822989307344
336.0 0.0009732559192343615
337.0 0.0023592572688357905
338.0 0.003745258436538279
339.0 0.0033868709579110146
340.0 0.0030284836611826904
341.0 1.5789557161749457e-10
342.0 1.5789557161749457e-10
343.0 1.5789557161749457e-10
344.0 1.5789557161749457e-10
345.0 1.5789557161749457e-10
346.0 1.5789557161749457e-10
347.0 1.5789557161749457e-10
348.0 1.5789557161749457e-10
349.0 1.5789557161749457e-10
350.0 1.5789557161749457e-10
351.0 1.5789557161749457e-10
352.0 1.5789557161749457e-10
353.0 1.5789557161749457e-10
354.0 1.5789557161749457e-10
355.0 1.5789557161749457e-10
356.0 1.5789557161749457e-10
357.0 0.0008978026926342864
358.0 0.0019659068129840307
359.0 0.0016549896827200428
360.0 0.0013440718248602934
361.0 0.001207969216920901
362.0 0.0010718665180320386
363.0 0.000425859798269812
364.0 1.5789557161749457e-10
365.0 0.0012783424608642235
366.0 0.0027768322979682125
367.0 0.0015821700799278915
368.0 0.000387508134735981
369.0 0.0008991206414066255
370.0 0.0014107333299762104
371.0 0.0010772764653665945
372.0 0.0007438196917064488
373.0 0.0008584909664932638
374.0 0.0009731620593811385
375.0 0.00031138524718699045
376.0 1.5789557161749457e-10
377.0 0.00013348110314836958
378.0 0.0006173539077281021
379.0 0.0001640896130084002
380.0 1.5789557161749457e-10
381.0 1.5789557161749457e-10
382.0 1.5789557161749457e-10
383.0 1.1381055031733922e-05
384.0 0.0011540167179191485
385.0 0.0012430820788722485
386.0 0.0013321472579264082
387.0 1.5789557161749457e-10
388.0 1.5789557161749457e-10
389.0 1.5789557161749457e-10
390.0 1.5789557161749457e-10
391.0 1.5789557161749457e-10
392.0 1.5789557161749457e-10
393.0 1.5789557161749457e-10
394.0 0.0007176458439062117
395.0 1.5789557161749457e-10
396.0 1.5789557161749457e-10
397.0 1.5789557161749457e-10
398.0 1.5789557161749457e-10
399.0 1.5789557161749457e-10
400.0 1.5789557161749457e-10
401.0 0.0002929662059614202
402.0 0.0005889175554329995
403.0 0.001286004226130899
404.0 0.001983091169677209
405.0 0.004256549436831847
406.0 0.006530007522087544
407.0 0.003976646257797256
408.0 0.0014232818102755118
409.0 0.0007684944648644887
410.0 0.0001137046979238221
411.0 0.0019421464457991533
412.0 0.0037705889553762972
413.0 0.003958963134209625
414.0 0.004147338404436596
415.0 0.0038255035178735852
416.0 0.0035036686313105747
417.0 0.0023409815185004845
418.0 0.0011782941328419838
419.0 0.0032344389182981104
420.0 0.005290583430905826
421.0 0.004388582601677626
422.0 0.0034865814086515456
423.0 0.004039318810100667
424.0 0.004592056211549789
425.0 0.00326211957144551
426.0 0.001932181476149708
427.0 0.0031821309676161036
428.0 0.00443208082288038
429.0 0.005033164052292705
430.0 0.0056342483730986714
431.0 0.004351721872808412
432.0 0.0030691961001139134
433.0 0.003694890983751975
434.0 0.004320586231187917
435.0 0.0032882213417906314
436.0 0.0022558568161912262
437.0 0.0018874676243285649
438.0 0.001519078705314314
439.0 0.00190671762538841
440.0 0.0022943568183109164
441.0 0.0008758582225709688
442.0 1.5789557161749457e-10
443.0 1.5789557161749457e-10
444.0 1.5789557161749457e-10
445.0 1.5789557161749457e-10
446.0 1.5789557161749457e-10
447.0 0.00017802271941036452
448.0 0.00045373499233392067
449.0 1.5789557161749457e-10
450.0 1.5789557161749457e-10
451.0 1.5789557161749457e-10
452.0 0.0011006741260644048
453.0 0.0014921752153895795
454.0 0.001883676668512635
455.0 0.001875229281722568
456.0 0.001866781894932501
457.0 0.0013843755368725397
458.0 0.000901968996913638
459.0 0.0005247095486993203
460.0 0.0001474501459597377
461.0 0.0003133898189844331
462.0 0.00047932949200912844
463.0 0.0003103888275290956
464.0 0.00014144821989248157
465.0 0.000373390389540873
466.0 0.0006053325250832131
467.0 0.0007100230504875071
468.0 0.0008147135304170661
469.0 0.0005816899829369504
470.0 0.00034866643545683473
471.0 0.0004659538262785645
472.0 0.0005832413535244996
473.0 0.0006499887149402639
474.0 0.0007167363946791738
475.0 0.0003952160568587715
476.0 7.369608852059173e-05
477.0 0.0006489708084700396
478.0 0.0012242454431543592
479.0 0.0010840826689673122
480.0 0.0009439199857297353
481.0 0.002332223448320292
482.0 0.0037205252738203853
483.0 0.005487980888574384
484.0 0.0072554357757326216
485.0 0.008176263509085402
486.0 0.009097091970033944
487.0 0.011954733054153621
488.0 0.014812374138273299
489.0 0.01744210021570325
490.0 0.020071824837941676
491.0 0.022183902910910547
492.0 0.024295980983879417
493.0 0.02537714026402682
494.0 0.026458300999365747
495.0 0.023443180543836206
496.0 0.020428055722732097
497.0 0.016601460811216384
498.0 0.012774861534126103
499.0 0.009267152199754491
500.0 0.0057594421377871186
501.0 0.004286329567548819
502.0 0.0028132175430073403
503.0 0.002469596620358061
504.0 0.0021259755158098415
505.0 0.0021322990505723283
506.0 0.002138622585334815
507.0 0.0020125527953496203
508.0 0.0018864826415665448
509.0 0.0018077635104418732
510.0 0.0017290441974182613
511.0 0.0013996542293170933
512.0 0.001070264170266455
513.0 0.0015070133486005943
514.0 0.001943762254086323
515.0 0.0022960726710152812
516.0 0.002648382906045299
517.0 0.0024098288122331724
518.0 0.002171274900319986
519.0 0.0022324846213450655
520.0 0.0022936947061680257
521.0 0.001749009607010521
522.0 0.0012043245988024864
523.0 0.0013014524483878631
524.0 0.0013985805708216503
525.0 0.0018965229173772968
526.0 0.0023944649001350626
527.0 0.0024654940716573037
528.0 0.002536523425078485
529.0 0.0019023222193936817
530.0 0.0012681209227594081
531.0 0.0012156442608102225
532.0 0.0011631675079115666
533.0 0.0013859395039617084
534.0 0.0016087116819107905
535.0 0.0016426165529992431
536.0 0.0016765214240876958
537.0 0.002410454908385873
538.0 0.0031443876650882885
539.0 0.003907644713763148
540.0 0.004670901762438007
541.0 0.005218296428211033
542.0 0.005765690730186179
543.0 0.005006213177694008
544.0 0.004246735988999717
545.0 0.003395815656404011
546.0 0.0025448956876061857
547.0 0.002137161573045887
548.0 0.0017294274584855884
549.0 0.0018436638129060157
550.0 0.0019579005311243236
551.0 0.0017130229025497101
552.0 0.0014681455468235072
553.0 0.0015518462532781996
554.0 0.0016355468687834218
555.0 0.0012140831131546292
556.0 0.0007926194484753069
557.0 0.0007157061645557405
558.0 0.0006387929715856444
559.0 0.0001973588496184675
560.0 1.5789557161749457e-10
561.0 0.0005902961675019469
562.0 0.0014246676983020734
563.0 0.0016147969290614128
564.0 0.0018049264326691628
565.0 0.001392470130667789
566.0 0.0009800139196158852
567.0 0.0007171365268732188
568.0 0.0004542591341305524
569.0 0.0006147442491055699
570.0 0.0007752290912321769
571.0 0.0005053258973930497
572.0 0.00023542268081655493
573.0 0.00034079328088409966
574.0 0.000446163949163747
575.0 0.0004681889549829066
576.0 0.000490213869852596
577.0 0.0004972770057065645
578.0 0.0005043401870352682
579.0 0.00024213213691837154
580.0 1.5789557161749457e-10
581.0 0.00010352792969570146
582.0 0.00022713174985256046
583.0 0.0004199632712698076
584.0 0.0006127946562628495
585.0 0.0007982313036336564
586.0 0.0009836679964791983
587.0 0.0008864319170243107
588.0 0.0007891957466199528
589.0 0.0006554274477821309
590.0 0.000521659148944309
591.0 0.0007077285317791393
592.0 0.00089379809651291
593.0 0.0006138243406894617
594.0 0.0003338504939165432
595.0 0.0007096544322848786
596.0 0.0010854581887542736
597.0 0.0008066680493357126
598.0 0.0005278779553918866
599.0 0.0004865632945438847
600.0 0.0004452484517969424
601.0 0.00039178835322672967
602.0 0.0003383282319191494
603.0 0.00025987339995481307
604.0 0.00018141843156627147
605.0 0.00018158505099563627
606.0 0.00018175168179368484
607.0 0.0004323636403569253
608.0 0.0006829754966020118
609.0 0.0006181088792800438
610.0 0.0005532420345844002
611.0 0.0007272034054039977
612.0 0.0009011648216983303
613.0 0.0006068123184377328
614.0 0.00031245990612660535
615.0 2.0876479212006416e-06
616.0 1.5789557161749457e-10
617.0 1.5789557161749457e-10
618.0 7.240619197546039e-05
619.0 0.00023433524347638013
620.0 0.00039626434045203496
621.0 0.0005809547019453021
622.0 0.0007656450179638341
623.0 0.0006202503755048383
624.0 0.0004748558239953127
625.0 0.00042014130485767964
626.0 0.00036542680845741415
627.0 0.00029289199119375553
628.0 0.0002203571739300969
629.0 0.0004472417913348181
630.0 0.0006741264314769069
631.0 0.0006007118372508558
632.0 0.0005272971975500695
633.0 0.000479800701214117
634.0 0.00043230420487816446
635.0 0.00046242175812949426
636.0 0.0004925391749566188
637.0 0.00042871583900705446
638.0 0.0003648923438959173
639.0 0.0005853813490830362
640.0 0.0008058702405833174
641.0 0.0005343932116375072
642.0 0.00026291618269169703
643.0 0.0005636620244331425
644.0 0.000864407866174588
645.0 0.0007527436082455097
646.0 0.0006410794412659016
647.0 0.0007701118192926515
648.0 0.0008991445611172821
649.0 0.0007918800292827655
650.0 0.000684615588397719
651.0 0.0009044675607583486
652.0 0.0011243196240684483
653.0 0.0012091551070625428
654.0 0.0012939905900566373
655.0 0.0018955179257318377
656.0 0.002497045170457568
657.0 0.003482280590105802
658.0 0.004467515100259334
659.0 0.007090271537890658
660.0 0.08762807119637728
661.0 0.10351208038628101
662.0 0.18678780179470778
663.0 0.13121833326295018
664.0 0.11590983485803008
665.0 0.173888576682657
666.0 0.24233406875282526
667.0 0.22066927049309015
668.0 0.17034535994753242
669.0 0.3614795859903097
670.0 0.4914820659905672
671.0 0.7404482923448086
672.0 1.1402151547372341
673.0 1.8115658313035965
674.0 2.6080599054694176
675.0 3.5065777599811554
676.0 4.736272618174553
677.0 6.071002408862114
678.0 7.375580817461014
679.0 8.988405019044876
680.0 11.073558032512665
681.0 13.210806250572205
682.0 15.860554575920105
683.0 18.583321571350098
684.0 21.579062938690186
685.0 24.43651407957077
686.0 27.47972011566162
687.0 30.88122308254242
688.0 34.20759737491608
689.0 37.83086538314819
690.0 41.91419780254364
691.0 46.4041531085968
692.0 51.666539907455444
693.0 57.1685254573822
694.0 63.357073068618774
695.0 68.99511814117432
696.0 75.17445087432861
697.0 80.57548999786377
698.0 86.14994883537292
699.0 90.09079337120056
700.0 92.99413561820984
701.0 95.13691663742065
702.0 96.5143084526062
703.0 97.16673493385315
704.0 97.56173491477966
705.0 97.7584719657898
706.0 97.71802425384521
707.0 97.84888625144958
708.0 97.93046116828918
709.0 97.88559079170227
710.0 97.70047664642334
711.0 97.96596765518188
712.0 97.94463515281677
713.0 97.9347825050354
714.0 98.00502061843872
715.0 98.08207750320435
716.0 97.99358248710632
717.0 98.14758896827698
718.0 98.13815951347351
719.0 97.95588254928589
720.0 98.1774389743805
721.0 98.12125563621521
722.0 97.78352379798889
723.0 97.45330810546875
724.0 97.1953272819519
725.0 97.01763987541199
726.0 96.85171246528625
727.0 96.5941846370697
728.0 96.47823572158813
729.0 96.3127851486206
730.0 96.26127481460571
731.0 96.41777873039246
732.0 96.57652974128723
733.0 96.78822159767151
734.0 97.16137051582336
735.0 97.3187804222107
736.0 97.68109321594238
737.0 98.12300205230713
738.0 98.35624098777771
739.0 98.65899682044983
740.0 98.77466559410095
741.0 98.54063987731934
742.0 98.83091449737549
743.0 98.67337346076965
744.0 98.5787570476532
745.0 98.50611686706543
746.0 98.45684766769409
747.0 98.68682026863098
748.0 98.55904579162598
749.0 98.42932224273682
750.0 98.48994016647339
751.0 98.31337332725525
752.0 98.30248951911926
753.0 98.42718243598938
754.0 98.45592379570007
755.0 98.48511815071106
756.0 98.58593344688416
757.0 98.53925704956055
758.0 98.76235127449036
759.0 98.7750232219696
760.0 98.7592875957489
761.0 98.53740930557251
762.0 98.5716700553894
763.0 98.67373704910278
764.0 98.55449795722961
765.0 98.41759204864502
766.0 98.44720363616943
767.0 98.28311800956726
768.0 98.24197888374329
769.0 98.26231002807617
770.0 97.98154830932617
771.0 98.01732897758484
772.0 98.07616472244263
773.0 97.84262776374817
774.0 97.75617122650146
775.0 97.84634709358215
776.0 97.82708287239075
777.0 97.88351655006409
778.0 97.86949753761292
779.0 97.98300862312317
780.0 98.01028966903687
781.0 98.33236932754517
782.0 98.21251630783081
783.0 98.38653802871704
784.0 98.31909537315369
785.0 98.51908683776855
786.0 98.60044717788696
787.0 98.33737015724182
788.0 98.45203757286072
789.0 98.54477643966675
790.0 98.39955568313599
791.0 98.43558073043823
792.0 98.24496507644653
793.0 98.1526255607605
794.0 98.08705449104309
795.0 97.90510535240173
796.0 98.01595211029053
797.0 97.97892570495605
798.0 97.90883660316467
799.0 97.60855436325073
800.0 97.52146005630493
801.0 97.47489094734192
802.0 97.28528261184692
803.0 96.94970846176147
804.0 96.36045694351196
805.0 95.59093117713928
806.0 94.71872448921204
807.0 93.3935284614563
808.0 91.72676801681519
809.0 89.82508182525635
810.0 87.79873847961426
811.0 85.09637117385864
812.0 81.96319341659546
813.0 78.47222685813904
814.0 74.45991635322571
815.0 70.2313482761383
816.0 66.06470942497253
817.0 61.24380826950073
818.0 56.39742612838745
819.0 52.218037843704224
820.0 47.47150540351868
821.0 42.923444509506226
822.0 38.60076069831848
823.0 33.97145867347717
824.0 29.335999488830566
825.0 25.218838453292847
826.0 20.8518847823143
827.0 16.383126378059387
828.0 12.564770877361298
829.0 9.050998091697693
830.0 5.860944464802742
831.0 3.868100792169571
832.0 2.304762601852417
833.0 1.369404699653387
834.0 0.7880398072302341
835.0 0.44422540813684464
836.0 0.2898653270676732
837.0 0.1812921604141593
838.0 0.09445756440982223
839.0 0.06541331531479955
840.0 0.041320870514027774
841.0 1.5789557161749457e-10
842.0 1.5789557161749457e-10
843.0 0.024330565065611154
844.0 1.5789557161749457e-10
845.0 1.5789557161749457e-10
846.0 0.012147470988566056
847.0 1.5789557161749457e-10
848.0 1.5789557161749457e-10
849.0 1.5789557161749457e-10
850.0 0.012243806850165129
851.0 1.5789557161749457e-10
852.0 0.0013929714441474061
853.0 0.0013356244380702265
854.0 0.0012782776138919871
855.0 0.0009596871677786112
856.0 0.0006410969490389107
857.0 0.0008411958333454095
858.0 0.0010412943993287627
859.0 0.0006358443897624966
860.0 0.00023039419829729013
861.0 0.0002585490392448264
862.0 0.000286703766505525
863.0 0.0001614272946426354
864.0 3.615089383401937e-05
865.0 6.853404670437158e-05
866.0 0.00010091716831084341
867.0 2.4089433736662613e-05
868.0 1.5789557161749457e-10
869.0 1.5789557161749457e-10
870.0 1.5789557161749457e-10
871.0 3.033616735592659e-05
872.0 0.0002201975348725682
873.0 0.0002299143261552672
874.0 0.00023963107196323108
875.0 0.00021099019704706734
876.0 0.0001823493676056387
877.0 1.5789557161749457e-10
878.0 1.5789557161749457e-10
879.0 1.9778563853378728e-05
880.0 0.0005211347797740018
881.0 0.00022236097265704302
882.0 1.5789557161749457e-10
883.0 6.287023097684141e-05
884.0 0.00020215331915096613
885.0 3.672945183552656e-05
886.0 1.5789557161749457e-10
887.0 1.8045662386612094e-05
888.0 0.00016478572888445342
889.0 6.886959909024881e-05
890.0 1.5789557161749457e-10
891.0 6.700661856484658e-05
892.0 0.00016105972235891386
893.0 0.0002304171175637748
894.0 0.000299774501399952
