lsstCam/transmission_filter_detector/r22_s00/y_10/19700101T000000.ecsv
# %ECSV 1.0
# ---
# datatype:
# - {name: wavelength, unit: nm, datatype: float32}
# - {name: efficiency, unit: '%', datatype: float64}
# meta: !!omap
# - {MODE: DETECTOR}
# - {TYPE: transmission_filter_detector}
# - {CALIBDATE: '1970-01-01T00:00:00'}
# - {INSTRUME: LSSTCam}
# - {OBSTYPE: transmission_filter_detector}
# - {CALIBCLS: lsst.ip.isr.IntermediateFilterDetectorTransmissionCurve}
# - {SOURCE: Materion (DM-46256)}
# - {DETECTOR: 90}
# - {FILTER: y_10}
# - {CALIB_ID: 'calibDate=1970-01-01T00:00:00 filter=y_10 detector=90'}
# - {DATE: '2025-04-02T15:59:51.160019'}
# - {CALIB_CREATION_DATE: '2025-04-02'}
# - {CALIB_CREATION_TIME: '15:59:51'}
# - __serialized_columns__:
#     efficiency:
#       __class__: astropy.units.quantity.Quantity
#       unit: !astropy.units.Unit {unit: '%'}
#       value: !astropy.table.SerializedColumn {name: efficiency}
#     wavelength:
#       __class__: astropy.units.quantity.Quantity
#       unit: !astropy.units.Unit {unit: nm}
#       value: !astropy.table.SerializedColumn {name: wavelength}
# schema: astropy-2.0
wavelength efficiency
300.0 0.485733849927783
301.0 0.26197400875389576
302.0 0.0382141035515815
303.0 0.033645538496784866
304.0 0.029076976352371275
305.0 0.018771681061480194
306.0 0.008466380677418783
307.0 0.015763741976115853
308.0 0.023061101092025638
309.0 0.016178953228518367
310.0 0.009296803182223812
311.0 0.008022342080948874
312.0 0.00674787734169513
313.0 0.00673352406010963
314.0 0.006719170050928369
315.0 0.0055160518968477845
316.0 0.004312934834160842
317.0 0.004786435601999983
318.0 0.005259933459456079
319.0 0.0023959519239724614
320.0 1.5834059324121297e-10
321.0 0.0016360745576093905
322.0 0.003740179818123579
323.0 0.003333100539748557
324.0 0.002926021443272475
325.0 0.0009472099918639287
326.0 1.5834059324121297e-10
327.0 5.475281454891956e-05
328.0 0.0011411074410716537
329.0 0.0031116538593778387
330.0 0.0050822007324313745
331.0 0.004177888695267029
332.0 0.003273576294304803
333.0 0.0023689533918513916
334.0 0.001464329852751689
335.0 0.0020842555386479944
336.0 0.00270418131549377
337.0 0.0029855080356355757
338.0 0.0032668343919795007
339.0 0.001840924051066395
340.0 0.00041501366467855405
341.0 1.5834059324121297e-10
342.0 1.5834059324121297e-10
343.0 0.0002253678530905745
344.0 0.0008883372174750548
345.0 0.0012221034921822138
346.0 0.0015558702216367237
347.0 0.0015368346794275567
348.0 0.0015177990462689195
349.0 0.0012996117220609449
350.0 0.00108142421595403
351.0 0.0015863370208535343
352.0 0.0020912495529046282
353.0 0.0016570236766710877
354.0 0.0012227978913870174
355.0 0.0013271741408971138
356.0 0.00143155029945774
357.0 0.0010762809324660338
358.0 0.0007210112016764469
359.0 0.0008819958566164132
360.0 0.0010429805115563795
361.0 0.0012466574844438583
362.0 0.0014503342754323967
363.0 0.0012464173778425902
364.0 0.0010425000255054329
365.0 0.001401058671035571
366.0 0.0017596179532120004
367.0 0.002069137553917244
368.0 0.002378657336521428
369.0 0.0020295647118473426
370.0 0.0016804722690721974
371.0 0.0016943349692155607
372.0 0.0017081974874599837
373.0 0.0021252497390378267
374.0 0.0025423018087167293
375.0 0.003419365020818077
376.0 0.004296427869121544
377.0 0.004207912570564076
378.0 0.0041193972720066085
379.0 0.0034832279197871685
380.0 0.002847058749466669
381.0 0.0018904565877164714
382.0 0.0009338541531178635
383.0 0.0010370831660111435
384.0 0.0011403116332076024
385.0 0.0008962762876763009
386.0 0.0006522409876197344
387.0 0.0007286235813808162
388.0 0.0008050062206166331
389.0 0.0006352021955535747
390.0 0.0004653983523894567
391.0 0.0004097481451026397
392.0 0.0003540980515026604
393.0 0.0005487951966642868
394.0 0.0007434924555127509
395.0 0.0006746496637788368
396.0 0.000605806962994393
397.0 0.0007839569661882706
398.0 0.0009621068784326781
399.0 0.0011949062354688067
400.0 0.0014277055925049353
401.0 0.0016248022802756168
402.0 0.0018218990589957684
403.0 0.0018715136320679449
404.0 0.0019211282051401213
405.0 0.0018353415725869127
406.0 0.0017495551219326444
407.0 0.001425627851858735
408.0 0.001101700672734296
409.0 0.0008494083886034787
410.0 0.0005971157406747807
411.0 0.00018167397684010211
412.0 1.5834059324121297e-10
413.0 0.0002606871248644893
414.0 0.0007551417638751445
415.0 0.001502155191701604
416.0 0.002249168755952269
417.0 0.0010591742466203868
418.0 1.5834059324121297e-10
419.0 1.5834059324121297e-10
420.0 1.5834059324121297e-10
421.0 4.7827688831603155e-05
422.0 0.0008197992428904399
423.0 0.0007357168669841485
424.0 0.0006516341727547115
425.0 0.00013033297818765277
426.0 1.5834059324121297e-10
427.0 4.7330010488622065e-05
428.0 0.00048562824304099195
429.0 0.00011915049071831163
430.0 1.5834059324121297e-10
431.0 0.0003637168219938758
432.0 0.0009747611329657957
433.0 0.0008346396498382092
434.0 0.0006945187124074437
435.0 0.00013393531617111876
436.0 1.5834059324121297e-10
437.0 1.5834059324121297e-10
438.0 0.000374848059436772
439.0 1.5834059324121297e-10
440.0 1.5834059324121297e-10
441.0 1.5834059324121297e-10
442.0 1.5834059324121297e-10
443.0 1.5834059324121297e-10
444.0 1.5834059324121297e-10
445.0 8.702723448550387e-05
446.0 0.0004857413841818925
447.0 0.0006838898571004393
448.0 0.0008820382390695158
449.0 0.0007403434210573323
450.0 0.0005986483301967382
451.0 0.00033275907753704814
452.0 6.686989308946067e-05
453.0 1.5834059324121297e-10
454.0 1.5834059324121297e-10
455.0 1.5834059324121297e-10
456.0 1.5834059324121297e-10
457.0 1.5834059324121297e-10
458.0 1.5834059324121297e-10
459.0 1.5834059324121297e-10
460.0 0.000211780798053951
461.0 0.000399738337364397
462.0 0.000587695876674843
463.0 0.0003693388862302527
464.0 0.0001509819185230299
465.0 0.00029466734758898383
466.0 0.0004383529358165106
467.0 0.0010619560271152295
468.0 0.001685558891040273
469.0 0.0017828248019213788
470.0 0.001880090349004604
471.0 0.0019176306523149833
472.0 0.0019551707737264223
473.0 0.002281978595419787
474.0 0.0026087864171131514
475.0 0.0027712967494153418
476.0 0.002933807081717532
477.0 0.00317856902256608
478.0 0.0034233307815156877
479.0 0.004128512227907777
480.0 0.004833693310501985
481.0 0.0048503537982469425
482.0 0.0048670142859919
483.0 0.004324844485381618
484.0 0.0037826746847713366
485.0 0.003843585727736354
486.0 0.0039044964069034904
487.0 0.0033013293432304636
488.0 0.0026981622795574367
489.0 0.002408475302217994
490.0 0.002118788870575372
491.0 0.0018374024875811301
492.0 0.0015560159226879478
493.0 0.00128521987790009
494.0 0.001014424105960643
495.0 0.0011793083103839308
496.0 0.0013441926057566889
497.0 0.0017415346519555897
498.0 0.002138877061952371
499.0 0.0024055787434917875
500.0 0.0026722804250312038
501.0 0.0027965761546511203
502.0 0.002920872066169977
503.0 0.002897445847338531
504.0 0.002874019628507085
505.0 0.0031190404115477577
506.0 0.0033640619221841916
507.0 0.0024656879759277217
508.0 0.001567313665873371
509.0 0.001885676283563953
510.0 0.0022040387193555944
511.0 0.0022615038687945344
512.0 0.0023189690182334743
513.0 0.0021828403987456113
514.0 0.0020467119611566886
515.0 0.0016000041796360165
516.0 0.0011532963981153443
517.0 0.001292862361879088
518.0 0.0014324281437438913
519.0 0.001617757516214624
520.0 0.0018030867067864165
521.0 0.001804331441235263
522.0 0.0018055758118862286
523.0 0.001799042001948692
524.0 0.0017925080101122148
525.0 0.0021666422981070355
526.0 0.0025407773136976175
527.0 0.0023973381757969037
528.0 0.0022538994016940705
529.0 0.0024158180167432874
530.0 0.002577736449893564
531.0 0.002461854455759749
532.0 0.002345972097828053
533.0 0.0024568576918682083
534.0 0.0025677427402115427
535.0 0.0022772579541197047
536.0 0.0019867729861289263
537.0 0.0023693432012805715
538.0 0.0027519134164322168
539.0 0.003405780444154516
540.0 0.004059647471876815
541.0 0.00422561788582243
542.0 0.0043915882997680455
543.0 0.004624283974408172
544.0 0.004856980012846179
545.0 0.004868525866186246
546.0 0.0048800713557284325
547.0 0.004037993130623363
548.0 0.003195915269316174
549.0 0.00292309996439144
550.0 0.002650284477567766
551.0 0.0026574671210255474
552.0 0.002664649400685448
553.0 0.0030892806535121053
554.0 0.0035139109968440607
555.0 0.0036658191675087437
556.0 0.0038177277019713074
557.0 0.0037341997085604817
558.0 0.0036506713513517752
559.0 0.0032950236345641315
560.0 0.002939375553978607
561.0 0.00317977974191308
562.0 0.0034201835660496727
563.0 0.0033224685466848314
564.0 0.00322475352731999
565.0 0.00380854144168552
566.0 0.00439232935605105
567.0 0.004760397496283986
568.0 0.005128465636516921
569.0 0.0056185457651736215
570.0 0.0061086262576282024
571.0 0.006116055010352284
572.0 0.006123484490672126
573.0 0.0061855091189499944
574.0 0.006247534474823624
575.0 0.006156494055176154
576.0 0.006065453635528684
577.0 0.005489388422574848
578.0 0.004913323937216774
579.0 0.0056865184888010845
580.0 0.006459713767981157
581.0 0.007256268145283684
582.0 0.00805282179499045
583.0 0.009204474918078631
584.0 0.010356125130783767
585.0 0.010841511539183557
586.0 0.011326897947583348
587.0 0.010796359129017219
588.0 0.010265817400068045
589.0 0.010156133066629991
590.0 0.010046451643574983
591.0 0.009178146865451708
592.0 0.008309841359732673
593.0 0.007057438779156655
594.0 0.0058050387451658025
595.0 0.005662463445332833
596.0 0.0055198885092977434
597.0 0.006169616972329095
598.0 0.006819344707764685
599.0 0.007997894135769457
600.0 0.009176442108582705
601.0 0.009819183469517156
602.0 0.010461921920068562
603.0 0.011029248707927763
604.0 0.01159657767857425
605.0 0.011121540592284873
606.0 0.01064650496118702
607.0 0.009119771857513115
608.0 0.007593040936626494
609.0 0.005965714080957696
610.0 0.004338388680480421
611.0 0.003714040940394625
612.0 0.0030896932003088295
613.0 0.003583468424039893
614.0 0.004077242920175195
615.0 0.00502377406519372
616.0 0.005970305574010126
617.0 0.007708028715569526
618.0 0.009445750038139522
619.0 0.010459368058945984
620.0 0.011472983896965161
621.0 0.011825210822280496
622.0 0.012177437747595832
623.0 0.011645429185591638
624.0 0.011113419895991683
625.0 0.009632811998017132
626.0 0.008152202644851059
627.0 0.006581081834156066
628.0 0.005009958113078028
629.0 0.004196150985080749
630.0 0.003382344584679231
631.0 0.002892244083341211
632.0 0.0024021437639021315
633.0 0.00262927460425999
634.0 0.00285640599031467
635.0 0.0031068721000337973
636.0 0.0033573382097529247
637.0 0.004162288314546458
638.0 0.004967238419339992
639.0 0.005029228486819193
640.0 0.005091217826702632
641.0 0.005367623452912085
642.0 0.005644029442919418
643.0 0.005154018072062172
644.0 0.004664006701204926
645.0 0.004441180135472678
646.0 0.0042183535697404295
647.0 0.003381204078323208
648.0 0.0025440547688049264
649.0 0.0018633270883583464
650.0 0.001182599226012826
651.0 0.001363750379823614
652.0 0.0015449018974322826
653.0 0.0016313777450704947
654.0 0.0017178535927087069
655.0 0.0017362421203870326
656.0 0.0017546306480653584
657.0 0.0016701365893823095
658.0 0.0015856427125982009
659.0 0.0017310147086391225
660.0 0.0018763867046800442
661.0 0.0016672238416504115
662.0 0.0014580608876713086
663.0 0.0021718100470025092
664.0 0.0028855596610810608
665.0 0.003495661439956166
666.0 0.004105763218831271
667.0 0.0050550061132526025
668.0 0.006004247552482411
669.0 0.006613993173232302
670.0 0.007223736611194909
671.0 0.007584262493764982
672.0 0.007944788376335055
673.0 0.008059286483330652
674.0 0.008173783862730488
675.0 0.007394098065560684
676.0 0.006614413723582402
677.0 0.005340730785974301
678.0 0.00406704748456832
679.0 0.002663338636921253
680.0 0.0012596306987688877
681.0 0.0005943493761151331
682.0 1.5834059324121297e-10
683.0 0.00023403749764838722
684.0 0.0005390070782596013
685.0 0.00038795542423031293
686.0 0.0002369037247262895
687.0 0.00024685882635822054
688.0 0.00025681392799015157
689.0 0.00030876483378960984
690.0 0.0003607157395890681
691.0 0.00042876317820628174
692.0 0.0004968107077729655
693.0 0.0003246670530643314
694.0 0.00015252344383043237
695.0 0.00038814118852315005
696.0 0.0006237589332158677
697.0 0.0004597645329340594
698.0 0.0002957699962280458
699.0 0.0003227114348192117
700.0 0.00034965262329933466
701.0 0.0002357975063205231
702.0 0.00012194243481644662
703.0 0.0002697006038943073
704.0 0.0004174587957095355
705.0 0.0004711028395831818
706.0 0.0005247467015578877
707.0 0.00020191771454847185
708.0 1.5834059324121297e-10
709.0 4.399537374411011e-05
710.0 0.00020890208816126687
711.0 0.00041919165596482344
712.0 0.0006294812010310125
713.0 0.0004379595338832587
714.0 0.0002464378439981374
715.0 0.00028463737180572934
716.0 0.0003228368996133213
717.0 0.0002512545734134619
718.0 0.0001796723040570214
719.0 0.00028051877052348573
720.0 0.00038136515740916366
721.0 0.0004484070359467296
722.0 0.0005154489372216631
723.0 0.00043739973989431746
724.0 0.00035935038340539904
725.0 0.00038746588870708365
726.0 0.00041558155317034107
727.0 0.0002726117372731096
728.0 0.00012964222833034
729.0 0.0002674538791325176
730.0 0.0004052657004649518
731.0 0.0005924068318563513
732.0 0.0007795481906214263
733.0 0.00025988483685068786
734.0 1.5834059324121297e-10
735.0 1.5834059324121297e-10
736.0 1.5834059324121297e-10
737.0 0.0003049798579013441
738.0 0.0008145684660121333
739.0 0.0005801798124593915
740.0 0.00034579081784613663
741.0 0.0001911448407554417
742.0 3.6498840927379206e-05
743.0 1.5834059324121297e-10
744.0 1.5834059324121297e-10
745.0 0.00021423877569759497
746.0 0.0005679034529748606
747.0 0.00036588141938409535
748.0 0.00016385947674280033
749.0 1.5834059324121297e-10
750.0 1.5834059324121297e-10
751.0 1.5834059324121297e-10
752.0 0.0002082260834868066
753.0 0.00034808804230124224
754.0 0.0004879499556409428
755.0 1.5834059324121297e-10
756.0 1.5834059324121297e-10
757.0 1.5834059324121297e-10
758.0 1.5834059324121297e-10
759.0 0.00021239898160274606
760.0 0.0007302460289793089
761.0 0.000490698676003376
762.0 0.0002511512548153405
763.0 0.00011564947044462315
764.0 1.5834059324121297e-10
765.0 0.00017367690361425048
766.0 0.00036720605294249253
767.0 1.5834059324121297e-10
768.0 1.5834059324121297e-10
769.0 1.5834059324121297e-10
770.0 1.5834059324121297e-10
771.0 1.5834059324121297e-10
772.0 1.5834059324121297e-10
773.0 0.0002484714514139341
774.0 0.0006832237431808608
775.0 0.00044236526264285203
776.0 0.00020150664568063803
777.0 0.0002478971964592347
778.0 0.00029428774723783135
779.0 0.0005148242962604854
780.0 0.0007353608907578746
781.0 0.0006636395482928492
782.0 0.0005919181148783537
783.0 0.0005049068931839429
784.0 0.0004178956714895321
785.0 0.00020946442873537308
786.0 1.032900254216429e-06
787.0 0.0004696088581113145
788.0 0.0009381847121403553
789.0 0.0008215994967031293
790.0 0.0007050142812659033
791.0 0.0005694055744243087
792.0 0.000433796776633244
793.0 0.000528476266481448
794.0 0.0006231555289559765
795.0 0.0006568128810613416
796.0 0.0006904700057930313
797.0 0.0004132772119191941
798.0 0.00013608447488877573
799.0 0.0005072206931799883
800.0 0.0008783569683146197
801.0 0.0005799039172416087
802.0 0.0002814509571180679
803.0 0.0004339505721873138
804.0 0.0005864502327312948
805.0 0.0008155140676535666
806.0 0.0010445777661516331
807.0 0.0007942046067910269
808.0 0.0005438313110062154
809.0 0.00019901342511730036
810.0 1.5834059324121297e-10
811.0 0.0002726618504311773
812.0 0.0006911280706844991
813.0 0.0009051438610185869
814.0 0.0011191596058779396
815.0 0.0011069575521105435
816.0 0.0010947551345452666
817.0 0.0009076558853848837
818.0 0.0007205567726487061
819.0 0.0008202867320505902
820.0 0.0009200168278766796
821.0 0.0008261811672127806
822.0 0.0007323456429730868
823.0 0.0006588248197658686
824.0 0.0005853042694070609
825.0 0.0006993858278292464
826.0 0.0008134675226756372
827.0 0.0007985335287230555
828.0 0.0007835997166694142
829.0 0.0004850664936384419
830.0 0.00018653321376405074
831.0 0.00017486000842836802
832.0 0.00016318693951689056
833.0 0.00041883145058818627
834.0 0.0006744757683918579
835.0 9.251915571439895e-05
836.0 1.5834059324121297e-10
837.0 1.5834059324121297e-10
838.0 0.00015017758414614946
839.0 0.0005598303232545732
840.0 0.0009694830623629969
841.0 0.001132298984884983
842.0 0.001295114907406969
843.0 0.0009747143849381246
844.0 0.0006543135441461345
845.0 0.0005749426691181725
846.0 0.0004955717486154754
847.0 0.0008763941877987236
848.0 0.0012572166269819718
849.0 0.0010069558811665047
850.0 0.0007566948625026271
851.0 0.0010235597073915415
852.0 0.0012904244613309857
853.0 0.000586968462812365
854.0 1.5834059324121297e-10
855.0 1.5834059324121297e-10
856.0 1.5834059324121297e-10
857.0 0.0005422825324785663
858.0 0.0014563941476808395
859.0 0.0011606494808802381
860.0 0.000864904450281756
861.0 0.001251754929398885
862.0 0.0016386054994654842
863.0 0.001796623291738797
864.0 0.00195464108401211
865.0 0.0020590498024830595
866.0 0.0021634587028529495
867.0 0.0027953194148722105
868.0 0.0034271797630935907
869.0 0.003029403342225123
870.0 0.002631626557558775
871.0 0.003213938543922268
872.0 0.0037962505302857608
873.0 0.0029385837478912435
874.0 0.002080917329294607
