lsstCam/transmission_filter_detector/r22_s00/y_10/19700101T000000.ecsv
# %ECSV 1.0
# ---
# datatype:
# - {name: wavelength, unit: nm, datatype: float32}
# - {name: efficiency, unit: '%', datatype: float64}
# meta: !!omap
# - {MODE: DETECTOR}
# - {TYPE: transmission_filter_detector}
# - {CALIBDATE: '1970-01-01T00:00:00'}
# - {INSTRUME: LSSTCam}
# - {OBSTYPE: transmission_filter_detector}
# - {CALIBCLS: lsst.ip.isr.IntermediateFilterDetectorTransmissionCurve}
# - {SOURCE: Materion (DM-46256)}
# - {DETECTOR: 90}
# - {FILTER: y_10}
# - {CALIB_ID: 'calibDate=1970-01-01T00:00:00 filter=y_10 detector=90'}
# - {DATE: '2025-04-02T15:59:51.160019'}
# - {CALIB_CREATION_DATE: '2025-04-02'}
# - {CALIB_CREATION_TIME: '15:59:51'}
# - __serialized_columns__:
#     efficiency:
#       __class__: astropy.units.quantity.Quantity
#       unit: !astropy.units.Unit {unit: '%'}
#       value: !astropy.table.SerializedColumn {name: efficiency}
#     wavelength:
#       __class__: astropy.units.quantity.Quantity
#       unit: !astropy.units.Unit {unit: nm}
#       value: !astropy.table.SerializedColumn {name: wavelength}
# schema: astropy-2.0
wavelength efficiency
[from data line 576]
876.0 0.003267891952418722
877.0 0.002195049819420092
878.0 0.001122207959269872
879.0 0.0017518686945550144
880.0 0.07977893692441285
881.0 0.09804099099710584
882.0 0.07620255346409976
883.0 0.10836080182343721
884.0 0.059230049373582006
885.0 0.11399718932807446
886.0 0.08085165754891932
887.0 0.0976672163233161
888.0 0.06158938631415367
889.0 0.10660174302756786
890.0 0.05767786060459912
891.0 0.10807625949382782
892.0 0.07147660944610834
893.0 0.11220726883038878
894.0 0.08478834643028677
895.0 0.11864528059959412
896.0 0.08258651359938085
897.0 0.12795333750545979
898.0 0.09661020594649017
899.0 0.14415130717679858
900.0 0.11192314559593797
901.0 0.15427563339471817
902.0 0.19297609105706215
903.0 0.21109278313815594
904.0 0.2635372104123235
905.0 0.30158706940710545
906.0 0.3756992518901825
907.0 0.4907594993710518
908.0 0.6971227005124092
909.0 0.9579461999237537
910.0 1.3747275806963444
911.0 1.9400713965296745
912.0 2.833438664674759
913.0 4.13450114428997
914.0 5.630301684141159
915.0 7.725300639867783
916.0 10.188592225313187
917.0 12.78519332408905
918.0 15.674738585948944
919.0 18.388350307941437
920.0 22.087518870830536
921.0 26.041483879089355
922.0 30.04513680934906
923.0 34.799179434776306
924.0 39.946478605270386
925.0 45.54921090602875
926.0 52.13441252708435
927.0 59.08498764038086
928.0 65.02849459648132
929.0 71.33651971817017
930.0 76.70311331748962
931.0 81.9007158279419
932.0 86.46360039710999
933.0 90.23236036300659
934.0 92.82721877098083
935.0 94.58894729614258
936.0 95.85602879524231
937.0 96.75166010856628
938.0 97.26332426071167
939.0 97.4771797657013
940.0 97.7329432964325
941.0 97.81028032302856
942.0 97.95389175415039
943.0 98.0184018611908
944.0 98.23113679885864
945.0 98.13640117645264
946.0 98.16848039627075
947.0 98.16813468933105
948.0 98.3316421508789
949.0 98.19534420967102
950.0 98.32296967506409
951.0 98.4159529209137
952.0 98.4728991985321
953.0 98.64199161529541
954.0 98.71357083320618
955.0 98.76546859741211
956.0 98.9416778087616
957.0 99.05385375022888
958.0 99.18569922447205
959.0 99.20262098312378
960.0 99.27731156349182
961.0 99.30082559585571
962.0 99.37545657157898
963.0 99.39478039741516
964.0 99.39068555831909
965.0 99.38480854034424
966.0 99.4713842868805
967.0 99.56828951835632
968.0 99.54226016998291
969.0 99.53860640525818
970.0 99.58882331848145
971.0 99.65543746948242
972.0 99.63265657424927
973.0 99.77021217346191
974.0 99.73349571228027
975.0 99.6823787689209
976.0 99.73952174186707
977.0 99.68451857566833
978.0 99.76326823234558
979.0 99.66365098953247
980.0 99.6019721031189
981.0 99.51892495155334
982.0 99.46127533912659
983.0 99.49139952659607
984.0 99.41160082817078
985.0 99.49338436126709
986.0 99.3638277053833
987.0 99.44265484809875
988.0 99.37708377838135
989.0 99.39748644828796
990.0 99.3496298789978
991.0 99.41037893295288
992.0 99.4749128818512
993.0 99.44367408752441
994.0 99.41274523735046
995.0 99.49851036071777
996.0 99.48054552078247
997.0 99.6073842048645
998.0 99.64001178741455
999.0 99.67299103736877
1000.0 99.65918064117432
1001.0 99.61917996406555
1002.0 99.74843859672546
1003.0 99.75789785385132
1004.0 99.80804324150085
1005.0 99.71315264701843
1006.0 99.84674453735352
1007.0 99.79114532470703
1008.0 99.76033568382263
1009.0 99.69128966331482
1010.0 99.73597526550293
1011.0 99.7478723526001
1012.0 99.64753985404968
1013.0 99.675452709198
1014.0 99.66779947280884
1015.0 99.63513612747192
1016.0 99.62344765663147
1017.0 99.65590834617615
1018.0 99.70438480377197
1019.0 99.64555501937866
1020.0 99.71085786819458
1021.0 99.8790442943573
1022.0 99.72001314163208
1023.0 99.75279569625854
1024.0 99.73752498626709
1025.0 99.76608753204346
1026.0 99.82491731643677
1027.0 99.92155432701111
1028.0 99.82360005378723
1029.0 99.94583129882812
1030.0 99.97059106826782
1031.0 99.90332126617432
1032.0 99.93308782577515
1033.0 99.84195232391357
1034.0 99.90553855895996
1035.0 99.9676764011383
1036.0 99.87365007400513
1037.0 99.8262345790863
1038.0 99.88656640052795
1039.0 99.74496364593506
1040.0 99.7218668460846
1041.0 99.75440502166748
1042.0 99.75325465202332
1043.0 99.66402053833008
1044.0 99.76419806480408
1045.0 99.51560497283936
1046.0 99.73270893096924
1047.0 99.6440052986145
1048.0 99.67933893203735
1049.0 99.63433146476746
1050.0 99.72419738769531
1051.0 99.59006905555725
1052.0 99.58625435829163
1053.0 99.5099663734436
1054.0 99.75523948669434
1055.0 99.81821775436401
1056.0 99.6685266494751
1057.0 99.83198642730713
1058.0 99.61713552474976
1059.0 99.65890049934387
1060.0 99.68911409378052
1061.0 99.58563446998596
1062.0 99.61544871330261
1063.0 99.55304265022278
1064.0 99.75266456604004
1065.0 99.6128797531128
1066.0 99.56596493721008
1067.0 99.79807138442993
1068.0 99.636310338974
1069.0 99.32191371917725
1070.0 99.64470863342285
1071.0 99.48934316635132
1072.0 99.65959191322327
1073.0 99.70024824142456
1074.0 99.34465289115906
1075.0 99.41203594207764
1076.0 99.15083050727844
1077.0 99.4630217552185
1078.0 99.83087182044983
1079.0 99.444580078125
1080.0 100.16831159591675
1081.0 99.21988248825073
1082.0 99.43161010742188
1083.0 99.26994442939758
1084.0 99.60364699363708
1085.0 99.60089325904846
1086.0 99.33090209960938
1087.0 99.42954778671265
1088.0 99.26733374595642
1089.0 99.19525384902954
1090.0 99.16085004806519
1091.0 99.27328824996948
1092.0 99.1058349609375
1093.0 99.02146458625793
1094.0 98.85090589523315
1095.0 98.96788597106934
1096.0 99.1282045841217
1097.0 98.68494272232056
1098.0 98.31668138504028
1099.0 99.05974268913269
1100.0 98.63281846046448
