lsstcam/qe_curves/r31_s22/19700101T000000.ecsv
# %ECSV 0.9
# ---
# datatype:
# - {name: amp_name, datatype: string}
# - {name: wavelength, unit: nm, datatype: float32}
# - {name: efficiency, unit: '%', datatype: float32}
# meta: !!omap
# - {MODE: AMP}
# - {TYPE: QE}
# - {CALIBDATE: '1970-01-01T00:00:00'}
# - {INSTRUME: LSSTCAM}
# - {OBSTYPE: qe_curves}
# - {DETECTOR: 134}
# - {PICKLEFILE: RaftRun11903.p}
# - {CALIB_ID: 'raftName=R31 detectorName=S22 detector=134 calibDate=1970-01-01T00:00:00 ccd=134 ccdnum=134 filter=None'}
# - {DATE: '2020-01-23T01:58:27.752020'}
# - {CALIB_CREATION_DATE: '2020-01-23'}
# - {CALIB_CREATION_TIME: '01:58:27'}
# - __serialized_columns__:
#     efficiency:
#       __class__: astropy.units.quantity.Quantity
#       unit: !astropy.units.Unit {unit: '%'}
#       value: !astropy.table.SerializedColumn {name: efficiency}
#     wavelength:
#       __class__: astropy.units.quantity.Quantity
#       unit: !astropy.units.Unit {unit: nm}
#       value: !astropy.table.SerializedColumn {name: wavelength}
# schema: astropy-2.0
amp_name wavelength efficiency
C07 319.994 39.16999
C07 324.969 44.227234
C07 349.982 65.876686
C07 374.975 71.850716
C07 400.019 81.37578
C07 424.965 84.14317
C07 450.035 86.39339
C07 475.003 89.40324
C07 500.018 91.408875
C07 525.002 93.460304
C07 550.029 96.21999
C07 575.023 97.362
C07 599.982 97.78646
C07 619.997 97.92441
C07 624.979 98.974594
C07 650.012 98.52802
C07 675.004 99.04401
C07 700.03 98.130806
C07 725.012 98.67594
C07 750.022 98.99027
C07 774.987 99.05284
C07 799.976 98.306114
C07 824.988 96.56539
C07 850.022 95.01277
C07 869.967 91.90123
C07 875.002 90.99484
C07 899.999 83.942085
C07 919.999 74.03567
C07 925.012 71.66623
C07 949.965 58.756786
C07 975.002 44.152805
C07 999.976 27.414175
C07 1025.028 12.090319
C07 1050.014 4.3917284
C07 1075.002 2.4071612
C07 1099.99 1.8167561
C11 319.994 40.29038
C11 324.969 45.503765
C11 349.982 68.010895
C11 374.975 73.87664
C11 400.019 82.60735
C11 424.965 84.95592
C11 450.035 86.98752
C11 475.003 89.87182
C11 500.018 91.798706
C11 525.002 93.79781
C11 550.029 96.537605
C11 575.023 97.660385
C11 599.982 98.07972
C11 619.997 98.21722
C11 624.979 99.26486
C11 650.012 98.81702
C11 675.004 99.326256
C11 700.03 98.36146
C11 725.012 98.75348
C11 750.022 98.887344
C11 774.987 98.77692
C11 799.976 97.95383
C11 824.988 96.206856
C11 850.022 94.55603
C11 869.967 91.39753
C11 875.002 90.500916
C11 899.999 83.52939
C11 919.999 73.85151
C11 925.012 71.501045
C11 949.965 58.29906
C11 975.002 43.695724
C11 999.976 27.075592
C11 1025.028 11.930965
C11 1050.014 4.29915
C11 1075.002 2.3469448
C11 1099.99 1.7823246
C01 319.994 38.465046
C01 324.969 43.437244
C01 349.982 64.95795
C01 374.975 71.24775
C01 400.019 81.180595
C01 424.965 84.134544
C01 450.035 86.47767
C01 475.003 89.54191
C01 500.018 91.59299
C01 525.002 93.67584
C01 550.029 96.47383
C01 575.023 97.64982
C01 599.982 98.10476
C01 619.997 98.26951
C01 624.979 99.32578
C01 650.012 98.906746
C01 675.004 99.44362
C01 700.03 98.5151
C01 725.012 99.00746
C01 750.022 99.25398
C01 774.987 99.26811
C01 799.976 98.49873
C01 824.988 96.737526
C01 850.022 95.12517
C01 869.967 91.937256
C01 875.002 91.02468
C01 899.999 83.979126
C01 919.999 74.13446
C01 925.012 71.77986
C01 949.965 58.591854
C01 975.002 43.931175
C01 999.976 27.282671
C01 1025.028 12.043663
C01 1050.014 4.3275175
C01 1075.002 2.3727698
C01 1099.99 1.7979445
C03 319.994 38.8078
C03 324.969 43.821648
C03 349.982 65.50142
C03 374.975 71.68941
C03 400.019 81.37599
C03 424.965 84.21082
C03 450.035 86.49099
C03 475.003 89.518265
C03 500.018 91.54519
C03 525.002 93.609314
C03 550.029 96.39338
C03 575.023 97.55224
C03 599.982 98.00225
C03 619.997 98.156815
C03 624.979 99.211754
C03 650.012 98.78212
C03 675.004 99.31853
C03 700.03 98.40793
C03 725.012 98.95752
C03 750.022 99.27823
C03 774.987 99.366905
C03 799.976 98.62074
C03 824.988 96.85665
C03 850.022 95.271965
C03 869.967 92.08289
C03 875.002 91.15137
C03 899.999 84.05057
C03 919.999 74.15718
C03 925.012 71.78777
C03 949.965 58.64215
C03 975.002 44.0408
C03 999.976 27.35171
C03 1025.028 12.074328
C03 1050.014 4.3219786
C03 1075.002 2.3719265
C03 1099.99 1.8023688
C04 319.994 38.998524
C04 324.969 44.036667
C04 349.982 65.79329
C04 374.975 71.91312
C04 400.019 81.467445
C04 424.965 84.235596
C04 450.035 86.48264
C04 475.003 89.48902
C04 500.018 91.49675
C04 525.002 93.5542
C04 550.029 96.325935
C04 575.023 97.4841
C04 599.982 97.925095
C04 619.997 98.07552
C04 624.979 99.13085
C04 650.012 98.70066
C04 675.004 99.23033
C04 700.03 98.33094
C04 725.012 98.905
C04 750.022 99.26191
C04 774.987 99.37755
C04 799.976 98.64694
C04 824.988 96.87921
C04 850.022 95.3117
C04 869.967 92.137215
C04 875.002 91.22031
C04 899.999 84.0527
C04 919.999 74.14378
C04 925.012 71.742096
C04 949.965 58.6723
C04 975.002 44.119205
C04 999.976 27.387583
C04 1025.028 12.049752
C04 1050.014 4.3248196
C04 1075.002 2.3770335
C04 1099.99 1.8055954
C06 319.994 39.176846
C06 324.969 44.238434
C06 349.982 66.01299
C06 374.975 72.036385
C06 400.019 81.47598
C06 424.965 84.192505
C06 450.035 86.41384
C06 475.003 89.40567
C06 500.018 91.403175
C06 525.002 93.44713
C06 550.029 96.208534
C06 575.023 97.35413
C06 599.982 97.78581
C06 619.997 97.93133
C06 624.979 98.98003
C06 650.012 98.54215
C06 675.004 99.06627
C06 700.03 98.17345
C06 725.012 98.75727
C06 750.022 99.12593
C06 774.987 99.24655
C06 799.976 98.52133
C06 824.988 96.76458
C06 850.022 95.21572
C06 869.967 92.06961
C06 875.002 91.157394
C06 899.999 84.00917
C06 919.999 74.0815
C06 925.012 71.71064
C06 949.965 58.75252
C06 975.002 44.195827
C06 999.976 27.410545
C06 1025.028 12.045465
C06 1050.014 4.357336
C06 1075.002 2.3937702
C06 1099.99 1.8127367
C02 319.994 38.642643
C02 324.969 43.636795
C02 349.982 65.24359
C02 374.975 71.463326
C02 400.019 81.228096
C02 424.965 84.10275
C02 450.035 86.40228
C02 475.003 89.44248
C02 500.018 91.47446
C02 525.002 93.544106
C02 550.029 96.33004
C02 575.023 97.49731
C02 599.982 97.95106
C02 619.997 98.10591
C02 624.979 99.160034
C02 650.012 98.73818
C02 675.004 99.27388
C02 700.03 98.35624
C02 725.012 98.8733
C02 750.022 99.159065
C02 774.987 99.20952
C02 799.976 98.45023
C02 824.988 96.68824
C02 850.022 95.089455
C02 869.967 91.900375
C02 875.002 90.99845
C02 899.999 83.95824
C02 919.999 74.109314
C02 925.012 71.65189
C02 949.965 58.463734
C02 975.002 43.98912
C02 999.976 27.316433
C02 1025.028 12.052606
C02 1050.014 4.3149705
C02 1075.002 2.3676345
C02 1099.99 1.7984124
C17 319.994 39.30335
C17 324.969 44.39172
C17 349.982 66.46688
C17 374.975 72.64988
C17 400.019 82.02244
C17 424.965 84.69001
C17 450.035 86.88195
C17 475.003 89.86613
C17 500.018 91.85558
C17 525.002 93.90756
C17 550.029 96.68397
C17 575.023 97.84143
C17 599.982 98.28563
C17 619.997 98.436554
C17 624.979 99.49234
C17 650.012 99.06142
C17 675.004 99.57047
C17 700.03 98.54578
C17 725.012 98.7619
C17 750.022 98.65499
C17 774.987 98.31799
C17 799.976 97.39621
C17 824.988 95.662186
C17 850.022 93.905365
C17 869.967 90.67678
C17 875.002 89.788376
C17 899.999 83.03595
C17 919.999 73.52353
C17 925.012 71.16731
C17 949.965 57.5855
C17 975.002 42.973747
C17 999.976 26.761978
C17 1025.028 11.938817
C17 1050.014 4.297424
C17 1075.002 2.3156743
C17 1099.99 1.7548593
C05 319.994 39.183285
C05 324.969 44.244015
C05 349.982 66.06413
C05 374.975 72.10742
C05 400.019 81.53647
C05 424.965 84.24844
C05 450.035 86.46684
C05 475.003 89.459755
C05 500.018 91.45866
C05 525.002 93.505135
C05 550.029 96.26878
C05 575.023 97.418884
C05 599.982 97.857605
C05 619.997 98.00522
C05 624.979 99.05543
C05 650.012 98.621284
C05 675.004 99.15076
C05 700.03 98.25698
C05 725.012 98.8502
C05 750.022 99.226654
C05 774.987 99.360756
C05 799.976 98.63918
C05 824.988 96.87205
C05 850.022 95.312416
C05 869.967 92.15511
C05 875.002 91.244606
C05 899.999 84.06561
C05 919.999 74.1424
C05 925.012 71.77317
C05 949.965 58.746914
C05 975.002 44.23014
C05 999.976 27.405214
C05 1025.028 12.044407
C05 1050.014 4.344004
C05 1075.002 2.3866138
C05 1099.99 1.8105502
C00 319.994 38.132896
C00 324.969 43.057877
C00 349.982 64.29
C00 374.975 70.54134
C00 400.019 80.72526
C00 424.965 83.83094
C00 450.035 86.2585
C00 475.003 89.37518
C00 500.018 91.457344
C00 525.002 93.56079
C00 550.029 96.36762
C00 575.023 97.54519
C00 599.982 98.00484
C00 619.997 98.16256
C00 624.979 99.218704
C00 650.012 98.79528
C00 675.004 99.32597
C00 700.03 98.380615
C00 725.012 98.84374
C00 750.022 99.04528
C00 774.987 99.02537
C00 799.976 98.23531
C00 824.988 96.47864
C00 850.022 94.859116
C00 869.967 91.69139
C00 875.002 90.7192
C00 899.999 83.79461
C00 919.999 74.061874
C00 925.012 71.70131
C00 949.965 58.272125
C00 975.002 43.55861
C00 999.976 27.129791
C00 1025.028 12.079724
C00 1050.014 4.345813
C00 1075.002 2.3682146
C00 1099.99 1.7901382
C12 319.994 40.151573
C12 324.969 45.349827
C12 349.982 67.86944
C12 374.975 73.80918
C12 400.019 82.543915
C12 424.965 84.89306
C12 450.035 86.920715
C12 475.003 89.80176
C12 500.018 91.72633
C12 525.002 93.72812
C12 550.029 96.4671
C12 575.023 97.600525
C12 599.982 98.020744
C12 619.997 98.16472
C12 624.979 99.21523
C12 650.012 98.77599
C12 675.004 99.288315
C12 700.03 98.32619
C12 725.012 98.72112
C12 750.022 98.85346
C12 774.987 98.74462
C12 799.976 97.92164
C12 824.988 96.17245
C12 850.022 94.503204
C12 869.967 91.322914
C12 875.002 90.41902
C12 899.999 83.451035
C12 919.999 73.71741
C12 925.012 71.35846
C12 949.965 58.13358
C12 975.002 43.490326
C12 999.976 26.991823
C12 1025.028 11.923315
C12 1050.014 4.2807446
C12 1075.002 2.3333302
C12 1099.99 1.7753023
C14 319.994 39.65913
C14 324.969 44.79571
C14 349.982 67.120094
C14 374.975 73.20049
C14 400.019 82.13964
C14 424.965 84.58144
C14 450.035 86.653
C14 475.003 89.551994
C14 500.018 91.49348
C14 525.002 93.50273
C14 550.029 96.25002
C14 575.023 97.38968
C14 599.982 97.82146
C14 619.997 97.972534
C14 624.979 99.02528
C14 650.012 98.593704
C14 675.004 99.10868
C14 700.03 98.12996
C14 725.012 98.46217
C14 750.022 98.515434
C14 774.987 98.32909
C14 799.976 97.47775
C14 824.988 95.74351
C14 850.022 94.06157
C14 869.967 90.8877
C14 875.002 89.97999
C14 899.999 83.07258
C14 919.999 73.48863
C14 925.012 71.16989
C14 949.965 57.873207
C14 975.002 43.2492
C14 999.976 26.88867
C14 1025.028 11.88925
C14 1050.014 4.267486
C14 1075.002 2.3228085
C14 1099.99 1.7668372
C10 319.994 40.259636
C10 324.969 45.4669
C10 349.982 67.87046
C10 374.975 73.689384
C10 400.019 82.465996
C10 424.965 84.85044
C10 450.035 86.90272
C10 475.003 89.79782
C10 500.018 91.73136
C10 525.002 93.732605
C10 550.029 96.46758
C10 575.023 97.58918
C10 599.982 98.00194
C10 619.997 98.13698
C10 624.979 99.18072
C10 650.012 98.72914
C10 675.004 99.23146
C10 700.03 98.25094
C10 725.012 98.60251
C10 750.022 98.68094
C10 774.987 98.51498
C10 799.976 97.67279
C10 824.988 95.95085
C10 850.022 94.30338
C10 869.967 91.13179
C10 875.002 90.24346
C10 899.999 83.47079
C10 919.999 73.79975
C10 925.012 71.464226
C10 949.965 58.160736
C10 975.002 43.600643
C10 999.976 27.0022
C10 1025.028 12.020209
C10 1050.014 4.339858
C10 1075.002 2.3577554
C10 1099.99 1.7847457
C15 319.994 39.630463
C15 324.969 44.763184
C15 349.982 67.1445
C15 374.975 73.32204
C15 400.019 82.35385
C15 424.965 84.82806
C15 450.035 86.912926
C15 475.003 89.82932
C15 500.018 91.7818
C15 525.002 93.80282
C15 550.029 96.565056
C15 575.023 97.71723
C15 599.982 98.15619
C15 619.997 98.31155
C15 624.979 99.367256
C15 650.012 98.94182
C15 675.004 99.46267
C15 700.03 98.47056
C15 725.012 98.76807
C15 750.022 98.76858
C15 774.987 98.53483
C15 799.976 97.659676
C15 824.988 95.92939
C15 850.022 94.220955
C15 869.967 91.00471
C15 875.002 90.10688
C15 899.999 83.28118
C15 919.999 73.6864
C15 925.012 71.3191
C15 949.965 57.85921
C15 975.002 43.261795
C15 999.976 26.914326
C15 1025.028 11.970787
C15 1050.014 4.283431
C15 1075.002 2.3220334
C15 1099.99 1.7657541
C13 319.994 39.97164
C13 324.969 45.14617
C13 349.982 67.60846
C13 374.975 73.61852
C13 400.019 82.44448
C13 424.965 84.83546
C13 450.035 86.87904
C13 475.003 89.770096
C13 500.018 91.70377
C13 525.002 93.71172
C13 550.029 96.45363
C13 575.023 97.59139
C13 599.982 98.0192
C13 619.997 98.16662
C13 624.979 99.21686
C13 650.012 98.78216
C13 675.004 99.29521
C13 700.03 98.32622
C13 725.012 98.69495
C13 750.022 98.79246
C13 774.987 98.65356
C13 799.976 97.81748
C13 824.988 96.0755
C13 850.022 94.39865
C13 869.967 91.21104
C13 875.002 90.30215
C13 899.999 83.34217
C13 919.999 73.6738
C13 925.012 71.32602
C13 949.965 58.081543
C13 975.002 43.406715
C13 999.976 26.975632
C13 1025.028 11.915255
C13 1050.014 4.2737045
C13 1075.002 2.3299272
C13 1099.99 1.7716284
C16 319.994 39.336224
C16 324.969 44.42997
C16 349.982 66.64498
C16 374.975 72.85654
C16 400.019 81.9805
C16 424.965 84.50673
C16 450.035 86.618675
C16 475.003 89.54443
C16 500.018 91.502106
C16 525.002 93.52633
C16 550.029 96.28491
C16 575.023 97.43518
C16 599.982 97.87702
C16 619.997 98.035675
C16 624.979 99.08696
C16 650.012 98.66568
C16 675.004 99.18038
C16 700.03 98.18132
C16 725.012 98.43917
C16 750.022 98.387695
C16 774.987 98.103615
C16 799.976 97.209755
C16 824.988 95.483025
C16 850.022 93.76108
C16 869.967 90.55499
C16 875.002 89.66613
C16 899.999 82.89826
C16 919.999 73.39326
C16 925.012 71.04128
C16 949.965 57.549976
C16 975.002 42.994957
C16 999.976 26.751122
C16 1025.028 11.8909
C16 1050.014 4.267679
C16 1075.002 2.3109834
C16 1099.99 1.75639
