lsstCam/transmission_filter_detector/r04_sw0/u_24/19700101T000000.ecsv
# %ECSV 1.0
# ---
# datatype:
# - {name: wavelength, unit: nm, datatype: float32}
# - {name: efficiency, unit: '%', datatype: float64}
# meta: !!omap
# - {MODE: DETECTOR}
# - {TYPE: transmission_filter_detector}
# - {CALIBDATE: '1970-01-01T00:00:00'}
# - {INSTRUME: LSSTCam}
# - {OBSTYPE: transmission_filter_detector}
# - {CALIBCLS: lsst.ip.isr.IntermediateFilterDetectorTransmissionCurve}
# - {SOURCE: Materion (DM-46256)}
# - {DETECTOR: 195}
# - {FILTER: u_24}
# - {CALIB_ID: 'calibDate=1970-01-01T00:00:00 filter=u_24 detector=195'}
# - {DATE: '2025-04-02T15:59:40.655045'}
# - {CALIB_CREATION_DATE: '2025-04-02'}
# - {CALIB_CREATION_TIME: '15:59:40'}
# - __serialized_columns__:
#     efficiency:
#       __class__: astropy.units.quantity.Quantity
#       unit: !astropy.units.Unit {unit: '%'}
#       value: !astropy.table.SerializedColumn {name: efficiency}
#     wavelength:
#       __class__: astropy.units.quantity.Quantity
#       unit: !astropy.units.Unit {unit: nm}
#       value: !astropy.table.SerializedColumn {name: wavelength}
# schema: astropy-2.0
wavelength efficiency
295.0 1.6720730702801667e-10
296.0 1.6720730702801667e-10
297.0 1.6720730702801667e-10
298.0 1.6720730702801667e-10
299.0 0.14750153059139848
300.0 1.6720730702801667e-10
301.0 1.6720730702801667e-10
302.0 0.008546162280254066
303.0 1.6720730702801667e-10
304.0 0.5547626409679651
305.0 1.055301632732153
306.0 2.692433074116707
307.0 4.267818108201027
308.0 6.9374047219753265
309.0 10.470397770404816
310.0 13.990907371044159
311.0 18.04530769586563
312.0 21.722038090229034
313.0 24.70102161169052
314.0 27.522045373916626
315.0 29.92226779460907
316.0 32.12670087814331
317.0 34.99535322189331
318.0 38.58184814453125
319.0 42.93570518493652
320.0 49.119582772254944
321.0 54.64327335357666
322.0 60.49804091453552
323.0 65.50124883651733
324.0 69.42372918128967
325.0 72.059565782547
326.0 74.20522570610046
327.0 76.00772380828857
328.0 77.62472033500671
329.0 78.97982001304626
330.0 80.10979294776917
331.0 80.4711103439331
332.0 80.80300092697144
333.0 80.83856105804443
334.0 80.73627948760986
335.0 81.10533952713013
336.0 81.56977891921997
337.0 82.15832114219666
338.0 83.09136033058167
339.0 83.61261487007141
340.0 83.88383388519287
341.0 84.4034731388092
342.0 84.67621803283691
343.0 84.62212085723877
344.0 84.88602042198181
345.0 85.32904386520386
346.0 85.6045126914978
347.0 85.99480390548706
348.0 86.16815209388733
349.0 86.43370270729065
350.0 86.45516037940979
351.0 86.66995167732239
352.0 86.52667999267578
353.0 86.52687668800354
354.0 86.44354939460754
355.0 86.67716383934021
356.0 86.7998480796814
357.0 86.6806149482727
358.0 86.343514919281
359.0 86.02511286735535
360.0 85.84679365158081
361.0 85.67123413085938
362.0 85.48805713653564
363.0 85.69998145103455
364.0 85.79776883125305
365.0 86.17283701896667
366.0 86.46230101585388
367.0 86.54664754867554
368.0 86.65416836738586
369.0 86.73118352890015
370.0 86.59152388572693
371.0 86.48387789726257
372.0 86.5800142288208
373.0 86.7531418800354
374.0 86.82891726493835
375.0 87.1233880519867
376.0 87.28668093681335
377.0 87.35606670379639
378.0 87.32560276985168
379.0 86.84032559394836
380.0 85.91142296791077
381.0 84.4373106956482
382.0 82.54123330116272
383.0 80.5306613445282
384.0 78.36982607841492
385.0 75.85627436637878
386.0 73.10078144073486
387.0 69.48819756507874
388.0 65.82046747207642
389.0 61.463767290115356
390.0 57.22373723983765
391.0 52.987343072891235
392.0 48.69965612888336
393.0 45.07123827934265
394.0 41.51635468006134
395.0 37.39851713180542
396.0 32.92248845100403
397.0 26.909440755844116
398.0 20.328952372074127
399.0 13.588349521160126
400.0 7.9281240701675415
401.0 3.845008462667465
402.0 1.4043371193110943
403.0 0.44338181614875793
404.0 0.19504667725414038
405.0 0.07905921083875
406.0 0.023003383830655366
407.0 1.6720730702801667e-10
408.0 1.6720730702801667e-10
409.0 1.6720730702801667e-10
410.0 1.6720730702801667e-10
411.0 1.6720730702801667e-10
412.0 1.6720730702801667e-10
413.0 1.6720730702801667e-10
414.0 1.6720730702801667e-10
415.0 1.6720730702801667e-10
416.0 1.6720730702801667e-10
417.0 1.6720730702801667e-10
418.0 1.6720730702801667e-10
419.0 1.6720730702801667e-10
420.0 1.6720730702801667e-10
421.0 1.6720730702801667e-10
422.0 1.6720730702801667e-10
423.0 1.6720730702801667e-10
424.0 1.6720730702801667e-10
425.0 1.6720730702801667e-10
426.0 1.6720730702801667e-10
427.0 0.0005331475222192239
428.0 0.002258784843434114
429.0 0.0010135368029295933
430.0 1.6720730702801667e-10
431.0 1.6720730702801667e-10
432.0 1.6720730702801667e-10
433.0 1.6720730702801667e-10
434.0 1.6720730702801667e-10
435.0 1.6720730702801667e-10
436.0 1.6720730702801667e-10
437.0 1.6720730702801667e-10
438.0 1.6720730702801667e-10
439.0 0.000574034402234247
440.0 0.0022814105250290595
441.0 0.00048128808884939644
442.0 1.6720730702801667e-10
443.0 1.6720730702801667e-10
444.0 1.6720730702801667e-10
445.0 1.6720730702801667e-10
446.0 0.0008458269803668372
447.0 9.174270871881163e-05
448.0 1.6720730702801667e-10
449.0 0.00030073003927100217
450.0 0.0012638015505217481
451.0 1.6720730702801667e-10
452.0 1.6720730702801667e-10
453.0 1.6720730702801667e-10
454.0 1.6720730702801667e-10
455.0 1.6720730702801667e-10
456.0 1.6720730702801667e-10
457.0 1.6720730702801667e-10
458.0 1.6720730702801667e-10
459.0 1.6720730702801667e-10
460.0 1.6720730702801667e-10
461.0 1.6720730702801667e-10
462.0 1.6720730702801667e-10
463.0 1.6720730702801667e-10
464.0 0.00014656096709586564
465.0 6.933243525963917e-05
466.0 1.6720730702801667e-10
467.0 1.6720730702801667e-10
468.0 1.6720730702801667e-10
469.0 1.6720730702801667e-10
470.0 0.0005981978574709501
471.0 0.00010740315019575064
472.0 1.6720730702801667e-10
473.0 1.6720730702801667e-10
474.0 1.6720730702801667e-10
475.0 1.6720730702801667e-10
476.0 1.6720730702801667e-10
477.0 0.00031117142498260364
478.0 0.0007504242603317834
479.0 0.0004943232852383517
480.0 0.00023822265120543307
481.0 0.00037375036754383473
482.0 0.0005092781066196039
483.0 1.6720730702801667e-10
484.0 1.6720730702801667e-10
485.0 1.6720730702801667e-10
486.0 1.6720730702801667e-10
487.0 1.6720730702801667e-10
488.0 1.6720730702801667e-10
489.0 1.6720730702801667e-10
490.0 1.6720730702801667e-10
491.0 1.6720730702801667e-10
492.0 5.207257913752983e-05
493.0 1.6720730702801667e-10
494.0 1.6720730702801667e-10
495.0 9.64254240898299e-05
496.0 0.0009924889127432834
497.0 0.00040897612052503973
498.0 1.6720730702801667e-10
499.0 0.0003605922074711998
500.0 0.0008957216778071597
501.0 0.00034709701139945537
502.0 1.6720730702801667e-10
503.0 1.6720730702801667e-10
504.0 1.6720730702801667e-10
505.0 1.6720730702801667e-10
506.0 0.00035130078686052
507.0 1.6720730702801667e-10
508.0 1.6720730702801667e-10
509.0 1.6720730702801667e-10
510.0 1.6720730702801667e-10
511.0 1.6720730702801667e-10
512.0 0.0003240403657400748
513.0 0.0004886218448518775
514.0 0.0006532030965900049
515.0 0.0006563049282704014
516.0 0.0006594067144760629
517.0 0.00023280024379346287
518.0 1.6720730702801667e-10
519.0 2.0641596165660303e-05
520.0 0.00023508939648309024
521.0 0.00039530154936073814
522.0 0.0005555135885515483
523.0 0.00020361617316666525
524.0 1.6720730702801667e-10
525.0 1.6720730702801667e-10
526.0 1.6720730702801667e-10
527.0 1.6720730702801667e-10
528.0 1.6720730702801667e-10
529.0 1.6720730702801667e-10
530.0 1.6720730702801667e-10
531.0 0.00021823552742716856
532.0 0.0004708363121608272
533.0 9.953622992497912e-06
534.0 1.6720730702801667e-10
535.0 1.6720730702801667e-10
536.0 1.9787637484114384e-05
537.0 1.6720730702801667e-10
538.0 1.6720730702801667e-10
539.0 1.6720730702801667e-10
540.0 4.311579004934174e-05
541.0 1.6720730702801667e-10
542.0 1.6720730702801667e-10
543.0 1.6720730702801667e-10
544.0 1.6720730702801667e-10
545.0 1.6720730702801667e-10
546.0 1.6720730702801667e-10
547.0 1.3800357123727736e-05
548.0 0.0003343884600326419
549.0 1.6720730702801667e-10
550.0 1.6720730702801667e-10
551.0 1.6720730702801667e-10
552.0 1.6720730702801667e-10
553.0 1.6720730702801667e-10
554.0 1.6720730702801667e-10
555.0 1.6720730702801667e-10
556.0 1.6720730702801667e-10
557.0 1.6720730702801667e-10
558.0 1.6720730702801667e-10
559.0 1.6720730702801667e-10
560.0 0.00020692132238764316
561.0 4.7612982712053054e-05
562.0 1.6720730702801667e-10
563.0 1.6720730702801667e-10
564.0 1.6720730702801667e-10
565.0 1.6720730702801667e-10
566.0 1.6720730702801667e-10
567.0 4.547507614915958e-05
568.0 0.00014798645224800566
569.0 0.00035555651720642345
570.0 0.0005631263775285333
571.0 0.0004529931629804196
572.0 0.00034286010759387864
573.0 0.00041257881093770266
574.0 0.00048229785534203984
575.0 0.00018473028831067495
576.0 1.6720730702801667e-10
577.0 0.00016287469861708814
578.0 0.00043858653953066096
579.0 0.0004348438324086601
580.0 0.0004311011252866592
581.0 0.0008909496500564273
582.0 0.0013507985386240762
583.0 0.0015197766515484545
584.0 0.0016887550373212434
585.0 0.0014409254617930856
586.0 0.0011930956134165172
587.0 0.0011690380233631004
588.0 0.0011449804333096836
589.0 0.0009136291737377178
590.0 0.0006822776867920766
591.0 0.0009035873517859727
592.0 0.001124897062254604
593.0 0.0009471516023040749
594.0 0.000769405687606195
595.0 0.0006841768026788486
596.0 0.000598947781327297
597.0 0.000907883259060327
598.0 0.0012168184184702113
599.0 0.0016896614397410303
600.0 0.0021625044610118493
601.0 0.0024461223802063614
602.0 0.002729740663198754
603.0 0.0023681806851527654
604.0 0.002006620889005717
605.0 0.001584153505973518
606.0 0.0011616858500929084
607.0 0.001014079407468671
608.0 0.0008664728738949634
609.0 0.0005339912604540586
610.0 0.00020150964701315388
611.0 0.00041063390199269634
612.0 0.0006197582024469739
613.0 0.0006753559773642337
614.0 0.0007309537522814935
615.0 0.0009218020750267897
616.0 0.0011126503522973508
617.0 0.000962171998253325
618.0 0.0008116936442092992
619.0 0.0004872874342254363
620.0 0.000162881292453676
621.0 0.0004516684384725522
622.0 0.0007404554708045907
623.0 0.0006478859631897649
624.0 0.0005553165919991443
625.0 0.0007521124643972144
626.0 0.0009489082913205493
627.0 0.0008637975042802282
628.0 0.0007786868081893772
629.0 0.0009860890713753179
630.0 0.001193491516460199
631.0 0.0015880665159784257
632.0 0.001982641697395593
633.0 0.002146636506950017
634.0 0.002310631134605501
635.0 0.0024121856768033467
636.0 0.0025137400371022522
637.0 0.0022427971998695284
638.0 0.0019718543626368046
639.0 0.0013480578672897536
640.0 0.0007242609171953518
641.0 0.0007864124199841172
642.0 0.0008485639227728825
643.0 0.0006346991995087592
644.0 0.0004208344307699008
645.0 0.00045230831346998457
646.0 0.00048378210522059817
647.0 0.00026164541395701235
648.0 3.9508890381512174e-05
649.0 3.4092886380676646e-05
650.0 2.867700743536261e-05
651.0 0.0005161864464753307
652.0 0.0010036961612058803
653.0 0.0013328552995517384
654.0 0.0016620138922007754
655.0 0.0016375390259781852
656.0 0.001613064159755595
657.0 0.002652201510500163
658.0 0.0036913392250426114
659.0 0.004199571048957296
660.0 0.004707802145276219
661.0 0.004419908509589732
662.0 0.004132014510105364
663.0 0.0030073808375163935
664.0 0.0018827473468263634
665.0 0.0016191665054066107
666.0 0.0013555853001889773
667.0 0.0012545985555334482
668.0 0.0011536116289789788
669.0 0.0008460507160634734
670.0 0.0005384898031479679
671.0 0.000591479692957364
672.0 0.00064446949181729
673.0 0.0004940770850225817
674.0 0.0003436846782278735
675.0 0.0006607257546420442
676.0 0.000977766922005685
677.0 0.0016640669855405577
678.0 0.002350367321923841
679.0 0.0024203696739277802
680.0 0.002490371662133839
681.0 0.003478936559986323
682.0 0.004467501275939867
683.0 0.006304080307018012
684.0 0.00814066079328768
685.0 0.008843719842843711
686.0 0.009546781802782789
687.0 0.008545257878722623
688.0 0.007543736137449741
689.0 0.005898666131542996
690.0 0.0042535964894341305
691.0 0.0038094418414402753
692.0 0.00336528719344642
693.0 0.0030844421416986734
694.0 0.002803597271849867
695.0 0.0023886763301561587
696.0 0.0019737553884624504
697.0 0.0013520237189368345
698.0 0.0007302917765628081
699.0 0.0006054578989278525
700.0 0.00048062393034342676
701.0 0.00035364937502890825
702.0 0.000226674956138595
703.0 0.0004299155534681631
704.0 0.0006331563326966716
705.0 0.0006836021839262685
706.0 0.0007340481715800706
707.0 0.0008479176358378027
708.0 0.000961786736297654
709.0 0.0006597912033612374
710.0 0.00035779546578851296
711.0 0.0005346899342839606
712.0 0.0007115842436178355
713.0 0.0007721938345639501
714.0 0.0008328034709847998
715.0 0.0006086166649765801
716.0 0.00038442981349362526
717.0 0.000514536804985255
718.0 0.0006446436600526795
719.0 0.0005423962193162879
720.0 0.00044014873310516123
721.0 0.00040493350752512924
722.0 0.0003697182592077297
723.0 0.00042580600165820215
724.0 0.0004818937668460421
725.0 0.00040126178646460176
726.0 0.0003206296014468535
727.0 0.000418665104007232
728.0 0.0005167006747797132
729.0 0.0004053437351103639
730.0 0.0002939869091278524
731.0 0.0003795288193941815
732.0 0.00046507084334734827
733.0 0.00029608124805236
734.0 0.0001270918460249959
735.0 0.00021073467451060424
736.0 0.00029437751436489634
737.0 0.00036567632832884556
738.0 0.0004369750968180597
739.0 0.0005820742899231846
740.0 0.000727173255654634
741.0 0.000982418714556843
742.0 0.0012376644917821977
743.0 0.00206637050723657
744.0 0.0028950758860446513
745.0 0.003529141758917831
746.0 0.004163206904195249
747.0 0.004620741674443707
748.0 0.005078276444692165
749.0 0.004212323983665556
750.0 0.0033463718864368275
751.0 0.0030610335670644417
752.0 0.0027756948838941753
753.0 0.002325485365872737
754.0 0.0018752756659523584
755.0 0.0020905570636386983
756.0 0.002305838825122919
757.0 0.0019131124645355158
758.0 0.0015203857401502319
759.0 0.0012204573067720048
760.0 0.0009205288733937778
761.0 0.0013084838428767398
762.0 0.0016964389942586422
763.0 0.0011489411917864345
764.0 0.0006014432074152865
765.0 0.0008541322131350171
766.0 0.0011068213098042179
767.0 0.0009480938388151117
768.0 0.0007893661859270651
769.0 0.0007347206974372966
770.0 0.000680075117998058
771.0 0.00046042150643188506
772.0 0.00024076775844150688
773.0 0.00036193343930790434
774.0 0.0004830990292248316
775.0 0.0004717187039204873
776.0 0.00046033828766667284
777.0 0.0005762890850746771
778.0 0.0006922397005837411
779.0 0.0008868249096849468
780.0 0.0010814101187861525
781.0 0.0010797046343213879
782.0 0.0010779992408060934
783.0 0.0008735905794310383
784.0 0.0006691817361570429
785.0 0.0010580557500361465
786.0 0.0014469295820163097
787.0 0.001173337204818381
788.0 0.0008997447366709821
789.0 0.0010514772839087527
790.0 0.001203209649247583
791.0 0.0010587215911073145
792.0 0.0009142335329670459
793.0 0.0003068259729843703
794.0 1.6720730702801667e-10
795.0 1.6720730702801667e-10
796.0 4.4106414520683757e-05
797.0 0.00029930426990176784
798.0 0.0005545020940189715
799.0 0.0003681209136630059
800.0 0.00018173967646362144
801.0 4.710145447006653e-05
802.0 1.6720730702801667e-10
803.0 1.6720730702801667e-10
804.0 1.6720730702801667e-10
805.0 1.6720730702801667e-10
806.0 1.6720730702801667e-10
807.0 1.6720730702801667e-10
808.0 1.6720730702801667e-10
809.0 0.00016537770761715365
810.0 0.0003518220864862087
811.0 0.0001990591044886969
812.0 4.6296119649014145e-05
813.0 0.00025376486973982537
814.0 0.0004612335942510981
815.0 0.0003634155518739135
816.0 0.0002655975094967289
817.0 0.00022712586087436648
818.0 0.00018865417814595276
819.0 0.00015932009773678146
820.0 0.00012998601732761017
821.0 1.6720730702801667e-10
822.0 1.6720730702801667e-10
823.0 1.6720730702801667e-10
824.0 1.6720730702801667e-10
825.0 1.6720730702801667e-10
826.0 1.6720730702801667e-10
827.0 0.00023472321117878892
828.0 0.0005955053893558215
829.0 0.0002735201405812404
830.0 1.6720730702801667e-10
831.0 1.6720730702801667e-10
832.0 1.6720730702801667e-10
833.0 1.6720730702801667e-10
834.0 1.6720730702801667e-10
835.0 1.6720730702801667e-10
836.0 1.841735439711556e-05
837.0 1.6720730702801667e-10
838.0 1.6720730702801667e-10
839.0 1.6720730702801667e-10
840.0 1.6720730702801667e-10
841.0 1.6720730702801667e-10
842.0 0.0002151993157895049
843.0 0.00014889608337398386
844.0 8.259272590294131e-05
845.0 0.00014344947203426273
846.0 0.00020430613858479774
847.0 0.00012826400279664085
848.0 5.222182153374888e-05
849.0 0.00014973554698372027
850.0 0.0002472490905347513
851.0 0.00025318420284747845
852.0 0.00025911929242283804
853.0 0.0005224385404289933
854.0 0.0007857579475967214
855.0 0.0005550177775148768
856.0 0.00032427760743303224
857.0 0.0004543793238553917
858.0 0.000584480949328281
859.0 0.0006911388936714502
860.0 0.0007977968380146194
861.0 0.0009784462235984392
862.0 0.0011590957910811994
863.0 0.0013656047485710587
864.0 0.0015721136151114479
865.0 0.001996986429730896
866.0 0.0024218590624514036
867.0 0.002220337773906067
868.0 0.0020188170310575515
869.0 0.0019407625586609356
870.0 0.0018627079043653794
871.0 0.001620432703930419
872.0 0.0013781575034954585
873.0 0.001419811542291427
874.0 0.001461465308238985
