lsstCam/transmission_filter_detector/r04_sw0/u_24/19700101T000000.ecsv
# %ECSV 1.0
# ---
# datatype:
# - {name: wavelength, unit: nm, datatype: float32}
# - {name: efficiency, unit: '%', datatype: float64}
# meta: !!omap
# - {MODE: DETECTOR}
# - {TYPE: transmission_filter_detector}
# - {CALIBDATE: '1970-01-01T00:00:00'}
# - {INSTRUME: LSSTCam}
# - {OBSTYPE: transmission_filter_detector}
# - {CALIBCLS: lsst.ip.isr.IntermediateFilterDetectorTransmissionCurve}
# - {SOURCE: Materion (DM-46256)}
# - {DETECTOR: 195}
# - {FILTER: u_24}
# - {CALIB_ID: 'calibDate=1970-01-01T00:00:00 filter=u_24 detector=195'}
# - {DATE: '2025-04-02T15:59:40.655045'}
# - {CALIB_CREATION_DATE: '2025-04-02'}
# - {CALIB_CREATION_TIME: '15:59:40'}
# - __serialized_columns__:
#     efficiency:
#       __class__: astropy.units.quantity.Quantity
#       unit: !astropy.units.Unit {unit: '%'}
#       value: !astropy.table.SerializedColumn {name: efficiency}
#     wavelength:
#       __class__: astropy.units.quantity.Quantity
#       unit: !astropy.units.Unit {unit: nm}
#       value: !astropy.table.SerializedColumn {name: wavelength}
# schema: astropy-2.0
wavelength efficiency
[from data line 581]
876.0 0.0022210997485672124
877.0 0.0024459781343466602
878.0 0.002670856883923989
879.0 0.0028302740247454494
880.0 0.002989692075061612
881.0 0.0031381121516460553
882.0 0.00328653295582626
883.0 0.0030661904020234942
884.0 0.0028458483939175494
885.0 0.002721600867516827
886.0 0.0025973535230150446
887.0 0.0022614916815655306
888.0 0.0019256298401160166
889.0 0.0019269660697318614
890.0 0.0019283019355498254
891.0 0.00226579541049432
892.0 0.0026032888854388148
893.0 0.0024573097107349895
894.0 0.002311329808435403
895.0 0.002918053542089183
896.0 0.0035247769119450822
897.0 0.003784142973017879
898.0 0.004043509034090675
899.0 0.004235144297126681
900.0 0.004426779196364805
901.0 0.004224843723932281
902.0 0.0040229078877018765
903.0 0.004464725134312175
904.0 0.0049065416533267125
905.0 0.004992680987925269
906.0 0.005078820322523825
907.0 0.005555709140026011
908.0 0.006032597957528196
909.0 0.005988583143334836
910.0 0.005944569056737237
911.0 0.006089484668336809
912.0 0.006234400643734261
913.0 0.006093859701650217
914.0 0.005953318395768292
915.0 0.005189034709474072
916.0 0.004424750659381971
917.0 0.004040486965095624
918.0 0.003656223270809278
919.0 0.004046404137625359
920.0 0.004436584276845679
921.0 0.004531603553914465
922.0 0.004626622467185371
923.0 0.005575955947278999
924.0 0.006525287608383223
925.0 0.006675772601738572
926.0 0.006826258322689682
927.0 0.007322717283386737
928.0 0.007819174061296508
929.0 0.007842914055800065
930.0 0.007866654050303623
931.0 0.007279308192664757
932.0 0.006691960879834369
933.0 0.006622092769248411
934.0 0.006552226113853976
935.0 0.006674064934486523
936.0 0.006795904482714832
937.0 0.00710607782821171
938.0 0.0074162540840916336
939.0 0.006973931158427149
940.0 0.006531608960358426
941.0 0.006048350041965023
942.0 0.005565089304582216
943.0 0.00452786116511561
944.0 0.0034906333894468844
945.0 0.0028066482627764344
946.0 0.002122663318004925
947.0 0.0017530610421090387
948.0 0.0013834588571626227
949.0 0.0012214348316774704
950.0 0.0010594108971417882
951.0 0.0010239858966087922
952.0 0.0009885608960757963
953.0 0.0012848445294366684
954.0 0.0015811285265954211
955.0 0.0020924951968481764
956.0 0.002603861503303051
957.0 0.002794512147374917
958.0 0.002985161881952081
959.0 0.0031440486054634675
960.0 0.003302934783278033
961.0 0.003687396747409366
962.0 0.004071858711540699
963.0 0.004187602826277725
964.0 0.004303346941014752
965.0 0.004421997437020764
966.0 0.004540648296824656
967.0 0.0045779124775435776
968.0 0.00461517738585826
969.0 0.004631980846170336
970.0 0.004648783942684531
971.0 0.004856535815633833
972.0 0.005064286960987374
973.0 0.004956534394295886
974.0 0.004848781100008637
975.0 0.004495684333960526
976.0 0.004142586840316653
977.0 0.003872238448821008
978.0 0.0036018896935274825
979.0 0.0033996526326518506
980.0 0.003197415207978338
981.0 0.003096790169365704
982.0 0.0029961649488541298
983.0 0.003133722930215299
984.0 0.003271281093475409
985.0 0.003444529284024611
986.0 0.003617778202169575
987.0 0.003996195664512925
988.0 0.004374612763058394
989.0 0.005300113480188884
990.0 0.006225613469723612
991.0 0.0066418251662980765
992.0 0.007058036862872541
993.0 0.007357944559771568
994.0 0.007657852984266356
995.0 0.007384349009953439
996.0 0.007110842125257477
997.0 0.006995254807407036
998.0 0.006879670399939641
999.0 0.006675218901364133
1000.0 0.006470767402788624
1001.0 0.005931845225859433
1002.0 0.005392925595515408
1003.0 0.004716612966149114
1004.0 0.00404029997298494
1005.0 0.004519762660493143
1006.0 0.004999224256607704
1007.0 0.004927741611027159
1008.0 0.004856256418861449
1009.0 0.0042882176785496995
1010.0 0.003720179302035831
1011.0 0.003817324250121601
1012.0 0.003914469925803132
1013.0 0.003371959610376507
1014.0 0.0028294492949498817
1015.0 0.0022807122149970382
1016.0 0.0017319754988420755
1017.0 0.0016355543266399764
1018.0 0.0015391329725389369
1019.0 0.0013494791346602142
1020.0 0.0011598252058320213
1021.0 0.0010641452718118671
1022.0 0.0009684655196906533
1023.0 0.0010721987564465962
1024.0 0.0011759321751014795
1025.0 0.0012304328265599906
1026.0 0.001284933568967972
1027.0 0.0009781810149434023
1028.0 0.0006714283699693624
1029.0 0.0009235433935828041
1030.0 0.0011756586900446564
1031.0 0.0019556329789338633
1032.0 0.0027356074497220106
1033.0 0.002342706466151867
1034.0 0.0019498054825817235
1035.0 0.0024256485630758107
1036.0 0.002901491643569898
1037.0 0.002946628228528425
1038.0 0.0029917649953858927
1039.0 0.002706531813601032
1040.0 0.002421298631816171
1041.0 0.001968694596143905
1042.0 0.001516090560471639
1043.0 0.0014041182112123352
1044.0 0.0012921461348014418
1045.0 0.0014267829101299867
1046.0 0.0015614199583069421
1047.0 0.0016179763406398706
1048.0 0.0016745329048717394
1049.0 0.0014009354345034808
1050.0 0.0011273375093878713
1051.0 0.0008477723895339295
1052.0 0.0005682070423063124
1053.0 0.0006340997970255557
1054.0 0.0006999923698458588
1055.0 0.0005752006018155953
1056.0 0.0004504093340074178
1057.0 0.0010044674127129838
1058.0 0.0015585254004690796
1059.0 0.0010636996194079984
1060.0 0.0005688741566700628
1061.0 0.0016955760656856
1062.0 0.002822277929226402
1063.0 0.0025085882953135297
1064.0 0.002194898115703836
1065.0 0.0010609675882733427
1066.0 1.6720730702801667e-10
1067.0 0.0006189941359480144
1068.0 0.0013109504834574182
1069.0 0.002146567203453742
1070.0 0.0029821836506016552
1071.0 0.00151675285451347
1072.0 5.132225169290905e-05
1073.0 0.0006444517566706054
1074.0 0.0012375813639664557
1075.0 0.003295634451205842
1076.0 0.0053536874474957585
1077.0 0.005266088555799797
1078.0 0.005178489664103836
1079.0 0.006286700227065012
1080.0 0.007394907879643142
1081.0 0.005281558696879074
1082.0 0.0031682098779128864
1083.0 0.0028891498004668392
1084.0 0.002610089723020792
1085.0 0.003917011781595647
1086.0 0.005223933476372622
1087.0 0.004806751530850306
1088.0 0.00438956922153011
1089.0 0.005761190550401807
1090.0 0.007132811879273504
1091.0 0.004944452302879654
1092.0 0.0027560925445868634
1093.0 0.0017640641090110876
1094.0 0.0007720359462837223
1095.0 0.0004378266112325946
1096.0 0.00010361736713093705
1097.0 0.0023722168407402933
1098.0 0.004640817132894881
1099.0 0.0038836275052744895
1100.0 0.003126437877654098
