lsstCam/transmission_filter_detector/r21_s21/y_10/19700101T000000.ecsv
# %ECSV 1.0
# ---
# datatype:
# - {name: wavelength, unit: nm, datatype: float32}
# - {name: efficiency, unit: '%', datatype: float64}
# meta: !!omap
# - {MODE: DETECTOR}
# - {TYPE: transmission_filter_detector}
# - {CALIBDATE: '1970-01-01T00:00:00'}
# - {INSTRUME: LSSTCam}
# - {OBSTYPE: transmission_filter_detector}
# - {CALIBCLS: lsst.ip.isr.IntermediateFilterDetectorTransmissionCurve}
# - {SOURCE: Materion (DM-46256)}
# - {DETECTOR: 88}
# - {FILTER: y_10}
# - {CALIB_ID: 'calibDate=1970-01-01T00:00:00 filter=y_10 detector=88'}
# - {DATE: '2025-04-02T15:59:51.150755'}
# - {CALIB_CREATION_DATE: '2025-04-02'}
# - {CALIB_CREATION_TIME: '15:59:51'}
# - __serialized_columns__:
#     efficiency:
#       __class__: astropy.units.quantity.Quantity
#       unit: !astropy.units.Unit {unit: '%'}
#       value: !astropy.table.SerializedColumn {name: efficiency}
#     wavelength:
#       __class__: astropy.units.quantity.Quantity
#       unit: !astropy.units.Unit {unit: nm}
#       value: !astropy.table.SerializedColumn {name: wavelength}
# schema: astropy-2.0
wavelength efficiency
[from data line 577]
877.0 0.0017482307157479227
878.0 0.0014614213796448894
879.0 0.0016641140973661095
880.0 0.07528715650551021
881.0 0.11265941429883242
882.0 0.07294323877431452
883.0 0.09896843694150448
884.0 0.07011339766904712
885.0 0.09774985956028104
886.0 0.07539496873505414
887.0 0.09731201571412385
888.0 0.05820735823363066
889.0 0.09904353646561503
890.0 0.07059859344735742
891.0 0.09472316014580429
892.0 0.07066879770718515
893.0 0.11184484465047717
894.0 0.08805082179605961
895.0 0.10410570539534092
896.0 0.09303006227128208
897.0 0.11907886946573853
898.0 0.08830672595649958
899.0 0.14384782407432795
900.0 0.10944431414827704
901.0 0.1579324947670102
902.0 0.17373915761709213
903.0 0.1957550412043929
904.0 0.22545447573065758
905.0 0.27101340238004923
906.0 0.33993751276284456
907.0 0.43032290413975716
908.0 0.596350897103548
909.0 0.8269562385976315
910.0 1.1898367665708065
911.0 1.6833296045660973
912.0 2.4715233594179153
913.0 3.648456186056137
914.0 5.011503025889397
915.0 6.974736601114273
916.0 9.314027428627014
917.0 11.81294247508049
918.0 14.640294015407562
919.0 17.319223284721375
920.0 20.9276482462883
921.0 24.7110053896904
922.0 28.519082069396973
923.0 33.08247923851013
924.0 37.99506425857544
925.0 43.420255184173584
926.0 49.86562132835388
927.0 56.73554539680481
928.0 62.73142099380493
929.0 69.12644505500793
930.0 74.65062141418457
931.0 79.98402118682861
932.0 84.85881686210632
933.0 88.87946605682373
934.0 91.71993136405945
935.0 93.68246793746948
936.0 95.14288306236267
937.0 96.1683452129364
938.0 96.82807326316833
939.0 97.07919359207153
940.0 97.33273983001709
941.0 97.46281504631042
942.0 97.62983918190002
943.0 97.66639471054077
944.0 97.8803813457489
945.0 97.84016609191895
946.0 97.86161780357361
947.0 97.83748388290405
948.0 98.01377058029175
949.0 97.9407787322998
950.0 98.0467140674591
951.0 98.09597730636597
952.0 98.20098280906677
953.0 98.37982654571533
954.0 98.43782186508179
955.0 98.50374460220337
956.0 98.69041442871094
957.0 98.8482117652893
958.0 98.98464679718018
959.0 98.98965954780579
960.0 99.07575249671936
961.0 99.10759329795837
962.0 99.16103482246399
963.0 99.1563618183136
964.0 99.20548796653748
965.0 99.2009162902832
966.0 99.29202795028687
967.0 99.36161041259766
968.0 99.3319034576416
969.0 99.33083057403564
970.0 99.39759373664856
971.0 99.44152235984802
972.0 99.45489764213562
973.0 99.55282211303711
974.0 99.53725337982178
975.0 99.5232343673706
976.0 99.55768585205078
977.0 99.50323104858398
978.0 99.59619641304016
979.0 99.50710535049438
980.0 99.45813417434692
981.0 99.40066337585449
982.0 99.29744601249695
983.0 99.34582114219666
984.0 99.29361343383789
985.0 99.34784173965454
986.0 99.21674728393555
987.0 99.26738739013672
988.0 99.20076131820679
989.0 99.19719696044922
990.0 99.17148947715759
991.0 99.22847151756287
992.0 99.28997755050659
993.0 99.24474954605103
994.0 99.21573996543884
995.0 99.30166602134705
996.0 99.25721883773804
997.0 99.3923008441925
998.0 99.40430521965027
999.0 99.42790865898132
1000.0 99.47671294212341
1001.0 99.43198561668396
1002.0 99.52259659767151
1003.0 99.54829812049866
1004.0 99.59590435028076
1005.0 99.52278137207031
1006.0 99.63106513023376
1007.0 99.5979905128479
1008.0 99.58208799362183
1009.0 99.48025345802307
1010.0 99.53634738922119
1011.0 99.53751564025879
1012.0 99.46588277816772
1013.0 99.46734309196472
1014.0 99.4473397731781
1015.0 99.42145347595215
1016.0 99.42794442176819
1017.0 99.47453737258911
1018.0 99.46425557136536
1019.0 99.41473603248596
1020.0 99.48059320449829
1021.0 99.65384006500244
1022.0 99.52791929244995
1023.0 99.53616857528687
1024.0 99.52185153961182
1025.0 99.56256747245789
1026.0 99.59731101989746
1027.0 99.72280263900757
1028.0 99.64064955711365
1029.0 99.76606369018555
1030.0 99.76122379302979
1031.0 99.6768057346344
1032.0 99.71823692321777
1033.0 99.68292117118835
1034.0 99.71118569374084
1035.0 99.76706504821777
1036.0 99.66076612472534
1037.0 99.67817068099976
1038.0 99.62373375892639
1039.0 99.57859516143799
1040.0 99.48351383209229
1041.0 99.58879351615906
1042.0 99.53306317329407
1043.0 99.43938851356506
1044.0 99.51621294021606
1045.0 99.24894571304321
1046.0 99.43314790725708
1047.0 99.40114617347717
1048.0 99.44743514060974
1049.0 99.41620230674744
1050.0 99.42834973335266
1051.0 99.39398169517517
1052.0 99.41784739494324
1053.0 99.20693039894104
1054.0 99.42026138305664
1055.0 99.54234957695007
1056.0 99.36184287071228
1057.0 99.55529570579529
1058.0 99.31725263595581
1059.0 99.29654002189636
1060.0 99.46892857551575
1061.0 99.34610724449158
1062.0 99.40670728683472
1063.0 99.35914874076843
1064.0 99.49888586997986
1065.0 99.39792156219482
1066.0 99.30435419082642
1067.0 99.53530430793762
1068.0 99.4032084941864
1069.0 99.09640550613403
1070.0 99.54869151115417
1071.0 99.40153360366821
1072.0 99.42060708999634
1073.0 99.62179064750671
1074.0 99.07844066619873
1075.0 99.12109971046448
1076.0 99.05319809913635
1077.0 99.33438897132874
1078.0 99.54358339309692
1079.0 99.15947914123535
1080.0 99.88436102867126
1081.0 99.1983711719513
1082.0 99.20833706855774
1083.0 99.04236793518066
1084.0 99.48474168777466
1085.0 99.1820752620697
1086.0 99.24353957176208
1087.0 99.21720623970032
1088.0 98.8581895828247
1089.0 99.03749823570251
1090.0 98.9361822605133
1091.0 99.07720685005188
1092.0 98.9027202129364
1093.0 98.7952709197998
1094.0 98.78138303756714
1095.0 98.88549447059631
1096.0 98.88531565666199
1097.0 98.5258162021637
1098.0 98.07989001274109
1099.0 98.8710105419159
1100.0 98.48722815513611
