lsstCam/transmission_filter_detector/r21_s21/y_10/19700101T000000.ecsv
# %ECSV 1.0
# ---
# datatype:
# - {name: wavelength, unit: nm, datatype: float32}
# - {name: efficiency, unit: '%', datatype: float64}
# meta: !!omap
# - {MODE: DETECTOR}
# - {TYPE: transmission_filter_detector}
# - {CALIBDATE: '1970-01-01T00:00:00'}
# - {INSTRUME: LSSTCam}
# - {OBSTYPE: transmission_filter_detector}
# - {CALIBCLS: lsst.ip.isr.IntermediateFilterDetectorTransmissionCurve}
# - {SOURCE: Materion (DM-46256)}
# - {DETECTOR: 88}
# - {FILTER: y_10}
# - {CALIB_ID: 'calibDate=1970-01-01T00:00:00 filter=y_10 detector=88'}
# - {DATE: '2025-04-02T15:59:51.150755'}
# - {CALIB_CREATION_DATE: '2025-04-02'}
# - {CALIB_CREATION_TIME: '15:59:51'}
# - __serialized_columns__:
#     efficiency:
#       __class__: astropy.units.quantity.Quantity
#       unit: !astropy.units.Unit {unit: '%'}
#       value: !astropy.table.SerializedColumn {name: efficiency}
#     wavelength:
#       __class__: astropy.units.quantity.Quantity
#       unit: !astropy.units.Unit {unit: nm}
#       value: !astropy.table.SerializedColumn {name: wavelength}
# schema: astropy-2.0
wavelength efficiency
300.0 0.13021549675613642
301.0 0.07219372200779617
302.0 0.014171939983498305
303.0 0.01708250056253746
304.0 0.019993061141576618
305.0 0.014947674935683608
306.0 0.00990228436421603
307.0 0.011586551408981904
308.0 0.013270816998556256
309.0 0.011532744247233495
310.0 0.009794672223506495
311.0 0.007056054892018437
312.0 0.004317436105338857
313.0 0.003363224459462799
314.0 0.0024090128135867417
315.0 0.002211518949479796
316.0 0.002014025994867552
317.0 0.0020803947336389683
318.0 0.0021467618353199214
319.0 0.002323552325833589
320.0 0.0025003424525493756
321.0 0.002261653571622446
322.0 0.0020229650544933975
323.0 0.0038602895074291155
324.0 0.005697613596566953
325.0 0.0030474253435386345
326.0 0.000397236999560846
327.0 0.0009773471902008168
328.0 0.0015574572898913175
329.0 0.002359194513701368
330.0 0.0031609317375114188
331.0 0.0025606987037463114
332.0 0.0019604660337790847
333.0 0.002892266638809815
334.0 0.0038240672438405454
335.0 0.003619455310399644
336.0 0.003414843013160862
337.0 0.0027920901629840955
338.0 0.0021693369490094483
339.0 0.0014229199223336764
340.0 0.0006765028956579044
341.0 0.0006040622338332469
342.0 0.0005316213901096489
343.0 0.0009216622856911272
344.0 0.0013117032722220756
345.0 0.0013334709365153685
346.0 0.0013552386917581316
347.0 0.0013221311746747233
348.0 0.001289023657591315
349.0 0.0013696572750632185
350.0 0.0014502908925351221
351.0 0.0017708613086142577
352.0 0.0020914318156428635
353.0 0.0018282751625520177
354.0 0.0015651186913601123
355.0 0.0015924220861052163
356.0 0.00161972529895138
357.0 0.0016347699784091674
358.0 0.0016498148397658952
359.0 0.0013834092897013761
360.0 0.0011170036486873869
361.0 0.0011091866326751187
362.0 0.0011013696166628506
363.0 0.00106995375972474
364.0 0.001038537720887689
365.0 0.001374268231302267
366.0 0.0017099990145652555
367.0 0.001868011531769298
368.0 0.0020260240489733405
369.0 0.0016711295756977051
370.0 0.00131623519337154
371.0 0.0013312152077560313
372.0 0.0013461951311910525
373.0 0.0017655902411206625
374.0 0.0021849853510502726
375.0 0.0031870993552729487
376.0 0.004189212995697744
377.0 0.004194814755464904
378.0 0.004200416515232064
379.0 0.003607412872952409
380.0 0.003014409048773814
381.0 0.0022551757865585387
382.0 0.0014959424333937932
383.0 0.0012179998520878144
384.0 0.0009400569069839548
385.0 0.0007940651812532451
386.0 0.0006480734555225354
387.0 0.0007239682418003213
388.0 0.0007998630280781072
389.0 0.0006802181360399118
390.0 0.0005605732440017164
391.0 0.0005549899015022675
392.0 0.0005494064225786133
393.0 0.0007257332072185818
394.0 0.0009020599463838153
395.0 0.0007847783308534417
396.0 0.0006674967607978033
397.0 0.000819148317532381
398.0 0.0009707997378427535
399.0 0.001162988155556377
400.0 0.0013551764823205303
401.0 0.0014495250070467591
402.0 0.001543873622722458
403.0 0.0016798338037915528
404.0 0.0018157938029617071
405.0 0.0018515303963795304
406.0 0.0018872669897973537
407.0 0.0016180410966626368
408.0 0.0013488152944773901
409.0 0.00115380717033986
410.0 0.0009587987733539194
411.0 0.0008696853001310956
412.0 0.0007805717359588016
413.0 0.00045843607949791476
414.0 0.0001363005594612332
415.0 0.00042580441004247405
416.0 0.0007153083515731851
417.0 2.586964740203257e-05
418.0 1.5789806528249128e-10
419.0 1.5789806528249128e-10
420.0 0.00013074002254143124
421.0 0.00030847038487991085
422.0 0.00048620095185469836
423.0 0.0008694587450008839
424.0 0.0012527165381470695
425.0 0.00025218198516085977
426.0 1.5789806528249128e-10
427.0 1.5789806528249128e-10
428.0 0.0003328702632643399
429.0 1.5789806528249128e-10
430.0 1.5789806528249128e-10
431.0 1.5789806528249128e-10
432.0 0.0007907569852250163
433.0 0.00029745658594038105
434.0 1.5789806528249128e-10
435.0 9.210244229507225e-05
436.0 0.0003800485956162447
437.0 0.0002500210939615499
438.0 0.000119993649150274
439.0 1.5789806528249128e-10
440.0 1.5789806528249128e-10
441.0 1.5789806528249128e-10
442.0 1.5789806528249128e-10
443.0 1.5789806528249128e-10
444.0 0.00011790756389018497
445.0 0.0003901994205079973
446.0 0.0006624911293329205
447.0 0.0005270710516924737
448.0 0.00039165106500149705
449.0 0.00011869692571053747
450.0 1.5789806528249128e-10
451.0 6.0028912685083924e-05
452.0 0.0002743150616879575
453.0 0.0002277654175486532
454.0 0.0001812157734093489
455.0 0.0003136958412142121
456.0 0.00044617581806960516
457.0 0.00013123093367539695
458.0 1.5789806528249128e-10
459.0 1.5789806528249128e-10
460.0 1.5789806528249128e-10
461.0 0.00015661431689295569
462.0 0.0005780751507700188
463.0 0.0006193275112309493
464.0 0.0006605798716918798
465.0 0.0005062180207460187
466.0 0.0003518561925375252
467.0 0.0009067292012332473
468.0 0.0014616020962421317
469.0 0.0017592585209058598
470.0 0.0020569148546201177
471.0 0.0022850790628581308
472.0 0.0025132430891972035
473.0 0.002642496838234365
474.0 0.0027717502234736457
475.0 0.0028864784326287918
476.0 0.003001206641783938
477.0 0.0028899794415337965
478.0 0.0027787524231825955
479.0 0.003273825132055208
480.0 0.003768898022826761
481.0 0.004139546217629686
482.0 0.00451019404863473
483.0 0.00423042947659269
484.0 0.00395066526834853
485.0 0.0036589335650205612
486.0 0.0033672018616925925
487.0 0.003152102362946607
488.0 0.002937003046099562
489.0 0.0026551453629508615
490.0 0.002373287861701101
491.0 0.002111448884534184
492.0 0.0018496099073672667
493.0 0.00165127930813469
494.0 0.0014529485270031728
495.0 0.001691980469331611
496.0 0.0019310122297611088
497.0 0.0019132126908516511
498.0 0.0018954131519421935
499.0 0.002081742604786996
500.0 0.0022680716938339174
501.0 0.002651709110068623
502.0 0.0030353463444043882
503.0 0.0029249467843328603
504.0 0.002814547042362392
505.0 0.0027387750378693454
506.0 0.002663003033376299
507.0 0.002275505721627269
508.0 0.001888008409878239
509.0 0.0017715743524604477
510.0 0.0016551399312447757
511.0 0.0016818939911900088
512.0 0.0017086476873373613
513.0 0.0017308111637248658
514.0 0.00175297445821343
515.0 0.0015783421986270696
516.0 0.0014037101209396496
517.0 0.001199888538394589
518.0 0.0009960671377484687
519.0 0.0010669978109945077
520.0 0.0011379284842405468
521.0 0.0015407220416818745
522.0 0.0019435155991232023
523.0 0.0020814833987969905
524.0 0.0022194511984707788
525.0 0.002177387614210602
526.0 0.0021353242118493654
527.0 0.0022034200810594484
528.0 0.002271516314067412
529.0 0.0022777128833695315
530.0 0.0022839092707727104
531.0 0.002196312925661914
532.0 0.0021087165805511177
533.0 0.002082979517581407
534.0 0.0020572424546116963
535.0 0.0017922322513186373
536.0 0.0015272216842276976
537.0 0.0021148071027710102
538.0 0.0027023921575164422
539.0 0.003165041925967671
540.0 0.003627691330621019
541.0 0.0037734378565801308
542.0 0.003919184018741362
543.0 0.004354452539701015
544.0 0.004789720333064906
545.0 0.0049261496315011755
546.0 0.005062578566139564
547.0 0.004315294791013002
548.0 0.00356801065208856
549.0 0.0028416681743692607
550.0 0.002115325514751021
551.0 0.0022826212443760596
552.0 0.0024499169740010984
553.0 0.0029390022973529994
554.0 0.003428087802603841
555.0 0.003930620368919335
556.0 0.0044331532990327105
557.0 0.004223142605042085
558.0 0.004013131547253579
559.0 0.003776725134230219
560.0 0.003540318357408978
561.0 0.0035981025575893
562.0 0.003655886757769622
563.0 0.0035258221032563597
564.0 0.0033957574487430975
565.0 0.0037571699067484587
566.0 0.004118582000955939
567.0 0.00428967978223227
568.0 0.0044607775635086
569.0 0.005085534212412313
570.0 0.005710291225113906
571.0 0.005917310772929341
572.0 0.006124330684542656
573.0 0.0062863829953130335
574.0 0.006448435306083411
575.0 0.006370415212586522
576.0 0.006292395119089633
577.0 0.005876020804862492
578.0 0.00545964649063535
579.0 0.005810573202325031
580.0 0.006161499914014712
581.0 0.007108241698006168
582.0 0.008054984209593385
583.0 0.008966202585725114
584.0 0.009877421689452603
585.0 0.01026115205604583
586.0 0.01064488387783058
587.0 0.010641091648722067
588.0 0.010637299419613555
589.0 0.010448243847349659
590.0 0.010259189730277285
591.0 0.009452054655412212
592.0 0.008644918852951378
593.0 0.007355790148722008
594.0 0.006066662899684161
595.0 0.005748230250901543
596.0 0.005429798693512566
597.0 0.005946933015366085
598.0 0.006464066973421723
599.0 0.007560549420304596
600.0 0.00865703186718747
601.0 0.009613367001293227
602.0 0.010569701407803223
603.0 0.010866019147215411
604.0 0.011162338341819122
605.0 0.011023872502846643
606.0 0.010885405936278403
607.0 0.009359842806588858
608.0 0.007834280404495075
609.0 0.006187226244946942
610.0 0.004540172449196689
611.0 0.0038494479667861015
612.0 0.003158723848173395
613.0 0.0035078941436950117
614.0 0.003857064075418748
615.0 0.004761775926453993
616.0 0.0056664877774892375
617.0 0.007255892705870792
618.0 0.008845295087667182
619.0 0.009977204172173515
620.0 0.011109112529084086
621.0 0.011569319030968472
622.0 0.012029528443235904
623.0 0.011829227150883526
624.0 0.011628924403339624
625.0 0.010133772593690082
626.0 0.008638619328849018
627.0 0.007008552347542718
628.0 0.005378486821427941
629.0 0.00440097828686703
630.0 0.0034234701161039993
631.0 0.002879653766285628
632.0 0.002335837598366197
633.0 0.002609438161016442
634.0 0.002883038541767746
635.0 0.0030781000532442704
636.0 0.003273161200922914
637.0 0.0037072590203024447
638.0 0.004141356475884095
639.0 0.004434552465681918
640.0 0.00472774809168186
641.0 0.005111773134558462
642.0 0.005495797813637182
643.0 0.005402107490226626
644.0 0.005308417166816071
645.0 0.0048287307436112314
646.0 0.0043490439566085115
647.0 0.003400946661713533
648.0 0.0024528493668185547
649.0 0.0020505824068095535
650.0 0.0016483154468005523
651.0 0.0016394689737353474
652.0 0.0016306223187712021
653.0 0.0015794616047060117
654.0 0.001528300708741881
655.0 0.0015113601875782479
656.0 0.0014944193935662042
657.0 0.0015436147805303335
658.0 0.0015928104403428733
659.0 0.0017364602172165178
660.0 0.0018801099940901622
661.0 0.0017500926333013922
662.0 0.0016200754544115625
663.0 0.0019996290575363673
664.0 0.0023791828425601125
665.0 0.0029513870686059818
666.0 0.0035235909308539703
667.0 0.0043478517909534276
668.0 0.005172111923457123
669.0 0.005957034954917617
670.0 0.006741956167388707
671.0 0.007184582500485703
672.0 0.007627210288774222
673.0 0.007765104237478226
674.0 0.007902999641373754
675.0 0.007573207403765991
676.0 0.007243415166158229
677.0 0.005743357178289443
678.0 0.004243296280037612
679.0 0.002845073504431639
680.0 0.0014468496374320239
681.0 0.0008751561836106703
682.0 0.0003034628434761544
683.0 0.00045842803046980407
684.0 0.0006133932402008213
685.0 0.000418782565247966
686.0 0.00022417179934564047
687.0 0.00021464875317178667
688.0 0.00020512570699793287
689.0 0.00016983531168079935
690.0 0.0001345448936262983
691.0 0.00025343972538394155
692.0 0.0003723345571415848
693.0 0.0002406713747404865
694.0 0.00010900818097070442
695.0 0.0002792853138089413
696.0 0.000449562503490597
697.0 0.00040862551031750627
698.0 0.00036768858535651816
699.0 0.00031544811918138294
700.0 0.0002632076075315126
701.0 0.00017947062360690325
702.0 9.573365105097764e-05
703.0 0.00011500156915644766
704.0 0.00013426953273665276
705.0 0.00021707667201553704
706.0 0.00029988375445100246
707.0 0.0002987637572005042
708.0 0.0002976437599500059
709.0 0.0004300709861126961
710.0 0.0005624982350127539
711.0 0.0005223918833507923
712.0 0.0004822855316888308
713.0 0.00029705163342441665
714.0 0.00011181770105395117
715.0 0.00022357717170962133
716.0 0.0003353366764713428
717.0 0.00015485352378163952
718.0 1.5789806528249128e-10
719.0 0.00032504647151654353
720.0 0.0006757224582543131
721.0 0.0007178210580605082
722.0 0.0007599197488161735
723.0 0.0007140204161260044
724.0 0.0006681211743853055
725.0 0.00020874804249615408
726.0 1.5789806528249128e-10
727.0 5.904917088628281e-06
728.0 0.00026243480988341616
729.0 0.0002353745912841987
730.0 0.00020831444089708384
731.0 0.00039826068132242654
732.0 0.0005882071945961798
733.0 0.0004899830855720211
734.0 0.00039175920392153785
735.0 0.0003380438784006401
736.0 0.0002843286893039476
737.0 0.00029807001737935934
738.0 0.0003118115046163439
739.0 0.00023339237031905213
740.0 0.0001549731109662389
741.0 0.00035968594147561816
742.0 0.0005643987606163137
743.0 0.0003232455128454603
744.0 8.20922195998719e-05
745.0 0.00028787255814677337
746.0 0.0004936529421684099
747.0 0.00039396177271555644
748.0 0.0002942705805253354
749.0 4.854985604652029e-05
750.0 1.5789806528249128e-10
751.0 0.0002942205583167379
752.0 0.0007856119736970868
753.0 0.0008189358595700469
754.0 0.000852259745443007
755.0 0.00040790505408949684
756.0 1.5789806528249128e-10
757.0 9.89840600595926e-05
758.0 0.00023441778012056602
759.0 0.0004727181476482656
760.0 0.0007110186288628029
761.0 0.0006516998382721795
762.0 0.0005923810931562912
763.0 0.0004792091203853488
764.0 0.00036603710213967133
765.0 0.000354064241037122
766.0 0.0003420913344598375
767.0 0.00021693826965929475
768.0 9.17852332804614e-05
769.0 0.00018452359427101328
770.0 0.00027726186999643687
771.0 0.00026224474822811317
772.0 0.0002472275809850544
773.0 0.00038780399336246774
774.0 0.0005283804057398811
775.0 0.0004919121693092166
776.0 0.0004554439783532871
777.0 0.0004169856310909381
778.0 0.0003785273293033242
779.0 0.0006192377895786194
780.0 0.0008599482498539146
781.0 0.0006680478691123426
782.0 0.0004761474883707706
783.0 0.000670465306029655
784.0 0.0008647833055874798
785.0 0.0007257298875629203
786.0 0.000586676560487831
787.0 0.0004747940693050623
788.0 0.00036291155538492603
789.0 0.0004060796982230386
790.0 0.0004492478183237836
791.0 0.0007061913038342027
792.0 0.0009631347893446218
793.0 0.0007512670890719164
794.0 0.0005393994342739461
795.0 0.0005359384886105545
796.0 0.0005324774974724278
797.0 0.0006063975888537243
798.0 0.0006803176802350208
799.0 0.0004370907390693901
800.0 0.00019386375242902432
801.0 0.0003040569936274551
802.0 0.00041425028030062094
803.0 0.0005758612587669631
804.0 0.0007374722827080404
805.0 0.0008143988452502526
806.0 0.0008913252713682596
807.0 0.0008207046448660549
808.0 0.0007500839728891151
809.0 0.0006115593350841664
810.0 0.0004730346063297475
811.0 0.000760219563744613
812.0 0.0010474044756847434
813.0 0.000984440339379944
814.0 0.0009214762940246146
815.0 0.0006724834292981541
816.0 0.00042349051909695845
817.0 0.0007261238806677284
818.0 0.0010287573786627036
819.0 0.0009942909855453763
820.0 0.0009598245924280491
821.0 0.0007897142495494336
822.0 0.0006196039976202883
823.0 0.00038956700336711947
824.0 0.00015953013416947215
825.0 0.0004874985734204529
826.0 0.0008154669558280148
827.0 0.0010248949365632143
828.0 0.0012343229172984138
829.0 0.000803346665634308
830.0 0.000372370573131775
831.0 0.0002985011178679997
832.0 0.00022463173081632704
833.0 0.0006804264558013529
834.0 0.0011362210898369085
835.0 0.0006506963018182432
836.0 0.00016517124095116742
837.0 0.00021727673811255954
838.0 0.00026938216706184903
839.0 0.00037523830087593524
840.0 0.0004810945029021241
841.0 0.0006367399237205973
842.0 0.0007923853445390705
843.0 0.0007530865332228132
844.0 0.0007137877673812909
845.0 0.0007934176210255828
846.0 0.0008730475201446097
847.0 0.0008647826689411886
848.0 0.0008565178177377675
849.0 0.0005843992312293267
850.0 0.00031228050829668064
851.0 0.0007381894647551235
852.0 0.0011640983757388312
853.0 0.0009434898856852669
854.0 0.000722881577530643
855.0 0.000573446004636935
856.0 0.0004240105226926971
857.0 0.0006859379027446266
858.0 0.0009478652827965561
859.0 0.0008320734195876867
860.0 0.000716281465429347
861.0 0.0010872106940951198
862.0 0.0014581399227608927
863.0 0.001565272395964712
864.0 0.0016724046872695908
865.0 0.002018215491261799
866.0 0.002364026295254007
867.0 0.0026949874154524878
868.0 0.003025948353752028
869.0 0.002868474075512495
870.0 0.0027109997972729616
871.0 0.0030536244594259188
872.0 0.0033962489396799356
873.0 0.0028617752832360566
874.0 0.0023273019905900583
875.0 0.0021811711121699773
