lsstCam/transmission_sensor/r10_s10/19700101T000000.ecsv
# %ECSV 1.0
# ---
# datatype:
# - {name: amp_name, datatype: string}
# - {name: wavelength, unit: nm, datatype: float32}
# - {name: efficiency, unit: '%', datatype: float64}
# meta: !!omap
# - {MODE: AMP}
# - {TYPE: transmission_sensor}
# - {CALIBDATE: '1970-01-01T00:00:00'}
# - {INSTRUME: LSSTCAM}
# - {OBSTYPE: transmission_sensor}
# - {DETECTOR: 30}
# - {PARQUETFILE: qe_raft_allvalues_nircorrected_20230725.parquet}
# - {CALIBCLS: lsst.ip.isr.IntermediateSensorTransmissionCurve}
# - {CALIB_ID: 'raftName=R10 detectorName=S10 detector=30 calibDate=1970-01-01T00:00:00 ccd=30 ccdnum=30 filter=None'}
# - {DATE: '2023-08-02T16:57:55.577612'}
# - {CALIB_CREATION_DATE: '2023-08-02'}
# - {CALIB_CREATION_TIME: '16:57:55'}
# - __serialized_columns__:
#     efficiency:
#       __class__: astropy.units.quantity.Quantity
#       unit: !astropy.units.Unit {unit: '%'}
#       value: !astropy.table.SerializedColumn {name: efficiency}
#     wavelength:
#       __class__: astropy.units.quantity.Quantity
#       unit: !astropy.units.Unit {unit: nm}
#       value: !astropy.table.SerializedColumn {name: wavelength}
# schema: astropy-2.0
amp_name wavelength efficiency
C00 319.994 61.012447357177734
C00 324.969 63.82609939575195
C00 349.982 73.96123504638672
C00 374.975 78.65080261230469
C00 400.019 83.08943939208984
C00 424.965 82.35858154296875
C00 450.035 81.99858856201172
C00 475.003 82.42942810058594
C00 500.018 83.56163024902344
C00 525.002 85.16116333007812
C00 550.029 87.01304626464844
C00 575.023 89.33175659179688
C00 599.982 91.5270767211914
C00 619.997 92.4629898071289
C00 624.979 92.82640838623047
C00 650.012 94.04698944091797
C00 675.004 95.01012420654297
C00 700.03 95.27108764648438
C00 725.012 95.60747528076172
C00 750.022 96.18358612060547
C00 774.987 96.62939453125
C00 799.976 96.19780731201172
C00 824.988 95.05843353271484
C00 850.022 93.88799285888672
C00 869.967 91.35633850097656
C00 875.002 90.57603454589844
C00 899.999 83.95225524902344
C00 919.999 75.77896118164062
C00 925.012 72.90602111816406
C00 949.965 59.10405349731445
C00 975.002 48.58338165283203
C00 999.976 29.006999969482422
C00 1025.028 14.33344841003418
C00 1050.014 5.707833766937256
C00 1075.002 0.9163320844240432
C00 1099.99 0.09091762759956769
C01 319.994 60.34778594970703
C01 324.969 63.12758255004883
C01 349.982 73.42276763916016
C01 374.975 78.62428283691406
C01 400.019 83.22037506103516
C01 424.965 82.48507690429688
C01 450.035 82.08631134033203
C01 475.003 82.47826385498047
C01 500.018 83.5784912109375
C01 525.002 85.15726470947266
C01 550.029 87.00221252441406
C01 575.023 89.33680725097656
C01 599.982 91.54586029052734
C01 619.997 92.4959945678711
C01 624.979 92.86711120605469
C01 650.012 94.10508728027344
C01 675.004 95.08587646484375
C01 700.03 95.38301849365234
C01 725.012 95.79285430908203
C01 750.022 96.45049285888672
C01 774.987 96.9811019897461
C01 799.976 96.58660888671875
C01 824.988 95.44831848144531
C01 850.022 94.31745910644531
C01 869.967 91.822509765625
C01 875.002 91.03913116455078
C01 899.999 84.27091217041016
C01 919.999 76.13798522949219
C01 925.012 73.31953430175781
C01 949.965 59.571685791015625
C01 975.002 49.1797981262207
C01 999.976 29.29998779296875
C01 1025.028 14.506278038024902
C01 1050.014 5.765202045440674
C01 1075.002 0.918874182428642
C01 1099.99 0.09116985222820655
C02 319.994 59.76133346557617
C02 324.969 62.53369140625
C02 349.982 73.02017974853516
C02 374.975 78.64767456054688
C02 400.019 83.34039306640625
C02 424.965 82.56757354736328
C02 450.035 82.0821533203125
C02 475.003 82.37705993652344
C02 500.018 83.41305541992188
C02 525.002 84.96781158447266
C02 550.029 86.82373809814453
C02 575.023 89.18486785888672
C02 599.982 91.42277526855469
C02 619.997 92.3985366821289
C02 624.979 92.773681640625
C02 650.012 94.03103637695312
C02 675.004 95.03128051757812
C02 700.03 95.34333801269531
C02 725.012 95.77574920654297
C02 750.022 96.45787048339844
C02 774.987 97.01850128173828
C02 799.976 96.64219665527344
C02 824.988 95.51461029052734
C02 850.022 94.37996673583984
C02 869.967 91.89253234863281
C02 875.002 91.11439514160156
C02 899.999 84.3212661743164
C02 919.999 76.24165344238281
C02 925.012 73.4696044921875
C02 949.965 59.765987396240234
C02 975.002 49.45656204223633
C02 999.976 29.431262969970703
C02 1025.028 14.53257942199707
C02 1050.014 5.817004203796387
C02 1075.002 0.9189442333209167
C02 1099.99 0.0911768026133836
C03 319.994 59.32843017578125
C03 324.969 62.0949592590332
C03 349.982 72.78895568847656
C03 374.975 78.83795928955078
C03 400.019 83.63228607177734
C03 424.965 82.82333374023438
C03 450.035 82.26544189453125
C03 475.003 82.49050903320312
C03 500.018 83.48307037353516
C03 525.002 85.0113754272461
C03 550.029 86.85945129394531
C03 575.023 89.23175811767578
C03 599.982 91.49958801269531
C03 619.997 92.49108123779297
C03 624.979 92.87165069580078
C03 650.012 94.15127563476562
C03 675.004 95.1734848022461
C03 700.03 95.50048828125
C03 725.012 95.93997955322266
C03 750.022 96.62549591064453
C03 774.987 97.18031311035156
C03 799.976 96.81097412109375
C03 824.988 95.70442199707031
C03 850.022 94.55984497070312
C03 869.967 92.09173583984375
C03 875.002 91.32196807861328
C03 899.999 84.56946563720703
C03 919.999 76.53190612792969
C03 925.012 73.7733154296875
C03 949.965 59.90271759033203
C03 975.002 49.5688362121582
C03 999.976 29.521366119384766
C03 1025.028 14.593737602233887
C03 1050.014 5.8683552742004395
C03 1075.002 0.9205412105158887
C03 1099.99 0.09133525322355592
C04 319.994 58.96442413330078
C04 324.969 61.72975158691406
C04 349.982 72.60157012939453
C04 374.975 78.97351837158203
C04 400.019 83.8257827758789
C04 424.965 82.95909118652344
C04 450.035 82.30677032470703
C04 475.003 82.42445373535156
C04 500.018 83.34175872802734
C04 525.002 84.84615325927734
C04 550.029 86.70796966552734
C04 575.023 89.11045837402344
C04 599.982 91.4199447631836
C04 619.997 92.44287872314453
C04 624.979 92.82740020751953
C04 650.012 94.14014434814453
C04 675.004 95.18254089355469
C04 700.03 95.51889038085938
C04 725.012 95.95391082763672
C04 750.022 96.61962890625
C04 774.987 97.15984344482422
C04 799.976 96.78858947753906
C04 824.988 95.6998062133789
C04 850.022 94.57090759277344
C04 869.967 92.1405029296875
C04 875.002 91.38591766357422
C04 899.999 84.69341278076172
C04 919.999 76.68888092041016
C04 925.012 73.92697143554688
C04 949.965 59.990501403808594
C04 975.002 49.60699462890625
C04 999.976 29.548097610473633
C04 1025.028 14.650792121887207
C04 1050.014 5.8932342529296875
C04 1075.002 0.9204854571044532
C04 1099.99 0.09132972142129289
C05 319.994 58.637351989746094
C05 324.969 61.41192626953125
C05 349.982 72.41747283935547
C05 374.975 79.03512573242188
C05 400.019 83.93295288085938
C05 424.965 83.04473114013672
C05 450.035 82.36875915527344
C05 475.003 82.47866821289062
C05 500.018 83.38517761230469
C05 525.002 84.85098266601562
C05 550.029 86.658935546875
C05 575.023 89.0279541015625
C05 599.982 91.31939697265625
C05 619.997 92.34368896484375
C05 624.979 92.72774505615234
C05 650.012 94.0481185913086
C05 675.004 95.10206604003906
C05 700.03 95.44197082519531
C05 725.012 95.85567474365234
C05 750.022 96.49739074707031
C05 774.987 97.0124282836914
C05 799.976 96.64241027832031
C05 824.988 95.57240295410156
C05 850.022 94.467529296875
C05 869.967 92.08290100097656
C05 875.002 91.33309936523438
C05 899.999 84.6817398071289
C05 919.999 76.68762969970703
C05 925.012 73.92041778564453
C05 949.965 60.040470123291016
C05 975.002 49.602203369140625
C05 999.976 29.54938507080078
C05 1025.028 14.662811279296875
C05 1050.014 5.87990140914917
C05 1075.002 0.9193211095560582
C05 1099.99 0.09121419592720525
C06 319.994 58.47051239013672
C06 324.969 61.24920654296875
C06 349.982 72.37211608886719
C06 374.975 79.23082733154297
C06 400.019 84.18352508544922
C06 424.965 83.25235748291016
C06 450.035 82.50782012939453
C06 475.003 82.5552978515625
C06 500.018 83.44139099121094
C06 525.002 84.90337371826172
C06 550.029 86.73835754394531
C06 575.023 89.1380615234375
C06 599.982 91.45160675048828
C06 619.997 92.49378967285156
C06 624.979 92.88491821289062
C06 650.012 94.22555541992188
C06 675.004 95.29423522949219
C06 700.03 95.64466857910156
C06 725.012 96.04391479492188
C06 750.022 96.67898559570312
C06 774.987 97.17118072509766
C06 799.976 96.80197143554688
C06 824.988 95.75054931640625
C06 850.022 94.66487884521484
C06 869.967 92.30197143554688
C06 875.002 91.55135345458984
C06 899.999 84.92130279541016
C06 919.999 76.91775512695312
C06 925.012 74.1511459350586
C06 949.965 60.3110237121582
C06 975.002 49.76365661621094
C06 999.976 29.651823043823242
C06 1025.028 14.712052345275879
C06 1050.014 5.896084308624268
C06 1075.002 0.9210512957795216
C06 1099.99 0.09138586341480788
C07 319.994 57.7219123840332
C07 324.969 60.47020721435547
C07 349.982 71.55500793457031
C07 374.975 78.6257553100586
C07 400.019 83.67489624023438
C07 424.965 82.7904281616211
C07 450.035 82.10759735107422
C07 475.003 82.32107543945312
C07 500.018 83.32789611816406
C07 525.002 84.7895278930664
C07 550.029 86.58946228027344
C07 575.023 88.89964294433594
C07 599.982 91.10714721679688
C07 619.997 92.08612060546875
C07 624.979 92.46151733398438
C07 650.012 93.75990295410156
C07 675.004 94.81111145019531
C07 700.03 95.16093444824219
C07 725.012 95.55077362060547
C07 750.022 96.1611557006836
C07 774.987 96.64308166503906
C07 799.976 96.29205322265625
C07 824.988 95.27882385253906
C07 850.022 94.22496795654297
C07 869.967 91.87162017822266
C07 875.002 91.11614990234375
C07 899.999 84.5241470336914
C07 919.999 76.56918334960938
C07 925.012 73.84060668945312
C07 949.965 60.28318405151367
C07 975.002 49.68894958496094
C07 999.976 29.58527374267578
C07 1025.028 14.600229263305664
C07 1050.014 5.823586940765381
C07 1075.002 0.9161180899105867
C07 1099.99 0.09089639526053525
C10 319.994 60.878150939941406
C10 324.969 63.68107986450195
C10 349.982 73.83362579345703
C10 374.975 78.64945220947266
C10 400.019 83.16017150878906
C10 424.965 82.4882583618164
C10 450.035 82.23258209228516
C10 475.003 82.80191040039062
C10 500.018 84.00404357910156
C10 525.002 85.59243774414062
C10 550.029 87.37654113769531
C10 575.023 89.5954360961914
C10 599.982 91.69847869873047
C10 619.997 92.58246612548828
C10 624.979 92.93914031982422
C10 650.012 94.12613677978516
C10 675.004 95.0722885131836
C10 700.03 95.31757354736328
C10 725.012 95.63613891601562
C10 750.022 96.20948791503906
C10 774.987 96.65514373779297
C10 799.976 96.210693359375
C10 824.988 95.07984924316406
C10 850.022 93.86827087402344
C10 869.967 91.37166595458984
C10 875.002 90.61601257324219
C10 899.999 84.12793731689453
C10 919.999 76.0896987915039
C10 925.012 73.21282958984375
C10 949.965 59.32093048095703
C10 975.002 48.90375518798828
C10 999.976 29.01310157775879
C10 1025.028 14.194576263427734
C10 1050.014 5.581460952758789
C10 1075.002 0.9165788591248447
C10 1099.99 0.09094211235867396
C11 319.994 60.27009963989258
C11 324.969 63.05620574951172
C11 349.982 73.38774108886719
C11 374.975 78.61019134521484
C11 400.019 83.20516204833984
C11 424.965 82.47920227050781
C11 450.035 82.10993194580078
C11 475.003 82.52647399902344
C11 500.018 83.62694549560547
C11 525.002 85.20054626464844
C11 550.029 87.01808166503906
C11 575.023 89.30159759521484
C11 599.982 91.47876739501953
C11 619.997 92.41287231445312
C11 624.979 92.7800064086914
C11 650.012 94.002685546875
C11 675.004 94.97754669189453
C11 700.03 95.2640380859375
C11 725.012 95.6506118774414
C11 750.022 96.29220581054688
C11 774.987 96.81221771240234
C11 799.976 96.40008544921875
C11 824.988 95.25047302246094
C11 850.022 94.06120300292969
C11 869.967 91.5589599609375
C11 875.002 90.7947998046875
C11 899.999 84.14070892333984
C11 919.999 76.1202392578125
C11 925.012 73.29471588134766
C11 949.965 59.50143814086914
C11 975.002 49.11543273925781
C11 999.976 29.06993865966797
C11 1025.028 14.267291069030762
C11 1050.014 5.593996047973633
C11 1075.002 0.9173662975272264
C11 1099.99 0.09102024127355347
C12 319.994 59.89498519897461
C12 324.969 62.679656982421875
C12 349.982 73.23460388183594
C12 374.975 78.90071105957031
C12 400.019 83.60066986083984
C12 424.965 82.8377456665039
C12 450.035 82.39990997314453
C12 475.003 82.75431060791016
C12 500.018 83.8043441772461
C12 525.002 85.3514175415039
C12 550.029 87.17290496826172
C12 575.023 89.47171783447266
C12 599.982 91.67543029785156
C12 619.997 92.62318420410156
C12 624.979 92.99515533447266
C12 650.012 94.24000549316406
C12 675.004 95.23794555664062
C12 700.03 95.53851318359375
C12 725.012 95.96109008789062
C12 750.022 96.63526916503906
C12 774.987 97.18254852294922
C12 799.976 96.79674530029297
C12 824.988 95.65533447265625
C12 850.022 94.47047424316406
C12 869.967 91.95572662353516
C12 875.002 91.18406677246094
C12 899.999 84.4854965209961
C12 919.999 76.47025299072266
C12 925.012 73.67640686035156
C12 949.965 59.957759857177734
C12 975.002 49.48497772216797
C12 999.976 29.233957290649414
C12 1025.028 14.377976417541504
C12 1050.014 5.653658866882324
C12 1075.002 0.9206343964348875
C12 1099.99 0.09134449904483083
C13 319.994 59.3908576965332
C13 324.969 62.1738395690918
C13 349.982 72.93085479736328
C13 374.975 78.97464752197266
C13 400.019 83.7303695678711
C13 424.965 82.91112518310547
C13 450.035 82.36783599853516
C13 475.003 82.60293579101562
C13 500.018 83.57801818847656
C13 525.002 85.09197235107422
C13 550.029 86.90135192871094
C13 575.023 89.23030090332031
C13 599.982 91.4747314453125
C13 619.997 92.45993041992188
C13 624.979 92.83639526367188
C13 650.012 94.11540985107422
C13 675.004 95.13456726074219
C13 700.03 95.45689392089844
C13 725.012 95.88080596923828
C13 750.022 96.55137634277344
C13 774.987 97.09845733642578
C13 799.976 96.71720886230469
C13 824.988 95.59272766113281
C13 850.022 94.41600036621094
C13 869.967 91.90242767333984
C13 875.002 91.13184356689453
C13 899.999 84.4662857055664
C13 919.999 76.45909118652344
C13 925.012 73.6974105834961
C13 949.965 60.0877685546875
C13 975.002 49.58137512207031
C13 999.976 29.252103805541992
C13 1025.028 14.416825294494629
C13 1050.014 5.695798397064209
C13 1075.002 0.9198351668863964
C13 1099.99 0.09126520022326666
C14 319.994 59.44224166870117
C14 324.969 62.236690521240234
C14 349.982 73.21500396728516
C14 374.975 79.63790130615234
C14 400.019 84.50482940673828
C14 424.965 83.6627426147461
C14 450.035 83.09867095947266
C14 475.003 83.35294342041016
C14 500.018 84.34288024902344
C14 525.002 85.83842468261719
C14 550.029 87.62065887451172
C14 575.023 89.92830657958984
C14 599.982 92.16373443603516
C14 619.997 93.1434097290039
C14 624.979 93.52029418945312
C14 650.012 94.81160736083984
C14 675.004 95.84117126464844
C14 700.03 96.17068481445312
C14 725.012 96.58808898925781
C14 750.022 97.25048828125
C14 774.987 97.78307342529297
C14 799.976 97.4002456665039
C14 824.988 96.28749084472656
C14 850.022 95.08709716796875
C14 869.967 92.53727722167969
C14 875.002 91.76067352294922
C14 899.999 85.07205963134766
C14 919.999 77.02617645263672
C14 925.012 74.25527954101562
C14 949.965 60.53230667114258
C14 975.002 49.88264846801758
C14 999.976 29.41361427307129
C14 1025.028 14.510282516479492
C14 1050.014 5.744555473327637
C14 1075.002 0.9264956734548954
C14 1099.99 0.09192604956611147
C15 319.994 58.71949005126953
C15 324.969 61.4903450012207
C15 349.982 72.5184326171875
C15 374.975 79.16014099121094
C15 400.019 84.0400390625
C15 424.965 83.17940521240234
C15 450.035 82.58724212646484
C15 475.003 82.8229751586914
C15 500.018 83.8016586303711
C15 525.002 85.26031494140625
C15 550.029 87.00691223144531
C15 575.023 89.28409576416016
C15 599.982 91.49588775634766
C15 619.997 92.473876953125
C15 624.979 92.8497543334961
C15 650.012 94.13818359375
C15 675.004 95.1755142211914
C15 700.03 95.50533294677734
C15 725.012 95.91040802001953
C15 750.022 96.54399871826172
C15 774.987 97.05223846435547
C15 799.976 96.6680679321289
C15 824.988 95.58473205566406
C15 850.022 94.38750457763672
C15 869.967 91.85029602050781
C15 875.002 91.07701110839844
C15 899.999 84.49301147460938
C15 919.999 76.53793334960938
C15 925.012 73.79206848144531
C15 949.965 60.11779022216797
C15 975.002 49.43212890625
C15 999.976 29.217859268188477
C15 1025.028 14.413150787353516
C15 1050.014 5.707400321960449
C15 1075.002 0.9197652034563074
C15 1099.99 0.0912582585160073
C16 319.994 58.41335678100586
C16 324.969 61.177955627441406
C16 349.982 72.2375259399414
C16 374.975 79.11529541015625
C16 400.019 84.0888671875
C16 424.965 83.25405883789062
C16 450.035 82.70699310302734
C16 475.003 83.05878448486328
C16 500.018 84.1134262084961
C16 525.002 85.57676696777344
C16 550.029 87.3111572265625
C16 575.023 89.51976776123047
C16 599.982 91.65460968017578
C16 619.997 92.5831298828125
C16 624.979 92.95030212402344
C16 650.012 94.21023559570312
C16 675.004 95.23595428466797
C16 700.03 95.56375885009766
C16 725.012 95.9514389038086
C16 750.022 96.57110595703125
C16 774.987 97.06185150146484
C16 799.976 96.68561553955078
C16 824.988 95.63187408447266
C16 850.022 94.4527359008789
C16 869.967 91.92911529541016
C16 875.002 91.16907501220703
C16 899.999 84.65011596679688
C16 919.999 76.72798919677734
C16 925.012 73.99083709716797
C16 949.965 60.28715133666992
C16 975.002 49.52206039428711
C16 999.976 29.319316864013672
C16 1025.028 14.449533462524414
C16 1050.014 5.73097038269043
C16 1075.002 0.9200235893768207
C16 1099.99 0.09128389532966637
C17 319.994 57.63843536376953
C17 324.969 60.35819625854492
C17 349.982 71.36337280273438
C17 374.975 78.6346664428711
C17 400.019 83.84886169433594
C17 424.965 83.09807586669922
C17 450.035 82.64546203613281
C17 475.003 83.15874481201172
C17 500.018 84.2896728515625
C17 525.002 85.82875061035156
C17 550.029 87.59716796875
C17 575.023 89.6978988647461
C17 599.982 91.6828384399414
C17 619.997 92.5196762084961
C17 624.979 92.87102508544922
C17 650.012 94.0715103149414
C17 675.004 95.07601165771484
C17 700.03 95.39913940429688
C17 725.012 95.777587890625
C17 750.022 96.38541412353516
C17 774.987 96.86488342285156
C17 799.976 96.50756072998047
C17 824.988 95.48690032958984
C17 850.022 94.33299255371094
C17 869.967 91.79130554199219
C17 875.002 91.0242691040039
C17 899.999 84.50900268554688
C17 919.999 76.63469696044922
C17 925.012 73.9322738647461
C17 949.965 60.395965576171875
C17 975.002 49.564598083496094
C17 999.976 29.351770401000977
C17 1025.028 14.41057300567627
C17 1050.014 5.704033851623535
C17 1075.002 0.918254610024147
C17 1099.99 0.09110837882342201
