lsstCam/transmission_sensor/r10_s10/19700101T000000.ecsv
# %ECSV 1.0
# ---
# datatype:
# - {name: amp_name, datatype: string}
# - {name: wavelength, unit: nm, datatype: float32}
# - {name: efficiency, unit: '%', datatype: float64}
# meta: !!omap
# - {MODE: AMP}
# - {TYPE: transmission_sensor}
# - {CALIBDATE: '1970-01-01T00:00:00'}
# - {INSTRUME: LSSTCam}
# - {OBSTYPE: transmission_sensor}
# - {DETECTOR: 30}
# - {PARQUETFILE: qe_raft_allvalues_nircorrected_20230725_adjust.parquet}
# - {CORRFILE: qe_corr_factor_bydetnum.parquet}
# - {CALIBCLS: lsst.ip.isr.IntermediateSensorTransmissionCurve}
# - {CALIB_ID: 'raftName=R10 detectorName=S10 detector=30 calibDate=1970-01-01T00:00:00 ccd=30 ccdnum=30 filter=None'}
# - {DATE: '2025-03-03T21:56:47.540651'}
# - {CALIB_CREATION_DATE: '2025-03-03'}
# - {CALIB_CREATION_TIME: '21:56:47'}
# - __serialized_columns__:
#     efficiency:
#       __class__: astropy.units.quantity.Quantity
#       unit: !astropy.units.Unit {unit: '%'}
#       value: !astropy.table.SerializedColumn {name: efficiency}
#     wavelength:
#       __class__: astropy.units.quantity.Quantity
#       unit: !astropy.units.Unit {unit: nm}
#       value: !astropy.table.SerializedColumn {name: wavelength}
# schema: astropy-2.0
amp_name wavelength efficiency
C00 319.994 61.82168495690105
C00 324.969 64.67265582336663
C00 349.982 74.94221868028563
C00 374.975 79.69398624907461
C00 400.019 84.1914948153444
C00 424.965 83.45094324507
C00 450.035 83.08617550308557
C00 475.003 83.52272947484784
C00 500.018 84.6699485680022
C00 525.002 86.29069702997108
C00 550.029 88.16714238361905
C00 575.023 90.51660688734741
C00 599.982 92.74104460944783
C00 619.997 93.68937116332539
C00 624.979 94.05760993881943
C00 650.012 95.2943801504044
C00 675.004 96.27028943827371
C00 700.03 96.53471416254152
C00 725.012 96.87556346871584
C00 750.022 97.45931554528102
C00 774.987 97.91103692850399
C00 799.976 97.47372535922739
C00 824.988 96.31923951440479
C00 850.022 95.13327471980239
C00 869.967 92.56804180563581
C00 875.002 91.77738830178504
C00 899.999 85.06575461631421
C00 919.999 76.78405419646694
C00 925.012 73.87300893934838
C00 949.965 59.88797914622482
C00 975.002 49.22776654244348
C00 999.976 29.391733840147534
C00 1025.028 14.52355986908106
C00 1050.014 5.783539526946121
C00 1075.002 0.9284858400701285
C00 1099.99 0.09212351206934641
C01 319.994 61.14820782370046
C01 324.969 63.96487421088117
C01 349.982 74.39660931939177
C01 374.975 79.66711472907592
C01 400.019 84.32416714739773
C01 424.965 83.57911637555853
C01 450.035 83.17506179104439
C01 475.003 83.57221296147371
C01 500.018 84.68703316500941
C01 525.002 86.28674670007486
C01 550.029 88.1561649502479
C01 575.023 90.52172453586269
C01 599.982 92.76007731434908
C01 619.997 93.72281368217301
C01 624.979 94.09885261983007
C01 650.012 95.35324856950392
C01 675.004 96.34704643541609
C01 700.03 96.64812960267406
C01 725.012 97.06340126875267
C01 750.022 97.72976239672921
C01 774.987 98.26740925313555
C01 799.976 97.86768379727482
C01 824.988 96.71429569578935
C01 850.022 95.56843718592606
C01 869.967 93.04039612524443
C01 875.002 92.24662719488057
C01 899.999 85.38863803857687
C01 919.999 77.14784015391746
C01 925.012 74.29200674830369
C01 949.965 60.36181387322116
C01 975.002 49.832093575992694
C01 999.976 29.68860770284875
C01 1025.028 14.698681820021845
C01 1050.014 5.841668708675147
C01 1075.002 0.9310616551501211
C01 1099.99 0.0923790820752306
C02 319.994 60.55397693661796
C02 324.969 63.3631060015896
C02 349.982 73.9886817108502
C02 374.975 79.69081670845335
C02 400.019 84.44577700962422
C02 424.965 83.6627072115038
C02 450.035 83.1708486211942
C02 475.003 83.469666726496
C02 500.018 84.51940311907977
C02 525.002 86.09478076664352
C02 550.029 87.97532333133847
C02 575.023 90.3677698981257
C02 599.982 92.63535975619638
C02 619.997 93.62406316535392
C02 624.979 94.0041838528842
C02 650.012 95.27821549323602
C02 675.004 96.29172635569498
C02 700.03 96.60792282030549
C02 725.012 97.04606929296526
C02 750.022 97.73723787424323
C02 774.987 98.30530459002667
C02 799.976 97.92400885329047
C02 824.988 96.78146676519917
C02 850.022 95.63177388424286
C02 869.967 93.1113474516391
C02 875.002 92.32288943446257
C02 899.999 85.4396599119921
C02 919.999 77.25288336845777
C02 925.012 74.44406739225481
C02 949.965 60.55869259461542
C02 975.002 50.11252834569126
C02 999.976 29.821624046018293
C02 1025.028 14.725332051971057
C02 1050.014 5.894157944112736
C02 1075.002 0.9311326351612621
C02 1099.99 0.092386124646728
C03 319.994 60.11533184110436
C03 324.969 62.91855473769885
C03 349.982 73.75439081424489
C03 374.975 79.88362527585473
C03 400.019 84.741541533108
C03 424.965 83.92185967551872
C03 450.035 83.3565682404256
C03 475.003 83.58462055341788
C03 500.018 84.59034671488757
C03 525.002 86.13892241773458
C03 550.029 88.01151020852888
C03 575.023 90.4152820850969
C03 599.982 92.71319130491524
C03 619.997 93.71783518422158
C03 624.979 94.10345231902431
C03 650.012 95.40004954248207
C03 675.004 96.43581676457168
C03 700.03 96.76715744888226
C03 725.012 97.21247790616769
C03 750.022 97.90708659860775
C03 774.987 98.4692626071878
C03 799.976 98.09502489627403
C03 824.988 96.97379603621391
C03 850.022 95.81403793113842
C03 869.967 93.31319307510448
C03 875.002 92.53321551173649
C03 899.999 85.69115136440784
C03 919.999 77.54698581576211
C03 925.012 74.7518065948174
C03 949.965 60.69723630740496
C03 975.002 50.22629166223344
C03 999.976 29.912922277084014
C03 1025.028 14.787301402733267
C03 1050.014 5.94619010860098
C03 1075.002 0.932750793837195
C03 1099.99 0.09254667686398224
C04 319.994 59.74649781042048
C04 324.969 62.54850313958119
C04 349.982 73.56451986985833
C04 374.975 80.020982343558
C04 400.019 84.93760467758631
C04 424.965 84.0594177384809
C04 450.035 83.39844482956049
C04 475.003 83.51768913220135
C04 500.018 84.44716078467594
C04 525.002 85.9715088282376
C04 550.029 87.85801940600474
C04 575.023 90.29237348427439
C04 599.982 92.6324917084635
C04 619.997 93.66899333630683
C04 624.979 94.05861491511398
C04 650.012 95.38877061622254
C04 675.004 96.44499297119955
C04 700.03 96.78580362443947
C04 725.012 97.22659395781257
C04 750.022 97.90114177729619
C04 774.987 98.44852144258581
C04 799.976 98.0723433543649
C04 824.988 96.96911903115084
C04 850.022 95.825247282116
C04 869.967 93.36260698644843
C04 875.002 92.59801329097382
C04 899.999 85.8167424788781
C04 919.999 77.70604264084062
C04 925.012 74.90750061460264
C04 949.965 60.786184440058825
C04 975.002 50.264956192519236
C04 999.976 29.940008320868646
C04 1025.028 14.845112664076808
C04 1050.014 5.971399069258548
C04 1075.002 0.9326943009412969
C04 1099.99 0.09254107169075018
C05 319.994 59.41508755082798
C05 324.969 62.22646235128858
C05 349.982 73.37798080841753
C05 374.975 80.08340683262284
C05 400.019 85.04619623150504
C05 424.965 84.1461935762212
C05 450.035 83.46125584796937
C05 475.003 83.57262268257841
C05 500.018 84.49115555461626
C05 525.002 85.97640228973333
C05 550.029 87.80833492411996
C05 575.023 90.20877491774225
C05 599.982 92.53061030395756
C05 619.997 93.56848797626573
C05 624.979 93.95763798927312
C05 650.012 95.29552427726279
C05 675.004 96.36345074077776
C05 700.03 96.70786384750427
C05 725.012 97.1270549211316
C05 750.022 97.7772823142873
C05 774.987 98.29915104286933
C05 799.976 97.92422530972314
C05 824.988 96.84002596082345
C05 850.022 95.72049782987717
C05 869.967 93.30424105549616
C05 875.002 92.54449443799601
C05 899.999 85.80491468095002
C05 919.999 77.70477482459212
C05 925.012 74.90086004047177
C05 949.965 60.83681591883655
C05 975.002 50.26010138395791
C05 999.976 29.94131285740483
C05 1025.028 14.857291237384612
C05 1050.014 5.957889385522156
C05 1075.002 0.9315145100881973
C05 1099.99 0.09242401392615723
C06 319.994 59.24603507691221
C06 324.969 62.0615843942886
C06 349.982 73.33202246940942
C06 374.975 80.28170411670979
C06 400.019 85.30009189644082
C06 424.965 84.35657376760328
C06 450.035 83.60216125505107
C06 475.003 83.65026869721213
C06 500.018 84.54811451875615
C06 525.002 86.02948822984581
C06 550.029 87.88881033355214
C06 575.023 90.3203427476102
C06 599.982 92.66457364402004
C06 619.997 93.72057954256438
C06 624.979 94.11689580961054
C06 650.012 95.4753145363564
C06 675.004 96.55816876313877
C06 700.03 96.91325007976118
C06 725.012 97.31779169124883
C06 750.022 97.9612857432311
C06 774.987 98.46000909469113
C06 799.976 98.08590280375434
C06 824.988 97.020535164497
C06 850.022 95.92046492073044
C06 869.967 93.5262171271999
C06 875.002 92.76564333690347
C06 899.999 86.04765510901638
C06 919.999 77.93795251668656
C06 925.012 75.13464844892982
C06 949.965 61.11095799081391
C06 975.002 50.42369606353562
C06 999.976 30.045109514810562
C06 1025.028 14.907185411438553
C06 1050.014 5.974286926620317
C06 1075.002 0.9332676446083968
C06 1099.99 0.09259795832267985
C07 319.994 58.48750602684582
C07 324.969 61.27225282079449
C07 349.982 72.50407661444424
C07 374.975 79.66860673234397
C07 400.019 84.78471686083891
C07 424.965 83.88851765430056
C07 450.035 83.19663012844264
C07 475.003 83.41293967996253
C07 500.018 84.433114308313
C07 525.002 85.91413241240612
C07 550.029 87.73794019998071
C07 575.023 90.078761907576
C07 599.982 92.31554537692553
C07 619.997 93.30750336316
C07 624.979 93.68787916005735
C07 650.012 95.0034858966557
C07 675.004 96.06863707948037
C07 700.03 96.42309994915229
C07 725.012 96.81810974701555
C07 750.022 97.4365876198506
C07 774.987 97.92490560136868
C07 799.976 97.56922129896954
C07 824.988 96.54255297763896
C07 850.022 95.47471928116654
C07 869.967 93.09015791299804
C07 875.002 92.32466746944522
C07 899.999 85.64523167833414
C07 919.999 77.58475746326313
C07 925.012 74.81999037110864
C07 949.965 61.082749079284795
C07 975.002 50.347998156795946
C07 999.976 29.9776775380935
C07 1025.028 14.793879165845718
C07 1050.014 5.90082799110608
C07 1075.002 0.9282690072439354
C07 1099.99 0.09210199811553176
C10 319.994 61.68560730132659
C10 324.969 64.52571282793078
C10 349.982 74.81291688411245
C10 374.975 79.69261793519665
C10 400.019 84.26316508631902
C10 424.965 83.58234003028795
C10 450.035 83.32327260272872
C10 475.003 83.90015218755661
C10 500.018 85.11822984006308
C10 525.002 86.72769164518557
C10 550.029 88.5354584649819
C10 575.023 90.7837837005449
C10 599.982 92.91471997431849
C10 619.997 93.81043215388333
C10 624.979 94.17183709057447
C10 650.012 95.37457725870885
C10 675.004 96.33327826018086
C10 700.03 96.58181662840803
C10 725.012 96.90460728362811
C10 750.022 97.48556088774234
C10 774.987 97.93712765922768
C10 799.976 97.48678232046954
C10 824.988 96.34093927178002
C10 850.022 95.11329115271475
C10 869.967 92.58357255467993
C10 875.002 91.81789657704198
C10 899.999 85.24376684042517
C10 919.999 77.09891326954701
C10 925.012 74.1838867601847
C10 949.965 60.10773267420024
C10 975.002 49.55238934675439
C10 999.976 29.39791637700569
C10 1025.028 14.382845794024666
C10 1050.014 5.655490569009358
C10 1075.002 0.9287358878631463
C10 1099.99 0.09214832158165547
C11 319.994 61.06949112278372
C11 324.969 63.892550705315095
C11 349.982 74.36111819502067
C11 374.975 79.65283633510654
C11 400.019 84.30875235715683
C11 424.965 83.5731638236601
C11 450.035 83.19899568802826
C11 475.003 83.62106253997536
C11 500.018 84.73613012229124
C11 525.002 86.3306023194513
C11 550.029 88.17224457096059
C11 575.023 90.48604787740645
C11 599.982 92.69209453331673
C11 619.997 93.6385889381035
C11 624.979 94.01059250940861
C11 650.012 95.24948863238588
C11 675.004 96.23727983229143
C11 700.03 96.5275711002634
C11 725.012 96.91927220694156
C11 750.022 97.56937591070715
C11 774.987 98.09628498193565
C11 799.976 97.67868640920582
C11 824.988 96.5138261167888
C11 850.022 95.30878223376386
C11 869.967 92.77335073202391
C11 875.002 91.99905515001353
C11 899.999 85.25670784286412
C11 919.999 77.12985880883204
C11 925.012 74.26685914917948
C11 949.965 60.29063449451349
C11 975.002 49.766874479770344
C11 999.976 29.45550731662312
C11 1025.028 14.456525051265013
C11 1050.014 5.668191923254996
C11 1075.002 0.9295337704419261
C11 1099.99 0.09222748675812233
C12 319.994 60.689401357600964
C12 324.969 63.511007589798695
C12 349.982 74.20594985514334
C12 374.975 79.94720935295173
C12 400.019 84.70950598107275
C12 424.965 83.93646275413711
C12 450.035 83.49281983420488
C12 475.003 83.85192105600547
C12 500.018 84.91588172845044
C12 525.002 86.48347467502494
C12 550.029 88.32912137053862
C12 575.023 90.65842450368108
C12 599.982 92.8913658713507
C12 619.997 93.85169029606773
C12 624.979 94.22859505945547
C12 650.012 95.48995626790918
C12 675.004 96.50113249313006
C12 700.03 96.80568669389764
C12 725.012 97.23386844006768
C12 750.022 97.91698948040244
C12 774.987 98.47152766914395
C12 799.976 98.0806073517408
C12 824.988 96.92405744022095
C12 850.022 95.72348183641327
C12 869.967 93.17537990277522
C12 875.002 92.39348515386071
C12 899.999 85.60606852519452
C12 919.999 77.484514943176
C12 925.012 74.65361268025374
C12 949.965 60.75300862645861
C12 975.002 50.1413209165299
C12 999.976 29.6217014060396
C12 1025.028 14.568678473089205
C12 1050.014 5.728646078988512
C12 1075.002 0.9328452157261096
C12 1099.99 0.09255604531705673
C13 319.994 60.17858736825891
C13 324.969 62.99848127546248
C13 349.982 73.89817199964635
C13 374.975 80.02212647041641
C13 400.019 84.84092595805136
C13 424.965 84.01081553875947
C13 450.035 83.46032044695676
C13 475.003 83.69853848169767
C13 500.018 84.68655386862278
C13 525.002 86.22058833754645
C13 550.029 88.05396659167984
C13 575.023 90.41380554300262
C13 599.982 92.68800505285664
C13 619.997 93.68627119798607
C13 624.979 94.06772927704678
C13 650.012 95.36370805355403
C13 675.004 96.39638304089122
C13 700.03 96.72298487544369
C13 725.012 97.15251947431793
C13 750.022 97.83198394705792
C13 774.987 98.38632114054053
C13 799.976 98.00001598350538
C13 824.988 96.86062024427468
C13 850.022 95.66828544608227
C13 869.967 93.12137402282389
C13 875.002 92.34056928665963
C13 899.999 85.58660290742793
C13 919.999 77.47320509456895
C13 925.012 74.6748949859374
C13 949.965 60.88474169220589
C13 975.002 50.23899688177252
C13 999.976 29.64008860693628
C13 1025.028 14.608042621487737
C13 1050.014 5.771344526141195
C13 1075.002 0.9320353856095465
C13 1099.99 0.09247569471686701
C14 319.994 60.23065287090308
C14 324.969 63.06216585018893
C14 349.982 74.18608997744582
C14 374.975 80.69417731033744
C14 400.019 85.62565783235121
C14 424.965 84.77240203593733
C14 450.035 84.20084882547053
C14 475.003 84.45849382504363
C14 500.018 85.46156066462623
C14 525.002 86.97694122740582
C14 550.029 88.78281405341627
C14 575.023 91.12106920616704
C14 599.982 93.38614662350136
C14 619.997 94.37881582372889
C14 624.979 94.76069908506805
C14 650.012 96.06913956762763
C14 675.004 97.11235907547064
C14 700.03 97.44624312286508
C14 725.012 97.86918353112975
C14 750.022 98.54036854532009
C14 774.987 99.08001762372864
C14 799.976 98.6921122352091
C14 824.988 97.56459840801465
C14 850.022 96.34828332931706
C14 869.967 93.7646438877866
C14 875.002 92.97773971857316
C14 899.999 86.20041150578679
C14 919.999 78.0478118868538
C14 925.012 75.24016322926987
C14 949.965 61.335175932713156
C14 975.002 50.544266161826606
C14 999.976 29.8037412659156
C14 1025.028 14.70273941181106
C14 1050.014 5.820748291089867
C14 1075.002 0.938784233698209
C14 1099.99 0.09314530922418476
C15 319.994 59.498315049189834
C15 324.969 62.3059211885459
C15 349.982 73.48027966461504
C15 374.975 80.21008022925645
C15 400.019 85.15470274896808
C15 424.965 84.28265389584627
C15 450.035 83.68263666448327
C15 475.003 83.92149633793531
C15 500.018 84.9131605618683
C15 525.002 86.39116373707779
C15 550.029 88.16092699176666
C15 575.023 90.46831391110122
C15 599.982 92.70944197027791
C15 619.997 93.70040271080472
C15 624.979 94.08126553467558
C15 650.012 95.3867838553941
C15 675.004 96.43787310068205
C15 700.03 96.77206637155176
C15 725.012 97.18251415141657
C15 750.022 97.8245084695439
C15 774.987 98.33948924521486
C15 799.976 97.95022327340426
C15 824.988 96.85251858922331
C15 850.022 95.63941170408138
C15 869.967 93.06855092266538
C15 875.002 92.2850095587452
C15 899.999 85.61368315327239
C15 919.999 77.55309297939817
C15 925.012 74.77080837737113
C15 949.965 60.915161551583
C15 975.002 50.087771141204556
C15 999.976 29.60538986772049
C15 1025.028 14.60431937758113
C15 1050.014 5.783100332978939
C15 1075.002 0.9319644942206443
C15 1099.99 0.09246866093838671
C16 319.994 59.1881213852925
C16 324.969 61.989388443406064
C16 349.982 73.19564718624004
C16 374.975 80.16463983956938
C16 400.019 85.20417850500708
C16 424.965 84.35829768847776
C16 450.035 83.80397595616891
C16 475.003 84.16043331725616
C16 500.018 85.22906326417733
C16 525.002 86.7118130197318
C16 550.029 88.46920733541093
C16 575.023 90.7071117398582
C16 599.982 92.87026909975219
C16 619.997 93.81110471494199
C16 624.979 94.18314693918151
C16 650.012 95.45979151789916
C16 675.004 96.4991148099541
C16 700.03 96.83126720588717
C16 725.012 97.22408924766309
C16 750.022 97.85197524473243
C16 774.987 98.34922978468505
C16 799.976 97.96800362323077
C16 824.988 96.90028588556159
C16 850.022 95.70550822191473
C16 869.967 93.14841561573395
C16 875.002 92.37829455063937
C16 899.999 85.77287139832788
C16 919.999 77.7456696291931
C16 925.012 74.97221335738428
C16 949.965 61.086768984462964
C16 975.002 50.17889543406545
C16 999.976 29.708193144712
C16 1025.028 14.641184613770347
C16 1050.014 5.806983014824719
C16 1075.002 0.9322263072385972
C16 1099.99 0.09249463778550532
C17 319.994 58.402921810486326
C17 324.969 61.158756209499714
C17 349.982 72.30989973316493
C17 374.975 79.67763605782109
C17 400.019 84.96098970290163
C17 424.965 84.20024583969379
C17 450.035 83.74162877297289
C17 475.003 84.26171946657226
C17 500.018 85.40764755171747
C17 525.002 86.96713884324059
C17 550.029 88.75901157640938
C17 575.023 90.887605482358
C17 599.982 92.89887227121224
C17 619.997 93.74680942385193
C17 624.979 94.10281841090007
C17 650.012 95.31922625664022
C17 675.004 96.33705078657883
C17 700.03 96.66446433275381
C17 725.012 97.0479323644036
C17 750.022 97.66382049063348
C17 774.987 98.14964922317584
C17 799.976 97.7875871865998
C17 824.988 96.75338927364703
C17 850.022 95.58417666081596
C17 869.967 93.00877802490075
C17 875.002 92.2315680116362
C17 899.999 85.62988646337517
C17 919.999 77.65114001281108
C17 925.012 74.912873372485
C17 949.965 61.197026479854564
C17 975.002 50.221997321221
C17 999.976 29.741077128657455
C17 1025.028 14.601707405538681
C17 1050.014 5.779689211517656
C17 1075.002 0.9304338650571512
C17 1099.99 0.09231679331894503
