lsstCam/transmission_filter_detector/r21_s00/i_39/19700101T000000.ecsv
# %ECSV 1.0
# ---
# datatype:
# - {name: wavelength, unit: nm, datatype: float32}
# - {name: efficiency, unit: '%', datatype: float64}
# meta: !!omap
# - {MODE: DETECTOR}
# - {TYPE: transmission_filter_detector}
# - {CALIBDATE: '1970-01-01T00:00:00'}
# - {INSTRUME: LSSTCam}
# - {OBSTYPE: transmission_filter_detector}
# - {CALIBCLS: lsst.ip.isr.IntermediateFilterDetectorTransmissionCurve}
# - {SOURCE: Materion (DM-46256)}
# - {DETECTOR: 81}
# - {FILTER: i_39}
# - {CALIB_ID: 'calibDate=1970-01-01T00:00:00 filter=i_39 detector=81'}
# - {DATE: '2025-04-02T15:59:46.855911'}
# - {CALIB_CREATION_DATE: '2025-04-02'}
# - {CALIB_CREATION_TIME: '15:59:46'}
# - __serialized_columns__:
#     efficiency:
#       __class__: astropy.units.quantity.Quantity
#       unit: !astropy.units.Unit {unit: '%'}
#       value: !astropy.table.SerializedColumn {name: efficiency}
#     wavelength:
#       __class__: astropy.units.quantity.Quantity
#       unit: !astropy.units.Unit {unit: nm}
#       value: !astropy.table.SerializedColumn {name: wavelength}
# schema: astropy-2.0
wavelength efficiency
[from data line 596]
896.0 1.5973675290478773e-10
897.0 1.5973675290478773e-10
898.0 1.5973675290478773e-10
899.0 1.5973675290478773e-10
900.0 1.5973675290478773e-10
901.0 1.5973675290478773e-10
902.0 1.5973675290478773e-10
903.0 1.5973675290478773e-10
904.0 1.5973675290478773e-10
905.0 1.5973675290478773e-10
906.0 1.5973675290478773e-10
907.0 0.00012727822422675672
908.0 0.0003113541424681898
909.0 2.6213163550892205e-05
910.0 1.5973675290478773e-10
911.0 1.5973675290478773e-10
912.0 0.00012143455023760907
913.0 0.00010921786497419816
914.0 9.700119107947103e-05
915.0 1.5973675290478773e-10
916.0 1.5973675290478773e-10
917.0 1.5973675290478773e-10
918.0 1.5973675290478773e-10
919.0 1.5973675290478773e-10
920.0 1.5973675290478773e-10
921.0 1.5973675290478773e-10
922.0 1.5973675290478773e-10
923.0 1.5973675290478773e-10
924.0 1.5973675290478773e-10
925.0 0.00011874776646436658
926.0 0.0003216307050024625
927.0 4.544934313344129e-05
928.0 1.5973675290478773e-10
929.0 1.5973675290478773e-10
930.0 0.00022437868665292626
931.0 0.000162898606959061
932.0 0.00010141851589651196
933.0 0.00011360177722963272
934.0 0.00012578506130012101
935.0 1.5973675290478773e-10
936.0 1.5973675290478773e-10
937.0 1.5973675290478773e-10
938.0 1.5973675290478773e-10
939.0 1.5973675290478773e-10
940.0 1.5973675290478773e-10
941.0 1.5973675290478773e-10
942.0 1.5973675290478773e-10
943.0 1.5973675290478773e-10
944.0 1.5973675290478773e-10
945.0 1.5973675290478773e-10
946.0 1.5973675290478773e-10
947.0 1.5973675290478773e-10
948.0 1.5973675290478773e-10
949.0 1.5973675290478773e-10
950.0 1.5973675290478773e-10
951.0 1.5973675290478773e-10
952.0 1.5973675290478773e-10
953.0 1.5973675290478773e-10
954.0 1.5973675290478773e-10
955.0 1.5973675290478773e-10
956.0 0.00011875882819367689
957.0 0.00010560532928138855
958.0 9.245177352568135e-05
959.0 4.55386100384203e-05
960.0 1.5973675290478773e-10
961.0 5.480579829963972e-05
962.0 0.0001109861841541715
963.0 5.5171273061205284e-05
964.0 1.5973675290478773e-10
965.0 1.5973675290478773e-10
966.0 1.5973675290478773e-10
967.0 1.5973675290478773e-10
968.0 1.5973675290478773e-10
969.0 1.5973675290478773e-10
970.0 1.5973675290478773e-10
971.0 1.5973675290478773e-10
972.0 1.5973675290478773e-10
973.0 1.5973675290478773e-10
974.0 2.893690975724894e-05
975.0 1.5973675290478773e-10
976.0 1.5973675290478773e-10
977.0 1.5973675290478773e-10
978.0 1.5973675290478773e-10
979.0 1.5973675290478773e-10
980.0 1.5973675290478773e-10
981.0 1.5973675290478773e-10
982.0 1.5973675290478773e-10
983.0 1.5973675290478773e-10
984.0 9.232607567355444e-06
985.0 0.0001308799937760341
986.0 0.0002525273430364905
987.0 3.3490545092718094e-05
988.0 1.5973675290478773e-10
989.0 1.5973675290478773e-10
990.0 1.5973675290478773e-10
991.0 1.5973675290478773e-10
992.0 1.5973675290478773e-10
993.0 1.5973675290478773e-10
994.0 4.952770495947334e-05
995.0 1.5973675290478773e-10
996.0 1.5973675290478773e-10
997.0 0.00010052386869574548
998.0 0.0003341909632581519
999.0 0.00034055094602081226
1000.0 0.00034691083783400245
1001.0 0.00020866477825620677
1002.0 7.041866751933412e-05
1003.0 9.086782597478305e-05
1004.0 0.00011131700148325763
1005.0 1.5973675290478773e-10
1006.0 1.5973675290478773e-10
1007.0 2.6565416533230746e-05
1008.0 0.0002349579517613165
1009.0 0.00019903613974747714
1010.0 0.00016311428225890268
1011.0 0.0001834616682572232
1012.0 0.0002038090315181762
1013.0 0.0003387492824913352
1014.0 0.00047368953346449416
1015.0 0.0004180022187938448
1016.0 0.0003623148813858279
1017.0 0.00042315327846154105
1018.0 0.0004839917892240919
1019.0 0.0003579563099265215
1020.0 0.000231920785154216
1021.0 0.0001744934138514509
1022.0 0.0001170660425486858
1023.0 0.00046140607992128935
1024.0 0.0008057461855059955
1025.0 0.0006158375526865711
1026.0 0.00042592896534188185
1027.0 0.0004067976988153532
1028.0 0.0003876664322888246
1029.0 0.000820805780676892
1030.0 0.0012539449926407542
1031.0 0.0018213213479612023
1032.0 0.00238869743043324
1033.0 0.002564668102422729
1034.0 0.0027406382287153974
1035.0 0.0032355157600250095
1036.0 0.00373039256373886
1037.0 0.003645789547590539
1038.0 0.003561186167644337
1039.0 0.003179851046297699
1040.0 0.0027985164706478827
1041.0 0.0023002881789579988
1042.0 0.0018020598872681148
1043.0 0.002624203079903964
1044.0 0.0034463464544387534
1045.0 0.0035106826544506475
1046.0 0.0035750192182604223
1047.0 0.003173544246237725
1048.0 0.0027720692742150277
1049.0 0.0023416376279783435
1050.0 0.0019112061636405997
1051.0 0.002010860771406442
1052.0 0.002110515742970165
1053.0 0.001301298470934853
1054.0 0.0004920812443742761
1055.0 0.0006595547347387765
1056.0 0.0008270282705780119
1057.0 0.0007636630471097305
1058.0 0.0007002980055403896
1059.0 0.0006708788077958161
1060.0 0.0006414599738491233
1061.0 0.0013849637070961762
1062.0 0.002128467349393759
1063.0 0.002588841198303271
1064.0 0.003049214865313843
1065.0 0.0032402138458564878
1066.0 0.0034312128263991326
1067.0 0.004134633491048589
1068.0 0.004838054155698046
1069.0 0.004049417111673392
1070.0 0.003260779703850858
1071.0 0.00316556979669258
1072.0 0.003070359889534302
1073.0 0.0033090647775679827
1074.0 0.0035477696656016633
1075.0 0.003582574936444871
1076.0 0.0036173794796923175
1077.0 0.0028633290639845654
1078.0 0.0021092782844789326
1079.0 0.002244529423478525
1080.0 0.0023797803805791773
1081.0 0.0012495729606598616
1082.0 0.00011936546115975943
1083.0 1.5973675290478773e-10
1084.0 1.5973675290478773e-10
1085.0 1.5973675290478773e-10
1086.0 0.0007107914370863
1087.0 0.0006745858172507724
1088.0 0.00063838033383945
1089.0 1.5973675290478773e-10
1090.0 1.5973675290478773e-10
1091.0 1.5973675290478773e-10
1092.0 1.5973675290478773e-10
1093.0 1.5973675290478773e-10
1094.0 0.00046486102291964926
1095.0 1.5973675290478773e-10
1096.0 1.5973675290478773e-10
1097.0 1.5973675290478773e-10
1098.0 1.5973675290478773e-10
1099.0 1.5973675290478773e-10
1100.0 1.5973675290478773e-10
