lsstCam/transmission_filter_detector/r21_s00/i_39/19700101T000000.ecsv
# %ECSV 1.0
# ---
# datatype:
# - {name: wavelength, unit: nm, datatype: float32}
# - {name: efficiency, unit: '%', datatype: float64}
# meta: !!omap
# - {MODE: DETECTOR}
# - {TYPE: transmission_filter_detector}
# - {CALIBDATE: '1970-01-01T00:00:00'}
# - {INSTRUME: LSSTCam}
# - {OBSTYPE: transmission_filter_detector}
# - {CALIBCLS: lsst.ip.isr.IntermediateFilterDetectorTransmissionCurve}
# - {SOURCE: Materion (DM-46256)}
# - {DETECTOR: 81}
# - {FILTER: i_39}
# - {CALIB_ID: 'calibDate=1970-01-01T00:00:00 filter=i_39 detector=81'}
# - {DATE: '2025-04-02T15:59:46.855911'}
# - {CALIB_CREATION_DATE: '2025-04-02'}
# - {CALIB_CREATION_TIME: '15:59:46'}
# - __serialized_columns__:
#     efficiency:
#       __class__: astropy.units.quantity.Quantity
#       unit: !astropy.units.Unit {unit: '%'}
#       value: !astropy.table.SerializedColumn {name: efficiency}
#     wavelength:
#       __class__: astropy.units.quantity.Quantity
#       unit: !astropy.units.Unit {unit: nm}
#       value: !astropy.table.SerializedColumn {name: wavelength}
# schema: astropy-2.0
wavelength efficiency
300.0 0.07331575034186244
301.0 0.03836995747406036
302.0 0.003424194801482372
303.0 0.02522649010643363
304.0 0.04702878650277853
305.0 0.03757661324925721
306.0 0.028124439995735884
307.0 0.012782419798895717
308.0 1.5973675290478773e-10
309.0 1.5973675290478773e-10
310.0 1.5973675290478773e-10
311.0 1.5973675290478773e-10
312.0 0.0020731775293825194
313.0 0.00046136124183249194
314.0 1.5973675290478773e-10
315.0 1.5973675290478773e-10
316.0 1.5973675290478773e-10
317.0 1.5973675290478773e-10
318.0 1.5973675290478773e-10
319.0 1.5973675290478773e-10
320.0 1.5973675290478773e-10
321.0 1.5973675290478773e-10
322.0 1.5973675290478773e-10
323.0 1.5973675290478773e-10
324.0 1.5973675290478773e-10
325.0 1.5973675290478773e-10
326.0 1.5973675290478773e-10
327.0 1.5973675290478773e-10
328.0 0.0013757449778495356
329.0 0.00043825325519719627
330.0 1.5973675290478773e-10
331.0 0.0003101042238995433
332.0 0.0011194473700015806
333.0 0.001980520028155297
334.0 0.0028415930501068942
335.0 0.0025539848138578236
336.0 0.0022663767595076934
337.0 0.0027942482120124623
338.0 0.0033221193007193506
339.0 0.003202316293027252
340.0 0.003082513649133034
341.0 0.00017012775970215444
342.0 1.5973675290478773e-10
343.0 1.5973675290478773e-10
344.0 1.5973675290478773e-10
345.0 1.5973675290478773e-10
346.0 1.5973675290478773e-10
347.0 1.5973675290478773e-10
348.0 1.5973675290478773e-10
349.0 1.5973675290478773e-10
350.0 0.0001131916064878169
351.0 0.00022116757918411167
352.0 0.0003291436541985604
353.0 1.5973675290478773e-10
354.0 1.5973675290478773e-10
355.0 1.5973675290478773e-10
356.0 1.5973675290478773e-10
357.0 0.0005809555204905337
358.0 0.001370493191643618
359.0 0.0013780858353129588
360.0 0.0013856781151844189
361.0 0.0012408139809849672
362.0 0.0010959497558360454
363.0 0.0007117642780940514
364.0 0.0003275787321399548
365.0 0.001388057899021078
366.0 0.0024485374524374492
367.0 0.0012375059668556787
368.0 2.6474612013771548e-05
369.0 0.00039043857213982847
370.0 0.0007544025720562786
371.0 0.0008662666914460715
372.0 0.0009781307198863942
373.0 0.0009355581823911052
374.0 0.0008929854629968759
375.0 0.0005784849690826377
376.0 0.0002639839976836811
377.0 0.00025835838641796727
378.0 0.00025273257051594555
379.0 1.5973675290478773e-10
380.0 1.5973675290478773e-10
381.0 1.5973675290478773e-10
382.0 1.5973675290478773e-10
383.0 0.00019992326087958645
384.0 0.0012132469237258192
385.0 0.0012243783203302883
386.0 0.0012355096259852871
387.0 2.474844151834077e-06
388.0 1.5973675290478773e-10
389.0 1.5973675290478773e-10
390.0 1.5973675290478773e-10
391.0 1.5973675290478773e-10
392.0 1.5973675290478773e-10
393.0 0.0001007988203127752
394.0 0.00044061603148293216
395.0 1.5973675290478773e-10
396.0 1.5973675290478773e-10
397.0 1.5973675290478773e-10
398.0 3.655898979104677e-05
399.0 1.5973675290478773e-10
400.0 1.5973675290478773e-10
401.0 0.0005188949216972105
402.0 0.0013978443348605651
403.0 0.0024536193450330757
404.0 0.0035093944461550564
405.0 0.00448569371656049
406.0 0.0054619929869659245
407.0 0.003916977584594861
408.0 0.0023719598175375722
409.0 0.001386681105941534
410.0 0.0004014004844066221
411.0 0.002973137452499941
412.0 0.0055448752391384915
413.0 0.0048014160711318254
414.0 0.00405795726692304
415.0 0.004443888610694557
416.0 0.004829819590668194
417.0 0.0035118500818498433
418.0 0.002193880391132552
419.0 0.0031744631996843964
420.0 0.0041550458263373
421.0 0.004150729000684805
422.0 0.00414641217503231
423.0 0.004273406375432387
424.0 0.0044004009396303445
425.0 0.004106837513973005
426.0 0.0038132729969220236
427.0 0.004080868166056462
428.0 0.0043484633351909
429.0 0.004823433846468106
430.0 0.005298405085341074
431.0 0.004179788447800092
432.0 0.0030611729016527534
433.0 0.0031680872780270875
434.0 0.0032750016544014215
435.0 0.0026807527319760993
436.0 0.0020865039914497174
437.0 0.001937564229592681
438.0 0.0017886246496345848
439.0 0.0018260048818774521
440.0 0.0018633852960192598
441.0 0.0008545370292267762
442.0 1.5973675290478773e-10
443.0 5.671948883900768e-05
444.0 0.00026775051082950085
445.0 6.002755412737315e-05
446.0 1.5973675290478773e-10
447.0 1.5973675290478773e-10
448.0 0.00013147604249752476
449.0 1.5973675290478773e-10
450.0 1.5973675290478773e-10
451.0 0.0001621961132514116
452.0 0.0011055613867938519
453.0 0.001362344846711494
454.0 0.001619128670427017
455.0 0.0016397276340285316
456.0 0.0016603265976300463
457.0 0.0011258256563451141
458.0 0.0005913246695854468
459.0 0.00041644834709586576
460.0 0.0002415719336568145
461.0 0.0005064246579422615
462.0 0.0007712774277024437
463.0 0.00046612235564680304
464.0 0.0001609673290658975
465.0 0.0003454938905633753
466.0 0.000530020406586118
467.0 0.0006928569291630993
468.0 0.0008556934517400805
469.0 0.0004779225037054857
470.0 0.00010015166935772868
471.0 0.00019933320345444372
472.0 0.00029851482850062894
473.0 0.0004967951554135652
474.0 0.0006950757779122796
475.0 0.00033998635444731917
476.0 1.5973675290478773e-10
477.0 0.0004340466603025561
478.0 0.000883196116774343
479.0 0.0008329438969667535
480.0 0.0007826915862096939
481.0 0.002199263144575525
482.0 0.0036158337024971843
483.0 0.0052846440667053685
484.0 0.006953454430913553
485.0 0.0075227959314361215
486.0 0.008092138159554452
487.0 0.011214204278076068
488.0 0.01433626894140616
489.0 0.01710431679384783
490.0 0.019872363191097975
491.0 0.022036576410755515
492.0 0.024200788175221533
493.0 0.02547153562773019
494.0 0.026742284535430372
495.0 0.023824772506486624
496.0 0.02090725611196831
497.0 0.01728093920974061
498.0 0.01365461794193834
499.0 0.009722101094666868
500.0 0.0057895838835975155
501.0 0.004162395998719148
502.0 0.002535208113840781
503.0 0.0024854927687556483
504.0 0.0024357770598726347
505.0 0.0022654350686934777
506.0 0.0020950930775143206
507.0 0.002007010880333837
508.0 0.0019189285012544133
509.0 0.0019123883248539641
510.0 0.001905848148453515
511.0 0.0016544412574148737
512.0 0.0014030344573257025
513.0 0.0016297028196277097
514.0 0.0018563709090813063
515.0 0.002203202893724665
516.0 0.0025500348783680238
517.0 0.002289389340148773
518.0 0.0020287439838284627
519.0 0.0021898098566452973
520.0 0.002350875911361072
521.0 0.001867631362983957
522.0 0.0013843868146068417
523.0 0.001438439176126849
524.0 0.0014924918104952667
525.0 0.0020499734091572464
526.0 0.002607454916869756
527.0 0.0025572237063897774
528.0 0.0025069926778087392
529.0 0.0020105957446503453
530.0 0.0015141987205424812
531.0 0.0015039476238598581
532.0 0.0014936965271772351
533.0 0.0016164387488970533
534.0 0.0017391810615663417
535.0 0.001780731872713659
536.0 0.0018222828657599166
537.0 0.0024445578674203716
538.0 0.0030668328690808266
539.0 0.003683981776703149
540.0 0.004301131048123352
541.0 0.00503140217915643
542.0 0.005761673310189508
543.0 0.00518708948220592
544.0 0.004612506381818093
545.0 0.003713240585057065
546.0 0.0028139749701949768
547.0 0.0022854575945530087
548.0 0.0017569402189110406
549.0 0.001709729986032471
550.0 0.0016625202988507226
551.0 0.0015704839825048111
552.0 0.00147844784805784
553.0 0.0015602647181367502
554.0 0.00164208140631672
555.0 0.001251559024240123
556.0 0.0008610365512140561
557.0 0.0008346760296262801
558.0 0.0008083155989879742
559.0 0.000373142097487289
560.0 1.5973675290478773e-10
561.0 0.0006753103207302047
562.0 0.0014126520909485407
563.0 0.001565182719787117
564.0 0.0017177133486256935
565.0 0.001425457958248444
566.0 0.0011332027497701347
567.0 0.0008757041541684885
568.0 0.0006182055585668422
569.0 0.0006872126505186316
570.0 0.0007562196060462156
571.0 0.0005016770501242718
572.0 0.0002471344487275928
573.0 0.00032628483950247755
574.0 0.00040543527575209737
575.0 0.0004831371370528359
576.0 0.0005608389528788393
577.0 0.000574921386942151
578.0 0.0005890038664801978
579.0 0.0003685053798108129
580.0 0.00014800688177274424
581.0 0.00010765107845145394
582.0 6.729528649884742e-05
583.0 0.00038661510188831016
584.0 0.0007059348263283027
585.0 0.0007408647434203885
586.0 0.0007757948878861498
587.0 0.0008051208169490565
588.0 0.0008344466550624929
589.0 0.0006855289939267095
590.0 0.0005366113327909261
591.0 0.0007427607670251746
592.0 0.0009489102922088932
593.0 0.0006752278295607539
594.0 0.0004015452304884093
595.0 0.0006623833087360254
596.0 0.000923221159609966
597.0 0.0006722212219756329
598.0 0.0004212213752907701
599.0 0.00038824973671580665
600.0 0.00035527800719137304
601.0 0.00035346936329005985
602.0 0.00035166067391401157
603.0 0.00033201079077116447
604.0 0.00031236079394147964
605.0 0.0002325634113731212
606.0 0.00015276604017344653
607.0 0.0004135891686019022
608.0 0.000674412240186939
609.0 0.0005949504156887997
610.0 0.0005154883638169849
611.0 0.0006462145847763168
612.0 0.0007769408512103837
613.0 0.0005546369720832445
614.0 0.00033233320664294297
615.0 3.7996159107933636e-05
616.0 1.5973675290478773e-10
617.0 1.5973675290478773e-10
618.0 0.00021863513666176004
619.0 0.00031355048122350127
620.0 0.0004084658939973451
621.0 0.0004888660441793036
622.0 0.0005692661488865269
623.0 0.0005902996235818136
624.0 0.0006113331892265705
625.0 0.0004860081844526576
626.0 0.0003606832706282148
627.0 0.00028205267881276086
628.0 0.00020342206425993936
629.0 0.00036187259411235573
630.0 0.0005203231012274045
631.0 0.000503745013702428
632.0 0.0004871668807027163
633.0 0.00043322947931301314
634.0 0.0003792919869738398
635.0 0.000420645255871932
636.0 0.00046199843382055406
637.0 0.0003971089427068364
638.0 0.00033221940611838363
639.0 0.0005374280590331182
640.0 0.0007426366209983826
641.0 0.0006006646344758337
642.0 0.0004586926024785498
643.0 0.0006697254320897628
644.0 0.0008807583071757108
645.0 0.0008338701263710391
646.0 0.0007869819455663674
647.0 0.0008322766916535329
648.0 0.000877571710589109
649.0 0.0008175747097993735
650.0 0.000757577663534903
651.0 0.0009129440513788722
652.0 0.0010683104846975766
653.0 0.0011762301255657803
654.0 0.0012841496754845139
655.0 0.0018363531125942245
656.0 0.0023885562768555246
657.0 0.003359747279318981
658.0 0.004330936644691974
659.0 0.007073926826706156
660.0 0.06671827286481857
661.0 0.09919169824570417
662.0 0.11699675815179944
663.0 0.10336845880374312
664.0 0.11280288454145193
665.0 0.1801626174710691
666.0 0.17736767185851932
667.0 0.211290642619133
668.0 0.17299094470217824
669.0 0.3351359162479639
670.0 0.44130217283964157
671.0 0.6604080088436604
672.0 1.0061572305858135
673.0 1.6038822010159492
674.0 2.3679710924625397
675.0 3.2413896173238754
676.0 4.408905655145645
677.0 5.718542635440826
678.0 7.0204079151153564
679.0 8.533857762813568
680.0 10.546517372131348
681.0 12.661951780319214
682.0 15.225011110305786
683.0 17.970353364944458
684.0 20.879729092121124
685.0 23.741869628429413
686.0 26.76301896572113
687.0 30.113038420677185
688.0 33.40590298175812
689.0 36.912769079208374
690.0 40.90665876865387
691.0 45.19996643066406
692.0 50.35826563835144
693.0 55.71156144142151
694.0 61.76056265830994
695.0 67.38577485084534
696.0 73.55768084526062
697.0 79.06625866889954
698.0 84.77476835250854
699.0 88.9907717704773
700.0 92.14632511138916
701.0 94.5858359336853
702.0 96.17460370063782
703.0 96.94803357124329
704.0 97.41641879081726
705.0 97.67733216285706
706.0 97.67689108848572
707.0 97.80229330062866
708.0 97.89738059043884
709.0 97.89199829101562
710.0 97.65791296958923
711.0 97.88728356361389
712.0 97.87575006484985
713.0 97.91004061698914
714.0 97.92868494987488
715.0 98.04945588111877
716.0 97.88654446601868
717.0 98.11201691627502
718.0 98.10937643051147
719.0 98.02043437957764
720.0 98.25702905654907
721.0 98.11766743659973
722.0 97.87393808364868
723.0 97.52505421638489
724.0 97.19412326812744
725.0 97.0799446105957
726.0 96.83313369750977
727.0 96.58259749412537
728.0 96.38323187828064
729.0 96.2618887424469
730.0 96.19191288948059
731.0 96.33488059043884
732.0 96.43577337265015
733.0 96.70076370239258
734.0 97.02831506729126
735.0 97.16527462005615
736.0 97.5665271282196
737.0 97.97827005386353
738.0 98.23729991912842
739.0 98.57421517372131
740.0 98.69555830955505
741.0 98.48420023918152
742.0 98.79162907600403
743.0 98.67770075798035
744.0 98.53456020355225
745.0 98.47492575645447
746.0 98.4413206577301
747.0 98.65441918373108
748.0 98.51394891738892
749.0 98.40591549873352
750.0 98.42425584793091
751.0 98.27665090560913
752.0 98.26918244361877
753.0 98.42387437820435
754.0 98.35856556892395
755.0 98.46441149711609
756.0 98.54233264923096
757.0 98.49362373352051
758.0 98.7367331981659
759.0 98.69057536125183
760.0 98.6541748046875
761.0 98.47165942192078
762.0 98.57999682426453
763.0 98.55503439903259
764.0 98.50451350212097
765.0 98.3557641506195
766.0 98.40993881225586
767.0 98.23245406150818
768.0 98.20298552513123
769.0 98.23809266090393
770.0 97.95830249786377
771.0 98.0291485786438
772.0 98.02355766296387
773.0 97.80901670455933
774.0 97.7282464504242
775.0 97.78915047645569
776.0 97.74752855300903
777.0 97.81135320663452
778.0 97.82676100730896
779.0 97.94702529907227
780.0 97.89493083953857
781.0 98.21837544441223
782.0 98.12588095664978
783.0 98.27556014060974
784.0 98.21892380714417
785.0 98.38327765464783
786.0 98.52250814437866
787.0 98.2801079750061
788.0 98.3344316482544
789.0 98.44437837600708
790.0 98.30535054206848
791.0 98.35500121116638
792.0 98.17132949829102
793.0 98.15449714660645
794.0 98.06481599807739
795.0 97.8476345539093
796.0 97.95436263084412
797.0 97.9500412940979
798.0 97.85128235816956
799.0 97.67339825630188
800.0 97.47391939163208
801.0 97.55621552467346
802.0 97.33086824417114
803.0 97.08095192909241
804.0 96.69430255889893
805.0 96.0633933544159
806.0 95.36124467849731
807.0 94.21995282173157
808.0 92.805415391922
809.0 91.12299680709839
810.0 89.3648087978363
811.0 86.87290549278259
812.0 84.068363904953
813.0 80.91712594032288
814.0 77.1885097026825
815.0 73.15208911895752
816.0 69.11593079566956
817.0 64.45040702819824
818.0 59.501779079437256
819.0 55.25441765785217
820.0 50.482577085494995
821.0 45.97657024860382
822.0 41.618117690086365
823.0 37.02608942985535
824.0 32.34107494354248
825.0 28.218260407447815
826.0 23.85939061641693
827.0 19.368232786655426
828.0 15.394139289855957
829.0 11.610539257526398
830.0 7.997541129589081
831.0 5.56529201567173
832.0 3.478427231311798
833.0 2.1030452102422714
834.0 1.2482279911637306
835.0 0.74529810808599
836.0 0.43278750963509083
837.0 0.24259344208985567
838.0 0.12452452210709453
839.0 0.056437664898112416
840.0 0.053879350889474154
841.0 1.5973675290478773e-10
842.0 1.5973675290478773e-10
843.0 0.027856571250595152
844.0 1.5973675290478773e-10
845.0 1.5973675290478773e-10
846.0 1.5973675290478773e-10
847.0 1.5973675290478773e-10
848.0 1.5973675290478773e-10
849.0 1.5973675290478773e-10
850.0 1.5973675290478773e-10
851.0 1.5973675290478773e-10
852.0 0.001246638930751942
853.0 0.0011791660654125735
854.0 0.0011116932910226751
855.0 0.0008157337106240448
856.0 0.0005197741757001495
857.0 0.0005672352926922031
858.0 0.0006146962277853163
859.0 0.00038934194890316576
860.0 0.00016398752222812618
861.0 0.00023044406134431483
862.0 0.000296900475404982
863.0 0.00017479338794146315
864.0 5.268638005873072e-05
865.0 2.0626539765089547e-05
866.0 1.5973675290478773e-10
867.0 1.5973675290478773e-10
868.0 1.5973675290478773e-10
869.0 1.5973675290478773e-10
870.0 1.5973675290478773e-10
871.0 3.207782413028326e-05
872.0 0.000223892493522726
873.0 0.00023184918518381892
874.0 0.0002398058541075443
875.0 0.000249520462602959
876.0 0.0002592350938357413
877.0 1.5973675290478773e-10
878.0 1.5973675290478773e-10
879.0 1.872566173233281e-05
880.0 0.00041373027670488227
881.0 0.00016953530348473578
882.0 1.5973675290478773e-10
883.0 7.497766318920185e-05
884.0 0.00022461497337644687
885.0 6.399841936399753e-05
886.0 1.5973675290478773e-10
887.0 1.5973675290478773e-10
888.0 8.008622671695775e-05
889.0 1.7686625142232515e-05
890.0 1.5973675290478773e-10
891.0 3.1423237345507005e-06
892.0 5.099757913740177e-05
893.0 0.00014221689070836874
894.0 0.0002334362079636776
