lsstCam/transmission_sensor/r43_s20/19700101T000000.ecsv
# %ECSV 1.0
# ---
# datatype:
# - {name: amp_name, datatype: string}
# - {name: wavelength, unit: nm, datatype: float32}
# - {name: efficiency, unit: '%', datatype: float64}
# meta: !!omap
# - {MODE: AMP}
# - {TYPE: transmission_sensor}
# - {CALIBDATE: '1970-01-01T00:00:00'}
# - {INSTRUME: LSSTCAM}
# - {OBSTYPE: transmission_sensor}
# - {DETECTOR: 186}
# - {PARQUETFILE: qe_raft_allvalues_nircorrected_20230725.parquet}
# - {CALIBCLS: lsst.ip.isr.IntermediateSensorTransmissionCurve}
# - {CALIB_ID: 'raftName=R43 detectorName=S20 detector=186 calibDate=1970-01-01T00:00:00 ccd=186 ccdnum=186 filter=None'}
# - {DATE: '2023-08-02T16:57:56.160619'}
# - {CALIB_CREATION_DATE: '2023-08-02'}
# - {CALIB_CREATION_TIME: '16:57:56'}
# - __serialized_columns__:
#     efficiency:
#       __class__: astropy.units.quantity.Quantity
#       unit: !astropy.units.Unit {unit: '%'}
#       value: !astropy.table.SerializedColumn {name: efficiency}
#     wavelength:
#       __class__: astropy.units.quantity.Quantity
#       unit: !astropy.units.Unit {unit: nm}
#       value: !astropy.table.SerializedColumn {name: wavelength}
# schema: astropy-2.0
amp_name wavelength efficiency
C00 319.994 64.4714584350586
C00 324.969 67.07759094238281
C00 349.982 73.8604736328125
C00 374.975 76.47017669677734
C00 400.019 81.52192687988281
C00 424.965 82.0385513305664
C00 450.035 83.20469665527344
C00 475.003 83.99139404296875
C00 500.018 85.94279479980469
C00 525.002 88.08316040039062
C00 550.029 90.1640625
C00 575.023 92.99897766113281
C00 599.982 94.47826385498047
C00 619.997 95.6559066772461
C00 624.979 95.72573852539062
C00 650.012 96.51655578613281
C00 675.004 97.09557342529297
C00 700.03 97.3526840209961
C00 725.012 97.54582977294922
C00 750.022 98.1962661743164
C00 774.987 98.47034454345703
C00 799.976 98.16453552246094
C00 824.988 97.22450256347656
C00 850.022 94.91224670410156
C00 869.967 92.3086929321289
C00 875.002 91.06936645507812
C00 899.999 83.92570495605469
C00 919.999 75.6888656616211
C00 925.012 73.41401672363281
C00 949.965 60.94599151611328
C00 975.002 45.91670608520508
C00 999.976 29.36186408996582
C00 1025.028 14.041409492492676
C00 1050.014 5.558244705200195
C00 1075.002 0.9355077637893515
C00 1099.99 0.09282022088985897
C01 319.994 64.778076171875
C01 324.969 67.41424560546875
C01 349.982 74.36720275878906
C01 374.975 77.04620361328125
C01 400.019 82.01966094970703
C01 424.965 82.4813461303711
C01 450.035 83.62936401367188
C01 475.003 84.39672088623047
C01 500.018 86.3310317993164
C01 525.002 88.44393920898438
C01 550.029 90.5012435913086
C01 575.023 93.33495330810547
C01 599.982 94.81703186035156
C01 619.997 96.00177001953125
C01 624.979 96.06916809082031
C01 650.012 96.8637924194336
C01 675.004 97.45076751708984
C01 700.03 97.72146606445312
C01 725.012 97.96959686279297
C01 750.022 98.68574523925781
C01 774.987 99.02888488769531
C01 799.976 98.73870086669922
C01 824.988 97.77677154541016
C01 850.022 95.45027160644531
C01 869.967 92.8701171875
C01 875.002 91.6504898071289
C01 899.999 84.5225601196289
C01 919.999 76.1959457397461
C01 925.012 73.87928009033203
C01 949.965 61.26841354370117
C01 975.002 46.18485641479492
C01 999.976 29.66181182861328
C01 1025.028 14.196133613586426
C01 1050.014 5.576704025268555
C01 1075.002 0.9401703508696112
C01 1099.99 0.09328283849653161
C02 319.994 64.8441390991211
C02 324.969 67.50247192382812
C02 349.982 74.62286376953125
C02 374.975 77.33638763427734
C02 400.019 82.21611785888672
C02 424.965 82.63878631591797
C02 450.035 83.78675079345703
C02 475.003 84.5353775024414
C02 500.018 86.42762756347656
C02 525.002 88.45874786376953
C02 550.029 90.43732452392578
C02 575.023 93.23797607421875
C02 599.982 94.71649932861328
C02 619.997 95.90276336669922
C02 624.979 95.97071075439453
C02 650.012 96.76470184326172
C02 675.004 97.3472900390625
C02 700.03 97.61412048339844
C02 725.012 97.86956787109375
C02 750.022 98.5899887084961
C02 774.987 98.9421615600586
C02 799.976 98.65390014648438
C02 824.988 97.67852783203125
C02 850.022 95.34037780761719
C02 869.967 92.75840759277344
C02 875.002 91.53934478759766
C02 899.999 84.41671752929688
C02 919.999 76.07337188720703
C02 925.012 73.75324249267578
C02 949.965 61.20502853393555
C02 975.002 46.142730712890625
C02 999.976 29.67856788635254
C02 1025.028 14.223588943481445
C02 1050.014 5.593930721282959
C02 1075.002 0.9392580068745213
C02 1099.99 0.093192316563492
C03 319.994 64.9016342163086
C03 324.969 67.58904266357422
C03 349.982 74.90084838867188
C03 374.975 77.73133087158203
C03 400.019 82.59463500976562
C03 424.965 82.95964050292969
C03 450.035 84.06468963623047
C03 475.003 84.74295806884766
C03 500.018 86.58405303955078
C03 525.002 88.61309051513672
C03 550.029 90.5904312133789
C03 575.023 93.41474914550781
C03 599.982 94.92820739746094
C03 619.997 96.1390151977539
C03 624.979 96.21099853515625
C03 650.012 97.02456665039062
C03 675.004 97.62782287597656
C03 700.03 97.9094467163086
C03 725.012 98.16357421875
C03 750.022 98.88595581054688
C03 774.987 99.23387908935547
C03 799.976 98.93660736083984
C03 824.988 97.96221923828125
C03 850.022 95.60466766357422
C03 869.967 92.97612762451172
C03 875.002 91.74230194091797
C03 899.999 84.57061004638672
C03 919.999 76.23234558105469
C03 925.012 73.91212463378906
C03 949.965 61.33623504638672
C03 975.002 46.21125411987305
C03 999.976 29.702268600463867
C03 1025.028 14.240418434143066
C03 1050.014 5.58639669418335
C03 1075.002 0.9420776995692177
C03 1099.99 0.09347208388226133
C04 319.994 64.57612609863281
C04 324.969 67.2716293334961
C04 349.982 74.68290710449219
C04 374.975 77.59864044189453
C04 400.019 82.43490600585938
C04 424.965 82.72624206542969
C04 450.035 83.72911834716797
C04 475.003 84.30567169189453
C04 500.018 86.11257934570312
C04 525.002 88.17010498046875
C04 550.029 90.21204376220703
C04 575.023 93.09656524658203
C04 599.982 94.65274810791016
C04 619.997 95.89250946044922
C04 624.979 95.9722671508789
C04 650.012 96.81228637695312
C04 675.004 97.43685150146484
C04 700.03 97.72171783447266
C04 725.012 97.97295379638672
C04 750.022 98.67645263671875
C04 774.987 99.00627136230469
C04 799.976 98.70825958251953
C04 824.988 97.75122833251953
C04 850.022 95.39823913574219
C04 869.967 92.76315307617188
C04 875.002 91.52996826171875
C04 899.999 84.39814758300781
C04 919.999 76.13221740722656
C04 925.012 73.82793426513672
C04 949.965 61.30360412597656
C04 975.002 46.18534469604492
C04 999.976 29.68716812133789
C04 1025.028 14.231535911560059
C04 1050.014 5.6154022216796875
C04 1075.002 0.9400819454228021
C04 1099.99 0.09327406698931563
C05 319.994 64.2418441772461
C05 324.969 66.9476547241211
C05 349.982 74.44493103027344
C05 374.975 77.4010238647461
C05 400.019 82.20755767822266
C05 424.965 82.4612808227539
C05 450.035 83.39605712890625
C05 475.003 83.91431427001953
C05 500.018 85.69332122802734
C05 525.002 87.74945831298828
C05 550.029 89.80860137939453
C05 575.023 92.7136001586914
C05 599.982 94.2994613647461
C05 619.997 95.55156707763672
C05 624.979 95.63638305664062
C05 650.012 96.50311279296875
C05 675.004 97.13887023925781
C05 700.03 97.43136596679688
C05 725.012 97.67243957519531
C05 750.022 98.3484115600586
C05 774.987 98.65569305419922
C05 799.976 98.36737060546875
C05 824.988 97.42654418945312
C05 850.022 95.07836151123047
C05 869.967 92.4584732055664
C05 875.002 91.22782897949219
C05 899.999 84.16832733154297
C05 919.999 76.00564575195312
C05 925.012 73.71693420410156
C05 949.965 61.228607177734375
C05 975.002 46.166534423828125
C05 999.976 29.66453742980957
C05 1025.028 14.219659805297852
C05 1050.014 5.688673496246338
C05 1075.002 0.9369569370808155
C05 1099.99 0.09296400653250989
C06 319.994 64.35457611083984
C06 324.969 67.08431243896484
C06 349.982 74.71591186523438
C06 374.975 77.75670623779297
C06 400.019 82.57269287109375
C06 424.965 82.78468322753906
C06 450.035 83.6740951538086
C06 475.003 84.13261413574219
C06 500.018 85.88391876220703
C06 525.002 87.96673583984375
C06 550.029 90.06197357177734
C06 575.023 93.00867462158203
C06 599.982 94.62828826904297
C06 619.997 95.9061050415039
C06 624.979 95.99739074707031
C06 650.012 96.88097381591797
C06 675.004 97.53380584716797
C06 700.03 97.83809661865234
C06 725.012 98.06502532958984
C06 750.022 98.72712707519531
C06 774.987 99.01301574707031
C06 799.976 98.71344757080078
C06 824.988 97.7874984741211
C06 850.022 95.42282104492188
C06 869.967 92.86773681640625
C06 875.002 91.65036010742188
C06 899.999 84.74925231933594
C06 919.999 76.5885009765625
C06 925.012 74.25420379638672
C06 949.965 61.472293853759766
C06 975.002 46.46975326538086
C06 999.976 29.854278564453125
C06 1025.028 14.319910049438477
C06 1050.014 5.846962928771973
C06 1075.002 0.9405651350263706
C06 1099.99 0.09332200861788453
C07 319.994 63.435733795166016
C07 324.969 66.16871643066406
C07 349.982 73.91362762451172
C07 374.975 77.16687774658203
C07 400.019 82.21527862548828
C07 424.965 82.49095153808594
C07 450.035 83.37348175048828
C07 475.003 83.7873764038086
C07 500.018 85.51560974121094
C07 525.002 87.62957000732422
C07 550.029 89.7939224243164
C07 575.023 92.81927490234375
C07 599.982 94.49958801269531
C07 619.997 95.81690979003906
C07 624.979 95.91439056396484
C07 650.012 96.8194808959961
C07 675.004 97.49882507324219
C07 700.03 97.8307876586914
C07 725.012 98.04181671142578
C07 750.022 98.70661163330078
C07 774.987 98.9787368774414
C07 799.976 98.66525268554688
C07 824.988 97.76140594482422
C07 850.022 95.40243530273438
C07 869.967 92.8939437866211
C07 875.002 91.69593811035156
C07 899.999 84.9073486328125
C07 919.999 76.8006362915039
C07 925.012 74.45533752441406
C07 949.965 61.44282913208008
C07 975.002 46.632755279541016
C07 999.976 29.771060943603516
C07 1025.028 14.394916534423828
C07 1050.014 5.916802883148193
C07 1075.002 0.9403697953491346
C07 1099.99 0.09330262719456404
C10 319.994 65.74773406982422
C10 324.969 68.36225128173828
C10 349.982 74.9820556640625
C10 374.975 77.12332916259766
C10 400.019 81.9605941772461
C10 424.965 82.47789764404297
C10 450.035 83.88045501708984
C10 475.003 84.82417297363281
C10 500.018 86.7476806640625
C10 525.002 88.83631134033203
C10 550.029 90.73277282714844
C10 575.023 93.39897155761719
C10 599.982 94.7462387084961
C10 619.997 95.85389709472656
C10 624.979 95.90499114990234
C10 650.012 96.58186340332031
C10 675.004 97.11006927490234
C10 700.03 97.42943572998047
C10 725.012 97.670654296875
C10 750.022 98.53623962402344
C10 774.987 98.97063446044922
C10 799.976 98.65489196777344
C10 824.988 97.6878433227539
C10 850.022 95.31355285644531
C10 869.967 92.75688934326172
C10 875.002 91.54761505126953
C10 899.999 84.41643524169922
C10 919.999 75.78671264648438
C10 925.012 73.41014862060547
C10 949.965 61.11104965209961
C10 975.002 46.27156066894531
C10 999.976 29.43803596496582
C10 1025.028 14.236512184143066
C10 1050.014 5.7301411628723145
C10 1075.002 0.9387450572314732
C10 1099.99 0.09314142217114592
C11 319.994 65.67115020751953
C11 324.969 68.30946350097656
C11 349.982 75.11305236816406
C11 374.975 77.40791320800781
C11 400.019 82.24906158447266
C11 424.965 82.72575378417969
C11 450.035 84.08451080322266
C11 475.003 84.9642105102539
C11 500.018 86.84259796142578
C11 525.002 88.90528106689453
C11 550.029 90.79154205322266
C11 575.023 93.49321746826172
C11 599.982 94.89151763916016
C11 619.997 96.02576446533203
C11 624.979 96.0871353149414
C11 650.012 96.7878189086914
C11 675.004 97.3377914428711
C11 700.03 97.6893081665039
C11 725.012 97.99443817138672
C11 750.022 98.94725036621094
C11 774.987 99.4693603515625
C11 799.976 99.18277740478516
C11 824.988 98.19586181640625
C11 850.022 95.81281280517578
C11 869.967 93.29002380371094
C11 875.002 92.07479858398438
C11 899.999 84.86124420166016
C11 919.999 76.10343170166016
C11 925.012 73.6957015991211
C11 949.965 61.3324089050293
C11 975.002 46.51515197753906
C11 999.976 29.666757583618164
C11 1025.028 14.311162948608398
C11 1050.014 5.717367649078369
C11 1075.002 0.9426599314217952
C11 1099.99 0.09352985239178867
C12 319.994 65.2150650024414
C12 324.969 67.87154388427734
C12 349.982 74.88521575927734
C12 374.975 77.36621856689453
C12 400.019 82.1790771484375
C12 424.965 82.58921813964844
C12 450.035 83.86237335205078
C12 475.003 84.64569854736328
C12 500.018 86.46212768554688
C12 525.002 88.5083999633789
C12 550.029 90.40657806396484
C12 575.023 93.14287567138672
C12 599.982 94.58438110351562
C12 619.997 95.75251007080078
C12 624.979 95.81938171386719
C12 650.012 96.54695129394531
C12 675.004 97.11902618408203
C12 700.03 97.49109649658203
C12 725.012 97.843994140625
C12 750.022 98.83488464355469
C12 774.987 99.40483856201172
C12 799.976 99.14585876464844
C12 824.988 98.15103149414062
C12 850.022 95.77997589111328
C12 869.967 93.2615966796875
C12 875.002 92.04706573486328
C12 899.999 84.79592895507812
C12 919.999 76.0100326538086
C12 925.012 73.60340881347656
C12 949.965 61.29485321044922
C12 975.002 46.510379791259766
C12 999.976 29.67958641052246
C12 1025.028 14.326990127563477
C12 1050.014 5.715022087097168
C12 1075.002 0.9415890177974039
C12 1099.99 0.09342359732580469
C13 319.994 64.95086669921875
C13 324.969 67.63291931152344
C13 349.982 74.90841674804688
C13 374.975 77.62145233154297
C13 400.019 82.42610168457031
C13 424.965 82.7579345703125
C13 450.035 83.94111633300781
C13 475.003 84.63784790039062
C13 500.018 86.41126251220703
C13 525.002 88.46218872070312
C13 550.029 90.38968658447266
C13 575.023 93.16767120361328
C13 599.982 94.6432876586914
C13 619.997 95.83475494384766
C13 624.979 95.90516662597656
C13 650.012 96.65933990478516
C13 675.004 97.25431823730469
C13 700.03 97.64222717285156
C13 725.012 98.0175552368164
C13 750.022 99.03826904296875
C13 774.987 99.62972259521484
C13 799.976 99.38584899902344
C13 824.988 98.40213012695312
C13 850.022 96.03597259521484
C13 869.967 93.52539825439453
C13 875.002 92.30765533447266
C13 899.999 85.04800415039062
C13 919.999 76.24126434326172
C13 925.012 73.82565307617188
C13 949.965 61.49514389038086
C13 975.002 46.71794891357422
C13 999.976 29.81393051147461
C13 1025.028 14.397980690002441
C13 1050.014 5.745458602905273
C13 1075.002 0.9435264391472813
C13 1099.99 0.0936158264922671
C14 319.994 64.80915832519531
C14 324.969 67.51123046875
C14 349.982 74.96773529052734
C14 374.975 77.8450927734375
C14 400.019 82.63855743408203
C14 424.965 82.88713073730469
C14 450.035 83.95758056640625
C14 475.003 84.5423812866211
C14 500.018 86.2735595703125
C14 525.002 88.35578155517578
C14 550.029 90.36670684814453
C14 575.023 93.22389221191406
C14 599.982 94.76162719726562
C14 619.997 95.98475646972656
C14 624.979 96.06453704833984
C14 650.012 96.84793853759766
C14 675.004 97.46253204345703
C14 700.03 97.87027740478516
C14 725.012 98.25366973876953
C14 750.022 99.2769775390625
C14 774.987 99.87743377685547
C14 799.976 99.63903045654297
C14 824.988 98.6578369140625
C14 850.022 96.30162048339844
C14 869.967 93.80693054199219
C14 875.002 92.5865478515625
C14 899.999 85.324462890625
C14 919.999 76.53089141845703
C14 925.012 74.1221923828125
C14 949.965 61.6900749206543
C14 975.002 46.87548065185547
C14 999.976 29.922117233276367
C14 1025.028 14.476212501525879
C14 1050.014 5.788844108581543
C14 1075.002 0.9458005373122601
C14 1099.99 0.09384146042302526
C15 319.994 64.45043182373047
C15 324.969 67.1772689819336
C15 349.982 74.87310791015625
C15 374.975 77.96331024169922
C15 400.019 82.74468994140625
C15 424.965 82.97313690185547
C15 450.035 84.03721618652344
C15 475.003 84.63790893554688
C15 500.018 86.35614776611328
C15 525.002 88.38101196289062
C15 550.029 90.31657409667969
C15 575.023 93.11498260498047
C15 599.982 94.62135314941406
C15 619.997 95.83538055419922
C15 624.979 95.91436004638672
C15 650.012 96.70083618164062
C15 675.004 97.3236312866211
C15 700.03 97.7414321899414
C15 725.012 98.12516021728516
C15 750.022 99.14887237548828
C15 774.987 99.74748992919922
C15 799.976 99.51460266113281
C15 824.988 98.5408935546875
C15 850.022 96.20726776123047
C15 869.967 93.7422103881836
C15 875.002 92.5274429321289
C15 899.999 85.2959976196289
C15 919.999 76.60816955566406
C15 925.012 74.20867156982422
C15 949.965 61.588130950927734
C15 975.002 46.82482147216797
C15 999.976 29.967201232910156
C15 1025.028 14.494885444641113
C15 1050.014 5.803696155548096
C15 1075.002 0.9445800970113047
C15 1099.99 0.09372036945755993
C16 319.994 65.00080871582031
C16 324.969 67.77316284179688
C16 349.982 75.67259216308594
C16 374.975 78.89845275878906
C16 400.019 83.72431945800781
C16 424.965 83.9010009765625
C16 450.035 84.92206573486328
C16 475.003 85.4723892211914
C16 500.018 87.18379211425781
C16 525.002 89.23148345947266
C16 550.029 91.2080078125
C16 575.023 94.0650634765625
C16 599.982 95.60775756835938
C16 619.997 96.85385131835938
C16 624.979 96.93402862548828
C16 650.012 97.74388122558594
C16 675.004 98.38787841796875
C16 700.03 98.82450866699219
C16 725.012 99.21401977539062
C16 750.022 100.25142669677734
C16 774.987 100.85115814208984
C16 799.976 100.61864471435547
C16 824.988 99.64310455322266
C16 850.022 97.30826568603516
C16 869.967 94.83914947509766
C16 875.002 93.61601257324219
C16 899.999 86.35596466064453
C16 919.999 77.60293579101562
C16 925.012 75.15121459960938
C16 949.965 62.15821075439453
C16 975.002 47.321739196777344
C16 999.976 30.413015365600586
C16 1025.028 14.6786527633667
C16 1050.014 5.919761657714844
C16 1075.002 0.9550840391647779
C16 1099.99 0.09476256094825418
C17 319.994 64.14627838134766
C17 324.969 66.92537689208984
C17 349.982 74.93779754638672
C17 374.975 78.26657104492188
C17 400.019 83.0697250366211
C17 424.965 83.22198486328125
C17 450.035 84.20905303955078
C17 475.003 84.74117279052734
C17 500.018 86.43939208984375
C17 525.002 88.4976806640625
C17 550.029 90.49823760986328
C17 575.023 93.35222625732422
C17 599.982 94.90289306640625
C17 619.997 96.15057373046875
C17 624.979 96.23638916015625
C17 650.012 97.05027770996094
C17 675.004 97.71479797363281
C17 700.03 98.16320037841797
C17 725.012 98.55531311035156
C17 750.022 99.5892333984375
C17 774.987 100.18335723876953
C17 799.976 99.94464111328125
C17 824.988 98.99004364013672
C17 850.022 96.65503692626953
C17 869.967 94.18122863769531
C17 875.002 92.97108459472656
C17 899.999 85.80333709716797
C17 919.999 77.11787414550781
C17 925.012 74.66171264648438
C17 949.965 61.626487731933594
C17 975.002 46.96841049194336
C17 999.976 30.198673248291016
C17 1025.028 14.556717872619629
C17 1050.014 5.867260932922363
C17 1075.002 0.9487754017853001
C17 1099.99 0.09413662374308844
