lsstCam/transmission_sensor/r43_s20/19700101T000000.ecsv
# %ECSV 1.0
# ---
# datatype:
# - {name: amp_name, datatype: string}
# - {name: wavelength, unit: nm, datatype: float32}
# - {name: efficiency, unit: '%', datatype: float64}
# meta: !!omap
# - {MODE: AMP}
# - {TYPE: transmission_sensor}
# - {CALIBDATE: '1970-01-01T00:00:00'}
# - {INSTRUME: LSSTCam}
# - {OBSTYPE: transmission_sensor}
# - {DETECTOR: 186}
# - {PARQUETFILE: qe_raft_allvalues_nircorrected_20230725_adjust.parquet}
# - {CORRFILE: qe_corr_factor_bydetnum.parquet}
# - {CALIBCLS: lsst.ip.isr.IntermediateSensorTransmissionCurve}
# - {CALIB_ID: 'raftName=R43 detectorName=S20 detector=186 calibDate=1970-01-01T00:00:00 ccd=186 ccdnum=186 filter=None'}
# - {DATE: '2025-03-03T21:56:48.436374'}
# - {CALIB_CREATION_DATE: '2025-03-03'}
# - {CALIB_CREATION_TIME: '21:56:48'}
# - __serialized_columns__:
#     efficiency:
#       __class__: astropy.units.quantity.Quantity
#       unit: !astropy.units.Unit {unit: '%'}
#       value: !astropy.table.SerializedColumn {name: efficiency}
#     wavelength:
#       __class__: astropy.units.quantity.Quantity
#       unit: !astropy.units.Unit {unit: nm}
#       value: !astropy.table.SerializedColumn {name: wavelength}
# schema: astropy-2.0
amp_name wavelength efficiency
C00 319.994 64.07335458767817
C00 324.969 66.663394526242
C00 349.982 73.40439369548362
C00 374.975 75.99798214291111
C00 400.019 81.01853834913571
C00 424.965 81.53197270320197
C00 450.035 82.69091721453144
C00 475.003 83.47275683625763
C00 500.018 85.4121079176568
C00 525.002 87.53925700660987
C00 550.029 89.60730977487194
C00 575.023 92.42471966064666
C00 599.982 93.89487143223302
C00 619.997 95.06524244539483
C00 624.979 95.13464308990149
C00 650.012 95.92057714493191
C00 675.004 96.49601941670554
C00 700.03 96.75154238402493
C00 725.012 96.94349548315425
C00 750.022 97.58991551448504
C00 774.987 97.86230148119076
C00 799.976 97.5583807957586
C00 824.988 96.62415243227618
C00 850.022 94.32617448713003
C00 869.967 91.73869736052329
C00 875.002 90.5070235820565
C00 899.999 83.40747337190689
C00 919.999 75.221495613616
C00 925.012 72.96069360641548
C00 949.965 60.56965702184371
C00 975.002 45.633175701446675
C00 999.976 29.18055795320065
C00 1025.028 13.954705402383778
C00 1050.014 5.523923182846998
C00 1075.002 0.9297311108477411
C00 1099.99 0.09224706669189438
C01 319.994 64.37807899520337
C01 324.969 66.99797038546858
C01 349.982 73.90799382733584
C01 374.975 76.57045215939722
C01 400.019 81.5131989682737
C01 424.965 81.9720332959997
C01 450.035 83.11296230079056
C01 475.003 83.87558083283857
C01 500.018 85.7979475983091
C01 525.002 87.89780804751788
C01 550.029 89.9424088116874
C01 575.023 92.75862069660643
C01 599.982 94.23154758409899
C01 619.997 95.40897012128475
C01 624.979 95.47595201722835
C01 650.012 96.26566963192323
C01 675.004 96.84902022580114
C01 700.03 97.1180472407406
C01 725.012 97.36464585991355
C01 750.022 98.0763721024468
C01 774.987 98.41739290298558
C01 799.976 98.12900073497391
C01 824.988 97.1730112167079
C01 850.022 94.8608771475266
C01 869.967 92.29665488563109
C01 875.002 91.08455856418563
C01 899.999 84.00064302343104
C01 919.999 75.72544453052747
C01 925.012 73.42308402528903
C01 949.965 60.89008813046097
C01 975.002 45.89967023356462
C01 999.976 29.47865354902915
C01 1025.028 14.108474119809221
C01 1050.014 5.542268518735107
C01 1075.002 0.9343649069885609
C01 1099.99 0.09270682768800549
C02 319.994 64.44373399146505
C02 324.969 67.08565191645022
C02 349.982 74.16207616071486
C02 374.975 76.85884432740889
C02 400.019 81.70844277861418
C02 424.965 82.12850130649237
C02 450.035 83.26937723529595
C02 475.003 84.01338126037751
C02 500.018 85.89394689472543
C02 525.002 87.91252526056141
C02 550.029 89.8788844372007
C02 575.023 92.66224228599525
C02 599.982 94.13163582919194
C02 619.997 95.31057482315704
C02 624.979 95.37810264354121
C02 650.012 96.16719092867267
C02 675.004 96.74618170930995
C02 700.03 97.01136450631377
C02 725.012 97.26523453574369
C02 750.022 97.98120685725908
C02 774.987 98.33120508193159
C02 799.976 98.04472364946189
C02 824.988 97.07537414696986
C02 850.022 94.75166193027826
C02 869.967 92.18563508481535
C02 875.002 90.97409985237825
C02 899.999 83.89545399893187
C02 919.999 75.6036275574428
C02 925.012 73.29782469531524
C02 949.965 60.82709451584703
C02 975.002 45.85780465302889
C02 999.976 29.495306140037318
C02 1025.028 14.135759916197047
C02 1050.014 5.5593888418811535
C02 1075.002 0.9334581966128027
C02 1099.99 0.09261686471750047
C03 319.994 64.50087408291073
C03 324.969 67.17168809182628
C03 349.982 74.43834425677568
C03 374.975 77.25134883560641
C03 400.019 82.08462262958207
C03 424.965 82.44737425576885
C03 450.035 83.5455998376534
C03 475.003 84.21968004063943
C03 500.018 86.04940646145985
C03 525.002 88.06591486379202
C03 550.029 90.03104571044003
C03 575.023 92.8379238038822
C03 599.982 94.34203662504196
C03 619.997 95.54536782630281
C03 624.979 95.61690667486835
C03 650.012 96.42545110047878
C03 675.004 97.02498228819228
C03 700.03 97.30486713367183
C03 725.012 97.55742542798761
C03 750.022 98.27534639646447
C03 774.987 98.6211212890065
C03 799.976 98.32568517925478
C03 824.988 97.35731379138542
C03 850.022 95.01431982674447
C03 869.967 92.40201072037598
C03 875.002 91.17580376859874
C03 899.999 84.04839624741257
C03 919.999 75.76161960699872
C03 925.012 73.45572575746439
C03 949.965 60.95749084316084
C03 975.002 45.925904935847264
C03 999.976 29.518860504962472
C03 1025.028 14.152485486687722
C03 1050.014 5.551901336533144
C03 1075.002 0.936260478029122
C03 1099.99 0.09289490450522464
C04 319.994 64.17737594045724
C04 324.969 66.85623475258723
C04 349.982 74.22174873498203
C04 374.975 77.11947775407468
C04 400.019 81.92587993392037
C04 424.965 82.21541702680045
C04 450.035 83.21210066274014
C04 475.003 83.78509385681514
C04 500.018 85.58084406349435
C04 525.002 87.62566471389688
C04 550.029 89.6549947582984
C04 575.023 92.52170465396958
C04 599.982 94.06827826495096
C04 619.997 95.30038423359986
C04 624.979 95.37964942945614
C04 650.012 96.21448163333649
C04 675.004 96.83519013997352
C04 700.03 97.11829745610919
C04 725.012 97.36798206482811
C04 750.022 98.06713688066058
C04 774.987 98.39491901351572
C04 799.976 98.09874742222601
C04 824.988 97.14762573022169
C04 850.022 94.80916597135096
C04 869.967 92.1903512653991
C04 875.002 90.96478122546918
C04 899.999 83.87699871992726
C04 919.999 75.6621097131382
C04 925.012 73.37205525466412
C04 949.965 60.925061414934575
C04 975.002 45.90015549973401
C04 999.976 29.503853269559894
C04 1025.028 14.143657812660967
C04 1050.014 5.580727758230236
C04 1075.002 0.9342770474352272
C04 1099.99 0.09269811034383864
C05 319.994 63.84515817152254
C05 324.969 66.534260649197
C05 349.982 73.9852421356756
C05 374.975 76.92308143658188
C05 400.019 81.69993545608207
C05 424.965 81.95209188935134
C05 450.035 82.88109605922892
C05 475.003 83.39615302204908
C05 500.018 85.16417481651801
C05 525.002 87.20761549125133
C05 550.029 89.25404358583995
C05 575.023 92.14110433148991
C05 599.982 93.71717302682953
C05 619.997 94.96154713082332
C05 624.979 95.04583938090313
C05 650.012 95.90721716070588
C05 675.004 96.53904887781941
C05 700.03 96.82973847785179
C05 725.012 97.06932348442028
C05 750.022 97.7411214199534
C05 774.987 98.04650548617762
C05 799.976 97.75996339543674
C05 824.988 96.82494647442905
C05 850.022 94.49126355441327
C05 869.967 91.88755275798366
C05 875.002 90.66450761859134
C05 899.999 83.64859758210642
C05 919.999 75.53631962329163
C05 925.012 73.26174060625077
C05 949.965 60.850527564229836
C05 975.002 45.88146137878665
C05 999.976 29.481362319951252
C05 1025.028 14.131855039990239
C05 1050.014 5.653546591096085
C05 1075.002 0.9311713356606557
C05 1099.99 0.09238996447472442
C06 319.994 63.95719399838045
C06 324.969 66.67007451835501
C06 349.982 74.25454969511924
C06 374.975 77.27656751184689
C06 400.019 82.0628159810951
C06 424.965 82.27349732144931
C06 450.035 83.15741723127702
C06 475.003 83.61310491118587
C06 500.018 85.35359543282583
C06 525.002 87.42355135434596
C06 550.029 89.50585123404996
C06 575.023 92.43435674347938
C06 599.982 94.04396946277808
C06 619.997 95.3138958635038
C06 624.979 95.40461789032804
C06 650.012 96.28274493525865
C06 675.004 96.93154580373302
C06 700.03 97.23395761466972
C06 725.012 97.4594850668937
C06 750.022 98.11749841030259
C06 774.987 98.40162175248041
C06 799.976 98.10390337527578
C06 824.988 97.18367190786668
C06 850.022 94.8335960900662
C06 869.967 92.29428921305531
C06 875.002 91.08442966535938
C06 899.999 84.22593542485421
C06 919.999 76.11557578386531
C06 925.012 73.79569262054154
C06 949.965 61.092709503032964
C06 975.002 46.18280787883587
C06 999.976 29.669931824891655
C06 1025.028 14.231486250393115
C06 1050.014 5.810858604565014
C06 1075.002 0.9347572533985172
C06 1099.99 0.09274575593836012
C07 319.994 63.04402542842115
C07 324.969 65.76013221019376
C07 349.982 73.45721946739205
C07 374.975 76.69038114379161
C07 400.019 81.70760872738555
C07 424.965 81.98157939142567
C07 450.035 82.85866008117853
C07 475.003 83.26999898257549
C07 500.018 84.98756067771176
C07 525.002 87.0884674820983
C07 550.029 89.23945527162266
C07 575.023 92.24612654574335
C07 599.982 93.91606391572434
C07 619.997 95.22525138246728
C07 624.979 95.32213022381563
C07 650.012 96.2216317270511
C07 675.004 96.89678103206657
C07 700.03 97.22669378669667
C07 725.012 97.43641975927989
C07 750.022 98.09710964890432
C07 774.987 98.36755455093245
C07 799.976 98.0560060879002
C07 824.988 97.15774049693991
C07 850.022 94.81333622749416
C07 869.967 92.32033435824053
C07 875.002 91.12972622935838
C07 899.999 84.38305551176201
C07 919.999 76.32640118761356
C07 925.012 73.99558437091073
C07 949.965 61.06342672262384
C07 975.002 46.34480337428925
C07 999.976 29.587228063288205
C07 1025.028 14.306029578952723
C07 1050.014 5.8802673052483145
C07 1075.002 0.9345631199213416
C07 1099.99 0.09272649419310151
C10 319.994 65.34174936705675
C10 324.969 67.94012223562308
C10 349.982 74.51905008657235
C10 374.975 76.64710146730914
C10 400.019 81.45449692634531
C10 424.965 81.96860610367838
C10 450.035 83.36250284611545
C10 475.003 84.30039345271999
C10 500.018 86.21202370419276
C10 525.002 88.2877573260422
C10 550.029 90.1725083811011
C10 575.023 92.8222436407838
C10 599.982 94.16119157182133
C10 619.997 95.26201029479856
C10 624.979 95.31278885005489
C10 650.012 95.98548149508781
C10 675.004 96.5104257561093
C10 700.03 96.82782016002591
C10 725.012 97.06754922998844
C10 750.022 97.92778966720671
C10 774.987 98.35950216543414
C10 799.976 98.04570934636847
C10 824.988 97.08463211560776
C10 850.022 94.7250026200974
C10 869.967 92.18412621031989
C10 875.002 90.98231904812228
C10 899.999 83.89517345442769
C10 919.999 75.31873840459141
C10 925.012 72.95684938847984
C10 949.965 60.73369594280726
C10 975.002 45.985839098908876
C10 999.976 29.256259475625487
C10 1025.028 14.148603357332602
C10 1050.014 5.694758199645722
C10 1075.002 0.932948414374857
C10 1099.99 0.09256628459217882
C11 319.994 65.2656384013015
C11 324.969 67.88766041334168
C11 349.982 74.649237901079
C11 374.975 76.92992823894062
C11 400.019 81.74118308048023
C11 424.965 82.21493176063106
C11 450.035 83.56529861121707
C11 475.003 84.43956627364425
C11 500.018 86.30635489815182
C11 525.002 88.35630117246853
C11 550.029 90.23091471395752
C11 575.023 92.91590759375995
C11 599.982 94.30557342178264
C11 619.997 95.43281640413993
C11 624.979 95.49380829580512
C11 650.012 96.19016524887972
C11 675.004 96.73674176585854
C11 700.03 97.08608791411592
C11 725.012 97.38933377628126
C11 750.022 98.3362624652907
C11 774.987 98.85514848147871
C11 799.976 98.57033515146628
C11 824.988 97.58951365343852
C11 850.022 95.22117969601473
C11 869.967 92.71396862673866
C11 875.002 91.5062472831016
C11 899.999 84.33723577017415
C11 919.999 75.63350175599587
C11 925.012 73.2406391101662
C11 949.965 60.95368832778664
C11 975.002 46.22792625916329
C11 999.976 29.4835687645652
C11 1025.028 14.222793161905527
C11 1050.014 5.682063560831643
C11 1075.002 0.9368391146669145
C11 1099.99 0.09295231630084386
C12 319.994 64.8123694699557
C12 324.969 67.45244489995396
C12 349.982 74.4228081570713
C12 374.975 76.88849105744507
C12 400.019 81.67163079029562
C12 424.965 82.0792392080154
C12 450.035 83.34453283328023
C12 475.003 84.12302108552406
C12 500.018 85.9282339825064
C12 525.002 87.96187076416126
C12 550.029 89.84832783309692
C12 575.023 92.56772911722265
C12 599.982 94.00033341895247
C12 619.997 95.16124932409507
C12 624.979 95.2277080424498
C12 650.012 95.95078496397643
C12 675.004 96.51932735740404
C12 700.03 96.8891001784792
C12 725.012 97.23981872012189
C12 750.022 98.22459058805984
C12 774.987 98.79102510656416
C12 799.976 98.53364447969007
C12 824.988 97.54496015326141
C12 850.022 95.18854554612327
C12 869.967 92.68571703693948
C12 875.002 91.47868568113704
C12 899.999 84.27232383773433
C12 919.999 75.54067943653224
C12 925.012 73.1489162218676
C12 949.965 60.91636453530504
C12 975.002 46.22318354058589
C12 999.976 29.49631837493753
C12 1025.028 14.238522609849268
C12 1050.014 5.679732482426145
C12 1075.002 0.9357748138110944
C12 1099.99 0.09284671734768249
C13 319.994 64.54980256089624
C13 324.969 67.21529380651631
C13 349.982 74.44586588240122
C13 374.975 77.14214878292587
C13 400.019 81.91712997830356
C13 424.965 82.24691383410742
C13 450.035 83.42278958537825
C13 475.003 84.11521891539434
C13 500.018 85.87768289576698
C13 525.002 87.91594487059884
C13 550.029 89.83154065654959
C13 575.023 92.59237153988698
C13 599.982 94.05887623291902
C13 619.997 95.24298634450169
C13 624.979 95.3129632425845
C13 650.012 96.06247958805899
C13 675.004 96.65378399774454
C13 700.03 97.03929764018928
C13 725.012 97.41230809648833
C13 750.022 98.42671911217855
C13 774.987 99.01452050670382
C13 799.976 98.77215280194523
C13 824.988 97.79450828087019
C13 850.022 95.44296149999374
C13 869.967 92.94788966723631
C13 875.002 91.73766616991334
C13 899.999 84.5228424976819
C13 919.999 75.77048329687398
C13 925.012 73.36978815177899
C13 949.965 61.11541844330363
C13 975.002 46.429470947421954
C13 999.976 29.629832916503865
C13 1025.028 14.309074813722743
C13 1050.014 5.709981056246615
C13 1075.002 0.9377002718067666
C13 1099.99 0.09303775952113118
C14 319.994 64.4089692197986
C14 324.969 67.09435637836366
C14 349.982 74.50481813969822
C14 374.975 77.36440827079036
C14 400.019 82.12827383797547
C14 424.965 82.37531222961444
C14 450.035 83.43915215402737
C14 475.003 84.02034179699471
C14 500.018 85.74083025371512
C14 525.002 87.81019475709131
C14 550.029 89.80870281745267
C14 575.023 92.6482453899219
C14 599.982 94.17648503844102
C14 619.997 95.39206162819507
C14 624.979 95.47134957090304
C14 650.012 96.24991364598586
C14 675.004 96.86071210756988
C14 700.03 97.26593968814608
C14 725.012 97.64696461852395
C14 750.022 98.66395361073906
C14 774.987 99.26070210026246
C14 799.976 99.02377089305782
C14 824.988 98.04863610795259
C14 850.022 95.70696904299356
C14 869.967 93.2276835253091
C14 875.002 92.01483655775787
C14 899.999 84.79759413696338
C14 919.999 76.05832195816119
C14 925.012 73.66449636227664
C14 949.965 61.309145796864776
C14 975.002 46.586029945321386
C14 999.976 29.7373515977303
C14 1025.028 14.38682355279969
C14 1050.014 5.75309866141079
C14 1075.002 0.9399603276768947
C14 1099.99 0.09326200018829464
C15 319.994 64.05245781325881
C15 324.969 66.76245706535262
C15 349.982 74.41077507252722
C15 374.975 77.48189575977001
C15 400.019 82.23375098926272
C15 424.965 82.46078731598215
C15 450.035 83.51829603334131
C15 475.003 84.11527957366552
C15 500.018 85.82290847689708
C15 525.002 87.83526936993775
C15 550.029 89.75887962996734
C15 575.023 92.54000828729625
C15 599.982 94.03707716671596
C15 619.997 95.24360809178123
C15 624.979 95.32209989468005
C15 650.012 96.10371963017323
C15 675.004 96.72266904694622
C15 700.03 97.1378900776983
C15 725.012 97.51924862856764
C15 750.022 98.53663948182927
C15 774.987 99.13156064093356
C15 799.976 98.90011142498625
C15 824.988 97.9324148603837
C15 850.022 95.61319893804286
C15 869.967 93.16336301101325
C15 875.002 91.95609660440999
C15 899.999 84.76930463574473
C15 919.999 76.13512291175105
C15 925.012 73.75044155024594
C15 949.965 61.207831319436835
C15 975.002 46.53568358024718
C15 999.976 29.782157208846982
C15 1025.028 14.405381192636908
C15 1050.014 5.767858998693982
C15 1075.002 0.9387474234545562
C15 1099.99 0.09314165694562643
C16 319.994 64.59943619128416
C16 324.969 67.35467134910579
C16 349.982 75.2053226020643
C16 374.975 78.41126387927464
C16 400.019 83.20733140616912
C16 424.965 83.38292193664931
C16 450.035 84.39768173739878
C16 475.003 84.94460703943685
C16 500.018 86.64544221629696
C16 525.002 88.68048930275661
C16 550.029 90.64480884502767
C16 575.023 93.48422251867066
C16 599.982 95.01739065172264
C16 619.997 96.25578991600581
C16 624.979 96.33547213747643
C16 650.012 97.14032399082915
C16 675.004 97.78034457455112
C16 700.03 98.2142786819603
C16 725.012 98.60138460402334
C16 750.022 99.63238565687959
C16 774.987 100.2284138294328
C16 799.976 99.99733614539642
C16 824.988 99.02781983265866
C16 850.022 96.70739832717824
C16 869.967 94.25352862511558
C16 875.002 93.03794445307763
C16 899.999 85.82272650208357
C16 919.999 77.12374657990853
C16 925.012 74.68716448513038
C16 949.965 61.774390945625456
C16 975.002 47.029532895008224
C16 999.976 30.225218490496832
C16 1025.028 14.588013769286182
C16 1050.014 5.883207809722011
C16 1075.002 0.9491865049722463
C16 1099.99 0.09417741302362452
C17 319.994 63.75018248343225
C17 324.969 66.51212038021858
C17 349.982 74.47506525768749
C17 374.975 77.78328396238066
C17 400.019 82.5567790301146
C17 424.965 82.7080986698414
C17 450.035 83.68907181354709
C17 475.003 84.2179057862076
C17 500.018 85.90563877649417
C17 525.002 87.95121765528637
C17 550.029 89.93942139183208
C17 575.023 92.7757869873486
C17 599.982 94.31687860707265
C17 619.997 95.55685498640634
C17 624.979 95.64214051567663
C17 650.012 96.45100339721071
C17 675.004 97.11142032461485
C17 700.03 97.55705389607667
C17 725.012 97.9467453769485
C17 750.022 98.97428132606395
C17 774.987 99.56473651995307
C17 799.976 99.32749443910865
C17 824.988 98.37879149566739
C17 850.022 96.05820317994123
C17 869.967 93.5996703732821
C17 875.002 92.39699883072025
C17 899.999 85.27351135030868
C17 919.999 76.641680134323
C17 925.012 74.20068515031696
C17 949.965 61.24595125172758
C17 975.002 46.678385954325364
C17 999.976 30.01219991113146
C17 1025.028 14.46683181247786
C17 1050.014 5.831031270872232
C17 1075.002 0.9429168227036573
C17 1099.99 0.09355534090877383
