lsstCam/transmission_filter_detector/r12_s20/g_6/19700101T000000.ecsv
# %ECSV 1.0
# ---
# datatype:
# - {name: wavelength, unit: nm, datatype: float32}
# - {name: efficiency, unit: '%', datatype: float64}
# meta: !!omap
# - {MODE: DETECTOR}
# - {TYPE: transmission_filter_detector}
# - {CALIBDATE: '1970-01-01T00:00:00'}
# - {INSTRUME: LSSTCam}
# - {OBSTYPE: transmission_filter_detector}
# - {CALIBCLS: lsst.ip.isr.IntermediateFilterDetectorTransmissionCurve}
# - {SOURCE: Materion (DM-46256)}
# - {DETECTOR: 51}
# - {FILTER: g_6}
# - {CALIB_ID: 'calibDate=1970-01-01T00:00:00 filter=g_6 detector=51'}
# - {DATE: '2025-04-02T15:59:42.263155'}
# - {CALIB_CREATION_DATE: '2025-04-02'}
# - {CALIB_CREATION_TIME: '15:59:42'}
# - __serialized_columns__:
#     efficiency:
#       __class__: astropy.units.quantity.Quantity
#       unit: !astropy.units.Unit {unit: '%'}
#       value: !astropy.table.SerializedColumn {name: efficiency}
#     wavelength:
#       __class__: astropy.units.quantity.Quantity
#       unit: !astropy.units.Unit {unit: nm}
#       value: !astropy.table.SerializedColumn {name: wavelength}
# schema: astropy-2.0
wavelength efficiency
[from data line 608]
908.0 0.0004935473498335341
909.0 0.0004001276010967558
910.0 0.000340975043400249
911.0 0.00028182248570374213
912.0 0.00039714991544315126
913.0 0.0005124773906572955
914.0 0.00033981684737227624
915.0 0.00016715636093067587
916.0 0.00020162044620519737
917.0 0.00023608449737366755
918.0 0.00026196059934591176
919.0 0.0002878367240555235
920.0 0.00029118416478013387
921.0 0.00029453162824211176
922.0 0.0005445571332529653
923.0 0.0007945826837385539
924.0 0.0006937496891623596
925.0 0.0005929166945861652
926.0 0.0006020473392709391
927.0 0.0006111780749051832
928.0 0.0005614639121631626
929.0 0.000511749749421142
930.0 0.0005389430043578614
931.0 0.0005661363047693158
932.0 0.0005349519142328063
933.0 0.0005037675236962968
934.0 0.0005117585715197492
935.0 0.0005197495738684665
936.0 0.0005245926786301425
937.0 0.0005294357833918184
938.0 0.0006329820735118119
939.0 0.0007365282726823352
940.0 0.0005905883426748915
941.0 0.00044464823076850735
942.0 0.0006108437901275465
943.0 0.0007770393494865857
944.0 0.0006360250608850038
945.0 0.0004950107268086867
946.0 0.0005937999048910569
947.0 0.000692589037498692
948.0 0.000978592834144365
949.0 0.0012645968126889784
950.0 0.0011108549188065808
951.0 0.0009571129339747131
952.0 0.0010056656719825696
953.0 0.0010542184099904262
954.0 0.000928034023672808
955.0 0.0008018496373551898
956.0 0.0007750036274956074
957.0 0.0007481574812118197
958.0 0.0009046057130035479
959.0 0.0010610538083710708
960.0 0.0008026702744245995
961.0 0.0005442864221549826
962.0 0.0006517966539831832
963.0 0.0007593067948619137
964.0 0.0007591019766550744
965.0 0.0007588970220240299
966.0 0.0007650490260857623
967.0 0.0007712009391980246
968.0 0.0007872358764871024
969.0 0.0008032709047256503
970.0 0.0007525727596657816
971.0 0.0007018746146059129
972.0 0.0007798005754011683
973.0 0.0008577266271458939
974.0 0.0008440240890195128
975.0 0.000830321732792072
976.0 0.0009290936759498436
977.0 0.0010278658919560257
978.0 0.0010669173207134008
979.0 0.0011059689313697163
980.0 0.0010775758710224181
981.0 0.00104918281067512
982.0 0.0010390725037723314
983.0 0.0010289621968695428
984.0 0.0010406588444311637
985.0 0.0010523557648411952
986.0 0.0011126890967716463
987.0 0.0011730224287020974
988.0 0.0011884818377438933
989.0 0.0012039409739372786
990.0 0.0013042721548117697
991.0 0.0014046033356862608
992.0 0.0013842142834619153
993.0 0.00136382532218704
994.0 0.0013445325748762116
995.0 0.0013252399185148533
996.0 0.0012623190741578583
997.0 0.0011993982298008632
998.0 0.0012889506251667626
999.0 0.0013785029295831919
1000.0 0.0013772529200650752
1001.0 0.001376002728648018
1002.0 0.0012865540156781208
1003.0 0.0011971052117587533
1004.0 0.0011539745173649862
1005.0 0.001110843732021749
1006.0 0.0013328440218174364
1007.0 0.0015548444935120642
1008.0 0.001563775003887713
1009.0 0.0015727060599601828
1010.0 0.0017409953215974383
1011.0 0.0019092849470325746
1012.0 0.002068901085294783
1013.0 0.002228517405455932
1014.0 0.0022832213289802894
1015.0 0.002337925798201468
1016.0 0.0026974848879035562
1017.0 0.003057044159504585
1018.0 0.0032161158742383122
1019.0 0.0033751875889720395
1020.0 0.003434817335801199
1021.0 0.0034944470826303586
1022.0 0.003929014565073885
1023.0 0.004363582411315292
1024.0 0.004485205499804579
1025.0 0.004606828224495985
1026.0 0.004731992521556094
1027.0 0.004857157182414085
1028.0 0.004872248973697424
1029.0 0.004887341128778644
1030.0 0.005098467227071524
1031.0 0.005309592597768642
1032.0 0.005652937034028582
1033.0 0.005996281834086403
1034.0 0.005767043694504537
1035.0 0.005537805918720551
1036.0 0.005648018122883514
1037.0 0.005758229599450715
1038.0 0.005922724085394293
1039.0 0.0060872182075399905
1040.0 0.006515593850053847
1041.0 0.006943968764971942
1042.0 0.007036524766590446
1043.0 0.007129080040613189
1044.0 0.007519238715758547
1045.0 0.007909395935712382
1046.0 0.009038693679030985
1047.0 0.010167990694753826
1048.0 0.011679346062010154
1049.0 0.01319069997407496
1050.0 0.015741868992336094
1051.0 0.018293035100214183
1052.0 0.022292567882686853
1053.0 0.026292106485925615
1054.0 0.031335544190369546
1055.0 0.03637898189481348
1056.0 0.043366814497858286
1057.0 0.05035463836975396
1058.0 0.05869983579032123
1059.0 0.06704502156935632
1060.0 0.07498558843508363
1061.0 0.08292612619698048
1062.0 0.0911932613234967
1063.0 0.09946037316694856
1064.0 0.10694455122575164
1065.0 0.11442870600149035
1066.0 0.12236136244609952
1067.0 0.13029401889070868
1068.0 0.13894537696614861
1069.0 0.1475967583246529
1070.0 0.156887446064502
1071.0 0.1661781338043511
1072.0 0.17558839172124863
1073.0 0.18499861471354961
1074.0 0.1948304707184434
1075.0 0.2046623732894659
1076.0 0.21509965881705284
1077.0 0.22553696762770414
1078.0 0.2374773845076561
1079.0 0.24941780138760805
1080.0 0.26598016265779734
1081.0 0.282542547211051
1082.0 0.31201911624521017
1083.0 0.3414957085624337
1084.0 0.38321653846651316
1085.0 0.42493739165365696
1086.0 0.46298480592668056
1087.0 0.5010322667658329
1088.0 0.5684338044375181
1089.0 0.6358353886753321
1090.0 0.7174155209213495
1091.0 0.7989956066012383
1092.0 0.8383817039430141
1093.0 0.8777675218880177
1094.0 0.932563841342926
1095.0 0.987359881401062
1096.0 1.0631661862134933
1097.0 1.1389726772904396
1098.0 1.2165666557848454
1099.0 1.2941607274115086
1100.0 1.542870793491602
1101.0 1.791580393910408
