lsstCam/transmission_filter_detector/r12_s20/g_6/19700101T000000.ecsv
# %ECSV 1.0
# ---
# datatype:
# - {name: wavelength, unit: nm, datatype: float32}
# - {name: efficiency, unit: '%', datatype: float64}
# meta: !!omap
# - {MODE: DETECTOR}
# - {TYPE: transmission_filter_detector}
# - {CALIBDATE: '1970-01-01T00:00:00'}
# - {INSTRUME: LSSTCam}
# - {OBSTYPE: transmission_filter_detector}
# - {CALIBCLS: lsst.ip.isr.IntermediateFilterDetectorTransmissionCurve}
# - {SOURCE: Materion (DM-46256)}
# - {DETECTOR: 51}
# - {FILTER: g_6}
# - {CALIB_ID: 'calibDate=1970-01-01T00:00:00 filter=g_6 detector=51'}
# - {DATE: '2025-04-02T15:59:42.263155'}
# - {CALIB_CREATION_DATE: '2025-04-02'}
# - {CALIB_CREATION_TIME: '15:59:42'}
# - __serialized_columns__:
#     efficiency:
#       __class__: astropy.units.quantity.Quantity
#       unit: !astropy.units.Unit {unit: '%'}
#       value: !astropy.table.SerializedColumn {name: efficiency}
#     wavelength:
#       __class__: astropy.units.quantity.Quantity
#       unit: !astropy.units.Unit {unit: nm}
#       value: !astropy.table.SerializedColumn {name: wavelength}
# schema: astropy-2.0
wavelength efficiency
300.0 0.5103392526507378
301.0 0.3786804620176554
302.0 0.2470216015353799
303.0 0.22011843975633383
304.0 0.19321527797728777
305.0 0.20277483854442835
306.0 0.21233437582850456
307.0 0.21813262719660997
308.0 0.22393087856471539
309.0 0.22173344623297453
310.0 0.21953608375042677
311.0 0.21320930682122707
312.0 0.2068825764581561
313.0 0.2033658092841506
314.0 0.19984901882708073
315.0 0.18840089906007051
316.0 0.1769527792930603
317.0 0.177856651134789
318.0 0.17876055790111423
319.0 0.16218004748225212
320.0 0.14559950213879347
321.0 0.1409127376973629
322.0 0.1362259848974645
323.0 0.11672449763864279
324.0 0.09722306858748198
325.0 0.08855038904584944
326.0 0.07987770950421691
327.0 0.07210352923721075
328.0 0.06432934897020459
329.0 0.06126746302470565
330.0 0.058205577079206705
331.0 0.05471156910061836
332.0 0.05121756112203002
333.0 0.04712369991466403
334.0 0.04302983870729804
335.0 0.04177155205979943
336.0 0.04051326250191778
337.0 0.04143408150412142
338.0 0.042354894685558975
339.0 0.040922671905718744
340.0 0.03949045203626156
341.0 0.037632964085787535
342.0 0.03577547613531351
343.0 0.032204025774262846
344.0 0.028632578323595226
345.0 0.025528777041472495
346.0 0.022424975759349763
347.0 0.021070112416055053
348.0 0.019715246162377298
349.0 0.018072269449476153
350.0 0.7892478257417679
351.0 1.3078986667096615
352.0 0.7996110245585442
353.0 1.0788044892251492
354.0 0.6528506055474281
355.0 0.7582736201584339
356.0 0.5818414036184549
357.0 1.0484504513442516
358.0 0.4953085910528898
359.0 0.80280601978302
360.0 0.44926591217517853
361.0 0.8767885155975819
362.0 0.5749742966145277
363.0 0.8347176946699619
364.0 0.628852192312479
365.0 0.836004875600338
366.0 0.5418934859335423
367.0 0.8218426257371902
368.0 0.4283110611140728
369.0 0.6300761830061674
370.0 0.42551904916763306
371.0 0.7357202470302582
372.0 0.40817041881382465
373.0 0.674951309338212
374.0 0.5325225181877613
375.0 0.5597822833806276
376.0 0.4325447604060173
377.0 0.5425929557532072
378.0 0.41816970333456993
379.0 0.6222031079232693
380.0 0.46007707715034485
381.0 0.5712105426937342
382.0 0.6076593417674303
383.0 0.5790694616734982
384.0 0.5864428356289864
385.0 0.6090775597840548
386.0 0.7251537870615721
387.0 0.8324611932039261
388.0 1.0149783454835415
389.0 1.245248131453991
390.0 1.8083084374666214
391.0 2.8251836076378822
392.0 4.448801279067993
393.0 7.084187865257263
394.0 10.66945418715477
395.0 15.504613518714905
396.0 21.35559767484665
397.0 28.81321907043457
398.0 37.37074136734009
399.0 46.84958457946777
400.0 56.42555356025696
401.0 65.4823362827301
402.0 73.87064695358276
403.0 80.97334504127502
404.0 86.17985844612122
405.0 90.12473225593567
406.0 92.3349916934967
407.0 94.16382312774658
408.0 95.1461672782898
409.0 95.6993579864502
410.0 95.76413035392761
411.0 95.57151198387146
412.0 95.17958760261536
413.0 94.98288631439209
414.0 94.8138952255249
415.0 95.04819512367249
416.0 95.45294046401978
417.0 95.83802819252014
418.0 96.39400839805603
419.0 96.94678783416748
420.0 97.41998314857483
421.0 97.98442721366882
422.0 98.10720086097717
423.0 98.27396273612976
424.0 98.11921715736389
425.0 98.01062345504761
426.0 97.95403480529785
427.0 97.91848063468933
428.0 97.75406122207642
429.0 97.48992323875427
430.0 97.35637307167053
431.0 97.39903807640076
432.0 97.42856025695801
433.0 97.47686982154846
434.0 97.52054810523987
435.0 97.77483344078064
436.0 97.76626825332642
437.0 97.72623181343079
438.0 97.81864881515503
439.0 97.920823097229
440.0 97.85096049308777
441.0 98.01470041275024
442.0 97.98553586006165
443.0 97.97894954681396
444.0 97.84519076347351
445.0 97.58288264274597
446.0 97.48562574386597
447.0 97.3303496837616
448.0 97.4391520023346
449.0 97.65115976333618
450.0 97.99119234085083
451.0 98.21168780326843
452.0 98.33905696868896
453.0 98.45243096351624
454.0 98.4430730342865
455.0 98.72217774391174
456.0 98.76483678817749
457.0 98.91664385795593
458.0 98.88082146644592
459.0 98.93372654914856
460.0 99.05499219894409
461.0 99.1842269897461
462.0 99.11418557167053
463.0 99.03671741485596
464.0 99.13328886032104
465.0 99.00032877922058
466.0 99.00824427604675
467.0 99.00328516960144
468.0 99.09104704856873
469.0 99.12943243980408
470.0 98.99371862411499
471.0 98.87908697128296
472.0 98.88502359390259
473.0 98.76086115837097
474.0 98.60236048698425
475.0 98.62504005432129
476.0 98.6417293548584
477.0 98.7036943435669
478.0 98.79095554351807
479.0 98.75457286834717
480.0 98.91523122787476
481.0 99.00414943695068
482.0 99.1677463054657
483.0 99.05564188957214
484.0 99.20275807380676
485.0 99.29794073104858
486.0 99.30762648582458
487.0 99.34701323509216
488.0 99.32440519332886
489.0 99.3642270565033
490.0 99.28168654441833
491.0 99.27725791931152
492.0 99.21124577522278
493.0 99.16148781776428
494.0 99.12359118461609
495.0 99.212247133255
496.0 99.02260303497314
497.0 98.92497658729553
498.0 98.77031445503235
499.0 98.7770676612854
500.0 98.72716069221497
501.0 98.64015579223633
502.0 98.5832154750824
503.0 98.70104193687439
504.0 98.56837391853333
505.0 98.63486289978027
506.0 98.62460494041443
507.0 98.62759709358215
508.0 98.63693714141846
509.0 98.60244989395142
510.0 98.5422134399414
511.0 98.48630428314209
512.0 98.41476678848267
513.0 98.52765202522278
514.0 98.5105037689209
515.0 98.51274490356445
516.0 98.62827062606812
517.0 98.65553379058838
518.0 98.67231845855713
519.0 98.68642687797546
520.0 98.78612160682678
521.0 98.91905188560486
522.0 98.91349077224731
523.0 98.87006878852844
524.0 98.90820980072021
525.0 98.94633293151855
526.0 99.04540181159973
527.0 99.01723265647888
528.0 99.14785027503967
529.0 99.25262928009033
530.0 99.25920367240906
531.0 99.36920404434204
532.0 99.21835064888
533.0 99.23275113105774
534.0 99.24063086509705
535.0 99.00955557823181
536.0 98.57733845710754
537.0 97.89058566093445
538.0 96.99050188064575
539.0 95.46989798545837
540.0 93.58325004577637
541.0 90.65375924110413
542.0 87.60805130004883
543.0 83.74699354171753
544.0 78.86363863945007
545.0 74.65821504592896
546.0 69.55219507217407
547.0 64.92571830749512
548.0 60.391443967819214
549.0 56.39916658401489
550.0 53.24888825416565
551.0 50.283753871917725
552.0 47.96079695224762
553.0 45.424455404281616
554.0 42.410290241241455
555.0 38.99776041507721
556.0 34.492552280426025
557.0 29.352039098739624
558.0 23.810024559497833
559.0 18.466363847255707
560.0 13.432265818119049
561.0 8.928341418504715
562.0 5.583503097295761
563.0 3.195510059595108
564.0 1.7272330820560455
565.0 0.8305991068482399
566.0 0.4508507438004017
567.0 0.23688802029937506
568.0 0.15406848397105932
569.0 0.09745764546096325
570.0 0.08263362688012421
571.0 0.0612896285019815
572.0 0.04939573700539768
573.0 0.04321906890254468
574.0 0.0451892294222489
575.0 0.03280928358435631
576.0 0.04802198091056198
577.0 0.023594072263222188
578.0 0.038658370613120496
579.0 0.026405820972286165
580.0 0.027183853671886027
581.0 0.01662367576500401
582.0 0.032193263177759945
583.0 0.018778859521262348
584.0 0.021066615590825677
585.0 0.016775066615082324
586.0 0.03078766749240458
587.0 0.018472813826519996
588.0 0.01680215063970536
589.0 0.015983585035428405
590.0 0.020149433112237602
591.0 0.010825756908161566
592.0 0.021643401123583317
593.0 0.01722831802908331
594.0 0.018966621428262442
595.0 0.007006867235759273
596.0 0.015231921861413866
597.0 0.013720225251745433
598.0 0.027111481176689267
599.0 0.007698567787883803
600.0 0.008965974120656028
601.0 0.0023765045625623316
602.0 0.002441627293592319
603.0 0.002506749842723366
604.0 0.002240743015136104
605.0 0.001974736551346723
606.0 0.0020831321307923645
607.0 0.0021915275283390656
608.0 0.0019535518731572665
609.0 0.0017155762179754674
610.0 0.0018594188077258877
611.0 0.0020032610336784273
612.0 0.0018908156562247314
613.0 0.0017783704606699757
614.0 0.001803565100999549
615.0 0.0018287602870259434
616.0 0.001988135954889003
617.0 0.002147511622752063
618.0 0.00198719553736737
619.0 0.001826879451982677
620.0 0.0017315962395514362
621.0 0.0016363132090191357
622.0 0.0015443447409779765
623.0 0.001452376091037877
624.0 0.0014680877939099446
625.0 0.0014837996786809526
626.0 0.0014548173567163758
627.0 0.00142583558044862
628.0 0.0015313977201003581
629.0 0.001636960223549977
630.0 0.0015097811228770297
631.0 0.0013826015674567316
632.0 0.001585977224749513
633.0 0.0017893526091938838
634.0 0.001663942020968534
635.0 0.0015385308870463632
636.0 0.001444797726435354
637.0 0.001351065202470636
638.0 0.001256482664757641
639.0 0.001161900036095176
640.0 0.0010449623005115427
641.0 0.0009280242011300288
642.0 0.0011896001524291933
643.0 0.001451176285627298
644.0 0.001364977015327895
645.0 0.0012787773812306114
646.0 0.0013074029084236827
647.0 0.0013360287084651645
648.0 0.0011071901099057868
649.0 0.0008783515113464091
650.0 0.0011751954843930434
651.0 0.0014720388207933865
652.0 0.0012014666936011054
653.0 0.0009308945664088242
654.0 0.001073080511559965
655.0 0.0012152666386100464
656.0 0.0012011560102109797
657.0 0.001187045381811913
658.0 0.0010620725333865266
659.0 0.0009371000487590209
660.0 0.0008902975423552562
661.0 0.0008434951269009616
662.0 0.00103605025287834
663.0 0.0012286055607546587
664.0 0.0011999451089650393
665.0 0.0011712844752764795
666.0 0.0010588473742245696
667.0 0.0009464099093747791
668.0 0.0010971300980600063
669.0 0.0012478501957957633
670.0 0.001262833939108532
671.0 0.0012778176824213006
672.0 0.0012010137652396224
673.0 0.001124209666159004
674.0 0.001118361069529783
675.0 0.0011125123819510918
676.0 0.0010854508218471892
677.0 0.0010583890798443463
678.0 0.001079092180589214
679.0 0.0010997952813340817
680.0 0.0010068137271446176
681.0 0.0009138321729551535
682.0 0.0010340201697545126
683.0 0.0011542082575033419
684.0 0.0010216230293735862
685.0 0.0008890376193448901
686.0 0.0010342890163883567
687.0 0.001179540231532883
688.0 0.0011469698620203417
689.0 0.0011143995834572706
690.0 0.0010191825822403189
691.0 0.0009239655810233671
692.0 0.0009096691428567283
693.0 0.0008953727046900894
694.0 0.0010253377695335075
695.0 0.001155302561528515
696.0 0.0012430014066922013
697.0 0.001330699524260126
698.0 0.0013457768545777071
699.0 0.0013608542758447584
700.0 0.001207822424476035
701.0 0.0010547903912083711
702.0 0.001171062103821896
703.0 0.0012873337254859507
704.0 0.0012336086911091115
705.0 0.0011798835657828022
706.0 0.001132746820076136
707.0 0.0010856103472178802
708.0 0.0010799115443660412
709.0 0.0010742129234131426
710.0 0.0012153744137322064
711.0 0.001356536267849151
712.0 0.0012292048268136568
713.0 0.0011018736586265732
714.0 0.0011823803106381092
715.0 0.0012628871445485856
716.0 0.0015050090951262973
717.0 0.0017471313185524195
718.0 0.0019570590666262433
719.0 0.0021669866328011267
720.0 0.0018938753783004358
721.0 0.0016207639419008046
722.0 0.0018280104995938018
723.0 0.0020352574210846797
724.0 0.0019704306396306492
725.0 0.0019056040400755592
726.0 0.002026544461841695
727.0 0.002147484883607831
728.0 0.002084351763187442
729.0 0.002021218642767053
730.0 0.0020636092813219875
731.0 0.002105999919876922
732.0 0.001999983942368999
733.0 0.0018939681467600167
734.0 0.0016331176084349863
735.0 0.0013722672520088963
736.0 0.0012485132174333557
737.0 0.0011247590009588748
738.0 0.0010888582437473815
739.0 0.0010529575774853583
740.0 0.0009131687875196803
741.0 0.000773379815655062
742.0 0.0007870094123063609
743.0 0.0008006389180081896
744.0 0.0008701324077264871
745.0 0.0009396261702931952
746.0 0.0009635650712880306
747.0 0.0009875040632323362
748.0 0.0011238443221373018
749.0 0.0012601847629412077
750.0 0.0010537652997300029
751.0 0.0008473462912661489
752.0 0.0008019677807169501
753.0 0.0007565894520666916
754.0 0.0008137318218359724
755.0 0.0008708741916052531
756.0 0.0008809077371552121
757.0 0.0008909411917557009
758.0 0.000852386983751785
759.0 0.0008138329576468095
760.0 0.0006133845090516843
761.0 0.0004129359240323538
762.0 0.0005618675913865445
763.0 0.00071079912231653
764.0 0.0008099656042759307
765.0 0.0009091324500332121
766.0 0.0007883694706833921
767.0 0.0006676067641819827
768.0 0.0005480846084537916
769.0 0.00042856245272560045
770.0 0.0004203289336146554
771.0 0.00041209541450371034
772.0 0.0005818167664983775
773.0 0.00075153825491725
774.0 0.0009000628779176623
775.0 0.0010485876373422798
776.0 0.0009154873623629101
777.0 0.0007823869964340702
778.0 0.000693570882503991
779.0 0.0006047549049981171
780.0 0.0005146077910467284
781.0 0.00042446063162060454
782.0 0.000505542038808926
783.0 0.0005866232640983071
784.0 0.0007346115125983488
785.0 0.0008825995791994501
786.0 0.0007799699233146384
787.0 0.0006773406767024426
788.0 0.0004779049049830064
789.0 0.00027846929242514307
790.0 0.00019679036995512433
791.0 0.0001151114474851056
792.0 0.00023721861452941084
793.0 0.0003593257815737161
794.0 0.00038996358853182755
795.0 0.0004206013727525715
796.0 0.0005200169198360527
797.0 0.0006194323304953286
798.0 0.0006281694368226454
799.0 0.0006369065886246972
800.0 0.000677196248943801
801.0 0.0007174860911618453
802.0 0.0006143796781543642
803.0 0.0005112734925205586
804.0 0.00040228519537777174
805.0 0.000293296989184455
806.0 0.00038981452235020697
807.0 0.00048633201004122384
808.0 0.0004869794338446809
809.0 0.00048762681217340287
810.0 0.00036610620099963853
811.0 0.00024458552161377156
812.0 0.00029350671866268385
813.0 0.0003424278929742286
814.0 0.0003470400770311244
815.0 0.00035165226108802017
816.0 0.0004191248990537133
817.0 0.0004865973551204661
818.0 0.0004121893653064035
819.0 0.0003377812845428707
820.0 0.0004418057415023213
821.0 0.0005458300620375667
822.0 0.000539189568371512
823.0 0.0005325491656549275
824.0 0.0004633833214029437
825.0 0.0003942174771509599
826.0 0.0005154625796421897
827.0 0.0006367077276081545
828.0 0.0005397414497565478
829.0 0.000442775126430206
830.0 0.0004234105745126726
831.0 0.0004040460225951392
832.0 0.0005417656211648136
833.0 0.000679485174259753
834.0 0.0005750629043177469
835.0 0.0004706406343757408
836.0 0.0004392020855448209
837.0 0.00040776367313810624
838.0 0.0004076156074006576
839.0 0.00040746763261267915
840.0 0.0006217141617526067
841.0 0.0008359606908925343
842.0 0.000464086269857944
843.0 9.221168397743895e-05
844.0 0.00017443617252865806
845.0 0.0002566606553955353
846.0 0.00046670197662024293
847.0 0.0006767434570065234
848.0 0.0005463543857331388
849.0 0.00041596535993448924
850.0 0.00046761147132201586
851.0 0.0005192575827095425
852.0 0.0005603605131909717
853.0 0.0006014630343997851
854.0 0.0006488167855422944
855.0 0.0006961704457353335
856.0 0.0005937394689681241
857.0 0.00049130862862512
858.0 0.0005792967385787051
859.0 0.0006672848940070253
860.0 0.0006000415851303842
861.0 0.0005327981853042729
862.0 0.0004585824626701651
863.0 0.0003843667400360573
864.0 0.00040710997382120695
865.0 0.0004298532076063566
866.0 0.00048148035602935124
867.0 0.0005331075954018161
868.0 0.0006462053988798289
869.0 0.0007593032933073118
870.0 0.0006101273356762249
871.0 0.0004609511961461976
872.0 0.00036769802136404905
873.0 0.0002744447101576952
874.0 0.0003804481593761011
875.0 0.000486451608594507
876.0 0.0006999000561336288
877.0 0.0009133484127232805
878.0 0.0007743079549982212
879.0 0.0006352674063236918
880.0 0.0006219885563041316
881.0 0.000608709979132982
882.0 0.0005818229965370847
883.0 0.0005549362867895979
884.0 0.0006159247732284712
885.0 0.0006769133960915497
886.0 0.0006814549124101177
887.0 0.0006859966561023612
888.0 0.0005936989055044251
889.0 0.0005014012913306942
890.0 0.0006249121724977158
891.0 0.0007484232355636777
892.0 0.0006341468633763725
893.0 0.0005198704457143322
894.0 0.0005142878308106447
895.0 0.0005087051704322221
896.0 0.00030035535019123927
897.0 9.200550721288892e-05
898.0 0.00026553377665550215
899.0 0.00043906206883548293
900.0 0.00035884463613911066
901.0 0.0002786272034427384
902.0 0.00051581673687906
903.0 0.0007530063612648519
904.0 0.00041391499507881235
905.0 7.48235606806702e-05
906.0 0.0003308954092062777
