lsstCam/transmission_filter_detector/r30_s00/g_6/19700101T000000.ecsv
# %ECSV 1.0
# ---
# datatype:
# - {name: wavelength, unit: nm, datatype: float32}
# - {name: efficiency, unit: '%', datatype: float64}
# meta: !!omap
# - {MODE: DETECTOR}
# - {TYPE: transmission_filter_detector}
# - {CALIBDATE: '1970-01-01T00:00:00'}
# - {INSTRUME: LSSTCam}
# - {OBSTYPE: transmission_filter_detector}
# - {CALIBCLS: lsst.ip.isr.IntermediateFilterDetectorTransmissionCurve}
# - {SOURCE: Materion (DM-46256)}
# - {DETECTOR: 117}
# - {FILTER: g_6}
# - {CALIB_ID: 'calibDate=1970-01-01T00:00:00 filter=g_6 detector=117'}
# - {DATE: '2025-04-02T15:59:42.569657'}
# - {CALIB_CREATION_DATE: '2025-04-02'}
# - {CALIB_CREATION_TIME: '15:59:42'}
# - __serialized_columns__:
#     efficiency:
#       __class__: astropy.units.quantity.Quantity
#       unit: !astropy.units.Unit {unit: '%'}
#       value: !astropy.table.SerializedColumn {name: efficiency}
#     wavelength:
#       __class__: astropy.units.quantity.Quantity
#       unit: !astropy.units.Unit {unit: nm}
#       value: !astropy.table.SerializedColumn {name: wavelength}
# schema: astropy-2.0
wavelength efficiency
300.0 0.36832105834037066
301.0 0.3126594703644514
302.0 0.25699788238853216
303.0 0.23917760699987411
304.0 0.22135733161121607
305.0 0.2222505398094654
306.0 0.22314374800771475
307.0 0.21707122214138508
308.0 0.2109986962750554
309.0 0.20303367637097836
310.0 0.1950686564669013
311.0 0.1962160225957632
312.0 0.19736334215849638
313.0 0.18562665209174156
314.0 0.17388995038345456
315.0 0.17285696230828762
316.0 0.17182397423312068
317.0 0.16938201151788235
318.0 0.1669400604441762
319.0 0.15824974980205297
320.0 0.14955943915992975
321.0 0.13880330370739102
322.0 0.1280471566133201
323.0 0.11662181932479143
324.0 0.10519645875319839
325.0 0.09291896130889654
326.0 0.08064145222306252
327.0 0.07215925143100321
328.0 0.06367705063894391
329.0 0.0616694800555706
330.0 0.059661915292963386
331.0 0.054923404240980744
332.0 0.05018488736823201
333.0 0.04767518548760563
334.0 0.045165480696596205
335.0 0.04275272658560425
336.0 0.04033997538499534
337.0 0.04053355078212917
338.0 0.040727126179262996
339.0 0.03972064587287605
340.0 0.038714162656106055
341.0 0.037355374661274254
342.0 0.035996586666442454
343.0 0.03272714966442436
344.0 0.029457712662406266
345.0 0.026176945539191365
346.0 0.022896179871167988
347.0 0.020980725821573287
348.0 0.019065271771978587
349.0 0.01758794824127108
350.0 0.5469878204166889
351.0 0.7964830845594406
352.0 0.6896967999637127
353.0 1.0140535421669483
354.0 0.6552235223352909
355.0 0.8341729640960693
356.0 0.7040360942482948
357.0 0.7109960075467825
358.0 0.5378496833145618
359.0 0.7947173900902271
360.0 0.4579794593155384
361.0 0.6608287338167429
362.0 0.5545296706259251
363.0 0.6706538144499063
364.0 0.5699034314602613
365.0 0.7829383946955204
366.0 0.433484697714448
367.0 0.6498218514025211
368.0 0.41891983710229397
369.0 0.5071847699582577
370.0 0.4484190605580807
371.0 0.6339279469102621
372.0 0.37971241399645805
373.0 0.5969562102109194
374.0 0.4187709651887417
375.0 0.5312403198331594
376.0 0.41175144724547863
377.0 0.4898807965219021
378.0 0.40596406906843185
379.0 0.5150999408215284
380.0 0.36046956665813923
381.0 0.5440565757453442
382.0 0.5826486740261316
383.0 0.5071504041552544
384.0 0.57939812541008
385.0 0.5823175888508558
386.0 0.738259544596076
387.0 0.7788204122334719
388.0 0.9830350056290627
389.0 1.351439394056797
390.0 2.038179896771908
391.0 3.1931035220623016
392.0 4.966428875923157
393.0 7.81157985329628
394.0 11.740777641534805
395.0 16.825756430625916
396.0 23.083429038524628
397.0 30.909788608551025
398.0 39.706552028656006
399.0 49.244481325149536
400.0 58.456045389175415
401.0 67.21378564834595
402.0 75.02450346946716
403.0 81.31036162376404
404.0 85.83148717880249
405.0 89.17693495750427
406.0 90.88948965072632
407.0 92.3115074634552
408.0 93.12809109687805
409.0 93.40840578079224
410.0 93.50327849388123
411.0 93.30825209617615
412.0 92.98827648162842
413.0 92.74142384529114
414.0 92.66980290412903
415.0 92.8581953048706
416.0 93.33975911140442
417.0 93.67127418518066
418.0 94.15047764778137
419.0 94.70394253730774
420.0 95.1623022556305
421.0 95.73830962181091
422.0 95.80268859863281
423.0 96.0067629814148
424.0 95.81251740455627
425.0 95.61652541160583
426.0 95.59547305107117
427.0 95.59696316719055
428.0 95.47170400619507
429.0 95.33295035362244
430.0 95.20853161811829
431.0 95.28530240058899
432.0 95.3875482082367
433.0 95.46915292739868
434.0 95.4985499382019
435.0 95.62297463417053
436.0 95.66940069198608
437.0 95.68496942520142
438.0 95.7570493221283
439.0 95.85680961608887
440.0 95.82766890525818
441.0 95.96975445747375
442.0 95.90694308280945
443.0 95.83905339241028
444.0 95.72510123252869
445.0 95.48847675323486
446.0 95.3666627407074
447.0 95.19209861755371
448.0 95.27757167816162
449.0 95.4993486404419
450.0 95.72999477386475
451.0 95.92389464378357
452.0 96.16740942001343
453.0 96.250319480896
454.0 96.31443619728088
455.0 96.60438895225525
456.0 96.67181372642517
457.0 96.84809446334839
458.0 96.80895209312439
459.0 96.84471487998962
460.0 96.81515097618103
461.0 96.92400693893433
462.0 96.82183861732483
463.0 96.7190146446228
464.0 96.84888124465942
465.0 96.74047827720642
466.0 96.71515822410583
467.0 96.73597812652588
468.0 96.75361514091492
469.0 96.79064750671387
470.0 96.62325978279114
471.0 96.50170803070068
472.0 96.54415249824524
473.0 96.48807644844055
474.0 96.38713598251343
475.0 96.49418592453003
476.0 96.49748802185059
477.0 96.58436179161072
478.0 96.72886729240417
479.0 96.7347800731659
480.0 96.8640923500061
481.0 96.92097902297974
482.0 97.10767865180969
483.0 97.02322483062744
484.0 97.21937775611877
485.0 97.22150564193726
486.0 97.25127816200256
487.0 97.24572896957397
488.0 97.27611541748047
489.0 97.42681980133057
490.0 97.36771583557129
491.0 97.41509556770325
492.0 97.38325476646423
493.0 97.38456606864929
494.0 97.33079671859741
495.0 97.4217176437378
496.0 97.24214673042297
497.0 97.16542363166809
498.0 96.96410298347473
499.0 97.0285952091217
500.0 96.97570204734802
501.0 96.97484970092773
502.0 96.89364433288574
503.0 97.0455527305603
504.0 96.85341119766235
505.0 96.86892628669739
506.0 96.89452052116394
507.0 96.83333039283752
508.0 96.85238599777222
509.0 96.8191385269165
510.0 96.77738547325134
511.0 96.8079686164856
512.0 96.71400785446167
513.0 96.82170748710632
514.0 96.72335982322693
515.0 96.80519104003906
516.0 96.94929718971252
517.0 96.94238901138306
518.0 96.98125123977661
519.0 97.00194001197815
520.0 97.05755114555359
521.0 97.14445471763611
522.0 97.1441924571991
523.0 97.09890484809875
524.0 97.081059217453
525.0 97.03089594841003
526.0 97.1426248550415
527.0 97.12311029434204
528.0 97.20210433006287
529.0 97.25761413574219
530.0 97.2643256187439
531.0 97.39336967468262
532.0 97.27594256401062
533.0 97.21136689186096
534.0 97.12446331977844
535.0 96.8378484249115
536.0 96.29642963409424
537.0 95.49707770347595
538.0 94.49883103370667
539.0 92.71982908248901
540.0 90.64997434616089
541.0 87.57370114326477
542.0 84.47967767715454
543.0 80.47659993171692
544.0 75.71653723716736
545.0 71.5146005153656
546.0 66.65334105491638
547.0 62.30485439300537
548.0 58.077532052993774
549.0 54.38660383224487
550.0 51.50793194770813
551.0 48.626384139060974
552.0 46.23652100563049
553.0 43.50574612617493
554.0 40.21009802818298
555.0 36.566197872161865
556.0 31.922194361686707
557.0 26.787880063056946
558.0 21.439987421035767
559.0 16.39726608991623
560.0 11.769917607307434
561.0 7.69171267747879
562.0 4.745176061987877
563.0 2.6676617562770844
564.0 1.4074483886361122
565.0 0.6703031715005636
566.0 0.37332559004426
567.0 0.19376903073862195
568.0 0.11866850545629859
569.0 0.07474519079551101
570.0 0.06135962321422994
571.0 0.04763781907968223
572.0 0.04576342471409589
573.0 0.022896660084370524
574.0 0.03546793304849416
575.0 0.026406889082863927
576.0 0.02180190058425069
577.0 0.0201753486180678
578.0 0.02942073333542794
579.0 0.023621968284714967
580.0 0.02272415440529585
581.0 0.017554381338413805
582.0 0.012945111666340381
583.0 0.013170810416340828
584.0 0.02004678826779127
585.0 0.011167026968905702
586.0 0.01433345751138404
587.0 0.015856639947742224
588.0 0.020400526409503073
589.0 0.009711096936371177
590.0 0.023645153851248324
591.0 0.0061667029513046145
592.0 0.010318261774955317
593.0 0.009189097909256816
594.0 0.005877863077330403
595.0 0.008846922719385475
596.0 0.011736313172150403
597.0 0.004477222319110297
598.0 0.009013847738970071
599.0 0.01308189530391246
600.0 0.009392815263709053
601.0 0.002001295069931075
602.0 0.002008446608670056
603.0 0.0020155979655100964
604.0 0.001910675928229466
605.0 0.001805753527150955
606.0 0.0018699920474318787
607.0 0.0019342305677128024
608.0 0.001761426574375946
609.0 0.001588622217241209
610.0 0.001733440331008751
611.0 0.0018782584447762929
612.0 0.0017989750631386414
613.0 0.0017196914996020496
614.0 0.0017273139746976085
615.0 0.001734936267894227
616.0 0.0016244297512457706
617.0 0.001513923143647844
618.0 0.0015823612557142042
619.0 0.0016507998225279152
620.0 0.001575940041220747
621.0 0.0015010801689641085
622.0 0.0013455841326504014
623.0 0.0011900877325388137
624.0 0.0012833078471885528
625.0 0.0013765281437372323
626.0 0.0013733950254390948
627.0 0.001370261816191487
628.0 0.0013752211089013144
629.0 0.0013801803106616717
630.0 0.0013859190403309185
631.0 0.001391657588101225
632.0 0.0013938929441792425
633.0 0.0013961285731056705
634.0 0.0013343397768039722
635.0 0.001272551071451744
636.0 0.0012855104614573065
637.0 0.001298469851462869
638.0 0.001199210873892298
639.0 0.0010999519872711971
640.0 0.001117329429689562
641.0 0.0011347067811584566
642.0 0.0011502219422254711
643.0 0.0011657371032924857
644.0 0.0011506495866342448
645.0 0.0011355625247233547
646.0 0.0011628667380136903
647.0 0.0011901710422534961
648.0 0.0012901420632260852
649.0 0.0013901129022997338
650.0 0.0012681462976615876
651.0 0.0011461796930234414
652.0 0.0011944561265408993
653.0 0.0012427327419572975
654.0 0.0011563666703295894
655.0 0.0010700007806008216
656.0 0.001018918919726275
657.0 0.0009678373317001387
658.0 0.0010327490599593148
659.0 0.001097660879167961
660.0 0.0010465450941410381
661.0 0.0009954294000635855
662.0 0.0010874377949221525
663.0 0.0011794460988312494
664.0 0.0011961133168369997
665.0 0.0012127801710448693
666.0 0.0011822137821582146
667.0 0.0011516472113726195
668.0 0.0011613736205617897
669.0 0.0011711001207004301
670.0 0.001200798124045832
671.0 0.0012304962183407042
672.0 0.0011784883099608123
673.0 0.0011264804015809204
674.0 0.0010678973012545612
675.0 0.0010093141099787317
676.0 0.0010547710189712234
677.0 0.0011002274732163642
678.0 0.0010355417543905787
679.0 0.0009708561265142635
680.0 0.0009662753654993139
681.0 0.0009616948773327749
682.0 0.0010563792784523685
683.0 0.0011510638614709023
684.0 0.0010520113391976338
685.0 0.0009529590897727758
686.0 0.0009541451618133578
687.0 0.0009553312338539399
688.0 0.000941357939154841
689.0 0.0009273844625568017
690.0 0.0010355373888160102
691.0 0.0011436904060246889
692.0 0.0011293121133348905
693.0 0.0011149340025440324
694.0 0.0010816625945153646
695.0 0.0010483914593351074
696.0 0.0011393871318432502
697.0 0.0012303829862503335
698.0 0.001205187709274469
699.0 0.0011799923413491342
700.0 0.0012199265256640501
701.0 0.0012598608009284362
702.0 0.0012152268027421087
703.0 0.001170592713606311
704.0 0.0011153697414556518
705.0 0.0010601465874060523
706.0 0.0010709497473726515
707.0 0.0010817529073392507
708.0 0.001143847930507036
709.0 0.001205943317472702
710.0 0.0012606367818079889
711.0 0.0013153306099411566
712.0 0.0013204948118072934
713.0 0.0013256589227239601
714.0 0.0013293981282913592
715.0 0.0013331374248082284
716.0 0.001408934622304514
717.0 0.0014847319107502699
718.0 0.0017309095710515976
719.0 0.001977087595150806
720.0 0.001745739245961886
721.0 0.0015143908058234956
722.0 0.0015355948562500998
723.0 0.0015567988157272339
724.0 0.0016264191799564287
725.0 0.0016960391803877428
726.0 0.0017236121493624523
727.0 0.0017511845726403408
728.0 0.0019092527509201318
729.0 0.002067320565402042
730.0 0.0019748475097003393
731.0 0.0018823746358975768
732.0 0.0017841701264842413
733.0 0.0016859659808687866
734.0 0.0014928447853890248
735.0 0.0012997234989597928
736.0 0.0011794261808972806
737.0 0.0010591290447337087
738.0 0.0010329691576771438
739.0 0.0010068095434689894
740.0 0.0009767322808329482
741.0 0.0009466547453484964
742.0 0.0009616908755560871
743.0 0.0009767273695615586
744.0 0.0009422964467376005
745.0 0.0009078655239136424
746.0 0.0008220219569921028
747.0 0.000736178299121093
748.0 0.000851713957672473
749.0 0.0009672494343249127
750.0 0.0010149862646358088
751.0 0.0010627232768456452
752.0 0.0009267262612411287
753.0 0.0007907290637376718
754.0 0.0007948340680741239
755.0 0.0007989389814611059
756.0 0.0007786789865349419
757.0 0.0007584191735077184
758.0 0.0008222278665925842
759.0 0.0008860366506269202
760.0 0.0008664605957164895
761.0 0.0008468843589071184
762.0 0.0008197664101317059
763.0 0.0007926485523057636
764.0 0.0007182184617704479
765.0 0.0006437885531340726
766.0 0.0005866307674295967
767.0 0.0005294728907756507
768.0 0.0006175254384288564
769.0 0.000705577940607327
770.0 0.0007291146630450385
771.0 0.0007526514764322201
772.0 0.000689724492985988
773.0 0.0006267974185902858
774.0 0.000610294637226616
775.0 0.0005937919922871515
776.0 0.0006462560122599825
777.0 0.0006987201231822837
778.0 0.0006426170330087189
779.0 0.0005865140337846242
780.0 0.0006455823495343793
781.0 0.0007046506198093994
782.0 0.0005617924671241781
783.0 0.0004189342689642217
784.0 0.00031705174023954896
785.0 0.00021516923425224377
786.0 0.0002786452569125686
787.0 0.0003421212795728934
788.0 0.00032660402666806476
789.0 0.00031108679650060367
790.0 0.0003425445584070985
791.0 0.00037400236578832846
792.0 0.0003486427658572211
793.0 0.0003232831659261137
794.0 0.00029236043701530434
795.0 0.0002614376853671274
796.0 0.0002603472239570692
797.0 0.000259256762547011
798.0 0.00029693630949623184
799.0 0.00033461590192018775
800.0 0.0004232023002259666
801.0 0.0005117887667438481
802.0 0.00043545273911149707
803.0 0.0003591167342165136
804.0 0.00044299767978372984
805.0 0.0005268786026135786
806.0 0.0004955180429533357
807.0 0.0004641574832930928
808.0 0.00043571994865487795
809.0 0.0004072824594913982
810.0 0.0003161103677484789
811.0 0.0002249382305308245
812.0 0.0003102131358900806
813.0 0.00039548808672407176
814.0 0.0004004233232990373
815.0 0.0004053585598740028
816.0 0.000522841628480819
817.0 0.0006403247425623704
818.0 0.00047437297325814143
819.0 0.00030842118121654494
820.0 0.0002882356056943536
821.0 0.0002680500074347947
822.0 0.00041713929022080265
823.0 0.0005662284365826054
824.0 0.00048685465117159765
825.0 0.00040748082028585486
826.0 0.0004463439381652279
827.0 0.0004852070560446009
828.0 0.00043937648115388583
829.0 0.00039354590626317076
830.0 0.00034259740004927153
831.0 0.0002916488483606372
832.0 0.000241739417106146
833.0 0.00019183000858902233
834.0 0.00018388592479823274
835.0 0.00017594176142665674
836.0 0.0003072598474318511
837.0 0.0004385778993309941
838.0 0.0005064726337877801
839.0 0.000574367368244566
840.0 0.000470102122562821
841.0 0.000365836876881076
842.0 0.00039232040762726683
843.0 0.00041880398384819273
844.0 0.0004770585746882716
845.0 0.0005353131655283505
846.0 0.00045656011025130283
847.0 0.000377806964024785
848.0 0.0004324097972130403
849.0 0.0004870125849265605
850.0 0.00040656523196958005
851.0 0.0003261178335378645
852.0 0.00026754357804747997
853.0 0.0002089692998197279
854.0 0.0003571554316295078
855.0 0.0005053415407019202
856.0 0.00032498610380571336
857.0 0.00014463067827819032
858.0 0.0002506807277313783
859.0 0.00035673081129061757
860.0 0.00041504372347844765
861.0 0.0004733565674541751
862.0 0.0005074058208265342
863.0 0.0005414550287241582
864.0 0.0005245872671366669
865.0 0.0005077194600744406
866.0 0.000542491670785239
867.0 0.0005772637450718321
868.0 0.0004359865215519676
869.0 0.0002947091843452654
870.0 0.00035470116017677356
871.0 0.00041469320422038436
872.0 0.00042298470361856744
873.0 0.0004312762484914856
874.0 0.0005795173365186201
875.0 0.0007277584700204898
876.0 0.0005691064416168956
877.0 0.00041045445868803654
878.0 0.0005335792593541555
879.0 0.0006567041054950096
880.0 0.0006843631126685068
881.0 0.0007120223017409444
882.0 0.0005330419298843481
883.0 0.0003540616262398544
884.0 0.0004018937488581287
885.0 0.00044972584873903543
886.0 0.0005391520517150639
887.0 0.0006285783001658274
888.0 0.0006120069429016439
889.0 0.0005954355401627254
890.0 0.0006213789220055332
891.0 0.0006473223038483411
892.0 0.0006429993391066091
893.0 0.0006386764198396122
894.0 0.00048758010962046683
895.0 0.0003364838903507916
896.0 0.0003542536433087662
897.0 0.0003720234190041083
898.0 0.0003630467062976095
899.0 0.00035406997085374314
900.0 0.0003679311021187459
901.0 0.00038179227885848377
902.0 0.0004079469363205135
903.0 0.0004341015937825432
904.0 0.0004727113264380023
905.0 0.0005113210136187263
