lsstCam/transmission_filter_detector/r30_s00/g_6/19700101T000000.ecsv
# %ECSV 1.0
# ---
# datatype:
# - {name: wavelength, unit: nm, datatype: float32}
# - {name: efficiency, unit: '%', datatype: float64}
# meta: !!omap
# - {MODE: DETECTOR}
# - {TYPE: transmission_filter_detector}
# - {CALIBDATE: '1970-01-01T00:00:00'}
# - {INSTRUME: LSSTCam}
# - {OBSTYPE: transmission_filter_detector}
# - {CALIBCLS: lsst.ip.isr.IntermediateFilterDetectorTransmissionCurve}
# - {SOURCE: Materion (DM-46256)}
# - {DETECTOR: 117}
# - {FILTER: g_6}
# - {CALIB_ID: 'calibDate=1970-01-01T00:00:00 filter=g_6 detector=117'}
# - {DATE: '2025-04-02T15:59:42.569657'}
# - {CALIB_CREATION_DATE: '2025-04-02'}
# - {CALIB_CREATION_TIME: '15:59:42'}
# - __serialized_columns__:
#     efficiency:
#       __class__: astropy.units.quantity.Quantity
#       unit: !astropy.units.Unit {unit: '%'}
#       value: !astropy.table.SerializedColumn {name: efficiency}
#     wavelength:
#       __class__: astropy.units.quantity.Quantity
#       unit: !astropy.units.Unit {unit: nm}
#       value: !astropy.table.SerializedColumn {name: wavelength}
# schema: astropy-2.0
wavelength efficiency
[from data line 607]
907.0 0.0005480476374941645
908.0 0.00047222806642821524
909.0 0.00039640849536226597
910.0 0.0003675965217553312
911.0 0.00033878457088576397
912.0 0.00039830902096582577
913.0 0.00045783340283378493
914.0 0.00043175027713004965
915.0 0.0004056671059515793
916.0 0.0003994905000581639
917.0 0.00039331398511421867
918.0 0.00035486573324305937
919.0 0.00031641757232137024
920.0 0.0003882479177264031
921.0 0.00046007821765670087
922.0 0.0004122783138882369
923.0 0.0003644783646450378
924.0 0.00039371534512611106
925.0 0.00042295228013244923
926.0 0.00040575018829258624
927.0 0.00038854809645272326
928.0 0.0005318956027622335
929.0 0.0006752432000212139
930.0 0.0005353095730242785
931.0 0.00039537603697681334
932.0 0.00040502359297533985
933.0 0.00041467123992333654
934.0 0.0005455419795907801
935.0 0.0006764128102076938
936.0 0.00051602960411401
937.0 0.00035564648896979634
938.0 0.00042945803215843625
939.0 0.0005032696662965463
940.0 0.0005948411399003817
941.0 0.000686412613504217
942.0 0.0006595608283532783
943.0 0.0006327089977276046
944.0 0.0007622692919539986
945.0 0.0008918294042814523
946.0 0.0008811756742943544
947.0 0.0008705219443072565
948.0 0.0008005048584891483
949.0 0.0007304878636205103
950.0 0.0007529087724833516
951.0 0.0007753295903967228
952.0 0.0008607842573837843
953.0 0.0009462389243708458
954.0 0.0007849817848182283
955.0 0.0006237244633666705
956.0 0.0005813350526295835
957.0 0.0005389456418924965
958.0 0.0006681571449007606
959.0 0.0007973686479090247
960.0 0.00075160751293879
961.0 0.00070584624154435
962.0 0.0007196729256975232
963.0 0.000733499473426491
964.0 0.0006542982191604096
965.0 0.0005750967375206528
966.0 0.0005972547569399467
967.0 0.0006194127763592405
968.0 0.0006116659733379493
969.0 0.0006039192157913931
970.0 0.0006136331194284139
971.0 0.0006233470685401699
972.0 0.0007045554866635939
973.0 0.0007857638593122829
974.0 0.0008536942004866432
975.0 0.0009216245416610036
976.0 0.0008284440809802618
977.0 0.0007352637112489901
978.0 0.0008998706107377075
979.0 0.0010644774192769546
980.0 0.0009921586752170697
981.0 0.0009198398402077146
982.0 0.0009309779670729768
983.0 0.0009421161848877091
984.0 0.0011048912710975856
985.0 0.0012676665392064024
986.0 0.0012867467376054265
987.0 0.0013058269360044505
988.0 0.0013194030543672852
989.0 0.0013329790817806497
990.0 0.0014054055100132246
991.0 0.001477831756346859
992.0 0.001501757105870638
993.0 0.0015256822734954767
994.0 0.0015708954379078932
995.0 0.0016161086023203097
996.0 0.0015379970136564225
997.0 0.0014598848792957142
998.0 0.0013835343452228699
999.0 0.0013071839020994958
1000.0 0.0013411541658570059
1001.0 0.0013751243386650458
1002.0 0.0013800447050016373
1003.0 0.0013849650713382289
1004.0 0.001333747695753118
1005.0 0.0012825304111174773
1006.0 0.001366646301903529
1007.0 0.0014507621017401107
1008.0 0.0013839958228345495
1009.0 0.0013172296348784585
1010.0 0.0014746265151188709
1011.0 0.0016320236682076938
1012.0 0.0016629552192171104
1013.0 0.001693886770226527
1014.0 0.0019802828319370747
1015.0 0.0022666788936476223
1016.0 0.002308957846253179
1017.0 0.002351236435060855
1018.0 0.002496043816790916
1019.0 0.002640851198520977
1020.0 0.003016769915120676
1021.0 0.003392688449821435
1022.0 0.003434963946347125
1023.0 0.003477239442872815
1024.0 0.003576640665414743
1025.0 0.0036760418879566714
1026.0 0.0038645313907181844
1027.0 0.004053020529681817
1028.0 0.004385073407320306
1029.0 0.004717126284958795
1030.0 0.004652475399780087
1031.0 0.00458782451460138
1032.0 0.004778165020979941
1033.0 0.0049685051635606214
1034.0 0.005115697058499791
1035.0 0.005262888589641079
1036.0 0.005447536022984423
1037.0 0.0056321830925298855
1038.0 0.005800451981485821
1039.0 0.005968720870441757
1040.0 0.006065660636522807
1041.0 0.0061626000388059765
1042.0 0.006294196646194905
1043.0 0.006425792525988072
1044.0 0.006874505925225094
1045.0 0.007323219324462116
1046.0 0.008008368604350835
1047.0 0.008693517884239554
1048.0 0.009654416498960927
1049.0 0.0106153151136823
1050.0 0.012534204870462418
1051.0 0.014453094627242535
1052.0 0.01735379919409752
1053.0 0.020254505216144025
1054.0 0.024351937463507056
1055.0 0.02844936680048704
1056.0 0.034131939173676074
1057.0 0.03981450863648206
1058.0 0.046878503053449094
1059.0 0.05394249456003308
1060.0 0.06207515252754092
1061.0 0.07020783377811313
1062.0 0.0774792570155114
1063.0 0.08475066861137748
1064.0 0.09103566408157349
1065.0 0.09732063044793904
1066.0 0.10290030622854829
1067.0 0.10847998782992363
1068.0 0.11564940214157104
1069.0 0.12281882809475064
1070.0 0.13284655287861824
1071.0 0.14287428930401802
1072.0 0.15475249383598566
1073.0 0.1666306983679533
1074.0 0.18080184236168861
1075.0 0.1949729979969561
1076.0 0.20824202802032232
1077.0 0.22151109296828508
1078.0 0.23317192681133747
1079.0 0.2448327373713255
1080.0 0.25916071608662605
1081.0 0.2734886482357979
1082.0 0.29245135374367237
1083.0 0.31141405925154686
1084.0 0.34503662027418613
1085.0 0.3786592045798898
1086.0 0.41352282278239727
1087.0 0.44838646426796913
1088.0 0.49977488815784454
1089.0 0.55116331204772
1090.0 0.6262719631195068
1091.0 0.7013806141912937
1092.0 0.7535955868661404
1093.0 0.8058106526732445
1094.0 0.8433233946561813
1095.0 0.8808362297713757
1096.0 0.9245119988918304
1097.0 0.9681875817477703
1098.0 1.038998831063509
1099.0 1.1098099872469902
1100.0 1.2208784930408
1101.0 1.331947185099125
