lsstCam/transmission_filter_detector/r23_s01/y_10/19700101T000000.ecsv
# %ECSV 1.0
# ---
# datatype:
# - {name: wavelength, unit: nm, datatype: float32}
# - {name: efficiency, unit: '%', datatype: float64}
# meta: !!omap
# - {MODE: DETECTOR}
# - {TYPE: transmission_filter_detector}
# - {CALIBDATE: '1970-01-01T00:00:00'}
# - {INSTRUME: LSSTCam}
# - {OBSTYPE: transmission_filter_detector}
# - {CALIBCLS: lsst.ip.isr.IntermediateFilterDetectorTransmissionCurve}
# - {SOURCE: Materion (DM-46256)}
# - {DETECTOR: 100}
# - {FILTER: y_10}
# - {CALIB_ID: 'calibDate=1970-01-01T00:00:00 filter=y_10 detector=100'}
# - {DATE: '2025-04-02T15:59:51.206490'}
# - {CALIB_CREATION_DATE: '2025-04-02'}
# - {CALIB_CREATION_TIME: '15:59:51'}
# - __serialized_columns__:
#     efficiency:
#       __class__: astropy.units.quantity.Quantity
#       unit: !astropy.units.Unit {unit: '%'}
#       value: !astropy.table.SerializedColumn {name: efficiency}
#     wavelength:
#       __class__: astropy.units.quantity.Quantity
#       unit: !astropy.units.Unit {unit: nm}
#       value: !astropy.table.SerializedColumn {name: wavelength}
# schema: astropy-2.0
wavelength efficiency
[from data line 582]
882.0 0.05533447256311774
883.0 0.0994283240288496
884.0 0.06980394246056676
885.0 0.09502549073658884
886.0 0.0797707645688206
887.0 0.09716966305859387
888.0 0.06351670599542558
889.0 0.11281513143330812
890.0 0.08474813657812774
891.0 0.0832030433230102
892.0 0.06890790536999702
893.0 0.09889809880405664
894.0 0.07957630441524088
895.0 0.11522623244673014
896.0 0.07824465865269303
897.0 0.11867225402966142
898.0 0.09610354318283498
899.0 0.1215365482494235
900.0 0.11611793888732791
901.0 0.15525497728958726
902.0 0.18333650659769773
903.0 0.1939641311764717
904.0 0.22866628132760525
905.0 0.29311643447726965
906.0 0.3680396359413862
907.0 0.4681260325014591
908.0 0.6437008734792471
909.0 0.8749861270189285
910.0 1.2704364024102688
911.0 1.8343014642596245
912.0 2.6839729398489
913.0 3.9330676198005676
914.0 5.372091755270958
915.0 7.431836426258087
916.0 9.829860180616379
917.0 12.40067332983017
918.0 15.24638831615448
919.0 17.93350875377655
920.0 21.571587026119232
921.0 25.378134846687317
922.0 29.29442822933197
923.0 33.94100069999695
924.0 38.97542655467987
925.0 44.47057247161865
926.0 50.96172094345093
927.0 57.83354640007019
928.0 63.769400119781494
929.0 70.06516456604004
930.0 75.48089623451233
931.0 80.71298003196716
932.0 85.37876605987549
933.0 89.2785131931305
934.0 92.01580286026001
935.0 93.89909505844116
936.0 95.26066184043884
937.0 96.24561071395874
938.0 96.80901169776917
939.0 97.00130820274353
940.0 97.32879996299744
941.0 97.40614295005798
942.0 97.63413071632385
943.0 97.6642370223999
944.0 97.86763191223145
945.0 97.80758619308472
946.0 97.78732061386108
947.0 97.80123233795166
948.0 97.97939658164978
949.0 97.83706068992615
950.0 98.02865386009216
951.0 98.0690062046051
952.0 98.12169075012207
953.0 98.29550981521606
954.0 98.40435981750488
955.0 98.44419360160828
956.0 98.62005114555359
957.0 98.8253116607666
958.0 98.96530508995056
959.0 98.96708726882935
960.0 99.03168082237244
961.0 99.07050132751465
962.0 99.1424024105072
963.0 99.17088150978088
964.0 99.16136860847473
965.0 99.18411374092102
966.0 99.26480650901794
967.0 99.34646487236023
968.0 99.3085265159607
969.0 99.27690029144287
970.0 99.36083555221558
971.0 99.40122961997986
972.0 99.41806197166443
973.0 99.54975247383118
974.0 99.52616691589355
975.0 99.4864821434021
976.0 99.54031109809875
977.0 99.49510097503662
978.0 99.53648447990417
979.0 99.48253035545349
980.0 99.4671642780304
981.0 99.34619665145874
982.0 99.284428358078
983.0 99.318927526474
984.0 99.26528930664062
985.0 99.30949211120605
986.0 99.16151165962219
987.0 99.23740029335022
988.0 99.18298125267029
989.0 99.19167757034302
990.0 99.1400420665741
991.0 99.19312596321106
992.0 99.27259683609009
993.0 99.20913577079773
994.0 99.21196699142456
995.0 99.23622012138367
996.0 99.24729466438293
997.0 99.36900734901428
998.0 99.38481450080872
999.0 99.43186044692993
1000.0 99.45855140686035
1001.0 99.43667650222778
1002.0 99.52666759490967
1003.0 99.50530529022217
1004.0 99.59483742713928
1005.0 99.49302077293396
1006.0 99.61342215538025
1007.0 99.58862066268921
1008.0 99.54254627227783
1009.0 99.48797225952148
1010.0 99.54223036766052
1011.0 99.53591823577881
1012.0 99.39492344856262
1013.0 99.47407245635986
1014.0 99.39942359924316
1015.0 99.37276244163513
1016.0 99.38529133796692
1017.0 99.45393800735474
1018.0 99.45262670516968
1019.0 99.41418170928955
1020.0 99.45410490036011
1021.0 99.6200680732727
1022.0 99.51630234718323
1023.0 99.47243332862854
1024.0 99.49741959571838
1025.0 99.52759742736816
1026.0 99.62288737297058
1027.0 99.64748024940491
1028.0 99.62103366851807
1029.0 99.69809651374817
1030.0 99.70889091491699
1031.0 99.6597409248352
1032.0 99.6708869934082
1033.0 99.67052936553955
1034.0 99.66604709625244
1035.0 99.72743391990662
1036.0 99.6354341506958
1037.0 99.61621761322021
1038.0 99.64359402656555
1039.0 99.59280490875244
1040.0 99.39480423927307
1041.0 99.62100982666016
1042.0 99.52095150947571
1043.0 99.46454167366028
1044.0 99.47647452354431
1045.0 99.26764965057373
1046.0 99.4623064994812
1047.0 99.36150908470154
1048.0 99.51598644256592
1049.0 99.36797022819519
1050.0 99.39236640930176
1051.0 99.41626191139221
1052.0 99.33261275291443
1053.0 99.20271635055542
1054.0 99.48172569274902
1055.0 99.57455396652222
1056.0 99.42549467086792
1057.0 99.52917098999023
1058.0 99.25163388252258
1059.0 99.35147166252136
1060.0 99.47565793991089
1061.0 99.32212829589844
1062.0 99.31584000587463
1063.0 99.36189651489258
1064.0 99.45354461669922
1065.0 99.35803413391113
1066.0 99.41158890724182
1067.0 99.5249330997467
1068.0 99.37108755111694
1069.0 99.11549687385559
1070.0 99.63911175727844
1071.0 99.30498600006104
1072.0 99.34073686599731
1073.0 99.49224591255188
1074.0 99.15024042129517
1075.0 99.15645718574524
1076.0 98.95492792129517
1077.0 99.26764965057373
1078.0 99.63492751121521
1079.0 99.22205209732056
1080.0 99.59544539451599
1081.0 98.96400570869446
1082.0 99.17212724685669
1083.0 98.96658062934875
1084.0 99.42217469215393
1085.0 99.30694103240967
1086.0 99.00484085083008
1087.0 99.13398027420044
1088.0 99.03672933578491
1089.0 98.88392686843872
1090.0 98.83326292037964
1091.0 99.15211796760559
1092.0 99.04594421386719
1093.0 98.83626699447632
1094.0 98.93004894256592
1095.0 98.69012236595154
1096.0 98.88696670532227
1097.0 98.50039482116699
1098.0 98.00483584403992
1099.0 98.8938570022583
1100.0 98.20164442062378
