lsstCam/transmission_filter_detector/r23_s01/y_10/19700101T000000.ecsv
# %ECSV 1.0
# ---
# datatype:
# - {name: wavelength, unit: nm, datatype: float32}
# - {name: efficiency, unit: '%', datatype: float64}
# meta: !!omap
# - {MODE: DETECTOR}
# - {TYPE: transmission_filter_detector}
# - {CALIBDATE: '1970-01-01T00:00:00'}
# - {INSTRUME: LSSTCam}
# - {OBSTYPE: transmission_filter_detector}
# - {CALIBCLS: lsst.ip.isr.IntermediateFilterDetectorTransmissionCurve}
# - {SOURCE: Materion (DM-46256)}
# - {DETECTOR: 100}
# - {FILTER: y_10}
# - {CALIB_ID: 'calibDate=1970-01-01T00:00:00 filter=y_10 detector=100'}
# - {DATE: '2025-04-02T15:59:51.206490'}
# - {CALIB_CREATION_DATE: '2025-04-02'}
# - {CALIB_CREATION_TIME: '15:59:51'}
# - __serialized_columns__:
#     efficiency:
#       __class__: astropy.units.quantity.Quantity
#       unit: !astropy.units.Unit {unit: '%'}
#       value: !astropy.table.SerializedColumn {name: efficiency}
#     wavelength:
#       __class__: astropy.units.quantity.Quantity
#       unit: !astropy.units.Unit {unit: nm}
#       value: !astropy.table.SerializedColumn {name: wavelength}
# schema: astropy-2.0
wavelength efficiency
300.0 0.529538793489337
301.0 0.2841131994500756
302.0 0.03868757630698383
303.0 0.03400017449166626
304.0 0.029312781407497823
305.0 0.019154470646753907
306.0 0.008996156248031184
307.0 0.01612646592548117
308.0 0.023256773420143872
309.0 0.017473667685408145
310.0 0.01169055831269361
311.0 0.009298665827373043
312.0 0.00690677115926519
313.0 0.006361187843140215
314.0 0.005815603799419478
315.0 0.005769207200501114
316.0 0.005722813148167916
317.0 0.005953660365776159
318.0 0.006184503581607714
319.0 0.0036371751775732264
320.0 0.0010898452273977455
321.0 0.002480901821400039
322.0 0.003871958688250743
323.0 0.0027414236683398485
324.0 0.0016108886484289542
325.0 0.00014335181504065986
326.0 1.5870244571628e-10
327.0 0.0005344521468941821
328.0 0.002393089744145982
329.0 0.0037228215660434216
330.0 0.005052553751738742
331.0 0.004263388836989179
332.0 0.003474223558441736
333.0 0.0028858004952780902
334.0 0.0022973763407208025
335.0 0.0021070072762086056
336.0 0.0019166385754942894
337.0 0.0025431636458961293
338.0 0.0031696883525000885
339.0 0.0014603907402488403
340.0 1.5870244571628e-10
341.0 1.5870244571628e-10
342.0 1.5870244571628e-10
343.0 0.00039994320104597136
344.0 0.0009574153409630526
345.0 0.001207293553306954
346.0 0.0014571724022971466
347.0 0.0015503057511523366
348.0 0.0016434387362096459
349.0 0.0014339027075038757
350.0 0.001224366405949695
351.0 0.0014811508663115092
352.0 0.0017379348719259724
353.0 0.0014718326383444946
354.0 0.001205730495712487
355.0 0.0012197722753626294
356.0 0.0012338140550127719
357.0 0.0010034787919721566
358.0 0.0007731435289315414
359.0 0.000894082313607214
360.0 0.0010150210982828867
361.0 0.001307109687331831
362.0 0.0015991981854313053
363.0 0.001374459043290699
364.0 0.0011497197192511521
365.0 0.001362545935990056
366.0 0.0015753728803247213
367.0 0.002100387428072281
368.0 0.0026254017939209007
369.0 0.0021903390006627887
370.0 0.0017552763893036172
371.0 0.0016876027075340971
372.0 0.0016199286619666964
373.0 0.002094778756145388
374.0 0.0025696288503240794
375.0 0.003479214137769304
376.0 0.004388799425214529
377.0 0.004280300345271826
378.0 0.0041718012653291225
379.0 0.0036026616726303473
380.0 0.0030335218980326317
381.0 0.00206378499569837
382.0 0.0010940477295662276
383.0 0.0011035632269340567
384.0 0.0011130784514534753
385.0 0.0008575845640734769
386.0 0.0006020905402692733
387.0 0.0006041565029590856
388.0 0.0006062225565983681
389.0 0.0004921583240502514
390.0 0.00037809422792633995
391.0 0.0004493458163778996
392.0 0.0005205974957789294
393.0 0.0005673089162883116
394.0 0.0006140205186966341
395.0 0.0006153500635264209
396.0 0.0006166796083562076
397.0 0.0008322163012053352
398.0 0.0010477529031049926
399.0 0.0012285951015655883
400.0 0.0014094373909756541
401.0 0.0016444117136416025
402.0 0.0018793862182064913
403.0 0.0018731852833298035
404.0 0.0018669847122509964
405.0 0.001793601222743746
406.0 0.0017202180970343761
407.0 0.0014269252460508142
408.0 0.0011336325769661926
409.0 0.0008828010322758928
410.0 0.0006319692602119176
411.0 0.0006066627065592911
412.0 0.0005813561529066646
413.0 0.0009067073733604047
414.0 0.0012320585483394098
415.0 0.0017736727386363782
416.0 0.002315287201781757
417.0 0.0011884603736689314
418.0 6.163356829347322e-05
419.0 1.5870244571628e-10
420.0 1.5870244571628e-10
421.0 1.5870244571628e-10
422.0 0.0011871465176227503
423.0 0.0009578091521689203
424.0 0.0007284714683919447
425.0 0.00020327358924987493
426.0 1.5870244571628e-10
427.0 2.3859570319473278e-05
428.0 0.00036964358969271416
429.0 1.5870244571628e-10
430.0 1.5870244571628e-10
431.0 0.0001080731976799143
432.0 0.001418254123564111
433.0 0.0009323210178990848
434.0 0.00044638850340561476
435.0 1.5870244571628e-10
436.0 1.5870244571628e-10
437.0 1.5870244571628e-10
438.0 1.5870244571628e-10
439.0 1.5870244571628e-10
440.0 1.5870244571628e-10
441.0 1.5870244571628e-10
442.0 1.5870244571628e-10
443.0 1.5870244571628e-10
444.0 0.0008050106771406718
445.0 0.0004056057605339447
446.0 6.200872348927078e-06
447.0 0.0005380801667342894
448.0 0.0010699593076424208
449.0 0.0009725789823278319
450.0 0.0008751982932153624
451.0 0.0004375761363917263
452.0 1.5870244571628e-10
453.0 1.5870244571628e-10
454.0 1.5870244571628e-10
455.0 1.5870244571628e-10
456.0 0.00011566056627998478
457.0 0.00015903500525382697
458.0 0.0002024093873842503
459.0 0.0001455024971619423
460.0 8.859560125529242e-05
461.0 0.0003343364369357005
462.0 0.0005800772214570316
463.0 0.0006731327175657498
464.0 0.0007661883500986733
465.0 0.0008657067155581899
466.0 0.0009652250810177065
467.0 0.0012228279956616461
468.0 0.0014804307284066454
469.0 0.0016429990864708088
470.0 0.0018055670807370916
471.0 0.0018009604900726117
472.0 0.0017963537175091915
473.0 0.0022688385797664523
474.0 0.0027413236239226535
475.0 0.0027234027584199794
476.0 0.002705481711018365
477.0 0.0031801493605598807
478.0 0.0036548168282024562
479.0 0.004389120658743195
480.0 0.0051234241254860535
481.0 0.004953468305757269
482.0 0.004783512486028485
483.0 0.004220894697937183
484.0 0.0036582765460480005
485.0 0.0038462232623714954
486.0 0.004034170342492871
487.0 0.0033600153983570635
488.0 0.0026858602723223157
489.0 0.0024545412088627927
490.0 0.0022232226911000907
491.0 0.001827937194320839
492.0 0.0014326513337437063
493.0 0.0011320060366415419
494.0 0.0008313611033372581
495.0 0.0011579956662899349
496.0 0.0014846303201920819
497.0 0.001786198299669195
498.0 0.002087766733893659
499.0 0.002237263834103942
500.0 0.002386760934314225
501.0 0.002580768705229275
502.0 0.0027747768399422057
503.0 0.002821237467287574
504.0 0.002867697912734002
505.0 0.0030590337701141834
506.0 0.0032503699912922457
507.0 0.00264208902081009
508.0 0.0020338075046311133
509.0 0.0021224768715910614
510.0 0.002211146056652069
511.0 0.002216194843640551
512.0 0.0022212439944269136
513.0 0.0019015273210243322
514.0 0.0015818113752175122
515.0 0.001406462979502976
516.0 0.00123111476568738
517.0 0.0013804335139866453
518.0 0.0015297520803869702
519.0 0.0015188680663413834
520.0 0.001507983779447386
521.0 0.0017108895917772315
522.0 0.0019137953131576069
523.0 0.0017046413631760515
524.0 0.0014954872312955558
525.0 0.0020710425815195777
526.0 0.00264659829554148
527.0 0.002522652175684925
528.0 0.0023987062377273105
529.0 0.002547271105868276
530.0 0.002695835610211361
531.0 0.002590245276223868
532.0 0.0024846545784384944
533.0 0.0026005636755144224
534.0 0.0027164722268935293
535.0 0.002416694951534737
536.0 0.002116916948580183
537.0 0.0024755239792284556
538.0 0.002834131009876728
539.0 0.003386892785783857
540.0 0.0039396541978931054
541.0 0.003975686922785826
542.0 0.004011719283880666
543.0 0.00441916381532792
544.0 0.004826607982977293
545.0 0.005127589247422293
546.0 0.0054285701480694115
547.0 0.004343529144534841
548.0 0.003258488141000271
549.0 0.002835522718669381
550.0 0.00241255675064167
551.0 0.002378766475885641
552.0 0.002344976383028552
553.0 0.0030386448997887783
554.0 0.003732312688953243
555.0 0.0039047390600899234
556.0 0.004077165431226604
557.0 0.003702807953231968
558.0 0.0033284504752373323
559.0 0.00327009656757582
560.0 0.0032117422961164266
561.0 0.0033985954360105097
562.0 0.0035854478483088315
563.0 0.0034035456337733194
564.0 0.0032216434192378074
565.0 0.0037523313949350268
566.0 0.004283019734430127
567.0 0.0046104796638246626
568.0 0.004937939229421318
569.0 0.005273674105410464
570.0 0.00560940861760173
571.0 0.005779478306067176
572.0 0.005949547630734742
573.0 0.006218042835826054
574.0 0.006486538768513128
575.0 0.006394251249730587
576.0 0.006301964458543807
577.0 0.005696769221685827
578.0 0.005091574348625727
579.0 0.005889040403417312
580.0 0.006686506822006777
581.0 0.007254649244714528
582.0 0.007822790212230757
583.0 0.008971858187578619
584.0 0.010120923252543435
585.0 0.010349792137276381
586.0 0.01057866247720085
587.0 0.010440335609018803
588.0 0.01030200655804947
589.0 0.010363479668740183
590.0 0.01042495496221818
591.0 0.009648868581280112
592.0 0.008872782200342044
593.0 0.0071976792241912335
594.0 0.005522578067029826
595.0 0.005580146535066888
596.0 0.00563771536690183
597.0 0.006142539496067911
598.0 0.006647363625233993
599.0 0.007572925096610561
600.0 0.008498485112795606
601.0 0.009159271576208994
602.0 0.009820055129239336
603.0 0.01072702871169895
604.0 0.011634004476945847
605.0 0.011422814714023843
606.0 0.01121162495110184
607.0 0.009647158003645018
608.0 0.00808269323897548
609.0 0.0064543688495177776
610.0 0.004826045551453717
611.0 0.003993810241809115
612.0 0.0031615749321645126
613.0 0.0037029447412351146
614.0 0.004244313822709955
615.0 0.005009110464015976
616.0 0.005773907832917757
617.0 0.0071312504587695
618.0 0.008488592720823362
619.0 0.009649665298638865
620.0 0.01081073860405013
621.0 0.01167399386758916
622.0 0.012537247675936669
623.0 0.012255285400897264
624.0 0.011973320215474814
625.0 0.010482248762855306
626.0 0.008991174399852753
627.0 0.007193780766101554
628.0 0.005396384949563071
629.0 0.004424110375111923
630.0 0.0034518365282565355
631.0 0.003035416011698544
632.0 0.0026189954951405525
633.0 0.0027824204153148457
634.0 0.002945845335489139
635.0 0.003049812039535027
636.0 0.0031537780159851536
637.0 0.003879376163240522
638.0 0.00460497394669801
639.0 0.0047668323531979695
640.0 0.004928690032102168
641.0 0.005371022780309431
642.0 0.005813355528516695
643.0 0.005640910967485979
644.0 0.0054684664064552635
645.0 0.004990664456272498
646.0 0.004512862506089732
647.0 0.003660209767986089
648.0 0.0028075572117813863
649.0 0.0021293950339895673
650.0 0.0014512324014503974
651.0 0.001597634400241077
652.0 0.0017440368537791073
653.0 0.0015503832401009277
654.0 0.0013567294445238076
655.0 0.0014696599464514293
656.0 0.0015825906302779913
657.0 0.0015190160411293618
658.0 0.0014554415429302026
659.0 0.0018215841919300146
660.0 0.0021877267499803565
661.0 0.0019206385331926867
662.0 0.001653550316405017
663.0 0.0022420723325922154
664.0 0.002830594348779414
665.0 0.0035029886930715293
666.0 0.004175382491666824
667.0 0.004920510036754422
668.0 0.005665636126650497
669.0 0.00599125269218348
670.0 0.006316865619737655
671.0 0.006880506407469511
672.0 0.00744414865039289
673.0 0.007854416617192328
674.0 0.008264684583991766
675.0 0.0076806158176623285
676.0 0.007096549234120175
677.0 0.005654715641867369
678.0 0.004212882049614564
679.0 0.0027374027922633104
680.0 0.0012619243534572888
681.0 0.00048487850108358543
682.0 1.5870244571628e-10
683.0 5.807623324471933e-05
684.0 0.00040832001104718074
685.0 0.00026431896458234405
686.0 0.0001203178612740885
687.0 0.0002955985564767616
688.0 0.0004708792403107509
689.0 0.000412824192608241
690.0 0.0003547692585925688
691.0 0.00038965517887845635
692.0 0.00042454116737644654
693.0 0.0003814545834757155
694.0 0.0003383679768376169
695.0 0.00041035832509805914
696.0 0.00048234865062113386
697.0 0.00046446129999822006
698.0 0.00044657390390057117
699.0 0.0003757827244044165
700.0 0.0003049913630093215
701.0 0.00024202231543313246
702.0 0.00017905341564983246
703.0 0.0002962444568765932
704.0 0.00041343555494677275
705.0 0.00043271757022012025
706.0 0.0004519994490692625
707.0 7.427167929563439e-05
708.0 1.5870244571628e-10
709.0 2.604727740163071e-05
710.0 0.00035555076465243474
711.0 0.00046657819439133164
712.0 0.0005776056241302285
713.0 0.00033234182410524227
714.0 8.7078024080256e-05
715.0 0.00027381286145100603
716.0 0.00046054769882175606
717.0 0.0002387019094385323
718.0 1.685618968849667e-05
719.0 0.00026069499199365964
720.0 0.0005045337275078055
721.0 0.0004450149845069973
722.0 0.0003854962869809242
723.0 0.000397299072574242
724.0 0.00040910190364229493
725.0 0.0005248553861747496
726.0 0.0006406091870303499
727.0 0.00026057773538923357
728.0 1.5870244571628e-10
729.0 0.0001619382601347752
730.0 0.00044333014557196293
731.0 0.000695551034368691
732.0 0.0009477721505390946
733.0 0.00031684458008385263
734.0 1.5870244571628e-10
735.0 1.5870244571628e-10
736.0 1.5870244571628e-10
737.0 0.00044118478399468586
738.0 0.0011142898983962368
739.0 0.0007693492079852149
740.0 0.0004244082902005175
741.0 0.00025942072170437314
742.0 9.44331759455963e-05
743.0 4.017908281639393e-05
744.0 1.5870244571628e-10
745.0 0.00029282737159519456
746.0 0.0005997299012960866
747.0 0.00025636688860686263
748.0 1.5870244571628e-10
749.0 1.5870244571628e-10
750.0 1.5870244571628e-10
751.0 1.5870244571628e-10
752.0 0.00016396834325860254
753.0 0.00021239011402940378
754.0 0.0002608118393254699
755.0 1.5870244571628e-10
756.0 1.5870244571628e-10
757.0 1.5870244571628e-10
758.0 1.5870244571628e-10
759.0 0.00022503254513139836
760.0 0.0007367365469690412
761.0 0.0003664802079583751
762.0 1.5870244571628e-10
763.0 1.5870244571628e-10
764.0 1.5870244571628e-10
765.0 0.0001483590040152194
766.0 0.0004253402948961593
767.0 1.5870244571628e-10
768.0 1.5870244571628e-10
769.0 1.5870244571628e-10
770.0 1.5870244571628e-10
771.0 1.5870244571628e-10
772.0 1.5870244571628e-10
773.0 0.00023742713892715983
774.0 0.0007086362984409789
775.0 0.0004077038283867296
776.0 0.00010677122190827504
777.0 0.00019555843664420536
778.0 0.00028434569685487077
779.0 0.0004378009634820046
780.0 0.0005912562301091384
781.0 0.00047521289161522873
782.0 0.0003591694849092164
783.0 0.0004140248620387865
784.0 0.0004688802164309891
785.0 0.00025740046112332493
786.0 4.592044433593401e-05
787.0 0.0004371752311271848
788.0 0.0008284298928629141
789.0 0.000668032180328737
790.0 0.0005076346042187652
791.0 0.0005053561835666187
792.0 0.000503077626490267
793.0 0.0005577262527367566
794.0 0.0006123746061348356
795.0 0.0008642238753964193
796.0 0.0011160728718095925
797.0 0.000634001935395645
798.0 0.00015193104445643257
799.0 0.0004784521934197983
800.0 0.0008049732059589587
801.0 0.000454996097687399
802.0 0.00010501894394110423
803.0 0.00029346040264499607
804.0 0.0004819018613488879
805.0 0.0007603287940582959
806.0 0.0010387557267677039
807.0 0.0006573284736077767
808.0 0.00027590126592258457
809.0 3.560730306162441e-05
810.0 1.5870244571628e-10
811.0 0.0002181806621592841
812.0 0.0006410479272744851
813.0 0.0009689220860309433
814.0 0.0012967961993126664
815.0 0.0012531470929388888
816.0 0.0012094975318177603
817.0 0.0009224489986081608
818.0 0.0006354005563480314
819.0 0.0006425849733204814
820.0 0.0006497695267171366
821.0 0.0006943247171875555
822.0 0.0007388799076579744
823.0 0.0006793312422814779
824.0 0.000619782895228127
825.0 0.0007535183158324799
826.0 0.000887253918335773
827.0 0.0008539660484530032
828.0 0.0008206784514186438
829.0 0.00040876693674363196
830.0 1.5870244571628e-10
831.0 1.5870244571628e-10
832.0 1.5870244571628e-10
833.0 0.0002674527422641404
834.0 0.0006346051122818608
835.0 0.0001014470853988314
836.0 1.5870244571628e-10
837.0 1.5870244571628e-10
838.0 0.0001528980419607251
839.0 0.0005763703939010156
840.0 0.0009998428140534088
841.0 0.0011545265806489624
842.0 0.0013092104381939862
843.0 0.0009248023161489982
844.0 0.0005403939667303348
845.0 0.0006159915756143164
846.0 0.0006915890480740927
847.0 0.0009172213140118401
848.0 0.0011428535799495876
849.0 0.0008773662557359785
850.0 0.0006118784767750185
851.0 0.000988279589364538
852.0 0.0013646807019540574
853.0 0.0005700625024473993
854.0 1.5870244571628e-10
855.0 1.5870244571628e-10
856.0 1.5870244571628e-10
857.0 0.00029024815830780426
858.0 0.0012479212273319717
859.0 0.0012515560229076073
860.0 0.0012551905456348322
861.0 0.001511604932602495
862.0 0.001768019501469098
863.0 0.001867143510025926
864.0 0.0019662673366838135
865.0 0.0019422814148128964
866.0 0.0019182954929419793
867.0 0.00277292201644741
868.0 0.003627548721851781
869.0 0.0032532199838897213
870.0 0.0028788907002308406
871.0 0.0032640426070429385
872.0 0.003649194331956096
873.0 0.002723601573961787
874.0 0.0017980088159674779
875.0 0.0025643847038736567
876.0 0.003330760227981955
877.0 0.002257088817714248
878.0 0.0011834175893454812
879.0 0.001997522485908121
880.0 0.06788726313970983
