ts8/qe_curves/rtm-010_s00/19700101T000000.ecsv
# %ECSV 0.9
# ---
# datatype:
# - {name: amp_name, datatype: string}
# - {name: wavelength, unit: nm, datatype: float32}
# - {name: efficiency, unit: '%', datatype: float32}
# meta: !!omap
# - {MODE: AMP}
# - {TYPE: QE}
# - {CALIBDATE: '1970-01-01T00:00:00'}
# - {INSTRUME: TS8}
# - {OBSTYPE: qe_curves}
# - {DETECTOR: 63}
# - {PICKLEFILE: RaftRun12139.p}
# - {CALIB_ID: 'raftName=RTM-010 detectorName=S00 detector=63 calibDate=1970-01-01T00:00:00 ccd=63 ccdnum=63 filter=None'}
# - {DATE: '2020-01-23T15:34:31.626547'}
# - {CALIB_CREATION_DATE: '2020-01-23'}
# - {CALIB_CREATION_TIME: '15:34:31'}
# - __serialized_columns__:
#     efficiency:
#       __class__: astropy.units.quantity.Quantity
#       unit: !astropy.units.Unit {unit: '%'}
#       value: !astropy.table.SerializedColumn {name: efficiency}
#     wavelength:
#       __class__: astropy.units.quantity.Quantity
#       unit: !astropy.units.Unit {unit: nm}
#       value: !astropy.table.SerializedColumn {name: wavelength}
# schema: astropy-2.0
amp_name wavelength efficiency
C03 319.994 44.92856
C03 324.969 50.795464
C03 349.982 75.55226
C03 374.975 79.54379
C03 400.019 85.06336
C03 424.965 86.419136
C03 450.035 88.68026
C03 475.003 90.80608
C03 500.018 92.51508
C03 525.002 94.089615
C03 550.029 95.57056
C03 575.023 97.05662
C03 599.982 98.08859
C03 619.997 97.96496
C03 624.979 98.41593
C03 650.012 98.72139
C03 675.004 98.65663
C03 700.03 98.14144
C03 725.012 98.13225
C03 750.022 97.8983
C03 774.987 98.22115
C03 799.976 97.70735
C03 824.988 95.75747
C03 850.022 93.655396
C03 869.967 90.47897
C03 875.002 89.63132
C03 899.999 82.55049
C03 919.999 74.09747
C03 925.012 71.1318
C03 949.965 58.56421
C03 975.002 43.394848
C03 999.976 26.691988
C03 1025.028 11.693774
C03 1050.014 4.192797
C03 1075.002 2.312977
C03 1099.99 1.8236239
C14 319.994 45.37389
C14 324.969 51.300785
C14 349.982 76.502594
C14 374.975 80.44935
C14 400.019 85.3746
C14 424.965 86.425735
C14 450.035 88.52058
C14 475.003 90.535774
C14 500.018 92.17408
C14 525.002 93.702774
C14 550.029 95.14752
C14 575.023 96.62119
C14 599.982 97.63749
C14 619.997 97.50759
C14 624.979 97.959366
C14 650.012 98.2632
C14 675.004 98.21348
C14 700.03 97.775154
C14 725.012 97.983604
C14 750.022 98.01563
C14 774.987 98.58112
C14 799.976 98.16854
C14 824.988 96.132996
C14 850.022 94.07185
C14 869.967 90.896385
C14 875.002 90.01435
C14 899.999 82.32054
C14 919.999 74.09231
C14 925.012 71.22771
C14 949.965 58.94798
C14 975.002 43.543953
C14 999.976 26.663567
C14 1025.028 11.74573
C14 1050.014 4.2209496
C14 1075.002 2.351582
C14 1099.99 1.8354303
C07 319.994 45.712337
C07 324.969 51.68627
C07 349.982 76.76169
C07 374.975 80.51192
C07 400.019 85.73436
C07 424.965 86.94656
C07 450.035 89.15417
C07 475.003 91.24929
C07 500.018 92.94378
C07 525.002 94.50755
C07 550.029 95.97623
C07 575.023 97.461716
C07 599.982 98.48173
C07 619.997 98.34745
C07 624.979 98.79829
C07 650.012 99.09294
C07 675.004 99.00897
C07 700.03 98.446075
C07 725.012 98.322266
C07 750.022 97.95619
C07 774.987 98.14692
C07 799.976 97.59125
C07 824.988 95.677605
C07 850.022 93.62554
C07 869.967 90.546936
C07 875.002 89.78711
C07 899.999 82.618164
C07 919.999 74.29893
C07 925.012 71.41826
C07 949.965 58.662453
C07 975.002 43.7025
C07 999.976 26.814907
C07 1025.028 11.834157
C07 1050.014 4.2291956
C07 1075.002 2.3125947
C07 1099.99 1.8304017
C10 319.994 46.213264
C10 324.969 52.250206
C10 349.982 77.62874
C10 374.975 81.191696
C10 400.019 85.88151
C10 424.965 86.84271
C10 450.035 88.91711
C10 475.003 90.92189
C10 500.018 92.552414
C10 525.002 94.073
C10 550.029 95.50978
C10 575.023 96.97092
C10 599.982 97.96804
C10 619.997 97.82809
C10 624.979 98.275055
C10 650.012 98.56024
C10 675.004 98.49203
C10 700.03 98.01343
C10 725.012 98.158646
C10 750.022 98.11685
C10 774.987 98.623474
C10 799.976 98.18018
C10 824.988 96.19213
C10 850.022 94.12827
C10 869.967 90.96488
C10 875.002 90.114334
C10 899.999 82.70962
C10 919.999 74.132
C10 925.012 71.13459
C10 949.965 58.878857
C10 975.002 43.74036
C10 999.976 27.04219
C10 1025.028 11.880095
C10 1050.014 4.275251
C10 1075.002 2.328276
C10 1099.99 1.8330407
C16 319.994 44.82373
C16 324.969 50.685833
C16 349.982 75.74024
C16 374.975 79.85231
C16 400.019 84.95125
C16 424.965 86.07649
C16 450.035 88.2063
C16 475.003 90.23982
C16 500.018 91.89544
C16 525.002 93.435036
C16 550.029 94.89339
C16 575.023 96.377945
C16 599.982 97.40029
C16 619.997 97.2851
C16 624.979 97.73815
C16 650.012 98.05399
C16 675.004 98.01164
C16 700.03 97.57482
C16 725.012 97.76308
C16 750.022 97.76585
C16 774.987 98.29338
C16 799.976 97.854805
C16 824.988 95.824326
C16 850.022 93.686554
C16 869.967 90.51135
C16 875.002 89.649666
C16 899.999 82.009766
C16 919.999 73.71471
C16 925.012 70.840546
C16 949.965 58.572884
C16 975.002 43.313
C16 999.976 26.469664
C16 1025.028 11.719587
C16 1050.014 4.202591
C16 1075.002 2.3436134
C16 1099.99 1.8271765
C12 319.994 45.87709
C12 324.969 51.865383
C12 349.982 77.19676
C12 374.975 80.96604
C12 400.019 85.72555
C12 424.965 86.703026
C12 450.035 88.76884
C12 475.003 90.764854
C12 500.018 92.393074
C12 525.002 93.909744
C12 550.029 95.344795
C12 575.023 96.80782
C12 599.982 97.81402
C12 619.997 97.67746
C12 624.979 98.124275
C12 650.012 98.42196
C12 675.004 98.36192
C12 700.03 97.907036
C12 725.012 98.08521
C12 750.022 98.080635
C12 774.987 98.62016
C12 799.976 98.19379
C12 824.988 96.17445
C12 850.022 94.11049
C12 869.967 90.86468
C12 875.002 89.966866
C12 899.999 82.54099
C12 919.999 74.22914
C12 925.012 71.25029
C12 949.965 58.787025
C12 975.002 43.47735
C12 999.976 26.78054
C12 1025.028 11.727905
C12 1050.014 4.2104774
C12 1075.002 2.3227406
C12 1099.99 1.8241111
C17 319.994 45.320553
C17 324.969 51.248123
C17 349.982 76.55358
C17 374.975 80.776886
C17 400.019 86.07464
C17 424.965 87.28242
C17 450.035 89.4749
C17 475.003 91.56019
C17 500.018 93.25422
C17 525.002 94.8303
C17 550.029 96.31309
C17 575.023 97.82341
C17 599.982 98.864136
C17 619.997 98.74712
C17 624.979 99.20632
C17 650.012 99.522675
C17 675.004 99.47867
C17 700.03 99.01681
C17 725.012 99.14622
C17 750.022 99.068146
C17 774.987 99.52133
C17 799.976 99.04029
C17 824.988 96.99298
C17 850.022 94.80021
C17 869.967 91.55745
C17 875.002 90.69513
C17 899.999 83.03078
C17 919.999 74.73427
C17 925.012 71.83315
C17 949.965 59.2375
C17 975.002 43.786793
C17 999.976 26.786072
C17 1025.028 11.904046
C17 1050.014 4.295705
C17 1075.002 2.3805833
C17 1099.99 1.8513739
C05 319.994 45.375397
C05 324.969 51.293797
C05 349.982 76.209656
C05 374.975 80.070625
C05 400.019 85.39062
C05 424.965 86.6413
C05 450.035 88.86007
C05 475.003 90.95472
C05 500.018 92.64418
C05 525.002 94.200806
C05 550.029 95.66501
C05 575.023 97.14688
C05 599.982 98.16533
C05 619.997 98.03466
C05 624.979 98.4877
C05 650.012 98.7846
C05 675.004 98.71064
C05 700.03 98.165245
C05 725.012 98.101616
C05 750.022 97.80133
C05 774.987 98.05762
C05 799.976 97.523254
C05 824.988 95.59826
C05 850.022 93.506546
C05 869.967 90.38036
C05 875.002 89.57801
C05 899.999 82.491585
C05 919.999 74.06325
C05 925.012 71.12351
C05 949.965 58.560997
C05 975.002 43.472347
C05 999.976 26.730562
C05 1025.028 11.735026
C05 1050.014 4.188338
C05 1075.002 2.2996683
C05 1099.99 1.8203663
C04 319.994 45.07321
C04 324.969 50.95526
C04 349.982 75.748886
C04 374.975 79.6786
C04 400.019 85.09661
C04 424.965 86.396454
C04 450.035 88.6369
C04 475.003 90.742874
C04 500.018 92.441734
C04 525.002 94.007614
C04 550.029 95.4771
C04 575.023 96.961334
C04 599.982 97.98624
C04 619.997 97.856384
C04 624.979 98.309975
C04 650.012 98.60957
C04 675.004 98.54148
C04 700.03 98.01254
C04 725.012 97.97843
C04 750.022 97.71874
C04 774.987 98.01029
C04 799.976 97.48925
C04 824.988 95.5552
C04 850.022 93.458984
C04 869.967 90.296715
C04 875.002 89.483284
C04 899.999 82.42865
C04 919.999 74.02621
C04 925.012 71.017265
C04 949.965 58.492813
C04 975.002 43.29593
C04 999.976 26.681889
C04 1025.028 11.718585
C04 1050.014 4.186695
C04 1075.002 2.3023205
C04 1099.99 1.8188095
C06 319.994 45.500107
C06 324.969 51.439377
C06 349.982 76.420715
C06 374.975 80.24094
C06 400.019 85.504196
C06 424.965 86.734474
C06 450.035 88.94405
C06 475.003 91.03224
C06 500.018 92.723335
C06 525.002 94.28403
C06 550.029 95.74573
C06 575.023 97.229576
C06 599.982 98.24562
C06 619.997 98.1154
C06 624.979 98.5679
C06 650.012 98.86647
C06 675.004 98.78938
C06 700.03 98.237236
C06 725.012 98.141426
C06 750.022 97.80561
C06 774.987 98.027885
C06 799.976 97.48423
C06 824.988 95.56691
C06 850.022 93.49062
C06 869.967 90.403175
C06 875.002 89.624245
C06 899.999 82.50241
C06 919.999 74.156746
C06 925.012 71.21817
C06 949.965 58.60033
C06 975.002 43.57363
C06 999.976 26.732117
C06 1025.028 11.750255
C06 1050.014 4.198805
C06 1075.002 2.3054943
C06 1099.99 1.8243169
C11 319.994 46.151833
C11 324.969 52.175255
C11 349.982 77.60178
C11 374.975 81.308136
C11 400.019 86.04433
C11 424.965 87.010025
C11 450.035 89.079155
C11 475.003 91.08347
C11 500.018 92.71521
C11 525.002 94.234055
C11 550.029 95.6735
C11 575.023 97.13912
C11 599.982 98.14294
C11 619.997 98.0043
C11 624.979 98.4582
C11 650.012 98.75033
C11 675.004 98.68307
C11 700.03 98.21865
C11 725.012 98.37577
C11 750.022 98.35885
C11 774.987 98.87995
C11 799.976 98.44123
C11 824.988 96.43942
C11 850.022 94.354614
C11 869.967 91.13718
C11 875.002 90.257195
C11 899.999 82.8747
C11 919.999 74.34859
C11 925.012 71.31934
C11 949.965 58.970108
C11 975.002 43.67752
C11 999.976 26.944542
C11 1025.028 11.78142
C11 1050.014 4.236052
C11 1075.002 2.3252761
C11 1099.99 1.8293339
C01 319.994 44.413918
C01 324.969 50.218056
C01 349.982 74.76415
C01 374.975 78.87326
C01 400.019 84.6117
C01 424.965 86.07303
C01 450.035 88.38874
C01 475.003 90.52895
C01 500.018 92.26022
C01 525.002 93.85348
C01 550.029 95.33792
C01 575.023 96.837585
C01 599.982 97.87431
C01 619.997 97.75428
C01 624.979 98.2127
C01 650.012 98.52254
C01 675.004 98.46322
C01 700.03 97.94439
C01 725.012 97.932205
C01 750.022 97.70835
C01 774.987 98.02368
C01 799.976 97.50671
C01 824.988 95.55936
C01 850.022 93.46317
C01 869.967 90.292206
C01 875.002 89.44826
C01 899.999 82.29114
C01 919.999 74.02949
C01 925.012 71.0929
C01 949.965 58.54185
C01 975.002 43.2431
C01 999.976 26.589346
C01 1025.028 11.659674
C01 1050.014 4.193811
C01 1075.002 2.325699
C01 1099.99 1.826554
C15 319.994 45.225212
C15 324.969 51.139282
C15 349.982 76.35085
C15 374.975 80.39071
C15 400.019 85.386925
C15 424.965 86.46022
C15 450.035 88.570206
C15 475.003 90.59447
C15 500.018 92.24137
C15 525.002 93.778114
C15 550.029 95.23477
C15 575.023 96.71394
C15 599.982 97.735115
C15 619.997 97.612015
C15 624.979 98.06704
C15 650.012 98.3736
C15 675.004 98.33197
C15 700.03 97.90131
C15 725.012 98.1081
C15 750.022 98.13898
C15 774.987 98.70108
C15 799.976 98.282715
C15 824.988 96.23849
C15 850.022 94.14007
C15 869.967 90.96902
C15 875.002 90.09396
C15 899.999 82.37308
C15 919.999 74.08187
C15 925.012 71.20723
C15 949.965 58.97427
C15 975.002 43.57398
C15 999.976 26.636074
C15 1025.028 11.731581
C15 1050.014 4.212229
C15 1075.002 2.354013
C15 1099.99 1.8342417
C13 319.994 45.67547
C13 324.969 51.638687
C13 349.982 76.92774
C13 374.975 80.79652
C13 400.019 85.64948
C13 424.965 86.67158
C13 450.035 88.75563
C13 475.003 90.76516
C13 500.018 92.39914
C13 525.002 93.924095
C13 550.029 95.36528
C13 575.023 96.832436
C13 599.982 97.84467
C13 619.997 97.71248
C13 624.979 98.16507
C13 650.012 98.46522
C13 675.004 98.4075
C13 700.03 97.9664
C13 725.012 98.1572
C13 750.022 98.17822
C13 774.987 98.734375
C13 799.976 98.31458
C13 824.988 96.28047
C13 850.022 94.228004
C13 869.967 91.00916
C13 875.002 90.11005
C13 899.999 82.498726
C13 919.999 74.27786
C13 925.012 71.374664
C13 949.965 58.99028
C13 975.002 43.54619
C13 999.976 26.757591
C13 1025.028 11.740123
C13 1050.014 4.227158
C13 1075.002 2.341542
C13 1099.99 1.8337694
C00 319.994 44.185333
C00 324.969 49.959015
C00 349.982 74.34187
C00 374.975 78.50183
C00 400.019 84.423935
C00 424.965 85.9758
C00 450.035 88.337524
C00 475.003 90.50584
C00 500.018 92.26084
C00 525.002 93.86444
C00 550.029 95.35381
C00 575.023 96.85693
C00 599.982 97.893875
C00 619.997 97.78016
C00 624.979 98.23294
C00 650.012 98.5453
C00 675.004 98.47823
C00 700.03 97.942276
C00 725.012 97.87553
C00 750.022 97.5703
C00 774.987 97.809425
C00 799.976 97.265114
C00 824.988 95.327995
C00 850.022 93.224365
C00 869.967 90.057205
C00 875.002 89.22082
C00 899.999 82.14058
C00 919.999 73.99482
C00 925.012 71.06544
C00 949.965 58.418777
C00 975.002 43.125454
C00 999.976 26.541092
C00 1025.028 11.682206
C00 1050.014 4.218281
C00 1075.002 2.3357825
C00 1099.99 1.8284974
C02 319.994 44.712124
C02 324.969 50.55172
C02 349.982 75.21783
C02 374.975 79.24328
C02 400.019 84.835495
C02 424.965 86.22232
C02 450.035 88.50468
C02 475.003 90.63706
C02 500.018 92.34832
C02 525.002 93.92848
C02 550.029 95.40935
C02 575.023 96.90282
C02 599.982 97.93211
C02 619.997 97.81046
C02 624.979 98.265526
C02 650.012 98.57116
C02 675.004 98.5084
C02 700.03 97.99758
C02 725.012 97.99663
C02 750.022 97.78752
C02 774.987 98.11943
C02 799.976 97.61064
C02 824.988 95.655266
C02 850.022 93.570526
C02 869.967 90.37898
C02 875.002 89.5267
C02 899.999 82.36529
C02 919.999 74.08079
C02 925.012 71.14636
C02 949.965 58.569435
C02 975.002 43.295597
C02 999.976 26.607958
C02 1025.028 11.660022
C02 1050.014 4.1770587
C02 1075.002 2.3152974
C02 1099.99 1.8235527
