lsstCam/transmission_filter_detector/r13_s22/r_57/19700101T000000.ecsv
# %ECSV 1.0
# ---
# datatype:
# - {name: wavelength, unit: nm, datatype: float32}
# - {name: efficiency, unit: '%', datatype: float64}
# meta: !!omap
# - {MODE: DETECTOR}
# - {TYPE: transmission_filter_detector}
# - {CALIBDATE: '1970-01-01T00:00:00'}
# - {INSTRUME: LSSTCam}
# - {OBSTYPE: transmission_filter_detector}
# - {CALIBCLS: lsst.ip.isr.IntermediateFilterDetectorTransmissionCurve}
# - {SOURCE: Materion (DM-46256)}
# - {DETECTOR: 62}
# - {FILTER: r_57}
# - {CALIB_ID: 'calibDate=1970-01-01T00:00:00 filter=r_57 detector=62'}
# - {DATE: '2025-04-02T15:59:44.470503'}
# - {CALIB_CREATION_DATE: '2025-04-02'}
# - {CALIB_CREATION_TIME: '15:59:44'}
# - __serialized_columns__:
#     efficiency:
#       __class__: astropy.units.quantity.Quantity
#       unit: !astropy.units.Unit {unit: '%'}
#       value: !astropy.table.SerializedColumn {name: efficiency}
#     wavelength:
#       __class__: astropy.units.quantity.Quantity
#       unit: !astropy.units.Unit {unit: nm}
#       value: !astropy.table.SerializedColumn {name: wavelength}
# schema: astropy-2.0
wavelength efficiency
[from data line 603]
903.0 1.5958125662920986e-10
904.0 1.5958125662920986e-10
905.0 4.5190483888291055e-05
906.0 1.5958125662920986e-10
907.0 1.5958125662920986e-10
908.0 1.5958125662920986e-10
909.0 1.5958125662920986e-10
910.0 1.5958125662920986e-10
911.0 1.5958125662920986e-10
912.0 1.5958125662920986e-10
913.0 1.5958125662920986e-10
914.0 1.8560011483259586e-05
915.0 0.00010424439551570686
916.0 3.620385200520104e-05
917.0 1.5958125662920986e-10
918.0 6.991252234911371e-05
919.0 0.00017166167936011334
920.0 6.759793791388802e-05
921.0 1.5958125662920986e-10
922.0 7.6993984521323e-05
923.0 0.00019045380668103462
924.0 0.0002026032461799332
925.0 0.0002147527084161993
926.0 0.0001702212102827616
927.0 0.0001256897121493239
928.0 0.00016534527276235167
929.0 0.0002050008106380119
930.0 0.00025458291474933503
931.0 0.00030416506433539325
932.0 0.00012634751556106494
933.0 1.5958125662920986e-10
934.0 0.00011749715440600994
935.0 0.0002864642510758131
936.0 0.0002856260834960267
937.0 0.0002847879159162403
938.0 0.0003091553480771836
939.0 0.0003335228029754944
940.0 0.0003192775693605654
941.0 0.0003050323357456364
942.0 0.00034161687381129013
943.0 0.00037820143461431144
944.0 0.0003283591922809137
945.0 0.00027851699542225106
946.0 0.00035467339785100194
947.0 0.0004308297320676502
948.0 0.0005149629487277707
949.0 0.0005990962108626263
950.0 0.0005856270945514552
951.0 0.000572157932765549
952.0 0.0007177205588959623
953.0 0.0008632832759758458
954.0 0.0011618056305451319
955.0 0.0014603283489122987
956.0 0.0015544503185083158
957.0 0.0016485721062053926
958.0 0.001734707439027261
959.0 0.00182084313564701
960.0 0.0019665545551106334
961.0 0.002112266156473197
962.0 0.0023052924007060938
963.0 0.002498318826837931
964.0 0.0025196119167958386
965.0 0.0025409046429558657
966.0 0.0024906961698434316
967.0 0.0024404878786299378
968.0 0.002415902417851612
969.0 0.0023913171389722265
970.0 0.00251312849286478
971.0 0.002634940028656274
972.0 0.0026394520318717696
973.0 0.002643963489390444
974.0 0.0028717851819237694
975.0 0.0030996063287602738
976.0 0.0031941293855197728
977.0 0.003288652078481391
978.0 0.0031592455343343318
979.0 0.003029838808288332
980.0 0.0029516404538298957
981.0 0.0028734420993714593
982.0 0.0029890459700254723
983.0 0.0031046500225784257
984.0 0.003041787749680225
985.0 0.0029789252948830836
986.0 0.002886552829295397
987.0 0.0027941805456066504
988.0 0.002638247678987682
989.0 0.0024823149942676537
990.0 0.0025123033992713317
991.0 0.0025422918042750098
992.0 0.0025864012059173547
993.0 0.0026305109713575803
994.0 0.002656449578353204
995.0 0.0026823872758541256
996.0 0.002753842272795737
997.0 0.0028252970878384076
998.0 0.0029937224098830484
999.0 0.0031621479138266295
1000.0 0.0033132819226011634
1001.0 0.003464416295173578
1002.0 0.003631140134530142
1003.0 0.003797863973886706
1004.0 0.0039517366531072184
1005.0 0.00410560896852985
1006.0 0.0042584837501635775
1007.0 0.0044113588955951855
1008.0 0.0043386276956880465
1009.0 0.004265896495780908
1010.0 0.00424062782258261
1011.0 0.004215358785586432
1012.0 0.004191523476038128
1013.0 0.004167687802691944
1014.0 0.003935734275728464
1015.0 0.0037037803849671036
1016.0 0.003558584285201505
1017.0 0.0034133885492337868
1018.0 0.002993911584781017
1019.0 0.0025744349841261283
1020.0 0.0021844405637239106
1021.0 0.0017944459614227526
1022.0 0.00159382962010568
1023.0 0.0013932128240412567
1024.0 0.00148106410051696
1025.0 0.001568915649841074
1026.0 0.0014173283489071764
1027.0 0.0012657406841753982
1028.0 0.001096464075089898
1029.0 0.0009271872841054574
1030.0 0.0008868867553246673
1031.0 0.0008465856808470562
1032.0 0.0008362763765035197
1033.0 0.0008259668902610429
1034.0 0.0008084589353529736
1035.0 0.0007909507985459641
1036.0 0.0008747358151595108
1037.0 0.0009585204679751769
1038.0 0.0008483333658659831
1039.0 0.0007381462182820542
1040.0 0.0008052560588112101
1041.0 0.0008723659448151011
1042.0 0.0010094433491758537
1043.0 0.0011465203897387255
1044.0 0.0010156159987673163
1045.0 0.0008847118806443177
1046.0 0.0008161799087247346
1047.0 0.0007476481187040918
1048.0 0.0006454238700825954
1049.0 0.0005431997124105692
1050.0 0.0006123512775957352
1051.0 0.0006815028427809011
1052.0 0.0009398588190379087
1053.0 0.0011982142495980952
1054.0 0.001111378242057981
1055.0 0.0010245421435683966
1056.0 0.0010651529009919614
1057.0 0.0011057638403144665
1058.0 0.0008707716006028932
1059.0 0.0006357797246892005
1060.0 0.0009755207429407164
1061.0 0.0013152612154954113
1062.0 0.0014672172255814075
1063.0 0.0016191732356674038
1064.0 0.001268459436687408
1065.0 0.0009177454558084719
1066.0 0.0011790764801844489
1067.0 0.0014404075045604259
1068.0 0.0017358994227834046
1069.0 0.002031390613410622
1070.0 0.0015110394997464027
1071.0 0.0009906882951327134
1072.0 0.0013664686775882728
1073.0 0.0017422491509933025
1074.0 0.002173700886487495
1075.0 0.002605152258183807
1076.0 0.0029247939892229624
1077.0 0.0032444357202621177
1078.0 0.0038499081711051986
1079.0 0.00445538098574616
1080.0 0.004482033182284795
1081.0 0.004508685015025549
1082.0 0.004226356759318151
1083.0 0.0039440285036107525
1084.0 0.0045234020944917575
1085.0 0.005102775321574882
1086.0 0.004966315464116633
1087.0 0.004829855970456265
1088.0 0.0049257567297900096
1089.0 0.005021657852921635
1090.0 0.004768057624460198
1091.0 0.004514457395998761
1092.0 0.0038726982893422246
1093.0 0.003230939182685688
1094.0 0.003810284033534117
1095.0 0.004389628884382546
1096.0 0.0034254877391504124
1097.0 0.0024613469577161595
1098.0 0.0020007824787171558
1099.0 0.0015402181816170923
1100.0 0.0019108914784737863
1101.0 0.0022815644115325995
