lsstCam/transmission_filter_detector/r13_s22/r_57/19700101T000000.ecsv
# %ECSV 1.0
# ---
# datatype:
# - {name: wavelength, unit: nm, datatype: float32}
# - {name: efficiency, unit: '%', datatype: float64}
# meta: !!omap
# - {MODE: DETECTOR}
# - {TYPE: transmission_filter_detector}
# - {CALIBDATE: '1970-01-01T00:00:00'}
# - {INSTRUME: LSSTCam}
# - {OBSTYPE: transmission_filter_detector}
# - {CALIBCLS: lsst.ip.isr.IntermediateFilterDetectorTransmissionCurve}
# - {SOURCE: Materion (DM-46256)}
# - {DETECTOR: 62}
# - {FILTER: r_57}
# - {CALIB_ID: 'calibDate=1970-01-01T00:00:00 filter=r_57 detector=62'}
# - {DATE: '2025-04-02T15:59:44.470503'}
# - {CALIB_CREATION_DATE: '2025-04-02'}
# - {CALIB_CREATION_TIME: '15:59:44'}
# - __serialized_columns__:
#     efficiency:
#       __class__: astropy.units.quantity.Quantity
#       unit: !astropy.units.Unit {unit: '%'}
#       value: !astropy.table.SerializedColumn {name: efficiency}
#     wavelength:
#       __class__: astropy.units.quantity.Quantity
#       unit: !astropy.units.Unit {unit: nm}
#       value: !astropy.table.SerializedColumn {name: wavelength}
# schema: astropy-2.0
wavelength efficiency
300.0 0.002271473204018548
301.0 0.005571387737290934
302.0 0.00887130227056332
303.0 0.0110395580122713
304.0 0.013207814481575042
305.0 0.01167821537819691
306.0 0.010148616274818778
307.0 0.008656638237880543
308.0 0.0071646616561338305
309.0 0.006400192796718329
310.0 0.005635723573504947
311.0 0.005051815605838783
312.0 0.004467907274374738
313.0 0.004069287388119847
314.0 0.0036706682294607162
315.0 0.0036925164749845862
316.0 0.0037143665394978598
317.0 0.0036203495255904272
318.0 0.0035263328754808754
319.0 0.0031495310395257547
320.0 0.002772729203570634
321.0 0.002527778997318819
322.0 0.002282828791067004
323.0 0.0021520614609471522
324.0 0.0020212941308273003
325.0 0.002185044468205888
326.0 0.0023487949874834158
327.0 0.002461896656313911
328.0 0.0025749983251444064
329.0 0.0024219614715548232
330.0 0.0022689244360662997
331.0 0.0021579957319772802
332.0 0.0020470670278882608
333.0 0.0019995661205030046
334.0 0.0019520653950166889
335.0 0.0017279480744036846
336.0 0.0015038308447401505
337.0 0.0013686800230061635
338.0 0.0012335290193732362
339.0 0.0011013033144990914
340.0 0.0009690775186754763
341.0 0.0009018158380058594
342.0 0.0008345541573362425
343.0 0.0008931842785386834
344.0 0.0009518144906905945
345.0 0.0009275325282942504
346.0 0.000903250474948436
347.0 0.0008222111318900716
348.0 0.000741171743356972
349.0 0.0007434692633978557
350.0 0.005645232158713043
351.0 0.00558906358492095
352.0 0.005532894647330977
353.0 0.004959894795319997
354.0 0.004386895670904778
355.0 0.0047206591261783615
356.0 0.005054422945249826
357.0 0.00648457498755306
358.0 0.007914727757452056
359.0 0.0061324484704528
360.0 0.004350169547251426
361.0 0.0029542787160607986
362.0 0.0015583878848701715
363.0 0.0025990440917667
364.0 0.0036397002986632288
365.0 0.003892664608429186
366.0 0.004145629281993024
367.0 0.0032365875085815787
368.0 0.002327545553271193
369.0 0.0019504161173244938
370.0 0.0015732870451756753
371.0 0.001989612792385742
372.0 0.00240593908529263
373.0 0.002874299752875231
374.0 0.003342660056659952
375.0 0.0030136685381876305
376.0 0.00268467756541213
377.0 0.0011470745448605157
378.0 1.5958125662920986e-10
379.0 0.00047182347771013156
380.0 0.0013341753401618917
381.0 0.002355400283704512
382.0 0.003376625681994483
383.0 0.0033696585887810215
384.0 0.00336269149556756
385.0 0.004206723679089919
386.0 0.005050755862612277
387.0 0.004699647615780123
388.0 0.004348539368947968
389.0 0.0036903955333400518
390.0 0.0030322509701363742
391.0 0.0020053008483955637
392.0 0.000978350635705283
393.0 0.0011166073818458244
394.0 0.0012548637641884852
395.0 0.0010724103958636988
396.0 0.0008899569365894422
397.0 0.0008269160389318131
398.0 0.0007638755960215349
399.0 0.0006841864887974225
400.0 0.0006044969268259592
401.0 0.00011727953506124322
402.0 1.5958125662920986e-10
403.0 1.5958125662920986e-10
404.0 1.3722993230658176e-05
405.0 0.00046954319259384647
406.0 0.0009253630196326412
407.0 0.001526406776974909
408.0 0.002127450534317177
409.0 0.001747970782162156
410.0 0.0013684911209566053
411.0 0.0009860861609922722
412.0 0.0006036812010279391
413.0 0.0005857278665644117
414.0 0.0005677746230503544
415.0 0.0006588508313143393
416.0 0.00074992744885094
417.0 0.001243808765138965
418.0 0.0017376905816490762
419.0 0.002225265961897094
420.0 0.0027128415240440518
421.0 0.00402578771172557
422.0 0.005338733535609208
423.0 0.008311044075526297
424.0 0.011283352796453983
425.0 0.015500276640523225
426.0 0.0197171961190179
427.0 0.020372650760691613
428.0 0.021028108312748373
429.0 0.016027572564780712
430.0 0.011027036816813052
431.0 0.007805706263752654
432.0 0.004584374255500734
433.0 0.003612026193877682
434.0 0.00263967795035569
435.0 0.00214043084270088
436.0 0.0016411835531471297
437.0 0.0014815727809036616
438.0 0.0013219620996096637
439.0 0.0011277978956059087
440.0 0.0009336337825516239
441.0 0.0012299228728807066
442.0 0.0015262121451087296
443.0 0.0018049946447717957
444.0 0.002083777326333802
445.0 0.0019839297237922437
446.0 0.0018840821212506853
447.0 0.0016276257156278007
448.0 0.0013711694009543862
449.0 0.0013274293451104313
450.0 0.0012836889254685957
451.0 0.0014118513718130998
452.0 0.0015400139091070741
453.0 0.0015306046407204121
454.0 0.0015211956451821607
455.0 0.0014048200682736933
456.0 0.0012884448551631067
457.0 0.0009204922207572963
458.0 0.0005525397682504263
459.0 0.0007800161256454885
460.0 0.0010074924830405507
461.0 0.0016491629139636643
462.0 0.002290832890139427
463.0 0.0029070060918456875
464.0 0.0035231791116530076
465.0 0.004572905891109258
466.0 0.005622633034363389
467.0 0.006262316310312599
468.0 0.006902001041453332
469.0 0.00593176118854899
470.0 0.00496152279083617
471.0 0.003794356234720908
472.0 0.002627189314807765
473.0 0.002171665801142808
474.0 0.0017161419236799702
475.0 0.001408782281941967
476.0 0.0011014230040018447
477.0 0.0009045030310517177
478.0 0.0007075829216773855
479.0 0.0009170453267870471
480.0 0.0011265075954725035
481.0 0.0008673401680425741
482.0 0.0006081729679863201
483.0 0.0006586004928976763
484.0 0.0007090278359100921
485.0 0.0006299471806414658
486.0 0.0005508663889486343
487.0 0.000560632543056272
488.0 0.0005703986062144395
489.0 0.0005869550477655139
490.0 0.0006035114438418532
491.0 0.0007511322110076435
492.0 0.0008987529326986987
493.0 0.0010058395673695486
494.0 0.0011129261110909283
495.0 0.000990353601082461
496.0 0.0008677810910739936
497.0 0.0010825200661201961
498.0 0.0012972589502169285
499.0 0.0012875993888883386
500.0 0.001277940009458689
501.0 0.0014543756151397247
502.0 0.0016308114936691709
503.0 0.001996910577872768
504.0 0.002363009480177425
505.0 0.0028384229153743945
506.0 0.003313836350571364
507.0 0.003967654629377648
508.0 0.004621472180588171
509.0 0.00510311801917851
510.0 0.005584762402577326
511.0 0.004984256520401686
512.0 0.004383750638226047
513.0 0.00376661992049776
514.0 0.003149489202769473
515.0 0.0029566785087808967
516.0 0.0027638676328933798
517.0 0.0025527839170536026
518.0 0.002341700019314885
519.0 0.07390821119770408
520.0 0.10816729627549648
521.0 0.133730738889426
522.0 0.07511014118790627
523.0 0.13842456974089146
524.0 0.10265078162774444
525.0 0.08624753099866211
526.0 0.10914534796029329
527.0 0.1346193952485919
528.0 0.11427014833316207
529.0 0.14864925760775805
530.0 0.13510368298739195
531.0 0.16550138825550675
532.0 0.19928999245166779
533.0 0.2108852146193385
534.0 0.3106917720288038
535.0 0.4437889438122511
536.0 0.6101417355239391
537.0 0.843928474932909
538.0 1.2646163813769817
539.0 1.966027170419693
540.0 3.2471049576997757
541.0 4.913521558046341
542.0 7.162420451641083
543.0 10.069655627012253
544.0 13.70551884174347
545.0 17.64729768037796
546.0 22.50896245241165
547.0 28.614625334739685
548.0 36.28781735897064
549.0 44.46287453174591
550.0 51.43880248069763
551.0 59.19020175933838
552.0 64.7955596446991
553.0 69.78240013122559
554.0 73.99113178253174
555.0 78.361976146698
556.0 82.09381103515625
557.0 85.15615463256836
558.0 88.44000697135925
559.0 91.31978750228882
560.0 92.28976964950562
561.0 94.26054358482361
562.0 95.11277675628662
563.0 95.03012299537659
564.0 95.35075426101685
565.0 95.03093957901001
566.0 95.76711058616638
567.0 95.06766200065613
568.0 95.53458094596863
569.0 96.05656266212463
570.0 95.63241600990295
571.0 96.69679999351501
572.0 96.55042290687561
573.0 96.54690623283386
574.0 96.66611552238464
575.0 96.84662222862244
576.0 96.65858745574951
577.0 96.77299857139587
578.0 97.03559279441833
579.0 96.63122296333313
580.0 96.29111289978027
581.0 96.1279034614563
582.0 96.48385047912598
583.0 96.52150273323059
584.0 95.73558568954468
585.0 96.3176429271698
586.0 96.44556045532227
587.0 96.02254033088684
588.0 96.15679383277893
589.0 96.83932065963745
590.0 96.30112648010254
591.0 95.92669010162354
592.0 95.51040530204773
593.0 95.4441249370575
594.0 95.79947590827942
595.0 96.30171060562134
596.0 96.52277827262878
597.0 97.07955121994019
598.0 96.39617204666138
599.0 96.70218825340271
600.0 96.6224730014801
601.0 95.85668444633484
602.0 96.41077518463135
603.0 96.261465549469
604.0 96.09716534614563
605.0 96.50357365608215
606.0 95.86155414581299
607.0 95.73436975479126
608.0 96.08156681060791
609.0 95.14334797859192
610.0 95.82968950271606
611.0 95.8238422870636
612.0 95.50158977508545
613.0 96.74738049507141
614.0 96.11353874206543
615.0 95.87734341621399
616.0 95.9728479385376
617.0 96.06173634529114
618.0 96.2237536907196
619.0 97.05883264541626
620.0 95.76085805892944
621.0 95.34593224525452
622.0 96.38435244560242
623.0 96.2770402431488
624.0 96.34473323822021
625.0 96.66366577148438
626.0 96.06109261512756
627.0 94.71899271011353
628.0 96.83245420455933
629.0 95.14404535293579
630.0 96.32155299186707
631.0 95.8238422870636
632.0 96.52897119522095
633.0 96.44626379013062
634.0 95.48827409744263
635.0 95.96673846244812
636.0 96.06747627258301
637.0 95.1927900314331
638.0 95.33467292785645
639.0 95.09207606315613
640.0 95.52266001701355
641.0 95.10651230812073
642.0 95.56324481964111
643.0 95.82391381263733
644.0 95.72574496269226
645.0 96.07245326042175
646.0 95.58387994766235
647.0 97.06763029098511
648.0 96.45683765411377
649.0 95.51947116851807
650.0 96.34458422660828
651.0 96.70780897140503
652.0 96.70416712760925
653.0 95.6468939781189
654.0 96.28011584281921
655.0 96.70652151107788
656.0 95.55312395095825
657.0 96.05183601379395
658.0 96.21259570121765
659.0 96.15390300750732
660.0 95.25590538978577
661.0 95.344078540802
662.0 95.53391933441162
663.0 95.59905529022217
664.0 95.3911542892456
665.0 95.09336948394775
666.0 95.33488750457764
667.0 95.45585513114929
668.0 94.81895565986633
669.0 95.2638328075409
670.0 95.45437693595886
671.0 95.73240280151367
672.0 95.35077810287476
673.0 95.1458752155304
674.0 94.79066133499146
675.0 95.49794793128967
676.0 95.02663612365723
677.0 93.92292499542236
678.0 93.23463439941406
679.0 92.27926731109619
680.0 91.75310730934143
681.0 90.25819897651672
682.0 88.20273876190186
683.0 85.32670140266418
684.0 81.92145824432373
685.0 78.54646444320679
686.0 74.86249208450317
687.0 70.25249004364014
688.0 65.91954231262207
689.0 61.17260456085205
690.0 55.77133893966675
691.0 51.67531967163086
692.0 47.162896394729614
693.0 42.88940131664276
694.0 37.97471821308136
695.0 32.89569318294525
696.0 27.636992931365967
697.0 22.601307928562164
698.0 16.821902990341187
699.0 12.34952136874199
700.0 8.747060596942902
701.0 5.538327991962433
702.0 3.50537970662117
703.0 2.055089920759201
704.0 1.211082935333252
705.0 0.6879514083266258
706.0 0.41524097323417664
707.0 0.2910320181399584
708.0 0.1857783063314855
709.0 0.15280143124982715
710.0 0.09697811328805983
711.0 0.08974701049737632
712.0 0.07764445035718381
713.0 0.08394581382162869
714.0 0.07295786053873599
715.0 0.030012737261131406
716.0 0.038912659510970116
717.0 0.03289250307716429
718.0 0.06239787326194346
719.0 0.07171964389272034
720.0 1.5958125662920986e-10
721.0 0.004500163413467817
722.0 0.004246879325364716
723.0 0.003993595601059496
724.0 0.003692012614919804
725.0 0.0033904296287801117
726.0 0.00311866206175182
727.0 0.002846894676622469
728.0 0.00270577675109962
729.0 0.0025646584617788903
730.0 0.002423347905278206
731.0 0.0022820375306764618
732.0 0.0022702057322021574
733.0 0.002258373933727853
734.0 0.002147159284504596
735.0 0.0020359442714834586
736.0 0.001841069752117619
737.0 0.0016461952327517793
738.0 0.0016331627193721943
739.0 0.0016201303878915496
740.0 0.0016237299860222265
741.0 0.0016273299479507841
742.0 0.001480224273109343
743.0 0.0013331185982679017
744.0 0.0013862003470421769
745.0 0.0014392818229680415
746.0 0.0013592368304671254
747.0 0.0012791919289156795
748.0 0.0011715378605003934
749.0 0.0010638837920851074
750.0 0.0010591066711640451
751.0 0.0010543299140408635
752.0 0.001123661786550656
753.0 0.0011929937500099186
754.0 0.0011313949471514206
755.0 0.0010697965990402736
756.0 0.001057506597135216
757.0 0.0010452165042806882
758.0 0.0010610902791086119
759.0 0.0010769641448860057
760.0 0.001056505243468564
761.0 0.0010360466148995329
762.0 0.0010356553502788302
763.0 0.0010352644494560082
764.0 0.0010123991160071455
765.0 0.0009895339644572232
766.0 0.0008140222234942485
767.0 0.000638510618955479
768.0 0.0006431289421016118
769.0 0.0006477471288235392
770.0 0.0007700313290115446
771.0 0.0008923158020479605
772.0 0.0008106380846584216
773.0 0.0007289602763194125
774.0 0.0008446811079920735
775.0 0.0009604018487152644
776.0 0.0009209149538946804
777.0 0.0008814280590740964
778.0 0.0008676847755850758
779.0 0.0008539416739949957
780.0 0.0007374413598881802
781.0 0.0006209410912560998
782.0 0.0007231538347696187
783.0 0.0008253664418589324
784.0 0.0008589893695898354
785.0 0.0008926120244723279
786.0 0.0007649770850548521
787.0 0.0006373421911121113
788.0 0.0006567685431946302
789.0 0.0006761951226508245
790.0 0.0007672168067074381
791.0 0.0008582383998145815
792.0 0.0008212882676161826
793.0 0.0007843381354177836
794.0 0.0008566587894165423
795.0 0.0009289791705668904
796.0 0.0007803133485140279
797.0 0.0006316475719359005
798.0 0.0007568824457848677
799.0 0.0008821172741590999
800.0 0.0008052311386563815
801.0 0.0007283447303052526
802.0 0.0006281198693613987
803.0 0.0005278947810438694
804.0 0.0006553345428983448
805.0 0.0007827742592780851
806.0 0.000660021851217607
807.0 0.0005372693976823939
808.0 0.0006990171641518828
809.0 0.0008607649760961067
810.0 0.0007581812496937346
811.0 0.000655597796139773
812.0 0.0006767964350729017
813.0 0.0006979950740060303
814.0 0.0005947541467321571
815.0 0.0004915132649330189
816.0 0.0006012799531163182
817.0 0.0007110466867743526
818.0 0.0006698487595713232
819.0 0.0006286507414188236
820.0 0.00047300750338763464
821.0 0.00031736424261907814
822.0 0.0003862936409859685
823.0 0.00045522306209022645
824.0 0.0004681707650888711
825.0 0.0004811184226127807
826.0 0.0005414732186181936
827.0 0.0006018279691488715
828.0 0.00045039464566798415
829.0 0.0002989612539749942
830.0 0.0001662026988924481
831.0 3.3444160862927674e-05
832.0 4.239485349444294e-05
833.0 5.1345534757274436e-05
834.0 1.5958125662920986e-10
835.0 1.5958125662920986e-10
836.0 0.00024364983346458757
837.0 0.0005842020073032472
838.0 0.0007257587185449665
839.0 0.000867315520736156
840.0 0.0012116612197132781
841.0 0.00155600682774093
842.0 0.002046431109192781
843.0 0.0025368555725435726
844.0 0.0023316768420045264
845.0 0.00212649811146548
846.0 0.0020540008335956372
847.0 0.0019815031919279136
848.0 0.00196223336388357
849.0 0.0019429633539402857
850.0 0.0017196252883877605
851.0 0.0014962873137847055
852.0 0.0013459849469654728
853.0 0.0011956823982472997
854.0 0.0010378603292338084
855.0 0.0008800380783213768
856.0 0.0006806219062127639
857.0 0.00048120587052835617
858.0 0.000577553009861731
859.0 0.0006739000127709005
860.0 0.0005300721568346489
861.0 0.00038624420994892716
862.0 0.0003734469828486908
863.0 0.00036064973301108694
864.0 0.0002487747678969754
865.0 0.0001368998596262827
866.0 0.00012216951290611178
867.0 0.00010743916618594085
868.0 0.0001706347802610253
869.0 0.00023383038296742598
870.0 0.00011202205314475577
871.0 1.5958125662920986e-10
872.0 1.5958125662920986e-10
873.0 1.5958125662920986e-10
874.0 1.5958125662920986e-10
875.0 1.5958125662920986e-10
876.0 1.5958125662920986e-10
877.0 3.1424485769093735e-05
878.0 0.0001465982677473221
879.0 0.0002617720383568667
880.0 0.00017046324956027092
881.0 7.915443234196573e-05
882.0 0.00010293415471096523
883.0 0.00012671390550167416
884.0 5.559702387358811e-06
885.0 1.5958125662920986e-10
886.0 1.5958125662920986e-10
887.0 0.00010118440059159184
888.0 0.00017860660364021896
889.0 0.0002560288066888461
890.0 0.0001852082391451404
891.0 0.00011438763749538339
892.0 1.5958125662920986e-10
893.0 1.5958125662920986e-10
894.0 1.5958125662920986e-10
895.0 8.122406711663643e-05
896.0 0.00010242016514894203
897.0 0.0001236163143403246
898.0 0.0001050440687322407
899.0 8.647181743981491e-05
900.0 1.4715352847360919e-05
901.0 1.5958125662920986e-10
