lsstCam/transmission_filter_detector/r23_s22/i_39/19700101T000000.ecsv
# %ECSV 1.0
# ---
# datatype:
# - {name: wavelength, unit: nm, datatype: float32}
# - {name: efficiency, unit: '%', datatype: float64}
# meta: !!omap
# - {MODE: DETECTOR}
# - {TYPE: transmission_filter_detector}
# - {CALIBDATE: '1970-01-01T00:00:00'}
# - {INSTRUME: LSSTCam}
# - {OBSTYPE: transmission_filter_detector}
# - {CALIBCLS: lsst.ip.isr.IntermediateFilterDetectorTransmissionCurve}
# - {SOURCE: Materion (DM-46256)}
# - {DETECTOR: 107}
# - {FILTER: i_39}
# - {CALIB_ID: 'calibDate=1970-01-01T00:00:00 filter=i_39 detector=107'}
# - {DATE: '2025-04-02T15:59:46.976083'}
# - {CALIB_CREATION_DATE: '2025-04-02'}
# - {CALIB_CREATION_TIME: '15:59:46'}
# - __serialized_columns__:
#     efficiency:
#       __class__: astropy.units.quantity.Quantity
#       unit: !astropy.units.Unit {unit: '%'}
#       value: !astropy.table.SerializedColumn {name: efficiency}
#     wavelength:
#       __class__: astropy.units.quantity.Quantity
#       unit: !astropy.units.Unit {unit: nm}
#       value: !astropy.table.SerializedColumn {name: wavelength}
# schema: astropy-2.0
wavelength efficiency
300.0 0.00929497618926689
301.0 0.0020079975001863204
302.0 1.5942352689715666e-10
303.0 0.0034833868994610384
304.0 0.012245740799698979
305.0 0.011381503281882033
306.0 0.01051726721925661
307.0 0.01129632000811398
308.0 0.012075374252162874
309.0 0.008364587847609073
310.0 0.004653803262044676
311.0 0.0017112284695031121
312.0 1.5942352689715666e-10
313.0 1.5942352689715666e-10
314.0 1.5942352689715666e-10
315.0 1.5942352689715666e-10
316.0 0.002344326458114665
317.0 0.0024279139324789867
318.0 0.0025115019525401294
319.0 0.001445379984943429
320.0 0.0003792584266193444
321.0 0.0003175016445311485
322.0 0.0002557442485340289
323.0 0.0008834347681840882
324.0 0.0015111244465515483
325.0 1.5942352689715666e-10
326.0 1.5942352689715666e-10
327.0 1.5942352689715666e-10
328.0 1.5942352689715666e-10
329.0 0.0004284219812689116
330.0 0.002534190753067378
331.0 0.0018711229131440632
332.0 0.0012080554370186292
333.0 0.00174979904841166
334.0 0.0022915426598046906
335.0 0.0011510003787407186
336.0 1.0458240495836435e-05
337.0 0.00020770453375007492
338.0 0.00040495037865184713
339.0 0.0007882928002800327
340.0 0.0011716353583324235
341.0 0.0002015136033151066
342.0 1.5942352689715666e-10
343.0 0.0012163258361397311
344.0 0.0032012601877795532
345.0 0.0016721034626243636
346.0 0.00014294703305495204
347.0 1.5942352689715666e-10
348.0 1.5942352689715666e-10
349.0 1.5942352689715666e-10
350.0 0.0005177061211725231
351.0 0.00032213699796557194
352.0 0.00012656773833441548
353.0 1.5942352689715666e-10
354.0 1.5942352689715666e-10
355.0 1.5942352689715666e-10
356.0 0.0007646608537470456
357.0 0.0008267240446002688
358.0 0.0008887874173524324
359.0 0.0003970260877395049
360.0 1.5942352689715666e-10
361.0 1.5942352689715666e-10
362.0 7.619140092174348e-05
363.0 1.5942352689715666e-10
364.0 1.5942352689715666e-10
365.0 1.5942352689715666e-10
366.0 1.5942352689715666e-10
367.0 1.5942352689715666e-10
368.0 0.00033909645935636945
369.0 0.0005154907285032095
370.0 0.0006918849521753145
371.0 0.00048804058678797446
372.0 0.0002841961759258993
373.0 0.0006063857654226013
374.0 0.0009285751730203629
375.0 0.0006734983799105976
376.0 0.0004184216322755674
377.0 0.0004134850769332843
378.0 0.00040854865801520646
379.0 0.0005068974132882431
380.0 0.0006052460321370745
381.0 6.495105253634392e-05
382.0 1.5942352689715666e-10
383.0 1.5942352689715666e-10
384.0 0.0002398190872554551
385.0 0.00018284596308149048
386.0 0.0001258729071196285
387.0 1.5942352689715666e-10
388.0 1.5942352689715666e-10
389.0 1.5942352689715666e-10
390.0 1.5942352689715666e-10
391.0 1.5942352689715666e-10
392.0 0.0003847244897769997
393.0 0.00010254503877149546
394.0 1.5942352689715666e-10
395.0 0.0003995754468633095
396.0 0.0009787852832232602
397.0 0.001027020061883377
398.0 0.0010752548405434936
399.0 0.0014348248441820033
400.0 0.001794394847820513
401.0 0.003111555997747928
402.0 0.0044287164200795814
403.0 0.004967792483512312
404.0 0.005506869638338685
405.0 0.0036992256355006248
406.0 0.001891582360258326
407.0 0.002471435254847165
408.0 0.0030512876037391834
409.0 0.0030766663257963955
410.0 0.0031020448659546673
411.0 0.0046998215111671016
412.0 0.006297598156379536
413.0 0.004741884549730457
414.0 0.0031861713068792596
415.0 0.003764736538869329
416.0 0.004343301770859398
417.0 0.004213963620713912
418.0 0.0040846247429726645
419.0 0.0034386168408673257
420.0 0.0027926083930651657
421.0 0.003930028833565302
422.0 0.005067449455964379
423.0 0.005053187123849057
424.0 0.005038924791733734
425.0 0.0054856413044035435
426.0 0.005932357089477591
427.0 0.00557649509573821
428.0 0.005220633101998828
429.0 0.004355402779765427
430.0 0.0034901731851277873
431.0 0.00340158112521749
432.0 0.0033129890653071925
433.0 0.002654001764312852
434.0 0.0019950142814195715
435.0 0.0018345770513406023
436.0 0.0016741396393626928
437.0 0.0018406772142043337
438.0 0.0020072147890459746
439.0 0.0015972580513334833
440.0 0.0011873011317220517
441.0 0.0014158195881464053
442.0 0.0016443382264696993
443.0 0.0018196651581092738
444.0 0.001994991907849908
445.0 0.0016123309251270257
446.0 0.0012296701243030839
447.0 0.0006687177574349334
448.0 0.00010776537919809925
449.0 0.00019113142570859054
450.0 0.0002744974381130305
451.0 0.00047243920562323183
452.0 0.0006703810413455358
453.0 0.0007844375431886874
454.0 0.000898493999557104
455.0 0.0008998232260637451
456.0 0.0009011524525703862
457.0 0.0006691246198897716
458.0 0.0004370967417344218
459.0 0.0005665373919327976
460.0 0.0006959779511817032
461.0 0.0006662625764874974
462.0 0.0006365472017932916
463.0 0.0005333779427019181
464.0 0.00043020863813580945
465.0 0.00015173666270129615
466.0 1.5942352689715666e-10
467.0 0.000265297717305657
468.0 0.000657330701869796
469.0 0.0006352415311994264
470.0 0.0006131522695795866
471.0 0.00048489200707990676
472.0 0.0003566318810044322
473.0 0.0005149318440089701
474.0 0.0006732317615387728
475.0 0.00042352571654191706
476.0 0.00017381963743900997
477.0 0.00047363150770252105
478.0 0.0007734432983852457
479.0 0.0013185441275709309
480.0 0.0018636452296050265
481.0 0.0026117853849427775
482.0 0.0033599255402805284
483.0 0.004674626688938588
484.0 0.0059893278375966474
485.0 0.006888732605148107
486.0 0.0077881370089016855
487.0 0.010544700489845127
488.0 0.013301262515597045
489.0 0.016245839651674032
490.0 0.01919041678775102
491.0 0.0212290498893708
492.0 0.02326768299099058
493.0 0.024766303249634802
494.0 0.026264923508279026
495.0 0.023848247656133026
496.0 0.02143156889360398
497.0 0.017977213428821415
498.0 0.014522859419230372
499.0 0.010135764023289084
500.0 0.00574867008253932
501.0 0.00391669491364155
502.0 0.0020847199266427197
503.0 0.0021463447410496883
504.0 0.0022079693735577166
505.0 0.002015824975387659
506.0 0.0018236803953186609
507.0 0.0020286572180339135
508.0 0.002233634040749166
509.0 0.0024560646124882624
510.0 0.0026784955480252393
511.0 0.002192610190832056
512.0 0.0017067250155378133
513.0 0.0019594819605117664
514.0 0.0022122389054857194
515.0 0.0023762213459121995
516.0 0.00254020396823762
517.0 0.002455814137647394
518.0 0.0023714244889561087
519.0 0.00227206928684609
520.0 0.002172714266635012
521.0 0.0020078225134056993
522.0 0.0018429305782774463
523.0 0.001664589944994077
524.0 0.0014862491298117675
525.0 0.001999600681301672
526.0 0.0025129522327915765
527.0 0.00264469490502961
528.0 0.002776437577267643
529.0 0.0026471812816453166
530.0 0.0025179246222251095
531.0 0.002215682434325572
532.0 0.001913440428324975
533.0 0.0017526710507809184
534.0 0.0015919020370347425
535.0 0.0017822476365836337
536.0 0.001972593236132525
537.0 0.0025748358893906698
538.0 0.003177078178850934
539.0 0.003825065869023092
540.0 0.0044730531953973696
541.0 0.005022143523092382
542.0 0.0055712342145852745
543.0 0.005279433389659971
544.0 0.004987632928532548
545.0 0.0040606562834000215
546.0 0.0031336800020653754
547.0 0.002465895886416547
548.0 0.0017981115888687782
549.0 0.00167599519045325
550.0 0.0015538787920377217
551.0 0.0015569945389870554
552.0 0.0015601102859363891
553.0 0.0015764308045618236
554.0 0.0015927515050861984
555.0 0.0010724384992499836
556.0 0.0005521255388885038
557.0 0.0007510299383284291
558.0 0.0009499342922936194
559.0 0.000742886140869814
560.0 0.0005358379894460086
561.0 0.0010260283488605637
562.0 0.0015162188901740592
563.0 0.0014405482033907901
564.0 0.0013648772437591106
565.0 0.001387958400300704
566.0 0.0014110395568422973
567.0 0.0011726067896233872
568.0 0.0009341741133539472
569.0 0.0008611443263362162
570.0 0.0007881147212174255
571.0 0.0006756497896276414
572.0 0.0005631847670883872
573.0 0.0006038884293957381
574.0 0.0006445920462283539
575.0 0.0006674206360912649
576.0 0.0006902491804794408
577.0 0.0005138326741871424
578.0 0.0003374162361069466
579.0 0.0004268795237294398
580.0 0.0005163429250387708
581.0 0.0004739561063615838
582.0 0.00043156928768439684
583.0 0.0005753309324063594
584.0 0.0007190925316535868
585.0 0.0006548908004333498
586.0 0.000590689160162583
587.0 0.0005580149718298344
588.0 0.0005253407834970858
589.0 0.000588851617067121
590.0 0.0006523624961118912
591.0 0.0006515634595416486
592.0 0.0006507645139208762
593.0 0.0005305896593199577
594.0 0.00041041475924430415
595.0 0.00040956610973807983
596.0 0.00040871736928238533
597.0 0.00045376236812444404
598.0 0.0004988073669665027
599.0 0.0004034187895740615
600.0 0.00030803028039372293
601.0 0.0003478959115454927
602.0 0.00038776151995989494
603.0 0.0003958784418500727
604.0 0.00040399536374025047
605.0 0.0003201815161446575
606.0 0.0002363676912864321
607.0 0.0002944080733868759
608.0 0.0003524485009620548
609.0 0.00045173319449531846
610.0 0.0005510178198164795
611.0 0.0005442760084406473
612.0 0.0005375341061153449
613.0 0.00042513825064816047
614.0 0.000312742395180976
615.0 0.00027125463475385914
616.0 0.00022976682885200717
617.0 0.0003671778813441051
618.0 0.0005045889338362031
619.0 0.000353800578523078
620.0 0.00020301229142205557
621.0 0.00015608327430527424
622.0 0.00010915426855717669
623.0 0.00029097823244228493
624.0 0.0004728021849587094
625.0 0.00033688604617054807
626.0 0.00020096993011975428
627.0 0.00027211544875171967
628.0 0.00034326096738368506
629.0 0.00032343923521693796
630.0 0.00030361750305019086
631.0 0.0004131642072024988
632.0 0.000522710797667969
633.0 0.000480517337564379
634.0 0.00043832378651131876
635.0 0.0004160336629865924
636.0 0.0003937435849366011
637.0 0.0005264225364953745
638.0 0.0006591014425794128
639.0 0.0006751135970262112
640.0 0.0006911257969477447
641.0 0.0006458481493609725
642.0 0.0006005705472489353
643.0 0.0007198367256933125
644.0 0.0008391029041376896
645.0 0.0007526925401180051
646.0 0.0006662821760983206
647.0 0.0006667607067356585
648.0 0.0006672392373729963
649.0 0.0007587622349092271
650.0 0.000850285232445458
651.0 0.000871436350280419
652.0 0.0008925873771659099
653.0 0.0009524991583020892
654.0 0.0010124110303877387
655.0 0.0014659845874120947
656.0 0.0019195580534869805
657.0 0.00302441549138166
658.0 0.004129272565478459
659.0 0.00672835813020356
660.0 0.08983350126072764
661.0 0.08250857936218381
662.0 0.07022028439678252
663.0 0.06228581769391894
664.0 0.08518770919181406
665.0 0.08611312368884683
666.0 0.16447162488475442
667.0 0.2156347967684269
668.0 0.23397784680128098
669.0 0.3128065261989832
670.0 0.3776521421968937
671.0 0.6677428260445595
672.0 1.0645287111401558
673.0 1.6517726704478264
674.0 2.412858232855797
675.0 3.4091807901859283
676.0 4.482361301779747
677.0 5.816870555281639
678.0 7.204420864582062
679.0 8.701997250318527
680.0 10.682608187198639
681.0 12.849751114845276
682.0 15.400221943855286
683.0 18.196038901805878
684.0 21.096348762512207
685.0 24.102863669395447
686.0 27.081236243247986
687.0 30.377501249313354
688.0 33.76384079456329
689.0 37.230414152145386
690.0 41.299667954444885
691.0 45.64754664897919
692.0 50.74705481529236
693.0 56.140369176864624
694.0 62.250494956970215
695.0 67.93172359466553
696.0 74.10354018211365
697.0 79.60885167121887
698.0 85.15934348106384
699.0 89.29182887077332
700.0 92.42296814918518
701.0 94.80385184288025
702.0 96.27066254615784
703.0 97.1579372882843
704.0 97.42802381515503
705.0 97.73457646369934
706.0 97.73252606391907
707.0 97.86412715911865
708.0 97.90380001068115
709.0 97.95001149177551
710.0 97.7040946483612
711.0 98.00413846969604
712.0 97.85178899765015
713.0 98.01722168922424
714.0 98.02595376968384
715.0 98.18529486656189
716.0 97.86034822463989
717.0 98.11104536056519
718.0 98.17890524864197
719.0 98.05055260658264
720.0 98.33810925483704
721.0 98.24548959732056
722.0 97.88291454315186
723.0 97.67433404922485
724.0 97.4027931690216
725.0 97.04328179359436
726.0 96.86520099639893
727.0 96.65400385856628
728.0 96.49084210395813
729.0 96.29286527633667
730.0 96.34859561920166
731.0 96.36079668998718
732.0 96.40671610832214
733.0 96.72384262084961
734.0 97.0976173877716
735.0 97.23986387252808
736.0 97.58212566375732
737.0 98.03433418273926
738.0 98.22927117347717
739.0 98.57779145240784
740.0 98.68537783622742
741.0 98.42867255210876
742.0 98.86589646339417
743.0 98.70002269744873
744.0 98.52097034454346
745.0 98.52367639541626
746.0 98.49781394004822
747.0 98.73780012130737
748.0 98.66276383399963
749.0 98.48636388778687
750.0 98.43758344650269
751.0 98.41033816337585
752.0 98.30891489982605
753.0 98.55421781539917
754.0 98.4513521194458
755.0 98.55759739875793
756.0 98.62704873085022
757.0 98.58438372612
758.0 98.6382007598877
759.0 98.72596263885498
760.0 98.6124336719513
761.0 98.56972098350525
762.0 98.68751764297485
763.0 98.66204261779785
764.0 98.52253794670105
765.0 98.46382141113281
766.0 98.48928451538086
767.0 98.29893112182617
768.0 98.27672243118286
769.0 98.26310276985168
770.0 97.99669981002808
771.0 98.0423629283905
772.0 98.08958172798157
773.0 97.84033298492432
774.0 97.68368005752563
775.0 97.82689809799194
776.0 97.74919748306274
777.0 97.84113764762878
778.0 97.82212376594543
779.0 98.00525307655334
780.0 97.90447354316711
781.0 98.2539415359497
782.0 98.1440007686615
783.0 98.30844402313232
784.0 98.27848076820374
785.0 98.39209914207458
786.0 98.5986053943634
787.0 98.33153486251831
788.0 98.37380647659302
789.0 98.45331311225891
790.0 98.38987588882446
791.0 98.38438630104065
792.0 98.25485348701477
793.0 98.19539189338684
794.0 98.05731177330017
795.0 97.95809984207153
796.0 97.8952944278717
797.0 97.99561500549316
798.0 97.82141447067261
799.0 97.71391153335571
800.0 97.54242897033691
801.0 97.49709963798523
802.0 97.3701000213623
803.0 97.09022045135498
804.0 96.68557643890381
805.0 96.07962965965271
806.0 95.35003304481506
807.0 94.30370330810547
808.0 92.85063743591309
809.0 91.2185788154602
810.0 89.42256569862366
811.0 86.99629306793213
812.0 84.26284790039062
813.0 81.09845519065857
814.0 77.30343341827393
815.0 73.3364999294281
816.0 69.178307056427
817.0 64.55032229423523
818.0 59.5658004283905
819.0 55.337148904800415
820.0 50.534242391586304
821.0 46.07091248035431
822.0 41.66136384010315
823.0 37.10445463657379
824.0 32.47212469577789
825.0 28.296783566474915
826.0 23.93149733543396
827.0 19.354785978794098
828.0 15.384407341480255
829.0 11.608438938856125
830.0 8.03585946559906
831.0 5.569838732481003
832.0 3.4694891422986984
833.0 2.1010760217905045
834.0 1.2451601214706898
835.0 0.7113060913980007
836.0 0.42586708441376686
837.0 0.25248806923627853
838.0 0.15243504894897342
839.0 0.1251619658432901
840.0 0.07630765903741121
841.0 0.03985046059824526
842.0 0.02364698884775862
843.0 1.5942352689715666e-10
844.0 0.02693581918720156
845.0 1.5942352689715666e-10
846.0 1.5942352689715666e-10
847.0 1.5942352689715666e-10
848.0 1.5942352689715666e-10
849.0 1.5942352689715666e-10
850.0 0.0035427405236987397
851.0 0.0012176173186162487
852.0 0.001357887413178105
853.0 0.0010441002814332023
854.0 0.0007303131951630348
855.0 0.0005243946361588314
856.0 0.00031847609989199555
857.0 0.00022343965611071326
858.0 0.00012840313274864457
859.0 1.5942352689715666e-10
860.0 1.5942352689715666e-10
861.0 1.5942352689715666e-10
862.0 3.2982104158918446e-06
863.0 1.5942352689715666e-10
864.0 1.5942352689715666e-10
865.0 1.5942352689715666e-10
866.0 1.5942352689715666e-10
867.0 1.5942352689715666e-10
868.0 1.5942352689715666e-10
869.0 1.5942352689715666e-10
870.0 0.00012890769767182064
871.0 0.0001092325533136318
872.0 8.955733505899843e-05
873.0 9.400955605087802e-05
874.0 9.846177135841572e-05
875.0 1.5942352689715666e-10
876.0 1.5942352689715666e-10
877.0 1.5942352689715666e-10
878.0 1.5942352689715666e-10
879.0 1.5942352689715666e-10
880.0 4.511724682743079e-05
881.0 4.8289302867488004e-05
882.0 5.146141575096408e-05
883.0 1.0892812696283727e-05
884.0 1.5942352689715666e-10
885.0 1.5942352689715666e-10
886.0 1.5942352689715666e-10
887.0 1.5942352689715666e-10
888.0 1.5942352689715666e-10
889.0 1.5942352689715666e-10
890.0 1.5942352689715666e-10
891.0 9.924544741579666e-06
892.0 8.403161473324872e-05
893.0 1.5942352689715666e-10
894.0 1.5942352689715666e-10
895.0 1.5942352689715666e-10
