lsstCam/transmission_filter_detector/r23_s22/i_39/19700101T000000.ecsv
# %ECSV 1.0
# ---
# datatype:
# - {name: wavelength, unit: nm, datatype: float32}
# - {name: efficiency, unit: '%', datatype: float64}
# meta: !!omap
# - {MODE: DETECTOR}
# - {TYPE: transmission_filter_detector}
# - {CALIBDATE: '1970-01-01T00:00:00'}
# - {INSTRUME: LSSTCam}
# - {OBSTYPE: transmission_filter_detector}
# - {CALIBCLS: lsst.ip.isr.IntermediateFilterDetectorTransmissionCurve}
# - {SOURCE: Materion (DM-46256)}
# - {DETECTOR: 107}
# - {FILTER: i_39}
# - {CALIB_ID: 'calibDate=1970-01-01T00:00:00 filter=i_39 detector=107'}
# - {DATE: '2025-04-02T15:59:46.976083'}
# - {CALIB_CREATION_DATE: '2025-04-02'}
# - {CALIB_CREATION_TIME: '15:59:46'}
# - __serialized_columns__:
#     efficiency:
#       __class__: astropy.units.quantity.Quantity
#       unit: !astropy.units.Unit {unit: '%'}
#       value: !astropy.table.SerializedColumn {name: efficiency}
#     wavelength:
#       __class__: astropy.units.quantity.Quantity
#       unit: !astropy.units.Unit {unit: nm}
#       value: !astropy.table.SerializedColumn {name: wavelength}
# schema: astropy-2.0
wavelength efficiency
[from data line 597]
897.0 1.5942352689715666e-10
898.0 1.5942352689715666e-10
899.0 1.5942352689715666e-10
900.0 1.5942352689715666e-10
901.0 1.5942352689715666e-10
902.0 1.5942352689715666e-10
903.0 1.5942352689715666e-10
904.0 1.5942352689715666e-10
905.0 1.509893081674818e-05
906.0 8.373128252969764e-05
907.0 1.8448588434694102e-05
908.0 1.5942352689715666e-10
909.0 9.520554300479489e-06
910.0 6.587517304978974e-05
911.0 7.891390509939811e-05
912.0 9.195262009598082e-05
913.0 3.889091999553784e-05
914.0 1.5942352689715666e-10
915.0 1.0013090445681883e-05
916.0 3.419699794449116e-05
917.0 1.5942352689715666e-10
918.0 1.5942352689715666e-10
919.0 1.5942352689715666e-10
920.0 1.5942352689715666e-10
921.0 3.297960660120225e-06
922.0 1.0870730449141774e-05
923.0 1.5942352689715666e-10
924.0 1.5942352689715666e-10
925.0 2.852812883702427e-05
926.0 8.302750416078197e-05
927.0 1.5942352689715666e-10
928.0 1.5942352689715666e-10
929.0 1.5942352689715666e-10
930.0 0.00012168065950390883
931.0 4.740925021451403e-05
932.0 1.5942352689715666e-10
933.0 1.5942352689715666e-10
934.0 1.5942352689715666e-10
935.0 1.5942352689715666e-10
936.0 1.5942352689715666e-10
937.0 1.5942352689715666e-10
938.0 1.2662662030038518e-06
939.0 1.5942352689715666e-10
940.0 1.5942352689715666e-10
941.0 1.5942352689715666e-10
942.0 1.5942352689715666e-10
943.0 1.5942352689715666e-10
944.0 1.5942352689715666e-10
945.0 1.5942352689715666e-10
946.0 1.5942352689715666e-10
947.0 1.5942352689715666e-10
948.0 1.5942352689715666e-10
949.0 1.5942352689715666e-10
950.0 1.5942352689715666e-10
951.0 1.5942352689715666e-10
952.0 2.568189358953532e-05
953.0 1.5942352689715666e-10
954.0 1.5942352689715666e-10
955.0 1.5942352689715666e-10
956.0 1.5942352689715666e-10
957.0 1.5942352689715666e-10
958.0 2.5664820668680477e-05
959.0 3.8375753774744226e-05
960.0 5.108670961817552e-05
961.0 5.049875539953064e-05
962.0 4.991080686522764e-05
963.0 0.00016611591036053142
964.0 0.0002823210479618865
965.0 0.00021096084310556762
966.0 0.00013960067235530005
967.0 1.5942352689715666e-10
968.0 1.5942352689715666e-10
969.0 1.5942352689715666e-10
970.0 1.5942352689715666e-10
971.0 1.5942352689715666e-10
972.0 1.5942352689715666e-10
973.0 6.403166707968921e-05
974.0 0.0002625577508297283
975.0 6.965265129110776e-05
976.0 1.5942352689715666e-10
977.0 1.5942352689715666e-10
978.0 9.179175322060473e-05
979.0 1.5942352689715666e-10
980.0 1.5942352689715666e-10
981.0 1.5942352689715666e-10
982.0 1.5942352689715666e-10
983.0 1.5942352689715666e-10
984.0 1.5942352689715666e-10
985.0 1.5942352689715666e-10
986.0 4.954905534759746e-05
987.0 1.5942352689715666e-10
988.0 1.5942352689715666e-10
989.0 1.5942352689715666e-10
990.0 1.5942352689715666e-10
991.0 2.7480388098410913e-05
992.0 0.00011510189779073698
993.0 5.0368294068903197e-05
994.0 1.5942352689715666e-10
995.0 1.5942352689715666e-10
996.0 1.4227227040919388e-05
997.0 3.545684137407079e-05
998.0 5.6686428706598235e-05
999.0 6.759954089829989e-05
1000.0 7.851259624658269e-05
1001.0 0.00019675651401485084
1002.0 0.0003150003749397001
1003.0 0.0002474785560480086
1004.0 0.00017995671441894956
1005.0 0.00017715702824716573
1006.0 0.00017435728523196303
1007.0 0.00010504634246899514
1008.0 3.573543096990761e-05
1009.0 0.00018029621742243762
1010.0 0.00032485697829542914
1011.0 0.00032060809189715656
1012.0 0.0003163591827615164
1013.0 0.0002597510729174246
1014.0 0.00020314298581070034
1015.0 0.00024080427465378307
1016.0 0.0002784656089716009
1017.0 0.00025261945211241255
1018.0 0.00022677331799059175
1019.0 9.058288128471759e-05
1020.0 1.5942352689715666e-10
1021.0 8.906298489819164e-05
1022.0 0.0002237335138488561
1023.0 0.00016977120367300813
1024.0 0.00011580892760321149
1025.0 0.00019835870261886157
1026.0 0.00028090851174056297
1027.0 0.00037693691865570145
1028.0 0.0004729653028334724
1029.0 0.0008507769962307066
1030.0 0.0012285886441532057
1031.0 0.0017330801711068489
1032.0 0.0022375714252120815
1033.0 0.00237952008319553
1034.0 0.0025214689230779186
1035.0 0.0029894024919485673
1036.0 0.0034573356970213354
1037.0 0.0033395892387488857
1038.0 0.003221842780476436
1039.0 0.00293576558760833
1040.0 0.002649688394740224
1041.0 0.0025668494345154613
1042.0 0.002484010656189639
1043.0 0.0028970987841603346
1044.0 0.0033101870940299705
1045.0 0.0033750649890862405
1046.0 0.00343994252034463
1047.0 0.003275218841736205
1048.0 0.0031104944355320185
1049.0 0.002781365401460789
1050.0 0.0024522361854906194
1051.0 0.0020496132492553443
1052.0 0.0016469906768179499
1053.0 0.0014502522390102968
1054.0 0.0012535136193037033
1055.0 0.0010864965588552877
1056.0 0.000919479407457402
1057.0 0.0006582122296094894
1058.0 0.00039694523366051726
1059.0 0.0008769568012212403
1060.0 0.0013569683687819634
1061.0 0.0013667887287738267
1062.0 0.0013766092706646305
1063.0 0.0020029734514537267
1064.0 0.002629337723192293
1065.0 0.003272446701885201
1066.0 0.003915555862477049
1067.0 0.004332691605668515
1068.0 0.0047498269850621
1069.0 0.004281926521798596
1070.0 0.003814025694737211
1071.0 0.0035554821806726977
1072.0 0.0032969386666081846
1073.0 0.002987435073009692
1074.0 0.0026779314794111997
1075.0 0.0031966726965038106
1076.0 0.0037154135497985408
1077.0 0.003511466275085695
1078.0 0.00330751936417073
1079.0 0.003207427653251216
1080.0 0.0031073359423317015
1081.0 0.00211554051929852
1082.0 0.0011237455510126892
1083.0 0.0005478594175656326
1084.0 1.5942352689715666e-10
1085.0 0.0005871399480383843
1086.0 0.0012023065210087225
1087.0 0.0006185536221892107
1088.0 3.4800726211869915e-05
1089.0 1.5942352689715666e-10
1090.0 1.5942352689715666e-10
1091.0 1.5942352689715666e-10
1092.0 0.0006277684860833688
1093.0 0.0001622628019504191
1094.0 1.5942352689715666e-10
1095.0 1.5942352689715666e-10
1096.0 1.5942352689715666e-10
1097.0 1.5942352689715666e-10
1098.0 1.5942352689715666e-10
1099.0 0.0006115361884440063
1100.0 0.001650398553465493
