lsstCam/transmission_filter_detector/r22_s21/g_6/19700101T000000.ecsv
# %ECSV 1.0
# ---
# datatype:
# - {name: wavelength, unit: nm, datatype: float32}
# - {name: efficiency, unit: '%', datatype: float64}
# meta: !!omap
# - {MODE: DETECTOR}
# - {TYPE: transmission_filter_detector}
# - {CALIBDATE: '1970-01-01T00:00:00'}
# - {INSTRUME: LSSTCam}
# - {OBSTYPE: transmission_filter_detector}
# - {CALIBCLS: lsst.ip.isr.IntermediateFilterDetectorTransmissionCurve}
# - {SOURCE: Materion (DM-46256)}
# - {DETECTOR: 97}
# - {FILTER: g_6}
# - {CALIB_ID: 'calibDate=1970-01-01T00:00:00 filter=g_6 detector=97'}
# - {DATE: '2025-04-02T15:59:42.477647'}
# - {CALIB_CREATION_DATE: '2025-04-02'}
# - {CALIB_CREATION_TIME: '15:59:42'}
# - __serialized_columns__:
#     efficiency:
#       __class__: astropy.units.quantity.Quantity
#       unit: !astropy.units.Unit {unit: '%'}
#       value: !astropy.table.SerializedColumn {name: efficiency}
#     wavelength:
#       __class__: astropy.units.quantity.Quantity
#       unit: !astropy.units.Unit {unit: nm}
#       value: !astropy.table.SerializedColumn {name: wavelength}
# schema: astropy-2.0
wavelength efficiency
[from data line 607]
907.0 0.0005185164809518028
908.0 0.00047351777539006434
909.0 0.0004285190698283259
910.0 0.00037447887279995484
911.0 0.00032043865303421626
912.0 0.00040745526348473504
913.0 0.0004944718057231512
914.0 0.00046172976908565033
915.0 0.00042898773244814947
916.0 0.0003975286745117046
917.0 0.0003660697075247299
918.0 0.0004054388227814343
919.0 0.00044480793803813867
920.0 0.00047396670197485946
921.0 0.0005031255113863153
922.0 0.0004974028797732899
923.0 0.0004916802481602645
924.0 0.0004314284524298273
925.0 0.00037117656574992
926.0 0.0004604898094839882
927.0 0.0005498031441675266
928.0 0.0006068336460884893
929.0 0.0006638642389589222
930.0 0.000557585372007452
931.0 0.0004513063686317764
932.0 0.0005245437478151871
933.0 0.0005977812179480679
934.0 0.0005929085546085844
935.0 0.0005880358912691008
936.0 0.0005384502401284408
937.0 0.0004888646344625158
938.0 0.0006156637482490623
939.0 0.000742462952985079
940.0 0.000682399468132644
941.0 0.0006223358923307387
942.0 0.000712505880073877
943.0 0.0008026758223422803
944.0 0.0007876301424403209
945.0 0.0007725842806394212
946.0 0.000862575961946277
947.0 0.0009525675523036625
948.0 0.0008493151653965469
949.0 0.0007460627330146963
950.0 0.000810767051007133
951.0 0.0008754713235248346
952.0 0.0009513136319583282
953.0 0.0010271559403918218
954.0 0.0010083730558108073
955.0 0.000989590262179263
956.0 0.0009323995072918478
957.0 0.0008752087524044327
958.0 0.000906429977476364
959.0 0.0009376511115988251
960.0 0.0008318384971062187
961.0 0.000726025700714672
962.0 0.0007809806447767187
963.0 0.0008359354978892952
964.0 0.0007213437584141502
965.0 0.0006067517460905947
966.0 0.0006361141913657775
967.0 0.0006654765002167551
968.0 0.0007042038305371534
969.0 0.0007429310699080816
970.0 0.0007517995527450694
971.0 0.0007606681720062625
972.0 0.0009121468792727683
973.0 0.001063625586539274
974.0 0.0010093363925989252
975.0 0.0009550471077091061
976.0 0.0009032202797243372
977.0 0.0008513933607900981
978.0 0.0009610071174392942
979.0 0.0010706208740884904
980.0 0.0011405998520785943
981.0 0.0012105788300686982
982.0 0.001238877848663833
983.0 0.001267176958208438
984.0 0.0012914305443700869
985.0 0.0013156839486327954
986.0 0.0012838003385695629
987.0 0.0012519164556579199
988.0 0.0012896932275907602
989.0 0.00132746972667519
990.0 0.001317219175689388
991.0 0.001306968624703586
992.0 0.0011824434295704123
993.0 0.0010579182344372384
994.0 0.0011948603059863672
995.0 0.0013318025594344363
996.0 0.001282180346606765
997.0 0.0012325580428296234
998.0 0.0012738793884636834
999.0 0.0013152009159966838
1000.0 0.0012925753253512084
1001.0 0.0012699495528067928
1002.0 0.0013687735190615058
1003.0 0.0014675973034172785
1004.0 0.0013939828932052478
1005.0 0.0013203684829932172
1006.0 0.0014295171240519267
1007.0 0.001538665674161166
1008.0 0.0015778916349518113
1009.0 0.001617117777641397
1010.0 0.001729875111777801
1011.0 0.0018426326278131455
1012.0 0.001874331064755097
1013.0 0.0019060295016970485
1014.0 0.0021771898900624365
1015.0 0.0024483502784278244
1016.0 0.0025626275601098314
1017.0 0.002676904659892898
1018.0 0.0029113731216057204
1019.0 0.003145841765217483
1020.0 0.0035120840038871393
1021.0 0.003878326606354676
1022.0 0.003994904909632169
1023.0 0.004111483576707542
1024.0 0.0042750743887154385
1025.0 0.004438665564521216
1026.0 0.004616682417690754
1027.0 0.004794698543264531
1028.0 0.005095391315990128
1029.0 0.005396083724917844
1030.0 0.005364772368920967
1031.0 0.005333460649126209
1032.0 0.005535538730327971
1033.0 0.0057376164477318525
1034.0 0.005651996616506949
1035.0 0.005566376785282046
1036.0 0.005699074245058
1037.0 0.005831771704833955
1038.0 0.005925693039898761
1039.0 0.006019614738761447
1040.0 0.0062021259509492666
1041.0 0.0063846375269349664
1042.0 0.006623355875490233
1043.0 0.006862074951641262
1044.0 0.007426274532917887
1045.0 0.007990474841790274
1046.0 0.008906328730517998
1047.0 0.0098221811640542
1048.0 0.011241379979765043
1049.0 0.012660576612688601
1050.0 0.015063684259075671
1051.0 0.017466788995079696
1052.0 0.021151556575205177
1053.0 0.024836324155330658
1054.0 0.03013107052538544
1055.0 0.03542581689544022
1056.0 0.04247882461640984
1057.0 0.049531826516613364
1058.0 0.057766924146562815
1059.0 0.06600201595574617
1060.0 0.07493840530514717
1061.0 0.08387480047531426
1062.0 0.09257804485969245
1063.0 0.10128126014024019
1064.0 0.10927063412964344
1065.0 0.11725998483598232
1066.0 0.12588007375597954
1067.0 0.13450018595904112
1068.0 0.14311160193756223
1069.0 0.15172302955761552
1070.0 0.1602651085704565
1071.0 0.1688071759417653
1072.0 0.17668387154117227
1073.0 0.18456055549904704
1074.0 0.193855375982821
1075.0 0.20315023139119148
1076.0 0.21301242522895336
1077.0 0.22287466563284397
1078.0 0.2338486025109887
1079.0 0.24482256267219782
1080.0 0.2616229932755232
1081.0 0.27842342387884855
1082.0 0.3053282154724002
1083.0 0.3322330303490162
1084.0 0.3774403128772974
1085.0 0.42264764197170734
1086.0 0.4620707593858242
1087.0 0.5014938302338123
1088.0 0.5682649556547403
1089.0 0.6350360345095396
1090.0 0.7190365809947252
1091.0 0.8030371740460396
1092.0 0.8471536450088024
1093.0 0.8912701159715652
1094.0 0.9519818238914013
1095.0 1.0126933455467224
1096.0 1.098023634403944
1097.0 1.1833538301289082
1098.0 1.3089897111058235
1099.0 1.4346258714795113
1100.0 1.6401302069425583
1101.0 1.8456345424056053
