lsstCam/transmission_filter_detector/r22_s21/g_6/19700101T000000.ecsv
# %ECSV 1.0
# ---
# datatype:
# - {name: wavelength, unit: nm, datatype: float32}
# - {name: efficiency, unit: '%', datatype: float64}
# meta: !!omap
# - {MODE: DETECTOR}
# - {TYPE: transmission_filter_detector}
# - {CALIBDATE: '1970-01-01T00:00:00'}
# - {INSTRUME: LSSTCam}
# - {OBSTYPE: transmission_filter_detector}
# - {CALIBCLS: lsst.ip.isr.IntermediateFilterDetectorTransmissionCurve}
# - {SOURCE: Materion (DM-46256)}
# - {DETECTOR: 97}
# - {FILTER: g_6}
# - {CALIB_ID: 'calibDate=1970-01-01T00:00:00 filter=g_6 detector=97'}
# - {DATE: '2025-04-02T15:59:42.477647'}
# - {CALIB_CREATION_DATE: '2025-04-02'}
# - {CALIB_CREATION_TIME: '15:59:42'}
# - __serialized_columns__:
#     efficiency:
#       __class__: astropy.units.quantity.Quantity
#       unit: !astropy.units.Unit {unit: '%'}
#       value: !astropy.table.SerializedColumn {name: efficiency}
#     wavelength:
#       __class__: astropy.units.quantity.Quantity
#       unit: !astropy.units.Unit {unit: nm}
#       value: !astropy.table.SerializedColumn {name: wavelength}
# schema: astropy-2.0
wavelength efficiency
300.0 0.46209758147597313
301.0 0.3584484104067087
302.0 0.2547991927713156
303.0 0.23613120429217815
304.0 0.21746321581304073
305.0 0.21750663872808218
306.0 0.21755003836005926
307.0 0.2197482855990529
308.0 0.22194650955498219
309.0 0.21675049792975187
310.0 0.2115545328706503
311.0 0.20347172394394875
312.0 0.19538889173418283
313.0 0.18754374468699098
314.0 0.17969857435673475
315.0 0.1791087561286986
316.0 0.1785189495421946
317.0 0.17541982233524323
318.0 0.1723207300528884
319.0 0.16396233113482594
320.0 0.15560390893369913
321.0 0.14440708328038454
322.0 0.13321028091013432
323.0 0.11864252155646682
324.0 0.10407475056126714
325.0 0.09316104697063565
326.0 0.08224734338000417
327.0 0.0730421335902065
328.0 0.06383692380040884
329.0 0.06066194619052112
330.0 0.0574869685806334
331.0 0.05369118880480528
332.0 0.04989541484974325
333.0 0.04632947966456413
334.0 0.042763547389768064
335.0 0.04164883284829557
336.0 0.040534118306823075
337.0 0.04109669534955174
338.0 0.041659269481897354
339.0 0.04069379065185785
340.0 0.039728308911435306
341.0 0.03780680999625474
342.0 0.03588530817069113
343.0 0.03274067130405456
344.0 0.02959603734780103
345.0 0.02630513336043805
346.0 0.02301423082826659
347.0 0.021344164269976318
348.0 0.019674094801303
349.0 0.018025137251242995
350.0 0.2647923305630684
351.0 1.1441197246313095
352.0 0.20872915629297495
353.0 1.1919311247766018
354.0 0.29090866446495056
355.0 0.7912722416222095
356.0 0.1942700706422329
357.0 0.9007017128169537
358.0 0.20658534485846758
359.0 0.9278834797441959
360.0 0.19561818335205317
361.0 0.9945293888449669
362.0 0.15626134118065238
363.0 0.9389462880790234
364.0 0.19346829503774643
365.0 0.8156124502420425
366.0 0.20089547615498304
367.0 0.7261851336807013
368.0 0.20364020019769669
369.0 0.6870998535305262
370.0 0.17418329371139407
371.0 0.676847668364644
372.0 0.19520263886079192
373.0 0.6652258802205324
374.0 0.1718612969852984
375.0 0.6888712756335735
376.0 0.1629792503081262
377.0 0.5815858487039804
378.0 0.2104802057147026
379.0 0.5094766616821289
380.0 0.23690920788794756
381.0 0.6004969123750925
382.0 0.609700009226799
383.0 0.5910402163863182
384.0 0.5632809363305569
385.0 0.6854522041976452
386.0 0.665249302983284
387.0 0.8009458892047405
388.0 0.9700353257358074
389.0 1.3434329070150852
390.0 1.9116245210170746
391.0 2.9380619525909424
392.0 4.6212781220674515
393.0 7.316181063652039
394.0 11.016261577606201
395.0 15.96524566411972
396.0 22.00029194355011
397.0 29.53293025493622
398.0 38.294973969459534
399.0 47.86652326583862
400.0 57.430291175842285
401.0 66.48146510124207
402.0 74.76456761360168
403.0 81.7426323890686
404.0 86.84983253479004
405.0 90.62355756759644
406.0 92.85085797309875
407.0 94.68082785606384
408.0 95.62318325042725
409.0 96.09197974205017
410.0 96.20561003684998
411.0 96.02805972099304
412.0 95.63480615615845
413.0 95.39153575897217
414.0 95.23442387580872
415.0 95.44534087181091
416.0 95.86164355278015
417.0 96.31273746490479
418.0 96.78945541381836
419.0 97.4368691444397
420.0 97.94105887413025
421.0 98.49699139595032
422.0 98.5780119895935
423.0 98.74404072761536
424.0 98.48494529724121
425.0 98.39732646942139
426.0 98.31998348236084
427.0 98.28904867172241
428.0 98.06936979293823
429.0 97.88861870765686
430.0 97.75233268737793
431.0 97.6670503616333
432.0 97.7180004119873
433.0 97.79995083808899
434.0 97.8887140750885
435.0 98.03454875946045
436.0 98.03704023361206
437.0 98.04272055625916
438.0 98.21776151657104
439.0 98.24795722961426
440.0 98.20113778114319
441.0 98.3369529247284
442.0 98.2614517211914
443.0 98.22388887405396
444.0 98.13812971115112
445.0 97.90090918540955
446.0 97.79964685440063
447.0 97.66690731048584
448.0 97.80415296554565
449.0 98.10550212860107
450.0 98.3988344669342
451.0 98.61937761306763
452.0 98.76593351364136
453.0 98.85165095329285
454.0 98.85994791984558
455.0 99.01467561721802
456.0 99.08455610275269
457.0 99.31260347366333
458.0 99.33471083641052
459.0 99.38808083534241
460.0 99.42770004272461
461.0 99.57784414291382
462.0 99.49573278427124
463.0 99.38710331916809
464.0 99.50317740440369
465.0 99.42355751991272
466.0 99.43380355834961
467.0 99.404776096344
468.0 99.43607449531555
469.0 99.50258731842041
470.0 99.36702251434326
471.0 99.17621612548828
472.0 99.29162859916687
473.0 99.13632273674011
474.0 98.9738404750824
475.0 99.03764128684998
476.0 99.06659722328186
477.0 99.09391403198242
478.0 99.16419982910156
479.0 99.18424487113953
480.0 99.30530190467834
481.0 99.38777089118958
482.0 99.53752756118774
483.0 99.43747520446777
484.0 99.5962142944336
485.0 99.61873292922974
486.0 99.66246485710144
487.0 99.66049790382385
488.0 99.64661598205566
489.0 99.70837831497192
490.0 99.63451623916626
491.0 99.67491030693054
492.0 99.52831268310547
493.0 99.5134949684143
494.0 99.46544170379639
495.0 99.56294298171997
496.0 99.38698410987854
497.0 99.24018383026123
498.0 99.09349083900452
499.0 99.11022782325745
500.0 99.03666377067566
501.0 99.02193546295166
502.0 98.90361428260803
503.0 99.10883903503418
504.0 98.95195960998535
505.0 98.99961948394775
506.0 98.98826479911804
507.0 99.01156425476074
508.0 98.9819586277008
509.0 98.97011518478394
510.0 98.9109754562378
511.0 98.91582727432251
512.0 98.86826276779175
513.0 98.91505837440491
514.0 98.86236190795898
515.0 98.9358127117157
516.0 98.99865388870239
517.0 99.01790618896484
518.0 99.07668828964233
519.0 99.0610122680664
520.0 99.14311170578003
521.0 99.2444396018982
522.0 99.28652048110962
523.0 99.30509924888611
524.0 99.31623339653015
525.0 99.31733012199402
526.0 99.3984580039978
527.0 99.42275881767273
528.0 99.51584935188293
529.0 99.61189031600952
530.0 99.64359402656555
531.0 99.72103238105774
532.0 99.60469007492065
533.0 99.59728121757507
534.0 99.55509305000305
535.0 99.30384755134583
536.0 98.85875582695007
537.0 98.15247058868408
538.0 97.12740778923035
539.0 95.48417925834656
540.0 93.42821836471558
541.0 90.36389589309692
542.0 87.23526000976562
543.0 83.11729431152344
544.0 78.14092636108398
545.0 73.80561232566833
546.0 68.65319013595581
547.0 64.04250860214233
548.0 59.557247161865234
549.0 55.66004514694214
550.0 52.62579321861267
551.0 49.78000521659851
552.0 47.48406112194061
553.0 44.93982791900635
554.0 41.82862937450409
555.0 38.23354244232178
556.0 33.524224162101746
557.0 28.22771966457367
558.0 22.609303891658783
559.0 17.311450839042664
560.0 12.453652918338776
561.0 8.106222748756409
562.0 5.008012428879738
563.0 2.8205811977386475
564.0 1.4924656599760056
565.0 0.5307769868522882
566.0 0.3947891294956207
567.0 0.177588511724025
568.0 0.14520559925585985
569.0 0.061383459251374006
570.0 0.08155624382197857
571.0 0.03232021117582917
572.0 0.060874008340761065
573.0 0.027069688076153398
574.0 0.047880475176498294
575.0 0.020138615218456835
576.0 0.04575740022119135
577.0 0.011331121640978381
578.0 0.03462072054389864
579.0 0.0168638420291245
580.0 0.03922905016224831
581.0 0.01493108575232327
582.0 0.016616533685009927
583.0 0.008939826511777937
584.0 0.0279924861388281
585.0 0.011180296132806689
586.0 0.030361744575202465
587.0 0.012136022269260138
588.0 0.02982197911478579
589.0 0.008538550900993869
590.0 0.023114748182706535
591.0 0.007782600732753053
592.0 0.023756826703902334
593.0 0.005270998735795729
594.0 0.02837681386154145
595.0 0.0026397279725642875
596.0 0.010345956252422184
597.0 0.003734545680345036
598.0 0.013600291276816279
599.0 0.004094390169484541
600.0 0.015189861005637795
601.0 0.002258971471746918
602.0 0.002187726568081416
603.0 0.002116481300618034
604.0 0.0020119445252930745
605.0 0.0019074075680691749
606.0 0.002006613249250222
607.0 0.0021058191123302095
608.0 0.0019308638002257794
609.0 0.0017559081243234687
610.0 0.0018752021787804551
611.0 0.001994495869439561
612.0 0.0017334252333967015
613.0 0.0014723544154549018
614.0 0.001583504672453273
615.0 0.0016946549294516444
616.0 0.001674879968049936
617.0 0.0016551050066482276
618.0 0.0016844473066157661
619.0 0.0017137901522801258
620.0 0.00164667271747021
621.0 0.0015795554645592347
622.0 0.0015271421943907626
623.0 0.0014747289242222905
624.0 0.0014750213267689105
625.0 0.0014753137293155305
626.0 0.0013492257494363002
627.0 0.0012231381333549507
628.0 0.001287488248635782
629.0 0.0013518385458155535
630.0 0.0013240531188785098
631.0 0.001296267600991996
632.0 0.0013593572475656401
633.0 0.0014224469850887544
634.0 0.0014001520867168438
635.0 0.0013778570064459927
636.0 0.0013844328350387514
637.0 0.0013910091183788609
638.0 0.0012286240234971046
639.0 0.0010662388376658782
640.0 0.001120695196732413
641.0 0.0011751514648494776
642.0 0.0011734447980416007
643.0 0.0011717383131326642
644.0 0.001198943573399447
645.0 0.0012261491065146402
646.0 0.0012539738236228004
647.0 0.0012817988135793712
648.0 0.0012648244592128322
649.0 0.001247850013896823
650.0 0.0012166441592853516
651.0 0.0011854383956233505
652.0 0.0011186075425939634
653.0 0.0010517767805140465
654.0 0.0010533556633163244
655.0 0.0010549347280175425
656.0 0.001010848609439563
657.0 0.0009667625818110537
658.0 0.0009398977454111446
659.0 0.000913033181859646
660.0 0.0009275668162445072
661.0 0.0009421005415788386
662.0 0.0009790245712792967
663.0 0.0010159486009797547
664.0 0.0010560253940639086
665.0 0.0010961020052491222
666.0 0.0011370316315151285
667.0 0.001177960803033784
668.0 0.0011001123311871197
669.0 0.0010222638593404554
670.0 0.001077736396837281
671.0 0.0011332088433846366
672.0 0.001150378375314176
673.0 0.0011675478162942454
674.0 0.0010331347766623367
675.0 0.0008987217370304279
676.0 0.0009740721907292027
677.0 0.0010494221896806266
678.0 0.001021380830934504
679.0 0.0009933394721883815
680.0 0.0010447881322761532
681.0 0.001096236883313395
682.0 0.0010631008990458213
683.0 0.0010299649147782475
684.0 0.0010267088327964302
685.0 0.0010234528417640831
686.0 0.0010391238902229816
687.0 0.0010547948477324098
688.0 0.001081862865248695
689.0 0.0011089307008660398
690.0 0.0010900837878580205
691.0 0.0010712369657994714
692.0 0.001079800676961895
693.0 0.0010883646609727293
694.0 0.0011383375749574043
695.0 0.0011883106708410196
696.0 0.0012150824659329373
697.0 0.001241854170075385
698.0 0.0012153201168985106
699.0 0.0011887859727721661
700.0 0.001217788303620182
701.0 0.001246790725417668
702.0 0.0012102877917641308
703.0 0.0011737846762116533
704.0 0.0011352049114066176
705.0 0.0010966248737531714
706.0 0.0011014757546945475
707.0 0.0011063265446864534
708.0 0.0011359032214386389
709.0 0.0011654800800897647
710.0 0.0011943466233788058
711.0 0.0012232136214151978
712.0 0.0011877590623043943
713.0 0.0011523046850925311
714.0 0.0012277074347366579
715.0 0.001303110366279725
716.0 0.0014172064766171388
717.0 0.001531302768853493
718.0 0.0018671287762117572
719.0 0.0022029549654689617
720.0 0.0019146329577779397
721.0 0.001626310586289037
722.0 0.0016924517694860697
723.0 0.0017585929526831023
724.0 0.001962647911568638
725.0 0.0021667032342520542
726.0 0.002207646866736468
727.0 0.002248590135423001
728.0 0.0021952788301859982
729.0 0.002141967706847936
730.0 0.0020772558855242096
731.0 0.0020125440642004833
732.0 0.0018627146346261725
733.0 0.001712885386950802
734.0 0.0014574291526514571
735.0 0.001201972827402642
736.0 0.0011382957382011227
737.0 0.0010746187399490736
738.0 0.0010457391908857971
739.0 0.0010168600056204014
740.0 0.0009673391105025075
741.0 0.000917817851586733
742.0 0.000854313748277491
743.0 0.0007908098268671893
744.0 0.0008025457645999268
745.0 0.0008142818842316046
746.0 0.0009457915439270437
747.0 0.001077301294571953
748.0 0.0010036781532107852
749.0 0.0009300551937485579
750.0 0.0010010842743213288
751.0 0.0010721136277425103
752.0 0.0009778878848010208
753.0 0.0008836622328090016
754.0 0.0008430055459029973
755.0 0.0008023489499464631
756.0 0.0007743730748188682
757.0 0.0007463972906407434
758.0 0.0008058693310886156
759.0 0.0008653413715364877
760.0 0.0008419042387686204
761.0 0.0008184670150512829
762.0 0.0007786705282342155
763.0 0.0007388739959424129
764.0 0.0007889130756666418
765.0 0.0008389522008656058
766.0 0.0007159083452279447
767.0 0.0005928643076913431
768.0 0.0006579322871402837
769.0 0.0007230002665892243
770.0 0.0006796368779760087
771.0 0.0006362733529385878
772.0 0.0007060159532557009
773.0 0.0007757585080980789
774.0 0.0007756377272016834
775.0 0.000775516946305288
776.0 0.0007803868356859311
777.0 0.0007852566341171041
778.0 0.0007111605555110145
779.0 0.000637064476904925
780.0 0.0006420139925467083
781.0 0.0006469635081884917
782.0 0.0005723903996113222
783.0 0.0004978172000846826
784.0 0.0004439787062437972
785.0 0.00039014025787764695
786.0 0.0003522937731759157
787.0 0.0003144474021610222
788.0 0.00036417920910025714
789.0 0.00041391103877685964
790.0 0.0004350973085820442
791.0 0.0004562835329124937
792.0 0.0003994102826254675
793.0 0.000342537100550544
794.0 0.0003075782615269418
795.0 0.00027261939976597205
796.0 0.00028014444524160353
797.0 0.00028766944524249993
798.0 0.0004051647010783199
799.0 0.0005226599569141399
800.0 0.00047378930503327865
801.0 0.0004249186986271525
802.0 0.00032827601899043657
803.0 0.00023163333935372066
804.0 0.00027823305117635755
805.0 0.00032483276299899444
806.0 0.00039305568861891516
807.0 0.00046127861423883587
808.0 0.00042709443732746877
809.0 0.00039291026041610166
810.0 0.00030800981676293304
811.0 0.00022310932763502933
812.0 0.00035216862670495175
813.0 0.00048122797124960925
814.0 0.0004483125394472154
815.0 0.0004153971531195566
816.0 0.0005116824013384758
817.0 0.00060796769503213
818.0 0.0004764008735946845
819.0 0.0003448339612077689
820.0 0.0004211148279864574
821.0 0.000497395740239881
822.0 0.0005402091119321994
823.0 0.0005830224836245179
824.0 0.0004670851012633648
825.0 0.00035114762795274146
826.0 0.00047171342885121703
827.0 0.0005922792297496926
828.0 0.0005020005573896924
829.0 0.0004117218395549571
830.0 0.0005003330443287268
831.0 0.0005889442491024965
832.0 0.0006943274911463959
833.0 0.0007997107786650304
834.0 0.0005272364887787262
835.0 0.0002547622898418922
836.0 0.0005111839527671691
837.0 0.000767605615692446
838.0 0.0006201290943863569
839.0 0.00047265261855500285
840.0 0.0005640026756736916
841.0 0.0006553527327923803
842.0 0.0004963576429872774
843.0 0.00033736250770743936
844.0 0.00033088774671341525
845.0 0.0003244130084567587
846.0 0.0003393318365851883
847.0 0.0003542506874509854
848.0 0.00038703451537003275
849.0 0.000419818297814345
850.0 0.0004116870968573494
851.0 0.0004035558959003538
852.0 0.0004038469342049211
853.0 0.0004041378360852832
854.0 0.0004792110303242225
855.0 0.0005542841790884268
856.0 0.0004585200258588884
857.0 0.00036275587262935005
858.0 0.00041214543671230786
859.0 0.00046153495532053057
860.0 0.00041252069422625937
861.0 0.0003635064558693557
862.0 0.00048181395868596155
863.0 0.0006001214842399349
864.0 0.00047917410483933054
865.0 0.0003582266117518884
866.0 0.00041074672481045127
867.0 0.0004632667696569115
868.0 0.0005665817752742441
869.0 0.0006698967808915768
870.0 0.0005695475465472555
871.0 0.0004691982667281991
872.0 0.0004665282176574692
873.0 0.00046385812311200425
874.0 0.0005447925559565192
875.0 0.0006257269433262991
876.0 0.0006936002137081232
877.0 0.0007614735295646824
878.0 0.0006873014626762597
879.0 0.0006131293048383668
880.0 0.0007591427220177138
881.0 0.0009051564120454714
882.0 0.0007015933988441247
883.0 0.0004980305220669834
884.0 0.0005681966740667121
885.0 0.000638362871541176
886.0 0.000629146006758674
887.0 0.0006199292329256423
888.0 0.0005890263309993315
889.0 0.0005581233381235506
890.0 0.000551401308257482
891.0 0.0005446792783914134
892.0 0.0005938951289863326
893.0 0.0006431111614801921
894.0 0.0005425477866083384
895.0 0.0004419845481606899
896.0 0.0003614060233303462
897.0 0.00028082749850000255
898.0 0.00031041088277561357
899.0 0.00033999424431385705
900.0 0.0003456013018876547
901.0 0.0003512083821988199
902.0 0.00039473761717090383
903.0 0.00043826685214298777
904.0 0.00034262511690030806
905.0 0.0002469833589202608
