ts8/qe_curves/rtm-010_s10/19700101T000000.ecsv
# %ECSV 0.9
# ---
# datatype:
# - {name: amp_name, datatype: string}
# - {name: wavelength, unit: nm, datatype: float32}
# - {name: efficiency, unit: '%', datatype: float32}
# meta: !!omap
# - {MODE: AMP}
# - {TYPE: QE}
# - {CALIBDATE: '1970-01-01T00:00:00'}
# - {INSTRUME: TS8}
# - {OBSTYPE: qe_curves}
# - {DETECTOR: 66}
# - {PICKLEFILE: RaftRun12139.p}
# - {CALIB_ID: 'raftName=RTM-010 detectorName=S10 detector=66 calibDate=1970-01-01T00:00:00 ccd=66 ccdnum=66 filter=None'}
# - {DATE: '2020-01-23T15:34:31.825384'}
# - {CALIB_CREATION_DATE: '2020-01-23'}
# - {CALIB_CREATION_TIME: '15:34:31'}
# - __serialized_columns__:
#     efficiency:
#       __class__: astropy.units.quantity.Quantity
#       unit: !astropy.units.Unit {unit: '%'}
#       value: !astropy.table.SerializedColumn {name: efficiency}
#     wavelength:
#       __class__: astropy.units.quantity.Quantity
#       unit: !astropy.units.Unit {unit: nm}
#       value: !astropy.table.SerializedColumn {name: wavelength}
# schema: astropy-2.0
amp_name wavelength efficiency
C03 319.994 43.752563
C03 324.969 49.46206
C03 349.982 73.04214
C03 374.975 76.810074
C03 400.019 83.743774
C03 424.965 85.839874
C03 450.035 88.51959
C03 475.003 90.913826
C03 500.018 92.81058
C03 525.002 94.51958
C03 550.029 96.090355
C03 575.023 97.65164
C03 599.982 98.72757
C03 619.997 98.63474
C03 624.979 99.09647
C03 650.012 99.43433
C03 675.004 99.37392
C03 700.03 98.815186
C03 725.012 98.67411
C03 750.022 98.28118
C03 774.987 98.46738
C03 799.976 97.90537
C03 824.988 95.93182
C03 850.022 93.85088
C03 869.967 90.55563
C03 875.002 89.61336
C03 899.999 82.46112
C03 919.999 74.525185
C03 925.012 71.78627
C03 949.965 59.265106
C03 975.002 43.329044
C03 999.976 26.695156
C03 1025.028 11.629286
C03 1050.014 4.2105722
C03 1075.002 2.315363
C03 1099.99 1.8208834
C14 319.994 44.046947
C14 324.969 49.808968
C14 349.982 73.825806
C14 374.975 77.51348
C14 400.019 83.88972
C14 424.965 85.71668
C14 450.035 88.23976
C14 475.003 90.53809
C14 500.018 92.37606
C14 525.002 94.04636
C14 550.029 95.59729
C14 575.023 97.14737
C14 599.982 98.2205
C14 619.997 98.13062
C14 624.979 98.58816
C14 650.012 98.9321
C14 675.004 98.87706
C14 700.03 98.33811
C14 725.012 98.215866
C14 750.022 97.84265
C14 774.987 98.029076
C14 799.976 97.46861
C14 824.988 95.49391
C14 850.022 93.332664
C14 869.967 90.09871
C14 875.002 89.20119
C14 899.999 81.86409
C14 919.999 73.83055
C14 925.012 71.202995
C14 949.965 59.030853
C14 975.002 43.28356
C14 999.976 26.467539
C14 1025.028 11.480657
C14 1050.014 4.1351943
C14 1075.002 2.2910233
C14 1099.99 1.8117155
C07 319.994 43.677925
C07 324.969 49.385487
C07 349.982 73.03922
C07 374.975 76.842964
C07 400.019 83.70744
C07 424.965 85.765205
C07 450.035 88.41871
C07 475.003 90.79809
C07 500.018 92.69022
C07 525.002 94.39608
C07 550.029 95.96508
C07 575.023 97.5308
C07 599.982 98.61206
C07 619.997 98.51779
C07 624.979 98.98471
C07 650.012 99.32404
C07 675.004 99.25752
C07 700.03 98.66559
C07 725.012 98.40993
C07 750.022 97.87151
C07 774.987 97.91831
C07 799.976 97.3162
C07 824.988 95.41308
C07 850.022 93.340836
C07 869.967 90.06504
C07 875.002 89.186424
C07 899.999 82.327736
C07 919.999 74.57836
C07 925.012 71.81513
C07 949.965 58.949795
C07 975.002 43.41336
C07 999.976 26.877472
C07 1025.028 11.832791
C07 1050.014 4.250082
C07 1075.002 2.316463
C07 1099.99 1.8177627
C10 319.994 44.360497
C10 324.969 50.166737
C10 349.982 74.27095
C10 374.975 77.846886
C10 400.019 84.22971
C10 424.965 86.068695
C10 450.035 88.61471
C10 475.003 90.92957
C10 500.018 92.78137
C10 525.002 94.4641
C10 550.029 96.019806
C10 575.023 97.57404
C10 599.982 98.64762
C10 619.997 98.55195
C10 624.979 99.01478
C10 650.012 99.35252
C10 675.004 99.28731
C10 700.03 98.696884
C10 725.012 98.45728
C10 750.022 97.93063
C10 774.987 97.97501
C10 799.976 97.36221
C10 824.988 95.43514
C10 850.022 93.314964
C10 869.967 89.979805
C10 875.002 89.058235
C10 899.999 82.10154
C10 919.999 74.30433
C10 925.012 71.57872
C10 949.965 58.962265
C10 975.002 43.24939
C10 999.976 26.658772
C10 1025.028 11.681013
C10 1050.014 4.2487483
C10 1075.002 2.3138654
C10 1099.99 1.807206
C16 319.994 43.821384
C16 324.969 49.55521
C16 349.982 73.54573
C16 374.975 77.354744
C16 400.019 83.806114
C16 424.965 85.65812
C16 450.035 88.19121
C16 475.003 90.494064
C16 500.018 92.34073
C16 525.002 94.01703
C16 550.029 95.56934
C16 575.023 97.13613
C16 599.982 98.20779
C16 619.997 98.11975
C16 624.979 98.58233
C16 650.012 98.9306
C16 675.004 98.88131
C16 700.03 98.34514
C16 725.012 98.231995
C16 750.022 97.86197
C16 774.987 98.04712
C16 799.976 97.48349
C16 824.988 95.494026
C16 850.022 93.269646
C16 869.967 90.0402
C16 875.002 89.161995
C16 899.999 81.787025
C16 919.999 73.65413
C16 925.012 71.05286
C16 949.965 58.916832
C16 975.002 43.253593
C16 999.976 26.366596
C16 1025.028 11.437301
C16 1050.014 4.125084
C16 1075.002 2.294317
C16 1099.99 1.81372
C12 319.994 44.306515
C12 324.969 50.106907
C12 349.982 74.28363
C12 374.975 77.90779
C12 400.019 84.19029
C12 424.965 85.97204
C12 450.035 88.47555
C12 475.003 90.76401
C12 500.018 92.59685
C12 525.002 94.266464
C12 550.029 95.81615
C12 575.023 97.36881
C12 599.982 98.44243
C12 619.997 98.35073
C12 624.979 98.81078
C12 650.012 99.15347
C12 675.004 99.09703
C12 700.03 98.52948
C12 725.012 98.34754
C12 750.022 97.89706
C12 774.987 98.016
C12 799.976 97.427795
C12 824.988 95.470055
C12 850.022 93.34163
C12 869.967 90.02079
C12 875.002 89.09333
C12 899.999 81.96134
C12 919.999 74.116455
C12 925.012 71.45525
C12 949.965 58.99254
C12 975.002 43.182938
C12 999.976 26.524189
C12 1025.028 11.534366
C12 1050.014 4.172585
C12 1075.002 2.2918966
C12 1099.99 1.8049905
C17 319.994 43.818913
C17 324.969 49.55241
C17 349.982 73.42074
C17 374.975 77.197205
C17 400.019 83.76651
C17 424.965 85.680664
C17 450.035 88.25686
C17 475.003 90.58948
C17 500.018 92.44889
C17 525.002 94.13484
C17 550.029 95.69438
C17 575.023 97.253334
C17 599.982 98.32526
C17 619.997 98.2344
C17 624.979 98.69272
C17 650.012 99.03536
C17 675.004 98.97837
C17 700.03 98.41619
C17 725.012 98.24441
C17 750.022 97.79124
C17 774.987 97.90587
C17 799.976 97.30765
C17 824.988 95.32608
C17 850.022 93.060326
C17 869.967 89.84285
C17 875.002 88.98297
C17 899.999 81.69441
C17 919.999 73.554016
C17 925.012 70.937325
C17 949.965 58.76402
C17 975.002 43.107494
C17 999.976 26.292034
C17 1025.028 11.454516
C17 1050.014 4.141491
C17 1075.002 2.297507
C17 1099.99 1.8134298
C05 319.994 43.878075
C05 324.969 49.607845
C05 349.982 73.350136
C05 374.975 77.10977
C05 400.019 83.902855
C05 424.965 85.92296
C05 450.035 88.55889
C05 475.003 90.92464
C05 500.018 92.803635
C05 525.002 94.50527
C05 550.029 96.069084
C05 575.023 97.63392
C05 599.982 98.71121
C05 619.997 98.618515
C05 624.979 99.08354
C05 650.012 99.421936
C05 675.004 99.360794
C05 700.03 98.78521
C05 725.012 98.58909
C05 750.022 98.12573
C05 774.987 98.23666
C05 799.976 97.656586
C05 824.988 95.71687
C05 850.022 93.634224
C05 869.967 90.326935
C05 875.002 89.42259
C05 899.999 82.44561
C05 919.999 74.58558
C05 925.012 71.823105
C05 949.965 59.126205
C05 975.002 43.2858
C05 999.976 26.727522
C05 1025.028 11.67408
C05 1050.014 4.208117
C05 1075.002 2.30682
C05 1099.99 1.8178604
C04 319.994 43.79194
C04 324.969 49.50928
C04 349.982 73.12808
C04 374.975 76.857414
C04 400.019 83.6978
C04 424.965 85.75321
C04 450.035 88.406815
C04 475.003 90.784485
C04 500.018 92.668915
C04 525.002 94.37173
C04 550.029 95.93668
C04 575.023 97.49642
C04 599.982 98.57119
C04 619.997 98.47322
C04 624.979 98.93443
C04 650.012 99.27396
C04 675.004 99.20829
C04 700.03 98.64465
C04 725.012 98.476845
C04 750.022 98.046394
C04 774.987 98.19901
C04 799.976 97.629166
C04 824.988 95.67474
C04 850.022 93.5964
C04 869.967 90.30152
C04 875.002 89.37294
C04 899.999 82.28744
C04 919.999 74.37012
C04 925.012 71.66452
C04 949.965 59.153214
C04 975.002 43.29924
C04 999.976 26.72365
C04 1025.028 11.654055
C04 1050.014 4.2105327
C04 1075.002 2.3068914
C04 1099.99 1.8167686
C06 319.994 43.89893
C06 324.969 49.629017
C06 349.982 73.27365
C06 374.975 76.98382
C06 400.019 83.81992
C06 424.965 85.87395
C06 450.035 88.5253
C06 475.003 90.90009
C06 500.018 92.78668
C06 525.002 94.48594
C06 550.029 96.04991
C06 575.023 97.604225
C06 599.982 98.67923
C06 619.997 98.57821
C06 624.979 99.03929
C06 650.012 99.37574
C06 675.004 99.30317
C06 700.03 98.71284
C06 725.012 98.47912
C06 750.022 97.97373
C06 774.987 98.0471
C06 799.976 97.45011
C06 824.988 95.52586
C06 850.022 93.45685
C06 869.967 90.1766
C06 875.002 89.264465
C06 899.999 82.30838
C06 919.999 74.49141
C06 925.012 71.76431
C06 949.965 59.05287
C06 975.002 43.372993
C06 999.976 26.831049
C06 1025.028 11.729206
C06 1050.014 4.218001
C06 1075.002 2.306647
C06 1099.99 1.8166255
C11 319.994 44.390865
C11 324.969 50.197956
C11 349.982 74.2853
C11 374.975 77.848366
C11 400.019 84.18773
C11 424.965 86.00396
C11 450.035 88.52968
C11 475.003 90.83229
C11 500.018 92.67348
C11 525.002 94.34529
C11 550.029 95.89094
C11 575.023 97.43833
C11 599.982 98.5045
C11 619.997 98.40717
C11 624.979 98.86827
C11 650.012 99.20323
C11 675.004 99.13862
C11 700.03 98.55803
C11 725.012 98.33691
C11 750.022 97.84574
C11 774.987 97.921555
C11 799.976 97.31857
C11 824.988 95.37399
C11 850.022 93.25464
C11 869.967 89.90062
C11 875.002 88.969955
C11 899.999 81.972755
C11 919.999 74.175064
C11 925.012 71.46995
C11 949.965 58.892654
C11 975.002 43.174366
C11 999.976 26.56292
C11 1025.028 11.577994
C11 1050.014 4.201948
C11 1075.002 2.2970119
C11 1099.99 1.8044655
C01 319.994 43.539284
C01 324.969 49.22106
C01 349.982 72.69409
C01 374.975 76.49407
C01 400.019 83.49985
C01 424.965 85.639694
C01 450.035 88.33248
C01 475.003 90.73528
C01 500.018 92.63643
C01 525.002 94.35134
C01 550.029 95.92275
C01 575.023 97.48815
C01 599.982 98.563835
C01 619.997 98.472565
C01 624.979 98.93535
C01 650.012 99.27446
C01 675.004 99.21638
C01 700.03 98.66405
C01 725.012 98.52552
C01 750.022 98.135475
C01 774.987 98.3166
C01 799.976 97.757034
C01 824.988 95.782684
C01 850.022 93.68921
C01 869.967 90.42821
C01 875.002 89.504196
C01 899.999 82.32435
C01 919.999 74.38236
C01 925.012 71.71184
C01 949.965 59.30246
C01 975.002 43.319534
C01 999.976 26.677284
C01 1025.028 11.60616
C01 1050.014 4.222174
C01 1075.002 2.3233073
C01 1099.99 1.8219959
C15 319.994 43.953484
C15 324.969 49.70608
C15 349.982 73.71887
C15 374.975 77.46524
C15 400.019 83.86953
C15 424.965 85.69896
C15 450.035 88.22642
C15 475.003 90.524475
C15 500.018 92.35884
C15 525.002 94.03498
C15 550.029 95.5838
C15 575.023 97.13895
C15 599.982 98.211395
C15 619.997 98.12454
C15 624.979 98.581116
C15 650.012 98.928085
C15 675.004 98.87539
C15 700.03 98.342705
C15 725.012 98.23491
C15 750.022 97.88371
C15 774.987 98.08825
C15 799.976 97.53141
C15 824.988 95.54971
C15 850.022 93.361305
C15 869.967 90.13021
C15 875.002 89.243416
C15 899.999 81.87391
C15 919.999 73.78201
C15 925.012 71.167915
C15 949.965 59.036827
C15 975.002 43.32981
C15 999.976 26.44842
C15 1025.028 11.463804
C15 1050.014 4.1269865
C15 1075.002 2.2909622
C15 1099.99 1.8139217
C13 319.994 44.318256
C13 324.969 50.115017
C13 349.982 74.200745
C13 374.975 77.80565
C13 400.019 84.1354
C13 424.965 85.943954
C13 450.035 88.46898
C13 475.003 90.766235
C13 500.018 92.60465
C13 525.002 94.27401
C13 550.029 95.82136
C13 575.023 97.36676
C13 599.982 98.434784
C13 619.997 98.33996
C13 624.979 98.80018
C13 650.012 99.13806
C13 675.004 99.07654
C13 700.03 98.51851
C13 725.012 98.3649
C13 750.022 97.951744
C13 774.987 98.10463
C13 799.976 97.52902
C13 824.988 95.55622
C13 850.022 93.40527
C13 869.967 90.12968
C13 875.002 89.216255
C13 899.999 81.93377
C13 919.999 74.00604
C13 925.012 71.37585
C13 949.965 59.069763
C13 975.002 43.289192
C13 999.976 26.521338
C13 1025.028 11.514541
C13 1050.014 4.1563497
C13 1075.002 2.2935464
C13 1099.99 1.8103427
C00 319.994 43.31535
C00 324.969 48.97026
C00 349.982 72.316956
C00 374.975 76.16147
C00 400.019 83.26691
C00 424.965 85.45823
C00 450.035 88.1818
C00 475.003 90.59611
C00 500.018 92.511185
C00 525.002 94.23281
C00 550.029 95.81032
C00 575.023 97.37387
C00 599.982 98.45512
C00 619.997 98.363205
C00 624.979 98.82766
C00 650.012 99.165474
C00 675.004 99.10502
C00 700.03 98.53442
C00 725.012 98.33697
C00 750.022 97.87742
C00 774.987 97.98839
C00 799.976 97.402214
C00 824.988 95.4492
C00 850.022 93.3371
C00 869.967 90.113205
C00 875.002 89.19898
C00 899.999 82.101555
C00 919.999 74.22745
C00 925.012 71.53298
C00 949.965 59.140457
C00 975.002 43.122593
C00 999.976 26.58569
C00 1025.028 11.613359
C00 1050.014 4.232881
C00 1075.002 2.3260772
C00 1099.99 1.8208566
C02 319.994 43.57815
C02 324.969 49.267174
C02 349.982 72.814186
C02 374.975 76.60806
C02 400.019 83.535065
C02 424.965 85.62909
C02 450.035 88.29794
C02 475.003 90.684525
C02 500.018 92.580284
C02 525.002 94.28673
C02 550.029 95.857956
C02 575.023 97.4206
C02 599.982 98.50109
C02 619.997 98.41061
C02 624.979 98.87394
C02 650.012 99.213264
C02 675.004 99.16111
C02 700.03 98.612976
C02 725.012 98.48738
C02 750.022 98.116776
C02 774.987 98.317856
C02 799.976 97.76678
C02 824.988 95.79561
C02 850.022 93.71308
C02 869.967 90.43297
C02 875.002 89.50201
C02 899.999 82.31605
C02 919.999 74.361664
C02 925.012 71.68081
C02 949.965 59.28255
C02 975.002 43.31723
C02 999.976 26.667444
C02 1025.028 11.596044
C02 1050.014 4.2029247
C02 1075.002 2.3133962
C02 1099.99 1.8184992
