lsstCam/transmission_filter_detector/r13_s12/i_39/19700101T000000.ecsv
# %ECSV 1.0
# ---
# datatype:
# - {name: wavelength, unit: nm, datatype: float32}
# - {name: efficiency, unit: '%', datatype: float64}
# meta: !!omap
# - {MODE: DETECTOR}
# - {TYPE: transmission_filter_detector}
# - {CALIBDATE: '1970-01-01T00:00:00'}
# - {INSTRUME: LSSTCam}
# - {OBSTYPE: transmission_filter_detector}
# - {CALIBCLS: lsst.ip.isr.IntermediateFilterDetectorTransmissionCurve}
# - {SOURCE: Materion (DM-46256)}
# - {DETECTOR: 59}
# - {FILTER: i_39}
# - {CALIB_ID: 'calibDate=1970-01-01T00:00:00 filter=i_39 detector=59'}
# - {DATE: '2025-04-02T15:59:46.752454'}
# - {CALIB_CREATION_DATE: '2025-04-02'}
# - {CALIB_CREATION_TIME: '15:59:46'}
# - __serialized_columns__:
#     efficiency:
#       __class__: astropy.units.quantity.Quantity
#       unit: !astropy.units.Unit {unit: '%'}
#       value: !astropy.table.SerializedColumn {name: efficiency}
#     wavelength:
#       __class__: astropy.units.quantity.Quantity
#       unit: !astropy.units.Unit {unit: nm}
#       value: !astropy.table.SerializedColumn {name: wavelength}
# schema: astropy-2.0
wavelength efficiency
[from data line 596]
896.0 1.6099429732061021e-10
897.0 1.6099429732061021e-10
898.0 1.6099429732061021e-10
899.0 1.6099429732061021e-10
900.0 1.6099429732061021e-10
901.0 1.6099429732061021e-10
902.0 1.6099429732061021e-10
903.0 1.6099429732061021e-10
904.0 1.6099429732061021e-10
905.0 1.6099429732061021e-10
906.0 1.6099429732061021e-10
907.0 4.4072976379538886e-05
908.0 0.00020952422801201465
909.0 1.6099429732061021e-10
910.0 1.6099429732061021e-10
911.0 1.6099429732061021e-10
912.0 0.00011911914725715178
913.0 6.299189863057109e-05
914.0 6.8646670570160495e-06
915.0 1.6099429732061021e-10
916.0 1.6099429732061021e-10
917.0 1.6099429732061021e-10
918.0 1.6099429732061021e-10
919.0 1.6099429732061021e-10
920.0 7.72062207943236e-05
921.0 1.6099429732061021e-10
922.0 1.6099429732061021e-10
923.0 1.6099429732061021e-10
924.0 1.6099429732061021e-10
925.0 1.6099429732061021e-10
926.0 0.0002035166744462913
927.0 1.6099429732061021e-10
928.0 1.6099429732061021e-10
929.0 1.6099429732061021e-10
930.0 0.00018549709466242348
931.0 0.00014045889429326053
932.0 9.54206825554138e-05
933.0 4.2058346139128844e-05
934.0 1.6099429732061021e-10
935.0 1.6099429732061021e-10
936.0 1.6099429732061021e-10
937.0 1.6099429732061021e-10
938.0 1.6099429732061021e-10
939.0 1.6099429732061021e-10
940.0 1.6099429732061021e-10
941.0 1.6099429732061021e-10
942.0 1.6099429732061021e-10
943.0 1.6099429732061021e-10
944.0 1.6099429732061021e-10
945.0 1.6099429732061021e-10
946.0 1.6099429732061021e-10
947.0 1.6099429732061021e-10
948.0 1.6099429732061021e-10
949.0 1.6099429732061021e-10
950.0 1.6099429732061021e-10
951.0 1.6099429732061021e-10
952.0 1.6099429732061021e-10
953.0 1.6099429732061021e-10
954.0 1.6099429732061021e-10
955.0 0.0001235367221852357
956.0 0.00034396812225168105
957.0 0.0002623486352604232
958.0 0.00018072910279443022
959.0 0.00012584600881382357
960.0 7.096294325492636e-05
961.0 9.056267344931257e-05
962.0 0.00011016240932804067
963.0 9.613973617206284e-06
964.0 1.6099429732061021e-10
965.0 1.6099429732061021e-10
966.0 1.6099429732061021e-10
967.0 1.6099429732061021e-10
968.0 1.6099429732061021e-10
969.0 1.6099429732061021e-10
970.0 1.6099429732061021e-10
971.0 1.6099429732061021e-10
972.0 1.6099429732061021e-10
973.0 1.6099429732061021e-10
974.0 2.3743398003261973e-05
975.0 7.173990468345437e-06
976.0 1.6099429732061021e-10
977.0 1.6099429732061021e-10
978.0 1.6099429732061021e-10
979.0 1.6099429732061021e-10
980.0 1.6099429732061021e-10
981.0 1.6099429732061021e-10
982.0 1.6099429732061021e-10
983.0 1.6099429732061021e-10
984.0 1.6099429732061021e-10
985.0 7.577930318802828e-05
986.0 0.00026919647098111454
987.0 4.5639319523615995e-05
988.0 1.6099429732061021e-10
989.0 1.6099429732061021e-10
990.0 1.6099429732061021e-10
991.0 1.6099429732061021e-10
992.0 1.6099429732061021e-10
993.0 1.6099429732061021e-10
994.0 1.6099429732061021e-10
995.0 1.6099429732061021e-10
996.0 1.6099429732061021e-10
997.0 6.859712016193953e-05
998.0 0.000367532561540429
999.0 0.0003529888317643781
1000.0 0.0003384450792509597
1001.0 0.00018682488871490932
1002.0 3.520463849326916e-05
1003.0 6.824631100244005e-05
1004.0 0.00010128801477549132
1005.0 1.7951185782294488e-05
1006.0 1.6099429732061021e-10
1007.0 2.6725840029939718e-05
1008.0 0.00011883734032380744
1009.0 0.00014256519307309645
1010.0 0.00016629293213554774
1011.0 0.00022323758912534686
1012.0 0.0002801822347464622
1013.0 0.00036314697808847995
1014.0 0.00044611178964260034
1015.0 0.00035502091577654937
1016.0 0.00026393011012260104
1017.0 0.0003558339813025668
1018.0 0.0004477380116441054
1019.0 0.000365829941983975
1020.0 0.0002839217813743744
1021.0 0.000303528827316768
1022.0 0.0003231358277844265
1023.0 0.0005983365099382354
1024.0 0.0008735372830415145
1025.0 0.0006904730071255472
1026.0 0.0005074087312095799
1027.0 0.00044114044612797443
1028.0 0.00037487213830900146
1029.0 0.000761432283979957
1030.0 0.0011479924978630152
1031.0 0.0017639305951888673
1032.0 0.0023798682377673686
1033.0 0.002481612864357885
1034.0 0.00258335676335264
1035.0 0.0031045652576722205
1036.0 0.0036257733881939203
1037.0 0.0037038589653093368
1038.0 0.0037819445424247533
1039.0 0.0031787527404958382
1040.0 0.002575561302364804
1041.0 0.002164981924579479
1042.0 0.0017544023648952134
1043.0 0.002567739829828497
1044.0 0.0033810771128628403
1045.0 0.0035731725802179426
1046.0 0.0037652687751688063
1047.0 0.003356430897838436
1048.0 0.0029475933843059465
1049.0 0.0026287852961104363
1050.0 0.0023099773898138665
1051.0 0.0023326720111072063
1052.0 0.0023553668142994866
1053.0 0.0015890749637037516
1054.0 0.0008227830221585464
1055.0 0.0007948725397000089
1056.0 0.0007669618753425311
1057.0 0.0008591970072302502
1058.0 0.0009514323210169096
1059.0 0.000908627134776907
1060.0 0.0008658223123347852
1061.0 0.0017047166693373583
1062.0 0.0025436105715925805
1063.0 0.002749158375081606
1064.0 0.002954706178570632
1065.0 0.0030719678761670366
1066.0 0.0031892301194602624
1067.0 0.004031747084809467
1068.0 0.004874264050158672
1069.0 0.0039915226807352155
1070.0 0.0031087816751096398
1071.0 0.00308219350699801
1072.0 0.0030556049750884995
1073.0 0.0031330542697105557
1074.0 0.003210503200534731
1075.0 0.0034062697523040697
1076.0 0.0036020363040734082
1077.0 0.0027231899366597645
1078.0 0.00184434320544824
1079.0 0.0020364110241644084
1080.0 0.002228478842880577
1081.0 0.0014462759281741455
1082.0 0.000664072922518244
1083.0 0.00010334315447835252
1084.0 1.6099429732061021e-10
1085.0 0.0002842429012162029
1086.0 0.001025873007165501
1087.0 0.0010087009286507964
1088.0 0.0009915289410855621
1089.0 1.6099429732061021e-10
1090.0 1.6099429732061021e-10
1091.0 1.6099429732061021e-10
1092.0 1.6099429732061021e-10
1093.0 1.6099429732061021e-10
1094.0 0.0009297577889810782
1095.0 0.0010327392374165356
1096.0 0.0011357208677509334
1097.0 1.6099429732061021e-10
1098.0 1.6099429732061021e-10
1099.0 1.6099429732061021e-10
1100.0 1.6099429732061021e-10
