lsstCam/transmission_filter_detector/r13_s12/i_39/19700101T000000.ecsv
# %ECSV 1.0
# ---
# datatype:
# - {name: wavelength, unit: nm, datatype: float32}
# - {name: efficiency, unit: '%', datatype: float64}
# meta: !!omap
# - {MODE: DETECTOR}
# - {TYPE: transmission_filter_detector}
# - {CALIBDATE: '1970-01-01T00:00:00'}
# - {INSTRUME: LSSTCam}
# - {OBSTYPE: transmission_filter_detector}
# - {CALIBCLS: lsst.ip.isr.IntermediateFilterDetectorTransmissionCurve}
# - {SOURCE: Materion (DM-46256)}
# - {DETECTOR: 59}
# - {FILTER: i_39}
# - {CALIB_ID: 'calibDate=1970-01-01T00:00:00 filter=i_39 detector=59'}
# - {DATE: '2025-04-02T15:59:46.752454'}
# - {CALIB_CREATION_DATE: '2025-04-02'}
# - {CALIB_CREATION_TIME: '15:59:46'}
# - __serialized_columns__:
#     efficiency:
#       __class__: astropy.units.quantity.Quantity
#       unit: !astropy.units.Unit {unit: '%'}
#       value: !astropy.table.SerializedColumn {name: efficiency}
#     wavelength:
#       __class__: astropy.units.quantity.Quantity
#       unit: !astropy.units.Unit {unit: nm}
#       value: !astropy.table.SerializedColumn {name: wavelength}
# schema: astropy-2.0
wavelength efficiency
300.0 0.08973773801699281
301.0 0.039488537004217505
302.0 1.6099429732061021e-10
303.0 0.015981259639374912
304.0 0.04272315127309412
305.0 0.03181588836014271
306.0 0.020908629812765867
307.0 0.0038846384995849803
308.0 1.6099429732061021e-10
309.0 1.6099429732061021e-10
310.0 1.6099429732061021e-10
311.0 1.6099429732061021e-10
312.0 0.0048533209337620065
313.0 0.002365512955293525
314.0 1.6099429732061021e-10
315.0 1.6099429732061021e-10
316.0 1.6099429732061021e-10
317.0 1.6099429732061021e-10
318.0 1.6099429732061021e-10
319.0 1.6099429732061021e-10
320.0 1.6099429732061021e-10
321.0 1.6099429732061021e-10
322.0 1.6099429732061021e-10
323.0 1.6099429732061021e-10
324.0 1.6099429732061021e-10
325.0 1.6099429732061021e-10
326.0 1.6099429732061021e-10
327.0 1.6099429732061021e-10
328.0 0.0030892839276930317
329.0 0.002365107138757594
330.0 0.0016409307136200368
331.0 0.001109677668864606
332.0 0.0005784250333817909
333.0 0.0009437286280444823
334.0 0.0013090321772324387
335.0 0.0004036540303786751
336.0 1.6099429732061021e-10
337.0 0.0009771053555596154
338.0 0.0024559340090490878
339.0 0.0033322703529847786
340.0 0.00420860706071835
341.0 0.00015387071243821993
342.0 1.6099429732061021e-10
343.0 1.6099429732061021e-10
344.0 1.6099429732061021e-10
345.0 1.6099429732061021e-10
346.0 1.6099429732061021e-10
347.0 1.6099429732061021e-10
348.0 1.6099429732061021e-10
349.0 1.6099429732061021e-10
350.0 1.6099429732061021e-10
351.0 1.6099429732061021e-10
352.0 5.528686486400147e-06
353.0 1.6099429732061021e-10
354.0 1.6099429732061021e-10
355.0 1.6099429732061021e-10
356.0 0.00038489374674099963
357.0 0.0009203847184835467
358.0 0.001455875735700829
359.0 0.0015004132364992984
360.0 0.0015449502825504169
361.0 0.0011492777048260905
362.0 0.0007536052180512343
363.0 0.000356563282366551
364.0 1.6099429732061021e-10
365.0 0.001059340502251871
366.0 0.0021591598851955496
367.0 0.0014775882846151944
368.0 0.0007960165930853691
369.0 0.000986076793196844
370.0 0.001176137084257789
371.0 0.0010568895959295332
372.0 0.0009376421076012775
373.0 0.0009811786185309757
374.0 0.0010247150385112036
375.0 0.0002860621407307917
376.0 1.6099429732061021e-10
377.0 1.6099429732061021e-10
378.0 7.848603331694903e-05
379.0 1.6099429732061021e-10
380.0 1.6099429732061021e-10
381.0 1.6099429732061021e-10
382.0 1.6099429732061021e-10
383.0 0.00027007918106392026
384.0 0.0012416548997862265
385.0 0.0010433853276481386
386.0 0.0008451155736111104
387.0 1.6099429732061021e-10
388.0 1.6099429732061021e-10
389.0 1.6099429732061021e-10
390.0 1.6099429732061021e-10
391.0 1.6099429732061021e-10
392.0 1.6099429732061021e-10
393.0 1.6099429732061021e-10
394.0 0.0006661347470071632
395.0 1.6099429732061021e-10
396.0 1.6099429732061021e-10
397.0 1.6099429732061021e-10
398.0 1.6099429732061021e-10
399.0 1.6099429732061021e-10
400.0 1.6099429732061021e-10
401.0 0.0005329258783604018
402.0 0.0013976742593513336
403.0 0.002589825999166351
404.0 0.0037819780118297786
405.0 0.004281727888155729
406.0 0.004781477036885917
407.0 0.0024531915187253617
408.0 0.0001249032948180684
409.0 0.00033334122235828545
410.0 0.0005417767170001753
411.0 0.001822477497626096
412.0 0.003103178823948838
413.0 0.004108774373889901
414.0 0.005114371015224606
415.0 0.00437441049143672
416.0 0.0036344496038509533
417.0 0.002421484168735333
418.0 0.0012085183698218316
419.0 0.003077264773310162
420.0 0.004946010813000612
421.0 0.0041226408939110115
422.0 0.0032992702472256497
423.0 0.003976667721872218
424.0 0.0046540648327209055
425.0 0.0034846267226384953
426.0 0.0023151873392635025
427.0 0.003472364551271312
428.0 0.004629542308975942
429.0 0.005251106995274313
430.0 0.005872672409168445
431.0 0.0043098869355162606
432.0 0.0027471023713587783
433.0 0.0033178203011630103
434.0 0.0038885384128661826
435.0 0.0030500174034386873
436.0 0.0022114965759101324
437.0 0.0020501314793364145
438.0 0.0018887667465605773
439.0 0.002016800681303721
440.0 0.0021448349798447452
441.0 0.0007048332918202505
442.0 1.6099429732061021e-10
443.0 1.6099429732061021e-10
444.0 1.6099429732061021e-10
445.0 1.6099429732061021e-10
446.0 1.6099429732061021e-10
447.0 0.00025251254101021914
448.0 0.0008091047675407026
449.0 3.5330955938661646e-05
450.0 1.6099429732061021e-10
451.0 0.00027022235826734686
452.0 0.0012788876119884662
453.0 0.0019030259863939136
454.0 0.0025271647245972417
455.0 0.0021995343558955938
456.0 0.0018719041690928861
457.0 0.0013512122677639127
458.0 0.0008305203664349392
459.0 0.0003447684548518737
460.0 1.6099429732061021e-10
461.0 0.00024706109797989484
462.0 0.0006351057891151868
463.0 0.0002504238409528625
464.0 1.6099429732061021e-10
465.0 0.00016079314946182421
466.0 0.00045584433792100754
467.0 0.0006995775947871152
468.0 0.0009433108061784878
469.0 0.0005840875928697642
470.0 0.0002248644022984081
471.0 0.00048814044930622913
472.0 0.0007514164281019475
473.0 0.0008738559699850157
474.0 0.0009962957847164944
475.0 0.0007221377018140629
476.0 0.0004479799827095121
477.0 0.0009616112038202118
478.0 0.0014752424249309115
479.0 0.0013770918485533912
480.0 0.0012789411812264007
481.0 0.0027612702979240566
482.0 0.00424359786848072
483.0 0.00540940418432001
484.0 0.00657521013636142
485.0 0.007247707253554836
486.0 0.007920204370748252
487.0 0.010953995661111549
488.0 0.013987786951474845
489.0 0.017216628475580364
490.0 0.02044546854449436
491.0 0.022359425202012062
492.0 0.02427338476991281
493.0 0.02594808174762875
494.0 0.02762278018053621
495.0 0.024782386026345193
496.0 0.021941986051388085
497.0 0.018176768207922578
498.0 0.014411547454074025
499.0 0.0102304904430639
500.0 0.006049433795851655
501.0 0.004446171806193888
502.0 0.0028429101803340018
503.0 0.0024094912077998742
504.0 0.0019760720533668064
505.0 0.0017716050933813676
506.0 0.0015671383152948692
507.0 0.0017695865608402528
508.0 0.0019720344425877556
509.0 0.002104934537783265
510.0 0.0022378344510798343
511.0 0.0017344405932817608
512.0 0.001231046553584747
513.0 0.0015918829376460053
514.0 0.001952719503606204
515.0 0.002536416650400497
516.0 0.0031201139790937304
517.0 0.0025707251552375965
518.0 0.002021336513280403
519.0 0.0021433403162518516
520.0 0.002265344483021181
521.0 0.0017587681213626638
522.0 0.0012521919416030869
523.0 0.0014424952496483456
524.0 0.001632798921491485
525.0 0.0020747698727063835
526.0 0.002516740460123401
527.0 0.0024687704353709705
528.0 0.0024208002287195995
529.0 0.0019981805962743238
530.0 0.0015755607819301076
531.0 0.001680616696830839
532.0 0.0017856727936305106
533.0 0.001652781429584138
534.0 0.001519890247436706
535.0 0.0016441601474070922
536.0 0.001768429865478538
537.0 0.0025503959477646276
538.0 0.0033323616662528366
539.0 0.003903658580384217
540.0 0.004474955494515598
541.0 0.005133727972861379
542.0 0.005792500451207161
543.0 0.005181348751648329
544.0 0.004570197415887378
545.0 0.0036583554901881143
546.0 0.0027465141101856716
547.0 0.0022151789380586706
548.0 0.00168384394783061
549.0 0.0017667653082753532
550.0 0.0018496866687200963
551.0 0.001656854510656558
552.0 0.00146402253449196
553.0 0.0015321253158617765
554.0 0.0016002277334337123
555.0 0.0012293492545722984
556.0 0.0008584706847614143
557.0 0.0007057407401589444
558.0 0.0005530108410312096
559.0 0.00018932779539682087
560.0 1.6099429732061021e-10
561.0 0.0005539993708225666
562.0 0.0012823540600948036
563.0 0.0014506400475511327
564.0 0.0016189262169064023
565.0 0.001331100611423608
566.0 0.001043275187839754
567.0 0.0007789357368892524
568.0 0.0005145964223629562
569.0 0.00066146485551144
570.0 0.0008083331522357184
571.0 0.0005325534402800258
572.0 0.00025677375106170075
573.0 0.00034529580261732917
574.0 0.00043381792238506023
575.0 0.00043228133108641487
576.0 0.00043074460336356424
577.0 0.0005408430297393352
578.0 0.0006509415470645763
579.0 0.0002989086397064966
580.0 1.6099429732061021e-10
581.0 0.00016933169035837636
582.0 0.00039178767110570334
583.0 0.0005268725544738118
584.0 0.00066195734689245
585.0 0.0007917565199022647
586.0 0.0009215558748110197
587.0 0.0008039954082050826
588.0 0.0006864348051749403
589.0 0.0005774033070338191
590.0 0.0004683718543674331
591.0 0.0006705569376208587
592.0 0.0008727422027732246
593.0 0.0005202137344895164
594.0 0.00016768525483712438
595.0 0.0005487842372531304
596.0 0.0009298831173509825
597.0 0.0007593680948048132
598.0 0.0005888530722586438
599.0 0.0005973603492748225
600.0 0.000605867489866796
601.0 0.00043140230445715133
602.0 0.0002569370508354041
603.0 0.00023346424313785974
604.0 0.00020999129901611013
605.0 0.00021812306840729434
606.0 0.00022625483779847855
607.0 0.0004666623681259807
608.0 0.0007070698302413803
609.0 0.0005358353064366383
610.0 0.00036460048704611836
611.0 0.0006008374839439057
612.0 0.0008370744581043255
613.0 0.0005592801699094707
614.0 0.0002814859499267186
615.0 1.6099429732061021e-10
616.0 1.6099429732061021e-10
617.0 1.6099429732061021e-10
618.0 0.00013671904071088647
619.0 0.00026358200102549745
620.0 0.00039044502955221105
621.0 0.0005464354671858018
622.0 0.0007024258593446575
623.0 0.0005148936907062307
624.0 0.0003273615220678039
625.0 0.000356981877303042
626.0 0.00038660227801301517
627.0 0.00029138843729015207
628.0 0.00019617459656728897
629.0 0.0004200061084702611
630.0 0.0006438376658479683
631.0 0.0005171195425646147
632.0 0.00039040137380652595
633.0 0.00040406266634818166
634.0 0.0004177239134151023
635.0 0.00041283606151409913
636.0 0.0004079481641383609
637.0 0.00045493302422983106
638.0 0.0005019177024223609
639.0 0.0007108079898898723
640.0 0.0009196982318826485
641.0 0.0006592626959900372
642.0 0.0003988272055721609
643.0 0.0006253473202377791
644.0 0.0008518674803781323
645.0 0.0008063117093115579
646.0 0.0007607560746691888
647.0 0.0008477622941427398
648.0 0.0009347690138383768
649.0 0.0008163722668541595
650.0 0.0006979755653446773
651.0 0.0008620289008831605
652.0 0.001026082372845849
653.0 0.0011999103662674315
654.0 0.0013737382687395439
655.0 0.0019392677131691016
656.0 0.002504796975699719
657.0 0.0035259352443972602
658.0 0.004547072239802219
659.0 0.0072114453359972686
660.0 0.07731798687018454
661.0 0.11585222091525793
662.0 0.0684414291754365
663.0 0.09862867882475257
664.0 0.09666839614510536
665.0 0.12237110640853643
666.0 0.1362419337965548
667.0 0.18647894030436873
668.0 0.19479895709082484
669.0 0.2744391793385148
670.0 0.34917842131108046
671.0 0.5956524051725864
672.0 0.9425841271877289
673.0 1.4947427436709404
674.0 2.223781682550907
675.0 3.1441058963537216
676.0 4.232732579112053
677.0 5.616338178515434
678.0 6.944737583398819
679.0 8.366037905216217
680.0 10.366536676883698
681.0 12.471010535955429
682.0 14.99956101179123
683.0 17.754654586315155
684.0 20.727434754371643
685.0 23.64843189716339
686.0 26.62222385406494
687.0 29.8009991645813
688.0 33.1196665763855
689.0 36.51936650276184
690.0 40.46023786067963
691.0 44.7463721036911
692.0 49.851420521736145
693.0 55.12394309043884
694.0 61.05386018753052
695.0 66.78664088249207
696.0 73.0506420135498
697.0 78.51559519767761
698.0 84.32544469833374
699.0 88.68581056594849
700.0 91.91510081291199
701.0 94.40239071846008
702.0 96.12142443656921
703.0 96.9338595867157
704.0 97.32016921043396
705.0 97.7268636226654
706.0 97.74406552314758
707.0 97.77839779853821
708.0 97.84401655197144
709.0 97.93408513069153
710.0 97.72484302520752
711.0 97.90793657302856
712.0 97.86872267723083
713.0 97.90548086166382
714.0 97.986900806427
715.0 98.06433916091919
716.0 97.85621762275696
717.0 98.0700433254242
718.0 98.16028475761414
719.0 98.06695580482483
720.0 98.30684661865234
721.0 98.21155071258545
722.0 97.89182543754578
723.0 97.6838231086731
724.0 97.39714860916138
725.0 97.14416861534119
726.0 96.84587717056274
727.0 96.65589928627014
728.0 96.32623791694641
729.0 96.2073802947998
730.0 96.2225615978241
731.0 96.32151126861572
732.0 96.32009863853455
733.0 96.58638834953308
734.0 96.99392318725586
735.0 97.0531702041626
736.0 97.49158024787903
737.0 97.86322116851807
738.0 98.17203283309937
739.0 98.50454926490784
740.0 98.56909513473511
741.0 98.4726071357727
742.0 98.78785610198975
743.0 98.64707589149475
744.0 98.45602512359619
745.0 98.42352867126465
746.0 98.4045922756195
747.0 98.6311137676239
748.0 98.57740998268127
749.0 98.40235710144043
750.0 98.44985604286194
751.0 98.38203191757202
752.0 98.26043248176575
753.0 98.45108389854431
754.0 98.33955764770508
755.0 98.5383152961731
756.0 98.53179454803467
757.0 98.56324195861816
758.0 98.73082637786865
759.0 98.74996542930603
760.0 98.57667684555054
761.0 98.50016236305237
762.0 98.65328073501587
763.0 98.48911166191101
764.0 98.45834970474243
765.0 98.36465716362
766.0 98.43013882637024
767.0 98.2437252998352
768.0 98.26781153678894
769.0 98.27281832695007
770.0 97.98469543457031
771.0 98.04640412330627
772.0 97.99166917800903
773.0 97.95363545417786
774.0 97.74983525276184
775.0 97.84573316574097
776.0 97.71014451980591
777.0 97.7757453918457
778.0 97.82690405845642
779.0 97.86457419395447
780.0 97.84005880355835
781.0 98.20315837860107
782.0 98.08014035224915
783.0 98.1207549571991
784.0 98.2034683227539
785.0 98.31764698028564
786.0 98.48719835281372
787.0 98.21504354476929
788.0 98.26849699020386
789.0 98.33752512931824
790.0 98.3328104019165
791.0 98.28728437423706
792.0 98.14743399620056
793.0 98.10878038406372
794.0 98.11822772026062
795.0 97.92206883430481
796.0 97.86664247512817
797.0 97.91080951690674
798.0 97.82543778419495
799.0 97.7138340473175
800.0 97.56327867507935
801.0 97.55992889404297
802.0 97.45087027549744
803.0 97.20757007598877
804.0 96.89986109733582
805.0 96.39952778816223
806.0 95.89073061943054
807.0 94.83155012130737
808.0 93.68153214454651
809.0 92.24944710731506
810.0 90.60813188552856
811.0 88.50619792938232
812.0 86.00167632102966
813.0 82.95204043388367
814.0 79.53630685806274
815.0 75.6424605846405
816.0 71.67769074440002
817.0 67.10130572319031
818.0 62.19841241836548
819.0 57.878005504608154
820.0 53.02287936210632
821.0 48.573899269104004
822.0 44.182220101356506
823.0 39.61414396762848
824.0 35.02623438835144
825.0 30.77888786792755
826.0 26.3633131980896
827.0 21.826520562171936
828.0 17.702744901180267
829.0 13.763564825057983
830.0 9.936176985502243
831.0 7.118041068315506
832.0 4.628191143274307
833.0 2.906101942062378
834.0 1.7725169658660889
835.0 0.9866298176348209
836.0 0.5872007459402084
837.0 0.35301384050399065
838.0 0.17558294348418713
839.0 0.12136984150856733
840.0 0.08266519289463758
841.0 0.022488855756819248
842.0 0.026260979939252138
843.0 1.6099429732061021e-10
844.0 0.002240529647679068
845.0 1.6099429732061021e-10
846.0 1.6099429732061021e-10
847.0 1.6099429732061021e-10
848.0 1.6099429732061021e-10
849.0 1.6099429732061021e-10
850.0 0.003291512985015288
851.0 1.6099429732061021e-10
852.0 0.0005556668838835321
853.0 0.0008753613656153902
854.0 0.0011950561201956589
855.0 0.0010712233233789448
856.0 0.0009473907994106412
857.0 0.0009388649232278112
858.0 0.0009303386832471006
859.0 0.0005615197551378515
860.0 0.00019270075881649973
861.0 0.0002168405217162217
862.0 0.00024098017092910595
863.0 0.00010660057796485489
864.0 1.6099429732061021e-10
865.0 6.441275672841584e-05
866.0 0.0001566044261380739
867.0 7.07736433014361e-05
868.0 1.6099429732061021e-10
869.0 1.6099429732061021e-10
870.0 1.6099429732061021e-10
871.0 3.210165289146971e-05
872.0 0.000291135506813589
873.0 0.00021534851839533076
874.0 0.0001395614845023374
875.0 0.00011716747394530103
876.0 9.477350886299973e-05
877.0 1.6099429732061021e-10
878.0 1.6099429732061021e-10
879.0 2.314312155249354e-05
880.0 0.0003902685875800671
881.0 0.0001911989102154621
882.0 1.6099429732061021e-10
883.0 0.0001305997670897341
884.0 0.0002690703013286111
885.0 0.00010601560234135832
886.0 1.6099429732061021e-10
887.0 7.771647574372764e-05
888.0 0.00021247205950203352
889.0 7.721479278188781e-05
890.0 1.6099429732061021e-10
891.0 0.0001077973365681828
892.0 0.0002736371015998884
893.0 0.00024188004772440763
894.0 0.00021012299384892685
