lsstCam/transmission_filter_detector/r24_s02/g_6/19700101T000000.ecsv
# %ECSV 1.0
# ---
# datatype:
# - {name: wavelength, unit: nm, datatype: float32}
# - {name: efficiency, unit: '%', datatype: float64}
# meta: !!omap
# - {MODE: DETECTOR}
# - {TYPE: transmission_filter_detector}
# - {CALIBDATE: '1970-01-01T00:00:00'}
# - {INSTRUME: LSSTCam}
# - {OBSTYPE: transmission_filter_detector}
# - {CALIBCLS: lsst.ip.isr.IntermediateFilterDetectorTransmissionCurve}
# - {SOURCE: Materion (DM-46256)}
# - {DETECTOR: 110}
# - {FILTER: g_6}
# - {CALIB_ID: 'calibDate=1970-01-01T00:00:00 filter=g_6 detector=110'}
# - {DATE: '2025-04-02T15:59:42.537262'}
# - {CALIB_CREATION_DATE: '2025-04-02'}
# - {CALIB_CREATION_TIME: '15:59:42'}
# - __serialized_columns__:
#     efficiency:
#       __class__: astropy.units.quantity.Quantity
#       unit: !astropy.units.Unit {unit: '%'}
#       value: !astropy.table.SerializedColumn {name: efficiency}
#     wavelength:
#       __class__: astropy.units.quantity.Quantity
#       unit: !astropy.units.Unit {unit: nm}
#       value: !astropy.table.SerializedColumn {name: wavelength}
# schema: astropy-2.0
wavelength efficiency
[from data line 608]
908.0 0.00048218403208011296
909.0 0.0004583056579576805
910.0 0.0003908762209903216
911.0 0.0003234468067603302
912.0 0.00044198354771651793
913.0 0.0005605203114100732
914.0 0.00034402050914650317
915.0 0.00012752076372635202
916.0 0.00017001705145958113
917.0 0.00021251330508675892
918.0 0.00022260080640990054
919.0 0.00023268828499567462
920.0 0.00031743652471050154
921.0 0.0004021847416879609
922.0 0.0005457010047393851
923.0 0.0006892171768413391
924.0 0.0006041950200597057
925.0 0.0005191727723286022
926.0 0.0005255444193608128
927.0 0.0005319162028172286
928.0 0.0005355844677978894
929.0 0.0005392528237280203
930.0 0.000527586234966293
931.0 0.0005159196462045657
932.0 0.0004910019470116822
933.0 0.00046608429329353385
934.0 0.0005170510576135712
935.0 0.0005680178219336085
936.0 0.0005162898105481872
937.0 0.0004645617536880309
938.0 0.0006213896540430142
939.0 0.0007782175089232624
940.0 0.0006717194082739297
941.0 0.0005652211257256567
942.0 0.0006553825642185984
943.0 0.000745543957236805
944.0 0.0006366646630340256
945.0 0.000527785277881776
946.0 0.0004907336460746592
947.0 0.0004536820142675424
948.0 0.0008360397259821184
949.0 0.0012183976650703698
950.0 0.0010309134268027265
951.0 0.0008434291885350831
952.0 0.0008314978003909346
953.0 0.0008195663212973159
954.0 0.0007621842087246478
955.0 0.0007048021871014498
956.0 0.0006093614047131268
957.0 0.0005139203949511284
958.0 0.0006393484454747522
959.0 0.0007647765414731111
960.0 0.0006053647211956559
961.0 0.00044595276449399535
962.0 0.0005639496976073133
963.0 0.0006819466307206312
964.0 0.0007855436706449836
965.0 0.0008891405741451308
966.0 0.0008756870556680951
967.0 0.0008622334462415893
968.0 0.0007974858817760833
969.0 0.0007327383627853123
970.0 0.0007146197276597377
971.0 0.0006965011834836332
972.0 0.0007375570476142457
973.0 0.0007786129572195932
974.0 0.0007881415513111278
975.0 0.000797670418251073
976.0 0.0008210497981053777
977.0 0.0008444296327070333
978.0 0.0009334342394140549
979.0 0.0010224389370705467
980.0 0.0010356779057474341
981.0 0.0010489169653737918
982.0 0.0009775687431101687
983.0 0.0009062204298970755
984.0 0.0008853340659698006
985.0 0.000864447883941466
986.0 0.0011121702300442848
987.0 0.0013598923032986932
988.0 0.0014049761375645176
989.0 0.001450059426133521
990.0 0.0015594538126606494
991.0 0.0016688483810867183
992.0 0.0016642279661027715
993.0 0.001659607733017765
994.0 0.0015816935047041625
995.0 0.0015037795492389705
996.0 0.0014123374057817273
997.0 0.001320895262324484
998.0 0.0014740205187990796
999.0 0.0016271458662231453
1000.0 0.0014888967598380987
1001.0 0.0013506475625035819
1002.0 0.0012515982234617695
1003.0 0.0011525486115715466
1004.0 0.001101896123145707
1005.0 0.001051243543770397
1006.0 0.0013226979717728682
1007.0 0.0015941524907248095
1008.0 0.001585765858180821
1009.0 0.0015773797713336535
1010.0 0.0016584075638093054
1011.0 0.001739435720082838
1012.0 0.0018686703697312623
1013.0 0.001997905201278627
1014.0 0.002046475128736347
1015.0 0.002095045601890888
1016.0 0.0024253882656921633
1017.0 0.002755731293291319
1018.0 0.002989557287946809
1019.0 0.0032233831007033587
1020.0 0.00324492430081591
1021.0 0.0032664658647263423
1022.0 0.0035699402360478416
1023.0 0.0038734149711672217
1024.0 0.003960283356718719
1025.0 0.004047151742270216
1026.0 0.004147312210989185
1027.0 0.004247472315910272
1028.0 0.004388306479086168
1029.0 0.004529140278464183
1030.0 0.0046060366003075615
1031.0 0.004682932558353059
1032.0 0.005079343463876285
1033.0 0.005475754733197391
1034.0 0.005267939923214726
1035.0 0.005060125113232061
1036.0 0.005185695044929162
1037.0 0.005311264976626262
1038.0 0.005589342981693335
1039.0 0.005867420986760408
1040.0 0.0062756502302363515
1041.0 0.006683878746116534
1042.0 0.0068399865995161235
1043.0 0.006996095180511475
1044.0 0.007238524995045736
1045.0 0.007480954809579998
1046.0 0.008442733815172687
1047.0 0.009404511365573853
1048.0 0.010737049160525203
1049.0 0.012069583317497745
1050.0 0.014401596854440868
1051.0 0.016733606753405184
1052.0 0.020130972552578896
1053.0 0.0235283441725187
1054.0 0.0281315587926656
1055.0 0.03273477195762098
1056.0 0.03924181219190359
1057.0 0.04574884369503707
1058.0 0.05322934594005346
1059.0 0.06070983363315463
1060.0 0.06799562834203243
1061.0 0.07528139394707978
1062.0 0.08247937075793743
1063.0 0.08967731264419854
1064.0 0.09477544808760285
1065.0 0.09987355442717671
1066.0 0.10471889981999993
1067.0 0.10956423357129097
1068.0 0.11576529359444976
1069.0 0.1219663885422051
1070.0 0.13163734693080187
1071.0 0.14130830531939864
1072.0 0.1545060775242746
1073.0 0.16770381480455399
1074.0 0.18282558303326368
1075.0 0.1979473978281021
1076.0 0.2123038051649928
1077.0 0.2266602125018835
1078.0 0.24070742074400187
1079.0 0.25475460570305586
1080.0 0.2712554996833205
1081.0 0.28775641694664955
1082.0 0.31323267612606287
1083.0 0.33870895858854055
1084.0 0.37421679589897394
1085.0 0.4097247030586004
1086.0 0.44413041323423386
1087.0 0.47853621654212475
1088.0 0.5412472411990166
1089.0 0.6039583124220371
1090.0 0.6799068301916122
1091.0 0.7558553479611874
1092.0 0.7844363339245319
1093.0 0.8130171336233616
1094.0 0.8484714664518833
1095.0 0.8839256130158901
1096.0 0.9266279637813568
1097.0 0.969330407679081
1098.0 0.9875704534351826
1099.0 1.0058107785880566
1100.0 1.1587553657591343
1101.0 1.3116995804011822
