lsstCam/transmission_filter_detector/r24_s02/g_6/19700101T000000.ecsv
# %ECSV 1.0
# ---
# datatype:
# - {name: wavelength, unit: nm, datatype: float32}
# - {name: efficiency, unit: '%', datatype: float64}
# meta: !!omap
# - {MODE: DETECTOR}
# - {TYPE: transmission_filter_detector}
# - {CALIBDATE: '1970-01-01T00:00:00'}
# - {INSTRUME: LSSTCam}
# - {OBSTYPE: transmission_filter_detector}
# - {CALIBCLS: lsst.ip.isr.IntermediateFilterDetectorTransmissionCurve}
# - {SOURCE: Materion (DM-46256)}
# - {DETECTOR: 110}
# - {FILTER: g_6}
# - {CALIB_ID: 'calibDate=1970-01-01T00:00:00 filter=g_6 detector=110'}
# - {DATE: '2025-04-02T15:59:42.537262'}
# - {CALIB_CREATION_DATE: '2025-04-02'}
# - {CALIB_CREATION_TIME: '15:59:42'}
# - __serialized_columns__:
#     efficiency:
#       __class__: astropy.units.quantity.Quantity
#       unit: !astropy.units.Unit {unit: '%'}
#       value: !astropy.table.SerializedColumn {name: efficiency}
#     wavelength:
#       __class__: astropy.units.quantity.Quantity
#       unit: !astropy.units.Unit {unit: nm}
#       value: !astropy.table.SerializedColumn {name: wavelength}
# schema: astropy-2.0
wavelength efficiency
300.0 0.505493301898241
301.0 0.3723073285073042
302.0 0.2391213085502386
303.0 0.2183596370741725
304.0 0.19759796559810638
305.0 0.20569253247231245
306.0 0.21378709934651852
307.0 0.2201230265200138
308.0 0.2264589536935091
309.0 0.22102838847786188
310.0 0.21559784654527903
311.0 0.21121827885508537
312.0 0.20683873444795609
313.0 0.2012150827795267
314.0 0.19559143111109734
315.0 0.18598573515191674
316.0 0.1763800741173327
317.0 0.17830354627221823
318.0 0.1802270533517003
319.0 0.16254233196377754
320.0 0.14485757565125823
321.0 0.13897540047764778
322.0 0.13309321366250515
323.0 0.11501586996018887
324.0 0.09693856700323522
325.0 0.08749052649363875
326.0 0.0780424801632762
327.0 0.07180584943853319
328.0 0.06556921289302409
329.0 0.06238844362087548
330.0 0.05920766852796078
331.0 0.05530010676011443
332.0 0.05139255081303418
333.0 0.04772971442434937
334.0 0.04406687512528151
335.0 0.04232646606396884
336.0 0.040586054092273116
337.0 0.041688120109029114
338.0 0.04279018903616816
339.0 0.04129139124415815
340.0 0.039792596362531185
341.0 0.037925317883491516
342.0 0.03605804231483489
343.0 0.0325579138007015
344.0 0.029057785286568105
345.0 0.02560816938057542
346.0 0.022158554929774255
347.0 0.02088405890390277
348.0 0.019609559967648238
349.0 0.018079423171002418
350.0 0.5801285617053509
351.0 0.6666726898401976
352.0 0.589904049411416
353.0 0.9189185686409473
354.0 0.5511415656656027
355.0 0.8172123692929745
356.0 0.4229082725942135
357.0 0.794670544564724
358.0 0.569826876744628
359.0 0.6835674867033958
360.0 0.6124934181571007
361.0 0.7236611563712358
362.0 0.5698049906641245
363.0 0.7584089878946543
364.0 0.6618313957005739
365.0 0.7105987519025803
366.0 0.47846464440226555
367.0 0.6750315893441439
368.0 0.39506605826318264
369.0 0.526919774711132
370.0 0.3905241144821048
371.0 0.5698889028280973
372.0 0.4206649959087372
373.0 0.6783201359212399
374.0 0.3517791396006942
375.0 0.5750718060880899
376.0 0.41016004979610443
377.0 0.5534304771572351
378.0 0.2883536275476217
379.0 0.5472603719681501
380.0 0.3922318574041128
381.0 0.4641581792384386
382.0 0.4879091866314411
383.0 0.4450559616088867
384.0 0.5944112781435251
385.0 0.6944240070879459
386.0 0.6303928326815367
387.0 0.8232305757701397
388.0 1.0534255765378475
389.0 1.3967128470540047
390.0 2.0612161606550217
391.0 3.303918242454529
392.0 5.123252049088478
393.0 8.06160569190979
394.0 12.080416828393936
395.0 17.318247258663177
396.0 23.677431046962738
397.0 31.595367193222046
398.0 40.6035453081131
399.0 50.11233687400818
400.0 59.384530782699585
401.0 68.15439462661743
402.0 75.75805187225342
403.0 81.9430410861969
404.0 86.28281950950623
405.0 89.41354751586914
406.0 91.16820693016052
407.0 92.47122406959534
408.0 93.25874447822571
409.0 93.55904459953308
410.0 93.59905123710632
411.0 93.38817000389099
412.0 93.04945468902588
413.0 92.8686797618866
414.0 92.7318811416626
415.0 93.01639199256897
416.0 93.46478581428528
417.0 93.79264712333679
418.0 94.34519410133362
419.0 94.90474462509155
420.0 95.34221291542053
421.0 95.86406350135803
422.0 95.91567516326904
423.0 96.08956575393677
424.0 95.83949446678162
425.0 95.79123258590698
426.0 95.71866393089294
427.0 95.69687843322754
428.0 95.56177854537964
429.0 95.41496634483337
430.0 95.3741192817688
431.0 95.46424746513367
432.0 95.50243020057678
433.0 95.62111496925354
434.0 95.6381618976593
435.0 95.8009123802185
436.0 95.84552049636841
437.0 95.77484130859375
438.0 95.86617946624756
439.0 95.97346186637878
440.0 95.96036672592163
441.0 96.11093401908875
442.0 96.06075882911682
443.0 95.93400359153748
444.0 95.86412310600281
445.0 95.61784267425537
446.0 95.5298125743866
447.0 95.41325569152832
448.0 95.4450786113739
449.0 95.648592710495
450.0 95.8959698677063
451.0 96.13074660301208
452.0 96.31851315498352
453.0 96.36228084564209
454.0 96.43170833587646
455.0 96.71409726142883
456.0 96.80439233779907
457.0 96.98039293289185
458.0 96.97121381759644
459.0 97.00278639793396
460.0 96.9736099243164
461.0 97.10566401481628
462.0 96.9362199306488
463.0 96.86342477798462
464.0 96.91399335861206
465.0 96.86958193778992
466.0 96.50681614875793
467.0 96.86223864555359
468.0 96.87883257865906
469.0 96.92596793174744
470.0 96.76461219787598
471.0 96.6406762599945
472.0 96.69349193572998
473.0 96.57741785049438
474.0 96.47154808044434
475.0 96.58966660499573
476.0 96.64486646652222
477.0 96.69706225395203
478.0 96.84220552444458
479.0 96.80449962615967
480.0 97.0080554485321
481.0 97.04341292381287
482.0 97.27241396903992
483.0 97.13069796562195
484.0 97.36607074737549
485.0 97.360759973526
486.0 97.41180539131165
487.0 97.38622307777405
488.0 97.45897650718689
489.0 97.59689569473267
490.0 97.54061102867126
491.0 97.54612445831299
492.0 97.48042821884155
493.0 97.48461842536926
494.0 97.48302698135376
495.0 97.53165245056152
496.0 97.37018346786499
497.0 97.25869297981262
498.0 97.0795214176178
499.0 97.10376858711243
500.0 97.07895517349243
501.0 97.10476398468018
502.0 96.9980537891388
503.0 97.17307686805725
504.0 96.99670076370239
505.0 96.98626399040222
506.0 97.00228571891785
507.0 96.9538927078247
508.0 96.94947600364685
509.0 96.9973623752594
510.0 96.92917466163635
511.0 96.93453907966614
512.0 96.8478262424469
513.0 96.93888425827026
514.0 96.9875156879425
515.0 96.96152210235596
516.0 97.057044506073
517.0 97.07416296005249
518.0 97.12849855422974
519.0 97.09017872810364
520.0 97.114098072052
521.0 97.26431369781494
522.0 97.19594120979309
523.0 97.15691208839417
524.0 97.13926911354065
525.0 97.16469645500183
526.0 97.24711179733276
527.0 97.1971333026886
528.0 97.25769758224487
529.0 97.34928011894226
530.0 97.4069356918335
531.0 97.45265245437622
532.0 97.32738733291626
533.0 97.3343014717102
534.0 97.21229672431946
535.0 96.89903855323792
536.0 96.36908769607544
537.0 95.54189443588257
538.0 94.45093870162964
539.0 92.66759753227234
540.0 90.54991602897644
541.0 87.44057416915894
542.0 84.28527116775513
543.0 80.19031882286072
544.0 75.35035610198975
545.0 71.10461592674255
546.0 66.17842316627502
547.0 61.808544397354126
548.0 57.6579213142395
549.0 54.02851104736328
550.0 51.24387741088867
551.0 48.46250116825104
552.0 46.11150324344635
553.0 43.44727396965027
554.0 40.12851119041443
555.0 36.341091990470886
556.0 31.524133682250977
557.0 26.205137372016907
558.0 20.777778327465057
559.0 15.631110966205597
560.0 11.045406013727188
561.0 7.060032337903976
562.0 4.286191985011101
563.0 2.364658936858177
564.0 1.2417567893862724
565.0 0.5815777461975813
566.0 0.31500975601375103
567.0 0.16664487775415182
568.0 0.10875824373215437
569.0 0.07667744066566229
570.0 0.06803308497183025
571.0 0.044929279829375446
572.0 0.04788213700521737
573.0 0.031514366855844855
574.0 0.03238580247852951
575.0 0.0324210588587448
576.0 0.033549158251844347
577.0 0.030670806881971657
578.0 0.0278695224551484
579.0 0.023770991538185626
580.0 0.030444609001278877
581.0 0.02288755349582061
582.0 0.030719011556357145
583.0 0.010326525807613507
584.0 0.017856046906672418
585.0 0.012760530808009207
586.0 0.012237504415679723
587.0 0.01775855926098302
588.0 0.01651077182032168
589.0 0.009794739162316546
590.0 0.025649426970630884
591.0 0.0048564932512817904
592.0 0.01039605267578736
593.0 0.011473410268081352
594.0 0.012442292063497007
595.0 0.015396990056615323
596.0 0.0076263342634774745
597.0 0.008640151645522565
598.0 0.017163113807328045
599.0 0.002482988747942727
600.0 0.007653565262444317
601.0 0.0022719370463164523
602.0 0.002342399238841608
603.0 0.002412861431366764
604.0 0.0022000651370035484
605.0 0.0019872692064382136
606.0 0.0020038034563185647
607.0 0.0020203375242999755
608.0 0.001832037560234312
609.0 0.0016437372323707677
610.0 0.0017698623196338303
611.0 0.0018959870430990122
612.0 0.001794371746655088
613.0 0.0016927568140090443
614.0 0.0017623984604142606
615.0 0.0018320402887184173
616.0 0.001916169458127115
617.0 0.0020002986275358126
618.0 0.0018752869436866604
619.0 0.0017502754417364486
620.0 0.0016968999261735007
621.0 0.0016435245925094932
622.0 0.0015262819943018258
623.0 0.0014090390322962776
624.0 0.001413859808963025
625.0 0.0014186806765792426
626.0 0.001332831470790552
627.0 0.0012469827197492123
628.0 0.0013465757547237445
629.0 0.0014461691534961574
630.0 0.0013151528946764302
631.0 0.001184136181109352
632.0 0.001359504949505208
633.0 0.0015348732631537132
634.0 0.0014320989976113196
635.0 0.0013293243682710454
636.0 0.0013257572391012218
637.0 0.001322190564678749
638.0 0.0012491814231907483
639.0 0.0011761721907532774
640.0 0.0011574536074476782
641.0 0.0011387347512936685
642.0 0.0013416720321401954
643.0 0.0015446094039361924
644.0 0.0013838941413268913
645.0 0.0012231786058691796
646.0 0.0012170693480584305
647.0 0.0012109600902476814
648.0 0.001069572681444697
649.0 0.0009281851816922426
650.0 0.0011735899533960037
651.0 0.001418994361301884
652.0 0.0011660613381536677
653.0 0.0009131281331065111
654.0 0.0010570098311291076
655.0 0.0012008917110506445
656.0 0.001189375871035736
657.0 0.0011778601219702978
658.0 0.0011096275557065383
659.0 0.0010413954441901296
660.0 0.0009827067515288945
661.0 0.0009240180588676594
662.0 0.0010678197213565
663.0 0.0012116215657442808
664.0 0.001169143979495857
665.0 0.0011266659385000821
666.0 0.0011054603419324849
667.0 0.001084254381567007
668.0 0.001118264117394574
669.0 0.0011522737622726709
670.0 0.0011422727766330354
671.0 0.00113227188194287
672.0 0.0011431001439632382
673.0 0.0011539281331351958
674.0 0.0011117645954072941
675.0 0.0010696009667299222
676.0 0.001025779693009099
677.0 0.000981958055490395
678.0 0.001064463776856428
679.0 0.0011469695891719311
680.0 0.0010624173228279687
681.0 0.000977864874585066
682.0 0.0010320731234969571
683.0 0.001086281190509908
684.0 0.0009209217751049437
685.0 0.0007555622232757742
686.0 0.0009843930456554517
687.0 0.0012132238225603942
688.0 0.0011496025763335638
689.0 0.0010859813301067334
690.0 0.0010195836694038007
691.0 0.0009531859177513979
692.0 0.0009043526915775146
693.0 0.0008555195563531015
694.0 0.0010034075785370078
695.0 0.0011512954188219737
696.0 0.0011114366316178348
697.0 0.001071577389666345
698.0 0.0012154845535405912
699.0 0.0013593918083643075
700.0 0.0011732932762242854
701.0 0.000987194653134793
702.0 0.001163217439170694
703.0 0.0013392400433076546
704.0 0.0013062202924629673
705.0 0.0012732003597193398
706.0 0.0011897418517037295
707.0 0.0011062833436881192
708.0 0.0010717489203670993
709.0 0.00103721476989449
710.0 0.0011236334103159606
711.0 0.0012100525054847822
712.0 0.0011734518011508044
713.0 0.0011368513696652371
714.0 0.0011526862181199249
715.0 0.0011685213394230232
716.0 0.0014260039279179182
717.0 0.001683486880210694
718.0 0.0018977636500494555
719.0 0.0021120402379892766
720.0 0.0017698464944260195
721.0 0.001427652568963822
722.0 0.0015395373338833451
723.0 0.0016514226444996893
724.0 0.001582950608280953
725.0 0.0015144784811127465
726.0 0.001627725396247115
727.0 0.0017409724023309536
728.0 0.0018578766685095616
729.0 0.0019747809346881695
730.0 0.0019910012269974686
731.0 0.002007221701205708
732.0 0.001870014784799423
733.0 0.0017328080502920784
734.0 0.0015566169167868793
735.0 0.0013804260561300907
736.0 0.0012303731637075543
737.0 0.001080320271285018
738.0 0.001071616406989051
739.0 0.001062912451743614
740.0 0.0009451384357817005
741.0 0.0008273641469713766
742.0 0.0008139703822962474
743.0 0.000800576526671648
744.0 0.0009831534953264054
745.0 0.0011657307368295733
746.0 0.0010973178177664522
747.0 0.0010289049896528013
748.0 0.0011810712749138474
749.0 0.001333237742073834
750.0 0.0010940993888652883
751.0 0.0008549613085051533
752.0 0.0007424181603710167
753.0 0.0006298751941358205
754.0 0.0007872662536101416
755.0 0.0009446573130844627
756.0 0.0009051662345882505
757.0 0.0008656751560920384
758.0 0.0008505968253302854
759.0 0.0008355187674169429
760.0 0.0006631246833421756
761.0 0.0004907305537926732
762.0 0.0005678707111655967
763.0 0.000645010732114315
764.0 0.0007769610419927631
765.0 0.0009089116247196216
766.0 0.0007978275789355393
767.0 0.0006867436241009273
768.0 0.0006170026608742774
769.0 0.0005472616521728924
770.0 0.00043885770537599456
771.0 0.0003304537813164643
772.0 0.0005153053734829882
773.0 0.0007001570793363499
774.0 0.0008066399459494278
775.0 0.0009131227670877706
776.0 0.000866878963279305
777.0 0.0008206350685213692
778.0 0.000766183075029403
779.0 0.0007117311270121718
780.0 0.0006831532573414734
781.0 0.00065457543314551
782.0 0.0006172032044560183
783.0 0.0005798308393423213
784.0 0.0007176158305810532
785.0 0.0008554008672945201
786.0 0.0007458564596163342
787.0 0.0006363124157360289
788.0 0.0004061664640175877
789.0 0.00017602061461730045
790.0 0.00016482965747854905
791.0 0.00015363868897111388
792.0 0.00022415836156142177
793.0 0.00029467803415172966
794.0 0.000283096937891969
795.0 0.0002715158416322083
796.0 0.0004246503522153944
797.0 0.0005777848400612129
798.0 0.0005678416982846102
799.0 0.0005578986019827425
800.0 0.0005641767074848758
801.0 0.0005704549494112143
802.0 0.00046691129682585597
803.0 0.00036336771245260024
804.0 0.0002998725449288031
805.0 0.0002363774456171086
806.0 0.000281887560049654
807.0 0.0003273976517448318
808.0 0.00042628262235666625
809.0 0.0005251676157058682
810.0 0.0003499109197946382
811.0 0.0001746541897773568
812.0 0.00017460323533668998
813.0 0.0001745522581586556
814.0 0.00026856837394007016
815.0 0.00036258452382753603
816.0 0.000442548389401054
817.0 0.0005225121185503667
818.0 0.0004202475338388467
819.0 0.0003179829946020618
820.0 0.00044169869397592265
821.0 0.0005654143024003133
822.0 0.0004298247404221911
823.0 0.00029423515570670133
824.0 0.0004126251951674931
825.0 0.0005310152118909173
826.0 0.0006406208740372676
827.0 0.0007502264452341478
828.0 0.0006769136689399602
829.0 0.0006036008016963024
830.0 0.0004793997504748404
831.0 0.0003551986765160109
832.0 0.0004666703716793563
833.0 0.000578141953155864
834.0 0.00045623883124790154
835.0 0.0003343356866025715
836.0 0.0004532377715804614
837.0 0.0005721399247704539
838.0 0.00048091192184074316
839.0 0.0003896839189110324
840.0 0.0005410998255683808
841.0 0.0006925156867509941
842.0 0.0003562669917300809
843.0 2.0018225654894195e-05
844.0 0.00011562742656678893
845.0 0.00021123662463651272
846.0 0.00045623569349118043
847.0 0.0007012348760326859
848.0 0.0006419985311367782
849.0 0.0005827622771903407
850.0 0.0005457445240608649
851.0 0.0005087268618808594
852.0 0.0006147608473838773
853.0 0.0007207945145637495
854.0 0.0006225626748346258
855.0 0.0005243306532065617
856.0 0.0005681643870047992
857.0 0.0006119981208030367
858.0 0.0005825279458804289
859.0 0.000553057770957821
860.0 0.0005419081389845815
861.0 0.0005307584615366068
862.0 0.0005107912784296786
863.0 0.0004908241407974856
864.0 0.00046489381020364817
865.0 0.00043896347960981075
866.0 0.0004796581379196141
867.0 0.0005203528871788876
868.0 0.0006878032763779629
869.0 0.0008552536201023031
870.0 0.0007127845947252354
871.0 0.0005703153419744922
872.0 0.0004512780833465513
873.0 0.0003322407337691402
874.0 0.00040748332139628474
875.0 0.00048272590902342927
876.0 0.0005734726073569618
877.0 0.0006642193056904944
878.0 0.0006868611308163963
879.0 0.0007095029104675632
880.0 0.0006325586127786664
881.0 0.0005556145879381802
882.0 0.000513209170094342
883.0 0.0004708039796241792
884.0 0.0005393076207838021
885.0 0.0006078114893171005
886.0 0.0007087863650667714
887.0 0.0008097615136648528
888.0 0.0006453848982346244
889.0 0.00048100841922860127
890.0 0.0005434850208985154
891.0 0.0006059618044673698
892.0 0.0005417506599769695
893.0 0.0004775396064360393
894.0 0.0004840487235924229
895.0 0.0004905578407488065
896.0 0.00027943344775849255
897.0 6.830904908383673e-05
898.0 0.00021293060399329988
899.0 0.0003575521759557887
900.0 0.00033187427561642835
901.0 0.00030619635253970046
902.0 0.0005257978500594618
903.0 0.0007453993475792231
904.0 0.0004134457867621677
905.0 8.149214636432589e-05
906.0 0.00029377731607382884
