lsstCam/transmission_filter_detector/r33_s21/g_6/19700101T000000.ecsv
# %ECSV 1.0
# ---
# datatype:
# - {name: wavelength, unit: nm, datatype: float32}
# - {name: efficiency, unit: '%', datatype: float64}
# meta: !!omap
# - {MODE: DETECTOR}
# - {TYPE: transmission_filter_detector}
# - {CALIBDATE: '1970-01-01T00:00:00'}
# - {INSTRUME: LSSTCam}
# - {OBSTYPE: transmission_filter_detector}
# - {CALIBCLS: lsst.ip.isr.IntermediateFilterDetectorTransmissionCurve}
# - {SOURCE: Materion (DM-46256)}
# - {DETECTOR: 151}
# - {FILTER: g_6}
# - {CALIB_ID: 'calibDate=1970-01-01T00:00:00 filter=g_6 detector=151'}
# - {DATE: '2025-04-02T15:59:42.726330'}
# - {CALIB_CREATION_DATE: '2025-04-02'}
# - {CALIB_CREATION_TIME: '15:59:42'}
# - __serialized_columns__:
#     efficiency:
#       __class__: astropy.units.quantity.Quantity
#       unit: !astropy.units.Unit {unit: '%'}
#       value: !astropy.table.SerializedColumn {name: efficiency}
#     wavelength:
#       __class__: astropy.units.quantity.Quantity
#       unit: !astropy.units.Unit {unit: nm}
#       value: !astropy.table.SerializedColumn {name: wavelength}
# schema: astropy-2.0
wavelength efficiency
300.0 0.3563939593732357
301.0 0.3051786217838526
302.0 0.2539632376283407
303.0 0.2412348985671997
304.0 0.22850660607218742
305.0 0.2243794733658433
306.0 0.22025236394256353
307.0 0.21210478153079748
308.0 0.2039572224020958
309.0 0.19728096667677164
310.0 0.1906046993099153
311.0 0.19437195733189583
312.0 0.19813920371234417
313.0 0.19074787851423025
314.0 0.1833565765991807
315.0 0.17970100743696094
316.0 0.176045426633209
317.0 0.17381886718794703
318.0 0.1715922961011529
319.0 0.15943206381052732
320.0 0.14727183151990175
321.0 0.138843001332134
322.0 0.13041415950283408
323.0 0.11612595990300179
324.0 0.1018377486616373
325.0 0.0902053783647716
326.0 0.07857300224713981
327.0 0.0735262525267899
328.0 0.06847950280644
329.0 0.06275734049268067
330.0 0.05703517817892134
331.0 0.05373658495955169
332.0 0.05043798591941595
333.0 0.04740037256851792
334.0 0.04436275630723685
335.0 0.04220356640871614
336.0 0.040044376510195434
337.0 0.040248854202218354
338.0 0.04045332898385823
339.0 0.03968131204601377
340.0 0.038909289287403226
341.0 0.03717587678693235
342.0 0.03544246428646147
343.0 0.03256565541960299
344.0 0.029688843642361462
345.0 0.026040678494609892
346.0 0.0223925118916668
347.0 0.020722563203889877
348.0 0.019052614516112953
349.0 0.01758386642904952
350.0 0.8969665504992008
351.0 1.2181460857391357
352.0 0.8384478278458118
353.0 0.6427519489079714
354.0 0.7207213900983334
355.0 0.9655737318098545
356.0 0.7096283603459597
357.0 0.9952443651854992
358.0 0.5254000425338745
359.0 0.756710022687912
360.0 0.586862675845623
361.0 0.7781394757330418
362.0 0.5297731142491102
363.0 0.7830156944692135
364.0 0.4809387493878603
365.0 0.7430707570165396
366.0 0.537967449054122
367.0 0.7576765026897192
368.0 0.3804900450631976
369.0 0.5772158037871122
370.0 0.420161010697484
371.0 0.5459435284137726
372.0 0.4279276356101036
373.0 0.6160271819680929
374.0 0.46272967010736465
375.0 0.681019201874733
376.0 0.35634133964776993
377.0 0.49080997705459595
378.0 0.41690152138471603
379.0 0.5643803160637617
380.0 0.4547820892184973
381.0 0.43400684371590614
382.0 0.5507157649844885
383.0 0.5562036298215389
384.0 0.5395329557359219
385.0 0.5395716056227684
386.0 0.6346899550408125
387.0 0.6725546903908253
388.0 0.8319595828652382
389.0 1.145666092634201
390.0 1.6320906579494476
391.0 2.5076422840356827
392.0 3.9528150111436844
393.0 6.302758306264877
394.0 9.545931965112686
395.0 13.979072868824005
396.0 19.527605175971985
397.0 26.517489552497864
398.0 34.83051359653473
399.0 43.84956955909729
400.0 53.25627326965332
401.0 62.3820960521698
402.0 70.92880010604858
403.0 78.29214930534363
404.0 83.82410407066345
405.0 88.04044723510742
406.0 90.4670000076294
407.0 92.41395592689514
408.0 93.58781576156616
409.0 94.24192905426025
410.0 94.49593424797058
411.0 94.3859875202179
412.0 94.0466821193695
413.0 93.77147555351257
414.0 93.5689926147461
415.0 93.746417760849
416.0 94.01153326034546
417.0 94.3213403224945
418.0 94.81056332588196
419.0 95.39670944213867
420.0 95.88574171066284
421.0 96.55086994171143
422.0 96.71489596366882
423.0 96.98816537857056
424.0 96.74318432807922
425.0 96.69654965400696
426.0 96.65394425392151
427.0 96.71497344970703
428.0 96.46408557891846
429.0 96.34177684783936
430.0 96.15047574043274
431.0 96.17147445678711
432.0 96.2830662727356
433.0 96.29191756248474
434.0 96.39514088630676
435.0 96.51014804840088
436.0 96.58984541893005
437.0 96.61678075790405
438.0 96.6550886631012
439.0 96.73768281936646
440.0 96.7225193977356
441.0 96.84251546859741
442.0 96.85339331626892
443.0 96.81903123855591
444.0 96.79531455039978
445.0 96.51714563369751
446.0 96.3962972164154
447.0 96.18239998817444
448.0 96.18669748306274
449.0 96.31743431091309
450.0 96.54996991157532
451.0 96.71939611434937
452.0 96.91910743713379
453.0 97.0304012298584
454.0 97.13410139083862
455.0 97.38996624946594
456.0 97.50580191612244
457.0 97.66268730163574
458.0 97.64596819877625
459.0 97.7266252040863
460.0 97.70746231079102
461.0 97.87465333938599
462.0 97.74426221847534
463.0 97.75661826133728
464.0 97.8350818157196
465.0 97.73460030555725
466.0 97.78718948364258
467.0 97.76058197021484
468.0 97.75511622428894
469.0 97.81110286712646
470.0 97.68058657646179
471.0 97.55300879478455
472.0 97.64118790626526
473.0 97.524493932724
474.0 97.36400246620178
475.0 97.42270112037659
476.0 97.39854335784912
477.0 97.43191003799438
478.0 97.55683541297913
479.0 97.55935668945312
480.0 97.72339463233948
481.0 97.80017137527466
482.0 97.96541333198547
483.0 97.90928363800049
484.0 98.06298613548279
485.0 98.10253977775574
486.0 98.11065196990967
487.0 98.1505036354065
488.0 98.14648628234863
489.0 98.28537106513977
490.0 98.2214093208313
491.0 98.27412366867065
492.0 98.16896319389343
493.0 98.16978573799133
494.0 98.13092350959778
495.0 98.19761514663696
496.0 98.02468419075012
497.0 97.93290495872498
498.0 97.76604771614075
499.0 97.8553831577301
500.0 97.7465569972992
501.0 97.69494533538818
502.0 97.58718609809875
503.0 97.77218103408813
504.0 97.57482409477234
505.0 97.56320118904114
506.0 97.62102365493774
507.0 97.57974147796631
508.0 97.57465720176697
509.0 97.57764935493469
510.0 97.52147197723389
511.0 97.48297929763794
512.0 97.40939140319824
513.0 97.48550653457642
514.0 97.44296073913574
515.0 97.49131798744202
516.0 97.57468104362488
517.0 97.57876992225647
518.0 97.61823415756226
519.0 97.6285457611084
520.0 97.74233102798462
521.0 97.84037470817566
522.0 97.83809185028076
523.0 97.80297875404358
524.0 97.87340760231018
525.0 97.80804514884949
526.0 97.94940948486328
527.0 97.88342118263245
528.0 98.00639748573303
529.0 98.07389378547668
530.0 98.073410987854
531.0 98.25222492218018
532.0 98.1149673461914
533.0 98.07301163673401
534.0 98.1343150138855
535.0 97.96052575111389
536.0 97.65582084655762
537.0 97.1663773059845
538.0 96.51653170585632
539.0 95.23468017578125
540.0 93.65829229354858
541.0 91.17289185523987
542.0 88.5577142238617
543.0 85.06612181663513
544.0 80.61115741729736
545.0 76.62854790687561
546.0 71.66487574577332
547.0 67.05164909362793
548.0 62.433767318725586
549.0 58.19987654685974
550.0 54.86486554145813
551.0 51.63254737854004
552.0 49.22420084476471
553.0 46.749502420425415
554.0 44.012537598609924
555.0 40.949949622154236
556.0 36.93784475326538
557.0 32.19956159591675
558.0 26.90885066986084
559.0 21.572019159793854
560.0 16.316157579421997
561.0 11.323606222867966
562.0 7.441508769989014
563.0 4.470514133572578
564.0 2.5104546919465065
565.0 1.2311415746808052
566.0 0.6678290665149689
567.0 0.32537239603698254
568.0 0.20027225837111473
569.0 0.11428025318309665
570.0 0.08917488739825785
571.0 0.06059305160306394
572.0 0.060307717649266124
573.0 0.03997984458692372
574.0 0.041783638880588114
575.0 0.03849411732517183
576.0 0.035778217716142535
577.0 0.02751756110228598
578.0 0.03612531581893563
579.0 0.026880661607719958
580.0 0.025347035261802375
581.0 0.021109603403601795
582.0 0.03530435496941209
583.0 0.023079803213477135
584.0 0.022477887978311628
585.0 0.015300867380574346
586.0 0.022385876218322664
587.0 0.016221248370129615
588.0 0.02318225015187636
589.0 0.018197705503553152
590.0 0.027054193196818233
591.0 0.008405387052334845
592.0 0.01710505166556686
593.0 0.015393338981084526
594.0 0.015346826694440097
595.0 0.004032486685900949
596.0 0.009108652011491358
597.0 0.004484271630644798
598.0 0.024786443100310862
599.0 0.016246899031102657
600.0 0.012791879998985678
601.0 0.002279536784044467
602.0 0.0021890995412832126
603.0 0.002098662116623018
604.0 0.002058863356069196
605.0 0.0020190644136164337
606.0 0.001962446913239546
607.0 0.0019058295947615989
608.0 0.0019138209609081969
609.0 0.0019218123270547949
610.0 0.0020082125047338195
611.0 0.0020946123186149634
612.0 0.0019911904018954374
613.0 0.001887768848973792
614.0 0.001888027873064857
615.0 0.0018882870790548623
616.0 0.0016835341739351861
617.0 0.0014787811778660398
618.0 0.0015308874935726635
619.0 0.0015829940821276978
620.0 0.0014491824913420714
621.0 0.0013153705367585644
622.0 0.001476151646784274
623.0 0.001636932574911043
624.0 0.0016341551599907689
625.0 0.001631377926969435
626.0 0.001454138782719383
627.0 0.001276899638469331
628.0 0.0013962219782115426
629.0 0.0015155444089032244
630.0 0.0014969176845625043
631.0 0.0014782909602217842
632.0 0.0014504710634355433
633.0 0.0014226513485482428
634.0 0.0014615316104027443
635.0 0.0015004116903583053
636.0 0.001413576592312893
637.0 0.0013267414942674804
638.0 0.0012715884622593876
639.0 0.0012164354302512947
640.0 0.0012727085959340911
641.0 0.0013289819435158279
642.0 0.0012448877896531485
643.0 0.0011607939995883498
644.0 0.0011176297448400874
645.0 0.0010744658538897056
646.0 0.0011368103514541872
647.0 0.001199154939968139
648.0 0.0012715659067907836
649.0 0.0013439767826639581
650.0 0.0012916309970023576
651.0 0.0012392850294418167
652.0 0.0012140462786192074
653.0 0.0011888075277965982
654.0 0.0012138983947806992
655.0 0.0012389892617648002
656.0 0.0012142890227551106
657.0 0.0011895888746948913
658.0 0.0011555773198779207
659.0 0.00112156567411148
660.0 0.0011136618923046626
661.0 0.0011057576557504945
662.0 0.0010631028999341652
663.0 0.001020448144117836
664.0 0.0011545319466677029
665.0 0.0012886159311165102
666.0 0.001264845923287794
667.0 0.0012410758245096076
668.0 0.0012206479368614964
669.0 0.0012002195944660343
670.0 0.0011947922757826746
671.0 0.0011893649570993148
672.0 0.0010661326996341813
673.0 0.0009429007150174584
674.0 0.0010118508726009168
675.0 0.0010808011211338453
676.0 0.0009967327969206963
677.0 0.0009126644727075472
678.0 0.0009380638402944896
679.0 0.0009634631169319618
680.0 0.0010104538887389936
681.0 0.0010574449333944358
682.0 0.000995972368400544
683.0 0.0009345001672045328
684.0 0.0008706989319762215
685.0 0.0008068977876973804
686.0 0.0008645915841043461
687.0 0.0009222855624102522
688.0 0.0009674605280451942
689.0 0.0010126355846296065
690.0 0.0010611356628942303
691.0 0.0011096357411588542
692.0 0.0010588626537355594
693.0 0.0010080896572617348
694.0 0.0010633446436258964
695.0 0.0011185998118889984
696.0 0.0011329533663229086
697.0 0.0011473071936052293
698.0 0.0011355540664226282
699.0 0.0011238009392400272
700.0 0.0011175116924277972
701.0 0.001111222354666097
702.0 0.001191235423902981
703.0 0.0012712482202914543
704.0 0.001198901554744225
705.0 0.0011265547982475255
706.0 0.0011259988241363317
707.0 0.0011254427590756677
708.0 0.0010894400475081056
709.0 0.0010534374268900137
710.0 0.0011327814718242735
711.0 0.0012121256077080034
712.0 0.0012778776181221474
713.0 0.0013436296285362914
714.0 0.0013643028069054708
715.0 0.00138497589432518
716.0 0.001418378178641433
717.0 0.0014517806448566262
718.0 0.0015148422789934557
719.0 0.0015779041859786958
720.0 0.001372144015476806
721.0 0.001166383572126506
722.0 0.0013664444850292057
723.0 0.0015665054888813756
724.0 0.0016196867363760248
725.0 0.0016728678019717336
726.0 0.0017453461623517796
727.0 0.001817824704630766
728.0 0.0018299198927707039
729.0 0.0018420150809106417
730.0 0.001863854777184315
731.0 0.001885694837255869
732.0 0.0017216583728441037
733.0 0.0015576220903312787
734.0 0.001467186666559428
735.0 0.0013767512427875772
736.0 0.0012325412171776406
737.0 0.001088331100618234
738.0 0.001050675109581789
739.0 0.001013019118545344
740.0 0.0008793869710643776
741.0 0.000745754778108676
742.0 0.0007985673619259614
743.0 0.0008513800821674522
744.0 0.000839892618387239
745.0 0.0008284051546070259
746.0 0.0007115377229638398
747.0 0.0005946702913206536
748.0 0.0006702030532323988
749.0 0.0007457358606188791
750.0 0.0008455041097477078
751.0 0.0009452724043512717
752.0 0.000961338901106501
753.0 0.0009774053978617303
754.0 0.0009153620339930058
755.0 0.0008533184882253408
756.0 0.0008684689419169445
757.0 0.0008836193046590779
758.0 0.0008356203579751309
759.0 0.0007876216841395944
760.0 0.0008524640179530252
761.0 0.0009173062608169857
762.0 0.0008472623449051753
763.0 0.0007772183380438946
764.0 0.000646844137008884
765.0 0.0005164701178728137
766.0 0.0006421122634492349
767.0 0.0007677544090256561
768.0 0.0006863525413791649
769.0 0.0006049506282579387
770.0 0.0005920691819483181
771.0 0.0005791877356386976
772.0 0.0005643362328555668
773.0 0.0005494845936482307
774.0 0.0005713094651582651
775.0 0.0005931342911935644
776.0 0.0006398314326361287
777.0 0.0006865282557555474
778.0 0.0006361182386172004
779.0 0.0005857082214788534
780.0 0.000639646350464318
781.0 0.0006935844794497825
782.0 0.0005780261744803283
783.0 0.00046246796046034433
784.0 0.0004157031980867032
785.0 0.00036893852666253224
786.0 0.0004308220923121553
787.0 0.0004927056579617783
788.0 0.00046898485379642807
789.0 0.0004452639586816076
790.0 0.00038803859752079006
791.0 0.00033081330457207514
792.0 0.0004248901404935168
793.0 0.0005189669082028558
794.0 0.0004432077730598394
795.0 0.0003674485242299852
796.0 0.000430242789661861
797.0 0.0004930371687805746
798.0 0.0003470655883575091
799.0 0.0002010940306718112
800.0 0.0002619289716676576
801.0 0.00032276393540087156
802.0 0.00047620014811400324
803.0 0.0006296363608271349
804.0 0.0005002513262297725
805.0 0.0003708662688950426
806.0 0.0004793304924533004
807.0 0.0005877947387489257
808.0 0.000538993072041194
809.0 0.0004901914053334622
810.0 0.0003930842467525508
811.0 0.0002959769972221693
812.0 0.0002826118134180433
813.0 0.0002692467205633875
814.0 0.0003836153155134525
815.0 0.0004979839104635175
816.0 0.0005809406957268948
817.0 0.0006638974355155369
818.0 0.0005664598120347364
819.0 0.00046902223402867094
820.0 0.00048611245802021585
821.0 0.000503202818435966
822.0 0.0004758177055919077
823.0 0.0004484325472731143
824.0 0.00048654060265107546
825.0 0.0005246487035037717
826.0 0.0005352102107281098
827.0 0.0005457717179524479
828.0 0.00045437354856403545
829.0 0.0003629753564382554
830.0 0.00035125372050970327
831.0 0.00033953203910641605
832.0 0.00034919651170639554
833.0 0.00035886093883163994
834.0 0.00037621668980136747
835.0 0.00039357241803372744
836.0 0.00037624793094437337
837.0 0.00035892342111765174
838.0 0.0004203454409434926
839.0 0.00048176748350670096
840.0 0.0004034938683616929
841.0 0.000325220344166155
842.0 0.00046207255763874855
843.0 0.000598924725636607
844.0 0.0005919491286476841
845.0 0.0005849735771334963
846.0 0.00047679764065833297
847.0 0.00036862165870843455
848.0 0.00034313086416659644
849.0 0.00031764009236212587
850.0 0.000221789741772227
851.0 0.00012593940255101188
852.0 7.419335474878608e-05
853.0 2.244729273570556e-05
854.0 0.00012154656587881618
855.0 0.0002206458248110721
856.0 0.0003217860466975253
857.0 0.0004229263140587136
858.0 0.00045280062295205425
859.0 0.0004826748863706598
860.0 0.00046445211410173215
861.0 0.0004462292963580694
862.0 0.0004079216068930691
863.0 0.0003696138492159662
864.0 0.000320002209264203
865.0 0.00027039056931243977
866.0 0.0003347636265971232
867.0 0.00039913666114443913
868.0 0.000499017824040493
869.0 0.0005988989869365469
870.0 0.0005549846264329972
871.0 0.0005110702659294475
872.0 0.0004016280399810057
873.0 0.00029218585950729903
874.0 0.0004189984338154318
875.0 0.0005458110081235645
876.0 0.0004165319296589587
877.0 0.00028725285119435284
878.0 0.0004038751285406761
879.0 0.0005204973604122642
880.0 0.0005959749159956118
881.0 0.0006714523351547541
882.0 0.0006120388661656762
883.0 0.0005526253517018631
884.0 0.0005200768100621644
885.0 0.0004875281774729956
886.0 0.0004436005383468
887.0 0.00039967289922060445
888.0 0.0004507100129558239
889.0 0.0005017472176405136
890.0 0.0005460117336042458
891.0 0.0005902762950427132
892.0 0.0005963220246485434
893.0 0.0006023677542543737
894.0 0.0005517983936442761
895.0 0.0005012289875594433
896.0 0.000470016948384
897.0 0.00043880486373382155
898.0 0.000429850842920132
899.0 0.0004208967766317073
900.0 0.0003332030473757186
901.0 0.0002455092726449948
902.0 0.0004492332664085552
903.0 0.0006529572601721156
904.0 0.0005473641977005173
905.0 0.00044177118070365395
906.0 0.00040412724047200754
