lsstCam/transmission_filter_detector/r33_s21/g_6/19700101T000000.ecsv
# %ECSV 1.0
# ---
# datatype:
# - {name: wavelength, unit: nm, datatype: float32}
# - {name: efficiency, unit: '%', datatype: float64}
# meta: !!omap
# - {MODE: DETECTOR}
# - {TYPE: transmission_filter_detector}
# - {CALIBDATE: '1970-01-01T00:00:00'}
# - {INSTRUME: LSSTCam}
# - {OBSTYPE: transmission_filter_detector}
# - {CALIBCLS: lsst.ip.isr.IntermediateFilterDetectorTransmissionCurve}
# - {SOURCE: Materion (DM-46256)}
# - {DETECTOR: 151}
# - {FILTER: g_6}
# - {CALIB_ID: 'calibDate=1970-01-01T00:00:00 filter=g_6 detector=151'}
# - {DATE: '2025-04-02T15:59:42.726330'}
# - {CALIB_CREATION_DATE: '2025-04-02'}
# - {CALIB_CREATION_TIME: '15:59:42'}
# - __serialized_columns__:
#     efficiency:
#       __class__: astropy.units.quantity.Quantity
#       unit: !astropy.units.Unit {unit: '%'}
#       value: !astropy.table.SerializedColumn {name: efficiency}
#     wavelength:
#       __class__: astropy.units.quantity.Quantity
#       unit: !astropy.units.Unit {unit: nm}
#       value: !astropy.table.SerializedColumn {name: wavelength}
# schema: astropy-2.0
wavelength efficiency
[from data line 608]
908.0 0.00040398749661108013
909.0 0.00044149160203232896
910.0 0.00042648448470572475
911.0 0.00041147741285385564
912.0 0.0005052353571954882
913.0 0.0005989933470118558
914.0 0.000577586388317286
915.0 0.0005561795205721864
916.0 0.0003837616077362327
917.0 0.00021134369490027893
918.0 0.0002732670736804721
919.0 0.0003351904297232977
920.0 0.00037466431876964634
921.0 0.0004141382760280976
922.0 0.00037487941426661564
923.0 0.00033562059797986876
924.0 0.00039483174987253733
925.0 0.000454042947239941
926.0 0.00038187490645213984
927.0 0.0003097068656643387
928.0 0.0004083292878931388
929.0 0.000506951710121939
930.0 0.0005011997018300463
931.0 0.0004954477844876237
932.0 0.0005089353635412408
933.0 0.0005224228971201228
934.0 0.0005562215392274084
935.0 0.0005900201358599588
936.0 0.0006347259841277264
937.0 0.0006794319233449642
938.0 0.0005500732640939532
939.0 0.00042071483221661765
940.0 0.00048619858716847375
941.0 0.0005516822511708597
942.0 0.0006034642865415663
943.0 0.0006552462764375377
944.0 0.0005266958396532573
945.0 0.0003981454028689768
946.0 0.0007163735062931664
947.0 0.0010346017006668262
948.0 0.0009029489774547983
949.0 0.0007712961632933002
950.0 0.0006988986569922417
951.0 0.0006265010597417131
952.0 0.0008662029358674772
953.0 0.0011059049029427115
954.0 0.0010551696504990105
955.0 0.0010044343980553094
956.0 0.0008510386578564066
957.0 0.0006976430995564442
958.0 0.0006869940079923254
959.0 0.0006763449619029416
960.0 0.0007632855158590246
961.0 0.0008502261152898427
962.0 0.0007570815796498209
963.0 0.000663936953060329
964.0 0.0006002069312671665
965.0 0.0005364768185245339
966.0 0.0005793914624518948
967.0 0.0006223061063792557
968.0 0.0006698293873341754
969.0 0.0007173527137638303
970.0 0.0006456315077230101
971.0 0.000573910256207455
972.0 0.0006363448392221471
973.0 0.0006987793767621042
974.0 0.000687993133396958
975.0 0.0006772068445570767
976.0 0.0007764889232930727
977.0 0.0008757709110795986
978.0 0.0008715370313439053
979.0 0.0008673029697092716
980.0 0.000821058165456634
981.0 0.0007748134521534666
982.0 0.0008746800631342921
983.0 0.0009745465831656475
984.0 0.0011617788914008997
985.0 0.001349011199636152
986.0 0.001289788997382857
987.0 0.0012305671589274425
988.0 0.0011974191693298053
989.0 0.0011642712706816383
990.0 0.0012798803254554514
991.0 0.0013954893802292645
992.0 0.0013736571418121457
993.0 0.0013518247214960866
994.0 0.001390973739034962
995.0 0.0014301227565738373
996.0 0.00134785595946596
997.0 0.0012655890714086127
998.0 0.001279941170651
999.0 0.0012942934517923277
1000.0 0.0013056180250714533
1001.0 0.001316942689300049
1002.0 0.001284365225728834
1003.0 0.0012517876712081488
1004.0 0.0013013756870350335
1005.0 0.001350963611912448
1006.0 0.0013731360922975
1007.0 0.0013953087545814924
1008.0 0.0013538352504838258
1009.0 0.0013123614735377487
1010.0 0.0014308164281828795
1011.0 0.0015492716556764208
1012.0 0.0015013940355856903
1013.0 0.0014535162335960194
1014.0 0.0017332558854832314
1015.0 0.0020129955373704433
1016.0 0.002059178768831771
1017.0 0.0021053621821920387
1018.0 0.0023616074031451717
1019.0 0.0026178531697951257
1020.0 0.0027289024728816003
1021.0 0.0028399521397659555
1022.0 0.003146904055029154
1023.0 0.003453855970292352
1024.0 0.0035793662391370162
1025.0 0.0037048761441837996
1026.0 0.003958720481023192
1027.0 0.004212564817862585
1028.0 0.004355679629952647
1029.0 0.004498794805840589
1030.0 0.004608422750607133
1031.0 0.004718050695373677
1032.0 0.0048189511289820075
1033.0 0.004919851562590338
1034.0 0.004990030720364302
1035.0 0.0050602098781382665
1036.0 0.005294059155858122
1037.0 0.0055279091611737385
1038.0 0.005631909880321473
1039.0 0.005735909871873446
1040.0 0.005857311771251261
1041.0 0.005978713670629077
1042.0 0.0060431128076743335
1043.0 0.006107512308517471
1044.0 0.006309592572506517
1045.0 0.006511672836495563
1046.0 0.007169671880546957
1047.0 0.00782767019700259
1048.0 0.008563156734453514
1049.0 0.009298644727095962
1050.0 0.010753559035947546
1051.0 0.012208471889607608
1052.0 0.014536497474182397
1053.0 0.016864523058757186
1054.0 0.020104383293073624
1055.0 0.02334424207219854
1056.0 0.028173066675662994
1057.0 0.03300188691355288
1058.0 0.03951018152292818
1059.0 0.04601847904268652
1060.0 0.053899717750027776
1061.0 0.061780953546985984
1062.0 0.07004151702858508
1063.0 0.07830209215171635
1064.0 0.0866737391334027
1065.0 0.09504539193585515
1066.0 0.10234389919787645
1067.0 0.10964240645989776
1068.0 0.1173625118099153
1069.0 0.12508262880146503
1070.0 0.13421546900644898
1071.0 0.14334829756990075
1072.0 0.15294880140572786
1073.0 0.16254930524155498
1074.0 0.1735423575155437
1075.0 0.1845354214310646
1076.0 0.19480023765936494
1077.0 0.205065100453794
1078.0 0.21506466437131166
1079.0 0.22506422828882933
1080.0 0.23799301125109196
1081.0 0.25092174764722586
1082.0 0.2669102745130658
1083.0 0.2828987780958414
1084.0 0.3099763533100486
1085.0 0.337053881958127
1086.0 0.37125428207218647
1087.0 0.4054546356201172
1088.0 0.45315735042095184
1089.0 0.5008600652217865
1090.0 0.5605706945061684
1091.0 0.6202815100550652
1092.0 0.6903770379722118
1093.0 0.7604727521538734
1094.0 0.8325696922838688
1095.0 0.9046668186783791
1096.0 0.9517771191895008
1097.0 0.9988873265683651
1098.0 1.07032535597682
1099.0 1.1417635716497898
1100.0 1.2510916218161583
1101.0 1.3604195788502693
