lsstCam/transmission_filter_detector/r42_s12/i_39/19700101T000000.ecsv
# %ECSV 1.0
# ---
# datatype:
# - {name: wavelength, unit: nm, datatype: float32}
# - {name: efficiency, unit: '%', datatype: float64}
# meta: !!omap
# - {MODE: DETECTOR}
# - {TYPE: transmission_filter_detector}
# - {CALIBDATE: '1970-01-01T00:00:00'}
# - {INSTRUME: LSSTCam}
# - {OBSTYPE: transmission_filter_detector}
# - {CALIBCLS: lsst.ip.isr.IntermediateFilterDetectorTransmissionCurve}
# - {SOURCE: Materion (DM-46256)}
# - {DETECTOR: 176}
# - {FILTER: i_39}
# - {CALIB_ID: 'calibDate=1970-01-01T00:00:00 filter=i_39 detector=176'}
# - {DATE: '2025-04-02T15:59:47.294035'}
# - {CALIB_CREATION_DATE: '2025-04-02'}
# - {CALIB_CREATION_TIME: '15:59:47'}
# - __serialized_columns__:
#     efficiency:
#       __class__: astropy.units.quantity.Quantity
#       unit: !astropy.units.Unit {unit: '%'}
#       value: !astropy.table.SerializedColumn {name: efficiency}
#     wavelength:
#       __class__: astropy.units.quantity.Quantity
#       unit: !astropy.units.Unit {unit: nm}
#       value: !astropy.table.SerializedColumn {name: wavelength}
# schema: astropy-2.0
wavelength efficiency
[from data line 598]
898.0 9.583689006831264e-05
899.0 9.425268565621536e-07
900.0 1.636259487278191e-10
901.0 2.2489038542516937e-05
902.0 0.00013892990864405874
903.0 6.572201982635306e-05
904.0 1.636259487278191e-10
905.0 1.6492575127813325e-05
906.0 4.0471073248227185e-05
907.0 2.5269702064179e-05
908.0 1.006831169547695e-05
909.0 1.636259487278191e-10
910.0 1.636259487278191e-10
911.0 1.636259487278191e-10
912.0 1.5718865142844152e-05
913.0 7.295402042473143e-05
914.0 0.00013018916433793493
915.0 9.197348163070274e-05
916.0 5.375781029215432e-05
917.0 1.636259487278191e-10
918.0 1.636259487278191e-10
919.0 1.636259487278191e-10
920.0 1.636259487278191e-10
921.0 1.636259487278191e-10
922.0 2.4037498747020436e-05
923.0 2.0792128907487495e-05
924.0 1.754675622578361e-05
925.0 1.636259487278191e-10
926.0 1.636259487278191e-10
927.0 1.636259487278191e-10
928.0 1.636259487278191e-10
929.0 5.984424547023082e-05
930.0 0.0002862720521079609
931.0 4.657802037399961e-05
932.0 1.636259487278191e-10
933.0 1.636259487278191e-10
934.0 1.636259487278191e-10
935.0 1.636259487278191e-10
936.0 1.636259487278191e-10
937.0 1.636259487278191e-10
938.0 7.261075296582931e-06
939.0 2.1542280137509806e-05
940.0 3.582352405828715e-05
941.0 0.00012200988521726686
942.0 0.00020819629753532354
943.0 1.636259487278191e-10
944.0 1.636259487278191e-10
945.0 1.636259487278191e-10
946.0 0.00010967687558149919
947.0 8.534684639016632e-05
948.0 6.101682288317534e-05
949.0 3.9398027951165204e-06
950.0 1.636259487278191e-10
951.0 1.636259487278191e-10
952.0 1.636259487278191e-10
953.0 1.636259487278191e-10
954.0 1.636259487278191e-10
955.0 5.034692662775342e-05
956.0 0.0002655211346791475
957.0 0.00013871363080397714
958.0 1.1906207220135911e-05
959.0 5.794953494842048e-05
960.0 0.0001039928974932991
961.0 0.000165812002705934
962.0 0.00022763108518120134
963.0 0.00013190003755880753
964.0 3.616899277858465e-05
965.0 3.219109316887625e-05
966.0 2.821319355916785e-05
967.0 5.94373652518243e-06
968.0 1.636259487278191e-10
969.0 2.2136703137221048e-05
970.0 6.059912038836046e-05
971.0 3.779645965096279e-05
972.0 1.4993786123795871e-05
973.0 4.190786739854957e-05
974.0 6.88219472522178e-05
975.0 0.00010596062338663614
976.0 0.00014309930520539638
977.0 4.3048413544966024e-05
978.0 1.636259487278191e-10
979.0 5.243323286663326e-06
980.0 6.7489111188479e-05
981.0 3.0387096217054932e-05
982.0 1.636259487278191e-10
983.0 8.122217423078837e-05
984.0 0.00016915927290028776
985.0 0.00012126180308769108
986.0 7.336428211601742e-05
987.0 4.3292482132528676e-05
988.0 1.322066225384333e-05
989.0 2.5130592007371888e-05
990.0 3.7040530287413276e-05
991.0 0.00012422470945239183
992.0 0.00021140890567039605
993.0 0.0001511529490016983
994.0 9.089699801734241e-05
995.0 0.0001668287040956784
996.0 0.00024276039312098874
997.0 0.00012403030495988787
998.0 5.300207917002808e-06
999.0 1.636259487278191e-10
1000.0 1.636259487278191e-10
1001.0 5.587680789176375e-05
1002.0 0.00017194751080751303
1003.0 0.00014974976920711924
1004.0 0.00012755202760672546
1005.0 0.00016928490822465392
1006.0 0.00021101786842336878
1007.0 0.00024918524559325306
1008.0 0.00028735269097523997
1009.0 0.00025295448722317815
1010.0 0.0002185563744205865
1011.0 0.000318702313961694
1012.0 0.00041884827624016907
1013.0 0.00027771723125624703
1014.0 0.00013658609532285482
1015.0 0.00014133248669168097
1016.0 0.00014607886669182335
1017.0 0.00026922530196316075
1018.0 0.0003923717486031819
1019.0 0.0003639527676568832
1020.0 0.00033553378671058454
1021.0 0.00026472032459423644
1022.0 0.00019390681700315326
1023.0 0.00016449571376142558
1024.0 0.0001350846105196979
1025.0 0.00010979700846291962
1026.0 8.450944619653455e-05
1027.0 0.0003086105607508216
1028.0 0.0005327116014086641
1029.0 0.0008038151463551912
1030.0 0.0010749186003522482
1031.0 0.0011196731065865606
1032.0 0.001164427612820873
1033.0 0.001415199767507147
1034.0 0.0016659716493450105
1035.0 0.0021694371753255837
1036.0 0.0026729021556093358
1037.0 0.0028915943403262645
1038.0 0.003110286343144253
1039.0 0.003318196104373783
1040.0 0.003526105865603313
1041.0 0.0033702650398481637
1042.0 0.0032144242140930146
1043.0 0.003282032412244007
1044.0 0.00334964097419288
1045.0 0.003427878618822433
1046.0 0.0035061158996541053
1047.0 0.0033193598937941715
1048.0 0.0031326038879342377
1049.0 0.0029593984436360188
1050.0 0.0027861928174388595
1051.0 0.002488214522600174
1052.0 0.0021902362277614884
1053.0 0.0022094591258792207
1054.0 0.0022286823877948336
1055.0 0.0017665555787971243
1056.0 0.0013044284969510045
1057.0 0.0012023989256704226
1058.0 0.0011003690815414302
1059.0 0.0009513069926470052
1060.0 0.0008022447218536399
1061.0 0.0011219496627745684
1062.0 0.001441654694644967
1063.0 0.0015425353922182694
1064.0 0.001643416180741042
1065.0 0.002140821197826881
1066.0 0.0026382265787106007
1067.0 0.0031597810448147357
1068.0 0.0036813355109188706
1069.0 0.003420219218241982
1070.0 0.003159102561767213
1071.0 0.0031656880310038105
1072.0 0.0031722738640382886
1073.0 0.0029083541448926553
1074.0 0.0026444346076459624
1075.0 0.002798145214910619
1076.0 0.0029518558221752755
1077.0 0.0032569525501457974
1078.0 0.0035620494600152597
1079.0 0.0035361845220904797
1080.0 0.0035103195841656998
1081.0 0.002493717875040602
1082.0 0.001477116074966034
1083.0 0.0014613258827012032
1084.0 0.0014455356904363725
1085.0 0.0010413080417492893
1086.0 0.0006370804385369411
1087.0 0.0005959436293778708
1088.0 0.0005548067292693304
1089.0 0.00010957307949865935
1090.0 1.636259487278191e-10
1091.0 0.0008928049282985739
1092.0 0.0021212699721218087
1093.0 0.0013753422535955906
1094.0 0.0006294146714935778
1095.0 0.000353169866684766
1096.0 7.692489703003957e-05
1097.0 1.636259487278191e-10
1098.0 1.636259487278191e-10
1099.0 0.0003665266376629006
1100.0 0.0010469802873558365
