lsstCam/transmission_filter_detector/r42_s12/i_39/19700101T000000.ecsv
# %ECSV 1.0
# ---
# datatype:
# - {name: wavelength, unit: nm, datatype: float32}
# - {name: efficiency, unit: '%', datatype: float64}
# meta: !!omap
# - {MODE: DETECTOR}
# - {TYPE: transmission_filter_detector}
# - {CALIBDATE: '1970-01-01T00:00:00'}
# - {INSTRUME: LSSTCam}
# - {OBSTYPE: transmission_filter_detector}
# - {CALIBCLS: lsst.ip.isr.IntermediateFilterDetectorTransmissionCurve}
# - {SOURCE: Materion (DM-46256)}
# - {DETECTOR: 176}
# - {FILTER: i_39}
# - {CALIB_ID: 'calibDate=1970-01-01T00:00:00 filter=i_39 detector=176'}
# - {DATE: '2025-04-02T15:59:47.294035'}
# - {CALIB_CREATION_DATE: '2025-04-02'}
# - {CALIB_CREATION_TIME: '15:59:47'}
# - __serialized_columns__:
#     efficiency:
#       __class__: astropy.units.quantity.Quantity
#       unit: !astropy.units.Unit {unit: '%'}
#       value: !astropy.table.SerializedColumn {name: efficiency}
#     wavelength:
#       __class__: astropy.units.quantity.Quantity
#       unit: !astropy.units.Unit {unit: nm}
#       value: !astropy.table.SerializedColumn {name: wavelength}
# schema: astropy-2.0
wavelength efficiency
300.0 0.08172451634891331
301.0 0.026064159465022385
302.0 1.636259487278191e-10
303.0 1.636259487278191e-10
304.0 0.014267135702539235
305.0 0.007857001764932647
306.0 0.001446863552700961
307.0 0.010017911699833348
308.0 0.01858896139310673
309.0 0.005762995351688005
310.0 1.636259487278191e-10
311.0 1.636259487278191e-10
312.0 1.636259487278191e-10
313.0 0.0005530100679607131
314.0 0.006929755909368396
315.0 0.009899650467559695
316.0 0.012869543570559472
317.0 0.007240447303047404
318.0 0.0016113510355353355
319.0 0.00018387872842140496
320.0 1.636259487278191e-10
321.0 1.636259487278191e-10
322.0 1.636259487278191e-10
323.0 1.636259487278191e-10
324.0 0.0017688586012809537
325.0 0.000543320174983819
326.0 1.636259487278191e-10
327.0 0.0006954767741262913
328.0 0.002073171708616428
329.0 0.0004152393103140639
330.0 1.636259487278191e-10
331.0 0.0006122540526121156
332.0 0.002467200829414651
333.0 0.002144032987416722
334.0 0.0018208644178230315
335.0 0.0014608959645556752
336.0 0.0011009262379957363
337.0 0.000573562965655583
338.0 4.619925277893344e-05
339.0 1.636259487278191e-10
340.0 1.636259487278191e-10
341.0 1.636259487278191e-10
342.0 1.636259487278191e-10
343.0 0.0006704260158585384
344.0 0.0014971342352509964
345.0 0.001191500177810667
346.0 0.0008858660294208676
347.0 1.636259487278191e-10
348.0 1.636259487278191e-10
349.0 1.636259487278191e-10
350.0 0.00014053218819753965
351.0 0.00017807745962272747
352.0 0.00021562257188634248
353.0 0.0005479725587065332
354.0 0.0008803224773146212
355.0 0.0013386603313847445
356.0 0.0017969981854548678
357.0 0.0005913756467634812
358.0 1.636259487278191e-10
359.0 1.636259487278191e-10
360.0 1.636259487278191e-10
361.0 0.0002076002829198842
362.0 0.0005095103460917016
363.0 0.0005053701443102909
364.0 0.00050122985157941
365.0 0.00043038085095759016
366.0 0.0003595318048610352
367.0 0.00015283036418622942
368.0 1.636259487278191e-10
369.0 1.636259487278191e-10
370.0 1.636259487278191e-10
371.0 0.00022314084162644576
372.0 0.0006730284439981915
373.0 0.001000356951408321
374.0 0.0013276854588184506
375.0 0.0009397111170983408
376.0 0.0005517368663277011
377.0 0.0004407232609082712
378.0 0.0003297095872767386
379.0 0.00027971877898380626
380.0 0.00022972799342824146
381.0 1.636259487278191e-10
382.0 1.636259487278191e-10
383.0 1.636259487278191e-10
384.0 1.636259487278191e-10
385.0 1.636259487278191e-10
386.0 0.00012001959248664207
387.0 1.636259487278191e-10
388.0 1.636259487278191e-10
389.0 9.485131045039452e-05
390.0 0.00047110256673477124
391.0 0.00040690288187761325
392.0 0.00034270299238414736
393.0 0.0005618896011583274
394.0 0.0007810759598214645
395.0 0.0005247460194368614
396.0 0.00026841580620384775
397.0 0.0004911777523375349
398.0 0.000713939652996487
399.0 0.0014109801668382715
400.0 0.002108020635205321
401.0 0.006267487333388999
402.0 0.010426954395370558
403.0 0.006826623575761914
404.0 0.0032262913009617478
405.0 0.001486714700149605
406.0 1.636259487278191e-10
407.0 0.001199625421577366
408.0 0.002652113835210912
409.0 0.0035295026464154944
410.0 0.004406891093822196
411.0 0.004438493851921521
412.0 0.004470096610020846
413.0 0.004945174805470742
414.0 0.005420252637122758
415.0 0.005687478915206157
416.0 0.005954705193289556
417.0 0.006224100798135623
418.0 0.006493497494375333
419.0 0.004758138311444782
420.0 0.0030227802199078724
421.0 0.003903955439454876
422.0 0.004785131386597641
423.0 0.004461595744942315
424.0 0.004138059375691228
425.0 0.004687911496148445
426.0 0.005237763252807781
427.0 0.004588355659507215
428.0 0.00393894843000453
429.0 0.0027388172384235077
430.0 0.0015386864106403664
431.0 0.003068382284254767
432.0 0.004598077794071287
433.0 0.004402618287713267
434.0 0.004207158781355247
435.0 0.0033491203794255853
436.0 0.002491082159394864
437.0 0.0019785940821748227
438.0 0.001466106277803192
439.0 0.0017588623450137675
440.0 0.0020516185031738132
441.0 0.0009299378689320292
442.0 1.636259487278191e-10
443.0 0.00022086121589381946
444.0 0.0006334652425721288
445.0 0.0005064142442279262
446.0 0.00037936331409582635
447.0 0.0003713140131367254
448.0 0.00036326471217762446
449.0 0.00048788128879095893
450.0 0.0006124977971921908
451.0 0.00040971262933453545
452.0 0.0002069273477900424
453.0 1.636259487278191e-10
454.0 1.636259487278191e-10
455.0 1.636259487278191e-10
456.0 0.00014697945971420268
457.0 0.00016730076595194987
458.0 0.00018762184481602162
459.0 0.00039495384953625035
460.0 0.0006022860816301545
461.0 0.0006387988378264708
462.0 0.0006753115940227872
463.0 0.0003872100478474749
464.0 9.91088199953083e-05
465.0 7.557897561127902e-05
466.0 5.2049159648959176e-05
467.0 0.0004838776476390194
468.0 0.0009157060958386865
469.0 0.0006026687060511904
470.0 0.00028963133900106186
471.0 0.0003647222001745831
472.0 0.00043981299313600175
473.0 3.902594301052886e-05
474.0 1.636259487278191e-10
475.0 1.636259487278191e-10
476.0 4.0333853235097195e-05
477.0 0.00017691079392534448
478.0 0.00031348783977591665
479.0 0.00013705036963074235
480.0 1.636259487278191e-10
481.0 0.0003070280854444718
482.0 0.0006534430212923326
483.0 0.001556491588416975
484.0 0.0024595397917437367
485.0 0.003323498458485119
486.0 0.00418745657952968
487.0 0.006366698653437197
488.0 0.008545940363546833
489.0 0.013590794696938246
490.0 0.01863564975792542
491.0 0.023356176097877324
492.0 0.028076706803403795
493.0 0.030741849332116544
494.0 0.03340699477121234
495.0 0.03180533822160214
496.0 0.030203681671991944
497.0 0.025197365903295577
498.0 0.020191054500173777
499.0 0.015394471120089293
500.0 0.010597889922792092
501.0 0.006864021270303056
502.0 0.0031301526178140193
503.0 0.00228898261411814
504.0 0.0014478124285233207
505.0 0.0019775474356720224
506.0 0.002507282442820724
507.0 0.0026179341148235835
508.0 0.0027285856049275026
509.0 0.0025477960662101395
510.0 0.002367006709391717
511.0 0.002258443601022009
512.0 0.0021498804926523007
513.0 0.002061401028186083
514.0 0.0019729213818209246
515.0 0.0015941213860060088
516.0 0.001215321390191093
517.0 0.001624737706151791
518.0 0.0020341538402135484
519.0 0.001850870467023924
520.0 0.0016675870938342996
521.0 0.001591243562870659
522.0 0.0015149002138059586
523.0 0.0017854194084065966
524.0 0.0020559386030072346
525.0 0.0026160354536841623
526.0 0.00317613230436109
527.0 0.0037371995858848095
528.0 0.004298266867408529
529.0 0.004017150058643892
530.0 0.003736033249879256
531.0 0.0035708409996004775
532.0 0.003405648749321699
533.0 0.002934964322776068
534.0 0.002464280441927258
535.0 0.0018805625586537644
536.0 0.001296844766329741
537.0 0.0017950411347555928
538.0 0.0022932375941309147
539.0 0.0029223194360383786
540.0 0.003551401459844783
541.0 0.004302166780689731
542.0 0.005052931737736799
543.0 0.005077302921563387
544.0 0.005101674469187856
545.0 0.004697298209066503
546.0 0.00429292194894515
547.0 0.003427370756980963
548.0 0.002561819383117836
549.0 0.0023523898562416434
550.0 0.002142960329365451
551.0 0.002182568823627662
552.0 0.0022221771359909326
553.0 0.0022056332454667427
554.0 0.0021890897187404335
555.0 0.0017777716493583284
556.0 0.0013664539437741041
557.0 0.001201297709485516
558.0 0.0010361412932979874
559.0 0.0007001565791142639
560.0 0.00036417193314264296
561.0 0.0005674316980730509
562.0 0.0007706914402660914
563.0 0.001083824008674128
564.0 0.0013969565770821646
565.0 0.0015920082660159096
566.0 0.0017870599549496546
567.0 0.0017611349903745577
568.0 0.0017352100257994607
569.0 0.0014395362086361274
570.0 0.0011438622095738538
571.0 0.0007750607437628787
572.0 0.00040625927795190364
573.0 0.0004331348009145586
574.0 0.00046001018745300826
575.0 0.0005281784069666173
576.0 0.0005963466264802264
577.0 0.0006263714567467105
578.0 0.0006563962870131945
579.0 0.0004665819233196089
580.0 0.00027676749141392065
581.0 0.0002904522943936172
582.0 0.00030413709737331374
583.0 0.0003147564257233171
584.0 0.00032537577681068797
585.0 0.00033168569189001573
586.0 0.00033799553875724087
587.0 0.0005392879302235087
588.0 0.000740580253477674
589.0 0.0008688195521244779
590.0 0.0009970588507712819
591.0 0.0007645756340934895
592.0 0.0005320924174156971
593.0 0.0005218641490500886
594.0 0.0005116359716339502
595.0 0.000421027425545617
596.0 0.00033041881124518113
597.0 0.00030454841635219054
598.0 0.0002786780441965675
599.0 0.00020912978015985573
600.0 0.00013958159570393036
601.0 0.00026894838356383843
602.0 0.0003983152055297978
603.0 0.0002942844957942725
604.0 0.00019025382016479853
605.0 0.00026863608582061715
606.0 0.000347018340107752
607.0 0.00028068632218491985
608.0 0.0002143542133126175
609.0 0.0003415873152334825
610.0 0.0004688204171543475
611.0 0.00040157774492399767
612.0 0.00033433504995628027
613.0 0.0003162036819048808
614.0 0.0002980723593282164
615.0 0.00022217404875846114
616.0 0.0001462758064008085
617.0 0.0002929262564066448
618.0 0.00043957675188721623
619.0 0.00042478031900827773
620.0 0.0004099840225535445
621.0 0.0003219208565496956
622.0 0.0002338576905458467
623.0 0.0002249279077659594
624.0 0.0002159982386729098
625.0 0.0002714258471314679
626.0 0.00032685347832739353
627.0 0.0003552882617441355
628.0 0.0003837230906356126
629.0 0.0003904087407136103
630.0 0.0003970944362663431
631.0 0.00037888803490204737
632.0 0.00036068165627511917
633.0 0.0002921634404629003
634.0 0.00022364524738804903
635.0 0.0002306858732481487
636.0 0.00023772652184561593
637.0 0.00022266278847382637
638.0 0.00020759912331413943
639.0 0.00043384461605455726
640.0 0.0006600900178455049
641.0 0.0006015950475557474
642.0 0.0005430999408417847
643.0 0.00048572242121736053
644.0 0.0004283447651687311
645.0 0.0005034445166529622
646.0 0.0005785443136119284
647.0 0.0006063391992938705
648.0 0.0006341340395010775
649.0 0.000597044618189102
650.0 0.0005599550604529213
651.0 0.0006668925379926804
652.0 0.0007738299245829694
653.0 0.0008565103598812129
654.0 0.0009391908861289266
655.0 0.0008989974048745353
656.0 0.0008588038326706737
657.0 0.0013888861758459825
658.0 0.0019189685190212913
659.0 0.0034394812246318907
660.0 0.045741320354864
661.0 0.10695256059989333
662.0 0.12823916040360928
663.0 0.11810214491561055
664.0 0.12721470557153225
665.0 0.1379505032673478
666.0 0.1753913122229278
667.0 0.16025369986891747
668.0 0.23033609613776207
669.0 0.24483951274305582
670.0 0.32854569144546986
671.0 0.4806847311556339
672.0 0.7634525187313557
673.0 1.1876645497977734
674.0 1.7581293359398842
675.0 2.610648237168789
676.0 3.623618930578232
677.0 4.975513368844986
678.0 6.324608623981476
679.0 7.692067325115204
680.0 9.497617930173874
681.0 11.527107656002045
682.0 14.068569242954254
683.0 16.82172566652298
684.0 19.802911579608917
685.0 22.74230420589447
686.0 25.77529549598694
687.0 28.956329822540283
688.0 32.21181035041809
689.0 35.475221276283264
690.0 39.12003040313721
691.0 43.14471483230591
692.0 47.92846739292145
693.0 53.00343632698059
694.0 58.74701142311096
695.0 64.35884237289429
696.0 70.64436078071594
697.0 76.15581750869751
698.0 82.21309185028076
699.0 86.88401579856873
700.0 90.57588577270508
701.0 93.53308081626892
702.0 95.64257264137268
703.0 96.79162502288818
704.0 97.38262295722961
705.0 97.83825874328613
706.0 97.90045022964478
707.0 98.08340072631836
708.0 98.15484285354614
709.0 98.21788668632507
710.0 97.94046878814697
711.0 98.14825057983398
712.0 98.00825715065002
713.0 98.13188910484314
714.0 98.12769293785095
715.0 98.2056736946106
716.0 98.0638861656189
717.0 98.28625321388245
718.0 98.35948944091797
719.0 98.34634065628052
720.0 98.55417013168335
721.0 98.50540161132812
722.0 98.27543497085571
723.0 98.01616668701172
724.0 97.66804575920105
725.0 97.42903113365173
726.0 97.12159037590027
727.0 96.84783816337585
728.0 96.55565619468689
729.0 96.37302160263062
730.0 96.34082317352295
731.0 96.34665846824646
732.0 96.37632369995117
733.0 96.71036005020142
734.0 96.98659777641296
735.0 97.19018936157227
736.0 97.68685698509216
737.0 98.01233410835266
738.0 98.3407735824585
739.0 98.7204372882843
740.0 98.84330034255981
741.0 98.69242906570435
742.0 99.02991056442261
743.0 98.80170822143555
744.0 98.6826479434967
745.0 98.61780405044556
746.0 98.65998029708862
747.0 98.91831278800964
748.0 98.76426458358765
749.0 98.58574867248535
750.0 98.62232208251953
751.0 98.52246642112732
752.0 98.42653274536133
753.0 98.64565134048462
754.0 98.5505759716034
755.0 98.66337180137634
756.0 98.70259165763855
757.0 98.68015646934509
758.0 98.80343079566956
759.0 98.91137480735779
760.0 98.77716302871704
761.0 98.67826700210571
762.0 98.77204298973083
763.0 98.70344996452332
764.0 98.5620379447937
765.0 98.55483770370483
766.0 98.62311482429504
767.0 98.41499328613281
768.0 98.50118160247803
769.0 98.49758744239807
770.0 98.22567105293274
771.0 98.21839928627014
772.0 98.28609824180603
773.0 98.20977449417114
774.0 98.00562262535095
775.0 98.14579486846924
776.0 97.9448676109314
777.0 98.06289076805115
778.0 98.05319309234619
779.0 98.11027646064758
780.0 97.96956181526184
781.0 98.30774664878845
782.0 98.21469187736511
783.0 98.31212759017944
784.0 98.23746681213379
785.0 98.41378927230835
786.0 98.48461151123047
787.0 98.30215573310852
788.0 98.38039875030518
789.0 98.47446084022522
790.0 98.45930933952332
791.0 98.47947359085083
792.0 98.25669527053833
793.0 98.27185869216919
794.0 98.26523065567017
795.0 98.05322289466858
796.0 98.10315370559692
797.0 98.15013408660889
798.0 98.07573556900024
799.0 98.00962805747986
800.0 97.80431985855103
801.0 97.83408641815186
802.0 97.73008823394775
803.0 97.52210974693298
804.0 97.39682078361511
805.0 97.05164432525635
806.0 96.67309522628784
807.0 95.98783850669861
808.0 95.07960081100464
809.0 94.01169419288635
810.0 92.75290369987488
811.0 91.0449743270874
812.0 88.93437385559082
813.0 86.46525740623474
814.0 83.46785306930542
815.0 80.00473380088806
816.0 76.33552551269531
817.0 72.0378041267395
818.0 67.26312637329102
819.0 62.94288635253906
820.0 57.9598069190979
821.0 53.39304208755493
822.0 48.92297387123108
823.0 44.302818179130554
824.0 39.581239223480225
825.0 35.31214892864227
826.0 30.800330638885498
827.0 26.183316111564636
828.0 21.9658225774765
829.0 17.810650169849396
830.0 13.511073589324951
831.0 10.282650589942932
832.0 7.071495801210403
833.0 4.712747037410736
834.0 2.9268359765410423
835.0 1.7684411257505417
836.0 1.0169369168579578
837.0 0.5858724005520344
838.0 0.33896679524332285
839.0 0.21514936815947294
840.0 0.13453987194225192
841.0 0.07400099420920014
842.0 0.03879479190800339
843.0 0.024688427220098674
844.0 1.636259487278191e-10
845.0 0.026137378881685436
846.0 0.008786565740592778
847.0 1.636259487278191e-10
848.0 1.636259487278191e-10
849.0 1.636259487278191e-10
850.0 0.0012286459423194174
851.0 0.0023905357011244632
852.0 0.0025896784791257232
853.0 0.0022075311790104024
854.0 0.001825384060794022
855.0 0.0013178498193155974
856.0 0.0008103157597361133
857.0 0.0005828796929563396
858.0 0.0003554436943886685
859.0 0.00030053247428440955
860.0 0.0002456213678669883
861.0 0.00018283357121617883
862.0 0.00012004563814116409
863.0 0.00016333160601789132
864.0 0.00020661764210672118
865.0 0.00019253598111390602
866.0 0.00017845433148977463
867.0 3.723368138253136e-05
868.0 1.636259487278191e-10
869.0 1.636259487278191e-10
870.0 1.636259487278191e-10
871.0 1.636259487278191e-10
872.0 1.636259487278191e-10
873.0 0.0001050859282258898
874.0 0.0002667106400622288
875.0 0.00014668182757304749
876.0 2.6653026452549966e-05
877.0 6.87131546328601e-05
878.0 0.00011077328281317023
879.0 6.108422780926048e-05
880.0 1.1395236043654222e-05
881.0 0.00012588968729687622
882.0 0.00024038413357629906
883.0 0.00019004083924301085
884.0 0.00013969751080367132
885.0 0.0001281276695408451
886.0 0.00011655779417196754
887.0 1.2518535186245572e-05
888.0 1.636259487278191e-10
889.0 1.636259487278191e-10
890.0 1.609501936172819e-05
891.0 7.131879442567879e-05
892.0 0.00012654259080591146
893.0 8.788541663307115e-05
894.0 4.92282538289146e-05
895.0 7.036021543171955e-05
896.0 9.149218271886639e-05
