lsstCam/transmission_filter_detector/r32_s01/u_24/19700101T000000.ecsv
# %ECSV 1.0
# ---
# datatype:
# - {name: wavelength, unit: nm, datatype: float32}
# - {name: efficiency, unit: '%', datatype: float64}
# meta: !!omap
# - {MODE: DETECTOR}
# - {TYPE: transmission_filter_detector}
# - {CALIBDATE: '1970-01-01T00:00:00'}
# - {INSTRUME: LSSTCam}
# - {OBSTYPE: transmission_filter_detector}
# - {CALIBCLS: lsst.ip.isr.IntermediateFilterDetectorTransmissionCurve}
# - {SOURCE: Materion (DM-46256)}
# - {DETECTOR: 136}
# - {FILTER: u_24}
# - {CALIB_ID: 'calibDate=1970-01-01T00:00:00 filter=u_24 detector=136'}
# - {DATE: '2025-04-02T15:59:40.380427'}
# - {CALIB_CREATION_DATE: '2025-04-02'}
# - {CALIB_CREATION_TIME: '15:59:40'}
# - __serialized_columns__:
#     efficiency:
#       __class__: astropy.units.quantity.Quantity
#       unit: !astropy.units.Unit {unit: '%'}
#       value: !astropy.table.SerializedColumn {name: efficiency}
#     wavelength:
#       __class__: astropy.units.quantity.Quantity
#       unit: !astropy.units.Unit {unit: nm}
#       value: !astropy.table.SerializedColumn {name: wavelength}
# schema: astropy-2.0
wavelength efficiency
295.0 1.5806028361153857e-10
296.0 1.5806028361153857e-10
297.0 0.15499842120334506
298.0 1.5806028361153857e-10
299.0 1.5806028361153857e-10
300.0 0.0752201653085649
301.0 1.5806028361153857e-10
302.0 1.5806028361153857e-10
303.0 1.5806028361153857e-10
304.0 0.05789773422293365
305.0 0.39068846963346004
306.0 1.4121889136731625
307.0 2.3244649171829224
308.0 4.415125772356987
309.0 7.149890810251236
310.0 9.943998605012894
311.0 13.635040819644928
312.0 17.533904314041138
313.0 20.742730796337128
314.0 23.53302538394928
315.0 26.14726424217224
316.0 28.161969780921936
317.0 30.5707186460495
318.0 33.17402899265289
319.0 36.438751220703125
320.0 41.221728920936584
321.0 46.16842567920685
322.0 52.04002857208252
323.0 57.55501985549927
324.0 62.530624866485596
325.0 66.0923719406128
326.0 68.6194360256195
327.0 70.57422995567322
328.0 72.5342869758606
329.0 73.99352788925171
330.0 75.36966800689697
331.0 76.38882994651794
332.0 76.89797282218933
333.0 76.99131965637207
334.0 76.91648006439209
335.0 77.03297138214111
336.0 77.1360695362091
337.0 77.52901911735535
338.0 78.51457595825195
339.0 79.08320426940918
340.0 79.50384616851807
341.0 80.0800085067749
342.0 80.36752939224243
343.0 80.34906387329102
344.0 80.44123649597168
345.0 80.78458309173584
346.0 81.0162901878357
347.0 81.31589889526367
348.0 81.6268265247345
349.0 81.80941939353943
350.0 81.82775378227234
351.0 82.0264220237732
352.0 81.92152976989746
353.0 81.86434507369995
354.0 81.76073431968689
355.0 82.00464844703674
356.0 82.16897249221802
357.0 82.03160762786865
358.0 81.76599144935608
359.0 81.49258494377136
360.0 81.54425024986267
361.0 81.44283890724182
362.0 81.27490878105164
363.0 81.39362931251526
364.0 81.51496052742004
365.0 81.66923522949219
366.0 81.7297101020813
367.0 81.77453875541687
368.0 81.57892227172852
369.0 81.50350451469421
370.0 81.20641112327576
371.0 80.93789219856262
372.0 80.88945150375366
373.0 81.00212216377258
374.0 80.9907615184784
375.0 81.29552006721497
376.0 81.40456080436707
377.0 81.37823343276978
378.0 81.45802617073059
379.0 81.20074272155762
380.0 80.56490421295166
381.0 79.3992817401886
382.0 77.66956090927124
383.0 75.74421167373657
384.0 73.6928403377533
385.0 71.29932045936584
386.0 68.9346194267273
387.0 65.80221056938171
388.0 62.667298316955566
389.0 58.91105532646179
390.0 55.15390634536743
391.0 51.033151149749756
392.0 46.69325351715088
393.0 42.774564027786255
394.0 39.48674201965332
395.0 36.341410875320435
396.0 33.125096559524536
397.0 29.11132574081421
398.0 24.389202892780304
399.0 18.327704071998596
400.0 12.263139337301254
401.0 7.353623956441879
402.0 3.6153431981801987
403.0 1.352774165570736
404.0 0.40246667340397835
405.0 0.1562977209687233
406.0 0.008920844265958294
407.0 0.0324941094731912
408.0 0.021127249056007713
409.0 0.0031898794986773282
410.0 1.5806028361153857e-10
411.0 1.5806028361153857e-10
412.0 1.5806028361153857e-10
413.0 1.5806028361153857e-10
414.0 1.5806028361153857e-10
415.0 1.5806028361153857e-10
416.0 1.5806028361153857e-10
417.0 1.5806028361153857e-10
418.0 1.5806028361153857e-10
419.0 1.5806028361153857e-10
420.0 1.5806028361153857e-10
421.0 1.5806028361153857e-10
422.0 1.5806028361153857e-10
423.0 1.5806028361153857e-10
424.0 1.5806028361153857e-10
425.0 1.5806028361153857e-10
426.0 0.0022708270989824086
427.0 0.0008243391675932799
428.0 1.5806028361153857e-10
429.0 1.5806028361153857e-10
430.0 1.5806028361153857e-10
431.0 1.5806028361153857e-10
432.0 1.5806028361153857e-10
433.0 1.5806028361153857e-10
434.0 0.0008286640877486207
435.0 0.0005276995125313988
436.0 0.00022673477815260412
437.0 1.5806028361153857e-10
438.0 1.5806028361153857e-10
439.0 0.00018291128753844532
440.0 0.0006762196335330373
441.0 1.5806028361153857e-10
442.0 1.5806028361153857e-10
443.0 1.5806028361153857e-10
444.0 0.0006065661182219628
445.0 1.5806028361153857e-10
446.0 1.5806028361153857e-10
447.0 1.5806028361153857e-10
448.0 6.608387934647908e-05
449.0 1.5806028361153857e-10
450.0 1.5806028361153857e-10
451.0 1.5806028361153857e-10
452.0 0.00015428671531481086
453.0 1.5806028361153857e-10
454.0 1.5806028361153857e-10
455.0 1.5806028361153857e-10
456.0 1.5806028361153857e-10
457.0 1.5806028361153857e-10
458.0 1.5806028361153857e-10
459.0 1.5806028361153857e-10
460.0 1.5806028361153857e-10
461.0 1.5806028361153857e-10
462.0 1.5806028361153857e-10
463.0 1.5806028361153857e-10
464.0 0.0002431518396406318
465.0 3.293472730092617e-05
466.0 1.5806028361153857e-10
467.0 1.5806028361153857e-10
468.0 1.5806028361153857e-10
469.0 1.5806028361153857e-10
470.0 0.0001386703161188052
471.0 0.00014422854519580142
472.0 0.00014978661511122482
473.0 1.5806028361153857e-10
474.0 1.5806028361153857e-10
475.0 1.5806028361153857e-10
476.0 1.5806028361153857e-10
477.0 1.5806028361153857e-10
478.0 1.5806028361153857e-10
479.0 1.5806028361153857e-10
480.0 1.5806028361153857e-10
481.0 1.5806028361153857e-10
482.0 1.5806028361153857e-10
483.0 1.5806028361153857e-10
484.0 1.5806028361153857e-10
485.0 1.5806028361153857e-10
486.0 1.5806028361153857e-10
487.0 1.5806028361153857e-10
488.0 0.00031027948352857493
489.0 1.5806028361153857e-10
490.0 1.5806028361153857e-10
491.0 1.5806028361153857e-10
492.0 1.2529346804512898e-05
493.0 1.5806028361153857e-10
494.0 1.5806028361153857e-10
495.0 1.5806028361153857e-10
496.0 1.5806028361153857e-10
497.0 1.5806028361153857e-10
498.0 1.5806028361153857e-10
499.0 1.5806028361153857e-10
500.0 1.5806028361153857e-10
501.0 1.5806028361153857e-10
502.0 1.5806028361153857e-10
503.0 1.5806028361153857e-10
504.0 4.331620004904835e-05
505.0 1.5806028361153857e-10
506.0 1.5806028361153857e-10
507.0 1.5806028361153857e-10
508.0 1.5806028361153857e-10
509.0 1.5806028361153857e-10
510.0 1.5806028361153857e-10
511.0 0.00015509330069107818
512.0 0.0003269648914283607
513.0 0.0002545485813243431
514.0 0.00018213231669506058
515.0 1.5806028361153857e-10
516.0 1.5806028361153857e-10
517.0 1.5806028361153857e-10
518.0 1.5806028361153857e-10
519.0 1.5806028361153857e-10
520.0 1.5806028361153857e-10
521.0 1.5806028361153857e-10
522.0 1.5806028361153857e-10
523.0 1.5806028361153857e-10
524.0 1.5806028361153857e-10
525.0 1.5806028361153857e-10
526.0 1.5806028361153857e-10
527.0 1.5806028361153857e-10
528.0 1.5806028361153857e-10
529.0 1.5806028361153857e-10
530.0 1.5806028361153857e-10
531.0 1.5806028361153857e-10
532.0 1.5806028361153857e-10
533.0 0.00011553878493941738
534.0 0.00048478918870387133
535.0 0.00010938069863186684
536.0 1.5806028361153857e-10
537.0 1.5806028361153857e-10
538.0 1.5806028361153857e-10
539.0 1.5806028361153857e-10
540.0 1.5806028361153857e-10
541.0 1.5806028361153857e-10
542.0 1.5806028361153857e-10
543.0 1.5806028361153857e-10
544.0 7.367141279246425e-05
545.0 0.00018727157566900132
546.0 0.0003008716930708033
547.0 5.823490596412739e-05
548.0 1.5806028361153857e-10
549.0 1.5806028361153857e-10
550.0 1.5806028361153857e-10
551.0 0.00010633324336595251
552.0 0.00022611670829064678
553.0 1.5806028361153857e-10
554.0 1.5806028361153857e-10
555.0 1.5806028361153857e-10
556.0 1.5806028361153857e-10
557.0 1.5806028361153857e-10
558.0 1.5806028361153857e-10
559.0 1.5806028361153857e-10
560.0 3.331550146867812e-05
561.0 1.5806028361153857e-10
562.0 1.5806028361153857e-10
563.0 1.5806028361153857e-10
564.0 1.5806028361153857e-10
565.0 1.5806028361153857e-10
566.0 1.5806028361153857e-10
567.0 1.5806028361153857e-10
568.0 1.5806028361153857e-10
569.0 4.202960610655282e-05
570.0 8.493886411997664e-05
571.0 0.0001111914343709941
572.0 0.00013744401030635345
573.0 0.00026430977868585614
574.0 0.00039117549022194
575.0 0.0002516917902539717
576.0 0.00011220807891731965
577.0 4.545975968994753e-05
578.0 1.5806028361153857e-10
579.0 0.00021681660200556507
580.0 0.00045492179197026417
581.0 0.0007379446287814062
582.0 0.0010209674655925483
583.0 0.001447099566576071
584.0 0.0018732314856606536
585.0 0.0016763187886681408
586.0 0.0014794062735745683
587.0 0.0011984226148342714
588.0 0.0009174389560939744
589.0 0.000872968666953966
590.0 0.0008284983778139576
591.0 0.0008564838026359212
592.0 0.0008844692274578847
593.0 0.0006125351774244336
594.0 0.00034060121834045276
595.0 0.0004656378223444335
596.0 0.0005906746537220897
597.0 0.0007739982720522676
598.0 0.0009573217539582402
599.0 0.0010381536412751302
600.0 0.00111898543764255
601.0 0.0014757009921595454
602.0 0.0018324168195249513
603.0 0.001848688771133311
604.0 0.0018649609046406113
605.0 0.0018136515791411512
606.0 0.0017623424355406314
607.0 0.00144074820127571
608.0 0.0011191538760613184
609.0 0.0009023380698636174
610.0 0.000685522081766976
611.0 0.0005353689175535692
612.0 0.00038521570786542725
613.0 0.0003555376224539941
614.0 0.0003258595825172961
615.0 0.00031574659260513727
616.0 0.0003056335117435083
617.0 0.00041514736039971467
618.0 0.000524661163581186
619.0 0.0005154731752554653
620.0 0.0005062851414550096
621.0 0.0005350905212253565
622.0 0.0005638958555209683
623.0 0.0005587289251707261
624.0 0.0005535619038710138
625.0 0.0006279386070673354
626.0 0.0007023154012131272
627.0 0.0006707009561068844
628.0 0.0006390866474248469
629.0 0.0007157841082516825
630.0 0.0007924815690785181
631.0 0.0011190205441380385
632.0 0.0014455597010964993
633.0 0.0019290526324766688
634.0 0.0024125452910084277
635.0 0.002454195600876119
636.0 0.0024958460926427506
637.0 0.002349019268876873
638.0 0.0022021924451109953
639.0 0.0022094267478678375
640.0 0.002216661596321501
641.0 0.0021008841940783896
642.0 0.001985106609936338
643.0 0.0014858828762953635
644.0 0.0009866594155027997
645.0 0.0004627576799975941
646.0 1.5806028361153857e-10
647.0 3.14956821512169e-05
648.0 0.00012413560170898563
649.0 3.292300618795707e-05
650.0 1.5806028361153857e-10
651.0 0.00023277334548765793
652.0 0.000523836297361413
653.0 0.0008000441994227003
654.0 0.001076252283382928
655.0 0.0011570250535442028
656.0 0.001237798005604418
657.0 0.0017087242667912506
658.0 0.0021796506189275533
659.0 0.00272912293439731
660.0 0.0032785952498670667
661.0 0.0032986634323606268
662.0 0.0033187316148541868
663.0 0.0032284922781400383
664.0 0.003138252577628009
665.0 0.0026088904633070342
666.0 0.0020795285308849998
667.0 0.0017997404938796535
668.0 0.0015199527297227178
669.0 0.0013006997505726758
670.0 0.0010814469533215743
671.0 0.0007569240551674739
672.0 0.00043240106606390327
673.0 0.0005905043508391827
674.0 0.0007486077265639324
675.0 0.0008118718142213766
676.0 0.0008751358109293506
677.0 0.000883201755641494
678.0 0.0008912677003536373
679.0 0.0014583917618438136
680.0 0.00202551600523293
681.0 0.0030455559681286104
682.0 0.004065596294822171
683.0 0.005255964424577542
684.0 0.0064463318267371505
685.0 0.007243850268423557
686.0 0.008041369437705725
687.0 0.007530723087256774
688.0 0.007020078191999346
689.0 0.006448526255553588
690.0 0.005876974682905711
691.0 0.005082697680336423
692.0 0.004288420677767135
693.0 0.0034597800549818203
694.0 0.002631139250297565
695.0 0.0021286050468916073
696.0 0.0016260708434856497
697.0 0.001283907113247551
698.0 0.000941743201110512
699.0 0.0007550499503850006
700.0 0.0005683564722858137
701.0 0.0005137725565873552
702.0 0.0004591885499394266
703.0 0.0004656615146814147
704.0 0.0004721344794234028
705.0 0.000529421731698676
706.0 0.0005867089839739492
707.0 0.0007037435807433212
708.0 0.000820778041088488
709.0 0.0008355656973435543
710.0 0.0008503533535986207
711.0 0.0007167168405430857
712.0 0.0005830803274875507
713.0 0.0005954570042376872
714.0 0.000607833817412029
715.0 0.0005847293778060703
716.0 0.0005616249382001115
717.0 0.0006173483143356862
718.0 0.0006730716449965257
719.0 0.0006861458132334519
720.0 0.0006992199814703781
721.0 0.0003775143795792246
722.0 5.580881179412245e-05
723.0 0.00018955032601297717
724.0 0.0003232918288631481
725.0 0.0002282290097355144
726.0 0.00013316616787051316
727.0 6.051245122762339e-05
728.0 1.5806028361153857e-10
729.0 0.00012819509720429778
730.0 0.00026853153940464836
731.0 0.0002101518020936055
732.0 0.00015177220120676793
733.0 0.00017941151781997178
734.0 0.0002070509253826458
735.0 0.0003769473096326692
736.0 0.0005468436938826926
737.0 0.00041732591853360645
738.0 0.00028780807497241767
739.0 0.0005579665867117001
740.0 0.00082812512118835
741.0 0.0010079682397190481
742.0 0.0011878114491992164
743.0 0.0014976443708292209
744.0 0.0018074773834086955
745.0 0.0021860312699573115
746.0 0.002564584974606987
747.0 0.002547193980717566
748.0 0.0025298029868281446
749.0 0.002716968083404936
750.0 0.0029041333618806675
751.0 0.003021266638825182
752.0 0.0031383999157696962
753.0 0.003069405283895321
754.0 0.0030004108339198865
755.0 0.002844754453690257
756.0 0.002689097891561687
757.0 0.002419532756903209
758.0 0.0021499676222447306
759.0 0.001800375321181491
760.0 0.0014507832020171918
761.0 0.0011478033229650464
762.0 0.000844823443912901
763.0 0.0006636982561758487
764.0 0.0004825732503377367
765.0 0.00040703457671043
766.0 0.0003314959258204908
767.0 0.0005413013695942936
768.0 0.0007511069270549342
769.0 0.0006619766736548627
770.0 0.0005728465566789964
771.0 0.0006457854851760203
772.0 0.0007187245046225144
773.0 0.0007237183126562741
774.0 0.0007287120297405636
775.0 0.0007349513452936662
776.0 0.000741190706321504
777.0 0.0005909610990784131
778.0 0.00044073149183532223
779.0 0.0005535725449590245
780.0 0.0006664135071332566
781.0 0.0007697014552832115
782.0 0.0008729894943826366
783.0 0.0009285530722991098
784.0 0.0009841163773671724
785.0 0.0010523955097596627
786.0 0.0011206747331016231
787.0 0.0009883474376692902
788.0 0.0008560202331864275
789.0 0.0009217516890203115
790.0 0.000987482962955255
791.0 0.0007765590453345794
792.0 0.0005656350367644336
793.0 0.0005919428531342419
794.0 0.0006182506240293151
795.0 0.00048631873141857795
796.0 0.0003543868160704733
797.0 0.00035926270811614813
798.0 0.0003641386228991905
799.0 0.00017672283547653933
800.0 1.5806028361153857e-10
801.0 1.5806028361153857e-10
802.0 1.5806028361153857e-10
803.0 1.5806028361153857e-10
804.0 6.099613187871e-05
805.0 5.535707447990035e-07
806.0 1.5806028361153857e-10
807.0 2.663270777247817e-05
808.0 0.00011315438541714684
809.0 0.00012388589993861387
810.0 0.00013461739172271336
811.0 0.00010424605534353759
812.0 7.387475307041313e-05
813.0 4.8888091441767756e-05
814.0 2.390148949871218e-05
815.0 0.0002515244887035806
816.0 0.0004791475021193037
817.0 0.00029982188607391436
818.0 0.00012049633824062767
819.0 0.00015945350924084778
820.0 0.0001984106802410679
821.0 2.3834215312490414e-05
822.0 1.5806028361153857e-10
823.0 1.5806028361153857e-10
824.0 1.5806028361153857e-10
825.0 1.5806028361153857e-10
826.0 1.5806028361153857e-10
827.0 1.5806028361153857e-10
828.0 1.5806028361153857e-10
829.0 1.5806028361153857e-10
830.0 1.5806028361153857e-10
831.0 1.5806028361153857e-10
832.0 1.5806028361153857e-10
833.0 1.5806028361153857e-10
834.0 1.5806028361153857e-10
835.0 1.5806028361153857e-10
836.0 1.5806028361153857e-10
837.0 1.5806028361153857e-10
838.0 3.937766379635832e-06
839.0 1.5806028361153857e-10
840.0 1.5806028361153857e-10
841.0 1.5806028361153857e-10
842.0 1.5806028361153857e-10
843.0 1.5806028361153857e-10
844.0 1.5806028361153857e-10
845.0 1.5806028361153857e-10
846.0 7.091364864209027e-05
847.0 1.5806028361153857e-10
848.0 1.5806028361153857e-10
849.0 1.5806028361153857e-10
850.0 0.0004256691681803204
851.0 0.0002254269020340871
852.0 2.5184613150486257e-05
853.0 1.5806028361153857e-10
854.0 1.5806028361153857e-10
855.0 1.5806028361153857e-10
856.0 0.0002036245632552891
857.0 0.00021263679172989214
858.0 0.00022164899746712763
859.0 0.0004794574124389328
860.0 0.0007372656909865327
861.0 0.0009328568012278993
862.0 0.001128448002418736
863.0 0.001024748598865699
864.0 0.000921049195312662
865.0 0.0010283168194291648
866.0 0.0011355844435456675
867.0 0.001287718623643741
868.0 0.0014398528037418146
869.0 0.0015134028217289597
870.0 0.001586952930665575
871.0 0.0015932866517687216
872.0 0.001599620190972928
873.0 0.0022276122763287276
874.0 0.0028556045435834676
