lsstCam/transmission_filter_detector/r32_s01/u_24/19700101T000000.ecsv
# %ECSV 1.0
# ---
# datatype:
# - {name: wavelength, unit: nm, datatype: float32}
# - {name: efficiency, unit: '%', datatype: float64}
# meta: !!omap
# - {MODE: DETECTOR}
# - {TYPE: transmission_filter_detector}
# - {CALIBDATE: '1970-01-01T00:00:00'}
# - {INSTRUME: LSSTCam}
# - {OBSTYPE: transmission_filter_detector}
# - {CALIBCLS: lsst.ip.isr.IntermediateFilterDetectorTransmissionCurve}
# - {SOURCE: Materion (DM-46256)}
# - {DETECTOR: 136}
# - {FILTER: u_24}
# - {CALIB_ID: 'calibDate=1970-01-01T00:00:00 filter=u_24 detector=136'}
# - {DATE: '2025-04-02T15:59:40.380427'}
# - {CALIB_CREATION_DATE: '2025-04-02'}
# - {CALIB_CREATION_TIME: '15:59:40'}
# - __serialized_columns__:
#     efficiency:
#       __class__: astropy.units.quantity.Quantity
#       unit: !astropy.units.Unit {unit: '%'}
#       value: !astropy.table.SerializedColumn {name: efficiency}
#     wavelength:
#       __class__: astropy.units.quantity.Quantity
#       unit: !astropy.units.Unit {unit: nm}
#       value: !astropy.table.SerializedColumn {name: wavelength}
# schema: astropy-2.0
wavelength efficiency
[from data line 581]
876.0 0.002526032767491415
877.0 0.002802863127726596
878.0 0.0030796938517596573
879.0 0.0027676496756612323
880.0 0.002455605863360688
881.0 0.002428810694254935
882.0 0.002402015343250241
883.0 0.0024068216589512303
884.0 0.002411627792753279
885.0 0.0024540528102079406
886.0 0.002496477827662602
887.0 0.0023431472072843462
888.0 0.0021898162231082097
889.0 0.0023507940568379126
890.0 0.0025117718905676156
891.0 0.0026294239432900213
892.0 0.002747075996012427
893.0 0.0028147844204795547
894.0 0.002882492663047742
895.0 0.002948773908428848
896.0 0.003015054971911013
897.0 0.003302210825495422
898.0 0.0035893666790798306
899.0 0.0037446752685355023
900.0 0.0038999842217890546
901.0 0.004068727866979316
902.0 0.004237471875967458
903.0 0.004475735113373958
904.0 0.004713998714578338
905.0 0.005004928607377224
906.0 0.005295857772580348
907.0 0.005277140735415742
908.0 0.005258424062049016
909.0 0.005348057311493903
910.0 0.00543769019714091
911.0 0.005293590584187768
912.0 0.005149491335032508
913.0 0.004960836304235272
914.0 0.004772180909640156
915.0 0.004584570342558436
916.0 0.0043969597754767165
917.0 0.004265007737558335
918.0 0.004133054972044192
919.0 0.004254236046108417
920.0 0.0043754167563747615
921.0 0.004598418672685511
922.0 0.004821420225198381
923.0 0.00521011752425693
924.0 0.005598814459517598
925.0 0.0059338977735023946
926.0 0.006268981815082952
927.0 0.006671818118775263
928.0 0.0070746544224675745
929.0 0.007392186671495438
930.0 0.007709719648119062
931.0 0.007728479249635711
932.0 0.0077472388511523604
933.0 0.007793906843289733
934.0 0.007840573380235583
935.0 0.007732544327154756
936.0 0.007624513818882406
937.0 0.007273521623574197
938.0 0.006922528700670227
939.0 0.006478424620581791
940.0 0.006034319812897593
941.0 0.005197099017095752
942.0 0.004359877857496031
943.0 0.0037784469895996153
944.0 0.0031970168492989615
945.0 0.00287837228825083
946.0 0.0025597275453037582
947.0 0.002260598193970509
948.0 0.001961468478839379
949.0 0.0015779738532728516
950.0 0.0011944789548579138
951.0 0.0012930338925798424
952.0 0.0013915884665038902
953.0 0.001626687117095571
954.0 0.001861785312939901
955.0 0.0020351839339127764
956.0 0.002208582191087771
957.0 0.002390932604612317
958.0 0.002573283200035803
959.0 0.002948921792267356
960.0 0.003324560384498909
961.0 0.0038193986256374046
962.0 0.004314237230573781
963.0 0.00437605194747448
964.0 0.0044378666643751785
965.0 0.004586748400470242
966.0 0.004735630500363186
967.0 0.004680825077230111
968.0 0.004626019290299155
969.0 0.004602561239153147
970.0 0.004579103188007139
971.0 0.0045547345507657155
972.0 0.004530365549726412
973.0 0.004323488246882334
974.0 0.004116610944038257
975.0 0.0039378828660119325
976.0 0.0037591551517834887
977.0 0.003208987254765816
978.0 0.002658819721546024
979.0 0.0024995948479045182
980.0 0.0023403699742630124
981.0 0.0025537774490658194
982.0 0.0027671851057675667
983.0 0.0027964075343334116
984.0 0.002825630144798197
985.0 0.0031006424251245335
986.0 0.003375655069248751
987.0 0.003599696356104687
988.0 0.0038237380067585036
989.0 0.00422975244873669
990.0 0.004635766890714876
991.0 0.005358917769626714
992.0 0.006082068648538552
993.0 0.00626460459898226
994.0 0.006447139458032325
995.0 0.006432535883504897
996.0 0.00641793230897747
997.0 0.006282707909122109
998.0 0.0061474842368625104
999.0 0.00629586647846736
1000.0 0.00644424872007221
1001.0 0.006446841871365905
1002.0 0.006449433567468077
1003.0 0.006337997183436528
1004.0 0.006226560799404979
1005.0 0.005757593680755235
1006.0 0.00528862583450973
1007.0 0.0051511717174435034
1008.0 0.005013718691770919
1009.0 0.004587533840094693
1010.0 0.004161349352216348
1011.0 0.003692001337185502
1012.0 0.003222653322154656
1013.0 0.0026964980861521326
1014.0 0.0021703424863517284
1015.0 0.0017024671251419932
1016.0 0.0012345916729827877
1017.0 0.0011901357538590673
1018.0 0.0011456800166342873
1019.0 0.0011275781616859604
1020.0 0.0011094763976871036
1021.0 0.001178853926830925
1022.0 0.0012482315469242167
1023.0 0.0012952764336660039
1024.0 0.0013423214113572612
1025.0 0.001241909649252193
1026.0 0.0011414981599955354
1027.0 0.0014634986655437388
1028.0 0.0017854987163445912
1029.0 0.0017530452169012278
1030.0 0.0017205917174578644
1031.0 0.001642544702917803
1032.0 0.001564497870276682
1033.0 0.0015820389307918958
1034.0 0.0015995794456102885
1035.0 0.001595243884366937
1036.0 0.0015909079593257047
1037.0 0.0018315449779038318
1038.0 0.0020721819964819588
1039.0 0.0018432061551720835
1040.0 0.001614230131963268
1041.0 0.0015875200915616006
1042.0 0.0015608102330588736
1043.0 0.0017447484424337745
1044.0 0.001928686469909735
1045.0 0.001958920984179713
1046.0 0.0019891553165507503
1047.0 0.0020508485249592923
1048.0 0.002112541551468894
1049.0 0.0020365485397633165
1050.0 0.001960555346158799
1051.0 0.0018814929717336781
1052.0 0.0018024307792074978
1053.0 0.0017675864000921138
1054.0 0.00173274220287567
1055.0 0.0016084037270047702
1056.0 0.0014840654330328107
1057.0 0.0009318533557234332
1058.0 0.00037964125567668816
1059.0 0.00048029960453277454
1060.0 0.0005809580670756986
1061.0 0.0005999898803565884
1062.0 0.0006190220119606238
1063.0 0.00042308797674195375
1064.0 0.0002271543962706346
1065.0 0.0008431969035882503
1066.0 0.0014592396837542765
1067.0 0.0015942152458592318
1068.0 0.0017291908079641871
1069.0 0.002091309397656005
1070.0 0.0024534283511457033
1071.0 0.0026708699806476943
1072.0 0.0028883117920486256
1073.0 0.00271105036517838
1074.0 0.0025337889383081347
1075.0 0.0022615353373112157
1076.0 0.001989281918213237
1077.0 0.002155113543267362
1078.0 0.002320944804523606
1079.0 0.003504742926452309
1080.0 0.004688540866482072
1081.0 0.004902753062197007
1082.0 0.005116965621709824
1083.0 0.004916507168672979
1084.0 0.004716047624242492
1085.0 0.0045668883103644475
1086.0 0.004417729360284284
1087.0 0.004017061291960999
1088.0 0.003616393223637715
1089.0 0.004528714998741634
1090.0 0.005441035682451911
1091.0 0.005141635483596474
1092.0 0.004842234920943156
1093.0 0.004786179488291964
1094.0 0.00473012296424713
1095.0 0.0044734810217050835
1096.0 0.0042168387153651565
1097.0 0.003949692836613394
1098.0 0.003682547321659513
1099.0 0.003513610499794595
1100.0 0.0033446744055254385
