lsstCam/transmission_filter_detector/r41_s01/r_57/19700101T000000.ecsv
# %ECSV 1.0
# ---
# datatype:
# - {name: wavelength, unit: nm, datatype: float32}
# - {name: efficiency, unit: '%', datatype: float64}
# meta: !!omap
# - {MODE: DETECTOR}
# - {TYPE: transmission_filter_detector}
# - {CALIBDATE: '1970-01-01T00:00:00'}
# - {INSTRUME: LSSTCam}
# - {OBSTYPE: transmission_filter_detector}
# - {CALIBCLS: lsst.ip.isr.IntermediateFilterDetectorTransmissionCurve}
# - {SOURCE: Materion (DM-46256)}
# - {DETECTOR: 163}
# - {FILTER: r_57}
# - {CALIB_ID: 'calibDate=1970-01-01T00:00:00 filter=r_57 detector=163'}
# - {DATE: '2025-04-02T15:59:44.938756'}
# - {CALIB_CREATION_DATE: '2025-04-02'}
# - {CALIB_CREATION_TIME: '15:59:44'}
# - __serialized_columns__:
#     efficiency:
#       __class__: astropy.units.quantity.Quantity
#       unit: !astropy.units.Unit {unit: '%'}
#       value: !astropy.table.SerializedColumn {name: efficiency}
#     wavelength:
#       __class__: astropy.units.quantity.Quantity
#       unit: !astropy.units.Unit {unit: nm}
#       value: !astropy.table.SerializedColumn {name: wavelength}
# schema: astropy-2.0
wavelength efficiency
[from data line 603]
903.0 1.6331063020999514e-10
904.0 9.825739653024357e-05
905.0 0.00022281376459432067
906.0 0.00012459342997317435
907.0 2.6373078299002373e-05
908.0 8.155704449563927e-05
909.0 0.0001367410050079343
910.0 8.814297416392947e-05
911.0 3.9544946162095584e-05
912.0 0.0001318499357694236
913.0 0.00022415492821892258
914.0 0.00018846266129912692
915.0 0.00015277037164196372
916.0 0.00011367752676960663
917.0 7.458467621290765e-05
918.0 6.510045409413578e-05
919.0 5.561624334404769e-05
920.0 0.00012121195140935015
921.0 0.00018680767652767827
922.0 0.00019478643480397295
923.0 0.00020276522718631895
924.0 0.00026839379643206485
925.0 0.00033402236567781074
926.0 0.0002681379555724561
927.0 0.0002022535909418366
928.0 0.00021546138668782078
929.0 0.00022866913695906987
930.0 0.00016519848031748552
931.0 0.00010172780093853362
932.0 0.00010962183978335815
933.0 0.00011751586725949892
934.0 0.0001110048856389767
935.0 0.00010449389264977071
936.0 4.253456609148998e-05
937.0 1.6331063020999514e-10
938.0 1.6331063020999514e-10
939.0 1.6331063020999514e-10
940.0 9.038186732368558e-06
941.0 9.061909054253192e-05
942.0 0.00024308469619427342
943.0 0.00039555025068693794
944.0 0.0003548961785782012
945.0 0.00031424203825736186
946.0 0.0004999648353987141
947.0 0.0006856877007521689
948.0 0.0005322843662725063
949.0 0.00037888121369178407
950.0 0.00041870894165185746
951.0 0.0004585365331877256
952.0 0.0005054042048868723
953.0 0.000552271831111284
954.0 0.0008252402039943263
955.0 0.001098208758776309
956.0 0.0010437126547913067
957.0 0.0009892166417557746
958.0 0.001217959652421996
959.0 0.001446702481189277
960.0 0.0015902598534012213
961.0 0.0017338170437142253
962.0 0.0018864437151933089
963.0 0.002039070204773452
964.0 0.00212579016078962
965.0 0.002212510116805788
966.0 0.0022750698917661794
967.0 0.0023376302124233916
968.0 0.0022938633264857344
969.0 0.002250096258649137
970.0 0.0023331029296969064
971.0 0.002416109236946795
972.0 0.0024799532184260897
973.0 0.0025437971999053843
974.0 0.0027217762180953287
975.0 0.0028997559638810344
976.0 0.003037495116586797
977.0 0.0031752344511915
978.0 0.003140245098620653
979.0 0.0031052557460498065
980.0 0.0031647563446313143
981.0 0.003224256943212822
982.0 0.003191836367477663
983.0 0.0031594161555403844
984.0 0.0031196195777738467
985.0 0.003079823000007309
986.0 0.002967253931274172
987.0 0.0028546852263389155
988.0 0.0028493137506302446
989.0 0.0028439422749215737
990.0 0.0027796864742413163
991.0 0.0027154308554599993
992.0 0.002616048004711047
993.0 0.0025166653358610347
994.0 0.002534419036237523
995.0 0.0025521732823108323
996.0 0.002629027221701108
997.0 0.002705881342990324
998.0 0.0027855347070726566
999.0 0.0028651880711549893
1000.0 0.002924365435319487
1001.0 0.0029835427994839847
1002.0 0.0031835745176067576
1003.0 0.003383606599527411
1004.0 0.003686482523335144
1005.0 0.003989358083344996
1006.0 0.004042486398248002
1007.0 0.004095615076948889
1008.0 0.004086050103069283
1009.0 0.0040764851291896775
1010.0 0.004054231249028817
1011.0 0.004031977368867956
1012.0 0.0040872604586184025
1013.0 0.00414254391216673
1014.0 0.004112687020096928
1015.0 0.004082830128027126
1016.0 0.003595292946556583
1017.0 0.00310775576508604
1018.0 0.002884393143176567
1019.0 0.0026610299755702727
1020.0 0.002404762744845357
1021.0 0.0021484947865246795
1022.0 0.0019009821699000895
1023.0 0.0016534691894776188
1024.0 0.001482082370785065
1025.0 0.0013106956430419814
1026.0 0.0011182857633684762
1027.0 0.0009258762474928517
1028.0 0.0009013925591716543
1029.0 0.0008769090527493972
1030.0 0.0008921801963879261
1031.0 0.0009074511581275146
1032.0 0.0007008437023614533
1033.0 0.0004942360646964516
1034.0 0.0005828238954563858
1035.0 0.00067141172621632
1036.0 0.0006113896233728155
1037.0 0.0005513674750545761
1038.0 0.0008585173418396153
1039.0 0.0011656671631499194
1040.0 0.0010195257345912978
1041.0 0.0008733842150832061
1042.0 0.0008712835551705211
1043.0 0.000869182804308366
1044.0 0.0008289905963465571
1045.0 0.0007887984793342184
1046.0 0.0006689195743092569
1047.0 0.00054904053286009
1048.0 0.0006960202881600708
1049.0 0.0008430001798842568
1050.0 0.0009706180208013393
1051.0 0.001098235952667892
1052.0 0.0012321826034167316
1053.0 0.001366129163216101
1054.0 0.001263467493117787
1055.0 0.001160805913968943
1056.0 0.0010755384209915064
1057.0 0.00099027101896354
1058.0 0.0010879583896894474
1059.0 0.0011856456694658846
1060.0 0.00111769268187345
1061.0 0.0010497396033315454
1062.0 0.0009162867172562983
1063.0 0.0007828338311810512
1064.0 0.0011039679520763457
1065.0 0.0014251021639211103
1066.0 0.001686677751422394
1067.0 0.001948252975125797
1068.0 0.001865561534941662
1069.0 0.001782869549060706
1070.0 0.0017162550648208708
1071.0 0.0016496405805810355
1072.0 0.002165405749110505
1073.0 0.0026811714633367956
1074.0 0.0025345761969219893
1075.0 0.002387981294305064
1076.0 0.002467578451614827
1077.0 0.0025471754270256497
1078.0 0.0030534443794749677
1079.0 0.0035597131500253454
1080.0 0.0032513373298570514
1081.0 0.0029429615096887574
1082.0 0.003690053927130066
1083.0 0.004437146708369255
1084.0 0.0037889956729486585
1085.0 0.0031408450013259426
1086.0 0.003838400516542606
1087.0 0.00453595639555715
1088.0 0.003936401117243804
1089.0 0.003336845838930458
1090.0 0.0032536852813791484
1091.0 0.003170524360029958
1092.0 0.0033098753192462027
1093.0 0.003449226642260328
1094.0 0.003003393612743821
1095.0 0.002557561128924135
1096.0 0.002792085797409527
1097.0 0.0030266102839959785
1098.0 0.002592451164673548
1099.0 0.002158292227250058
1100.0 0.0016447584130219184
1101.0 0.0011312240530969575
