lsstCam/transmission_filter_detector/r41_s01/r_57/19700101T000000.ecsv
# %ECSV 1.0
# ---
# datatype:
# - {name: wavelength, unit: nm, datatype: float32}
# - {name: efficiency, unit: '%', datatype: float64}
# meta: !!omap
# - {MODE: DETECTOR}
# - {TYPE: transmission_filter_detector}
# - {CALIBDATE: '1970-01-01T00:00:00'}
# - {INSTRUME: LSSTCam}
# - {OBSTYPE: transmission_filter_detector}
# - {CALIBCLS: lsst.ip.isr.IntermediateFilterDetectorTransmissionCurve}
# - {SOURCE: Materion (DM-46256)}
# - {DETECTOR: 163}
# - {FILTER: r_57}
# - {CALIB_ID: 'calibDate=1970-01-01T00:00:00 filter=r_57 detector=163'}
# - {DATE: '2025-04-02T15:59:44.938756'}
# - {CALIB_CREATION_DATE: '2025-04-02'}
# - {CALIB_CREATION_TIME: '15:59:44'}
# - __serialized_columns__:
#     efficiency:
#       __class__: astropy.units.quantity.Quantity
#       unit: !astropy.units.Unit {unit: '%'}
#       value: !astropy.table.SerializedColumn {name: efficiency}
#     wavelength:
#       __class__: astropy.units.quantity.Quantity
#       unit: !astropy.units.Unit {unit: nm}
#       value: !astropy.table.SerializedColumn {name: wavelength}
# schema: astropy-2.0
wavelength efficiency
300.0 0.0025353549062856473
301.0 0.005934971341048367
302.0 0.009334588685305789
303.0 0.012225144018884748
304.0 0.015115700080059469
305.0 0.013983910321258008
306.0 0.012852119107265025
307.0 0.010686158202588558
308.0 0.008520195115124807
309.0 0.007880693738115951
310.0 0.007241192361107096
311.0 0.006802449934184551
312.0 0.006363708962453529
313.0 0.006031682278262451
314.0 0.005699657413060777
315.0 0.005150022843736224
316.0 0.004600388638209552
317.0 0.00451323612651322
318.0 0.004426082159625366
319.0 0.004069556598551571
320.0 0.003713031401275657
321.0 0.003500525781419128
322.0 0.0032880208891583607
323.0 0.0031089159165276214
324.0 0.002929811853391584
325.0 0.0027832980777020566
326.0 0.002636785211507231
327.0 0.002621835119498428
328.0 0.002606885027489625
329.0 0.0026372732463642024
330.0 0.0026676623747334816
331.0 0.0025437777367187664
332.0 0.0024198932806029916
333.0 0.0022178417566465214
334.0 0.0020157904145889916
335.0 0.001731320662656799
336.0 0.0014468506378761958
337.0 0.0013721641153097153
338.0 0.0012974775017937645
339.0 0.0012005882126686629
340.0 0.0011036990144930314
341.0 0.0010666195521480404
342.0 0.0010295399988535792
343.0 0.0010357563951401971
344.0 0.001041972700477345
345.0 0.0010215879228780977
346.0 0.0010012030543293804
347.0 0.0010023349204857368
348.0 0.0010034667866420932
349.0 0.0009548025445837993
350.0 0.004576582432491705
351.0 0.004922357038594782
352.0 0.005268132372293621
353.0 0.004452494977158494
354.0 0.0036368586734170094
355.0 0.004350796734797768
356.0 0.005064734796178527
357.0 0.005517389945453033
358.0 0.0059700476413127035
359.0 0.004674416413763538
360.0 0.0033787855500122532
361.0 0.00312889605993405
362.0 0.0028790065698558465
363.0 0.0025740631826920435
364.0 0.0022691197955282405
365.0 0.002588457391539123
366.0 0.0029077949875500053
367.0 0.0026743726266431622
368.0 0.0024409506295342
369.0 0.003313750494271517
370.0 0.004186551086604595
371.0 0.0038958420191193
372.0 0.003605132587836124
373.0 0.003705317067215219
374.0 0.0038055015465943143
375.0 0.0028722921342705376
376.0 0.0019390825400478207
377.0 0.0017708454834064469
378.0 0.0016026086086640134
379.0 0.0019559844076866284
380.0 0.002309360024810303
381.0 0.002890915857278742
382.0 0.003472471871646121
383.0 0.003847073094220832
384.0 0.004221674316795543
385.0 0.004637093661585823
386.0 0.005052513006376103
387.0 0.004534583422355354
388.0 0.004016653474536724
389.0 0.002713874346227385
390.0 0.0014110948541201651
391.0 0.001061600778484717
392.0 0.0007121065209503286
393.0 0.0009461679837841075
394.0 0.0011802294466178864
395.0 0.0012460233847377822
396.0 0.0013118175047566183
397.0 0.0011774830454669427
398.0 0.0010431484042783268
399.0 0.0012299366972001735
400.0 0.0014167255358188413
401.0 0.0011795653335866518
402.0 0.0009424051313544624
403.0 0.0010293260856997222
404.0 0.0011162472219439223
405.0 0.0010990806003974285
406.0 0.0010819139788509347
407.0 0.0010724555068009067
408.0 0.001062997125700349
409.0 0.0015447527403011918
410.0 0.002026508445851505
411.0 0.0018874219676945359
412.0 0.0017483353076386265
413.0 0.001754646291374229
414.0 0.0017609570932108909
415.0 0.0016864221834111959
416.0 0.0016118874555104412
417.0 0.0017189604477607645
418.0 0.0018260332581121475
419.0 0.002444422716507688
420.0 0.003062812174903229
421.0 0.004774023545905948
422.0 0.006485234189312905
423.0 0.009533842239761725
424.0 0.012582448835019022
425.0 0.01681181602180004
426.0 0.021041184663772583
427.0 0.02116625983035192
428.0 0.021291334996931255
429.0 0.017041990940924734
430.0 0.012792643974535167
431.0 0.00897562931641005
432.0 0.005158612839295529
433.0 0.004183641794952564
434.0 0.003208670750609599
435.0 0.0026551424525678158
436.0 0.002101613790728152
437.0 0.0016422567568952218
438.0 0.0011828995411633514
439.0 0.0011112252650491428
440.0 0.0010395509889349341
441.0 0.001239406265085563
442.0 0.0014392618140846025
443.0 0.001618439273443073
444.0 0.001797616459953133
445.0 0.0013865091204934288
446.0 0.000975401508185314
447.0 0.0011559230188140646
448.0 0.0013364440746954642
449.0 0.0014208510947355535
450.0 0.0015052576600282919
451.0 0.0015133729903027415
452.0 0.0015214885024761315
453.0 0.0015505442206631415
454.0 0.0015796000297996216
455.0 0.00123816844279645
456.0 0.0008967369467427488
457.0 0.0009782257620827295
458.0 0.0010597146683721803
459.0 0.0012449673704395536
460.0 0.0014302198906079866
461.0 0.002033070813922677
462.0 0.0026359221010352485
463.0 0.0035137189115630463
464.0 0.004391516267787665
465.0 0.005285995575832203
466.0 0.006180474883876741
467.0 0.006694142211927101
468.0 0.007207811722764745
469.0 0.006246817065402865
470.0 0.005285823499434628
471.0 0.003837565236608498
472.0 0.0023893066099844873
473.0 0.0017743048374541104
474.0 0.0011593032468226738
475.0 0.0010375888450653292
476.0 0.0009158745342574548
477.0 0.0008849574442137964
478.0 0.0008540402632206678
479.0 0.0007727875527052674
480.0 0.0006915346148161916
481.0 0.0006348871465888806
482.0 0.0005782395419373643
483.0 0.0005417946340458002
484.0 0.0005053497716289712
485.0 0.0006492972261185059
486.0 0.0007932445441838354
487.0 0.0007689035555813462
488.0 0.000744562612453592
489.0 0.0008818456080916803
490.0 0.0010191285582550336
491.0 0.0008918137609725818
492.0 0.0007644991455890704
493.0 0.0008576556865591556
494.0 0.0009508119546808302
495.0 0.0009923159268510062
496.0 0.0010338199899706524
497.0 0.0011174080100317951
498.0 0.001200996121042408
499.0 0.0012691554729826748
500.0 0.0013373147339734714
501.0 0.0016228323147515766
502.0 0.001908349986479152
503.0 0.0021599118554149754
504.0 0.0024114735424518585
505.0 0.002946879976661876
506.0 0.003482286410871893
507.0 0.004329129296820611
508.0 0.005175972182769328
509.0 0.005465852518682368
510.0 0.005755732126999646
511.0 0.005151412915438414
512.0 0.0045470940676750615
513.0 0.0038802703784313053
514.0 0.0032134470529854298
515.0 0.003029713116120547
516.0 0.0028459791792556643
517.0 0.0028309204935794696
518.0 0.002815861807903275
519.0 0.04179523384664208
520.0 0.05849259905517101
521.0 0.1343351323157549
522.0 0.11074913199990988
523.0 0.1075647072866559
524.0 0.10057437466457486
525.0 0.09983632480725646
526.0 0.09579528705216944
527.0 0.11661152821034193
528.0 0.12933830730617046
529.0 0.06602205103263259
530.0 0.143135036341846
531.0 0.18298141658306122
532.0 0.2191850682720542
533.0 0.20656937267631292
534.0 0.3752138465642929
535.0 0.498421024531126
536.0 0.6846255157142878
537.0 0.9974222630262375
538.0 1.5401574783027172
539.0 2.4667860940098763
540.0 3.968987613916397
541.0 5.819235369563103
542.0 8.367758989334106
543.0 11.643221229314804
544.0 15.44778198003769
545.0 19.73799020051956
546.0 25.177505612373352
547.0 31.5248966217041
548.0 39.676401019096375
549.0 47.96188771724701
550.0 54.69164252281189
551.0 61.9890034198761
552.0 67.2809898853302
553.0 71.97695970535278
554.0 75.91593861579895
555.0 80.24070858955383
556.0 83.55540037155151
557.0 86.55909299850464
558.0 89.64743614196777
559.0 92.83013343811035
560.0 93.52017045021057
561.0 94.48586702346802
562.0 95.51116824150085
563.0 95.33889293670654
564.0 95.596843957901
565.0 95.14962434768677
566.0 95.8605170249939
567.0 95.22224068641663
568.0 95.77234387397766
569.0 96.36512994766235
570.0 96.3405966758728
571.0 96.81761860847473
572.0 96.8726098537445
573.0 96.57790064811707
574.0 96.96980118751526
575.0 96.88027501106262
576.0 97.39155769348145
577.0 97.0494270324707
578.0 97.08382487297058
579.0 97.07596898078918
580.0 96.26325368881226
581.0 96.80686593055725
582.0 96.8716025352478
583.0 96.80730104446411
584.0 96.17738127708435
585.0 96.32755517959595
586.0 96.51798009872437
587.0 95.86917757987976
588.0 96.48207426071167
589.0 97.30228781700134
590.0 96.50654196739197
591.0 95.82141041755676
592.0 95.85055708885193
593.0 95.89208364486694
594.0 96.03815078735352
595.0 96.59397602081299
596.0 96.8200147151947
597.0 96.97970747947693
598.0 96.5555191040039
599.0 96.7974603176117
600.0 96.91652059555054
601.0 96.46638035774231
602.0 96.38180136680603
603.0 95.9345281124115
604.0 96.40278816223145
605.0 96.71253561973572
606.0 96.31615281105042
607.0 95.8136260509491
608.0 96.43173217773438
609.0 95.5351173877716
610.0 95.99854946136475
611.0 95.78998684883118
612.0 96.01690769195557
613.0 97.08753824234009
614.0 96.4087724685669
615.0 96.10322713851929
616.0 96.50650024414062
617.0 96.44408226013184
618.0 96.22948169708252
619.0 97.07973003387451
620.0 95.96619606018066
621.0 95.76573371887207
622.0 96.49797081947327
623.0 96.79524898529053
624.0 96.39301896095276
625.0 96.92695736885071
626.0 96.16068005561829
627.0 95.25983333587646
628.0 97.28310108184814
629.0 95.51246762275696
630.0 96.45878672599792
631.0 96.12205624580383
632.0 96.88296318054199
633.0 96.62941694259644
634.0 95.66819667816162
635.0 96.43755555152893
636.0 95.94382047653198
637.0 95.5395758152008
638.0 95.47404646873474
639.0 95.22969126701355
640.0 95.48640847206116
641.0 95.54741382598877
642.0 96.13265991210938
643.0 96.01196050643921
644.0 96.04198932647705
645.0 96.18248343467712
646.0 96.13262414932251
647.0 97.17323780059814
648.0 96.33190631866455
649.0 95.85563540458679
650.0 96.46087288856506
651.0 96.85634970664978
652.0 96.97058200836182
653.0 95.67803144454956
654.0 96.60716652870178
655.0 96.78982496261597
656.0 95.77248096466064
657.0 95.81983685493469
658.0 96.3689923286438
659.0 96.3268518447876
660.0 95.65830826759338
661.0 95.44851183891296
662.0 95.76172828674316
663.0 95.78958749771118
664.0 95.51732540130615
665.0 95.43256759643555
666.0 95.38772106170654
667.0 95.5353319644928
668.0 94.85455751419067
669.0 95.92278003692627
670.0 95.54070234298706
671.0 95.6494927406311
672.0 95.35020589828491
673.0 95.58246731758118
674.0 94.82454657554626
675.0 95.79207301139832
676.0 95.31692862510681
677.0 94.16157603263855
678.0 93.24256181716919
679.0 92.7760899066925
680.0 91.8927550315857
681.0 90.4961884021759
682.0 88.41583132743835
683.0 85.92860102653503
684.0 82.54377841949463
685.0 79.10676002502441
686.0 75.08944869041443
687.0 70.67379951477051
688.0 66.2378191947937
689.0 61.86436414718628
690.0 56.98342323303223
691.0 52.73071527481079
692.0 48.171064257621765
693.0 43.949949741363525
694.0 38.93825709819794
695.0 33.622413873672485
696.0 28.303146362304688
697.0 22.959575057029724
698.0 17.080694437026978
699.0 12.505878508090973
700.0 8.788275718688965
701.0 5.5788107216358185
702.0 3.487825021147728
703.0 1.9804500043392181
704.0 1.168359536677599
705.0 0.6875538267195225
706.0 0.4758925177156925
707.0 0.3127374919131398
708.0 0.2092123031616211
709.0 0.13738464331254363
710.0 0.10221401462331414
711.0 0.06428129272535443
712.0 0.0744067132472992
713.0 0.01539021177450195
714.0 0.006265372940106317
715.0 0.07392300176434219
716.0 0.056275358656421304
717.0 0.08460540557280183
718.0 0.020742298511322588
719.0 0.02475349756423384
720.0 1.6331063020999514e-10
721.0 0.004287046249373816
722.0 0.004221449125907384
723.0 0.004155851638643071
724.0 0.003846175968647003
725.0 0.003536500662448816
726.0 0.0033281412470387295
727.0 0.0031197814678307623
728.0 0.003006495171575807
729.0 0.0028932086934219114
730.0 0.00269534757535439
731.0 0.0024974866391858086
732.0 0.002390101508353837
733.0 0.002282716377521865
734.0 0.002183420474466402
735.0 0.002084124571410939
736.0 0.001981876266654581
737.0 0.0018796277799992822
738.0 0.0017230036974069662
739.0 0.0015663796148146503
740.0 0.0016057005268521607
741.0 0.0016450210750917904
742.0 0.001549416992929764
743.0 0.001453812546969857
744.0 0.0014476830074272584
745.0 0.0014415538316825405
746.0 0.0013652159395860508
747.0 0.001288877956540091
748.0 0.0012458413038984872
749.0 0.0012028046512568835
750.0 0.0011766144780267496
751.0 0.0011504242138471454
752.0 0.0010897329048020765
753.0 0.0010290415957570076
754.0 0.001101562156691216
755.0 0.001174082626675954
756.0 0.001141246593761025
757.0 0.001108410560846096
758.0 0.001135581624112092
759.0 0.0011627528692770284
760.0 0.0012528488696261775
761.0 0.001342945051874267
762.0 0.0012185678315290716
763.0 0.001094190520234406
764.0 0.0010728895176725928
765.0 0.0010515885151107796
766.0 0.0008975940545496996
767.0 0.0007435995485138847
768.0 0.0008334500307682902
769.0 0.0009233004675479606
770.0 0.0009012284863274544
771.0 0.0008791565051069483
772.0 0.0009138034329225775
773.0 0.0009484502697887365
774.0 0.0008814226021058857
775.0 0.0008143947525240947
776.0 0.0007909367013780866
777.0 0.000767478923080489
778.0 0.0007583583283121698
779.0 0.0007492377335438505
780.0 0.0007129541700123809
781.0 0.0006766704700567061
782.0 0.0007248079327837331
783.0 0.0007729454409854952
784.0 0.000779970196163049
785.0 0.0007869946784921922
786.0 0.0007260508027684409
787.0 0.0006651068815699546
788.0 0.0006836638476670487
789.0 0.0007022210411378182
790.0 0.0005582824542216258
791.0 0.00041434354898228776
792.0 0.00046919167289161123
793.0 0.0005240397968009347
794.0 0.0006611549906665459
795.0 0.0007982702300068922
796.0 0.0007136472049751319
797.0 0.0006290243163675768
798.0 0.0006431421752495226
799.0 0.0006572600341314683
800.0 0.0006624471552640898
801.0 0.0006676341399725061
802.0 0.0006320152351690922
803.0 0.0005963963303656783
804.0 0.0006049558578524739
805.0 0.0006135152943897992
806.0 0.0006004329861752922
807.0 0.0005873508143849904
808.0 0.000710226140654413
809.0 0.0008331015123985708
810.0 0.0007515136530855671
811.0 0.0006699256573483581
812.0 0.0006788553037040401
813.0 0.000687784859110252
814.0 0.0007463625934178708
815.0 0.0008049401913012844
816.0 0.0007682398063479923
817.0 0.0007315394213947002
818.0 0.0004860185981669929
819.0 0.0002404979795755935
820.0 0.0004359716513135936
821.0 0.0006314453457889613
822.0 0.0005879217496840283
823.0 0.0005443982445285656
824.0 0.0005159702141099842
825.0 0.00048754236559034325
826.0 0.0005047844297223492
827.0 0.0005220265393290902
828.0 0.0004998444183001993
829.0 0.00047766238822077867
830.0 0.00020522629711194895
831.0 1.6331063020999514e-10
832.0 1.6331063020999514e-10
833.0 1.6539465264031605e-05
834.0 1.6331063020999514e-10
835.0 1.6331063020999514e-10
836.0 0.00014771353562537115
837.0 0.0003554703198460629
838.0 0.0011773381629609503
839.0 0.0019992059606011026
840.0 0.002650243550306186
841.0 0.0033012809581123292
842.0 0.003778245809371583
843.0 0.004255209205439314
844.0 0.0038564892747672275
845.0 0.00345776898029726
846.0 0.0030555136618204415
847.0 0.0026532585252425633
848.0 0.002602692984510213
849.0 0.002552127443777863
850.0 0.0024819399186526425
851.0 0.002411752393527422
852.0 0.0021239549823803827
853.0 0.001836157389334403
854.0 0.0015437051843036897
855.0 0.001251252706424566
856.0 0.0010478292097104713
857.0 0.0008444056220469065
858.0 0.0006525348453578772
859.0 0.000460664114143583
860.0 0.00034717661492322804
861.0 0.00023368913844024064
862.0 0.0002488000745870522
863.0 0.0002639110107338638
864.0 0.0002507137651264202
865.0 0.00023751649678160902
866.0 0.00023409997993439902
867.0 0.00023068344034982147
868.0 0.00014571160136256367
869.0 6.073976237530587e-05
870.0 0.00021152436602278613
871.0 0.0003623089924076339
872.0 0.00033003545922838384
873.0 0.00029776197152386885
874.0 0.0003016283471879433
875.0 0.00030549472285201773
876.0 0.0001641805170038424
877.0 2.2866331050863664e-05
878.0 3.0522411975653085e-05
879.0 3.817850711129722e-05
880.0 6.912620733601216e-05
881.0 0.00010007396440414595
882.0 7.367865464402712e-05
883.0 4.7283381832130544e-05
884.0 8.53467327033286e-05
885.0 0.0001234101205227489
886.0 0.00016365463579859352
887.0 0.00020389913970575435
888.0 0.0002020292185989092
889.0 0.00020015927475469653
890.0 0.00018909499885921832
891.0 0.00017803070022637257
892.0 0.00017701037222650484
893.0 0.0001759900442266371
894.0 5.770726261289383e-05
895.0 1.6331063020999514e-10
896.0 1.6331063020999514e-10
897.0 1.6331063020999514e-10
898.0 1.6331063020999514e-10
899.0 1.8679727986636863e-05
900.0 1.6331063020999514e-10
901.0 1.6331063020999514e-10
