lsstcam/qe_curve/r30_s10/19700101T000000.ecsv
# %ECSV 0.9
# ---
# datatype:
# - {name: amp_name, datatype: string}
# - {name: wavelength, unit: nm, datatype: float32}
# - {name: efficiency, unit: '%', datatype: float32}
# meta: !!omap
# - {MODE: AMP}
# - {TYPE: QE}
# - {CALIBDATE: '1970-01-01T00:00:00'}
# - {INSTRUME: LSSTCAM}
# - {OBSTYPE: qe_curve}
# - {DETECTOR: 120}
# - {PICKLEFILE: RaftRun11063.p}
# - {CALIB_ID: 'raftName=R30 detectorName=S10 detector=120 calibDate=1970-01-01T00:00:00 ccd=120 ccdnum=120 filter=None'}
# - {DATE: '2020-07-23T19:16:08.089169'}
# - {CALIB_CREATION_DATE: '2020-07-23'}
# - {CALIB_CREATION_TIME: '19:16:08'}
# - __serialized_columns__:
#     efficiency:
#       __class__: astropy.units.quantity.Quantity
#       unit: !astropy.units.Unit {unit: '%'}
#       value: !astropy.table.SerializedColumn {name: efficiency}
#     wavelength:
#       __class__: astropy.units.quantity.Quantity
#       unit: !astropy.units.Unit {unit: nm}
#       value: !astropy.table.SerializedColumn {name: wavelength}
# schema: astropy-2.0
amp_name wavelength efficiency
C16 319.994 43.79966
C16 324.969 49.398544
C16 349.982 75.08037
C16 374.975 81.342636
C16 400.019 86.148125
C16 424.965 87.1947
C16 450.035 88.25063
C16 475.003 90.181076
C16 500.018 92.09917
C16 525.002 93.891235
C16 550.029 95.291275
C16 575.023 96.762
C16 599.982 97.947914
C16 619.997 98.08343
C16 624.979 98.12776
C16 650.012 98.52463
C16 675.004 98.76806
C16 700.03 98.351715
C16 725.012 97.80176
C16 750.022 97.84385
C16 774.987 97.84235
C16 799.976 96.967026
C16 824.988 95.52482
C16 850.022 93.30208
C16 869.967 90.297646
C16 875.002 89.26218
C16 899.999 82.69758
C16 919.999 73.91227
C16 925.012 71.03828
C16 949.965 57.824993
C16 975.002 42.54763
C16 999.976 26.295834
C16 1025.028 11.474081
C16 1050.014 3.9039338
C16 1075.002 2.0843716
C16 1099.99 1.5858797
C00 319.994 42.95636
C00 324.969 48.44384
C00 349.982 74.704704
C00 374.975 82.06928
C00 400.019 86.49766
C00 424.965 87.21686
C00 450.035 88.037094
C00 475.003 89.814835
C00 500.018 91.6421
C00 525.002 93.39506
C00 550.029 94.81332
C00 575.023 96.31118
C00 599.982 97.549805
C00 619.997 97.734436
C00 624.979 97.794945
C00 650.012 98.25666
C00 675.004 98.56547
C00 700.03 98.22595
C00 725.012 97.7531
C00 750.022 97.90487
C00 774.987 97.986755
C00 799.976 97.143364
C00 824.988 95.6538
C00 850.022 93.39724
C00 869.967 90.4271
C00 875.002 89.40186
C00 899.999 82.48789
C00 919.999 73.88493
C00 925.012 71.19974
C00 949.965 58.099384
C00 975.002 42.969723
C00 999.976 26.278427
C00 1025.028 11.352293
C00 1050.014 3.9391482
C00 1075.002 2.1341448
C00 1099.99 1.611461
C05 319.994 44.30052
C05 324.969 49.96915
C05 349.982 76.54351
C05 374.975 83.14774
C05 400.019 87.09387
C05 424.965 87.66304
C05 450.035 88.44266
C05 475.003 90.20293
C05 500.018 92.01451
C05 525.002 93.74887
C05 550.029 95.12752
C05 575.023 96.58647
C05 599.982 97.788666
C05 619.997 97.93545
C05 624.979 97.98447
C05 650.012 98.40201
C05 675.004 98.67373
C05 700.03 98.29787
C05 725.012 97.800385
C05 750.022 97.92557
C05 774.987 97.98489
C05 799.976 97.131645
C05 824.988 95.63293
C05 850.022 93.44051
C05 869.967 90.285835
C05 875.002 89.20647
C05 899.999 82.480316
C05 919.999 74.01106
C05 925.012 71.22104
C05 949.965 57.7667
C05 975.002 42.567196
C05 999.976 26.083803
C05 1025.028 11.28956
C05 1050.014 3.8965392
C05 1075.002 2.0789278
C05 1099.99 1.5790529
C11 319.994 42.39901
C11 324.969 47.814533
C11 349.982 73.0803
C11 374.975 79.92772
C11 400.019 85.26806
C11 424.965 86.517685
C11 450.035 87.6436
C11 475.003 89.606094
C11 500.018 91.55155
C11 525.002 93.369804
C11 550.029 94.806526
C11 575.023 96.31045
C11 599.982 97.5368
C11 619.997 97.70504
C11 624.979 97.76016
C11 650.012 98.18771
C11 675.004 98.47269
C11 700.03 98.12132
C11 725.012 97.67897
C11 750.022 97.8572
C11 774.987 97.98044
C11 799.976 97.15654
C11 824.988 95.68458
C11 850.022 93.51737
C11 869.967 90.385826
C11 875.002 89.32446
C11 899.999 82.65082
C11 919.999 73.995995
C11 925.012 71.22409
C11 949.965 57.754368
C11 975.002 42.66724
C11 999.976 26.206234
C11 1025.028 11.394914
C11 1050.014 3.9379168
C11 1075.002 2.1046069
C11 1099.99 1.5919498
C06 319.994 44.506123
C06 324.969 50.20014
C06 349.982 76.76334
C06 374.975 83.198944
C06 400.019 87.099594
C06 424.965 87.66697
C06 450.035 88.45254
C06 475.003 90.22005
C06 500.018 92.036964
C06 525.002 93.76853
C06 550.029 95.14429
C06 575.023 96.59926
C06 599.982 97.788635
C06 619.997 97.92971
C06 624.979 97.9784
C06 650.012 98.3846
C06 675.004 98.64455
C06 700.03 98.25122
C06 725.012 97.719406
C06 750.022 97.79612
C06 774.987 97.81246
C06 799.976 96.94104
C06 824.988 95.46226
C06 850.022 93.235825
C06 869.967 90.10224
C06 875.002 89.050705
C06 899.999 82.47588
C06 919.999 73.91703
C06 925.012 71.08669
C06 949.965 57.567883
C06 975.002 42.56642
C06 999.976 26.139019
C06 1025.028 11.350526
C06 1050.014 3.8988533
C06 1075.002 2.0705786
C06 1099.99 1.575306
C17 319.994 44.1051
C17 324.969 49.746254
C17 349.982 75.5585
C17 374.975 81.73522
C17 400.019 86.47474
C17 424.965 87.49529
C17 450.035 88.54596
C17 475.003 90.4802
C17 500.018 92.40095
C17 525.002 94.1955
C17 550.029 95.60131
C17 575.023 97.06725
C17 599.982 98.25439
C17 619.997 98.38124
C17 624.979 98.425705
C17 650.012 98.81024
C17 675.004 99.04819
C17 700.03 98.61934
C17 725.012 98.03745
C17 750.022 98.03787
C17 774.987 97.999466
C17 799.976 97.11114
C17 824.988 95.66217
C17 850.022 93.4223
C17 869.967 90.49874
C17 875.002 89.503174
C17 899.999 82.80899
C17 919.999 74.22648
C17 925.012 71.282745
C17 949.965 57.778355
C17 975.002 42.79202
C17 999.976 26.402878
C17 1025.028 11.513532
C17 1050.014 3.923924
C17 1075.002 2.0919483
C17 1099.99 1.590564
C07 319.994 44.815342
C07 324.969 50.55594
C07 349.982 77.21279
C07 374.975 83.50509
C07 400.019 87.37573
C07 424.965 87.94654
C07 450.035 88.74328
C07 475.003 90.52646
C07 500.018 92.3529
C07 525.002 94.091675
C07 550.029 95.47241
C07 575.023 96.92034
C07 599.982 98.10889
C07 619.997 98.24213
C07 624.979 98.28947
C07 650.012 98.684555
C07 675.004 98.93795
C07 700.03 98.521736
C07 725.012 97.9598
C07 750.022 97.993576
C07 774.987 97.96997
C07 799.976 97.08018
C07 824.988 95.6209
C07 850.022 93.34993
C07 869.967 90.29067
C07 875.002 89.257545
C07 899.999 82.682526
C07 919.999 73.954666
C07 925.012 71.09571
C07 949.965 57.679108
C07 975.002 42.660225
C07 999.976 26.28423
C07 1025.028 11.4379015
C07 1050.014 3.9089906
C07 1075.002 2.073105
C07 1099.99 1.5780563
C03 319.994 43.64953
C03 324.969 49.2306
C03 349.982 75.69023
C03 374.975 82.692604
C03 400.019 86.79317
C03 424.965 87.392525
C03 450.035 88.15989
C03 475.003 89.90492
C03 500.018 91.712
C03 525.002 93.44533
C03 550.029 94.8349
C03 575.023 96.30961
C03 599.982 97.52921
C03 619.997 97.69303
C03 624.979 97.746895
C03 650.012 98.183945
C03 675.004 98.47938
C03 700.03 98.143845
C03 725.012 97.72408
C03 750.022 97.93196
C03 774.987 98.07563
C03 799.976 97.26172
C03 824.988 95.746956
C03 850.022 93.54891
C03 869.967 90.50537
C03 875.002 89.42266
C03 899.999 82.42561
C03 919.999 73.959015
C03 925.012 71.202385
C03 949.965 58.096622
C03 975.002 42.730965
C03 999.976 26.10978
C03 1025.028 11.240974
C03 1050.014 3.8881109
C03 1075.002 2.095226
C03 1099.99 1.5889176
C02 319.994 43.532524
C02 324.969 49.097607
C02 349.982 75.552734
C02 374.975 82.65989
C02 400.019 86.83095
C02 424.965 87.45244
C02 450.035 88.23311
C02 475.003 89.98808
C02 500.018 91.80117
C02 525.002 93.54304
C02 550.029 94.94202
C02 575.023 96.4247
C02 599.982 97.6495
C02 619.997 97.8198
C02 624.979 97.875046
C02 650.012 98.31963
C02 675.004 98.62241
C02 700.03 98.297775
C02 725.012 97.89528
C02 750.022 98.12316
C02 774.987 98.286285
C02 799.976 97.47674
C02 824.988 95.95974
C02 850.022 93.73973
C02 869.967 90.734184
C02 875.002 89.65692
C02 899.999 82.599266
C02 919.999 74.04149
C02 925.012 71.29161
C02 949.965 58.257256
C02 975.002 42.904125
C02 999.976 26.213713
C02 1025.028 11.2666645
C02 1050.014 3.8952827
C02 1075.002 2.1093225
C02 1099.99 1.598221
C01 319.994 43.04237
C01 324.969 48.542564
C01 349.982 74.80802
C01 374.975 82.060844
C01 400.019 86.38308
C01 424.965 87.06324
C01 450.035 87.86464
C01 475.003 89.62922
C01 500.018 91.44614
C01 525.002 93.189064
C01 550.029 94.59175
C01 575.023 96.0823
C01 599.982 97.30978
C01 619.997 97.48902
C01 624.979 97.54937
C01 650.012 98.00221
C01 675.004 98.31109
C01 700.03 97.990234
C01 725.012 97.57733
C01 750.022 97.79315
C01 774.987 97.94441
C01 799.976 97.13538
C01 824.988 95.6316
C01 850.022 93.38784
C01 869.967 90.42269
C01 875.002 89.38525
C01 899.999 82.357025
C01 919.999 73.76879
C01 925.012 71.01017
C01 949.965 58.03769
C01 975.002 42.790268
C01 999.976 26.172787
C01 1025.028 11.248171
C01 1050.014 3.8896165
C01 1075.002 2.1150022
C01 1099.99 1.6002179
C12 319.994 42.76521
C12 324.969 48.23082
C12 349.982 73.65458
C12 374.975 80.39277
C12 400.019 85.55461
C12 424.965 86.72513
C12 450.035 87.820984
C12 475.003 89.766685
C12 500.018 91.69675
C12 525.002 93.50639
C12 550.029 94.938736
C12 575.023 96.42682
C12 599.982 97.646645
C12 619.997 97.80613
C12 624.979 97.85663
C12 650.012 98.284706
C12 675.004 98.56385
C12 700.03 98.21445
C12 725.012 97.77371
C12 750.022 97.96895
C12 774.987 98.103386
C12 799.976 97.2851
C12 824.988 95.80833
C12 850.022 93.63485
C12 869.967 90.47878
C12 875.002 89.421074
C12 899.999 82.74875
C12 919.999 74.058075
C12 925.012 71.219574
C12 949.965 57.742126
C12 975.002 42.71391
C12 999.976 26.207552
C12 1025.028 11.420444
C12 1050.014 3.9263163
C12 1075.002 2.0917125
C12 1099.99 1.5886251
C14 319.994 43.257477
C14 324.969 48.782597
C14 349.982 74.33705
C14 374.975 80.8489
C14 400.019 85.82245
C14 424.965 86.91878
C14 450.035 87.9856
C14 475.003 89.91383
C14 500.018 91.83446
C14 525.002 93.62806
C14 550.029 95.04144
C14 575.023 96.520676
C14 599.982 97.72706
C14 619.997 97.870995
C14 624.979 97.9182
C14 650.012 98.331764
C14 675.004 98.59652
C14 700.03 98.21555
C14 725.012 97.72583
C14 750.022 97.863556
C14 774.987 97.95063
C14 799.976 97.105736
C14 824.988 95.63169
C14 850.022 93.43939
C14 869.967 90.31491
C14 875.002 89.30088
C14 899.999 82.62646
C14 919.999 74.00143
C14 925.012 71.14765
C14 949.965 57.537796
C14 975.002 42.706314
C14 999.976 26.226402
C14 1025.028 11.408376
C14 1050.014 3.8988218
C14 1075.002 2.0755231
C14 1099.99 1.5832648
C15 319.994 43.686
C15 324.969 49.26797
C15 349.982 74.9843
C15 374.975 81.36182
C15 400.019 86.22699
C15 424.965 87.289215
C15 450.035 88.34474
C15 475.003 90.275406
C15 500.018 92.19861
C15 525.002 93.99351
C15 550.029 95.405014
C15 575.023 96.8806
C15 599.982 98.07993
C15 619.997 98.22404
C15 624.979 98.268
C15 650.012 98.671776
C15 675.004 98.926056
C15 700.03 98.5276
C15 725.012 98.00116
C15 750.022 98.09457
C15 774.987 98.13624
C15 799.976 97.271324
C15 824.988 95.80825
C15 850.022 93.575005
C15 869.967 90.56198
C15 875.002 89.470215
C15 899.999 82.95315
C15 919.999 74.29022
C15 925.012 71.1168
C15 949.965 57.916126
C15 975.002 42.812267
C15 999.976 26.162996
C15 1025.028 11.431555
C15 1050.014 3.9099405
C15 1075.002 2.0823448
C15 1099.99 1.5859392
C04 319.994 43.99455
C04 324.969 49.62057
C04 349.982 76.189384
C04 374.975 83.05007
C04 400.019 87.08951
C04 424.965 87.66949
C04 450.035 88.43774
C04 475.003 90.189766
C04 500.018 92.001656
C04 525.002 93.74006
C04 550.029 95.124214
C04 575.023 96.59768
C04 599.982 97.81409
C04 619.997 97.97337
C04 624.979 98.02058
C04 650.012 98.455765
C04 675.004 98.73951
C04 700.03 98.386955
C04 725.012 97.93245
C04 750.022 98.10254
C04 774.987 98.209694
C04 799.976 97.37837
C04 824.988 95.866516
C04 850.022 93.664604
C04 869.967 90.58522
C04 875.002 89.50208
C04 899.999 82.58146
C04 919.999 74.11405
C04 925.012 71.338844
C04 949.965 58.087914
C04 975.002 42.736732
C04 999.976 26.14059
C04 1025.028 11.276432
C04 1050.014 3.8961365
C04 1075.002 2.090777
C04 1099.99 1.5875837
C10 319.994 42.217808
C10 324.969 47.60688
C10 349.982 72.77216
C10 374.975 79.69475
C10 400.019 85.17711
C10 424.965 86.48579
C10 450.035 87.64627
C10 475.003 89.624275
C10 500.018 91.58073
C10 525.002 93.40684
C10 550.029 94.85492
C10 575.023 96.36053
C10 599.982 97.59441
C10 619.997 97.763855
C10 624.979 97.81532
C10 650.012 98.25248
C10 675.004 98.53555
C10 700.03 98.166794
C10 725.012 97.66303
C10 750.022 97.772415
C10 774.987 97.82721
C10 799.976 96.977
C10 824.988 95.50682
C10 850.022 93.33532
C10 869.967 90.25504
C10 875.002 89.18421
C10 899.999 82.54181
C10 919.999 74.05367
C10 925.012 71.24802
C10 949.965 57.817055
C10 975.002 42.577866
C10 999.976 26.199905
C10 1025.028 11.431875
C10 1050.014 3.9798114
C10 1075.002 2.121576
C10 1099.99 1.5960057
C13 319.994 43.032772
C13 324.969 48.53072
C13 349.982 74.02738
C13 374.975 80.65224
C13 400.019 85.71183
C13 424.965 86.83437
C13 450.035 87.91122
C13 475.003 89.84283
C13 500.018 91.76853
C13 525.002 93.56623
C13 550.029 94.9873
C13 575.023 96.46885
C13 599.982 97.68188
C13 619.997 97.836365
C13 624.979 97.88197
C13 650.012 98.30354
C13 675.004 98.573456
C13 700.03 98.21328
C13 725.012 97.7518
C13 750.022 97.93047
C13 774.987 98.045815
C13 799.976 97.215454
C13 824.988 95.73748
C13 850.022 93.555305
C13 869.967 90.41831
C13 875.002 89.35841
C13 899.999 82.69726
C13 919.999 74.00012
C13 925.012 71.15756
C13 949.965 57.73741
C13 975.002 42.6659
C13 999.976 26.198416
C13 1025.028 11.405667
C13 1050.014 3.9105117
C13 1075.002 2.0831037
C13 1099.99 1.5859
