lsstCam/transmission_sensor/r24_s00/19700101T000000.ecsv
# %ECSV 1.0
# ---
# datatype:
# - {name: amp_name, datatype: string}
# - {name: wavelength, unit: nm, datatype: float32}
# - {name: efficiency, unit: '%', datatype: float64}
# meta: !!omap
# - {MODE: AMP}
# - {TYPE: transmission_sensor}
# - {CALIBDATE: '1970-01-01T00:00:00'}
# - {INSTRUME: LSSTCam}
# - {OBSTYPE: transmission_sensor}
# - {DETECTOR: 108}
# - {PARQUETFILE: qe_raft_allvalues_nircorrected_20230725_adjust.parquet}
# - {CORRFILE: qe_corr_factor_bydetnum.parquet}
# - {CALIBCLS: lsst.ip.isr.IntermediateSensorTransmissionCurve}
# - {CALIB_ID: 'raftName=R24 detectorName=S00 detector=108 calibDate=1970-01-01T00:00:00 ccd=108 ccdnum=108 filter=None'}
# - {DATE: '2025-03-03T21:56:47.985411'}
# - {CALIB_CREATION_DATE: '2025-03-03'}
# - {CALIB_CREATION_TIME: '21:56:47'}
# - __serialized_columns__:
#     efficiency:
#       __class__: astropy.units.quantity.Quantity
#       unit: !astropy.units.Unit {unit: '%'}
#       value: !astropy.table.SerializedColumn {name: efficiency}
#     wavelength:
#       __class__: astropy.units.quantity.Quantity
#       unit: !astropy.units.Unit {unit: nm}
#       value: !astropy.table.SerializedColumn {name: wavelength}
# schema: astropy-2.0
amp_name wavelength efficiency
C00 319.994 39.856287734883786
C00 324.969 45.00252513512773
C00 349.982 67.38555453894608
C00 374.975 73.95481839303002
C00 400.019 82.08846428585579
C00 424.965 85.06732502807968
C00 450.035 87.57627130327978
C00 475.003 89.25099496544773
C00 500.018 91.82970752520662
C00 525.002 94.02417223104246
C00 550.029 94.85500600145483
C00 575.023 96.7421828641126
C00 599.982 97.46191100863325
C00 619.997 97.55692719646181
C00 624.979 97.60729084414612
C00 650.012 98.39804852482712
C00 675.004 98.16046645116106
C00 700.03 98.35677726292181
C00 725.012 97.93881496356036
C00 750.022 98.39813173301644
C00 774.987 98.0871524719847
C00 799.976 97.31007119187642
C00 824.988 95.57807760231017
C00 850.022 93.60463654046467
C00 869.967 90.51487441063196
C00 875.002 89.08845154979133
C00 899.999 81.70678832142099
C00 919.999 73.44199119345696
C00 925.012 71.02856035522137
C00 949.965 57.56024455304383
C00 975.002 43.06978044224311
C00 999.976 25.980735925386902
C00 1025.028 11.176782124660583
C00 1050.014 3.9831301639396073
C00 1075.002 0.9374341549800517
C00 1099.99 0.09301135565406103
C01 319.994 39.98952295694559
C01 324.969 45.1566040086155
C01 349.982 67.6516921503124
C01 374.975 74.19497235618431
C01 400.019 82.18765601191231
C01 424.965 85.09016189385903
C01 450.035 87.55226195846903
C01 475.003 89.20921689002562
C01 500.018 91.7682847527229
C01 525.002 93.95436812457943
C01 550.029 94.78070865276824
C01 575.023 96.66392177986181
C01 599.982 97.38463329389266
C01 619.997 97.48243317387319
C01 624.979 97.5324942463236
C01 650.012 98.32384194871071
C01 675.004 98.09006475861108
C01 700.03 98.31019580566138
C01 725.012 97.95166684662068
C01 750.022 98.48422195144465
C01 774.987 98.25136761580845
C01 799.976 97.50151054237122
C01 824.988 95.74282981717411
C01 850.022 93.76953247856473
C01 869.967 90.64610128957868
C01 875.002 89.20820326299203
C01 899.999 81.68007092826674
C01 919.999 73.40213447077018
C01 925.012 70.95327963702458
C01 949.965 57.61786622415155
C01 975.002 43.07126306088927
C01 999.976 25.94839630616757
C01 1025.028 11.072229143678227
C01 1050.014 3.936127465220718
C01 1075.002 0.9382543306452678
C01 1099.99 0.09309273273008387
C02 319.994 40.15688488320201
C02 324.969 45.34469233839475
C02 349.982 67.95465316764553
C02 374.975 74.46657901490354
C02 400.019 82.3032548800276
C02 424.965 85.12821829390406
C02 450.035 87.5497051977425
C02 475.003 89.17716660837371
C02 500.018 91.71920704978271
C02 525.002 93.89455656521629
C02 550.029 94.70851420195734
C02 575.023 96.58891337937554
C02 599.982 97.30647811097374
C02 619.997 97.39772723714012
C02 624.979 97.45299260361377
C02 650.012 98.2370709360062
C02 675.004 98.00891408087644
C02 700.03 98.23361401395879
C02 725.012 97.89826988221643
C02 750.022 98.46099930224207
C02 774.987 98.25715436715697
C02 799.976 97.51427921724222
C02 824.988 95.73740615610629
C02 850.022 93.75651417912574
C02 869.967 90.60346843912077
C02 875.002 89.15273365823549
C02 899.999 81.57601530532513
C02 919.999 73.27536301214278
C02 925.012 70.79936717991546
C02 949.965 57.494941253185225
C02 975.002 42.979609240347536
C02 999.976 25.916162588280105
C02 1025.028 11.032703362653534
C02 1050.014 3.908837779377961
C02 1075.002 0.9380330889423547
C02 1099.99 0.09307078133157141
C03 319.994 40.20109490706667
C03 324.969 45.39681848681658
C03 349.982 68.06787682017462
C03 374.975 74.59628545329987
C03 400.019 82.3630134887248
C03 424.965 85.14559367671133
C03 450.035 87.5394403329321
C03 475.003 89.1540347317413
C03 500.018 91.68768627479015
C03 525.002 93.85536550804412
C03 550.029 94.6668117703437
C03 575.023 96.54539549635845
C03 599.982 97.26300561424173
C03 619.997 97.35920940986338
C03 624.979 97.41273496874204
C03 650.012 98.1956105645797
C03 675.004 97.96559287176139
C03 700.03 98.19228223700668
C03 725.012 97.86155237758146
C03 750.022 98.42642251738702
C03 774.987 98.23091352999613
C03 799.976 97.48448312108293
C03 824.988 95.70031043242892
C03 850.022 93.71920665278466
C03 869.967 90.5679234135172
C03 875.002 89.12255934303383
C03 899.999 81.43314684425373
C03 919.999 73.130376524434
C03 925.012 70.70041751404608
C03 949.965 57.41594264180177
C03 975.002 42.94532368415512
C03 999.976 25.818383510346905
C03 1025.028 10.989756590390446
C03 1050.014 3.882210686020086
C03 1075.002 0.9377036775651673
C03 1099.99 0.09303809743735089
C04 319.994 40.509154317091195
C04 324.969 45.74518848237875
C04 349.982 68.63839755247345
C04 374.975 75.1939623128421
C04 400.019 82.8333439966952
C04 424.965 85.53907007526863
C04 450.035 87.90166827420735
C04 475.003 89.48645901247642
C04 500.018 92.01357493047281
C04 525.002 94.17863688795346
C04 550.029 94.98918298893217
C04 575.023 96.86655641401127
C04 599.982 97.58722254175704
C04 619.997 97.68167140102202
C04 624.979 97.73770833434213
C04 650.012 98.52781547827023
C04 675.004 98.29422739769178
C04 700.03 98.51986531399925
C04 725.012 98.17546661838215
C04 750.022 98.7339372919905
C04 774.987 98.52217245015781
C04 799.976 97.77217921786533
C04 824.988 95.96480657315128
C04 850.022 93.95896726813487
C04 869.967 90.88932639135716
C04 875.002 89.35005809702983
C04 899.999 81.73146333174634
C04 919.999 73.27013602497698
C04 925.012 70.6205906029598
C04 949.965 57.94971561194224
C04 975.002 42.53448324936182
C04 999.976 25.96031966147883
C04 1025.028 11.099919505319013
C04 1050.014 3.885518920706468
C04 1075.002 0.9406333558506642
C04 1099.99 0.09332877742539776
C05 319.994 40.65102049770028
C05 324.969 45.90783023498617
C05 349.982 68.93194848003199
C05 374.975 75.49348910127037
C05 400.019 83.01389820315009
C05 424.965 85.65427559557982
C05 450.035 87.97561009699409
C05 475.003 89.54421306024898
C05 500.018 92.05554967979697
C05 525.002 94.2137507438487
C05 550.029 95.01807135938972
C05 575.023 96.8995446788883
C05 599.982 97.61549819736592
C05 619.997 97.71106658499637
C05 624.979 97.76473586711114
C05 650.012 98.55633319406624
C05 675.004 98.32271485596439
C05 700.03 98.54090942151768
C05 725.012 98.18371179350619
C05 750.022 98.72569211686645
C05 774.987 98.49314035646415
C05 799.976 97.7348489983817
C05 824.988 95.92975323230282
C05 850.022 93.92152358293852
C05 869.967 90.84351650094321
C05 875.002 89.39683622819231
C05 899.999 81.58777035316253
C05 919.999 73.07602644804292
C05 925.012 70.73923035217587
C05 949.965 57.5660691262966
C05 975.002 42.94649994537694
C05 999.976 25.858852947882358
C05 1025.028 11.003674105602697
C05 1050.014 3.8640798106756407
C05 1075.002 0.9405548048360498
C05 1099.99 0.09332098366589106
C06 319.994 40.60161752638364
C06 324.969 45.85234928365837
C06 349.982 68.89086632764787
C06 374.975 75.50319420189804
C06 400.019 83.00909482131178
C06 424.965 85.63032676581585
C06 450.035 87.9428336347808
C06 475.003 89.50038503761712
C06 500.018 92.00747803950954
C06 525.002 94.16213897332452
C06 550.029 94.96609649858485
C06 575.023 96.84567115849065
C06 599.982 97.56595906719403
C06 619.997 97.65946237885304
C06 624.979 97.71640703787487
C06 650.012 98.5074370362664
C06 675.004 98.27504412786189
C06 700.03 98.48691487102646
C06 725.012 98.11894556468778
C06 750.022 98.63900431235128
C06 774.987 98.39209535709995
C06 799.976 97.62677668920992
C06 824.988 95.83320903954301
C06 850.022 93.77236155700179
C06 869.967 90.72570126923954
C06 875.002 89.31615454207024
C06 899.999 81.55992586726197
C06 919.999 72.99578349601002
C06 925.012 70.57469750435651
C06 949.965 57.45166921254568
C06 975.002 42.95291832252626
C06 999.976 25.769979037302168
C06 1025.028 11.045421923501415
C06 1050.014 3.871846302324164
C06 1075.002 0.9397289348661438
C06 1099.99 0.09323904160618814
C07 319.994 40.60621666993907
C07 324.969 45.86412324244789
C07 349.982 69.03798597075571
C07 374.975 75.71748554693387
C07 400.019 83.10318815467691
C07 424.965 85.64925284669691
C07 450.035 87.91781822731728
C07 475.003 89.45372793654822
C07 500.018 91.94484496609017
C07 525.002 94.0935224746546
C07 550.029 94.8997568785501
C07 575.023 96.78139661442734
C07 599.982 97.50546671355458
C07 619.997 97.6063679896827
C07 624.979 97.65996162798899
C07 650.012 98.45587821640815
C07 675.004 98.22691197252767
C07 700.03 98.44160422974845
C07 725.012 98.06346083116954
C07 750.022 98.57541056256426
C07 774.987 98.31239704048807
C07 799.976 97.53983926012675
C07 824.988 95.76126421330008
C07 850.022 93.67451629073616
C07 869.967 90.5933170400231
C07 875.002 89.19343759157722
C07 899.999 81.6456227378861
C07 919.999 72.96352897607522
C07 925.012 70.51346384139399
C07 949.965 57.29548365899181
C07 975.002 42.90315226092893
C07 999.976 25.823300357897942
C07 1025.028 11.149317748897625
C07 1050.014 3.903393079875893
C07 1075.002 0.9391230805161105
C07 1099.99 0.09317892929416478
C10 319.994 38.84999058632707
C10 324.969 43.86806846405804
C10 349.982 65.76154248598144
C10 374.975 72.55833535158477
C10 400.019 81.33670098844493
C10 424.965 84.62663932865159
C10 450.035 87.302009546883
C10 475.003 89.0732547086682
C10 500.018 91.70931283963387
C10 525.002 93.95487493809624
C10 550.029 94.81575442923585
C10 575.023 96.73282572500395
C10 599.982 97.48059502932719
C10 619.997 97.58987007505375
C10 624.979 97.64289638479647
C10 650.012 98.44207322136101
C10 675.004 98.21033084970941
C10 700.03 98.34450027280592
C10 725.012 97.75199744976354
C10 750.022 97.98935259200415
C10 774.987 97.47681283890331
C10 799.976 96.61976848885351
C10 824.988 94.89347087806561
C10 850.022 92.88623216259238
C10 869.967 89.79963194395403
C10 875.002 88.38972212650403
C10 899.999 81.09382384818545
C10 919.999 73.19164044491991
C10 925.012 70.79362581485202
C10 949.965 57.125398555630206
C10 975.002 42.46857858122582
C10 999.976 25.596692309746754
C10 1025.028 11.046795804172888
C10 1050.014 3.9592583963055246
C10 1075.002 0.9335397410873585
C10 1099.99 0.09262495548535252
C11 319.994 39.19677584410164
C11 324.969 44.26056149310513
C11 349.982 66.41717006719827
C11 374.975 73.24235961850405
C11 400.019 81.8352239438349
C11 424.965 85.01759678838658
C11 450.035 87.62646097020459
C11 475.003 89.36404463721732
C11 500.018 91.98133553929972
C11 525.002 94.21734382475138
C11 550.029 95.06792819355722
C11 575.023 96.98529450017837
C11 599.982 97.73672496483194
C11 619.997 97.8459546242734
C11 624.979 97.89749831536996
C11 650.012 98.70056324369024
C11 675.004 98.47680129383302
C11 700.03 98.62709041251607
C11 725.012 98.09284088638219
C11 750.022 98.40828313211412
C11 774.987 97.96092564877833
C11 799.976 97.12310995484349
C11 824.988 95.36983776195252
C11 850.022 93.3456321402378
C11 869.967 90.22813142583638
C11 875.002 88.79228334645947
C11 899.999 81.35372084535237
C11 919.999 73.34061336133544
C11 925.012 70.91132758084298
C11 949.965 57.302567701655725
C11 975.002 42.57600035364469
C11 999.976 25.64307709310514
C11 1025.028 10.981036750368204
C11 1050.014 3.903291669895153
C11 1075.002 0.937530870032431
C11 1099.99 0.0930209516327078
C12 319.994 39.263436950322415
C12 324.969 44.335055515693746
C12 349.982 66.58842008521043
C12 374.975 73.4150317401156
C12 400.019 81.81529180030108
C12 424.965 84.89892678164712
C12 450.035 87.45064963054124
C12 475.003 89.15342201689263
C12 500.018 91.74665818787919
C12 525.002 93.96639549012735
C12 550.029 94.8139541065941
C12 575.023 96.71866520405696
C12 599.982 97.45836331401566
C12 619.997 97.57291829757395
C12 624.979 97.63212470646927
C12 650.012 98.4327085178715
C12 675.004 98.2070025221364
C12 700.03 98.3715580630983
C12 725.012 97.8543662157761
C12 750.022 98.18514902586726
C12 774.987 97.76226231457393
C12 799.976 96.9304678677939
C12 824.988 95.16637104590981
C12 850.022 93.1563183807612
C12 869.967 90.05132915228198
C12 875.002 88.60435386867802
C12 899.999 81.0800491106617
C12 919.999 73.06899913823537
C12 925.012 70.66852608439197
C12 949.965 57.2247453514941
C12 975.002 42.386913525593535
C12 999.976 25.503803604031624
C12 1025.028 10.91852659813763
C12 1050.014 3.8672951453097366
C12 1075.002 0.9354050820302323
C12 1099.99 0.09281003290005095
C13 319.994 39.430269369919486
C13 324.969 44.52439953269372
C13 349.982 66.92214543945137
C13 374.975 73.80498313719784
C13 400.019 82.124523689357
C13 424.965 85.14672076945764
C13 450.035 87.67096222273189
C13 475.003 89.35041362292968
C13 500.018 91.93836229170365
C13 525.002 94.15144293880581
C13 550.029 94.99655069587787
C13 575.023 96.90472627976901
C13 599.982 97.6496513768935
C13 619.997 97.76094611230641
C13 624.979 97.82314801601744
C13 650.012 98.62824019840492
C13 675.004 98.40009090765601
C13 700.03 98.56380680234382
C13 725.012 98.03507927422879
C13 750.022 98.3536077873466
C13 774.987 97.9163563168234
C13 799.976 97.08027286610269
C13 824.988 95.30993543001921
C13 850.022 93.28149375502974
C13 869.967 90.23274569815351
C13 875.002 88.80403082991602
C13 899.999 81.20271311048879
C13 919.999 73.08558026105364
C13 925.012 70.72239204040878
C13 949.965 57.36766676323145
C13 975.002 42.436732537856805
C13 999.976 25.56938111269596
C13 1025.028 10.93034499766463
C13 1050.014 3.8528098287601025
C13 1075.002 0.9370099806418821
C13 1099.99 0.0929692694659088
C14 319.994 39.49663168309678
C14 324.969 44.60314473731877
C14 349.982 67.09552104848174
C14 374.975 74.0035783919746
C14 400.019 82.16179339379386
C14 424.965 85.09899709068921
C14 450.035 87.56818498015355
C14 475.003 89.21685691468184
C14 500.018 91.78118958644916
C14 525.002 93.97747730806931
C14 550.029 94.81651843170148
C14 575.023 96.7214110743047
C14 599.982 97.458892820675
C14 619.997 97.57657189352342
C14 624.979 97.63071016725074
C14 650.012 98.4370656012398
C14 675.004 98.21086035636876
C14 700.03 98.36782125895952
C14 725.012 97.81404050147675
C14 750.022 98.1059423940105
C14 774.987 97.63922766008531
C14 799.976 96.79651024736113
C14 824.988 95.03645280484974
C14 850.022 92.96782157441619
C14 869.967 89.96973217607733
C14 875.002 88.58423261562301
C14 899.999 81.01421630414376
C14 919.999 72.79064505179996
C14 925.012 70.43344782078651
C14 949.965 57.19844778147691
C14 975.002 42.44694823419169
C14 999.976 25.479436842225816
C14 1025.028 10.916231754097945
C14 1050.014 3.83664380134086
C14 1075.002 0.9346504851984823
C14 1099.99 0.09273516249563858
C15 319.994 40.43488344373758
C15 324.969 45.662203442288536
C15 349.982 68.75169684881101
C15 374.975 75.78161636776109
C15 400.019 83.89894589109826
C15 424.965 86.78441678737586
C15 450.035 89.23932312579966
C15 475.003 90.88461378208902
C15 500.018 93.46940053966864
C15 525.002 95.69319235005119
C15 550.029 96.5361669517242
C15 575.023 98.46928229927036
C15 599.982 99.2211363692514
C15 619.997 99.33743116040466
C15 624.979 99.39318821163342
C15 650.012 100.21144998107683
C15 675.004 99.97526731786759
C15 700.03 100.12644146910984
C15 725.012 99.53511112509885
C15 750.022 99.79419873351506
C15 774.987 99.28245324040323
C15 799.976 98.40444042664346
C15 824.988 96.62920127177065
C15 850.022 94.47402596005801
C15 869.967 91.4005348134288
C15 875.002 90.01916540491736
C15 899.999 82.53573099662142
C15 919.999 74.00607463765435
C15 925.012 71.55664491096434
C15 949.965 57.981591912834645
C15 975.002 43.10519309118184
C15 999.976 25.918579407960962
C15 1025.028 11.138965893707482
C15 1050.014 3.8921963778998174
C15 1075.002 0.9507344210967015
C15 1099.99 0.09433099583945163
C16 319.994 39.9086181215885
C16 324.969 45.06934887553673
C16 349.982 67.90124107447959
C16 374.975 74.86090262411578
C16 400.019 82.73974234808517
C16 424.965 85.51507585921956
C16 450.035 87.89690271427327
C16 475.003 89.49437891922402
C16 500.018 92.02647219981823
C16 525.002 94.20903813458055
C16 550.029 95.03588547628617
C16 575.023 96.93524099210882
C16 599.982 97.675362707395
C16 619.997 97.78890406391969
C16 624.979 97.84674888426242
C16 650.012 98.6557215940248
C16 675.004 98.42625610100836
C16 700.03 98.56015320639435
C16 725.012 97.95451105381943
C16 750.022 98.17721399035797
C16 774.987 97.63925035322785
C16 799.976 96.75097267465769
C16 824.988 95.01416813887228
C16 850.022 92.84435575021925
C16 869.967 89.77078139540072
C16 875.002 88.41182524734114
C16 899.999 81.21566333050012
C16 919.999 72.8081112071774
C16 925.012 70.3446798115382
C16 949.965 56.77120776900569
C16 975.002 42.28181401809493
C16 999.976 25.45536320017786
C16 1025.028 10.968407070995285
C16 1050.014 3.840861652824184
C16 1075.002 0.9353294877198097
C16 1099.99 0.0928025325020179
C17 319.994 39.99079755511844
C17 324.969 45.165412730112706
C17 349.982 68.12087287239395
C17 374.975 75.0986057278754
C17 400.019 82.84328359312914
C17 424.965 85.54071911029342
C17 450.035 87.87742443359032
C17 475.003 89.44866736576107
C17 500.018 91.96643370902966
C17 525.002 94.14163950122713
C17 550.029 94.96351704471576
C17 575.023 96.86576971840312
C17 599.982 97.60564937350216
C17 619.997 97.72077925000488
C17 624.979 97.77858624844336
C17 650.012 98.5841625512051
C17 675.004 98.35916004288885
C17 700.03 98.4870964161668
C17 725.012 97.8630803825127
C17 750.022 98.05853641923765
C17 774.987 97.48932432482549
C17 799.976 96.58460924667318
C17 824.988 94.84910578439357
C17 850.022 92.6524020218268
C17 869.967 89.50814609236691
C17 875.002 88.14855453631614
C17 899.999 81.13276528078966
C17 919.999 72.72131750133035
C17 925.012 70.23446678258651
C17 949.965 56.48802382539898
C17 975.002 42.089417773422895
C17 999.976 25.455111684514673
C17 1025.028 11.018676163918991
C17 1050.014 3.8603326055131877
C17 1075.002 0.9341988529330488
C17 1099.99 0.09269035195716831
