lsstCam/transmission_sensor/r24_s00/19700101T000000.ecsv
# %ECSV 1.0
# ---
# datatype:
# - {name: amp_name, datatype: string}
# - {name: wavelength, unit: nm, datatype: float32}
# - {name: efficiency, unit: '%', datatype: float64}
# meta: !!omap
# - {MODE: AMP}
# - {TYPE: transmission_sensor}
# - {CALIBDATE: '1970-01-01T00:00:00'}
# - {INSTRUME: LSSTCAM}
# - {OBSTYPE: transmission_sensor}
# - {DETECTOR: 108}
# - {PARQUETFILE: qe_raft_allvalues_nircorrected_20230725.parquet}
# - {CALIBCLS: lsst.ip.isr.IntermediateSensorTransmissionCurve}
# - {CALIB_ID: 'raftName=R24 detectorName=S00 detector=108 calibDate=1970-01-01T00:00:00 ccd=108 ccdnum=108 filter=None'}
# - {DATE: '2023-08-02T16:57:55.868199'}
# - {CALIB_CREATION_DATE: '2023-08-02'}
# - {CALIB_CREATION_TIME: '16:57:55'}
# - __serialized_columns__:
#     efficiency:
#       __class__: astropy.units.quantity.Quantity
#       unit: !astropy.units.Unit {unit: '%'}
#       value: !astropy.table.SerializedColumn {name: efficiency}
#     wavelength:
#       __class__: astropy.units.quantity.Quantity
#       unit: !astropy.units.Unit {unit: nm}
#       value: !astropy.table.SerializedColumn {name: wavelength}
# schema: astropy-2.0
amp_name wavelength efficiency
C00 319.994 40.1988410949707
C00 324.969 45.38930892944336
C00 349.982 67.96471405029297
C00 374.975 74.59043884277344
C00 400.019 82.79399108886719
C00 424.965 85.79845428466797
C00 450.035 88.32896423339844
C00 475.003 90.01808166503906
C00 500.018 92.61895751953125
C00 525.002 94.83228302001953
C00 550.029 95.67025756835938
C00 575.023 97.57365417480469
C00 599.982 98.29956817626953
C00 619.997 98.39540100097656
C00 624.979 98.44619750976562
C00 650.012 99.2437515258789
C00 675.004 99.0041275024414
C00 700.03 99.2021255493164
C00 725.012 98.78057098388672
C00 750.022 99.24383544921875
C00 774.987 98.93018341064453
C00 799.976 98.14642333984375
C00 824.988 96.39954376220703
C00 850.022 94.40914154052734
C00 869.967 91.2928237915039
C00 875.002 89.85414123535156
C00 899.999 82.4090347290039
C00 919.999 74.07320404052734
C00 925.012 71.63903045654297
C00 949.965 58.05495834350586
C00 975.002 43.4399528503418
C00 999.976 26.20403289794922
C00 1025.028 11.272843360900879
C00 1050.014 4.017364025115967
C00 1075.002 0.945491132633984
C00 1099.99 0.09381076157509094
C01 319.994 40.333221435546875
C01 324.969 45.54471206665039
C01 349.982 68.23313903808594
C01 374.975 74.83265686035156
C01 400.019 82.89403533935547
C01 424.965 85.82148742675781
C01 450.035 88.30474853515625
C01 475.003 89.97594451904297
C01 500.018 92.5570068359375
C01 525.002 94.76187896728516
C01 550.029 95.59532165527344
C01 575.023 97.49472045898438
C01 599.982 98.22162628173828
C01 619.997 98.32026672363281
C01 624.979 98.37075805664062
C01 650.012 99.16890716552734
C01 675.004 98.93312072753906
C01 700.03 99.15514373779297
C01 725.012 98.79353332519531
C01 750.022 99.3306655883789
C01 774.987 99.09580993652344
C01 799.976 98.33950805664062
C01 824.988 96.56571197509766
C01 850.022 94.57545471191406
C01 869.967 91.42517852783203
C01 875.002 89.97492218017578
C01 899.999 82.38208770751953
C01 919.999 74.03300476074219
C01 925.012 71.56310272216797
C01 949.965 58.113075256347656
C01 975.002 43.44144821166992
C01 999.976 26.171415328979492
C01 1025.028 11.167391777038574
C01 1050.014 3.9699573516845703
C01 1075.002 0.9463183574737707
C01 1099.99 0.09389283806373873
C02 319.994 40.50202178955078
C02 324.969 45.73441696166992
C02 349.982 68.53870391845703
C02 374.975 75.10659790039062
C02 400.019 83.01062774658203
C02 424.965 85.85987091064453
C02 450.035 88.30216979980469
C02 475.003 89.94361877441406
C02 500.018 92.50750732421875
C02 525.002 94.70155334472656
C02 550.029 95.52250671386719
C02 575.023 97.4190673828125
C02 599.982 98.1427993774414
C02 619.997 98.23483276367188
C02 624.979 98.29057312011719
C02 650.012 99.08139038085938
C02 675.004 98.85127258300781
C02 700.03 99.0779037475586
C02 725.012 98.73967742919922
C02 750.022 99.30724334716797
C02 774.987 99.10164642333984
C02 799.976 98.35238647460938
C02 824.988 96.56024169921875
C02 850.022 94.56232452392578
C02 869.967 91.3821792602539
C02 875.002 89.91897583007812
C02 899.999 82.27713775634766
C02 919.999 73.90514373779297
C02 925.012 71.40786743164062
C02 949.965 57.98909378051758
C02 975.002 43.34900665283203
C02 999.976 26.138904571533203
C02 1025.028 11.12752628326416
C02 1050.014 3.9424331188201904
C02 1075.002 0.9460952142618855
C02 1099.99 0.09387069799925293
C03 319.994 40.54661178588867
C03 324.969 45.786991119384766
C03 349.982 68.65290069580078
C03 374.975 75.23741912841797
C03 400.019 83.0708999633789
C03 424.965 85.87739562988281
C03 450.035 88.29181671142578
C03 475.003 89.9202880859375
C03 500.018 92.47571563720703
C03 525.002 94.66202545166016
C03 550.029 95.4804458618164
C03 575.023 97.37517547607422
C03 599.982 98.09895324707031
C03 619.997 98.19598388671875
C03 624.979 98.24996948242188
C03 650.012 99.0395736694336
C03 675.004 98.80757904052734
C03 700.03 99.03621673583984
C03 725.012 98.70264434814453
C03 750.022 99.27236938476562
C03 774.987 99.07518005371094
C03 799.976 98.32233428955078
C03 824.988 96.5228271484375
C03 850.022 94.52469635009766
C03 869.967 91.34632873535156
C03 875.002 89.88854217529297
C03 899.999 82.13304138183594
C03 919.999 73.7589111328125
C03 925.012 71.30806732177734
C03 949.965 57.90941619873047
C03 975.002 43.31442642211914
C03 999.976 26.040285110473633
C03 1025.028 11.084210395812988
C03 1050.014 3.9155771732330322
C03 1075.002 0.9457629716884046
C03 1099.99 0.09383773319633715
C04 319.994 40.85731887817383
C04 324.969 46.13835525512695
C04 349.982 69.22832489013672
C04 374.975 75.8402328491211
C04 400.019 83.54527282714844
C04 424.965 86.27425384521484
C04 450.035 88.65715789794922
C04 475.003 90.25556945800781
C04 500.018 92.80440521240234
C04 525.002 94.98807525634766
C04 550.029 95.80558776855469
C04 575.023 97.6990966796875
C04 599.982 98.42595672607422
C04 619.997 98.5212173461914
C04 624.979 98.5777359008789
C04 650.012 99.3746337890625
C04 675.004 99.1390380859375
C04 700.03 99.36661529541016
C04 725.012 99.01925659179688
C04 750.022 99.58252716064453
C04 774.987 99.36894226074219
C04 799.976 98.61250305175781
C04 824.988 96.78959655761719
C04 850.022 94.76651763916016
C04 869.967 91.67049407958984
C04 875.002 90.11799621582031
C04 899.999 82.43392181396484
C04 919.999 73.89987182617188
C04 925.012 71.22755432128906
C04 949.965 58.447776794433594
C04 975.002 42.900054931640625
C04 999.976 26.183441162109375
C04 1025.028 11.195320129394531
C04 1050.014 3.9189138412475586
C04 1075.002 0.9487178297183712
C04 1099.99 0.09413091149549813
C05 319.994 41.000404357910156
C05 324.969 46.30239486694336
C05 349.982 69.52439880371094
C05 374.975 76.142333984375
C05 400.019 83.72737884521484
C05 424.965 86.39044952392578
C05 450.035 88.73173522949219
C05 475.003 90.3138198852539
C05 500.018 92.84674072265625
C05 525.002 95.02349090576172
C05 550.029 95.83472442626953
C05 575.023 97.73236846923828
C05 599.982 98.45447540283203
C05 619.997 98.55086517333984
C05 624.979 98.60499572753906
C05 650.012 99.40339660644531
C05 675.004 99.16777038574219
C05 700.03 99.3878402709961
C05 725.012 99.02757263183594
C05 750.022 99.57421112060547
C05 774.987 99.33966064453125
C05 799.976 98.5748519897461
C05 824.988 96.75424194335938
C05 850.022 94.72875213623047
C05 869.967 91.6242904663086
C05 875.002 90.16517639160156
C05 899.999 82.28899383544922
C05 919.999 73.70409393310547
C05 925.012 71.34721374511719
C05 949.965 58.06083297729492
C05 975.002 43.31561279296875
C05 999.976 26.08110237121582
C05 1025.028 11.098247528076172
C05 1050.014 3.8972904682159424
C05 1075.002 0.9486386035803189
C05 1099.99 0.09412305075086415
C06 319.994 40.95057678222656
C06 324.969 46.246437072753906
C06 349.982 69.48296356201172
C06 374.975 76.1521224975586
C06 400.019 83.7225341796875
C06 424.965 86.36629486083984
C06 450.035 88.69867706298828
C06 475.003 90.26961517333984
C06 500.018 92.79825592041016
C06 525.002 94.971435546875
C06 550.029 95.78230285644531
C06 575.023 97.67803192138672
C06 599.982 98.40451049804688
C06 619.997 98.49881744384766
C06 624.979 98.5562515258789
C06 650.012 99.35408020019531
C06 675.004 99.11968994140625
C06 700.03 99.33338165283203
C06 725.012 98.96224975585938
C06 750.022 99.48677825927734
C06 774.987 99.23774719238281
C06 799.976 98.46585083007812
C06 824.988 96.65686798095703
C06 850.022 94.57830810546875
C06 869.967 91.50546264648438
C06 875.002 90.08380126953125
C06 899.999 82.26091003417969
C06 919.999 73.62316131591797
C06 925.012 71.18126678466797
C06 949.965 57.94544982910156
C06 975.002 43.322086334228516
C06 999.976 25.991464614868164
C06 1025.028 11.14035415649414
C06 1050.014 3.905123710632324
C06 1075.002 0.9478056354949269
C06 1099.99 0.0940404044226636
C07 319.994 40.95521545410156
C07 324.969 46.2583122253418
C07 349.982 69.63134765625
C07 374.975 76.36825561523438
C07 400.019 83.81743621826172
C07 424.965 86.38538360595703
C07 450.035 88.67344665527344
C07 475.003 90.2225570678711
C07 500.018 92.7350845336914
C07 525.002 94.90222930908203
C07 550.029 95.71539306640625
C07 575.023 97.61320495605469
C07 599.982 98.34349822998047
C07 619.997 98.44526672363281
C07 624.979 98.49932098388672
C07 650.012 99.30207824707031
C07 675.004 99.0711441040039
C07 700.03 99.28768157958984
C07 725.012 98.90628814697266
C07 750.022 99.42263793945312
C07 774.987 99.15736389160156
C07 799.976 98.37816619873047
C07 824.988 96.58430480957031
C07 850.022 94.47962188720703
C07 869.967 91.37194061279297
C07 875.002 89.96002960205078
C07 899.999 82.34734344482422
C07 919.999 73.59062957763672
C07 925.012 71.1195068359375
C07 949.965 57.78792190551758
C07 975.002 43.27189254760742
C07 999.976 26.045244216918945
C07 1025.028 11.245142936706543
C07 1050.014 3.936941623687744
C07 1075.002 0.9471945740005476
C07 1099.99 0.09397977546256196
C10 319.994 39.183895111083984
C10 324.969 44.24510192871094
C10 349.982 66.32674407958984
C10 374.975 73.18195343017578
C10 400.019 82.0357666015625
C10 424.965 85.3539810180664
C10 450.035 88.0523452758789
C10 475.003 89.83881378173828
C10 500.018 92.49752807617188
C10 525.002 94.76239013671875
C10 550.029 95.63066864013672
C10 575.023 97.56421661376953
C10 599.982 98.31841278076172
C10 619.997 98.42862701416016
C10 624.979 98.48210906982422
C10 650.012 99.28815460205078
C10 675.004 99.0544204711914
C10 700.03 99.18974304199219
C10 725.012 98.59214782714844
C10 750.022 98.83154296875
C10 774.987 98.3145980834961
C10 799.976 97.45018768310547
C10 824.988 95.70905303955078
C10 850.022 93.68456268310547
C10 869.967 90.5714340209961
C10 875.002 89.14940643310547
C10 899.999 81.79080200195312
C10 919.999 73.8207015991211
C10 925.012 71.4020767211914
C10 949.965 57.61637496948242
C10 975.002 42.83358383178711
C10 999.976 25.816688537597656
C10 1025.028 11.141739845275879
C10 1050.014 3.9932870864868164
C10 1075.002 0.941563247371017
C10 1099.99 0.09342104040777338
C11 319.994 39.533660888671875
C11 324.969 44.640968322753906
C11 349.982 66.98800659179688
C11 374.975 73.87185668945312
C11 400.019 82.53857421875
C11 424.965 85.74829864501953
C11 450.035 88.37958526611328
C11 475.003 90.1321029663086
C11 500.018 92.77188873291016
C11 525.002 95.02711486816406
C11 550.029 95.885009765625
C11 575.023 97.81885528564453
C11 599.982 98.57674407958984
C11 619.997 98.6869125366211
C11 624.979 98.73889923095703
C11 650.012 99.54886627197266
C11 675.004 99.32318115234375
C11 700.03 99.47476196289062
C11 725.012 98.93592071533203
C11 750.022 99.25407409667969
C11 774.987 98.80287170410156
C11 799.976 97.95785522460938
C11 824.988 96.18951416015625
C11 850.022 94.14791107177734
C11 869.967 91.00361633300781
C11 875.002 89.55542755126953
C11 899.999 82.05293273925781
C11 919.999 73.97095489501953
C11 925.012 71.52079010009766
C11 949.965 57.795066833496094
C11 975.002 42.94192886352539
C11 999.976 25.86347198486328
C11 1025.028 11.07541561126709
C11 1050.014 3.9368393421173096
C11 1075.002 0.9455886789244952
C11 1099.99 0.0938204400284215
C12 319.994 39.600894927978516
C12 324.969 44.716102600097656
C12 349.982 67.16072845458984
C12 374.975 74.04601287841797
C12 400.019 82.51847076416016
C12 424.965 85.62860870361328
C12 450.035 88.20226287841797
C12 475.003 89.91967010498047
C12 500.018 92.53519439697266
C12 525.002 94.77400970458984
C12 550.029 95.62885284423828
C12 575.023 97.54993438720703
C12 599.982 98.29598999023438
C12 619.997 98.41152954101562
C12 624.979 98.47124481201172
C12 650.012 99.2787094116211
C12 675.004 99.05106353759766
C12 700.03 99.21703338623047
C12 725.012 98.69539642333984
C12 750.022 99.02902221679688
C12 774.987 98.60250091552734
C12 799.976 97.76355743408203
C12 824.988 95.98429870605469
C12 850.022 93.95697021484375
C12 869.967 90.8252944946289
C12 875.002 89.36588287353516
C12 899.999 81.77690887451172
C12 919.999 73.69700622558594
C12 925.012 71.2759017944336
C12 949.965 57.716575622558594
C12 975.002 42.751216888427734
C12 999.976 25.72300148010254
C12 1025.028 11.012368202209473
C12 1050.014 3.900533437728882
C12 1075.002 0.9434446203842116
C12 1099.99 0.09360770850976068
C13 319.994 39.769161224365234
C13 324.969 44.907073974609375
C13 349.982 67.49732208251953
C13 374.975 74.43931579589844
C13 400.019 82.83036041259766
C13 424.965 85.87853240966797
C13 450.035 88.42446899414062
C13 475.003 90.11835479736328
C13 500.018 92.72854614257812
C13 525.002 94.96064758300781
C13 550.029 95.81301879882812
C13 575.023 97.73759460449219
C13 599.982 98.48892211914062
C13 619.997 98.6011734008789
C13 624.979 98.66390991210938
C13 650.012 99.47592163085938
C13 675.004 99.24581146240234
C13 700.03 99.41093444824219
C13 725.012 98.8776626586914
C13 750.022 99.19892883300781
C13 774.987 98.75791931152344
C13 799.976 97.9146499633789
C13 824.988 96.12909698486328
C13 850.022 94.08322143554688
C13 869.967 91.00827026367188
C13 875.002 89.56727600097656
C13 899.999 81.90062713623047
C13 919.999 73.71372985839844
C13 925.012 71.33023071289062
C13 949.965 57.86072540283203
C13 975.002 42.80146408081055
C13 999.976 25.789142608642578
C13 1025.028 11.024288177490234
C13 1050.014 3.8859236240386963
C13 1075.002 0.9450633126390546
C13 1099.99 0.09376831366822419
C14 319.994 39.83609390258789
C14 324.969 44.98649597167969
C14 349.982 67.67218780517578
C14 374.975 74.63961791992188
C14 400.019 82.86795043945312
C14 424.965 85.83039855957031
C14 450.035 88.32080841064453
C14 475.003 89.98365020751953
C14 500.018 92.57002258300781
C14 525.002 94.78518676757812
C14 550.029 95.63143920898438
C14 575.023 97.55270385742188
C14 599.982 98.29652404785156
C14 619.997 98.41521453857422
C14 624.979 98.46981811523438
C14 650.012 99.2831039428711
C14 675.004 99.0549545288086
C14 700.03 99.21326446533203
C14 725.012 98.65472412109375
C14 750.022 98.94913482666016
C14 774.987 98.47840881347656
C14 799.976 97.62844848632812
C14 824.988 95.85326385498047
C14 850.022 93.76685333251953
C14 869.967 90.74299621582031
C14 875.002 89.34558868408203
C14 899.999 81.71051025390625
C14 919.999 73.416259765625
C14 925.012 71.03880310058594
C14 949.965 57.6900520324707
C14 975.002 42.811767578125
C14 999.976 25.69842529296875
C14 1025.028 11.010053634643555
C14 1050.014 3.8696186542510986
C14 1075.002 0.9426835380091528
C14 1099.99 0.09353219461569937
C15 319.994 40.78240966796875
C15 324.969 46.054656982421875
C15 349.982 69.34259796142578
C15 374.975 76.43293762207031
C15 400.019 84.62003326416016
C15 424.965 87.53030395507812
C15 450.035 90.00630950927734
C15 475.003 91.66574096679688
C15 500.018 94.27274322509766
C15 525.002 96.5156478881836
C15 550.029 97.3658676147461
C15 575.023 99.31559753417969
C15 599.982 100.07391357421875
C15 619.997 100.19120788574219
C15 624.979 100.24744415283203
C15 650.012 101.07273864746094
C15 675.004 100.83452606201172
C15 700.03 100.98699951171875
C15 725.012 100.39058685302734
C15 750.022 100.65190124511719
C15 774.987 100.13575744628906
C15 799.976 99.25019836425781
C15 824.988 97.45970153808594
C15 850.022 95.28600311279297
C15 869.967 92.18609619140625
C15 875.002 90.79285430908203
C15 899.999 83.24510192871094
C15 919.999 74.64213562011719
C15 925.012 72.1716537475586
C15 949.965 58.47992706298828
C15 975.002 43.475669860839844
C15 999.976 26.141342163085938
C15 1025.028 11.234702110290527
C15 1050.014 3.9256486892700195
C15 1075.002 0.9589057107226522
C15 1099.99 0.09514174368932896
C16 319.994 40.25162124633789
C16 324.969 45.45670700073242
C16 349.982 68.48483276367188
C16 374.975 75.50431060791016
C16 400.019 83.45086669921875
C16 424.965 86.25005340576172
C16 450.035 88.65235137939453
C16 475.003 90.26355743408203
C16 500.018 92.81741333007812
C16 525.002 95.01873779296875
C16 550.029 95.85269165039062
C16 575.023 97.76837158203125
C16 599.982 98.51485443115234
C16 619.997 98.6293716430664
C16 624.979 98.68771362304688
C16 650.012 99.5036392211914
C16 675.004 99.27220153808594
C16 700.03 99.4072494506836
C16 725.012 98.79640197753906
C16 750.022 99.0210189819336
C16 774.987 98.47843170166016
C16 799.976 97.58251953125
C16 824.988 95.8307876586914
C16 850.022 93.64232635498047
C16 869.967 90.5423355102539
C16 875.002 89.17169952392578
C16 899.999 81.91368865966797
C16 919.999 73.43387603759766
C16 925.012 70.94927215576172
C16 949.965 57.25914001464844
C16 975.002 42.64521408081055
C16 999.976 25.674144744873047
C16 1025.028 11.062677383422852
C16 1050.014 3.873872756958008
C16 1075.002 0.9433683763623756
C16 1099.99 0.09360014364795806
C17 319.994 40.33450698852539
C17 324.969 45.55359649658203
C17 349.982 68.70635223388672
C17 374.975 75.74405670166016
C17 400.019 83.5552978515625
C17 424.965 86.27591705322266
C17 450.035 88.63270568847656
C17 475.003 90.21745300292969
C17 500.018 92.7568588256836
C17 525.002 94.95075988769531
C17 550.029 95.77970123291016
C17 575.023 97.69830322265625
C17 599.982 98.44454193115234
C17 619.997 98.56066131591797
C17 624.979 98.61896514892578
C17 650.012 99.43146514892578
C17 675.004 99.20452880859375
C17 700.03 99.33356475830078
C17 725.012 98.70418548583984
C17 750.022 98.90132141113281
C17 774.987 98.32721710205078
C17 799.976 97.41472625732422
C17 824.988 95.664306640625
C17 850.022 93.44872283935547
C17 869.967 90.2774429321289
C17 875.002 88.90616607666016
C17 899.999 81.830078125
C17 919.999 73.3463363647461
C17 925.012 70.8381118774414
C17 949.965 56.9735221862793
C17 975.002 42.45116424560547
C17 999.976 25.673891067504883
C17 1025.028 11.113378524780273
C17 1050.014 3.8935110569000244
C17 1075.002 0.9422280240939512
C17 1099.99 0.09348699894350508
