lsstCam/transmission_filter_detector/r11_s20/y_10/19700101T000000.ecsv
# %ECSV 1.0
# ---
# datatype:
# - {name: wavelength, unit: nm, datatype: float32}
# - {name: efficiency, unit: '%', datatype: float64}
# meta: !!omap
# - {MODE: DETECTOR}
# - {TYPE: transmission_filter_detector}
# - {CALIBDATE: '1970-01-01T00:00:00'}
# - {INSTRUME: LSSTCam}
# - {OBSTYPE: transmission_filter_detector}
# - {CALIBCLS: lsst.ip.isr.IntermediateFilterDetectorTransmissionCurve}
# - {SOURCE: Materion (DM-46256)}
# - {DETECTOR: 42}
# - {FILTER: y_10}
# - {CALIB_ID: 'calibDate=1970-01-01T00:00:00 filter=y_10 detector=42'}
# - {DATE: '2025-04-02T15:59:50.936669'}
# - {CALIB_CREATION_DATE: '2025-04-02'}
# - {CALIB_CREATION_TIME: '15:59:50'}
# - __serialized_columns__:
#     efficiency:
#       __class__: astropy.units.quantity.Quantity
#       unit: !astropy.units.Unit {unit: '%'}
#       value: !astropy.table.SerializedColumn {name: efficiency}
#     wavelength:
#       __class__: astropy.units.quantity.Quantity
#       unit: !astropy.units.Unit {unit: nm}
#       value: !astropy.table.SerializedColumn {name: wavelength}
# schema: astropy-2.0
wavelength efficiency
[from data line 578]
878.0 0.0010099579412781168
879.0 0.0016983689420158044
880.0 0.07374050910584629
881.0 0.09121415787376463
882.0 0.059718097327277064
883.0 0.09979355381801724
884.0 0.061556947184726596
885.0 0.09605572558939457
886.0 0.06620163330808282
887.0 0.10648996103554964
888.0 0.07639616378583014
889.0 0.11213478865101933
890.0 0.0823270354885608
891.0 0.09241336374543607
892.0 0.0706628430634737
893.0 0.10064542293548584
894.0 0.08291617268696427
895.0 0.10112065356224775
896.0 0.07584537961520255
897.0 0.11032016482204199
898.0 0.09172512218356133
899.0 0.11740841437131166
900.0 0.11021901154890656
901.0 0.1379772089421749
902.0 0.16401739558205009
903.0 0.17948657041415572
904.0 0.21385073196142912
905.0 0.24418465327471495
906.0 0.31638822983950377
907.0 0.4029500298202038
908.0 0.5371575709432364
909.0 0.7316447328776121
910.0 1.0429095476865768
911.0 1.4734217897057533
912.0 2.166898362338543
913.0 3.22747565805912
914.0 4.473787918686867
915.0 6.298336386680603
916.0 8.490943163633347
917.0 10.904833674430847
918.0 13.625290989875793
919.0 16.22687429189682
920.0 19.701115787029266
921.0 23.26236069202423
922.0 26.88547670841217
923.0 31.160640716552734
924.0 35.87135672569275
925.0 41.07629060745239
926.0 47.32335805892944
927.0 54.009824991226196
928.0 59.93136763572693
929.0 66.32508039474487
930.0 71.95730209350586
931.0 77.46032476425171
932.0 82.53250122070312
933.0 86.8840754032135
934.0 90.0387167930603
935.0 92.303866147995
936.0 94.03156042098999
937.0 95.24359703063965
938.0 96.03140950202942
939.0 96.42701148986816
940.0 96.71462774276733
941.0 96.92593216896057
942.0 97.12277054786682
943.0 97.18900918960571
944.0 97.47883081436157
945.0 97.43359684944153
946.0 97.53478765487671
947.0 97.4744200706482
948.0 97.64885902404785
949.0 97.53434658050537
950.0 97.66510128974915
951.0 97.6756751537323
952.0 97.74029850959778
953.0 97.93866872787476
954.0 98.02195429801941
955.0 98.1147289276123
956.0 98.35218787193298
957.0 98.49373698234558
958.0 98.65462183952332
959.0 98.71028661727905
960.0 98.8254189491272
961.0 98.85464310646057
962.0 98.9029586315155
963.0 98.93313646316528
964.0 98.95482063293457
965.0 99.0030586719513
966.0 99.04733896255493
967.0 99.13471341133118
968.0 99.10821318626404
969.0 99.07262325286865
970.0 99.13777709007263
971.0 99.13749694824219
972.0 99.26431775093079
973.0 99.31763410568237
974.0 99.33472871780396
975.0 99.3291974067688
976.0 99.33497905731201
977.0 99.35359358787537
978.0 99.3788480758667
979.0 99.31298494338989
980.0 99.29441809654236
981.0 99.2060899734497
982.0 99.14101362228394
983.0 99.17307496070862
984.0 99.10479187965393
985.0 99.1295874118805
986.0 99.01361465454102
987.0 99.05576705932617
988.0 98.96964430809021
989.0 98.96782636642456
990.0 98.956960439682
991.0 98.98936748504639
992.0 99.06246662139893
993.0 99.01164174079895
994.0 98.97041320800781
995.0 99.00206327438354
996.0 99.03662204742432
997.0 99.12906885147095
998.0 99.16033744812012
999.0 99.2107093334198
1000.0 99.27171468734741
1001.0 99.19230341911316
1002.0 99.29742217063904
1003.0 99.32365417480469
1004.0 99.37987327575684
1005.0 99.29596185684204
1006.0 99.44126605987549
1007.0 99.40245747566223
1008.0 99.37792420387268
1009.0 99.339759349823
1010.0 99.38063025474548
1011.0 99.34516549110413
1012.0 99.24490451812744
1013.0 99.27780032157898
1014.0 99.2535650730133
1015.0 99.20286536216736
1016.0 99.19411540031433
1017.0 99.23854470252991
1018.0 99.24732446670532
1019.0 99.1854727268219
1020.0 99.24779534339905
1021.0 99.3962824344635
1022.0 99.28982257843018
1023.0 99.34053421020508
1024.0 99.28802251815796
1025.0 99.27626848220825
1026.0 99.37507510185242
1027.0 99.47495460510254
1028.0 99.3677020072937
1029.0 99.50453042984009
1030.0 99.5137870311737
1031.0 99.45718050003052
1032.0 99.48776960372925
1033.0 99.49308037757874
1034.0 99.49271082878113
1035.0 99.54918622970581
1036.0 99.43910837173462
1037.0 99.53641295433044
1038.0 99.44915175437927
1039.0 99.35699701309204
1040.0 99.3323802947998
1041.0 99.35332536697388
1042.0 99.32592511177063
1043.0 99.30734634399414
1044.0 99.32992458343506
1045.0 99.09164905548096
1046.0 99.2422342300415
1047.0 99.19630885124207
1048.0 99.18723702430725
1049.0 99.1664469242096
1050.0 99.16806221008301
1051.0 99.19041991233826
1052.0 99.14560317993164
1053.0 99.00802373886108
1054.0 99.28088188171387
1055.0 99.329274892807
1056.0 99.16917681694031
1057.0 99.30135011672974
1058.0 99.14582371711731
1059.0 99.1932213306427
1060.0 99.29781556129456
1061.0 99.15511012077332
1062.0 99.20524954795837
1063.0 99.21153783798218
1064.0 99.27658438682556
1065.0 99.23866987228394
1066.0 99.13007020950317
1067.0 99.26778078079224
1068.0 99.25736784934998
1069.0 99.07195568084717
1070.0 99.44696426391602
1071.0 99.28345680236816
1072.0 99.23927187919617
1073.0 99.27835464477539
1074.0 98.99978041648865
1075.0 99.03479218482971
1076.0 98.79902601242065
1077.0 99.21663999557495
1078.0 99.4150161743164
1079.0 99.01028871536255
1080.0 99.65275526046753
1081.0 99.02064204216003
1082.0 98.96160960197449
1083.0 98.73266816139221
1084.0 99.21927452087402
1085.0 99.10338521003723
1086.0 99.01288151741028
1087.0 99.12545084953308
1088.0 98.76128435134888
1089.0 98.78520369529724
1090.0 98.88087511062622
1091.0 98.99448156356812
1092.0 99.06542301177979
1093.0 98.81443381309509
1094.0 98.41795563697815
1095.0 98.58276844024658
1096.0 98.81312847137451
1097.0 98.51441383361816
1098.0 98.0248749256134
1099.0 98.75059723854065
1100.0 98.17227721214294
