lsstCam/transmission_filter_detector/r11_s20/y_10/19700101T000000.ecsv
# %ECSV 1.0
# ---
# datatype:
# - {name: wavelength, unit: nm, datatype: float32}
# - {name: efficiency, unit: '%', datatype: float64}
# meta: !!omap
# - {MODE: DETECTOR}
# - {TYPE: transmission_filter_detector}
# - {CALIBDATE: '1970-01-01T00:00:00'}
# - {INSTRUME: LSSTCam}
# - {OBSTYPE: transmission_filter_detector}
# - {CALIBCLS: lsst.ip.isr.IntermediateFilterDetectorTransmissionCurve}
# - {SOURCE: Materion (DM-46256)}
# - {DETECTOR: 42}
# - {FILTER: y_10}
# - {CALIB_ID: 'calibDate=1970-01-01T00:00:00 filter=y_10 detector=42'}
# - {DATE: '2025-04-02T15:59:50.936669'}
# - {CALIB_CREATION_DATE: '2025-04-02'}
# - {CALIB_CREATION_TIME: '15:59:50'}
# - __serialized_columns__:
#     efficiency:
#       __class__: astropy.units.quantity.Quantity
#       unit: !astropy.units.Unit {unit: '%'}
#       value: !astropy.table.SerializedColumn {name: efficiency}
#     wavelength:
#       __class__: astropy.units.quantity.Quantity
#       unit: !astropy.units.Unit {unit: nm}
#       value: !astropy.table.SerializedColumn {name: wavelength}
# schema: astropy-2.0
wavelength efficiency
300.0 0.5377585534006357
301.0 0.2879813779145479
302.0 0.038204158772714436
303.0 0.03470578230917454
304.0 0.031207408756017685
305.0 0.021340376406442374
306.0 0.011473338236100972
307.0 0.018832819478120655
308.0 0.026192297809757292
309.0 0.018091969832312316
310.0 0.009991640399675816
311.0 0.008075637015281245
312.0 0.00615963144809939
313.0 0.007405424548778683
314.0 0.008651216194266453
315.0 0.007564114639535546
316.0 0.006477015995187685
317.0 0.006283474067458883
318.0 0.006089929593144916
319.0 0.003071043101954274
320.0 5.215562168814358e-05
321.0 0.0024879440388758667
322.0 0.0049237329221796244
323.0 0.0033996515412582085
324.0 0.0018755708879325539
325.0 0.0005041940312366933
326.0 1.597903558601954e-10
327.0 0.00027110131668450776
328.0 0.0014093858226260636
329.0 0.0029099723178660497
330.0 0.004410558904055506
331.0 0.004117974458495155
332.0 0.003825390012934804
333.0 0.0028456381187424995
334.0 0.0018658858607523143
335.0 0.00211081587622175
336.0 0.0023557462554890662
337.0 0.0028945230951649137
338.0 0.0034332995710428804
339.0 0.001828753920563031
340.0 0.00022420827008318156
341.0 1.597903558601954e-10
342.0 1.597903558601954e-10
343.0 0.0002952659997390583
344.0 0.0012493902431742754
345.0 0.0014381282198883127
346.0 0.0016268668332486413
347.0 0.0016298949049087241
348.0 0.0016329227946698666
349.0 0.0013124527868058067
350.0 0.0009919825970428064
351.0 0.0012793008863809519
352.0 0.0015666188119212165
353.0 0.0013101282092975453
354.0 0.0010536376976233441
355.0 0.0010979751095874235
356.0 0.0011423125215515029
357.0 0.0009411062819708604
358.0 0.0007398999059660127
359.0 0.000815908788354136
360.0 0.0008919178071664646
361.0 0.0012331016478128731
362.0 0.0015742853065603413
363.0 0.0011757136235246435
364.0 0.0007771414857415948
365.0 0.0011319493751216214
366.0 0.0014867579011479393
367.0 0.00194246276805643
368.0 0.0023981676349649206
369.0 0.002123895137629006
370.0 0.0018496230040909722
371.0 0.0017965994629776105
372.0 0.001743575558066368
373.0 0.0020965549992979504
374.0 0.0024495344405295327
375.0 0.0033525328035466373
376.0 0.004255531530361623
377.0 0.004140536839258857
378.0 0.004025542148156092
379.0 0.0035951023164670914
380.0 0.0031646621209802106
381.0 0.0021695370378438383
382.0 0.0011744115909095854
383.0 0.001119138232752448
384.0 0.0010638644198479597
385.0 0.0008135114512697328
386.0 0.0005631584372167708
387.0 0.0006666477474936983
388.0 0.0007701371032453608
389.0 0.0007089574410201749
390.0 0.0006477779606939293
391.0 0.0005468774816108635
392.0 0.0004459770480025327
393.0 0.0005834081548528047
394.0 0.0007208394436020171
395.0 0.0006858039796497906
396.0 0.0006507685611722991
397.0 0.000801850274001481
398.0 0.0009529319868306629
399.0 0.0012134250027884264
400.0 0.00147391810969566
401.0 0.0016089259588625282
402.0 0.0017439337170799263
403.0 0.001819787394197192
404.0 0.0018956412532133982
405.0 0.0017761036360752769
406.0 0.001656566200836096
407.0 0.0013789109289064072
408.0 0.001101255929825129
409.0 0.0008657270882395096
410.0 0.0006301982011791551
411.0 0.0002551564648456406
412.0 1.597903558601954e-10
413.0 0.0003667526470962912
414.0 0.0008533903383067809
415.0 0.0015318468285840936
416.0 0.0022103033188614063
417.0 0.001011101539916126
418.0 1.597903558601954e-10
419.0 1.597903558601954e-10
420.0 1.597903558601954e-10
421.0 1.597903558601954e-10
422.0 0.0004854794497077819
423.0 0.00030740782221982954
424.0 0.0001293359900955693
425.0 3.8068006347202754e-05
426.0 1.597903558601954e-10
427.0 0.0003119566372333793
428.0 0.0006771134394512046
429.0 0.00022936387722438667
430.0 1.597903558601954e-10
431.0 0.00044809285100200213
432.0 0.001114571568905376
433.0 0.0007327962521230802
434.0 0.000351021458300238
435.0 0.00010039335620604106
436.0 1.597903558601954e-10
437.0 1.597903558601954e-10
438.0 9.362552759739629e-05
439.0 1.597903558601954e-10
440.0 1.597903558601954e-10
441.0 1.597903558601954e-10
442.0 1.597903558601954e-10
443.0 1.597903558601954e-10
444.0 1.597903558601954e-10
445.0 0.00024623877834528685
446.0 0.0005494332071975805
447.0 0.0007259941412485205
448.0 0.0009025548934005201
449.0 0.0008652769793116022
450.0 0.0008279987923742738
451.0 0.0004243922376190312
452.0 2.0785653020993777e-05
453.0 1.597903558601954e-10
454.0 1.597903558601954e-10
455.0 1.597903558601954e-10
456.0 1.597903558601954e-10
457.0 1.597903558601954e-10
458.0 1.597903558601954e-10
459.0 9.715163287182804e-05
460.0 0.0002503355062799528
461.0 0.0003964239567721961
462.0 0.0005425124527391745
463.0 0.0004900817202724284
464.0 0.0004376510332804173
465.0 0.0005117067303217482
466.0 0.0005857626092620194
467.0 0.0010566753189777955
468.0 0.0015275878467946313
469.0 0.0016955562387011014
470.0 0.0018635242668096907
471.0 0.0018086562704411335
472.0 0.0017537879102746956
473.0 0.002335534372832626
474.0 0.0029172808353905566
475.0 0.0027331561796017922
476.0 0.0025490317057119682
477.0 0.0032051000744104385
478.0 0.003861168443108909
479.0 0.004255617750459351
480.0 0.004650067421607673
481.0 0.004698570410255343
482.0 0.004747073035105132
483.0 0.00421793811256066
484.0 0.0036888024624204263
485.0 0.003848699270747602
486.0 0.004008595715276897
487.0 0.003544411447364837
488.0 0.0030802264518570155
489.0 0.0024862494683475234
490.0 0.0018922726667369716
491.0 0.0016457392121083103
492.0 0.0013992056665301789
493.0 0.0010561084309301805
494.0 0.0007130116955522681
495.0 0.0009616578608984128
496.0 0.0012103041626687627
497.0 0.0018188295143772848
498.0 0.002427354957035277
499.0 0.002516726453904994
500.0 0.0026060979507747106
501.0 0.0026507143047638237
502.0 0.002695330658752937
503.0 0.0027527305064722896
504.0 0.0028101299903937615
505.0 0.00317816375172697
506.0 0.0035461980587569997
507.0 0.0026286936190444976
508.0 0.0017111886336351745
509.0 0.0018785463907988742
510.0 0.002045903784164693
511.0 0.002217955443484243
512.0 0.0023900069209048524
513.0 0.001964067996595986
514.0 0.0015381294360850006
515.0 0.001423377852916019
516.0 0.0013086261787975673
517.0 0.0014253945664677303
518.0 0.0015421626812894829
519.0 0.0015527160940109752
520.0 0.0015632691429345869
521.0 0.0017144175217254087
522.0 0.0018655657186172903
523.0 0.0017407788618584163
524.0 0.0016159920050995424
525.0 0.002169029539800249
526.0 0.0027220676201977767
527.0 0.0025252666091546416
528.0 0.0023284659619093873
529.0 0.0024925879188231193
530.0 0.0026567095119389705
531.0 0.0025817262212513015
532.0 0.0025067425667657517
533.0 0.002604202563816216
534.0 0.002701662015169859
535.0 0.0023538412278867327
536.0 0.002006020258704666
537.0 0.002372098606429063
538.0 0.002738176772254519
539.0 0.003396634929231368
540.0 0.004055093086208217
541.0 0.004144979175180197
542.0 0.004234865264152177
543.0 0.004407318192534149
544.0 0.004579771120916121
545.0 0.004901644206256606
546.0 0.005223517291597091
547.0 0.004258294575265609
548.0 0.0032930711313383654
549.0 0.0029978858947288245
550.0 0.0027027001124224626
551.0 0.002679922545212321
552.0 0.0026571446142042987
553.0 0.0030553070246241987
554.0 0.0034534688893472776
555.0 0.003756856676773168
556.0 0.004060244827996939
557.0 0.003457264756434597
558.0 0.0028542850486701354
559.0 0.0029684737455681898
560.0 0.003082662442466244
561.0 0.003273372203693725
562.0 0.0034640816011233255
563.0 0.0033961918234126642
564.0 0.0033283024094998837
565.0 0.003887571074301377
566.0 0.004446840102900751
567.0 0.00443854987679515
568.0 0.004430259286891669
569.0 0.005096422319184057
570.0 0.005762585351476446
571.0 0.005711556877940893
572.0 0.00566052804060746
573.0 0.0061805316363461316
574.0 0.006700536323478445
575.0 0.00661971207591705
576.0 0.006538887100759894
577.0 0.005760955173172988
578.0 0.004983023609383963
579.0 0.005814146788907237
580.0 0.006645270332228392
581.0 0.0073323812102898955
582.0 0.008019491360755637
583.0 0.00879219442140311
584.0 0.009564895299263299
585.0 0.009794838115340099
586.0 0.010024782386608422
587.0 0.010062207729788497
588.0 0.010099628707394004
589.0 0.010356718121329322
590.0 0.010613809718051925
591.0 0.009935816342476755
592.0 0.009257822239305824
593.0 0.007533422467531636
594.0 0.005809025606140494
595.0 0.005763251465396024
596.0 0.005717477324651554
597.0 0.0061671446019317955
598.0 0.006616811151616275
599.0 0.007572885806439444
600.0 0.00852895900607109
601.0 0.009142675116891041
602.0 0.009756388317327946
603.0 0.010683427535695955
604.0 0.011610468209255487
605.0 0.0115303359052632
606.0 0.011450205056462437
607.0 0.009897596464725211
608.0 0.008344989328179508
609.0 0.006548451347043738
610.0 0.004751914457301609
611.0 0.003932930849259719
612.0 0.00311394760501571
613.0 0.0037000016163801774
614.0 0.004286055627744645
615.0 0.005064931610831991
616.0 0.005843808685312979
617.0 0.007070661376928911
618.0 0.008297513704746962
619.0 0.009438036067876965
620.0 0.010578558431006968
621.0 0.011552224168553948
622.0 0.012525888450909406
623.0 0.012363813584670424
624.0 0.012201735080452636
625.0 0.010630921315168962
626.0 0.009060106094693765
627.0 0.007183327397797257
628.0 0.005306546518113464
629.0 0.004319760046200827
630.0 0.00333297393808607
631.0 0.002871533069992438
632.0 0.002410092383797746
633.0 0.0025217037546099164
634.0 0.0026333151254220866
635.0 0.0028731436032103375
636.0 0.0031129715353017673
637.0 0.0038567810406675562
638.0 0.004600590546033345
639.0 0.0046766799641773105
640.0 0.004752769018523395
641.0 0.0051812483434332535
642.0 0.005609727304545231
643.0 0.005613021130557172
644.0 0.005616314956569113
645.0 0.005191035234020092
646.0 0.00476575514767319
647.0 0.0037820667785126716
648.0 0.0027983787731500342
649.0 0.002051177216344513
650.0 0.0013039754776400514
651.0 0.0014783619917579927
652.0 0.001652749051572755
653.0 0.0016285594028886408
654.0 0.0016043695723055862
655.0 0.0016269583284156397
656.0 0.0016495472664246336
657.0 0.0015229431483021472
658.0 0.001396339121129131
659.0 0.0016904254152905196
660.0 0.0019845114366034977
661.0 0.0017589851267985068
662.0 0.0015334586350945756
663.0 0.002204165321018081
664.0 0.002874872552638408
665.0 0.0035039414797211066
666.0 0.004133010588702746
667.0 0.004764899495057762
668.0 0.0053967873100191355
669.0 0.005609877916867845
670.0 0.005822965249535628
671.0 0.006398397090379149
672.0 0.0069738292950205505
673.0 0.00774786967667751
674.0 0.00852191005833447
675.0 0.007825748616596684
676.0 0.007129590812837705
677.0 0.00575784215470776
678.0 0.004386093860375695
679.0 0.00288615956378635
680.0 0.0013862259947927669
681.0 0.0005822382718179142
682.0 1.597903558601954e-10
683.0 0.0002096349589919555
684.0 0.0006410195965145249
685.0 0.0003035820782315568
686.0 1.597903558601954e-10
687.0 0.00011162993587277015
688.0 0.00025711535727168666
689.0 0.0002830212224580464
690.0 0.0003089271103817737
691.0 0.00045971387407917064
692.0 0.0006105005923018325
693.0 0.0005121571120980661
694.0 0.00041381358641956467
695.0 0.0004379892743600067
696.0 0.00046216500777518377
697.0 0.0005085580141894752
698.0 0.0005549509751290316
699.0 0.0004737173185276333
700.0 0.00039248343455255963
701.0 0.00028077620299882255
702.0 0.00016906905102587189
703.0 0.00022572855868929764
704.0 0.00028238807772140717
705.0 0.00039282340367208235
706.0 0.0005032585249864496
707.0 0.00017769285705071525
708.0 1.597903558601954e-10
709.0 1.597903558601954e-10
710.0 9.988648344005924e-05
711.0 0.0003679102746900753
712.0 0.0006359340659400914
713.0 0.0004229864316585008
714.0 0.00021003877463954268
715.0 0.0003608873385019251
716.0 0.0005117359251016751
717.0 0.00029640798402397195
718.0 8.108016231744841e-05
719.0 0.00032754571748228045
720.0 0.0005740111646446167
721.0 0.0004515783530223416
722.0 0.00032914558687480167
723.0 0.00034912541195808444
724.0 0.00036910519156663213
725.0 0.00048526421778660733
726.0 0.0006014233804307878
727.0 0.00025818308131420054
728.0 1.597903558601954e-10
729.0 0.0002184614686484565
730.0 0.0005219799732003594
731.0 0.0006650929663010174
732.0 0.0008082060958258808
733.0 0.00031674219371780055
734.0 1.597903558601954e-10
735.0 1.597903558601954e-10
736.0 1.597903558601954e-10
737.0 0.0004589149739331333
738.0 0.0010743150596681517
739.0 0.0007321299563045613
740.0 0.0003899444891430903
741.0 0.00023059310478856787
742.0 7.124170906536165e-05
743.0 1.597903558601954e-10
744.0 1.597903558601954e-10
745.0 0.0002837479314621305
746.0 0.0007758279934932943
747.0 0.00036888548038405133
748.0 1.597903558601954e-10
749.0 1.597903558601954e-10
750.0 1.597903558601954e-10
751.0 1.597903558601954e-10
752.0 9.880343441182049e-05
753.0 0.00029424168133118656
754.0 0.0004896799055131851
755.0 1.597903558601954e-10
756.0 1.597903558601954e-10
757.0 1.597903558601954e-10
758.0 1.597903558601954e-10
759.0 1.306271002476933e-05
760.0 0.0005434963895822875
761.0 0.00023404684270644793
762.0 1.597903558601954e-10
763.0 1.597903558601954e-10
764.0 1.597903558601954e-10
765.0 0.00010659724694050965
766.0 0.00045409838094201405
767.0 2.879631608720956e-05
768.0 1.597903558601954e-10
769.0 1.597903558601954e-10
770.0 1.597903558601954e-10
771.0 1.597903558601954e-10
772.0 1.597903558601954e-10
773.0 0.00018917899069492705
774.0 0.0006434824172174558
775.0 0.0003663105644591269
776.0 8.913864917303727e-05
777.0 0.00028789074804080883
778.0 0.00048664278438081965
779.0 0.0005538147888728417
780.0 0.0006209867478901288
781.0 0.0005658442205458414
782.0 0.0005107016477268189
783.0 0.0003812639079114888
784.0 0.0002518261453587911
785.0 0.00013366812936510541
786.0 1.550976662656467e-05
787.0 0.0005261148089630296
788.0 0.001036719731928315
789.0 0.0008732225069252308
790.0 0.000709725463821087
791.0 0.0005061887350166216
792.0 0.0003026517788384808
793.0 0.00049164973461302
794.0 0.0006806473720644135
795.0 0.0007255059244926088
796.0 0.0007703643859713338
797.0 0.0004207706297165714
798.0 7.117689619917655e-05
799.0 0.0006128253062342992
800.0 0.0011544738299562596
801.0 0.000618949798081303
802.0 8.342577189068834e-05
803.0 0.00025587698928575264
804.0 0.00042832816689042374
805.0 0.0006423480499506695
806.0 0.0008563679330109153
807.0 0.0005325040547177196
808.0 0.000208640267373994
809.0 0.00012673339142565965
810.0 4.482650410864153e-05
811.0 0.0002854534614016302
812.0 0.0005260802936390974
813.0 0.0008117777724692132
814.0 0.001097475251299329
815.0 0.0010178732736676466
816.0 0.000938270750339143
817.0 0.0009540268365526572
818.0 0.0009697829227661714
819.0 0.000981348057393916
820.0 0.0009929131920216605
821.0 0.0008691165021446068
822.0 0.0007453197213180829
823.0 0.0007123911018425133
824.0 0.0006794627552153543
825.0 0.0006756751190550858
826.0 0.0006718876193190226
827.0 0.0006699743153149029
828.0 0.0006680611022602534
829.0 0.0003733315907084034
830.0 7.860212463128846e-05
831.0 7.887439323894796e-05
832.0 7.914686648291536e-05
833.0 0.0002868462843252928
834.0 0.000494545565743465
835.0 7.243638151521736e-05
836.0 1.597903558601954e-10
837.0 1.597903558601954e-10
838.0 8.550230177206686e-05
839.0 0.00038127564039314166
840.0 0.000677049001751584
841.0 0.0009550925824441947
842.0 0.0012331360267126001
843.0 0.0009984385542338714
844.0 0.000763740717957262
845.0 0.0006498490620288067
846.0 0.0005359573151508812
847.0 0.0008746783350943588
848.0 0.0012133993550378364
849.0 0.0010778002433653455
850.0 0.0009422008588444442
851.0 0.0010665346053428948
852.0 0.0011908683518413454
853.0 0.0004390727099234937
854.0 1.597903558601954e-10
855.0 1.597903558601954e-10
856.0 1.597903558601954e-10
857.0 0.00025367241960339015
858.0 0.0012829747902287636
859.0 0.0012081125532859005
860.0 0.0011332499525451567
861.0 0.0013590495655080304
862.0 0.001584849633218255
863.0 0.0017718457456794567
864.0 0.0019588416762417182
865.0 0.0019112680092803203
866.0 0.0018636945242178626
867.0 0.002692155248951167
868.0 0.0035206161555834115
869.0 0.0031141211366048083
870.0 0.0027076262995251454
871.0 0.003205188477295451
872.0 0.0037027508369646966
873.0 0.002742262222454883
874.0 0.0017817739717429504
875.0 0.002425915954518132
876.0 0.0030700575734954327
