ts8/qe_curve/rtm-020_s10/19700101T000000.ecsv
# %ECSV 0.9
# ---
# datatype:
# - {name: amp_name, datatype: string}
# - {name: wavelength, unit: nm, datatype: float32}
# - {name: efficiency, unit: '%', datatype: float32}
# meta: !!omap
# - {MODE: AMP}
# - {TYPE: QE}
# - {CALIBDATE: '1970-01-01T00:00:00'}
# - {INSTRUME: TS8}
# - {OBSTYPE: qe_curve}
# - {DETECTOR: 147}
# - {PICKLEFILE: RaftRun10669.p}
# - {CALIB_ID: 'raftName=RTM-020 detectorName=S10 detector=147 calibDate=1970-01-01T00:00:00 ccd=147 ccdnum=147 filter=None'}
# - {DATE: '2020-01-03T17:48:35.738990'}
# - {CALIB_CREATION_DATE: '2020-01-03'}
# - {CALIB_CREATION_TIME: '17:48:35'}
# - __serialized_columns__:
#     efficiency:
#       __class__: astropy.units.quantity.Quantity
#       unit: !astropy.units.Unit {unit: '%'}
#       value: !astropy.table.SerializedColumn {name: efficiency}
#     wavelength:
#       __class__: astropy.units.quantity.Quantity
#       unit: !astropy.units.Unit {unit: nm}
#       value: !astropy.table.SerializedColumn {name: wavelength}
# schema: astropy-2.0
amp_name wavelength efficiency
C15 349.982 73.17146
C15 450.035 86.99409
C15 500.018 91.50234
C15 619.997 96.859764
C15 750.022 95.92883
C15 869.967 88.78035
C15 999.976 26.226973
C14 349.982 73.790924
C14 450.035 87.35961
C14 500.018 91.858444
C14 619.997 97.173836
C14 750.022 96.15891
C14 869.967 88.96427
C14 999.976 26.260117
C04 349.982 72.201225
C04 450.035 87.25258
C04 500.018 91.96412
C04 619.997 97.36262
C04 750.022 96.223755
C04 869.967 89.04149
C04 999.976 26.321823
C13 349.982 74.70495
C13 450.035 88.14087
C13 500.018 92.640915
C13 619.997 97.98071
C13 750.022 96.8893
C13 869.967 89.58254
C13 999.976 26.41219
C06 349.982 73.65023
C06 450.035 88.30544
C06 500.018 93.01981
C06 619.997 98.41389
C06 750.022 97.061165
C06 869.967 89.76365
C06 999.976 26.704817
C07 349.982 73.65413
C07 450.035 87.95727
C07 500.018 92.625084
C07 619.997 97.95964
C07 750.022 96.5091
C07 869.967 89.27313
C07 999.976 26.59706
C16 349.982 72.56571
C16 450.035 86.65166
C16 500.018 91.18033
C16 619.997 96.57176
C16 750.022 95.64721
C16 869.967 88.48614
C16 999.976 26.134739
C10 349.982 75.81663
C10 450.035 88.56436
C10 500.018 93.03716
C10 619.997 98.281746
C10 750.022 96.871765
C10 869.967 89.37187
C10 999.976 26.801323
C17 349.982 72.96578
C17 450.035 87.385605
C17 500.018 91.962746
C17 619.997 97.40384
C17 750.022 96.30563
C17 869.967 88.93615
C17 999.976 26.326813
C01 349.982 71.19634
C01 450.035 87.180626
C01 500.018 92.00043
C01 619.997 97.5415
C01 750.022 96.535095
C01 869.967 89.381454
C01 999.976 26.37701
C02 349.982 71.332985
C02 450.035 86.8678
C02 500.018 91.62748
C02 619.997 97.07824
C02 750.022 96.07174
C02 869.967 88.95427
C02 999.976 26.275427
C12 349.982 74.87662
C12 450.035 88.103035
C12 500.018 92.58803
C12 619.997 97.891396
C12 750.022 96.6896
C12 869.967 89.29199
C12 999.976 26.325005
C05 349.982 72.96943
C05 450.035 87.79407
C05 500.018 92.504326
C05 619.997 97.906166
C05 750.022 96.66866
C05 869.967 89.41469
C05 999.976 26.379227
C03 349.982 71.35297
C03 450.035 86.577896
C03 500.018 91.29187
C03 619.997 96.682175
C03 750.022 95.621574
C03 869.967 88.500694
C03 999.976 26.125406
C11 349.982 74.81069
C11 450.035 87.68222
C11 500.018 92.1222
C11 619.997 97.35716
C11 750.022 96.066986
C11 869.967 88.647835
C11 999.976 26.338835
C00 349.982 70.903534
C00 450.035 87.18459
C00 500.018 92.0329
C00 619.997 97.61352
C00 750.022 96.46718
C00 869.967 89.209785
C00 999.976 26.366741
