lsstCam/transmission_filter_detector/r22_s22/y_10/19700101T000000.ecsv
# %ECSV 1.0
# ---
# datatype:
# - {name: wavelength, unit: nm, datatype: float32}
# - {name: efficiency, unit: '%', datatype: float64}
# meta: !!omap
# - {MODE: DETECTOR}
# - {TYPE: transmission_filter_detector}
# - {CALIBDATE: '1970-01-01T00:00:00'}
# - {INSTRUME: LSSTCam}
# - {OBSTYPE: transmission_filter_detector}
# - {CALIBCLS: lsst.ip.isr.IntermediateFilterDetectorTransmissionCurve}
# - {SOURCE: Materion (DM-46256)}
# - {DETECTOR: 98}
# - {FILTER: y_10}
# - {CALIB_ID: 'calibDate=1970-01-01T00:00:00 filter=y_10 detector=98'}
# - {DATE: '2025-04-02T15:59:51.197354'}
# - {CALIB_CREATION_DATE: '2025-04-02'}
# - {CALIB_CREATION_TIME: '15:59:51'}
# - __serialized_columns__:
#     efficiency:
#       __class__: astropy.units.quantity.Quantity
#       unit: !astropy.units.Unit {unit: '%'}
#       value: !astropy.table.SerializedColumn {name: efficiency}
#     wavelength:
#       __class__: astropy.units.quantity.Quantity
#       unit: !astropy.units.Unit {unit: nm}
#       value: !astropy.table.SerializedColumn {name: wavelength}
# schema: astropy-2.0
wavelength efficiency
300.0 0.12105677742511034
301.0 0.0692347006406635
302.0 0.017412616580259055
303.0 0.01645827724132687
304.0 0.015503939357586205
305.0 0.01253602240467444
306.0 0.00956810254137963
307.0 0.010400722385384142
308.0 0.011233340774197131
309.0 0.009797170787351206
310.0 0.008361001528101042
311.0 0.007753982936264947
312.0 0.007146964344428852
313.0 0.003913100954378024
314.0 0.0006792377007514006
315.0 0.002476312693033833
316.0 0.0042733881855383515
317.0 0.002875657446566038
318.0 0.0014779257071495522
319.0 0.001413535574101843
320.0 0.0013491453501046635
321.0 0.0018868473489419557
322.0 0.002424549347779248
323.0 0.0038378530007321388
324.0 0.0052511561079882085
325.0 0.0024858401957317255
326.0 1.575696496024237e-10
327.0 0.0010921771718130913
328.0 0.00246383006015094
329.0 0.0028326199753792025
330.0 0.0032014097087085247
331.0 0.002590832991700154
332.0 0.0019802566384896636
333.0 0.0028152962840977125
334.0 0.0036503359297057614
335.0 0.003979967004852369
336.0 0.004309596988605335
337.0 0.0033193471608683467
338.0 0.0023290971512324177
339.0 0.00165578858286608
340.0 0.0009824798326008022
341.0 0.0008191176675609313
342.0 0.0006557551387231797
343.0 0.0011352402907505166
344.0 0.0016147256246767938
345.0 0.001666288881096989
346.0 0.0017178523194161244
347.0 0.0015769899619044736
348.0 0.0014361273315444123
349.0 0.0014297934285423253
350.0 0.001423459343641298
351.0 0.0017875385310617276
352.0 0.002151617627532687
353.0 0.0019676561350934207
354.0 0.0017836948245530948
355.0 0.0018365706637268886
356.0 0.0018894465029006824
357.0 0.0017159074559458531
358.0 0.001542368408991024
359.0 0.0012631126992346253
360.0 0.0009838568075792864
361.0 0.0010456177733431105
362.0 0.0011073786481574643
363.0 0.0010778217074403074
364.0 0.00104826458482421
365.0 0.0014941870176699013
366.0 0.001940109723364003
367.0 0.0019480803530314006
368.0 0.001956050800799858
369.0 0.0015569930837955326
370.0 0.0011579354577406775
371.0 0.0013516613762476481
372.0 0.0015453872038051486
373.0 0.0019461673218756914
374.0 0.002346947258047294
375.0 0.0031751696951687336
376.0 0.004003391950391233
377.0 0.004042734872200526
378.0 0.0040820781578077
379.0 0.0034870128729380667
380.0 0.002891947588068433
381.0 0.002192402826040052
382.0 0.0014928577911632601
383.0 0.001264476031792583
384.0 0.0010360939995734952
385.0 0.0008173550668288954
386.0 0.0005986161795590306
387.0 0.0006371012659656117
388.0 0.0006755863978469279
389.0 0.0006030059466866078
390.0 0.0005304253591020824
391.0 0.0005009309006709373
392.0 0.0004714364422397921
393.0 0.0006280493835220113
394.0 0.0007846623702789657
395.0 0.0007321573775698198
396.0 0.0006796523848606739
397.0 0.0007810574970790185
398.0 0.0008824626092973631
399.0 0.0011071434528275859
400.0 0.0013318242963578086
401.0 0.0014561860552930739
402.0 0.0015805479051778093
403.0 0.0017074829884222709
404.0 0.0018344182535656728
405.0 0.0018705235561355948
406.0 0.001906628858705517
407.0 0.001639734000491444
408.0 0.0013728391422773711
409.0 0.0011588141205720603
410.0 0.000944788826018339
411.0 0.000998699943011161
412.0 0.0010526109690545127
413.0 0.0005321623120835284
414.0 1.1713626690834644e-05
415.0 0.0006355330697260797
416.0 0.0012593524843396153
417.0 0.0005516267719940515
418.0 1.575696496024237e-10
419.0 0.0003139983846267569
420.0 0.0007840957550797611
421.0 0.0006404854048014386
422.0 0.0004968754637957318
423.0 0.0007469576758012408
424.0 0.0009970400242309552
425.0 1.575696496024237e-10
426.0 1.575696496024237e-10
427.0 1.575696496024237e-10
428.0 0.0003838263637589989
429.0 1.575696496024237e-10
430.0 1.575696496024237e-10
431.0 0.0001170862560684327
432.0 0.000760969032853609
433.0 0.00034418701488903025
434.0 1.575696496024237e-10
435.0 0.00017688583966446458
436.0 0.00042636679609131534
437.0 0.00030273617994680535
438.0 0.000179105632014398
439.0 1.575696496024237e-10
440.0 1.575696496024237e-10
441.0 1.575696496024237e-10
442.0 1.575696496024237e-10
443.0 1.575696496024237e-10
444.0 1.575696496024237e-10
445.0 1.575696496024237e-10
446.0 1.575696496024237e-10
447.0 0.00014572831332770875
448.0 0.00042158840187767055
449.0 0.0002667029093572637
450.0 0.00011181732588738669
451.0 1.575696496024237e-10
452.0 1.575696496024237e-10
453.0 7.674415769542975e-06
454.0 0.00012753646387864137
455.0 0.00026964135031448677
456.0 0.0004117459866392892
457.0 0.00010625527693264303
458.0 1.575696496024237e-10
459.0 1.575696496024237e-10
460.0 1.575696496024237e-10
461.0 0.00022366916709870566
462.0 0.0006817084340582369
463.0 0.0007381145223916974
464.0 0.0007945204743009526
465.0 0.0008164660357579123
466.0 0.0008384115062654018
467.0 0.0011431895472924225
468.0 0.0014479673154710326
469.0 0.0017072083210223354
470.0 0.001966449235624168
471.0 0.002329597555217333
472.0 0.002692745692911558
473.0 0.0026805788365891203
474.0 0.002668411616468802
475.0 0.002715665686991997
476.0 0.0027629195756162517
477.0 0.00305831381410826
478.0 0.0033537085982970893
479.0 0.0034373220842098817
480.0 0.003520935570122674
481.0 0.0038011647120583802
482.0 0.004081393853994086
483.0 0.0040084436477627605
484.0 0.003935493077733554
485.0 0.0036655193980550393
486.0 0.0033955457183765247
487.0 0.00308004928228911
488.0 0.002764553028100636
489.0 0.0025295808882219717
490.0 0.002294608384545427
491.0 0.0018820594050339423
492.0 0.0014695103345729876
493.0 0.001524530762253562
494.0 0.0015795512808836065
495.0 0.0016784584659035318
496.0 0.0017773654690245166
497.0 0.0018635661035659723
498.0 0.0019497665562084876
499.0 0.002159063114959281
500.0 0.0023683596737100743
501.0 0.0027519896320882253
502.0 0.003135619408567436
503.0 0.002809701800288167
504.0 0.0024837841920088977
505.0 0.0024630295229144394
506.0 0.0024422750357189216
507.0 0.0021760655727121048
508.0 0.0019098559278063476
509.0 0.0019480581613606773
510.0 0.0019862600311171263
511.0 0.0020155099264229648
512.0 0.0020447598217288032
513.0 0.0019800396330538206
514.0 0.0019153192624798976
515.0 0.0016236195733654313
516.0 0.0013319197933014948
517.0 0.0012940018677909393
518.0 0.0012560842151287943
519.0 0.001342662926617777
520.0 0.0014292417290562298
521.0 0.0015010504284873605
522.0 0.001572859036969021
523.0 0.001810534013202414
524.0 0.002048208625637926
525.0 0.0021274694518069737
526.0 0.002206730641773902
527.0 0.0022911490304977633
528.0 0.0023755677830195054
529.0 0.002374976065766532
530.0 0.0023743843485135585
531.0 0.0021843943613930605
532.0 0.0019944043742725626
533.0 0.001974530277948361
534.0 0.0019546561816241592
535.0 0.0017062193364836276
536.0 0.0014577822184946854
537.0 0.0019375893316464499
538.0 0.002417396353848744
539.0 0.002980671706609428
540.0 0.003543947241269052
541.0 0.003849494896712713
542.0 0.004155042552156374
543.0 0.004608128438121639
544.0 0.005061213960289024
545.0 0.004759187504532747
546.0 0.00445716104877647
547.0 0.0038571470213355497
548.0 0.003257132993894629
549.0 0.002631204370118212
550.0 0.002005275382543914
551.0 0.002384194522164762
552.0 0.0027631138436845504
553.0 0.0031605519325239584
554.0 0.003557989839464426
555.0 0.0038989412132650614
556.0 0.004239892223267816
557.0 0.004302101660869084
558.0 0.004364311098470353
559.0 0.003947014920413494
560.0 0.0035297187423566356
561.0 0.003516986544127576
562.0 0.003504253618302755
563.0 0.00350496411556378
564.0 0.003505674976622686
565.0 0.003941659451811574
566.0 0.004377644290798344
567.0 0.004599918247549795
568.0 0.0048221922043012455
569.0 0.0055972592235775664
570.0 0.006372325879056007
571.0 0.006346512964228168
572.0 0.00632070004940033
573.0 0.006332843622658402
574.0 0.006344987195916474
575.0 0.006059908264433034
576.0 0.005774829696747474
577.0 0.005600614531431347
578.0 0.005426399729913101
579.0 0.005795545803266577
580.0 0.006164691876620054
581.0 0.00726835205568932
582.0 0.008372011507162824
583.0 0.00947621520026587
584.0 0.010580419620964676
585.0 0.010807935177581385
586.0 0.011035452916985378
587.0 0.010818921873578802
588.0 0.010602392285363749
589.0 0.010121890954906121
590.0 0.009641389624448493
591.0 0.008936564699979499
592.0 0.008231739047914743
593.0 0.006992893759161234
594.0 0.005754048470407724
595.0 0.005593662353930995
596.0 0.005433276601252146
597.0 0.006099343954701908
598.0 0.0067654116719495505
599.0 0.007942316005937755
600.0 0.009119219612330198
601.0 0.010242154530715197
602.0 0.011365087993908674
603.0 0.01128415678977035
604.0 0.01120322776841931
605.0 0.01079346111509949
606.0 0.010383693006588146
607.0 0.008845057163853198
608.0 0.0073064213211182505
609.0 0.005817832789034583
610.0 0.004329244984546676
611.0 0.003678900975501165
612.0 0.0030285575121524744
613.0 0.00343148858519271
614.0 0.003834419112536125
615.0 0.004861250999965705
616.0 0.005888082159799524
617.0 0.007690072379773483
618.0 0.009492060780758038
619.0 0.010548258433118463
620.0 0.011604456085478887
621.0 0.011666875070659444
622.0 0.011729294783435762
623.0 0.011389773862902075
624.0 0.011050252214772627
625.0 0.009617695468477905
626.0 0.008185137994587421
627.0 0.00671453308314085
628.0 0.0052439296268858016
629.0 0.0043281026592012495
630.0 0.0034122753277188167
631.0 0.0028889833629364148
632.0 0.002365691398154013
633.0 0.0026292465918231755
634.0 0.002892801603593398
635.0 0.0032353022106690332
636.0 0.0035778026358457282
637.0 0.004094832911505364
638.0 0.00461186355096288
639.0 0.004983799226465635
640.0 0.005355734538170509
641.0 0.00537371015525423
642.0 0.005391685772337951
643.0 0.005243653504294343
644.0 0.005095621236250736
645.0 0.004561168680083938
646.0 0.00402671612391714
647.0 0.003305051359347999
648.0 0.002583386594778858
649.0 0.002135428621841129
650.0 0.0016874710127012804
651.0 0.0017203343304572627
652.0 0.0017531972844153643
653.0 0.0016918229448492639
654.0 0.0016304486052831635
655.0 0.0016332163795595989
656.0 0.0016359839719370939
657.0 0.0014834521607554052
658.0 0.0013309201676747762
659.0 0.0016167090507224202
660.0 0.001902497751871124
661.0 0.001836425144574605
662.0 0.0017703529010759667
663.0 0.0019714276277227327
664.0 0.002172502536268439
665.0 0.0028415712222340517
666.0 0.003510639726300724
667.0 0.004546011405182071
668.0 0.005581383084063418
669.0 0.00636149343336001
670.0 0.007141603418858722
671.0 0.00750319377402775
672.0 0.007864787039579824
673.0 0.007708200428169221
674.0 0.007551615271950141
675.0 0.007150145393097773
676.0 0.006748674786649644
677.0 0.005310040796757676
678.0 0.0038714038964826614
679.0 0.002609019611554686
680.0 0.0013466341442835983
681.0 0.0009465306902711745
682.0 0.000546427327208221
683.0 0.0005133581453264924
684.0 0.0004802890089194989
685.0 0.00035216226024203934
686.0 0.00022403537514037453
687.0 0.0002486789526301436
688.0 0.00027332250738254515
689.0 0.00021233431652945
690.0 0.00015134612567635486
691.0 6.437122124225425e-05
692.0 1.575696496024237e-10
693.0 7.216187896119663e-05
694.0 0.00016692738427082077
695.0 0.00025778854251257144
696.0 0.00034864967801695457
697.0 0.00036857882150798105
698.0 0.00038850794226164
699.0 0.00029063319288979983
700.0 0.0001927585117300623
701.0 0.00016908184079511557
702.0 0.00014540516986016883
703.0 0.00013734974118051468
704.0 0.00012929433523822809
705.0 0.00021652094801538624
706.0 0.00030374744710570667
707.0 0.00022657520730717806
708.0 0.00014940295613996568
709.0 0.000338399854626914
710.0 0.0005273968326946488
711.0 0.0005120233709021704
712.0 0.0004966499545844272
713.0 0.00020899708488286706
714.0 1.575696496024237e-10
715.0 6.292730176937766e-05
716.0 0.0002045103883574484
717.0 5.628498911391944e-05
718.0 1.575696496024237e-10
719.0 0.0002928871026597335
720.0 0.0006777146154490765
721.0 0.000718708406566293
722.0 0.0007597022431582445
723.0 0.000626040855422616
724.0 0.0004923794676869875
725.0 8.925072165766323e-05
726.0 1.575696496024237e-10
727.0 6.96511619935336e-05
728.0 0.00045318033699004445
729.0 0.0004599975909513887
730.0 0.0004668150722864084
731.0 0.0004175537469564006
732.0 0.0003682927626869059
733.0 0.00034604715892783133
734.0 0.0003238017825424322
735.0 0.0002187808604503516
736.0 0.00011376009751984384
737.0 0.00011576697716009221
738.0 0.00011777401596191339
739.0 0.00027451762889540987
740.0 0.0004312611054047011
741.0 0.0004965066182194278
742.0 0.0005617522219836246
743.0 0.00033110093227151083
744.0 0.00010044967666544835
745.0 0.00030891196729498915
746.0 0.0005173743375053164
747.0 0.00041414364204683807
748.0 0.0003109128556388896
749.0 7.711029752499599e-05
750.0 1.575696496024237e-10
751.0 0.0002442991899442859
752.0 0.0006452905381593155
753.0 0.0006007087904436048
754.0 0.0005561269063036889
755.0 0.0002617386371639441
756.0 1.575696496024237e-10
757.0 4.784579914485221e-05
758.0 0.0001283412530028727
759.0 0.0003756953447009437
760.0 0.0006230495273484848
761.0 0.0005398137545853388
762.0 0.00045657807277166285
763.0 0.00044573725972441025
764.0 0.00043489649215189274
765.0 0.0005749554929934675
766.0 0.0007150145847845124
767.0 0.0004721778623206774
768.0 0.00022934129901841516
769.0 0.0003026958211194142
770.0 0.0003760501840588404
771.0 0.0003545232857504743
772.0 0.000332996251017903
773.0 0.0005075690296507673
774.0 0.0006821417173341615
775.0 0.000608758728048997
776.0 0.0005353756932890974
777.0 0.000450297102361219
778.0 0.0003652186478575459
779.0 0.0006339231276797364
780.0 0.0009026276529766619
781.0 0.0008105452252493706
782.0 0.0007184626610978739
783.0 0.0007452305908373091
784.0 0.0007719984751020093
785.0 0.0008045982212934177
786.0 0.0008371979674848262
787.0 0.0005410335688793566
788.0 0.0002448690793244168
789.0 0.00024337271042895736
790.0 0.00024187627332139527
791.0 0.0006308370302576805
792.0 0.001019797673507128
793.0 0.0008460990102321375
794.0 0.000672400301482412
795.0 0.0007101531991793308
796.0 0.0007479060514015146
797.0 0.0006381563707691384
798.0 0.0005284068265609676
799.0 0.0002807473492794088
800.0 3.308794873646548e-05
801.0 0.0001668676191002305
802.0 0.0003006472979905084
803.0 0.00043010882109228987
804.0 0.0005595704806182766
805.0 0.0008241064278990962
806.0 0.0010886421478062402
807.0 0.0008956501915236004
808.0 0.0007026580988167552
809.0 0.0006626913545915158
810.0 0.0006227245194168063
811.0 0.0008158784112310968
812.0 0.001009032075671712
813.0 0.0009799950021260884
814.0 0.0009509581104794051
815.0 0.0008545739547116682
816.0 0.0007581898898934014
817.0 0.0009243423846783116
818.0 0.0010904948794632219
819.0 0.0010829261555045377
820.0 0.0010753572496469133
821.0 0.0008318097570736427
822.0 0.000588262219025637
823.0 0.0004881120275967987
824.0 0.0003879618816426955
825.0 0.0004909257768304087
826.0 0.0005938896720181219
827.0 0.0008286291631520726
828.0 0.0010633686542860232
829.0 0.0006263395334826782
830.0 0.00018931044678538456
831.0 0.00027905825845664367
832.0 0.0003688063543449971
833.0 0.0005917726866755402
834.0 0.0008147389962687157
835.0 0.0005822698767588008
836.0 0.0003498005298752105
837.0 0.00028007345918013016
838.0 0.00021034636574768228
839.0 0.00028031072361045517
840.0 0.00035027512694796314
841.0 0.0007561564416391775
842.0 0.0011620378245424945
843.0 0.0009620141099730972
844.0 0.0007619902589794947
845.0 0.0009766506991581991
846.0 0.0011913112757611088
847.0 0.001217780118167866
848.0 0.0012442489605746232
849.0 0.0009291124115407001
850.0 0.0006139754987088963
851.0 0.001004494697554037
852.0 0.0013950137145002373
853.0 0.001074326519301394
854.0 0.000753639460526756
855.0 0.0006844820745754987
856.0 0.0006153247795737116
857.0 0.0007505635039706249
858.0 0.0008858022738422733
859.0 0.0007531004939664854
860.0 0.0006203986686159624
861.0 0.0011900645404239185
862.0 0.0017597303667571396
863.0 0.001756213532644324
864.0 0.0017526963347336277
865.0 0.001972717836906668
866.0 0.002192739339079708
867.0 0.002600254265416879
868.0 0.00300776882795617
869.0 0.0030755909392610192
870.0 0.0031434130505658686
871.0 0.0032519285014132038
872.0 0.0033604432246647775
873.0 0.0028734139050357044
874.0 0.002386384403507691
875.0 0.002150736327166669
876.0 0.0019150882508256473
