lsstCam/transmission_filter_detector/r22_s22/y_10/19700101T000000.ecsv
# %ECSV 1.0
# ---
# datatype:
# - {name: wavelength, unit: nm, datatype: float32}
# - {name: efficiency, unit: '%', datatype: float64}
# meta: !!omap
# - {MODE: DETECTOR}
# - {TYPE: transmission_filter_detector}
# - {CALIBDATE: '1970-01-01T00:00:00'}
# - {INSTRUME: LSSTCam}
# - {OBSTYPE: transmission_filter_detector}
# - {CALIBCLS: lsst.ip.isr.IntermediateFilterDetectorTransmissionCurve}
# - {SOURCE: Materion (DM-46256)}
# - {DETECTOR: 98}
# - {FILTER: y_10}
# - {CALIB_ID: 'calibDate=1970-01-01T00:00:00 filter=y_10 detector=98'}
# - {DATE: '2025-04-02T15:59:51.197354'}
# - {CALIB_CREATION_DATE: '2025-04-02'}
# - {CALIB_CREATION_TIME: '15:59:51'}
# - __serialized_columns__:
#     efficiency:
#       __class__: astropy.units.quantity.Quantity
#       unit: !astropy.units.Unit {unit: '%'}
#       value: !astropy.table.SerializedColumn {name: efficiency}
#     wavelength:
#       __class__: astropy.units.quantity.Quantity
#       unit: !astropy.units.Unit {unit: nm}
#       value: !astropy.table.SerializedColumn {name: wavelength}
# schema: astropy-2.0
wavelength efficiency
[from data line 578]
878.0 0.0019326356778037734
879.0 0.001897021138574928
880.0 0.030852443887852132
881.0 0.10641228873282671
882.0 0.03479474980849773
883.0 0.1017856178805232
884.0 0.052653090097010136
885.0 0.10689233895391226
886.0 0.04380049940664321
887.0 0.10876759188249707
888.0 0.05187379429116845
889.0 0.11824693065136671
890.0 0.05031732143834233
891.0 0.09735604980960488
892.0 0.04496384353842586
893.0 0.10287663899362087
894.0 0.05991472280584276
895.0 0.10848408564925194
896.0 0.05779593484476209
897.0 0.12331573525443673
898.0 0.06708957371301949
899.0 0.14108791947364807
900.0 0.09704807889647782
901.0 0.15522383619099855
902.0 0.1838421798311174
903.0 0.20626066252589226
904.0 0.23927194997668266
905.0 0.32098626252263784
906.0 0.3920720424503088
907.0 0.5134754814207554
908.0 0.6902953609824181
909.0 0.9444693103432655
910.0 1.3821139931678772
911.0 1.9609834998846054
912.0 2.8694799169898033
913.0 4.18703630566597
914.0 5.679916962981224
915.0 7.82073438167572
916.0 10.290566086769104
917.0 12.913176417350769
918.0 15.804781019687653
919.0 18.531762063503265
920.0 22.222205996513367
921.0 26.190516352653503
922.0 30.19096553325653
923.0 34.93725061416626
924.0 40.070840716362
925.0 45.64778804779053
926.0 52.23081707954407
927.0 59.17103886604309
928.0 65.10570645332336
929.0 71.36878371238708
930.0 76.71754956245422
931.0 81.905996799469
932.0 86.47829294204712
933.0 90.21271467208862
934.0 92.83049702644348
935.0 94.60115432739258
936.0 95.87821960449219
937.0 96.75015211105347
938.0 97.28707075119019
939.0 97.54465818405151
940.0 97.7256715297699
941.0 97.83419370651245
942.0 98.01212549209595
943.0 98.0328619480133
944.0 98.2323169708252
945.0 98.13230037689209
946.0 98.22503924369812
947.0 98.14910888671875
948.0 98.29733967781067
949.0 98.22079539299011
950.0 98.40050935745239
951.0 98.45762252807617
952.0 98.45519661903381
953.0 98.67357611656189
954.0 98.77182841300964
955.0 98.79077076911926
956.0 98.97043704986572
957.0 99.06713366508484
958.0 99.20994639396667
959.0 99.19366836547852
960.0 99.29614663124084
961.0 99.33308362960815
962.0 99.36535358428955
963.0 99.4013786315918
964.0 99.41308498382568
965.0 99.42378997802734
966.0 99.52590465545654
967.0 99.59067106246948
968.0 99.55275654792786
969.0 99.5599627494812
970.0 99.60446953773499
971.0 99.62419867515564
972.0 99.68705773353577
973.0 99.77242946624756
974.0 99.74061250686646
975.0 99.68986511230469
976.0 99.75786805152893
977.0 99.70146417617798
978.0 99.77060556411743
979.0 99.66541528701782
980.0 99.63625073432922
981.0 99.53901171684265
982.0 99.49636459350586
983.0 99.49674010276794
984.0 99.45722222328186
985.0 99.50603246688843
986.0 99.38386678695679
987.0 99.46532249450684
988.0 99.37799572944641
989.0 99.3927001953125
990.0 99.3762195110321
991.0 99.43761229515076
992.0 99.52229261398315
993.0 99.44900274276733
994.0 99.44501519203186
995.0 99.51061606407166
996.0 99.47508573532104
997.0 99.6023416519165
998.0 99.66802597045898
999.0 99.65507984161377
1000.0 99.67620372772217
1001.0 99.63682889938354
1002.0 99.75935816764832
1003.0 99.75963234901428
1004.0 99.78548288345337
1005.0 99.70129728317261
1006.0 99.82292652130127
1007.0 99.79925751686096
1008.0 99.77826476097107
1009.0 99.72842931747437
1010.0 99.75495338439941
1011.0 99.73121881484985
1012.0 99.68602657318115
1013.0 99.66884255409241
1014.0 99.64847564697266
1015.0 99.63772296905518
1016.0 99.61104393005371
1017.0 99.68290328979492
1018.0 99.72842335700989
1019.0 99.64590072631836
1020.0 99.74452257156372
1021.0 99.88880157470703
1022.0 99.73839521408081
1023.0 99.74042177200317
1024.0 99.76986646652222
1025.0 99.75465536117554
1026.0 99.87013936042786
1027.0 99.91744756698608
1028.0 99.86035227775574
1029.0 99.93322491645813
1030.0 100.0082015991211
1031.0 99.9108374118805
1032.0 99.96870756149292
1033.0 99.88317489624023
1034.0 99.919593334198
1035.0 99.98064041137695
1036.0 99.89624619483948
1037.0 99.88378286361694
1038.0 99.88284707069397
1039.0 99.7246265411377
1040.0 99.72251057624817
1041.0 99.80213046073914
1042.0 99.77689981460571
1043.0 99.73256587982178
1044.0 99.79059100151062
1045.0 99.56278204917908
1046.0 99.73957538604736
1047.0 99.73283410072327
1048.0 99.73090291023254
1049.0 99.67709183692932
1050.0 99.67479109764099
1051.0 99.6604859828949
1052.0 99.55556988716125
1053.0 99.4888961315155
1054.0 99.73356127738953
1055.0 99.84734654426575
1056.0 99.69080686569214
1057.0 99.75702166557312
1058.0 99.53904747962952
1059.0 99.60339069366455
1060.0 99.69806671142578
1061.0 99.54648017883301
1062.0 99.60508942604065
1063.0 99.55846667289734
1064.0 99.68133568763733
1065.0 99.62737560272217
1066.0 99.6361494064331
1067.0 99.77835416793823
1068.0 99.67236518859863
1069.0 99.48258399963379
1070.0 99.80220198631287
1071.0 99.64563250541687
1072.0 99.78841543197632
1073.0 99.80435967445374
1074.0 99.3854284286499
1075.0 99.44156408309937
1076.0 99.26971197128296
1077.0 99.5466947555542
1078.0 99.64439868927002
1079.0 99.5577871799469
1080.0 100.13846158981323
1081.0 99.38432574272156
1082.0 99.46846961975098
1083.0 99.32008981704712
1084.0 99.71796870231628
1085.0 99.61789846420288
1086.0 99.44161176681519
1087.0 99.43858981132507
1088.0 99.17392134666443
1089.0 99.05173778533936
1090.0 99.25932288169861
1091.0 99.31987524032593
1092.0 99.04335737228394
1093.0 99.11072254180908
1094.0 99.06153678894043
1095.0 98.91653060913086
1096.0 98.94092679023743
1097.0 98.86256456375122
1098.0 98.10910224914551
1099.0 99.14401173591614
1100.0 98.57668280601501
