lsstCam/transmission_filter_detector/r32_s11/r_57/19700101T000000.ecsv
# %ECSV 1.0
# ---
# datatype:
# - {name: wavelength, unit: nm, datatype: float32}
# - {name: efficiency, unit: '%', datatype: float64}
# meta: !!omap
# - {MODE: DETECTOR}
# - {TYPE: transmission_filter_detector}
# - {CALIBDATE: '1970-01-01T00:00:00'}
# - {INSTRUME: LSSTCam}
# - {OBSTYPE: transmission_filter_detector}
# - {CALIBCLS: lsst.ip.isr.IntermediateFilterDetectorTransmissionCurve}
# - {SOURCE: Materion (DM-46256)}
# - {DETECTOR: 139}
# - {FILTER: r_57}
# - {CALIB_ID: 'calibDate=1970-01-01T00:00:00 filter=r_57 detector=139'}
# - {DATE: '2025-04-02T15:59:44.827020'}
# - {CALIB_CREATION_DATE: '2025-04-02'}
# - {CALIB_CREATION_TIME: '15:59:44'}
# - __serialized_columns__:
#     efficiency:
#       __class__: astropy.units.quantity.Quantity
#       unit: !astropy.units.Unit {unit: '%'}
#       value: !astropy.table.SerializedColumn {name: efficiency}
#     wavelength:
#       __class__: astropy.units.quantity.Quantity
#       unit: !astropy.units.Unit {unit: nm}
#       value: !astropy.table.SerializedColumn {name: wavelength}
# schema: astropy-2.0
wavelength efficiency
[from data line 602]
902.0 1.2568006013680133e-05
903.0 3.9441763988179446e-05
904.0 5.285671704768902e-05
905.0 6.627166158068576e-05
906.0 0.0001208755065817968
907.0 0.00017547937432027538
908.0 0.00021375763026298955
909.0 0.00025203587483701995
910.0 0.00011041634024877567
911.0 1.5748279416638589e-10
912.0 8.803136211099627e-05
913.0 0.00020726595266751247
914.0 0.00017091994095608243
915.0 0.00013457391787596862
916.0 0.00011209876902285032
917.0 8.962359743236448e-05
918.0 0.0001361924205411924
919.0 0.00018276124365002033
920.0 0.00014942760344638373
921.0 0.00011609396324274712
922.0 0.00013555901432482642
923.0 0.00015502406540690572
924.0 0.00013998062513564946
925.0 0.00012493717349570943
926.0 0.00014750302170796203
927.0 0.00017006885855153087
928.0 0.00015086627627169946
929.0 0.00013166365988581674
930.0 0.00013996618690725882
931.0 0.00014826867982264957
932.0 0.00010906578609137796
933.0 6.986287530708069e-05
934.0 1.5748279416638589e-10
935.0 1.5748279416638589e-10
936.0 1.5748279416638589e-10
937.0 1.4737670994691143e-05
938.0 1.5748279416638589e-10
939.0 1.5748279416638589e-10
940.0 5.003383307666809e-05
941.0 0.00012971928526894771
942.0 0.0003091642838626285
943.0 0.0004886092938249931
944.0 0.00042238457353960257
945.0 0.0003561598759915796
946.0 0.00048264869292324875
947.0 0.0006091376235417556
948.0 0.0004414281193021452
949.0 0.0002737187742241076
950.0 0.0003493281155897421
951.0 0.0004249375251674792
952.0 0.0006119447789387777
953.0 0.0007989521691342816
954.0 0.0008995048119686544
955.0 0.001000057818600908
956.0 0.001136435821535997
957.0 0.001272813733521616
958.0 0.0015142943084356375
959.0 0.001755774974299129
960.0 0.0019373950635781512
961.0 0.0021190147890592925
962.0 0.002217125984316226
963.0 0.002315236815775279
964.0 0.0023897213395684958
965.0 0.0024642058633617125
966.0 0.0024744724214542657
967.0 0.002484738979546819
968.0 0.0024681436116225086
969.0 0.0024515482436981983
970.0 0.0024893312001950108
971.0 0.002527114156691823
972.0 0.002614620461827144
973.0 0.0027021271307603456
974.0 0.002874956226150971
975.0 0.003047785685339477
976.0 0.0030162587790982798
977.0 0.0029847322366549633
978.0 0.003021803240699228
979.0 0.003058874426642433
980.0 0.0030532381060766056
981.0 0.003047602149308659
982.0 0.003049069164262619
983.0 0.003050535815418698
984.0 0.002925547778431792
985.0 0.0028005595595459454
986.0 0.002690651672310196
987.0 0.0025807439669733867
988.0 0.002538571243348997
989.0 0.0024963990654214285
990.0 0.0025189106963807717
991.0 0.002541422509239055
992.0 0.0025297209504060447
993.0 0.002518019209674094
994.0 0.002547461372159887
995.0 0.002576903898443561
996.0 0.0026031770175904967
997.0 0.0026294501367374323
998.0 0.0027962634703726508
999.0 0.002963076804007869
1000.0 0.0030717194022145122
1001.0 0.003180361818522215
1002.0 0.003395352541701868
1003.0 0.003610343628679402
1004.0 0.0036681845813291147
1005.0 0.0037260251701809466
1006.0 0.003882292367052287
1007.0 0.004038559927721508
1008.0 0.004083648309460841
1009.0 0.004128736691200174
1010.0 0.004077431367477402
1011.0 0.004026126771350391
1012.0 0.003964815186918713
1013.0 0.003903503602487035
1014.0 0.0037695266655646265
1015.0 0.003635549728642218
1016.0 0.003270796878496185
1017.0 0.0029060433007543907
1018.0 0.002709759064600803
1019.0 0.0025134748284472153
1020.0 0.0022954922314966097
1021.0 0.002077509452647064
1022.0 0.0018093609469360672
1023.0 0.0015412126231240109
1024.0 0.0014168754205456935
1025.0 0.0012925383089168463
1026.0 0.0011520300176925957
1027.0 0.0010115219993167557
1028.0 0.0009755536666489206
1029.0 0.0009395854249305557
1030.0 0.0009136852895608172
1031.0 0.0008877852451405488
1032.0 0.0008434385563305113
1033.0 0.0007990916856215335
1034.0 0.0007674291737203021
1035.0 0.0007357665708696004
1036.0 0.0006472912900790107
1037.0 0.0005588160092884209
1038.0 0.00069282395998016
1039.0 0.0008268317287729587
1040.0 0.0007189508778537856
1041.0 0.0006110698905104073
1042.0 0.0006330501946649747
1043.0 0.0006550305442942772
1044.0 0.0007559940058854409
1045.0 0.0008569574674766045
1046.0 0.000793412073107902
1047.0 0.0007298667242139345
1048.0 0.0006436892817873741
1049.0 0.000557512021259754
1050.0 0.0007304900464077946
1051.0 0.0009034680260811001
1052.0 0.000920322236197535
1053.0 0.0009371761734655593
1054.0 0.0009596014933777042
1055.0 0.000982026722340379
1056.0 0.0009408573532709852
1057.0 0.0008996879842015915
1058.0 0.0009754156963026617
1059.0 0.0010511433174542617
1060.0 0.001031333886203356
1061.0 0.00101152418210404
1062.0 0.0010949983334285207
1063.0 0.0011784723938035313
1064.0 0.0013427717931335792
1065.0 0.001507071101514157
1066.0 0.0018416747479932383
1067.0 0.0021762782125733793
1068.0 0.0021231873688520864
1069.0 0.0020700961613329127
1070.0 0.0021351705072447658
1071.0 0.0022002448531566188
1072.0 0.002184215009037871
1073.0 0.002168185164919123
1074.0 0.0022105989046394825
1075.0 0.0022530124624609016
1076.0 0.0024308363208547235
1077.0 0.0026086598154506646
1078.0 0.0029599241315736435
1079.0 0.003311188265797682
1080.0 0.003726602517417632
1081.0 0.004142016405239701
1082.0 0.004078596975887194
1083.0 0.004015177546534687
1084.0 0.004099486613995396
1085.0 0.004183795317658223
1086.0 0.00431032276537735
1087.0 0.004436849849298596
1088.0 0.004105984771740623
1089.0 0.0037751196941826493
1090.0 0.0031043509807204828
1091.0 0.0024335824491572566
1092.0 0.0030441084163612686
1093.0 0.0036546342016663402
1094.0 0.003393246151972562
1095.0 0.003131858102278784
1096.0 0.0030407760277739726
1097.0 0.002949694317067042
1098.0 0.002745248275459744
1099.0 0.0025408024157513864
1100.0 0.0023831256839912385
1101.0 0.00222544877033215
