lsstCam/transmission_filter_detector/r32_s11/r_57/19700101T000000.ecsv
# %ECSV 1.0
# ---
# datatype:
# - {name: wavelength, unit: nm, datatype: float32}
# - {name: efficiency, unit: '%', datatype: float64}
# meta: !!omap
# - {MODE: DETECTOR}
# - {TYPE: transmission_filter_detector}
# - {CALIBDATE: '1970-01-01T00:00:00'}
# - {INSTRUME: LSSTCam}
# - {OBSTYPE: transmission_filter_detector}
# - {CALIBCLS: lsst.ip.isr.IntermediateFilterDetectorTransmissionCurve}
# - {SOURCE: Materion (DM-46256)}
# - {DETECTOR: 139}
# - {FILTER: r_57}
# - {CALIB_ID: 'calibDate=1970-01-01T00:00:00 filter=r_57 detector=139'}
# - {DATE: '2025-04-02T15:59:44.827020'}
# - {CALIB_CREATION_DATE: '2025-04-02'}
# - {CALIB_CREATION_TIME: '15:59:44'}
# - __serialized_columns__:
#     efficiency:
#       __class__: astropy.units.quantity.Quantity
#       unit: !astropy.units.Unit {unit: '%'}
#       value: !astropy.table.SerializedColumn {name: efficiency}
#     wavelength:
#       __class__: astropy.units.quantity.Quantity
#       unit: !astropy.units.Unit {unit: nm}
#       value: !astropy.table.SerializedColumn {name: wavelength}
# schema: astropy-2.0
wavelength efficiency
300.0 0.0017678896256256849
301.0 0.004897450708085671
302.0 0.008027012518141419
303.0 0.009993233106797561
304.0 0.011959452967857942
305.0 0.010762198508018628
306.0 0.009564945503370836
307.0 0.008275370055343956
308.0 0.006985793879721314
309.0 0.006323427805909887
310.0 0.005661062095896341
311.0 0.005144926035427488
312.0 0.004628791066352278
313.0 0.004039860868942924
314.0 0.003450930307735689
315.0 0.003344495053170249
316.0 0.003238059434806928
317.0 0.003188555274391547
318.0 0.003139049658784643
319.0 0.002973003029183019
320.0 0.0028069556719856337
321.0 0.002760387724265456
322.0 0.0027138201403431594
323.0 0.002537493855925277
324.0 0.0023611681172042154
325.0 0.0021922091036685742
326.0 0.0020232499082339928
327.0 0.001979349326575175
328.0 0.0019354485630174167
329.0 0.0020210389266139828
330.0 0.002106629472109489
331.0 0.0020657766071963124
332.0 0.0020249237422831357
333.0 0.0017841715816757642
334.0 0.0015434194210683927
335.0 0.0014255976566346362
336.0 0.0013077758922008798
337.0 0.001138117386290105
338.0 0.0009684588803793304
339.0 0.0009204441994370427
340.0 0.0008724293365958147
341.0 0.000806115258455975
342.0 0.0007398011803161353
343.0 0.0007623415058333194
344.0 0.0007848820132494438
345.0 0.000763307252782397
346.0 0.0007417327651637606
347.0 0.0007293037469935371
348.0 0.0007168747288233135
349.0 0.0007193796136562014
350.0 0.002296707680216059
351.0 0.004727044506580569
352.0 0.007157380605349317
353.0 0.006167886022012681
354.0 0.0051783925300696865
355.0 0.004383668783702888
356.0 0.0035889450373360887
357.0 0.003977661253884435
358.0 0.0043663789256243035
359.0 0.004086471017217264
360.0 0.0038065631088102236
361.0 0.0029001970688113943
362.0 0.0019938313926104456
363.0 0.0024232555006165057
364.0 0.0028526797905215062
365.0 0.0022649379388894886
366.0 0.0016771959053585306
367.0 0.0021360636310419068
368.0 0.0025949311748263426
369.0 0.0035233930248068646
370.0 0.004451853965292685
371.0 0.004197400267003104
372.0 0.003942946204915643
373.0 0.0034739459806587547
374.0 0.0030049455745029263
375.0 0.002049629620159976
376.0 0.0010943137567664962
377.0 0.0021754995032097213
378.0 0.003256685522501357
379.0 0.0024912131266319193
380.0 0.001725740912661422
381.0 0.0019522956790751778
382.0 0.0021788504454889335
383.0 0.002937852877948899
384.0 0.003696855128509924
385.0 0.004427050953381695
386.0 0.005157247505849227
387.0 0.004711771907750517
388.0 0.004266296309651807
389.0 0.00322393279930111
390.0 0.002181568561354652
391.0 0.0018195474694948643
392.0 0.0014575267414329574
393.0 0.0015184346011665184
394.0 0.0015793428246979602
395.0 0.0011375723261153325
396.0 0.0006958018275327049
397.0 0.0007209046998468693
398.0 0.000746007708585239
399.0 0.0008317177162098233
400.0 0.000917427951208083
401.0 0.0008800239811534993
402.0 0.0008426198291999754
403.0 0.0009110220162256155
404.0 0.000979424385150196
405.0 0.0011199019354535267
406.0 0.0012603794857568573
407.0 0.001177449303213507
408.0 0.0010945190297206864
409.0 0.0010625237337080762
410.0 0.0010305286195944063
411.0 0.0011293880561424885
412.0 0.0012282475836400408
413.0 0.0016617112123640254
414.0 0.0020951751139364205
415.0 0.002039224091276992
416.0 0.0019832734324154444
417.0 0.0014904337149346247
418.0 0.000997593997453805
419.0 0.0016518932170583867
420.0 0.0023061924366629682
421.0 0.003775266304728575
422.0 0.005244340354693122
423.0 0.008279074245365337
424.0 0.01131380777223967
425.0 0.014927478332538158
426.0 0.018541149620432407
427.0 0.018887392070610076
428.0 0.01923363597597927
429.0 0.015398967661894858
430.0 0.011564298620214686
431.0 0.007897214527474716
432.0 0.004230130434734747
433.0 0.0034178010537289083
434.0 0.002605471308925189
435.0 0.0021600057152681984
436.0 0.0017145401216112077
437.0 0.0011517439816088881
438.0 0.0005889479780307738
439.0 0.0007250989256135654
440.0 0.0008612497367721517
441.0 0.0010347341230954044
442.0 0.0012082186913175974
443.0 0.0015470643120352179
444.0 0.0018859098418033682
445.0 0.0016733480151742697
446.0 0.0014607864613935817
447.0 0.0014327942153613549
448.0 0.0014048018783796579
449.0 0.0013409524399321526
450.0 0.0012771029105351772
451.0 0.0012959750165464357
452.0 0.0013148469406587537
453.0 0.0014322815331979655
454.0 0.0015497156709898263
455.0 0.0012852611689595506
456.0 0.0010208066669292748
457.0 0.0008924198482418433
458.0 0.0007640330295544118
459.0 0.0008826707926345989
460.0 0.001001308555714786
461.0 0.0015393639841931872
462.0 0.0020774195945705287
463.0 0.002874285382858943
464.0 0.003671151353046298
465.0 0.00453990614914801
466.0 0.00540866021765396
467.0 0.0059443038480822
468.0 0.006479947478510439
469.0 0.0056429933465551585
470.0 0.004806039214599878
471.0 0.003573114372557029
472.0 0.0023401889848173596
473.0 0.00167873458849499
474.0 0.0010172801012231503
475.0 0.0008069911018537823
476.0 0.0005967020570096793
477.0 0.0006715119980071904
478.0 0.0007463219390047016
479.0 0.0006693843261018628
480.0 0.0005924468041484943
481.0 0.0004901804913970409
482.0 0.0003879142241203226
483.0 0.0004853664449910866
484.0 0.0005828188022860559
485.0 0.0006465741080319276
486.0 0.0007103295047272695
487.0 0.0005335757577995537
488.0 0.00035682196539710276
489.0 0.0006228661732166074
490.0 0.0008889103810361121
491.0 0.0008116461685858667
492.0 0.0007343820016103564
493.0 0.000820095283415867
494.0 0.0009058085197466426
495.0 0.0009753181075211614
496.0 0.00104482751339674
497.0 0.0010233989996777382
498.0 0.0010019705769082066
499.0 0.0010386848771304358
500.0 0.0010753994502010755
501.0 0.0012435703865776304
502.0 0.0014117410501057748
503.0 0.001724879621178843
504.0 0.002038018101302441
505.0 0.0023901335225673392
506.0 0.0027422489438322373
507.0 0.0035124150599585846
508.0 0.004282580994185992
509.0 0.004712866575573571
510.0 0.005143152520759031
511.0 0.00470683844469022
512.0 0.004270524368621409
513.0 0.0036184792406857014
514.0 0.0029664344765478745
515.0 0.002748223050730303
516.0 0.0025300116249127313
517.0 0.002549339296820108
518.0 0.0025686666049296036
519.0 0.001242746293428354
520.0 0.07747997296974063
521.0 0.13363657053560019
522.0 0.11030308669432998
523.0 0.10075258323922753
524.0 0.08243411430157721
525.0 0.10586163261905313
526.0 0.07395993452519178
527.0 0.06532425177283585
528.0 0.22362438030540943
529.0 0.12815367663279176
530.0 0.21999701857566833
531.0 0.15742358518764377
532.0 0.2629856579005718
533.0 0.2834482351318002
534.0 0.3554008202627301
535.0 0.40860665030777454
536.0 0.40702554397284985
537.0 0.6659296341240406
538.0 1.0764868929982185
539.0 1.5861548483371735
540.0 2.6865938678383827
541.0 4.025331512093544
542.0 5.917085334658623
543.0 8.688659220933914
544.0 11.887109279632568
545.0 15.498261153697968
546.0 19.923880696296692
547.0 25.41947066783905
548.0 32.38584101200104
549.0 40.29035568237305
550.0 47.21556305885315
551.0 55.36286234855652
552.0 61.31938099861145
553.0 67.03935265541077
554.0 71.76199555397034
555.0 75.95771551132202
556.0 79.93052005767822
557.0 83.20091962814331
558.0 86.72590255737305
559.0 90.30193090438843
560.0 91.22904539108276
561.0 93.53576302528381
562.0 94.42006349563599
563.0 94.34926509857178
564.0 95.18861770629883
565.0 94.79042291641235
566.0 95.45620083808899
567.0 94.60523724555969
568.0 95.18630504608154
569.0 95.69165706634521
570.0 95.23930549621582
571.0 96.01015448570251
572.0 96.18194103240967
573.0 96.02793455123901
574.0 96.30030989646912
575.0 96.26850485801697
576.0 96.98482155799866
577.0 96.6423511505127
578.0 96.75717949867249
579.0 96.3607907295227
580.0 95.95739245414734
581.0 95.8480715751648
582.0 96.29679322242737
583.0 96.21051549911499
584.0 95.81578969955444
585.0 95.85931301116943
586.0 95.90111374855042
587.0 95.63222527503967
588.0 95.81290483474731
589.0 96.65695428848267
590.0 96.08756303787231
591.0 95.49372792243958
592.0 95.66529393196106
593.0 95.28228044509888
594.0 95.38396000862122
595.0 96.03445529937744
596.0 96.23754024505615
597.0 96.56574130058289
598.0 96.10118865966797
599.0 96.17107510566711
600.0 95.7378089427948
601.0 95.50575017929077
602.0 95.96094489097595
603.0 95.6691026687622
604.0 95.99888920783997
605.0 96.38306498527527
606.0 95.87541222572327
607.0 95.71702480316162
608.0 95.7136869430542
609.0 95.3436017036438
610.0 95.29316425323486
611.0 95.16611695289612
612.0 95.23402452468872
613.0 96.29298448562622
614.0 96.30910754203796
615.0 95.82455158233643
616.0 95.85425853729248
617.0 95.90420722961426
618.0 95.68419456481934
619.0 96.3277816772461
620.0 95.58299779891968
621.0 95.26132941246033
622.0 96.08670473098755
623.0 96.27860188484192
624.0 95.79713344573975
625.0 96.43287658691406
626.0 95.53898572921753
627.0 94.73257064819336
628.0 96.69085144996643
629.0 94.84918713569641
630.0 96.21025919914246
631.0 95.5860435962677
632.0 96.25913500785828
633.0 96.07183337211609
634.0 95.45203447341919
635.0 95.64000964164734
636.0 95.83898186683655
637.0 95.44987082481384
638.0 94.86159682273865
639.0 95.07536292076111
640.0 95.08901834487915
641.0 95.14635801315308
642.0 95.33518552780151
643.0 95.38174271583557
644.0 95.70394158363342
645.0 95.51535844802856
646.0 95.53430676460266
647.0 96.63838744163513
648.0 95.8167016506195
649.0 95.44587135314941
650.0 95.9283173084259
651.0 96.37283086776733
652.0 96.17753624916077
653.0 95.47845125198364
654.0 96.123605966568
655.0 95.97036838531494
656.0 95.3031599521637
657.0 95.39381861686707
658.0 95.82944512367249
659.0 95.90352177619934
660.0 95.01287341117859
661.0 94.95826959609985
662.0 95.23720741271973
663.0 95.05579471588135
664.0 94.96943354606628
665.0 94.655442237854
666.0 94.75097060203552
667.0 95.18292546272278
668.0 94.84061002731323
669.0 95.12374997138977
670.0 95.06011605262756
671.0 95.08970379829407
672.0 95.15944719314575
673.0 95.1850950717926
674.0 94.8743224143982
675.0 95.26373147964478
676.0 94.47792172431946
677.0 93.51238012313843
678.0 93.15955638885498
679.0 92.15927720069885
680.0 91.29158854484558
681.0 90.27993083000183
682.0 87.71519064903259
683.0 85.00452637672424
684.0 81.38101100921631
685.0 77.97232270240784
686.0 74.138742685318
687.0 69.33752298355103
688.0 64.66735005378723
689.0 60.25757193565369
690.0 54.90698218345642
691.0 50.78343749046326
692.0 46.062588691711426
693.0 41.79822504520416
694.0 36.600419878959656
695.0 31.782254576683044
696.0 26.576590538024902
697.0 21.66658192873001
698.0 16.144655644893646
699.0 11.694210022687912
700.0 8.242102712392807
701.0 5.231551826000214
702.0 3.294815495610237
703.0 1.9779380410909653
704.0 1.132120843976736
705.0 0.681087514385581
706.0 0.4444621503353119
707.0 0.29729229863733053
708.0 0.21213495638221502
709.0 0.15057745622470975
710.0 0.0680153607390821
711.0 0.08738110773265362
712.0 0.08062534034252167
713.0 0.06690652808174491
714.0 0.09744894923642278
715.0 0.08097741520032287
716.0 0.0563472043722868
717.0 0.056916294852271676
718.0 0.07071500876918435
719.0 0.06189494160935283
720.0 1.5748279416638589e-10
721.0 0.004640205588657409
722.0 0.004407848609844223
723.0 0.004175491631031036
724.0 0.0038767673686379567
725.0 0.0035780427424469963
726.0 0.0033601369068492204
727.0 0.0031422310712514445
728.0 0.0029742328479187563
729.0 0.0028062344426871277
730.0 0.002634442353155464
731.0 0.0024626502636238
732.0 0.002346949804632459
733.0 0.002231249527540058
734.0 0.0021503503376152366
735.0 0.0020694513295893557
736.0 0.0020028348444611765
737.0 0.0019362179955351166
738.0 0.0018536760762799531
739.0 0.0017711341570247896
740.0 0.0017015023331623524
741.0 0.0016318705092999153
742.0 0.0015319086742238142
743.0 0.0014319467481982429
744.0 0.0015198966138996184
745.0 0.001607846570550464
746.0 0.0014334629668155685
747.0 0.001259079363080673
748.0 0.001292723391088657
749.0 0.0013263675100461114
750.0 0.0013338742064661346
751.0 0.0013413809028861579
752.0 0.0013071465218672529
753.0 0.0012729123227472883
754.0 0.0012102418622816913
755.0 0.0011475714927655645
756.0 0.001127424548030831
757.0 0.0011072776032960974
758.0 0.0010826182915479876
759.0 0.0010579591616988182
760.0 0.0010485673556104302
761.0 0.0010391755495220423
762.0 0.001016844908008352
763.0 0.000994514448393602
764.0 0.0010686979294405319
765.0 0.0011428812285885215
766.0 0.0009240220606443472
767.0 0.0007051628017507028
768.0 0.0006960831797186984
769.0 0.0006870034212624887
770.0 0.0006956114702916238
771.0 0.0007042193828965537
772.0 0.0007837492375983857
773.0 0.0008632788194518071
774.0 0.0009115549801208545
775.0 0.0009598310498404317
776.0 0.0010043025213235524
777.0 0.0010487743566045538
778.0 0.0008950913979788311
779.0 0.0007414088031509891
780.0 0.0007435708539560437
781.0 0.0007457330411853036
782.0 0.0008058638741204049
783.0 0.0008659949344291817
784.0 0.0008037363841140177
785.0 0.0007414777883241186
786.0 0.0007578892564197304
787.0 0.0007743006790406071
788.0 0.0006929560186108574
789.0 0.000611611449130578
790.0 0.0006531139661092311
791.0 0.0006946165740373544
792.0 0.0006956266133784084
793.0 0.0006966366072447272
794.0 0.0007036390343273524
795.0 0.0007106415068847127
796.0 0.0006277547072386369
797.0 0.000544867862117826
798.0 0.00063460724959441
799.0 0.0007243468189699342
800.0 0.0007751093107799534
801.0 0.0008258714842668269
802.0 0.0008364147106476594
803.0 0.0008469579370284919
804.0 0.000755865812607226
805.0 0.0006647737336606951
806.0 0.0006708984074066393
807.0 0.0006770230356778484
808.0 0.0006156860308692558
809.0 0.0005543488896364579
810.0 0.0006360034603858367
811.0 0.0007176577128120698
812.0 0.0005626564416161273
813.0 0.0004076549885212444
814.0 0.0005247043645795202
815.0 0.000641753740637796
816.0 0.000754317625251133
817.0 0.0008668816917634103
818.0 0.0006621560260100523
819.0 0.00045743036025669426
820.0 0.00053968615247868
821.0 0.0006219418992259307
822.0 0.0006696728632960003
823.0 0.000717403872840805
824.0 0.0005924650395172648
825.0 0.00046752620619372465
826.0 0.0005148431228008121
827.0 0.0005621600394078996
828.0 0.0005500620318343863
829.0 0.0005379641152103432
830.0 0.00022729493593942607
831.0 1.5748279416638589e-10
832.0 1.5748279416638589e-10
833.0 1.5748279416638589e-10
834.0 1.5748279416638589e-10
835.0 2.585784102393518e-05
836.0 7.306763905035041e-05
837.0 0.00012027742286591092
838.0 0.0006574385224666912
839.0 0.001194599644804839
840.0 0.0015192894352367148
841.0 0.0018439794075675309
842.0 0.0021294725229381584
843.0 0.0024149660021066666
844.0 0.0023310418328037485
845.0 0.00224711748160189
846.0 0.00188742415048182
847.0 0.0015277306374628097
848.0 0.0014157340956444386
849.0 0.0013037375538260676
850.0 0.0013231712728156708
851.0 0.0013426050827547442
852.0 0.0012982616681256332
853.0 0.0012539184353954624
854.0 0.0010444024155731313
855.0 0.0008348863957508001
856.0 0.0006869034223200288
857.0 0.0005389203124650521
858.0 0.0004677755441662157
859.0 0.00039663091229158454
860.0 0.00028193330763315316
861.0 0.00016723571434340556
862.0 0.00025072190510400105
863.0 0.00033420806175854523
864.0 0.0002531260633986676
865.0 0.0001720440991448413
866.0 0.0001655612891227065
867.0 0.00015907845636320417
868.0 8.755148996897333e-05
869.0 1.602450652171683e-05
870.0 6.56784720831638e-05
871.0 0.00011533244332895265
872.0 7.845072786949459e-05
873.0 4.1569026620891236e-05
874.0 9.901351631924626e-05
875.0 0.0001564579861224047
876.0 0.00010584210485831136
877.0 5.522624633158557e-05
878.0 6.334323643386597e-05
879.0 7.146023790483014e-05
880.0 0.000119405251552962
881.0 0.00016735027656977763
882.0 0.0001807438934520178
883.0 0.0001941375330716255
884.0 0.0001268865162273869
885.0 5.963548233012261e-05
886.0 0.00012196406942166504
887.0 0.0001842926508288656
888.0 0.00017280825659327093
889.0 0.0001613238850950438
890.0 0.0001082493326975964
891.0 5.51748200905422e-05
892.0 6.94004199885967e-05
893.0 8.362600283362553e-05
894.0 3.677111521938059e-05
895.0 1.5748279416638589e-10
896.0 2.0730665184487407e-06
897.0 1.4229907208118675e-05
898.0 2.828109018082614e-05
899.0 4.233225752159342e-05
900.0 1.4013254201472591e-05
