lsstCam/transmission_filter_detector/r11_s01/u_24/19700101T000000.ecsv
# %ECSV 1.0
# ---
# datatype:
# - {name: wavelength, unit: nm, datatype: float32}
# - {name: efficiency, unit: '%', datatype: float64}
# meta: !!omap
# - {MODE: DETECTOR}
# - {TYPE: transmission_filter_detector}
# - {CALIBDATE: '1970-01-01T00:00:00'}
# - {INSTRUME: LSSTCam}
# - {OBSTYPE: transmission_filter_detector}
# - {CALIBCLS: lsst.ip.isr.IntermediateFilterDetectorTransmissionCurve}
# - {SOURCE: Materion (DM-46256)}
# - {DETECTOR: 37}
# - {FILTER: u_24}
# - {CALIB_ID: 'calibDate=1970-01-01T00:00:00 filter=u_24 detector=37'}
# - {DATE: '2025-04-02T15:59:39.920477'}
# - {CALIB_CREATION_DATE: '2025-04-02'}
# - {CALIB_CREATION_TIME: '15:59:39'}
# - __serialized_columns__:
#     efficiency:
#       __class__: astropy.units.quantity.Quantity
#       unit: !astropy.units.Unit {unit: '%'}
#       value: !astropy.table.SerializedColumn {name: efficiency}
#     wavelength:
#       __class__: astropy.units.quantity.Quantity
#       unit: !astropy.units.Unit {unit: nm}
#       value: !astropy.table.SerializedColumn {name: wavelength}
# schema: astropy-2.0
wavelength efficiency
295.0 1.611317849981031e-10
296.0 1.611317849981031e-10
297.0 1.611317849981031e-10
298.0 1.611317849981031e-10
299.0 1.611317849981031e-10
300.0 1.611317849981031e-10
301.0 1.611317849981031e-10
302.0 1.611317849981031e-10
303.0 1.611317849981031e-10
304.0 0.052519270684570074
305.0 0.896153599023819
306.0 1.772661879658699
307.0 3.502928465604782
308.0 5.585293471813202
309.0 8.876229077577591
310.0 12.116556614637375
311.0 16.08736962080002
312.0 19.845958054065704
313.0 22.965554893016815
314.0 25.94761550426483
315.0 28.320521116256714
316.0 30.585503578186035
317.0 33.04021954536438
318.0 35.96369922161102
319.0 39.6884948015213
320.0 45.33507525920868
321.0 50.711894035339355
322.0 56.785744428634644
323.0 62.27133274078369
324.0 66.7442798614502
325.0 69.92300748825073
326.0 72.24955558776855
327.0 74.10351634025574
328.0 75.7514476776123
329.0 77.0691454410553
330.0 78.46364378929138
331.0 79.1162371635437
332.0 79.50343489646912
333.0 79.59818243980408
334.0 79.4244647026062
335.0 79.61010932922363
336.0 79.8462450504303
337.0 80.35160303115845
338.0 81.22727274894714
339.0 81.77650570869446
340.0 82.18393325805664
341.0 82.76411890983582
342.0 82.95648694038391
343.0 82.99896717071533
344.0 83.22504162788391
345.0 83.63950252532959
346.0 83.93828272819519
347.0 84.2630684375763
348.0 84.56677794456482
349.0 84.73349809646606
350.0 84.81326699256897
351.0 84.96679663658142
352.0 84.90489721298218
353.0 84.9048376083374
354.0 84.73897576332092
355.0 84.97250080108643
356.0 85.17496585845947
357.0 85.0806176662445
358.0 84.8142683506012
359.0 84.57971215248108
360.0 84.35848951339722
361.0 84.17870998382568
362.0 84.02628302574158
363.0 84.12489295005798
364.0 84.22293066978455
365.0 84.4886302947998
366.0 84.78676080703735
367.0 84.86766219139099
368.0 84.85742211341858
369.0 84.91532802581787
370.0 84.66967344284058
371.0 84.50273871421814
372.0 84.49656367301941
373.0 84.69023108482361
374.0 84.73279476165771
375.0 84.97629165649414
376.0 85.08666157722473
377.0 85.14883518218994
378.0 85.2771520614624
379.0 84.94760990142822
380.0 84.25434827804565
381.0 82.98493027687073
382.0 81.19834065437317
383.0 79.23266291618347
384.0 77.13122963905334
385.0 74.83077645301819
386.0 72.32474088668823
387.0 68.99847984313965
388.0 65.63160419464111
389.0 61.57364249229431
390.0 57.53178596496582
391.0 53.21001410484314
392.0 48.77468943595886
393.0 45.03668546676636
394.0 41.76405072212219
395.0 38.21456432342529
396.0 34.44325029850006
397.0 29.36089038848877
398.0 23.486140370368958
399.0 16.62314385175705
400.0 10.393663495779037
401.0 5.654363706707954
402.0 2.426033280789852
403.0 0.7811924442648888
404.0 0.24101641029119492
405.0 0.11330480920150876
406.0 0.07339641451835632
407.0 0.00394003618566785
408.0 1.611317849981031e-10
409.0 1.611317849981031e-10
410.0 0.0001550190063426271
411.0 0.0018445040041115135
412.0 1.611317849981031e-10
413.0 1.611317849981031e-10
414.0 1.611317849981031e-10
415.0 1.611317849981031e-10
416.0 1.611317849981031e-10
417.0 1.611317849981031e-10
418.0 1.611317849981031e-10
419.0 1.611317849981031e-10
420.0 1.611317849981031e-10
421.0 1.611317849981031e-10
422.0 1.611317849981031e-10
423.0 1.611317849981031e-10
424.0 1.611317849981031e-10
425.0 1.611317849981031e-10
426.0 1.611317849981031e-10
427.0 1.611317849981031e-10
428.0 1.611317849981031e-10
429.0 0.0008896264262148179
430.0 0.003586444290704094
431.0 0.0019039478502236307
432.0 0.00022145145521790255
433.0 0.0007045553502393886
434.0 0.0011876595635840204
435.0 0.0014171122529660352
436.0 0.0016465655789943412
437.0 9.789223440748174e-05
438.0 1.611317849981031e-10
439.0 1.611317849981031e-10
440.0 0.0011441734386608005
441.0 1.611317849981031e-10
442.0 1.611317849981031e-10
443.0 1.611317849981031e-10
444.0 1.611317849981031e-10
445.0 1.611317849981031e-10
446.0 1.611317849981031e-10
447.0 1.611317849981031e-10
448.0 1.611317849981031e-10
449.0 0.00022108745270088548
450.0 0.00047987946345529053
451.0 1.611317849981031e-10
452.0 1.611317849981031e-10
453.0 1.611317849981031e-10
454.0 0.0005267242158879526
455.0 1.611317849981031e-10
456.0 1.611317849981031e-10
457.0 1.611317849981031e-10
458.0 1.611317849981031e-10
459.0 1.611317849981031e-10
460.0 1.611317849981031e-10
461.0 1.611317849981031e-10
462.0 1.611317849981031e-10
463.0 1.611317849981031e-10
464.0 1.611317849981031e-10
465.0 7.947127755869587e-05
466.0 0.0004967385393683799
467.0 1.611317849981031e-10
468.0 1.611317849981031e-10
469.0 1.611317849981031e-10
470.0 0.0009816504643822554
471.0 1.611317849981031e-10
472.0 1.611317849981031e-10
473.0 1.611317849981031e-10
474.0 1.611317849981031e-10
475.0 1.611317849981031e-10
476.0 1.611317849981031e-10
477.0 1.611317849981031e-10
478.0 1.611317849981031e-10
479.0 1.611317849981031e-10
480.0 1.611317849981031e-10
481.0 1.303528165408352e-05
482.0 0.0005384769792726729
483.0 1.611317849981031e-10
484.0 1.611317849981031e-10
485.0 1.611317849981031e-10
486.0 1.611317849981031e-10
487.0 1.611317849981031e-10
488.0 1.611317849981031e-10
489.0 1.611317849981031e-10
490.0 1.611317849981031e-10
491.0 1.611317849981031e-10
492.0 1.611317849981031e-10
493.0 1.611317849981031e-10
494.0 1.611317849981031e-10
495.0 1.611317849981031e-10
496.0 0.00021982541511533782
497.0 0.00012831294498028
498.0 3.679999167616188e-05
499.0 1.611317849981031e-10
500.0 1.611317849981031e-10
501.0 1.611317849981031e-10
502.0 1.611317849981031e-10
503.0 1.611317849981031e-10
504.0 1.611317849981031e-10
505.0 1.611317849981031e-10
506.0 1.611317849981031e-10
507.0 1.611317849981031e-10
508.0 1.611317849981031e-10
509.0 1.611317849981031e-10
510.0 1.611317849981031e-10
511.0 1.611317849981031e-10
512.0 0.0002829365712386789
513.0 0.000376587604478118
514.0 0.0004702384558186168
515.0 0.0005496981430042069
516.0 0.0006291579211392673
517.0 1.611317849981031e-10
518.0 1.611317849981031e-10
519.0 1.611317849981031e-10
520.0 0.00014097090570430737
521.0 0.0006427944754250348
522.0 0.0011446179087215569
523.0 0.0004934718162985519
524.0 1.611317849981031e-10
525.0 1.611317849981031e-10
526.0 1.611317849981031e-10
527.0 1.611317849981031e-10
528.0 1.611317849981031e-10
529.0 1.611317849981031e-10
530.0 1.611317849981031e-10
531.0 0.0001514077325737162
532.0 0.0003053150976484176
533.0 1.611317849981031e-10
534.0 1.611317849981031e-10
535.0 1.611317849981031e-10
536.0 1.3213609406648175e-05
537.0 1.611317849981031e-10
538.0 1.611317849981031e-10
539.0 1.611317849981031e-10
540.0 1.611317849981031e-10
541.0 1.611317849981031e-10
542.0 1.611317849981031e-10
543.0 1.611317849981031e-10
544.0 1.611317849981031e-10
545.0 1.611317849981031e-10
546.0 1.611317849981031e-10
547.0 6.270008157116536e-05
548.0 0.0002671548372745747
549.0 4.567457878579262e-06
550.0 1.611317849981031e-10
551.0 1.611317849981031e-10
552.0 1.611317849981031e-10
553.0 1.611317849981031e-10
554.0 1.611317849981031e-10
555.0 1.611317849981031e-10
556.0 1.611317849981031e-10
557.0 1.611317849981031e-10
558.0 1.611317849981031e-10
559.0 1.611317849981031e-10
560.0 0.00032852967706276104
561.0 5.342700433175196e-05
562.0 1.611317849981031e-10
563.0 1.611317849981031e-10
564.0 1.611317849981031e-10
565.0 1.611317849981031e-10
566.0 1.611317849981031e-10
567.0 1.611317849981031e-10
568.0 8.824830501907854e-05
569.0 0.000261535205936525
570.0 0.00043482195906108245
571.0 0.0004405016170494491
572.0 0.00044618145693675615
573.0 0.00044532393985718954
574.0 0.00044446683205023874
575.0 0.0002667074113560375
576.0 8.894813277038338e-05
577.0 0.0002975502866320312
578.0 0.0005061524007032858
579.0 0.0004601533419190673
580.0 0.00041415419218537863
581.0 0.0006595026206923649
582.0 0.0009048512765730266
583.0 0.0011898197044502012
584.0 0.0014747884961252566
585.0 0.0010119600119651295
586.0 0.000549131300431327
587.0 0.0008925785550673027
588.0 0.0012360258551780134
589.0 0.0011000638551195152
590.0 0.0009641016731620766
591.0 0.0009433897503186017
592.0 0.0009226778274751268
593.0 0.0007045715847198153
594.0 0.0004864650691160932
595.0 0.0007175906830525491
596.0 0.0009487160241405945
597.0 0.0010911358003795613
598.0 0.0012335553947195876
599.0 0.0015352483387687244
600.0 0.0018369410099694505
601.0 0.0019055240045418032
602.0 0.0019741073629120365
603.0 0.0017014668628689833
604.0 0.001428826817573281
605.0 0.0014321667549666017
606.0 0.0014355068742588628
607.0 0.001409347532899119
608.0 0.0013831881915393751
609.0 0.0009525971108814701
610.0 0.0005220059847488301
611.0 0.0007531621577072656
612.0 0.0009843183761404362
613.0 0.0007143506081774831
614.0 0.00044438297663873527
615.0 0.0007093060503393644
616.0 0.0009742291695147287
617.0 0.0007983914656506386
618.0 0.0006225539436854888
619.0 0.0005023977792006917
620.0 0.0003822418875643052
621.0 0.0005608025730907684
622.0 0.0007393632131424965
623.0 0.0005624749064736534
624.0 0.000385586463380605
625.0 0.0006266671334742568
626.0 0.0008677478035679087
627.0 0.0008157434422173537
628.0 0.0007637394446646795
629.0 0.0007322423698497005
630.0 0.0007007453859841917
631.0 0.0013099382158543449
632.0 0.001919130954775028
633.0 0.0018227327018394135
634.0 0.0017263348127016798
635.0 0.0020484032575041056
636.0 0.0023704718842054717
637.0 0.002318348197150044
638.0 0.002266224146296736
639.0 0.001887378493847791
640.0 0.0015085328413988464
641.0 0.0012905361472803634
642.0 0.0010725396350608207
643.0 0.000746273963159183
644.0 0.00042000829125754535
645.0 0.00032503237434866605
646.0 0.00023005636649031658
647.0 3.8980363115115324e-05
648.0 1.611317849981031e-10
649.0 4.49436612370846e-05
650.0 0.00024198282062570797
651.0 0.000632784121989971
652.0 0.001023585627990542
653.0 0.0014852509593765717
654.0 0.0019469160179141909
655.0 0.0016516038158442825
656.0 0.001356291522824904
657.0 0.002436762042634655
658.0 0.003517233199090697
659.0 0.0038079753721831366
660.0 0.004098717181477696
661.0 0.004080622966284864
662.0 0.004062528387294151
663.0 0.0033334348700009286
664.0 0.0026043413527077064
665.0 0.002307047361682635
666.0 0.0020097530068596825
667.0 0.0017570020645507611
668.0 0.0015042510312923696
669.0 0.0010975216355291195
670.0 0.0006907923761900747
671.0 0.0005091737421025755
672.0 0.00032755499432823854
673.0 0.00025852623366517946
674.0 0.00018949739342133398
675.0 0.0005054566372564295
676.0 0.0008214158697228413
677.0 0.001395664094161475
678.0 0.0019699125914485194
679.0 0.0021837649910594337
680.0 0.0023976172087714076
681.0 0.0033255819289479405
682.0 0.004253546649124473
683.0 0.0057520581322023645
684.0 0.007250569615280256
685.0 0.00759495742386207
686.0 0.007939347415231168
687.0 0.00750032122596167
688.0 0.007061295036692172
689.0 0.005996536128805019
690.0 0.004931777948513627
691.0 0.0044554468331625685
692.0 0.003979116081609391
693.0 0.003373778599780053
694.0 0.0027684409360517748
695.0 0.002403113103355281
696.0 0.0020377854525577277
697.0 0.001542786048958078
698.0 0.0010477867363078985
699.0 0.0008204308869608212
700.0 0.0005930747647653334
701.0 0.0003896366706612753
702.0 0.00018619874708747375
703.0 0.00040932936826720834
704.0 0.0006324602509266697
705.0 0.0007417924280161969
706.0 0.0008511247870046645
707.0 0.0008870326382748317
708.0 0.0009229402166965883
709.0 0.0007357253707596101
710.0 0.0005485104338731617
711.0 0.0007326524610107299
712.0 0.0009167943062493578
713.0 0.0008865478775987867
714.0 0.0008563015398976859
715.0 0.0008179248652595561
716.0 0.0007795481906214263
717.0 0.0006865609520900762
718.0 0.0005935736680839909
719.0 0.00048122842599696014
720.0 0.00036888313843519427
721.0 0.0004981839992979076
722.0 0.0006274848601606209
723.0 0.000498980898555601
724.0 0.0003704769596879487
725.0 0.0001809289756238286
726.0 1.611317849981031e-10
727.0 0.0002744479843386216
728.0 0.00055751511354174
729.0 0.0002995421709783841
730.0 4.1569398945284775e-05
731.0 4.111072371415503e-05
732.0 4.0652079746905656e-05
733.0 1.3060936510100873e-05
734.0 1.611317849981031e-10
735.0 0.00035146151731169084
736.0 0.000717453121978906
737.0 0.0006724018930981401
738.0 0.0006273506187426392
739.0 0.0005282243364490569
740.0 0.00042909800868073944
741.0 0.00092716300059692
742.0 0.0014252281289373059
743.0 0.0018609123799251392
744.0 0.002296596358064562
745.0 0.0027250649509369396
746.0 0.0031535331800114363
747.0 0.0036338678910396993
748.0 0.004114201874472201
749.0 0.003705442213686183
750.0 0.0032966832804959267
751.0 0.003334127541165799
752.0 0.003371571801835671
753.0 0.0027664349545375444
754.0 0.0021612975615425967
755.0 0.002260550536448136
756.0 0.002359803875151556
757.0 0.0020467976355575956
758.0 0.0017337910321657546
759.0 0.0014199550605553668
760.0 0.0011061191798944492
761.0 0.0010290093086950947
762.0 0.0009518994374957401
763.0 0.0007682018804189283
764.0 0.0005845043233421165
765.0 0.0006718873464706121
766.0 0.0007592703695991077
767.0 0.0007380602710327366
768.0 0.0007168499905674253
769.0 0.000597821781411767
770.0 0.0004787933448824333
771.0 0.00038429730011557695
772.0 0.0002898011189245153
773.0 0.0003463218035903992
774.0 0.0004028424882562831
775.0 0.00038238795241340995
776.0 0.0003619333710958017
777.0 0.0005690954822057392
778.0 0.0007762573659420013
779.0 0.0009066036909644026
780.0 0.0010369498340878636
781.0 0.0010618960004649125
782.0 0.0010868420758924913
783.0 0.0009518365914118476
784.0 0.000816831106931204
785.0 0.0009992551895265933
786.0 0.001181678908324102
787.0 0.0011393014574423432
788.0 0.0010969240065605845
789.0 0.00098427926786826
790.0 0.0008716346201254055
791.0 0.0008755974704399705
792.0 0.000879560047906125
793.0 0.00037989343582012225
794.0 1.611317849981031e-10
795.0 6.69416351684049e-05
796.0 0.00025365632154716877
797.0 0.00026581058136798674
798.0 0.0002779647957140696
799.0 0.00012995357110412442
800.0 1.611317849981031e-10
801.0 1.611317849981031e-10
802.0 1.611317849981031e-10
803.0 3.507467170038581e-05
804.0 0.0003011000217156834
805.0 1.6803845426238695e-05
806.0 1.611317849981031e-10
807.0 1.611317849981031e-10
808.0 1.611317849981031e-10
809.0 0.00012143298135924852
810.0 0.0005181071173865348
811.0 1.611317849981031e-10
812.0 1.611317849981031e-10
813.0 1.611317849981031e-10
814.0 0.000550161394130555
815.0 0.0005363095624488778
816.0 0.0005224575033935253
817.0 0.00024950966235337546
818.0 1.611317849981031e-10
819.0 1.611317849981031e-10
820.0 1.611317849981031e-10
821.0 1.611317849981031e-10
822.0 1.611317849981031e-10
823.0 1.611317849981031e-10
824.0 3.9512940475106006e-05
825.0 1.611317849981031e-10
826.0 1.611317849981031e-10
827.0 0.0001215678366861539
828.0 0.00048049623728729784
829.0 0.00038854172998981085
830.0 0.00029658758649020456
831.0 1.1295092638974324e-07
832.0 1.611317849981031e-10
833.0 1.611317849981031e-10
834.0 1.611317849981031e-10
835.0 1.611317849981031e-10
836.0 1.611317849981031e-10
837.0 1.611317849981031e-10
838.0 1.611317849981031e-10
839.0 1.611317849981031e-10
840.0 1.611317849981031e-10
841.0 1.611317849981031e-10
842.0 1.611317849981031e-10
843.0 1.611317849981031e-10
844.0 1.611317849981031e-10
845.0 6.286277312028687e-05
846.0 0.0002216575012425892
847.0 0.0001390467218698177
848.0 5.643587996928545e-05
849.0 0.00012853921589339734
850.0 0.00020064237560291076
851.0 0.00022303863715933403
852.0 0.0002454348987157573
853.0 2.0147443535734055e-05
854.0 1.611317849981031e-10
855.0 1.611317849981031e-10
856.0 7.229834864119766e-06
857.0 0.0003933955667889677
858.0 0.0007795612873451319
859.0 0.0007067101250868291
860.0 0.0006338590083032614
861.0 0.0007703478331677616
862.0 0.0009068365216080565
863.0 0.0011013710718543734
864.0 0.00129590544020175
865.0 0.001737911588861607
866.0 0.0021799174646730535
867.0 0.0019838680600514635
868.0 0.0017878190192277543
869.0 0.0017573704099049792
870.0 0.001726921254885383
871.0 0.0016923218936426565
872.0 0.0016577221686020494
873.0 0.0018612832718645222
874.0 0.002064844375126995
875.0 0.002221917748101987
876.0 0.002378991302975919
877.0 0.002401570600341074
878.0 0.0024241504434030503
879.0 0.002499752190487925
880.0 0.0025753544832696207
