lsstCam/transmission_filter_detector/r11_s01/u_24/19700101T000000.ecsv
# %ECSV 1.0
# ---
# datatype:
# - {name: wavelength, unit: nm, datatype: float32}
# - {name: efficiency, unit: '%', datatype: float64}
# meta: !!omap
# - {MODE: DETECTOR}
# - {TYPE: transmission_filter_detector}
# - {CALIBDATE: '1970-01-01T00:00:00'}
# - {INSTRUME: LSSTCam}
# - {OBSTYPE: transmission_filter_detector}
# - {CALIBCLS: lsst.ip.isr.IntermediateFilterDetectorTransmissionCurve}
# - {SOURCE: Materion (DM-46256)}
# - {DETECTOR: 37}
# - {FILTER: u_24}
# - {CALIB_ID: 'calibDate=1970-01-01T00:00:00 filter=u_24 detector=37'}
# - {DATE: '2025-04-02T15:59:39.920477'}
# - {CALIB_CREATION_DATE: '2025-04-02'}
# - {CALIB_CREATION_TIME: '15:59:39'}
# - __serialized_columns__:
#     efficiency:
#       __class__: astropy.units.quantity.Quantity
#       unit: !astropy.units.Unit {unit: '%'}
#       value: !astropy.table.SerializedColumn {name: efficiency}
#     wavelength:
#       __class__: astropy.units.quantity.Quantity
#       unit: !astropy.units.Unit {unit: nm}
#       value: !astropy.table.SerializedColumn {name: wavelength}
# schema: astropy-2.0
wavelength efficiency
[from data line 587]
882.0 0.002990619032061659
883.0 0.0027599242457654327
884.0 0.002529230187064968
885.0 0.0023554497602162883
886.0 0.0021816698790644296
887.0 0.002108829175995197
888.0 0.0020359888367238455
889.0 0.002065279295493383
890.0 0.0020945697542629205
891.0 0.002305647103639785
892.0 0.0025167246349155903
893.0 0.0025940498744603246
894.0 0.0026713747502071783
895.0 0.003034309520444367
896.0 0.003397244290681556
897.0 0.0037205911212367937
898.0 0.0040439379517920315
899.0 0.004146296851104125
900.0 0.004248655750416219
901.0 0.0042794501496246085
902.0 0.004310244912630878
903.0 0.004609485040418804
904.0 0.004908724804408848
905.0 0.005013986810809001
906.0 0.005119248453411274
907.0 0.005512758434633724
908.0 0.005906268415856175
909.0 0.0057652614486869425
910.0 0.0056242548453155905
911.0 0.005735075319535099
912.0 0.005845896157552488
913.0 0.005603241879725829
914.0 0.005360587238101289
915.0 0.004974946205038577
916.0 0.004589305171975866
917.0 0.004189689570921473
918.0 0.0037900739698670805
919.0 0.0041991010220954195
920.0 0.0046081280743237585
921.0 0.004756096313940361
922.0 0.004904064553556964
923.0 0.005607883576885797
924.0 0.0063117011450231075
925.0 0.006639396451646462
926.0 0.006967092485865578
927.0 0.007469000411219895
928.0 0.007970904698595405
929.0 0.007958310015965253
930.0 0.007945716060930863
931.0 0.007436550367856398
932.0 0.006927383219590411
933.0 0.006778025272069499
934.0 0.006628668052144349
935.0 0.006850045610917732
936.0 0.007071423169691116
937.0 0.007006304076639935
938.0 0.006941186438780278
939.0 0.006965798820601776
940.0 0.006990410474827513
941.0 0.006038307401468046
942.0 0.005086203236714937
943.0 0.004098106001038104
944.0 0.0031100094929570332
945.0 0.002403331563982647
946.0 0.001696653816907201
947.0 0.0015566820366075262
948.0 0.0014167101653583813
949.0 0.0014559444025508128
950.0 0.0014951786397432443
951.0 0.0012949147276231088
952.0 0.0010946508155029733
953.0 0.00118681809908594
954.0 0.0012789855645678472
955.0 0.0020853312889812514
956.0 0.0028916769224451855
957.0 0.0029176428142818622
958.0 0.0029436079785227776
959.0 0.0032328465749742463
960.0 0.0035220844438299537
961.0 0.004053839802509174
962.0 0.004585595161188394
963.0 0.0047808924136916175
964.0 0.004976189666194841
965.0 0.004723395977634937
966.0 0.004470602652872913
967.0 0.004635621371562593
968.0 0.004800640817848034
969.0 0.004801196701009758
970.0 0.004801752220373601
971.0 0.004759531293530017
972.0 0.0047173103666864336
973.0 0.004420419645612128
974.0 0.004123528924537823
975.0 0.004050215648021549
976.0 0.003976902007707395
977.0 0.0036142148019280285
978.0 0.0032515275961486623
979.0 0.003072265099035576
980.0 0.002893002238124609
981.0 0.002622222018544562
982.0 0.0023514414351666346
983.0 0.0027387997761252336
984.0 0.003126157753285952
985.0 0.00364559527952224
986.0 0.00416503353335429
987.0 0.004461952630663291
988.0 0.004758871727972291
989.0 0.005696911830455065
990.0 0.006634952296735719
991.0 0.006959490565350279
992.0 0.007284029561560601
993.0 0.00741326148272492
994.0 0.007542493403889239
995.0 0.007041139178909361
996.0 0.006539781315950677
997.0 0.006115100404713303
998.0 0.0056904213124653324
999.0 0.005996956315357238
1000.0 0.00630348949925974
1001.0 0.006126988591859117
1002.0 0.005950485865469091
1003.0 0.005514472286449745
1004.0 0.005078456524643116
1005.0 0.005265938671072945
1006.0 0.005453420453704894
1007.0 0.00522896480106283
1008.0 0.005004506965633482
1009.0 0.00444307406723965
1010.0 0.003881641896441579
1011.0 0.003769103204831481
1012.0 0.003656564877019264
1013.0 0.003249879227951169
1014.0 0.002843193396984134
1015.0 0.0024715540348552167
1016.0 0.0020999144908273593
1017.0 0.0018848171748686582
1018.0 0.0016697196770110168
1019.0 0.0015160372640821151
1020.0 0.0013623544873553328
1021.0 0.0012306999451539014
1022.0 0.0010990454029524699
1023.0 0.0011360083590261638
1024.0 0.001172971406049328
1025.0 0.0013753915482084267
1026.0 0.001577811963215936
1027.0 0.001494212574471021
1028.0 0.0014106131857261062
1029.0 0.0015675779650337063
1030.0 0.001724543108139187
1031.0 0.0019649176465463825
1032.0 0.002205292366852518
1033.0 0.0023463837351300754
1034.0 0.0024874754672055133
1035.0 0.002555393257352989
1036.0 0.0026233106837025844
1037.0 0.0027308631615596823
1038.0 0.002838416003214661
1039.0 0.0024835435397108085
1040.0 0.0021286714400048368
1041.0 0.0017576103346073069
1042.0 0.0013865495930076577
1043.0 0.0016335265172529034
1044.0 0.0018805039871949703
1045.0 0.0014411917618417647
1046.0 0.0010018798093369696
1047.0 0.002035611032624729
1048.0 0.003069342710659839
1049.0 0.0021878684492548928
1050.0 0.0013063938240520656
1051.0 0.0015096183233254123
1052.0 0.001712842822598759
1053.0 0.0017013260730891488
1054.0 0.0016898091416805983
1055.0 0.0011943809113290627
1056.0 0.0006989528628764674
1057.0 0.0014881876268191263
1058.0 0.0022774225726607256
1059.0 0.0015240364518831484
1060.0 0.0007706506039539818
1061.0 0.0012367717317829374
1062.0 0.001702892768662423
1063.0 0.001649342812015675
1064.0 0.0015957924915710464
1065.0 0.0012500342563726008
1066.0 0.0009042761121236254
1067.0 0.0011313142749713734
1068.0 0.0013583518011728302
1069.0 0.0021143690901226364
1070.0 0.002870386015274562
1071.0 0.001514452014816925
1072.0 0.00015851835541980108
1073.0 0.0009076404239749536
1074.0 0.0016567622878937982
1075.0 0.003180689236614853
1076.0 0.004704615275841206
1077.0 0.004814449857803993
1078.0 0.0049242844397667795
1079.0 0.005779208004241809
1080.0 0.006634128658333793
1081.0 0.004574858394335024
1082.0 0.0025155874027404934
1083.0 0.0018701044609770179
1084.0 0.001224621337314602
1085.0 0.002794132160488516
1086.0 0.004363642437965609
1087.0 0.003804408697760664
1088.0 0.003245174593757838
1089.0 0.0049621605285210535
1090.0 0.006679146463284269
1091.0 0.004764972982229665
1092.0 0.002850800046871882
1093.0 0.0020189401766401716
1094.0 0.0011870804883074015
1095.0 0.0010793490218929946
1096.0 0.0009716177373775281
1097.0 0.0025258299501729198
1098.0 0.0040800427086651325
1099.0 0.003806326276389882
1100.0 0.003532610571710393
