lsstCam/transmission_filter_detector/r31_s11/y_10/19700101T000000.ecsv
# %ECSV 1.0
# ---
# datatype:
# - {name: wavelength, unit: nm, datatype: float32}
# - {name: efficiency, unit: '%', datatype: float64}
# meta: !!omap
# - {MODE: DETECTOR}
# - {TYPE: transmission_filter_detector}
# - {CALIBDATE: '1970-01-01T00:00:00'}
# - {INSTRUME: LSSTCam}
# - {OBSTYPE: transmission_filter_detector}
# - {CALIBCLS: lsst.ip.isr.IntermediateFilterDetectorTransmissionCurve}
# - {SOURCE: Materion (DM-46256)}
# - {DETECTOR: 130}
# - {FILTER: y_10}
# - {CALIB_ID: 'calibDate=1970-01-01T00:00:00 filter=y_10 detector=130'}
# - {DATE: '2025-04-02T15:59:51.346997'}
# - {CALIB_CREATION_DATE: '2025-04-02'}
# - {CALIB_CREATION_TIME: '15:59:51'}
# - __serialized_columns__:
#     efficiency:
#       __class__: astropy.units.quantity.Quantity
#       unit: !astropy.units.Unit {unit: '%'}
#       value: !astropy.table.SerializedColumn {name: efficiency}
#     wavelength:
#       __class__: astropy.units.quantity.Quantity
#       unit: !astropy.units.Unit {unit: nm}
#       value: !astropy.table.SerializedColumn {name: wavelength}
# schema: astropy-2.0
wavelength efficiency
[from data line 577]
877.0 0.002111132380377967
878.0 0.002303338442288805
879.0 0.0016951766156125814
880.0 0.07774819387122989
881.0 0.10940110078081489
882.0 0.0803816132247448
883.0 0.09661217336542904
884.0 0.06687191198579967
885.0 0.10980876395478845
886.0 0.06839545094408095
887.0 0.09674766333773732
888.0 0.0673312577418983
889.0 0.10158536024391651
890.0 0.07852882845327258
891.0 0.08956351084634662
892.0 0.07743543828837574
893.0 0.10519623756408691
894.0 0.07833486888557673
895.0 0.10354425758123398
896.0 0.08349703275598586
897.0 0.1256960560567677
898.0 0.09061560849659145
899.0 0.13268077746033669
900.0 0.1081775058992207
901.0 0.13828575611114502
902.0 0.16319926362484694
903.0 0.1812249538488686
904.0 0.21435886155813932
905.0 0.24873185902833939
906.0 0.3066356061026454
907.0 0.39895595982670784
908.0 0.5355565808713436
909.0 0.7051545660942793
910.0 1.0085012763738632
911.0 1.4357510954141617
912.0 2.133464440703392
913.0 3.159714862704277
914.0 4.3846070766448975
915.0 6.21158555150032
916.0 8.409565687179565
917.0 10.812992602586746
918.0 13.548223674297333
919.0 16.170331835746765
920.0 19.687195122241974
921.0 23.316191136837006
922.0 26.927652955055237
923.0 31.25987946987152
924.0 35.93868613243103
925.0 41.19091033935547
926.0 47.45580554008484
927.0 54.21677827835083
928.0 60.18911600112915
929.0 66.66748523712158
930.0 72.31748700141907
931.0 77.90088653564453
932.0 83.00856351852417
933.0 87.30735182762146
934.0 90.45416116714478
935.0 92.65223145484924
936.0 94.34823393821716
937.0 95.53456902503967
938.0 96.26526236534119
939.0 96.60324454307556
940.0 96.91945910453796
941.0 97.07614183425903
942.0 97.2662627696991
943.0 97.37635850906372
944.0 97.62191772460938
945.0 97.58151173591614
946.0 97.63362407684326
947.0 97.61785864830017
948.0 97.76235222816467
949.0 97.65820503234863
950.0 97.73637652397156
951.0 97.83906936645508
952.0 97.88917899131775
953.0 98.072749376297
954.0 98.17062616348267
955.0 98.22366237640381
956.0 98.41461181640625
957.0 98.59200119972229
958.0 98.75388741493225
959.0 98.79526495933533
960.0 98.88462424278259
961.0 98.91533255577087
962.0 98.99975657463074
963.0 99.01391267776489
964.0 99.03688430786133
965.0 99.03790950775146
966.0 99.13564920425415
967.0 99.20464754104614
968.0 99.1727888584137
969.0 99.15279746055603
970.0 99.23513531684875
971.0 99.26275610923767
972.0 99.29673075675964
973.0 99.38982129096985
974.0 99.38160181045532
975.0 99.35371279716492
976.0 99.4139015674591
977.0 99.38264489173889
978.0 99.43575859069824
979.0 99.38904047012329
980.0 99.3428647518158
981.0 99.25553798675537
982.0 99.20867085456848
983.0 99.22394752502441
984.0 99.18366074562073
985.0 99.2251992225647
986.0 99.06744956970215
987.0 99.14852976799011
988.0 99.04285669326782
989.0 99.06789660453796
990.0 99.00964498519897
991.0 99.04822111129761
992.0 99.13975596427917
993.0 99.0848183631897
994.0 99.04593825340271
995.0 99.09618496894836
996.0 99.0779459476471
997.0 99.21104311943054
998.0 99.2500364780426
999.0 99.26298260688782
1000.0 99.32430982589722
1001.0 99.25148487091064
1002.0 99.38092827796936
1003.0 99.38341975212097
1004.0 99.45756793022156
1005.0 99.36645030975342
1006.0 99.50690865516663
1007.0 99.46334958076477
1008.0 99.41116571426392
1009.0 99.36659932136536
1010.0 99.41319227218628
1011.0 99.41216111183167
1012.0 99.3389904499054
1013.0 99.31322932243347
1014.0 99.3197500705719
1015.0 99.27650690078735
1016.0 99.24262762069702
1017.0 99.33832287788391
1018.0 99.3628740310669
1019.0 99.26653504371643
1020.0 99.30452108383179
1021.0 99.50549006462097
1022.0 99.33889508247375
1023.0 99.39733147621155
1024.0 99.37366247177124
1025.0 99.40115809440613
1026.0 99.44179654121399
1027.0 99.53245520591736
1028.0 99.48078989982605
1029.0 99.5941698551178
1030.0 99.62129592895508
1031.0 99.53303337097168
1032.0 99.59022402763367
1033.0 99.52905774116516
1034.0 99.56562519073486
1035.0 99.58879947662354
1036.0 99.50581192970276
1037.0 99.53253865242004
1038.0 99.41458106040955
1039.0 99.41783547401428
1040.0 99.39863085746765
1041.0 99.41689968109131
1042.0 99.37294125556946
1043.0 99.29881691932678
1044.0 99.3450403213501
1045.0 99.16554689407349
1046.0 99.35764074325562
1047.0 99.22766089439392
1048.0 99.31222200393677
1049.0 99.24079775810242
1050.0 99.20182228088379
1051.0 99.23728108406067
1052.0 99.14386868476868
1053.0 99.03621673583984
1054.0 99.27214980125427
1055.0 99.3793785572052
1056.0 99.20278787612915
1057.0 99.35227632522583
1058.0 99.15685057640076
1059.0 99.17892813682556
1060.0 99.3076503276825
1061.0 99.18829202651978
1062.0 99.2891252040863
1063.0 99.21495318412781
1064.0 99.28163290023804
1065.0 99.3015468120575
1066.0 99.23557639122009
1067.0 99.36708211898804
1068.0 99.20318722724915
1069.0 99.0398645401001
1070.0 99.42483305931091
1071.0 99.2458164691925
1072.0 99.29637908935547
1073.0 99.4801938533783
1074.0 99.0069031715393
1075.0 99.01220202445984
1076.0 98.89053702354431
1077.0 99.26135540008545
1078.0 99.30254220962524
1079.0 98.9381492137909
1080.0 99.65934157371521
1081.0 98.95198941230774
1082.0 98.97329807281494
1083.0 98.8731861114502
1084.0 99.36246871948242
1085.0 99.10786151885986
1086.0 99.02418851852417
1087.0 99.09304976463318
1088.0 98.87434840202332
1089.0 98.77249598503113
1090.0 98.63863587379456
1091.0 98.99025559425354
1092.0 98.78597259521484
1093.0 98.90102744102478
1094.0 98.75093102455139
1095.0 98.68589639663696
1096.0 98.76527786254883
1097.0 98.51301908493042
1098.0 98.05053472518921
1099.0 98.6821174621582
1100.0 98.37111234664917
