lsstCam/transmission_filter_detector/r31_s11/y_10/19700101T000000.ecsv
# %ECSV 1.0
# ---
# datatype:
# - {name: wavelength, unit: nm, datatype: float32}
# - {name: efficiency, unit: '%', datatype: float64}
# meta: !!omap
# - {MODE: DETECTOR}
# - {TYPE: transmission_filter_detector}
# - {CALIBDATE: '1970-01-01T00:00:00'}
# - {INSTRUME: LSSTCam}
# - {OBSTYPE: transmission_filter_detector}
# - {CALIBCLS: lsst.ip.isr.IntermediateFilterDetectorTransmissionCurve}
# - {SOURCE: Materion (DM-46256)}
# - {DETECTOR: 130}
# - {FILTER: y_10}
# - {CALIB_ID: 'calibDate=1970-01-01T00:00:00 filter=y_10 detector=130'}
# - {DATE: '2025-04-02T15:59:51.346997'}
# - {CALIB_CREATION_DATE: '2025-04-02'}
# - {CALIB_CREATION_TIME: '15:59:51'}
# - __serialized_columns__:
#     efficiency:
#       __class__: astropy.units.quantity.Quantity
#       unit: !astropy.units.Unit {unit: '%'}
#       value: !astropy.table.SerializedColumn {name: efficiency}
#     wavelength:
#       __class__: astropy.units.quantity.Quantity
#       unit: !astropy.units.Unit {unit: nm}
#       value: !astropy.table.SerializedColumn {name: wavelength}
# schema: astropy-2.0
wavelength efficiency
300.0 0.02118265983881429
301.0 0.024207007663790137
302.0 0.027231354033574462
303.0 0.019211156177334487
304.0 0.01119095686590299
305.0 0.011222917964914814
306.0 0.011254876153543591
307.0 0.011116649693576619
308.0 0.010978423961205408
309.0 0.00978596362983808
310.0 0.008593506208853796
311.0 0.005622672688332386
312.0 0.0026518402592046186
313.0 0.00620963255641982
314.0 0.009767423034645617
315.0 0.006263941031647846
316.0 0.0027604570277617313
317.0 0.0028098724214942195
318.0 0.002859287451428827
319.0 0.0010508697414479684
320.0 1.5926356370862815e-10
321.0 1.5926356370862815e-10
322.0 1.5926356370862815e-10
323.0 0.001853152753028553
324.0 0.004065561734023504
325.0 0.0025612056560930796
326.0 0.0010568495781626552
327.0 0.001980980050575454
328.0 0.0029051101591903716
329.0 0.0035328561352798715
330.0 0.004160602475167252
331.0 0.0033207532396772876
332.0 0.002480904367985204
333.0 0.002848091935447883
334.0 0.003215279139112681
335.0 0.0024345903511857614
336.0 0.0016539015632588416
337.0 0.001875411908258684
338.0 0.0020969224351574667
339.0 0.0014638671927968971
340.0 0.000830812132335268
341.0 0.0010342720088374335
342.0 0.001237731885339599
343.0 0.0011655781236186158
344.0 0.0010934243618976325
345.0 0.0007925222234916873
346.0 0.0004916200396110071
347.0 0.000735148705643951
348.0 0.0009786775990505703
349.0 0.0007709943020017818
350.0 0.0005633107775793178
351.0 0.000822992660687305
352.0 0.001082674407371087
353.0 0.001283006258745445
354.0 0.0014833380191703327
355.0 0.0014718058992002625
356.0 0.0014602735063817818
357.0 0.0013345921615837142
358.0 0.001208910998684587
359.0 0.001085080839402508
360.0 0.0009612507710698992
361.0 0.0008455661372863688
362.0 0.0007298814125533681
363.0 0.000785073461884167
364.0 0.0008402654202654958
365.0 0.001207659806823358
366.0 0.00157505419338122
367.0 0.0018938198991236277
368.0 0.0022125852410681546
369.0 0.0018705437469179742
370.0 0.0015285026165656745
371.0 0.001394971059198724
372.0 0.0012614398656296544
373.0 0.0015547442671959288
374.0 0.001848048486863263
375.0 0.0027345038688508794
376.0 0.003620959250838496
377.0 0.0038878381019458175
378.0 0.004154716953053139
379.0 0.0037135574530111626
380.0 0.003272397952969186
381.0 0.0025064126020879485
382.0 0.0017404270693077706
383.0 0.001324123968515778
384.0 0.000907820685824845
385.0 0.000767808251112001
386.0 0.0006277956345002167
387.0 0.000518149818162783
388.0 0.00040850391087587923
389.0 0.00044229509512661025
390.0 0.00047608632485207636
391.0 0.000497208020533435
392.0 0.0005183295797905885
393.0 0.0006113860308687435
394.0 0.0007044422545732232
395.0 0.0005909665560466237
396.0 0.0004774908120452892
397.0 0.0006235462933545932
398.0 0.0007696015927649569
399.0 0.000977900799625786
400.0 0.0011861997336382046
401.0 0.0014093640857026912
402.0 0.0016325282558682375
403.0 0.001743285611155443
404.0 0.0018540429664426483
405.0 0.0018430841009831056
406.0 0.0018321250536246225
407.0 0.0016725096429581754
408.0 0.0015128942322917283
409.0 0.0013052240319666453
410.0 0.0010975533768942114
411.0 0.0008767267900111619
412.0 0.0006559001121786423
413.0 0.0006160169959912309
414.0 0.0005761340617027599
415.0 0.0004970360805600649
416.0 0.00041793787204369437
417.0 1.5926356370862815e-10
418.0 1.5926356370862815e-10
419.0 1.5926356370862815e-10
420.0 1.5926356370862815e-10
421.0 1.5926356370862815e-10
422.0 1.5926356370862815e-10
423.0 0.00033307373996649403
424.0 0.0008492767847201321
425.0 0.00011421609542594524
426.0 1.5926356370862815e-10
427.0 0.00015676861266911146
428.0 0.0009343817509943619
429.0 0.0003512981720632524
430.0 1.5926356370862815e-10
431.0 4.4678716903945315e-05
432.0 0.00032114273835759377
433.0 1.5926356370862815e-10
434.0 1.5926356370862815e-10
435.0 0.00017137037957581924
436.0 0.0007726815056230407
437.0 0.0004394636107463157
438.0 0.00010624565902617178
439.0 0.0003475482117210049
440.0 0.0005888507985218894
441.0 0.0006667438356089406
442.0 0.000744637009120197
443.0 0.0007493006705772132
444.0 0.0007539644229836995
445.0 0.0004935292054142337
446.0 0.00023309396510740044
447.0 0.00034159040751546854
448.0 0.00045008696361037437
449.0 0.00021028620267316
450.0 1.5926356370862815e-10
451.0 0.00011991930932708783
452.0 0.0002693532223929651
453.0 0.00011794029433076503
454.0 1.5926356370862815e-10
455.0 0.00043029194785049185
456.0 0.0008940565749071538
457.0 0.0003516018978189095
458.0 1.5926356370862815e-10
459.0 1.5926356370862815e-10
460.0 1.5926356370862815e-10
461.0 1.5926356370862815e-10
462.0 0.00017364050108881202
463.0 0.00037881113712501246
464.0 0.000583981818635948
465.0 0.000685351733409334
466.0 0.00078672164818272
467.0 0.0008691883522260468
468.0 0.0009516553291177843
469.0 0.001347641500615282
470.0 0.0017436277630622499
471.0 0.0018536773495725356
472.0 0.001963726754183881
473.0 0.002100483288813848
474.0 0.002237239823443815
475.0 0.002650412716320716
476.0 0.0030635856091976166
477.0 0.0032526346330996603
478.0 0.0034416832932038233
479.0 0.0037012840039096773
480.0 0.003960885078413412
481.0 0.004399234603624791
482.0 0.00483758412883617
483.0 0.0044758453441318125
484.0 0.004114106195629574
485.0 0.003909731458406895
486.0 0.003705357084982097
487.0 0.003263406324549578
488.0 0.0028214557460159995
489.0 0.0025399533114978112
490.0 0.002258450876979623
491.0 0.0020020745068904944
492.0 0.0017456981368013658
493.0 0.0016257161405519582
494.0 0.00150573378050467
495.0 0.0018249918866786174
496.0 0.0021442501747515053
497.0 0.0018528809960116632
498.0 0.001561512181069702
499.0 0.0018531487512518652
500.0 0.002144785139535088
501.0 0.002432713699818123
502.0 0.0027206428057979792
503.0 0.002868744013539981
504.0 0.0030168454031809233
505.0 0.0025809629732975736
506.0 0.002145080543414224
507.0 0.002290273732796777
508.0 0.00243546692217933
509.0 0.0021165447833482176
510.0 0.0017976231902139261
511.0 0.0016282747310469858
512.0 0.0014589263628295157
513.0 0.0018820808691089042
514.0 0.0023052358301356435
515.0 0.0017735230358084664
516.0 0.0012418104233802296
517.0 0.0012434929885785095
518.0 0.0012451755537767895
519.0 0.0011265320608799811
520.0 0.0010078884770337027
521.0 0.0012498949217842892
522.0 0.0014919011846359354
523.0 0.0015784495190018788
524.0 0.0016649975805194117
525.0 0.002061260056507308
526.0 0.0024575225324952044
527.0 0.002299321386090014
528.0 0.0021411204215837643
529.0 0.0022542350052390248
530.0 0.0023673497707932256
531.0 0.0023348744434770197
532.0 0.0023023991161608137
533.0 0.002121867328241933
534.0 0.0019413355403230526
535.0 0.0017422285964130424
536.0 0.0015431214706040919
537.0 0.0019139622963848524
538.0 0.0022848033040645532
539.0 0.002567540832387749
540.0 0.002850278360710945
541.0 0.00342611747328192
542.0 0.004001956767751835
543.0 0.004401295518619008
544.0 0.004800634633284062
545.0 0.0049289490561932325
546.0 0.005057263479102403
547.0 0.004440625343704596
548.0 0.0038239872083067894
549.0 0.003117372762062587
550.0 0.002410758679616265
551.0 0.002523530747566838
552.0 0.0026363028155174106
553.0 0.0027823971322504804
554.0 0.0029284916308824904
555.0 0.003631158688222058
556.0 0.004333825927460566
557.0 0.004238385372445919
558.0 0.004142944817431271
559.0 0.0037705161958001554
560.0 0.0033980875741690397
561.0 0.003666503107524477
562.0 0.003934918640879914
563.0 0.0036039433325640857
564.0 0.003272968388046138
565.0 0.0035551369364839047
566.0 0.003837305848719552
567.0 0.004017492028651759
568.0 0.004197678572381847
569.0 0.004804986383533105
570.0 0.005412293830886483
571.0 0.005716658415622078
572.0 0.006021023000357673
573.0 0.006180878699524328
574.0 0.006340735126286745
575.0 0.0064395244407933205
576.0 0.006538314482895657
577.0 0.005975511885480955
578.0 0.005412709288066253
579.0 0.005598995994660072
580.0 0.005785282701253891
581.0 0.006526825745822862
582.0 0.007268368790391833
583.0 0.008406806591665372
584.0 0.009545244392938912
585.0 0.009951312677003443
586.0 0.010357380233472213
587.0 0.010594794730423018
588.0 0.010832211410161108
589.0 0.010634335922077298
590.0 0.010436464071972296
591.0 0.009761091496329755
592.0 0.009085719648282975
593.0 0.007978908251971006
594.0 0.006872096855659038
595.0 0.006151717389002442
596.0 0.005431339013739489
597.0 0.005819668876938522
598.0 0.006207999103935435
599.0 0.0072033370088320225
600.0 0.008198674186132848
601.0 0.009235851757694036
602.0 0.010273028601659462
603.0 0.010614652273943648
604.0 0.010956275946227834
605.0 0.010967222624458373
606.0 0.010978167847497389
607.0 0.009815878729568794
608.0 0.008653590339235961
609.0 0.006905051850480959
610.0 0.005156512634130195
611.0 0.004379712845548056
612.0 0.0036029126931680366
613.0 0.0035164553992217407
614.0 0.0034299973776796833
615.0 0.004332125172368251
616.0 0.005234252603258938
617.0 0.006497458525700495
618.0 0.007760662992950529
619.0 0.009183434303849936
620.0 0.010606205614749342
621.0 0.010888039832934737
622.0 0.011169876233907416
623.0 0.01151756223407574
624.0 0.01186524605145678
625.0 0.010802943870658055
626.0 0.009740640234667808
627.0 0.007793989789206535
628.0 0.005847339343745261
629.0 0.004769151928485371
630.0 0.0036909652408212423
631.0 0.002915590630436782
632.0 0.0021402165657491423
633.0 0.0023028422219795175
634.0 0.002465468060108833
635.0 0.0027113605028716847
636.0 0.002957253309432417
637.0 0.00337318706442602
638.0 0.0037891208194196224
639.0 0.004320027073845267
640.0 0.004850933692068793
641.0 0.005119588604429737
642.0 0.0053882431529928
643.0 0.005664007767336443
644.0 0.0059397720178822055
645.0 0.0052319097449071705
646.0 0.004524047835730016
647.0 0.003811697752098553
648.0 0.003099348396062851
649.0 0.0025406081476830877
650.0 0.001981867717404384
651.0 0.001722248453006614
652.0 0.0014626286429120228
653.0 0.0014330070371215697
654.0 0.0014033854313311167
655.0 0.001338717993348837
656.0 0.001274050555366557
657.0 0.001393915772496257
658.0 0.0015137809896259569
659.0 0.0014104680303717032
660.0 0.0013071551620669197
661.0 0.0013959856005385518
662.0 0.0014848162209091242
663.0 0.0017638456483837217
664.0 0.002042874984908849
665.0 0.002631109055073466
666.0 0.0032193431252380833
667.0 0.004063072628923692
668.0 0.004906802496407181
669.0 0.0056386827054666355
670.0 0.0063705636421218514
671.0 0.006844808376627043
672.0 0.00731905092834495
673.0 0.007376178109552711
674.0 0.00743330383556895
675.0 0.007350600935751572
676.0 0.007267898035934195
677.0 0.006079801823943853
678.0 0.004891705248155631
679.0 0.003572475543478504
680.0 0.002253245656902436
681.0 0.0014247951185097918
682.0 0.0005963447165413527
683.0 0.000598727228862117
684.0 0.0006011098321323516
685.0 0.00034758193123707315
686.0 9.405399055140151e-05
687.0 9.528319537821517e-05
688.0 9.651234904595185e-05
689.0 0.000169322527199256
690.0 0.00024213265987782506
691.0 0.00021700861907447688
692.0 0.00019188446458429098
693.0 0.00020219872567395214
694.0 0.0002125129412888782
695.0 0.0001917242116178386
696.0 0.00017093560700232047
697.0 0.0002199688424298074
698.0 0.0002690020892259781
699.0 0.00028241258860361995
700.0 0.00029582322440546704
701.0 0.0002574761765572475
702.0 0.0002191291741837631
703.0 0.00014227022120394395
704.0 6.541130233017611e-05
705.0 8.868598797562299e-05
706.0 0.00011196063951501856
707.0 0.0002564020633144537
708.0 0.0004008435098512564
709.0 0.0005994041657686466
710.0 0.0007979650035849772
711.0 0.0006932447831786703
712.0 0.0005885246537218336
713.0 0.00033023040941770887
714.0 7.193616511358414e-05
715.0 0.00019743506527447607
716.0 0.00032293394269800046
717.0 0.00018327313000554568
718.0 4.361230310223618e-05
719.0 0.00032363959689973854
720.0 0.0006036670129105914
721.0 0.0005972548933641519
722.0 0.0005908430011913879
723.0 0.00048700248953537084
724.0 0.0003831619778793538
725.0 0.00040092249946610536
726.0 0.00041868302105285693
727.0 0.00022938274923944846
728.0 4.0082608165903366e-05
729.0 0.0002844095888576703
730.0 0.000528736381966155
731.0 0.00037019981391495094
732.0 0.0002116632686011144
733.0 0.000456637144452543
734.0 0.0007016113158897497
735.0 0.0005194295226829126
736.0 0.0003372478204255458
737.0 0.00021464554720296292
738.0 9.204336492985021e-05
739.0 9.798079645406688e-05
740.0 0.00010391829619038617
741.0 0.00011374523865015362
742.0 0.0001235722152159724
743.0 0.00026036125291284407
744.0 0.0003971501882915618
745.0 0.00039150813790911343
746.0 0.0003858658601529896
747.0 0.0002109699153152178
748.0 3.6073819842386e-05
749.0 0.00013160967000658275
750.0 0.00022714548322255723
751.0 0.00047077242015802767
752.0 0.000714399311618763
753.0 0.0004502930551097961
754.0 0.0001861867986008292
755.0 0.00045588835746457335
756.0 0.0007255898708535824
757.0 0.0005165202310308814
758.0 0.00030745077310712077
759.0 0.00033830808661150513
760.0 0.00036916537737852195
761.0 0.00043972845560347196
762.0 0.0005102914656163193
763.0 0.00045870046960772015
764.0 0.00040710920075071044
765.0 0.00034515128390921745
766.0 0.00028319341254245955
767.0 0.0005007444087823387
768.0 0.0007182955869211582
769.0 0.0005508786671271082
770.0 0.00038346174733305816
771.0 0.0006131969257694436
772.0 0.0008429321496805642
773.0 0.0005956052063993411
774.0 0.0003482781949060154
775.0 0.00036781314065592596
776.0 0.0003873482910421444
777.0 0.00028735535124724265
778.0 0.00018736227502813563
779.0 0.0006090235274314182
780.0 0.0010306847798347007
781.0 0.0007603892754559638
782.0 0.0004900936346530216
783.0 0.0007170659500843612
784.0 0.0009440382200409658
785.0 0.0006952109742996981
786.0 0.00044638341023528483
787.0 0.0003689270670292899
788.0 0.00029147061013645725
789.0 0.00047856397031864617
790.0 0.0006656572168139974
791.0 0.0006259056135604624
792.0 0.0005861538738827221
793.0 0.0007130315680115018
794.0 0.0008399092621402815
795.0 0.0006779571776860394
796.0 0.0005160050477570621
797.0 0.0006190458407218102
798.0 0.0007220865427370882
799.0 0.0004411857844388578
800.0 0.00016028509435273008
801.0 0.0006639593721047277
802.0 0.001167633763543563
803.0 0.0010923376976279542
804.0 0.001017041904560756
805.0 0.0007944207027321681
806.0 0.0005717995463783154
807.0 0.0001461182591810939
808.0 1.5926356370862815e-10
809.0 0.0003130343202428776
810.0 0.0009056318049260881
811.0 0.0007302041012735572
812.0 0.0005547763066715561
813.0 0.0006568101071025012
814.0 0.0007588436801597709
815.0 0.0007815385288267862
816.0 0.0008042330591706559
817.0 0.0007778541657899041
818.0 0.0007514752724091522
819.0 0.0007891066161391791
820.0 0.0008267380508186761
821.0 0.0009469331416767091
822.0 0.0010671283234842122
823.0 0.0008508388418704271
824.0 0.0006345494057313772
825.0 0.0008790935680735856
826.0 0.001123637684941059
827.0 0.0007675979759369511
828.0 0.0004115580395591678
829.0 0.00046447967179119587
830.0 0.000517401349497959
831.0 0.0005748122930526733
832.0 0.0006322233730315929
833.0 0.0008997794793685898
834.0 0.0011673355402308516
835.0 0.001088188582798466
836.0 0.0010090415344166104
837.0 0.0005907526883675018
838.0 0.00017246388779312838
839.0 0.00039467749957111664
840.0 0.0006168911113491049
841.0 0.0010748276508820709
842.0 0.0015327641449403018
843.0 0.0012419925951689947
844.0 0.0009512208634987473
845.0 0.0006866873263788875
846.0 0.00042215360736008734
847.0 0.0009663729542808142
848.0 0.0015105924831004813
849.0 0.0010873546671064105
850.0 0.0006641168511123396
851.0 0.0006252729690459091
852.0 0.0005864291779289488
853.0 0.0007665979865123518
854.0 0.0009467667950957548
855.0 0.0009523517292109318
856.0 0.0009579366633261088
857.0 0.0010233575267193373
858.0 0.0010887783901125658
859.0 0.0009018770469992887
860.0 0.0007149758403102169
861.0 0.0010891856618400197
862.0 0.001463395165046677
863.0 0.0015890656868577935
864.0 0.00171473620866891
865.0 0.0019807499484159052
866.0 0.002246763870061841
867.0 0.0025340545107610524
868.0 0.0028213449695613235
869.0 0.0027085470719612204
870.0 0.002595748992462177
871.0 0.00323121712426655
872.0 0.0038666854379698634
873.0 0.0032044168619904667
874.0 0.002542148831707891
875.0 0.0022305377569864504
