lsstCam/transmission_filter_detector/r41_s01/z_20/19700101T000000.ecsv
# %ECSV 1.0
# ---
# datatype:
# - {name: wavelength, unit: nm, datatype: float32}
# - {name: efficiency, unit: '%', datatype: float64}
# meta: !!omap
# - {MODE: DETECTOR}
# - {TYPE: transmission_filter_detector}
# - {CALIBDATE: '1970-01-01T00:00:00'}
# - {INSTRUME: LSSTCam}
# - {OBSTYPE: transmission_filter_detector}
# - {CALIBCLS: lsst.ip.isr.IntermediateFilterDetectorTransmissionCurve}
# - {SOURCE: Materion (DM-46256)}
# - {DETECTOR: 163}
# - {FILTER: z_20}
# - {CALIB_ID: 'calibDate=1970-01-01T00:00:00 filter=z_20 detector=163'}
# - {DATE: '2025-04-02T15:59:49.397407'}
# - {CALIB_CREATION_DATE: '2025-04-02'}
# - {CALIB_CREATION_TIME: '15:59:49'}
# - __serialized_columns__:
#     efficiency:
#       __class__: astropy.units.quantity.Quantity
#       unit: !astropy.units.Unit {unit: '%'}
#       value: !astropy.table.SerializedColumn {name: efficiency}
#     wavelength:
#       __class__: astropy.units.quantity.Quantity
#       unit: !astropy.units.Unit {unit: nm}
#       value: !astropy.table.SerializedColumn {name: wavelength}
# schema: astropy-2.0
wavelength efficiency
300.0 0.41008805856108665
301.0 0.3483206732198596
302.0 0.28655328787863255
303.0 0.23789522238075733
304.0 0.18923715688288212
305.0 0.18588319653645158
306.0 0.18252921290695667
307.0 0.16908691031858325
308.0 0.15564457280561328
309.0 0.13401441974565387
310.0 0.11238426668569446
311.0 0.11476394720375538
312.0 0.1171436277218163
313.0 0.10196715593338013
314.0 0.08679066668264568
315.0 0.08073393837548792
316.0 0.0746771926060319
317.0 0.07227577152661979
318.0 0.0698743388056755
319.0 0.06698420038446784
320.0 0.06409406778402627
321.0 0.060310488333925605
322.0 0.05652690306305885
323.0 0.05148756899870932
324.0 0.04644824075512588
325.0 0.04700110584963113
326.0 0.04755397385451943
327.0 0.04092305316589773
328.0 0.03429213247727603
329.0 0.03555136208888143
330.0 0.03681058879010379
331.0 0.035484423278830945
332.0 0.0341582577675581
333.0 0.031213174224831164
334.0 0.02826809068210423
335.0 0.026238997816108167
336.0 0.024209906405303627
337.0 0.021696176554542035
338.0 0.019182446703780442
339.0 0.018940219888463616
340.0 0.018697991617955267
341.0 0.0173923559486866
342.0 0.01608671882422641
343.0 0.01619126123841852
344.0 0.016295802197419107
345.0 0.014953188656363636
346.0 0.013610573660116643
347.0 0.012606830568984151
348.0 0.011603086750255898
349.0 0.011816134792752564
350.0 0.012029183562844992
351.0 0.011741598427761346
352.0 0.011454014020273462
353.0 0.011694329441525042
354.0 0.01193464413518086
355.0 0.011390470172045752
356.0 0.010846295481314883
357.0 0.010755161929409951
358.0 0.01066402910510078
359.0 0.009947189391823485
360.0 0.009230350406141952
361.0 0.00912820323719643
362.0 0.00902605679584667
363.0 0.008960279956227168
364.0 0.008894502389011905
365.0 0.009031769150169566
366.0 0.009169034456135705
367.0 0.00892235548235476
368.0 0.008675674325786531
369.0 0.00847584378789179
370.0 0.008276014705188572
371.0 0.008335840539075434
372.0 0.008395667100558057
373.0 0.008345156675204635
374.0 0.00829464552225545
375.0 0.006953481351956725
376.0 0.0056123175454558805
377.0 0.005505387889570557
378.0 0.005398458233685233
379.0 0.0053251744247972965
380.0 0.00525189061590936
381.0 0.004740643998957239
382.0 0.004229397018207237
383.0 0.004429917680681683
384.0 0.004630438343156129
385.0 0.004822188202524558
386.0 0.005013938061892986
387.0 0.00490249803988263
388.0 0.004791058381670155
389.0 0.004697311669588089
390.0 0.004603564593708143
391.0 0.004332731623435393
392.0 0.004061898653162643
393.0 0.0037552472349489108
394.0 0.003448595089139417
395.0 0.003343670323374681
396.0 0.0032387455576099455
397.0 0.0035215707612223923
398.0 0.003804395964834839
399.0 0.004185019133728929
400.0 0.004565642302623019
401.0 0.004706333493231796
402.0 0.004847024320042692
403.0 0.004865790106123313
404.0 0.004884555528406054
405.0 0.004488434205995873
406.0 0.0040923128835856915
407.0 0.004689123670686968
408.0 0.005285934821586125
409.0 0.004823200288228691
410.0 0.004360466482467018
411.0 0.00425522230216302
412.0 0.0041499781218590215
413.0 0.004429918772075325
414.0 0.004709859422291629
415.0 0.004364522465039045
416.0 0.00401918550778646
417.0 0.0032430540159111843
418.0 0.0024669227059348486
419.0 0.0030940474971430376
420.0 0.0037211721064522862
421.0 0.0032575670047663152
422.0 0.002793962266878225
423.0 0.0028880038371426053
424.0 0.0029820454074069858
425.0 0.0030787101422902197
426.0 0.0031753748771734536
427.0 0.002862341898435261
428.0 0.0025493092834949493
429.0 0.002140245123882778
430.0 0.0017311809642706066
431.0 0.0017173495507449843
432.0 0.001703518137219362
433.0 0.0018248960259370506
434.0 0.0019462739146547392
435.0 0.002564113492553588
436.0 0.0031819534342503175
437.0 0.002839282024069689
438.0 0.002496610613889061
439.0 0.0022106065443949774
440.0 0.0019246026567998342
441.0 0.0021490630388143472
442.0 0.0023735234208288603
443.0 0.001930098733282648
444.0 0.0014866743185848463
445.0 0.0016544025129405782
446.0 0.0018221306163468398
447.0 0.002154895082639996
448.0 0.002487659548933152
449.0 0.002152779961761553
450.0 0.0018179001926910132
451.0 0.0015542305845883675
452.0 0.001290561067435192
453.0 0.0018774942873278633
454.0 0.0024644274162710644
455.0 0.0022268694010563195
456.0 0.001989311567740515
457.0 0.0014746021406608634
458.0 0.0009598925316822715
459.0 0.0012191961104690563
460.0 0.0014784999621042516
461.0 0.0014381861547008157
462.0 0.00139787252919632
463.0 0.001106457693822449
464.0 0.0008150427674991079
465.0 0.001310429161094362
466.0 0.0018058153727906756
467.0 0.0016303843949572183
468.0 0.0014549532352248207
469.0 0.0011302567145321518
470.0 0.0008055601028900128
471.0 0.001129614065575879
472.0 0.0014536679373122752
473.0 0.0015633129805792123
474.0 0.0016729582057450898
475.0 0.0015282357708201744
476.0 0.001383513335895259
477.0 0.0014841577467450406
478.0 0.0015848023394937627
479.0 0.0017414615285815671
480.0 0.0018981210814672522
481.0 0.001393586444464745
482.0 0.000889051898411708
483.0 0.0009452508493268397
484.0 0.0010014497092925012
485.0 0.0012641507055377588
486.0 0.0015268518836819567
487.0 0.0012818991308449768
488.0 0.001036946468957467
489.0 0.0011397572961868718
490.0 0.0012425681234162766
491.0 0.0012672709999606013
492.0 0.0012919737855554558
493.0 0.0016061838323366828
494.0 0.0019203935153200291
495.0 0.001653382059885189
496.0 0.001386370695399819
497.0 0.0011514834113768302
498.0 0.0009165962183033116
499.0 0.0012923427675559651
500.0 0.0016680893168086186
501.0 0.0014809417734795716
502.0 0.0012937942301505245
503.0 0.0010015267434937414
504.0 0.0007092592568369582
505.0 0.0012350513316050638
506.0 0.0017608434063731693
507.0 0.0016304264136124402
508.0 0.0015000092389527708
509.0 0.0013340428267838433
510.0 0.0011680762327159755
511.0 0.0012131048606534023
512.0 0.0012581333066918887
513.0 0.0014653344805992674
514.0 0.001672535654506646
515.0 0.001377006083203014
516.0 0.0010814766937983222
517.0 0.0010936953003692906
518.0 0.0011059141797886696
519.0 0.0015592095223837532
520.0 0.002012504955928307
521.0 0.0020382782167871483
522.0 0.0020640514776459895
523.0 0.0019930741473217495
524.0 0.0019220964531996287
525.0 0.001176314617623575
526.0 0.00043053269109805115
527.0 0.0007107223154889653
528.0 0.0009909119398798794
529.0 0.0010831659892573953
530.0 0.0011754200386349112
531.0 0.0013002169907849748
532.0 0.0014250141248339787
533.0 0.0012153277566540055
534.0 0.001005641297524562
535.0 0.0014729058420925867
536.0 0.0019401704776100814
537.0 0.0018715138139668852
538.0 0.0018028573322226293
539.0 0.0013647546438733116
540.0 0.000926652046473464
541.0 0.0009812304597289767
542.0 0.001035808691085549
543.0 0.0008306811650982127
544.0 0.0006255535481614061
545.0 0.0012406591849867254
546.0 0.0018557648218120448
547.0 0.0019809527657344006
548.0 0.002106140527757816
549.0 0.00204964690055931
550.0 0.001993153455259744
551.0 0.001691946636128705
552.0 0.0013907399988966063
553.0 0.0016183748812181875
554.0 0.0018460097635397688
555.0 0.0018377038941252977
556.0 0.0018293978428118862
557.0 0.0015166549928835593
558.0 0.0012039121429552324
559.0 0.0014129495866654906
560.0 0.0016219868484768085
561.0 0.001361111117148539
562.0 0.0011002352948707994
563.0 0.001363371848128736
564.0 0.0016265086742350832
565.0 0.001840960067056585
566.0 0.0020554116417770274
567.0 0.002379354918957688
568.0 0.0027032981961383484
569.0 0.0027467880499898456
570.0 0.002790277540043462
571.0 0.0026664138204068877
572.0 0.002542549918871373
573.0 0.0023719661840004846
574.0 0.002201382267230656
575.0 0.0019462648197077215
576.0 0.001691147372184787
577.0 0.0018703438399825245
578.0 0.0020495401258813217
579.0 0.0019056958990404382
580.0 0.0017618516721995547
581.0 0.0017244043192476965
582.0 0.0016869571481947787
583.0 0.0016018591850297526
584.0 0.0015167612218647264
585.0 0.0017402249795850366
586.0 0.0019636885554064065
587.0 0.0018739208826445974
588.0 0.0017841532098827884
589.0 0.0017796355678001419
590.0 0.0017751179257174954
591.0 0.0016899099136935547
592.0 0.001604701901669614
593.0 0.0015485991752939299
594.0 0.0014924963579687756
595.0 0.0011379570423741825
596.0 0.0007834176358301193
597.0 0.0007398324214591412
598.0 0.0006962472070881631
599.0 0.0008000179150258191
600.0 0.0009037886229634751
601.0 0.0007207899216155056
602.0 0.0005377912202675361
603.0 0.0008543188414478209
604.0 0.0011708462807291653
605.0 0.0010880681656999514
606.0 0.0010052900506707374
607.0 0.0008716787306184415
608.0 0.0007380675015156157
609.0 0.0007627057129866444
610.0 0.0007873440154071432
611.0 0.0008668462214700412
612.0 0.0009463482456339989
613.0 0.0009654186214902438
614.0 0.0009844891792454291
615.0 0.001129991051129764
616.0 0.0012754929230140988
617.0 0.0015152844753174577
618.0 0.0017550763004692271
619.0 0.0016765448890510015
620.0 0.001598013477632776
621.0 0.0014966380149417091
622.0 0.0013952625522506423
623.0 0.0013054688679403625
624.0 0.001215675274579553
625.0 0.0013959888747194782
626.0 0.001576302202010993
627.0 0.001961701491381973
628.0 0.002347100598854013
629.0 0.002150055661331862
630.0 0.0019530107238097116
631.0 0.00197715125977993
632.0 0.0020012916138512082
633.0 0.0025156479750876315
634.0 0.0030300047001219355
635.0 0.005793587843072601
636.0 0.008557171531720087
637.0 0.0157406713697128
638.0 0.02292417484568432
639.0 0.02012530603678897
640.0 0.017326438683085144
641.0 0.014992235810495913
642.0 0.01265803148271516
643.0 0.009145278454525396
644.0 0.0056325257901335135
645.0 0.005857008000020869
646.0 0.006081490209908225
647.0 0.005768480696133338
648.0 0.005455471546156332
649.0 0.004256339889252558
650.0 0.003057207868550904
651.0 0.003305627978988923
652.0 0.0035540477256290615
653.0 0.002862014480342623
654.0 0.0021699812350561842
655.0 0.0021638850739691406
656.0 0.0021577890947810374
657.0 0.0022417752916226164
658.0 0.0023257614884641953
659.0 0.0022838714357931167
660.0 0.0022419812012230977
661.0 0.00237947406276362
662.0 0.0025169669243041426
663.0 0.002055888944596518
664.0 0.001594810964888893
665.0 0.0015475710824830458
666.0 0.0015003312910266686
667.0 0.0013506683899322525
668.0 0.0012010055797873065
669.0 0.001324729328189278
670.0 0.0014484531675407197
671.0 0.0012021428119624034
672.0 0.0009558321835356764
673.0 0.0012302511095185764
674.0 0.0015046700355014764
675.0 0.001397526193613885
676.0 0.0012903824426757637
677.0 0.0015174682630458847
678.0 0.001744553810567595
679.0 0.0020293688066885807
680.0 0.002314183620910626
681.0 0.0020802321159862913
682.0 0.001846280792960897
683.0 0.0023371003408101387
684.0 0.0028279200705583207
685.0 0.002661950566107407
686.0 0.0024959808797575533
687.0 0.0024675833628862165
688.0 0.0024391858460148796
689.0 0.0023934615455800667
690.0 0.0023477376089431345
691.0 0.002473545646353159
692.0 0.0025993536837631837
693.0 0.003061885217903182
694.0 0.00352441675204318
695.0 0.0037380486901383847
696.0 0.003951680628233589
697.0 0.0038345096982084215
698.0 0.0037173380405874923
699.0 0.005204809349379502
700.0 0.0066922802943736315
701.0 0.006788399332435802
702.0 0.006884519098093733
703.0 0.0061932696553412825
704.0 0.005502019848790951
705.0 0.0045248718379298225
706.0 0.003547723827068694
707.0 0.0033785134291974828
708.0 0.0032093033951241523
709.0 0.003851034489343874
710.0 0.004492765947361477
711.0 0.004093058669241145
712.0 0.003693351391120814
713.0 0.002753232365648728
714.0 0.0018131137039745227
715.0 0.0021389552784967236
716.0 0.002464797034917865
717.0 0.002108181797666475
718.0 0.0017515665604150854
719.0 0.0016595709894318134
720.0 0.0015675756003474817
721.0 0.0018156135411118157
722.0 0.00206365166377509
723.0 0.0021870255295652896
724.0 0.0023103992134565488
725.0 0.0020140343622188084
726.0 0.0017176693290821277
727.0 0.0019011700715054758
728.0 0.002084670813928824
729.0 0.0018716276827035472
730.0 0.00165858436957933
731.0 0.001358941153739579
732.0 0.001059297937899828
733.0 0.0013932497495261487
734.0 0.0017272015611524694
735.0 0.0014618101886298973
736.0 0.0011964189070567954
737.0 0.0011445516975072678
738.0 0.0010926846698566806
739.0 0.0014035763342690188
740.0 0.001714467907731887
741.0 0.0014550279047398362
742.0 0.0011955875379499048
743.0 0.001527986751170829
744.0 0.0018603856005938724
745.0 0.0020876525013591163
746.0 0.00231491940212436
747.0 0.0021527434000745416
748.0 0.0019905672161257826
749.0 0.002810651312756818
750.0 0.0036307355912867934
751.0 0.003537654265528545
752.0 0.003444573303568177
753.0 0.0032514872145839036
754.0 0.003058401489397511
755.0 0.002882673288695514
756.0 0.0027069450879935175
757.0 0.0025212180844391696
758.0 0.002335491262783762
759.0 0.002753242188191507
760.0 0.0031709932954981923
761.0 0.004571910540107638
762.0 0.005972826693323441
763.0 0.0057518816902302206
764.0 0.005530935959541239
765.0 0.004939387508784421
766.0 0.00434783760283608
767.0 0.004179414463578723
768.0 0.0040109916881192476
769.0 0.004750418884214014
770.0 0.005489846444106661
771.0 0.004479769268073142
772.0 0.0034696931834332645
773.0 0.0037135498132556677
774.0 0.00395740607928019
775.0 0.06282580434344709
776.0 1.6331063020999514e-10
777.0 1.6331063020999514e-10
778.0 1.6331063020999514e-10
779.0 0.03125540097244084
780.0 1.6331063020999514e-10
781.0 0.00918012738111429
782.0 0.06292875041253865
783.0 1.6331063020999514e-10
784.0 0.036831930628977716
785.0 1.6331063020999514e-10
786.0 1.6331063020999514e-10
787.0 1.6331063020999514e-10
788.0 0.10459218174219131
789.0 1.6331063020999514e-10
790.0 0.12086736969649792
791.0 1.6331063020999514e-10
792.0 0.0710663793142885
793.0 0.07158528314903378
794.0 0.00736587171559222
795.0 0.0448670209152624
796.0 1.6331063020999514e-10
797.0 0.139825779478997
798.0 0.14273469569161534
799.0 0.08767777471803129
800.0 0.26940375100821257
801.0 0.42412029579281807
802.0 0.6951906252652407
803.0 1.296094711869955
804.0 1.9394828006625175
805.0 3.1783677637577057
806.0 4.710618034005165
807.0 6.854773312807083
808.0 9.147322177886963
809.0 11.988070607185364
810.0 15.23769497871399
811.0 18.356332182884216
812.0 21.416062116622925
813.0 24.66077208518982
814.0 27.977007627487183
815.0 32.815805077552795
816.0 37.90419101715088
817.0 43.889087438583374
818.0 50.098806619644165
819.0 56.65525197982788
820.0 64.36706185340881
821.0 71.95514440536499
822.0 77.6509940624237
823.0 82.66022801399231
824.0 87.52788305282593
825.0 92.01704859733582
826.0 94.31463479995728
827.0 96.6563880443573
828.0 98.65848422050476
829.0 99.18243885040283
830.0 98.8065242767334
831.0 99.48877692222595
832.0 98.58653545379639
833.0 99.566650390625
834.0 98.65983128547668
835.0 99.26503896713257
836.0 99.25152659416199
837.0 98.77455234527588
838.0 98.21439981460571
839.0 98.42174053192139
840.0 98.61394762992859
841.0 99.30137991905212
842.0 99.04478788375854
843.0 99.82408881187439
844.0 98.18248748779297
845.0 98.50714802742004
846.0 99.30949211120605
847.0 98.83692264556885
848.0 99.81629252433777
849.0 98.74531626701355
850.0 98.40173125267029
851.0 99.14734363555908
852.0 99.20916557312012
853.0 98.64180088043213
854.0 99.71281886100769
855.0 98.32127094268799
856.0 99.07166957855225
857.0 97.71631360054016
858.0 98.6055076122284
859.0 98.94662499427795
860.0 98.67807626724243
861.0 98.78871440887451
862.0 98.6427366733551
863.0 98.30023050308228
864.0 99.66766834259033
865.0 99.45361018180847
866.0 98.82493615150452
867.0 99.22173619270325
868.0 99.3705153465271
869.0 99.04249906539917
870.0 97.9548990726471
871.0 98.62924814224243
872.0 99.41878914833069
873.0 98.88375401496887
874.0 99.68345165252686
875.0 99.01933073997498
876.0 98.78435134887695
877.0 99.51914548873901
878.0 99.22253489494324
879.0 98.5194206237793
880.0 98.89432191848755
881.0 100.04606246948242
882.0 98.75714182853699
883.0 98.68195652961731
884.0 99.37337040901184
885.0 99.1436243057251
886.0 98.38703870773315
887.0 98.75924587249756
888.0 98.98729920387268
889.0 99.56434965133667
890.0 98.38494658470154
891.0 99.53452348709106
892.0 98.9193320274353
893.0 98.7048864364624
894.0 98.15292358398438
895.0 99.54774379730225
