lsstCam/transmission_filter_detector/r41_s01/z_20/19700101T000000.ecsv
# %ECSV 1.0
# ---
# datatype:
# - {name: wavelength, unit: nm, datatype: float32}
# - {name: efficiency, unit: '%', datatype: float64}
# meta: !!omap
# - {MODE: DETECTOR}
# - {TYPE: transmission_filter_detector}
# - {CALIBDATE: '1970-01-01T00:00:00'}
# - {INSTRUME: LSSTCam}
# - {OBSTYPE: transmission_filter_detector}
# - {CALIBCLS: lsst.ip.isr.IntermediateFilterDetectorTransmissionCurve}
# - {SOURCE: Materion (DM-46256)}
# - {DETECTOR: 163}
# - {FILTER: z_20}
# - {CALIB_ID: 'calibDate=1970-01-01T00:00:00 filter=z_20 detector=163'}
# - {DATE: '2025-04-02T15:59:49.397407'}
# - {CALIB_CREATION_DATE: '2025-04-02'}
# - {CALIB_CREATION_TIME: '15:59:49'}
# - __serialized_columns__:
#     efficiency:
#       __class__: astropy.units.quantity.Quantity
#       unit: !astropy.units.Unit {unit: '%'}
#       value: !astropy.table.SerializedColumn {name: efficiency}
#     wavelength:
#       __class__: astropy.units.quantity.Quantity
#       unit: !astropy.units.Unit {unit: nm}
#       value: !astropy.table.SerializedColumn {name: wavelength}
# schema: astropy-2.0
wavelength efficiency
[from data line 597]
897.0 98.74317646026611
898.0 98.72176051139832
899.0 98.7869381904602
900.0 98.79307746887207
901.0 99.10704493522644
902.0 98.75082969665527
903.0 99.09034371376038
904.0 97.90736436843872
905.0 98.64710569381714
906.0 98.1016218662262
907.0 98.94389510154724
908.0 98.18434715270996
909.0 98.21966886520386
910.0 97.85904884338379
911.0 96.96897268295288
912.0 96.05532884597778
913.0 94.80592012405396
914.0 92.62480139732361
915.0 90.38201570510864
916.0 87.97812461853027
917.0 86.22499704360962
918.0 83.15722346305847
919.0 82.03867673873901
920.0 78.94119024276733
921.0 75.20560026168823
922.0 70.68997621536255
923.0 65.03415703773499
924.0 59.73586440086365
925.0 54.15262579917908
926.0 47.86697030067444
927.0 40.84214270114899
928.0 34.83354151248932
929.0 28.486186265945435
930.0 22.86340743303299
931.0 17.639610171318054
932.0 12.43123710155487
933.0 8.279410749673843
934.0 5.15897274017334
935.0 3.1595930457115173
936.0 1.8047858029603958
937.0 1.2143163941800594
938.0 0.6789376959204674
939.0 0.31481629703193903
940.0 0.15501892194151878
941.0 0.1663179718889296
942.0 0.1475063501857221
943.0 1.6331063020999514e-10
944.0 0.016228861932177097
945.0 0.10850322432816029
946.0 0.09455786203034222
947.0 1.6331063020999514e-10
948.0 0.0662840495351702
949.0 0.08693443378433585
950.0 0.042176153510808945
951.0 0.11887853033840656
952.0 0.07965466938912868
953.0 0.08685948560014367
954.0 0.11544935405254364
955.0 1.6331063020999514e-10
956.0 0.013889641559217125
957.0 1.6331063020999514e-10
958.0 0.05709234974347055
959.0 1.6331063020999514e-10
960.0 0.02979064593091607
961.0 1.6331063020999514e-10
962.0 1.6331063020999514e-10
963.0 1.6331063020999514e-10
964.0 0.05763768567703664
965.0 4.4203287075106346e-05
966.0 1.6331063020999514e-10
967.0 0.0747778918594122
968.0 1.6331063020999514e-10
969.0 0.04926534020341933
970.0 1.6331063020999514e-10
971.0 1.6331063020999514e-10
972.0 1.6331063020999514e-10
973.0 1.6331063020999514e-10
974.0 1.6331063020999514e-10
975.0 1.6331063020999514e-10
976.0 0.006099219172028825
977.0 0.005974639134365134
978.0 0.005850059460499324
979.0 0.005679416062775999
980.0 0.005508773392648436
981.0 0.005492687341757119
982.0 0.005476601290865801
983.0 0.005308504478307441
984.0 0.0051404073019512
985.0 0.0051273957069497555
986.0 0.005114384111948311
987.0 0.005029066596762277
988.0 0.004943749445374124
989.0 0.004840946712647565
990.0 0.004738143979921006
991.0 0.004616384103428572
992.0 0.00449462459073402
993.0 0.0046048251533648
994.0 0.004715025352197699
995.0 0.004523841562331654
996.0 0.00433265850006137
997.0 0.004385640932014212
998.0 0.004438623727764934
999.0 0.004499126589507796
1000.0 0.004559629815048538
1001.0 0.004345385968917981
1002.0 0.004131142122787423
1003.0 0.004137462747166865
1004.0 0.004143783371546306
1005.0 0.004029807678307407
1006.0 0.0039158319850685075
1007.0 0.003921304960385896
1008.0 0.003926777571905404
1009.0 0.004051732685184106
1010.0 0.004176687798462808
1011.0 0.004085389809915796
1012.0 0.003994091821368784
1013.0 0.004039270788780414
1014.0 0.004084450119989924
1015.0 0.004021516360808164
1016.0 0.003958583329222165
1017.0 0.004123885810258798
1018.0 0.0042891882912954316
1019.0 0.00420419019064866
1020.0 0.004119192090001889
1021.0 0.004134992559556849
1022.0 0.004150792665313929
1023.0 0.0041710107325343415
1024.0 0.004191229163552634
1025.0 0.004219378752168268
1026.0 0.004247528704581782
1027.0 0.004401430851430632
1028.0 0.004555332998279482
1029.0 0.004506922050495632
1030.0 0.004458511102711782
1031.0 0.004452253051567823
1032.0 0.0044459950004238635
1033.0 0.004509643622441217
1034.0 0.004573292244458571
1035.0 0.004742714008898474
1036.0 0.004912135045742616
1037.0 0.004958027420798317
1038.0 0.005003919432056136
1039.0 0.005071063787909225
1040.0 0.005138207779964432
1041.0 0.0051044342399109155
1042.0 0.005070660336059518
1043.0 0.005187338319956325
1044.0 0.005304016303853132
1045.0 0.005440817403723486
1046.0 0.00557761850359384
1047.0 0.005647808211506344
1048.0 0.005717997555620968
1049.0 0.0057913526688935235
1050.0 0.005864708145963959
1051.0 0.005946728560957126
1052.0 0.006028750067343935
1053.0 0.006363409920595586
1054.0 0.006698069046251476
1055.0 0.006755184585927054
1056.0 0.006812299398006871
1057.0 0.007183653360698372
1058.0 0.007555008050985634
1059.0 0.008107577741611749
1060.0 0.008660148887429386
1061.0 0.008390473522013053
1062.0 0.008120799611788243
1063.0 0.008426384010817856
1064.0 0.008731967682251707
1065.0 0.008825307304505259
1066.0 0.008918646926758811
1067.0 0.009296326607000083
1068.0 0.009674004832049832
1069.0 0.010210112668573856
1070.0 0.01074621977750212
1071.0 0.010557944915490225
1072.0 0.010369671508669853
1073.0 0.010665640729712322
1074.0 0.010961610678350553
1075.0 0.011102623102487996
1076.0 0.01124363552662544
1077.0 0.01176687510451302
1078.0 0.012290116865187883
1079.0 0.012514782429207116
1080.0 0.01273944799322635
1081.0 0.013048099935986102
1082.0 0.013356753333937377
1083.0 0.013297377154231071
1084.0 0.013238002429716289
1085.0 0.013921110075898468
1086.0 0.01460421917727217
1087.0 0.014640695007983595
1088.0 0.01467717083869502
1089.0 0.015045885811559856
1090.0 0.015414602239616215
1091.0 0.01564403355587274
1092.0 0.015873466327320784
1093.0 0.015507586067542434
1094.0 0.015141705807764083
1095.0 0.016921783389989287
1096.0 0.01870186097221449
1097.0 0.019191311730537564
1098.0 0.019680765399243683
1099.0 0.020135536033194512
1100.0 0.020590303756762296
1101.0 0.022254130453802645
1102.0 0.023917958606034517
1103.0 0.023847164993640035
1104.0 0.023776371381245553
1105.0 0.02434520429233089
1106.0 0.02491403720341623
1107.0 0.02536996325943619
1108.0 0.025825889315456152
1109.0 0.027794091147370636
1110.0 0.029762295889668167
1111.0 0.029056152561679482
1112.0 0.028350012144073844
1113.0 0.02812630555126816
1114.0 0.02790259604807943
1115.0 0.029206171166151762
1116.0 0.030509746284224093
1117.0 0.03191704745404422
1118.0 0.03332434571348131
1119.0 0.034234183840453625
1120.0 0.0351440190570429
1121.0 0.03742088156286627
1122.0 0.0396977411583066
1123.0 0.03985505900345743
1124.0 0.040012376848608255
1125.0 0.041819814941845834
1126.0 0.04362725012470037
1127.0 0.043588943663053215
1128.0 0.04355063720140606
1129.0 0.04668121400754899
1130.0 0.04981178790330887
1131.0 0.05385430995374918
1132.0 0.0578968261834234
1133.0 0.057292741257697344
1134.0 0.05668866797350347
1135.0 0.06287352880463004
1136.0 0.0690583954565227
1137.0 0.07379020098596811
1138.0 0.07852200651541352
1139.0 0.08777185576036572
1140.0 0.09702169336378574
1141.0 0.11978343827649951
1142.0 0.14254518318921328
1143.0 0.2761941635981202
1144.0 0.4098431672900915
1145.0 0.8209262974560261
1146.0 1.2320094741880894
1147.0 1.4535716734826565
1148.0 1.6751332208514214
1149.0 1.8450813367962837
1150.0 2.0150285214185715
