lsstCam/transmission_sensor/r43_s21/19700101T000000.ecsv
# %ECSV 1.0
# ---
# datatype:
# - {name: amp_name, datatype: string}
# - {name: wavelength, unit: nm, datatype: float32}
# - {name: efficiency, unit: '%', datatype: float64}
# meta: !!omap
# - {MODE: AMP}
# - {TYPE: transmission_sensor}
# - {CALIBDATE: '1970-01-01T00:00:00'}
# - {INSTRUME: LSSTCAM}
# - {OBSTYPE: transmission_sensor}
# - {DETECTOR: 187}
# - {PARQUETFILE: qe_raft_allvalues_nircorrected_20230725.parquet}
# - {CALIBCLS: lsst.ip.isr.IntermediateSensorTransmissionCurve}
# - {CALIB_ID: 'raftName=R43 detectorName=S21 detector=187 calibDate=1970-01-01T00:00:00 ccd=187 ccdnum=187 filter=None'}
# - {DATE: '2023-08-02T16:57:56.164418'}
# - {CALIB_CREATION_DATE: '2023-08-02'}
# - {CALIB_CREATION_TIME: '16:57:56'}
# - __serialized_columns__:
#     efficiency:
#       __class__: astropy.units.quantity.Quantity
#       unit: !astropy.units.Unit {unit: '%'}
#       value: !astropy.table.SerializedColumn {name: efficiency}
#     wavelength:
#       __class__: astropy.units.quantity.Quantity
#       unit: !astropy.units.Unit {unit: nm}
#       value: !astropy.table.SerializedColumn {name: wavelength}
# schema: astropy-2.0
amp_name wavelength efficiency
C00 319.994 48.682987213134766
C00 324.969 50.29548645019531
C00 349.982 58.852115631103516
C00 374.975 72.0738296508789
C00 400.019 82.79847717285156
C00 424.965 84.3819808959961
C00 450.035 84.90311431884766
C00 475.003 84.45793151855469
C00 500.018 85.14724731445312
C00 525.002 86.31513214111328
C00 550.029 87.71305847167969
C00 575.023 90.30572509765625
C00 599.982 91.93675231933594
C00 619.997 93.40731048583984
C00 624.979 93.5679931640625
C00 650.012 94.86752319335938
C00 675.004 96.07500457763672
C00 700.03 96.9939193725586
C00 725.012 97.81294250488281
C00 750.022 99.08226013183594
C00 774.987 99.91727447509766
C00 799.976 100.09280395507812
C00 824.988 99.564453125
C00 850.022 97.4142837524414
C00 869.967 95.0520248413086
C00 875.002 93.93524169921875
C00 899.999 87.61528778076172
C00 919.999 79.14794158935547
C00 925.012 76.65377807617188
C00 949.965 63.424705505371094
C00 975.002 48.5295524597168
C00 999.976 31.583955764770508
C00 1025.028 15.866308212280273
C00 1050.014 6.586163520812988
C00 1075.002 0.9439433767955281
C00 1099.99 0.0936571946626934
C01 319.994 48.557212829589844
C01 324.969 50.12715148925781
C01 349.982 58.585716247558594
C01 374.975 72.00798034667969
C01 400.019 82.98828125
C01 424.965 84.66464233398438
C01 450.035 85.1833267211914
C01 475.003 84.68408203125
C01 500.018 85.3210678100586
C01 525.002 86.45993041992188
C01 550.029 87.8346939086914
C01 575.023 90.41693115234375
C01 599.982 92.03974914550781
C01 619.997 93.51113891601562
C01 624.979 93.6712875366211
C01 650.012 94.97735595703125
C01 675.004 96.20004272460938
C01 700.03 97.13545989990234
C01 725.012 97.96285247802734
C01 750.022 99.2464599609375
C01 774.987 100.0898208618164
C01 799.976 100.2823486328125
C01 824.988 99.78387451171875
C01 850.022 97.68150329589844
C01 869.967 95.27482604980469
C01 875.002 94.13349151611328
C01 899.999 87.79537963867188
C01 919.999 79.49327850341797
C01 925.012 77.03028106689453
C01 949.965 63.67943572998047
C01 975.002 48.678890228271484
C01 999.976 31.681068420410156
C01 1025.028 15.941972732543945
C01 1050.014 6.6720404624938965
C01 1075.002 0.945507611823998
C01 1099.99 0.093812396625185
C02 319.994 48.21941375732422
C02 324.969 49.739585876464844
C02 349.982 58.060874938964844
C02 374.975 71.60480499267578
C02 400.019 82.7921371459961
C02 424.965 84.5545425415039
C02 450.035 85.08055114746094
C02 475.003 84.5494613647461
C02 500.018 85.14244842529297
C02 525.002 86.24662017822266
C02 550.029 87.58924865722656
C02 575.023 90.13829040527344
C02 599.982 91.74504089355469
C02 619.997 93.20565795898438
C02 624.979 93.36641693115234
C02 650.012 94.66448974609375
C02 675.004 95.89624786376953
C02 700.03 96.84469604492188
C02 725.012 97.68132019042969
C02 750.022 98.98036193847656
C02 774.987 99.83562469482422
C02 799.976 100.0462875366211
C02 824.988 99.5962142944336
C02 850.022 97.54826354980469
C02 869.967 95.13070678710938
C02 875.002 93.98143005371094
C02 899.999 87.66191101074219
C02 919.999 79.54823303222656
C02 925.012 77.12540435791016
C02 949.965 63.86309051513672
C02 975.002 48.814632415771484
C02 999.976 31.70273208618164
C02 1025.028 16.003755569458008
C02 1050.014 6.715819835662842
C02 1075.002 0.9429723957008918
C02 1099.99 0.09356085481050559
C03 319.994 48.253662109375
C03 324.969 49.74295425415039
C03 349.982 57.99583435058594
C03 374.975 71.7367935180664
C03 400.019 83.18439483642578
C03 424.965 85.03312683105469
C03 450.035 85.56417846679688
C03 475.003 84.99598693847656
C03 500.018 85.5496597290039
C03 525.002 86.62989044189453
C03 550.029 87.95244598388672
C03 575.023 90.49243927001953
C03 599.982 92.09767150878906
C03 619.997 93.56309509277344
C03 624.979 93.7225341796875
C03 650.012 95.02827453613281
C03 675.004 96.2718505859375
C03 700.03 97.244140625
C03 725.012 98.09220123291016
C03 750.022 99.41795349121094
C03 774.987 100.29653930664062
C03 799.976 100.52299499511719
C03 824.988 100.10002136230469
C03 850.022 98.0733413696289
C03 869.967 95.63323974609375
C03 875.002 94.46122741699219
C03 899.999 88.07526397705078
C03 919.999 80.01721954345703
C03 925.012 77.60633850097656
C03 949.965 64.30963134765625
C03 975.002 49.15183639526367
C03 999.976 31.85128402709961
C03 1025.028 16.09217643737793
C03 1050.014 6.77932596206665
C03 1075.002 0.947141096280539
C03 1099.99 0.09397446945231167
C04 319.994 47.812355041503906
C04 324.969 49.25605392456055
C04 349.982 57.36824417114258
C04 374.975 71.15434265136719
C04 400.019 82.71891021728516
C04 424.965 84.62972259521484
C04 450.035 85.15784454345703
C04 475.003 84.5564193725586
C04 500.018 85.06893920898438
C04 525.002 86.11203002929688
C04 550.029 87.403076171875
C04 575.023 89.91160583496094
C04 599.982 91.49655151367188
C04 619.997 92.95158386230469
C04 624.979 93.11119079589844
C04 650.012 94.40703582763672
C04 675.004 95.6541748046875
C04 700.03 96.63442993164062
C04 725.012 97.49212646484375
C04 750.022 98.83777618408203
C04 774.987 99.73104858398438
C04 799.976 99.96804809570312
C04 824.988 99.5643081665039
C04 850.022 97.5588607788086
C04 869.967 95.10565185546875
C04 875.002 93.92434692382812
C04 899.999 87.54845428466797
C04 919.999 79.55681610107422
C04 925.012 77.15987396240234
C04 949.965 63.951515197753906
C04 975.002 48.841426849365234
C04 999.976 31.571455001831055
C04 1025.028 15.978375434875488
C04 1050.014 6.73303747177124
C04 1075.002 0.9416136335206677
C04 1099.99 0.09342603967525293
C05 319.994 47.67253112792969
C05 324.969 49.08135223388672
C05 349.982 57.09973907470703
C05 374.975 71.01030731201172
C05 400.019 82.76629638671875
C05 424.965 84.76319122314453
C05 450.035 85.29022216796875
C05 475.003 84.66602325439453
C05 500.018 85.15540313720703
C05 525.002 86.15647888183594
C05 550.029 87.41585540771484
C05 575.023 89.90132904052734
C05 599.982 91.47323608398438
C05 619.997 92.92462921142578
C05 624.979 93.08382415771484
C05 650.012 94.39137268066406
C05 675.004 95.64483642578125
C05 700.03 96.6356201171875
C05 725.012 97.5220947265625
C05 750.022 98.89338684082031
C05 774.987 99.81657409667969
C05 799.976 100.08177185058594
C05 824.988 99.69011688232422
C05 850.022 97.69476318359375
C05 869.967 95.24761962890625
C05 875.002 94.06546020507812
C05 899.999 87.703369140625
C05 919.999 79.68775177001953
C05 925.012 77.27778625488281
C05 949.965 64.10803985595703
C05 975.002 48.90621566772461
C05 999.976 31.536972045898438
C05 1025.028 16.010807037353516
C05 1050.014 6.7313923835754395
C05 1075.002 0.9421431845989675
C05 1099.99 0.09347858124675325
C06 319.994 47.520896911621094
C06 324.969 48.897972106933594
C06 349.982 56.819091796875
C06 374.975 70.81695556640625
C06 400.019 82.7176284790039
C06 424.965 84.77781677246094
C06 450.035 85.30802917480469
C06 475.003 84.65766143798828
C06 500.018 85.11103820800781
C06 525.002 86.08367919921875
C06 550.029 87.3151626586914
C06 575.023 89.78227233886719
C06 599.982 91.34907531738281
C06 619.997 92.79545593261719
C06 624.979 92.95802307128906
C06 650.012 94.26175689697266
C06 675.004 95.5260238647461
C06 700.03 96.52540588378906
C06 725.012 97.4435043334961
C06 750.022 98.84384155273438
C06 774.987 99.80111694335938
C06 799.976 100.08563995361328
C06 824.988 99.7077407836914
C06 850.022 97.736328125
C06 869.967 95.3095703125
C06 875.002 94.13067626953125
C06 899.999 87.74388885498047
C06 919.999 79.71832275390625
C06 925.012 77.30596923828125
C06 949.965 64.1880111694336
C06 975.002 48.94514465332031
C06 999.976 31.497499465942383
C06 1025.028 15.994439125061035
C06 1050.014 6.724410057067871
C06 1075.002 0.9416708869255908
C06 1099.99 0.09343172030549177
C07 319.994 47.30784225463867
C07 324.969 48.649410247802734
C07 349.982 56.467220306396484
C07 374.975 70.52069854736328
C07 400.019 82.54670715332031
C07 424.965 84.6780014038086
C07 450.035 85.21654510498047
C07 475.003 84.55722045898438
C07 500.018 84.9906234741211
C07 525.002 85.92609405517578
C07 550.029 87.13069152832031
C07 575.023 89.57404327392578
C07 599.982 91.12495422363281
C07 619.997 92.56513214111328
C07 624.979 92.7232894897461
C07 650.012 94.03135681152344
C07 675.004 95.2900161743164
C07 700.03 96.30596160888672
C07 725.012 97.24657440185547
C07 750.022 98.6828384399414
C07 774.987 99.6777572631836
C07 799.976 99.99263763427734
C07 824.988 99.62039947509766
C07 850.022 97.68175506591797
C07 869.967 95.27330017089844
C07 875.002 94.08216857910156
C07 899.999 87.56949615478516
C07 919.999 79.5277099609375
C07 925.012 77.1526870727539
C07 949.965 64.20851135253906
C07 975.002 48.88521957397461
C07 999.976 31.390531539916992
C07 1025.028 15.893758773803711
C07 1050.014 6.673110008239746
C07 1075.002 0.9401366968231653
C07 1099.99 0.0932794993729606
C10 319.994 48.46790313720703
C10 324.969 50.06266784667969
C10 349.982 58.564170837402344
C10 374.975 71.76547241210938
C10 400.019 82.4787826538086
C10 424.965 84.06661224365234
C10 450.035 84.61272430419922
C10 475.003 84.18636322021484
C10 500.018 84.8623275756836
C10 525.002 86.02099609375
C10 550.029 87.38456726074219
C10 575.023 89.93569946289062
C10 599.982 91.53465270996094
C10 619.997 92.98701477050781
C10 624.979 93.14218139648438
C10 650.012 94.41985321044922
C10 675.004 95.62943267822266
C10 700.03 96.63750457763672
C10 725.012 97.68721008300781
C10 750.022 99.30144500732422
C10 774.987 100.47129821777344
C10 799.976 100.75991821289062
C10 824.988 100.1592025756836
C10 850.022 98.01475524902344
C10 869.967 95.56621551513672
C10 875.002 94.35371398925781
C10 899.999 87.39988708496094
C10 919.999 78.65430450439453
C10 925.012 76.08729553222656
C10 949.965 62.697998046875
C10 975.002 47.84492492675781
C10 999.976 31.07075309753418
C10 1025.028 15.532899856567383
C10 1050.014 6.50807523727417
C10 1075.002 0.9460286141839771
C10 1099.99 0.0938640900007071
C11 319.994 48.40882110595703
C11 324.969 49.96253967285156
C11 349.982 58.37346267700195
C11 374.975 71.77801513671875
C11 400.019 82.75125122070312
C11 424.965 84.43453216552734
C11 450.035 84.97040557861328
C11 475.003 84.49102020263672
C11 500.018 85.11848449707031
C11 525.002 86.24046325683594
C11 550.029 87.57957458496094
C11 575.023 90.1229476928711
C11 599.982 91.72377014160156
C11 619.997 93.18026733398438
C11 624.979 93.3388442993164
C11 650.012 94.63092803955078
C11 675.004 95.8571548461914
C11 700.03 96.88066101074219
C11 725.012 97.95330810546875
C11 750.022 99.5858154296875
C11 774.987 100.77670288085938
C11 799.976 101.08811950683594
C11 824.988 100.51211547851562
C11 850.022 98.39334106445312
C11 869.967 95.9200210571289
C11 875.002 94.71041107177734
C11 899.999 87.74237060546875
C11 919.999 79.14089965820312
C11 925.012 76.61016082763672
C11 949.965 63.21710968017578
C11 975.002 48.2311897277832
C11 999.976 31.355249404907227
C11 1025.028 15.729165077209473
C11 1050.014 6.548967361450195
C11 1075.002 0.948737624880831
C11 1099.99 0.09413287555333195
C12 319.994 48.0888557434082
C12 324.969 49.59390640258789
C12 349.982 57.867435455322266
C12 374.975 71.402099609375
C12 400.019 82.57362365722656
C12 424.965 84.34037017822266
C12 450.035 84.88201141357422
C12 475.003 84.36685180664062
C12 500.018 84.9447021484375
C12 525.002 86.02481079101562
C12 550.029 87.32917022705078
C12 575.023 89.84090423583984
C12 599.982 91.4244384765625
C12 619.997 92.87577056884766
C12 624.979 93.03190612792969
C12 650.012 94.31790161132812
C12 675.004 95.55380249023438
C12 700.03 96.59408569335938
C12 725.012 97.67943572998047
C12 750.022 99.32832336425781
C12 774.987 100.53709411621094
C12 799.976 100.87550354003906
C12 824.988 100.35116577148438
C12 850.022 98.3057632446289
C12 869.967 95.83068084716797
C12 875.002 94.62287902832031
C12 899.999 87.67505645751953
C12 919.999 79.27140045166016
C12 925.012 76.81157684326172
C12 949.965 63.562171936035156
C12 975.002 48.49467086791992
C12 999.976 31.51544952392578
C12 1025.028 15.886120796203613
C12 1050.014 6.605228424072266
C12 1075.002 0.9462843617041359
C12 1099.99 0.09388946503470683
C13 319.994 47.6820182800293
C13 324.969 49.139862060546875
C13 349.982 57.26372528076172
C13 374.975 70.87528991699219
C13 400.019 82.2061538696289
C13 424.965 84.0505599975586
C13 450.035 84.59659576416016
C13 475.003 84.04967498779297
C13 500.018 84.5749282836914
C13 525.002 85.62158203125
C13 550.029 86.88671875
C13 575.023 89.36695861816406
C13 599.982 90.93053436279297
C13 619.997 92.37213897705078
C13 624.979 92.52735137939453
C13 650.012 93.80647277832031
C13 675.004 95.03386688232422
C13 700.03 96.10145568847656
C13 725.012 97.18279266357422
C13 750.022 98.86174774169922
C13 774.987 100.09163665771484
C13 799.976 100.45140838623047
C13 824.988 99.98329162597656
C13 850.022 98.02403259277344
C13 869.967 95.60588073730469
C13 875.002 94.41912841796875
C13 899.999 87.53874206542969
C13 919.999 79.25569152832031
C13 925.012 76.84266662597656
C13 949.965 63.73175048828125
C13 975.002 48.68779754638672
C13 999.976 31.623687744140625
C13 1025.028 16.018030166625977
C13 1050.014 6.651148796081543
C13 1075.002 0.9418391104654297
C13 1099.99 0.09344841129057078
C14 319.994 47.71036148071289
C14 324.969 49.13762283325195
C14 349.982 57.1989860534668
C14 374.975 71.00072479248047
C14 400.019 82.57579803466797
C14 424.965 84.50688934326172
C14 450.035 85.05931091308594
C14 475.003 84.48322296142578
C14 500.018 84.97671508789062
C14 525.002 85.98938751220703
C14 550.029 87.23159790039062
C14 575.023 89.69818115234375
C14 599.982 91.25643920898438
C14 619.997 92.70050048828125
C14 624.979 92.8558349609375
C14 650.012 94.1441879272461
C14 675.004 95.39459991455078
C14 700.03 96.47006225585938
C14 725.012 97.58627319335938
C14 750.022 99.29113006591797
C14 774.987 100.55320739746094
C14 799.976 100.94490051269531
C14 824.988 100.50648498535156
C14 850.022 98.5920639038086
C14 869.967 96.21452331542969
C14 875.002 95.03343200683594
C14 899.999 88.17559051513672
C14 919.999 79.88605499267578
C14 925.012 77.47027587890625
C14 949.965 64.33517456054688
C14 975.002 49.201881408691406
C14 999.976 31.9725399017334
C14 1025.028 16.191423416137695
C14 1050.014 6.705394744873047
C14 1075.002 0.9459295579806334
C14 1099.99 0.09385426173521239
C15 319.994 47.75850296020508
C15 324.969 49.15673828125
C15 349.982 57.15962219238281
C15 374.975 71.13589477539062
C15 400.019 82.93428802490234
C15 424.965 84.951904296875
C15 450.035 85.50691986083984
C15 475.003 84.90145111083984
C15 500.018 85.3656234741211
C15 525.002 86.34732055664062
C15 550.029 87.56787872314453
C15 575.023 90.02714538574219
C15 599.982 91.58311462402344
C15 619.997 93.0298843383789
C15 624.979 93.18778228759766
C15 650.012 94.48682403564453
C15 675.004 95.75
C15 700.03 96.843017578125
C15 725.012 97.98516082763672
C15 750.022 99.7231674194336
C15 774.987 101.0184097290039
C15 799.976 101.43792724609375
C15 824.988 101.01441955566406
C15 850.022 99.12677001953125
C15 869.967 96.77911376953125
C15 875.002 95.60601806640625
C15 899.999 88.7540512084961
C15 919.999 80.44224548339844
C15 925.012 78.0127182006836
C15 949.965 64.80741119384766
C15 975.002 49.61934280395508
C15 999.976 32.291046142578125
C15 1025.028 16.348678588867188
C15 1050.014 6.781503677368164
C15 1075.002 0.9500452727512143
C15 1099.99 0.09426261917371997
C16 319.994 47.48976135253906
C16 324.969 48.85313034057617
C16 349.982 56.753204345703125
C16 374.975 70.78314208984375
C16 400.019 82.68601989746094
C16 424.965 84.7598876953125
C16 450.035 85.3184585571289
C16 475.003 84.692138671875
C16 500.018 85.12498474121094
C16 525.002 86.07843017578125
C16 550.029 87.27119445800781
C16 575.023 89.70355224609375
C16 599.982 91.24573516845703
C16 619.997 92.68287658691406
C16 624.979 92.8380355834961
C16 650.012 94.12918853759766
C16 675.004 95.39512634277344
C16 700.03 96.49604797363281
C16 725.012 97.65792083740234
C16 750.022 99.42247772216797
C16 774.987 100.74527740478516
C16 799.976 101.18292999267578
C16 824.988 100.78359985351562
C16 850.022 98.93647003173828
C16 869.967 96.62061309814453
C16 875.002 95.45046997070312
C16 899.999 88.6360092163086
C16 919.999 80.36830139160156
C16 925.012 77.95547485351562
C16 949.965 64.84923553466797
C16 975.002 49.69447708129883
C16 999.976 32.3311882019043
C16 1025.028 16.36465072631836
C16 1050.014 6.815360069274902
C16 1075.002 0.9471803841785348
C16 1099.99 0.09397836756145776
C17 319.994 47.22479248046875
C17 324.969 48.55442428588867
C17 349.982 56.34418487548828
C17 374.975 70.4325180053711
C17 400.019 82.46005249023438
C17 424.965 84.60417175292969
C17 450.035 85.17730712890625
C17 475.003 84.54564666748047
C17 500.018 84.95948028564453
C17 525.002 85.88079833984375
C17 550.029 87.0470962524414
C17 575.023 89.45257568359375
C17 599.982 90.97052764892578
C17 619.997 92.3954086303711
C17 624.979 92.5502700805664
C17 650.012 93.8354721069336
C17 675.004 95.10249328613281
C17 700.03 96.2088394165039
C17 725.012 97.39173889160156
C17 750.022 99.18604278564453
C17 774.987 100.54007720947266
C17 799.976 100.99736785888672
C17 824.988 100.60551452636719
C17 850.022 98.77018737792969
C17 869.967 96.42503356933594
C17 875.002 95.23036193847656
C17 899.999 88.32839965820312
C17 919.999 80.07537841796875
C17 925.012 77.71210479736328
C17 949.965 64.93677520751953
C17 975.002 49.67634963989258
C17 999.976 32.11292266845703
C17 1025.028 16.251720428466797
C17 1050.014 6.7605814933776855
C17 1075.002 0.9449276178357183
C17 1099.99 0.09375485015449742
