lsstCam/transmission_sensor/r43_s21/19700101T000000.ecsv
# %ECSV 1.0
# ---
# datatype:
# - {name: amp_name, datatype: string}
# - {name: wavelength, unit: nm, datatype: float32}
# - {name: efficiency, unit: '%', datatype: float64}
# meta: !!omap
# - {MODE: AMP}
# - {TYPE: transmission_sensor}
# - {CALIBDATE: '1970-01-01T00:00:00'}
# - {INSTRUME: LSSTCam}
# - {OBSTYPE: transmission_sensor}
# - {DETECTOR: 187}
# - {PARQUETFILE: qe_raft_allvalues_nircorrected_20230725_adjust.parquet}
# - {CORRFILE: qe_corr_factor_bydetnum.parquet}
# - {CALIBCLS: lsst.ip.isr.IntermediateSensorTransmissionCurve}
# - {CALIB_ID: 'raftName=R43 detectorName=S21 detector=187 calibDate=1970-01-01T00:00:00 ccd=187 ccdnum=187 filter=None'}
# - {DATE: '2025-03-03T21:56:48.442158'}
# - {CALIB_CREATION_DATE: '2025-03-03'}
# - {CALIB_CREATION_TIME: '21:56:48'}
# - __serialized_columns__:
#     efficiency:
#       __class__: astropy.units.quantity.Quantity
#       unit: !astropy.units.Unit {unit: '%'}
#       value: !astropy.table.SerializedColumn {name: efficiency}
#     wavelength:
#       __class__: astropy.units.quantity.Quantity
#       unit: !astropy.units.Unit {unit: nm}
#       value: !astropy.table.SerializedColumn {name: wavelength}
# schema: astropy-2.0
amp_name wavelength efficiency
C00 319.994 48.1882588510882
C00 324.969 49.78437147853378
C00 349.982 58.254046111628845
C00 374.975 71.34139785630772
C00 400.019 81.95705890054343
C00 424.965 83.52447067354086
C00 450.035 84.04030821174248
C00 475.003 83.59964946739201
C00 500.018 84.28196026844195
C00 525.002 85.43797676531324
C00 550.029 86.82169702835229
C00 575.023 89.38801634520449
C00 599.982 91.00246867138111
C00 619.997 92.45808266796743
C00 624.979 92.61713244971521
C00 650.012 93.90345633864092
C00 675.004 95.0986670032759
C00 700.03 96.00824356245309
C00 725.012 96.81894358241448
C00 750.022 98.07536209478062
C00 774.987 98.90189081910283
C00 799.976 99.07563652579631
C00 824.988 98.55265492541656
C00 850.022 96.42433609722065
C00 869.967 94.08608303594907
C00 875.002 92.98064891589496
C00 899.999 86.72491990698589
C00 919.999 78.3436209479283
C00 925.012 75.8748037312682
C00 949.965 62.78016821495001
C00 975.002 48.0363833389696
C00 999.976 31.26299192099388
C00 1025.028 15.705070927492836
C00 1050.014 6.519233324509349
C00 1075.002 0.9343507945116546
C00 1099.99 0.09270542746101171
C01 319.994 48.063762617433426
C01 324.969 49.617747178430115
C01 349.982 57.99035394344223
C01 374.975 71.27621772876083
C01 400.019 82.14493414247504
C01 424.965 83.80425963721655
C01 450.035 84.31767302746978
C01 475.003 83.82350178354832
C01 500.018 84.4540143578755
C01 525.002 85.58130356877895
C01 550.029 86.94209637645567
C01 575.023 89.49809229690459
C01 599.982 91.1044188187433
C01 619.997 92.56085596837129
C01 624.979 92.71937711972535
C01 650.012 94.01217295504286
C01 675.004 95.22243448217361
C01 700.03 96.14834572051704
C01 725.012 96.96733013393445
C01 750.022 98.23789328526425
C01 774.987 99.07268374745419
C01 799.976 99.26325500439381
C01 824.988 98.76984649861187
C01 850.022 96.6888400906548
C01 869.967 94.30662008435041
C01 875.002 93.17688406991026
C01 899.999 86.90318162761437
C01 919.999 78.68544846423958
C01 925.012 76.24748060698501
C01 949.965 63.032309809033634
C01 975.002 48.18420350078201
C01 999.976 31.359117694196588
C01 1025.028 15.77996652649021
C01 1050.014 6.604237563812538
C01 1075.002 0.9358991334031413
C01 1099.99 0.09285905222339531
C02 319.994 47.72939634153651
C02 324.969 49.234120101700334
C02 349.982 57.470846199935565
C02 374.975 70.8771395408086
C02 400.019 81.95078330258357
C02 424.965 83.69527870561775
C02 450.035 84.21594188412786
C02 475.003 83.69024916501455
C02 500.018 84.27721014676115
C02 525.002 85.37016103766047
C02 550.029 86.69914539936018
C02 575.023 89.2222831649074
C02 599.982 90.81270546375761
C02 619.997 92.25847938315779
C02 624.979 92.41760468353326
C02 650.012 93.70248616667035
C02 675.004 94.92172685863174
C02 700.03 95.86053667858219
C02 725.012 96.68865884594837
C02 750.022 97.97449941565695
C02 774.987 98.8210707837643
C02 799.976 99.02959281850244
C02 824.988 98.58409333011795
C02 850.022 96.55695435928195
C02 869.967 94.16396539667102
C02 875.002 93.02636789308983
C02 899.999 86.77106934035851
C02 919.999 78.73984453175439
C02 925.012 76.34163723197106
C02 949.965 63.214098249574576
C02 975.002 48.31856624314262
C02 999.976 31.3805612085251
C02 1025.028 15.84112151118199
C02 1050.014 6.647572040338546
C02 1075.002 0.9333896807631699
C02 1099.99 0.09261006663784413
C03 319.994 47.76329665350013
C03 324.969 49.23745424911221
C03 349.982 57.40646656984203
C03 374.975 71.00778676668754
C03 400.019 82.33905477491541
C03 424.965 84.16899950516463
C03 450.035 84.6946544649641
C03 475.003 84.13223703721211
C03 500.018 84.68028327011741
C03 525.002 85.7495364156521
C03 550.029 87.05865182641034
C03 575.023 89.57283308271522
C03 599.982 91.16175256087469
C03 619.997 92.61228415381844
C03 624.979 92.77010298193511
C03 650.012 94.06257408715362
C03 675.004 95.29351261454198
C03 700.03 96.25592200564108
C03 725.012 97.09536441529583
C03 750.022 98.40764405655368
C03 774.987 99.27730146914149
C03 799.976 99.5014558598085
C03 824.988 99.08278058797443
C03 850.022 97.07669621053441
C03 869.967 94.66139149344531
C03 875.002 93.50128943881676
C03 899.999 87.18022171324267
C03 919.999 79.20406508793968
C03 925.012 76.81768400525037
C03 949.965 63.65610122549767
C03 975.002 48.65234347374367
C03 999.976 31.527603528472454
C03 1025.028 15.928643824726741
C03 1050.014 6.710432802032952
C03 1075.002 0.9375160179931606
C03 1099.99 0.0930194780270157
C04 319.994 47.326474255435585
C04 324.969 48.75550191914868
C04 349.982 56.785254114513116
C04 374.975 70.43125490742297
C04 400.019 81.87830052374045
C04 424.965 83.76969476132939
C04 450.035 84.29244980582611
C04 475.003 83.69713646385857
C04 500.018 84.20444794899561
C04 525.002 85.23693862657777
C04 550.029 86.51486484410593
C04 575.023 88.99790221835737
C04 599.982 90.56674129341786
C04 619.997 92.00698724927219
C04 624.979 92.16497221836974
C04 650.012 93.44764855757872
C04 675.004 94.68211380487952
C04 700.03 95.65240734070797
C04 725.012 96.50138775303817
C04 750.022 97.83336265239383
C04 774.987 98.71755740080921
C04 799.976 98.95214846582101
C04 824.988 98.55251144002398
C04 850.022 96.5674438966661
C04 869.967 94.13916507934232
C04 875.002 92.96986485586287
C04 899.999 86.65876558914198
C04 919.999 78.74834037736791
C04 925.012 76.37575654795495
C04 949.965 63.30162433905071
C04 975.002 48.34508838518232
C04 999.976 31.250618193849217
C04 1025.028 15.815999295702824
C04 1050.014 6.664614706639259
C04 1075.002 0.9320447266548477
C04 1099.99 0.09247662152680033
C05 319.994 47.188071266494326
C05 324.969 48.58257558956548
C05 349.982 56.519477632202644
C05 374.975 70.28868329023402
C05 400.019 81.92520514338982
C05 424.965 83.90180704858525
C05 450.035 84.4234821767062
C05 475.003 83.80562652437749
C05 500.018 84.29003320974049
C05 525.002 85.28093577906162
C05 550.029 86.5275142142416
C05 575.023 88.98772985920945
C05 599.982 90.54366280080016
C05 619.997 91.98030651811436
C05 624.979 92.13788368662247
C05 650.012 93.4321445833169
C05 675.004 94.67287032485201
C05 700.03 95.6535854312997
C05 725.012 96.53105146998918
C05 750.022 97.88840818010665
C05 774.987 98.80221378243367
C05 799.976 99.0647165322344
C05 824.988 98.67704165706121
C05 850.022 96.70196522814483
C05 869.967 94.27969014172126
C05 875.002 93.10954410961185
C05 899.999 86.81210616263748
C05 919.999 78.87794544618494
C05 925.012 76.49247058702774
C05 949.965 63.456558355590175
C05 975.002 48.40921880380453
C05 999.976 31.216485662105494
C05 1025.028 15.848101320344917
C05 1050.014 6.662986336230002
C05 1075.002 0.9325688963062346
C05 1099.99 0.09252862915806619
C06 319.994 47.03797799398888
C06 324.969 48.40105901608417
C06 349.982 56.24168236029759
C06 374.975 70.0972964321155
C06 400.019 81.87703181079549
C06 424.965 83.91628396951069
C06 450.035 84.44110822440571
C06 475.003 83.79734968278423
C06 500.018 84.24611912774706
C06 525.002 85.20887590453347
C06 550.029 86.42784472943522
C06 575.023 88.86988304072152
C06 599.982 90.42076378612073
C06 619.997 91.85244592959663
C06 624.979 92.013361021448
C06 650.012 93.30384598675865
C06 675.004 94.55526516597264
C06 700.03 95.54449122175939
C06 725.012 96.45325973162045
C06 750.022 97.83936638329405
C06 774.987 98.78691370846659
C06 799.976 99.06854532665756
C06 824.988 98.69448646005429
C06 850.022 96.74310777650254
C06 869.967 94.34101126739392
C06 875.002 93.17409743254903
C06 899.999 86.85221410579605
C06 919.999 78.90820576029459
C06 925.012 76.52036716809114
C06 949.965 63.53571698111984
C06 975.002 48.44775218357605
C06 999.976 31.17741421211178
C06 1025.028 15.831899742759942
C06 1050.014 6.656074965823407
C06 1075.002 0.9321013982367384
C06 1099.99 0.09248224442909243
C07 319.994 46.82708845027311
C07 324.969 48.15502310304812
C07 349.982 55.89338667352588
C07 374.975 69.80405004898799
C07 400.019 81.70784742921363
C07 424.965 83.81748294892256
C07 450.035 84.35055383795978
C07 475.003 83.69792940944917
C07 500.018 84.12692807768651
C07 525.002 85.05289217906932
C07 550.029 86.24524823957816
C07 575.023 88.66377005020624
C07 599.982 90.1989202654606
C07 619.997 91.62446274450646
C07 624.979 91.78101285967819
C07 650.012 93.07578728304081
C07 675.004 94.32165584312064
C07 700.03 95.32727699297578
C07 725.012 96.25833104986393
C07 750.022 97.67999942331002
C07 774.987 98.66480763937774
C07 799.976 98.97648811952088
C07 824.988 98.60803273509116
C07 850.022 96.68908930212612
C07 869.967 94.3051097117969
C07 875.002 93.12608268907282
C07 899.999 86.67959362665493
C07 919.999 78.71953002090963
C07 925.012 76.3686426932279
C07 949.965 63.5560088363763
C07 975.002 48.38843607746817
C07 999.976 31.071533320179068
C07 1025.028 15.732242529730552
C07 1050.014 6.605296240574267
C07 1075.002 0.9305827989474469
C07 1099.99 0.09233157040271742
C10 319.994 47.975360511876254
C10 324.969 49.553918834318615
C10 349.982 57.96902748298661
C10 374.975 71.03617421883085
C10 400.019 81.64061319499395
C10 424.965 83.21230687418058
C10 450.035 83.75286921108324
C10 475.003 83.33084091218036
C10 500.018 83.99993595338705
C10 525.002 85.14682980003512
C10 550.029 86.49654402503181
C10 575.023 89.02175100097735
C10 599.982 90.60445529607911
C10 619.997 92.04205809996478
C10 624.979 92.1956478849316
C10 650.012 93.46033568702823
C10 675.004 94.65762311392429
C10 700.03 95.6554507414033
C10 725.012 96.69448888400493
C10 750.022 98.29231956023013
C10 774.987 99.45028443769544
C10 799.976 99.73597140619262
C10 824.988 99.14136038746247
C10 850.022 97.01870545634223
C10 869.967 94.5950483790322
C10 875.002 93.39486858869617
C10 899.999 86.51170816546909
C10 919.999 77.855000323141
C10 925.012 75.31407792077614
C10 949.965 62.06084573447622
C10 975.002 47.35871315759034
C10 999.976 30.755004544139144
C10 1025.028 15.37505074861865
C10 1050.014 6.441938593109003
C10 1075.002 0.9364148412103633
C10 1099.99 0.09291022027825686
C11 319.994 47.916878886604195
C11 324.969 49.454808187357024
C11 349.982 57.78025734531705
C11 374.975 71.04858948122073
C11 400.019 81.91031287001218
C11 424.965 83.57648790428388
C11 450.035 84.10691564135244
C11 475.003 83.63240189621496
C11 500.018 84.25348974580821
C11 525.002 85.36406668440704
C11 550.029 86.6895696373709
C11 575.023 89.20709636888182
C11 599.982 90.79165087036162
C11 619.997 92.23334678386732
C11 624.979 92.39031225149125
C11 650.012 93.66926552235581
C11 675.004 94.88303111381072
C11 700.03 95.89613615966852
C11 725.012 96.95788275361222
C11 750.022 98.57380014116576
C11 774.987 99.75258550428127
C11 799.976 100.06083743872793
C11 824.988 99.49068690350195
C11 850.022 97.39344399059459
C11 869.967 94.94525846301549
C11 875.002 93.74794082866836
C11 899.999 86.8507112851053
C11 919.999 78.33665057859383
C11 925.012 75.83162973182601
C11 949.965 62.57468202904444
C11 975.002 47.74105264171825
C11 999.976 31.03660973081044
C11 1025.028 15.569321474331538
C11 1050.014 6.482415161568908
C11 1075.002 0.9390963222813347
C11 1099.99 0.0931762743666926
C12 319.994 47.60016508992646
C12 324.969 49.08992105808497
C12 349.982 57.279372495395215
C12 374.975 70.67649409893703
C12 400.019 81.73449040105761
C12 424.965 83.48328281400653
C12 450.035 84.01941975932738
C12 475.003 83.50949532967276
C12 500.018 84.0814734156885
C12 525.002 85.1506057314189
C12 550.029 86.44170994947649
C12 575.023 88.9279191060903
C12 599.982 90.4953610865388
C12 619.997 91.93194438895084
C12 624.979 92.08649326048915
C12 650.012 93.3594201448652
C12 675.004 94.58276149830937
C12 700.03 95.61247309039305
C12 725.012 96.68679353584477
C12 750.022 98.31892477276027
C12 774.987 99.51541170220297
C12 799.976 99.8503821271213
C12 824.988 99.3313728065573
C12 850.022 97.30675615788566
C12 869.967 94.85682615000725
C12 875.002 93.66129830713604
C12 899.999 86.78408119990704
C12 919.999 78.46582519123312
C12 925.012 76.03099890888986
C12 949.965 62.916237678296085
C12 975.002 48.00185622239627
C12 999.976 31.19518185723818
C12 1025.028 15.724682171117369
C12 1050.014 6.538104485582661
C12 1075.002 0.9366679897619914
C12 1099.99 0.0929353374449866
C13 319.994 47.1974620078458
C13 324.969 48.640490825129966
C13 349.982 56.68179737052879
C13 374.975 70.15503797483633
C13 400.019 81.37075493085761
C13 424.965 83.19641775491762
C13 450.035 83.73690457319259
C13 475.003 83.19554173883658
C13 500.018 83.71545728293269
C13 525.002 84.75147468042731
C13 550.029 86.00375477199681
C13 575.023 88.45878983910609
C13 599.982 90.00647614655462
C13 619.997 91.43343082393801
C13 624.979 91.58706592008146
C13 650.012 92.85318857610392
C13 675.004 94.06810960256225
C13 700.03 95.12484931149108
C13 725.012 96.19519747712705
C13 750.022 97.85709060520954
C13 774.987 99.07448109079287
C13 799.976 99.4305967314604
C13 824.988 98.96723708763061
C13 850.022 97.0278885214676
C13 869.967 94.6343105135608
C13 875.002 93.45961826006531
C13 899.999 86.64915206783886
C13 919.999 78.4502759057947
C13 925.012 76.0617727496677
C13 949.965 63.08409293203086
C13 975.002 48.193020300563155
C13 999.976 31.302320134321693
C13 1025.028 15.855251046420113
C13 1050.014 6.583558203597818
C13 1075.002 0.9322679122480318
C13 1099.99 0.09249876579631967
C14 319.994 47.225517178027324
C14 324.969 48.63827435340769
C14 349.982 56.61771603901458
C14 374.975 70.27919815059795
C14 400.019 81.73664268194636
C14 424.965 83.64810977077151
C14 450.035 84.19491749818295
C14 475.003 83.6246838924665
C14 500.018 84.11316103186122
C14 525.002 85.11554243258908
C14 550.029 86.34512917654203
C14 575.023 88.78664640929736
C14 599.982 90.3290690683969
C14 619.997 91.75845544559145
C14 624.979 91.91221137153917
C14 650.012 93.1874717815104
C14 675.004 94.42517677793849
C14 700.03 95.48971000924344
C14 725.012 96.59457773958998
C14 750.022 98.28210944176837
C14 774.987 99.53136123636808
C14 799.976 99.91907387085512
C14 824.988 99.48511362877949
C14 850.022 97.59014736010148
C14 869.967 95.23676791770646
C14 875.002 94.0676791463845
C14 899.999 87.27952870863622
C14 919.999 79.07423346323962
C14 925.012 76.68300408465353
C14 949.965 63.681384862043494
C14 975.002 48.701879917567545
C14 999.976 31.647627171403133
C14 1025.028 16.026882231538675
C14 1050.014 6.637252891858085
C14 1075.002 0.9363167916402612
C14 1099.99 0.09290049188998761
C15 319.994 47.27316943209069
C15 324.969 48.65719554557183
C15 349.982 56.5787522030653
C15 374.975 70.41299450325099
C15 400.019 82.09148960966894
C15 424.965 84.08860237414109
C15 450.035 84.6379777348935
C15 475.003 84.03866190565915
C15 500.018 84.4981172364381
C15 525.002 85.46983807432962
C15 550.029 86.67799263174821
C15 575.023 89.11226762810945
C15 599.982 90.6524247283787
C15 619.997 92.08449201685575
C15 624.979 92.24078536869338
C15 650.012 93.52662593840196
C15 675.004 94.7769652012402
C15 700.03 95.85887526877332
C15 725.012 96.98941178066683
C15 750.022 98.70975632657031
C15 774.987 99.99183606862066
C15 799.976 100.40709034662102
C15 824.988 99.98788644439321
C15 850.022 98.11941966216662
C15 869.967 95.79562086623216
C15 875.002 94.63444644709062
C15 899.999 87.85211094367337
C15 919.999 79.62477181085822
C15 925.012 77.21993397556498
C15 949.965 64.14882251176776
C15 975.002 49.11509896855205
C15 999.976 31.962896674326565
C15 1025.028 16.18253933893813
C15 1050.014 6.71258838686167
C15 1075.002 0.9403906815158704
C15 1099.99 0.09330469950083985
C16 319.994 47.00715884203443
C16 324.969 48.35667294266778
C16 349.982 56.17646447343686
C16 374.975 70.06382657632962
C16 400.019 81.84574444334945
C16 424.965 83.89853709200689
C16 450.035 84.45143162080899
C16 475.003 83.83147655063087
C16 500.018 84.25992393288618
C16 525.002 85.20368022294939
C16 550.029 86.38432334430573
C16 575.023 88.79196292068573
C16 599.982 90.318473804934
C16 619.997 91.74101064259837
C16 624.979 91.89459287570244
C16 650.012 93.17262481930935
C16 675.004 94.42569785646945
C16 700.03 95.51543165382978
C16 725.012 96.66549728284022
C16 750.022 98.41212231117485
C16 774.987 99.72147938154166
C16 799.976 100.15468443734052
C16 824.988 99.75941238822315
C16 850.022 97.93105354915512
C16 869.967 95.63873091723589
C16 875.002 94.4804790689854
C16 899.999 87.73526852293352
C16 919.999 79.55157915691494
C16 925.012 77.1632723492199
C16 949.965 64.19022182345958
C16 975.002 49.18946971308708
C16 999.976 32.00263080027813
C16 1025.028 16.19834916364204
C16 1050.014 6.7461007218756075
C16 1075.002 0.9375549066379771
C16 1099.99 0.09302333652262812
C17 319.994 46.74488264811672
C17 324.969 48.06100241159188
C17 349.982 55.77160155860467
C17 374.975 69.71676561912041
C17 400.019 81.62207337189956
C17 424.965 83.74440357292079
C17 450.035 84.31171460774617
C17 475.003 83.68647323363076
C17 500.018 84.09610137386929
C17 525.002 85.00805676981825
C17 550.029 86.1625024792339
C17 575.023 88.54353684308376
C17 599.982 90.04606301118223
C17 619.997 91.4564640053791
C17 624.979 91.60975171583524
C17 650.012 92.88189320648345
C17 675.004 94.13603860815654
C17 700.03 95.23114177994462
C17 725.012 96.40202034274249
C17 750.022 98.17809008400786
C17 774.987 99.51836448054509
C17 799.976 99.97100803110769
C17 824.988 99.58313680750254
C17 850.022 97.76646070013594
C17 869.967 95.44513891518925
C17 875.002 94.26260782814101
C17 899.999 87.43078496800787
C17 919.999 79.26163293781686
C17 925.012 76.92237547879719
C17 949.965 64.27687189685469
C17 975.002 49.17152648715133
C17 999.976 31.78658333429211
C17 1025.028 16.08656649095647
C17 1050.014 6.691878819195879
C17 1075.002 0.9353250334548999
C17 1099.99 0.09280209055394559
