lsstCam/transmission_filter_detector/r43_s00/g_6/19700101T000000.ecsv
# %ECSV 1.0
# ---
# datatype:
# - {name: wavelength, unit: nm, datatype: float32}
# - {name: efficiency, unit: '%', datatype: float64}
# meta: !!omap
# - {MODE: DETECTOR}
# - {TYPE: transmission_filter_detector}
# - {CALIBDATE: '1970-01-01T00:00:00'}
# - {INSTRUME: LSSTCam}
# - {OBSTYPE: transmission_filter_detector}
# - {CALIBCLS: lsst.ip.isr.IntermediateFilterDetectorTransmissionCurve}
# - {SOURCE: Materion (DM-46256)}
# - {DETECTOR: 180}
# - {FILTER: g_6}
# - {CALIB_ID: 'calibDate=1970-01-01T00:00:00 filter=g_6 detector=180'}
# - {DATE: '2025-04-02T15:59:42.862136'}
# - {CALIB_CREATION_DATE: '2025-04-02'}
# - {CALIB_CREATION_TIME: '15:59:42'}
# - __serialized_columns__:
#     efficiency:
#       __class__: astropy.units.quantity.Quantity
#       unit: !astropy.units.Unit {unit: '%'}
#       value: !astropy.table.SerializedColumn {name: efficiency}
#     wavelength:
#       __class__: astropy.units.quantity.Quantity
#       unit: !astropy.units.Unit {unit: nm}
#       value: !astropy.table.SerializedColumn {name: wavelength}
# schema: astropy-2.0
wavelength efficiency
[from data line 607]
907.0 0.00035128402942063985
908.0 0.0003288247171440162
909.0 0.00030636538213002495
910.0 0.0003217577841496677
911.0 0.000337150208906678
912.0 0.00041908833736670204
913.0 0.0005010264885640936
914.0 0.0004782525593327591
915.0 0.00045547858462668955
916.0 0.00038807102100690827
917.0 0.00032066350286186207
918.0 0.0003326097839817521
919.0 0.00034455606510164216
920.0 0.0003682003580252058
921.0 0.0003918446509487694
922.0 0.0003873838977597188
923.0 0.00038292314457066823
924.0 0.0003659019512269879
925.0 0.0003488808033580426
926.0 0.00040559052649769
927.0 0.0004623002041626023
928.0 0.0005197400241740979
929.0 0.0005771798441855935
930.0 0.0005237537607172271
931.0 0.000470327813673066
932.0 0.00040419126889901236
933.0 0.0003380547013875912
934.0 0.00044324156078801025
935.0 0.0005484284429257968
936.0 0.0005435230832517846
937.0 0.0005386177235777723
938.0 0.0005744297141063726
939.0 0.0006102417501097079
940.0 0.0005960867838439299
941.0 0.0005819317266286816
942.0 0.0006103631676523946
943.0 0.0006387946541508427
944.0 0.0006078907063056249
945.0 0.000576986667510937
946.0 0.0007692694452998694
947.0 0.0009615521776140667
948.0 0.0007719057975918986
949.0 0.0005822592811455252
950.0 0.000594073890169966
951.0 0.0006058884082449367
952.0 0.0007574557912448654
953.0 0.0009090232197195292
954.0 0.0009257446436095051
955.0 0.0009424661584489513
956.0 0.0008467997758998536
957.0 0.0007511333933507558
958.0 0.0007308776275749551
959.0 0.0007106218617991544
960.0 0.0006842322818556568
961.0 0.0006578427019121591
962.0 0.0006261192993406439
963.0 0.0005943958058196586
964.0 0.000548327443539165
965.0 0.0005022589903092012
966.0 0.0005786103429272771
967.0 0.0006549616500706179
968.0 0.0006671454684692435
969.0 0.000679329241393134
970.0 0.0006290568308031652
971.0 0.0005787843747384613
972.0 0.0006239012236619601
973.0 0.0006690180725854589
974.0 0.0006864755505375797
975.0 0.0007039330739644356
976.0 0.0007428946446452755
977.0 0.0007818562153261155
978.0 0.0008810920917312615
979.0 0.0009803278771869373
980.0 0.0009225043868354987
981.0 0.0008646809874335304
982.0 0.0009328375199402217
983.0 0.001000994052446913
984.0 0.0011999772141280118
985.0 0.0013989602848596405
986.0 0.0013341629710339475
987.0 0.001269365930056665
988.0 0.0012498072464950383
989.0 0.001230248381034471
990.0 0.001362617240374675
991.0 0.0014949858268664684
992.0 0.0014354631275637075
993.0 0.0013759401554125361
994.0 0.001460986641177442
995.0 0.0015460329450434074
996.0 0.0014317900422611274
997.0 0.0013175472304283176
998.0 0.0013289951311890036
999.0 0.0013404433047981001
1000.0 0.0013793373000225984
1001.0 0.0014182312952470966
1002.0 0.001282226003240794
1003.0 0.0011462208021839615
1004.0 0.0012264697033970151
1005.0 0.0013067185136605985
1006.0 0.0012803078789147548
1007.0 0.001253897153219441
1008.0 0.001220878584717866
1009.0 0.0011878600162162911
1010.0 0.0013107512131682597
1011.0 0.0014336426829686388
1012.0 0.0013590419257525355
1013.0 0.001284441077586962
1014.0 0.00149683855852345
1015.0 0.0017092363123083487
1016.0 0.001806264481274411
1017.0 0.0019032928321394138
1018.0 0.0021321364329196513
1019.0 0.002360980215598829
1020.0 0.002474756183801219
1021.0 0.0025885325158014894
1022.0 0.0028697500965790823
1023.0 0.003150968041154556
1024.0 0.00331119226757437
1025.0 0.003471416493994184
1026.0 0.003676872802316211
1027.0 0.0038823291106382385
1028.0 0.0040944956708699465
1029.0 0.004306661867303774
1030.0 0.004471579086384736
1031.0 0.0046364959416678175
1032.0 0.004615402212948538
1033.0 0.0045943081204313785
1034.0 0.004731197623186745
1035.0 0.004868087125942111
1036.0 0.0051112354412907735
1037.0 0.005354384120437317
1038.0 0.00537123232788872
1039.0 0.0053880798077443615
1040.0 0.005600919757853262
1041.0 0.005813759344164282
1042.0 0.0059274581872159615
1043.0 0.006041157394065522
1044.0 0.006183903315104544
1045.0 0.006326649599941447
1046.0 0.00673478571115993
1047.0 0.007142921822378412
1048.0 0.0077922260970808566
1049.0 0.008441531099379063
1050.0 0.009478870924795046
1051.0 0.010516209295019507
1052.0 0.012317037908360362
1053.0 0.01411786797689274
1054.0 0.016749408678151667
1055.0 0.019380949379410595
1056.0 0.023346184752881527
1057.0 0.02731141576077789
1058.0 0.03285292477812618
1059.0 0.03839443379547447
1060.0 0.045735735329799354
1061.0 0.05307703395374119
1062.0 0.061189255211502314
1063.0 0.06930148229002953
1064.0 0.07823696942068636
1065.0 0.08717246819287539
1066.0 0.09551845141686499
1067.0 0.1038644346408546
1068.0 0.11210433440282941
1069.0 0.12034426908940077
1070.0 0.12942042667418718
1071.0 0.1384965842589736
1072.0 0.14797552721574903
1073.0 0.15745447017252445
1074.0 0.1674816943705082
1075.0 0.17750891856849194
1076.0 0.18709091236814857
1077.0 0.19667292945086956
1078.0 0.20616324618458748
1079.0 0.21565358620136976
1080.0 0.22706082090735435
1081.0 0.23846798576414585
1082.0 0.2517975168302655
1083.0 0.2651270246133208
1084.0 0.2857337240129709
1085.0 0.3063403768464923
1086.0 0.33703125081956387
1087.0 0.36772212479263544
1088.0 0.4092601593583822
1089.0 0.4507982172071934
1090.0 0.5013071000576019
1091.0 0.5518160294741392
1092.0 0.6211213767528534
1093.0 0.690426817163825
1094.0 0.7702598348259926
1095.0 0.8500929921865463
1096.0 0.9159152396023273
1097.0 0.9817373007535934
1098.0 1.0455700568854809
1099.0 1.1094028130173683
1100.0 1.2065090239048004
1101.0 1.303615514189005
