lsstCam/transmission_filter_detector/r43_s00/g_6/19700101T000000.ecsv
# %ECSV 1.0
# ---
# datatype:
# - {name: wavelength, unit: nm, datatype: float32}
# - {name: efficiency, unit: '%', datatype: float64}
# meta: !!omap
# - {MODE: DETECTOR}
# - {TYPE: transmission_filter_detector}
# - {CALIBDATE: '1970-01-01T00:00:00'}
# - {INSTRUME: LSSTCam}
# - {OBSTYPE: transmission_filter_detector}
# - {CALIBCLS: lsst.ip.isr.IntermediateFilterDetectorTransmissionCurve}
# - {SOURCE: Materion (DM-46256)}
# - {DETECTOR: 180}
# - {FILTER: g_6}
# - {CALIB_ID: 'calibDate=1970-01-01T00:00:00 filter=g_6 detector=180'}
# - {DATE: '2025-04-02T15:59:42.862136'}
# - {CALIB_CREATION_DATE: '2025-04-02'}
# - {CALIB_CREATION_TIME: '15:59:42'}
# - __serialized_columns__:
#     efficiency:
#       __class__: astropy.units.quantity.Quantity
#       unit: !astropy.units.Unit {unit: '%'}
#       value: !astropy.table.SerializedColumn {name: efficiency}
#     wavelength:
#       __class__: astropy.units.quantity.Quantity
#       unit: !astropy.units.Unit {unit: nm}
#       value: !astropy.table.SerializedColumn {name: wavelength}
# schema: astropy-2.0
wavelength efficiency
300.0 0.356099265627563
301.0 0.30117917340248823
302.0 0.24625910446047783
303.0 0.23540158290416002
304.0 0.22454410791397095
305.0 0.22182681132107973
306.0 0.21910953801125288
307.0 0.21232387516647577
308.0 0.2055382588878274
309.0 0.19720993004739285
310.0 0.18888161284849048
311.0 0.19206807482987642
312.0 0.1952545251697302
313.0 0.19175425404682755
314.0 0.18825398292392492
315.0 0.18460468854755163
316.0 0.18095540581271052
317.0 0.17686545616015792
318.0 0.17277550650760531
319.0 0.16007303493097425
320.0 0.14737056335434318
321.0 0.1364294090308249
322.0 0.12548824306577444
323.0 0.1125002047047019
324.0 0.099512143060565
325.0 0.08828090503811836
326.0 0.07704966119490564
327.0 0.07192909251898527
328.0 0.0668085238430649
329.0 0.06155190640129149
330.0 0.056295283138751984
331.0 0.052921060705557466
332.0 0.04954684409312904
333.0 0.04698028787970543
334.0 0.04441373166628182
335.0 0.04182696284260601
336.0 0.0392401940189302
337.0 0.03937513683922589
338.0 0.039510082569904625
339.0 0.039061211282387376
340.0 0.03861233708448708
341.0 0.03720104286912829
342.0 0.03578974574338645
343.0 0.03238052886445075
344.0 0.028971306164748967
345.0 0.025454614660702646
346.0 0.021937923156656325
347.0 0.020536694501060992
348.0 0.019135468755848706
349.0 0.01734603865770623
350.0 0.522538973018527
351.0 1.1266340501606464
352.0 0.6888682022690773
353.0 0.7775142788887024
354.0 0.638675969094038
355.0 0.9449264034628868
356.0 0.6407079286873341
357.0 0.8623230271041393
358.0 0.5711425095796585
359.0 0.8273829706013203
360.0 0.3713450860232115
361.0 0.8197174407541752
362.0 0.43656257912516594
363.0 0.8340037427842617
364.0 0.49654259346425533
365.0 0.733332522213459
366.0 0.5080008413642645
367.0 0.7275997661054134
368.0 0.45022224076092243
369.0 0.5856930743902922
370.0 0.3266578773036599
371.0 0.6446185521781445
372.0 0.3778432961553335
373.0 0.6503364536911249
374.0 0.4070812836289406
375.0 0.6182034965604544
376.0 0.32688993960618973
377.0 0.5176749546080828
378.0 0.4025109112262726
379.0 0.5314911715686321
380.0 0.3826544852927327
381.0 0.5177453625947237
382.0 0.5290026310831308
383.0 0.5651697516441345
384.0 0.5737893749028444
385.0 0.5187565926462412
386.0 0.624442333355546
387.0 0.6800756324082613
388.0 0.8565864525735378
389.0 1.1439895257353783
390.0 1.630823127925396
391.0 2.5920530781149864
392.0 4.069752246141434
393.0 6.397189944982529
394.0 9.71047729253769
395.0 14.131338894367218
396.0 19.717904925346375
397.0 26.769819855690002
398.0 35.07663905620575
399.0 44.10354793071747
400.0 53.48297357559204
401.0 62.55064010620117
402.0 71.04893326759338
403.0 78.3754050731659
404.0 83.7332010269165
405.0 87.93324828147888
406.0 90.29120206832886
407.0 92.30225682258606
408.0 93.349689245224
409.0 94.00213956832886
410.0 94.24315094947815
411.0 94.13028955459595
412.0 93.79759430885315
413.0 93.51192712783813
414.0 93.38303208351135
415.0 93.49337816238403
416.0 93.84801983833313
417.0 94.12732124328613
418.0 94.55518126487732
419.0 95.1937198638916
420.0 95.68284153938293
421.0 96.31244540214539
422.0 96.43932580947876
423.0 96.71540260314941
424.0 96.52390480041504
425.0 96.47027254104614
426.0 96.43852114677429
427.0 96.43492698669434
428.0 96.22810482978821
429.0 96.17011547088623
430.0 95.94228267669678
431.0 95.96078395843506
432.0 96.08859419822693
433.0 96.13009691238403
434.0 96.19088172912598
435.0 96.33566737174988
436.0 96.378493309021
437.0 96.37460112571716
438.0 96.45823836326599
439.0 96.51814103126526
440.0 96.48677706718445
441.0 96.66051864624023
442.0 96.62759304046631
443.0 96.57025933265686
444.0 96.52907848358154
445.0 96.28846645355225
446.0 96.16425037384033
447.0 95.96478939056396
448.0 95.94826102256775
449.0 96.07405066490173
450.0 96.31182551383972
451.0 96.48594260215759
452.0 96.720290184021
453.0 96.79090976715088
454.0 96.8610405921936
455.0 97.17953205108643
456.0 97.31606245040894
457.0 97.46937155723572
458.0 97.43828177452087
459.0 97.48963713645935
460.0 97.49742150306702
461.0 97.62516021728516
462.0 97.50718474388123
463.0 97.46376872062683
464.0 97.56125807762146
465.0 97.50465154647827
466.0 97.5438117980957
467.0 97.48877882957458
468.0 97.47792482376099
469.0 97.55722284317017
470.0 97.37913012504578
471.0 97.32979536056519
472.0 97.38922119140625
473.0 97.26155996322632
474.0 97.11487889289856
475.0 97.23426103591919
476.0 97.18331098556519
477.0 97.21262454986572
478.0 97.32227921485901
479.0 97.33167886734009
480.0 97.49036431312561
481.0 97.59433269500732
482.0 97.7786660194397
483.0 97.69895076751709
484.0 97.87723422050476
485.0 97.87881374359131
486.0 97.85804152488708
487.0 97.93047904968262
488.0 97.95193076133728
489.0 98.05144667625427
490.0 98.00556898117065
491.0 98.0689525604248
492.0 97.97157049179077
493.0 97.97608852386475
494.0 97.94591665267944
495.0 98.0202853679657
496.0 97.82992601394653
497.0 97.7457582950592
498.0 97.57067561149597
499.0 97.62325882911682
500.0 97.51594662666321
501.0 97.47896790504456
502.0 97.4151611328125
503.0 97.55441546440125
504.0 97.40546941757202
505.0 97.41125702857971
506.0 97.44288325309753
507.0 97.38360047340393
508.0 97.41222262382507
509.0 97.39838242530823
510.0 97.37184643745422
511.0 97.32921719551086
512.0 97.23352789878845
513.0 97.31787443161011
514.0 97.26550579071045
515.0 97.31104373931885
516.0 97.40949273109436
517.0 97.42774963378906
518.0 97.4575400352478
519.0 97.46416211128235
520.0 97.5376546382904
521.0 97.66051769256592
522.0 97.67435789108276
523.0 97.64851927757263
524.0 97.68142700195312
525.0 97.6048469543457
526.0 97.77446985244751
527.0 97.73539304733276
528.0 97.81433939933777
529.0 97.86368012428284
530.0 97.88927435874939
531.0 98.05170893669128
532.0 97.91209101676941
533.0 97.88165092468262
534.0 97.95661568641663
535.0 97.76175618171692
536.0 97.42472171783447
537.0 96.9231128692627
538.0 96.24897837638855
539.0 94.97445225715637
540.0 93.41793060302734
541.0 90.89886546134949
542.0 88.23496103286743
543.0 84.75604057312012
544.0 80.26849031448364
545.0 76.30023956298828
546.0 71.34871482849121
547.0 66.77565574645996
548.0 62.17511296272278
549.0 57.97684192657471
550.0 54.66594696044922
551.0 51.449453830718994
552.0 49.04765486717224
553.0 46.56996726989746
554.0 43.81338357925415
555.0 40.75678288936615
556.0 36.679741740226746
557.0 31.91896677017212
558.0 26.629173755645752
559.0 21.328632533550262
560.0 16.098107397556305
561.0 11.158253252506256
562.0 7.325845956802368
563.0 4.3818991631269455
564.0 2.463175728917122
565.0 1.199896913021803
566.0 0.6476492621004581
567.0 0.32309030648320913
568.0 0.20120509434491396
569.0 0.11118685360997915
570.0 0.08286560769192874
571.0 0.057667604414746165
572.0 0.06375033408403397
573.0 0.03332085907459259
574.0 0.0428083207225427
575.0 0.030596769647672772
576.0 0.035801809281110764
577.0 0.02271005214424804
578.0 0.031925307121127844
579.0 0.022175131016410887
580.0 0.024372337793465704
581.0 0.026244547916576266
582.0 0.02830874000210315
583.0 0.017093443602789193
584.0 0.021012179786339402
585.0 0.008984199666883796
586.0 0.020919129019603133
587.0 0.010884134098887444
588.0 0.020831379515584558
589.0 0.018047796038445085
590.0 0.019812352547887713
591.0 0.013555421901401132
592.0 0.012274170876480639
593.0 0.015733942564111203
594.0 0.017951760673895478
595.0 0.005562794831348583
596.0 0.019117961346637458
597.0 0.015479396097362041
598.0 0.022780083236284554
599.0 0.016728435002733022
600.0 0.011174257087986916
601.0 0.0022887959858053364
602.0 0.002241472429886926
603.0 0.002194148510170635
604.0 0.0021181318516028114
605.0 0.0020421150111360475
606.0 0.0019676415831781924
607.0 0.0018931683371192776
608.0 0.0018977958461618982
609.0 0.0019024233552045189
610.0 0.0019415267161093652
611.0 0.001980629895115271
612.0 0.0019395720300963148
613.0 0.0018985143469762988
614.0 0.001937365777848754
615.0 0.0019762173906201497
616.0 0.00184033160621766
617.0 0.0017044458218151703
618.0 0.0016674430298735388
619.0 0.0016304404198308475
620.0 0.0015606676242896356
621.0 0.0014908943740010727
622.0 0.001549028092995286
623.0 0.0016071619029389694
624.0 0.00157985577970976
625.0 0.0015525498383794911
626.0 0.0014473323062702548
627.0 0.001342115047009429
628.0 0.0013872734598407988
629.0 0.0014324319636216387
630.0 0.001447322665626416
631.0 0.0014622135495301336
632.0 0.0014794361050007865
633.0 0.0014966588423703797
634.0 0.0014349353477882687
635.0 0.0013732118532061577
636.0 0.0013812130418955348
637.0 0.0013892143215343822
638.0 0.0012916628293169197
639.0 0.0011941114280489273
640.0 0.0012673669516516384
641.0 0.0013406224752543494
642.0 0.0012394755685818382
643.0 0.001138328752858797
644.0 0.001168527978734346
645.0 0.0011987275684077758
646.0 0.0012188048458483536
647.0 0.0012388820323394611
648.0 0.0012955225429323036
649.0 0.001352162962575676
650.0 0.0012551204235933255
651.0 0.001158077793661505
652.0 0.0012139002137701027
653.0 0.001269722906727111
654.0 0.0012093319128325675
655.0 0.001148940918938024
656.0 0.0011191545127076097
657.0 0.0010893681974266656
658.0 0.0010759304132079706
659.0 0.0010624926289892755
660.0 0.0010793693945743144
661.0 0.0010962457054120023
662.0 0.0011279971658950672
663.0 0.001159748626378132
664.0 0.0012038347449561115
665.0 0.001247920863534091
666.0 0.0011832642485387623
667.0 0.0011186076335434336
668.0 0.0011337670002831146
669.0 0.0011489262760733254
670.0 0.0011047515727113932
671.0 0.0010605770512484014
672.0 0.0009908178071782459
673.0 0.000921058926905971
674.0 0.0009794168363441713
675.0 0.0010377748367318418
676.0 0.0010094104254676495
677.0 0.0009810457413550466
678.0 0.0010032646969193593
679.0 0.0010254834705847315
680.0 0.0010587006727291737
681.0 0.0010919181477220263
682.0 0.0010551780178502668
683.0 0.0010184381608269177
684.0 0.0009532155672786757
685.0 0.0008879928827809636
686.0 0.0009261832929041702
687.0 0.0009643735211284366
688.0 0.0009584073268342763
689.0 0.0009524408596917056
690.0 0.0009813638826017268
691.0 0.001010286905511748
692.0 0.0009930960004567169
693.0 0.000975905277300626
694.0 0.000998977975541493
695.0 0.00102205076473183
696.0 0.0010009739526140038
697.0 0.0009798972314456478
698.0 0.0010190732609771658
699.0 0.0010582491995592136
700.0 0.0010669670700735878
701.0 0.0010756848496384919
702.0 0.0011034072485927027
703.0 0.0011311295565974433
704.0 0.0011501825611048844
705.0 0.0011692357475112658
706.0 0.0011067583727708552
707.0 0.0010442809980304446
708.0 0.0010877495697059203
709.0 0.0011312183232803363
710.0 0.0011688140148180537
711.0 0.0012064096154063009
712.0 0.0012070236152794678
713.0 0.001207637797051575
714.0 0.001282651828660164
715.0 0.0013576659512182232
716.0 0.0014076798834139481
717.0 0.0014576940884580836
718.0 0.0015266336049535312
719.0 0.0015955733033479191
720.0 0.0013415572539088316
721.0 0.0010875410225708038
722.0 0.0012923554095323198
723.0 0.0014971700693422463
724.0 0.0015140215509745758
725.0 0.0015308729416574351
726.0 0.0015903979146969505
727.0 0.0016499228877364658
728.0 0.0016868396414793096
729.0 0.0017237565771210939
730.0 0.0017501630281913094
731.0 0.0017765698430594057
732.0 0.0017006450434564613
733.0 0.0016247202438535169
734.0 0.0015366031220764853
735.0 0.001448486091248924
736.0 0.0012418211554177105
737.0 0.001035156128637027
738.0 0.0009709963705972768
739.0 0.0009068366125575267
740.0 0.000915598138817586
741.0 0.0009243597560271155
742.0 0.0010138504876522347
743.0 0.0011033416740247048
744.0 0.0010275455679220613
745.0 0.0009517499165667687
746.0 0.0008812687156023458
747.0 0.0008107876965368632
748.0 0.0008143864761223085
749.0 0.000817985346657224
750.0 0.0008355938007298391
751.0 0.0008532022548024543
752.0 0.0008650928975839633
753.0 0.0008769835403654724
754.0 0.0008191437700588722
755.0 0.0007613038178533316
756.0 0.0008208084182115272
757.0 0.0008803130185697228
758.0 0.0008553637599106878
759.0 0.0008304146831505932
760.0 0.0008211968633986544
761.0 0.0008119790436467156
762.0 0.0008028311640373431
763.0 0.0007936831025290303
764.0 0.0006644640961894765
765.0 0.0005352452262741281
766.0 0.0005854763458046364
767.0 0.0006357074653351447
768.0 0.0006517680958495475
769.0 0.0006678286808892153
770.0 0.0006113584731792798
771.0 0.0005548883564188145
772.0 0.0005615201644104673
773.0 0.00056815197240212
774.0 0.0006395811851689359
775.0 0.000711010488885222
776.0 0.0006929469691385748
777.0 0.0006748832674929872
778.0 0.0006454704816860612
779.0 0.0006160577413538704
780.0 0.0005698623226635391
781.0 0.0005236669494479429
782.0 0.0004378149242256768
783.0 0.0003519628990034107
784.0 0.0003950720838474808
785.0 0.0004381814051157562
786.0 0.0004925497250951594
787.0 0.0005469182269735029
788.0 0.0004957987584930379
789.0 0.00044467910811363254
790.0 0.00037091538160893833
791.0 0.0002971517460537143
792.0 0.00034745348784781527
793.0 0.00039775522964191623
794.0 0.00031060430956131313
795.0 0.00022345338948071003
796.0 0.00036847072806267533
797.0 0.0005134881575941108
798.0 0.0003557320269464981
799.0 0.0001979759190362529
800.0 0.00024411806407442782
801.0 0.0002902602773247054
802.0 0.00038920147744647693
803.0 0.0004881426320935134
804.0 0.0005080493792775087
805.0 0.0005279560809867689
806.0 0.0005042114480602322
807.0 0.0004804667696589604
808.0 0.0004667109806177905
809.0 0.00045295523705135565
810.0 0.0004377399363875156
811.0 0.0004225245447742054
812.0 0.0003407797521504108
813.0 0.0002590348913145135
814.0 0.00038605849113082513
815.0 0.0005130821136845043
816.0 0.0004779729806614341
817.0 0.00044286389311309904
818.0 0.0004202737272862578
819.0 0.0003976836069341516
820.0 0.0003870836735586636
821.0 0.0003764838311326457
822.0 0.0005090381819172762
823.0 0.0006415924417524366
824.0 0.00043325553633621894
825.0 0.00022491853997053113
826.0 0.0003644019216153538
827.0 0.0005038853032601764
828.0 0.0004074093794770306
829.0 0.0003109334329565172
830.0 0.00029289856229297584
831.0 0.0002748636461546994
832.0 0.0003260181074438151
833.0 0.00037717254599556327
834.0 0.0004093754796485882
835.0 0.00044157845877634827
836.0 0.00033150051876873476
837.0 0.00022142253328638617
838.0 0.0002850600139936432
839.0 0.0003486974947009003
840.0 0.0003510628630465362
841.0 0.00035342827686690725
842.0 0.0004101699232705869
843.0 0.0004669116606237367
844.0 0.0004908793471258832
845.0 0.0005148470336280297
846.0 0.00043701479626179207
847.0 0.00035918249068345176
848.0 0.00044161465666547883
849.0 0.0005240468453848734
850.0 0.0003662147946670302
851.0 0.00020838281216128962
852.0 0.00012461039204936242
853.0 4.083800604348653e-05
854.0 0.00013359870081330882
855.0 0.00022635938421444735
856.0 0.00029381671993178315
857.0 0.00036127405564911896
858.0 0.00044072539822082035
859.0 0.0005201767180551542
860.0 0.0004319559138821205
861.0 0.0003437350414969842
862.0 0.00036459402963373577
863.0 0.0003854530405078549
864.0 0.0003246672577006393
865.0 0.0002638815203681588
866.0 0.0002988623691635439
867.0 0.00033384324069629656
868.0 0.00038161406337167136
869.0 0.0004293848633096786
870.0 0.0004284624537831405
871.0 0.0004275400897313375
872.0 0.00037945642361592036
873.0 0.0003313728029752383
874.0 0.00046107679736451246
875.0 0.0005907807917537866
876.0 0.00045881215555709787
877.0 0.00032684354209777666
878.0 0.0003802497985816444
879.0 0.00043365607780287974
880.0 0.0004892687684332486
881.0 0.0005448813226394122
882.0 0.0005766016784036765
883.0 0.0006083219432184706
884.0 0.0005088209945824929
885.0 0.000409319954997045
886.0 0.00037589088606182486
887.0 0.0003424617489145021
888.0 0.00048269680519297253
889.0 0.0006229318842088105
890.0 0.0006134167961135972
891.0 0.0006039017080183839
892.0 0.000543049827683717
893.0 0.0004821978109248448
894.0 0.0004574498689180473
895.0 0.0004327018359617796
896.0 0.0004407268534123432
897.0 0.0004487518708629068
898.0 0.00046340401240740903
899.0 0.00047805610847717617
900.0 0.00040050563256954774
901.0 0.0003229551566619193
902.0 0.000359528121407493
903.0 0.00039610099520359654
904.0 0.00035221125926909735
905.0 0.0003083215005972306
