lsstCam/transmission_filter_detector/r10_s12/u_24/19700101T000000.ecsv
# %ECSV 1.0
# ---
# datatype:
# - {name: wavelength, unit: nm, datatype: float32}
# - {name: efficiency, unit: '%', datatype: float64}
# meta: !!omap
# - {MODE: DETECTOR}
# - {TYPE: transmission_filter_detector}
# - {CALIBDATE: '1970-01-01T00:00:00'}
# - {INSTRUME: LSSTCam}
# - {OBSTYPE: transmission_filter_detector}
# - {CALIBCLS: lsst.ip.isr.IntermediateFilterDetectorTransmissionCurve}
# - {SOURCE: Materion (DM-46256)}
# - {DETECTOR: 32}
# - {FILTER: u_24}
# - {CALIB_ID: 'calibDate=1970-01-01T00:00:00 filter=u_24 detector=32'}
# - {DATE: '2025-04-02T15:59:39.897480'}
# - {CALIB_CREATION_DATE: '2025-04-02'}
# - {CALIB_CREATION_TIME: '15:59:39'}
# - __serialized_columns__:
#     efficiency:
#       __class__: astropy.units.quantity.Quantity
#       unit: !astropy.units.Unit {unit: '%'}
#       value: !astropy.table.SerializedColumn {name: efficiency}
#     wavelength:
#       __class__: astropy.units.quantity.Quantity
#       unit: !astropy.units.Unit {unit: nm}
#       value: !astropy.table.SerializedColumn {name: wavelength}
# schema: astropy-2.0
wavelength efficiency
295.0 1.633693289156135e-10
296.0 1.633693289156135e-10
297.0 1.633693289156135e-10
298.0 1.633693289156135e-10
299.0 1.633693289156135e-10
300.0 1.633693289156135e-10
301.0 1.633693289156135e-10
302.0 1.633693289156135e-10
303.0 0.1024855999276042
304.0 0.08213320397771895
305.0 0.8194501511752605
306.0 1.913207396864891
307.0 3.8172684609889984
308.0 6.1600640416145325
309.0 9.43819060921669
310.0 12.938734889030457
311.0 16.89249724149704
312.0 20.7171693444252
313.0 23.743046820163727
314.0 26.60672664642334
315.0 29.087144136428833
316.0 31.231477856636047
317.0 33.81485641002655
318.0 37.10868954658508
319.0 41.235002875328064
320.0 46.83628976345062
321.0 52.475231885910034
322.0 58.43731760978699
323.0 63.76810669898987
324.0 68.069589138031
325.0 70.85956335067749
326.0 73.25353622436523
327.0 74.96792078018188
328.0 76.62216424942017
329.0 78.03268432617188
330.0 79.32425141334534
331.0 79.85485792160034
332.0 80.13327717781067
333.0 80.36938309669495
334.0 80.16692996025085
335.0 80.36884665489197
336.0 80.70797920227051
337.0 81.36394023895264
338.0 82.08072185516357
339.0 82.6414406299591
340.0 83.03273916244507
341.0 83.52755308151245
342.0 83.76877307891846
343.0 83.7920606136322
344.0 84.05901789665222
345.0 84.45870280265808
346.0 84.8168134689331
347.0 85.0635290145874
348.0 85.43197512626648
349.0 85.58513522148132
350.0 85.66625714302063
351.0 85.82615852355957
352.0 85.72365045547485
353.0 85.71000695228577
354.0 85.63193678855896
355.0 85.8790397644043
356.0 86.05673909187317
357.0 85.88742017745972
358.0 85.62517166137695
359.0 85.36022901535034
360.0 85.13849377632141
361.0 84.90221500396729
362.0 84.73176956176758
363.0 84.90098714828491
364.0 84.98767614364624
365.0 85.27434468269348
366.0 85.67013740539551
367.0 85.74187159538269
368.0 85.80612540245056
369.0 85.86295247077942
370.0 85.68004369735718
371.0 85.53221821784973
372.0 85.60356497764587
373.0 85.7280969619751
374.0 85.77965497970581
375.0 86.0869824886322
376.0 86.20036244392395
377.0 86.34399771690369
378.0 86.39860153198242
379.0 86.05780005455017
380.0 85.31416654586792
381.0 83.96027684211731
382.0 82.09036588668823
383.0 80.0807774066925
384.0 77.98556089401245
385.0 75.62184929847717
386.0 73.07513952255249
387.0 69.6397602558136
388.0 66.12516641616821
389.0 61.868876218795776
390.0 57.66943097114563
391.0 53.377264738082886
392.0 48.914143443107605
393.0 45.28001844882965
394.0 41.97998642921448
395.0 38.350194692611694
396.0 34.307676553726196
397.0 28.830060362815857
398.0 22.502708435058594
399.0 15.540193021297455
400.0 9.442629665136337
401.0 4.850929230451584
402.0 1.925482600927353
403.0 0.5809138529002666
404.0 0.16988354036584496
405.0 0.10706750908866525
406.0 0.0430979736847803
407.0 0.008870267629390582
408.0 0.005224985216045752
409.0 1.633693289156135e-10
410.0 1.633693289156135e-10
411.0 1.633693289156135e-10
412.0 1.633693289156135e-10
413.0 1.633693289156135e-10
414.0 1.633693289156135e-10
415.0 1.633693289156135e-10
416.0 1.633693289156135e-10
417.0 1.633693289156135e-10
418.0 1.633693289156135e-10
419.0 1.633693289156135e-10
420.0 1.633693289156135e-10
421.0 1.633693289156135e-10
422.0 1.633693289156135e-10
423.0 1.633693289156135e-10
424.0 1.633693289156135e-10
425.0 1.633693289156135e-10
426.0 1.633693289156135e-10
427.0 1.633693289156135e-10
428.0 1.633693289156135e-10
429.0 1.633693289156135e-10
430.0 0.0014468513654719573
431.0 0.000743472492104047
432.0 4.009367273738462e-05
433.0 0.0006897191269672476
434.0 0.0013393449989962392
435.0 0.0010424381798657123
436.0 0.0007455320883309469
437.0 1.633693289156135e-10
438.0 1.633693289156135e-10
439.0 1.633693289156135e-10
440.0 0.001129700740420958
441.0 1.633693289156135e-10
442.0 1.633693289156135e-10
443.0 1.633693289156135e-10
444.0 1.633693289156135e-10
445.0 1.633693289156135e-10
446.0 1.633693289156135e-10
447.0 1.633693289156135e-10
448.0 1.633693289156135e-10
449.0 5.994402272335719e-05
450.0 0.0003358396043040557
451.0 1.633693289156135e-10
452.0 1.633693289156135e-10
453.0 8.123184329633659e-05
454.0 0.0006346331247186754
455.0 0.0003993222435383359
456.0 0.00016401119182773982
457.0 0.0003404708422749536
458.0 0.0005169307769392617
459.0 1.633693289156135e-10
460.0 1.633693289156135e-10
461.0 1.633693289156135e-10
462.0 1.633693289156135e-10
463.0 1.633693289156135e-10
464.0 1.633693289156135e-10
465.0 0.00014082050938668544
466.0 0.0007760395419609267
467.0 0.00027662010779749835
468.0 1.633693289156135e-10
469.0 8.511074724992795e-05
470.0 0.0003930205821234267
471.0 1.633693289156135e-10
472.0 1.633693289156135e-10
473.0 1.633693289156135e-10
474.0 1.633693289156135e-10
475.0 1.633693289156135e-10
476.0 7.615156505380583e-05
477.0 1.633693289156135e-10
478.0 1.633693289156135e-10
479.0 1.633693289156135e-10
480.0 1.633693289156135e-10
481.0 5.910555955779273e-05
482.0 0.0008684376552992035
483.0 0.00023510203845944488
484.0 1.633693289156135e-10
485.0 1.633693289156135e-10
486.0 1.633693289156135e-10
487.0 1.633693289156135e-10
488.0 1.633693289156135e-10
489.0 1.633693289156135e-10
490.0 1.633693289156135e-10
491.0 1.633693289156135e-10
492.0 1.633693289156135e-10
493.0 1.633693289156135e-10
494.0 1.633693289156135e-10
495.0 0.0001846495706558926
496.0 0.0005988375960441772
497.0 0.0003746976290130988
498.0 0.0001505573209215072
499.0 1.633693289156135e-10
500.0 1.633693289156135e-10
501.0 1.633693289156135e-10
502.0 1.633693289156135e-10
503.0 1.633693289156135e-10
504.0 1.633693289156135e-10
505.0 1.633693289156135e-10
506.0 0.00020838770069531165
507.0 4.685823853378679e-05
508.0 1.633693289156135e-10
509.0 1.633693289156135e-10
510.0 1.633693289156135e-10
511.0 0.00014694793435410247
512.0 0.000845786871650489
513.0 0.0004804186573892366
514.0 0.00011505023849167628
515.0 0.0003661868731796858
516.0 0.0006173236670292681
517.0 5.329717964741576e-05
518.0 1.633693289156135e-10
519.0 1.633693289156135e-10
520.0 3.409900557471701e-05
521.0 0.0004975114734406816
522.0 0.000960923898674082
523.0 0.000286913837044267
524.0 1.633693289156135e-10
525.0 1.633693289156135e-10
526.0 1.633693289156135e-10
527.0 1.633693289156135e-10
528.0 1.633693289156135e-10
529.0 1.633693289156135e-10
530.0 2.4678254817445122e-05
531.0 4.6983441848169605e-05
532.0 6.928856919330428e-05
533.0 1.633693289156135e-10
534.0 1.633693289156135e-10
535.0 1.633693289156135e-10
536.0 0.00022300725959212286
537.0 1.633693289156135e-10
538.0 1.633693289156135e-10
539.0 1.633693289156135e-10
540.0 1.633693289156135e-10
541.0 1.633693289156135e-10
542.0 1.633693289156135e-10
543.0 1.633693289156135e-10
544.0 1.633693289156135e-10
545.0 1.633693289156135e-10
546.0 1.633693289156135e-10
547.0 0.00016059440213211928
548.0 0.0006283517905103508
549.0 9.548008392812335e-05
550.0 1.633693289156135e-10
551.0 1.633693289156135e-10
552.0 1.633693289156135e-10
553.0 1.633693289156135e-10
554.0 1.633693289156135e-10
555.0 1.633693289156135e-10
556.0 1.633693289156135e-10
557.0 1.633693289156135e-10
558.0 1.633693289156135e-10
559.0 1.633693289156135e-10
560.0 0.0005030507963965647
561.0 0.00017831692957770429
562.0 1.633693289156135e-10
563.0 1.633693289156135e-10
564.0 1.633693289156135e-10
565.0 1.633693289156135e-10
566.0 1.633693289156135e-10
567.0 1.633693289156135e-10
568.0 1.633693289156135e-10
569.0 0.00012001299865005421
570.0 0.00037407617128337733
571.0 0.0003307484803372063
572.0 0.00028742101676471066
573.0 0.0003153348188789096
574.0 0.00034324900752835674
575.0 0.00023290651824936504
576.0 0.00012256418813194614
577.0 0.00016078026874311035
578.0 0.00019899632661690703
579.0 0.00029498085041268496
580.0 0.00039096530599636026
581.0 0.000738334892957937
582.0 0.001085704661818454
583.0 0.0013285786735650618
584.0 0.00157145295816008
585.0 0.0011246202120673843
586.0 0.0006777870112273376
587.0 0.0009662317097536288
588.0 0.0012546764992293902
589.0 0.0010703991392801981
590.0 0.0008861215974320658
591.0 0.0008713309398444835
592.0 0.0008565401913074311
593.0 0.0007052159162412863
594.0 0.0005538913228519959
595.0 0.0007668055332032964
596.0 0.0009797194252314512
597.0 0.0011340845048835035
598.0 0.0012884494026366156
599.0 0.0015459148926311173
600.0 0.0018033802916761488
601.0 0.0020038314687553793
602.0 0.0022042828277335502
603.0 0.002059646249108482
604.0 0.0019150100342812948
605.0 0.0016828253137646243
606.0 0.001450640684197424
607.0 0.0012743291335937101
608.0 0.0010980175829899963
609.0 0.000683276721247239
610.0 0.0002685358822418493
611.0 0.0005374783086153911
612.0 0.0008064207577263005
613.0 0.0006868689524708316
614.0 0.0005673172381648328
615.0 0.000811467270978028
616.0 0.0010556173947406933
617.0 0.0009128956662607379
618.0 0.0007701742106291931
619.0 0.0005048741968494141
620.0 0.000239574342231208
621.0 0.000440734447693103
622.0 0.0006418944849428954
623.0 0.0005496057838172419
624.0 0.00045731708269158844
625.0 0.0005611456799670123
626.0 0.0006649743227171712
627.0 0.0007508583166782046
628.0 0.0008367424015887082
629.0 0.0008287749551527668
630.0 0.0008208074177673552
631.0 0.001348943987977691
632.0 0.0018770801034406759
633.0 0.0018121540051652119
634.0 0.0017472275430918671
635.0 0.0022866393919684924
636.0 0.0028260512408451177
637.0 0.0026164409064222127
638.0 0.002406830208201427
639.0 0.001985368362511508
640.0 0.0015639061530237086
641.0 0.0012147407687734812
642.0 0.0008655754754727241
643.0 0.0007567695320176426
644.0 0.0006479635885625612
645.0 0.0004529222223936813
646.0 0.00025788078801269876
647.0 0.00013075162996756262
648.0 3.6226492028390567e-06
649.0 1.7818078390519076e-05
650.0 3.201357401394489e-05
651.0 0.00037011498079664307
652.0 0.0007082166121108457
653.0 0.0011308562534395605
654.0 0.001553495712869335
655.0 0.0015344487110269256
656.0 0.0015154015272855759
657.0 0.002415613016637508
658.0 0.0033158248697873205
659.0 0.003805923188338056
660.0 0.004296021506888792
661.0 0.004220953269395977
662.0 0.004145884668105282
663.0 0.0033781499951146543
664.0 0.0026104156859219074
665.0 0.0022669810277875513
666.0 0.0019235461877542548
667.0 0.0015833642464713193
668.0 0.0012431819413905032
669.0 0.001052415154845221
670.0 0.0008616482773504686
671.0 0.0005986032192595303
672.0 0.00033555795653228415
673.0 0.0001576457179908175
674.0 1.633693289156135e-10
675.0 0.0003964683855883777
676.0 0.0008132033144647721
677.0 0.001452935339329997
678.0 0.0020926676370436326
679.0 0.0021137826479389332
680.0 0.002134897295036353
681.0 0.0030550858355127275
682.0 0.003975274012191221
683.0 0.005425184644991532
684.0 0.006875096005387604
685.0 0.007550767622888088
686.0 0.008226441423175856
687.0 0.007922248187242076
688.0 0.007618053496116772
689.0 0.006326480070129037
690.0 0.005034908099332824
691.0 0.004431146589922719
692.0 0.0038273854443104938
693.0 0.003237371493014507
694.0 0.00264735735981958
695.0 0.002288888572365977
696.0 0.0019304197849123739
697.0 0.0014784403902012855
698.0 0.001026460995490197
699.0 0.0008281377631647047
700.0 0.0006298144853644772
701.0 0.0004236553650116548
702.0 0.00021749640382040525
703.0 0.00045250390030560084
704.0 0.0006875116014271043
705.0 0.0006953025149414316
706.0 0.0007030935648799641
707.0 0.0007842864761187229
708.0 0.000865478978084866
709.0 0.0006578853117389372
710.0 0.000450291463494068
711.0 0.0007027724677755032
712.0 0.000955253290157998
713.0 0.0009060208867595065
714.0 0.0008567883924115449
715.0 0.0007916662070783786
716.0 0.0007265441126946826
717.0 0.0006706929070787737
718.0 0.0006148416105133947
719.0 0.0004979558980267029
720.0 0.0003810701173279085
721.0 0.0004281930614524754
722.0 0.0004753159373649396
723.0 0.0004722679022961529
724.0 0.0004692198217526311
725.0 0.000318481716021779
726.0 0.0001677435648161918
727.0 0.0002796962689899374
728.0 0.00039164901863841806
729.0 0.00020998188574594678
730.0 2.8314786959526828e-05
731.0 8.750352549213858e-05
732.0 0.0001466922753934341
733.0 0.00010285330063197762
734.0 5.901434860788868e-05
735.0 0.00029997233923495514
736.0 0.0005409303412307054
737.0 0.0005290793978929287
738.0 0.000517228454555152
739.0 0.0004609773895936087
740.0 0.00040472632463206537
741.0 0.000781340895628091
742.0 0.0011579554666241165
743.0 0.001599244751560036
744.0 0.0020405339455464855
745.0 0.002693382339202799
746.0 0.0033462307328591123
747.0 0.0039737624319968745
748.0 0.004601293767336756
749.0 0.004212010389892384
750.0 0.0038227273762458935
751.0 0.0036746372643392533
752.0 0.0035265467886347324
753.0 0.0027969768780167215
754.0 0.0020674064217018895
755.0 0.002284667789353989
756.0 0.002501929338905029
757.0 0.002057771780528128
758.0 0.0016136138583533466
759.0 0.0013484772352967411
760.0 0.0010833407031896058
761.0 0.0011439595255069435
762.0 0.001204578347824281
763.0 0.0008596265615778975
764.0 0.0005146747298567789
765.0 0.0006278505679802038
766.0 0.0007410264061036287
767.0 0.0006757358733011642
768.0 0.0006104451585997595
769.0 0.0006198068604135187
770.0 0.0006291683348536026
771.0 0.00040252948565466795
772.0 0.0001758905227688956
773.0 0.00024086104986054124
774.0 0.00030583150874008425
775.0 0.00035323841984791216
776.0 0.000400645285481005
777.0 0.000550171171198599
778.0 0.0006996967840677826
779.0 0.0008701656042831019
780.0 0.0010406341061752755
781.0 0.0009593796676199418
782.0 0.0008781251381151378
783.0 0.0008100036211544648
784.0 0.0007418820132443216
785.0 0.001058376165019581
786.0 0.00137487004394643
787.0 0.001212419374496676
788.0 0.0010499686140974518
789.0 0.0009273601790482644
790.0 0.0008047518349485472
791.0 0.0007873280992498621
792.0 0.0007699041816522367
793.0 0.0002583046352810925
794.0 1.633693289156135e-10
795.0 6.358633868330799e-05
796.0 0.00038046757708798395
797.0 0.00042241540540999267
798.0 0.000464363301944104
799.0 0.00014838749393675243
800.0 1.633693289156135e-10
801.0 1.633693289156135e-10
802.0 1.633693289156135e-10
803.0 1.633693289156135e-10
804.0 7.7778730656064e-05
805.0 1.633693289156135e-10
806.0 1.633693289156135e-10
807.0 1.633693289156135e-10
808.0 1.633693289156135e-10
809.0 0.00023412519567500567
810.0 0.000546087721886579
811.0 0.00011867346074723173
812.0 1.633693289156135e-10
813.0 0.0001396982952428516
814.0 0.0005881373454030836
815.0 0.000440472831542138
816.0 0.0002928083176811924
817.0 0.0003059746632061433
818.0 0.00031914103146846173
819.0 0.0002248405507998541
820.0 0.00013054016108071664
821.0 1.633693289156135e-10
822.0 1.633693289156135e-10
823.0 1.633693289156135e-10
824.0 5.2308342901596916e-05
825.0 1.633693289156135e-10
826.0 1.633693289156135e-10
827.0 0.00015721999488960137
828.0 0.0006097984169173287
829.0 0.00031832630611461354
830.0 2.6854584689317562e-05
831.0 1.633693289156135e-10
832.0 1.633693289156135e-10
833.0 1.633693289156135e-10
834.0 1.633693289156135e-10
835.0 1.633693289156135e-10
836.0 1.633693289156135e-10
837.0 1.633693289156135e-10
838.0 1.633693289156135e-10
839.0 1.633693289156135e-10
840.0 1.633693289156135e-10
841.0 1.633693289156135e-10
842.0 1.633693289156135e-10
843.0 1.633693289156135e-10
844.0 1.633693289156135e-10
845.0 1.633693289156135e-10
846.0 5.4271640692604706e-05
847.0 6.458787424890033e-05
848.0 7.490403959309333e-05
849.0 0.00015596492630720604
850.0 0.00023702564249106217
851.0 0.0001169729330285918
852.0 1.633693289156135e-10
853.0 5.646855925078853e-05
854.0 0.00011601681535466923
855.0 0.0001416845407220535
856.0 0.00016735218650865136
857.0 0.0003770491957766353
858.0 0.0005867460913577816
859.0 0.0006857255812064977
860.0 0.000784705116529949
861.0 0.0008154851457220502
862.0 0.0008462650839646813
863.0 0.001138049083238002
864.0 0.0014298329006123822
865.0 0.0018256576368003152
866.0 0.002221482282038778
867.0 0.0020159677660558373
868.0 0.0018104534319718368
869.0 0.0016814183254609816
870.0 0.0015523828551522456
871.0 0.0016159579899976961
872.0 0.0016795325791463256
873.0 0.0017920681784744374
874.0 0.0019046032321057282
875.0 0.0020544173821690492
876.0 0.0022042315322323702
877.0 0.0021875492166145705
878.0 0.0021708674466935918
879.0 0.002270446202601306
880.0 0.0023700258680037223
