lsstCam/transmission_filter_detector/r10_s12/u_24/19700101T000000.ecsv
# %ECSV 1.0
# ---
# datatype:
# - {name: wavelength, unit: nm, datatype: float32}
# - {name: efficiency, unit: '%', datatype: float64}
# meta: !!omap
# - {MODE: DETECTOR}
# - {TYPE: transmission_filter_detector}
# - {CALIBDATE: '1970-01-01T00:00:00'}
# - {INSTRUME: LSSTCam}
# - {OBSTYPE: transmission_filter_detector}
# - {CALIBCLS: lsst.ip.isr.IntermediateFilterDetectorTransmissionCurve}
# - {SOURCE: Materion (DM-46256)}
# - {DETECTOR: 32}
# - {FILTER: u_24}
# - {CALIB_ID: 'calibDate=1970-01-01T00:00:00 filter=u_24 detector=32'}
# - {DATE: '2025-04-02T15:59:39.897480'}
# - {CALIB_CREATION_DATE: '2025-04-02'}
# - {CALIB_CREATION_TIME: '15:59:39'}
# - __serialized_columns__:
#     efficiency:
#       __class__: astropy.units.quantity.Quantity
#       unit: !astropy.units.Unit {unit: '%'}
#       value: !astropy.table.SerializedColumn {name: efficiency}
#     wavelength:
#       __class__: astropy.units.quantity.Quantity
#       unit: !astropy.units.Unit {unit: nm}
#       value: !astropy.table.SerializedColumn {name: wavelength}
# schema: astropy-2.0
wavelength efficiency
[from data line 587]
882.0 0.0029004459065617993
883.0 0.0027355154088581912
884.0 0.002570585456851404
885.0 0.0025737743271747604
886.0 0.0025769631974981166
887.0 0.0024158376618288457
888.0 0.0022547124899574555
889.0 0.0021729663785663433
890.0 0.0020912200852762908
891.0 0.002205648706876673
892.0 0.002320077328477055
893.0 0.0023421922378474846
894.0 0.0023643067834200338
895.0 0.00277321960311383
896.0 0.0031821320590097457
897.0 0.0036093202652409673
898.0 0.0040365088352700695
899.0 0.004106849155505188
900.0 0.004177189475740306
901.0 0.0041040388168767095
902.0 0.004030888885608874
903.0 0.0044015017920173705
904.0 0.004772114698425867
905.0 0.004827395605389029
906.0 0.004882676512352191
907.0 0.005303556099534035
908.0 0.0057244356867158785
909.0 0.005704345312551595
910.0 0.005684255665983073
911.0 0.00591217030887492
912.0 0.006140085315564647
913.0 0.005938573303865269
914.0 0.00573706129216589
915.0 0.00521940273756627
916.0 0.0047017441829666495
917.0 0.00422671546402853
918.0 0.003751687108888291
919.0 0.004158218871452846
920.0 0.0045647506340174004
921.0 0.004551448000711389
922.0 0.004538145731203258
923.0 0.005355346002033912
924.0 0.006172544817673042
925.0 0.006338595994748175
926.0 0.006504647171823308
927.0 0.0070195397711358964
928.0 0.007534430187661201
929.0 0.007558274228358641
930.0 0.00758211754146032
931.0 0.007096714398358017
932.0 0.006611309800064191
933.0 0.0066773420257959515
934.0 0.006743374251527712
935.0 0.006949336238903925
936.0 0.007155298953875899
937.0 0.007167840522015467
938.0 0.007180385000538081
939.0 0.007102629751898348
940.0 0.007024875230854377
941.0 0.006229897553566843
942.0 0.005434918784885667
943.0 0.004453766086953692
944.0 0.0034726137528195977
945.0 0.0025330979042337276
946.0 0.0015935822375467978
947.0 0.0017039306840160862
948.0 0.0018142787666874938
949.0 0.0016173587937373668
950.0 0.0014204387298377696
951.0 0.0013042802493146155
952.0 0.0011881216778419912
953.0 0.0011933215319004375
954.0 0.0011985216588072944
955.0 0.001922949195432011
956.0 0.002647376823006198
957.0 0.0027140895326738246
958.0 0.0027808016966446303
959.0 0.0030422872441704385
960.0 0.0033037722459994256
961.0 0.0038925336411921307
962.0 0.004481294672586955
963.0 0.004552159225568175
964.0 0.004623024142347276
965.0 0.0045149408833822235
966.0 0.004406857988215052
967.0 0.004491282379603945
968.0 0.0045757071347907186
969.0 0.004656091914512217
970.0 0.004736476330435835
971.0 0.0046419449063250795
972.0 0.004547413482214324
973.0 0.004401113255880773
974.0 0.004254812665749341
975.0 0.0041954608605010435
976.0 0.004136108327656984
977.0 0.0037816040276084095
978.0 0.003427099363761954
979.0 0.0032345404179068282
980.0 0.0030419814720517024
981.0 0.0027312520614941604
982.0 0.0024205226509366184
983.0 0.0027366924769012257
984.0 0.0030528619390679523
985.0 0.003390327765373513
986.0 0.0037277943192748353
987.0 0.0040490991523256525
988.0 0.004370403621578589
989.0 0.0052764480642508715
990.0 0.006182491779327393
991.0 0.006219468923518434
992.0 0.006256446067709476
993.0 0.0065857260779011995
994.0 0.006915006088092923
995.0 0.006577504245797172
996.0 0.0062399994931183755
997.0 0.006026364280842245
998.0 0.005812731615151279
999.0 0.0061844570154789835
1000.0 0.006556180596817285
1001.0 0.006306402792688459
1002.0 0.006056623533368111
1003.0 0.005469392272061668
1004.0 0.004882159919361584
1005.0 0.005215315832174383
1006.0 0.005548471381189302
1007.0 0.005341693031368777
1008.0 0.0051349124987609684
1009.0 0.004495475150179118
1010.0 0.003856038165395148
1011.0 0.003744872083188966
1012.0 0.0036337060009827837
1013.0 0.003136921804980375
1014.0 0.0026401374270790257
1015.0 0.0022155196347739547
1016.0 0.0017909018424688838
1017.0 0.001665008494455833
1018.0 0.0015391151464427821
1019.0 0.0014446687600866426
1020.0 0.0013502221918315627
1021.0 0.0012805826372641604
1022.0 0.0012109431736462284
1023.0 0.0011102572898380458
1024.0 0.001009571315080393
1025.0 0.00103166421467904
1026.0 0.001053757205227157
1027.0 0.0011048834494431503
1028.0 0.0011560095117602032
1029.0 0.001298319511988666
1030.0 0.001440629694116069
1031.0 0.001865726153482683
1032.0 0.002290822703798767
1033.0 0.0022677433662465774
1034.0 0.0022446640286943875
1035.0 0.002393474460404832
1036.0 0.002542284710216336
1037.0 0.0026867033739108592
1038.0 0.002831122219504323
1039.0 0.0025047263989108615
1040.0 0.0021783309421152808
1041.0 0.0018289574654772878
1042.0 0.0014795841707382351
1043.0 0.0016266534657916054
1044.0 0.001773722942743916
1045.0 0.0014834244211670011
1046.0 0.0011931261724384967
1047.0 0.001972415338968858
1048.0 0.0027517049602465704
1049.0 0.001968029755516909
1050.0 0.0011843540050904267
1051.0 0.0014075493709242437
1052.0 0.0016307445548591204
1053.0 0.001301523207075661
1054.0 0.0009723016773932613
1055.0 0.0009081322787096724
1056.0 0.000843963152874494
1057.0 0.0012796372175216675
1058.0 0.0017153115550172515
1059.0 0.001107417938328581
1060.0 0.000499524639963056
1061.0 0.0009548893103783485
1062.0 0.0014102539353189059
1063.0 0.0013059109733148944
1064.0 0.0012015676475130022
1065.0 0.0007542242201452609
1066.0 0.0003068808609896223
1067.0 0.0005537035576708149
1068.0 0.0008005255949683487
1069.0 0.0016215451978496276
1070.0 0.0024425644369330257
1071.0 0.0014341677342599723
1072.0 0.00042577112253638916
1073.0 0.0008277119377453346
1074.0 0.0012296526620048098
1075.0 0.00297756923828274
1076.0 0.004725485268863849
1077.0 0.005100388443679549
1078.0 0.005475291618495248
1079.0 0.005866119681741111
1080.0 0.006256944470806047
1081.0 0.004622468259185553
1082.0 0.002987991683767177
1083.0 0.0018478220226825215
1084.0 0.000707652452547336
1085.0 0.002564645910752006
1086.0 0.004421639096108265
1087.0 0.004501367584452964
1088.0 0.0045810960727976635
1089.0 0.005989700002828613
1090.0 0.007398304296657443
1091.0 0.004009851909358986
1092.0 0.0006213989763637073
1093.0 0.0007373410426225746
1094.0 0.0008532829269825015
1095.0 0.001849732143455185
1096.0 0.0028461814508773386
1097.0 0.002111137109750416
1098.0 0.0013760925867245533
1099.0 0.002050211878668051
1100.0 0.002724330988712609
