lsstCam/transmission_sensor/r21_s12/19700101T000000.ecsv
# %ECSV 1.0
# ---
# datatype:
# - {name: amp_name, datatype: string}
# - {name: wavelength, unit: nm, datatype: float32}
# - {name: efficiency, unit: '%', datatype: float64}
# meta: !!omap
# - {MODE: AMP}
# - {TYPE: transmission_sensor}
# - {CALIBDATE: '1970-01-01T00:00:00'}
# - {INSTRUME: LSSTCAM}
# - {OBSTYPE: transmission_sensor}
# - {DETECTOR: 86}
# - {PARQUETFILE: qe_raft_allvalues_nircorrected_20230725.parquet}
# - {CALIBCLS: lsst.ip.isr.IntermediateSensorTransmissionCurve}
# - {CALIB_ID: 'raftName=R21 detectorName=S12 detector=86 calibDate=1970-01-01T00:00:00 ccd=86 ccdnum=86 filter=None'}
# - {DATE: '2023-08-02T16:57:55.786039'}
# - {CALIB_CREATION_DATE: '2023-08-02'}
# - {CALIB_CREATION_TIME: '16:57:55'}
# - __serialized_columns__:
#     efficiency:
#       __class__: astropy.units.quantity.Quantity
#       unit: !astropy.units.Unit {unit: '%'}
#       value: !astropy.table.SerializedColumn {name: efficiency}
#     wavelength:
#       __class__: astropy.units.quantity.Quantity
#       unit: !astropy.units.Unit {unit: nm}
#       value: !astropy.table.SerializedColumn {name: wavelength}
# schema: astropy-2.0
amp_name wavelength efficiency
C00 319.992 44.36080551147461
C00 330.006 57.004756927490234
C00 349.994 77.21469116210938
C00 370.001 81.49907684326172
C00 400.009 86.61368560791016
C00 429.983 88.63153076171875
C00 449.989 89.94441986083984
C00 469.993 90.96736145019531
C00 500.016 93.6625747680664
C00 549.99 96.92407989501953
C00 569.998 97.78350830078125
C00 599.983 98.60214233398438
C00 630.013 99.06922912597656
C00 649.987 99.30673217773438
C00 670.017 99.32617950439453
C00 699.987 99.00666809082031
C00 720.012 98.87445831298828
C00 749.995 98.17548370361328
C00 770.007 97.73902893066406
C00 800.008 96.55367279052734
C00 830.013 94.75473022460938
C00 869.994 89.8072738647461
C00 900.005 82.18667602539062
C00 919.989 74.67764282226562
C00 959.989 53.7541389465332
C00 1000.013 27.491275787353516
C00 1030.002 11.080185890197754
C00 1049.996 5.329051494598389
C00 1080.005 0.6806018326610356
C00 1100.007 0.09258305783464771
C01 319.992 44.55604553222656
C01 330.006 57.25202178955078
C01 349.994 77.5684585571289
C01 370.001 81.88668823242188
C01 400.009 86.85973358154297
C01 429.983 88.80751037597656
C01 449.989 90.09532165527344
C01 469.993 91.09819030761719
C01 500.016 93.77577209472656
C01 549.99 97.01902770996094
C01 569.998 97.88090515136719
C01 599.983 98.6960678100586
C01 630.013 99.15577697753906
C01 649.987 99.39326477050781
C01 670.017 99.41332244873047
C01 699.987 99.0929946899414
C01 720.012 98.96160888671875
C01 749.995 98.26020050048828
C01 770.007 97.8249282836914
C01 800.008 96.63599395751953
C01 830.013 94.83477020263672
C01 869.994 89.87814331054688
C01 900.005 82.26421356201172
C01 919.989 74.77587890625
C01 959.989 53.87938690185547
C01 1000.013 27.415164947509766
C01 1030.002 11.092432975769043
C01 1049.996 5.295138835906982
C01 1080.005 0.6811891327283177
C01 1100.007 0.0926629489449653
C02 319.992 44.90779113769531
C02 330.006 57.70997619628906
C02 349.994 78.16752624511719
C02 370.001 82.46636199951172
C02 400.009 87.32667541503906
C02 429.983 89.21830749511719
C02 449.989 90.49171447753906
C02 469.993 91.48240661621094
C02 500.016 94.1553726196289
C02 549.99 97.39927673339844
C02 569.998 98.2577896118164
C02 599.983 99.0708236694336
C02 630.013 99.53009796142578
C02 649.987 99.76709747314453
C02 670.017 99.78623962402344
C02 699.987 99.45429229736328
C02 720.012 99.32587432861328
C02 749.995 98.61717224121094
C02 770.007 98.17449188232422
C02 800.008 96.9732666015625
C02 830.013 95.1658706665039
C02 869.994 90.20482635498047
C02 900.005 82.47709655761719
C02 919.989 75.13117980957031
C02 959.989 53.831295013427734
C02 1000.013 27.5360050201416
C02 1030.002 11.044631004333496
C02 1049.996 5.275699615478516
C02 1080.005 0.6836638322649994
C02 1100.007 0.09299958519737175
C03 319.992 45.18349838256836
C03 330.006 58.058380126953125
C03 349.994 78.55823516845703
C03 370.001 82.7569351196289
C03 400.009 87.3721694946289
C03 429.983 89.18387603759766
C03 449.989 90.42967224121094
C03 469.993 91.40282440185547
C03 500.016 94.06175231933594
C03 549.99 97.27587890625
C03 569.998 98.12347412109375
C03 599.983 98.92664337158203
C03 630.013 99.37181854248047
C03 649.987 99.6048812866211
C03 670.017 99.61431121826172
C03 699.987 99.27952575683594
C03 720.012 99.1390380859375
C03 749.995 98.42542266845703
C03 770.007 97.97584533691406
C03 800.008 96.77079772949219
C03 830.013 94.95970153808594
C03 869.994 89.96869659423828
C03 900.005 82.26258850097656
C03 919.989 75.05464935302734
C03 959.989 53.674957275390625
C03 1000.013 27.303451538085938
C03 1030.002 10.98524284362793
C03 1049.996 5.2625908851623535
C03 1080.005 0.6823345170249542
C03 1100.007 0.09281875690123215
C04 319.992 45.597171783447266
C04 330.006 58.57855224609375
C04 349.994 79.15608215332031
C04 370.001 83.26297760009766
C04 400.009 87.78276824951172
C04 429.983 89.5713882446289
C04 449.989 90.8135757446289
C04 469.993 91.7828369140625
C04 500.016 94.44145202636719
C04 549.99 97.64810180664062
C04 569.998 98.4903335571289
C04 599.983 99.28363800048828
C04 630.013 99.71739959716797
C04 649.987 99.94046783447266
C04 670.017 99.94142150878906
C04 699.987 99.59374237060547
C04 720.012 99.44595336914062
C04 749.995 98.71630096435547
C04 770.007 98.26053619384766
C04 800.008 97.0345458984375
C04 830.013 95.22418975830078
C04 869.994 90.13377380371094
C04 900.005 82.49068450927734
C04 919.989 75.33905792236328
C04 959.989 53.64958572387695
C04 1000.013 27.283605575561523
C04 1030.002 10.965982437133789
C04 1049.996 5.264710903167725
C04 1080.005 0.684351019834635
C04 1100.007 0.09309306412065656
C05 319.992 45.71400833129883
C05 330.006 58.715885162353516
C05 349.994 79.21490478515625
C05 370.001 83.2026138305664
C05 400.009 87.70935821533203
C05 429.983 89.50894927978516
C05 449.989 90.76213073730469
C05 469.993 91.73860931396484
C05 500.016 94.39370727539062
C05 549.99 97.5958251953125
C05 569.998 98.42796325683594
C05 599.983 99.20559692382812
C05 630.013 99.63098907470703
C05 649.987 99.8425064086914
C05 670.017 99.83723449707031
C05 699.987 99.47735595703125
C05 720.012 99.32201385498047
C05 749.995 98.5794677734375
C05 770.007 98.11756896972656
C05 800.008 96.87751007080078
C05 830.013 95.07418823242188
C05 869.994 89.95589447021484
C05 900.005 82.3933334350586
C05 919.989 75.1907958984375
C05 959.989 53.528358459472656
C05 1000.013 27.145048141479492
C05 1030.002 10.873763084411621
C05 1049.996 5.250658988952637
C05 1080.005 0.6834024097410764
C05 1100.007 0.09296402358779303
C06 319.992 45.92393493652344
C06 330.006 58.98350524902344
C06 349.994 79.50173950195312
C06 370.001 83.3864517211914
C06 400.009 87.65682983398438
C06 429.983 89.37930297851562
C06 449.989 90.60025787353516
C06 469.993 91.56270599365234
C06 500.016 94.19609832763672
C06 549.99 97.36646270751953
C06 569.998 98.18861389160156
C06 599.983 98.9595947265625
C06 630.013 99.37716674804688
C06 649.987 99.58008575439453
C06 670.017 99.57001495361328
C06 699.987 99.20431518554688
C06 720.012 99.0428695678711
C06 749.995 98.29765319824219
C06 770.007 97.8307876586914
C06 800.008 96.58560943603516
C06 830.013 94.80496215820312
C06 869.994 89.69800567626953
C06 900.005 82.26934051513672
C06 919.989 74.86656951904297
C06 959.989 53.51042556762695
C06 1000.013 27.16398811340332
C06 1030.002 10.871366500854492
C06 1049.996 5.2754621505737305
C06 1080.005 0.6814487208963267
C06 1100.007 0.09269826102497836
C07 319.992 46.207828521728516
C07 330.006 59.36033248901367
C07 349.994 80.0260238647461
C07 370.001 83.9012680053711
C07 400.009 87.98260498046875
C07 429.983 89.63018798828125
C07 449.989 90.8292465209961
C07 469.993 91.77648162841797
C07 500.016 94.39778137207031
C07 549.99 97.56256866455078
C07 569.998 98.38613891601562
C07 599.983 99.15351867675781
C07 630.013 99.56770324707031
C07 649.987 99.77311706542969
C07 670.017 99.75968170166016
C07 699.987 99.3897705078125
C07 720.012 99.22573852539062
C07 749.995 98.4738998413086
C07 770.007 98.00041961669922
C07 800.008 96.76121520996094
C07 830.013 94.97582244873047
C07 869.994 89.9494400024414
C07 900.005 82.37425231933594
C07 919.989 75.04231262207031
C07 959.989 53.98640441894531
C07 1000.013 27.34857940673828
C07 1030.002 10.973702430725098
C07 1049.996 5.344196796417236
C07 1080.005 0.6826705428564644
C07 1100.007 0.09286446688539574
C10 319.992 43.23481750488281
C10 330.006 55.512420654296875
C10 349.994 74.89214324951172
C10 370.001 78.98603820800781
C10 400.009 85.52595520019531
C10 429.983 88.18885040283203
C10 449.989 89.740234375
C10 469.993 90.91542053222656
C10 500.016 93.7556381225586
C10 549.99 97.12361907958984
C10 569.998 98.00149536132812
C10 599.983 98.8346176147461
C10 630.013 99.29651641845703
C10 649.987 99.53377532958984
C10 670.017 99.5483169555664
C10 699.987 99.21879577636719
C10 720.012 99.08132934570312
C10 749.995 98.37244415283203
C10 770.007 97.93339538574219
C10 800.008 96.73306274414062
C10 830.013 94.9462661743164
C10 869.994 89.88853454589844
C10 900.005 82.31428527832031
C10 919.989 75.16987609863281
C10 959.989 53.36531448364258
C10 1000.013 27.415176391601562
C10 1030.002 10.99866008758545
C10 1049.996 5.275791645050049
C10 1080.005 0.6819672556115511
C10 1100.007 0.09276879790458269
C11 319.992 43.43510818481445
C11 330.006 55.768890380859375
C11 349.994 75.24344635009766
C11 370.001 79.34929656982422
C11 400.009 85.60797119140625
C11 429.983 88.148681640625
C11 449.989 89.6544418334961
C11 469.993 90.79973602294922
C11 500.016 93.60807800292969
C11 549.99 96.94474792480469
C11 569.998 97.81156921386719
C11 599.983 98.63741302490234
C11 630.013 99.09661102294922
C11 649.987 99.33001708984375
C11 670.017 99.34234619140625
C11 699.987 99.01541900634766
C11 720.012 98.87796783447266
C11 749.995 98.16927337646484
C11 770.007 97.72855377197266
C11 800.008 96.53260040283203
C11 830.013 94.76277923583984
C11 869.994 89.68194580078125
C11 900.005 82.20860290527344
C11 919.989 75.09716033935547
C11 959.989 53.288002014160156
C11 1000.013 27.346712112426758
C11 1030.002 10.942835807800293
C11 1049.996 5.248287677764893
C11 1080.005 0.6805587704289284
C11 1100.007 0.09257720002919621
C12 319.992 43.717628479003906
C12 330.006 56.1470832824707
C12 349.994 75.82676696777344
C12 370.001 79.9996337890625
C12 400.009 86.12194061279297
C12 429.983 88.58299255371094
C12 449.989 90.056396484375
C12 469.993 91.18262481689453
C12 500.016 93.97914123535156
C12 549.99 97.31453704833984
C12 569.998 98.18273162841797
C12 599.983 99.0112533569336
C12 630.013 99.47470092773438
C12 649.987 99.70948028564453
C12 670.017 99.7252426147461
C12 699.987 99.39823150634766
C12 720.012 99.25747680664062
C12 749.995 98.54782104492188
C12 770.007 98.1029281616211
C12 800.008 96.9045639038086
C12 830.013 95.12854766845703
C12 869.994 90.01866149902344
C12 900.005 82.58536529541016
C12 919.989 75.45092010498047
C12 959.989 53.49906921386719
C12 1000.013 27.377199172973633
C12 1030.002 10.993389129638672
C12 1049.996 5.266958713531494
C12 1080.005 0.6831830516879718
C12 1100.007 0.09293418405703881
C13 319.992 44.05561828613281
C13 330.006 56.57875061035156
C13 349.994 76.36636352539062
C13 370.001 80.47252655029297
C13 400.009 86.23595428466797
C13 429.983 88.56599426269531
C13 449.989 89.99398040771484
C13 469.993 91.08523559570312
C13 500.016 93.84769439697266
C13 549.99 97.14497375488281
C13 569.998 98.0036392211914
C13 599.983 98.82003021240234
C13 630.013 99.26972198486328
C13 649.987 99.49735260009766
C13 670.017 99.50699615478516
C13 699.987 99.16922760009766
C13 720.012 99.03070068359375
C13 749.995 98.31217193603516
C13 770.007 97.86605834960938
C13 800.008 96.65815734863281
C13 830.013 94.89678192138672
C13 869.994 89.806884765625
C13 900.005 82.39718627929688
C13 919.989 75.1898193359375
C13 959.989 53.37910461425781
C13 1000.013 27.28067398071289
C13 1030.002 10.905964851379395
C13 1049.996 5.2517805099487305
C13 1080.005 0.6815494060145022
C13 1100.007 0.09271195733855231
C14 319.992 44.30560302734375
C14 330.006 56.90913009643555
C14 349.994 76.83785247802734
C14 370.001 80.9394760131836
C14 400.009 86.51692962646484
C14 429.983 88.76410675048828
C14 449.989 90.16019439697266
C14 469.993 91.23377990722656
C14 500.016 93.97941589355469
C14 549.99 97.2579116821289
C14 569.998 98.11658477783203
C14 599.983 98.92765808105469
C14 630.013 99.37494659423828
C14 649.987 99.60407257080078
C14 670.017 99.60918426513672
C14 699.987 99.26818084716797
C14 720.012 99.1264419555664
C14 749.995 98.40338134765625
C14 770.007 97.95796966552734
C14 800.008 96.7489013671875
C14 830.013 94.99800109863281
C14 869.994 89.89420318603516
C14 900.005 82.58047485351562
C14 919.989 75.2210693359375
C14 959.989 53.48456954956055
C14 1000.013 27.356042861938477
C14 1030.002 10.915956497192383
C14 1049.996 5.267618656158447
C14 1080.005 0.6821817147004852
C14 1100.007 0.09279797102355052
C15 319.992 44.6215705871582
C15 330.006 57.285770416259766
C15 349.994 77.12076568603516
C15 370.001 81.04484558105469
C15 400.009 86.57400512695312
C15 429.983 88.8230972290039
C15 449.989 90.23307800292969
C15 469.993 91.30960845947266
C15 500.016 94.05428314208984
C15 549.99 97.315673828125
C15 569.998 98.1562728881836
C15 599.983 98.94499969482422
C15 630.013 99.36993408203125
C15 649.987 99.58045959472656
C15 670.017 99.57129669189453
C15 699.987 99.21391296386719
C15 720.012 99.05706024169922
C15 749.995 98.31919860839844
C15 770.007 97.86199188232422
C15 800.008 96.642333984375
C15 830.013 94.89860534667969
C15 869.994 89.80548095703125
C15 900.005 82.59579467773438
C15 919.989 75.13316345214844
C15 959.989 53.50617980957031
C15 1000.013 27.37355613708496
C15 1030.002 10.925941467285156
C15 1049.996 5.274805068969727
C15 1080.005 0.6815980978863408
C15 1100.007 0.09271858095043546
C16 319.992 45.07306671142578
C16 330.006 57.864036560058594
C16 349.994 77.84325408935547
C16 370.001 81.70999145507812
C16 400.009 86.99476623535156
C16 429.983 89.16485595703125
C16 449.989 90.5422134399414
C16 469.993 91.60839080810547
C16 500.016 94.33686828613281
C16 549.99 97.57969665527344
C16 569.998 98.41864776611328
C16 599.983 99.1961898803711
C16 630.013 99.61552429199219
C16 649.987 99.8224868774414
C16 670.017 99.81088256835938
C16 699.987 99.4376449584961
C16 720.012 99.27545166015625
C16 749.995 98.5247802734375
C16 770.007 98.06170654296875
C16 800.008 96.83573913574219
C16 830.013 95.0928726196289
C16 869.994 90.03561401367188
C16 900.005 82.8646240234375
C16 919.989 75.33617401123047
C16 959.989 53.712799072265625
C16 1000.013 27.46336555480957
C16 1030.002 10.951709747314453
C16 1049.996 5.310459613800049
C16 1080.005 0.6830232828402893
C16 1100.007 0.09291245051511264
C17 319.992 45.13813018798828
C17 330.006 57.95357131958008
C17 349.994 77.9633560180664
C17 370.001 81.79637908935547
C17 400.009 86.8936767578125
C17 429.983 88.9891586303711
C17 449.989 90.34268951416016
C17 469.993 91.3844985961914
C17 500.016 94.08865356445312
C17 549.99 97.31310272216797
C17 569.998 98.1424789428711
C17 599.983 98.91973114013672
C17 630.013 99.33245086669922
C17 649.987 99.53302764892578
C17 670.017 99.5182113647461
C17 699.987 99.14966583251953
C17 720.012 98.98567962646484
C17 749.995 98.23361206054688
C17 770.007 97.76559448242188
C17 800.008 96.54183959960938
C17 830.013 94.8132095336914
C17 869.994 89.81938171386719
C17 900.005 82.67066192626953
C17 919.989 75.10272979736328
C17 959.989 53.7244987487793
C17 1000.013 27.42328453063965
C17 1030.002 10.979716300964355
C17 1049.996 5.3523406982421875
C17 1080.005 0.6810047504347327
C17 1100.007 0.09263786720740382
