lsstCam/transmission_sensor/r21_s12/19700101T000000.ecsv
# %ECSV 1.0
# ---
# datatype:
# - {name: amp_name, datatype: string}
# - {name: wavelength, unit: nm, datatype: float32}
# - {name: efficiency, unit: '%', datatype: float64}
# meta: !!omap
# - {MODE: AMP}
# - {TYPE: transmission_sensor}
# - {CALIBDATE: '1970-01-01T00:00:00'}
# - {INSTRUME: LSSTCam}
# - {OBSTYPE: transmission_sensor}
# - {DETECTOR: 86}
# - {PARQUETFILE: qe_raft_allvalues_nircorrected_20230725_adjust.parquet}
# - {CORRFILE: qe_corr_factor_bydetnum.parquet}
# - {CALIBCLS: lsst.ip.isr.IntermediateSensorTransmissionCurve}
# - {CALIB_ID: 'raftName=R21 detectorName=S12 detector=86 calibDate=1970-01-01T00:00:00 ccd=86 ccdnum=86 filter=None'}
# - {DATE: '2025-03-03T21:56:47.859072'}
# - {CALIB_CREATION_DATE: '2025-03-03'}
# - {CALIB_CREATION_TIME: '21:56:47'}
# - __serialized_columns__:
#     efficiency:
#       __class__: astropy.units.quantity.Quantity
#       unit: !astropy.units.Unit {unit: '%'}
#       value: !astropy.table.SerializedColumn {name: efficiency}
#     wavelength:
#       __class__: astropy.units.quantity.Quantity
#       unit: !astropy.units.Unit {unit: nm}
#       value: !astropy.table.SerializedColumn {name: wavelength}
# schema: astropy-2.0
amp_name wavelength efficiency
C00 319.992 43.95332024280491
C00 330.006 56.4811280523103
C00 349.994 76.50541979494943
C00 370.001 80.75045037354582
C00 400.009 85.81807785138997
C00 429.983 87.81738767507656
C00 449.989 89.11821696236329
C00 469.993 90.13176211214636
C00 500.016 92.80221799582995
C00 549.99 96.0337638991486
C00 569.998 96.88529784919008
C00 599.983 97.69641215174099
C00 630.013 98.15920842229804
C00 649.987 98.39452984110893
C00 670.017 98.41379853036524
C00 699.987 98.09722205434913
C00 720.012 97.96622671652149
C00 749.995 97.27367268164262
C00 770.007 96.84122705344105
C00 800.008 95.66675924501209
C00 830.013 93.88434123464135
C00 869.994 88.98233074891823
C00 900.005 81.43173347249642
C00 919.989 73.99167603247909
C00 959.989 53.2603692888774
C00 1000.013 27.2387490405751
C00 1030.002 10.978406572344529
C00 1049.996 5.280100400158289
C00 1080.005 0.6743500250700477
C00 1100.007 0.09173261718639898
C01 319.992 44.14676684634106
C01 330.006 56.726121612315175
C01 349.994 76.85593758707415
C01 370.001 81.13450127886826
C01 400.009 86.06186570094512
C01 429.983 87.99175079252893
C01 449.989 89.26773261744395
C01 469.993 90.26138921429121
C01 500.016 92.91437552525164
C01 549.99 96.1278395514808
C01 569.998 96.98180004104809
C01 599.983 97.78947485610915
C01 630.013 98.24496127083613
C01 649.987 98.48026757102069
C01 670.017 98.50014100533016
C01 699.987 98.18275568280545
C01 720.012 98.05257675079959
C01 749.995 97.35761129502123
C01 770.007 96.92633736036015
C01 800.008 95.74832423405705
C01 830.013 93.96364598905014
C01 869.994 89.05254920890329
C01 900.005 81.50855877218724
C01 919.989 74.0890097487852
C01 959.989 53.384466753442425
C01 1000.013 27.163337332446044
C01 1030.002 10.990541159801843
C01 1049.996 5.246499253142084
C01 1080.005 0.6749319303722225
C01 1100.007 0.09181177444055286
C02 319.992 44.49528142047719
C02 330.006 57.17986938501432
C02 349.994 77.4495024160639
C02 370.001 81.70885033379385
C02 400.009 86.52451834455204
C02 429.983 88.39877445055829
C02 449.989 89.66048429221874
C02 469.993 90.64207622525545
C02 500.016 93.29048915175137
C02 549.99 96.50459571959951
C02 569.998 97.35522255206125
C02 599.983 98.16078831874941
C02 630.013 98.61584385262601
C02 649.987 98.85066635676806
C02 670.017 98.86963267349779
C02 699.987 98.54073451702354
C02 720.012 98.41349615783867
C02 749.995 97.71130399867505
C02 770.007 97.27268997093124
C02 800.008 96.08249879112013
C02 830.013 94.29170506176312
C02 869.994 89.37623143929403
C02 900.005 81.7194862874163
C02 919.989 74.44104696285599
C02 959.989 53.33681662290999
C02 1000.013 27.283067403830277
C02 1030.002 10.943178283169665
C02 1049.996 5.22723859565601
C02 1080.005 0.6773838980492377
C02 1100.007 0.0921453184516852
C03 319.992 44.76845609995932
C03 330.006 57.5250729799844
C03 349.994 77.83662240253113
C03 370.001 81.99675433497701
C03 400.009 86.56959452895195
C03 429.983 88.3646592702469
C03 449.989 89.59901195756503
C03 469.993 90.56322502963656
C03 500.016 93.19772881990978
C03 549.99 96.38233138847687
C03 569.998 97.22214084380022
C03 599.983 98.01793241856667
C03 630.013 98.45901834171528
C03 649.987 98.68994024026445
C03 670.017 98.69928355133577
C03 699.987 98.36757333036432
C03 720.012 98.2283761377532
C03 749.995 97.52131578091165
C03 770.007 97.07586813406714
C03 800.008 95.88188973836061
C03 830.013 94.08742974211883
C03 869.994 89.14227069685273
C03 900.005 81.5069486384832
C03 919.989 74.36521949250289
C03 959.989 53.18191495719963
C03 1000.013 27.05265008943485
C03 1030.002 10.884335644583048
C03 1049.996 5.21425027826818
C03 1080.005 0.6760667935067101
C03 1100.007 0.09196615119091196
C04 319.992 45.17832961905171
C04 330.006 58.04046695154004
C04 349.994 78.42897774141456
C04 370.001 82.498148458552
C04 400.009 86.97642164483905
C04 429.983 88.7486119044982
C04 449.989 89.97938903668953
C04 469.993 90.93974685904716
C04 500.016 93.57394071748064
C04 549.99 96.75113515914653
C04 569.998 97.58563041731523
C04 599.983 98.37164780015999
C04 630.013 98.8014249908145
C04 649.987 99.02244418911816
C04 670.017 99.02338910326372
C04 699.987 98.67890364304428
C04 720.012 98.53247218773474
C04 749.995 97.8095221546214
C04 770.007 97.35794390480046
C04 800.008 96.1432151944574
C04 830.013 94.34948845159256
C04 869.994 89.30583155579303
C04 900.005 81.73294942416227
C04 919.989 74.64701556864914
C04 959.989 53.156776461271086
C04 1000.013 27.03298642606569
C04 1030.002 10.865252158499267
C04 1049.996 5.216350822413765
C04 1080.005 0.6780647733166458
C04 1100.007 0.0922379387051661
C05 319.992 45.29409294085286
C05 330.006 58.17653836815763
C05 349.994 78.48726004591285
C05 370.001 82.43833917279447
C05 400.009 86.90368593357022
C05 429.983 88.68674648555994
C05 449.989 89.92841658802129
C05 469.993 90.89592552063255
C05 500.016 93.5266345356972
C05 549.99 96.69933874534337
C05 569.998 97.52383303219544
C05 599.983 98.29432358580031
C05 630.013 98.71580820991336
C05 649.987 98.92538260808598
C05 670.017 98.92015912268931
C05 699.987 98.56358632071982
C05 720.012 98.40967114537743
C05 749.995 97.67394587301608
C05 770.007 97.2162899354109
C05 800.008 95.98762185159248
C05 830.013 94.20086479546532
C05 869.994 89.12958616936271
C05 900.005 81.63649258818324
C05 919.989 74.50011543592339
C05 959.989 53.03666275474375
C05 1000.013 26.895701739685197
C05 1030.002 10.773879905537513
C05 1049.996 5.202427984935974
C05 1080.005 0.6771248768754743
C05 1100.007 0.09211008350055792
C06 319.992 45.50209122223068
C06 330.006 58.4417001756854
C06 349.994 78.77145998364541
C06 370.001 82.62048838280627
C06 400.009 86.85164006243264
C06 429.983 88.55829107695558
C06 449.989 89.76803064061009
C06 469.993 90.72163799631183
C06 500.016 93.33084076542347
C06 549.99 96.47208311367899
C06 569.998 97.28668225959872
C06 599.983 98.05058109212416
C06 630.013 98.4643174202436
C06 649.987 98.66537247247982
C06 670.017 98.65539417910267
C06 699.987 98.29305362118868
C06 720.012 98.13309099531467
C06 749.995 97.39471996334576
C06 770.007 96.93214291287049
C06 800.008 95.6984025299187
C06 830.013 93.93411175251643
C06 869.994 88.87406626577626
C06 900.005 81.51363863063378
C06 919.989 74.17886730437162
C06 959.989 53.0188945891506
C06 1000.013 26.91446773461607
C06 1030.002 10.771505336289714
C06 1049.996 5.227003312033765
C06 1080.005 0.675189134039924
C06 1100.007 0.09184676215421943
C07 319.992 45.78337704473832
C07 330.006 58.81506599184982
C07 349.994 79.29092842499672
C07 370.001 83.13057571652044
C07 400.009 87.17442273455681
C07 429.983 88.80687153105701
C07 449.989 89.9949158659294
C07 469.993 90.93344995118113
C07 500.016 93.53067120892705
C07 549.99 96.6663876992593
C07 569.998 97.48239287742764
C07 599.983 98.24272371413943
C07 630.013 98.65310370721383
C07 649.987 98.85663065485484
C07 670.017 98.84331870437215
C07 699.987 98.47680540559135
C07 720.012 98.31428017255459
C07 749.995 97.5693476567589
C07 770.007 97.10021668177
C07 800.008 95.872395241026
C07 830.013 94.10340257083541
C07 869.994 89.12319099042554
C07 900.005 81.61758674595883
C07 919.989 74.35299608311588
C07 959.989 53.49050123920087
C07 1000.013 27.09736342680287
C07 1030.002 10.872901238507596
C07 1049.996 5.295106581703968
C07 1080.005 0.6763997327040924
C07 1100.007 0.09201144129664993
C10 319.992 42.83767522976552
C10 330.006 55.00249993973793
C10 349.994 74.20420612209902
C10 370.001 78.26049576960416
C10 400.009 84.74033901421399
C10 429.983 87.37877364733275
C10 449.989 88.91590706414178
C10 469.993 90.08029830812244
C10 500.016 92.89442649781053
C10 549.99 96.23147017565294
C10 569.998 97.10128254492619
C10 599.983 97.92675198317647
C10 630.013 98.38440792078167
C10 649.987 98.6194874415713
C10 670.017 98.63389549246284
C10 699.987 98.30740119757489
C10 720.012 98.17119749297693
C10 749.995 97.46882391029736
C10 770.007 97.03380811561985
C10 800.008 95.844501375449
C10 830.013 94.07411779163614
C10 869.994 89.06284499343333
C10 900.005 81.55817054448586
C10 919.989 74.47938779922633
C10 959.989 52.875116452761795
C10 1000.013 27.163348671415793
C10 1030.002 10.897629641696968
C10 1049.996 5.227329779871057
C10 1080.005 0.6757029056482726
C10 1100.007 0.09191665110286296
C11 319.992 43.03612609861657
C11 330.006 55.25661381107577
C11 349.994 74.55228225607162
C11 370.001 78.62041734730552
C11 400.009 84.82160163073236
C11 429.983 87.33897386352166
C11 449.989 88.83090258760696
C11 469.993 89.96567644260912
C11 500.016 92.74822182189592
C11 549.99 96.05424207851122
C11 569.998 96.91310100300912
C11 599.983 97.73135885650046
C11 630.013 98.18633879724543
C11 649.987 98.41760086488698
C11 670.017 98.42981671496082
C11 699.987 98.1058925865488
C11 720.012 97.96970400057717
C11 749.995 97.26751940072671
C11 770.007 96.83084811646619
C11 800.008 95.64588042205175
C11 830.013 93.89231631002991
C11 869.994 88.85815391156498
C11 900.005 81.4534589385312
C11 919.989 74.40733998545548
C11 959.989 52.79851415280933
C11 1000.013 27.095513284905856
C11 1030.002 10.842318147272318
C11 1049.996 5.200078455913032
C11 1080.005 0.6743073583948972
C11 1100.007 0.09172681318901975
C12 319.992 43.316051244754604
C12 330.006 55.63133274429665
C12 349.994 75.13024466268983
C12 370.001 79.26478076076071
C12 400.009 85.33084988068526
C12 429.983 87.76929532472401
C12 449.989 89.22916500167867
C12 469.993 90.34504813308274
C12 500.016 93.11587657696457
C12 549.99 96.4206344282814
C12 569.998 97.2808540291489
C12 599.983 98.101765201561
C12 630.013 98.56095567973857
C12 649.987 98.79357842374975
C12 670.017 98.8091959647476
C12 699.987 98.48518868389078
C12 720.012 98.34572691531892
C12 749.995 97.64258984200974
C12 770.007 97.20178361344821
C12 800.008 96.0144271760738
C12 830.013 94.25472490176239
C12 869.994 89.19177663876705
C12 900.005 81.82676050053372
C12 919.989 74.75785021826704
C12 959.989 53.007642551505235
C12 1000.013 27.1257203003112
C12 1030.002 10.892407101214443
C12 1049.996 5.218577985054856
C12 1080.005 0.6769075337807136
C12 1100.007 0.09208051806692764
C13 319.992 43.65093637725514
C13 330.006 56.0590349034875
C13 349.994 75.6648846455623
C13 370.001 79.73332966863595
C13 400.009 85.44381625661556
C13 429.983 87.7524531749935
C13 449.989 89.1673222606799
C13 469.993 90.2485535005379
C13 500.016 92.98563717045339
C13 549.99 96.25262869320038
C13 569.998 97.10340671192542
C13 599.983 97.91229857640595
C13 630.013 98.35785961294793
C13 649.987 98.58339928052398
C13 670.017 98.5929542523639
C13 699.987 98.25828833994514
C13 720.012 98.1210338908173
C13 749.995 97.40910533629781
C13 770.007 96.96708961762998
C13 800.008 95.77028403879993
C13 830.013 94.02508808645119
C13 869.994 88.98194522394685
C13 900.005 81.64031004133132
C13 919.989 74.49914784383834
C13 959.989 52.888779911306635
C13 1000.013 27.03008175998223
C13 1030.002 10.805785876576579
C13 1049.996 5.203539203971155
C13 1080.005 0.6752888942943158
C13 1100.007 0.09186033265749863
C14 319.992 43.898624832403165
C14 330.006 56.38637962110645
C14 349.994 76.13204263981525
C14 370.001 80.19598987155604
C14 400.009 85.72221064183779
C14 429.983 87.94874585993608
C14 449.989 89.3320094572817
C14 469.993 90.39573332785072
C14 500.016 93.1161487122385
C14 549.99 96.36452920597448
C14 569.998 97.21531478401268
C14 599.983 98.01893780721755
C14 630.013 98.46211766011272
C14 649.987 98.689138953069
C14 670.017 98.69420369288922
C14 699.987 98.3563326316887
C14 720.012 98.21589571171862
C14 749.995 97.49947692517941
C14 770.007 97.0581566633227
C14 800.008 95.86019450957849
C14 830.013 94.12537749420463
C14 869.994 89.06846156311455
C14 900.005 81.82191498079528
C14 919.989 74.53011079056013
C14 959.989 52.9932760768361
C14 1000.013 27.10475832490604
C14 1030.002 10.815685742079637
C14 1049.996 5.219231865643585
C14 1080.005 0.6759153947793021
C14 1100.007 0.09194555624616886
C15 319.992 44.21169000745437
C15 330.006 56.759560234098345
C15 349.994 76.41235709058127
C15 370.001 80.30039154567095
C15 400.009 85.77876186362141
C15 429.983 88.007194469324
C15 449.989 89.40422357594217
C15 469.993 90.47086534139268
C15 500.016 93.19032825232173
C15 549.99 96.4217607659429
C15 569.998 97.25463833109441
C15 599.983 98.03612012604047
C15 630.013 98.45715119136365
C15 649.987 98.66574287882487
C15 670.017 98.65666414371431
C15 699.987 98.30256323714961
C15 720.012 98.14715131780065
C15 749.995 97.41606746372231
C15 770.007 96.9630605037133
C15 800.008 95.75460602329676
C15 830.013 94.02689476229752
C15 869.994 88.98055431032458
C15 900.005 81.8370940816296
C15 919.989 74.44301238427876
C15 959.989 53.01468783137455
C15 1000.013 27.12211072827515
C15 1030.002 10.825578993183678
C15 1049.996 5.226352266187472
C15 1080.005 0.6753371388969887
C15 1100.007 0.09186689542683764
C16 319.992 44.65903882155976
C16 330.006 57.332514595745074
C16 349.994 77.12820892863313
C16 370.001 80.95942758597843
C16 400.009 86.19565798464362
C16 429.983 88.34581390252781
C16 449.989 89.71051938605457
C16 469.993 90.76690316354086
C16 500.016 93.47031765262167
C16 549.99 96.68335835731361
C16 569.998 97.51460311082158
C16 599.983 98.28500295266848
C16 630.013 98.70048548212893
C16 649.987 98.90554697034233
C16 670.017 98.89404925501913
C16 699.987 98.52424009569859
C16 720.012 98.36353665713447
C16 749.995 97.61976071625294
C16 770.007 97.16094064442042
C16 800.008 95.94623461201684
C16 830.013 94.21937755340518
C16 869.994 89.20857343261858
C16 900.005 82.10345404029394
C16 919.989 74.64415814827295
C16 959.989 53.21940915049555
C16 1000.013 27.21109518319107
C16 1030.002 10.851110573396777
C16 1049.996 5.261679298890547
C16 1080.005 0.6767492325225185
C16 1100.007 0.09205898416290409
C17 319.992 44.72350464422662
C17 330.006 57.421226915387074
C17 349.994 77.2472076364687
C17 370.001 81.04502168894007
C17 400.009 86.09549708521398
C17 429.983 88.17173047966251
C17 449.989 89.51282822817655
C17 469.993 90.54506755941543
C17 500.016 93.2243829581278
C17 549.99 96.41921327740647
C17 569.998 97.24097109289299
C17 599.983 98.01108368083965
C17 630.013 98.42001228578646
C17 649.987 98.61874662888118
C17 670.017 98.60406644271572
C17 699.987 98.23890626099136
C17 720.012 98.07642638383358
C17 749.995 97.33126708864295
C17 770.007 96.86754858187983
C17 800.008 95.65503475029395
C17 830.013 93.94228337004725
C17 869.994 88.9943273789103
C17 900.005 81.91127362171284
C17 919.989 74.41285828406556
C17 959.989 53.23100135723332
C17 1000.013 27.171382331481365
C17 1030.002 10.878859867109513
C17 1049.996 5.3031756760499995
C17 1080.005 0.6747492417599757
C17 1100.007 0.09178692309643106
