lsstCam/transmission_sensor/r21_s12/19700101T000000.ecsv
# %ECSV 1.0
# ---
# datatype:
# - {name: amp_name, datatype: string}
# - {name: wavelength, unit: nm, datatype: float32}
# - {name: efficiency, unit: '%', datatype: float64}
# meta: !!omap
# - {MODE: AMP}
# - {TYPE: transmission_sensor}
# - {CALIBDATE: '1970-01-01T00:00:00'}
# - {INSTRUME: LSSTCAM}
# - {OBSTYPE: transmission_sensor}
# - {DETECTOR: 86}
# - {PARQUETFILE: qe_raft_allvalues_nircorrected_20230725.parquet}
# - {CALIBCLS: lsst.ip.isr.IntermediateSensorTransmissionCurve}
# - {CALIB_ID: 'raftName=R21 detectorName=S12 detector=86 calibDate=1970-01-01T00:00:00 ccd=86 ccdnum=86 filter=None'}
# - {DATE: '2024-01-18T22:42:25.278479'}
# - {CALIB_CREATION_DATE: '2024-01-18'}
# - {CALIB_CREATION_TIME: '22:42:25'}
# - __serialized_columns__:
#     efficiency:
#       __class__: astropy.units.quantity.Quantity
#       unit: !astropy.units.Unit {unit: '%'}
#       value: !astropy.table.SerializedColumn {name: efficiency}
#     wavelength:
#       __class__: astropy.units.quantity.Quantity
#       unit: !astropy.units.Unit {unit: nm}
#       value: !astropy.table.SerializedColumn {name: wavelength}
# schema: astropy-2.0
amp_name wavelength efficiency
C00 319.992 44.613614313389945
C00 330.006 55.59696037614349
C00 349.994 73.3598664900234
C00 370.001 77.20618208375902
C00 400.009 84.64900892734046
C00 429.983 87.12296724464377
C00 449.989 88.95412084325659
C00 469.993 90.64350354090273
C00 500.016 93.40090444860306
C00 549.99 96.82294974236791
C00 569.998 97.85229454316942
C00 599.983 98.90380014441232
C00 630.013 99.48495463191499
C00 649.987 99.72160439926438
C00 670.017 99.66890255879541
C00 699.987 99.1434198690551
C00 720.012 98.86049642289545
C00 749.995 98.8325388180112
C00 770.007 98.79592559911812
C00 800.008 97.89996857560745
C00 830.013 96.03908095788462
C00 869.994 91.23038636142087
C00 900.005 82.69339754769622
C00 919.989 73.77091755587672
C00 959.989 52.4713464436856
C00 1000.013 26.534122319163725
C00 1030.002 9.627447702208286
C00 1049.996 4.080385504654715
C00 1080.005 0.5989905200357835
C00 1100.007 0.11514789293058751
C01 319.992 44.80996699192985
C01 330.006 55.83811875448513
C01 349.994 73.69597259206907
C01 370.001 77.57337637169913
C01 400.009 84.8894757423757
C01 429.983 87.29595157693436
C01 449.989 89.10336119055415
C01 469.993 90.77386662730999
C01 500.016 93.51378552962612
C01 549.99 96.91779848918272
C01 569.998 97.94975990800167
C01 599.983 98.99801297076905
C01 630.013 99.57186566536248
C01 649.987 99.80849849793184
C01 670.017 99.75634618816927
C01 699.987 99.22986570576055
C01 720.012 98.94763469024515
C01 749.995 98.91782259558812
C01 770.007 98.88275382100196
C01 800.008 97.98343758749192
C01 830.013 96.12020583588716
C01 869.994 91.30237882532042
C01 900.005 82.77141314159488
C01 919.989 73.86796087136904
C01 959.989 52.5936054731087
C01 1000.013 26.460661401967684
C01 1030.002 9.63808905579301
C01 1049.996 4.054419022422563
C01 1080.005 0.5995073966526785
C01 1100.007 0.11524725552707234
C02 319.992 45.163717168417364
C02 330.006 56.28476346236266
C02 349.994 74.26513274731778
C02 370.001 78.12251631468509
C02 400.009 85.34582583479747
C02 429.983 87.69975667482105
C02 449.989 89.49538967956738
C02 469.993 91.15671506628068
C02 500.016 93.8923255435307
C02 549.99 97.29765076248518
C02 569.998 98.32690948949532
C02 599.983 99.37391533699784
C02 630.013 99.94775741730486
C02 649.987 100.18389295575295
C02 670.017 100.13055010693705
C02 699.987 99.59166235118906
C02 720.012 99.31184869485092
C02 749.995 99.27718342673427
C02 770.007 99.23609741015493
C02 800.008 98.32541299141937
C02 830.013 96.4557941931033
C02 869.994 91.63423858543614
C02 900.005 82.98560866619924
C02 919.989 74.21894776190003
C02 959.989 52.54666125284442
C02 1000.013 26.577294230981195
C02 1030.002 9.596554465613858
C02 1049.996 4.039534663857347
C02 1080.005 0.6016853537066782
C02 1100.007 0.1156659385567243
C03 319.992 45.44099564756923
C03 330.006 56.62456316631827
C03 349.994 74.63633612871182
C03 370.001 78.39778374211323
C03 400.009 85.3902879624891
C03 429.983 87.66591126202181
C03 449.989 89.43403053581775
C03 469.993 91.07741617694582
C03 500.016 93.79896679545266
C03 549.99 97.1743816880792
C03 569.998 98.1924995139453
C03 599.983 99.22929394210794
C03 630.013 99.78881380835725
C03 649.987 100.02099908113934
C03 670.017 99.95802846554848
C03 699.987 99.41665441646418
C03 720.012 99.12503883499564
C03 749.995 99.08415053932065
C03 770.007 99.03530280910783
C03 800.008 98.12012099536837
C03 830.013 96.24683055014621
C03 869.994 91.3943670429998
C03 900.005 82.76977806125439
C03 919.989 74.14334652722285
C03 959.989 52.3940543694391
C03 1000.013 26.35283747654236
C03 1030.002 9.544952767141544
C03 1049.996 4.0294974793376035
C03 1080.005 0.6005154373345565
C03 1100.007 0.11544103782683167
C04 319.992 45.857026541186485
C04 330.006 57.131889050251466
C04 349.994 75.20433652256115
C04 370.001 78.87717086405972
C04 400.009 85.79157301835163
C04 429.983 88.04682777141673
C04 449.989 89.813707214905
C04 469.993 91.45607578569664
C04 500.016 94.17760571439555
C04 549.99 97.54621621275578
C04 569.998 98.559617018877
C04 599.983 99.5873807401653
C04 630.013 100.13584502935845
C04 649.987 100.35798760379734
C04 670.017 100.2862674437839
C04 699.987 99.73130503817998
C04 720.012 99.43191077922603
C04 749.995 99.37697558470049
C04 770.007 99.32307215803715
C04 800.008 98.38754673594727
C04 830.013 96.51490376964047
C04 869.994 91.56206011452468
C04 900.005 82.99928039430446
C04 919.989 74.42430184835693
C04 959.989 52.369288286391765
C04 1000.013 26.33368248347337
C04 1030.002 9.528217618644652
C04 1049.996 4.0311207495851304
C04 1080.005 0.6022901402646115
C04 1100.007 0.11578220066019564
C05 319.992 45.97452893149383
C05 330.006 57.265830375768324
C05 349.994 75.26022252499321
C05 370.001 78.81998670489858
C05 400.009 85.71982815961461
C05 429.983 87.98545155640475
C05 449.989 89.76282862337723
C05 469.993 91.41200564271188
C05 500.016 94.12999435057252
C05 549.99 97.49399414661075
C05 569.998 98.49720284391982
C05 599.983 99.50910090905467
C05 630.013 100.04907190128843
C05 649.987 100.25961692606059
C05 670.017 100.18172093680354
C05 699.987 99.61475786726157
C05 720.012 99.30798876634887
C05 749.995 99.23922661578459
C05 770.007 99.17855896415837
C05 800.008 98.22832127981954
C05 830.013 96.36286905165285
C05 869.994 91.38136205275075
C05 900.005 82.90132910254546
C05 919.989 74.27784000073639
C05 959.989 52.25095399783949
C05 1000.013 26.19994915175752
C05 1030.002 9.448089270234036
C05 1049.996 4.020361381406007
C05 1080.005 0.6014552784908336
C05 1100.007 0.11562170968258705
C06 319.992 46.185651892216164
C06 330.006 57.526841283566306
C06 349.994 75.53273745980977
C06 370.001 78.99414109053394
C06 400.009 85.66849129073033
C06 429.983 87.85801191543476
C06 449.989 89.60273799955336
C06 469.993 91.2367285654897
C06 500.016 93.93293747387384
C06 549.99 97.26487097461451
C06 569.998 98.25768510731343
C06 599.983 99.2623461065978
C06 630.013 99.79418445666884
C06 649.987 99.99609996099569
C06 670.017 99.91357935749869
C06 699.987 99.34133996147149
C06 720.012 99.02888389671821
C06 749.995 98.95552595150717
C06 770.007 98.88867655609448
C06 800.008 97.93235052961563
C06 830.013 96.08999375902549
C06 869.994 91.11938667706632
C06 900.005 82.77657170492262
C06 919.989 73.95755033170276
C06 959.989 52.2334490577695
C06 1000.013 26.21822969776185
C06 1030.002 9.446006905994944
C06 1049.996 4.0393528400644385
C06 1080.005 0.5997358574711615
C06 1100.007 0.1152911740549715
C07 319.992 46.471163365020885
C07 330.006 57.89436235127365
C07 349.994 76.03084773232968
C07 370.001 79.4818398635213
C07 400.009 85.98687681017235
C07 429.983 88.10462670703468
C07 449.989 89.82920545411572
C07 469.993 91.44974312585425
C07 500.016 94.1340570652228
C07 549.99 97.4607723155649
C07 569.998 98.45534908158155
C07 599.983 99.45686333674446
C07 630.013 99.98552050650291
C07 649.987 100.18993769599706
C07 670.017 100.10390054697817
C07 699.987 99.5270514416868
C07 720.012 99.21172703163067
C07 749.995 99.13295215339879
C07 770.007 99.06014282178106
C07 800.008 98.11040486201091
C07 830.013 96.26316997129
C07 869.994 91.37480530558108
C07 900.005 82.88213034230336
C07 919.989 74.13115958708995
C07 959.989 52.69806911674272
C07 1000.013 26.396394145068278
C07 1030.002 9.53492543341403
C07 1049.996 4.091982065518855
C07 1080.005 0.6008111701373537
C07 1100.007 0.11549788849136391
C10 319.992 43.481209388177405
C10 330.006 54.1414790247512
C10 349.994 71.15326820904166
C10 370.001 74.82551562749872
C10 400.009 83.58595174016558
C10 429.983 86.68782157948742
C10 449.989 88.75218346448492
C10 469.993 90.59174754065427
C10 500.016 93.49370780685064
C10 549.99 97.02228072864305
C10 569.998 98.07043494768038
C10 599.983 99.13698664688296
C10 630.013 99.71319569304283
C10 649.987 99.9495960658351
C10 670.017 99.89180649093073
C10 699.987 99.35584055343499
C10 720.012 99.06733824371199
C10 749.995 99.03081745651318
C10 770.007 98.9923938272656
C10 800.008 98.08185985238592
C10 830.013 96.23321307705856
C10 869.994 91.31293472324604
C10 900.005 82.82179357480916
C10 919.989 74.25717420615112
C10 959.989 52.09180091476536
C10 1000.013 26.460672447614815
C10 1030.002 9.556610858060674
C10 1049.996 4.039605129704799
C10 1080.005 0.6001922144244106
C10 1100.007 0.11537890255789957
C11 319.992 43.6826415092133
C11 330.006 54.391614943118725
C11 349.994 71.48703304276235
C11 370.001 75.16963966315843
C11 400.009 83.66610734517734
C11 429.983 86.64833651447788
C11 449.989 88.6673355093122
C11 469.993 90.47647488616434
C11 500.016 93.34655993409555
C11 549.99 96.84359620722299
C11 569.998 97.88037519582906
C11 599.983 98.9391787404847
C11 630.013 99.51245143190116
C11 649.987 99.7449865883962
C11 670.017 99.68512502864685
C11 699.987 99.15218287168003
C11 720.012 98.86400544880641
C11 749.995 98.82628692725584
C11 770.007 98.7853371677613
C11 800.008 97.87860236515101
C11 830.013 96.04723906924605
C11 869.994 91.10307231206377
C11 900.005 82.71545961764257
C11 919.989 74.18534135123055
C11 959.989 52.01633343542086
C11 1000.013 26.39459186364449
C11 1030.002 9.508105775251504
C11 1049.996 4.018545699233052
C11 1080.005 0.5989526214178751
C11 1100.007 0.11514060742964692
C12 319.992 43.966771864723036
C12 330.006 54.76046794589829
C12 349.994 72.0412322759592
C12 370.001 75.78572092087525
C12 400.009 84.16841828869607
C12 429.983 87.07525518698174
C12 449.989 89.06486459052826
C12 469.993 90.85800053664455
C12 500.016 93.71658650662623
C12 549.99 97.21299949443602
C12 569.998 98.25179870622573
C12 599.983 99.31416277845724
C12 630.013 99.89212792031418
C12 649.987 100.12603506180685
C12 670.017 100.0693426286632
C12 699.987 99.53552412687516
C12 720.012 99.24346083117324
C12 749.995 99.20736808648083
C12 770.007 99.1637598383217
C12 800.008 98.25575233784942
C12 830.013 96.41796530136862
C12 869.994 91.4451237063735
C12 900.005 83.09454493433027
C12 919.989 74.53480581633987
C12 959.989 52.22236371282409
C12 1000.013 26.424017467605534
C12 1030.002 9.552030982553527
C12 1049.996 4.032841868781452
C12 1080.005 0.6012622237736733
C12 1100.007 0.11558459750274824
C13 319.992 44.306687849639175
C13 330.006 55.181474763880075
C13 349.994 72.55389030553245
C13 370.001 76.23370445693257
C13 400.009 84.27984576416543
C13 429.983 87.05854621740124
C13 449.989 89.0031357224742
C13 469.993 90.76095803617868
C13 500.016 93.58550689855544
C13 549.99 97.04361312256307
C13 569.998 98.07258031565138
C13 599.983 99.12235461666656
C13 630.013 99.68628882161586
C13 649.987 99.91302117366101
C13 670.017 99.85034311352844
C13 699.987 99.3062039117138
C13 720.012 99.01671673078782
C13 749.995 98.97014185827311
C13 770.007 98.92432864506944
C13 800.008 98.00591001376851
C13 830.013 96.18305809100153
C13 869.994 91.22999109652056
C13 900.005 82.9052057014748
C13 919.989 74.27687529551869
C13 959.989 52.10526195674643
C13 1000.013 26.330852956866256
C13 1030.002 9.47606901989466
C13 1049.996 4.021220115464078
C13 1080.005 0.5998244693855022
C13 1100.007 0.1153082085069095
C14 319.992 44.55809723456868
C14 330.006 55.50369515717578
C14 349.994 73.00184089752968
C14 370.001 76.67605775285003
C14 400.009 84.55444768243265
C14 429.983 87.25328670801903
C14 449.989 89.167519675466
C14 469.993 90.9089735069245
C14 500.016 93.71686039750153
C14 549.99 97.15643321087961
C14 569.998 98.18560532434451
C14 599.983 99.2303117559253
C14 630.013 99.7919549863997
C14 649.987 100.02018698675927
C14 670.017 99.95288382197124
C14 699.987 99.40529383677519
C14 720.012 99.11244448330218
C14 749.995 99.06196170345791
C14 770.007 99.01723383993883
C14 800.008 98.09791932121558
C14 830.013 96.28564924117403
C14 869.994 91.31869319032295
C14 900.005 83.08962434044176
C14 919.989 74.30774586248488
C14 959.989 52.20821006951287
C14 1000.013 26.403597747939873
C14 1030.002 9.484750647484379
C14 1049.996 4.033347178278208
C14 1080.005 0.6003809576146908
C14 1100.007 0.11541518590452826
C15 319.992 44.87586546908504
C15 330.006 55.87103392092072
C15 349.994 73.27063009885076
C15 370.001 76.77587706808949
C15 400.009 84.61022852718547
C15 429.983 87.31127313207482
C15 449.989 89.23960082404447
C15 469.993 90.98453209776902
C15 500.016 93.79151848526047
C15 549.99 97.21413508811021
C15 569.998 98.22532135347323
C15 599.983 99.24770642364594
C15 630.013 99.78692144012193
C15 649.987 99.99647536311478
C15 670.017 99.914865518393
C15 699.987 99.35095099660852
C15 720.012 99.04307256670599
C15 749.995 98.97721555776413
C15 770.007 98.92021820522007
C15 800.008 97.98986601648878
C15 830.013 96.18490623186918
C15 869.994 91.22856504276263
C15 900.005 83.10503861895681
C15 919.989 74.22090731937347
C15 959.989 52.22930462077782
C15 1000.013 26.420501269935013
C15 1030.002 9.493426474616605
C15 1049.996 4.038849721215789
C15 1080.005 0.5998673225901726
C15 1100.007 0.11531644646069686
C16 319.992 45.329934634868195
C16 330.006 56.435019132269716
C16 349.994 73.95704938008434
C16 370.001 77.40598694725875
C16 400.009 85.02144542173411
C16 429.983 87.64721491500019
C16 449.989 89.54533264224308
C16 469.993 91.28225073492092
C16 500.016 94.07331415554509
C16 549.99 97.47788243501843
C16 569.998 98.48788080017391
C16 599.983 99.49966508622161
C16 630.013 100.03354222350299
C16 649.987 100.23951375952
C16 670.017 100.15527808127409
C16 699.987 99.57499201838381
C16 720.012 99.2614331464911
C16 749.995 99.18417311095108
C16 770.007 99.1220924715184
C16 800.008 98.18596791188001
C16 830.013 96.38180669594112
C16 869.994 91.46234485555907
C16 900.005 83.37552543058851
C16 919.989 74.42145295326094
C16 959.989 52.43099310704691
C16 1000.013 26.507183826748687
C16 1030.002 9.515816240529952
C16 1049.996 4.066149943037285
C16 1080.005 0.6011216128899431
C16 1100.007 0.11555756694643213
C17 319.992 45.395368903154804
C17 330.006 56.522342730258835
C17 349.994 74.07115540476468
C17 370.001 77.48782418615937
C17 400.009 84.92264897834754
C17 429.983 87.47450806559762
C17 449.989 89.34800549918599
C17 469.993 91.05915561399094
C17 500.016 93.82579288507235
C17 549.99 97.21156666483367
C17 569.998 98.21151770474876
C17 599.983 99.2223605637732
C17 630.013 99.74928093348163
C17 649.987 99.94884526159692
C17 670.017 99.86159702135366
C17 699.987 99.28661512467775
C17 720.012 98.971702031004
C17 749.995 98.89105620826324
C17 770.007 98.82277841629545
C17 800.008 97.88797038863498
C17 830.013 96.09835292336832
C17 869.994 91.24268607508311
C17 900.005 83.18036746112226
C17 919.989 74.1908431856752
C17 959.989 52.44241358166819
C17 1000.013 26.46849828860821
C17 1030.002 9.54015081697619
C17 1049.996 4.098217745356354
C17 1080.005 0.5993451237338883
C17 1100.007 0.11521606073507917
