lsstCam/transmission_filter_detector/r03_s10/z_20/19700101T000000.ecsv
# %ECSV 1.0
# ---
# datatype:
# - {name: wavelength, unit: nm, datatype: float32}
# - {name: efficiency, unit: '%', datatype: float64}
# meta: !!omap
# - {MODE: DETECTOR}
# - {TYPE: transmission_filter_detector}
# - {CALIBDATE: '1970-01-01T00:00:00'}
# - {INSTRUME: LSSTCam}
# - {OBSTYPE: transmission_filter_detector}
# - {CALIBCLS: lsst.ip.isr.IntermediateFilterDetectorTransmissionCurve}
# - {SOURCE: Materion (DM-46256)}
# - {DETECTOR: 21}
# - {FILTER: z_20}
# - {CALIB_ID: 'calibDate=1970-01-01T00:00:00 filter=z_20 detector=21'}
# - {DATE: '2025-04-02T15:59:48.731653'}
# - {CALIB_CREATION_DATE: '2025-04-02'}
# - {CALIB_CREATION_TIME: '15:59:48'}
# - __serialized_columns__:
#     efficiency:
#       __class__: astropy.units.quantity.Quantity
#       unit: !astropy.units.Unit {unit: '%'}
#       value: !astropy.table.SerializedColumn {name: efficiency}
#     wavelength:
#       __class__: astropy.units.quantity.Quantity
#       unit: !astropy.units.Unit {unit: nm}
#       value: !astropy.table.SerializedColumn {name: wavelength}
# schema: astropy-2.0
wavelength efficiency
[from data line 597]
897.0 98.89153838157654
898.0 98.96249175071716
899.0 98.5971212387085
900.0 98.82242679595947
901.0 99.1017997264862
902.0 99.19118285179138
903.0 98.30142259597778
904.0 97.63287901878357
905.0 98.65118265151978
906.0 97.94219732284546
907.0 98.7398087978363
908.0 98.13963770866394
909.0 98.01978468894958
910.0 97.84688949584961
911.0 97.00620174407959
912.0 95.68881392478943
913.0 94.5872962474823
914.0 92.40498542785645
915.0 90.1996910572052
916.0 87.65894770622253
917.0 86.33672595024109
918.0 82.82631039619446
919.0 81.68185353279114
920.0 78.51153016090393
921.0 74.80789422988892
922.0 70.0251042842865
923.0 64.23591375350952
924.0 58.696794509887695
925.0 53.083354234695435
926.0 46.89492881298065
927.0 39.750292897224426
928.0 33.89342725276947
929.0 27.494841814041138
930.0 22.050906717777252
931.0 16.840951144695282
932.0 11.653263121843338
933.0 7.555552572011948
934.0 4.671530798077583
935.0 2.933000400662422
936.0 1.6171785071492195
937.0 1.0225730016827583
938.0 0.5524494685232639
939.0 0.4565708804875612
940.0 0.19213970517739654
941.0 1.6537399704849576e-10
942.0 0.26273448020219803
943.0 0.08680334431119263
944.0 0.04545717383734882
945.0 0.015605328371748328
946.0 0.041090531158261
947.0 1.6537399704849576e-10
948.0 1.6537399704849576e-10
949.0 0.057565898168832064
950.0 0.062484299996867776
951.0 1.6537399704849576e-10
952.0 1.6537399704849576e-10
953.0 1.6537399704849576e-10
954.0 0.04603942797984928
955.0 0.02430577005725354
956.0 0.041182778659276664
957.0 1.6537399704849576e-10
958.0 0.026272473041899502
959.0 0.03468782524578273
960.0 1.6537399704849576e-10
961.0 1.6537399704849576e-10
962.0 1.6537399704849576e-10
963.0 0.040296875522471964
964.0 0.022890313994139433
965.0 0.012565229553729296
966.0 0.039491383358836174
967.0 0.057878741063177586
968.0 0.005486170266522095
969.0 0.05398661596700549
970.0 1.6537399704849576e-10
971.0 0.07440917543135583
972.0 1.6537399704849576e-10
973.0 1.6537399704849576e-10
974.0 1.6537399704849576e-10
975.0 1.6537399704849576e-10
976.0 0.006358573591569439
977.0 0.006330095493467525
978.0 0.006301619578152895
979.0 0.00611234936513938
980.0 0.005923077696934342
981.0 0.00576711718167644
982.0 0.005611157030216418
983.0 0.005473469718708657
984.0 0.005335783134796657
985.0 0.005103417788632214
986.0 0.004871051351074129
987.0 0.004872832141700201
988.0 0.004874613296124153
989.0 0.004749366416945122
990.0 0.004624120265361853
991.0 0.00474101907457225
992.0 0.004857918247580528
993.0 0.004833732600673102
994.0 0.004809546226169914
995.0 0.00476565292046871
996.0 0.004721759978565387
997.0 0.004516418630373664
998.0 0.004311077645979822
999.0 0.004303708556108177
1000.0 0.004296339102438651
1001.0 0.004446694583748467
1002.0 0.0045970500650582835
1003.0 0.004480803181650117
1004.0 0.004364556298241951
1005.0 0.00423673409386538
1006.0 0.004108911889488809
1007.0 0.004178306335234083
1008.0 0.004247701144777238
1009.0 0.004302083107177168
1010.0 0.004356465433374979
1011.0 0.004403157436172478
1012.0 0.004449849802767858
1013.0 0.004313762838137336
1014.0 0.0041776755097089335
1015.0 0.0043718253436964005
1016.0 0.004565974086290225
1017.0 0.004790116145159118
1018.0 0.005014258931623772
1019.0 0.004864512447966263
1020.0 0.004714765600510873
1021.0 0.004675642776419409
1022.0 0.004636519224732183
1023.0 0.004545161937130615
1024.0 0.004453804649529047
1025.0 0.004617267040885054
1026.0 0.00478072943224106
1027.0 0.004733974492410198
1028.0 0.004687219916377217
1029.0 0.004658984107663855
1030.0 0.004630749026546255
1031.0 0.00474776497867424
1032.0 0.004864780930802226
1033.0 0.004930021532345563
1034.0 0.004995262861484662
1035.0 0.005173186582396738
1036.0 0.005351110303308815
1037.0 0.005436658830149099
1038.0 0.005522207356989384
1039.0 0.005457519364426844
1040.0 0.0053928306442685425
1041.0 0.005679371679434553
1042.0 0.005965913078398444
1043.0 0.005465529466164298
1044.0 0.004965145853930153
1045.0 0.005758716361015104
1046.0 0.0065522857767064124
1047.0 0.006213899177964777
1048.0 0.005875511124031618
1049.0 0.005923811113461852
1050.0 0.005972111102892086
1051.0 0.006243199459277093
1052.0 0.006514289270853624
1053.0 0.00662633974570781
1054.0 0.006738390220561996
1055.0 0.007457032916136086
1056.0 0.008175676339305937
1057.0 0.007871016714489087
1058.0 0.007566357089672238
1059.0 0.007687461038585752
1060.0 0.007808562804711983
1061.0 0.008296434680232778
1062.0 0.008784307283349335
1063.0 0.008900616376195103
1064.0 0.009016926196636632
1065.0 0.009124809730565175
1066.0 0.009232694719685242
1067.0 0.009251997107639909
1068.0 0.009271302405977622
1069.0 0.01014904846670106
1070.0 0.0110267945274245
1071.0 0.01067194971255958
1072.0 0.010317104897694662
1073.0 0.010589442536002025
1074.0 0.010861780174309388
1075.0 0.01131990211433731
1076.0 0.011778028419939801
1077.0 0.011813176388386637
1078.0 0.011848324356833473
1079.0 0.01302498858422041
1080.0 0.014201653539203107
1081.0 0.014128084876574576
1082.0 0.014054517669137567
1083.0 0.01384330535074696
1084.0 0.013632094487547874
1085.0 0.014182101585902274
1086.0 0.014732111594639719
1087.0 0.014768267283216119
1088.0 0.014804425882175565
1089.0 0.01654388615861535
1090.0 0.01828334352467209
1091.0 0.01771873066900298
1092.0 0.017154111992567778
1093.0 0.0170902261743322
1094.0 0.01702633744571358
1095.0 0.018246329273097217
1096.0 0.0194663240108639
1097.0 0.019881608022842556
1098.0 0.020296893490012735
1099.0 0.022039555187802762
1100.0 0.023782213975209743
1101.0 0.023714300186838955
1102.0 0.023646382032893598
1103.0 0.02545157040003687
1104.0 0.027256750036031008
1105.0 0.02708247338887304
1106.0 0.026908196741715074
1107.0 0.02803646493703127
1108.0 0.029164733132347465
1109.0 0.030719852657057345
1110.0 0.032274972181767225
1111.0 0.0320533785270527
1112.0 0.031831784872338176
1113.0 0.03350205079186708
1114.0 0.035172325442545116
1115.0 0.03389517078176141
1116.0 0.03261802194174379
1117.0 0.033533014357089996
1118.0 0.03444800968281925
1119.0 0.03812862851191312
1120.0 0.04180924443062395
1121.0 0.0426203798269853
1122.0 0.043431518133729696
1123.0 0.043768249452114105
1124.0 0.04410498368088156
1125.0 0.04446466045919806
1126.0 0.044824337237514555
1127.0 0.049075414426624775
1128.0 0.05332648870535195
1129.0 0.05652468535117805
1130.0 0.05972288199700415
1131.0 0.05947906174696982
1132.0 0.059235235676169395
1133.0 0.06368160247802734
1134.0 0.06812796927988529
1135.0 0.06528451340273023
1136.0 0.06244106334634125
1137.0 0.06835522945038974
1138.0 0.07426940137520432
1139.0 0.077990215504542
1140.0 0.08171098306775093
1141.0 0.09319560485891998
1142.0 0.10468020336702466
1143.0 0.12308777077123523
1144.0 0.14149530325084925
1145.0 0.28192184399813414
1146.0 0.4223484080284834
1147.0 0.8899147622287273
1148.0 1.3574810698628426
1149.0 1.5483063645660877
1150.0 1.7391327768564224
