lsstCam/transmission_filter_detector/r03_s10/z_20/19700101T000000.ecsv
# %ECSV 1.0
# ---
# datatype:
# - {name: wavelength, unit: nm, datatype: float32}
# - {name: efficiency, unit: '%', datatype: float64}
# meta: !!omap
# - {MODE: DETECTOR}
# - {TYPE: transmission_filter_detector}
# - {CALIBDATE: '1970-01-01T00:00:00'}
# - {INSTRUME: LSSTCam}
# - {OBSTYPE: transmission_filter_detector}
# - {CALIBCLS: lsst.ip.isr.IntermediateFilterDetectorTransmissionCurve}
# - {SOURCE: Materion (DM-46256)}
# - {DETECTOR: 21}
# - {FILTER: z_20}
# - {CALIB_ID: 'calibDate=1970-01-01T00:00:00 filter=z_20 detector=21'}
# - {DATE: '2025-04-02T15:59:48.731653'}
# - {CALIB_CREATION_DATE: '2025-04-02'}
# - {CALIB_CREATION_TIME: '15:59:48'}
# - __serialized_columns__:
#     efficiency:
#       __class__: astropy.units.quantity.Quantity
#       unit: !astropy.units.Unit {unit: '%'}
#       value: !astropy.table.SerializedColumn {name: efficiency}
#     wavelength:
#       __class__: astropy.units.quantity.Quantity
#       unit: !astropy.units.Unit {unit: nm}
#       value: !astropy.table.SerializedColumn {name: wavelength}
# schema: astropy-2.0
wavelength efficiency
300.0 0.8714810945093632
301.0 0.5881397519260645
302.0 0.3047984326258302
303.0 0.2965070307254791
304.0 0.28821565210819244
305.0 0.24423289578408003
306.0 0.20025009289383888
307.0 0.1843262347392738
308.0 0.16840238822624087
309.0 0.14727154048159719
310.0 0.12614070437848568
311.0 0.12652813456952572
312.0 0.1269155996851623
313.0 0.11164144380018115
314.0 0.09636731701903045
315.0 0.09546305518597364
316.0 0.09455879335291684
317.0 0.07976721972227097
318.0 0.06497565773315728
319.0 0.06450365763157606
320.0 0.06403165170922875
321.0 0.0633806106634438
322.0 0.06272956961765885
323.0 0.054597167763859034
324.0 0.04646476882044226
325.0 0.04330185183789581
326.0 0.04013893485534936
327.0 0.039304583333432674
328.0 0.03847023181151599
329.0 0.034076732117682695
330.0 0.029683232423849404
331.0 0.026937670190818608
332.0 0.02419210650259629
333.0 0.023393785522785038
334.0 0.022595460177399218
335.0 0.02140192373190075
336.0 0.020208387286402285
337.0 0.02429039013804868
338.0 0.02837238716892898
339.0 0.02431511675240472
340.0 0.02025785215664655
341.0 0.01700049906503409
342.0 0.013743145973421633
343.0 0.013599277008324862
344.0 0.013455410953611135
345.0 0.012679914652835578
346.0 0.011904417624464259
347.0 0.0112484376586508
348.0 0.010592459875624627
349.0 0.013237533858045936
350.0 0.01588260638527572
351.0 0.013215764192864299
352.0 0.010548916179686785
353.0 0.011084667494287714
354.0 0.011620420264080167
355.0 0.00997336974251084
356.0 0.008326319220941514
357.0 0.009311883331974968
358.0 0.010297450353391469
359.0 0.010018291504820809
360.0 0.009739132656250149
361.0 0.00880608131410554
362.0 0.007873032882343978
363.0 0.00919506564969197
364.0 0.0105170976894442
365.0 0.010229960025753826
366.0 0.009942824544850737
367.0 0.008723790961084887
368.0 0.007504755922127515
369.0 0.007954952161526307
370.0 0.008405149128520861
371.0 0.008281481132144108
372.0 0.008157813863363117
373.0 0.007117736822692677
374.0 0.00607766087341588
375.0 0.006403277802746743
376.0 0.006728895095875487
377.0 0.007042597280815244
378.0 0.007356298010563478
379.0 0.0062050807173363864
380.0 0.005053863787907176
381.0 0.0032075527997221798
382.0 0.0013612419934361242
383.0 0.0035668355849338695
384.0 0.005772429358330555
385.0 0.005534103911486454
386.0 0.005295778828440234
387.0 0.0059235040680505335
388.0 0.006551230035256594
389.0 0.005790355135104619
390.0 0.005029481326346286
391.0 0.0046455137635348365
392.0 0.004261546200723387
393.0 0.004721789446193725
394.0 0.005182033419259824
395.0 0.004275034734746441
396.0 0.003368035322637297
397.0 0.0035598095564637333
398.0 0.0037515834264922887
399.0 0.004000749686383642
400.0 0.004249915582477115
401.0 0.004695805910159834
402.0 0.005141695874044672
403.0 0.005033324487158097
404.0 0.004924953100271523
405.0 0.004029360570712015
406.0 0.0031337687687482685
407.0 0.0016086280083982274
408.0 8.348778806066548e-05
409.0 0.0018893959349952638
410.0 0.0036953046219423413
411.0 0.004169022940914147
412.0 0.004642741259885952
413.0 0.004564246046356857
414.0 0.004485750469029881
415.0 0.00362420869350899
416.0 0.002762666917988099
417.0 0.0038116471841931343
418.0 0.00486062781419605
419.0 0.004369489397504367
420.0 0.0038783513446105644
421.0 0.003754149656742811
422.0 0.003629947968875058
423.0 0.003504988126223907
424.0 0.003380029374966398
425.0 0.0025838755391305313
426.0 0.001787721885193605
427.0 0.0019133540263283066
428.0 0.002038986531260889
429.0 0.0013074924936518073
430.0 0.000575998683416401
431.0 0.0006812935225752881
432.0 0.0007865882253099699
433.0 0.0006704176939820172
434.0 0.00055424739002774
435.0 0.0011829286449938081
436.0 0.0018116099454346113
437.0 0.001975816485355608
438.0 0.0021400232071755454
439.0 0.002134055830538273
440.0 0.0021280884539010003
441.0 0.0015653669834136963
442.0 0.0010026457857748028
443.0 0.0021025236492278054
444.0 0.003202401421731338
445.0 0.003272282629041001
446.0 0.0033421638363506645
447.0 0.0025116969482041895
448.0 0.0016812298781587742
449.0 0.0025037799787241966
450.0 0.0033263302611885592
451.0 0.0025231587642338127
452.0 0.001719986721582245
453.0 0.001643094583414495
454.0 0.0015662026271456853
455.0 0.0023458445866708644
456.0 0.0031254865461960435
457.0 0.002272070742037613
458.0 0.0014186551197781228
459.0 0.0015446099496330135
460.0 0.0016705647794879042
461.0 0.0008018565495149232
462.0 1.6537399704849576e-10
463.0 0.0009750435310706962
464.0 0.0020169391063973308
465.0 0.0022403344701160677
466.0 0.0024637296519358642
467.0 0.0021434319933177903
468.0 0.0018231337890028954
469.0 0.0016485104424646124
470.0 0.0014738867321284488
471.0 0.0013764165487373248
472.0 0.0012789467291440815
473.0 0.0012329396668064874
474.0 0.0011869326044688933
475.0 0.0010841897164937109
476.0 0.0009814468285185285
477.0 0.001292083106818609
478.0 0.0016027193851186894
479.0 0.001963891008927021
480.0 0.002325062632735353
481.0 0.0018541730241850019
482.0 0.001383283506584121
483.0 0.0008905849426810164
484.0 0.0003978863333031768
485.0 0.0012807789971702732
486.0 0.0021636715246131644
487.0 0.0015107394574442878
488.0 0.0008578071174270008
489.0 0.0016414118363172747
490.0 0.002425016646157019
491.0 0.0022604452169616707
492.0 0.002095873605867382
493.0 0.0019852423065458424
494.0 0.001874611189123243
495.0 0.0016474836229463108
496.0 0.0014203560567693785
497.0 0.0012333810445852578
498.0 0.0010464063052495476
499.0 0.0012435412827471737
500.0 0.00144067635119427
501.0 0.0009105901881412137
502.0 0.0003805037067650119
503.0 0.0012004285963485017
504.0 0.0020203533495077863
505.0 0.0021912796000833623
506.0 0.002362205668759998
507.0 0.002228727134934161
508.0 0.002095248237310443
509.0 0.0018543922124081291
510.0 0.0016135363694047555
511.0 0.0012600531590578612
512.0 0.000906570039660437
513.0 0.0013051738278591074
514.0 0.0017037780708051287
515.0 0.0013221575500210747
516.0 0.0009405377568327822
517.0 0.0008742560567043256
518.0 0.0008079744475253392
519.0 0.0010386149369878694
520.0 0.0012692549717030488
521.0 0.0016583670003456064
522.0 0.002047479028988164
523.0 0.0013751498045166954
524.0 0.0007028208074189024
525.0 0.0007182604349509347
526.0 0.0007337001989071723
527.0 0.0010988336725858971
528.0 0.0014639673281635623
529.0 0.0012573345884447917
530.0 0.0010507011211302597
531.0 0.0011456918400654104
532.0 0.0012406824680510908
533.0 0.0008846993296174332
534.0 0.0005287161911837757
535.0 0.0010779689546325244
536.0 0.0016272217180812731
537.0 0.001620988768991083
538.0 0.0016147558199008927
539.0 0.0011797722436313052
540.0 0.000744788303563837
541.0 0.000800128691480495
542.0 0.0008554691703466233
543.0 0.00126583909150213
544.0 0.001676209103607107
545.0 0.0010837276931852102
546.0 0.0004912466465611942
547.0 0.0012034335668431595
548.0 0.001915620123327244
549.0 0.001704648821032606
550.0 0.001493677518737968
551.0 0.0015175328371697105
552.0 0.0015413877918035723
553.0 0.0013355815099203028
554.0 0.0011297749551886227
555.0 0.0010682982974685729
556.0 0.0010068218216474634
557.0 0.001353190509689739
558.0 0.0016995592886814848
559.0 0.0017706273865769617
560.0 0.001841695120674558
561.0 0.0016249990949290805
562.0 0.001408303069183603
563.0 0.0011390472536731977
564.0 0.0008697913472133223
565.0 0.0016739595594117418
566.0 0.002478128044458572
567.0 0.00283458848571172
568.0 0.0031910487450659275
569.0 0.0029851657018298283
570.0 0.002779282658593729
571.0 0.002658471930772066
572.0 0.0025376608391525224
573.0 0.002033512464549858
574.0 0.0015293642718461342
575.0 0.0019715889720828272
576.0 0.00241381349042058
577.0 0.0020092375052627176
578.0 0.0016046620658016764
579.0 0.0017040221791830845
580.0 0.0018033822925644927
581.0 0.0016224495993810706
582.0 0.0014415169061976485
583.0 0.0018934326362796128
584.0 0.002345348366361577
585.0 0.0025230381652363576
586.0 0.002700727964111138
587.0 0.0020776462406502105
588.0 0.001454564062441932
589.0 0.0020826057152589783
590.0 0.0027106474590254948
591.0 0.0019388044165680185
592.0 0.0011669614650600124
593.0 0.0009053824214788619
594.0 0.0006438032414735062
595.0 0.0010863798706850503
596.0 0.0015289564544218592
597.0 0.001370587506244192
598.0 0.0012122185580665246
599.0 0.0008908315976441372
600.0 0.0005694447736459551
601.0 0.0005109513494971907
602.0 0.00045245774344948586
603.0 0.0009701678209239617
604.0 0.001487877580075292
605.0 0.0009470624718233012
606.0 0.0004062469542986946
607.0 0.0008239213457272854
608.0 0.0012415958735800814
609.0 0.0012308426448726095
610.0 0.0012200892342661973
611.0 0.001015198722598143
612.0 0.0008103081199806184
613.0 0.0007610762168042129
614.0 0.0007118443136278074
615.0 0.0011848021131299902
616.0 0.0016577601854805835
617.0 0.002146027145499829
618.0 0.002634294105519075
619.0 0.0021875703168916516
620.0 0.0017408461644663475
621.0 0.0015046764019643888
622.0 0.0012685061847150791
623.0 0.0015732886822661385
624.0 0.0018780709069687873
625.0 0.001656743734201882
626.0 0.0014354168342833873
627.0 0.001873628207249567
628.0 0.0023118400349630974
629.0 0.0020739398678415455
630.0 0.0018360395188210532
631.0 0.0016598462025285698
632.0 0.001483652613387676
633.0 0.001843227437348105
634.0 0.0022028025341569446
635.0 0.005174486432224512
636.0 0.008146169420797378
637.0 0.015485344920307398
638.0 0.022824523330200464
639.0 0.019866100046783686
640.0 0.016907675308175385
641.0 0.014629315410275012
642.0 0.012350956967566162
643.0 0.009881705773295835
644.0 0.007412455306621268
645.0 0.006688527355436236
646.0 0.005964599040453322
647.0 0.005445324131869711
648.0 0.004926048859488219
649.0 0.004076450932188891
650.0 0.003226854096283205
651.0 0.003631557774497196
652.0 0.004036261816509068
653.0 0.0032352869311580434
654.0 0.0024343122277059592
655.0 0.002743385630310513
656.0 0.003052459578611888
657.0 0.0029413600714178756
658.0 0.0028302602004259825
659.0 0.002706827945075929
660.0 0.002583395689725876
661.0 0.002738439798122272
662.0 0.0028934835427207872
663.0 0.0019711334971361794
664.0 0.0010487833606021013
665.0 0.0015306795830838382
666.0 0.002012576260312926
667.0 0.0023442496967618354
668.0 0.002675923315109685
669.0 0.0019690201952471398
670.0 0.0012621171663340647
671.0 0.0009401455827173777
672.0 0.0006181739991006907
673.0 0.0012903016795462463
674.0 0.0019624296328402124
675.0 0.002052575655397959
676.0 0.0021427214960567653
677.0 0.0019303643057355657
678.0 0.0017180063878186047
679.0 0.0014031140381121077
680.0 0.0010882214155572
681.0 0.0011924375939997844
682.0 0.0012966534995939583
683.0 0.0024123424736899324
684.0 0.003528031811583787
685.0 0.0028716071028611623
686.0 0.0022151829398353584
687.0 0.0016540374417672865
688.0 0.0010928917618002743
689.0 0.0014419143553823233
690.0 0.001790936767065432
691.0 0.0021429807020467706
692.0 0.0024950240913312882
693.0 0.002804410360113252
694.0 0.0031137966288952157
695.0 0.0032620748243061826
696.0 0.0034103530197171494
697.0 0.0037099875044077635
698.0 0.004009622352896258
699.0 0.005847753709531389
700.0 0.00768588506616652
701.0 0.007205349538708106
702.0 0.00672481328365393
703.0 0.006236753688426688
704.0 0.00574869591218885
705.0 0.005101753049530089
706.0 0.004454810914467089
707.0 0.004244760566507466
708.0 0.004034710218547843
709.0 0.00422547418565955
710.0 0.004416237788973376
711.0 0.0039181511965580285
712.0 0.003420065331738442
713.0 0.00243429731199285
714.0 0.0014485295650956687
715.0 0.002176613634219393
716.0 0.0029046976123936474
717.0 0.0024918108465499245
718.0 0.0020789235350093804
719.0 0.0016263860743492842
720.0 0.0011738482498913072
721.0 0.0011316410564177204
722.0 0.0010894334081967827
723.0 0.0009689520084066316
724.0 0.0008484706086164806
725.0 0.001244071336259367
726.0 0.0016396723367506638
727.0 0.0017362295693601482
728.0 0.0018327864381717518
729.0 0.0018431870557833463
730.0 0.0018535876733949408
731.0 0.001379766490572365
732.0 0.0009059454896487296
733.0 0.0009183266229229048
734.0 0.0009307075742981397
735.0 0.0010159512385143898
736.0 0.0011011945389327593
737.0 0.0013159857189748436
738.0 0.0015307765352190472
739.0 0.001207598779728869
740.0 0.0008844208423397504
741.0 0.0010347830539103597
742.0 0.0011851450835820287
743.0 0.0015828676623641513
744.0 0.0019805900592473336
745.0 0.0013326060070539825
746.0 0.0006846219548606314
747.0 0.0011597853699640837
748.0 0.0016349489669664763
749.0 0.0023033173420117237
750.0 0.0029716860808548518
751.0 0.0029527816877816804
752.0 0.0029338774766074494
753.0 0.00291740052489331
754.0 0.0029009235731791705
755.0 0.0019156710550305434
756.0 0.0009304183549829759
757.0 0.001871275708253961
758.0 0.002812132879626006
759.0 0.00265401613432914
760.0 0.0024958988433354534
761.0 0.004390828689793125
762.0 0.006285759445745498
763.0 0.005754771700594574
764.0 0.0052237839554436505
765.0 0.005277733725961298
766.0 0.005331684587872587
767.0 0.004565671042655595
768.0 0.00379965640604496
769.0 0.003348582686157897
770.0 0.002897509875765536
771.0 0.003839417695417069
772.0 0.0047813253331696615
773.0 0.0040400151192443445
774.0 0.003298704541521147
775.0 1.6537399704849576e-10
776.0 0.01915178436320275
777.0 1.6537399704849576e-10
778.0 1.6537399704849576e-10
779.0 1.6537399704849576e-10
780.0 1.6537399704849576e-10
781.0 0.13342438032850623
782.0 0.03293857735116035
783.0 0.0193298576050438
784.0 1.6537399704849576e-10
785.0 1.6537399704849576e-10
786.0 0.07825519423931837
787.0 1.6537399704849576e-10
788.0 0.09134083520621061
789.0 0.01723194873193279
790.0 0.11125104501843452
791.0 0.09032059460878372
792.0 0.04081375664100051
793.0 1.6537399704849576e-10
794.0 0.11548215989023447
795.0 0.09156243177130818
796.0 0.02675466239452362
797.0 1.6537399704849576e-10
798.0 0.19626948051154613
799.0 0.32561360858380795
800.0 0.28566455002874136
801.0 0.49472013488411903
802.0 0.9302092716097832
803.0 1.4999302104115486
804.0 2.549668774008751
805.0 3.9238128811120987
806.0 5.5592890828847885
807.0 7.778484374284744
808.0 10.432000458240509
809.0 13.562273979187012
810.0 16.863249242305756
811.0 20.083101093769073
812.0 23.06457906961441
813.0 26.568350195884705
814.0 30.41902780532837
815.0 35.60478389263153
816.0 41.268154978752136
817.0 47.26065695285797
818.0 53.85363698005676
819.0 60.54272651672363
820.0 68.32811832427979
821.0 75.58715343475342
822.0 81.33188486099243
823.0 85.80129146575928
824.0 90.22676944732666
825.0 93.9598560333252
826.0 96.02537155151367
827.0 97.2139298915863
828.0 98.97987842559814
829.0 98.97777438163757
830.0 98.44081997871399
831.0 99.27936792373657
832.0 98.43427538871765
833.0 99.60867166519165
834.0 97.9331374168396
835.0 99.17347431182861
836.0 99.06010627746582
837.0 98.6670970916748
838.0 97.70211577415466
839.0 98.33924174308777
840.0 98.66031408309937
841.0 98.97838234901428
842.0 99.33741092681885
843.0 99.38291311264038
844.0 97.91145324707031
845.0 98.70882034301758
846.0 98.5536515712738
847.0 98.84693026542664
848.0 99.75438714027405
849.0 98.96589517593384
850.0 98.1499195098877
851.0 98.88597130775452
852.0 99.45434927940369
853.0 98.6204445362091
854.0 99.89017844200134
855.0 98.42435717582703
856.0 98.61317276954651
857.0 97.71114587783813
858.0 98.50200414657593
859.0 99.37767386436462
860.0 98.65685701370239
861.0 99.15329217910767
862.0 98.9206850528717
863.0 98.16375374794006
864.0 99.30726289749146
865.0 99.37334656715393
866.0 98.60357642173767
867.0 99.32594895362854
868.0 99.6752679347992
869.0 98.8613486289978
870.0 98.30660223960876
871.0 98.88438582420349
872.0 99.20583963394165
873.0 99.12799000740051
874.0 99.81135725975037
875.0 99.17904138565063
876.0 99.10122156143188
877.0 99.56717491149902
878.0 98.94144535064697
879.0 98.92548322677612
880.0 98.67336750030518
881.0 100.06787776947021
882.0 98.62673878669739
883.0 98.71920943260193
884.0 99.29727911949158
885.0 98.95580410957336
886.0 98.61443042755127
887.0 98.58555197715759
888.0 99.07557964324951
889.0 99.73190426826477
890.0 98.19167256355286
891.0 99.42389726638794
892.0 98.71110320091248
893.0 98.81131052970886
894.0 98.31217527389526
895.0 99.6349036693573
