lsstCam/transmission_filter_detector/r13_s22/i_39/19700101T000000.ecsv
# %ECSV 1.0
# ---
# datatype:
# - {name: wavelength, unit: nm, datatype: float32}
# - {name: efficiency, unit: '%', datatype: float64}
# meta: !!omap
# - {MODE: DETECTOR}
# - {TYPE: transmission_filter_detector}
# - {CALIBDATE: '1970-01-01T00:00:00'}
# - {INSTRUME: LSSTCam}
# - {OBSTYPE: transmission_filter_detector}
# - {CALIBCLS: lsst.ip.isr.IntermediateFilterDetectorTransmissionCurve}
# - {SOURCE: Materion (DM-46256)}
# - {DETECTOR: 62}
# - {FILTER: i_39}
# - {CALIB_ID: 'calibDate=1970-01-01T00:00:00 filter=i_39 detector=62'}
# - {DATE: '2025-04-02T15:59:46.766315'}
# - {CALIB_CREATION_DATE: '2025-04-02'}
# - {CALIB_CREATION_TIME: '15:59:46'}
# - __serialized_columns__:
#     efficiency:
#       __class__: astropy.units.quantity.Quantity
#       unit: !astropy.units.Unit {unit: '%'}
#       value: !astropy.table.SerializedColumn {name: efficiency}
#     wavelength:
#       __class__: astropy.units.quantity.Quantity
#       unit: !astropy.units.Unit {unit: nm}
#       value: !astropy.table.SerializedColumn {name: wavelength}
# schema: astropy-2.0
wavelength efficiency
[from data line 597]
897.0 1.5958125662920986e-10
898.0 1.5958125662920986e-10
899.0 1.5958125662920986e-10
900.0 1.5958125662920986e-10
901.0 1.5958125662920986e-10
902.0 1.5958125662920986e-10
903.0 1.5958125662920986e-10
904.0 1.5958125662920986e-10
905.0 1.5958125662920986e-10
906.0 1.5958125662920986e-10
907.0 7.65813581438124e-06
908.0 0.00013207537676862557
909.0 1.5958125662920986e-10
910.0 1.5958125662920986e-10
911.0 1.5958125662920986e-10
912.0 6.752546255484049e-05
913.0 5.391033255364164e-05
914.0 4.029522528981033e-05
915.0 1.5958125662920986e-10
916.0 1.5958125662920986e-10
917.0 1.5958125662920986e-10
918.0 1.5958125662920986e-10
919.0 1.5958125662920986e-10
920.0 0.00011407665851947968
921.0 4.2887643303402e-05
922.0 1.5958125662920986e-10
923.0 1.5958125662920986e-10
924.0 1.5958125662920986e-10
925.0 1.5958125662920986e-10
926.0 0.00022820647700427799
927.0 4.7309995920841175e-06
928.0 1.5958125662920986e-10
929.0 1.5958125662920986e-10
930.0 0.00016765129657869693
931.0 0.00015190111071206047
932.0 0.00013615091347674024
933.0 7.376447683782317e-05
934.0 1.137807075224373e-05
935.0 1.5958125662920986e-10
936.0 1.5958125662920986e-10
937.0 1.5958125662920986e-10
938.0 1.5958125662920986e-10
939.0 1.5958125662920986e-10
940.0 1.5958125662920986e-10
941.0 1.5958125662920986e-10
942.0 1.5958125662920986e-10
943.0 1.5958125662920986e-10
944.0 1.5958125662920986e-10
945.0 1.5958125662920986e-10
946.0 1.5958125662920986e-10
947.0 1.5958125662920986e-10
948.0 1.5958125662920986e-10
949.0 1.5958125662920986e-10
950.0 1.5958125662920986e-10
951.0 1.5958125662920986e-10
952.0 1.5958125662920986e-10
953.0 1.5958125662920986e-10
954.0 1.5958125662920986e-10
955.0 0.00010982224694089382
956.0 0.0002936027840405586
957.0 0.00023834040803194512
958.0 0.00018307798654859653
959.0 0.0001463143235014286
960.0 0.00010955067182294442
961.0 9.801131000131136e-05
962.0 8.647194249533641e-05
963.0 1.970105074633466e-05
964.0 1.5958125662920986e-10
965.0 1.5958125662920986e-10
966.0 1.5958125662920986e-10
967.0 1.5958125662920986e-10
968.0 1.5958125662920986e-10
969.0 1.5958125662920986e-10
970.0 9.016171986786503e-06
971.0 1.5958125662920986e-10
972.0 1.5958125662920986e-10
973.0 1.5958125662920986e-10
974.0 1.5958125662920986e-10
975.0 3.228742571081966e-05
976.0 0.00010293268815075862
977.0 1.5958125662920986e-10
978.0 1.5958125662920986e-10
979.0 1.5958125662920986e-10
980.0 1.5958125662920986e-10
981.0 1.5958125662920986e-10
982.0 1.5958125662920986e-10
983.0 1.5958125662920986e-10
984.0 1.5958125662920986e-10
985.0 2.1674104289104434e-05
986.0 0.00020968273020116612
987.0 1.5958125662920986e-10
988.0 1.5958125662920986e-10
989.0 1.5958125662920986e-10
990.0 1.5958125662920986e-10
991.0 1.5958125662920986e-10
992.0 1.5958125662920986e-10
993.0 1.5958125662920986e-10
994.0 0.00011963581982854521
995.0 1.5958125662920986e-10
996.0 1.5958125662920986e-10
997.0 4.352423275122419e-05
998.0 0.0003452218379607075
999.0 0.00033815767892519943
1000.0 0.00033109345167758875
1001.0 0.00015483996094189934
1002.0 1.5958125662920986e-10
1003.0 5.1789854182970885e-06
1004.0 3.17716029485382e-05
1005.0 1.5958125662920986e-10
1006.0 1.5958125662920986e-10
1007.0 4.169850171820144e-05
1008.0 0.00018806350681188633
1009.0 0.00015087766769283917
1010.0 0.00011369173762432183
1011.0 0.00015156975905483705
1012.0 0.00018944774637930095
1013.0 0.00030036380849196576
1014.0 0.00041127987060463056
1015.0 0.0003391398877283791
1016.0 0.00026699995032686274
1017.0 0.00037971472011122387
1018.0 0.0004924296263197903
1019.0 0.00035249627217126545
1020.0 0.00021256287254800554
1021.0 0.0002366137778153643
1022.0 0.00026066463760798797
1023.0 0.0005823649189551361
1024.0 0.0009040652912517544
1025.0 0.0007035461749183014
1026.0 0.0005030271040595835
1027.0 0.0004811080543731805
1028.0 0.0004591889592120424
1029.0 0.0008626385351817589
1030.0 0.0012660881111514755
1031.0 0.0018081507732858881
1032.0 0.00235021307162242
1033.0 0.002477050838933792
1034.0 0.002603887696750462
1035.0 0.0032352236303268
1036.0 0.003866559563903138
1037.0 0.003823054794338532
1038.0 0.0037795500247739255
1039.0 0.0031350933568319306
1040.0 0.0024906372345867567
1041.0 0.0022047124730306678
1042.0 0.0019187877114745788
1043.0 0.002700982804526575
1044.0 0.0034831777156796306
1045.0 0.0035402830690145493
1046.0 0.0035973891499452293
1047.0 0.0031691764888819307
1048.0 0.002740963827818632
1049.0 0.0024637098249513656
1050.0 0.002186455822084099
1051.0 0.0021524576368392445
1052.0 0.0021184598153922707
1053.0 0.0014558848306478467
1054.0 0.0007933098459034227
1055.0 0.0008677313417138066
1056.0 0.0009421527465747204
1057.0 0.0009848319677985273
1058.0 0.0010275112799718045
1059.0 0.0009184002010442782
1060.0 0.0008092894859146327
1061.0 0.0016468093235744163
1062.0 0.0024843287974363193
1063.0 0.002718508221732918
1064.0 0.002952687646029517
1065.0 0.003195650060661137
1066.0 0.003438612839090638
1067.0 0.004191553307464346
1068.0 0.004944493775838055
1069.0 0.003928141450160183
1070.0 0.002911788942583371
1071.0 0.0029429866117425263
1072.0 0.0029741842809016816
1073.0 0.003093391569564119
1074.0 0.003212598676327616
1075.0 0.003321628173580393
1076.0 0.0034306576708331704
1077.0 0.002765972567431163
1078.0 0.0021012867364333943
1079.0 0.0022069634724175557
1080.0 0.002312640026502777
1081.0 0.0015429039194714278
1082.0 0.0007731678124400787
1083.0 0.000243507702180068
1084.0 1.5958125662920986e-10
1085.0 0.0004256519787304569
1086.0 0.0011374568202882074
1087.0 0.0009295821655541658
1088.0 0.0007217076017695945
1089.0 1.5958125662920986e-10
1090.0 1.5958125662920986e-10
1091.0 1.5958125662920986e-10
1092.0 1.5958125662920986e-10
1093.0 1.5958125662920986e-10
1094.0 6.0568237358893384e-05
1095.0 1.5958125662920986e-10
1096.0 1.5958125662920986e-10
1097.0 1.5958125662920986e-10
1098.0 1.5958125662920986e-10
1099.0 1.5958125662920986e-10
1100.0 1.5958125662920986e-10
