lsstCam/transmission_filter_detector/r13_s22/i_39/19700101T000000.ecsv
# %ECSV 1.0
# ---
# datatype:
# - {name: wavelength, unit: nm, datatype: float32}
# - {name: efficiency, unit: '%', datatype: float64}
# meta: !!omap
# - {MODE: DETECTOR}
# - {TYPE: transmission_filter_detector}
# - {CALIBDATE: '1970-01-01T00:00:00'}
# - {INSTRUME: LSSTCam}
# - {OBSTYPE: transmission_filter_detector}
# - {CALIBCLS: lsst.ip.isr.IntermediateFilterDetectorTransmissionCurve}
# - {SOURCE: Materion (DM-46256)}
# - {DETECTOR: 62}
# - {FILTER: i_39}
# - {CALIB_ID: 'calibDate=1970-01-01T00:00:00 filter=i_39 detector=62'}
# - {DATE: '2025-04-02T15:59:46.766315'}
# - {CALIB_CREATION_DATE: '2025-04-02'}
# - {CALIB_CREATION_TIME: '15:59:46'}
# - __serialized_columns__:
#     efficiency:
#       __class__: astropy.units.quantity.Quantity
#       unit: !astropy.units.Unit {unit: '%'}
#       value: !astropy.table.SerializedColumn {name: efficiency}
#     wavelength:
#       __class__: astropy.units.quantity.Quantity
#       unit: !astropy.units.Unit {unit: nm}
#       value: !astropy.table.SerializedColumn {name: wavelength}
# schema: astropy-2.0
wavelength efficiency
300.0 0.07992420578375459
301.0 0.03763643908314407
302.0 1.5958125662920986e-10
303.0 0.020156837126705796
304.0 0.0449649611255154
305.0 0.03416909312363714
306.0 0.0233732265769504
307.0 0.005561376747209579
308.0 1.5958125662920986e-10
309.0 1.5958125662920986e-10
310.0 1.5958125662920986e-10
311.0 1.5958125662920986e-10
312.0 0.0028369597202981822
313.0 0.00013480279221766978
314.0 1.5958125662920986e-10
315.0 1.5958125662920986e-10
316.0 1.5958125662920986e-10
317.0 1.5958125662920986e-10
318.0 1.5958125662920986e-10
319.0 1.5958125662920986e-10
320.0 1.5958125662920986e-10
321.0 1.5958125662920986e-10
322.0 1.5958125662920986e-10
323.0 1.5958125662920986e-10
324.0 1.5958125662920986e-10
325.0 1.5958125662920986e-10
326.0 1.5958125662920986e-10
327.0 0.00042858159758907277
328.0 0.003777979509322904
329.0 0.002529593257349916
330.0 0.001281207278225338
331.0 0.0009653810593590606
332.0 0.0006495553861896042
333.0 0.0006296015726547921
334.0 0.0006096480774431257
335.0 1.5958125662920986e-10
336.0 1.5958125662920986e-10
337.0 0.00046673108045069966
338.0 0.002260463770653587
339.0 0.0023703712940914556
340.0 0.0024802793632261455
341.0 1.5958125662920986e-10
342.0 1.5958125662920986e-10
343.0 1.5958125662920986e-10
344.0 1.5958125662920986e-10
345.0 1.5958125662920986e-10
346.0 1.5958125662920986e-10
347.0 1.5958125662920986e-10
348.0 1.5958125662920986e-10
349.0 1.5958125662920986e-10
350.0 1.5958125662920986e-10
351.0 1.5958125662920986e-10
352.0 1.5958125662920986e-10
353.0 1.5958125662920986e-10
354.0 1.5958125662920986e-10
355.0 1.5958125662920986e-10
356.0 0.00016801008086986258
357.0 0.000741091707823216
358.0 0.0013141734598320909
359.0 0.0013647270861838479
360.0 0.0014152804396871943
361.0 0.0012095064448658377
362.0 0.0010037326319434214
363.0 0.000612567146163201
364.0 0.00022140191049402347
365.0 0.0012141417755628936
366.0 0.0022068821635912172
367.0 0.0015515066479565576
368.0 0.0008961311323218979
369.0 0.0008990716196422
370.0 0.0009020122888614424
371.0 0.0008167944542947225
372.0 0.0007315765287785325
373.0 0.0009439968380320352
374.0 0.0011564171472855378
375.0 0.00019193357729818672
376.0 1.5958125662920986e-10
377.0 1.5958125662920986e-10
378.0 0.00021438752355606994
379.0 2.306189799128333e-05
380.0 1.5958125662920986e-10
381.0 1.5958125662920986e-10
382.0 1.5958125662920986e-10
383.0 0.0004581595476338407
384.0 0.001503659768786747
385.0 0.0010759263204818126
386.0 0.000648192781227408
387.0 1.5958125662920986e-10
388.0 1.5958125662920986e-10
389.0 1.5958125662920986e-10
390.0 1.5958125662920986e-10
391.0 1.5958125662920986e-10
392.0 1.5958125662920986e-10
393.0 9.798239943847875e-05
394.0 0.0010421894330647774
395.0 1.5958125662920986e-10
396.0 1.5958125662920986e-10
397.0 1.5958125662920986e-10
398.0 1.5958125662920986e-10
399.0 1.5958125662920986e-10
400.0 1.5958125662920986e-10
401.0 0.0008512446584063582
402.0 0.002128805863321759
403.0 0.003072784238611348
404.0 0.004016762613900937
405.0 0.005063524076831527
406.0 0.006110284448368475
407.0 0.002392756869085133
408.0 1.5958125662920986e-10
409.0 1.5958125662920986e-10
410.0 0.0003128250909867347
411.0 0.00241905636357842
412.0 0.0045252883865032345
413.0 0.004235602682456374
414.0 0.003945918433601037
415.0 0.003839711280306801
416.0 0.0037335041270125657
417.0 0.002666946966201067
418.0 0.0016003896234906279
419.0 0.0033430984331062064
420.0 0.0050858070608228445
421.0 0.004629499017028138
422.0 0.00417319024563767
423.0 0.004423757491167635
424.0 0.004674324009101838
425.0 0.003478007056401111
426.0 0.0022816886485088617
427.0 0.0034976932511199266
428.0 0.004713698217528872
429.0 0.00519003406225238
430.0 0.005666370634571649
431.0 0.004076851837453432
432.0 0.0024873335860320367
433.0 0.003245319749112241
434.0 0.004003306094091386
435.0 0.0027642143322736956
436.0 0.0015251224795065355
437.0 0.0015141531548579223
438.0 0.0015031840121082496
439.0 0.0018161521438742056
440.0 0.002129120366589632
441.0 0.0006376931651175255
442.0 1.5958125662920986e-10
443.0 1.5958125662920986e-10
444.0 1.5958125662920986e-10
445.0 1.5958125662920986e-10
446.0 1.5958125662920986e-10
447.0 0.00013641517853102414
448.0 0.0005215395049162908
449.0 1.5958125662920986e-10
450.0 1.5958125662920986e-10
451.0 8.648959806123457e-05
452.0 0.00102400008472614
453.0 0.001622110175958369
454.0 0.0022202204490895383
455.0 0.0019580082152970135
456.0 0.0016957959815044887
457.0 0.001264467300643446
458.0 0.0008331385288329329
459.0 0.0002596516651465208
460.0 1.5958125662920986e-10
461.0 0.00018067754581352347
462.0 0.000675190449328511
463.0 0.0002903180984503706
464.0 1.5958125662920986e-10
465.0 0.00018998000541614601
466.0 0.00047451426326006185
467.0 0.0007627080321981339
468.0 0.0010509017556614708
469.0 0.0006236223725863965
470.0 0.0001963431259355275
471.0 0.0004031921434943797
472.0 0.0006100412520027021
473.0 0.0008836552296997979
474.0 0.0011572694347705692
475.0 0.0006233959538803902
476.0 8.95227174169122e-05
477.0 0.0007585589173686458
478.0 0.0014275949979491998
479.0 0.0014254310372052714
480.0 0.001423267076461343
481.0 0.0026684112526709214
482.0 0.003913553882739507
483.0 0.00532221638422925
484.0 0.006730877794325352
485.0 0.007436097803292796
486.0 0.00814131781226024
487.0 0.011265420471318066
488.0 0.014389524585567415
489.0 0.017422958626411855
490.0 0.02045639412244782
491.0 0.022281888232100755
492.0 0.024107383796945214
493.0 0.02557637053541839
494.0 0.02704536309465766
495.0 0.024171157565433532
496.0 0.021296946215443313
497.0 0.01766731293173507
498.0 0.014037676737643778
499.0 0.010040398046839982
500.0 0.006043120083631948
501.0 0.004440173506736755
502.0 0.002837227293639444
503.0 0.0025710432964842767
504.0 0.002304859117430169
505.0 0.002001521897909697
506.0 0.0016981850421871059
507.0 0.0017178768757730722
508.0 0.001737568345561158
509.0 0.0019267936295364052
510.0 0.0021160189135116525
511.0 0.0016133511962834746
512.0 0.0011106834790552966
513.0 0.001476599027228076
514.0 0.0018425145754008554
515.0 0.002420951750536915
516.0 0.0029993889256729744
517.0 0.002467805279593449
518.0 0.0019362216335139237
519.0 0.00202056035050191
520.0 0.002104899067489896
521.0 0.0016105062968563288
522.0 0.0011161137990711723
523.0 0.0013934174603491556
524.0 0.0016707215763744898
525.0 0.0020492445401032455
526.0 0.002427767321933061
527.0 0.0023948789021233097
528.0 0.002361990664212499
529.0 0.0019321469153510407
530.0 0.0015023030755401123
531.0 0.001462631280446658
532.0 0.0014229596672521438
533.0 0.0015784744391567074
534.0 0.0017339891201118007
535.0 0.0016357940694433637
536.0 0.0015375990187749267
537.0 0.002260938344988972
538.0 0.002984277489304077
539.0 0.0037609392165904865
540.0 0.004537600761977956
541.0 0.005251312177279033
542.0 0.0059650239563779905
543.0 0.005193637480260804
544.0 0.004422251004143618
545.0 0.0035063581890426576
546.0 0.0025904661015374586
547.0 0.002128876803908497
548.0 0.0016672873243805952
549.0 0.0017940459656529129
550.0 0.0019208044250262901
551.0 0.0016661660993122496
552.0 0.0014115278645476792
553.0 0.0014551337699231226
554.0 0.001498739675298566
555.0 0.0011394902685424313
556.0 0.0007802408617862966
557.0 0.0007270811693160795
558.0 0.0006739214768458623
559.0 0.00025723800263222074
560.0 1.5958125662920986e-10
561.0 0.0006442302492359886
562.0 0.0014479060155281331
563.0 0.0015782359696459025
564.0 0.0017085658328142017
565.0 0.0014025629752723034
566.0 0.0010965602996293455
567.0 0.0007990194717422128
568.0 0.0005014785529056098
569.0 0.0006189424766489537
570.0 0.0007364059911196819
571.0 0.0004773879027197836
572.0 0.00021836976884515025
573.0 0.00031907193260849454
574.0 0.000419774187321309
575.0 0.0004114223884243984
576.0 0.00040307058952748775
577.0 0.0005126566520630149
578.0 0.0006222428055480123
579.0 0.0002964223767776275
580.0 1.5958125662920986e-10
581.0 0.00016035886574172764
582.0 0.00035011578347621253
583.0 0.0004620351319317706
584.0 0.000573954412175226
585.0 0.0007830802132957615
586.0 0.0009922062417899724
587.0 0.0009030212822835892
588.0 0.0008138362318277359
589.0 0.000642054874333553
590.0 0.0004702735623141052
591.0 0.000668699067318812
592.0 0.0008671247087477241
593.0 0.0005480251729750307
594.0 0.00022892556899023475
595.0 0.0005551506092160707
596.0 0.0008813754902803339
597.0 0.0007414742412947817
598.0 0.0006015729923092294
599.0 0.0005300288648868445
600.0 0.00045848460104025435
601.0 0.0003982080215791939
602.0 0.0003379314193807659
603.0 0.0002582904926384799
604.0 0.00017864941810330492
605.0 0.00017954323539015604
606.0 0.0001804370413083234
607.0 0.0004208619884593645
608.0 0.0006612868219235679
609.0 0.0005354127551981946
610.0 0.00040953837014967576
611.0 0.0006465981186920544
612.0 0.0008836579581839032
613.0 0.0005142624559084652
614.0 0.0001448671355319675
615.0 1.5958125662920986e-10
616.0 1.5958125662920986e-10
617.0 1.5958125662920986e-10
618.0 0.00014394482832358335
619.0 0.00023479658466385445
620.0 0.00032564842058491195
621.0 0.0004867082225246122
622.0 0.0006477680017269449
623.0 0.0005388681529439054
624.0 0.00042996834963560104
625.0 0.0004291418918001
626.0 0.000428315479439334
627.0 0.00030872795377945295
628.0 0.00018914039401352056
629.0 0.0004082609393663006
630.0 0.0006273815870372346
631.0 0.0005290994977258379
632.0 0.00043081740841444116
633.0 0.00041171374505211134
634.0 0.0003926100816897815
635.0 0.0004577494564728113
636.0 0.0005228887403063709
637.0 0.0004634573997464031
638.0 0.00040402587728749495
639.0 0.000652333119433024
640.0 0.0009006402251543477
641.0 0.0006395343461917946
642.0 0.00037842848996660905
643.0 0.0006299471806414658
644.0 0.00088146580310422
645.0 0.0007927826118248049
646.0 0.0007040996024443302
647.0 0.0008126373359118588
648.0 0.0009211754331772681
649.0 0.0008113890544336755
650.0 0.0007016025847406127
651.0 0.0008485990292683709
652.0 0.0009955954737961292
653.0 0.0011583123523450922
654.0 0.001321029139944585
655.0 0.0019091357899014838
656.0 0.0024972423489089124
657.0 0.0035397250030655414
658.0 0.004582206383929588
659.0 0.007262678991537541
660.0 0.09172869031317532
661.0 0.08297093445435166
662.0 0.05811366136185825
663.0 0.08053959463723004
664.0 0.11332305148243904
665.0 0.15740683302283287
666.0 0.16162384999915957
667.0 0.18774558557197452
668.0 0.21814217325299978
669.0 0.31484244391322136
670.0 0.3822526428848505
671.0 0.6693161558359861
672.0 0.9891558438539505
673.0 1.6549399122595787
674.0 2.4067051708698273
675.0 3.3231187611818314
676.0 4.415667802095413
677.0 5.787588283419609
678.0 7.185173779726028
679.0 8.603881299495697
680.0 10.647348314523697
681.0 12.72478699684143
682.0 15.274636447429657
683.0 18.0832177400589
684.0 21.047386527061462
685.0 23.96543025970459
686.0 26.979681849479675
687.0 30.236417055130005
688.0 33.591583371162415
689.0 37.016624212265015
690.0 41.130587458610535
691.0 45.42991816997528
692.0 50.621968507766724
693.0 55.9117317199707
694.0 61.9056761264801
695.0 67.63004064559937
696.0 73.76698851585388
697.0 79.22765612602234
698.0 84.92023348808289
699.0 89.12489414215088
700.0 92.26788878440857
701.0 94.67570185661316
702.0 96.20015025138855
703.0 97.06498980522156
704.0 97.39903807640076
705.0 97.74144291877747
706.0 97.79399037361145
707.0 97.82264232635498
708.0 97.89032340049744
709.0 98.00903797149658
710.0 97.81064987182617
711.0 98.01216721534729
712.0 97.865229845047
713.0 97.98616766929626
714.0 98.05124998092651
715.0 98.1322169303894
716.0 97.88849949836731
717.0 98.13752770423889
718.0 98.20877313613892
719.0 98.13203811645508
720.0 98.34787845611572
721.0 98.24901819229126
722.0 97.87127375602722
723.0 97.68999218940735
724.0 97.40265607833862
725.0 97.14378714561462
726.0 96.89395427703857
727.0 96.67971134185791
728.0 96.49219512939453
729.0 96.29915356636047
730.0 96.3425874710083
731.0 96.41315937042236
732.0 96.38855457305908
733.0 96.68763875961304
734.0 97.0443844795227
735.0 97.12516069412231
736.0 97.60188460350037
737.0 98.00326228141785
738.0 98.23736548423767
739.0 98.5791265964508
740.0 98.64611625671387
741.0 98.53149056434631
742.0 98.91208410263062
743.0 98.74882698059082
744.0 98.53826761245728
745.0 98.50120544433594
746.0 98.46696853637695
747.0 98.65308403968811
748.0 98.58730435371399
749.0 98.5331118106842
750.0 98.46083521842957
751.0 98.42333793640137
752.0 98.27411770820618
753.0 98.51812720298767
754.0 98.45051169395447
755.0 98.59063625335693
756.0 98.64616990089417
757.0 98.62273335456848
758.0 98.75959753990173
759.0 98.83102774620056
760.0 98.61270189285278
761.0 98.59071969985962
762.0 98.65317344665527
763.0 98.58807325363159
764.0 98.57702255249023
765.0 98.47949743270874
766.0 98.53642582893372
767.0 98.2622742652893
768.0 98.29192161560059
769.0 98.34301471710205
770.0 98.03011417388916
771.0 98.0765163898468
772.0 98.03231358528137
773.0 97.90953397750854
774.0 97.74725437164307
775.0 97.91261553764343
776.0 97.73746132850647
777.0 97.84620404243469
778.0 97.87418246269226
779.0 97.97021150588989
780.0 97.93822169303894
781.0 98.32367897033691
782.0 98.15773963928223
783.0 98.31830263137817
784.0 98.28622341156006
785.0 98.37908148765564
786.0 98.52150082588196
787.0 98.27377796173096
788.0 98.35086464881897
789.0 98.40999841690063
790.0 98.36478233337402
791.0 98.34979772567749
792.0 98.24395775794983
793.0 98.14314246177673
794.0 98.06421399116516
795.0 97.94097542762756
796.0 97.9306161403656
797.0 98.00807237625122
798.0 97.85179495811462
799.0 97.73091673851013
800.0 97.52429723739624
801.0 97.62089848518372
802.0 97.42880463600159
803.0 97.12385535240173
804.0 96.79959416389465
805.0 96.21434807777405
806.0 95.5733597278595
807.0 94.41847205162048
808.0 93.09940338134766
809.0 91.55240058898926
810.0 89.72617387771606
811.0 87.46071457862854
812.0 84.7346544265747
813.0 81.56800270080566
814.0 78.0569076538086
815.0 74.06793236732483
816.0 70.02145051956177
817.0 65.38490056991577
818.0 60.500603914260864
819.0 56.20178580284119
820.0 51.3776957988739
821.0 46.949830651283264
822.0 42.505279183387756
823.0 37.88885176181793
824.0 33.25801193714142
825.0 29.14677858352661
826.0 24.79354292154312
827.0 20.308761298656464
828.0 16.328756511211395
829.0 12.517130374908447
830.0 8.867538720369339
831.0 6.251978874206543
832.0 4.030600190162659
833.0 2.4739086627960205
834.0 1.470337063074112
835.0 0.8466950617730618
836.0 0.4751126281917095
837.0 0.32954018097370863
838.0 0.15452596126124263
839.0 0.09290226735174656
840.0 0.07722286973148584
841.0 0.034412278910167515
842.0 0.03703873371705413
843.0 1.5958125662920986e-10
844.0 1.5958125662920986e-10
845.0 1.5958125662920986e-10
846.0 1.5958125662920986e-10
847.0 1.5958125662920986e-10
848.0 1.5958125662920986e-10
849.0 1.5958125662920986e-10
850.0 1.5958125662920986e-10
851.0 1.5958125662920986e-10
852.0 0.0005548037279368145
853.0 0.0009124391908699181
854.0 0.0012700749721261673
855.0 0.0011793046724051237
856.0 0.0010885343726840802
857.0 0.001055222764989594
858.0 0.0010219107934972271
859.0 0.0005127865279064281
860.0 3.6620768639750167e-06
861.0 0.00014212537280400284
862.0 0.0002805885287671117
863.0 0.0001487401505073649
864.0 1.689185324948994e-05
865.0 5.6620797295181546e-05
866.0 9.634969728722353e-05
867.0 8.184622402040986e-05
868.0 6.734269959451922e-05
869.0 1.5958125662920986e-10
870.0 1.5958125662920986e-10
871.0 3.059683706396754e-05
872.0 0.00027403782496548956
873.0 0.00023516690816904884
874.0 0.00019629594589787303
875.0 0.0001632682710805966
876.0 0.0001302406303693715
877.0 1.5958125662920986e-10
878.0 1.5958125662920986e-10
879.0 2.2796915288836317e-05
880.0 0.0005149578555574408
881.0 0.00020660418158513494
882.0 1.5958125662920986e-10
883.0 9.012025543597701e-05
884.0 0.0002819900146278087
885.0 6.13585314113152e-05
886.0 1.5958125662920986e-10
887.0 9.197692207862929e-06
888.0 0.0001776683347998187
889.0 8.43931218241778e-05
890.0 1.5958125662920986e-10
891.0 0.00011287104371149326
892.0 0.0002346241444683983
893.0 0.0002625832394187455
894.0 0.0002905423343690927
895.0 1.5958125662920986e-10
