lsstCam/transmission_filter_detector/r41_s02/u_24/19700101T000000.ecsv
# %ECSV 1.0
# ---
# datatype:
# - {name: wavelength, unit: nm, datatype: float32}
# - {name: efficiency, unit: '%', datatype: float64}
# meta: !!omap
# - {MODE: DETECTOR}
# - {TYPE: transmission_filter_detector}
# - {CALIBDATE: '1970-01-01T00:00:00'}
# - {INSTRUME: LSSTCam}
# - {OBSTYPE: transmission_filter_detector}
# - {CALIBCLS: lsst.ip.isr.IntermediateFilterDetectorTransmissionCurve}
# - {SOURCE: Materion (DM-46256)}
# - {DETECTOR: 164}
# - {FILTER: u_24}
# - {CALIB_ID: 'calibDate=1970-01-01T00:00:00 filter=u_24 detector=164'}
# - {DATE: '2025-04-02T15:59:40.510551'}
# - {CALIB_CREATION_DATE: '2025-04-02'}
# - {CALIB_CREATION_TIME: '15:59:40'}
# - __serialized_columns__:
#     efficiency:
#       __class__: astropy.units.quantity.Quantity
#       unit: !astropy.units.Unit {unit: '%'}
#       value: !astropy.table.SerializedColumn {name: efficiency}
#     wavelength:
#       __class__: astropy.units.quantity.Quantity
#       unit: !astropy.units.Unit {unit: nm}
#       value: !astropy.table.SerializedColumn {name: wavelength}
# schema: astropy-2.0
wavelength efficiency
[from data line 582]
877.0 0.0028099020710214972
878.0 0.003088295488851145
879.0 0.003169710180372931
880.0 0.0032511245080968365
881.0 0.0031975272577255964
882.0 0.003143930371152237
883.0 0.0030220107873901725
884.0 0.0029000910217291676
885.0 0.002852824945875909
886.0 0.0028055586881237105
887.0 0.0027901987778022885
888.0 0.0027748383217840455
889.0 0.0027579804736888036
890.0 0.0027411224436946213
891.0 0.002933099676738493
892.0 0.0031250765459844843
893.0 0.0031432784453500062
894.0 0.003161480344715528
895.0 0.0032906118576647714
896.0 0.0034197433706140146
897.0 0.0033742820960469544
898.0 0.0033288204576820135
899.0 0.0033890941267600283
900.0 0.003449368159635924
901.0 0.0038185866287676618
902.0 0.0041878050978994
903.0 0.00445599653176032
904.0 0.00472418760182336
905.0 0.004768865619553253
906.0 0.004813543637283146
907.0 0.005174800389795564
908.0 0.005536056778510101
909.0 0.005491135016200133
910.0 0.005446213253890164
911.0 0.00544054273632355
912.0 0.0054348722187569365
913.0 0.005427079668152146
914.0 0.005419287117547356
915.0 0.005032622721046209
916.0 0.004645957596949302
917.0 0.004616575824911706
918.0 0.004587194052874111
919.0 0.004765350968227722
920.0 0.004943508247379214
921.0 0.0049936381401494145
922.0 0.005043768396717496
923.0 0.005126441101310775
924.0 0.005209114533499815
925.0 0.005613247049041092
926.0 0.00601737956458237
927.0 0.006339754327200353
928.0 0.006662128726020455
929.0 0.006947229849174619
930.0 0.007232330972328782
931.0 0.007246043242048472
932.0 0.007259754784172401
933.0 0.007479232590412721
934.0 0.007698710396653041
935.0 0.00771412524045445
936.0 0.007729539356660098
937.0 0.007104221731424332
938.0 0.006478904833784327
939.0 0.006368559115799144
940.0 0.006258213397813961
941.0 0.005826526103192009
942.0 0.005394838808570057
943.0 0.004829360113944858
944.0 0.00426388178311754
945.0 0.003544373612385243
946.0 0.002824864895956125
947.0 0.002519650479371194
948.0 0.002214435880887322
949.0 0.001804337080102414
950.0 0.0013942380974185653
951.0 0.0013866086192138027
952.0 0.0013789792319585104
953.0 0.0014207825188350398
954.0 0.001462585714762099
955.0 0.0016621941540506668
956.0 0.0018618025933392346
957.0 0.002004383895837236
958.0 0.0021469655621331185
959.0 0.0025114470190601423
960.0 0.002875928475987166
961.0 0.00344279469572939
962.0 0.004009660915471613
963.0 0.004152691690251231
964.0 0.004295722465030849
965.0 0.004689211709774099
966.0 0.005082700590719469
967.0 0.004911433279630728
968.0 0.0047401656047441065
969.0 0.00478009860671591
970.0 0.004820031244889833
971.0 0.004995448034605943
972.0 0.005170864460524172
973.0 0.004926681504002772
974.0 0.004682498183683492
975.0 0.004507264384301379
976.0 0.004332030948717147
977.0 0.004036807513330132
978.0 0.0037415837141452357
979.0 0.0035729437513509765
980.0 0.0034043034247588366
981.0 0.0031275918445317075
982.0 0.0028508799005066976
983.0 0.002874635720218066
984.0 0.0028983915399294347
985.0 0.0030170975151122548
986.0 0.003135803490295075
987.0 0.003617885522544384
988.0 0.004099966827197932
989.0 0.004610521864378825
990.0 0.005121076537761837
991.0 0.005766536560258828
992.0 0.006411996582755819
993.0 0.00683221805957146
994.0 0.007252440263982862
995.0 0.007386608922388405
996.0 0.0075207768531981856
997.0 0.007427916716551408
998.0 0.007335055852308869
999.0 0.00695068301865831
1000.0 0.006566312367795035
1001.0 0.006223927630344406
1002.0 0.005881543984287418
1003.0 0.005451498145703226
1004.0 0.005021452307119034
1005.0 0.0049447316996520385
1006.0 0.0048680114559829235
1007.0 0.004612039992935024
1008.0 0.004356068529887125
1009.0 0.004347677531768568
1010.0 0.004339286533650011
1011.0 0.003963629569625482
1012.0 0.0035879722418030724
1013.0 0.0030330662411870435
1014.0 0.0024781606043688953
1015.0 0.002083989602397196
1016.0 0.0016898184185265563
1017.0 0.00163729528139811
1018.0 0.0015847721442696638
1019.0 0.0015081435776664875
1020.0 0.001431514920113841
1021.0 0.001453604727430502
1022.0 0.0014756947166461032
1023.0 0.0014090041076997295
1024.0 0.0013423134987533558
1025.0 0.0014725512301083654
1026.0 0.0016027890524128452
1027.0 0.00161395419127075
1028.0 0.0016251195120275952
1029.0 0.0016975656762951985
1030.0 0.0017700120224617422
1031.0 0.001860231532191392
1032.0 0.0019504508600221016
1033.0 0.0020196266632410698
1034.0 0.002088802466460038
1035.0 0.0020381572539918125
1036.0 0.0019875118596246466
1037.0 0.002175179179175757
1038.0 0.002362846316827927
1039.0 0.0024103417672449723
1040.0 0.002457837399560958
1041.0 0.002166806189052295
1042.0 0.001875775160442572
1043.0 0.001965813680726569
1044.0 0.002055852019111626
1045.0 0.0019571221855585463
1046.0 0.0018583921701065265
1047.0 0.0021847712559974752
1048.0 0.002511150341888424
1049.0 0.0022475212972494774
1050.0 0.0019838922526105307
1051.0 0.001766671812220011
1052.0 0.0015494510080316104
1053.0 0.0013751853657595348
1054.0 0.001200919632537989
1055.0 0.0015856936443015002
1056.0 0.0019704675651155412
1057.0 0.0011537068530742545
1058.0 0.0003369465048308484
1059.0 0.0011954208275710698
1060.0 0.0020538953322102316
1061.0 0.0018067206838168204
1062.0 0.0015595462173223495
1063.0 0.0018609622202347964
1064.0 0.0021623782231472433
1065.0 0.0011172687663929537
1066.0 7.215923005787772e-05
1067.0 0.00078655239121872
1068.0 0.0015009453818493057
1069.0 0.001567507024446968
1070.0 0.0016340683941962197
1071.0 0.00150777032104088
1072.0 0.00138147215693607
1073.0 0.0021693313101422973
1074.0 0.002957190554297995
1075.0 0.0027392563424655236
1076.0 0.002521322312531993
1077.0 0.0030829658498987556
1078.0 0.0036446093872655183
1079.0 0.0038613841752521694
1080.0 0.00407815896323882
1081.0 0.004129761509830132
1082.0 0.004181363692623563
1083.0 0.004000985063612461
1084.0 0.0038206067983992398
1085.0 0.004690655987360515
1086.0 0.00556070554011967
1087.0 0.004767836071550846
1088.0 0.003974967330577783
1089.0 0.0034811098885256797
1090.0 0.002987252810271457
1091.0 0.003306501093902625
1092.0 0.0036257493775337934
1093.0 0.003443796231294982
1094.0 0.0032618434488540515
1095.0 0.0030935945687815547
1096.0 0.002925345688709058
1097.0 0.002841907917172648
1098.0 0.002758469963737298
1099.0 0.004590463140630163
1100.0 0.006422455771826208
