lsstCam/transmission_filter_detector/r41_s02/u_24/19700101T000000.ecsv
# %ECSV 1.0
# ---
# datatype:
# - {name: wavelength, unit: nm, datatype: float32}
# - {name: efficiency, unit: '%', datatype: float64}
# meta: !!omap
# - {MODE: DETECTOR}
# - {TYPE: transmission_filter_detector}
# - {CALIBDATE: '1970-01-01T00:00:00'}
# - {INSTRUME: LSSTCam}
# - {OBSTYPE: transmission_filter_detector}
# - {CALIBCLS: lsst.ip.isr.IntermediateFilterDetectorTransmissionCurve}
# - {SOURCE: Materion (DM-46256)}
# - {DETECTOR: 164}
# - {FILTER: u_24}
# - {CALIB_ID: 'calibDate=1970-01-01T00:00:00 filter=u_24 detector=164'}
# - {DATE: '2025-04-02T15:59:40.510551'}
# - {CALIB_CREATION_DATE: '2025-04-02'}
# - {CALIB_CREATION_TIME: '15:59:40'}
# - __serialized_columns__:
#     efficiency:
#       __class__: astropy.units.quantity.Quantity
#       unit: !astropy.units.Unit {unit: '%'}
#       value: !astropy.table.SerializedColumn {name: efficiency}
#     wavelength:
#       __class__: astropy.units.quantity.Quantity
#       unit: !astropy.units.Unit {unit: nm}
#       value: !astropy.table.SerializedColumn {name: wavelength}
# schema: astropy-2.0
wavelength efficiency
295.0 1.6113438708331707e-10
296.0 1.6113438708331707e-10
297.0 1.6113438708331707e-10
298.0 1.6113438708331707e-10
299.0 1.6113438708331707e-10
300.0 1.6113438708331707e-10
301.0 1.6113438708331707e-10
302.0 0.05753557197749615
303.0 0.07550902082584798
304.0 0.01271140790777281
305.0 0.8122655563056469
306.0 1.8131867051124573
307.0 3.337622433900833
308.0 5.682184919714928
309.0 8.946588635444641
310.0 12.559212744235992
311.0 16.146501898765564
312.0 19.92602050304413
313.0 23.06147962808609
314.0 26.117253303527832
315.0 28.607159852981567
316.0 30.799344182014465
317.0 33.4123969078064
318.0 36.305129528045654
319.0 40.256619453430176
320.0 45.58714032173157
321.0 51.13332271575928
322.0 57.20105171203613
323.0 62.54905462265015
324.0 67.06401705741882
325.0 70.02344727516174
326.0 72.61906862258911
327.0 74.43997263908386
328.0 76.0997474193573
329.0 77.53167748451233
330.0 78.82406115531921
331.0 79.56565618515015
332.0 79.86606955528259
333.0 80.00892996788025
334.0 79.84461188316345
335.0 80.05291223526001
336.0 80.30197024345398
337.0 80.91170191764832
338.0 81.72982335090637
339.0 82.29671120643616
340.0 82.65246152877808
341.0 83.1203043460846
342.0 83.60986113548279
343.0 83.42862129211426
344.0 83.57033133506775
345.0 84.00219678878784
346.0 84.3361496925354
347.0 84.68455076217651
348.0 84.97342467308044
349.0 85.2016031742096
350.0 85.25315523147583
351.0 85.47487258911133
352.0 85.3266716003418
353.0 85.24070382118225
354.0 85.22114753723145
355.0 85.43108701705933
356.0 85.57327389717102
357.0 85.52812933921814
358.0 85.14962792396545
359.0 84.91719365119934
360.0 84.74862575531006
361.0 84.54510569572449
362.0 84.33273434638977
363.0 84.49785113334656
364.0 84.54939723014832
365.0 84.82919931411743
366.0 85.16746163368225
367.0 85.23385524749756
368.0 85.28952598571777
369.0 85.42863726615906
370.0 85.18728017807007
371.0 85.03271341323853
372.0 84.99869704246521
373.0 85.20995378494263
374.0 85.24383902549744
375.0 85.5606198310852
376.0 85.68800687789917
377.0 85.79996228218079
378.0 85.84259748458862
379.0 85.5705738067627
380.0 84.87547636032104
381.0 83.49774479866028
382.0 81.72906041145325
383.0 79.68751788139343
384.0 77.60968208312988
385.0 75.2459168434143
386.0 72.69713878631592
387.0 69.32896971702576
388.0 65.93859791755676
389.0 61.81268095970154
390.0 57.660675048828125
391.0 53.318947553634644
392.0 48.84328842163086
393.0 45.02148628234863
394.0 41.6712611913681
395.0 38.10110092163086
396.0 34.349143505096436
397.0 29.35754656791687
398.0 23.577888309955597
399.0 16.76771193742752
400.0 10.580170899629593
401.0 5.814200267195702
402.0 2.4791795760393143
403.0 0.8447350934147835
404.0 0.2726903185248375
405.0 0.11401576921343803
406.0 0.08011712925508618
407.0 0.012936926214024425
408.0 1.6113438708331707e-10
409.0 1.6113438708331707e-10
410.0 1.6113438708331707e-10
411.0 1.6113438708331707e-10
412.0 1.6113438708331707e-10
413.0 1.6113438708331707e-10
414.0 1.6113438708331707e-10
415.0 1.6113438708331707e-10
416.0 1.6113438708331707e-10
417.0 1.6113438708331707e-10
418.0 1.6113438708331707e-10
419.0 1.6113438708331707e-10
420.0 1.6113438708331707e-10
421.0 1.6113438708331707e-10
422.0 1.6113438708331707e-10
423.0 1.6113438708331707e-10
424.0 1.6113438708331707e-10
425.0 1.6113438708331707e-10
426.0 1.6113438708331707e-10
427.0 1.6113438708331707e-10
428.0 1.6113438708331707e-10
429.0 1.6113438708331707e-10
430.0 1.6113438708331707e-10
431.0 1.6113438708331707e-10
432.0 1.6113438708331707e-10
433.0 1.6113438708331707e-10
434.0 1.6113438708331707e-10
435.0 1.6113438708331707e-10
436.0 0.0003789936272369232
437.0 1.6113438708331707e-10
438.0 1.6113438708331707e-10
439.0 1.6113438708331707e-10
440.0 1.6113438708331707e-10
441.0 1.6113438708331707e-10
442.0 0.0005224178039497929
443.0 1.6113438708331707e-10
444.0 1.6113438708331707e-10
445.0 1.6113438708331707e-10
446.0 1.6113438708331707e-10
447.0 1.6113438708331707e-10
448.0 1.6113438708331707e-10
449.0 1.6113438708331707e-10
450.0 0.0004611788426700514
451.0 0.0007261520295287482
452.0 0.0009911249435390346
453.0 0.0006528195171995321
454.0 0.0003145143182337051
455.0 1.6113438708331707e-10
456.0 1.6113438708331707e-10
457.0 1.6113438708331707e-10
458.0 0.0008665662790008355
459.0 0.0004720196102425689
460.0 7.747319159534527e-05
461.0 1.6113438708331707e-10
462.0 1.6113438708331707e-10
463.0 1.6113438708331707e-10
464.0 1.6113438708331707e-10
465.0 1.6113438708331707e-10
466.0 1.6113438708331707e-10
467.0 0.00013712294730794383
468.0 0.000775898115534801
469.0 1.6113438708331707e-10
470.0 1.6113438708331707e-10
471.0 1.6113438708331707e-10
472.0 1.6113438708331707e-10
473.0 1.6113438708331707e-10
474.0 6.343663585539616e-05
475.0 1.6113438708331707e-10
476.0 1.6113438708331707e-10
477.0 1.6113438708331707e-10
478.0 1.6113438708331707e-10
479.0 1.6113438708331707e-10
480.0 1.6113438708331707e-10
481.0 1.6113438708331707e-10
482.0 0.00045707352001045365
483.0 6.995323360570183e-05
484.0 1.6113438708331707e-10
485.0 1.6113438708331707e-10
486.0 1.6113438708331707e-10
487.0 1.6113438708331707e-10
488.0 1.6113438708331707e-10
489.0 1.6113438708331707e-10
490.0 0.0002675094265214284
491.0 0.00013514551255866536
492.0 2.781416696961969e-06
493.0 1.6113438708331707e-10
494.0 1.6113438708331707e-10
495.0 1.6113438708331707e-10
496.0 2.5156953142868588e-05
497.0 1.6113438708331707e-10
498.0 1.6113438708331707e-10
499.0 1.6113438708331707e-10
500.0 1.6113438708331707e-10
501.0 1.6113438708331707e-10
502.0 0.0005934073669777717
503.0 0.00045564402171294205
504.0 0.0003178808583470527
505.0 0.0001048764715960715
506.0 1.6113438708331707e-10
507.0 1.6113438708331707e-10
508.0 5.440749646368204e-05
509.0 1.6113438708331707e-10
510.0 1.6113438708331707e-10
511.0 1.6113438708331707e-10
512.0 1.6113438708331707e-10
513.0 1.6113438708331707e-10
514.0 1.6113438708331707e-10
515.0 1.6868204966158373e-05
516.0 6.247403803172347e-05
517.0 1.6113438708331707e-10
518.0 1.6113438708331707e-10
519.0 1.6113438708331707e-10
520.0 1.6113438708331707e-10
521.0 1.6113438708331707e-10
522.0 1.6113438708331707e-10
523.0 1.6113438708331707e-10
524.0 1.6113438708331707e-10
525.0 1.6113438708331707e-10
526.0 1.6113438708331707e-10
527.0 1.6113438708331707e-10
528.0 1.6113438708331707e-10
529.0 1.6113438708331707e-10
530.0 1.6113438708331707e-10
531.0 1.6113438708331707e-10
532.0 1.6113438708331707e-10
533.0 1.6113438708331707e-10
534.0 0.00025431847916479455
535.0 8.410376608480874e-05
536.0 1.6113438708331707e-10
537.0 4.37459590330036e-05
538.0 0.00017360282527079107
539.0 0.00011915185496036429
540.0 6.470086759691185e-05
541.0 8.349245490535395e-05
542.0 0.00010228408200418926
543.0 1.6113438708331707e-10
544.0 1.6113438708331707e-10
545.0 1.6113438708331707e-10
546.0 0.00017395640270478907
547.0 1.6113438708331707e-10
548.0 1.6113438708331707e-10
549.0 1.6113438708331707e-10
550.0 1.6113438708331707e-10
551.0 1.6113438708331707e-10
552.0 1.6113438708331707e-10
553.0 1.6113438708331707e-10
554.0 1.6113438708331707e-10
555.0 1.6113438708331707e-10
556.0 8.424751740676584e-06
557.0 2.8276707553231972e-05
558.0 4.812858946934284e-05
559.0 0.00010062258297693916
560.0 0.00015311657080019359
561.0 6.308426350187801e-05
562.0 1.6113438708331707e-10
563.0 9.811453764996259e-05
564.0 0.0002231769258287386
565.0 0.0002490922497599968
566.0 0.0002750075054791523
567.0 0.00014863439901091624
568.0 2.2261181698013388e-05
569.0 0.00016381933392040082
570.0 0.00030537746624759166
571.0 0.0003564472990547074
572.0 0.00040751724554866087
573.0 0.000344446198141668
574.0 0.0002813751962094102
575.0 0.00014728805126651423
576.0 1.32009290609858e-05
577.0 0.00016354816807506722
578.0 0.00031389540708914865
579.0 0.0005381968549045268
580.0 0.0007624982117704349
581.0 0.0007480631666112458
582.0 0.0007336280759773217
583.0 0.000772318981034914
584.0 0.0008110097951430362
585.0 0.0007170815933932317
586.0 0.0006231535280676326
587.0 0.0006545642463606782
588.0 0.0006859749191789888
589.0 0.0007319772976188688
590.0 0.0007779796760587487
591.0 0.0008357336810149718
592.0 0.0008934875950217247
593.0 0.0008280378096969798
594.0 0.0007625880243722349
595.0 0.0009249429240298923
596.0 0.0010872978236875497
597.0 0.0013226907867647242
598.0 0.001558083386044018
599.0 0.0018367820302955806
600.0 0.002115480492648203
601.0 0.002250782199553214
602.0 0.0023860837245592847
603.0 0.002297699211339932
604.0 0.002209314698120579
605.0 0.0018442520740791224
606.0 0.0014791895409871358
607.0 0.0011861149687319994
608.0 0.0008930401236284524
609.0 0.0008186298146029003
610.0 0.0007442195510520833
611.0 0.0005432337729871506
612.0 0.0003422479949222179
613.0 0.0005361963303585071
614.0 0.0007301447567442665
615.0 0.0005316089300322346
616.0 0.00033307323974440806
617.0 0.00030110313673503697
618.0 0.0002691329882509308
619.0 0.0005375261480367044
620.0 0.0008059192623477429
621.0 0.0006330041287583299
622.0 0.0004600889496941818
623.0 0.0006155540631880285
624.0 0.0007710191312071402
625.0 0.0009392265383212361
626.0 0.0011074339454353321
627.0 0.0011825208275695331
628.0 0.0012576078916026745
629.0 0.0013840000065101776
630.0 0.0015103920304682106
631.0 0.001585393511049915
632.0 0.00166039517353056
633.0 0.0022164387701195665
634.0 0.0027724825486075133
635.0 0.002894450335588772
636.0 0.0030164181225700304
637.0 0.0027044694434152916
638.0 0.0023925205823616125
639.0 0.0020603154553100467
640.0 0.0017281101463595405
641.0 0.0016054227671702392
642.0 0.0014827356608293485
643.0 0.0008804123353911564
644.0 0.00027808905542769935
645.0 4.907235506834695e-05
646.0 1.6113438708331707e-10
647.0 8.983909651760769e-05
648.0 0.00035962257243227214
649.0 0.0003043681317649316
650.0 0.00024911369109759107
651.0 0.0005725433311454253
652.0 0.0008959732440416701
653.0 0.0010309669050911907
654.0 0.0011659605661407113
655.0 0.001583923221915029
656.0 0.0020018858776893467
657.0 0.002512228638806846
658.0 0.0030225713999243453
659.0 0.003256150012020953
660.0 0.0034897289879154414
661.0 0.003205850225640461
662.0 0.0029219710995675996
663.0 0.002406442399660591
664.0 0.0018909135178546421
665.0 0.001675735074968543
666.0 0.0014605566320824437
667.0 0.0012305860764172394
668.0 0.0010006158845499158
669.0 0.0008650063136883546
670.0 0.0007293966973520583
671.0 0.0005391884315031348
672.0 0.000348980279341049
673.0 0.00046815703171887435
674.0 0.0005873337613593321
675.0 0.0007490706593671348
676.0 0.0009108073754759971
677.0 0.0013444704563880805
678.0 0.0017781332644517533
679.0 0.002460568430251442
680.0 0.00314300341415219
681.0 0.004713706221082248
682.0 0.0062844090280123055
683.0 0.007954508328111842
684.0 0.00962460835580714
685.0 0.00993914800346829
686.0 0.010253689106320962
687.0 0.009055018017534167
688.0 0.00785634692874737
689.0 0.006569497054442763
690.0 0.005282647907733917
691.0 0.004601720138452947
692.0 0.003920792732969858
693.0 0.0032855969038791955
694.0 0.002650400892889593
695.0 0.001933083331095986
696.0 0.0012157658602518495
697.0 0.0011102718417532742
698.0 0.001004777914204169
699.0 0.0008512359272572212
700.0 0.000697693803886068
701.0 0.0007132794053177349
702.0 0.0007288650067494018
703.0 0.0007090414783306187
704.0 0.0006892179499118356
705.0 0.0007431141966662835
706.0 0.0007970104888954666
707.0 0.0008457421245111618
708.0 0.0008944739420257974
709.0 0.0008349317795364186
710.0 0.00077538970799651
711.0 0.0009044088983500842
712.0 0.0010334281796531286
713.0 0.0008380156032217201
714.0 0.0006426031177397817
715.0 0.000541652434549178
716.0 0.00044070179683330934
717.0 0.00046033583203097805
718.0 0.0004799696398549713
719.0 0.00048017982408055104
720.0 0.0004803898718819255
721.0 0.0003471312993497122
722.0 0.00021387284050433664
723.0 0.0002792938403217704
724.0 0.0003447150220381445
725.0 0.0003456711738181184
726.0 0.00034662741654756246
727.0 0.000315598958877672
728.0 0.00028457043299567886
729.0 0.00010111108394994517
730.0 1.6113438708331707e-10
731.0 0.00013713514590563136
732.0 0.0003566186478565214
733.0 0.00041189223338733427
734.0 0.00046716568249394186
735.0 0.0004932936462864745
736.0 0.0005194215646042721
737.0 0.0004356136287242407
738.0 0.0003518057155815768
739.0 0.0006286757979978574
740.0 0.0009055459486262407
741.0 0.0014999450286268257
742.0 0.0020943441995768808
743.0 0.002489042526576668
744.0 0.002883740671677515
745.0 0.0035531880712369457
746.0 0.004222635106998496
747.0 0.004172637272858992
748.0 0.004122639438719489
749.0 0.003999487671535462
750.0 0.0038763362681493163
751.0 0.003722152905538678
752.0 0.00356796954292804
753.0 0.003458444189163856
754.0 0.0033489188353996724
755.0 0.002947638859041035
756.0 0.002546358882682398
757.0 0.002191948988183867
758.0 0.0018375390936853364
759.0 0.001415015049133217
760.0 0.0009924910955305677
761.0 0.000993039157037856
762.0 0.0009935874004440848
763.0 0.0007012955393292941
764.0 0.0004090038601134438
765.0 0.0003185129116900498
766.0 0.00022802191779192071
767.0 0.0004503124273469439
768.0 0.0006726029823767021
769.0 0.0006635008503508288
770.0 0.0006543987183249556
771.0 0.0006455625225498807
772.0 0.0006367262813000707
773.0 0.0006688642770313891
774.0 0.0007010022272879723
775.0 0.0005877948296983959
776.0 0.0004745874321088195
777.0 0.0007423400802508695
778.0 0.0010100929102918599
779.0 0.0007818678568582982
780.0 0.0005536428034247365
781.0 0.0008493087989336345
782.0 0.0011449747944425326
783.0 0.0010596691936370917
784.0 0.0009743636837811209
785.0 0.0012251732186996378
786.0 0.0014759826626686845
787.0 0.001241301197296707
788.0 0.0010066196409752592
789.0 0.0008437655196757987
790.0 0.0006809113529016031
791.0 0.0006343871518765809
792.0 0.0005878631327504991
793.0 0.0007098722562659532
794.0 0.0008318813343066722
795.0 0.000698647409080877
796.0 0.0005654134383803466
797.0 0.00036662233924289467
798.0 0.00016783127421149402
799.0 0.00019578922092478024
800.0 0.00022374722448148532
801.0 0.0001820500983740203
802.0 0.00014035306321602548
803.0 3.294673263098957e-05
804.0 1.6113438708331707e-10
805.0 0.00012384863339320873
806.0 0.0003221568249500706
807.0 0.0004372174316813471
808.0 0.0005522779247257859
809.0 0.00037162249100219924
810.0 0.00019096703454124508
811.0 0.00021430485048767878
812.0 0.00023764264369674493
813.0 0.00013250285064714262
814.0 2.7363074650565977e-05
815.0 0.00024687694804015337
816.0 0.0004663907930080313
817.0 0.0004083874046045821
818.0 0.000350384061675868
819.0 0.0002705529368540738
820.0 0.00019072177792622824
821.0 0.00010569965525064617
822.0 2.0677477152730717e-05
823.0 2.6839302336156834e-05
824.0 3.300113746718125e-05
825.0 0.0001182688492917805
826.0 0.00020353652416815748
827.0 1.6113438708331707e-10
828.0 1.6113438708331707e-10
829.0 1.6113438708331707e-10
830.0 1.6113438708331707e-10
831.0 1.6113438708331707e-10
832.0 1.6113438708331707e-10
833.0 1.6113438708331707e-10
834.0 1.6113438708331707e-10
835.0 1.6113438708331707e-10
836.0 1.6113438708331707e-10
837.0 1.6113438708331707e-10
838.0 3.0751118629268603e-05
839.0 6.866580974929093e-05
840.0 0.00010658050086931325
841.0 1.056026519563602e-05
842.0 1.6113438708331707e-10
843.0 1.6113438708331707e-10
844.0 7.070411811582744e-05
845.0 5.073617899142846e-05
846.0 3.076820576097816e-05
847.0 9.565155778545886e-05
848.0 0.00016053496665335842
849.0 0.0001580246589583112
850.0 0.0001555142944198451
851.0 0.00018509235815145075
852.0 0.00021467037640832132
853.0 0.00035350656162336236
854.0 0.000492342815050506
855.0 0.00041418579712626524
856.0 0.00033602898383833235
857.0 0.000528635337104788
858.0 0.0007212416676338762
859.0 0.000688674390403321
860.0 0.0006561070222232956
861.0 0.000963423190114554
862.0 0.0012707394489552826
863.0 0.0014391680451808497
864.0 0.0016075970052042976
865.0 0.001465482000639895
866.0 0.0013233669960754924
867.0 0.0015924371837172657
868.0 0.0018615071894600987
869.0 0.001831225017667748
870.0 0.0018009428458753973
871.0 0.00188049361895537
872.0 0.0019600442101364024
873.0 0.00230798887059791
874.0 0.002655933531059418
875.0 0.0025937210011761636
