lsstCam/transmission_filter_detector/r11_s22/z_20/19700101T000000.ecsv
# %ECSV 1.0
# ---
# datatype:
# - {name: wavelength, unit: nm, datatype: float32}
# - {name: efficiency, unit: '%', datatype: float64}
# meta: !!omap
# - {MODE: DETECTOR}
# - {TYPE: transmission_filter_detector}
# - {CALIBDATE: '1970-01-01T00:00:00'}
# - {INSTRUME: LSSTCam}
# - {OBSTYPE: transmission_filter_detector}
# - {CALIBCLS: lsst.ip.isr.IntermediateFilterDetectorTransmissionCurve}
# - {SOURCE: Materion (DM-46256)}
# - {DETECTOR: 44}
# - {FILTER: z_20}
# - {CALIB_ID: 'calibDate=1970-01-01T00:00:00 filter=z_20 detector=44'}
# - {DATE: '2025-04-02T15:59:48.839301'}
# - {CALIB_CREATION_DATE: '2025-04-02'}
# - {CALIB_CREATION_TIME: '15:59:48'}
# - __serialized_columns__:
#     efficiency:
#       __class__: astropy.units.quantity.Quantity
#       unit: !astropy.units.Unit {unit: '%'}
#       value: !astropy.table.SerializedColumn {name: efficiency}
#     wavelength:
#       __class__: astropy.units.quantity.Quantity
#       unit: !astropy.units.Unit {unit: nm}
#       value: !astropy.table.SerializedColumn {name: wavelength}
# schema: astropy-2.0
wavelength efficiency
[from data line 598]
898.0 99.1680920124054
899.0 98.84536266326904
900.0 98.94983768463135
901.0 99.90670680999756
902.0 99.2696464061737
903.0 98.73295426368713
904.0 98.22032451629639
905.0 98.959881067276
906.0 98.13878536224365
907.0 98.87776374816895
908.0 98.4194278717041
909.0 98.5278308391571
910.0 98.37779402732849
911.0 97.04818725585938
912.0 96.17629647254944
913.0 95.03440260887146
914.0 93.22744607925415
915.0 90.68744778633118
916.0 88.66025805473328
917.0 87.39920258522034
918.0 83.74067544937134
919.0 82.68221616744995
920.0 79.82760071754456
921.0 76.25702023506165
922.0 71.72627449035645
923.0 66.53294563293457
924.0 61.053651571273804
925.0 55.857688188552856
926.0 49.60799217224121
927.0 42.572543025016785
928.0 36.87240481376648
929.0 30.710920691490173
930.0 24.99762624502182
931.0 19.818423688411713
932.0 14.198598265647888
933.0 9.633734822273254
934.0 6.328632682561874
935.0 3.9687782526016235
936.0 2.335411310195923
937.0 1.4081532135605812
938.0 0.7714619394391775
939.0 0.5947912577539682
940.0 0.4085852764546871
941.0 0.261269579641521
942.0 0.3199314698576927
943.0 0.17725668149068952
944.0 0.060969870537519455
945.0 0.14235173584893346
946.0 0.07589687593281269
947.0 0.056207081070169806
948.0 0.019540960784070194
949.0 1.5787064580954913e-10
950.0 0.12442624429240823
951.0 0.039770244620740414
952.0 0.03757374361157417
953.0 0.10819426970556378
954.0 1.5787064580954913e-10
955.0 0.03235305775888264
956.0 1.5787064580954913e-10
957.0 1.5787064580954913e-10
958.0 1.5787064580954913e-10
959.0 1.5787064580954913e-10
960.0 0.0457094021840021
961.0 0.05635504494421184
962.0 0.0248447380727157
963.0 0.06824457668699324
964.0 1.5787064580954913e-10
965.0 1.5787064580954913e-10
966.0 0.03232322633266449
967.0 0.023814785527065396
968.0 0.030080386204645038
969.0 0.012619303015526384
970.0 0.0216462547541596
971.0 0.04810826212633401
972.0 0.052674737526103854
973.0 0.02147399791283533
974.0 0.036647869274020195
975.0 0.0025783019736991264
976.0 0.00663677928969264
977.0 0.006592521822312847
978.0 0.006548265810124576
979.0 0.006341976404655725
980.0 0.006135685543995351
981.0 0.006013560050632805
982.0 0.00589143528486602
983.0 0.005779765706392936
984.0 0.0056680964917177334
985.0 0.005411223537521437
986.0 0.005154349855729379
987.0 0.005199987572268583
988.0 0.005245625652605668
989.0 0.005069881080999039
990.0 0.004894136873190291
991.0 0.0049742568080546334
992.0 0.005054376742918976
993.0 0.004999695738661103
994.0 0.004945014006807469
995.0 0.004880072083324194
996.0 0.0048151305236388
997.0 0.004710734356194735
998.0 0.004606338188750669
999.0 0.004552090831566602
1000.0 0.004497843474382535
1001.0 0.004630598778021522
1002.0 0.004763353717862628
1003.0 0.004676395838032477
1004.0 0.004589437958202325
1005.0 0.004467889084480703
1006.0 0.004346340574556962
1007.0 0.004382754195830785
1008.0 0.0044191681809024885
1009.0 0.00449871840828564
1010.0 0.004578268635668792
1011.0 0.00465063531009946
1012.0 0.004723002348328009
1013.0 0.0045727429096587
1014.0 0.0044224831071915105
1015.0 0.004592037294059992
1016.0 0.0047615911171305925
1017.0 0.005036871152697131
1018.0 0.00531215155206155
1019.0 0.0050753369578160346
1020.0 0.004838522363570519
1021.0 0.004848904063692316
1022.0 0.004859285400016233
1023.0 0.004755373083753511
1024.0 0.004651460403692909
1025.0 0.00487072356918361
1026.0 0.005089986734674312
1027.0 0.004958589852321893
1028.0 0.0048271933337673545
1029.0 0.0048704994696890935
1030.0 0.004913805969408713
1031.0 0.004993278707843274
1032.0 0.0050727514462778345
1033.0 0.005140989742358215
1034.0 0.005209228766034357
1035.0 0.005370675717131235
1036.0 0.005532122668228112
1037.0 0.005684796633431688
1038.0 0.005837470234837383
1039.0 0.005640918243443593
1040.0 0.005444365888251923
1041.0 0.005916719601373188
1042.0 0.006389073678292334
1043.0 0.00590469608141575
1044.0 0.0054203192121349275
1045.0 0.00607025867793709
1046.0 0.006720198143739253
1047.0 0.0064404288423247635
1048.0 0.006160658813314512
1049.0 0.006321513501461595
1050.0 0.00648236891720444
1051.0 0.006761501572327688
1052.0 0.00704063568264246
1053.0 0.007062950317049399
1054.0 0.007085264951456338
1055.0 0.007739267311990261
1056.0 0.008393269672524184
1057.0 0.00826131145004183
1058.0 0.008129353955155239
1059.0 0.008285041258204728
1060.0 0.008440725650871173
1061.0 0.008928684110287577
1062.0 0.009416642569703981
1063.0 0.009387396858073771
1064.0 0.00935815114644356
1065.0 0.009568797395331785
1066.0 0.009779446554603055
1067.0 0.009849647176451981
1068.0 0.00991984925349243
1069.0 0.010901771747739986
1070.0 0.011883694241987541
1071.0 0.011582089791772887
1072.0 0.011280485341558233
1073.0 0.011153078958159313
1074.0 0.01102567111956887
1075.0 0.011753677972592413
1076.0 0.012481687008403242
1077.0 0.012442813022062182
1078.0 0.012403939035721123
1079.0 0.013352854875847697
1080.0 0.014301770715974271
1081.0 0.014605910109821707
1082.0 0.014910050958860666
1083.0 0.014738703612238169
1084.0 0.014567354810424149
1085.0 0.015133015403989702
1086.0 0.015698675997555256
1087.0 0.015965958300512284
1088.0 0.016233243513852358
1089.0 0.017452187603339553
1090.0 0.018671131692826748
1091.0 0.018719864601735026
1092.0 0.018768593145068735
1093.0 0.018376608204562217
1094.0 0.017984621808864176
1095.0 0.019610446179285645
1096.0 0.021236270549707115
1097.0 0.02126454492099583
1098.0 0.021292817837093025
1099.0 0.02306281094206497
1100.0 0.024832799681462348
1101.0 0.02535031526349485
1102.0 0.02586782502476126
1103.0 0.026938397786580026
1104.0 0.028008967638015747
1105.0 0.02795438631437719
1106.0 0.027899802080355585
1107.0 0.028915368602611125
1108.0 0.029930935124866664
1109.0 0.031248346203938127
1110.0 0.03256575437262654
1111.0 0.03295943606644869
1112.0 0.03335312067065388
1113.0 0.03507214423734695
1114.0 0.03679117653518915
1115.0 0.03532179107423872
1116.0 0.033852417254820466
1117.0 0.034718847018666565
1118.0 0.03558527969289571
1119.0 0.03944825439248234
1120.0 0.04331122327130288
1121.0 0.04543893737718463
1122.0 0.047566654393449426
1123.0 0.04615604993887246
1124.0 0.04474544548429549
1125.0 0.04517274792306125
1126.0 0.04560005618259311
1127.0 0.05021793767809868
1128.0 0.05483581917360425
1129.0 0.05956343375146389
1130.0 0.06429104832932353
1131.0 0.06358220125548542
1132.0 0.06287334254011512
1133.0 0.0666587904561311
1134.0 0.07044423837214708
1135.0 0.0684884435031563
1136.0 0.06653265445493162
1137.0 0.07278161938302219
1138.0 0.07903060177341104
1139.0 0.08401694358326495
1140.0 0.08900325046852231
1141.0 0.0974547816440463
1142.0 0.10590630117803812
1143.0 0.12955854181200266
1144.0 0.15321075916290283
1145.0 0.30378056690096855
1146.0 0.454350421205163
1147.0 0.9691385552287102
1148.0 1.483926735818386
1149.0 1.6819929704070091
1150.0 1.8800605088472366
