lsstCam/transmission_filter_detector/r11_s22/z_20/19700101T000000.ecsv
# %ECSV 1.0
# ---
# datatype:
# - {name: wavelength, unit: nm, datatype: float32}
# - {name: efficiency, unit: '%', datatype: float64}
# meta: !!omap
# - {MODE: DETECTOR}
# - {TYPE: transmission_filter_detector}
# - {CALIBDATE: '1970-01-01T00:00:00'}
# - {INSTRUME: LSSTCam}
# - {OBSTYPE: transmission_filter_detector}
# - {CALIBCLS: lsst.ip.isr.IntermediateFilterDetectorTransmissionCurve}
# - {SOURCE: Materion (DM-46256)}
# - {DETECTOR: 44}
# - {FILTER: z_20}
# - {CALIB_ID: 'calibDate=1970-01-01T00:00:00 filter=z_20 detector=44'}
# - {DATE: '2025-04-02T15:59:48.839301'}
# - {CALIB_CREATION_DATE: '2025-04-02'}
# - {CALIB_CREATION_TIME: '15:59:48'}
# - __serialized_columns__:
#     efficiency:
#       __class__: astropy.units.quantity.Quantity
#       unit: !astropy.units.Unit {unit: '%'}
#       value: !astropy.table.SerializedColumn {name: efficiency}
#     wavelength:
#       __class__: astropy.units.quantity.Quantity
#       unit: !astropy.units.Unit {unit: nm}
#       value: !astropy.table.SerializedColumn {name: wavelength}
# schema: astropy-2.0
wavelength efficiency
300.0 0.8703329600393772
301.0 0.5876054055988789
302.0 0.30487796757370234
303.0 0.29623217415064573
304.0 0.28758638072758913
305.0 0.2428236184641719
306.0 0.19806083291769028
307.0 0.1835381262935698
308.0 0.1690154313109815
309.0 0.14683702029287815
310.0 0.12465862091630697
311.0 0.12640891363844275
312.0 0.12815921800211072
313.0 0.1141234184615314
314.0 0.10008764220401645
315.0 0.09740342502482235
316.0 0.09471920202486217
317.0 0.0798314402345568
318.0 0.06494369590654969
319.0 0.0651698384899646
320.0 0.06539598107337952
321.0 0.06435795221477747
322.0 0.06331992335617542
323.0 0.05577353877015412
324.0 0.04822715709451586
325.0 0.04430009284988046
326.0 0.04037302278447896
327.0 0.039850492612458766
328.0 0.03932795953005552
329.0 0.03460889565758407
330.0 0.029889834695495665
331.0 0.02754107117652893
332.0 0.025192307657562196
333.0 0.024260561622213572
334.0 0.023328809766098857
335.0 0.022194172197487205
336.0 0.021059536084067076
337.0 0.024993866099976003
338.0 0.028928194660693407
339.0 0.02488832105882466
340.0 0.020848451822530478
341.0 0.017675483832135797
342.0 0.014502517296932638
343.0 0.014295382425189018
344.0 0.014088249008636922
345.0 0.013094523455947638
346.0 0.012100797903258353
347.0 0.011535407975316048
348.0 0.010970020230161026
349.0 0.013611692702397704
350.0 0.016253365902230144
351.0 0.013581602252088487
352.0 0.010909835691563785
353.0 0.011422306124586612
354.0 0.0119347772852052
355.0 0.010253079381072894
356.0 0.00857138293213211
357.0 0.009515109559288248
358.0 0.01045883764163591
359.0 0.010199339885730296
360.0 0.00993984067463316
361.0 0.00905892375158146
362.0 0.008178009738912806
363.0 0.009372126805828884
364.0 0.010566243145149201
365.0 0.010232631757389754
366.0 0.009899022552417591
367.0 0.008607166091678664
368.0 0.0073153089033439755
369.0 0.007932319567771628
370.0 0.008549330959795043
371.0 0.00840088032418862
372.0 0.00825243114377372
373.0 0.0072740593168418854
374.0 0.006295688945101574
375.0 0.006547089287778363
376.0 0.006798490358050913
377.0 0.007191097392933443
378.0 0.007583702972624451
379.0 0.006357008533086628
380.0 0.005130313365953043
381.0 0.0033036871172953397
382.0 0.0014770609595871065
383.0 0.003639382339315489
384.0 0.0058017038099933416
385.0 0.005583206075243652
386.0 0.005364708340493962
387.0 0.005982043512631208
388.0 0.006599379412364215
389.0 0.005887287261430174
390.0 0.005175196201889776
391.0 0.004746411286760122
392.0 0.004317626735428348
393.0 0.0048099696869030595
394.0 0.0053023130021756515
395.0 0.004397323209559545
396.0 0.0034923334169434384
397.0 0.0037032212276244536
398.0 0.003914108674507588
399.0 0.004090587026439607
400.0 0.004267065014573745
401.0 0.004663570871343836
402.0 0.005060076728113927
403.0 0.005104454612592235
404.0 0.005148832860868424
405.0 0.004190485560684465
406.0 0.0032321382605005056
407.0 0.0017658412616583519
408.0 0.0002995447857756517
409.0 0.0019874261852237396
410.0 0.0036753077438334003
411.0 0.004240974158165045
412.0 0.004806640208698809
413.0 0.004661396815208718
414.0 0.0045161530579207465
415.0 0.003686841228045523
416.0 0.0028575301257660612
417.0 0.0038315727579174563
418.0 0.004805616117664613
419.0 0.004296899714972824
420.0 0.003788183312281035
421.0 0.003888185165124014
422.0 0.003988187381764874
423.0 0.0037874746340094134
424.0 0.003586762977647595
425.0 0.002506963392079342
426.0 0.0014271639884100296
427.0 0.0018410464690532535
428.0 0.002254929131595418
429.0 0.00153296841745032
430.0 0.0008110082490020432
431.0 0.0008429084118688479
432.0 0.0008748085747356527
433.0 0.000789786281529814
434.0 0.0007047639883239754
435.0 0.0012353973943390884
436.0 0.0017660308003542013
437.0 0.0019273684301879257
438.0 0.00208870606002165
439.0 0.002183206925110426
440.0 0.002277707972098142
441.0 0.0016787585991551168
442.0 0.0010798095900099725
443.0 0.0021769379600300454
444.0 0.0032740663300501183
445.0 0.003289705637143925
446.0 0.003305345308035612
447.0 0.0026194447855232283
448.0 0.0019335442630108446
449.0 0.0025714705770951696
450.0 0.003209397618775256
451.0 0.0025961879146052524
452.0 0.001982977664738428
453.0 0.0018145359717891552
454.0 0.0016460944607388228
455.0 0.002341726212762296
456.0 0.00303735814668471
457.0 0.0022712547433911823
458.0 0.0015051514310471248
459.0 0.0015917537893983535
460.0 0.0016783562386990525
461.0 0.0007866867235861719
462.0 1.5787064580954913e-10
463.0 0.0009101523573917802
464.0 0.0019252876882092096
465.0 0.002220514215878211
466.0 0.002515740561648272
467.0 0.002172763561247848
468.0 0.0018297858332516626
469.0 0.001672703365329653
470.0 0.0015156207155087031
471.0 0.0013866363588022068
472.0 0.001257652274944121
473.0 0.0012344604328973219
474.0 0.0012112685908505227
475.0 0.001002953194984002
476.0 0.0007946377991174813
477.0 0.0012658319974434562
478.0 0.0017370259229210205
479.0 0.002103420047205873
480.0 0.002469814171490725
481.0 0.001942515700648073
482.0 0.001415217138855951
483.0 0.000986997656582389
484.0 0.0005587781288340921
485.0 0.001376465934299631
486.0 0.002194153785239905
487.0 0.0015198191249510273
488.0 0.000845484191813739
489.0 0.0016978594430838712
490.0 0.002550234967202414
491.0 0.002385505649726838
492.0 0.0022207765141502023
493.0 0.0020146884708083235
494.0 0.0018086007912643254
495.0 0.0016288478946080431
496.0 0.0014490949979517609
497.0 0.0013155237866158132
498.0 0.0011819526662293356
499.0 0.0012547108781291172
500.0 0.0013274690900288988
501.0 0.0008869974408298731
502.0 0.0004465257006813772
503.0 0.0012236717338964809
504.0 0.002000817949010525
505.0 0.002220019268861506
506.0 0.0024392205887124874
507.0 0.0023093309209798463
508.0 0.0021794408894493245
509.0 0.0018837728930520825
510.0 0.0015881052604527213
511.0 0.0012249077371961903
512.0 0.0008617101229901891
513.0 0.0012298760339035653
514.0 0.001598042217665352
515.0 0.0012535289897641633
516.0 0.0009090162166103255
517.0 0.0008979884114523884
518.0 0.0008869606062944513
519.0 0.0011163981980644166
520.0 0.0013458354260365013
521.0 0.0016794103430584073
522.0 0.0020129849872319028
523.0 0.0013350871995498892
524.0 0.0006571892754436703
525.0 0.000735450339561794
526.0 0.000813711631053593
527.0 0.0011650511623884086
528.0 0.0015163909665716346
529.0 0.0012844401680922601
530.0 0.0010524888239160646
531.0 0.001117742885980988
532.0 0.001182996857096441
533.0 0.0008462494406558108
534.0 0.0005095019332657102
535.0 0.0010982447747664992
536.0 0.001686987525317818
537.0 0.001635387889109552
538.0 0.0015837882529012859
539.0 0.0011324554179736879
540.0 0.0006811224011471495
541.0 0.0007535395525337663
542.0 0.000825956703920383
543.0 0.0012278456779313274
544.0 0.0016297346519422717
545.0 0.0010684705557650886
546.0 0.0005072068233857863
547.0 0.0012078831787221134
548.0 0.0019085591702605598
549.0 0.001641155540710315
550.0 0.0013737518202106003
551.0 0.001511473146820208
552.0 0.0016491942005814053
553.0 0.0014271691725298297
554.0 0.0012051438716298435
555.0 0.001031314332067268
556.0 0.0008574847925046925
557.0 0.001297627022722736
558.0 0.001737768980092369
559.0 0.0017777234461391345
560.0 0.0018176773664890788
561.0 0.0016294257875415497
562.0 0.00144117402669508
563.0 0.0011991850442427676
564.0 0.000957195970840985
565.0 0.0016954474631347694
566.0 0.0024336992282769643
567.0 0.002815777770592831
568.0 0.0031978561310097575
569.0 0.002972842412418686
570.0 0.002747828693827614
571.0 0.00260052656813059
572.0 0.002453223896736745
573.0 0.0020243069229763933
574.0 0.001595390131114982
575.0 0.0019724211597349495
576.0 0.0023494520064559765
577.0 0.0019501077986205928
578.0 0.0015507639545830898
579.0 0.0016818623407743871
580.0 0.001812960545066744
581.0 0.00166672034538351
582.0 0.0015204797819023952
583.0 0.001992500983760692
584.0 0.002464522003720049
585.0 0.0026029127184301615
586.0 0.0027413036150392145
587.0 0.0021409568944363855
588.0 0.0015406099919346161
589.0 0.0019599088773247786
590.0 0.002379207762714941
591.0 0.0014949406249797903
592.0 0.0006106734417699045
593.0 0.0005666059678333113
594.0 0.000522538448421983
595.0 0.0010135078809980769
596.0 0.0015044774045236409
597.0 0.0014268532140704338
598.0 0.0013492290236172266
599.0 0.0009669316568761133
600.0 0.0005846345629834104
601.0 0.0005590738510363735
602.0 0.0005335130481398664
603.0 0.0009898948519548867
604.0 0.001446276201022556
605.0 0.000917753732210258
606.0 0.00038923094507481437
607.0 0.0008275726941064931
608.0 0.001265914488612907
609.0 0.0012206044630147517
610.0 0.0011752941645681858
611.0 0.0010308956916560419
612.0 0.0008864970368449576
613.0 0.0007895504495536443
614.0 0.0006926038167875959
615.0 0.001190213606605539
616.0 0.001687823714746628
617.0 0.0021599949832307175
618.0 0.002632166251714807
619.0 0.002170519837818574
620.0 0.001708873242023401
621.0 0.0014408195966097992
622.0 0.0011727656783477869
623.0 0.0015077269381436054
624.0 0.001842688288888894
625.0 0.0016784573745098896
626.0 0.0015142266420298256
627.0 0.0018908045603893697
628.0 0.002267382660647854
629.0 0.0020315315850893967
630.0 0.0017956805095309392
631.0 0.001570660424476955
632.0 0.0013456401575240307
633.0 0.0016891919585759751
634.0 0.00203274394152686
635.0 0.005022081677452661
636.0 0.0080114186857827
637.0 0.015313009498640895
638.0 0.022614603221882135
639.0 0.01979061053134501
640.0 0.016966616385616362
641.0 0.014776109310332686
642.0 0.012585603690240532
643.0 0.010094347089761868
644.0 0.007603091944474727
645.0 0.0068104178353678435
646.0 0.0060177444538567215
647.0 0.005543713996303268
648.0 0.005069683174951933
649.0 0.004116449781577103
650.0 0.003163216752000153
651.0 0.003610549174482003
652.0 0.004057881596963853
653.0 0.0032505475246580318
654.0 0.002443213452352211
655.0 0.00273881341854576
656.0 0.0030344139304361306
657.0 0.0029901617381256074
658.0 0.0029459093639161438
659.0 0.002783270610962063
660.0 0.002620632221805863
661.0 0.002773820233414881
662.0 0.002927007881226018
663.0 0.002031376243394334
664.0 0.0011357446055626497
665.0 0.001612342930457089
666.0 0.002088941437250469
667.0 0.002396477066213265
668.0 0.0027040126951760612
669.0 0.001961607085831929
670.0 0.0012192017493362073
671.0 0.0008987803994386923
672.0 0.0005783592314401176
673.0 0.001312951008003438
674.0 0.0020475430574151687
675.0 0.0021271191144478507
676.0 0.0022066949895815924
677.0 0.0019424245692789555
678.0 0.0016781536032794975
679.0 0.0014106907656241674
680.0 0.0011432278370193671
681.0 0.001233826969837537
682.0 0.0013244259207567666
683.0 0.0023888691430329345
684.0 0.0034533128200564533
685.0 0.00293052289634943
686.0 0.002407733518339228
687.0 0.0017842363376985304
688.0 0.001160738702310482
689.0 0.0014505620129057206
690.0 0.0017403850506525487
691.0 0.002037177728198003
692.0 0.002333970223844517
693.0 0.002706188570300583
694.0 0.003078407098655589
695.0 0.0032560641557211056
696.0 0.0034337208489887416
697.0 0.003598943294491619
698.0 0.003764165739994496
699.0 0.00561804736207705
700.0 0.007471928256563842
701.0 0.00716459981049411
702.0 0.006857272092020139
703.0 0.006323932757368311
704.0 0.005790593786514364
705.0 0.005256777512840927
706.0 0.004722963058156893
707.0 0.0044396605517249554
708.0 0.004156358045293018
709.0 0.004314901525503956
710.0 0.004473445369512774
711.0 0.004053307930007577
712.0 0.0036331712180981413
713.0 0.002561860492278356
714.0 0.0014905495845596306
715.0 0.002184793811466079
716.0 0.002879038038372528
717.0 0.002525074523873627
718.0 0.002171110827475786
719.0 0.0016827711078803986
720.0 0.0011944311154366005
721.0 0.0011476173312985338
722.0 0.0011008032743120566
723.0 0.0009774853424460161
724.0 0.0008541675015294459
725.0 0.0012562705705931876
726.0 0.0016583737306063995
727.0 0.0016848973245942034
728.0 0.0017114209185820073
729.0 0.001804152452677954
730.0 0.0018968839867739007
731.0 0.001425696063961368
732.0 0.0009545082320983056
733.0 0.0009928774488798808
734.0 0.001031246665661456
735.0 0.001106787021853961
736.0 0.001182326832349645
737.0 0.00133028597701923
738.0 0.0014782449397898745
739.0 0.0012007394616375677
740.0 0.0009232338015863206
741.0 0.0010529926839808468
742.0 0.0011827514754259028
743.0 0.0015910803995211609
744.0 0.0019994089598185383
745.0 0.0013390041203820147
746.0 0.000678599280945491
747.0 0.0011676956091832835
748.0 0.001656791937421076
749.0 0.0023720533135929145
750.0 0.0030873150535626337
751.0 0.0030256480386015028
752.0 0.0029639813874382526
753.0 0.0029610362616949715
754.0 0.0029580911359516904
755.0 0.001964150942512788
756.0 0.0009702104762254748
757.0 0.0018905047909356654
758.0 0.002810799196595326
759.0 0.002684491664695088
760.0 0.0025581839508959092
761.0 0.004321838423493318
762.0 0.006085493441787548
763.0 0.005659960152115673
764.0 0.005234426498645917
765.0 0.005327403050614521
766.0 0.005420379966381006
767.0 0.00460781084257178
768.0 0.003795240991166793
769.0 0.003445197580731474
770.0 0.0030951556254876778
771.0 0.0039046015444910154
772.0 0.004714048191090114
773.0 0.0039552258385811
774.0 0.0031964027584763244
775.0 1.5787064580954913e-10
776.0 1.5787064580954913e-10
777.0 1.5787064580954913e-10
778.0 0.08160459692589939
779.0 0.1241179765202105
780.0 0.10490211425349116
781.0 0.07893876172602177
782.0 0.05553687224164605
783.0 0.10218307143077254
784.0 0.03461962332949042
785.0 0.16346338670700788
786.0 0.04621879488695413
787.0 0.0808760873042047
788.0 0.00606177381996531
789.0 1.5787064580954913e-10
790.0 1.5787064580954913e-10
791.0 1.5787064580954913e-10
792.0 0.17194637330248952
793.0 0.06754162022843957
794.0 0.04791755636688322
795.0 0.002698243952181656
796.0 0.05253342678770423
797.0 0.17126339953392744
798.0 0.07712567457929254
799.0 0.11405299883335829
800.0 0.08685734355822206
801.0 0.19368641078472137
802.0 0.43488345108926296
803.0 0.6496973801404238
804.0 1.0386968962848186
805.0 1.728971116244793
806.0 2.8460416942834854
807.0 4.214587062597275
808.0 5.9093136340379715
809.0 8.145366609096527
810.0 10.787660628557205
811.0 13.805234432220459
812.0 16.94076657295227
813.0 20.073463022708893
814.0 22.69008159637451
815.0 25.953811407089233
816.0 30.04927635192871
817.0 34.95832085609436
818.0 40.55558443069458
819.0 45.66153585910797
820.0 52.695173025131226
821.0 60.35236120223999
822.0 66.93105101585388
823.0 73.55533838272095
824.0 79.47630882263184
825.0 84.73010659217834
826.0 88.96000981330872
827.0 92.80820488929749
828.0 96.12964391708374
829.0 98.26273918151855
830.0 98.23645949363708
831.0 99.01254177093506
832.0 98.90413284301758
833.0 99.80555772781372
834.0 99.06826615333557
835.0 99.7473955154419
836.0 99.44875836372375
837.0 99.44429993629456
838.0 98.74142408370972
839.0 98.49243760108948
840.0 99.04617667198181
841.0 100.02591609954834
842.0 99.92755055427551
843.0 100.07503032684326
844.0 98.52255582809448
845.0 98.82473349571228
846.0 98.8882064819336
847.0 99.36838150024414
848.0 100.22240877151489
849.0 99.05861616134644
850.0 98.36618900299072
851.0 99.30391907691956
852.0 99.75160360336304
853.0 98.96829724311829
854.0 99.98089671134949
855.0 98.40654134750366
856.0 99.05321002006531
857.0 98.1428861618042
858.0 98.86376857757568
859.0 99.70209002494812
860.0 98.62756729125977
861.0 99.05780553817749
862.0 99.1176426410675
863.0 98.86839985847473
864.0 99.65595602989197
865.0 100.04042387008667
866.0 99.0281879901886
867.0 99.620121717453
868.0 99.38962459564209
869.0 99.01936650276184
870.0 98.41565489768982
871.0 99.24560189247131
872.0 99.45774674415588
873.0 99.3053138256073
874.0 99.65168237686157
875.0 99.5959460735321
876.0 99.07390475273132
877.0 99.7194766998291
878.0 99.29829835891724
879.0 98.97848963737488
880.0 98.62805008888245
881.0 100.23268461227417
882.0 99.08668398857117
883.0 99.30528402328491
884.0 99.67522025108337
885.0 99.21497702598572
886.0 99.27952289581299
887.0 98.81085753440857
888.0 99.39509630203247
889.0 99.96712803840637
890.0 98.57509732246399
891.0 99.76722002029419
892.0 99.25327897071838
893.0 98.91512393951416
894.0 98.93190264701843
895.0 99.44879412651062
896.0 99.0831971168518
