lsstCam/transmission_filter_detector/r21_s12/z_20/19700101T000000.ecsv
# %ECSV 1.0
# ---
# datatype:
# - {name: wavelength, unit: nm, datatype: float32}
# - {name: efficiency, unit: '%', datatype: float64}
# meta: !!omap
# - {MODE: DETECTOR}
# - {TYPE: transmission_filter_detector}
# - {CALIBDATE: '1970-01-01T00:00:00'}
# - {INSTRUME: LSSTCam}
# - {OBSTYPE: transmission_filter_detector}
# - {CALIBCLS: lsst.ip.isr.IntermediateFilterDetectorTransmissionCurve}
# - {SOURCE: Materion (DM-46256)}
# - {DETECTOR: 86}
# - {FILTER: z_20}
# - {CALIB_ID: 'calibDate=1970-01-01T00:00:00 filter=z_20 detector=86'}
# - {DATE: '2025-04-02T15:59:49.037683'}
# - {CALIB_CREATION_DATE: '2025-04-02'}
# - {CALIB_CREATION_TIME: '15:59:49'}
# - __serialized_columns__:
#     efficiency:
#       __class__: astropy.units.quantity.Quantity
#       unit: !astropy.units.Unit {unit: '%'}
#       value: !astropy.table.SerializedColumn {name: efficiency}
#     wavelength:
#       __class__: astropy.units.quantity.Quantity
#       unit: !astropy.units.Unit {unit: nm}
#       value: !astropy.table.SerializedColumn {name: wavelength}
# schema: astropy-2.0
wavelength efficiency
300.0 0.6547350436449051
301.0 0.4724044818431139
302.0 0.2900739898905158
303.0 0.2735674846917391
304.0 0.25706097949296236
305.0 0.2219044603407383
306.0 0.18674792954698205
307.0 0.1675221836194396
308.0 0.1482964726164937
309.0 0.13816321734339
310.0 0.12802996207028627
311.0 0.12231993023306131
312.0 0.11660991003736854
313.0 0.11066650040447712
314.0 0.10472306748852134
315.0 0.09728891891427338
316.0 0.08985475287772715
317.0 0.07693821098655462
318.0 0.06402167491614819
319.0 0.06712143076583743
320.0 0.07022119243629277
321.0 0.06508288788609207
322.0 0.059944583335891366
323.0 0.056319840950891376
324.0 0.052695098565891385
325.0 0.047149378224276006
326.0 0.04160365788266063
327.0 0.040896309656091034
328.0 0.04018896433990449
329.0 0.03581470809876919
330.0 0.03144045767839998
331.0 0.029097814694978297
332.0 0.026755171711556613
333.0 0.026123138377442956
334.0 0.025491107953712344
335.0 0.024619587929919362
336.0 0.02374806790612638
337.0 0.024422412388958037
338.0 0.025096756871789694
339.0 0.02258898166473955
340.0 0.02008120936807245
341.0 0.018174400611314923
342.0 0.016267591854557395
343.0 0.01507787819718942
344.0 0.013888165995012969
345.0 0.013249619223643094
346.0 0.012611070997081697
347.0 0.012455740943551064
348.0 0.012300412345211953
349.0 0.013868372479919344
350.0 0.015436332614626735
351.0 0.013585896522272378
352.0 0.011735460429918021
353.0 0.012586453522089869
354.0 0.013437446614261717
355.0 0.011475366773083806
356.0 0.009513286204310134
357.0 0.010181400284636766
358.0 0.010849515092559159
359.0 0.010376289719715714
360.0 0.009903065074468032
361.0 0.009064826735993847
362.0 0.008226591307902709
363.0 0.008575776155339554
364.0 0.008924960275180638
365.0 0.009052915265783668
366.0 0.00918087171157822
367.0 0.008673241245560348
368.0 0.008165610779542476
369.0 0.008401540253544226
370.0 0.008637470455141738
371.0 0.00806431271485053
372.0 0.007491154974559322
373.0 0.006680872320430353
374.0 0.005870590030099265
375.0 0.006032904275343753
376.0 0.006195218156790361
377.0 0.006874743849039078
378.0 0.007554268813692033
379.0 0.006341029074974358
380.0 0.005127789336256683
381.0 0.003989794640801847
382.0 0.0028517997634480707
383.0 0.004127037391299382
384.0 0.005402275564847514
385.0 0.005223534390097484
386.0 0.005044793579145335
387.0 0.005463966226670891
388.0 0.005883139601792209
389.0 0.005255984433460981
390.0 0.004628830356523395
391.0 0.004456605893210508
392.0 0.004284381793695502
393.0 0.004801825707545504
394.0 0.005319270348991267
395.0 0.004556667408905923
396.0 0.0037940641050226986
397.0 0.003952310362365097
398.0 0.004110556255909614
399.0 0.004127341162529774
400.0 0.0041441264329478145
401.0 0.00468053731310647
402.0 0.0052169478294672444
403.0 0.005020756361773238
404.0 0.00482456453028135
405.0 0.004320090374676511
406.0 0.0038156162190716714
407.0 0.00279244122793898
408.0 0.0017692671463009901
409.0 0.0028100164854549803
410.0 0.003850766006507911
411.0 0.003983759233960882
412.0 0.004116752097615972
413.0 0.004305154652683996
414.0 0.0044935568439541385
415.0 0.0036390461900737137
416.0 0.0027845358999911696
417.0 0.003417652624193579
418.0 0.004050769712193869
419.0 0.003412942896829918
420.0 0.002775116081465967
421.0 0.0035030796425417066
422.0 0.004231043567415327
423.0 0.003852789450320415
424.0 0.003474536060821265
425.0 0.0026914533009403385
426.0 0.0019083709048572928
427.0 0.0023063008484314196
428.0 0.0027042309739044867
429.0 0.0022978580091148615
430.0 0.0018914855900220573
431.0 0.0014064058632357046
432.0 0.0009213262273988221
433.0 0.0012279992006369866
434.0 0.0015346719010267407
435.0 0.001684506241872441
436.0 0.001834340400819201
437.0 0.001906663783302065
438.0 0.0019789875295828097
439.0 0.0023098702513379976
440.0 0.0026407533368910663
441.0 0.002238287743239198
442.0 0.0018358225133852102
443.0 0.0025057652237592265
444.0 0.003175708116032183
445.0 0.0032760275644250214
446.0 0.0033763470128178596
447.0 0.0026447973141330294
448.0 0.0019132477973471396
449.0 0.0023968359528225847
450.0 0.00288042429019697
451.0 0.002458384733472485
452.0 0.0020363449948490597
453.0 0.0018112839825334959
454.0 0.0015862231521168724
455.0 0.0021850521079613827
456.0 0.0027838814276037738
457.0 0.00203271829377627
458.0 0.0012815554327971768
459.0 0.0015526757124462165
460.0 0.001823795901145786
461.0 0.0012623757356777787
462.0 0.000700955342836096
463.0 0.0013979071809444577
464.0 0.0020948591554770246
465.0 0.002041079096670728
466.0 0.0019872994016623124
467.0 0.001926214827108197
468.0 0.0018651297068572603
469.0 0.0016465181033709086
470.0 0.0014279064089350868
471.0 0.001388217515341239
472.0 0.0013485287126968615
473.0 0.0013280605344334617
474.0 0.001307592356170062
475.0 0.0013156304703443311
476.0 0.0013236687664175406
477.0 0.001467939728172496
478.0 0.001612210508028511
479.0 0.001902791700558737
480.0 0.002193372893088963
481.0 0.0017558033505338244
482.0 0.0013182337170292158
483.0 0.0010129336260433774
484.0 0.0007076333986333339
485.0 0.0011799309504567645
486.0 0.0016522282749065198
487.0 0.0014076763363846112
488.0 0.0011631244888121728
489.0 0.0016954363672994077
490.0 0.002227748518635053
491.0 0.0021261161236907355
492.0 0.0020244839106453583
493.0 0.0020748560928041115
494.0 0.002125228456861805
495.0 0.001754783806973137
496.0 0.0013843389751855284
497.0 0.0012762651749653742
498.0 0.0011681914656946901
499.0 0.0011508638635859825
500.0 0.0011335364433762152
501.0 0.0009913418580254074
502.0 0.0008491472726745997
503.0 0.0012037226952088531
504.0 0.0015582982086925767
505.0 0.001958260327228345
506.0 0.0023582224457641132
507.0 0.0020486109860939905
508.0 0.001738999162625987
509.0 0.001682398396951612
510.0 0.0016257978131761774
511.0 0.0013858636521035805
512.0 0.0011459295819804538
513.0 0.0013352439964364748
514.0 0.0015245587746903766
515.0 0.0012421593055478297
516.0 0.0009597602002031635
517.0 0.0011292504495941103
518.0 0.0012987407899345271
519.0 0.0012747993423545267
520.0 0.001250857712875586
521.0 0.001457595317333471
522.0 0.001664332921791356
523.0 0.0012955445527040865
524.0 0.000926756183616817
525.0 0.0008029768650885671
526.0 0.0006791976829845225
527.0 0.0010186602594330907
528.0 0.001358122881356394
529.0 0.001294292542297626
530.0 0.001230461748491507
531.0 0.0012695491022896022
532.0 0.0013086364560876973
533.0 0.0009152661732514389
534.0 0.0005218959813646507
535.0 0.000984991856967099
536.0 0.001448087550670607
537.0 0.001500853250036016
538.0 0.001553618858451955
539.0 0.0013087217666907236
540.0 0.0010638244020810816
541.0 0.0010414201824460179
542.0 0.0010190160537604243
543.0 0.001222984883497702
544.0 0.0014269537132349797
545.0 0.0010504035344638396
546.0 0.0006738533102179645
547.0 0.001313107532041613
548.0 0.0019523615264915861
549.0 0.0017595471945242025
550.0 0.0015667328625568189
551.0 0.0016447313100798056
552.0 0.0017227297576027922
553.0 0.0016959642380243167
554.0 0.0016691987184458412
555.0 0.0013706010577152483
556.0 0.001072003215085715
557.0 0.0013606388165499084
558.0 0.0016492744180141017
559.0 0.001549533953948412
560.0 0.001449793217034312
561.0 0.0014398924577108119
562.0 0.0014299916983873118
563.0 0.0012792488632840104
564.0 0.0011285060281807091
565.0 0.001702680492599029
566.0 0.0022768550479668193
567.0 0.0025107077817665413
568.0 0.0027445601517683826
569.0 0.002661506732692942
570.0 0.0025784533136175014
571.0 0.0024599479729658924
572.0 0.0023414422685164027
573.0 0.0019228331439080648
574.0 0.0015042239283502568
575.0 0.0018782213373924606
576.0 0.002252218655485194
577.0 0.001991315366467461
578.0 0.0017304124412476085
579.0 0.0018234164599562064
580.0 0.0019164201148669235
581.0 0.0018077817003359087
582.0 0.0016991431039059535
583.0 0.002142334960808512
584.0 0.0025855269996100105
585.0 0.0025465642465860583
586.0 0.0025076013116631657
587.0 0.0020248178770998493
588.0 0.0015420342606375925
589.0 0.0017422136806999333
590.0 0.0019423932826612145
591.0 0.001554542177473195
592.0 0.0011666911632346455
593.0 0.0009285488886234816
594.0 0.0006904067049617879
595.0 0.0010747181477199774
596.0 0.0014590294995286968
597.0 0.0013075024071440566
598.0 0.0011559753147594165
599.0 0.0010574662155704573
600.0 0.000958957116381498
601.0 0.0008041432010941207
602.0 0.0006493292403320083
603.0 0.0011107658792752773
604.0 0.0015722021998954006
605.0 0.0011908236047020182
606.0 0.0008094448276096955
607.0 0.0008981695827969816
608.0 0.000986894519883208
609.0 0.0010912103789451066
610.0 0.0011955261470575351
611.0 0.0009633707122702617
612.0 0.0007312153684324585
613.0 0.0007891448149166536
614.0 0.0008470742614008486
615.0 0.0011961992640863173
616.0 0.0015453244486707263
617.0 0.0019498096662573516
618.0 0.0023542952476418577
619.0 0.0019725386664504185
620.0 0.001590781903360039
621.0 0.00161390289576957
622.0 0.0016370235243812203
623.0 0.0016148058421094902
624.0 0.0015925883417367004
625.0 0.0015395664377138019
626.0 0.0014865449884382542
627.0 0.001738904757075943
628.0 0.001991265162359923
629.0 0.002038559250649996
630.0 0.0020858535208390094
631.0 0.0020804573068744503
632.0 0.0020750612748088315
633.0 0.002292451972607523
634.0 0.002509842670406215
635.0 0.005448773299576715
636.0 0.008387703564949334
637.0 0.015452328079845756
638.0 0.022516951139550656
639.0 0.02000388049054891
640.0 0.017490812751930207
641.0 0.01510271686129272
642.0 0.012714625336229801
643.0 0.009858032717602327
644.0 0.007001441554166377
645.0 0.006667494744760916
646.0 0.006333548662951216
647.0 0.005951663843006827
648.0 0.005569779023062438
649.0 0.004452111534192227
650.0 0.0033344447729177773
651.0 0.0035578701499616727
652.0 0.0037812962546013296
653.0 0.003120672408840619
654.0 0.002460048381180968
655.0 0.0025312516299891286
656.0 0.0026024552425951697
657.0 0.0027000931368093006
658.0 0.002797730849124491
659.0 0.0025280607587774284
660.0 0.0022583904865314253
661.0 0.0023838896595407277
662.0 0.00250938865065109
663.0 0.0019384589904802851
664.0 0.0013675294212589506
665.0 0.0016912807041080669
666.0 0.002015031896007713
667.0 0.002353891613893211
668.0 0.0026927511498797685
669.0 0.001991904355236329
670.0 0.00129105765154236
671.0 0.0010751041372714099
672.0 0.0008591506230004597
673.0 0.0013042206774116494
674.0 0.0017492908227723092
675.0 0.0018196795281255618
676.0 0.0018900678696809337
677.0 0.0017526001101941802
678.0 0.001615131986909546
679.0 0.0014184014617057983
680.0 0.0012216708455525804
681.0 0.001301175416301703
682.0 0.0013806799870508257
683.0 0.002254628998343833
684.0 0.0031285784643841907
685.0 0.002802886774588842
686.0 0.002477195448591374
687.0 0.0018809023458743468
688.0 0.0012846090612583794
689.0 0.0015908690329524688
690.0 0.001897128822747618
691.0 0.002088229484797921
692.0 0.0022793299649492837
693.0 0.0026205681933788583
694.0 0.002961806603707373
695.0 0.00308809794660192
696.0 0.0032143892894964665
697.0 0.0035460183426039293
698.0 0.003877647395711392
699.0 0.00540959408681374
700.0 0.006941540777916089
701.0 0.006998499156907201
702.0 0.0070554568083025515
703.0 0.006306135037448257
704.0 0.005556812175200321
705.0 0.00496142019983381
706.0 0.004366028588265181
707.0 0.004055781755596399
708.0 0.0037455345591297373
709.0 0.0040165057725971565
710.0 0.004287476622266695
711.0 0.003955273496103473
712.0 0.003623070733738132
713.0 0.0027379415769246407
714.0 0.0018528124201111495
715.0 0.002189892256865278
716.0 0.0025269720936194062
717.0 0.0021753050532424822
718.0 0.001823637830966618
719.0 0.001514202722319169
720.0 0.0012047674317727797
721.0 0.001081671052816091
722.0 0.0009585745829099324
723.0 0.0010646972441463731
724.0 0.0011708198144333437
725.0 0.0013236312042863574
726.0 0.0014764426850888412
727.0 0.0014594237654819153
728.0 0.001442404663976049
729.0 0.001624581273063086
730.0 0.0018067576093017124
731.0 0.0015096014067239594
732.0 0.0012124452041462064
733.0 0.0013728399608226027
734.0 0.001533234717498999
735.0 0.001486859855504008
736.0 0.0014404846297111362
737.0 0.0014562542673957068
738.0 0.001472023632231867
739.0 0.0014761869351787027
740.0 0.001480349965277128
741.0 0.001312431413680315
742.0 0.0011445129530329723
743.0 0.0016478890756843612
744.0 0.00215126528928522
745.0 0.001615492692508269
746.0 0.001079720095731318
747.0 0.001368384801025968
748.0 0.001657049506320618
749.0 0.0024401408154517412
750.0 0.0032232321245828643
751.0 0.003050521991099231
752.0 0.0028778118576155975
753.0 0.0029957609513076022
754.0 0.003113710044999607
755.0 0.0022183881810633466
756.0 0.001323066226177616
757.0 0.001997168692469131
758.0 0.002671271067811176
759.0 0.0026588435503072105
760.0 0.002646416032803245
761.0 0.0043551808630581945
762.0 0.006063945693313144
763.0 0.005867543222848326
764.0 0.005671140024787746
765.0 0.005437204163172282
766.0 0.005203268301556818
767.0 0.004683978113462217
768.0 0.004164687925367616
769.0 0.004158789306529798
770.0 0.0041528914152877405
771.0 0.0044711556256515905
772.0 0.004789420199813321
773.0 0.004181572876404971
774.0 0.00357372518919874
775.0 1.5750263506614237e-10
776.0 1.5750263506614237e-10
777.0 1.5750263506614237e-10
778.0 0.1042685704305768
779.0 0.0034426189813530073
780.0 0.015559059102088213
781.0 1.5750263506614237e-10
782.0 0.0861413893289864
783.0 0.05003880360163748
784.0 0.10661043925210834
785.0 0.035011794534511864
786.0 0.034745127777568996
787.0 1.5750263506614237e-10
788.0 1.5750263506614237e-10
789.0 1.5750263506614237e-10
790.0 0.0137070965138264
791.0 1.5750263506614237e-10
792.0 0.15905586769804358
793.0 0.11434161569923162
794.0 0.050415960140526295
795.0 0.013320212019607425
796.0 0.10988196590915322
797.0 0.03793156647589058
798.0 0.17937596421688795
799.0 0.14831750886514783
800.0 0.1453930977731943
801.0 0.23461200762540102
802.0 0.32388975378125906
803.0 0.5465698894113302
804.0 0.9800921194255352
805.0 1.5349249355494976
806.0 2.4147680029273033
807.0 3.802497684955597
808.0 5.3973231464624405
809.0 7.454776018857956
810.0 10.014905780553818
811.0 13.010108470916748
812.0 16.316966712474823
813.0 19.238652288913727
814.0 21.89134806394577
815.0 24.970462918281555
816.0 28.84233593940735
817.0 33.64975154399872
818.0 38.78006041049957
819.0 43.89491677284241
820.0 50.88489651679993
821.0 58.10386538505554
822.0 64.94747996330261
823.0 71.38123512268066
824.0 77.68784761428833
825.0 83.29147696495056
826.0 87.76635527610779
827.0 91.89844131469727
828.0 95.63520550727844
829.0 97.57625460624695
830.0 97.66451120376587
831.0 98.85031580924988
832.0 98.86688590049744
833.0 99.89535212516785
834.0 98.85041117668152
835.0 99.64444041252136
836.0 99.36330318450928
837.0 99.55804944038391
838.0 98.44018816947937
839.0 98.86508584022522
840.0 99.19343590736389
841.0 99.93298649787903
842.0 99.92904663085938
843.0 99.86165165901184
844.0 98.73985052108765
845.0 98.91435503959656
846.0 99.42607283592224
847.0 99.26154017448425
848.0 100.04825592041016
849.0 99.17444586753845
850.0 98.57606291770935
851.0 99.13597106933594
852.0 99.54900741577148
853.0 99.2716372013092
854.0 100.06945133209229
855.0 98.89891147613525
856.0 99.10932779312134
857.0 98.49738478660583
858.0 98.85537624359131
859.0 99.73560571670532
860.0 98.68784546852112
861.0 98.97662401199341
862.0 99.08990263938904
863.0 98.62363934516907
864.0 99.53969120979309
865.0 99.91667866706848
866.0 99.10355806350708
867.0 99.65211153030396
868.0 99.9613106250763
869.0 98.73301982879639
870.0 98.75300526618958
871.0 99.28804039955139
872.0 99.71195459365845
873.0 99.44511651992798
874.0 99.70731735229492
875.0 99.51946139335632
876.0 99.45060610771179
877.0 99.66605305671692
878.0 99.40446019172668
879.0 99.05053973197937
880.0 98.87307286262512
881.0 100.21370649337769
882.0 99.03979897499084
883.0 99.14243221282959
884.0 99.8619019985199
885.0 99.4044303894043
886.0 99.15309548377991
887.0 98.60007166862488
888.0 99.46064949035645
889.0 99.77200031280518
890.0 98.79107475280762
891.0 99.49926137924194
892.0 99.23888444900513
893.0 99.08156394958496
894.0 98.46070408821106
895.0 99.76913332939148
