lsstCam/transmission_filter_detector/r21_s12/z_20/19700101T000000.ecsv
# %ECSV 1.0
# ---
# datatype:
# - {name: wavelength, unit: nm, datatype: float32}
# - {name: efficiency, unit: '%', datatype: float64}
# meta: !!omap
# - {MODE: DETECTOR}
# - {TYPE: transmission_filter_detector}
# - {CALIBDATE: '1970-01-01T00:00:00'}
# - {INSTRUME: LSSTCam}
# - {OBSTYPE: transmission_filter_detector}
# - {CALIBCLS: lsst.ip.isr.IntermediateFilterDetectorTransmissionCurve}
# - {SOURCE: Materion (DM-46256)}
# - {DETECTOR: 86}
# - {FILTER: z_20}
# - {CALIB_ID: 'calibDate=1970-01-01T00:00:00 filter=z_20 detector=86'}
# - {DATE: '2025-04-02T15:59:49.037683'}
# - {CALIB_CREATION_DATE: '2025-04-02'}
# - {CALIB_CREATION_TIME: '15:59:49'}
# - __serialized_columns__:
#     efficiency:
#       __class__: astropy.units.quantity.Quantity
#       unit: !astropy.units.Unit {unit: '%'}
#       value: !astropy.table.SerializedColumn {name: efficiency}
#     wavelength:
#       __class__: astropy.units.quantity.Quantity
#       unit: !astropy.units.Unit {unit: nm}
#       value: !astropy.table.SerializedColumn {name: wavelength}
# schema: astropy-2.0
wavelength efficiency
[from data line 597]
897.0 99.55018162727356
898.0 99.11709427833557
899.0 98.75739216804504
900.0 99.03867840766907
901.0 99.62918758392334
902.0 99.44449067115784
903.0 99.23497438430786
904.0 98.03580045700073
905.0 98.82418513298035
906.0 98.27381372451782
907.0 99.24700856208801
908.0 98.61974716186523
909.0 98.49986433982849
910.0 98.2994019985199
911.0 97.458416223526
912.0 96.2308406829834
913.0 95.3428566455841
914.0 93.17912459373474
915.0 90.95538258552551
916.0 89.07610177993774
917.0 87.2060477733612
918.0 83.6233377456665
919.0 82.8809142112732
920.0 79.79339361190796
921.0 76.20596289634705
922.0 72.14152216911316
923.0 66.73880219459534
924.0 61.3151490688324
925.0 55.98158240318298
926.0 50.125569105148315
927.0 42.97154247760773
928.0 37.06662058830261
929.0 30.942371487617493
930.0 25.217822194099426
931.0 20.000793039798737
932.0 14.470428228378296
933.0 9.759855270385742
934.0 6.503763794898987
935.0 4.062313586473465
936.0 2.401275373995304
937.0 1.4966233633458614
938.0 0.8298915810883045
939.0 0.5086538847535849
940.0 0.2864795969799161
941.0 0.14739115722477436
942.0 0.1354315085336566
943.0 0.0886957161128521
944.0 0.11191052617505193
945.0 0.011458807421149686
946.0 0.009642317309044302
947.0 0.10448190150782466
948.0 0.07802789332345128
949.0 1.5750263506614237e-10
950.0 0.12687257258221507
951.0 1.5750263506614237e-10
952.0 1.5750263506614237e-10
953.0 0.01833229762269184
954.0 1.5750263506614237e-10
955.0 0.04736250848509371
956.0 0.07218510727398098
957.0 0.0758840935304761
958.0 1.5750263506614237e-10
959.0 0.02043435670202598
960.0 1.5750263506614237e-10
961.0 0.026662994059734046
962.0 0.03623203083407134
963.0 0.03361944400239736
964.0 0.006995027797529474
965.0 1.5750263506614237e-10
966.0 1.5750263506614237e-10
967.0 1.5750263506614237e-10
968.0 1.5750263506614237e-10
969.0 1.5750263506614237e-10
970.0 1.5750263506614237e-10
971.0 0.02657627919688821
972.0 0.033794387127272785
973.0 0.002821084672177676
974.0 0.04427063977345824
975.0 0.03866643237415701
976.0 0.0066487926233094186
977.0 0.006655932520516217
978.0 0.006663074600510299
979.0 0.006420074350899085
980.0 0.00617707337369211
981.0 0.006044903057045303
982.0 0.005912733104196377
983.0 0.005851570313097909
984.0 0.005790407885797322
985.0 0.0054978638218017295
986.0 0.0052053193940082565
987.0 0.0052608505939133465
988.0 0.005316382157616317
989.0 0.005174756006454118
990.0 0.005033130219089799
991.0 0.005064513243269175
992.0 0.005095896267448552
993.0 0.0050129721785197034
994.0 0.004930047725792974
995.0 0.004891318167210557
996.0 0.004852588608628139
997.0 0.004719155913335271
998.0 0.0045857232180424035
999.0 0.004521465962170623
1000.0 0.004457208706298843
1001.0 0.00455496265203692
1002.0 0.004652716233977117
1003.0 0.004602276021614671
1004.0 0.004551835445454344
1005.0 0.004558906948659569
1006.0 0.004565978088066913
1007.0 0.0045187374780653045
1008.0 0.0044714972318615764
1009.0 0.00449540420959238
1010.0 0.004519311187323183
1011.0 0.004607238952303305
1012.0 0.004695166717283428
1013.0 0.004566782445181161
1014.0 0.004438398536876775
1015.0 0.004606825314112939
1016.0 0.004775251727551222
1017.0 0.004854805956711061
1018.0 0.004934360185870901
1019.0 0.004800784881808795
1020.0 0.004667209577746689
1021.0 0.00473284708277788
1022.0 0.004798484951606952
1023.0 0.00475097622256726
1024.0 0.004703467493527569
1025.0 0.004849614560953341
1026.0 0.004995761628379114
1027.0 0.00498246809002012
1028.0 0.004969174187863246
1029.0 0.004958738281857222
1030.0 0.004948302012053318
1031.0 0.005007010986446403
1032.0 0.005065719233243726
1033.0 0.0051754541345871985
1034.0 0.005285189035930671
1035.0 0.005365825927583501
1036.0 0.00544646245543845
1037.0 0.005627142309094779
1038.0 0.005807822162751108
1039.0 0.005711472476832569
1040.0 0.005615122427116148
1041.0 0.005811025039292872
1042.0 0.0060069280152674764
1043.0 0.005823338506161235
1044.0 0.005639748997054994
1045.0 0.006129261601017788
1046.0 0.006618773477384821
1047.0 0.006478197610704228
1048.0 0.006337621744023636
1049.0 0.006400013080565259
1050.0 0.00646240368951112
1051.0 0.006739083619322628
1052.0 0.007015763549134135
1053.0 0.0071945833042263985
1054.0 0.007373403059318662
1055.0 0.007697333785472438
1056.0 0.008021265239221975
1057.0 0.008055345097091049
1058.0 0.008089425682555884
1059.0 0.008186152263078839
1060.0 0.00828287738841027
1061.0 0.008964633889263496
1062.0 0.009646390390116721
1063.0 0.009696069173514843
1064.0 0.009745747229317203
1065.0 0.009792349737836048
1066.0 0.009838952973950654
1067.0 0.009917753050103784
1068.0 0.009996553126256913
1069.0 0.01074058236554265
1070.0 0.011484610149636865
1071.0 0.011313188588246703
1072.0 0.011141767026856542
1073.0 0.011312281276332214
1074.0 0.011482795525807887
1075.0 0.011861974053317681
1076.0 0.01224115549121052
1077.0 0.012740395322907716
1078.0 0.013239635154604912
1079.0 0.01382575137540698
1080.0 0.01441186759620905
1081.0 0.014880906383041292
1082.0 0.015349946625065058
1083.0 0.015374146460089833
1084.0 0.01539834775030613
1085.0 0.015463223098777235
1086.0 0.01552809844724834
1087.0 0.0159895236720331
1088.0 0.016450948896817863
1089.0 0.017218435823451728
1090.0 0.017985925660468638
1091.0 0.017826902330853045
1092.0 0.017667879001237452
1093.0 0.018040664144791663
1094.0 0.01841344783315435
1095.0 0.020032748579978943
1096.0 0.021652050781995058
1097.0 0.021707786072511226
1098.0 0.02176351990783587
1099.0 0.022945032105781138
1100.0 0.02412654139334336
1101.0 0.024787153233774006
1102.0 0.025447766529396176
1103.0 0.026078015798702836
1104.0 0.026708265068009496
1105.0 0.026976846856996417
1106.0 0.02724542864598334
1107.0 0.028694115462712944
1108.0 0.03014280227944255
1109.0 0.03080069727730006
1110.0 0.03145859227515757
1111.0 0.03187898837495595
1112.0 0.032299390295520425
1113.0 0.03360168484505266
1114.0 0.03490398230496794
1115.0 0.03489952068775892
1116.0 0.03489506198093295
1117.0 0.035721834865398705
1118.0 0.03654860774986446
1119.0 0.0393905327655375
1120.0 0.042232454870827496
1121.0 0.043858145363628864
1122.0 0.04548383876681328
1123.0 0.04557344946078956
1124.0 0.045663060154765844
1125.0 0.04663608560804278
1126.0 0.0476091168820858
1127.0 0.05149429780431092
1128.0 0.055379478726536036
1129.0 0.05818985518999398
1130.0 0.06100023165345192
1131.0 0.06228339043445885
1132.0 0.06356654339469969
1133.0 0.06516868597827852
1134.0 0.06677082274109125
1135.0 0.0687570427544415
1136.0 0.07074325694702566
1137.0 0.07643253775313497
1138.0 0.08212183020077646
1139.0 0.08585356408730149
1140.0 0.08958529215306044
1141.0 0.10066989343613386
1142.0 0.1117544830776751
1143.0 0.13524156529456377
1144.0 0.15872862422838807
1145.0 0.3116239095106721
1146.0 0.4645192064344883
1147.0 0.9834952652454376
1148.0 1.5024712309241295
1149.0 1.6750562936067581
1150.0 1.8476422876119614
