lsstCam/transmission_filter_detector/r01_s20/r_57/19700101T000000.ecsv
# %ECSV 1.0
# ---
# datatype:
# - {name: wavelength, unit: nm, datatype: float32}
# - {name: efficiency, unit: '%', datatype: float64}
# meta: !!omap
# - {MODE: DETECTOR}
# - {TYPE: transmission_filter_detector}
# - {CALIBDATE: '1970-01-01T00:00:00'}
# - {INSTRUME: LSSTCam}
# - {OBSTYPE: transmission_filter_detector}
# - {CALIBCLS: lsst.ip.isr.IntermediateFilterDetectorTransmissionCurve}
# - {SOURCE: Materion (DM-46256)}
# - {DETECTOR: 6}
# - {FILTER: r_57}
# - {CALIB_ID: 'calibDate=1970-01-01T00:00:00 filter=r_57 detector=6'}
# - {DATE: '2025-04-02T15:59:44.213109'}
# - {CALIB_CREATION_DATE: '2025-04-02'}
# - {CALIB_CREATION_TIME: '15:59:44'}
# - __serialized_columns__:
#     efficiency:
#       __class__: astropy.units.quantity.Quantity
#       unit: !astropy.units.Unit {unit: '%'}
#       value: !astropy.table.SerializedColumn {name: efficiency}
#     wavelength:
#       __class__: astropy.units.quantity.Quantity
#       unit: !astropy.units.Unit {unit: nm}
#       value: !astropy.table.SerializedColumn {name: wavelength}
# schema: astropy-2.0
wavelength efficiency
300.0 0.003027618004125543
301.0 0.007194117642939091
302.0 0.011360616917954758
303.0 0.01382275513606146
304.0 0.0162848926265724
305.0 0.01475218014093116
306.0 0.013219467655289918
307.0 0.01167880036518909
308.0 0.010138133075088263
309.0 0.009410010534338653
310.0 0.00868188581080176
311.0 0.008079267718130723
312.0 0.0074766488978639245
313.0 0.0066039254306815565
314.0 0.005731201235903427
315.0 0.005489657996804453
316.0 0.0052481140301097184
317.0 0.004945535692968406
318.0 0.004642956264433451
319.0 0.00431546286563389
320.0 0.003987968375440687
321.0 0.0037564186641247943
322.0 0.0035248693166067824
323.0 0.0033732198062352836
324.0 0.003221569932065904
325.0 0.0031068204407347366
326.0 0.0029920705856056884
327.0 0.0030599545425502583
328.0 0.0031278381356969476
329.0 0.0031537943868897855
330.0 0.0031797502742847428
331.0 0.0029696569981751963
332.0 0.0027595639039645903
333.0 0.002398683318460826
334.0 0.002037803096754942
335.0 0.0018080316294799559
336.0 0.0015782601622049697
337.0 0.0014881898096064106
338.0 0.0013981195479573216
339.0 0.0013002708328713197
340.0 0.0012024220268358476
341.0 0.0011778757652791683
342.0 0.0011533295037224889
343.0 0.0011140990864078049
344.0 0.0010748685781436507
345.0 0.0010632680641720071
346.0 0.0010516675502003636
347.0 0.001010440246318467
348.0 0.0009692128514871001
349.0 0.0010130779628525488
350.0 0.00585471534577664
351.0 0.0061389793700072914
352.0 0.006423243030440062
353.0 0.006137887976365164
354.0 0.005852534013683908
355.0 0.005297276948112994
356.0 0.004742020610137843
357.0 0.006859782297397032
358.0 0.008977544348454103
359.0 0.006645916437264532
360.0 0.004314287434681319
361.0 0.0029472050300682895
362.0 0.00158012244355632
363.0 0.002857325307559222
364.0 0.004134527989663184
365.0 0.004404676292324439
366.0 0.004674824958783574
367.0 0.003819902485702187
368.0 0.0029649800126207992
369.0 0.002145630423910916
370.0 0.0013262811989989132
371.0 0.0018585235011414625
372.0 0.0023907661670818925
373.0 0.0029140664992155507
374.0 0.003437366831349209
375.0 0.0033626412914600223
376.0 0.0032879157515708357
377.0 0.0017990289052249864
378.0 0.00031014217256597476
379.0 0.0010397963706054725
380.0 0.001769450682331808
381.0 0.0026313256967114285
382.0 0.0034932010748889297
383.0 0.0035933946492150426
384.0 0.003693588587339036
385.0 0.004592669574776664
386.0 0.005491750198416412
387.0 0.0048130943469004706
388.0 0.00413443885918241
389.0 0.003569411637727171
390.0 0.0030043840524740517
391.0 0.0020932966435793787
392.0 0.001182209416583646
393.0 0.0013679195944860112
394.0 0.0015536294085904956
395.0 0.0011549036571523175
396.0 0.0007561777692899341
397.0 0.000717890225132578
398.0 0.0006796029083488975
399.0 0.0006323295110632898
400.0 0.0005850556590303313
401.0 0.0003447098151809769
402.0 0.00010436335742269875
403.0 0.00018457476471667178
404.0 0.0002647864903337904
405.0 0.0008397608326049522
406.0 0.0014147348338156007
407.0 0.0018754892153083347
408.0 0.0023362434149021283
409.0 0.0018993714547832496
410.0 0.0014624994037149008
411.0 0.001080974379874533
412.0 0.0006994494469836354
413.0 0.0006638494596700184
414.0 0.0006282494268816663
415.0 0.0007462740541086532
416.0 0.0008642989996587858
417.0 0.0013624358871311415
418.0 0.001860573138401378
419.0 0.0023210011931951158
420.0 0.0027814292479888536
421.0 0.004344540138845332
422.0 0.005907650484004989
423.0 0.009102567128138617
424.0 0.01229748158948496
425.0 0.016558394418098032
426.0 0.020819302881136537
427.0 0.02130915381712839
428.0 0.021799004753120244
429.0 0.01656915555940941
430.0 0.011339307093294337
431.0 0.008143946615746245
432.0 0.004948585410602391
433.0 0.004029263800475746
434.0 0.0031099418265512213
435.0 0.0023966753360582516
436.0 0.001683408481767401
437.0 0.0014971677956054918
438.0 0.0013109274732414633
439.0 0.0010490009117347654
440.0 0.0007870745321270078
441.0 0.0010433871466375422
442.0 0.0012996996701986063
443.0 0.0016282641809084453
444.0 0.001956828600668814
445.0 0.0018765917047858238
446.0 0.0017963548089028336
447.0 0.0016565398254897445
448.0 0.0015167252058745362
449.0 0.0015157545931288041
450.0 0.0015147836165851913
451.0 0.00166608933795942
452.0 0.0018173952412325889
453.0 0.001735302976157982
454.0 0.0016532108929823153
455.0 0.0014196611118677538
456.0 0.001186111694551073
457.0 0.000883369557413971
458.0 0.0005806275112263393
459.0 0.0008017776053748094
460.0 0.0010229276085738093
461.0 0.001681987487245351
462.0 0.002341046820220072
463.0 0.003084073614445515
464.0 0.0038271002267720178
465.0 0.004914424425805919
466.0 0.006001749352435581
467.0 0.0066250431700609624
468.0 0.007248338079079986
469.0 0.0061898659623693675
470.0 0.005131395300850272
471.0 0.0038969570596236736
472.0 0.002662518818397075
473.0 0.0022157248167786747
474.0 0.0017689308151602745
475.0 0.0014661280147265643
476.0 0.0011633253961917944
477.0 0.0009236870937456843
478.0 0.0006840487003501039
479.0 0.0009101900104724336
480.0 0.0011363312296452932
481.0 0.0008487064405926503
482.0 0.0005610818334389478
483.0 0.0006334426416287897
484.0 0.0007058033588691615
485.0 0.0006448354270105483
486.0 0.0005838674496772001
487.0 0.0006127947926870547
488.0 0.0006417220902221743
489.0 0.0005962997875030851
490.0 0.0005508774393092608
491.0 0.0007313163678190904
492.0 0.0009117552508541849
493.0 0.0010111475603480358
494.0 0.0011105398698418867
495.0 0.000989310683507938
496.0 0.0008680814971739892
497.0 0.001131458793679485
498.0 0.0013948359082860406
499.0 0.0014434538570640143
500.0 0.001492071805841988
501.0 0.0015792425983818248
502.0 0.0016664134818711318
503.0 0.002027102527790703
504.0 0.002387791573710274
505.0 0.0030289013011497445
506.0 0.0036700112104881555
507.0 0.004328316208557226
508.0 0.004986620479030535
509.0 0.00544742688362021
510.0 0.0059082318330183625
511.0 0.005240795508143492
512.0 0.004573358819470741
513.0 0.0038895490433787927
514.0 0.003205738903488964
515.0 0.0030467112082988024
516.0 0.0028876838769065216
517.0 0.0026787407477968372
518.0 0.002469797618687153
519.0 0.06910754600539804
520.0 0.04935764009132981
521.0 1.653876688378908e-10
522.0 0.12177906464785337
523.0 0.04436583549249917
524.0 0.138684525154531
525.0 0.09000804857350886
526.0 0.12520120944827795
527.0 0.1335178967565298
528.0 0.13121144147589803
529.0 0.18278403440490365
530.0 0.14733823481947184
531.0 0.20966040901839733
532.0 0.2562550827860832
533.0 0.38099735975265503
534.0 0.4917462822049856
535.0 0.618448993191123
536.0 0.9123366326093674
537.0 1.4583509415388107
538.0 2.2155851125717163
539.0 3.4422367811203003
540.0 5.358469113707542
541.0 7.51618891954422
542.0 10.512807220220566
543.0 14.06141072511673
544.0 18.297459185123444
545.0 23.365996778011322
546.0 29.187646508216858
547.0 36.042046546936035
548.0 44.29704546928406
549.0 52.17326879501343
550.0 58.47855806350708
551.0 65.42461514472961
552.0 70.1768696308136
553.0 74.56477284431458
554.0 78.33634614944458
555.0 82.09676146507263
556.0 85.51059365272522
557.0 88.29957246780396
558.0 90.96905589103699
559.0 93.50364208221436
560.0 93.75870823860168
561.0 95.41767835617065
562.0 95.68711519241333
563.0 95.44908404350281
564.0 95.65140008926392
565.0 95.35103440284729
566.0 95.91156840324402
567.0 95.30372619628906
568.0 95.76042294502258
569.0 96.7356026172638
570.0 96.402508020401
571.0 97.00775146484375
572.0 97.41840958595276
573.0 96.96266651153564
574.0 97.61891961097717
575.0 96.9881534576416
576.0 97.2898006439209
577.0 96.87585830688477
578.0 97.0337450504303
579.0 97.26428985595703
580.0 96.53883576393127
581.0 96.6610848903656
582.0 96.63795828819275
583.0 97.05051183700562
584.0 96.42687439918518
585.0 96.52969241142273
586.0 96.51959538459778
587.0 96.07240557670593
588.0 96.72363996505737
589.0 97.52746820449829
590.0 96.6684639453888
591.0 95.990651845932
592.0 95.9883451461792
593.0 95.70154547691345
594.0 95.8936333656311
595.0 96.12531661987305
596.0 97.20121622085571
597.0 97.0826268196106
598.0 96.85589075088501
599.0 97.0022201538086
600.0 97.01053500175476
601.0 95.86718082427979
602.0 96.84871435165405
603.0 96.15808129310608
604.0 96.17276787757874
605.0 96.83731198310852
606.0 95.86187601089478
607.0 96.09330296516418
608.0 96.4389979839325
609.0 95.72000503540039
610.0 95.9145188331604
611.0 95.71107625961304
612.0 95.88114619255066
613.0 96.64803743362427
614.0 96.78442478179932
615.0 96.1757481098175
616.0 96.37413024902344
617.0 96.6173768043518
618.0 96.17250561714172
619.0 96.97736501693726
620.0 96.13159894943237
621.0 95.53534388542175
622.0 96.57018780708313
623.0 96.8488097190857
624.0 96.40252590179443
625.0 96.82705402374268
626.0 96.19858264923096
627.0 95.1751172542572
628.0 96.99342846870422
629.0 95.56066393852234
630.0 96.51736617088318
631.0 96.0622787475586
632.0 96.95425629615784
633.0 96.76483869552612
634.0 95.8544671535492
635.0 96.07537984848022
636.0 96.15842700004578
637.0 95.85658311843872
638.0 95.69646120071411
639.0 95.62206268310547
640.0 95.5815315246582
641.0 95.64375877380371
642.0 96.1403489112854
643.0 96.18509411811829
644.0 96.08502388000488
645.0 96.25611901283264
646.0 96.24946117401123
647.0 97.07629680633545
648.0 96.5810477733612
649.0 95.72517275810242
650.0 96.26235961914062
651.0 97.00181484222412
652.0 96.69569730758667
653.0 96.0756003856659
654.0 96.85561656951904
655.0 96.8440592288971
656.0 95.93868851661682
657.0 95.79914808273315
658.0 96.53739929199219
659.0 96.45689725875854
660.0 95.54443955421448
661.0 95.81333994865417
662.0 95.9266185760498
663.0 95.65290212631226
664.0 95.65001130104065
665.0 95.39240002632141
666.0 95.40095329284668
667.0 95.98492383956909
668.0 95.31097412109375
669.0 95.71788907051086
670.0 95.08218169212341
671.0 95.6384003162384
672.0 95.30709981918335
673.0 95.66153883934021
674.0 94.84613537788391
675.0 95.74497938156128
676.0 94.93602514266968
677.0 94.04113292694092
678.0 93.26793551445007
679.0 92.30049848556519
680.0 91.43028855323792
681.0 89.96220827102661
682.0 87.6116931438446
683.0 84.85811352729797
684.0 81.31417036056519
685.0 78.12873721122742
686.0 74.2638647556305
687.0 69.35691237449646
688.0 65.42348265647888
689.0 60.921454429626465
690.0 55.800819396972656
691.0 51.75192356109619
692.0 47.05835282802582
693.0 42.5896942615509
694.0 37.49944567680359
695.0 32.261231541633606
696.0 26.864713430404663
697.0 21.682699024677277
698.0 16.08603596687317
699.0 11.623194068670273
700.0 8.089933544397354
701.0 5.046439543366432
702.0 3.085416927933693
703.0 1.8262527883052826
704.0 1.0428937152028084
705.0 0.623204605653882
706.0 0.3902489086613059
707.0 0.2883791923522949
708.0 0.1692859223112464
709.0 0.12403305154293776
710.0 0.11923908023163676
711.0 0.07444850634783506
712.0 0.0755125074647367
713.0 0.046987266978248954
714.0 0.05121776484884322
715.0 0.08388799033127725
716.0 0.08530701161362231
717.0 0.03432634111959487
718.0 0.03509106463752687
719.0 0.015975802671164274
720.0 1.653876688378908e-10
721.0 0.004386824366520159
722.0 0.004134742630412802
723.0 0.003882661258103326
724.0 0.0035735964047489688
725.0 0.0032645315513946116
726.0 0.003053653927054256
727.0 0.002842776302713901
728.0 0.002669343120942358
729.0 0.0024959095753729343
730.0 0.0023548169338027947
731.0 0.0022137246560305357
732.0 0.0022056972738937475
733.0 0.0021976698917569593
734.0 0.0020963774659321643
735.0 0.0019950844944105484
736.0 0.00180220104084583
737.0 0.0016093174053821713
738.0 0.0016017043890315108
739.0 0.0015940915545797907
740.0 0.0015739853552076966
741.0 0.0015538793377345428
742.0 0.001433646866644267
743.0 0.0013134144865034614
744.0 0.0013809113625029568
745.0 0.0014484080566035118
746.0 0.0013336063602764625
747.0 0.0012188049367978238
748.0 0.0011211247510800604
749.0 0.0010234447472612374
750.0 0.0010107697562489193
751.0 0.000998095129034482
752.0 0.0010389282579126302
753.0 0.0010797614777402487
754.0 0.001121169225370977
755.0 0.0011625773367995862
756.0 0.00112854240796878
757.0 0.0010945072062895633
758.0 0.001079919093172066
759.0 0.0010653309800545685
760.0 0.001067295488610398
761.0 0.001069260179065168
762.0 0.0010518846465856768
763.0 0.0010345094779040664
764.0 0.0009863920240604784
765.0 0.0009382746611663606
766.0 0.000760986995373969
767.0 0.0005836994205310475
768.0 0.0006018431577103911
769.0 0.0006199867584655294
770.0 0.0007362811174971284
771.0 0.0008525757039024029
772.0 0.0007826522960385773
773.0 0.0007127288427000167
774.0 0.0008135046300594695
775.0 0.0009142804628936574
776.0 0.0008766584869590588
777.0 0.00083903642007499
778.0 0.0008286680895253085
779.0 0.0008182998499250971
780.0 0.0007186197308328701
781.0 0.0006189397026901133
782.0 0.0006828298410255229
783.0 0.0007467199338861974
784.0 0.0008308931683131959
785.0 0.000915066175366519
786.0 0.0007659903531020973
787.0 0.0006169145308376756
788.0 0.0006212683729245327
789.0 0.0006256223059608601
790.0 0.0006653386662947014
791.0 0.0007050549356790725
792.0 0.0007582772923342418
793.0 0.0008114996489894111
794.0 0.0008003567018022295
795.0 0.0007892134817666374
796.0 0.0006829125140939141
797.0 0.0005766115009464556
798.0 0.0007484421075787395
799.0 0.0009202726687362883
800.0 0.0008636592610855587
801.0 0.0008070456715358887
802.0 0.0006636651505687041
803.0 0.0005202844022278441
804.0 0.0006178406238177558
805.0 0.0007153968454076676
806.0 0.0006590540579054505
807.0 0.0006027113613527035
808.0 0.0007226205525512341
809.0 0.0008425297892244998
810.0 0.0007178438409027876
811.0 0.0005931581199547509
812.0 0.0006274154657148756
813.0 0.0006616727660002653
814.0 0.0005452709501696518
815.0 0.00042886917981377337
816.0 0.0005638759375869995
817.0 0.0006988828317844309
818.0 0.0006131336704129353
819.0 0.0005273845545161748
820.0 0.0004470372459763894
821.0 0.00036668993743660394
822.0 0.00036200665363139706
823.0 0.00035732341530092526
824.0 0.00043535264921956696
825.0 0.0005133819740876788
826.0 0.0005598842108156532
827.0 0.0006063864020688925
828.0 0.000450185279987636
829.0 0.0002939841806437471
830.0 0.00018941005919259624
831.0 8.483598321618047e-05
832.0 5.145899422132061e-05
833.0 1.808200380537528e-05
834.0 1.653876688378908e-10
835.0 1.653876688378908e-10
836.0 0.0002619211727505899
837.0 0.000562469040232827
838.0 0.0007135141459002625
839.0 0.0008645592970424332
840.0 0.0011822537999250926
841.0 0.001499948302807752
842.0 0.002068576759484131
843.0 0.00263720539805945
844.0 0.002827645221259445
845.0 0.00301808504445944
846.0 0.0033012067433446646
847.0 0.003584327714634128
848.0 0.003308453960926272
849.0 0.0030325805710162967
850.0 0.002398589094809722
851.0 0.0017645981642999686
852.0 0.0014558976545231417
853.0 0.0011471971447463147
854.0 0.0010343470421503298
855.0 0.0009214968486048747
856.0 0.0006849006695119897
857.0 0.00044830462684330996
858.0 0.0005426863936008886
859.0 0.000637068114883732
860.0 0.0005143464477441739
861.0 0.00039162468965514563
862.0 0.000377101105186739
863.0 0.00036257749798096484
864.0 0.0002644652568051242
865.0 0.00016635308384138625
866.0 0.0001469706717216468
867.0 0.00012758822549585602
868.0 0.00018341174836677965
869.0 0.00023923523713165196
870.0 0.00010741383675849647
871.0 1.653876688378908e-10
872.0 1.653876688378908e-10
873.0 1.653876688378908e-10
874.0 1.653876688378908e-10
875.0 1.653876688378908e-10
876.0 1.653876688378908e-10
877.0 9.699599701207262e-06
878.0 0.0001236397565662628
879.0 0.0002375798885623226
880.0 0.000173714749962528
881.0 0.00010984958862536587
882.0 9.896907613438088e-05
883.0 8.808858638076345e-05
884.0 1.653876688378908e-10
885.0 1.653876688378908e-10
886.0 1.653876688378908e-10
887.0 0.00011622611282291473
888.0 0.00020891598069283646
889.0 0.00030160585993144196
890.0 0.00021316188849596074
891.0 0.00012471791706047952
892.0 1.653876688378908e-10
893.0 1.653876688378908e-10
894.0 1.653876688378908e-10
895.0 8.016977517399937e-05
896.0 4.2809909928109846e-05
897.0 5.450100815096448e-06
898.0 4.405082734137977e-05
899.0 8.265156452580413e-05
900.0 2.9762128406218835e-05
901.0 1.653876688378908e-10
