lsstCam/transmission_filter_detector/r01_s20/r_57/19700101T000000.ecsv
# %ECSV 1.0
# ---
# datatype:
# - {name: wavelength, unit: nm, datatype: float32}
# - {name: efficiency, unit: '%', datatype: float64}
# meta: !!omap
# - {MODE: DETECTOR}
# - {TYPE: transmission_filter_detector}
# - {CALIBDATE: '1970-01-01T00:00:00'}
# - {INSTRUME: LSSTCam}
# - {OBSTYPE: transmission_filter_detector}
# - {CALIBCLS: lsst.ip.isr.IntermediateFilterDetectorTransmissionCurve}
# - {SOURCE: Materion (DM-46256)}
# - {DETECTOR: 6}
# - {FILTER: r_57}
# - {CALIB_ID: 'calibDate=1970-01-01T00:00:00 filter=r_57 detector=6'}
# - {DATE: '2025-04-02T15:59:44.213109'}
# - {CALIB_CREATION_DATE: '2025-04-02'}
# - {CALIB_CREATION_TIME: '15:59:44'}
# - __serialized_columns__:
#     efficiency:
#       __class__: astropy.units.quantity.Quantity
#       unit: !astropy.units.Unit {unit: '%'}
#       value: !astropy.table.SerializedColumn {name: efficiency}
#     wavelength:
#       __class__: astropy.units.quantity.Quantity
#       unit: !astropy.units.Unit {unit: nm}
#       value: !astropy.table.SerializedColumn {name: wavelength}
# schema: astropy-2.0
wavelength efficiency
[from data line 603]
903.0 1.653876688378908e-10
904.0 1.653876688378908e-10
905.0 8.867135079526633e-05
906.0 5.951761750111473e-06
907.0 1.653876688378908e-10
908.0 1.653876688378908e-10
909.0 1.653876688378908e-10
910.0 1.653876688378908e-10
911.0 1.653876688378908e-10
912.0 1.653876688378908e-10
913.0 1.653876688378908e-10
914.0 1.653876688378908e-10
915.0 4.7809396619413747e-05
916.0 7.947083418002876e-05
917.0 0.00011113229447801132
918.0 0.00015552238892269088
919.0 0.0001999124606300029
920.0 7.479745249838743e-05
921.0 1.653876688378908e-10
922.0 5.189816647543921e-05
923.0 0.00015411392269015778
924.0 0.00015406418469865457
925.0 0.0001540144694445189
926.0 0.00010245347539239447
927.0 5.0892481340270024e-05
928.0 8.772676096668874e-05
929.0 0.0001245610292244237
930.0 0.00018310713585378835
931.0 0.00024165326522052055
932.0 0.00011360590406184201
933.0 1.653876688378908e-10
934.0 0.00012332708365647704
935.0 0.00026109553346032044
936.0 0.000255418808592367
937.0 0.0002497421064617811
938.0 0.00026268364763382124
939.0 0.0002756252342805965
940.0 0.0002495733951946022
941.0 0.00022352153337124037
942.0 0.00034371587389614433
943.0 0.00046391019168368075
944.0 0.0003843550985038746
945.0 0.00030480005079880357
946.0 0.00031112310807657195
947.0 0.0003174461426169728
948.0 0.0004223407813697122
949.0 0.0005272354883345542
950.0 0.0005632797183352523
951.0 0.0005993239483359503
952.0 0.0006942322670511203
953.0 0.0007891407221904956
954.0 0.001140047243097797
955.0 0.001490954036853509
956.0 0.001509423691459233
957.0 0.001527893437014427
958.0 0.0017059750462067313
959.0 0.0018840572010958567
960.0 0.0019958377379225567
961.0 0.0021076188204460777
962.0 0.0022260875994106755
963.0 0.0023445569240720943
964.0 0.002364632564422209
965.0 0.002384708022873383
966.0 0.002383981518505607
967.0 0.0023832550141378306
968.0 0.0023091042749001645
969.0 0.0022349540813593194
970.0 0.0023193200831883587
971.0 0.0024036864488152787
972.0 0.0024804528948152438
973.0 0.0025572191589162685
974.0 0.002848717304004822
975.0 0.0031402156309923157
976.0 0.0032600622944300994
977.0 0.0033799085940700024
978.0 0.003276715870015323
979.0 0.003173523145960644
980.0 0.0030713701562490314
981.0 0.0029692173484363593
982.0 0.0030837614758638665
983.0 0.003198305785190314
984.0 0.003189370909240097
985.0 0.0031804360332898796
986.0 0.003028510218427982
987.0 0.0028765842216671444
988.0 0.0027143423722009175
989.0 0.002552100886532571
990.0 0.002584742287581321
991.0 0.002617383870529011
992.0 0.002651002250786405
993.0 0.0026846208129427396
994.0 0.00273104160442017
995.0 0.0027774618502007797
996.0 0.002866237991838716
997.0 0.002955013951577712
998.0 0.003078178269788623
999.0 0.003201342769898474
1000.0 0.003308517989353277
1001.0 0.00341569357260596
1002.0 0.0036146262573311105
1003.0 0.003813558942056261
1004.0 0.003971640762756579
1005.0 0.004129722583456896
1006.0 0.004301379522075877
1007.0 0.004473036824492738
1008.0 0.004403336424729787
1009.0 0.004333635661168955
1010.0 0.004355466444394551
1011.0 0.004377297591418028
1012.0 0.0043396859837230295
1013.0 0.004302074739825912
1014.0 0.004059772618347779
1015.0 0.0038174701330717653
1016.0 0.003612925866036676
1017.0 0.003408381962799467
1018.0 0.003044735422008671
1019.0 0.002681089608813636
1020.0 0.0022509660993819125
1021.0 0.001820842589950189
1022.0 0.0015960973541950807
1023.0 0.0013713518455915619
1024.0 0.0013809918527840637
1025.0 0.0013906320418755058
1026.0 0.001300281746807741
1027.0 0.0012099312698410358
1028.0 0.0011439661648182664
1029.0 0.0010780007869470865
1030.0 0.0009610929737391416
1031.0 0.0008441845238849055
1032.0 0.0008702874765731394
1033.0 0.0008963901564129628
1034.0 0.0008283022907562554
1035.0 0.0007602142432006076
1036.0 0.0008442167199973483
1037.0 0.0009282188329962082
1038.0 0.0008427431566815358
1039.0 0.0007572676167910686
1040.0 0.0008212336979340762
1041.0 0.0008851997336023487
1042.0 0.0009814930308493786
1043.0 0.0010777859642985277
1044.0 0.001018745115288766
1045.0 0.0009597044481779449
1046.0 0.0009002575097838417
1047.0 0.0008408107532886788
1048.0 0.000728769691704656
1049.0 0.0006167287210701033
1050.0 0.0007397670742648188
1051.0 0.0008628055184090044
1052.0 0.001122346020565601
1053.0 0.0013818862498737872
1054.0 0.0011747009011742193
1055.0 0.0009675154615251813
1056.0 0.0009531901014270261
1057.0 0.0009388650141772814
1058.0 0.0007693342013226356
1059.0 0.00059980347941746
1060.0 0.000990624448604649
1061.0 0.0013814447811455466
1062.0 0.001565595630381722
1063.0 0.0017497466615168378
1064.0 0.0011964990335400216
1065.0 0.0006432509508158546
1066.0 0.0011005630767613184
1067.0 0.0015578752936562523
1068.0 0.0018012939108302817
1069.0 0.0020447121642064303
1070.0 0.0015282983440556563
1071.0 0.0010118846148543525
1072.0 0.0012069825970684178
1073.0 0.0014020806702319533
1074.0 0.0021926605768385343
1075.0 0.0029832401196472347
1076.0 0.0032057509088190272
1077.0 0.003428261334192939
1078.0 0.0037586862163152546
1079.0 0.00408911109843757
1080.0 0.004179953248240054
1081.0 0.004270794670446776
1082.0 0.003918303627870046
1083.0 0.003565812949091196
1084.0 0.004322154927649535
1085.0 0.005078496542409994
1086.0 0.005172988312551752
1087.0 0.005267479718895629
1088.0 0.005363321179174818
1089.0 0.005459163003251888
1090.0 0.004905376772512682
1091.0 0.004351590541773476
1092.0 0.003904158074874431
1093.0 0.0034567252441775054
1094.0 0.00411926484957803
1095.0 0.0047818044549785554
1096.0 0.003558124808478169
1097.0 0.0023344449800788425
1098.0 0.0017370453861076385
1099.0 0.0011396461559343152
1100.0 0.001511423852207372
1101.0 0.001883201184682548
