lsstCam/transmission_filter_detector/r43_s10/i_39/19700101T000000.ecsv
# %ECSV 1.0
# ---
# datatype:
# - {name: wavelength, unit: nm, datatype: float32}
# - {name: efficiency, unit: '%', datatype: float64}
# meta: !!omap
# - {MODE: DETECTOR}
# - {TYPE: transmission_filter_detector}
# - {CALIBDATE: '1970-01-01T00:00:00'}
# - {INSTRUME: LSSTCam}
# - {OBSTYPE: transmission_filter_detector}
# - {CALIBCLS: lsst.ip.isr.IntermediateFilterDetectorTransmissionCurve}
# - {SOURCE: Materion (DM-46256)}
# - {DETECTOR: 183}
# - {FILTER: i_39}
# - {CALIB_ID: 'calibDate=1970-01-01T00:00:00 filter=i_39 detector=183'}
# - {DATE: '2025-04-02T15:59:47.326623'}
# - {CALIB_CREATION_DATE: '2025-04-02'}
# - {CALIB_CREATION_TIME: '15:59:47'}
# - __serialized_columns__:
#     efficiency:
#       __class__: astropy.units.quantity.Quantity
#       unit: !astropy.units.Unit {unit: '%'}
#       value: !astropy.table.SerializedColumn {name: efficiency}
#     wavelength:
#       __class__: astropy.units.quantity.Quantity
#       unit: !astropy.units.Unit {unit: nm}
#       value: !astropy.table.SerializedColumn {name: wavelength}
# schema: astropy-2.0
wavelength efficiency
[from data line 597]
897.0 0.00010275540489601553
898.0 0.0001526884943814366
899.0 4.677521303619869e-05
900.0 1.6420361164531938e-10
901.0 1.3284935107549245e-05
902.0 8.57079442084796e-05
903.0 1.8071813201459008e-05
904.0 1.6420361164531938e-10
905.0 4.413847989326314e-05
906.0 0.00013784131169813918
907.0 0.00010890654493778129
908.0 7.997177249308152e-05
909.0 2.0210300988310337e-05
910.0 1.6420361164531938e-10
911.0 1.6420361164531938e-10
912.0 9.121666977307541e-06
913.0 6.312164941846277e-05
914.0 0.00011712161267496413
915.0 7.16214401563775e-05
916.0 2.6121273322132765e-05
917.0 1.6420361164531938e-10
918.0 1.6420361164531938e-10
919.0 1.6420361164531938e-10
920.0 1.6420361164531938e-10
921.0 1.6420361164531938e-10
922.0 7.311222134376294e-05
923.0 4.605747108143987e-05
924.0 1.9002733608886047e-05
925.0 1.6420361164531938e-10
926.0 1.6420361164531938e-10
927.0 1.6420361164531938e-10
928.0 1.6420361164531938e-10
929.0 3.9660281458964164e-05
930.0 0.00024444120754196774
931.0 5.68337043205247e-05
932.0 1.6420361164531938e-10
933.0 1.6420361164531938e-10
934.0 1.6420361164531938e-10
935.0 1.6420361164531938e-10
936.0 1.6420361164531938e-10
937.0 1.6420361164531938e-10
938.0 1.6420361164531938e-10
939.0 4.572848411044106e-05
940.0 0.00010890557859966066
941.0 0.0001588821305631427
942.0 0.00020885872800135985
943.0 1.6420361164531938e-10
944.0 1.6420361164531938e-10
945.0 1.6420361164531938e-10
946.0 0.00019640049231384182
947.0 8.063136647251667e-05
948.0 1.6420361164531938e-10
949.0 1.6420361164531938e-10
950.0 1.6420361164531938e-10
951.0 1.6420361164531938e-10
952.0 1.2876570565367729e-05
953.0 1.6420361164531938e-10
954.0 1.6420361164531938e-10
955.0 7.660094070160994e-05
956.0 0.000282677046925528
957.0 0.00012020047961414093
958.0 1.6420361164531938e-10
959.0 6.724844752170611e-05
960.0 0.0001767729600032908
961.0 0.00022656836335954722
962.0 0.00027636372124106856
963.0 0.00014657668998552253
964.0 1.6789638834779907e-05
965.0 1.8212159602626343e-05
966.0 1.963467184395995e-05
967.0 1.6420361164531938e-10
968.0 1.6420361164531938e-10
969.0 3.3463558679613925e-05
970.0 0.00011902398000529502
971.0 4.388323588955245e-05
972.0 1.6420361164531938e-10
973.0 1.3854362634901918e-05
974.0 5.896624770684866e-05
975.0 0.00011399588402127847
976.0 0.0001690255089670245
977.0 6.352705668177805e-05
978.0 1.6420361164531938e-10
979.0 1.133749663040362e-05
980.0 6.464638886427565e-05
981.0 4.5839891527066357e-05
982.0 2.703339134768612e-05
983.0 0.00010013037581302342
984.0 0.00017322734038316412
985.0 0.00011856956234623794
986.0 6.391173883457668e-05
987.0 4.028463820304751e-05
988.0 1.665753615043286e-05
989.0 5.6897852118709125e-05
990.0 9.713818371892557e-05
991.0 0.00015817950043128803
992.0 0.00021922082851233426
993.0 0.00016249380223598564
994.0 0.00010576675322226947
995.0 0.00017057034256140469
996.0 0.0002353739319005399
997.0 0.00015772940287206438
998.0 8.008487384358887e-05
999.0 9.622301178069392e-06
1000.0 1.6420361164531938e-10
1001.0 2.944574077901052e-05
1002.0 0.00011973180562563357
1003.0 0.00011600998277572216
1004.0 0.0001122881826631783
1005.0 0.00016579417660977924
1006.0 0.00021930025013716659
1007.0 0.0002546648829593323
1008.0 0.0002900295839936007
1009.0 0.00023062295895215357
1010.0 0.00017121640212280909
1011.0 0.0002721894361457089
1012.0 0.00037316249290597625
1013.0 0.0002377675400566659
1014.0 0.00010237250762656913
1015.0 9.499634643361787e-05
1016.0 8.762017955632473e-05
1017.0 0.00023964819320099195
1018.0 0.00039167621253000107
1019.0 0.0002945310370705556
1020.0 0.00019738586161111016
1021.0 0.00011982835985691054
1022.0 4.227084957619809e-05
1023.0 4.48158175458957e-05
1024.0 4.736077698908048e-05
1025.0 5.315375233294617e-05
1026.0 5.8946778835888836e-05
1027.0 0.00031168981422524666
1028.0 0.0005644327302434249
1029.0 0.0007463212568836752
1030.0 0.0009282096470997203
1031.0 0.001034369688568404
1032.0 0.0011405298209865578
1033.0 0.0013724255040870048
1034.0 0.0016043208233895712
1035.0 0.0021525545889744535
1036.0 0.002700787990761455
1037.0 0.0029138776881154627
1038.0 0.0031269675673684105
1039.0 0.0033501622965559363
1040.0 0.003573357025743462
1041.0 0.0034176533517893404
1042.0 0.0032619500416330993
1043.0 0.0032938805816229433
1044.0 0.003325811485410668
1045.0 0.0033398231607861817
1046.0 0.0033538344723638147
1047.0 0.0032397892937297
1048.0 0.003125743751297705
1049.0 0.00289258714474272
1050.0 0.0026594305381877348
1051.0 0.002389216751907952
1052.0 0.00211900314752711
1053.0 0.0022178381186677143
1054.0 0.002316673271707259
1055.0 0.0018916662156698294
1056.0 0.0014666592505818699
1057.0 0.0012755152965837624
1058.0 0.0010843712516361848
1059.0 0.0009563440471538343
1060.0 0.0008283166607725434
1061.0 0.0011106572856078856
1062.0 0.0013929978194937576
1063.0 0.001416663872078061
1064.0 0.0014403299246623646
1065.0 0.0021737687347922474
1066.0 0.0029072078177705407
1067.0 0.003185841705999337
1068.0 0.003464476321823895
1069.0 0.0033114120014943182
1070.0 0.0031583480449626222
1071.0 0.003214631578885019
1072.0 0.003270915476605296
1073.0 0.0031563686206936836
1074.0 0.0030418219466810115
1075.0 0.0029082126275170594
1076.0 0.002774603126454167
1077.0 0.002892371230700519
1078.0 0.003010139334946871
1079.0 0.003115087383775972
1080.0 0.003220035068807192
1081.0 0.002379959732934367
1082.0 0.0015398842151626013
1083.0 0.0014212691894499585
1084.0 0.0013026540727878455
1085.0 0.0008237238034780603
1086.0 0.00034479351143090753
1087.0 0.0005209950813878095
1088.0 0.0006971965831326088
1089.0 0.00041427556425333023
1090.0 0.00013135498875271878
1091.0 0.0013446124285110272
1092.0 0.002557869993324857
1093.0 0.001446286478312686
1094.0 0.00033470325888629304
1095.0 0.0003031408141396241
1096.0 0.0002715782102313824
1097.0 0.00018844001488105278
1098.0 0.00010530168310651788
1099.0 0.0005645719284075312
1100.0 0.0010238422873953823
