lsstCam/transmission_filter_detector/r43_s10/i_39/19700101T000000.ecsv
# %ECSV 1.0
# ---
# datatype:
# - {name: wavelength, unit: nm, datatype: float32}
# - {name: efficiency, unit: '%', datatype: float64}
# meta: !!omap
# - {MODE: DETECTOR}
# - {TYPE: transmission_filter_detector}
# - {CALIBDATE: '1970-01-01T00:00:00'}
# - {INSTRUME: LSSTCam}
# - {OBSTYPE: transmission_filter_detector}
# - {CALIBCLS: lsst.ip.isr.IntermediateFilterDetectorTransmissionCurve}
# - {SOURCE: Materion (DM-46256)}
# - {DETECTOR: 183}
# - {FILTER: i_39}
# - {CALIB_ID: 'calibDate=1970-01-01T00:00:00 filter=i_39 detector=183'}
# - {DATE: '2025-04-02T15:59:47.326623'}
# - {CALIB_CREATION_DATE: '2025-04-02'}
# - {CALIB_CREATION_TIME: '15:59:47'}
# - __serialized_columns__:
#     efficiency:
#       __class__: astropy.units.quantity.Quantity
#       unit: !astropy.units.Unit {unit: '%'}
#       value: !astropy.table.SerializedColumn {name: efficiency}
#     wavelength:
#       __class__: astropy.units.quantity.Quantity
#       unit: !astropy.units.Unit {unit: nm}
#       value: !astropy.table.SerializedColumn {name: wavelength}
# schema: astropy-2.0
wavelength efficiency
300.0 0.07318822899833322
301.0 0.019606984278652817
302.0 1.6420361164531938e-10
303.0 1.6420361164531938e-10
304.0 0.0030118217182462104
305.0 0.002857626532204449
306.0 0.0027034284357796423
307.0 0.008513336797477677
308.0 0.014323244977276772
309.0 0.0048488902393728495
310.0 1.6420361164531938e-10
311.0 1.6420361164531938e-10
312.0 1.6420361164531938e-10
313.0 0.0028109112463425845
314.0 0.008881284156814218
315.0 0.010902867506956682
316.0 0.012924449401907623
317.0 0.008537878602510318
318.0 0.0041513078031130135
319.0 0.0009470686563872732
320.0 1.6420361164531938e-10
321.0 1.6420361164531938e-10
322.0 1.6420361164531938e-10
323.0 0.00029443149287544657
324.0 0.0019787641576840542
325.0 0.0009615622730052564
326.0 1.6420361164531938e-10
327.0 0.0011760993402276654
328.0 0.0024078384740278125
329.0 1.6420361164531938e-10
330.0 1.6420361164531938e-10
331.0 1.6420361164531938e-10
332.0 0.0025644836568972096
333.0 0.002072096867777873
334.0 0.0015797091691638343
335.0 0.0018212214854429476
336.0 0.002062732346530538
337.0 0.0008750259439693764
338.0 1.6420361164531938e-10
339.0 1.6420361164531938e-10
340.0 1.6420361164531938e-10
341.0 1.6420361164531938e-10
342.0 0.0004210266524751205
343.0 0.0008342292858287692
344.0 0.0012474322829802986
345.0 0.0014323467439680826
346.0 0.0016172611140063964
347.0 0.0006562420821865089
348.0 1.6420361164531938e-10
349.0 1.6420361164531938e-10
350.0 0.00022222493498702534
351.0 0.0001361265049126814
352.0 5.002799525755108e-05
353.0 0.0006363682132359827
354.0 0.0012227084880578332
355.0 0.0014655848644906655
356.0 0.0017084614228224382
357.0 0.0005383240932133049
358.0 1.6420361164531938e-10
359.0 1.6420361164531938e-10
360.0 0.0003456900458331802
361.0 1.853262574513792e-05
362.0 1.6420361164531938e-10
363.0 1.3796031339552428e-05
364.0 0.0003362169763931888
365.0 0.00018610114693728974
366.0 3.598527200665558e-05
367.0 1.6420361164531938e-10
368.0 1.6420361164531938e-10
369.0 1.6420361164531938e-10
370.0 1.6420361164531938e-10
371.0 0.0001754225991135172
372.0 0.0007613654815941118
373.0 0.0010193564776272979
374.0 0.0012773475646099541
375.0 0.00097809261205839
376.0 0.0006788379323552363
377.0 0.0005268344466458075
378.0 0.0003748309609363787
379.0 0.0003139647787975264
380.0 0.0002530986193960416
381.0 1.6420361164531938e-10
382.0 1.6420361164531938e-10
383.0 1.6420361164531938e-10
384.0 1.6420361164531938e-10
385.0 1.6420361164531938e-10
386.0 0.00015932770338622504
387.0 1.6420361164531938e-10
388.0 1.6420361164531938e-10
389.0 1.6420361164531938e-10
390.0 0.0004786867975781206
391.0 0.0003928255864593666
392.0 0.0003069641252295696
393.0 0.0005106839580548694
394.0 0.0007144035862438614
395.0 0.0004659636033466086
396.0 0.00021752352949988563
397.0 0.0008472520676150452
398.0 0.0014769804693059996
399.0 0.0016957272237050347
400.0 0.0019144736143061891
401.0 0.005592058005277067
402.0 0.009269642032450065
403.0 0.006094303898862563
404.0 0.0029189654014771804
405.0 0.0008603719834354706
406.0 1.6420361164531938e-10
407.0 0.0006698740889987675
408.0 0.002537970431149006
409.0 0.0037368768971646205
410.0 0.004935782999382354
411.0 0.004495562097872607
412.0 0.004055340468767099
413.0 0.005141272413311526
414.0 0.006227203994058073
415.0 0.006028579446137883
416.0 0.005829954534419812
417.0 0.0060440408560680225
418.0 0.006258128269109875
419.0 0.004633535718312487
420.0 0.0030089444408076815
421.0 0.003717810250236653
422.0 0.0044266773329582065
423.0 0.004154148336965591
424.0 0.0038816186133772135
425.0 0.004655558586819097
426.0 0.005429498560260981
427.0 0.004674993397202343
428.0 0.003920488234143704
429.0 0.003192356598447077
430.0 0.002464224598952569
431.0 0.0036962326703360304
432.0 0.00492824001412373
433.0 0.004716341572930105
434.0 0.00450444313173648
435.0 0.003545933577697724
436.0 0.0025874240236589685
437.0 0.002275430233567022
438.0 0.001963436443475075
439.0 0.001851911292760633
440.0 0.0017403859601472504
441.0 0.0010004348041547928
442.0 0.0002604836254249676
443.0 0.0006428924280044157
444.0 0.001025301025947556
445.0 0.0008772300134296529
446.0 0.000729159046386485
447.0 0.0006695417596347397
448.0 0.0006099244274082594
449.0 0.0006020807632012293
450.0 0.0005942369625699939
451.0 0.0002932137704192428
452.0 1.6420361164531938e-10
453.0 1.6420361164531938e-10
454.0 1.6420361164531938e-10
455.0 2.0924690602441842e-05
456.0 0.000258714771916857
457.0 0.00017912994962898665
458.0 9.954483175533824e-05
459.0 0.0003234734094803571
460.0 0.0005474020781548461
461.0 0.0004805232492799405
462.0 0.0004136444204050349
463.0 0.0002051172032224713
464.0 1.6420361164531938e-10
465.0 1.6420361164531938e-10
466.0 1.6420361164531938e-10
467.0 0.00045374868022918236
468.0 0.00102011163107818
469.0 0.0006626842150581069
470.0 0.0003052566853511962
471.0 0.000446862622993649
472.0 0.0005884685378987342
473.0 0.00010255515690005268
474.0 1.6420361164531938e-10
475.0 1.6420361164531938e-10
476.0 7.485140258722822e-05
477.0 0.00027436715299700154
478.0 0.00047388311941176653
479.0 0.00023643174245080445
480.0 1.6420361164531938e-10
481.0 0.0003420627990635694
482.0 0.000685145005263621
483.0 0.0015875810277066194
484.0 0.0024900169592001475
485.0 0.003143451613141224
486.0 0.003796885721385479
487.0 0.005985609095660038
488.0 0.008174332469934598
489.0 0.013183039845898747
490.0 0.01819174940465018
491.0 0.02330588613403961
492.0 0.028420024318620563
493.0 0.031249463791027665
494.0 0.03407890617381781
495.0 0.03256256168242544
496.0 0.031046223011799157
497.0 0.025723298313096166
498.0 0.02040037652477622
499.0 0.015402238932438195
500.0 0.010404105705674738
501.0 0.006762491830158979
502.0 0.003120878682238981
503.0 0.002337093792448286
504.0 0.0015533087207586505
505.0 0.002087195753119886
506.0 0.002621082603582181
507.0 0.0027102960302727297
508.0 0.002799509275064338
509.0 0.002656563447089866
510.0 0.002513617801014334
511.0 0.0022710220946464688
512.0 0.002028426570177544
513.0 0.0018761907995212823
514.0 0.0017239548469660804
515.0 0.0014745647604286205
516.0 0.0012251746738911606
517.0 0.0017132859284174629
518.0 0.0022013973648427054
519.0 0.0019193385014659725
520.0 0.0016372800018871203
521.0 0.0016512087313458323
522.0 0.001665137824602425
523.0 0.0018534808987169527
524.0 0.00204182397283148
525.0 0.002614813820400741
526.0 0.0031878040317678824
527.0 0.0038165191654115915
528.0 0.004445234662853181
529.0 0.004096545308129862
530.0 0.0037478559534065425
531.0 0.003749997995328158
532.0 0.0037521400372497737
533.0 0.003148826726828702
534.0 0.002545513962104451
535.0 0.002000800486712251
536.0 0.0014560867384716403
537.0 0.00186233373824507
538.0 0.0022685810108669102
539.0 0.00296839698421536
540.0 0.0036682133213616908
541.0 0.0044178723328514025
542.0 0.0051675309805432335
543.0 0.005104024603497237
544.0 0.0050405182264512405
545.0 0.004670084672397934
546.0 0.004299651118344627
547.0 0.0034037093428196386
548.0 0.0025077670215978287
549.0 0.0022191215975908563
550.0 0.0019304761735838838
551.0 0.002177084934373852
552.0 0.00242369369516382
553.0 0.00231433950830251
554.0 0.0022049853214411996
555.0 0.0018773158444673754
556.0 0.0015496463674935512
557.0 0.001314457767875865
558.0 0.001079269168258179
559.0 0.0007039910087769385
560.0 0.0003287128492956981
561.0 0.0006001237125019543
562.0 0.0008715344847587403
563.0 0.0011114684639323968
564.0 0.0013514023521565832
565.0 0.0015924821127555333
566.0 0.001833561691455543
567.0 0.0018007423932431266
568.0 0.0017679227312328294
569.0 0.0014506323168461677
570.0 0.0011333417205605656
571.0 0.0008085497938736808
572.0 0.000483757912661531
573.0 0.00048012020670284983
574.0 0.00047648245526943356
575.0 0.00050325102165516
576.0 0.0005300195880408864
577.0 0.0006049952844477957
578.0 0.0006799710263294401
579.0 0.0004746854301629355
580.0 0.0002693997885216959
581.0 0.00026167444957536645
582.0 0.0002539492015785072
583.0 0.0002738453758865944
584.0 0.0002937416411441518
585.0 0.00036787910175917204
586.0 0.0004420165623741923
587.0 0.0005324052381183719
588.0 0.0006227939593372867
589.0 0.0008396693374379538
590.0 0.0010565448064880911
591.0 0.0008182127203326672
592.0 0.0005798806341772433
593.0 0.0005410020548879402
594.0 0.0005021235210733721
595.0 0.0004118717242818093
596.0 0.00032161981380340876
597.0 0.00030351827717822744
598.0 0.00028541676329041366
599.0 0.00020567213141475804
600.0 0.0001259275904885726
601.0 0.00025983542855101405
602.0 0.0003937432666134555
603.0 0.0003407123585930094
604.0 0.00028768151878466597
605.0 0.0003526225555106066
606.0 0.0004175635694991797
607.0 0.00034218178370792884
608.0 0.00026679988422984025
609.0 0.000372233853340731
610.0 0.0004776678451889893
611.0 0.0004187090780760627
612.0 0.00035975031096313614
613.0 0.0003405996949368273
614.0 0.00032144914712262107
615.0 0.00023046068235998973
616.0 0.00013947228580946103
617.0 0.00026858790533879073
618.0 0.00039770357034285553
619.0 0.00043478830775711685
620.0 0.00047187322707031853
621.0 0.0003292198471172014
622.0 0.00018656650127013563
623.0 0.00018193129562860122
624.0 0.00017729619230522076
625.0 0.00021532584923988907
626.0 0.0002533555061745574
627.0 0.00033344588246109197
628.0 0.0004135362814849941
629.0 0.00039016867958707735
630.0 0.0003668010776891606
631.0 0.0003538423243298894
632.0 0.00034088350275851553
633.0 0.0002502871666365536
634.0 0.00015969081914590788
635.0 0.00021996534087520558
636.0 0.00028023991944792215
637.0 0.0002733368546614656
638.0 0.0002664338808244793
639.0 0.00047705884753668215
640.0 0.0006876837687741499
641.0 0.0006174331247166265
642.0 0.0005471823897096328
643.0 0.0004923428605252411
644.0 0.0004375032403913792
645.0 0.0004918795184494229
646.0 0.0005462557965074666
647.0 0.0005684262760041747
648.0 0.0005905967100261478
649.0 0.0005490593594004167
650.0 0.0005075219178252155
651.0 0.0006615907295781653
652.0 0.0008156594958563801
653.0 0.000870279563969234
654.0 0.0009248998139810283
655.0 0.0008709312169230543
656.0 0.00081696243796614
657.0 0.0013306935215950944
658.0 0.001844424696173519
659.0 0.003387184187886305
660.0 0.07301954901777208
661.0 0.09221641812473536
662.0 0.12311692116782069
663.0 0.11219182051718235
664.0 0.13197410153225064
665.0 0.1291659427806735
666.0 0.15071217203512788
667.0 0.16190001042559743
668.0 0.21195344161242247
669.0 0.24416882079094648
670.0 0.33404375426471233
671.0 0.4674880299717188
672.0 0.7519720122218132
673.0 1.178076583892107
674.0 1.7618265002965927
675.0 2.6021722704172134
676.0 3.6184750497341156
677.0 4.977934435009956
678.0 6.358703970909119
679.0 7.724662125110626
680.0 9.55144464969635
681.0 11.57696545124054
682.0 14.13273960351944
683.0 16.88835769891739
684.0 19.92679089307785
685.0 22.84189760684967
686.0 25.864455103874207
687.0 29.04277741909027
688.0 32.26417899131775
689.0 35.52696108818054
690.0 39.1594797372818
691.0 43.14960241317749
692.0 47.96643257141113
693.0 53.040528297424316
694.0 58.777934312820435
695.0 64.4461452960968
696.0 70.67543268203735
697.0 76.20453834533691
698.0 82.27190375328064
699.0 86.9170069694519
700.0 90.56236743927002
701.0 93.54937076568604
702.0 95.57962417602539
703.0 96.80085778236389
704.0 97.3885715007782
705.0 97.84125685691833
706.0 97.85986542701721
707.0 98.07497262954712
708.0 98.10471534729004
709.0 98.1813371181488
710.0 97.92826771736145
711.0 98.10202121734619
712.0 97.98036217689514
713.0 98.12767505645752
714.0 98.10258746147156
715.0 98.15089106559753
716.0 98.00505638122559
717.0 98.23031425476074
718.0 98.32377433776855
719.0 98.28914403915405
720.0 98.54329228401184
721.0 98.46984148025513
722.0 98.24761748313904
723.0 97.98614382743835
724.0 97.6655900478363
725.0 97.39567041397095
726.0 97.13015556335449
727.0 96.79447412490845
728.0 96.5143620967865
729.0 96.31968140602112
730.0 96.28222584724426
731.0 96.32464647293091
732.0 96.33011221885681
733.0 96.63236141204834
734.0 96.97261452674866
735.0 97.17360734939575
736.0 97.66396284103394
737.0 97.99644351005554
738.0 98.38470220565796
739.0 98.69469404220581
740.0 98.8319993019104
741.0 98.61640930175781
742.0 98.99389147758484
743.0 98.82844686508179
744.0 98.6310362815857
745.0 98.61206412315369
746.0 98.6180305480957
747.0 98.85827302932739
748.0 98.7557053565979
749.0 98.54832291603088
750.0 98.61922860145569
751.0 98.5009253025055
752.0 98.40220212936401
753.0 98.62645864486694
754.0 98.5230028629303
755.0 98.62626194953918
756.0 98.66729378700256
757.0 98.63877296447754
758.0 98.78349900245667
759.0 98.81675839424133
760.0 98.72262477874756
761.0 98.65748882293701
762.0 98.66562485694885
763.0 98.6748218536377
764.0 98.51911664009094
765.0 98.51795434951782
766.0 98.56256246566772
767.0 98.37157130241394
768.0 98.44442009925842
769.0 98.45212697982788
770.0 98.16217422485352
771.0 98.19144010543823
772.0 98.25445413589478
773.0 98.18111658096313
774.0 97.96079397201538
775.0 98.12000393867493
776.0 97.8969156742096
777.0 98.07271957397461
778.0 98.00655841827393
779.0 98.05998206138611
780.0 97.906893491745
781.0 98.22306036949158
782.0 98.12572598457336
783.0 98.24250340461731
784.0 98.16940426826477
785.0 98.31493496894836
786.0 98.43370914459229
787.0 98.18277955055237
788.0 98.28616976737976
789.0 98.3527421951294
790.0 98.40947389602661
791.0 98.34884405136108
792.0 98.16305041313171
793.0 98.26865792274475
794.0 98.19944500923157
795.0 98.03802967071533
796.0 98.07536005973816
797.0 98.10954928398132
798.0 98.02389144897461
799.0 97.99634218215942
800.0 97.79166579246521
801.0 97.82558083534241
802.0 97.70451784133911
803.0 97.53646850585938
804.0 97.38315343856812
805.0 97.01257944107056
806.0 96.71741724014282
807.0 95.97010612487793
808.0 95.20576596260071
809.0 94.20043230056763
810.0 92.99377799034119
811.0 91.33816361427307
812.0 89.26529288291931
813.0 86.79980635643005
814.0 83.91499519348145
815.0 80.49841523170471
816.0 76.90646052360535
817.0 72.6384162902832
818.0 67.8121268749237
819.0 63.483136892318726
820.0 58.51326584815979
821.0 53.945451974868774
822.0 49.3766188621521
823.0 44.753649830818176
824.0 40.11620879173279
825.0 35.86523234844208
826.0 31.32418394088745
827.0 26.69498920440674
828.0 22.462035715579987
829.0 18.297864496707916
830.0 14.003752171993256
831.0 10.705719143152237
832.0 7.423692941665649
833.0 4.953853413462639
834.0 3.127695992588997
835.0 1.8986750394105911
836.0 1.1048777028918266
837.0 0.6173806730657816
838.0 0.3469584509730339
839.0 0.2161454176530242
840.0 0.12749345041811466
841.0 0.08135181851685047
842.0 0.0418042327510193
843.0 0.012207290274091065
844.0 1.6420361164531938e-10
845.0 0.04232108476571739
846.0 0.015261159569490701
847.0 1.6420361164531938e-10
848.0 1.6420361164531938e-10
849.0 1.6420361164531938e-10
850.0 1.6420361164531938e-10
851.0 0.002096786738547962
852.0 0.002557508196332492
853.0 0.00217186170630157
854.0 0.0017862153981695883
855.0 0.0011469730452517979
856.0 0.0005077307832834776
857.0 0.0005306606453814311
858.0 0.0005535905529541196
859.0 0.00029876860025979113
860.0 4.394678398966789e-05
861.0 8.314268598041963e-05
862.0 0.0001223384515469661
863.0 0.00015246795328494045
864.0 0.00018259748912896612
865.0 0.0001795514663172071
866.0 0.00017650547761149937
867.0 5.613279085991962e-06
868.0 1.6420361164531938e-10
869.0 1.6420361164531938e-10
870.0 1.6420361164531938e-10
871.0 1.6420361164531938e-10
872.0 1.6420361164531938e-10
873.0 9.391026765115384e-05
874.0 0.0001963177282959805
875.0 0.00010926617051154608
876.0 2.2214589989744127e-05
877.0 8.38214702980622e-05
878.0 0.00014542835060638026
879.0 0.00012363750556687592
880.0 0.00010184671737079043
881.0 0.00015412325637953472
882.0 0.00020639979538827902
883.0 0.00018232327647638158
884.0 0.00015824671208974905
885.0 0.00010154295750908204
886.0 4.4839137558483344e-05
887.0 1.6420361164531938e-10
888.0 1.6420361164531938e-10
889.0 1.6420361164531938e-10
890.0 3.781437385441677e-06
891.0 2.831419010362879e-05
892.0 5.284695134832873e-05
893.0 4.4469209115050035e-05
894.0 3.6091464039600396e-05
895.0 4.4456879777499125e-05
