lsstCam/transmission_filter_detector/r01_s22/z_20/19700101T000000.ecsv
# %ECSV 1.0
# ---
# datatype:
# - {name: wavelength, unit: nm, datatype: float32}
# - {name: efficiency, unit: '%', datatype: float64}
# meta: !!omap
# - {MODE: DETECTOR}
# - {TYPE: transmission_filter_detector}
# - {CALIBDATE: '1970-01-01T00:00:00'}
# - {INSTRUME: LSSTCam}
# - {OBSTYPE: transmission_filter_detector}
# - {CALIBCLS: lsst.ip.isr.IntermediateFilterDetectorTransmissionCurve}
# - {SOURCE: Materion (DM-46256)}
# - {DETECTOR: 8}
# - {FILTER: z_20}
# - {CALIB_ID: 'calibDate=1970-01-01T00:00:00 filter=z_20 detector=8'}
# - {DATE: '2025-04-02T15:59:48.671655'}
# - {CALIB_CREATION_DATE: '2025-04-02'}
# - {CALIB_CREATION_TIME: '15:59:48'}
# - __serialized_columns__:
#     efficiency:
#       __class__: astropy.units.quantity.Quantity
#       unit: !astropy.units.Unit {unit: '%'}
#       value: !astropy.table.SerializedColumn {name: efficiency}
#     wavelength:
#       __class__: astropy.units.quantity.Quantity
#       unit: !astropy.units.Unit {unit: nm}
#       value: !astropy.table.SerializedColumn {name: wavelength}
# schema: astropy-2.0
wavelength efficiency
[from data line 596]
896.0 99.09895658493042
897.0 99.26736950874329
898.0 98.85284304618835
899.0 98.53822588920593
900.0 99.10434484481812
901.0 99.40255284309387
902.0 98.98415207862854
903.0 98.50932359695435
904.0 97.7166473865509
905.0 98.6937403678894
906.0 98.15773367881775
907.0 98.82193207740784
908.0 98.15692901611328
909.0 98.28454256057739
910.0 98.11005592346191
911.0 96.9887912273407
912.0 95.97882628440857
913.0 94.99757885932922
914.0 92.63221025466919
915.0 90.264493227005
916.0 88.28144669532776
917.0 86.50602698326111
918.0 83.23630690574646
919.0 81.96154236793518
920.0 79.11428213119507
921.0 75.31239986419678
922.0 70.92604637145996
923.0 65.04985094070435
924.0 59.69317555427551
925.0 54.22387719154358
926.0 48.04803133010864
927.0 41.16261303424835
928.0 35.19589304924011
929.0 28.889328241348267
930.0 23.320576548576355
931.0 18.258515000343323
932.0 12.722896039485931
933.0 8.442195504903793
934.0 5.354401841759682
935.0 3.4077469259500504
936.0 1.8864862620830536
937.0 1.2052908539772034
938.0 0.7515694480389357
939.0 0.4534096922725439
940.0 0.24175990838557482
941.0 0.004611654003383592
942.0 0.17464616103097796
943.0 0.09023491875268519
944.0 1.6221126004911657e-10
945.0 0.23251499515026808
946.0 0.06601118948310614
947.0 1.6221126004911657e-10
948.0 0.16802746104076505
949.0 1.6221126004911657e-10
950.0 0.024936412228271365
951.0 1.6221126004911657e-10
952.0 0.03856450493913144
953.0 0.08502957061864436
954.0 0.00491195751237683
955.0 1.6221126004911657e-10
956.0 0.02021065156441182
957.0 0.05652309046126902
958.0 1.6221126004911657e-10
959.0 1.6221126004911657e-10
960.0 0.0679901975672692
961.0 1.6221126004911657e-10
962.0 1.6221126004911657e-10
963.0 0.019584661640692502
964.0 1.6221126004911657e-10
965.0 1.6221126004911657e-10
966.0 1.6221126004911657e-10
967.0 0.0619095575530082
968.0 1.6221126004911657e-10
969.0 0.01474642485845834
970.0 0.021925303735770285
971.0 0.05592050729319453
972.0 0.07078712224029005
973.0 0.07906610844656825
974.0 1.6221126004911657e-10
975.0 1.6221126004911657e-10
976.0 0.0063355095335282385
977.0 0.006335502257570624
978.0 0.006335496436804533
979.0 0.006118045712355524
980.0 0.0059005938965128735
981.0 0.005796052937512286
982.0 0.00569151270610746
983.0 0.0055708525906084105
984.0 0.005450192838907242
985.0 0.0051842842367477715
986.0 0.00491837490699254
987.0 0.004918299237033352
988.0 0.004918224294669926
989.0 0.004865904702455737
990.0 0.004813585837837309
991.0 0.004867667666985653
992.0 0.004921749859931879
993.0 0.004898529368801974
994.0 0.004875308150076307
995.0 0.004787664147443138
996.0 0.004700020144809969
997.0 0.004533582978183404
998.0 0.004367145447758958
999.0 0.004356345016276464
1000.0 0.004345544220996089
1001.0 0.0044754724513040856
1002.0 0.004605400681612082
1003.0 0.004512375016929582
1004.0 0.004419349352247082
1005.0 0.0042810937884496525
1006.0 0.004142837860854343
1007.0 0.0042322873923694715
1008.0 0.004321737287682481
1009.0 0.004384665589896031
1010.0 0.004447594255907461
1011.0 0.004564353366731666
1012.0 0.004681112841353752
1013.0 0.004488726335694082
1014.0 0.0042963398300344124
1015.0 0.004422538768267259
1016.0 0.004548737342702225
1017.0 0.004837149026570842
1018.0 0.0051255607104394585
1019.0 0.004931009607389569
1020.0 0.004736458868137561
1021.0 0.004729998909169808
1022.0 0.0047235385864041746
1023.0 0.0046397533878916875
1024.0 0.0045559681893792
1025.0 0.0047362565965158865
1026.0 0.004916545003652573
1027.0 0.004808593803318217
1028.0 0.004700642966781743
1029.0 0.004667210305342451
1030.0 0.004633778007701039
1031.0 0.004717193951364607
1032.0 0.004800609531230293
1033.0 0.004850893310504034
1034.0 0.004901177453575656
1035.0 0.005118916669744067
1036.0 0.005336655522114597
1037.0 0.0054453346820082515
1038.0 0.005554013478104025
1039.0 0.005429429074865766
1040.0 0.005304844307829626
1041.0 0.005692480772268027
1042.0 0.006080117600504309
1043.0 0.0056066346587613225
1044.0 0.005133151717018336
1045.0 0.005865162893314846
1046.0 0.006597174069611356
1047.0 0.006248561840038747
1048.0 0.005899948519072495
1049.0 0.006029495852999389
1050.0 0.006159043550724164
1051.0 0.006464709440479055
1052.0 0.006770377513021231
1053.0 0.00679267177474685
1054.0 0.00681496603647247
1055.0 0.0075134688813705
1056.0 0.00821197172626853
1057.0 0.007998073124326766
1058.0 0.007784175249980763
1059.0 0.007892287976574153
1060.0 0.008000399975571781
1061.0 0.008582064765505493
1062.0 0.009163730283034965
1063.0 0.00911529059521854
1064.0 0.009066852362593636
1065.0 0.009180191409541294
1066.0 0.009293532639276236
1067.0 0.009381166455568746
1068.0 0.009468801727052778
1069.0 0.010344797919970006
1070.0 0.011220794840482995
1071.0 0.010982529784087092
1072.0 0.010744264000095427
1073.0 0.010868175741052255
1074.0 0.010992087482009083
1075.0 0.01168055459856987
1076.0 0.012369026080705225
1077.0 0.012269208673387766
1078.0 0.012169391266070306
1079.0 0.013163726544007659
1080.0 0.014158063277136534
1081.0 0.014239006850402802
1082.0 0.014319954789243639
1083.0 0.014204169565346092
1084.0 0.014088384341448545
1085.0 0.014584457676392049
1086.0 0.015080533921718597
1087.0 0.015200501366052777
1088.0 0.015320471720770001
1089.0 0.016733809025026858
1090.0 0.01814714487409219
1091.0 0.018228928092867136
1092.0 0.018310704035684466
1093.0 0.017790675337892026
1094.0 0.017270642274525017
1095.0 0.018515011470299214
1096.0 0.019759382121264935
1097.0 0.020553474314510822
1098.0 0.02134756650775671
1099.0 0.022994833125267178
1100.0 0.024642093922011554
1101.0 0.02452422631904483
1102.0 0.024406355805695057
1103.0 0.02580526052042842
1104.0 0.02720415941439569
1105.0 0.027089950162917376
1106.0 0.026975743821822107
1107.0 0.028076505986973643
1108.0 0.029177271062508225
1109.0 0.03068218065891415
1110.0 0.03218709025532007
1111.0 0.03207033150829375
1112.0 0.031953578582033515
1113.0 0.0335524877300486
1114.0 0.035151405609212816
1115.0 0.034360753488726914
1116.0 0.03357010427862406
1117.0 0.03370368212927133
1118.0 0.0338372599799186
1119.0 0.037375540705397725
1120.0 0.04091381561011076
1121.0 0.04279644344933331
1122.0 0.044679074198938906
1123.0 0.04449150583241135
1124.0 0.04430394037626684
1125.0 0.0444204022642225
1126.0 0.04453686415217817
1127.0 0.04798863374162465
1128.0 0.05144040333107114
1129.0 0.056152662727981806
1130.0 0.060864927945658565
1131.0 0.05984467570669949
1132.0 0.058824411826208234
1133.0 0.062208366580307484
1134.0 0.06559232133440673
1135.0 0.06417834083549678
1136.0 0.06276435451582074
1137.0 0.06939356098882854
1138.0 0.07602277910336852
1139.0 0.08111820789054036
1140.0 0.08621360175311565
1141.0 0.09468032512813807
1142.0 0.1031470368616283
1143.0 0.12551289983093739
1144.0 0.14787871623411775
1145.0 0.2996229799464345
1146.0 0.45136725530028343
1147.0 0.9616434574127197
1148.0 1.471919659525156
1149.0 1.6741031780838966
1150.0 1.8762879073619843
