lsstCam/transmission_filter_detector/r01_s22/z_20/19700101T000000.ecsv
# %ECSV 1.0
# ---
# datatype:
# - {name: wavelength, unit: nm, datatype: float32}
# - {name: efficiency, unit: '%', datatype: float64}
# meta: !!omap
# - {MODE: DETECTOR}
# - {TYPE: transmission_filter_detector}
# - {CALIBDATE: '1970-01-01T00:00:00'}
# - {INSTRUME: LSSTCam}
# - {OBSTYPE: transmission_filter_detector}
# - {CALIBCLS: lsst.ip.isr.IntermediateFilterDetectorTransmissionCurve}
# - {SOURCE: Materion (DM-46256)}
# - {DETECTOR: 8}
# - {FILTER: z_20}
# - {CALIB_ID: 'calibDate=1970-01-01T00:00:00 filter=z_20 detector=8'}
# - {DATE: '2025-04-02T15:59:48.671655'}
# - {CALIB_CREATION_DATE: '2025-04-02'}
# - {CALIB_CREATION_TIME: '15:59:48'}
# - __serialized_columns__:
#     efficiency:
#       __class__: astropy.units.quantity.Quantity
#       unit: !astropy.units.Unit {unit: '%'}
#       value: !astropy.table.SerializedColumn {name: efficiency}
#     wavelength:
#       __class__: astropy.units.quantity.Quantity
#       unit: !astropy.units.Unit {unit: nm}
#       value: !astropy.table.SerializedColumn {name: wavelength}
# schema: astropy-2.0
wavelength efficiency
300.0 0.8802571333944798
301.0 0.593130337074399
302.0 0.3060036338865757
303.0 0.2974921138957143
304.0 0.28898059390485287
305.0 0.24387880694121122
306.0 0.19877699669450521
307.0 0.18235337920486927
308.0 0.1659297849982977
309.0 0.14581301948055625
310.0 0.1256962539628148
311.0 0.12696144403889775
312.0 0.12822666903957725
313.0 0.11296541197225451
314.0 0.09770417818799615
315.0 0.09623769437894225
316.0 0.09477121056988835
317.0 0.07935529574751854
318.0 0.063939398387447
319.0 0.06388105102814734
320.0 0.06382269784808159
321.0 0.06334686186164618
322.0 0.06287102005444467
323.0 0.05528574693016708
324.0 0.04770047671627253
325.0 0.04382799961604178
326.0 0.039955522515811026
327.0 0.03944983473047614
328.0 0.038944146945141256
329.0 0.03421416040509939
330.0 0.029484173865057528
331.0 0.026785809313878417
332.0 0.024087444762699306
333.0 0.023421432706527412
334.0 0.02275541628478095
335.0 0.021424892474897206
336.0 0.020094365754630417
337.0 0.024306199338752776
338.0 0.028518025646917522
339.0 0.024539389414712787
340.0 0.020560756092891097
341.0 0.017237820429727435
342.0 0.013914887676946819
343.0 0.013650475011672825
344.0 0.013386065256781876
345.0 0.012531944958027452
346.0 0.011677823204081506
347.0 0.011272526899119839
348.0 0.010867233504541218
349.0 0.013477483298629522
350.0 0.016087733092717826
351.0 0.013309238420333713
352.0 0.010530740109970793
353.0 0.011063315469073132
354.0 0.011595892283366993
355.0 0.009905904153129086
356.0 0.008215917478082702
357.0 0.009291466267313808
358.0 0.01036701796692796
359.0 0.010091686999658123
360.0 0.009816354577196762
361.0 0.008917492959881201
362.0 0.008018632797757164
363.0 0.009275451157009229
364.0 0.010532268061069772
365.0 0.010209993342868984
366.0 0.00988772080745548
367.0 0.008614653052063659
368.0 0.007341584569076076
369.0 0.007813156844349578
370.0 0.008284730574814603
371.0 0.008303337381221354
372.0 0.008321945642819628
373.0 0.007217753591248766
374.0 0.006113562994869426
375.0 0.0064271305745933205
376.0 0.006740697426721454
377.0 0.007122136594261974
378.0 0.00750357357901521
379.0 0.006300901441136375
380.0 0.0050982285756617785
381.0 0.0032011474104365334
382.0 0.0013040663361607585
383.0 0.0035583245335146785
384.0 0.005812582821818069
385.0 0.005525513188331388
386.0 0.005238443918642588
387.0 0.005907468948862515
388.0 0.0065764943428803235
389.0 0.005820041405968368
390.0 0.005063589196652174
391.0 0.004695397365139797
392.0 0.004327205533627421
393.0 0.004808453013538383
394.0 0.005289701221045107
395.0 0.004335947960498743
396.0 0.003382194336154498
397.0 0.0035925142583437264
398.0 0.003802833816735074
399.0 0.004017012179247104
400.0 0.004231189814163372
401.0 0.0046917295549064875
402.0 0.005152269295649603
403.0 0.005124869858263992
404.0 0.005097470784676261
405.0 0.0041265462641604245
406.0 0.003155622471240349
407.0 0.0017181331713800319
408.0 0.0002806443944791681
409.0 0.0019432583940215409
410.0 0.0036058725527254865
411.0 0.004185988655081019
412.0 0.0047661043936386704
413.0 0.0046002711314940825
414.0 0.004434437505551614
415.0 0.0036862500564893708
416.0 0.002938063335022889
417.0 0.003943743649870157
418.0 0.004949424328515306
419.0 0.00437265116488561
420.0 0.003795877637458034
421.0 0.0037267760490067303
422.0 0.0036576748243533075
423.0 0.0036189107049722224
424.0 0.0035801476769847795
425.0 0.0026220786821795627
426.0 0.001664009687374346
427.0 0.0018260501747136004
428.0 0.0019880908439517953
429.0 0.0013058541298960336
430.0 0.0006236178705876227
431.0 0.0007158368589443853
432.0 0.0008080558473011479
433.0 0.0006850580575701315
434.0 0.0005620603587885853
435.0 0.0011841073501273058
436.0 0.0018061544324154966
437.0 0.0019048864487558603
438.0 0.002003618465096224
439.0 0.0021277726773405448
440.0 0.0022519270714838058
441.0 0.0016296487956424244
442.0 0.0010073707926494535
443.0 0.0022379916117643006
444.0 0.0034686123399296775
445.0 0.003389799894648604
446.0 0.00331098708556965
447.0 0.002586776827229187
448.0 0.0018625663869897835
449.0 0.002570271499280352
450.0 0.0032779775210656226
451.0 0.002621958265081048
452.0 0.0019659386452985927
453.0 0.001732768396323081
454.0 0.00149959842019598
455.0 0.0023193049855763093
456.0 0.003139011823805049
457.0 0.002301700078533031
458.0 0.0014643881513620727
459.0 0.0015444518794538453
460.0 0.0016245157894445583
461.0 0.0007651254236407112
462.0 1.6221126004911657e-10
463.0 0.0009163691174762789
464.0 0.0019270035409135744
465.0 0.002198022593802307
466.0 0.0024690418285899796
467.0 0.0021429335902212188
468.0 0.0018168246242566966
469.0 0.0016332678569597192
470.0 0.0014497109987132717
471.0 0.0013233271602075547
472.0 0.0011969436854997184
473.0 0.0012220659300510306
474.0 0.001247188265551813
475.0 0.0010974530596286058
476.0 0.0009477179446548689
477.0 0.0013166586541046854
478.0 0.0016855990907060914
479.0 0.0019863426132360473
480.0 0.0022870857719681226
481.0 0.0018366785297985189
482.0 0.0013862711057299748
483.0 0.0009096181202039588
484.0 0.00043296513467794284
485.0 0.0012843548574892338
486.0 0.002135744580300525
487.0 0.0014779596313019283
488.0 0.0008201748642022721
489.0 0.0016434856661362574
490.0 0.002466796649969183
491.0 0.0023397355107590556
492.0 0.002212674189649988
493.0 0.002013521589105949
494.0 0.0018143693523597904
495.0 0.0016211060938076116
496.0 0.0014278427443059627
497.0 0.0012759946002915967
498.0 0.0011241468200751115
499.0 0.0012540470379462931
500.0 0.0013839475286658853
501.0 0.0008895126484276261
502.0 0.00039507758629042655
503.0 0.0012136288205510937
504.0 0.002032180236710701
505.0 0.0022423200789489783
506.0 0.002452460103086196
507.0 0.0022800963051849976
508.0 0.002107732325384859
509.0 0.0018332431864109822
510.0 0.0015587545931339264
511.0 0.001167762002296513
512.0 0.0007767695933580399
513.0 0.0012763278391503263
514.0 0.0017758864487404935
515.0 0.0013635287359647918
516.0 0.0009511716598353814
517.0 0.0009300710189563688
518.0 0.0009089704690268263
519.0 0.0011025966159650125
520.0 0.0012962225810042582
521.0 0.0016304638847941533
522.0 0.0019647051885840483
523.0 0.0013462873539538123
524.0 0.0007278694738488412
525.0 0.0007701579306740314
526.0 0.0008124464329739567
527.0 0.0012059129403496627
528.0 0.0015993797205737792
529.0 0.0013360714547161479
530.0 0.0010727626431616955
531.0 0.0011512701348692644
532.0 0.0012297775356273632
533.0 0.0008691888069733977
534.0 0.000508599987369962
535.0 0.0011108160833828151
536.0 0.0017130321793956682
537.0 0.0016690048141754232
538.0 0.0016249774489551783
539.0 0.0011446690223237965
540.0 0.0006643604592682095
541.0 0.000743164719096967
542.0 0.0008219691153499298
543.0 0.0012496841009124182
544.0 0.001677399268373847
545.0 0.0011210720003873575
546.0 0.0005647450052492786
547.0 0.0012264520591998007
548.0 0.001888158658402972
549.0 0.001618790702195838
550.0 0.001349422564089764
551.0 0.001410772620147327
552.0 0.0014721223124070093
553.0 0.0012914740182168316
554.0 0.0011108255421277136
555.0 0.0010375239980930928
556.0 0.0009642224540584721
557.0 0.0013376072274695616
558.0 0.0017109918189817108
559.0 0.001723261630104389
560.0 0.0017355310774291866
561.0 0.001589355269970838
562.0 0.0014431795534619596
563.0 0.0011713235835486557
564.0 0.0008994676136353519
565.0 0.0016590207451372407
566.0 0.00241857414948754
567.0 0.0028033015041728504
568.0 0.0031880288588581607
569.0 0.0030256593163358048
570.0 0.002863289773813449
571.0 0.0026729061573860236
572.0 0.002482521995261777
573.0 0.002020803003688343
574.0 0.001559084194013849
575.0 0.0020061266695847735
576.0 0.002453169145155698
577.0 0.0020137220417382196
578.0 0.0015742751202196814
579.0 0.0017161550204036757
580.0 0.0018580347386887297
581.0 0.0016560999938519672
582.0 0.001454164885217324
583.0 0.001932742634380702
584.0 0.0024113202016451396
585.0 0.0025555636966601014
586.0 0.002699807009776123
587.0 0.0020637484340113588
588.0 0.0014276893125497736
589.0 0.0020410099750733934
590.0 0.0026543306375970133
591.0 0.0018226328393211588
592.0 0.0009909350410453044
593.0 0.0007828411071386654
594.0 0.0005747468549088808
595.0 0.001027768576022936
596.0 0.0014807902516622562
597.0 0.0014075246326683555
598.0 0.0013342589227249846
599.0 0.0009631475222704466
600.0 0.0005920363491895841
601.0 0.0005413831786427181
602.0 0.0004907299171463819
603.0 0.000934092986426549
604.0 0.0013774556464341003
605.0 0.0008693165000295267
606.0 0.0003611769670897047
607.0 0.0007665912562515587
608.0 0.001172005522676045
609.0 0.0011579882084333804
610.0 0.001143970621342305
611.0 0.0009919621334120166
612.0 0.0008399532816838473
613.0 0.0007927653314254712
614.0 0.0007455773811670952
615.0 0.001244677241629688
616.0 0.0017437774658901617
617.0 0.002204480188083835
618.0 0.002665183274075389
619.0 0.002221540671598632
620.0 0.0017778977053239942
621.0 0.0015158011592575349
622.0 0.0012537044312921353
623.0 0.001600073665031232
624.0 0.0019464428987703286
625.0 0.001738739592838101
626.0 0.0015310362869058736
627.0 0.0018783608538797125
628.0 0.0022256859665503725
629.0 0.001987329960684292
630.0 0.0017489741367171519
631.0 0.0015627943867002614
632.0 0.0013766143638349604
633.0 0.001765804881870281
634.0 0.0021549958546529524
635.0 0.005112962026032619
636.0 0.008070928015513346
637.0 0.015424826415255666
638.0 0.02277872699778527
639.0 0.01986868737731129
640.0 0.016958644846454263
641.0 0.014679532614536583
642.0 0.012400424748193473
643.0 0.009925957419909537
644.0 0.007451492274412885
645.0 0.006779139948775992
646.0 0.006106789078330621
647.0 0.005581687582889572
648.0 0.0050565860874485224
649.0 0.004100419755559415
650.0 0.0031442537874681875
651.0 0.003607002508942969
652.0 0.004069751230417751
653.0 0.0032933839975157753
654.0 0.0025170165827148594
655.0 0.0028145246687927283
656.0 0.0031120333005674183
657.0 0.003002646735694725
658.0 0.002893259807024151
659.0 0.0027138479708810337
660.0 0.002534436498535797
661.0 0.0027396779842092656
662.0 0.0029449191060848534
663.0 0.0020416062397998758
664.0 0.0011382935554138385
665.0 0.0016448568203486502
666.0 0.0021514204490813427
667.0 0.0024559591111028567
668.0 0.002760497955023311
669.0 0.002002146538870875
670.0 0.0012437953046173789
671.0 0.0009267170753446408
672.0 0.0006096388915466378
673.0 0.0013418492017081007
674.0 0.0020740599211421795
675.0 0.0021731884771725163
676.0 0.0022723166694049723
677.0 0.001974853512365371
678.0 0.0016773898096289486
679.0 0.0013833038792654406
680.0 0.0010892178579524625
681.0 0.001181982133857673
682.0 0.001274746136914473
683.0 0.002359664904361125
684.0 0.0034445838537067175
685.0 0.002878082341339905
686.0 0.0023115815565688536
687.0 0.0017271660908591002
688.0 0.0011427503523009364
689.0 0.0014946507690183353
690.0 0.0018465509128873236
691.0 0.002145854159607552
692.0 0.0024451574063277803
693.0 0.0027885675081051886
694.0 0.003131978155579418
695.0 0.0032718930015107617
696.0 0.0034118074836442247
697.0 0.0036272591387387365
698.0 0.0038427104300353676
699.0 0.00566064118174836
700.0 0.007478572661057115
701.0 0.007104551332304254
702.0 0.0067305278207641095
703.0 0.006172226858325303
704.0 0.005613925168290734
705.0 0.005122908260091208
706.0 0.0046318913518916816
707.0 0.0043667128920787945
708.0 0.004101534068468027
709.0 0.004203669595881365
710.0 0.004305805487092584
711.0 0.0038692305679433048
712.0 0.003432656012591906
713.0 0.002448644954711199
714.0 0.0014646337149315514
715.0 0.0021908041162532754
716.0 0.0029169745175749995
717.0 0.0025270292098866776
718.0 0.002137083538400475
719.0 0.0016984409739961848
720.0 0.0012597980457940139
721.0 0.0011686855941661634
722.0 0.001077572687790962
723.0 0.0009835389391810168
724.0 0.0008895050086721312
725.0 0.001267469815502409
726.0 0.0016454347132821567
727.0 0.0017011892850860022
728.0 0.0017569436749909073
729.0 0.0018194919903180562
730.0 0.0018820404875441454
731.0 0.0014456493772740941
732.0 0.0010092584489029832
733.0 0.0009404818229086231
734.0 0.0008717051969142631
735.0 0.0010075909813167527
736.0 0.0011434764928708319
737.0 0.0013398970622802153
738.0 0.0015363173588411883
739.0 0.0011808297131210566
740.0 0.0008253423402493354
741.0 0.0010027016287494916
742.0 0.001180061008199118
743.0 0.001598360358912032
744.0 0.0020166595277260058
745.0 0.00133540052047465
746.0 0.0006541415132232942
747.0 0.0011608543900365476
748.0 0.0016675670849508606
749.0 0.00230147379625123
750.0 0.0029353806894505396
751.0 0.0029414519303827547
752.0 0.00294752335321391
753.0 0.0029184144295868464
754.0 0.002889305687858723
755.0 0.0018485623513697647
756.0 0.0008078190148808062
757.0 0.0018223629012936726
758.0 0.0028369069696054794
759.0 0.0026906709535978734
760.0 0.002544434573792387
761.0 0.004345097840996459
762.0 0.006145761290099472
763.0 0.005668276935466565
764.0 0.0051907914894400164
765.0 0.005216670251684263
766.0 0.005242550105322152
767.0 0.004490093488129787
768.0 0.0037376361433416605
769.0 0.0032855532481335104
770.0 0.0028334714443190023
771.0 0.0038431335269706324
772.0 0.004852795609622262
773.0 0.0039803184336051345
774.0 0.003107840529992245
775.0 0.025450659450143576
776.0 0.046364753507077694
777.0 1.6221126004911657e-10
778.0 0.03478832950349897
779.0 0.011950487532885745
780.0 0.042197576840408146
781.0 1.6221126004911657e-10
782.0 0.040220696246251464
783.0 0.025185663253068924
784.0 1.6221126004911657e-10
785.0 0.050640187691897154
786.0 1.6221126004911657e-10
787.0 1.6221126004911657e-10
788.0 0.04083816020283848
789.0 0.01502590166637674
790.0 0.03576779563445598
791.0 1.6221126004911657e-10
792.0 0.03608528058975935
793.0 0.12775526847690344
794.0 0.027243589283898473
795.0 0.060026615392416716
796.0 0.085747882258147
797.0 0.008225651981774718
798.0 0.11916885850951076
799.0 0.23600049316883087
800.0 0.26896719355136156
801.0 0.4643102642148733
802.0 0.7292955182492733
803.0 1.2485682964324951
804.0 2.1057235077023506
805.0 3.11641339212656
806.0 4.909339547157288
807.0 6.841115653514862
808.0 9.163669496774673
809.0 11.879582703113556
810.0 15.179704129695892
811.0 18.51131021976471
812.0 21.35171890258789
813.0 24.4574174284935
814.0 27.65008509159088
815.0 32.33012557029724
816.0 37.42833435535431
817.0 43.4110164642334
818.0 49.422818422317505
819.0 55.88870644569397
820.0 63.761186599731445
821.0 71.24864459037781
822.0 77.22208499908447
823.0 82.0959746837616
824.0 87.26133704185486
825.0 91.469407081604
826.0 94.16278600692749
827.0 96.26771211624146
828.0 98.48533868789673
829.0 98.73011708259583
830.0 98.75525832176208
831.0 99.02531504631042
832.0 98.632150888443
833.0 99.34743642807007
834.0 98.47931265830994
835.0 99.04236793518066
836.0 99.43651556968689
837.0 99.22043681144714
838.0 98.42379093170166
839.0 98.42247366905212
840.0 98.6692726612091
841.0 99.55947995185852
842.0 99.25779700279236
843.0 99.79732632637024
844.0 98.1607973575592
845.0 98.65701794624329
846.0 99.07872676849365
847.0 98.80221486091614
848.0 99.70735311508179
849.0 98.90355467796326
850.0 98.14570546150208
851.0 99.25336241722107
852.0 99.23239946365356
853.0 98.5508918762207
854.0 99.83070492744446
855.0 98.58041405677795
856.0 99.02970790863037
857.0 97.99945950508118
858.0 98.65859746932983
859.0 99.45069551467896
860.0 98.55217337608337
861.0 98.87335896492004
862.0 98.96440505981445
863.0 98.26244115829468
864.0 99.38068389892578
865.0 99.5381236076355
866.0 98.98708462715149
867.0 99.09757375717163
868.0 99.4965672492981
869.0 98.79543781280518
870.0 98.33503365516663
871.0 98.868727684021
872.0 99.44363832473755
873.0 99.37470555305481
874.0 99.96590614318848
875.0 99.0437388420105
876.0 99.2174506187439
877.0 99.41454529762268
878.0 99.23544526100159
879.0 98.84977340698242
880.0 98.31734895706177
881.0 99.61413145065308
882.0 98.9112913608551
883.0 99.20998811721802
884.0 99.07206296920776
885.0 98.72804880142212
886.0 98.88833165168762
887.0 98.28364253044128
888.0 98.84033203125
889.0 99.65147376060486
890.0 98.53255152702332
891.0 99.34956431388855
892.0 98.70551228523254
893.0 98.37055802345276
894.0 98.34906458854675
