lsstcam/qe_curve/r22_s02/19700101T000000.ecsv
# %ECSV 0.9
# ---
# datatype:
# - {name: amp_name, datatype: string}
# - {name: wavelength, unit: nm, datatype: float32}
# - {name: efficiency, unit: '%', datatype: float32}
# meta: !!omap
# - {MODE: AMP}
# - {TYPE: QE}
# - {CALIBDATE: '1970-01-01T00:00:00'}
# - {INSTRUME: LSSTCAM}
# - {OBSTYPE: qe_curve}
# - {DETECTOR: 92}
# - {PICKLEFILE: RaftRun11351.p}
# - {CALIB_ID: 'raftName=R22 detectorName=S02 detector=92 calibDate=1970-01-01T00:00:00 ccd=92 ccdnum=92 filter=None'}
# - {DATE: '2020-07-23T19:15:54.743710'}
# - {CALIB_CREATION_DATE: '2020-07-23'}
# - {CALIB_CREATION_TIME: '19:15:54'}
# - __serialized_columns__:
#     efficiency:
#       __class__: astropy.units.quantity.Quantity
#       unit: !astropy.units.Unit {unit: '%'}
#       value: !astropy.table.SerializedColumn {name: efficiency}
#     wavelength:
#       __class__: astropy.units.quantity.Quantity
#       unit: !astropy.units.Unit {unit: nm}
#       value: !astropy.table.SerializedColumn {name: wavelength}
# schema: astropy-2.0
amp_name wavelength efficiency
C07 319.994 46.77409
C07 324.969 52.875217
C07 349.982 79.05637
C07 374.975 83.28586
C07 400.019 87.88772
C07 424.965 87.83268
C07 450.035 88.62033
C07 475.003 90.62687
C07 500.018 92.52914
C07 525.002 94.403336
C07 550.029 95.88384
C07 575.023 96.564705
C07 599.982 98.03906
C07 619.997 98.19779
C07 624.979 98.31234
C07 650.012 98.63781
C07 675.004 98.86998
C07 700.03 98.33328
C07 725.012 98.09671
C07 750.022 98.703415
C07 774.987 99.18131
C07 799.976 98.4884
C07 824.988 96.606224
C07 850.022 94.72752
C07 869.967 91.514275
C07 875.002 90.94794
C07 899.999 83.36774
C07 919.999 73.50749
C07 925.012 71.45682
C07 949.965 58.35587
C07 975.002 44.089294
C07 999.976 26.933031
C07 1025.028 11.5483265
C07 1050.014 4.055045
C07 1075.002 2.153614
C07 1099.99 1.5850121
C05 319.994 46.633865
C05 324.969 52.717144
C05 349.982 78.93565
C05 374.975 83.231964
C05 400.019 87.85956
C05 424.965 87.79874
C05 450.035 88.576324
C05 475.003 90.57631
C05 500.018 92.478546
C05 525.002 94.35247
C05 550.029 95.83226
C05 575.023 96.51837
C05 599.982 97.99684
C05 619.997 98.15957
C05 624.979 98.275665
C05 650.012 98.61084
C05 675.004 98.84985
C05 700.03 98.33716
C05 725.012 98.16177
C05 750.022 98.85107
C05 774.987 99.41097
C05 799.976 98.75389
C05 824.988 96.83676
C05 850.022 94.90475
C05 869.967 91.66049
C05 875.002 91.10649
C05 899.999 83.426155
C05 919.999 73.41574
C05 925.012 71.29692
C05 949.965 58.091087
C05 975.002 44.093258
C05 999.976 26.802546
C05 1025.028 11.528002
C05 1050.014 4.0189857
C05 1075.002 2.1312797
C05 1099.99 1.5709795
C00 319.994 46.15102
C00 324.969 52.172806
C00 349.982 78.30389
C00 374.975 82.89904
C00 400.019 87.74369
C00 424.965 87.763336
C00 450.035 88.57484
C00 475.003 90.596855
C00 500.018 92.51444
C00 525.002 94.40393
C00 550.029 95.90003
C00 575.023 96.59992
C00 599.982 98.09634
C00 619.997 98.27219
C00 624.979 98.39037
C00 650.012 98.73646
C00 675.004 98.98179
C00 700.03 98.42127
C00 725.012 98.13408
C00 750.022 98.67424
C00 774.987 99.09881
C00 799.976 98.381874
C00 824.988 96.455185
C00 850.022 94.461624
C00 869.967 91.20383
C00 875.002 90.59604
C00 899.999 83.068855
C00 919.999 73.256035
C00 925.012 71.2501
C00 949.965 58.249195
C00 975.002 43.485176
C00 999.976 26.325489
C00 1025.028 11.297086
C00 1050.014 3.9950423
C00 1075.002 2.1572747
C00 1099.99 1.5755361
C11 319.994 45.838528
C11 324.969 51.816757
C11 349.982 78.03376
C11 374.975 82.98801
C11 400.019 88.002846
C11 424.965 88.047226
C11 450.035 88.8591
C11 475.003 90.881454
C11 500.018 92.80193
C11 525.002 94.695305
C11 550.029 96.204956
C11 575.023 96.92348
C11 599.982 98.43988
C11 619.997 98.62535
C11 624.979 98.74625
C11 650.012 99.11577
C11 675.004 99.36059
C11 700.03 98.72748
C11 725.012 98.21172
C11 750.022 98.4641
C11 774.987 98.604515
C11 799.976 97.78276
C11 824.988 95.8929
C11 850.022 93.85546
C11 869.967 90.64928
C11 875.002 90.09359
C11 899.999 82.80007
C11 919.999 73.33509
C11 925.012 71.416435
C11 949.965 57.960793
C11 975.002 43.12651
C11 999.976 26.164251
C11 1025.028 11.2526655
C11 1050.014 3.9344165
C11 1075.002 2.1191742
C11 1099.99 1.5633273
C17 319.994 46.545296
C17 324.969 52.61967
C17 349.982 78.868805
C17 374.975 83.32268
C17 400.019 88.0409
C17 424.965 88.01015
C17 450.035 88.80473
C17 475.003 90.82136
C17 500.018 92.73598
C17 525.002 94.619484
C17 550.029 96.11086
C17 575.023 96.805885
C17 599.982 98.30128
C17 619.997 98.46964
C17 624.979 98.58736
C17 650.012 98.92809
C17 675.004 99.159805
C17 700.03 98.54749
C17 725.012 98.11227
C17 750.022 98.46917
C17 774.987 98.71286
C17 799.976 97.92739
C17 824.988 96.06746
C17 850.022 94.08633
C17 869.967 90.88145
C17 875.002 90.361374
C17 899.999 83.20102
C17 919.999 73.45424
C17 925.012 71.34384
C17 949.965 57.68301
C17 975.002 43.665703
C17 999.976 26.551268
C17 1025.028 11.538352
C17 1050.014 4.085994
C17 1075.002 2.1339238
C17 1099.99 1.5669534
C01 319.994 46.28993
C01 324.969 52.32818
C01 349.982 78.51338
C01 374.975 83.08473
C01 400.019 87.87624
C01 424.965 87.86655
C01 450.035 88.66004
C01 475.003 90.66735
C01 500.018 92.576355
C01 525.002 94.4554
C01 550.029 95.94881
C01 575.023 96.645706
C01 599.982 98.13679
C01 619.997 98.31312
C01 624.979 98.430756
C01 650.012 98.77649
C01 675.004 99.022644
C01 700.03 98.47236
C01 725.012 98.215485
C01 750.022 98.79383
C01 774.987 99.25284
C01 799.976 98.55081
C01 824.988 96.62168
C01 850.022 94.63442
C01 869.967 91.35596
C01 875.002 90.77459
C01 899.999 83.226944
C01 919.999 73.40671
C01 925.012 71.44082
C01 949.965 58.337585
C01 975.002 43.638756
C01 999.976 26.370667
C01 1025.028 11.260961
C01 1050.014 3.9811661
C01 1075.002 2.1566088
C01 1099.99 1.577376
C06 319.994 46.689507
C06 324.969 52.776176
C06 349.982 78.93031
C06 374.975 83.19589
C06 400.019 87.817566
C06 424.965 87.76711
C06 450.035 88.55501
C06 475.003 90.56099
C06 500.018 92.465126
C06 525.002 94.33857
C06 550.029 95.81708
C06 575.023 96.497894
C06 599.982 97.9739
C06 619.997 98.13677
C06 624.979 98.25041
C06 650.012 98.58119
C06 675.004 98.8203
C06 700.03 98.29536
C06 725.012 98.10825
C06 750.022 98.77332
C06 774.987 99.31494
C06 799.976 98.65016
C06 824.988 96.748245
C06 850.022 94.847916
C06 869.967 91.62013
C06 875.002 91.06673
C06 899.999 83.3641
C06 919.999 73.42144
C06 925.012 71.35317
C06 949.965 58.22915
C06 975.002 44.148518
C06 999.976 26.892385
C06 1025.028 11.52966
C06 1050.014 4.013453
C06 1075.002 2.1346111
C06 1099.99 1.5779108
C02 319.994 46.382603
C02 324.969 52.429893
C02 349.982 78.6055
C02 374.975 83.08949
C02 400.019 87.832825
C02 424.965 87.80998
C02 450.035 88.59772
C02 475.003 90.59722
C02 500.018 92.50087
C02 525.002 94.373116
C02 550.029 95.85977
C02 575.023 96.54943
C02 599.982 98.03772
C02 619.997 98.20816
C02 624.979 98.32535
C02 650.012 98.666954
C02 675.004 98.911446
C02 700.03 98.375534
C02 725.012 98.14059
C02 750.022 98.751305
C02 774.987 99.24742
C02 799.976 98.55311
C02 824.988 96.62425
C02 850.022 94.68393
C02 869.967 91.391655
C02 875.002 90.723625
C02 899.999 83.15579
C02 919.999 73.546165
C02 925.012 71.338295
C02 949.965 57.758995
C02 975.002 43.4955
C02 999.976 26.57256
C02 1025.028 11.303888
C02 1050.014 4.0264215
C02 1075.002 2.1487212
C02 1099.99 1.5710815
C15 319.994 46.27245
C15 324.969 52.311775
C15 349.982 78.59718
C15 374.975 83.19055
C15 400.019 87.96562
C15 424.965 87.934875
C15 450.035 88.72023
C15 475.003 90.727394
C15 500.018 92.6366
C15 525.002 94.520065
C15 550.029 96.02005
C15 575.023 96.72361
C15 599.982 98.22193
C15 619.997 98.39954
C15 624.979 98.5194
C15 650.012 98.87241
C15 675.004 99.114525
C15 700.03 98.52322
C15 725.012 98.13587
C15 750.022 98.56178
C15 774.987 98.87751
C15 799.976 98.11493
C15 824.988 96.23108
C15 850.022 94.234856
C15 869.967 90.976616
C15 875.002 90.42222
C15 899.999 83.206566
C15 919.999 73.58101
C15 925.012 71.47635
C15 949.965 57.70564
C15 975.002 43.345837
C15 999.976 26.31544
C15 1025.028 11.347906
C15 1050.014 4.035027
C15 1075.002 2.1470861
C15 1099.99 1.5555159
C04 319.994 46.499294
C04 324.969 52.563705
C04 349.982 78.74589
C04 374.975 83.12483
C04 400.019 87.787636
C04 424.965 87.738594
C04 450.035 88.51852
C04 475.003 90.51648
C04 500.018 92.41669
C04 525.002 94.287094
C04 550.029 95.767265
C04 575.023 96.456024
C04 599.982 97.93693
C04 619.997 98.103424
C04 624.979 98.22084
C04 650.012 98.56042
C04 675.004 98.80345
C04 700.03 98.282364
C04 725.012 98.098175
C04 750.022 98.77292
C04 774.987 99.32451
C04 799.976 98.655815
C04 824.988 96.74094
C04 850.022 94.785
C04 869.967 91.51702
C04 875.002 90.962616
C04 899.999 83.35937
C04 919.999 73.407585
C04 925.012 71.26345
C04 949.965 57.934063
C04 975.002 43.946815
C04 999.976 26.669598
C04 1025.028 11.4805565
C04 1050.014 4.0239573
C04 1075.002 2.1318667
C04 1099.99 1.5657614
C14 319.994 46.15261
C14 324.969 52.17711
C14 349.982 78.48271
C14 374.975 83.23002
C14 400.019 88.06844
C14 424.965 88.04738
C14 450.035 88.83198
C14 475.003 90.840675
C14 500.018 92.74846
C14 525.002 94.634705
C14 550.029 96.13949
C14 575.023 96.84661
C14 599.982 98.352036
C14 619.997 98.53501
C14 624.979 98.65508
C14 650.012 99.01698
C14 675.004 99.26544
C14 700.03 98.66703
C14 725.012 98.26609
C14 750.022 98.65907
C14 774.987 98.94858
C14 799.976 98.183395
C14 824.988 96.29735
C14 850.022 94.29173
C14 869.967 91.040085
C14 875.002 90.49242
C14 899.999 83.27877
C14 919.999 73.66365
C14 925.012 71.54285
C14 949.965 57.788647
C14 975.002 43.47113
C14 999.976 26.33223
C14 1025.028 11.328812
C14 1050.014 4.010314
C14 1075.002 2.1484938
C14 1099.99 1.5623636
C10 319.994 45.779976
C10 324.969 51.757088
C10 349.982 77.99687
C10 374.975 83.00311
C10 400.019 88.03314
C10 424.965 88.080864
C10 450.035 88.89491
C10 475.003 90.918045
C10 500.018 92.848946
C10 525.002 94.752235
C10 550.029 96.26607
C10 575.023 96.986336
C10 599.982 98.5067
C10 619.997 98.70051
C10 624.979 98.819496
C10 650.012 99.188255
C10 675.004 99.431465
C10 700.03 98.78872
C10 725.012 98.23822
C10 750.022 98.443146
C10 774.987 98.53834
C10 799.976 97.698524
C10 824.988 95.803246
C10 850.022 93.70021
C10 869.967 90.520874
C10 875.002 89.99931
C10 899.999 82.611465
C10 919.999 73.058235
C10 925.012 71.15329
C10 949.965 57.914608
C10 975.002 43.239132
C10 999.976 26.118694
C10 1025.028 11.254536
C10 1050.014 3.9290955
C10 1075.002 2.1084163
C10 1099.99 1.5585827
C16 319.994 46.381775
C16 324.969 52.436012
C16 349.982 78.68976
C16 374.975 83.20845
C16 400.019 87.933655
C16 424.965 87.89607
C16 450.035 88.67938
C16 475.003 90.68888
C16 500.018 92.59926
C16 525.002 94.481865
C16 550.029 95.97574
C16 575.023 96.6752
C16 599.982 98.169945
C16 619.997 98.34264
C16 624.979 98.45815
C16 650.012 98.8083
C16 675.004 99.045555
C16 700.03 98.45226
C16 725.012 98.06446
C16 750.022 98.481964
C16 774.987 98.79143
C16 799.976 98.02826
C16 824.988 96.15364
C16 850.022 94.161354
C16 869.967 90.901825
C16 875.002 90.36825
C16 899.999 83.205154
C16 919.999 73.562126
C16 925.012 71.36206
C16 949.965 57.579826
C16 975.002 43.48323
C16 999.976 26.413967
C16 1025.028 11.408017
C16 1050.014 4.070094
C16 1075.002 2.130473
C16 1099.99 1.5571438
C12 319.994 45.913307
C12 324.969 51.90236
C12 349.982 78.148834
C12 374.975 83.03539
C12 400.019 87.97214
C12 424.965 87.98356
C12 450.035 88.77693
C12 475.003 90.786865
C12 500.018 92.698654
C12 525.002 94.58665
C12 550.029 96.08974
C12 575.023 96.8019
C12 599.982 98.314156
C12 619.997 98.499626
C12 624.979 98.61942
C12 650.012 98.988174
C12 675.004 99.234406
C12 700.03 98.61388
C12 725.012 98.13683
C12 750.022 98.436134
C12 774.987 98.630486
C12 799.976 97.8345
C12 824.988 95.95169
C12 850.022 93.948074
C12 869.967 90.711555
C12 875.002 90.16458
C12 899.999 82.93871
C12 919.999 73.49112
C12 925.012 71.53604
C12 949.965 57.93689
C12 975.002 43.16724
C12 999.976 26.219645
C12 1025.028 11.275681
C12 1050.014 3.951681
C12 1075.002 2.127818
C12 1099.99 1.5648148
C13 319.994 46.1435
C13 324.969 52.15937
C13 349.982 78.41171
C13 374.975 83.20216
C13 400.019 88.08437
C13 424.965 88.08564
C13 450.035 88.87976
C13 475.003 90.89271
C13 500.018 92.80559
C13 525.002 94.69265
C13 550.029 96.19576
C13 575.023 96.90163
C13 599.982 98.406624
C13 619.997 98.58694
C13 624.979 98.70712
C13 650.012 99.067955
C13 675.004 99.312195
C13 700.03 98.69664
C13 725.012 98.25622
C13 750.022 98.60358
C13 774.987 98.848015
C13 799.976 98.0628
C13 824.988 96.17327
C13 850.022 94.176575
C13 869.967 90.90831
C13 875.002 90.35325
C13 899.999 83.15542
C13 919.999 73.63326
C13 925.012 71.67155
C13 949.965 57.947014
C13 975.002 43.31702
C13 999.976 26.292788
C13 1025.028 11.287315
C13 1050.014 3.9754465
C13 1075.002 2.1406555
C13 1099.99 1.5684311
C03 319.994 46.47876
C03 324.969 52.538925
C03 349.982 78.71978
C03 374.975 83.16825
C03 400.019 87.85981
C03 424.965 87.818214
C03 450.035 88.59772
C03 475.003 90.597206
C03 500.018 92.49902
C03 525.002 94.37149
C03 550.029 95.85461
C03 575.023 96.54129
C03 599.982 98.02562
C03 619.997 98.19452
C03 624.979 98.31595
C03 650.012 98.651886
C03 675.004 98.899734
C03 700.03 98.36546
C03 725.012 98.160194
C03 750.022 98.8069
C03 774.987 99.33185
C03 799.976 98.65425
C03 824.988 96.735085
C03 850.022 94.762825
C03 869.967 91.47285
C03 875.002 90.89468
C03 899.999 83.3793
C03 919.999 73.48403
C03 925.012 71.3951
C03 949.965 57.878735
C03 975.002 43.80206
C03 999.976 26.592392
C03 1025.028 11.423181
C03 1050.014 4.038951
C03 1075.002 2.1432269
C03 1099.99 1.5670629
