lsstCam/transmission_filter_detector/r44_sg1/z_20/19700101T000000.ecsv
# %ECSV 1.0
# ---
# datatype:
# - {name: wavelength, unit: nm, datatype: float32}
# - {name: efficiency, unit: '%', datatype: float64}
# meta: !!omap
# - {MODE: DETECTOR}
# - {TYPE: transmission_filter_detector}
# - {CALIBDATE: '1970-01-01T00:00:00'}
# - {INSTRUME: LSSTCam}
# - {OBSTYPE: transmission_filter_detector}
# - {CALIBCLS: lsst.ip.isr.IntermediateFilterDetectorTransmissionCurve}
# - {SOURCE: Materion (DM-46256)}
# - {DETECTOR: 202}
# - {FILTER: z_20}
# - {CALIB_ID: 'calibDate=1970-01-01T00:00:00 filter=z_20 detector=202'}
# - {DATE: '2025-04-02T15:59:49.577862'}
# - {CALIB_CREATION_DATE: '2025-04-02'}
# - {CALIB_CREATION_TIME: '15:59:49'}
# - __serialized_columns__:
#     efficiency:
#       __class__: astropy.units.quantity.Quantity
#       unit: !astropy.units.Unit {unit: '%'}
#       value: !astropy.table.SerializedColumn {name: efficiency}
#     wavelength:
#       __class__: astropy.units.quantity.Quantity
#       unit: !astropy.units.Unit {unit: nm}
#       value: !astropy.table.SerializedColumn {name: wavelength}
# schema: astropy-2.0
wavelength efficiency
[from data line 597]
897.0 99.10988211631775
898.0 98.62117171287537
899.0 98.52176904678345
900.0 98.82374405860901
901.0 99.14257526397705
902.0 98.94775152206421
903.0 98.52983951568604
904.0 97.51397967338562
905.0 98.5666036605835
906.0 97.7427065372467
907.0 98.6505925655365
908.0 98.23490977287292
909.0 98.19274544715881
910.0 98.01188707351685
911.0 96.74493670463562
912.0 96.1520254611969
913.0 94.60744261741638
914.0 92.11862683296204
915.0 89.71772789955139
916.0 87.56356239318848
917.0 86.03990077972412
918.0 82.42536187171936
919.0 81.56766295433044
920.0 78.11809778213501
921.0 74.03092384338379
922.0 69.53492164611816
923.0 63.54456543922424
924.0 57.90973901748657
925.0 52.57338881492615
926.0 46.33915424346924
927.0 38.924163579940796
928.0 32.968249917030334
929.0 26.77258849143982
930.0 21.076099574565887
931.0 16.043680906295776
932.0 10.865982621908188
933.0 6.958018243312836
934.0 4.440663009881973
935.0 2.609693445265293
936.0 1.6349736601114273
937.0 0.9396885521709919
938.0 0.5866813939064741
939.0 0.30872856732457876
940.0 0.23481000680476427
941.0 0.007233148789964616
942.0 1.6507642692023539e-10
943.0 1.6507642692023539e-10
944.0 1.6507642692023539e-10
945.0 0.12788288295269012
946.0 0.03139598993584514
947.0 0.027746398700401187
948.0 1.6507642692023539e-10
949.0 0.012861510913353413
950.0 0.08946298039518297
951.0 0.027284244424663484
952.0 1.6507642692023539e-10
953.0 1.6507642692023539e-10
954.0 0.012028730270685628
955.0 0.007085191464284435
956.0 0.07313100504688919
957.0 1.6507642692023539e-10
958.0 1.6507642692023539e-10
959.0 0.05571648362092674
960.0 0.012767728185281157
961.0 0.09025804465636611
962.0 1.6507642692023539e-10
963.0 0.0008346925824298523
964.0 0.10926290415227413
965.0 0.03366646415088326
966.0 1.6507642692023539e-10
967.0 0.02701150660868734
968.0 1.6507642692023539e-10
969.0 1.6507642692023539e-10
970.0 0.010140921949641779
971.0 0.05525865126401186
972.0 1.6507642692023539e-10
973.0 1.6507642692023539e-10
974.0 1.6507642692023539e-10
975.0 1.6507642692023539e-10
976.0 0.006127791129983962
977.0 0.005965375021332875
978.0 0.005802958912681788
979.0 0.005655872882925905
980.0 0.005508787216967903
981.0 0.005432528996607289
982.0 0.005356270048650913
983.0 0.005243503619567491
984.0 0.005130737190484069
985.0 0.005130800491315313
986.0 0.005130863792146556
987.0 0.005070879706181586
988.0 0.0050108956202166155
989.0 0.004848087701248005
990.0 0.004685280146077275
991.0 0.004584516500472091
992.0 0.004483752854866907
993.0 0.0045002929255133495
994.0 0.004516833359957673
995.0 0.004474311572266743
996.0 0.004431790148373693
997.0 0.0043521762563614175
998.0 0.004272562728147022
999.0 0.004292190715204924
1000.0 0.004311819066060707
1001.0 0.004181973054073751
1002.0 0.004052126678288914
1003.0 0.004124547194805928
1004.0 0.004196968075120822
1005.0 0.004032899596495554
1006.0 0.003868831481668167
1007.0 0.003896998896379955
1008.0 0.003925166311091743
1009.0 0.004029979027109221
1010.0 0.004134791743126698
1011.0 0.004035162419313565
1012.0 0.003935533095500432
1013.0 0.00395186580135487
1014.0 0.003968198143411428
1015.0 0.0039404359995387495
1016.0 0.003912674219463952
1017.0 0.004163457560935058
1018.0 0.004414241266204044
1019.0 0.0042882664274657145
1020.0 0.004162291588727385
1021.0 0.00411714099755045
1022.0 0.004071990042575635
1023.0 0.004091507435077801
1024.0 0.004111025555175729
1025.0 0.004132165850023739
1026.0 0.00415330687246751
1027.0 0.004278590859030373
1028.0 0.004403875209391117
1029.0 0.004411235931911506
1030.0 0.004418596654431894
1031.0 0.004487251499085687
1032.0 0.0045559067075373605
1033.0 0.0045991328079253435
1034.0 0.004642359272111207
1035.0 0.004700873978435993
1036.0 0.004759388320962898
1037.0 0.004868434552918188
1038.0 0.004977480057277717
1039.0 0.005068695099907927
1040.0 0.005159909778740257
1041.0 0.0050863600336015224
1042.0 0.005012810652260669
1043.0 0.005128600969328545
1044.0 0.0052443912863964215
1045.0 0.005442326801130548
1046.0 0.005640261952066794
1047.0 0.005614681867882609
1048.0 0.005589101056102663
1049.0 0.005718862303183414
1050.0 0.005848623550264165
1051.0 0.006025562106515281
1052.0 0.006202501390362158
1053.0 0.0064582593040540814
1054.0 0.006714016490150243
1055.0 0.006756508810212836
1056.0 0.006799001130275428
1057.0 0.007153735350584611
1058.0 0.0075084717536810786
1059.0 0.008030774188227952
1060.0 0.008553077350370586
1061.0 0.008213040564442053
1062.0 0.007873005233705044
1063.0 0.008177470590453595
1064.0 0.008481935947202146
1065.0 0.008462541154585779
1066.0 0.008443146361969411
1067.0 0.00872962991707027
1068.0 0.009016112744575366
1069.0 0.009696282359072939
1070.0 0.010376450518378988
1071.0 0.009959825547412038
1072.0 0.009543199848849326
1073.0 0.009775910439202562
1074.0 0.01000862248474732
1075.0 0.010682368883863091
1076.0 0.011356116010574624
1077.0 0.011852171883219853
1078.0 0.012348228483460844
1079.0 0.012352148769423366
1080.0 0.012356071965768933
1081.0 0.012799366959370673
1082.0 0.01324266049778089
1083.0 0.013061203935649246
1084.0 0.012879747373517603
1085.0 0.013953182497061789
1086.0 0.015026616165414453
1087.0 0.014525599544867873
1088.0 0.01402458583470434
1089.0 0.014603951422031969
1090.0 0.015183318464551121
1091.0 0.015393234207294881
1092.0 0.015603147039655596
1093.0 0.015032762894406915
1094.0 0.01446237729396671
1095.0 0.016162275278475136
1096.0 0.017862170352600515
1097.0 0.018726532289292663
1098.0 0.019590897136367857
1099.0 0.019436115690041333
1100.0 0.01928133424371481
1101.0 0.020950713951606303
1102.0 0.022620093659497797
1103.0 0.02227847871836275
1104.0 0.021936865232419223
1105.0 0.023270354722626507
1106.0 0.02460384275764227
1107.0 0.024981735623441637
1108.0 0.02535963139962405
1109.0 0.02736179158091545
1110.0 0.029363957582972944
1111.0 0.029489933513104916
1112.0 0.029615912353619933
1113.0 0.02829571603797376
1114.0 0.026975516811944544
1115.0 0.027936548576690257
1116.0 0.02889758034143597
1117.0 0.030213981517590582
1118.0 0.03153038560412824
1119.0 0.03310666361358017
1120.0 0.03468293871264905
1121.0 0.03626743273343891
1122.0 0.03785192093346268
1123.0 0.04044203960802406
1124.0 0.04303215828258544
1125.0 0.043676685891114175
1126.0 0.04432121058925986
1127.0 0.043242162792012095
1128.0 0.042163117905147374
1129.0 0.04505641700234264
1130.0 0.04794971609953791
1131.0 0.05122551810927689
1132.0 0.05450131720863283
1133.0 0.0558931496925652
1134.0 0.05728498799726367
1135.0 0.061919132713228464
1136.0 0.06655328907072544
1137.0 0.0707619299646467
1138.0 0.07497057667933404
1139.0 0.08378447964787483
1140.0 0.09259837097488344
1141.0 0.1132044242694974
1142.0 0.13381047174334526
1143.0 0.24756216444075108
1144.0 0.3613138338550925
1145.0 0.7332484237849712
1146.0 1.1051831766963005
1147.0 1.364458817988634
1148.0 1.6237340867519379
1149.0 1.797654666006565
1150.0 1.9715750589966774
