lsstCam/transmission_filter_detector/r44_sg1/z_20/19700101T000000.ecsv
# %ECSV 1.0
# ---
# datatype:
# - {name: wavelength, unit: nm, datatype: float32}
# - {name: efficiency, unit: '%', datatype: float64}
# meta: !!omap
# - {MODE: DETECTOR}
# - {TYPE: transmission_filter_detector}
# - {CALIBDATE: '1970-01-01T00:00:00'}
# - {INSTRUME: LSSTCam}
# - {OBSTYPE: transmission_filter_detector}
# - {CALIBCLS: lsst.ip.isr.IntermediateFilterDetectorTransmissionCurve}
# - {SOURCE: Materion (DM-46256)}
# - {DETECTOR: 202}
# - {FILTER: z_20}
# - {CALIB_ID: 'calibDate=1970-01-01T00:00:00 filter=z_20 detector=202'}
# - {DATE: '2025-04-02T15:59:49.577862'}
# - {CALIB_CREATION_DATE: '2025-04-02'}
# - {CALIB_CREATION_TIME: '15:59:49'}
# - __serialized_columns__:
#     efficiency:
#       __class__: astropy.units.quantity.Quantity
#       unit: !astropy.units.Unit {unit: '%'}
#       value: !astropy.table.SerializedColumn {name: efficiency}
#     wavelength:
#       __class__: astropy.units.quantity.Quantity
#       unit: !astropy.units.Unit {unit: nm}
#       value: !astropy.table.SerializedColumn {name: wavelength}
# schema: astropy-2.0
wavelength efficiency
300.0 0.41622091084718704
301.0 0.34445745404809713
302.0 0.2726940205320716
303.0 0.2351313829421997
304.0 0.19756874535232782
305.0 0.18726406851783395
306.0 0.1769593800418079
307.0 0.16508098924532533
308.0 0.1532025751657784
309.0 0.13452426064759493
310.0 0.11584593448787928
311.0 0.11780612403526902
312.0 0.11976631358265877
313.0 0.10419292375445366
314.0 0.08861955138854682
315.0 0.08023580303415656
316.0 0.07185204303823411
317.0 0.0703171594068408
318.0 0.06878227577544749
319.0 0.0657307798974216
320.0 0.06267929566092789
321.0 0.0615863420534879
322.0 0.0604933884460479
323.0 0.05292492569424212
324.0 0.04535646585281938
325.0 0.045056059025228024
326.0 0.044755658018402755
327.0 0.039008603198453784
328.0 0.03326154837850481
329.0 0.03393002552911639
330.0 0.03459850267972797
331.0 0.03464162873569876
332.0 0.03468475479166955
333.0 0.03091564285568893
334.0 0.027146536740474403
335.0 0.02493515785317868
336.0 0.02272378042107448
337.0 0.021343676780816168
338.0 0.019963573140557855
339.0 0.01914400636451319
340.0 0.018324442498851568
341.0 0.017992517678067088
342.0 0.017660591402091086
343.0 0.017440486408304423
344.0 0.017220379959326237
345.0 0.01608852471690625
346.0 0.014956668019294739
347.0 0.013490459241438657
348.0 0.012024251918774098
349.0 0.011904526763828471
350.0 0.011784800881287083
351.0 0.011828427523141727
352.0 0.01187205343740061
353.0 0.011319433542666957
354.0 0.010766814375529066
355.0 0.010861495684366673
356.0 0.010956179175991565
357.0 0.010666102025425062
358.0 0.010376024874858558
359.0 0.010057132021756843
360.0 0.009738237713463604
361.0 0.009671309817349538
362.0 0.009604381921235472
363.0 0.008930605690693483
364.0 0.00825682800495997
365.0 0.008546860044589266
366.0 0.0088368913566228
367.0 0.008569673809688538
368.0 0.008302454079966992
369.0 0.007866812666179612
370.0 0.007431171979987994
371.0 0.00794526858953759
372.0 0.008459365199087188
373.0 0.008179959695553407
374.0 0.007900552736828104
375.0 0.006583352660527453
376.0 0.005266152584226802
377.0 0.005077405876363628
378.0 0.004888659168500453
379.0 0.005173296813154593
380.0 0.005457934821606614
381.0 0.005035800495534204
382.0 0.004613666169461794
383.0 0.0048142752348212525
384.0 0.005014884300180711
385.0 0.004855266524828039
386.0 0.004695648749475367
387.0 0.005012538167648017
388.0 0.005329427222022787
389.0 0.004952424205839634
390.0 0.004575421189656481
391.0 0.0044577373046195135
392.0 0.0043400537833804265
393.0 0.0040091541450237855
394.0 0.0036782545066671446
395.0 0.0035694614780368283
396.0 0.003460668449406512
397.0 0.00368732180504594
398.0 0.003913975524483249
399.0 0.004168987288721837
400.0 0.004423999052960426
401.0 0.005059197792434134
402.0 0.0056943965319078416
403.0 0.005095902815810405
404.0 0.004497409099712968
405.0 0.0046280740207294
406.0 0.004758738577947952
407.0 0.005337645052350126
408.0 0.005916551890550181
409.0 0.005268141467240639
410.0 0.004619731043931097
411.0 0.00422477132815402
412.0 0.0038298116123769432
413.0 0.004202252966933884
414.0 0.004574694321490824
415.0 0.004372731564217247
416.0 0.004170768443145789
417.0 0.0035900084185414016
418.0 0.0030092485758359544
419.0 0.003547128289937973
420.0 0.004085007822141051
421.0 0.003434239260968752
422.0 0.002783471063594334
423.0 0.002852508259820752
424.0 0.0029215456379461102
425.0 0.0026053525289171375
426.0 0.0022891592379892245
427.0 0.0022764730601920746
428.0 0.002263787064293865
429.0 0.0022769925635657273
430.0 0.0022901984266354702
431.0 0.0022061178242438473
432.0 0.002122037039953284
433.0 0.002383419996476732
434.0 0.0026448029530001804
435.0 0.0026891848392551765
436.0 0.002733566907409113
437.0 0.002814531580952462
438.0 0.0028954962544958107
439.0 0.002460687028360553
440.0 0.0020258778022252955
441.0 0.0020541754565783776
442.0 0.0020824732928304
443.0 0.0018668268239707686
444.0 0.0016511805370100774
445.0 0.0018643520888872445
446.0 0.002077523458865471
447.0 0.0024154835045919754
448.0 0.0027534435503184795
449.0 0.0023798502297722735
450.0 0.0020062569092260674
451.0 0.0015798994354554452
452.0 0.0011535417797858827
453.0 0.0017773190847947262
454.0 0.002401096026005689
455.0 0.002336953184567392
456.0 0.0022728101612301543
457.0 0.0016169733498827554
458.0 0.0009611363566364162
459.0 0.0012678937309829053
460.0 0.0015746512872283347
461.0 0.0014999055565567687
462.0 0.0014251597349357326
463.0 0.0012458823221095372
464.0 0.0010666048183338717
465.0 0.0015267856724676676
466.0 0.001986966344702523
467.0 0.0016698009858373553
468.0 0.001352635445073247
469.0 0.0010836396540980786
470.0 0.0008146437721734401
471.0 0.0010418318197480403
472.0 0.0012690199582721107
473.0 0.0014648322576249484
474.0 0.0016606447388767265
475.0 0.0015096267816261388
476.0 0.0013586089153250214
477.0 0.0014621140508097596
478.0 0.0015656190953450277
479.0 0.0018128645024262369
480.0 0.002060109909507446
481.0 0.0013949904314358719
482.0 0.0007298711807379732
483.0 0.0009462743037147447
484.0 0.0011626773812167812
485.0 0.0011339589946146589
486.0 0.0011052405170630664
487.0 0.0011749132681870833
488.0 0.0012445861102605704
489.0 0.0011918271411559545
490.0 0.0011390680811018683
491.0 0.0011465886927908286
492.0 0.0011541094863787293
493.0 0.001575774876982905
494.0 0.0019974400856881402
495.0 0.0018215143427369185
496.0 0.0016455884178867564
497.0 0.0013063354344922118
498.0 0.0009670824510976672
499.0 0.0011817674931080546
500.0 0.0013964523532195017
501.0 0.0012618575965461787
502.0 0.0011272628398728557
503.0 0.0010453981303726323
504.0 0.0009635335118218791
505.0 0.0013086310900689568
506.0 0.0016537285773665644
507.0 0.0013786237104795873
508.0 0.00110351875264314
509.0 0.001181430707219988
510.0 0.0012593423889484257
511.0 0.001139476808020845
512.0 0.001019610954244854
513.0 0.0012702915228146594
514.0 0.0015209718185360543
515.0 0.0012772768059221562
516.0 0.0010335819752071984
517.0 0.0009647547813074198
518.0 0.0008959277693065815
519.0 0.0012526582395366859
520.0 0.0016093887097667903
521.0 0.0015568612070637755
522.0 0.001504333886259701
523.0 0.0016873656932148151
524.0 0.0018703971363720484
525.0 0.0013069746273686178
526.0 0.0007435522547893925
527.0 0.0009545615284878295
528.0 0.0011655708476610016
529.0 0.0010426269000163302
530.0 0.0009196828614221886
531.0 0.001265348691958934
532.0 0.00161101470439462
533.0 0.0013197299267631024
534.0 0.001028445149131585
535.0 0.0014346463103720453
536.0 0.001840847653511446
537.0 0.0018259397620568052
538.0 0.001811031688703224
539.0 0.0013722631592827383
540.0 0.0009334945389127824
541.0 0.0011422916941228323
542.0 0.0013510885764844716
543.0 0.001093120954465121
544.0 0.0008351534233952407
545.0 0.001327855989075033
546.0 0.0018205586457042955
547.0 0.0018847460523829795
548.0 0.001948933640960604
549.0 0.0019471630366751924
550.0 0.0019453926142887212
551.0 0.0017906211724039167
552.0 0.001635850094316993
553.0 0.0017438451322959736
554.0 0.001851840534072835
555.0 0.0018815815565176308
556.0 0.0019113225789624266
557.0 0.0016104782844195142
558.0 0.0013096338989271317
559.0 0.0014999489394540433
560.0 0.0016902638890314847
561.0 0.0013509876225725748
562.0 0.0010117111742147245
563.0 0.0012094476915081032
564.0 0.0014071843907004222
565.0 0.0017945902072824538
566.0 0.0021819962057634257
567.0 0.002399299592070747
568.0 0.0026166029783780687
569.0 0.002679024873941671
570.0 0.002741446951404214
571.0 0.0026063265977427363
572.0 0.002471206425980199
573.0 0.002272618621645961
574.0 0.002074030817311723
575.0 0.0019627344954642467
576.0 0.0018514381736167707
577.0 0.0019460900148260407
578.0 0.0020407411284395494
579.0 0.0018255839677294716
580.0 0.0016104264432215132
581.0 0.0015660112694604322
582.0 0.0015215962775982916
583.0 0.0015265281035681255
584.0 0.0015314599295379594
585.0 0.0017798407498048618
586.0 0.002028221388172824
587.0 0.002053596472251229
588.0 0.0020789717382285744
589.0 0.0020579047486535273
590.0 0.0020368379409774207
591.0 0.0018764936612569727
592.0 0.0017161493815365247
593.0 0.001454365519748535
594.0 0.0011925817489100154
595.0 0.0010197914889431559
596.0 0.0008470011380268261
597.0 0.000895499670150457
598.0 0.0009439982022740878
599.0 0.0009542783118376974
600.0 0.0009645585123507772
601.0 0.0006913100605743239
602.0 0.00041806174522207584
603.0 0.0007891595487308223
604.0 0.0011602573067648336
605.0 0.0011743033610400744
606.0 0.0011883491424669046
607.0 0.0009533296179142781
608.0 0.0007183100933616515
609.0 0.0006791315627197037
610.0 0.000639953123027226
611.0 0.0007527380603278289
612.0 0.0008655229976284318
613.0 0.0008666481335239951
614.0 0.0008677734513184987
615.0 0.0010924502930720337
616.0 0.001317127316724509
617.0 0.0014712500160385389
618.0 0.0016253727153525688
619.0 0.0015998939488781616
620.0 0.0015744151824037544
621.0 0.0014661421118944418
622.0 0.001357869041385129
623.0 0.0012979197890672367
624.0 0.0012379706276988145
625.0 0.0014241836652217899
626.0 0.001610396611795295
627.0 0.0019966517356806435
628.0 0.0023829066776670516
629.0 0.002262894849991426
630.0 0.0021428830223158
631.0 0.0022654263375443406
632.0 0.0023879698346718214
633.0 0.0028180069421068765
634.0 0.003248044231440872
635.0 0.005838311335537583
636.0 0.008428579167230055
637.0 0.01573057525092736
638.0 0.02303257497260347
639.0 0.020183938613627106
640.0 0.017335303709842265
641.0 0.01498331839684397
642.0 0.012631333083845675
643.0 0.009163077629636973
644.0 0.005694823630619794
645.0 0.005831817907164805
646.0 0.005968812183709815
647.0 0.005705547300749458
648.0 0.005442282417789102
649.0 0.004337252539698966
650.0 0.003232223025406711
651.0 0.003356855086167343
652.0 0.003481487146927975
653.0 0.00289883555524284
654.0 0.0023161839635577053
655.0 0.0021866761017008685
656.0 0.002057168421742972
657.0 0.0021466146790771745
658.0 0.002236060936411377
659.0 0.002167177626688499
660.0 0.0020982941350666806
661.0 0.0023003369278740138
662.0 0.0025023799025802873
663.0 0.0020075687643839046
664.0 0.001512757626187522
665.0 0.0014321598428068683
666.0 0.001351562241325155
667.0 0.001385179530188907
668.0 0.0014187969100021292
669.0 0.001500141206633998
670.0 0.0015814854123163968
671.0 0.0013271350326249376
672.0 0.001072784471034538
673.0 0.0013512551049643662
674.0 0.0016297257388941944
675.0 0.0014862549505778588
676.0 0.0013427843441604637
677.0 0.0015282250387826934
678.0 0.0017136657334049232
679.0 0.001998678271775134
680.0 0.002283690992044285
681.0 0.0019330593204358593
682.0 0.001582427830726374
683.0 0.002136156581400428
684.0 0.0026898856958723627
685.0 0.002470574872859288
686.0 0.0022512642317451537
687.0 0.0023390095520881005
688.0 0.002426754690532107
689.0 0.0024541635866626166
690.0 0.002481572300894186
691.0 0.0024946624762378633
692.0 0.0025077526515815407
693.0 0.00286584509012755
694.0 0.0032239375286735594
695.0 0.0035334254789631814
696.0 0.0038429130654549226
697.0 0.0036010187614010647
698.0 0.0033591244573472068
699.0 0.005056233567302115
700.0 0.006753342313459143
701.0 0.006882197340019047
702.0 0.00701105163898319
703.0 0.006444142491091043
704.0 0.005877234434592538
705.0 0.004826774966204539
706.0 0.0037763165892101824
707.0 0.003475750418147072
708.0 0.003175184247083962
709.0 0.003835145616903901
710.0 0.00449510698672384
711.0 0.003982925773016177
712.0 0.003470744559308514
713.0 0.002832157406373881
714.0 0.0021935702534392476
715.0 0.0023092756237019785
716.0 0.0024249809939647093
717.0 0.002114934795827139
718.0 0.001804888597689569
719.0 0.001631189661566168
720.0 0.0014574907254427671
721.0 0.0015997724403860047
722.0 0.001742054519127123
723.0 0.002057179699477274
724.0 0.0023723050617263652
725.0 0.0020795412638108246
726.0 0.0017867772839963436
727.0 0.0019203907868359238
728.0 0.0020540041077765636
729.0 0.0018451373762218282
730.0 0.0016362706446670927
731.0 0.0013547726666729432
732.0 0.0010732745977293234
733.0 0.0013355537703318987
734.0 0.0015978326700860634
735.0 0.0013948850209999364
736.0 0.0011919370990653988
737.0 0.0012019342648272868
738.0 0.001211930975841824
739.0 0.0013973027307656594
740.0 0.0015826744856894948
741.0 0.0016032548955990933
742.0 0.001623834941710811
743.0 0.0016437179510830902
744.0 0.0016636007785564288
745.0 0.0017303831555182114
746.0 0.001797165532479994
747.0 0.0018722155800787732
748.0 0.0019472656276775524
749.0 0.0026889500077231787
750.0 0.003430634387768805
751.0 0.003290583481430076
752.0 0.003150532938889228
753.0 0.0029145296139176935
754.0 0.00267852665274404
755.0 0.0026162588255829178
756.0 0.0025539909984217957
757.0 0.0027246407626080327
758.0 0.0028952903448953293
759.0 0.0028705171644105576
760.0 0.0028457438020268455
761.0 0.004574070771923289
762.0 0.006302397378021851
763.0 0.006114097777754068
764.0 0.005925798177486286
765.0 0.005398592475103214
766.0 0.004871386772720143
767.0 0.004386925866128877
768.0 0.0039024645957397297
769.0 0.004458659896044992
770.0 0.0050148559239460155
771.0 0.0042915049561997876
772.0 0.0035681539884535596
773.0 0.0035544202546589077
774.0 0.0035406865208642557
775.0 1.6507642692023539e-10
776.0 1.6507642692023539e-10
777.0 1.6507642692023539e-10
778.0 0.0915809825528413
779.0 1.6507642692023539e-10
780.0 0.04650519404094666
781.0 0.020722609770018607
782.0 0.14986764872446656
783.0 0.05200940649956465
784.0 0.014549480692949146
785.0 0.00019022388642042642
786.0 0.033647031523287296
787.0 1.6507642692023539e-10
788.0 0.034335258533246815
789.0 0.029170262860134244
790.0 1.6507642692023539e-10
791.0 0.09537881705909967
792.0 0.06411483627744019
793.0 0.1394973136484623
794.0 0.040626610280014575
795.0 0.13112153392285109
796.0 0.1495266566053033
797.0 0.05229853559285402
798.0 0.14069863827899098
799.0 0.2591421129181981
800.0 0.3501933766528964
801.0 0.539271580055356
802.0 0.9496560320258141
803.0 1.6578663140535355
804.0 2.5669053196907043
805.0 4.017312452197075
806.0 5.780185014009476
807.0 8.07855948805809
808.0 10.729771107435226
809.0 13.835766911506653
810.0 17.17887371778488
811.0 20.202991366386414
812.0 23.391836881637573
813.0 26.96598172187805
814.0 30.964085459709167
815.0 36.174991726875305
816.0 41.72198474407196
817.0 47.99700677394867
818.0 54.397010803222656
819.0 61.37251853942871
820.0 69.38132047653198
821.0 76.16611123085022
822.0 81.8691074848175
823.0 86.5623950958252
824.0 90.97326397895813
825.0 94.04415488243103
826.0 96.12903594970703
827.0 97.6677417755127
828.0 98.80785942077637
829.0 98.87855052947998
830.0 98.44963550567627
831.0 98.92696738243103
832.0 98.17662835121155
833.0 99.72221851348877
834.0 98.55479598045349
835.0 99.11937117576599
836.0 98.5883116722107
837.0 98.72832298278809
838.0 97.99763560295105
839.0 98.0413019657135
840.0 98.36479425430298
841.0 99.37882423400879
842.0 99.3579626083374
843.0 99.5710015296936
844.0 97.85219430923462
845.0 98.7937867641449
846.0 98.72331023216248
847.0 98.54133725166321
848.0 99.4581937789917
849.0 98.78583550453186
850.0 98.17683100700378
851.0 99.1866946220398
852.0 98.95506501197815
853.0 98.62456321716309
854.0 99.60541129112244
855.0 98.47849011421204
856.0 98.80657196044922
857.0 97.79585003852844
858.0 98.57258796691895
859.0 98.97732138633728
860.0 98.89496564865112
861.0 98.78040552139282
862.0 98.50156903266907
863.0 98.1741726398468
864.0 99.72308278083801
865.0 99.81879591941833
866.0 98.71655702590942
867.0 98.86157512664795
868.0 99.53727722167969
869.0 99.19605255126953
870.0 98.03605079650879
871.0 98.91890287399292
872.0 98.88069033622742
873.0 99.00674819946289
874.0 99.35775995254517
875.0 99.20201897621155
876.0 98.62828850746155
877.0 99.50487017631531
878.0 98.982173204422
879.0 98.6538827419281
880.0 98.56004118919373
881.0 99.7292160987854
882.0 98.95318746566772
883.0 98.86990785598755
884.0 99.07703399658203
885.0 98.71362447738647
886.0 98.41361045837402
887.0 98.49358201026917
888.0 99.14337396621704
889.0 99.48874711990356
890.0 98.62442016601562
891.0 99.06638860702515
892.0 98.54493737220764
893.0 98.27173948287964
894.0 98.2534408569336
895.0 99.58730936050415
