lsstCam/transmission_filter_detector/r42_s02/y_10/19700101T000000.ecsv
# %ECSV 1.0
# ---
# datatype:
# - {name: wavelength, unit: nm, datatype: float32}
# - {name: efficiency, unit: '%', datatype: float64}
# meta: !!omap
# - {MODE: DETECTOR}
# - {TYPE: transmission_filter_detector}
# - {CALIBDATE: '1970-01-01T00:00:00'}
# - {INSTRUME: LSSTCam}
# - {OBSTYPE: transmission_filter_detector}
# - {CALIBCLS: lsst.ip.isr.IntermediateFilterDetectorTransmissionCurve}
# - {SOURCE: Materion (DM-46256)}
# - {DETECTOR: 173}
# - {FILTER: y_10}
# - {CALIB_ID: 'calibDate=1970-01-01T00:00:00 filter=y_10 detector=173'}
# - {DATE: '2025-04-02T15:59:51.543652'}
# - {CALIB_CREATION_DATE: '2025-04-02'}
# - {CALIB_CREATION_TIME: '15:59:51'}
# - __serialized_columns__:
#     efficiency:
#       __class__: astropy.units.quantity.Quantity
#       unit: !astropy.units.Unit {unit: '%'}
#       value: !astropy.table.SerializedColumn {name: efficiency}
#     wavelength:
#       __class__: astropy.units.quantity.Quantity
#       unit: !astropy.units.Unit {unit: nm}
#       value: !astropy.table.SerializedColumn {name: wavelength}
# schema: astropy-2.0
wavelength efficiency
300.0 0.025729057961143553
301.0 0.021184996876399964
302.0 0.016640935791656375
303.0 0.016111524018924683
304.0 0.015582110791001469
305.0 0.013908310211263597
306.0 0.012234508176334202
307.0 0.009411721111973748
308.0 0.006588935502804816
309.0 0.007870014087529853
310.0 0.00915109267225489
311.0 0.007436404121108353
312.0 0.005721715206163935
313.0 0.006323887646431103
314.0 0.006926058267708868
315.0 0.006002283771522343
316.0 0.005078509639133699
317.0 0.005319066985975951
318.0 0.005559625424211845
319.0 0.0036632925912272185
320.0 0.0017669590306468308
321.0 0.002506617056496907
322.0 0.003246275446144864
323.0 0.0038971622416283935
324.0 0.004548048673314042
325.0 0.00365399282600265
326.0 0.0027599369786912575
327.0 0.002889798088290263
328.0 0.0030196591978892684
329.0 0.003208675843779929
330.0 0.003397692125872709
331.0 0.0029329670724109747
332.0 0.0024682418370503
333.0 0.002239234163425863
334.0 0.002010226307902485
335.0 0.0019177457943442278
336.0 0.0018252652807859704
337.0 0.001634346517676022
338.0 0.0014434279364650138
339.0 0.0013719080925511662
340.0 0.0013003881576878484
341.0 0.0014293646017904393
342.0 0.0015583411368425004
343.0 0.0018672919395612553
344.0 0.0021762425603810698
345.0 0.0014376299077412114
346.0 0.0006990172096266178
347.0 0.001071920542017324
348.0 0.001444823919882765
349.0 0.0015805397197254933
350.0 0.0017162556105176918
351.0 0.001527405038359575
352.0 0.0013385545571509283
353.0 0.0012485315892263316
354.0 0.0011585084394027945
355.0 0.001675673047429882
356.0 0.0021928377464064397
357.0 0.0016225514627876692
358.0 0.0010522651791688986
359.0 0.0008362184416910168
360.0 0.00062017174968787
361.0 0.000847241153678624
362.0 0.0010743106940935832
363.0 0.0011196844752703328
364.0 0.0011650583473965526
365.0 0.0012068078831362072
366.0 0.001248557418875862
367.0 0.0014878132787998766
368.0 0.0017270689568249509
369.0 0.0014556933820131235
370.0 0.001184317807201296
371.0 0.0011713598723872565
372.0 0.0011584019375732169
373.0 0.00154531608131947
374.0 0.001932230225065723
375.0 0.0027828020392917097
376.0 0.0036333738535176963
377.0 0.004060109858983196
378.0 0.004486846592044458
379.0 0.004211064879200421
380.0 0.003935283166356385
381.0 0.003246202686568722
382.0 0.0025571222067810595
383.0 0.0017573674995219335
384.0 0.0009576129741617478
385.0 0.0007191399163275491
386.0 0.00048066681301861536
387.0 0.00044539838199852966
388.0 0.00041012999645317905
389.0 0.0004472391083254479
390.0 0.00048434817472298164
391.0 0.0005225193490332458
392.0 0.00056069052334351
393.0 0.0006293994829320582
394.0 0.0006981083515711362
395.0 0.0007120744612620911
396.0 0.0007260406164277811
397.0 0.0007723364433331881
398.0 0.0008186324521375354
399.0 0.0010414220923848916
400.0 0.0012642117326322477
401.0 0.001546386192785576
402.0 0.0018285603800904937
403.0 0.0018686585463001393
404.0 0.0019087565306108445
405.0 0.001957569838850759
406.0 0.002006383328989614
407.0 0.0018825156075763516
408.0 0.0017586482499609701
409.0 0.0016194033378269523
410.0 0.0014801587894908153
411.0 0.0011113615983049385
412.0 0.0007425645435432671
413.0 0.0007361176812992198
414.0 0.000729671000954113
415.0 0.0006717420092172688
416.0 0.0006138128355814843
417.0 0.00039751125768816564
418.0 0.00018120966842616326
419.0 1.6079496675119875e-10
420.0 1.6079496675119875e-10
421.0 1.6079496675119875e-10
422.0 1.6079496675119875e-10
423.0 3.061140887439251e-05
424.0 0.00015021892068034504
425.0 1.6079496675119875e-10
426.0 1.6079496675119875e-10
427.0 1.6079496675119875e-10
428.0 0.00021421731162263313
429.0 6.969603987272421e-05
430.0 1.6079496675119875e-10
431.0 5.1515678478608606e-05
432.0 0.00017785644104151288
433.0 0.00013463785535350326
434.0 9.14194060896989e-05
435.0 0.00033760554742912063
436.0 0.0005837919616169529
437.0 0.0003479000724837533
438.0 0.00011200827430002391
439.0 0.00027766200219048187
440.0 0.00044331573008093983
441.0 7.127539447537856e-05
442.0 1.6079496675119875e-10
443.0 8.069292789514293e-06
444.0 0.00031690362902736524
445.0 0.0003217597850380116
446.0 0.0003266158955739229
447.0 3.8563666748814285e-05
448.0 1.6079496675119875e-10
449.0 1.6079496675119875e-10
450.0 9.89951217889029e-05
451.0 7.928927630018734e-05
452.0 5.9583442180155544e-05
453.0 7.678956421841576e-05
454.0 9.399573173141107e-05
455.0 0.00021478886083059479
456.0 0.0003355820354045136
457.0 4.779507207786082e-05
458.0 1.6079496675119875e-10
459.0 1.6079496675119875e-10
460.0 2.661668361270131e-05
461.0 4.660428487568424e-05
462.0 6.659190603386378e-05
463.0 0.00037432009776239283
464.0 0.0006820483122282894
465.0 0.00060724437389581
466.0 0.0005324405719875358
467.0 0.0005914808753004763
468.0 0.0006505211786134169
469.0 0.0009915918781189248
470.0 0.0013326624866749626
471.0 0.001437162882211851
472.0 0.0015416633686982095
473.0 0.002208204932685476
474.0 0.002874746496672742
475.0 0.0026613084628479555
476.0 0.0024478706109221093
477.0 0.0024443685106234625
478.0 0.002440866592223756
479.0 0.003053372711292468
480.0 0.00366587883036118
481.0 0.003968946839449927
482.0 0.004272014484740794
483.0 0.004218933827360161
484.0 0.004165852442383766
485.0 0.0037447724025696516
486.0 0.003323692362755537
487.0 0.0029039476430625655
488.0 0.0024842031052685343
489.0 0.0022749365598428994
490.0 0.0020656700144172646
491.0 0.0019531589714461006
492.0 0.001840648110373877
493.0 0.001611037805560045
494.0 0.0013814273188472725
495.0 0.0016075016901595518
496.0 0.0018335762433707714
497.0 0.0016914827938308008
498.0 0.0015493895261897705
499.0 0.0019462499039946124
500.0 0.0023431099180015735
501.0 0.0025142486265394837
502.0 0.002685387516976334
503.0 0.0028567710614879616
504.0 0.0030281544241006486
505.0 0.0026693536710808985
506.0 0.0023105525542632677
507.0 0.0021355586795834824
508.0 0.0019605649868026376
509.0 0.001970607445400674
510.0 0.00198064990399871
511.0 0.0020811006834264845
512.0 0.0021815514628542587
513.0 0.002161156044167001
514.0 0.002140760625479743
515.0 0.0017017486243275926
516.0 0.0012627363503270317
517.0 0.0011894516319443937
518.0 0.001116166458814405
519.0 0.0011990259736194275
520.0 0.0012818855793739203
521.0 0.001319852344749961
522.0 0.0013578189282270614
523.0 0.001606459954928141
524.0 0.001855101072578691
525.0 0.0019090513887931593
526.0 0.001963001886906568
527.0 0.0021248155462672003
528.0 0.002286629387526773
529.0 0.0023625349058420397
530.0 0.002438440242258366
531.0 0.0022201389583642595
532.0 0.0020018374925712124
533.0 0.0020538076569209807
534.0 0.002105777821270749
535.0 0.001957476524694357
536.0 0.0018091750462190248
537.0 0.0018619784896145575
538.0 0.0019147819330100901
539.0 0.002376751035626512
540.0 0.0028387199563439935
541.0 0.0035593599022831768
542.0 0.004280000212020241
543.0 0.004396435906528495
544.0 0.004512871237238869
545.0 0.004819261448574252
546.0 0.005125651296111755
547.0 0.004782672112924047
548.0 0.004439692565938458
549.0 0.003632971129263751
550.0 0.002826249328791164
551.0 0.002499876973161008
552.0 0.002173504435631912
553.0 0.0023197941118269227
554.0 0.0024660843337187544
555.0 0.003151286728098057
556.0 0.0038364894862752408
557.0 0.004194809298496693
558.0 0.0045531283831223845
559.0 0.004287722549634054
560.0 0.004022316352347843
561.0 0.0037526959204114974
562.0 0.0034830751246772707
563.0 0.003279439260950312
564.0 0.0030758033972233534
565.0 0.003426174953347072
566.0 0.003776545781875029
567.0 0.004089347567060031
568.0 0.004402148988447152
569.0 0.004772361717186868
570.0 0.005142574445926584
571.0 0.005554165909416042
572.0 0.0059657573729055
573.0 0.0063301195041276515
574.0 0.0066944805439561605
575.0 0.006682921230094507
576.0 0.006671361188637093
577.0 0.00634640600765124
578.0 0.006021450462867506
579.0 0.005558924749493599
580.0 0.005096399399917573
581.0 0.00569838157389313
582.0 0.006300363747868687
583.0 0.007616655784659088
584.0 0.00893294854904525
585.0 0.009852102812146768
586.0 0.010771259985631332
587.0 0.010755744006019086
588.0 0.010740229481598362
589.0 0.010560812370385975
590.0 0.010381397441960871
591.0 0.00974054346443154
592.0 0.00909969094209373
593.0 0.008212984539568424
594.0 0.00732627886463888
595.0 0.006276438944041729
596.0 0.005226599023444578
597.0 0.005366937330109067
598.0 0.005507276000571437
599.0 0.00635197211522609
600.0 0.007196667866082862
601.0 0.00848322597448714
602.0 0.009769783355295658
603.0 0.010299171844962984
604.0 0.010828561789821833
605.0 0.010662971180863678
606.0 0.010497382754692808
607.0 0.010032304999185726
608.0 0.009567226516082883
609.0 0.008356520265806466
610.0 0.007145814743125811
611.0 0.005547335240407847
612.0 0.003948856101487763
613.0 0.003633316373452544
614.0 0.003317776645417325
615.0 0.0038529815356014296
616.0 0.004388186425785534
617.0 0.005792483352706768
618.0 0.007196779188234359
619.0 0.008709292887942865
620.0 0.010221805132459849
621.0 0.010908547119470313
622.0 0.011595288378885016
623.0 0.01170908217318356
624.0 0.011822874512290582
625.0 0.011186311894562095
626.0 0.01054975000442937
627.0 0.009129186219070107
628.0 0.007708623161306605
629.0 0.006167166429804638
630.0 0.004625710062100552
631.0 0.0037256490031722933
632.0 0.0028255873985472135
633.0 0.00268325129582081
634.0 0.002540915011195466
635.0 0.0025392128009116277
636.0 0.002537510408728849
637.0 0.0031064093491295353
638.0 0.003675308107631281
639.0 0.0044668013288173825
640.0 0.005258294550003484
641.0 0.005493034768733196
642.0 0.005727774987462908
643.0 0.005908719322178513
644.0 0.006089662929298356
645.0 0.005531119313673116
646.0 0.004972575334249996
647.0 0.0045178116124589
648.0 0.004063047890667804
649.0 0.0031823448807699606
650.0 0.0023016416889731772
651.0 0.0020555316950776614
652.0 0.0018094215192832053
653.0 0.0016749590940889902
654.0 0.0015404964869958349
655.0 0.0015393137800856493
656.0 0.0015381312550744042
657.0 0.0016383148249587975
658.0 0.001738498394843191
659.0 0.0015660669305361807
660.0 0.0013936353752797004
661.0 0.0014252742403186858
662.0 0.0014569132872566115
663.0 0.0016171492461580783
664.0 0.0017773849322111346
665.0 0.0022308189727482386
666.0 0.0026842530132853426
667.0 0.0030585906642954797
668.0 0.0034329281334066764
669.0 0.004656323289964348
670.0 0.005879718082724139
671.0 0.006569123070221394
672.0 0.007258526602527127
673.0 0.0074635368946474046
674.0 0.007668547186767682
675.0 0.00728001250536181
676.0 0.006891476368764415
677.0 0.0063822619267739356
678.0 0.005873046393389814
679.0 0.004798734880750999
680.0 0.0037244230043143034
681.0 0.0023662401872570626
682.0 0.0010080572792503517
683.0 0.0007962779818626586
684.0 0.0005844988208991708
685.0 0.00030040996534808073
686.0 1.632111974458894e-05
687.0 8.815487149149703e-05
688.0 0.0001599886900294223
689.0 0.00014745679663974443
690.0 0.00013492491461875034
691.0 0.0002773808546407963
692.0 0.000419836760556791
693.0 0.0003901675881934352
694.0 0.0003604983703553444
695.0 0.00026079544568347046
696.0 0.0001610925778550154
697.0 0.0002742559672697098
698.0 0.0003874193225783529
699.0 0.00031722167932457523
700.0 0.00024702401333343005
701.0 0.00011980279168710695
702.0 1.6079496675119875e-10
703.0 8.709835128684063e-05
704.0 0.00018161528032578644
705.0 0.00021855485101696104
706.0 0.0002554944330768194
707.0 0.0002210511411249172
708.0 0.00018660787191038253
709.0 0.00024513144580851076
710.0 0.000303655019706639
711.0 0.0002977636995638022
712.0 0.0002918723112088628
713.0 0.00023553704977530288
714.0 0.0001792017656043754
715.0 7.066663556543062e-05
716.0 1.6079496675119875e-10
717.0 8.685862553647894e-05
718.0 0.00021158573417778825
719.0 0.00013065762232145062
720.0 4.9729635520634474e-05
721.0 0.00014497582014882937
722.0 0.00024022203888307558
723.0 0.00018452602716934052
724.0 0.00012882992450613528
725.0 0.0003585735839806148
726.0 0.0005883172889298294
727.0 0.00024389037207583897
728.0 1.6079496675119875e-10
729.0 4.352858979927987e-05
730.0 0.00018759361637421534
731.0 0.00020803424831683515
732.0 0.000228474777941301
733.0 0.00028563422347360756
734.0 0.00034279389637958957
735.0 0.00027871269594470505
736.0 0.0002146315409845556
737.0 0.0003432969606365077
738.0 0.0004719623120763572
739.0 0.0003253224804211641
740.0 0.00017868272834675736
741.0 0.0001297500830332865
742.0 8.081744340415753e-05
743.0 0.0002870875505323056
744.0 0.0004933577201882144
745.0 0.0005234985565039096
746.0 0.0005536395292438101
747.0 0.00044191010601934977
748.0 0.00033018068279488944
749.0 0.0004888718194706598
750.0 0.00064756286519696
751.0 0.000370158045370772
752.0 9.275331649405416e-05
753.0 0.00010796757123898715
754.0 0.00012318193967075786
755.0 0.00028775450573448325
756.0 0.0004523270945355762
757.0 0.00042755305003083777
758.0 0.0004027788691018941
759.0 0.0002797161869239062
760.0 0.00015665340242776438
761.0 0.0002412878302493482
762.0 0.00032592211027804296
763.0 0.0003289965889052837
764.0 0.0003320709311083192
765.0 0.0002239808281956357
766.0 0.00011589071391426842
767.0 5.672228553521563e-05
768.0 1.6079496675119875e-10
769.0 1.6079496675119875e-10
770.0 1.6079496675119875e-10
771.0 1.6079496675119875e-10
772.0 4.3222726731073635e-05
773.0 1.6079496675119875e-10
774.0 1.6079496675119875e-10
775.0 0.00015989737676136428
776.0 0.0004090611128049204
777.0 0.000391067260352429
778.0 0.00037307322600099724
779.0 0.0005384733412938658
780.0 0.0007038735020614695
781.0 0.0006834503892605426
782.0 0.0006630271855101455
783.0 0.0004407484084367752
784.0 0.00021846969957550755
785.0 0.00018629564237926388
786.0 0.00015412161928907153
787.0 0.000388487933378201
788.0 0.0006228542588360142
789.0 0.00036551207358570537
790.0 0.00010816977464855881
791.0 0.00024204805413319264
792.0 0.00037592628814309137
793.0 0.0007331810138566652
794.0 0.0010904356713581365
795.0 0.0006538137313327752
796.0 0.00021719163214584114
797.0 0.000618671765550971
798.0 0.0010201518307439983
799.0 0.0008455073839286342
800.0 0.0006708628461638
801.0 0.0006836521151853958
802.0 0.0006964415206311969
803.0 0.0006962115094211185
804.0 0.00069598140726157
805.0 0.0007228423328342615
806.0 0.000749703258406953
807.0 0.000617195883023669
808.0 0.00048468850764038507
809.0 0.0008068764145718887
810.0 0.0011290644579275977
811.0 0.0009205134119838476
812.0 0.0007119626388885081
813.0 0.0005611912911263062
814.0 0.00041041998883883934
815.0 0.00027339735879650107
816.0 0.0001363747287541628
817.0 0.0004156966951995855
818.0 0.0006950187525944784
819.0 0.0006934591965546133
820.0 0.0006918998224136885
821.0 0.0007603835456393426
822.0 0.0008288672688649967
823.0 0.000697167934049503
824.0 0.0005654689175571548
825.0 0.0006413557002815651
826.0 0.0007172425284807105
827.0 0.0003866301995003596
828.0 5.6017859151324956e-05
829.0 0.00033664846341707744
830.0 0.0006172789198899409
831.0 0.000814865325082792
832.0 0.0010124518666998483
833.0 0.000827046278573107
834.0 0.0006416407813958358
835.0 0.0004067401732754661
836.0 0.00017183965610456653
837.0 0.0005071775831311243
838.0 0.000842515510157682
839.0 0.0008611356861365493
840.0 0.0008797557711659465
841.0 0.000735944377083797
842.0 0.0005921329375269124
843.0 0.0008355241334356833
844.0 0.0010789154657686595
845.0 0.0010083369488711469
846.0 0.0009377585229231045
847.0 0.0007714722414675634
848.0 0.0006051860509614926
849.0 0.0007032062057987787
850.0 0.000801226451585535
851.0 0.0006929867595317774
852.0 0.0005847472948516952
853.0 0.0005692577360605355
854.0 0.0005537684955925215
855.0 0.0007071183063089848
856.0 0.0008604680260759778
857.0 0.001200513361254707
858.0 0.0015405585145344958
859.0 0.001428061386832269
860.0 0.0013155643500795122
861.0 0.0012982992302568164
862.0 0.0012810341104341205
863.0 0.0013766170923190657
864.0 0.0014722000742040109
865.0 0.0017368109183735214
866.0 0.0020014220353914425
867.0 0.0023277401851373725
868.0 0.002654059062479064
869.0 0.002753446278802585
870.0 0.002852833677025046
871.0 0.0028605347324628383
872.0 0.0028682359697995707
873.0 0.0027402382329455577
874.0 0.0026122404960915446
875.0 0.0023377846446237527
