lsstCam/transmission_filter_detector/r42_s02/y_10/19700101T000000.ecsv
# %ECSV 1.0
# ---
# datatype:
# - {name: wavelength, unit: nm, datatype: float32}
# - {name: efficiency, unit: '%', datatype: float64}
# meta: !!omap
# - {MODE: DETECTOR}
# - {TYPE: transmission_filter_detector}
# - {CALIBDATE: '1970-01-01T00:00:00'}
# - {INSTRUME: LSSTCam}
# - {OBSTYPE: transmission_filter_detector}
# - {CALIBCLS: lsst.ip.isr.IntermediateFilterDetectorTransmissionCurve}
# - {SOURCE: Materion (DM-46256)}
# - {DETECTOR: 173}
# - {FILTER: y_10}
# - {CALIB_ID: 'calibDate=1970-01-01T00:00:00 filter=y_10 detector=173'}
# - {DATE: '2025-04-02T15:59:51.543652'}
# - {CALIB_CREATION_DATE: '2025-04-02'}
# - {CALIB_CREATION_TIME: '15:59:51'}
# - __serialized_columns__:
#     efficiency:
#       __class__: astropy.units.quantity.Quantity
#       unit: !astropy.units.Unit {unit: '%'}
#       value: !astropy.table.SerializedColumn {name: efficiency}
#     wavelength:
#       __class__: astropy.units.quantity.Quantity
#       unit: !astropy.units.Unit {unit: nm}
#       value: !astropy.table.SerializedColumn {name: wavelength}
# schema: astropy-2.0
wavelength efficiency
[from data line 577]
877.0 0.0017750553524820134
878.0 0.0014867820937070064
879.0 0.001599495590198785
880.0 0.03519865276757628
881.0 0.09520378080196679
882.0 0.03544366336427629
883.0 0.10087231639772654
884.0 0.03499052836559713
885.0 0.10763377649709582
886.0 0.033206542138941586
887.0 0.1003493438474834
888.0 0.04391117545310408
889.0 0.11114968219771981
890.0 0.042890189797617495
891.0 0.09522620821371675
892.0 0.035636129905469716
893.0 0.11632266687229276
894.0 0.045887837768532336
895.0 0.10914171580225229
896.0 0.0538819411303848
897.0 0.11388143757358193
898.0 0.049773778300732374
899.0 0.12213274603709579
900.0 0.0675925228279084
901.0 0.12956472346559167
902.0 0.1417498802766204
903.0 0.17271372489631176
904.0 0.1960297580808401
905.0 0.2270468045026064
906.0 0.2811859594658017
907.0 0.3531116060912609
908.0 0.4530365113168955
909.0 0.6074750795960426
910.0 0.8636265061795712
911.0 1.2070804834365845
912.0 1.7914770171046257
913.0 2.6726501062512398
914.0 3.7565622478723526
915.0 5.365430563688278
916.0 7.376538962125778
917.0 9.609952569007874
918.0 12.2459776699543
919.0 14.767202734947205
920.0 18.16009283065796
921.0 21.635702252388
922.0 25.067904591560364
923.0 29.11560833454132
924.0 33.55226516723633
925.0 38.528066873550415
926.0 44.56967115402222
927.0 51.129114627838135
928.0 57.02913999557495
929.0 63.50119113922119
930.0 69.29449439048767
931.0 75.08413791656494
932.0 80.48534989356995
933.0 85.1539671421051
934.0 88.62748146057129
935.0 91.19253754615784
936.0 93.1558907032013
937.0 94.59272623062134
938.0 95.51425576210022
939.0 96.02634310722351
940.0 96.35356068611145
941.0 96.61148190498352
942.0 96.78090810775757
943.0 96.92126512527466
944.0 97.22483158111572
945.0 97.19334840774536
946.0 97.28415012359619
947.0 97.27848172187805
948.0 97.40539193153381
949.0 97.33595252037048
950.0 97.41507172584534
951.0 97.4722146987915
952.0 97.56290912628174
953.0 97.77006506919861
954.0 97.76997566223145
955.0 97.87120223045349
956.0 98.09505939483643
957.0 98.26844334602356
958.0 98.43662977218628
959.0 98.51690530776978
960.0 98.63512516021729
961.0 98.72296452522278
962.0 98.81497621536255
963.0 98.82923364639282
964.0 98.88268113136292
965.0 98.87340068817139
966.0 98.96244406700134
967.0 99.01331663131714
968.0 98.99675250053406
969.0 98.9895224571228
970.0 99.04667139053345
971.0 99.10960793495178
972.0 99.14736151695251
973.0 99.23272728919983
974.0 99.24762845039368
975.0 99.19997453689575
976.0 99.27535653114319
977.0 99.24625158309937
978.0 99.29066896438599
979.0 99.24340844154358
980.0 99.21390414237976
981.0 99.12957549095154
982.0 99.06590580940247
983.0 99.11667108535767
984.0 99.04796481132507
985.0 99.01836514472961
986.0 98.92323613166809
987.0 99.00732040405273
988.0 98.88426661491394
989.0 98.86093735694885
990.0 98.82118701934814
991.0 98.84496927261353
992.0 98.91465306282043
993.0 98.8719642162323
994.0 98.83509278297424
995.0 98.90947937965393
996.0 98.87362122535706
997.0 99.00285601615906
998.0 99.02144074440002
999.0 99.06443953514099
1000.0 99.12038445472717
1001.0 99.07534718513489
1002.0 99.16593432426453
1003.0 99.18579459190369
1004.0 99.28966164588928
1005.0 99.20848608016968
1006.0 99.35172200202942
1007.0 99.31299686431885
1008.0 99.29044246673584
1009.0 99.21250343322754
1010.0 99.29913282394409
1011.0 99.27229285240173
1012.0 99.18186068534851
1013.0 99.19987320899963
1014.0 99.16572570800781
1015.0 99.13464188575745
1016.0 99.10091757774353
1017.0 99.14116263389587
1018.0 99.17360544204712
1019.0 99.09735321998596
1020.0 99.13775324821472
1021.0 99.2484986782074
1022.0 99.12638068199158
1023.0 99.18658137321472
1024.0 99.15979504585266
1025.0 99.16688799858093
1026.0 99.22168254852295
1027.0 99.29880499839783
1028.0 99.22060966491699
1029.0 99.33978319168091
1030.0 99.37969446182251
1031.0 99.29667115211487
1032.0 99.353688955307
1033.0 99.327552318573
1034.0 99.3715763092041
1035.0 99.37886595726013
1036.0 99.32205080986023
1037.0 99.33881163597107
1038.0 99.27809238433838
1039.0 99.26653504371643
1040.0 99.18522834777832
1041.0 99.26403760910034
1042.0 99.22487735748291
1043.0 99.18615818023682
1044.0 99.26772117614746
1045.0 98.95975589752197
1046.0 99.1833508014679
1047.0 99.04423356056213
1048.0 99.1492211818695
1049.0 99.04709458351135
1050.0 99.01819229125977
1051.0 99.01140332221985
1052.0 99.03274178504944
1053.0 98.89109134674072
1054.0 99.19450283050537
1055.0 99.1894543170929
1056.0 99.07243847846985
1057.0 99.15812611579895
1058.0 99.04546737670898
1059.0 99.00830388069153
1060.0 99.14118647575378
1061.0 99.04916882514954
1062.0 99.05757308006287
1063.0 98.97592067718506
1064.0 99.21149015426636
1065.0 99.11931157112122
1066.0 99.17038679122925
1067.0 99.15803074836731
1068.0 99.11367297172546
1069.0 99.04225468635559
1070.0 99.30666089057922
1071.0 99.06339645385742
1072.0 99.10231828689575
1073.0 99.2673933506012
1074.0 98.88235926628113
1075.0 98.89205694198608
1076.0 98.7827479839325
1077.0 99.03602004051208
1078.0 99.20092821121216
1079.0 98.746258020401
1080.0 99.55644607543945
1081.0 98.82655739784241
1082.0 98.81724119186401
1083.0 98.71807098388672
1084.0 99.26170110702515
1085.0 98.92961382865906
1086.0 98.8642156124115
1087.0 99.02071356773376
1088.0 98.94428849220276
1089.0 98.65212440490723
1090.0 98.83330464363098
1091.0 98.80650639533997
1092.0 98.78472089767456
1093.0 98.7691581249237
1094.0 98.54995012283325
1095.0 98.37682247161865
1096.0 98.62399697303772
1097.0 98.37768077850342
1098.0 97.83030152320862
1099.0 98.6470878124237
1100.0 98.15483689308167
