lsstCam/transmission_filter_detector/r20_s10/z_20/19700101T000000.ecsv
# %ECSV 1.0
# ---
# datatype:
# - {name: wavelength, unit: nm, datatype: float32}
# - {name: efficiency, unit: '%', datatype: float64}
# meta: !!omap
# - {MODE: DETECTOR}
# - {TYPE: transmission_filter_detector}
# - {CALIBDATE: '1970-01-01T00:00:00'}
# - {INSTRUME: LSSTCam}
# - {OBSTYPE: transmission_filter_detector}
# - {CALIBCLS: lsst.ip.isr.IntermediateFilterDetectorTransmissionCurve}
# - {SOURCE: Materion (DM-46256)}
# - {DETECTOR: 75}
# - {FILTER: z_20}
# - {CALIB_ID: 'calibDate=1970-01-01T00:00:00 filter=z_20 detector=75'}
# - {DATE: '2025-04-02T15:59:48.986112'}
# - {CALIB_CREATION_DATE: '2025-04-02'}
# - {CALIB_CREATION_TIME: '15:59:48'}
# - __serialized_columns__:
#     efficiency:
#       __class__: astropy.units.quantity.Quantity
#       unit: !astropy.units.Unit {unit: '%'}
#       value: !astropy.table.SerializedColumn {name: efficiency}
#     wavelength:
#       __class__: astropy.units.quantity.Quantity
#       unit: !astropy.units.Unit {unit: nm}
#       value: !astropy.table.SerializedColumn {name: wavelength}
# schema: astropy-2.0
wavelength efficiency
300.0 0.6076440680772066
301.0 0.44695748947560787
302.0 0.2862709341570735
303.0 0.26559142861515284
304.0 0.2449118997901678
305.0 0.21267728880047798
306.0 0.18044268945232034
307.0 0.16102783847600222
308.0 0.14161299914121628
309.0 0.1350834616459906
310.0 0.12855393579229712
311.0 0.12156311422586441
312.0 0.1145722926594317
313.0 0.10763416066765785
314.0 0.10069604031741619
315.0 0.09336642106063664
316.0 0.08603680762462318
317.0 0.07512604934163392
318.0 0.06421529687941074
319.0 0.06705589476041496
320.0 0.06989649264141917
321.0 0.06502856849692762
322.0 0.06016065017320216
323.0 0.05596656119450927
324.0 0.05177247803658247
325.0 0.04598881059791893
326.0 0.04020514024887234
327.0 0.03940283786505461
328.0 0.038600535481236875
329.0 0.03480292798485607
330.0 0.03100532339885831
331.0 0.028868537629023194
332.0 0.02673175767995417
333.0 0.02593694080132991
334.0 0.025142121012322605
335.0 0.024084380129352212
336.0 0.023026636335998774
337.0 0.0233831480727531
338.0 0.023739656899124384
339.0 0.02127683546859771
340.0 0.018814018403645605
341.0 0.017613248201087117
342.0 0.016412479453720152
343.0 0.014995755918789655
344.0 0.013579032383859158
345.0 0.013143003161530942
346.0 0.012706973939202726
347.0 0.012368634634185582
348.0 0.012030293146381155
349.0 0.013343214232008904
350.0 0.01465613313484937
351.0 0.013003969797864556
352.0 0.011351802822900936
353.0 0.012577668530866504
354.0 0.01380353351123631
355.0 0.01163734050351195
356.0 0.009471145313000306
357.0 0.01000972551992163
358.0 0.010548305726842955
359.0 0.010070460848510265
360.0 0.009592616697773337
361.0 0.008918036473914981
362.0 0.00824345916043967
363.0 0.008424317638855428
364.0 0.008605175389675424
365.0 0.008648406947031617
366.0 0.008691639959579334
367.0 0.008341555076185614
368.0 0.007991470920387655
369.0 0.008215258276322857
370.0 0.008439046359853819
371.0 0.008061613334575668
372.0 0.007684180309297517
373.0 0.006869366916362196
374.0 0.006054554251022637
375.0 0.0061447397456504405
376.0 0.006234923785086721
377.0 0.00664829567540437
378.0 0.007061666838126257
379.0 0.006129094981588423
380.0 0.005196522033656947
381.0 0.004144783815718256
382.0 0.0030930455977795646
383.0 0.004202288619126193
384.0 0.005311532004270703
385.0 0.005061031333752908
386.0 0.004810531027032994
387.0 0.005277584568830207
388.0 0.005744638838223182
389.0 0.0051286395319039
390.0 0.0045126405893824995
391.0 0.004278470441931859
392.0 0.004044300658279099
393.0 0.004505977631197311
394.0 0.004967654967913404
395.0 0.00433020613854751
396.0 0.003692756945383735
397.0 0.0038117108488222584
398.0 0.003930664388462901
399.0 0.0040362825529882684
400.0 0.004141900717513636
401.0 0.004663780418923125
402.0 0.005185660484130494
403.0 0.005040211908635683
404.0 0.004894763696938753
405.0 0.00415934446209576
406.0 0.0034239248634548858
407.0 0.0026693527615861967
408.0 0.0019147812054143287
409.0 0.0027002124625141732
410.0 0.003485644265310839
411.0 0.0037618472561007366
412.0 0.004038049883092754
413.0 0.004026421447633766
414.0 0.004014793012174778
415.0 0.003395545354578644
416.0 0.0027762976969825104
417.0 0.003318178642075509
418.0 0.0038600595871685073
419.0 0.0035356282751308754
420.0 0.0032111973268911242
421.0 0.00350490772689227
422.0 0.0037986184906912968
423.0 0.003635713437688537
424.0 0.003472808748483658
425.0 0.0028572363589773886
426.0 0.0022416639694711193
427.0 0.0023907241484266706
428.0 0.0025397841454832815
429.0 0.002094185765599832
430.0 0.0016485877495142631
431.0 0.00121051825772156
432.0 0.0007724485840299167
433.0 0.0010597658729238901
434.0 0.0013470832527673338
435.0 0.0015268477000063285
436.0 0.001706612056295853
437.0 0.0017689331798464991
438.0 0.0018312543033971451
439.0 0.0021852669306099415
440.0 0.002539279557822738
441.0 0.002157693415938411
442.0 0.001776107274054084
443.0 0.0024336217393283732
444.0 0.003091136386501603
445.0 0.0031672054319642484
446.0 0.003243274477426894
447.0 0.0025931542040780187
448.0 0.001943034294527024
449.0 0.002268963180540595
450.0 0.0025948922484531067
451.0 0.0021609777832054533
452.0 0.0017270631360588595
453.0 0.0015645140592823736
454.0 0.0014019649825058877
455.0 0.001987485484278295
456.0 0.0025730059860507026
457.0 0.0020218281861161813
458.0 0.0014706504771311302
459.0 0.001647399585635867
460.0 0.001824148785090074
461.0 0.0013445099284581374
462.0 0.0008648709808767308
463.0 0.0014076253137318417
464.0 0.001950379737536423
465.0 0.001939656249305699
466.0 0.0019289329429739155
467.0 0.0018468752386979759
468.0 0.0017648171706241556
469.0 0.0014884287338645663
470.0 0.001212040206155507
471.0 0.0012285982847970445
472.0 0.0012451565453375224
473.0 0.0012676439837377984
474.0 0.0012901314221380744
475.0 0.0011936620467167813
476.0 0.001097192580346018
477.0 0.001249902015842963
478.0 0.0014026110875420272
479.0 0.0016610367310931906
480.0 0.0019194621927454136
481.0 0.001570385393279139
482.0 0.001221308957610745
483.0 0.0009623690857551992
484.0 0.0007034293503238587
485.0 0.0010764620128611568
486.0 0.0014494944480247796
487.0 0.0013807232789986301
488.0 0.0013119521099724807
489.0 0.0017726677469909191
490.0 0.0022333833840093575
491.0 0.0020536994270514697
492.0 0.0018740152881946415
493.0 0.00205017022381071
494.0 0.0022263255232246593
495.0 0.0018232180082122795
496.0 0.0014201104931998998
497.0 0.0012603666618815623
498.0 0.0011006228305632249
499.0 0.0012312150829529855
500.0 0.0013618074262922164
501.0 0.0010473259862919804
502.0 0.0007328445008170092
503.0 0.00123854288176517
504.0 0.0017442413081880659
505.0 0.001958724169526249
506.0 0.0021732070308644325
507.0 0.0019382447135285474
508.0 0.0017032823961926624
509.0 0.0016654654245940037
510.0 0.0016276486348942854
511.0 0.0014456330973189324
512.0 0.0012636176506930497
513.0 0.001375229567202041
514.0 0.0014868417565594427
515.0 0.0012112316653656308
516.0 0.0009356218470202293
517.0 0.0010865326657949481
518.0 0.0012374436664686073
519.0 0.0012306954886298627
520.0 0.0012239471288921777
521.0 0.0015559357052552514
522.0 0.0018879240087699145
523.0 0.0014897993423801381
524.0 0.0010916744940914214
525.0 0.0009078684342966881
526.0 0.0007240624199766899
527.0 0.0010351999662816525
528.0 0.0013463375580613501
529.0 0.0012635817256523296
530.0 0.0011808255294454284
531.0 0.0012682107808359433
532.0 0.0013555960322264582
533.0 0.0009507399227004498
534.0 0.0005458837676997064
535.0 0.0010183832273469307
536.0 0.00149088273246889
537.0 0.00165404435392702
538.0 0.0018172062482335605
539.0 0.0014783937331230845
540.0 0.001139580945164198
541.0 0.001036330377246486
542.0 0.0009330796274298336
543.0 0.0011641083801805507
544.0 0.0013951370419817977
545.0 0.0010756693882285617
546.0 0.0007562017799500609
547.0 0.0012727847206406295
548.0 0.001789367524906993
549.0 0.0017014763216138817
550.0 0.0016135847545228899
551.0 0.001666562820901163
552.0 0.0017195407053804956
553.0 0.0016877393136383034
554.0 0.0016559377399971709
555.0 0.0013092702829453629
556.0 0.0009626026439946145
557.0 0.0012565434190037195
558.0 0.0015504841940128244
559.0 0.0014204220860847272
560.0 0.0012903596143587492
561.0 0.00135273448904627
562.0 0.0014151091818348505
563.0 0.0013334266441233922
564.0 0.0012517440154624637
565.0 0.0018015252862824127
566.0 0.002351306648051832
567.0 0.0025693811039673164
568.0 0.0027874553779838607
569.0 0.002734619192779064
570.0 0.0026817833713721484
571.0 0.002471731750119943
572.0 0.0022616797650698572
573.0 0.0018167764210375026
574.0 0.0013718731679546181
575.0 0.0017661286619841121
576.0 0.002160384065064136
577.0 0.0019830928067676723
578.0 0.001805801730370149
579.0 0.0019143895769957453
580.0 0.0020229772417224012
581.0 0.0017713176930556074
582.0 0.0015196580534393433
583.0 0.0019164719560649246
584.0 0.002313285949639976
585.0 0.0024712708182050847
586.0 0.0026292553229723126
587.0 0.0020441622837097384
588.0 0.0014590689715987537
589.0 0.001970765515579842
590.0 0.002482462332409341
591.0 0.002027315531449858
592.0 0.0015721687304903753
593.0 0.0011653270121314563
594.0 0.0007584852937725373
595.0 0.0010834176464413758
596.0 0.0014083499081607442
597.0 0.0012106529538868926
598.0 0.0010129560905625112
599.0 0.0009827349458646495
600.0 0.0009525138011667877
601.0 0.0008760822311160155
602.0 0.000799650570115773
603.0 0.0012401768799463753
604.0 0.001680702916928567
605.0 0.0013006537301407661
606.0 0.0009206043614540249
607.0 0.0009538279300613794
608.0 0.0009870515896182042
609.0 0.0010826352990989108
610.0 0.001178218826680677
611.0 0.0009782046618056484
612.0 0.0007781904059811495
613.0 0.0008193468602257781
614.0 0.0008605032235209364
615.0 0.0011325407285767142
616.0 0.0014045780517335515
617.0 0.0017756454326445237
618.0 0.0021467127226060256
619.0 0.0019199518646928482
620.0 0.0016931908248807304
621.0 0.0017354243027511984
622.0 0.0017776572349248454
623.0 0.0016656606021570042
624.0 0.0015536637874902226
625.0 0.001480023274780251
626.0 0.00140638294396922
627.0 0.0016798188880784437
628.0 0.001953255195985548
629.0 0.0020394998500705697
630.0 0.002125744867953472
631.0 0.002187991231039632
632.0 0.0022502375941257924
633.0 0.0024951841623988003
634.0 0.0027401309125707485
635.0 0.00554688012925908
636.0 0.00835362880025059
637.0 0.015427787730004638
638.0 0.022501946659758687
639.0 0.020009558647871017
640.0 0.01751717209117487
641.0 0.014992595242802054
642.0 0.012468022760003805
643.0 0.009590948320692405
644.0 0.006713873881381005
645.0 0.006468914943980053
646.0 0.006223956006579101
647.0 0.005899693860555999
648.0 0.005575431714532897
649.0 0.004396474832901731
650.0 0.0032175179512705654
651.0 0.003519169695209712
652.0 0.0038208210753509775
653.0 0.003121484041912481
654.0 0.002422146462777164
655.0 0.002468165439495351
656.0 0.002514184598112479
657.0 0.002616456913528964
658.0 0.0027187288651475683
659.0 0.002396963282080833
660.0 0.002075197880913038
661.0 0.0022330617866828106
662.0 0.0023909256924525835
663.0 0.001962814167200122
664.0 0.0015347026419476606
665.0 0.0017542153727845289
666.0 0.001973728103621397
667.0 0.002244258030259516
668.0 0.0025147877749986947
669.0 0.0019036579033127055
670.0 0.0012925280316267163
671.0 0.00111073650259641
672.0 0.0009289449735661037
673.0 0.001245888324774569
674.0 0.0015628318578819744
675.0 0.001675859311944805
676.0 0.0017888865841086954
677.0 0.0017587399270269088
678.0 0.001728593088046182
679.0 0.0014653940525022335
680.0 0.001202194926008815
681.0 0.001299943141930271
682.0 0.0013976910850033164
683.0 0.002221741306129843
684.0 0.0030457915272563696
685.0 0.0026911946406471543
686.0 0.0023365979359368794
687.0 0.0017901207684190013
688.0 0.0012436436009011231
689.0 0.001670529854891356
690.0 0.0020974162907805294
691.0 0.002260545988974627
692.0 0.002423675869067665
693.0 0.0028236909201950766
694.0 0.0032237061532214284
695.0 0.0032467800338054076
696.0 0.003269853550591506
697.0 0.003692649625008926
698.0 0.004115445335628465
699.0 0.005712612619390711
700.0 0.007309779175557196
701.0 0.007246920722536743
702.0 0.0071840644523035735
703.0 0.006271051097428426
704.0 0.00535803847014904
705.0 0.0047072193410713226
706.0 0.004056400211993605
707.0 0.0037574780435534194
708.0 0.003458555511315353
709.0 0.003921083043678664
710.0 0.004383610576041974
711.0 0.003931119499611668
712.0 0.003478629150777124
713.0 0.002667747139639687
714.0 0.0018568651285022497
715.0 0.002204285738116596
716.0 0.0025517061658320017
717.0 0.002134642272721976
718.0 0.0017175780158140697
719.0 0.0015088333384483121
720.0 0.0013000884791836143
721.0 0.001087857708625961
722.0 0.0008756270290177781
723.0 0.0010904906048381235
724.0 0.001305354180658469
725.0 0.001444856206944678
726.0 0.0015843585060792975
727.0 0.0014917519365553744
728.0 0.0013991450032335706
729.0 0.001562925535836257
730.0 0.0017267058865400031
731.0 0.00142383487400366
732.0 0.0011209638614673167
733.0 0.001342294581263559
734.0 0.0015636254829587415
735.0 0.0014667673895019107
736.0 0.0013699090231966693
737.0 0.0013857734302291647
738.0 0.0014016375644132495
739.0 0.0014441608982451726
740.0 0.0014866842320770957
741.0 0.0014020639355294406
742.0 0.0013174437299312558
743.0 0.0017178675989271142
744.0 0.0021182915588724427
745.0 0.0015462368537555449
746.0 0.0009741822395881172
747.0 0.001369851906929398
748.0 0.0017655216652201489
749.0 0.0023741709810565226
750.0 0.0029828204787918366
751.0 0.002918314203270711
752.0 0.0028538081096485257
753.0 0.002965760722872801
754.0 0.0030777133360970765
755.0 0.0021907671907683834
756.0 0.0013038209544902202
757.0 0.001974277984118089
758.0 0.002644734922796488
759.0 0.002758811206149403
760.0 0.002872887307603378
761.0 0.004625962537829764
762.0 0.0063790372223593295
763.0 0.006029325231793337
764.0 0.005679615060216747
765.0 0.005365278775570914
766.0 0.005050943946116604
767.0 0.004589240052155219
768.0 0.004127535794395953
769.0 0.004254216037224978
770.0 0.004380896280054003
771.0 0.004615884608938359
772.0 0.004850872574024834
773.0 0.004206475568935275
774.0 0.0035620782000478357
775.0 0.006168433174025267
776.0 0.07081613293848932
777.0 1.698658032810163e-10
778.0 0.09035112452693284
779.0 0.07214139332063496
780.0 0.13080721255391836
781.0 1.698658032810163e-10
782.0 1.698658032810163e-10
783.0 0.02557122497819364
784.0 0.09601972997188568
785.0 1.698658032810163e-10
786.0 1.698658032810163e-10
787.0 0.03716546343639493
788.0 1.698658032810163e-10
789.0 0.026936177164316177
790.0 0.007021438068477437
791.0 0.030905281892046332
792.0 0.11144963791593909
793.0 1.698658032810163e-10
794.0 0.08621099404990673
795.0 1.698658032810163e-10
796.0 0.15761738177388906
797.0 0.06381889106705785
798.0 0.22228045854717493
799.0 0.21801840048283339
800.0 0.37250665482133627
801.0 0.6401608698070049
802.0 1.0233398526906967
803.0 1.7293380573391914
804.0 2.801203727722168
805.0 4.319111257791519
806.0 6.210452690720558
807.0 8.731348812580109
808.0 11.32226511836052
809.0 14.333097636699677
810.0 17.79455691576004
811.0 20.8011195063591
812.0 24.025622010231018
813.0 28.171008825302124
814.0 32.41765797138214
815.0 37.78465390205383
816.0 43.26254725456238
817.0 49.982696771621704
818.0 56.68565034866333
819.0 63.143640756607056
820.0 70.95218300819397
821.0 77.55357027053833
822.0 83.36416482925415
823.0 87.28092908859253
824.0 91.38356447219849
825.0 94.7466254234314
826.0 96.42758369445801
827.0 97.7197527885437
828.0 98.85569214820862
829.0 99.21466112136841
830.0 98.6163079738617
831.0 98.80287051200867
832.0 98.03506135940552
833.0 99.55076575279236
834.0 98.53649139404297
835.0 99.00695085525513
836.0 99.02374148368835
837.0 98.83337020874023
838.0 97.72065877914429
839.0 98.37976098060608
840.0 98.64473938941956
841.0 99.21138882637024
842.0 99.09258484840393
843.0 99.55171942710876
844.0 97.76768684387207
845.0 98.40235710144043
846.0 99.06547665596008
847.0 98.69847297668457
848.0 99.49326515197754
849.0 98.84048104286194
850.0 98.0068564414978
851.0 99.55700635910034
852.0 98.97107481956482
853.0 98.49549531936646
854.0 99.94485378265381
855.0 98.52217435836792
856.0 98.84733557701111
857.0 97.97731637954712
858.0 98.46041798591614
859.0 99.04871582984924
860.0 98.40049147605896
861.0 99.04283285140991
862.0 99.06958937644958
863.0 98.7076461315155
864.0 99.41847324371338
865.0 99.66380596160889
866.0 98.31292629241943
867.0 99.3642270565033
868.0 99.35051202774048
869.0 98.67445230484009
870.0 97.98378348350525
871.0 98.88408780097961
872.0 99.14911985397339
873.0 99.07756447792053
874.0 99.40791726112366
875.0 99.0034818649292
876.0 99.02231097221375
877.0 99.45344924926758
878.0 98.77942204475403
879.0 98.44843745231628
880.0 98.36130738258362
881.0 100.02636909484863
882.0 98.65409135818481
883.0 98.35754036903381
884.0 98.97848963737488
885.0 98.82988333702087
886.0 98.792165517807
887.0 98.2420802116394
888.0 98.81138205528259
889.0 99.44127798080444
890.0 98.5809862613678
891.0 98.87783527374268
892.0 98.75840544700623
893.0 98.27901124954224
894.0 97.73622155189514
895.0 99.38335418701172
896.0 98.70402216911316
