lsstCam/transmission_filter_detector/r20_s10/z_20/19700101T000000.ecsv
# %ECSV 1.0
# ---
# datatype:
# - {name: wavelength, unit: nm, datatype: float32}
# - {name: efficiency, unit: '%', datatype: float64}
# meta: !!omap
# - {MODE: DETECTOR}
# - {TYPE: transmission_filter_detector}
# - {CALIBDATE: '1970-01-01T00:00:00'}
# - {INSTRUME: LSSTCam}
# - {OBSTYPE: transmission_filter_detector}
# - {CALIBCLS: lsst.ip.isr.IntermediateFilterDetectorTransmissionCurve}
# - {SOURCE: Materion (DM-46256)}
# - {DETECTOR: 75}
# - {FILTER: z_20}
# - {CALIB_ID: 'calibDate=1970-01-01T00:00:00 filter=z_20 detector=75'}
# - {DATE: '2025-04-02T15:59:48.986112'}
# - {CALIB_CREATION_DATE: '2025-04-02'}
# - {CALIB_CREATION_TIME: '15:59:48'}
# - __serialized_columns__:
#     efficiency:
#       __class__: astropy.units.quantity.Quantity
#       unit: !astropy.units.Unit {unit: '%'}
#       value: !astropy.table.SerializedColumn {name: efficiency}
#     wavelength:
#       __class__: astropy.units.quantity.Quantity
#       unit: !astropy.units.Unit {unit: nm}
#       value: !astropy.table.SerializedColumn {name: wavelength}
# schema: astropy-2.0
wavelength efficiency
[from data line 598]
898.0 98.82309436798096
899.0 98.38489890098572
900.0 98.63473176956177
901.0 99.25971627235413
902.0 99.10968542098999
903.0 98.32960367202759
904.0 97.61111736297607
905.0 98.2647180557251
906.0 97.96856045722961
907.0 98.36363792419434
908.0 97.99494743347168
909.0 98.37833046913147
910.0 97.86506295204163
911.0 96.92355990409851
912.0 95.76951265335083
913.0 94.69043612480164
914.0 92.49981045722961
915.0 90.28705954551697
916.0 87.81775236129761
917.0 86.31434440612793
918.0 82.77865052223206
919.0 81.33398294448853
920.0 78.31920981407166
921.0 74.12235140800476
922.0 69.65593695640564
923.0 63.476407527923584
924.0 57.99517631530762
925.0 52.57842540740967
926.0 46.206092834472656
927.0 38.74223828315735
928.0 32.75529444217682
929.0 26.47596299648285
930.0 21.015064418315887
931.0 15.8127561211586
932.0 10.781750828027725
933.0 6.961376219987869
934.0 4.367324709892273
935.0 2.643136866390705
936.0 1.5105103142559528
937.0 0.9294033981859684
938.0 0.559905543923378
939.0 0.371809140779078
940.0 0.20711475517600775
941.0 0.059699645498767495
942.0 0.14871772145852447
943.0 0.021970714442431927
944.0 0.06388408364728093
945.0 1.698658032810163e-10
946.0 1.698658032810163e-10
947.0 1.698658032810163e-10
948.0 0.01958893844857812
949.0 1.698658032810163e-10
950.0 0.03785983135458082
951.0 1.698658032810163e-10
952.0 0.0323970802128315
953.0 0.05619931616820395
954.0 1.698658032810163e-10
955.0 0.07745017064735293
956.0 0.0018927123164758086
957.0 1.698658032810163e-10
958.0 0.0888245995156467
959.0 0.0031579351343680173
960.0 0.08134436793625355
961.0 0.023384808446280658
962.0 0.05307758692651987
963.0 1.698658032810163e-10
964.0 1.698658032810163e-10
965.0 0.038458278868347406
966.0 0.0414740527048707
967.0 1.698658032810163e-10
968.0 1.698658032810163e-10
969.0 1.698658032810163e-10
970.0 1.698658032810163e-10
971.0 0.03308362211100757
972.0 1.698658032810163e-10
973.0 1.698658032810163e-10
974.0 0.0053901199862593785
975.0 0.029646532493643463
976.0 0.006300478707998991
977.0 0.006259558722376823
978.0 0.00621864091954194
979.0 0.005986831456539221
980.0 0.005755021265940741
981.0 0.005616264752461575
982.0 0.00547750860278029
983.0 0.005409709774539806
984.0 0.005341910582501441
985.0 0.005153761958354153
986.0 0.0049656129704089835
987.0 0.00495497697556857
988.0 0.004944340980728157
989.0 0.004838314271182753
990.0 0.00473228792543523
991.0 0.004731804801849648
992.0 0.004731321678264067
993.0 0.004716396142612211
994.0 0.004701469879364595
995.0 0.004673862713389099
996.0 0.004646255183615722
997.0 0.004459153933566995
998.0 0.004272053047316149
999.0 0.00424848694819957
1000.0 0.0042249208490829915
1001.0 0.004255866224411875
1002.0 0.0042868115997407585
1003.0 0.004298100247979164
1004.0 0.00430938926001545
1005.0 0.004281118890503421
1006.0 0.004252848520991392
1007.0 0.00420697579102125
1008.0 0.004161102697253227
1009.0 0.0042129671783186495
1010.0 0.004264831659384072
1011.0 0.004352892574388534
1012.0 0.0044409538531908765
1013.0 0.004370333772385493
1014.0 0.00429971405537799
1015.0 0.004373824413050897
1016.0 0.004447934770723805
1017.0 0.004591109245666303
1018.0 0.00473428335681092
1019.0 0.004564748815027997
1020.0 0.004395214273245074
1021.0 0.004451284621609375
1022.0 0.004507354606175795
1023.0 0.004501223884290084
1024.0 0.004495093162404373
1025.0 0.004546349009615369
1026.0 0.004597604856826365
1027.0 0.00462001480627805
1028.0 0.004642425119527616
1029.0 0.0045800577936461195
1030.0 0.004517690831562504
1031.0 0.004626151712727733
1032.0 0.004734612230095081
1033.0 0.0048522313591092825
1034.0 0.004969850851921365
1035.0 0.005108046025270596
1036.0 0.005246240834821947
1037.0 0.005347836849978194
1038.0 0.00544943250133656
1039.0 0.005370694634621032
1040.0 0.005291956040309742
1041.0 0.0055389722547261044
1042.0 0.005785988469142467
1043.0 0.0055143082136055455
1044.0 0.005242627230472863
1045.0 0.005670348764397204
1046.0 0.006098069570725784
1047.0 0.006065368506824598
1048.0 0.00603266671532765
1049.0 0.0061109516536816955
1050.0 0.006189235864439979
1051.0 0.006311561446636915
1052.0 0.006433887756429613
1053.0 0.006653527088928968
1054.0 0.006873168604215607
1055.0 0.00741955591365695
1056.0 0.007965944678289816
1057.0 0.007601247489219531
1058.0 0.0072365510277450085
1059.0 0.00753050044295378
1060.0 0.007824449858162552
1061.0 0.008187988714780658
1062.0 0.008551527571398765
1063.0 0.008779325435170904
1064.0 0.009007124026538804
1065.0 0.009211945871356875
1066.0 0.00941676989896223
1067.0 0.009417630644747987
1068.0 0.009418492845725268
1069.0 0.010328648204449564
1070.0 0.011238804290769622
1071.0 0.01060691283782944
1072.0 0.009975023567676544
1073.0 0.010439534526085481
1074.0 0.010904045484494418
1075.0 0.011092769273091108
1076.0 0.011281493061687797
1077.0 0.011743530922103673
1078.0 0.012205565872136503
1079.0 0.012626798707060516
1080.0 0.013048031541984528
1081.0 0.013615016359835863
1082.0 0.014182001177687198
1083.0 0.014108435425441712
1084.0 0.014034868218004704
1085.0 0.014642269525211304
1086.0 0.015249670832417905
1087.0 0.015542734763585031
1088.0 0.01583580014994368
1089.0 0.016347720520570874
1090.0 0.016859643801581115
1091.0 0.01662202994339168
1092.0 0.0163844131748192
1093.0 0.016937122563831508
1094.0 0.01748982904246077
1095.0 0.018684667884372175
1096.0 0.01987950672628358
1097.0 0.020158939878456295
1098.0 0.02043837303062901
1099.0 0.022130140860099345
1100.0 0.02382190286880359
1101.0 0.023827780387364328
1102.0 0.023833656450733542
1103.0 0.024604352074675262
1104.0 0.02537504769861698
1105.0 0.02592635282780975
1106.0 0.026477660867385566
1107.0 0.027106099878437817
1108.0 0.027734538889490068
1109.0 0.02918729733210057
1110.0 0.030640055774711072
1111.0 0.030085191247053444
1112.0 0.02953032380901277
1113.0 0.031397902057506144
1114.0 0.03326547739561647
1115.0 0.03374591178726405
1116.0 0.034226346178911626
1117.0 0.034651055466383696
1118.0 0.035075764753855765
1119.0 0.037515099393203855
1120.0 0.0399544311221689
1121.0 0.04137468640692532
1122.0 0.04279494169168174
1123.0 0.04239970294293016
1124.0 0.04200446419417858
1125.0 0.04370498354546726
1126.0 0.04540550580713898
1127.0 0.04836293519474566
1128.0 0.051320361671969295
1129.0 0.05333819426596165
1130.0 0.055356026859954
1131.0 0.05736827733926475
1132.0 0.05938052199780941
1133.0 0.06055830745026469
1134.0 0.061736092902719975
1135.0 0.06170187843963504
1136.0 0.0616676639765501
1137.0 0.06874818354845047
1138.0 0.07582871476188302
1139.0 0.07938963826745749
1140.0 0.08295055595226586
1141.0 0.09375467197969556
1142.0 0.10455877054482698
1143.0 0.12609412660822272
1144.0 0.1476294477470219
1145.0 0.2776224631816149
1146.0 0.40761549025774
1147.0 0.8364934474229813
1148.0 1.2653714045882225
1149.0 1.4205499552190304
1150.0 1.5757294371724129
