lsstCam/transmission_filter_detector/r02_s21/u_24/19700101T000000.ecsv
# %ECSV 1.0
# ---
# datatype:
# - {name: wavelength, unit: nm, datatype: float32}
# - {name: efficiency, unit: '%', datatype: float64}
# meta: !!omap
# - {MODE: DETECTOR}
# - {TYPE: transmission_filter_detector}
# - {CALIBDATE: '1970-01-01T00:00:00'}
# - {INSTRUME: LSSTCam}
# - {OBSTYPE: transmission_filter_detector}
# - {CALIBCLS: lsst.ip.isr.IntermediateFilterDetectorTransmissionCurve}
# - {SOURCE: Materion (DM-46256)}
# - {DETECTOR: 16}
# - {FILTER: u_24}
# - {CALIB_ID: 'calibDate=1970-01-01T00:00:00 filter=u_24 detector=16'}
# - {DATE: '2025-04-02T15:59:39.820843'}
# - {CALIB_CREATION_DATE: '2025-04-02'}
# - {CALIB_CREATION_TIME: '15:59:39'}
# - __serialized_columns__:
#     efficiency:
#       __class__: astropy.units.quantity.Quantity
#       unit: !astropy.units.Unit {unit: '%'}
#       value: !astropy.table.SerializedColumn {name: efficiency}
#     wavelength:
#       __class__: astropy.units.quantity.Quantity
#       unit: !astropy.units.Unit {unit: nm}
#       value: !astropy.table.SerializedColumn {name: wavelength}
# schema: astropy-2.0
wavelength efficiency
[from data line 582]
877.0 0.0023812985091353767
878.0 0.002628895890666172
879.0 0.0027159618184668943
880.0 0.002803028291964438
881.0 0.0030193519705790095
882.0 0.0032356761948904023
883.0 0.0030037967007956468
884.0 0.002771917570498772
885.0 0.0027160989702679217
886.0 0.0026602803700370714
887.0 0.0023974544092197903
888.0 0.0021346286303014494
889.0 0.002063536703644786
890.0 0.001992444413190242
891.0 0.00222275029955199
892.0 0.0024530563678126782
893.0 0.0024468195988447405
894.0 0.002440582466078922
895.0 0.002869561649276875
896.0 0.003298540468676947
897.0 0.003687685602926649
898.0 0.004076831464772113
899.0 0.004295832695788704
900.0 0.004514833563007414
901.0 0.004309264477342367
902.0 0.004103695755475201
903.0 0.0044369735405780375
904.0 0.004770251689478755
905.0 0.004891413846053183
906.0 0.0050125756388297305
907.0 0.0054819211072754115
908.0 0.0059512665757210925
909.0 0.0059425841755000874
910.0 0.005933901775279082
911.0 0.005995805258862674
912.0 0.006057708742446266
913.0 0.005911279731662944
914.0 0.005764850357081741
915.0 0.005196264828555286
916.0 0.0046276796638267115
917.0 0.004215152148390189
918.0 0.003802624996751547
919.0 0.004058601916767657
920.0 0.004314578109188005
921.0 0.004562290632748045
922.0 0.0048100035201059654
923.0 0.005632779357256368
924.0 0.006455553375417367
925.0 0.006638927152380347
926.0 0.006822301656939089
927.0 0.00736733345547691
928.0 0.007912362343631685
929.0 0.0077536533353850245
930.0 0.007594944327138364
931.0 0.0071595655754208565
932.0 0.006724184640916064
933.0 0.006602874054806307
934.0 0.0064815634686965495
935.0 0.006736358773196116
936.0 0.006991154077695683
937.0 0.007226630987133831
938.0 0.007462110079359263
939.0 0.007439564069500193
940.0 0.007417018059641123
941.0 0.006394471711246297
942.0 0.00537192499905359
943.0 0.004416912634042092
944.0 0.0034619009966263548
945.0 0.002655588832567446
946.0 0.0018492772142053582
947.0 0.0017460102753830142
948.0 0.0016427435184596106
949.0 0.0014913612176314928
950.0 0.0013399788258539047
951.0 0.0012563925338326953
952.0 0.001172806241811486
953.0 0.0014140543498797342
954.0 0.0016553025488974527
955.0 0.002246612712042406
956.0 0.0028379228751873598
957.0 0.0028598267817869782
958.0 0.002881729778891895
959.0 0.0030600152967963368
960.0 0.0032383006328018382
961.0 0.0037222085666144267
962.0 0.004206116500427015
963.0 0.004374797936179675
964.0 0.004543479735730216
965.0 0.004524964606389403
966.0 0.00450644911325071
967.0 0.004598723899107426
968.0 0.0046909990487620234
969.0 0.004651123890653253
970.0 0.004611248368746601
971.0 0.004829764657188207
972.0 0.005048280945629813
973.0 0.00481599745398853
974.0 0.004583713234751485
975.0 0.004405286745168269
976.0 0.00422685916419141
977.0 0.003855171598843299
978.0 0.0034834833058994263
979.0 0.0032205301977228373
980.0 0.0029575770895462483
981.0 0.0028896476578665897
982.0 0.002821718226186931
983.0 0.0030292798328446224
984.0 0.003236841075704433
985.0 0.003538117016432807
986.0 0.0038393933209590614
987.0 0.004168452869635075
988.0 0.004497511690715328
989.0 0.0054676933359587565
990.0 0.006437874253606424
991.0 0.006516875873785466
992.0 0.00659587822156027
993.0 0.006954617128940299
994.0 0.00731335676391609
995.0 0.007129264122340828
996.0 0.0069451685703825206
997.0 0.006610007403651252
998.0 0.0062748484197072685
999.0 0.006359617691487074
1000.0 0.006444389146054164
1001.0 0.006097334699006751
1002.0 0.0057502806157572195
1003.0 0.005186388443689793
1004.0 0.0046224959078244865
1005.0 0.004878930485574529
1006.0 0.0051353639719309285
1007.0 0.005000737655791454
1008.0 0.004866108429268934
1009.0 0.004322130189393647
1010.0 0.003778152313316241
1011.0 0.0036809280572924763
1012.0 0.0035837041650665924
1013.0 0.003160136111546308
1014.0 0.0027365682399249636
1015.0 0.0023207998310681432
1016.0 0.001905031422211323
1017.0 0.0017605789253138937
1018.0 0.0016161264284164645
1019.0 0.0015142506526899524
1020.0 0.0014123745131655596
1021.0 0.0012122240150347352
1022.0 0.0010120735169039108
1023.0 0.0011039141099900007
1024.0 0.0011957547030760907
1025.0 0.0012191324458399322
1026.0 0.0012425102795532439
1027.0 0.0011402737072785385
1028.0 0.0010380369531048927
1029.0 0.0010449503861309495
1030.0 0.0010518640920054168
1031.0 0.0016960384527919814
1032.0 0.0023402131773764268
1033.0 0.00223144543269882
1034.0 0.002122677869920153
1035.0 0.0023213087843032554
1036.0 0.0025199395167874172
1037.0 0.0028024966013617814
1038.0 0.0030850536859361455
1039.0 0.0027965341359958984
1040.0 0.002508014949853532
1041.0 0.0019335868273628876
1042.0 0.0013591589777206536
1043.0 0.0014348023796628695
1044.0 0.001510446145402966
1045.0 0.0016236472220043652
1046.0 0.0017368487533531152
1047.0 0.002115951974701602
1048.0 0.002495055377949029
1049.0 0.0018144903151551262
1050.0 0.001133924706664402
1051.0 0.0011668224942695815
1052.0 0.00119971982712741
1053.0 0.0009302485523221549
1054.0 0.0006607769137190189
1055.0 0.00044608332245843485
1056.0 0.0002313900040462613
1057.0 0.0011344553968228865
1058.0 0.0020375206077005714
1059.0 0.0012263987628102768
1060.0 0.0004152770998189226
1061.0 0.0013849367860530037
1062.0 0.002354596472287085
1063.0 0.0019357499695615843
1064.0 0.0015169031939876731
1065.0 0.0012148102541686967
1066.0 0.0009127175871981308
1067.0 0.0006182190190884285
1068.0 0.00032371983706980245
1069.0 0.0013787783245788887
1070.0 0.002433836561976932
1071.0 0.0010749634384410456
1072.0 1.6105393928211864e-10
1073.0 0.0005584366135735763
1074.0 0.0014007823665451724
1075.0 0.0027480664357426576
1076.0 0.004095350232091732
1077.0 0.004466369500732981
1078.0 0.004837388769374229
1079.0 0.005954800872132182
1080.0 0.007072209700709209
1081.0 0.005392698221839964
1082.0 0.0037131863791728392
1083.0 0.0027334195692674257
1084.0 0.0017536533050588332
1085.0 0.0026026140403700992
1086.0 0.0034515742299845442
1087.0 0.0033066808100556955
1088.0 0.003161787026328966
1089.0 0.004960700243827887
1090.0 0.006759614188922569
1091.0 0.0043430296500446275
1092.0 0.0019264451111666858
1093.0 0.0012602856259036344
1094.0 0.0005941264134889934
1095.0 0.0005595247330347775
1096.0 0.0005249232799542369
1097.0 0.0015125183381314855
1098.0 0.00250011380558135
1099.0 0.0030115508707240224
1100.0 0.0035229877539677545
