lsstCam/transmission_filter_detector/r02_s21/u_24/19700101T000000.ecsv
# %ECSV 1.0
# ---
# datatype:
# - {name: wavelength, unit: nm, datatype: float32}
# - {name: efficiency, unit: '%', datatype: float64}
# meta: !!omap
# - {MODE: DETECTOR}
# - {TYPE: transmission_filter_detector}
# - {CALIBDATE: '1970-01-01T00:00:00'}
# - {INSTRUME: LSSTCam}
# - {OBSTYPE: transmission_filter_detector}
# - {CALIBCLS: lsst.ip.isr.IntermediateFilterDetectorTransmissionCurve}
# - {SOURCE: Materion (DM-46256)}
# - {DETECTOR: 16}
# - {FILTER: u_24}
# - {CALIB_ID: 'calibDate=1970-01-01T00:00:00 filter=u_24 detector=16'}
# - {DATE: '2025-04-02T15:59:39.820843'}
# - {CALIB_CREATION_DATE: '2025-04-02'}
# - {CALIB_CREATION_TIME: '15:59:39'}
# - __serialized_columns__:
#     efficiency:
#       __class__: astropy.units.quantity.Quantity
#       unit: !astropy.units.Unit {unit: '%'}
#       value: !astropy.table.SerializedColumn {name: efficiency}
#     wavelength:
#       __class__: astropy.units.quantity.Quantity
#       unit: !astropy.units.Unit {unit: nm}
#       value: !astropy.table.SerializedColumn {name: wavelength}
# schema: astropy-2.0
wavelength efficiency
295.0 1.6105393928211864e-10
296.0 1.6105393928211864e-10
297.0 1.6105393928211864e-10
298.0 1.6105393928211864e-10
299.0 1.6105393928211864e-10
300.0 1.6105393928211864e-10
301.0 1.6105393928211864e-10
302.0 1.6105393928211864e-10
303.0 0.20304573699831963
304.0 0.07997851935215294
305.0 0.682233041152358
306.0 1.7047800123691559
307.0 3.1821634620428085
308.0 5.823530629277229
309.0 8.873116970062256
310.0 12.225472182035446
311.0 15.956120193004608
312.0 19.84536051750183
313.0 22.812213003635406
314.0 25.86614191532135
315.0 28.256982564926147
316.0 30.459079146385193
317.0 32.95757174491882
318.0 35.71893870830536
319.0 39.569395780563354
320.0 45.26837170124054
321.0 50.627219676971436
322.0 56.65605068206787
323.0 62.15718388557434
324.0 66.54683947563171
325.0 69.72713470458984
326.0 72.04431295394897
327.0 74.03326630592346
328.0 75.66598653793335
329.0 77.10762023925781
330.0 78.44797372817993
331.0 79.03296947479248
332.0 79.3502688407898
333.0 79.49938178062439
334.0 79.41082715988159
335.0 79.51740026473999
336.0 79.7661304473877
337.0 80.23772239685059
338.0 81.08574151992798
339.0 81.76959753036499
340.0 82.1695625782013
341.0 82.67738819122314
342.0 82.92899131774902
343.0 82.9674780368805
344.0 83.08846950531006
345.0 83.46417546272278
346.0 83.81829261779785
347.0 84.16787981987
348.0 84.49519276618958
349.0 84.68562960624695
350.0 84.6845030784607
351.0 84.92700457572937
352.0 84.81302261352539
353.0 84.74066257476807
354.0 84.65960621833801
355.0 84.89697575569153
356.0 85.10246276855469
357.0 85.00198125839233
358.0 84.69458222389221
359.0 84.52922105789185
360.0 84.35791730880737
361.0 84.10658240318298
362.0 83.94272327423096
363.0 84.01764631271362
364.0 84.13557410240173
365.0 84.38106179237366
366.0 84.6409559249878
367.0 84.73543524742126
368.0 84.74702835083008
369.0 84.79280471801758
370.0 84.59720611572266
371.0 84.43683385848999
372.0 84.38782095909119
373.0 84.47082042694092
374.0 84.5315158367157
375.0 84.84784960746765
376.0 84.9721908569336
377.0 85.01222133636475
378.0 85.09359955787659
379.0 84.8061740398407
380.0 84.1103196144104
381.0 82.84893035888672
382.0 81.04092478752136
383.0 79.0834367275238
384.0 76.9926905632019
385.0 74.71176385879517
386.0 72.16866612434387
387.0 68.90572309494019
388.0 65.55373668670654
389.0 61.468708515167236
390.0 57.384663820266724
391.0 53.121888637542725
392.0 48.69554042816162
393.0 44.95002627372742
394.0 41.723546385765076
395.0 38.20317983627319
396.0 34.44929122924805
397.0 29.425689578056335
398.0 23.520101606845856
399.0 16.599728167057037
400.0 10.365800559520721
401.0 5.633549392223358
402.0 2.386503480374813
403.0 0.7578592281788588
404.0 0.2563090529292822
405.0 0.10551546001806855
406.0 0.05422968533821404
407.0 0.03243261598981917
408.0 1.6105393928211864e-10
409.0 1.6105393928211864e-10
410.0 1.6105393928211864e-10
411.0 1.6105393928211864e-10
412.0 1.6105393928211864e-10
413.0 1.6105393928211864e-10
414.0 1.6105393928211864e-10
415.0 1.6105393928211864e-10
416.0 1.6105393928211864e-10
417.0 1.6105393928211864e-10
418.0 1.6105393928211864e-10
419.0 1.6105393928211864e-10
420.0 1.6105393928211864e-10
421.0 1.6105393928211864e-10
422.0 1.6105393928211864e-10
423.0 1.6105393928211864e-10
424.0 1.6105393928211864e-10
425.0 1.6105393928211864e-10
426.0 1.6105393928211864e-10
427.0 1.6105393928211864e-10
428.0 7.145787890294741e-05
429.0 0.0010832123734871857
430.0 0.002094966475851834
431.0 0.0006372641564666992
432.0 1.6105393928211864e-10
433.0 1.6105393928211864e-10
434.0 1.6105393928211864e-10
435.0 0.0002670602953003254
436.0 0.001034081469697412
437.0 0.00018284520137967775
438.0 1.6105393928211864e-10
439.0 0.0007131001893867506
440.0 0.002094591582135763
441.0 1.6105393928211864e-10
442.0 1.6105393928211864e-10
443.0 1.6105393928211864e-10
444.0 1.6105393928211864e-10
445.0 1.6105393928211864e-10
446.0 1.6105393928211864e-10
447.0 1.6105393928211864e-10
448.0 1.6105393928211864e-10
449.0 0.0003750560154003324
450.0 0.0011401180927350651
451.0 8.181937118934002e-05
452.0 1.6105393928211864e-10
453.0 1.6105393928211864e-10
454.0 1.6105393928211864e-10
455.0 1.6105393928211864e-10
456.0 1.6105393928211864e-10
457.0 1.6105393928211864e-10
458.0 1.6105393928211864e-10
459.0 1.6105393928211864e-10
460.0 1.6105393928211864e-10
461.0 1.6105393928211864e-10
462.0 1.6105393928211864e-10
463.0 1.6105393928211864e-10
464.0 1.6105393928211864e-10
465.0 1.6105393928211864e-10
466.0 0.00026577426979201846
467.0 0.00018671883026399883
468.0 0.00010766341347334674
469.0 0.0003858171112369746
470.0 0.0006639707407884998
471.0 6.180955551826628e-05
472.0 1.6105393928211864e-10
473.0 1.6105393928211864e-10
474.0 1.6105393928211864e-10
475.0 1.6105393928211864e-10
476.0 0.0002017688757405267
477.0 0.0003914102308044676
478.0 0.0005810516995552462
479.0 2.525938214148482e-05
480.0 1.6105393928211864e-10
481.0 1.6105393928211864e-10
482.0 0.00047207099669321906
483.0 1.6105393928211864e-10
484.0 1.6105393928211864e-10
485.0 1.6105393928211864e-10
486.0 1.6105393928211864e-10
487.0 1.6105393928211864e-10
488.0 1.6105393928211864e-10
489.0 1.6105393928211864e-10
490.0 1.6105393928211864e-10
491.0 1.6105393928211864e-10
492.0 1.6105393928211864e-10
493.0 1.6105393928211864e-10
494.0 1.6105393928211864e-10
495.0 0.00018624554058987997
496.0 0.0009753441190696321
497.0 0.0003661438768176595
498.0 1.6105393928211864e-10
499.0 1.6105393928211864e-10
500.0 0.00012521281860244926
501.0 4.578370464969339e-05
502.0 1.6105393928211864e-10
503.0 1.6105393928211864e-10
504.0 1.6105393928211864e-10
505.0 1.6105393928211864e-10
506.0 1.6105393928211864e-10
507.0 1.6105393928211864e-10
508.0 1.6105393928211864e-10
509.0 1.6105393928211864e-10
510.0 1.6105393928211864e-10
511.0 0.00012328620186963235
512.0 0.000365190749107569
513.0 0.0002481639967299998
514.0 0.0001311369828727038
515.0 0.0003451177462920896
516.0 0.0005590985438175267
517.0 1.6105393928211864e-10
518.0 1.6105393928211864e-10
519.0 1.6105393928211864e-10
520.0 0.0002935751808763598
521.0 0.0003759051196539076
522.0 0.0004582348992698826
523.0 0.00016617948404018534
524.0 1.6105393928211864e-10
525.0 1.6105393928211864e-10
526.0 1.6105393928211864e-10
527.0 1.6105393928211864e-10
528.0 1.6105393928211864e-10
529.0 1.6105393928211864e-10
530.0 1.6105393928211864e-10
531.0 0.00012525101737992372
532.0 0.0004781444204127183
533.0 1.6105393928211864e-10
534.0 1.6105393928211864e-10
535.0 1.6105393928211864e-10
536.0 1.6105393928211864e-10
537.0 1.6105393928211864e-10
538.0 1.6105393928211864e-10
539.0 1.6105393928211864e-10
540.0 1.6105393928211864e-10
541.0 1.6105393928211864e-10
542.0 1.6105393928211864e-10
543.0 1.6105393928211864e-10
544.0 1.6105393928211864e-10
545.0 1.6105393928211864e-10
546.0 1.6105393928211864e-10
547.0 1.6105393928211864e-10
548.0 0.00014062885611565434
549.0 1.6105393928211864e-10
550.0 1.6105393928211864e-10
551.0 1.6105393928211864e-10
552.0 1.6105393928211864e-10
553.0 1.6105393928211864e-10
554.0 1.6105393928211864e-10
555.0 1.6105393928211864e-10
556.0 1.6105393928211864e-10
557.0 1.6105393928211864e-10
558.0 1.6105393928211864e-10
559.0 1.6105393928211864e-10
560.0 0.0002933332552856882
561.0 1.6105393928211864e-10
562.0 1.6105393928211864e-10
563.0 1.6105393928211864e-10
564.0 1.6105393928211864e-10
565.0 1.6105393928211864e-10
566.0 1.6105393928211864e-10
567.0 1.6105393928211864e-10
568.0 1.6105393928211864e-10
569.0 2.858143091089005e-05
570.0 0.00029263869691931177
571.0 0.0004716750027000671
572.0 0.0006507115358544979
573.0 0.0005285030056256801
574.0 0.00040629488466947805
575.0 0.00011128275900773588
576.0 1.6105393928211864e-10
577.0 7.124652370293916e-05
578.0 0.00032622224352962803
579.0 0.000462955131297349
580.0 0.0005996879281155998
581.0 0.000875610567163676
582.0 0.0011515333426359575
583.0 0.0014719397768203635
584.0 0.00179234648385318
585.0 0.0014130700947134756
586.0 0.0010337932508264203
587.0 0.0009608495929569472
588.0 0.0008879060260369442
589.0 0.0008095003977359738
590.0 0.000731094542061328
591.0 0.0009093540938920341
592.0 0.0010876136911974754
593.0 0.000827988151286263
594.0 0.0005683624749508454
595.0 0.0007722769623796921
596.0 0.0009761910405359231
597.0 0.0009787665476324037
598.0 0.000981341963779414
599.0 0.001491197144787293
600.0 0.0020010522348457016
601.0 0.0023013351892586797
602.0 0.0026016183255705982
603.0 0.0022246655134949833
604.0 0.001847713065217249
605.0 0.0015095215530891437
606.0 0.0011713302228599787
607.0 0.0011830038602056447
608.0 0.0011946774975513108
609.0 0.0007531887604272924
610.0 0.0003117000460406416
611.0 0.0005739773769164458
612.0 0.0008362547305296175
613.0 0.0007231253221107181
614.0 0.0006099959136918187
615.0 0.0007609377007611329
616.0 0.000911879487830447
617.0 0.0008194358088076115
618.0 0.0007269923571584513
619.0 0.00048051992962427903
620.0 0.00023404766125167953
621.0 0.0005232318017078796
622.0 0.0008124158739519771
623.0 0.0006854055300209438
624.0 0.0005583950041909702
625.0 0.000681285791870323
626.0 0.0008041765795496758
627.0 0.0008354656529263593
628.0 0.000866754817252513
629.0 0.0009013423550641164
630.0 0.0009359300747746602
631.0 0.0014662076864624396
632.0 0.0019964851162512787
633.0 0.0020818633856833912
634.0 0.002167241655115504
635.0 0.0024259054043795913
636.0 0.0026845689717447385
637.0 0.0024374807253479958
638.0 0.0021903922970523126
639.0 0.001575760506966617
640.0 0.0009611287168809213
641.0 0.0009971610779757611
642.0 0.0010331935300200712
643.0 0.0007337591796385823
644.0 0.00043432482925709337
645.0 0.0003551780537236482
646.0 0.00027603118724073283
647.0 0.00011790859844040824
648.0 1.6105393928211864e-10
649.0 8.917177751754934e-05
650.0 0.000218557397602126
651.0 0.0005801531187898945
652.0 0.0009417489309271332
653.0 0.0013185475836507976
654.0 0.0016953459635260515
655.0 0.0017197302440763451
656.0 0.0017441145246266387
657.0 0.002722403223742731
658.0 0.003700692468555644
659.0 0.004085728505742736
660.0 0.004470764542929828
661.0 0.004323438406572677
662.0 0.004176112270215526
663.0 0.0031547464459436014
664.0 0.0021333804397727363
665.0 0.0017940359612111934
666.0 0.0014546911188517697
667.0 0.0014139152881398331
668.0 0.0013731392755289562
669.0 0.0008433852599409875
670.0 0.0003136313580398564
671.0 0.0004035589881823398
672.0 0.0004934865046379855
673.0 0.0004899487521470292
674.0 0.0004864110451308079
675.0 0.0007798627848387696
676.0 0.0010733146154962014
677.0 0.0017290403775405139
678.0 0.0023847662305342965
679.0 0.002442589175188914
680.0 0.002500411937944591
681.0 0.00334518299496267
682.0 0.004189954051980749
683.0 0.005958752808510326
684.0 0.007727551565039903
685.0 0.008461932884529233
686.0 0.009196317114401609
687.0 0.008260692993644625
688.0 0.007325070328079164
689.0 0.005933805368840694
690.0 0.004542541137197986
691.0 0.003991440826212056
692.0 0.003440340151428245
693.0 0.003101241964031942
694.0 0.00276214414043352
695.0 0.0024166532966773957
696.0 0.002071162816719152
697.0 0.0015225935385387857
698.0 0.0009740242603584193
699.0 0.0007081132935127243
700.0 0.00044220223571755923
701.0 0.0004318310402595671
702.0 0.00042145989027631003
703.0 0.0006940983439562842
704.0 0.0009667370250099339
705.0 0.0009790262083697598
706.0 0.0009913158464769367
707.0 0.0009456205589231104
708.0 0.0008999249075714033
709.0 0.0007236093097162666
710.0 0.0005472936209116597
711.0 0.000656392921882798
712.0 0.0007654921319044661
713.0 0.0008650282325106673
714.0 0.0009645644240663387
715.0 0.0007856189768062904
716.0 0.0006066735750209773
717.0 0.0006053408014849992
718.0 0.0006040079824742861
719.0 0.0005351021172828041
720.0 0.000466196206616587
721.0 0.0004646713477995945
722.0 0.0004631465344573371
723.0 0.000435711763202562
724.0 0.0004082769919477869
725.0 0.00023767108814354287
726.0 6.706503086206794e-05
727.0 0.0002964004579553148
728.0 0.000525735913470271
729.0 0.00029107795853633434
730.0 5.642004907713272e-05
731.0 0.00010801209100463893
732.0 0.00015960417840688024
733.0 0.0001250164928023878
734.0 9.042881856657914e-05
735.0 0.0003656729177237139
736.0 0.0006409169600374298
737.0 0.0006699777259200346
738.0 0.0006990384008531692
739.0 0.0005923091066506458
740.0 0.0004855796305491822
741.0 0.0009200232852890622
742.0 0.0013544670764531475
743.0 0.0019846303985104896
744.0 0.002614793265820481
745.0 0.00327928937622346
746.0 0.003943785122828558
747.0 0.00443094722868409
748.0 0.004918108970741741
749.0 0.004274027742212638
750.0 0.003629946877481416
751.0 0.003291407847427763
752.0 0.0029528693630709313
753.0 0.0024596858565928414
754.0 0.0019665021682158113
755.0 0.0022239848476601765
756.0 0.0024814680728013627
757.0 0.0020628953279810958
758.0 0.0016443224012618884
759.0 0.0013075597962597385
760.0 0.0009707971912575886
761.0 0.001103572049032664
762.0 0.0012363469977572095
763.0 0.0009921366654452868
764.0 0.000747926287658629
765.0 0.0008207376595237292
766.0 0.0008935491678130347
767.0 0.00071756289798941
768.0 0.00054157649174158
769.0 0.000612696931057144
770.0 0.0006838170975242974
771.0 0.0004761802301800344
772.0 0.00026854318093683105
773.0 0.0002628267111504101
774.0 0.00025711017315188656
775.0 0.0003468084059932153
776.0 0.00043650652514770627
777.0 0.0005087274530524155
778.0 0.0005809480626339791
779.0 0.0008223810255003627
780.0 0.0010638139428920113
781.0 0.0011018357326975092
782.0 0.0011398577044019476
783.0 0.001004741443466628
784.0 0.0008696248187334277
785.0 0.001015326961351093
786.0 0.0011610288311203476
787.0 0.0009543628948449623
788.0 0.0007476968221453717
789.0 0.0008566549695387948
790.0 0.000965613162406953
791.0 0.0008985048225440551
792.0 0.0008313963917316869
793.0 0.00026864911433222005
794.0 1.6105393928211864e-10
795.0 1.6105393928211864e-10
796.0 0.00017146001027867896
797.0 0.00031319234494731063
798.0 0.00045492470235330984
799.0 0.00023820680326025467
800.0 2.1488797585789143e-05
801.0 1.6105393928211864e-10
802.0 1.6105393928211864e-10
803.0 1.6105393928211864e-10
804.0 1.6105393928211864e-10
805.0 1.6105393928211864e-10
806.0 2.204083244805588e-05
807.0 1.6105393928211864e-10
808.0 1.6105393928211864e-10
809.0 1.6105393928211864e-10
810.0 0.0002533981614760705
811.0 4.812276301890961e-05
812.0 1.6105393928211864e-10
813.0 0.00016483460285598994
814.0 0.00048682181841286365
815.0 0.0004625997462426312
816.0 0.0004383775831229286
817.0 0.00032613904750178335
818.0 0.00021390048914327053
819.0 0.00014268048289522994
820.0 7.146051075324067e-05
821.0 1.6105393928211864e-10
822.0 1.6105393928211864e-10
823.0 1.6105393928211864e-10
824.0 1.4223407163171942e-05
825.0 1.6105393928211864e-10
826.0 1.6105393928211864e-10
827.0 0.0001711220193101326
828.0 0.0005992269962007413
829.0 0.0005490860075951787
830.0 0.0004989453827874968
831.0 7.17062619060016e-05
832.0 1.6105393928211864e-10
833.0 1.6105393928211864e-10
834.0 1.6105393928211864e-10
835.0 1.6105393928211864e-10
836.0 1.3972828583064256e-05
837.0 1.6105393928211864e-10
838.0 1.6105393928211864e-10
839.0 1.6105393928211864e-10
840.0 1.6105393928211864e-10
841.0 1.6105393928211864e-10
842.0 7.908508337095554e-05
843.0 1.6105393928211864e-10
844.0 1.6105393928211864e-10
845.0 1.6105393928211864e-10
846.0 4.932710453431355e-05
847.0 0.0002042318328676629
848.0 0.00035913656120101223
849.0 0.0003890133939421503
850.0 0.0004188902039459208
851.0 0.0003188412847521249
852.0 0.00021879241103306413
853.0 0.00028421723072824534
854.0 0.000349642027686059
855.0 0.0003669167654152261
856.0 0.00038419148040702567
857.0 0.0005355112989491317
858.0 0.000686831208440708
859.0 0.0008055599209910724
860.0 0.0009242886335414369
861.0 0.0009388356374984141
862.0 0.0009533825505059212
863.0 0.0010369232768425718
864.0 0.0011204639122297522
865.0 0.0016431928088422865
866.0 0.0021659214326064102
867.0 0.0019981645891675726
868.0 0.0018304077457287349
869.0 0.001768350921338424
870.0 0.0017062935512512922
871.0 0.0017366817701258697
872.0 0.0017670696252025664
873.0 0.0018027614714810625
874.0 0.0018384531358606182
875.0 0.00198607722268207
