lsstCam/transmission_filter_detector/r11_s11/y_10/19700101T000000.ecsv
# %ECSV 1.0
# ---
# datatype:
# - {name: wavelength, unit: nm, datatype: float32}
# - {name: efficiency, unit: '%', datatype: float64}
# meta: !!omap
# - {MODE: DETECTOR}
# - {TYPE: transmission_filter_detector}
# - {CALIBDATE: '1970-01-01T00:00:00'}
# - {INSTRUME: LSSTCam}
# - {OBSTYPE: transmission_filter_detector}
# - {CALIBCLS: lsst.ip.isr.IntermediateFilterDetectorTransmissionCurve}
# - {SOURCE: Materion (DM-46256)}
# - {DETECTOR: 40}
# - {FILTER: y_10}
# - {CALIB_ID: 'calibDate=1970-01-01T00:00:00 filter=y_10 detector=40'}
# - {DATE: '2025-04-02T15:59:50.927562'}
# - {CALIB_CREATION_DATE: '2025-04-02'}
# - {CALIB_CREATION_TIME: '15:59:50'}
# - __serialized_columns__:
#     efficiency:
#       __class__: astropy.units.quantity.Quantity
#       unit: !astropy.units.Unit {unit: '%'}
#       value: !astropy.table.SerializedColumn {name: efficiency}
#     wavelength:
#       __class__: astropy.units.quantity.Quantity
#       unit: !astropy.units.Unit {unit: nm}
#       value: !astropy.table.SerializedColumn {name: wavelength}
# schema: astropy-2.0
wavelength efficiency
300.0 0.5373439285904169
301.0 0.28822897002100945
302.0 0.03911397070623934
303.0 0.034613520256243646
304.0 0.030113078537397087
305.0 0.02070360933430493
306.0 0.011294138676021248
307.0 0.019133543537463993
308.0 0.02697294403333217
309.0 0.01807000662665814
310.0 0.009167067764792591
311.0 0.008246735524153337
312.0 0.00732640182832256
313.0 0.007736468978691846
314.0 0.008146536129061133
315.0 0.007142360846046358
316.0 0.006138187745818868
317.0 0.006064320768928155
318.0 0.005990450517856516
319.0 0.002711603883653879
320.0 1.588486612212614e-10
321.0 0.001982236426556483
322.0 0.004531717058853246
323.0 0.0029914324841229245
324.0 0.0014511478184431326
325.0 0.00015804855593160028
326.0 1.588486612212614e-10
327.0 0.0002167730599467177
328.0 0.001568597144796513
329.0 0.002787145240290556
330.0 0.004005693335784599
331.0 0.003886409103870392
332.0 0.003767124508158304
333.0 0.002770127321127802
334.0 0.0017731295884004794
335.0 0.002199466871388722
336.0 0.002625804700073786
337.0 0.0031226434657583013
338.0 0.003619481867644936
339.0 0.0019116256225970574
340.0 0.000203769423023914
341.0 1.588486612212614e-10
342.0 1.588486612212614e-10
343.0 0.0004765206995216431
344.0 0.001326612527918769
345.0 0.001713123856461607
346.0 0.002099635821650736
347.0 0.001816500662243925
348.0 0.0015333653209381737
349.0 0.001201478335133288
350.0 0.0008695911674294621
351.0 0.0011382931916159578
352.0 0.001406994488206692
353.0 0.0012505949598562438
354.0 0.0010941953405563254
355.0 0.0011333520888001658
356.0 0.0011725088370440062
357.0 0.0008753761903790291
358.0 0.0005782434527645819
359.0 0.0007389108759525698
360.0 0.0008995782991405576
361.0 0.0013017717719776556
362.0 0.0017039650629158132
363.0 0.0012031144251523074
364.0 0.0007022633781161858
365.0 0.0010714304153225385
366.0 0.0014405982255993877
367.0 0.001975288614630699
368.0 0.002509979094611481
369.0 0.0021236855900497176
370.0 0.001737392449285835
371.0 0.0017434416804462671
372.0 0.0017494905478088185
373.0 0.0020862849851255305
374.0 0.002423079058644362
375.0 0.0033366621210006997
376.0 0.004250245183357038
377.0 0.004133401671424508
378.0 0.004016558159491979
379.0 0.0035730812669498846
380.0 0.0031296047382056713
381.0 0.0021271338482620195
382.0 0.0011246625945204869
383.0 0.00109141219581943
384.0 0.0010581613423710223
385.0 0.0008148834240273573
386.0 0.0005716053692594869
387.0 0.0006591833425773075
388.0 0.0007467613158951281
389.0 0.0006921957719896454
390.0 0.0006376304099831032
391.0 0.0005376652552513406
392.0 0.00043770019146904815
393.0 0.000588230386711075
394.0 0.0007387607638520421
395.0 0.0006807847967138514
396.0 0.0006228088295756606
397.0 0.0008121207429212518
398.0 0.0010014325198426377
399.0 0.0012046744814142585
400.0 0.0014079165339353494
401.0 0.0015989562598406337
402.0 0.0017899961676448584
403.0 0.0018512057067709975
404.0 0.001912415427796077
405.0 0.0017834516256698407
406.0 0.0016544883692404255
407.0 0.001389537465001922
408.0 0.0011245870155107696
409.0 0.0008588731361669488
410.0 0.0005931591658736579
411.0 0.00022198848910193192
412.0 1.588486612212614e-10
413.0 0.00032346215448342264
414.0 0.0007961061783134937
415.0 0.0016573681932641193
416.0 0.0025186303901136853
417.0 0.0011052486115659121
418.0 1.588486612212614e-10
419.0 1.588486612212614e-10
420.0 1.588486612212614e-10
421.0 1.588486612212614e-10
422.0 0.0006339044375636149
423.0 0.0003433315669099102
424.0 5.2758514357265085e-05
425.0 6.0457034578575986e-05
426.0 6.815552069383557e-05
427.0 0.0004093939878657693
428.0 0.0007506325800932245
429.0 0.00032585094231762923
430.0 1.588486612212614e-10
431.0 0.0005070111001259647
432.0 0.0011129530321341008
433.0 0.0008639667612442281
434.0 0.0006149811270006467
435.0 0.0002667962689884007
436.0 1.588486612212614e-10
437.0 8.904145829546906e-05
438.0 0.0002594713350845268
439.0 8.556646662327694e-05
440.0 1.588486612212614e-10
441.0 1.588486612212614e-10
442.0 1.588486612212614e-10
443.0 1.588486612212614e-10
444.0 4.001777540452167e-05
445.0 0.0003064289103349438
446.0 0.0005728399628424086
447.0 0.0007766532689856831
448.0 0.0009804663932300173
449.0 0.000908784113562433
450.0 0.0008371015610464383
451.0 0.000396168934457819
452.0 1.588486612212614e-10
453.0 1.588486612212614e-10
454.0 1.588486612212614e-10
455.0 1.588486612212614e-10
456.0 1.588486612212614e-10
457.0 1.588486612212614e-10
458.0 1.588486612212614e-10
459.0 0.00016379099179175682
460.0 0.00033152139167214045
461.0 0.0004575094408210134
462.0 0.0005834975127072539
463.0 0.0004596090548147913
464.0 0.00033572073334653396
465.0 0.00045440115172823425
466.0 0.0005730817065341398
467.0 0.0010335081242374144
468.0 0.0014939342690922786
469.0 0.0016531654182472266
470.0 0.0018123961126548238
471.0 0.0017787639080779627
472.0 0.0017451313397032209
473.0 0.0023150063498178497
474.0 0.002884881178033538
475.0 0.002832332029356621
476.0 0.002779783244477585
477.0 0.0033400170650565997
478.0 0.0039002508856356144
479.0 0.004294732207199559
480.0 0.004689213528763503
481.0 0.004727762279799208
482.0 0.004766311030834913
483.0 0.004203722710371949
484.0 0.0036411340261111036
485.0 0.0038422855141106993
486.0 0.004043437002110295
487.0 0.003520265454426408
488.0 0.0029970939067425206
489.0 0.002444155325065367
490.0 0.0018912172890850343
491.0 0.0016018513633753173
492.0 0.0013124853467161302
493.0 0.0009951252650353126
494.0 0.0006777657290513162
495.0 0.0008165054168784991
496.0 0.0009552452866046224
497.0 0.001669207813392859
498.0 0.0023831707949284464
499.0 0.0024285058316309005
500.0 0.0024738406864344142
501.0 0.002648010377015453
502.0 0.002822179885697551
503.0 0.0028418713554856367
504.0 0.002861562643374782
505.0 0.0031640316592529416
506.0 0.0034665008570300415
507.0 0.002534147643018514
508.0 0.0016017940652091056
509.0 0.001882365540950559
510.0 0.002162936652894132
511.0 0.002306728310941253
512.0 0.0024505197870894335
513.0 0.0020196084733470343
514.0 0.0015886975234025158
515.0 0.0014264082892623264
516.0 0.0012641188732231967
517.0 0.0013506749382941052
518.0 0.001437230639567133
519.0 0.0014524849575536791
520.0 0.0014677388207928743
521.0 0.001710136712063104
522.0 0.001952534330484923
523.0 0.0018108430595020764
524.0 0.00166915197041817
525.0 0.0021866439055884257
526.0 0.0027041363864555024
527.0 0.002524810770410113
528.0 0.0023454855181626044
529.0 0.002500840855645947
530.0 0.002656195829331409
531.0 0.0025742729121702723
532.0 0.002492349813110195
533.0 0.002569472599134315
534.0 0.0026465948394616134
535.0 0.0023708702428848483
536.0 0.0020951452825102024
537.0 0.0023731183318886906
538.0 0.002651091381267179
539.0 0.0033551215892657638
540.0 0.004059151615365408
541.0 0.004110824738745578
542.0 0.004162497862125747
543.0 0.00440882176917512
544.0 0.0046551456762244925
545.0 0.004909318522550166
546.0 0.005163491005077958
547.0 0.004207935853628442
548.0 0.0032523803383810446
549.0 0.0029645225367858075
550.0 0.0026766643713926896
551.0 0.002695649709494319
552.0 0.002714635047595948
553.0 0.0030436918677878566
554.0 0.003372747960384004
555.0 0.0036873585486318916
556.0 0.004001969864475541
557.0 0.0034788132325047627
558.0 0.002955656782432925
559.0 0.003009742977155838
560.0 0.003063828989979811
561.0 0.003227040360798128
562.0 0.0033902510040206835
563.0 0.0032822354114614427
564.0 0.0031742190913064405
565.0 0.0038175097870407626
566.0 0.004460800482775085
567.0 0.004502577212406322
568.0 0.004544353578239679
569.0 0.005136820618645288
570.0 0.005729287659050897
571.0 0.00570612792216707
572.0 0.005682968185283244
573.0 0.006154935545055196
574.0 0.006626903632422909
575.0 0.006582270725630224
576.0 0.0065376385464333
577.0 0.0058169098338112235
578.0 0.005096181121189147
579.0 0.005912927372264676
580.0 0.006729673623340204
581.0 0.007356967398663983
582.0 0.007984260446392
583.0 0.008831926243146881
584.0 0.009679589129518718
585.0 0.009850115020526573
586.0 0.01002064163913019
587.0 0.010056954488391057
588.0 0.010093262972077355
589.0 0.010331163502996787
590.0 0.010569066216703504
591.0 0.00983810969046317
592.0 0.009107151709031314
593.0 0.0074310810305178165
594.0 0.005755013626185246
595.0 0.005734329897677526
596.0 0.005713646169169806
597.0 0.006122177728684619
598.0 0.006530709651997313
599.0 0.007466256647603586
600.0 0.008401802915614098
601.0 0.009118754678638652
602.0 0.00983570353128016
603.0 0.010629038297338411
604.0 0.011422375246183947
605.0 0.011465351417427883
606.0 0.011508327588671818
607.0 0.009934594709193334
608.0 0.008360863284906372
609.0 0.006558497989317402
610.0 0.004756134512717836
611.0 0.003929501690436155
612.0 0.0031028692319523543
613.0 0.0035633293009595945
614.0 0.004023788642371073
615.0 0.004872331192018464
616.0 0.0057208744692616165
617.0 0.0069983820139896125
618.0 0.008275888831121847
619.0 0.009333116031484678
620.0 0.010390342504251748
621.0 0.011479608656372875
622.0 0.012568873353302479
623.0 0.012320632231421769
624.0 0.012072390381945297
625.0 0.010540994844632223
626.0 0.009009597124531865
627.0 0.007155555067583919
628.0 0.005301510827848688
629.0 0.004263151640770957
630.0 0.0032247928174911067
631.0 0.002837381725839805
632.0 0.002449970634188503
633.0 0.0025424962586839683
634.0 0.0026350218831794336
635.0 0.0028470760298660025
636.0 0.0030591298127546906
637.0 0.003783318243222311
638.0 0.004507506309892051
639.0 0.004532510138233192
640.0 0.004557513966574334
641.0 0.00510782228957396
642.0 0.005658130612573586
643.0 0.00568692667002324
644.0 0.005715722363675013
645.0 0.005271662303130142
646.0 0.00482760151498951
647.0 0.003768785609281622
648.0 0.0027099697035737336
649.0 0.0019854931451845914
650.0 0.0012610161320480984
651.0 0.0014381710570887662
652.0 0.001615326436876785
653.0 0.0015459731002920307
654.0 0.0014766196727578063
655.0 0.0014915293832018506
656.0 0.001506439184595365
657.0 0.0015298319340217859
658.0 0.001553224865347147
659.0 0.0017680802557151765
660.0 0.001982935646083206
661.0 0.0017564565496286377
662.0 0.0015299772712751292
663.0 0.002215742460975889
664.0 0.0029015080144745298
665.0 0.0035184770240448415
666.0 0.004135446215514094
667.0 0.004765203993883915
668.0 0.005394960317062214
669.0 0.005603284444077872
670.0 0.005811605296912603
671.0 0.006396230310201645
672.0 0.006980855687288567
673.0 0.007722611917415634
674.0 0.0084643681475427
675.0 0.007852662383811548
676.0 0.007240959530463442
677.0 0.005800147118861787
678.0 0.0043593350710580125
679.0 0.002888280141633004
680.0 0.0014172259398037568
681.0 0.0006255031621549278
682.0 1.588486612212614e-10
683.0 0.00022589606487599667
684.0 0.0006180119726195699
685.0 0.0002878201030398486
686.0 1.588486612212614e-10
687.0 0.00012911687008454464
688.0 0.00030060552944632946
689.0 0.0003391576910871663
690.0 0.0003777098754653707
691.0 0.0005052166216046317
692.0 0.0006327233222691575
693.0 0.0005203383807383943
694.0 0.00040795348468236625
695.0 0.000437584185419837
696.0 0.0004672148406825727
697.0 0.0005249534751783358
698.0 0.0005826920187246287
699.0 0.0004516673470789101
700.0 0.0003206424935342511
701.0 0.0002145551434296067
702.0 0.00010846789564311621
703.0 0.00019616165900515625
704.0 0.0002838554109985125
705.0 0.00039226551962201484
706.0 0.0005006754690839443
707.0 0.00018315513443667442
708.0 1.588486612212614e-10
709.0 1.3852665858848923e-05
710.0 0.00016207055750783184
711.0 0.0004419444394443417
712.0 0.0007218182872748002
713.0 0.00046822588046779856
714.0 0.00021463349639816443
715.0 0.00029626485229528043
716.0 0.00037789620819239644
717.0 0.00020386103187775007
718.0 2.9825869773958402e-05
719.0 0.00026905986487690825
720.0 0.0005082937605038751
721.0 0.0004080981852894183
722.0 0.0003079027464991668
723.0 0.0003016930349986069
724.0 0.0002954833007606794
725.0 0.00044301891648501623
726.0 0.000590554736845661
727.0 0.000221984942072595
728.0 1.588486612212614e-10
729.0 0.00018138016457669437
730.0 0.0005093450454296544
731.0 0.0006172788289404707
732.0 0.0007252128398249624
733.0 0.0002751771035036654
734.0 1.588486612212614e-10
735.0 1.588486612212614e-10
736.0 1.588486612212614e-10
737.0 0.0005370831786422059
738.0 0.0011051842193410266
739.0 0.0007264377472893102
740.0 0.000347690865964978
741.0 0.0001956079586307169
742.0 4.3525039927772013e-05
743.0 1.588486612212614e-10
744.0 1.588486612212614e-10
745.0 0.0003308934765300364
746.0 0.0008021215762710199
747.0 0.00043896461647818796
748.0 7.58077192131168e-05
749.0 7.803492252378419e-06
750.0 1.588486612212614e-10
751.0 1.588486612212614e-10
752.0 2.6771471084430232e-05
753.0 0.00021325611214706441
754.0 0.0003997407475253567
755.0 1.588486612212614e-10
756.0 1.588486612212614e-10
757.0 1.588486612212614e-10
758.0 1.588486612212614e-10
759.0 7.811114528522012e-05
760.0 0.0006301559551502578
761.0 0.0002267392346766428
762.0 1.588486612212614e-10
763.0 1.588486612212614e-10
764.0 1.588486612212614e-10
765.0 0.0001436077695871063
766.0 0.0004757472197525203
767.0 0.00011339799357301672
768.0 1.588486612212614e-10
769.0 1.588486612212614e-10
770.0 1.588486612212614e-10
771.0 1.588486612212614e-10
772.0 1.588486612212614e-10
773.0 0.0002023141860263422
774.0 0.0006040665994078154
775.0 0.0003255708406868507
776.0 4.707495406819362e-05
777.0 0.00025101630853896495
778.0 0.00045495758058677893
779.0 0.0006053573088138364
780.0 0.0007557571279903641
781.0 0.0006429806944652228
782.0 0.0005302043064148165
783.0 0.0004083758085471345
784.0 0.0002865473106794525
785.0 0.0001502833356425981
786.0 1.4019019545230549e-05
787.0 0.0005715343377232784
788.0 0.0011290495422144886
789.0 0.000972769885265734
790.0 0.0008164902283169795
791.0 0.0005137106654728996
792.0 0.0002109309207298793
793.0 0.00042339561332482845
794.0 0.000635859987596632
795.0 0.0007544408163084881
796.0 0.0008730214176466689
797.0 0.0003932825165975373
798.0 1.588486612212614e-10
799.0 0.0005915430392633425
800.0 0.0012695426448772196
801.0 0.0006884858521516435
802.0 0.00010742902532001608
803.0 0.0002529347511881497
804.0 0.00039844044295023195
805.0 0.0006666207809757907
806.0 0.0009348010280518793
807.0 0.0005422554295364534
808.0 0.00014970979691497632
809.0 4.183477813057834e-05
810.0 1.588486612212614e-10
811.0 0.0002170750121877063
812.0 0.0005001900717616081
813.0 0.0008364245331904385
814.0 0.0011726589036697987
815.0 0.0010381792890257202
816.0 0.0009036991286848206
817.0 0.0009032702109834645
818.0 0.0009028413842315786
819.0 0.0009885569852485787
820.0 0.0010742725862655789
821.0 0.0009615826456865761
822.0 0.0008488926141581032
823.0 0.0007747955351078417
824.0 0.0007006986379565205
825.0 0.0006740802746207919
826.0 0.0006474620477092685
827.0 0.0006275970918068197
828.0 0.000607732226853841
829.0 0.00039309456951741595
830.0 0.00017845694628704223
831.0 0.00022145864022604655
832.0 0.0002644605729074101
833.0 0.0004530516434897436
834.0 0.0006416425549105043
835.0 0.000145793467254407
836.0 1.588486612212614e-10
837.0 1.588486612212614e-10
838.0 1.588486612212614e-10
839.0 0.0003149027406834648
840.0 0.0007035882390482584
841.0 0.0009279707228415646
842.0 0.0011523532521096058
843.0 0.0009705955562822055
844.0 0.0007888374966569245
845.0 0.00070281444095599
846.0 0.0006167912033561151
847.0 0.0008693989002495073
848.0 0.0011220066880923696
849.0 0.0010191675755777396
850.0 0.0009163281902146991
851.0 0.0010014914550993126
852.0 0.0010866548109333962
853.0 0.0004122569862374803
854.0 1.588486612212614e-10
855.0 1.588486612212614e-10
856.0 1.588486612212614e-10
857.0 0.00017969686041396926
858.0 0.001155437985289609
859.0 0.0011753740182030015
860.0 0.0011953096873185132
861.0 0.0013625631254399195
862.0 0.0015298170183086768
863.0 0.0017250100427190773
864.0 0.0019202030671294779
865.0 0.0018985168935614638
866.0 0.0018768312656902708
867.0 0.002671561742317863
868.0 0.0034662920370465145
869.0 0.003147471943520941
870.0 0.0028286514861974865
871.0 0.0032347386877518147
872.0 0.003640825889306143
873.0 0.00277874969469849
874.0 0.0019166738638887182
875.0 0.002439907802909147
876.0 0.0029631411962327547
