lsstCam/transmission_filter_detector/r11_s11/y_10/19700101T000000.ecsv
# %ECSV 1.0
# ---
# datatype:
# - {name: wavelength, unit: nm, datatype: float32}
# - {name: efficiency, unit: '%', datatype: float64}
# meta: !!omap
# - {MODE: DETECTOR}
# - {TYPE: transmission_filter_detector}
# - {CALIBDATE: '1970-01-01T00:00:00'}
# - {INSTRUME: LSSTCam}
# - {OBSTYPE: transmission_filter_detector}
# - {CALIBCLS: lsst.ip.isr.IntermediateFilterDetectorTransmissionCurve}
# - {SOURCE: Materion (DM-46256)}
# - {DETECTOR: 40}
# - {FILTER: y_10}
# - {CALIB_ID: 'calibDate=1970-01-01T00:00:00 filter=y_10 detector=40'}
# - {DATE: '2025-04-02T15:59:50.927562'}
# - {CALIB_CREATION_DATE: '2025-04-02'}
# - {CALIB_CREATION_TIME: '15:59:50'}
# - __serialized_columns__:
#     efficiency:
#       __class__: astropy.units.quantity.Quantity
#       unit: !astropy.units.Unit {unit: '%'}
#       value: !astropy.table.SerializedColumn {name: efficiency}
#     wavelength:
#       __class__: astropy.units.quantity.Quantity
#       unit: !astropy.units.Unit {unit: nm}
#       value: !astropy.table.SerializedColumn {name: wavelength}
# schema: astropy-2.0
wavelength efficiency
[from data line 578]
878.0 0.0011857778190460522
879.0 0.0017713104170979932
880.0 0.0723658362403512
881.0 0.09119239985011518
882.0 0.06626764661632478
883.0 0.09659661445766687
884.0 0.06373875658027828
885.0 0.08149177301675081
886.0 0.06762073026038706
887.0 0.10405777720734477
888.0 0.0766639830544591
889.0 0.10489216074347496
890.0 0.08066401351243258
891.0 0.0855832186061889
892.0 0.05808619316667318
893.0 0.10966805275529623
894.0 0.09093052940443158
895.0 0.10224130237475038
896.0 0.0746637349948287
897.0 0.12839512201026082
898.0 0.09888667846098542
899.0 0.11732632992789149
900.0 0.11461518006399274
901.0 0.14009301085025072
902.0 0.1632345258258283
903.0 0.18036107067018747
904.0 0.20772037096321583
905.0 0.25026362854987383
906.0 0.3210615133866668
907.0 0.4245202988386154
908.0 0.5505452398210764
909.0 0.7619209121912718
910.0 1.0739555582404137
911.0 1.5295064076781273
912.0 2.2429145872592926
913.0 3.345860540866852
914.0 4.617656394839287
915.0 6.462859362363815
916.0 8.702647686004639
917.0 11.142110824584961
918.0 13.887663185596466
919.0 16.508130729198456
920.0 19.987712800502777
921.0 23.607206344604492
922.0 27.282318472862244
923.0 31.66431486606598
924.0 36.44369840621948
925.0 41.72946810722351
926.0 48.04090857505798
927.0 54.80877757072449
928.0 60.77106595039368
929.0 67.22465753555298
930.0 72.84499406814575
931.0 78.3212959766388
932.0 83.30565690994263
933.0 87.54761815071106
934.0 90.59295654296875
935.0 92.76245832443237
936.0 94.35888528823853
937.0 95.51079273223877
938.0 96.22302651405334
939.0 96.58003449440002
940.0 96.86397314071655
941.0 96.98605537414551
942.0 97.21202254295349
943.0 97.29911684989929
944.0 97.56597876548767
945.0 97.50500917434692
946.0 97.5912868976593
947.0 97.51490354537964
948.0 97.63814210891724
949.0 97.5351095199585
950.0 97.70137071609497
951.0 97.74459600448608
952.0 97.82782196998596
953.0 98.03197979927063
954.0 98.10856580734253
955.0 98.19755554199219
956.0 98.39937686920166
957.0 98.55381846427917
958.0 98.70822429656982
959.0 98.77561926841736
960.0 98.85088801383972
961.0 98.89976382255554
962.0 98.95621538162231
963.0 98.9564299583435
964.0 98.96201491355896
965.0 99.03225302696228
966.0 99.06225800514221
967.0 99.15308356285095
968.0 99.15199279785156
969.0 99.1130530834198
970.0 99.15493726730347
971.0 99.16993379592896
972.0 99.28051233291626
973.0 99.3354856967926
974.0 99.34038519859314
975.0 99.35832023620605
976.0 99.37171936035156
977.0 99.35352206230164
978.0 99.38126802444458
979.0 99.32016730308533
980.0 99.30511116981506
981.0 99.21292662620544
982.0 99.16263222694397
983.0 99.18664693832397
984.0 99.11808371543884
985.0 99.1549015045166
986.0 99.04583096504211
987.0 99.08101558685303
988.0 98.99365305900574
989.0 98.99432063102722
990.0 98.97770285606384
991.0 99.02408719062805
992.0 99.08105731010437
993.0 99.02493953704834
994.0 99.00714755058289
995.0 99.06271696090698
996.0 99.065101146698
997.0 99.16777610778809
998.0 99.21122789382935
999.0 99.2533266544342
1000.0 99.29150938987732
1001.0 99.25339221954346
1002.0 99.37269687652588
1003.0 99.34569597244263
1004.0 99.41256642341614
1005.0 99.32713508605957
1006.0 99.46832060813904
1007.0 99.42113161087036
1008.0 99.40484762191772
1009.0 99.34365153312683
1010.0 99.4023859500885
1011.0 99.380624294281
1012.0 99.26120042800903
1013.0 99.29596781730652
1014.0 99.28799867630005
1015.0 99.23956394195557
1016.0 99.20269846916199
1017.0 99.2697536945343
1018.0 99.2956280708313
1019.0 99.23112392425537
1020.0 99.2644727230072
1021.0 99.40746426582336
1022.0 99.33390021324158
1023.0 99.38265085220337
1024.0 99.31790232658386
1025.0 99.32853579521179
1026.0 99.39997792243958
1027.0 99.49176907539368
1028.0 99.37232732772827
1029.0 99.52219724655151
1030.0 99.57778453826904
1031.0 99.49413537979126
1032.0 99.53723549842834
1033.0 99.50515627861023
1034.0 99.50069189071655
1035.0 99.59629774093628
1036.0 99.46163296699524
1037.0 99.55391883850098
1038.0 99.45431351661682
1039.0 99.41023588180542
1040.0 99.37710762023926
1041.0 99.41545128822327
1042.0 99.36197996139526
1043.0 99.34179186820984
1044.0 99.34751987457275
1045.0 99.112868309021
1046.0 99.32882785797119
1047.0 99.20824766159058
1048.0 99.253910779953
1049.0 99.1719901561737
1050.0 99.26719069480896
1051.0 99.18789863586426
1052.0 99.20492172241211
1053.0 99.0721046924591
1054.0 99.33900833129883
1055.0 99.36097860336304
1056.0 99.23861622810364
1057.0 99.33629631996155
1058.0 99.22659993171692
1059.0 99.28534626960754
1060.0 99.29870367050171
1061.0 99.19407367706299
1062.0 99.19620156288147
1063.0 99.21979308128357
1064.0 99.30539131164551
1065.0 99.22613501548767
1066.0 99.26254749298096
1067.0 99.2949366569519
1068.0 99.31595921516418
1069.0 99.14948344230652
1070.0 99.46289658546448
1071.0 99.26298260688782
1072.0 99.26038980484009
1073.0 99.45151209831238
1074.0 99.03982877731323
1075.0 99.05422925949097
1076.0 98.83365631103516
1077.0 99.30745959281921
1078.0 99.41706657409668
1079.0 99.12237524986267
1080.0 99.7240960597992
1081.0 99.03645515441895
1082.0 98.91093969345093
1083.0 98.85814189910889
1084.0 99.35704469680786
1085.0 99.20677542686462
1086.0 99.13061857223511
1087.0 99.22968745231628
1088.0 98.69375228881836
1089.0 98.82779121398926
1090.0 98.91059994697571
1091.0 99.12493824958801
1092.0 98.95432591438293
1093.0 99.01873469352722
1094.0 98.34395051002502
1095.0 98.76424670219421
1096.0 98.78383874893188
1097.0 98.67342114448547
1098.0 98.09715151786804
1099.0 98.74231815338135
1100.0 98.26828837394714
