lsstCam/transmission_filter_detector/r41_s12/r_57/19700101T000000.ecsv
# %ECSV 1.0
# ---
# datatype:
# - {name: wavelength, unit: nm, datatype: float32}
# - {name: efficiency, unit: '%', datatype: float64}
# meta: !!omap
# - {MODE: DETECTOR}
# - {TYPE: transmission_filter_detector}
# - {CALIBDATE: '1970-01-01T00:00:00'}
# - {INSTRUME: LSSTCam}
# - {OBSTYPE: transmission_filter_detector}
# - {CALIBCLS: lsst.ip.isr.IntermediateFilterDetectorTransmissionCurve}
# - {SOURCE: Materion (DM-46256)}
# - {DETECTOR: 167}
# - {FILTER: r_57}
# - {CALIB_ID: 'calibDate=1970-01-01T00:00:00 filter=r_57 detector=167'}
# - {DATE: '2025-04-02T15:59:44.957192'}
# - {CALIB_CREATION_DATE: '2025-04-02'}
# - {CALIB_CREATION_TIME: '15:59:44'}
# - __serialized_columns__:
#     efficiency:
#       __class__: astropy.units.quantity.Quantity
#       unit: !astropy.units.Unit {unit: '%'}
#       value: !astropy.table.SerializedColumn {name: efficiency}
#     wavelength:
#       __class__: astropy.units.quantity.Quantity
#       unit: !astropy.units.Unit {unit: nm}
#       value: !astropy.table.SerializedColumn {name: wavelength}
# schema: astropy-2.0
wavelength efficiency
[from data line 603]
903.0 0.00011010909020114923
904.0 0.0001992069428524701
905.0 0.00028830479550379096
906.0 0.00016501453501405194
907.0 4.172427168214199e-05
908.0 0.00011268124353591702
909.0 0.00018363823528488865
910.0 0.00012440749515008065
911.0 6.517676638395642e-05
912.0 0.0001593589558979147
913.0 0.0002535411567805568
914.0 0.00016638302895444212
915.0 7.922487839095993e-05
916.0 0.00010657959137461148
917.0 0.00013393429298957926
918.0 6.952149647077022e-05
919.0 5.108719491886404e-06
920.0 5.0481486368880724e-05
921.0 9.585428415448405e-05
922.0 0.00012409695955284405
923.0 0.00015233966905725538
924.0 0.00020691725239885272
925.0 0.00026149484710913384
926.0 0.0002484837523297756
927.0 0.00023547272576251999
928.0 0.00023046595742926002
929.0 0.00022545914362126496
930.0 0.00017855800251709297
931.0 0.00013165683867555344
932.0 0.00013295220924192108
933.0 0.0001342475911769725
934.0 0.00014627050859417068
935.0 0.0001582934487487364
936.0 8.004818141671421e-05
937.0 1.8029236770189527e-06
938.0 1.6572204762990705e-10
939.0 1.6572204762990705e-10
940.0 9.160123113360896e-05
941.0 0.0001912709876705776
942.0 0.0002420528517177445
943.0 0.00029283469302754384
944.0 0.00021587175069726072
945.0 0.00013890871741750743
946.0 0.00034169486298196716
947.0 0.000544481054021162
948.0 0.0005594742560788291
949.0 0.0005744675945607014
950.0 0.0005625289304589387
951.0 0.0005505901754077058
952.0 0.0005391025752032874
953.0 0.0005276150204736041
954.0 0.0007995783562364522
955.0 0.0010715419193729758
956.0 0.0009165418305201456
957.0 0.0007615419235662557
958.0 0.0011005442502209917
959.0 0.0014395463949767873
960.0 0.0015322724721045233
961.0 0.0016249985492322594
962.0 0.0018092174286721274
963.0 0.0019934363081119955
964.0 0.0020321414922364056
965.0 0.0020708466763608158
966.0 0.0021883612134843133
967.0 0.0023058761144056916
968.0 0.0022437230654759333
969.0 0.002181570016546175
970.0 0.002283173853356857
971.0 0.002384777690167539
972.0 0.0024299150027218275
973.0 0.002475052315276116
974.0 0.002691688496270217
975.0 0.0029083250410621986
976.0 0.0030161210816004314
977.0 0.003123917122138664
978.0 0.0031406914786202833
979.0 0.003157466198899783
980.0 0.0032344250939786434
981.0 0.0033113839890575036
982.0 0.003265565464971587
983.0 0.003219747668481432
984.0 0.003167702743667178
985.0 0.0031156585464486852
986.0 0.0030438328394666314
987.0 0.002972007314383518
988.0 0.0029694312615902163
989.0 0.0029668552087969147
990.0 0.0028725742595270276
991.0 0.0027782936740550213
992.0 0.0027116975616081618
993.0 0.002645101812959183
994.0 0.002719495205383282
995.0 0.002793888961605262
996.0 0.0028677899535978213
997.0 0.002941691127489321
998.0 0.002969158776977565
999.0 0.0029966266083647497
1000.0 0.003005854523507878
1001.0 0.0030150824386510067
1002.0 0.0032054031180450693
1003.0 0.0033957236155401915
1004.0 0.003762843698495999
1005.0 0.004129964509047568
1006.0 0.004183210694463924
1007.0 0.00423645724367816
1008.0 0.004230384001857601
1009.0 0.004224311123834923
1010.0 0.004210497354506515
1011.0 0.004196683585178107
1012.0 0.0041550905734766275
1013.0 0.004113497561775148
1014.0 0.004133278707740828
1015.0 0.004153059853706509
1016.0 0.0036453409848036245
1017.0 0.00313762211590074
1018.0 0.0028622955142054707
1019.0 0.0025869685487123206
1020.0 0.002312140350113623
1021.0 0.0020373114239191636
1022.0 0.0018266387996845879
1023.0 0.0016159659935510717
1024.0 0.001446830174245406
1025.0 0.0012776941730407998
1026.0 0.0011656383321678732
1027.0 0.0010535825822444167
1028.0 0.000936975993681699
1029.0 0.0008203694960684516
1030.0 0.0008414462172368076
1031.0 0.0008625228474556934
1032.0 0.0005898805284232367
1033.0 0.0003172380729665747
1034.0 0.0004942981831845827
1035.0 0.0006713582934025908
1036.0 0.0007011102297838079
1037.0 0.000730862166165025
1038.0 0.0009792800483410247
1039.0 0.0012276979759917594
1040.0 0.0009952110303856898
1041.0 0.0007627242212038254
1042.0 0.0007291683687071782
1043.0 0.0006956123797863256
1044.0 0.000793505478213774
1045.0 0.0008913984856917523
1046.0 0.0007897403520473745
1047.0 0.0006880821729282616
1048.0 0.0008934611287259031
1049.0 0.0010988404028466903
1050.0 0.0012056546438543592
1051.0 0.0013124690667609684
1052.0 0.001474108466936741
1053.0 0.0016357476852135733
1054.0 0.0013566846064350102
1055.0 0.0010776217095553875
1056.0 0.0010806380487338174
1057.0 0.0010836545698111877
1058.0 0.0010633036254148465
1059.0 0.001042952590069035
1060.0 0.0010334239959775005
1061.0 0.0010238953109364957
1062.0 0.0008235794666688889
1063.0 0.0006232637588254875
1064.0 0.000965811159403529
1065.0 0.0013083585145068355
1066.0 0.0013992527783557307
1067.0 0.0014901468603056855
1068.0 0.0013794202459394
1069.0 0.0012686934496741742
1070.0 0.001491577859269455
1071.0 0.001714462268864736
1072.0 0.0020253524780855514
1073.0 0.002336242687306367
1074.0 0.002314639823453035
1075.0 0.002293037141498644
1076.0 0.0026361673008068465
1077.0 0.002979297460115049
1078.0 0.0032924952392932028
1079.0 0.003605692836572416
1080.0 0.0033805063139880076
1081.0 0.003155319791403599
1082.0 0.003864497921313159
1083.0 0.0045736764150206
1084.0 0.0037039491871837527
1085.0 0.002834221777447965
1086.0 0.0033425254514440894
1087.0 0.0038508289435412735
1088.0 0.003829204069916159
1089.0 0.0038075791962910444
1090.0 0.0037965663068462163
1091.0 0.0037855534174013883
1092.0 0.0037480996979866177
1093.0 0.003710646342369728
1094.0 0.0031080562621355057
1095.0 0.002505466363800224
1096.0 0.0022173499019118026
1097.0 0.0019292330762255006
1098.0 0.002319754639756866
1099.0 0.0027102760213892907
1100.0 0.001931367296492681
1101.0 0.0011524579349497799
