lsstCam/transmission_filter_detector/r41_s12/r_57/19700101T000000.ecsv
# %ECSV 1.0
# ---
# datatype:
# - {name: wavelength, unit: nm, datatype: float32}
# - {name: efficiency, unit: '%', datatype: float64}
# meta: !!omap
# - {MODE: DETECTOR}
# - {TYPE: transmission_filter_detector}
# - {CALIBDATE: '1970-01-01T00:00:00'}
# - {INSTRUME: LSSTCam}
# - {OBSTYPE: transmission_filter_detector}
# - {CALIBCLS: lsst.ip.isr.IntermediateFilterDetectorTransmissionCurve}
# - {SOURCE: Materion (DM-46256)}
# - {DETECTOR: 167}
# - {FILTER: r_57}
# - {CALIB_ID: 'calibDate=1970-01-01T00:00:00 filter=r_57 detector=167'}
# - {DATE: '2025-04-02T15:59:44.957192'}
# - {CALIB_CREATION_DATE: '2025-04-02'}
# - {CALIB_CREATION_TIME: '15:59:44'}
# - __serialized_columns__:
#     efficiency:
#       __class__: astropy.units.quantity.Quantity
#       unit: !astropy.units.Unit {unit: '%'}
#       value: !astropy.table.SerializedColumn {name: efficiency}
#     wavelength:
#       __class__: astropy.units.quantity.Quantity
#       unit: !astropy.units.Unit {unit: nm}
#       value: !astropy.table.SerializedColumn {name: wavelength}
# schema: astropy-2.0
wavelength efficiency
300.0 0.0025931418349500746
301.0 0.006221080548129976
302.0 0.009849018533714116
303.0 0.01303779281442985
304.0 0.016226567095145583
305.0 0.014928595919627696
306.0 0.01363062474410981
307.0 0.011679343151627108
308.0 0.009728060831548646
309.0 0.00881516607478261
310.0 0.007902270590420812
311.0 0.007109245780156925
312.0 0.006316220969893038
313.0 0.006414626113837585
314.0 0.006513031985377893
315.0 0.005938633330515586
316.0 0.005364232856663875
317.0 0.004882420762442052
318.0 0.0044006086682202294
319.0 0.003999540786026046
320.0 0.003598473995225504
321.0 0.003660956281237304
322.0 0.003723438931046985
323.0 0.0034474895073799416
324.0 0.0031715408113086596
325.0 0.0029841259674867615
326.0 0.0027967127607553266
327.0 0.0029274651751620695
328.0 0.003058218499063514
329.0 0.0029540189643739723
330.0 0.002849820702977013
331.0 0.0027319989385432564
332.0 0.0026141771741095
333.0 0.0023536626031273045
334.0 0.002093148032145109
335.0 0.0018928785721072927
336.0 0.0016926091120694764
337.0 0.0015950483430060558
338.0 0.0014974876648921054
339.0 0.0014018056390341371
340.0 0.001306123704125639
341.0 0.0012715719094558153
342.0 0.0012370200238365214
343.0 0.0012066371709806845
344.0 0.0011762543181248475
345.0 0.0011367831575626042
346.0 0.0010973119970003609
347.0 0.001029512714012526
348.0 0.0009617133400752209
349.0 0.000955348696152214
350.0 0.006102340557845309
351.0 0.005889806561754085
352.0 0.005677274384652264
353.0 0.004922655352856964
354.0 0.004168036684859544
355.0 0.004561834066407755
356.0 0.004955631084158085
357.0 0.005247423177934252
358.0 0.00553921636310406
359.0 0.004055260069435462
360.0 0.002571303593867924
361.0 0.0033623058698140085
362.0 0.004153308327659033
363.0 0.00325910841638688
364.0 0.0023649083232157864
365.0 0.002681202568055596
366.0 0.0029974966309964657
367.0 0.0032663658203091472
368.0 0.0035352353734197095
369.0 0.003508386726025492
370.0 0.003481539897620678
371.0 0.0031420899176737294
372.0 0.0028026403015246615
373.0 0.003175397068844177
374.0 0.003548153836163692
375.0 0.0026707350116339512
376.0 0.0017933161871042103
377.0 0.001725665970297996
378.0 0.001658015935390722
379.0 0.0021656896933563985
380.0 0.002673363451322075
381.0 0.003423248926992528
382.0 0.004173134584561922
383.0 0.0044824875658378005
384.0 0.004791841274709441
385.0 0.005089284968562424
386.0 0.005386728662415408
387.0 0.0045178192522143945
388.0 0.0036489098420133814
389.0 0.002558033520472236
390.0 0.0014671572898805607
391.0 0.0012239220268384088
392.0 0.0009806866728467867
393.0 0.0009997614142776001
394.0 0.0010188362466578837
395.0 0.001454124958399916
396.0 0.0018894137610914186
397.0 0.0017274995116167702
398.0 0.001565584898344241
399.0 0.0012958446859556716
400.0 0.0010261047464155126
401.0 0.0009435218089492992
402.0 0.0008609388714830857
403.0 0.001154106757894624
404.0 0.001447274917154573
405.0 0.0013867109373677522
406.0 0.0013261470485304017
407.0 0.0013235835467639845
408.0 0.0013210203178459778
409.0 0.0014890756574459374
410.0 0.001657130997045897
411.0 0.0016904643416637555
412.0 0.0017237975043826737
413.0 0.0015741990864626132
414.0 0.001424600759492023
415.0 0.0015209397133730818
416.0 0.0016172789401025511
417.0 0.0019462931959424168
418.0 0.0022753074517822824
419.0 0.002973079972434789
420.0 0.003670852674986236
421.0 0.005492655691341497
422.0 0.007314456888707355
423.0 0.010467518586665392
424.0 0.013620578101836145
425.0 0.018274609465152025
426.0 0.022928640828467906
427.0 0.022788131900597364
428.0 0.022647624427918345
429.0 0.017927355656865984
430.0 0.0132070854306221
431.0 0.009341463737655431
432.0 0.005475838406709954
433.0 0.0045394361222861335
434.0 0.003603033474064432
435.0 0.0029997681849636137
436.0 0.002396502713963855
437.0 0.001985022572625894
438.0 0.0015735422493889928
439.0 0.0013862197192793246
440.0 0.0011988973710685968
441.0 0.0012672297089011408
442.0 0.001335562137683155
443.0 0.001521761623735074
444.0 0.0017079608369385824
445.0 0.001206220895255683
446.0 0.0007044805897749029
447.0 0.0010147079592570662
448.0 0.0013249351468402892
449.0 0.0014454214579018299
450.0 0.0015659075870644301
451.0 0.0016409341696999036
452.0 0.0017159611161332577
453.0 0.0017455324268667027
454.0 0.001775103919499088
455.0 0.0014821558579569682
456.0 0.0011892082511621993
457.0 0.0012006009455944877
458.0 0.0012119939128751867
459.0 0.0013905440937378444
460.0 0.0015690940927015617
461.0 0.0022188738512340933
462.0 0.002868653609766625
463.0 0.003816687240032479
464.0 0.004764721234096214
465.0 0.005771602081949823
466.0 0.006778482929803431
467.0 0.007294614624697715
468.0 0.007810748502379283
469.0 0.006719258817611262
470.0 0.005627770588034764
471.0 0.004074372554896399
472.0 0.0025209743398590945
473.0 0.0018653083316166885
474.0 0.001209642596222693
475.0 0.0010761319572338834
476.0 0.0009426215910934843
477.0 0.001013760356727289
478.0 0.0010848989404621534
479.0 0.0009628312909626402
480.0 0.000840763641463127
481.0 0.0008012815669644624
482.0 0.0007617994469910627
483.0 0.0006944790129637113
484.0 0.0006271584879868897
485.0 0.0007577899850730319
486.0 0.0008884212547854986
487.0 0.0008646080459584482
488.0 0.0008407948371313978
489.0 0.0009202693945553619
490.0 0.000999743861029856
491.0 0.0009214194506057538
492.0 0.0008430949492321815
493.0 0.0008887589501682669
494.0 0.0009344229511043523
495.0 0.0010029066288552713
496.0 0.0010713905794546008
497.0 0.0011766007446567528
498.0 0.0012818111827073153
499.0 0.0013558041246142238
500.0 0.0014297970665211324
501.0 0.001704750866338145
502.0 0.001979704939003568
503.0 0.0023406768377753906
504.0 0.0027016485546482727
505.0 0.0032719348382670432
506.0 0.003842220758087933
507.0 0.004729328793473542
508.0 0.00561643682885915
509.0 0.005832586612086743
510.0 0.006048736031516455
511.0 0.005462152694235556
512.0 0.004875568993156776
513.0 0.004139682278037071
514.0 0.0034037955629173666
515.0 0.003190081406501122
516.0 0.0029763668862869963
517.0 0.0030178098313626833
518.0 0.003059253140236251
519.0 0.0547276868019253
520.0 0.024896091781556606
521.0 0.1339524518698454
522.0 0.049097160808742046
523.0 0.043370676576159894
524.0 0.07477643084712327
525.0 0.027085919282399118
526.0 0.1259745447896421
527.0 0.09379779803566635
528.0 0.16942151123657823
529.0 0.1357195433229208
530.0 0.1437878469005227
531.0 0.23374923039227724
532.0 0.17989026382565498
533.0 0.2455896232277155
534.0 0.5084752105176449
535.0 0.5760953295975924
536.0 0.8176708593964577
537.0 1.3268638402223587
538.0 2.046399563550949
539.0 3.1944777816534042
540.0 4.971735551953316
541.0 7.193244248628616
542.0 9.900316596031189
543.0 13.548703491687775
544.0 17.704209685325623
545.0 22.556154429912567
546.0 28.531566262245178
547.0 35.30495762825012
548.0 43.66386532783508
549.0 51.93749666213989
550.0 58.386778831481934
551.0 65.2760922908783
552.0 69.91998553276062
553.0 74.38302040100098
554.0 78.11906337738037
555.0 81.922048330307
556.0 85.34510731697083
557.0 88.30400705337524
558.0 90.97320437431335
559.0 93.67936253547668
560.0 94.0517783164978
561.0 94.8815107345581
562.0 95.8111822605133
563.0 95.39697170257568
564.0 95.69777846336365
565.0 95.27085423469543
566.0 96.2589681148529
567.0 95.43959498405457
568.0 95.95538973808289
569.0 96.83082103729248
570.0 96.47729992866516
571.0 97.02908396720886
572.0 97.16410636901855
573.0 96.78959250450134
574.0 97.30201959609985
575.0 96.89687490463257
576.0 97.44629859924316
577.0 97.05723524093628
578.0 96.98299765586853
579.0 97.0113217830658
580.0 96.5797483921051
581.0 96.81293368339539
582.0 96.86808586120605
583.0 96.90197706222534
584.0 96.37920260429382
585.0 96.23481035232544
586.0 96.66310548782349
587.0 96.04396224021912
588.0 96.80359959602356
589.0 97.45872020721436
590.0 96.71794772148132
591.0 95.88384628295898
592.0 96.1392343044281
593.0 95.94410061836243
594.0 96.23998999595642
595.0 96.56493067741394
596.0 97.07794785499573
597.0 97.26488590240479
598.0 96.97608947753906
599.0 96.90588712692261
600.0 97.26395010948181
601.0 96.09854817390442
602.0 96.6618299484253
603.0 96.1476981639862
604.0 96.46776914596558
605.0 96.54231071472168
606.0 96.63305282592773
607.0 96.15070223808289
608.0 96.67235016822815
609.0 95.92559337615967
610.0 96.08594179153442
611.0 96.00977301597595
612.0 96.10507488250732
613.0 97.09245562553406
614.0 96.78272008895874
615.0 96.26913070678711
616.0 96.61685824394226
617.0 96.58294916152954
618.0 96.28577828407288
619.0 97.05146551132202
620.0 96.14635705947876
621.0 96.05477452278137
622.0 96.77777886390686
623.0 97.07441329956055
624.0 96.6795265674591
625.0 97.02858328819275
626.0 96.21894955635071
627.0 95.45600414276123
628.0 97.48162031173706
629.0 95.66092491149902
630.0 96.77072763442993
631.0 96.37758135795593
632.0 96.70824408531189
633.0 96.70544266700745
634.0 95.78475952148438
635.0 96.369868516922
636.0 96.07270359992981
637.0 95.91005444526672
638.0 95.73573470115662
639.0 95.28484344482422
640.0 95.52199840545654
641.0 95.76002359390259
642.0 96.08672261238098
643.0 96.2975800037384
644.0 96.10151648521423
645.0 96.6007649898529
646.0 96.30867838859558
647.0 97.13298082351685
648.0 96.8526542186737
649.0 95.9490180015564
650.0 96.33506536483765
651.0 97.01007604598999
652.0 97.03379273414612
653.0 96.02031111717224
654.0 96.67490720748901
655.0 96.96154594421387
656.0 95.9208071231842
657.0 96.01306915283203
658.0 96.47167921066284
659.0 96.4184820652008
660.0 95.7041323184967
661.0 95.49345970153809
662.0 95.95650434494019
663.0 95.90597748756409
664.0 95.53640484809875
665.0 95.34709453582764
666.0 95.23247480392456
667.0 95.73357105255127
668.0 95.04351615905762
669.0 95.77722549438477
670.0 95.56417465209961
671.0 95.74041962623596
672.0 95.32458782196045
673.0 95.46321034431458
674.0 94.95301246643066
675.0 95.7061767578125
676.0 95.10974287986755
677.0 94.03553605079651
678.0 92.80480146408081
679.0 92.5280213356018
680.0 91.45037531852722
681.0 90.02283811569214
682.0 87.71355748176575
683.0 85.2307915687561
684.0 81.63089156150818
685.0 78.0186116695404
686.0 73.89169931411743
687.0 69.42009329795837
688.0 64.77450132369995
689.0 60.62530875205994
690.0 55.599021911621094
691.0 51.545703411102295
692.0 46.99588418006897
693.0 42.58589446544647
694.0 37.5661700963974
695.0 32.0477157831192
696.0 26.697558164596558
697.0 21.27237617969513
698.0 15.497955679893494
699.0 11.16953045129776
700.0 7.612229883670807
701.0 4.7723520547151566
702.0 2.957097813487053
703.0 1.652289554476738
704.0 0.9959585033357143
705.0 0.5838475655764341
706.0 0.3974410705268383
707.0 0.274369097314775
708.0 0.17721893964335322
709.0 0.15012187650427222
710.0 0.07327049970626831
711.0 0.07008584216237068
712.0 0.06543902563862503
713.0 0.05122668808326125
714.0 0.008996262477012351
715.0 0.06655186298303306
716.0 0.06427846383303404
717.0 0.06824054289609194
718.0 0.052945694187656045
719.0 0.04651300550904125
720.0 1.6572204762990705e-10
721.0 0.004010405245935544
722.0 0.0039098551496863365
723.0 0.0038093054172350094
724.0 0.003553311398718506
725.0 0.0032973177439998835
726.0 0.0030394052373594604
727.0 0.002781492548820097
728.0 0.0027258671252639033
729.0 0.002670241337909829
730.0 0.0024927172489697114
731.0 0.002315193160029594
732.0 0.00224437808356015
733.0 0.002173562825191766
734.0 0.0020517252778518014
735.0 0.001929887912410777
736.0 0.00185033495654352
737.0 0.0017707821825752035
738.0 0.001564098238304723
739.0 0.0013574143849837128
740.0 0.0014220136108633596
741.0 0.0014866130186419468
742.0 0.0014179998288454954
743.0 0.0013493864571501035
744.0 0.0013213280908530578
745.0 0.0012932702702528331
746.0 0.0012672275261138566
747.0 0.0012411849638738204
748.0 0.001166630408988567
749.0 0.0010920758541033138
750.0 0.0010564926924416795
751.0 0.001020909348881105
752.0 0.001015609632304404
753.0 0.0010103098247782327
754.0 0.0010907044270425104
755.0 0.0011710992112057284
756.0 0.0010815530913532712
757.0 0.0009920072443492245
758.0 0.0010162495527765714
759.0 0.0010404919521533884
760.0 0.0011431012353568804
761.0 0.0012457106095098425
762.0 0.0012446319487935398
763.0 0.0012435531061782967
764.0 0.0011134504347865004
765.0 0.0009833480362431146
766.0 0.0008411823728238232
767.0 0.0006990166184550617
768.0 0.0007996081876626704
769.0 0.0009001997568702791
770.0 0.0007992743121576495
771.0 0.0006983490038692253
772.0 0.000706754235579865
773.0 0.0007151593308662996
774.0 0.0006572900474566268
775.0 0.000599420764046954
776.0 0.0006349697287078016
777.0 0.0006705187843181193
778.0 0.00068923559410905
779.0 0.0007079523129505105
780.0 0.0006935527380846906
781.0 0.0006791530267946655
782.0 0.0006778253009542823
783.0 0.0006764977570128394
784.0 0.0006931634288775967
785.0 0.0007098291007423541
786.0 0.0006873321581224445
787.0 0.0006648351700277999
788.0 0.0006533207852044143
789.0 0.0006418067187041743
790.0 0.000521629408467561
791.0 0.0004014518253825372
792.0 0.0005155034614290344
793.0 0.0006295550974755315
794.0 0.0007129375717340736
795.0 0.0007963200914673507
796.0 0.0007631344487890601
797.0 0.0007299489880097099
798.0 0.0007118550001905533
799.0 0.0006937610123713966
800.0 0.000694296750225476
801.0 0.0006948323516553501
802.0 0.0006647078407695517
803.0 0.0006345833298837533
804.0 0.0006051674517948413
805.0 0.0005757514372817241
806.0 0.0005757325652666623
807.0 0.0005757137387263356
808.0 0.0007046717655612156
809.0 0.0008336298378708307
810.0 0.0007072074367897585
811.0 0.0005807850357086863
812.0 0.0006501479674625443
813.0 0.0007195109446911374
814.0 0.0007703733899688814
815.0 0.0008212356988224201
816.0 0.0007233194082800765
817.0 0.0006254030267882627
818.0 0.00039490464587288443
819.0 0.00016440641275039525
820.0 0.000335970571541111
821.0 0.0005075348326499807
822.0 0.0005107413471705513
823.0 0.0005139478616911219
824.0 0.0004662822902901098
825.0 0.00041861685531330295
826.0 0.0004523898496699985
827.0 0.0004861628440266941
828.0 0.00048174301809922326
829.0 0.00047732323764648754
830.0 0.0002442975073790876
831.0 1.1271806243939864e-05
832.0 2.461532062625338e-05
833.0 3.795884424562246e-05
834.0 2.6225316673844645e-05
835.0 1.4491762101442873e-05
836.0 0.0002924858335973113
837.0 0.0005704796421923675
838.0 0.0015070133486005943
839.0 0.002443547055008821
840.0 0.003311744876555167
841.0 0.004179942334303632
842.0 0.004722896483144723
843.0 0.005265848085400648
844.0 0.004784425982506946
845.0 0.004303003879613243
846.0 0.0040044233173830435
847.0 0.0037058434827486053
848.0 0.0035285331250634044
849.0 0.003351222403580323
850.0 0.003252904934925027
851.0 0.0031545874662697315
852.0 0.0027766318453359418
853.0 0.002398675678705331
854.0 0.0019915614757337607
855.0 0.0015844472727621906
856.0 0.0012616680578503292
857.0 0.0009388887519889977
858.0 0.000695743392498116
859.0 0.00045259803300723433
860.0 0.00033229246128030354
861.0 0.00021198688955337275
862.0 0.0001840081267800997
863.0 0.00015602935263814288
864.0 0.0001814749793993542
865.0 0.00020692059479188174
866.0 0.00019388921828067396
867.0 0.00018085784176946618
868.0 0.00010734116813182482
869.0 3.382452860023477e-05
870.0 0.00012408181646605954
871.0 0.00021433909296320053
872.0 0.00018888678141593118
873.0 0.0001634344812373456
874.0 0.00017737628468239564
875.0 0.00019131814497086452
876.0 0.00012202294783492107
877.0 5.2727767752003274e-05
878.0 1.183758655542988e-05
879.0 1.6572204762990705e-10
880.0 3.41615731258571e-05
881.0 9.737578920976375e-05
882.0 6.852225737929984e-05
883.0 3.966877386574197e-05
884.0 7.55338589897292e-05
885.0 0.00011139901516799
886.0 0.00019294757294119336
887.0 0.00027449611934571294
888.0 0.0002299792186022387
889.0 0.00018546231785876444
890.0 0.00020137260889896424
891.0 0.00021728285446442897
892.0 0.00022323072244034847
893.0 0.0002291785449415329
894.0 0.00013758024124399526
895.0 4.598192617777386e-05
896.0 1.6572204762990705e-10
897.0 1.6572204762990705e-10
898.0 2.0134513079028693e-05
899.0 9.103613365368801e-05
900.0 0.00010707708497648127
901.0 0.00012311800219322322
