lsstCam/transmission_filter_detector/r34_s20/y_10/19700101T000000.ecsv
# %ECSV 1.0
# ---
# datatype:
# - {name: wavelength, unit: nm, datatype: float32}
# - {name: efficiency, unit: '%', datatype: float64}
# meta: !!omap
# - {MODE: DETECTOR}
# - {TYPE: transmission_filter_detector}
# - {CALIBDATE: '1970-01-01T00:00:00'}
# - {INSTRUME: LSSTCam}
# - {OBSTYPE: transmission_filter_detector}
# - {CALIBCLS: lsst.ip.isr.IntermediateFilterDetectorTransmissionCurve}
# - {SOURCE: Materion (DM-46256)}
# - {DETECTOR: 159}
# - {FILTER: y_10}
# - {CALIB_ID: 'calibDate=1970-01-01T00:00:00 filter=y_10 detector=159'}
# - {DATE: '2025-04-02T15:59:51.480270'}
# - {CALIB_CREATION_DATE: '2025-04-02'}
# - {CALIB_CREATION_TIME: '15:59:51'}
# - __serialized_columns__:
#     efficiency:
#       __class__: astropy.units.quantity.Quantity
#       unit: !astropy.units.Unit {unit: '%'}
#       value: !astropy.table.SerializedColumn {name: efficiency}
#     wavelength:
#       __class__: astropy.units.quantity.Quantity
#       unit: !astropy.units.Unit {unit: nm}
#       value: !astropy.table.SerializedColumn {name: wavelength}
# schema: astropy-2.0
wavelength efficiency
300.0 0.023775197041686624
301.0 0.016901767230592668
302.0 0.010028334509115666
303.0 0.01050663340720348
304.0 0.010984933032887056
305.0 0.010476999887032434
306.0 0.009969061648007482
307.0 0.009672724263509735
308.0 0.009376389061799273
309.0 0.006011631558067165
310.0 0.0026468766009202227
311.0 0.003454912075540051
312.0 0.0042629482777556404
313.0 0.00660480945953168
314.0 0.008946670277509838
315.0 0.005917949965805747
316.0 0.002889229290303774
317.0 0.003020132498932071
318.0 0.0031510364351561293
319.0 0.002364167812629603
320.0 0.001577299008204136
321.0 0.002294539808644913
322.0 0.0030117806090856902
323.0 0.003270390152465552
324.0 0.0035289995139464736
325.0 0.0030749390134587884
326.0 0.002620878876768984
327.0 0.002650522037583869
328.0 0.0026801653802976944
329.0 0.0028498439860413782
330.0 0.003019522591785062
331.0 0.002682673220988363
332.0 0.0023458236682927236
333.0 0.0022297559553408064
334.0 0.002113687696692068
335.0 0.0014716693840455264
336.0 0.0008296511623484548
337.0 0.0011058466043323278
338.0 0.0013820422282151412
339.0 0.001287608847633237
340.0 0.0011931754670513328
341.0 0.0010100730833073612
342.0 0.0008269707905128598
343.0 0.0010833754458872136
344.0 0.0013397801012615673
345.0 0.0009813570613914635
346.0 0.0006229339760466246
347.0 0.0008422416613029782
348.0 0.001061549482983537
349.0 0.0010575270607660059
350.0 0.0010535048204474151
351.0 0.0010765424121927936
352.0 0.0010995800948876422
353.0 0.001028295901051024
354.0 0.000957011343416525
355.0 0.0013259192201076075
356.0 0.0016948270058492199
357.0 0.0013273217518872116
358.0 0.0009598165888746735
359.0 0.0008257633453467861
360.0 0.000691710238243104
361.0 0.000772084513300797
362.0 0.0008524588338332251
363.0 0.0010718136763898656
364.0 0.001291168518946506
365.0 0.0013289287380757742
366.0 0.0013666889572050422
367.0 0.001752690332068596
368.0 0.002138691343134269
369.0 0.001800746213120874
370.0 0.0014628017197537702
371.0 0.0013669425243278965
372.0 0.0012710835108009633
373.0 0.001573824010847602
374.0 0.0018765644199447706
375.0 0.002694154864002485
376.0 0.003511745308060199
377.0 0.0038611422496614978
378.0 0.004210539555060677
379.0 0.003978860695497133
380.0 0.0037471818359335884
381.0 0.0029933669793535955
382.0 0.0022395521227736026
383.0 0.0015954967238940299
384.0 0.0009514411431155168
385.0 0.0007902973266027402
386.0 0.0006291535555646988
387.0 0.0004205091045150766
388.0 0.00021186465346545447
389.0 0.00034193251394754043
390.0 0.0004720003744296264
391.0 0.000507727872900432
392.0 0.0005434554168459726
393.0 0.0006064898116164841
394.0 0.0006695241609122604
395.0 0.0006608267540286761
396.0 0.0006521293471450917
397.0 0.0006936848421901232
398.0 0.0007352402917604195
399.0 0.0008994058589451015
400.0 0.0010635714716045186
401.0 0.0014004488548380323
402.0 0.0017373260561726056
403.0 0.0018057091438095085
404.0 0.0018740918676485308
405.0 0.0017372967704432085
406.0 0.001600501491338946
407.0 0.0017125752492574975
408.0 0.001824649007176049
409.0 0.001504800638940651
410.0 0.0011849525435536634
411.0 0.0007035388534859521
412.0 0.00022212516341824085
413.0 0.0007926225407572929
414.0 0.0013631200999952853
415.0 0.0008842369425110519
416.0 0.0004053534212289378
417.0 0.00048142433115572203
418.0 0.0005574952865572413
419.0 0.0004419381184561644
420.0 0.0003263808366682497
421.0 0.000215646696233307
422.0 0.00010491246484889416
423.0 1.6575501821797234e-10
424.0 1.6575501821797234e-10
425.0 1.6575501821797234e-10
426.0 9.98531731966068e-05
427.0 0.00042742894947878085
428.0 0.0007550047030235874
429.0 0.0002548061047491501
430.0 1.6575501821797234e-10
431.0 1.6575501821797234e-10
432.0 1.6575501821797234e-10
433.0 1.6575501821797234e-10
434.0 3.100487901974702e-05
435.0 0.00010738610853877617
436.0 0.00018376737216385663
437.0 0.0002835869963746518
438.0 0.0003834067229036009
439.0 0.0006151395155029604
440.0 0.000846872353577055
441.0 0.0005842088285135105
442.0 0.0003215453489247011
443.0 0.0006169852895254735
444.0 0.0009124251846515108
445.0 0.0006123833372839727
446.0 0.00031234135349222925
447.0 0.0003144831680401694
448.0 0.00031662514174968237
449.0 0.00025872116111713694
450.0 0.0002008170667977538
451.0 0.0002588037204986904
452.0 0.0003167903969369945
453.0 7.512295496781007e-05
454.0 1.6575501821797234e-10
455.0 0.00023562322439829586
456.0 0.0006377910722221714
457.0 0.0002490482984285336
458.0 1.6575501821797234e-10
459.0 2.91461965673534e-06
460.0 0.00014552405218637432
461.0 0.0001411677772011899
462.0 0.00013681153632205678
463.0 0.0003033849452549475
464.0 0.0004699583769252058
465.0 0.0006982688773859991
466.0 0.0009265794687962625
467.0 0.001111524943553377
468.0 0.0012964705092599615
469.0 0.0014991242096584756
470.0 0.00170177809195593
471.0 0.0017588568880455568
472.0 0.0018159356841351837
473.0 0.002234434214187786
474.0 0.002652932562341448
475.0 0.0028598058634088375
476.0 0.0030666793463751674
477.0 0.0029397175239864737
478.0 0.0028127555196988396
479.0 0.003103875496890396
480.0 0.0033949956559808925
481.0 0.0040997856558533385
482.0 0.004804576019523665
483.0 0.004561516107060015
484.0 0.004318456194596365
485.0 0.0039007500163279474
486.0 0.0034830438380595297
487.0 0.003082751572947018
488.0 0.002682459853531327
489.0 0.0023924132619868033
490.0 0.0021023668523412198
491.0 0.0020844514438067563
492.0 0.0020665358533733524
493.0 0.0018710772565100342
494.0 0.0016756184777477756
495.0 0.0018086673662764952
496.0 0.0019417162548052147
497.0 0.0017156562535092235
498.0 0.0014895962522132322
499.0 0.0016773214156273752
500.0 0.001865046397142578
501.0 0.0021053529053460807
502.0 0.002345659231650643
503.0 0.0026886966224992648
504.0 0.003031733649550006
505.0 0.0027294683604850434
506.0 0.002427203071420081
507.0 0.002232678707514424
508.0 0.002038154343608767
509.0 0.0020232373572071083
510.0 0.0020083201889065094
511.0 0.0020919407688779756
512.0 0.0021755611669505015
513.0 0.0022038253518985584
514.0 0.0022320895368466154
515.0 0.0017129890693468042
516.0 0.001193888601846993
517.0 0.0013311982911545783
518.0 0.0014685078895126935
519.0 0.0013555351870309096
520.0 0.0012425624845491257
521.0 0.0012046308256685734
522.0 0.0011666988029901404
523.0 0.0015861314750509337
524.0 0.002005564238061197
525.0 0.0021806750737596303
526.0 0.0023557859094580635
527.0 0.0023464843252440915
528.0 0.0023371823772322387
529.0 0.0024230414055637084
530.0 0.002508900251996238
531.0 0.0021913854652666487
532.0 0.0018738706785370596
533.0 0.001960094778041821
534.0 0.0020463188775465824
535.0 0.0019171906387782656
536.0 0.0017880622181110084
537.0 0.0017252890756935813
538.0 0.0016625157513772137
539.0 0.0021627343812724575
540.0 0.0026629526473698206
541.0 0.0033996962883975357
542.0 0.00413643974752631
543.0 0.004300364889786579
544.0 0.004464289668248966
545.0 0.004601273394655436
546.0 0.0047382567572640255
547.0 0.004506818731897511
548.0 0.004275380342733115
549.0 0.0036562760215019807
550.0 0.0030371717002708465
551.0 0.002437225339235738
552.0 0.0018372786144027486
553.0 0.0022741403881809674
554.0 0.002711002161959186
555.0 0.003370785270817578
556.0 0.0040305683796759695
557.0 0.004288767377147451
558.0 0.004546966374618933
559.0 0.0042918152757920325
560.0 0.004036664540763013
561.0 0.004012525459984317
562.0 0.003988386379205622
563.0 0.0035369481338420883
564.0 0.0030855102522764355
565.0 0.0032373020076192915
566.0 0.0033890941267600283
567.0 0.0038663827581331134
568.0 0.0043436713895061985
569.0 0.005016703653382137
570.0 0.005689735553460196
571.0 0.006372739881044254
572.0 0.007055744208628312
573.0 0.0069655470724683255
574.0 0.006875349208712578
575.0 0.006648155249422416
576.0 0.006420961290132254
577.0 0.006054008917999454
578.0 0.005687057273462415
579.0 0.0053943993407301605
580.0 0.005101741771795787
581.0 0.005688565215677954
582.0 0.006275388295762241
583.0 0.007676294626435265
584.0 0.009077200229512528
585.0 0.009878432319965214
586.0 0.010679666593205184
587.0 0.010737301636254415
588.0 0.01079493886209093
589.0 0.010668659524526447
590.0 0.010542382369749248
591.0 0.009937617141986266
592.0 0.00933285045903176
593.0 0.008051432814681903
594.0 0.006770015897927806
595.0 0.0060049766034353524
596.0 0.00523993767274078
597.0 0.005321570279193111
598.0 0.005403202885645442
599.0 0.006414193921955302
600.0 0.0074251831392757595
601.0 0.008624284237157553
602.0 0.009823383879847825
603.0 0.010269839549437165
604.0 0.010716296674218029
605.0 0.010776036651805043
606.0 0.010835777356987819
607.0 0.01001150012598373
608.0 0.00918722216738388
609.0 0.007829909009160474
610.0 0.006472597306128591
611.0 0.0052059247536817566
612.0 0.003939252928830683
613.0 0.003445131005719304
614.0 0.0029510092645068653
615.0 0.003810651833191514
616.0 0.004670294583775103
617.0 0.005899091411265545
618.0 0.007127888238755986
619.0 0.008544058073312044
620.0 0.00996022718027234
621.0 0.01045916578732431
622.0 0.010958103666780517
623.0 0.011232050019316375
624.0 0.011505997827043757
625.0 0.011056604125769809
626.0 0.010607211152091622
627.0 0.008727842214284465
628.0 0.006848473276477307
629.0 0.005447591684060171
630.0 0.004046710819238797
631.0 0.0032133208151208237
632.0 0.0023799311748007312
633.0 0.002501018207112793
634.0 0.0026221052394248545
635.0 0.0028542224754346535
636.0 0.0030863397114444524
637.0 0.003396607644390315
638.0 0.0037068755773361772
639.0 0.004600417742040008
640.0 0.00549396027054172
641.0 0.005621200398309156
642.0 0.0057484405260765925
643.0 0.005759816849604249
644.0 0.005771193536929786
645.0 0.005136435356689617
646.0 0.004501677540247329
647.0 0.004060053106513806
648.0 0.0036184290365781635
649.0 0.0029060433007543907
650.0 0.002193657564930618
651.0 0.0018621436538523994
652.0 0.0015306293789763004
653.0 0.001459756549593294
654.0 0.0013888837202102877
655.0 0.0013923230653745122
656.0 0.0013957624105387367
657.0 0.0016015856090234593
658.0 0.0018074089894071221
659.0 0.0016652240447001532
660.0 0.0015230391909426544
661.0 0.0016181285900529474
662.0 0.0017132180801127106
663.0 0.0017677410141914152
664.0 0.0018222637663711794
665.0 0.002339423372177407
666.0 0.0028565831598825753
667.0 0.003475523044471629
668.0 0.004094462929060683
669.0 0.004891507342108525
670.0 0.005688551391358487
671.0 0.006436531839426607
672.0 0.0071845097409095615
673.0 0.007592471956741065
674.0 0.008000433444976807
675.0 0.007707253826083615
676.0 0.007414073479594663
677.0 0.006523867341456935
678.0 0.005633660475723445
679.0 0.004287338379072025
680.0 0.002941015554824844
681.0 0.0017703185221762396
682.0 0.0005996218078507809
683.0 0.0004178639755991753
684.0 0.00023610618882230483
685.0 3.766836869090184e-05
686.0 1.6575501821797234e-10
687.0 6.51337700219301e-05
688.0 0.0002910368948505493
689.0 0.00038279167711152695
690.0 0.0004745464593725046
691.0 0.00036026992802362656
692.0 0.0002459933284626459
693.0 0.00034415274967614096
694.0 0.0004423121481522685
695.0 0.0003176422751494101
696.0 0.00019297240214655176
697.0 0.00028034719434799626
698.0 0.0003677220092868083
699.0 0.0004092454673809698
700.0 0.000450769039161969
701.0 0.0004769553470396204
702.0 0.0005031415639678016
703.0 0.0003243479795855819
704.0 0.000145554406572046
705.0 0.00012371466482363758
706.0 0.00010187487760049407
707.0 0.000197396298062813
708.0 0.0002929176844190806
709.0 0.00028723668492602883
710.0 0.00028155563995824195
711.0 0.00031968584153219126
712.0 0.0003578159521566704
713.0 0.00016920085954552633
714.0 1.6575501821797234e-10
715.0 7.410605462609965e-05
716.0 0.0001676262741057144
717.0 0.0001920874638017267
718.0 0.00021654850570484996
719.0 0.00016701563936294406
720.0 0.0001174827161776193
721.0 0.0002598813580334536
722.0 0.00040227996578323655
723.0 0.00017773380704966257
724.0 1.6575501821797234e-10
725.0 0.000351677317667054
726.0 0.000750167009755387
727.0 0.0002817226004481199
728.0 1.6575501821797234e-10
729.0 1.6575501821797234e-10
730.0 8.375232596335991e-05
731.0 6.597854849133e-05
732.0 4.820466870114615e-05
733.0 0.00021264177121338435
734.0 0.0003770790954149561
735.0 9.776696288099629e-05
736.0 1.6575501821797234e-10
737.0 1.6575501821797234e-10
738.0 1.6575501821797234e-10
739.0 2.0062701366896363e-05
740.0 5.407238177213003e-05
741.0 9.754249958859873e-05
742.0 0.00014101253782428103
743.0 0.00021271894183882978
744.0 0.00028442530037864344
745.0 0.00044691482798953075
746.0 0.0006094042873883154
747.0 0.00047926450861268677
748.0 0.00034912479804916074
749.0 0.00037723241348430747
750.0 0.0004053399152326165
751.0 0.0004707622338173678
752.0 0.0005361845978768542
753.0 0.00038946491258684546
754.0 0.00024274520455946913
755.0 0.00040643440115673
756.0 0.0005701236659660935
757.0 0.0004239597274136031
758.0 0.0002777956979116425
759.0 5.1143223345206934e-05
760.0 1.6575501821797234e-10
761.0 0.0003087042387051042
762.0 0.000792917580838548
763.0 0.0006316176950349472
764.0 0.00047031749090820085
765.0 0.00022641590931016253
766.0 1.6575501821797234e-10
767.0 0.0002402398422418628
768.0 0.0004979653112968663
769.0 0.0002433821236991207
770.0 1.6575501821797234e-10
771.0 0.00018567953929959913
772.0 0.00038256021070992574
773.0 0.0004683655788539909
774.0 0.0005541710379475262
775.0 0.0001867966375357355
776.0 1.6575501821797234e-10
777.0 1.6575501821797234e-10
778.0 1.6575501821797234e-10
779.0 0.00039100777939893305
780.0 0.0008886612704372965
781.0 0.0008267896191682667
782.0 0.0007649177860002965
783.0 0.0005458200575958472
784.0 0.00032672242014086805
785.0 0.0003042887783522019
786.0 0.0002818552047756384
787.0 0.0003010579121109913
788.0 0.0003202606649210793
789.0 0.00023967506876942934
790.0 0.0001590894271430443
791.0 0.00037571492157439934
792.0 0.0005923403477936517
793.0 0.0007662866664759349
794.0 0.0009402329851582181
795.0 0.0006731042958563194
796.0 0.0004059755610796856
797.0 0.0006609940101043321
798.0 0.0009160123227047734
799.0 0.0006480701358668739
800.0 0.0003801279945037095
801.0 0.0007183920388342813
802.0 0.0010566562195890583
803.0 0.0009279526238969993
804.0 0.0007992491191544104
805.0 0.0006071188181522302
806.0 0.00041498851715005003
807.0 3.663554082322662e-06
808.0 1.6575501821797234e-10
809.0 0.00026834629807126475
810.0 0.0009443540875508916
811.0 0.0007563753115391592
812.0 0.0005683966264768969
813.0 0.000573867691855412
814.0 0.0005793388481833972
815.0 0.0004528340923570795
816.0 0.0003263292910560267
817.0 0.000584666167924297
818.0 0.0008430029083683621
819.0 0.0007870255103625823
820.0 0.0007310482033062726
821.0 0.0009042486453836318
822.0 0.0010774489965115208
823.0 0.0009733198567118961
824.0 0.0008691910807101522
825.0 0.0010741752703324892
826.0 0.0012791596418537665
827.0 0.0008373749551537912
828.0 0.00039559031392855104
829.0 0.00041940302253351547
830.0 0.0004432156856637448
831.0 0.0005242459792498266
832.0 0.0006052763183106435
833.0 0.000707458048054832
834.0 0.0008096396413748153
835.0 0.0006822866907896241
836.0 0.0005549337856791681
837.0 0.0005141485416970681
838.0 0.0004733633886644384
839.0 0.0006727187155775027
840.0 0.0008720740879653022
841.0 0.0009127715202339459
842.0 0.0009534690434520599
843.0 0.0009326213330496103
844.0 0.000911773804546101
845.0 0.0008003813491086476
846.0 0.0006889890300953994
847.0 0.0008597952728450764
848.0 0.0010306015610694885
849.0 0.0010813725566549692
850.0 0.00113214355224045
851.0 0.0007833771633158904
852.0 0.0004346107289165957
853.0 0.00045542938096332364
854.0 0.00047624812395952176
855.0 0.0005840884568897309
856.0 0.0006919286988704698
857.0 0.0008304897164634895
858.0 0.0009690505976323038
859.0 0.0009176407729682978
860.0 0.0008662309483042918
861.0 0.000924997675610939
862.0 0.000983764311968116
863.0 0.001449122282792814
864.0 0.0019144801626680419
865.0 0.0019915787561330944
866.0 0.002068677349598147
867.0 0.002247747761430219
868.0 0.002426818355161231
869.0 0.002610969022498466
870.0 0.0027951193260378204
871.0 0.0030120832889224403
872.0 0.0032290474337060004
873.0 0.0028476086299633607
874.0 0.002466170371917542
