lsstCam/transmission_filter_detector/r34_s20/y_10/19700101T000000.ecsv
# %ECSV 1.0
# ---
# datatype:
# - {name: wavelength, unit: nm, datatype: float32}
# - {name: efficiency, unit: '%', datatype: float64}
# meta: !!omap
# - {MODE: DETECTOR}
# - {TYPE: transmission_filter_detector}
# - {CALIBDATE: '1970-01-01T00:00:00'}
# - {INSTRUME: LSSTCam}
# - {OBSTYPE: transmission_filter_detector}
# - {CALIBCLS: lsst.ip.isr.IntermediateFilterDetectorTransmissionCurve}
# - {SOURCE: Materion (DM-46256)}
# - {DETECTOR: 159}
# - {FILTER: y_10}
# - {CALIB_ID: 'calibDate=1970-01-01T00:00:00 filter=y_10 detector=159'}
# - {DATE: '2025-04-02T15:59:51.480270'}
# - {CALIB_CREATION_DATE: '2025-04-02'}
# - {CALIB_CREATION_TIME: '15:59:51'}
# - __serialized_columns__:
#     efficiency:
#       __class__: astropy.units.quantity.Quantity
#       unit: !astropy.units.Unit {unit: '%'}
#       value: !astropy.table.SerializedColumn {name: efficiency}
#     wavelength:
#       __class__: astropy.units.quantity.Quantity
#       unit: !astropy.units.Unit {unit: nm}
#       value: !astropy.table.SerializedColumn {name: wavelength}
# schema: astropy-2.0
wavelength efficiency
[from data line 576]
876.0 0.0028450143872760236
877.0 0.002651021713973023
878.0 0.0024570290406700224
879.0 0.001745207373460289
880.0 0.07131268503144383
881.0 0.08639441803097725
882.0 0.06385676679201424
883.0 0.07861651829443872
884.0 0.06285842973738909
885.0 0.09543395135551691
886.0 0.06419342244043946
887.0 0.10312777012586594
888.0 0.06565107614733279
889.0 0.09819461265578866
890.0 0.06028116913512349
891.0 0.0906838511582464
892.0 0.06688691210001707
893.0 0.09643721277825534
894.0 0.0749258033465594
895.0 0.08924298454076052
896.0 0.06960501195862889
897.0 0.10203650454059243
898.0 0.07005674997344613
899.0 0.1281650853343308
900.0 0.08261379553005099
901.0 0.12585321674123406
902.0 0.14105832669883966
903.0 0.14797871699556708
904.0 0.16371794044971466
905.0 0.20924920681864023
906.0 0.2147191669791937
907.0 0.26873270981013775
908.0 0.3519299905747175
909.0 0.4554359242320061
910.0 0.6215148139744997
911.0 0.8461449295282364
912.0 1.2590231373906136
913.0 1.861335150897503
914.0 2.6404406875371933
915.0 3.836160898208618
916.0 5.37668950855732
917.0 7.185878604650497
918.0 9.387112408876419
919.0 11.606413125991821
920.0 14.710161089897156
921.0 17.93532520532608
922.0 21.056684851646423
923.0 24.659746885299683
924.0 28.579357266426086
925.0 32.89460837841034
926.0 38.31877112388611
927.0 44.35035288333893
928.0 49.984753131866455
929.0 56.22032880783081
930.0 62.09741830825806
931.0 68.18664073944092
932.0 74.09546971321106
933.0 79.47580218315125
934.0 83.78037810325623
935.0 87.11049556732178
936.0 89.9209976196289
937.0 92.00901985168457
938.0 93.54106187820435
939.0 94.48649883270264
940.0 95.09262442588806
941.0 95.52431106567383
942.0 95.91642022132874
943.0 96.18305563926697
944.0 96.57191038131714
945.0 96.62098288536072
946.0 96.82555794715881
947.0 96.92994952201843
948.0 97.07337021827698
949.0 96.9973087310791
950.0 97.07321524620056
951.0 97.09897041320801
952.0 97.14886546134949
953.0 97.26687669754028
954.0 97.30058908462524
955.0 97.36970663070679
956.0 97.5781261920929
957.0 97.76671528816223
958.0 97.95382022857666
959.0 98.04322719573975
960.0 98.22937250137329
961.0 98.35039377212524
962.0 98.41833710670471
963.0 98.47895503044128
964.0 98.5697090625763
965.0 98.64383935928345
966.0 98.71276021003723
967.0 98.79757165908813
968.0 98.77702593803406
969.0 98.80179762840271
970.0 98.85140657424927
971.0 98.89808893203735
972.0 98.92023801803589
973.0 99.0045428276062
974.0 99.00737404823303
975.0 99.02190566062927
976.0 99.05776381492615
977.0 99.02759790420532
978.0 99.09917712211609
979.0 99.04068112373352
980.0 99.03771877288818
981.0 98.96618723869324
982.0 98.9384114742279
983.0 98.95930290222168
984.0 98.91012907028198
985.0 98.90434145927429
986.0 98.77797961235046
987.0 98.85138869285583
988.0 98.72155785560608
989.0 98.69459271430969
990.0 98.64023327827454
991.0 98.66414666175842
992.0 98.6775815486908
993.0 98.61811399459839
994.0 98.5957682132721
995.0 98.63720536231995
996.0 98.61276149749756
997.0 98.70745539665222
998.0 98.75234961509705
999.0 98.7605094909668
1000.0 98.82134795188904
1001.0 98.80542755126953
1002.0 98.91020059585571
1003.0 98.97281527519226
1004.0 99.05405640602112
1005.0 98.99789094924927
1006.0 99.14296269416809
1007.0 99.15394186973572
1008.0 99.0886926651001
1009.0 99.07877445220947
1010.0 99.10371899604797
1011.0 99.14001822471619
1012.0 99.02406334877014
1013.0 99.05286431312561
1014.0 99.04002547264099
1015.0 98.94989132881165
1016.0 98.947674036026
1017.0 98.9936351776123
1018.0 98.98249506950378
1019.0 98.87728691101074
1020.0 98.9646315574646
1021.0 99.07975792884827
1022.0 98.95403385162354
1023.0 98.9484190940857
1024.0 98.94929528236389
1025.0 98.93200993537903
1026.0 98.97288084030151
1027.0 99.07008409500122
1028.0 98.98108839988708
1029.0 99.08480048179626
1030.0 99.13679361343384
1031.0 99.09353852272034
1032.0 99.1306483745575
1033.0 99.09918308258057
1034.0 99.10176396369934
1035.0 99.1386890411377
1036.0 99.0940809249878
1037.0 99.11590218544006
1038.0 99.0714967250824
1039.0 99.0515649318695
1040.0 98.93550872802734
1041.0 99.0059494972229
1042.0 99.02669787406921
1043.0 98.92139434814453
1044.0 98.98926019668579
1045.0 98.68704080581665
1046.0 98.92296195030212
1047.0 98.78652691841125
1048.0 98.83798360824585
1049.0 98.71299266815186
1050.0 98.76314997673035
1051.0 98.6799955368042
1052.0 98.73563647270203
1053.0 98.5971450805664
1054.0 98.85584712028503
1055.0 98.92206192016602
1056.0 98.81272315979004
1057.0 98.87552857398987
1058.0 98.63603115081787
1059.0 98.82046580314636
1060.0 98.9078164100647
1061.0 98.85829091072083
1062.0 98.870450258255
1063.0 98.81752729415894
1064.0 98.9922046661377
1065.0 98.93783330917358
1066.0 98.9506721496582
1067.0 99.05925393104553
1068.0 98.90744090080261
1069.0 98.74145984649658
1070.0 99.09529089927673
1071.0 98.79253506660461
1072.0 99.05365109443665
1073.0 99.16446805000305
1074.0 98.74217510223389
1075.0 98.72100949287415
1076.0 98.50503206253052
1077.0 98.8115668296814
1078.0 98.98974895477295
1079.0 98.73349666595459
1080.0 99.28911328315735
1081.0 98.73793721199036
1082.0 98.62450957298279
1083.0 98.63812923431396
1084.0 98.87011051177979
1085.0 98.7637460231781
1086.0 98.58319163322449
1087.0 98.75016808509827
1088.0 98.50804805755615
1089.0 98.46053719520569
1090.0 98.69647026062012
1091.0 98.79124164581299
1092.0 98.80408048629761
1093.0 98.54070544242859
1094.0 98.57479929924011
1095.0 98.26816320419312
1096.0 98.61557483673096
1097.0 98.40404391288757
1098.0 97.73882031440735
1099.0 98.76402616500854
1100.0 98.29955697059631
