lsstCam/transmission_filter_detector/r32_s21/i_39/19700101T000000.ecsv
# %ECSV 1.0
# ---
# datatype:
# - {name: wavelength, unit: nm, datatype: float32}
# - {name: efficiency, unit: '%', datatype: float64}
# meta: !!omap
# - {MODE: DETECTOR}
# - {TYPE: transmission_filter_detector}
# - {CALIBDATE: '1970-01-01T00:00:00'}
# - {INSTRUME: LSSTCam}
# - {OBSTYPE: transmission_filter_detector}
# - {CALIBCLS: lsst.ip.isr.IntermediateFilterDetectorTransmissionCurve}
# - {SOURCE: Materion (DM-46256)}
# - {DETECTOR: 142}
# - {FILTER: i_39}
# - {CALIB_ID: 'calibDate=1970-01-01T00:00:00 filter=i_39 detector=142'}
# - {DATE: '2025-04-02T15:59:47.137032'}
# - {CALIB_CREATION_DATE: '2025-04-02'}
# - {CALIB_CREATION_TIME: '15:59:47'}
# - __serialized_columns__:
#     efficiency:
#       __class__: astropy.units.quantity.Quantity
#       unit: !astropy.units.Unit {unit: '%'}
#       value: !astropy.table.SerializedColumn {name: efficiency}
#     wavelength:
#       __class__: astropy.units.quantity.Quantity
#       unit: !astropy.units.Unit {unit: nm}
#       value: !astropy.table.SerializedColumn {name: wavelength}
# schema: astropy-2.0
wavelength efficiency
300.0 0.03234799951314926
301.0 0.029823908698745072
302.0 0.027299829525873065
303.0 0.01974286133190617
304.0 0.012185903324279934
305.0 0.009464019967708737
306.0 0.006742135883541778
307.0 0.016991754819173366
308.0 0.027241368661634624
309.0 0.014922049012966454
310.0 0.0026027286367025226
311.0 1.587578809733592e-10
312.0 1.587578809733592e-10
313.0 1.587578809733592e-10
314.0 0.0027166524887434207
315.0 0.003988434400525875
316.0 0.005260217221803032
317.0 0.0023924221750348806
318.0 1.587578809733592e-10
319.0 0.0018493254174245521
320.0 0.004174019341007806
321.0 0.0023207358026411384
322.0 0.0004674523097492056
323.0 0.0007225796707643894
324.0 0.0009777070772543084
325.0 0.0007222413387353299
326.0 0.0004667757366405567
327.0 0.0017789652702049352
328.0 0.0030911553039913997
329.0 0.003107621887465939
330.0 0.0031240877433447167
331.0 0.002859028427337762
332.0 0.002593968019937165
333.0 0.0026435502149979584
334.0 0.0026931329557555728
335.0 0.00164055782079231
336.0 0.0005879821856069611
337.0 0.0016012994819902815
338.0 0.0026146166419493966
339.0 0.001568516563565936
340.0 0.0005224165306572104
341.0 5.244979774943204e-05
342.0 1.587578809733592e-10
343.0 1.587578809733592e-10
344.0 1.587578809733592e-10
345.0 0.0009790102922124788
346.0 0.0020027839127578773
347.0 0.0008149006134772208
348.0 1.587578809733592e-10
349.0 1.587578809733592e-10
350.0 0.00033192757200595224
351.0 1.587578809733592e-10
352.0 1.587578809733592e-10
353.0 1.587578809733592e-10
354.0 1.587578809733592e-10
355.0 1.587578809733592e-10
356.0 0.0012009908459731378
357.0 0.0001111345909521333
358.0 1.587578809733592e-10
359.0 1.587578809733592e-10
360.0 2.2888589512604085e-05
361.0 5.0949017804668983e-05
362.0 7.900949867689633e-05
363.0 1.587578809733592e-10
364.0 1.587578809733592e-10
365.0 1.587578809733592e-10
366.0 1.587578809733592e-10
367.0 1.587578809733592e-10
368.0 1.587578809733592e-10
369.0 1.587578809733592e-10
370.0 1.587578809733592e-10
371.0 1.587578809733592e-10
372.0 0.00019398078165977495
373.0 0.00038151397347974125
374.0 0.0005690472789865453
375.0 0.0006244899395824177
376.0 0.0006799327366024954
377.0 0.000732489388610702
378.0 0.0007850460860936437
379.0 0.0007272222319443244
380.0 0.0006693983323202701
381.0 0.0004221532435622066
382.0 0.00017490815480414312
383.0 0.00015269837376763462
384.0 0.00013048864957454498
385.0 0.00013607965456685633
386.0 0.00014167078461468918
387.0 1.587578809733592e-10
388.0 1.587578809733592e-10
389.0 1.587578809733592e-10
390.0 1.587578809733592e-10
391.0 1.587578809733592e-10
392.0 1.587578809733592e-10
393.0 0.0002328823939024005
394.0 0.0005696656444342807
395.0 0.0006063257842470193
396.0 0.000642985924059758
397.0 0.0004487429578148294
398.0 0.0002545000597820035
399.0 0.0011680603165586945
400.0 0.002081620550598018
401.0 0.0032396888855146244
402.0 0.0043977564928354695
403.0 0.004212066778563894
404.0 0.004026375609100796
405.0 0.0037297253584256396
406.0 0.003433075107750483
407.0 0.0040081835322780535
408.0 0.004583292320603505
409.0 0.004029329647892155
410.0 0.003475366611382924
411.0 0.003509995076456107
412.0 0.003544624269125052
413.0 0.0032274649129249156
414.0 0.002910305374825839
415.0 0.003454329998930916
416.0 0.003998355532530695
417.0 0.005668480662279762
418.0 0.007338605064433068
419.0 0.004559366061585024
420.0 0.0017801263311412185
421.0 0.003114843275398016
422.0 0.004449560219654813
423.0 0.004086651097168215
424.0 0.0037237427022773772
425.0 0.004369113958091475
426.0 0.005014485577703454
427.0 0.005161454464541748
428.0 0.0053084237151779234
429.0 0.0038784975913586095
430.0 0.0024485720132361166
431.0 0.003348089740029536
432.0 0.004247606921126135
433.0 0.003354882210260257
434.0 0.0024621574993943796
435.0 0.0022628588340012357
436.0 0.0020635605324059725
437.0 0.001915028587973211
438.0 0.0017664968254393898
439.0 0.0016013702406780794
440.0 0.0014362439287651796
441.0 0.0012454588613763917
442.0 0.0010546737030381337
443.0 0.0011239425475650933
444.0 0.0011932113920920528
445.0 0.0008173741662176326
446.0 0.000441536758444272
447.0 0.00039665524127485696
448.0 0.0003517737013680744
449.0 0.0004173301476839697
450.0 0.0004828862984140869
451.0 0.0007877384632593021
452.0 0.0010925907190539874
453.0 0.0008671134310134221
454.0 0.000641636279397062
455.0 0.0008143997547449544
456.0 0.0009871630936686415
457.0 0.0006593075340788346
458.0 0.0003314515424790443
459.0 0.0006689767815259984
460.0 0.0010065019523608498
461.0 0.0009456802217755467
462.0 0.0008848583092913032
463.0 0.00047992907639127225
464.0 7.499989465031831e-05
465.0 0.00012198913736938266
466.0 0.00016897864725251566
467.0 0.0001604809426680731
468.0 0.0001519831812402117
469.0 0.0006591659257537685
470.0 0.0011663489203783683
471.0 0.0008627630450064316
472.0 0.0005591775789071107
473.0 0.00043685545279004145
474.0 0.00031453346309717745
475.0 0.0004673393050325103
476.0 0.000620145056018373
477.0 0.0004562746198644163
478.0 0.00029240420644782716
479.0 0.0007763320354570169
480.0 0.0012602599781530444
481.0 0.0014124877452559303
482.0 0.0015647156033082865
483.0 0.0028776872568414547
484.0 0.004190658364677802
485.0 0.005525381857296452
486.0 0.006860103894723579
487.0 0.00902580504771322
488.0 0.011191504745511338
489.0 0.014505891886074096
490.0 0.017820279754232615
491.0 0.02111050416715443
492.0 0.024400731490459293
493.0 0.026314661954529583
494.0 0.02822859096340835
495.0 0.026363597135059536
496.0 0.02449860330671072
497.0 0.020537851378321648
498.0 0.016577097994741052
499.0 0.012413623335305601
500.0 0.008250147220678627
501.0 0.005633657201542519
502.0 0.0030171646358212456
503.0 0.0020400861103553325
504.0 0.0010630073120410088
505.0 0.0015287498172256164
506.0 0.0019944920495618135
507.0 0.002077025783364661
508.0 0.0021595595171675086
509.0 0.002264879731228575
510.0 0.0023701999452896416
511.0 0.0021090474547236226
512.0 0.001847895146056544
513.0 0.0019221430193283595
514.0 0.001996390892600175
515.0 0.0021252328224363737
516.0 0.0022540749341715127
517.0 0.0022546597392647527
518.0 0.0022552449081558734
519.0 0.0019322391381138004
520.0 0.0016092333680717275
521.0 0.0017349861082038842
522.0 0.001860738848336041
523.0 0.0019667608285089955
524.0 0.00207278280868195
525.0 0.00241478828684194
526.0 0.002756794128799811
527.0 0.002949435838672798
528.0 0.0031420775485457852
529.0 0.002904815846704878
530.0 0.0026675539629650302
531.0 0.0022276193703874014
532.0 0.0017876853235065937
533.0 0.0014854796972940676
534.0 0.0011832741620310117
535.0 0.0014789913620916195
536.0 0.0017747084712027572
537.0 0.002232197039120365
538.0 0.002689685788936913
539.0 0.0034671047615120187
540.0 0.004244524097885005
541.0 0.004789204831467941
542.0 0.005333885565050878
543.0 0.005120384230394848
544.0 0.0049068832595366985
545.0 0.004142908801441081
546.0 0.0033789343433454633
547.0 0.002601072446850594
548.0 0.0018232109141536057
549.0 0.001736490594339557
550.0 0.0016497708202223293
551.0 0.0016569481886108406
552.0 0.0016641251932014711
553.0 0.0016734165910747834
554.0 0.0016827079889480956
555.0 0.0013154609405319206
556.0 0.000948214074014686
557.0 0.0007890012966527138
558.0 0.0006297886102402117
559.0 0.0005931510713708121
560.0 0.0005565136234508827
561.0 0.0008454352609987836
562.0 0.0011343568075972144
563.0 0.001465352215745952
564.0 0.001796347351046279
565.0 0.0016747513654991053
566.0 0.0015531551980529912
567.0 0.0012904756658826955
568.0 0.0010277959518134594
569.0 0.000878767514223
570.0 0.000729739258531481
571.0 0.0005299807526171207
572.0 0.00033022233765223064
573.0 0.00033265782803937327
574.0 0.00033509322747704573
575.0 0.0005210513336351141
576.0 0.0007070094852679176
577.0 0.0006092158400861081
578.0 0.0005114222403790336
579.0 0.000461117588201887
580.0 0.0004108129814994754
581.0 0.0004121664460399188
582.0 0.00041352004700456746
583.0 0.0003268552063673269
584.0 0.0002401903429927188
585.0 0.00026957495720125735
586.0 0.0002989594577229582
587.0 0.0003689040795507026
588.0 0.0004388486559037119
589.0 0.0006148696684249444
590.0 0.0007908906809461769
591.0 0.0005967836841591634
592.0 0.000402676732846885
593.0 0.0005692822014680132
594.0 0.0007358877610386116
595.0 0.00045929077714390587
596.0 0.000182693747774465
597.0 0.00027197534109291155
598.0 0.0003612569344113581
599.0 0.00035702171317097964
600.0 0.00035278651466796873
601.0 0.00044052317207388114
602.0 0.0005282599431666313
603.0 0.00041089465412369464
604.0 0.0002935294560302282
605.0 0.0002830413905030582
606.0 0.00027255327950115316
607.0 0.00020297118226153543
608.0 0.00013338909639060148
609.0 0.00022151043594931252
610.0 0.0003096318096140749
611.0 0.00027374735509511083
612.0 0.00023786283236404415
613.0 0.00030255062029027613
614.0 0.0003672384536912432
615.0 0.00032926643598329974
616.0 0.00029129450922482647
617.0 0.0002725867489061784
618.0 0.0002538790113248979
619.0 0.00021134114831511397
620.0 0.00016880326256796252
621.0 0.00031781557936483296
622.0 0.0004668278506869683
623.0 0.00041759558371268213
624.0 0.00036836340768786613
625.0 0.00037252218589856056
626.0 0.00037668098684662255
627.0 0.0004114055627724156
628.0 0.00044613016143557616
629.0 0.00048464730753039476
630.0 0.0005231644536252134
631.0 0.0005494653578352882
632.0 0.0005757660801464226
633.0 0.0003713174464792246
634.0 0.00016686877870597527
635.0 0.00026873540264205076
636.0 0.00037060203794681
637.0 0.00035156422200088855
638.0 0.0003325264060549671
639.0 0.00035153163935319753
640.0 0.00037053696360089816
641.0 0.000531646537638153
642.0 0.0006927560662006726
643.0 0.0005861559657205362
644.0 0.00047955568334145937
645.0 0.0006643247616011649
646.0 0.0008490938853356056
647.0 0.0009158042303170078
648.0 0.0009825143933994696
649.0 0.0009203390618495177
650.0 0.0008581635484006256
651.0 0.0008792770131549332
652.0 0.0009003903869597707
653.0 0.0008842249371809885
654.0 0.0008680594874022063
655.0 0.001094842536986107
656.0 0.0013216253137215972
657.0 0.0022182272005011328
658.0 0.0031148287234827876
659.0 0.005077917012386024
660.0 0.019853372941724956
661.0 0.0996296526864171
662.0 0.09427184122614563
663.0 0.13730025384575129
664.0 0.12768283486366272
665.0 0.10456215823069215
666.0 0.14842007076367736
667.0 0.20441191736608744
668.0 0.22648738231509924
669.0 0.2705890219658613
670.0 0.36202198825776577
671.0 0.5988475866615772
672.0 0.9843376465141773
673.0 1.5203939750790596
674.0 2.2599080577492714
675.0 3.1915221363306046
676.0 4.294931516051292
677.0 5.654536187648773
678.0 7.0252425968647
679.0 8.442612737417221
680.0 10.452070087194443
681.0 12.566123902797699
682.0 15.157537162303925
683.0 17.896567285060883
684.0 20.85300385951996
685.0 23.795393109321594
686.0 26.86663269996643
687.0 30.119213461875916
688.0 33.45131874084473
689.0 36.93902790546417
690.0 40.89479148387909
691.0 45.18426954746246
692.0 50.23530125617981
693.0 55.58192729949951
694.0 61.54157519340515
695.0 67.23031997680664
696.0 73.38784337043762
697.0 78.87851595878601
698.0 84.61655974388123
699.0 88.85740637779236
700.0 92.08400249481201
701.0 94.45350170135498
702.0 96.12167477607727
703.0 96.93838953971863
704.0 97.31997847557068
705.0 97.69244194030762
706.0 97.70038723945618
707.0 97.84082770347595
708.0 97.87672758102417
709.0 97.88880944252014
710.0 97.74994850158691
711.0 97.88810610771179
712.0 97.87057042121887
713.0 97.91374206542969
714.0 97.95100688934326
715.0 98.02657961845398
716.0 97.89571762084961
717.0 98.12511801719666
718.0 98.21271300315857
719.0 98.15297722816467
720.0 98.29458594322205
721.0 98.20562601089478
722.0 97.82243371009827
723.0 97.63146042823792
724.0 97.3149299621582
725.0 97.13277816772461
726.0 96.88606262207031
727.0 96.64494395256042
728.0 96.33879065513611
729.0 96.20240926742554
730.0 96.31918668746948
731.0 96.319180727005
732.0 96.42371535301208
733.0 96.67560458183289
734.0 97.04952239990234
735.0 97.22051620483398
736.0 97.60775566101074
737.0 97.96136021614075
738.0 98.19672703742981
739.0 98.60754013061523
740.0 98.70321154594421
741.0 98.53687286376953
742.0 98.81382584571838
743.0 98.56865406036377
744.0 98.57721328735352
745.0 98.53359460830688
746.0 98.55544567108154
747.0 98.71622920036316
748.0 98.55077266693115
749.0 98.48386645317078
750.0 98.42159748077393
751.0 98.30308556556702
752.0 98.28884601593018
753.0 98.50704073905945
754.0 98.35788011550903
755.0 98.47949147224426
756.0 98.5146701335907
757.0 98.55331182479858
758.0 98.67762923240662
759.0 98.69943261146545
760.0 98.633873462677
761.0 98.58507513999939
762.0 98.57985377311707
763.0 98.53208065032959
764.0 98.47981929779053
765.0 98.42196106910706
766.0 98.55180382728577
767.0 98.34166169166565
768.0 98.34079146385193
769.0 98.23930263519287
770.0 98.00645709037781
771.0 97.97320365905762
772.0 98.05164337158203
773.0 97.96147346496582
774.0 97.8047788143158
775.0 97.83532619476318
776.0 97.73580431938171
777.0 97.77821898460388
778.0 97.83679246902466
779.0 97.93735146522522
780.0 97.90244698524475
781.0 98.22742938995361
782.0 98.17211031913757
783.0 98.33852052688599
784.0 98.2051134109497
785.0 98.41498732566833
786.0 98.47310185432434
787.0 98.30818176269531
788.0 98.40267896652222
789.0 98.40614795684814
790.0 98.43190312385559
791.0 98.43286275863647
792.0 98.24442267417908
793.0 98.18135499954224
794.0 98.04764986038208
795.0 97.93163537979126
796.0 97.94437289237976
797.0 97.93934226036072
798.0 97.80901670455933
799.0 97.69200086593628
800.0 97.5596010684967
801.0 97.53464460372925
802.0 97.35215306282043
803.0 97.04636931419373
804.0 96.74062132835388
805.0 96.14601135253906
806.0 95.48816680908203
807.0 94.34556365013123
808.0 92.8895652294159
809.0 91.26476049423218
810.0 89.47572112083435
811.0 87.07032799720764
812.0 84.29029583930969
813.0 81.21499419212341
814.0 77.45682001113892
815.0 73.42454791069031
816.0 69.20475363731384
817.0 64.66619968414307
818.0 59.73912477493286
819.0 55.45881986618042
820.0 50.642943382263184
821.0 46.15640044212341
822.0 41.792476177215576
823.0 37.19888925552368
824.0 32.57330358028412
825.0 28.34339737892151
826.0 23.9144966006279
827.0 19.347208738327026
828.0 15.266759693622589
829.0 11.407147347927094
830.0 7.852430641651154
831.0 5.4046496748924255
832.0 3.2754361629486084
833.0 1.9835472106933594
834.0 1.1803596280515194
835.0 0.6811333354562521
836.0 0.36767988931387663
837.0 0.2601155312731862
838.0 0.12630749261006713
839.0 0.09747531730681658
840.0 0.05187438218854368
841.0 0.012442214938346297
842.0 1.587578809733592e-10
843.0 1.587578809733592e-10
844.0 0.021858097170479596
845.0 1.587578809733592e-10
846.0 0.02178008871851489
847.0 1.587578809733592e-10
848.0 1.587578809733592e-10
849.0 1.587578809733592e-10
850.0 1.587578809733592e-10
851.0 0.0028151458536740392
852.0 0.0030988696380518377
853.0 0.0016358379070879892
854.0 0.00017280643760386738
855.0 0.0004480534244066803
856.0 0.0007233003088913392
857.0 0.0004552055997919524
858.0 0.00018711085658651427
859.0 0.0002426422270218609
860.0 0.00029817358608852373
861.0 6.068621587473899e-05
862.0 1.587578809733592e-10
863.0 1.587578809733592e-10
864.0 1.587578809733592e-10
865.0 8.378178790735546e-05
866.0 0.00017284348814428085
867.0 8.743423904888914e-05
868.0 2.0248752008455995e-06
869.0 0.00013860368426321656
870.0 0.0002751824240476708
871.0 0.00010954964864140493
872.0 1.587578809733592e-10
873.0 3.180523719947814e-05
874.0 0.00011969361821684288
875.0 0.00011728410527211963
876.0 0.00011487460369608016
877.0 3.5399392572799115e-05
878.0 1.587578809733592e-10
879.0 1.587578809733592e-10
880.0 1.587578809733592e-10
881.0 6.25841664714244e-05
882.0 0.00020708048396045342
883.0 9.639078371037613e-05
884.0 1.587578809733592e-10
885.0 0.00011272063602518756
886.0 0.0002397401431153412
887.0 0.00019552205685613444
888.0 0.00015130397059692768
889.0 7.47833325931424e-05
890.0 1.587578809733592e-10
891.0 1.587578809733592e-10
892.0 1.587578809733592e-10
893.0 1.587578809733592e-10
894.0 1.5456431867733045e-05
895.0 3.985773275871907e-05
896.0 6.425906917684188e-05
