lsstCam/transmission_filter_detector/r32_s21/i_39/19700101T000000.ecsv
# %ECSV 1.0
# ---
# datatype:
# - {name: wavelength, unit: nm, datatype: float32}
# - {name: efficiency, unit: '%', datatype: float64}
# meta: !!omap
# - {MODE: DETECTOR}
# - {TYPE: transmission_filter_detector}
# - {CALIBDATE: '1970-01-01T00:00:00'}
# - {INSTRUME: LSSTCam}
# - {OBSTYPE: transmission_filter_detector}
# - {CALIBCLS: lsst.ip.isr.IntermediateFilterDetectorTransmissionCurve}
# - {SOURCE: Materion (DM-46256)}
# - {DETECTOR: 142}
# - {FILTER: i_39}
# - {CALIB_ID: 'calibDate=1970-01-01T00:00:00 filter=i_39 detector=142'}
# - {DATE: '2025-04-02T15:59:47.137032'}
# - {CALIB_CREATION_DATE: '2025-04-02'}
# - {CALIB_CREATION_TIME: '15:59:47'}
# - __serialized_columns__:
#     efficiency:
#       __class__: astropy.units.quantity.Quantity
#       unit: !astropy.units.Unit {unit: '%'}
#       value: !astropy.table.SerializedColumn {name: efficiency}
#     wavelength:
#       __class__: astropy.units.quantity.Quantity
#       unit: !astropy.units.Unit {unit: nm}
#       value: !astropy.table.SerializedColumn {name: wavelength}
# schema: astropy-2.0
wavelength efficiency
[from data line 598]
898.0 0.00011929295169466059
899.0 1.587578809733592e-10
900.0 1.587578809733592e-10
901.0 1.587578809733592e-10
902.0 1.587578809733592e-10
903.0 1.587578809733592e-10
904.0 1.587578809733592e-10
905.0 1.587578809733592e-10
906.0 1.587578809733592e-10
907.0 1.587578809733592e-10
908.0 1.587578809733592e-10
909.0 1.587578809733592e-10
910.0 1.587578809733592e-10
911.0 1.587578809733592e-10
912.0 1.587578809733592e-10
913.0 1.587578809733592e-10
914.0 5.436933747660078e-06
915.0 3.4654470937312e-05
916.0 6.387202233781863e-05
917.0 1.587578809733592e-10
918.0 1.587578809733592e-10
919.0 1.587578809733592e-10
920.0 3.0457468369604612e-05
921.0 1.587578809733592e-10
922.0 1.587578809733592e-10
923.0 1.587578809733592e-10
924.0 0.00026134807740163524
925.0 8.584661941313243e-05
926.0 1.587578809733592e-10
927.0 1.587578809733592e-10
928.0 1.587578809733592e-10
929.0 1.587578809733592e-10
930.0 1.587578809733592e-10
931.0 1.587578809733592e-10
932.0 1.587578809733592e-10
933.0 1.587578809733592e-10
934.0 1.587578809733592e-10
935.0 1.587578809733592e-10
936.0 1.587578809733592e-10
937.0 7.652761837562139e-05
938.0 0.0002635976670717355
939.0 1.7887329306631727e-05
940.0 1.587578809733592e-10
941.0 1.587578809733592e-10
942.0 0.00019799888377747266
943.0 4.7530608071610914e-05
944.0 1.587578809733592e-10
945.0 1.6301397920415184e-05
946.0 0.0001355404833702778
947.0 0.0002394253215243225
948.0 0.0003433101937844185
949.0 0.00027665130346576916
950.0 0.0002099924586218549
951.0 0.00015885176480878727
952.0 0.00010771110510177095
953.0 1.587578809733592e-10
954.0 1.587578809733592e-10
955.0 0.00011017908718713443
956.0 0.0003515125399644603
957.0 0.00030393812266993336
958.0 0.0002563637963248766
959.0 0.00028790336727979593
960.0 0.00031944298370945035
961.0 0.00023608822630194481
962.0 0.0001527334234197042
963.0 0.0002037734248006018
964.0 0.0002548134489188669
965.0 0.00013636295079777483
966.0 1.791249673033235e-05
967.0 3.491079496598104e-05
968.0 5.19090747275186e-05
969.0 1.587578809733592e-10
970.0 1.587578809733592e-10
971.0 1.587578809733592e-10
972.0 3.4547078087143746e-06
973.0 1.587578809733592e-10
974.0 1.587578809733592e-10
975.0 8.738786618778249e-05
976.0 0.0001952192178578116
977.0 0.00013998460417496972
978.0 8.474999049212784e-05
979.0 7.777358064231521e-05
980.0 7.079714805513504e-05
981.0 3.138704016691918e-05
982.0 1.587578809733592e-10
983.0 3.1055043336891686e-05
984.0 7.013319418547326e-05
985.0 3.9704750065538974e-05
986.0 9.276309498318369e-06
987.0 1.587578809733592e-10
988.0 1.587578809733592e-10
989.0 1.587578809733592e-10
990.0 1.2006110239326517e-05
991.0 7.343573997786734e-05
992.0 0.0001348653881905193
993.0 8.485865805596404e-05
994.0 3.4851879604502756e-05
995.0 0.00012635294979190803
996.0 0.00021785399439977482
997.0 8.97176391845278e-05
998.0 1.587578809733592e-10
999.0 1.3192310355236714e-06
1000.0 4.105714879187872e-05
1001.0 8.783694056546665e-05
1002.0 0.00013461673233905458
1003.0 0.00026449665710970294
1004.0 0.00039437663872377016
1005.0 0.0003080888973272522
1006.0 0.00022180120140546933
1007.0 0.00011452503940745373
1008.0 7.24888522540823e-06
1009.0 8.172053753696673e-05
1010.0 0.00015619211808370892
1011.0 0.0001107979983316909
1012.0 6.540388994835666e-05
1013.0 0.00018355293605054612
1014.0 0.000301702061733522
1015.0 0.0002662120778040844
1016.0 0.00023072216208674945
1017.0 0.00035348823530512163
1018.0 0.00047625426304875873
1019.0 0.00030272458388935775
1020.0 0.00012919496157337562
1021.0 0.00015266920172507525
1022.0 0.00017614341913940734
1023.0 0.00014711929452460026
1024.0 0.00011809514717242564
1025.0 0.0002201328470619046
1026.0 0.00032217062653217
1027.0 0.00040964846448332537
1028.0 0.0004971262569597457
1029.0 0.0008377390258829109
1030.0 0.0011783517948060762
1031.0 0.0014404681678570341
1032.0 0.0017025846318574622
1033.0 0.001970872654055711
1034.0 0.0022391606762539595
1035.0 0.002526124990254175
1036.0 0.0028130889404565096
1037.0 0.003166122405673377
1038.0 0.0035191562346881256
1039.0 0.0033384127164026722
1040.0 0.0031576695619150996
1041.0 0.003042452772206161
1042.0 0.002927236164396163
1043.0 0.0031489322282141075
1044.0 0.0033706281101331115
1045.0 0.003349484541104175
1046.0 0.0033283413358731195
1047.0 0.00313783239107579
1048.0 0.0029473230824805796
1049.0 0.0027806585421785712
1050.0 0.002613994183775503
1051.0 0.002149624742742162
1052.0 0.001685255665506702
1053.0 0.001697359220997896
1054.0 0.0017094631402869709
1055.0 0.0011457893378974404
1056.0 0.0005821156264573801
1057.0 0.000888839531398844
1058.0 0.0011955637091887183
1059.0 0.0008316190360346809
1060.0 0.0004676745902543189
1061.0 0.0009514093108009547
1062.0 0.0014351440768223256
1063.0 0.0018557855582912453
1064.0 0.0022764274035580456
1065.0 0.0026729816454462707
1066.0 0.0030695362511323765
1067.0 0.0037881578464293852
1068.0 0.004506779441726394
1069.0 0.004471567081054673
1070.0 0.0044363543565850705
1071.0 0.004228731268085539
1072.0 0.004021108179586008
1073.0 0.0036464345612330362
1074.0 0.003271760215284303
1075.0 0.003028387982340064
1076.0 0.002785015749395825
1077.0 0.003193991506122984
1078.0 0.003602967262850143
1079.0 0.0033163054467877373
1080.0 0.003029643266927451
1081.0 0.0028474141799961217
1082.0 0.0026651850930647925
1083.0 0.0023117247110349126
1084.0 0.001958264510903973
1085.0 0.001251458979822928
1086.0 0.0005446536761155585
1087.0 0.0009823810614761896
1088.0 0.0014201088561094366
1089.0 0.000460602041130187
1090.0 1.587578809733592e-10
1091.0 0.0003252390342822764
1092.0 0.001149382660514675
1093.0 0.00038425473576353397
1094.0 1.587578809733592e-10
1095.0 9.617536989026121e-05
1096.0 0.0005732240879297024
1097.0 6.66518076286593e-05
1098.0 1.587578809733592e-10
1099.0 0.00020637010038626613
1100.0 0.0008526606507075485
