lsstCam/transmission_sensor/r10_s00/19700101T000000.ecsv
# %ECSV 1.0
# ---
# datatype:
# - {name: amp_name, datatype: string}
# - {name: wavelength, unit: nm, datatype: float32}
# - {name: efficiency, unit: '%', datatype: float64}
# meta: !!omap
# - {MODE: AMP}
# - {TYPE: transmission_sensor}
# - {CALIBDATE: '1970-01-01T00:00:00'}
# - {INSTRUME: LSSTCam}
# - {OBSTYPE: transmission_sensor}
# - {DETECTOR: 27}
# - {PARQUETFILE: qe_raft_allvalues_nircorrected_20230725_adjust.parquet}
# - {CORRFILE: qe_corr_factor_bydetnum.parquet}
# - {CALIBCLS: lsst.ip.isr.IntermediateSensorTransmissionCurve}
# - {CALIB_ID: 'raftName=R10 detectorName=S00 detector=27 calibDate=1970-01-01T00:00:00 ccd=27 ccdnum=27 filter=None'}
# - {DATE: '2025-03-03T21:56:47.523646'}
# - {CALIB_CREATION_DATE: '2025-03-03'}
# - {CALIB_CREATION_TIME: '21:56:47'}
# - __serialized_columns__:
#     efficiency:
#       __class__: astropy.units.quantity.Quantity
#       unit: !astropy.units.Unit {unit: '%'}
#       value: !astropy.table.SerializedColumn {name: efficiency}
#     wavelength:
#       __class__: astropy.units.quantity.Quantity
#       unit: !astropy.units.Unit {unit: nm}
#       value: !astropy.table.SerializedColumn {name: wavelength}
# schema: astropy-2.0
amp_name wavelength efficiency
C00 319.994 47.478222270830976
C00 324.969 49.324797844933855
C00 349.982 59.496932004380625
C00 374.975 73.84190210144585
C00 400.019 84.12602186849055
C00 424.965 84.967161941755
C00 450.035 84.55975141623306
C00 475.003 84.52318110432509
C00 500.018 84.94556782520571
C00 525.002 85.77961672339971
C00 550.029 86.88345849873564
C00 575.023 88.62231538328619
C00 599.982 90.55160352258105
C00 619.997 91.46831918720444
C00 624.979 91.84721234990273
C00 650.012 93.24410514063639
C00 675.004 94.51254766863008
C00 700.03 95.2397327875063
C00 725.012 96.23326061007789
C00 750.022 97.56480619975873
C00 774.987 98.72609488960505
C00 799.976 98.7888239280646
C00 824.988 97.92886819651312
C00 850.022 97.03830362531421
C00 869.967 94.63229616648275
C00 875.002 93.87650208725773
C00 899.999 87.53567104329333
C00 919.999 79.51659014390576
C00 925.012 76.67582266517408
C00 949.965 63.169279064691345
C00 975.002 52.34537508205834
C00 999.976 30.88951927211011
C00 1025.028 15.056734390929531
C00 1050.014 6.123066038166482
C00 1075.002 0.9294847174028847
C00 1099.99 0.09222261976065275
C01 319.994 47.99138977224205
C01 324.969 49.92864307965962
C01 349.982 60.22038834067136
C01 374.975 73.96827615361622
C01 400.019 83.71154306727945
C01 424.965 84.40638662665785
C01 450.035 84.05799543982769
C01 475.003 84.15049367395433
C01 500.018 84.69437687879217
C01 525.002 85.60996284060565
C01 550.029 86.76982413568537
C01 575.023 88.5335344820544
C01 599.982 90.43224431421018
C01 619.997 91.32703000469215
C01 624.979 91.6992136486747
C01 650.012 93.06305499909078
C01 675.004 94.30223975093269
C01 700.03 95.03520314701916
C01 725.012 96.09803213047833
C01 750.022 97.52970908137993
C01 774.987 98.7768628179081
C01 799.976 98.86144549923812
C01 824.988 97.91212111566861
C01 850.022 96.96485004328743
C01 869.967 94.47556516785903
C01 875.002 93.70322246909396
C01 899.999 87.30779930015237
C01 919.999 79.08611230830536
C01 925.012 76.18366916265315
C01 949.965 62.65885948903415
C01 975.002 51.88558222185294
C01 999.976 30.72900796729303
C01 1025.028 14.891467647932808
C01 1050.014 5.999294882335208
C01 1075.002 0.9291495740418169
C01 1099.99 0.09218936714425746
C02 319.994 47.77033822815967
C02 324.969 49.67544462082033
C02 349.982 59.927684632556414
C02 374.975 73.9525748111836
C02 400.019 83.92936961516456
C02 424.965 84.6794006834335
C02 450.035 84.29611083952899
C02 475.003 84.32065134313662
C02 500.018 84.80460686715847
C02 525.002 85.68727115181497
C02 550.029 86.82528643715129
C02 575.023 88.59692760257113
C02 599.982 90.5170941549885
C02 619.997 91.43307703941086
C02 624.979 91.8113671850687
C02 650.012 93.19753543223511
C02 675.004 94.46012335174761
C02 700.03 95.22248192027357
C02 725.012 96.33312481185035
C02 750.022 97.82000453789668
C02 774.987 99.12411666880122
C02 799.976 99.24036919444478
C02 824.988 98.30161669190065
C02 850.022 97.36238330234957
C02 869.967 94.82378079276602
C02 875.002 94.02634800524255
C02 899.999 87.52665632019517
C02 919.999 79.33286840787721
C02 925.012 76.45788162038257
C02 949.965 63.10709961138259
C02 975.002 52.260235182450444
C02 999.976 30.8632765811605
C02 1025.028 14.9233569446503
C02 1050.014 6.028138561342142
C02 1075.002 0.9319147316636359
C02 1099.99 0.09246372354319625
C03 319.994 47.45775404052807
C03 324.969 49.31911498181228
C03 349.982 59.502206495202664
C03 374.975 73.70877273179717
C03 400.019 83.85325970490901
C03 424.965 84.65154740266702
C03 450.035 84.24103019441777
C03 475.003 84.21190981455368
C03 500.018 84.64192202940133
C03 525.002 85.48909990619723
C03 550.029 86.59968173275728
C03 575.023 88.36016326636549
C03 599.982 90.2950922865829
C03 619.997 91.22044101794975
C03 624.979 91.59637252733552
C03 650.012 92.99886040022918
C03 675.004 94.26891351803972
C03 700.03 95.04426366887988
C03 725.012 96.16770731459353
C03 750.022 97.67770778260797
C03 774.987 99.00056687365569
C03 799.976 99.12907820141241
C03 824.988 98.21229383864517
C03 850.022 97.29234172813386
C03 869.967 94.74540384376353
C03 875.002 93.94477277598762
C03 899.999 87.41662479313334
C03 919.999 79.23564526807931
C03 925.012 76.37214633686133
C03 949.965 63.140505992110036
C03 975.002 52.29463005313658
C03 999.976 30.840846637194407
C03 1025.028 14.918062416869635
C03 1050.014 6.032802401996654
C03 1075.002 0.9305589036558237
C03 1099.99 0.09232919953383471
C04 319.994 47.3419709522008
C04 324.969 49.173154325518375
C04 349.982 59.30931737353407
C04 374.975 73.74385458392179
C04 400.019 84.10769473033756
C04 424.965 84.96494070177062
C04 450.035 84.53479872376235
C04 475.003 84.458055263958
C04 500.018 84.84696308940377
C04 525.002 85.65951710170071
C04 550.029 86.75306942171376
C04 575.023 88.503009606805
C04 599.982 90.44611370614021
C04 619.997 91.3741416651171
C04 624.979 91.75320275661146
C04 650.012 93.16118648101289
C04 675.004 94.44475023378004
C04 700.03 95.23096995760224
C04 725.012 96.36967222437704
C04 750.022 97.88559599901652
C04 774.987 99.21537833633862
C04 799.976 99.35208000946734
C04 824.988 98.44935586680748
C04 850.022 97.54615083714069
C04 869.967 95.00807501332663
C04 875.002 94.20468838666973
C04 899.999 87.67969288530533
C04 919.999 79.48943911083195
C04 925.012 76.62165036218707
C04 949.965 63.355428135135824
C04 975.002 52.45077711753759
C04 999.976 30.92381872870757
C04 1025.028 14.97303333577888
C04 1050.014 6.070240027970687
C04 1075.002 0.9325393899395779
C04 1099.99 0.09252570156347344
C05 319.994 47.01194888572267
C05 324.969 48.81659187613396
C05 349.982 58.87980894507463
C05 374.975 73.49682369177454
C05 400.019 84.04830900154525
C05 424.965 84.9674214680762
C05 450.035 84.51990649280171
C05 475.003 84.39811231688782
C05 500.018 84.74858734741467
C05 525.002 85.52815098441079
C05 550.029 86.59931534265675
C05 575.023 88.34224831707557
C05 599.982 90.27634532643972
C05 619.997 91.20601440774185
C05 624.979 91.5899072686868
C05 650.012 93.00450128115173
C05 675.004 94.29652253873918
C05 700.03 95.08827627970462
C05 725.012 96.22132239930268
C05 750.022 97.73909339069894
C05 774.987 99.07247093088236
C05 799.976 99.22231684886718
C05 824.988 98.3307905036544
C05 850.022 97.44999633513596
C05 869.967 94.94152941132002
C05 875.002 94.15608063333433
C05 899.999 87.68760080497485
C05 919.999 79.5465578008773
C05 925.012 76.68080709716655
C05 949.965 63.367908297934726
C05 975.002 52.45225794419385
C05 999.976 30.966012747002132
C05 1025.028 15.020299567027488
C05 1050.014 6.108401369807333
C05 1075.002 0.931143642927667
C05 1099.99 0.0923872168271981
C06 319.994 46.7411064536053
C06 324.969 48.513434600463604
C06 349.982 58.49736256171402
C06 374.975 73.28126418263639
C06 400.019 84.0110746075801
C06 424.965 84.99391605221992
C06 450.035 84.53675280429844
C06 475.003 84.3881205535216
C06 500.018 84.70177337894638
C06 525.002 85.44841533878554
C06 550.029 86.49484836524653
C06 575.023 88.22027094611143
C06 599.982 90.13545306653633
C06 619.997 91.0597484263642
C06 624.979 91.44342755975049
C06 650.012 92.85379281980529
C06 675.004 94.15074507749554
C06 700.03 94.94613218695778
C06 725.012 96.07563653558417
C06 750.022 97.5847439277286
C06 774.987 98.91418277433145
C06 799.976 99.08016512299324
C06 824.988 98.2156142489311
C06 850.022 97.37284068646852
C06 869.967 94.90479880374309
C06 875.002 94.1314256328203
C06 899.999 87.71062231629074
C06 919.999 79.63290373456607
C06 925.012 76.78267117823768
C06 949.965 63.503167310042656
C06 975.002 52.60684403410412
C06 999.976 31.032472476328923
C06 1025.028 15.078919120687726
C06 1050.014 6.1539501474597635
C06 1075.002 0.9296732137245778
C06 1099.99 0.09224132219252311
C07 319.994 46.57477679766072
C07 324.969 48.331674578098244
C07 349.982 58.295061794338366
C07 374.975 73.33166572083891
C07 400.019 84.2838825699242
C07 424.965 85.32202602036098
C07 450.035 84.86628253407902
C07 475.003 84.70649828461765
C07 500.018 85.00089273038395
C07 525.002 85.72977240347507
C07 550.029 86.7627634931233
C07 575.023 88.46910325625288
C07 599.982 90.34738684030476
C07 619.997 91.25498091805068
C07 624.979 91.63549993682001
C07 650.012 93.04215549710706
C07 675.004 94.33832917583372
C07 700.03 95.13938006559981
C07 725.012 96.27815103051846
C07 750.022 97.79238788407014
C07 774.987 99.12881104196411
C07 799.976 99.31088402254034
C07 824.988 98.45566082978722
C07 850.022 97.63706901395884
C07 869.967 95.16540902899078
C07 875.002 94.37780770916454
C07 899.999 87.8400038205362
C07 919.999 79.81878564556226
C07 925.012 76.99378820740705
C07 949.965 63.849062464313036
C07 975.002 52.94693419521941
C07 999.976 31.120782031962655
C07 1025.028 15.045006091149405
C07 1050.014 6.127866798038244
C07 1075.002 0.9316513756144272
C07 1099.99 0.09243759359793399
C10 319.994 48.52699866730987
C10 324.969 50.49208617267617
C10 349.982 60.93040274014934
C10 374.975 74.51150290952397
C10 400.019 84.08165050069239
C10 424.965 84.7216424087724
C10 450.035 84.39327291431013
C10 475.003 84.54230972082297
C10 500.018 85.13596091431452
C10 525.002 86.10610083546972
C10 550.029 87.28987671773535
C10 575.023 89.04209920782773
C10 599.982 90.97796710267771
C10 619.997 91.87093610891128
C10 624.979 92.23753993698801
C10 650.012 93.5944962067652
C10 675.004 94.8165216888995
C10 700.03 95.43953752232217
C10 725.012 96.24267988891205
C10 750.022 97.34404089794238
C10 774.987 98.28328955374764
C10 799.976 98.21298082008364
C10 824.988 97.35680348644377
C10 850.022 96.43010369158125
C10 869.967 94.13082261577986
C10 875.002 93.41149198468351
C10 899.999 87.2623974601965
C10 919.999 79.35741654461192
C10 925.012 76.4996958906042
C10 949.965 62.49872793229
C10 975.002 51.928323917016506
C10 999.976 30.681919206249358
C10 1025.028 14.864305165168357
C10 1050.014 6.041404459161292
C10 1075.002 0.927383396936871
C10 1099.99 0.0920141286744583
C11 319.994 48.257617979031025
C11 324.969 50.1999969312923
C11 349.982 60.55547117041291
C11 374.975 74.26767029762917
C11 400.019 83.95869608946019
C11 424.965 84.62512151666716
C11 450.035 84.26967732040202
C11 475.003 84.35565686399028
C11 500.018 84.9091959746022
C11 525.002 85.84927664126072
C11 550.029 87.02449578805383
C11 575.023 88.80149540869374
C11 599.982 90.74827104216124
C11 619.997 91.66080375313705
C11 624.979 92.03991064339397
C11 650.012 93.41537724637442
C11 675.004 94.65263081706149
C11 700.03 95.31578926587218
C11 725.012 96.18533220505387
C11 750.022 97.37634429180473
C11 774.987 98.40299988596485
C11 799.976 98.3840620976443
C11 824.988 97.51590075446666
C11 850.022 96.5789878355522
C11 869.967 94.23773982698731
C11 875.002 93.50112779614985
C11 899.999 87.2534209027338
C11 919.999 79.32480782566581
C11 925.012 76.50446659503802
C11 949.965 62.766604894531305
C11 975.002 52.02509288575231
C11 999.976 30.75976374463704
C11 1025.028 14.977536880764413
C11 1050.014 6.092979590654536
C11 1075.002 0.9276904050945057
C11 1099.99 0.09204458974181622
C12 319.994 48.017655362572945
C12 324.969 49.92367773048489
C12 349.982 60.22473540655147
C12 374.975 74.19469760260931
C12 400.019 84.1128318248719
C12 424.965 84.83851321771058
C12 450.035 84.45742171440918
C12 475.003 84.48725197509303
C12 500.018 84.98806144373872
C12 525.002 85.88878570709993
C12 550.029 87.03873920321146
C12 575.023 88.80828125868042
C12 599.982 90.76359072823915
C12 619.997 91.6888173295725
C12 624.979 92.06934398146893
C12 650.012 93.46774049824013
C12 675.004 94.71947411102477
C12 700.03 95.40592886372673
C12 725.012 96.31438548483428
C12 750.022 97.54169309091772
C12 774.987 98.60655248618393
C12 799.976 98.6097126008009
C12 824.988 97.74153599136906
C12 850.022 96.8242478422136
C12 869.967 94.4376514255825
C12 875.002 93.69420774599578
C12 899.999 87.36329213412667
C12 919.999 79.40136809041991
C12 925.012 76.59765944373022
C12 949.965 62.989625785403966
C12 975.002 52.17506475033417
C12 999.976 30.831448349459762
C12 1025.028 15.073165651140526
C12 1050.014 6.134481856806192
C12 1075.002 0.9292653601638224
C12 1099.99 0.09220085533691233
C13 319.994 47.75996480843876
C13 324.969 49.63329067644301
C13 349.982 59.87805022362685
C13 374.975 74.0825516993424
C13 400.019 84.21503939666226
C13 424.965 85.00061030468146
C13 450.035 84.59886355946337
C13 475.003 84.5828187263115
C13 500.018 85.03047873100078
C13 525.002 85.89576238526395
C13 550.029 87.0172595835686
C13 575.023 88.77167278113699
C13 599.982 90.7302415959649
C13 619.997 91.65960535218328
C13 624.979 92.04189525643845
C13 650.012 93.44709288945052
C13 675.004 94.71252033224202
C13 700.03 95.40636395197109
C13 725.012 96.32572831169615
C13 750.022 97.55630289617586
C13 774.987 98.62312400510528
C13 799.976 98.63150517865463
C13 824.988 97.77515991621868
C13 850.022 96.84446799588595
C13 869.967 94.47879398061984
C13 875.002 93.74209798538435
C13 899.999 87.42150999447358
C13 919.999 79.39562034571803
C13 925.012 76.567798650538
C13 949.965 62.90476067837146
C13 975.002 52.05706042202251
C13 999.976 30.771135195725517
C13 1025.028 15.124496522566758
C13 1050.014 6.166954133605496
C13 1075.002 0.9294045258488971
C13 1099.99 0.09221466322833656
C14 319.994 47.613408768231515
C14 324.969 49.45053453099187
C14 349.982 59.64708706401275
C14 374.975 74.09196334504945
C14 400.019 84.44848332258196
C14 424.965 85.30076012827674
C14 450.035 84.8889147559131
C14 475.003 84.84450522247947
C14 500.018 85.25799171716834
C14 525.002 86.085850149289
C14 550.029 87.18943239830374
C14 575.023 88.92390023477516
C14 599.982 90.87169870727327
C14 619.997 91.79359726519358
C14 624.979 92.178421367644
C14 650.012 93.58132142940075
C14 675.004 94.85621394978897
C14 700.03 95.55366040550646
C14 725.012 96.46781133942623
C14 750.022 97.68534090970209
C14 774.987 98.74024670723757
C14 799.976 98.75364284528776
C14 824.988 97.9277308605761
C14 850.022 97.02264808164415
C14 869.967 94.70333768034779
C14 875.002 93.97293901496494
C14 899.999 87.72077437532593
C14 919.999 79.72255481228659
C14 925.012 76.89009217583333
C14 949.965 63.18883131974295
C14 975.002 52.3087093560617
C14 999.976 30.927419656414223
C14 1025.028 15.260270770753547
C14 1050.014 6.235896537519653
C14 1075.002 0.9306339691186745
C14 1099.99 0.09233664746009754
C15 319.994 47.361145367461255
C15 324.969 49.1400456367476
C15 349.982 59.254851195153925
C15 374.975 73.87169419649423
C15 400.019 84.4006083494476
C15 424.965 85.31184342881741
C15 450.035 84.88772398808642
C15 475.003 84.80377485630521
C15 500.018 85.17405785164132
C15 525.002 85.96991058185631
C15 550.029 87.04467777609071
C15 575.023 88.74894132865067
C15 599.982 90.70514387407941
C15 619.997 91.62749278649828
C15 624.979 92.01076736414859
C15 650.012 93.42052960716295
C15 675.004 94.69782656258583
C15 700.03 95.39661644867189
C15 725.012 96.30179082512896
C15 750.022 97.48376528940038
C15 774.987 98.52444293803241
C15 799.976 98.52116069338193
C15 824.988 97.73984143715415
C15 850.022 96.88210694558708
C15 869.967 94.60351927733788
C15 875.002 93.88245592639116
C15 899.999 87.69344778032895
C15 919.999 79.79655034633706
C15 925.012 76.97166740508827
C15 949.965 63.28416144402151
C15 975.002 52.48474071654291
C15 999.976 30.95408216935401
C15 1025.028 15.259523678439209
C15 1050.014 6.258994380106483
C15 1075.002 0.9287137658468594
C15 1099.99 0.09214612665552253
C16 319.994 47.003083008602836
C16 324.969 48.77549511985918
C16 349.982 58.81701502503479
C16 374.975 73.5849939428388
C16 400.019 84.27128027709179
C16 424.965 85.23850434369703
C16 450.035 84.80584343374771
C16 475.003 84.6951172921203
C16 500.018 85.0339670700828
C16 525.002 85.79621877482944
C16 550.029 86.85183445318467
C16 575.023 88.5426484358048
C16 599.982 90.46324244333942
C16 619.997 91.37710331842962
C16 624.979 91.75443932320071
C16 650.012 93.16039263579509
C16 675.004 94.43527752305623
C16 700.03 95.13402161037972
C16 725.012 96.00890010540022
C16 750.022 97.1841497847017
C16 774.987 98.19996633838815
C16 799.976 98.21474407244239
C16 824.988 97.44640113227463
C16 850.022 96.62241269559068
C16 869.967 94.3616102134708
C16 875.002 93.64918756239463
C16 899.999 87.53970133439904
C16 919.999 79.74441608828417
C16 925.012 76.93246366433283
C16 949.965 63.306366210738325
C16 975.002 52.533604179635965
C16 999.976 30.919298009186072
C16 1025.028 15.238253015650537
C16 1050.014 6.235918959830492
C16 1075.002 0.9258594866221014
C16 1099.99 0.0918629276930145
C17 319.994 46.74417115413359
C17 324.969 48.498809528951256
C17 349.982 58.51462487863739
C17 374.975 73.54029435057559
C17 400.019 84.45655917104754
C17 424.965 85.4848558875329
C17 450.035 85.04164599593949
C17 475.003 84.90240249148843
C17 500.018 85.21452105836728
C17 525.002 85.95012551642833
C17 550.029 86.99069630128103
C17 575.023 88.67035065208954
C17 599.982 90.56417528290507
C17 619.997 91.47116634361055
C17 624.979 91.84687649231059
C17 650.012 93.25362365012276
C17 675.004 94.53631722640118
C17 700.03 95.2373741512342
C17 725.012 96.1086040115037
C17 750.022 97.27112926793927
C17 774.987 98.27838908615321
C17 799.976 98.30822697996416
C17 824.988 97.55215047503667
C17 850.022 96.74397024456466
C17 869.967 94.46618405466035
C17 875.002 93.74980744374942
C17 899.999 87.61133059905033
C17 919.999 79.86374476414666
C17 925.012 77.08098905133036
C17 949.965 63.6181374703344
C17 975.002 52.770757805323406
C17 999.976 31.021494131285795
C17 1025.028 15.203301880827414
C17 1050.014 6.158668851215265
C17 1075.002 0.9266882230563115
C17 1099.99 0.09194515416067231
