lsstcam/transmission_sensor/r10_s00/19700101T000000.ecsv
# %ECSV 0.9
# ---
# datatype:
# - {name: amp_name, datatype: string}
# - {name: wavelength, unit: nm, datatype: float32}
# - {name: efficiency, unit: '%', datatype: float32}
# meta: !!omap
# - {MODE: AMP}
# - {TYPE: QE}
# - {CALIBDATE: '1970-01-01T00:00:00'}
# - {INSTRUME: LSSTCAM}
# - {OBSTYPE: qe_curve}
# - {DETECTOR: 27}
# - {PICKLEFILE: RaftRun10517.p}
# - {CALIB_ID: 'raftName=R10 detectorName=S00 detector=27 calibDate=1970-01-01T00:00:00 ccd=27 ccdnum=27 filter=None'}
# - {DATE: '2020-07-23T19:15:25.153771'}
# - {CALIB_CREATION_DATE: '2020-07-23'}
# - {CALIB_CREATION_TIME: '19:15:25'}
# - __serialized_columns__:
#     efficiency:
#       __class__: astropy.units.quantity.Quantity
#       unit: !astropy.units.Unit {unit: '%'}
#       value: !astropy.table.SerializedColumn {name: efficiency}
#     wavelength:
#       __class__: astropy.units.quantity.Quantity
#       unit: !astropy.units.Unit {unit: nm}
#       value: !astropy.table.SerializedColumn {name: wavelength}
# schema: astropy-2.0
amp_name wavelength efficiency
C01 319.994 47.967922
C01 324.969 49.90423
C01 349.982 60.19094
C01 374.975 73.932106
C01 400.019 83.67061
C01 424.965 84.36511
C01 450.035 84.01689
C01 475.003 84.109344
C01 500.018 84.65296
C01 525.002 85.5681
C01 550.029 86.727394
C01 575.023 88.49024
C01 599.982 90.38802
C01 619.997 91.28237
C01 624.979 91.65437
C01 650.012 93.01755
C01 675.004 94.25613
C01 700.03 94.98873
C01 725.012 96.05104
C01 750.022 97.48202
C01 774.987 98.72856
C01 799.976 98.8131
C01 824.988 97.86424
C01 850.022 96.917435
C01 869.967 94.42937
C01 875.002 93.6574
C01 899.999 87.26511
C01 919.999 79.04744
C01 925.012 76.146416
C01 949.965 62.62822
C01 975.002 51.86021
C01 999.976 30.713982
C01 1025.028 14.884186
C01 1050.014 5.9963613
C01 1075.002 3.2122366
C01 1099.99 2.2282376
C13 319.994 47.73661
C13 324.969 49.60902
C13 349.982 59.84877
C13 374.975 74.046326
C13 400.019 84.17386
C13 424.965 84.959045
C13 450.035 84.557495
C13 475.003 84.54146
C13 500.018 84.9889
C13 525.002 85.85376
C13 550.029 86.97471
C13 575.023 88.728264
C13 599.982 90.685875
C13 619.997 91.614784
C13 624.979 91.99689
C13 650.012 93.4014
C13 675.004 94.66621
C13 700.03 95.35971
C13 725.012 96.278625
C13 750.022 97.5086
C13 774.987 98.5749
C13 799.976 98.583275
C13 824.988 97.72735
C13 850.022 96.79711
C13 869.967 94.432594
C13 875.002 93.69626
C13 899.999 87.37876
C13 919.999 79.3568
C13 925.012 76.53036
C13 949.965 62.874
C13 975.002 52.031605
C13 999.976 30.756088
C13 1025.028 15.117101
C13 1050.014 6.1639385
C13 1075.002 3.2940385
C13 1099.99 2.235985
C07 319.994 46.552002
C07 324.969 48.30804
C07 349.982 58.266556
C07 374.975 73.29581
C07 400.019 84.24267
C07 424.965 85.280304
C07 450.035 84.82478
C07 475.003 84.66508
C07 500.018 84.95933
C07 525.002 85.68785
C07 550.029 86.72034
C07 575.023 88.42584
C07 599.982 90.30321
C07 619.997 91.21036
C07 624.979 91.59069
C07 650.012 92.99666
C07 675.004 94.2922
C07 700.03 95.09286
C07 725.012 96.23107
C07 750.022 97.74457
C07 774.987 99.08034
C07 799.976 99.26232
C07 824.988 98.40752
C07 850.022 97.589325
C07 869.967 95.11887
C07 875.002 94.33166
C07 899.999 87.79705
C07 919.999 79.779755
C07 925.012 76.95614
C07 949.965 63.81784
C07 975.002 52.921043
C07 999.976 31.105564
C07 1025.028 15.037649
C07 1050.014 6.1248703
C07 1075.002 3.3183053
C07 1099.99 2.2392108
C05 319.994 46.98896
C05 324.969 48.79272
C05 349.982 58.851017
C05 374.975 73.460884
C05 400.019 84.00721
C05 424.965 84.92587
C05 450.035 84.47858
C05 475.003 84.35684
C05 500.018 84.707146
C05 525.002 85.48633
C05 550.029 86.55697
C05 575.023 88.29905
C05 599.982 90.2322
C05 619.997 91.161415
C05 624.979 91.54512
C05 650.012 92.95902
C05 675.004 94.25041
C05 700.03 95.04178
C05 725.012 96.17427
C05 750.022 97.6913
C05 774.987 99.024025
C05 799.976 99.1738
C05 824.988 98.28271
C05 850.022 97.40234
C05 869.967 94.8951
C05 875.002 94.11004
C05 899.999 87.64472
C05 919.999 79.50766
C05 925.012 76.64331
C05 949.965 63.33692
C05 975.002 52.42661
C05 999.976 30.95087
C05 1025.028 15.012955
C05 1050.014 6.1054144
C05 1075.002 3.27047
C05 1099.99 2.2448416
C06 319.994 46.71825
C06 324.969 48.48971
C06 349.982 58.468758
C06 374.975 73.24543
C06 400.019 83.96999
C06 424.965 84.952354
C06 450.035 84.495415
C06 475.003 84.346855
C06 500.018 84.660355
C06 525.002 85.40663
C06 550.029 86.45255
C06 575.023 88.17713
C06 599.982 90.09138
C06 619.997 91.01522
C06 624.979 91.39871
C06 650.012 92.80839
C06 675.004 94.104706
C06 700.03 94.899704
C06 725.012 96.028656
C06 750.022 97.537025
C06 774.987 98.865814
C06 799.976 99.031715
C06 824.988 98.16759
C06 850.022 97.325226
C06 869.967 94.85839
C06 875.002 94.085396
C06 899.999 87.66773
C06 919.999 79.59396
C06 925.012 76.745125
C06 949.965 63.472115
C06 975.002 52.58112
C06 999.976 31.017298
C06 1025.028 15.071546
C06 1050.014 6.150941
C06 1075.002 3.307324
C06 1099.99 2.250453
C16 319.994 46.9801
C16 324.969 48.751644
C16 349.982 58.788254
C16 374.975 73.54901
C16 400.019 84.23007
C16 424.965 85.19682
C16 450.035 84.76437
C16 475.003 84.6537
C16 500.018 84.992386
C16 525.002 85.754265
C16 550.029 86.809364
C16 575.023 88.49935
C16 599.982 90.41901
C16 619.997 91.33242
C16 624.979 91.70957
C16 650.012 93.11484
C16 675.004 94.3891
C16 700.03 95.0875
C16 725.012 95.96195
C16 750.022 97.13663
C16 774.987 98.15195
C16 799.976 98.16672
C16 824.988 97.39875
C16 850.022 96.575165
C16 869.967 94.31547
C16 875.002 93.60339
C16 899.999 87.496895
C16 919.999 79.70542
C16 925.012 76.894844
C16 949.965 63.27541
C16 975.002 52.507915
C16 999.976 30.904179
C16 1025.028 15.230802
C16 1050.014 6.2328696
C16 1075.002 3.3393342
C16 1099.99 2.2553957
C10 319.994 48.50327
C10 324.969 50.467396
C10 349.982 60.900608
C10 374.975 74.47507
C10 400.019 84.040535
C10 424.965 84.680214
C10 450.035 84.352005
C10 475.003 84.50097
C10 500.018 85.09433
C10 525.002 86.063995
C10 550.029 87.24719
C10 575.023 88.99856
C10 599.982 90.93348
C10 619.997 91.82601
C10 624.979 92.19244
C10 650.012 93.54873
C10 675.004 94.77016
C10 700.03 95.39287
C10 725.012 96.19562
C10 750.022 97.29644
C10 774.987 98.23523
C10 799.976 98.164955
C10 824.988 97.3092
C10 850.022 96.38295
C10 869.967 94.08479
C10 875.002 93.365814
C10 899.999 87.21973
C10 919.999 79.31861
C10 925.012 76.46229
C10 949.965 62.468166
C10 975.002 51.90293
C10 999.976 30.666916
C10 1025.028 14.857037
C10 1050.014 6.0384502
C10 1075.002 3.2500217
C10 1099.99 2.2049263
C15 319.994 47.337986
C15 324.969 49.116016
C15 349.982 59.225876
C15 374.975 73.83557
C15 400.019 84.35934
C15 424.965 85.27013
C15 450.035 84.846214
C15 475.003 84.76231
C15 500.018 85.13241
C15 525.002 85.92787
C15 550.029 87.00211
C15 575.023 88.70554
C15 599.982 90.66079
C15 619.997 91.58269
C15 624.979 91.965775
C15 650.012 93.37485
C15 675.004 94.65152
C15 700.03 95.34997
C15 725.012 96.2547
C15 750.022 97.4361
C15 774.987 98.476265
C15 799.976 98.472984
C15 824.988 97.69205
C15 850.022 96.83473
C15 869.967 94.55726
C15 875.002 93.83655
C15 899.999 87.650566
C15 919.999 79.75753
C15 925.012 76.93403
C15 949.965 63.253216
C15 975.002 52.459076
C15 999.976 30.938946
C15 1025.028 15.252062
C15 1050.014 6.255934
C15 1075.002 3.3764942
C15 1099.99 2.3237638
C02 319.994 47.74698
C02 324.969 49.651154
C02 349.982 59.89838
C02 374.975 73.91641
C02 400.019 83.88833
C02 424.965 84.63799
C02 450.035 84.25489
C02 475.003 84.27942
C02 500.018 84.76314
C02 525.002 85.64537
C02 550.029 86.78283
C02 575.023 88.553604
C02 599.982 90.47283
C02 619.997 91.38837
C02 624.979 91.76647
C02 650.012 93.15196
C02 675.004 94.41393
C02 700.03 95.17592
C02 725.012 96.28602
C02 750.022 97.77217
C02 774.987 99.075645
C02 799.976 99.19184
C02 824.988 98.25355
C02 850.022 97.31477
C02 869.967 94.77741
C02 875.002 93.98037
C02 899.999 87.48386
C02 919.999 79.294075
C02 925.012 76.420494
C02 949.965 63.07624
C02 975.002 52.23468
C02 999.976 30.848185
C02 1025.028 14.9160595
C02 1050.014 6.025191
C02 1075.002 3.2276912
C02 1099.99 2.236855
C04 319.994 47.31882
C04 324.969 49.14911
C04 349.982 59.280315
C04 374.975 73.707794
C04 400.019 84.06657
C04 424.965 84.92339
C04 450.035 84.49346
C04 475.003 84.416756
C04 500.018 84.80547
C04 525.002 85.61763
C04 550.029 86.71065
C04 575.023 88.45973
C04 599.982 90.401886
C04 619.997 91.32946
C04 624.979 91.708336
C04 650.012 93.11563
C04 675.004 94.39857
C04 700.03 95.1844
C04 725.012 96.32255
C04 750.022 97.83773
C04 774.987 99.16686
C04 799.976 99.3035
C04 824.988 98.401215
C04 850.022 97.49845
C04 869.967 94.96162
C04 875.002 94.15862
C04 899.999 87.63682
C04 919.999 79.45057
C04 925.012 76.58418
C04 949.965 63.324448
C04 975.002 52.42513
C04 999.976 30.908697
C04 1025.028 14.965712
C04 1050.014 6.0672717
C04 1075.002 3.2508261
C04 1099.99 2.2503872
C14 319.994 47.590126
C14 324.969 49.426353
C14 349.982 59.61792
C14 374.975 74.05573
C14 400.019 84.40719
C14 424.965 85.25905
C14 450.035 84.847404
C14 475.003 84.80302
C14 500.018 85.2163
C14 525.002 86.043755
C14 550.029 87.1468
C14 575.023 88.88042
C14 599.982 90.82726
C14 619.997 91.74871
C14 624.979 92.13335
C14 650.012 93.53556
C14 675.004 94.80983
C14 700.03 95.506935
C14 725.012 96.42064
C14 750.022 97.63757
C14 774.987 98.69196
C14 799.976 98.70535
C14 824.988 97.879845
C14 850.022 96.975204
C14 869.967 94.65703
C14 875.002 93.92699
C14 899.999 87.67788
C14 919.999 79.68357
C14 925.012 76.85249
C14 949.965 63.157932
C14 975.002 52.28313
C14 999.976 30.912296
C14 1025.028 15.252809
C14 1050.014 6.232847
C14 1075.002 3.3348322
C14 1099.99 2.2608721
C17 319.994 46.721313
C17 324.969 48.475094
C17 349.982 58.48601
C17 374.975 73.50433
C17 400.019 84.41526
C17 424.965 85.443054
C17 450.035 85.00006
C17 475.003 84.860886
C17 500.018 85.17285
C17 525.002 85.9081
C17 550.029 86.94816
C17 575.023 88.62699
C17 599.982 90.51989
C17 619.997 91.42644
C17 624.979 91.80196
C17 650.012 93.20802
C17 675.004 94.49009
C17 700.03 95.1908
C17 725.012 96.06161
C17 750.022 97.223564
C17 774.987 98.23033
C17 799.976 98.260155
C17 824.988 97.50445
C17 850.022 96.69666
C17 869.967 94.41999
C17 875.002 93.703964
C17 899.999 87.56849
C17 919.999 79.82469
C17 925.012 77.0433
C17 949.965 63.58703
C17 975.002 52.744953
C17 999.976 31.006325
C17 1025.028 15.195868
C17 1050.014 6.1556573
C17 1075.002 3.3030236
C17 1099.99 2.2376862
C00 319.994 0.0
C00 324.969 0.0
C00 349.982 0.0
C00 374.975 0.0
C00 400.019 0.0
C00 424.965 0.0
C00 450.035 0.0
C00 475.003 0.0
C00 500.018 0.0
C00 525.002 0.0
C00 550.029 0.0
C00 575.023 0.0
C00 599.982 0.0
C00 619.997 0.0
C00 624.979 0.0
C00 650.012 0.0
C00 675.004 0.0
C00 700.03 0.0
C00 725.012 0.0
C00 750.022 0.0
C00 774.987 0.0
C00 799.976 0.0
C00 824.988 0.0
C00 850.022 0.0
C00 869.967 0.0
C00 875.002 0.0
C00 899.999 0.0
C00 919.999 0.0
C00 925.012 0.0
C00 949.965 0.0
C00 975.002 0.0
C00 999.976 0.0
C00 1025.028 0.0
C00 1050.014 0.0
C00 1075.002 0.0
C00 1099.99 0.0
C12 319.994 47.994175
C12 324.969 49.899265
C12 349.982 60.195286
C12 374.975 74.15842
C12 400.019 84.0717
C12 424.965 84.79703
C12 450.035 84.41612
C12 475.003 84.44594
C12 500.018 84.9465
C12 525.002 85.84679
C12 550.029 86.99618
C12 575.023 88.764854
C12 599.982 90.71921
C12 619.997 91.64398
C12 624.979 92.02432
C12 650.012 93.422035
C12 675.004 94.67316
C12 700.03 95.359276
C12 725.012 96.26729
C12 750.022 97.493996
C12 774.987 98.558334
C12 799.976 98.56149
C12 824.988 97.69374
C12 850.022 96.7769
C12 869.967 94.39147
C12 875.002 93.64839
C12 899.999 87.32057
C12 919.999 79.36254
C12 925.012 76.5602
C12 949.965 62.958824
C12 975.002 52.14955
C12 999.976 30.816372
C12 1025.028 15.065795
C12 1050.014 6.131482
C12 1075.002 3.2763653
C12 1099.99 2.2273006
C11 319.994 48.23402
C11 324.969 50.17545
C11 349.982 60.52586
C11 374.975 74.23135
C11 400.019 83.91764
C11 424.965 84.58374
C11 450.035 84.22847
C11 475.003 84.31441
C11 500.018 84.867676
C11 525.002 85.8073
C11 550.029 86.98194
C11 575.023 88.75807
C11 599.982 90.703896
C11 619.997 91.61598
C11 624.979 91.9949
C11 650.012 93.3697
C11 675.004 94.606346
C11 700.03 95.26918
C11 725.012 96.1383
C11 750.022 97.32873
C11 774.987 98.35488
C11 799.976 98.33595
C11 824.988 97.468216
C11 850.022 96.53176
C11 869.967 94.19166
C11 875.002 93.45541
C11 899.999 87.210754
C11 919.999 79.28602
C11 925.012 76.46706
C11 949.965 62.735912
C11 975.002 51.999653
C11 999.976 30.744722
C11 1025.028 14.970213
C11 1050.014 6.09
C11 1075.002 3.2506056
C11 1099.99 2.206708
C03 319.994 47.434547
C03 324.969 49.295
C03 349.982 59.47311
C03 374.975 73.67273
C03 400.019 83.812256
C03 424.965 84.61015
C03 450.035 84.19984
C03 475.003 84.17073
C03 500.018 84.60053
C03 525.002 85.447296
C03 550.029 86.557335
C03 575.023 88.316956
C03 599.982 90.25094
C03 619.997 91.175835
C03 624.979 91.55158
C03 650.012 92.953384
C03 675.004 94.22282
C03 700.03 94.99779
C03 725.012 96.12068
C03 750.022 97.629944
C03 774.987 98.952156
C03 799.976 99.080605
C03 824.988 98.16427
C03 850.022 97.24477
C03 869.967 94.69907
C03 875.002 93.898834
C03 899.999 87.37388
C03 919.999 79.1969
C03 925.012 76.3348
C03 949.965 63.10963
C03 975.002 52.26906
C03 999.976 30.825766
C03 1025.028 14.910768
C03 1050.014 6.0298524
C03 1075.002 3.2295039
C03 1099.99 2.2377982
