lsstCam/transmission_sensor/r10_s00/19700101T000000.ecsv
# %ECSV 1.0
# ---
# datatype:
# - {name: amp_name, datatype: string}
# - {name: wavelength, unit: nm, datatype: float32}
# - {name: efficiency, unit: '%', datatype: float64}
# meta: !!omap
# - {MODE: AMP}
# - {TYPE: transmission_sensor}
# - {CALIBDATE: '1970-01-01T00:00:00'}
# - {INSTRUME: LSSTCAM}
# - {OBSTYPE: transmission_sensor}
# - {DETECTOR: 27}
# - {PARQUETFILE: qe_raft_allvalues_nircorrected_20230725.parquet}
# - {CALIBCLS: lsst.ip.isr.IntermediateSensorTransmissionCurve}
# - {CALIB_ID: 'raftName=R10 detectorName=S00 detector=27 calibDate=1970-01-01T00:00:00 ccd=27 ccdnum=27 filter=None'}
# - {DATE: '2024-01-18T22:42:25.066916'}
# - {CALIB_CREATION_DATE: '2024-01-18'}
# - {CALIB_CREATION_TIME: '22:42:25'}
# - __serialized_columns__:
#     efficiency:
#       __class__: astropy.units.quantity.Quantity
#       unit: !astropy.units.Unit {unit: '%'}
#       value: !astropy.table.SerializedColumn {name: efficiency}
#     wavelength:
#       __class__: astropy.units.quantity.Quantity
#       unit: !astropy.units.Unit {unit: nm}
#       value: !astropy.table.SerializedColumn {name: wavelength}
# schema: astropy-2.0
amp_name wavelength efficiency
C00 319.994 47.45500564575195
C00 324.969 49.30067825317383
C00 349.982 59.467838287353516
C00 374.975 73.80579376220703
C00 400.019 84.08488464355469
C00 424.965 84.92561340332031
C00 450.035 84.51840209960938
C00 475.003 84.48184967041016
C00 500.018 84.9040298461914
C00 525.002 85.7376708984375
C00 550.029 86.84097290039062
C00 575.023 88.5789794921875
C00 599.982 90.50732421875
C00 619.997 91.42359161376953
C00 624.979 91.80229949951172
C00 650.012 93.1985092163086
C00 675.004 94.4663314819336
C00 700.03 95.19316101074219
C00 725.012 96.18620300292969
C00 750.022 97.51709747314453
C00 774.987 98.67781829833984
C00 799.976 98.74051666259766
C00 824.988 97.8809814453125
C00 850.022 96.99085235595703
C00 869.967 94.58602142333984
C00 875.002 93.83059692382812
C00 899.999 87.49286651611328
C00 919.999 79.47770690917969
C00 925.012 76.6383285522461
C00 949.965 63.138389587402344
C00 975.002 52.31977844238281
C00 999.976 30.874414443969727
C00 1025.028 15.049371719360352
C00 1050.014 6.120071887969971
C00 1075.002 0.9290302037928864
C00 1099.99 0.09217752333782178
C01 319.994 47.96792221069336
C01 324.969 49.90422821044922
C01 349.982 60.190940856933594
C01 374.975 73.9321060180664
C01 400.019 83.67060852050781
C01 424.965 84.3651123046875
C01 450.035 84.01689147949219
C01 475.003 84.10934448242188
C01 500.018 84.65296173095703
C01 525.002 85.56809997558594
C01 550.029 86.7273941040039
C01 575.023 88.49024200439453
C01 599.982 90.38802337646484
C01 619.997 91.2823715209961
C01 624.979 91.65437316894531
C01 650.012 93.01754760742188
C01 675.004 94.2561264038086
C01 700.03 94.98873138427734
C01 725.012 96.05104064941406
C01 750.022 97.48201751708984
C01 774.987 98.72856140136719
C01 799.976 98.81310272216797
C01 824.988 97.86424255371094
C01 850.022 96.91743469238281
C01 869.967 94.42936706542969
C01 875.002 93.65740203857422
C01 899.999 87.26510620117188
C01 919.999 79.04743957519531
C01 925.012 76.14641571044922
C01 949.965 62.62821960449219
C01 975.002 51.86021041870117
C01 999.976 30.71398162841797
C01 1025.028 14.884185791015625
C01 1050.014 5.996361255645752
C01 1075.002 0.9286952243153295
C01 1099.99 0.0921442869817979
C02 319.994 47.746978759765625
C02 324.969 49.651153564453125
C02 349.982 59.898380279541016
C02 374.975 73.91641235351562
C02 400.019 83.8883285522461
C02 424.965 84.63799285888672
C02 450.035 84.25489044189453
C02 475.003 84.2794189453125
C02 500.018 84.76313781738281
C02 525.002 85.64537048339844
C02 550.029 86.78282928466797
C02 575.023 88.55360412597656
C02 599.982 90.47283172607422
C02 619.997 91.38836669921875
C02 624.979 91.76647186279297
C02 650.012 93.15196228027344
C02 675.004 94.41393280029297
C02 700.03 95.17591857910156
C02 725.012 96.28601837158203
C02 750.022 97.77217102050781
C02 774.987 99.07564544677734
C02 799.976 99.19184112548828
C02 824.988 98.25354766845703
C02 850.022 97.31477355957031
C02 869.967 94.77741241455078
C02 875.002 93.9803695678711
C02 899.999 87.48385620117188
C02 919.999 79.29407501220703
C02 925.012 76.42049407958984
C02 949.965 63.07624053955078
C02 975.002 52.23468017578125
C02 999.976 30.84818458557129
C02 1025.028 14.916059494018555
C02 1050.014 6.025190830230713
C02 1075.002 0.9314590297882112
C02 1099.99 0.09241850922176131
C03 319.994 47.434547424316406
C03 324.969 49.29499816894531
C03 349.982 59.47311019897461
C03 374.975 73.6727294921875
C03 400.019 83.812255859375
C03 424.965 84.61015319824219
C03 450.035 84.19983673095703
C03 475.003 84.17073059082031
C03 500.018 84.60053253173828
C03 525.002 85.44729614257812
C03 550.029 86.55733489990234
C03 575.023 88.31695556640625
C03 599.982 90.25093841552734
C03 619.997 91.17583465576172
C03 624.979 91.55158233642578
C03 650.012 92.95338439941406
C03 675.004 94.22281646728516
C03 700.03 94.99778747558594
C03 725.012 96.12068176269531
C03 750.022 97.62994384765625
C03 774.987 98.95215606689453
C03 799.976 99.08060455322266
C03 824.988 98.16426849365234
C03 850.022 97.24476623535156
C03 869.967 94.6990737915039
C03 875.002 93.89883422851562
C03 899.999 87.3738784790039
C03 919.999 79.1968994140625
C03 925.012 76.33480072021484
C03 949.965 63.1096305847168
C03 975.002 52.26905822753906
C03 999.976 30.82576560974121
C03 1025.028 14.910767555236816
C03 1050.014 6.029852390289307
C03 1075.002 0.930103864773852
C03 1099.99 0.09228405099400111
C04 319.994 47.31882095336914
C04 324.969 49.14910888671875
C04 349.982 59.28031539916992
C04 374.975 73.70779418945312
C04 400.019 84.06656646728516
C04 424.965 84.92339324951172
C04 450.035 84.49346160888672
C04 475.003 84.41675567626953
C04 500.018 84.80547332763672
C04 525.002 85.61763000488281
C04 550.029 86.71064758300781
C04 575.023 88.45973205566406
C04 599.982 90.40188598632812
C04 619.997 91.32946014404297
C04 624.979 91.70833587646484
C04 650.012 93.11563110351562
C04 675.004 94.39856719970703
C04 700.03 95.18440246582031
C04 725.012 96.32254791259766
C04 750.022 97.83773040771484
C04 774.987 99.16686248779297
C04 799.976 99.30349731445312
C04 824.988 98.40121459960938
C04 850.022 97.49845123291016
C04 869.967 94.96161651611328
C04 875.002 94.15862274169922
C04 899.999 87.6368179321289
C04 919.999 79.45056915283203
C04 925.012 76.58418273925781
C04 949.965 63.32444763183594
C04 975.002 52.42512893676758
C04 999.976 30.9086971282959
C04 1025.028 14.96571159362793
C04 1050.014 6.067271709442139
C04 1075.002 0.9320833826092244
C04 1099.99 0.0924804569350811
C05 319.994 46.98896026611328
C05 324.969 48.792720794677734
C05 349.982 58.851016998291016
C05 374.975 73.46088409423828
C05 400.019 84.00720977783203
C05 424.965 84.92587280273438
C05 450.035 84.47857666015625
C05 475.003 84.35684204101562
C05 500.018 84.70714569091797
C05 525.002 85.486328125
C05 550.029 86.55696868896484
C05 575.023 88.2990493774414
C05 599.982 90.2322006225586
C05 619.997 91.16141510009766
C05 624.979 91.54512023925781
C05 650.012 92.95902252197266
C05 675.004 94.25041198730469
C05 700.03 95.04177856445312
C05 725.012 96.17427062988281
C05 750.022 97.69129943847656
C05 774.987 99.0240249633789
C05 799.976 99.17379760742188
C05 824.988 98.28270721435547
C05 850.022 97.40234375
C05 869.967 94.89510345458984
C05 875.002 94.11003875732422
C05 899.999 87.64472198486328
C05 919.999 79.50765991210938
C05 925.012 76.643310546875
C05 949.965 63.33692169189453
C05 975.002 52.42660903930664
C05 999.976 30.950870513916016
C05 1025.028 15.012954711914062
C05 1050.014 6.105414390563965
C05 1075.002 0.9306883181109701
C05 1099.99 0.09234203991718373
C06 319.994 46.7182502746582
C06 324.969 48.48971176147461
C06 349.982 58.46875762939453
C06 374.975 73.24542999267578
C06 400.019 83.9699935913086
C06 424.965 84.95235443115234
C06 450.035 84.49541473388672
C06 475.003 84.34685516357422
C06 500.018 84.66035461425781
C06 525.002 85.40663146972656
C06 550.029 86.45255279541016
C06 575.023 88.17713165283203
C06 599.982 90.09137725830078
C06 619.997 91.01522064208984
C06 624.979 91.39871215820312
C06 650.012 92.80838775634766
C06 675.004 94.10470581054688
C06 700.03 94.89970397949219
C06 725.012 96.02865600585938
C06 750.022 97.53702545166016
C06 774.987 98.86581420898438
C06 799.976 99.0317153930664
C06 824.988 98.16758728027344
C06 850.022 97.32522583007812
C06 869.967 94.85839080810547
C06 875.002 94.08539581298828
C06 899.999 87.66773223876953
C06 919.999 79.59396362304688
C06 925.012 76.74512481689453
C06 949.965 63.47211456298828
C06 975.002 52.581119537353516
C06 999.976 31.017297744750977
C06 1025.028 15.071545600891113
C06 1050.014 6.150940895080566
C06 1075.002 0.9292186079407737
C06 1099.99 0.09219621662429182
C07 319.994 46.552001953125
C07 324.969 48.308040618896484
C07 349.982 58.26655578613281
C07 374.975 73.29580688476562
C07 400.019 84.24266815185547
C07 424.965 85.28030395507812
C07 450.035 84.82478332519531
C07 475.003 84.66507720947266
C07 500.018 84.9593276977539
C07 525.002 85.68785095214844
C07 550.029 86.7203369140625
C07 575.023 88.42584228515625
C07 599.982 90.30320739746094
C07 619.997 91.21035766601562
C07 624.979 91.59069061279297
C07 650.012 92.99665832519531
C07 675.004 94.29219818115234
C07 700.03 95.09285736083984
C07 725.012 96.23107147216797
C07 750.022 97.74456787109375
C07 774.987 99.08033752441406
C07 799.976 99.26232147216797
C07 824.988 98.40751647949219
C07 850.022 97.58932495117188
C07 869.967 95.1188735961914
C07 875.002 94.33165740966797
C07 899.999 87.79705047607422
C07 919.999 79.77975463867188
C07 925.012 76.95613861083984
C07 949.965 63.817840576171875
C07 975.002 52.921043395996094
C07 999.976 31.10556411743164
C07 1025.028 15.037649154663086
C07 1050.014 6.124870300292969
C07 1075.002 0.9311958025188591
C07 1099.99 0.09239239205391812
C10 319.994 48.50326919555664
C10 324.969 50.4673957824707
C10 349.982 60.90060806274414
C10 374.975 74.47506713867188
C10 400.019 84.04053497314453
C10 424.965 84.68021392822266
C10 450.035 84.35200500488281
C10 475.003 84.50096893310547
C10 500.018 85.09432983398438
C10 525.002 86.06399536132812
C10 550.029 87.2471923828125
C10 575.023 88.9985580444336
C10 599.982 90.93347930908203
C10 619.997 91.82601165771484
C10 624.979 92.19243621826172
C10 650.012 93.5487289428711
C10 675.004 94.77015686035156
C10 700.03 95.39286804199219
C10 725.012 96.19561767578125
C10 750.022 97.29644012451172
C10 774.987 98.2352294921875
C10 799.976 98.16495513916016
C10 824.988 97.30919647216797
C10 850.022 96.38294982910156
C10 869.967 94.08479309082031
C10 875.002 93.36581420898438
C10 899.999 87.2197265625
C10 919.999 79.31861114501953
C10 925.012 76.46228790283203
C10 949.965 62.46816635131836
C10 975.002 51.902931213378906
C10 999.976 30.666915893554688
C10 1025.028 14.857036590576172
C10 1050.014 6.038450241088867
C10 1075.002 0.9269299108625952
C10 1099.99 0.09196913420277775
C11 319.994 48.2340202331543
C11 324.969 50.17544937133789
C11 349.982 60.52585983276367
C11 374.975 74.23135375976562
C11 400.019 83.91764068603516
C11 424.965 84.583740234375
C11 450.035 84.22846984863281
C11 475.003 84.31440734863281
C11 500.018 84.86767578125
C11 525.002 85.80729675292969
C11 550.029 86.98194122314453
C11 575.023 88.75807189941406
C11 599.982 90.70389556884766
C11 619.997 91.61598205566406
C11 624.979 91.99490356445312
C11 650.012 93.36969757080078
C11 675.004 94.6063461303711
C11 700.03 95.26918029785156
C11 725.012 96.13829803466797
C11 750.022 97.32872772216797
C11 774.987 98.3548812866211
C11 799.976 98.33595275878906
C11 824.988 97.46821594238281
C11 850.022 96.5317611694336
C11 869.967 94.19165802001953
C11 875.002 93.45540618896484
C11 899.999 87.21075439453125
C11 919.999 79.28601837158203
C11 925.012 76.46705627441406
C11 949.965 62.73591232299805
C11 975.002 51.99965286254883
C11 999.976 30.744722366333008
C11 1025.028 14.970212936401367
C11 1050.014 6.090000152587891
C11 1075.002 0.9272367688946997
C11 1099.99 0.09199958037481848
C12 319.994 47.99417495727539
C12 324.969 49.89926528930664
C12 349.982 60.19528579711914
C12 374.975 74.15841674804688
C12 400.019 84.07170104980469
C12 424.965 84.79702758789062
C12 450.035 84.41612243652344
C12 475.003 84.44593811035156
C12 500.018 84.94650268554688
C12 525.002 85.84678649902344
C12 550.029 86.99617767333984
C12 575.023 88.76485443115234
C12 599.982 90.71920776367188
C12 619.997 91.64398193359375
C12 624.979 92.02432250976562
C12 650.012 93.42203521728516
C12 675.004 94.67315673828125
C12 700.03 95.3592758178711
C12 725.012 96.26728820800781
C12 750.022 97.4939956665039
C12 774.987 98.55833435058594
C12 799.976 98.56149291992188
C12 824.988 97.69374084472656
C12 850.022 96.77690124511719
C12 869.967 94.39147186279297
C12 875.002 93.64839172363281
C12 899.999 87.32057189941406
C12 919.999 79.36254119873047
C12 925.012 76.5602035522461
C12 949.965 62.958824157714844
C12 975.002 52.14955139160156
C12 999.976 30.81637191772461
C12 1025.028 15.065794944763184
C12 1050.014 6.131482124328613
C12 1075.002 0.9288109538184716
C12 1099.99 0.09215576955678115
C13 319.994 47.736610412597656
C13 324.969 49.6090202331543
C13 349.982 59.84877014160156
C13 374.975 74.04632568359375
C13 400.019 84.17385864257812
C13 424.965 84.95904541015625
C13 450.035 84.5574951171875
C13 475.003 84.54145812988281
C13 500.018 84.98889923095703
C13 525.002 85.853759765625
C13 550.029 86.9747085571289
C13 575.023 88.72826385498047
C13 599.982 90.68587493896484
C13 619.997 91.61478424072266
C13 624.979 91.99688720703125
C13 650.012 93.40139770507812
C13 675.004 94.66620635986328
C13 700.03 95.35971069335938
C13 725.012 96.27862548828125
C13 750.022 97.50859832763672
C13 774.987 98.57489776611328
C13 799.976 98.5832748413086
C13 824.988 97.72734832763672
C13 850.022 96.79711151123047
C13 869.967 94.4325942993164
C13 875.002 93.69625854492188
C13 899.999 87.3787612915039
C13 919.999 79.35679626464844
C13 925.012 76.53035736083984
C13 949.965 62.874000549316406
C13 975.002 52.0316047668457
C13 999.976 30.756088256835938
C13 1025.028 15.117100715637207
C13 1050.014 6.163938522338867
C13 1075.002 0.9289500514521876
C13 1099.99 0.09216957069621208
C14 319.994 47.590126037597656
C14 324.969 49.426353454589844
C14 349.982 59.617919921875
C14 374.975 74.05573272705078
C14 400.019 84.40718841552734
C14 424.965 85.25904846191406
C14 450.035 84.84740447998047
C14 475.003 84.80301666259766
C14 500.018 85.21630096435547
C14 525.002 86.04375457763672
C14 550.029 87.14679718017578
C14 575.023 88.88041687011719
C14 599.982 90.82726287841797
C14 619.997 91.74871063232422
C14 624.979 92.13334655761719
C14 650.012 93.53556060791016
C14 675.004 94.80982971191406
C14 700.03 95.5069351196289
C14 725.012 96.42063903808594
C14 750.022 97.6375732421875
C14 774.987 98.69196319580078
C14 799.976 98.70535278320312
C14 824.988 97.87984466552734
C14 850.022 96.97520446777344
C14 869.967 94.65702819824219
C14 875.002 93.92698669433594
C14 899.999 87.6778793334961
C14 919.999 79.6835708618164
C14 925.012 76.85249328613281
C14 949.965 63.15793228149414
C14 975.002 52.28313064575195
C14 999.976 30.912296295166016
C14 1025.028 15.252808570861816
C14 1050.014 6.232847213745117
C14 1075.002 0.9301788935300481
C14 1099.99 0.09229149527826339
C15 319.994 47.33798599243164
C15 324.969 49.11601638793945
C15 349.982 59.22587585449219
C15 374.975 73.8355712890625
C15 400.019 84.35933685302734
C15 424.965 85.27012634277344
C15 450.035 84.8462142944336
C15 475.003 84.7623062133789
C15 500.018 85.13240814208984
C15 525.002 85.92787170410156
C15 550.029 87.00211334228516
C15 575.023 88.7055435180664
C15 599.982 90.6607894897461
C15 619.997 91.58268737792969
C15 624.979 91.96577453613281
C15 650.012 93.37484741210938
C15 675.004 94.65151977539062
C15 700.03 95.34996795654297
C15 725.012 96.25469970703125
C15 750.022 97.43609619140625
C15 774.987 98.47626495361328
C15 799.976 98.47298431396484
C15 824.988 97.69204711914062
C15 850.022 96.83473205566406
C15 869.967 94.55725860595703
C15 875.002 93.8365478515625
C15 899.999 87.65056610107422
C15 919.999 79.75753021240234
C15 925.012 76.93402862548828
C15 949.965 63.25321578979492
C15 975.002 52.459075927734375
C15 999.976 30.938945770263672
C15 1025.028 15.25206184387207
C15 1050.014 6.25593376159668
C15 1075.002 0.9282596292285084
C15 1099.99 0.09210106763745649
C16 319.994 46.980098724365234
C16 324.969 48.751644134521484
C16 349.982 58.78825378417969
C16 374.975 73.54901123046875
C16 400.019 84.23007202148438
C16 424.965 85.19682312011719
C16 450.035 84.76437377929688
C16 475.003 84.65370178222656
C16 500.018 84.99238586425781
C16 525.002 85.75426483154297
C16 550.029 86.80936431884766
C16 575.023 88.49935150146484
C16 599.982 90.41900634765625
C16 619.997 91.3324203491211
C16 624.979 91.7095718383789
C16 650.012 93.11483764648438
C16 675.004 94.38909912109375
C16 700.03 95.0875015258789
C16 725.012 95.96195220947266
C16 750.022 97.13662719726562
C16 774.987 98.15194702148438
C16 799.976 98.16671752929688
C16 824.988 97.39875030517578
C16 850.022 96.57516479492188
C16 869.967 94.31546783447266
C16 875.002 93.6033935546875
C16 899.999 87.49689483642578
C16 919.999 79.7054214477539
C16 925.012 76.89484405517578
C16 949.965 63.27540969848633
C16 975.002 52.50791549682617
C16 999.976 30.904178619384766
C16 1025.028 15.230801582336426
C16 1050.014 6.232869625091553
C16 1075.002 0.9254067457327281
C16 1099.99 0.09181800715789538
C17 319.994 46.7213134765625
C17 324.969 48.475093841552734
C17 349.982 58.48601150512695
C17 374.975 73.50433349609375
C17 400.019 84.4152603149414
C17 424.965 85.44305419921875
C17 450.035 85.00006103515625
C17 475.003 84.86088562011719
C17 500.018 85.1728515625
C17 525.002 85.90809631347656
C17 550.029 86.94815826416016
C17 575.023 88.62699127197266
C17 599.982 90.51988983154297
C17 619.997 91.42643737792969
C17 624.979 91.80196380615234
C17 650.012 93.20802307128906
C17 675.004 94.4900894165039
C17 700.03 95.19080352783203
C17 725.012 96.06160736083984
C17 750.022 97.22356414794922
C17 774.987 98.23033142089844
C17 799.976 98.2601547241211
C17 824.988 97.50444793701172
C17 850.022 96.69666290283203
C17 869.967 94.41999053955078
C17 875.002 93.70396423339844
C17 899.999 87.56848907470703
C17 919.999 79.82469177246094
C17 925.012 77.04329681396484
C17 949.965 63.58702850341797
C17 975.002 52.74495315551758
C17 999.976 31.006324768066406
C17 1025.028 15.195867538452148
C17 1050.014 6.1556572914123535
C17 1075.002 0.92623507691876
C17 1099.99 0.09190019341720124
