lsstCam/transmission_filter_detector/r23_s00/y_10/19700101T000000.ecsv
# %ECSV 1.0
# ---
# datatype:
# - {name: wavelength, unit: nm, datatype: float32}
# - {name: efficiency, unit: '%', datatype: float64}
# meta: !!omap
# - {MODE: DETECTOR}
# - {TYPE: transmission_filter_detector}
# - {CALIBDATE: '1970-01-01T00:00:00'}
# - {INSTRUME: LSSTCam}
# - {OBSTYPE: transmission_filter_detector}
# - {CALIBCLS: lsst.ip.isr.IntermediateFilterDetectorTransmissionCurve}
# - {SOURCE: Materion (DM-46256)}
# - {DETECTOR: 99}
# - {FILTER: y_10}
# - {CALIB_ID: 'calibDate=1970-01-01T00:00:00 filter=y_10 detector=99'}
# - {DATE: '2025-04-02T15:59:51.201927'}
# - {CALIB_CREATION_DATE: '2025-04-02'}
# - {CALIB_CREATION_TIME: '15:59:51'}
# - __serialized_columns__:
#     efficiency:
#       __class__: astropy.units.quantity.Quantity
#       unit: !astropy.units.Unit {unit: '%'}
#       value: !astropy.table.SerializedColumn {name: efficiency}
#     wavelength:
#       __class__: astropy.units.quantity.Quantity
#       unit: !astropy.units.Unit {unit: nm}
#       value: !astropy.table.SerializedColumn {name: wavelength}
# schema: astropy-2.0
wavelength efficiency
[from data line 577]
877.0 0.002103204678860493
878.0 0.001139475261879852
879.0 0.0019222739865654148
880.0 0.06167434621602297
881.0 0.10045255767181516
882.0 0.05801962106488645
883.0 0.10532008018344641
884.0 0.09183674701489508
885.0 0.10446538217365742
886.0 0.07739771972410381
887.0 0.11054862989112735
888.0 0.07600385579280555
889.0 0.11302136117592454
890.0 0.0873784942086786
891.0 0.08655724232085049
892.0 0.07502243970520794
893.0 0.10690353810787201
894.0 0.08572302758693695
895.0 0.11250998359173536
896.0 0.08777841576375067
897.0 0.11924818390980363
898.0 0.10470842244103551
899.0 0.12806158047169447
900.0 0.11792415753006935
901.0 0.16169889131560922
902.0 0.17714077839627862
903.0 0.2082832157611847
904.0 0.24046883918344975
905.0 0.3042742144316435
906.0 0.38599884137511253
907.0 0.49819028936326504
908.0 0.6768050603568554
909.0 0.9203383699059486
910.0 1.3443426229059696
911.0 1.9273227080702782
912.0 2.8137074783444405
913.0 4.097476974129677
914.0 5.571413040161133
915.0 7.670709490776062
916.0 10.1199671626091
917.0 12.708723545074463
918.0 15.574988722801208
919.0 18.291941285133362
920.0 21.97122871875763
921.0 25.893771648406982
922.0 29.884186387062073
923.0 34.61140692234039
924.0 39.726722240448
925.0 45.30961513519287
926.0 51.876652240753174
927.0 58.814167976379395
928.0 64.74336981773376
929.0 71.00867629051208
930.0 76.39047503471375
931.0 81.56791925430298
932.0 86.18140816688538
933.0 89.92580771446228
934.0 92.5818920135498
935.0 94.3820059299469
936.0 95.66067457199097
937.0 96.58234119415283
938.0 97.10943102836609
939.0 97.32629656791687
940.0 97.5922703742981
941.0 97.67044186592102
942.0 97.87922501564026
943.0 97.91412949562073
944.0 98.10487031936646
945.0 98.0043888092041
946.0 98.01164865493774
947.0 98.00649881362915
948.0 98.15518260002136
949.0 98.07496070861816
950.0 98.23852777481079
951.0 98.29910397529602
952.0 98.32914471626282
953.0 98.51663708686829
954.0 98.62213730812073
955.0 98.64193797111511
956.0 98.80755543708801
957.0 98.97490739822388
958.0 99.12062287330627
959.0 99.12595748901367
960.0 99.20313954353333
961.0 99.21317100524902
962.0 99.29405450820923
963.0 99.29612874984741
964.0 99.30962324142456
965.0 99.31994676589966
966.0 99.41086769104004
967.0 99.47792887687683
968.0 99.45307970046997
969.0 99.4539737701416
970.0 99.52086210250854
971.0 99.52110052108765
972.0 99.56507682800293
973.0 99.68704581260681
974.0 99.65760111808777
975.0 99.60141777992249
976.0 99.65670704841614
977.0 99.61431622505188
978.0 99.66838955879211
979.0 99.59717392921448
980.0 99.56924319267273
981.0 99.47476983070374
982.0 99.39812421798706
983.0 99.43564534187317
984.0 99.37505722045898
985.0 99.43743944168091
986.0 99.28455352783203
987.0 99.36731457710266
988.0 99.30409789085388
989.0 99.31761622428894
990.0 99.29218292236328
991.0 99.35269951820374
992.0 99.4205117225647
993.0 99.35103058815002
994.0 99.35113787651062
995.0 99.40221309661865
996.0 99.37976598739624
997.0 99.48692321777344
998.0 99.53397512435913
999.0 99.57155585289001
1000.0 99.59879517555237
1001.0 99.55462217330933
1002.0 99.67978596687317
1003.0 99.6576726436615
1004.0 99.72651600837708
1005.0 99.62597489356995
1006.0 99.73164200782776
1007.0 99.70822930335999
1008.0 99.66183304786682
1009.0 99.63666200637817
1010.0 99.65725541114807
1011.0 99.65497851371765
1012.0 99.55194592475891
1013.0 99.59669709205627
1014.0 99.54466223716736
1015.0 99.52967166900635
1016.0 99.5179831981659
1017.0 99.58837032318115
1018.0 99.59200620651245
1019.0 99.54480528831482
1020.0 99.62266087532043
1021.0 99.78232979774475
1022.0 99.66544508934021
1023.0 99.63474869728088
1024.0 99.66250658035278
1025.0 99.6665894985199
1026.0 99.7662901878357
1027.0 99.8085618019104
1028.0 99.75684881210327
1029.0 99.82956647872925
1030.0 99.87021684646606
1031.0 99.80544447898865
1032.0 99.82187747955322
1033.0 99.81505870819092
1034.0 99.83405470848083
1035.0 99.85746145248413
1036.0 99.79339838027954
1037.0 99.77133274078369
1038.0 99.78871941566467
1039.0 99.67448115348816
1040.0 99.59389567375183
1041.0 99.74806904792786
1042.0 99.63574409484863
1043.0 99.6221125125885
1044.0 99.67004060745239
1045.0 99.44165349006653
1046.0 99.61153268814087
1047.0 99.55940246582031
1048.0 99.68252778053284
1049.0 99.51663613319397
1050.0 99.56067204475403
1051.0 99.60116744041443
1052.0 99.48348999023438
1053.0 99.35080409049988
1054.0 99.64490532875061
1055.0 99.72074627876282
1056.0 99.58416223526001
1057.0 99.64451193809509
1058.0 99.40334558486938
1059.0 99.47004318237305
1060.0 99.60929155349731
1061.0 99.4181752204895
1062.0 99.43724870681763
1063.0 99.48999881744385
1064.0 99.55211281776428
1065.0 99.49365854263306
1066.0 99.53489303588867
1067.0 99.61608052253723
1068.0 99.5755672454834
1069.0 99.26289916038513
1070.0 99.73769783973694
1071.0 99.49875473976135
1072.0 99.50101971626282
1073.0 99.60130453109741
1074.0 99.3311882019043
1075.0 99.37634468078613
1076.0 99.0876317024231
1077.0 99.39713478088379
1078.0 99.74436163902283
1079.0 99.33097958564758
1080.0 99.93413090705872
1081.0 99.16083216667175
1082.0 99.38921332359314
1083.0 99.20244216918945
1084.0 99.60386753082275
1085.0 99.62770342826843
1086.0 99.17259812355042
1087.0 99.32997226715088
1088.0 99.16631579399109
1089.0 99.01202917098999
1090.0 99.0145206451416
1091.0 99.22698140144348
1092.0 99.06455278396606
1093.0 99.0145206451416
1094.0 99.07506108283997
1095.0 98.77282977104187
1096.0 99.0633487701416
1097.0 98.5819160938263
1098.0 98.0675220489502
1099.0 98.99044036865234
1100.0 98.39168787002563
