lsstCam/transmission_filter_detector/r23_s00/y_10/19700101T000000.ecsv
# %ECSV 1.0
# ---
# datatype:
# - {name: wavelength, unit: nm, datatype: float32}
# - {name: efficiency, unit: '%', datatype: float64}
# meta: !!omap
# - {MODE: DETECTOR}
# - {TYPE: transmission_filter_detector}
# - {CALIBDATE: '1970-01-01T00:00:00'}
# - {INSTRUME: LSSTCam}
# - {OBSTYPE: transmission_filter_detector}
# - {CALIBCLS: lsst.ip.isr.IntermediateFilterDetectorTransmissionCurve}
# - {SOURCE: Materion (DM-46256)}
# - {DETECTOR: 99}
# - {FILTER: y_10}
# - {CALIB_ID: 'calibDate=1970-01-01T00:00:00 filter=y_10 detector=99'}
# - {DATE: '2025-04-02T15:59:51.201927'}
# - {CALIB_CREATION_DATE: '2025-04-02'}
# - {CALIB_CREATION_TIME: '15:59:51'}
# - __serialized_columns__:
#     efficiency:
#       __class__: astropy.units.quantity.Quantity
#       unit: !astropy.units.Unit {unit: '%'}
#       value: !astropy.table.SerializedColumn {name: efficiency}
#     wavelength:
#       __class__: astropy.units.quantity.Quantity
#       unit: !astropy.units.Unit {unit: nm}
#       value: !astropy.table.SerializedColumn {name: wavelength}
# schema: astropy-2.0
wavelength efficiency
300.0 0.4651275463402271
301.0 0.250472966581583
302.0 0.0358183984644711
303.0 0.03274749615229666
304.0 0.029676593840122223
305.0 0.019368913490325212
306.0 0.00906122659216635
307.0 0.015683686069678515
308.0 0.022306141909211874
309.0 0.01674910163274035
310.0 0.011192058445885777
311.0 0.008932134369388223
312.0 0.006672208110103384
313.0 0.005275772491586395
314.0 0.003879336509271525
315.0 0.0045447774027707055
316.0 0.005210221206652932
317.0 0.005792160300188698
318.0 0.006374096847139299
319.0 0.0033147174690384418
320.0 0.0002553370904934127
321.0 0.002217371729784645
322.0 0.0041794068238232285
323.0 0.0033606811484787613
324.0 0.002541955836932175
325.0 0.0006094156560720876
326.0 1.5792300193245845e-10
327.0 0.00030160401820467087
328.0 0.001926332879520487
329.0 0.0032735471904743463
330.0 0.004620761683327146
331.0 0.003951154576498084
332.0 0.003281547105871141
333.0 0.0026491845346754417
334.0 0.0020168214177829213
335.0 0.002209138256148435
336.0 0.00240145564021077
337.0 0.0028426298740669154
338.0 0.00328380374412518
339.0 0.0015576841178699397
340.0 1.5792300193245845e-10
341.0 1.5792300193245845e-10
342.0 1.5792300193245845e-10
343.0 0.0004336803613114171
344.0 0.0010772036148409825
345.0 0.0013439548638416454
346.0 0.0016107065675896592
347.0 0.0017057687728083692
348.0 0.0018008306142291985
349.0 0.0015116928807401564
350.0 0.0012225547834532335
351.0 0.0014663822184957098
352.0 0.0017102092897403054
353.0 0.0015555324353044853
354.0 0.0014008555808686651
355.0 0.0013738257621298544
356.0 0.0013467958524415735
357.0 0.0011636608178378083
358.0 0.0009805256013351027
359.0 0.0010285022653988563
360.0 0.0010764789294626098
361.0 0.0012862855328421574
362.0 0.0014960919543227646
363.0 0.001299014638789231
364.0 0.0011019369594578166
365.0 0.001399045140715316
366.0 0.0016961539586191066
367.0 0.0020289528038119897
368.0 0.0023617518309038132
369.0 0.002032833617704455
370.0 0.0017039155864040367
371.0 0.0016473779396619648
372.0 0.0015908399291220121
373.0 0.002075814154522959
374.0 0.002560788379923906
375.0 0.0034387096093269065
376.0 0.004316631020628847
377.0 0.004214530054014176
378.0 0.004112429087399505
379.0 0.0035041128285229206
380.0 0.002895796569646336
381.0 0.001989126394619234
382.0 0.0010824559467437211
383.0 0.0010952784577966668
384.0 0.0011081006050517317
385.0 0.0008680505743541289
386.0 0.0006280005436565261
387.0 0.0006871380264783511
388.0 0.0007462755093001761
389.0 0.0006176831448101439
390.0 0.0004890908712695818
391.0 0.0005072146450402215
392.0 0.0005253385097603314
393.0 0.0005852825324836886
394.0 0.0006452267371059861
395.0 0.0006467863386205863
396.0 0.0006483459856099216
397.0 0.0008393848474952392
398.0 0.0010304236639058217
399.0 0.0012323220289545134
400.0 0.001434220394003205
401.0 0.0016272791981464252
402.0 0.0018203380022896454
403.0 0.0018893284504883923
404.0 0.0019583190805860795
405.0 0.00186490378837334
406.0 0.0017714886780595407
407.0 0.001478086687711766
408.0 0.0011846847883134615
409.0 0.0009407014658791013
410.0 0.0006967178705963306
411.0 0.0005539367521123495
412.0 0.0004111556336283684
413.0 0.0006839787147328025
414.0 0.000956801522988826
415.0 0.0016636489817756228
416.0 0.0023704964405624196
417.0 0.0012049797078361735
418.0 3.9463012058149616e-05
419.0 1.5792300193245845e-10
420.0 1.5792300193245845e-10
421.0 1.5792300193245845e-10
422.0 0.0007574014489364345
423.0 0.0007978935173014179
424.0 0.0008383853128179908
425.0 0.000261128388956422
426.0 1.5792300193245845e-10
427.0 1.5792300193245845e-10
428.0 1.5792300193245845e-10
429.0 1.5792300193245845e-10
430.0 1.5792300193245845e-10
431.0 1.4200909959072305e-05
432.0 0.0011080492186010815
433.0 0.0007973198989930097
434.0 0.00048659103413228877
435.0 2.023512166715591e-05
436.0 1.5792300193245845e-10
437.0 1.5792300193245845e-10
438.0 1.5792300193245845e-10
439.0 1.5792300193245845e-10
440.0 1.5792300193245845e-10
441.0 1.5792300193245845e-10
442.0 1.5792300193245845e-10
443.0 1.5792300193245845e-10
444.0 0.00013723505389862112
445.0 9.646456646805746e-05
446.0 5.569398240368173e-05
447.0 0.0004949222329742042
448.0 0.0009341503755422309
449.0 0.0007975856533448678
450.0 0.0006610207947232993
451.0 0.0003151403689116705
452.0 1.5792300193245845e-10
453.0 1.5792300193245845e-10
454.0 2.405531063232047e-05
455.0 1.5792300193245845e-10
456.0 1.5792300193245845e-10
457.0 1.5792300193245845e-10
458.0 0.0001213617224493646
459.0 7.073155074976967e-05
460.0 2.010143589359359e-05
461.0 0.00023734628484817222
462.0 0.0004545911451714346
463.0 0.0005231865088717313
464.0 0.0005917819635214983
465.0 0.0006597687388421036
466.0 0.000727755514162709
467.0 0.0011272012670815457
468.0 0.001526646883576177
469.0 0.0017082618796848692
470.0 0.0018898763300967403
471.0 0.0018298433133168146
472.0 0.0017698101146379486
473.0 0.0022430111130233854
474.0 0.0027162121114088222
475.0 0.0027330721422913484
476.0 0.002749931809375994
477.0 0.0031651939934818074
478.0 0.0035804565413855016
479.0 0.004199179602437653
480.0 0.004817902663489804
481.0 0.004706035178969614
482.0 0.004594167330651544
483.0 0.004163162884651683
484.0 0.003732158074853942
485.0 0.00383745864382945
486.0 0.003942759212804958
487.0 0.0032888743589865044
488.0 0.00263498932326911
489.0 0.0024595996364951134
490.0 0.002284210131620057
491.0 0.0018810187611961737
492.0 0.0014778274817217607
493.0 0.0011942925993935205
494.0 0.000910758080863161
495.0 0.0011813851415354293
496.0 0.0014520122022076976
497.0 0.0017615928300074302
498.0 0.0020711739125545137
499.0 0.002281019442307297
500.0 0.002490865153959021
501.0 0.0026705858545028605
502.0 0.0028503067369456403
503.0 0.0028403255782905035
504.0 0.002830344055837486
505.0 0.003103424023720436
506.0 0.0033765045373002067
507.0 0.002600413245090749
508.0 0.0018243214071844704
509.0 0.0019945746316807345
510.0 0.0021648274923791178
511.0 0.002213176412624307
512.0 0.002261525150970556
513.0 0.0020474280972848646
514.0 0.0018333312254981138
515.0 0.001476791931054322
516.0 0.0011202525456610601
517.0 0.001225741198140895
518.0 0.0013312296687217895
519.0 0.0014558509064954706
520.0 0.0015804720533196814
521.0 0.001685024835751392
522.0 0.0017895776181831025
523.0 0.0017745187506079674
524.0 0.001759459701133892
525.0 0.002189453698520083
526.0 0.0026194480597041547
527.0 0.00252267509495141
528.0 0.0024259024939965457
529.0 0.0025096871468122117
530.0 0.002593471435829997
531.0 0.002465596844558604
532.0 0.0023377218894893304
533.0 0.002449518069624901
534.0 0.00256131352216471
535.0 0.002302311440871563
536.0 0.0020433088138815947
537.0 0.0023862359739723615
538.0 0.0027291631340631284
539.0 0.003284008562332019
540.0 0.0038388530811062083
541.0 0.004053760494571179
542.0 0.00426866790803615
543.0 0.004553129474516027
544.0 0.004837590677198023
545.0 0.005015843635192141
546.0 0.005194095865590498
547.0 0.004224248914397322
548.0 0.0032544019632041454
549.0 0.0028024618586641736
550.0 0.002350521754124202
551.0 0.002429886626487132
552.0 0.002509251316951122
553.0 0.003146652670693584
554.0 0.0037840531149413437
555.0 0.003953454870497808
556.0 0.004122856626054272
557.0 0.003890704465447925
558.0 0.003658552304841578
559.0 0.003422413283260539
560.0 0.0031862742616795003
561.0 0.003342564741615206
562.0 0.0034988544939551502
563.0 0.003458106584730558
564.0 0.0034173583117080852
565.0 0.004049538620165549
566.0 0.004681718928623013
567.0 0.004862478817813098
568.0 0.005043238343205303
569.0 0.00550067525182385
570.0 0.005958112160442397
571.0 0.005956486347713508
572.0 0.005954860534984618
573.0 0.0061453538364730775
574.0 0.006335847137961537
575.0 0.00627533663646318
576.0 0.006214825407369062
577.0 0.0056131906603695825
578.0 0.005011555913370103
579.0 0.005780933133792132
580.0 0.006550310354214162
581.0 0.007296000694623217
582.0 0.008041690307436511
583.0 0.009199303895002231
584.0 0.010356914572184905
585.0 0.01068907804437913
586.0 0.011021242244169116
587.0 0.010719671263359487
588.0 0.010418097372166812
589.0 0.010230438056169078
590.0 0.010042780922958627
591.0 0.009336787479696795
592.0 0.008630794036434963
593.0 0.007107482815627009
594.0 0.005584173050010577
595.0 0.005542874350794591
596.0 0.005501576015376486
597.0 0.006090520400903188
598.0 0.006679464422632009
599.0 0.007776092388667166
600.0 0.0088727188995108
601.0 0.009610452252672985
602.0 0.010348184150643647
603.0 0.010994421609211713
604.0 0.011640661978162825
605.0 0.01129380107158795
606.0 0.010946940165013075
607.0 0.009400068665854633
608.0 0.007853199349483475
609.0 0.006263056275201961
610.0 0.004672915383707732
611.0 0.003825058229267597
612.0 0.0029772010748274624
613.0 0.0036038662074133754
614.0 0.004230530976201408
615.0 0.0050967537390533835
616.0 0.00596297686570324
617.0 0.007460182678187266
618.0 0.008957388490671292
619.0 0.010046704119304195
620.0 0.01113602047553286
621.0 0.011747974349418655
622.0 0.012359926768112928
623.0 0.01205944936373271
624.0 0.011758968321373686
625.0 0.010203726560575888
626.0 0.008648482616990805
627.0 0.006962323095649481
628.0 0.005276161027722992
629.0 0.0043264459236525
630.0 0.003376730819582008
631.0 0.0029383047149167396
632.0 0.002499878428352531
633.0 0.002693833812372759
634.0 0.002887789196392987
635.0 0.003140365515719168
636.0 0.0033929416531464085
637.0 0.004131691093789414
638.0 0.004870440534432419
639.0 0.004976111085852608
640.0 0.0050817816372727975
641.0 0.005433195474324748
642.0 0.00578461003897246
643.0 0.005509116090252064
644.0 0.005233621777733788
645.0 0.004775459456141107
646.0 0.004317296406952664
647.0 0.003477602149359882
648.0 0.00263790807366604
649.0 0.0020719273379654624
650.0 0.0015059463294164743
651.0 0.0016194760974030942
652.0 0.001733006320137065
653.0 0.0015659081327612512
654.0 0.0013988101272843778
655.0 0.001528966095065698
656.0 0.0016591222447459586
657.0 0.0014796171853959095
658.0 0.0013001123988942709
659.0 0.0017042933905031532
660.0 0.0021084742911625654
661.0 0.001924397292896174
662.0 0.0017403202946297824
663.0 0.0023306785806198604
664.0 0.002921037230407819
665.0 0.0035116205253871158
666.0 0.004102203456568532
667.0 0.004917584010399878
668.0 0.0057329631090397015
669.0 0.006210217543412
670.0 0.0066874679760076106
671.0 0.007210757758002728
672.0 0.00773404972278513
673.0 0.007961237133713439
674.0 0.00818842527223751
675.0 0.007495198224205524
676.0 0.006801971903769299
677.0 0.0054374966566683725
678.0 0.004073021045769565
679.0 0.0027093781682197005
680.0 0.0013457359273161273
681.0 0.0006132499038358219
682.0 1.5792300193245845e-10
683.0 0.00018249309050588636
684.0 0.00048422243708046153
685.0 0.00025995254873123486
686.0 3.568265753983724e-05
687.0 0.0001834634304032079
688.0 0.00033124422316177515
689.0 0.00032121049571287585
690.0 0.00031117685921344673
691.0 0.0003246743744966807
692.0 0.00033817195799201727
693.0 0.00032718940019549336
694.0 0.00031620684239896946
695.0 0.0004267702934157569
696.0 0.0005373336989578092
697.0 0.00044884027374791913
698.0 0.0003603467348511913
699.0 0.0003167713657603599
700.0 0.0002731958147705882
701.0 0.00022790450202592183
702.0 0.00018261331433677697
703.0 0.000315884972224012
704.0 0.00044915664147993084
705.0 0.00046590726014983375
706.0 0.0004826577423955314
707.0 0.00019019562387256883
708.0 1.5792300193245845e-10
709.0 9.006947720990865e-05
710.0 0.00028240556275704876
711.0 0.0004289271601010114
712.0 0.000575448757444974
713.0 0.00033406618058506865
714.0 9.268359804082138e-05
715.0 0.00027605208288150607
716.0 0.00045942056203784887
717.0 0.00023617049009772018
718.0 1.2920446579300915e-05
719.0 0.00028316985662968364
720.0 0.0005534191586775705
721.0 0.0004893046025244985
722.0 0.0004251901373208966
723.0 0.00032746481792855775
724.0 0.00022973954401095398
725.0 0.00035912773910240503
726.0 0.0004885162070422666
727.0 0.0003292140490884776
728.0 0.00016991228903862066
729.0 0.00028841841412940994
730.0 0.0004069247552251909
731.0 0.0006919395218574209
732.0 0.0009769545613380615
733.0 0.00036796184303966584
734.0 1.5792300193245845e-10
735.0 1.5792300193245845e-10
736.0 1.5792300193245845e-10
737.0 0.0004019301741209347
738.0 0.0009095383575186133
739.0 0.0006327807113848394
740.0 0.00035602292882686015
741.0 0.0002003394229177502
742.0 4.4655925535153074e-05
743.0 2.3317195996241935e-05
744.0 1.978378527667246e-06
745.0 0.00029607801934616873
746.0 0.000590177705817041
747.0 0.00026970192266162485
748.0 1.5792300193245845e-10
749.0 1.5792300193245845e-10
750.0 1.5792300193245845e-10
751.0 1.5792300193245845e-10
752.0 0.00027017551929020556
753.0 0.00036243611702957423
754.0 0.0004546966010821052
755.0 1.5792300193245845e-10
756.0 1.5792300193245845e-10
757.0 1.5792300193245845e-10
758.0 1.5792300193245845e-10
759.0 0.00023675163447478553
760.0 0.0007142250524339033
761.0 0.0004872991212323541
762.0 0.00026037314455606975
763.0 7.612802050971368e-05
764.0 1.5792300193245845e-10
765.0 0.00015059920315252384
766.0 0.00040931536204880103
767.0 1.5792300193245845e-10
768.0 1.5792300193245845e-10
769.0 1.5792300193245845e-10
770.0 1.5792300193245845e-10
771.0 1.5792300193245845e-10
772.0 1.5792300193245845e-10
773.0 0.00020587574454111746
774.0 0.0007205086149042472
775.0 0.0005086818873678567
776.0 0.00029685500066989334
777.0 0.0003478269036349957
778.0 0.0003987988293374656
779.0 0.0005901013537368271
780.0 0.0007814039236109238
781.0 0.0006820769158366602
782.0 0.0005827497716381913
783.0 0.0005063034222985152
784.0 0.00042985702748410404
785.0 0.0004079874088347424
786.0 0.0003861174718622351
787.0 0.0006090659098845208
788.0 0.0008320142114826012
789.0 0.0007039662250463152
790.0 0.0005759183295594994
791.0 0.0005232678631728049
792.0 0.0004706173513113754
793.0 0.0005886879534955369
794.0 0.0007067582828312879
795.0 0.000890261526365066
796.0 0.0010737645425251685
797.0 0.0006400713118637213
798.0 0.00020637810393964173
799.0 0.0005075824446976185
800.0 0.0008087867172434926
801.0 0.0004376711331133265
802.0 6.655557172052795e-05
803.0 0.0002853550768122659
804.0 0.0005041546046413714
805.0 0.0008075687219388783
806.0 0.00111098279376165
807.0 0.0007404179086734075
808.0 0.0003698530008477974
809.0 0.00012153086572652683
810.0 1.5792300193245845e-10
811.0 0.0002415903509245254
812.0 0.0006099719030316919
813.0 0.000890718092705356
814.0 0.0011714641914295498
815.0 0.0011689899110933766
816.0 0.0011665151760098524
817.0 0.0009597473763278686
818.0 0.0007529797130700899
819.0 0.0007440044100803789
820.0 0.0007350291525654029
821.0 0.0006879758529976243
822.0 0.0006409225079551106
823.0 0.0005426885309134377
824.0 0.00044445478124544024
825.0 0.0005526247150555719
826.0 0.0006607947398151737
827.0 0.0007625804300914751
828.0 0.0008643663932161871
829.0 0.0004293316578696249
830.0 1.5792300193245845e-10
831.0 3.034889743958047e-05
832.0 6.64009803585941e-05
833.0 0.00020577695067913737
834.0 0.0003451528073128429
835.0 1.5792300193245845e-10
836.0 1.5792300193245845e-10
837.0 1.5792300193245845e-10
838.0 0.00031321383175964
839.0 0.0006261770522542065
840.0 0.0009391402272740379
841.0 0.0010804763405758422
842.0 0.0012218125448271167
843.0 0.0009397953363077249
844.0 0.000657778036838863
845.0 0.0006943914740986656
846.0 0.0007310048658837331
847.0 0.0010100558938574977
848.0 0.0012891068763565272
849.0 0.000947148055274738
850.0 0.0006051887339708628
851.0 0.0009423522897122893
852.0 0.0012795157999789808
853.0 0.000575688818571507
854.0 1.5792300193245845e-10
855.0 1.5792300193245845e-10
856.0 1.5792300193245845e-10
857.0 0.0003846288109343732
858.0 0.001173158216261072
859.0 0.001085354233509861
860.0 0.0009975500688597094
861.0 0.00137854303829954
862.0 0.0017595360986888409
863.0 0.0018676964828046039
864.0 0.0019758566850214265
865.0 0.001931488441186957
866.0 0.001887120379251428
867.0 0.002657147342688404
868.0 0.00342717430612538
869.0 0.003146597373415716
870.0 0.0028660202588071115
871.0 0.003173514051013626
872.0 0.0034810076613212004
873.0 0.002748739098024089
874.0 0.0020164710804237984
875.0 0.0025417026336072013
