lsstCam/transmission_filter_detector/r41_s02/y_10/19700101T000000.ecsv
# %ECSV 1.0
# ---
# datatype:
# - {name: wavelength, unit: nm, datatype: float32}
# - {name: efficiency, unit: '%', datatype: float64}
# meta: !!omap
# - {MODE: DETECTOR}
# - {TYPE: transmission_filter_detector}
# - {CALIBDATE: '1970-01-01T00:00:00'}
# - {INSTRUME: LSSTCam}
# - {OBSTYPE: transmission_filter_detector}
# - {CALIBCLS: lsst.ip.isr.IntermediateFilterDetectorTransmissionCurve}
# - {SOURCE: Materion (DM-46256)}
# - {DETECTOR: 164}
# - {FILTER: y_10}
# - {CALIB_ID: 'calibDate=1970-01-01T00:00:00 filter=y_10 detector=164'}
# - {DATE: '2025-04-02T15:59:51.502838'}
# - {CALIB_CREATION_DATE: '2025-04-02'}
# - {CALIB_CREATION_TIME: '15:59:51'}
# - __serialized_columns__:
#     efficiency:
#       __class__: astropy.units.quantity.Quantity
#       unit: !astropy.units.Unit {unit: '%'}
#       value: !astropy.table.SerializedColumn {name: efficiency}
#     wavelength:
#       __class__: astropy.units.quantity.Quantity
#       unit: !astropy.units.Unit {unit: nm}
#       value: !astropy.table.SerializedColumn {name: wavelength}
# schema: astropy-2.0
wavelength efficiency
[from data line 577]
877.0 0.0019834576960420236
878.0 0.001591897125763353
879.0 0.0015874542441451922
880.0 0.06340538384392858
881.0 0.08630144875496626
882.0 0.06939319428056479
883.0 0.09296447969973087
884.0 0.06274692132137716
885.0 0.12009001802653074
886.0 0.05644505727104843
887.0 0.10220285039395094
888.0 0.05991919315420091
889.0 0.09526140638627112
890.0 0.06940107559785247
891.0 0.10357649298384786
892.0 0.05686780787073076
893.0 0.10285723255947232
894.0 0.07633936475031078
895.0 0.11302424827590585
896.0 0.07057841867208481
897.0 0.11205148184671998
898.0 0.0793242477811873
899.0 0.12266412377357483
900.0 0.09354637004435062
901.0 0.13386845821514726
902.0 0.1440086867660284
903.0 0.17018766375258565
904.0 0.19106216495856643
905.0 0.19671863410621881
906.0 0.25193439796566963
907.0 0.3104400122538209
908.0 0.4116746596992016
909.0 0.5391906015574932
910.0 0.751312542706728
911.0 1.0587484575808048
912.0 1.553376391530037
913.0 2.3209240287542343
914.0 3.2926563173532486
915.0 4.76696714758873
916.0 6.634265184402466
917.0 8.75239297747612
918.0 11.2776517868042
919.0 13.761527836322784
920.0 17.114411294460297
921.0 20.513691008090973
922.0 23.821689188480377
923.0 27.700147032737732
924.0 31.93015456199646
925.0 36.71453595161438
926.0 42.58418679237366
927.0 49.056604504585266
928.0 54.91320490837097
929.0 61.417776346206665
930.0 67.29447841644287
931.0 73.27069044113159
932.0 78.8445770740509
933.0 83.75607132911682
934.0 87.50149607658386
935.0 90.29651284217834
936.0 92.49088168144226
937.0 94.09267902374268
938.0 95.16669511795044
939.0 95.6766128540039
940.0 96.12003564834595
941.0 96.38582468032837
942.0 96.65362238883972
943.0 96.77528142929077
944.0 97.11143374443054
945.0 97.12433815002441
946.0 97.2355842590332
947.0 97.24915027618408
948.0 97.364342212677
949.0 97.30017185211182
950.0 97.38004803657532
951.0 97.4299669265747
952.0 97.47878313064575
953.0 97.6311206817627
954.0 97.71261215209961
955.0 97.77631163597107
956.0 97.9651391506195
957.0 98.21396470069885
958.0 98.35049510002136
959.0 98.43088984489441
960.0 98.5716164112091
961.0 98.64439964294434
962.0 98.73058199882507
963.0 98.76334071159363
964.0 98.8374650478363
965.0 98.85566234588623
966.0 98.91072511672974
967.0 99.01039004325867
968.0 98.96948337554932
969.0 98.9477276802063
970.0 99.02684688568115
971.0 99.06222820281982
972.0 99.10125136375427
973.0 99.2272436618805
974.0 99.19421672821045
975.0 99.16947484016418
976.0 99.23343062400818
977.0 99.20530319213867
978.0 99.26228523254395
979.0 99.24057722091675
980.0 99.18304085731506
981.0 99.14853572845459
982.0 99.05548691749573
983.0 99.05129671096802
984.0 99.03368949890137
985.0 99.05107617378235
986.0 98.90145659446716
987.0 98.9683747291565
988.0 98.85272979736328
989.0 98.837810754776
990.0 98.76698851585388
991.0 98.79774451255798
992.0 98.90211224555969
993.0 98.82729053497314
994.0 98.82104396820068
995.0 98.84292483329773
996.0 98.79398345947266
997.0 98.93743395805359
998.0 98.9808440208435
999.0 98.99801015853882
1000.0 99.0840196609497
1001.0 98.99494647979736
1002.0 99.11836981773376
1003.0 99.1481602191925
1004.0 99.25199747085571
1005.0 99.14941787719727
1006.0 99.32053685188293
1007.0 99.30286407470703
1008.0 99.2199957370758
1009.0 99.2010772228241
1010.0 99.26111102104187
1011.0 99.22884106636047
1012.0 99.15324449539185
1013.0 99.09652471542358
1014.0 99.10991191864014
1015.0 99.08941388130188
1016.0 99.078369140625
1017.0 99.10854697227478
1018.0 99.17038083076477
1019.0 99.06215071678162
1020.0 99.10997152328491
1021.0 99.29224252700806
1022.0 99.09354448318481
1023.0 99.13635849952698
1024.0 99.11586046218872
1025.0 99.12715554237366
1026.0 99.18151497840881
1027.0 99.29526448249817
1028.0 99.18615221977234
1029.0 99.333256483078
1030.0 99.363774061203
1031.0 99.31996464729309
1032.0 99.36920404434204
1033.0 99.37196969985962
1034.0 99.33704733848572
1035.0 99.36344623565674
1036.0 99.30232763290405
1037.0 99.31573867797852
1038.0 99.27699565887451
1039.0 99.23769235610962
1040.0 99.17945265769958
1041.0 99.18129444122314
1042.0 99.19436573982239
1043.0 99.12642240524292
1044.0 99.17795658111572
1045.0 98.94729256629944
1046.0 99.14873838424683
1047.0 99.04255270957947
1048.0 99.09778833389282
1049.0 98.99826049804688
1050.0 99.01440143585205
1051.0 98.9505410194397
1052.0 98.95182251930237
1053.0 98.83329272270203
1054.0 99.07726645469666
1055.0 99.16577339172363
1056.0 99.03445839881897
1057.0 99.10082817077637
1058.0 98.94565343856812
1059.0 98.98975491523743
1060.0 99.15871024131775
1061.0 98.95773530006409
1062.0 99.13845658302307
1063.0 98.90480637550354
1064.0 99.16800260543823
1065.0 99.12749528884888
1066.0 99.12892580032349
1067.0 99.17503595352173
1068.0 99.0600049495697
1069.0 98.95129203796387
1070.0 99.25504326820374
1071.0 99.02620315551758
1072.0 99.1244912147522
1073.0 99.16250109672546
1074.0 98.73197674751282
1075.0 98.81373643875122
1076.0 98.79100322723389
1077.0 99.01512861251831
1078.0 99.21541213989258
1079.0 98.76992106437683
1080.0 99.44067001342773
1081.0 98.81550073623657
1082.0 98.72472286224365
1083.0 98.77375364303589
1084.0 99.21896457672119
1085.0 99.04321432113647
1086.0 98.67485761642456
1087.0 99.10069704055786
1088.0 98.70585799217224
1089.0 98.68365526199341
1090.0 99.02201294898987
1091.0 98.910653591156
1092.0 98.65028262138367
1093.0 98.70973229408264
1094.0 98.58294725418091
1095.0 98.41445684432983
1096.0 98.52541089057922
1097.0 98.34930896759033
1098.0 98.0475902557373
1099.0 98.64657521247864
1100.0 98.11645746231079
