lsstCam/transmission_filter_detector/r41_s02/y_10/19700101T000000.ecsv
# %ECSV 1.0
# ---
# datatype:
# - {name: wavelength, unit: nm, datatype: float32}
# - {name: efficiency, unit: '%', datatype: float64}
# meta: !!omap
# - {MODE: DETECTOR}
# - {TYPE: transmission_filter_detector}
# - {CALIBDATE: '1970-01-01T00:00:00'}
# - {INSTRUME: LSSTCam}
# - {OBSTYPE: transmission_filter_detector}
# - {CALIBCLS: lsst.ip.isr.IntermediateFilterDetectorTransmissionCurve}
# - {SOURCE: Materion (DM-46256)}
# - {DETECTOR: 164}
# - {FILTER: y_10}
# - {CALIB_ID: 'calibDate=1970-01-01T00:00:00 filter=y_10 detector=164'}
# - {DATE: '2025-04-02T15:59:51.502838'}
# - {CALIB_CREATION_DATE: '2025-04-02'}
# - {CALIB_CREATION_TIME: '15:59:51'}
# - __serialized_columns__:
#     efficiency:
#       __class__: astropy.units.quantity.Quantity
#       unit: !astropy.units.Unit {unit: '%'}
#       value: !astropy.table.SerializedColumn {name: efficiency}
#     wavelength:
#       __class__: astropy.units.quantity.Quantity
#       unit: !astropy.units.Unit {unit: nm}
#       value: !astropy.table.SerializedColumn {name: wavelength}
# schema: astropy-2.0
wavelength efficiency
300.0 0.025009430828504264
301.0 0.020515816868282855
302.0 0.0160221999976784
303.0 0.012800538388546556
304.0 0.009578877507010475
305.0 0.0093069436843507
306.0 0.009035009134095162
307.0 0.00919890881050378
308.0 0.009362810669699684
309.0 0.009249965660274029
310.0 0.009137120650848374
311.0 0.006524962373077869
312.0 0.003912804095307365
313.0 0.005980647256365046
314.0 0.008048489689826965
315.0 0.006790437328163534
316.0 0.005532385330297984
317.0 0.004883498331764713
318.0 0.004234612060827203
319.0 0.003399356864974834
320.0 0.002564101123425644
321.0 0.0022120548237580806
322.0 0.0018600087059894577
323.0 0.002344627500860952
324.0 0.0028292461138335057
325.0 0.002654657691891771
326.0 0.002480069269950036
327.0 0.002960303572763223
328.0 0.003440538057475351
329.0 0.0034634689654922113
330.0 0.0034863998735090718
331.0 0.002987319567182567
332.0 0.002488239260856062
333.0 0.0024468976334901527
334.0 0.0024055556423263624
335.0 0.002197369576606434
336.0 0.001989183328987565
337.0 0.001884137418528553
338.0 0.0017790916899684817
339.0 0.0011035699571948498
340.0 0.0004280483608454233
341.0 0.0007758250831102487
342.0 0.0011236019417992793
343.0 0.001665302443143446
344.0 0.0022070027625886723
345.0 0.0012970019270142075
346.0 0.000387000773116597
347.0 0.0008576320396969095
348.0 0.001328263351751957
349.0 0.0013443484021991026
350.0 0.001360433452646248
351.0 0.0014065729374124203
352.0 0.0014527125131280627
353.0 0.0015229719792841934
354.0 0.0015932311725919135
355.0 0.0017480368114775047
356.0 0.0019028426322620362
357.0 0.0010817624570336193
358.0 0.0002606821908557322
359.0 0.0005584378868661588
360.0 0.0008561935828765854
361.0 0.0008620988410257269
362.0 0.0008680040991748683
363.0 0.000996262224361999
364.0 0.0011245203495491296
365.0 0.0012519403753685765
366.0 0.0013793604921374936
367.0 0.0017182057490572333
368.0 0.002057050915027503
369.0 0.001565241109346971
370.0 0.0010734314855653793
371.0 0.0011306114174658433
372.0 0.0011877916222147178
373.0 0.0016409137970185839
374.0 0.002094035517075099
375.0 0.0029389546398306265
376.0 0.003783873762586154
377.0 0.004099706347915344
378.0 0.0044155392970424145
379.0 0.0041646686440799385
380.0 0.003913798354915343
381.0 0.0032898686185944825
382.0 0.002665939064172562
383.0 0.001822574449761305
384.0 0.0009792098353500478
385.0 0.0007106193606887246
386.0 0.0004420288860274013
387.0 0.0004664925199904246
388.0 0.0004909560175292427
389.0 0.0005746870556322392
390.0 0.0006584180027857656
391.0 0.0005905777925363509
392.0 0.0005227375368122011
393.0 0.0005602982128039002
394.0 0.0005978588433208643
395.0 0.0006077373200241709
396.0 0.0006176158422022127
397.0 0.0007083754098857753
398.0 0.0007991350685188081
399.0 0.0010155329619010445
400.0 0.0012319307643338107
401.0 0.0015236601029755548
402.0 0.0018153892597183585
403.0 0.0018229393390356563
404.0 0.0018304896002518944
405.0 0.001904607779579237
406.0 0.0019787257770076394
407.0 0.0018797285520122387
408.0 0.0017807315089157782
409.0 0.0015632518625352532
410.0 0.001345772216154728
411.0 0.0007217399797809776
412.0 9.77078229880135e-05
413.0 0.0005180471362109529
414.0 0.0009383866199641488
415.0 0.0005445914666779572
416.0 0.0001507960632807226
417.0 0.0001081099526345497
418.0 6.542385335706058e-05
419.0 1.6113438708331707e-10
420.0 1.6113438708331707e-10
421.0 1.593844842773251e-05
422.0 0.000167606185641489
423.0 2.3873963073128834e-05
424.0 1.6113438708331707e-10
425.0 1.6113438708331707e-10
426.0 1.6113438708331707e-10
427.0 1.6113438708331707e-10
428.0 0.00027939779556618305
429.0 1.6113438708331707e-10
430.0 1.6113438708331707e-10
431.0 1.6113438708331707e-10
432.0 1.6113438708331707e-10
433.0 8.336826908816874e-05
434.0 0.00020382599359436426
435.0 0.00022163294488564134
436.0 0.00023944007807585876
437.0 0.0003029404751941911
438.0 0.0003664408041004208
439.0 0.00022076785626268247
440.0 7.509481179113209e-05
441.0 1.6113438708331707e-10
442.0 1.6113438708331707e-10
443.0 1.6113438708331707e-10
444.0 1.6113438708331707e-10
445.0 1.6113438708331707e-10
446.0 3.899594105405413e-05
447.0 1.6113438708331707e-10
448.0 1.6113438708331707e-10
449.0 6.695859156025108e-05
450.0 0.0002527030346755055
451.0 0.0002265408056700835
452.0 0.00020037848571519135
453.0 0.00010214070016445476
454.0 3.902870204797182e-06
455.0 0.00027369833333068527
456.0 0.0005434938884718576
457.0 1.4576575324554142e-05
458.0 1.6113438708331707e-10
459.0 1.6113438708331707e-10
460.0 1.6113438708331707e-10
461.0 1.6113438708331707e-10
462.0 1.6113438708331707e-10
463.0 4.116726302072493e-05
464.0 0.00021417695279524196
465.0 0.0004601565251505235
466.0 0.0007061361429805402
467.0 0.0007415340405714232
468.0 0.0007769320291117765
469.0 0.001152190179709578
470.0 0.0015274483303073794
471.0 0.0015012880794529337
472.0 0.0014751278285984881
473.0 0.0020493474949034862
474.0 0.002623566979309544
475.0 0.0026827787223737687
476.0 0.002741990829235874
477.0 0.0027502379452926107
478.0 0.0027584852432482876
479.0 0.0030202943889889866
480.0 0.003282103716628626
481.0 0.003689929872052744
482.0 0.004097756027476862
483.0 0.004076547338627279
484.0 0.004055338285979815
485.0 0.003702134927152656
486.0 0.003348931568325497
487.0 0.0028330257919151336
488.0 0.0023171198336058296
489.0 0.0022889675165060908
490.0 0.0022608150175074115
491.0 0.002035213037743233
492.0 0.0018096110579790547
493.0 0.001648860052227974
494.0 0.0014881092283758335
495.0 0.0018087439457303844
496.0 0.0021293786630849354
497.0 0.0018489674403099343
498.0 0.0015685562175349332
499.0 0.001885739948193077
500.0 0.0022029236788512208
501.0 0.0023156520910561085
502.0 0.002428380503260996
503.0 0.0027667801987263374
504.0 0.0031051797122927383
505.0 0.0026545625587459654
506.0 0.002203945223300252
507.0 0.0022681138943880796
508.0 0.002332282565475907
509.0 0.002016282633121591
510.0 0.001700282700767275
511.0 0.00178098380274605
512.0 0.0018616850866237655
513.0 0.002071829112537671
514.0 0.0022819731384515762
515.0 0.001750270530465059
516.0 0.001218568104377482
517.0 0.0011785792594309896
518.0 0.0011385901416360866
519.0 0.0012314188097661827
520.0 0.001324247659795219
521.0 0.0011844673281302676
522.0 0.0010446867236169055
523.0 0.0014255370842874981
524.0 0.0018063872630591504
525.0 0.0019793435058090836
526.0 0.0021522997485590167
527.0 0.0021925356122665107
528.0 0.0022327714759740047
529.0 0.0022229998648981564
530.0 0.0022132284357212484
531.0 0.002103927545249462
532.0 0.001994626654777676
533.0 0.0021023168301326223
534.0 0.0022100068235886283
535.0 0.0019156861526425928
536.0 0.001621365845494438
537.0 0.001764572698448319
538.0 0.0019077797333011404
539.0 0.0023870392396929674
540.0 0.0028662987460847944
541.0 0.0035703043977264315
542.0 0.004274310049368069
543.0 0.004487884871196002
544.0 0.004701460056821816
545.0 0.004797456494998187
546.0 0.004893452569376677
547.0 0.0045152148231863976
548.0 0.004136976713198237
549.0 0.003292411201982759
550.0 0.002447845872666221
551.0 0.0024045461032073945
552.0 0.002361245969950687
553.0 0.002387657150393352
554.0 0.0024140683308360167
555.0 0.0030667481041746214
556.0 0.003719428423210047
557.0 0.0038878279156051576
558.0 0.004056227408000268
559.0 0.0040765051380731165
560.0 0.004096782504348084
561.0 0.0038642388972220942
562.0 0.003631695653893985
563.0 0.0035314074921188876
564.0 0.0034311193303437904
565.0 0.0037500387406907976
566.0 0.004068957787239924
567.0 0.004251681457390077
568.0 0.00443440476374235
569.0 0.004854760481975973
570.0 0.005275116200209595
571.0 0.005832719034515321
572.0 0.006390322232618928
573.0 0.006558738823514432
574.0 0.006727156142005697
575.0 0.006767570448573679
576.0 0.006807985482737422
577.0 0.006270937592489645
578.0 0.005733889338443987
579.0 0.005516436067409813
580.0 0.0052989831601735204
581.0 0.00575384110561572
582.0 0.00620869905105792
583.0 0.007497668411815539
584.0 0.00878663850016892
585.0 0.009678320930106565
586.0 0.010570005542831495
587.0 0.010782325261970982
588.0 0.010994647163897753
589.0 0.01074035099009052
590.0 0.010486057726666331
591.0 0.0097770280262921
592.0 0.009067999053513631
593.0 0.008147751213982701
594.0 0.007227503374451771
595.0 0.006440133438445628
596.0 0.005652763502439484
597.0 0.005606429112958722
598.0 0.00556009472347796
599.0 0.006409788329619914
600.0 0.0072594812081661075
601.0 0.008443137630820274
602.0 0.009626791870687157
603.0 0.010267018660670146
604.0 0.01090724763344042
605.0 0.010638055391609669
606.0 0.01036886460497044
607.0 0.009936818241840228
608.0 0.009504769695922732
609.0 0.008129183697747067
610.0 0.006753598427167162
611.0 0.005497900929185562
612.0 0.0042422045225976035
613.0 0.0038129404856590554
614.0 0.0033836764487205073
615.0 0.003912422835128382
616.0 0.004441168857738376
617.0 0.005598858479061164
618.0 0.006756547372788191
619.0 0.008408875874010846
620.0 0.01006120364763774
621.0 0.010724963794928044
622.0 0.01138872466981411
623.0 0.011640462616924196
624.0 0.011892199836438522
625.0 0.011175282270414755
626.0 0.010458363976795226
627.0 0.00899767255759798
628.0 0.007536981865996495
629.0 0.006054716868675314
630.0 0.00457245041616261
631.0 0.003742436456377618
632.0 0.0029124226784915663
633.0 0.0027279083951725625
634.0 0.002543393929954618
635.0 0.0026211126169073395
636.0 0.0026988311219611205
637.0 0.00314553763018921
638.0 0.00359224432031624
639.0 0.004336658457759768
640.0 0.005081072595203295
641.0 0.005350981882656924
642.0 0.005620890806312673
643.0 0.005857798896613531
644.0 0.006094706259318627
645.0 0.005475080979522318
646.0 0.004855456063523889
647.0 0.004448132676770911
648.0 0.004040809290017933
649.0 0.0031268638849724084
650.0 0.0022129186618258245
651.0 0.0019530494682840072
652.0 0.001693179910944309
653.0 0.001498640176578192
654.0 0.0013041005331615452
655.0 0.0014337270840769634
656.0 0.0015633537259418517
657.0 0.0016382884496124461
658.0 0.0017132231732830405
659.0 0.0014996549907664303
660.0 0.0012860869901487604
661.0 0.001433903889846988
662.0 0.0015817207895452157
663.0 0.0017284435671172105
664.0 0.0018751659808913246
665.0 0.0023848051569075324
666.0 0.002894444696721621
667.0 0.003285397178842686
668.0 0.003676350024761632
669.0 0.00466041783511173
670.0 0.0056444856454618275
671.0 0.006461056909756735
672.0 0.007277625263668597
673.0 0.00753995991544798
674.0 0.007802293112035841
675.0 0.007352637476287782
676.0 0.006902981840539724
677.0 0.0063377949118148535
678.0 0.005772607619292103
679.0 0.004696784890256822
680.0 0.0036209617974236608
681.0 0.002391043926763814
682.0 0.0011611256013566162
683.0 0.0007501022082578856
684.0 0.0003390789288459928
685.0 0.00011976501355093205
686.0 1.6113438708331707e-10
687.0 0.00015563250599370804
688.0 0.0004108139819436474
689.0 0.0002515072083042469
690.0 9.220050287694903e-05
691.0 0.00011013981975338538
692.0 0.00012807913662982173
693.0 0.00025001670564961387
694.0 0.00037195425193203846
695.0 0.0003574264383132686
696.0 0.0003428986701692338
697.0 0.00040967061067931354
698.0 0.0004764425284520257
699.0 0.00041734720070962794
700.0 0.0003582518957045977
701.0 0.00023229144971992355
702.0 0.00010633092415446299
703.0 6.899996947140608e-05
704.0 3.166907447393896e-05
705.0 9.552021538183908e-05
706.0 0.00015937131365717505
707.0 0.0001565815637150081
708.0 0.00015379180240415735
709.0 0.00020307170416344889
710.0 0.0002523516059227404
711.0 0.00027019768822356127
712.0 0.00028804372504964704
713.0 0.00010078433660964947
714.0 1.6113438708331707e-10
715.0 3.3835664225989603e-05
716.0 0.00015414639165101107
717.0 0.000249934964813292
718.0 0.00034572346976347035
719.0 0.00020452330318221357
720.0 6.332318207569188e-05
721.0 0.0002934205213023233
722.0 0.0005235179742157925
723.0 0.0003211541979908361
724.0 0.00011879039902851218
725.0 0.0004607121809385717
726.0 0.0008026339855859987
727.0 0.00048266756493831053
728.0 0.00016270112155325478
729.0 0.000378170170733938
730.0 0.0005936390607530484
731.0 0.0004249429821356898
732.0 0.0002562468353062286
733.0 0.0003537173142831307
734.0 0.0004511879524216056
735.0 0.0003876739810948493
736.0 0.0003241599642933579
737.0 0.00048442702791362535
738.0 0.0006446939551096875
739.0 0.0003741494992937078
740.0 0.0001036051799019333
741.0 1.6113438708331707e-10
742.0 1.6113438708331707e-10
743.0 0.0001365899379379698
744.0 0.00037951192553009605
745.0 0.00035041769024246605
746.0 0.0003213235231669387
747.0 0.0003627179239629186
748.0 0.00040411241570836864
749.0 0.00042487959035497624
750.0 0.00044564676500158384
751.0 0.0003583561465347884
752.0 0.00027106566449219827
753.0 0.0003077615474467166
754.0 0.0003444574986133375
755.0 0.00033394346701243194
756.0 0.000323429503623629
757.0 0.00039075057429727167
758.0 0.00045807159949617926
759.0 0.00025197109607688617
760.0 4.587051591897762e-05
761.0 0.00012649138625420164
762.0 0.00020711215711344266
763.0 0.00029951957003504504
764.0 0.0003919268692698097
765.0 0.0001830883320508292
766.0 1.6113438708331707e-10
767.0 1.6113438708331707e-10
768.0 1.6113438708331707e-10
769.0 1.6113438708331707e-10
770.0 1.6113438708331707e-10
771.0 1.6113438708331707e-10
772.0 0.00020342647530924296
773.0 0.00012268653790670214
774.0 4.194656071376812e-05
775.0 0.0001662570070948277
776.0 0.00029056743642286165
777.0 0.00025505789835733594
778.0 0.00021954824660497252
779.0 0.0005005816547054565
780.0 0.0007816150173312053
781.0 0.0007332398581638699
782.0 0.0006848646080470644
783.0 0.0005197203790885396
784.0 0.0003545761273926473
785.0 0.0002090297357426607
786.0 6.348339525175106e-05
787.0 0.00043446752897580154
788.0 0.0008054516911215615
789.0 0.00045424176278174855
790.0 0.00010303157296220888
791.0 0.00020648747067752993
792.0 0.00030994333428679965
793.0 0.0007777382961648982
794.0 0.0012455332580429967
795.0 0.0007896022907516453
796.0 0.0003336711642987211
797.0 0.0007525854471168714
798.0 0.0011714995707734488
799.0 0.000960564284469001
800.0 0.0007496288162656128
801.0 0.0007856628144509159
802.0 0.000821696812636219
803.0 0.0006536306500493083
804.0 0.0004855643965129275
805.0 0.0005833500381413614
806.0 0.0006811357707192656
807.0 0.00044024036469636485
808.0 0.0001993449359360966
809.0 0.000649656840323587
810.0 0.00109996881292318
811.0 0.0008046329639910255
812.0 0.0005092972060083412
813.0 0.0005559984856517985
814.0 0.0006026997198205208
815.0 0.0004484190867515281
816.0 0.0002941383399956976
817.0 0.0005091828370495932
818.0 0.0007242272658913862
819.0 0.0005285794486553641
820.0 0.00033293169963144464
821.0 0.0005090833383292193
822.0 0.0006852349542896263
823.0 0.0004822314622288104
824.0 0.0002792281748043024
825.0 0.0004875490049016662
826.0 0.0006958698122616624
827.0 0.0003576758672352298
828.0 1.9481871049720212e-05
829.0 0.0003473650622254354
830.0 0.0006752482477168087
831.0 0.0008337605322594754
832.0 0.000992272725852672
833.0 0.0008656435966258869
834.0 0.0007390144673991017
835.0 0.00047710564103908837
836.0 0.0002151969511032803
837.0 0.00038658545236103237
838.0 0.0005579739536187844
839.0 0.0006891609245940344
840.0 0.0008203479410440195
841.0 0.000777338573243469
842.0 0.0007343292509176536
843.0 0.0007915716196293943
844.0 0.0008488141247653402
845.0 0.0008403118954447564
846.0 0.000831809938972583
847.0 0.0008820068615023047
848.0 0.0009322040568804368
849.0 0.000974718204815872
850.0 0.0010172323527513072
851.0 0.0008240032911999151
852.0 0.0006307743660727283
853.0 0.0006033278623363003
854.0 0.0005758815404988127
855.0 0.0007006712621659972
856.0 0.0008254607564595062
857.0 0.0009336504263046663
858.0 0.001041839914250886
859.0 0.00115614639071282
860.0 0.0012704527762252837
861.0 0.0011848269423353486
862.0 0.0010992008355970029
863.0 0.0013689924344362225
864.0 0.001638783942325972
865.0 0.0021124484192114323
866.0 0.0025861128960968927
867.0 0.0025276287487940863
868.0 0.0024691449652891606
869.0 0.002926370143541135
870.0 0.003383595321793109
871.0 0.003363288487889804
872.0 0.0033429820177843794
873.0 0.0030509037969750352
874.0 0.0027588257580646314
875.0 0.002566922012192663
