lsstCam/transmission_filter_detector/r41_s10/g_6/19700101T000000.ecsv
# %ECSV 1.0
# ---
# datatype:
# - {name: wavelength, unit: nm, datatype: float32}
# - {name: efficiency, unit: '%', datatype: float64}
# meta: !!omap
# - {MODE: DETECTOR}
# - {TYPE: transmission_filter_detector}
# - {CALIBDATE: '1970-01-01T00:00:00'}
# - {INSTRUME: LSSTCam}
# - {OBSTYPE: transmission_filter_detector}
# - {CALIBCLS: lsst.ip.isr.IntermediateFilterDetectorTransmissionCurve}
# - {SOURCE: Materion (DM-46256)}
# - {DETECTOR: 165}
# - {FILTER: g_6}
# - {CALIB_ID: 'calibDate=1970-01-01T00:00:00 filter=g_6 detector=165'}
# - {DATE: '2025-04-02T15:59:42.790816'}
# - {CALIB_CREATION_DATE: '2025-04-02'}
# - {CALIB_CREATION_TIME: '15:59:42'}
# - __serialized_columns__:
#     efficiency:
#       __class__: astropy.units.quantity.Quantity
#       unit: !astropy.units.Unit {unit: '%'}
#       value: !astropy.table.SerializedColumn {name: efficiency}
#     wavelength:
#       __class__: astropy.units.quantity.Quantity
#       unit: !astropy.units.Unit {unit: nm}
#       value: !astropy.table.SerializedColumn {name: wavelength}
# schema: astropy-2.0
wavelength efficiency
300.0 0.3474532859399915
301.0 0.2917811507359147
302.0 0.2361090388149023
303.0 0.22667741868644953
304.0 0.21724582184106112
305.0 0.22105926182121038
306.0 0.22487272508442402
307.0 0.2140898024663329
308.0 0.2033068798482418
309.0 0.195199903100729
310.0 0.18709293799474835
311.0 0.1860252465121448
312.0 0.18495754338800907
313.0 0.18349244492128491
314.0 0.18202733481302857
315.0 0.1814753981307149
316.0 0.18092344980686903
317.0 0.17571666976436973
318.0 0.1705099013634026
319.0 0.15877129044383764
320.0 0.14703265624120831
321.0 0.13587360735982656
322.0 0.12471454683691263
323.0 0.11102182324975729
324.0 0.09732910548336804
325.0 0.08672113181091845
326.0 0.07611315231770277
327.0 0.07069833809509873
328.0 0.0652835238724947
329.0 0.05942417774349451
330.0 0.053564837435260415
331.0 0.05063100252300501
332.0 0.04769716470036656
333.0 0.0457477435702458
334.0 0.043798319529742
335.0 0.0418196024838835
336.0 0.03984088252764195
337.0 0.039939809357747436
338.0 0.040038739098235965
339.0 0.03939562011510134
340.0 0.038752498221583664
341.0 0.03716899373102933
342.0 0.035585492150858045
343.0 0.031921674963086843
344.0 0.028257857775315642
345.0 0.025223064585588872
346.0 0.022188268485479057
347.0 0.02053178905043751
348.0 0.01887530816020444
349.0 0.017129062325693667
350.0 0.7660953793674707
351.0 0.786957424134016
352.0 0.5429753568023443
353.0 0.6531307008117437
354.0 0.7102780044078827
355.0 0.9038003161549568
356.0 0.5907264538109303
357.0 0.889574084430933
358.0 0.5055073648691177
359.0 0.8302063681185246
360.0 0.5036497488617897
361.0 0.7196799386292696
362.0 0.5695586558431387
363.0 0.6408638320863247
364.0 0.42861560359597206
365.0 0.7469375617802143
366.0 0.5376291926950216
367.0 0.6102147046476603
368.0 0.42079705744981766
369.0 0.5846580024808645
370.0 0.4466554615646601
371.0 0.5041168071329594
372.0 0.3560015233233571
373.0 0.6416160147637129
374.0 0.4210954997688532
375.0 0.5349322687834501
376.0 0.31857334543019533
377.0 0.5499203689396381
378.0 0.3650740720331669
379.0 0.42100362479686737
380.0 0.39780945517122746
381.0 0.5202595144510269
382.0 0.5085754673928022
383.0 0.59771160595119
384.0 0.532318651676178
385.0 0.5217904690653086
386.0 0.6417781114578247
387.0 0.805930607020855
388.0 0.9796612896025181
389.0 1.3918457552790642
390.0 1.997203379869461
391.0 3.081725724041462
392.0 4.800232499837875
393.0 7.73862898349762
394.0 11.590895801782608
395.0 16.726361215114594
396.0 23.07336926460266
397.0 30.938339233398438
398.0 39.89553451538086
399.0 49.49944615364075
400.0 58.92302393913269
401.0 67.61766076087952
402.0 75.34101605415344
403.0 81.59191012382507
404.0 86.0205590724945
405.0 89.24645781517029
406.0 91.01572632789612
407.0 92.37948656082153
408.0 93.18070411682129
409.0 93.49844455718994
410.0 93.51027607917786
411.0 93.3396577835083
412.0 92.95318126678467
413.0 92.7896797657013
414.0 92.67967343330383
415.0 92.9095447063446
416.0 93.34936141967773
417.0 93.66735816001892
418.0 94.20962333679199
419.0 94.72784996032715
420.0 95.20613551139832
421.0 95.73492407798767
422.0 95.84947228431702
423.0 95.9528923034668
424.0 95.75457572937012
425.0 95.69427967071533
426.0 95.5880880355835
427.0 95.62965035438538
428.0 95.43025493621826
429.0 95.33387422561646
430.0 95.22936344146729
431.0 95.3642189502716
432.0 95.43919563293457
433.0 95.49879431724548
434.0 95.54966688156128
435.0 95.62251567840576
436.0 95.68641185760498
437.0 95.64045071601868
438.0 95.76336741447449
439.0 95.86693048477173
440.0 95.87537050247192
441.0 96.00078463554382
442.0 95.9464967250824
443.0 95.84988355636597
444.0 95.71692943572998
445.0 95.44495940208435
446.0 95.37211060523987
447.0 95.18768191337585
448.0 95.3152596950531
449.0 95.53390741348267
450.0 95.82234025001526
451.0 95.99979519844055
452.0 96.21614813804626
453.0 96.23892307281494
454.0 96.37607932090759
455.0 96.5970516204834
456.0 96.72285318374634
457.0 96.86302542686462
458.0 96.8792736530304
459.0 96.80643081665039
460.0 96.8949556350708
461.0 96.93173170089722
462.0 96.84205651283264
463.0 96.72864079475403
464.0 96.8870759010315
465.0 96.76845669746399
466.0 96.77539467811584
467.0 96.73999547958374
468.0 96.80900573730469
469.0 96.8027412891388
470.0 96.65565490722656
471.0 96.50827050209045
472.0 96.59444093704224
473.0 96.46032452583313
474.0 96.35319709777832
475.0 96.44622802734375
476.0 96.49555683135986
477.0 96.5950608253479
478.0 96.69046998023987
479.0 96.70916199684143
480.0 96.89608216285706
481.0 96.93293571472168
482.0 97.16227650642395
483.0 97.0570981502533
484.0 97.28274345397949
485.0 97.24174737930298
486.0 97.28796482086182
487.0 97.32899069786072
488.0 97.30461239814758
489.0 97.41526246070862
490.0 97.3925530910492
491.0 97.48972058296204
492.0 97.38762974739075
493.0 97.43650555610657
494.0 97.40850925445557
495.0 97.44391441345215
496.0 97.26691842079163
497.0 97.19285368919373
498.0 96.97129726409912
499.0 97.04669117927551
500.0 97.00784683227539
501.0 96.99121713638306
502.0 96.88056707382202
503.0 97.09612727165222
504.0 96.91111445426941
505.0 96.90031409263611
506.0 96.93808555603027
507.0 96.93156480789185
508.0 96.8600869178772
509.0 96.8779444694519
510.0 96.8045711517334
511.0 96.83473110198975
512.0 96.72138690948486
513.0 96.8448281288147
514.0 96.80460691452026
515.0 96.8358039855957
516.0 96.96161150932312
517.0 96.92615866661072
518.0 97.0032811164856
519.0 96.97535634040833
520.0 97.04391360282898
521.0 97.17308282852173
522.0 97.1486508846283
523.0 97.0844566822052
524.0 97.14276790618896
525.0 97.05551266670227
526.0 97.13467955589294
527.0 97.14852571487427
528.0 97.2111165523529
529.0 97.2954511642456
530.0 97.32422828674316
531.0 97.42948412895203
532.0 97.25473523139954
533.0 97.28008508682251
534.0 97.2072958946228
535.0 96.93381190299988
536.0 96.46128416061401
537.0 95.72727680206299
538.0 94.72139477729797
539.0 92.93769598007202
540.0 90.90750217437744
541.0 87.78876066207886
542.0 84.65370535850525
543.0 80.54826259613037
544.0 75.59251189231873
545.0 71.24897241592407
546.0 66.2572979927063
547.0 61.88201904296875
548.0 57.70740509033203
549.0 54.16979193687439
550.0 51.44716501235962
551.0 48.76636266708374
552.0 46.489328145980835
553.0 43.822070956230164
554.0 40.47621190547943
555.0 36.69270575046539
556.0 31.800249218940735
557.0 26.40811800956726
558.0 20.89582234621048
559.0 15.769095718860626
560.0 11.165035516023636
561.0 7.18488022685051
562.0 4.373364523053169
563.0 2.447984181344509
564.0 1.285767462104559
565.0 0.6074413657188416
566.0 0.336004002019763
567.0 0.18274204339832067
568.0 0.12668133713304996
569.0 0.0765233882702887
570.0 0.06586816161870956
571.0 0.046310824109241366
572.0 0.040329142939299345
573.0 0.02951947972178459
574.0 0.04190848267171532
575.0 0.03264941624365747
576.0 0.021244797972030938
577.0 0.024965248303487897
578.0 0.026071449974551797
579.0 0.019373973191250116
580.0 0.032361826742999256
581.0 0.018899021961260587
582.0 0.03273170441389084
583.0 0.01411566772731021
584.0 0.026671047089621425
585.0 0.01509695575805381
586.0 0.013530065189115703
587.0 0.007688623009016737
588.0 0.02172629174310714
589.0 0.012029776553390548
590.0 0.01918551279231906
591.0 0.009313582995673642
592.0 0.012801415869034827
593.0 0.013333196693565696
594.0 0.009281256643589586
595.0 0.011138524860143661
596.0 0.013804894115310162
597.0 0.010572678729658946
598.0 0.007374690903816372
599.0 0.0003080020405832329
600.0 0.004750279913423583
601.0 0.002280110857100226
602.0 0.0021534240659093484
603.0 0.002026737274718471
604.0 0.002038592538156081
605.0 0.0020504476196947508
606.0 0.002046829649771098
607.0 0.002043212043645326
608.0 0.002042057894868776
609.0 0.0020409037460922264
610.0 0.001886606878542807
611.0 0.0017323100109933876
612.0 0.0018545411876402795
613.0 0.0019767727280850522
614.0 0.0018948063370771706
615.0 0.0018128397641703486
616.0 0.0017668953660177067
617.0 0.0017209507859661244
618.0 0.0015471232472918928
619.0 0.0013732954357692506
620.0 0.0014369424206961412
621.0 0.0015005893146735616
622.0 0.00147696528074448
623.0 0.0014533414287143387
624.0 0.001443693236069521
625.0 0.0014340452253236435
626.0 0.0014161963918013498
627.0 0.0013983478311274666
628.0 0.001368708490190329
629.0 0.0013390692402026616
630.0 0.0014026531971467193
631.0 0.001466237154090777
632.0 0.0014293436834122986
633.0 0.0013924503946327604
634.0 0.0013141264389560092
635.0 0.0012358023923297878
636.0 0.0013138540452928282
637.0 0.001391905880154809
638.0 0.0012375819096632767
639.0 0.0010832580301212147
640.0 0.00123496220112429
641.0 0.0013866664630768355
642.0 0.001291579883400118
643.0 0.0011964936675212812
644.0 0.0011756394087569788
645.0 0.001154785422841087
646.0 0.0011893839655385818
647.0 0.0012239824172866065
648.0 0.0012112619515391998
649.0 0.0011985415767412633
650.0 0.0010896275853156112
651.0 0.0009807139576878399
652.0 0.0011191241355845705
653.0 0.001257534222531831
654.0 0.0011577724762901198
655.0 0.0010580106390989386
656.0 0.0010828983249666635
657.0 0.0011077860108343884
658.0 0.0010761617886601016
659.0 0.0010445375664858148
660.0 0.0010903170732490253
661.0 0.0011360964890627656
662.0 0.0011680819625325967
663.0 0.0012000677088508382
664.0 0.0011033927876269445
665.0 0.0010067177754535805
666.0 0.001018896364257671
667.0 0.0010310748621122912
668.0 0.001019241153699113
669.0 0.0010074072633869946
670.0 0.0010226832273474429
671.0 0.0010379592822573613
672.0 0.001051400431606453
673.0 0.001064841853803955
674.0 0.0010543394637352321
675.0 0.0010438370736665092
676.0 0.0010464833394507878
677.0 0.001049129423336126
678.0 0.0010502317309146747
679.0 0.0010513339475437533
680.0 0.001073033308784943
681.0 0.0010947328519250732
682.0 0.0010449657565914094
683.0 0.0009951991160050966
684.0 0.0009228863746102434
685.0 0.00085057354226592
686.0 0.0008472037734463811
687.0 0.000843833913677372
688.0 0.0009044932994584087
689.0 0.0009651524123910349
690.0 0.000997844290395733
691.0 0.0010305362593499012
692.0 0.001004835303319851
693.0 0.0009791344382392708
694.0 0.0009662799129728228
695.0 0.0009534252967569046
696.0 0.0010101336556544993
697.0 0.0010668419236026239
698.0 0.001025887377181789
699.0 0.000984932830760954
700.0 0.000980016829998931
701.0 0.0009751008292369079
702.0 0.001036428329825867
703.0 0.0010977560123137664
704.0 0.0010610709978209343
705.0 0.0010243861652270425
706.0 0.0010075130376208108
707.0 0.0009906397281156387
708.0 0.001045835051627364
709.0 0.0011010305570380297
710.0 0.0010707557521527633
711.0 0.0010404808563180268
712.0 0.0010547686542849988
713.0 0.0010690563613025006
714.0 0.0011563138286874164
715.0 0.0012435712960723322
716.0 0.0013384421436057892
717.0 0.0014333130820887163
718.0 0.001510305537522072
719.0 0.001587298174854368
720.0 0.0013325471627467778
721.0 0.0010777961506391875
722.0 0.0011734631698345765
723.0 0.0012691302799794357
724.0 0.0012796429473382886
725.0 0.0012901557056466118
726.0 0.0013306376786204055
727.0 0.0013711197425436694
728.0 0.001452371998311719
729.0 0.0015336243450292386
730.0 0.001631371196708642
731.0 0.001729117866489105
732.0 0.0016126985428854823
733.0 0.0014962789464334492
734.0 0.0015192629689408932
735.0 0.0015422472642967477
736.0 0.001400715518684592
737.0 0.001259183500224026
738.0 0.0011444629308243748
739.0 0.0010297423614247236
740.0 0.001109250388253713
741.0 0.0011887585969816428
742.0 0.0012556764886539895
743.0 0.0013225944712758064
744.0 0.0011772289326472674
745.0 0.0010318635759176686
746.0 0.0010340158951294143
747.0 0.00103616830529063
748.0 0.0009795709047466516
749.0 0.0009229735951521434
750.0 0.0008844167496135924
751.0 0.0008458599950245116
752.0 0.0008257647095888387
753.0 0.0008056694241531659
754.0 0.0007876454219513107
755.0 0.0007696214197494555
756.0 0.0007031755103525938
757.0 0.0006367296009557322
758.0 0.0006574483904842054
759.0 0.0006781673619116191
760.0 0.0006647313057328574
761.0 0.0006512952950288309
762.0 0.0006063242835807614
763.0 0.0005613531811832217
764.0 0.0004704077582573518
765.0 0.0003794623580688494
766.0 0.0004904910838376964
767.0 0.0006015198778186459
768.0 0.0005879546733922325
769.0 0.0005743894689658191
770.0 0.0006016941370035056
771.0 0.000628998759566457
772.0 0.0005734268142987275
773.0 0.0005178549145057332
774.0 0.0005895926733501256
775.0 0.0006613305686187232
776.0 0.0006530990958708571
777.0 0.0006448675321735209
778.0 0.0006128338554844959
779.0 0.0005808001333207358
780.0 0.0006276679869188229
781.0 0.00067453584051691
782.0 0.0006275612122408347
783.0 0.0005805865384900244
784.0 0.0005404753665061435
785.0 0.0005003642399969976
786.0 0.0005618413524643984
787.0 0.0006233186468307395
788.0 0.0005642547421302879
789.0 0.0005051907010056311
790.0 0.0003790751861743047
791.0 0.0002529596940803458
792.0 0.000256072371485061
793.0 0.00025918507162714377
794.0 0.0002672825758054387
795.0 0.0002753800799837336
796.0 0.00038176472116902005
797.0 0.0004881494533037767
798.0 0.0004204071046842728
799.0 0.0003526647560647689
800.0 0.0002975285269712913
801.0 0.0002423922978778137
802.0 0.0003405299821679364
803.0 0.000438667620983324
804.0 0.00046721329454157967
805.0 0.0004957589226251002
806.0 0.0003448243887760327
807.0 0.0001938898094522301
808.0 0.0003764944267459214
809.0 0.0005590990440396126
810.0 0.0004997471478418447
811.0 0.0004403952061693417
812.0 0.000362340074389067
813.0 0.00028428489713405725
814.0 0.00037063750824017916
815.0 0.00045699011934630107
816.0 0.0003318927156215068
817.0 0.0002067953573714476
818.0 0.000274138346867403
819.0 0.0003414813818380935
820.0 0.00032165351058210945
821.0 0.00030182573027559556
822.0 0.00042108608795388136
823.0 0.0005403464911069022
824.0 0.0003671352033052244
825.0 0.0001939239155035466
826.0 0.00028279255275265314
827.0 0.0003716611900017597
828.0 0.0003621908945206087
829.0 0.0003527205763020902
830.0 0.000361570596396632
831.0 0.0003704205937538063
832.0 0.00035323291740496643
833.0 0.00033604528653086163
834.0 0.00045925917220301926
835.0 0.000582473103349912
836.0 0.0004071971034136368
837.0 0.00023192103526525898
838.0 0.0003268256477895193
839.0 0.00042173023757641204
840.0 0.0003830145033134613
841.0 0.0003442987235757755
842.0 0.0003462188487901585
843.0 0.000348138951267174
844.0 0.00035109796954202466
845.0 0.0003540570105542429
846.0 0.0003399770776013611
847.0 0.0003258970991737442
848.0 0.0004162202912993962
849.0 0.0005065434379503131
850.0 0.00044905928007210605
851.0 0.0003915751676686341
852.0 0.00031457198019779753
853.0 0.00023756879272696096
854.0 0.00026097179670614423
855.0 0.00028437482342269504
856.0 0.0003399517936486518
857.0 0.000395528741137241
858.0 0.00044340745262161363
859.0 0.0004912860731565161
860.0 0.0004252975941199111
861.0 0.000359309069608571
862.0 0.0002470148501743097
863.0 0.0001347206534774159
864.0 0.0002363738531130366
865.0 0.0003380270527486573
866.0 0.00030965245514380513
867.0 0.00028127781206421787
868.0 0.00036271580938773695
869.0 0.0004441537839738885
870.0 0.00040982204154715873
871.0 0.00037549029912042897
872.0 0.0004049365088576451
873.0 0.0004343827185948612
874.0 0.0004771607109432807
875.0 0.0005199387487664353
876.0 0.0004352760242909426
877.0 0.0003506132543407148
878.0 0.0004479793460632209
879.0 0.0005453453468362568
880.0 0.0005145694558450487
881.0 0.00048379338295490015
882.0 0.0005770253665104974
883.0 0.0006702572591166245
884.0 0.0006235516138985986
885.0 0.0005768459686805727
886.0 0.0005108239292894723
887.0 0.0004448018898983719
888.0 0.0005591192802967271
889.0 0.0006734365797456121
890.0 0.0006435996056097792
891.0 0.0006137626314739464
892.0 0.0005635323759634048
893.0 0.0005133021204528632
894.0 0.0004998530584998662
895.0 0.0004864039510721341
896.0 0.0005337868515198352
897.0 0.0005811697064928012
898.0 0.0005050902473158203
899.0 0.0004290107881388394
900.0 0.00040892796278058086
901.0 0.0003888451374223223
902.0 0.0003718789685080992
903.0 0.00035491277685650857
904.0 0.0003010797627212014
905.0 0.00024724674858589424
906.0 0.000304576087728492
907.0 0.00036190538139635464
