lsstCam/transmission_filter_detector/r41_s10/g_6/19700101T000000.ecsv
# %ECSV 1.0
# ---
# datatype:
# - {name: wavelength, unit: nm, datatype: float32}
# - {name: efficiency, unit: '%', datatype: float64}
# meta: !!omap
# - {MODE: DETECTOR}
# - {TYPE: transmission_filter_detector}
# - {CALIBDATE: '1970-01-01T00:00:00'}
# - {INSTRUME: LSSTCam}
# - {OBSTYPE: transmission_filter_detector}
# - {CALIBCLS: lsst.ip.isr.IntermediateFilterDetectorTransmissionCurve}
# - {SOURCE: Materion (DM-46256)}
# - {DETECTOR: 165}
# - {FILTER: g_6}
# - {CALIB_ID: 'calibDate=1970-01-01T00:00:00 filter=g_6 detector=165'}
# - {DATE: '2025-04-02T15:59:42.790816'}
# - {CALIB_CREATION_DATE: '2025-04-02'}
# - {CALIB_CREATION_TIME: '15:59:42'}
# - __serialized_columns__:
#     efficiency:
#       __class__: astropy.units.quantity.Quantity
#       unit: !astropy.units.Unit {unit: '%'}
#       value: !astropy.table.SerializedColumn {name: efficiency}
#     wavelength:
#       __class__: astropy.units.quantity.Quantity
#       unit: !astropy.units.Unit {unit: nm}
#       value: !astropy.table.SerializedColumn {name: wavelength}
# schema: astropy-2.0
wavelength efficiency
[from data line 609]
909.0 0.00023668794710829388
910.0 0.0003065847522520926
911.0 0.00037648158013325883
912.0 0.00035796572319668485
913.0 0.0003394498889974784
914.0 0.00035413943351159105
915.0 0.0003688290235004388
916.0 0.00035604089134722017
917.0 0.000343252736456634
918.0 0.0003381895112397615
919.0 0.0003331262632855214
920.0 0.0003629900675150566
921.0 0.00039285387174459174
922.0 0.0003731427796083153
923.0 0.00035343166473467136
924.0 0.00030401054118556203
925.0 0.0002545894176364527
926.0 0.00038980979297775775
927.0 0.0005250301001069602
928.0 0.0005101637725601904
929.0 0.0004952973995386856
930.0 0.0004679626272263704
931.0 0.0004406278094393201
932.0 0.0004690235982707236
933.0 0.0004974192961526569
934.0 0.00048227570914605167
935.0 0.00046713203118997626
936.0 0.0004921613708575023
937.0 0.0005171907559997635
938.0 0.0006192465662024915
939.0 0.0007213023764052195
940.0 0.000628481166131678
941.0 0.0005356597739591962
942.0 0.0005000241799280047
943.0 0.0004643886313715484
944.0 0.0005867120762559352
945.0 0.0007090355211403221
946.0 0.0007702808943577111
947.0 0.0008315262675751001
948.0 0.0006692092938465066
949.0 0.0005068922746431781
950.0 0.0005878780939383432
951.0 0.0006688638677587733
952.0 0.000686146358930273
953.0 0.0007034288501017727
954.0 0.0007780905434628949
955.0 0.0008527525096724275
956.0 0.0007769052899675444
957.0 0.0007010583431110717
958.0 0.000732049738871865
959.0 0.000763041043683188
960.0 0.0006905538612045348
961.0 0.0006180666332511464
962.0 0.0006457623840105953
963.0 0.000673458043820574
964.0 0.0005499861345015233
965.0 0.00042651417970773764
966.0 0.0005008195785194403
967.0 0.0005751249773311429
968.0 0.0006482038770627696
969.0 0.0007212827313196613
970.0 0.0006858677807031199
971.0 0.0006504527391371084
972.0 0.0006675767963315593
973.0 0.0006847010354249505
974.0 0.0006997089712967863
975.0 0.0007147169071686221
976.0 0.000782488496042788
977.0 0.0008502600394422188
978.0 0.0009295578820456285
979.0 0.0010088555427500978
980.0 0.0009498101462668274
981.0 0.0008907650226319674
982.0 0.0010262914656777866
983.0 0.001161817999673076
984.0 0.0013024200598010793
985.0 0.0014430220289796125
986.0 0.001465018249291461
987.0 0.0014870146515022498
988.0 0.0014950734112062491
989.0 0.0015031319890113082
990.0 0.0016215421055676416
991.0 0.0017399521311745048
992.0 0.001756555684551131
993.0 0.0017731590560288168
994.0 0.001698585219855886
995.0 0.0016240112017840147
996.0 0.0015687552149756812
997.0 0.0015134992281673476
998.0 0.001525839888927294
999.0 0.001538180913485121
1000.0 0.0014666202332591638
1001.0 0.0013950600077805575
1002.0 0.0013326681255421136
1003.0 0.0012702763342531398
1004.0 0.001318439080932876
1005.0 0.0013666020095115528
1006.0 0.0013101611330057494
1007.0 0.001253720165550476
1008.0 0.0011973557775490917
1009.0 0.0011409912985982373
1010.0 0.001261385841644369
1011.0 0.0013817805665894412
1012.0 0.00130453909150674
1013.0 0.0012272974345250987
1014.0 0.0013161939023120794
1015.0 0.0014050906429474708
1016.0 0.0015945013728924096
1017.0 0.0017839121937868185
1018.0 0.001983426591323223
1019.0 0.0021829409888596274
1020.0 0.0022736865503247827
1021.0 0.0023644319298909977
1022.0 0.002635575037857052
1023.0 0.002906718145823106
1024.0 0.003052880128961988
1025.0 0.0031990417483029887
1026.0 0.0033549829822732136
1027.0 0.0035109242162434384
1028.0 0.003682434544316493
1029.0 0.0038539448723895475
1030.0 0.003950723112211563
1031.0 0.004047501352033578
1032.0 0.004235559026710689
1033.0 0.004423617065185681
1034.0 0.004576718129101209
1035.0 0.004729818829218857
1036.0 0.004880623237113468
1037.0 0.00503142764500808
1038.0 0.005013342160964385
1039.0 0.004995256313122809
1040.0 0.0051747261750278994
1041.0 0.0053541953093372285
1042.0 0.005554576273425482
1043.0 0.005754957601311617
1044.0 0.005962018622085452
1045.0 0.006169080006657168
1046.0 0.006383615982485935
1047.0 0.006598151958314702
1048.0 0.007021484634606168
1049.0 0.007444817310897633
1050.0 0.008232079562731087
1051.0 0.00901934108696878
1052.0 0.010506642138352618
1053.0 0.011993943917332217
1054.0 0.013893064169678837
1055.0 0.015792182239238173
1056.0 0.018922796880360693
1057.0 0.02205341006629169
1058.0 0.026374656590633094
1059.0 0.030695906025357544
1060.0 0.03698592772707343
1061.0 0.043275943608023226
1062.0 0.05111219943501055
1063.0 0.05894845235161483
1064.0 0.06799293332733214
1065.0 0.0770374434068799
1066.0 0.08625498740002513
1067.0 0.09547253139317036
1068.0 0.10470479028299451
1069.0 0.11393706081435084
1070.0 0.12293729232624173
1071.0 0.1319375354796648
1072.0 0.14201528392732143
1073.0 0.15209304401651025
1074.0 0.1620999537408352
1075.0 0.17210686346516013
1076.0 0.18216798780485988
1077.0 0.19222908886149526
1078.0 0.20138733088970184
1079.0 0.21054556127637625
1080.0 0.22063865326344967
1081.0 0.23073172196745872
1082.0 0.24106688797473907
1083.0 0.25140203069895506
1084.0 0.26571040507405996
1085.0 0.2800187561661005
1086.0 0.3023510565981269
1087.0 0.32468331046402454
1088.0 0.3608328988775611
1089.0 0.3969824407249689
1090.0 0.4376448690891266
1091.0 0.47830725088715553
1092.0 0.5350303370505571
1093.0 0.5917535163462162
1094.0 0.6813985295593739
1095.0 0.7710435893386602
1096.0 0.8553033694624901
1097.0 0.9395630098879337
1098.0 1.000550203025341
1099.0 1.0615373961627483
1100.0 1.153592485934496
1101.0 1.245647668838501
