lsstCam/transmission_filter_detector/r10_s10/g_6/19700101T000000.ecsv
# %ECSV 1.0
# ---
# datatype:
# - {name: wavelength, unit: nm, datatype: float32}
# - {name: efficiency, unit: '%', datatype: float64}
# meta: !!omap
# - {MODE: DETECTOR}
# - {TYPE: transmission_filter_detector}
# - {CALIBDATE: '1970-01-01T00:00:00'}
# - {INSTRUME: LSSTCam}
# - {OBSTYPE: transmission_filter_detector}
# - {CALIBCLS: lsst.ip.isr.IntermediateFilterDetectorTransmissionCurve}
# - {SOURCE: Materion (DM-46256)}
# - {DETECTOR: 30}
# - {FILTER: g_6}
# - {CALIB_ID: 'calibDate=1970-01-01T00:00:00 filter=g_6 detector=30'}
# - {DATE: '2025-04-02T15:59:42.166940'}
# - {CALIB_CREATION_DATE: '2025-04-02'}
# - {CALIB_CREATION_TIME: '15:59:42'}
# - __serialized_columns__:
#     efficiency:
#       __class__: astropy.units.quantity.Quantity
#       unit: !astropy.units.Unit {unit: '%'}
#       value: !astropy.table.SerializedColumn {name: efficiency}
#     wavelength:
#       __class__: astropy.units.quantity.Quantity
#       unit: !astropy.units.Unit {unit: nm}
#       value: !astropy.table.SerializedColumn {name: wavelength}
# schema: astropy-2.0
wavelength efficiency
[from data line 607]
907.0 0.0005227911969996057
908.0 0.00045851375034544617
909.0 0.00039423644011549186
910.0 0.0003289160304120742
911.0 0.0002635956661833916
912.0 0.0004196536792733241
913.0 0.0005757117833127268
914.0 0.0003152347971990821
915.0 5.4757867928856285e-05
916.0 0.00011877206134158769
917.0 0.000182786209279584
918.0 0.0002370058609812986
919.0 0.0002912254785769619
920.0 0.00035299465253046947
921.0 0.00041476382648397703
922.0 0.0005297955794958398
923.0 0.0006448272870329674
924.0 0.0005196762231207686
925.0 0.0003945250227843644
926.0 0.0005095017513667699
927.0 0.0006244785708986456
928.0 0.0005726607014366891
929.0 0.0005208428319747327
930.0 0.0005544891337194713
931.0 0.000588135480938945
932.0 0.0005679997229890432
933.0 0.0005478640105138766
934.0 0.0004783908934768988
935.0 0.0004089177309651859
936.0 0.00046107284106255975
937.0 0.0005132279056851985
938.0 0.0005600329131993931
939.0 0.0006068378297641175
940.0 0.0005617608621832915
941.0 0.0005166837581782602
942.0 0.0006827984179835767
943.0 0.0008489130777888931
944.0 0.0007522846772189951
945.0 0.0006556562311743619
946.0 0.0005329865871317452
947.0 0.00041031694308912847
948.0 0.0007864025064918678
949.0 0.0011624882063188124
950.0 0.0010011101039708592
951.0 0.000839732001622906
952.0 0.0008658364095026627
953.0 0.0008919407264329493
954.0 0.0007794641533109825
955.0 0.0006669876256637508
956.0 0.0005801045062980847
957.0 0.0004932211595587432
958.0 0.0006480741376435617
959.0 0.0008029272066778503
960.0 0.0006495001798612066
961.0 0.0004960730166203575
962.0 0.0005842842256242875
963.0 0.0006724953436787473
964.0 0.000707470326233306
965.0 0.0007424451268889243
966.0 0.0007899284355517011
967.0 0.0008374116987397429
968.0 0.0007847767847124487
969.0 0.0007321418706851546
970.0 0.0007030048436718062
971.0 0.0006738678621331928
972.0 0.0007795655619702302
973.0 0.0008852633072820026
974.0 0.0008249695383710787
975.0 0.0007646761332580354
976.0 0.0008018553671718109
977.0 0.000839034873933997
978.0 0.0008969715963758063
979.0 0.0009549082278681453
980.0 0.0010186762665398419
981.0 0.0010824442142620683
982.0 0.0010242652024317067
983.0 0.0009660861906013452
984.0 0.0009664402568887454
985.0 0.0009667946869740263
986.0 0.0011953522516705561
987.0 0.0014239097254176158
988.0 0.0014624381037720013
989.0 0.0015009661183285061
990.0 0.001578334740770515
991.0 0.0016557032722630538
992.0 0.0016335043255821802
993.0 0.0016113053789013065
994.0 0.001558880103402771
995.0 0.0015064547369547654
996.0 0.0013338905773707666
997.0 0.0011613264177867677
998.0 0.0013412355656328145
999.0 0.0015211448044283316
1000.0 0.001422218520019669
1001.0 0.0013232920537120663
1002.0 0.0012381222404656
1003.0 0.0011529526091180742
1004.0 0.001147606599261053
1005.0 0.0011422604075050913
1006.0 0.0013783195754513144
1007.0 0.0016143787433975376
1008.0 0.001640161826799158
1009.0 0.0016659456377965398
1010.0 0.0017294132703682408
1011.0 0.0017928812667378224
1012.0 0.001938280911417678
1013.0 0.0020836809198954143
1014.0 0.002067604145850055
1015.0 0.0020515277356025763
1016.0 0.002366933949815575
1017.0 0.0026823405278264545
1018.0 0.002918335849244613
1019.0 0.0031543313525617123
1020.0 0.0031356725230580196
1021.0 0.0031170140573522076
1022.0 0.003428658237680793
1023.0 0.0037403027818072587
1024.0 0.00391004177799914
1025.0 0.004079780774191022
1026.0 0.004166836879448965
1027.0 0.0042538929847069085
1028.0 0.004298851126804948
1029.0 0.0043438089051051065
1030.0 0.004535714106168598
1031.0 0.004727618943434209
1032.0 0.0051685728976735845
1033.0 0.00560952648811508
1034.0 0.005394686013460159
1035.0 0.00517984590260312
1036.0 0.005346877878764644
1037.0 0.005513909491128288
1038.0 0.005693684215657413
1039.0 0.005873459667782299
1040.0 0.006286508869379759
1041.0 0.006699556979583576
1042.0 0.0068448964157141745
1043.0 0.00699023439665325
1044.0 0.0071424758061766624
1045.0 0.007294715032912791
1046.0 0.008274687570519745
1047.0 0.0092546601081267
1048.0 0.010573185863904655
1049.0 0.011891708709299564
1050.0 0.01411423145327717
1051.0 0.016336748376488686
1052.0 0.01977047504624352
1053.0 0.023204207536764443
1054.0 0.027684465749189258
1055.0 0.03216472396161407
1056.0 0.03860213910229504
1057.0 0.04503954551182687
1058.0 0.052050885278731585
1059.0 0.059062213404104114
1060.0 0.06608520052395761
1061.0 0.07310815853998065
1062.0 0.08009874145500362
1063.0 0.08708930108696222
1064.0 0.09230528376065195
1065.0 0.09752125479280949
1066.0 0.10306464973837137
1067.0 0.10860804468393326
1068.0 0.11508286697790027
1069.0 0.12155772419646382
1070.0 0.13220226392149925
1071.0 0.14284681528806686
1072.0 0.15656426548957825
1073.0 0.17028170404955745
1074.0 0.18509033834561706
1075.0 0.19989903084933758
1076.0 0.2136568771675229
1077.0 0.22741470020264387
1078.0 0.24083273019641638
1079.0 0.25425071362406015
1080.0 0.2697498071938753
1081.0 0.28524890076369047
1082.0 0.30984811019152403
1083.0 0.3344473196193576
1084.0 0.3691593650728464
1085.0 0.40387148037552834
1086.0 0.4361020866781473
1087.0 0.468332739546895
1088.0 0.5275872070342302
1089.0 0.5868416279554367
1090.0 0.6596315652132034
1091.0 0.7324214559048414
1092.0 0.7614335510879755
1093.0 0.7904454134404659
1094.0 0.8269863203167915
1095.0 0.8635269477963448
1096.0 0.9095333516597748
1097.0 0.9555398486554623
1098.0 0.9826801717281342
1099.0 1.009820681065321
1100.0 1.1711223982274532
1101.0 1.3324236497282982
