lsstCam/transmission_filter_detector/r10_s10/g_6/19700101T000000.ecsv
# %ECSV 1.0
# ---
# datatype:
# - {name: wavelength, unit: nm, datatype: float32}
# - {name: efficiency, unit: '%', datatype: float64}
# meta: !!omap
# - {MODE: DETECTOR}
# - {TYPE: transmission_filter_detector}
# - {CALIBDATE: '1970-01-01T00:00:00'}
# - {INSTRUME: LSSTCam}
# - {OBSTYPE: transmission_filter_detector}
# - {CALIBCLS: lsst.ip.isr.IntermediateFilterDetectorTransmissionCurve}
# - {SOURCE: Materion (DM-46256)}
# - {DETECTOR: 30}
# - {FILTER: g_6}
# - {CALIB_ID: 'calibDate=1970-01-01T00:00:00 filter=g_6 detector=30'}
# - {DATE: '2025-04-02T15:59:42.166940'}
# - {CALIB_CREATION_DATE: '2025-04-02'}
# - {CALIB_CREATION_TIME: '15:59:42'}
# - __serialized_columns__:
#     efficiency:
#       __class__: astropy.units.quantity.Quantity
#       unit: !astropy.units.Unit {unit: '%'}
#       value: !astropy.table.SerializedColumn {name: efficiency}
#     wavelength:
#       __class__: astropy.units.quantity.Quantity
#       unit: !astropy.units.Unit {unit: nm}
#       value: !astropy.table.SerializedColumn {name: wavelength}
# schema: astropy-2.0
wavelength efficiency
300.0 0.5113753024488688
301.0 0.37283245474100113
302.0 0.23428956046700478
303.0 0.2109800698235631
304.0 0.18767056753858924
305.0 0.19701349083334208
306.0 0.20635640248656273
307.0 0.21385150030255318
308.0 0.22134657483547926
309.0 0.21848364267498255
310.0 0.21562075708061457
311.0 0.20681146997958422
312.0 0.1980022294446826
313.0 0.19697935786098242
314.0 0.19595646299421787
315.0 0.18775842618197203
316.0 0.17956042429432273
317.0 0.1781913684681058
318.0 0.17682233592495322
319.0 0.16022970667108893
320.0 0.1436370424926281
321.0 0.13867999659851193
322.0 0.1337229390628636
323.0 0.11397409252822399
324.0 0.09422530420124531
325.0 0.0865926151163876
326.0 0.078959931852296
327.0 0.07278392440639436
328.0 0.06660791113972664
329.0 0.06348927272483706
330.0 0.0603706284891814
331.0 0.056023639626801014
332.0 0.05167665076442063
333.0 0.04787813813891262
334.0 0.04407962551340461
335.0 0.04263647133484483
336.0 0.04119331715628505
337.0 0.04175232897978276
338.0 0.04231133789289743
339.0 0.040872496902011335
340.0 0.0394336530007422
341.0 0.03748883027583361
342.0 0.03554400464054197
343.0 0.03225803084205836
344.0 0.02897205704357475
345.0 0.02574338868726045
346.0 0.02251471596537158
347.0 0.02111985522788018
348.0 0.019724993035197258
349.0 0.018059834837913513
350.0 0.6565712857991457
351.0 1.0512780398130417
352.0 0.7424904964864254
353.0 0.9638859890401363
354.0 0.5401025526225567
355.0 0.6336879916489124
356.0 0.6546397693455219
357.0 0.9444893337786198
358.0 0.37580239586532116
359.0 0.9010436944663525
360.0 0.61769331805408
361.0 0.8403640240430832
362.0 0.44159358367323875
363.0 0.735425902530551
364.0 0.5026649683713913
365.0 0.6985628977417946
366.0 0.3727375064045191
367.0 0.6811254192143679
368.0 0.36172824911773205
369.0 0.5489795934408903
370.0 0.39930641651153564
371.0 0.5743667483329773
372.0 0.5149453412741423
373.0 0.6681826896965504
374.0 0.4096357151865959
375.0 0.44800383038818836
376.0 0.31167480628937483
377.0 0.5117191467434168
378.0 0.29612183570861816
379.0 0.43506333604454994
380.0 0.32061273232102394
381.0 0.4770022351294756
382.0 0.5665246397256851
383.0 0.5746964830905199
384.0 0.5718654952943325
385.0 0.573582062497735
386.0 0.6851797457784414
387.0 0.8030612953007221
388.0 1.0079423896968365
389.0 1.3974105939269066
390.0 2.0509231835603714
391.0 3.162235766649246
392.0 4.966329783201218
393.0 7.899173349142075
394.0 11.75086796283722
395.0 16.859270632267
396.0 23.244650661945343
397.0 31.185874342918396
398.0 40.16856551170349
399.0 49.85038340091705
400.0 59.243959188461304
401.0 68.12305450439453
402.0 75.80209970474243
403.0 82.01742172241211
404.0 86.41786575317383
405.0 89.50607180595398
406.0 91.18844866752625
407.0 92.49876141548157
408.0 93.17710399627686
409.0 93.4301495552063
410.0 93.50391626358032
411.0 93.33669543266296
412.0 92.94823408126831
413.0 92.71259307861328
414.0 92.56095886230469
415.0 92.78683662414551
416.0 93.26434135437012
417.0 93.66512894630432
418.0 94.17007565498352
419.0 94.71401572227478
420.0 95.27746438980103
421.0 95.67782282829285
422.0 95.80368995666504
423.0 95.91869115829468
424.0 95.73294520378113
425.0 95.64717411994934
426.0 95.61184644699097
427.0 95.58839201927185
428.0 95.40353417396545
429.0 95.27884125709534
430.0 95.21081447601318
431.0 95.30813694000244
432.0 95.33700942993164
433.0 95.41786313056946
434.0 95.51180005073547
435.0 95.59984803199768
436.0 95.57112455368042
437.0 95.61700224876404
438.0 95.70510387420654
439.0 95.80099582672119
440.0 95.82317471504211
441.0 95.97458839416504
442.0 95.91262340545654
443.0 95.83061933517456
444.0 95.70844769477844
445.0 95.42700052261353
446.0 95.29152512550354
447.0 95.14036178588867
448.0 95.25905251502991
449.0 95.51644921302795
450.0 95.76402306556702
451.0 95.96245288848877
452.0 96.1229920387268
453.0 96.25440835952759
454.0 96.29069566726685
455.0 96.59746885299683
456.0 96.69639468193054
457.0 96.86511754989624
458.0 96.83732390403748
459.0 96.80689573287964
460.0 96.83157205581665
461.0 96.87239527702332
462.0 96.8243420124054
463.0 96.71663641929626
464.0 96.84115648269653
465.0 96.74029350280762
466.0 96.70333862304688
467.0 96.68291807174683
468.0 96.75842523574829
469.0 96.77733182907104
470.0 96.62237167358398
471.0 96.51768803596497
472.0 96.53097987174988
473.0 96.45520448684692
474.0 96.38050198554993
475.0 96.41746878623962
476.0 96.45795822143555
477.0 96.54175043106079
478.0 96.68242335319519
479.0 96.65991067886353
480.0 96.83801531791687
481.0 96.95274829864502
482.0 97.09283709526062
483.0 97.00416922569275
484.0 97.21580147743225
485.0 97.24629521369934
486.0 97.26665019989014
487.0 97.3125696182251
488.0 97.28666543960571
489.0 97.4131166934967
490.0 97.36297726631165
491.0 97.41884469985962
492.0 97.35519289970398
493.0 97.38909602165222
494.0 97.35631942749023
495.0 97.41098284721375
496.0 97.23652005195618
497.0 97.17005491256714
498.0 96.91498875617981
499.0 96.98933362960815
500.0 96.95386290550232
501.0 96.97108864784241
502.0 96.891188621521
503.0 97.05587029457092
504.0 96.88823223114014
505.0 96.85297012329102
506.0 96.87857627868652
507.0 96.84001803398132
508.0 96.86703085899353
509.0 96.83958292007446
510.0 96.80672883987427
511.0 96.78032398223877
512.0 96.69070839881897
513.0 96.76320552825928
514.0 96.74020409584045
515.0 96.82739973068237
516.0 96.89473509788513
517.0 96.9189703464508
518.0 97.00063467025757
519.0 96.97758555412292
520.0 97.03946113586426
521.0 97.11087346076965
522.0 97.07434177398682
523.0 97.04381227493286
524.0 97.06899523735046
525.0 97.04411029815674
526.0 97.14070558547974
527.0 97.13148474693298
528.0 97.20320105552673
529.0 97.25476503372192
530.0 97.28543758392334
531.0 97.3843514919281
532.0 97.25213050842285
533.0 97.20125198364258
534.0 97.1281886100769
535.0 96.79707884788513
536.0 96.27253413200378
537.0 95.49482464790344
538.0 94.46364045143127
539.0 92.70573258399963
540.0 90.59356451034546
541.0 87.51232028007507
542.0 84.3667984008789
543.0 80.2415132522583
544.0 75.25981664657593
545.0 70.8819329738617
546.0 65.7789945602417
547.0 61.34757399559021
548.0 57.12600350379944
549.0 53.57779860496521
550.0 50.86387395858765
551.0 48.25883507728577
552.0 46.07051908969879
553.0 43.49348247051239
554.0 40.18079340457916
555.0 36.38277053833008
556.0 31.417319178581238
557.0 25.928980112075806
558.0 20.316845178604126
559.0 15.134862065315247
560.0 10.563275218009949
561.0 6.661126762628555
562.0 3.975706920027733
563.0 2.1704792976379395
564.0 1.1279219761490822
565.0 0.5306727718561888
566.0 0.28661913238465786
567.0 0.16312000807374716
568.0 0.1178654027171433
569.0 0.07221128325909376
570.0 0.061615288723260164
571.0 0.03848592168651521
572.0 0.03883899771608412
573.0 0.023471062013413757
574.0 0.03555487492121756
575.0 0.02742334909271449
576.0 0.028633620240725577
577.0 0.025828470825217664
578.0 0.020901617244817317
579.0 0.025464536156505346
580.0 0.02544255112297833
581.0 0.02130907232640311
582.0 0.030123433680273592
583.0 0.01723230816423893
584.0 0.026080856332555413
585.0 0.012153825082350522
586.0 0.02148275962099433
587.0 0.009175616287393495
588.0 0.016191683243960142
589.0 0.007202751294244081
590.0 0.011361527867848054
591.0 0.010399955499451607
592.0 0.012560591858346015
593.0 0.010243026190437376
594.0 0.018395586812403053
595.0 0.011168558557983488
596.0 0.012254464672878385
597.0 0.0074575276812538505
598.0 0.005595958646154031
599.0 0.012365108705125749
600.0 0.013178119843360037
601.0 0.0023154376322054304
602.0 0.002360233338549733
603.0 0.002405028499197215
604.0 0.002180878982471768
605.0 0.00195672910194844
606.0 0.001966401032404974
607.0 0.0019760727809625678
608.0 0.0017988611944019794
609.0 0.0016216494259424508
610.0 0.0017959442629944533
611.0 0.001970238554349635
612.0 0.0018486252884031273
613.0 0.0017270120224566199
614.0 0.0017723201381159015
615.0 0.0018176287994720042
616.0 0.001939587491506245
617.0 0.0020615460016415454
618.0 0.001895259993034415
619.0 0.001728973802528344
620.0 0.0017185368051286787
621.0 0.0017080998077290133
622.0 0.001550662454974372
623.0 0.00139322473842185
624.0 0.0014292322703113314
625.0 0.0014652398022008128
626.0 0.0013815078091283794
627.0 0.0012977760889043566
628.0 0.0014040038877283223
629.0 0.0015102319594006985
630.0 0.0013767915334028658
631.0 0.0012433508345566224
632.0 0.0013751914593740366
633.0 0.0015070318113430403
634.0 0.0014160546015773434
635.0 0.0013250772099127062
636.0 0.001325982520938851
637.0 0.0013268882867123466
638.0 0.0012297540706640575
639.0 0.0011326197636662982
640.0 0.0011486245966807473
641.0 0.001164629247796256
642.0 0.0013463965842674952
643.0 0.0015281641026376747
644.0 0.0014409833056561183
645.0 0.0013538021448766813
646.0 0.0013100415344524663
647.0 0.0012662810149777215
648.0 0.0011410925253585447
649.0 0.0010159038538404275
650.0 0.0012716165656456724
651.0 0.0015273288227035664
652.0 0.001213099039887311
653.0 0.0008988690751721151
654.0 0.001045105545927072
655.0 0.0011913421985809691
656.0 0.0012121621693950146
657.0 0.0012329821402090602
658.0 0.0010961849511659238
659.0 0.0009593883078196086
660.0 0.0008919855645217467
661.0 0.0008245830031228252
662.0 0.00099960743682459
663.0 0.0011746320524252951
664.0 0.0011933893802051898
665.0 0.0012121463441872038
666.0 0.0010881475645874161
667.0 0.0009641485121392179
668.0 0.0010833607120730449
669.0 0.0012025729120068718
670.0 0.0011837020792881958
671.0 0.0011648312465695199
672.0 0.0011662873475870583
673.0 0.0011677431757561862
674.0 0.0011361871656845324
675.0 0.0011046309737139381
676.0 0.0010455983101564925
677.0 0.000986565191851696
678.0 0.0010779833246488124
679.0 0.001169401548395399
680.0 0.0010439925063110422
681.0 0.0009185833732772153
682.0 0.0009848511581367347
683.0 0.0010511187610973138
684.0 0.0009358452189189848
685.0 0.0008205715857911855
686.0 0.0010094469871546607
687.0 0.0011983222975686658
688.0 0.0011386492587917019
689.0 0.001078976220014738
690.0 0.0009890227374853566
691.0 0.0008990693459054455
692.0 0.0009287723514717072
693.0 0.0009584755389369093
694.0 0.001042564235831378
695.0 0.0011266527508269064
696.0 0.001131523367803311
697.0 0.0011363936209818348
698.0 0.0012707669156952761
699.0 0.0014051401194592472
700.0 0.0011694778550008778
701.0 0.0009338153176940978
702.0 0.0010555898370512296
703.0 0.0011773640835599508
704.0 0.0011556399840628728
705.0 0.0011339155207679141
706.0 0.001087175860448042
707.0 0.00104043629107764
708.0 0.0010028543329099193
709.0 0.0009652725566411391
710.0 0.0011019098565157037
711.0 0.001238547520188149
712.0 0.0011880166312039364
713.0 0.0011374859241186641
714.0 0.0011694382010318805
715.0 0.0012013907507935073
716.0 0.0014223486687114928
717.0 0.0016433070413768291
718.0 0.0018767937945085578
719.0 0.002110280365741346
720.0 0.0017230675439350307
721.0 0.0013358546311792452
722.0 0.0014811290384386666
723.0 0.0016264037185464986
724.0 0.001610004619578831
725.0 0.0015936057025101036
726.0 0.001697218613117002
727.0 0.0018008311599260196
728.0 0.001873070141300559
729.0 0.0019453091226750985
730.0 0.0019403649275773205
731.0 0.0019354207324795425
732.0 0.0018612772691994905
733.0 0.0017871338059194386
734.0 0.0015476403859793209
735.0 0.0013081471479381435
736.0 0.001151934247900499
737.0 0.0009957212569133844
738.0 0.0010451592061144765
739.0 0.0010945972462650388
740.0 0.0009733849765325431
741.0 0.000852172524901107
742.0 0.0008301570233015809
743.0 0.0008081414307525847
744.0 0.0009626234714232851
745.0 0.0011171056939929258
746.0 0.0010502330951567274
747.0 0.000983360496320529
748.0 0.0010952651791740209
749.0 0.001207169952976983
750.0 0.0010150451998924837
751.0 0.000822920810605865
752.0 0.0007276099040609552
753.0 0.0006322990884655155
754.0 0.0007759846084809396
755.0 0.0009196701284963638
756.0 0.0008633004654257093
757.0 0.0008069306204561144
758.0 0.0008007790711417329
759.0 0.0007946277037262917
760.0 0.0006410012247215491
761.0 0.0004873746547673363
762.0 0.0005405549927672837
763.0 0.0005937351943430258
764.0 0.0007128628567443229
765.0 0.0008319906555698253
766.0 0.0007406483746308368
767.0 0.0006493061846413184
768.0 0.0005844528004672611
769.0 0.0005195994617679389
770.0 0.00040705149331188295
771.0 0.00029450357033056207
772.0 0.0004993974926037481
773.0 0.0007042915513011394
774.0 0.0008005184099602047
775.0 0.0008967453140940052
776.0 0.00084729044829146
777.0 0.0007978354915394448
778.0 0.0007330975222430425
779.0 0.0006683596893708454
780.0 0.0006389253485394875
781.0 0.0006094909622333944
782.0 0.0005612700988422148
783.0 0.0005130490535520948
784.0 0.0006518019745271886
785.0 0.0007905548955022823
786.0 0.0007528310561610851
787.0 0.0007151075806177687
788.0 0.00044445350795285776
789.0 0.00017379958308083587
790.0 0.00019733067802008009
791.0 0.00022086173885327298
792.0 0.00026130458081752295
793.0 0.0003017474227817729
794.0 0.00025566585009073606
795.0 0.0002095842773996992
796.0 0.00038271482480922714
797.0 0.0005558453722187551
798.0 0.0005104247975395992
799.0 0.0004650042228604434
800.0 0.0004859043201577151
801.0 0.0005068045538791921
802.0 0.0004301512490201276
803.0 0.0003534980578479008
804.0 0.00025389372240169905
805.0 0.00015428948927365127
806.0 0.00027366236281523015
807.0 0.00039303522498812526
808.0 0.0004472792170417961
809.0 0.0005015232090954669
810.0 0.0003325038505863631
811.0 0.00016348441249647294
812.0 0.00023613276880496414
813.0 0.0003087811364821391
814.0 0.0003283200612713699
815.0 0.00034785900879796827
816.0 0.00047571033974236343
817.0 0.000603561602474656
818.0 0.0004971374892193126
819.0 0.00039071337596396916
820.0 0.0004653235464502359
821.0 0.0005399335805122973
822.0 0.00041316357055620756
823.0 0.0002863935606001178
824.0 0.0003658439482023823
825.0 0.00044529429032991175
826.0 0.0005722366040572524
827.0 0.000699178872309858
828.0 0.0005826025244459743
829.0 0.0004660260856326204
830.0 0.0004325831469031982
831.0 0.00039914020817377605
832.0 0.0005467623850563541
833.0 0.000694384470989462
834.0 0.0006045476311555831
835.0 0.0005147108367964393
836.0 0.0005313888323144056
837.0 0.000548066873307107
838.0 0.00044567841541720554
839.0 0.0003432900257394067
840.0 0.00047150870159384795
841.0 0.0005997272637614515
842.0 0.0003478682174318237
843.0 9.60090801527258e-05
844.0 0.0001212819256579678
845.0 0.0001465547711632098
846.0 0.0004062363132106839
847.0 0.0006659179689449957
848.0 0.0006168813342810608
849.0 0.0005678447450918611
850.0 0.0005448835963761667
851.0 0.0005219224476604722
852.0 0.000570381962461397
853.0 0.0006188411134644412
854.0 0.0005972273811494233
855.0 0.0005756134669354651
856.0 0.0005548804892896442
857.0 0.0005341475571185583
858.0 0.0005854776190972188
859.0 0.0006368076810758794
860.0 0.0005686402346327668
861.0 0.0005004726972401841
862.0 0.0005281561243464239
863.0 0.0005558395514526637
864.0 0.0004760796855407534
865.0 0.0003963198651035782
866.0 0.00040725217331782915
867.0 0.0004181845724815503
868.0 0.0005656479515891988
869.0 0.0007131113306968473
870.0 0.000618383455730509
871.0 0.0005236554443399655
872.0 0.0004037240159959765
873.0 0.00028379251943988493
874.0 0.00035898374335374683
875.0 0.0004341749445302412
876.0 0.0005786089332104893
877.0 0.0007230428764160024
878.0 0.0006831295650044922
879.0 0.000643216253592982
880.0 0.0005662098374159541
881.0 0.0004892036940873368
882.0 0.000445481146016391
883.0 0.00040175882531912066
884.0 0.00047041639845701866
885.0 0.0005390741080191219
886.0 0.0006759061761840712
887.0 0.0008127383807732258
888.0 0.0006371518793457653
889.0 0.00046156542339303996
890.0 0.0005362832780519966
891.0 0.0006110012691351585
892.0 0.0005453144694911316
893.0 0.00047962780627130996
894.0 0.00048364636313635856
895.0 0.00048766496547614224
896.0 0.0002883003162423847
897.0 8.89356670086272e-05
898.0 0.00021079356429254403
899.0 0.00033265146157646086
900.0 0.0002943239451269619
901.0 0.0002559963832027279
902.0 0.00045580432015412953
903.0 0.0006556122571055312
904.0 0.00034910347039840417
905.0 4.2594604110490764e-05
