lsstCam/transmission_filter_detector/r22_s10/y_10/19700101T000000.ecsv
# %ECSV 1.0
# ---
# datatype:
# - {name: wavelength, unit: nm, datatype: float32}
# - {name: efficiency, unit: '%', datatype: float64}
# meta: !!omap
# - {MODE: DETECTOR}
# - {TYPE: transmission_filter_detector}
# - {CALIBDATE: '1970-01-01T00:00:00'}
# - {INSTRUME: LSSTCam}
# - {OBSTYPE: transmission_filter_detector}
# - {CALIBCLS: lsst.ip.isr.IntermediateFilterDetectorTransmissionCurve}
# - {SOURCE: Materion (DM-46256)}
# - {DETECTOR: 93}
# - {FILTER: y_10}
# - {CALIB_ID: 'calibDate=1970-01-01T00:00:00 filter=y_10 detector=93'}
# - {DATE: '2025-04-02T15:59:51.174087'}
# - {CALIB_CREATION_DATE: '2025-04-02'}
# - {CALIB_CREATION_TIME: '15:59:51'}
# - __serialized_columns__:
#     efficiency:
#       __class__: astropy.units.quantity.Quantity
#       unit: !astropy.units.Unit {unit: '%'}
#       value: !astropy.table.SerializedColumn {name: efficiency}
#     wavelength:
#       __class__: astropy.units.quantity.Quantity
#       unit: !astropy.units.Unit {unit: nm}
#       value: !astropy.table.SerializedColumn {name: wavelength}
# schema: astropy-2.0
wavelength efficiency
[from data line 577]
877.0 0.0019416356735746376
878.0 0.0013262229003885295
879.0 0.0016995403711916879
880.0 0.05489687900990248
881.0 0.10147831635549664
882.0 0.05627861246466637
883.0 0.10225207079201937
884.0 0.041757512371987104
885.0 0.10310444049537182
886.0 0.06050739320926368
887.0 0.11120757553726435
888.0 0.03728372685145587
889.0 0.11090710759162903
890.0 0.045578909339383245
891.0 0.10963462991639972
892.0 0.04810119571629912
893.0 0.1109431148506701
894.0 0.06852729129604995
895.0 0.1100322580896318
896.0 0.06417470285668969
897.0 0.12818161631003022
898.0 0.08410981972701848
899.0 0.15180240152403712
900.0 0.10060606291517615
901.0 0.16336870612576604
902.0 0.1918681664392352
903.0 0.2057837089523673
904.0 0.2682838588953018
905.0 0.3111411817371845
906.0 0.3804171457886696
907.0 0.5017309915274382
908.0 0.6925949361175299
909.0 0.953191239386797
910.0 1.3792752288281918
911.0 1.9535267725586891
912.0 2.862006612122059
913.0 4.169737920165062
914.0 5.66570982336998
915.0 7.765643298625946
916.0 10.248308628797531
917.0 12.861040234565735
918.0 15.76387882232666
919.0 18.460950255393982
920.0 22.17547595500946
921.0 26.115217804908752
922.0 30.136683583259583
923.0 34.8979651927948
924.0 40.04931151866913
925.0 45.63135206699371
926.0 52.20603346824646
927.0 59.14195775985718
928.0 65.08603692054749
929.0 71.35688662528992
930.0 76.75420641899109
931.0 81.92775845527649
932.0 86.49120926856995
933.0 90.26108980178833
934.0 92.88844466209412
935.0 94.64662075042725
936.0 95.95436453819275
937.0 96.8309223651886
938.0 97.35512137413025
939.0 97.58230447769165
940.0 97.78323769569397
941.0 97.89167046546936
942.0 98.02275896072388
943.0 98.07389378547668
944.0 98.30138087272644
945.0 98.23101758956909
946.0 98.249751329422
947.0 98.2283353805542
948.0 98.36654663085938
949.0 98.28081727027893
950.0 98.43255281448364
951.0 98.49157333374023
952.0 98.54825139045715
953.0 98.70780110359192
954.0 98.7877607345581
955.0 98.81020784378052
956.0 99.00964498519897
957.0 99.12695288658142
958.0 99.24966096878052
959.0 99.23473596572876
960.0 99.32639002799988
961.0 99.38237071037292
962.0 99.40721392631531
963.0 99.44282174110413
964.0 99.45484399795532
965.0 99.46756958961487
966.0 99.54023361206055
967.0 99.616539478302
968.0 99.56645965576172
969.0 99.5973527431488
970.0 99.63038563728333
971.0 99.69071745872498
972.0 99.70237612724304
973.0 99.80047345161438
974.0 99.74472522735596
975.0 99.71451163291931
976.0 99.76625442504883
977.0 99.72702860832214
978.0 99.8056411743164
979.0 99.69334006309509
980.0 99.64784383773804
981.0 99.5684564113617
982.0 99.51870441436768
983.0 99.54150915145874
984.0 99.47776794433594
985.0 99.53097105026245
986.0 99.42499995231628
987.0 99.46739077568054
988.0 99.43148493766785
989.0 99.43371415138245
990.0 99.40052032470703
991.0 99.45568442344666
992.0 99.51667189598083
993.0 99.47708249092102
994.0 99.47039484977722
995.0 99.53463673591614
996.0 99.51860308647156
997.0 99.64376091957092
998.0 99.66952800750732
999.0 99.69573616981506
1000.0 99.72177743911743
1001.0 99.68331456184387
1002.0 99.75905418395996
1003.0 99.79616403579712
1004.0 99.84241127967834
1005.0 99.77222681045532
1006.0 99.86463189125061
1007.0 99.82770085334778
1008.0 99.80195760726929
1009.0 99.71979856491089
1010.0 99.79439973831177
1011.0 99.77505207061768
1012.0 99.72264170646667
1013.0 99.72128868103027
1014.0 99.6833860874176
1015.0 99.67048764228821
1016.0 99.63038563728333
1017.0 99.70169067382812
1018.0 99.71967339515686
1019.0 99.66512322425842
1020.0 99.75233674049377
1021.0 99.90261793136597
1022.0 99.7610092163086
1023.0 99.79283213615417
1024.0 99.79225993156433
1025.0 99.80127215385437
1026.0 99.84771013259888
1027.0 99.94646310806274
1028.0 99.8737096786499
1029.0 99.98254776000977
1030.0 100.01168251037598
1031.0 99.92011785507202
1032.0 99.99513030052185
1033.0 99.8871922492981
1034.0 99.932461977005
1035.0 100.00121593475342
1036.0 99.89404082298279
1037.0 99.87878203392029
1038.0 99.87505674362183
1039.0 99.75287318229675
1040.0 99.75061416625977
1041.0 99.8004138469696
1042.0 99.78924989700317
1043.0 99.74234700202942
1044.0 99.80652928352356
1045.0 99.56687092781067
1046.0 99.77685809135437
1047.0 99.70744252204895
1048.0 99.73171353340149
1049.0 99.65752363204956
1050.0 99.7501790523529
1051.0 99.68461990356445
1052.0 99.66833591461182
1053.0 99.51386451721191
1054.0 99.75593090057373
1055.0 99.86642003059387
1056.0 99.71198439598083
1057.0 99.8033881187439
1058.0 99.6337354183197
1059.0 99.68182444572449
1060.0 99.7506856918335
1061.0 99.62157011032104
1062.0 99.6425986289978
1063.0 99.5978832244873
1064.0 99.76383447647095
1065.0 99.61780309677124
1066.0 99.64986443519592
1067.0 99.82812404632568
1068.0 99.65917468070984
1069.0 99.42615032196045
1070.0 99.76927638053894
1071.0 99.55199956893921
1072.0 99.69680905342102
1073.0 99.76750016212463
1074.0 99.35863614082336
1075.0 99.51411485671997
1076.0 99.28813576698303
1077.0 99.57544803619385
1078.0 99.69156384468079
1079.0 99.49395060539246
1080.0 100.13917684555054
1081.0 99.41732287406921
1082.0 99.45563077926636
1083.0 99.33274984359741
1084.0 99.66635704040527
1085.0 99.63681101799011
1086.0 99.41486120223999
1087.0 99.38324689865112
1088.0 99.29322004318237
1089.0 99.26016926765442
1090.0 99.30863976478577
1091.0 99.3837058544159
1092.0 99.1362988948822
1093.0 99.07119274139404
1094.0 98.87473583221436
1095.0 98.96323084831238
1096.0 99.18298721313477
1097.0 98.7386405467987
1098.0 98.27893376350403
1099.0 99.17076826095581
1100.0 98.50399494171143
