lsstCam/transmission_filter_detector/r22_s10/y_10/19700101T000000.ecsv
# %ECSV 1.0
# ---
# datatype:
# - {name: wavelength, unit: nm, datatype: float32}
# - {name: efficiency, unit: '%', datatype: float64}
# meta: !!omap
# - {MODE: DETECTOR}
# - {TYPE: transmission_filter_detector}
# - {CALIBDATE: '1970-01-01T00:00:00'}
# - {INSTRUME: LSSTCam}
# - {OBSTYPE: transmission_filter_detector}
# - {CALIBCLS: lsst.ip.isr.IntermediateFilterDetectorTransmissionCurve}
# - {SOURCE: Materion (DM-46256)}
# - {DETECTOR: 93}
# - {FILTER: y_10}
# - {CALIB_ID: 'calibDate=1970-01-01T00:00:00 filter=y_10 detector=93'}
# - {DATE: '2025-04-02T15:59:51.174087'}
# - {CALIB_CREATION_DATE: '2025-04-02'}
# - {CALIB_CREATION_TIME: '15:59:51'}
# - __serialized_columns__:
#     efficiency:
#       __class__: astropy.units.quantity.Quantity
#       unit: !astropy.units.Unit {unit: '%'}
#       value: !astropy.table.SerializedColumn {name: efficiency}
#     wavelength:
#       __class__: astropy.units.quantity.Quantity
#       unit: !astropy.units.Unit {unit: nm}
#       value: !astropy.table.SerializedColumn {name: wavelength}
# schema: astropy-2.0
wavelength efficiency
300.0 0.2995196031406522
301.0 0.1637291512452066
302.0 0.027938681887462735
303.0 0.02781046787276864
304.0 0.027682259678840637
305.0 0.01905169920064509
306.0 0.010421136539662257
307.0 0.014193748938851058
308.0 0.0179663606104441
309.0 0.01428409741492942
310.0 0.01060183421941474
311.0 0.00780672489781864
312.0 0.005011613029637374
313.0 0.0044853972212877125
314.0 0.003959180321544409
315.0 0.004197053931420669
316.0 0.004434928632690571
317.0 0.004033670848002657
318.0 0.0036324105167295784
319.0 0.0022875552531331778
320.0 0.0009426993528904859
321.0 0.0028638240110012703
322.0 0.004784948760061525
323.0 0.004170872125541791
324.0 0.003556795491022058
325.0 0.001270760185434483
326.0 1.5867222900173283e-10
327.0 0.0003583370471460512
328.0 0.0017319493053946644
329.0 0.0026679455913836136
330.0 0.003603941877372563
331.0 0.0030583680199924856
332.0 0.0025127941626124084
333.0 0.002243907511001453
334.0 0.0019750204955926165
335.0 0.0024587547159171663
336.0 0.0029424891181406565
337.0 0.0026598743716022
338.0 0.0023772596250637434
339.0 0.0010821633622981608
340.0 1.5867222900173283e-10
341.0 1.5867222900173283e-10
342.0 1.5867222900173283e-10
343.0 0.0007132542123144958
344.0 0.0017384110833518207
345.0 0.0016413465345976874
346.0 0.0015442821677424945
347.0 0.001452674132451648
348.0 0.0013610658243123908
349.0 0.0013349690561881289
350.0 0.0013088721971143968
351.0 0.0017399213902535848
352.0 0.002170970219594892
353.0 0.0018749418813968077
354.0 0.0015789135431987233
355.0 0.001588154373166617
356.0 0.001597395385033451
357.0 0.001559681913931854
358.0 0.0015219684428302571
359.0 0.001327857535216026
360.0 0.001133746627601795
361.0 0.0011369552339601796
362.0 0.0011401635674701538
363.0 0.001079847879736917
364.0 0.0010195319191552699
365.0 0.0014403288332687225
366.0 0.0018611262930789962
367.0 0.002031474286923185
368.0 0.0022018220988684334
369.0 0.001831529152696021
370.0 0.0014612362974730786
371.0 0.0014808721061854158
372.0 0.0015005076420493424
373.0 0.002036511432379484
374.0 0.002572515222709626
375.0 0.003367451427038759
376.0 0.004162387267570011
377.0 0.004171228647464886
378.0 0.004180070391157642
379.0 0.003451444354141131
380.0 0.00272281831712462
381.0 0.0019317451005917974
382.0 0.0011406717021600343
383.0 0.001103264821722405
384.0 0.0010658573955879547
385.0 0.0007720679604972247
386.0 0.00047827838898228947
387.0 0.0005997916105116019
388.0 0.0007213049684651196
389.0 0.0006271161510085221
390.0 0.0005329273790266598
391.0 0.00048522651923121884
392.0 0.00043752561396104284
393.0 0.0006567845957761165
394.0 0.0008760436685406603
395.0 0.0007896767783677205
396.0 0.0007033098881947808
397.0 0.0008274239917227533
398.0 0.0009515379133517854
399.0 0.0011598396667977795
400.0 0.0013681414202437736
401.0 0.0015181195522018243
402.0 0.0016680978660588153
403.0 0.0017909596863319166
404.0 0.001913821506605018
405.0 0.0018826054656528868
406.0 0.0018513894247007556
407.0 0.0015574727513012476
408.0 0.0012635561688512098
409.0 0.001000198881229153
410.0 0.0007368413662334206
411.0 0.0004996246389055159
412.0 0.00026240786610287614
413.0 0.0003338222768434207
414.0 0.0004052364602102898
415.0 0.0009607691936253104
416.0 0.001516301927040331
417.0 0.0008197561328415759
418.0 0.00012321041822360712
419.0 1.5867222900173283e-10
420.0 1.5867222900173283e-10
421.0 0.00011425970569689525
422.0 0.0004991171863366617
423.0 0.0006460425083787413
424.0 0.0007929675120976754
425.0 8.072861419350374e-05
426.0 1.5867222900173283e-10
427.0 1.5867222900173283e-10
428.0 0.0002499213678675005
429.0 1.5867222900173283e-10
430.0 1.5867222900173283e-10
431.0 0.00010416498525955831
432.0 0.000782269944465952
433.0 0.0007334357178478967
434.0 0.0006846017186035169
435.0 0.0002888234575948445
436.0 1.5867222900173283e-10
437.0 0.000165862797985028
438.0 0.000438680444858619
439.0 0.00018829127839126159
440.0 1.5867222900173283e-10
441.0 1.5867222900173283e-10
442.0 1.5867222900173283e-10
443.0 1.5867222900173283e-10
444.0 1.5867222900173283e-10
445.0 1.5867222900173283e-10
446.0 0.00024918704184528906
447.0 0.000416601869801525
448.0 0.0005840167887072312
449.0 0.00043291665861033835
450.0 0.0002818164603013429
451.0 0.00018702821762417443
452.0 9.224011137121124e-05
453.0 1.5867222900173283e-10
454.0 1.5867222900173283e-10
455.0 1.5867222900173283e-10
456.0 1.5867222900173283e-10
457.0 1.5867222900173283e-10
458.0 1.5867222900173283e-10
459.0 1.5867222900173283e-10
460.0 1.5867222900173283e-10
461.0 0.0003410304543649545
462.0 0.0007304237442440353
463.0 0.0005236580363998655
464.0 0.0003168923740304308
465.0 0.00038539192246389575
466.0 0.0004538915163720958
467.0 0.0011158601409988478
468.0 0.001777828401827719
469.0 0.001786997563613113
470.0 0.001796166725398507
471.0 0.002024856257776264
472.0 0.0022535454263561405
473.0 0.00243343547481345
474.0 0.0026133253413718194
475.0 0.0028243413908057846
476.0 0.00303535744023975
477.0 0.0031185067200567573
478.0 0.003201655636075884
479.0 0.003791329072555527
480.0 0.004381002145237289
481.0 0.004546983473119326
482.0 0.004712965164799243
483.0 0.0043120773625560105
484.0 0.003911189560312778
485.0 0.0037560981581918895
486.0 0.0036010063922731206
487.0 0.003103095878032036
488.0 0.0026051857275888324
489.0 0.002450484680593945
490.0 0.002295783633599058
491.0 0.0019775663531618193
492.0 0.0016593490727245808
493.0 0.0015139352399273776
494.0 0.0013685215890291147
495.0 0.0014645995179307647
496.0 0.0015606772649334744
497.0 0.001849902946560178
498.0 0.002139128810085822
499.0 0.002416068673483096
500.0 0.0026930085368803702
501.0 0.002863238478312269
502.0 0.003033468601643108
503.0 0.0029759652534266934
504.0 0.0029184617233113386
505.0 0.0029224931495264173
506.0 0.002926524575741496
507.0 0.0022849475499242544
508.0 0.0016433701603091322
509.0 0.001892513500934001
510.0 0.0021416564777609892
511.0 0.0021900137653574347
512.0 0.0022383710529538803
513.0 0.0022041511329007335
514.0 0.0021699312128475867
515.0 0.0017416310583939776
516.0 0.0013133304491930176
517.0 0.0012747750588459894
518.0 0.001236219577549491
519.0 0.0013432952982839197
520.0 0.0014503710190183483
521.0 0.0017392758309142664
522.0 0.0020281800971133634
523.0 0.0020537336240522563
524.0 0.002079286969092209
525.0 0.0021865816961508244
526.0 0.002293876968906261
527.0 0.0023317348677664995
528.0 0.0023695929485256784
529.0 0.0024603546989965253
530.0 0.0025511166313663125
531.0 0.0023484291887143627
532.0 0.0021457415641634725
533.0 0.002125970240740571
534.0 0.0021061983716208488
535.0 0.0019019807950826362
536.0 0.0016977626728476025
537.0 0.002232308361271862
538.0 0.0027668540496961214
539.0 0.0033338455978082493
540.0 0.0039008373278193176
541.0 0.004162551704212092
542.0 0.004424266080604866
543.0 0.004725786129711196
544.0 0.0050273061788175255
545.0 0.004926959809381515
546.0 0.004826613076147623
547.0 0.004020458072773181
548.0 0.0032143027056008577
549.0 0.0028249476599739864
550.0 0.002435592432448175
551.0 0.002469691025908105
552.0 0.0025037892555701546
553.0 0.002973310802190099
554.0 0.003442831803113222
555.0 0.003696094427141361
556.0 0.0039493570511695
557.0 0.003921442112186924
558.0 0.0038935268094064668
559.0 0.0036123845347901806
560.0 0.0033312422601738945
561.0 0.003406478208489716
562.0 0.0034817141568055376
563.0 0.003433323945500888
564.0 0.003384934097994119
565.0 0.003905216362909414
566.0 0.004425498627824709
567.0 0.004688387707574293
568.0 0.004951276787323877
569.0 0.005560785211855546
570.0 0.006170293636387214
571.0 0.006262664101086557
572.0 0.0063550345657859
573.0 0.006260794179979712
574.0 0.006166553794173524
575.0 0.005972255166852847
576.0 0.00577795653953217
577.0 0.005492556374520063
578.0 0.0052071569371037185
579.0 0.005811540177091956
580.0 0.006415924144675955
581.0 0.007315414404729381
582.0 0.008214905392378569
583.0 0.009359579416923225
584.0 0.01050425271387212
585.0 0.01085879048332572
586.0 0.011213328980375081
587.0 0.010814667621161789
588.0 0.010416005534352735
589.0 0.010129131260327995
590.0 0.009842257713899016
591.0 0.009031687659444287
592.0 0.008221117604989558
593.0 0.006993540591793135
594.0 0.005765963578596711
595.0 0.005641077586915344
596.0 0.0055161919590318576
597.0 0.0061768252635374665
598.0 0.006837458204245195
599.0 0.008107554458547384
600.0 0.00937764925765805
601.0 0.010048638796433806
602.0 0.01071962688001804
603.0 0.011030938912881538
604.0 0.011342253856128082
605.0 0.010789500083774328
606.0 0.010236748494207859
607.0 0.008826387056615204
608.0 0.00741602634661831
609.0 0.005841091842739843
610.0 0.004266157702659257
611.0 0.0036779845686396584
612.0 0.0030898117984179407
613.0 0.003637103145592846
614.0 0.004184394492767751
615.0 0.005183001485420391
616.0 0.006181608478073031
617.0 0.0080658464867156
618.0 0.009950082312570885
619.0 0.010852459672605619
620.0 0.011754836305044591
621.0 0.011889017332578078
622.0 0.012023199087707326
623.0 0.01149302115663886
624.0 0.010962843225570396
625.0 0.009515747660771012
626.0 0.008068650640780106
627.0 0.00659352372167632
628.0 0.005118396074976772
629.0 0.004143612750340253
630.0 0.0031688290619058535
631.0 0.0028389333238010295
632.0 0.002509037767595146
633.0 0.002721334749367088
634.0 0.0029336319130379707
635.0 0.0032554547942709178
636.0 0.0035772769479081035
637.0 0.004215561057208106
638.0 0.004853845166508108
639.0 0.004916133912047371
640.0 0.0049784222937887534
641.0 0.005265652362140827
642.0 0.0055528824304929
643.0 0.0051091763452859595
644.0 0.004665470260079019
645.0 0.004423032805789262
646.0 0.004180595351499505
647.0 0.003369342812220566
648.0 0.0025580900910426863
649.0 0.002011844117077999
650.0 0.0014655980521638412
651.0 0.0015340656318585388
652.0 0.001602533484401647
653.0 0.0015772113329148851
654.0 0.001551888999529183
655.0 0.0016135016267071478
656.0 0.0016751142538851127
657.0 0.0016609697922831401
658.0 0.001646825512580108
659.0 0.0017857331840787083
660.0 0.0019246408555773087
661.0 0.0016670648619765416
662.0 0.0014094889593252447
663.0 0.002005993155762553
664.0 0.0026024976250482723
665.0 0.0032390220439992845
666.0 0.003875546099152416
667.0 0.004870161865255795
668.0 0.005864776903763413
669.0 0.006705345003865659
670.0 0.007545910193584859
671.0 0.007842694321880117
672.0 0.008139478450175375
673.0 0.008053711644606665
674.0 0.007967944111442193
675.0 0.007286480104085058
676.0 0.0066050160967279226
677.0 0.005311996574164368
678.0 0.004018975960207172
679.0 0.002602786844363436
680.0 0.0011865981832670514
681.0 0.0006314374331850559
682.0 7.627677973687241e-05
683.0 0.00032902887596719665
684.0 0.0005817809778818628
685.0 0.00039992282836465165
686.0 0.00021806465611007297
687.0 0.0002491218083378044
688.0 0.00028017898330290336
689.0 0.00029535676731029525
690.0 0.0003105345740550547
691.0 0.00035200118873035535
692.0 0.00039346791709249374
693.0 0.0002507053523004288
694.0 0.00010794281024573138
695.0 0.00031771205613040365
696.0 0.0005274812792777084
697.0 0.0003661591790660168
698.0 0.0002048370106422226
699.0 0.00022497845293401042
700.0 0.0002451197133268579
701.0 0.0002120025555996108
702.0 0.00017888540924104745
703.0 0.00026437430733494693
704.0 0.00034986319406016264
705.0 0.0004164578513154993
706.0 0.00048305237214663066
707.0 0.0002701455287024146
708.0 5.7238588624386466e-05
709.0 0.00016662772850395413
710.0 0.0002760168172244448
711.0 0.00042065762499987613
712.0 0.0005652984327753074
713.0 0.0003414482989683165
714.0 0.00011759815379264182
715.0 0.00010212968390987953
716.0 8.666117992106592e-05
717.0 6.015011422277894e-05
718.0 3.3639048524491955e-05
719.0 0.0001994514832404093
720.0 0.00036526382700685645
721.0 0.000532698732058634
722.0 0.0007001334779488388
723.0 0.0004996810275770258
724.0 0.00029922855446784524
725.0 0.00023188383693195647
726.0 0.00016453934676974313
727.0 0.00022621884454565588
728.0 0.00028789861516997917
729.0 0.0001480427158639941
730.0 8.187024747030591e-06
731.0 0.00037900781535427086
732.0 0.0007498287686757976
733.0 0.00034627687455213163
734.0 1.5867222900173283e-10
735.0 7.4911241654263e-05
736.0 0.0002070975597234792
737.0 0.0002579710326244822
738.0 0.00030884466468705796
739.0 0.00025284487037424697
740.0 0.00019684491689986316
741.0 0.00028331894554867176
742.0 0.0003697929969348479
743.0 0.00023506447632826166
744.0 0.00010033594435299165
745.0 0.0001355951212644868
746.0 0.00017085455965570873
747.0 0.00012922384939884068
748.0 8.759316187934019e-05
749.0 1.5867222900173283e-10
750.0 1.5867222900173283e-10
751.0 8.28573604394478e-05
752.0 0.0005492098807735601
753.0 0.0008033430276555009
754.0 0.0010574762200121768
755.0 0.00020895238321827492
756.0 1.5867222900173283e-10
757.0 1.5867222900173283e-10
758.0 1.5867222900173283e-10
759.0 0.0004275622359273257
760.0 0.0008738923497730866
761.0 0.0006170545475470135
762.0 0.0003602166998462053
763.0 0.00025478186671534786
764.0 0.00014934689716028515
765.0 0.00016916625327212387
766.0 0.00018898550706580863
767.0 1.5867222900173283e-10
768.0 1.5867222900173283e-10
769.0 1.5867222900173283e-10
770.0 0.00010957189715554705
771.0 5.340830853128864e-05
772.0 1.5867222900173283e-10
773.0 0.00043518521124497056
774.0 0.0008731257366889622
775.0 0.0006274286079133162
776.0 0.00038173138818820007
777.0 0.0002958445520562236
778.0 0.00020995776139898226
779.0 0.0005317113846103894
780.0 0.0008534650078217965
781.0 0.0007291536803677445
782.0 0.0006048421255400172
783.0 0.0005810830316477222
784.0 0.0005573239832301624
785.0 0.00047997641559049953
786.0 0.0004026287115266314
787.0 0.0004949633876094595
788.0 0.0005872979727428174
789.0 0.0005034056812291965
790.0 0.0004195134806650458
791.0 0.000480496828458854
792.0 0.0005414802217273973
793.0 0.0004960392288921867
794.0 0.00045059809963277075
795.0 0.0006346949248836609
796.0 0.0008187916137103457
797.0 0.0006224925982678542
798.0 0.00042619367377483286
799.0 0.000533586671735975
800.0 0.0006409795787476469
801.0 0.0003920614744856721
802.0 0.00014314339296106482
803.0 0.0005747938757849624
804.0 0.0010064443813462276
805.0 0.0010195798495260533
806.0 0.0010327150448574685
807.0 0.0008774502930464223
808.0 0.0007221854048111709
809.0 0.0005351201707526343
810.0 0.00034805484574462753
811.0 0.0007390354767267127
812.0 0.0011300159712845925
813.0 0.0011161984730279073
814.0 0.0011023811566701625
815.0 0.0009955829227692448
816.0 0.0008887844160199165
817.0 0.0009204389243677724
818.0 0.0009520935236650985
819.0 0.0009355686415801756
820.0 0.0009190436685457826
821.0 0.0007645008736290038
822.0 0.0006099579877627548
823.0 0.000497299288326758
824.0 0.0003846406798402313
825.0 0.0004823200470127631
826.0 0.0005799993687105598
827.0 0.0008030202479858417
828.0 0.0010260414455842692
829.0 0.0007199452738859691
830.0 0.0004138491931371391
831.0 0.00025252004434150876
832.0 9.119105470745126e-05
833.0 0.00031093488814804005
834.0 0.0005306786079017911
835.0 0.0001655233177189075
836.0 1.5867222900173283e-10
837.0 1.5867222900173283e-10
838.0 0.0001269322069674672
839.0 0.00043325139813532587
840.0 0.0007395706234092358
841.0 0.0008848016477713827
842.0 0.0010300327630829997
843.0 0.0008947273272497114
844.0 0.0007594217549922178
845.0 0.0007189917596406303
846.0 0.0006785618552385131
847.0 0.0008638647159386892
848.0 0.00104916744021466
849.0 0.0009032550224219449
850.0 0.0007573422863060841
851.0 0.0010933876183116809
852.0 0.0014294328138930723
853.0 0.0007694439773331396
854.0 0.00010945529993477976
855.0 0.00013903800208936445
856.0 0.0001686207269813167
857.0 0.0006114085408626124
858.0 0.001054196218319703
859.0 0.0008547519428248052
860.0 0.0006553075309057022
861.0 0.0011979801456618588
862.0 0.0017406528058927506
863.0 0.0018345288481214084
864.0 0.0019284045265521854
865.0 0.002059560392808635
866.0 0.002190716077166144
867.0 0.002613685319374781
868.0 0.003036654379684478
869.0 0.0029023487513768487
870.0 0.0027680431230692193
871.0 0.003101672336924821
872.0 0.003435301550780423
873.0 0.002938803118013311
874.0 0.00244230504904408
875.0 0.002499676702427678
