lsstCam/transmission_filter_detector/r23_s02/u_24/19700101T000000.ecsv
# %ECSV 1.0
# ---
# datatype:
# - {name: wavelength, unit: nm, datatype: float32}
# - {name: efficiency, unit: '%', datatype: float64}
# meta: !!omap
# - {MODE: DETECTOR}
# - {TYPE: transmission_filter_detector}
# - {CALIBDATE: '1970-01-01T00:00:00'}
# - {INSTRUME: LSSTCam}
# - {OBSTYPE: transmission_filter_detector}
# - {CALIBCLS: lsst.ip.isr.IntermediateFilterDetectorTransmissionCurve}
# - {SOURCE: Materion (DM-46256)}
# - {DETECTOR: 101}
# - {FILTER: u_24}
# - {CALIB_ID: 'calibDate=1970-01-01T00:00:00 filter=u_24 detector=101'}
# - {DATE: '2025-04-02T15:59:40.216513'}
# - {CALIB_CREATION_DATE: '2025-04-02'}
# - {CALIB_CREATION_TIME: '15:59:40'}
# - __serialized_columns__:
#     efficiency:
#       __class__: astropy.units.quantity.Quantity
#       unit: !astropy.units.Unit {unit: '%'}
#       value: !astropy.table.SerializedColumn {name: efficiency}
#     wavelength:
#       __class__: astropy.units.quantity.Quantity
#       unit: !astropy.units.Unit {unit: nm}
#       value: !astropy.table.SerializedColumn {name: wavelength}
# schema: astropy-2.0
wavelength efficiency
[from data line 582]
877.0 0.002537618092901539
878.0 0.0026364925361122005
879.0 0.002732548637141008
880.0 0.002828605101967696
881.0 0.0030103170502115972
882.0 0.0031920295441523194
883.0 0.0029244363759062253
884.0 0.0026568433895590715
885.0 0.002641070750541985
886.0 0.002625298293423839
887.0 0.0023852289814385585
888.0 0.0021451598513522185
889.0 0.0020841689547523856
890.0 0.0020231778762536123
891.0 0.0023367692847386934
892.0 0.002650360875122715
893.0 0.002581837907200679
894.0 0.002513314575480763
895.0 0.002693892383831553
896.0 0.002874470010283403
897.0 0.0034841235901694745
898.0 0.004093777533853427
899.0 0.004195139263174497
900.0 0.004296500992495567
901.0 0.0042964747990481555
902.0 0.004296448969398625
903.0 0.0045694527216255665
904.0 0.004842456110054627
905.0 0.004990992965758778
906.0 0.005139529093867168
907.0 0.005423294715001248
908.0 0.005707060336135328
909.0 0.005754615995101631
910.0 0.005802172017865814
911.0 0.005834773037349805
912.0 0.005867374784429558
913.0 0.005700391193386167
914.0 0.005533407602342777
915.0 0.004964020263287239
916.0 0.004394633288029581
917.0 0.004012884892290458
918.0 0.0036311372241470963
919.0 0.004087507841177285
920.0 0.004543878458207473
921.0 0.004637041638488881
922.0 0.004730204454972409
923.0 0.005475071520777419
924.0 0.006219937495188788
925.0 0.006555477739311755
926.0 0.006891018711030483
927.0 0.007458429172402248
928.0 0.008025837450986728
929.0 0.007818228914402425
930.0 0.007610619650222361
931.0 0.007362656469922513
932.0 0.00711469110683538
933.0 0.00698990115779452
934.0 0.00686511120875366
935.0 0.0069969020842108876
936.0 0.007128692959668115
937.0 0.00722813347238116
938.0 0.00732757689547725
939.0 0.007128710421966389
940.0 0.006929843948455527
941.0 0.00611491923336871
942.0 0.005299992699292488
943.0 0.004200424518785439
944.0 0.003100856702076271
945.0 0.0025715946321724914
946.0 0.0020423325622687116
947.0 0.001662591239437461
948.0 0.0012828500075556803
949.0 0.0011982388969045132
950.0 0.0011136278772028163
951.0 0.0013417507034318987
952.0 0.0015698733477620408
953.0 0.0016297068214043975
954.0 0.0016895404769456945
955.0 0.0021989118977217004
956.0 0.002708283318497706
957.0 0.0027792219043476507
958.0 0.0028501601263997145
959.0 0.003194560849806294
960.0 0.003538961391313933
961.0 0.0037979356420692056
962.0 0.004056909529026598
963.0 0.004379372330731712
964.0 0.004701834768638946
965.0 0.004688912667916156
966.0 0.004675990567193367
967.0 0.00472413121315185
968.0 0.0047722725867060944
969.0 0.004689900015364401
970.0 0.004607527080224827
971.0 0.0046723980631213635
972.0 0.004737268682220019
973.0 0.00466855926788412
974.0 0.00459984912595246
975.0 0.00429838037234731
976.0 0.00399691125494428
977.0 0.0036811077734455466
978.0 0.0033653042919468135
979.0 0.0031362578738480806
980.0 0.0029072112738504075
981.0 0.0029049229851807468
982.0 0.0029026345146121457
983.0 0.002855107049981598
984.0 0.0028075794034521095
985.0 0.0032935538911260664
986.0 0.0037795289244968444
987.0 0.0040683280531084165
988.0 0.004357127545517869
989.0 0.0053205585572868586
990.0 0.006283989205257967
991.0 0.006353307981044054
992.0 0.006422625301638618
993.0 0.006834646046627313
994.0 0.007246666064020246
995.0 0.006894668331369758
996.0 0.006542667688336223
997.0 0.006464599573519081
998.0 0.006386533641489223
999.0 0.006432695954572409
1000.0 0.006478858267655596
1001.0 0.005953444997430779
1002.0 0.00542803063581232
1003.0 0.005169750875211321
1004.0 0.0049114714784082025
1005.0 0.004989187073078938
1006.0 0.005066901940153912
1007.0 0.004991906098439358
1008.0 0.00491690807393752
1009.0 0.0044870608689961955
1010.0 0.004057213664054871
1011.0 0.003834276139969006
1012.0 0.0036113386158831418
1013.0 0.0030673436413053423
1014.0 0.0025233490305254236
1015.0 0.0021745689082308672
1016.0 0.0018257887859363109
1017.0 0.0015930827430565841
1018.0 0.001360376518277917
1019.0 0.0012086072274541948
1020.0 0.0010568378456810024
1021.0 0.0010497287803445943
1022.0 0.0010426198969071265
1023.0 0.001065931428456679
1024.0 0.0010892430509557016
1025.0 0.0013776928426523227
1026.0 0.0016661429981468245
1027.0 0.001419642194377957
1028.0 0.0011731411177606788
1029.0 0.0011826082300103735
1030.0 0.0011920753422600683
1031.0 0.0016822255929582752
1032.0 0.0021723761165048927
1033.0 0.0020236140699125826
1034.0 0.0018748518414213322
1035.0 0.002145404323528055
1036.0 0.0024159564418368973
1037.0 0.002421858334855642
1038.0 0.0024277604097733274
1039.0 0.0021921297957305796
1040.0 0.001956499727384653
1041.0 0.0018174549040850252
1042.0 0.0016784102626843378
1043.0 0.001632005842111539
1044.0 0.0015856016034376808
1045.0 0.0014257864677347243
1046.0 0.001265971422981238
1047.0 0.0013377128198044375
1048.0 0.001409454307577107
1049.0 0.0013296569704834837
1050.0 0.0012498591786425095
1051.0 0.0014865573575661983
1052.0 0.0017232556274393573
1053.0 0.0013295589269546326
1054.0 0.0009358620445709676
1055.0 0.0007809026101313066
1056.0 0.000625943357590586
1057.0 0.000982176516117761
1058.0 0.0013384098565438762
1059.0 0.0006665966793661937
1060.0 1.6080531003992427e-10
1061.0 0.0008728435204830021
1062.0 0.0017509031749796122
1063.0 0.0016998355931718834
1064.0 0.0016487676475662738
1065.0 0.0014306841876532417
1066.0 0.00121260090963915
1067.0 0.0007478825864382088
1068.0 0.0002831637857525493
1069.0 0.0015016403267509304
1070.0 0.0027201165721635334
1071.0 0.0021431011191452853
1072.0 0.0015660856661270373
1073.0 0.001756735218805261
1074.0 0.001947384953382425
1075.0 0.0029488677682820708
1076.0 0.0039503505831817165
1077.0 0.004361726314527914
1078.0 0.004773102409671992
1079.0 0.005093731670058332
1080.0 0.005414358020061627
1081.0 0.0041205581510439515
1082.0 0.0028267575544305146
1083.0 0.0026586409148876555
1084.0 0.0024905242753447965
1085.0 0.003223789462936111
1086.0 0.003957054286729544
1087.0 0.0038839276385260746
1088.0 0.003810800626524724
1089.0 0.0048658486775821075
1090.0 0.005920896728639491
1091.0 0.004376397191663273
1092.0 0.002831897472788114
1093.0 0.002686121479200665
1094.0 0.002540345667512156
1095.0 0.0024605513317510486
1096.0 0.002380757541686762
1097.0 0.002728440085775219
1098.0 0.0030761235393583775
1099.0 0.0025716830350575037
1100.0 0.0020672432583523914
