lsstCam/transmission_filter_detector/r23_s02/u_24/19700101T000000.ecsv
# %ECSV 1.0
# ---
# datatype:
# - {name: wavelength, unit: nm, datatype: float32}
# - {name: efficiency, unit: '%', datatype: float64}
# meta: !!omap
# - {MODE: DETECTOR}
# - {TYPE: transmission_filter_detector}
# - {CALIBDATE: '1970-01-01T00:00:00'}
# - {INSTRUME: LSSTCam}
# - {OBSTYPE: transmission_filter_detector}
# - {CALIBCLS: lsst.ip.isr.IntermediateFilterDetectorTransmissionCurve}
# - {SOURCE: Materion (DM-46256)}
# - {DETECTOR: 101}
# - {FILTER: u_24}
# - {CALIB_ID: 'calibDate=1970-01-01T00:00:00 filter=u_24 detector=101'}
# - {DATE: '2025-04-02T15:59:40.216513'}
# - {CALIB_CREATION_DATE: '2025-04-02'}
# - {CALIB_CREATION_TIME: '15:59:40'}
# - __serialized_columns__:
#     efficiency:
#       __class__: astropy.units.quantity.Quantity
#       unit: !astropy.units.Unit {unit: '%'}
#       value: !astropy.table.SerializedColumn {name: efficiency}
#     wavelength:
#       __class__: astropy.units.quantity.Quantity
#       unit: !astropy.units.Unit {unit: nm}
#       value: !astropy.table.SerializedColumn {name: wavelength}
# schema: astropy-2.0
wavelength efficiency
295.0 1.6080531003992427e-10
296.0 1.6080531003992427e-10
297.0 1.6080531003992427e-10
298.0 0.141716783400625
299.0 1.6080531003992427e-10
300.0 0.027828419115394354
301.0 1.6080531003992427e-10
302.0 1.6080531003992427e-10
303.0 0.09473381796851754
304.0 0.3192282048985362
305.0 0.4789878614246845
306.0 1.4448746107518673
307.0 2.926090359687805
308.0 4.77730929851532
309.0 8.042304962873459
310.0 11.358117312192917
311.0 15.14710783958435
312.0 18.72350722551346
313.0 21.99561297893524
314.0 25.057771801948547
315.0 27.59585976600647
316.0 29.765674471855164
317.0 32.04335272312164
318.0 34.72363352775574
319.0 38.255348801612854
320.0 43.56841742992401
321.0 48.75851273536682
322.0 54.90414500236511
323.0 60.481566190719604
324.0 65.15212059020996
325.0 68.41155290603638
326.0 70.87016105651855
327.0 72.74941205978394
328.0 74.60201978683472
329.0 75.93420147895813
330.0 77.26598978042603
331.0 78.19634675979614
332.0 78.63098382949829
333.0 78.66513729095459
334.0 78.57235074043274
335.0 78.68703603744507
336.0 78.76364588737488
337.0 79.28016781806946
338.0 80.16656041145325
339.0 80.724436044693
340.0 81.2437355518341
341.0 81.68651461601257
342.0 81.95858001708984
343.0 81.94441199302673
344.0 82.14249610900879
345.0 82.49312043190002
346.0 82.83452987670898
347.0 83.21903944015503
348.0 83.4439754486084
349.0 83.63955616950989
350.0 83.70605111122131
351.0 83.89294743537903
352.0 83.84959697723389
353.0 83.68774056434631
354.0 83.62141251564026
355.0 83.85339379310608
356.0 84.02133584022522
357.0 83.95392894744873
358.0 83.71434807777405
359.0 83.47828984260559
360.0 83.38883519172668
361.0 83.1813633441925
362.0 82.99976587295532
363.0 83.10494422912598
364.0 83.1874132156372
365.0 83.46154689788818
366.0 83.63014459609985
367.0 83.62923264503479
368.0 83.65919589996338
369.0 83.6740255355835
370.0 83.39873552322388
371.0 83.17200541496277
372.0 83.15820693969727
373.0 83.25647711753845
374.0 83.32260847091675
375.0 83.55816602706909
376.0 83.6691677570343
377.0 83.72024297714233
378.0 83.78143906593323
379.0 83.57848525047302
380.0 82.9393744468689
381.0 81.65156245231628
382.0 79.940927028656
383.0 77.95003056526184
384.0 75.89454054832458
385.0 73.57338666915894
386.0 71.19049429893494
387.0 67.98526048660278
388.0 64.81330394744873
389.0 60.86719036102295
390.0 56.90850019454956
391.0 52.63238549232483
392.0 48.20624589920044
393.0 44.422030448913574
394.0 41.1492645740509
395.0 37.8288209438324
396.0 34.38672125339508
397.0 29.770183563232422
398.0 24.323543906211853
399.0 17.67972558736801
400.0 11.390258371829987
401.0 6.461488455533981
402.0 2.9425060376524925
403.0 0.9454187005758286
404.0 0.3223203355446458
405.0 0.12412229552865028
406.0 0.05431412719190121
407.0 0.01240144920302555
408.0 1.6080531003992427e-10
409.0 1.6080531003992427e-10
410.0 1.6080531003992427e-10
411.0 1.6080531003992427e-10
412.0 1.6080531003992427e-10
413.0 1.6080531003992427e-10
414.0 1.6080531003992427e-10
415.0 1.6080531003992427e-10
416.0 1.6080531003992427e-10
417.0 1.6080531003992427e-10
418.0 1.6080531003992427e-10
419.0 1.6080531003992427e-10
420.0 1.6080531003992427e-10
421.0 1.6080531003992427e-10
422.0 1.6080531003992427e-10
423.0 1.6080531003992427e-10
424.0 1.6080531003992427e-10
425.0 1.6080531003992427e-10
426.0 1.6080531003992427e-10
427.0 0.0005735824288422009
428.0 0.001611856532690581
429.0 0.0014060039575269911
430.0 0.0012001510185655206
431.0 0.00013010256907364237
432.0 1.6080531003992427e-10
433.0 0.0005296677045407705
434.0 0.0019992809029645287
435.0 0.0013006974768359214
436.0 0.0006021141416567843
437.0 1.6080531003992427e-10
438.0 1.6080531003992427e-10
439.0 1.6080531003992427e-10
440.0 0.001165713092632359
441.0 1.6080531003992427e-10
442.0 1.6080531003992427e-10
443.0 1.6080531003992427e-10
444.0 1.6080531003992427e-10
445.0 1.6080531003992427e-10
446.0 1.6080531003992427e-10
447.0 1.6080531003992427e-10
448.0 1.6080531003992427e-10
449.0 0.0003796714963755221
450.0 0.0012907294149044901
451.0 1.6080531003992427e-10
452.0 1.6080531003992427e-10
453.0 1.6080531003992427e-10
454.0 1.6080531003992427e-10
455.0 1.6080531003992427e-10
456.0 1.6080531003992427e-10
457.0 1.6080531003992427e-10
458.0 1.6080531003992427e-10
459.0 1.6080531003992427e-10
460.0 1.6080531003992427e-10
461.0 1.6080531003992427e-10
462.0 1.6080531003992427e-10
463.0 1.6080531003992427e-10
464.0 1.6080531003992427e-10
465.0 1.6080531003992427e-10
466.0 1.6080531003992427e-10
467.0 1.6080531003992427e-10
468.0 1.6080531003992427e-10
469.0 1.6080531003992427e-10
470.0 1.6080531003992427e-10
471.0 1.6080531003992427e-10
472.0 1.6080531003992427e-10
473.0 1.6080531003992427e-10
474.0 1.6080531003992427e-10
475.0 1.6080531003992427e-10
476.0 1.9852643617923604e-05
477.0 0.0004102610546397045
478.0 0.0008006697498785798
479.0 0.0005694428182323463
480.0 0.00033821615943452343
481.0 0.00041807966226770077
482.0 0.0004979432560503483
483.0 3.96688420778446e-05
484.0 1.6080531003992427e-10
485.0 1.6080531003992427e-10
486.0 1.6080531003992427e-10
487.0 1.6080531003992427e-10
488.0 1.6080531003992427e-10
489.0 1.6080531003992427e-10
490.0 1.6080531003992427e-10
491.0 1.6080531003992427e-10
492.0 3.503881487176841e-05
493.0 1.6080531003992427e-10
494.0 1.6080531003992427e-10
495.0 0.0001426783001079457
496.0 0.0006678323643427575
497.0 0.0003194403916495503
498.0 1.6080531003992427e-10
499.0 0.0001063095623976551
500.0 0.00024157091047527501
501.0 0.00016500392803209252
502.0 8.843702516969643e-05
503.0 1.6080531003992427e-10
504.0 1.6080531003992427e-10
505.0 1.6080531003992427e-10
506.0 0.0003297583134553861
507.0 1.6080531003992427e-10
508.0 1.6080531003992427e-10
509.0 1.6080531003992427e-10
510.0 1.6080531003992427e-10
511.0 0.0002280860826431308
512.0 0.000639362178844749
513.0 0.0004545006959233433
514.0 0.0002696389628908946
515.0 0.00022740464373782743
516.0 0.00018517034732212778
517.0 1.6080531003992427e-10
518.0 1.6080531003992427e-10
519.0 1.6080531003992427e-10
520.0 0.0003475979610811919
521.0 0.00034977620089193806
522.0 0.00035195446344005177
523.0 1.6080531003992427e-10
524.0 1.6080531003992427e-10
525.0 1.6080531003992427e-10
526.0 1.6080531003992427e-10
527.0 1.6080531003992427e-10
528.0 1.6080531003992427e-10
529.0 1.6080531003992427e-10
530.0 1.6080531003992427e-10
531.0 1.6080531003992427e-10
532.0 7.928180707494903e-05
533.0 1.6080531003992427e-10
534.0 1.6080531003992427e-10
535.0 1.6080531003992427e-10
536.0 1.6080531003992427e-10
537.0 1.6080531003992427e-10
538.0 1.6080531003992427e-10
539.0 1.6080531003992427e-10
540.0 1.6080531003992427e-10
541.0 1.6080531003992427e-10
542.0 1.6080531003992427e-10
543.0 1.6080531003992427e-10
544.0 1.6080531003992427e-10
545.0 1.6080531003992427e-10
546.0 1.6080531003992427e-10
547.0 1.6080531003992427e-10
548.0 0.0001448593366148998
549.0 1.6080531003992427e-10
550.0 1.6080531003992427e-10
551.0 1.6080531003992427e-10
552.0 1.6080531003992427e-10
553.0 1.6080531003992427e-10
554.0 1.6080531003992427e-10
555.0 1.6080531003992427e-10
556.0 1.6080531003992427e-10
557.0 1.6080531003992427e-10
558.0 1.6080531003992427e-10
559.0 1.6080531003992427e-10
560.0 3.742938190498535e-05
561.0 1.606511403906552e-05
562.0 1.6080531003992427e-10
563.0 1.6080531003992427e-10
564.0 1.6080531003992427e-10
565.0 1.6080531003992427e-10
566.0 8.222235692301183e-06
567.0 8.142878868966363e-05
568.0 0.00015463531326531665
569.0 0.00034256859180459287
570.0 0.0005305017566570314
571.0 0.0004967118911736179
572.0 0.00046292216211440973
573.0 0.0005208680249779718
574.0 0.0005788142061646795
575.0 0.00039026044760248624
576.0 0.00020170682546449825
577.0 0.0002906661620727391
578.0 0.0003796254759436124
579.0 0.0005478321327245794
580.0 0.0007160387667681789
581.0 0.0009056148883246351
582.0 0.0010951912372547667
583.0 0.0014507718333334196
584.0 0.0018063525203615427
585.0 0.0014996843674452975
586.0 0.0011930158507311717
587.0 0.0011942460332647897
588.0 0.0011954762157984078
589.0 0.0011157599146827124
590.0 0.0010360433407186065
591.0 0.0009833552212512586
592.0 0.0009306669198849704
593.0 0.0007550642294518184
594.0 0.0005794612206955208
595.0 0.0006257103905227268
596.0 0.0006719591965520522
597.0 0.0009549025890009943
598.0 0.0012378458450257313
599.0 0.0015987739971023984
600.0 0.001959701876330655
601.0 0.0021759198716608807
602.0 0.0023921378669911064
603.0 0.002053038951999042
604.0 0.0017139404008048587
605.0 0.0014874904991302174
606.0 0.001261040597455576
607.0 0.00113310288725188
608.0 0.0010051650860987138
609.0 0.0006815153938077856
610.0 0.0003578656787794898
611.0 0.00034124609555874486
612.0 0.0003246265123379999
613.0 0.00043549566726142075
614.0 0.000546364753972739
615.0 0.0006016160114086233
616.0 0.0006568673143192427
617.0 0.0006585430128325243
618.0 0.0006602189387194812
619.0 0.00042631227188394405
620.0 0.00019240576420997968
621.0 0.00036919702779414365
622.0 0.000545988223166205
623.0 0.000584440431339317
624.0 0.000622892639512429
625.0 0.0007230761639220873
626.0 0.0008232596883317456
627.0 0.0007091178304108325
628.0 0.0005949759724899195
629.0 0.0008297469321405515
630.0 0.0010645179827406537
631.0 0.0014282106349128298
632.0 0.0017919030142365955
633.0 0.001925690594362095
634.0 0.002059477810689714
635.0 0.0023147420506575145
636.0 0.002570006290625315
637.0 0.002415022208879236
638.0 0.0022600379452342167
639.0 0.001763015825417824
640.0 0.001265993523702491
641.0 0.0012669288480537944
642.0 0.0012678641724050976
643.0 0.000965957860898925
644.0 0.0006640515948674874
645.0 0.000662685806673835
646.0 0.0006613199730054475
647.0 0.0003513679303068784
648.0 4.14160808759334e-05
649.0 1.7112350292336487e-05
650.0 1.6080531003992427e-10
651.0 0.00027328869691700675
652.0 0.0005537688139156671
653.0 0.0010449561159475707
654.0 0.0015361430996563286
655.0 0.001516749216534663
656.0 0.001497355151514057
657.0 0.0023661881641601212
658.0 0.0032350213587051257
659.0 0.0037337860703701153
660.0 0.004232550418237224
661.0 0.004215878288960084
662.0 0.004199205795885064
663.0 0.003166411624988541
664.0 0.002133617272193078
665.0 0.00184411237569293
666.0 0.0015546071153949015
667.0 0.001477907699154457
668.0 0.0014012081010150723
669.0 0.0009845642125583254
670.0 0.0005679204605257837
671.0 0.00047447701945202425
672.0 0.0003810334419540595
673.0 0.0003368238367329468
674.0 0.000292614186037099
675.0 0.0006148922238935484
676.0 0.0009371702617499977
677.0 0.0014482546248473227
678.0 0.001959339169843588
679.0 0.0021733010726165958
680.0 0.0023872629753896035
681.0 0.0032308009394910187
682.0 0.004074339085491374
683.0 0.005879212403669953
684.0 0.007684086449444294
685.0 0.008224327029893175
686.0 0.008764570520725101
687.0 0.007991076563484967
688.0 0.007217584061436355
689.0 0.005836896525579505
690.0 0.004456208989722654
691.0 0.004003058711532503
692.0 0.0035499087971402332
693.0 0.003123323040199466
694.0 0.002696737283258699
695.0 0.002322023647138849
696.0 0.0019473101929179393
697.0 0.00136000353450072
698.0 0.0007726966941845603
699.0 0.0006737499916198431
700.0 0.0005748031071561854
701.0 0.0006095950084272772
702.0 0.000644386909698369
703.0 0.0006523383035528241
704.0 0.0006602900157304248
705.0 0.0006071772531868191
706.0 0.0005540646725421539
707.0 0.0007235611974465428
708.0 0.0008930574040277861
709.0 0.0007895038834249135
710.0 0.0006859503173473058
711.0 0.0006801825293223374
712.0 0.0006744148322468391
713.0 0.0007432397069351282
714.0 0.0008120647180476226
715.0 0.0006955873686820269
716.0 0.0005791100193164311
717.0 0.0005294819857226685
718.0 0.0004798539521289058
719.0 0.0005377556135499617
720.0 0.0005956572294962825
721.0 0.0003761308789762552
722.0 0.00015660446024412522
723.0 0.0002925882427007309
724.0 0.00042857200241996907
725.0 0.00023477264221583027
726.0 4.097318537787942e-05
727.0 0.00028703811949526425
728.0 0.0005331031388777774
729.0 0.0005213727945374558
730.0 0.0005096424956718693
731.0 0.00031818647130421596
732.0 0.00012673048104261397
733.0 4.8622325721225934e-05
734.0 1.6080531003992427e-10
735.0 0.0002622830379550578
736.0 0.000554051894141594
737.0 0.00047031835492816754
738.0 0.0003865848611894762
739.0 0.0004296740371501073
740.0 0.00047276321311073843
741.0 0.000847498176881345
742.0 0.001222233368025627
743.0 0.0017622172890696675
744.0 0.0023022010282147676
745.0 0.002830691846611444
746.0 0.0033591823012102395
747.0 0.003873418245348148
748.0 0.0043876541894860566
749.0 0.004021007407573052
750.0 0.0036543609894579276
751.0 0.003268616273999214
752.0 0.0028828719223383814
753.0 0.0024072844098554924
754.0 0.0019316968973726034
755.0 0.002234615203633439
756.0 0.002537533873692155
757.0 0.002131055407517124
758.0 0.001724576941342093
759.0 0.0014713478776684497
760.0 0.0012181189958937466
761.0 0.0012738146324409172
762.0 0.0013295104508870281
763.0 0.0010093555829371326
764.0 0.0006892005785630317
765.0 0.0007594553608214483
766.0 0.0008297100066556595
767.0 0.0007377441761491355
768.0 0.0006457783911173465
769.0 0.0005943820269749267
770.0 0.0005429855718830368
771.0 0.0004449231710168533
772.0 0.00034686056551436195
773.0 0.00037851646084163804
774.0 0.0004101723334315466
775.0 0.0004903786248178221
776.0 0.0005705847797798924
777.0 0.000516046020493377
778.0 0.00046150703383318614
779.0 0.0006597884748771321
780.0 0.000858069870446343
781.0 0.000929511952563189
782.0 0.001000954034680035
783.0 0.0009921713171934243
784.0 0.0009833884178078733
785.0 0.0012011539183731657
786.0 0.001418919418938458
787.0 0.0010972564268740825
788.0 0.0007755933438602369
789.0 0.0007895519047451671
790.0 0.0008035105565795675
791.0 0.0006299084361671703
792.0 0.0004563063157547731
793.0 0.00014102130307946936
794.0 1.6080531003992427e-10
795.0 1.6080531003992427e-10
796.0 1.6080531003992427e-10
797.0 0.00017461446759625687
798.0 0.00048322058319172356
799.0 0.00022651036033494165
800.0 1.6080531003992427e-10
801.0 1.6080531003992427e-10
802.0 1.6080531003992427e-10
803.0 1.6080531003992427e-10
804.0 2.392708324805426e-05
805.0 1.6080531003992427e-10
806.0 1.6080531003992427e-10
807.0 1.6080531003992427e-10
808.0 1.6080531003992427e-10
809.0 3.3101781582445255e-05
810.0 0.000326694180330378
811.0 7.067510523484088e-05
812.0 1.6080531003992427e-10
813.0 0.00020883601337118307
814.0 0.0006030159966030624
815.0 0.0005148606760485563
816.0 0.0004267054464435205
817.0 0.00029917125630163355
818.0 0.00017163699794764398
819.0 7.504721679651993e-05
820.0 1.6080531003992427e-10
821.0 1.6080531003992427e-10
822.0 1.6080531003992427e-10
823.0 1.6080531003992427e-10
824.0 1.6080531003992427e-10
825.0 1.6080531003992427e-10
826.0 1.6080531003992427e-10
827.0 2.4031785983424925e-05
828.0 0.00043819291022373363
829.0 0.00022858339434606023
830.0 1.8974203896959807e-05
831.0 1.6080531003992427e-10
832.0 1.6080531003992427e-10
833.0 1.6080531003992427e-10
834.0 1.6080531003992427e-10
835.0 1.6080531003992427e-10
836.0 2.4541233756281144e-05
837.0 1.6080531003992427e-10
838.0 1.6080531003992427e-10
839.0 1.6080531003992427e-10
840.0 1.6080531003992427e-10
841.0 1.6080531003992427e-10
842.0 0.00013204019069235073
843.0 1.6080531003992427e-10
844.0 1.6080531003992427e-10
845.0 1.6080531003992427e-10
846.0 1.6080531003992427e-10
847.0 1.6080531003992427e-10
848.0 1.0724059507083439e-05
849.0 5.761560828432266e-05
850.0 0.00010450700074216002
851.0 4.610286339357117e-05
852.0 1.6080531003992427e-10
853.0 0.00015983646335371304
854.0 0.00033197409265994793
855.0 0.00017993875189858954
856.0 2.7903377031179843e-05
857.0 0.00044700700527755544
858.0 0.0008661106221552473
859.0 0.0009896711162582505
860.0 0.0011132315194117837
861.0 0.0010645301699696574
862.0 0.0010158288205275312
863.0 0.0011707706107699778
864.0 0.0013257124919618946
865.0 0.0017011077943607233
866.0 0.0020765026420122012
867.0 0.0019762397641898133
868.0 0.001875977250165306
869.0 0.0018171298506786115
870.0 0.0017582826330908574
871.0 0.0017992922948906198
872.0 0.0018403017747914419
873.0 0.0018684671886148863
874.0 0.0018966326024383307
875.0 0.002167688035115134
