lsstCam/transmission_sensor/r42_s22/19700101T000000.ecsv
# %ECSV 1.0
# ---
# datatype:
# - {name: amp_name, datatype: string}
# - {name: wavelength, unit: nm, datatype: float32}
# - {name: efficiency, unit: '%', datatype: float64}
# meta: !!omap
# - {MODE: AMP}
# - {TYPE: transmission_sensor}
# - {CALIBDATE: '1970-01-01T00:00:00'}
# - {INSTRUME: LSSTCAM}
# - {OBSTYPE: transmission_sensor}
# - {DETECTOR: 179}
# - {PARQUETFILE: qe_raft_allvalues_nircorrected_20230725.parquet}
# - {CALIBCLS: lsst.ip.isr.IntermediateSensorTransmissionCurve}
# - {CALIB_ID: 'raftName=R42 detectorName=S22 detector=179 calibDate=1970-01-01T00:00:00 ccd=179 ccdnum=179 filter=None'}
# - {DATE: '2023-08-02T16:57:56.134237'}
# - {CALIB_CREATION_DATE: '2023-08-02'}
# - {CALIB_CREATION_TIME: '16:57:56'}
# - __serialized_columns__:
#     efficiency:
#       __class__: astropy.units.quantity.Quantity
#       unit: !astropy.units.Unit {unit: '%'}
#       value: !astropy.table.SerializedColumn {name: efficiency}
#     wavelength:
#       __class__: astropy.units.quantity.Quantity
#       unit: !astropy.units.Unit {unit: nm}
#       value: !astropy.table.SerializedColumn {name: wavelength}
# schema: astropy-2.0
amp_name wavelength efficiency
C00 319.994 50.164730072021484
C00 324.969 50.76100158691406
C00 349.982 55.27007293701172
C00 374.975 65.79734802246094
C00 400.019 78.13121032714844
C00 424.965 81.4849624633789
C00 450.035 81.95853424072266
C00 475.003 83.63818359375
C00 500.018 83.19914245605469
C00 525.002 83.84092712402344
C00 550.029 85.72345733642578
C00 575.023 88.04589080810547
C00 599.982 89.17489624023438
C00 619.997 90.6985092163086
C00 624.979 91.05142211914062
C00 650.012 92.24586486816406
C00 675.004 93.89117431640625
C00 700.03 95.78511047363281
C00 725.012 96.7568359375
C00 750.022 97.98029327392578
C00 774.987 99.62667846679688
C00 799.976 99.57018280029297
C00 824.988 100.01118469238281
C00 850.022 99.56104278564453
C00 869.967 98.37335205078125
C00 875.002 97.52680969238281
C00 899.999 92.7279052734375
C00 919.999 86.44758605957031
C00 925.012 84.01383209228516
C00 949.965 74.35467529296875
C00 975.002 58.83708953857422
C00 999.976 39.64093780517578
C00 1025.028 21.80950927734375
C00 1050.014 10.129571914672852
C00 1075.002 0.9334416813519611
C00 1099.99 0.09261522608849203
C01 319.994 50.17364501953125
C01 324.969 50.72557067871094
C01 349.982 55.10468673706055
C01 374.975 65.71005249023438
C01 400.019 78.20586395263672
C01 424.965 81.65267181396484
C01 450.035 82.14130401611328
C01 475.003 83.78123474121094
C01 500.018 83.27924346923828
C01 525.002 83.8606185913086
C01 550.029 85.6872329711914
C01 575.023 87.9773178100586
C01 599.982 89.09883117675781
C01 619.997 90.62236022949219
C01 624.979 90.97489929199219
C01 650.012 92.16792297363281
C01 675.004 93.81157684326172
C01 700.03 95.71753692626953
C01 725.012 96.73085021972656
C01 750.022 98.00823974609375
C01 774.987 99.71271514892578
C01 799.976 99.68754577636719
C01 824.988 100.12677001953125
C01 850.022 99.68727111816406
C01 869.967 98.5025634765625
C01 875.002 97.65617370605469
C01 899.999 92.82270812988281
C01 919.999 86.58999633789062
C01 925.012 84.16516876220703
C01 949.965 74.5441665649414
C01 975.002 58.667781829833984
C01 999.976 39.50480651855469
C01 1025.028 21.801368713378906
C01 1050.014 10.190152168273926
C01 1075.002 0.9337074519428279
C01 1099.99 0.0926415956023594
C02 319.994 50.088035583496094
C02 324.969 50.594032287597656
C02 349.982 54.82741928100586
C02 374.975 65.48516845703125
C02 400.019 78.15576171875
C02 424.965 81.7172622680664
C02 450.035 82.24260711669922
C02 475.003 83.86368560791016
C02 500.018 83.31993103027344
C02 525.002 83.85609436035156
C02 550.029 85.63249969482422
C02 575.023 87.88530731201172
C02 599.982 88.98918151855469
C02 619.997 90.50281524658203
C02 624.979 90.84939575195312
C02 650.012 92.0425796508789
C02 675.004 93.6932601928711
C02 700.03 95.6186752319336
C02 725.012 96.67820739746094
C02 750.022 98.02819061279297
C02 774.987 99.79737854003906
C02 799.976 99.81196594238281
C02 824.988 100.25802612304688
C02 850.022 99.83817291259766
C02 869.967 98.6529769897461
C02 875.002 97.79866027832031
C02 899.999 92.91596221923828
C02 919.999 86.63619995117188
C02 925.012 84.2023696899414
C02 949.965 74.63116455078125
C02 975.002 58.70940017700195
C02 999.976 39.51624298095703
C02 1025.028 21.791217803955078
C02 1050.014 10.167396545410156
C02 1075.002 0.9338969273408658
C02 1099.99 0.09266039517728525
C03 319.994 50.0042839050293
C03 324.969 50.470035552978516
C03 349.982 54.58434295654297
C03 374.975 65.2807846069336
C03 400.019 78.09398651123047
C03 424.965 81.75550079345703
C03 450.035 82.30208587646484
C03 475.003 83.90410614013672
C03 500.018 83.32450866699219
C03 525.002 83.82418823242188
C03 550.029 85.55908966064453
C03 575.023 87.78550720214844
C03 599.982 88.8753662109375
C03 619.997 90.38091278076172
C03 624.979 90.72887420654297
C03 650.012 91.92281341552734
C03 675.004 93.57443237304688
C03 700.03 95.5185775756836
C03 725.012 96.6264419555664
C03 750.022 98.05123901367188
C03 774.987 99.89244842529297
C03 799.976 99.94451141357422
C03 824.988 100.39995574951172
C03 850.022 100.00496673583984
C03 869.967 98.80690002441406
C03 875.002 97.9520492553711
C03 899.999 93.00471496582031
C03 919.999 86.66976928710938
C03 925.012 84.22754669189453
C03 949.965 74.74749755859375
C03 975.002 58.924171447753906
C03 999.976 39.620758056640625
C03 1025.028 21.816486358642578
C03 1050.014 10.140876770019531
C03 1075.002 0.9341158795502388
C03 1099.99 0.09268211941435198
C04 319.994 49.939125061035156
C04 324.969 50.3380012512207
C04 349.982 54.231204986572266
C04 374.975 64.9089584350586
C04 400.019 77.87923431396484
C04 424.965 81.67263793945312
C04 450.035 82.26618957519531
C04 475.003 83.85128021240234
C04 500.018 83.23958587646484
C04 525.002 83.7007827758789
C04 550.029 85.4061050415039
C04 575.023 87.6077651977539
C04 599.982 88.68130493164062
C04 619.997 90.17912292480469
C04 624.979 90.52406311035156
C04 650.012 91.71379852294922
C04 675.004 93.36434936523438
C04 700.03 95.32925415039062
C04 725.012 96.49384307861328
C04 750.022 97.97474670410156
C04 774.987 99.89013671875
C04 799.976 99.9769515991211
C04 824.988 100.44904327392578
C04 850.022 100.08653259277344
C04 869.967 98.8930892944336
C04 875.002 98.02375030517578
C04 899.999 93.00196075439453
C04 919.999 86.60665893554688
C04 925.012 84.17637634277344
C04 949.965 74.87371063232422
C04 975.002 59.158573150634766
C04 999.976 39.744407653808594
C04 1025.028 21.82337188720703
C04 1050.014 10.136242866516113
C04 1075.002 0.9333866059418736
C04 1099.99 0.09260976155689989
C05 319.994 49.81806182861328
C05 324.969 50.175052642822266
C05 349.982 53.93027877807617
C05 374.975 64.62374114990234
C05 400.019 77.74352264404297
C05 424.965 81.65201568603516
C05 450.035 82.26918029785156
C05 475.003 83.83136749267578
C05 500.018 83.18508911132812
C05 525.002 83.61498260498047
C05 550.029 85.29878997802734
C05 575.023 87.48849487304688
C05 599.982 88.56175994873047
C05 619.997 90.05484008789062
C05 624.979 90.40155029296875
C05 650.012 91.5960693359375
C05 675.004 93.25479888916016
C05 700.03 95.23438262939453
C05 725.012 96.4394760131836
C05 750.022 97.97782897949219
C05 774.987 99.94534301757812
C05 799.976 100.06542205810547
C05 824.988 100.55284881591797
C05 850.022 100.22367095947266
C05 869.967 99.03556060791016
C05 875.002 98.16338348388672
C05 899.999 93.08700561523438
C05 919.999 86.6944351196289
C05 925.012 84.29495239257812
C05 949.965 75.103515625
C05 975.002 59.36962890625
C05 999.976 39.860774993896484
C05 1025.028 21.854209899902344
C05 1050.014 10.19204330444336
C05 1075.002 0.933415498781791
C05 1099.99 0.09261262827793318
C06 319.994 49.56532287597656
C06 324.969 49.870330810546875
C06 349.982 53.411006927490234
C06 374.975 64.03866577148438
C06 400.019 77.30290222167969
C06 424.965 81.373291015625
C06 450.035 82.05722045898438
C06 475.003 83.60255432128906
C06 500.018 82.93443298339844
C06 525.002 83.33586883544922
C06 550.029 84.99739837646484
C06 575.023 87.17547607421875
C06 599.982 88.24250030517578
C06 619.997 89.73429107666016
C06 624.979 90.07833099365234
C06 650.012 91.27133178710938
C06 675.004 92.9306411743164
C06 700.03 94.9209213256836
C06 725.012 96.14112854003906
C06 750.022 97.69418334960938
C06 774.987 99.67788696289062
C06 799.976 99.8192138671875
C06 824.988 100.32044982910156
C06 850.022 100.00677490234375
C06 869.967 98.81715393066406
C06 875.002 97.95275115966797
C06 899.999 92.89503479003906
C06 919.999 86.61114501953125
C06 925.012 84.23727416992188
C06 949.965 74.95680236816406
C06 975.002 59.06228256225586
C06 999.976 39.601810455322266
C06 1025.028 21.7690372467041
C06 1050.014 10.212743759155273
C06 1075.002 0.9307130910219307
C06 1099.99 0.09234449786265082
C07 319.994 49.10591125488281
C07 324.969 49.32102584838867
C07 349.982 52.47563552856445
C07 374.975 62.91923141479492
C07 400.019 76.47984313964844
C07 424.965 80.91096496582031
C07 450.035 81.78324127197266
C07 475.003 83.36969757080078
C07 500.018 82.70018768310547
C07 525.002 83.07862091064453
C07 550.029 84.73574829101562
C07 575.023 86.89848327636719
C07 599.982 87.95077514648438
C07 619.997 89.42474365234375
C07 624.979 89.76737213134766
C07 650.012 90.95249938964844
C07 675.004 92.6119613647461
C07 700.03 94.60258483886719
C07 725.012 95.81119537353516
C07 750.022 97.34333801269531
C07 774.987 99.30610656738281
C07 799.976 99.46531677246094
C07 824.988 100.0174789428711
C07 850.022 99.72882080078125
C07 869.967 98.58972930908203
C07 875.002 97.74895477294922
C07 899.999 92.86876678466797
C07 919.999 86.7432632446289
C07 925.012 84.36802673339844
C07 949.965 74.83110046386719
C07 975.002 58.693729400634766
C07 999.976 39.39060974121094
C07 1025.028 21.710241317749023
C07 1050.014 10.254739761352539
C07 1075.002 0.9273707826688513
C07 1099.99 0.09201287709837387
C10 319.994 49.97383499145508
C10 324.969 50.53312301635742
C10 349.982 54.85063934326172
C10 374.975 65.23318481445312
C10 400.019 77.63243103027344
C10 424.965 81.24876403808594
C10 450.035 81.92456817626953
C10 475.003 83.69906616210938
C10 500.018 83.25519561767578
C10 525.002 83.85482788085938
C10 550.029 85.67923736572266
C10 575.023 87.91680145263672
C10 599.982 88.98480987548828
C10 619.997 90.46971893310547
C10 624.979 90.81194305419922
C10 650.012 91.9944076538086
C10 675.004 93.63365936279297
C10 700.03 95.6059341430664
C10 725.012 96.83287811279297
C10 750.022 98.38495635986328
C10 774.987 100.3916015625
C10 799.976 100.48394012451172
C10 824.988 100.91017150878906
C10 850.022 100.53936767578125
C10 869.967 99.3093490600586
C10 875.002 98.43206024169922
C10 899.999 93.43037414550781
C10 919.999 86.86942291259766
C10 925.012 84.40982818603516
C10 949.965 75.03728485107422
C10 975.002 59.33686447143555
C10 999.976 40.08474349975586
C10 1025.028 22.008506774902344
C10 1050.014 10.06507396697998
C10 1075.002 0.9372939833283179
C10 1099.99 0.09299744795154906
C11 319.994 50.07794952392578
C11 324.969 50.599769592285156
C11 349.982 54.82748794555664
C11 374.975 65.36556243896484
C11 400.019 77.94654846191406
C11 424.965 81.61009979248047
C11 450.035 82.2557373046875
C11 475.003 83.97525024414062
C11 500.018 83.46984100341797
C11 525.002 84.01800537109375
C11 550.029 85.80060577392578
C11 575.023 88.01128387451172
C11 599.982 89.05962371826172
C11 619.997 90.53643035888672
C11 624.979 90.87682342529297
C11 650.012 92.05256652832031
C11 675.004 93.68543243408203
C11 700.03 95.66634368896484
C11 725.012 96.924072265625
C11 750.022 98.51828002929688
C11 774.987 100.5726547241211
C11 799.976 100.68852996826172
C11 824.988 101.11460876464844
C11 850.022 100.7553482055664
C11 869.967 99.53887939453125
C11 875.002 98.6591567993164
C11 899.999 93.64525604248047
C11 919.999 87.10760498046875
C11 925.012 84.66345977783203
C11 949.965 75.24333953857422
C11 975.002 59.24019241333008
C11 999.976 40.01640319824219
C11 1025.028 22.07084846496582
C11 1050.014 10.140241622924805
C11 1075.002 0.9385637748776057
C11 1099.99 0.09312343550253586
C12 319.994 49.92509841918945
C12 324.969 50.38972473144531
C12 349.982 54.45203399658203
C12 374.975 65.03292846679688
C12 400.019 77.77616882324219
C12 424.965 81.5440673828125
C12 450.035 82.21656799316406
C12 475.003 83.91390991210938
C12 500.018 83.36772155761719
C12 525.002 83.8708267211914
C12 550.029 85.60867309570312
C12 575.023 87.78201293945312
C12 599.982 88.81282806396484
C12 619.997 90.27841186523438
C12 624.979 90.61250305175781
C12 650.012 91.78347778320312
C12 675.004 93.4190902709961
C12 700.03 95.4156494140625
C12 725.012 96.71131134033203
C12 750.022 98.35860443115234
C12 774.987 100.46488189697266
C12 799.976 100.60723114013672
C12 824.988 101.04895782470703
C12 850.022 100.71320343017578
C12 869.967 99.5077133178711
C12 875.002 98.62432861328125
C12 899.999 93.56369018554688
C12 919.999 87.01030731201172
C12 925.012 84.57569122314453
C12 949.965 75.20591735839844
C12 975.002 59.208740234375
C12 999.976 39.96147155761719
C12 1025.028 22.025115966796875
C12 1050.014 10.101560592651367
C12 1075.002 0.9370421054607887
C12 1099.99 0.09297245686092824
C13 319.994 49.84309005737305
C13 324.969 50.26088333129883
C13 349.982 54.173545837402344
C13 374.975 64.79735565185547
C13 400.019 77.70075988769531
C13 424.965 81.57551574707031
C13 450.035 82.2750015258789
C13 475.003 83.9554214477539
C13 500.018 83.3751449584961
C13 525.002 83.83348083496094
C13 550.029 85.53123474121094
C13 575.023 87.67566680908203
C13 599.982 88.68551635742188
C13 619.997 90.1432113647461
C13 624.979 90.4793472290039
C13 650.012 91.6436538696289
C13 675.004 93.28282928466797
C13 700.03 95.2952651977539
C13 725.012 96.63749694824219
C13 750.022 98.33737182617188
C13 774.987 100.50139617919922
C13 799.976 100.67279815673828
C13 824.988 101.1285400390625
C13 850.022 100.81712341308594
C13 869.967 99.62503814697266
C13 875.002 98.73621368408203
C13 899.999 93.61930084228516
C13 919.999 87.04656982421875
C13 925.012 84.62100219726562
C13 949.965 75.29205322265625
C13 975.002 59.28418731689453
C13 999.976 39.96720886230469
C13 1025.028 22.007905960083008
C13 1050.014 10.064804077148438
C13 1075.002 0.9368393598268697
C13 1099.99 0.09295234062538939
C14 319.994 49.73704528808594
C14 324.969 50.10036087036133
C14 349.982 53.8455924987793
C14 374.975 64.49061584472656
C14 400.019 77.54895782470703
C14 424.965 81.5415267944336
C14 450.035 82.27583312988281
C14 475.003 83.94331359863281
C14 500.018 83.32774353027344
C14 525.002 83.75110626220703
C14 550.029 85.40599060058594
C14 575.023 87.5184555053711
C14 599.982 88.51329040527344
C14 619.997 89.95641326904297
C14 624.979 90.29170227050781
C14 650.012 91.45367431640625
C14 675.004 93.09132385253906
C14 700.03 95.11783599853516
C14 725.012 96.49652099609375
C14 750.022 98.24954223632812
C14 774.987 100.46196746826172
C14 799.976 100.66931915283203
C14 824.988 101.1389389038086
C14 850.022 100.85956573486328
C14 869.967 99.68913269042969
C14 875.002 98.80422973632812
C14 899.999 93.6766586303711
C14 919.999 87.12065124511719
C14 925.012 84.70265197753906
C14 949.965 75.41387939453125
C14 975.002 59.36045837402344
C14 999.976 40.03984069824219
C14 1025.028 22.036361694335938
C14 1050.014 10.067925453186035
C14 1075.002 0.9360021755780086
C14 1099.99 0.09286927597332276
C15 319.994 49.62862014770508
C15 324.969 49.94212341308594
C15 349.982 53.523529052734375
C15 374.975 64.18244934082031
C15 400.019 77.40061950683594
C15 424.965 81.51785278320312
C15 450.035 82.29987335205078
C15 475.003 83.96021270751953
C15 500.018 83.31578063964844
C15 525.002 83.70022583007812
C15 550.029 85.3258285522461
C15 575.023 87.40887451171875
C15 599.982 88.38333892822266
C15 619.997 89.81788635253906
C15 624.979 90.14978790283203
C15 650.012 91.30474090576172
C15 675.004 92.94501495361328
C15 700.03 94.98503875732422
C15 725.012 96.39338684082031
C15 750.022 98.17998504638672
C15 774.987 100.43390655517578
C15 799.976 100.66669464111328
C15 824.988 101.15411376953125
C15 850.022 100.90623474121094
C15 869.967 99.75672912597656
C15 875.002 98.87705993652344
C15 899.999 93.78112030029297
C15 919.999 87.25706481933594
C15 925.012 84.82649230957031
C15 949.965 75.5049819946289
C15 975.002 59.387027740478516
C15 999.976 40.14346694946289
C15 1025.028 22.07938575744629
C15 1050.014 10.104053497314453
C15 1075.002 0.9353391967091494
C15 1099.99 0.09280349581902071
C16 319.994 49.361515045166016
C16 324.969 49.62498092651367
C16 349.982 53.01979064941406
C16 374.975 63.64492416381836
C16 400.019 77.01471710205078
C16 424.965 81.28158569335938
C16 450.035 82.12986755371094
C16 475.003 83.78880310058594
C16 500.018 83.12056732177734
C16 525.002 83.47161865234375
C16 550.029 85.05830383300781
C16 575.023 87.11431121826172
C16 599.982 88.0694580078125
C16 619.997 89.49071502685547
C16 624.979 89.81758880615234
C16 650.012 90.96488952636719
C16 675.004 92.60301971435547
C16 700.03 94.64547729492188
C16 725.012 96.05767822265625
C16 750.022 97.85308837890625
C16 774.987 100.1016845703125
C16 799.976 100.35458374023438
C16 824.988 100.86033630371094
C16 850.022 100.61656188964844
C16 869.967 99.48863220214844
C16 875.002 98.6206283569336
C16 899.999 93.61184692382812
C16 919.999 87.12479400634766
C16 925.012 84.6605453491211
C16 949.965 75.16631317138672
C16 975.002 58.970638275146484
C16 999.976 39.92460250854492
C16 1025.028 22.005626678466797
C16 1050.014 10.102632522583008
C16 1075.002 0.9322248398090321
C16 1099.99 0.09249449218849197
C17 319.994 49.071685791015625
C17 324.969 49.252769470214844
C17 349.982 52.349063873291016
C17 374.975 62.97027587890625
C17 400.019 76.69143676757812
C17 424.965 81.28352355957031
C17 450.035 82.2943344116211
C17 475.003 83.99592590332031
C17 500.018 83.30199432373047
C17 525.002 83.59709930419922
C17 550.029 85.13748931884766
C17 575.023 87.14020538330078
C17 599.982 88.04576873779297
C17 619.997 89.43518829345703
C17 624.979 89.76197052001953
C17 650.012 90.88854217529297
C17 675.004 92.51879119873047
C17 700.03 94.55819702148438
C17 725.012 95.96118927001953
C17 750.022 97.73607635498047
C17 774.987 99.9604263305664
C17 799.976 100.22689056396484
C17 824.988 100.77897644042969
C17 850.022 100.54745483398438
C17 869.967 99.4454116821289
C17 875.002 98.5931625366211
C17 899.999 93.68681335449219
C17 919.999 87.14546966552734
C17 925.012 84.64688873291016
C17 949.965 75.06966400146484
C17 975.002 58.913673400878906
C17 999.976 39.87407302856445
C17 1025.028 21.978700637817383
C17 1050.014 10.131956100463867
C17 1075.002 0.9311102584112506
C17 1099.99 0.09238390444614897
