lsstCam/transmission_sensor/r42_s22/19700101T000000.ecsv
# %ECSV 1.0
# ---
# datatype:
# - {name: amp_name, datatype: string}
# - {name: wavelength, unit: nm, datatype: float32}
# - {name: efficiency, unit: '%', datatype: float64}
# meta: !!omap
# - {MODE: AMP}
# - {TYPE: transmission_sensor}
# - {CALIBDATE: '1970-01-01T00:00:00'}
# - {INSTRUME: LSSTCAM}
# - {OBSTYPE: transmission_sensor}
# - {DETECTOR: 179}
# - {PARQUETFILE: qe_raft_allvalues_nircorrected_20230725.parquet}
# - {CALIBCLS: lsst.ip.isr.IntermediateSensorTransmissionCurve}
# - {CALIB_ID: 'raftName=R42 detectorName=S22 detector=179 calibDate=1970-01-01T00:00:00 ccd=179 ccdnum=179 filter=None'}
# - {DATE: '2024-01-18T22:42:25.613666'}
# - {CALIB_CREATION_DATE: '2024-01-18'}
# - {CALIB_CREATION_TIME: '22:42:25'}
# - __serialized_columns__:
#     efficiency:
#       __class__: astropy.units.quantity.Quantity
#       unit: !astropy.units.Unit {unit: '%'}
#       value: !astropy.table.SerializedColumn {name: efficiency}
#     wavelength:
#       __class__: astropy.units.quantity.Quantity
#       unit: !astropy.units.Unit {unit: nm}
#       value: !astropy.table.SerializedColumn {name: wavelength}
# schema: astropy-2.0
amp_name wavelength efficiency
C00 319.994 49.24174958693818
C00 324.969 50.20523066896983
C00 349.982 56.42253683807438
C00 374.975 67.95093219394403
C00 400.019 79.22276696654595
C00 424.965 81.86468647634065
C00 450.035 81.81688207980221
C00 475.003 82.93686725036858
C00 500.018 83.50534763030646
C00 525.002 84.2516147945831
C00 550.029 85.66162419355338
C00 575.023 87.48132529995611
C00 599.982 89.30901505738697
C00 619.997 90.56920310703765
C00 624.979 90.99653540831103
C00 650.012 92.55942846585272
C00 675.004 94.19720920170155
C00 700.03 95.46777079632167
C00 725.012 96.40290382688487
C00 750.022 97.97188155360107
C00 774.987 99.69906679647102
C00 799.976 100.16519988036458
C00 824.988 99.91893413869107
C00 850.022 98.84892282721721
C00 869.967 96.98510673601481
C00 875.002 95.9265242832611
C00 899.999 89.45986505174109
C00 919.999 81.74212710274242
C00 925.012 78.83604161811384
C00 949.965 67.05409728480072
C00 975.002 51.55969312646992
C00 999.976 32.43672030216635
C00 1025.028 15.788547882208997
C00 1050.014 6.356594776480373
C00 1075.002 0.8371935339350589
C00 1099.99 0.09071785240594664
C01 319.994 49.25050050839687
C01 324.969 50.17018768590136
C01 349.982 56.253702087849085
C01 374.975 67.86077942989742
C01 400.019 79.29846356398123
C01 424.965 82.03317736091385
C01 450.035 81.99933596699553
C01 475.003 83.07871889655698
C01 500.018 83.5857434463447
C01 525.002 84.27140271885062
C01 550.029 85.62542595729724
C01 575.023 87.4131920038548
C01 599.982 89.23283559224839
C01 619.997 90.49316268351843
C01 624.979 90.9200587098906
C01 650.012 92.48122163000518
C01 675.004 94.11735228347348
C01 700.03 95.40042112266495
C01 725.012 96.37701316368661
C01 750.022 97.99982562653241
C01 774.987 99.78516599249485
C01 799.976 100.28326420069034
C01 824.988 100.03441284965992
C01 850.022 98.97424829941717
C01 869.967 97.11249472940594
C01 875.002 96.05376560529365
C01 899.999 89.55132673977458
C01 919.999 81.8767857971237
C01 925.012 78.9780513766403
C01 949.965 67.22498319258541
C01 975.002 51.41132661862508
C01 999.976 32.32532908104529
C01 1025.028 15.78265468753356
C01 1050.014 6.3946106104013145
C01 1075.002 0.8374319006425124
C01 1099.99 0.09074368169739329
C02 319.994 49.16646619972084
C02 324.969 50.040089479380356
C02 349.982 55.9706531895588
C02 374.975 67.62853481592802
C02 400.019 79.24766136108317
C02 424.965 82.09806880977186
C02 450.035 82.10046398144506
C02 475.003 83.1604784027094
C02 500.018 83.62658075341507
C02 525.002 84.26685632633198
C02 550.029 85.57073216056145
C02 575.023 87.32177149306466
C02 599.982 89.12302102123819
C02 619.997 90.37378813225877
C02 624.979 90.79463082464473
C02 650.012 92.35545223825312
C02 675.004 93.99864998424212
C02 700.03 95.3018869608445
C02 725.012 96.3245629064735
C02 750.022 98.01977478042689
C02 774.987 99.86989089967554
C02 799.976 100.40842788370878
C02 824.988 100.1655478822347
C02 850.022 99.12407075421578
C02 869.967 97.26078560621899
C02 875.002 96.19391416216318
C02 899.999 89.64129424442879
C02 919.999 81.92047448528255
C02 925.012 79.01295960322706
C02 949.965 67.30343920605196
C02 975.002 51.44779730786617
C02 999.976 32.33468711727577
C02 1025.028 15.775306144407349
C02 1050.014 6.3803308091767565
C02 1075.002 0.837601839034215
C02 1099.99 0.09076209613242137
C03 319.994 49.08425546774586
C03 324.969 49.91745035743367
C03 349.982 55.722508359225365
C03 374.975 67.41746136757594
C03 400.019 79.18502310360401
C03 424.965 82.13648552860913
C03 450.035 82.15983994172888
C03 475.003 83.2005600038564
C03 500.018 83.63117523761575
C03 525.002 84.23479390894074
C03 550.029 85.49737507773571
C03 575.023 87.22261131879884
C03 599.982 89.0090345356878
C03 619.997 90.25205945908071
C03 624.979 90.67418193083142
C03 650.012 92.23527889162679
C03 675.004 93.8794348494389
C03 700.03 95.20212093189834
C03 725.012 96.27298682021394
C03 750.022 98.0428212025742
C03 774.987 99.96502986231215
C03 799.976 100.54176542755715
C03 824.988 100.30734659247587
C03 850.022 99.28967156855458
C03 869.967 97.41253647812887
C03 875.002 96.34478622983623
C03 899.999 89.72691904862108
C03 919.999 81.9522165968907
C03 925.012 79.03658494115493
C03 949.965 67.40834995702434
C03 975.002 51.63600411583706
C03 999.976 32.420207956716304
C03 1025.028 15.793598797420511
C03 1050.014 6.363688895072046
C03 1075.002 0.8377982148524261
C03 1099.99 0.09078337531312507
C04 319.994 49.02029548082423
C04 324.969 49.7868616698835
C04 349.982 55.36200693303217
C04 374.975 67.03346511617099
C04 400.019 78.96727064324546
C04 424.965 82.05323652954856
C04 450.035 82.12400568144984
C04 475.003 83.14817702795195
C04 500.018 83.54593989821946
C04 525.002 84.11078396123551
C04 550.029 85.34450080785194
C04 575.023 87.04600902693501
C04 599.982 88.81468138872042
C04 619.997 90.05055728879118
C04 624.979 90.4694942968238
C04 650.012 92.02555351233165
C04 675.004 93.66866708366413
C04 700.03 95.01342474224138
C04 725.012 96.14087298392933
C04 750.022 97.96633545995621
C04 774.987 99.96271647609282
C04 799.976 100.57439947098334
C04 824.988 100.3563888384411
C04 850.022 99.3706540178317
C04 869.967 97.49750944466994
C04 875.002 96.41531076064904
C04 899.999 89.72426190477913
C04 919.999 81.89254142706739
C04 925.012 78.98856823161485
C04 949.965 67.52217069110988
C04 975.002 51.841413322234594
C04 999.976 32.521385870783945
C04 1025.028 15.798583434903719
C04 1050.014 6.360780988691335
C04 1075.002 0.8371441374080715
C04 1099.99 0.09071249982418034
C05 319.994 48.901459689890146
C05 324.969 49.62569714956127
C05 349.982 55.05480596183456
C05 374.975 66.73891250901156
C05 400.019 78.82966297076933
C05 424.965 82.0325181753951
C05 450.035 82.12699123512239
C05 475.003 83.12843127880252
C05 500.018 83.49124256381037
C05 525.002 84.02456350547706
C05 550.029 85.23726315174856
C05 575.023 86.92750348421676
C05 599.982 88.69495661046
C05 619.997 89.92645163814213
C05 624.979 90.34705533139655
C05 650.012 91.907424138412
C05 675.004 93.55875953177717
C05 700.03 94.91886753416627
C05 725.012 96.08670479075532
C05 750.022 97.96941747072997
C05 774.987 100.01796288758777
C05 799.976 100.66339861669599
C05 824.988 100.46009862995544
C05 850.022 99.5068114891399
C05 869.967 97.6379702021443
C05 875.002 96.55265274436216
C05 899.999 89.80630950147228
C05 919.999 81.97553983480641
C05 925.012 79.09983641406183
C05 949.965 67.72941208211454
C05 975.002 52.026364176830526
C05 999.976 32.61660498192831
C05 1025.028 15.820907983055653
C05 1050.014 6.395797352190356
C05 1075.002 0.8371700510770655
C05 1099.99 0.09071530781576628
C06 319.994 48.65337087931079
C06 324.969 49.32431164886222
C06 349.982 54.52470651448897
C06 374.975 66.13468728471142
C06 400.019 78.38288672225833
C06 424.965 81.75249463403796
C06 450.035 81.91539773478824
C06 475.003 82.90153673369126
C06 500.018 83.23966392392846
C06 525.002 83.74408252081876
C06 550.029 84.936088946807
C06 575.023 86.61649181616554
C06 599.982 88.37521680121336
C06 619.997 89.60635962389905
C06 624.979 90.02403087191684
C06 650.012 91.58158273658991
C06 675.004 93.23354523659131
C06 700.03 94.60644473955635
C06 725.012 95.78944865911491
C06 750.022 97.68579619214914
C06 774.987 99.75031250044476
C06 799.976 100.41571912106882
C06 824.988 100.22791400851504
C06 850.022 99.29146680197323
C06 869.967 97.4226456811944
C06 875.002 96.34547661681589
C06 899.999 89.62110436753551
C06 919.999 81.89678332743684
C06 925.012 79.04571291262707
C06 949.965 67.59710399310622
C06 975.002 51.757032649656814
C06 999.976 32.40470383198088
C06 1025.028 15.759248983938594
C06 1050.014 6.408787476886733
C06 1075.002 0.8347462914059374
C06 1099.99 0.09045267048855306
C07 319.994 48.20241196912132
C07 324.969 48.78102090457809
C07 349.982 53.569831219257914
C07 374.975 64.97861321253133
C07 400.019 77.54832883454053
C07 424.965 81.28801412164752
C07 450.035 81.64189207679028
C07 475.003 82.67063251538107
C07 500.018 83.004556509906
C07 525.002 83.48557448887287
C07 550.029 84.67462759204619
C07 575.023 86.34127514413015
C07 599.982 88.0830528886252
C07 619.997 89.29725351194179
C07 624.979 89.71325945873438
C07 650.012 91.26166655901861
C07 675.004 92.91382670171292
C07 700.03 94.28916291350615
C07 725.012 95.46072237314664
C07 750.022 97.33498097570883
C07 774.987 99.37826197084988
C07 799.976 100.05970718824486
C07 824.988 99.92522258334779
C07 850.022 99.01550079392312
C07 869.967 97.19843047719134
C07 875.002 96.14502425811494
C07 899.999 89.595762134162
C07 919.999 82.02171017896372
C07 925.012 79.16840716759916
C07 949.965 67.48374423884198
C07 975.002 51.43406480636274
C07 999.976 32.23188606150037
C07 1025.028 15.716684874504432
C07 1050.014 6.435141163937764
C07 1075.002 0.8317486119605944
C07 1099.99 0.09012784351550568
C10 319.994 49.05436678349971
C10 324.969 49.97984709020569
C10 349.982 55.994357424932375
C10 374.975 67.36830360714185
C10 400.019 78.71701931668092
C10 424.965 81.62738735453638
C10 450.035 81.7829747202353
C10 475.003 82.99723931098636
C10 500.018 83.56160708934378
C10 525.002 84.26558364309741
C10 550.029 85.61743611913455
C10 575.023 87.35306368780279
C10 599.982 89.11864280323174
C10 619.997 90.3407390031909
C10 624.979 90.75720070375282
C10 650.012 92.30711649417115
C10 675.004 93.93885488741498
C10 700.03 95.28918808368442
C10 725.012 96.47866784335487
C10 750.022 98.37650989874946
C10 774.987 100.46454568210993
C10 799.976 101.0844176868247
C10 824.988 100.81709172752812
C10 850.022 99.8202501542449
C10 869.967 97.90789495006788
C10 875.002 96.8169208734432
C10 899.999 90.13757658111456
C10 919.999 82.14100280568016
C10 925.012 79.20763238775274
C10 949.965 67.66968423392518
C10 975.002 51.99765228408152
C10 999.976 32.79987016643931
C10 1025.028 15.932608047831682
C10 1050.014 6.31612047797578
C10 1075.002 0.8406486210281272
C10 1099.99 0.0910922438318878
C11 319.994 49.156565713483445
C11 324.969 50.045763967594716
C11 349.982 55.97072328586843
C11 374.975 67.50501402568518
C11 400.019 79.03552522466309
C11 424.965 81.99040695167363
C11 450.035 82.11357147601258
C11 475.003 83.27110755589409
C11 500.018 83.77704245351367
C11 525.002 84.42956044442782
C11 550.029 85.73871698315365
C11 575.023 87.44694027201713
C11 599.982 89.19356916583443
C11 619.997 90.40735532051903
C11 624.979 90.82204196430789
C11 650.012 92.36547306324572
C11 675.004 93.99079671115652
C11 700.03 95.34939749048289
C11 725.012 96.5695284121184
C11 750.022 98.50982212219344
C11 774.987 100.64573039620424
C11 799.976 101.29023013003186
C11 824.988 101.02134040997836
C11 850.022 100.03468586246544
C11 869.967 98.13418615112904
C11 875.002 97.0402910781861
C11 899.999 90.34488532435155
C11 919.999 82.36622030165623
C11 925.012 79.44563261019948
C11 949.965 67.85550726397909
C11 975.002 51.912937324709596
C11 999.976 32.74394981318079
C11 1025.028 15.977739038451793
C11 1050.014 6.363290322186771
C11 1075.002 0.8417874830435553
C11 1099.99 0.0912156503227869
C12 319.994 49.00652691505461
C12 324.969 49.838018841225605
C12 349.982 55.587440559045135
C12 374.975 67.16149275670529
C12 400.019 78.86276524367946
C12 424.965 81.92406682766395
C12 450.035 82.0744698623521
C12 475.003 83.2102815700085
C12 500.018 83.67454716847017
C12 525.002 84.28166085239187
C12 550.029 85.5469227477923
C12 575.023 87.21913946192142
C12 599.982 88.94640233150115
C12 619.997 90.14970467599478
C12 624.979 90.55788092574599
C12 650.012 92.09546962742519
C12 675.004 93.72358641542742
C12 700.03 95.09953377515194
C12 725.012 96.35754575662534
C12 750.022 98.35016023238177
C12 774.987 100.53787926176842
C12 799.976 101.20844547181231
C12 824.988 100.9557500266195
C12 850.022 99.99284253164448
C12 869.967 98.10345989032349
C12 875.002 97.00603437642398
C12 899.999 90.26619411987981
C12 919.999 82.27421867680653
C12 925.012 79.36327325034425
C12 949.965 67.82175941288259
C12 975.002 51.885375378532444
C12 999.976 32.699001273581416
C12 1025.028 15.94463193237566
C12 1050.014 6.339016874398829
C12 1075.002 0.840422714550787
C12 1099.99 0.09106776472444345
C13 319.994 48.92602742446031
C13 324.969 49.710588096917064
C13 349.982 55.30314550413919
C13 374.975 66.91820951116541
C13 400.019 78.78630278388893
C13 424.965 81.95566174287687
C13 450.035 82.1328024020922
C13 475.003 83.2514450263771
C13 500.018 83.68199789034894
C13 525.002 84.24413203050518
C13 550.029 85.46954025031971
C13 575.023 87.11347524136555
C13 599.982 88.81889914847532
C13 619.997 90.0146969267528
C13 624.979 90.42480537065808
C13 650.012 91.95517042220027
C13 675.004 93.58688129134487
C13 700.03 94.97954839628444
C13 725.012 96.2840013742287
C13 750.022 98.32892945024474
C13 774.987 100.57442007512039
C13 799.976 101.27440430746722
C13 824.988 101.0352588341519
C13 850.022 100.09601921685667
C13 869.967 98.21912903075622
C13 875.002 97.11608356182191
C13 899.999 90.3198448718576
C13 919.999 82.3085073714596
C13 925.012 79.40579169942112
C13 949.965 67.89943795291919
C13 975.002 51.9514906206782
C13 999.976 32.703695898828464
C13 1025.028 15.932173100239657
C13 1050.014 6.315951114422427
C13 1075.002 0.8402408742310953
C13 1099.99 0.09104806060273853
C14 319.994 48.82193377207259
C14 324.969 49.55182316070675
C14 349.982 54.9683538466229
C14 374.975 66.60142993779591
C14 400.019 78.63237992245102
C14 424.965 81.92151440001574
C14 450.035 82.13363256880217
C14 475.003 83.23943870304372
C14 500.018 83.63442200645089
C14 525.002 84.16135395289324
C14 550.029 85.3443864494813
C14 575.023 86.95727200377503
C14 599.982 88.64641416893286
C14 619.997 89.82816514342001
C14 624.979 90.23727352642572
C14 650.012 91.76454508748616
C14 675.004 93.39475165418943
C14 700.03 94.80270702668291
C14 725.012 96.14354110570929
C14 750.022 98.24110740067181
C14 774.987 100.53496271544573
C14 799.976 101.2709045135344
C14 824.988 101.04564810696053
C14 850.022 100.13815796583512
C14 869.967 98.2823190716442
C14 875.002 97.18298356099153
C14 899.999 90.37518118045536
C14 919.999 82.37855644048577
C14 925.012 79.48240938624053
C14 949.965 68.00930251689657
C14 975.002 52.01832792229931
C14 999.976 32.76312785674319
C14 1025.028 15.952773046669561
C14 1050.014 6.317909866755019
C14 1075.002 0.8394900129251767
C14 1099.99 0.09096669766529741
C15 319.994 48.71550354502068
C15 324.969 49.395318210161605
C15 349.982 54.63957489477718
C15 374.975 66.2831769710619
C15 400.019 78.48196919747052
C15 424.965 81.89773006670528
C15 450.035 82.15763124130785
C15 475.003 83.25619611084677
C15 500.018 83.62241508773978
C15 525.002 84.11022428728296
C15 550.029 85.26428222278727
C15 575.023 86.84839366244181
C15 599.982 88.5162672451911
C15 619.997 89.68983572053267
C15 624.979 90.0954447061547
C15 650.012 91.61510542004491
C15 675.004 93.24796586670169
C15 700.03 94.67034974773193
C15 725.012 96.04078421049091
C15 750.022 98.17155618229478
C15 774.987 100.5068814134172
C15 799.976 101.2682643181114
C15 824.988 101.06080897535108
C15 850.022 100.18449316761495
C15 869.967 98.34896158590054
C15 875.002 97.25461871433681
C15 899.999 90.47596127320881
C15 919.999 82.50754483947523
C15 925.012 79.59861741207243
C15 949.965 68.09146012952519
C15 975.002 52.04161099751142
C15 999.976 32.84792140384159
C15 1025.028 15.983919436616567
C15 1050.014 6.340581243050646
C15 1075.002 0.8388953945004449
C15 1099.99 0.0909022651245453
C16 319.994 48.4533129072212
C16 324.969 49.08164804614743
C16 349.982 54.12533279036592
C16 374.975 65.728058292988
C16 400.019 78.09067542180631
C16 424.965 81.66036196036997
C16 450.035 81.98791927068133
C16 475.003 83.08622379431799
C16 500.018 83.42648330900178
C16 525.002 83.88049729667775
C16 550.029 84.99695047166648
C16 575.023 86.55571915986333
C16 599.982 88.20191424867492
C16 619.997 89.36313083306901
C16 624.979 89.76344586242365
C16 650.012 91.27409881248536
C16 675.004 92.9048559063364
C16 700.03 94.33191326523902
C16 725.012 95.7063035992023
C16 750.022 97.84468757926737
C16 774.987 100.17441803744327
C16 799.976 100.95428828741474
C16 824.988 100.76730249056122
C16 850.022 99.89689222905416
C16 869.967 98.0846480474166
C16 875.002 97.0023948363682
C16 899.999 90.31265365431304
C16 919.999 82.38247370562286
C16 925.012 79.4428977983545
C16 949.965 67.78604379717576
C16 975.002 51.67672359023172
C16 999.976 32.6688326878017
C16 1025.028 15.930523060961976
C16 1050.014 6.339689540949954
C16 1075.002 0.8361021621954895
C16 1099.99 0.09059959193644096
C17 319.994 48.16881621930217
C17 324.969 48.71351185030977
C17 349.982 53.4406203551713
C17 374.975 65.03132839063427
C17 400.019 77.76287859777715
C17 424.965 81.66230885713466
C17 450.035 82.15210187404693
C17 475.003 83.29160984715652
C17 500.018 83.60857803282207
C17 525.002 84.0065926048637
C17 550.029 85.0760788402643
C17 575.023 86.5814472870293
C17 599.982 88.17818935005353
C17 619.997 89.30768326244754
C17 624.979 89.70786110355176
C17 650.012 91.19749194029211
C17 675.004 92.82035285091246
C17 700.03 94.24492215463353
C17 725.012 95.61016759877126
C17 750.022 97.72768560095777
C17 774.987 100.03305716004846
C17 799.976 100.82583203510426
C17 824.988 100.68601767381061
C17 850.022 99.8282794682692
C17 869.967 98.04203745562629
C17 875.002 96.97537969368614
C17 899.999 90.38497801827707
C17 919.999 82.40202396072696
C17 925.012 79.43008284232695
C17 949.965 67.69888420947127
C17 975.002 51.626804543262224
C17 999.976 32.627486274222996
C17 1025.028 15.911030504909226
C17 1050.014 6.35809092094462
C17 1075.002 0.8351025064506169
C17 1099.99 0.09049126976403495
