lsstCam/transmission_sensor/r42_s22/19700101T000000.ecsv
# %ECSV 1.0
# ---
# datatype:
# - {name: amp_name, datatype: string}
# - {name: wavelength, unit: nm, datatype: float32}
# - {name: efficiency, unit: '%', datatype: float64}
# meta: !!omap
# - {MODE: AMP}
# - {TYPE: transmission_sensor}
# - {CALIBDATE: '1970-01-01T00:00:00'}
# - {INSTRUME: LSSTCam}
# - {OBSTYPE: transmission_sensor}
# - {DETECTOR: 179}
# - {PARQUETFILE: qe_raft_allvalues_nircorrected_20230725_adjust.parquet}
# - {CORRFILE: qe_corr_factor_bydetnum.parquet}
# - {CALIBCLS: lsst.ip.isr.IntermediateSensorTransmissionCurve}
# - {CALIB_ID: 'raftName=R42 detectorName=S22 detector=179 calibDate=1970-01-01T00:00:00 ccd=179 ccdnum=179 filter=None'}
# - {DATE: '2025-03-03T21:56:48.395867'}
# - {CALIB_CREATION_DATE: '2025-03-03'}
# - {CALIB_CREATION_TIME: '21:56:48'}
# - __serialized_columns__:
#     efficiency:
#       __class__: astropy.units.quantity.Quantity
#       unit: !astropy.units.Unit {unit: '%'}
#       value: !astropy.table.SerializedColumn {name: efficiency}
#     wavelength:
#       __class__: astropy.units.quantity.Quantity
#       unit: !astropy.units.Unit {unit: nm}
#       value: !astropy.table.SerializedColumn {name: wavelength}
# schema: astropy-2.0
amp_name wavelength efficiency
C00 319.994 49.864144731169645
C00 324.969 50.45684340761005
C00 349.982 54.938896556936996
C00 374.975 65.40309257138837
C00 400.019 77.66305079646553
C00 424.965 80.99670736500224
C00 450.035 81.46744151650994
C00 475.003 83.13702646826239
C00 500.018 82.7006160499955
C00 525.002 83.33855516626095
C00 550.029 85.20980532224223
C00 575.023 87.51832285226953
C00 599.982 88.64056332259852
C00 619.997 90.15504686201312
C00 624.979 90.50584512284397
C00 650.012 91.69313081191058
C00 675.004 93.32858162240875
C00 700.03 95.21116937918434
C00 725.012 96.17707229742332
C00 750.022 97.39319871948041
C00 774.987 99.02971882878258
C00 799.976 98.97356168237334
C00 824.988 99.41192110626173
C00 850.022 98.96447643437898
C00 869.967 97.78390230163541
C00 875.002 96.9424323959937
C00 899.999 92.17228284762007
C00 919.999 85.92959509093103
C00 925.012 83.51042409388722
C00 949.965 73.90914463059347
C00 975.002 58.484539717449074
C00 999.976 39.403410666392254
C00 1025.028 21.67882744629373
C00 1050.014 10.068875867424442
C00 1075.002 0.9278485308346223
C00 1099.99 0.09206027883248345
C01 319.994 49.87300626061991
C01 324.969 50.42162480019283
C01 349.982 54.774501345419594
C01 374.975 65.31632011099478
C01 400.019 77.73725709999212
C01 424.965 81.16341180691553
C01 450.035 81.6491161416794
C01 475.003 83.27922045815751
C01 500.018 82.7802371006573
C01 525.002 83.35812864294996
C01 550.029 85.17379801216107
C01 575.023 87.45016074127341
C01 599.982 88.56495403837162
C01 619.997 90.07935415731215
C01 624.979 90.4297808178494
C01 650.012 91.61565594253626
C01 675.004 93.24946109459137
C01 700.03 95.14400073019763
C01 725.012 96.15124228517891
C01 750.022 97.42097773734632
C01 774.987 99.1152399820651
C01 799.976 99.09022142352302
C01 824.988 99.52681385009697
C01 850.022 99.08994841106242
C01 869.967 97.91233949698814
C01 875.002 97.07102126493565
C01 899.999 92.26651764860335
C01 919.999 86.07115205175141
C01 925.012 83.66085395967707
C01 949.965 74.09750047736813
C01 975.002 58.31624649468868
C01 999.976 39.268095073768336
C01 1025.028 21.670735660308768
C01 1050.014 10.129093126225156
C01 1075.002 0.9281127089372303
C01 1099.99 0.09208649034112878
C02 319.994 49.787909793387215
C02 324.969 50.290874582604474
C02 349.982 54.49889526644529
C02 374.975 65.0927835752002
C02 400.019 77.68745507697126
C02 424.965 81.22761523723298
C02 450.035 81.74981223756352
C02 475.003 83.36117728209332
C02 500.018 82.8206808632232
C02 525.002 83.35363152102956
C02 550.029 85.11939269570733
C02 575.023 87.35870156697287
C02 599.982 88.4559613971571
C02 619.997 89.9605254838366
C02 624.979 90.30502929071476
C02 650.012 91.4910636726703
C02 675.004 93.13185339350906
C02 700.03 95.04573141174104
C02 725.012 96.09891489689751
C02 750.022 97.44080905913702
C02 774.987 99.19939607304462
C02 799.976 99.2138960681742
C02 824.988 99.65728347154527
C02 850.022 99.23994600712298
C02 869.967 98.06185173756319
C02 875.002 97.21265406255064
C02 899.999 92.35921296265604
C02 919.999 86.11707881456766
C02 925.012 83.69783198072926
C02 949.965 74.18397717426275
C02 975.002 58.35761546614883
C02 999.976 39.279463009280484
C02 1025.028 21.66064557478581
C02 1050.014 10.106473854272576
C02 1075.002 0.9283010490051863
C02 1099.99 0.0921051772696469
C03 319.994 49.704659952103285
C03 324.969 50.167620832163394
C03 349.982 54.25727544697578
C03 374.975 64.88962438611752
C03 400.019 77.62605002437495
C03 424.965 81.26562463869188
C03 450.035 81.80893460264204
C03 475.003 83.40135561587809
C03 500.018 82.82523107089985
C03 525.002 83.32191657352335
C03 550.029 85.04642253193289
C03 575.023 87.25949945594257
C03 599.982 88.34282806695681
C03 619.997 89.83935345340758
C03 624.979 90.18522990626819
C03 650.012 91.37201507249037
C03 675.004 93.01373758590285
C03 700.03 94.94623353721177
C03 725.012 96.04745963175414
C03 750.022 97.46371935478892
C03 774.987 99.29389630280905
C03 799.976 99.3456473314514
C03 824.988 99.7983626605596
C03 850.022 99.40574040750094
C03 869.967 98.21485247069032
C03 875.002 97.36512393811552
C03 899.999 92.44743390582671
C03 919.999 86.1504470041964
C03 925.012 83.7228581229508
C03 949.965 74.29961311868519
C03 975.002 58.57109983481776
C03 999.976 39.38335183421771
C03 1025.028 21.68576272116088
C03 1050.014 10.080112984465886
C03 1075.002 0.9285186892604355
C03 1099.99 0.09212677133583073
C04 319.994 49.639891537665996
C04 324.969 50.036377675410066
C04 349.982 53.90625346760084
C04 374.975 64.52002618390269
C04 400.019 77.41258461490467
C04 424.965 81.18325829606516
C04 450.035 81.7732533907777
C04 475.003 83.34884621928961
C04 500.018 82.74081713481866
C04 525.002 83.1992505582405
C04 550.029 84.89435459137945
C04 575.023 87.08282247553797
C04 599.982 88.14992959618496
C04 619.997 89.63877271534167
C04 624.979 89.9816460311357
C04 650.012 91.16425258997482
C04 675.004 92.80491338826275
C04 700.03 94.75804453138525
C04 725.012 95.91565528272069
C04 750.022 97.38768538451221
C04 774.987 99.29159844793234
C04 799.976 99.37789313651989
C04 824.988 99.84715605421215
C04 850.022 99.48681752461928
C04 869.967 98.30052529756206
C04 875.002 97.43639535769067
C04 899.999 92.44469619754126
C04 919.999 86.0877148076944
C04 925.012 83.67199438480539
C04 949.965 74.4250699280097
C04 975.002 58.80409701074002
C04 999.976 39.50626052724332
C04 1025.028 21.692606991874502
C04 1050.014 10.075506847153218
C04 1075.002 0.9277937854345017
C04 1099.99 0.09205484704417706
C05 319.994 49.51955371197769
C05 324.969 49.87440544948048
C05 349.982 53.607130398617755
C05 374.975 64.23651791092995
C05 400.019 77.27768612465111
C05 424.965 81.16275961048188
C05 450.035 81.77622619312643
C05 475.003 83.32905281589622
C05 500.018 82.68664691242822
C05 525.002 83.11396449902128
C05 550.029 84.78768255608001
C05 575.023 86.96426681452301
C05 599.982 88.03110092270941
C05 619.997 89.5152345769208
C05 624.979 89.85986730634978
C05 650.012 91.04722883221102
C05 675.004 92.69601933488121
C05 700.03 94.66374147728682
C05 725.012 95.8616139828811
C05 750.022 97.39074919101448
C05 774.987 99.34647395251267
C05 799.976 99.46583348355048
C05 824.988 99.9503395969595
C05 850.022 99.62313416293206
C05 869.967 98.44214292781814
C05 875.002 97.57519185918723
C05 899.999 92.52923147249383
C05 919.999 86.17496503989403
C05 925.012 83.78985993098938
C05 949.965 74.65349793705668
C05 975.002 59.01388812751141
C05 999.976 39.62193059822333
C05 1025.028 21.723260224256155
C05 1050.014 10.13097293077157
C05 1075.002 0.9278225051495139
C05 1099.99 0.09205769658791631
C06 319.994 49.26832916247074
C06 324.969 49.57150949996551
C06 349.982 53.090970007138225
C06 374.975 63.654948284098666
C06 400.019 76.83970588473579
C06 424.965 80.88570504873051
C06 450.035 81.56553641033891
C06 475.003 83.10161068517918
C06 500.018 82.43749270741412
C06 525.002 82.8365231696174
C06 550.029 84.4880968826498
C06 575.023 86.65312361359413
C06 599.982 87.71375427198137
C06 619.997 89.19660628436384
C06 624.979 89.53858472598145
C06 650.012 90.72443709962992
C06 675.004 92.37380396193916
C06 700.03 94.35215842294919
C06 725.012 95.56505419755584
C06 750.022 97.10880315601072
C06 774.987 99.0806204853253
C06 799.976 99.22110056366222
C06 824.988 99.71933313689577
C06 850.022 99.40753773953323
C06 869.967 98.225044935886
C06 875.002 97.36582163662594
C06 899.999 92.33841092989432
C06 919.999 86.09217401121751
C06 925.012 83.73252731426366
C06 949.965 74.50766378102026
C06 975.002 58.70838339226182
C06 999.976 39.364517766276144
C06 1025.028 21.638597922672606
C06 1050.014 10.151549349069326
C06 1075.002 0.9251362901241994
C06 1099.99 0.09179117280087963
C07 319.994 48.811670320042786
C07 324.969 49.025495954287464
C07 349.982 52.161203321531254
C07 374.975 62.54222153965358
C07 400.019 76.02157854447526
C07 424.965 80.42614924074843
C07 450.035 81.29319889721233
C07 475.003 82.87014920434778
C07 500.018 82.20465099692082
C07 525.002 82.58081666554894
C07 550.029 84.22801459553231
C07 575.023 86.37779054708042
C07 599.982 87.42377712042834
C07 619.997 88.88891365758973
C07 624.979 89.22948911850705
C07 650.012 90.4075151349517
C07 675.004 92.05703367085015
C07 700.03 94.03572939743593
C07 725.012 95.23709797926175
C07 750.022 96.76006007231383
C07 774.987 98.71106778518723
C07 799.976 98.8693240081809
C07 824.988 99.41817764181711
C07 850.022 99.13124912940742
C07 869.967 97.99898303483089
C07 875.002 97.16324639086176
C07 899.999 92.31230032150985
C07 919.999 86.2235005884449
C07 925.012 83.86249641286753
C07 949.965 74.38271507821962
C07 975.002 58.342038588535786
C07 999.976 39.154582559595
C07 1025.028 21.58015429690585
C07 1050.014 10.1932937126628
C07 1075.002 0.921814008768058
C07 1099.99 0.09146153909684043
C10 319.994 49.67439348737415
C10 324.969 50.230330277627004
C10 349.982 54.52197619488506
C10 374.975 64.84230980995989
C10 400.019 77.16726016801844
C10 424.965 80.76192423256688
C10 450.035 81.43367897554924
C10 475.003 83.19754423036176
C10 500.018 82.756333342996
C10 525.002 83.35237263023902
C10 550.029 85.16585031608587
C10 575.023 87.39000699578818
C10 599.982 88.4516159488259
C10 619.997 89.92762748233447
C10 624.979 90.26780100824035
C10 650.012 91.44318032055308
C10 675.004 93.07260968955916
C10 700.03 95.03306666704106
C10 725.012 96.25265883061184
C10 750.022 97.7954370780957
C10 774.987 99.79005853154973
C10 799.976 99.88184380406709
C10 824.988 100.30552122451884
C10 850.022 99.93693923535179
C10 869.967 98.71429084895819
C10 875.002 97.84225871508836
C10 899.999 92.87054255031887
C10 919.999 86.3489043120132
C10 925.012 83.90404739263475
C10 949.965 74.58766401565511
C10 975.002 58.98132001606583
C10 999.976 39.84455709248258
C10 1025.028 21.87663255767689
C10 1050.014 10.004764389220465
C10 1075.002 0.9316777499497544
C10 1099.99 0.09244021043525555
C11 319.994 49.777884169139675
C11 324.969 50.2965775095592
C11 349.982 54.49896351956044
C11 374.975 64.97389423228896
C11 400.019 77.47949541878972
C11 424.965 81.12109487552274
C11 450.035 81.76286374991602
C11 475.003 83.47207342685259
C11 500.018 82.96969258095382
C11 525.002 83.51457236655244
C11 550.029 85.2864914889526
C11 575.023 87.4839232822341
C11 599.982 88.52598150962118
C11 619.997 89.9939391755421
C11 624.979 90.33229261837731
C11 650.012 91.50099070908485
C11 675.004 93.124072538382
C11 700.03 95.09311424101382
C11 725.012 96.34330655121005
C11 750.022 97.92796187667794
C11 774.987 99.97002682884045
C11 799.976 100.08520775249522
C11 824.988 100.50873349935775
C11 850.022 100.15162561721529
C11 869.967 98.94244584554455
C11 875.002 98.06799451792665
C11 899.999 93.08413688233999
C11 919.999 86.58565920110843
C11 925.012 84.15615923263864
C11 949.965 74.79248403053975
C11 975.002 58.88522721361458
C11 999.976 39.77662628371002
C11 1025.028 21.93860069847318
C11 1050.014 10.079481643150752
C11 1075.002 0.9329399329516602
C11 1099.99 0.09256544307316096
C12 319.994 49.62594894297681
C12 324.969 50.08779123031641
C12 349.982 54.125759277761865
C12 374.975 64.64325339146565
C12 400.019 77.31013668906505
C12 424.965 81.05545812978717
C12 450.035 81.72392913956288
C12 475.003 83.41110064398556
C12 500.018 82.86818503136737
C12 525.002 83.36827560606888
C12 550.029 85.0957088647504
C12 575.023 87.2560261307494
C12 599.982 88.2806646464144
C12 619.997 89.73746671984807
C12 624.979 90.06955604344844
C12 650.012 91.23351433449281
C12 675.004 92.85932628839595
C12 700.03 94.84392211760245
C12 725.012 96.1318204820791
C12 750.022 97.76924304923716
C12 774.987 99.86289977277333
C12 799.976 100.00439606415803
C12 824.988 100.44347593759521
C12 850.022 100.10973337187232
C12 869.967 98.91146651494607
C12 875.002 98.03337502118686
C12 899.999 93.00305976522166
C12 919.999 86.48894453694136
C12 925.012 84.06891658411847
C12 949.965 74.7552860827832
C12 975.002 58.853963495036304
C12 999.976 39.7220237915903
C12 1025.028 21.893142227863645
C12 1050.014 10.041032388283114
C12 1075.002 0.9314273813257624
C12 1099.99 0.092415369090392
C13 319.994 49.54443197244974
C13 324.969 49.95972184341755
C13 349.982 53.84893981007379
C13 374.975 64.40909212074611
C13 400.019 77.23517960127181
C13 424.965 81.08671805652571
C13 450.035 81.78201254055523
C13 475.003 83.45236344393325
C13 500.018 82.87556395148299
C13 525.002 83.33115349510693
C13 550.029 85.01873451822051
C13 575.023 87.15031722274152
C13 599.982 88.15411578724748
C13 619.997 89.6030763361184
C13 624.979 89.93719808581434
C13 650.012 91.09452824100973
C13 675.004 92.7238817732212
C13 700.03 94.72425923938617
C13 725.012 96.05844838329322
C13 750.022 97.748137669297
C13 774.987 99.89919526267403
C13 799.976 100.06957020544648
C13 824.988 100.52258129805367
C13 850.022 100.2130306698116
C13 869.967 99.02808833769845
C13 875.002 98.14458968048349
C13 899.999 93.05833720481341
C13 919.999 86.52498976541985
C13 925.012 84.11395605643777
C13 949.965 74.84090582389871
C13 975.002 58.92895850122685
C13 999.976 39.72772671854503
C13 1025.028 21.87603534291933
C13 1050.014 10.00449611655953
C13 1075.002 0.9312258505367234
C13 1099.99 0.09239537339064607
C14 319.994 49.439022619780566
C14 324.969 49.80016122755658
C14 349.982 53.52295155659985
C14 374.975 64.10419028801368
C14 400.019 77.08428713103484
C14 424.965 81.05293276452663
C14 450.035 81.7828391616165
C14 475.003 83.44032814462854
C14 500.018 82.82844655099134
C14 525.002 83.24927250796573
C14 550.029 84.89424083618755
C14 575.023 86.99404792376666
C14 599.982 87.98292180709322
C14 619.997 89.4173975281935
C14 624.979 89.75067748946927
C14 650.012 90.90568703874956
C14 675.004 92.5335238350688
C14 700.03 94.54789318983947
C14 725.012 95.91831715421154
C14 750.022 97.66083435134112
C14 774.987 99.8600028072192
C14 799.976 100.06611204761224
C14 824.988 100.5329178531591
C14 850.022 100.25521867865355
C14 869.967 99.09179882885093
C14 875.002 98.21219818287895
C14 899.999 93.11535130700176
C14 919.999 86.59862729298686
C14 925.012 84.19511659403018
C14 949.965 74.96200201753311
C14 975.002 59.004772544799195
C14 999.976 39.799923347014435
C14 1025.028 21.904320571389267
C14 1050.014 10.007598789419042
C14 1075.002 0.9303936826671478
C14 1099.99 0.0923128064591237
C15 319.994 49.33124715911953
C15 324.969 49.6428719236942
C15 349.982 53.20281790366985
C15 374.975 63.79787030722204
C15 400.019 76.93683765127321
C15 424.965 81.02940060715892
C15 450.035 81.80673533559833
C15 475.003 83.45712599463481
C15 500.018 82.81655534159638
C15 525.002 83.19869694963984
C15 550.029 84.81455911609005
C15 575.023 86.88512353566726
C15 599.982 87.85374899483277
C15 619.997 89.27970066021881
C15 624.979 89.60961346781386
C15 650.012 90.75764603198995
C15 675.004 92.38809161404382
C15 700.03 94.41589166514004
C15 725.012 95.81580097525675
C15 750.022 97.59169394569452
C15 774.987 99.83211003416137
C15 799.976 100.06350326187763
C15 824.988 100.54800179160718
C15 850.022 100.30160804591692
C15 869.967 99.15899022887602
C15 875.002 98.28459198701435
C15 899.999 93.21918704618277
C15 919.999 86.73422348175085
C15 925.012 84.3182148790423
C15 949.965 75.05255873397779
C15 975.002 59.03118270852238
C15 999.976 39.90292867329446
C15 1025.028 21.94708683579012
C15 1050.014 10.043510355547019
C15 1075.002 0.9297346763449162
C15 1099.99 0.09224742045724854
C16 319.994 49.065742541187376
C16 324.969 49.3276297440166
C16 349.982 52.702097883573074
C16 374.975 63.263565962631894
C16 400.019 76.55324756045269
C16 424.965 80.79454922160842
C16 450.035 81.63774820616725
C16 475.003 83.28674346818289
C16 500.018 82.62251173522591
C16 525.002 82.97145957826825
C16 550.029 84.54863739578754
C16 575.023 86.59232525535471
C16 599.982 87.54174883812479
C16 619.997 88.95448973388963
C16 624.979 89.27940489671983
C16 650.012 90.41983103039648
C16 675.004 92.04814559852177
C16 700.03 94.07836484336607
C16 725.012 95.48210391161064
C16 750.022 97.26675603182593
C16 774.987 99.50187871202897
C16 799.976 99.7532625188046
C16 824.988 100.25598463027912
C16 850.022 100.01367090413892
C16 869.967 98.89249973261393
C16 875.002 98.02969693664824
C16 899.999 93.05092794997995
C16 919.999 86.60274523093422
C16 925.012 84.15326226708451
C16 949.965 74.71591920270076
C16 975.002 58.61728823457542
C16 999.976 39.685375660594666
C16 1025.028 21.873769718680336
C16 1050.014 10.042097895247394
C16 1075.002 0.9266389805644544
C16 1099.99 0.0919402683658684
C17 319.994 48.77764993398041
C17 324.969 48.957648565988976
C17 349.982 52.03539007927206
C17 374.975 62.59296014708789
C17 400.019 76.23190431064866
C17 424.965 80.79647547619153
C17 450.035 81.8012295843096
C17 475.003 83.49262519819209
C17 500.018 82.80285163281023
C17 525.002 83.09618835436451
C17 550.029 84.62734840491402
C17 575.023 86.61806426344559
C17 599.982 87.51820151339815
C17 619.997 88.89929571477194
C17 624.979 89.2241198734486
C17 650.012 90.34394115002952
C17 675.004 91.96442177727153
C17 700.03 93.99160755033141
C17 725.012 95.38619311746645
C17 750.022 97.15044513993146
C17 774.987 99.36146688680721
C17 799.976 99.62633447566463
C17 824.988 100.17511227250624
C17 850.022 99.94497793558052
C17 869.967 98.84953818846695
C17 875.002 98.00239569058837
C17 899.999 93.12544518436445
C17 919.999 86.62329700227373
C17 925.012 84.13968748084919
C17 949.965 74.6198491512879
C17 975.002 58.56066469187932
C17 999.976 39.63514895152398
C17 1025.028 21.847005017942344
C17 1050.014 10.071245767256027
C17 1075.002 0.9255310777001541
C17 1099.99 0.09183034326148196
