lsstCam/transmission_filter_detector/r21_s10/u_24/19700101T000000.ecsv
# %ECSV 1.0
# ---
# datatype:
# - {name: wavelength, unit: nm, datatype: float32}
# - {name: efficiency, unit: '%', datatype: float64}
# meta: !!omap
# - {MODE: DETECTOR}
# - {TYPE: transmission_filter_detector}
# - {CALIBDATE: '1970-01-01T00:00:00'}
# - {INSTRUME: LSSTCam}
# - {OBSTYPE: transmission_filter_detector}
# - {CALIBCLS: lsst.ip.isr.IntermediateFilterDetectorTransmissionCurve}
# - {SOURCE: Materion (DM-46256)}
# - {DETECTOR: 84}
# - {FILTER: u_24}
# - {CALIB_ID: 'calibDate=1970-01-01T00:00:00 filter=u_24 detector=84'}
# - {DATE: '2025-04-02T15:59:40.137847'}
# - {CALIB_CREATION_DATE: '2025-04-02'}
# - {CALIB_CREATION_TIME: '15:59:40'}
# - __serialized_columns__:
#     efficiency:
#       __class__: astropy.units.quantity.Quantity
#       unit: !astropy.units.Unit {unit: '%'}
#       value: !astropy.table.SerializedColumn {name: efficiency}
#     wavelength:
#       __class__: astropy.units.quantity.Quantity
#       unit: !astropy.units.Unit {unit: nm}
#       value: !astropy.table.SerializedColumn {name: wavelength}
# schema: astropy-2.0
wavelength efficiency
[from data line 580]
875.0 0.002334901364520192
876.0 0.0024232127543655224
877.0 0.002257442247355357
878.0 0.0020916719222441316
879.0 0.0021965115593047813
880.0 0.0023013513782643713
881.0 0.0024473085431964137
882.0 0.0025932660719263367
883.0 0.002627968387969304
884.0 0.0026626710678101517
885.0 0.002574532300059218
886.0 0.0024863937142072245
887.0 0.0023684455300099216
888.0 0.0022504973458126187
889.0 0.0023384387532132678
890.0 0.002426380160613917
891.0 0.0024342050892300904
892.0 0.002442030017846264
893.0 0.0025607880161260255
894.0 0.0026795456506079063
895.0 0.0029041431844234467
896.0 0.0031287410820368677
897.0 0.0034546999813755974
898.0 0.003780659244512208
899.0 0.003973412822233513
900.0 0.0041661660361569375
901.0 0.004167530642007478
902.0 0.004168895611655898
903.0 0.004428282409207895
904.0 0.004687668842962012
905.0 0.004726423867396079
906.0 0.004765178891830146
907.0 0.005112869257573038
908.0 0.005460559987113811
909.0 0.005583851088886149
910.0 0.005707142190658487
911.0 0.005683677227352746
912.0 0.005660212627844885
913.0 0.005529613918042742
914.0 0.0053990152082405984
915.0 0.005072984276921488
916.0 0.004746953709400259
917.0 0.004471930878935382
918.0 0.004196908412268385
919.0 0.004331825766712427
920.0 0.004466743121156469
921.0 0.004659605474444106
922.0 0.004852468191529624
923.0 0.005192678509047255
924.0 0.005532888098969124
925.0 0.005873086411156692
926.0 0.006213285814737901
927.0 0.0067019660491496325
928.0 0.007190644828369841
929.0 0.007177171210059896
930.0 0.007163696136558428
931.0 0.007115038170013577
932.0 0.007066377293085679
933.0 0.006967206718400121
934.0 0.006868036143714562
935.0 0.007261974678840488
936.0 0.0076559117587748915
937.0 0.007417045708280057
938.0 0.007178181112976745
939.0 0.007201180414995179
940.0 0.007224180444609374
941.0 0.005946508827037178
942.0 0.004668835390475579
943.0 0.004030469790450297
944.0 0.0033921049180207774
945.0 0.003022915552719496
946.0 0.0026537265512160957
947.0 0.002192501960962545
948.0 0.0017312773707089946
949.0 0.0014422882486542221
950.0 0.0011532990356499795
951.0 0.001242127655132208
952.0 0.0013309558198670857
953.0 0.0015315901691792533
954.0 0.0017322241546935402
955.0 0.0019114808310405351
956.0 0.0020907371435896493
957.0 0.002451834370731376
958.0 0.002812931597873103
959.0 0.003006141741934698
960.0 0.003199351340299472
961.0 0.003899689909303561
962.0 0.0046000284783076495
963.0 0.004631227056961507
964.0 0.004662426363211125
965.0 0.004526176417130046
966.0 0.004389926834846847
967.0 0.004410780456964858
968.0 0.004431634079082869
969.0 0.004605146023095585
970.0 0.004778657967108302
971.0 0.004718884520116262
972.0 0.004659110709326342
973.0 0.004441018245415762
974.0 0.004222926145303063
975.0 0.004309950600145385
976.0 0.0043969746911898255
977.0 0.0036878576793242246
978.0 0.0029787404855596833
979.0 0.0029389053452177905
980.0 0.002899070386774838
981.0 0.0026780950065585785
982.0 0.0024571198082412593
983.0 0.002761275572993327
984.0 0.003065431519644335
985.0 0.003354686123202555
986.0 0.003643941818154417
987.0 0.003968394958064891
988.0 0.004292847734177485
989.0 0.0049742178816813976
990.0 0.005655587301589549
991.0 0.005943164433119819
992.0 0.006230740837054327
993.0 0.00630320209893398
994.0 0.00637566190562211
995.0 0.006107758963480592
996.0 0.005839855293743312
997.0 0.005489157774718478
998.0 0.005138461710885167
999.0 0.005798494385089725
1000.0 0.006458526331698522
1001.0 0.006388955080183223
1002.0 0.0063193816458806396
1003.0 0.006121493788668886
1004.0 0.005923605567659251
1005.0 0.005774079909315333
1006.0 0.005624554250971414
1007.0 0.0054749223636463284
1008.0 0.00532528902112972
1009.0 0.004791098035639152
1010.0 0.004256907050148584
1011.0 0.00399577766074799
1012.0 0.0037346489989431575
1013.0 0.0030407943995669484
1014.0 0.0023469398001907393
1015.0 0.002038302227447275
1016.0 0.0017296644728048705
1017.0 0.0015433632142958231
1018.0 0.0013570619557867758
1019.0 0.0012038086424581707
1020.0 0.0010505555110285059
1021.0 0.0010033557373390067
1022.0 0.0009561560545989778
1023.0 0.0010989935617544688
1024.0 0.0012418312508089002
1025.0 0.0010798787116073072
1026.0 0.0009179264452541247
1027.0 0.0011128106052638032
1028.0 0.0013076947652734816
1029.0 0.001442884240532294
1030.0 0.0015780738976900466
1031.0 0.001778380828909576
1032.0 0.0019786879420280457
1033.0 0.0017379807104589418
1034.0 0.0014972734788898379
1035.0 0.0017608035705052316
1036.0 0.002024333480221685
1037.0 0.0021131188987055793
1038.0 0.002201904499088414
1039.0 0.00195584671018878
1040.0 0.0017097891031880863
1041.0 0.0017150909116026014
1042.0 0.0017203930838149972
1043.0 0.0019802482711384073
1044.0 0.002240103822259698
1045.0 0.0017295044017373584
1046.0 0.0012189052540634293
1047.0 0.0018969843949889764
1048.0 0.0025750636268639937
1049.0 0.002176690031774342
1050.0 0.0017783164366846904
1051.0 0.001762593637977261
1052.0 0.0017468710211687721
1053.0 0.0016665640941937454
1054.0 0.001586257349117659
1055.0 0.0012631516256078612
1056.0 0.0009400460839970037
1057.0 0.0009865996617008932
1058.0 0.0010331533303542528
1059.0 0.0009447621778235771
1060.0 0.0008563712981413119
1061.0 0.0006505626060970826
1062.0 0.0004447540504770586
1063.0 0.0006343129825836513
1064.0 0.0008238717782660387
1065.0 0.0008791498657956254
1066.0 0.0009344280442746822
1067.0 0.0010298745110048912
1068.0 0.0011253207048866898
1069.0 0.0017128784747910686
1070.0 0.002300436062796507
1071.0 0.002554604179749731
1072.0 0.0028087721148040146
1073.0 0.0020940378817613237
1074.0 0.0013793034668196924
1075.0 0.002544540438975673
1076.0 0.003709776865434833
1077.0 0.003241852391511202
1078.0 0.00277392755378969
1079.0 0.004036927202832885
1080.0 0.005299925760482438
1081.0 0.004306743721826933
1082.0 0.003313562774565071
1083.0 0.002418207259324845
1084.0 0.0015228521078824997
1085.0 0.0021003208530601114
1086.0 0.002677789598237723
1087.0 0.003760794788831845
1088.0 0.004843799615628086
1089.0 0.005450026219477877
1090.0 0.006056253187125549
1091.0 0.003301140168332495
1092.0 0.0005460262400447391
1093.0 0.0015198318578768522
1094.0 0.002493636930012144
1095.0 0.0022823231120128185
1096.0 0.002071009475912433
1097.0 0.001770398739608936
1098.0 0.001469788003305439
1099.0 0.0020323732314864174
1100.0 0.002594958095869515
