lsstCam/transmission_filter_detector/r21_s10/u_24/19700101T000000.ecsv
# %ECSV 1.0
# ---
# datatype:
# - {name: wavelength, unit: nm, datatype: float32}
# - {name: efficiency, unit: '%', datatype: float64}
# meta: !!omap
# - {MODE: DETECTOR}
# - {TYPE: transmission_filter_detector}
# - {CALIBDATE: '1970-01-01T00:00:00'}
# - {INSTRUME: LSSTCam}
# - {OBSTYPE: transmission_filter_detector}
# - {CALIBCLS: lsst.ip.isr.IntermediateFilterDetectorTransmissionCurve}
# - {SOURCE: Materion (DM-46256)}
# - {DETECTOR: 84}
# - {FILTER: u_24}
# - {CALIB_ID: 'calibDate=1970-01-01T00:00:00 filter=u_24 detector=84'}
# - {DATE: '2025-04-02T15:59:40.137847'}
# - {CALIB_CREATION_DATE: '2025-04-02'}
# - {CALIB_CREATION_TIME: '15:59:40'}
# - __serialized_columns__:
#     efficiency:
#       __class__: astropy.units.quantity.Quantity
#       unit: !astropy.units.Unit {unit: '%'}
#       value: !astropy.table.SerializedColumn {name: efficiency}
#     wavelength:
#       __class__: astropy.units.quantity.Quantity
#       unit: !astropy.units.Unit {unit: nm}
#       value: !astropy.table.SerializedColumn {name: wavelength}
# schema: astropy-2.0
wavelength efficiency
295.0 1.5917230641177005e-10
296.0 1.5917230641177005e-10
297.0 1.5917230641177005e-10
298.0 1.5917230641177005e-10
299.0 1.5917230641177005e-10
300.0 1.5917230641177005e-10
301.0 1.5917230641177005e-10
302.0 1.5917230641177005e-10
303.0 1.5917230641177005e-10
304.0 0.18196958117187023
305.0 0.6389733869582415
306.0 1.3863874599337578
307.0 2.80559528619051
308.0 4.797709360718727
309.0 7.854242622852325
310.0 11.262865364551544
311.0 15.037950873374939
312.0 18.726933002471924
313.0 21.88383787870407
314.0 25.144025683403015
315.0 27.39727795124054
316.0 29.53457236289978
317.0 31.938204169273376
318.0 34.70947742462158
319.0 38.05193305015564
320.0 43.2174026966095
321.0 48.4514981508255
322.0 54.52408194541931
323.0 60.08185148239136
324.0 64.89406228065491
325.0 68.14299821853638
326.0 70.67468762397766
327.0 72.64243364334106
328.0 74.48354959487915
329.0 75.88189244270325
330.0 77.28739976882935
331.0 78.08399796485901
332.0 78.53779792785645
333.0 78.73554825782776
334.0 78.52073311805725
335.0 78.5906195640564
336.0 78.7011981010437
337.0 79.22168374061584
338.0 80.05771040916443
339.0 80.63971400260925
340.0 81.10114932060242
341.0 81.65943622589111
342.0 81.93616271018982
343.0 81.85715079307556
344.0 82.07971453666687
345.0 82.43998885154724
346.0 82.65469670295715
347.0 83.07089805603027
348.0 83.40617418289185
349.0 83.55075120925903
350.0 83.6399257183075
351.0 83.80951881408691
352.0 83.72478485107422
353.0 83.65185856819153
354.0 83.55855345726013
355.0 83.80343317985535
356.0 83.9514434337616
357.0 83.87821912765503
358.0 83.62250328063965
359.0 83.36111307144165
360.0 83.23554992675781
361.0 83.05538296699524
362.0 82.8844964504242
363.0 83.00654292106628
364.0 83.13362002372742
365.0 83.37533473968506
366.0 83.53773951530457
367.0 83.65709781646729
368.0 83.55934023857117
369.0 83.60793590545654
370.0 83.25778841972351
371.0 83.06469321250916
372.0 83.07833075523376
373.0 83.16657543182373
374.0 83.17387104034424
375.0 83.49383473396301
376.0 83.5728108882904
377.0 83.61695408821106
378.0 83.67947340011597
379.0 83.45890045166016
380.0 82.82667994499207
381.0 81.64458274841309
382.0 79.96073365211487
383.0 77.98542380332947
384.0 75.88078379631042
385.0 73.60312938690186
386.0 71.18523120880127
387.0 68.00237894058228
388.0 64.75022435188293
389.0 60.916125774383545
390.0 56.93409442901611
391.0 52.72093415260315
392.0 48.25264811515808
393.0 44.39554512500763
394.0 41.13789498806
395.0 37.8045529127121
396.0 34.40972864627838
397.0 29.96092438697815
398.0 24.688419699668884
399.0 18.059636652469635
400.0 11.803001165390015
401.0 6.738229840993881
402.0 3.127032518386841
403.0 1.0984892025589943
404.0 0.3443885361775756
405.0 0.15520976157858968
406.0 0.044039185740984976
407.0 0.04380382306408137
408.0 0.009272438910556957
409.0 1.5917230641177005e-10
410.0 1.5917230641177005e-10
411.0 1.5917230641177005e-10
412.0 1.5917230641177005e-10
413.0 1.5917230641177005e-10
414.0 1.5917230641177005e-10
415.0 1.5917230641177005e-10
416.0 1.5917230641177005e-10
417.0 1.5917230641177005e-10
418.0 1.5917230641177005e-10
419.0 1.5917230641177005e-10
420.0 1.5917230641177005e-10
421.0 1.5917230641177005e-10
422.0 1.5917230641177005e-10
423.0 1.5917230641177005e-10
424.0 1.5917230641177005e-10
425.0 1.5917230641177005e-10
426.0 1.5917230641177005e-10
427.0 1.5917230641177005e-10
428.0 1.5917230641177005e-10
429.0 1.5917230641177005e-10
430.0 1.5917230641177005e-10
431.0 1.5917230641177005e-10
432.0 1.5917230641177005e-10
433.0 1.5917230641177005e-10
434.0 0.001130583586927969
435.0 0.0014376588296727277
436.0 0.0017447344362153672
437.0 0.0008610275472165085
438.0 1.5917230641177005e-10
439.0 0.0007162832844187506
440.0 0.0014552461834682617
441.0 1.5917230641177005e-10
442.0 1.5917230641177005e-10
443.0 1.5917230641177005e-10
444.0 1.5917230641177005e-10
445.0 1.5917230641177005e-10
446.0 1.5917230641177005e-10
447.0 1.5917230641177005e-10
448.0 1.5917230641177005e-10
449.0 1.5917230641177005e-10
450.0 1.5917230641177005e-10
451.0 1.5917230641177005e-10
452.0 1.5917230641177005e-10
453.0 0.00020925999706378207
454.0 0.0010105160072271246
455.0 0.000525644054505392
456.0 4.077190851603518e-05
457.0 1.5917230641177005e-10
458.0 1.5917230641177005e-10
459.0 1.5917230641177005e-10
460.0 1.5917230641177005e-10
461.0 1.5917230641177005e-10
462.0 1.5917230641177005e-10
463.0 1.5917230641177005e-10
464.0 0.00040155055103241466
465.0 0.0006430731900763931
466.0 0.0008845959200698417
467.0 0.0005697247161151608
468.0 0.00025485378500889055
469.0 0.00025205413294315804
470.0 0.00024925418529164745
471.0 1.5917230641177005e-10
472.0 1.5917230641177005e-10
473.0 1.5917230641177005e-10
474.0 1.5917230641177005e-10
475.0 1.5917230641177005e-10
476.0 1.5917230641177005e-10
477.0 4.9183012151843286e-05
478.0 0.00010979753142237314
479.0 1.5917230641177005e-10
480.0 1.5917230641177005e-10
481.0 1.5917230641177005e-10
482.0 1.5917230641177005e-10
483.0 1.5917230641177005e-10
484.0 1.5917230641177005e-10
485.0 1.5917230641177005e-10
486.0 1.5917230641177005e-10
487.0 1.5917230641177005e-10
488.0 0.0003155606918880949
489.0 1.5917230641177005e-10
490.0 1.5917230641177005e-10
491.0 1.5917230641177005e-10
492.0 1.5917230641177005e-10
493.0 1.5917230641177005e-10
494.0 7.206934924397501e-05
495.0 0.00022071367311582435
496.0 0.00036935805383109255
497.0 1.5917230641177005e-10
498.0 1.5917230641177005e-10
499.0 1.5917230641177005e-10
500.0 1.5917230641177005e-10
501.0 1.5917230641177005e-10
502.0 1.5917230641177005e-10
503.0 1.5917230641177005e-10
504.0 1.5917230641177005e-10
505.0 1.5917230641177005e-10
506.0 1.5917230641177005e-10
507.0 1.5917230641177005e-10
508.0 1.5917230641177005e-10
509.0 1.5917230641177005e-10
510.0 1.5917230641177005e-10
511.0 0.0003058210722883814
512.0 0.0009458998647460248
513.0 0.0003163654810123262
514.0 1.5917230641177005e-10
515.0 5.354828758186159e-06
516.0 0.0003238787940063048
517.0 3.530920267280635e-06
518.0 1.5917230641177005e-10
519.0 1.5917230641177005e-10
520.0 1.5917230641177005e-10
521.0 1.5917230641177005e-10
522.0 0.0001992461420741165
523.0 1.5917230641177005e-10
524.0 1.5917230641177005e-10
525.0 1.5917230641177005e-10
526.0 1.5917230641177005e-10
527.0 1.5917230641177005e-10
528.0 5.191313903196715e-05
529.0 2.7504188437887933e-05
530.0 3.0954108609648756e-06
531.0 1.5917230641177005e-10
532.0 1.5917230641177005e-10
533.0 1.5917230641177005e-10
534.0 1.5917230641177005e-10
535.0 1.5917230641177005e-10
536.0 1.8507249421872984e-05
537.0 1.5917230641177005e-10
538.0 1.5917230641177005e-10
539.0 1.5917230641177005e-10
540.0 1.5917230641177005e-10
541.0 1.5917230641177005e-10
542.0 1.5917230641177005e-10
543.0 1.5917230641177005e-10
544.0 1.5917230641177005e-10
545.0 1.5917230641177005e-10
546.0 1.5917230641177005e-10
547.0 2.8401680651768402e-05
548.0 0.00029344428185140714
549.0 1.5917230641177005e-10
550.0 1.5917230641177005e-10
551.0 1.5917230641177005e-10
552.0 0.00023948193756950786
553.0 1.5917230641177005e-10
554.0 1.5917230641177005e-10
555.0 1.5917230641177005e-10
556.0 1.5917230641177005e-10
557.0 1.5917230641177005e-10
558.0 1.5917230641177005e-10
559.0 1.5917230641177005e-10
560.0 0.00011797985735029215
561.0 0.0001374041744384158
562.0 0.00015682853700127453
563.0 1.5917230641177005e-10
564.0 1.5917230641177005e-10
565.0 1.5917230641177005e-10
566.0 1.5917230641177005e-10
567.0 1.5917230641177005e-10
568.0 0.00016498659078933997
569.0 0.00014066602034290554
570.0 0.00011634540442173602
571.0 0.0002185257926612394
572.0 0.0003207062945875805
573.0 0.00039109313547669444
574.0 0.00046148015826474875
575.0 0.00039977580854611006
576.0 0.0003380716862011468
577.0 0.00031941578981786733
578.0 0.0003007598706972203
579.0 0.0002989965196320554
580.0 0.0002972330548800528
581.0 0.0007137525699363323
582.0 0.0011302722668915521
583.0 0.0014237001778383274
584.0 0.0017171279978356324
585.0 0.0012619692824955564
586.0 0.00080681038525654
587.0 0.0010363263754697982
588.0 0.0012658424566325266
589.0 0.00099065582617186
590.0 0.0007154691502364585
591.0 0.0006711625701427693
592.0 0.0006268560355238151
593.0 0.0006189156920299865
594.0 0.0006109752121119527
595.0 0.0008372689990210347
596.0 0.0010635626495059114
597.0 0.0010906675015576184
598.0 0.0011177723536093254
599.0 0.0011190670193172991
600.0 0.0011203615031263325
601.0 0.001447325757908402
602.0 0.0017742901036399417
603.0 0.001881593925645575
604.0 0.001988898111449089
605.0 0.0019431636246736161
606.0 0.0018974296835949644
607.0 0.0014905204807291739
608.0 0.0010836113688128535
609.0 0.0008320977940456942
610.0 0.0005805840828543296
611.0 0.00045113451960787643
612.0 0.00032168500183615834
613.0 0.0004112344868190121
614.0 0.0005007840172766009
615.0 0.0007217183338070754
616.0 0.000942652695812285
617.0 0.0007809640010236762
618.0 0.0006192753971845377
619.0 0.0005085008069727337
620.0 0.00039772639865987003
621.0 0.0005563145350606646
622.0 0.0007149026259867242
623.0 0.0006321553883026354
624.0 0.0005494081960932817
625.0 0.000580691494178609
626.0 0.0006119749286881415
627.0 0.0007510659088438842
628.0 0.0008901570254238322
629.0 0.0007536180419265293
630.0 0.0006170790584292263
631.0 0.0011548050679266453
632.0 0.001692530895525124
633.0 0.001699760468909517
634.0 0.0017069898603949696
635.0 0.0023144137230701745
636.0 0.0029218375857453793
637.0 0.002683861202967819
638.0 0.002445884638291318
639.0 0.0023463833713321947
640.0 0.0022468821043730713
641.0 0.0017376087271259166
642.0 0.001228335440828232
643.0 0.0009174411388812587
644.0 0.0006065468369342852
645.0 0.0003270477918704273
646.0 4.754872975354374e-05
647.0 0.00023026734652376035
648.0 0.0004129860826651566
649.0 0.0002222419425379485
650.0 3.149779104205663e-05
651.0 0.00028448239390854724
652.0 0.0005374671218305593
653.0 0.0009423572919331491
654.0 0.0013472474165610038
655.0 0.0013365585800784174
656.0 0.001325869743595831
657.0 0.002044071879936382
658.0 0.0027622745619737543
659.0 0.0031897005101200193
660.0 0.003617126276367344
661.0 0.0036908848414896056
662.0 0.0037646430428139865
663.0 0.0032907853892538697
664.0 0.002816927371895872
665.0 0.0024904298697947524
666.0 0.002163932367693633
667.0 0.0016524392776773311
668.0 0.0011409461876610294
669.0 0.0010153886250918731
670.0 0.0008898310625227168
671.0 0.0006374690656230086
672.0 0.0003851068868243601
673.0 0.0002222711373178754
674.0 5.943527412455296e-05
675.0 0.00048651068027538713
676.0 0.0009135859727393836
677.0 0.0011460504538263194
678.0 0.0013785150258627255
679.0 0.0016967793271760456
680.0 0.002015043719438836
681.0 0.0028789256248273887
682.0 0.003742807894013822
683.0 0.005080769187770784
684.0 0.006418730481527746
685.0 0.007057125912979245
686.0 0.00769552425481379
687.0 0.007639282557647675
688.0 0.00758304086048156
689.0 0.006717997894156724
690.0 0.005852956746821292
691.0 0.004929164788336493
692.0 0.004005373193649575
693.0 0.0033390300814062357
694.0 0.0026726869691628963
695.0 0.002140403739758767
696.0 0.0016081206922535785
697.0 0.0012818595678254496
698.0 0.0009555983524478506
699.0 0.0008059959327511024
700.0 0.0006563935130543541
701.0 0.0004659734713641228
702.0 0.0002755535660980968
703.0 0.0004155314400122734
704.0 0.0005555094048759202
705.0 0.0005349366347218165
706.0 0.0005143639555171831
707.0 0.0007096511126292171
708.0 0.0009049380423675757
709.0 0.0008402406820096076
710.0 0.0007755432307021692
711.0 0.0007796500540280249
712.0 0.0007837567864044104
713.0 0.0006440546258090762
714.0 0.0005043526471126825
715.0 0.0006091526302043349
716.0 0.0007139525678212522
717.0 0.0006722446414642036
718.0 0.0006305366696324199
719.0 0.0006546824351971736
720.0 0.0006788282007619273
721.0 0.0006017555733706104
722.0 0.0005246829459792934
723.0 0.00040909867493610363
724.0 0.0002935144266302814
725.0 0.00023440695713361492
726.0 0.00017529949900563224
727.0 0.0001731234192448028
728.0 0.00017094740769607597
729.0 0.00017888083903017105
730.0 0.0001868143613137363
731.0 0.00014115839803707786
732.0 9.550248023515451e-05
733.0 1.5917230641177005e-10
734.0 1.5917230641177005e-10
735.0 0.00024194696379709058
736.0 0.0006038418177922722
737.0 0.0003542989361449145
738.0 0.00010475597491677036
739.0 0.00046393538468691986
740.0 0.0008231148967752233
741.0 0.0009477465027885046
742.0 0.0010723780178523157
743.0 0.0013699836017622147
744.0 0.0016675889128237031
745.0 0.00216961489059031
746.0 0.002671640868356917
747.0 0.0032983272831188515
748.0 0.003925013152183965
749.0 0.003772912168642506
750.0 0.003620811548898928
751.0 0.003679672590806149
752.0 0.0037385339965112507
753.0 0.0031828141800360754
754.0 0.0026270939997630194
755.0 0.0025775161702767946
756.0 0.0025279381588916294
757.0 0.002152212618966587
758.0 0.0017764867152436636
759.0 0.0015153419553826097
760.0 0.001254197286471026
761.0 0.0011662032193271443
762.0 0.0010782092431327328
763.0 0.0007066499620123068
764.0 0.00033509068089188077
765.0 0.00048823335419001523
766.0 0.0006413759365386795
767.0 0.0006291210866038455
768.0 0.0006168661457195412
769.0 0.0006152100468170829
770.0 0.0006135539479146246
771.0 0.00045699857764702756
772.0 0.00030044320737943053
773.0 0.0003419321956243948
774.0 0.000383421138394624
775.0 0.0004453248493518913
776.0 0.0005072286512586288
777.0 0.0005364802746044006
778.0 0.0005657318070007022
779.0 0.0007062105396471452
780.0 0.000846689181344118
781.0 0.0008228483238781337
782.0 0.0007990074664121494
783.0 0.0007753309546387754
784.0 0.0007516543973906664
785.0 0.001048606736731017
786.0 0.0013455590305966325
787.0 0.0011005468877556268
788.0 0.0008555346539651509
789.0 0.0008185149454220664
790.0 0.0007814952368789818
791.0 0.0008017938853299711
792.0 0.0008220925337809604
793.0 0.0004834694664168637
794.0 0.00014484637631539954
795.0 0.0002096836396958679
796.0 0.00027452085760160116
797.0 0.00038958542063483037
798.0 0.0005046500064054271
799.0 0.00027099465569335734
800.0 3.733925666438154e-05
801.0 1.5917230641177005e-10
802.0 1.5917230641177005e-10
803.0 1.5917230641177005e-10
804.0 1.5917230641177005e-10
805.0 1.5917230641177005e-10
806.0 1.5917230641177005e-10
807.0 1.5917230641177005e-10
808.0 1.5917230641177005e-10
809.0 0.000203402123588603
810.0 0.0006122698778199265
811.0 0.0002061663280983339
812.0 1.5917230641177005e-10
813.0 0.00012858865829912247
814.0 0.00045711444727203343
815.0 0.00048133374548342545
816.0 0.0005055529527453473
817.0 0.0005015563601773465
818.0 0.0004975597676093457
819.0 0.00042709689296316355
820.0 0.0003566341320038191
821.0 6.462741453105991e-05
822.0 1.5917230641177005e-10
823.0 1.5917230641177005e-10
824.0 0.000214066426451609
825.0 1.5917230641177005e-10
826.0 1.5917230641177005e-10
827.0 1.5917230641177005e-10
828.0 2.5268042236348265e-05
829.0 1.5917230641177005e-10
830.0 1.5917230641177005e-10
831.0 1.5917230641177005e-10
832.0 1.5917230641177005e-10
833.0 1.5917230641177005e-10
834.0 1.5917230641177005e-10
835.0 1.5917230641177005e-10
836.0 1.5917230641177005e-10
837.0 1.5917230641177005e-10
838.0 1.5917230641177005e-10
839.0 1.5917230641177005e-10
840.0 1.5917230641177005e-10
841.0 1.3252298458610312e-05
842.0 0.00010771288998512318
843.0 1.5917230641177005e-10
844.0 1.5917230641177005e-10
845.0 1.5917230641177005e-10
846.0 1.5917230641177005e-10
847.0 1.5917230641177005e-10
848.0 1.5917230641177005e-10
849.0 2.6835192556973197e-05
850.0 0.00011840056686196476
851.0 0.0002567412138887448
852.0 0.00039508195186499506
853.0 0.00018172321460951935
854.0 1.5917230641177005e-10
855.0 1.5917230641177005e-10
856.0 1.5917230641177005e-10
857.0 8.326331339958415e-05
858.0 0.0004249362973496318
859.0 0.0007312183697649743
860.0 0.001037500442180317
861.0 0.0009897208656184375
862.0 0.0009419414709554985
863.0 0.0008857582542987075
864.0 0.0008295749466924462
865.0 0.0012455614523787517
866.0 0.0016615476852166466
867.0 0.001698962842056062
868.0 0.0017363781807944179
869.0 0.001558742587803863
870.0 0.001381106903863838
871.0 0.0015100888958841097
872.0 0.0016390706150559708
873.0 0.0019428302039159462
