lsstCam/transmission_filter_detector/r23_s11/r_57/19700101T000000.ecsv
# %ECSV 1.0
# ---
# datatype:
# - {name: wavelength, unit: nm, datatype: float32}
# - {name: efficiency, unit: '%', datatype: float64}
# meta: !!omap
# - {MODE: DETECTOR}
# - {TYPE: transmission_filter_detector}
# - {CALIBDATE: '1970-01-01T00:00:00'}
# - {INSTRUME: LSSTCam}
# - {OBSTYPE: transmission_filter_detector}
# - {CALIBCLS: lsst.ip.isr.IntermediateFilterDetectorTransmissionCurve}
# - {SOURCE: Materion (DM-46256)}
# - {DETECTOR: 103}
# - {FILTER: r_57}
# - {CALIB_ID: 'calibDate=1970-01-01T00:00:00 filter=r_57 detector=103'}
# - {DATE: '2025-04-02T15:59:44.659412'}
# - {CALIB_CREATION_DATE: '2025-04-02'}
# - {CALIB_CREATION_TIME: '15:59:44'}
# - __serialized_columns__:
#     efficiency:
#       __class__: astropy.units.quantity.Quantity
#       unit: !astropy.units.Unit {unit: '%'}
#       value: !astropy.table.SerializedColumn {name: efficiency}
#     wavelength:
#       __class__: astropy.units.quantity.Quantity
#       unit: !astropy.units.Unit {unit: nm}
#       value: !astropy.table.SerializedColumn {name: wavelength}
# schema: astropy-2.0
wavelength efficiency
[from data line 602]
902.0 1.5955325168709455e-10
903.0 1.5955325168709455e-10
904.0 1.5955325168709455e-10
905.0 1.5955325168709455e-10
906.0 1.5955325168709455e-10
907.0 1.5955325168709455e-10
908.0 1.5955325168709455e-10
909.0 1.5955325168709455e-10
910.0 1.5955325168709455e-10
911.0 1.5955325168709455e-10
912.0 1.5955325168709455e-10
913.0 1.5955325168709455e-10
914.0 1.5955325168709455e-10
915.0 4.66649680674891e-05
916.0 5.657770429934317e-05
917.0 6.649044053119724e-05
918.0 0.00014322657762022573
919.0 0.0002199626806032029
920.0 0.00013123020607963554
921.0 4.24977002921878e-05
922.0 0.00013259312936497736
923.0 0.00022268857264862163
924.0 0.00019577405510062817
925.0 0.0001688595489213185
926.0 0.0001549212811369216
927.0 0.00014098300198384095
928.0 0.0001507780552856275
929.0 0.0001605731199560978
930.0 0.00019151880223944318
931.0 0.00022246449589147232
932.0 9.10146582100424e-05
933.0 1.5955325168709455e-10
934.0 7.847111191949807e-05
935.0 0.00019737733509828104
936.0 0.00023026443614071468
937.0 0.0002631515371831483
938.0 0.000274836270364176
939.0 0.00028652102628257126
940.0 0.00026159718800045084
941.0 0.00023667330424359534
942.0 0.0003326420483062975
943.0 0.0004286107923689997
944.0 0.0003235679741919739
945.0 0.00021852520148968324
946.0 0.0003011717353729182
947.0 0.00038381826925615314
948.0 0.00046891836973372847
949.0 0.0005540185156860389
950.0 0.0005818186764372513
951.0 0.0006096188371884637
952.0 0.0007087191988830455
953.0 0.0008078197424765676
954.0 0.0010780755474115722
955.0 0.0013483316251949873
956.0 0.0014723213098477572
957.0 0.001596310903551057
958.0 0.001714363315841183
959.0 0.0018324159100302495
960.0 0.0019770564904320054
961.0 0.0021216972527327016
962.0 0.0022831454771221615
963.0 0.0024445937015116215
964.0 0.0025297669708379544
965.0 0.002614940058265347
966.0 0.0025837398425210267
967.0 0.002552539444877766
968.0 0.0025622715838835575
969.0 0.00257200426858617
970.0 0.0026267000066582114
971.0 0.0026813961085281335
972.0 0.00272678371402435
973.0 0.002772170955722686
974.0 0.0029408494810923003
975.0 0.003109528188360855
976.0 0.003158688559778966
977.0 0.003207848931197077
978.0 0.003106145959463902
979.0 0.0030044429877307266
980.0 0.0029591370548587292
981.0 0.002913831121986732
982.0 0.0029600441848742776
983.0 0.0030062574296607636
984.0 0.002932162897195667
985.0 0.0028580683647305705
986.0 0.002760679490165785
987.0 0.002663290433702059
988.0 0.002537835462135263
989.0 0.002412380672467407
990.0 0.0024275926989503205
991.0 0.0024428049073321745
992.0 0.002465889156155754
993.0 0.002488973768777214
994.0 0.0025538001864333637
995.0 0.0026186260583926924
996.0 0.0027228252292843536
997.0 0.0028270242182770744
998.0 0.0029572549465228803
999.0 0.0030874856747686863
1000.0 0.003222140367142856
1001.0 0.003356795059517026
1002.0 0.003560474215191789
1003.0 0.003764153370866552
1004.0 0.003875990296364762
1005.0 0.00398782649426721
1006.0 0.004162902769166976
1007.0 0.004337979407864623
1008.0 0.0043007628846680745
1009.0 0.004263545997673646
1010.0 0.0042333205783506855
1011.0 0.004203095886623487
1012.0 0.004166107100900263
1013.0 0.004129118315177038
1014.0 0.0038576523365918547
1015.0 0.0035861859942087904
1016.0 0.003363852374604903
1017.0 0.0031415194825967774
1018.0 0.0028512606149888597
1019.0 0.002561002111178823
1020.0 0.0022132413505460136
1021.0 0.0018654805899132043
1022.0 0.0016061387213994749
1023.0 0.0013467966709868051
1024.0 0.0013976251466374379
1025.0 0.0014484537132375408
1026.0 0.001290515956497984
1027.0 0.0011325780178594869
1028.0 0.0010429606845718808
1029.0 0.0009533431693853345
1030.0 0.0009267093446396757
1031.0 0.000900075065146666
1032.0 0.0008631891432742123
1033.0 0.0008263030395028181
1034.0 0.0007623568308190443
1035.0 0.0006984104857110651
1036.0 0.0007591255325678503
1037.0 0.0008198403520509601
1038.0 0.00079866922533256
1039.0 0.00077749809861416
1040.0 0.0007561186066595837
1041.0 0.0007347390692302724
1042.0 0.0008623596841061953
1043.0 0.0009899799806589726
1044.0 0.0009048618267115671
1045.0 0.0008197437637136318
1046.0 0.0008284506293421146
1047.0 0.0008371577678190079
1048.0 0.0007192281373136211
1049.0 0.0006012986887071747
1050.0 0.0006440594916057307
1051.0 0.0006868202945042867
1052.0 0.0009236819096258841
1053.0 0.0011605430700001307
1054.0 0.0009155357474810444
1055.0 0.0006705282430630177
1056.0 0.0007480527074221754
1057.0 0.0008255774446297437
1058.0 0.0008183153113350272
1059.0 0.0008110531780403107
1060.0 0.0009638625670049805
1061.0 0.0011166715921717696
1062.0 0.0013522747394745238
1063.0 0.0015878777048783377
1064.0 0.0011746592463168781
1065.0 0.000761440514907008
1066.0 0.001183758558909176
1067.0 0.0016060763300629333
1068.0 0.001794444142433349
1069.0 0.0019828114091069438
1070.0 0.0016175197742995806
1071.0 0.0012522283213911578
1072.0 0.0014280036339187063
1073.0 0.0016037791283451952
1074.0 0.0021294104953994974
1075.0 0.0026550418624537997
1076.0 0.002874437086575199
1077.0 0.0030938324925955385
1078.0 0.0034896489523816854
1079.0 0.003885465775965713
1080.0 0.0039865753933554515
1081.0 0.004087684646947309
1082.0 0.003947613367927261
1083.0 0.003807542088907212
1084.0 0.004358212754596025
1085.0 0.004908883056486957
1086.0 0.004846700539928861
1087.0 0.0047845176595728844
1088.0 0.004765173798659816
1089.0 0.004745830301544629
1090.0 0.00425041034759488
1091.0 0.0037549900298472494
1092.0 0.0035853092413162813
1093.0 0.0034156280889874324
1094.0 0.003765561996260658
1095.0 0.004115496267331764
1096.0 0.0032935586204985157
1097.0 0.002471621337463148
1098.0 0.002346438486711122
1099.0 0.0022212558178580366
1100.0 0.0020675679479609244
1101.0 0.0019138793504680507
