lsstCam/transmission_filter_detector/r23_s11/r_57/19700101T000000.ecsv
# %ECSV 1.0
# ---
# datatype:
# - {name: wavelength, unit: nm, datatype: float32}
# - {name: efficiency, unit: '%', datatype: float64}
# meta: !!omap
# - {MODE: DETECTOR}
# - {TYPE: transmission_filter_detector}
# - {CALIBDATE: '1970-01-01T00:00:00'}
# - {INSTRUME: LSSTCam}
# - {OBSTYPE: transmission_filter_detector}
# - {CALIBCLS: lsst.ip.isr.IntermediateFilterDetectorTransmissionCurve}
# - {SOURCE: Materion (DM-46256)}
# - {DETECTOR: 103}
# - {FILTER: r_57}
# - {CALIB_ID: 'calibDate=1970-01-01T00:00:00 filter=r_57 detector=103'}
# - {DATE: '2025-04-02T15:59:44.659412'}
# - {CALIB_CREATION_DATE: '2025-04-02'}
# - {CALIB_CREATION_TIME: '15:59:44'}
# - __serialized_columns__:
#     efficiency:
#       __class__: astropy.units.quantity.Quantity
#       unit: !astropy.units.Unit {unit: '%'}
#       value: !astropy.table.SerializedColumn {name: efficiency}
#     wavelength:
#       __class__: astropy.units.quantity.Quantity
#       unit: !astropy.units.Unit {unit: nm}
#       value: !astropy.table.SerializedColumn {name: wavelength}
# schema: astropy-2.0
wavelength efficiency
300.0 0.001519198758614948
301.0 0.0039892111090011895
302.0 0.006459222640842199
303.0 0.008512170461472124
304.0 0.01056511900969781
305.0 0.009994766878662631
306.0 0.009424415475223213
307.0 0.008173289097612724
308.0 0.006922162720002234
309.0 0.0060906644648639485
310.0 0.005259165482129902
311.0 0.005105970922159031
312.0 0.004952775270794518
313.0 0.004231855200487189
314.0 0.0035109351301798597
315.0 0.0032274059776682407
316.0 0.002943876461358741
317.0 0.0032263793400488794
318.0 0.0035088814911432564
319.0 0.0032482512324349955
320.0 0.002987620791827794
321.0 0.002885053982026875
322.0 0.0027824878998217173
323.0 0.002390090412518475
324.0 0.0019976921976194717
325.0 0.0020154620870016515
326.0 0.0020332319763838314
327.0 0.00208997316804016
328.0 0.002146714541595429
329.0 0.002173196480725892
330.0 0.0021996782379574142
331.0 0.0021039728380856104
332.0 0.0020082674382138066
333.0 0.0017774382286006585
334.0 0.00154660883708857
335.0 0.0014111833479546476
336.0 0.0012757578588207252
337.0 0.0011788443771365564
338.0 0.0010819308045029175
339.0 0.0010009638572228141
340.0 0.0009199968189932406
341.0 0.0008234757842728868
342.0 0.0007269546586030629
343.0 0.00070534347287321
344.0 0.000683732241668622
345.0 0.0006801283234381117
346.0 0.0006765245416318066
347.0 0.0006993267106736312
348.0 0.0007221289706649259
349.0 0.0007196338174253469
350.0 0.004851079938816838
351.0 0.005341389987734146
352.0 0.005831700036651455
353.0 0.005669944948749617
354.0 0.005508190224645659
355.0 0.004811461622011848
356.0 0.004114734110771678
357.0 0.005268032691674307
358.0 0.006421332363970578
359.0 0.005173675526748411
360.0 0.003926018689526245
361.0 0.0028026419386151247
362.0 0.001679265005805064
363.0 0.0027915673854295164
364.0 0.0039038695831550285
365.0 0.0034838722058339044
366.0 0.0030638748285127804
367.0 0.0025827635909081437
368.0 0.0021016519895056263
369.0 0.0021412595742731355
370.0 0.0021808669771417044
371.0 0.0021692943846574053
372.0 0.0021577219740720466
373.0 0.0024503586246282794
374.0 0.0027429949113866314
375.0 0.002318587758054491
376.0 0.0018941807866212912
377.0 0.0011798199921031483
378.0 0.0004654592430597404
379.0 0.0010648316674632952
380.0 0.0016642043192405254
381.0 0.002274704456795007
382.0 0.0028852049581473693
383.0 0.003065904456889257
384.0 0.0032466039556311443
385.0 0.004172735498286784
386.0 0.005098866677144542
387.0 0.004709316999651492
388.0 0.004319767322158441
389.0 0.003685331830638461
390.0 0.0030508956115227193
391.0 0.002257114465464838
392.0 0.0014633332284574863
393.0 0.0014223960533854552
394.0 0.0013814586964144837
395.0 0.0009789982868824154
396.0 0.0005765379682998173
397.0 0.0007385632670775522
398.0 0.0009005889296531677
399.0 0.0007272449238371337
400.0 0.000553900599697954
401.0 0.0001617737211745407
402.0 1.5955325168709455e-10
403.0 6.808165267102595e-05
404.0 0.0003665171334432671
405.0 0.0007807057954778429
406.0 0.0011948942301387433
407.0 0.0015754012565594167
408.0 0.001955907828232739
409.0 0.0015832893041078933
410.0 0.0012106706890335772
411.0 0.0009444903298572171
412.0 0.0006783101980545325
413.0 0.0008030438948480878
414.0 0.0009277778190153185
415.0 0.0009295243216911331
416.0 0.0009312710972153582
417.0 0.0013657371709996369
418.0 0.001800203426682856
419.0 0.002272824349347502
420.0 0.0027454450901132077
421.0 0.004027202885481529
422.0 0.00530896068084985
423.0 0.008162402809830382
424.0 0.011015844211215153
425.0 0.014848004502709955
426.0 0.018680162611417472
427.0 0.019359892758075148
428.0 0.020039624359924346
429.0 0.015497126150876284
430.0 0.010954627941828221
431.0 0.007679799455218017
432.0 0.004404970968607813
433.0 0.0034795288229361176
434.0 0.002554086131567601
435.0 0.0020734885765705258
436.0 0.0015928910215734504
437.0 0.0012966374015377369
438.0 0.001000384145299904
439.0 0.0008753800102567766
440.0 0.0007503758752136491
441.0 0.0009888686690828763
442.0 0.0012273615539015736
443.0 0.0016026744560804218
444.0 0.00197798744920874
445.0 0.0019132186935166828
446.0 0.0018484497559256852
447.0 0.0016551968656131066
448.0 0.0014619441571994685
449.0 0.0013931928151578177
450.0 0.0013244412002677564
451.0 0.0013704411685466766
452.0 0.001416441227775067
453.0 0.0014546269085258245
454.0 0.0014928124983271118
455.0 0.0013473237231664825
456.0 0.0012018352208542638
457.0 0.0008574974344810471
458.0 0.0005131596935825655
459.0 0.000755243036110187
460.0 0.0009973263331630733
461.0 0.0015621793863829225
462.0 0.0021270323486533016
463.0 0.0027611025871010497
464.0 0.003395172825548798
465.0 0.0043472038669278845
466.0 0.005299234908306971
467.0 0.005969087214907631
468.0 0.006638940249104053
469.0 0.005744770896853879
470.0 0.0048506026359973475
471.0 0.003692388054332696
472.0 0.0025341734726680443
473.0 0.0020492348994594067
474.0 0.0015642957805539481
475.0 0.0012262168638699222
476.0 0.0008881382200343069
477.0 0.0007761379492876586
478.0 0.000664137542116805
479.0 0.0008405007065448444
480.0 0.0010168637345486786
481.0 0.000735653020456084
482.0 0.00045444239731295966
483.0 0.000567876986679039
484.0 0.0006813114850956481
485.0 0.0006284558367042337
486.0 0.0005756001428380841
487.0 0.0005344715646060649
488.0 0.0004933429408993106
489.0 0.000530235865880968
490.0 0.0005671286999131553
491.0 0.0006954835953365546
492.0 0.0008238384907599539
493.0 0.0009047687854035757
494.0 0.0009856991709966678
495.0 0.0008904865353542846
496.0 0.0007952738087624311
497.0 0.0010231118722003885
498.0 0.0012509497537394054
499.0 0.0012756028809235431
500.0 0.0013002561900066212
501.0 0.0013823204426444136
502.0 0.0014643848771811463
503.0 0.001836014780565165
504.0 0.0022076445020502433
505.0 0.002680774014152121
506.0 0.0031539035262539983
507.0 0.0037649733712896705
508.0 0.004376043580123223
509.0 0.004882214852841571
510.0 0.005388385761762038
511.0 0.004830126999877393
512.0 0.004271868237992749
513.0 0.0036590947274817154
514.0 0.0030463213988696225
515.0 0.0028418773581506684
516.0 0.0026374333174317144
517.0 0.0025172950699925423
518.0 0.0023971564587554894
519.0 0.048065141891129315
520.0 1.5955325168709455e-10
521.0 0.140657601878047
522.0 0.12609013356268406
523.0 0.06285522831603885
524.0 0.132533663418144
525.0 0.07061458309181035
526.0 0.14192532980814576
527.0 0.1503894105553627
528.0 0.11254126438871026
529.0 0.13873392017558217
530.0 0.18225704552605748
531.0 0.1434028148651123
532.0 0.1474872580729425
533.0 0.26186106260865927
534.0 0.3059186739847064
535.0 0.3908236511051655
536.0 0.4560194443911314
537.0 0.699258828535676
538.0 1.046882662922144
539.0 1.614636741578579
540.0 2.5411950424313545
541.0 3.8882996886968613
542.0 5.850455537438393
543.0 8.512764424085617
544.0 11.734982579946518
545.0 15.374043583869934
546.0 19.86652761697769
547.0 25.382491946220398
548.0 32.45858550071716
549.0 40.25365710258484
550.0 47.40692675113678
551.0 55.181312561035156
552.0 61.65924668312073
553.0 67.09734201431274
554.0 71.89769148826599
555.0 76.22062563896179
556.0 80.23874163627625
557.0 83.35339426994324
558.0 86.7657482624054
559.0 90.1665985584259
560.0 91.12692475318909
561.0 93.52846145629883
562.0 94.52891945838928
563.0 94.30383443832397
564.0 95.21335959434509
565.0 94.5866584777832
566.0 95.46632170677185
567.0 94.59091424942017
568.0 95.34657597541809
569.0 96.08516097068787
570.0 95.2043890953064
571.0 96.39012217521667
572.0 96.14354968070984
573.0 96.16197943687439
574.0 96.37272953987122
575.0 96.24503254890442
576.0 96.65837287902832
577.0 96.7244803905487
578.0 96.53681516647339
579.0 96.21478915214539
580.0 95.89531421661377
581.0 95.72302103042603
582.0 96.34524583816528
583.0 96.13112211227417
584.0 95.80013155937195
585.0 95.9391176700592
586.0 95.96933126449585
587.0 95.73934078216553
588.0 96.06185555458069
589.0 96.73665165901184
590.0 96.00211977958679
591.0 95.49674987792969
592.0 95.61854004859924
593.0 95.21629214286804
594.0 95.39754986763
595.0 96.16550207138062
596.0 96.56525254249573
597.0 96.6053307056427
598.0 96.27698063850403
599.0 96.03081345558167
600.0 96.24440670013428
601.0 95.51959037780762
602.0 96.16032838821411
603.0 96.06639742851257
604.0 95.94530463218689
605.0 96.34714126586914
606.0 95.74012756347656
607.0 95.90728878974915
608.0 95.8692729473114
609.0 95.03464698791504
610.0 95.15300393104553
611.0 95.28270363807678
612.0 95.22082209587097
613.0 96.48346304893494
614.0 96.38904929161072
615.0 96.00759744644165
616.0 95.7365095615387
617.0 95.73988914489746
618.0 95.97967267036438
619.0 96.54772877693176
620.0 95.70184350013733
621.0 95.45482993125916
622.0 96.1760401725769
623.0 96.30796909332275
624.0 95.7745373249054
625.0 96.23220562934875
626.0 95.53379416465759
627.0 94.63945627212524
628.0 96.47685885429382
629.0 94.71983313560486
630.0 95.89346051216125
631.0 95.71187496185303
632.0 96.08139991760254
633.0 96.02433443069458
634.0 95.30951380729675
635.0 95.7101047039032
636.0 95.67610621452332
637.0 94.90705728530884
638.0 95.0100839138031
639.0 95.05617022514343
640.0 95.31508684158325
641.0 94.96669173240662
642.0 95.43402791023254
643.0 95.04825472831726
644.0 95.37214040756226
645.0 95.51655650138855
646.0 95.63076496124268
647.0 96.54252529144287
648.0 95.84113955497742
649.0 95.00113725662231
650.0 96.03157639503479
651.0 96.215158700943
652.0 96.24359011650085
653.0 95.20960450172424
654.0 95.85872292518616
655.0 95.97144722938538
656.0 95.37323713302612
657.0 95.41021585464478
658.0 95.80180644989014
659.0 95.72204947471619
660.0 94.8306143283844
661.0 95.26248574256897
662.0 95.42528986930847
663.0 95.58955430984497
664.0 95.17720937728882
665.0 95.2415406703949
666.0 94.67475414276123
667.0 95.364248752594
668.0 94.83650326728821
669.0 95.31390070915222
670.0 95.32951712608337
671.0 95.16375660896301
672.0 94.9617862701416
673.0 94.96017694473267
674.0 94.47827935218811
675.0 94.99530792236328
676.0 94.62449550628662
677.0 93.57059597969055
678.0 93.15191507339478
679.0 91.98880195617676
680.0 91.30088686943054
681.0 89.70515727996826
682.0 87.70620226860046
683.0 85.03432273864746
684.0 81.29361271858215
685.0 77.70518064498901
686.0 74.11478757858276
687.0 69.10622119903564
688.0 64.66657519340515
689.0 60.05546450614929
690.0 54.89754676818848
691.0 50.47515630722046
692.0 45.90596854686737
693.0 41.636645793914795
694.0 36.682164669036865
695.0 31.75140917301178
696.0 26.51076912879944
697.0 21.76261842250824
698.0 16.14684909582138
699.0 11.75433173775673
700.0 8.314336836338043
701.0 5.304461717605591
702.0 3.325619548559189
703.0 1.9382497295737267
704.0 1.0708456858992577
705.0 0.6735789123922586
706.0 0.4213210195302963
707.0 0.2786710159853101
708.0 0.21375829819589853
709.0 0.17240054439753294
710.0 0.0859652180224657
711.0 0.12601555790752172
712.0 0.08239232702180743
713.0 0.029544674907810986
714.0 0.05951877683401108
715.0 0.07547797285951674
716.0 0.07873984286561608
717.0 0.02406936982879415
718.0 0.07416003500111401
719.0 0.07027171086519957
720.0 1.5955325168709455e-10
721.0 0.004537352288025431
722.0 0.004258306216797791
723.0 0.003979260509368032
724.0 0.003697982174344361
725.0 0.0034167038393206894
726.0 0.003169211049680598
727.0 0.002921718805737328
728.0 0.0027855387088493444
729.0 0.002649358611961361
730.0 0.002460253017488867
731.0 0.0022711477868142538
732.0 0.002228033736173529
733.0 0.0021849195036338642
734.0 0.0021246771211735904
735.0 0.002064434374915436
736.0 0.0018869843188440427
737.0 0.0017095344446715899
738.0 0.0016932608559727669
739.0 0.0016769872672739439
740.0 0.0016290505300275981
741.0 0.0015811141565791331
742.0 0.0014812751032877713
743.0 0.0013814359590469394
744.0 0.0014552820175595116
745.0 0.0015291279851226136
746.0 0.0014409028153750114
747.0 0.0013526779184758198
748.0 0.0012278328540560324
749.0 0.0011029880624846555
750.0 0.0010760802979348227
751.0 0.0010491726243344601
752.0 0.0011040839126508217
753.0 0.0011589952009671833
754.0 0.001189545127999736
755.0 0.0012200954188301694
756.0 0.0011337740033923183
757.0 0.0010474524060555268
758.0 0.0010681046660465654
759.0 0.0010887568350881338
760.0 0.00106306943052914
761.0 0.0010373821169196162
762.0 0.0010341776032873895
763.0 0.0010309735444025137
764.0 0.0010165583262278233
765.0 0.001002143199002603
766.0 0.000821161756903166
767.0 0.000640180405753199
768.0 0.0006240167749638204
769.0 0.0006078530532249715
770.0 0.0006713379661960062
771.0 0.0007348231065407163
772.0 0.0007179847671068273
773.0 0.000701146200299263
774.0 0.0008393167263420764
775.0 0.0009774871614354197
776.0 0.0009556248187436722
777.0 0.0009337625670013949
778.0 0.0008828104910207912
779.0 0.0008318586878885981
780.0 0.000749815626477357
781.0 0.0006677726560155861
782.0 0.0007495088084397139
783.0 0.0008312450518133119
784.0 0.0008298400643980131
785.0 0.0008284350769827142
786.0 0.0007622339580848347
787.0 0.0006960329301364254
788.0 0.000677225443723728
789.0 0.0006584180937352357
790.0 0.0007167417606979143
791.0 0.0007750653821858577
792.0 0.0008071750016824808
793.0 0.0008392846211791039
794.0 0.0008419670848525129
795.0 0.0008446492756775115
796.0 0.0007010095032455865
797.0 0.0005573696398641914
798.0 0.0007007979093032191
799.0 0.0008442261787422467
800.0 0.0008307024472742341
801.0 0.0008171785339072812
802.0 0.0007463202109647682
803.0 0.0006754617061233148
804.0 0.0006966498858673731
805.0 0.0007178381110861665
806.0 0.0007203290806501172
807.0 0.0007228200956888031
808.0 0.0007561756319773849
809.0 0.0007895310773164965
810.0 0.0007000262485234998
811.0 0.0006105215561547084
812.0 0.0006498114998976234
813.0 0.0006891013526910683
814.0 0.000597581674810499
815.0 0.0005060619514551945
816.0 0.0006292288617260056
817.0 0.0007523958629462868
818.0 0.0006783390745113138
819.0 0.0006042822406016057
820.0 0.0004952812560077291
821.0 0.00038628022593911737
822.0 0.00046305426621984225
823.0 0.0005398284429247724
824.0 0.0004984791303286329
825.0 0.0004571297722577583
826.0 0.0005449823220260441
827.0 0.00063283487179433
828.0 0.0005102519935462624
829.0 0.0003876690698234597
830.0 0.0001914637778099859
831.0 1.5955325168709455e-10
832.0 1.5955325168709455e-10
833.0 1.5955325168709455e-10
834.0 1.5955325168709455e-10
835.0 7.4000062966206315e-06
836.0 0.00022987794636719627
837.0 0.00045235597099235747
838.0 0.0007206388545455411
839.0 0.0009889217835734598
840.0 0.001291485477850074
841.0 0.001594049172126688
842.0 0.00196962573681958
843.0 0.002345202665310353
844.0 0.002169751860492397
845.0 0.0019943012375733815
846.0 0.0017759375623427331
847.0 0.0015575738871120848
848.0 0.001499371137470007
849.0 0.0014411682059289888
850.0 0.0013376421520661097
851.0 0.0012341160072537605
852.0 0.0011689026905514766
853.0 0.0011036893738491926
854.0 0.0009383757060277276
855.0 0.000773061765357852
856.0 0.0006132296675787074
857.0 0.00045339752432482783
858.0 0.000540585915587144
859.0 0.0006277742158999899
860.0 0.0005174298166821245
861.0 0.0004070853265147889
862.0 0.0003991517132817535
863.0 0.00039121805457398295
864.0 0.0002360085545660695
865.0 8.079909434854926e-05
866.0 5.5999686310315155e-05
867.0 3.120025269254256e-05
868.0 9.777007790034986e-05
869.0 0.00016433988321296056
870.0 7.973528113325301e-05
871.0 1.5955325168709455e-10
872.0 1.5955325168709455e-10
873.0 1.5955325168709455e-10
874.0 1.5955325168709455e-10
875.0 1.5955325168709455e-10
876.0 1.5955325168709455e-10
877.0 1.5955325168709455e-10
878.0 0.00010514692121432745
879.0 0.0002588360985100735
880.0 0.00017920827986017684
881.0 9.958042710422887e-05
882.0 9.115904617829074e-05
883.0 8.273767662103637e-05
884.0 2.468265449806495e-05
885.0 1.5955325168709455e-10
886.0 4.1588236854295246e-05
887.0 0.00011654884701783885
888.0 0.0001846162490437564
889.0 0.0002526836624383577
890.0 0.00018650986248758272
891.0 0.00012033605116812396
892.0 1.2484895250963746e-05
893.0 1.5955325168709455e-10
894.0 1.5955325168709455e-10
895.0 7.335602276725695e-05
896.0 2.988215328514343e-05
897.0 1.5955325168709455e-10
898.0 2.3705042906385643e-05
899.0 6.100173663980968e-05
900.0 4.2751671003316005e-05
