lsstCam/transmission_filter_detector/r33_s02/u_24/19700101T000000.ecsv
# %ECSV 1.0
# ---
# datatype:
# - {name: wavelength, unit: nm, datatype: float32}
# - {name: efficiency, unit: '%', datatype: float64}
# meta: !!omap
# - {MODE: DETECTOR}
# - {TYPE: transmission_filter_detector}
# - {CALIBDATE: '1970-01-01T00:00:00'}
# - {INSTRUME: LSSTCam}
# - {OBSTYPE: transmission_filter_detector}
# - {CALIBCLS: lsst.ip.isr.IntermediateFilterDetectorTransmissionCurve}
# - {SOURCE: Materion (DM-46256)}
# - {DETECTOR: 146}
# - {FILTER: u_24}
# - {CALIB_ID: 'calibDate=1970-01-01T00:00:00 filter=u_24 detector=146'}
# - {DATE: '2025-04-02T15:59:40.426287'}
# - {CALIB_CREATION_DATE: '2025-04-02'}
# - {CALIB_CREATION_TIME: '15:59:40'}
# - __serialized_columns__:
#     efficiency:
#       __class__: astropy.units.quantity.Quantity
#       unit: !astropy.units.Unit {unit: '%'}
#       value: !astropy.table.SerializedColumn {name: efficiency}
#     wavelength:
#       __class__: astropy.units.quantity.Quantity
#       unit: !astropy.units.Unit {unit: nm}
#       value: !astropy.table.SerializedColumn {name: wavelength}
# schema: astropy-2.0
wavelength efficiency
[from data line 580]
875.0 0.0025636691134423018
876.0 0.002546635369071737
877.0 0.002705525912460871
878.0 0.002864417001546826
879.0 0.0029596234526252374
880.0 0.003054830085602589
881.0 0.003077130895690061
882.0 0.003099432069575414
883.0 0.00297838487313129
884.0 0.002857337676687166
885.0 0.0028763350201188587
886.0 0.0028953323635505512
887.0 0.002489842700015288
888.0 0.0020843530364800245
889.0 0.0022526426619151607
890.0 0.0024209324692492373
891.0 0.002581734770501498
892.0 0.00274253761745058
893.0 0.0030307901397463866
894.0 0.0033190422982443124
895.0 0.003336020017741248
896.0 0.0033529977372381836
897.0 0.0035597106034401804
898.0 0.0037664234696421772
899.0 0.003911842941306531
900.0 0.004057262776768766
901.0 0.004068632915732451
902.0 0.004080003054696135
903.0 0.004090787479071878
904.0 0.004101572267245501
905.0 0.004809153688256629
906.0 0.005516734381671995
907.0 0.00558587780687958
908.0 0.005655020868289284
909.0 0.0058759273088071495
910.0 0.006096833385527134
911.0 0.005968500408926047
912.0 0.005840167432324961
913.0 0.005434272316051647
914.0 0.005028376835980453
915.0 0.004749295840156265
916.0 0.004470215208129957
917.0 0.004316503327572718
918.0 0.0041627910832175985
919.0 0.0042894986108876765
920.0 0.004416205774759874
921.0 0.004633596836356446
922.0 0.004850987534155138
923.0 0.005326500104274601
924.0 0.005802012310596183
925.0 0.006213973392732441
926.0 0.006625935202464461
927.0 0.006934233533684164
928.0 0.007242531864903867
929.0 0.007323172758333385
930.0 0.007403814379358664
931.0 0.007377113797701895
932.0 0.007350412488449365
933.0 0.007264252781169489
934.0 0.007178093073889613
935.0 0.007154354534577578
936.0 0.007130616722861305
937.0 0.00699964803061448
938.0 0.006868680065963417
939.0 0.0066407294070813805
940.0 0.006412778020603582
941.0 0.005643695476464927
942.0 0.004874612568528391
943.0 0.004220126720611006
944.0 0.0035656408726936206
945.0 0.0031783034501131624
946.0 0.002790966027532704
947.0 0.0022859981982037425
948.0 0.0017810303688747808
949.0 0.0015061599697219208
950.0 0.0012312894796195906
951.0 0.0013133497304806951
952.0 0.0013954097084933892
953.0 0.0016961677829385735
954.0 0.0019969256754848175
955.0 0.0022597505449084565
956.0 0.002522575232433155
957.0 0.002645507083798293
958.0 0.002768438935163431
959.0 0.0030547980713890865
960.0 0.0033411572076147422
961.0 0.0038031044823583215
962.0 0.004265051757101901
963.0 0.004429193359101191
964.0 0.004593335324898362
965.0 0.004727364284917712
966.0 0.004861393608734943
967.0 0.004674581941799261
968.0 0.004487770274863578
969.0 0.004482411532080732
970.0 0.004477052789297886
971.0 0.004533910396276042
972.0 0.0045907680032541975
973.0 0.004606053698807955
974.0 0.004621339030563831
975.0 0.004503320451476611
976.0 0.004385301872389391
977.0 0.003815121453953907
978.0 0.0032449410355184227
979.0 0.002977457916131243
980.0 0.002709974614845123
981.0 0.0028799375286325812
982.0 0.0030499004424200393
983.0 0.002846219649654813
984.0 0.002642538856889587
985.0 0.0030110553780104965
986.0 0.003379572444828227
987.0 0.0037323297874536365
988.0 0.004085087130079046
989.0 0.00474404550914187
990.0 0.005403003888204694
991.0 0.0058794736105483025
992.0 0.006355943332891911
993.0 0.0067912340455222875
994.0 0.0072265225753653795
995.0 0.0074396084528416395
996.0 0.0076526943303179
997.0 0.007253177318489179
998.0 0.006853659579064697
999.0 0.0066769993281923234
1000.0 0.006500336894532666
1001.0 0.006173580186441541
1002.0 0.005846820931765251
1003.0 0.005622194294119254
1004.0 0.005397568384069018
1005.0 0.0051025253924308345
1006.0 0.004807482764590532
1007.0 0.004900213752989657
1008.0 0.004992945832782425
1009.0 0.004620922481990419
1010.0 0.004248899131198414
1011.0 0.0037245266867103055
1012.0 0.003200154606020078
1013.0 0.0028125044991611503
1014.0 0.002424854210403282
1015.0 0.0020811165086342953
1016.0 0.001737378624966368
1017.0 0.0016272661014227197
1018.0 0.0015171536688285414
1019.0 0.001269251515623182
1020.0 0.001021349544316763
1021.0 0.0012359868378553074
1022.0 0.0014506242223433219
1023.0 0.0013993905668030493
1024.0 0.001348157093161717
1025.0 0.0013831570868205745
1026.0 0.001418157171428902
1027.0 0.0016069438061094843
1028.0 0.0017957299860427156
1029.0 0.001700942993920762
1030.0 0.0016061563655966893
1031.0 0.0016513244190718979
1032.0 0.0016964926544460468
1033.0 0.001917950066854246
1034.0 0.0021394072973635048
1035.0 0.0018973067199112847
1036.0 0.0016552061424590647
1037.0 0.002117774056387134
1038.0 0.002580341970315203
1039.0 0.0021224337615421973
1040.0 0.0016645255527691916
1041.0 0.0019619577869889326
1042.0 0.0022593898393097334
1043.0 0.002129795575456228
1044.0 0.002000201311602723
1045.0 0.0019713746951310895
1046.0 0.0019425480786594562
1047.0 0.0017591841242392547
1048.0 0.0015758198060211726
1049.0 0.0015026131222839467
1050.0 0.0014294060747488402
1051.0 0.001551551031298004
1052.0 0.0016736963516450487
1053.0 0.001594488276168704
1054.0 0.0015152804735407699
1055.0 0.0015294430340873078
1056.0 0.0015436055036843754
1057.0 0.0011710606486303732
1058.0 0.0007985159754753113
1059.0 0.000690154365656781
1060.0 0.0005817928013129858
1061.0 0.00029520583666453604
1062.0 8.619051072855655e-06
1063.0 0.0003649524160209694
1064.0 0.0007212861419247929
1065.0 0.0010660469342838041
1066.0 0.0014108078175922856
1067.0 0.0015941954188747332
1068.0 0.0017775835658540018
1069.0 0.0022330934370984323
1070.0 0.0026886034902418032
1071.0 0.0032049760193331167
1072.0 0.00372134854842443
1073.0 0.003241460944991559
1074.0 0.002761573705356568
1075.0 0.002620217128423974
1076.0 0.0024788609152892604
1077.0 0.0029653268939000554
1078.0 0.003451793236308731
1079.0 0.004059793354826979
1080.0 0.004667794200940989
1081.0 0.004870695192948915
1082.0 0.005073596184956841
1083.0 0.004953577081323601
1084.0 0.004833556522498839
1085.0 0.004727360646938905
1086.0 0.004621165135176852
1087.0 0.004163683479418978
1088.0 0.003706201459863223
1089.0 0.004420521145220846
1090.0 0.005134840830578469
1091.0 0.0047531462769256905
1092.0 0.004371451723272912
1093.0 0.00444423349108547
1094.0 0.004517014167504385
1095.0 0.0042826686694752425
1096.0 0.004048322807648219
1097.0 0.004172417902736925
1098.0 0.004296513361623511
1099.0 0.0032606829336145893
1100.0 0.002224852505605668
