lsstCam/transmission_filter_detector/r33_s02/u_24/19700101T000000.ecsv
# %ECSV 1.0
# ---
# datatype:
# - {name: wavelength, unit: nm, datatype: float32}
# - {name: efficiency, unit: '%', datatype: float64}
# meta: !!omap
# - {MODE: DETECTOR}
# - {TYPE: transmission_filter_detector}
# - {CALIBDATE: '1970-01-01T00:00:00'}
# - {INSTRUME: LSSTCam}
# - {OBSTYPE: transmission_filter_detector}
# - {CALIBCLS: lsst.ip.isr.IntermediateFilterDetectorTransmissionCurve}
# - {SOURCE: Materion (DM-46256)}
# - {DETECTOR: 146}
# - {FILTER: u_24}
# - {CALIB_ID: 'calibDate=1970-01-01T00:00:00 filter=u_24 detector=146'}
# - {DATE: '2025-04-02T15:59:40.426287'}
# - {CALIB_CREATION_DATE: '2025-04-02'}
# - {CALIB_CREATION_TIME: '15:59:40'}
# - __serialized_columns__:
#     efficiency:
#       __class__: astropy.units.quantity.Quantity
#       unit: !astropy.units.Unit {unit: '%'}
#       value: !astropy.table.SerializedColumn {name: efficiency}
#     wavelength:
#       __class__: astropy.units.quantity.Quantity
#       unit: !astropy.units.Unit {unit: nm}
#       value: !astropy.table.SerializedColumn {name: wavelength}
# schema: astropy-2.0
wavelength efficiency
295.0 1.6092434459644145e-10
296.0 1.6092434459644145e-10
297.0 1.6092434459644145e-10
298.0 1.6092434459644145e-10
299.0 1.6092434459644145e-10
300.0 1.6092434459644145e-10
301.0 0.0023331389456870966
302.0 1.6092434459644145e-10
303.0 1.6092434459644145e-10
304.0 0.13845140347257257
305.0 0.7170962635427713
306.0 1.6042785719037056
307.0 3.00937183201313
308.0 5.0468746572732925
309.0 8.199901133775711
310.0 11.56994104385376
311.0 15.493378043174744
312.0 19.20560896396637
313.0 22.193986177444458
314.0 25.355041027069092
315.0 27.991759777069092
316.0 30.090299248695374
317.0 32.492512464523315
318.0 35.17243564128876
319.0 38.73818516731262
320.0 44.11377012729645
321.0 49.37281906604767
322.0 55.44801950454712
323.0 60.9772264957428
324.0 65.48889875411987
325.0 68.95621418952942
326.0 71.24064564704895
327.0 73.19405674934387
328.0 74.94627237319946
329.0 76.30316615104675
330.0 77.69888043403625
331.0 78.54193449020386
332.0 78.93481850624084
333.0 78.9199948310852
334.0 78.87726426124573
335.0 79.03046607971191
336.0 79.17840480804443
337.0 79.68885898590088
338.0 80.50509691238403
339.0 81.13695979118347
340.0 81.5863311290741
341.0 82.03967809677124
342.0 82.39567875862122
343.0 82.3675274848938
344.0 82.53952860832214
345.0 82.90731906890869
346.0 83.21822881698608
347.0 83.54394435882568
348.0 83.81965160369873
349.0 84.03329849243164
350.0 84.05270576477051
351.0 84.33266282081604
352.0 84.14102792739868
353.0 84.09588932991028
354.0 83.98021459579468
355.0 84.20807123184204
356.0 84.38971042633057
357.0 84.32334065437317
358.0 83.97499918937683
359.0 83.74596238136292
360.0 83.67279767990112
361.0 83.43348503112793
362.0 83.22591781616211
363.0 83.37757587432861
364.0 83.49313139915466
365.0 83.7678611278534
366.0 83.92714262008667
367.0 84.0640664100647
368.0 84.01520848274231
369.0 84.02857184410095
370.0 83.82202386856079
371.0 83.59137773513794
372.0 83.55104923248291
373.0 83.69877338409424
374.0 83.70361328125
375.0 84.01419520378113
376.0 84.12268161773682
377.0 84.21226739883423
378.0 84.23994779586792
379.0 83.97130966186523
380.0 83.37630033493042
381.0 82.06575512886047
382.0 80.35382032394409
383.0 78.39994430541992
384.0 76.26703381538391
385.0 73.98397922515869
386.0 71.50225043296814
387.0 68.21443438529968
388.0 65.00705480575562
389.0 61.07754707336426
390.0 57.09053874015808
391.0 52.80376672744751
392.0 48.37421178817749
393.0 44.51594948768616
394.0 41.18303656578064
395.0 37.74585723876953
396.0 34.21863615512848
397.0 29.548218846321106
398.0 24.08996969461441
399.0 17.46806800365448
400.0 11.324116587638855
401.0 6.403341144323349
402.0 2.895931899547577
403.0 0.9747238829731941
404.0 0.32379094045609236
405.0 0.0996275688521564
406.0 0.052532408153638244
407.0 0.01718005078146234
408.0 0.002095397394441534
409.0 0.007037171599222347
410.0 1.6092434459644145e-10
411.0 1.6092434459644145e-10
412.0 1.6092434459644145e-10
413.0 1.6092434459644145e-10
414.0 1.6092434459644145e-10
415.0 1.6092434459644145e-10
416.0 1.6092434459644145e-10
417.0 1.6092434459644145e-10
418.0 1.6092434459644145e-10
419.0 1.6092434459644145e-10
420.0 1.6092434459644145e-10
421.0 1.6092434459644145e-10
422.0 1.6092434459644145e-10
423.0 1.6092434459644145e-10
424.0 1.6092434459644145e-10
425.0 1.6092434459644145e-10
426.0 0.0025976536562666297
427.0 0.0009122692063101567
428.0 1.6092434459644145e-10
429.0 1.6092434459644145e-10
430.0 0.0006401363862096332
431.0 1.6092434459644145e-10
432.0 1.6092434459644145e-10
433.0 1.6092434459644145e-10
434.0 0.0011737607565009966
435.0 0.0007170084700192092
436.0 0.00026025588795164367
437.0 0.00013689086699741893
438.0 1.3525661302082881e-05
439.0 1.6092434459644145e-10
440.0 1.6092434459644145e-10
441.0 1.6092434459644145e-10
442.0 1.6092434459644145e-10
443.0 1.6092434459644145e-10
444.0 1.6092434459644145e-10
445.0 1.6092434459644145e-10
446.0 1.6092434459644145e-10
447.0 1.6092434459644145e-10
448.0 1.6092434459644145e-10
449.0 1.6092434459644145e-10
450.0 1.6092434459644145e-10
451.0 0.00015775435713294428
452.0 0.0007946824553073384
453.0 0.0004682332473748829
454.0 0.00014178403944242746
455.0 1.6092434459644145e-10
456.0 1.6092434459644145e-10
457.0 1.6092434459644145e-10
458.0 1.6092434459644145e-10
459.0 1.6092434459644145e-10
460.0 1.6092434459644145e-10
461.0 1.6092434459644145e-10
462.0 2.0960156632554572e-05
463.0 0.00030807655093667563
464.0 0.0005951932507741731
465.0 0.0003805546157309436
466.0 0.0001659158556321927
467.0 1.6092434459644145e-10
468.0 1.6092434459644145e-10
469.0 1.6092434459644145e-10
470.0 1.6092434459644145e-10
471.0 1.6092434459644145e-10
472.0 9.006429877445044e-05
473.0 1.6092434459644145e-10
474.0 1.6092434459644145e-10
475.0 1.6092434459644145e-10
476.0 1.6092434459644145e-10
477.0 1.6092434459644145e-10
478.0 1.6092434459644145e-10
479.0 1.6092434459644145e-10
480.0 2.256891917795656e-05
481.0 1.6092434459644145e-10
482.0 1.6092434459644145e-10
483.0 1.6092434459644145e-10
484.0 0.00027776627575804014
485.0 1.6092434459644145e-10
486.0 1.6092434459644145e-10
487.0 1.6092434459644145e-10
488.0 0.00016970600427157478
489.0 1.6092434459644145e-10
490.0 1.6092434459644145e-10
491.0 1.6092434459644145e-10
492.0 1.6092434459644145e-10
493.0 1.6092434459644145e-10
494.0 1.6092434459644145e-10
495.0 1.6092434459644145e-10
496.0 1.6092434459644145e-10
497.0 1.6092434459644145e-10
498.0 1.6092434459644145e-10
499.0 1.6092434459644145e-10
500.0 1.6092434459644145e-10
501.0 1.6092434459644145e-10
502.0 1.6092434459644145e-10
503.0 1.6092434459644145e-10
504.0 0.00019560916371119674
505.0 1.6092434459644145e-10
506.0 1.6092434459644145e-10
507.0 1.6092434459644145e-10
508.0 1.6092434459644145e-10
509.0 1.6092434459644145e-10
510.0 1.6092434459644145e-10
511.0 8.944497835727816e-05
512.0 0.0002525302306821686
513.0 0.00011685450544973719
514.0 1.6092434459644145e-10
515.0 1.6092434459644145e-10
516.0 1.6092434459644145e-10
517.0 1.6092434459644145e-10
518.0 1.6092434459644145e-10
519.0 1.6092434459644145e-10
520.0 1.6092434459644145e-10
521.0 1.6092434459644145e-10
522.0 1.6092434459644145e-10
523.0 1.6092434459644145e-10
524.0 1.6092434459644145e-10
525.0 1.6092434459644145e-10
526.0 1.6092434459644145e-10
527.0 1.6092434459644145e-10
528.0 1.6092434459644145e-10
529.0 1.6092434459644145e-10
530.0 1.6092434459644145e-10
531.0 1.6092434459644145e-10
532.0 1.6092434459644145e-10
533.0 0.00010926108870989992
534.0 0.000757735688239336
535.0 0.00018441553493175888
536.0 1.6092434459644145e-10
537.0 1.6092434459644145e-10
538.0 1.6092434459644145e-10
539.0 1.6092434459644145e-10
540.0 1.6092434459644145e-10
541.0 1.6092434459644145e-10
542.0 1.6092434459644145e-10
543.0 1.6092434459644145e-10
544.0 1.6092434459644145e-10
545.0 0.00021536600343097234
546.0 0.0006906357157276943
547.0 0.0002704318831092678
548.0 1.6092434459644145e-10
549.0 1.6092434459644145e-10
550.0 1.6092434459644145e-10
551.0 1.6092434459644145e-10
552.0 1.6092434459644145e-10
553.0 1.6092434459644145e-10
554.0 1.6092434459644145e-10
555.0 1.6092434459644145e-10
556.0 1.6092434459644145e-10
557.0 1.6092434459644145e-10
558.0 1.6092434459644145e-10
559.0 1.6092434459644145e-10
560.0 1.6092434459644145e-10
561.0 1.6092434459644145e-10
562.0 1.6092434459644145e-10
563.0 1.6092434459644145e-10
564.0 1.6092434459644145e-10
565.0 1.6092434459644145e-10
566.0 1.797853883545031e-05
567.0 0.00012115050367356162
568.0 0.00022432245714298915
569.0 0.00031154720545600867
570.0 0.0003987719082942931
571.0 0.00022724773316440405
572.0 5.5723518244121806e-05
573.0 9.698131862023729e-05
574.0 0.0001382391474180622
575.0 0.00018807043034030357
576.0 0.00023790178147464758
577.0 0.0002834346560121048
578.0 0.00032896757602429716
579.0 0.0006413160463125678
580.0 0.000953664584812941
581.0 0.0011617427844612394
582.0 0.0013698207112611271
583.0 0.001562568468216341
584.0 0.0017553158613736741
585.0 0.0014117218597675674
586.0 0.0010681279491109308
587.0 0.0007037494469841477
588.0 0.00033937085390789434
589.0 0.0006712100912409369
590.0 0.001003049146675039
591.0 0.0008711846930964384
592.0 0.0007393202395178378
593.0 0.0007170180651883129
594.0 0.0006947157999093179
595.0 0.0007214998731797095
596.0 0.0007482840828743065
597.0 0.0008918219464248978
598.0 0.001035359764500754
599.0 0.0013981784832139965
600.0 0.001760997110977769
601.0 0.002121853322023526
602.0 0.002482709714968223
603.0 0.0022244605133892037
604.0 0.0019662113118101843
605.0 0.001673113183642272
606.0 0.00138001532832277
607.0 0.0010337686944694724
608.0 0.0006875220151414396
609.0 0.0005941094968875404
610.0 0.0005006969786336413
611.0 0.0004431122761161532
612.0 0.0003855275281239301
613.0 0.0003456561444181716
614.0 0.0003057846925003105
615.0 0.0003942810963053489
616.0 0.0004827773864235496
617.0 0.0004630163857655134
618.0 0.0004432553851074772
619.0 0.00043398008529038634
620.0 0.0004247047399985604
621.0 0.0005636415153276175
622.0 0.0007025781997072045
623.0 0.0005832341685163556
624.0 0.00046389009185077157
625.0 0.000692974799676449
626.0 0.0009220596439263318
627.0 0.0008476653420075309
628.0 0.0007732710400887299
629.0 0.0009284612133342307
630.0 0.0010836514775292017
631.0 0.0014955548977013677
632.0 0.0019074584997724742
633.0 0.0024668286641826853
634.0 0.003026198646693956
635.0 0.0029500261007342488
636.0 0.0028738535547745414
637.0 0.0023338883693213575
638.0 0.0017939230019692332
639.0 0.0016023474017856643
640.0 0.0014107722563494463
641.0 0.001395415802107891
642.0 0.0013800592569168657
643.0 0.0011291434930171818
644.0 0.0008782277291174978
645.0 0.0004679136054619448
646.0 5.759941359428922e-05
647.0 0.00017326127590422402
648.0 0.000288923229163629
649.0 0.00014451385368374758
650.0 1.0451461918137284e-07
651.0 0.00046563691284973174
652.0 0.0009311693247582298
653.0 0.0011601668120420072
654.0 0.0013891643902752548
655.0 0.0016118638086481951
656.0 0.0018345634089200757
657.0 0.0023271564714377746
658.0 0.002819749715854414
659.0 0.003348556492710486
660.0 0.0038773632695665583
661.0 0.003614628440118395
662.0 0.0033518936106702313
663.0 0.0028534946977742948
664.0 0.002355095602979418
665.0 0.0017927957742358558
666.0 0.0012304962183407042
667.0 0.0011876754797413014
668.0 0.001144854468293488
669.0 0.0010553073479968589
670.0 0.0009657601367507596
671.0 0.0006772112101316452
672.0 0.00038866219256306067
673.0 0.0005194813638809137
674.0 0.0006503006261482369
675.0 0.0009050962944456842
676.0 0.0011598918717936613
677.0 0.0014007227946422063
678.0 0.0016415537174907513
679.0 0.0020095114450668916
680.0 0.002377469172643032
681.0 0.003474848563200794
682.0 0.004572228135657497
683.0 0.006315034988801926
684.0 0.008057841478148475
685.0 0.008947715105023235
686.0 0.009837590914685279
687.0 0.008667417569085956
688.0 0.007497246406273916
689.0 0.006118302553659305
690.0 0.004739358701044694
691.0 0.004240417183609679
692.0 0.0037414753023767844
693.0 0.003156825914629735
694.0 0.0025721757992869243
695.0 0.0020123083231737837
696.0 0.0014524408470606431
697.0 0.0011050753528252244
698.0 0.0007577099040645408
699.0 0.0007174229722295422
700.0 0.0006771358130208682
701.0 0.0006240882612473797
702.0 0.0005710404821002157
703.0 0.0004460658146854257
704.0 0.0003210912382201059
705.0 0.00040706272557144985
706.0 0.0004930342129227938
707.0 0.0007173963240347803
708.0 0.0009417582987225614
709.0 0.0009435394531465136
710.0 0.0009453206985199358
711.0 0.000689685975885368
712.0 0.00043405134420027025
713.0 0.0005328183760866523
714.0 0.0006315854534477694
715.0 0.0005700061592506245
716.0 0.0005084268650534796
717.0 0.0005288045031193178
718.0 0.0005491821866598912
719.0 0.0005704646355297882
720.0 0.0005917470843996853
721.0 0.0001816127223719377
722.0 1.6092434459644145e-10
723.0 7.184539185800531e-05
724.0 0.00037221248021523934
725.0 0.00020019238036184106
726.0 2.817220376982732e-05
727.0 0.00019584858819143847
728.0 0.000363524804924964
729.0 0.0004998284566681832
730.0 0.0006361321084114024
731.0 0.00046094751269265544
732.0 0.00028576307613548124
733.0 0.00027905998649657704
734.0 0.000272356987807143
735.0 0.00029375803478615126
736.0 0.0003151590817651595
737.0 0.0002710787612159038
738.0 0.00022699837245454546
739.0 0.0006226010555110406
740.0 0.0010182036021433305
741.0 0.0012866491488239262
742.0 0.0015550946045550518
743.0 0.0021537969587370753
744.0 0.002752499312919099
745.0 0.003407281474210322
746.0 0.004062063817400485
747.0 0.004070516297360882
748.0 0.004078968777321279
749.0 0.0038661873986711726
750.0 0.0036534063838189468
751.0 0.0031236653740052134
752.0 0.0025939241822925396
753.0 0.0023674334443057887
754.0 0.0021409425244200975
755.0 0.0021965599444229156
756.0 0.002252177546324674
757.0 0.0022069778424338438
758.0 0.002161777956644073
759.0 0.0016902104107430205
760.0 0.001218642955791438
761.0 0.0010025481060438324
762.0 0.0007864532562962268
763.0 0.0006915429366927128
764.0 0.0005966327080386691
765.0 0.0005286105078994296
766.0 0.0004605883532349253
767.0 0.0005868997504876461
768.0 0.0007132112841645721
769.0 0.0006445261988119455
770.0 0.0005758413408329943
771.0 0.0006534184194606496
772.0 0.00073099554356304
773.0 0.0007368380465777591
774.0 0.0007426805495924782
775.0 0.0007635422662133351
776.0 0.0007844041647331323
777.0 0.0006037195362296188
778.0 0.0004230349077261053
779.0 0.0005856755251443246
780.0 0.0007483160516130738
781.0 0.000881364758242853
782.0 0.0010144134648726322
783.0 0.0009201448847306892
784.0 0.0008258762136392761
785.0 0.0011029748748114798
786.0 0.0013800735359836835
787.0 0.0011101934433099814
788.0 0.0008403131687373389
789.0 0.0007805351742717903
790.0 0.0007207570888567716
791.0 0.0005123281425767345
792.0 0.0003038991962966975
793.0 0.00040415252442471683
794.0 0.0005044059435022064
795.0 0.0003277456926298328
796.0 0.0001510854758635105
797.0 0.00026822938252735185
798.0 0.0003853733232972445
799.0 0.00011368861123628449
800.0 1.6092434459644145e-10
801.0 1.6092434459644145e-10
802.0 1.6092434459644145e-10
803.0 1.6092434459644145e-10
804.0 1.9978534737674636e-05
805.0 0.00011257675396336708
806.0 0.0002051750243481365
807.0 0.00014043406508790213
808.0 7.569317403977038e-05
809.0 0.00016436985106338398
810.0 0.00025304650534963
811.0 0.0002073092218779493
812.0 0.00016157199524968746
813.0 0.00011873073617607588
814.0 7.588952257719939e-05
815.0 0.0003327041667944286
816.0 0.0005895188223803416
817.0 0.00034220799989270745
818.0 9.489723424849217e-05
819.0 0.00016467497516714502
820.0 0.00023445277292921674
821.0 8.664700885674392e-05
822.0 1.6092434459644145e-10
823.0 1.6092434459644145e-10
824.0 1.6092434459644145e-10
825.0 1.6092434459644145e-10
826.0 1.6092434459644145e-10
827.0 1.6092434459644145e-10
828.0 1.6092434459644145e-10
829.0 1.6092434459644145e-10
830.0 1.6092434459644145e-10
831.0 1.6092434459644145e-10
832.0 2.2053463055726752e-05
833.0 1.6092434459644145e-10
834.0 1.6092434459644145e-10
835.0 1.6092434459644145e-10
836.0 1.7713708189148747e-05
837.0 1.6092434459644145e-10
838.0 1.6092434459644145e-10
839.0 1.6092434459644145e-10
840.0 1.6092434459644145e-10
841.0 1.6092434459644145e-10
842.0 1.6092434459644145e-10
843.0 1.6092434459644145e-10
844.0 2.4923249952735205e-05
845.0 0.00010474091141077224
846.0 0.00018455860981703154
847.0 1.6092434459644145e-10
848.0 1.6092434459644145e-10
849.0 1.6092434459644145e-10
850.0 0.00024079445211100392
851.0 0.0002016308826569002
852.0 0.0001624673586775316
853.0 4.6609082460236095e-05
854.0 1.6092434459644145e-10
855.0 8.680204928168678e-05
856.0 0.00024285309336846694
857.0 0.0004798610916623147
858.0 0.0007168689535319572
859.0 0.0009211068572767545
860.0 0.0011253446245973464
861.0 0.0011920036740775686
862.0 0.0012586624507093802
863.0 0.0013904880688642152
864.0 0.00152231359606958
865.0 0.0016144178516697139
866.0 0.0017065220163203776
867.0 0.0016711455828044564
868.0 0.0016357693311874755
869.0 0.0015652809452149086
870.0 0.0014947924682928715
871.0 0.0016244728612946346
872.0 0.0017541531633469276
873.0 0.0021674277377314866
