ts8/qe_curve/rtm-006_s02/19700101T000000.ecsv
# %ECSV 0.9
# ---
# datatype:
# - {name: amp_name, datatype: string}
# - {name: wavelength, unit: nm, datatype: float32}
# - {name: efficiency, unit: '%', datatype: float32}
# meta: !!omap
# - {MODE: AMP}
# - {TYPE: QE}
# - {CALIBDATE: '1970-01-01T00:00:00'}
# - {INSTRUME: TS8}
# - {OBSTYPE: qe_curve}
# - {DETECTOR: 38}
# - {PICKLEFILE: RaftRun11746.p}
# - {CALIB_ID: 'raftName=RTM-006 detectorName=S02 detector=38 calibDate=1970-01-01T00:00:00 ccd=38 ccdnum=38 filter=None'}
# - {DATE: '2020-01-23T14:12:32.895913'}
# - {CALIB_CREATION_DATE: '2020-01-23'}
# - {CALIB_CREATION_TIME: '14:12:32'}
# - __serialized_columns__:
#     efficiency:
#       __class__: astropy.units.quantity.Quantity
#       unit: !astropy.units.Unit {unit: '%'}
#       value: !astropy.table.SerializedColumn {name: efficiency}
#     wavelength:
#       __class__: astropy.units.quantity.Quantity
#       unit: !astropy.units.Unit {unit: nm}
#       value: !astropy.table.SerializedColumn {name: wavelength}
# schema: astropy-2.0
amp_name wavelength efficiency
C14 319.994 43.374615
C14 324.969 48.998665
C14 349.982 73.51191
C14 374.975 79.24667
C14 400.019 85.06514
C14 424.965 86.44864
C14 450.035 88.20981
C14 475.003 89.86348
C14 500.018 91.93304
C14 525.002 94.14008
C14 550.029 94.77738
C14 575.023 96.65415
C14 599.982 97.37904
C14 619.997 97.76612
C14 624.979 98.61986
C14 650.012 98.76939
C14 675.004 98.219
C14 700.03 98.09003
C14 725.012 97.754814
C14 750.022 98.44917
C14 774.987 99.2494
C14 799.976 98.05966
C14 824.988 96.40807
C14 850.022 94.342804
C14 869.967 91.249565
C14 875.002 89.78906
C14 899.999 83.09699
C14 919.999 73.343254
C14 925.012 70.44576
C14 949.965 57.960297
C14 975.002 43.1851
C14 999.976 26.400656
C14 1025.028 11.218072
C14 1050.014 3.8454843
C14 1075.002 2.1029246
C14 1099.99 1.6734563
C11 319.994 43.917366
C11 324.969 49.613255
C11 349.982 74.284065
C11 374.975 79.77829
C11 400.019 85.31165
C11 424.965 86.578316
C11 450.035 88.28455
C11 475.003 89.910904
C11 500.018 91.96211
C11 525.002 94.15254
C11 550.029 94.77893
C11 575.023 96.63949
C11 599.982 97.35043
C11 619.997 97.726715
C11 624.979 98.57731
C11 650.012 98.71477
C11 675.004 98.1558
C11 700.03 98.03682
C11 725.012 97.73131
C11 750.022 98.4555
C11 774.987 99.27583
C11 799.976 98.09403
C11 824.988 96.446945
C11 850.022 94.41525
C11 869.967 91.29654
C11 875.002 89.8124
C11 899.999 83.16579
C11 919.999 73.33201
C11 925.012 70.51265
C11 949.965 58.26895
C11 975.002 43.33146
C11 999.976 26.363804
C11 1025.028 11.083733
C11 1050.014 3.8521776
C11 1075.002 2.1255524
C11 1099.99 1.6842004
C12 319.994 43.794327
C12 324.969 49.471573
C12 349.982 74.107056
C12 374.975 79.66269
C12 400.019 85.22277
C12 424.965 86.49922
C12 450.035 88.20597
C12 475.003 89.82966
C12 500.018 91.8782
C12 525.002 94.06575
C12 550.029 94.691635
C12 575.023 96.550095
C12 599.982 97.261604
C12 619.997 97.63854
C12 624.979 98.4915
C12 650.012 98.63292
C12 675.004 98.07635
C12 700.03 97.96145
C12 725.012 97.66315
C12 750.022 98.40077
C12 774.987 99.23676
C12 799.976 98.06517
C12 824.988 96.41083
C12 850.022 94.35332
C12 869.967 91.256035
C12 875.002 89.7891
C12 899.999 83.108536
C12 919.999 73.249245
C12 925.012 70.36494
C12 949.965 58.085285
C12 975.002 43.262257
C12 999.976 26.402227
C12 1025.028 11.153088
C12 1050.014 3.8369608
C12 1075.002 2.103823
C12 1099.99 1.6760131
C01 319.994 42.137367
C01 324.969 47.59554
C01 349.982 71.27947
C01 374.975 77.25059
C01 400.019 84.15283
C01 424.965 86.075935
C01 450.035 88.13081
C01 475.003 89.96155
C01 500.018 92.15323
C01 525.002 94.44225
C01 550.029 95.13756
C01 575.023 97.05719
C01 599.982 97.8095
C01 619.997 98.21554
C01 624.979 99.0732
C01 650.012 99.23993
C01 675.004 98.673
C01 700.03 98.43762
C01 725.012 97.78579
C01 750.022 98.08015
C01 774.987 98.50059
C01 799.976 97.17271
C01 824.988 95.577805
C01 850.022 93.45554
C01 869.967 90.39337
C01 875.002 88.976654
C01 899.999 82.790016
C01 919.999 73.345634
C01 925.012 70.45678
C01 949.965 57.60264
C01 975.002 42.74803
C01 999.976 26.16273
C01 1025.028 11.122262
C01 1050.014 3.8267596
C01 1075.002 2.0947087
C01 1099.99 1.6613249
C05 319.994 42.890724
C05 324.969 48.445656
C05 349.982 72.45299
C05 374.975 78.2151
C05 400.019 84.68029
C05 424.965 86.391716
C05 450.035 88.33132
C05 475.003 90.0968
C05 500.018 92.240074
C05 525.002 94.49653
C05 550.029 95.16004
C05 575.023 97.05661
C05 599.982 97.790184
C05 619.997 98.18146
C05 624.979 99.041
C05 650.012 99.192154
C05 675.004 98.62235
C05 700.03 98.43097
C05 725.012 97.913124
C05 750.022 98.38737
C05 774.987 98.98434
C05 799.976 97.72879
C05 824.988 96.12703
C05 850.022 94.05079
C05 869.967 91.04798
C05 875.002 89.64111
C05 899.999 83.22162
C05 919.999 73.530014
C05 925.012 70.694664
C05 949.965 58.31151
C05 975.002 43.239933
C05 999.976 26.297607
C05 1025.028 11.120856
C05 1050.014 3.8334002
C05 1075.002 2.1179223
C05 1099.99 1.6775813
C04 319.994 42.75172
C04 324.969 48.288586
C04 349.982 72.263176
C04 374.975 78.092545
C04 400.019 84.65372
C04 424.965 86.405716
C04 450.035 88.3739
C04 475.003 90.15377
C04 500.018 92.311584
C04 525.002 94.574905
C04 550.029 95.25036
C04 575.023 97.153656
C04 599.982 97.892876
C04 619.997 98.28874
C04 624.979 99.14779
C04 650.012 99.30566
C04 675.004 98.738266
C04 700.03 98.537476
C04 725.012 97.994995
C04 750.022 98.436455
C04 774.987 99.00351
C04 799.976 97.73459
C04 824.988 96.128586
C04 850.022 94.04552
C04 869.967 90.98062
C04 875.002 89.56624
C04 899.999 83.192215
C04 919.999 73.500916
C04 925.012 70.69497
C04 949.965 58.164913
C04 975.002 43.06514
C04 999.976 26.264809
C04 1025.028 11.115445
C04 1050.014 3.8280218
C04 1075.002 2.111756
C04 1099.99 1.6756777
C03 319.994 42.516613
C03 324.969 48.024296
C03 349.982 71.89949
C03 374.975 77.80222
C03 400.019 84.51585
C03 424.965 86.347916
C03 450.035 88.355316
C03 475.003 90.16094
C03 500.018 92.339966
C03 525.002 94.61774
C03 550.029 95.30209
C03 575.023 97.21256
C03 599.982 97.96082
C03 619.997 98.36094
C03 624.979 99.22221
C03 650.012 99.38516
C03 675.004 98.817314
C03 700.03 98.60347
C03 725.012 98.02495
C03 750.022 98.41972
C03 774.987 98.938995
C03 799.976 97.65115
C03 824.988 96.04544
C03 850.022 93.935455
C03 869.967 90.879486
C03 875.002 89.44769
C03 899.999 83.17543
C03 919.999 73.52491
C03 925.012 70.60968
C03 949.965 57.95723
C03 975.002 43.02746
C03 999.976 26.272015
C03 1025.028 11.13252
C03 1050.014 3.8203495
C03 1075.002 2.1010573
C03 1099.99 1.6707428
C07 319.994 42.988518
C07 324.969 48.55513
C07 349.982 72.59004
C07 374.975 78.31918
C07 400.019 84.72807
C07 424.965 86.41418
C07 450.035 88.34809
C07 475.003 90.10646
C07 500.018 92.25249
C07 525.002 94.50886
C07 550.029 95.17547
C07 575.023 97.06751
C07 599.982 97.80031
C07 619.997 98.1876
C07 624.979 99.04806
C07 650.012 99.194824
C07 675.004 98.62213
C07 700.03 98.41149
C07 725.012 97.85529
C07 750.022 98.26902
C07 774.987 98.80376
C07 799.976 97.53313
C07 824.988 95.952644
C07 850.022 93.92916
C07 869.967 91.00977
C07 875.002 89.62843
C07 899.999 83.085175
C07 919.999 73.863914
C07 925.012 71.098785
C07 949.965 58.51915
C07 975.002 43.211494
C07 999.976 26.200674
C07 1025.028 11.127201
C07 1050.014 3.8850508
C07 1075.002 2.1515005
C07 1099.99 1.6877391
C10 319.994 43.92845
C10 324.969 49.625168
C10 349.982 74.24094
C10 374.975 79.69443
C10 400.019 85.28173
C10 424.965 86.576965
C10 450.035 88.30753
C10 475.003 89.948555
C10 500.018 92.01062
C10 525.002 94.20728
C10 550.029 94.837
C10 575.023 96.69633
C10 599.982 97.40688
C10 619.997 97.78301
C10 624.979 98.63443
C10 650.012 98.77081
C10 675.004 98.20432
C10 700.03 98.07029
C10 725.012 97.71913
C10 750.022 98.38486
C10 774.987 99.14619
C10 799.976 97.94094
C10 824.988 96.31318
C10 850.022 94.28945
C10 869.967 91.19702
C10 875.002 89.73984
C10 899.999 83.139046
C10 919.999 73.44197
C10 925.012 70.64607
C10 949.965 58.438274
C10 975.002 43.413673
C10 999.976 26.32835
C10 1025.028 11.113522
C10 1050.014 3.895515
C10 1075.002 2.1538403
C10 1099.99 1.6930162
C06 319.994 43.045315
C06 324.969 48.619965
C06 349.982 72.6991
C06 374.975 78.4419
C06 400.019 84.84778
C06 424.965 86.53309
C06 450.035 88.46611
C06 475.003 90.22058
C06 500.018 92.3673
C06 525.002 94.62147
C06 550.029 95.28514
C06 575.023 97.183266
C06 599.982 97.917496
C06 619.997 98.30429
C06 624.979 99.16183
C06 650.012 99.31603
C06 675.004 98.74345
C06 700.03 98.54894
C06 725.012 98.032715
C06 750.022 98.50339
C06 774.987 99.097946
C06 799.976 97.843315
C06 824.988 96.24787
C06 850.022 94.18581
C06 869.967 91.234085
C06 875.002 89.83655
C06 899.999 83.32073
C06 919.999 73.75621
C06 925.012 70.96625
C06 949.965 58.556484
C06 975.002 43.312893
C06 999.976 26.274628
C06 1025.028 11.114293
C06 1050.014 3.8516788
C06 1075.002 2.1369252
C06 1099.99 1.6868954
C15 319.994 43.331448
C15 324.969 48.951477
C15 349.982 73.47485
C15 374.975 79.27184
C15 400.019 85.167336
C15 424.965 86.58531
C15 450.035 88.361275
C15 475.003 90.02826
C15 500.018 92.10847
C15 525.002 94.32677
C15 550.029 94.97253
C15 575.023 96.85284
C15 599.982 97.582504
C15 619.997 97.974525
C15 624.979 98.83282
C15 650.012 98.987045
C15 675.004 98.432686
C15 700.03 98.2983
C15 725.012 97.93689
C15 750.022 98.59483
C15 774.987 99.35906
C15 799.976 98.15779
C15 824.988 96.50358
C15 850.022 94.427025
C15 869.967 91.31368
C15 875.002 89.843414
C15 899.999 83.159134
C15 919.999 73.45482
C15 925.012 70.5627
C15 949.965 57.928665
C15 975.002 43.13277
C15 999.976 26.421843
C15 1025.028 11.241207
C15 1050.014 3.8592985
C15 1075.002 2.1039677
C15 1099.99 1.672882
C00 319.994 41.79427
C00 324.969 47.211117
C00 349.982 70.73184
C00 374.975 76.771706
C00 400.019 83.89735
C00 424.965 85.93504
C00 450.035 88.05087
C00 475.003 89.91808
C00 500.018 92.13696
C00 525.002 94.4424
C00 550.029 95.15235
C00 575.023 97.083694
C00 599.982 97.8443
C00 619.997 98.25397
C00 624.979 99.116806
C00 650.012 99.28334
C00 675.004 98.7179
C00 700.03 98.470345
C00 725.012 97.78823
C00 750.022 98.0387
C00 774.987 98.41131
C00 799.976 97.06826
C00 824.988 95.46666
C00 850.022 93.34605
C00 869.967 90.284325
C00 875.002 88.856476
C00 899.999 82.64848
C00 919.999 73.35983
C00 925.012 70.49857
C00 949.965 57.48516
C00 975.002 42.59828
C00 999.976 26.0866
C00 1025.028 11.138358
C00 1050.014 3.8433533
C00 1075.002 2.0955036
C00 1099.99 1.6552762
C17 319.994 42.738243
C17 324.969 48.28714
C17 349.982 72.5446
C17 374.975 78.44919
C17 400.019 84.637825
C17 424.965 86.20178
C17 450.035 88.05451
C17 475.003 89.76627
C17 500.018 91.87969
C17 525.002 94.11734
C17 550.029 94.78112
C17 575.023 96.67776
C17 599.982 97.41862
C17 619.997 97.81755
C17 624.979 98.67478
C17 650.012 98.832596
C17 675.004 98.28278
C17 700.03 98.12856
C17 725.012 97.717186
C17 750.022 98.30263
C17 774.987 98.993904
C17 799.976 97.76109
C17 824.988 96.09787
C17 850.022 93.98278
C17 869.967 90.89258
C17 875.002 89.423096
C17 899.999 82.68895
C17 919.999 73.12496
C17 925.012 70.27398
C17 949.965 57.511776
C17 975.002 42.632915
C17 999.976 26.126392
C17 1025.028 11.21436
C17 1050.014 3.8686438
C17 1075.002 2.0964487
C17 1099.99 1.6579956
C02 319.994 42.39363
C02 324.969 47.886543
C02 349.982 71.70137
C02 374.975 77.63134
C02 400.019 84.414795
C02 424.965 86.28107
C02 450.035 88.30613
C02 475.003 90.12264
C02 500.018 92.30533
C02 525.002 94.58963
C02 550.029 95.27772
C02 575.023 97.19448
C02 599.982 97.94279
C02 619.997 98.34521
C02 624.979 99.20546
C02 650.012 99.36864
C02 675.004 98.80052
C02 700.03 98.57377
C02 725.012 97.96019
C02 750.022 98.30397
C02 774.987 98.77174
C02 799.976 97.46458
C02 824.988 95.85946
C02 850.022 93.735664
C02 869.967 90.67683
C02 875.002 89.27196
C02 899.999 83.00113
C02 919.999 73.4495
C02 925.012 70.57694
C02 949.965 57.765335
C02 975.002 42.928856
C02 999.976 26.23344
C02 1025.028 11.134859
C02 1050.014 3.8230934
C02 1075.002 2.0993483
C02 1099.99 1.6674634
C16 319.994 43.15695
C16 324.969 48.755493
C16 349.982 73.20235
C16 374.975 79.040375
C16 400.019 85.04001
C16 424.965 86.50873
C16 450.035 88.31556
C16 475.003 90.00168
C16 500.018 92.09411
C16 525.002 94.31834
C16 550.029 94.969284
C16 575.023 96.86132
C16 599.982 97.59275
C16 619.997 97.986176
C16 624.979 98.84531
C16 650.012 99.001526
C16 675.004 98.44842
C16 700.03 98.30151
C16 725.012 97.91382
C16 750.022 98.533104
C16 774.987 99.26085
C16 799.976 98.04355
C16 824.988 96.387276
C16 850.022 94.28236
C16 869.967 91.182236
C16 875.002 89.72075
C16 899.999 83.02094
C16 919.999 73.40946
C16 925.012 70.53019
C16 949.965 57.750214
C16 975.002 42.894802
C16 999.976 26.279877
C16 1025.028 11.254126
C16 1050.014 3.8678455
C16 1075.002 2.1032488
C16 1099.99 1.6677228
C13 319.994 43.671402
C13 324.969 49.33409
C13 349.982 73.95204
C13 374.975 79.58264
C13 400.019 85.24052
C13 424.965 86.5562
C13 450.035 88.2845
C13 475.003 89.92124
C13 500.018 91.97992
C13 525.002 94.176765
C13 550.029 94.80728
C13 575.023 96.675804
C13 599.982 97.39189
C13 619.997 97.77578
C13 624.979 98.62806
C13 650.012 98.77545
C13 675.004 98.21956
C13 700.03 98.09789
C13 725.012 97.78819
C13 750.022 98.51167
C13 774.987 99.33684
C13 799.976 98.16
C13 824.988 96.504776
C13 850.022 94.44155
C13 869.967 91.34799
C13 875.002 89.88147
C13 899.999 83.174446
C13 919.999 73.32163
C13 925.012 70.43746
C13 949.965 58.109787
C13 975.002 43.291935
C13 999.976 26.429232
C13 1025.028 11.179674
C13 1050.014 3.8406131
C13 1075.002 2.1055288
C13 1099.99 1.6774306
