lsstCam/transmission_filter_detector/r01_s11/z_20/19700101T000000.ecsv
# %ECSV 1.0
# ---
# datatype:
# - {name: wavelength, unit: nm, datatype: float32}
# - {name: efficiency, unit: '%', datatype: float64}
# meta: !!omap
# - {MODE: DETECTOR}
# - {TYPE: transmission_filter_detector}
# - {CALIBDATE: '1970-01-01T00:00:00'}
# - {INSTRUME: LSSTCam}
# - {OBSTYPE: transmission_filter_detector}
# - {CALIBCLS: lsst.ip.isr.IntermediateFilterDetectorTransmissionCurve}
# - {SOURCE: Materion (DM-46256)}
# - {DETECTOR: 4}
# - {FILTER: z_20}
# - {CALIB_ID: 'calibDate=1970-01-01T00:00:00 filter=z_20 detector=4'}
# - {DATE: '2025-04-02T15:59:48.652452'}
# - {CALIB_CREATION_DATE: '2025-04-02'}
# - {CALIB_CREATION_TIME: '15:59:48'}
# - __serialized_columns__:
#     efficiency:
#       __class__: astropy.units.quantity.Quantity
#       unit: !astropy.units.Unit {unit: '%'}
#       value: !astropy.table.SerializedColumn {name: efficiency}
#     wavelength:
#       __class__: astropy.units.quantity.Quantity
#       unit: !astropy.units.Unit {unit: nm}
#       value: !astropy.table.SerializedColumn {name: wavelength}
# schema: astropy-2.0
wavelength efficiency
[from data line 597]
897.0 99.34548735618591
898.0 98.64189624786377
899.0 98.33333492279053
900.0 98.8110899925232
901.0 99.13511276245117
902.0 98.84230494499207
903.0 98.25496673583984
904.0 97.67545461654663
905.0 98.51909875869751
906.0 97.79935479164124
907.0 98.33838939666748
908.0 98.04099202156067
909.0 98.2280433177948
910.0 97.91480302810669
911.0 96.70880436897278
912.0 95.9654152393341
913.0 94.88813281059265
914.0 92.58275628089905
915.0 90.06390571594238
916.0 88.135826587677
917.0 86.32238507270813
918.0 82.8895092010498
919.0 81.71319961547852
920.0 78.6978542804718
921.0 74.75120425224304
922.0 70.02469897270203
923.0 64.27769660949707
924.0 58.58438014984131
925.0 53.15030813217163
926.0 46.71578109264374
927.0 39.51176404953003
928.0 33.53109657764435
929.0 27.111870050430298
930.0 21.611738204956055
931.0 16.50240123271942
932.0 11.205761134624481
933.0 7.393978536128998
934.0 4.472269490361214
935.0 2.7639824897050858
936.0 1.5016179531812668
937.0 0.9910906665027142
938.0 0.6410480942577124
939.0 0.3329905914142728
940.0 0.22640943061560392
941.0 0.09923983598127961
942.0 0.06836255779489875
943.0 0.010442701022839174
944.0 1.6751821284299862e-10
945.0 0.21587281953543425
946.0 0.0009391906132805161
947.0 1.6751821284299862e-10
948.0 0.15570168616250157
949.0 1.6751821284299862e-10
950.0 1.6751821284299862e-10
951.0 1.6751821284299862e-10
952.0 0.044137181248515844
953.0 0.016971059085335582
954.0 0.01580259413458407
955.0 1.6751821284299862e-10
956.0 1.6751821284299862e-10
957.0 1.6751821284299862e-10
958.0 1.6751821284299862e-10
959.0 0.03309899475425482
960.0 0.0070027388574089855
961.0 1.6751821284299862e-10
962.0 1.6751821284299862e-10
963.0 1.6751821284299862e-10
964.0 1.6751821284299862e-10
965.0 0.02116360265063122
966.0 1.6751821284299862e-10
967.0 0.08004833362065256
968.0 1.6751821284299862e-10
969.0 0.01560097880428657
970.0 0.021428827312774956
971.0 0.10310678044334054
972.0 0.08376291953027248
973.0 0.03800049889832735
974.0 0.031004639458842576
975.0 1.6751821284299862e-10
976.0 0.006279569061007351
977.0 0.006253860919969156
978.0 0.006228154961718246
979.0 0.0060675491113215685
980.0 0.0059069421695312485
981.0 0.005737007813877426
982.0 0.005567074185819365
983.0 0.005467003938974813
984.0 0.005366934055928141
985.0 0.005126332689542323
986.0 0.004885730595560744
987.0 0.0048743135266704485
988.0 0.0048628964577801526
989.0 0.004770819941768423
990.0 0.004678744153352454
991.0 0.004793454718310386
992.0 0.004908165647066198
993.0 0.004803531192010269
994.0 0.004698896373156458
995.0 0.004669240297516808
996.0 0.004639583858079277
997.0 0.0044797343434765935
998.0 0.004319884465076029
999.0 0.004321522283134982
1000.0 0.004323159737396054
1001.0 0.004403488856041804
1002.0 0.0044838172470917925
1003.0 0.004443927173269913
1004.0 0.004404036735650152
1005.0 0.00425299585913308
1006.0 0.004101954982616007
1007.0 0.0041733961552381516
1008.0 0.004244837327860296
1009.0 0.004330506999394856
1010.0 0.004416177034727298
1011.0 0.004469605482881889
1012.0 0.00452303393103648
1013.0 0.004399949830258265
1014.0 0.0042768657294800505
1015.0 0.00436503287346568
1016.0 0.0044531989260576665
1017.0 0.0047704637836432084
1018.0 0.00508772827743087
1019.0 0.0048664853238733485
1020.0 0.004645242370315827
1021.0 0.004605130379786715
1022.0 0.004565018025459722
1023.0 0.004540596637525596
1024.0 0.004516174885793589
1025.0 0.0046390377974603325
1026.0 0.004761900345329195
1027.0 0.004724046448245645
1028.0 0.004686192551162094
1029.0 0.004660208651330322
1030.0 0.004634225479094312
1031.0 0.004695735333370976
1032.0 0.004757245187647641
1033.0 0.004842310590902343
1034.0 0.004927376357954927
1035.0 0.005084082658868283
1036.0 0.005240788959781639
1037.0 0.005386102930060588
1038.0 0.005531416900339536
1039.0 0.005373079693526961
1040.0 0.005214741759118624
1041.0 0.005598915959126316
1042.0 0.005983090159134008
1043.0 0.005497691381606273
1044.0 0.005012292967876419
1045.0 0.0057069944887189195
1046.0 0.006401695281965658
1047.0 0.006121810292825103
1048.0 0.005841924576088786
1049.0 0.006006881449138746
1050.0 0.006171838322188705
1051.0 0.006424313323805109
1052.0 0.006676789780613035
1053.0 0.006793427746742964
1054.0 0.006910066440468654
1055.0 0.007491176074836403
1056.0 0.008072286436799914
1057.0 0.007812284457031637
1058.0 0.007552283204859123
1059.0 0.007767839269945398
1060.0 0.007983393152244389
1061.0 0.00860801519593224
1062.0 0.00923263723962009
1063.0 0.008962463471107185
1064.0 0.008692291157785803
1065.0 0.008860787056619301
1066.0 0.009029285138240084
1067.0 0.009055083501152694
1068.0 0.009080883319256827
1069.0 0.010038472100859508
1070.0 0.010996060154866427
1071.0 0.010822894546436146
1072.0 0.010649729665601626
1073.0 0.010726621985668316
1074.0 0.010803515033330768
1075.0 0.011448649456724524
1076.0 0.012093787518097088
1077.0 0.012065810733474791
1078.0 0.012037834676448256
1079.0 0.013293106167111546
1080.0 0.014548379112966359
1081.0 0.014134349476080388
1082.0 0.013720325659960508
1083.0 0.013642486010212451
1084.0 0.013564646360464394
1085.0 0.014420118532143533
1086.0 0.015275595069397241
1087.0 0.015161477494984865
1088.0 0.015047362830955535
1089.0 0.016411633987445384
1090.0 0.017775905143935233
1091.0 0.01791413815226406
1092.0 0.018052365339826792
1093.0 0.017556721286382526
1094.0 0.017061074322555214
1095.0 0.018409530457574874
1096.0 0.01975798513740301
1097.0 0.020126036542933434
1098.0 0.020494087948463857
1099.0 0.022153322061058134
1100.0 0.02381255035288632
1101.0 0.024123127514030784
1102.0 0.024433701764792204
1103.0 0.02557241532485932
1104.0 0.02671112888492644
1105.0 0.026541511761024594
1106.0 0.026371897547505796
1107.0 0.027342993416823447
1108.0 0.028314089286141098
1109.0 0.029856018954887986
1110.0 0.03139795153401792
1111.0 0.031458979356102645
1112.0 0.03152000717818737
1113.0 0.03273332258686423
1114.0 0.03394664381630719
1115.0 0.03282412653788924
1116.0 0.03170161216985434
1117.0 0.03313187335152179
1118.0 0.03456213453318924
1119.0 0.03682340611703694
1120.0 0.03908467188011855
1121.0 0.04196703084744513
1122.0 0.04484939272515476
1123.0 0.04382418992463499
1124.0 0.042798990034498274
1125.0 0.043779585394077
1126.0 0.04476018657442182
1127.0 0.04824924981221557
1128.0 0.051738315960392356
1129.0 0.05530704511329532
1130.0 0.05887577426619828
1131.0 0.05901236436329782
1132.0 0.05914894281886518
1133.0 0.061875395476818085
1134.0 0.0646018423140049
1135.0 0.0632980081718415
1136.0 0.061994168208912015
1137.0 0.06807943573221564
1138.0 0.07416470907628536
1139.0 0.0779719790443778
1140.0 0.0817792140878737
1141.0 0.09000350837595761
1142.0 0.09822779102250934
1143.0 0.11892702896147966
1144.0 0.13962623197585344
1145.0 0.2754549030214548
1146.0 0.41128359735012054
1147.0 0.8598605170845985
1148.0 1.3084374368190765
1149.0 1.4922735281288624
1150.0 1.6761105507612228
