lsstCam/transmission_filter_detector/r01_s11/z_20/19700101T000000.ecsv
# %ECSV 1.0
# ---
# datatype:
# - {name: wavelength, unit: nm, datatype: float32}
# - {name: efficiency, unit: '%', datatype: float64}
# meta: !!omap
# - {MODE: DETECTOR}
# - {TYPE: transmission_filter_detector}
# - {CALIBDATE: '1970-01-01T00:00:00'}
# - {INSTRUME: LSSTCam}
# - {OBSTYPE: transmission_filter_detector}
# - {CALIBCLS: lsst.ip.isr.IntermediateFilterDetectorTransmissionCurve}
# - {SOURCE: Materion (DM-46256)}
# - {DETECTOR: 4}
# - {FILTER: z_20}
# - {CALIB_ID: 'calibDate=1970-01-01T00:00:00 filter=z_20 detector=4'}
# - {DATE: '2025-04-02T15:59:48.652452'}
# - {CALIB_CREATION_DATE: '2025-04-02'}
# - {CALIB_CREATION_TIME: '15:59:48'}
# - __serialized_columns__:
#     efficiency:
#       __class__: astropy.units.quantity.Quantity
#       unit: !astropy.units.Unit {unit: '%'}
#       value: !astropy.table.SerializedColumn {name: efficiency}
#     wavelength:
#       __class__: astropy.units.quantity.Quantity
#       unit: !astropy.units.Unit {unit: nm}
#       value: !astropy.table.SerializedColumn {name: wavelength}
# schema: astropy-2.0
wavelength efficiency
300.0 0.8676796220242977
301.0 0.5853496491909027
302.0 0.3030198160558939
303.0 0.2948523499071598
304.0 0.2866849070414901
305.0 0.24351805914193392
306.0 0.2003511879593134
307.0 0.18163067288696766
308.0 0.1629101810976863
309.0 0.14464451232925057
310.0 0.12637884356081486
311.0 0.12687956914305687
312.0 0.1273803412914276
313.0 0.11095511727035046
314.0 0.09452992235310376
315.0 0.094195909332484
316.0 0.09386189631186426
317.0 0.07894806913100183
318.0 0.06403425359167159
319.0 0.06374393124133348
320.0 0.06345360307022929
321.0 0.06294834893196821
322.0 0.06244308897294104
323.0 0.054557062685489655
324.0 0.04667104221880436
325.0 0.04338504222687334
326.0 0.04009903932455927
327.0 0.039261620258912444
328.0 0.03842420410364866
329.0 0.03411353100091219
330.0 0.029802857898175716
331.0 0.02707196690607816
332.0 0.024341075913980603
333.0 0.02339601778658107
334.0 0.02245095674879849
335.0 0.021290745644364506
336.0 0.020130534539930522
337.0 0.024153247068170458
338.0 0.028175953775644302
339.0 0.024101750750560313
340.0 0.020027552091050893
341.0 0.016858000890351832
342.0 0.013688452600035816
343.0 0.01343616604572162
344.0 0.013183880946598947
345.0 0.012511969543993473
346.0 0.011840055231004953
347.0 0.011247404472669587
348.0 0.010654756624717265
349.0 0.01328705548075959
350.0 0.015919357247184962
351.0 0.01318544673267752
352.0 0.010451531124999747
353.0 0.01097314598155208
354.0 0.011494763020891696
355.0 0.009891355875879526
356.0 0.00828795091365464
357.0 0.009374629007652402
358.0 0.01046131073962897
359.0 0.010108100832439959
360.0 0.009754889470059425
361.0 0.00885057743289508
362.0 0.00794626830611378
363.0 0.009229240822605789
364.0 0.010512212611502036
365.0 0.010207037848886102
366.0 0.009901866724248976
367.0 0.008709368557902053
368.0 0.007516869663959369
369.0 0.007903206278569996
370.0 0.008289543620776385
371.0 0.008219344454118982
372.0 0.008149146742653102
373.0 0.007061046198941767
374.0 0.005972947474219836
375.0 0.0063939078245311975
376.0 0.006814867083448917
377.0 0.007105289842002094
378.0 0.007395711145363748
379.0 0.00620034770690836
380.0 0.00500498317705933
381.0 0.0031089006370166317
382.0 0.001212818460771814
383.0 0.003517141522024758
384.0 0.005821464947075583
385.0 0.0055177893955260515
386.0 0.005214114207774401
387.0 0.005902263728785329
388.0 0.006590413977392018
389.0 0.005797217090730555
390.0 0.005004020931664854
391.0 0.004640177212422714
392.0 0.004276333493180573
393.0 0.004747566345031373
394.0 0.005218799924477935
395.0 0.004304256071918644
396.0 0.0033897114917635918
397.0 0.0035521188692655414
398.0 0.003714526246767491
399.0 0.003962681512348354
400.0 0.004210836414131336
401.0 0.004786357385455631
402.0 0.0053618783567799255
403.0 0.0051413921028142795
404.0 0.004920906576444395
405.0 0.003993156860815361
406.0 0.003065407508984208
407.0 0.0015879955753916875
408.0 0.00011058418749598786
409.0 0.001877583417808637
410.0 0.0036445828300202265
411.0 0.004225747761665843
412.0 0.00480691269331146
413.0 0.004684284795075655
414.0 0.004561656533041969
415.0 0.0037862646422581747
416.0 0.00301087256957544
417.0 0.0038332727854140103
418.0 0.0046556735469494015
419.0 0.004125080522499047
420.0 0.0035944878618465737
421.0 0.0034791599318850785
422.0 0.003363832729519345
423.0 0.003452926830505021
424.0 0.003542022022884339
425.0 0.0026109370082849637
426.0 0.0016798521755845286
427.0 0.0018393198843114078
428.0 0.001998787593038287
429.0 0.0012484255421441048
430.0 0.0004980639459972735
431.0 0.0006446923180192243
432.0 0.0007913206900411751
433.0 0.0007055990863591433
434.0 0.000619877300778171
435.0 0.0012258646165719256
436.0 0.0018318520233151503
437.0 0.0019013363271369599
438.0 0.0019708206309587695
439.0 0.0020751243937411346
440.0 0.0021794281565234996
441.0 0.0016361998859792948
442.0 0.0010929717973340303
443.0 0.002260549445054494
444.0 0.0034281270927749574
445.0 0.0034033826523227617
446.0 0.0033786378480726853
447.0 0.0026045408958452754
448.0 0.0018304441255168058
449.0 0.002510107333364431
450.0 0.0031897714507067576
451.0 0.002535955354687758
452.0 0.001882138712971937
453.0 0.0017615177057450637
454.0 0.0016408968804171309
455.0 0.0024476039470755495
456.0 0.003254311377531849
457.0 0.0023735354261589237
458.0 0.0014927596566849388
459.0 0.0016069550838437863
460.0 0.001721150692901574
461.0 0.0008145295396388974
462.0 1.6751821284299862e-10
463.0 0.0009447438060306013
464.0 0.0019815795894828625
465.0 0.00222166800085688
466.0 0.0024617564122308977
467.0 0.002110230161633808
468.0 0.0017587031834409572
469.0 0.0016248104657279328
470.0 0.0014909177480149083
471.0 0.0013891693015466444
472.0 0.0012874212188762613
473.0 0.0013059018783678766
474.0 0.001324382537859492
475.0 0.001182241703645559
476.0 0.001040100869431626
477.0 0.001358617464575218
478.0 0.0016771338778198697
479.0 0.001987747600651346
480.0 0.0022983613234828226
481.0 0.0018422319044475444
482.0 0.001386102485412266
483.0 0.0009248540663975291
484.0 0.0004636056473827921
485.0 0.001311555206484627
486.0 0.002159504765586462
487.0 0.0015531921235378832
488.0 0.0009468796633882448
489.0 0.0016760361177148297
490.0 0.0024051923901424743
491.0 0.0022650190658168867
492.0 0.0021248459233902395
493.0 0.0019972674635937437
494.0 0.0018696891856961884
495.0 0.0016513318769284524
496.0 0.001432974386261776
497.0 0.0012810622138204053
498.0 0.0011291500413790345
499.0 0.0012859013622801285
500.0 0.0014426528650801629
501.0 0.0009372222848469391
502.0 0.0004317914317653049
503.0 0.001232057638844708
504.0 0.002032323754974641
505.0 0.002213562220276799
506.0 0.002394800685578957
507.0 0.0022833675757283345
508.0 0.002171934102079831
509.0 0.0018503837054595351
510.0 0.0015288340364350006
511.0 0.001192678428196814
512.0 0.0008565230018575676
513.0 0.001289666397497058
514.0 0.001722810156934429
515.0 0.001351087303191889
516.0 0.0009793651770451106
517.0 0.000890855608304264
518.0 0.0008023458576644771
519.0 0.0010389545423095115
520.0 0.0012755628631566651
521.0 0.001650025114940945
522.0 0.0020244871848262846
523.0 0.0013877328456146643
524.0 0.000750978597352514
525.0 0.0007525346518377773
526.0 0.0007540908427472459
527.0 0.0011585801985347643
528.0 0.0015630697816959582
529.0 0.0012980752217117697
530.0 0.00103308002508129
531.0 0.0011203896974620875
532.0 0.0012076992788934149
533.0 0.0008852749488141853
534.0 0.0005628506187349558
535.0 0.0011699418791977223
536.0 0.0017770331396604888
537.0 0.0017339478290523402
538.0 0.0016908625184441917
539.0 0.0012015842912660446
540.0 0.000712305791239487
541.0 0.0007674916560063139
542.0 0.0008226776117226109
543.0 0.0012571662409754936
544.0 0.0016916548702283762
545.0 0.001141616485256236
546.0 0.0005915784186072415
547.0 0.001243902624992188
548.0 0.0018962264221045189
549.0 0.0016828691514092498
550.0 0.0014695118807139806
551.0 0.0015534127669525333
552.0 0.0016373132893932052
553.0 0.001383634480589535
554.0 0.0011299554898869246
555.0 0.001015478846966289
556.0 0.0009010022949951235
557.0 0.0012858336049248464
558.0 0.0016706648239050992
559.0 0.0016450630937470123
560.0 0.0016194608178921044
561.0 0.0014889078556734603
562.0 0.001358354802505346
563.0 0.0011347189683874603
564.0 0.0009110831342695747
565.0 0.0017513348211650737
566.0 0.0025915869628079236
567.0 0.002956260505015962
568.0 0.003320934047224
569.0 0.0030484368835459463
570.0 0.0027759397198678926
571.0 0.0025815226763370447
572.0 0.002387105269008316
573.0 0.0019287390387034975
574.0 0.001470372899348149
575.0 0.0019378347133169882
576.0 0.002405296254437417
577.0 0.0019901470295735635
578.0 0.0015749981685075909
579.0 0.001669514131208416
580.0 0.0017640297301113605
581.0 0.001594852983544115
582.0 0.001425676055077929
583.0 0.0018675938918022439
584.0 0.002309511910425499
585.0 0.002540880632295739
586.0 0.0027722493541659787
587.0 0.0021111922251293436
588.0 0.0014501344594464172
589.0 0.002163789758924395
590.0 0.0028774451493518427
591.0 0.0019839444576064125
592.0 0.0010904434020631015
593.0 0.0008338934094354045
594.0 0.0005773430984845618
595.0 0.0009948796105163638
596.0 0.0014124159861239605
597.0 0.001356495249638101
598.0 0.0013005745131522417
599.0 0.0009045674232766032
600.0 0.0005085605607746402
601.0 0.0004733289642899763
602.0 0.0004380972768558422
603.0 0.0009610291272110771
604.0 0.0014839605682936963
605.0 0.0009096385838347487
606.0 0.0003353163492647582
607.0 0.0007469192496500909
608.0 0.001158522081823321
609.0 0.0011892685506609268
610.0 0.001220014655700652
611.0 0.0010390450370323379
612.0 0.0008580751455156133
613.0 0.0008402908861171454
614.0 0.0008225064448197372
615.0 0.0012781178156728856
616.0 0.0017337295503239147
617.0 0.002150880936824251
618.0 0.002568032323324587
619.0 0.002172332096961327
620.0 0.0017766316886991262
621.0 0.0015133145097934175
622.0 0.0012499970580392983
623.0 0.0015863057342357934
624.0 0.0019226143194828182
625.0 0.0016903602954698727
626.0 0.001458106271456927
627.0 0.0018759703380055726
628.0 0.0022938345864531584
629.0 0.0020907791622448713
630.0 0.0018877237380365841
631.0 0.0016910298654693179
632.0 0.0014943354472052306
633.0 0.0018108292351826094
634.0 0.0021273232050589286
635.0 0.005121921276440844
636.0 0.008116519165923819
637.0 0.015482681919820607
638.0 0.02284884685650468
639.0 0.019809635705314577
640.0 0.01677042309893295
641.0 0.014538007962983102
642.0 0.012305595737416297
643.0 0.0098753887868952
644.0 0.007445183291565627
645.0 0.006740831304341555
646.0 0.006036479317117482
647.0 0.005500167753780261
648.0 0.0049638554628472775
649.0 0.004054709643241949
650.0 0.0031455645512323827
651.0 0.0036050983908353373
652.0 0.004064632230438292
653.0 0.0033012594940373674
654.0 0.002537886939535383
655.0 0.0027922445951844566
656.0 0.003046602796530351
657.0 0.0029387934773694724
658.0 0.002830983794410713
659.0 0.0026811836505657993
660.0 0.0025313835067208856
661.0 0.0026965062716044486
662.0 0.002861628854589071
663.0 0.0019937528122682124
664.0 0.001125876860896824
665.0 0.0016021409464883618
666.0 0.0020784054868272506
667.0 0.0024014834707486443
668.0 0.002724561454670038
669.0 0.0020191175281070173
670.0 0.0013136734196450561
671.0 0.0009619250704417937
672.0 0.0006101767667132663
673.0 0.0013220177606854122
674.0 0.0020338589820312336
675.0 0.0021241878130240366
676.0 0.002214516280218959
677.0 0.001936148873937782
678.0 0.0016577809219597839
679.0 0.0013861022125638556
680.0 0.001114423412218457
681.0 0.001195308595924871
682.0 0.0012761936886818148
683.0 0.002354396929149516
684.0 0.003432600715314038
685.0 0.0028678183298325166
686.0 0.002303036853845697
687.0 0.0016997331840684637
688.0 0.0010964295142912306
689.0 0.0014266788639361039
690.0 0.0017569282135809772
691.0 0.0020770101400557905
692.0 0.0023970918846316636
693.0 0.0027745316401706077
694.0 0.0031519717595074326
695.0 0.003298712908872403
696.0 0.003445453694439493
697.0 0.0036890472983941436
698.0 0.003932641266146675
699.0 0.0058266305131837726
700.0 0.0077206183050293475
701.0 0.007261525752255693
702.0 0.006802431016694754
703.0 0.006233447493286803
704.0 0.005664463242283091
705.0 0.005120207060826942
706.0 0.004575950879370794
707.0 0.0043195013859076425
708.0 0.004063051892444491
709.0 0.0042459781980142
710.0 0.004428904503583908
711.0 0.00395176830352284
712.0 0.0034746317396638915
713.0 0.0024496170226484537
714.0 0.0014246021237340756
715.0 0.0021454296074807644
716.0 0.002866256909328513
717.0 0.0024948154532467015
718.0 0.0021233736333670095
719.0 0.001704283022263553
720.0 0.0012851923202106263
721.0 0.0011897285730810836
722.0 0.0010942645531031303
723.0 0.0009518005754216574
724.0 0.000809336324891774
725.0 0.0012038260138069745
726.0 0.0015983157936716452
727.0 0.0016747049812693149
728.0 0.0017510941688669845
729.0 0.0018190161426900886
730.0 0.001886938298412133
731.0 0.001364279341942165
732.0 0.0008416207492700778
733.0 0.0008746473213250283
734.0 0.0009076738024305087
735.0 0.0010278221452608705
736.0 0.0011479699423944112
737.0 0.0013182750080886763
738.0 0.0014885798009345308
739.0 0.0011230788913962897
740.0 0.0007575778454338433
741.0 0.0010021240996138658
742.0 0.001246670126420213
743.0 0.0015890092981862836
744.0 0.001931348379002884
745.0 0.0012655874343181495
746.0 0.0005998262622597395
747.0 0.0011283198546152562
748.0 0.0016568134014960378
749.0 0.002265684088342823
750.0 0.0028745547751896083
751.0 0.0029584789444925264
752.0 0.003042402931896504
753.0 0.0030021959901205264
754.0 0.0029619888664456084
755.0 0.0019565837646950968
756.0 0.000951178117247764
757.0 0.0018980370441568084
758.0 0.0028448957891669124
759.0 0.0027274940293864347
760.0 0.0026100919058080763
761.0 0.004419910328579135
762.0 0.006229728751350194
763.0 0.00570058255107142
764.0 0.005171436350792646
765.0 0.005198135113460012
766.0 0.005224832420935854
767.0 0.004540803638519719
768.0 0.0038567741285078228
769.0 0.003471496165730059
770.0 0.0030862182029522955
771.0 0.003937921428587288
772.0 0.0047896250180201605
773.0 0.004038357292301953
774.0 0.0032870892027858645
775.0 1.6751821284299862e-10
776.0 0.01924089010572061
777.0 0.05879491218365729
778.0 1.6751821284299862e-10
779.0 1.6751821284299862e-10
780.0 1.6751821284299862e-10
781.0 0.05195799167267978
782.0 1.6751821284299862e-10
783.0 0.051865208661183715
784.0 1.6751821284299862e-10
785.0 0.1007413025945425
786.0 0.10719679994508624
787.0 0.024463023873977363
788.0 1.6751821284299862e-10
789.0 0.050166744040325284
790.0 1.6751821284299862e-10
791.0 0.011516099766595289
792.0 0.0853855162858963
793.0 0.2182552358135581
794.0 0.06077752914279699
795.0 0.07354334811680019
796.0 0.021875953825656325
797.0 0.03969587851315737
798.0 0.2586368704214692
799.0 0.246117589995265
800.0 0.2677738666534424
801.0 0.5019455216825008
802.0 1.0571150109171867
803.0 1.6806043684482574
804.0 2.8172653168439865
805.0 4.1252147406339645
806.0 6.011012941598892
807.0 8.492519706487656
808.0 10.988957434892654
809.0 14.035199582576752
810.0 17.3879936337471
811.0 20.656205713748932
812.0 23.69680255651474
813.0 27.43494212627411
814.0 31.633305549621582
815.0 37.05742061138153
816.0 42.64999330043793
817.0 49.2438018321991
818.0 55.587559938430786
819.0 62.92285919189453
820.0 70.70839405059814
821.0 77.62168049812317
822.0 82.84743428230286
823.0 87.06516623497009
824.0 90.93983769416809
825.0 94.45942044258118
826.0 96.05721235275269
827.0 97.47969508171082
828.0 99.09306168556213
829.0 98.89565706253052
830.0 98.76678586006165
831.0 98.91411662101746
832.0 98.57133626937866
833.0 99.57090020179749
834.0 98.0237066745758
835.0 98.92858862876892
836.0 99.13279414176941
837.0 98.91641736030579
838.0 98.02090525627136
839.0 98.03262948989868
840.0 98.37098717689514
841.0 99.50903058052063
842.0 99.15791749954224
843.0 99.44239258766174
844.0 98.06247353553772
845.0 98.50435256958008
846.0 99.23333525657654
847.0 98.96420240402222
848.0 99.55228567123413
849.0 98.6088752746582
850.0 98.14783334732056
851.0 99.68298077583313
852.0 99.09459352493286
853.0 98.20002317428589
854.0 99.60929155349731
855.0 98.46369624137878
856.0 98.90719652175903
857.0 98.01081418991089
858.0 98.48120212554932
859.0 99.53761696815491
860.0 98.47660660743713
861.0 98.87821674346924
862.0 98.9836037158966
863.0 97.98727631568909
864.0 99.57258701324463
865.0 99.62757229804993
866.0 98.89034032821655
867.0 99.75687861442566
868.0 99.45563673973083
869.0 98.92305135726929
870.0 98.02625775337219
871.0 98.79273176193237
872.0 99.44112300872803
873.0 98.84324669837952
874.0 99.55272674560547
875.0 99.02839660644531
876.0 98.74957203865051
877.0 99.46776628494263
878.0 99.16706085205078
879.0 98.54646325111389
880.0 98.3843445777893
881.0 100.02014636993408
882.0 98.68122935295105
883.0 98.70268702507019
884.0 98.84893298149109
885.0 98.6395001411438
886.0 98.78996014595032
887.0 98.48465919494629
888.0 98.86466264724731
889.0 99.63235259056091
890.0 98.01331162452698
891.0 99.25639629364014
892.0 98.371821641922
893.0 98.5315203666687
894.0 98.1253981590271
895.0 99.2780327796936
