lsstCam/transmission_sensor/r41_s12/19700101T000000.ecsv
# %ECSV 0.9
# ---
# datatype:
# - {name: amp_name, datatype: string}
# - {name: wavelength, unit: nm, datatype: float32}
# - {name: efficiency, unit: '%', datatype: float32}
# meta: !!omap
# - {MODE: AMP}
# - {TYPE: transmission_sensor}
# - {CALIBDATE: '1970-01-01T00:00:00'}
# - {INSTRUME: LSSTCAM}
# - {OBSTYPE: transmission_sensor}
# - {DETECTOR: 167}
# - {CALIBCLS: lsst.ip.isr.IntermediateSensorTransmissionCurve}
# - {PICKLEFILE: RaftRun12086.p}
# - {CALIB_ID: 'raftName=R41 detectorName=S12 detector=167 calibDate=1970-01-01T00:00:00 ccd=167 ccdnum=167 filter=None'}
# - {DATE: '2020-07-23T19:16:29.056562'}
# - {CALIB_CREATION_DATE: '2020-07-23'}
# - {CALIB_CREATION_TIME: '19:16:29'}
# - __serialized_columns__:
#     efficiency:
#       __class__: astropy.units.quantity.Quantity
#       unit: !astropy.units.Unit {unit: '%'}
#       value: !astropy.table.SerializedColumn {name: efficiency}
#     wavelength:
#       __class__: astropy.units.quantity.Quantity
#       unit: !astropy.units.Unit {unit: nm}
#       value: !astropy.table.SerializedColumn {name: wavelength}
# schema: astropy-2.0
amp_name wavelength efficiency
C12 319.994 46.699474
C12 324.969 48.16942
C12 349.982 57.08312
C12 374.975 74.18041
C12 400.019 87.75623
C12 424.965 89.149925
C12 450.035 88.74299
C12 475.003 88.210625
C12 500.018 87.9911
C12 525.002 87.677795
C12 550.029 89.2068
C12 575.023 90.447876
C12 599.982 91.70416
C12 619.997 93.24306
C12 624.979 93.36268
C12 650.012 94.74695
C12 675.004 95.89027
C12 700.03 96.75661
C12 725.012 97.64969
C12 750.022 98.742966
C12 774.987 100.46707
C12 799.976 100.19013
C12 824.988 99.98175
C12 850.022 98.38007
C12 869.967 95.719955
C12 875.002 94.95329
C12 899.999 88.3743
C12 919.999 80.8151
C12 925.012 77.39465
C12 949.965 63.953655
C12 975.002 48.237373
C12 999.976 30.943903
C12 1025.028 14.917558
C12 1050.014 5.964
C12 1075.002 3.2728786
C12 1099.99 2.3426251
C01 319.994 46.651093
C01 324.969 48.143177
C01 349.982 57.07744
C01 374.975 73.8406
C01 400.019 87.04538
C01 424.965 88.27558
C01 450.035 87.81435
C01 475.003 87.26351
C01 500.018 87.06075
C01 525.002 86.8102
C01 550.029 88.40594
C01 575.023 89.71601
C01 599.982 91.022736
C01 619.997 92.57785
C01 624.979 92.70001
C01 650.012 94.0898
C01 675.004 95.232315
C01 700.03 96.07925
C01 725.012 96.90758
C01 750.022 97.94951
C01 774.987 99.59202
C01 799.976 99.28325
C01 824.988 99.07354
C01 850.022 97.43631
C01 869.967 94.689674
C01 875.002 93.91526
C01 899.999 87.48002
C01 919.999 80.175285
C01 925.012 76.87745
C01 949.965 63.98738
C01 975.002 48.355637
C01 999.976 30.69609
C01 1025.028 15.043384
C01 1050.014 6.0293975
C01 1075.002 3.2210047
C01 1099.99 2.3006856
C04 319.994 45.661118
C04 324.969 47.038807
C04 349.982 55.602016
C04 374.975 72.75503
C04 400.019 86.74487
C04 424.965 88.40586
C04 450.035 88.047264
C04 475.003 87.45334
C04 500.018 87.14834
C04 525.002 86.76733
C04 550.029 88.23387
C04 575.023 89.423645
C04 599.982 90.64054
C04 619.997 92.14313
C04 624.979 92.25552
C04 650.012 93.62104
C04 675.004 94.768
C04 700.03 95.68794
C04 725.012 96.690704
C04 750.022 97.9546
C04 774.987 99.81412
C04 799.976 99.617714
C04 824.988 99.41907
C04 850.022 97.80242
C04 869.967 95.07118
C04 875.002 94.288315
C04 899.999 87.67463
C04 919.999 80.104095
C04 925.012 76.78803
C04 949.965 64.08688
C04 975.002 48.36136
C04 999.976 30.705204
C04 1025.028 15.0955305
C04 1050.014 6.0509224
C04 1075.002 3.239991
C04 1099.99 2.3069823
C11 319.994 46.555443
C11 324.969 48.054657
C11 349.982 57.01885
C11 374.975 73.8392
C11 400.019 87.037704
C11 424.965 88.28652
C11 450.035 87.858055
C11 475.003 87.36408
C11 500.018 87.1967
C11 525.002 86.925545
C11 550.029 88.47158
C11 575.023 89.72788
C11 599.982 90.99355
C11 619.997 92.52398
C11 624.979 92.64685
C11 650.012 94.021286
C11 675.004 95.15119
C11 700.03 95.98677
C11 725.012 96.814285
C11 750.022 97.83195
C11 774.987 99.46825
C11 799.976 99.16097
C11 824.988 98.95088
C11 850.022 97.35331
C11 869.967 94.72142
C11 875.002 93.96179
C11 899.999 87.48139
C11 919.999 80.02246
C11 925.012 76.65386
C11 949.965 63.309002
C11 975.002 47.711136
C11 999.976 30.59678
C11 1025.028 14.754253
C11 1050.014 5.9125304
C11 1075.002 3.2353072
C11 1099.99 2.313641
C07 319.994 44.58548
C07 324.969 45.779186
C07 349.982 53.63253
C07 374.975 71.06346
C07 400.019 86.2153
C07 424.965 88.62532
C07 450.035 88.51894
C07 475.003 87.945786
C07 500.018 87.53893
C07 525.002 86.96963
C07 550.029 88.27025
C07 575.023 89.305336
C07 599.982 90.384865
C07 619.997 91.80624
C07 624.979 91.90159
C07 650.012 93.20698
C07 675.004 94.34561
C07 700.03 95.286575
C07 725.012 96.327866
C07 750.022 97.64402
C07 774.987 99.55107
C07 799.976 99.428
C07 824.988 99.30906
C07 850.022 97.823906
C07 869.967 95.37738
C07 875.002 94.680664
C07 899.999 88.26308
C07 919.999 80.61281
C07 925.012 77.25878
C07 949.965 64.17837
C07 975.002 48.5569
C07 999.976 31.166513
C07 1025.028 15.107998
C07 1050.014 6.0887113
C07 1075.002 3.3065617
C07 1099.99 2.2931526
C13 319.994 46.106503
C13 324.969 47.499058
C13 349.982 56.100792
C13 374.975 73.137794
C13 400.019 86.941185
C13 424.965 88.52992
C13 450.035 88.1946
C13 475.003 87.67992
C13 500.018 87.43926
C13 525.002 87.09563
C13 550.029 88.58951
C13 575.023 89.78824
C13 599.982 91.003296
C13 619.997 92.502975
C13 624.979 92.61969
C13 650.012 93.98138
C13 675.004 95.11531
C13 700.03 95.998665
C13 725.012 96.93941
C13 750.022 98.10934
C13 774.987 99.89939
C13 799.976 99.66419
C13 824.988 99.46241
C13 850.022 97.867905
C13 869.967 95.220406
C13 875.002 94.45646
C13 899.999 87.864944
C13 919.999 80.262695
C13 925.012 76.848
C13 949.965 63.523876
C13 975.002 47.965275
C13 999.976 30.750048
C13 1025.028 14.824469
C13 1050.014 5.894924
C13 1075.002 3.2422016
C13 1099.99 2.3268335
C14 319.994 45.828686
C14 324.969 47.177155
C14 349.982 55.618027
C14 374.975 72.72952
C14 400.019 86.77657
C14 424.965 88.51047
C14 450.035 88.20935
C14 475.003 87.67215
C14 500.018 87.38475
C14 525.002 86.99495
C14 550.029 88.436356
C14 575.023 89.59887
C14 599.982 90.79223
C14 619.997 92.28321
C14 624.979 92.400406
C14 650.012 93.75417
C14 675.004 94.89365
C14 700.03 95.79688
C14 725.012 96.800835
C14 750.022 98.03458
C14 774.987 99.88942
C14 799.976 99.693596
C14 824.988 99.487274
C14 850.022 97.88481
C14 869.967 95.255424
C14 875.002 94.49259
C14 899.999 87.88345
C14 919.999 80.20161
C14 925.012 76.76228
C14 949.965 63.44743
C14 975.002 47.96196
C14 999.976 30.756615
C14 1025.028 14.787719
C14 1050.014 5.838751
C14 1075.002 3.229821
C14 1099.99 2.3239472
C06 319.994 44.93518
C06 324.969 46.19201
C06 349.982 54.296597
C06 374.975 71.59618
C06 400.019 86.26434
C06 424.965 88.37753
C06 450.035 88.15484
C06 475.003 87.5483
C06 500.018 87.162384
C06 525.002 86.66267
C06 550.029 88.02148
C06 575.023 89.11883
C06 599.982 90.26139
C06 619.997 91.72022
C06 624.979 91.82713
C06 650.012 93.160286
C06 675.004 94.30684
C06 700.03 95.25718
C06 725.012 96.3192
C06 750.022 97.67415
C06 774.987 99.61543
C06 799.976 99.49521
C06 824.988 99.35054
C06 850.022 97.829895
C06 869.967 95.297455
C06 875.002 94.57902
C06 899.999 88.06832
C06 919.999 80.386856
C06 925.012 77.06743
C06 949.965 64.22116
C06 975.002 48.497272
C06 999.976 31.048296
C06 1025.028 15.117018
C06 1050.014 6.095749
C06 1075.002 3.2941992
C06 1099.99 2.3101218
C03 319.994 45.99788
C03 324.969 47.409695
C03 349.982 56.085903
C03 374.975 73.10841
C03 400.019 86.843216
C03 424.965 88.35642
C03 450.035 87.95243
C03 475.003 87.3554
C03 500.018 87.07933
C03 525.002 86.75611
C03 550.029 88.28368
C03 575.023 89.52484
C03 599.982 90.775856
C03 619.997 92.29706
C03 624.979 92.412994
C03 650.012 93.786575
C03 675.004 94.93107
C03 700.03 95.82686
C03 725.012 96.77016
C03 750.022 97.96101
C03 774.987 99.74891
C03 799.976 99.51549
C03 824.988 99.318054
C03 850.022 97.70005
C03 869.967 94.960495
C03 875.002 94.17862
C03 899.999 87.6186
C03 919.999 80.16833
C03 925.012 76.85492
C03 949.965 64.09371
C03 975.002 48.41294
C03 999.976 30.723703
C03 1025.028 15.132358
C03 1050.014 6.0529585
C03 1075.002 3.2402594
C03 1099.99 2.3137121
C15 319.994 45.469852
C15 324.969 46.764084
C15 349.982 55.00595
C15 374.975 72.212
C15 400.019 86.56366
C15 424.965 88.498276
C15 450.035 88.27528
C15 475.003 87.75719
C15 500.018 87.44465
C15 525.002 87.0003
C15 550.029 88.38642
C15 575.023 89.490036
C15 599.982 90.62702
C15 619.997 92.08151
C15 624.979 92.18876
C15 650.012 93.51848
C15 675.004 94.64961
C15 700.03 95.5691
C15 725.012 96.6112
C15 750.022 97.90096
C15 774.987 99.81895
C15 799.976 99.660706
C15 824.988 99.468506
C15 850.022 97.90005
C15 869.967 95.35086
C15 875.002 94.59921
C15 899.999 88.03354
C15 919.999 80.23931
C15 925.012 76.770744
C15 949.965 63.499695
C15 975.002 48.117767
C15 999.976 30.862556
C15 1025.028 14.785879
C15 1050.014 5.8089447
C15 1075.002 3.2332518
C15 1099.99 2.3230953
C10 319.994 46.71553
C10 324.969 48.272038
C10 349.982 57.456455
C10 374.975 74.228455
C10 400.019 87.16908
C10 424.965 88.23921
C10 450.035 87.76426
C10 475.003 87.30382
C10 500.018 87.188515
C10 525.002 86.954155
C10 550.029 88.54609
C10 575.023 89.84704
C10 599.982 91.138405
C10 619.997 92.68577
C10 624.979 92.80599
C10 650.012 94.18481
C10 675.004 95.31563
C10 700.03 96.131966
C10 725.012 96.91129
C10 750.022 97.86135
C10 774.987 99.43551
C10 799.976 99.095436
C10 824.988 98.88455
C10 850.022 97.286385
C10 869.967 94.64782
C10 875.002 93.86936
C10 899.999 87.387985
C10 919.999 79.96679
C10 925.012 76.62587
C10 949.965 63.34597
C10 975.002 47.656734
C10 999.976 30.537058
C10 1025.028 14.718661
C10 1050.014 5.860542
C10 1075.002 3.1738954
C10 1099.99 2.2841601
C05 319.994 45.40136
C05 324.969 46.742004
C05 349.982 55.181087
C05 374.975 72.48461
C05 400.019 86.792725
C05 424.965 88.61422
C05 450.035 88.26758
C05 475.003 87.61587
C05 500.018 87.25145
C05 525.002 86.82616
C05 550.029 88.26865
C05 575.023 89.44947
C05 599.982 90.66402
C05 619.997 92.16298
C05 624.979 92.2788
C05 650.012 93.64492
C05 675.004 94.802864
C05 700.03 95.75108
C05 725.012 96.803635
C05 750.022 98.13438
C05 774.987 100.06175
C05 799.976 99.90417
C05 824.988 99.72441
C05 850.022 98.13683
C05 869.967 95.4667
C05 875.002 94.69915
C05 899.999 88.09289
C05 919.999 80.42197
C05 925.012 77.108795
C05 949.965 64.38816
C05 975.002 48.56942
C05 999.976 30.94938
C05 1025.028 15.155683
C05 1050.014 6.094395
C05 1075.002 3.2709308
C05 1099.99 2.3141868
C16 319.994 45.540024
C16 324.969 46.806953
C16 349.982 54.9843
C16 374.975 72.50976
C16 400.019 87.34523
C16 424.965 89.50434
C16 450.035 89.344574
C16 475.003 88.82857
C16 500.018 88.47122
C16 525.002 87.95569
C16 550.029 89.30118
C16 575.023 90.35883
C16 599.982 91.45052
C16 619.997 92.89005
C16 624.979 92.98492
C16 650.012 94.30789
C16 675.004 95.442726
C16 700.03 96.379585
C16 725.012 97.444374
C16 750.022 98.77299
C16 774.987 100.730774
C16 799.976 100.604065
C16 824.988 100.42654
C16 850.022 98.906296
C16 869.967 96.40688
C16 875.002 95.661385
C16 899.999 89.074875
C16 919.999 81.04903
C16 925.012 77.53794
C16 949.965 64.244255
C16 975.002 48.751488
C16 999.976 31.2433
C16 1025.028 14.911754
C16 1050.014 5.8727818
C16 1075.002 3.275051
C16 1099.99 2.3414025
C17 319.994 44.753937
C17 324.969 45.959522
C17 349.982 53.894672
C17 374.975 71.44217
C17 400.019 86.57598
C17 424.965 89.00018
C17 450.035 88.96529
C17 475.003 88.492676
C17 500.018 88.10203
C17 525.002 87.500175
C17 550.029 88.73858
C17 575.023 89.66984
C17 599.982 90.65104
C17 619.997 92.00854
C17 624.979 92.09246
C17 650.012 93.34994
C17 675.004 94.45258
C17 700.03 95.36047
C17 725.012 96.38762
C17 750.022 97.65698
C17 774.987 99.555405
C17 799.976 99.42466
C17 824.988 99.27407
C17 850.022 97.790565
C17 869.967 95.37649
C17 875.002 94.66313
C17 899.999 88.13848
C17 919.999 80.14226
C17 925.012 76.67512
C17 949.965 63.59015
C17 975.002 48.245834
C17 999.976 30.890116
C17 1025.028 14.7275915
C17 1050.014 5.8570194
C17 1075.002 3.256782
C17 1099.99 2.3029003
C02 319.994 46.408695
C02 324.969 47.851395
C02 349.982 56.62475
C02 374.975 73.51231
C02 400.019 87.01475
C02 424.965 88.40604
C02 450.035 87.98196
C02 475.003 87.40343
C02 500.018 87.16446
C02 525.002 86.88942
C02 550.029 88.47122
C02 575.023 89.75155
C02 599.982 91.0286
C02 619.997 92.562775
C02 624.979 92.68073
C02 650.012 94.05838
C02 675.004 95.19858
C02 700.03 96.06787
C02 725.012 96.95073
C02 750.022 98.066895
C02 774.987 99.78394
C02 799.976 99.51609
C02 824.988 99.314766
C02 850.022 97.69441
C02 869.967 94.964645
C02 875.002 94.19118
C02 899.999 87.70122
C02 919.999 80.32316
C02 925.012 77.01455
C02 949.965 64.1803
C02 975.002 48.483154
C02 999.976 30.777758
C02 1025.028 15.139634
C02 1050.014 6.0679255
C02 1075.002 3.2456942
C02 1099.99 2.3178577
C00 319.994 46.755096
C00 324.969 48.32308
C00 349.982 57.55501
C00 374.975 74.31502
C00 400.019 87.1899
C00 424.965 88.21703
C00 450.035 87.70876
C00 475.003 87.201164
C00 500.018 87.04495
C00 525.002 86.8198
C00 550.029 88.42995
C00 575.023 89.761185
C00 599.982 91.08495
C00 619.997 92.64611
C00 624.979 92.76952
C00 650.012 94.161285
C00 675.004 95.29481
C00 700.03 96.11531
C00 725.012 96.89988
C00 750.022 97.85988
C00 774.987 99.43368
C00 799.976 99.0922
C00 824.988 98.87829
C00 850.022 97.23245
C00 869.967 94.41724
C00 875.002 93.611496
C00 899.999 87.13981
C00 919.999 79.91157
C00 925.012 76.658966
C00 949.965 63.870533
C00 975.002 48.27435
C00 999.976 30.606083
C00 1025.028 14.884381
C00 1050.014 5.918811
C00 1075.002 3.150228
C00 1099.99 2.259623
