lsstCam/transmission_sensor/r41_s12/19700101T000000.ecsv
# %ECSV 1.0
# ---
# datatype:
# - {name: amp_name, datatype: string}
# - {name: wavelength, unit: nm, datatype: float32}
# - {name: efficiency, unit: '%', datatype: float64}
# meta: !!omap
# - {MODE: AMP}
# - {TYPE: transmission_sensor}
# - {CALIBDATE: '1970-01-01T00:00:00'}
# - {INSTRUME: LSSTCam}
# - {OBSTYPE: transmission_sensor}
# - {DETECTOR: 167}
# - {PARQUETFILE: qe_raft_allvalues_nircorrected_20230725_adjust.parquet}
# - {CORRFILE: qe_corr_factor_bydetnum.parquet}
# - {CALIBCLS: lsst.ip.isr.IntermediateSensorTransmissionCurve}
# - {CALIB_ID: 'raftName=R41 detectorName=S12 detector=167 calibDate=1970-01-01T00:00:00 ccd=167 ccdnum=167 filter=None'}
# - {DATE: '2025-03-03T21:56:48.326107'}
# - {CALIB_CREATION_DATE: '2025-03-03'}
# - {CALIB_CREATION_TIME: '21:56:48'}
# - __serialized_columns__:
#     efficiency:
#       __class__: astropy.units.quantity.Quantity
#       unit: !astropy.units.Unit {unit: '%'}
#       value: !astropy.table.SerializedColumn {name: efficiency}
#     wavelength:
#       __class__: astropy.units.quantity.Quantity
#       unit: !astropy.units.Unit {unit: nm}
#       value: !astropy.table.SerializedColumn {name: wavelength}
# schema: astropy-2.0
amp_name wavelength efficiency
C00 319.994 46.412481512989956
C00 324.969 47.968973278356486
C00 349.982 57.13325653119374
C00 374.975 73.77044746132803
C00 400.019 86.55098762803482
C00 424.965 87.57059108654471
C00 450.035 87.06604535752899
C00 475.003 86.56216609540239
C00 500.018 86.40709894137062
C00 525.002 86.1835977554057
C00 550.029 87.78194439875789
C00 575.023 89.10342706409105
C00 599.982 90.41749528528273
C00 619.997 91.96721256619107
C00 624.979 92.0897212979917
C00 650.012 93.47128443868183
C00 675.004 94.59650017865562
C00 700.03 95.41099087855048
C00 725.012 96.1898104529025
C00 750.022 97.14277479598745
C00 774.987 98.70504134547848
C00 799.976 98.3660671974856
C00 824.988 98.15372175842612
C00 850.022 96.51994634112712
C00 869.967 93.72535979318528
C00 875.002 92.92552379136374
C00 899.999 86.50126010992139
C00 919.999 79.32598669977314
C00 925.012 76.09721969402969
C00 949.965 63.402498499528576
C00 975.002 47.92060141448342
C00 999.976 30.38180574590722
C00 1025.028 14.775310593231463
C00 1050.014 5.875438611794598
C00 1075.002 0.9254645280076876
C00 1099.99 0.09182374026213339
C01 319.994 46.30923973307488
C01 324.969 47.790390446020986
C01 349.982 56.65918272863696
C01 374.975 73.2995052958014
C01 400.019 86.40752305666369
C01 424.965 87.62871002867121
C01 450.035 87.17085484933098
C01 475.003 86.62405663424232
C01 500.018 86.42278363372714
C01 525.002 86.17407030828619
C01 550.029 87.75811063398436
C01 575.023 89.0585844453354
C01 599.982 90.35573349572819
C01 619.997 91.89945257463441
C01 624.979 92.02071925450532
C01 650.012 93.40032086196497
C01 675.004 94.53446574355553
C01 700.03 95.37519100372224
C01 725.012 96.19745210166529
C01 750.022 97.2317481256854
C01 774.987 98.86222150248828
C01 799.976 98.55571489487802
C01 824.988 98.34754244736293
C01 850.022 96.72230992382451
C01 869.967 93.99580145390912
C01 875.002 93.22706219125509
C01 899.999 86.83897705900979
C01 919.999 79.58777186442576
C01 925.012 76.31410165202765
C01 949.965 63.518490245441825
C01 975.002 48.00129313573527
C01 999.976 30.47115396323029
C01 1025.028 14.933147750271157
C01 1050.014 5.985214891286623
C01 1075.002 0.9263114864307309
C01 1099.99 0.09190777469878303
C02 319.994 46.06861867889561
C02 324.969 47.50074620805428
C02 349.982 56.2098098551583
C02 374.975 72.97361813399493
C02 400.019 86.37711550484745
C02 424.965 87.75820908932026
C02 450.035 87.3372367935031
C02 475.003 86.76294681923811
C02 500.018 86.52573004763454
C02 525.002 86.25270582771533
C02 550.029 87.82291696546422
C02 575.023 89.09386174953467
C02 599.982 90.36155750752064
C02 619.997 91.88448736357866
C02 624.979 92.00158105190516
C02 650.012 93.36913324094897
C02 675.004 94.50097578237708
C02 700.03 95.36389893404403
C02 725.012 96.2402877462662
C02 750.022 97.34827380245868
C02 774.987 99.05274015092898
C02 799.976 98.78685015611835
C02 824.988 98.58700097122993
C02 850.022 96.9785210017681
C02 869.967 94.26875751244194
C02 875.002 93.50095736222256
C02 899.999 87.05855517851373
C02 919.999 79.73456119675512
C02 925.012 76.45019722018154
C02 949.965 63.70999344724146
C02 975.002 48.12787640374441
C02 999.976 30.55222246547911
C02 1025.028 15.028692973639966
C02 1050.014 6.023460529194479
C02 1075.002 0.9274209734009154
C02 1099.99 0.09201785697670001
C03 319.994 45.660812890882326
C03 324.969 47.062282943141334
C03 349.982 55.67491337548166
C03 374.975 72.57268528577573
C03 400.019 86.20684078816386
C03 424.965 87.70895870091152
C03 450.035 87.30792739735644
C03 475.003 86.71527171620367
C03 500.018 86.44122507548867
C03 525.002 86.12037428278751
C03 550.029 87.63675307226494
C03 575.023 88.86881557214495
C03 599.982 90.11066301771528
C03 619.997 91.62071794523341
C03 624.979 91.73580465940518
C03 650.012 93.09932017967736
C03 675.004 94.2354265944984
C03 700.03 95.12465246782358
C03 725.012 96.06103844704158
C03 750.022 97.243168944649
C03 774.987 99.01796269689655
C03 799.976 98.78625185061561
C03 824.988 98.59026514428915
C03 850.022 96.98411780893926
C03 869.967 94.26463753530918
C03 875.002 93.48849140200102
C03 899.999 86.9765418837147
C03 919.999 79.58086484393849
C03 925.012 76.29173714380514
C03 949.965 63.6240419390067
C03 975.002 48.0581775994194
C03 999.976 30.498564307417322
C03 1025.028 15.021469760054726
C03 1050.014 6.008603240333827
C03 1075.002 0.9264190070807962
C03 1099.99 0.0919184427989053
C04 319.994 45.32651915808806
C04 324.969 46.69411300131243
C04 349.982 55.19457251212091
C04 374.975 72.22188892398829
C04 400.019 86.10921853588208
C04 424.965 87.7580348991106
C04 450.035 87.40206584544508
C04 475.003 86.81249257365452
C04 500.018 86.5097272688082
C04 525.002 86.13150730923081
C04 550.029 87.58730577318443
C04 575.023 88.76836083558439
C04 599.982 89.97633964560747
C04 619.997 91.46791526392718
C04 624.979 91.5794878799563
C04 650.012 92.93499822407162
C04 675.004 94.07355087531523
C04 700.03 94.98675440967409
C04 725.012 95.98216814950376
C04 750.022 97.23679964176546
C04 774.987 99.08269329350263
C04 799.976 98.88772900797198
C04 824.988 98.69053811715268
C04 850.022 97.08573886255579
C04 869.967 94.37451369016597
C04 875.002 93.59738300349889
C04 899.999 87.03216157500698
C04 919.999 79.51710365371657
C04 925.012 76.22534037997625
C04 949.965 63.61726366780482
C04 975.002 48.00697325126757
C04 999.976 30.4802004939014
C04 1025.028 14.984912536488846
C04 1050.014 6.006582065890251
C04 1075.002 0.9263577002344884
C04 1099.99 0.09191235998993609
C05 319.994 45.06866463338379
C05 324.969 46.399485408652055
C05 349.982 54.7767280665902
C05 374.975 71.9534542374192
C05 400.019 86.15671944870685
C05 424.965 87.96486683936006
C05 450.035 87.62076544041336
C05 475.003 86.97383057523395
C05 500.018 86.61208295070024
C05 525.002 86.18990647039024
C05 550.029 87.62182572864606
C05 575.023 88.79399709035351
C05 599.982 89.99964326626464
C05 619.997 91.48762147808057
C05 624.979 91.60259458994169
C05 650.012 92.95870323955975
C05 675.004 94.10816171262539
C05 700.03 95.04943259120118
C05 725.012 96.09427090964923
C05 750.022 97.41526129830292
C05 774.987 99.3285135467658
C05 799.976 99.17208316500627
C05 824.988 98.99364422893093
C05 850.022 97.41769996123813
C05 869.967 94.76713084924589
C05 875.002 94.00520772523062
C05 899.999 87.44735529995594
C05 919.999 79.83264543176688
C05 925.012 76.5437525097422
C05 949.965 63.91633311081146
C05 975.002 48.213509825509355
C05 999.976 30.722588064011216
C05 1025.028 15.044623804336222
C05 1050.014 6.049736270303935
C05 1075.002 0.9280573175386178
C05 1099.99 0.09208099445744547
C06 319.994 44.605901834223666
C06 324.969 45.85352027717481
C06 349.982 53.89871852806947
C06 374.975 71.07153677941224
C06 400.019 85.63221000696694
C06 424.965 87.72991454048203
C06 450.035 87.50885201745231
C06 475.003 86.90675977102856
C06 500.018 86.52367005906815
C06 525.002 86.02761420940138
C06 550.029 87.37646745811284
C06 575.023 88.46577729443511
C06 599.982 89.59996761694993
C06 619.997 91.04810928516599
C06 624.979 91.15423656377148
C06 650.012 92.47762017443611
C06 675.004 93.61577143084878
C06 700.03 94.55914773891521
C06 725.012 95.61338475519737
C06 750.022 96.95840581929639
C06 774.987 98.88546453524644
C06 799.976 98.76612152116914
C06 824.988 98.62251305353786
C06 850.022 97.1130109905982
C06 869.967 94.59912817877523
C06 875.002 93.88595559300182
C06 899.999 87.42296867060394
C06 919.999 79.7977922428607
C06 925.012 76.50268906118737
C06 949.965 63.75055704562945
C06 975.002 48.14189114213443
C06 999.976 30.820778327846234
C06 1025.028 15.006242316998554
C06 1050.014 6.051080090970285
C06 1075.002 0.9237046986042231
C06 1099.99 0.09164913160544368
C07 319.994 44.25876346683903
C07 324.969 45.443722661981525
C07 349.982 53.23951840008399
C07 374.975 70.54271802335516
C07 400.019 85.58352763011145
C07 424.965 87.97588626349273
C07 450.035 87.87028912900358
C07 475.003 87.30133088985158
C07 500.018 86.89745952853035
C07 525.002 86.33232590050342
C07 550.029 87.62341616099509
C07 575.023 88.65091876683857
C07 599.982 89.72253693664958
C07 619.997 91.13349278184752
C07 624.979 91.22814622707776
C07 650.012 92.52396991717968
C07 675.004 93.65425989369564
C07 700.03 94.58832838577648
C07 725.012 95.62198823685696
C07 750.022 96.928498117647
C07 774.987 98.82157459573914
C07 799.976 98.69940667087045
C07 824.988 98.58133600267237
C07 850.022 97.10706580300773
C07 869.967 94.67846803253039
C07 875.002 93.9868571653176
C07 899.999 87.61629708286128
C07 919.999 80.02208864500012
C07 925.012 76.69263969807484
C07 949.965 63.70807735493523
C07 975.002 48.20108173272468
C07 999.976 30.93812951474354
C07 1025.028 14.997288561547805
C07 1050.014 6.044094022208518
C07 1075.002 0.9234200899013283
C07 1099.99 0.0916208929914071
C10 319.994 46.373205407455956
C10 324.969 47.91830664780837
C10 349.982 57.03542222126541
C10 374.975 73.68451867355542
C10 400.019 86.53031958098462
C10 424.965 87.59260721434791
C10 450.035 87.12113490470492
C10 475.003 86.66406736805185
C10 500.018 86.54960925333232
C10 525.002 86.31696686810409
C10 550.029 87.89723559708882
C10 575.023 89.18865151753768
C10 599.982 90.47055513784179
C10 619.997 92.00657955357359
C10 624.979 92.12592256765089
C10 650.012 93.49463350026328
C10 675.004 94.61716822570581
C10 700.03 95.42752380149317
C10 725.012 96.2011403900176
C10 750.022 97.1442364790511
C10 774.987 98.70685898244882
C10 799.976 98.3692783561332
C10 824.988 98.15993959156214
C10 850.022 96.57348332339089
C10 869.967 93.9542533021622
C10 875.002 93.18150009119867
C10 899.999 86.74761808078829
C10 919.999 79.38080360140351
C10 925.012 76.06436590579088
C10 949.965 62.88177958822055
C10 975.002 47.30751246438914
C10 999.976 30.313286512241092
C10 1025.028 14.61080498055685
C10 1050.014 5.81759657530031
C10 1075.002 0.925478516659008
C10 1099.99 0.09182512820326628
C11 319.994 46.21429092183696
C11 324.969 47.702519058736314
C11 349.982 56.601022132329895
C11 374.975 73.29811934761152
C11 400.019 86.39990412836303
C11 424.965 87.63957040956896
C11 450.035 87.21424335851037
C11 475.003 86.72389034483803
C11 500.018 86.55773560528719
C11 525.002 86.28856629044259
C11 550.029 87.8232729193709
C11 575.023 89.07036879169307
C11 599.982 90.32676490651346
C11 619.997 91.84597618026966
C11 624.979 91.96794719446657
C11 650.012 93.3323109453249
C11 675.004 94.45393685228227
C11 700.03 95.2833927632329
C11 725.012 96.10484349802668
C11 750.022 97.11504825870246
C11 774.987 98.73935681678095
C11 799.976 98.43433461269646
C11 824.988 98.22578349081256
C11 850.022 96.63991795465667
C11 869.967 94.02731473488232
C11 875.002 93.27325289076374
C11 899.999 86.84034028673754
C11 919.999 79.4360673387891
C11 925.012 76.09215303097488
C11 949.965 62.84508225513821
C11 975.002 47.361515216126556
C11 999.976 30.372571771423544
C11 1025.028 14.646136245853674
C11 1050.014 5.869204211654939
C11 1075.002 0.9251998603791037
C11 1099.99 0.09179748018317044
C12 319.994 46.35726700327232
C12 324.969 47.81643945585211
C12 349.982 56.664821189988686
C12 374.975 73.63682842354622
C12 400.019 87.11316759598495
C12 424.965 88.49664682898131
C12 450.035 88.09269215929893
C12 475.003 87.56422935714853
C12 500.018 87.34630983138003
C12 525.002 87.03530457226819
C12 550.029 88.55310717737237
C12 575.023 89.78508636889126
C12 599.982 91.03216709423867
C12 619.997 92.55978493898267
C12 624.979 92.67852964755724
C12 650.012 94.05265562364376
C12 675.004 95.18759572140883
C12 700.03 96.0475879334611
C12 725.012 96.93412521876765
C12 750.022 98.01939081283092
C12 774.987 99.73086263712439
C12 799.976 99.45595261884847
C12 824.988 99.24909795813689
C12 850.022 97.65915788577249
C12 869.967 95.01853276270546
C12 875.002 94.25748816322584
C12 899.999 87.72670338183443
C12 919.999 80.22289966278535
C12 925.012 76.82751593476112
C12 949.965 63.48501164449445
C12 975.002 47.883896507913704
C12 999.976 30.717150300074962
C12 1025.028 14.808243903087735
C12 1050.014 5.920296850867972
C12 1075.002 0.9338147957419338
C12 1099.99 0.09265224615549196
C13 319.994 45.76864041740381
C13 324.969 47.1509912007811
C13 349.982 55.6896930360967
C13 374.975 72.60185078566225
C13 400.019 86.3040919395642
C13 424.965 87.88118737733822
C13 450.035 87.5483250336581
C13 475.003 87.03741000175883
C13 500.018 86.79851948944506
C13 525.002 86.45740204452466
C13 550.029 87.9403363137479
C13 575.023 89.13028265032777
C13 599.982 90.33643624989313
C13 619.997 91.82512636952244
C13 624.979 91.94098557940659
C13 650.012 93.29269403285896
C13 675.004 94.41831874115107
C13 700.03 95.29519983005271
C13 725.012 96.22904869099963
C13 750.022 97.39040511273359
C13 774.987 99.16734216190865
C13 799.976 98.933866693069
C13 824.988 98.733563098938
C13 850.022 97.15074210470743
C13 869.967 94.52264352976097
C13 875.002 93.76429509178735
C13 899.999 87.22108221761125
C13 919.999 79.67454130929717
C13 925.012 76.28486799075475
C13 949.965 63.058381953607125
C13 975.002 47.61379186737811
C13 999.976 30.52471555932803
C13 1025.028 14.71583694355052
C13 1050.014 5.851726969505014
C13 1075.002 0.9278218397100424
C13 1099.99 0.09205763056362326
C14 319.994 45.49285944807961
C14 324.969 46.83144683465237
C14 349.982 55.21046547538028
C14 374.975 72.196570755689
C14 400.019 86.14068637593101
C14 424.965 87.86187498452841
C14 450.035 87.56296458475668
C14 475.003 87.02970019160965
C14 500.018 86.74440692214068
C14 525.002 86.3574623051057
C14 550.029 87.78830612815406
C14 575.023 88.94230112015816
C14 599.982 90.12691572162504
C14 619.997 91.60697206564525
C14 624.979 91.72330840523412
C14 650.012 93.0671555787898
C14 675.004 94.19827863891716
C14 700.03 95.0948962359217
C14 725.012 96.09149143978209
C14 750.022 97.31619250993225
C14 774.987 99.1574436139077
C14 799.976 98.96305491341765
C14 824.988 98.75824509429769
C14 850.022 97.16752495273353
C14 869.967 94.55740583681865
C14 875.002 93.80016312800198
C14 899.999 87.23945549798641
C14 919.999 79.61390039587434
C14 925.012 76.1997798600809
C14 949.965 62.982495610095604
C14 975.002 47.610501187113066
C14 999.976 30.531234438587266
C14 1025.028 14.679356401544327
C14 1050.014 5.79596527532443
C14 1075.002 0.9271142643546462
C14 1099.99 0.09198742558689697
C15 319.994 45.13665561630542
C15 324.969 46.42140308111936
C15 349.982 54.602874877121266
C15 374.975 71.6828383864857
C15 400.019 85.92933306371783
C15 424.965 87.84977255170092
C15 450.035 87.62841466266352
C15 475.003 87.11411428190699
C15 500.018 86.80386637153279
C15 525.002 86.36277131975655
C15 550.029 87.73873765327554
C15 575.023 88.83426532273383
C15 599.982 89.96291942597648
C15 619.997 91.40675177987538
C15 624.979 91.51321229192543
C15 650.012 92.83318783327069
C15 675.004 93.95603307169566
C15 700.03 94.86878219681192
C15 725.012 95.90324483755431
C15 750.022 97.18355802550937
C15 774.987 99.0874873110119
C15 799.976 98.930405609338
C15 824.988 98.73961431535174
C15 850.022 97.1826492070242
C15 869.967 94.65214259041002
C15 875.002 93.90600261408716
C15 899.999 87.38844114165494
C15 919.999 79.6513285704885
C15 925.012 76.20817885758132
C15 949.965 63.034377785367624
C15 975.002 47.76516694631389
C15 999.976 30.636399884295948
C15 1025.028 14.677530244400693
C15 1050.014 5.766377553516682
C15 1075.002 0.9258501588983837
C15 1099.99 0.09186200220483642
C16 319.994 45.20631276644985
C16 324.969 46.46395850668735
C16 349.982 54.58138131994705
C16 374.975 71.97841645181181
C16 400.019 86.70517625753094
C16 424.965 88.84846561156458
C16 450.035 88.68986921241539
C16 475.003 88.1776439672
C16 500.018 87.82291696546422
C16 525.002 87.31116127646615
C16 550.029 88.64679121621843
C16 575.023 89.6966961977213
C16 599.982 90.78038650641028
C16 619.997 92.20936725156405
C16 624.979 92.3035359936022
C16 650.012 93.61681657210673
C16 675.004 94.74333495190925
C16 700.03 95.67332890778158
C16 725.012 96.73031509998137
C16 750.022 98.04919248565706
C16 774.987 99.99263265480226
C16 799.976 99.86685217645503
C16 824.988 99.69062469869358
C16 850.022 98.18152403058488
C16 869.967 95.70042684561433
C16 875.002 94.96039110011685
C16 899.999 88.42214643365968
C16 919.999 80.45511035923313
C16 925.012 76.96975360117729
C16 949.965 63.77348199191781
C16 975.002 48.39424352825975
C16 999.976 31.01435287844331
C16 1025.028 14.80248237256614
C16 1050.014 5.8297468157668595
C16 1075.002 0.934096678056959
C16 1099.99 0.0926802142598288
C17 319.994 44.42598606810992
C17 324.969 45.62273718309748
C17 349.982 53.499739639593386
C17 374.975 70.91865078974487
C17 400.019 85.94156424583072
C17 424.965 88.34800199224473
C17 450.035 88.31336086098507
C17 475.003 87.84421361196665
C17 500.018 87.45642833783288
C17 525.002 86.85898621265824
C17 550.029 88.08831468359537
C17 575.023 89.01274969973342
C17 599.982 89.98676076423739
C17 619.997 91.33431137312012
C17 624.979 91.41761973426051
C17 650.012 92.66588192363865
C17 675.004 93.76044776020014
C17 700.03 94.66168518450428
C17 725.012 95.68130378998893
C17 750.022 96.94136547269949
C17 774.987 98.82587633656894
C17 799.976 98.69608948339958
C17 824.988 98.5466039895642
C17 850.022 97.07396966317286
C17 869.967 94.67758193450734
C17 875.002 93.96945329132663
C17 899.999 87.4926144605173
C17 919.999 79.55498623757333
C17 925.012 76.11325276680553
C17 949.965 63.12416905170222
C17 975.002 47.892295505414126
C17 999.976 30.663757214071346
C17 1025.028 14.619669747530924
C17 1050.014 5.814099990847218
C17 1075.002 0.9235429763716029
C17 1099.99 0.09163308567409427
