lsstCam/transmission_sensor/r41_s12/19700101T000000.ecsv
# %ECSV 1.0
# ---
# datatype:
# - {name: amp_name, datatype: string}
# - {name: wavelength, unit: nm, datatype: float32}
# - {name: efficiency, unit: '%', datatype: float64}
# meta: !!omap
# - {MODE: AMP}
# - {TYPE: transmission_sensor}
# - {CALIBDATE: '1970-01-01T00:00:00'}
# - {INSTRUME: LSSTCAM}
# - {OBSTYPE: transmission_sensor}
# - {DETECTOR: 167}
# - {PARQUETFILE: qe_raft_allvalues_nircorrected_20230725.parquet}
# - {CALIBCLS: lsst.ip.isr.IntermediateSensorTransmissionCurve}
# - {CALIB_ID: 'raftName=R41 detectorName=S12 detector=167 calibDate=1970-01-01T00:00:00 ccd=167 ccdnum=167 filter=None'}
# - {DATE: '2024-01-18T22:42:25.569843'}
# - {CALIB_CREATION_DATE: '2024-01-18'}
# - {CALIB_CREATION_TIME: '22:42:25'}
# - __serialized_columns__:
#     efficiency:
#       __class__: astropy.units.quantity.Quantity
#       unit: !astropy.units.Unit {unit: '%'}
#       value: !astropy.table.SerializedColumn {name: efficiency}
#     wavelength:
#       __class__: astropy.units.quantity.Quantity
#       unit: !astropy.units.Unit {unit: nm}
#       value: !astropy.table.SerializedColumn {name: wavelength}
# schema: astropy-2.0
amp_name wavelength efficiency
C00 319.994 46.755096435546875
C00 324.969 48.32307815551758
C00 349.982 57.55501174926758
C00 374.975 74.31501770019531
C00 400.019 87.18990325927734
C00 424.965 88.21703338623047
C00 450.035 87.7087631225586
C00 475.003 87.20116424560547
C00 500.018 87.04495239257812
C00 525.002 86.8198013305664
C00 550.029 88.42994689941406
C00 575.023 89.76118469238281
C00 599.982 91.08495330810547
C00 619.997 92.64611053466797
C00 624.979 92.76952362060547
C00 650.012 94.16128540039062
C00 675.004 95.29480743408203
C00 700.03 96.11531066894531
C00 725.012 96.8998794555664
C00 750.022 97.85987854003906
C00 774.987 99.43367767333984
C00 799.976 99.09220123291016
C00 824.988 98.87828826904297
C00 850.022 97.23245239257812
C00 869.967 94.417236328125
C00 875.002 93.61149597167969
C00 899.999 87.13980865478516
C00 919.999 79.91156768798828
C00 925.012 76.65896606445312
C00 949.965 63.87053298950195
C00 975.002 48.274349212646484
C00 999.976 30.606082916259766
C00 1025.028 14.884381294250488
C00 1050.014 5.918810844421387
C00 1075.002 0.9322962669549746
C00 1099.99 0.0925015791242936
C01 319.994 46.651092529296875
C01 324.969 48.1431770324707
C01 349.982 57.07743835449219
C01 374.975 73.8405990600586
C01 400.019 87.04537963867188
C01 424.965 88.27558135986328
C01 450.035 87.81434631347656
C01 475.003 87.26351165771484
C01 500.018 87.06075286865234
C01 525.002 86.8102035522461
C01 550.029 88.40593719482422
C01 575.023 89.71601104736328
C01 599.982 91.02273559570312
C01 619.997 92.57785034179688
C01 624.979 92.70001220703125
C01 650.012 94.08979797363281
C01 675.004 95.23231506347656
C01 700.03 96.0792465209961
C01 725.012 96.90757751464844
C01 750.022 97.94950866699219
C01 774.987 99.5920181274414
C01 799.976 99.28324890136719
C01 824.988 99.07353973388672
C01 850.022 97.43630981445312
C01 869.967 94.6896743774414
C01 875.002 93.9152603149414
C01 899.999 87.48001861572266
C01 919.999 80.17528533935547
C01 925.012 76.87744903564453
C01 949.965 63.98738098144531
C01 975.002 48.35563659667969
C01 999.976 30.696090698242188
C01 1025.028 15.043383598327637
C01 1050.014 6.029397487640381
C01 1075.002 0.9331494775883082
C01 1099.99 0.09258623389950447
C02 319.994 46.408695220947266
C02 324.969 47.85139465332031
C02 349.982 56.62474822998047
C02 374.975 73.5123062133789
C02 400.019 87.0147476196289
C02 424.965 88.40603637695312
C02 450.035 87.9819564819336
C02 475.003 87.40342712402344
C02 500.018 87.16445922851562
C02 525.002 86.88941955566406
C02 550.029 88.47122192382812
C02 575.023 89.75154876708984
C02 599.982 91.02860260009766
C02 619.997 92.56277465820312
C02 624.979 92.68073272705078
C02 650.012 94.05838012695312
C02 675.004 95.19857788085938
C02 700.03 96.06787109375
C02 725.012 96.95072937011719
C02 750.022 98.06689453125
C02 774.987 99.78394317626953
C02 799.976 99.5160903930664
C02 824.988 99.31476593017578
C02 850.022 97.69441223144531
C02 869.967 94.96464538574219
C02 875.002 94.19117736816406
C02 899.999 87.70121765136719
C02 919.999 80.32315826416016
C02 925.012 77.0145492553711
C02 949.965 64.1802978515625
C02 975.002 48.483154296875
C02 999.976 30.77775764465332
C02 1025.028 15.139634132385254
C02 1050.014 6.067925453186035
C02 1075.002 0.9342671547431151
C02 1099.99 0.0926971288000155
C03 319.994 45.99787902832031
C03 324.969 47.40969467163086
C03 349.982 56.08590316772461
C03 374.975 73.10841369628906
C03 400.019 86.84321594238281
C03 424.965 88.3564224243164
C03 450.035 87.95243072509766
C03 475.003 87.35540008544922
C03 500.018 87.07933044433594
C03 525.002 86.75611114501953
C03 550.029 88.28368377685547
C03 575.023 89.52484130859375
C03 599.982 90.7758560180664
C03 619.997 92.29705810546875
C03 624.979 92.41299438476562
C03 650.012 93.78657531738281
C03 675.004 94.93106842041016
C03 700.03 95.82685852050781
C03 725.012 96.77015686035156
C03 750.022 97.96101379394531
C03 774.987 99.74890899658203
C03 799.976 99.51548767089844
C03 824.988 99.31805419921875
C03 850.022 97.7000503540039
C03 869.967 94.96049499511719
C03 875.002 94.17861938476562
C03 899.999 87.61859893798828
C03 919.999 80.16832733154297
C03 925.012 76.85491943359375
C03 949.965 64.09371185302734
C03 975.002 48.412940979003906
C03 999.976 30.723703384399414
C03 1025.028 15.132357597351074
C03 1050.014 6.0529584884643555
C03 1075.002 0.933257791951142
C03 1099.99 0.09259698075107847
C04 319.994 45.66111755371094
C04 324.969 47.0388069152832
C04 349.982 55.60201644897461
C04 374.975 72.7550277709961
C04 400.019 86.744873046875
C04 424.965 88.4058609008789
C04 450.035 88.0472640991211
C04 475.003 87.45333862304688
C04 500.018 87.1483383178711
C04 525.002 86.76732635498047
C04 550.029 88.23387145996094
C04 575.023 89.42364501953125
C04 599.982 90.64054107666016
C04 619.997 92.14312744140625
C04 624.979 92.25552368164062
C04 650.012 93.62104034423828
C04 675.004 94.76799774169922
C04 700.03 95.68794250488281
C04 725.012 96.69070434570312
C04 750.022 97.95459747314453
C04 774.987 99.81411743164062
C04 799.976 99.61771392822266
C04 824.988 99.4190673828125
C04 850.022 97.80242156982422
C04 869.967 95.07118225097656
C04 875.002 94.28831481933594
C04 899.999 87.67462921142578
C04 919.999 80.10409545898438
C04 925.012 76.78803253173828
C04 949.965 64.08688354492188
C04 975.002 48.361358642578125
C04 999.976 30.705204010009766
C04 1025.028 15.09553050994873
C04 1050.014 6.050922393798828
C04 1075.002 0.9331960325403577
C04 1099.99 0.09259085303907766
C05 319.994 45.40135955810547
C05 324.969 46.74200439453125
C05 349.982 55.181087493896484
C05 374.975 72.48461151123047
C05 400.019 86.792724609375
C05 424.965 88.61421966552734
C05 450.035 88.267578125
C05 475.003 87.6158676147461
C05 500.018 87.25144958496094
C05 525.002 86.82615661621094
C05 550.029 88.26864624023438
C05 575.023 89.44947052001953
C05 599.982 90.66401672363281
C05 619.997 92.16297912597656
C05 624.979 92.27880096435547
C05 650.012 93.6449203491211
C05 675.004 94.80286407470703
C05 700.03 95.75108337402344
C05 725.012 96.80363464355469
C05 750.022 98.1343765258789
C05 774.987 100.06175231933594
C05 799.976 99.90416717529297
C05 824.988 99.72441101074219
C05 850.022 98.13683319091797
C05 869.967 95.4666976928711
C05 875.002 94.69915008544922
C05 899.999 88.09288787841797
C05 919.999 80.42196655273438
C05 925.012 77.10879516601562
C05 949.965 64.3881607055664
C05 975.002 48.569419860839844
C05 999.976 30.94938087463379
C05 1025.028 15.155682563781738
C05 1050.014 6.094395160675049
C05 1075.002 0.9349081963456016
C05 1099.99 0.0927607323589014
C06 319.994 44.9351806640625
C06 324.969 46.19200897216797
C06 349.982 54.29659652709961
C06 374.975 71.59618377685547
C06 400.019 86.26434326171875
C06 424.965 88.37753295898438
C06 450.035 88.15483856201172
C06 475.003 87.54830169677734
C06 500.018 87.16238403320312
C06 525.002 86.66266632080078
C06 550.029 88.02147674560547
C06 575.023 89.11882781982422
C06 599.982 90.26139068603516
C06 619.997 91.72022247314453
C06 624.979 91.82713317871094
C06 650.012 93.16028594970703
C06 675.004 94.30683898925781
C06 700.03 95.2571792602539
C06 725.012 96.31919860839844
C06 750.022 97.67414855957031
C06 774.987 99.61543273925781
C06 799.976 99.49520874023438
C06 824.988 99.35054016113281
C06 850.022 97.82989501953125
C06 869.967 95.29745483398438
C06 875.002 94.57901763916016
C06 899.999 88.06832122802734
C06 919.999 80.38685607910156
C06 925.012 77.06742858886719
C06 949.965 64.22116088867188
C06 975.002 48.49727249145508
C06 999.976 31.048295974731445
C06 1025.028 15.11701774597168
C06 1050.014 6.0957489013671875
C06 1075.002 0.9305234465672936
C06 1099.99 0.0923256815140845
C07 319.994 44.585479736328125
C07 324.969 45.7791862487793
C07 349.982 53.632530212402344
C07 374.975 71.06346130371094
C07 400.019 86.21530151367188
C07 424.965 88.62532043457031
C07 450.035 88.5189437866211
C07 475.003 87.94578552246094
C07 500.018 87.53893280029297
C07 525.002 86.9696273803711
C07 550.029 88.27024841308594
C07 575.023 89.30533599853516
C07 599.982 90.3848648071289
C07 619.997 91.80623626708984
C07 624.979 91.9015884399414
C07 650.012 93.20697784423828
C07 675.004 94.34561157226562
C07 700.03 95.28657531738281
C07 725.012 96.32786560058594
C07 750.022 97.6440200805664
C07 774.987 99.55107116699219
C07 799.976 99.4280014038086
C07 824.988 99.3090591430664
C07 850.022 97.82390594482422
C07 869.967 95.37738037109375
C07 875.002 94.6806640625
C07 899.999 88.26307678222656
C07 919.999 80.61280822753906
C07 925.012 77.25878143310547
C07 949.965 64.1783676147461
C07 975.002 48.55690002441406
C07 999.976 31.166513442993164
C07 1025.028 15.10799789428711
C07 1050.014 6.088711261749268
C07 1075.002 0.9302367368953163
C07 1099.99 0.09229723444382569
C10 319.994 46.71553039550781
C10 324.969 48.272037506103516
C10 349.982 57.45645523071289
C10 374.975 74.22845458984375
C10 400.019 87.16908264160156
C10 424.965 88.23921203613281
C10 450.035 87.7642593383789
C10 475.003 87.30381774902344
C10 500.018 87.18851470947266
C10 525.002 86.95415496826172
C10 550.029 88.54608917236328
C10 575.023 89.84703826904297
C10 599.982 91.1384048461914
C10 619.997 92.6857681274414
C10 624.979 92.80599212646484
C10 650.012 94.18480682373047
C10 675.004 95.31562805175781
C10 700.03 96.13196563720703
C10 725.012 96.91129302978516
C10 750.022 97.8613510131836
C10 774.987 99.43550872802734
C10 799.976 99.0954360961914
C10 824.988 98.88455200195312
C10 850.022 97.28638458251953
C10 869.967 94.64781951904297
C10 875.002 93.8693618774414
C10 899.999 87.38798522949219
C10 919.999 79.96678924560547
C10 925.012 76.62586975097656
C10 949.965 63.345970153808594
C10 975.002 47.656734466552734
C10 999.976 30.537057876586914
C10 1025.028 14.718661308288574
C10 1050.014 5.860541820526123
C10 1075.002 0.9323103588699114
C10 1099.99 0.09250297731114766
C11 319.994 46.555442810058594
C11 324.969 48.054656982421875
C11 349.982 57.01884841918945
C11 374.975 73.83920288085938
C11 400.019 87.03770446777344
C11 424.965 88.2865219116211
C11 450.035 87.8580551147461
C11 475.003 87.36408233642578
C11 500.018 87.19670104980469
C11 525.002 86.92554473876953
C11 550.029 88.4715805053711
C11 575.023 89.7278823852539
C11 599.982 90.9935531616211
C11 619.997 92.52397918701172
C11 624.979 92.6468505859375
C11 650.012 94.02128601074219
C11 675.004 95.15119171142578
C11 700.03 95.98677062988281
C11 725.012 96.81428527832031
C11 750.022 97.83194732666016
C11 774.987 99.46824645996094
C11 799.976 99.16097259521484
C11 824.988 98.95088195800781
C11 850.022 97.35330963134766
C11 869.967 94.72142028808594
C11 875.002 93.9617919921875
C11 899.999 87.48139190673828
C11 919.999 80.0224609375
C11 925.012 76.65386199951172
C11 949.965 63.30900192260742
C11 975.002 47.71113586425781
C11 999.976 30.59678077697754
C11 1025.028 14.754253387451172
C11 1050.014 5.912530422210693
C11 1075.002 0.9320296455614525
C11 1099.99 0.09247512519456838
C12 319.994 46.6994743347168
C12 324.969 48.16941833496094
C12 349.982 57.0831184387207
C12 374.975 74.18041229248047
C12 400.019 87.75623321533203
C12 424.965 89.1499252319336
C12 450.035 88.74298858642578
C12 475.003 88.21062469482422
C12 500.018 87.99109649658203
C12 525.002 87.67779541015625
C12 550.029 89.20680236816406
C12 575.023 90.4478759765625
C12 599.982 91.70416259765625
C12 619.997 93.24305725097656
C12 624.979 93.36267852783203
C12 650.012 94.7469482421875
C12 675.004 95.89026641845703
C12 700.03 96.75660705566406
C12 725.012 97.64968872070312
C12 750.022 98.74296569824219
C12 774.987 100.46707153320312
C12 799.976 100.19013214111328
C12 824.988 99.98175048828125
C12 850.022 98.38007354736328
C12 869.967 95.71995544433594
C12 875.002 94.95329284667969
C12 899.999 88.37429809570312
C12 919.999 80.81510162353516
C12 925.012 77.3946533203125
C12 949.965 63.95365524291992
C12 975.002 48.23737335205078
C12 999.976 30.94390296936035
C12 1025.028 14.917557716369629
C12 1050.014 5.964000225067139
C12 1075.002 0.9407081760029328
C12 1099.99 0.09333620101216998
C13 319.994 46.106502532958984
C13 324.969 47.49905776977539
C13 349.982 56.100791931152344
C13 374.975 73.1377944946289
C13 400.019 86.9411849975586
C13 424.965 88.52992248535156
C13 450.035 88.1946029663086
C13 475.003 87.67991638183594
C13 500.018 87.43926239013672
C13 525.002 87.09562683105469
C13 550.029 88.58950805664062
C13 575.023 89.78823852539062
C13 599.982 91.0032958984375
C13 619.997 92.50297546386719
C13 624.979 92.61968994140625
C13 650.012 93.98137664794922
C13 675.004 95.11531066894531
C13 700.03 95.99866485595703
C13 725.012 96.93940734863281
C13 750.022 98.10933685302734
C13 774.987 99.8993911743164
C13 799.976 99.66419219970703
C13 824.988 99.46240997314453
C13 850.022 97.86790466308594
C13 869.967 95.22040557861328
C13 875.002 94.45645904541016
C13 899.999 87.86494445800781
C13 919.999 80.2626953125
C13 925.012 76.8479995727539
C13 949.965 63.52387619018555
C13 975.002 47.965274810791016
C13 999.976 30.75004768371582
C13 1025.028 14.824468612670898
C13 1050.014 5.894924163818359
C13 1075.002 0.9346709802299239
C13 1099.99 0.09273719599382982
C14 319.994 45.82868576049805
C14 324.969 47.177154541015625
C14 349.982 55.61802673339844
C14 374.975 72.72952270507812
C14 400.019 86.77657318115234
C14 424.965 88.51046752929688
C14 450.035 88.2093505859375
C14 475.003 87.67214965820312
C14 500.018 87.38475036621094
C14 525.002 86.99494934082031
C14 550.029 88.43635559082031
C14 575.023 89.59886932373047
C14 599.982 90.79222869873047
C14 619.997 92.28321075439453
C14 624.979 92.40040588378906
C14 650.012 93.7541732788086
C14 675.004 94.89364624023438
C14 700.03 95.79688262939453
C14 725.012 96.80083465576172
C14 750.022 98.03457641601562
C14 774.987 99.88941955566406
C14 799.976 99.69359588623047
C14 824.988 99.48727416992188
C14 850.022 97.88481140136719
C14 869.967 95.25542449951172
C14 875.002 94.49259185791016
C14 899.999 87.88345336914062
C14 919.999 80.20160675048828
C14 925.012 76.76228332519531
C14 949.965 63.44742965698242
C14 975.002 47.96195983886719
C14 999.976 30.756614685058594
C14 1025.028 14.787718772888184
C14 1050.014 5.838750839233398
C14 1075.002 0.9339581815839884
C14 1099.99 0.09266647276701476
C15 319.994 45.469852447509766
C15 324.969 46.76408386230469
C15 349.982 55.005950927734375
C15 374.975 72.21199798583984
C15 400.019 86.56365966796875
C15 424.965 88.49827575683594
C15 450.035 88.27528381347656
C15 475.003 87.75718688964844
C15 500.018 87.44464874267578
C15 525.002 87.00029754638672
C15 550.029 88.38642120361328
C15 575.023 89.49003601074219
C15 599.982 90.62702178955078
C15 619.997 92.08151245117188
C15 624.979 92.18875885009766
C15 650.012 93.51847839355469
C15 675.004 94.64961242675781
C15 700.03 95.56909942626953
C15 725.012 96.61119842529297
C15 750.022 97.90096282958984
C15 774.987 99.8189468383789
C15 799.976 99.66070556640625
C15 824.988 99.468505859375
C15 850.022 97.9000473022461
C15 869.967 95.35086059570312
C15 875.002 94.59921264648438
C15 899.999 88.03353881835938
C15 919.999 80.23931121826172
C15 925.012 76.77074432373047
C15 949.965 63.49969482421875
C15 975.002 48.117767333984375
C15 999.976 30.86255645751953
C15 1025.028 14.785879135131836
C15 1050.014 5.8089447021484375
C15 1075.002 0.9326847445561555
C15 1099.99 0.09254012351499573
C16 319.994 45.54002380371094
C16 324.969 46.80695343017578
C16 349.982 54.98429870605469
C16 374.975 72.50975799560547
C16 400.019 87.34523010253906
C16 424.965 89.50434112548828
C16 450.035 89.34457397460938
C16 475.003 88.82856750488281
C16 500.018 88.47122192382812
C16 525.002 87.9556884765625
C16 550.029 89.30117797851562
C16 575.023 90.35883331298828
C16 599.982 91.45052337646484
C16 619.997 92.89005279541016
C16 624.979 92.98491668701172
C16 650.012 94.30789184570312
C16 675.004 95.4427261352539
C16 700.03 96.37958526611328
C16 725.012 97.44437408447266
C16 750.022 98.77298736572266
C16 774.987 100.73077392578125
C16 799.976 100.60406494140625
C16 824.988 100.4265365600586
C16 850.022 98.90629577636719
C16 869.967 96.4068832397461
C16 875.002 95.66138458251953
C16 899.999 89.07487487792969
C16 919.999 81.04902648925781
C16 925.012 77.5379409790039
C16 949.965 64.24425506591797
C16 975.002 48.751487731933594
C16 999.976 31.24329948425293
C16 1025.028 14.91175365447998
C16 1050.014 5.872781753540039
C16 1075.002 0.9409921391609636
C16 1099.99 0.09336437557583821
C17 319.994 44.753936767578125
C17 324.969 45.95952224731445
C17 349.982 53.89467239379883
C17 374.975 71.44216918945312
C17 400.019 86.57598114013672
C17 424.965 89.00018310546875
C17 450.035 88.96528625488281
C17 475.003 88.49267578125
C17 500.018 88.1020278930664
C17 525.002 87.50017547607422
C17 550.029 88.73857879638672
C17 575.023 89.66983795166016
C17 599.982 90.65103912353516
C17 619.997 92.00853729248047
C17 624.979 92.09246063232422
C17 650.012 93.34993743896484
C17 675.004 94.45258331298828
C17 700.03 95.3604736328125
C17 725.012 96.38761901855469
C17 750.022 97.656982421875
C17 774.987 99.55540466308594
C17 799.976 99.4246597290039
C17 824.988 99.2740707397461
C17 850.022 97.79056549072266
C17 869.967 95.3764877319336
C17 875.002 94.66313171386719
C17 899.999 88.13848114013672
C17 919.999 80.14225769042969
C17 925.012 76.67511749267578
C17 949.965 63.59014892578125
C17 975.002 48.24583435058594
C17 999.976 30.89011573791504
C17 1025.028 14.727591514587402
C17 1050.014 5.857019424438477
C17 1075.002 0.9303605305081767
C17 1099.99 0.09230951713236685
