ts8/transmission_sensor/rtm-014_s10/19700101T000000.ecsv
# %ECSV 0.9
# ---
# datatype:
# - {name: amp_name, datatype: string}
# - {name: wavelength, unit: nm, datatype: float32}
# - {name: efficiency, unit: '%', datatype: float32}
# meta: !!omap
# - {MODE: AMP}
# - {TYPE: transmission_sensor}
# - {CALIBDATE: '1970-01-01T00:00:00'}
# - {INSTRUME: TS8}
# - {OBSTYPE: transmission_sensor}
# - {DETECTOR: 93}
# - {CALIBCLS: lsst.ip.isr.IntermediateSensorTransmissionCurve}
# - {PICKLEFILE: RaftRun10928.p}
# - {CALIB_ID: 'raftName=RTM-014 detectorName=S10 detector=93 calibDate=1970-01-01T00:00:00 ccd=93 ccdnum=93 filter=None'}
# - {DATE: '2020-07-23T19:15:46.553657'}
# - {CALIB_CREATION_DATE: '2020-07-23'}
# - {CALIB_CREATION_TIME: '19:15:46'}
# - __serialized_columns__:
#     efficiency:
#       __class__: astropy.units.quantity.Quantity
#       unit: !astropy.units.Unit {unit: '%'}
#       value: !astropy.table.SerializedColumn {name: efficiency}
#     wavelength:
#       __class__: astropy.units.quantity.Quantity
#       unit: !astropy.units.Unit {unit: nm}
#       value: !astropy.table.SerializedColumn {name: wavelength}
# schema: astropy-2.0
amp_name wavelength efficiency
C11 319.994 44.342754
C11 324.969 44.205086
C11 349.982 46.500523
C11 374.975 60.124153
C11 400.019 77.735565
C11 424.965 84.57975
C11 450.035 86.265625
C11 475.003 86.52508
C11 500.018 86.133804
C11 525.002 85.67886
C11 550.029 86.01921
C11 575.023 87.01522
C11 599.982 88.25884
C11 619.997 89.17712
C11 624.979 89.560486
C11 650.012 90.76249
C11 675.004 92.361984
C11 700.03 93.36862
C11 725.012 94.53572
C11 750.022 96.00348
C11 774.987 97.376884
C11 799.976 98.192375
C11 824.988 98.02994
C11 850.022 97.32316
C11 869.967 95.12964
C11 875.002 94.05264
C11 899.999 88.01049
C11 919.999 79.56579
C11 925.012 76.75911
C11 949.965 63.20261
C11 975.002 48.762104
C11 999.976 31.672663
C11 1025.028 15.238504
C11 1050.014 6.157055
C11 1075.002 3.4212272
C11 1099.99 2.292024
C05 319.994 44.84579
C05 324.969 44.419415
C05 349.982 45.54025
C05 374.975 58.333454
C05 400.019 76.292854
C05 424.965 83.94744
C05 450.035 86.17482
C05 475.003 86.55588
C05 500.018 86.090805
C05 525.002 85.5097
C05 550.029 85.72904
C05 575.023 86.61763
C05 599.982 87.81686
C05 619.997 88.680786
C05 624.979 89.05656
C05 650.012 90.23523
C05 675.004 91.81626
C05 700.03 92.83865
C05 725.012 93.976006
C05 750.022 95.45518
C05 774.987 96.80253
C05 799.976 97.662384
C05 824.988 97.608
C05 850.022 96.90354
C05 869.967 94.53902
C05 875.002 93.4377
C05 899.999 87.80436
C05 919.999 80.20253
C05 925.012 77.60939
C05 949.965 64.31189
C05 975.002 49.134666
C05 999.976 32.278004
C05 1025.028 15.650034
C05 1050.014 6.2695093
C05 1075.002 3.3751273
C05 1099.99 2.3106523
C01 319.994 44.158833
C01 324.969 44.02847
C01 349.982 46.341347
C01 374.975 59.946796
C01 400.019 77.52208
C01 424.965 84.31774
C01 450.035 85.98643
C01 475.003 86.23207
C01 500.018 85.8276
C01 525.002 85.38182
C01 550.029 85.72992
C01 575.023 86.743576
C01 599.982 88.01139
C01 619.997 88.93555
C01 624.979 89.32286
C01 650.012 90.536606
C01 675.004 92.13781
C01 700.03 93.16533
C01 725.012 94.343475
C01 750.022 95.834
C01 774.987 97.21208
C01 799.976 98.05155
C01 824.988 97.91531
C01 850.022 97.17647
C01 869.967 94.938354
C01 875.002 93.864296
C01 899.999 88.250854
C01 919.999 80.36227
C01 925.012 77.64779
C01 949.965 64.03752
C01 975.002 49.223816
C01 999.976 32.219955
C01 1025.028 15.541963
C01 1050.014 6.204356
C01 1075.002 3.3582706
C01 1099.99 2.3129153
C13 319.994 44.645065
C13 324.969 44.377644
C13 349.982 46.152542
C13 374.975 59.438145
C13 400.019 77.259026
C13 424.965 84.46816
C13 450.035 86.38483
C13 475.003 86.70446
C13 500.018 86.282074
C13 525.002 85.76917
C13 550.029 86.05493
C13 575.023 86.995605
C13 599.982 88.21693
C13 619.997 89.10939
C13 624.979 89.48998
C13 650.012 90.68447
C13 675.004 92.2744
C13 700.03 93.29867
C13 725.012 94.478035
C13 750.022 95.98272
C13 774.987 97.377174
C13 799.976 98.21891
C13 824.988 98.07361
C13 850.022 97.34781
C13 869.967 95.07384
C13 875.002 93.98485
C13 899.999 87.96445
C13 919.999 79.64762
C13 925.012 76.85288
C13 949.965 63.2224
C13 975.002 48.726837
C13 999.976 31.69011
C13 1025.028 15.274457
C13 1050.014 6.1574078
C13 1075.002 3.3989563
C13 1099.99 2.2811134
C00 319.994 44.45792
C00 324.969 44.402943
C00 349.982 47.01296
C00 374.975 60.903614
C00 400.019 78.45411
C00 424.965 85.052055
C00 450.035 86.56045
C00 475.003 86.728004
C00 500.018 86.31359
C00 525.002 85.87089
C00 550.029 86.23061
C00 575.023 87.2914
C00 599.982 88.61334
C00 619.997 89.587006
C00 624.979 89.98573
C00 650.012 91.24317
C00 675.004 92.87773
C00 700.03 93.89156
C00 725.012 95.02511
C00 750.022 96.43367
C00 774.987 97.74067
C00 799.976 98.53837
C00 824.988 98.38984
C00 850.022 97.631424
C00 869.967 95.426346
C00 875.002 94.35606
C00 899.999 88.82665
C00 919.999 80.88631
C00 925.012 78.09546
C00 949.965 64.35728
C00 975.002 49.572628
C00 999.976 32.251514
C00 1025.028 15.602636
C00 1050.014 6.2531605
C00 1075.002 3.3919985
C00 1099.99 2.33445
C14 319.994 44.866558
C14 324.969 44.540127
C14 349.982 46.070824
C14 374.975 59.23635
C14 400.019 77.20199
C14 424.965 84.61329
C14 450.035 86.67837
C14 475.003 87.062
C14 500.018 86.631096
C14 525.002 86.08372
C14 550.029 86.333374
C14 575.023 87.23597
C14 599.982 88.433784
C14 619.997 89.308334
C14 624.979 89.68577
C14 650.012 90.86817
C14 675.004 92.45281
C14 700.03 93.47742
C14 725.012 94.636734
C14 750.022 96.12528
C14 774.987 97.49429
C14 799.976 98.33954
C14 824.988 98.20287
C14 850.022 97.46333
C14 869.967 95.17286
C14 875.002 94.08111
C14 899.999 88.06411
C14 919.999 79.785416
C14 925.012 76.99675
C14 949.965 63.271576
C14 975.002 48.717735
C14 999.976 31.724754
C14 1025.028 15.318785
C14 1050.014 6.1764445
C14 1075.002 3.4089577
C14 1099.99 2.2866871
C17 319.994 44.987125
C17 324.969 44.50706
C17 349.982 45.42082
C17 374.975 58.141823
C17 400.019 76.29923
C17 424.965 84.16966
C17 450.035 86.548706
C17 475.003 87.03586
C17 500.018 86.5978
C17 525.002 85.980606
C17 550.029 86.15766
C17 575.023 87.024216
C17 599.982 88.184364
C17 619.997 89.030785
C17 624.979 89.40497
C17 650.012 90.55893
C17 675.004 92.12932
C17 700.03 93.12033
C17 725.012 94.207634
C17 750.022 95.6124
C17 774.987 96.89774
C17 799.976 97.72489
C17 824.988 97.65178
C17 850.022 96.91958
C17 869.967 94.60712
C17 875.002 93.515495
C17 899.999 87.659676
C17 919.999 79.66459
C17 925.012 76.95579
C17 949.965 63.19048
C17 975.002 48.469685
C17 999.976 31.725956
C17 1025.028 15.397593
C17 1050.014 6.2296576
C17 1075.002 3.3969195
C17 1099.99 2.2824967
C02 319.994 44.373825
C02 324.969 44.16584
C02 349.982 46.160496
C02 374.975 59.5572
C02 400.019 77.23108
C02 424.965 84.23318
C02 450.035 86.02797
C02 475.003 86.2911
C02 500.018 85.86042
C02 525.002 85.380196
C02 550.029 85.70095
C02 575.023 86.68589
C02 599.982 87.94473
C02 619.997 88.85505
C02 624.979 89.238686
C02 650.012 90.445885
C02 675.004 92.044304
C02 700.03 93.08989
C02 725.012 94.28379
C02 750.022 95.81359
C02 774.987 97.21465
C02 799.976 98.07887
C02 824.988 97.95923
C02 850.022 97.23273
C02 869.967 94.92525
C02 875.002 93.836586
C02 899.999 88.17251
C02 919.999 80.35841
C02 925.012 77.69022
C02 949.965 64.25531
C02 975.002 49.262142
C02 999.976 32.299747
C02 1025.028 15.606866
C02 1050.014 6.2347584
C02 1075.002 3.3661351
C02 1099.99 2.3139083
C10 319.994 44.298134
C10 324.969 44.215397
C10 349.982 46.698193
C10 374.975 60.493526
C10 400.019 77.986115
C10 424.965 84.62952
C10 450.035 86.225464
C10 475.003 86.43807
C10 500.018 86.01837
C10 525.002 85.566055
C10 550.029 85.90417
C10 575.023 86.90176
C10 599.982 88.218666
C10 619.997 89.12228
C10 624.979 89.512115
C10 650.012 90.737816
C10 675.004 92.33443
C10 700.03 93.37766
C10 725.012 94.43791
C10 750.022 95.86059
C10 774.987 97.08324
C10 799.976 97.86081
C10 824.988 97.68368
C10 850.022 96.97505
C10 869.967 94.83994
C10 875.002 93.801926
C10 899.999 87.70478
C10 919.999 79.39835
C10 925.012 76.61519
C10 949.965 63.07487
C10 975.002 48.51372
C10 999.976 31.561308
C10 1025.028 15.253037
C10 1050.014 6.1897845
C10 1075.002 3.4409416
C10 1099.99 2.317397
C04 319.994 44.745583
C04 324.969 44.37397
C04 349.982 45.69671
C04 374.975 58.626278
C04 400.019 76.50054
C04 424.965 83.99177
C04 450.035 86.11158
C04 475.003 86.45299
C04 500.018 85.99223
C04 525.002 85.438034
C04 550.029 85.68531
C04 575.023 86.59197
C04 599.982 87.80935
C04 619.997 88.67226
C04 624.979 89.04952
C04 650.012 90.23175
C04 675.004 91.81247
C04 700.03 92.85376
C04 725.012 94.01054
C04 750.022 95.52602
C04 774.987 96.892715
C04 799.976 97.76087
C04 824.988 97.68767
C04 850.022 96.98168
C04 869.967 94.59321
C04 875.002 93.489426
C04 899.999 87.79503
C04 919.999 80.127205
C04 925.012 77.5382
C04 949.965 64.361626
C04 975.002 49.10429
C04 999.976 32.260975
C04 1025.028 15.642177
C04 1050.014 6.2631803
C04 1075.002 3.3623927
C04 1099.99 2.3062036
C12 319.994 44.478718
C12 324.969 44.276417
C12 349.982 46.29562
C12 374.975 59.736115
C12 400.019 77.43252
C12 424.965 84.448105
C12 450.035 86.25445
C12 475.003 86.54902
C12 500.018 86.14691
C12 525.002 85.66246
C12 550.029 85.97919
C12 575.023 86.94161
C12 599.982 88.17124
C12 619.997 89.06931
C12 624.979 89.45023
C12 650.012 90.64387
C12 675.004 92.234375
C12 700.03 93.2582
C12 725.012 94.43987
C12 750.022 95.9448
C12 774.987 97.342094
C12 799.976 98.17893
C12 824.988 98.02348
C12 850.022 97.31
C12 869.967 95.07532
C12 875.002 93.99758
C12 899.999 87.96233
C12 919.999 79.57502
C12 925.012 76.77649
C12 949.965 63.197613
C12 975.002 48.73893
C12 999.976 31.679148
C12 1025.028 15.25805
C12 1050.014 6.1598744
C12 1075.002 3.4131649
C12 1099.99 2.285519
C06 319.994 44.93215
C06 324.969 44.477345
C06 349.982 45.478725
C06 374.975 58.206734
C06 400.019 76.2351
C06 424.965 83.97765
C06 450.035 86.24146
C06 475.003 86.62839
C06 500.018 86.15422
C06 525.002 85.54488
C06 550.029 85.737236
C06 575.023 86.63215
C06 599.982 87.83707
C06 619.997 88.71782
C06 624.979 89.096405
C06 650.012 90.28299
C06 675.004 91.8721
C06 700.03 92.878815
C06 725.012 94.001686
C06 750.022 95.44141
C06 774.987 96.77076
C06 799.976 97.61832
C06 824.988 97.583824
C06 850.022 96.882385
C06 869.967 94.52873
C06 875.002 93.425095
C06 899.999 87.8563
C06 919.999 80.30275
C06 925.012 77.711395
C06 949.965 64.34154
C06 975.002 49.20167
C06 999.976 32.313763
C06 1025.028 15.681131
C06 1050.014 6.294242
C06 1075.002 3.3954687
C06 1099.99 2.3211591
C03 319.994 44.69632
C03 324.969 44.3913
C03 349.982 45.992867
C03 374.975 59.140186
C03 400.019 76.95692
C03 424.965 84.250496
C03 450.035 86.227234
C03 475.003 86.51232
C03 500.018 86.05383
C03 525.002 85.53478
C03 550.029 85.82098
C03 575.023 86.76866
C03 599.982 88.0095
C03 619.997 88.902534
C03 624.979 89.28277
C03 650.012 90.48362
C03 675.004 92.07679
C03 700.03 93.12515
C03 725.012 94.31407
C03 750.022 95.84563
C03 774.987 97.2428
C03 799.976 98.12215
C03 824.988 98.02432
C03 850.022 97.30699
C03 869.967 94.93334
C03 875.002 93.82223
C03 899.999 88.1008
C03 919.999 80.351845
C03 925.012 77.73094
C03 949.965 64.486565
C03 975.002 49.257828
C03 999.976 32.334057
C03 1025.028 15.658331
C03 1050.014 6.2635913
C03 1075.002 3.3663397
C03 1099.99 2.3120327
C16 319.994 45.086784
C16 324.969 44.646595
C16 349.982 45.736088
C16 374.975 58.612846
C16 400.019 76.75061
C16 424.965 84.51208
C16 450.035 86.83206
C16 475.003 87.31553
C16 500.018 86.88677
C16 525.002 86.29269
C16 550.029 86.48174
C16 575.023 87.33451
C16 599.982 88.47238
C16 619.997 89.31645
C16 624.979 89.68401
C16 650.012 90.83471
C16 675.004 92.39565
C16 700.03 93.39104
C16 725.012 94.50183
C16 750.022 95.920334
C16 774.987 97.23345
C16 799.976 98.065384
C16 824.988 97.95813
C16 850.022 97.20736
C16 869.967 94.89853
C16 875.002 93.806305
C16 899.999 87.859764
C16 919.999 79.71304
C16 925.012 76.95884
C16 949.965 63.13004
C16 975.002 48.47567
C16 999.976 31.650679
C16 1025.028 15.328762
C16 1050.014 6.200338
C16 1075.002 3.414335
C16 1099.99 2.286067
C07 319.994 44.942547
C07 324.969 44.44678
C07 349.982 45.262985
C07 374.975 57.863884
C07 400.019 75.96739
C07 424.965 83.846855
C07 450.035 86.192894
C07 475.003 86.579185
C07 500.018 86.08548
C07 525.002 85.452805
C07 550.029 85.615746
C07 575.023 86.5225
C07 599.982 87.76404
C07 619.997 88.663086
C07 624.979 89.046715
C07 650.012 90.25076
C07 675.004 91.8506
C07 700.03 92.86893
C07 725.012 93.973335
C07 750.022 95.39793
C07 774.987 96.69589
C07 799.976 97.546844
C07 824.988 97.527466
C07 850.022 96.8515
C07 869.967 94.46309
C07 875.002 93.33494
C07 899.999 87.72334
C07 919.999 80.31589
C07 925.012 77.74507
C07 949.965 64.427216
C07 975.002 49.334915
C07 999.976 32.300625
C07 1025.028 15.684632
C07 1050.014 6.266733
C07 1075.002 3.3804395
C07 1099.99 2.3144197
C15 319.994 45.006596
C15 324.969 44.62505
C15 349.982 45.93657
C15 374.975 58.974625
C15 400.019 77.04898
C15 424.965 84.6488
C15 450.035 86.8453
C15 475.003 87.28589
C15 500.018 86.85437
C15 525.002 86.281006
C15 550.029 86.48339
C15 575.023 87.35124
C15 599.982 88.51628
C15 619.997 89.37684
C15 624.979 89.75264
C15 650.012 90.91976
C15 675.004 92.49771
C15 700.03 93.51038
C15 725.012 94.647095
C15 750.022 96.10573
C15 774.987 97.45095
C15 799.976 98.28732
C15 824.988 98.16433
C15 850.022 97.41417
C15 869.967 95.110725
C15 875.002 94.01802
C15 899.999 88.02153
C15 919.999 79.78978
C15 925.012 77.01925
C15 949.965 63.216705
C15 975.002 48.600708
C15 999.976 31.695736
C15 1025.028 15.328753
C15 1050.014 6.187251
C15 1075.002 3.4143925
C15 1099.99 2.2868001
