lsstCam/transmission_filter_detector/r02_s21/y_10/19700101T000000.ecsv
# %ECSV 1.0
# ---
# datatype:
# - {name: wavelength, unit: nm, datatype: float32}
# - {name: efficiency, unit: '%', datatype: float64}
# meta: !!omap
# - {MODE: DETECTOR}
# - {TYPE: transmission_filter_detector}
# - {CALIBDATE: '1970-01-01T00:00:00'}
# - {INSTRUME: LSSTCam}
# - {OBSTYPE: transmission_filter_detector}
# - {CALIBCLS: lsst.ip.isr.IntermediateFilterDetectorTransmissionCurve}
# - {SOURCE: Materion (DM-46256)}
# - {DETECTOR: 16}
# - {FILTER: y_10}
# - {CALIB_ID: 'calibDate=1970-01-01T00:00:00 filter=y_10 detector=16'}
# - {DATE: '2025-04-02T15:59:50.814888'}
# - {CALIB_CREATION_DATE: '2025-04-02'}
# - {CALIB_CREATION_TIME: '15:59:50'}
# - __serialized_columns__:
#     efficiency:
#       __class__: astropy.units.quantity.Quantity
#       unit: !astropy.units.Unit {unit: '%'}
#       value: !astropy.table.SerializedColumn {name: efficiency}
#     wavelength:
#       __class__: astropy.units.quantity.Quantity
#       unit: !astropy.units.Unit {unit: nm}
#       value: !astropy.table.SerializedColumn {name: wavelength}
# schema: astropy-2.0
wavelength efficiency
[from data line 577]
877.0 0.0021495634427992627
878.0 0.0011369247658876702
879.0 0.0018704553440329619
880.0 0.06636610487475991
881.0 0.0875725643709302
882.0 0.07334031397476792
883.0 0.09351319167762995
884.0 0.06415476673282683
885.0 0.09785935981199145
886.0 0.07807958754710853
887.0 0.09925356134772301
888.0 0.06990675465203822
889.0 0.09721225942485034
890.0 0.06803297437727451
891.0 0.10323135647922754
892.0 0.08322397479787469
893.0 0.10249315528199077
894.0 0.07968265563249588
895.0 0.11339880293235183
896.0 0.07636617519892752
897.0 0.09963044431060553
898.0 0.08534881053492427
899.0 0.1215897616930306
900.0 0.0994067289866507
901.0 0.13514128513634205
902.0 0.15000348212197423
903.0 0.17912874463945627
904.0 0.2015583449974656
905.0 0.24019870907068253
906.0 0.29705362394452095
907.0 0.3686357755213976
908.0 0.4952652845531702
909.0 0.6916581653058529
910.0 0.9558744728565216
911.0 1.38169527053833
912.0 2.017689496278763
913.0 2.988019213080406
914.0 4.161379858851433
915.0 5.904597043991089
916.0 8.019150048494339
917.0 10.357586294412613
918.0 13.048036396503448
919.0 15.611767768859863
920.0 19.027206301689148
921.0 22.548571228981018
922.0 26.080024242401123
923.0 30.26217222213745
924.0 34.829217195510864
925.0 39.93875980377197
926.0 46.080175042152405
927.0 52.71496772766113
928.0 58.612871170043945
929.0 65.0337815284729
930.0 70.72910070419312
931.0 76.3395369052887
932.0 81.53820037841797
933.0 85.95876097679138
934.0 89.28713202476501
935.0 91.65391325950623
936.0 93.47915649414062
937.0 94.7816550731659
938.0 95.66499590873718
939.0 96.11603021621704
940.0 96.45678400993347
941.0 96.69420719146729
942.0 96.9095528125763
943.0 97.03179001808167
944.0 97.33549356460571
945.0 97.26996421813965
946.0 97.37534523010254
947.0 97.30846881866455
948.0 97.50373959541321
949.0 97.39184975624084
950.0 97.5003719329834
951.0 97.53111004829407
952.0 97.59146571159363
953.0 97.77901768684387
954.0 97.88074493408203
955.0 97.95648455619812
956.0 98.16122055053711
957.0 98.35875630378723
958.0 98.53761792182922
959.0 98.58989119529724
960.0 98.71618747711182
961.0 98.7646222114563
962.0 98.80514144897461
963.0 98.81916642189026
964.0 98.8807737827301
965.0 98.88283014297485
966.0 98.9454984664917
967.0 99.01930689811707
968.0 98.98912906646729
969.0 99.00259375572205
970.0 99.06412363052368
971.0 99.06152486801147
972.0 99.14533495903015
973.0 99.24491047859192
974.0 99.21063780784607
975.0 99.23845529556274
976.0 99.29619431495667
977.0 99.26416873931885
978.0 99.29804801940918
979.0 99.24705028533936
980.0 99.22388792037964
981.0 99.14141297340393
982.0 99.09237623214722
983.0 99.10110831260681
984.0 99.05480742454529
985.0 99.05526638031006
986.0 98.93584251403809
987.0 99.00439381599426
988.0 98.87729287147522
989.0 98.88328313827515
990.0 98.82395267486572
991.0 98.88420104980469
992.0 98.95109534263611
993.0 98.90704154968262
994.0 98.87493252754211
995.0 98.90565872192383
996.0 98.90857934951782
997.0 99.03773665428162
998.0 99.06757473945618
999.0 99.11353588104248
1000.0 99.17876720428467
1001.0 99.11726713180542
1002.0 99.20828342437744
1003.0 99.22574162483215
1004.0 99.28025007247925
1005.0 99.2548942565918
1006.0 99.38018918037415
1007.0 99.34245347976685
1008.0 99.30323958396912
1009.0 99.25050735473633
1010.0 99.29696917533875
1011.0 99.27852749824524
1012.0 99.20163750648499
1013.0 99.17430281639099
1014.0 99.17962551116943
1015.0 99.13203716278076
1016.0 99.1342842578888
1017.0 99.1483747959137
1018.0 99.15836453437805
1019.0 99.12316799163818
1020.0 99.18121695518494
1021.0 99.27544593811035
1022.0 99.1703987121582
1023.0 99.21632409095764
1024.0 99.1894543170929
1025.0 99.16641116142273
1026.0 99.24539923667908
1027.0 99.33512210845947
1028.0 99.26807284355164
1029.0 99.37999844551086
1030.0 99.41752552986145
1031.0 99.38744306564331
1032.0 99.38605427742004
1033.0 99.37568306922913
1034.0 99.39160943031311
1035.0 99.4326651096344
1036.0 99.32387471199036
1037.0 99.39330220222473
1038.0 99.36204552650452
1039.0 99.3010938167572
1040.0 99.2080569267273
1041.0 99.260812997818
1042.0 99.24523830413818
1043.0 99.15621876716614
1044.0 99.28156733512878
1045.0 99.0071713924408
1046.0 99.16577935218811
1047.0 99.0887999534607
1048.0 99.10451173782349
1049.0 99.0084171295166
1050.0 99.03420209884644
1051.0 99.01617765426636
1052.0 99.01121258735657
1053.0 98.92891049385071
1054.0 99.20231699943542
1055.0 99.26767349243164
1056.0 99.16451573371887
1057.0 99.20873045921326
1058.0 98.97823929786682
1059.0 99.11751747131348
1060.0 99.20757412910461
1061.0 99.0941047668457
1062.0 99.1434395313263
1063.0 99.0175724029541
1064.0 99.25732016563416
1065.0 99.17382001876831
1066.0 99.208664894104
1067.0 99.20945167541504
1068.0 99.05371069908142
1069.0 98.98580312728882
1070.0 99.23513531684875
1071.0 99.11161661148071
1072.0 99.32333827018738
1073.0 99.22213554382324
1074.0 98.85458946228027
1075.0 98.95691871643066
1076.0 98.70928525924683
1077.0 99.11283254623413
1078.0 99.14095997810364
1079.0 98.73780012130737
1080.0 99.3834137916565
1081.0 98.91493320465088
1082.0 98.8512396812439
1083.0 98.8099992275238
1084.0 99.07835721969604
1085.0 99.18650984764099
1086.0 99.0034282207489
1087.0 98.91468286514282
1088.0 98.90995025634766
1089.0 98.66426587104797
1090.0 98.80591630935669
1091.0 98.84068965911865
1092.0 98.867666721344
1093.0 98.70193600654602
1094.0 98.45460057258606
1095.0 98.60315322875977
1096.0 98.80001544952393
1097.0 98.45975637435913
1098.0 97.86282777786255
1099.0 98.63806962966919
1100.0 98.39960932731628
