lsstCam/transmission_filter_detector/r02_s21/y_10/19700101T000000.ecsv
# %ECSV 1.0
# ---
# datatype:
# - {name: wavelength, unit: nm, datatype: float32}
# - {name: efficiency, unit: '%', datatype: float64}
# meta: !!omap
# - {MODE: DETECTOR}
# - {TYPE: transmission_filter_detector}
# - {CALIBDATE: '1970-01-01T00:00:00'}
# - {INSTRUME: LSSTCam}
# - {OBSTYPE: transmission_filter_detector}
# - {CALIBCLS: lsst.ip.isr.IntermediateFilterDetectorTransmissionCurve}
# - {SOURCE: Materion (DM-46256)}
# - {DETECTOR: 16}
# - {FILTER: y_10}
# - {CALIB_ID: 'calibDate=1970-01-01T00:00:00 filter=y_10 detector=16'}
# - {DATE: '2025-04-02T15:59:50.814888'}
# - {CALIB_CREATION_DATE: '2025-04-02'}
# - {CALIB_CREATION_TIME: '15:59:50'}
# - __serialized_columns__:
#     efficiency:
#       __class__: astropy.units.quantity.Quantity
#       unit: !astropy.units.Unit {unit: '%'}
#       value: !astropy.table.SerializedColumn {name: efficiency}
#     wavelength:
#       __class__: astropy.units.quantity.Quantity
#       unit: !astropy.units.Unit {unit: nm}
#       value: !astropy.table.SerializedColumn {name: wavelength}
# schema: astropy-2.0
wavelength efficiency
300.0 0.5384733900427818
301.0 0.2885975409299135
302.0 0.0387216656235978
303.0 0.03346447483636439
304.0 0.028207289869897068
305.0 0.01877555769169703
306.0 0.00934382260311395
307.0 0.015150883700698614
308.0 0.02095794043270871
309.0 0.015464451280422509
310.0 0.0099709584901575
311.0 0.008229979721363634
312.0 0.006488997314590961
313.0 0.007428094977512956
314.0 0.00836719191283919
315.0 0.006655304605374113
316.0 0.004943419844494201
317.0 0.005160191358299926
318.0 0.0053769592341268435
319.0 0.002620761551952455
320.0 1.6105393928211864e-10
321.0 0.0023732362024020404
322.0 0.004881909990217537
323.0 0.0033313619496766478
324.0 0.0017808140910346992
325.0 0.0003568640067896922
326.0 1.6105393928211864e-10
327.0 0.000160636579948914
328.0 0.001388359578413656
329.0 0.0030519760912284255
330.0 0.0047155928768916056
331.0 0.004313194222049788
332.0 0.00391079556720797
333.0 0.002614899494801648
334.0 0.0013190026947995648
335.0 0.0019988852727692574
336.0 0.002678768396435771
337.0 0.0029348599127843045
338.0 0.0031909508834360167
339.0 0.0016824698832351714
340.0 0.000173988939877745
341.0 1.6105393928211864e-10
342.0 1.6105393928211864e-10
343.0 0.00016414685433119303
344.0 0.0007544711024820572
345.0 0.0010142268365598284
346.0 0.001273983252758626
347.0 0.001421683464286616
348.0 0.001569383493915666
349.0 0.0015626652384526096
350.0 0.0015559469829895534
351.0 0.0016049985788413323
352.0 0.001654049992794171
353.0 0.0011954801266256254
354.0 0.000736910305931815
355.0 0.0010265320270264056
356.0 0.0013161537935957313
357.0 0.0008769847227085847
358.0 0.00043781546992249787
359.0 0.000660852356304531
360.0 0.0008838891517370939
361.0 0.0012724760381388478
362.0 0.0016610627426416613
363.0 0.0013348473657970317
364.0 0.0010086316251545213
365.0 0.001266494655283168
366.0 0.0015243582311086357
367.0 0.002007244802371133
368.0 0.0024901313736336306
369.0 0.0020706660507130437
370.0 0.001651200909691397
371.0 0.0015954728951328434
372.0 0.0015397446986753494
373.0 0.0020413392121554352
374.0 0.002542933725635521
375.0 0.003382264549145475
376.0 0.004221595372655429
377.0 0.0041348521335748956
378.0 0.004048108894494362
379.0 0.003671988088171929
380.0 0.0032958669180516154
381.0 0.002187461359426379
382.0 0.0010790554370032623
383.0 0.0010608478078211192
384.0 0.0010426398148410954
385.0 0.0008227928447013255
386.0 0.0006029458290868206
387.0 0.0005894565219932701
388.0 0.000575967351323925
389.0 0.0005256571967038326
390.0 0.0004753471785079455
391.0 0.00046964760258561
392.0 0.0004639481176127447
393.0 0.0005895399226574227
394.0 0.0007151319096010411
395.0 0.0006439360731747001
396.0 0.0005727402822230943
397.0 0.0008339453415828757
398.0 0.0010951504009426571
399.0 0.001278726358577842
400.0 0.0014623022252635565
401.0 0.0016489560948684812
402.0 0.0018356102373218164
403.0 0.001850223088695202
404.0 0.0018648357581696473
405.0 0.001760301529429853
406.0 0.0016557673006900586
407.0 0.0013979178220324684
408.0 0.0011400683433748782
409.0 0.0009414937267138157
410.0 0.0007429187917296076
411.0 0.0003257903472331236
412.0 1.6105393928211864e-10
413.0 0.0007964704309415538
414.0 0.0016842788681969978
415.0 0.002223179762950167
416.0 0.0027620806577033363
417.0 0.0014702797670906875
418.0 0.00017847874005383346
419.0 1.6105393928211864e-10
420.0 1.6105393928211864e-10
421.0 1.6105393928211864e-10
422.0 0.0009877278898784425
423.0 0.0010123656466021203
424.0 0.0010370031304773875
425.0 0.0002442041250105831
426.0 1.6105393928211864e-10
427.0 1.6105393928211864e-10
428.0 0.0005346731541067129
429.0 0.0001195372419715568
430.0 1.6105393928211864e-10
431.0 0.0004982623977412004
432.0 0.001292123670282308
433.0 0.0009166447853203863
434.0 0.0005411663096310804
435.0 2.8490805448200263e-05
436.0 1.6105393928211864e-10
437.0 1.6105393928211864e-10
438.0 0.00033454505228291964
439.0 2.9199199502727424e-05
440.0 1.6105393928211864e-10
441.0 1.6105393928211864e-10
442.0 1.6105393928211864e-10
443.0 1.6105393928211864e-10
444.0 1.6105393928211864e-10
445.0 0.0002597800630610436
446.0 0.0005659585895045893
447.0 0.000604342903898214
448.0 0.0006427271728171036
449.0 0.0008202663593692705
450.0 0.000997805273073027
451.0 0.0005484891971718753
452.0 9.917329180098022e-05
453.0 5.683601784767234e-05
454.0 1.4498672840090876e-05
455.0 1.6105393928211864e-10
456.0 1.6105393928211864e-10
457.0 0.00017992601897276472
458.0 0.0003976823791163042
459.0 0.00034540435080998577
460.0 0.0002931264134531375
461.0 0.0003701894911500858
462.0 0.00044725252337229904
463.0 0.00042684987420216203
464.0 0.0004064473159814952
465.0 0.0004742091732623521
466.0 0.0005419712124421494
467.0 0.000929101042856928
468.0 0.001316230645898031
469.0 0.0014516916962747928
470.0 0.0015871522919042036
471.0 0.001714414611342363
472.0 0.0018416767488815822
473.0 0.002298666186106857
474.0 0.0027556556233321317
475.0 0.0027118709112983197
476.0 0.0026680861992645077
477.0 0.0032343421480618417
478.0 0.0038005979149602354
479.0 0.004254688246874139
480.0 0.004708778578788042
481.0 0.004712178269983269
482.0 0.004715577597380616
483.0 0.004027368777315132
484.0 0.0033391592296538875
485.0 0.0035876630136044696
486.0 0.0038361667975550517
487.0 0.0032935127819655463
488.0 0.00275085840257816
489.0 0.0023694519768469036
490.0 0.0019880459149135277
491.0 0.001845569750003051
492.0 0.0017030935850925744
493.0 0.0012521481039584614
494.0 0.0008012029866222292
495.0 0.001079817593563348
496.0 0.001358432291453937
497.0 0.0018282114979228936
498.0 0.002297991159139201
499.0 0.002351108196307905
500.0 0.002404225233476609
501.0 0.0024445127564831637
502.0 0.0024848002794897184
503.0 0.002691986628633458
504.0 0.002899172977777198
505.0 0.00325073124258779
506.0 0.0036022898711962625
507.0 0.002755012064881157
508.0 0.001907733894768171
509.0 0.0020479625163716264
510.0 0.0021881909560761414
511.0 0.0020976011001039296
512.0 0.0020070110622327775
513.0 0.001959218570846133
514.0 0.0019114262613584287
515.0 0.001752130083332304
516.0 0.0015928337234072387
517.0 0.001499898553447565
518.0 0.0014069629287405405
519.0 0.0014848922546661925
520.0 0.0015628213077434339
521.0 0.0017793785445974208
522.0 0.0019959355995524675
523.0 0.0018049731806968339
524.0 0.00161401057994226
525.0 0.0020935294742230326
526.0 0.0025730489142006263
527.0 0.002459413735778071
528.0 0.002345778739254456
529.0 0.002504206531739328
530.0 0.0026626339604263194
531.0 0.002531873542466201
532.0 0.002401112942607142
533.0 0.002597974889795296
534.0 0.002794835927488748
535.0 0.002393412432866171
536.0 0.0019919887563446537
537.0 0.002363623571000062
538.0 0.00273525838565547
539.0 0.003370467311469838
540.0 0.0040056755096884444
541.0 0.0039925122109707445
542.0 0.0039793489122530445
543.0 0.0042336370825069025
544.0 0.0044879252527607605
545.0 0.00500150490552187
546.0 0.005515084194485098
547.0 0.004486156103666872
548.0 0.0034572280128486454
549.0 0.0030561641324311495
550.0 0.0026550997063168325
551.0 0.0025887438823701814
552.0 0.00252238787652459
553.0 0.0030573413823731244
554.0 0.0035922937968280166
555.0 0.0037193563912296668
556.0 0.003846418985631317
557.0 0.0036674893635790795
558.0 0.003488559741526842
559.0 0.003419586573727429
560.0 0.003350613042130135
561.0 0.0035386037779971957
562.0 0.0037265941500663757
563.0 0.003601815114961937
564.0 0.0034770357160596177
565.0 0.003906785059371032
566.0 0.004336534402682446
567.0 0.004598637679009698
568.0 0.00486074059153907
569.0 0.005264932769932784
570.0 0.005669124948326498
571.0 0.005768386836280115
572.0 0.005867648724233732
573.0 0.006360719999065623
574.0 0.006853791273897514
575.0 0.006670701259281486
576.0 0.006487611244665459
577.0 0.005901604890823364
578.0 0.005315599264577031
579.0 0.005954693551757373
580.0 0.006593788566533476
581.0 0.00717558796168305
582.0 0.007757385901641101
583.0 0.008652664837427437
584.0 0.009547940862830728
585.0 0.009726377902552485
586.0 0.009904815669870004
587.0 0.010026814561570063
588.0 0.010148811270482838
589.0 0.010400709288660437
590.0 0.010652608762029558
591.0 0.010080044012283906
592.0 0.009507479262538254
593.0 0.007737524720141664
594.0 0.005967574179521762
595.0 0.005822537423227914
596.0 0.005677501030731946
597.0 0.006044250767445192
598.0 0.006411000504158437
599.0 0.007356641435762867
600.0 0.008302280912175775
601.0 0.008851036545820534
602.0 0.009399789269082248
603.0 0.010340071457903832
604.0 0.011280353646725416
605.0 0.011534584336914122
606.0 0.011788814299507067
607.0 0.010134076728718355
608.0 0.00847934206831269
609.0 0.006555460277013481
610.0 0.0046315799409057945
611.0 0.0038673671951983124
612.0 0.003103154813288711
613.0 0.0036376390198711306
614.0 0.004172122498857789
615.0 0.005056343070464209
616.0 0.00594056436966639
617.0 0.0070172332925722
618.0 0.00809390185168013
619.0 0.00909586378838867
620.0 0.01009782572509721
621.0 0.01115875638788566
622.0 0.01221968705067411
623.0 0.012199158663861454
624.0 0.012178629549453035
625.0 0.010746126645244658
626.0 0.009313622285844758
627.0 0.007329498475883156
628.0 0.005345371755538508
629.0 0.004410149631439708
630.0 0.003474927507340908
631.0 0.002962944381579291
632.0 0.0024509608920197934
633.0 0.002681787373148836
634.0 0.0029126142180757597
635.0 0.0029857459594495595
636.0 0.0030588773370254785
637.0 0.0038414262235164642
638.0 0.00462397511000745
639.0 0.004592747063725255
640.0 0.004561517926049419
641.0 0.00506560827489011
642.0 0.005569698623730801
643.0 0.005555073948926292
644.0 0.005540448910323903
645.0 0.00517109438078478
646.0 0.004801739851245657
647.0 0.0038505600969074294
648.0 0.002899380706367083
649.0 0.0021440502678160556
650.0 0.001388719738315558
651.0 0.0014510897017316893
652.0 0.0015134601198951714
653.0 0.001493290164944483
654.0 0.0014731201190443244
655.0 0.0015282559616025537
656.0 0.0015833918951102532
657.0 0.001467376478103688
658.0 0.001351361242996063
659.0 0.0018274035028298385
660.0 0.002303445762663614
661.0 0.001965578667295631
662.0 0.0016277117538265884
663.0 0.0023339960534940474
664.0 0.0030402805350604467
665.0 0.0035929857403971255
666.0 0.004145690763834864
667.0 0.004754720066557638
668.0 0.00536374791408889
669.0 0.0054011328757042065
670.0 0.005438514199340716
671.0 0.006176012539071962
672.0 0.00691351160639897
673.0 0.0077820062870159745
674.0 0.008650499512441456
675.0 0.008034587517613545
676.0 0.007418677705572918
677.0 0.005965481250314042
678.0 0.004512285158853047
679.0 0.0029546901714638807
680.0 0.0013970957297715358
681.0 0.0007092345640558051
682.0 2.137327044238191e-05
683.0 0.00026303125650883885
684.0 0.0005046892056270735
685.0 0.0002890813448175322
686.0 7.347339874286263e-05
687.0 0.00016646954463794827
688.0 0.00025946567348000826
689.0 0.00030047758627915755
690.0 0.0003414894763409393
691.0 0.00036423250548978103
692.0 0.0003869755346386228
693.0 0.0004029354386148043
694.0 0.00041889529711625073
695.0 0.00048700685510993935
696.0 0.000555118413103628
697.0 0.0004909056315227645
698.0 0.00042669271351769567
699.0 0.0003724786438397132
700.0 0.00031826434678805526
701.0 0.00023161742319643963
702.0 0.0001449706246603455
703.0 0.00030371363664016826
704.0 0.00046245668272604235
705.0 0.0004090618858754169
706.0 0.0003556668843884836
707.0 6.364495561683725e-05
708.0 1.6105393928211864e-10
709.0 1.6105393928211864e-10
710.0 0.00016351249314539018
711.0 0.0002840345814547618
712.0 0.00040455665839544963
713.0 0.0003783067768381443
714.0 0.00035205694075557403
715.0 0.0003641390321718063
716.0 0.00037622114632540615
717.0 0.00034057541142828995
718.0 0.0003049296992685413
719.0 0.0004671106580644846
720.0 0.0006292914804362226
721.0 0.00042243950701958966
722.0 0.00021558753360295668
723.0 0.0003091432972723851
724.0 0.0004026990609418135
725.0 0.0005080718437966425
726.0 0.0006134447630756767
727.0 0.00029716275093960576
728.0 1.6105393928211864e-10
729.0 0.0002053374828392407
730.0 0.00042979404497600626
731.0 0.0006540628874063259
732.0 0.000878331957210321
733.0 0.0003525818101479672
734.0 1.6105393928211864e-10
735.0 1.6105393928211864e-10
736.0 1.6105393928211864e-10
737.0 0.00028560409646161133
738.0 0.0009364536708744708
739.0 0.0007136588465073146
740.0 0.0004908637038170127
741.0 0.00020527415927062975
742.0 1.6105393928211864e-10
743.0 1.6105393928211864e-10
744.0 1.6105393928211864e-10
745.0 0.00029602933864225633
746.0 0.0008503753633704036
747.0 0.0005296824838296743
748.0 0.00020898969523841515
749.0 2.227731670245703e-05
750.0 1.6105393928211864e-10
751.0 1.6105393928211864e-10
752.0 4.386847081150336e-05
753.0 0.00029598486435133964
754.0 0.0005481012067320989
755.0 1.6105393928211864e-10
756.0 1.6105393928211864e-10
757.0 1.6105393928211864e-10
758.0 1.6105393928211864e-10
759.0 0.0001585607378729037
760.0 0.0007884857041062787
761.0 0.0003968865712522529
762.0 5.287402871090308e-06
763.0 1.6105393928211864e-10
764.0 1.6105393928211864e-10
765.0 0.00014089491742197424
766.0 0.0005484198936756002
767.0 4.430841613611847e-05
768.0 1.6105393928211864e-10
769.0 1.6105393928211864e-10
770.0 1.6105393928211864e-10
771.0 1.6105393928211864e-10
772.0 1.6105393928211864e-10
773.0 0.00024088469672278734
774.0 0.0006422830665542278
775.0 0.00045376277739705984
776.0 0.0002652423745530541
777.0 0.00024007570118556032
778.0 0.0002149091187675367
779.0 0.0005152533049113117
780.0 0.0008155974683177192
781.0 0.0008254643034888431
782.0 0.0008353310477104969
783.0 0.0005705247076548403
784.0 0.00030571845854865387
785.0 0.00021059790924482513
786.0 0.00011547705298653455
787.0 0.0005133062131790211
788.0 0.0009111352483159862
789.0 0.0008077815436990932
790.0 0.0007044279755064053
791.0 0.0006435967861762038
792.0 0.0005827654149470618
793.0 0.0006728951120749116
794.0 0.000763024581829086
795.0 0.0008187435923900921
796.0 0.0008744624210521579
797.0 0.0004253480256011244
798.0 1.6105393928211864e-10
799.0 0.00046697900870640296
800.0 0.000957724387262715
801.0 0.0005806293302157428
802.0 0.00020353420495666796
803.0 0.0004322243057686137
804.0 0.0006609142474189866
805.0 0.0009115816283156164
806.0 0.001162248918262776
807.0 0.0007026793355180416
808.0 0.0002431097755106748
809.0 6.880647163143294e-06
810.0 1.6105393928211864e-10
811.0 0.00026272914510627743
812.0 0.0007548066605522763
813.0 0.0008600661203672644
814.0 0.0009653254892327823
815.0 0.0009842302461038344
816.0 0.0010031343663285952
817.0 0.0009968313861463685
818.0 0.0009905284059641417
819.0 0.0009916636372508947
820.0 0.0009927988685376476
821.0 0.000967257255979348
822.0 0.0009417157343705185
823.0 0.0007444470611517318
824.0 0.0005471786607813556
825.0 0.0005743656856793677
826.0 0.0006015528470015852
827.0 0.0006433629550883779
828.0 0.000685173199599376
829.0 0.0003281011458966532
830.0 1.6105393928211864e-10
831.0 5.653197376886965e-05
832.0 0.0001420350940861681
833.0 0.00042877309169853106
834.0 0.0007155109869927401
835.0 0.00024356295398320071
836.0 1.6105393928211864e-10
837.0 1.6105393928211864e-10
838.0 0.00014022371033206582
839.0 0.000458277690995601
840.0 0.0007763316716591362
841.0 0.0011396970876376145
842.0 0.0015030624126666225
843.0 0.0010277235560351983
844.0 0.0005523845629795687
845.0 0.0006588515589101007
846.0 0.0007653184184164274
847.0 0.0010638575986376964
848.0 0.0013623967788589653
849.0 0.0012191115274617914
850.0 0.0010758259122667369
851.0 0.001113579037337331
852.0 0.0011513318895595148
853.0 0.00048744032028480433
854.0 1.6105393928211864e-10
855.0 1.6105393928211864e-10
856.0 1.6105393928211864e-10
857.0 0.000315980128107185
858.0 0.0013416135516308714
859.0 0.0012490979315771256
860.0 0.0011565821296244394
861.0 0.00146614120239974
862.0 0.0017757005480234511
863.0 0.0019228309611207806
864.0 0.0020699617380159907
865.0 0.0020678471628343686
866.0 0.0020657331333495677
867.0 0.0027401258194004185
868.0 0.0034145185054512694
869.0 0.0030850664188619703
870.0 0.0027556136046769097
871.0 0.0034627766581252217
872.0 0.004169940075371414
873.0 0.0030599832825828344
874.0 0.0019500270354910754
875.0 0.002556115032348316
