lsstCam/transmission_filter_detector/r42_s21/r_57/19700101T000000.ecsv
# %ECSV 1.0
# ---
# datatype:
# - {name: wavelength, unit: nm, datatype: float32}
# - {name: efficiency, unit: '%', datatype: float64}
# meta: !!omap
# - {MODE: DETECTOR}
# - {TYPE: transmission_filter_detector}
# - {CALIBDATE: '1970-01-01T00:00:00'}
# - {INSTRUME: LSSTCam}
# - {OBSTYPE: transmission_filter_detector}
# - {CALIBCLS: lsst.ip.isr.IntermediateFilterDetectorTransmissionCurve}
# - {SOURCE: Materion (DM-46256)}
# - {DETECTOR: 178}
# - {FILTER: r_57}
# - {CALIB_ID: 'calibDate=1970-01-01T00:00:00 filter=r_57 detector=178'}
# - {DATE: '2025-04-02T15:59:45.007914'}
# - {CALIB_CREATION_DATE: '2025-04-02'}
# - {CALIB_CREATION_TIME: '15:59:45'}
# - __serialized_columns__:
#     efficiency:
#       __class__: astropy.units.quantity.Quantity
#       unit: !astropy.units.Unit {unit: '%'}
#       value: !astropy.table.SerializedColumn {name: efficiency}
#     wavelength:
#       __class__: astropy.units.quantity.Quantity
#       unit: !astropy.units.Unit {unit: nm}
#       value: !astropy.table.SerializedColumn {name: wavelength}
# schema: astropy-2.0
wavelength efficiency
300.0 0.0031690582545707002
301.0 0.007633656059624627
302.0 0.012098254956072196
303.0 0.015035016986075789
304.0 0.01797177828848362
305.0 0.01600592368049547
306.0 0.014040070527698845
307.0 0.012133271957281977
308.0 0.010226472659269348
309.0 0.008948057802626863
310.0 0.007669640763197094
311.0 0.007237543468363583
312.0 0.0068054454459343106
313.0 0.006462989404099062
314.0 0.006120534089859575
315.0 0.005912163760513067
316.0 0.005703791248379275
317.0 0.005132666046847589
318.0 0.004561540481518023
319.0 0.0043082571210106835
320.0 0.004054975579492748
321.0 0.003916852438123897
322.0 0.0037787292967550457
323.0 0.0037679092201869935
324.0 0.0037570898712147027
325.0 0.0037267167499521747
326.0 0.003696344356285408
327.0 0.0035346271033631638
328.0 0.0033729098504409194
329.0 0.0033991625969065353
330.0 0.003425414251978509
331.0 0.0032264615583699197
332.0 0.00302750868286239
333.0 0.002695758485060651
334.0 0.002364007923461031
335.0 0.002154898174921982
336.0 0.0019457882444839925
337.0 0.0017855552869150415
338.0 0.001625322511245031
339.0 0.0015404415535158478
340.0 0.0014555605048371945
341.0 0.0015262341548805125
342.0 0.0015969077139743604
343.0 0.0014729815120517742
344.0 0.0013490551282302476
345.0 0.0012217150469950866
346.0 0.0010943749657599255
347.0 0.0010872280654439237
348.0 0.0010800813470268622
349.0 0.001135370803240221
350.0 0.007375550194410607
351.0 0.006172265420900658
352.0 0.004968983921571635
353.0 0.004776123751071282
354.0 0.004583262852975167
355.0 0.005029467138228938
356.0 0.005475671423482709
357.0 0.005299108670442365
358.0 0.005122545553604141
359.0 0.003612329237512313
360.0 0.002102112011925783
361.0 0.0034508047974668443
362.0 0.004799497764906846
363.0 0.0034889995731646195
364.0 0.002178501381422393
365.0 0.0023687536668148823
366.0 0.0025590059522073716
367.0 0.003885025216732174
368.0 0.005211044845054857
369.0 0.004526160410023294
370.0 0.003841277793981135
371.0 0.003245093103032559
372.0 0.002648908775881864
373.0 0.0032628777262289077
374.0 0.0038768463127780706
375.0 0.003188138362020254
376.0 0.002499430593161378
377.0 0.002229874189652037
378.0 0.0019603181499405764
379.0 0.0025206167265423574
380.0 0.0030809154850430787
381.0 0.004188221282674931
382.0 0.005295527080306783
383.0 0.005437200888991356
384.0 0.005578875789069571
385.0 0.005784840686828829
386.0 0.005990804493194446
387.0 0.0046063141780905426
388.0 0.0032218234991887584
389.0 0.0023629052520846017
390.0 0.0015039867321320344
391.0 0.0012197287105664145
392.0 0.0009354707799502648
393.0 0.000716589238436427
394.0 0.0004977076969225891
395.0 0.001294163303100504
396.0 0.002090618909278419
397.0 0.001933701969392132
398.0 0.001776784483809024
399.0 0.0012568088095576968
400.0 0.0007368331807811046
401.0 0.000747008016332984
402.0 0.0007571827154606581
403.0 0.0011931059816561174
404.0 0.0016290292478515767
405.0 0.001568229345139116
406.0 0.0015074294424266554
407.0 0.0015005903151177336
408.0 0.0014937516425561626
409.0 0.0014820780052104965
410.0 0.00147040418596589
411.0 0.001705359318293631
412.0 0.0019403145415708423
413.0 0.0015348410670412704
414.0 0.0011293676834611688
415.0 0.0013452831808535848
416.0 0.001561198769195471
417.0 0.0020676081476267427
418.0 0.0025740175260580145
419.0 0.0034511362173361704
420.0 0.004328254726715386
421.0 0.00618145932094194
422.0 0.008034661004785448
423.0 0.011400106450309977
424.0 0.014765550440642983
425.0 0.01968156866496429
426.0 0.024597588344477117
427.0 0.024266504624392837
428.0 0.023935420904308558
429.0 0.018842234567273408
430.0 0.013749049685429782
431.0 0.009823201253311709
432.0 0.005897351366002113
433.0 0.0048569334467174485
434.0 0.003816515891230665
435.0 0.0032174040825339034
436.0 0.0026182922738371417
437.0 0.00214883875742089
438.0 0.0016793848772067577
439.0 0.0014249867490434553
440.0 0.0011705887118296232
441.0 0.0011818145139841363
442.0 0.0011930404070881195
443.0 0.0013151043276593555
444.0 0.0014371679753821809
445.0 0.001006662569125183
446.0 0.0005761569809692446
447.0 0.0009895617949950974
448.0 0.0014029663361725397
449.0 0.0015747924408060499
450.0 0.0017466189092374407
451.0 0.0018359005480306223
452.0 0.001925182186823804
453.0 0.001833148235164117
454.0 0.0017411148292012513
455.0 0.0015467410776182078
456.0 0.0013523678717319854
457.0 0.00137828646984417
458.0 0.0014042055227037054
459.0 0.0015602876374032348
460.0 0.0017163694792543538
461.0 0.0024314678739756346
462.0 0.0031465664505958557
463.0 0.004174057539785281
464.0 0.005201548628974706
465.0 0.006220820068847388
466.0 0.007240090053528547
467.0 0.0076805932621937245
468.0 0.008121099381241947
469.0 0.006979352474445477
470.0 0.005837607750436291
471.0 0.004269612691132352
472.0 0.002701617995626293
473.0 0.001989928205148317
474.0 0.0012782387784682214
475.0 0.0011173445273016114
476.0 0.0009564505489834119
477.0 0.001074452757166
478.0 0.0011924546925001778
479.0 0.0010864837349799927
480.0 0.0009805126865103375
481.0 0.0009719900845084339
482.0 0.00096346730060759
483.0 0.0008349198651558254
484.0 0.0007063722478051204
485.0 0.0009117385161516722
486.0 0.0011171046025992837
487.0 0.0010868870049307588
488.0 0.001056669407262234
489.0 0.000989889394986676
490.0 0.0009231092917616479
491.0 0.0009491881428402849
492.0 0.0009752668120199814
493.0 0.0009715069609228522
494.0 0.0009677472917246632
495.0 0.0010819067028933205
496.0 0.001196066295960918
497.0 0.0012546090147225186
498.0 0.0013131520063325297
499.0 0.0013760692127107177
500.0 0.0014389864190889057
501.0 0.00170009552675765
502.0 0.001961204361577984
503.0 0.00242775658989558
504.0 0.0028943086363142356
505.0 0.0035584496799856424
506.0 0.004222590723657049
507.0 0.005070103361504152
508.0 0.005917615635553375
509.0 0.006074942939449102
510.0 0.006232269515749067
511.0 0.005643025724566542
512.0 0.005053781205788255
513.0 0.004297370105632581
514.0 0.0035409593692747876
515.0 0.003378376641194336
516.0 0.0032157942769117653
517.0 0.0032879448554012924
518.0 0.003360096161486581
519.0 0.09658720809966326
520.0 0.07517956546507776
521.0 0.06051171803846955
522.0 0.10318312561139464
523.0 0.0729443272575736
524.0 0.05279110046103597
525.0 0.06972395931370556
526.0 0.04906794638372958
527.0 0.051260157488286495
528.0 0.1680396613664925
529.0 0.17063278937712312
530.0 0.16633092891424894
531.0 0.17534311627969146
532.0 0.1523900544270873
533.0 0.30731388833373785
534.0 0.5003930535167456
535.0 0.659422529861331
536.0 0.9771380573511124
537.0 1.609111949801445
538.0 2.3716187104582787
539.0 3.745962306857109
540.0 5.903609097003937
541.0 8.322588354349136
542.0 11.500092595815659
543.0 15.424945950508118
544.0 20.202895998954773
545.0 25.5487859249115
546.0 32.27696120738983
547.0 39.650312066078186
548.0 48.24639856815338
549.0 56.18066191673279
550.0 62.16071844100952
551.0 68.74575018882751
552.0 72.89648056030273
553.0 76.58609747886658
554.0 80.24879097938538
555.0 83.83783102035522
556.0 87.40754723548889
557.0 89.64481949806213
558.0 92.33909249305725
559.0 94.52793598175049
560.0 94.18659210205078
561.0 95.8785355091095
562.0 96.22703790664673
563.0 95.15219330787659
564.0 95.92915773391724
565.0 95.47661542892456
566.0 96.3177740573883
567.0 95.70165276527405
568.0 96.19098901748657
569.0 97.09970355033875
570.0 96.67269587516785
571.0 97.75963425636292
572.0 97.1367359161377
573.0 97.09445238113403
574.0 97.50962257385254
575.0 97.04346656799316
576.0 97.49632477760315
577.0 97.37868309020996
578.0 97.3455011844635
579.0 97.23600149154663
580.0 96.96183204650879
581.0 96.86517119407654
582.0 96.74415588378906
583.0 96.87658548355103
584.0 96.45212888717651
585.0 96.3788092136383
586.0 96.67863845825195
587.0 96.4802622795105
588.0 96.83071970939636
589.0 97.76394367218018
590.0 96.78092002868652
591.0 96.14703059196472
592.0 96.04250192642212
593.0 96.18017673492432
594.0 96.17087841033936
595.0 96.70319557189941
596.0 96.65467739105225
597.0 97.43854403495789
598.0 96.72843217849731
599.0 97.17271327972412
600.0 96.90216183662415
601.0 96.01446390151978
602.0 96.70496582984924
603.0 96.30676507949829
604.0 96.71512246131897
605.0 96.85821533203125
606.0 96.67015671730042
607.0 96.74063920974731
608.0 96.66606187820435
609.0 95.89785933494568
610.0 96.21317982673645
611.0 95.9325909614563
612.0 96.32629156112671
613.0 97.4047839641571
614.0 97.14106321334839
615.0 96.4919924736023
616.0 96.48596048355103
617.0 96.9476044178009
618.0 96.48304581642151
619.0 97.33147025108337
620.0 96.17202281951904
621.0 95.82826495170593
622.0 97.11973667144775
623.0 96.84993624687195
624.0 96.95525765419006
625.0 97.21822738647461
626.0 96.52361869812012
627.0 95.41072845458984
628.0 97.61688709259033
629.0 95.78710198402405
630.0 96.78662419319153
631.0 96.36804461479187
632.0 96.7890739440918
633.0 96.84959053993225
634.0 96.04231715202332
635.0 96.57533168792725
636.0 96.71139121055603
637.0 96.06263041496277
638.0 95.46853303909302
639.0 95.71343660354614
640.0 96.06994986534119
641.0 96.23408913612366
642.0 96.46716117858887
643.0 96.58370614051819
644.0 96.55125737190247
645.0 96.65992856025696
646.0 96.25634551048279
647.0 97.21107482910156
648.0 96.8899130821228
649.0 95.84744572639465
650.0 96.68464660644531
651.0 96.71739935874939
652.0 97.14666604995728
653.0 96.32930159568787
654.0 96.45704627037048
655.0 96.58693075180054
656.0 95.98215818405151
657.0 96.03078365325928
658.0 96.27139568328857
659.0 96.29889726638794
660.0 95.40405869483948
661.0 95.56841850280762
662.0 95.67140936851501
663.0 95.8817720413208
664.0 95.47827243804932
665.0 95.68774700164795
666.0 95.46563029289246
667.0 95.99884748458862
668.0 95.14485597610474
669.0 95.88196277618408
670.0 95.57269811630249
671.0 95.6348717212677
672.0 95.48905491828918
673.0 95.39445042610168
674.0 94.75670456886292
675.0 95.78141570091248
676.0 95.05156874656677
677.0 94.02035474777222
678.0 92.7609384059906
679.0 92.05783605575562
680.0 90.97433090209961
681.0 89.35637474060059
682.0 86.67880296707153
683.0 83.86229872703552
684.0 80.47897815704346
685.0 76.37668251991272
686.0 72.41678833961487
687.0 67.73026585578918
688.0 63.11841011047363
689.0 58.86319279670715
690.0 53.8855254650116
691.0 50.00500679016113
692.0 45.19124925136566
693.0 40.735238790512085
694.0 35.35470962524414
695.0 29.875653982162476
696.0 24.186639487743378
697.0 18.782660365104675
698.0 13.311120867729187
699.0 9.120932966470718
700.0 6.090833246707916
701.0 3.7023119628429413
702.0 2.220091223716736
703.0 1.2799485586583614
704.0 0.7524296175688505
705.0 0.45749484561383724
706.0 0.30818216037005186
707.0 0.19574279431253672
708.0 0.2075654687359929
709.0 0.13922709040343761
710.0 0.06893062382005155
711.0 0.10797316208481789
712.0 0.032489263685420156
713.0 0.01442525681341067
714.0 0.07653823122382164
715.0 0.018850277410820127
716.0 0.058083434123545885
717.0 0.05313419387675822
718.0 0.03126561350654811
719.0 0.030674980371259153
720.0 1.7044486481931909e-10
721.0 0.0037314093788154423
722.0 0.003624159944592975
723.0 0.0035169108741683885
724.0 0.003319954703329131
725.0 0.003122998896287754
726.0 0.002862735345843248
727.0 0.0026024714316008613
728.0 0.0024973665858851746
729.0 0.002392261376371607
730.0 0.002308911643922329
731.0 0.0022255617295741104
732.0 0.002194721128034871
733.0 0.0021638803445966914
734.0 0.0020205787222948857
735.0 0.00187727709999308
736.0 0.0017788026525522582
737.0 0.0016803282051114365
738.0 0.0014225858649297152
739.0 0.0011648437975964043
740.0 0.0013118597962602507
741.0 0.0014588761587219778
742.0 0.0013463803043123335
743.0 0.001233884358953219
744.0 0.001200883252749918
745.0 0.0011678824193950277
746.0 0.001139635332947364
747.0 0.0011113884283986408
748.0 0.0010363420187786687
749.0 0.0009612956091586966
750.0 0.0009421911272511352
751.0 0.0009230864634446334
752.0 0.0009706769560580142
753.0 0.0010182673577219248
754.0 0.0010627279152686242
755.0 0.0011071887456637342
756.0 0.0010368759831180796
757.0 0.0009665634934208356
758.0 0.0009710777703730855
759.0 0.000975592320173746
760.0 0.0010396225661679637
761.0 0.0011036529031116515
762.0 0.0012010532373096794
763.0 0.0012984533896087669
764.0 0.0011164039278810378
765.0 0.0009343547390017193
766.0 0.0007530186849180609
767.0 0.0005716824034607271
768.0 0.0006719220436934847
769.0 0.0007721615475020371
770.0 0.000657529199088458
771.0 0.0005428970780485542
772.0 0.0005275242529023672
773.0 0.000512151382281445
774.0 0.0005195171524974285
775.0 0.0005268830591376172
776.0 0.0005729783879360184
777.0 0.0006190738076838898
778.0 0.0006600530923606129
779.0 0.0007010322860878659
780.0 0.0006043263510946417
781.0 0.0005076204161014175
782.0 0.0005157259693078231
783.0 0.0005238317953626392
784.0 0.0005810791662952397
785.0 0.0006383266281773103
786.0 0.0006375834345817566
787.0 0.0006368401955114678
788.0 0.0006242780273169046
789.0 0.0006117161774454871
790.0 0.0005533985586225754
791.0 0.0004950807124259882
792.0 0.0006180681339174043
793.0 0.0007410555554088205
794.0 0.0007863447535783052
795.0 0.00083163395174779
796.0 0.0008290528057841584
797.0 0.0008264718417194672
798.0 0.0008030626304389443
799.0 0.0007796533282089513
800.0 0.0007708475095569156
801.0 0.0007620415999554098
802.0 0.0007367710622929735
803.0 0.0007115005246305373
804.0 0.0006855407264083624
805.0 0.0006595807008125121
806.0 0.000665539027977502
807.0 0.0006714973551424919
808.0 0.000713670351615292
809.0 0.0007558434390375623
810.0 0.0005520104423339944
811.0 0.0003481775820546318
812.0 0.0005599795713351341
813.0 0.0007717817425145768
814.0 0.0007936655492812861
815.0 0.0008155494469974656
816.0 0.0006703710369038163
817.0 0.000525192626810167
818.0 0.0002830588755386998
819.0 4.092519247933524e-05
820.0 0.00020925065200572135
821.0 0.00037757627069368027
822.0 0.00044446323954616673
823.0 0.0005113501629239181
824.0 0.0004715309842140414
825.0 0.00043171189645363484
826.0 0.0004278345841157716
827.0 0.0004239573172526434
828.0 0.0004430423359735869
829.0 0.00046212735469453037
830.0 0.0002646495204317034
831.0 6.717165774716705e-05
832.0 6.527415621349064e-05
833.0 6.337667741718178e-05
834.0 6.435364525714249e-05
835.0 6.533061878144508e-05
836.0 0.0004968885605194373
837.0 0.0009284462066716515
838.0 0.0020050001694471575
839.0 0.003081554314121604
840.0 0.004115139745408669
841.0 0.005148724449099973
842.0 0.005809262802358717
843.0 0.006469796790042892
844.0 0.006004013994242996
845.0 0.0055382311984431
846.0 0.0053372019465314224
847.0 0.005136174149811268
848.0 0.004514560350799002
849.0 0.003892948370776139
850.0 0.0036818262742599472
851.0 0.0034707049053395167
852.0 0.002999772004841361
853.0 0.0025288391043432057
854.0 0.0021406747691798955
855.0 0.0017525104340165854
856.0 0.0013916604984842706
857.0 0.0010308102901035454
858.0 0.0007329610070883064
859.0 0.0004351117695478024
860.0 0.00029214529604359996
861.0 0.0001491787884333462
862.0 0.00014382957260750118
863.0 0.0001384803795190237
864.0 0.00015557025108137168
865.0 0.00017266013401240343
866.0 0.0001453627078262798
867.0 0.00011806531574620749
868.0 4.804708169103833e-05
869.0 1.7044486481931909e-10
870.0 2.734481938659883e-05
871.0 7.666077408430283e-05
872.0 8.822654535833863e-05
873.0 9.979231663237442e-05
874.0 8.998459293252381e-05
875.0 8.017689197004074e-05
876.0 0.00011443834182500723
877.0 0.00014869980304865749
878.0 1.7044486481931909e-10
879.0 1.7044486481931909e-10
880.0 1.7044486481931909e-10
881.0 1.7044486481931909e-10
882.0 2.5734889774753356e-06
883.0 2.508033958292799e-05
884.0 8.694847792867222e-05
885.0 0.00014881670722388662
886.0 0.00022631106730841566
887.0 0.0003038054273929447
888.0 0.00023192569642560557
889.0 0.0001600459768269502
890.0 0.0002096355729008792
891.0 0.00025922513486875687
892.0 0.0002778450607365812
893.0 0.0002964649411296705
894.0 0.00020689578832389088
895.0 0.00011732661278074374
896.0 6.2101648268253484e-06
897.0 1.7044486481931909e-10
898.0 2.358729176421548e-05
899.0 0.00015208081549644703
900.0 0.00016955731325651868
901.0 0.00018703375417317147
