lsstCam/transmission_filter_detector/r42_s21/r_57/19700101T000000.ecsv
# %ECSV 1.0
# ---
# datatype:
# - {name: wavelength, unit: nm, datatype: float32}
# - {name: efficiency, unit: '%', datatype: float64}
# meta: !!omap
# - {MODE: DETECTOR}
# - {TYPE: transmission_filter_detector}
# - {CALIBDATE: '1970-01-01T00:00:00'}
# - {INSTRUME: LSSTCam}
# - {OBSTYPE: transmission_filter_detector}
# - {CALIBCLS: lsst.ip.isr.IntermediateFilterDetectorTransmissionCurve}
# - {SOURCE: Materion (DM-46256)}
# - {DETECTOR: 178}
# - {FILTER: r_57}
# - {CALIB_ID: 'calibDate=1970-01-01T00:00:00 filter=r_57 detector=178'}
# - {DATE: '2025-04-02T15:59:45.007914'}
# - {CALIB_CREATION_DATE: '2025-04-02'}
# - {CALIB_CREATION_TIME: '15:59:45'}
# - __serialized_columns__:
#     efficiency:
#       __class__: astropy.units.quantity.Quantity
#       unit: !astropy.units.Unit {unit: '%'}
#       value: !astropy.table.SerializedColumn {name: efficiency}
#     wavelength:
#       __class__: astropy.units.quantity.Quantity
#       unit: !astropy.units.Unit {unit: nm}
#       value: !astropy.table.SerializedColumn {name: wavelength}
# schema: astropy-2.0
wavelength efficiency
[from data line 603]
903.0 0.0002276973418702255
904.0 0.00026974921638611704
905.0 0.0003118010454272735
906.0 0.0001844631015046616
907.0 5.712514621336595e-05
908.0 0.00011703752988978522
909.0 0.00017694992493488826
910.0 0.00013692095990336384
911.0 9.689198350315564e-05
912.0 0.00016194693444049335
913.0 0.00022700191948388238
914.0 0.00014896593256708002
915.0 7.092991722856823e-05
916.0 0.00015439551361851045
917.0 0.00023786110432411078
918.0 0.0001228325118063367
919.0 7.803978263609679e-06
920.0 7.421356826853298e-05
921.0 0.00014062318314245204
922.0 0.00012431122513589798
923.0 0.0001079992784980277
924.0 0.00020072429833817296
925.0 0.000293449329547002
926.0 0.0003121612735412782
927.0 0.0003308731947981869
928.0 0.00024180203581636306
929.0 0.0001527308540971717
930.0 0.0001240875462826807
931.0 9.544420436213841e-05
932.0 0.00010742520544226863
933.0 0.00011940619515371509
934.0 0.00014261353271649568
935.0 0.00016582088164796005
936.0 0.00015566994306936976
937.0 0.00014551900449077948
938.0 6.012608082528459e-05
939.0 1.7044486481931909e-10
940.0 0.00012288323887332808
941.0 0.0002710332637434476
942.0 0.00024648470571264625
943.0 0.00022193614768184489
944.0 0.0001309760477852251
945.0 4.0015919466895866e-05
946.0 0.00027490898446558276
947.0 0.0005098021119920304
948.0 0.0005903128567297244
949.0 0.0006708237378916238
950.0 0.000657733880871092
951.0 0.0006446438874263549
952.0 0.0005327776307240129
953.0 0.00042091146497114096
954.0 0.0007624330464750528
955.0 0.00110395476440317
956.0 0.0008470339707855601
957.0 0.0005901134954910958
958.0 0.0009557881639921106
959.0 0.0013214625141699798
960.0 0.0014362568435899448
961.0 0.0015510511730099097
962.0 0.001687008079898078
963.0 0.001822964804887306
964.0 0.0018943906979984604
965.0 0.0019658164092106745
966.0 0.0021069345166324638
967.0 0.002248053169751074
968.0 0.0021448468032758683
969.0 0.0020416406186996028
970.0 0.0021473009837791324
971.0 0.0022529615307576023
972.0 0.002387683343840763
973.0 0.002522405338822864
974.0 0.0027118687285110354
975.0 0.002901332663896028
976.0 0.003058413858525455
977.0 0.003215494507458061
978.0 0.003305220161564648
979.0 0.0033949454518733546
980.0 0.0033756215998437256
981.0 0.0033562977478140965
982.0 0.00337005803885404
983.0 0.0033838186936918646
984.0 0.003330694744363427
985.0 0.003277571522630751
986.0 0.003115872823400423
987.0 0.0029541744879679754
988.0 0.0029459550205501728
989.0 0.00293773555313237
990.0 0.0029028282369836234
991.0 0.0028679212846327573
992.0 0.0028538048354675993
993.0 0.0028396889319992624
994.0 0.0029035454645054415
995.0 0.0029674019970116206
996.0 0.0029956005164422095
997.0 0.003023798853973858
998.0 0.002943858453363646
999.0 0.002863918234652374
1000.0 0.002890223368012812
1001.0 0.0029165283194743097
1002.0 0.003187617039657198
1003.0 0.003458705759840086
1004.0 0.0037679714296245947
1005.0 0.004077237463206984
1006.0 0.00417825867771171
1007.0 0.004279280619812198
1008.0 0.004259445267962292
1009.0 0.004239609916112386
1010.0 0.0042854757339227945
1011.0 0.004331341915531084
1012.0 0.004232257924741134
1013.0 0.004133173933951184
1014.0 0.0041805877117440104
1015.0 0.004228002217132598
1016.0 0.00368651635653805
1017.0 0.0031450308597413823
1018.0 0.0028045882572769187
1019.0 0.002464145654812455
1020.0 0.0022116670152172446
1021.0 0.001959187829925213
1022.0 0.0018072671082336456
1023.0 0.0016553462046431378
1024.0 0.0014209029359335545
1025.0 0.0011864593034260906
1026.0 0.0011432644896558486
1027.0 0.0011000700396834873
1028.0 0.000905269098439021
1029.0 0.0007104684300429653
1030.0 0.0007592296697112033
1031.0 0.0008079910003289115
1032.0 0.0005180655989533989
1033.0 0.00022814028852735646
1034.0 0.0004623198492481606
1035.0 0.0006964993644942297
1036.0 0.0007863101927796379
1037.0 0.0008761211574892513
1038.0 0.0010699682206904981
1039.0 0.001263815283891745
1040.0 0.000941304097068496
1041.0 0.0006187930921441875
1042.0 0.000619800312051666
1043.0 0.0006208074410096742
1044.0 0.0007540016667917371
1045.0 0.0008871958016243298
1046.0 0.0008078714927250985
1047.0 0.0007285470019269269
1048.0 0.0010059263331640977
1049.0 0.001283305846300209
1050.0 0.0013266686437418684
1051.0 0.0013700318049814086
1052.0 0.001610833169252146
1053.0 0.0018516346244723536
1054.0 0.00140986103360774
1055.0 0.0009680876246420667
1056.0 0.0011794158126576804
1057.0 0.001390744455420645
1058.0 0.001070199505193159
1059.0 0.0007496543275919976
1060.0 0.0009013211638375651
1061.0 0.0010529878636589274
1062.0 0.0007551751878054347
1063.0 0.00045736237552773673
1064.0 0.0006118648343544919
1065.0 0.0007663671567570418
1066.0 0.0009922498065861873
1067.0 0.0012181321835669223
1068.0 0.0011638138857961167
1069.0 0.001109495588025311
1070.0 0.0014417396414501127
1071.0 0.0017739836039254442
1072.0 0.0021106627173139714
1073.0 0.0024473418307024986
1074.0 0.002533268889237661
1075.0 0.0026191961296717636
1076.0 0.0027546904675546102
1077.0 0.002890184805437457
1078.0 0.0028513562938314863
1079.0 0.0028125277822255157
1080.0 0.002858753941836767
1081.0 0.0029049799195490777
1082.0 0.00333517455146648
1083.0 0.003765369183383882
1084.0 0.003232739618397318
1085.0 0.002700110235309694
1086.0 0.0026412884835735895
1087.0 0.0025824670956353657
1088.0 0.0030811170290689915
1089.0 0.0035797671444015577
1090.0 0.003916155037586577
1091.0 0.004252542930771597
1092.0 0.0038961567042861134
1093.0 0.0035397701140027493
1094.0 0.003230739093851298
1095.0 0.0029217082555987872
1096.0 0.002366919579799287
1097.0 0.0018121303583029658
1098.0 0.0027901618523173966
1099.0 0.003768193710129708
1100.0 0.0026586887543089688
1101.0 0.0015491836165892892
