lsstCam/transmission_filter_detector/r32_s11/i_39/19700101T000000.ecsv
# %ECSV 1.0
# ---
# datatype:
# - {name: wavelength, unit: nm, datatype: float32}
# - {name: efficiency, unit: '%', datatype: float64}
# meta: !!omap
# - {MODE: DETECTOR}
# - {TYPE: transmission_filter_detector}
# - {CALIBDATE: '1970-01-01T00:00:00'}
# - {INSTRUME: LSSTCam}
# - {OBSTYPE: transmission_filter_detector}
# - {CALIBCLS: lsst.ip.isr.IntermediateFilterDetectorTransmissionCurve}
# - {SOURCE: Materion (DM-46256)}
# - {DETECTOR: 139}
# - {FILTER: i_39}
# - {CALIB_ID: 'calibDate=1970-01-01T00:00:00 filter=i_39 detector=139'}
# - {DATE: '2025-04-02T15:59:47.123189'}
# - {CALIB_CREATION_DATE: '2025-04-02'}
# - {CALIB_CREATION_TIME: '15:59:47'}
# - __serialized_columns__:
#     efficiency:
#       __class__: astropy.units.quantity.Quantity
#       unit: !astropy.units.Unit {unit: '%'}
#       value: !astropy.table.SerializedColumn {name: efficiency}
#     wavelength:
#       __class__: astropy.units.quantity.Quantity
#       unit: !astropy.units.Unit {unit: nm}
#       value: !astropy.table.SerializedColumn {name: wavelength}
# schema: astropy-2.0
wavelength efficiency
300.0 1.5748279416638589e-10
301.0 0.003456497870502062
302.0 0.022607830760534853
303.0 0.014985883899498731
304.0 0.007363934128079563
305.0 0.009551821858622134
306.0 0.011739708133973181
307.0 0.011787659605033696
308.0 0.011835610348498449
309.0 0.007968775753397495
310.0 0.004101942613488063
311.0 0.0014128752809483558
312.0 1.5748279416638589e-10
313.0 1.5748279416638589e-10
314.0 1.5748279416638589e-10
315.0 1.5748279416638589e-10
316.0 0.0020720843167509884
317.0 0.002776676592475269
318.0 0.0034812699595931917
319.0 0.004152151450398378
320.0 0.004823032577405684
321.0 0.0017635591575526632
322.0 1.5748279416638589e-10
323.0 0.0011704852113325614
324.0 0.0036368834116728976
325.0 0.002164788566005882
326.0 0.0006926934929651907
327.0 0.0005083196811028756
328.0 0.0003239459374526632
329.0 0.002713346475502476
330.0 0.005102745853946544
331.0 0.003908510188921355
332.0 0.0027142730687046424
333.0 0.0016905285519897006
334.0 0.0006667842171736993
335.0 0.00010216102737103938
336.0 1.5748279416638589e-10
337.0 0.0003161962467856938
338.0 0.0010948547242151108
339.0 0.0006553778348461492
340.0 0.00021590115011349553
341.0 0.00016599061609667842
342.0 0.00011608042314037448
343.0 1.5748279416638589e-10
344.0 1.5748279416638589e-10
345.0 0.0005266484095045598
346.0 0.0011765153431042563
347.0 0.0005368689016904682
348.0 1.5748279416638589e-10
349.0 0.0002457863047311548
350.0 0.0005943503310845699
351.0 1.5748279416638589e-10
352.0 1.5748279416638589e-10
353.0 1.5748279416638589e-10
354.0 1.5748279416638589e-10
355.0 1.5748279416638589e-10
356.0 0.000801122860139003
357.0 0.00032754423955339007
358.0 1.5748279416638589e-10
359.0 1.5748279416638589e-10
360.0 0.00012156267530372133
361.0 1.5748279416638589e-10
362.0 1.5748279416638589e-10
363.0 1.5748279416638589e-10
364.0 1.5748279416638589e-10
365.0 1.5748279416638589e-10
366.0 1.5748279416638589e-10
367.0 0.00044975981836614665
368.0 0.001189369686471764
369.0 0.0005652507752529345
370.0 1.5748279416638589e-10
371.0 0.00023964967112988234
372.0 0.000538167205377249
373.0 0.00017326284478258458
374.0 1.5748279416638589e-10
375.0 9.340178053207637e-06
376.0 0.00021032212771388004
377.0 0.00031244057936419267
378.0 0.00041455909922660794
379.0 0.0005261972091830103
380.0 0.0006378352281899424
381.0 0.00026380494091426954
382.0 1.5748279416638589e-10
383.0 1.5748279416638589e-10
384.0 1.5748279416638589e-10
385.0 9.12961127141898e-05
386.0 0.0003698826731124427
387.0 1.5748279416638589e-10
388.0 1.5748279416638589e-10
389.0 1.5748279416638589e-10
390.0 1.5748279416638589e-10
391.0 1.5748279416638589e-10
392.0 1.5748279416638589e-10
393.0 1.5748279416638589e-10
394.0 7.882705403972068e-05
395.0 0.00022692124730383512
396.0 0.00037501547467400087
397.0 0.00041148305172100663
398.0 0.00044795065150537994
399.0 0.0009231219337380026
400.0 0.00139829317049589
401.0 0.0018777014702209271
402.0 0.002357109224249143
403.0 0.0029367647584876977
404.0 0.003516420110827312
405.0 0.003917953654308803
406.0 0.004319487925386056
407.0 0.004386013461044058
408.0 0.00445253899670206
409.0 0.0037865385820623487
410.0 0.003120537439826876
411.0 0.00452716376457829
412.0 0.005933790089329705
413.0 0.004865821756538935
414.0 0.0037978530599502847
415.0 0.0030463805160252377
416.0 0.0022949072445044294
417.0 0.0035785629734164104
418.0 0.00486221797473263
419.0 0.004262444781488739
420.0 0.0036626697692554444
421.0 0.003696388375828974
422.0 0.0037301066186046228
423.0 0.004561075911624357
424.0 0.005392045932239853
425.0 0.005178976425668225
426.0 0.004965906555298716
427.0 0.0051905350119341165
428.0 0.005415163468569517
429.0 0.004704113962361589
430.0 0.003993064456153661
431.0 0.00384930353902746
432.0 0.003705542258103378
433.0 0.0027858510293299332
434.0 0.001866159618657548
435.0 0.0013462619790516328
436.0 0.0008263642484962475
437.0 0.0011272194569755811
438.0 0.0014280746654549148
439.0 0.0014609973732149228
440.0 0.0014939198990759905
441.0 0.001478491958550876
442.0 0.0014630640180257615
443.0 0.0016655529179843143
444.0 0.0018680419088923372
445.0 0.0010432107956148684
446.0 0.00021837965960003203
447.0 4.399178976655094e-05
448.0 1.5748279416638589e-10
449.0 0.00025489985091553535
450.0 0.000640195776213659
451.0 0.0008606372830399778
452.0 0.0010810786989168264
453.0 0.000863728655531304
454.0 0.0006463785211963113
455.0 0.0008049383723118808
456.0 0.0009634982234274503
457.0 0.0005359954229788855
458.0 0.00010849241789401276
459.0 0.0006471701453847345
460.0 0.0011858477591886185
461.0 0.0006643527285632445
462.0 0.0001428577775186568
463.0 0.00028983847641939064
464.0 0.0004368192094261758
465.0 0.0003862185167236021
466.0 0.00033561802865733625
467.0 0.0002673529024832533
468.0 0.00019908768535970012
469.0 0.000515344254381489
470.0 0.0008316010280395858
471.0 0.000663152104607434
472.0 0.000494703590447898
473.0 0.0007227590231195791
474.0 0.0009508145922154654
475.0 0.0006587529696844285
476.0 0.00036669127894128906
477.0 0.0002952336672024103
478.0 0.0002237759417766938
479.0 0.0008714916475582868
480.0 0.0015192073988146149
481.0 0.0019921015336876735
482.0 0.002464995668560732
483.0 0.003663900133688003
484.0 0.004862804416916333
485.0 0.006556127482326701
486.0 0.008249449456343427
487.0 0.010230009502265602
488.0 0.012210567365400493
489.0 0.015184965741354972
490.0 0.01815936411730945
491.0 0.020983393187634647
492.0 0.02380742516834289
493.0 0.02530301862861961
494.0 0.026798612088896334
495.0 0.02433800109429285
496.0 0.021877385734114796
497.0 0.018448678019922227
498.0 0.015019968850538135
499.0 0.010671663767425343
500.0 0.006323359411908314
501.0 0.004396020813146606
502.0 0.0024686813048901968
503.0 0.001996233004319947
504.0 0.001523784339951817
505.0 0.0017627573470235802
506.0 0.002001730172196403
507.0 0.002060642873402685
508.0 0.0021195555746089667
509.0 0.0021895879399380647
510.0 0.0022596203052671626
511.0 0.0018836257368093356
512.0 0.0015076314411999192
513.0 0.0016393516489188187
514.0 0.001771072311385069
515.0 0.0019746967154787853
516.0 0.0021783211195725016
517.0 0.002351303555769846
518.0 0.0025242861738661304
519.0 0.0021379111785790883
520.0 0.0017515361832920462
521.0 0.001709937168925535
522.0 0.001668338336457964
523.0 0.0016214358765864745
524.0 0.0015745332348160446
525.0 0.0019149276340613142
526.0 0.0022553220333065838
527.0 0.0026106374207301997
528.0 0.0029659528081538156
529.0 0.0027120522645418532
530.0 0.002458151720929891
531.0 0.0020991086785215884
532.0 0.0017400659999111667
533.0 0.0015764155250508338
534.0 0.0014127649592410307
535.0 0.001701988912827801
536.0 0.0019912125935661606
537.0 0.002637156649143435
538.0 0.003283100522821769
539.0 0.00399488526454661
540.0 0.004706670370069332
541.0 0.005176827471586876
542.0 0.0056469849369022995
543.0 0.005167808194528334
544.0 0.0046886310883564875
545.0 0.003769889008253813
546.0 0.0028511465643532574
547.0 0.002292674980708398
548.0 0.0017342039427603595
549.0 0.0015624636944266967
550.0 0.0013907236279919744
551.0 0.0015441466530319303
552.0 0.0016975696780718863
553.0 0.0017353368093608879
554.0 0.001773103758750949
555.0 0.0012174567928013857
556.0 0.000661809599478147
557.0 0.0006717632459185552
558.0 0.0006817168468842283
559.0 0.0007187913979578298
560.0 0.0007558660399809014
561.0 0.0010025677511293907
562.0 0.0012492697351262905
563.0 0.0015089490261743777
564.0 0.0017686283172224648
565.0 0.0016563377357670106
566.0 0.0015440473362104967
567.0 0.0010845748874999117
568.0 0.0006251023478398565
569.0 0.0007236612418637378
570.0 0.0008222202268370893
571.0 0.0006034592388459714
572.0 0.0003846981144306483
573.0 0.0005137331299920334
574.0 0.0006427681455534184
575.0 0.0006174116151669296
576.0 0.0005920550847804407
577.0 0.0004994095888832817
578.0 0.0004067641384608578
579.0 0.00037543929920502705
580.0 0.0003441145508986665
581.0 0.0003819430730800377
582.0 0.00041977164073614404
583.0 0.00044829062062490266
584.0 0.0004768096005136613
585.0 0.0005506081834028009
586.0 0.0006244066753424704
587.0 0.0005208673428569455
588.0 0.0004173281013208907
589.0 0.0005737541869166307
590.0 0.0007301803634618409
591.0 0.0005216868885327131
592.0 0.0003131933453914826
593.0 0.0004872402314504143
594.0 0.0006612871402467135
595.0 0.00047757434913364705
596.0 0.0002938614898084779
597.0 0.000360416106559569
598.0 0.00042697074604802765
599.0 0.0003857658612105297
600.0 0.0003445610218477668
601.0 0.00037510631045734044
602.0 0.00040565164454164915
603.0 0.00031301690341933863
604.0 0.00022038216229702812
605.0 0.00021045291305199498
606.0 0.00020052361833222676
607.0 0.00027604628485278226
608.0 0.0003515689741107053
609.0 0.00039799956539354753
610.0 0.0004444301794137573
611.0 0.00040012955651036464
612.0 0.0003558288426575018
613.0 0.0003787369678320829
614.0 0.00040164513848139904
615.0 0.0003990569894085638
616.0 0.00039646897675993387
617.0 0.000287163675238844
618.0 0.00017785840782380546
619.0 0.00014239445818020613
620.0 0.00010693049716792302
621.0 0.00017672498415777227
622.0 0.0002465194711476215
623.0 0.000293845369014889
624.0 0.0003411712668821565
625.0 0.0003715545062732417
626.0 0.0004019377684016945
627.0 0.0004399189037940232
628.0 0.00047790003918635193
629.0 0.0004128718501306139
630.0 0.00034784361560014077
631.0 0.0003351983650645707
632.0 0.0003225529098926927
633.0 0.0003024853640454239
634.0 0.0002824178409355227
635.0 0.000363794151780894
636.0 0.00044517046262626536
637.0 0.0004520029960985994
638.0 0.00045883543862146325
639.0 0.0005321217940945644
640.0 0.0006054081950424006
641.0 0.0006092828243708936
642.0 0.0006131574991741218
643.0 0.0005762350610893918
644.0 0.0005393125775299268
645.0 0.0006345022939058254
646.0 0.0007296921012311941
647.0 0.0007234331860672683
648.0 0.0007171742254286073
649.0 0.0007314767117350129
650.0 0.0007457791980414186
651.0 0.0007746496521576773
652.0 0.0008035200153244659
653.0 0.0007822754014341626
654.0 0.0007610309239680646
655.0 0.0011827199159597512
656.0 0.0016044088624767028
657.0 0.002584883986855857
658.0 0.0035653585655381903
659.0 0.005831093585584313
660.0 0.010705592285376042
661.0 0.10213921777904034
662.0 0.08867744472809136
663.0 0.14072924386709929
664.0 0.09830953786149621
665.0 0.1554939430207014
666.0 0.16098117921501398
667.0 0.20753941498696804
668.0 0.19142410019412637
669.0 0.3021410433575511
670.0 0.4287539515644312
671.0 0.6248717661947012
672.0 1.1211843229830265
673.0 1.6907628625631332
674.0 2.5473209097981453
675.0 3.477557748556137
676.0 4.651399701833725
677.0 6.0142528265714645
678.0 7.376357167959213
679.0 8.947490155696869
680.0 11.00073829293251
681.0 13.244764506816864
682.0 15.83079844713211
683.0 18.60940456390381
684.0 21.583083271980286
685.0 24.561505019664764
686.0 27.574840188026428
687.0 30.86281418800354
688.0 34.236761927604675
689.0 37.842291593551636
690.0 41.87316298484802
691.0 46.405550837516785
692.0 51.58436298370361
693.0 57.160884141922
694.0 63.28422427177429
695.0 68.94447207450867
696.0 75.22315979003906
697.0 80.59908151626587
698.0 86.16383671760559
699.0 90.13713002204895
700.0 92.94773936271667
701.0 95.08755207061768
702.0 96.41944766044617
703.0 97.1470296382904
704.0 97.39117622375488
705.0 97.72089123725891
706.0 97.69753813743591
707.0 97.75981903076172
708.0 97.76225686073303
709.0 97.79801368713379
710.0 97.65123724937439
711.0 97.84597754478455
712.0 97.84082174301147
713.0 97.858726978302
714.0 97.96345233917236
715.0 98.0411171913147
716.0 97.88964986801147
717.0 98.0578601360321
718.0 98.10590744018555
719.0 98.05881381034851
720.0 98.17301630973816
721.0 98.11338782310486
722.0 97.66566157341003
723.0 97.47657179832458
724.0 97.1165657043457
725.0 97.01383113861084
726.0 96.75772786140442
727.0 96.6189444065094
728.0 96.39962315559387
729.0 96.1823046207428
730.0 96.30184173583984
731.0 96.4237630367279
732.0 96.52450680732727
733.0 96.80888056755066
734.0 97.23323583602905
735.0 97.31624722480774
736.0 97.74629473686218
737.0 98.11792969703674
738.0 98.2301652431488
739.0 98.58497381210327
740.0 98.69731664657593
741.0 98.56634140014648
742.0 98.79474639892578
743.0 98.63672852516174
744.0 98.51515293121338
745.0 98.503178358078
746.0 98.49690198898315
747.0 98.7348735332489
748.0 98.554927110672
749.0 98.41200709342957
750.0 98.43538403511047
751.0 98.28137755393982
752.0 98.25308918952942
753.0 98.47950339317322
754.0 98.41088056564331
755.0 98.48723411560059
756.0 98.4792172908783
757.0 98.56277704238892
758.0 98.6491858959198
759.0 98.62121343612671
760.0 98.63057732582092
761.0 98.54005575180054
762.0 98.6684262752533
763.0 98.5625147819519
764.0 98.45313429832458
765.0 98.41167330741882
766.0 98.52609038352966
767.0 98.29133749008179
768.0 98.24339151382446
769.0 98.19973707199097
770.0 97.9352355003357
771.0 97.9136049747467
772.0 97.9855477809906
773.0 97.93720245361328
774.0 97.6586103439331
775.0 97.71739840507507
776.0 97.72133231163025
777.0 97.79152870178223
778.0 97.86632061004639
779.0 97.95613884925842
780.0 97.87002801895142
781.0 98.3057975769043
782.0 98.25114607810974
783.0 98.31913709640503
784.0 98.29169511795044
785.0 98.49456548690796
786.0 98.49594831466675
787.0 98.3087956905365
788.0 98.40051531791687
789.0 98.42508435249329
790.0 98.41405749320984
791.0 98.36317300796509
792.0 98.24255704879761
793.0 98.0647087097168
794.0 97.98639416694641
795.0 97.92529344558716
796.0 97.90797233581543
797.0 97.95887470245361
798.0 97.8117048740387
799.0 97.70528674125671
800.0 97.51119017601013
801.0 97.47439622879028
802.0 97.25388288497925
803.0 96.87930345535278
804.0 96.44700288772583
805.0 95.5944836139679
806.0 94.78601813316345
807.0 93.35882663726807
808.0 91.70389771461487
809.0 89.8681104183197
810.0 87.71756887435913
811.0 84.97302532196045
812.0 81.90575242042542
813.0 78.41656804084778
814.0 74.3892252445221
815.0 70.15999555587769
816.0 65.71738719940186
817.0 61.05954051017761
818.0 56.167227029800415
819.0 51.97303295135498
820.0 47.17075526714325
821.0 42.78747737407684
822.0 38.389140367507935
823.0 33.797261118888855
824.0 29.14860248565674
825.0 24.87543672323227
826.0 20.420947670936584
827.0 15.900439023971558
828.0 12.004933506250381
829.0 8.498198539018631
830.0 5.461851134896278
831.0 3.5735484212636948
832.0 2.0740319043397903
833.0 1.1634510941803455
834.0 0.6850018166005611
835.0 0.3923978190869093
836.0 0.25453122798353434
837.0 0.18401957349851727
838.0 0.028867987566627562
839.0 0.01362282782793045
840.0 0.011592743248911574
841.0 1.5748279416638589e-10
842.0 1.5748279416638589e-10
843.0 1.5748279416638589e-10
844.0 1.5748279416638589e-10
845.0 0.003826533429673873
846.0 0.009571905684424564
847.0 1.5748279416638589e-10
848.0 0.016028645040933043
849.0 1.5748279416638589e-10
850.0 1.5748279416638589e-10
851.0 0.0022371117665898055
852.0 0.003163893416058272
853.0 0.0019193908883607946
854.0 0.0006748884516127873
855.0 0.0005397178938437719
856.0 0.00040454733607475646
857.0 0.0004294001882954035
858.0 0.0004542531314655207
859.0 0.00023747295472276164
860.0 2.0692787927600875e-05
861.0 1.5748279416638589e-10
862.0 1.5748279416638589e-10
863.0 1.5748279416638589e-10
864.0 1.5748279416638589e-10
865.0 1.5748279416638589e-10
866.0 1.4395479297490965e-05
867.0 1.5748279416638589e-10
868.0 1.5748279416638589e-10
869.0 3.941056814227295e-07
870.0 0.00016848255199874984
871.0 0.0001587506744726852
872.0 0.00014901876284056925
873.0 2.3627110579127475e-05
874.0 1.5748279416638589e-10
875.0 1.5748279416638589e-10
876.0 1.5748279416638589e-10
877.0 1.5748279416638589e-10
878.0 1.5748279416638589e-10
879.0 1.5748279416638589e-10
880.0 4.6878417947482376e-05
881.0 4.454119562069536e-05
882.0 4.220397329390835e-05
883.0 1.5748279416638589e-10
884.0 1.5748279416638589e-10
885.0 1.5748279416638589e-10
886.0 9.178000937026809e-05
887.0 6.537505896631046e-05
888.0 3.897009435149812e-05
889.0 2.752866805622034e-05
890.0 1.6087254550711805e-05
891.0 1.5748279416638589e-10
892.0 1.5748279416638589e-10
893.0 1.5748279416638589e-10
894.0 1.1206012118236686e-05
895.0 1.5748279416638589e-10
