lsstCam/transmission_filter_detector/r32_s11/i_39/19700101T000000.ecsv
# %ECSV 1.0
# ---
# datatype:
# - {name: wavelength, unit: nm, datatype: float32}
# - {name: efficiency, unit: '%', datatype: float64}
# meta: !!omap
# - {MODE: DETECTOR}
# - {TYPE: transmission_filter_detector}
# - {CALIBDATE: '1970-01-01T00:00:00'}
# - {INSTRUME: LSSTCam}
# - {OBSTYPE: transmission_filter_detector}
# - {CALIBCLS: lsst.ip.isr.IntermediateFilterDetectorTransmissionCurve}
# - {SOURCE: Materion (DM-46256)}
# - {DETECTOR: 139}
# - {FILTER: i_39}
# - {CALIB_ID: 'calibDate=1970-01-01T00:00:00 filter=i_39 detector=139'}
# - {DATE: '2025-04-02T15:59:47.123189'}
# - {CALIB_CREATION_DATE: '2025-04-02'}
# - {CALIB_CREATION_TIME: '15:59:47'}
# - __serialized_columns__:
#     efficiency:
#       __class__: astropy.units.quantity.Quantity
#       unit: !astropy.units.Unit {unit: '%'}
#       value: !astropy.table.SerializedColumn {name: efficiency}
#     wavelength:
#       __class__: astropy.units.quantity.Quantity
#       unit: !astropy.units.Unit {unit: nm}
#       value: !astropy.table.SerializedColumn {name: wavelength}
# schema: astropy-2.0
wavelength efficiency
[from data line 597]
897.0 1.5748279416638589e-10
898.0 1.5748279416638589e-10
899.0 1.5748279416638589e-10
900.0 1.5748279416638589e-10
901.0 1.5748279416638589e-10
902.0 1.5748279416638589e-10
903.0 1.5748279416638589e-10
904.0 1.5748279416638589e-10
905.0 1.5748279416638589e-10
906.0 1.5748279416638589e-10
907.0 1.5748279416638589e-10
908.0 1.5748279416638589e-10
909.0 1.5748279416638589e-10
910.0 5.744836926169228e-05
911.0 9.64386472901424e-06
912.0 1.5748279416638589e-10
913.0 1.5748279416638589e-10
914.0 1.5748279416638589e-10
915.0 1.5748279416638589e-10
916.0 1.5748279416638589e-10
917.0 1.5748279416638589e-10
918.0 1.5748279416638589e-10
919.0 1.5748279416638589e-10
920.0 2.1398564342689497e-05
921.0 1.5748279416638589e-10
922.0 1.5748279416638589e-10
923.0 1.5748279416638589e-10
924.0 0.0001740953621265362
925.0 0.00012852732425017166
926.0 8.295925795209769e-05
927.0 1.5748279416638589e-10
928.0 1.5748279416638589e-10
929.0 1.5748279416638589e-10
930.0 1.5748279416638589e-10
931.0 1.5748279416638589e-10
932.0 1.5748279416638589e-10
933.0 1.5748279416638589e-10
934.0 1.5748279416638589e-10
935.0 1.5748279416638589e-10
936.0 1.5748279416638589e-10
937.0 8.04829937806062e-05
938.0 0.0001681015078247583
939.0 4.289881871955004e-06
940.0 1.5748279416638589e-10
941.0 1.5748279416638589e-10
942.0 6.302886390585627e-05
943.0 0.00012578670975926798
944.0 0.0001885445499283378
945.0 4.857916451328492e-05
946.0 1.5748279416638589e-10
947.0 1.3908156404340843e-05
948.0 0.00011920258202735567
949.0 0.00014804371630816604
950.0 0.0001768848960637115
951.0 0.00012091948065062752
952.0 6.495404818451789e-05
953.0 1.228127217700603e-05
954.0 1.5748279416638589e-10
955.0 1.5748279416638589e-10
956.0 2.4750954707997153e-05
957.0 0.00012556587307699374
958.0 0.0002263808028146741
959.0 0.00023526899894932285
960.0 0.0002441571950839716
961.0 0.00012108871487725992
962.0 1.5748279416638589e-10
963.0 0.00019200281258235918
964.0 0.00038598545870627277
965.0 0.00017344822254017345
966.0 1.5748279416638589e-10
967.0 1.5748279416638589e-10
968.0 1.5748279416638589e-10
969.0 1.5748279416638589e-10
970.0 1.3505068352515082e-05
971.0 1.5748279416638589e-10
972.0 1.5748279416638589e-10
973.0 1.5748279416638589e-10
974.0 6.713852371831308e-05
975.0 6.3438540109928e-05
976.0 5.973855081720103e-05
977.0 8.374445314984769e-05
978.0 0.00010775036116683623
979.0 9.218763921126083e-05
980.0 7.662488314963412e-05
981.0 3.1829774371772146e-06
982.0 1.5748279416638589e-10
983.0 1.5748279416638589e-10
984.0 1.5748279416638589e-10
985.0 1.5748279416638589e-10
986.0 1.5748279416638589e-10
987.0 1.2355062040114717e-05
988.0 2.8298313736740965e-05
989.0 6.181476237543393e-05
990.0 9.533121669846878e-05
991.0 0.0001230127736562281
992.0 0.0001506943362983293
993.0 0.00013307832205100567
994.0 0.00011546227369763074
995.0 0.0001269892209165846
996.0 0.00013851612266080338
997.0 5.306930006554467e-05
998.0 1.5748279416638589e-10
999.0 3.416202787320799e-05
1000.0 0.00010070158396047191
1001.0 0.00022296221686701756
1002.0 0.00034522288387961453
1003.0 0.0003146419430777314
1004.0 0.00028406102501321584
1005.0 0.00019847268504236126
1006.0 0.00011288433370282291
1007.0 3.795692862240685e-05
1008.0 1.5748279416638589e-10
1009.0 0.00011661479675240116
1010.0 0.00027020003017241834
1011.0 0.00020164941361144884
1012.0 0.00013309886526258197
1013.0 0.00014336828826344572
1014.0 0.00015363776810772833
1015.0 0.0001156090206677618
1016.0 7.758034143989789e-05
1017.0 0.00019826784409815446
1018.0 0.0003189553581250948
1019.0 0.00013325623058335623
1020.0 1.5748279416638589e-10
1021.0 9.48616900586785e-05
1022.0 0.00024216624296968803
1023.0 0.00015816196992091136
1024.0 7.415771960950224e-05
1025.0 0.00015210219999062247
1026.0 0.00023004672584647778
1027.0 0.00042200581447104923
1028.0 0.0006139649030956207
1029.0 0.0008413917385041714
1030.0 0.001068818528437987
1031.0 0.0015005231034592725
1032.0 0.0019322274965816177
1033.0 0.002212876825069543
1034.0 0.002493525971658528
1035.0 0.00291662090603495
1036.0 0.0033397158404113725
1037.0 0.003319853567518294
1038.0 0.0032999912946252152
1039.0 0.0030646642699139193
1040.0 0.002829337609000504
1041.0 0.0028078367904527113
1042.0 0.002786335608107038
1043.0 0.0031590960134053603
1044.0 0.0035318564187036827
1045.0 0.003346902667544782
1046.0 0.0031619489163858816
1047.0 0.003043208380404394
1048.0 0.0029244676625239663
1049.0 0.0026803603759617545
1050.0 0.002436253271298483
1051.0 0.0020486275388975628
1052.0 0.0016610018064966425
1053.0 0.0015259831343428232
1054.0 0.0013909641893405933
1055.0 0.001105086903407937
1056.0 0.0008192095265258104
1057.0 0.0011206113413209096
1058.0 0.001422013247065479
1059.0 0.001323019023402594
1060.0 0.0012240249816386495
1061.0 0.0009478636457060929
1062.0 0.0006717024461977417
1063.0 0.0014481125617749058
1064.0 0.0022245225409278646
1065.0 0.002683895581867546
1066.0 0.003143268622807227
1067.0 0.0039022273995215073
1068.0 0.004661186176235788
1069.0 0.004337346399552189
1070.0 0.004013505895272829
1071.0 0.0042869942262768745
1072.0 0.004560482921078801
1073.0 0.003697406646097079
1074.0 0.0028343298254185356
1075.0 0.0027046489776694216
1076.0 0.002574967948021367
1077.0 0.002799704270728398
1078.0 0.003024440593435429
1079.0 0.0028592452508746646
1080.0 0.002694050272111781
1081.0 0.002163685167033691
1082.0 0.0016333202438545413
1083.0 0.001370658901578281
1084.0 0.0011079977412009612
1085.0 0.0006516454050142784
1086.0 0.00019529322798916837
1087.0 0.0004457983322936343
1088.0 0.000696303550284938
1089.0 0.0002708746478674584
1090.0 1.5748279416638589e-10
1091.0 1.5748279416638589e-10
1092.0 2.082999372987615e-05
1093.0 0.00015234218153636903
1094.0 0.00028385413770593004
1095.0 0.0001569818095958908
1096.0 3.0109518434073834e-05
1097.0 1.5748279416638589e-10
1098.0 1.5748279416638589e-10
1099.0 0.0007751104931230657
1100.0 0.0018893273590947501
