lsstCam/transmission_filter_detector/r14_s20/y_10/19700101T000000.ecsv
# %ECSV 1.0
# ---
# datatype:
# - {name: wavelength, unit: nm, datatype: float32}
# - {name: efficiency, unit: '%', datatype: float64}
# meta: !!omap
# - {MODE: DETECTOR}
# - {TYPE: transmission_filter_detector}
# - {CALIBDATE: '1970-01-01T00:00:00'}
# - {INSTRUME: LSSTCam}
# - {OBSTYPE: transmission_filter_detector}
# - {CALIBCLS: lsst.ip.isr.IntermediateFilterDetectorTransmissionCurve}
# - {SOURCE: Materion (DM-46256)}
# - {DETECTOR: 69}
# - {FILTER: y_10}
# - {CALIB_ID: 'calibDate=1970-01-01T00:00:00 filter=y_10 detector=69'}
# - {DATE: '2025-04-02T15:59:51.060948'}
# - {CALIB_CREATION_DATE: '2025-04-02'}
# - {CALIB_CREATION_TIME: '15:59:51'}
# - __serialized_columns__:
#     efficiency:
#       __class__: astropy.units.quantity.Quantity
#       unit: !astropy.units.Unit {unit: '%'}
#       value: !astropy.table.SerializedColumn {name: efficiency}
#     wavelength:
#       __class__: astropy.units.quantity.Quantity
#       unit: !astropy.units.Unit {unit: nm}
#       value: !astropy.table.SerializedColumn {name: wavelength}
# schema: astropy-2.0
wavelength efficiency
300.0 0.53796018473804
301.0 0.28972397558391094
302.0 0.04148775769863278
303.0 0.03674473846331239
304.0 0.032001722138375044
305.0 0.023089253227226436
306.0 0.01417677995050326
307.0 0.020207447232678533
308.0 0.026238113059662282
309.0 0.01842508208937943
310.0 0.010612050391500816
311.0 0.009331795445177704
312.0 0.008051540498854592
313.0 0.007650493353139609
314.0 0.007249446935020387
315.0 0.00670823355903849
316.0 0.006167023093439639
317.0 0.0062209444877225906
318.0 0.006274861516430974
319.0 0.002522231989132706
320.0 1.6175210042906896e-10
321.0 0.0016657470041536726
322.0 0.004561893729260191
323.0 0.0035061097150901332
324.0 0.0024503262466168962
325.0 0.0012589041944011115
326.0 6.748173859705275e-05
327.0 0.0008958878424891736
328.0 0.0017242940884898417
329.0 0.0031065843359101564
330.0 0.004488874401431531
331.0 0.0038593501813011244
332.0 0.0032298252335749567
333.0 0.002370838774368167
334.0 0.0015118517694645561
335.0 0.0017672480680630542
336.0 0.0020226449123583734
337.0 0.002501398375898134
338.0 0.0029801512937410735
339.0 0.001517550026619574
340.0 5.494864581123693e-05
341.0 1.6175210042906896e-10
342.0 1.6175210042906896e-10
343.0 0.0003450612666711095
344.0 0.0010160942110815085
345.0 0.001202131352329161
346.0 0.001388169312122045
347.0 0.0013755380678048823
348.0 0.001362906550639309
349.0 0.0013607287655759137
350.0 0.001358550707664108
351.0 0.0016559954019612633
352.0 0.0019534394596121274
353.0 0.0016386031347792596
354.0 0.0013237666280474514
355.0 0.0013149078768037725
356.0 0.0013060489436611533
357.0 0.0010007308446802199
358.0 0.0006954123364266707
359.0 0.000878606442711316
360.0 0.0010618005035212263
361.0 0.0013016275261179544
362.0 0.001541454366815742
363.0 0.0011078292118327226
364.0 0.0006742037385265576
365.0 0.0010631179065967444
366.0 0.0014520325748890173
367.0 0.0019674138457048684
368.0 0.002482794843672309
369.0 0.0020961959307896905
370.0 0.0017095971998060122
371.0 0.001615726068848744
372.0 0.0015218547559925355
373.0 0.0019159446310368367
374.0 0.0023100343241821975
375.0 0.003264805127400905
376.0 0.004219575566821732
377.0 0.004215936496620998
378.0 0.004212297426420264
379.0 0.003678517896332778
380.0 0.0031447380024474114
381.0 0.0021791747712995857
382.0 0.001213611085404409
383.0 0.0012017857443424873
384.0 0.0011899599485332146
385.0 0.0009410356142325327
386.0 0.0006921112799318507
387.0 0.000727106089470908
388.0 0.0007621010354341706
389.0 0.0006022100023983512
390.0 0.00044231915126147214
391.0 0.0005300671546137892
392.0 0.0006178152034408413
393.0 0.0006369184120558202
394.0 0.0006560218025697395
395.0 0.0005335451078281039
396.0 0.00041106845856120344
397.0 0.0007277450094989035
398.0 0.0010444214240123983
399.0 0.001256611903954763
400.0 0.0014688023838971276
401.0 0.001701167093415279
402.0 0.0019335318938829005
403.0 0.0019299855921417475
404.0 0.0019264392904005945
405.0 0.0018553366317064501
406.0 0.0017842341549112462
407.0 0.001475279077567393
408.0 0.00116632409117301
409.0 0.0009346277693111915
410.0 0.0007029312655504327
411.0 0.0007634471330675296
412.0 0.0008239631824835669
413.0 0.0009881660844257567
414.0 0.0011523688954184763
415.0 0.001573227382323239
416.0 0.0019940862330258824
417.0 0.0008312714271596633
418.0 1.6175210042906896e-10
419.0 1.6175210042906896e-10
420.0 1.6175210042906896e-10
421.0 1.6175210042906896e-10
422.0 0.0004150767836108571
423.0 0.0006358588507282548
424.0 0.000856640690471977
425.0 3.060021924738976e-06
426.0 1.6175210042906896e-10
427.0 1.6175210042906896e-10
428.0 0.0005972964117972879
429.0 4.562069193525531e-05
430.0 1.6175210042906896e-10
431.0 0.000717109924153192
432.0 0.001940274887601845
433.0 0.0012297786270210054
434.0 0.0005192828211875167
435.0 3.217537880573218e-05
436.0 1.6175210042906896e-10
437.0 1.6175210042906896e-10
438.0 1.6175210042906896e-10
439.0 1.6175210042906896e-10
440.0 1.6175210042906896e-10
441.0 1.6175210042906896e-10
442.0 1.6175210042906896e-10
443.0 1.6175210042906896e-10
444.0 0.0001562194029247621
445.0 0.00020297682112868642
446.0 0.0002497342165952432
447.0 0.0007136359272408299
448.0 0.001177537524199579
449.0 0.0009140529073192738
450.0 0.0006505681994894985
451.0 0.0003397416321604396
452.0 2.891525809900486e-05
453.0 1.6175210042906896e-10
454.0 1.6175210042906896e-10
455.0 1.6175210042906896e-10
456.0 6.646582733083051e-05
457.0 2.1326583521386056e-05
458.0 1.6175210042906896e-10
459.0 1.0585347354208352e-05
460.0 4.4983332259107556e-05
461.0 0.00012739582189169596
462.0 0.00020980830868211342
463.0 0.0004042467935505556
464.0 0.0005986853011563653
465.0 0.0006420604677259689
466.0 0.0006854357707197778
467.0 0.0011053472917410545
468.0 0.0015252585399139207
469.0 0.0015505027477047406
470.0 0.0015757465007482097
471.0 0.0016486104868818074
472.0 0.0017214744730154052
473.0 0.0021970097805024125
474.0 0.0026725450879894197
475.0 0.002678626333363354
476.0 0.002684707760636229
477.0 0.0030760009394725785
478.0 0.0034672943002078682
479.0 0.004143880869378336
480.0 0.004820467438548803
481.0 0.004916628313367255
482.0 0.005012789188185707
483.0 0.004250733036315069
484.0 0.0034886768844444305
485.0 0.0037125228118384257
486.0 0.00393636837543454
487.0 0.003348870450281538
488.0 0.002761372525128536
489.0 0.0025116918550338596
490.0 0.0022620119125349447
491.0 0.0017393473171978258
492.0 0.0012166827218607068
493.0 0.0010735237992776092
494.0 0.0009303651495429222
495.0 0.001355710355710471
496.0 0.0017810556528274901
497.0 0.0020314442735980265
498.0 0.0022818332581664436
499.0 0.0023753276764182374
500.0 0.002468821912771091
501.0 0.002485624463588465
502.0 0.002502427014405839
503.0 0.002678183955140412
504.0 0.002853940713976044
505.0 0.0032960706448648125
506.0 0.003738200757652521
507.0 0.002737085560511332
508.0 0.0017359698176733218
509.0 0.0019066108507104218
510.0 0.0020772513380507007
511.0 0.0021271414880175143
512.0 0.0021770318198832683
513.0 0.0019226970835006796
514.0 0.0016683627109159715
515.0 0.0015921017620712519
516.0 0.0015158408132265322
517.0 0.001472294025006704
518.0 0.0014287466910900548
519.0 0.0013772684724244755
520.0 0.0013257899809104856
521.0 0.001583192170073744
522.0 0.001840593722590711
523.0 0.0016567961210967042
524.0 0.0014729985196026973
525.0 0.0021614790966850705
526.0 0.002849960401363205
527.0 0.002497255991329439
528.0 0.0021445519450935535
529.0 0.0023384227461065166
530.0 0.0025322935471194796
531.0 0.002483477146597579
532.0 0.0024346605641767383
533.0 0.0024570379537180997
534.0 0.0024794149794615805
535.0 0.002211447645095177
536.0 0.0019434797650319524
537.0 0.0024314242182299495
538.0 0.0029193686714279465
539.0 0.003403706432436593
540.0 0.003888043647748418
541.0 0.003997560997959226
542.0 0.004107078348170035
543.0 0.004207955498714
544.0 0.004308832285460085
545.0 0.004789989907294512
546.0 0.005271147529128939
547.0 0.0044397005694918334
548.0 0.0036082532460568473
549.0 0.0031788797059562057
550.0 0.002749505983956624
551.0 0.002696318188100122
552.0 0.0026431302103446797
553.0 0.0030198911190382205
554.0 0.003396651300136
555.0 0.0036692494177259505
556.0 0.003941847535315901
557.0 0.003642713272711262
558.0 0.003343579010106623
559.0 0.0033669806725811213
560.0 0.0033903823350556195
561.0 0.0034621163649717346
562.0 0.003533850031089969
563.0 0.0034777014661813155
564.0 0.003421552901272662
565.0 0.0038049143768148497
566.0 0.004188275852357037
567.0 0.004200415423838422
568.0 0.004212554995319806
569.0 0.004865017035626806
570.0 0.005517478712135926
571.0 0.005693932689609937
572.0 0.005870386303286068
573.0 0.006319094973150641
574.0 0.006767804006813094
575.0 0.006628889968851581
576.0 0.00648997665848583
577.0 0.005880753815290518
578.0 0.005271531699690968
579.0 0.006072509495425038
580.0 0.006873487291159108
581.0 0.007210821786429733
582.0 0.007548155554104596
583.0 0.008334397716680542
584.0 0.009120637696469203
585.0 0.009435520769329742
586.0 0.00975040384219028
587.0 0.009716298518469557
588.0 0.009682190284365788
589.0 0.010390255192760378
590.0 0.011098323011538014
591.0 0.010405509965494275
592.0 0.009712697647046298
593.0 0.00794111329014413
594.0 0.006169530388433486
595.0 0.005737388710258529
596.0 0.005305247395881452
597.0 0.005846178100910038
598.0 0.0063871091697365046
599.0 0.007234499207697809
600.0 0.008081888518063352
601.0 0.008824115502648056
602.0 0.009566339576849714
603.0 0.010554964683251455
604.0 0.011543589789653197
605.0 0.011611909576458856
606.0 0.011680229363264516
607.0 0.01006495367619209
608.0 0.00844968089950271
609.0 0.006756583752576262
610.0 0.005063488060841337
611.0 0.004334346522227861
612.0 0.003605204983614385
613.0 0.0038621561543550342
614.0 0.004119106597499922
615.0 0.004818924207938835
616.0 0.005518742182175629
617.0 0.0068154302425682545
618.0 0.008112117211567238
619.0 0.009035837865667418
620.0 0.00995955997495912
621.0 0.011065365833928809
622.0 0.012171171692898497
623.0 0.012344827700871974
624.0 0.012518484436441213
625.0 0.010885521624004468
626.0 0.009252557356376201
627.0 0.0074143339588772506
628.0 0.005576108742388897
629.0 0.004611445547197945
630.0 0.0036467830796027556
631.0 0.003076645953115076
632.0 0.002506508826627396
633.0 0.0026247826099279337
634.0 0.002743056757026352
635.0 0.0029577100576716475
636.0 0.0031723629945190623
637.0 0.0036937992263119668
638.0 0.004215235458104871
639.0 0.00443051612819545
640.0 0.0046457964344881475
641.0 0.005153097299626097
642.0 0.005660398164764047
643.0 0.005630411033052951
644.0 0.0056004239013418555
645.0 0.005298594260239042
646.0 0.0049967642553383484
647.0 0.004022342181997374
648.0 0.0030479202905553393
649.0 0.002281760680489242
650.0 0.0015156007066252641
651.0 0.001608636557648424
652.0 0.0017016727724694647
653.0 0.0016021602277760394
654.0 0.0015026474102342036
655.0 0.001435180729458807
656.0 0.001367714321531821
657.0 0.0014709892639075406
658.0 0.0015742643881822005
659.0 0.001887035250547342
660.0 0.0021998061129124835
661.0 0.0018784701751428656
662.0 0.0015571342373732477
663.0 0.002281787783431355
664.0 0.0030064415113884024
665.0 0.0036210985854268074
666.0 0.004235755113768391
667.0 0.004876709499512799
668.0 0.005517662066267803
669.0 0.005535376112675294
670.0 0.005553086521103978
671.0 0.0061496895796153694
672.0 0.006746292638126761
673.0 0.007681589340791106
674.0 0.008616886771051213
675.0 0.008153734233928844
676.0 0.007690583151997998
677.0 0.006165306695038453
678.0 0.004640030238078907
679.0 0.003078507143072784
680.0 0.0015169848666118924
681.0 0.0006185453003126895
682.0 1.6175210042906896e-10
683.0 0.00012532055961855804
684.0 0.0005305355443852022
685.0 0.0003372954324731836
686.0 0.00014405525234906236
687.0 0.00022234535208554007
688.0 0.0003006354518220178
689.0 0.0002763470092759235
690.0 0.0002520585894671967
691.0 0.00030312323815451236
692.0 0.00035418790957919555
693.0 0.00036174026263324777
694.0 0.0003692926156873
695.0 0.00038004491216270253
696.0 0.00039079718590073753
697.0 0.0005209592018218245
698.0 0.0006511210813187063
699.0 0.0004764033747051144
700.0 0.000301685395243112
701.0 0.0002761430550890509
702.0 0.0002506007604097249
703.0 0.00034597364901856054
704.0 0.0004413465376273962
705.0 0.0004236473159835441
706.0 0.0004059478669660166
707.0 7.983988439264067e-05
708.0 1.6175210042906896e-10
709.0 1.6175210042906896e-10
710.0 0.0001803379177545139
711.0 0.0003510385795379989
712.0 0.0005217392299528001
713.0 0.00026210382202407345
714.0 2.4684515764761272e-06
715.0 0.00019928238543798216
716.0 0.0003960963567806175
717.0 0.00039352466956188437
718.0 0.0003909530278178863
719.0 0.0004376948254503077
720.0 0.00048443657760799397
721.0 0.0003871160060953116
722.0 0.0002897954573199968
723.0 0.00030939238513383316
724.0 0.00032898931294766953
725.0 0.000521072797710076
726.0 0.0007131565325835254
727.0 0.00034904728636320215
728.0 1.6175210042906896e-10
729.0 0.00016886333469301462
730.0 0.0003527884928189451
731.0 0.0005523943855223479
732.0 0.0007520005965488963
733.0 0.0003198700824214029
734.0 1.6175210042906896e-10
735.0 1.6175210042906896e-10
736.0 1.6175210042906896e-10
737.0 0.00035947248306911206
738.0 0.0009602923455531709
739.0 0.0006288838903856231
740.0 0.00029747511689492967
741.0 0.00018177662468588096
742.0 6.607814952985791e-05
743.0 1.6175210042906896e-10
744.0 1.6175210042906896e-10
745.0 0.00026226166482956614
746.0 0.0006432249392673839
747.0 0.0002873755875043571
748.0 1.6175210042906896e-10
749.0 1.6175210042906896e-10
750.0 1.6175210042906896e-10
751.0 1.6175210042906896e-10
752.0 1.6175210042906896e-10
753.0 0.00016147224641827052
754.0 0.0003764569783015759
755.0 1.6175210042906896e-10
756.0 1.6175210042906896e-10
757.0 1.6175210042906896e-10
758.0 1.6175210042906896e-10
759.0 0.00013125561508786632
760.0 0.0006808857051510131
761.0 0.00026436025564180454
762.0 1.6175210042906896e-10
763.0 1.6175210042906896e-10
764.0 1.6175210042906896e-10
765.0 0.00014511949757434195
766.0 0.00040893160075938795
767.0 0.00010673949191186693
768.0 1.6175210042906896e-10
769.0 1.6175210042906896e-10
770.0 1.6175210042906896e-10
771.0 1.6175210042906896e-10
772.0 1.6175210042906896e-10
773.0 0.00010118448017237824
774.0 0.0005840091034770012
775.0 0.00034041834169329377
776.0 9.68274775914324e-05
777.0 0.00012230661923240405
778.0 0.00014778578361074324
779.0 0.0003629138063843129
780.0 0.0005780417723144637
781.0 0.0006461472821683856
782.0 0.0007142527465475723
783.0 0.0005751854587288108
784.0 0.0004361182618595194
785.0 0.0002375043322899728
786.0 3.889007587076776e-05
787.0 0.000501031308886013
788.0 0.0009631724424252752
789.0 0.0007109069429134252
790.0 0.00045864153435104527
791.0 0.0004401356818561908
792.0 0.00042162964746239595
793.0 0.0005257576503936434
794.0 0.0006298852895270102
795.0 0.0008643721230328083
796.0 0.001098858774639666
797.0 0.0005809919002786046
798.0 6.31250657079363e-05
799.0 0.000476373406854691
800.0 0.0008896217877918389
801.0 0.0005233707270235755
802.0 0.00015711962078057695
803.0 0.00034254785532539245
804.0 0.0005279759989207378
805.0 0.0006627848506468581
806.0 0.0007975936568982434
807.0 0.0004761818217957625
808.0 0.00015477004353670054
809.0 3.195457054516737e-06
810.0 1.6175210042906896e-10
811.0 0.0002599893605292891
812.0 0.0006683577339572366
813.0 0.0009390594641445205
814.0 0.001209761012432864
815.0 0.0011264556633250322
816.0 0.0010431496775709093
817.0 0.0009332830813946202
818.0 0.0008234165761678014
819.0 0.0009485823284194339
820.0 0.0010737482625700068
821.0 0.001023636468744371
822.0 0.0009735246749187354
823.0 0.0008239782800956164
824.0 0.0006744320671714377
825.0 0.0006703013241349254
826.0 0.0006661707175226184
827.0 0.0007480688054783968
828.0 0.0008299670298583806
829.0 0.0004279113454686012
830.0 2.5855695184873184e-05
831.0 1.6175210042906896e-10
832.0 1.6175210042906896e-10
833.0 0.00038739340197935235
834.0 0.0008457584044663236
835.0 0.0002614557388369576
836.0 1.6175210042906896e-10
837.0 1.6175210042906896e-10
838.0 1.6175210042906896e-10
839.0 0.00034073771075782133
840.0 0.0006924165518285008
841.0 0.0010086269867315423
842.0 0.0013248373761598486
843.0 0.0010610664503474254
844.0 0.0007972951607371215
845.0 0.0006895778824400622
846.0 0.0005818605586682679
847.0 0.0008051491022342816
848.0 0.0010284376912750304
849.0 0.0008821325536700897
850.0 0.0007358270522672683
851.0 0.0010869948710023891
852.0 0.00143816268973751
853.0 0.0006600072538276436
854.0 1.6175210042906896e-10
855.0 1.6175210042906896e-10
856.0 1.6175210042906896e-10
857.0 0.00042575152292556595
858.0 0.0016274079825961962
859.0 0.0013581427992903627
860.0 0.0010888772521866485
861.0 0.0012848003279941622
862.0 0.0014807234038016759
863.0 0.0017149144696304575
864.0 0.001949105535459239
865.0 0.002001226857828442
866.0 0.0020533483620965853
867.0 0.002771787876554299
868.0 0.003490227391012013
869.0 0.003080445821979083
870.0 0.0026706638891482726
871.0 0.0032919600926106796
872.0 0.003913256659870967
873.0 0.002796567787299864
874.0 0.0016798792785266414
