lsstCam/transmission_filter_detector/r14_s20/y_10/19700101T000000.ecsv
# %ECSV 1.0
# ---
# datatype:
# - {name: wavelength, unit: nm, datatype: float32}
# - {name: efficiency, unit: '%', datatype: float64}
# meta: !!omap
# - {MODE: DETECTOR}
# - {TYPE: transmission_filter_detector}
# - {CALIBDATE: '1970-01-01T00:00:00'}
# - {INSTRUME: LSSTCam}
# - {OBSTYPE: transmission_filter_detector}
# - {CALIBCLS: lsst.ip.isr.IntermediateFilterDetectorTransmissionCurve}
# - {SOURCE: Materion (DM-46256)}
# - {DETECTOR: 69}
# - {FILTER: y_10}
# - {CALIB_ID: 'calibDate=1970-01-01T00:00:00 filter=y_10 detector=69'}
# - {DATE: '2025-04-02T15:59:51.060948'}
# - {CALIB_CREATION_DATE: '2025-04-02'}
# - {CALIB_CREATION_TIME: '15:59:51'}
# - __serialized_columns__:
#     efficiency:
#       __class__: astropy.units.quantity.Quantity
#       unit: !astropy.units.Unit {unit: '%'}
#       value: !astropy.table.SerializedColumn {name: efficiency}
#     wavelength:
#       __class__: astropy.units.quantity.Quantity
#       unit: !astropy.units.Unit {unit: nm}
#       value: !astropy.table.SerializedColumn {name: wavelength}
# schema: astropy-2.0
wavelength efficiency
[from data line 576]
876.0 0.003320680116303265
877.0 0.0022133901438792236
878.0 0.0011061003533541225
879.0 0.0019034465367440134
880.0 0.08572886581532657
881.0 0.09203020599670708
882.0 0.062352861277759075
883.0 0.08414795738644898
884.0 0.06135905277915299
885.0 0.09405176970176399
886.0 0.07087058620527387
887.0 0.090835674200207
888.0 0.06565104704350233
889.0 0.10754383401945233
890.0 0.058927712962031364
891.0 0.0961118086706847
892.0 0.0714186520781368
893.0 0.11334808077663183
894.0 0.0674860377330333
895.0 0.10843119816854596
896.0 0.0851289601996541
897.0 0.11132938088849187
898.0 0.09079398587346077
899.0 0.13137961504980922
900.0 0.10379387531429529
901.0 0.14203067403286695
902.0 0.13681245036423206
903.0 0.1509284833446145
904.0 0.1945568947121501
905.0 0.2224427182227373
906.0 0.28220219537615776
907.0 0.33379895612597466
908.0 0.43776161037385464
909.0 0.5983884911984205
910.0 0.8252560161054134
911.0 1.166136097162962
912.0 1.7157090827822685
913.0 2.5436503812670708
914.0 3.6043550819158554
915.0 5.166007950901985
916.0 7.099471241235733
917.0 9.325439482927322
918.0 11.898451298475266
919.0 14.390639960765839
920.0 17.768844962120056
921.0 21.25396579504013
922.0 24.679987132549286
923.0 28.712481260299683
924.0 33.106908202171326
925.0 38.06337118148804
926.0 44.06949281692505
927.0 50.69323182106018
928.0 56.648850440979004
929.0 63.199567794799805
930.0 69.02515292167664
931.0 74.84689950942993
932.0 80.24579882621765
933.0 84.94559526443481
934.0 88.47820162773132
935.0 90.9892201423645
936.0 92.99150705337524
937.0 94.42320466041565
938.0 95.30917406082153
939.0 95.85179686546326
940.0 96.21638059616089
941.0 96.50812149047852
942.0 96.74614071846008
943.0 96.86482548713684
944.0 97.17184901237488
945.0 97.16402292251587
946.0 97.23873138427734
947.0 97.23876714706421
948.0 97.37803339958191
949.0 97.22440838813782
950.0 97.38853573799133
951.0 97.39753603935242
952.0 97.44276404380798
953.0 97.66051769256592
954.0 97.78246283531189
955.0 97.81134128570557
956.0 98.05195331573486
957.0 98.25820326805115
958.0 98.3971357345581
959.0 98.52345585823059
960.0 98.59515428543091
961.0 98.69105219841003
962.0 98.75375628471375
963.0 98.78355860710144
964.0 98.79541397094727
965.0 98.84438514709473
966.0 98.87323379516602
967.0 98.97977709770203
968.0 98.91782999038696
969.0 98.94386529922485
970.0 98.98849129676819
971.0 99.03215765953064
972.0 99.08295273780823
973.0 99.19639229774475
974.0 99.18150901794434
975.0 99.16651248931885
976.0 99.24144744873047
977.0 99.22277927398682
978.0 99.25960302352905
979.0 99.21516180038452
980.0 99.18573498725891
981.0 99.11240935325623
982.0 99.03011918067932
983.0 99.07184839248657
984.0 99.0096926689148
985.0 98.99681806564331
986.0 98.91112446784973
987.0 98.97125959396362
988.0 98.8464891910553
989.0 98.84771704673767
990.0 98.79854321479797
991.0 98.77980351448059
992.0 98.90923500061035
993.0 98.82954955101013
994.0 98.83368015289307
995.0 98.84740114212036
996.0 98.84578585624695
997.0 98.9800751209259
998.0 98.97720217704773
999.0 99.03870224952698
1000.0 99.10256862640381
1001.0 99.05788898468018
1002.0 99.12331700325012
1003.0 99.171382188797
1004.0 99.23677444458008
1005.0 99.148428440094
1006.0 99.30827617645264
1007.0 99.29779767990112
1008.0 99.27114844322205
1009.0 99.20225143432617
1010.0 99.25647377967834
1011.0 99.25439953804016
1012.0 99.14846420288086
1013.0 99.1347074508667
1014.0 99.10375475883484
1015.0 99.0729570388794
1016.0 99.0770697593689
1017.0 99.07914400100708
1018.0 99.1389811038971
1019.0 99.05463457107544
1020.0 99.08048510551453
1021.0 99.23062920570374
1022.0 99.12614226341248
1023.0 99.13261532783508
1024.0 99.12778735160828
1025.0 99.10411834716797
1026.0 99.16819334030151
1027.0 99.34073090553284
1028.0 99.22525882720947
1029.0 99.319988489151
1030.0 99.33832883834839
1031.0 99.26153421401978
1032.0 99.33281540870667
1033.0 99.25897121429443
1034.0 99.3432104587555
1035.0 99.31880235671997
1036.0 99.26950931549072
1037.0 99.29946064949036
1038.0 99.25265312194824
1039.0 99.27638173103333
1040.0 99.14460182189941
1041.0 99.24090504646301
1042.0 99.21271800994873
1043.0 99.13113117218018
1044.0 99.2184579372406
1045.0 98.9772379398346
1046.0 99.13632273674011
1047.0 99.05717372894287
1048.0 99.08254146575928
1049.0 99.03894662857056
1050.0 98.94611835479736
1051.0 98.96355867385864
1052.0 98.95018935203552
1053.0 98.92372488975525
1054.0 99.11110997200012
1055.0 99.23490881919861
1056.0 99.08906817436218
1057.0 99.12968873977661
1058.0 99.00013208389282
1059.0 99.00500178337097
1060.0 99.19455051422119
1061.0 99.03402924537659
1062.0 99.01703596115112
1063.0 99.0188479423523
1064.0 99.18714761734009
1065.0 99.07235503196716
1066.0 99.11690950393677
1067.0 99.18590188026428
1068.0 99.07097220420837
1069.0 98.89829754829407
1070.0 99.27965998649597
1071.0 99.06303882598877
1072.0 99.14278984069824
1073.0 99.18047785758972
1074.0 98.94906282424927
1075.0 98.81831407546997
1076.0 98.71594309806824
1077.0 99.11447167396545
1078.0 99.20933842658997
1079.0 98.8530158996582
1080.0 99.41531419754028
1081.0 98.84597659111023
1082.0 98.75150918960571
1083.0 98.68190288543701
1084.0 99.13389086723328
1085.0 98.95591735839844
1086.0 98.76047968864441
1087.0 98.82456064224243
1088.0 98.7439513206482
1089.0 98.76077175140381
1090.0 98.87088537216187
1091.0 98.89107942581177
1092.0 98.95943999290466
1093.0 98.79820346832275
1094.0 98.70486259460449
1095.0 98.6624538898468
1096.0 98.67163300514221
1097.0 98.21781516075134
1098.0 97.89341688156128
1099.0 98.37190508842468
1100.0 98.06520938873291
