lsstCam/transmission_filter_detector/r42_s20/g_6/19700101T000000.ecsv
# %ECSV 1.0
# ---
# datatype:
# - {name: wavelength, unit: nm, datatype: float32}
# - {name: efficiency, unit: '%', datatype: float64}
# meta: !!omap
# - {MODE: DETECTOR}
# - {TYPE: transmission_filter_detector}
# - {CALIBDATE: '1970-01-01T00:00:00'}
# - {INSTRUME: LSSTCam}
# - {OBSTYPE: transmission_filter_detector}
# - {CALIBCLS: lsst.ip.isr.IntermediateFilterDetectorTransmissionCurve}
# - {SOURCE: Materion (DM-46256)}
# - {DETECTOR: 177}
# - {FILTER: g_6}
# - {CALIB_ID: 'calibDate=1970-01-01T00:00:00 filter=g_6 detector=177'}
# - {DATE: '2025-04-02T15:59:42.847996'}
# - {CALIB_CREATION_DATE: '2025-04-02'}
# - {CALIB_CREATION_TIME: '15:59:42'}
# - __serialized_columns__:
#     efficiency:
#       __class__: astropy.units.quantity.Quantity
#       unit: !astropy.units.Unit {unit: '%'}
#       value: !astropy.table.SerializedColumn {name: efficiency}
#     wavelength:
#       __class__: astropy.units.quantity.Quantity
#       unit: !astropy.units.Unit {unit: nm}
#       value: !astropy.table.SerializedColumn {name: wavelength}
# schema: astropy-2.0
wavelength efficiency
[from data line 607]
907.0 0.0002638897285578423
908.0 0.0002622489091663738
909.0 0.0002606080215628026
910.0 0.00033965197872021236
911.0 0.0004186960268270923
912.0 0.0003893699158652453
913.0 0.00036004385037813336
914.0 0.0003724573616636917
915.0 0.00038487087294925004
916.0 0.0003945530806959141
917.0 0.0004042351520183729
918.0 0.0003829080924333539
919.0 0.00036158091916149715
920.0 0.00037039726521470584
921.0 0.000379213588530547
922.0 0.0004311732482165098
923.0 0.00048313286242773756
924.0 0.00042654369281081017
925.0 0.0003699545231938828
926.0 0.0003817993274424225
927.0 0.00039364408621622715
928.0 0.0003941265276807826
929.0 0.0003946088781958679
930.0 0.0003928552359866444
931.0 0.00039110159377742093
932.0 0.00045271249291545246
933.0 0.0005143233011040138
934.0 0.0005066970970801776
935.0 0.0004990709385310765
936.0 0.0004077417543157935
937.0 0.0003164125701005105
938.0 0.00040855020415619947
939.0 0.0005006877927371534
940.0 0.0005416350632003741
941.0 0.0005825822427141247
942.0 0.0004585127953760093
943.0 0.0003344433025631588
944.0 0.0004900432486465434
945.0 0.0006456431492551928
946.0 0.0008023172085813712
947.0 0.0009589913133822847
948.0 0.0008247487130574882
949.0 0.0006905061582074268
950.0 0.0006742721325281309
951.0 0.0006580379704246297
952.0 0.0005969889571133535
953.0 0.0005359399892768124
954.0 0.000563866979064187
955.0 0.0005917940598010318
956.0 0.0006366639809129992
957.0 0.0006815340384491719
958.0 0.0006682990260742372
959.0 0.0006550639682245674
960.0 0.0006224155185918789
961.0 0.0005897671144339256
962.0 0.0006167139872559346
963.0 0.0006436607691284735
964.0 0.0006369269158312818
965.0 0.000630193017059355
966.0 0.0005911574135097908
967.0 0.0005521217190107564
968.0 0.0005924085144215496
969.0 0.0006326953098323429
970.0 0.0006232104169612285
971.0 0.000613725478615379
972.0 0.0006558972017955966
973.0 0.0006980690614000196
974.0 0.0007367642865574453
975.0 0.000775459466240136
976.0 0.0008250151040556375
977.0 0.000874570741871139
978.0 0.0009050868357007857
979.0 0.0009356028385809623
980.0 0.0009137659617408644
981.0 0.0008919291758502368
982.0 0.0011480020475573838
983.0 0.0014040751011634711
984.0 0.001466209414502373
985.0 0.0015283440006896853
986.0 0.0015015853932709433
987.0 0.0014748269677511416
988.0 0.001466458707000129
989.0 0.0014580901734007057
990.0 0.0015947058273013681
991.0 0.0017313210264546797
992.0 0.0017609219867154025
993.0 0.0017905227650771849
994.0 0.0017905056665767916
995.0 0.0017904883861774579
996.0 0.0017269307136302814
997.0 0.0016633732229820453
998.0 0.00166842346516205
999.0 0.0016734737073420547
1000.0 0.00155760226334678
1001.0 0.0014417307284020353
1002.0 0.0014114527402853128
1003.0 0.0013811747521685902
1004.0 0.0014040036148799118
1005.0 0.0014268325685407035
1006.0 0.001456715563108446
1007.0 0.0014865986486256588
1008.0 0.0013747353477810975
1009.0 0.0012628721378860064
1010.0 0.001279943262488814
1011.0 0.0012970143870916218
1012.0 0.0011848146641568746
1013.0 0.0010726147593231872
1014.0 0.001246558895218186
1015.0 0.0014205033039615955
1016.0 0.0016272711945930496
1017.0 0.0018340393580729142
1018.0 0.0019688897737069055
1019.0 0.0021037400074419565
1020.0 0.002194304033764638
1021.0 0.0022848680600873195
1022.0 0.0024469925847370178
1023.0 0.0026091169274877757
1024.0 0.0028280681362957694
1025.0 0.0030470191632048227
1026.0 0.003166401802445762
1027.0 0.0032857846235856414
1028.0 0.003455551268416457
1029.0 0.0036253175494493917
1030.0 0.003818371260422282
1031.0 0.004011425335193053
1032.0 0.004217239620629698
1033.0 0.004423054269864224
1034.0 0.004509878635872155
1035.0 0.004596702638082206
1036.0 0.004656402961700223
1037.0 0.00471610292152036
1038.0 0.004870447446592152
1039.0 0.005024791971663944
1040.0 0.005050387699157
1041.0 0.005075983426650055
1042.0 0.005315415910445154
1043.0 0.005554848758038133
1044.0 0.00588549992244225
1045.0 0.006216150359250605
1046.0 0.006404188025044277
1047.0 0.0065922256908379495
1048.0 0.007052270666463301
1049.0 0.00751231491449289
1050.0 0.008194716065190732
1051.0 0.008877116488292813
1052.0 0.01021299758576788
1053.0 0.011548880866030231
1054.0 0.013169561862014234
1055.0 0.014790243585593998
1056.0 0.01746612833812833
1057.0 0.020142013090662658
1058.0 0.024410034529864788
1059.0 0.028678058879449964
1060.0 0.03463558678049594
1061.0 0.04059311468154192
1062.0 0.04859933105763048
1063.0 0.05660554743371904
1064.0 0.0658250239212066
1065.0 0.07504450622946024
1066.0 0.0848013092763722
1067.0 0.09455812978558242
1068.0 0.10397365549579263
1069.0 0.11338921030983329
1070.0 0.12221416691318154
1071.0 0.13103913515806198
1072.0 0.1413692138157785
1073.0 0.15169928083196282
1074.0 0.16169361770153046
1075.0 0.1716879545710981
1076.0 0.181575957685709
1077.0 0.19146393751725554
1078.0 0.20038350485265255
1079.0 0.20930306054651737
1080.0 0.21882920991629362
1081.0 0.22835535928606987
1082.0 0.23786264937371016
1083.0 0.24736998602747917
1084.0 0.26077390648424625
1085.0 0.2741778502240777
1086.0 0.29375182930380106
1087.0 0.3133258083835244
1088.0 0.34703921992331743
1089.0 0.3807525848969817
1090.0 0.42603625915944576
1091.0 0.4713198635727167
1092.0 0.5230188835412264
1093.0 0.5747179500758648
1094.0 0.6583436392247677
1095.0 0.7419692352414131
1096.0 0.8404286578297615
1097.0 0.938887894153595
1098.0 0.9957402944564819
1099.0 1.0525927878916264
1100.0 1.1378783732652664
1101.0 1.223164051771164
