lsstCam/transmission_filter_detector/r42_s20/g_6/19700101T000000.ecsv
# %ECSV 1.0
# ---
# datatype:
# - {name: wavelength, unit: nm, datatype: float32}
# - {name: efficiency, unit: '%', datatype: float64}
# meta: !!omap
# - {MODE: DETECTOR}
# - {TYPE: transmission_filter_detector}
# - {CALIBDATE: '1970-01-01T00:00:00'}
# - {INSTRUME: LSSTCam}
# - {OBSTYPE: transmission_filter_detector}
# - {CALIBCLS: lsst.ip.isr.IntermediateFilterDetectorTransmissionCurve}
# - {SOURCE: Materion (DM-46256)}
# - {DETECTOR: 177}
# - {FILTER: g_6}
# - {CALIB_ID: 'calibDate=1970-01-01T00:00:00 filter=g_6 detector=177'}
# - {DATE: '2025-04-02T15:59:42.847996'}
# - {CALIB_CREATION_DATE: '2025-04-02'}
# - {CALIB_CREATION_TIME: '15:59:42'}
# - __serialized_columns__:
#     efficiency:
#       __class__: astropy.units.quantity.Quantity
#       unit: !astropy.units.Unit {unit: '%'}
#       value: !astropy.table.SerializedColumn {name: efficiency}
#     wavelength:
#       __class__: astropy.units.quantity.Quantity
#       unit: !astropy.units.Unit {unit: nm}
#       value: !astropy.table.SerializedColumn {name: wavelength}
# schema: astropy-2.0
wavelength efficiency
300.0 0.3449979703873396
301.0 0.29308705125004053
302.0 0.2411761088296771
303.0 0.23185003083199263
304.0 0.2225239761173725
305.0 0.22314535453915596
306.0 0.22376675624400377
307.0 0.2135882619768381
308.0 0.20340976770967245
309.0 0.1957930624485016
310.0 0.18817634554579854
311.0 0.18805257277563214
312.0 0.18792881164699793
313.0 0.1883999677374959
314.0 0.18887113546952605
315.0 0.1809483510442078
316.0 0.1730255549773574
317.0 0.17359922640025616
318.0 0.17417288618162274
319.0 0.15705123078078032
320.0 0.13992954045534134
321.0 0.13209324097260833
322.0 0.12425694148987532
323.0 0.109608203638345
324.0 0.09495947160758078
325.0 0.08565377211198211
326.0 0.07634808425791562
327.0 0.07099630893208086
328.0 0.0656445394270122
329.0 0.05972754443064332
330.0 0.053810549434274435
331.0 0.050413631834089756
332.0 0.04701672005467117
333.0 0.044686562614515424
334.0 0.042356402263976634
335.0 0.040627046837471426
336.0 0.03889769141096622
337.0 0.03907314094249159
338.0 0.039248596294783056
339.0 0.03900205192621797
340.0 0.03875550755765289
341.0 0.036734307650476694
342.0 0.03471311065368354
343.0 0.03140511689707637
344.0 0.028097123140469193
345.0 0.02516061649657786
346.0 0.022224101121537387
347.0 0.02042492851614952
348.0 0.01862575300037861
349.0 0.01692894729785621
350.0 0.4654815886169672
351.0 0.9204134345054626
352.0 0.3604030469432473
353.0 0.7014867383986712
354.0 0.25604404509067535
355.0 0.7426555268466473
356.0 0.19704438745975494
357.0 0.8857316337525845
358.0 0.2724511083215475
359.0 0.9013517759740353
360.0 0.38095605559647083
361.0 0.7605771999806166
362.0 0.24293467868119478
363.0 0.5534342955797911
364.0 0.3208351321518421
365.0 0.784673448652029
366.0 0.24992905091494322
367.0 0.7009522058069706
368.0 0.2852346282452345
369.0 0.686317216604948
370.0 0.18455367535352707
371.0 0.5509506445378065
372.0 0.26688475627452135
373.0 0.5542387720197439
374.0 0.24599817115813494
375.0 0.5473287776112556
376.0 0.20864680409431458
377.0 0.6052211858332157
378.0 0.19269805634394288
379.0 0.5770915187895298
380.0 0.21975680720061064
381.0 0.5226719193160534
382.0 0.5091969855129719
383.0 0.5764981266111135
384.0 0.48395260237157345
385.0 0.5092296283692122
386.0 0.6454077083617449
387.0 0.7453253027051687
388.0 0.924554280936718
389.0 1.2639163061976433
390.0 1.869186945259571
391.0 3.0108127743005753
392.0 4.676223173737526
393.0 7.437284290790558
394.0 11.23860776424408
395.0 16.168877482414246
396.0 22.363989055156708
397.0 29.962381720542908
398.0 38.856035470962524
399.0 48.34662675857544
400.0 57.76757001876831
401.0 66.58459305763245
402.0 74.52210783958435
403.0 81.01755976676941
404.0 85.59917211532593
405.0 88.95437121391296
406.0 90.88622331619263
407.0 92.37661361694336
408.0 93.17688345909119
409.0 93.55172514915466
410.0 93.61332654953003
411.0 93.43820214271545
412.0 93.1086778640747
413.0 92.88255572319031
414.0 92.77234077453613
415.0 93.02154779434204
416.0 93.37892532348633
417.0 93.71207356452942
418.0 94.20032501220703
419.0 94.81170773506165
420.0 95.30286192893982
421.0 95.851731300354
422.0 95.92394828796387
423.0 96.10142707824707
424.0 95.89444994926453
425.0 95.81676721572876
426.0 95.77820301055908
427.0 95.74303030967712
428.0 95.61309218406677
429.0 95.37317156791687
430.0 95.32626867294312
431.0 95.41095495223999
432.0 95.4829216003418
433.0 95.58069705963135
434.0 95.66597938537598
435.0 95.7679808139801
436.0 95.82337141036987
437.0 95.74300050735474
438.0 95.88421583175659
439.0 95.93340754508972
440.0 95.99164724349976
441.0 96.08128070831299
442.0 96.01531624794006
443.0 95.9742546081543
444.0 95.88091373443604
445.0 95.54985165596008
446.0 95.46710252761841
447.0 95.28964161872864
448.0 95.37513852119446
449.0 95.5769419670105
450.0 95.77285647392273
451.0 96.01243734359741
452.0 96.29059433937073
453.0 96.3704526424408
454.0 96.4241087436676
455.0 96.68154716491699
456.0 96.78675532341003
457.0 96.88109159469604
458.0 96.9233512878418
459.0 96.93428874015808
460.0 96.95179462432861
461.0 97.03267216682434
462.0 96.92436456680298
463.0 96.84606194496155
464.0 96.90365195274353
465.0 96.83760404586792
466.0 96.79780602455139
467.0 96.84968590736389
468.0 96.86405062675476
469.0 96.88639640808105
470.0 96.74437642097473
471.0 96.62766456604004
472.0 96.66928052902222
473.0 96.54771685600281
474.0 96.44094705581665
475.0 96.55413031578064
476.0 96.5858519077301
477.0 96.67887091636658
478.0 96.78832292556763
479.0 96.7616856098175
480.0 96.96456789970398
481.0 97.02706336975098
482.0 97.23495244979858
483.0 97.10423946380615
484.0 97.31446504592896
485.0 97.34015464782715
486.0 97.3926842212677
487.0 97.40827679634094
488.0 97.40955233573914
489.0 97.51185774803162
490.0 97.50359654426575
491.0 97.53960371017456
492.0 97.45962619781494
493.0 97.51676917076111
494.0 97.42395281791687
495.0 97.5263774394989
496.0 97.37832546234131
497.0 97.28267192840576
498.0 97.06330895423889
499.0 97.13606238365173
500.0 97.0825731754303
501.0 97.03041911125183
502.0 97.01117873191833
503.0 97.15917110443115
504.0 97.01361656188965
505.0 96.9754695892334
506.0 97.01598882675171
507.0 96.95068597793579
508.0 96.96535468101501
509.0 97.01249599456787
510.0 96.924889087677
511.0 96.89610004425049
512.0 96.80616855621338
513.0 96.89460396766663
514.0 96.85537219047546
515.0 96.92860245704651
516.0 97.01472520828247
517.0 97.05705642700195
518.0 97.12076783180237
519.0 97.10487723350525
520.0 97.15773463249207
521.0 97.21421003341675
522.0 97.18373417854309
523.0 97.15948700904846
524.0 97.15508818626404
525.0 97.14202284812927
526.0 97.26203680038452
527.0 97.22961783409119
528.0 97.25444912910461
529.0 97.37384915351868
530.0 97.37995862960815
531.0 97.49305844306946
532.0 97.35099077224731
533.0 97.31244444847107
534.0 97.32107520103455
535.0 97.07096219062805
536.0 96.61988019943237
537.0 95.98183631896973
538.0 95.03920078277588
539.0 93.40797662734985
540.0 91.43133759498596
541.0 88.54873180389404
542.0 85.51154136657715
543.0 81.57404065132141
544.0 76.7060935497284
545.0 72.38630056381226
546.0 67.33547449111938
547.0 62.89448142051697
548.0 58.54631066322327
549.0 54.82833385467529
550.0 51.975542306900024
551.0 49.22941029071808
552.0 47.005197405815125
553.0 44.48583424091339
554.0 41.3770467042923
555.0 37.81985640525818
556.0 33.1208199262619
557.0 27.823328971862793
558.0 22.232159972190857
559.0 16.948623955249786
560.0 12.105508148670197
561.0 7.864255458116531
562.0 4.822089895606041
563.0 2.704482153058052
564.0 1.4349659904837608
565.0 0.5856277886778116
566.0 0.3634192515164614
567.0 0.17372163711115718
568.0 0.12835500529035926
569.0 0.066908955341205
570.0 0.05848337314091623
571.0 0.03237225755583495
572.0 0.04639775143004954
573.0 0.02537523687351495
574.0 0.03208596899639815
575.0 0.012666774273384362
576.0 0.023278032313100994
577.0 0.009269514703191817
578.0 0.01817710872273892
579.0 0.011520215775817633
580.0 0.025823773466981947
581.0 0.012995880388189107
582.0 0.019042754138354212
583.0 0.012545070785563439
584.0 0.01686230825725943
585.0 0.00680616867612116
586.0 0.021108222426846623
587.0 0.01022757714963518
588.0 0.01902635267470032
589.0 0.006686022970825434
590.0 0.01615820365259424
591.0 0.006732432666467503
592.0 0.008865416748449206
593.0 0.004754214387503453
594.0 0.011365846876287833
595.0 0.00531351070094388
596.0 0.0027731983209378086
597.0 0.007140143861761317
598.0 0.015615997835993767
599.0 0.003884928082698025
600.0 0.005965273885522038
601.0 0.0019685379811562598
602.0 0.0020322271666373126
603.0 0.0020959163521183655
604.0 0.0020745534129673615
605.0 0.0020531904738163576
606.0 0.0019502625946188346
607.0 0.0018473347154213116
608.0 0.0018072194507112727
609.0 0.0017671040041022934
610.0 0.0018144795831176452
611.0 0.0018618553440319374
612.0 0.0018406872186460532
613.0 0.0018195194570580497
614.0 0.0017579863197170198
615.0 0.0016964533642749302
616.0 0.0017032352843671106
617.0 0.001710017204459291
618.0 0.0015368445019703358
619.0 0.0013636714356835
620.0 0.0013581247003457975
621.0 0.0013525777831091546
622.0 0.0014268150152929593
623.0 0.0015010524293757044
624.0 0.0013648863387061283
625.0 0.0012287203389860224
626.0 0.0012740785678033717
627.0 0.0013194369785196614
628.0 0.0013131915693520568
629.0 0.0013069463420833927
630.0 0.0012651869838009588
631.0 0.0012234274436195847
632.0 0.0012917957974423189
633.0 0.001360164151265053
634.0 0.0012709280781564303
635.0 0.0011816920959972776
636.0 0.0011067740160797257
637.0 0.001031856118061114
638.0 0.0009944835255737416
639.0 0.0009571109330863692
640.0 0.0010905167982855346
641.0 0.0012239229363331106
642.0 0.0011770298442570493
643.0 0.0011301370250293985
644.0 0.0011013033144990914
645.0 0.0010724698768171947
646.0 0.0011028218978026416
647.0 0.0011331739187880885
648.0 0.0011303438441245817
649.0 0.0011275137694610748
650.0 0.001072019040293526
651.0 0.0010165244020754471
652.0 0.0011185136827407405
653.0 0.0012205029634060338
654.0 0.001032937416312052
655.0 0.0008453715963696595
656.0 0.0009028868589666672
657.0 0.0009604023944120854
658.0 0.0010120302249561064
659.0 0.0010636579645506572
660.0 0.0010464493243489414
661.0 0.0010292407750966959
662.0 0.0010536135960137472
663.0 0.001077986689779209
664.0 0.0010051402568933554
665.0 0.0009322934602096211
666.0 0.0009004122148326132
667.0 0.0008685310604050756
668.0 0.0009145306648861151
669.0 0.0009605303603166249
670.0 0.0010323504284315277
671.0 0.0011041704055969603
672.0 0.0011564820852072444
673.0 0.001208794037665939
674.0 0.0010826347534020897
675.0 0.0009564755600877106
676.0 0.0009502329703536816
677.0 0.0009439902896701824
678.0 0.0009674657121649943
679.0 0.000990940952760866
680.0 0.0010098740858666133
681.0 0.001028807309921831
682.0 0.0009870467692962848
683.0 0.000945286410569679
684.0 0.0009270648661185987
685.0 0.0009088433216675185
686.0 0.0009202508408634458
687.0 0.0009316585419583134
688.0 0.0009080536983674392
689.0 0.0008844485819281545
690.0 0.0008881062058208045
691.0 0.0008917638297134545
692.0 0.0008678067388245836
693.0 0.0008438495569862425
694.0 0.000916888802748872
695.0 0.0009899279575620312
696.0 0.0009750545359565876
697.0 0.0009601810234016739
698.0 0.0009921428500092588
699.0 0.0010241046766168438
700.0 0.0010603871487546712
701.0 0.0010966696208924986
702.0 0.0010390827810624614
703.0 0.0009814960321818944
704.0 0.001017107570078224
705.0 0.0010527191989240237
706.0 0.0010073268640553579
707.0 0.0009619346201361623
708.0 0.0010352061508456245
709.0 0.001108477863454027
710.0 0.001022524247673573
711.0 0.0009365706318931188
712.0 0.0010029772056441288
713.0 0.001069383870344609
714.0 0.0011349073247401975
715.0 0.0012004306881863158
716.0 0.0012882643204648048
717.0 0.0013760979527432937
718.0 0.0013778796528640669
719.0 0.0013796612620353699
720.0 0.0011016485586878844
721.0 0.0008236356734414585
722.0 0.0009427690201846417
723.0 0.001061902366927825
724.0 0.001167234677268425
725.0 0.001272566987609025
726.0 0.001312130279984558
727.0 0.0013516933904611506
728.0 0.0014655801351182163
729.0 0.001579466879775282
730.0 0.0016760310245444998
731.0 0.001772595351212658
732.0 0.0016623253031866625
733.0 0.001552055255160667
734.0 0.001539227923785802
735.0 0.0015264009562088177
736.0 0.0014120198102318682
737.0 0.0012976386642549187
738.0 0.0012434469681465998
739.0 0.0011892554539372213
740.0 0.0012533512744994368
741.0 0.0013174470950616524
742.0 0.0013251393284008373
743.0 0.0013328316526894923
744.0 0.0011864731277455576
745.0 0.0010401146028016228
746.0 0.0009881353435048368
747.0 0.0009361560842080507
748.0 0.0008984005035017617
749.0 0.000860645104694413
750.0 0.0008882394467946142
751.0 0.0009158336979453452
752.0 0.0008769487067183945
753.0 0.0008380636245419737
754.0 0.0007798807928338647
755.0 0.000721698143024696
756.0 0.0006887415565870469
757.0 0.0006557849246746628
758.0 0.0007127162461983971
759.0 0.0007696477041463368
760.0 0.000639830523141427
761.0 0.0005100133876112523
762.0 0.0005057625457993709
763.0 0.0005015115675632842
764.0 0.0005318348939908901
765.0 0.0005621581294690259
766.0 0.0005279300694382982
767.0 0.0004937020548823057
768.0 0.000474540502182208
769.0 0.00045537894948211033
770.0 0.0006173164820211241
771.0 0.0007792539690854028
772.0 0.0007147682936192723
773.0 0.0006502826636278769
774.0 0.0005746886472479673
775.0 0.0004990947218175279
776.0 0.0005293624326441204
777.0 0.000559630188945448
778.0 0.0005974009582132567
779.0 0.0006351717274810653
780.0 0.000695180096954573
781.0 0.0007551884209533455
782.0 0.0007391040981019614
783.0 0.0007230197752505774
784.0 0.0006100799510022625
785.0 0.0004971401722286828
786.0 0.0005221686478762422
787.0 0.0005471971689985367
788.0 0.0004662916580855381
789.0 0.0003853861016978044
790.0 0.0002936475539172534
791.0 0.00020190898339933483
792.0 0.00025417145934625296
793.0 0.00030643395803053863
794.0 0.00028681404273811495
795.0 0.00026719412744569127
796.0 0.000325292444358638
797.0 0.0003833907157968497
798.0 0.00034337551824137336
799.0 0.00030336027521116193
800.0 0.00028276542707317276
801.0 0.00026217055619781604
802.0 0.00025170793378492817
803.0 0.0002412453113720403
804.0 0.00033855756100820145
805.0 0.00043586978790699504
806.0 0.00033086296298279194
807.0 0.00022585613805858884
808.0 0.00031316819786297856
809.0 0.0004004802121926332
810.0 0.0003158186473228852
811.0 0.00023115708245313726
812.0 0.00022260946934693493
813.0 0.0002140618107659975
814.0 0.0004071778221259592
815.0 0.0006002938334859209
816.0 0.00048638280532031786
817.0 0.0003724717771547148
818.0 0.00040496793189959135
819.0 0.000437464132119203
820.0 0.00044193097892275546
821.0 0.000446397871201043
822.0 0.00040840973269951064
823.0 0.00037042159419797827
824.0 0.00027590915578912245
825.0 0.0001813966946428991
826.0 0.000275626007351093
827.0 0.00036985529732191935
828.0 0.0004412018370203441
829.0 0.0005125484221935039
830.0 0.0005300587872625329
831.0 0.0005475691523315618
832.0 0.0005206222340348177
833.0 0.0004936754066875437
834.0 0.000491620494358358
835.0 0.0004895657184533775
836.0 0.0004248287950758822
837.0 0.0003600919399104896
838.0 0.0003663377583507099
839.0 0.0003725835540535627
840.0 0.00040479608287569135
841.0 0.0004370086571725551
842.0 0.00048220895223494153
843.0 0.0005274091563478578
844.0 0.00040471595639246516
845.0 0.0002820227791744401
846.0 0.0003804383140959544
847.0 0.0004788537808053661
848.0 0.0004716566763818264
849.0 0.0004644594810088165
850.0 0.00044786211219616234
851.0 0.00043126483433297835
852.0 0.00036062572235096013
853.0 0.000289986655843677
854.0 0.0003030447714991169
855.0 0.00031610300084139453
856.0 0.00034314939512114506
857.0 0.0003701958576129982
858.0 0.0003136684426863212
859.0 0.0002571410277596442
860.0 0.00027352857614459936
861.0 0.0002899160790548194
862.0 0.00030852593226882163
863.0 0.0003271357627454563
864.0 0.0002772530024230946
865.0 0.0002273702648381004
866.0 0.00020890888663416263
867.0 0.00019044749706154107
868.0 0.0002798806008286192
869.0 0.0003693136932270136
870.0 0.0003179945451847743
871.0 0.0002666753516678
872.0 0.00030811856959189754
873.0 0.00034956181025336264
874.0 0.0003085108801315073
875.0 0.0002674599272722844
876.0 0.00024992409635160584
877.0 0.00023238826543092728
878.0 0.0002832643303918303
879.0 0.0003341403953527333
880.0 0.00042854517232626677
881.0 0.0005229498128755949
882.0 0.0005247075478109764
883.0 0.0005264651008474175
884.0 0.0004884864210907836
885.0 0.0004505077413341496
886.0 0.00044076882659283
887.0 0.0004310299118515104
888.0 0.0005449742275231984
889.0 0.0006589184977201512
890.0 0.0006228714482858777
891.0 0.0005868243988516042
892.0 0.0005121223239257233
893.0 0.00043742015805037227
894.0 0.00045144838622945827
895.0 0.00046547661440854426
896.0 0.0004935074684908614
897.0 0.0005215383225731784
898.0 0.0004322945187595906
899.0 0.00034305073768337024
900.0 0.00036484389056568034
901.0 0.0003866370207106229
902.0 0.00033010696824931074
903.0 0.0002735769840001012
904.0 0.00038378943827410694
905.0 0.0004940018698107451
