lsstCam/transmission_filter_detector/r10_s20/y_10/19700101T000000.ecsv
# %ECSV 1.0
# ---
# datatype:
# - {name: wavelength, unit: nm, datatype: float32}
# - {name: efficiency, unit: '%', datatype: float64}
# meta: !!omap
# - {MODE: DETECTOR}
# - {TYPE: transmission_filter_detector}
# - {CALIBDATE: '1970-01-01T00:00:00'}
# - {INSTRUME: LSSTCam}
# - {OBSTYPE: transmission_filter_detector}
# - {CALIBCLS: lsst.ip.isr.IntermediateFilterDetectorTransmissionCurve}
# - {SOURCE: Materion (DM-46256)}
# - {DETECTOR: 33}
# - {FILTER: y_10}
# - {CALIB_ID: 'calibDate=1970-01-01T00:00:00 filter=y_10 detector=33'}
# - {DATE: '2025-04-02T15:59:50.895199'}
# - {CALIB_CREATION_DATE: '2025-04-02'}
# - {CALIB_CREATION_TIME: '15:59:50'}
# - __serialized_columns__:
#     efficiency:
#       __class__: astropy.units.quantity.Quantity
#       unit: !astropy.units.Unit {unit: '%'}
#       value: !astropy.table.SerializedColumn {name: efficiency}
#     wavelength:
#       __class__: astropy.units.quantity.Quantity
#       unit: !astropy.units.Unit {unit: nm}
#       value: !astropy.table.SerializedColumn {name: wavelength}
# schema: astropy-2.0
wavelength efficiency
[from data line 577]
877.0 0.002151591434085276
878.0 0.0009640932148613501
879.0 0.0017898233636515215
880.0 0.05809332360513508
881.0 0.08003826369531453
882.0 0.062297662952914834
883.0 0.09268441353924572
884.0 0.06822884897701442
885.0 0.08744192309677601
886.0 0.07780396845191717
887.0 0.10040280176326632
888.0 0.07130554877221584
889.0 0.10389079106971622
890.0 0.07134712068364024
891.0 0.10325469775125384
892.0 0.06689924630336463
893.0 0.10511418804526329
894.0 0.06915275007486343
895.0 0.10226396843791008
896.0 0.07840526523068547
897.0 0.10800991440191865
898.0 0.06446095649152994
899.0 0.12194373412057757
900.0 0.08014941122382879
901.0 0.11421466479077935
902.0 0.12982957996428013
903.0 0.1475173979997635
904.0 0.1533874892629683
905.0 0.15149416867643595
906.0 0.19672357011586428
907.0 0.2182004740461707
908.0 0.2578676911070943
909.0 0.33618854358792305
910.0 0.43829670175909996
911.0 0.5617440212517977
912.0 0.8115152828395367
913.0 1.1904518119990826
914.0 1.6805516555905342
915.0 2.4585815146565437
916.0 3.5449419170618057
917.0 4.854549095034599
918.0 6.509821116924286
919.0 8.247783780097961
920.0 10.788515955209732
921.0 13.552111387252808
922.0 16.246198117733
923.0 19.30859535932541
924.0 22.591134905815125
925.0 26.165524125099182
926.0 30.711567401885986
927.0 35.88472306728363
928.0 40.83472192287445
929.0 46.48686349391937
930.0 52.07265019416809
931.0 58.04457664489746
932.0 64.23211693763733
933.0 70.33199071884155
934.0 75.52546262741089
935.0 79.8983097076416
936.0 83.96511673927307
937.0 87.25975155830383
938.0 89.89599943161011
939.0 91.81399345397949
940.0 93.11188459396362
941.0 93.94968152046204
942.0 94.60082054138184
943.0 94.97020840644836
944.0 95.55466771125793
945.0 95.77831029891968
946.0 96.19233012199402
947.0 96.41299247741699
948.0 96.76216244697571
949.0 96.8544065952301
950.0 96.95509672164917
951.0 97.00179100036621
952.0 96.94356918334961
953.0 97.094064950943
954.0 97.08791971206665
955.0 97.01576232910156
956.0 97.20321297645569
957.0 97.30280041694641
958.0 97.48959541320801
959.0 97.58336544036865
960.0 97.77004718780518
961.0 97.9421079158783
962.0 98.06405305862427
963.0 98.20077419281006
964.0 98.35901856422424
965.0 98.46851229667664
966.0 98.54682683944702
967.0 98.70754480361938
968.0 98.68135452270508
969.0 98.70586395263672
970.0 98.76421689987183
971.0 98.7721860408783
972.0 98.84716868400574
973.0 98.90002012252808
974.0 98.89777898788452
975.0 98.86482357978821
976.0 98.9241361618042
977.0 98.91089200973511
978.0 98.9703118801117
979.0 98.96361827850342
980.0 98.94022941589355
981.0 98.87621402740479
982.0 98.86736273765564
983.0 98.90854954719543
984.0 98.88646006584167
985.0 98.91184568405151
986.0 98.7864077091217
987.0 98.83725047111511
988.0 98.70395064353943
989.0 98.686683177948
990.0 98.60948920249939
991.0 98.59309196472168
992.0 98.6165702342987
993.0 98.55789542198181
994.0 98.48323464393616
995.0 98.47942590713501
996.0 98.44105243682861
997.0 98.53702187538147
998.0 98.56670498847961
999.0 98.58886003494263
1000.0 98.62027168273926
1001.0 98.62396121025085
1002.0 98.7622857093811
1003.0 98.80292415618896
1004.0 98.88015985488892
1005.0 98.84957671165466
1006.0 99.02451038360596
1007.0 99.00495409965515
1008.0 99.0039050579071
1009.0 98.97516965866089
1010.0 99.07072186470032
1011.0 99.03834462165833
1012.0 98.97088408470154
1013.0 99.0077257156372
1014.0 98.96339178085327
1015.0 98.91279339790344
1016.0 98.87468218803406
1017.0 98.88511896133423
1018.0 98.94525408744812
1019.0 98.81203174591064
1020.0 98.85724186897278
1021.0 98.97515177726746
1022.0 98.83994460105896
1023.0 98.80973696708679
1024.0 98.83264303207397
1025.0 98.80470037460327
1026.0 98.80391955375671
1027.0 98.95427227020264
1028.0 98.86007308959961
1029.0 98.96388649940491
1030.0 98.95361065864563
1031.0 98.95405173301697
1032.0 98.97722005844116
1033.0 98.96950721740723
1034.0 99.03241991996765
1035.0 99.03610348701477
1036.0 98.98579716682434
1037.0 99.04401898384094
1038.0 98.97848963737488
1039.0 98.85919690132141
1040.0 98.81574511528015
1041.0 98.96612167358398
1042.0 98.89450669288635
1043.0 98.8658607006073
1044.0 98.91161322593689
1045.0 98.61090779304504
1046.0 98.80465865135193
1047.0 98.7066924571991
1048.0 98.7292230129242
1049.0 98.65836501121521
1050.0 98.57454299926758
1051.0 98.56035709381104
1052.0 98.60473275184631
1053.0 98.41856360435486
1054.0 98.61047863960266
1055.0 98.75191450119019
1056.0 98.59048128128052
1057.0 98.62773418426514
1058.0 98.50342869758606
1059.0 98.58417510986328
1060.0 98.73484969139099
1061.0 98.60540628433228
1062.0 98.6629843711853
1063.0 98.63266348838806
1064.0 98.92070293426514
1065.0 98.66921305656433
1066.0 98.6750066280365
1067.0 98.87468814849854
1068.0 98.74728918075562
1069.0 98.57763051986694
1070.0 99.02320504188538
1071.0 98.84485006332397
1072.0 98.87917637825012
1073.0 99.04338121414185
1074.0 98.67886900901794
1075.0 98.75638484954834
1076.0 98.34668040275574
1077.0 98.8693356513977
1078.0 98.87863397598267
1079.0 98.52553009986877
1080.0 99.27939176559448
1081.0 98.52266907691956
1082.0 98.63970875740051
1083.0 98.37230443954468
1084.0 98.83297085762024
1085.0 98.87461066246033
1086.0 98.43379259109497
1087.0 98.54530096054077
1088.0 98.41418266296387
1089.0 98.34399223327637
1090.0 98.28184247016907
1091.0 98.50926995277405
1092.0 98.62657189369202
1093.0 98.40669631958008
1094.0 98.14240336418152
1095.0 98.34044575691223
1096.0 98.42666983604431
1097.0 98.4887182712555
1098.0 97.60206937789917
1099.0 98.34353923797607
1100.0 98.29506874084473
