lsstCam/transmission_filter_detector/r10_s20/y_10/19700101T000000.ecsv
# %ECSV 1.0
# ---
# datatype:
# - {name: wavelength, unit: nm, datatype: float32}
# - {name: efficiency, unit: '%', datatype: float64}
# meta: !!omap
# - {MODE: DETECTOR}
# - {TYPE: transmission_filter_detector}
# - {CALIBDATE: '1970-01-01T00:00:00'}
# - {INSTRUME: LSSTCam}
# - {OBSTYPE: transmission_filter_detector}
# - {CALIBCLS: lsst.ip.isr.IntermediateFilterDetectorTransmissionCurve}
# - {SOURCE: Materion (DM-46256)}
# - {DETECTOR: 33}
# - {FILTER: y_10}
# - {CALIB_ID: 'calibDate=1970-01-01T00:00:00 filter=y_10 detector=33'}
# - {DATE: '2025-04-02T15:59:50.895199'}
# - {CALIB_CREATION_DATE: '2025-04-02'}
# - {CALIB_CREATION_TIME: '15:59:50'}
# - __serialized_columns__:
#     efficiency:
#       __class__: astropy.units.quantity.Quantity
#       unit: !astropy.units.Unit {unit: '%'}
#       value: !astropy.table.SerializedColumn {name: efficiency}
#     wavelength:
#       __class__: astropy.units.quantity.Quantity
#       unit: !astropy.units.Unit {unit: nm}
#       value: !astropy.table.SerializedColumn {name: wavelength}
# schema: astropy-2.0
wavelength efficiency
300.0 0.5241984035819769
301.0 0.2828961005434394
302.0 0.04159378295298666
303.0 0.035089722950942814
304.0 0.028585665859282017
305.0 0.019556854385882616
306.0 0.010528036364121363
307.0 0.01746825728332624
308.0 0.024408474564552307
309.0 0.015686647384427488
310.0 0.006964819476706907
311.0 0.006290930468821898
312.0 0.005617039278149605
313.0 0.007145966810639948
314.0 0.008674893615534529
315.0 0.007662043935852125
316.0 0.006649196438957006
317.0 0.006210424180608243
318.0 0.005771648648078553
319.0 0.0030582228646380827
320.0 0.0003447958533797646
321.0 0.0022426796931540594
322.0 0.0041405637603020296
323.0 0.0030552237149095163
324.0 0.001969883669517003
325.0 0.000858774728840217
326.0 1.7177703487067375e-10
327.0 0.000741746316634817
328.0 0.0017358270270051435
329.0 0.0033035998058039695
330.0 0.004871372948400676
331.0 0.004097108103451319
332.0 0.003322843258501962
333.0 0.0023349599359789863
334.0 0.0013470759768097196
335.0 0.001988441181310918
336.0 0.002629806476761587
337.0 0.0028907063096994534
338.0 0.003151605778839439
339.0 0.0013793189282296225
340.0 1.7177703487067375e-10
341.0 1.7177703487067375e-10
342.0 1.7177703487067375e-10
343.0 0.00030030153084226185
344.0 0.0008950410119723529
345.0 0.001087136934074806
346.0 0.0012792334928235505
347.0 0.001576383328938391
348.0 0.0018735325284069404
349.0 0.00148303397509153
350.0 0.001092535057978239
351.0 0.0014442371139011811
352.0 0.0017959386241273023
353.0 0.0015298959624487907
354.0 0.0012638531188713387
355.0 0.001308945138589479
356.0 0.0013540370673581492
357.0 0.000998838459054241
358.0 0.0006436396688513923
359.0 0.0008361786967725493
360.0 0.001028717633744236
361.0 0.00137361312226858
362.0 0.0017185084288939834
363.0 0.0013393137123784982
364.0 0.0009601185411156621
365.0 0.0013172838407626841
366.0 0.001674449595157057
367.0 0.0020112043785047717
368.0 0.0023479591618524864
369.0 0.002155430047423579
370.0 0.001962900932994671
371.0 0.0019108558262814768
372.0 0.0018588103557704017
373.0 0.002158542883989867
374.0 0.002458275412209332
375.0 0.0032511696190340444
376.0 0.004044064189656638
377.0 0.00396349023503717
378.0 0.003882916280417703
379.0 0.0035021763324039057
380.0 0.003121436748187989
381.0 0.002128614687535446
382.0 0.0011357926268829033
383.0 0.0011331570931361057
384.0 0.0011305212865408976
385.0 0.0009467878953728359
386.0 0.0007630544132553041
387.0 0.0007886523235356435
388.0 0.0008142503247654531
389.0 0.0006777603630325757
390.0 0.0005412705377239035
391.0 0.0005042268639954273
392.0 0.000467183190266951
393.0 0.0006063524324417813
394.0 0.0007455218110408168
395.0 0.000711292659616447
396.0 0.0006770635536668124
397.0 0.000874455326993484
398.0 0.0010718470548454206
399.0 0.0013038046745350584
400.0 0.001535762203275226
401.0 0.0016612633771728724
402.0 0.0017867647329694591
403.0 0.0017870977899292484
404.0 0.0017874308468890376
405.0 0.001748770046106074
406.0 0.001710109609120991
407.0 0.0014928840755601414
408.0 0.0012756589057971723
409.0 0.0010395439858257305
410.0 0.0008034287930058781
411.0 0.0006819686404924141
412.0 0.0005605086698778905
413.0 0.0009330630746262614
414.0 0.001305617388425162
415.0 0.0018004971934715286
416.0 0.0022953772713663056
417.0 0.0011562425243027974
418.0 1.710762376205821e-05
419.0 1.7177703487067375e-10
420.0 1.7177703487067375e-10
421.0 1.644167184622347e-05
422.0 0.0009699107067717705
423.0 0.0007686672688578255
424.0 0.0005674234671459999
425.0 0.00031101230888452847
426.0 5.4601053989244974e-05
427.0 0.000405824448534986
428.0 0.0007570478373963851
429.0 3.5371010653761914e-05
430.0 1.7177703487067375e-10
431.0 6.189193300087936e-05
432.0 0.0008100898412521929
433.0 0.0006341334028547863
434.0 0.0004581776011036709
435.0 7.224592764032423e-05
436.0 1.7177703487067375e-10
437.0 1.7177703487067375e-10
438.0 0.0001643241034798848
439.0 1.7177703487067375e-10
440.0 1.7177703487067375e-10
441.0 1.7177703487067375e-10
442.0 1.7177703487067375e-10
443.0 1.7177703487067375e-10
444.0 0.00019063727449974976
445.0 0.000430507998316898
446.0 0.0006703786311845761
447.0 0.0006474063411587849
448.0 0.0006244340056582587
449.0 0.0007046804512356175
450.0 0.0007849267603887711
451.0 0.0003067713350901613
452.0 1.7177703487067375e-10
453.0 1.7177703487067375e-10
454.0 0.00012905915127703338
455.0 1.7177703487067375e-10
456.0 1.7177703487067375e-10
457.0 1.7177703487067375e-10
458.0 1.7177703487067375e-10
459.0 0.00010351208175052307
460.0 0.00026826714929484297
461.0 0.0002992679810631671
462.0 0.00033026881283149123
463.0 0.0003942846888094209
464.0 0.0004583006102620857
465.0 0.0003668127646960784
466.0 0.00027532505555427633
467.0 0.0009817731552175246
468.0 0.0016882209820323624
469.0 0.0016169460650417022
470.0 0.0015456704204552807
471.0 0.001572531255078502
472.0 0.0015993917259038426
473.0 0.002152605702576693
474.0 0.0027058196792495437
475.0 0.002723071156651713
476.0 0.0027403228159528226
477.0 0.0030894228984834626
478.0 0.0034385233448119834
479.0 0.0038394322473322973
480.0 0.00424034078605473
481.0 0.004234388325130567
482.0 0.0042284358642064035
483.0 0.003767754969885573
484.0 0.0033070737117668614
485.0 0.003336789086461067
486.0 0.003366504461155273
487.0 0.0028917349482071586
488.0 0.002416964889562223
489.0 0.0021749445295426995
490.0 0.0019329245333210565
491.0 0.0017211146769113839
492.0 0.0015093048205017112
493.0 0.0011436890417826362
494.0 0.0007780735359119717
495.0 0.0010125557309947908
496.0 0.00124703801702708
497.0 0.001792548573575914
498.0 0.002338059312023688
499.0 0.0024005539671634324
500.0 0.0024630486223031767
501.0 0.002386872802162543
502.0 0.002310696982021909
503.0 0.0023784928998793475
504.0 0.0024462886358378455
505.0 0.00299914554489078
506.0 0.003552002817741595
507.0 0.0025868403099593706
508.0 0.0016216770745813847
509.0 0.0019256347513874061
510.0 0.002229592064395547
511.0 0.0020638597561628558
512.0 0.0018981272660312243
513.0 0.0017660408047959208
514.0 0.0016339547073584981
515.0 0.0013917629985371605
516.0 0.001149571380665293
517.0 0.0012711581803159788
518.0 0.001392744616168784
519.0 0.0015212184734991752
520.0 0.0016496920579811558
521.0 0.0018116914361598901
522.0 0.001973690632439684
523.0 0.0016801286619738676
524.0 0.0013865666005585808
525.0 0.001818023156374693
526.0 0.0022494803488370962
527.0 0.0023008804419077933
528.0 0.0023522810806753114
529.0 0.0027693935408024117
530.0 0.0031865052733337507
531.0 0.00285329224425368
532.0 0.002520078851375729
533.0 0.002560094253567513
534.0 0.002600108928163536
535.0 0.002228160883532837
536.0 0.0018562126570031978
537.0 0.002235357169411145
538.0 0.002614501499920152
539.0 0.0032425123208668083
540.0 0.003870522414217703
541.0 0.0041019848140422255
542.0 0.004333446850068867
543.0 0.004487884507398121
544.0 0.004642321800929494
545.0 0.004624816938303411
546.0 0.004607311711879447
547.0 0.003992677011410706
548.0 0.003378041583346203
549.0 0.002949830195575487
550.0 0.00252161844400689
551.0 0.002642388062668033
552.0 0.0027631574994302355
553.0 0.0031660416425438598
554.0 0.003568925239960663
555.0 0.0037635538319591433
556.0 0.003958182787755504
557.0 0.003596114765969105
558.0 0.0032340474717784673
559.0 0.003291614120826125
560.0 0.0033491811336716637
561.0 0.0034107732062693685
562.0 0.0034723649150691926
563.0 0.003302442200947553
564.0 0.003132519486825913
565.0 0.00372797621821519
566.0 0.004323433313402347
567.0 0.004853016434935853
568.0 0.005382599192671478
569.0 0.006164574733702466
570.0 0.006946549547137693
571.0 0.007012166315689683
572.0 0.007077783084241673
573.0 0.007042440120130777
574.0 0.007007097883615643
575.0 0.006641407526331022
576.0 0.006275717169046402
577.0 0.005363252421375364
578.0 0.004450788037502207
579.0 0.005293695357977413
580.0 0.006136603042250499
581.0 0.006985309300944209
582.0 0.007834014832042158
583.0 0.008862659888109192
584.0 0.009891302033793181
585.0 0.010527264385018498
586.0 0.01116322455345653
587.0 0.010793643014039844
588.0 0.010424058564240113
589.0 0.010258406109642237
590.0 0.010092755110235885
591.0 0.009392508218297735
592.0 0.008692261326359585
593.0 0.006950764509383589
594.0 0.005209270602790639
595.0 0.005335866080713458
596.0 0.005462461922434159
597.0 0.006065069101168774
598.0 0.00666767664370127
599.0 0.007739188731648028
600.0 0.008810700819594786
601.0 0.009486565249972045
602.0 0.010162428225157782
603.0 0.010785036283778027
604.0 0.011407645797589794
605.0 0.01124472837545909
606.0 0.011081814591307193
607.0 0.009651988511905074
608.0 0.00822216461529024
609.0 0.006499160372186452
610.0 0.004776157584274188
611.0 0.003982670386903919
612.0 0.003189183189533651
613.0 0.0035938086512032896
614.0 0.003998433385277167
615.0 0.0046555596782127395
616.0 0.0053126866987440735
617.0 0.006661302177235484
618.0 0.008009917655726895
619.0 0.008937394886743277
620.0 0.009864872845355421
621.0 0.010612321784719825
622.0 0.011359768541296944
623.0 0.011494889622554183
624.0 0.011630008521024138
625.0 0.010100218059960753
626.0 0.008570424688514322
627.0 0.00677409625495784
628.0 0.004977766366209835
629.0 0.004131693276576698
630.0 0.003285620186943561
631.0 0.002778892303467728
632.0 0.002272164056194015
633.0 0.002559594577178359
634.0 0.002847025098162703
635.0 0.0031340274290414527
636.0 0.0034210290323244408
637.0 0.0043846146581927314
638.0 0.005348199556465261
639.0 0.005291783963912167
640.0 0.005235368007561192
641.0 0.005548165427171625
642.0 0.005860963210579939
643.0 0.005343568409443833
644.0 0.004826173244509846
645.0 0.00445244149887003
646.0 0.004078709025634453
647.0 0.0033926149626495317
648.0 0.0027065208996646106
649.0 0.002031120857282076
650.0 0.0013557207239500713
651.0 0.0015613457435392775
652.0 0.0017669712178758346
653.0 0.0017338275938527659
654.0 0.0017006839698296972
655.0 0.0017409245629096404
656.0 0.001781165337888524
657.0 0.0015919649740681052
658.0 0.0014027646102476865
659.0 0.0016343878087354824
660.0 0.0018660106434253976
661.0 0.0017927575754583813
662.0 0.0017195043255924247
663.0 0.002523806870158296
664.0 0.003328109596623108
665.0 0.0037177280319156125
666.0 0.004107346831005998
667.0 0.004734508547699079
668.0 0.0053616695367963985
669.0 0.005561042416957207
670.0 0.0057604116591392085
671.0 0.0063663668697699904
672.0 0.006972321716602892
673.0 0.007840785110602155
674.0 0.008709248504601419
675.0 0.008207318023778498
676.0 0.007705389725742862
677.0 0.006196636240929365
678.0 0.004687883119913749
679.0 0.003070570164709352
680.0 0.0014532583918480668
681.0 0.0006369117727444973
682.0 1.7177703487067375e-10
683.0 0.00015883539390415535
684.0 0.0004971057023794856
685.0 0.0003305840209577582
686.0 0.0001640622485865606
687.0 0.00020025768208142836
688.0 0.00023645309283892857
689.0 0.00027713781491911504
690.0 0.0003178225369993015
691.0 0.000353771838490502
692.0 0.0003897211172443349
693.0 0.0004190171239315532
694.0 0.0004483131760935066
695.0 0.0004810374321095878
696.0 0.0005137617790751392
697.0 0.0004361222181614721
698.0 0.0003584825435609673
699.0 0.0003354506134201074
700.0 0.00031241845590557205
701.0 0.00023778104605298722
702.0 0.00016314373851855635
703.0 0.00032835055208124686
704.0 0.0004935573542752536
705.0 0.0004121497113374062
706.0 0.0003307418865006184
707.0 1.7177703487067375e-10
708.0 1.7177703487067375e-10
709.0 1.7177703487067375e-10
710.0 0.00036362209812068613
711.0 0.000527580596099142
712.0 0.0006915390713402303
713.0 0.0004889112005912466
714.0 0.0002862834435291006
715.0 0.00036921344417351065
716.0 0.00045214342208055314
717.0 0.0002956495563921635
718.0 0.00013915577028456028
719.0 0.0001828239078349725
720.0 0.0002264919658045983
721.0 0.00022701094621879747
722.0 0.00022752992663299665
723.0 0.0003487672756818938
724.0 0.0004700045792560559
725.0 0.00047464600356761366
726.0 0.0004792876097781118
727.0 0.00027164246603206266
728.0 6.399760081876593e-05
729.0 0.00031906661206448916
730.0 0.0005741358563682297
731.0 0.0007927096703497227
732.0 0.001011283620755421
733.0 0.0002956446223834064
734.0 1.7177703487067375e-10
735.0 1.7177703487067375e-10
736.0 1.7177703487067375e-10
737.0 0.0003260357516410295
738.0 0.0008431773494521622
739.0 0.000661326384943095
740.0 0.0004794750566361472
741.0 0.0003570894477888942
742.0 0.00023470379346690606
743.0 1.7177703487067375e-10
744.0 1.7177703487067375e-10
745.0 0.00019902408894267865
746.0 0.0006774502253392711
747.0 0.00038344569475157186
748.0 8.944116984821449e-05
749.0 5.4875698651812854e-05
750.0 2.0310191928274435e-05
751.0 6.995448416091676e-05
752.0 0.000119598905712337
753.0 0.0002542991524023819
754.0 0.00038899943319847807
755.0 1.7177703487067375e-10
756.0 1.7177703487067375e-10
757.0 1.7177703487067375e-10
758.0 1.7177703487067375e-10
759.0 0.00015680226397307706
760.0 0.0006486491201940225
761.0 0.00031014694741315907
762.0 1.7177703487067375e-10
763.0 1.7177703487067375e-10
764.0 1.7177703487067375e-10
765.0 8.795925054982945e-05
766.0 0.00026075640562339686
767.0 1.7177703487067375e-10
768.0 1.7177703487067375e-10
769.0 1.7177703487067375e-10
770.0 1.7177703487067375e-10
771.0 1.7177703487067375e-10
772.0 1.7177703487067375e-10
773.0 0.0003138692591164727
774.0 0.0008227407306549139
775.0 0.0004365885615698062
776.0 5.043627879786072e-05
777.0 0.0001550454271637136
778.0 0.00025965459826693404
779.0 0.0003838364136754535
780.0 0.000508018229083973
781.0 0.0006167785613797605
782.0 0.000725538893675548
783.0 0.0005730730208597379
784.0 0.00042060714804392774
785.0 0.00017971777879211004
786.0 1.7177703487067375e-10
787.0 0.0004727357463707449
788.0 0.0010066431968880352
789.0 0.0009697220775706228
790.0 0.0009328010492026806
791.0 0.000737458231014898
792.0 0.0005421152309281752
793.0 0.0005382168183132308
794.0 0.0005343180419004057
795.0 0.000719569743523607
796.0 0.000904821263247868
797.0 0.0004339089628047077
798.0 1.7177703487067375e-10
799.0 0.0004811789494851837
800.0 0.00099936123660882
801.0 0.0005926757239649305
802.0 0.0001859903250078787
803.0 0.0004069472197443247
804.0 0.0006279041372181382
805.0 0.0008605405128037091
806.0 0.0010931767974398099
807.0 0.0006429468157875817
808.0 0.00019271692508482374
809.0 7.247297730827995e-05
810.0 1.7177703487067375e-10
811.0 0.00023053185032040346
812.0 0.0005088345915282844
813.0 0.0007452928002749104
814.0 0.0009817509635468014
815.0 0.0009583083738107234
816.0 0.0009348653293272946
817.0 0.0008063971108640544
818.0 0.0006779289378755493
819.0 0.0007665882549190428
820.0 0.0008552475264878012
821.0 0.0007184315563790733
822.0 0.0005816155407956103
823.0 0.0006967034096305724
824.0 0.0008117914148897398
825.0 0.0007573758466605796
826.0 0.0007029602784314193
827.0 0.0006922534339537378
828.0 0.0006815466349507915
829.0 0.0003300193384347949
830.0 1.7177703487067375e-10
831.0 0.00010532950227570836
832.0 0.00023216716726892628
833.0 0.0005541906375583494
834.0 0.0008762141078477725
835.0 0.0002804480800477904
836.0 1.7177703487067375e-10
837.0 1.7177703487067375e-10
838.0 0.00024436180865450297
839.0 0.0005936874913459178
840.0 0.0009430132195120677
841.0 0.0012085625712643377
842.0 0.0014741119230166078
843.0 0.0010511607797525357
844.0 0.0006282094545895234
845.0 0.000499107090945472
846.0 0.00037000468182668556
847.0 0.0007810602255631238
848.0 0.0011921158147742972
849.0 0.000925669155549258
850.0 0.0006592221325263381
851.0 0.0009437250810151454
852.0 0.0012282281204534229
853.0 0.0005330486146704061
854.0 1.7177703487067375e-10
855.0 1.7177703487067375e-10
856.0 1.7177703487067375e-10
857.0 0.0003705179551616311
858.0 0.0013598877558251843
859.0 0.0011132757208542898
860.0 0.0008666633220855147
861.0 0.0012188939763291273
862.0 0.0015711248124716803
863.0 0.0017796954125515185
864.0 0.0019882658307324164
865.0 0.002134555506927427
866.0 0.002280845365021378
867.0 0.0028450374884414487
868.0 0.003409229248063639
869.0 0.0030227598472265527
870.0 0.002636290264490526
871.0 0.0033121694286819547
872.0 0.003988048774772324
873.0 0.0028451522666728124
874.0 0.0017022561223711818
875.0 0.0025206731152138673
