lsstcam/qe_curve/r13_s10/19700101T000000.ecsv
# %ECSV 0.9
# ---
# datatype:
# - {name: amp_name, datatype: string}
# - {name: wavelength, unit: nm, datatype: float32}
# - {name: efficiency, unit: '%', datatype: float32}
# meta: !!omap
# - {MODE: AMP}
# - {TYPE: QE}
# - {CALIBDATE: '1970-01-01T00:00:00'}
# - {INSTRUME: LSSTCAM}
# - {OBSTYPE: qe_curve}
# - {DETECTOR: 57}
# - {PICKLEFILE: RaftRun11808.p}
# - {CALIB_ID: 'raftName=R13 detectorName=S10 detector=57 calibDate=1970-01-01T00:00:00 ccd=57 ccdnum=57 filter=None'}
# - {DATE: '2020-01-23T13:37:36.007627'}
# - {CALIB_CREATION_DATE: '2020-01-23'}
# - {CALIB_CREATION_TIME: '13:37:36'}
# - __serialized_columns__:
#     efficiency:
#       __class__: astropy.units.quantity.Quantity
#       unit: !astropy.units.Unit {unit: '%'}
#       value: !astropy.table.SerializedColumn {name: efficiency}
#     wavelength:
#       __class__: astropy.units.quantity.Quantity
#       unit: !astropy.units.Unit {unit: nm}
#       value: !astropy.table.SerializedColumn {name: wavelength}
# schema: astropy-2.0
amp_name wavelength efficiency
C07 319.994 44.47384
C07 324.969 50.232586
C07 349.982 75.36809
C07 374.975 80.52641
C07 400.019 86.07387
C07 424.965 87.374374
C07 450.035 88.8301
C07 475.003 91.019615
C07 500.018 93.759384
C07 525.002 94.38955
C07 550.029 96.02473
C07 575.023 97.431755
C07 599.982 98.56636
C07 619.997 99.151566
C07 624.979 99.028564
C07 650.012 99.44622
C07 675.004 99.74659
C07 700.03 99.601494
C07 725.012 99.04642
C07 750.022 98.356125
C07 774.987 98.22868
C07 799.976 97.04947
C07 824.988 95.80308
C07 850.022 93.375114
C07 869.967 90.19635
C07 875.002 89.87124
C07 899.999 82.50743
C07 919.999 74.84277
C07 925.012 71.6055
C07 949.965 57.834633
C07 975.002 43.0868
C07 999.976 26.045675
C07 1025.028 11.348096
C07 1050.014 3.992631
C07 1075.002 2.1559987
C07 1099.99 1.6814662
C12 319.994 44.7158
C12 324.969 50.504192
C12 349.982 75.92428
C12 374.975 81.10761
C12 400.019 86.32642
C12 424.965 87.45806
C12 450.035 88.82245
C12 475.003 90.942696
C12 500.018 93.638084
C12 525.002 94.23627
C12 550.029 95.85879
C12 575.023 97.247375
C12 599.982 98.38145
C12 619.997 98.96438
C12 624.979 98.84564
C12 650.012 99.25751
C12 675.004 99.56009
C12 700.03 99.444664
C12 725.012 98.952736
C12 750.022 98.3552
C12 774.987 98.307785
C12 799.976 97.15528
C12 824.988 95.91443
C12 850.022 93.48104
C12 869.967 90.266045
C12 875.002 89.95014
C12 899.999 82.787926
C12 919.999 75.00066
C12 925.012 71.70817
C12 949.965 57.91502
C12 975.002 43.117443
C12 999.976 26.070198
C12 1025.028 11.275706
C12 1050.014 3.9638412
C12 1075.002 2.1650078
C12 1099.99 1.6910596
C02 319.994 44.23311
C02 324.969 49.947197
C02 349.982 74.58554
C02 374.975 79.51416
C02 400.019 85.40865
C02 424.965 86.93689
C02 450.035 88.52693
C02 475.003 90.78537
C02 500.018 93.566185
C02 525.002 94.21408
C02 550.029 95.857056
C02 575.023 97.25453
C02 599.982 98.37324
C02 619.997 98.94537
C02 624.979 98.82727
C02 650.012 99.229805
C02 675.004 99.51797
C02 700.03 99.403564
C02 725.012 98.954185
C02 750.022 98.41132
C02 774.987 98.43782
C02 799.976 97.31741
C02 824.988 96.07109
C02 850.022 93.69483
C02 869.967 90.53993
C02 875.002 90.25231
C02 899.999 82.80104
C02 919.999 75.14949
C02 925.012 71.71119
C02 949.965 58.112988
C02 975.002 43.32587
C02 999.976 26.258709
C02 1025.028 11.367378
C02 1050.014 3.9107993
C02 1075.002 2.1561625
C02 1099.99 1.7069771
C01 319.994 44.187603
C01 324.969 49.894226
C01 349.982 74.42264
C01 374.975 79.29531
C01 400.019 85.21058
C01 424.965 86.76873
C01 450.035 88.37826
C01 475.003 90.64909
C01 500.018 93.43391
C01 525.002 94.08054
C01 550.029 95.71845
C01 575.023 97.11748
C01 599.982 98.231995
C01 619.997 98.806335
C01 624.979 98.68225
C01 650.012 99.07522
C01 675.004 99.36501
C01 700.03 99.24419
C01 725.012 98.77572
C01 750.022 98.20961
C01 774.987 98.21497
C01 799.976 97.092415
C01 824.988 95.86578
C01 850.022 93.49737
C01 869.967 90.38724
C01 875.002 90.077065
C01 899.999 82.58139
C01 919.999 74.80387
C01 925.012 71.63598
C01 949.965 58.193203
C01 975.002 43.305355
C01 999.976 26.100489
C01 1025.028 11.226997
C01 1050.014 3.9122891
C01 1075.002 2.173831
C01 1099.99 1.7132931
C10 319.994 44.786667
C10 324.969 50.589577
C10 349.982 76.19589
C10 374.975 81.47843
C10 400.019 86.56081
C10 424.965 87.608894
C10 450.035 88.92085
C10 475.003 91.021324
C10 500.018 93.70551
C10 525.002 94.3007
C10 550.029 95.918434
C10 575.023 97.31729
C10 599.982 98.45783
C10 619.997 99.04692
C10 624.979 98.926025
C10 650.012 99.342224
C10 675.004 99.655106
C10 700.03 99.524994
C10 725.012 98.98571
C10 750.022 98.31815
C10 774.987 98.200935
C10 799.976 97.01766
C10 824.988 95.76315
C10 850.022 93.30447
C10 869.967 90.037544
C10 875.002 89.709694
C10 899.999 82.5984
C10 919.999 74.860985
C10 925.012 71.60486
C10 949.965 57.79971
C10 975.002 42.878117
C10 999.976 25.923788
C10 1025.028 11.212599
C10 1050.014 3.9562361
C10 1075.002 2.1566274
C10 1099.99 1.6812139
C03 319.994 44.255676
C03 324.969 49.972054
C03 349.982 74.703705
C03 374.975 79.67444
C03 400.019 85.48031
C03 424.965 86.954
C03 450.035 88.515
C03 475.003 90.75133
C03 500.018 93.52226
C03 525.002 94.16493
C03 550.029 95.79926
C03 575.023 97.19554
C03 599.982 98.319565
C03 619.997 98.89552
C03 624.979 98.77347
C03 650.012 99.17786
C03 675.004 99.46869
C03 700.03 99.350746
C03 725.012 98.89273
C03 750.022 98.33924
C03 774.987 98.34694
C03 799.976 97.22009
C03 824.988 95.96617
C03 850.022 93.5966
C03 869.967 90.396576
C03 875.002 90.08798
C03 899.999 82.648605
C03 919.999 74.98809
C03 925.012 71.540054
C03 949.965 57.870495
C03 975.002 43.192097
C03 999.976 26.218204
C03 1025.028 11.382239
C03 1050.014 3.917934
C03 1075.002 2.1375115
C03 1099.99 1.6956662
C13 319.994 44.652798
C13 324.969 50.428654
C13 349.982 75.725494
C13 374.975 80.89377
C13 400.019 86.17483
C13 424.965 87.35445
C13 450.035 88.74139
C13 475.003 90.8822
C13 500.018 93.585304
C13 525.002 94.19093
C13 550.029 95.807144
C13 575.023 97.20041
C13 599.982 98.32958
C13 619.997 98.91016
C13 624.979 98.783676
C13 650.012 99.19793
C13 675.004 99.50324
C13 700.03 99.39523
C13 725.012 98.93162
C13 750.022 98.36439
C13 774.987 98.35533
C13 799.976 97.2226
C13 824.988 95.96942
C13 850.022 93.54914
C13 869.967 90.34637
C13 875.002 90.02638
C13 899.999 82.791466
C13 919.999 74.98219
C13 925.012 71.66925
C13 949.965 57.89886
C13 975.002 43.15907
C13 999.976 26.06213
C13 1025.028 11.296834
C13 1050.014 3.9631038
C13 1075.002 2.1625533
C13 1099.99 1.6897163
C14 319.994 44.507523
C14 324.969 50.263577
C14 349.982 75.40088
C14 374.975 80.487
C14 400.019 85.84493
C14 424.965 87.073944
C14 450.035 88.493904
C14 475.003 90.6448
C14 500.018 93.35454
C14 525.002 93.9646
C14 550.029 95.58104
C14 575.023 96.96553
C14 599.982 98.09047
C14 619.997 98.66503
C14 624.979 98.54405
C14 650.012 98.95336
C14 675.004 99.25182
C14 700.03 99.14747
C14 725.012 98.7104
C14 750.022 98.17713
C14 774.987 98.19458
C14 799.976 97.072624
C14 824.988 95.819496
C14 850.022 93.39855
C14 869.967 90.21823
C14 875.002 89.89727
C14 899.999 82.61167
C14 919.999 74.7818
C14 925.012 71.45513
C14 949.965 57.758503
C14 975.002 43.13667
C14 999.976 26.040258
C14 1025.028 11.311586
C14 1050.014 3.9611847
C14 1075.002 2.152912
C14 1099.99 1.6852089
C16 319.994 44.563255
C16 324.969 50.325466
C16 349.982 75.296005
C16 374.975 80.25208
C16 400.019 85.78471
C16 424.965 87.133156
C16 450.035 88.62258
C16 475.003 90.8209
C16 500.018 93.56501
C16 525.002 94.190605
C16 550.029 95.8112
C16 575.023 97.206924
C16 599.982 98.32474
C16 619.997 98.90012
C16 624.979 98.772316
C16 650.012 99.17196
C16 675.004 99.46733
C16 700.03 99.35232
C16 725.012 98.90809
C16 750.022 98.35765
C16 774.987 98.36932
C16 799.976 97.246704
C16 824.988 95.99344
C16 850.022 93.57147
C16 869.967 90.45731
C16 875.002 90.14692
C16 899.999 82.676155
C16 919.999 74.79217
C16 925.012 71.482315
C16 949.965 58.011173
C16 975.002 43.50016
C16 999.976 26.322277
C16 1025.028 11.481923
C16 1050.014 3.9194891
C16 1075.002 2.1408677
C16 1099.99 1.7003757
C17 319.994 44.416454
C17 324.969 50.160122
C17 349.982 74.99491
C17 374.975 79.8699
C17 400.019 85.43724
C17 424.965 86.8201
C17 450.035 88.3325
C17 475.003 90.54499
C17 500.018 93.28978
C17 525.002 93.915306
C17 550.029 95.534294
C17 575.023 96.92495
C17 599.982 98.03867
C17 619.997 98.60897
C17 624.979 98.48238
C17 650.012 98.87377
C17 675.004 99.17003
C17 700.03 99.02577
C17 725.012 98.51944
C17 750.022 97.891014
C17 774.987 97.82428
C17 799.976 96.684204
C17 824.988 95.45252
C17 850.022 93.0528
C17 869.967 90.0062
C17 875.002 89.68693
C17 899.999 82.17194
C17 919.999 74.63786
C17 925.012 71.53676
C17 949.965 58.180607
C17 975.002 43.367836
C17 999.976 26.266993
C17 1025.028 11.362398
C17 1050.014 3.9462798
C17 1075.002 2.1695616
C17 1099.99 1.7081978
C06 319.994 44.59899
C06 324.969 50.36728
C06 349.982 75.49526
C06 374.975 80.602066
C06 400.019 86.20488
C06 424.965 87.537895
C06 450.035 89.012314
C06 475.003 91.21297
C06 500.018 93.960945
C06 525.002 94.58758
C06 550.029 96.222
C06 575.023 97.6278
C06 599.982 98.76163
C06 619.997 99.34814
C06 624.979 99.22254
C06 650.012 99.63853
C06 675.004 99.93716
C06 700.03 99.79824
C06 725.012 99.26105
C06 750.022 98.59772
C06 774.987 98.50566
C06 799.976 97.33469
C06 824.988 96.08135
C06 850.022 93.6635
C06 869.967 90.45065
C06 875.002 90.127365
C06 899.999 82.7602
C06 919.999 75.055046
C06 925.012 71.798325
C06 949.965 57.97161
C06 975.002 43.237614
C06 999.976 26.15793
C06 1025.028 11.377282
C06 1050.014 3.974664
C06 1075.002 2.15327
C06 1099.99 1.6886233
C00 319.994 43.960175
C00 324.969 49.63445
C00 349.982 74.00984
C00 374.975 78.84149
C00 400.019 84.80415
C00 424.965 86.39059
C00 450.035 88.01951
C00 475.003 90.30037
C00 500.018 93.08063
C00 525.002 93.73064
C00 550.029 95.36233
C00 575.023 96.75757
C00 599.982 97.86739
C00 619.997 98.43539
C00 624.979 98.31008
C00 650.012 98.70098
C00 675.004 98.98438
C00 700.03 98.8428
C00 725.012 98.308235
C00 750.022 97.6705
C00 774.987 97.59414
C00 799.976 96.4535
C00 824.988 95.254486
C00 850.022 92.93565
C00 869.967 89.884
C00 875.002 89.57964
C00 899.999 82.1305
C00 919.999 74.51232
C00 925.012 71.37303
C00 949.965 57.931374
C00 975.002 42.9582
C00 999.976 25.85454
C00 1025.028 11.161829
C00 1050.014 3.9596903
C00 1075.002 2.192471
C00 1099.99 1.7213761
C15 319.994 44.484596
C15 324.969 50.237698
C15 349.982 75.268555
C15 374.975 80.29055
C15 400.019 85.80097
C15 424.965 87.11707
C15 450.035 88.58192
C15 475.003 90.76993
C15 500.018 93.502556
C15 525.002 94.12455
C15 550.029 95.743996
C15 575.023 97.13956
C15 599.982 98.26176
C15 619.997 98.83484
C15 624.979 98.711685
C15 650.012 99.11394
C15 675.004 99.41551
C15 700.03 99.31183
C15 725.012 98.88215
C15 750.022 98.3598
C15 774.987 98.392944
C15 799.976 97.27489
C15 824.988 96.01463
C15 850.022 93.595924
C15 869.967 90.41567
C15 875.002 90.09781
C15 899.999 82.73094
C15 919.999 74.878815
C15 925.012 71.51681
C15 949.965 57.791058
C15 975.002 43.280403
C15 999.976 26.195494
C15 1025.028 11.435787
C15 1050.014 3.9587708
C15 1075.002 2.140678
C15 1099.99 1.6890764
C11 319.994 44.85621
C11 324.969 50.665245
C11 349.982 76.21605
C11 374.975 81.42908
C11 400.019 86.54897
C11 424.965 87.62716
C11 450.035 88.95902
C11 475.003 91.063354
C11 500.018 93.75483
C11 525.002 94.34879
C11 550.029 95.962715
C11 575.023 97.358505
C11 599.982 98.49319
C11 619.997 99.07644
C11 624.979 98.956604
C11 650.012 99.372086
C11 675.004 99.67771
C11 700.03 99.54923
C11 725.012 99.03549
C11 750.022 98.395035
C11 774.987 98.310974
C11 799.976 97.13821
C11 824.988 95.893036
C11 850.022 93.44262
C11 869.967 90.20284
C11 875.002 89.87733
C11 899.999 82.74831
C11 919.999 74.97999
C11 925.012 71.707726
C11 949.965 57.897057
C11 975.002 43.025265
C11 999.976 26.013096
C11 1025.028 11.233313
C11 1050.014 3.9576695
C11 1075.002 2.16251
C11 1099.99 1.6871502
C05 319.994 44.38637
C05 324.969 50.125614
C05 349.982 75.077286
C05 374.975 80.157104
C05 400.019 85.85916
C05 424.965 87.25338
C05 450.035 88.76093
C05 475.003 90.97494
C05 500.018 93.73065
C05 525.002 94.36612
C05 550.029 96.00056
C05 575.023 97.40251
C05 599.982 98.53504
C05 619.997 99.11942
C05 624.979 98.99097
C05 650.012 99.40466
C05 675.004 99.70392
C05 700.03 99.572845
C05 725.012 99.065025
C05 750.022 98.43985
C05 774.987 98.38277
C05 799.976 97.22975
C05 824.988 95.97789
C05 850.022 93.57723
C05 869.967 90.37326
C05 875.002 90.054085
C05 899.999 82.66434
C05 919.999 74.93531
C05 925.012 71.65187
C05 949.965 57.84215
C05 975.002 43.17734
C05 999.976 26.123741
C05 1025.028 11.373304
C05 1050.014 3.9549594
C05 1075.002 2.1418679
C05 1099.99 1.6867747
C04 319.994 44.150864
C04 324.969 49.85684
C04 349.982 74.58876
C04 374.975 79.623726
C04 400.019 85.36364
C04 424.965 86.79443
C04 450.035 88.325554
C04 475.003 90.54128
C04 500.018 93.29491
C04 525.002 93.93203
C04 550.029 95.563156
C04 575.023 96.955124
C04 599.982 98.079315
C04 619.997 98.656204
C04 624.979 98.53339
C04 650.012 98.941826
C04 675.004 99.236176
C04 700.03 99.10904
C04 725.012 98.63246
C04 750.022 98.049774
C04 774.987 98.03109
C04 799.976 96.89234
C04 824.988 95.64744
C04 850.022 93.27175
C04 869.967 90.0661
C04 875.002 89.726295
C04 899.999 82.34162
C04 919.999 74.59353
C04 925.012 71.36177
C04 949.965 57.668415
C04 975.002 43.094296
C04 999.976 26.049707
C04 1025.028 11.327929
C04 1050.014 3.919801
C04 1075.002 2.1304343
C04 1099.99 1.6853282
