lsstCam/transmission_sensor/r10_s22/19700101T000000.ecsv
# %ECSV 1.0
# ---
# datatype:
# - {name: amp_name, datatype: string}
# - {name: wavelength, unit: nm, datatype: float32}
# - {name: efficiency, unit: '%', datatype: float64}
# meta: !!omap
# - {MODE: AMP}
# - {TYPE: transmission_sensor}
# - {CALIBDATE: '1970-01-01T00:00:00'}
# - {INSTRUME: LSSTCAM}
# - {OBSTYPE: transmission_sensor}
# - {DETECTOR: 35}
# - {PARQUETFILE: qe_raft_allvalues_nircorrected_20230725.parquet}
# - {CALIBCLS: lsst.ip.isr.IntermediateSensorTransmissionCurve}
# - {CALIB_ID: 'raftName=R10 detectorName=S22 detector=35 calibDate=1970-01-01T00:00:00 ccd=35 ccdnum=35 filter=None'}
# - {DATE: '2024-01-18T22:42:25.095844'}
# - {CALIB_CREATION_DATE: '2024-01-18'}
# - {CALIB_CREATION_TIME: '22:42:25'}
# - __serialized_columns__:
#     efficiency:
#       __class__: astropy.units.quantity.Quantity
#       unit: !astropy.units.Unit {unit: '%'}
#       value: !astropy.table.SerializedColumn {name: efficiency}
#     wavelength:
#       __class__: astropy.units.quantity.Quantity
#       unit: !astropy.units.Unit {unit: nm}
#       value: !astropy.table.SerializedColumn {name: wavelength}
# schema: astropy-2.0
amp_name wavelength efficiency
C00 319.994 60.716270446777344
C00 324.969 63.673606872558594
C00 349.982 75.08279418945312
C00 374.975 80.57754516601562
C00 400.019 84.82962036132812
C00 424.965 83.86295318603516
C00 450.035 83.55077362060547
C00 475.003 84.23329162597656
C00 500.018 85.43521118164062
C00 525.002 86.95315551757812
C00 550.029 88.56883239746094
C00 575.023 90.48706817626953
C00 599.982 92.37689971923828
C00 619.997 93.14878845214844
C00 624.979 93.489990234375
C00 650.012 94.62480926513672
C00 675.004 95.58060455322266
C00 700.03 95.88517761230469
C00 725.012 96.34959411621094
C00 750.022 97.11705017089844
C00 774.987 97.74673461914062
C00 799.976 97.3966064453125
C00 824.988 96.31584167480469
C00 850.022 95.17617797851562
C00 869.967 92.62769317626953
C00 875.002 91.82601928710938
C00 899.999 85.05146026611328
C00 919.999 77.01821899414062
C00 925.012 74.18416595458984
C00 949.965 60.33308410644531
C00 975.002 49.39780044555664
C00 999.976 29.50795555114746
C00 1025.028 14.38327407836914
C00 1050.014 5.7300944328308105
C00 1075.002 0.9252235658357318
C00 1099.99 0.09179983221679933
C01 319.994 59.77669143676758
C01 324.969 62.68552017211914
C01 349.982 74.24623107910156
C01 374.975 80.4269027709961
C01 400.019 84.9035415649414
C01 424.965 83.94783020019531
C01 450.035 83.56655883789062
C01 475.003 84.16190338134766
C01 500.018 85.29502868652344
C01 525.002 86.7629165649414
C01 550.029 88.34973907470703
C01 575.023 90.25011444091797
C01 599.982 92.13058471679688
C01 619.997 92.9050521850586
C01 624.979 93.24262237548828
C01 650.012 94.38890075683594
C01 675.004 95.3613510131836
C01 700.03 95.6994857788086
C01 725.012 96.22138977050781
C01 750.022 97.05591583251953
C01 774.987 97.75366973876953
C01 799.976 97.45021057128906
C01 824.988 96.38111114501953
C01 850.022 95.2840805053711
C01 869.967 92.74979400634766
C01 875.002 91.94316864013672
C01 899.999 85.04660034179688
C01 919.999 77.09992980957031
C01 925.012 74.31369018554688
C01 949.965 60.645904541015625
C01 975.002 49.63020324707031
C01 999.976 29.559995651245117
C01 1025.028 14.4609375
C01 1050.014 5.71032190322876
C01 1075.002 0.9246405701591608
C01 1099.99 0.09174198792135707
C02 319.994 58.908905029296875
C02 324.969 61.79306411743164
C02 349.982 73.5243148803711
C02 374.975 80.1656265258789
C02 400.019 84.69871520996094
C02 424.965 83.70513916015625
C02 450.035 83.26207733154297
C02 475.003 83.7989730834961
C02 500.018 84.87051391601562
C02 525.002 86.28546142578125
C02 550.029 87.82759094238281
C02 575.023 89.70112609863281
C02 599.982 91.56090545654297
C02 619.997 92.32933807373047
C02 624.979 92.67103576660156
C02 650.012 93.82147979736328
C02 675.004 94.80198669433594
C02 700.03 95.17215728759766
C02 725.012 95.75032043457031
C02 750.022 96.64785766601562
C02 774.987 97.40719604492188
C02 799.976 97.14290618896484
C02 824.988 96.08470916748047
C02 850.022 95.01362609863281
C02 869.967 92.48553466796875
C02 875.002 91.6708755493164
C02 899.999 84.6684341430664
C02 919.999 76.68218994140625
C02 925.012 73.9454574584961
C02 949.965 60.618167877197266
C02 975.002 49.711273193359375
C02 999.976 29.45920181274414
C02 1025.028 14.425389289855957
C02 1050.014 5.697646617889404
C02 1075.002 0.920752495285929
C02 1099.99 0.09135621670433598
C03 319.994 58.35786056518555
C03 324.969 61.2265510559082
C03 349.982 73.12950134277344
C03 374.975 80.2681655883789
C03 400.019 84.92646789550781
C03 424.965 83.9140625
C03 450.035 83.42212677001953
C03 475.003 83.90799713134766
C03 500.018 84.93138885498047
C03 525.002 86.30343627929688
C03 550.029 87.81048583984375
C03 575.023 89.66368865966797
C03 599.982 91.51628112792969
C03 619.997 92.28845977783203
C03 624.979 92.6275863647461
C03 650.012 93.78889465332031
C03 675.004 94.7845687866211
C03 700.03 95.18302154541016
C03 725.012 95.81690216064453
C03 750.022 96.78453063964844
C03 774.987 97.61284637451172
C03 799.976 97.38356018066406
C03 824.988 96.31832122802734
C03 850.022 95.25508880615234
C03 869.967 92.73583984375
C03 875.002 91.91497802734375
C03 899.999 84.84016418457031
C03 919.999 76.67617797851562
C03 925.012 73.91964721679688
C03 949.965 60.633663177490234
C03 975.002 49.80309295654297
C03 999.976 29.434974670410156
C03 1025.028 14.445348739624023
C03 1050.014 5.705843925476074
C03 1075.002 0.9220539863886343
C03 1099.99 0.09148534945589111
C04 319.994 58.006046295166016
C04 324.969 60.87056350708008
C04 349.982 72.97328186035156
C04 374.975 80.62145233154297
C04 400.019 85.41903686523438
C04 424.965 84.38302612304688
C04 450.035 83.8357925415039
C04 475.003 84.2746810913086
C04 500.018 85.25285339355469
C04 525.002 86.58641815185547
C04 550.029 88.06553649902344
C04 575.023 89.91262817382812
C04 599.982 91.76415252685547
C04 619.997 92.54025268554688
C04 624.979 92.88033294677734
C04 650.012 94.05661010742188
C04 675.004 95.07095336914062
C04 700.03 95.4991455078125
C04 725.012 96.18317413330078
C04 750.022 97.22127532958984
C04 774.987 98.1147689819336
C04 799.976 97.920654296875
C04 824.988 96.8528823852539
C04 850.022 95.79447174072266
C04 869.967 93.2694320678711
C04 875.002 92.44507598876953
C04 899.999 85.27400207519531
C04 919.999 76.96615600585938
C04 925.012 74.169677734375
C04 949.965 60.81842803955078
C04 975.002 49.942256927490234
C04 999.976 29.541427612304688
C04 1025.028 14.466121673583984
C04 1050.014 5.707669258117676
C04 1075.002 0.9262142633224811
C04 1099.99 0.09189812831129951
C05 319.994 57.29558563232422
C05 324.969 60.13557052612305
C05 349.982 72.31551361083984
C05 374.975 80.29747009277344
C05 400.019 85.14869689941406
C05 424.965 84.08422088623047
C05 450.035 83.48609161376953
C05 475.003 83.86519622802734
C05 500.018 84.78738403320312
C05 525.002 86.07996368408203
C05 550.029 87.52838134765625
C05 575.023 89.35099792480469
C05 599.982 91.18907165527344
C05 619.997 91.96990966796875
C05 624.979 92.31130981445312
C05 650.012 93.48596954345703
C05 675.004 94.51114654541016
C05 700.03 94.96149444580078
C05 725.012 95.68407440185547
C05 750.022 96.76705169677734
C05 774.987 97.70140838623047
C05 799.976 97.54049682617188
C05 824.988 96.48168182373047
C05 850.022 95.46219635009766
C05 869.967 92.9677734375
C05 875.002 92.14850616455078
C05 899.999 84.98835754394531
C05 919.999 76.67341613769531
C05 925.012 73.87261199951172
C05 949.965 60.584224700927734
C05 975.002 49.71131134033203
C05 999.976 29.498117446899414
C05 1025.028 14.401469230651855
C05 1050.014 5.673923015594482
C05 1075.002 0.9218865384129423
C05 1099.99 0.09146873542157424
C06 319.994 57.22222900390625
C06 324.969 60.06404495239258
C06 349.982 72.39741516113281
C06 374.975 80.72103118896484
C06 400.019 85.66650390625
C06 424.965 84.57718658447266
C06 450.035 83.93248748779297
C06 475.003 84.27204132080078
C06 500.018 85.1563491821289
C06 525.002 86.42511749267578
C06 550.029 87.86341857910156
C06 575.023 89.68551635742188
C06 599.982 91.53443145751953
C06 619.997 92.32269287109375
C06 624.979 92.66240692138672
C06 650.012 93.8507080078125
C06 675.004 94.89374542236328
C06 700.03 95.35932159423828
C06 725.012 96.09485626220703
C06 750.022 97.19844055175781
C06 774.987 98.14573669433594
C06 799.976 97.99003601074219
C06 824.988 96.95056915283203
C06 850.022 95.9509048461914
C06 869.967 93.478759765625
C06 875.002 92.66822052001953
C06 899.999 85.5018310546875
C06 919.999 77.13587188720703
C06 925.012 74.32621002197266
C06 949.965 61.00069046020508
C06 975.002 50.051353454589844
C06 999.976 29.724483489990234
C06 1025.028 14.489653587341309
C06 1050.014 5.717581272125244
C06 1075.002 0.9259962222238463
C06 1099.99 0.0918764944738032
C07 319.994 56.94231033325195
C07 324.969 59.78572463989258
C07 349.982 72.18788146972656
C07 374.975 80.62284088134766
C07 400.019 85.51266479492188
C07 424.965 84.37989044189453
C07 450.035 83.70217895507812
C07 475.003 84.01055908203125
C07 500.018 84.84789276123047
C07 525.002 86.06279754638672
C07 550.029 87.45245361328125
C07 575.023 89.24827575683594
C07 599.982 91.08098602294922
C07 619.997 91.8616943359375
C07 624.979 92.20403289794922
C07 650.012 93.38932037353516
C07 675.004 94.4308090209961
C07 700.03 94.88941192626953
C07 725.012 95.59271240234375
C07 750.022 96.64632415771484
C07 774.987 97.54096984863281
C07 799.976 97.38081359863281
C07 824.988 96.3765640258789
C07 850.022 95.39444732666016
C07 869.967 92.94503021240234
C07 875.002 92.14579772949219
C07 899.999 85.0870361328125
C07 919.999 76.78971099853516
C07 925.012 74.0115737915039
C07 949.965 60.87272262573242
C07 975.002 49.92213439941406
C07 999.976 29.588523864746094
C07 1025.028 14.379522323608398
C07 1050.014 5.700411319732666
C07 1075.002 0.9207366708212904
C07 1099.99 0.0913546466154922
C10 319.994 60.44626235961914
C10 324.969 63.41229248046875
C10 349.982 74.97022247314453
C10 374.975 80.68759155273438
C10 400.019 84.93839263916016
C10 424.965 83.94719696044922
C10 450.035 83.6089859008789
C10 475.003 84.26802825927734
C10 500.018 85.42733764648438
C10 525.002 86.89897918701172
C10 550.029 88.47840118408203
C10 575.023 90.37452697753906
C10 599.982 92.26082611083984
C10 619.997 93.0354995727539
C10 624.979 93.37145233154297
C10 650.012 94.51325988769531
C10 675.004 95.48452758789062
C10 700.03 95.88135528564453
C10 725.012 96.58343505859375
C10 750.022 97.67530822753906
C10 774.987 98.62537384033203
C10 799.976 98.41890716552734
C10 824.988 97.2761001586914
C10 850.022 96.20553588867188
C10 869.967 93.79901885986328
C10 875.002 93.00357055664062
C10 899.999 86.05384063720703
C10 919.999 77.24862670898438
C10 925.012 74.27350616455078
C10 949.965 60.82596969604492
C10 975.002 50.559871673583984
C10 999.976 29.99740982055664
C10 1025.028 14.676475524902344
C10 1050.014 5.775362491607666
C10 1075.002 0.9305393459893049
C10 1099.99 0.09232725904012998
C11 319.994 59.60639572143555
C11 324.969 62.52427291870117
C11 349.982 74.22718811035156
C11 374.975 80.56218719482422
C11 400.019 85.01197052001953
C11 424.965 84.02652740478516
C11 450.035 83.61802673339844
C11 475.003 84.1962661743164
C11 500.018 85.29415130615234
C11 525.002 86.72222900390625
C11 550.029 88.27498626708984
C11 575.023 90.15464782714844
C11 599.982 92.03230285644531
C11 619.997 92.8043212890625
C11 624.979 93.14373779296875
C11 650.012 94.29299926757812
C11 675.004 95.27925872802734
C11 700.03 95.7010726928711
C11 725.012 96.44670104980469
C11 750.022 97.59466552734375
C11 774.987 98.5965805053711
C11 799.976 98.42552947998047
C11 824.988 97.30587768554688
C11 850.022 96.25125122070312
C11 869.967 93.82953643798828
C11 875.002 93.03996276855469
C11 899.999 86.11920928955078
C11 919.999 77.36698150634766
C11 925.012 74.40941619873047
C11 949.965 60.97386932373047
C11 975.002 50.8154182434082
C11 999.976 30.027820587158203
C11 1025.028 14.71682071685791
C11 1050.014 5.836749076843262
C11 1075.002 0.9297706150293178
C11 1099.99 0.09225098626049867
C12 319.994 58.892005920410156
C12 324.969 61.78404235839844
C12 349.982 73.64861297607422
C12 374.975 80.45506286621094
C12 400.019 85.0015869140625
C12 424.965 83.98567199707031
C12 450.035 83.52210235595703
C12 475.003 84.04186248779297
C12 500.018 85.08853912353516
C12 525.002 86.47956085205078
C12 550.029 87.9981689453125
C12 575.023 89.85723876953125
C12 599.982 91.72174072265625
C12 619.997 92.49635314941406
C12 624.979 92.83450317382812
C12 650.012 93.98758697509766
C12 675.004 94.98748016357422
C12 700.03 95.43416595458984
C12 725.012 96.2293701171875
C12 750.022 97.42571258544922
C12 774.987 98.47967529296875
C12 799.976 98.33857727050781
C12 824.988 97.24024963378906
C12 850.022 96.20720672607422
C12 869.967 93.775634765625
C12 875.002 92.98187255859375
C12 899.999 86.05705261230469
C12 919.999 77.35810089111328
C12 925.012 74.4269790649414
C12 949.965 61.09702682495117
C12 975.002 50.90231704711914
C12 999.976 30.028579711914062
C12 1025.028 14.681314468383789
C12 1050.014 5.8455610275268555
C12 1075.002 0.9281605842376898
C12 1099.99 0.09209124048445823
C13 319.994 58.61439895629883
C13 324.969 61.50764465332031
C13 349.982 73.57067108154297
C13 374.975 80.80464935302734
C13 400.019 85.44429016113281
C13 424.965 84.3897476196289
C13 450.035 83.87139129638672
C13 475.003 84.34564971923828
C13 500.018 85.34880065917969
C13 525.002 86.70194244384766
C13 550.029 88.19635009765625
C13 575.023 90.05094146728516
C13 599.982 91.91197204589844
C13 619.997 92.68790435791016
C13 624.979 93.0298843383789
C13 650.012 94.19495391845703
C13 675.004 95.21366119384766
C13 700.03 95.68631744384766
C13 725.012 96.5295639038086
C13 750.022 97.78506469726562
C13 774.987 98.88957214355469
C13 799.976 98.78482055664062
C13 824.988 97.6902084350586
C13 850.022 96.6617202758789
C13 869.967 94.19884490966797
C13 875.002 93.39646911621094
C13 899.999 86.3989486694336
C13 919.999 77.67449188232422
C13 925.012 74.74382781982422
C13 949.965 61.448150634765625
C13 975.002 51.159793853759766
C13 999.976 30.16583251953125
C13 1025.028 14.702439308166504
C13 1050.014 5.867981910705566
C13 1075.002 0.931583657228803
C13 1099.99 0.09243087464192397
C14 319.994 58.0273323059082
C14 324.969 60.901485443115234
C14 349.982 73.09803771972656
C14 374.975 80.75188446044922
C14 400.019 85.47776794433594
C14 424.965 84.39635467529297
C14 450.035 83.8192367553711
C14 475.003 84.23806762695312
C14 500.018 85.18932342529297
C14 525.002 86.50504302978516
C14 550.029 87.97432708740234
C14 575.023 89.80642700195312
C14 599.982 91.66165924072266
C14 619.997 92.43917846679688
C14 624.979 92.78153228759766
C14 650.012 93.9581527709961
C14 675.004 94.9896011352539
C14 700.03 95.48734283447266
C14 725.012 96.37151336669922
C14 750.022 97.67742919921875
C14 774.987 98.82776641845703
C14 799.976 98.74990844726562
C14 824.988 97.66543579101562
C14 850.022 96.64543151855469
C14 869.967 94.17647552490234
C14 875.002 93.36382293701172
C14 899.999 86.29979705810547
C14 919.999 77.55697631835938
C14 925.012 74.63362121582031
C14 949.965 61.443450927734375
C14 975.002 51.08421325683594
C14 999.976 30.08749008178711
C14 1025.028 14.652848243713379
C14 1050.014 5.838444232940674
C14 1075.002 0.9305578167138786
C14 1099.99 0.09232909168845348
C15 319.994 57.27919387817383
C15 324.969 60.11439895629883
C15 349.982 72.3637466430664
C15 374.975 80.41552734375
C15 400.019 85.24610137939453
C15 424.965 84.1541519165039
C15 450.035 83.53119659423828
C15 475.003 83.89827728271484
C15 500.018 84.80304718017578
C15 525.002 86.07554626464844
C15 550.029 87.50935363769531
C15 575.023 89.32267761230469
C15 599.982 91.16856384277344
C15 619.997 91.94868469238281
C15 624.979 92.29088592529297
C15 650.012 93.47283935546875
C15 675.004 94.51020050048828
C15 700.03 95.03057098388672
C15 725.012 95.94798278808594
C15 750.022 97.27458953857422
C15 774.987 98.4504623413086
C15 799.976 98.38912963867188
C15 824.988 97.31888580322266
C15 850.022 96.31890869140625
C15 869.967 93.86441040039062
C15 875.002 93.04815673828125
C15 899.999 85.95336151123047
C15 919.999 77.21141815185547
C15 925.012 74.3134536743164
C15 949.965 61.26458740234375
C15 975.002 50.81894302368164
C15 999.976 29.8859806060791
C15 1025.028 14.58385181427002
C15 1050.014 5.792656898498535
C15 1075.002 0.9267197863115583
C15 1099.99 0.09194828583786133
C16 319.994 56.748226165771484
C16 324.969 59.56669616699219
C16 349.982 71.89947509765625
C16 374.975 80.40423583984375
C16 400.019 85.41246032714844
C16 424.965 84.34487915039062
C16 450.035 83.70574951171875
C16 475.003 84.03691864013672
C16 500.018 84.90084075927734
C16 525.002 86.14324951171875
C16 550.029 87.56041717529297
C16 575.023 89.35591888427734
C16 599.982 91.1982650756836
C16 619.997 91.97929382324219
C16 624.979 92.31748962402344
C16 650.012 93.500732421875
C16 675.004 94.54706573486328
C16 700.03 95.07518005371094
C16 725.012 95.98360443115234
C16 750.022 97.32172393798828
C16 774.987 98.49331665039062
C16 799.976 98.43243408203125
C16 824.988 97.3668212890625
C16 850.022 96.37616729736328
C16 869.967 93.92129516601562
C16 875.002 93.10391998291016
C16 899.999 85.99114227294922
C16 919.999 77.25328063964844
C16 925.012 74.36851501464844
C16 949.965 61.350189208984375
C16 975.002 50.7917366027832
C16 999.976 29.848262786865234
C16 1025.028 14.565610885620117
C16 1050.014 5.778422832489014
C16 1075.002 0.9271688111026608
C16 1099.99 0.09199283766512392
C17 319.994 56.343231201171875
C17 324.969 59.14338684082031
C17 349.982 71.50520324707031
C17 374.975 80.2307357788086
C17 400.019 85.2947769165039
C17 424.965 84.23513793945312
C17 450.035 83.58900451660156
C17 475.003 83.91112518310547
C17 500.018 84.74635314941406
C17 525.002 85.94065856933594
C17 550.029 87.2959976196289
C17 575.023 89.05738067626953
C17 599.982 90.86814880371094
C17 619.997 91.63966369628906
C17 624.979 91.97639465332031
C17 650.012 93.15120697021484
C17 675.004 94.19364166259766
C17 700.03 94.71178436279297
C17 725.012 95.5877685546875
C17 750.022 96.86742401123047
C17 774.987 97.98075866699219
C17 799.976 97.9031753540039
C17 824.988 96.86257934570312
C17 850.022 95.86298370361328
C17 869.967 93.38511657714844
C17 875.002 92.56204223632812
C17 899.999 85.47924041748047
C17 919.999 76.84674835205078
C17 925.012 73.99181365966797
C17 949.965 61.1186637878418
C17 975.002 50.478206634521484
C17 999.976 29.612693786621094
C17 1025.028 14.450401306152344
C17 1050.014 5.740904331207275
C17 1075.002 0.9228412092017352
C17 1099.99 0.09156345698020024
