lsstCam/transmission_sensor/r10_s22/19700101T000000.ecsv
# %ECSV 1.0
# ---
# datatype:
# - {name: amp_name, datatype: string}
# - {name: wavelength, unit: nm, datatype: float32}
# - {name: efficiency, unit: '%', datatype: float64}
# meta: !!omap
# - {MODE: AMP}
# - {TYPE: transmission_sensor}
# - {CALIBDATE: '1970-01-01T00:00:00'}
# - {INSTRUME: LSSTCam}
# - {OBSTYPE: transmission_sensor}
# - {DETECTOR: 35}
# - {PARQUETFILE: qe_raft_allvalues_nircorrected_20230725_adjust.parquet}
# - {CORRFILE: qe_corr_factor_bydetnum.parquet}
# - {CALIBCLS: lsst.ip.isr.IntermediateSensorTransmissionCurve}
# - {CALIB_ID: 'raftName=R10 detectorName=S22 detector=35 calibDate=1970-01-01T00:00:00 ccd=35 ccdnum=35 filter=None'}
# - {DATE: '2025-03-03T21:56:47.570004'}
# - {CALIB_CREATION_DATE: '2025-03-03'}
# - {CALIB_CREATION_TIME: '21:56:47'}
# - __serialized_columns__:
#     efficiency:
#       __class__: astropy.units.quantity.Quantity
#       unit: !astropy.units.Unit {unit: '%'}
#       value: !astropy.table.SerializedColumn {name: efficiency}
#     wavelength:
#       __class__: astropy.units.quantity.Quantity
#       unit: !astropy.units.Unit {unit: nm}
#       value: !astropy.table.SerializedColumn {name: wavelength}
# schema: astropy-2.0
amp_name wavelength efficiency
C00 319.994 61.15108492366202
C00 324.969 64.1296000661445
C00 349.982 75.62049332081108
C00 374.975 81.15459449549847
C00 400.019 85.43712057058536
C00 424.965 84.46353068941713
C00 450.035 84.14911547622057
C00 475.003 84.83652127702584
C00 500.018 86.04704827875021
C00 525.002 87.57586324569837
C00 550.029 89.20311066000583
C00 575.023 91.13508372340992
C00 599.982 93.03844913642223
C00 619.997 93.81586568573388
C00 624.979 94.15951095589801
C00 650.012 95.30245689794049
C00 675.004 96.2650970337936
C00 700.03 96.57185126728544
C00 725.012 97.0395936510212
C00 750.022 97.812545777857
C00 774.987 98.44673965844656
C00 799.976 98.09410407107632
C00 824.988 97.00559949433756
C00 850.022 95.85777419210201
C00 869.967 93.29103862975516
C00 875.002 92.48362362029592
C00 899.999 85.66054916323691
C00 919.999 77.56977850786079
C00 925.012 74.71542963523613
C00 949.965 60.76515442650192
C00 975.002 49.75155864911455
C00 999.976 29.719274299194662
C00 1025.028 14.486278688966182
C00 1050.014 5.771130023373137
C00 1075.002 0.9318494767788765
C00 1099.99 0.09245724901347885
C01 319.994 60.204777197400034
C01 324.969 63.13443726569748
C01 349.982 74.77793923392996
C01 374.975 81.00287328760547
C01 400.019 85.51157115469654
C01 424.965 84.54901554319325
C01 450.035 84.16501373801498
C01 475.003 84.7646217914723
C01 500.018 85.90586187845514
C01 525.002 87.38426191276285
C01 550.029 88.98244831880233
C01 575.023 90.89643306376237
C01 599.982 92.79037016975596
C01 619.997 93.57038392181605
C01 624.979 93.91037159284333
C01 650.012 95.06485895064955
C01 675.004 96.04427332792228
C01 700.03 96.38482961730277
C01 725.012 96.91047118065231
C01 750.022 97.75097363104278
C01 774.987 98.45372444335285
C01 799.976 98.14809207850382
C01 824.988 97.07133638638743
C01 850.022 95.96644945385086
C01 869.967 93.41401387468399
C01 875.002 92.60161192858646
C01 899.999 85.65565443498025
C01 919.999 77.65207448843988
C01 925.012 74.84588144310646
C01 949.965 61.080215098369685
C01 975.002 49.98562578379334
C01 999.976 29.771687080103156
C01 1025.028 14.564498290675314
C01 1050.014 5.751215894459199
C01 1075.002 0.9312623060276793
C01 1099.99 0.09239899047096777
C02 319.994 59.330776210377
C02 324.969 62.235589961848824
C02 349.982 74.05085309290897
C02 374.975 80.7397259345792
C02 400.019 85.30527795295923
C02 424.965 84.30458649163202
C02 450.035 83.85835171290474
C02 475.003 84.39909239874147
C02 500.018 85.47830698103391
C02 525.002 86.9033875186807
C02 550.029 88.4565608664352
C02 575.023 90.34351318752248
C02 599.982 92.21661119927418
C02 619.997 92.9905468821804
C02 624.979 93.33469161441154
C02 650.012 94.49337445358061
C02 675.004 95.48090316843424
C02 700.03 95.85372470734336
C02 725.012 96.43602832118684
C02 750.022 97.33999319021437
C02 774.987 98.10476950721485
C02 799.976 97.83858696162754
C02 824.988 96.77281175095348
C02 850.022 95.69405821056905
C02 869.967 93.14786206522388
C02 875.002 92.32736883364085
C02 899.999 85.27478003074462
C02 919.999 77.23134301125712
C02 925.012 74.47501164827456
C02 949.965 61.05227980076041
C02 975.002 50.06727630570121
C02 999.976 29.670171414984065
C02 1025.028 14.528695505006716
C02 1050.014 5.738449836127306
C02 1075.002 0.9273463870324412
C02 1099.99 0.09201045658574107
C03 319.994 58.775785487566985
C03 324.969 61.665019864564094
C03 349.982 73.65321213128553
C03 374.975 80.84299932197257
C03 400.019 85.53466167025584
C03 424.965 84.515006018446
C03 450.035 84.01954733200726
C03 475.003 84.50889721316491
C03 500.018 85.53961787076692
C03 525.002 86.92149109760174
C03 550.029 88.43933326713936
C03 575.023 90.30580764347938
C03 599.982 92.17166729727539
C03 619.997 92.94937583979545
C03 624.979 93.29093105330996
C03 650.012 94.46055595376238
C03 675.004 95.46336052383461
C03 700.03 95.8646667686267
C03 725.012 96.50308686670633
C03 750.022 97.47764493588139
C03 774.987 98.31189258438658
C03 799.976 98.08096437669815
C03 824.988 97.00809680467259
C03 850.022 95.93725013301047
C03 869.967 93.3999597805216
C03 875.002 92.57321943108509
C03 899.999 85.4477399025331
C03 919.999 77.22528799419864
C03 925.012 74.44901656869483
C03 949.965 61.06788606934642
C03 975.002 50.15975362841544
C03 999.976 29.645770772002844
C03 1025.028 14.548797892699756
C03 1050.014 5.746705848044527
C03 1075.002 0.9286571986544873
C03 1099.99 0.0921405141106626
C04 319.994 58.42145172916891
C04 324.969 61.30648294077137
C04 349.982 73.49587389614665
C04 374.975 81.19881609850806
C04 400.019 86.030758131334
C04 424.965 84.98732808513464
C04 450.035 84.43617553620876
C04 475.003 84.8782071495414
C04 500.018 85.86338455066418
C04 525.002 87.2064995210993
C04 550.029 88.69621045021675
C04 575.023 90.55652991708489
C04 599.982 92.42131380642888
C04 619.997 93.2029719412942
C04 624.979 93.54548765878371
C04 650.012 94.73018862962795
C04 675.004 95.75179602551502
C04 700.03 96.18305462626391
C04 725.012 96.8719818653656
C04 750.022 97.91751733627818
C04 774.987 98.81740966845166
C04 799.976 98.62190484736168
C04 824.988 97.54648617677849
C04 850.022 96.48049581321403
C04 869.967 93.93737328058889
C04 875.002 93.10711364458794
C04 899.999 85.88468468681407
C04 919.999 77.51734267485689
C04 925.012 74.70083765884775
C04 949.965 61.253974109465375
C04 975.002 50.29991421046518
C04 999.976 29.752986067709656
C04 1025.028 14.569719590283482
C04 1050.014 5.748544252652701
C04 1075.002 0.9328472690625605
C04 1099.99 0.09255624904721305
C05 319.994 57.70590316189577
C05 324.969 60.566226369245
C05 349.982 72.83339509450091
C05 374.975 80.87251368811675
C05 400.019 85.7584821485292
C05 424.965 84.68638297968366
C05 450.035 84.08397025461932
C05 475.003 84.46578979476635
C05 500.018 85.39458177054
C05 525.002 86.69641812214498
C05 550.029 88.15520850729881
C05 575.023 89.99087760015223
C05 599.982 91.84211454143265
C05 619.997 92.62854446004582
C05 624.979 92.97238951503675
C05 650.012 94.15546147113936
C05 675.004 95.18798019218258
C05 700.03 95.64155322127897
C05 725.012 96.36930787306656
C05 750.022 97.46004081902736
C05 774.987 98.40108882552217
C05 799.976 98.23902491082623
C05 824.988 97.17262729357635
C05 850.022 96.14584086025602
C05 869.967 93.63355434724468
C05 875.002 92.80841996045439
C05 899.999 85.59699453621828
C05 919.999 77.222506374687
C05 925.012 74.4016445126472
C05 949.965 61.018093543281765
C05 975.002 50.067314725860214
C05 999.976 29.70936574018843
C05 1025.028 14.504604144305448
C05 1050.014 5.714556339244891
C05 1075.002 0.9284885515141656
C05 1099.99 0.09212378109633283
C06 319.994 57.6320211961378
C06 324.969 60.494188571119054
C06 349.982 72.915883175875
C06 374.975 81.29910808156298
C06 400.019 86.27999738680208
C06 424.965 85.1828790104154
C06 450.035 84.53356295524324
C06 475.003 84.87554847453856
C06 500.018 85.76618923242471
C06 525.002 87.04404372078156
C06 550.029 88.49264507976847
C06 575.023 90.32779165845947
C06 599.982 92.18994760892784
C06 619.997 92.98385409048251
C06 624.979 93.32600097444562
C06 650.012 94.52281197940681
C06 675.004 95.57331901889407
C06 700.03 96.04222937546345
C06 725.012 96.78303151324762
C06 750.022 97.89451902910048
C06 774.987 98.84859915352827
C06 799.976 98.6917834325518
C06 824.988 97.64487251994699
C06 850.022 96.6380492012433
C06 869.967 94.14820006108826
C06 875.002 93.3318562066773
C06 899.999 86.1141452444287
C06 919.999 77.68827396225015
C06 925.012 74.85849093929042
C06 949.965 61.4375417871539
C06 975.002 50.40979202319073
C06 999.976 29.93735288470539
C06 1025.028 14.59342002586692
C06 1050.014 5.758527250716996
C06 1075.002 0.9326276664808908
C06 1099.99 0.09253446028080452
C07 319.994 57.35009791140798
C07 324.969 60.21387509105136
C07 349.982 72.70484892651702
C07 374.975 81.20021459229568
C07 400.019 86.12505656958484
C07 424.965 84.98416994806479
C07 450.035 84.30160508729358
C07 475.003 84.61219365265369
C07 500.018 85.4555238267466
C07 525.002 86.67912905059474
C07 550.029 88.0787370228242
C07 575.023 89.88741979599567
C07 599.982 91.73325486292062
C07 619.997 92.51955415299318
C07 624.979 92.86434434389552
C07 650.012 94.05812015629567
C07 675.004 95.10706733732752
C07 700.03 95.56895448883161
C07 725.012 96.27729159226035
C07 750.022 97.33844869982255
C07 774.987 98.23950132079783
C07 799.976 98.07819812525011
C07 824.988 97.06675670343456
C07 850.022 96.07760665787112
C07 869.967 93.61064824844857
C07 875.002 92.80569212916535
C07 899.999 85.69637980352078
C07 919.999 77.33963407141596
C07 925.012 74.54160146785425
C07 949.965 61.3086575217708
C07 975.002 50.27964757659242
C07 999.976 29.800419596011682
C07 1025.028 14.482500066328482
C07 1050.014 5.741234337150868
C07 1075.002 0.9273304492422267
C07 1099.99 0.09200887525283775
C10 319.994 60.87914319624053
C10 324.969 63.866414292959234
C10 349.982 75.50711543160058
C10 374.975 81.26542897018314
C10 400.019 85.54667181195941
C10 424.965 84.54837776855383
C10 450.035 84.20774463885535
C10 475.003 84.8715066738117
C10 500.018 86.03911835793251
C10 525.002 87.52129893588585
C10 550.029 89.11203183107924
C10 575.023 91.02173657032662
C10 599.982 92.92154427661549
C10 619.997 93.70176549753418
C10 624.979 94.04012415381985
C10 650.012 95.19010866899121
C10 675.004 96.16833202133492
C10 700.03 96.56800156735359
C10 725.012 97.27510922569431
C10 750.022 98.37480175273402
C10 774.987 99.33167118070524
C10 799.976 99.1237259121309
C10 824.988 97.97273478879372
C10 850.022 96.89450376257169
C10 869.967 94.47075266396112
C10 875.002 93.66960782445075
C10 899.999 86.67010799726143
C10 919.999 77.80183626822385
C10 925.012 74.80540964761532
C10 949.965 61.261569774899776
C10 975.002 50.92195195274699
C10 999.976 30.212233754290416
C10 1025.028 14.781579873059977
C10 1050.014 5.816722265555064
C10 1075.002 0.9372033254460408
C10 1099.99 0.0929884529597552
C11 319.994 60.03326192358997
C11 324.969 62.972035253602336
C11 349.982 74.7587598905569
C11 374.975 81.13912653948486
C11 400.019 85.62077661463958
C11 424.965 84.6282763312113
C11 450.035 84.21685021653846
C11 475.003 84.79923067069994
C11 500.018 85.90497821479813
C11 525.002 87.34328297117291
C11 550.029 88.90716017522493
C11 575.023 90.80028277384771
C11 599.982 92.69138447210705
C11 619.997 93.4689316499593
C11 624.979 93.81077885668222
C11 650.012 94.96827067092228
C11 675.004 95.96159314575318
C11 700.03 96.3864278959172
C11 725.012 97.13739600777289
C11 750.022 98.29358153660695
C11 774.987 99.30267164469166
C11 799.976 99.13039565173338
C11 824.988 98.00272556490951
C11 850.022 96.9405464811179
C11 869.967 94.50148879116152
C11 875.002 93.70626065613723
C11 899.999 86.7359447817247
C11 919.999 77.92103865353882
C11 925.012 74.94229299010233
C11 949.965 61.41052857336064
C11 975.002 51.179328597891384
C11 999.976 30.24286230504562
C11 1025.028 14.822213993722889
C11 1050.014 5.878548465670666
C11 1075.002 0.936429089283778
C11 1099.99 0.09291163395901163
C12 319.994 59.31375607993978
C12 324.969 62.2265035942452
C12 349.982 74.17604133899623
C12 374.975 81.03123504897965
C12 400.019 85.61031864735965
C12 424.965 84.58712834092175
C12 450.035 84.12023888471579
C12 475.003 84.64372123512949
C12 500.018 85.6978935577854
C12 525.002 87.09887697170709
C12 550.029 88.62836044942186
C12 575.023 90.50074384621615
C12 599.982 92.37859827365213
C12 619.997 93.15875802231642
C12 624.979 93.4993296797605
C12 650.012 94.66067119393243
C12 675.004 95.66772503359012
C12 700.03 96.11760972742245
C12 725.012 96.91850867791521
C12 750.022 98.1234186523937
C12 774.987 99.1849292254187
C12 799.976 99.04282074130762
C12 824.988 97.93662752336503
C12 850.022 96.89618656553591
C12 869.967 94.44720110649381
C12 875.002 93.64775443801126
C12 899.999 86.67334297464927
C12 919.999 77.9120944405235
C12 925.012 74.95998163130616
C12 949.965 61.53456805669377
C12 975.002 51.26684972009454
C12 999.976 30.24362686620973
C12 1025.028 14.78645347022919
C12 1050.014 5.887423522399783
C12 1075.002 0.9348075283917128
C12 1099.99 0.09275074417699829
C13 319.994 59.03416105684539
C13 324.969 61.94812649019113
C13 349.982 74.09754127012638
C13 374.975 81.38332507009208
C13 400.019 86.05619227659233
C13 424.965 84.99409771715052
C13 450.035 84.47202922858803
C13 475.003 84.94968401334593
C13 500.018 85.96001893458227
C13 525.002 87.32285113061644
C13 550.029 88.82796085946129
C13 575.023 90.69583372958893
C13 599.982 92.57019192255585
C13 619.997 93.35168100872156
C13 624.979 93.6961100501293
C13 650.012 94.86952317825919
C13 675.004 95.89552584033592
C13 700.03 96.3715669784158
C13 725.012 97.2208522771538
C13 750.022 98.48534423421027
C13 774.987 99.59776151791095
C13 799.976 99.49225976129556
C13 824.988 98.38980866683961
C13 850.022 97.35395507599515
C13 869.967 94.87344203447724
C13 875.002 94.06532009409237
C13 899.999 87.0176874917072
C13 919.999 78.2307512392737
C13 925.012 75.27909947196437
C13 949.965 61.88820641021394
C13 975.002 51.526170425284356
C13 999.976 30.381862598293555
C13 1025.028 14.807729593779698
C13 1050.014 5.910004970852331
C13 1075.002 0.9382551154328659
C13 1099.99 0.09309281059598838
C14 319.994 58.442890177891194
C14 324.969 61.337626321657176
C14 349.982 73.6215231841419
C14 374.975 81.33018230616258
C14 400.019 86.08990980813117
C14 424.965 85.00075208868941
C14 450.035 84.41950118720254
C14 475.003 84.84133148093271
C14 500.018 85.79939961786474
C14 525.002 87.12454163791942
C14 550.029 88.60434785004654
C14 575.023 90.44956819442748
C14 599.982 92.31808652322633
C14 619.997 93.10117388800646
C14 624.979 93.4459794469724
C14 650.012 94.63102619924763
C14 675.004 95.66986119443054
C14 700.03 96.17116742906914
C14 725.012 97.0616698743829
C14 750.022 98.37693791357445
C14 774.987 99.53551317629832
C14 799.976 99.4570976317783
C14 824.988 98.36485861558468
C14 850.022 97.33754966810193
C14 869.967 94.85091245323933
C14 875.002 94.03244012201974
C14 899.999 86.91782581443309
C14 919.999 78.11239409745674
C14 925.012 75.1681036326119
C14 949.965 61.88347304662508
C14 975.002 51.450048564256655
C14 999.976 30.302959117754213
C14 1025.028 14.757783387079039
C14 1050.014 5.880255761486251
C14 1075.002 0.9372219284471589
C14 1099.99 0.09299029873243592
C15 319.994 57.68939401957326
C15 324.969 60.54490318099972
C15 349.982 72.88197354354115
C15 374.975 80.99141639619152
C15 400.019 85.85658418252109
C15 424.965 84.7568148151634
C15 450.035 84.1293982506215
C15 475.003 84.49910775665158
C15 500.018 85.41035708782562
C15 525.002 86.69196906773271
C15 550.029 88.13604453198936
C15 575.023 89.96235447411026
C15 599.982 91.82145986395398
C15 619.997 92.60716748357794
C15 624.979 92.95181936190788
C15 650.012 94.14223725241139
C15 675.004 95.18702737223937
C15 700.03 95.71112444519709
C15 725.012 96.63510621706386
C15 750.022 97.9712133504973
C15 774.987 99.15550706765612
C15 799.976 99.0937351360151
C15 824.988 98.01582683912868
C15 850.022 97.0086884751212
C15 869.967 94.5366125005198
C15 875.002 93.71451330629054
C15 899.999 86.56890929845409
C15 919.999 77.76436124513475
C15 925.012 74.84564323812066
C15 949.965 61.7033286051035
C15 975.002 51.18287862058303
C15 999.976 30.100006548841986
C15 1025.028 14.688292845494821
C15 1050.014 5.83414052488993
C15 1075.002 0.933356412312112
C15 1099.99 0.09260676577269326
C16 319.994 57.1546238264452
C16 324.969 59.993278064118144
C16 349.982 72.41437715640959
C16 374.975 80.98004402912737
C16 400.019 86.02413449592231
C16 424.965 84.94890792613413
C16 450.035 84.30520121417604
C16 475.003 84.63874198252303
C16 500.018 85.5088510074393
C16 525.002 86.76015716592681
C16 550.029 88.18747375682744
C16 575.023 89.99583380066329
C16 599.982 91.85137379975177
C16 619.997 92.63799581915994
C16 624.979 92.97861358079484
C16 650.012 94.17033007267256
C16 675.004 95.22415661389746
C16 700.03 95.75605297913228
C16 725.012 96.67098296153854
C16 750.022 98.01868529895832
C16 774.987 99.19866827427728
C16 799.976 99.13734970051247
C16 824.988 98.06410561092872
C16 850.022 97.06635713378095
C16 869.967 94.59390464162135
C16 875.002 93.77067589471748
C16 899.999 86.60696062392819
C16 919.999 77.8065235276219
C16 925.012 74.90109889562198
C16 949.965 61.78954344190064
C16 975.002 51.15547736318387
C16 999.976 30.062018616630233
C16 1025.028 14.669921285964755
C16 1050.014 5.819804522810879
C16 1075.002 0.9338086527565842
C16 1099.99 0.09265163665412902
C17 319.994 56.74672852438452
C17 324.969 59.56693724372132
C17 349.982 72.01728176104395
C17 374.975 80.80530146196126
C17 400.019 85.90560830540574
C17 424.965 84.83838081272147
C17 450.035 84.18762015957088
C17 475.003 84.51204766620296
C17 500.018 85.35325704751905
C17 525.002 86.55611538550693
C17 550.029 87.92116058269953
C17 575.023 89.69515763632533
C17 599.982 91.51889342779319
C17 619.997 92.29593345954663
C17 624.979 92.63507588707591
C17 650.012 93.81830152381451
C17 675.004 94.86820152478957
C17 700.03 95.39005486046165
C17 725.012 96.27231233965388
C17 750.022 97.56113194138949
C17 774.987 98.68243964988288
C17 799.976 98.60430073050765
C17 824.988 97.55625258119642
C17 850.022 96.54949841877894
C17 869.967 94.05388625477383
C17 875.002 93.22491753611529
C17 899.999 86.09139282626859
C17 919.999 77.3970798931535
C17 925.012 74.52169982549198
C17 949.965 61.55635997087886
C17 975.002 50.839702076358705
C17 999.976 29.824762608754405
C17 1025.028 14.553886642759373
C17 1050.014 5.782017335929906
C17 1075.002 0.9294500590977184
C17 1099.99 0.09221918099545406
