lsstCam/transmission_filter_detector/r11_s22/y_10/19700101T000000.ecsv
# %ECSV 1.0
# ---
# datatype:
# - {name: wavelength, unit: nm, datatype: float32}
# - {name: efficiency, unit: '%', datatype: float64}
# meta: !!omap
# - {MODE: DETECTOR}
# - {TYPE: transmission_filter_detector}
# - {CALIBDATE: '1970-01-01T00:00:00'}
# - {INSTRUME: LSSTCam}
# - {OBSTYPE: transmission_filter_detector}
# - {CALIBCLS: lsst.ip.isr.IntermediateFilterDetectorTransmissionCurve}
# - {SOURCE: Materion (DM-46256)}
# - {DETECTOR: 44}
# - {FILTER: y_10}
# - {CALIB_ID: 'calibDate=1970-01-01T00:00:00 filter=y_10 detector=44'}
# - {DATE: '2025-04-02T15:59:50.945780'}
# - {CALIB_CREATION_DATE: '2025-04-02'}
# - {CALIB_CREATION_TIME: '15:59:50'}
# - __serialized_columns__:
#     efficiency:
#       __class__: astropy.units.quantity.Quantity
#       unit: !astropy.units.Unit {unit: '%'}
#       value: !astropy.table.SerializedColumn {name: efficiency}
#     wavelength:
#       __class__: astropy.units.quantity.Quantity
#       unit: !astropy.units.Unit {unit: nm}
#       value: !astropy.table.SerializedColumn {name: wavelength}
# schema: astropy-2.0
wavelength efficiency
[from data line 576]
876.0 0.003098417801083997
877.0 0.002063224746962078
878.0 0.0010280320566380396
879.0 0.0016862435586517677
880.0 0.0796593027189374
881.0 0.0877623911947012
882.0 0.07817966979928315
883.0 0.10569362202659249
884.0 0.06221755174919963
885.0 0.09856133256107569
886.0 0.0710192252881825
887.0 0.10780502343550324
888.0 0.07614843198098242
889.0 0.1069285674020648
890.0 0.07427669479511678
891.0 0.1032287604175508
892.0 0.07388873491436243
893.0 0.10562270181253552
894.0 0.09401312563568354
895.0 0.12293631443753839
896.0 0.08342170040123165
897.0 0.12984398053959012
898.0 0.10043582879006863
899.0 0.13203510316088796
900.0 0.11399497743695974
901.0 0.15673362649977207
902.0 0.17844763351604342
903.0 0.20304012577980757
904.0 0.24695440661162138
905.0 0.2858744468539953
906.0 0.36919445265084505
907.0 0.4847888834774494
908.0 0.667854119092226
909.0 0.9249738417565823
910.0 1.3153117150068283
911.0 1.8676260486245155
912.0 2.7305755764245987
913.0 4.014729335904121
914.0 5.463183298707008
915.0 7.510627806186676
916.0 9.934677928686142
917.0 12.508374452590942
918.0 15.355950593948364
919.0 18.049252033233643
920.0 21.68593406677246
921.0 25.545644760131836
922.0 29.47852909564972
923.0 34.18125808238983
924.0 39.23377990722656
925.0 44.77308988571167
926.0 51.3067901134491
927.0 58.186280727386475
928.0 64.12968635559082
929.0 70.45928835868835
930.0 75.85813999176025
931.0 81.07514381408691
932.0 85.71903109550476
933.0 89.5704984664917
934.0 92.25884675979614
935.0 94.12429332733154
936.0 95.45045495033264
937.0 96.38729691505432
938.0 96.96736931800842
939.0 97.20176458358765
940.0 97.45751619338989
941.0 97.542804479599
942.0 97.69513010978699
943.0 97.73969650268555
944.0 97.9949414730072
945.0 97.92753458023071
946.0 97.97689914703369
947.0 97.92959094047546
948.0 98.06769490242004
949.0 97.94915914535522
950.0 98.10450673103333
951.0 98.17642569541931
952.0 98.24321866035461
953.0 98.42703938484192
954.0 98.50891828536987
955.0 98.56873154640198
956.0 98.77144694328308
957.0 98.88482689857483
958.0 99.02644753456116
959.0 99.07768368721008
960.0 99.11695122718811
961.0 99.17274713516235
962.0 99.22583103179932
963.0 99.21648502349854
964.0 99.23799633979797
965.0 99.23727512359619
966.0 99.31021928787231
967.0 99.39104318618774
968.0 99.38028454780579
969.0 99.34775233268738
970.0 99.40475821495056
971.0 99.47956800460815
972.0 99.5021402835846
973.0 99.6106743812561
974.0 99.56356883049011
975.0 99.55852031707764
976.0 99.58866238594055
977.0 99.56403970718384
978.0 99.6224045753479
979.0 99.51740503311157
980.0 99.4952380657196
981.0 99.38139915466309
982.0 99.34107065200806
983.0 99.35634136199951
984.0 99.31246042251587
985.0 99.36822056770325
986.0 99.22749400138855
987.0 99.28985834121704
988.0 99.21451807022095
989.0 99.23362731933594
990.0 99.22373294830322
991.0 99.26379323005676
992.0 99.34161901473999
993.0 99.29062128067017
994.0 99.24494624137878
995.0 99.31531548500061
996.0 99.31599497795105
997.0 99.437415599823
998.0 99.4857668876648
999.0 99.51083660125732
1000.0 99.51896071434021
1001.0 99.48636293411255
1002.0 99.58459734916687
1003.0 99.58276152610779
1004.0 99.63412880897522
1005.0 99.53908324241638
1006.0 99.70755577087402
1007.0 99.62452054023743
1008.0 99.60607886314392
1009.0 99.53571557998657
1010.0 99.60961937904358
1011.0 99.5595395565033
1012.0 99.49636459350586
1013.0 99.49220418930054
1014.0 99.48216080665588
1015.0 99.46154952049255
1016.0 99.44615960121155
1017.0 99.48445558547974
1018.0 99.54383373260498
1019.0 99.45763349533081
1020.0 99.54284429550171
1021.0 99.65787529945374
1022.0 99.60655570030212
1023.0 99.61624145507812
1024.0 99.59108829498291
1025.0 99.59439635276794
1026.0 99.6759831905365
1027.0 99.77113604545593
1028.0 99.66013431549072
1029.0 99.78312849998474
1030.0 99.82377290725708
1031.0 99.75316524505615
1032.0 99.76980090141296
1033.0 99.70923066139221
1034.0 99.7309684753418
1035.0 99.78950023651123
1036.0 99.71928596496582
1037.0 99.70712065696716
1038.0 99.70743656158447
1039.0 99.58851933479309
1040.0 99.57162737846375
1041.0 99.60559606552124
1042.0 99.60669875144958
1043.0 99.46955442428589
1044.0 99.58169460296631
1045.0 99.32836294174194
1046.0 99.56833720207214
1047.0 99.41855072975159
1048.0 99.49501752853394
1049.0 99.44473505020142
1050.0 99.53665733337402
1051.0 99.43107962608337
1052.0 99.44724440574646
1053.0 99.32587742805481
1054.0 99.57458972930908
1055.0 99.55931901931763
1056.0 99.42883849143982
1057.0 99.60809350013733
1058.0 99.457848072052
1059.0 99.4589626789093
1060.0 99.5079517364502
1061.0 99.4100272655487
1062.0 99.43941235542297
1063.0 99.38507080078125
1064.0 99.54473972320557
1065.0 99.37873482704163
1066.0 99.39813017845154
1067.0 99.57854151725769
1068.0 99.49033856391907
1069.0 99.23628568649292
1070.0 99.52226877212524
1071.0 99.35298562049866
1072.0 99.5171844959259
1073.0 99.57875609397888
1074.0 99.2289125919342
1075.0 99.25612211227417
1076.0 98.96469116210938
1077.0 99.36407804489136
1078.0 99.72147345542908
1079.0 99.24017786979675
1080.0 99.9402403831482
1081.0 98.99897575378418
1082.0 99.13753271102905
1083.0 99.06277060508728
1084.0 99.46197271347046
1085.0 99.34532046318054
1086.0 99.26111102104187
1087.0 99.24545288085938
1088.0 98.94096851348877
1089.0 98.98107647895813
1090.0 99.15120601654053
1091.0 99.14441704750061
1092.0 98.89628887176514
1093.0 99.07153844833374
1094.0 98.52520823478699
1095.0 98.74539971351624
1096.0 98.94605875015259
1097.0 98.65835905075073
1098.0 98.18047285079956
1099.0 98.94275665283203
1100.0 98.6180305480957
