lsstCam/transmission_filter_detector/r11_s22/y_10/19700101T000000.ecsv
# %ECSV 1.0
# ---
# datatype:
# - {name: wavelength, unit: nm, datatype: float32}
# - {name: efficiency, unit: '%', datatype: float64}
# meta: !!omap
# - {MODE: DETECTOR}
# - {TYPE: transmission_filter_detector}
# - {CALIBDATE: '1970-01-01T00:00:00'}
# - {INSTRUME: LSSTCam}
# - {OBSTYPE: transmission_filter_detector}
# - {CALIBCLS: lsst.ip.isr.IntermediateFilterDetectorTransmissionCurve}
# - {SOURCE: Materion (DM-46256)}
# - {DETECTOR: 44}
# - {FILTER: y_10}
# - {CALIB_ID: 'calibDate=1970-01-01T00:00:00 filter=y_10 detector=44'}
# - {DATE: '2025-04-02T15:59:50.945780'}
# - {CALIB_CREATION_DATE: '2025-04-02'}
# - {CALIB_CREATION_TIME: '15:59:50'}
# - __serialized_columns__:
#     efficiency:
#       __class__: astropy.units.quantity.Quantity
#       unit: !astropy.units.Unit {unit: '%'}
#       value: !astropy.table.SerializedColumn {name: efficiency}
#     wavelength:
#       __class__: astropy.units.quantity.Quantity
#       unit: !astropy.units.Unit {unit: nm}
#       value: !astropy.table.SerializedColumn {name: wavelength}
# schema: astropy-2.0
wavelength efficiency
300.0 0.5346122197806835
301.0 0.28629107400774956
302.0 0.03796989331021905
303.0 0.033335245097987354
304.0 0.028700599796138704
305.0 0.019419717136770487
306.0 0.010138831567019224
307.0 0.01764279295457527
308.0 0.02514675143174827
309.0 0.01674078230280429
310.0 0.008334811718668789
311.0 0.007913209992693737
312.0 0.007491606083931401
313.0 0.007095046748872846
314.0 0.00669848668621853
315.0 0.0063382853113580495
316.0 0.0059780872106784955
317.0 0.005740423148381524
318.0 0.005502755811903626
319.0 0.0025724242732394487
320.0 1.5787064580954913e-10
321.0 0.001830460678320378
322.0 0.004018830077257007
323.0 0.0034229167795274407
324.0 0.002827004027494695
325.0 0.0012627150681510102
326.0 1.5787064580954913e-10
327.0 0.000715530950401444
328.0 0.001732635973894503
329.0 0.003212052251910791
330.0 0.004691468711826019
331.0 0.003974331775680184
332.0 0.003257194475736469
333.0 0.002486346784280613
334.0 0.0017154987290268764
335.0 0.002081543607346248
336.0 0.0024475886675645597
337.0 0.0029705977794947103
338.0 0.0034936063457280397
339.0 0.002069993752229493
340.0 0.000646380885882536
341.0 0.00012430496099113952
342.0 1.5787064580954913e-10
343.0 0.00035457640024105785
344.0 0.0011069242646044586
345.0 0.0014175619980960619
346.0 0.0017282003682339564
347.0 0.0016241727280430496
348.0 0.0015201449969026726
349.0 0.0011883920706168283
350.0 0.0008566389624320436
351.0 0.0013369978660193738
352.0 0.001817356314859353
353.0 0.0015191112652246375
354.0 0.001220866306539392
355.0 0.0012123895430704579
356.0 0.0012039126886520535
357.0 0.0008212480679503642
358.0 0.00043858331082446966
359.0 0.0007344305686274311
360.0 0.0010302777809556574
361.0 0.0013263222172099631
362.0 0.0016223662896663882
363.0 0.0012093132681911811
364.0 0.0007962598829180934
365.0 0.0011992268809990492
366.0 0.0016021946066757664
367.0 0.00207294706342509
368.0 0.0025436993382754736
369.0 0.0021095551346661523
370.0 0.0016754112948547117
371.0 0.0017306347217527218
372.0 0.0017858577848528512
373.0 0.0021314635887392797
374.0 0.0024770692107267678
375.0 0.0034281692933291197
376.0 0.004379269012133591
377.0 0.004258487751940265
378.0 0.004137706127949059
379.0 0.003550990004441701
380.0 0.0029642736990354024
381.0 0.0019599068764364347
382.0 0.0009555398719385266
383.0 0.0010120126717083622
384.0 0.0010684850167308468
385.0 0.000845742215460632
386.0 0.0006229994141904172
387.0 0.0007111906143109081
388.0 0.0007993819053808693
389.0 0.0006472410859714728
390.0 0.0004951004484610166
391.0 0.00043328068386472296
392.0 0.00037146101021789946
393.0 0.0005514778877113713
394.0 0.0007314949925785186
395.0 0.0006442213816626463
396.0 0.0005569478162215091
397.0 0.0007577284577564569
398.0 0.0009585090083419345
399.0 0.001178500497189816
400.0 0.0013984918950882275
401.0 0.0015972893379512243
402.0 0.0017960868717636913
403.0 0.0018417076717014425
404.0 0.0018873282897402532
405.0 0.001788284680515062
406.0 0.0016892412531888112
407.0 0.0013857275916961953
408.0 0.00108221420305199
409.0 0.0008243366210081149
410.0 0.0005664587206410943
411.0 0.00027414380383561365
412.0 1.5787064580954913e-10
413.0 0.00038683342609147076
414.0 0.0007918376468296628
415.0 0.0017352007489535026
416.0 0.0026785639420268126
417.0 0.0010799852134368848
418.0 1.5787064580954913e-10
419.0 1.5787064580954913e-10
420.0 1.5787064580954913e-10
421.0 1.5787064580954913e-10
422.0 0.0008403562787862029
423.0 0.0006115556516306242
424.0 0.00038275475162663497
425.0 3.2998335086631414e-05
426.0 1.5787064580954913e-10
427.0 7.77666002704791e-05
428.0 0.00047229123083525337
429.0 0.00023124480321712326
430.0 1.5787064580954913e-10
431.0 0.0004966987035004422
432.0 0.0010031992133008316
433.0 0.001011110271065263
434.0 0.0010190217835770454
435.0 0.0003440339696680894
436.0 1.5787064580954913e-10
437.0 1.5787064580954913e-10
438.0 0.00024492255761288106
439.0 1.5787064580954913e-10
440.0 1.5787064580954913e-10
441.0 1.5787064580954913e-10
442.0 1.5787064580954913e-10
443.0 1.5787064580954913e-10
444.0 5.289808768793591e-06
445.0 0.00031785687042429345
446.0 0.000630423846814665
447.0 0.000785014435678022
448.0 0.0009396048881171737
449.0 0.0008733680260775145
450.0 0.0008071310730883852
451.0 0.0005208406946621835
452.0 0.00023455040718545206
453.0 0.00014394397567230044
454.0 5.333742478796921e-05
455.0 1.5787064580954913e-10
456.0 1.5787064580954913e-10
457.0 1.5787064580954913e-10
458.0 1.5787064580954913e-10
459.0 1.5787064580954913e-10
460.0 0.0002709302407311043
461.0 0.000438344432041049
462.0 0.0006057586233509937
463.0 0.00043663949327310547
464.0 0.0002675204541446874
465.0 0.0004456922852114076
466.0 0.0006238642981770681
467.0 0.0011498916137497872
468.0 0.001675918792898301
469.0 0.0017664406186668202
470.0 0.0018569620806374587
471.0 0.0019005545254913159
472.0 0.0019441466065472923
473.0 0.002341897925361991
474.0 0.002739649062277749
475.0 0.0027910708013223484
476.0 0.0028424923584680073
477.0 0.0033001739211613312
478.0 0.003757855301955715
479.0 0.004272946898709051
480.0 0.004788038495462388
481.0 0.004791403262061067
482.0 0.004794768028659746
483.0 0.004198318129056133
484.0 0.0036018682294525206
485.0 0.0038386548112612218
486.0 0.004075441029272042
487.0 0.0034633387258509174
488.0 0.0028512358767329715
489.0 0.002436940121697262
490.0 0.0020226449123583734
491.0 0.0017762993593350984
492.0 0.0015299534425139427
493.0 0.001224113475473132
494.0 0.000918273872230202
495.0 0.0010157300494029187
496.0 0.0011131864084745757
497.0 0.0016725831301300786
498.0 0.002231980033684522
499.0 0.0024292301532113925
500.0 0.0026264800908393227
501.0 0.0027743171813199297
502.0 0.0029221542718005367
503.0 0.002902219603129197
504.0 0.002882284752558917
505.0 0.0031789510103408247
506.0 0.0034756176319206133
507.0 0.0024939126888057217
508.0 0.0015122072909434792
509.0 0.001790158603398595
510.0 0.00206810946110636
511.0 0.002233705163234845
512.0 0.0023993006834643893
513.0 0.002124166894645896
514.0 0.001849033469625283
515.0 0.0015503877875744365
516.0 0.0012517420145741198
517.0 0.0013461096386890858
518.0 0.0014404769899556413
519.0 0.0016294554370688275
520.0 0.0018184335203841329
521.0 0.001848438841989264
522.0 0.0018784436178975739
523.0 0.0017442867829231545
524.0 0.0016101299479487352
525.0 0.0021574483980657533
526.0 0.002704767757677473
527.0 0.0025262252165703103
528.0 0.0023476832211599685
529.0 0.0025142891900031827
530.0 0.0026808949769474566
531.0 0.0025119283236563206
532.0 0.002342961306567304
533.0 0.0024540937374695204
534.0 0.0025652258045738563
535.0 0.0023464028345188126
536.0 0.0021275796825648285
537.0 0.0024377335648750886
538.0 0.0027478872652864084
539.0 0.0034668846637941897
540.0 0.00418588169850409
541.0 0.004161674587521702
542.0 0.004137467476539314
543.0 0.004454205554793589
544.0 0.0047709439968457446
545.0 0.0048817062634043396
546.0 0.004992468893760815
547.0 0.004054049350088462
548.0 0.003115629806416109
549.0 0.0028940925403730944
550.0 0.002672554910532199
551.0 0.002669356399565004
552.0 0.002666157524799928
553.0 0.0030681138014188036
554.0 0.0034700693504419178
555.0 0.0037092544516781345
556.0 0.003948439916712232
557.0 0.00367095744877588
558.0 0.003393474980839528
559.0 0.003147080133203417
560.0 0.0029006851036683656
561.0 0.003236837437725626
562.0 0.003572989226086065
563.0 0.00342386556440033
564.0 0.0032747415389167145
565.0 0.0038025838875910267
566.0 0.00433042660006322
567.0 0.004619755418389104
568.0 0.004909084236714989
569.0 0.005347194746718742
570.0 0.005785305256722495
571.0 0.005910577601753175
572.0 0.006035850310581736
573.0 0.006277633656281978
574.0 0.006519418093375862
575.0 0.006466831837315112
576.0 0.0064142463088501245
577.0 0.00570540432818234
578.0 0.004996563075110316
579.0 0.00577025166421663
580.0 0.0065439409809187055
581.0 0.007245227607199922
582.0 0.007946514233481139
583.0 0.008988661284092814
584.0 0.010030806879512966
585.0 0.010355225822422653
586.0 0.010679644765332341
587.0 0.01043863594532013
588.0 0.010197624214924872
589.0 0.010267616744386032
590.0 0.010337612911826
591.0 0.009456585394218564
592.0 0.008575556421419606
593.0 0.007129209552658722
594.0 0.0056828645028872415
595.0 0.005638786751660518
596.0 0.005594709364231676
597.0 0.00608580703556072
598.0 0.0065769047068897635
599.0 0.0077227348810993135
600.0 0.008868564327713102
601.0 0.009554696589475498
602.0 0.010240824485663325
603.0 0.010880471381824464
604.0 0.011520119005581364
605.0 0.011287372035440058
606.0 0.011054625792894512
607.0 0.009484170004725456
608.0 0.007913716399343684
609.0 0.006229221617104486
610.0 0.004544727198663168
611.0 0.0037603553209919482
612.0 0.002975983079522848
613.0 0.0034843214962165803
614.0 0.003992659185314551
615.0 0.004951982919010334
616.0 0.0059113077440997586
617.0 0.00737798327463679
618.0 0.008844658441375941
619.0 0.009916070848703384
620.0 0.010987481800839305
621.0 0.011641590390354395
622.0 0.012295700435061008
623.0 0.01186132212751545
624.0 0.01142694236477837
625.0 0.009991877595894039
626.0 0.008556809916626662
627.0 0.0067870285420212895
628.0 0.005017244257032871
629.0 0.004188085949863307
630.0 0.003358927642693743
631.0 0.002878188206523191
632.0 0.002397448588453699
633.0 0.0025493027351330966
634.0 0.002701157245610375
635.0 0.0029122606065357104
636.0 0.0031233634217642248
637.0 0.0039447404560633
638.0 0.004766117126564495
639.0 0.0048014160711318254
640.0 0.004836714288103394
641.0 0.005267162487143651
642.0 0.005697610686183907
643.0 0.005394233085098676
644.0 0.005090855484013446
645.0 0.004758444265462458
646.0 0.00442603268311359
647.0 0.003487478898023255
648.0 0.002548925294831861
649.0 0.0018352871848037466
650.0 0.0011216487109777518
651.0 0.0013121885785949416
652.0 0.0015027289009594824
653.0 0.0015756764696561731
654.0 0.001648624129302334
655.0 0.0016694701116648503
656.0 0.0016903162759263068
657.0 0.0015980316675268114
658.0 0.0015057473319757264
659.0 0.0017021908206515945
660.0 0.0018986344002769329
661.0 0.0017130341802840121
662.0 0.0015274339602910914
663.0 0.0022641448595095426
664.0 0.003000856304424815
665.0 0.003558587923180312
666.0 0.004116319178137928
667.0 0.004969029760104604
668.0 0.005821739250677638
669.0 0.0062198225350584835
670.0 0.006617903272854164
671.0 0.007057905168039724
672.0 0.007497907790821046
673.0 0.007915269088698551
674.0 0.008332629658980295
675.0 0.007586141146020964
676.0 0.006839654815848917
677.0 0.005486909867613576
678.0 0.004134164919378236
679.0 0.002695765215321444
680.0 0.0012573664207593538
681.0 0.0005418837190518389
682.0 1.5787064580954913e-10
683.0 0.00018572260387372808
684.0 0.000545044349564705
685.0 0.0003367435056134127
686.0 0.00012844266166212037
687.0 0.00021151211058167974
688.0 0.00029458158223860664
689.0 0.0003645873221103102
690.0 0.0004345930847193813
691.0 0.0004933908712700941
692.0 0.0005521886578208068
693.0 0.00039496708268416114
694.0 0.0002377454848101479
695.0 0.00041881799006660003
696.0 0.0005998905180604197
697.0 0.0005323439381754724
698.0 0.000464797267341055
699.0 0.0004089894900971558
700.0 0.0003531815082169487
701.0 0.00024018509066081606
702.0 0.0001271887185794185
703.0 0.0002683684215298854
704.0 0.0004095481472177198
705.0 0.000448663240604219
706.0 0.0004877781520917779
707.0 0.00016375468021578854
708.0 1.5787064580954913e-10
709.0 3.8867449347890215e-05
710.0 0.00023800373583071632
711.0 0.0004636912308342289
712.0 0.0006893787485751091
713.0 0.00047734806685184594
714.0 0.0002653174306033179
715.0 0.00031109113933780463
716.0 0.00035686484807229135
717.0 0.0002793574594761594
718.0 0.00020185009361739503
719.0 0.0003665292069854331
720.0 0.0005312082521413686
721.0 0.0004652268671634374
722.0 0.00039924557313497644
723.0 0.00040806721699482296
724.0 0.0004168886789557291
725.0 0.0004936112873110687
726.0 0.0005703340320906136
727.0 0.0002879997964555514
728.0 5.665811642074914e-06
729.0 0.00023638194761588238
730.0 0.0004670981979870703
731.0 0.0006217441296030302
732.0 0.0007763902431179304
733.0 0.00023447021249012323
734.0 1.5787064580954913e-10
735.0 1.5787064580954913e-10
736.0 1.5787064580954913e-10
737.0 0.00042391357055748813
738.0 0.0010229785402771086
739.0 0.0006487667178589618
740.0 0.00027455450890556676
741.0 0.00015570481082249898
742.0 3.685507010686706e-05
743.0 1.5787064580954913e-10
744.0 1.5787064580954913e-10
745.0 0.0003112662170678959
746.0 0.0007088198799465317
747.0 0.0004815049578610342
748.0 0.00025419012672500685
749.0 5.1730785344261676e-05
750.0 1.5787064580954913e-10
751.0 1.5787064580954913e-10
752.0 5.1145497081961366e-05
753.0 0.0002213323114119703
754.0 0.0003915191427950049
755.0 1.5787064580954913e-10
756.0 1.5787064580954913e-10
757.0 1.5787064580954913e-10
758.0 1.5787064580954913e-10
759.0 0.00014869091273794766
760.0 0.0006571905942109879
761.0 0.0003390695610505645
762.0 2.0948368728568312e-05
763.0 1.5787064580954913e-10
764.0 1.5787064580954913e-10
765.0 0.00016505100575159304
766.0 0.0004783911208505742
767.0 1.5787064580954913e-10
768.0 1.5787064580954913e-10
769.0 1.5787064580954913e-10
770.0 1.5787064580954913e-10
771.0 1.5787064580954913e-10
772.0 1.5787064580954913e-10
773.0 0.0002441939159325557
774.0 0.0006757670689694351
775.0 0.00042494402805459686
776.0 0.00017412086208423716
777.0 0.0002683892034838209
778.0 0.00036265748803998576
779.0 0.0005543739916902268
780.0 0.0007460906090273056
781.0 0.0006031294560671085
782.0 0.0004601682576321764
783.0 0.00037024640278104926
784.0 0.00028032457066728966
785.0 7.912560135991953e-05
786.0 1.5787064580954913e-10
787.0 0.0004585820988722844
788.0 0.0010392377589596435
789.0 0.000873132830747636
790.0 0.0007070279025356285
791.0 0.0005419049557531253
792.0 0.00037678189528378425
793.0 0.00047788789743208326
794.0 0.0005789936039946042
795.0 0.0007288736924238037
796.0 0.0008787535989540629
797.0 0.0004109040219191229
798.0 1.5787064580954913e-10
799.0 0.0004897025064565241
800.0 0.0010363505680288654
801.0 0.000618352169112768
802.0 0.0002003537929340382
803.0 0.00031359807053377153
804.0 0.0004268423253961373
805.0 0.0007116720553312916
806.0 0.000996501785266446
807.0 0.0006359438430081354
808.0 0.00027538594622456003
809.0 1.7083931425077026e-05
810.0 1.5787064580954913e-10
811.0 0.0002285268465129775
812.0 0.0006982715603953693
813.0 0.0009218503691954538
814.0 0.0011454291779955383
815.0 0.0010567764547886327
816.0 0.000968123185884906
817.0 0.0008548728146706708
818.0 0.0007416225344059058
819.0 0.000888974955159938
820.0 0.0010363275578129105
821.0 0.0009236050573235843
822.0 0.0008108826477837283
823.0 0.0007745649782009423
824.0 0.0007382476269413019
825.0 0.0007529236427217256
826.0 0.0007675997949263547
827.0 0.0007740274668321945
828.0 0.0007804552296875045
829.0 0.0005036861239204882
830.0 0.00022691699541610433
831.0 0.00020882041553704767
832.0 0.00019072401755693136
833.0 0.00044623593566939235
834.0 0.0007017476491455454
835.0 0.00011720605925802374
836.0 1.5787064580954913e-10
837.0 1.5787064580954913e-10
838.0 1.5787064580954913e-10
839.0 0.00037417871681100223
840.0 0.0007567331977043068
841.0 0.0010186965482716914
842.0 0.0012806599443138111
843.0 0.0009531256182526704
844.0 0.0006255908829189138
845.0 0.0005728042197006289
846.0 0.0005200174200581387
847.0 0.000837188599689398
848.0 0.0011543598702701274
849.0 0.0010034539627667982
850.0 0.0008525476914655883
851.0 0.0010526672667765524
852.0 0.0012527867511380464
853.0 0.0005188723207538715
854.0 1.5787064580954913e-10
855.0 1.5787064580954913e-10
856.0 1.5787064580954913e-10
857.0 0.00041825996959232725
858.0 0.0014114449186308775
859.0 0.0011985822311544325
860.0 0.000985719270829577
861.0 0.001270978737011319
862.0 0.0015562383850920014
863.0 0.0017773136278265156
864.0 0.00199838905245997
865.0 0.002062157182081137
866.0 0.002125925493601244
867.0 0.0027614349164650775
868.0 0.003396944157429971
869.0 0.0029462462407536805
870.0 0.00249554832407739
871.0 0.0031143095839070156
872.0 0.003733071207534522
873.0 0.0028652229957515374
874.0 0.001997375329665374
