lsstCam/transmission_filter_detector/r32_s00/y_10/19700101T000000.ecsv
# %ECSV 1.0
# ---
# datatype:
# - {name: wavelength, unit: nm, datatype: float32}
# - {name: efficiency, unit: '%', datatype: float64}
# meta: !!omap
# - {MODE: DETECTOR}
# - {TYPE: transmission_filter_detector}
# - {CALIBDATE: '1970-01-01T00:00:00'}
# - {INSTRUME: LSSTCam}
# - {OBSTYPE: transmission_filter_detector}
# - {CALIBCLS: lsst.ip.isr.IntermediateFilterDetectorTransmissionCurve}
# - {SOURCE: Materion (DM-46256)}
# - {DETECTOR: 135}
# - {FILTER: y_10}
# - {CALIB_ID: 'calibDate=1970-01-01T00:00:00 filter=y_10 detector=135'}
# - {DATE: '2025-04-02T15:59:51.370374'}
# - {CALIB_CREATION_DATE: '2025-04-02'}
# - {CALIB_CREATION_TIME: '15:59:51'}
# - __serialized_columns__:
#     efficiency:
#       __class__: astropy.units.quantity.Quantity
#       unit: !astropy.units.Unit {unit: '%'}
#       value: !astropy.table.SerializedColumn {name: efficiency}
#     wavelength:
#       __class__: astropy.units.quantity.Quantity
#       unit: !astropy.units.Unit {unit: nm}
#       value: !astropy.table.SerializedColumn {name: wavelength}
# schema: astropy-2.0
wavelength efficiency
[from data line 578]
878.0 0.0021703188394894823
879.0 0.0018883138181990944
880.0 0.04166938306298107
881.0 0.10573716135695577
882.0 0.04386179207358509
883.0 0.09645637474022806
884.0 0.040129770059138536
885.0 0.10455893352627754
886.0 0.03842263831757009
887.0 0.10630189208313823
888.0 0.03260609810240567
889.0 0.1000723335891962
890.0 0.035577642847783864
891.0 0.09525118512101471
892.0 0.037305394653230906
893.0 0.09939344599843025
894.0 0.050928385462611914
895.0 0.11098602553829551
896.0 0.05757853505201638
897.0 0.12698874343186617
898.0 0.07360166637226939
899.0 0.14065850991755724
900.0 0.08807582198642194
901.0 0.15211718855425715
902.0 0.17411592416465282
903.0 0.19441525219008327
904.0 0.23642657324671745
905.0 0.28356160037219524
906.0 0.35713776014745235
907.0 0.47399173490703106
908.0 0.6488298065960407
909.0 0.8736269548535347
910.0 1.274794340133667
911.0 1.8062319606542587
912.0 2.651360258460045
913.0 3.883020579814911
914.0 5.297414213418961
915.0 7.346285879611969
916.0 9.744051098823547
917.0 12.295759469270706
918.0 15.145304799079895
919.0 17.837095260620117
920.0 21.491196751594543
921.0 25.3637433052063
922.0 29.27255630493164
923.0 33.92001688480377
924.0 38.96414637565613
925.0 44.47017014026642
926.0 50.99521279335022
927.0 57.87227749824524
928.0 63.8585090637207
929.0 70.18352150917053
930.0 75.64669251441956
931.0 80.9015154838562
932.0 85.67196130752563
933.0 89.5761787891388
934.0 92.30384826660156
935.0 94.15454268455505
936.0 95.56869864463806
937.0 96.48634791374207
938.0 97.0905601978302
939.0 97.31882214546204
940.0 97.54862189292908
941.0 97.66098260879517
942.0 97.84048795700073
943.0 97.89397120475769
944.0 98.08449149131775
945.0 98.01665544509888
946.0 98.05648922920227
947.0 98.02360534667969
948.0 98.18558692932129
949.0 98.08868169784546
950.0 98.22380542755127
951.0 98.2826828956604
952.0 98.36573004722595
953.0 98.54893088340759
954.0 98.63173961639404
955.0 98.67895245552063
956.0 98.84530901908875
957.0 98.97468686103821
958.0 99.12649393081665
959.0 99.12089109420776
960.0 99.1819679737091
961.0 99.24542307853699
962.0 99.26595091819763
963.0 99.28561449050903
964.0 99.33581948280334
965.0 99.31445121765137
966.0 99.42983388900757
967.0 99.475759267807
968.0 99.4401216506958
969.0 99.47143197059631
970.0 99.52435493469238
971.0 99.54524636268616
972.0 99.59319829940796
973.0 99.67320561408997
974.0 99.66777563095093
975.0 99.61908459663391
976.0 99.66105818748474
977.0 99.60427284240723
978.0 99.68291521072388
979.0 99.59990978240967
980.0 99.56554174423218
981.0 99.48961138725281
982.0 99.41692352294922
983.0 99.4465708732605
984.0 99.41998720169067
985.0 99.43801164627075
986.0 99.315744638443
987.0 99.4000256061554
988.0 99.31467771530151
989.0 99.30980801582336
990.0 99.30148124694824
991.0 99.3461549282074
992.0 99.40674901008606
993.0 99.36705231666565
994.0 99.34845566749573
995.0 99.40704107284546
996.0 99.37760829925537
997.0 99.53030347824097
998.0 99.55136179924011
999.0 99.57318902015686
1000.0 99.59995150566101
1001.0 99.56001043319702
1002.0 99.64231252670288
1003.0 99.66073632240295
1004.0 99.7295618057251
1005.0 99.6327817440033
1006.0 99.75854158401489
1007.0 99.70040321350098
1008.0 99.68758225440979
1009.0 99.5877206325531
1010.0 99.67861771583557
1011.0 99.66995120048523
1012.0 99.6042251586914
1013.0 99.5886743068695
1014.0 99.58442449569702
1015.0 99.5442271232605
1016.0 99.51165318489075
1017.0 99.60347414016724
1018.0 99.64466094970703
1019.0 99.53117370605469
1020.0 99.63216185569763
1021.0 99.76555109024048
1022.0 99.63903427124023
1023.0 99.681955575943
1024.0 99.67060685157776
1025.0 99.67835545539856
1026.0 99.7393548488617
1027.0 99.85756874084473
1028.0 99.75367784500122
1029.0 99.87082481384277
1030.0 99.9100923538208
1031.0 99.79622960090637
1032.0 99.87426996231079
1033.0 99.8079001903534
1034.0 99.84357953071594
1035.0 99.86163973808289
1036.0 99.7877836227417
1037.0 99.7981309890747
1038.0 99.75736737251282
1039.0 99.68143105506897
1040.0 99.66861009597778
1041.0 99.73727464675903
1042.0 99.60379004478455
1043.0 99.60842728614807
1044.0 99.68835711479187
1045.0 99.40549731254578
1046.0 99.60604310035706
1047.0 99.61433410644531
1048.0 99.62040185928345
1049.0 99.5786964893341
1050.0 99.53153133392334
1051.0 99.52759742736816
1052.0 99.51370358467102
1053.0 99.38808083534241
1054.0 99.63884353637695
1055.0 99.71219301223755
1056.0 99.54482913017273
1057.0 99.63390231132507
1058.0 99.48150515556335
1059.0 99.46795105934143
1060.0 99.62562322616577
1061.0 99.5276391506195
1062.0 99.44909811019897
1063.0 99.47213530540466
1064.0 99.60083365440369
1065.0 99.55090880393982
1066.0 99.54320192337036
1067.0 99.62706565856934
1068.0 99.58563446998596
1069.0 99.3387758731842
1070.0 99.63629245758057
1071.0 99.56972002983093
1072.0 99.49051141738892
1073.0 99.74392652511597
1074.0 99.27513599395752
1075.0 99.4103491306305
1076.0 99.20496344566345
1077.0 99.46467280387878
1078.0 99.60449934005737
1079.0 99.3268370628357
1080.0 99.9829888343811
1081.0 99.3455171585083
1082.0 99.32101964950562
1083.0 99.19461607933044
1084.0 99.56453442573547
1085.0 99.48754906654358
1086.0 99.35107231140137
1087.0 99.32656288146973
1088.0 99.05366897583008
1089.0 99.05964732170105
1090.0 99.14681911468506
1091.0 99.20383095741272
1092.0 98.79034161567688
1093.0 98.97286295890808
1094.0 98.82900714874268
1095.0 98.79288077354431
1096.0 98.82935285568237
1097.0 98.80073666572571
1098.0 97.9796290397644
1099.0 99.00148510932922
1100.0 98.39738011360168
