lsstCam/transmission_filter_detector/r32_s00/y_10/19700101T000000.ecsv
# %ECSV 1.0
# ---
# datatype:
# - {name: wavelength, unit: nm, datatype: float32}
# - {name: efficiency, unit: '%', datatype: float64}
# meta: !!omap
# - {MODE: DETECTOR}
# - {TYPE: transmission_filter_detector}
# - {CALIBDATE: '1970-01-01T00:00:00'}
# - {INSTRUME: LSSTCam}
# - {OBSTYPE: transmission_filter_detector}
# - {CALIBCLS: lsst.ip.isr.IntermediateFilterDetectorTransmissionCurve}
# - {SOURCE: Materion (DM-46256)}
# - {DETECTOR: 135}
# - {FILTER: y_10}
# - {CALIB_ID: 'calibDate=1970-01-01T00:00:00 filter=y_10 detector=135'}
# - {DATE: '2025-04-02T15:59:51.370374'}
# - {CALIB_CREATION_DATE: '2025-04-02'}
# - {CALIB_CREATION_TIME: '15:59:51'}
# - __serialized_columns__:
#     efficiency:
#       __class__: astropy.units.quantity.Quantity
#       unit: !astropy.units.Unit {unit: '%'}
#       value: !astropy.table.SerializedColumn {name: efficiency}
#     wavelength:
#       __class__: astropy.units.quantity.Quantity
#       unit: !astropy.units.Unit {unit: nm}
#       value: !astropy.table.SerializedColumn {name: wavelength}
# schema: astropy-2.0
wavelength efficiency
300.0 0.015864578017499298
301.0 0.018524147162679583
302.0 0.021183713397476822
303.0 0.01731855154503137
304.0 0.013453389692585915
305.0 0.012579982285387814
306.0 0.011706571967806667
307.0 0.01167493246612139
308.0 0.011643292236840352
309.0 0.01095560728572309
310.0 0.010267924517393112
311.0 0.006704695988446474
312.0 0.003141467459499836
313.0 0.0036863555578747764
314.0 0.004231242564856075
315.0 0.002953497642010916
316.0 0.0016757523553678766
317.0 0.0018393095160718076
318.0 0.002002865767281037
319.0 0.001347816396446433
320.0 0.000692766479915008
321.0 0.0008383303793380037
322.0 0.0009838946425588802
323.0 0.0034118791518267244
324.0 0.005839863661094569
325.0 0.002898597449529916
326.0 1.582028128291335e-10
327.0 0.0011642163372016512
328.0 0.0023711012545390986
329.0 0.0025056308004423045
330.0 0.0026401603463455103
331.0 0.002621304702188354
332.0 0.0026024496037280187
333.0 0.0033056337997550145
334.0 0.0040088176319841295
335.0 0.003725025453604758
336.0 0.0034412325476296246
337.0 0.0027144131308887154
338.0 0.001987593714147806
339.0 0.0017219928849954158
340.0 0.001456391782994615
341.0 0.0014350990568345878
342.0 0.0014138062397250906
343.0 0.0014436208402912598
344.0 0.001473435440857429
345.0 0.0013028508874413092
346.0 0.0011322665159241296
347.0 0.001117132433137158
348.0 0.0011019983503501862
349.0 0.0012024209354422055
350.0 0.0013028434295847546
351.0 0.0013913640941609628
352.0 0.0014798848496866412
353.0 0.0014715514225827064
354.0 0.001463218177377712
355.0 0.0015597661331412382
356.0 0.0016563139070058241
357.0 0.0018547965737525374
358.0 0.0020532792404992506
359.0 0.0015935765986796468
360.0 0.001133873865910573
361.0 0.0010195249160460662
362.0 0.0009051759661815595
363.0 0.000931548038352048
364.0 0.0009579200195730664
365.0 0.0013284076885611285
366.0 0.0016988953575491905
367.0 0.0017297379599767737
368.0 0.001760580562404357
369.0 0.0014581978575733956
370.0 0.001155814970843494
371.0 0.0012191951100248843
372.0 0.0012825751582568046
373.0 0.0016752695955801755
374.0 0.0020679641238530166
375.0 0.0029726048524025828
376.0 0.0038772457628510892
377.0 0.004054266173625365
378.0 0.00423128622060176
379.0 0.003687529169837944
380.0 0.0031437724828720093
381.0 0.0023240645532496274
382.0 0.0015043567145767156
383.0 0.001185551991511602
384.0 0.000866747086547548
385.0 0.0007205368547147373
386.0 0.0005743265319324564
387.0 0.0005818689260195242
388.0 0.0005894113655813271
389.0 0.0005671344297297765
390.0 0.000544857584827696
391.0 0.0005532077011594083
392.0 0.0005615576810669154
393.0 0.000697786117598298
394.0 0.0008340144631802104
395.0 0.0007731580808467697
396.0 0.000712301698513329
397.0 0.0007411524165945593
398.0 0.0007700029527768493
399.0 0.0009996549124480225
400.0 0.0012293067811697256
401.0 0.0014029866179043893
402.0 0.0015766665455885231
403.0 0.00169700215337798
404.0 0.0018173377611674368
405.0 0.0018638425899553113
406.0 0.0019103474187431857
407.0 0.0016619123925920576
408.0 0.0014134773664409295
409.0 0.001232225895364536
410.0 0.0010509742423892021
411.0 0.0010577021384960972
412.0 0.0010644300346029922
413.0 0.00040588906813354697
414.0 1.582028128291335e-10
415.0 0.00012918633274239255
416.0 0.0005110245183459483
417.0 0.00020015183963550953
418.0 1.582028128291335e-10
419.0 7.598167712785653e-05
420.0 0.0002626842388053774
421.0 0.0002691573172342032
422.0 0.00027563064577407204
423.0 0.0005683795279765036
424.0 0.0008611285011284053
425.0 1.582028128291335e-10
426.0 1.582028128291335e-10
427.0 1.582028128291335e-10
428.0 0.0003099573177678394
429.0 1.582028128291335e-10
430.0 1.582028128291335e-10
431.0 1.582028128291335e-10
432.0 0.000605709010415012
433.0 0.00019606802652560873
434.0 1.582028128291335e-10
435.0 0.00018220395077150897
436.0 0.0005779809271189151
437.0 0.00030139133286866127
438.0 2.4801715881039854e-05
439.0 2.772274285689491e-05
440.0 3.064361635551904e-05
441.0 1.582028128291335e-10
442.0 1.582028128291335e-10
443.0 3.966510178088356e-05
444.0 0.00019472388430585852
445.0 0.00034175016025983496
446.0 0.0004887762315775035
447.0 0.00053168350859778
448.0 0.0005745908310927916
449.0 0.00020150009731878527
450.0 1.582028128291335e-10
451.0 5.242213205747248e-05
452.0 0.00027643507110042265
453.0 1.5440500078511832e-05
454.0 1.582028128291335e-10
455.0 0.00023378102014248725
456.0 0.0007131160145945614
457.0 0.0002947239636341692
458.0 1.582028128291335e-10
459.0 1.582028128291335e-10
460.0 1.582028128291335e-10
461.0 1.582028128291335e-10
462.0 0.00041780945139180403
463.0 0.0005408608103607548
464.0 0.0006639120783802355
465.0 0.0006227959147508955
466.0 0.0005816797056468204
467.0 0.0008857448847265914
468.0 0.0011898100638063625
469.0 0.0015665844330214895
470.0 0.0019433588022366166
471.0 0.002240639878436923
472.0 0.002537920772738289
473.0 0.0024182454581023194
474.0 0.0022985699615674093
475.0 0.002655599746503867
476.0 0.003012629531440325
477.0 0.0030387322112801485
478.0 0.0030648352549178526
479.0 0.0034429511288180947
480.0 0.0038210673665162176
481.0 0.004208658720017411
482.0 0.004596249709720723
483.0 0.004349969822214916
484.0 0.004103689934709109
485.0 0.003768168608075939
486.0 0.0034326476452406496
487.0 0.003121219197055325
488.0 0.00280979056697106
489.0 0.0025984927560784854
490.0 0.002387194945185911
491.0 0.0020466181013034657
492.0 0.0017060416212189011
493.0 0.0017493577615823597
494.0 0.0017926735381479375
495.0 0.0018012093278230168
496.0 0.0018097447537002154
497.0 0.0018198988982476294
498.0 0.0018300530427950434
499.0 0.0021570343960775062
500.0 0.0024840155674610287
501.0 0.0027356580176274292
502.0 0.00298730064969277
503.0 0.0028670194296864793
504.0 0.002746738027781248
505.0 0.002442214827169664
506.0 0.0021376916265580803
507.0 0.0020930996470269747
508.0 0.00204850803129375
509.0 0.001981571222131606
510.0 0.0019146344129694626
511.0 0.0018017504771705717
512.0 0.0016888663594727404
513.0 0.0017619726349948905
514.0 0.001835079092415981
515.0 0.0016669639080646448
516.0 0.001498848450864898
517.0 0.0013144640433893073
518.0 0.0011300799087621272
519.0 0.0012307211363804527
520.0 0.0013313625458977185
521.0 0.0015488250937778503
522.0 0.001766287641657982
523.0 0.0018654693121789023
524.0 0.001964650618901942
525.0 0.0020249273802619427
526.0 0.0020852041416219436
527.0 0.0022014970454620197
528.0 0.0023177901312010363
529.0 0.0023682212486164644
530.0 0.002418652547930833
531.0 0.00223671904677758
532.0 0.002054785545624327
533.0 0.0019017419617739506
534.0 0.0017486980141256936
535.0 0.0016385985873057507
536.0 0.0015284991604858078
537.0 0.0019393322872929275
538.0 0.002350165414100047
539.0 0.002896844125643838
540.0 0.003443522655288689
541.0 0.0038234225939959288
542.0 0.004203322168905288
543.0 0.004561922469292767
544.0 0.004920522405882366
545.0 0.004781389361596666
546.0 0.0046422563173109666
547.0 0.004059661296196282
548.0 0.003477066638879478
549.0 0.0028955186280654743
550.0 0.0023139706172514707
551.0 0.002464146564307157
552.0 0.0026143226932617836
553.0 0.0029082419132464565
554.0 0.003202160951332189
555.0 0.0036891597119392827
556.0 0.004176158108748496
557.0 0.004299528518458828
558.0 0.00442289856437128
559.0 0.003987494346802123
560.0 0.003552090493030846
561.0 0.0035853703593602404
562.0 0.0036186505894875154
563.0 0.003408644624869339
564.0 0.0031986382964532822
565.0 0.003358087269589305
566.0 0.003517535515129566
567.0 0.003933872358174995
568.0 0.004350209565018304
569.0 0.005149680146132596
570.0 0.005949151091044769
571.0 0.006112732080509886
572.0 0.006276313069975004
573.0 0.006351499177981168
574.0 0.006426686013583094
575.0 0.006192170985741541
576.0 0.005957655594102107
577.0 0.005748744297306985
578.0 0.005539833000511862
579.0 0.005805810724268667
580.0 0.0060717884480254725
581.0 0.006993186252657324
582.0 0.007914585148682818
583.0 0.009027409396367148
584.0 0.010140235826838762
585.0 0.010612054757075384
586.0 0.011083873687312007
587.0 0.011027434084098786
588.0 0.01097099666367285
589.0 0.01046824618242681
590.0 0.009965497156372294
591.0 0.009191338176606223
592.0 0.00841717846924439
593.0 0.007240367267513648
594.0 0.006063556065782905
595.0 0.005708341268473305
596.0 0.005353127562557347
597.0 0.0058944056945620105
598.0 0.006435683462768793
599.0 0.007622189150424674
600.0 0.008808694838080555
601.0 0.00993878857116215
602.0 0.011068882304243743
603.0 0.010942326480289921
604.0 0.01081577138393186
605.0 0.010668156755855307
606.0 0.010520541400182992
607.0 0.009065760241355747
608.0 0.007610979082528502
609.0 0.006162743375170976
610.0 0.004714507304015569
611.0 0.004018213076051325
612.0 0.00332191884808708
613.0 0.0033902724680956453
614.0 0.00345862572430633
615.0 0.004547854041447863
616.0 0.005637081994791515
617.0 0.007246296445373446
618.0 0.008855509076965973
619.0 0.010134418698726222
620.0 0.011413329048082232
621.0 0.011416417692089453
622.0 0.011419507791288197
623.0 0.011339253978803754
624.0 0.01125900016631931
625.0 0.010029807162936777
626.0 0.008800613431958482
627.0 0.00708703591953963
628.0 0.005373459134716541
629.0 0.004378896119305864
630.0 0.0033843331038951874
631.0 0.002826857235049829
632.0 0.002269381730002351
633.0 0.0025561681468388997
634.0 0.0028429545636754483
635.0 0.003123389251413755
636.0 0.0034038235753541812
637.0 0.0037905654608039185
638.0 0.0041773077100515366
639.0 0.0045807570131728426
640.0 0.004984206680092029
641.0 0.005112360304337926
642.0 0.0052405135647859424
643.0 0.005307858373271301
644.0 0.00537520281795878
645.0 0.004708380583906546
646.0 0.0040415587136521935
647.0 0.00341218474204652
648.0 0.002782810952339787
649.0 0.0022534675736096688
650.0 0.0017241243767784908
651.0 0.0016809715816634707
652.0 0.0016378187865484506
653.0 0.0016913663785089739
654.0 0.0017449139704694971
655.0 0.0015685282050981186
656.0 0.0013921420759288594
657.0 0.0014208096217771526
658.0 0.0014494770766759757
659.0 0.0015705451005487703
660.0 0.0016916128515731543
661.0 0.0015739504306111485
662.0 0.001456288191548083
663.0 0.0016517575204488821
664.0 0.0018472270312486216
665.0 0.002573234451119788
666.0 0.0032992418709909543
667.0 0.00427709637733642
668.0 0.005254951247479767
669.0 0.0061967672081664205
670.0 0.007138582441257313
671.0 0.00740078539820388
672.0 0.007662989810341969
673.0 0.0075363896030467
674.0 0.00740978866815567
675.0 0.007224456203402951
676.0 0.0070391237386502326
677.0 0.0056347649660892785
678.0 0.00423040401074104
679.0 0.0029791535780532286
680.0 0.0017279022358707152
681.0 0.0011312974493193906
682.0 0.000534692708242801
683.0 0.0004607870323525276
684.0 0.0003868813564622542
685.0 0.00037785516724397894
686.0 0.0003688289325509686
687.0 0.0002526737034713733
688.0 0.00013651849712914554
689.0 0.0002125862920365762
690.0 0.0002886540642066393
691.0 0.00026607622203300707
692.0 0.0002434983116472722
693.0 0.00023184427391242934
694.0 0.0002201901907028514
695.0 0.0001827191908887471
696.0 0.00014524827065542922
697.0 0.00023408233573718462
698.0 0.0003229164803997264
699.0 0.0002743860022746958
700.0 0.00022585559236176778
701.0 0.00014015904525876977
702.0 5.4462412890643463e-05
703.0 1.507249436372149e-05
704.0 1.582028128291335e-10
705.0 0.00013314632951733074
706.0 0.00029061006898700725
707.0 0.00038622911233687773
708.0 0.0004818482011614833
709.0 0.0006791251962567912
710.0 0.0008764023732510395
711.0 0.0006159809800010407
712.0 0.000355559632225777
713.0 0.0002428180323477136
714.0 0.0001300764211009664
715.0 0.0002375029453105526
716.0 0.00034492941267671995
717.0 0.00012605754591277218
718.0 1.582028128291335e-10
719.0 0.000282473911283887
720.0 0.0006577622571057873
721.0 0.0006309481705102371
722.0 0.0006041342203388922
723.0 0.0005601676548394607
724.0 0.0005162010893400293
725.0 0.00014912568531144643
726.0 1.582028128291335e-10
727.0 9.926830912831974e-07
728.0 0.0002199349864895339
729.0 0.000204229331757233
730.0 0.00018852365428756457
731.0 0.00021742587250628276
732.0 0.00024632824988657376
733.0 0.000317483954859199
734.0 0.00038863981899339706
735.0 0.00048458041419507936
736.0 0.0005805210548714967
737.0 0.00031233616937242914
738.0 4.415137198066077e-05
739.0 0.00010007446462623193
740.0 0.00015599756579831592
741.0 0.00036780934351554606
742.0 0.0005796211553388275
743.0 0.00042495134948694613
744.0 0.00027028145268559456
745.0 0.0003287447952970979
746.0 0.000387208046959131
747.0 0.0003643321178969927
748.0 0.00034145612062275177
749.0 0.0002896980504374369
750.0 0.00023794002572685713
751.0 0.0005329225132300053
752.0 0.0008279049325210508
753.0 0.000654767291052849
754.0 0.0004816296041099122
755.0 0.0005458407940750476
756.0 0.0006100518476159777
757.0 0.0003572539753804449
758.0 0.00010445618272569845
759.0 0.000322857522405684
760.0 0.0005412588507169858
761.0 0.0005800982307846425
762.0 0.0006189376108522993
763.0 0.0006419466899387771
764.0 0.0006649557235505199
765.0 0.000540221708433819
766.0 0.0004154876933171181
767.0 0.0004637145593733294
768.0 0.0005119415163790109
769.0 0.0004677411197917536
770.0 0.00042354054130555596
771.0 0.0004330870524427155
772.0 0.00044263351810513996
773.0 0.0003272472440585261
774.0 0.0002118609245371772
775.0 0.0004140674718655646
776.0 0.0006162741556181572
777.0 0.0004049600192956859
778.0 0.00019364590571058216
779.0 0.0004589105628838297
780.0 0.0007241752427944448
781.0 0.0005873951067769667
782.0 0.00045061501623422373
783.0 0.0008331649041792843
784.0 0.0012157147466496099
785.0 0.0010064236448670272
786.0 0.0007971325430844445
787.0 0.00048772189984447323
788.0 0.0001783111201802967
789.0 0.0003974930677941302
790.0 0.0006166749244584935
791.0 0.000751862990000518
792.0 0.0008870510100678075
793.0 0.000803530292614596
794.0 0.0007200096206361195
795.0 0.0006814748303440865
796.0 0.0006429399491025833
797.0 0.0006932350515853614
798.0 0.0007435301540681394
799.0 0.00033588949008844793
800.0 1.582028128291335e-10
801.0 0.0004335936864663381
802.0 0.0009389384103997145
803.0 0.0009112000952882227
804.0 0.0008834617801767308
805.0 0.000781264498073142
806.0 0.000679067079545348
807.0 0.0006667177331109997
808.0 0.0006543682957271812
809.0 0.0007374487722699996
810.0 0.0008205292033380829
811.0 0.0008718324352230411
812.0 0.0009231353942595888
813.0 0.0009576860065863002
814.0 0.0009922365279635414
815.0 0.000776789147494128
816.0 0.0005613415851257741
817.0 0.0006184273388498696
818.0 0.0006755131835234351
819.0 0.0008009203156689182
820.0 0.0009263274478144012
821.0 0.0008085577974270564
822.0 0.0006907882379891817
823.0 0.0005148544460098492
824.0 0.000338920540343679
825.0 0.0005542281996895326
826.0 0.0007695357453485485
827.0 0.0008222200449381489
828.0 0.0008749043445277493
829.0 0.000685856502968818
830.0 0.0004968086614098866
831.0 0.000530774968865444
832.0 0.0005647415036946768
833.0 0.0009787891940504778
834.0 0.001392837020830484
835.0 0.0011200936569366604
836.0 0.0008473502020933665
837.0 0.0005316405804478563
838.0 0.00021593102701444877
839.0 0.0003287997060397174
840.0 0.0004416684078023536
841.0 0.000755220480641583
842.0 0.0010687725989555474
843.0 0.0008886626346793491
844.0 0.0007085526704031508
845.0 0.0007901850949565414
846.0 0.000871817519509932
847.0 0.000873814042279264
848.0 0.0008758105650485959
849.0 0.0006445569397328654
850.0 0.00041330308704345953
851.0 0.0006269314781093271
852.0 0.0008405597327509895
853.0 0.0010805220881593414
854.0 0.0013204844435676932
855.0 0.001173640339402482
856.0 0.001026796417136211
857.0 0.0010889753866649698
858.0 0.001151154447143199
859.0 0.00089087407104671
860.0 0.0006305938768491615
861.0 0.0011036358955607284
862.0 0.0015766778233228251
863.0 0.0015115092537598684
864.0 0.0014463405932474416
865.0 0.0017483947885921225
866.0 0.002050448711088393
867.0 0.0025877272491925396
868.0 0.0031250052415998653
869.0 0.0028893129638163373
870.0 0.0026536203222349286
871.0 0.0030620805773651227
872.0 0.003470540468697436
873.0 0.0028329801352811046
874.0 0.002195419801864773
875.0 0.001955996958713513
876.0 0.001716574297461193
