lsstCam/transmission_filter_detector/r33_s10/u_24/19700101T000000.ecsv
# %ECSV 1.0
# ---
# datatype:
# - {name: wavelength, unit: nm, datatype: float32}
# - {name: efficiency, unit: '%', datatype: float64}
# meta: !!omap
# - {MODE: DETECTOR}
# - {TYPE: transmission_filter_detector}
# - {CALIBDATE: '1970-01-01T00:00:00'}
# - {INSTRUME: LSSTCam}
# - {OBSTYPE: transmission_filter_detector}
# - {CALIBCLS: lsst.ip.isr.IntermediateFilterDetectorTransmissionCurve}
# - {SOURCE: Materion (DM-46256)}
# - {DETECTOR: 147}
# - {FILTER: u_24}
# - {CALIB_ID: 'calibDate=1970-01-01T00:00:00 filter=u_24 detector=147'}
# - {DATE: '2025-04-02T15:59:40.431204'}
# - {CALIB_CREATION_DATE: '2025-04-02'}
# - {CALIB_CREATION_TIME: '15:59:40'}
# - __serialized_columns__:
#     efficiency:
#       __class__: astropy.units.quantity.Quantity
#       unit: !astropy.units.Unit {unit: '%'}
#       value: !astropy.table.SerializedColumn {name: efficiency}
#     wavelength:
#       __class__: astropy.units.quantity.Quantity
#       unit: !astropy.units.Unit {unit: nm}
#       value: !astropy.table.SerializedColumn {name: wavelength}
# schema: astropy-2.0
wavelength efficiency
[from data line 581]
876.0 0.0024893382942536846
877.0 0.0026934543711831793
878.0 0.0028975708119105548
879.0 0.002826070885930676
880.0 0.002754571323748678
881.0 0.0027142243197886273
882.0 0.002673877497727517
883.0 0.0025960314815165475
884.0 0.002518185465305578
885.0 0.0024479908461216837
886.0 0.0023777962269377895
887.0 0.0022173220713739283
888.0 0.002056847733911127
889.0 0.0023087804947863333
890.0 0.0025607136194594204
891.0 0.002735389534791466
892.0 0.0029100654501235113
893.0 0.002951910391857382
894.0 0.002993755515490193
895.0 0.0032050527806859463
896.0 0.0034163498639827594
897.0 0.0034759861591737717
898.0 0.0035356220905669034
899.0 0.0036518369597615674
900.0 0.003768052192754112
901.0 0.0039526785258203745
902.0 0.004137304858886637
903.0 0.0042489831685088575
904.0 0.004360661478131078
905.0 0.004777168214786798
906.0 0.005193674223846756
907.0 0.005269949542707764
908.0 0.005346225225366652
909.0 0.005455575228552334
910.0 0.005564925231738016
911.0 0.005521966522792354
912.0 0.0054790078138466924
913.0 0.0052459436119534075
914.0 0.005012879410060123
915.0 0.004774995250045322
916.0 0.004537111090030521
917.0 0.004364060805528425
918.0 0.004191009793430567
919.0 0.004275477840565145
920.0 0.004359945887699723
921.0 0.00453117500001099
922.0 0.004702403748524375
923.0 0.005162364323041402
924.0 0.005622324897558428
925.0 0.005951536149950698
926.0 0.006280747038545087
927.0 0.006522204785142094
928.0 0.006763661804143339
929.0 0.007128923607524484
930.0 0.007494186866097152
931.0 0.007355910202022642
932.0 0.007217634265543893
933.0 0.007611879118485376
934.0 0.00800612397142686
935.0 0.0077479468018282205
936.0 0.0074897696322295815
937.0 0.007053997251205146
938.0 0.006618225597776473
939.0 0.006392173963831738
940.0 0.006166121602291241
941.0 0.00559221844014246
942.0 0.00501831564179156
943.0 0.0043688294681487605
944.0 0.0037193440221017227
945.0 0.0031232000765157863
946.0 0.0025270559490309097
947.0 0.00214590454561403
948.0 0.00176475277839927
949.0 0.0016013618733268231
950.0 0.001437970877304906
951.0 0.0014538359209836926
952.0 0.001469700873713009
953.0 0.0015817247913219035
954.0 0.0016937488908297382
955.0 0.0018622497009346262
956.0 0.0020307503291405737
957.0 0.0021856809325981885
958.0 0.0023406117179547437
959.0 0.002740262607403565
960.0 0.0031399133149534464
961.0 0.0035589997423812747
962.0 0.003978085806011222
963.0 0.004098824865650386
964.0 0.004219563925289549
965.0 0.004460804120753892
966.0 0.004702044316218235
967.0 0.004580552922561765
968.0 0.004459061528905295
969.0 0.004606452421285212
970.0 0.00475384367746301
971.0 0.004674907177104615
972.0 0.004595970676746219
973.0 0.004494511813391
974.0 0.004393052222440019
975.0 0.00427389022661373
976.0 0.00415472786698956
977.0 0.0036095261748414487
978.0 0.003064324118895456
979.0 0.002847414361895062
980.0 0.002630504241096787
981.0 0.0026745557988760993
982.0 0.0027186073566554114
983.0 0.002705318183870986
984.0 0.002692029011086561
985.0 0.002874634083127603
986.0 0.003057239518966526
987.0 0.0033092586818384007
988.0 0.003561277480912395
989.0 0.00411462206102442
990.0 0.004667967004934326
991.0 0.005135951505508274
992.0 0.005603937097475864
993.0 0.006191630382090807
994.0 0.006779322575312108
995.0 0.006848770135547966
996.0 0.006918217695783824
997.0 0.006737964577041566
998.0 0.006557711458299309
999.0 0.006438355194404721
1000.0 0.0063189989305101335
1001.0 0.006219572969712317
1002.0 0.006120145553722978
1003.0 0.005963898365735076
1004.0 0.005807650450151414
1005.0 0.005565534593188204
1006.0 0.005323418736224994
1007.0 0.005232772309682332
1008.0 0.005142126974533312
1009.0 0.004717868432635441
1010.0 0.004293610618333332
1011.0 0.0038527050492120907
1012.0 0.003411799480090849
1013.0 0.002964374471048359
1014.0 0.0025169494620058686
1015.0 0.00209131721931044
1016.0 0.0016656849766150117
1017.0 0.0015018420526757836
1018.0 0.0013379992196860258
1019.0 0.0013393369954428636
1020.0 0.0013406746802502312
1021.0 0.0013224828762758989
1022.0 0.0013042910723015666
1023.0 0.0013158635738363955
1024.0 0.0013274360753712244
1025.0 0.001305172099819174
1026.0 0.001282908306166064
1027.0 0.0015735768101876602
1028.0 0.001864245132310316
1029.0 0.001764292574080173
1030.0 0.0016643403796479106
1031.0 0.0017518370441393927
1032.0 0.0018393340724287555
1033.0 0.0017589514754945412
1034.0 0.001678568878560327
1035.0 0.0015271472875610925
1036.0 0.0013757255146629177
1037.0 0.0016337951819878072
1038.0 0.0018918646674137563
1039.0 0.0017556683815200813
1040.0 0.001619471913727466
1041.0 0.001684540620772168
1042.0 0.00174960932781687
1043.0 0.0017562057109898888
1044.0 0.0017628022760618478
1045.0 0.0018950329831568524
1046.0 0.0020272633264539763
1047.0 0.0019790455553447828
1048.0 0.0019308276023366489
1049.0 0.0019524601157172583
1050.0 0.0019740926290978678
1051.0 0.0016674715880071744
1052.0 0.001360850546916481
1053.0 0.0012956998943991493
1054.0 0.0012305491509323474
1055.0 0.001297600829275325
1056.0 0.0013646524166688323
1057.0 0.0008742948011786211
1058.0 0.00038393727663788013
1059.0 0.0006826484877819894
1060.0 0.0009813596989260986
1061.0 0.0009094683264265768
1062.0 0.0008375770448765252
1063.0 0.0005665423032041872
1064.0 0.0002955078571176273
1065.0 0.0007461458608304383
1066.0 0.0011967840691795573
1067.0 0.0014545867088600062
1068.0 0.0017123895304393955
1069.0 0.002239383502455894
1070.0 0.0027663774744723924
1071.0 0.002509060868760571
1072.0 0.002251744081149809
1073.0 0.0020832998416153714
1074.0 0.0019148556020809337
1075.0 0.0021232315702945925
1076.0 0.002331607356609311
1077.0 0.002493144347681664
1078.0 0.002654681338754017
1079.0 0.0036248664400773123
1080.0 0.004595051723299548
1081.0 0.004860292028752156
1082.0 0.005125532698002644
1083.0 0.004808470839634538
1084.0 0.004491407889872789
1085.0 0.004944169631926343
1086.0 0.005396931373979896
1087.0 0.0043716001528082415
1088.0 0.003346268931636587
1089.0 0.004070013164891861
1090.0 0.004793757398147136
1091.0 0.004731525041279383
1092.0 0.00466929268441163
1093.0 0.004242731665726751
1094.0 0.0038161699194461107
1095.0 0.0038846079405630007
1096.0 0.0039530463254777715
1097.0 0.004451048152986914
1098.0 0.004949050344293937
1099.0 0.0036713936424348503
1100.0 0.002393737122474704
