lsstCam/transmission_filter_detector/r33_s10/u_24/19700101T000000.ecsv
# %ECSV 1.0
# ---
# datatype:
# - {name: wavelength, unit: nm, datatype: float32}
# - {name: efficiency, unit: '%', datatype: float64}
# meta: !!omap
# - {MODE: DETECTOR}
# - {TYPE: transmission_filter_detector}
# - {CALIBDATE: '1970-01-01T00:00:00'}
# - {INSTRUME: LSSTCam}
# - {OBSTYPE: transmission_filter_detector}
# - {CALIBCLS: lsst.ip.isr.IntermediateFilterDetectorTransmissionCurve}
# - {SOURCE: Materion (DM-46256)}
# - {DETECTOR: 147}
# - {FILTER: u_24}
# - {CALIB_ID: 'calibDate=1970-01-01T00:00:00 filter=u_24 detector=147'}
# - {DATE: '2025-04-02T15:59:40.431204'}
# - {CALIB_CREATION_DATE: '2025-04-02'}
# - {CALIB_CREATION_TIME: '15:59:40'}
# - __serialized_columns__:
#     efficiency:
#       __class__: astropy.units.quantity.Quantity
#       unit: !astropy.units.Unit {unit: '%'}
#       value: !astropy.table.SerializedColumn {name: efficiency}
#     wavelength:
#       __class__: astropy.units.quantity.Quantity
#       unit: !astropy.units.Unit {unit: nm}
#       value: !astropy.table.SerializedColumn {name: wavelength}
# schema: astropy-2.0
wavelength efficiency
295.0 1.5934985535953627e-10
296.0 1.5934985535953627e-10
297.0 1.5934985535953627e-10
298.0 1.5934985535953627e-10
299.0 1.5934985535953627e-10
300.0 1.5934985535953627e-10
301.0 1.5934985535953627e-10
302.0 0.08420772501267493
303.0 1.5934985535953627e-10
304.0 0.45097400434315205
305.0 0.5875150207430124
306.0 1.4746968634426594
307.0 2.6746973395347595
308.0 4.754577577114105
309.0 7.794254273176193
310.0 10.997377336025238
311.0 14.42442536354065
312.0 18.273144960403442
313.0 21.524566411972046
314.0 24.564756453037262
315.0 27.076628804206848
316.0 29.22091782093048
317.0 31.649240851402283
318.0 34.19448435306549
319.0 37.57287859916687
320.0 42.65418350696564
321.0 47.820523381233215
322.0 53.8566529750824
323.0 59.32381749153137
324.0 64.2187237739563
325.0 67.67494082450867
326.0 70.19116878509521
327.0 72.19462990760803
328.0 74.051433801651
329.0 75.31864047050476
330.0 76.840341091156
331.0 77.73032784461975
332.0 78.20887565612793
333.0 78.248131275177
334.0 78.195720911026
335.0 78.26240062713623
336.0 78.43707203865051
337.0 78.8191020488739
338.0 79.65929508209229
339.0 80.35532236099243
340.0 80.82007765769958
341.0 81.2532365322113
342.0 81.61073327064514
343.0 81.55115842819214
344.0 81.74281716346741
345.0 82.08892345428467
346.0 82.29828476905823
347.0 82.63131976127625
348.0 82.97374844551086
349.0 83.17713141441345
350.0 83.19546580314636
351.0 83.41634273529053
352.0 83.19323658943176
353.0 83.27665328979492
354.0 83.12571048736572
355.0 83.38868021965027
356.0 83.47511291503906
357.0 83.4720253944397
358.0 83.11065435409546
359.0 82.96697735786438
360.0 82.90834426879883
361.0 82.69068002700806
362.0 82.45843052864075
363.0 82.66944289207458
364.0 82.73143172264099
365.0 82.94615745544434
366.0 83.10056924819946
367.0 83.21453332901001
368.0 83.09420347213745
369.0 83.107990026474
370.0 82.78395533561707
371.0 82.5452208518982
372.0 82.5526773929596
373.0 82.699716091156
374.0 82.72668719291687
375.0 83.03188681602478
376.0 83.04556608200073
377.0 83.0973207950592
378.0 83.16962122917175
379.0 82.96532034873962
380.0 82.38187432289124
381.0 81.13958239555359
382.0 79.44715619087219
383.0 77.50172019004822
384.0 75.43789744377136
385.0 73.10796976089478
386.0 70.72103023529053
387.0 67.56313443183899
388.0 64.35020565986633
389.0 60.52996516227722
390.0 56.61360025405884
391.0 52.41977572441101
392.0 47.9600191116333
393.0 44.09673511981964
394.0 40.80574810504913
395.0 37.52743303775787
396.0 34.20895338058472
397.0 29.861384630203247
398.0 24.766945838928223
399.0 18.336881697177887
400.0 12.086135149002075
401.0 7.05963522195816
402.0 3.3299267292022705
403.0 1.1695865541696548
404.0 0.3577697556465864
405.0 0.17644495237618685
406.0 0.07754437392577529
407.0 0.023022486129775643
408.0 0.024801434483379126
409.0 0.01676822721492499
410.0 1.5934985535953627e-10
411.0 1.5934985535953627e-10
412.0 1.5934985535953627e-10
413.0 1.5934985535953627e-10
414.0 1.5934985535953627e-10
415.0 1.5934985535953627e-10
416.0 1.5934985535953627e-10
417.0 1.5934985535953627e-10
418.0 1.5934985535953627e-10
419.0 1.5934985535953627e-10
420.0 1.5934985535953627e-10
421.0 1.5934985535953627e-10
422.0 1.5934985535953627e-10
423.0 1.5934985535953627e-10
424.0 1.5934985535953627e-10
425.0 1.5934985535953627e-10
426.0 0.001718031126074493
427.0 0.0009670058716437779
428.0 0.0002159807536372682
429.0 1.5934985535953627e-10
430.0 1.5934985535953627e-10
431.0 1.5934985535953627e-10
432.0 1.5934985535953627e-10
433.0 1.5934985535953627e-10
434.0 1.5934985535953627e-10
435.0 1.5934985535953627e-10
436.0 0.0004626650479622185
437.0 1.5934985535953627e-10
438.0 1.5934985535953627e-10
439.0 1.5934985535953627e-10
440.0 1.5934985535953627e-10
441.0 1.5934985535953627e-10
442.0 1.5934985535953627e-10
443.0 1.5934985535953627e-10
444.0 1.5934985535953627e-10
445.0 1.5934985535953627e-10
446.0 1.5934985535953627e-10
447.0 1.5934985535953627e-10
448.0 1.5934985535953627e-10
449.0 1.5934985535953627e-10
450.0 1.5934985535953627e-10
451.0 1.5934985535953627e-10
452.0 0.0011901989637408406
453.0 0.0002426868149996153
454.0 1.5934985535953627e-10
455.0 1.5934985535953627e-10
456.0 1.5934985535953627e-10
457.0 1.5934985535953627e-10
458.0 1.5934985535953627e-10
459.0 1.5934985535953627e-10
460.0 1.5934985535953627e-10
461.0 1.5934985535953627e-10
462.0 9.425606890545168e-05
463.0 1.5934985535953627e-10
464.0 1.5934985535953627e-10
465.0 1.5934985535953627e-10
466.0 1.5934985535953627e-10
467.0 1.5934985535953627e-10
468.0 1.5934985535953627e-10
469.0 1.5934985535953627e-10
470.0 1.5934985535953627e-10
471.0 1.5934985535953627e-10
472.0 9.169069699055399e-05
473.0 1.5934985535953627e-10
474.0 1.5934985535953627e-10
475.0 1.5934985535953627e-10
476.0 1.5934985535953627e-10
477.0 1.5934985535953627e-10
478.0 1.5934985535953627e-10
479.0 1.5934985535953627e-10
480.0 1.5934985535953627e-10
481.0 1.5934985535953627e-10
482.0 1.5934985535953627e-10
483.0 0.00019349406557012117
484.0 0.0006320856755337445
485.0 0.0001957743734237738
486.0 1.5934985535953627e-10
487.0 1.5934985535953627e-10
488.0 1.5934985535953627e-10
489.0 1.5934985535953627e-10
490.0 1.5934985535953627e-10
491.0 1.5934985535953627e-10
492.0 1.5934985535953627e-10
493.0 1.5934985535953627e-10
494.0 1.5934985535953627e-10
495.0 1.5934985535953627e-10
496.0 1.5934985535953627e-10
497.0 1.5934985535953627e-10
498.0 1.5934985535953627e-10
499.0 1.5934985535953627e-10
500.0 1.5934985535953627e-10
501.0 1.5934985535953627e-10
502.0 1.5934985535953627e-10
503.0 1.5934985535953627e-10
504.0 5.498577593243681e-05
505.0 1.5934985535953627e-10
506.0 1.5934985535953627e-10
507.0 9.70063069871685e-05
508.0 0.00038107336877146736
509.0 1.5934985535953627e-10
510.0 1.5934985535953627e-10
511.0 1.5934985535953627e-10
512.0 7.997465445441776e-06
513.0 6.245495001167001e-05
514.0 0.00011691247436829144
515.0 1.5934985535953627e-10
516.0 1.5934985535953627e-10
517.0 1.5934985535953627e-10
518.0 1.5934985535953627e-10
519.0 1.5934985535953627e-10
520.0 1.5934985535953627e-10
521.0 1.5934985535953627e-10
522.0 1.5934985535953627e-10
523.0 1.5934985535953627e-10
524.0 1.5934985535953627e-10
525.0 1.5934985535953627e-10
526.0 1.5934985535953627e-10
527.0 1.5934985535953627e-10
528.0 1.5934985535953627e-10
529.0 1.5934985535953627e-10
530.0 0.00010598365633995854
531.0 1.5934985535953627e-10
532.0 1.5934985535953627e-10
533.0 1.5934985535953627e-10
534.0 0.000371879627891758
535.0 3.724896942003397e-05
536.0 1.5934985535953627e-10
537.0 1.5934985535953627e-10
538.0 1.5934985535953627e-10
539.0 1.5934985535953627e-10
540.0 1.2425896045442641e-05
541.0 1.5934985535953627e-10
542.0 1.5934985535953627e-10
543.0 1.5934985535953627e-10
544.0 0.0001783581751624297
545.0 0.0002892679503929685
546.0 0.0004001777142548235
547.0 0.00013905945479564252
548.0 1.5934985535953627e-10
549.0 1.5934985535953627e-10
550.0 1.5934985535953627e-10
551.0 1.5950467968650628e-05
552.0 0.00017498864508525003
553.0 1.5934985535953627e-10
554.0 1.5934985535953627e-10
555.0 1.5934985535953627e-10
556.0 1.5934985535953627e-10
557.0 1.5934985535953627e-10
558.0 1.5934985535953627e-10
559.0 1.5934985535953627e-10
560.0 3.915795048214932e-05
561.0 1.5934985535953627e-10
562.0 1.5934985535953627e-10
563.0 1.0062829147727825e-05
564.0 7.711153671152715e-05
565.0 1.5934985535953627e-10
566.0 1.5934985535953627e-10
567.0 1.5934985535953627e-10
568.0 1.5934985535953627e-10
569.0 1.5934985535953627e-10
570.0 0.00011581449825825985
571.0 0.0001416520376551489
572.0 0.0001674896338954568
573.0 0.00018797996972352848
574.0 0.00020847030555160018
575.0 0.00019660487851069774
576.0 0.00018473944010111154
577.0 0.00012912737474835012
578.0 7.351532076427247e-05
579.0 0.00035949854009231785
580.0 0.0006454818503698334
581.0 0.0008393091775360517
582.0 0.0010331363228033297
583.0 0.0012617816537385806
584.0 0.0014904268027748913
585.0 0.001410996355843963
586.0 0.0013315659998625051
587.0 0.0009198460247716866
588.0 0.0005081260042061331
589.0 0.0007489716153941117
590.0 0.0009898171811073553
591.0 0.0009210670214088168
592.0 0.0008523169526597485
593.0 0.0007117698260117322
594.0 0.000571222744838451
595.0 0.0006961633516766597
596.0 0.0008211041858885437
597.0 0.0009485596820013598
598.0 0.0010760149052657653
599.0 0.0012882491319032852
600.0 0.0015004830856923945
601.0 0.001818275632103905
602.0 0.0021360681785154156
603.0 0.002077990757243242
604.0 0.0020199133359710686
605.0 0.001842325036705006
606.0 0.0016647369193378836
607.0 0.0013803822184854653
608.0 0.0010960272447846364
609.0 0.0008268859346571844
610.0 0.000557744397156057
611.0 0.0006147371550468961
612.0 0.0006717299584124703
613.0 0.0005877294825040735
614.0 0.0005037290065956768
615.0 0.00042221122384944465
616.0 0.00034069335015374236
617.0 0.0004438590167410439
618.0 0.0005470245923788752
619.0 0.000625177472102223
620.0 0.0007033302608761005
621.0 0.0005914955181651749
622.0 0.00047966072997951414
623.0 0.0004711062501883134
624.0 0.0004625517249223776
625.0 0.0006401059181371238
626.0 0.0008176602023013402
627.0 0.0008018770131457131
628.0 0.0007860941877879668
629.0 0.0009066283382708207
630.0 0.0010271624887536746
631.0 0.0012585023796418682
632.0 0.001489842361479532
633.0 0.0020651728846132755
634.0 0.0026405035896459594
635.0 0.0027095198674942367
636.0 0.0027785363272414543
637.0 0.002422587203909643
638.0 0.002066638262476772
639.0 0.001947362397913821
640.0 0.00182808653335087
641.0 0.001764512126101181
642.0 0.0017009377188514918
643.0 0.0013040716112300288
644.0 0.000907205594558036
645.0 0.00032681450647942256
646.0 1.5934985535953627e-10
647.0 1.5934985535953627e-10
648.0 0.000103310696886183
649.0 2.127170404264689e-05
650.0 1.5934985535953627e-10
651.0 0.0003340115199534921
652.0 0.0007287903372343862
653.0 0.0008393343705392908
654.0 0.0009498784493189305
655.0 0.0012358636922726873
656.0 0.0015218489352264442
657.0 0.0019388582586543635
658.0 0.0023558675820822828
659.0 0.0028020785975968465
660.0 0.00324828943121247
661.0 0.0031626121199224144
662.0 0.0030769351724302396
663.0 0.002888954259105958
664.0 0.002700973527680617
665.0 0.0021940091755823232
666.0 0.00168704500538297
667.0 0.0016153922842931934
668.0 0.0015437395632034168
669.0 0.0013019637663091999
670.0 0.0010601880603644531
671.0 0.0007671153070987202
672.0 0.0004740425993077224
673.0 0.0005353820142772747
674.0 0.0005967215656710323
675.0 0.0007381737304967828
676.0 0.0008796258043730631
677.0 0.0010569728146947455
678.0 0.0012343197340669576
679.0 0.0017050426322384737
680.0 0.00217576562135946
681.0 0.003256939453422092
682.0 0.004338112557888962
683.0 0.005644815610139631
684.0 0.006951518298592418
685.0 0.007870416447985917
686.0 0.008789316052570939
687.0 0.008160586730809882
688.0 0.007531858864240348
689.0 0.006596402090508491
690.0 0.005660945316776633
691.0 0.004910346251563169
692.0 0.004159746822551824
693.0 0.0034206415875814855
694.0 0.0026815356250153854
695.0 0.0021523032046388835
696.0 0.0016230709661613218
697.0 0.0013181524082028773
698.0 0.0010132341230928432
699.0 0.0008374624485441018
700.0 0.0006616906830458902
701.0 0.0006414642939489568
702.0 0.0006212378139025532
703.0 0.00044401817831385415
704.0 0.0002667984290383174
705.0 0.0005494236120284768
706.0 0.0008320487722812686
707.0 0.0008649150913697667
708.0 0.0008977813195087947
709.0 0.0009022155609272886
710.0 0.0009066497113963123
711.0 0.0007307695341296494
712.0 0.0005548892659135163
713.0 0.0005524302650883328
714.0 0.0005499713097378844
715.0 0.0005064254764874931
716.0 0.000462879734186572
717.0 0.0006111509264883352
718.0 0.0007594219823658932
719.0 0.0007470717264368432
720.0 0.000734721425033058
721.0 0.00046802156248304527
722.0 0.0002013216999330325
723.0 0.0002498108642612351
724.0 0.0002983000740641728
725.0 0.00020764566670550266
726.0 0.00011699124797814875
727.0 0.00011186988331246539
728.0 0.0001067484504346794
729.0 0.00021012792785768397
730.0 0.00031350739391200477
731.0 0.00033598450954741566
732.0 0.00035846173886966426
733.0 0.00041682051232783124
734.0 0.0004751794222102035
735.0 0.0004594719939632341
736.0 0.00044376465666573495
737.0 0.00046000532165635377
738.0 0.0004762459866469726
739.0 0.000564005995329353
740.0 0.0006517659585369984
741.0 0.001002897261059843
742.0 0.0013540286090574227
743.0 0.0017295178622589447
744.0 0.0021050069335615262
745.0 0.0026302699552616104
746.0 0.0031555329769616947
747.0 0.003136732630082406
748.0 0.0031179322832031175
749.0 0.0033006861485773697
750.0 0.0034834403777495027
751.0 0.003275996641605161
752.0 0.003068552541662939
753.0 0.0030459936169791035
754.0 0.0030234343284973875
755.0 0.0027900930945179425
756.0 0.002556751678639557
757.0 0.002362712075409945
758.0 0.002168672472180333
759.0 0.0017206133634317666
760.0 0.0012725543456326704
761.0 0.0010641353583196178
762.0 0.0008557165529055055
763.0 0.0006153158210508991
764.0 0.0003749152938326006
765.0 0.0002574897962404066
766.0 0.00014006429864821257
767.0 0.00043796731006295886
768.0 0.0007358703442150727
769.0 0.0007090214694471797
770.0 0.0006821726856287569
771.0 0.0007619053121743491
772.0 0.0008416380296694115
773.0 0.0007283702871063724
774.0 0.0006151025445433334
775.0 0.0005813097686768742
776.0 0.0005475171292346204
777.0 0.0005705466719518881
778.0 0.0005935763056186261
779.0 0.0006977266821195371
780.0 0.000801876922196243
781.0 0.0009080838935915381
782.0 0.001014290774037363
783.0 0.0009785470865608659
784.0 0.0009428032171854284
785.0 0.00109262791738729
786.0 0.0012424525266396813
787.0 0.0011225605703657493
788.0 0.0010026687050412875
789.0 0.0009736077117850073
790.0 0.0009445468094781972
791.0 0.0008173095920938067
792.0 0.0006900723292346811
793.0 0.0006858387678221334
794.0 0.000681605388308526
795.0 0.000627087865723297
796.0 0.000572570343138068
797.0 0.00043085115066787694
798.0 0.00028913188998558326
799.0 0.00017002337244775845
800.0 5.091495722808759e-05
801.0 5.4635921742374194e-05
802.0 5.835706247125927e-05
803.0 3.7236324601508386e-05
804.0 1.6115613732381462e-05
805.0 9.223836059391033e-05
806.0 0.00016836113445606316
807.0 0.00026033328595076455
808.0 0.0003523054601828335
809.0 0.0002798164814521442
810.0 0.00020732745724671986
811.0 0.00018959060525958193
812.0 0.00017185377600981155
813.0 1.5934985535953627e-10
814.0 1.5934985535953627e-10
815.0 0.0001057458348441287
816.0 0.0005117732143844478
817.0 0.0004984368842997355
818.0 0.0004851005996897584
819.0 0.00022114124931249535
820.0 1.5934985535953627e-10
821.0 1.5934985535953627e-10
822.0 1.5934985535953627e-10
823.0 1.5934985535953627e-10
824.0 1.5934985535953627e-10
825.0 1.5934985535953627e-10
826.0 3.902133300925925e-05
827.0 1.5934985535953627e-10
828.0 1.5934985535953627e-10
829.0 1.5934985535953627e-10
830.0 1.5934985535953627e-10
831.0 1.5934985535953627e-10
832.0 1.5934985535953627e-10
833.0 1.5934985535953627e-10
834.0 1.5934985535953627e-10
835.0 1.5934985535953627e-10
836.0 1.5934985535953627e-10
837.0 1.5934985535953627e-10
838.0 0.00013610060705104843
839.0 1.5934985535953627e-10
840.0 1.5934985535953627e-10
841.0 1.5934985535953627e-10
842.0 1.5934985535953627e-10
843.0 1.5934985535953627e-10
844.0 2.661957410055038e-05
845.0 0.0001307991738030978
846.0 0.0002349788246647222
847.0 2.8345024816189834e-05
848.0 1.5934985535953627e-10
849.0 0.00010102401120093418
850.0 0.00038033685996197164
851.0 0.00025433637347305194
852.0 0.00012833584150939714
853.0 1.5934985535953627e-10
854.0 1.5934985535953627e-10
855.0 1.5934985535953627e-10
856.0 0.00018470481109034154
857.0 0.0002700283630474587
858.0 0.00035535192637325963
859.0 0.0004996679763280554
860.0 0.0006439839125960134
861.0 0.0008121419341478031
862.0 0.0009802998647501227
863.0 0.001143847475759685
864.0 0.0013073951777187176
865.0 0.001141702159657143
866.0 0.0009760090506460983
867.0 0.0012089060874131974
868.0 0.001441802942281356
869.0 0.0014578665286535397
870.0 0.0014739300240762532
871.0 0.0015173712199612055
872.0 0.0015608124158461578
873.0 0.002267332820338197
874.0 0.002973853588628117
