lsstCam/transmission_filter_detector/r41_s10/i_39/19700101T000000.ecsv
# %ECSV 1.0
# ---
# datatype:
# - {name: wavelength, unit: nm, datatype: float32}
# - {name: efficiency, unit: '%', datatype: float64}
# meta: !!omap
# - {MODE: DETECTOR}
# - {TYPE: transmission_filter_detector}
# - {CALIBDATE: '1970-01-01T00:00:00'}
# - {INSTRUME: LSSTCam}
# - {OBSTYPE: transmission_filter_detector}
# - {CALIBCLS: lsst.ip.isr.IntermediateFilterDetectorTransmissionCurve}
# - {SOURCE: Materion (DM-46256)}
# - {DETECTOR: 165}
# - {FILTER: i_39}
# - {CALIB_ID: 'calibDate=1970-01-01T00:00:00 filter=i_39 detector=165'}
# - {DATE: '2025-04-02T15:59:47.243235'}
# - {CALIB_CREATION_DATE: '2025-04-02'}
# - {CALIB_CREATION_TIME: '15:59:47'}
# - __serialized_columns__:
#     efficiency:
#       __class__: astropy.units.quantity.Quantity
#       unit: !astropy.units.Unit {unit: '%'}
#       value: !astropy.table.SerializedColumn {name: efficiency}
#     wavelength:
#       __class__: astropy.units.quantity.Quantity
#       unit: !astropy.units.Unit {unit: nm}
#       value: !astropy.table.SerializedColumn {name: wavelength}
# schema: astropy-2.0
wavelength efficiency
300.0 0.08639402803964913
301.0 0.03179981140419841
302.0 1.7070089916235154e-10
303.0 1.7070089916235154e-10
304.0 0.010963914974126965
305.0 0.007671701314393431
306.0 0.004379485108074732
307.0 0.006929131632205099
308.0 0.009478776337346062
309.0 0.000589948422202724
310.0 1.7070089916235154e-10
311.0 1.7070089916235154e-10
312.0 0.006000457506161183
313.0 0.004424646249390207
314.0 0.0028488340831245296
315.0 0.004579613596433774
316.0 0.0063103914726525545
317.0 0.005412933751358651
318.0 0.0045154763938626274
319.0 0.0024519216822227463
320.0 0.0003883676527038915
321.0 0.00046253476284618955
322.0 0.0005367004177969648
323.0 0.0028022488550050184
324.0 0.0050677965191425756
325.0 0.0034107259125448763
326.0 0.0017536560335429385
327.0 0.0008108419024210889
328.0 1.7070089916235154e-10
329.0 1.7070089916235154e-10
330.0 1.7070089916235154e-10
331.0 1.7070089916235154e-10
332.0 0.0020008357751066796
333.0 0.0005094691914564464
334.0 1.7070089916235154e-10
335.0 1.7070089916235154e-10
336.0 0.0003402704123800504
337.0 0.0005486931968334829
338.0 0.0007571157311758725
339.0 1.7070089916235154e-10
340.0 1.7070089916235154e-10
341.0 1.7070089916235154e-10
342.0 0.0006997242962825112
343.0 0.0009920039701682981
344.0 0.001284283098357264
345.0 0.0008686803994351067
346.0 0.00045307738218980376
347.0 0.0004939625796396285
348.0 0.0005348474587663077
349.0 1.7070089916235154e-10
350.0 1.7070089916235154e-10
351.0 1.7070089916235154e-10
352.0 1.7070089916235154e-10
353.0 1.7070089916235154e-10
354.0 0.0004858182364841923
355.0 0.0011216384336876217
356.0 0.0017574586308910511
357.0 0.0007469289357686648
358.0 1.7070089916235154e-10
359.0 1.7070089916235154e-10
360.0 1.7070089916235154e-10
361.0 0.0006150774424895644
362.0 0.0012920866538479459
363.0 0.0010052866855403408
364.0 0.0007184866717580007
365.0 0.0008896427971194498
366.0 0.001060798967955634
367.0 0.0007154645572882146
368.0 0.0003701302375702653
369.0 1.7070089916235154e-10
370.0 1.7070089916235154e-10
371.0 0.00018304928062207182
372.0 0.0010040213965112343
373.0 0.0009285070518672001
374.0 0.000852992798172636
375.0 0.0006487564860435668
376.0 0.00044452008296502754
377.0 0.0001834113163567963
378.0 1.7070089916235154e-10
379.0 1.7070089916235154e-10
380.0 1.7070089916235154e-10
381.0 1.7070089916235154e-10
382.0 1.7070089916235154e-10
383.0 1.7070089916235154e-10
384.0 1.7070089916235154e-10
385.0 0.00016694041278242366
386.0 0.0005504792625288246
387.0 0.00013326590533324634
388.0 1.7070089916235154e-10
389.0 1.7070089916235154e-10
390.0 7.314938557101414e-05
391.0 3.716645835538657e-05
392.0 1.1833240165515235e-06
393.0 0.0006418201337510254
394.0 0.0012824567420466337
395.0 0.001308036644331878
396.0 0.0013336164556676522
397.0 0.00134961037474568
398.0 0.0013656045666721184
399.0 0.0021031439246144146
400.0 0.002840683373506181
401.0 0.005140330176800489
402.0 0.007439976616296917
403.0 0.0049936068535316736
404.0 0.0025472380002611317
405.0 0.0013249640687718056
406.0 0.0001026901600198471
407.0 0.0003039214561795234
408.0 0.0005051525477028918
409.0 0.002157729977625422
410.0 0.0038103069528006017
411.0 0.004391126640257426
412.0 0.004971945963916369
413.0 0.005541912469197996
414.0 0.006111878610681742
415.0 0.006085960558266379
416.0 0.006060041414457373
417.0 0.006602272333111614
418.0 0.007144502887967974
419.0 0.005097594839753583
420.0 0.003050687701033894
421.0 0.003600018681026995
422.0 0.004149350570514798
423.0 0.0045921602577436715
424.0 0.005034968853578903
425.0 0.005387915371102281
426.0 0.005740861888625659
427.0 0.004523158349911682
428.0 0.0033054548111977056
429.0 0.002470354229444638
430.0 0.0016352536476915702
431.0 0.0035563018172979355
432.0 0.005477349986904301
433.0 0.005198027429287322
434.0 0.004918704507872462
435.0 0.0035262914025224745
436.0 0.0021338792066671886
437.0 0.0017481192116974853
438.0 0.0013623593986267224
439.0 0.0014868152902636211
440.0 0.0016112710000015795
441.0 0.001141144002758665
442.0 0.0006710170055157505
443.0 0.0006127530468802433
444.0 0.0005544890882447362
445.0 0.0007043204732326558
446.0 0.0008541520401195157
447.0 0.00040503323361917865
448.0 1.7070089916235154e-10
449.0 0.00013789167496724986
450.0 0.0003198690365024959
451.0 0.00024965570446511265
452.0 0.00017944237242772942
453.0 1.7070089916235154e-10
454.0 1.7070089916235154e-10
455.0 1.7070089916235154e-10
456.0 0.00031006004519440467
457.0 0.00012060108929290436
458.0 1.7070089916235154e-10
459.0 0.00021191629002714762
460.0 0.0004926906967739342
461.0 0.0005624419372907141
462.0 0.0006321931778074941
463.0 0.00022015003651176812
464.0 1.7070089916235154e-10
465.0 1.7070089916235154e-10
466.0 0.00013553485587181058
467.0 0.00041377647903573234
468.0 0.0006920180112501839
469.0 0.00046716290853510145
470.0 0.0002423079195068567
471.0 0.0003935586391889956
472.0 0.000544809381608502
473.0 0.00012756268006341998
474.0 1.7070089916235154e-10
475.0 1.626540608867799e-05
476.0 0.0003222148052373086
477.0 0.00041047851482289843
478.0 0.0004987422471458558
479.0 0.0002775431539703277
480.0 5.634408353216713e-05
481.0 0.0005355362645786954
482.0 0.001014728331938386
483.0 0.0015478239220101386
484.0 0.0020809195120818913
485.0 0.0025975145035772584
486.0 0.0031141094950726256
487.0 0.004982153041055426
488.0 0.006850196223240346
489.0 0.012633815640583634
490.0 0.01841743796830997
491.0 0.02409439330222085
492.0 0.029771353001706302
493.0 0.033071666257455945
494.0 0.03637198533397168
495.0 0.03384340670891106
496.0 0.03131483099423349
497.0 0.024959395523183048
498.0 0.01860396732809022
499.0 0.014180810831021518
500.0 0.00975765724433586
501.0 0.006491362728411332
502.0 0.0032250696676783264
503.0 0.0024055654648691416
504.0 0.0015860614439588971
505.0 0.001981041714316234
506.0 0.002376021984673571
507.0 0.0026879881261265837
508.0 0.0029999542675795965
509.0 0.002996366674778983
510.0 0.00299277926387731
511.0 0.002663025588844903
512.0 0.0023332719138124958
513.0 0.0019447270460659638
514.0 0.0015561823602183722
515.0 0.0013782828318653628
516.0 0.0012003832125628833
517.0 0.0015235320461215451
518.0 0.0018466807887307368
519.0 0.0016778652934590355
520.0 0.0015090498891368043
521.0 0.0014738800018676557
522.0 0.0014387104783963878
523.0 0.0015516490748268552
524.0 0.0016645877622067928
525.0 0.0023009293727227487
526.0 0.0029372715289355256
527.0 0.003868469502776861
528.0 0.004799667658517137
529.0 0.004885732778348029
530.0 0.004971798261976801
531.0 0.004613376222550869
532.0 0.0042549549107206985
533.0 0.0034188888093922287
534.0 0.0025828228899626993
535.0 0.0019825482013402507
536.0 0.001382273512717802
537.0 0.0017451480744057335
538.0 0.0021080228179926053
539.0 0.002629334630910307
540.0 0.003150646443828009
541.0 0.003964246570831165
542.0 0.00477784633403644
543.0 0.005072667772765271
544.0 0.005367489575291984
545.0 0.005137282278155908
546.0 0.004907074981019832
547.0 0.003843434024020098
548.0 0.0027797927032224834
549.0 0.0023108352252165787
550.0 0.001841877747210674
551.0 0.0021046053007012233
552.0 0.0023673326722928323
553.0 0.0023869755750638433
554.0 0.0024066186597337946
555.0 0.0020009989384561777
556.0 0.0015953793990775011
557.0 0.0012290968697925564
558.0 0.0008628141586086713
559.0 0.0006119511454016902
560.0 0.00036108820040681167
561.0 0.0004678625373344403
562.0 0.0005746369879489066
563.0 0.0009856256838247646
564.0 0.0013966144251753576
565.0 0.0015392713976325467
566.0 0.0016819281881907955
567.0 0.001823299862735439
568.0 0.0019646715372800827
569.0 0.0016062007489381358
570.0 0.0012477301424951293
571.0 0.0008758165677136276
572.0 0.0005039030838815961
573.0 0.0005897879873373313
574.0 0.0006756728453183314
575.0 0.0004930992417939706
576.0 0.00031052557005750714
577.0 0.00046108689275570214
578.0 0.0006116481927165296
579.0 0.000503418232256081
580.0 0.00039518822632089723
581.0 0.00031992960884963395
582.0 0.00024467103685310576
583.0 0.00033329029065498617
584.0 0.00042190958993160166
585.0 0.0004652570169128012
586.0 0.0005086043984192656
587.0 0.0006044793281034799
588.0 0.0007003543032624293
589.0 0.0007848073437344283
590.0 0.0008692603842064273
591.0 0.0008536120731150731
592.0 0.0008379635801247787
593.0 0.0007376074336207239
594.0 0.0006372513780661393
595.0 0.0004991844889445929
596.0 0.0003611175543483114
597.0 0.0003170857098666602
598.0 0.000273053865385009
599.0 0.0001903888005472254
600.0 0.00010772378118417691
601.0 0.00020647260043915594
602.0 0.0003052214424315025
603.0 0.00021660034690285102
604.0 0.00012797924000551575
605.0 0.0003101955371676013
606.0 0.0004924117547489004
607.0 0.0003327345893922029
608.0 0.00017305731034866767
609.0 0.00033772491860872833
610.0 0.0005023925950808916
611.0 0.0004220679329591803
612.0 0.000341743270837469
613.0 0.00025334281872346764
614.0 0.00016494241208420135
615.0 0.0002644062078616116
616.0 0.0003638700718511245
617.0 0.0003862329322146252
618.0 0.0004085958153154934
619.0 0.00034092199712176807
620.0 0.00027324826987751294
621.0 0.00020925276658090297
622.0 0.000145257263284293
623.0 0.00022963549781707115
624.0 0.00031401384603668703
625.0 0.00029994941996847047
626.0 0.000285885039374989
627.0 0.00028868425943073817
628.0 0.0002914835022238549
629.0 0.0002885521780626732
630.0 0.0002856208539014915
631.0 0.00030747924029128626
632.0 0.000329337626681081
633.0 0.0002457948085066164
634.0 0.00016225200170083554
635.0 0.00024330488486157265
636.0 0.000324357756653626
637.0 0.0002766061925285612
638.0 0.00022885467387823155
639.0 0.00041260454963776283
640.0 0.0005963543117104564
641.0 0.0005043988494435325
642.0 0.0004124432962271385
643.0 0.000352651727553166
644.0 0.00029286004519235576
645.0 0.00040663890104042366
646.0 0.0005204178251005942
647.0 0.0005631752628687536
648.0 0.000605932655162178
649.0 0.0005714555300073698
650.0 0.0005369783593778266
651.0 0.0006785665846109623
652.0 0.000820154764369363
653.0 0.0008974463526101317
654.0 0.0009747381227498408
655.0 0.0008575521860620938
656.0 0.0007403661584248766
657.0 0.0012707204405160155
658.0 0.0018010749045060948
659.0 0.0032721636671340093
660.0 0.036345451371744275
661.0 0.056406017392873764
662.0 0.058014021487906575
663.0 0.09971414692699909
664.0 0.10105908149853349
665.0 0.07471906137652695
666.0 0.13836062280461192
667.0 0.14018210349604487
668.0 0.1993776299059391
669.0 0.2283143810927868
670.0 0.25923619978129864
671.0 0.3912299871444702
672.0 0.6008963566273451
673.0 0.9502343833446503
674.0 1.487488392740488
675.0 2.2181354463100433
676.0 3.189021721482277
677.0 4.46740984916687
678.0 5.817703530192375
679.0 7.177214324474335
680.0 8.953914791345596
681.0 10.932713001966476
682.0 13.464677333831787
683.0 16.323982179164886
684.0 19.398346543312073
685.0 22.35094904899597
686.0 25.410616397857666
687.0 28.657802939414978
688.0 31.815937161445618
689.0 34.9368155002594
690.0 38.368573784828186
691.0 42.07632541656494
692.0 46.5509295463562
693.0 51.406311988830566
694.0 56.92766308784485
695.0 62.51677870750427
696.0 68.80784630775452
697.0 74.50896501541138
698.0 80.77583312988281
699.0 85.59373021125793
700.0 89.61290717124939
701.0 92.85092949867249
702.0 95.15717625617981
703.0 96.53106927871704
704.0 97.23795652389526
705.0 97.7641224861145
706.0 97.90295958518982
707.0 98.11067581176758
708.0 98.16782474517822
709.0 98.19811582565308
710.0 97.93708920478821
711.0 98.13193678855896
712.0 98.02539348602295
713.0 98.0853259563446
714.0 98.14407229423523
715.0 98.20133447647095
716.0 98.12192916870117
717.0 98.2664406299591
718.0 98.40154647827148
719.0 98.36572408676147
720.0 98.63436222076416
721.0 98.53066205978394
722.0 98.33298921585083
723.0 98.05371165275574
724.0 97.72770404815674
725.0 97.44911789894104
726.0 97.08104729652405
727.0 96.77520394325256
728.0 96.50343656539917
729.0 96.2762713432312
730.0 96.29926085472107
731.0 96.2979793548584
732.0 96.3157594203949
733.0 96.62386178970337
734.0 97.05910682678223
735.0 97.39076495170593
736.0 97.78047800064087
737.0 98.0989158153534
738.0 98.4194815158844
739.0 98.73402714729309
740.0 98.86895418167114
741.0 98.6839771270752
742.0 98.97488951683044
743.0 98.86364340782166
744.0 98.60486388206482
745.0 98.6218512058258
746.0 98.52100014686584
747.0 98.88848066329956
748.0 98.77936244010925
749.0 98.68675470352173
750.0 98.63174557685852
751.0 98.48237633705139
752.0 98.45348000526428
753.0 98.72399568557739
754.0 98.57648015022278
755.0 98.7153172492981
756.0 98.70359301567078
757.0 98.70071411132812
758.0 98.90488386154175
759.0 98.88331890106201
760.0 98.69612455368042
761.0 98.60270619392395
762.0 98.70209097862244
763.0 98.64023327827454
764.0 98.44568967819214
765.0 98.44134449958801
766.0 98.48294258117676
767.0 98.38767051696777
768.0 98.36134910583496
769.0 98.48634004592896
770.0 98.24793934822083
771.0 98.36338758468628
772.0 98.38262796401978
773.0 98.32435846328735
774.0 98.13224077224731
775.0 98.27582240104675
776.0 98.17703366279602
777.0 98.18829298019409
778.0 98.19100499153137
779.0 98.2129454612732
780.0 97.93916940689087
781.0 98.20234775543213
782.0 98.13922047615051
783.0 98.07368516921997
784.0 98.01031947135925
785.0 98.19905161857605
786.0 98.30918312072754
787.0 98.04238080978394
788.0 98.176109790802
789.0 98.22075963020325
790.0 98.25172424316406
791.0 98.27578663825989
792.0 98.14257025718689
793.0 98.14869165420532
794.0 98.11286330223083
795.0 98.06419014930725
796.0 98.16614985466003
797.0 98.14032912254333
798.0 98.25243353843689
799.0 98.131662607193
800.0 97.94758558273315
801.0 97.98267483711243
802.0 97.92653322219849
803.0 97.7440357208252
804.0 97.49465584754944
805.0 97.30460047721863
806.0 97.0190167427063
807.0 96.60553932189941
808.0 95.95338702201843
809.0 95.18004059791565
810.0 94.23123002052307
811.0 92.88360476493835
812.0 91.1852777004242
813.0 89.02425169944763
814.0 86.4517867565155
815.0 83.36760997772217
816.0 80.06371259689331
817.0 76.08456015586853
818.0 71.34636044502258
819.0 67.17486381530762
820.0 62.080371379852295
821.0 57.42097496986389
822.0 52.88389325141907
823.0 48.09885323047638
824.0 43.40977966785431
825.0 39.074352383613586
826.0 34.49551463127136
827.0 29.78573739528656
828.0 25.49826204776764
829.0 21.19257301092148
830.0 16.695134341716766
831.0 13.143259286880493
832.0 9.524780511856079
833.0 6.602201610803604
834.0 4.315156489610672
835.0 2.6798266917467117
836.0 1.6311949118971825
837.0 0.9502268396317959
838.0 0.519638555124402
839.0 0.30159472953528166
840.0 0.17881481908261776
841.0 0.1075930311344564
842.0 0.08574717212468386
843.0 0.022949985577724874
844.0 1.7070089916235154e-10
845.0 0.0001074816168511461
846.0 1.7070089916235154e-10
847.0 1.7070089916235154e-10
848.0 1.7070089916235154e-10
849.0 1.7070089916235154e-10
850.0 1.7070089916235154e-10
851.0 0.0025819595975917764
852.0 0.0027998174118692987
853.0 0.0023142338250181638
854.0 0.0018286506019649096
855.0 0.0012599563888215926
856.0 0.0006912621756782755
857.0 0.0006133368060545763
858.0 0.0005354114819056122
859.0 0.0004301584340282716
860.0 0.0003249055225751363
861.0 0.0001801646021704073
862.0 3.54235538679859e-05
863.0 0.00012085517937521217
864.0 0.0002062868816210539
865.0 0.00014181264305079821
866.0 7.733843290225195e-05
867.0 1.7070089916235154e-10
868.0 1.7070089916235154e-10
869.0 1.7070089916235154e-10
870.0 1.7070089916235154e-10
871.0 1.7070089916235154e-10
872.0 1.7070089916235154e-10
873.0 1.7070089916235154e-10
874.0 3.391043890133005e-05
875.0 3.2726254062254156e-05
876.0 3.1542055012323544e-05
877.0 8.902670742827468e-05
878.0 0.00014651137689725147
879.0 9.126713962359645e-05
880.0 3.602299045724067e-05
881.0 0.00015249511307047214
882.0 0.0002689672555789002
883.0 0.00023082181996869622
884.0 0.00019267636162112467
885.0 0.00017337803228656412
886.0 0.00015407965747726848
887.0 2.3576026819682738e-05
888.0 1.7070089916235154e-10
889.0 1.7070089916235154e-10
890.0 4.541131772839435e-05
891.0 4.228161856190127e-05
892.0 3.915193076409196e-05
893.0 8.301856269099517e-05
894.0 0.00012688519746006932
895.0 0.00015818981182746938
