lsstCam/transmission_filter_detector/r41_s10/i_39/19700101T000000.ecsv
# %ECSV 1.0
# ---
# datatype:
# - {name: wavelength, unit: nm, datatype: float32}
# - {name: efficiency, unit: '%', datatype: float64}
# meta: !!omap
# - {MODE: DETECTOR}
# - {TYPE: transmission_filter_detector}
# - {CALIBDATE: '1970-01-01T00:00:00'}
# - {INSTRUME: LSSTCam}
# - {OBSTYPE: transmission_filter_detector}
# - {CALIBCLS: lsst.ip.isr.IntermediateFilterDetectorTransmissionCurve}
# - {SOURCE: Materion (DM-46256)}
# - {DETECTOR: 165}
# - {FILTER: i_39}
# - {CALIB_ID: 'calibDate=1970-01-01T00:00:00 filter=i_39 detector=165'}
# - {DATE: '2025-04-02T15:59:47.243235'}
# - {CALIB_CREATION_DATE: '2025-04-02'}
# - {CALIB_CREATION_TIME: '15:59:47'}
# - __serialized_columns__:
#     efficiency:
#       __class__: astropy.units.quantity.Quantity
#       unit: !astropy.units.Unit {unit: '%'}
#       value: !astropy.table.SerializedColumn {name: efficiency}
#     wavelength:
#       __class__: astropy.units.quantity.Quantity
#       unit: !astropy.units.Unit {unit: nm}
#       value: !astropy.table.SerializedColumn {name: wavelength}
# schema: astropy-2.0
wavelength efficiency
[from data line 597]
897.0 0.00015467302318938891
898.0 0.00011985162018390838
899.0 6.648688781751844e-05
900.0 1.3122158293299435e-05
901.0 1.7070089916235154e-10
902.0 1.7070089916235154e-10
903.0 1.7070089916235154e-10
904.0 1.7070089916235154e-10
905.0 1.7070089916235154e-10
906.0 4.851633548241807e-05
907.0 1.7070089916235154e-10
908.0 1.7070089916235154e-10
909.0 1.7070089916235154e-10
910.0 1.7070089916235154e-10
911.0 1.7070089916235154e-10
912.0 8.922058896132512e-05
913.0 0.00010357833843954722
914.0 0.0001179360992864531
915.0 8.013074648260954e-05
916.0 4.232540504744975e-05
917.0 1.7070089916235154e-10
918.0 1.7070089916235154e-10
919.0 1.7070089916235154e-10
920.0 1.7070089916235154e-10
921.0 1.7070089916235154e-10
922.0 1.7070089916235154e-10
923.0 1.7070089916235154e-10
924.0 4.7327625907200854e-05
925.0 1.7070089916235154e-10
926.0 1.7070089916235154e-10
927.0 1.7070089916235154e-10
928.0 1.7070089916235154e-10
929.0 3.680992506360781e-05
930.0 0.00024704606857994804
931.0 1.2868797227838513e-05
932.0 1.7070089916235154e-10
933.0 1.7070089916235154e-10
934.0 1.7070089916235154e-10
935.0 1.7070089916235154e-10
936.0 1.7070089916235154e-10
937.0 1.7070089916235154e-10
938.0 1.7792966389151843e-05
939.0 8.933115509535128e-05
940.0 0.00016086936511783279
941.0 0.00019425410755502526
942.0 0.00022763888409826905
943.0 6.609585625483305e-05
944.0 1.7070089916235154e-10
945.0 1.7070089916235154e-10
946.0 1.9910200421691115e-05
947.0 6.014019060529563e-07
948.0 1.7070089916235154e-10
949.0 1.7070089916235154e-10
950.0 1.7070089916235154e-10
951.0 1.7070089916235154e-10
952.0 1.7070089916235154e-10
953.0 1.7070089916235154e-10
954.0 1.7070089916235154e-10
955.0 1.7070089916235154e-10
956.0 1.3705783885598066e-05
957.0 1.7070089916235154e-10
958.0 1.7070089916235154e-10
959.0 1.7070089916235154e-10
960.0 4.2428069946254254e-05
961.0 9.295664540331927e-05
962.0 0.00014348519243867486
963.0 0.00016282023125313572
964.0 0.0001821552586989128
965.0 4.757672513733269e-05
966.0 1.7070089916235154e-10
967.0 1.7070089916235154e-10
968.0 1.7070089916235154e-10
969.0 1.7070089916235154e-10
970.0 1.5226898142373102e-05
971.0 1.7070089916235154e-10
972.0 1.7070089916235154e-10
973.0 1.7070089916235154e-10
974.0 1.9923042771097244e-05
975.0 7.596390219077875e-05
976.0 0.00013200477724240045
977.0 5.2165233910272946e-05
978.0 1.7070089916235154e-10
979.0 4.424583153195272e-05
980.0 0.00011616594974839245
981.0 9.723144103190862e-05
982.0 7.829693231542478e-05
983.0 9.127768407779513e-05
984.0 0.00010425843584016548
985.0 6.818683573328599e-05
986.0 3.211518446732953e-05
987.0 7.4983773856729385e-06
988.0 1.7070089916235154e-10
989.0 3.8510879107889195e-05
990.0 9.414021633347147e-05
991.0 5.3031959623695e-05
992.0 1.1923731335627963e-05
993.0 5.135386800247943e-05
994.0 9.078399330064713e-05
995.0 0.00014041191889191396
996.0 0.00019003982743015513
997.0 4.608366452885093e-05
998.0 1.7070089916235154e-10
999.0 1.7070089916235154e-10
1000.0 1.7070089916235154e-10
1001.0 1.7070089916235154e-10
1002.0 8.67472749632725e-05
1003.0 0.00010731072279668297
1004.0 0.0001278741478927259
1005.0 0.00015373694850495667
1006.0 0.00017959980596060632
1007.0 0.00021145913251530146
1008.0 0.00024331855001946678
1009.0 0.00021894604742556112
1010.0 0.00019457354483165545
1011.0 0.0002455903995723929
1012.0 0.0002966073452626006
1013.0 0.00020244267489033518
1014.0 0.00010827806136148865
1015.0 0.00015697228263888974
1016.0 0.0002056665152849746
1017.0 0.0003522526867527631
1018.0 0.0004988388354831841
1019.0 0.0003711672434292268
1020.0 0.00024349565137526952
1021.0 6.023823289069696e-05
1022.0 1.7070089916235154e-10
1023.0 1.7070089916235154e-10
1024.0 0.0001169728079730703
1025.0 0.00014508373169519473
1026.0 0.00017319462131126784
1027.0 0.0003197871819793363
1028.0 0.00046637956074846443
1029.0 0.0007399477908620611
1030.0 0.0010135159755009227
1031.0 0.00114607637442532
1032.0 0.0012786367733497173
1033.0 0.0016480609701829962
1034.0 0.002017484985117335
1035.0 0.002407860301900655
1036.0 0.002798235436785035
1037.0 0.0029329752578632906
1038.0 0.003067715442739427
1039.0 0.003163437213515863
1040.0 0.0032591589842922986
1041.0 0.0031896466680336744
1042.0 0.00312013435177505
1043.0 0.003012925481016282
1044.0 0.002905716792156454
1045.0 0.0030648850952275097
1046.0 0.003224053216399625
1047.0 0.0032991967600537464
1048.0 0.003374339939909987
1049.0 0.003221524093532935
1050.0 0.0030687078833580017
1051.0 0.0028362161174300127
1052.0 0.002603723987704143
1053.0 0.00250270968535915
1054.0 0.002401695201115217
1055.0 0.001974653969227802
1056.0 0.0015476123735425062
1057.0 0.0013492432117345743
1058.0 0.0011508737770782318
1059.0 0.0009651884283812251
1060.0 0.000779502897785278
1061.0 0.0008638327017251868
1062.0 0.0009481625966145657
1063.0 0.0011825219189631753
1064.0 0.0014168810594128445
1065.0 0.0020308327293605544
1066.0 0.002644784763106145
1067.0 0.003200667561031878
1068.0 0.0037565507227554917
1069.0 0.0035236695111962035
1070.0 0.003290788663434796
1071.0 0.0036303597880760208
1072.0 0.003969931276515126
1073.0 0.0030921390134608373
1074.0 0.002214346568507608
1075.0 0.0024092691091937013
1076.0 0.0026041916498797946
1077.0 0.002909105933213141
1078.0 0.0032140200346475467
1079.0 0.0028621851015486754
1080.0 0.002510349622752983
1081.0 0.0017912341718329117
1082.0 0.0010721184480644297
1083.0 0.001345058626611717
1084.0 0.0016179987142095342
1085.0 0.0013632967238663696
1086.0 0.0011085950973210856
1087.0 0.0005211212283029454
1088.0 1.7070089916235154e-10
1089.0 1.7070089916235154e-10
1090.0 1.7070089916235154e-10
1091.0 0.0010127744644705672
1092.0 0.0020795638192794286
1093.0 0.0011057028132199775
1094.0 0.00013184184126657783
1095.0 1.7070089916235154e-10
1096.0 1.7070089916235154e-10
1097.0 1.7070089916235154e-10
1098.0 1.7070089916235154e-10
1099.0 1.7070089916235154e-10
1100.0 0.00024413670871581417
