lsstCam/transmission_filter_detector/r20_s10/r_57/19700101T000000.ecsv
# %ECSV 1.0
# ---
# datatype:
# - {name: wavelength, unit: nm, datatype: float32}
# - {name: efficiency, unit: '%', datatype: float64}
# meta: !!omap
# - {MODE: DETECTOR}
# - {TYPE: transmission_filter_detector}
# - {CALIBDATE: '1970-01-01T00:00:00'}
# - {INSTRUME: LSSTCam}
# - {OBSTYPE: transmission_filter_detector}
# - {CALIBCLS: lsst.ip.isr.IntermediateFilterDetectorTransmissionCurve}
# - {SOURCE: Materion (DM-46256)}
# - {DETECTOR: 75}
# - {FILTER: r_57}
# - {CALIB_ID: 'calibDate=1970-01-01T00:00:00 filter=r_57 detector=75'}
# - {DATE: '2025-04-02T15:59:44.530030'}
# - {CALIB_CREATION_DATE: '2025-04-02'}
# - {CALIB_CREATION_TIME: '15:59:44'}
# - __serialized_columns__:
#     efficiency:
#       __class__: astropy.units.quantity.Quantity
#       unit: !astropy.units.Unit {unit: '%'}
#       value: !astropy.table.SerializedColumn {name: efficiency}
#     wavelength:
#       __class__: astropy.units.quantity.Quantity
#       unit: !astropy.units.Unit {unit: nm}
#       value: !astropy.table.SerializedColumn {name: wavelength}
# schema: astropy-2.0
wavelength efficiency
[from data line 604]
904.0 1.698658032810163e-10
905.0 1.698658032810163e-10
906.0 1.698658032810163e-10
907.0 1.698658032810163e-10
908.0 1.698658032810163e-10
909.0 1.698658032810163e-10
910.0 1.698658032810163e-10
911.0 1.698658032810163e-10
912.0 1.698658032810163e-10
913.0 1.698658032810163e-10
914.0 1.698658032810163e-10
915.0 5.485242127178935e-05
916.0 1.9771810855218064e-05
917.0 1.698658032810163e-10
918.0 5.3955312750986195e-05
919.0 0.00012321938811510336
920.0 4.476285653254308e-05
921.0 1.698658032810163e-10
922.0 8.940237989918387e-05
923.0 0.00021249845758575248
924.0 0.00022251620066526812
925.0 0.00023253394374478376
926.0 0.00020073364339623367
927.0 0.00016893333167899982
928.0 0.00016657052128721261
929.0 0.0001642077108954254
930.0 0.00023685768155701226
931.0 0.0003095076635872829
932.0 0.00014259828731155721
933.0 1.698658032810163e-10
934.0 9.430055456505215e-05
935.0 0.0002129121412508539
936.0 0.00023311536097025964
937.0 0.0002533185806896654
938.0 0.00021657531306118472
939.0 0.00017983204543270404
940.0 0.00019977273950644303
941.0 0.00021971343358018203
942.0 0.00032221666970144724
943.0 0.0004247198830853449
944.0 0.00034743802643788513
945.0 0.0002701561925277929
946.0 0.00032713830933062127
947.0 0.0003841204488708172
948.0 0.00044936359699931927
949.0 0.0005146068360772915
950.0 0.0005237015557213454
951.0 0.0005327963208401343
952.0 0.000684843371345778
953.0 0.0008368904673261568
954.0 0.0010888613360293675
955.0 0.0013408322956820484
956.0 0.0014133886907075066
957.0 0.0014859449947834946
958.0 0.0016166872228495777
959.0 0.0017474298147135414
960.0 0.001906583202071488
961.0 0.002065736953227315
962.0 0.002244889037683606
963.0 0.0024240413040388376
964.0 0.002417136784060858
965.0 0.0024102320821839385
966.0 0.0023768681785441004
967.0 0.0023435039111063816
968.0 0.0022943066142033786
969.0 0.002245109499199316
970.0 0.0023448170395568013
971.0 0.0024445249437121674
972.0 0.0025840838134172373
973.0 0.0027236425012233667
974.0 0.0029676863050553948
975.0 0.0032117299269884825
976.0 0.0033205633371835575
977.0 0.0034293963835807517
978.0 0.003333470885991119
979.0 0.0032375457521993667
980.0 0.0032147356250789016
981.0 0.0031919258617563173
982.0 0.003258604192524217
983.0 0.003325282523292117
984.0 0.0032170584745472297
985.0 0.0031088344258023426
986.0 0.0029801811251672916
987.0 0.0028515278245322406
988.0 0.002708359170355834
989.0 0.002565190879977308
990.0 0.0026060737582156435
991.0 0.002646956818352919
992.0 0.0026568814064376056
993.0 0.0026668065402191132
994.0 0.0027092710297438316
995.0 0.0027517353373696096
996.0 0.002793996100081131
997.0 0.0028362566808937117
998.0 0.002970646892208606
999.0 0.0031050371035235003
1000.0 0.0032362640922656283
1001.0 0.003367491444805637
1002.0 0.0036126595659879968
1003.0 0.0038578280509682372
1004.0 0.003942640250897966
1005.0 0.004027452450827695
1006.0 0.004220540358801372
1007.0 0.00441362863057293
1008.0 0.004373073534225114
1009.0 0.004332518074079417
1010.0 0.0043501797335920855
1011.0 0.004367841393104754
1012.0 0.004301474473322742
1013.0 0.00423510791733861
1014.0 0.0039471095078624785
1015.0 0.0036591110983863473
1016.0 0.003453769750194624
1017.0 0.003248428402002901
1018.0 0.002894354474847205
1019.0 0.0025402807295904495
1020.0 0.0021510270016733557
1021.0 0.0017617730918573216
1022.0 0.0015202003851300105
1023.0 0.0012786274965037592
1024.0 0.001332987449131906
1025.0 0.0013873475836589932
1026.0 0.0012663008419622201
1027.0 0.0011452539183665067
1028.0 0.0010324889444746077
1029.0 0.0009197237886837684
1030.0 0.0009069892257684842
1031.0 0.0008942542990553193
1032.0 0.0009187722753267735
1033.0 0.0009432901606487576
1034.0 0.0008876064384821802
1035.0 0.0008319226253661327
1036.0 0.0008061197149800137
1037.0 0.0007803165317454841
1038.0 0.0007605638529639691
1039.0 0.0007408112196571892
1040.0 0.0007973290848894976
1041.0 0.0008538469046470709
1042.0 0.0009275396223529242
1043.0 0.001001232067210367
1044.0 0.0009227757800545078
1045.0 0.0008443198566965293
1046.0 0.0009068791769095697
1047.0 0.0009694387699710205
1048.0 0.0009051608685695101
1049.0 0.0008408830581174698
1050.0 0.000872810142027447
1051.0 0.0009047374078363646
1052.0 0.001043281372403726
1053.0 0.0011818249731732067
1054.0 0.0010846028089872561
1055.0 0.0009873805538518354
1056.0 0.0009870993380900472
1057.0 0.0009868184861261398
1058.0 0.000911022289074026
1059.0 0.0008352260920219123
1060.0 0.0011825348337879404
1061.0 0.0015298432117560878
1062.0 0.0015288071153918281
1063.0 0.0015277710190275684
1064.0 0.0010676204510673415
1065.0 0.0006074694283597637
1066.0 0.0010271169230691157
1067.0 0.001446764508727938
1068.0 0.0017733462300384417
1069.0 0.0020999274056521244
1070.0 0.0016862968550412916
1071.0 0.0012726661225315183
1072.0 0.001370334666717099
1073.0 0.0014680033018521499
1074.0 0.002080583908536937
1075.0 0.0026931642423733138
1076.0 0.0030275696190074086
1077.0 0.003361975177540444
1078.0 0.003710587043315172
1079.0 0.004059199272887781
1080.0 0.004187696686130948
1081.0 0.004316193735576235
1082.0 0.004189992614556104
1083.0 0.004063791493535973
1084.0 0.004545167394098826
1085.0 0.005026542567065917
1086.0 0.005036697621108033
1087.0 0.005046852311352268
1088.0 0.005020614844397642
1089.0 0.004994377741240896
1090.0 0.004465319216251373
1091.0 0.00393626069126185
1092.0 0.003819450648734346
1093.0 0.0037026406062068418
1094.0 0.00391532557841856
1095.0 0.004128010550630279
1096.0 0.0033826141589088365
1097.0 0.002637217585288454
1098.0 0.002182530988648068
1099.0 0.0017278443920076825
1100.0 0.0016823838450363837
1101.0 0.001636922752368264
