lsstCam/transmission_filter_detector/r20_s10/r_57/19700101T000000.ecsv
# %ECSV 1.0
# ---
# datatype:
# - {name: wavelength, unit: nm, datatype: float32}
# - {name: efficiency, unit: '%', datatype: float64}
# meta: !!omap
# - {MODE: DETECTOR}
# - {TYPE: transmission_filter_detector}
# - {CALIBDATE: '1970-01-01T00:00:00'}
# - {INSTRUME: LSSTCam}
# - {OBSTYPE: transmission_filter_detector}
# - {CALIBCLS: lsst.ip.isr.IntermediateFilterDetectorTransmissionCurve}
# - {SOURCE: Materion (DM-46256)}
# - {DETECTOR: 75}
# - {FILTER: r_57}
# - {CALIB_ID: 'calibDate=1970-01-01T00:00:00 filter=r_57 detector=75'}
# - {DATE: '2025-04-02T15:59:44.530030'}
# - {CALIB_CREATION_DATE: '2025-04-02'}
# - {CALIB_CREATION_TIME: '15:59:44'}
# - __serialized_columns__:
#     efficiency:
#       __class__: astropy.units.quantity.Quantity
#       unit: !astropy.units.Unit {unit: '%'}
#       value: !astropy.table.SerializedColumn {name: efficiency}
#     wavelength:
#       __class__: astropy.units.quantity.Quantity
#       unit: !astropy.units.Unit {unit: nm}
#       value: !astropy.table.SerializedColumn {name: wavelength}
# schema: astropy-2.0
wavelength efficiency
300.0 0.0030614330171374604
301.0 0.00752470878069289
302.0 0.011987986363237724
303.0 0.01444300141884014
304.0 0.016898014291655272
305.0 0.015595564036630094
306.0 0.014293113781604916
307.0 0.012648635311052203
308.0 0.01100415684049949
309.0 0.00972028574324213
310.0 0.008436414645984769
311.0 0.007853189163142815
312.0 0.007269964407896623
313.0 0.006894378748256713
314.0 0.006518793088616803
315.0 0.0061363163695205
316.0 0.005753838922828436
317.0 0.005639718074235134
318.0 0.0055255975894397125
319.0 0.005153656093170866
320.0 0.004781714960699901
321.0 0.004543384056887589
322.0 0.004305054972064681
323.0 0.004073440140928142
324.0 0.00384182421839796
325.0 0.0036490546335699037
326.0 0.0034562857763376087
327.0 0.0035161905543645844
328.0 0.0035760960599873215
329.0 0.003654311876744032
330.0 0.003732529148692265
331.0 0.0033550833904882893
332.0 0.0029776370865874924
333.0 0.002661990947672166
334.0 0.0023463444449589588
335.0 0.0021054984244983643
336.0 0.0018646520402398892
337.0 0.0016140164007083513
338.0 0.0013633806702273432
339.0 0.001399259599565994
340.0 0.0014351383470057044
341.0 0.0013939687050879002
342.0 0.001352799063170096
343.0 0.0012601769412867725
344.0 0.0011675549103529193
345.0 0.0011298041499685496
346.0 0.0010920534805336501
347.0 0.001114805490942672
348.0 0.0011375575923011638
349.0 0.0011655070011329371
350.0 0.005200644227443263
351.0 0.0064174135331995785
352.0 0.007634182838955894
353.0 0.00676372364978306
354.0 0.0058932648244081065
355.0 0.005251732000033371
356.0 0.0046101995394565165
357.0 0.005523515574168414
358.0 0.006436831608880311
359.0 0.005193774995859712
360.0 0.003950717655243352
361.0 0.003033077337022405
362.0 0.002115437018801458
363.0 0.002795842010527849
364.0 0.0034762466384563595
365.0 0.0035416727769188583
366.0 0.0036070992791792378
367.0 0.0034599401260493323
368.0 0.003312780972919427
369.0 0.003043918331968598
370.0 0.002775055509118829
371.0 0.002689960274437908
372.0 0.0026048650397569872
373.0 0.002858552397810854
374.0 0.0031122395739657804
375.0 0.002813107676047366
376.0 0.002513975960027892
377.0 0.0013786197996523697
378.0 0.00024326375296368496
379.0 0.0007145426025090273
380.0 0.0011858216566906776
381.0 0.0021935513359494507
382.0 0.0032012812880566344
383.0 0.0036045865272171795
384.0 0.004007891766377725
385.0 0.004803352931048721
386.0 0.005598813731921837
387.0 0.004980198355042376
388.0 0.004361583341960795
389.0 0.003799773912760429
390.0 0.0032379641197621822
391.0 0.002454715831845533
392.0 0.001671467543928884
393.0 0.001681173307588324
394.0 0.001690879071247764
395.0 0.001229612735187402
396.0 0.0007683463081775699
397.0 0.0006778401257179212
398.0 0.0005873342615814181
399.0 0.0006377261343004648
400.0 0.0006881175977468956
401.0 0.00035789985304290894
402.0 2.768161095900723e-05
403.0 0.0003211175680917222
404.0 0.0006145536644908134
405.0 0.0010673407814465463
406.0 0.0015201275346043985
407.0 0.001874207373475656
408.0 0.0022282869394985028
409.0 0.0017914662748808041
410.0 0.0013546456102631055
411.0 0.0010770317203423474
412.0 0.0007994177394721191
413.0 0.0008913161764212418
414.0 0.0009832146133703645
415.0 0.0010104239663633052
416.0 0.0010376336831541266
417.0 0.0014808310879743658
418.0 0.0019240289475419559
419.0 0.002314300218131393
420.0 0.00270457112492295
421.0 0.00424743011535611
422.0 0.00579028892389033
423.0 0.00925226413528435
424.0 0.012714238255284727
425.0 0.016857226728461683
426.0 0.02100021083606407
427.0 0.021356999059207737
428.0 0.021713788737542927
429.0 0.016678984684403986
430.0 0.011644182086456567
431.0 0.008379234350286424
432.0 0.00511428588652052
433.0 0.004122586324228905
434.0 0.003130886034341529
435.0 0.00254695496550994
436.0 0.001963023896678351
437.0 0.0016678441170370206
438.0 0.0013726647921430413
439.0 0.001224085826834198
440.0 0.001075506952474825
441.0 0.0012475029507186264
442.0 0.0014194988580129575
443.0 0.001703940870356746
444.0 0.001988383155548945
445.0 0.0019034987417398952
446.0 0.0018186143279308453
447.0 0.0017394710084772669
448.0 0.0016603276890236884
449.0 0.0015942701793392189
450.0 0.001528212487755809
451.0 0.0016607544239377603
452.0 0.0017932963601197116
453.0 0.0017099240722018294
454.0 0.0016265516023850068
455.0 0.0014771369933441747
456.0 0.001327722657151753
457.0 0.0009690166734799277
458.0 0.0006103107807575725
459.0 0.0008136215001286473
460.0 0.0010169320376007818
461.0 0.0016804435290396214
462.0 0.0023439546566805802
463.0 0.0031090319680515677
464.0 0.0038741090975236148
465.0 0.005004777267458849
466.0 0.006135444709798321
467.0 0.006691244925605133
468.0 0.007247045869007707
469.0 0.0062040911871008575
470.0 0.005161138324183412
471.0 0.0039261882193386555
472.0 0.0026912379325949587
473.0 0.002119322743965313
474.0 0.0015474071915377863
475.0 0.0012869042620877735
476.0 0.001026401423587231
477.0 0.0008779387826507445
478.0 0.0007294759143405827
479.0 0.0008909425559977535
480.0 0.001052409061230719
481.0 0.0008336070095538162
482.0 0.0006148050488263834
483.0 0.0006929904884600546
484.0 0.0007711757461947855
485.0 0.0007469425327144563
486.0 0.0007227091828099219
487.0 0.0006419740657293005
488.0 0.0005612390395981492
489.0 0.0006063683031243272
490.0 0.0006514975211757701
491.0 0.0008102290848910343
492.0 0.0009689607395557687
493.0 0.001041894211084582
494.0 0.0011148277735628653
495.0 0.0010407197805761825
496.0 0.0009666118785389699
497.0 0.0011559793165361043
498.0 0.0013453466635837685
499.0 0.0013275593119033147
500.0 0.0013097722330712713
501.0 0.0014472839211521205
502.0 0.00158479579113191
503.0 0.0020364817828522064
504.0 0.0024881675926735625
505.0 0.003035750523849856
506.0 0.0035833334550261497
507.0 0.004320837615523487
508.0 0.005058341412222944
509.0 0.005492431955644861
510.0 0.005926522135268897
511.0 0.005279135802993551
512.0 0.004631749834516086
513.0 0.003942152761737816
514.0 0.0032525556889595464
515.0 0.0030506576877087355
516.0 0.002848759868356865
517.0 0.002752667023742106
518.0 0.0026565741791273467
519.0 0.05132152000442147
520.0 0.07659288821741939
521.0 0.12479540891945362
522.0 0.06614064914174378
523.0 0.10557216592133045
524.0 0.08631388191133738
525.0 0.10585477575659752
526.0 0.08034238126128912
527.0 0.17912198090925813
528.0 0.13913839356973767
529.0 0.16362499445676804
530.0 0.23621311411261559
531.0 0.19661136902868748
532.0 0.24427080061286688
533.0 0.3213500138372183
534.0 0.5129729863256216
535.0 0.6844359915703535
536.0 1.0122082196176052
537.0 1.498731318861246
538.0 2.4828772991895676
539.0 3.8245920091867447
540.0 5.955640226602554
541.0 8.380205184221268
542.0 11.445151269435883
543.0 15.509490668773651
544.0 20.394062995910645
545.0 25.821006298065186
546.0 32.41665959358215
547.0 39.57293927669525
548.0 48.15697371959686
549.0 56.287115812301636
550.0 62.084150314331055
551.0 68.5778558254242
552.0 72.63502478599548
553.0 76.93813443183899
554.0 80.4419994354248
555.0 83.4999144077301
556.0 87.29693293571472
557.0 89.7192656993866
558.0 91.99755191802979
559.0 94.85368132591248
560.0 94.52576041221619
561.0 95.47211527824402
562.0 95.83072066307068
563.0 95.2445387840271
564.0 95.63167691230774
565.0 95.5761969089508
566.0 96.11959457397461
567.0 95.52544355392456
568.0 96.31604552268982
569.0 97.0823884010315
570.0 96.35569453239441
571.0 97.06001877784729
572.0 97.12351560592651
573.0 97.22416996955872
574.0 97.3878562450409
575.0 97.00397849082947
576.0 97.4405586719513
577.0 97.14175462722778
578.0 97.26576209068298
579.0 97.33563661575317
580.0 96.8845546245575
581.0 96.65171504020691
582.0 97.06754684448242
583.0 96.90306782722473
584.0 96.4816153049469
585.0 96.94381952285767
586.0 97.1178412437439
587.0 96.81164026260376
588.0 96.8165397644043
589.0 97.53686785697937
590.0 96.79048657417297
591.0 96.24086022377014
592.0 96.45605683326721
593.0 95.9183931350708
594.0 96.17647528648376
595.0 96.52228951454163
596.0 97.14353084564209
597.0 97.19328284263611
598.0 97.27790355682373
599.0 97.3501205444336
600.0 97.25618362426758
601.0 96.26249670982361
602.0 97.11546301841736
603.0 96.46735787391663
604.0 96.67310118675232
605.0 96.84646129608154
606.0 96.38355374336243
607.0 96.34733200073242
608.0 96.43428325653076
609.0 95.74735164642334
610.0 96.00242972373962
611.0 96.08534574508667
612.0 96.09140157699585
613.0 96.92659974098206
614.0 97.04279899597168
615.0 96.32582664489746
616.0 97.00390100479126
617.0 96.60902619361877
618.0 96.65374159812927
619.0 97.2515344619751
620.0 96.19025588035583
621.0 95.7244336605072
622.0 96.72914147377014
623.0 96.93036675453186
624.0 96.85447812080383
625.0 97.0611572265625
626.0 96.35180234909058
627.0 95.24943232536316
628.0 97.48937487602234
629.0 95.75362205505371
630.0 96.72954678535461
631.0 96.16384506225586
632.0 97.04045057296753
633.0 96.50305509567261
634.0 96.18797898292542
635.0 96.69991731643677
636.0 96.32028341293335
637.0 95.87712287902832
638.0 95.49843072891235
639.0 95.6713616847992
640.0 95.83969116210938
641.0 95.80843448638916
642.0 96.56326174736023
643.0 96.7534601688385
644.0 96.55336737632751
645.0 96.28072381019592
646.0 96.61422967910767
647.0 97.30192422866821
648.0 96.49611711502075
649.0 95.98004221916199
650.0 96.61622047424316
651.0 97.28745222091675
652.0 97.06699252128601
653.0 96.0931122303009
654.0 97.14975953102112
655.0 96.9301164150238
656.0 96.31039500236511
657.0 95.98895907402039
658.0 96.60500884056091
659.0 96.71135544776917
660.0 95.81751823425293
661.0 95.76508402824402
662.0 95.59733271598816
663.0 95.82522511482239
664.0 95.52749991416931
665.0 95.56787014007568
666.0 95.67230939865112
667.0 96.04583978652954
668.0 95.21398544311523
669.0 95.92876434326172
670.0 95.7412838935852
671.0 95.53400874137878
672.0 95.23759484291077
673.0 95.94915509223938
674.0 95.10452151298523
675.0 95.8264946937561
676.0 95.35746574401855
677.0 94.0028727054596
678.0 93.25805306434631
679.0 92.138671875
680.0 91.3377046585083
681.0 89.46727514266968
682.0 87.075936794281
683.0 84.41358804702759
684.0 80.69413304328918
685.0 77.29682326316833
686.0 73.11872243881226
687.0 68.39534044265747
688.0 63.93105983734131
689.0 59.92095470428467
690.0 54.819267988204956
691.0 50.84489583969116
692.0 46.07019126415253
693.0 41.55937433242798
694.0 36.26238405704498
695.0 30.68707585334778
696.0 24.989163875579834
697.0 19.780169427394867
698.0 14.054861664772034
699.0 9.821821004152298
700.0 6.5808117389678955
701.0 4.053296148777008
702.0 2.525089681148529
703.0 1.3795823790133
704.0 0.7441823370754719
705.0 0.4616276826709509
706.0 0.29112903866916895
707.0 0.19233892671763897
708.0 0.13606612337753177
709.0 0.12836947571486235
710.0 0.10937490733340383
711.0 0.05175601691007614
712.0 0.020868955471087247
713.0 0.06935214041732252
714.0 0.03795402590185404
715.0 0.04469512205105275
716.0 0.052018387941643596
717.0 0.03440100117586553
718.0 0.04228621255606413
719.0 1.698658032810163e-10
720.0 1.698658032810163e-10
721.0 0.004374269337859005
722.0 0.004090919537702575
723.0 0.003807569373748265
724.0 0.00351882517861668
725.0 0.003230080255889334
726.0 0.002959278936032206
727.0 0.002688477616175078
728.0 0.0026109850296052173
729.0 0.0025334922611364163
730.0 0.0023709135348326527
731.0 0.0022083351723267697
732.0 0.002142854282283224
733.0 0.0020773733922396787
734.0 0.002024722925852984
735.0 0.001972072095668409
736.0 0.0017788901459425688
737.0 0.0015857081962167285
738.0 0.0015912884919089265
739.0 0.0015968686057021841
740.0 0.0015777952285134234
741.0 0.0015587222151225433
742.0 0.0014219956938177347
743.0 0.0012852693544118665
744.0 0.0013370830856729299
745.0 0.0013888968169339933
746.0 0.001307004004047485
747.0 0.0012251111911609769
748.0 0.0011165286196046509
749.0 0.001007946138997795
750.0 0.0009741756002767943
751.0 0.000940405334404204
752.0 0.0010079449566546828
753.0 0.0010754845789051615
754.0 0.0010847349585674237
755.0 0.0010939857020275667
756.0 0.0010073436897073407
757.0 0.0009207015864376444
758.0 0.0009626873179513495
759.0 0.0010046730494650546
760.0 0.00103222337202169
761.0 0.0010597737855277956
762.0 0.001053721280186437
763.0 0.0010476691386429593
764.0 0.0010359354746469762
765.0 0.0010242018106509931
766.0 0.0008356853868463077
767.0 0.0006471689630416222
768.0 0.0006350736839522142
769.0 0.0006229781774891308
770.0 0.0006926999049028382
771.0 0.0007624217232660158
772.0 0.0007331608230742859
773.0 0.0007038997409836156
774.0 0.0008019894266908523
775.0 0.0009000790669233538
776.0 0.0009253323696611915
777.0 0.0009505856723990291
778.0 0.0008913774763641413
779.0 0.0008321696441271342
780.0 0.0007244617791002383
781.0 0.0006167540504975477
782.0 0.0006798326467105653
783.0 0.0007429112429235829
784.0 0.0007811719115125015
785.0 0.0008194325346266851
786.0 0.0007291275778698036
787.0 0.0006388226665876573
788.0 0.0006120710168033838
789.0 0.0005853195489180507
790.0 0.0006620346084673656
791.0 0.0007387496680166805
792.0 0.0007577696123917121
793.0 0.0007767895112920087
794.0 0.0008055491889535915
795.0 0.000834308684716234
796.0 0.0006906288035679609
797.0 0.0005469488769449526
798.0 0.0006841794856882188
799.0 0.0008214101399062201
800.0 0.0008113989679259248
801.0 0.0008013875230972189
802.0 0.0007050497060845373
803.0 0.0006087116616981803
804.0 0.0006756347829650622
805.0 0.0007425579497066792
806.0 0.0006861598194518592
807.0 0.0006297617346717743
808.0 0.00067493601818569
809.0 0.0007201102562248707
810.0 0.0006526698598463554
811.0 0.0005852296453667805
812.0 0.0005818285444547655
813.0 0.0005784274435427506
814.0 0.0004913140855933307
815.0 0.0004042007276439108
816.0 0.000545678358321311
817.0 0.0006871561254229164
818.0 0.0005768658411398064
819.0 0.0004665755113819614
820.0 0.00042305878196202684
821.0 0.0003795420070673572
822.0 0.00044598832573683467
823.0 0.0005124346444063121
824.0 0.0004978896868124139
825.0 0.0004833446382690454
826.0 0.0005052407686889637
827.0 0.000527136853634147
828.0 0.00042190240492345765
829.0 0.0003166679789501359
830.0 0.0001821570549509488
831.0 4.7646142320445506e-05
832.0 1.698658032810163e-10
833.0 1.698658032810163e-10
834.0 1.698658032810163e-10
835.0 1.698658032810163e-10
836.0 0.0001879726141851279
837.0 0.0004555909981718287
838.0 0.0006688468602078501
839.0 0.0008821027222438715
840.0 0.0012221803444845136
841.0 0.0015622579667251557
842.0 0.0022072910724091344
843.0 0.0028523245418909937
844.0 0.003238679710193537
845.0 0.003625035606091842
846.0 0.0038996618968667462
847.0 0.0041742881876416504
848.0 0.003649241989478469
849.0 0.0031241957913152874
850.0 0.0024073162421700545
851.0 0.0016904370568227023
852.0 0.001417195835529128
853.0 0.0011439544323366135
854.0 0.000963943875831319
855.0 0.000783933046477614
856.0 0.0006139910965430317
857.0 0.0004440491466084495
858.0 0.0005220853836362949
859.0 0.0006001215751894051
860.0 0.0005374309239414288
861.0 0.0004747402726934524
862.0 0.0004230432750773616
863.0 0.0003713462319865357
864.0 0.00028277661385800457
865.0 0.0001942070412042085
866.0 0.00015178915191427222
867.0 0.00010937119441223331
868.0 0.00014614458905271022
869.0 0.00018291793821845204
870.0 0.00010436006050440483
871.0 2.5802157210819132e-05
872.0 1.698658032810163e-10
873.0 1.698658032810163e-10
874.0 1.698658032810163e-10
875.0 1.698658032810163e-10
876.0 1.698658032810163e-10
877.0 9.970385690394323e-05
878.0 0.0001297384869758389
879.0 0.00015977310567905079
880.0 0.00013025354519413668
881.0 0.00010073396197185502
882.0 0.0001367445975120063
883.0 0.00017275523305215756
884.0 4.89871865738678e-05
885.0 1.698658032810163e-10
886.0 4.981556571692636e-05
887.0 0.0001744119799695909
888.0 0.00021484156604856253
889.0 0.00025527115212753415
890.0 0.0002259562052131514
891.0 0.00019664121282403357
892.0 5.775870022262097e-05
893.0 1.698658032810163e-10
894.0 1.698658032810163e-10
895.0 4.4562409584614215e-05
896.0 3.6231645594853035e-05
897.0 2.7900910026801284e-05
898.0 7.357779736594239e-05
899.0 0.00011925469607376726
900.0 6.074170642023091e-05
901.0 2.228729911735172e-06
902.0 1.698658032810163e-10
