ts8/qe_curves/rtm-017_s11/19700101T000000.ecsv
# %ECSV 0.9
# ---
# datatype:
# - {name: amp_name, datatype: string}
# - {name: wavelength, unit: nm, datatype: float32}
# - {name: efficiency, unit: '%', datatype: float32}
# meta: !!omap
# - {MODE: AMP}
# - {TYPE: QE}
# - {CALIBDATE: '1970-01-01T00:00:00'}
# - {INSTRUME: TS8}
# - {OBSTYPE: qe_curves}
# - {DETECTOR: 211}
# - {PICKLEFILE: RaftRun11166.p}
# - {CALIB_ID: 'raftName=RTM-017 detectorName=S11 detector=211 calibDate=1970-01-01T00:00:00 ccd=211 ccdnum=211 filter=None'}
# - {DATE: '2020-01-23T22:57:44.019688'}
# - {CALIB_CREATION_DATE: '2020-01-23'}
# - {CALIB_CREATION_TIME: '22:57:44'}
# - __serialized_columns__:
#     efficiency:
#       __class__: astropy.units.quantity.Quantity
#       unit: !astropy.units.Unit {unit: '%'}
#       value: !astropy.table.SerializedColumn {name: efficiency}
#     wavelength:
#       __class__: astropy.units.quantity.Quantity
#       unit: !astropy.units.Unit {unit: nm}
#       value: !astropy.table.SerializedColumn {name: wavelength}
# schema: astropy-2.0
amp_name wavelength efficiency
C02 349.982 52.145966
C02 450.035 86.615166
C02 500.018 86.18922
C02 619.997 90.64173
C02 750.022 97.12557
C02 869.967 95.67579
C02 999.976 31.022953
C15 349.982 52.26389
C15 450.035 86.77386
C15 500.018 86.28987
C15 619.997 90.79962
C15 750.022 97.34038
C15 869.967 95.570915
C15 999.976 31.179628
C06 349.982 51.113346
C06 450.035 86.76003
C06 500.018 86.42631
C06 619.997 90.29118
C06 750.022 96.812126
C06 869.967 95.59806
C06 999.976 31.08397
C04 349.982 51.608574
C04 450.035 86.74847
C04 500.018 86.26152
C04 619.997 90.474075
C04 750.022 96.982666
C04 869.967 95.578606
C04 999.976 31.047438
C07 349.982 50.866432
C07 450.035 86.70576
C07 500.018 86.566574
C07 619.997 90.28752
C07 750.022 96.75983
C07 869.967 95.58926
C07 999.976 31.01866
C05 349.982 51.364933
C05 450.035 86.769585
C05 500.018 86.28865
C05 619.997 90.353905
C05 750.022 96.893616
C05 869.967 95.58917
C05 999.976 31.105688
C01 349.982 52.479755
C01 450.035 86.56688
C01 500.018 86.2721
C01 619.997 90.78126
C01 750.022 97.21395
C01 869.967 95.76706
C01 999.976 30.994734
C11 349.982 51.006817
C11 450.035 86.46597
C11 500.018 86.03203
C11 619.997 90.07896
C11 750.022 96.731674
C11 869.967 95.42263
C11 999.976 31.24076
C13 349.982 51.518368
C13 450.035 86.53843
C13 500.018 85.99169
C13 619.997 90.26467
C13 750.022 96.80413
C13 869.967 95.25541
C13 999.976 31.061481
C00 349.982 52.548897
C00 450.035 86.30179
C00 500.018 86.24902
C00 619.997 90.696754
C00 750.022 97.044136
C00 869.967 95.53628
C00 999.976 30.794956
C17 349.982 52.678734
C17 450.035 86.13986
C17 500.018 85.7839
C17 619.997 90.48007
C17 750.022 96.97035
C17 869.967 95.06272
C17 999.976 30.80546
C10 349.982 50.74399
C10 450.035 86.475075
C10 500.018 86.21541
C10 619.997 90.27555
C10 750.022 96.93893
C10 869.967 95.732216
C10 999.976 31.358597
C14 349.982 51.914154
C14 450.035 86.71775
C14 500.018 86.19982
C14 619.997 90.58939
C14 750.022 97.124374
C14 869.967 95.458984
C14 999.976 31.09556
C16 349.982 52.346138
C16 450.035 86.25392
C16 500.018 85.80772
C16 619.997 90.43045
C16 750.022 96.92932
C16 869.967 95.084465
C16 999.976 30.983469
C03 349.982 51.885212
C03 450.035 86.726364
C03 500.018 86.26437
C03 619.997 90.597626
C03 750.022 97.08413
C03 869.967 95.63667
C03 999.976 31.03186
C12 349.982 51.316566
C12 450.035 86.63182
C12 500.018 86.090576
C12 619.997 90.270805
C12 750.022 96.87709
C12 869.967 95.460175
C12 999.976 31.232658
