lsstCam/transmission_filter_detector/r23_s02/r_57/19700101T000000.ecsv
# %ECSV 1.0
# ---
# datatype:
# - {name: wavelength, unit: nm, datatype: float32}
# - {name: efficiency, unit: '%', datatype: float64}
# meta: !!omap
# - {MODE: DETECTOR}
# - {TYPE: transmission_filter_detector}
# - {CALIBDATE: '1970-01-01T00:00:00'}
# - {INSTRUME: LSSTCam}
# - {OBSTYPE: transmission_filter_detector}
# - {CALIBCLS: lsst.ip.isr.IntermediateFilterDetectorTransmissionCurve}
# - {SOURCE: Materion (DM-46256)}
# - {DETECTOR: 101}
# - {FILTER: r_57}
# - {CALIB_ID: 'calibDate=1970-01-01T00:00:00 filter=r_57 detector=101'}
# - {DATE: '2025-04-02T15:59:44.650219'}
# - {CALIB_CREATION_DATE: '2025-04-02'}
# - {CALIB_CREATION_TIME: '15:59:44'}
# - __serialized_columns__:
#     efficiency:
#       __class__: astropy.units.quantity.Quantity
#       unit: !astropy.units.Unit {unit: '%'}
#       value: !astropy.table.SerializedColumn {name: efficiency}
#     wavelength:
#       __class__: astropy.units.quantity.Quantity
#       unit: !astropy.units.Unit {unit: nm}
#       value: !astropy.table.SerializedColumn {name: wavelength}
# schema: astropy-2.0
wavelength efficiency
300.0 0.0018825823644874617
301.0 0.004868637188337743
302.0 0.007854690920794383
303.0 0.009784769645193592
304.0 0.011714849097188562
305.0 0.010428946552565321
306.0 0.009143045463133603
307.0 0.007658795948373154
308.0 0.006174546433612704
309.0 0.0054726031521568075
310.0 0.004770659870700911
311.0 0.0044295269617578015
312.0 0.004088393325218931
313.0 0.0037249123124638572
314.0 0.0033614316635066643
315.0 0.00347307141055353
316.0 0.003584712976589799
317.0 0.0035653418308356777
318.0 0.003545971048879437
319.0 0.0031630297598894686
320.0 0.0027800871976069175
321.0 0.002566485636634752
322.0 0.002352884621359408
323.0 0.0022639529561274685
324.0 0.0021750211089965887
325.0 0.0022634216293226928
326.0 0.0023518221496487968
327.0 0.002272983329021372
328.0 0.002194144508393947
329.0 0.0020689822122221813
330.0 0.0019438199160504155
331.0 0.0018999811800313182
332.0 0.0018561422621132806
333.0 0.0017886726709548384
334.0 0.0017212032616953366
335.0 0.0015686600818298757
336.0 0.0014161169019644149
337.0 0.0013108564417052548
338.0 0.0012055958904966246
339.0 0.001045643693942111
340.0 0.0008856912245391868
341.0 0.0008278164386865683
342.0 0.0007699415618844796
343.0 0.0008554177838959731
344.0 0.0009408940968569368
345.0 0.0009068805411516223
346.0 0.000872867076395778
347.0 0.0008252520274254493
348.0 0.000777637160354061
349.0 0.0007161767825891729
350.0 0.005508896356332116
351.0 0.005329691339284182
352.0 0.005150486686034128
353.0 0.004887408795184456
354.0 0.004624331631930545
355.0 0.004661098864744417
356.0 0.004697866825154051
357.0 0.006209847924765199
358.0 0.007721829024376348
359.0 0.005921153569943272
360.0 0.004120477751712315
361.0 0.002888769085984677
362.0 0.0016570604202570394
363.0 0.002774793392745778
364.0 0.0038925263652345166
365.0 0.0039369610021822155
366.0 0.003981396002927795
367.0 0.0030603034247178584
368.0 0.002139210482710041
369.0 0.0017530190234538168
370.0 0.001366827837046003
371.0 0.0017178805137518793
372.0 0.0020689334633061662
373.0 0.0027416310331318527
374.0 0.0034143282391596586
375.0 0.002991397377627436
376.0 0.0025684668798930943
377.0 0.0010943655979644973
378.0 1.6080531003992427e-10
379.0 0.00041466273614787497
380.0 0.00120906133815879
381.0 0.0022582427845918573
382.0 0.003307424412923865
383.0 0.0032417701731901616
384.0 0.003176115933456458
385.0 0.00417505725636147
386.0 0.005173998579266481
387.0 0.0047812489356147125
388.0 0.004388498928165063
389.0 0.003739464591490105
390.0 0.0030904298910172656
391.0 0.0020636753106373362
392.0 0.001036920821206877
393.0 0.001160105693998048
394.0 0.0012832902029913384
395.0 0.0009862566912488546
396.0 0.0006892230885569006
397.0 0.0007756221748422831
398.0 0.0008620216249255463
399.0 0.0006515916993521387
400.0 0.0004411613190313801
401.0 6.090363058319781e-06
402.0 1.6080531003992427e-10
403.0 1.6080531003992427e-10
404.0 0.00010331574458177784
405.0 0.0005401859652920393
406.0 0.0009770557880983688
407.0 0.0015586141671519727
408.0 0.0021401725462055765
409.0 0.001766754940035753
410.0 0.001393337151966989
411.0 0.0010176714567933232
412.0 0.0006420058980438625
413.0 0.0006005448994983453
414.0 0.0005590840373770334
415.0 0.0006245610620680964
416.0 0.00069003845055704
417.0 0.0012037625310767908
418.0 0.0017174870663438924
419.0 0.0022056039597373456
420.0 0.002693720853130799
421.0 0.00404087440983858
422.0 0.005388027420849539
423.0 0.008225326746469364
424.0 0.011062624980695546
425.0 0.015173107385635376
426.0 0.01928358688019216
427.0 0.019936262106057256
428.0 0.02058894169749692
429.0 0.01575519854668528
430.0 0.010921456123469397
431.0 0.007696528336964548
432.0 0.004471600186661817
433.0 0.0035408716939855367
434.0 0.002610142655612435
435.0 0.002134476017090492
436.0 0.0016588093785685487
437.0 0.0014112596545601264
438.0 0.0011637102943495847
439.0 0.0010079191270051524
440.0 0.0008521281415596604
441.0 0.0011575361895665992
442.0 0.0014629444194724783
443.0 0.001783857078407891
444.0 0.002104769919242244
445.0 0.002031474832620006
446.0 0.0019581795640988275
447.0 0.0016795447663753293
448.0 0.0014009101505507715
449.0 0.0013633055459649768
450.0 0.0013257004866318312
451.0 0.001396172956447117
452.0 0.0014666456081613433
453.0 0.0014565427591151092
454.0 0.0014464399100688752
455.0 0.0013466318705468439
456.0 0.001246824103873223
457.0 0.0008887317562766839
458.0 0.00053063954510435
459.0 0.0007810179340594914
460.0 0.0010313962775398977
461.0 0.0016665502698742785
462.0 0.0023017038984107785
463.0 0.0028887714506709017
464.0 0.0034758388210320845
465.0 0.004473041553865187
466.0 0.00547024465049617
467.0 0.006134168506832793
468.0 0.00679809381836094
469.0 0.005853687252965756
470.0 0.004909282870357856
471.0 0.003733023186214268
472.0 0.0025567635020706803
473.0 0.002128310370608233
474.0 0.0016998572391457856
475.0 0.0013923114238423295
476.0 0.0010847660632862244
477.0 0.0009039439646585379
478.0 0.000723121684131911
479.0 0.0009529322596790735
480.0 0.0011827426533272956
481.0 0.0008502810487698298
482.0 0.0005178195806365693
483.0 0.0006072630640119314
484.0 0.0006967063654883532
485.0 0.0006046796443115454
486.0 0.0005126527867105324
487.0 0.0005221604624239262
488.0 0.0005316680471878499
489.0 0.000557033445147681
490.0 0.0005823988431075122
491.0 0.0007570161869807635
492.0 0.0009316334399045445
493.0 0.0010071257747767959
494.0 0.001082617927750107
495.0 0.0009584724466549233
496.0 0.0008343268746102694
497.0 0.0010922013643721584
498.0 0.0013500757631845772
499.0 0.001344751854048809
500.0 0.0013394282177614514
501.0 0.0014523971003654879
502.0 0.0015653662558179349
503.0 0.0019471297491691075
504.0 0.0023288934244192205
505.0 0.002779165697575081
506.0 0.003229438152629882
507.0 0.0038733949622837827
508.0 0.004517351771937683
509.0 0.005023439734941348
510.0 0.005529526970349252
511.0 0.004891659045824781
512.0 0.0042537903937045485
513.0 0.003664120231405832
514.0 0.0030744500691071153
515.0 0.002882881926780101
516.0 0.002691313602554146
517.0 0.002479293107171543
518.0 0.0022672726117889397
519.0 0.07300570141524076
520.0 0.06640080246143043
521.0 0.17177065601572394
522.0 0.11638429714366794
523.0 0.12218611082062125
524.0 0.10000120382755995
525.0 0.10757027193903923
526.0 0.11325392406433821
527.0 0.14459332451224327
528.0 0.11281428160145879
529.0 0.12414022348821163
530.0 0.1573404879309237
531.0 0.1034232322126627
532.0 0.18412836361676455
533.0 0.21271186415106058
534.0 0.31221569515764713
535.0 0.4570839926600456
536.0 0.5336419679224491
537.0 0.7800370920449495
538.0 1.1544272303581238
539.0 1.814837008714676
540.0 2.9293732717633247
541.0 4.424912855029106
542.0 6.555584818124771
543.0 9.392145276069641
544.0 12.82893717288971
545.0 16.622254252433777
546.0 21.286624670028687
547.0 27.12411880493164
548.0 34.49894189834595
549.0 42.52978563308716
550.0 49.6994286775589
551.0 57.48372673988342
552.0 63.59376311302185
553.0 68.6619222164154
554.0 73.15433025360107
555.0 77.21046805381775
556.0 81.26112222671509
557.0 84.30017232894897
558.0 87.76842951774597
559.0 90.73317050933838
560.0 91.81698560714722
561.0 93.8661277294159
562.0 94.96971368789673
563.0 94.99749541282654
564.0 95.27175426483154
565.0 94.88217830657959
566.0 95.57762742042542
567.0 95.01078724861145
568.0 95.50216794013977
569.0 96.13993167877197
570.0 95.79188823699951
571.0 96.54316902160645
572.0 96.56266570091248
573.0 96.7175543308258
574.0 96.61872982978821
575.0 96.66000008583069
576.0 96.85328602790833
577.0 96.69126868247986
578.0 96.83091044425964
579.0 96.36191129684448
580.0 96.09178304672241
581.0 95.86359858512878
582.0 96.60584926605225
583.0 96.28328680992126
584.0 95.90721726417542
585.0 96.12855315208435
586.0 96.11117839813232
587.0 95.95770239830017
588.0 96.13428711891174
589.0 97.04610109329224
590.0 96.15403413772583
591.0 95.62552571296692
592.0 95.55780291557312
593.0 95.27210593223572
594.0 95.48819065093994
595.0 96.16385102272034
596.0 96.72591090202332
597.0 96.81919813156128
598.0 96.40612602233887
599.0 96.49902582168579
600.0 96.3390052318573
601.0 95.56888937950134
602.0 96.35894298553467
603.0 96.16578817367554
604.0 96.2627112865448
605.0 96.57321572303772
606.0 95.85323333740234
607.0 95.9170937538147
608.0 95.9446907043457
609.0 95.25552988052368
610.0 95.77066898345947
611.0 95.54660320281982
612.0 95.20784020423889
613.0 96.78622484207153
614.0 96.3194191455841
615.0 96.02038860321045
616.0 95.96055746078491
617.0 95.93271613121033
618.0 96.15252614021301
619.0 96.73105478286743
620.0 95.90681791305542
621.0 95.34806609153748
622.0 96.1134672164917
623.0 96.38258814811707
624.0 96.21176719665527
625.0 96.3858425617218
626.0 95.75712084770203
627.0 94.58262324333191
628.0 96.66560292243958
629.0 94.94985938072205
630.0 96.2942361831665
631.0 95.67049145698547
632.0 96.44011855125427
633.0 96.32018804550171
634.0 95.49679756164551
635.0 95.84704041481018
636.0 95.94675302505493
637.0 95.2427327632904
638.0 95.28912901878357
639.0 95.13282179832458
640.0 95.51499485969543
641.0 95.16792893409729
642.0 95.44731378555298
643.0 95.48400044441223
644.0 95.61362266540527
645.0 95.90766429901123
646.0 95.78322768211365
647.0 96.83392643928528
648.0 96.26790285110474
649.0 95.40495276451111
650.0 96.3488519191742
651.0 96.61707282066345
652.0 96.6961920261383
653.0 95.30510902404785
654.0 96.27439379692078
655.0 96.30533456802368
656.0 95.567786693573
657.0 95.66025733947754
658.0 95.83588242530823
659.0 95.87535858154297
660.0 95.26775479316711
661.0 95.20564675331116
662.0 95.51210403442383
663.0 95.63679695129395
664.0 95.43219804763794
665.0 95.23417353630066
666.0 94.90083456039429
667.0 95.5430805683136
668.0 94.719797372818
669.0 95.40929794311523
670.0 95.53442597389221
671.0 95.58120369911194
672.0 95.24097442626953
673.0 95.1783299446106
674.0 94.76820230484009
675.0 95.30943632125854
676.0 94.9222981929779
677.0 93.74997615814209
678.0 93.33067536354065
679.0 92.26474165916443
680.0 91.69190526008606
681.0 90.20671844482422
682.0 88.1305456161499
683.0 85.4835033416748
684.0 82.13725090026855
685.0 78.67911458015442
686.0 75.07729530334473
687.0 70.31235098838806
688.0 66.02116823196411
689.0 61.13898158073425
690.0 55.910807847976685
691.0 51.69370770454407
692.0 47.1069872379303
693.0 42.79564321041107
694.0 37.975889444351196
695.0 32.99085795879364
696.0 27.70547866821289
697.0 22.80360609292984
698.0 17.047494649887085
699.0 12.472524493932724
700.0 8.88809859752655
701.0 5.675077438354492
702.0 3.5795364528894424
703.0 2.104051783680916
704.0 1.202202495187521
705.0 0.715382769703865
706.0 0.4547141492366791
707.0 0.2991518937051296
708.0 0.2113070571795106
709.0 0.1417976338416338
710.0 0.09168600663542747
711.0 0.09259827784262598
712.0 0.09450626675970852
713.0 0.04332918906584382
714.0 0.0796634005382657
715.0 0.0874101766385138
716.0 0.07245881715789437
717.0 0.03715096099767834
718.0 0.0838685140479356
719.0 0.03402220900170505
720.0 1.6080531003992427e-10
721.0 0.004554598854156211
722.0 0.004290908691473305
723.0 0.004027218528790399
724.0 0.0037352147046476603
725.0 0.003443210880504921
726.0 0.003167595059494488
727.0 0.002891979238484055
728.0 0.0027515137844602577
729.0 0.00261104796663858
730.0 0.0024422748538199812
731.0 0.002273501922900323
732.0 0.0022635784262092784
733.0 0.002253654929518234
734.0 0.0021708781787310727
735.0 0.0020881010641460307
736.0 0.0018940912923426367
737.0 0.0017000817024381831
738.0 0.0016758858691900969
739.0 0.001651690217840951
740.0 0.001627999336051289
741.0 0.0016043086361605674
742.0 0.001478305239288602
743.0 0.0013523017514671665
744.0 0.0014091543562244624
745.0 0.0014660068700322881
746.0 0.0014304825526778586
747.0 0.0013949584172223695
748.0 0.0012422466170392
749.0 0.0010895349078055006
750.0 0.0010756314622994978
751.0 0.0010617281986924354
752.0 0.0011113800610473845
753.0 0.0011610318324528635
754.0 0.001133056230173679
755.0 0.0011050810826418456
756.0 0.0011000725862686522
757.0 0.0010950639989459887
758.0 0.0011010154594259802
759.0 0.001106967010855442
760.0 0.0010739569916040637
761.0 0.001040947245201096
762.0 0.0010406509318272583
763.0 0.0010403550732007716
764.0 0.0009777610102901235
765.0 0.0009151670383289456
766.0 0.0007616515176778194
767.0 0.0006081360425014282
768.0 0.0006255132120713824
769.0 0.0006428901997423964
770.0 0.0007343965990003198
771.0 0.0008259032256319188
772.0 0.0007758711035421584
773.0 0.0007258387995534576
774.0 0.0008470945431326982
775.0 0.0009683502867119387
776.0 0.0009391887033416424
777.0 0.0009100270290218759
778.0 0.0008673752745380625
779.0 0.0008247235200542491
780.0 0.0007448845735780196
781.0 0.0006650456725765252
782.0 0.0007343837296502898
783.0 0.0008037217412493192
784.0 0.0008394663382205181
785.0 0.0008752107532927766
786.0 0.0007459555945388274
787.0 0.0006167004357848782
788.0 0.0006332224529614905
789.0 0.0006497446520370431
790.0 0.0007170225671870867
791.0 0.0007843004823371302
792.0 0.0007845694199204445
793.0 0.0007848383575037587
794.0 0.0008546041499357671
795.0 0.000924369760468835
796.0 0.0007612710305693327
797.0 0.0005981722551950952
798.0 0.0007240546892717248
799.0 0.0008499370778736193
800.0 0.0008018493645067792
801.0 0.0007537613782915287
802.0 0.0006472049335570773
803.0 0.0005406483069236856
804.0 0.000673076920065796
805.0 0.0008055055332079064
806.0 0.0007469739102816675
807.0 0.0006884422873554286
808.0 0.000795851337898057
809.0 0.0009032603884406853
810.0 0.0007784995432302821
811.0 0.0006537389253935544
812.0 0.0006835435669927392
813.0 0.000713348163117189
814.0 0.0006222320280357962
815.0 0.0005311158929544035
816.0 0.000639403197055799
817.0 0.0007476905466319295
818.0 0.0006992627731960965
819.0 0.0006508349088107934
820.0 0.0004935254764859565
821.0 0.00033621602142375195
822.0 0.0004195964265818475
823.0 0.0005029768999520456
824.0 0.0004944030933984322
825.0 0.00048582924137008376
826.0 0.0005560640602197964
827.0 0.000626298879069509
828.0 0.0004621929747372633
829.0 0.00029808700219291495
830.0 0.00015339498986577382
831.0 8.702994591658353e-06
832.0 2.0724495186641434e-05
833.0 3.274597872859886e-05
834.0 3.284979044337888e-06
835.0 1.6080531003992427e-10
836.0 0.000259623016063415
837.0 0.0005454222446132917
838.0 0.0007234961231006309
839.0 0.0009015700925374404
840.0 0.0012107862858101726
841.0 0.0015200022971839644
842.0 0.002003462032007519
843.0 0.0024869219487300143
844.0 0.00227750697376905
845.0 0.0020680921807070263
846.0 0.001913558844535146
847.0 0.0017590253264643252
848.0 0.0017280417523579672
849.0 0.0016970579963526689
850.0 0.0015559213352389634
851.0 0.0014147844922263175
852.0 0.0012726882232527714
853.0 0.0011305914995318744
854.0 0.0009942910764948465
855.0 0.000857990380609408
856.0 0.0006587896677956451
857.0 0.0004595890004566172
858.0 0.0005568273536482593
859.0 0.0006540656158904312
860.0 0.000531457271790714
861.0 0.0004088488822162617
862.0 0.0003970176749135135
863.0 0.00038518646761076525
864.0 0.0002604697101560305
865.0 0.0001357530436507659
866.0 9.961236173694488e-05
867.0 6.347166845444008e-05
868.0 0.00012955993042851333
869.0 0.0001956481810339028
870.0 0.0001007146579468099
871.0 5.781128109560996e-06
872.0 1.6080531003992427e-10
873.0 1.6080531003992427e-10
874.0 1.6080531003992427e-10
875.0 1.6080531003992427e-10
876.0 1.6080531003992427e-10
877.0 1.5295987054742e-05
878.0 0.0001322967932537722
879.0 0.00024929759092628956
880.0 0.00017727803651723661
881.0 0.00010525845937081613
882.0 0.00010565714774202206
883.0 0.00010605588158796309
884.0 1.6080531003992427e-10
885.0 1.6080531003992427e-10
886.0 1.6080531003992427e-10
887.0 0.00010541380106587894
888.0 0.00017932886748894816
889.0 0.00025324391117464984
890.0 0.0001741928485898825
891.0 9.51417575834057e-05
892.0 1.6080531003992427e-10
893.0 1.6080531003992427e-10
894.0 1.6080531003992427e-10
895.0 5.0900558790090145e-05
896.0 5.2170759090586216e-05
897.0 5.3441004865817376e-05
898.0 7.878795145188633e-05
899.0 0.00010413488098492962
900.0 2.4286072175527806e-05
901.0 1.6080531003992427e-10
