lsstCam/transmission_filter_detector/r23_s02/r_57/19700101T000000.ecsv
# %ECSV 1.0
# ---
# datatype:
# - {name: wavelength, unit: nm, datatype: float32}
# - {name: efficiency, unit: '%', datatype: float64}
# meta: !!omap
# - {MODE: DETECTOR}
# - {TYPE: transmission_filter_detector}
# - {CALIBDATE: '1970-01-01T00:00:00'}
# - {INSTRUME: LSSTCam}
# - {OBSTYPE: transmission_filter_detector}
# - {CALIBCLS: lsst.ip.isr.IntermediateFilterDetectorTransmissionCurve}
# - {SOURCE: Materion (DM-46256)}
# - {DETECTOR: 101}
# - {FILTER: r_57}
# - {CALIB_ID: 'calibDate=1970-01-01T00:00:00 filter=r_57 detector=101'}
# - {DATE: '2025-04-02T15:59:44.650219'}
# - {CALIB_CREATION_DATE: '2025-04-02'}
# - {CALIB_CREATION_TIME: '15:59:44'}
# - __serialized_columns__:
#     efficiency:
#       __class__: astropy.units.quantity.Quantity
#       unit: !astropy.units.Unit {unit: '%'}
#       value: !astropy.table.SerializedColumn {name: efficiency}
#     wavelength:
#       __class__: astropy.units.quantity.Quantity
#       unit: !astropy.units.Unit {unit: nm}
#       value: !astropy.table.SerializedColumn {name: wavelength}
# schema: astropy-2.0
wavelength efficiency
[from data line 603]
903.0 1.6080531003992427e-10
904.0 1.6080531003992427e-10
905.0 1.0489043233974371e-05
906.0 1.6080531003992427e-10
907.0 1.6080531003992427e-10
908.0 1.6080531003992427e-10
909.0 1.6080531003992427e-10
910.0 1.6080531003992427e-10
911.0 1.6080531003992427e-10
912.0 1.6080531003992427e-10
913.0 1.6080531003992427e-10
914.0 1.0588281185164305e-05
915.0 0.00010250115565213491
916.0 7.326491981984873e-05
917.0 4.402869535624632e-05
918.0 0.00012822732742279186
919.0 0.00021242590264591854
920.0 9.733216757012997e-05
921.0 1.6080531003992427e-10
922.0 0.00010519437410039245
923.0 0.00022815038391854614
924.0 0.00023193460947368294
925.0 0.00023571888050355483
926.0 0.0001700054667708173
927.0 0.00010429206440676353
928.0 0.00015574908047710778
929.0 0.00020720608517876826
930.0 0.00024601640689070337
931.0 0.000284826751340006
932.0 0.00012153432180639356
933.0 1.6080531003992427e-10
934.0 0.00013065302937320666
935.0 0.0003030640982615296
936.0 0.0002886097945520305
937.0 0.00027415549084253144
938.0 0.00031251213385985466
939.0 0.00035086882235191297
940.0 0.00030753421924600843
941.0 0.00026419959340273635
942.0 0.00030942783268983476
943.0 0.0003546560947143007
944.0 0.0003005331791428034
945.0 0.0002464102863086737
946.0 0.00033609367164899595
947.0 0.0004257770342519507
948.0 0.0005024513484386262
949.0 0.0005791257990495069
950.0 0.0005729381882702
951.0 0.0005667505320161581
952.0 0.0006946892881387612
953.0 0.0008226281352108344
954.0 0.001117920419346774
955.0 0.001413212976331124
956.0 0.001520158002676908
957.0 0.0016271029380732216
958.0 0.0017396316252416
959.0 0.001852160676207859
960.0 0.0019769662685575895
961.0 0.0021017722247052006
962.0 0.0022679598259855993
963.0 0.0024341477910638787
964.0 0.0025152528905891813
965.0 0.0025963576263166033
966.0 0.0025332044970127754
967.0 0.002470051003911067
968.0 0.0024701565052964725
969.0 0.0024702621885808185
970.0 0.002569841490185354
971.0 0.00266942115558777
972.0 0.002662329097802285
973.0 0.0026552366762189195
974.0 0.0028732221835525706
975.0 0.003091207690886222
976.0 0.0031922092603053898
977.0 0.003293210465926677
978.0 0.0031576124456478283
979.0 0.0030220144253689796
980.0 0.0029794802685501054
981.0 0.0029369462936301716
982.0 0.0029934479243820533
983.0 0.0030499499189318158
984.0 0.003015128277183976
985.0 0.0029803066354361363
986.0 0.00289025829260936
987.0 0.002800209949782584
988.0 0.002625565139169339
989.0 0.0024509205104550347
990.0 0.0024932796804932877
991.0 0.002535639032430481
992.0 0.002560568827902898
993.0 0.0025854991690721363
994.0 0.0026224375687888823
995.0 0.002659375240909867
996.0 0.002733141627686564
997.0 0.0028069080144632608
998.0 0.0029726785214734264
999.0 0.0031384493922814727
1000.0 0.0032778039894765243
1001.0 0.0034171593142673373
1002.0 0.003610795465647243
1003.0 0.0038044316170271486
1004.0 0.003943983756471425
1005.0 0.004083535895915702
1006.0 0.004241029091645032
1007.0 0.004398522651172243
1008.0 0.004324996552895755
1009.0 0.004251470454619266
1010.0 0.004228507896186784
1011.0 0.0042055457015521824
1012.0 0.004168117811786942
1013.0 0.004130690285819583
1014.0 0.0038897567719686776
1015.0 0.0036488225305220112
1016.0 0.00348206413036678
1017.0 0.003315306094009429
1018.0 0.0029620437999255955
1019.0 0.0026087822334375232
1020.0 0.0022122363589005545
1021.0 0.0018156904843635857
1022.0 0.0016054824300226755
1023.0 0.0013952741028333548
1024.0 0.0014879741684126202
1025.0 0.001580674506840296
1026.0 0.0013958991985418834
1027.0 0.0012111236173950601
1028.0 0.00105486678876332
1029.0 0.0008986096872831695
1030.0 0.0008621983397461008
1031.0 0.0008257862646132708
1032.0 0.0008162561243807431
1033.0 0.0008067258022492751
1034.0 0.0007652653039258439
1035.0 0.0007238045782287372
1036.0 0.0008169435204763431
1037.0 0.0009100821444008034
1038.0 0.0008237001566158142
1039.0 0.0007373183052550303
1040.0 0.0007723692760919221
1041.0 0.0008074201105046086
1042.0 0.0009771460099727847
1043.0 0.0011468714546936098
1044.0 0.0010038721484306734
1045.0 0.0008608730240666773
1046.0 0.0008186401828425005
1047.0 0.0007764076144667342
1048.0 0.0006551932528964244
1049.0 0.0005339789822755847
1050.0 0.0005485667770699365
1051.0 0.0005631545263895532
1052.0 0.0009370387488161214
1053.0 0.0013109223800711334
1054.0 0.0010888496035477147
1055.0 0.0008667766451253556
1056.0 0.0009684705219115131
1057.0 0.0010701648534450214
1058.0 0.0008617278581368737
1059.0 0.0006532912721013417
1060.0 0.0009100201168621425
1061.0 0.0011667484614008572
1062.0 0.001394970968249254
1063.0 0.0016231933841481805
1064.0 0.00116647806862602
1065.0 0.0007097624802554492
1066.0 0.001110811444959836
1067.0 0.0015118602277652826
1068.0 0.0017468264559283853
1069.0 0.0019817920474451967
1070.0 0.0015128422091947868
1071.0 0.0010438922799949069
1072.0 0.0013671083252120297
1073.0 0.0016903244613786228
1074.0 0.0022247875676839612
1075.0 0.0027592504920903593
1076.0 0.002981760917464271
1077.0 0.003204271342838183
1078.0 0.0037581256037810817
1079.0 0.004311980592319742
1080.0 0.0042131585360039026
1081.0 0.0041143361158901826
1082.0 0.003998869942734018
1083.0 0.0038834034057799727
1084.0 0.004419822289492004
1085.0 0.004956240809406154
1086.0 0.004974722833139822
1087.0 0.00499320485687349
1088.0 0.005172358578420244
1089.0 0.005351512663764879
1090.0 0.004793556945514865
1091.0 0.004235600863466971
1092.0 0.003527905573719181
1093.0 0.002820209920173511
1094.0 0.0035918197681894526
1095.0 0.004363429616205394
1096.0 0.0032641535653965548
1097.0 0.002164877332688775
1098.0 0.0019375123883946799
1099.0 0.0017101476259995252
1100.0 0.0018527096472098492
1101.0 0.001995271122723352
