lsstCam/transmission_filter_detector/r32_s11/z_20/19700101T000000.ecsv
# %ECSV 1.0
# ---
# datatype:
# - {name: wavelength, unit: nm, datatype: float32}
# - {name: efficiency, unit: '%', datatype: float64}
# meta: !!omap
# - {MODE: DETECTOR}
# - {TYPE: transmission_filter_detector}
# - {CALIBDATE: '1970-01-01T00:00:00'}
# - {INSTRUME: LSSTCam}
# - {OBSTYPE: transmission_filter_detector}
# - {CALIBCLS: lsst.ip.isr.IntermediateFilterDetectorTransmissionCurve}
# - {SOURCE: Materion (DM-46256)}
# - {DETECTOR: 139}
# - {FILTER: z_20}
# - {CALIB_ID: 'calibDate=1970-01-01T00:00:00 filter=z_20 detector=139'}
# - {DATE: '2025-04-02T15:59:49.284155'}
# - {CALIB_CREATION_DATE: '2025-04-02'}
# - {CALIB_CREATION_TIME: '15:59:49'}
# - __serialized_columns__:
#     efficiency:
#       __class__: astropy.units.quantity.Quantity
#       unit: !astropy.units.Unit {unit: '%'}
#       value: !astropy.table.SerializedColumn {name: efficiency}
#     wavelength:
#       __class__: astropy.units.quantity.Quantity
#       unit: !astropy.units.Unit {unit: nm}
#       value: !astropy.table.SerializedColumn {name: wavelength}
# schema: astropy-2.0
wavelength efficiency
300.0 0.33981872256845236
301.0 0.2994510577991605
302.0 0.25908341631293297
303.0 0.23652161471545696
304.0 0.21395981311798096
305.0 0.18381989793851972
306.0 0.1536799594759941
307.0 0.14743052888661623
308.0 0.14118109829723835
309.0 0.13207023730501533
310.0 0.12295935302972794
311.0 0.11687526712194085
312.0 0.11079118121415377
313.0 0.10617553489282727
314.0 0.1015598769299686
315.0 0.09160649497061968
316.0 0.08165311301127076
317.0 0.07636225782334805
318.0 0.07107139681465924
319.0 0.06606579991057515
320.0 0.061060203006491065
321.0 0.060596398543566465
322.0 0.060132588259875774
323.0 0.05683893687091768
324.0 0.05354529130272567
325.0 0.04971745074726641
326.0 0.045889613102190197
327.0 0.04187712038401514
328.0 0.03786462766584009
329.0 0.03564214275684208
330.0 0.03341965493746102
331.0 0.034165766555815935
332.0 0.034911875263787806
333.0 0.03088632074650377
334.0 0.026860766229219735
335.0 0.026664140750654042
336.0 0.02646752109285444
337.0 0.021957216085866094
338.0 0.01744691253406927
339.0 0.018176654702983797
340.0 0.018906401237472892
341.0 0.01702255249256268
342.0 0.015138703747652471
343.0 0.01565000129630789
344.0 0.01616129738977179
345.0 0.014639976143371314
346.0 0.01311865053139627
347.0 0.014014431508257985
348.0 0.014910209574736655
349.0 0.01427963434252888
350.0 0.013649059110321105
351.0 0.01295577094424516
352.0 0.01226248568855226
353.0 0.012627827527467161
354.0 0.012993172276765108
355.0 0.012245270772837102
356.0 0.011497369996504858
357.0 0.01102977548725903
358.0 0.010562180250417441
359.0 0.010355230187997222
360.0 0.010148279397981241
361.0 0.010464480146765709
362.0 0.01078068307833746
363.0 0.009720202069729567
364.0 0.008659721061121672
365.0 0.008714220894034952
366.0 0.00876871999935247
367.0 0.008238054579123855
368.0 0.007707388431299478
369.0 0.008297519525513053
370.0 0.00888765134732239
371.0 0.008334888116223738
372.0 0.007782124885125086
373.0 0.007270996866282076
374.0 0.006759868847439066
375.0 0.005735805825679563
376.0 0.00471174280392006
377.0 0.004979480581823736
378.0 0.005247218723525293
379.0 0.005420605521067046
380.0 0.0055939930462045595
381.0 0.005545935709960759
382.0 0.005497878373716958
383.0 0.005163316018297337
384.0 0.004828753299079835
385.0 0.0046208635467337444
386.0 0.004412973430589773
387.0 0.004449914922588505
388.0 0.004486856778385118
389.0 0.004461806747713126
390.0 0.0044367570808390155
391.0 0.004110294321435504
392.0 0.0037838315620319918
393.0 0.0039801507227821276
394.0 0.004176469519734383
395.0 0.003950819882447831
396.0 0.0037251706089591607
397.0 0.003893099710694514
398.0 0.004061028812429868
399.0 0.004165663631283678
400.0 0.00427029917773325
401.0 0.0048238322051474825
402.0 0.005377365232561715
403.0 0.004833622006117366
404.0 0.004289878415875137
405.0 0.004245089439791627
406.0 0.004200299736112356
407.0 0.004353176336735487
408.0 0.004506052573560737
409.0 0.004046439426019788
410.0 0.0035868262784788385
411.0 0.003911794192390516
412.0 0.004236762470100075
413.0 0.004165355130680837
414.0 0.0040939477912615985
415.0 0.004265842653694563
416.0 0.0044377378799254075
417.0 0.0036529174394672737
418.0 0.0028680973628070205
419.0 0.0031852821848588064
420.0 0.0035024666431127116
421.0 0.003228764035156928
422.0 0.0029550610634032637
423.0 0.003413993908907287
424.0 0.0038729263906134292
425.0 0.003164712688885629
426.0 0.0024564991690567695
427.0 0.002864686211978551
428.0 0.003272873073001392
429.0 0.0027813272026833147
430.0 0.002289781332365237
431.0 0.0019023369532078505
432.0 0.0015148924831009936
433.0 0.002241420224891044
434.0 0.0029679476938326843
435.0 0.0032053114409791306
436.0 0.0034426750062266365
437.0 0.003176926475134678
438.0 0.002911177398345899
439.0 0.002408681029919535
440.0 0.0019061844795942307
441.0 0.0020227449567755684
442.0 0.002139305252057966
443.0 0.00222819326154422
444.0 0.002317081089131534
445.0 0.0021796193323098123
446.0 0.002042157757387031
447.0 0.0024968931029434316
448.0 0.0029516286303987727
449.0 0.0024045009922701865
450.0 0.0018573735360405408
451.0 0.001961640373338014
452.0 0.0020659073925344273
453.0 0.002067303466901649
454.0 0.0020686995412688702
455.0 0.001983913898584433
456.0 0.0018991286196978763
457.0 0.0016020470866351388
458.0 0.0013049654626229312
459.0 0.0017958887838176452
460.0 0.002286812014062889
461.0 0.00166077479661908
462.0 0.001034737579175271
463.0 0.0012346976291155443
464.0 0.0014346576790558174
465.0 0.001321369745710399
466.0 0.0012080818123649806
467.0 0.0010901077075686771
468.0 0.0009721335118229035
469.0 0.0009758786291058641
470.0 0.0009796238373382948
471.0 0.0011352422006893903
472.0 0.001290860654989956
473.0 0.0012856157809437718
474.0 0.0012803709978470579
475.0 0.001375294777972158
476.0 0.0014702183761983179
477.0 0.0013878237950848415
478.0 0.001305429123021895
479.0 0.0015313838957808912
480.0 0.0017573387594893575
481.0 0.001428545692760963
482.0 0.0010997525350830983
483.0 0.0011364428246452007
484.0 0.0011731331142073032
485.0 0.0013657930139743257
486.0 0.0015584531865897588
487.0 0.001501582119090017
488.0 0.0014447111425397452
489.0 0.0016462836356367916
490.0 0.0018478560377843678
491.0 0.0017305548681179062
492.0 0.0016132538803503849
493.0 0.0015931389498291537
494.0 0.0015730243831058033
495.0 0.001585586323926691
496.0 0.0015981482647475787
497.0 0.0017766327800927684
498.0 0.0019551174773368984
499.0 0.0017648255379754119
500.0 0.0015745335986139253
501.0 0.0012791144399670884
502.0 0.0009836951903707813
503.0 0.0010491588000149932
504.0 0.0011146222277602646
505.0 0.0015489926227019168
506.0 0.0019833627447951585
507.0 0.0013631977708428167
508.0 0.0007430325695167994
509.0 0.0009216890248353593
510.0 0.001100345343729714
511.0 0.0011204110705875792
512.0 0.0011404765245970339
513.0 0.0010857045708689839
514.0 0.0010309324352419935
515.0 0.001113038251787657
516.0 0.0011951439773838501
517.0 0.0010904751434281934
518.0 0.0009858064004220068
519.0 0.00109571101347683
520.0 0.001205615535582183
521.0 0.0011753449143725447
522.0 0.0011450742931629065
523.0 0.0011372409062460065
524.0 0.0011294074283796363
525.0 0.0013468524230120238
526.0 0.001564297235745471
527.0 0.0014686201211588923
528.0 0.0013729429156228434
529.0 0.0013780851077171974
530.0 0.0013832272998115513
531.0 0.0015333262126659974
532.0 0.001683425398368854
533.0 0.0016593756299698725
534.0 0.0016353254977730103
535.0 0.0015234163583954796
536.0 0.0014115071280684788
537.0 0.0013867276720702648
538.0 0.001361948307021521
539.0 0.0012417173820722383
540.0 0.0011214862752240151
541.0 0.0010907978321483824
542.0 0.0010601092071738094
543.0 0.0010088681847264525
544.0 0.0009576272532285657
545.0 0.0011663390978355892
546.0 0.001375051124341553
547.0 0.0016444984794361517
548.0 0.0019139459254802205
549.0 0.002010207754210569
550.0 0.0021064695829409175
551.0 0.002107611362589523
552.0 0.0021087535060360096
553.0 0.002139597199857235
554.0 0.0021704408936784603
555.0 0.0018657996406545863
556.0 0.0015611582057317719
557.0 0.0013420000868791249
558.0 0.0011228422408748884
559.0 0.0011068766070820857
560.0 0.0010909110642387532
561.0 0.0011107206773885991
562.0 0.0011305304724373855
563.0 0.0013637088159157429
564.0 0.0015968873412930407
565.0 0.0018159418686991557
566.0 0.0020349967599031515
567.0 0.002171828964492306
568.0 0.002308661350980401
569.0 0.0024644383302074857
570.0 0.0026202153094345704
571.0 0.0025846877178992145
572.0 0.0025491604901617393
573.0 0.002221725480922032
574.0 0.0018942902897833847
575.0 0.0018775604985421523
576.0 0.00186083070730092
577.0 0.0019731680367840454
578.0 0.0020855053662671708
579.0 0.0021004992959205993
580.0 0.002115493407472968
581.0 0.0021327172362362035
582.0 0.002149941064999439
583.0 0.0019180539311491884
584.0 0.0016861669791978784
585.0 0.0020318229871918447
586.0 0.002377478995185811
587.0 0.0021153658963157795
588.0 0.0018532524336478673
589.0 0.0017131194908870384
590.0 0.0015729863662272692
591.0 0.0014808577361691277
592.0 0.0013887291061109863
593.0 0.0009341274562757462
594.0 0.0004795260338141816
595.0 0.0007333638677664567
596.0 0.0009872017471934669
597.0 0.0009107608093472663
598.0 0.0008343197805515956
599.0 0.0009850336937233806
600.0 0.0011357476068951655
601.0 0.0010619719432725105
602.0 0.0009881962796498556
603.0 0.0013552413292927667
604.0 0.0017222862879862078
605.0 0.0012615256309800316
606.0 0.0008007649739738554
607.0 0.0008480880751449149
608.0 0.0008954113582149148
609.0 0.0008884242561180145
610.0 0.0008814372449705843
611.0 0.0011845512744912412
612.0 0.001487665213062428
613.0 0.0014779473531234544
614.0 0.0014682298569823615
615.0 0.0015491514204768464
616.0 0.0016300729839713313
617.0 0.001573050940351095
618.0 0.0015160291695792694
619.0 0.0016426884030806832
620.0 0.0017693475456326269
621.0 0.0016022408090066165
622.0 0.001435133981431136
623.0 0.0011784248272306286
624.0 0.0009217154911311809
625.0 0.001267413426830899
626.0 0.0016131114534800872
627.0 0.0017901445971801877
628.0 0.001967177558981348
629.0 0.0019274533769930713
630.0 0.0018877290131058544
631.0 0.00231034864555113
632.0 0.0027329684598953463
633.0 0.003058152287849225
634.0 0.0033833362977020442
635.0 0.005762444561696611
636.0 0.00814155355328694
637.0 0.014803146768826991
638.0 0.021464739984367043
639.0 0.01970236626220867
640.0 0.01793999399524182
641.0 0.015682184312026948
642.0 0.013424373173620552
643.0 0.00959038152359426
644.0 0.0057563887821743265
645.0 0.0062169892771635205
646.0 0.006677590135950595
647.0 0.006367249443428591
648.0 0.006056908387108706
649.0 0.004942235682392493
650.0 0.0038275633414741606
651.0 0.0037456484278663993
652.0 0.0036637338780565187
653.0 0.00323293570545502
654.0 0.0028021380785503425
655.0 0.0025352077500429004
656.0 0.002268277239636518
657.0 0.0025623392502893694
658.0 0.00285640089714434
659.0 0.002318061342521105
660.0 0.00177972178789787
661.0 0.002123062586179003
662.0 0.0024664033844601363
663.0 0.002104971827066038
664.0 0.0017435402696719393
665.0 0.0016787305867183022
666.0 0.0016139210856636055
667.0 0.0016648493328830227
668.0 0.00171577758010244
669.0 0.001577671901031863
670.0 0.0014395656762644649
671.0 0.0015034731404739432
672.0 0.0015673804227844812
673.0 0.0014327948520076461
674.0 0.001298209281230811
675.0 0.001193248954223236
676.0 0.0010882888091146015
677.0 0.0013417224181466736
678.0 0.001595156209077686
679.0 0.0016809530279715545
680.0 0.0017667500287643634
681.0 0.0020849645807174966
682.0 0.0024031791326706298
683.0 0.0026292342226952314
684.0 0.002855289312719833
685.0 0.0024496168407495134
686.0 0.002043944004981313
687.0 0.0020182736989227124
688.0 0.001992603029066231
689.0 0.002204770498792641
690.0 0.0024169377866201103
691.0 0.002215823406004347
692.0 0.002014708843489643
693.0 0.0021720348740927875
694.0 0.002329360904695932
695.0 0.0031397419661516324
696.0 0.003950123209506273
697.0 0.003962804112234153
698.0 0.003975484651164152
699.0 0.005467441587825306
700.0 0.0069593988882843405
701.0 0.007055266905808821
702.0 0.007151134923333302
703.0 0.00673718168400228
704.0 0.00632322917226702
705.0 0.005235736898612231
706.0 0.004148246080148965
707.0 0.0036709192499984056
708.0 0.003193592419847846
709.0 0.003712946272571571
710.0 0.004232300489093177
711.0 0.00396900468331296
712.0 0.003705708877532743
713.0 0.0030245239031501114
714.0 0.0023433387468685396
715.0 0.002374738141952548
716.0 0.0024061369913397357
717.0 0.0019867131413775496
718.0 0.0015672892914153636
719.0 0.0016599849914200604
720.0 0.0017526806914247572
721.0 0.0019141974917147309
722.0 0.0020757142920047045
723.0 0.0023274084014701657
724.0 0.0025791028747335076
725.0 0.0016971440345514566
726.0 0.000815185467217816
727.0 0.0010120904335053638
728.0 0.0012089953088434413
729.0 0.0011643442121567205
730.0 0.001119692842621589
731.0 0.0007627864761161618
732.0 0.0004058802460349398
733.0 0.0007385864591924474
734.0 0.0010712926268752199
735.0 0.001403850910719484
736.0 0.0017364092855132185
737.0 0.0016302094081765972
738.0 0.0015240093489410356
739.0 0.0014935721083020326
740.0 0.0014631349586124998
741.0 0.0014821821423538495
742.0 0.001501229235145729
743.0 0.001400039309373824
744.0 0.001298849474551389
745.0 0.0015551204342045821
746.0 0.0018113914848072454
747.0 0.0019988474377896637
748.0 0.0021863037545699626
749.0 0.002697903437365312
750.0 0.0032095031201606616
751.0 0.0027323954782332294
752.0 0.002255287836305797
753.0 0.0022912081476533785
754.0 0.0023271280952030793
755.0 0.0020511477487161756
756.0 0.0017751672203303315
757.0 0.002244764800707344
758.0 0.0027143623810843565
759.0 0.0026016647098003887
760.0 0.0024889668566174805
761.0 0.004625133442459628
762.0 0.006761300755897537
763.0 0.006336902879411355
764.0 0.005912504639127292
765.0 0.005103434523334727
766.0 0.004294364771340042
767.0 0.0041712733946042135
768.0 0.004048182017868385
769.0 0.004868992618867196
770.0 0.005689803947461769
771.0 0.0051640308811329305
772.0 0.004638257451006211
773.0 0.004199081740807742
774.0 0.0037599056668113917
775.0 1.5748279416638589e-10
776.0 1.5748279416638589e-10
777.0 1.5748279416638589e-10
778.0 0.04661193233914673
779.0 0.06592126446776092
780.0 1.5748279416638589e-10
781.0 1.5748279416638589e-10
782.0 0.04514035244937986
783.0 0.0353207957232371
784.0 0.045196249266155064
785.0 1.5748279416638589e-10
786.0 0.08014239137992263
787.0 0.10027543175965548
788.0 0.1370932557620108
789.0 0.1493119401857257
790.0 1.5748279416638589e-10
791.0 0.027878102264367044
792.0 0.0799743749666959
793.0 0.08040652028284967
794.0 0.012837201938964427
795.0 0.052886095363646746
796.0 0.07713701925240457
797.0 0.09696541237644851
798.0 0.1803576247766614
799.0 0.1571371336467564
800.0 1.5748279416638589e-10
801.0 0.2795530017465353
802.0 0.49629705026745796
803.0 0.7065597921609879
804.0 1.1858408339321613
805.0 1.8462663516402245
806.0 2.9214542359113693
807.0 4.5152317732572556
808.0 6.183743104338646
809.0 8.549201488494873
810.0 11.240042001008987
811.0 14.399270713329315
812.0 17.43767261505127
813.0 20.37542015314102
814.0 22.851359844207764
815.0 26.223695278167725
816.0 30.474212765693665
817.0 35.59080362319946
818.0 41.03133678436279
819.0 46.491360664367676
820.0 53.58721613883972
821.0 61.01021766662598
822.0 67.7186906337738
823.0 73.83776307106018
824.0 79.71417903900146
825.0 85.33464670181274
826.0 89.17551040649414
827.0 93.21768283843994
828.0 96.12312316894531
829.0 97.65813946723938
830.0 98.40524792671204
831.0 99.09141659736633
832.0 98.988938331604
833.0 99.87488389015198
834.0 98.39528799057007
835.0 99.45315718650818
836.0 99.45725202560425
837.0 99.58906769752502
838.0 98.25451970100403
839.0 99.06136393547058
840.0 98.93105626106262
841.0 99.69717264175415
842.0 99.79265332221985
843.0 100.14408826828003
844.0 98.31483960151672
845.0 99.02264475822449
846.0 99.00583624839783
847.0 98.89931082725525
848.0 99.93563294410706
849.0 98.79791736602783
850.0 98.164963722229
851.0 99.0805983543396
852.0 99.25519227981567
853.0 98.8203227519989
854.0 99.90036487579346
855.0 98.54799509048462
856.0 99.36098456382751
857.0 98.09896349906921
858.0 98.52102994918823
859.0 99.36675429344177
860.0 98.91588091850281
861.0 99.06013607978821
862.0 98.87246489524841
863.0 98.40812087059021
864.0 99.66572523117065
865.0 99.57985877990723
866.0 98.62871170043945
867.0 99.4907021522522
868.0 99.78843331336975
869.0 99.0605354309082
870.0 98.20479154586792
871.0 99.08281564712524
872.0 99.369877576828
873.0 99.18659925460815
874.0 99.84888434410095
875.0 99.16648268699646
876.0 99.21602010726929
877.0 99.66323375701904
878.0 99.43287372589111
879.0 98.75010848045349
880.0 98.55145812034607
881.0 100.06133317947388
882.0 99.30363893508911
883.0 98.99386763572693
884.0 99.3334710597992
885.0 99.19340014457703
886.0 99.18633699417114
887.0 98.72822165489197
888.0 99.35861229896545
889.0 99.79142546653748
890.0 98.32878112792969
891.0 99.65663552284241
892.0 98.9380419254303
893.0 99.13156032562256
894.0 98.46423268318176
895.0 99.9805748462677
