lsstCam/transmission_filter_detector/r32_s11/z_20/19700101T000000.ecsv
# %ECSV 1.0
# ---
# datatype:
# - {name: wavelength, unit: nm, datatype: float32}
# - {name: efficiency, unit: '%', datatype: float64}
# meta: !!omap
# - {MODE: DETECTOR}
# - {TYPE: transmission_filter_detector}
# - {CALIBDATE: '1970-01-01T00:00:00'}
# - {INSTRUME: LSSTCam}
# - {OBSTYPE: transmission_filter_detector}
# - {CALIBCLS: lsst.ip.isr.IntermediateFilterDetectorTransmissionCurve}
# - {SOURCE: Materion (DM-46256)}
# - {DETECTOR: 139}
# - {FILTER: z_20}
# - {CALIB_ID: 'calibDate=1970-01-01T00:00:00 filter=z_20 detector=139'}
# - {DATE: '2025-04-02T15:59:49.284155'}
# - {CALIB_CREATION_DATE: '2025-04-02'}
# - {CALIB_CREATION_TIME: '15:59:49'}
# - __serialized_columns__:
#     efficiency:
#       __class__: astropy.units.quantity.Quantity
#       unit: !astropy.units.Unit {unit: '%'}
#       value: !astropy.table.SerializedColumn {name: efficiency}
#     wavelength:
#       __class__: astropy.units.quantity.Quantity
#       unit: !astropy.units.Unit {unit: nm}
#       value: !astropy.table.SerializedColumn {name: wavelength}
# schema: astropy-2.0
wavelength efficiency
[from data line 597]
897.0 99.25009608268738
898.0 98.95400404930115
899.0 98.76981377601624
900.0 99.15915131568909
901.0 99.53187704086304
902.0 99.30627346038818
903.0 99.0454912185669
904.0 98.02222847938538
905.0 98.51580262184143
906.0 98.31133484840393
907.0 99.14332628250122
908.0 98.21487665176392
909.0 98.48529100418091
910.0 98.33342432975769
911.0 97.05141186714172
912.0 96.10060453414917
913.0 95.15233039855957
914.0 92.74038672447205
915.0 90.26453495025635
916.0 88.76045942306519
917.0 86.99207901954651
918.0 83.43417644500732
919.0 82.65658020973206
920.0 79.55578565597534
921.0 75.83405375480652
922.0 71.55125737190247
923.0 66.12042784690857
924.0 60.612040758132935
925.0 55.271077156066895
926.0 49.088892340660095
927.0 42.50598847866058
928.0 36.606213450431824
929.0 30.366042256355286
930.0 24.627883732318878
931.0 19.62994635105133
932.0 13.891303539276123
933.0 9.494581073522568
934.0 6.133842468261719
935.0 3.8405653089284897
936.0 2.2049658000469208
937.0 1.4101711101830006
938.0 0.8273483254015446
939.0 0.47214655205607414
940.0 0.32349766697734594
941.0 0.26789114344865084
942.0 0.11790699791163206
943.0 1.5748279416638589e-10
944.0 0.11159142013639212
945.0 1.5748279416638589e-10
946.0 1.5748279416638589e-10
947.0 1.5748279416638589e-10
948.0 1.5748279416638589e-10
949.0 1.5748279416638589e-10
950.0 1.5748279416638589e-10
951.0 1.5748279416638589e-10
952.0 0.05649158265441656
953.0 1.5748279416638589e-10
954.0 0.1455135061405599
955.0 1.5748279416638589e-10
956.0 1.5748279416638589e-10
957.0 0.07784629124216735
958.0 0.0803543662186712
959.0 0.030017466633580625
960.0 1.5748279416638589e-10
961.0 0.02495619119144976
962.0 1.5748279416638589e-10
963.0 0.027654884615913033
964.0 0.009567826782586053
965.0 0.08858789806254208
966.0 1.5748279416638589e-10
967.0 0.022650722530670464
968.0 1.5748279416638589e-10
969.0 0.06742608966305852
970.0 1.5748279416638589e-10
971.0 0.006130275869509205
972.0 1.5748279416638589e-10
973.0 0.07561736274510622
974.0 1.5748279416638589e-10
975.0 1.5748279416638589e-10
976.0 0.00637463599559851
977.0 0.006406883039744571
978.0 0.006439130811486393
979.0 0.006193954322952777
980.0 0.00594877747062128
981.0 0.0058591289416654035
982.0 0.005769479321315885
983.0 0.005600342410616577
984.0 0.005431205136119388
985.0 0.005305341619532555
986.0 0.005179478102945723
987.0 0.005187619899515994
988.0 0.005195762059884146
989.0 0.005039469033363275
990.0 0.004883176370640285
991.0 0.004831770638702437
992.0 0.004780364906764589
993.0 0.004729624561150558
994.0 0.004678884579334408
995.0 0.00456557645520661
996.0 0.0044522683310788125
997.0 0.004503988748183474
998.0 0.004555708801490255
999.0 0.004586570503306575
1000.0 0.0046174322051228955
1001.0 0.004492482912610285
1002.0 0.004367533256299794
1003.0 0.0043864070903509855
1004.0 0.004405280924402177
1005.0 0.004397445809445344
1006.0 0.0043896106944885105
1007.0 0.004422372148837894
1008.0 0.004455133239389397
1009.0 0.004380653990665451
1010.0 0.004306174741941504
1011.0 0.004253855877323076
1012.0 0.004201537012704648
1013.0 0.0042577419662848115
1014.0 0.004313946919864975
1015.0 0.004314176476327702
1016.0 0.004314405668992549
1017.0 0.004443318539415486
1018.0 0.004572231046040542
1019.0 0.004578489097184502
1020.0 0.00458474678453058
1021.0 0.0045635410060640424
1022.0 0.004542334863799624
1023.0 0.0045436190703185275
1024.0 0.004544903640635312
1025.0 0.0044643595174420625
1026.0 0.004383815394248813
1027.0 0.004503195668803528
1028.0 0.004622576307156123
1029.0 0.004734542017104104
1030.0 0.004846508090849966
1031.0 0.0047837733291089535
1032.0 0.00472103820357006
1033.0 0.004797484871232882
1034.0 0.004873931538895704
1035.0 0.004992157846572809
1036.0 0.005110384154249914
1037.0 0.005270205292617902
1038.0 0.00543002643098589
1039.0 0.005506661182153039
1040.0 0.005583295569522306
1041.0 0.005521457569557242
1042.0 0.005459619933390059
1043.0 0.005786170004284941
1044.0 0.0061127204389777035
1045.0 0.006234091415535659
1046.0 0.006355462392093614
1047.0 0.006452285742852837
1048.0 0.00654910909361206
1049.0 0.006682957609882578
1050.0 0.006816806853748858
1051.0 0.007084928802214563
1052.0 0.007353050750680268
1053.0 0.007478790212189779
1054.0 0.007604527490912005
1055.0 0.007396529690595344
1056.0 0.007188529707491398
1057.0 0.007693310180911794
1058.0 0.00819809065433219
1059.0 0.008251437975559384
1060.0 0.008304786024382338
1061.0 0.008464200800517574
1062.0 0.008623616304248571
1063.0 0.008962028368841857
1064.0 0.009300443343818188
1065.0 0.009526754729449749
1066.0 0.009753065387485549
1067.0 0.009818782564252615
1068.0 0.009884498285828158
1069.0 0.009883927123155445
1070.0 0.009883354505291209
1071.0 0.010394220589660108
1072.0 0.010905085946433246
1073.0 0.011163056478835642
1074.0 0.011421027011238039
1075.0 0.011562892177607864
1076.0 0.01170475734397769
1077.0 0.012231706932652742
1078.0 0.01275865943171084
1079.0 0.012875095126219094
1080.0 0.012991532275918871
1081.0 0.014165113680064678
1082.0 0.015338695084210485
1083.0 0.015465854085050523
1084.0 0.015593011630699039
1085.0 0.01531899906694889
1086.0 0.015044987958390266
1087.0 0.015282144886441529
1088.0 0.015519301814492792
1089.0 0.01577049697516486
1090.0 0.016021693591028452
1091.0 0.01698468840913847
1092.0 0.017947684682440013
1093.0 0.01826338848331943
1094.0 0.018579093739390373
1095.0 0.0186802790267393
1096.0 0.018781462858896703
1097.0 0.01961896487046033
1098.0 0.02045646688202396
1099.0 0.020703462359961122
1100.0 0.020950457837898284
1101.0 0.022585151600651443
1102.0 0.024219845363404602
1103.0 0.02466136938892305
1104.0 0.02510289486963302
1105.0 0.02544293529354036
1106.0 0.025782975717447698
1107.0 0.02675555006135255
1108.0 0.027728130226023495
1109.0 0.02879710227716714
1110.0 0.02986608014907688
1111.0 0.030309639987535775
1112.0 0.030753202736377716
1113.0 0.031451115501113236
1114.0 0.0321490311762318
1115.0 0.03249261935707182
1116.0 0.03283620462752879
1117.0 0.03327446756884456
1118.0 0.03371273051016033
1119.0 0.03518433077260852
1120.0 0.03665592521429062
1121.0 0.03780676634050906
1122.0 0.03895760455634445
1123.0 0.04104360705241561
1124.0 0.04312960954848677
1125.0 0.045194264384917915
1126.0 0.04725891922134906
1127.0 0.048015196807682514
1128.0 0.048771477304399014
1129.0 0.05258165765553713
1130.0 0.05639183218590915
1131.0 0.061057525454089046
1132.0 0.06572321290150285
1133.0 0.06454701069742441
1134.0 0.06337080849334598
1135.0 0.0688697153236717
1136.0 0.07436862215399742
1137.0 0.07881253259256482
1138.0 0.0832564546726644
1139.0 0.0877232349012047
1140.0 0.09219000930897892
1141.0 0.1054663909599185
1142.0 0.11874275514855981
1143.0 0.16104623209685087
1144.0 0.20334972068667412
1145.0 0.4583375994116068
1146.0 0.7133253384381533
1147.0 1.205233484506607
1148.0 1.6971416771411896
1149.0 1.6922760754823685
1150.0 1.6874108463525772
