ts8/qe_curve/rtm-005_s11/19700101T000000.ecsv
# %ECSV 0.9
# ---
# datatype:
# - {name: amp_name, datatype: string}
# - {name: wavelength, unit: nm, datatype: float32}
# - {name: efficiency, unit: '%', datatype: float32}
# meta: !!omap
# - {MODE: AMP}
# - {TYPE: QE}
# - {CALIBDATE: '1970-01-01T00:00:00'}
# - {INSTRUME: TS8}
# - {OBSTYPE: qe_curve}
# - {DETECTOR: 31}
# - {PICKLEFILE: RaftRun11852.p}
# - {CALIB_ID: 'raftName=RTM-005 detectorName=S11 detector=31 calibDate=1970-01-01T00:00:00 ccd=31 ccdnum=31 filter=None'}
# - {DATE: '2020-07-23T19:15:59.248175'}
# - {CALIB_CREATION_DATE: '2020-07-23'}
# - {CALIB_CREATION_TIME: '19:15:59'}
# - __serialized_columns__:
#     efficiency:
#       __class__: astropy.units.quantity.Quantity
#       unit: !astropy.units.Unit {unit: '%'}
#       value: !astropy.table.SerializedColumn {name: efficiency}
#     wavelength:
#       __class__: astropy.units.quantity.Quantity
#       unit: !astropy.units.Unit {unit: nm}
#       value: !astropy.table.SerializedColumn {name: wavelength}
# schema: astropy-2.0
amp_name wavelength efficiency
C10 319.994 43.423626
C10 324.969 47.950245
C10 349.982 60.763596
C10 374.975 64.721436
C10 400.019 78.148
C10 424.965 84.77723
C10 450.035 88.75534
C10 475.003 92.9884
C10 500.018 94.99833
C10 525.002 97.59644
C10 550.029 98.21613
C10 575.023 99.38485
C10 599.982 99.11626
C10 619.997 99.26316
C10 624.979 100.01985
C10 650.012 99.42423
C10 675.004 97.95617
C10 700.03 97.40368
C10 725.012 96.01678
C10 750.022 96.25515
C10 774.987 95.06939
C10 799.976 94.198265
C10 824.988 93.39104
C10 850.022 90.42208
C10 869.967 87.29008
C10 875.002 86.236984
C10 899.999 79.71521
C10 919.999 71.87386
C10 925.012 69.01946
C10 949.965 56.009857
C10 975.002 41.781223
C10 999.976 25.444971
C10 1025.028 10.951049
C10 1050.014 3.8424168
C10 1075.002 2.0690522
C10 1099.99 1.6405302
C00 319.994 44.865353
C00 324.969 49.544353
C00 349.982 62.799847
C00 374.975 66.456665
C00 400.019 79.12192
C00 424.965 85.33772
C00 450.035 89.08486
C00 475.003 93.1679
C00 500.018 95.07713
C00 525.002 97.60545
C00 550.029 98.17239
C00 575.023 99.30356
C00 599.982 99.00242
C00 619.997 99.13298
C00 624.979 99.88512
C00 650.012 99.268585
C00 675.004 97.79011
C00 700.03 97.2255
C00 725.012 95.83906
C00 750.022 96.07422
C00 774.987 94.880974
C00 799.976 93.9967
C00 824.988 93.174706
C00 850.022 90.14762
C00 869.967 87.012085
C00 875.002 85.980606
C00 899.999 79.28022
C00 919.999 71.3968
C00 925.012 68.650345
C00 949.965 55.671837
C00 975.002 41.89541
C00 999.976 25.525661
C00 1025.028 11.038474
C00 1050.014 3.8608322
C00 1075.002 2.0901358
C00 1099.99 1.652572
C13 319.994 44.704067
C13 324.969 49.376934
C13 349.982 62.64756
C13 374.975 66.373604
C13 400.019 79.21093
C13 424.965 85.50881
C13 450.035 89.302155
C13 475.003 93.42757
C13 500.018 95.36294
C13 525.002 97.91712
C13 550.029 98.50401
C13 575.023 99.653786
C13 599.982 99.365204
C13 619.997 99.506935
C13 624.979 100.264275
C13 650.012 99.65645
C13 675.004 98.17923
C13 700.03 97.6103
C13 725.012 96.20171
C13 750.022 96.40924
C13 774.987 95.185394
C13 799.976 94.28856
C13 824.988 93.45804
C13 850.022 90.45205
C13 869.967 87.26959
C13 875.002 86.17183
C13 899.999 79.479866
C13 919.999 71.853455
C13 925.012 69.04582
C13 949.965 55.838097
C13 975.002 41.406296
C13 999.976 25.152548
C13 1025.028 10.765916
C13 1050.014 3.8216488
C13 1075.002 2.0964975
C13 1099.99 1.6432284
C03 319.994 45.675964
C03 324.969 50.438534
C03 349.982 63.945057
C03 374.975 67.477684
C03 400.019 79.78142
C03 424.965 85.79075
C03 450.035 89.42169
C03 475.003 93.44319
C03 500.018 95.29946
C03 525.002 97.79335
C03 550.029 98.337204
C03 575.023 99.45175
C03 599.982 99.13563
C03 619.997 99.25937
C03 624.979 100.008415
C03 650.012 99.38164
C03 675.004 97.89437
C03 700.03 97.31779
C03 725.012 95.90647
C03 750.022 96.104126
C03 774.987 94.87347
C03 799.976 93.96334
C03 824.988 93.13259
C03 850.022 90.03109
C03 869.967 86.8298
C03 875.002 85.75657
C03 899.999 79.016235
C03 919.999 71.22403
C03 925.012 68.420074
C03 949.965 55.46029
C03 975.002 41.385834
C03 999.976 25.134558
C03 1025.028 10.724144
C03 1050.014 3.7804623
C03 1075.002 2.0899224
C03 1099.99 1.6416113
C17 319.994 45.6034
C17 324.969 50.35291
C17 349.982 63.778015
C17 374.975 67.34563
C17 400.019 79.75146
C17 424.965 85.809654
C17 450.035 89.4621
C17 475.003 93.50069
C17 500.018 95.37215
C17 525.002 97.878426
C17 550.029 98.42533
C17 575.023 99.546684
C17 599.982 99.23496
C17 619.997 99.35757
C17 624.979 100.11109
C17 650.012 99.48778
C17 675.004 98.001366
C17 700.03 97.43732
C17 725.012 96.06759
C17 750.022 96.334305
C17 774.987 95.165474
C17 799.976 94.28137
C17 824.988 93.44903
C17 850.022 90.35196
C17 869.967 87.18663
C17 875.002 86.11074
C17 899.999 79.31569
C17 919.999 71.33368
C17 925.012 68.46372
C17 949.965 55.675697
C17 975.002 41.373875
C17 999.976 25.194767
C17 1025.028 10.755277
C17 1050.014 3.8300025
C17 1075.002 2.1056943
C17 1099.99 1.6470507
C04 319.994 45.919537
C04 324.969 50.704506
C04 349.982 64.26742
C04 374.975 67.77679
C04 400.019 79.97528
C04 424.965 85.932594
C04 450.035 89.53133
C04 475.003 93.531265
C04 500.018 95.37396
C04 525.002 97.860245
C04 550.029 98.39611
C04 575.023 99.5043
C04 599.982 99.182076
C04 619.997 99.30233
C04 624.979 100.050186
C04 650.012 99.4203
C04 675.004 97.92896
C04 700.03 97.34862
C04 725.012 95.94125
C04 750.022 96.14098
C04 774.987 94.915016
C04 799.976 94.00631
C04 824.988 93.162125
C04 850.022 90.07932
C04 869.967 86.83251
C04 875.002 85.76102
C04 899.999 79.02903
C04 919.999 71.20558
C04 925.012 68.38422
C04 949.965 55.452087
C04 975.002 41.304245
C04 999.976 25.176893
C04 1025.028 10.711566
C04 1050.014 3.770046
C04 1075.002 2.0839732
C04 1099.99 1.6473382
C01 319.994 45.24727
C01 324.969 49.974728
C01 349.982 63.404633
C01 374.975 67.003914
C01 400.019 79.514915
C01 424.965 85.63723
C01 450.035 89.33363
C01 475.003 93.39164
C01 500.018 95.28241
C01 525.002 97.803635
C01 550.029 98.36406
C01 575.023 99.49305
C01 599.982 99.1909
C01 619.997 99.318756
C01 624.979 100.07536
C01 650.012 99.45532
C01 675.004 97.972374
C01 700.03 97.40384
C01 725.012 96.00563
C01 750.022 96.22295
C01 774.987 95.012695
C01 799.976 94.113304
C01 824.988 93.27846
C01 850.022 90.271164
C01 869.967 87.01016
C01 875.002 85.91406
C01 899.999 79.28843
C01 919.999 71.65256
C01 925.012 68.79551
C01 949.965 55.52177
C01 975.002 41.539776
C01 999.976 25.252354
C01 1025.028 10.888648
C01 1050.014 3.8608708
C01 1075.002 2.0837662
C01 1099.99 1.6377461
C14 319.994 45.07217
C14 324.969 49.779682
C14 349.982 63.116325
C14 374.975 66.79447
C14 400.019 79.5067
C14 424.965 85.73542
C14 450.035 89.485435
C14 475.003 93.58619
C14 500.018 95.50553
C14 525.002 98.04644
C14 550.029 98.620026
C14 575.023 99.76274
C14 599.982 99.47107
C14 619.997 99.601585
C14 624.979 100.35864
C14 650.012 99.745926
C14 675.004 98.259674
C14 700.03 97.69105
C14 725.012 96.279106
C14 750.022 96.48643
C14 774.987 95.2635
C14 799.976 94.36358
C14 824.988 93.53475
C14 850.022 90.48195
C14 869.967 87.34287
C14 875.002 86.250145
C14 899.999 79.46723
C14 919.999 71.756676
C14 925.012 68.9211
C14 949.965 55.842987
C14 975.002 41.47691
C14 999.976 25.208107
C14 1025.028 10.759777
C14 1050.014 3.8108635
C14 1075.002 2.0986402
C14 1099.99 1.6466279
C07 319.994 46.506393
C07 324.969 51.34285
C07 349.982 65.02764
C07 374.975 68.46046
C07 400.019 80.44232
C07 424.965 86.27762
C07 450.035 89.81035
C07 475.003 93.771454
C07 500.018 95.58331
C07 525.002 98.04993
C07 550.029 98.56265
C07 575.023 99.65854
C07 599.982 99.32429
C07 619.997 99.43231
C07 624.979 100.18098
C07 650.012 99.54004
C07 675.004 98.04195
C07 700.03 97.46773
C07 725.012 96.09616
C07 750.022 96.35402
C07 774.987 95.175415
C07 799.976 94.26597
C07 824.988 93.37413
C07 850.022 90.26324
C07 869.967 86.88304
C07 875.002 85.76554
C07 899.999 78.89316
C07 919.999 71.06575
C07 925.012 68.20147
C07 949.965 55.09385
C07 975.002 41.013794
C07 999.976 25.019526
C07 1025.028 10.690619
C07 1050.014 3.779447
C07 1075.002 2.076787
C07 1099.99 1.6398882
C05 319.994 46.267525
C05 324.969 51.08777
C05 349.982 64.74933
C05 374.975 68.220085
C05 400.019 80.32841
C05 424.965 86.236084
C05 450.035 89.81126
C05 475.003 93.796234
C05 500.018 95.63016
C05 525.002 98.11349
C05 550.029 98.64239
C05 575.023 99.74802
C05 599.982 99.4224
C05 619.997 99.53757
C05 624.979 100.2875
C05 650.012 99.654854
C05 675.004 98.156044
C05 700.03 97.57864
C05 725.012 96.17206
C05 750.022 96.3854
C05 774.987 95.16658
C05 799.976 94.25549
C05 824.988 93.39792
C05 850.022 90.31691
C05 869.967 87.02207
C05 875.002 85.92765
C05 899.999 79.15185
C05 919.999 71.347694
C05 925.012 68.50926
C05 949.965 55.44035
C05 975.002 41.289387
C05 999.976 25.196945
C05 1025.028 10.736714
C05 1050.014 3.7808836
C05 1075.002 2.0863566
C05 1099.99 1.650959
C02 319.994 45.605324
C02 324.969 50.370953
C02 349.982 63.913864
C02 374.975 67.457954
C02 400.019 79.82
C02 424.965 85.86664
C02 450.035 89.51874
C02 475.003 93.55294
C02 500.018 95.425
C02 525.002 97.93905
C02 550.029 98.488365
C02 575.023 99.61249
C02 599.982 99.306274
C02 619.997 99.43136
C02 624.979 100.183846
C02 650.012 99.56477
C02 675.004 98.07496
C02 700.03 97.50309
C02 725.012 96.09264
C02 750.022 96.29786
C02 774.987 95.07407
C02 799.976 94.16786
C02 824.988 93.33064
C02 850.022 90.24163
C02 869.967 87.06713
C02 875.002 85.98038
C02 899.999 79.15956
C02 919.999 71.44042
C02 925.012 68.627975
C02 949.965 55.615616
C02 975.002 41.502773
C02 999.976 25.167435
C02 1025.028 10.769144
C02 1050.014 3.8111806
C02 1075.002 2.096659
C02 1099.99 1.640053
C12 319.994 44.268433
C12 324.969 48.903847
C12 349.982 62.08393
C12 374.975 65.83083
C12 400.019 78.74918
C12 424.965 85.09311
C12 450.035 88.91043
C12 475.003 93.04654
C12 500.018 94.994446
C12 525.002 97.5554
C12 550.029 98.15193
C12 575.023 99.3085
C12 599.982 99.02879
C12 619.997 99.175415
C12 624.979 99.93269
C12 650.012 99.331795
C12 675.004 97.86686
C12 700.03 97.30233
C12 725.012 95.9029
C12 750.022 96.11363
C12 774.987 94.90049
C12 799.976 94.01366
C12 824.988 93.19233
C12 850.022 90.21866
C12 869.967 87.036705
C12 875.002 85.92243
C12 899.999 79.3737
C12 919.999 71.76204
C12 925.012 68.929245
C12 949.965 55.673412
C12 975.002 41.362732
C12 999.976 25.155184
C12 1025.028 10.78071
C12 1050.014 3.8311198
C12 1075.002 2.087184
C12 1099.99 1.637717
C11 319.994 43.85993
C11 324.969 48.438164
C11 349.982 61.42791
C11 374.975 65.2815
C11 400.019 78.45339
C11 424.965 84.94094
C11 450.035 88.834595
C11 475.003 93.01653
C11 500.018 94.99365
C11 525.002 97.571236
C11 550.029 98.176865
C11 575.023 99.336784
C11 599.982 99.06108
C11 619.997 99.20869
C11 624.979 99.963936
C11 650.012 99.36225
C11 675.004 97.89408
C11 700.03 97.3351
C11 725.012 95.9413
C11 750.022 96.161964
C11 774.987 94.95952
C11 799.976 94.079315
C11 824.988 93.26335
C11 850.022 90.299194
C11 869.967 87.09731
C11 875.002 86.029205
C11 899.999 79.605194
C11 919.999 71.80163
C11 925.012 68.90454
C11 949.965 55.73558
C11 975.002 41.653572
C11 999.976 25.338343
C11 1025.028 10.8837805
C11 1050.014 3.8481762
C11 1075.002 2.0725136
C11 1099.99 1.6369691
C15 319.994 45.172794
C15 324.969 49.8836
C15 349.982 63.230453
C15 374.975 66.83751
C15 400.019 79.356514
C15 424.965 85.48538
C15 450.035 89.17474
C15 475.003 93.23325
C15 500.018 95.12474
C15 525.002 97.64366
C15 550.029 98.20299
C15 575.023 99.33095
C15 599.982 99.02946
C15 619.997 99.158615
C15 624.979 99.91369
C15 650.012 99.297874
C15 675.004 97.81696
C15 700.03 97.25028
C15 725.012 95.853226
C15 750.022 96.06783
C15 774.987 94.8601
C15 799.976 93.96817
C15 824.988 93.138916
C15 850.022 90.06995
C15 869.967 86.95577
C15 875.002 85.88183
C15 899.999 79.057915
C15 919.999 71.26291
C15 925.012 68.45445
C15 949.965 55.617916
C15 975.002 41.285164
C15 999.976 25.084156
C15 1025.028 10.69423
C15 1050.014 3.7857983
C15 1075.002 2.0889208
C15 1099.99 1.6406983
C16 319.994 45.43552
C16 324.969 50.173595
C16 349.982 63.58473
C16 374.975 67.19544
C16 400.019 79.695114
C16 424.965 85.80209
C16 450.035 89.482735
C16 475.003 93.53893
C16 500.018 95.42583
C16 525.002 97.943184
C16 550.029 98.49917
C16 575.023 99.629776
C16 599.982 99.32423
C16 619.997 99.455505
C16 624.979 100.20827
C16 650.012 99.58758
C16 675.004 98.10037
C16 700.03 97.53385
C16 725.012 96.145546
C16 750.022 96.38405
C16 774.987 95.18993
C16 799.976 94.29795
C16 824.988 93.46601
C16 850.022 90.37128
C16 869.967 87.21755
C16 875.002 86.14558
C16 899.999 79.33079
C16 919.999 71.42373
C16 925.012 68.58218
C16 949.965 55.71711
C16 975.002 41.403313
C16 999.976 25.171621
C16 1025.028 10.726308
C16 1050.014 3.8077686
C16 1075.002 2.1013606
C16 1099.99 1.6469278
C06 319.994 46.749825
C06 324.969 51.61894
C06 349.982 65.4219
C06 374.975 68.92295
C06 400.019 81.10133
C06 424.965 87.0363
C06 450.035 90.6272
C06 475.003 94.64324
C06 500.018 96.48782
C06 525.002 98.9868
C06 550.029 99.51782
C06 575.023 100.627365
C06 599.982 100.29825
C06 619.997 100.414474
C06 624.979 101.17105
C06 650.012 100.528885
C06 675.004 99.01824
C06 700.03 98.43637
C06 725.012 97.032555
C06 750.022 97.26804
C06 774.987 96.05633
C06 799.976 95.136475
C06 824.988 94.251854
C06 850.022 91.12721
C06 869.967 87.77096
C06 875.002 86.65744
C06 899.999 79.725945
C06 919.999 71.865715
C06 925.012 69.0078
C06 949.965 55.79278
C06 975.002 41.52786
C06 999.976 25.313354
C06 1025.028 10.79398
C06 1050.014 3.8079808
C06 1075.002 2.101673
C06 1099.99 1.6616415
