lsstCam/transmission_filter_detector/r20_s00/z_20/19700101T000000.ecsv
# %ECSV 1.0
# ---
# datatype:
# - {name: wavelength, unit: nm, datatype: float32}
# - {name: efficiency, unit: '%', datatype: float64}
# meta: !!omap
# - {MODE: DETECTOR}
# - {TYPE: transmission_filter_detector}
# - {CALIBDATE: '1970-01-01T00:00:00'}
# - {INSTRUME: LSSTCam}
# - {OBSTYPE: transmission_filter_detector}
# - {CALIBCLS: lsst.ip.isr.IntermediateFilterDetectorTransmissionCurve}
# - {SOURCE: Materion (DM-46256)}
# - {DETECTOR: 72}
# - {FILTER: z_20}
# - {CALIB_ID: 'calibDate=1970-01-01T00:00:00 filter=z_20 detector=72'}
# - {DATE: '2025-04-02T15:59:48.971990'}
# - {CALIB_CREATION_DATE: '2025-04-02'}
# - {CALIB_CREATION_TIME: '15:59:48'}
# - __serialized_columns__:
#     efficiency:
#       __class__: astropy.units.quantity.Quantity
#       unit: !astropy.units.Unit {unit: '%'}
#       value: !astropy.table.SerializedColumn {name: efficiency}
#     wavelength:
#       __class__: astropy.units.quantity.Quantity
#       unit: !astropy.units.Unit {unit: nm}
#       value: !astropy.table.SerializedColumn {name: wavelength}
# schema: astropy-2.0
wavelength efficiency
[from data line 597]
897.0 98.98877739906311
898.0 98.93906712532043
899.0 98.41559529304504
900.0 98.56961965560913
901.0 99.26962852478027
902.0 99.0062415599823
903.0 98.33539128303528
904.0 97.55899906158447
905.0 98.47503304481506
906.0 97.96938300132751
907.0 98.3542799949646
908.0 97.90043830871582
909.0 98.35774302482605
910.0 97.89610505104065
911.0 96.93991541862488
912.0 95.80145478248596
913.0 94.40873265266418
914.0 92.20214486122131
915.0 89.97718691825867
916.0 87.68057227134705
917.0 86.15727424621582
918.0 82.51771926879883
919.0 81.33032321929932
920.0 78.37480306625366
921.0 73.95199537277222
922.0 69.39716339111328
923.0 63.41735124588013
924.0 57.937341928482056
925.0 52.65335440635681
926.0 46.27157747745514
927.0 39.28225934505463
928.0 33.18786919116974
929.0 26.868414878845215
930.0 21.40119820833206
931.0 16.093891859054565
932.0 10.99211573600769
933.0 7.105825841426849
934.0 4.440415650606155
935.0 2.62952521443367
936.0 1.5952495858073235
937.0 0.9414626285433769
938.0 0.526385847479105
939.0 0.35770556423813105
940.0 0.16398216830566525
941.0 0.060042989207431674
942.0 0.0317640311550349
943.0 0.0003224423608116922
944.0 0.09868557099252939
945.0 1.6987158207859565e-10
946.0 0.028085103258490562
947.0 0.082271738210693
948.0 0.05238345474936068
949.0 1.6987158207859565e-10
950.0 1.6987158207859565e-10
951.0 1.6987158207859565e-10
952.0 0.08265437791123986
953.0 1.6987158207859565e-10
954.0 0.02058371464954689
955.0 0.016029964899644256
956.0 1.6987158207859565e-10
957.0 1.6987158207859565e-10
958.0 0.04501387884374708
959.0 1.6987158207859565e-10
960.0 1.6987158207859565e-10
961.0 0.018496446136850864
962.0 1.6987158207859565e-10
963.0 1.6987158207859565e-10
964.0 0.0374869181541726
965.0 0.10706076864153147
966.0 1.6987158207859565e-10
967.0 1.6987158207859565e-10
968.0 1.6987158207859565e-10
969.0 1.6987158207859565e-10
970.0 1.6987158207859565e-10
971.0 1.6987158207859565e-10
972.0 1.6987158207859565e-10
973.0 1.6987158207859565e-10
974.0 1.6987158207859565e-10
975.0 1.6987158207859565e-10
976.0 0.006326540460577235
977.0 0.006215390021679923
978.0 0.006104241037974134
979.0 0.0059519734350033104
980.0 0.005799704376840964
981.0 0.005666315701091662
982.0 0.0055329277529381216
983.0 0.005413181497715414
984.0 0.005293436333886348
985.0 0.0050678641855483875
986.0 0.004842291309614666
987.0 0.004890101990895346
988.0 0.004937912672176026
989.0 0.004836816151509993
990.0 0.004735720358439721
991.0 0.004797244037035853
992.0 0.004858767715631984
993.0 0.0048486825107829645
994.0 0.0048385965783381835
995.0 0.004751116284751333
996.0 0.004663635627366602
997.0 0.004510061262408271
998.0 0.004356487261247821
999.0 0.004294128666515462
1000.0 0.004231769344187342
1001.0 0.004378113226266578
1002.0 0.004524456744547933
1003.0 0.004493758024182171
1004.0 0.004463059303816408
1005.0 0.004373793490231037
1006.0 0.004284527312847786
1007.0 0.00425495563831646
1008.0 0.004225383963785134
1009.0 0.004316626655054279
1010.0 0.004407869346323423
1011.0 0.004481448559090495
1012.0 0.004555027771857567
1013.0 0.004389545938465744
1014.0 0.004224063741276041
1015.0 0.004368703957879916
1016.0 0.00451334344688803
1017.0 0.004796573557541706
1018.0 0.005079803668195382
1019.0 0.004866829476668499
1020.0 0.004653855285141617
1021.0 0.0046496741560986266
1022.0 0.004645493027055636
1023.0 0.004605561480275355
1024.0 0.0045656299334950745
1025.0 0.004647301102522761
1026.0 0.0047289726353483275
1027.0 0.004701555008068681
1028.0 0.004674137016991153
1029.0 0.004691729191108607
1030.0 0.00470932136522606
1031.0 0.004746521881315857
1032.0 0.004783722761203535
1033.0 0.004878524123341776
1034.0 0.004973326213075779
1035.0 0.005197107748244889
1036.0 0.005420889283413999
1037.0 0.005458085797727108
1038.0 0.0054952819482423365
1039.0 0.005374475585995242
1040.0 0.005253668496152386
1041.0 0.00563733083254192
1042.0 0.006020993168931454
1043.0 0.005554461313295178
1044.0 0.0050879298214567825
1045.0 0.0057165663747582585
1046.0 0.006345201836666092
1047.0 0.006154637230793014
1048.0 0.0059640708059305325
1049.0 0.006041989763616584
1050.0 0.006119909085100517
1051.0 0.006327968731056899
1052.0 0.006536029832204804
1053.0 0.006631074211327359
1054.0 0.006726117862854153
1055.0 0.007466653914889321
1056.0 0.008207189966924489
1057.0 0.007789663504809141
1058.0 0.007372137042693794
1059.0 0.0076613243436440825
1060.0 0.007950510189402848
1061.0 0.008339236956089735
1062.0 0.008727963722776622
1063.0 0.008722346683498472
1064.0 0.008716729644220322
1065.0 0.00883373140823096
1066.0 0.008950736082624644
1067.0 0.009168538235826418
1068.0 0.009386342571815476
1069.0 0.010351316450396553
1070.0 0.01131629032897763
1071.0 0.010776182898553088
1072.0 0.010236074740532786
1073.0 0.010464992374181747
1074.0 0.010693909280234948
1075.0 0.011258772428845987
1076.0 0.01182363776024431
1077.0 0.011822883243439719
1078.0 0.011822127999039367
1079.0 0.012832025822717696
1080.0 0.013841924373991787
1081.0 0.014009105507284403
1082.0 0.014176289550960064
1083.0 0.01389127573929727
1084.0 0.013606260472442955
1085.0 0.01440350606571883
1086.0 0.01520075456937775
1087.0 0.01545018021715805
1088.0 0.015699608775321394
1089.0 0.016531196888536215
1090.0 0.01736278645694256
1091.0 0.017186392506118864
1092.0 0.017009991279337555
1093.0 0.016849041276145726
1094.0 0.016688088362570852
1095.0 0.017978332471102476
1096.0 0.019268578034825623
1097.0 0.019872824486810714
1098.0 0.020477070938795805
1099.0 0.022705161245539784
1100.0 0.024933248641900718
1101.0 0.02463907585479319
1102.0 0.02434490161249414
1103.0 0.025571251171641052
1104.0 0.026797596365213394
1105.0 0.02691503905225545
1106.0 0.02703248173929751
1107.0 0.027537427376955748
1108.0 0.02804237592499703
1109.0 0.029624227317981422
1110.0 0.031206075800582767
1111.0 0.03124306385871023
1112.0 0.03128005191683769
1113.0 0.03266287385486066
1114.0 0.034045701613649726
1115.0 0.03396626561880112
1116.0 0.03388682962395251
1117.0 0.034224611590616405
1118.0 0.03456239646766335
1119.0 0.037490070099011064
1120.0 0.040417740819975734
1121.0 0.04252228245604783
1122.0 0.04462682409211993
1123.0 0.0441175332525745
1124.0 0.04360824532341212
1125.0 0.04368937807157636
1126.0 0.04377051373012364
1127.0 0.0475935114081949
1128.0 0.05141650908626616
1129.0 0.05494204815477133
1130.0 0.058467587223276496
1131.0 0.058592064306139946
1132.0 0.058716535568237305
1133.0 0.06043597240932286
1134.0 0.06215540342964232
1135.0 0.06127430824562907
1136.0 0.06039320724084973
1137.0 0.06693359464406967
1138.0 0.07347399368882179
1139.0 0.07806732901372015
1140.0 0.08266063523478806
1141.0 0.09285944979637861
1142.0 0.10305824689567089
1143.0 0.12213438749313354
1144.0 0.14121049316599965
1145.0 0.2694985829293728
1146.0 0.39778673090040684
1147.0 0.8201784454286098
1148.0 1.2425702065229416
1149.0 1.4214973896741867
1150.0 1.6004255041480064
