lsstCam/transmission_filter_detector/r20_s00/z_20/19700101T000000.ecsv
# %ECSV 1.0
# ---
# datatype:
# - {name: wavelength, unit: nm, datatype: float32}
# - {name: efficiency, unit: '%', datatype: float64}
# meta: !!omap
# - {MODE: DETECTOR}
# - {TYPE: transmission_filter_detector}
# - {CALIBDATE: '1970-01-01T00:00:00'}
# - {INSTRUME: LSSTCam}
# - {OBSTYPE: transmission_filter_detector}
# - {CALIBCLS: lsst.ip.isr.IntermediateFilterDetectorTransmissionCurve}
# - {SOURCE: Materion (DM-46256)}
# - {DETECTOR: 72}
# - {FILTER: z_20}
# - {CALIB_ID: 'calibDate=1970-01-01T00:00:00 filter=z_20 detector=72'}
# - {DATE: '2025-04-02T15:59:48.971990'}
# - {CALIB_CREATION_DATE: '2025-04-02'}
# - {CALIB_CREATION_TIME: '15:59:48'}
# - __serialized_columns__:
#     efficiency:
#       __class__: astropy.units.quantity.Quantity
#       unit: !astropy.units.Unit {unit: '%'}
#       value: !astropy.table.SerializedColumn {name: efficiency}
#     wavelength:
#       __class__: astropy.units.quantity.Quantity
#       unit: !astropy.units.Unit {unit: nm}
#       value: !astropy.table.SerializedColumn {name: wavelength}
# schema: astropy-2.0
wavelength efficiency
300.0 0.8105212822556496
301.0 0.5572390276938677
302.0 0.3039568429812789
303.0 0.2919598715379834
304.0 0.2799629233777523
305.0 0.2389681525528431
306.0 0.19797338172793388
307.0 0.1790188835002482
308.0 0.1600643969140947
309.0 0.14182360609993339
310.0 0.12358281528577209
311.0 0.12293228646740317
312.0 0.12228176929056644
313.0 0.10797356953844428
314.0 0.09366539889015257
315.0 0.09235682082362473
316.0 0.09104824275709689
317.0 0.07784736808389425
318.0 0.0646465050522238
319.0 0.06480663432739675
320.0 0.0649667636025697
321.0 0.06319520180113614
322.0 0.06142363417893648
323.0 0.055020616855472326
324.0 0.04861760826315731
325.0 0.044363984488882124
326.0 0.040110357804223895
327.0 0.03905183693859726
328.0 0.03799331607297063
329.0 0.03450258227530867
330.0 0.0310118542984128
331.0 0.028255427605472505
332.0 0.02549900091253221
333.0 0.024388912424910814
334.0 0.02327881957171485
335.0 0.02159114519599825
336.0 0.01990346790989861
337.0 0.023402113583870232
338.0 0.026900754892267287
339.0 0.02307403483428061
340.0 0.019247320597060025
341.0 0.017093542555812746
342.0 0.01493976596975699
343.0 0.014359428314492106
344.0 0.01377909502480179
345.0 0.013231440971139818
346.0 0.012683786917477846
347.0 0.01171674593933858
348.0 0.01074970350600779
349.0 0.012949317169841379
350.0 0.01514893228886649
351.0 0.012994834105484188
352.0 0.010840732284123078
353.0 0.011580342834349722
354.0 0.012319954112172127
355.0 0.010479959746589884
356.0 0.008639966108603403
357.0 0.009580445475876331
358.0 0.010520927025936544
359.0 0.010060494969366118
360.0 0.009600063640391454
361.0 0.008895539940567687
362.0 0.008191018423531204
363.0 0.009123112249653786
364.0 0.010055205348180607
365.0 0.009942904580384493
366.0 0.009830606722971424
367.0 0.008726000669412315
368.0 0.007621393888257444
369.0 0.007988023571670055
370.0 0.008354652527486905
371.0 0.008201431774068624
372.0 0.008048211748246104
373.0 0.00720603929948993
374.0 0.00636386830592528
375.0 0.006498499715235084
376.0 0.006633130396949127
377.0 0.006785378354834393
378.0 0.006937624857528135
379.0 0.0060203463362995535
380.0 0.00510306708747521
381.0 0.0034808548662113026
382.0 0.0018586426449473947
383.0 0.003729404488694854
384.0 0.005600166696240194
385.0 0.005369490463635884
386.0 0.005138814231031574
387.0 0.005803000021842308
388.0 0.006467186176450923
389.0 0.005697917731595226
390.0 0.004928649650537409
391.0 0.004567324504023418
392.0 0.004205999357509427
393.0 0.00464773693238385
394.0 0.005089474871056154
395.0 0.004255291059962474
396.0 0.0034211068850709125
397.0 0.0035751188988797367
398.0 0.00372913054889068
399.0 0.0039743295928929
400.0 0.0042195282730972394
401.0 0.004780085146194324
402.0 0.005340641291695647
403.0 0.0049745194701245055
404.0 0.004608397648553364
405.0 0.003824374289251864
406.0 0.003040351475647185
407.0 0.001751887430145871
408.0 0.0004634240667655831
409.0 0.0019307201000628993
410.0 0.0033980162697844207
411.0 0.004005733353551477
412.0 0.004613450073520653
413.0 0.004452517896424979
414.0 0.004291585355531424
415.0 0.0035388606193009764
416.0 0.002786136246868409
417.0 0.0036769812140846625
418.0 0.004567826908896677
419.0 0.004202044146950357
420.0 0.003836261385004036
421.0 0.0036553294194163755
422.0 0.003474398181424476
423.0 0.003475685662124306
424.0 0.003476973870419897
425.0 0.0026266026907251216
426.0 0.0017762318748282269
427.0 0.001867230275820475
428.0 0.001958229040610604
429.0 0.0011612630260060541
430.0 0.0003642974888862227
431.0 0.0005032333774579456
432.0 0.0006421690613933606
433.0 0.0006203966222528834
434.0 0.0005986243650113465
435.0 0.0012664594578382093
436.0 0.0019342945961398073
437.0 0.0019245690054958686
438.0 0.0019148432329529896
439.0 0.0020687668438768014
440.0 0.0022226906366995536
441.0 0.0017423692042939365
442.0 0.0012620481356862001
443.0 0.0023173332010628656
444.0 0.0033726184483384714
445.0 0.0032941803510766476
446.0 0.003215742253814824
447.0 0.002617095015011728
448.0 0.002018447958107572
449.0 0.0024892109649954364
450.0 0.0029599743356811814
451.0 0.0023232119929161854
452.0 0.0016864492863533087
453.0 0.0016243378922808915
454.0 0.0015622266801074147
455.0 0.0023326525479205884
456.0 0.003103078779531643
457.0 0.0022444033675128594
458.0 0.0013857282283424865
459.0 0.0015328270819736645
460.0 0.001679926208453253
461.0 0.0009130410944635514
462.0 0.000146156025948585
463.0 0.0010822371223184746
464.0 0.0020183184460620396
465.0 0.0021595091311610304
466.0 0.002300699816260021
467.0 0.0020357842004159465
468.0 0.0017708678569761105
469.0 0.0015542245819233358
470.0 0.001337581306870561
471.0 0.0012654673810175154
472.0 0.0011933536370634101
473.0 0.0012282021089049522
474.0 0.0012630505807464942
475.0 0.001123585843743058
476.0 0.0009841211067396216
477.0 0.001219837758981157
478.0 0.0014555542293237522
479.0 0.001807990702218376
480.0 0.0021604269932140596
481.0 0.0017143773220595904
482.0 0.0012683276509051211
483.0 0.0009154994586424436
484.0 0.0005626713573292363
485.0 0.0011563843145268038
486.0 0.0017500969988759607
487.0 0.001385908035445027
488.0 0.0010217190720140934
489.0 0.0017164560631499626
490.0 0.0024111930542858317
491.0 0.0021924062821199186
492.0 0.001973619328055065
493.0 0.0019205846911063418
494.0 0.0018675504179554991
495.0 0.0016338697605533525
496.0 0.001400189194100676
497.0 0.0012048797543684486
498.0 0.0010095704055856913
499.0 0.001184800476039527
500.0 0.001360030728392303
501.0 0.0008983818588603754
502.0 0.0004367327164800372
503.0 0.0012856757166446187
504.0 0.0021346188077586703
505.0 0.002199705886596348
506.0 0.0022647933292319067
507.0 0.002199676600866951
508.0 0.002134559690603055
509.0 0.001871421409305185
510.0 0.0016082834918051958
511.0 0.0012749531379085965
512.0 0.0009416228749614675
513.0 0.001301518568652682
514.0 0.001661414535192307
515.0 0.001228537530550966
516.0 0.0007956610716064461
517.0 0.0008404579602938611
518.0 0.000885254758031806
519.0 0.0010818463124451227
520.0 0.0012784374121110886
521.0 0.0017046386346919462
522.0 0.002130839857272804
523.0 0.0014284988537838217
524.0 0.0007261578957695747
525.0 0.0007844849278626498
526.0 0.0008428120963799302
527.0 0.0011427037861722056
528.0 0.0014425957488128915
529.0 0.0012434596101229545
530.0 0.0010443231076351367
531.0 0.0011530696610861924
532.0 0.0012618161235877778
533.0 0.0008754947884881403
534.0 0.0004891733624390326
535.0 0.0011029733286704868
536.0 0.001716773294901941
537.0 0.0017427955754101276
538.0 0.0017688178559183143
539.0 0.0012506430721259676
540.0 0.0007324680154852103
541.0 0.0007965107215568423
542.0 0.000860553245729534
543.0 0.0012153765055700205
544.0 0.001570199674461037
545.0 0.001034602610161528
546.0 0.0004990057732356945
547.0 0.0011468672710179817
548.0 0.001794728268578183
549.0 0.0016706648239050992
550.0 0.001546601197333075
551.0 0.0016138677892740816
552.0 0.001681134381215088
553.0 0.0014108169125393033
554.0 0.0011404992619645782
555.0 0.0010042200301541016
556.0 0.0008679407983436249
557.0 0.0012893902749055997
558.0 0.001710839569568634
559.0 0.0016596504792687483
560.0 0.0016084612070699222
561.0 0.0014334777006297372
562.0 0.0012584941941895522
563.0 0.0011299162906652782
564.0 0.0010013382052420639
565.0 0.0017838628991739824
566.0 0.0025663879569037817
567.0 0.002878494342439808
568.0 0.003190600546076894
569.0 0.00298299146379577
570.0 0.0027753825634135865
571.0 0.002592846612969879
572.0 0.002410310298728291
573.0 0.0019440480173216201
574.0 0.0014777860087633599
575.0 0.0019286580936750397
576.0 0.0023795300876372494
577.0 0.002039290666289162
578.0 0.0016990517906378955
579.0 0.0017709220628603362
580.0 0.0018427919712848961
581.0 0.0016217605661950074
582.0 0.0014007288882567082
583.0 0.0018195376469520852
584.0 0.0022383464965969324
585.0 0.0025322558940388262
586.0 0.0028261651095817797
587.0 0.0022048867322155274
588.0 0.0015836079910513945
589.0 0.002257050437037833
590.0 0.002930493064923212
591.0 0.002042161941062659
592.0 0.0011538309081515763
593.0 0.0008508052815159317
594.0 0.0005477796548802871
595.0 0.0010199124517384917
596.0 0.0014920452485966962
597.0 0.0013659970136359334
598.0 0.0012399486877257004
599.0 0.0009032369234773796
600.0 0.000566525250178529
601.0 0.0005708050139219267
602.0 0.0005750845502916491
603.0 0.0010024132279795595
604.0 0.0014297413144959137
605.0 0.0009481960660195909
606.0 0.0004666504992201226
607.0 0.0007483750323444838
608.0 0.0010300995199941099
609.0 0.0011113009350083303
610.0 0.0011925020771741401
611.0 0.0010133777323062532
612.0 0.000834253296488896
613.0 0.0007623573765158653
614.0 0.0006904613655933645
615.0 0.0011133889529446606
616.0 0.0015363166312454268
617.0 0.0020265020793885924
618.0 0.002516687527531758
619.0 0.002163317913073115
620.0 0.0018099479348165914
621.0 0.0015769977835589088
622.0 0.001344047450402286
623.0 0.0016090605640783906
624.0 0.0018740733139566146
625.0 0.0016562224118388258
626.0 0.001438371509721037
627.0 0.0018296012058272026
628.0 0.0022208314476301894
629.0 0.0020361387214506976
630.0 0.001851445995271206
631.0 0.0017178081179736182
632.0 0.0015841698768781498
633.0 0.0018829983673640527
634.0 0.002181827039748896
635.0 0.005104386218590662
636.0 0.008026944851735607
637.0 0.015325289859902114
638.0 0.022623635595664382
639.0 0.0197834029677324
640.0 0.01694317179499194
641.0 0.014657802239526063
642.0 0.012372438504826277
643.0 0.009858197154244408
644.0 0.0073439558036625385
645.0 0.006641414074692875
646.0 0.005938873073318973
647.0 0.005511635390575975
648.0 0.005084397707832977
649.0 0.004140291275689378
650.0 0.003196185571141541
651.0 0.0036072869988856837
652.0 0.004018388790427707
653.0 0.0032671832741471007
654.0 0.0025159773940686136
655.0 0.0027041673092753626
656.0 0.002892357952077873
657.0 0.0028485699658631347
658.0 0.002804781797749456
659.0 0.002620942541398108
660.0 0.0024371036488446407
661.0 0.002589669202279765
662.0 0.0027422345738159493
663.0 0.0020233548639225774
664.0 0.0013044753359281458
665.0 0.0016838761439430527
666.0 0.0020632773157558404
667.0 0.0023382635845337063
668.0 0.0026132500352105126
669.0 0.0018908194761024788
670.0 0.0011683891898428556
671.0 0.000996086328086676
672.0 0.0008237834663304966
673.0 0.0013464952644426376
674.0 0.001869207335403189
675.0 0.001953054015757516
676.0 0.0020369005142129026
677.0 0.0019455477740848437
678.0 0.0018541944882599637
679.0 0.0014694153833261225
680.0 0.0010846360055438709
681.0 0.0012320085261308122
682.0 0.0013793808648188133
683.0 0.002432739893265534
684.0 0.0034860990126617253
685.0 0.0028269041649764404
686.0 0.002167710044886917
687.0 0.0017035983546520583
688.0 0.0012394864825182594
689.0 0.0015235419596137945
690.0 0.0018075976186082698
691.0 0.00214298543141922
692.0 0.0024783730623312294
693.0 0.00288097307930002
694.0 0.0032835730962688103
695.0 0.003335563451400958
696.0 0.0033875530789373443
697.0 0.00368111468560528
698.0 0.003974676292273216
699.0 0.005858251461177133
700.0 0.007741825538687408
701.0 0.007387445657514036
702.0 0.007033065048744902
703.0 0.006344176654238254
704.0 0.005655287895933725
705.0 0.005028082159697078
706.0 0.0044008775148540735
707.0 0.004122354584978893
708.0 0.0038438316551037133
709.0 0.0041997689550044015
710.0 0.00455570625490509
711.0 0.004013789293821901
712.0 0.003471873060334474
713.0 0.0025500741685391404
714.0 0.001628275276743807
715.0 0.0022139025531942025
716.0 0.002799529829644598
717.0 0.0024694871171959676
718.0 0.0021394442228483967
719.0 0.0016792635506135412
720.0 0.0012190824236313347
721.0 0.0011332102076266892
722.0 0.0010473378097231034
723.0 0.0009916736416926142
724.0 0.0009360095646115951
725.0 0.0013123671124048997
726.0 0.0016887248420971446
727.0 0.0016856263755471446
728.0 0.0016825273633003235
729.0 0.001716137194307521
730.0 0.0017497468434157781
731.0 0.00136380476760678
732.0 0.000977862873696722
733.0 0.001053136384143727
734.0 0.0011284098945907317
735.0 0.0011436784916440956
736.0 0.0011589467248995788
737.0 0.001302686632698169
738.0 0.0014464263585978188
739.0 0.001166500624094624
740.0 0.0008865749805408996
741.0 0.0011135987733723596
742.0 0.0013406225662038196
743.0 0.0016453186617582105
744.0 0.0019500146663631313
745.0 0.0013820181266055442
746.0 0.0008140215868479572
747.0 0.001233747934747953
748.0 0.0016534742826479487
749.0 0.002279884574818425
750.0 0.002906294866988901
751.0 0.003026213016710244
752.0 0.003146130984532647
753.0 0.0030250370400608517
754.0 0.0029039430955890566
755.0 0.001926295408338774
756.0 0.0009486479029874317
757.0 0.001830194378271699
758.0 0.0027117410354549065
759.0 0.0027426516680861823
760.0 0.0027735621188185178
761.0 0.0045166860218159854
762.0 0.006259809015318751
763.0 0.005712782513001002
764.0 0.005165756738279015
765.0 0.005270195833873004
766.0 0.005374636020860635
767.0 0.0046232351451180875
768.0 0.003871834633173421
769.0 0.0036377772630658
770.0 0.003403719892958179
771.0 0.0040138525946531445
772.0 0.004623984568752348
773.0 0.003979728717240505
774.0 0.0033354725019307807
775.0 1.6987158207859565e-10
776.0 0.07892643916420639
777.0 0.12821847340092063
778.0 0.09126195800490677
779.0 0.099901482462883
780.0 0.0870749878231436
781.0 1.6987158207859565e-10
782.0 1.6987158207859565e-10
783.0 0.04836891021113843
784.0 0.050061597721651196
785.0 1.6987158207859565e-10
786.0 1.6987158207859565e-10
787.0 0.02400008961558342
788.0 1.6987158207859565e-10
789.0 1.6987158207859565e-10
790.0 1.6987158207859565e-10
791.0 0.07486019167117774
792.0 1.6987158207859565e-10
793.0 0.0033590749808354303
794.0 0.04072792362421751
795.0 1.6987158207859565e-10
796.0 0.15262059168890119
797.0 0.060638802824541926
798.0 0.26809165719896555
799.0 0.3120733890682459
800.0 0.3836376126855612
801.0 0.8484973572194576
802.0 1.2544037774205208
803.0 2.0806681364774704
804.0 3.1317513436079025
805.0 4.628297314047813
806.0 6.587465852499008
807.0 9.022501111030579
808.0 11.527229845523834
809.0 14.62564766407013
810.0 18.035614490509033
811.0 20.811443030834198
812.0 24.125632643699646
813.0 28.17564308643341
814.0 32.526615262031555
815.0 37.988048791885376
816.0 43.55669617652893
817.0 49.89725947380066
818.0 56.71491622924805
819.0 63.06678652763367
820.0 70.97553610801697
821.0 77.57996320724487
822.0 83.3084762096405
823.0 87.16054558753967
824.0 91.40087366104126
825.0 94.66044306755066
826.0 96.44768238067627
827.0 97.81558513641357
828.0 99.15778040885925
829.0 98.95116686820984
830.0 98.7591028213501
831.0 98.81364703178406
832.0 98.24163913726807
833.0 99.70267415046692
834.0 98.39039444923401
835.0 98.91822338104248
836.0 99.08534288406372
837.0 99.14736747741699
838.0 97.97579646110535
839.0 98.2228696346283
840.0 98.63712191581726
841.0 99.4296133518219
842.0 99.20953512191772
843.0 99.6529221534729
844.0 97.80908226966858
845.0 98.32597374916077
846.0 98.88037443161011
847.0 98.99904131889343
848.0 99.63541626930237
849.0 98.65176677703857
850.0 98.18782806396484
851.0 99.20987486839294
852.0 98.97143244743347
853.0 98.49835634231567
854.0 99.94627833366394
855.0 98.37004542350769
856.0 98.81494641304016
857.0 98.08185696601868
858.0 98.50499629974365
859.0 99.07248616218567
860.0 98.45924973487854
861.0 99.03834462165833
862.0 98.95047545433044
863.0 98.66584539413452
864.0 99.41072463989258
865.0 99.67226982116699
866.0 98.20752143859863
867.0 99.30624961853027
868.0 99.40504431724548
869.0 98.70440363883972
870.0 98.0301558971405
871.0 98.5784113407135
872.0 99.11142587661743
873.0 99.16226267814636
874.0 99.59043264389038
875.0 99.01144504547119
876.0 99.09501075744629
877.0 99.66281056404114
878.0 98.78052473068237
879.0 98.45893383026123
880.0 98.20460677146912
881.0 100.06728172302246
882.0 98.71407747268677
883.0 98.64677786827087
884.0 98.93980622291565
885.0 98.88721704483032
886.0 98.70674014091492
887.0 98.37139844894409
888.0 98.62285852432251
889.0 99.52298998832703
890.0 98.48363995552063
891.0 98.91330003738403
892.0 98.56017827987671
893.0 98.34392070770264
894.0 98.08037281036377
895.0 99.62179660797119
