lsstCam/transmission_filter_detector/r32_s02/z_20/19700101T000000.ecsv
# %ECSV 1.0
# ---
# datatype:
# - {name: wavelength, unit: nm, datatype: float32}
# - {name: efficiency, unit: '%', datatype: float64}
# meta: !!omap
# - {MODE: DETECTOR}
# - {TYPE: transmission_filter_detector}
# - {CALIBDATE: '1970-01-01T00:00:00'}
# - {INSTRUME: LSSTCam}
# - {OBSTYPE: transmission_filter_detector}
# - {CALIBCLS: lsst.ip.isr.IntermediateFilterDetectorTransmissionCurve}
# - {SOURCE: Materion (DM-46256)}
# - {DETECTOR: 137}
# - {FILTER: z_20}
# - {CALIB_ID: 'calibDate=1970-01-01T00:00:00 filter=z_20 detector=137'}
# - {DATE: '2025-04-02T15:59:49.274980'}
# - {CALIB_CREATION_DATE: '2025-04-02'}
# - {CALIB_CREATION_TIME: '15:59:49'}
# - __serialized_columns__:
#     efficiency:
#       __class__: astropy.units.quantity.Quantity
#       unit: !astropy.units.Unit {unit: '%'}
#       value: !astropy.table.SerializedColumn {name: efficiency}
#     wavelength:
#       __class__: astropy.units.quantity.Quantity
#       unit: !astropy.units.Unit {unit: nm}
#       value: !astropy.table.SerializedColumn {name: wavelength}
# schema: astropy-2.0
wavelength efficiency
300.0 0.30694121960550547
301.0 0.2979398937895894
302.0 0.2889385912567377
303.0 0.24306834675371647
304.0 0.19719810225069523
305.0 0.17665843479335308
306.0 0.1561187207698822
307.0 0.14292877167463303
308.0 0.12973879929631948
309.0 0.12982708867639303
310.0 0.12991537805646658
311.0 0.11963399592787027
312.0 0.10935261379927397
313.0 0.10668368777260184
314.0 0.10401475010439754
315.0 0.09353491477668285
316.0 0.08305507362820208
317.0 0.07605525897815824
318.0 0.0690554385073483
319.0 0.06771116750314832
320.0 0.06636689649894834
321.0 0.06063641048967838
322.0 0.05490591865964234
323.0 0.05424093687906861
324.0 0.053575949277728796
325.0 0.04780009912792593
326.0 0.04202424606774002
327.0 0.04035406745970249
328.0 0.03868388303089887
329.0 0.0375572795746848
330.0 0.03643067611847073
331.0 0.03516855067573488
332.0 0.03390642232261598
333.0 0.03144989314023405
334.0 0.028993363957852125
335.0 0.028197196661494672
336.0 0.02740102936513722
337.0 0.023100574617274106
338.0 0.018800116959027946
339.0 0.01932710874825716
340.0 0.019854101992677897
341.0 0.01875177549663931
342.0 0.017649447545409203
343.0 0.016868746024556458
344.0 0.016088041593320668
345.0 0.01471615832997486
346.0 0.013344270701054484
347.0 0.014011247549206018
348.0 0.014678224397357553
349.0 0.014437978097703308
350.0 0.01419773034285754
351.0 0.013458688044920564
352.0 0.01271964720217511
353.0 0.014305050717666745
354.0 0.015890455688349903
355.0 0.013726961333304644
356.0 0.011563466250663623
357.0 0.0109484615677502
358.0 0.010333456884836778
359.0 0.01038593181874603
360.0 0.010438407480251044
361.0 0.010075666796183214
362.0 0.00971292975009419
363.0 0.008842017996357754
364.0 0.007971106970217079
365.0 0.00784693329478614
366.0 0.007722759619355202
367.0 0.008100095146801323
368.0 0.008477432129438967
369.0 0.008790836727712303
370.0 0.009104239870794117
371.0 0.008453316695522517
372.0 0.007802391337463632
373.0 0.007212450145743787
374.0 0.006622508226428181
375.0 0.006152109563117847
376.0 0.005681711991201155
377.0 0.005754152880399488
378.0 0.005826594133395702
379.0 0.005549023626372218
380.0 0.005271453119348735
381.0 0.005541085192817263
382.0 0.005810717266285792
383.0 0.005298817268339917
384.0 0.0047869179979898036
385.0 0.004465918027563021
386.0 0.004144917693338357
387.0 0.004436273957253434
388.0 0.004727630221168511
389.0 0.0046414970711339265
390.0 0.004555363921099342
391.0 0.003972773993154988
392.0 0.003390184065210633
393.0 0.00392475922126323
394.0 0.004459334377315827
395.0 0.004214392538415268
396.0 0.003969450335716829
397.0 0.004038701445097104
398.0 0.004107951826881617
399.0 0.00424337231379468
400.0 0.004378793528303504
401.0 0.00442100026702974
402.0 0.004463207733351737
403.0 0.004461972275748849
404.0 0.00446073645434808
405.0 0.004041763531859033
406.0 0.003622790245572105
407.0 0.0036444092984311283
408.0 0.003666028715088032
409.0 0.0030538212740793824
410.0 0.0024416138330707327
411.0 0.0029051767342025414
412.0 0.003368739999132231
413.0 0.003214492608094588
414.0 0.0030602448532590643
415.0 0.0037854617403354496
416.0 0.004510678627411835
417.0 0.003713803380378522
418.0 0.0029169279514462687
419.0 0.0031267376471078023
420.0 0.003336546797072515
421.0 0.0037451787648024037
422.0 0.004153810732532293
423.0 0.004221586277708411
424.0 0.004289361459086649
425.0 0.0033939551940420642
426.0 0.0024985489289974794
427.0 0.00281649536191253
428.0 0.0031344414310296997
429.0 0.0027679692720994353
430.0 0.002401497113169171
431.0 0.0016635684005450457
432.0 0.00092563941507251
433.0 0.0017822338122641668
434.0 0.0026388281185063533
435.0 0.0027395379220251925
436.0 0.002840247361746151
437.0 0.002646674147399608
438.0 0.0024531007511541247
439.0 0.002422766192466952
440.0 0.002392431633779779
441.0 0.0023943628548295237
442.0 0.002396293893980328
443.0 0.002453779052302707
444.0 0.0025112640287261456
445.0 0.0027374710043659434
446.0 0.0029636781619046815
447.0 0.002933721953013446
448.0 0.0029037659260211512
449.0 0.0022003139747539535
450.0 0.0014968619325372856
451.0 0.0019370010704733431
452.0 0.00237713993556099
453.0 0.0020476194549701177
454.0 0.0017180991562781855
455.0 0.0018011493011726998
456.0 0.0018841998098650947
457.0 0.0016844742276589386
458.0 0.0014847484635538422
459.0 0.0019032768250326626
460.0 0.0023218050046125427
461.0 0.0018090211597154848
462.0 0.0012962376786163077
463.0 0.00142435819725506
464.0 0.0015524787158938125
465.0 0.0013889926776755601
466.0 0.0012255068213562481
467.0 0.0012836530913773458
468.0 0.0013417993613984436
469.0 0.0011322073987685144
470.0 0.0009226155270880554
471.0 0.0010902132089540828
472.0 0.0012578109817695804
473.0 0.001219532532559242
474.0 0.0011812542652478442
475.0 0.001343765325145796
476.0 0.0015062762031448074
477.0 0.0014222468962543644
478.0 0.0013382175893639214
479.0 0.0016726387912058271
480.0 0.002007060538744554
481.0 0.0014515550901705865
482.0 0.0008960497325460892
483.0 0.001007088849291904
484.0 0.001118128147936659
485.0 0.0013121376468916424
486.0 0.0015061470548971556
487.0 0.0016499134289915673
488.0 0.001793679803085979
489.0 0.00205493070097873
490.0 0.002316181780770421
491.0 0.0019760916984523647
492.0 0.0016360017980332486
493.0 0.0016903331925277598
494.0 0.001744665132719092
495.0 0.0015890029317233711
496.0 0.0014333404578792397
497.0 0.0015982364857336506
498.0 0.0017631326045375317
499.0 0.0015596262528561056
500.0 0.0013561196283262689
501.0 0.0010633570127538405
502.0 0.0007705944881308824
503.0 0.0010456546988280024
504.0 0.0013207150914240628
505.0 0.001749494367686566
506.0 0.0021782734620501287
507.0 0.0015248810086632147
508.0 0.0008714884643268306
509.0 0.001089993293135194
510.0 0.001308498303842498
511.0 0.0013477474567480385
512.0 0.001386996518704109
513.0 0.0012535491805465426
514.0 0.0011201019333384465
515.0 0.0010328746611776296
516.0 0.0009456472071178723
517.0 0.0010909503544098698
518.0 0.0012362535017018672
519.0 0.0012722587598545942
520.0 0.001308263927057851
521.0 0.001321825766353868
522.0 0.0013353875147004146
523.0 0.0012087360119039658
524.0 0.001082084418158047
525.0 0.001093622086045798
526.0 0.0011051596629840788
527.0 0.0011297280252620112
528.0 0.0011542963875399437
529.0 0.001400174278387567
530.0 0.0016460522601846606
531.0 0.0016289504856104031
532.0 0.001611848892935086
533.0 0.0013764020877715666
534.0 0.0011409553735575173
535.0 0.0011563886801013723
536.0 0.0011718219866452273
537.0 0.0014010323866386898
538.0 0.001630242695682682
539.0 0.0014570651728718076
540.0 0.0012838871953135822
541.0 0.0011994300621154252
542.0 0.001114972747018328
543.0 0.0010383702829130925
544.0 0.0009617677278583869
545.0 0.0011764688679249957
546.0 0.0013911700079916045
547.0 0.0016395422790083103
548.0 0.0018879147319239564
549.0 0.0018116254068445414
550.0 0.0017353357179672457
551.0 0.0018777582226903178
552.0 0.0020201810912112705
553.0 0.0022232929040910676
554.0 0.0024264047169708647
555.0 0.001764242369972635
556.0 0.0011020801139238756
557.0 0.001072958912118338
558.0 0.0010438380741106812
559.0 0.0009847113688010722
560.0 0.0009255846634914633
561.0 0.0010092046068166383
562.0 0.0010928245501418132
563.0 0.0012766648069373332
564.0 0.001460504972783383
565.0 0.0017355534509988502
566.0 0.0020106019292143174
567.0 0.002214477353845723
568.0 0.002418352960376069
569.0 0.002506136843294371
570.0 0.0025939205443137325
571.0 0.0023724633138044737
572.0 0.002151006083295215
573.0 0.0018580367395770736
574.0 0.0015650675777578726
575.0 0.001723496097838506
576.0 0.0018819246179191396
577.0 0.0020888028302579187
578.0 0.0022956808606977575
579.0 0.0021705014660255983
580.0 0.0020453220713534392
581.0 0.0020287556253606454
582.0 0.0020121891793678515
583.0 0.002027666960202623
584.0 0.002043144741037395
585.0 0.002275261067552492
586.0 0.002507377394067589
587.0 0.0020449693693080917
588.0 0.0015825611626496539
589.0 0.0014780493074795231
590.0 0.001373537725157803
591.0 0.0015274514225893654
592.0 0.0016813655747682787
593.0 0.0012481284102250356
594.0 0.000814891518530203
595.0 0.000959737371886149
596.0 0.0011045833161915652
597.0 0.0008927243470679969
598.0 0.0006808653324696934
599.0 0.0009475561455474235
600.0 0.0012142470040998887
601.0 0.0011380794603610411
602.0 0.0010619119166221935
603.0 0.0013795664926874451
604.0 0.001697221159702167
605.0 0.0014132961950963363
606.0 0.001129371412389446
607.0 0.0011021789759979583
608.0 0.0010749865396064706
609.0 0.0011136893590446562
610.0 0.0011523921784828417
611.0 0.0012062811947544105
612.0 0.0012601702110259794
613.0 0.0012190961570013314
614.0 0.0011780222848756239
615.0 0.0012764703569700941
616.0 0.0013749183381150942
617.0 0.0013215377293818165
618.0 0.001268157302547479
619.0 0.0015062761121953372
620.0 0.0017443948308937252
621.0 0.0019075991076533683
622.0 0.0020708030206151307
623.0 0.0015071047528181225
624.0 0.000943406303122174
625.0 0.0011813170203822665
626.0 0.0014192276466928888
627.0 0.0015856203390285373
628.0 0.001752013122313656
629.0 0.0017928032320924103
630.0 0.0018335933418711647
631.0 0.0022807929781265557
632.0 0.0027279926143819466
633.0 0.0029755123250652105
634.0 0.0032230320357484743
635.0 0.005798566053272225
636.0 0.008374101162189618
637.0 0.01499836944276467
638.0 0.021622638450935483
639.0 0.019983424863312393
640.0 0.01834421418607235
641.0 0.015797431115061045
642.0 0.013250646588858217
643.0 0.009583844075677916
644.0 0.005917040471103974
645.0 0.006337012746371329
646.0 0.006756985385436565
647.0 0.006575870793312788
648.0 0.006394756928784773
649.0 0.005008867083233781
650.0 0.003622977965278551
651.0 0.003693120743264444
652.0 0.003763263885048218
653.0 0.0031948566174833104
654.0 0.002626449531817343
655.0 0.002464359386067372
656.0 0.0023022692403174005
657.0 0.0025689276299090125
658.0 0.002835585837601684
659.0 0.002152698471036274
660.0 0.001469811104470864
661.0 0.0018485166947357357
662.0 0.002227222103101667
663.0 0.0020635676264646463
664.0 0.0018999131498276256
665.0 0.0018361521142651327
666.0 0.0017723910787026398
667.0 0.001932834493345581
668.0 0.002093277907988522
669.0 0.0017518550521344878
670.0 0.0014104321053309832
671.0 0.0015416211681440473
672.0 0.0016728101400076412
673.0 0.0014509149877994787
674.0 0.0012290199265407864
675.0 0.0011236774298595265
676.0 0.0010183348422287963
677.0 0.0013905447303841356
678.0 0.0017627549823373556
679.0 0.0016297010006383061
680.0 0.0014966471098887268
681.0 0.001984395748877432
682.0 0.0024721444788156077
683.0 0.0026696490749600343
684.0 0.0028671534892055206
685.0 0.002531462268962059
686.0 0.002195770684920717
687.0 0.001799478559405543
688.0 0.0014031864338903688
689.0 0.0020244229745003395
690.0 0.00264565933321137
691.0 0.0023756330847390927
692.0 0.0021056066543678753
693.0 0.0022916323359822854
694.0 0.002477658199495636
695.0 0.0030089393476373516
696.0 0.003540220859576948
697.0 0.0037509129469981417
698.0 0.003961604670621455
699.0 0.005409574441728182
700.0 0.006857544940430671
701.0 0.007069929415592924
702.0 0.007282313163159415
703.0 0.00658703429508023
704.0 0.005891754335607402
705.0 0.0049173195293406025
706.0 0.003942885450669564
707.0 0.0034622429666342214
708.0 0.002981600664497819
709.0 0.003763270433410071
710.0 0.004544940748019144
711.0 0.0043118634494021535
712.0 0.0040787868783809245
713.0 0.003162413486279547
714.0 0.0022460397303802893
715.0 0.002333249904040713
716.0 0.0024204597139032558
717.0 0.0019662000340758823
718.0 0.0015119401723495685
719.0 0.0016490712368977256
720.0 0.0017862023014458828
721.0 0.0016012578271329403
722.0 0.0014163130799715873
723.0 0.001829823486332316
724.0 0.002243334165541455
725.0 0.0015691288353991695
726.0 0.0008949237781052943
727.0 0.0009336607035947964
728.0 0.0009723977200337686
729.0 0.0010064124580821954
730.0 0.0010404271961306222
731.0 0.0009391689673066139
732.0 0.0008379108294320758
733.0 0.0011931247172469739
734.0 0.001548338696011342
735.0 0.0016437234080513008
736.0 0.0017391083019901998
737.0 0.0015720092051196843
738.0 0.0014049098354007583
739.0 0.0015129275197978131
740.0 0.0016209452951443382
741.0 0.00162488086061785
742.0 0.0016288166079903021
743.0 0.0017199639842147008
744.0 0.001811111178540159
745.0 0.0020058687368873507
746.0 0.0022006262952345423
747.0 0.0022398598957806826
748.0 0.002279093678225763
749.0 0.0028229314921190962
750.0 0.00336676966981031
751.0 0.0029195041861385107
752.0 0.0024722387024667114
753.0 0.002596703234303277
754.0 0.0027211677661398426
755.0 0.0020473604308790527
756.0 0.0013735532775172032
757.0 0.002007939292525407
758.0 0.0026423256713314913
759.0 0.002889868846978061
760.0 0.00313741184072569
761.0 0.0048336867621401325
762.0 0.006529962411150336
763.0 0.006278432556428015
764.0 0.006026903793099336
765.0 0.005109808262204751
766.0 0.00419271455029957
767.0 0.004097227065358311
768.0 0.004001740308012813
769.0 0.0048002526455093175
770.0 0.005598765346803702
771.0 0.005307423634803854
772.0 0.005016082286601886
773.0 0.004518246714724228
774.0 0.00402041150664445
775.0 1.5790802910045643e-10
776.0 0.013541447697207332
777.0 1.5790802910045643e-10
778.0 0.07992206374183297
779.0 0.02644710475578904
780.0 0.04667808243539184
781.0 0.014900216774549335
782.0 0.10918742045760155
783.0 0.09413070511072874
784.0 0.00742728661862202
785.0 1.5790802910045643e-10
786.0 0.05940256523899734
787.0 0.06168455583974719
788.0 0.0918909558095038
789.0 0.15140976756811142
790.0 0.011390380677767098
791.0 0.034383442834950984
792.0 0.07743564201518893
793.0 0.09287431603297591
794.0 1.5790802910045643e-10
795.0 0.009757617954164743
796.0 0.00284292473224923
797.0 0.09503236506134272
798.0 0.029214750975370407
799.0 0.10666635353118181
800.0 0.00828475967864506
801.0 0.1852201297879219
802.0 0.382248405367136
803.0 0.5695361644029617
804.0 1.145912241190672
805.0 1.5133753418922424
806.0 2.529439888894558
807.0 3.8827624171972275
808.0 5.616322904825211
809.0 7.790498435497284
810.0 10.357100516557693
811.0 13.465410470962524
812.0 16.698633134365082
813.0 19.71549242734909
814.0 22.254443168640137
815.0 25.428789854049683
816.0 29.389628767967224
817.0 34.35695767402649
818.0 39.761120080947876
819.0 44.92563605308533
820.0 52.1603524684906
821.0 59.25750136375427
822.0 66.29557609558105
823.0 72.62218594551086
824.0 78.72936129570007
825.0 84.2265784740448
826.0 88.59939575195312
827.0 92.60073900222778
828.0 95.94184160232544
829.0 97.58504033088684
830.0 98.57687950134277
831.0 99.11554455757141
832.0 98.9029049873352
833.0 99.90830421447754
834.0 98.60201478004456
835.0 99.67852830886841
836.0 99.55899715423584
837.0 99.43934082984924
838.0 98.37999939918518
839.0 98.89971017837524
840.0 99.12334680557251
841.0 100.18984079360962
842.0 99.75507855415344
843.0 100.13986825942993
844.0 98.4036922454834
845.0 99.21268820762634
846.0 99.18742179870605
847.0 98.84589314460754
848.0 100.29475688934326
849.0 98.9804208278656
850.0 98.40421080589294
851.0 99.1692841053009
852.0 99.62292313575745
853.0 98.85216951370239
854.0 99.88158941268921
855.0 98.78223538398743
856.0 98.8933801651001
857.0 98.37034940719604
858.0 98.93237948417664
859.0 99.38838481903076
860.0 98.86994957923889
861.0 99.1665780544281
862.0 99.18162822723389
863.0 98.57202172279358
864.0 99.68621730804443
865.0 99.84356760978699
866.0 98.90903830528259
867.0 99.57457184791565
868.0 99.68239665031433
869.0 98.90254735946655
870.0 98.58089685440063
871.0 99.16113018989563
872.0 99.51876401901245
873.0 99.36810731887817
874.0 99.90138411521912
875.0 99.41439032554626
876.0 99.29794669151306
877.0 99.342942237854
878.0 99.39850568771362
879.0 98.83383512496948
880.0 98.7847626209259
881.0 100.2453088760376
882.0 99.28668141365051
883.0 99.35344457626343
884.0 99.3760883808136
885.0 99.51823353767395
886.0 99.02387857437134
887.0 99.18873310089111
888.0 99.48606491088867
889.0 99.71062541007996
890.0 98.88009428977966
891.0 99.64514374732971
892.0 99.09271001815796
893.0 98.95797371864319
894.0 98.56834411621094
895.0 99.96259808540344
896.0 99.32206273078918
