lsstCam/transmission_filter_detector/r32_s02/z_20/19700101T000000.ecsv
# %ECSV 1.0
# ---
# datatype:
# - {name: wavelength, unit: nm, datatype: float32}
# - {name: efficiency, unit: '%', datatype: float64}
# meta: !!omap
# - {MODE: DETECTOR}
# - {TYPE: transmission_filter_detector}
# - {CALIBDATE: '1970-01-01T00:00:00'}
# - {INSTRUME: LSSTCam}
# - {OBSTYPE: transmission_filter_detector}
# - {CALIBCLS: lsst.ip.isr.IntermediateFilterDetectorTransmissionCurve}
# - {SOURCE: Materion (DM-46256)}
# - {DETECTOR: 137}
# - {FILTER: z_20}
# - {CALIB_ID: 'calibDate=1970-01-01T00:00:00 filter=z_20 detector=137'}
# - {DATE: '2025-04-02T15:59:49.274980'}
# - {CALIB_CREATION_DATE: '2025-04-02'}
# - {CALIB_CREATION_TIME: '15:59:49'}
# - __serialized_columns__:
#     efficiency:
#       __class__: astropy.units.quantity.Quantity
#       unit: !astropy.units.Unit {unit: '%'}
#       value: !astropy.table.SerializedColumn {name: efficiency}
#     wavelength:
#       __class__: astropy.units.quantity.Quantity
#       unit: !astropy.units.Unit {unit: nm}
#       value: !astropy.table.SerializedColumn {name: wavelength}
# schema: astropy-2.0
wavelength efficiency
[from data line 598]
898.0 99.13347363471985
899.0 98.71739745140076
900.0 99.20748472213745
901.0 99.67230558395386
902.0 99.33861494064331
903.0 99.11611080169678
904.0 98.0955719947815
905.0 98.86118173599243
906.0 98.48679900169373
907.0 99.01330471038818
908.0 98.29815626144409
909.0 98.57732653617859
910.0 98.01020622253418
911.0 97.21298217773438
912.0 96.30292654037476
913.0 95.18662691116333
914.0 92.82944798469543
915.0 90.79493880271912
916.0 88.74751925468445
917.0 87.06076145172119
918.0 83.78424048423767
919.0 82.72925019264221
920.0 79.50836420059204
921.0 75.94918012619019
922.0 71.76332473754883
923.0 66.0760760307312
924.0 60.80896854400635
925.0 55.31069040298462
926.0 49.32001531124115
927.0 42.36849546432495
928.0 36.69741451740265
929.0 30.224794149398804
930.0 24.514077603816986
931.0 19.469088315963745
932.0 13.936370611190796
933.0 9.486091881990433
934.0 6.176417320966721
935.0 3.890489414334297
936.0 2.20496766269207
937.0 1.4212976209819317
938.0 0.8846944198012352
939.0 0.4448226187378168
940.0 0.373009848408401
941.0 0.15628006076440215
942.0 0.14886765275150537
943.0 1.5790802910045643e-10
944.0 0.02035038050962612
945.0 1.5790802910045643e-10
946.0 0.14462772523984313
947.0 1.5790802910045643e-10
948.0 0.019803356553893536
949.0 1.5790802910045643e-10
950.0 1.5790802910045643e-10
951.0 1.5790802910045643e-10
952.0 0.06480293232016265
953.0 0.011516170343384147
954.0 0.14741470804437995
955.0 1.5790802910045643e-10
956.0 1.5790802910045643e-10
957.0 1.5790802910045643e-10
958.0 0.03588066028896719
959.0 1.5790802910045643e-10
960.0 1.5790802910045643e-10
961.0 0.036272627767175436
962.0 1.5790802910045643e-10
963.0 1.5790802910045643e-10
964.0 1.5790802910045643e-10
965.0 0.008272440754808486
966.0 1.5790802910045643e-10
967.0 1.5790802910045643e-10
968.0 0.02262053021695465
969.0 0.019950153364334255
970.0 0.02391472371527925
971.0 0.02026548027060926
972.0 1.5790802910045643e-10
973.0 0.07524405955336988
974.0 1.5790802910045643e-10
975.0 0.00306822475977242
976.0 0.006576048326678574
977.0 0.0066037464421242476
978.0 0.006631444557569921
979.0 0.006359370308928192
980.0 0.006087295696488582
981.0 0.005941881681792438
982.0 0.005796466939500533
983.0 0.005707768650609069
984.0 0.005619070725515485
985.0 0.005497028541867621
986.0 0.005374986358219758
987.0 0.005358765338314697
988.0 0.005342544682207517
989.0 0.005180346124689095
990.0 0.005018147930968553
991.0 0.00500828682561405
992.0 0.004998425720259547
993.0 0.004876077946391888
994.0 0.004753730536322109
995.0 0.004729464853880927
996.0 0.004705198807641864
997.0 0.0046492252295138314
998.0 0.004593250923790038
999.0 0.004578630250762217
1000.0 0.004564009577734396
1001.0 0.004501936928136274
1002.0 0.004439864642336033
1003.0 0.0044509222789201885
1004.0 0.004461979551706463
1005.0 0.004526484553935006
1006.0 0.004590989556163549
1007.0 0.004601885302690789
1008.0 0.0046127814130159095
1009.0 0.004524177711573429
1010.0 0.004435574737726711
1011.0 0.0044306754716672
1012.0 0.00442577620560769
1013.0 0.004462195647647604
1014.0 0.0044986154534853995
1015.0 0.004503534364630468
1016.0 0.004508452911977656
1017.0 0.004514460306381807
1018.0 0.004520467700785957
1019.0 0.004541281668934971
1020.0 0.004562096000881866
1021.0 0.004647906462196261
1022.0 0.004733716923510656
1023.0 0.004663657455239445
1024.0 0.004593598350766115
1025.0 0.004563509355648421
1026.0 0.004533420724328607
1027.0 0.004641973282559775
1028.0 0.004750525840790942
1029.0 0.004729047213913873
1030.0 0.004707568587036803
1031.0 0.004769275983562693
1032.0 0.004830983016290702
1033.0 0.0049110512918559834
1034.0 0.004991119203623384
1035.0 0.005083416181150824
1036.0 0.005175713158678263
1037.0 0.0053436539019458
1038.0 0.005511594645213336
1039.0 0.005613981920760125
1040.0 0.005716369196306914
1041.0 0.005712140773539431
1042.0 0.005707911986974068
1043.0 0.005944433723925613
1044.0 0.006180955097079277
1045.0 0.006247077544685453
1046.0 0.006313199992291629
1047.0 0.006429642235161737
1048.0 0.0065460837504360825
1049.0 0.006633537850575522
1050.0 0.006720990495523438
1051.0 0.006880317960167304
1052.0 0.007039644697215408
1053.0 0.0073326315032318234
1054.0 0.007625619036844
1055.0 0.007577957876492292
1056.0 0.007530296716140583
1057.0 0.007832419942133129
1058.0 0.008134543168125674
1059.0 0.008284341311082244
1060.0 0.008434138726443052
1061.0 0.008694944699527696
1062.0 0.008955752127803862
1063.0 0.009402000432601199
1064.0 0.009848250192590058
1065.0 0.01019259580061771
1066.0 0.0105369406810496
1067.0 0.010278309491695836
1068.0 0.010019678302342072
1069.0 0.01029067934723571
1070.0 0.010561679664533585
1071.0 0.01086765987565741
1072.0 0.011173640086781234
1073.0 0.01158092636615038
1074.0 0.011988211917923763
1075.0 0.011907124280696735
1076.0 0.011826036643469706
1077.0 0.012555504508782178
1078.0 0.013284974556881934
1079.0 0.013469131954479963
1080.0 0.013653287896886468
1081.0 0.014429539442062378
1082.0 0.015205788076855242
1083.0 0.015412081847898662
1084.0 0.01561837998451665
1085.0 0.015409576008096337
1086.0 0.015200772031676024
1087.0 0.016196491196751595
1088.0 0.017192211817018688
1089.0 0.01707221381366253
1090.0 0.01695221581030637
1091.0 0.01719248975859955
1092.0 0.01743276516208425
1093.0 0.018488171917852014
1094.0 0.019543581584002823
1095.0 0.020132151257712394
1096.0 0.020720716565847397
1097.0 0.021065928740426898
1098.0 0.021411139459814876
1099.0 0.02165880869142711
1100.0 0.021906477923039347
1101.0 0.023033071192912757
1102.0 0.024159664462786168
1103.0 0.025083235232159495
1104.0 0.0260068045463413
1105.0 0.026366367819719017
1106.0 0.02672593400347978
1107.0 0.0271320081083104
1108.0 0.02753808512352407
1109.0 0.02839363005477935
1110.0 0.02924917498603463
1111.0 0.02954892406705767
1112.0 0.029848676058463752
1113.0 0.030967718339525163
1114.0 0.032086760620586574
1115.0 0.03231307782698423
1116.0 0.03253939503338188
1117.0 0.03400017158128321
1118.0 0.035460953949950635
1119.0 0.03707643481902778
1120.0 0.03869191859848797
1121.0 0.04014266887679696
1122.0 0.0415934162447229
1123.0 0.04268466436769813
1124.0 0.04377591249067336
1125.0 0.04548654251266271
1126.0 0.04719716962426901
1127.0 0.0486115604871884
1128.0 0.0500259455293417
1129.0 0.05254200077615678
1130.0 0.05505805602297187
1131.0 0.05945692537352443
1132.0 0.06385579472407699
1133.0 0.06460112635977566
1134.0 0.06534646381624043
1135.0 0.06969454698264599
1136.0 0.07404263596981764
1137.0 0.07898489129729569
1138.0 0.08392715826630592
1139.0 0.08614884573034942
1140.0 0.08837053901515901
1141.0 0.10204761056229472
1142.0 0.11572467628866434
1143.0 0.1461046515032649
1144.0 0.17648465000092983
1145.0 0.36439651157706976
1146.0 0.5523083731532097
1147.0 1.0694613680243492
1148.0 1.5866145491600037
1149.0 1.6653021797537804
1150.0 1.7439903691411018
