lsstCam/transmission_filter_detector/r02_s11/r_57/19700101T000000.ecsv
# %ECSV 1.0
# ---
# datatype:
# - {name: wavelength, unit: nm, datatype: float32}
# - {name: efficiency, unit: '%', datatype: float64}
# meta: !!omap
# - {MODE: DETECTOR}
# - {TYPE: transmission_filter_detector}
# - {CALIBDATE: '1970-01-01T00:00:00'}
# - {INSTRUME: LSSTCam}
# - {OBSTYPE: transmission_filter_detector}
# - {CALIBCLS: lsst.ip.isr.IntermediateFilterDetectorTransmissionCurve}
# - {SOURCE: Materion (DM-46256)}
# - {DETECTOR: 13}
# - {FILTER: r_57}
# - {CALIB_ID: 'calibDate=1970-01-01T00:00:00 filter=r_57 detector=13'}
# - {DATE: '2025-04-02T15:59:44.245330'}
# - {CALIB_CREATION_DATE: '2025-04-02'}
# - {CALIB_CREATION_TIME: '15:59:44'}
# - __serialized_columns__:
#     efficiency:
#       __class__: astropy.units.quantity.Quantity
#       unit: !astropy.units.Unit {unit: '%'}
#       value: !astropy.table.SerializedColumn {name: efficiency}
#     wavelength:
#       __class__: astropy.units.quantity.Quantity
#       unit: !astropy.units.Unit {unit: nm}
#       value: !astropy.table.SerializedColumn {name: wavelength}
# schema: astropy-2.0
wavelength efficiency
[from data line 603]
903.0 1.6357509964592953e-10
904.0 1.6357509964592953e-10
905.0 2.6582108603179222e-05
906.0 1.6357509964592953e-10
907.0 1.6357509964592953e-10
908.0 1.6357509964592953e-10
909.0 1.6357509964592953e-10
910.0 1.6357509964592953e-10
911.0 1.6357509964592953e-10
912.0 1.6357509964592953e-10
913.0 1.6357509964592953e-10
914.0 1.6357509964592953e-10
915.0 6.635705176449846e-05
916.0 2.72067779860663e-05
917.0 1.6357509964592953e-10
918.0 5.3296707847039215e-05
919.0 0.00011853684327434166
920.0 3.926746217075561e-05
921.0 1.6357509964592953e-10
922.0 8.339117698596965e-05
923.0 0.00020678428427345352
924.0 0.00018970069959323155
925.0 0.00017261712628169334
926.0 0.0001677939167166187
927.0 0.0001629707298889116
928.0 0.0001774154270606232
929.0 0.000191860112863651
930.0 0.00023176203285402153
931.0 0.0002716639755817596
932.0 0.00010522504680920974
933.0 1.6357509964592953e-10
934.0 7.272576567629585e-05
935.0 0.00020666534510382917
936.0 0.0002493272177161998
937.0 0.00029198909032857046
938.0 0.0003192584244970931
939.0 0.0003465277586656157
940.0 0.000329326599057822
941.0 0.0003121254167126608
942.0 0.0004259275556250941
943.0 0.00053972976274963
944.0 0.0003868555722874589
945.0 0.00023398149551212555
946.0 0.0002607222540973453
947.0 0.0002874629899451975
948.0 0.00042806982492038514
949.0 0.000568676750845043
950.0 0.0005367926405597245
951.0 0.0005049084393249359
952.0 0.000667694121148088
953.0 0.0008304798939207103
954.0 0.0011316888048895635
955.0 0.0014328979887068272
956.0 0.001504168631072389
957.0 0.0015754392734379508
958.0 0.0017319840480922721
959.0 0.0018885291865444742
960.0 0.0019718845578609034
961.0 0.002055240111076273
962.0 0.002234407656942494
963.0 0.002413575566606596
964.0 0.0024403492716373876
965.0 0.0024671227947692387
966.0 0.002444775600451976
967.0 0.002422428224235773
968.0 0.0023644057364435866
969.0 0.002306383612449281
970.0 0.0023766000595060177
971.0 0.0024468168703606352
972.0 0.0025360952349728905
973.0 0.002625373235787265
974.0 0.00287111870420631
975.0 0.0031168641726253554
976.0 0.0032137351809069514
977.0 0.003310605461592786
978.0 0.003199586717528291
979.0 0.003088567973463796
980.0 0.0030026341846678406
981.0 0.002916700759669766
982.0 0.0030424580472754315
983.0 0.003168215698678978
984.0 0.0031615210900781676
985.0 0.003154826845275238
986.0 0.003044854020117782
987.0 0.0029348810130613856
988.0 0.0026951745894621126
989.0 0.00245546834776178
990.0 0.002510411104594823
991.0 0.002565353861427866
992.0 0.0026129764592042193
993.0 0.002660599238879513
994.0 0.0027298296117805876
995.0 0.0027990592570859008
996.0 0.0028533011573017575
997.0 0.002907542875618674
998.0 0.003020426993316505
999.0 0.0031333111110143363
1000.0 0.0032625939638819546
1001.0 0.003391877544345334
1002.0 0.003607761755120009
1003.0 0.003823646329692565
1004.0 0.003950640166294761
1005.0 0.004077633639099076
1006.0 0.00428063576691784
1007.0 0.004483638258534484
1008.0 0.004448663094080985
1009.0 0.004413687565829605
1010.0 0.004399989848025143
1011.0 0.004386292130220681
1012.0 0.0043565756641328335
1013.0 0.004326859561842866
1014.0 0.004065952089149505
1015.0 0.003805043888860382
1016.0 0.003687974822241813
1017.0 0.0035709057556232437
1018.0 0.0031328578188549727
1019.0 0.0026948102458845824
1020.0 0.0022168496798258275
1021.0 0.0017388889318681322
1022.0 0.0015346333384513855
1023.0 0.001330377290287288
1024.0 0.0013960407159174792
1025.0 0.0014617044143960811
1026.0 0.0013695075722353067
1027.0 0.0012773104572261218
1028.0 0.0011749139048333745
1029.0 0.0010725172614911571
1030.0 0.001013758810586296
1031.0 0.0009549996320856735
1032.0 0.0009265148946724366
1033.0 0.0008980298844107892
1034.0 0.0008506143785780296
1035.0 0.0008031986908463296
1036.0 0.0009156143278232776
1037.0 0.0010280295100528747
1038.0 0.0008465027349302545
1039.0 0.0006649760962318396
1040.0 0.0007633099812665023
1041.0 0.0008616438208264299
1042.0 0.0009830619092099369
1043.0 0.0011044796337955631
1044.0 0.0009573892384651117
1045.0 0.0008102992978820112
1046.0 0.0009040612894750666
1047.0 0.0009978235539165325
1048.0 0.0008688501111464575
1049.0 0.0007398768502753228
1050.0 0.000728242866898654
1051.0 0.0007166087925725151
1052.0 0.0009759383829077706
1053.0 0.0012352677003946155
1054.0 0.0010903342626988888
1055.0 0.0009454007340536918
1056.0 0.0009906223567668349
1057.0 0.0010358443432778586
1058.0 0.0008161781806848012
1059.0 0.0005965120635664789
1060.0 0.0010099044629896525
1061.0 0.0014232964531402104
1062.0 0.0014953884601709433
1063.0 0.0015674804672016762
1064.0 0.0012607304597622715
1065.0 0.0009539801794744562
1066.0 0.001274848727916833
1067.0 0.00159571736730868
1068.0 0.0018108501535607502
1069.0 0.002025982212217059
1070.0 0.001471021823817864
1071.0 0.0009160612535197288
1072.0 0.001278105719393352
1073.0 0.001640150549064856
1074.0 0.002208660589531064
1075.0 0.0027771704480983317
1076.0 0.003153130819555372
1077.0 0.003529091554810293
1078.0 0.0039667273085797206
1079.0 0.004404363426147029
1080.0 0.004265428287908435
1081.0 0.00412649278587196
1082.0 0.003892139284289442
1083.0 0.0036577857827069238
1084.0 0.004510960934567265
1085.0 0.005364136086427607
1086.0 0.005158153362572193
1087.0 0.00495217100251466
1088.0 0.004844269642489962
1089.0 0.004736368282465264
1090.0 0.004693033042713068
1091.0 0.004649697802960873
1092.0 0.004038460610900074
1093.0 0.003427223055041395
1094.0 0.004101582453586161
1095.0 0.0047759414883330464
1096.0 0.0038270631193881854
1097.0 0.002878184568544384
1098.0 0.0022750777134206146
1099.0 0.001671970858296845
1100.0 0.0016963878806564026
1101.0 0.001720804357319139
