lsstCam/transmission_filter_detector/r02_s11/r_57/19700101T000000.ecsv
# %ECSV 1.0
# ---
# datatype:
# - {name: wavelength, unit: nm, datatype: float32}
# - {name: efficiency, unit: '%', datatype: float64}
# meta: !!omap
# - {MODE: DETECTOR}
# - {TYPE: transmission_filter_detector}
# - {CALIBDATE: '1970-01-01T00:00:00'}
# - {INSTRUME: LSSTCam}
# - {OBSTYPE: transmission_filter_detector}
# - {CALIBCLS: lsst.ip.isr.IntermediateFilterDetectorTransmissionCurve}
# - {SOURCE: Materion (DM-46256)}
# - {DETECTOR: 13}
# - {FILTER: r_57}
# - {CALIB_ID: 'calibDate=1970-01-01T00:00:00 filter=r_57 detector=13'}
# - {DATE: '2025-04-02T15:59:44.245330'}
# - {CALIB_CREATION_DATE: '2025-04-02'}
# - {CALIB_CREATION_TIME: '15:59:44'}
# - __serialized_columns__:
#     efficiency:
#       __class__: astropy.units.quantity.Quantity
#       unit: !astropy.units.Unit {unit: '%'}
#       value: !astropy.table.SerializedColumn {name: efficiency}
#     wavelength:
#       __class__: astropy.units.quantity.Quantity
#       unit: !astropy.units.Unit {unit: nm}
#       value: !astropy.table.SerializedColumn {name: wavelength}
# schema: astropy-2.0
wavelength efficiency
300.0 0.0024956192646641284
301.0 0.006737680814694613
302.0 0.01097974309232086
303.0 0.01348588994005695
304.0 0.015992038242984563
305.0 0.014549169281963259
306.0 0.013106301776133478
307.0 0.01181025363621302
308.0 0.010514205496292561
309.0 0.009702934767119586
310.0 0.00889166331035085
311.0 0.00806523094070144
312.0 0.007238797843456268
313.0 0.006849239434814081
314.0 0.006459681026171893
315.0 0.005835296542500146
316.0 0.0052109109674347565
317.0 0.004576809078571387
318.0 0.003942706825910136
319.0 0.0038808968383818865
320.0 0.0038190872146515176
321.0 0.003703921174746938
322.0 0.0035887554986402392
323.0 0.0035398763429839164
324.0 0.0034909971873275936
325.0 0.0033469837944721803
326.0 0.003202970401616767
327.0 0.0031116491300053895
328.0 0.0030203293135855347
329.0 0.0030711235012859106
330.0 0.0031219176889862865
331.0 0.0029642998924828134
332.0 0.002806681368383579
333.0 0.0024525748813175596
334.0 0.0020984682123526
335.0 0.001876208625617437
336.0 0.0016539490388822742
337.0 0.00146342745210859
338.0 0.001272906047233846
339.0 0.0012224866623000707
340.0 0.0011720673683157656
341.0 0.0011474759958218783
342.0 0.001122884623327991
343.0 0.0010986147572111804
344.0 0.00107434498204384
345.0 0.0010181481229665224
346.0 0.0009619515367376152
347.0 0.0009226144356944133
348.0 0.0008832775165501516
349.0 0.0008177709787560161
350.0 0.005596682240138762
351.0 0.0055968863307498395
352.0 0.005597090057563037
353.0 0.00517540356668178
354.0 0.004753717803396285
355.0 0.004959112266078591
356.0 0.005164508183952421
357.0 0.006623494846280664
358.0 0.008082482236204669
359.0 0.005980308924335986
360.0 0.0038781348848715425
361.0 0.002820378176693339
362.0 0.0017626214685151353
363.0 0.002865009810193442
364.0 0.003967398151871748
365.0 0.003853931775665842
366.0 0.0037404653994599357
367.0 0.0032330688554793596
368.0 0.002725671583903022
369.0 0.002112803849740885
370.0 0.0014999360246292781
371.0 0.002099124321830459
372.0 0.0026983128918800503
373.0 0.003158855179208331
374.0 0.0036193971027387306
375.0 0.00333948883053381
376.0 0.0030595805583288893
377.0 0.0012794505892088637
378.0 1.6357509964592953e-10
379.0 0.0007584824288642267
380.0 0.002017644510488026
381.0 0.002712682544370182
382.0 0.0034077209420502186
383.0 0.0033146505302283913
384.0 0.0032215804822044447
385.0 0.0041888735722750425
386.0 0.005156165934749879
387.0 0.004659677870222367
388.0 0.004163189805694856
389.0 0.0035193887015338987
390.0 0.0028755868697771803
391.0 0.0021064761313027702
392.0 0.0013373654837778304
393.0 0.0014601174370909575
394.0 0.0015828691175556742
395.0 0.0011343446203682106
396.0 0.0006858202141302172
397.0 0.0006531049166369485
398.0 0.0006203899374668254
399.0 0.0005562548722082283
400.0 0.0004921193976770155
401.0 0.00015651271496608388
402.0 1.6357509964592953e-10
403.0 4.886850888397021e-05
404.0 0.00027683186090143863
405.0 0.000732988519303035
406.0 0.001189145041280426
407.0 0.0018046768673229963
408.0 0.002420208511466626
409.0 0.0020044410121045075
410.0 0.001588673512742389
411.0 0.001175484612758737
412.0 0.0007622958946740255
413.0 0.0007335008831432788
414.0 0.000704705826137797
415.0 0.0006933455551916268
416.0 0.0006819856025686022
417.0 0.0013059803677606396
418.0 0.0019299757695989683
419.0 0.002351276452827733
420.0 0.002772577317955438
421.0 0.004218013054924086
422.0 0.005663448609993793
423.0 0.008884602721082047
424.0 0.012105755740776658
425.0 0.01637932873563841
426.0 0.020652898820117116
427.0 0.02115035749739036
428.0 0.021647817629855126
429.0 0.016473997675348073
430.0 0.011300176265649498
431.0 0.008060534310061485
432.0 0.004820890899281949
433.0 0.003959920650231652
434.0 0.0030989500373834744
435.0 0.0024098904759739526
436.0 0.0017208303688676096
437.0 0.0014776883290323894
438.0 0.00123454665299505
439.0 0.0010436551747261547
440.0 0.0008527637874067295
441.0 0.0011088367500633467
442.0 0.0013649097127199639
443.0 0.001691675788606517
444.0 0.0020184421373414807
445.0 0.0019032593627343886
446.0 0.0017880767700262368
447.0 0.001611643710930366
448.0 0.001435210924682906
449.0 0.0013643243619299028
450.0 0.0012934373444295488
451.0 0.0014964839465392288
452.0 0.0016995305486489087
453.0 0.0016389712982345372
454.0 0.0015784120478201658
455.0 0.0014375637874763925
456.0 0.0012967158909304999
457.0 0.0008935980986279901
458.0 0.0004904805791738909
459.0 0.0007437656222464284
460.0 0.0009970505743694957
461.0 0.0016434656572528183
462.0 0.00228988028538879
463.0 0.0029882210583309643
464.0 0.0036865618312731385
465.0 0.004834484934690408
466.0 0.005982408038107678
467.0 0.0066167107434012
468.0 0.007251014903886244
469.0 0.006167002720758319
470.0 0.005082991992821917
471.0 0.0038459817005787045
472.0 0.0026089712264365517
473.0 0.0022077112589613535
474.0 0.0018064511095872149
475.0 0.0014710247342009097
476.0 0.0011355986316630151
477.0 0.0009208370101987384
478.0 0.0007060751158860512
479.0 0.0009447415322938468
480.0 0.001183407675853232
481.0 0.0009084714292839635
482.0 0.0006335353646136355
483.0 0.0006783511253161123
484.0 0.0007231667495943839
485.0 0.000665105562802637
486.0 0.0006070442395866849
487.0 0.0006059749921405455
488.0 0.0006049056082702009
489.0 0.0006090019724069862
490.0 0.0006130983365437714
491.0 0.0007830280992493499
492.0 0.0009529578164801933
493.0 0.001064058506017318
494.0 0.0011751592865039129
495.0 0.0010098463462782092
496.0 0.0008445332241535652
497.0 0.0010921163266175427
498.0 0.0013396990652836394
499.0 0.0013216059414844494
500.0 0.0013035129086347297
501.0 0.0014799124983255751
502.0 0.001656312269915361
503.0 0.0020493147530942224
504.0 0.002442317236273084
505.0 0.003001783807121683
506.0 0.003561250923667103
507.0 0.004229187470627949
508.0 0.004897124017588794
509.0 0.005389140278566629
510.0 0.005881155448150821
511.0 0.0051974398957099766
512.0 0.004513723979471251
513.0 0.0038504702388308942
514.0 0.003187216498190537
515.0 0.0030124610930215567
516.0 0.0028377056878525764
517.0 0.002629213486216031
518.0 0.0024207212845794857
519.0 0.04937336780130863
520.0 0.029082465334795415
521.0 0.1069679856300354
522.0 0.10388200171291828
523.0 0.07809817907400429
524.0 0.07887149113230407
525.0 0.15828992472961545
526.0 0.13533062301576138
527.0 0.0804062292445451
528.0 0.06528294761665165
529.0 0.1080933609046042
530.0 0.1794594689272344
531.0 0.19820146262645721
532.0 0.2644085558131337
533.0 0.3066118573769927
534.0 0.3763696877285838
535.0 0.5436435341835022
536.0 0.7936369627714157
537.0 1.1980250477790833
538.0 1.8770383670926094
539.0 2.918396517634392
540.0 4.628702998161316
541.0 6.8608358502388
542.0 9.481534361839294
543.0 12.978249788284302
544.0 17.14434176683426
545.0 21.819448471069336
546.0 27.652308344841003
547.0 34.46047604084015
548.0 42.96472370624542
549.0 50.74942111968994
550.0 57.397764921188354
551.0 64.61940407752991
552.0 69.37162280082703
553.0 73.94281029701233
554.0 77.81006097793579
555.0 81.43683671951294
556.0 85.3422462940216
557.0 87.7633810043335
558.0 90.81401228904724
559.0 93.24668049812317
560.0 93.74213218688965
561.0 95.04658579826355
562.0 95.76050639152527
563.0 95.45206427574158
564.0 95.9437370300293
565.0 95.11896967887878
566.0 95.86300849914551
567.0 95.28364539146423
568.0 96.08863592147827
569.0 96.6840147972107
570.0 96.13508582115173
571.0 97.09133505821228
572.0 96.74400091171265
573.0 96.94706797599792
574.0 97.56931662559509
575.0 96.8630313873291
576.0 97.48905301094055
577.0 97.13946580886841
578.0 97.16224670410156
579.0 97.12387323379517
580.0 96.61529064178467
581.0 96.49823904037476
582.0 96.53913378715515
583.0 96.59456014633179
584.0 96.27920985221863
585.0 96.22487425804138
586.0 96.89091444015503
587.0 96.17992043495178
588.0 96.44813537597656
589.0 97.26438522338867
590.0 96.891850233078
591.0 95.88578939437866
592.0 95.93478441238403
593.0 95.72036266326904
594.0 95.95329761505127
595.0 96.2261438369751
596.0 96.9283401966095
597.0 97.09033966064453
598.0 96.58834338188171
599.0 97.0000684261322
600.0 96.771639585495
601.0 96.16825580596924
602.0 96.55172228813171
603.0 96.41215801239014
604.0 96.38669490814209
605.0 96.74591422080994
606.0 96.00253105163574
607.0 96.04876041412354
608.0 96.46257758140564
609.0 95.71554660797119
610.0 95.74875831604004
611.0 95.83572745323181
612.0 95.8842396736145
613.0 97.0076322555542
614.0 96.6623067855835
615.0 96.09226584434509
616.0 96.55402302742004
617.0 96.7370092868805
618.0 96.30014896392822
619.0 97.118079662323
620.0 95.9593415260315
621.0 95.46349048614502
622.0 96.86775207519531
623.0 96.69544100761414
624.0 96.76188826560974
625.0 96.7304527759552
626.0 96.32559418678284
627.0 95.24040818214417
628.0 97.4215567111969
629.0 95.49247026443481
630.0 96.62203192710876
631.0 96.01154923439026
632.0 96.79519534111023
633.0 96.53470516204834
634.0 95.83883881568909
635.0 96.16925716400146
636.0 96.18598222732544
637.0 95.79817056655884
638.0 95.86901664733887
639.0 95.47447562217712
640.0 95.83116173744202
641.0 95.64811587333679
642.0 95.9183931350708
643.0 95.8733081817627
644.0 96.32027745246887
645.0 96.31168246269226
646.0 96.16476893424988
647.0 97.28783369064331
648.0 96.68391942977905
649.0 95.78016996383667
650.0 96.59072756767273
651.0 97.01995849609375
652.0 97.12318181991577
653.0 95.66313624382019
654.0 96.70876860618591
655.0 96.58811092376709
656.0 95.85661292076111
657.0 96.34155631065369
658.0 96.15788459777832
659.0 96.41072154045105
660.0 95.62036395072937
661.0 95.51950693130493
662.0 95.8918571472168
663.0 96.04359865188599
664.0 95.13092637062073
665.0 95.55270075798035
666.0 95.3407347202301
667.0 95.69791555404663
668.0 95.1901376247406
669.0 95.66438794136047
670.0 95.57891488075256
671.0 95.57342529296875
672.0 95.32104730606079
673.0 95.3150749206543
674.0 95.02173066139221
675.0 95.45824527740479
676.0 94.99614834785461
677.0 93.87856125831604
678.0 93.29618811607361
679.0 92.44422912597656
680.0 91.57500267028809
681.0 89.96571898460388
682.0 88.13977837562561
683.0 85.27840971946716
684.0 81.87146186828613
685.0 78.2792329788208
686.0 74.46948885917664
687.0 70.00527381896973
688.0 65.47985076904297
689.0 60.965460538864136
690.0 56.07158541679382
691.0 52.0693838596344
692.0 47.35787212848663
693.0 43.017956614494324
694.0 37.89338171482086
695.0 32.5856477022171
696.0 27.097737789154053
697.0 21.78986817598343
698.0 16.04013890028
699.0 11.482534557580948
700.0 8.010600507259369
701.0 4.946883395314217
702.0 3.0914606526494026
703.0 1.7718898132443428
704.0 1.0462031699717045
705.0 0.5888788960874081
706.0 0.40548965334892273
707.0 0.23444737307727337
708.0 0.15848573530092835
709.0 0.09839382255449891
710.0 0.10856869630515575
711.0 0.0815912731923163
712.0 0.06953488336876035
713.0 0.062527199042961
714.0 0.07088968995958567
715.0 0.08214134722948074
716.0 0.07718742708675563
717.0 0.03442050074227154
718.0 0.08205221383832395
719.0 0.03346471639815718
720.0 1.6357509964592953e-10
721.0 0.004402124977787025
722.0 0.004146052378928289
723.0 0.003889980143867433
724.0 0.003623411976150237
725.0 0.003356843808433041
726.0 0.003124865543213673
727.0 0.0028928876417921856
728.0 0.0027417561796028167
729.0 0.002590624353615567
730.0 0.0024002154532354325
731.0 0.0022098069166531786
732.0 0.0021661538994521834
733.0 0.002122500882251188
734.0 0.002067279456241522
735.0 0.002012057666433975
736.0 0.0017968801330425777
737.0 0.0015817025996511802
738.0 0.0015676794646424241
739.0 0.0015536565115326084
740.0 0.0015668350897612981
741.0 0.0015800138498889282
742.0 0.001469139169785194
743.0 0.0013582643987319898
744.0 0.0014013550753588788
745.0 0.0014444453881878871
746.0 0.0013554633369494695
747.0 0.0012664811947615817
748.0 0.0011202521818631794
749.0 0.0009740232599142473
750.0 0.0009890158253256232
751.0 0.0010040086635854095
752.0 0.0010575552551017608
753.0 0.0011111015737697016
754.0 0.001107952539314283
755.0 0.001104803777707275
756.0 0.001062093724613078
757.0 0.0010193835805694107
758.0 0.0010731439942901488
759.0 0.0011269042261119466
760.0 0.0010965146429953165
761.0 0.001066125332727097
762.0 0.0010509161256777588
763.0 0.0010357071914768312
764.0 0.0010196611583523918
765.0 0.0010036151252279524
766.0 0.0008190751032088883
767.0 0.0006345350811898243
768.0 0.000639536574453814
769.0 0.0006445381131925387
770.0 0.0007723300768702757
771.0 0.000900122267921688
772.0 0.0007975016160344239
773.0 0.0006948807822482195
774.0 0.0008239577255153563
775.0 0.0009530345778330229
776.0 0.0009119637979893014
777.0 0.0008708929271961097
778.0 0.0008593618076702114
779.0 0.0008478307790937833
780.0 0.0007453838406945579
781.0 0.0006429369477700675
782.0 0.0007400289632641943
783.0 0.0008371209332835861
784.0 0.0008557328328606673
785.0 0.0008743443686398678
786.0 0.0007264630312420195
787.0 0.0005785816028947011
788.0 0.000624659878667444
789.0 0.0006707382908643922
790.0 0.0007394886779366061
791.0 0.0008082389285846148
792.0 0.0007948086022224743
793.0 0.0007813781849108636
794.0 0.0007741075933154207
795.0 0.000766836637922097
796.0 0.0006387830580933951
797.0 0.0005107293418404879
798.0 0.0006717807536915643
799.0 0.0008328321200679056
800.0 0.0007612628905917518
801.0 0.0006896933882671874
802.0 0.0005724626589653781
803.0 0.0004552316568151582
804.0 0.000602841919317143
805.0 0.000750452227293863
806.0 0.0006511036190204322
807.0 0.0005517550562217366
808.0 0.0006917883638379863
809.0 0.0008318216714542359
810.0 0.000728670693206368
811.0 0.0006255200332816457
812.0 0.0006620321528316708
813.0 0.0006985442723816959
814.0 0.0005584100108535495
815.0 0.0004182757948001381
816.0 0.0005741887889598729
817.0 0.0007301019650185481
818.0 0.0006773397672077408
819.0 0.0006245775239221985
820.0 0.0005065441655460745
821.0 0.00038851080716995057
822.0 0.0004121376150578726
823.0 0.00043576446842052974
824.0 0.0004281785550119821
825.0 0.00042059268707816955
826.0 0.0005241087364993291
827.0 0.0006276247859204886
828.0 0.0004928357157041319
829.0 0.0003580468046493479
830.0 0.00021854214082850376
831.0 7.90375224823947e-05
832.0 4.440178429376829e-05
833.0 9.766043262970925e-06
834.0 1.6357509964592953e-10
835.0 1.6357509964592953e-10
836.0 0.00021744742753071478
837.0 0.0005224811047810363
838.0 0.0006855560968688224
839.0 0.0008486311344313435
840.0 0.0011815094694611616
841.0 0.0015143877135415096
842.0 0.002054456672340166
843.0 0.002594525540189352
844.0 0.002672511800483335
845.0 0.0027504980607773177
846.0 0.003047502468689345
847.0 0.0033445066947024316
848.0 0.003214423486497253
849.0 0.003084340278292075
850.0 0.002487744131940417
851.0 0.0018911481674876995
852.0 0.001552137291582767
853.0 0.0012131259609304834
854.0 0.0010517816917854361
855.0 0.0008904372407414485
856.0 0.0006849456440249924
857.0 0.00047945409278327134
858.0 0.000598430688114604
859.0 0.0007174071924964665
860.0 0.0005625417543342337
861.0 0.00040767627069726586
862.0 0.00040715890463616233
863.0 0.0004066415385750588
864.0 0.00030084381705819396
865.0 0.00019504611827869667
866.0 0.0001545419763715472
867.0 0.00011403780035834643
868.0 0.0001470918391532905
869.0 0.00018014584384218324
870.0 6.461772272814414e-05
871.0 1.6357509964592953e-10
872.0 1.6357509964592953e-10
873.0 1.6357509964592953e-10
874.0 1.6357509964592953e-10
875.0 1.6357509964592953e-10
876.0 1.6357509964592953e-10
877.0 1.4051119023861247e-05
878.0 0.0001102003352571046
879.0 0.00020634954580600606
880.0 0.00017794450286601204
881.0 0.0001495394258199667
882.0 0.0001378901060888893
883.0 0.0001262408204638632
884.0 2.0931808819568687e-05
885.0 1.6357509964592953e-10
886.0 1.6357509964592953e-10
887.0 5.734375463362085e-05
888.0 0.0001224024458679196
889.0 0.00018746114847090212
890.0 0.0001767301569088886
891.0 0.00016599911987214
892.0 5.25791051586566e-05
893.0 1.6357509964592953e-10
894.0 1.6357509964592953e-10
895.0 8.3311697096633e-06
896.0 3.210244585716282e-05
897.0 5.5873766768854694e-05
898.0 2.665837826043571e-05
899.0 1.6357509964592953e-10
900.0 1.6357509964592953e-10
901.0 1.6357509964592953e-10
