lsstCam/transmission_filter_detector/r31_s11/z_20/19700101T000000.ecsv
# %ECSV 1.0
# ---
# datatype:
# - {name: wavelength, unit: nm, datatype: float32}
# - {name: efficiency, unit: '%', datatype: float64}
# meta: !!omap
# - {MODE: DETECTOR}
# - {TYPE: transmission_filter_detector}
# - {CALIBDATE: '1970-01-01T00:00:00'}
# - {INSTRUME: LSSTCam}
# - {OBSTYPE: transmission_filter_detector}
# - {CALIBCLS: lsst.ip.isr.IntermediateFilterDetectorTransmissionCurve}
# - {SOURCE: Materion (DM-46256)}
# - {DETECTOR: 130}
# - {FILTER: z_20}
# - {CALIB_ID: 'calibDate=1970-01-01T00:00:00 filter=z_20 detector=130'}
# - {DATE: '2025-04-02T15:59:49.242330'}
# - {CALIB_CREATION_DATE: '2025-04-02'}
# - {CALIB_CREATION_TIME: '15:59:49'}
# - __serialized_columns__:
#     efficiency:
#       __class__: astropy.units.quantity.Quantity
#       unit: !astropy.units.Unit {unit: '%'}
#       value: !astropy.table.SerializedColumn {name: efficiency}
#     wavelength:
#       __class__: astropy.units.quantity.Quantity
#       unit: !astropy.units.Unit {unit: nm}
#       value: !astropy.table.SerializedColumn {name: wavelength}
# schema: astropy-2.0
wavelength efficiency
[from data line 598]
898.0 98.80966544151306
899.0 98.79018664360046
900.0 98.86578917503357
901.0 99.51761364936829
902.0 98.98449182510376
903.0 99.03022050857544
904.0 98.21890592575073
905.0 98.81556630134583
906.0 98.24582934379578
907.0 99.10998940467834
908.0 98.09945225715637
909.0 98.25789332389832
910.0 98.02600741386414
911.0 97.0270037651062
912.0 96.4176595211029
913.0 95.12708783149719
914.0 92.88947582244873
915.0 90.81365466117859
916.0 88.72457146644592
917.0 86.66794896125793
918.0 83.58023166656494
919.0 82.5768232345581
920.0 79.69582676887512
921.0 76.00223422050476
922.0 71.96749448776245
923.0 66.29687547683716
924.0 60.957854986190796
925.0 55.73911666870117
926.0 49.22190308570862
927.0 42.430320382118225
928.0 36.70840561389923
929.0 30.289527773857117
930.0 24.762752652168274
931.0 19.495080411434174
932.0 13.942782580852509
933.0 9.507542848587036
934.0 6.153854727745056
935.0 3.8096290081739426
936.0 2.220890112221241
937.0 1.3226251117885113
938.0 0.8083286695182323
939.0 0.5797475576400757
940.0 0.24817581288516521
941.0 0.26801025960594416
942.0 0.06533931591548026
943.0 0.10236204834654927
944.0 0.046452373499050736
945.0 0.08373066666536033
946.0 0.10141185484826565
947.0 0.14298021560534835
948.0 1.5926356370862815e-10
949.0 0.11775745078921318
950.0 1.5926356370862815e-10
951.0 0.07461174973286688
952.0 0.05955712404102087
953.0 0.02373749011894688
954.0 0.04903356893919408
955.0 1.5926356370862815e-10
956.0 0.028497041785158217
957.0 1.5926356370862815e-10
958.0 1.5926356370862815e-10
959.0 0.05200596642680466
960.0 0.08727284148335457
961.0 1.5926356370862815e-10
962.0 0.003012495108123403
963.0 0.06642582593485713
964.0 0.029676928534172475
965.0 1.5926356370862815e-10
966.0 1.5926356370862815e-10
967.0 1.5926356370862815e-10
968.0 1.5926356370862815e-10
969.0 0.05075009539723396
970.0 0.008641619933769107
971.0 0.04946863045915961
972.0 1.5926356370862815e-10
973.0 0.0017151916836155578
974.0 1.5926356370862815e-10
975.0 1.5926356370862815e-10
976.0 0.006433779344661161
977.0 0.006332809425657615
978.0 0.006231839506654069
979.0 0.0060337522882036865
980.0 0.005835664342157543
981.0 0.005721958223148249
982.0 0.005608251376543194
983.0 0.005483160566654988
984.0 0.00535806902917102
985.0 0.005259236058918759
986.0 0.005160402724868618
987.0 0.005106503522256389
988.0 0.005052604319644161
989.0 0.005016030991100706
990.0 0.0049794580263551325
991.0 0.004844712384510785
992.0 0.004709966742666438
993.0 0.004720512151834555
994.0 0.004731057561002672
995.0 0.004585513306665234
996.0 0.004439969052327797
997.0 0.0044896540202898905
998.0 0.004539339352049865
999.0 0.004600659303832799
1000.0 0.004661978891817853
1001.0 0.0045101362047716975
1002.0 0.004358293517725542
1003.0 0.00431833068432752
1004.0 0.004278367487131618
1005.0 0.004274095772416331
1006.0 0.004269823693903163
1007.0 0.004326070120441727
1008.0 0.004382316183182411
1009.0 0.004298233398003504
1010.0 0.0042141506128245965
1011.0 0.004161374090472236
1012.0 0.004108597568119876
1013.0 0.004257480395608582
1014.0 0.004406363223097287
1015.0 0.004301715307519771
1016.0 0.004197067755740136
1017.0 0.00436833142885007
1018.0 0.004539595465757884
1019.0 0.004500842624111101
1020.0 0.004462090510060079
1021.0 0.0044078587961848825
1022.0 0.004353626718511805
1023.0 0.004385001011542045
1024.0 0.004416375668370165
1025.0 0.004404193168738857
1026.0 0.00439201103290543
1027.0 0.004437785901245661
1028.0 0.004483560405788012
1029.0 0.004508474012254737
1030.0 0.004533387254923582
1031.0 0.004517444176599383
1032.0 0.004501501098275185
1033.0 0.004672045906772837
1034.0 0.004842591442866251
1035.0 0.004944925240124576
1036.0 0.005047259401180781
1037.0 0.00525138784723822
1038.0 0.00545551665709354
1039.0 0.005392961247707717
1040.0 0.005330405838321894
1041.0 0.005235813659965061
1042.0 0.005141221481608227
1043.0 0.0054961263231234625
1044.0 0.005851031164638698
1045.0 0.006081578612793237
1046.0 0.006312125333352014
1047.0 0.006329757161438465
1048.0 0.006347389717120677
1049.0 0.006503941403934732
1050.0 0.006660493818344548
1051.0 0.006858838605694473
1052.0 0.007057183393044397
1053.0 0.0073933471867349
1054.0 0.007729508797638118
1055.0 0.007399864989565685
1056.0 0.007070218998705968
1057.0 0.007555350748589262
1058.0 0.008040483226068318
1059.0 0.008253138366853818
1060.0 0.00846579423523508
1061.0 0.008537599933333695
1062.0 0.008609407086623833
1063.0 0.008839084330247715
1064.0 0.009068764484254643
1065.0 0.009385761950397864
1066.0 0.009702758688945323
1067.0 0.009627389226807281
1068.0 0.009552020492265001
1069.0 0.00989438412943855
1070.0 0.01023674412863329
1071.0 0.010451887646922842
1072.0 0.010667031165212393
1073.0 0.010979249782394618
1074.0 0.011291469127172604
1075.0 0.011263829946983606
1076.0 0.011236191494390368
1077.0 0.012259943468961865
1078.0 0.01328369980910793
1079.0 0.012970514944754541
1080.0 0.012657330080401152
1081.0 0.013624460552819073
1082.0 0.01459159393562004
1083.0 0.014895116328261793
1084.0 0.015198640176095068
1085.0 0.014746839588042349
1086.0 0.014295041910372674
1087.0 0.015079404693096876
1088.0 0.015863767475821078
1089.0 0.015557608276139945
1090.0 0.015251449076458812
1091.0 0.016518736083526164
1092.0 0.017786023090593517
1093.0 0.01803511695470661
1094.0 0.0182842108188197
1095.0 0.01878095354186371
1096.0 0.019277693354524672
1097.0 0.019793912360910326
1098.0 0.02031013136729598
1099.0 0.020866902195848525
1100.0 0.021423671569209546
1101.0 0.02237816952401772
1102.0 0.02333266311325133
1103.0 0.024821548140607774
1104.0 0.026310436078347266
1105.0 0.026082975091412663
1106.0 0.02585551410447806
1107.0 0.027157270233146846
1108.0 0.02845902636181563
1109.0 0.029684859327971935
1110.0 0.03091069229412824
1111.0 0.030583376064896584
1112.0 0.030256062746047974
1113.0 0.03153415455017239
1114.0 0.03281224344391376
1115.0 0.03285051207058132
1116.0 0.03288877778686583
1117.0 0.03215686010662466
1118.0 0.031424942426383495
1119.0 0.03387874457985163
1120.0 0.03633253800217062
1121.0 0.03726244030985981
1122.0 0.038192342617549
1123.0 0.04004933580290526
1124.0 0.04190633189864457
1125.0 0.043989470577798784
1126.0 0.04607261216733605
1127.0 0.04622632986865938
1128.0 0.04638005048036575
1129.0 0.04934339667670429
1130.0 0.05230674287304282
1131.0 0.05738037871196866
1132.0 0.0624540145508945
1133.0 0.06045993068255484
1134.0 0.05846584099344909
1135.0 0.06472124950960279
1136.0 0.07097665802575648
1137.0 0.07728307973593473
1138.0 0.08358951308764517
1139.0 0.08702807244844735
1140.0 0.09046663180924952
1141.0 0.10289018973708153
1142.0 0.11531373020261526
1143.0 0.15263212844729424
1144.0 0.18995054997503757
1145.0 0.4289650823920965
1146.0 0.6679796148091555
1147.0 1.187350694090128
1148.0 1.706722192466259
1149.0 1.7069516703486443
1150.0 1.7071809619665146
