lsstCam/transmission_filter_detector/r31_s11/z_20/19700101T000000.ecsv
# %ECSV 1.0
# ---
# datatype:
# - {name: wavelength, unit: nm, datatype: float32}
# - {name: efficiency, unit: '%', datatype: float64}
# meta: !!omap
# - {MODE: DETECTOR}
# - {TYPE: transmission_filter_detector}
# - {CALIBDATE: '1970-01-01T00:00:00'}
# - {INSTRUME: LSSTCam}
# - {OBSTYPE: transmission_filter_detector}
# - {CALIBCLS: lsst.ip.isr.IntermediateFilterDetectorTransmissionCurve}
# - {SOURCE: Materion (DM-46256)}
# - {DETECTOR: 130}
# - {FILTER: z_20}
# - {CALIB_ID: 'calibDate=1970-01-01T00:00:00 filter=z_20 detector=130'}
# - {DATE: '2025-04-02T15:59:49.242330'}
# - {CALIB_CREATION_DATE: '2025-04-02'}
# - {CALIB_CREATION_TIME: '15:59:49'}
# - __serialized_columns__:
#     efficiency:
#       __class__: astropy.units.quantity.Quantity
#       unit: !astropy.units.Unit {unit: '%'}
#       value: !astropy.table.SerializedColumn {name: efficiency}
#     wavelength:
#       __class__: astropy.units.quantity.Quantity
#       unit: !astropy.units.Unit {unit: nm}
#       value: !astropy.table.SerializedColumn {name: wavelength}
# schema: astropy-2.0
wavelength efficiency
300.0 0.36359571386128664
301.0 0.32203076407313347
302.0 0.28046579100191593
303.0 0.24593551643192768
304.0 0.21140521857887506
305.0 0.18300660885870457
306.0 0.15460795257240534
307.0 0.152746366802603
308.0 0.15088478103280067
309.0 0.13541660737246275
310.0 0.11994839878752828
311.0 0.11622125748544931
312.0 0.11249411618337035
313.0 0.10868333047255874
314.0 0.10487254476174712
315.0 0.09514173143543303
316.0 0.08541091228835285
317.0 0.07840418838895857
318.0 0.07139745866879821
319.0 0.06648101261816919
320.0 0.06156456656754017
321.0 0.058029970386996865
322.0 0.05449536838568747
323.0 0.05319458432495594
324.0 0.0518938060849905
325.0 0.04935283213853836
326.0 0.046811855281703174
327.0 0.04157295043114573
328.0 0.03633403975982219
329.0 0.03533168928697705
330.0 0.034329338814131916
331.0 0.03486548666842282
332.0 0.035401631612330675
333.0 0.03109899116680026
334.0 0.026796350721269846
335.0 0.02689493412617594
336.0 0.026993523351848125
337.0 0.02226174110546708
338.0 0.017529963224660605
339.0 0.01937465858645737
340.0 0.021219358313828707
341.0 0.01823647617129609
342.0 0.015253591118380427
343.0 0.015315059863496572
344.0 0.015376527153421193
345.0 0.01338452275376767
346.0 0.01139251617132686
347.0 0.013230492186266929
348.0 0.015068467473611236
349.0 0.014057905355002731
350.0 0.013047340326011181
351.0 0.01279279385926202
352.0 0.01253824884770438
353.0 0.013042325736023486
354.0 0.013546405534725636
355.0 0.01229085901286453
356.0 0.011035309580620378
357.0 0.010660953557817265
358.0 0.010286597535014153
359.0 0.010495830065337941
360.0 0.010705063323257491
361.0 0.01034872475429438
362.0 0.009992387640522793
363.0 0.0095204304670915
364.0 0.009048473293660209
365.0 0.008978141704574227
366.0 0.008907808660296723
367.0 0.008688035450177267
368.0 0.00846826151246205
369.0 0.00894229524419643
370.0 0.009416330431122333
371.0 0.00843411689857021
372.0 0.007451903366018087
373.0 0.007409391400869936
374.0 0.007366879435721785
375.0 0.006333271448966116
376.0 0.005299663098412566
377.0 0.004978970900992863
378.0 0.00465827870357316
379.0 0.005000398959964514
380.0 0.005342519216355868
381.0 0.005683988274540752
382.0 0.006025456968927756
383.0 0.005322025754139759
384.0 0.004618593811756
385.0 0.00436842929047998
386.0 0.004118265133001842
387.0 0.004510628423304297
388.0 0.004902992077404633
389.0 0.00480716407764703
390.0 0.0047113360778894275
391.0 0.003979899702244438
392.0 0.003248462962801568
393.0 0.0035918550565838814
394.0 0.003935246786568314
395.0 0.0035874301829608157
396.0 0.0032396135793533176
397.0 0.003680181544041261
398.0 0.0041207495087292045
399.0 0.004156185241299681
400.0 0.004191621337668039
401.0 0.004312798409955576
402.0 0.004433975846040994
403.0 0.004124077895539813
404.0 0.003814179581240751
405.0 0.00369391891581472
406.0 0.0035736582503886893
407.0 0.0040905117202783
408.0 0.0046073662815615535
409.0 0.0036850131436949596
410.0 0.002762660187727306
411.0 0.003466729322099127
412.0 0.004170799002167769
413.0 0.004348769289208576
414.0 0.004526739940047264
415.0 0.0045832239266019315
416.0 0.0046397082769544795
417.0 0.0034413038520142436
418.0 0.0022428997908718884
419.0 0.00299976618407527
420.0 0.0037566325772786513
421.0 0.003547611049725674
422.0 0.003338589158374816
423.0 0.003406829637242481
424.0 0.0034750697523122653
425.0 0.0030855288059683517
426.0 0.0026959880415233783
427.0 0.00317279263981618
428.0 0.0036495966924121603
429.0 0.0030180952308000997
430.0 0.002386593769188039
431.0 0.001609970786375925
432.0 0.0008333477126143407
433.0 0.001648173201829195
434.0 0.0024629982362966985
435.0 0.0031612184102414176
436.0 0.003859438220388256
437.0 0.003297324656159617
438.0 0.0027352107281330973
439.0 0.0024247374312835746
440.0 0.0021142639525351115
441.0 0.002345957364013884
442.0 0.0025776509573915973
443.0 0.0025194969566655345
444.0 0.002461343137838412
445.0 0.002202607720391825
446.0 0.001943872484844178
447.0 0.00237964850384742
448.0 0.002815424340951722
449.0 0.002338147896807641
450.0 0.0018608712707646191
451.0 0.0020188806956866756
452.0 0.0021768897568108514
453.0 0.0019769940990954638
454.0 0.0017770980775821954
455.0 0.001791939212125726
456.0 0.001806780528568197
457.0 0.0015710542356828228
458.0 0.001335327669949038
459.0 0.0017593974916962907
460.0 0.0021834674043930136
461.0 0.001591729960637167
462.0 0.0009999927897297312
463.0 0.00113886890176218
464.0 0.0012777452866430394
465.0 0.0012420206985552795
466.0 0.0012062962014169898
467.0 0.001096737469197251
468.0 0.0009871785550785717
469.0 0.0010274980922986288
470.0 0.0010678176295186859
471.0 0.0012819278708775528
472.0 0.0014960382031858899
473.0 0.0013825637324771378
474.0 0.0012690892617683858
475.0 0.001433598117728252
476.0 0.0015981067917891778
477.0 0.0016149522707564756
478.0 0.0016317979316227138
479.0 0.0019567904018913396
480.0 0.0022817830540589057
481.0 0.001858257564890664
482.0 0.0014347322576213628
483.0 0.0013474530533130746
484.0 0.0012601738490047865
485.0 0.0014371878023666795
486.0 0.0016142017557285726
487.0 0.0014945222574169748
488.0 0.001374842850054847
489.0 0.0016474188669235446
490.0 0.0019199949747417122
491.0 0.001724456342344638
492.0 0.0015289177099475637
493.0 0.0016696971215424128
494.0 0.0018104765331372619
495.0 0.0017335982192889787
496.0 0.001656720087339636
497.0 0.0018331624232814647
498.0 0.002009604577324353
499.0 0.0018299479052075185
500.0 0.0016502912330906838
501.0 0.0012967115253559314
502.0 0.0009431318176211789
503.0 0.0008701873412064742
504.0 0.0007972428647917695
505.0 0.001569235246279277
506.0 0.002341227445867844
507.0 0.0016180321836145595
508.0 0.000894836921361275
509.0 0.0010379607374488842
510.0 0.001181084371637553
511.0 0.0011744251423806418
512.0 0.0011677658221742604
513.0 0.0011123381227662321
514.0 0.0010569103324087337
515.0 0.001054060339811258
516.0 0.001051210165314842
517.0 0.001014002464216901
518.0 0.0009767948540684301
519.0 0.0012115384379285388
520.0 0.0014462820217886474
521.0 0.0014067883057578001
522.0 0.0013672947716258932
523.0 0.0014776471289223991
524.0 0.001587999395269435
525.0 0.001448594866815256
526.0 0.001309190338361077
527.0 0.0012259557479410432
528.0 0.0011427212484704796
529.0 0.001348783371213358
530.0 0.001554845403006766
531.0 0.0016093821614049375
532.0 0.0016639192836009897
533.0 0.0015995285139069892
534.0 0.0015351375623140484
535.0 0.00150185560414684
536.0 0.001468573827878572
537.0 0.0014939667380531318
538.0 0.001519359830126632
539.0 0.0012609423720277846
540.0 0.001002524822979467
541.0 0.001085871372197289
542.0 0.0011692178304656409
543.0 0.0009945987585524563
544.0 0.0008199796866392717
545.0 0.0010924025446001906
546.0 0.0013648254025611095
547.0 0.001514392079116078
548.0 0.0016639587556710467
549.0 0.0019215385691495612
550.0 0.002179118564527016
551.0 0.002043504355242476
552.0 0.0019078901459579356
553.0 0.0019888646420440637
554.0 0.002069839320029132
555.0 0.0017151100109913386
556.0 0.001360380611004075
557.0 0.001328819416812621
558.0 0.001297258677368518
559.0 0.0012746735592372715
560.0 0.001252088350156555
561.0 0.001206556953547988
562.0 0.0011610255569394212
563.0 0.0014900616406521294
564.0 0.0018190978153143078
565.0 0.001896119829325471
566.0 0.0019731420252355747
567.0 0.002062525527435355
568.0 0.0021519088477361947
569.0 0.002456778020132333
570.0 0.0027616473744274117
571.0 0.002731609492911957
572.0 0.002701571793295443
573.0 0.0022493275537271984
574.0 0.001797082950361073
575.0 0.0017016971469274722
576.0 0.001606311161594931
577.0 0.00182846615643939
578.0 0.002050621151283849
579.0 0.0019831288227578625
580.0 0.0019156366761308163
581.0 0.0021794270651298575
582.0 0.0024432174541288987
583.0 0.002083629988192115
584.0 0.001724042340356391
585.0 0.002019901694438886
586.0 0.002315761048521381
587.0 0.0019311346477479674
588.0 0.001546508246974554
589.0 0.0013672569366462994
590.0 0.001188005626318045
591.0 0.00138473988045007
592.0 0.0015814743164810352
593.0 0.0010480941455170978
594.0 0.0005147140655026305
595.0 0.0008007571523194201
596.0 0.0010868001481867395
597.0 0.0008570171303290408
598.0 0.0006272338396229316
599.0 0.0008629098374512978
600.0 0.001098585835279664
601.0 0.0009581345693732146
602.0 0.0008176833034667652
603.0 0.0012120383871661033
604.0 0.0016063935618149117
605.0 0.001327073641732568
606.0 0.0010477538125996944
607.0 0.0009397494977747556
608.0 0.0008317453648487572
609.0 0.0008373432137886994
610.0 0.0008429412446275819
611.0 0.0011455129424575716
612.0 0.0014480845493380912
613.0 0.0014842104974377435
614.0 0.0015203369912342168
615.0 0.0014933652892068494
616.0 0.001466393587179482
617.0 0.00160633117047837
618.0 0.0017462685718783177
619.0 0.0016235228031291626
620.0 0.0015007769434305374
621.0 0.0015803854694240727
622.0 0.0016599939044681378
623.0 0.0012609381883521564
624.0 0.0008618821993877646
625.0 0.0011432613064243924
626.0 0.0014246401406126097
627.0 0.001729112227621954
628.0 0.002033584132732358
629.0 0.0019794779291260056
630.0 0.0019253713617217727
631.0 0.002242468144686427
632.0 0.0025595649276510812
633.0 0.0028081232812837698
634.0 0.003056681453017518
635.0 0.0055440483265556395
636.0 0.008031415927689523
637.0 0.01480760402046144
638.0 0.021583795023616403
639.0 0.019772515224758536
640.0 0.01796124124666676
641.0 0.01575823553139344
642.0 0.013555228360928595
643.0 0.009755526116350666
644.0 0.005955823871772736
645.0 0.006384804873960093
646.0 0.006813785148551688
647.0 0.006414833478629589
648.0 0.006015882172505371
649.0 0.004863995491177775
650.0 0.0037121088098501787
651.0 0.003795813609031029
652.0 0.00387951877200976
653.0 0.0031626397685613483
654.0 0.002445760583213996
655.0 0.0024297194613609463
656.0 0.0024136783395078965
657.0 0.00269640950136818
658.0 0.0029791401175316423
659.0 0.0023494105334975757
660.0 0.001719680949463509
661.0 0.002268569187435787
662.0 0.0028174574254080653
663.0 0.002396442687313538
664.0 0.0019754283130168915
665.0 0.0018001666830969043
666.0 0.0016249050531769171
667.0 0.001465378409193363
668.0 0.0013058514923613984
669.0 0.0013991983905725647
670.0 0.0014925451978342608
671.0 0.0015812591300345957
672.0 0.00166997269843705
673.0 0.0015662206351407804
674.0 0.0014624685718445107
675.0 0.0011724854630301706
676.0 0.0008825024451653007
677.0 0.0012067589523212519
678.0 0.0015310155504266731
679.0 0.0016285201127175242
680.0 0.0017260252207051963
681.0 0.002150461841665674
682.0 0.002574898644525092
683.0 0.002704664620978292
684.0 0.002834430597431492
685.0 0.0023740718461340293
686.0 0.0019137130948365666
687.0 0.0018935181287815794
688.0 0.001873322980827652
689.0 0.002305159614479635
690.0 0.002736996248131618
691.0 0.0022834441551822238
692.0 0.0018298918803338893
693.0 0.002181541458412539
694.0 0.00253319140028907
695.0 0.0031933752325130627
696.0 0.003853558882838115
697.0 0.00406674480473157
698.0 0.0042799303628271446
699.0 0.00571146301808767
700.0 0.007142993854358792
701.0 0.007107041164999828
702.0 0.00707108702044934
703.0 0.006649468559771776
704.0 0.006227851554285735
705.0 0.005000660166842863
706.0 0.003773470234591514
707.0 0.003386887692613527
708.0 0.003000305332534481
709.0 0.0036534693208523095
710.0 0.0043066334910690784
711.0 0.004205488949082792
712.0 0.004104345134692267
713.0 0.003139249747619033
714.0 0.0021741541786468588
715.0 0.0022814951080363244
716.0 0.0023888356736279093
717.0 0.0018763183106784709
718.0 0.0013638011296279728
719.0 0.0015315343262045644
720.0 0.001699268068477977
721.0 0.002063526517304126
722.0 0.0024277849661302753
723.0 0.002457324444549158
724.0 0.002486863922968041
725.0 0.0014318497051135637
726.0 0.0003768355782085564
727.0 0.0008797583177511115
728.0 0.0013826811482431367
729.0 0.0012420448911143467
730.0 0.0011014086339855567
731.0 0.0007406280019495171
732.0 0.0003798473471761099
733.0 0.0008004468327271752
734.0 0.0012210463864903431
735.0 0.001403821079293266
736.0 0.0015865956811467186
737.0 0.001374689418298658
738.0 0.0011627830645011272
739.0 0.0014794560229347553
740.0 0.0017961290723178536
741.0 0.001547422471048776
742.0 0.0012987156878807582
743.0 0.0014222031495592091
744.0 0.0015456904293387197
745.0 0.0018592314518173225
746.0 0.0021727726561948657
747.0 0.002201611096097622
748.0 0.002230449717899319
749.0 0.002890918403863907
750.0 0.0035513872717274353
751.0 0.0029952028853585944
752.0 0.0024390186808886938
753.0 0.002490883161954116
754.0 0.002542747461120598
755.0 0.002124638376699295
756.0 0.001706528928480111
757.0 0.00203679664991796
758.0 0.0023670643713558093
759.0 0.0024994236810016446
760.0 0.002631782626849599
761.0 0.0044394389988156036
762.0 0.006247094279387966
763.0 0.006153437425382435
764.0 0.0060597809351747856
765.0 0.0050895247113658115
766.0 0.0041192684875568375
767.0 0.004211616032989696
768.0 0.004303963578422554
769.0 0.00515510437253397
770.0 0.006006245894241147
771.0 0.005214745760895312
772.0 0.004423245991347358
773.0 0.004261692083673552
774.0 0.004100137812201865
775.0 0.04018482577521354
776.0 0.05366418627090752
777.0 0.006261756789172068
778.0 1.5926356370862815e-10
779.0 0.0005187205260881456
780.0 1.5926356370862815e-10
781.0 1.5926356370862815e-10
782.0 0.05624822806566954
783.0 0.03558561147656292
784.0 0.002106092324538622
785.0 1.5926356370862815e-10
786.0 1.5926356370862815e-10
787.0 0.00475531596748624
788.0 0.03833305381704122
789.0 0.037026984500698745
790.0 0.07783807814121246
791.0 1.5926356370862815e-10
792.0 0.04957824130542576
793.0 0.1156466081738472
794.0 0.03232747840229422
795.0 0.08471817127428949
796.0 0.08573165396228433
797.0 0.09606732055544853
798.0 1.5926356370862815e-10
799.0 1.5926356370862815e-10
800.0 0.08579085697419941
801.0 0.3017641371116042
802.0 0.5046069622039795
803.0 0.8979045785963535
804.0 1.311264280229807
805.0 2.2476892918348312
806.0 3.3304329961538315
807.0 5.072964727878571
808.0 6.9704413414001465
809.0 9.369176626205444
810.0 12.238553911447525
811.0 15.412244200706482
812.0 18.586567044258118
813.0 21.49001508951187
814.0 24.13482666015625
815.0 27.838659286499023
816.0 32.45575129985809
817.0 37.83409595489502
818.0 43.49520802497864
819.0 49.107322096824646
820.0 56.504881381988525
821.0 63.86701464653015
822.0 70.71002125740051
823.0 76.46245956420898
824.0 82.24163055419922
825.0 87.36176490783691
826.0 91.26880168914795
827.0 94.2198097705841
828.0 97.50060439109802
829.0 98.37262034416199
830.0 98.26937317848206
831.0 99.43355321884155
832.0 98.49105477333069
833.0 99.9385118484497
834.0 98.6048936843872
835.0 99.30493235588074
836.0 99.15661811828613
837.0 98.92516136169434
838.0 98.35314154624939
839.0 98.65018129348755
840.0 99.04093742370605
841.0 99.5452880859375
842.0 99.50314164161682
843.0 100.08496046066284
844.0 98.80368709564209
845.0 98.62666130065918
846.0 99.30756092071533
847.0 99.21020865440369
848.0 99.76807236671448
849.0 98.75381588935852
850.0 98.48483204841614
851.0 98.96008372306824
852.0 99.28427338600159
853.0 99.00949597358704
854.0 99.69075322151184
855.0 98.67039918899536
856.0 99.07360076904297
857.0 97.97670245170593
858.0 98.81663918495178
859.0 99.24131035804749
860.0 98.66124391555786
861.0 98.89528155326843
862.0 98.75399470329285
863.0 98.47313165664673
864.0 99.81521368026733
865.0 99.63881373405457
866.0 98.89875054359436
867.0 99.5812714099884
868.0 99.52160716056824
869.0 98.88325333595276
870.0 98.06500673294067
871.0 99.05831217765808
872.0 99.51627850532532
873.0 99.0239679813385
874.0 99.66314435005188
875.0 98.91697764396667
876.0 99.00481104850769
877.0 99.28874373435974
878.0 99.36793446540833
879.0 98.6554503440857
880.0 99.03092384338379
881.0 99.93128180503845
882.0 99.04469847679138
883.0 98.83008599281311
884.0 99.36089515686035
885.0 98.85875582695007
886.0 98.58916997909546
887.0 98.66907596588135
888.0 98.94410371780396
889.0 99.6845543384552
890.0 98.39362502098083
891.0 99.60055351257324
892.0 98.91599416732788
893.0 98.71318340301514
894.0 98.22993278503418
895.0 99.49581623077393
896.0 99.12983775138855
