lsstCam/transmission_filter_detector/r44_sw0/i_39/19700101T000000.ecsv
# %ECSV 1.0
# ---
# datatype:
# - {name: wavelength, unit: nm, datatype: float32}
# - {name: efficiency, unit: '%', datatype: float64}
# meta: !!omap
# - {MODE: DETECTOR}
# - {TYPE: transmission_filter_detector}
# - {CALIBDATE: '1970-01-01T00:00:00'}
# - {INSTRUME: LSSTCam}
# - {OBSTYPE: transmission_filter_detector}
# - {CALIBCLS: lsst.ip.isr.IntermediateFilterDetectorTransmissionCurve}
# - {SOURCE: Materion (DM-46256)}
# - {DETECTOR: 203}
# - {FILTER: i_39}
# - {CALIB_ID: 'calibDate=1970-01-01T00:00:00 filter=i_39 detector=203'}
# - {DATE: '2025-04-02T15:59:47.420050'}
# - {CALIB_CREATION_DATE: '2025-04-02'}
# - {CALIB_CREATION_TIME: '15:59:47'}
# - __serialized_columns__:
#     efficiency:
#       __class__: astropy.units.quantity.Quantity
#       unit: !astropy.units.Unit {unit: '%'}
#       value: !astropy.table.SerializedColumn {name: efficiency}
#     wavelength:
#       __class__: astropy.units.quantity.Quantity
#       unit: !astropy.units.Unit {unit: nm}
#       value: !astropy.table.SerializedColumn {name: wavelength}
# schema: astropy-2.0
wavelength efficiency
300.0 0.04148606094531715
301.0 0.02275847946293652
302.0 0.0040309023461304605
303.0 0.013751817459706217
304.0 0.02347273111809045
305.0 0.018330736202187836
306.0 0.013188739831093699
307.0 0.010962430678773671
308.0 0.008736120071262121
309.0 0.00521666843269486
310.0 0.0016972164303297177
311.0 1.6507642692023539e-10
312.0 1.6507642692023539e-10
313.0 1.6507642692023539e-10
314.0 0.00265241033048369
315.0 0.004434544462128542
316.0 0.006216678593773395
317.0 0.004556513522402383
318.0 0.0028963488148292527
319.0 0.002993308225995861
320.0 0.0030902658181730658
321.0 0.0014304409887699876
322.0 1.6507642692023539e-10
323.0 0.00016680135104252258
324.0 0.0005629875886370428
325.0 0.00266035658569308
326.0 0.004757726128445938
327.0 0.003371532875462435
328.0 0.001985339622478932
329.0 1.6507642692023539e-10
330.0 1.6507642692023539e-10
331.0 1.6507642692023539e-10
332.0 0.0020479244994930923
333.0 0.000859011197462678
334.0 1.6507642692023539e-10
335.0 0.0005648416845360771
336.0 0.0014595844731957186
337.0 0.0023223430616781116
338.0 0.0031851010135142133
339.0 0.0006876455245219404
340.0 1.6507642692023539e-10
341.0 5.744549866903981e-05
342.0 0.0019247008822276257
343.0 0.001174648423329927
344.0 0.00042459637370484415
345.0 0.0002618955249999999
346.0 9.919452850226662e-05
347.0 0.0007523212843807414
348.0 0.0014054478924663272
349.0 0.0010953889614029322
350.0 0.0007853301212890074
351.0 0.0007225747140182648
352.0 0.0006598193067475222
353.0 0.0006886121809657197
354.0 0.000717404918759712
355.0 0.0008246476681961212
356.0 0.0009318903721577954
357.0 1.6507642692023539e-10
358.0 1.6507642692023539e-10
359.0 1.6507642692023539e-10
360.0 1.6507642692023539e-10
361.0 1.6507642692023539e-10
362.0 0.0003656317176137236
363.0 0.00015440780316566816
364.0 1.6507642692023539e-10
365.0 0.00047338044169009663
366.0 0.0010035771083494183
367.0 0.0006421827038138872
368.0 0.0002807884357025614
369.0 1.6507642692023539e-10
370.0 1.6507642692023539e-10
371.0 1.6507642692023539e-10
372.0 1.6507642692023539e-10
373.0 0.00019448295915935887
374.0 0.0006085780569264898
375.0 0.00046468553591694217
376.0 0.0003207932650184375
377.0 0.0004976664513378637
378.0 0.0006745395694451872
379.0 0.00038376142583729234
380.0 9.298300369664503e-05
381.0 1.6507642692023539e-10
382.0 1.6507642692023539e-10
383.0 1.6507642692023539e-10
384.0 1.6507642692023539e-10
385.0 1.6507642692023539e-10
386.0 0.00022461952084995573
387.0 0.0003063404847125639
388.0 0.0003880612894135993
389.0 0.00025675144570413977
390.0 0.00012544131777758594
391.0 1.6507642692023539e-10
392.0 1.6507642692023539e-10
393.0 0.0002465414127073018
394.0 0.0009595477422408294
395.0 0.000964076207310427
396.0 0.0009686044904810842
397.0 0.0003544559604051756
398.0 1.6507642692023539e-10
399.0 0.0005114597570354817
400.0 0.0012826119927922264
401.0 0.004751778396894224
402.0 0.008220945164794102
403.0 0.006524602940771729
404.0 0.004828260716749355
405.0 0.0023519733076682314
406.0 1.6507642692023539e-10
407.0 0.0009706815944809932
408.0 0.0020656767446780577
409.0 0.0022051017367630266
410.0 0.0023445261831511743
411.0 0.0014796499272051733
412.0 0.0006147737167339073
413.0 0.0031827374186832458
414.0 0.005750701893703081
415.0 0.006949326052563265
416.0 0.008147948392434046
417.0 0.006807485624449328
418.0 0.005467022128868848
419.0 0.004241144415573217
420.0 0.003015267247974407
421.0 0.004627823727787472
422.0 0.006240380753297359
423.0 0.00599023187533021
424.0 0.005740081178373657
425.0 0.004985306804883294
426.0 0.004230531703797169
427.0 0.004668048131861724
428.0 0.00510556528752204
429.0 0.0043319316318957135
430.0 0.003558298703865148
431.0 0.00411543260270264
432.0 0.004672566137742251
433.0 0.0037728914321633056
434.0 0.0028732170903822407
435.0 0.0026382987925899215
436.0 0.0024033806766965427
437.0 0.0014457767974818125
438.0 0.0004881730092165526
439.0 0.0010336708328395616
440.0 0.0015791687474120408
441.0 0.0015063958016980905
442.0 0.0014336231288325507
443.0 0.0014258982446335722
444.0 0.0014181731785356533
445.0 0.001104268176277401
446.0 0.000790362901170738
447.0 0.00098110385806649
448.0 0.0011718446330633014
449.0 0.0009421936738363001
450.0 0.0007125425327103585
451.0 0.00046028139877307694
452.0 0.00020802040126000065
453.0 9.279224855163193e-05
454.0 1.6507642692023539e-10
455.0 0.0005102869181428105
456.0 0.001043009524437366
457.0 0.0009134653737419285
458.0 0.0007839209501980804
459.0 0.00045277824938239064
460.0 0.00012163559404143598
461.0 0.00025938988983398303
462.0 0.0003971440946770599
463.0 0.0004355478267825674
464.0 0.0004739518317364855
465.0 0.0002561339670137386
466.0 3.8316309769470536e-05
467.0 0.0003208736416127067
468.0 0.0006034309535607463
469.0 0.0006033983481756877
470.0 0.0006033656063664239
471.0 0.00037922013689239975
472.0 0.00015507470152442693
473.0 0.000186262104762136
474.0 0.00021744945115642622
475.0 0.00017015388493746286
476.0 0.00012285827324376442
477.0 0.0005597029485215899
478.0 0.0009965478056983557
479.0 0.0005333102308213711
480.0 7.007269005043781e-05
481.0 0.000729959810996661
482.0 0.0013898470569984056
483.0 0.0025084702429012395
484.0 0.003627093246905133
485.0 0.004225703014526516
486.0 0.004824312054552138
487.0 0.006399026460712776
488.0 0.007973740139277652
489.0 0.012452183000277728
490.0 0.016930626588873565
491.0 0.02146657061530277
492.0 0.026002517552115023
493.0 0.02942639694083482
494.0 0.03285027923993766
495.0 0.031126904650591314
496.0 0.029403530061244965
497.0 0.024138180015143007
498.0 0.018872831424232572
499.0 0.0141154057928361
500.0 0.00935798161663115
501.0 0.006435627437895164
502.0 0.0035132721677655354
503.0 0.002336789657420013
504.0 0.0011603069651755504
505.0 0.0014517588169837836
506.0 0.001743210304994136
507.0 0.002171542109863367
508.0 0.0025998737328336574
509.0 0.0024789513190626167
510.0 0.0023580285414936952
511.0 0.0022340924260788597
512.0 0.0021101559468661435
513.0 0.0020238274373696186
514.0 0.0019374989278730936
515.0 0.0019605638954089954
516.0 0.0019836290448438376
517.0 0.0019654007701319642
518.0 0.0019471724954200909
519.0 0.0018668082702788524
520.0 0.001786444045137614
521.0 0.0018111622921423987
522.0 0.001835880902945064
523.0 0.0018448921764502302
524.0 0.0018539034499553964
525.0 0.002265833427372854
526.0 0.002677763404790312
527.0 0.003059382288483903
528.0 0.0034410011721774936
529.0 0.0034408971259836107
530.0 0.0034407934435876086
531.0 0.003351776467752643
532.0 0.0032627594919176772
533.0 0.0026148925826419145
534.0 0.0019670256733661518
535.0 0.0017815642422647215
536.0 0.0015961024473654106
537.0 0.0020893558030365966
538.0 0.0025826095225056633
539.0 0.00318233942380175
540.0 0.0037820693250978366
541.0 0.004549697041511536
542.0 0.005317324757925235
543.0 0.005260642865323462
544.0 0.005203961336519569
545.0 0.004679425546783023
546.0 0.004154889757046476
547.0 0.003172599826939404
548.0 0.002190309896832332
549.0 0.0018506651031202637
550.0 0.0015110204913071357
551.0 0.00165473175002262
552.0 0.0017984431906370446
553.0 0.0018571847249404527
554.0 0.0019159262592438608
555.0 0.0016837406292324886
556.0 0.0014515551811200567
557.0 0.0011535479643498547
558.0 0.0008555407475796528
559.0 0.0006121191290731076
560.0 0.0003686975105665624
561.0 0.0005839417553943349
562.0 0.0007991860002221074
563.0 0.0011463839655334596
564.0 0.0014935817489458714
565.0 0.0014833517525403295
566.0 0.0014731218470842578
567.0 0.0015305375200114213
568.0 0.0015879531929385848
569.0 0.001229151075676782
570.0 0.0008703490493644495
571.0 0.0005696815605915617
572.0 0.00026901411729340907
573.0 0.00031864642551227007
574.0 0.0003682787564684986
575.0 0.00041267894630436786
576.0 0.00045707911340286955
577.0 0.0004146722858422436
578.0 0.000372265390069515
579.0 0.00031305107768275775
580.0 0.00025383671982126543
581.0 0.00037226368476694915
582.0 0.0004906907179247355
583.0 0.00039093288251024205
584.0 0.0002911750470957486
585.0 0.00043251893657725304
586.0 0.0005738626441598171
587.0 0.0005030108241044218
588.0 0.0004321590495237615
589.0 0.000653668985250988
590.0 0.0008751790119276848
591.0 0.0006455371476477012
592.0 0.00041589514694351237
593.0 0.00047589210225851275
594.0 0.0005358890575735131
595.0 0.00043458803702378646
596.0 0.0003332870846861624
597.0 0.0003142334435324301
598.0 0.0002951798478534329
599.0 0.0002990003622471704
600.0 0.0003028209448530106
601.0 0.00034246581890329253
602.0 0.00038211073842830956
603.0 0.0003307034603494685
604.0 0.000279296205007995
605.0 0.00040973873183247633
606.0 0.0005401812359195901
607.0 0.0004672984687204007
608.0 0.00039441556509700604
609.0 0.0004112205260753399
610.0 0.000428025623477879
611.0 0.0003456035074123065
612.0 0.00026318141408410156
613.0 0.00021193807242525509
614.0 0.00016069481034719502
615.0 0.00017245178014491103
616.0 0.00018420881815472967
617.0 0.000271156341113965
618.0 0.00035810396639135433
619.0 0.0002927145260400721
620.0 0.0002273252221129951
621.0 0.0002878698524000356
622.0 0.00034841457363654627
623.0 0.00029393968361546285
624.0 0.00023946488454384962
625.0 0.00029956661364849424
626.0 0.00035966834275313886
627.0 0.0003564366807040642
628.0 0.0003532050413923571
629.0 0.0003745479034478194
630.0 0.00039589072002854664
631.0 0.0004473007720662281
632.0 0.0004987107331544394
633.0 0.0004410757810546784
634.0 0.00038344087442965247
635.0 0.0003537351176419179
636.0 0.0003240294063289184
637.0 0.00030711153158335947
638.0 0.0002901936568378005
639.0 0.0004067713234690018
640.0 0.000523348944625468
641.0 0.0005344437795429258
642.0 0.0005455385689856485
643.0 0.00046055538405198604
644.0 0.000375572130906221
645.0 0.0004887254817731446
646.0 0.0006018789008521708
647.0 0.0006829061931057367
648.0 0.0007639333489350975
649.0 0.000707756089468603
650.0 0.0006515788300021086
651.0 0.0007184557489381405
652.0 0.0007853325769247022
653.0 0.0007813563570380211
654.0 0.0007773802281008102
655.0 0.0009982728442992084
656.0 0.0012191654604976065
657.0 0.0018029739294433966
658.0 0.0023867823983891867
659.0 0.0041327370126964524
660.0 0.06996633019298315
661.0 0.10935543105006218
662.0 0.12040211586281657
663.0 0.09828750044107437
664.0 0.14522658893838525
665.0 0.14887957368046045
666.0 0.136153947096318
667.0 0.17082502599805593
668.0 0.20339337643235922
669.0 0.21629126276820898
670.0 0.3306176280602813
671.0 0.4880945663899183
672.0 0.7437491323798895
673.0 1.2131844647228718
674.0 1.860225573182106
675.0 2.672559954226017
676.0 3.6827776581048965
677.0 5.036357417702675
678.0 6.3742004334926605
679.0 7.7843353152275085
680.0 9.65702310204506
681.0 11.700881272554398
682.0 14.147670567035675
683.0 16.96479767560959
684.0 20.06232440471649
685.0 22.91845977306366
686.0 25.97310245037079
687.0 29.175880551338196
688.0 32.41977393627167
689.0 35.64581274986267
690.0 39.33953642845154
691.0 43.36997866630554
692.0 48.17782640457153
693.0 53.25629711151123
694.0 59.05558466911316
695.0 64.69521522521973
696.0 70.91335654258728
697.0 76.49279832839966
698.0 82.43777751922607
699.0 87.16734051704407
700.0 90.71540236473083
701.0 93.65438222885132
702.0 95.69723606109619
703.0 96.79229855537415
704.0 97.33823537826538
705.0 97.79508113861084
706.0 97.81643748283386
707.0 98.01756739616394
708.0 98.09415340423584
709.0 98.09660315513611
710.0 97.9192316532135
711.0 98.09274077415466
712.0 97.9860007762909
713.0 98.08446168899536
714.0 98.07464480400085
715.0 98.10065627098083
716.0 97.98015356063843
717.0 98.23340177536011
718.0 98.28457832336426
719.0 98.28214645385742
720.0 98.59773516654968
721.0 98.467355966568
722.0 98.21885228157043
723.0 98.01756143569946
724.0 97.63380289077759
725.0 97.272127866745
726.0 97.02966213226318
727.0 96.723872423172
728.0 96.43629193305969
729.0 96.210777759552
730.0 96.26860022544861
731.0 96.27647399902344
732.0 96.33681774139404
733.0 96.59483432769775
734.0 96.9826877117157
735.0 97.14668989181519
736.0 97.60643243789673
737.0 98.01638722419739
738.0 98.35013747215271
739.0 98.65571856498718
740.0 98.79220724105835
741.0 98.61381649971008
742.0 98.93245100975037
743.0 98.83876442909241
744.0 98.63665103912354
745.0 98.63004088401794
746.0 98.53477478027344
747.0 98.81352186203003
748.0 98.68770837783813
749.0 98.58419895172119
750.0 98.58572483062744
751.0 98.45442771911621
752.0 98.37903380393982
753.0 98.57845902442932
754.0 98.51532578468323
755.0 98.58254194259644
756.0 98.65014553070068
757.0 98.70176911354065
758.0 98.85075092315674
759.0 98.82517457008362
760.0 98.7492024898529
761.0 98.61181378364563
762.0 98.68320226669312
763.0 98.67776036262512
764.0 98.51413369178772
765.0 98.44964742660522
766.0 98.54612350463867
767.0 98.33367466926575
768.0 98.42649698257446
769.0 98.38430881500244
770.0 98.14437627792358
771.0 98.20528030395508
772.0 98.24039936065674
773.0 98.12161326408386
774.0 97.96063899993896
775.0 98.07315468788147
776.0 97.95944094657898
777.0 98.06222319602966
778.0 97.96087145805359
779.0 98.07506203651428
780.0 97.9703962802887
781.0 98.23663234710693
782.0 98.13650250434875
783.0 98.22858572006226
784.0 98.18523526191711
785.0 98.22421073913574
786.0 98.41088652610779
787.0 98.13670516014099
788.0 98.25136065483093
789.0 98.34794402122498
790.0 98.26384782791138
791.0 98.34706783294678
792.0 98.18198084831238
793.0 98.14138412475586
794.0 98.16656708717346
795.0 98.06845188140869
796.0 98.0144739151001
797.0 98.08648824691772
798.0 97.97987937927246
799.0 97.89904356002808
800.0 97.7245032787323
801.0 97.77917861938477
802.0 97.69269227981567
803.0 97.4845290184021
804.0 97.33384251594543
805.0 96.9162106513977
806.0 96.6698706150055
807.0 95.9510862827301
808.0 95.163494348526
809.0 94.1088080406189
810.0 92.88146495819092
811.0 91.2616491317749
812.0 89.07297253608704
813.0 86.70544624328613
814.0 83.78555178642273
815.0 80.35043478012085
816.0 76.82790756225586
817.0 72.56489396095276
818.0 67.74412393569946
819.0 63.49220275878906
820.0 58.44990015029907
821.0 53.87575626373291
822.0 49.41354691982269
823.0 44.692039489746094
824.0 40.06347358226776
825.0 35.77120006084442
826.0 31.27020001411438
827.0 26.60054862499237
828.0 22.478140890598297
829.0 18.29814612865448
830.0 14.112979173660278
831.0 10.751734673976898
832.0 7.549553364515305
833.0 5.033113807439804
834.0 3.190438449382782
835.0 1.9585754722356796
836.0 1.1801752261817455
837.0 0.654586311429739
838.0 0.3449592972174287
839.0 0.2459729090332985
840.0 0.1512541901320219
841.0 0.07444791262969375
842.0 0.04605612775776535
843.0 0.02606702910270542
844.0 0.014769173867534846
845.0 0.021871212811674923
846.0 1.6507642692023539e-10
847.0 1.6507642692023539e-10
848.0 1.6507642692023539e-10
849.0 1.6507642692023539e-10
850.0 1.6507642692023539e-10
851.0 0.0015067814274516422
852.0 0.0025704430299811065
853.0 0.0014030930287844967
854.0 0.00023574300485051936
855.0 0.0003023679255420575
856.0 0.00036899286897096317
857.0 0.0005164995400264161
858.0 0.0006640062565566041
859.0 0.00040357895159104373
860.0 0.0001431516921002185
861.0 0.00016613856814728933
862.0 0.00018912531913883868
863.0 0.00012618055507118697
864.0 6.323580805656093e-05
865.0 0.000126912607356644
866.0 0.0001905894009723852
867.0 8.248155722867523e-05
868.0 1.6507642692023539e-10
869.0 8.107442681648536e-05
870.0 0.00018777517425405676
871.0 8.96779454251373e-05
872.0 1.6507642692023539e-10
873.0 4.5264903292263625e-05
874.0 9.894906725094188e-05
875.0 8.892266691873374e-05
876.0 7.889625521784183e-05
877.0 5.9845552868864615e-05
878.0 4.0794887468109664e-05
879.0 0.00013207281881477684
880.0 0.0002233508212157176
881.0 0.00016321589555445826
882.0 0.00010308100399925024
883.0 5.284559847495984e-05
884.0 2.610205562803003e-06
885.0 3.758250244345618e-06
886.0 4.906232220491802e-06
887.0 2.1876948608223756e-05
888.0 3.884759678385308e-05
889.0 0.00017898313444675296
890.0 0.0003191186351614306
891.0 7.33701313038182e-05
892.0 1.6507642692023539e-10
893.0 3.035809115203847e-06
894.0 0.00017844994317783858
895.0 0.0001675662019806623
896.0 0.00015668243804611848
