lsstCam/transmission_filter_detector/r44_sw0/i_39/19700101T000000.ecsv
# %ECSV 1.0
# ---
# datatype:
# - {name: wavelength, unit: nm, datatype: float32}
# - {name: efficiency, unit: '%', datatype: float64}
# meta: !!omap
# - {MODE: DETECTOR}
# - {TYPE: transmission_filter_detector}
# - {CALIBDATE: '1970-01-01T00:00:00'}
# - {INSTRUME: LSSTCam}
# - {OBSTYPE: transmission_filter_detector}
# - {CALIBCLS: lsst.ip.isr.IntermediateFilterDetectorTransmissionCurve}
# - {SOURCE: Materion (DM-46256)}
# - {DETECTOR: 203}
# - {FILTER: i_39}
# - {CALIB_ID: 'calibDate=1970-01-01T00:00:00 filter=i_39 detector=203'}
# - {DATE: '2025-04-02T15:59:47.420050'}
# - {CALIB_CREATION_DATE: '2025-04-02'}
# - {CALIB_CREATION_TIME: '15:59:47'}
# - __serialized_columns__:
#     efficiency:
#       __class__: astropy.units.quantity.Quantity
#       unit: !astropy.units.Unit {unit: '%'}
#       value: !astropy.table.SerializedColumn {name: efficiency}
#     wavelength:
#       __class__: astropy.units.quantity.Quantity
#       unit: !astropy.units.Unit {unit: nm}
#       value: !astropy.table.SerializedColumn {name: wavelength}
# schema: astropy-2.0
wavelength efficiency
[from data line 598]
898.0 5.2479737178146024e-05
899.0 6.210642595760874e-05
900.0 7.173310336838767e-05
901.0 7.540156730101444e-05
902.0 7.907002554929932e-05
903.0 1.160831217816849e-05
904.0 1.6507642692023539e-10
905.0 6.287895075729466e-05
906.0 0.00018161134676120128
907.0 1.6507642692023539e-10
908.0 1.6507642692023539e-10
909.0 1.6507642692023539e-10
910.0 1.6507642692023539e-10
911.0 1.6507642692023539e-10
912.0 1.6507642692023539e-10
913.0 3.698760622228292e-05
914.0 9.576255024512648e-05
915.0 0.00013234838434073026
916.0 0.00016893418433028273
917.0 8.72886687375285e-06
918.0 1.6507642692023539e-10
919.0 1.6507642692023539e-10
920.0 1.6507642692023539e-10
921.0 1.6507642692023539e-10
922.0 1.6507642692023539e-10
923.0 1.6507642692023539e-10
924.0 1.6507642692023539e-10
925.0 3.72793010683381e-05
926.0 0.00010680740842872183
927.0 1.6507642692023539e-10
928.0 1.6507642692023539e-10
929.0 4.387521101989478e-06
930.0 0.0001477711407460447
931.0 1.6507642692023539e-10
932.0 1.6507642692023539e-10
933.0 1.6507642692023539e-10
934.0 1.6507642692023539e-10
935.0 1.6507642692023539e-10
936.0 1.6507642692023539e-10
937.0 1.6507642692023539e-10
938.0 1.6507642692023539e-10
939.0 1.6507642692023539e-10
940.0 1.6507642692023539e-10
941.0 2.9073868290652172e-05
942.0 0.00011831514257210074
943.0 8.678173344378592e-05
944.0 5.524831294678734e-05
945.0 4.919930916003068e-05
946.0 4.3150336637154396e-05
947.0 1.6507642692023539e-10
948.0 1.6507642692023539e-10
949.0 1.771760906876807e-05
950.0 0.00014198631106410176
951.0 4.548023753159214e-05
952.0 1.6507642692023539e-10
953.0 1.6507642692023539e-10
954.0 1.6507642692023539e-10
955.0 1.6507642692023539e-10
956.0 0.00016950549479588517
957.0 0.00011609255352595937
958.0 6.26796463620849e-05
959.0 0.00016564213183301035
960.0 0.0002686046173039358
961.0 0.00019048756030315417
962.0 0.00011237049193368875
963.0 7.391354301944375e-05
964.0 3.5456582736514974e-05
965.0 1.6507642692023539e-10
966.0 1.6507642692023539e-10
967.0 1.6507642692023539e-10
968.0 1.6507642692023539e-10
969.0 1.2915396041535132e-05
970.0 6.340058575915464e-05
971.0 1.6507642692023539e-10
972.0 1.6507642692023539e-10
973.0 1.6507642692023539e-10
974.0 1.6507642692023539e-10
975.0 4.9049259587263805e-05
976.0 0.0001742618565003795
977.0 4.935695301355736e-05
978.0 1.6507642692023539e-10
979.0 1.6507642692023539e-10
980.0 5.998197138978867e-05
981.0 6.250191404433281e-05
982.0 6.502186238321883e-05
983.0 2.1241500292035198e-05
984.0 1.6507642692023539e-10
985.0 1.6507642692023539e-10
986.0 1.6507642692023539e-10
987.0 1.6507642692023539e-10
988.0 1.6507642692023539e-10
989.0 1.6507642692023539e-10
990.0 1.6507642692023539e-10
991.0 1.6507642692023539e-10
992.0 1.6507642692023539e-10
993.0 5.311450195222278e-05
994.0 0.00019015641328223865
995.0 0.0002479010390743497
996.0 0.0003056456307604094
997.0 0.00019608228285505902
998.0 8.651894063405052e-05
999.0 5.398876723461399e-06
1000.0 1.6507642692023539e-10
1001.0 4.859793989453465e-05
1002.0 0.00017291711174038937
1003.0 0.00016659089396853233
1004.0 0.00016026468756535905
1005.0 0.00023999307359190425
1006.0 0.00031972158467397094
1007.0 0.00032889856811380014
1008.0 0.00033807566524046706
1009.0 0.0002518721657907008
1010.0 0.00016566859812883195
1011.0 0.0001916725523187779
1012.0 0.00021767650650872383
1013.0 0.00013246318530946155
1014.0 4.724988116322493e-05
1015.0 1.6507642692023539e-10
1016.0 1.6507642692023539e-10
1017.0 0.00018167628468290786
1018.0 0.00043112227103847545
1019.0 0.0001745093413774157
1020.0 1.6507642692023539e-10
1021.0 1.6507642692023539e-10
1022.0 3.774660939370733e-06
1023.0 4.956006023348891e-05
1024.0 9.5345376394107e-05
1025.0 0.00015426250001837616
1026.0 0.00021317957816791022
1027.0 0.00033021135550370673
1028.0 0.0004472430191526655
1029.0 0.0006481602667918196
1030.0 0.0008490774234815035
1031.0 0.001101864381780615
1032.0 0.0013546513400797267
1033.0 0.0017351079804939218
1034.0 0.002115564166160766
1035.0 0.002388677421549801
1036.0 0.002661790313140955
1037.0 0.002922922431025654
1038.0 0.0031840547308092937
1039.0 0.003132966230623424
1040.0 0.0030818773666396737
1041.0 0.0030308918212540448
1042.0 0.002979906275868416
1043.0 0.0030149767553666607
1044.0 0.003050047598662786
1045.0 0.0032308489608112723
1046.0 0.003411650686757639
1047.0 0.003294619091320783
1048.0 0.0031775874958839267
1049.0 0.002979504279210232
1050.0 0.0027814205168397166
1051.0 0.0025209039449691772
1052.0 0.002260387373098638
1053.0 0.002294566002092324
1054.0 0.0023287446310860105
1055.0 0.0016535213944735005
1056.0 0.0009782979759620503
1057.0 0.0011173114216944668
1058.0 0.0012563249583763536
1059.0 0.0008784802957961801
1060.0 0.0005006356332160067
1061.0 0.0006876945008116309
1062.0 0.000874753368407255
1063.0 0.0011593507224461064
1064.0 0.0014439478036365472
1065.0 0.0021514055333682336
1066.0 0.00285886326309992
1067.0 0.0035934652260039
1068.0 0.004328067734604701
1069.0 0.004230912963976152
1070.0 0.004133759284741245
1071.0 0.004072279261890799
1072.0 0.0040108003304339945
1073.0 0.0034648732253117487
1074.0 0.002918946120189503
1075.0 0.0028252605261513963
1076.0 0.0027315743864164688
1077.0 0.003436682527535595
1078.0 0.004141790486755781
1079.0 0.0035008470149477944
1080.0 0.0028599033612408675
1081.0 0.002747428516158834
1082.0 0.0026349536710768007
1083.0 0.0020123126887483522
1084.0 0.0013896715245209634
1085.0 0.0008721235644770786
1086.0 0.0003545757635947666
1087.0 0.00042451742956473026
1088.0 0.0004944592092215316
1089.0 1.6507642692023539e-10
1090.0 1.6507642692023539e-10
1091.0 0.0002639705144247273
1092.0 0.00129030868265545
1093.0 0.00040812087718222756
1094.0 1.6507642692023539e-10
1095.0 1.6507642692023539e-10
1096.0 1.6507642692023539e-10
1097.0 1.6507642692023539e-10
1098.0 1.6507642692023539e-10
1099.0 0.0011069786523876246
1100.0 0.0022421221729018725
