lsstCam/transmission_filter_detector/r24_s22/r_57/19700101T000000.ecsv
# %ECSV 1.0
# ---
# datatype:
# - {name: wavelength, unit: nm, datatype: float32}
# - {name: efficiency, unit: '%', datatype: float64}
# meta: !!omap
# - {MODE: DETECTOR}
# - {TYPE: transmission_filter_detector}
# - {CALIBDATE: '1970-01-01T00:00:00'}
# - {INSTRUME: LSSTCam}
# - {OBSTYPE: transmission_filter_detector}
# - {CALIBCLS: lsst.ip.isr.IntermediateFilterDetectorTransmissionCurve}
# - {SOURCE: Materion (DM-46256)}
# - {DETECTOR: 116}
# - {FILTER: r_57}
# - {CALIB_ID: 'calibDate=1970-01-01T00:00:00 filter=r_57 detector=116'}
# - {DATE: '2025-04-02T15:59:44.719708'}
# - {CALIB_CREATION_DATE: '2025-04-02'}
# - {CALIB_CREATION_TIME: '15:59:44'}
# - __serialized_columns__:
#     efficiency:
#       __class__: astropy.units.quantity.Quantity
#       unit: !astropy.units.Unit {unit: '%'}
#       value: !astropy.table.SerializedColumn {name: efficiency}
#     wavelength:
#       __class__: astropy.units.quantity.Quantity
#       unit: !astropy.units.Unit {unit: nm}
#       value: !astropy.table.SerializedColumn {name: wavelength}
# schema: astropy-2.0
wavelength efficiency
[from data line 603]
903.0 1.7057277899162893e-10
904.0 1.7057277899162893e-10
905.0 1.7057277899162893e-10
906.0 1.3341933424726449e-05
907.0 3.815631544057396e-05
908.0 2.8779504646081477e-05
909.0 1.940268248290522e-05
910.0 1.7057277899162893e-10
911.0 1.7057277899162893e-10
912.0 1.7057277899162893e-10
913.0 8.556428383599268e-05
914.0 7.774443133712339e-05
915.0 6.99245731539122e-05
916.0 4.631720571524056e-05
917.0 2.2709838276568917e-05
918.0 0.00012757359399984125
919.0 0.00023243733267008793
920.0 0.00018132631112166564
921.0 0.00013021525546719204
922.0 0.00020579591364366934
923.0 0.0002813765377140953
924.0 0.0002432173005217919
925.0 0.00020505804059212096
926.0 0.0001779784611244395
927.0 0.00015089887028807425
928.0 0.00012172946526334272
929.0 9.256004318558553e-05
930.0 0.00017207321434398182
931.0 0.00025158640255540377
932.0 0.00017427324792151921
933.0 9.696012739368598e-05
934.0 0.00012565885754156625
935.0 0.00015435758768944652
936.0 0.00016970949445749284
937.0 0.0001850613784881716
938.0 0.000201317084247421
939.0 0.00021757275590061909
940.0 0.00021362768620747374
941.0 0.00020968259377696086
942.0 0.0002721817054407438
943.0 0.00033468083984189434
944.0 0.0003088784524152288
945.0 0.00028307608772593085
946.0 0.00037111258279765025
947.0 0.00045914912334410474
948.0 0.000402851674152771
949.0 0.00034655436138564255
950.0 0.00045270689952303655
951.0 0.0005588594831351656
952.0 0.0006953915089980001
953.0 0.0008319237167597748
954.0 0.0010368791663495358
955.0 0.0012418348887877073
956.0 0.0013269062037579715
957.0 0.0014119774277787656
958.0 0.0016584810509812087
959.0 0.0019049848560825922
960.0 0.001994799640669953
961.0 0.002084614425257314
962.0 0.0022278851247392595
963.0 0.0023711556423222646
964.0 0.002338985723326914
965.0 0.0023068154405336827
966.0 0.002347353074583225
967.0 0.002387890526733827
968.0 0.0023133929062169045
969.0 0.0022388954675989226
970.0 0.0022819311197963543
971.0 0.002324966771993786
972.0 0.002477181624271907
973.0 0.0026293962946510874
974.0 0.0029219479984021746
975.0 0.003214499884052202
976.0 0.003233373718103394
977.0 0.0032522475521545857
978.0 0.00324664797517471
979.0 0.0032410487619927153
980.0 0.0032176591048482805
981.0 0.003194269447703846
982.0 0.0032631658541504294
983.0 0.003332062260597013
984.0 0.0032065683626569808
985.0 0.0030810748285148293
986.0 0.002964943996630609
987.0 0.002848813346645329
988.0 0.002768476952041965
989.0 0.002688141103135422
990.0 0.002686386687855702
991.0 0.002684632272575982
992.0 0.0026790667106979527
993.0 0.0026735013307188638
994.0 0.0027333178877597675
995.0 0.0027931340810027905
996.0 0.0028412203391781077
997.0 0.002889306597353425
998.0 0.0029986424124217592
999.0 0.003107978409389034
1000.0 0.003182558066328056
1001.0 0.0032571377232670784
1002.0 0.0035278128052596003
1003.0 0.003798487887252122
1004.0 0.003864311656798236
1005.0 0.0039301346987485886
1006.0 0.0041351773688802496
1007.0 0.004340220402809791
1008.0 0.004337094287620857
1009.0 0.004333967808634043
1010.0 0.004346341665950604
1011.0 0.0043587158870650455
1012.0 0.004321186861488968
1013.0 0.00428365747211501
1014.0 0.0040699942474020645
1015.0 0.003856331022689119
1016.0 0.003557527088560164
1017.0 0.003258723154431209
1018.0 0.0028872796974610537
1019.0 0.002515836422389839
1020.0 0.0021857251340406947
1021.0 0.0018556138456915505
1022.0 0.0015662082660128362
1023.0 0.0012768024134857114
1024.0 0.0012939538464706857
1025.0 0.00131110527945566
1026.0 0.0011683024240483064
1027.0 0.0010254994776914828
1028.0 0.0009558742931403685
1029.0 0.0008862491085892543
1030.0 0.000885380450199591
1031.0 0.0008845115189615171
1032.0 0.0008559715752198827
1033.0 0.0008274314495793078
1034.0 0.0007583089427498635
1035.0 0.0006891861175972736
1036.0 0.0007447502412105678
1037.0 0.0008003143193491269
1038.0 0.0007398159596050391
1039.0 0.0006793176453356864
1040.0 0.0007241732419061009
1041.0 0.0007690287930017803
1042.0 0.0008075190635281615
1043.0 0.000846008970256662
1044.0 0.0009158156899502501
1045.0 0.0009856225005933084
1046.0 0.001003831403068034
1047.0 0.0010220405783911701
1048.0 0.000935857678996399
1049.0 0.0008496749615005683
1050.0 0.0009522372238279786
1051.0 0.0010547993952059187
1052.0 0.0010771295819722582
1053.0 0.001099459404940717
1054.0 0.0009404749107488897
1055.0 0.0007814904165570624
1056.0 0.000793181243352592
1057.0 0.0008048722520470619
1058.0 0.0008214260560635012
1059.0 0.000837979678181
1060.0 0.001024650555336848
1061.0 0.0012113211596442852
1062.0 0.0013822802429785952
1063.0 0.001553239235363435
1064.0 0.0012203017831780016
1065.0 0.0008873642400430981
1066.0 0.0012020123904221691
1067.0 0.0015166605408012401
1068.0 0.0017379390556016006
1069.0 0.00195921711565461
1070.0 0.0017151423890027218
1071.0 0.0014710676623508334
1072.0 0.001655750020290725
1073.0 0.001840432196331676
1074.0 0.002176681300625205
1075.0 0.0025129302230197936
1076.0 0.0027251860956312157
1077.0 0.002937441968242638
1078.0 0.003338952228659764
1079.0 0.0037404628528747708
1080.0 0.0040714090573601425
1081.0 0.0044023548980476335
1082.0 0.004216168963466771
1083.0 0.004029983392683789
1084.0 0.004551975507638417
1085.0 0.005073967622593045
1086.0 0.004996469215257093
1087.0 0.004918970444123261
1088.0 0.004770134910359047
1089.0 0.004621299740392715
1090.0 0.0041700550355017185
1091.0 0.0037188103306107223
1092.0 0.004026781243737787
1093.0 0.004334752156864852
1094.0 0.004421046105562709
1095.0 0.004507340054260567
1096.0 0.0036201905459165573
1097.0 0.002733040673774667
1098.0 0.0028385384212015197
1099.0 0.002944036532426253
1100.0 0.002801559639920015
1101.0 0.0026590822017169558
