lsstCam/transmission_filter_detector/r24_s22/r_57/19700101T000000.ecsv
# %ECSV 1.0
# ---
# datatype:
# - {name: wavelength, unit: nm, datatype: float32}
# - {name: efficiency, unit: '%', datatype: float64}
# meta: !!omap
# - {MODE: DETECTOR}
# - {TYPE: transmission_filter_detector}
# - {CALIBDATE: '1970-01-01T00:00:00'}
# - {INSTRUME: LSSTCam}
# - {OBSTYPE: transmission_filter_detector}
# - {CALIBCLS: lsst.ip.isr.IntermediateFilterDetectorTransmissionCurve}
# - {SOURCE: Materion (DM-46256)}
# - {DETECTOR: 116}
# - {FILTER: r_57}
# - {CALIB_ID: 'calibDate=1970-01-01T00:00:00 filter=r_57 detector=116'}
# - {DATE: '2025-04-02T15:59:44.719708'}
# - {CALIB_CREATION_DATE: '2025-04-02'}
# - {CALIB_CREATION_TIME: '15:59:44'}
# - __serialized_columns__:
#     efficiency:
#       __class__: astropy.units.quantity.Quantity
#       unit: !astropy.units.Unit {unit: '%'}
#       value: !astropy.table.SerializedColumn {name: efficiency}
#     wavelength:
#       __class__: astropy.units.quantity.Quantity
#       unit: !astropy.units.Unit {unit: nm}
#       value: !astropy.table.SerializedColumn {name: wavelength}
# schema: astropy-2.0
wavelength efficiency
300.0 0.003346416269778274
301.0 0.008432707545580342
302.0 0.01351899845758453
303.0 0.01675404200796038
304.0 0.019989085558336228
305.0 0.018009639461524785
306.0 0.016030191909521818
307.0 0.014754729636479169
308.0 0.013479268818628043
309.0 0.011874626216012985
310.0 0.010269984340993688
311.0 0.008866425196174532
312.0 0.007462866778951138
313.0 0.006817450048401952
314.0 0.006172033317852765
315.0 0.005828403664054349
316.0 0.005484775829245336
317.0 0.005526106542674825
318.0 0.0055674376199021935
319.0 0.005144351962371729
320.0 0.0047212670324370265
321.0 0.0045127981138648465
322.0 0.004304329922888428
323.0 0.003985377406934276
324.0 0.0036664248909801245
325.0 0.0035757755540544167
326.0 0.003485127672320232
327.0 0.0035825305531034246
328.0 0.003679933797684498
329.0 0.0036704313970403746
330.0 0.0036609293601941317
331.0 0.0033624222851358354
332.0 0.003063914118683897
333.0 0.0026941053874907084
334.0 0.0023242970200954005
335.0 0.0020936171495122835
336.0 0.0018629372789291665
337.0 0.0017652597307460383
338.0 0.00166758218256291
339.0 0.0015784966308274306
340.0 0.0014894111700414214
341.0 0.001449407955078641
342.0 0.0014094047401158605
343.0 0.001377512944600312
344.0 0.001345621330983704
345.0 0.0013466041309584398
346.0 0.001347587112832116
347.0 0.001283806068386184
348.0 0.0012200252058391925
349.0 0.001190104285342386
350.0 0.004314577745390125
351.0 0.0054442953114630654
352.0 0.0065740125137381256
353.0 0.006484243931481615
354.0 0.006394475349225104
355.0 0.005417580541688949
356.0 0.004440686461748555
357.0 0.00517986154591199
358.0 0.005919036993873306
359.0 0.004861367779085413
360.0 0.003803698200499639
361.0 0.003010821637872141
362.0 0.0022179454390425235
363.0 0.0028013046176056378
364.0 0.0033846641599666327
365.0 0.0032315601856680587
366.0 0.0030784562113694847
367.0 0.0032711865060264245
368.0 0.003463916073087603
369.0 0.003194819510099478
370.0 0.0029257225833134726
371.0 0.003029595063708257
372.0 0.0031334675441030413
373.0 0.0028367474442347884
374.0 0.0025400267986697145
375.0 0.0019470244296826422
376.0 0.0013540221516450401
377.0 0.0014283634300227277
378.0 0.0015027049812488258
379.0 0.001552155845274683
380.0 0.0016016072549973615
381.0 0.0020985993614885956
382.0 0.0025955918317777105
383.0 0.00342270614055451
384.0 0.004249820995028131
385.0 0.00511376274516806
386.0 0.005977704495307989
387.0 0.005202128522796556
388.0 0.004426552914083004
389.0 0.0037829300708835945
390.0 0.0031393061362905428
391.0 0.0025012877813423984
392.0 0.001863269426394254
393.0 0.0017586544345249422
394.0 0.0016540394426556304
395.0 0.001431604141544085
396.0 0.0012091687494830694
397.0 0.001044348937284667
398.0 0.000879529306985205
399.0 0.0007440343324560672
400.0 0.0006085390850785188
401.0 0.000546070805285126
402.0 0.0004836022071685875
403.0 0.0005253532890492352
404.0 0.0005671045528288232
405.0 0.0010353118341299705
406.0 0.0015035190699563827
407.0 0.0017483782357885502
408.0 0.0019932373106712475
409.0 0.0014291115803644061
410.0 0.0008649859410070349
411.0 0.0009347606464871205
412.0 0.0010045354429166764
413.0 0.0012036955922667403
414.0 0.0014028558325662743
415.0 0.0014441212442761753
416.0 0.0014853869288344868
417.0 0.0016224967112066224
418.0 0.001759606493578758
419.0 0.0023266858988790773
420.0 0.002893765122280456
421.0 0.004453073051990941
422.0 0.0060123806179035455
423.0 0.009671055886428803
424.0 0.0133297304273583
425.0 0.01740303705446422
426.0 0.021476343681570143
427.0 0.021662442304659635
428.0 0.021848545293323696
429.0 0.016972713638097048
430.0 0.012096882710466161
431.0 0.008656462887302041
432.0 0.005216041972744279
433.0 0.004228573743603192
434.0 0.003241105514462106
435.0 0.0026437663109390996
436.0 0.0020464271074160933
437.0 0.001542836253065616
438.0 0.001039245671563549
439.0 0.001023570712277433
440.0 0.0010078955710923765
441.0 0.001189000795420725
442.0 0.0013701062016480137
443.0 0.0016656213119858876
444.0 0.0019611365132732317
445.0 0.001806480941013433
446.0 0.001651825732551515
447.0 0.0015218794942484237
448.0 0.0013919335287937429
449.0 0.0015856363461352885
450.0 0.0017793388906284235
451.0 0.0018661265130504034
452.0 0.001952913953573443
453.0 0.001880187301139813
454.0 0.0018074602849083021
455.0 0.0015649136912543327
456.0 0.0013223673704487737
457.0 0.0010661336091288831
458.0 0.0008098998478089925
459.0 0.0009907974344969261
460.0 0.0011716950211848598
461.0 0.0017566981114214286
462.0 0.002341700928809587
463.0 0.003266819112468511
464.0 0.004191937478026375
465.0 0.005275175499264151
466.0 0.006358412792906165
467.0 0.006852571823401377
468.0 0.007346730853896588
469.0 0.006290659075602889
470.0 0.0052345880249049515
471.0 0.0039756512705935165
472.0 0.0027167145162820816
473.0 0.002063479223579634
474.0 0.0014102434761298355
475.0 0.0010813480002980214
476.0 0.0007524526154156774
477.0 0.0007659234142920468
478.0 0.000779394122218946
479.0 0.0008457495823677164
480.0 0.0009121049515670165
481.0 0.0007489352356060408
482.0 0.0005857656105945352
483.0 0.0006724480499542551
484.0 0.000759130489313975
485.0 0.0007449717031704495
486.0 0.0007308127806027187
487.0 0.0005995703304506605
488.0 0.0004683278348238673
489.0 0.0006019832653691992
490.0 0.0007356386959145311
491.0 0.0008480734322802164
492.0 0.0009605082595953718
493.0 0.0010052268407889642
494.0 0.0010499454219825566
495.0 0.0010536549780226778
496.0 0.0010573642612143885
497.0 0.0011851432645926252
498.0 0.0013129219951224513
499.0 0.0013398685950960498
500.0 0.0013668153769685887
501.0 0.0014681540960737038
502.0 0.001569492815178819
503.0 0.002028373819484841
504.0 0.002487254641891923
505.0 0.0030831972253508866
506.0 0.00367913962691091
507.0 0.004386268847156316
508.0 0.005093398431199603
509.0 0.005446029172162525
510.0 0.005798660276923329
511.0 0.005273865463095717
512.0 0.004749070649268106
513.0 0.00400947428715881
514.0 0.003269877561251633
515.0 0.0030683757358929142
516.0 0.0028668739105341956
517.0 0.002848643998731859
518.0 0.0028304137231316417
519.0 0.038507889257743955
520.0 0.07808471564203501
521.0 0.15139586757868528
522.0 0.09796159574761987
523.0 0.12519160518422723
524.0 0.04468366678338498
525.0 0.06800020346418023
526.0 0.07909014238975942
527.0 0.10476043680682778
528.0 0.10520670330151916
529.0 0.09901180164888501
530.0 0.16391663812100887
531.0 0.21903249435126781
532.0 0.31983847729861736
533.0 0.39258585311472416
534.0 0.5718268919736147
535.0 0.7139152381569147
536.0 1.1739864014089108
537.0 1.8648244440555573
538.0 2.8541199862957
539.0 4.4588640332221985
540.0 6.769280135631561
541.0 9.433422237634659
542.0 12.726452946662903
543.0 17.02069789171219
544.0 22.378472983837128
545.0 28.18574607372284
546.0 35.25294065475464
547.0 42.48532950878143
548.0 51.08731389045715
549.0 58.8304340839386
550.0 64.30996060371399
551.0 70.50505876541138
552.0 74.27261471748352
553.0 78.20152640342712
554.0 81.63986802101135
555.0 85.2847695350647
556.0 88.42086791992188
557.0 90.52440524101257
558.0 93.15928220748901
559.0 94.96110677719116
560.0 94.89680528640747
561.0 96.14688158035278
562.0 95.83635926246643
563.0 95.64011096954346
564.0 95.72239518165588
565.0 95.4550564289093
566.0 96.00778818130493
567.0 96.33541107177734
568.0 96.34374380111694
569.0 97.36372828483582
570.0 96.86880707740784
571.0 97.51114249229431
572.0 96.88878059387207
573.0 97.15302586555481
574.0 97.11824059486389
575.0 97.04136848449707
576.0 97.68819212913513
577.0 97.50531911849976
578.0 97.36000895500183
579.0 97.21415042877197
580.0 97.14100360870361
581.0 96.70544862747192
582.0 96.81451320648193
583.0 96.9866394996643
584.0 96.49238586425781
585.0 96.64396047592163
586.0 97.12436199188232
587.0 96.46763801574707
588.0 96.96204662322998
589.0 97.70957231521606
590.0 96.96646928787231
591.0 96.21361494064331
592.0 96.2111234664917
593.0 95.99239826202393
594.0 96.26523852348328
595.0 96.72062993049622
596.0 97.30623364448547
597.0 97.32083678245544
598.0 97.03365564346313
599.0 97.39326238632202
600.0 97.28096723556519
601.0 96.60142660140991
602.0 97.2009539604187
603.0 96.50338888168335
604.0 96.37923836708069
605.0 96.98799848556519
606.0 96.48039937019348
607.0 96.39565348625183
608.0 96.63223624229431
609.0 95.75088024139404
610.0 96.25663757324219
611.0 96.19054794311523
612.0 96.10596895217896
613.0 97.07454442977905
614.0 96.90523147583008
615.0 96.4311957359314
616.0 96.83331847190857
617.0 96.65457606315613
618.0 96.68499827384949
619.0 97.38543033599854
620.0 96.54423594474792
621.0 95.88434100151062
622.0 96.77625894546509
623.0 96.94643020629883
624.0 96.58246636390686
625.0 97.13841676712036
626.0 96.37858271598816
627.0 95.60242891311646
628.0 97.45151400566101
629.0 96.10732793807983
630.0 96.6366708278656
631.0 96.39081358909607
632.0 97.26178646087646
633.0 96.82687520980835
634.0 96.01442813873291
635.0 96.5778648853302
636.0 96.24360203742981
637.0 96.09823822975159
638.0 95.61355113983154
639.0 95.46432495117188
640.0 96.0493266582489
641.0 95.78257203102112
642.0 96.54054045677185
643.0 96.52795195579529
644.0 96.54449820518494
645.0 96.91291451454163
646.0 96.58117294311523
647.0 97.33971953392029
648.0 96.72293663024902
649.0 95.78851461410522
650.0 96.79717421531677
651.0 97.25524187088013
652.0 97.00869917869568
653.0 96.13850116729736
654.0 96.98354601860046
655.0 96.83735370635986
656.0 95.99933624267578
657.0 95.97664475440979
658.0 96.41023278236389
659.0 96.40312790870667
660.0 95.67558169364929
661.0 95.4862892627716
662.0 96.0270345211029
663.0 95.9964394569397
664.0 95.12571096420288
665.0 95.40531039237976
666.0 95.40859460830688
667.0 96.03453278541565
668.0 95.08470892906189
669.0 95.90657353401184
670.0 95.66015601158142
671.0 95.73076963424683
672.0 95.21313905715942
673.0 95.50774693489075
674.0 94.88131403923035
675.0 95.42180895805359
676.0 94.94802355766296
677.0 93.69201064109802
678.0 92.68694519996643
679.0 91.27573370933533
680.0 90.09941220283508
681.0 88.23984861373901
682.0 85.49287915229797
683.0 82.15293884277344
684.0 78.60966324806213
685.0 74.37741160392761
686.0 70.15914916992188
687.0 65.57129621505737
688.0 60.941100120544434
689.0 56.842607259750366
690.0 51.78792476654053
691.0 47.91516363620758
692.0 42.9789274930954
693.0 38.17606568336487
694.0 32.82620906829834
695.0 27.30143666267395
696.0 21.528425812721252
697.0 16.43490195274353
698.0 11.281748116016388
699.0 7.463120669126511
700.0 5.006854236125946
701.0 2.908196486532688
702.0 1.7652204260230064
703.0 1.044425368309021
704.0 0.6130720488727093
705.0 0.38606273010373116
706.0 0.235101580619812
707.0 0.1402007881551981
708.0 0.14281980693340302
709.0 0.06781687261536717
710.0 0.08169125067070127
711.0 0.04344721382949501
712.0 0.07271950016729534
713.0 0.03337928210385144
714.0 0.03059307928197086
715.0 0.049294589553028345
716.0 0.060483586275950074
717.0 0.08437372744083405
718.0 0.0543339061550796
719.0 1.7057277899162893e-10
720.0 1.7057277899162893e-10
721.0 0.00428014354838524
722.0 0.0039823160477681085
723.0 0.003684488547150977
724.0 0.003421525252633728
725.0 0.0031585619581164792
726.0 0.0029201488359831274
727.0 0.0026817357138497755
728.0 0.0025344679670524783
729.0 0.002387200038356241
730.0 0.0022306592654786073
731.0 0.002074118674499914
732.0 0.002056006451311987
733.0 0.0020378942281240597
734.0 0.0019397773939999752
735.0 0.0018416605598758906
736.0 0.0017202351955347694
737.0 0.0015988098311936483
738.0 0.001576476097397972
739.0 0.0015541421817033552
740.0 0.0014920160538167693
741.0 0.0014298901078291237
742.0 0.0013089813364786096
743.0 0.0011880725651280954
744.0 0.0013097470400680322
745.0 0.0014314216059574392
746.0 0.0012589444850164
747.0 0.001086467455024831
748.0 0.001069732661562739
749.0 0.0010529978681006469
750.0 0.0010193267371505499
751.0 0.0009856558790488634
752.0 0.0010600266250548884
753.0 0.0011343974620103836
754.0 0.0010949352144962177
755.0 0.0010554732398304623
756.0 0.0009905576916935388
757.0 0.0009256423254555557
758.0 0.0009081806638278067
759.0 0.0008907190931495279
760.0 0.0008876260835677385
761.0 0.0008845331649354193
762.0 0.0008917549166653771
763.0 0.0008989768502942752
764.0 0.0008910760698199738
765.0 0.0008831753802951425
766.0 0.0007476737209799467
767.0 0.0006121718797658104
768.0 0.0005924001470702933
769.0 0.0005726282779505709
770.0 0.0006055302492313785
771.0 0.0006384322659869213
772.0 0.0006768952516722493
773.0 0.000715358055458637
774.0 0.0008185018486983608
775.0 0.0009216455509886146
776.0 0.0009568087989464402
777.0 0.0009919723197526764
778.0 0.0008586319381720386
779.0 0.0007252918749145465
780.0 0.0006497005870187422
781.0 0.0005741095264966134
782.0 0.0006823715011705644
783.0 0.0007906335667939857
784.0 0.0007516327059420291
785.0 0.0007126317996153375
786.0 0.0007253874173329677
787.0 0.000738143035050598
788.0 0.0006196160484250868
789.0 0.0005010890617995756
790.0 0.0006182744073157664
791.0 0.0007354598892561626
792.0 0.0007437201929860748
793.0 0.0007519804057665169
794.0 0.000779966103436891
795.0 0.0008079517101577949
796.0 0.0006795687113481108
797.0 0.0005511857125384267
798.0 0.0006191490683704615
799.0 0.0006871125606267015
800.0 0.0007052772616589209
801.0 0.0007234417807922
802.0 0.000666381356495549
803.0 0.0006093208867241628
804.0 0.000623980167802074
805.0 0.0006386394943547202
806.0 0.0006482826847786782
807.0 0.0006579258297279011
808.0 0.0006458159532485297
809.0 0.000633705940344953
810.0 0.0005929362032475183
811.0 0.0005521664206753485
812.0 0.0005291529760143021
813.0 0.0005061394404037856
814.0 0.00047787066250748467
815.0 0.00044960193008591887
816.0 0.0005771834821644006
817.0 0.0007047652161418227
818.0 0.0005667498498951318
819.0 0.00042873434722423553
820.0 0.0004316997092246311
821.0 0.0004346650712250266
822.0 0.00045465062612493057
823.0 0.0004746361810248345
824.0 0.00043135783016623463
825.0 0.0003880793428834295
826.0 0.0004087067281943746
827.0 0.0004293340225558495
828.0 0.0003452786813795683
829.0 0.00026122331746591954
830.0 0.0001284506538468122
831.0 1.7057277899162893e-10
832.0 1.7057277899162893e-10
833.0 1.7057277899162893e-10
834.0 1.7057277899162893e-10
835.0 0.0001344231463917822
836.0 0.00025997373995778617
837.0 0.0003855243448924739
838.0 0.0006847224994999124
839.0 0.0009839206541073509
840.0 0.001404050362907583
841.0 0.001824180071707815
842.0 0.002560535904194694
843.0 0.003296892100479454
844.0 0.003926609133486636
845.0 0.004556325438898057
846.0 0.0046879893488949165
847.0 0.004819652531296015
848.0 0.004084287502337247
849.0 0.003348923200974241
850.0 0.0025820216251304373
851.0 0.001815119685488753
852.0 0.001514908126409864
853.0 0.001214696476381505
854.0 0.0010370964446337894
855.0 0.0008594961400376633
856.0 0.0006955976004974218
857.0 0.00053169887905824
858.0 0.0005623076958727324
859.0 0.0005929165126872249
860.0 0.00048700694605940953
861.0 0.00038109731121949153
862.0 0.0004660000740841497
863.0 0.0005509029051609104
864.0 0.00044604198592423927
865.0 0.00034118120311177336
866.0 0.0002666859700184432
867.0 0.00019219071418774547
868.0 0.00017140957879746566
869.0 0.00015062843203850207
870.0 7.51639049667574e-05
871.0 1.7057277899162893e-10
872.0 1.7057277899162893e-10
873.0 1.7057277899162893e-10
874.0 1.7057277899162893e-10
875.0 1.7057277899162893e-10
876.0 2.579654676537757e-05
877.0 0.00013722095673074364
878.0 0.00019080362108070403
879.0 0.00024438627406198066
880.0 0.00017689454807623406
881.0 0.00010940281072180369
882.0 0.0001504300712440454
883.0 0.00019145734313497087
884.0 8.33290812352061e-05
885.0 1.7057277899162893e-10
886.0 9.211272526954417e-05
887.0 0.0002090245970975957
888.0 0.0002450076181048644
889.0 0.00028099063911213307
890.0 0.00019686096948134946
891.0 0.00011273131121924962
892.0 2.1410818362710415e-05
893.0 1.7057277899162893e-10
894.0 1.7057277899162893e-10
895.0 4.648580329558172e-05
896.0 6.0360162024153396e-05
897.0 7.42345491744345e-05
898.0 0.00013434115544441738
899.0 0.00019444776171440026
900.0 9.541180361338775e-05
901.0 1.7057277899162893e-10
