lsstCam/transmission_sensor/r21_s02/19700101T000000.ecsv
# %ECSV 1.0
# ---
# datatype:
# - {name: amp_name, datatype: string}
# - {name: wavelength, unit: nm, datatype: float32}
# - {name: efficiency, unit: '%', datatype: float64}
# meta: !!omap
# - {MODE: AMP}
# - {TYPE: transmission_sensor}
# - {CALIBDATE: '1970-01-01T00:00:00'}
# - {INSTRUME: LSSTCam}
# - {OBSTYPE: transmission_sensor}
# - {DETECTOR: 83}
# - {PARQUETFILE: qe_raft_allvalues_nircorrected_20230725_adjust.parquet}
# - {CORRFILE: qe_corr_factor_bydetnum.parquet}
# - {CALIBCLS: lsst.ip.isr.IntermediateSensorTransmissionCurve}
# - {CALIB_ID: 'raftName=R21 detectorName=S02 detector=83 calibDate=1970-01-01T00:00:00 ccd=83 ccdnum=83 filter=None'}
# - {DATE: '2025-03-03T21:56:47.842732'}
# - {CALIB_CREATION_DATE: '2025-03-03'}
# - {CALIB_CREATION_TIME: '21:56:47'}
# - __serialized_columns__:
#     efficiency:
#       __class__: astropy.units.quantity.Quantity
#       unit: !astropy.units.Unit {unit: '%'}
#       value: !astropy.table.SerializedColumn {name: efficiency}
#     wavelength:
#       __class__: astropy.units.quantity.Quantity
#       unit: !astropy.units.Unit {unit: nm}
#       value: !astropy.table.SerializedColumn {name: wavelength}
# schema: astropy-2.0
amp_name wavelength efficiency
C00 319.992 43.07513528676584
C00 330.006 55.44816720288068
C00 349.994 77.14260365338363
C00 370.001 83.92249160233236
C00 400.009 87.9214024008582
C00 429.983 88.96766356119251
C00 449.989 89.8447245853567
C00 469.993 90.55324730285564
C00 500.016 92.94658254433057
C00 549.99 96.03349989241342
C00 569.998 96.88470392247447
C00 599.983 97.74921300775364
C00 630.013 98.28282255508087
C00 649.987 98.57459807988998
C00 670.017 98.64703417811009
C00 699.987 98.40847126693778
C00 720.012 98.3264044083368
C00 749.995 97.69003632133753
C00 770.007 97.28280578049326
C00 800.008 96.11354322632143
C00 830.013 94.33567138817544
C00 869.994 89.28150006949652
C00 900.005 82.06094777885524
C00 919.989 74.77269109059172
C00 959.989 52.90162984188728
C00 1000.013 26.704208138089495
C00 1030.002 10.741115354590136
C00 1049.996 5.2052253450200245
C00 1080.005 0.6772365236680631
C00 1100.007 0.0921252709434346
C01 319.992 43.2109738908267
C01 330.006 55.61732930287235
C01 349.994 77.33064691235265
C01 370.001 84.08921938690389
C01 400.009 88.07354711461606
C01 429.983 89.12199915882847
C01 449.989 90.00163903589086
C01 469.993 90.70768940179123
C01 500.016 93.10143543399332
C01 549.99 96.18730298355123
C01 569.998 97.03516743714529
C01 599.983 97.89189432031576
C01 630.013 98.42643955763259
C01 649.987 98.71527108223049
C01 670.017 98.78593469453533
C01 699.987 98.54289112154285
C01 720.012 98.46153173586083
C01 749.995 97.82176321450908
C01 770.007 97.40884246137027
C01 800.008 96.2430488066721
C01 830.013 94.46639412623618
C01 869.994 89.41278574299817
C01 900.005 82.21902613644964
C01 919.989 74.93418509700999
C01 959.989 53.090871240477135
C01 1000.013 26.736854590044086
C01 1030.002 10.706781998121754
C01 1049.996 5.183406842162688
C01 1080.005 0.6781497145802284
C01 1100.007 0.09224949336391285
C02 319.992 43.41862099616341
C02 330.006 55.88445358043485
C02 349.994 77.64683405648421
C02 370.001 84.33574707384143
C02 400.009 88.2179704841507
C02 429.983 89.23956137914917
C02 449.989 90.11462170032743
C02 469.993 90.81852682576383
C02 500.016 93.21031779839412
C02 549.99 96.28908779705523
C02 569.998 97.13135332518301
C02 599.983 97.98609471983893
C02 630.013 98.51163299010129
C02 649.987 98.79356475193028
C02 670.017 98.85912390908854
C02 699.987 98.6060083560453
C02 720.012 98.52103553341153
C02 749.995 97.87483129066781
C02 770.007 97.46183446517213
C02 800.008 96.29117217963372
C02 830.013 94.51403824334946
C02 869.994 89.49826825042301
C02 900.005 82.24505048973792
C02 919.989 74.93528053894904
C02 959.989 53.11845888069928
C02 1000.013 26.782963947357324
C02 1030.002 10.73151217043863
C02 1049.996 5.1743466244584075
C02 1080.005 0.6785176061915316
C02 1100.007 0.09229953808711464
C03 319.992 43.585116760046475
C03 330.006 56.093934029572345
C03 349.994 77.87072261001458
C03 370.001 84.50682619722645
C03 400.009 88.27620387334152
C03 429.983 89.27108576383979
C03 449.989 90.13850081315174
C03 469.993 90.83949997455534
C03 500.016 93.22777640429783
C03 549.99 96.29369017464641
C03 569.998 97.13488308254219
C03 599.983 97.98045015095852
C03 630.013 98.49905062227353
C03 649.987 98.77069740145248
C03 670.017 98.83409610367538
C03 699.987 98.5752827311019
C03 720.012 98.48226906034603
C03 749.995 97.8295378093821
C03 770.007 97.41014329867289
C03 800.008 96.23443741587342
C03 830.013 94.46062784158477
C03 869.994 89.47493685856824
C03 900.005 82.1912216900104
C03 919.989 74.90821399437152
C03 959.989 53.19304021938338
C03 1000.013 26.79159625805416
C03 1030.002 10.75079841471636
C03 1049.996 5.1735259939085765
C03 1080.005 0.6782035991214589
C03 1100.007 0.0922568233406448
C04 319.992 43.6196269847446
C04 330.006 56.14183298908116
C04 349.994 77.88529807359258
C04 370.001 84.4328458301617
C04 400.009 88.16424057848711
C04 429.983 89.15098272679934
C04 449.989 90.02329683589429
C04 469.993 90.72489696891725
C04 500.016 93.10915677821653
C04 549.99 96.16479317315076
C04 569.998 97.0002882615163
C04 599.983 97.83741890555476
C04 630.013 98.3513485341574
C04 649.987 98.61960248621955
C04 670.017 98.6786422423933
C04 699.987 98.41157501909845
C04 720.012 98.31417197335067
C04 749.995 97.65402366759105
C04 770.007 97.23573981329227
C04 800.008 96.05295920130305
C04 830.013 94.28257288307395
C04 869.994 89.3645102253228
C04 900.005 81.9901015928939
C04 919.989 74.68885935331114
C04 959.989 53.10989693693256
C04 1000.013 26.805344434751103
C04 1030.002 10.718955477031304
C04 1049.996 5.161710055076357
C04 1080.005 0.6769868426737919
C04 1100.007 0.09209130654777256
C05 319.992 43.94045834626362
C05 330.006 56.5552672306289
C05 349.994 78.41476928470559
C05 370.001 84.90132222552919
C05 400.009 88.560585165062
C05 429.983 89.5407546617399
C05 449.989 90.41319048660584
C05 469.993 91.11670003578647
C05 500.016 93.50766181972678
C05 549.99 96.56796145013769
C05 569.998 97.4024067399783
C05 599.983 98.23600001942188
C05 630.013 98.7415921177106
C05 649.987 99.00689446232585
C05 670.017 99.0610199442452
C05 699.987 98.78581297876433
C05 720.012 98.68271211348632
C05 749.995 98.0140665254633
C05 770.007 97.5859389081844
C05 800.008 96.39364925158532
C05 830.013 94.62339986359859
C05 869.994 89.69706053341902
C05 900.005 82.30832747618982
C05 919.989 74.96831115630587
C05 959.989 53.35681259289017
C05 1000.013 26.837374700614976
C05 1030.002 10.767151118731947
C05 1049.996 5.191891762668071
C05 1080.005 0.6794828298502292
C05 1100.007 0.09243083858254114
C06 319.992 43.95957152592945
C06 330.006 56.5800554081179
C06 349.994 78.4272679729408
C06 370.001 84.89535815274986
C06 400.009 88.45463158640104
C06 429.983 89.4042808534991
C06 449.989 90.26816614545186
C06 469.993 90.96214382831555
C06 500.016 93.34068299637754
C06 549.99 96.38747978344244
C06 569.998 97.21877567770827
C06 599.983 98.04588759234576
C06 630.013 98.54410827925291
C06 649.987 98.8102017763797
C06 670.017 98.86107136142464
C06 699.987 98.5818173465578
C06 720.012 98.47567358700464
C06 749.995 97.798561145661
C06 770.007 97.36636365728907
C06 800.008 96.18018261094737
C06 830.013 94.41295329552874
C06 869.994 89.55930110234698
C06 900.005 82.13465428543523
C06 919.989 74.88319379619405
C06 959.989 53.35330565723805
C06 1000.013 26.767315863547328
C06 1030.002 10.74430088453444
C06 1049.996 5.208146998976406
C06 1080.005 0.6779888281704167
C06 1100.007 0.09222760779871217
C07 319.992 44.10070856964692
C07 330.006 56.773728021495955
C07 349.994 78.71431179715205
C07 370.001 85.18043931015364
C07 400.009 88.63593483455058
C07 429.983 89.547601173859
C07 449.989 90.39621874378616
C07 469.993 91.08655256075534
C07 500.016 93.46359310338681
C07 549.99 96.51250470197296
C07 569.998 97.34182271495993
C07 599.983 98.16968774593053
C07 630.013 98.66849418998564
C07 649.987 98.93150675665883
C07 670.017 98.98033760253942
C07 699.987 98.70134223368596
C07 720.012 98.59306844814019
C07 749.995 97.91441934518761
C07 770.007 97.47942239408253
C07 800.008 96.29737207671936
C07 830.013 94.54709928964904
C07 869.994 89.7352108203938
C07 900.005 82.2324985508529
C07 919.989 75.03568844279354
C07 959.989 53.56916857711769
C07 1000.013 26.92888974594032
C07 1030.002 10.842384777876282
C07 1049.996 5.262503550679781
C07 1080.005 0.6787920129179387
C07 1100.007 0.09233686595283877
C10 319.992 42.74984608513372
C10 330.006 55.00193056104675
C10 349.994 76.15599843531379
C10 370.001 82.58069694275912
C10 400.009 87.4310171667096
C10 429.983 88.88973503880574
C10 449.989 89.92569600201863
C10 469.993 90.74186110450124
C10 500.016 93.23704201736568
C10 549.99 96.39119211445814
C10 569.998 97.24876340078994
C10 599.983 98.1111500673122
C10 630.013 98.64336749050854
C10 649.987 98.92434074064084
C10 670.017 98.98480304988821
C10 699.987 98.72867503151255
C10 720.012 98.63903897340212
C10 749.995 97.98860510761594
C10 770.007 97.57862074745265
C10 800.008 96.42198620452272
C10 830.013 94.65671955591156
C10 869.994 89.77144408397523
C10 900.005 82.11870191219772
C10 919.989 74.93433724172375
C10 959.989 53.329597707216735
C10 1000.013 26.870061090556927
C10 1030.002 10.705198742194211
C10 1049.996 5.190353199250194
C10 1080.005 0.6793063451746431
C10 1100.007 0.09240683116712935
C11 319.992 42.914847027204104
C11 330.006 55.20202368134539
C11 349.994 76.3882777698079
C11 370.001 82.78848097833821
C11 400.009 87.58267501738341
C11 429.983 89.0186852909512
C11 449.989 90.04791385058031
C11 469.993 90.85466119528131
C11 500.016 93.34012006093663
C11 549.99 96.48070645679756
C11 569.998 97.33224520522887
C11 599.983 98.19053157171535
C11 630.013 98.71218254454121
C11 649.987 98.98586045564883
C11 670.017 99.0514804706926
C11 699.987 98.78887869474654
C11 720.012 98.69274605735865
C11 749.995 98.04208397450182
C11 770.007 97.62844814120835
C11 800.008 96.46924235261591
C11 830.013 94.71508987534476
C11 869.994 89.81749828882974
C11 900.005 82.22939479869224
C11 919.989 75.06694657423509
C11 959.989 53.43917993730083
C11 1000.013 26.872514424066274
C11 1030.002 10.66996012467897
C11 1049.996 5.17546726536568
C11 1080.005 0.679677084341007
C11 1100.007 0.09245726324655358
C12 319.992 43.13325837103919
C12 330.006 55.47717739617646
C12 349.994 76.69854648457428
C12 370.001 83.01743595083671
C12 400.009 87.70308234385138
C12 429.983 89.12974332475875
C12 449.989 90.15585291775582
C12 469.993 90.96195364742336
C12 500.016 93.44721472495078
C12 549.99 96.58325960110604
C12 569.998 97.42798987359669
C12 599.983 98.27711712831494
C12 630.013 98.78479360918215
C12 649.987 99.05444729261087
C12 670.017 99.11001814931092
C12 699.987 98.83997649686212
C12 720.012 98.73990331138789
C12 749.995 98.08012776017696
C12 770.007 97.66059631922538
C12 800.008 96.494247336322
C12 830.013 94.73539358739575
C12 869.994 89.85319904591302
C12 900.005 82.26173315760147
C12 919.989 75.1008748454031
C12 959.989 53.47168565539519
C12 1000.013 26.837095134703446
C12 1030.002 10.650714769293064
C12 1049.996 5.168673528444161
C12 1080.005 0.6799408129294299
C12 1100.007 0.09249313855276475
C13 319.992 43.305071592668085
C13 330.006 55.69699227499596
C13 349.994 76.93778643972281
C13 370.001 83.20570742687637
C13 400.009 87.76425973325341
C13 429.983 89.1531431817347
C13 449.989 90.1766054567124
C13 469.993 90.97861349357983
C13 500.016 93.4581919660484
C13 549.99 96.58294009720714
C13 569.998 97.42927549642795
C13 599.983 98.26848291580919
C13 630.013 98.76887166488739
C13 649.987 99.03264495512937
C13 670.017 99.08073789914823
C13 699.987 98.80321072678252
C13 720.012 98.7016389158778
C13 749.995 98.03241517794251
C13 770.007 97.61036574197823
C13 800.008 96.43723871207695
C13 830.013 94.68864712409365
C13 869.994 89.7803901931442
C13 900.005 82.28357353126141
C13 919.989 74.98675109561333
C13 959.989 53.426753517804656
C13 1000.013 26.894740864937372
C13 1030.002 10.652105942519487
C13 1049.996 5.164687812395936
C13 1080.005 0.6796100376687971
C13 1100.007 0.09244814280985632
C14 319.992 43.35309607156575
C14 330.006 55.76578450732157
C14 349.994 77.00589402083652
C14 370.001 83.22029049769006
C14 400.009 87.67690584584933
C14 429.983 89.03769577293525
C14 449.989 90.04686405205538
C14 469.993 90.84321991280673
C14 500.016 93.31220150596207
C14 549.99 96.42150694867438
C14 569.998 97.25373092569414
C14 599.983 98.08891411739648
C14 630.013 98.5847689540047
C14 649.987 98.84537763420052
C14 670.017 98.88972781826094
C14 699.987 98.60397722411662
C14 720.012 98.50254995068995
C14 749.995 97.82945412978954
C14 770.007 97.39755332360943
C14 800.008 96.2253391619907
C14 830.013 94.48005672153164
C14 869.994 89.62812376361533
C14 900.005 82.04976514239404
C14 919.989 75.02035225564674
C14 959.989 53.407252369118744
C14 1000.013 26.773076442771984
C14 1030.002 10.628834457645763
C14 1049.996 5.170870593201271
C14 1080.005 0.6782029964770578
C14 1100.007 0.09225674136222693
C15 319.992 43.715364045876726
C15 330.006 56.23462605000208
C15 349.994 77.64179045922315
C15 370.001 83.82929535791999
C15 400.009 88.16528276977635
C15 429.983 89.48077160834086
C15 449.989 90.48191425381027
C15 469.993 91.26943811392796
C15 500.016 93.74235264793394
C15 549.99 96.850129036273
C15 569.998 97.68770089998134
C15 599.983 98.52133982283905
C15 630.013 99.0147831657342
C15 649.987 99.26741946292911
C15 670.017 99.31100131618504
C15 699.987 99.01844224610008
C15 720.012 98.908152543097
C15 749.995 98.22703869578154
C15 770.007 97.79712337811598
C15 800.008 96.61729437357367
C15 830.013 94.86753887853013
C15 869.994 90.01612321264061
C15 900.005 82.44369062802018
C15 919.989 75.4493318833227
C15 959.989 53.65239934277892
C15 1000.013 26.889381567395255
C15 1030.002 10.684417676103811
C15 1049.996 5.214745325031191
C15 1080.005 0.6809592536295755
C15 1100.007 0.0926316782241525
C16 319.992 43.69634215303915
C16 330.006 56.21562317525372
C16 349.994 77.61627579072595
C16 370.001 83.79647774316241
C16 400.009 88.04333117446375
C16 429.983 89.33041459496967
C16 449.989 90.32056478487007
C16 469.993 91.10282443789174
C16 500.016 93.56192423188851
C16 549.99 96.66235203055307
C16 569.998 97.49353381628357
C16 599.983 98.32286704374194
C16 630.013 98.81217205042287
C16 649.987 99.06451927266164
C16 670.017 99.10680028861495
C16 699.987 98.8103310993864
C16 720.012 98.6998131793127
C16 749.995 98.00740258700071
C16 770.007 97.57757094892773
C16 800.008 96.39635742749022
C16 830.013 94.6815191442541
C16 869.994 89.81861655247586
C16 900.005 82.43611382127503
C16 919.989 75.45156080337925
C16 959.989 53.491871455293015
C16 1000.013 26.868864852745006
C16 1030.002 10.68640221371389
C16 1049.996 5.252556614565631
C16 1080.005 0.6794366182999271
C16 1100.007 0.09242455237167756
C17 319.992 43.704809006359774
C17 330.006 56.239004014140455
C17 349.994 77.70057156938348
C17 370.001 83.8981484481311
C17 400.009 88.06536933625158
C17 429.983 89.3170030384519
C17 449.989 90.29642702603239
C17 469.993 91.07021982573343
C17 500.016 93.52528017757993
C17 549.99 96.62398874097902
C17 569.998 97.45762005660103
C17 599.983 98.29034611117619
C17 630.013 98.77919468371586
C17 649.987 99.03329157016285
C17 670.017 99.07476621913322
C17 699.987 98.77995540728465
C17 720.012 98.66206607582937
C17 749.995 97.97416657428032
C17 770.007 97.54147461558867
C17 800.008 96.36282473257798
C17 830.013 94.66193051235777
C17 869.994 89.83208135964342
C17 900.005 82.56367194928961
C17 919.989 75.4279631582754
C17 959.989 53.49645861841282
C17 1000.013 26.984833357189085
C17 1030.002 10.797885301815494
C17 1049.996 5.328301860309977
C17 1080.005 0.6792062087358622
C17 1100.007 0.09239320949105077
