lsstCam/transmission_sensor/r21_s02/19700101T000000.ecsv
# %ECSV 1.0
# ---
# datatype:
# - {name: amp_name, datatype: string}
# - {name: wavelength, unit: nm, datatype: float32}
# - {name: efficiency, unit: '%', datatype: float64}
# meta: !!omap
# - {MODE: AMP}
# - {TYPE: transmission_sensor}
# - {CALIBDATE: '1970-01-01T00:00:00'}
# - {INSTRUME: LSSTCAM}
# - {OBSTYPE: transmission_sensor}
# - {DETECTOR: 83}
# - {PARQUETFILE: qe_raft_allvalues_nircorrected_20230725.parquet}
# - {CALIBCLS: lsst.ip.isr.IntermediateSensorTransmissionCurve}
# - {CALIB_ID: 'raftName=R21 detectorName=S02 detector=83 calibDate=1970-01-01T00:00:00 ccd=83 ccdnum=83 filter=None'}
# - {DATE: '2024-01-18T22:42:25.268256'}
# - {CALIB_CREATION_DATE: '2024-01-18'}
# - {CALIB_CREATION_TIME: '22:42:25'}
# - __serialized_columns__:
#     efficiency:
#       __class__: astropy.units.quantity.Quantity
#       unit: !astropy.units.Unit {unit: '%'}
#       value: !astropy.table.SerializedColumn {name: efficiency}
#     wavelength:
#       __class__: astropy.units.quantity.Quantity
#       unit: !astropy.units.Unit {unit: nm}
#       value: !astropy.table.SerializedColumn {name: wavelength}
# schema: astropy-2.0
amp_name wavelength efficiency
C00 319.992 43.44680422178469
C00 330.006 54.23633661302313
C00 349.994 73.50486565897941
C00 370.001 79.73352388456134
C00 400.009 86.17735635302166
C00 429.983 87.70811865914881
C00 449.989 89.1143472841719
C00 469.993 90.49369394323878
C00 500.016 92.95689690742184
C00 549.99 96.2127396247523
C00 569.998 97.23526839128064
C00 599.983 98.33386267037142
C00 630.013 98.9827338927974
C00 649.987 99.27474563599714
C00 670.017 99.27575073399538
C00 699.987 98.83144322372878
C00 720.012 98.5988909129164
C00 749.995 98.63030474494042
C00 770.007 98.62120491388852
C00 800.008 97.7375714517436
C00 830.013 95.89285357793723
C00 869.994 90.96046693626964
C00 900.005 82.80740026195272
C00 919.989 74.07996991647612
C00 959.989 51.78959959137454
C00 1000.013 25.84953520118413
C00 1030.002 9.360018438245348
C00 1049.996 3.997182863998442
C00 1080.005 0.5977648976692647
C00 1100.007 0.11491228347048317
C01 319.992 43.58381489388362
C01 330.006 54.4018016420789
C01 349.994 73.68404154667306
C01 370.001 79.89192949835493
C01 400.009 86.32648306002027
C01 429.983 87.86026927622638
C01 449.989 89.26998612555452
C01 469.993 90.64803447159427
C01 500.016 93.1117669812444
C01 549.99 96.3668297784768
C01 569.998 97.38627633825048
C01 599.983 98.47739737682474
C01 630.013 99.1273736495371
C01 649.987 99.41641779898062
C01 670.017 99.41553651833591
C01 699.987 98.96644083173456
C01 720.012 98.73439271129973
C01 749.995 98.76329951191826
C01 770.007 98.74897558447839
C01 800.008 97.8692652847669
C01 830.013 96.0257341330412
C01 869.994 91.09422147841394
C01 900.005 82.96691655056968
C01 919.989 74.23996778418243
C01 959.989 51.97486299986257
C01 1000.013 25.88113679763028
C01 1030.002 9.330099678509324
C01 1049.996 3.9804280570575887
C01 1080.005 0.5985709284326477
C01 1100.007 0.11506723207306747
C02 319.992 43.79325365879346
C02 330.006 54.663087866065
C02 349.994 73.98531856419395
C02 370.001 80.12615182468649
C02 400.009 86.46804158663868
C02 429.983 87.97616712896283
C02 449.989 89.38205031677063
C02 469.993 90.75879900209077
C02 500.016 93.22066142841587
C02 549.99 96.46880456613304
C02 569.998 97.48281026218427
C02 599.983 98.57216120013523
C02 630.013 99.21317377855495
C02 649.987 99.49526756652475
C02 670.017 99.48919219669399
C02 699.987 99.0298293520302
C02 720.012 98.79406140842039
C02 749.995 98.81687836930088
C02 770.007 98.80269664262235
C02 800.008 97.9182017972026
C02 830.013 96.07416470314223
C02 869.994 91.18131151144648
C02 900.005 82.99317762965335
C02 919.989 74.24105307755232
C02 959.989 52.00187072807522
C02 1000.013 25.92577041675162
C02 1030.002 9.351650035360118
C02 1049.996 3.973470558668726
C02 1080.005 0.5988956490933008
C02 1100.007 0.11512965526444455
C03 319.992 43.961186012552226
C03 330.006 54.86799007882341
C03 349.994 74.19864942509899
C03 370.001 80.28869158143257
C03 400.009 86.5251198337424
C03 429.983 88.00724521241952
C03 449.989 89.4057353084369
C03 469.993 90.77975835765554
C03 500.016 93.23812197171625
C03 549.99 96.47341553373634
C03 569.998 97.48635279150295
C03 599.983 98.56648287041736
C03 630.013 99.20050180664714
C03 649.987 99.4722377957088
C03 670.017 99.46400487918042
C03 699.987 98.99897166449566
C03 720.012 98.75518750398075
C03 749.995 98.77114893741211
C03 770.007 98.75029431846384
C03 800.008 97.86050838750525
C03 830.013 96.01987266535214
C03 869.994 91.15754136538341
C03 900.005 82.93885918604153
C03 919.989 74.21423728720427
C03 959.989 52.07488431345969
C03 1000.013 25.934126448807376
C03 1030.002 9.368456446620463
C03 1049.996 3.9728403822298524
C03 1080.005 0.5986184897884649
C03 1100.007 0.11507637510576013
C04 319.992 43.99599400482265
C04 330.006 54.91484219715995
C04 349.994 74.21253756785642
C04 370.001 80.21840392371745
C04 400.009 86.41537749006213
C04 429.983 87.88884251415351
C04 449.989 89.29146786218206
C04 469.993 90.6652307219706
C04 500.016 93.1194891823119
C04 549.99 96.34427795510798
C04 569.998 97.35127095694422
C04 599.983 98.42259613813248
C04 630.013 99.05174787281283
C04 649.987 99.3200696959263
C04 670.017 99.30756024897073
C04 699.987 98.83456031620565
C04 720.012 98.58662457886244
C04 749.995 98.59394546872922
C04 770.007 98.57349142167827
C04 800.008 97.67596373991339
C04 830.013 95.83887858523322
C04 869.994 91.04503812434929
C04 900.005 82.735909636549
C04 919.989 73.99691482664035
C04 959.989 51.99348876251522
C04 1000.013 25.947434612660878
C04 1030.002 9.340707886622674
C04 1049.996 3.9637667177693143
C04 1080.005 0.597544515972805
C04 1100.007 0.1148699180454239
C05 319.992 44.319593623473374
C05 330.006 55.31924075211828
C05 349.994 74.71704102509035
C05 370.001 80.66349645071706
C05 400.009 86.80386001812883
C05 429.983 88.27309631774203
C05 449.989 89.67819193923562
C05 469.993 91.0567761151546
C05 500.016 93.51803844627314
C05 549.99 96.74819871715623
C05 569.998 97.75484444786011
C05 599.983 98.82356121302168
C05 630.013 99.44477053720131
C05 649.987 99.71011249765962
C05 670.017 99.69237499511657
C05 699.987 99.21040679757772
C05 720.012 98.95618603382381
C05 749.995 98.957453745831
C05 770.007 98.92850849197067
C05 800.008 98.02241042177126
C05 830.013 96.18533153625295
C05 869.994 91.38384214624281
C05 900.005 83.05703020370126
C05 919.989 74.27377768735876
C05 959.989 52.235214074062455
C05 1000.013 25.978439744161875
C05 1030.002 9.382706513401065
C05 1049.996 3.986943774744807
C05 1080.005 0.5997476067202232
C05 1100.007 0.1152934326905053
C06 319.992 44.33887171904914
C06 330.006 55.34348717911735
C06 349.994 74.72895032496011
C06 370.001 80.65783007296399
C06 400.009 86.700008179375
C06 429.983 88.13855461474658
C06 449.989 89.53434654862534
C06 469.993 90.90232155330855
C06 500.016 93.35104109313866
C06 549.99 96.56738019420075
C06 569.998 97.5705489409131
C06 599.983 98.63231170092021
C06 630.013 99.24588033724565
C06 649.987 99.5120227590645
C06 670.017 99.49115206091389
C06 699.987 99.00553436654869
C06 720.012 98.74857375297032
C06 749.995 98.73987412272432
C06 770.007 98.70591236474313
C06 800.008 97.80533684044686
C06 830.013 95.9714111640232
C06 869.994 91.24349210546804
C06 900.005 82.88177722636128
C06 919.989 74.18944888516526
C06 959.989 52.23178085671624
C06 1000.013 25.910623152650555
C06 1030.002 9.362794371472948
C06 1049.996 3.9994264527683603
C06 1080.005 0.5984289215488833
C06 1100.007 0.11503993315447003
C07 319.992 44.481226547792254
C07 330.006 55.5329270394731
C07 349.994 75.00245830547487
C07 370.001 80.92868148405651
C07 400.009 86.87771501976988
C07 429.983 88.27984590150434
C07 449.989 89.66135816529251
C07 469.993 91.02664846694887
C07 500.016 93.4739648395894
C07 549.99 96.69263846289509
C07 569.998 97.69404120757153
C07 599.983 98.7568523179399
C07 630.013 99.37115204986024
C07 649.987 99.63418933439084
C07 670.017 99.61117843294363
C07 699.987 99.12557298663849
C07 720.012 98.86629394396573
C07 749.995 98.8568474595846
C07 770.007 98.82052654305714
C07 800.008 97.92450645379999
C07 830.013 96.10777148226711
C07 869.994 91.42270986143889
C07 900.005 82.98051151433968
C07 919.989 74.34053076636741
C07 959.989 52.44310618299834
C07 1000.013 26.06702583416472
C07 1030.002 9.448266598505887
C07 1049.996 4.041167792021357
C07 1080.005 0.5991378550331727
C07 1100.007 0.1151762161075608
C10 319.992 43.11870829905142
C10 330.006 53.799852560682574
C10 349.994 72.56478481417776
C10 370.001 78.45870453048146
C10 400.009 85.69669860735912
C10 429.983 87.63129339685865
C10 449.989 89.19466045756971
C10 469.993 90.6821837009004
C10 500.016 93.24738861299726
C10 549.99 96.5710994540196
C10 569.998 97.60064517059888
C10 599.983 98.69796451850728
C10 630.013 99.34584641309394
C10 649.987 99.62697242018304
C10 670.017 99.61567234035411
C10 699.987 99.15302326425959
C10 720.012 98.91239186479163
C10 749.995 98.93174726136145
C10 770.007 98.9210896493157
C10 800.008 98.05122618352007
C10 830.013 96.21920123081506
C10 869.994 91.45962450300995
C10 900.005 82.86567974526264
C10 919.989 74.24011851937269
C10 959.989 52.20857126483021
C10 1000.013 26.01008000037299
C10 1030.002 9.328719998263368
C10 1049.996 3.985762285198924
C10 1080.005 0.5995918319792648
C10 1100.007 0.11526348708603715
C11 319.992 43.2851329330965
C11 330.006 53.995572606518515
C11 349.994 72.78611078022969
C11 370.001 78.65611708398595
C11 400.009 85.84534810889532
C11 429.983 87.75841805725307
C11 449.989 89.31588475706324
C11 469.993 90.7949096074345
C11 500.016 93.35047809522833
C11 549.99 96.66078086854509
C11 569.998 97.68442904289005
C11 599.983 98.77782081312449
C11 630.013 99.41515152668403
C11 649.987 99.68892909236817
C11 670.017 99.68277472272689
C11 699.987 99.21348569039188
C11 720.012 98.96624778420762
C11 749.995 98.98574086333963
C11 770.007 98.97160255928453
C11 800.008 98.09928081760962
C11 830.013 96.27853505875458
C11 869.994 91.50654477176309
C11 900.005 82.97737952946211
C11 919.989 74.37149931120726
C11 959.989 52.3158499977416
C11 1000.013 26.012454814506484
C11 1030.002 9.298012376308636
C11 1049.996 3.974331118266887
C11 1080.005 0.5999190660431385
C11 1100.007 0.11532639344546985
C12 319.992 43.505428814519654
C12 330.006 54.26471278284389
C12 349.994 73.08174845794615
C12 370.001 78.87364383300934
C12 400.009 85.96336698481402
C12 429.983 87.86790380541531
C12 449.989 89.42294635207843
C12 469.993 90.90213149749096
C12 500.016 93.45758464363047
C12 549.99 96.76352542104088
C12 569.998 97.78052015065902
C12 599.983 98.86492424823068
C12 630.013 99.48827968379406
C12 649.987 99.75800308228052
C12 670.017 99.74168548511807
C12 699.987 99.26480311727218
C12 720.012 99.01353572251637
C12 749.995 99.02415082116224
C12 770.007 99.00419302608275
C12 800.008 98.12470830992328
C12 830.013 96.29917392057794
C12 869.994 91.54291689288276
C12 900.005 83.01001204837023
C12 919.989 74.40511325863626
C12 959.989 52.34767242229768
C12 1000.013 25.978169125807128
C12 1030.002 9.281241596430018
C12 1049.996 3.969114089799293
C12 1080.005 0.6001518468917217
C12 1100.007 0.11537114244120915
C13 319.992 43.678724507107255
C13 330.006 54.47972356429287
C13 349.994 73.30970680950072
C13 370.001 79.05251779093139
C13 400.009 86.02333083369815
C13 429.983 87.89097238280739
C13 449.989 89.44353018682375
C13 469.993 90.91878038711259
C13 500.016 93.46856310288209
C13 549.99 96.76320532081057
C13 569.998 97.78181042534621
C13 599.983 98.85623839347356
C13 630.013 99.47224435295789
C13 649.987 99.7360458889477
C13 670.017 99.71221862034307
C13 699.987 99.2278793232998
C13 720.012 98.97516528701178
C13 749.995 98.97597900443292
C13 770.007 98.95327138569738
C13 800.008 98.06673641232715
C13 830.013 96.25165582170027
C13 869.994 91.46873884659331
C13 900.005 83.03205108901601
C13 919.989 74.29204679241882
C13 959.989 52.303684790507255
C13 1000.013 26.033969894179453
C13 1030.002 9.282453892045535
C13 1049.996 3.966053389285343
C13 1080.005 0.5998598870919862
C13 1100.007 0.11531501708590644
C14 319.992 43.727163359791746
C14 330.006 54.54701232886324
C14 349.994 73.37460270830412
C14 370.001 79.06637295184038
C14 400.009 85.93770973487491
C14 429.983 87.77715940149976
C14 449.989 89.31484349269563
C14 469.993 90.78347584944777
C14 500.016 93.32255644210744
C14 549.99 96.60147086872888
C14 569.998 97.605630669834
C14 599.983 98.6755955727319
C14 630.013 99.2868305729453
C14 649.987 99.5474484610781
C14 670.017 99.51999115668096
C14 699.987 99.02778949004166
C14 720.012 98.77552459762991
C14 749.995 98.7710644524019
C14 770.007 98.73753113281522
C14 800.008 97.85125640064577
C14 830.013 96.03962225437306
C14 869.994 91.31360899866421
C14 900.005 82.79611590467329
C14 919.989 74.32533665918875
C14 959.989 52.28459356997144
C14 1000.013 25.91619936351129
C14 1030.002 9.262174664021945
C14 1049.996 3.970801253949951
C14 1080.005 0.5986179578625332
C14 1100.007 0.11507627285013476
C15 319.992 44.09255712236333
C15 330.006 55.00560724750048
C15 349.994 73.98051280289532
C15 370.001 79.64497950464687
C15 400.009 86.41639900800507
C15 429.983 88.21396246444665
C15 449.989 89.74635702834459
C15 469.993 91.20941374338443
C15 500.016 93.7527553183256
C15 549.99 97.03089294912523
C15 569.998 98.04117090699403
C15 599.983 99.11060766772191
C15 630.013 99.71990708807986
C15 649.987 99.97248793383177
C15 670.017 99.94394959718755
C15 699.987 99.44403593469241
C15 720.012 99.18225121397863
C15 749.995 99.17247577726505
C15 770.007 99.14259839939736
C15 800.008 98.24983447000034
C15 830.013 96.43350051058673
C15 869.994 91.70890490013184
C15 900.005 83.19362466181724
C15 919.989 74.75034206489914
C15 959.989 52.52458737819331
C15 1000.013 26.028782121909543
C15 1030.002 9.310610969978013
C15 1049.996 4.004493421840602
C15 1080.005 0.6010507767037281
C15 1100.007 0.11554394963979195
C16 319.992 44.0733711012739
C16 330.006 54.987019684313836
C16 349.994 73.95620130456106
C16 370.001 79.61379997195966
C16 400.009 86.29686649601034
C16 429.983 88.06573410548873
C16 449.989 89.58631922227849
C16 469.993 91.04290964270261
C16 500.016 93.57230687998194
C16 549.99 96.84276547091099
C16 569.998 97.84630125542124
C16 599.983 98.9109477993402
C16 630.013 99.51585309787883
C16 649.987 99.76814660076366
C16 670.017 99.73844711572346
C16 699.987 99.23503030015851
C16 720.012 98.97333449088431
C16 749.995 98.95072566683628
C16 770.007 98.92002540785377
C16 800.008 98.0251643576592
C16 830.013 96.24441018156222
C16 869.994 91.507684064711
C16 900.005 83.1859789340279
C16 919.989 74.75255033543652
C16 959.989 52.36743390218525
C16 1000.013 26.008922048365264
C16 1030.002 9.312340334946967
C16 1049.996 4.033529367179134
C16 1080.005 0.5997068179534156
C16 1100.007 0.11528559159720578
C17 319.992 44.081911009881196
C17 330.006 55.00988953037234
C17 349.994 74.03652202997606
C17 370.001 79.71039581209979
C17 400.009 86.31846749951909
C17 429.983 88.0525124208521
C17 449.989 89.5623776872173
C17 469.993 91.0103264733335
C17 500.016 93.5356587592508
C17 549.99 96.80433057897149
C17 569.998 97.81025754655604
C17 599.983 98.87823235521097
C17 630.013 99.48264088613739
C17 649.987 99.7366970967053
C17 670.017 99.70620888045
C17 699.987 99.20452404952087
C17 720.012 98.93548278094917
C17 749.995 98.91716975687288
C17 770.007 98.88343246773131
C17 800.008 97.99106506160852
C17 830.013 96.22449820359476
C17 869.994 91.52140208183903
C17 900.005 83.31469737134883
C17 919.989 74.7291713074265
C17 959.989 52.371924639842
C17 1000.013 26.12117896017311
C17 1030.002 9.409488882908295
C17 1049.996 4.091695455724814
C17 1080.005 0.5995034462440175
C17 1100.007 0.11524649611399598
