lsstCam/transmission_sensor/r21_s02/19700101T000000.ecsv
# %ECSV 1.0
# ---
# datatype:
# - {name: amp_name, datatype: string}
# - {name: wavelength, unit: nm, datatype: float32}
# - {name: efficiency, unit: '%', datatype: float64}
# meta: !!omap
# - {MODE: AMP}
# - {TYPE: transmission_sensor}
# - {CALIBDATE: '1970-01-01T00:00:00'}
# - {INSTRUME: LSSTCAM}
# - {OBSTYPE: transmission_sensor}
# - {DETECTOR: 83}
# - {PARQUETFILE: qe_raft_allvalues_nircorrected_20230725.parquet}
# - {CALIBCLS: lsst.ip.isr.IntermediateSensorTransmissionCurve}
# - {CALIB_ID: 'raftName=R21 detectorName=S02 detector=83 calibDate=1970-01-01T00:00:00 ccd=83 ccdnum=83 filter=None'}
# - {DATE: '2023-08-02T16:57:55.775417'}
# - {CALIB_CREATION_DATE: '2023-08-02'}
# - {CALIB_CREATION_TIME: '16:57:55'}
# - __serialized_columns__:
#     efficiency:
#       __class__: astropy.units.quantity.Quantity
#       unit: !astropy.units.Unit {unit: '%'}
#       value: !astropy.table.SerializedColumn {name: efficiency}
#     wavelength:
#       __class__: astropy.units.quantity.Quantity
#       unit: !astropy.units.Unit {unit: nm}
#       value: !astropy.table.SerializedColumn {name: wavelength}
# schema: astropy-2.0
amp_name wavelength efficiency
C00 319.992 43.20060729980469
C00 330.006 55.60968017578125
C00 349.994 77.3673095703125
C00 370.001 84.16694641113281
C00 400.009 88.17750549316406
C00 429.983 89.22681427001953
C00 449.989 90.10643005371094
C00 469.993 90.8170166015625
C00 500.016 93.21732330322266
C00 549.99 96.313232421875
C00 569.998 97.16691589355469
C00 599.983 98.03394317626953
C00 630.013 98.56910705566406
C00 649.987 98.86173248291016
C00 670.017 98.93437957763672
C00 699.987 98.69512176513672
C00 720.012 98.6128158569336
C00 749.995 97.97459411621094
C00 770.007 97.56617736816406
C00 800.008 96.39350891113281
C00 830.013 94.61045837402344
C00 869.994 89.54156494140625
C00 900.005 82.29998016357422
C00 919.989 74.99049377441406
C00 959.989 53.05572509765625
C00 1000.013 26.781993865966797
C00 1030.002 10.7724027633667
C00 1049.996 5.2203874588012695
C00 1080.005 0.6792092215914093
C00 1100.007 0.09239361933329034
C01 319.992 43.33684158325195
C01 330.006 55.779335021972656
C01 349.994 77.55590057373047
C01 370.001 84.33415985107422
C01 400.009 88.33009338378906
C01 429.983 89.38159942626953
C01 449.989 90.26380157470703
C01 469.993 90.97190856933594
C01 500.016 93.37262725830078
C01 549.99 96.46748352050781
C01 569.998 97.31781768798828
C01 599.983 98.17704010009766
C01 630.013 98.71314239501953
C01 649.987 99.00281524658203
C01 670.017 99.07368469238281
C01 699.987 98.8299331665039
C01 720.012 98.74833679199219
C01 749.995 98.10670471191406
C01 770.007 97.69258117675781
C01 800.008 96.52339172363281
C01 830.013 94.74156188964844
C01 869.994 89.67323303222656
C01 900.005 82.4585189819336
C01 919.989 75.15245819091797
C01 959.989 53.24551773071289
C01 1000.013 26.814735412597656
C01 1030.002 10.737969398498535
C01 1049.996 5.198505401611328
C01 1080.005 0.6801250725045538
C01 1100.007 0.09251820359679143
C02 319.992 43.54509353637695
C02 330.006 56.047237396240234
C02 349.994 77.87300872802734
C02 370.001 84.58140563964844
C02 400.009 88.47493743896484
C02 429.983 89.49950408935547
C02 449.989 90.37711334228516
C02 469.993 91.08306884765625
C02 500.016 93.48182678222656
C02 549.99 96.56956481933594
C02 569.998 97.4142837524414
C02 599.983 98.27151489257812
C02 630.013 98.798583984375
C02 649.987 99.08133697509766
C02 670.017 99.14708709716797
C02 699.987 98.89323425292969
C02 720.012 98.80801391601562
C02 749.995 98.15992736816406
C02 770.007 97.7457275390625
C02 800.008 96.5716552734375
C02 830.013 94.78934478759766
C02 869.994 89.75896453857422
C02 900.005 82.484619140625
C02 919.989 75.15355682373047
C02 959.989 53.27318572998047
C02 1000.013 26.860979080200195
C02 1030.002 10.762771606445312
C02 1049.996 5.189418792724609
C02 1080.005 0.6804940357341058
C02 1100.007 0.09256839409346834
C03 319.992 43.712074279785156
C03 330.006 56.257328033447266
C03 349.994 78.09754943847656
C03 370.001 84.75298309326172
C03 400.009 88.53334045410156
C03 429.983 89.53112030029297
C03 449.989 90.40106201171875
C03 469.993 91.1041030883789
C03 500.016 93.49933624267578
C03 549.99 96.57418060302734
C03 569.998 97.4178237915039
C03 599.983 98.26585388183594
C03 630.013 98.78596496582031
C03 649.987 99.05840301513672
C03 670.017 99.12198638916016
C03 699.987 98.86241912841797
C03 720.012 98.76913452148438
C03 749.995 98.114501953125
C03 770.007 97.69388580322266
C03 800.008 96.51475524902344
C03 830.013 94.73577880859375
C03 869.994 89.73556518554688
C03 900.005 82.43063354492188
C03 919.989 75.12641143798828
C03 959.989 53.347984313964844
C03 1000.013 26.86963653564453
C03 1030.002 10.782114028930664
C03 1049.996 5.188595771789551
C03 1080.005 0.6801791140041272
C03 1100.007 0.0925255549247491
C04 319.992 43.74668502807617
C04 330.006 56.30536651611328
C04 349.994 78.11216735839844
C04 370.001 84.67878723144531
C04 400.009 88.42105102539062
C04 429.983 89.4106674194336
C04 449.989 90.2855224609375
C04 469.993 90.98916625976562
C04 500.016 93.38037109375
C04 549.99 96.44490814208984
C04 569.998 97.2828369140625
C04 599.983 98.12240600585938
C04 630.013 98.63783264160156
C04 649.987 98.90686798095703
C04 670.017 98.96607971191406
C04 699.987 98.69823455810547
C04 720.012 98.60054779052734
C04 749.995 97.9384765625
C04 770.007 97.51897430419922
C04 800.008 96.33274841308594
C04 830.013 94.55720520019531
C04 869.994 89.62481689453125
C04 900.005 82.22892761230469
C04 919.989 74.90641784667969
C04 959.989 53.26459884643555
C04 1000.013 26.883424758911133
C04 1030.002 10.750178337097168
C04 1049.996 5.176745414733887
C04 1080.005 0.6789588133103459
C04 1100.007 0.09235955600396119
C05 319.992 44.068450927734375
C05 330.006 56.72000503540039
C05 349.994 78.64318084716797
C05 370.001 85.14862823486328
C05 400.009 88.81855010986328
C05 429.983 89.80157470703125
C05 449.989 90.67655181884766
C05 469.993 91.38211059570312
C05 500.016 93.78003692626953
C05 549.99 96.84925079345703
C05 569.998 97.68612670898438
C05 599.983 98.52214813232422
C05 630.013 99.02921295166016
C05 649.987 99.2952880859375
C05 670.017 99.34957122802734
C05 699.987 99.07356262207031
C05 720.012 98.97016143798828
C05 749.995 98.29956817626953
C05 770.007 97.87019348144531
C05 800.008 96.67443084716797
C05 830.013 94.8990249633789
C05 869.994 89.95833587646484
C05 900.005 82.54808044433594
C05 919.989 75.18668365478516
C05 959.989 53.51223373413086
C05 1000.013 26.91554832458496
C05 1030.002 10.798514366149902
C05 1049.996 5.207015037536621
C05 1080.005 0.6814620709580994
C05 1100.007 0.09270007704938776
C06 319.992 44.08761978149414
C06 330.006 56.74486541748047
C06 349.994 78.65571594238281
C06 370.001 85.14264678955078
C06 400.009 88.71228790283203
C06 429.983 89.66470336914062
C06 449.989 90.5311050415039
C06 469.993 91.22710418701172
C06 500.016 93.6125717163086
C06 549.99 96.66824340820312
C06 569.998 97.50196075439453
C06 599.983 98.33148193359375
C06 630.013 98.8311538696289
C06 649.987 99.0980224609375
C06 670.017 99.14904022216797
C06 699.987 98.86897277832031
C06 720.012 98.76251983642578
C06 749.995 98.08343505859375
C06 770.007 97.64997863769531
C06 800.008 96.46034240722656
C06 830.013 94.6879653930664
C06 869.994 89.82017517089844
C06 900.005 82.3739013671875
C06 919.989 75.101318359375
C06 959.989 53.50871658325195
C06 1000.013 26.845285415649414
C06 1030.002 10.77559757232666
C06 1049.996 5.223317623138428
C06 1080.005 0.6799637174545027
C06 1100.007 0.09249625428191466
C07 319.992 44.22916793823242
C07 330.006 56.93910217285156
C07 349.994 78.94359588623047
C07 370.001 85.42855834960938
C07 400.009 88.89411926269531
C07 429.983 89.80844116210938
C07 449.989 90.65953063964844
C07 469.993 91.35187530517578
C07 500.016 93.73583984375
C07 549.99 96.79363250732422
C07 569.998 97.6253662109375
C07 599.983 98.45564270019531
C07 630.013 98.95590209960938
C07 649.987 99.21968078613281
C07 670.017 99.2686538696289
C07 699.987 98.98884582519531
C07 720.012 98.88025665283203
C07 749.995 98.19963073730469
C07 770.007 97.76336669921875
C07 800.008 96.57787322998047
C07 830.013 94.82250213623047
C07 869.994 89.99659729003906
C07 900.005 82.47203063964844
C07 919.989 75.25425720214844
C07 959.989 53.7252082824707
C07 1000.013 27.0073299407959
C07 1030.002 10.873967170715332
C07 1049.996 5.277832508087158
C07 1080.005 0.6807692417700015
C07 1100.007 0.09260583069019063
C10 319.992 42.87437057495117
C10 330.006 55.16214370727539
C10 349.994 76.3778305053711
C10 370.001 82.82124328613281
C10 400.009 87.6856918334961
C10 429.983 89.1486587524414
C10 449.989 90.18763732910156
C10 469.993 91.00617980957031
C10 500.016 93.50862884521484
C10 549.99 96.67196655273438
C10 569.998 97.53203582763672
C10 599.983 98.39693450927734
C10 630.013 98.93070220947266
C10 649.987 99.21249389648438
C10 670.017 99.27313232421875
C10 699.987 99.0162582397461
C10 720.012 98.92636108398438
C10 749.995 98.27403259277344
C10 770.007 97.86285400390625
C10 800.008 96.70285034179688
C10 830.013 94.93244171142578
C10 869.994 90.0329360961914
C10 900.005 82.35790252685547
C10 919.989 75.1526107788086
C10 959.989 53.48493957519531
C10 1000.013 26.94832992553711
C10 1030.002 10.736381530761719
C10 1049.996 5.205471992492676
C10 1080.005 0.6812850722066464
C10 1100.007 0.09267599970363868
C11 319.992 43.039852142333984
C11 330.006 55.36281967163086
C11 349.994 76.61078643798828
C11 370.001 83.02963256835938
C11 400.009 87.8377914428711
C11 429.983 89.27798461914062
C11 449.989 90.31021118164062
C11 469.993 91.11930847167969
C11 500.016 93.61200714111328
C11 549.99 96.7617416381836
C11 569.998 97.61576080322266
C11 599.983 98.47654724121094
C11 630.013 98.99971771240234
C11 649.987 99.2741928100586
C11 670.017 99.34000396728516
C11 699.987 99.0766372680664
C11 720.012 98.980224609375
C11 749.995 98.32766723632812
C11 770.007 97.91282653808594
C11 800.008 96.750244140625
C11 830.013 94.99098205566406
C11 869.994 90.0791244506836
C11 900.005 82.46891784667969
C11 919.989 75.28560638427734
C11 959.989 53.59484100341797
C11 1000.013 26.950790405273438
C11 1030.002 10.701040267944336
C11 1049.996 5.190542697906494
C11 1080.005 0.6816568912858001
C11 1100.007 0.09272657868485405
C12 319.992 43.2588996887207
C12 330.006 55.63877487182617
C12 349.994 76.92195892333984
C12 370.001 83.2592544555664
C12 400.009 87.95854949951172
C12 429.983 89.38936614990234
C12 449.989 90.41846466064453
C12 469.993 91.22691345214844
C12 500.016 93.71941375732422
C12 549.99 96.86459350585938
C12 569.998 97.71178436279297
C12 599.983 98.56338500976562
C12 630.013 99.07254028320312
C12 649.987 99.34297943115234
C12 670.017 99.39871215820312
C12 699.987 99.12788391113281
C12 720.012 99.02751922607422
C12 749.995 98.3658218383789
C12 770.007 97.945068359375
C12 800.008 96.77532196044922
C12 830.013 95.01134490966797
C12 869.994 90.11492919921875
C12 900.005 82.50135040283203
C12 919.989 75.31963348388672
C12 959.989 53.62744140625
C12 1000.013 26.915267944335938
C12 1030.002 10.68173885345459
C12 1049.996 5.18372917175293
C12 1080.005 0.6819213880797471
C12 1100.007 0.09276255849095498
C13 319.992 43.43121337890625
C13 330.006 55.859230041503906
C13 349.994 77.16189575195312
C13 370.001 83.44807434082031
C13 400.009 88.01990509033203
C13 429.983 89.41283416748047
C13 449.989 90.43927764892578
C13 469.993 91.24362182617188
C13 500.016 93.73042297363281
C13 549.99 96.86427307128906
C13 569.998 97.71307373046875
C13 599.983 98.55472564697266
C13 630.013 99.05657196044922
C13 649.987 99.32111358642578
C13 670.017 99.36934661865234
C13 699.987 99.09101104736328
C13 720.012 98.98914337158203
C13 749.995 98.3179702758789
C13 770.007 97.89469146728516
C13 800.008 96.71814727783203
C13 830.013 94.96446228027344
C13 869.994 90.04190826416016
C13 900.005 82.52325439453125
C13 919.989 75.2051773071289
C13 959.989 53.58237838745117
C13 1000.013 26.973081588745117
C13 1030.002 10.683134078979492
C13 1049.996 5.179731845855713
C13 1080.005 0.681589649315749
C13 1100.007 0.09271743168156461
C14 319.992 43.47937774658203
C14 330.006 55.92822265625
C14 349.994 77.2302017211914
C14 370.001 83.46269989013672
C14 400.009 87.93229675292969
C14 429.983 89.29705047607422
C14 449.989 90.30915832519531
C14 469.993 91.10783386230469
C14 500.016 93.5840072631836
C14 549.99 96.7023696899414
C14 569.998 97.53701782226562
C14 599.983 98.3746337890625
C14 630.013 98.87193298339844
C14 649.987 99.13330078125
C14 670.017 99.17778015136719
C14 699.987 98.89119720458984
C14 720.012 98.78947448730469
C14 749.995 98.11441802978516
C14 770.007 97.68125915527344
C14 800.008 96.50563049316406
C14 830.013 94.75526428222656
C14 869.994 89.88919830322266
C14 900.005 82.28876495361328
C14 919.989 75.23887634277344
C14 959.989 53.56282043457031
C14 1000.013 26.851062774658203
C14 1030.002 10.659794807434082
C14 1049.996 5.185932636260986
C14 1080.005 0.6801785096043049
C14 1100.007 0.09252547270753925
C15 319.992 43.84270095825195
C15 330.006 56.39842987060547
C15 349.994 77.86795043945312
C15 370.001 84.07347869873047
C15 400.009 88.4220962524414
C15 429.983 89.74141693115234
C15 449.989 90.74547576904297
C15 469.993 91.53529357910156
C15 500.016 94.01541137695312
C15 549.99 97.13224029541016
C15 569.998 97.97225189208984
C15 599.983 98.80831909179688
C15 630.013 99.3031997680664
C15 649.987 99.55657196044922
C15 670.017 99.60028076171875
C15 699.987 99.30686950683594
C15 720.012 99.19625854492188
C15 749.995 98.5131607055664
C15 770.007 98.08199310302734
C15 800.008 96.89872741699219
C15 830.013 95.14387512207031
C15 869.994 90.27832794189453
C15 900.005 82.683837890625
C15 919.989 75.66910552978516
C15 959.989 53.80868148803711
C15 1000.013 26.96770668029785
C15 1030.002 10.715539932250977
C15 1049.996 5.229935169219971
C15 1080.005 0.6829427953591957
C15 1100.007 0.09290150170957105
C16 319.992 43.82362365722656
C16 330.006 56.379371643066406
C16 349.994 77.84236145019531
C16 370.001 84.04056549072266
C16 400.009 88.29978942871094
C16 429.983 89.59062194824219
C16 449.989 90.58365631103516
C16 469.993 91.36819458007812
C16 500.016 93.83445739746094
C16 549.99 96.94391632080078
C16 569.998 97.77751922607422
C16 599.983 98.60926818847656
C16 630.013 99.0999984741211
C16 649.987 99.35308074951172
C16 670.017 99.3954849243164
C16 699.987 99.09815216064453
C16 720.012 98.98731231689453
C16 749.995 98.29288482666016
C16 770.007 97.86180114746094
C16 800.008 96.6771469116211
C16 830.013 94.95731353759766
C16 869.994 90.08024597167969
C16 900.005 82.67623901367188
C16 919.989 75.67134094238281
C16 959.989 53.64768600463867
C16 1000.013 26.94713020324707
C16 1030.002 10.717530250549316
C16 1049.996 5.267856597900391
C16 1080.005 0.6814157247998337
C16 1100.007 0.09269377252764655
C17 319.992 43.832115173339844
C17 330.006 56.4028205871582
C17 349.994 77.9269027709961
C17 370.001 84.14253234863281
C17 400.009 88.32189178466797
C17 429.983 89.5771713256836
C17 449.989 90.5594482421875
C17 469.993 91.33549499511719
C17 500.016 93.7977066040039
C17 549.99 96.90544128417969
C17 569.998 97.74150085449219
C17 599.983 98.57665252685547
C17 630.013 99.06692504882812
C17 649.987 99.32176208496094
C17 670.017 99.36335754394531
C17 699.987 99.06768798828125
C17 720.012 98.94945526123047
C17 749.995 98.25955200195312
C17 770.007 97.82559967041016
C17 800.008 96.64351654052734
C17 830.013 94.93766784667969
C17 869.994 90.09375
C17 900.005 82.80416870117188
C17 919.989 75.64767456054688
C17 959.989 53.652286529541016
C17 1000.013 27.06343650817871
C17 1030.002 10.829338073730469
C17 1049.996 5.343822479248047
C17 1080.005 0.6811846440840329
C17 1100.007 0.09266233834946955
