ts8/transmission_sensor/rtm-022_s20/19700101T000000.ecsv
# %ECSV 0.9
# ---
# datatype:
# - {name: amp_name, datatype: string}
# - {name: wavelength, unit: nm, datatype: float32}
# - {name: efficiency, unit: '%', datatype: float32}
# meta: !!omap
# - {MODE: AMP}
# - {TYPE: transmission_sensor}
# - {CALIBDATE: '1970-01-01T00:00:00'}
# - {INSTRUME: TS8}
# - {OBSTYPE: transmission_sensor}
# - {DETECTOR: 168}
# - {CALIBCLS: lsst.ip.isr.IntermediateSensorTransmissionCurve}
# - {PICKLEFILE: RaftRun11671.p}
# - {CALIB_ID: 'raftName=RTM-022 detectorName=S20 detector=168 calibDate=1970-01-01T00:00:00 ccd=168 ccdnum=168 filter=None'}
# - {DATE: '2020-07-23T19:16:37.624344'}
# - {CALIB_CREATION_DATE: '2020-07-23'}
# - {CALIB_CREATION_TIME: '19:16:37'}
# - __serialized_columns__:
#     efficiency:
#       __class__: astropy.units.quantity.Quantity
#       unit: !astropy.units.Unit {unit: '%'}
#       value: !astropy.table.SerializedColumn {name: efficiency}
#     wavelength:
#       __class__: astropy.units.quantity.Quantity
#       unit: !astropy.units.Unit {unit: nm}
#       value: !astropy.table.SerializedColumn {name: wavelength}
# schema: astropy-2.0
amp_name wavelength efficiency
C14 319.994 64.80916
C14 324.969 67.51123
C14 349.982 74.967735
C14 374.975 77.84509
C14 400.019 82.63856
C14 424.965 82.88713
C14 450.035 83.95758
C14 475.003 84.54238
C14 500.018 86.27356
C14 525.002 88.35578
C14 550.029 90.36671
C14 575.023 93.22389
C14 599.982 94.76163
C14 619.997 95.98476
C14 624.979 96.06454
C14 650.012 96.84794
C14 675.004 97.46253
C14 700.03 97.87028
C14 725.012 98.25367
C14 750.022 99.27698
C14 774.987 99.87743
C14 799.976 99.63903
C14 824.988 98.65784
C14 850.022 96.30162
C14 869.967 93.80693
C14 875.002 92.58655
C14 899.999 85.32446
C14 919.999 76.53089
C14 925.012 74.12219
C14 949.965 61.690075
C14 975.002 46.87548
C14 999.976 29.922117
C14 1025.028 14.4762125
C14 1050.014 5.788844
C14 1075.002 3.1562715
C14 1099.99 2.1952035
C03 319.994 64.901634
C03 324.969 67.58904
C03 349.982 74.90085
C03 374.975 77.73133
C03 400.019 82.594635
C03 424.965 82.95964
C03 450.035 84.06469
C03 475.003 84.74296
C03 500.018 86.58405
C03 525.002 88.61309
C03 550.029 90.59043
C03 575.023 93.41475
C03 599.982 94.92821
C03 619.997 96.139015
C03 624.979 96.211
C03 650.012 97.02457
C03 675.004 97.62782
C03 700.03 97.90945
C03 725.012 98.163574
C03 750.022 98.885956
C03 774.987 99.23388
C03 799.976 98.93661
C03 824.988 97.96222
C03 850.022 95.60467
C03 869.967 92.97613
C03 875.002 91.7423
C03 899.999 84.57061
C03 919.999 76.232346
C03 925.012 73.912125
C03 949.965 61.336235
C03 975.002 46.211254
C03 999.976 29.702269
C03 1025.028 14.240418
C03 1050.014 5.5863967
C03 1075.002 3.0964847
C03 1099.99 2.1802583
C15 319.994 64.45043
C15 324.969 67.17727
C15 349.982 74.87311
C15 374.975 77.96331
C15 400.019 82.74469
C15 424.965 82.97314
C15 450.035 84.03722
C15 475.003 84.63791
C15 500.018 86.35615
C15 525.002 88.38101
C15 550.029 90.316574
C15 575.023 93.11498
C15 599.982 94.62135
C15 619.997 95.83538
C15 624.979 95.91436
C15 650.012 96.700836
C15 675.004 97.32363
C15 700.03 97.74143
C15 725.012 98.12516
C15 750.022 99.14887
C15 774.987 99.74749
C15 799.976 99.5146
C15 824.988 98.54089
C15 850.022 96.20727
C15 869.967 93.74221
C15 875.002 92.52744
C15 899.999 85.296
C15 919.999 76.60817
C15 925.012 74.20867
C15 949.965 61.58813
C15 975.002 46.82482
C15 999.976 29.967201
C15 1025.028 14.494885
C15 1050.014 5.803696
C15 1075.002 3.1705441
C15 1099.99 2.199609
C11 319.994 65.67115
C11 324.969 68.30946
C11 349.982 75.11305
C11 374.975 77.40791
C11 400.019 82.24906
C11 424.965 82.72575
C11 450.035 84.08451
C11 475.003 84.96421
C11 500.018 86.8426
C11 525.002 88.90528
C11 550.029 90.79154
C11 575.023 93.49322
C11 599.982 94.89152
C11 619.997 96.025764
C11 624.979 96.087135
C11 650.012 96.78782
C11 675.004 97.33779
C11 700.03 97.68931
C11 725.012 97.99444
C11 750.022 98.94725
C11 774.987 99.46936
C11 799.976 99.18278
C11 824.988 98.19586
C11 850.022 95.81281
C11 869.967 93.29002
C11 875.002 92.0748
C11 899.999 84.861244
C11 919.999 76.10343
C11 925.012 73.6957
C11 949.965 61.33241
C11 975.002 46.515152
C11 999.976 29.666758
C11 1025.028 14.311163
C11 1050.014 5.7173676
C11 1075.002 3.1293392
C11 1099.99 2.1626184
C05 319.994 64.241844
C05 324.969 66.947655
C05 349.982 74.44493
C05 374.975 77.401024
C05 400.019 82.20756
C05 424.965 82.46128
C05 450.035 83.39606
C05 475.003 83.914314
C05 500.018 85.69332
C05 525.002 87.74946
C05 550.029 89.8086
C05 575.023 92.7136
C05 599.982 94.29946
C05 619.997 95.55157
C05 624.979 95.63638
C05 650.012 96.50311
C05 675.004 97.13887
C05 700.03 97.431366
C05 725.012 97.67244
C05 750.022 98.34841
C05 774.987 98.65569
C05 799.976 98.36737
C05 824.988 97.426544
C05 850.022 95.07836
C05 869.967 92.45847
C05 875.002 91.22783
C05 899.999 84.16833
C05 919.999 76.005646
C05 925.012 73.716934
C05 949.965 61.228607
C05 975.002 46.166534
C05 999.976 29.664537
C05 1025.028 14.21966
C05 1050.014 5.6886735
C05 1075.002 3.1273484
C05 1099.99 2.1892354
C02 319.994 64.84414
C02 324.969 67.50247
C02 349.982 74.62286
C02 374.975 77.33639
C02 400.019 82.21612
C02 424.965 82.63879
C02 450.035 83.78675
C02 475.003 84.53538
C02 500.018 86.42763
C02 525.002 88.45875
C02 550.029 90.437325
C02 575.023 93.237976
C02 599.982 94.7165
C02 619.997 95.90276
C02 624.979 95.97071
C02 650.012 96.7647
C02 675.004 97.34729
C02 700.03 97.61412
C02 725.012 97.86957
C02 750.022 98.58999
C02 774.987 98.94216
C02 799.976 98.6539
C02 824.988 97.67853
C02 850.022 95.34038
C02 869.967 92.75841
C02 875.002 91.539345
C02 899.999 84.41672
C02 919.999 76.07337
C02 925.012 73.75324
C02 949.965 61.20503
C02 975.002 46.14273
C02 999.976 29.678568
C02 1025.028 14.223589
C02 1050.014 5.5939307
C02 1075.002 3.0927086
C02 1099.99 2.1782825
C07 319.994 63.435734
C07 324.969 66.16872
C07 349.982 73.91363
C07 374.975 77.16688
C07 400.019 82.21528
C07 424.965 82.49095
C07 450.035 83.37348
C07 475.003 83.78738
C07 500.018 85.51561
C07 525.002 87.62957
C07 550.029 89.79392
C07 575.023 92.819275
C07 599.982 94.49959
C07 619.997 95.81691
C07 624.979 95.91439
C07 650.012 96.81948
C07 675.004 97.498825
C07 700.03 97.83079
C07 725.012 98.04182
C07 750.022 98.70661
C07 774.987 98.97874
C07 799.976 98.66525
C07 824.988 97.761406
C07 850.022 95.402435
C07 869.967 92.89394
C07 875.002 91.69594
C07 899.999 84.90735
C07 919.999 76.80064
C07 925.012 74.45534
C07 949.965 61.44283
C07 975.002 46.632755
C07 999.976 29.77106
C07 1025.028 14.394917
C07 1050.014 5.916803
C07 1075.002 3.1875994
C07 1099.99 2.1811333
C13 319.994 64.95087
C13 324.969 67.63292
C13 349.982 74.90842
C13 374.975 77.62145
C13 400.019 82.4261
C13 424.965 82.757935
C13 450.035 83.94112
C13 475.003 84.63785
C13 500.018 86.41126
C13 525.002 88.46219
C13 550.029 90.38969
C13 575.023 93.16767
C13 599.982 94.64329
C13 619.997 95.834755
C13 624.979 95.90517
C13 650.012 96.65934
C13 675.004 97.25432
C13 700.03 97.64223
C13 725.012 98.017555
C13 750.022 99.03827
C13 774.987 99.62972
C13 799.976 99.38585
C13 824.988 98.40213
C13 850.022 96.03597
C13 869.967 93.5254
C13 875.002 92.307655
C13 899.999 85.048004
C13 919.999 76.241264
C13 925.012 73.82565
C13 949.965 61.495144
C13 975.002 46.71795
C13 999.976 29.81393
C13 1025.028 14.397981
C13 1050.014 5.7454586
C13 1075.002 3.1329858
C13 1099.99 2.1765819
C06 319.994 64.354576
C06 324.969 67.08431
C06 349.982 74.71591
C06 374.975 77.75671
C06 400.019 82.57269
C06 424.965 82.78468
C06 450.035 83.674095
C06 475.003 84.132614
C06 500.018 85.88392
C06 525.002 87.966736
C06 550.029 90.06197
C06 575.023 93.008675
C06 599.982 94.62829
C06 619.997 95.906105
C06 624.979 95.99739
C06 650.012 96.880974
C06 675.004 97.533806
C06 700.03 97.8381
C06 725.012 98.065025
C06 750.022 98.72713
C06 774.987 99.013016
C06 799.976 98.71345
C06 824.988 97.7875
C06 850.022 95.42282
C06 869.967 92.86774
C06 875.002 91.65036
C06 899.999 84.74925
C06 919.999 76.5885
C06 925.012 74.2542
C06 949.965 61.472294
C06 975.002 46.469753
C06 999.976 29.854279
C06 1025.028 14.31991
C06 1050.014 5.846963
C06 1075.002 3.1749613
C06 1099.99 2.2002993
C17 319.994 64.14628
C17 324.969 66.92538
C17 349.982 74.9378
C17 374.975 78.26657
C17 400.019 83.069725
C17 424.965 83.221985
C17 450.035 84.20905
C17 475.003 84.74117
C17 500.018 86.43939
C17 525.002 88.49768
C17 550.029 90.49824
C17 575.023 93.35223
C17 599.982 94.90289
C17 619.997 96.15057
C17 624.979 96.23639
C17 650.012 97.05028
C17 675.004 97.7148
C17 700.03 98.1632
C17 725.012 98.55531
C17 750.022 99.58923
C17 774.987 100.18336
C17 799.976 99.94464
C17 824.988 98.99004
C17 850.022 96.65504
C17 869.967 94.18123
C17 875.002 92.971085
C17 899.999 85.80334
C17 919.999 77.117874
C17 925.012 74.66171
C17 949.965 61.626488
C17 975.002 46.96841
C17 999.976 30.198673
C17 1025.028 14.556718
C17 1050.014 5.867261
C17 1075.002 3.2046912
C17 1099.99 2.2117486
C04 319.994 64.576126
C04 324.969 67.27163
C04 349.982 74.68291
C04 374.975 77.59864
C04 400.019 82.434906
C04 424.965 82.72624
C04 450.035 83.72912
C04 475.003 84.30567
C04 500.018 86.11258
C04 525.002 88.170105
C04 550.029 90.21204
C04 575.023 93.096565
C04 599.982 94.65275
C04 619.997 95.89251
C04 624.979 95.97227
C04 650.012 96.81229
C04 675.004 97.43685
C04 700.03 97.72172
C04 725.012 97.97295
C04 750.022 98.67645
C04 774.987 99.00627
C04 799.976 98.70826
C04 824.988 97.75123
C04 850.022 95.39824
C04 869.967 92.76315
C04 875.002 91.52997
C04 899.999 84.39815
C04 919.999 76.13222
C04 925.012 73.827934
C04 949.965 61.303604
C04 975.002 46.185345
C04 999.976 29.687168
C04 1025.028 14.231536
C04 1050.014 5.615402
C04 1075.002 3.1075344
C04 1099.99 2.1841996
C16 319.994 65.00081
C16 324.969 67.77316
C16 349.982 75.67259
C16 374.975 78.89845
C16 400.019 83.72432
C16 424.965 83.901
C16 450.035 84.922066
C16 475.003 85.47239
C16 500.018 87.18379
C16 525.002 89.23148
C16 550.029 91.20801
C16 575.023 94.06506
C16 599.982 95.60776
C16 619.997 96.85385
C16 624.979 96.93403
C16 650.012 97.74388
C16 675.004 98.38788
C16 700.03 98.82451
C16 725.012 99.21402
C16 750.022 100.25143
C16 774.987 100.85116
C16 799.976 100.618645
C16 824.988 99.643105
C16 850.022 97.308266
C16 869.967 94.83915
C16 875.002 93.61601
C16 899.999 86.355965
C16 919.999 77.602936
C16 925.012 75.151215
C16 949.965 62.15821
C16 975.002 47.32174
C16 999.976 30.413015
C16 1025.028 14.678653
C16 1050.014 5.9197617
C16 1075.002 3.238074
C16 1099.99 2.2366796
C12 319.994 65.215065
C12 324.969 67.871544
C12 349.982 74.885216
C12 374.975 77.36622
C12 400.019 82.17908
C12 424.965 82.58922
C12 450.035 83.86237
C12 475.003 84.6457
C12 500.018 86.46213
C12 525.002 88.5084
C12 550.029 90.40658
C12 575.023 93.142876
C12 599.982 94.58438
C12 619.997 95.75251
C12 624.979 95.81938
C12 650.012 96.54695
C12 675.004 97.119026
C12 700.03 97.4911
C12 725.012 97.843994
C12 750.022 98.834885
C12 774.987 99.40484
C12 799.976 99.14586
C12 824.988 98.15103
C12 850.022 95.779976
C12 869.967 93.2616
C12 875.002 92.047066
C12 899.999 84.79593
C12 919.999 76.01003
C12 925.012 73.60341
C12 949.965 61.294853
C12 975.002 46.51038
C12 999.976 29.679586
C12 1025.028 14.32699
C12 1050.014 5.715022
C12 1075.002 3.1235156
C12 1099.99 2.1646507
C10 319.994 65.747734
C10 324.969 68.36225
C10 349.982 74.982056
C10 374.975 77.12333
C10 400.019 81.960594
C10 424.965 82.4779
C10 450.035 83.880455
C10 475.003 84.82417
C10 500.018 86.74768
C10 525.002 88.83631
C10 550.029 90.73277
C10 575.023 93.39897
C10 599.982 94.74624
C10 619.997 95.8539
C10 624.979 95.90499
C10 650.012 96.58186
C10 675.004 97.11007
C10 700.03 97.429436
C10 725.012 97.670654
C10 750.022 98.53624
C10 774.987 98.970634
C10 799.976 98.65489
C10 824.988 97.68784
C10 850.022 95.31355
C10 869.967 92.75689
C10 875.002 91.547615
C10 899.999 84.416435
C10 919.999 75.78671
C10 925.012 73.41015
C10 949.965 61.11105
C10 975.002 46.27156
C10 999.976 29.438036
C10 1025.028 14.236512
C10 1050.014 5.730141
C10 1075.002 3.1466665
C10 1099.99 2.1658783
C01 319.994 64.778076
C01 324.969 67.414246
C01 349.982 74.3672
C01 374.975 77.0462
C01 400.019 82.01966
C01 424.965 82.481346
C01 450.035 83.629364
C01 475.003 84.39672
C01 500.018 86.33103
C01 525.002 88.44394
C01 550.029 90.50124
C01 575.023 93.33495
C01 599.982 94.81703
C01 619.997 96.00177
C01 624.979 96.06917
C01 650.012 96.86379
C01 675.004 97.45077
C01 700.03 97.721466
C01 725.012 97.9696
C01 750.022 98.685745
C01 774.987 99.028885
C01 799.976 98.7387
C01 824.988 97.77677
C01 850.022 95.45027
C01 869.967 92.87012
C01 875.002 91.65049
C01 899.999 84.52256
C01 919.999 76.195946
C01 925.012 73.87928
C01 949.965 61.268414
C01 975.002 46.184856
C01 999.976 29.661812
C01 1025.028 14.196134
C01 1050.014 5.576704
C01 1075.002 3.093261
C01 1099.99 2.1767335
C00 319.994 64.47146
C00 324.969 67.07759
C00 349.982 73.86047
C00 374.975 76.47018
C00 400.019 81.52193
C00 424.965 82.03855
C00 450.035 83.2047
C00 475.003 83.991394
C00 500.018 85.942795
C00 525.002 88.08316
C00 550.029 90.16406
C00 575.023 92.99898
C00 599.982 94.478264
C00 619.997 95.65591
C00 624.979 95.72574
C00 650.012 96.516556
C00 675.004 97.09557
C00 700.03 97.352684
C00 725.012 97.54583
C00 750.022 98.196266
C00 774.987 98.470345
C00 799.976 98.164536
C00 824.988 97.2245
C00 850.022 94.91225
C00 869.967 92.30869
C00 875.002 91.06937
C00 899.999 83.925705
C00 919.999 75.688866
C00 925.012 73.41402
C00 949.965 60.94599
C00 975.002 45.916706
C00 999.976 29.361864
C00 1025.028 14.0414095
C00 1050.014 5.5582447
C00 1075.002 3.0927165
C00 1099.99 2.1685882
