lsstCam/transmission_filter_detector/r11_s11/z_20/19700101T000000.ecsv
# %ECSV 1.0
# ---
# datatype:
# - {name: wavelength, unit: nm, datatype: float32}
# - {name: efficiency, unit: '%', datatype: float64}
# meta: !!omap
# - {MODE: DETECTOR}
# - {TYPE: transmission_filter_detector}
# - {CALIBDATE: '1970-01-01T00:00:00'}
# - {INSTRUME: LSSTCam}
# - {OBSTYPE: transmission_filter_detector}
# - {CALIBCLS: lsst.ip.isr.IntermediateFilterDetectorTransmissionCurve}
# - {SOURCE: Materion (DM-46256)}
# - {DETECTOR: 40}
# - {FILTER: z_20}
# - {CALIB_ID: 'calibDate=1970-01-01T00:00:00 filter=z_20 detector=40'}
# - {DATE: '2025-04-02T15:59:48.820232'}
# - {CALIB_CREATION_DATE: '2025-04-02'}
# - {CALIB_CREATION_TIME: '15:59:48'}
# - __serialized_columns__:
#     efficiency:
#       __class__: astropy.units.quantity.Quantity
#       unit: !astropy.units.Unit {unit: '%'}
#       value: !astropy.table.SerializedColumn {name: efficiency}
#     wavelength:
#       __class__: astropy.units.quantity.Quantity
#       unit: !astropy.units.Unit {unit: nm}
#       value: !astropy.table.SerializedColumn {name: wavelength}
# schema: astropy-2.0
wavelength efficiency
300.0 0.8759384043514729
301.0 0.5909917876124382
302.0 0.306045264005661
303.0 0.29665459878742695
304.0 0.2872639335691929
305.0 0.2435541246086359
306.0 0.19984431564807892
307.0 0.1842572703026235
308.0 0.1686702249571681
309.0 0.1472932635806501
310.0 0.12591631384566426
311.0 0.12684576213359833
312.0 0.1277752104215324
313.0 0.11275684228166938
314.0 0.09773848578333855
315.0 0.09609246626496315
316.0 0.09444644092582166
317.0 0.07955586770549417
318.0 0.06466530030593276
319.0 0.06476338603533804
320.0 0.06486147176474333
321.0 0.06437210831791162
322.0 0.06388274487107992
323.0 0.0559615611564368
324.0 0.04804037744179368
325.0 0.04395069554448128
326.0 0.03986101073678583
327.0 0.03911937528755516
328.0 0.03837774565909058
329.0 0.03395521780475974
330.0 0.029532695771194994
331.0 0.026960359537042677
332.0 0.024388020392507315
333.0 0.0235470783081837
334.0 0.022706130403093994
335.0 0.021560033201240003
336.0 0.020413933089002967
337.0 0.024553778348490596
338.0 0.028693617787212133
339.0 0.02474159700796008
340.0 0.020789580594282597
341.0 0.017618741549085826
342.0 0.014447902503889054
343.0 0.01411229750374332
344.0 0.01377669395878911
345.0 0.012870675709564239
346.0 0.011964657460339367
347.0 0.011413206811994314
348.0 0.010861757618840784
349.0 0.013521747314371169
350.0 0.016181737009901553
351.0 0.013446906814351678
352.0 0.010712072253227234
353.0 0.011235915735596791
354.0 0.011759761400753632
355.0 0.01002723874989897
356.0 0.008294717554235831
357.0 0.009260834485758096
358.0 0.010226954327663407
359.0 0.00999484836938791
360.0 0.009762741683516651
361.0 0.008868143777363002
362.0 0.007973548053996637
363.0 0.00923680272535421
364.0 0.010500055941520259
365.0 0.010147803550353274
366.0 0.009795554069569334
367.0 0.008557007822673768
368.0 0.00731846084818244
369.0 0.007871010893722996
370.0 0.008423561666859314
371.0 0.008295837324112654
372.0 0.008168115164153278
373.0 0.0071881986514199525
374.0 0.006208284321473911
375.0 0.006445831240853295
376.0 0.006683377432636917
377.0 0.007106044358806685
378.0 0.00752870982978493
379.0 0.0063100087572820485
380.0 0.005091306957183406
381.0 0.0032627944165142253
382.0 0.0014342820577439852
383.0 0.0036114499380346388
384.0 0.005788618364022113
385.0 0.005544300438486971
386.0 0.005299982876749709
387.0 0.0059248137404210865
388.0 0.006549645331688225
389.0 0.005817453347845003
390.0 0.005085262455395423
391.0 0.004691038702731021
392.0 0.004296814950066619
393.0 0.0047820070903981104
394.0 0.005267199958325364
395.0 0.004349266964709386
396.0 0.003431333607295528
397.0 0.00363944964192342
398.0 0.0038475653127534315
399.0 0.004045248715556227
400.0 0.00424293139076326
401.0 0.0046863780880812556
402.0 0.00512982442160137
403.0 0.005108775440021418
404.0 0.0050877271860372275
405.0 0.004147911022300832
406.0 0.003208095586160198
407.0 0.00174405358848162
408.0 0.0002800121819745982
409.0 0.001970007724594325
410.0 0.003660003494587727
411.0 0.00428152343374677
412.0 0.004903043372905813
413.0 0.004622408596333116
414.0 0.004341773455962539
415.0 0.003619590279413387
416.0 0.0028974076485610567
417.0 0.003875245965900831
418.0 0.0048530844651395455
419.0 0.004376114520709962
420.0 0.0038991449400782585
421.0 0.003813400326180272
422.0 0.003727656076080166
423.0 0.0036873476346954703
424.0 0.003647040284704417
425.0 0.002616271740407683
426.0 0.0015855030142120086
427.0 0.0017903405023389496
428.0 0.001995178172364831
429.0 0.0013841929103364237
430.0 0.0007732080121058971
431.0 0.0007234559234348126
432.0 0.0006737036528647877
433.0 0.000642504255665699
434.0 0.0006113050403655507
435.0 0.0011361756151018199
436.0 0.001661046189838089
437.0 0.001897479705803562
438.0 0.0021339134036679752
439.0 0.002159958421543706
440.0 0.002186003803217318
441.0 0.0016728232367313467
442.0 0.0011596430340432562
443.0 0.0022240094040171243
444.0 0.003288375955889933
445.0 0.0032744039344834164
446.0 0.0032604322768747807
447.0 0.002583157220215071
448.0 0.0019058821635553613
449.0 0.002542412039474584
450.0 0.0031789422791916877
451.0 0.002562350346124731
452.0 0.0019457578673609532
453.0 0.0018049975551548414
454.0 0.00166423742484767
455.0 0.0023541457267128862
456.0 0.003044054210477043
457.0 0.002245208088424988
458.0 0.0014463617844739929
459.0 0.0015328696463257074
460.0 0.0016193773262784816
461.0 0.0007860418008931447
462.0 1.588486612212614e-10
463.0 0.0009578391654940788
464.0 0.00196297223737929
465.0 0.0022098925910540856
466.0 0.002456812944728881
467.0 0.002153675268345978
468.0 0.0018505372281651944
469.0 0.0016613899788353592
470.0 0.0014722426385560539
471.0 0.0013408926861302461
472.0 0.0012095429156033788
473.0 0.0012203058759041596
474.0 0.0012310688362049405
475.0 0.0010257645953970496
476.0 0.0008204603545891587
477.0 0.0012368101124593522
478.0 0.0016531597793800756
479.0 0.002026555193879176
480.0 0.0023999507902772166
481.0 0.0018758817532216199
482.0 0.0013518128071154933
483.0 0.0009231815965904389
484.0 0.0004945503405906493
485.0 0.0013129139006196056
486.0 0.002131277506123297
487.0 0.0014608264791604597
488.0 0.000790375179349212
489.0 0.0016793735994724557
490.0 0.0025683721105451696
491.0 0.002382141974521801
492.0 0.002195911838498432
493.0 0.0020231986127328128
494.0 0.001850485750765074
495.0 0.0016434709323220886
496.0 0.0014364563867275137
497.0 0.0013076752111373935
498.0 0.001178894399345154
499.0 0.001255429469892988
500.0 0.0013319646313902922
501.0 0.0008810849976725876
502.0 0.00043020536395488307
503.0 0.0012048885764670558
504.0 0.0019795717889792286
505.0 0.0022131198420538567
506.0 0.002446668077027425
507.0 0.0023163640435086563
508.0 0.0021860596461920068
509.0 0.0018935761545435525
510.0 0.0016010932085919194
511.0 0.001241353038494708
512.0 0.0008816131412459072
513.0 0.0012930212506034877
514.0 0.0017044298147084191
515.0 0.001287560098717222
516.0 0.0008706908374733757
517.0 0.0008568819794163574
518.0 0.000843073121359339
519.0 0.0010403129635960795
520.0 0.0012375525329844095
521.0 0.0016506610336364247
522.0 0.00206376953428844
523.0 0.0013719856724492274
524.0 0.0006802019015594851
525.0 0.0007782071406836621
526.0 0.0008762125617067795
527.0 0.001236343723576283
528.0 0.0015964749763952568
529.0 0.001324634922639234
530.0 0.0010527941412874497
531.0 0.0011241811989748385
532.0 0.001195568165712757
533.0 0.0008883697773853783
534.0 0.0005811712526337942
535.0 0.0011054409696953371
536.0 0.0016297108231810853
537.0 0.0016294934539473616
538.0 0.0016292760847136378
539.0 0.001116186467697844
540.0 0.0006030965323589044
541.0 0.0006900619155203458
542.0 0.0007770273441565223
543.0 0.0012288269317650702
544.0 0.0016806267012725584
545.0 0.0011250070201640483
546.0 0.0005693876573786838
547.0 0.0012377768143778667
548.0 0.0019061655621044338
549.0 0.001619672002561856
550.0 0.0013331783520698082
551.0 0.0014318405192170758
552.0 0.0015305025954148732
553.0 0.0013549894902098458
554.0 0.0011794760212069377
555.0 0.0010778101568575948
556.0 0.000976144292508252
557.0 0.0013279968698043376
558.0 0.001679849265201483
559.0 0.0017549251424497925
560.0 0.001830000474001281
561.0 0.0016769952708273195
562.0 0.0015239899767038878
563.0 0.0012431524737621658
564.0 0.0009623148798709735
565.0 0.0016726462490623817
566.0 0.00238297780015273
567.0 0.0027483922167448327
568.0 0.003113806451437995
569.0 0.0029496251954697073
570.0 0.0027854437576024793
571.0 0.0026467667339602485
572.0 0.002508088800823316
573.0 0.002040736762864981
574.0 0.001573384906805586
575.0 0.002025635512836743
576.0 0.00247788593696896
577.0 0.0020533372662612237
578.0 0.001628788777452428
579.0 0.001726146183500532
580.0 0.0018235035895486362
581.0 0.0016594705812167376
582.0 0.001495437572884839
583.0 0.001956218693521805
584.0 0.002417000177956652
585.0 0.0025879960958263837
586.0 0.002758992195595056
587.0 0.00210435227927519
588.0 0.0014497119082079735
589.0 0.002002899782382883
590.0 0.0025560875656083226
591.0 0.0016960942957666703
592.0 0.0008361009349755477
593.0 0.0007209823252196657
594.0 0.0006058635335648432
595.0 0.0010393253432994243
596.0 0.0014727870620845351
597.0 0.001396172410750296
598.0 0.0013195576684665866
599.0 0.0009586048690835014
600.0 0.0005976522515993565
601.0 0.0005418916771304794
602.0 0.00048613092076266184
603.0 0.0009461174158786889
604.0 0.001406103456247365
605.0 0.0008985886779555585
606.0 0.0003910736268153414
607.0 0.0008149886525643524
608.0 0.0012389037692628335
609.0 0.001201324357680278
610.0 0.001163744764198782
611.0 0.0010256654604745563
612.0 0.0008875859748513903
613.0 0.0008372015145141631
614.0 0.0007868170541769359
615.0 0.0012407778740453068
616.0 0.0016947387848631479
617.0 0.002169463914469816
618.0 0.002644189225975424
619.0 0.002195415618189145
620.0 0.001746641646604985
621.0 0.0014784640370635316
622.0 0.0012102860637241974
623.0 0.0015351841284427792
624.0 0.001860082193161361
625.0 0.0016770711226854473
626.0 0.001494060143159004
627.0 0.0018686067051021382
628.0 0.0022431537217926234
629.0 0.0019897412130376324
630.0 0.0017363287042826414
631.0 0.0015243991583702154
632.0 0.0013124692486599088
633.0 0.0017059437595889904
634.0 0.0020994186343159527
635.0 0.0050697704864433035
636.0 0.008040121610974893
637.0 0.015305705892387778
638.0 0.022571292356587946
639.0 0.019796974083874375
640.0 0.017022657266352326
641.0 0.014742057828698307
642.0 0.012461462756618857
643.0 0.009992089326260611
644.0 0.00752271807868965
645.0 0.006759013922419399
646.0 0.005995309402351268
647.0 0.00552163073734846
648.0 0.00504795134474989
649.0 0.004098802310181782
650.0 0.0031496536394115537
651.0 0.003633271626313217
652.0 0.00411688961321488
653.0 0.003306481448817067
654.0 0.002496073102520313
655.0 0.002781341754598543
656.0 0.003066610952373594
657.0 0.0030198716558516026
658.0 0.0029731319955317304
659.0 0.0027577721994020976
660.0 0.0025424125851714052
661.0 0.0027604350179899484
662.0 0.0029784569051116705
663.0 0.0020937506633345038
664.0 0.0012090445125068072
665.0 0.0016594960470683873
666.0 0.002109948036377318
667.0 0.0023924503693706356
668.0 0.002674952702363953
669.0 0.0019355418771738186
670.0 0.0011961313248320948
671.0 0.0008251329745689873
672.0 0.0004541347152553499
673.0 0.0012460737707442604
674.0 0.0020380130081321113
675.0 0.00208540750463726
676.0 0.0021328020011424087
677.0 0.0018849146727006882
678.0 0.0016370267985621467
679.0 0.00138640716613736
680.0 0.0011357875337125733
681.0 0.0011996831744909286
682.0 0.0012635787243198138
683.0 0.0023541791961179115
684.0 0.0034447803045623004
685.0 0.002873567063943483
686.0 0.0023023543690214865
687.0 0.0017246342395083047
688.0 0.0011469139280961826
689.0 0.0014439439837587997
690.0 0.0017409738575224765
691.0 0.002045886321866419
692.0 0.0023507989681093022
693.0 0.002749626037257258
694.0 0.003148453470203094
695.0 0.0032880536309676245
696.0 0.003427653791732155
697.0 0.003652192754088901
698.0 0.003876732080243528
699.0 0.005696358857676387
700.0 0.007515984907513484
701.0 0.007150172314140946
702.0 0.006784358265576884
703.0 0.006259463407332078
704.0 0.005734568912885152
705.0 0.005174319812795147
706.0 0.004614072531694546
707.0 0.004338640428613871
708.0 0.004063207961735316
709.0 0.004204711149213836
710.0 0.004346213609096594
711.0 0.0039474234654335305
712.0 0.003548633321770467
713.0 0.0024979082809295505
714.0 0.0014471833310381044
715.0 0.0021969990484649315
716.0 0.0029468150387401693
717.0 0.002558234518801328
718.0 0.002169653816963546
719.0 0.0017189400750794448
720.0 0.001268225969397463
721.0 0.0011507941053423565
722.0 0.0010333620593883097
723.0 0.0009617437171982601
724.0 0.0008901251931092702
725.0 0.001303409408137668
726.0 0.0017166936231660657
727.0 0.0017283498891629279
728.0 0.0017400059732608497
729.0 0.0018046914192382246
730.0 0.0018693765014177188
731.0 0.001409150536346715
732.0 0.0009489246622251812
733.0 0.0009725126801640727
734.0 0.0009961007890524343
735.0 0.0010687178473745007
736.0 0.0011413345418986864
737.0 0.001339719437964959
738.0 0.0015381041521322913
739.0 0.0012095325473637786
740.0 0.0008809608516457956
741.0 0.0010050585842691362
742.0 0.0011291563168924768
743.0 0.0015333616829593666
744.0 0.001937566776177846
745.0 0.0013150528502592351
746.0 0.0006925388333911542
747.0 0.0011859123333124444
748.0 0.0016792859241832048
749.0 0.002355339347559493
750.0 0.003031393134733662
751.0 0.0029750661269645207
752.0 0.0029187393010943197
753.0 0.0029007696866756305
754.0 0.0028828002541558817
755.0 0.0018790629837894812
756.0 0.0008753252586757299
757.0 0.0018408360119792633
758.0 0.002806346856232267
759.0 0.0026731122488854453
760.0 0.002539877277740743
761.0 0.004338473445386626
762.0 0.00613707015872933
763.0 0.005675523789250292
764.0 0.005213978511164896
765.0 0.005208750008023344
766.0 0.005203524051466957
767.0 0.004528172212303616
768.0 0.0038528200093423948
769.0 0.003409359123907052
770.0 0.0029658993298653513
771.0 0.0038759018934797496
772.0 0.004785904093296267
773.0 0.003981951522291638
774.0 0.003177998587489128
775.0 0.10318125132471323
776.0 1.588486612212614e-10
777.0 1.588486612212614e-10
778.0 0.0386094325222075
779.0 0.028562944498844445
780.0 1.588486612212614e-10
781.0 0.0743193319067359
782.0 0.0173106775037013
783.0 0.000272359034170222
784.0 0.025505342637188733
785.0 0.10617574444040656
786.0 1.588486612212614e-10
787.0 0.08399217040278018
788.0 0.02803636307362467
789.0 0.040173117304220796
790.0 1.588486612212614e-10
791.0 0.021049547649454325
792.0 0.05685086362063885
793.0 1.588486612212614e-10
794.0 0.08277430897578597
795.0 1.588486612212614e-10
796.0 0.18900592112913728
797.0 0.15035135438665748
798.0 0.045807374408468604
799.0 0.11050950270146132
800.0 0.09596379240974784
801.0 0.27894729282706976
802.0 0.6810792721807957
803.0 0.9412303566932678
804.0 1.5222717076539993
805.0 2.374846488237381
806.0 3.7143290042877197
807.0 5.334830284118652
808.0 7.369420677423477
809.0 9.903228282928467
810.0 12.760725617408752
811.0 16.07174277305603
812.0 19.140607118606567
813.0 22.2141295671463
814.0 25.032997131347656
815.0 28.865468502044678
816.0 33.48148763179779
817.0 38.84887099266052
818.0 44.74221169948578
819.0 50.263744592666626
820.0 57.96244740486145
821.0 65.59855937957764
822.0 71.92003726959229
823.0 77.66752243041992
824.0 83.16506147384644
825.0 87.9226565361023
826.0 91.78023934364319
827.0 94.73106265068054
828.0 97.6637065410614
829.0 98.79516363143921
830.0 98.47439527511597
831.0 99.11678433418274
832.0 98.80532622337341
833.0 99.48413372039795
834.0 98.8423228263855
835.0 99.14815425872803
836.0 99.51404333114624
837.0 99.30799007415771
838.0 98.73195886611938
839.0 98.3635663986206
840.0 98.79459142684937
841.0 99.63454008102417
842.0 99.61320161819458
843.0 99.83192682266235
844.0 98.25709462165833
845.0 98.58570098876953
846.0 98.92718195915222
847.0 99.07737374305725
848.0 99.86773729324341
849.0 98.97845983505249
850.0 98.03497195243835
851.0 99.52998161315918
852.0 99.58354234695435
853.0 98.88617992401123
854.0 99.8719573020935
855.0 98.12228083610535
856.0 99.31551814079285
857.0 98.04605841636658
858.0 98.79981875419617
859.0 99.54640865325928
860.0 98.21431636810303
861.0 98.93183708190918
862.0 98.95796775817871
863.0 98.49880933761597
864.0 99.36130046844482
865.0 99.78350400924683
866.0 98.91046285629272
867.0 99.13823008537292
868.0 99.41821694374084
869.0 98.87803792953491
870.0 98.2081413269043
871.0 99.15263652801514
872.0 99.49003458023071
873.0 98.99700284004211
874.0 99.63126182556152
875.0 98.9472508430481
876.0 99.08828139305115
877.0 99.34636950492859
878.0 99.27617907524109
879.0 98.66042137145996
880.0 98.57115745544434
881.0 100.10532140731812
882.0 98.87519478797913
883.0 98.92197847366333
884.0 99.33419227600098
885.0 98.86472821235657
886.0 98.97685050964355
887.0 98.67285490036011
888.0 99.12006855010986
889.0 99.57364797592163
890.0 98.50303530693054
891.0 99.55640435218811
892.0 98.96267056465149
893.0 98.48458766937256
894.0 98.62496852874756
895.0 99.46373701095581
896.0 99.10023212432861
