lsstCam/transmission_filter_detector/r11_s11/z_20/19700101T000000.ecsv
# %ECSV 1.0
# ---
# datatype:
# - {name: wavelength, unit: nm, datatype: float32}
# - {name: efficiency, unit: '%', datatype: float64}
# meta: !!omap
# - {MODE: DETECTOR}
# - {TYPE: transmission_filter_detector}
# - {CALIBDATE: '1970-01-01T00:00:00'}
# - {INSTRUME: LSSTCam}
# - {OBSTYPE: transmission_filter_detector}
# - {CALIBCLS: lsst.ip.isr.IntermediateFilterDetectorTransmissionCurve}
# - {SOURCE: Materion (DM-46256)}
# - {DETECTOR: 40}
# - {FILTER: z_20}
# - {CALIB_ID: 'calibDate=1970-01-01T00:00:00 filter=z_20 detector=40'}
# - {DATE: '2025-04-02T15:59:48.820232'}
# - {CALIB_CREATION_DATE: '2025-04-02'}
# - {CALIB_CREATION_TIME: '15:59:48'}
# - __serialized_columns__:
#     efficiency:
#       __class__: astropy.units.quantity.Quantity
#       unit: !astropy.units.Unit {unit: '%'}
#       value: !astropy.table.SerializedColumn {name: efficiency}
#     wavelength:
#       __class__: astropy.units.quantity.Quantity
#       unit: !astropy.units.Unit {unit: nm}
#       value: !astropy.table.SerializedColumn {name: wavelength}
# schema: astropy-2.0
wavelength efficiency
[from data line 598]
898.0 98.91505837440491
899.0 98.65977764129639
900.0 98.8707184791565
901.0 99.44588541984558
902.0 98.76502752304077
903.0 98.75820279121399
904.0 97.9425311088562
905.0 98.80301356315613
906.0 98.15765619277954
907.0 98.59080910682678
908.0 98.39511513710022
909.0 98.40331077575684
910.0 98.22566509246826
911.0 97.03102707862854
912.0 95.85116505622864
913.0 95.11299729347229
914.0 92.81858205795288
915.0 90.45808911323547
916.0 88.67940902709961
917.0 87.17477321624756
918.0 83.57237577438354
919.0 82.1865975856781
920.0 79.40288186073303
921.0 76.03246569633484
922.0 71.69355154037476
923.0 66.0844087600708
924.0 60.718148946762085
925.0 55.047839879989624
926.0 49.191123247146606
927.0 42.33832657337189
928.0 36.32611930370331
929.0 30.138549208641052
930.0 24.424484372138977
931.0 19.327174127101898
932.0 13.698011636734009
933.0 9.248208999633789
934.0 6.076893210411072
935.0 3.717390075325966
936.0 2.165396697819233
937.0 1.2797103263437748
938.0 0.7781922817230225
939.0 0.4834054037928581
940.0 0.3869541920721531
941.0 0.23443212267011404
942.0 0.2254276303574443
943.0 0.20449974108487368
944.0 1.588486612212614e-10
945.0 0.24665948003530502
946.0 0.011966090823989362
947.0 1.588486612212614e-10
948.0 0.030034242081455886
949.0 1.588486612212614e-10
950.0 0.03735506325028837
951.0 0.037394987884908915
952.0 0.0914061616640538
953.0 0.0644795538391918
954.0 0.014405966794583946
955.0 1.588486612212614e-10
956.0 1.588486612212614e-10
957.0 1.588486612212614e-10
958.0 0.023681134916841984
959.0 1.588486612212614e-10
960.0 0.038095342461019754
961.0 0.05022109253332019
962.0 0.030904109007678926
963.0 1.588486612212614e-10
964.0 1.588486612212614e-10
965.0 0.0065770072978921235
966.0 0.026683180476538837
967.0 0.042616817518137395
968.0 0.024797621881589293
969.0 0.010884849325520918
970.0 0.017539181862957776
971.0 1.588486612212614e-10
972.0 0.04107726563233882
973.0 1.588486612212614e-10
974.0 1.588486612212614e-10
975.0 1.588486612212614e-10
976.0 0.006371112249325961
977.0 0.006362771091517061
978.0 0.006354431388899684
979.0 0.006195201422087848
980.0 0.00603597036388237
981.0 0.005933858483331278
982.0 0.005831747694173828
983.0 0.00572264616494067
984.0 0.005613544999505393
985.0 0.005319608681020327
986.0 0.0050256712711416185
987.0 0.005061737829237245
988.0 0.005097804751130752
989.0 0.004987845022697002
990.0 0.0048778860218590125
991.0 0.004918077684124
992.0 0.00495827007398475
993.0 0.004920634819427505
994.0 0.004882998837274499
995.0 0.004805810749530792
996.0 0.004728622661787085
997.0 0.004553959297481924
998.0 0.004379295569378883
999.0 0.0043688320147339255
1000.0 0.004358368460088968
1001.0 0.004504532989813015
1002.0 0.004650697883334942
1003.0 0.004550761514110491
1004.0 0.00445082550868392
1005.0 0.004308525603846647
1006.0 0.0041662260628072545
1007.0 0.0042692940041888505
1008.0 0.0043723619455704466
1009.0 0.004471071224543266
1010.0 0.004569780139718205
1011.0 0.004607556547853164
1012.0 0.004645332955988124
1013.0 0.004501338480622508
1014.0 0.0043573436414590105
1015.0 0.0045005017454968765
1016.0 0.004643659121938981
1017.0 0.004919430284644477
1018.0 0.005195201447349973
1019.0 0.004969675501342863
1020.0 0.004744149191537872
1021.0 0.004774914123117924
1022.0 0.004805678690900095
1023.0 0.004733160312753171
1024.0 0.004660641934606247
1025.0 0.004795266431756318
1026.0 0.004929890565108508
1027.0 0.00484704905829858
1028.0 0.004764207551488653
1029.0 0.004794240521732718
1030.0 0.004824274219572544
1031.0 0.0049168465920956805
1032.0 0.005009418964618817
1033.0 0.005040071118855849
1034.0 0.005070723273092881
1035.0 0.005310511551215313
1036.0 0.005550299829337746
1037.0 0.005649397644447163
1038.0 0.005748495095758699
1039.0 0.00559227482881397
1040.0 0.005436053470475599
1041.0 0.0058688860008260235
1042.0 0.006301718531176448
1043.0 0.005757511462434195
1044.0 0.005213304393691942
1045.0 0.005918962779105641
1046.0 0.00662462116451934
1047.0 0.0063236293499358
1048.0 0.0060226368077564985
1049.0 0.006167841638671234
1050.0 0.0063130471971817315
1051.0 0.006666129775112495
1052.0 0.007019213808234781
1053.0 0.007028238178463653
1054.0 0.007037263276288286
1055.0 0.007584767445223406
1056.0 0.008132271614158526
1057.0 0.007982689567143098
1058.0 0.007833107520127669
1059.0 0.007907295366749167
1060.0 0.007981481030583382
1061.0 0.008512930799042806
1062.0 0.00904438056750223
1063.0 0.009115660941461101
1064.0 0.009186942043015733
1065.0 0.009296125790569931
1066.0 0.009405312448507175
1067.0 0.009588981629349291
1068.0 0.00977265153778717
1069.0 0.01060696886270307
1070.0 0.01144128546002321
1071.0 0.011175371037097648
1072.0 0.010909455158980563
1073.0 0.01079715002560988
1074.0 0.01068484561983496
1075.0 0.011439470836194232
1076.0 0.012194099690532312
1077.0 0.012126474757678807
1078.0 0.012058848369633779
1079.0 0.013156357454136014
1080.0 0.014253865811042488
1081.0 0.01436031743651256
1082.0 0.014466771972365677
1083.0 0.014446885325014591
1084.0 0.014426997222471982
1085.0 0.015004203305579722
1086.0 0.01558141375426203
1087.0 0.01570758904563263
1088.0 0.01583376433700323
1089.0 0.017007335554808378
1090.0 0.018180905317422003
1091.0 0.01827824307838455
1092.0 0.01837557792896405
1093.0 0.018307882419321686
1094.0 0.018240186909679323
1095.0 0.01916119654197246
1096.0 0.020082207629457116
1097.0 0.020727328956127167
1098.0 0.021372450282797217
1099.0 0.02306176320416853
1100.0 0.024751073215156794
1101.0 0.02473251079209149
1102.0 0.024713948369026184
1103.0 0.026010832516476512
1104.0 0.027307713753543794
1105.0 0.027450441848486662
1106.0 0.027593172853812575
1107.0 0.028405568446032703
1108.0 0.029217966948635876
1109.0 0.030883454019203782
1110.0 0.03254893817938864
1111.0 0.03274943446740508
1112.0 0.032949933665804565
1113.0 0.03444900503382087
1114.0 0.03594808222260326
1115.0 0.034624236286617815
1116.0 0.033300393261015415
1117.0 0.03384007140994072
1118.0 0.034379749558866024
1119.0 0.0376792682800442
1120.0 0.040978784090839326
1121.0 0.04369367379695177
1122.0 0.046408569323830307
1123.0 0.04477087641134858
1124.0 0.0431331864092499
1125.0 0.043941565672867
1126.0 0.04474995075725019
1127.0 0.04886256065219641
1128.0 0.052975170547142625
1129.0 0.05726320669054985
1130.0 0.061551242833957076
1131.0 0.06129632820375264
1132.0 0.061041407752782106
1133.0 0.06381649291142821
1134.0 0.06659157807007432
1135.0 0.06490371306426823
1136.0 0.06321584223769605
1137.0 0.07033919100649655
1138.0 0.07746255141682923
1139.0 0.08182452293112874
1140.0 0.0861864595208317
1141.0 0.09593292488716543
1142.0 0.10567937279120088
1143.0 0.12750845635309815
1144.0 0.1493374933488667
1145.0 0.3005736041814089
1146.0 0.45180972665548325
1147.0 0.9588711895048618
1148.0 1.4659326523542404
1149.0 1.6649503260850906
1150.0 1.8639693036675453
