lsstCam/transmission_filter_detector/r12_s11/r_57/19700101T000000.ecsv
# %ECSV 1.0
# ---
# datatype:
# - {name: wavelength, unit: nm, datatype: float32}
# - {name: efficiency, unit: '%', datatype: float64}
# meta: !!omap
# - {MODE: DETECTOR}
# - {TYPE: transmission_filter_detector}
# - {CALIBDATE: '1970-01-01T00:00:00'}
# - {INSTRUME: LSSTCam}
# - {OBSTYPE: transmission_filter_detector}
# - {CALIBCLS: lsst.ip.isr.IntermediateFilterDetectorTransmissionCurve}
# - {SOURCE: Materion (DM-46256)}
# - {DETECTOR: 49}
# - {FILTER: r_57}
# - {CALIB_ID: 'calibDate=1970-01-01T00:00:00 filter=r_57 detector=49'}
# - {DATE: '2025-04-02T15:59:44.411514'}
# - {CALIB_CREATION_DATE: '2025-04-02'}
# - {CALIB_CREATION_TIME: '15:59:44'}
# - __serialized_columns__:
#     efficiency:
#       __class__: astropy.units.quantity.Quantity
#       unit: !astropy.units.Unit {unit: '%'}
#       value: !astropy.table.SerializedColumn {name: efficiency}
#     wavelength:
#       __class__: astropy.units.quantity.Quantity
#       unit: !astropy.units.Unit {unit: nm}
#       value: !astropy.table.SerializedColumn {name: wavelength}
# schema: astropy-2.0
wavelength efficiency
[from data line 602]
902.0 1.5810777166669343e-10
903.0 1.5810777166669343e-10
904.0 1.5810777166669343e-10
905.0 5.886947747058002e-05
906.0 9.643528642300225e-06
907.0 1.5810777166669343e-10
908.0 1.5810777166669343e-10
909.0 1.5810777166669343e-10
910.0 1.5810777166669343e-10
911.0 1.5810777166669343e-10
912.0 1.5810777166669343e-10
913.0 1.5810777166669343e-10
914.0 1.5810777166669343e-10
915.0 9.057354191099876e-05
916.0 6.795865488129493e-05
917.0 4.5343790588958655e-05
918.0 8.909564144232718e-05
919.0 0.00013284745818964439
920.0 5.8525455415292527e-05
921.0 1.5810777166669343e-10
922.0 7.648234259249875e-05
923.0 0.00016876125528142438
924.0 0.0001900940674204321
925.0 0.0002114268909281236
926.0 0.00018331921864955802
927.0 0.00015521154637099244
928.0 0.000163619233717327
929.0 0.00017202689832629403
930.0 0.00020368261175462976
931.0 0.0002353383251829655
932.0 0.00011625388651737012
933.0 1.5810777166669343e-10
934.0 0.00013815250667903456
935.0 0.00027913549729419174
936.0 0.00026598038402880775
937.0 0.00025282527076342376
938.0 0.00030885748856235296
939.0 0.00036488975183601724
940.0 0.000316179921355797
941.0 0.0002674700908755767
942.0 0.0003608434781199321
943.0 0.00045421688810165506
944.0 0.0003484324906821712
945.0 0.00024264816147478996
946.0 0.0002843062020474463
947.0 0.0003259641971453675
948.0 0.00043307845771778375
949.0 0.0005401928319770377
950.0 0.0005382709787227213
951.0 0.0005363490799936699
952.0 0.0006618321094720159
953.0 0.0007873152753745671
954.0 0.0010975604709528852
955.0 0.0014078058484301437
956.0 0.0014853941138426308
957.0 0.0015629822883056477
958.0 0.0016777747077867389
959.0 0.0017925674910657108
960.0 0.0019492212231853046
961.0 0.0021058749553048983
962.0 0.002260551627841778
963.0 0.0024152284822775982
964.0 0.0024874530936358497
965.0 0.0025596773411962204
966.0 0.002541115100029856
967.0 0.0025225528588634916
968.0 0.002481758565409109
969.0 0.0024409644538536668
970.0 0.0025383671527379192
971.0 0.0026357702154200524
972.0 0.0026586076273815706
973.0 0.002681444675545208
974.0 0.0028689864848274738
975.0 0.0030565282941097394
976.0 0.0031518480682279915
977.0 0.0032471678423462436
978.0 0.0031254730856744573
979.0 0.003003778329002671
980.0 0.0029473923859768547
981.0 0.002891006624849979
982.0 0.0029392373107839376
983.0 0.0029874681786168367
984.0 0.002962297912745271
985.0 0.0029371278287726454
986.0 0.002849699740181677
987.0 0.0027622716515907086
988.0 0.0025846009521046653
989.0 0.0024069304345175624
990.0 0.0024491537260473706
991.0 0.0024913770175771788
992.0 0.0025318318876088597
993.0 0.002572286939539481
994.0 0.0026279154553776607
995.0 0.0026835434255190194
996.0 0.0027580486857914366
997.0 0.002832553582265973
998.0 0.0029569990147138014
999.0 0.00308144444716163
1000.0 0.0032310141250491142
1001.0 0.00338058453053236
1002.0 0.0035904704418499023
1003.0 0.003800356716965325
1004.0 0.003923505209968425
1005.0 0.0040466537029715255
1006.0 0.004234635707689449
1007.0 0.004422617712407373
1008.0 0.004331469244789332
1009.0 0.004240320413373411
1010.0 0.004207990423310548
1011.0 0.004175660797045566
1012.0 0.0041498355130897835
1013.0 0.004124010229134001
1014.0 0.0038673835661029443
1015.0 0.003610756539274007
1016.0 0.0034355645766481757
1017.0 0.003260372977820225
1018.0 0.0029046786949038506
1019.0 0.0025489851395832375
1020.0 0.0021761537936981767
1021.0 0.001803322447813116
1022.0 0.0015848843759158626
1023.0 0.0013664461221196689
1024.0 0.0014164312233333476
1025.0 0.001466416688344907
1026.0 0.0013455965017783456
1027.0 0.0012247760423633736
1028.0 0.0011112054380646441
1029.0 0.0009976347428164445
1030.0 0.0009519950253888965
1031.0 0.0009063546713150572
1032.0 0.0008933891876949929
1033.0 0.0008804235221759882
1034.0 0.000815617386251688
1035.0 0.0007508110684284475
1036.0 0.0008511599844496232
1037.0 0.0009515087185718585
1038.0 0.0008596971383667551
1039.0 0.0007678856491111219
1040.0 0.0007957797606650274
1041.0 0.000823673872218933
1042.0 0.0009605738341633696
1043.0 0.0010974734323099256
1044.0 0.0010034668775915634
1045.0 0.0009094605957216118
1046.0 0.0008954799341154285
1047.0 0.0008814994544081856
1048.0 0.0007296656349353725
1049.0 0.0005778318609372946
1050.0 0.000646903163215029
1051.0 0.0007159744200180285
1052.0 0.0010413445124868304
1053.0 0.001366713968309341
1054.0 0.0011133900443383027
1055.0 0.000860065938468324
1056.0 0.0008829849321045913
1057.0 0.0009059041985892691
1058.0 0.0008166691259248182
1059.0 0.0007274342806340428
1060.0 0.0010528721759328619
1061.0 0.0013783096619590651
1062.0 0.0014104599358688574
1063.0 0.0014426101188291796
1064.0 0.0011384891877241898
1065.0 0.0008343680747202598
1066.0 0.0011275545148237143
1067.0 0.0014207409549271688
1068.0 0.0016857968148542568
1069.0 0.0019508523109834641
1070.0 0.0014530500266118906
1071.0 0.0009552475603413768
1072.0 0.0013344425497052725
1073.0 0.0017136377209681086
1074.0 0.0023709253582637757
1075.0 0.0030282128136605024
1076.0 0.003295011993031949
1077.0 0.0035618108086055145
1078.0 0.003877247218042612
1079.0 0.00419268362747971
1080.0 0.004114784314879216
1081.0 0.004036884638480842
1082.0 0.004045734021929093
1083.0 0.004054583405377343
1084.0 0.004515439650276676
1085.0 0.004976295895176008
1086.0 0.005049480387242511
1087.0 0.0051226648793090135
1088.0 0.00501469912705943
1089.0 0.004906733738607727
1090.0 0.004873203215538524
1091.0 0.0048396723286714405
1092.0 0.004154545604251325
1093.0 0.003469418516033329
1094.0 0.0040358496335102245
1095.0 0.00460228075098712
1096.0 0.0034546850656624883
1097.0 0.0023070891984389164
1098.0 0.0017944437786354683
1099.0 0.0012817989045288414
1100.0 0.001618025271454826
1101.0 0.00195425127458293
