lsstCam/transmission_filter_detector/r12_s11/r_57/19700101T000000.ecsv
# %ECSV 1.0
# ---
# datatype:
# - {name: wavelength, unit: nm, datatype: float32}
# - {name: efficiency, unit: '%', datatype: float64}
# meta: !!omap
# - {MODE: DETECTOR}
# - {TYPE: transmission_filter_detector}
# - {CALIBDATE: '1970-01-01T00:00:00'}
# - {INSTRUME: LSSTCam}
# - {OBSTYPE: transmission_filter_detector}
# - {CALIBCLS: lsst.ip.isr.IntermediateFilterDetectorTransmissionCurve}
# - {SOURCE: Materion (DM-46256)}
# - {DETECTOR: 49}
# - {FILTER: r_57}
# - {CALIB_ID: 'calibDate=1970-01-01T00:00:00 filter=r_57 detector=49'}
# - {DATE: '2025-04-02T15:59:44.411514'}
# - {CALIB_CREATION_DATE: '2025-04-02'}
# - {CALIB_CREATION_TIME: '15:59:44'}
# - __serialized_columns__:
#     efficiency:
#       __class__: astropy.units.quantity.Quantity
#       unit: !astropy.units.Unit {unit: '%'}
#       value: !astropy.table.SerializedColumn {name: efficiency}
#     wavelength:
#       __class__: astropy.units.quantity.Quantity
#       unit: !astropy.units.Unit {unit: nm}
#       value: !astropy.table.SerializedColumn {name: wavelength}
# schema: astropy-2.0
wavelength efficiency
300.0 0.0015854728189879097
301.0 0.004789756712852977
302.0 0.007994040788616985
303.0 0.009921030141413212
304.0 0.011848019494209439
305.0 0.01048327685566619
306.0 0.009118536399910226
307.0 0.008291037374874577
308.0 0.007463538349838927
309.0 0.006976421718718484
310.0 0.006489303632406518
311.0 0.005987564145470969
312.0 0.0054858239309396595
313.0 0.004902506043436006
314.0 0.004319187792134471
315.0 0.004000403714599088
316.0 0.0036816192732658237
317.0 0.0035192366340197623
318.0 0.003356853994773701
319.0 0.003108875171164982
320.0 0.0028608965294552036
321.0 0.002741576827247627
322.0 0.0026222565793432295
323.0 0.0024746286726440303
324.0 0.0023270009478437714
325.0 0.0022279831682681106
326.0 0.0021289657524903305
327.0 0.0021426441890071146
328.0 0.002156322807422839
329.0 0.0022649881429970264
330.0 0.0023736532966722734
331.0 0.002239148670923896
332.0 0.002104644227074459
333.0 0.0019200830138288438
334.0 0.0017355218005832285
335.0 0.00149432999023702
336.0 0.001253137997991871
337.0 0.0011410678780521266
338.0 0.0010289977581123821
339.0 0.0009884563041850924
340.0 0.0009479147593083326
341.0 0.0009778394087334163
342.0 0.0010077640581585001
343.0 0.0009400319868291263
344.0 0.0008723000064492226
345.0 0.0008042980880418327
346.0 0.0007362961696344428
347.0 0.0007166941031755414
348.0 0.0006970920821913751
349.0 0.0007206723239505664
350.0 0.005578451600740664
351.0 0.005641689494950697
352.0 0.005704927752958611
353.0 0.005261661863187328
354.0 0.004818396337213926
355.0 0.004945552791468799
356.0 0.005072709973319434
357.0 0.006727857544319704
358.0 0.008383005479117855
359.0 0.0060962873249081895
360.0 0.003809568806900643
361.0 0.0026416635591886006
362.0 0.0014737577657797374
363.0 0.0025100242055486888
364.0 0.0035462904634187
365.0 0.0038256632251432166
366.0 0.004105036350665614
367.0 0.0034080763725796714
368.0 0.002711116394493729
369.0 0.002244475035695359
370.0 0.00177783404069487
371.0 0.00203207200684119
372.0 0.002286310336785391
373.0 0.0028209971787873656
374.0 0.00335568402078934
375.0 0.002862112523871474
376.0 0.002368541208852548
377.0 0.001059397527569672
378.0 1.5810777166669343e-10
379.0 0.0008194742804334965
380.0 0.0018886947145801969
381.0 0.0026638297640602104
382.0 0.0034389649954391643
383.0 0.0032146621379069984
384.0 0.002990359644172713
385.0 0.004037450707983226
386.0 0.005084540680400096
387.0 0.004599543535732664
388.0 0.0041145463910652325
389.0 0.0034930213587358594
390.0 0.002871496144507546
391.0 0.0022278496544458903
392.0 0.0015842031643842347
393.0 0.0015359759345301427
394.0 0.0014877482499286998
395.0 0.0010044302143796813
396.0 0.0005211122697801329
397.0 0.000630369459031499
398.0 0.0007396269666060107
399.0 0.0005689458703272976
400.0 0.0003982643193012336
401.0 5.407265462054056e-05
402.0 1.5810777166669343e-10
403.0 1.5810777166669343e-10
404.0 0.00012178269344076398
405.0 0.0006860660505481064
406.0 0.0012503492143878248
407.0 0.0017180364011437632
408.0 0.002185723678849172
409.0 0.0017977716197492555
410.0 0.0014098192878009286
411.0 0.0010184924576606136
412.0 0.0006271656275202986
413.0 0.0006107274657551898
414.0 0.000594289349464816
415.0 0.0005955190772510832
416.0 0.000596749123360496
417.0 0.001226242875418393
418.0 0.001855737173173111
419.0 0.002202222458436154
420.0 0.002548707925598137
421.0 0.0039181461033876985
422.0 0.0052875835535814986
423.0 0.00803594448370859
424.0 0.010784303594846278
425.0 0.014828640269115567
426.0 0.01887297403300181
427.0 0.019606336718425155
428.0 0.020339702314231545
429.0 0.015550947864539921
430.0 0.01076219487003982
431.0 0.007700993592152372
432.0 0.004639792314264923
433.0 0.0036233363061910495
434.0 0.002606880480016116
435.0 0.002082325954688713
436.0 0.0015577712474623695
437.0 0.0013354040675039869
438.0 0.0011130370694445446
439.0 0.0009862569640972652
440.0 0.0008594769496994559
441.0 0.0011321490092086606
442.0 0.0014048211596673355
443.0 0.001764940498105716
444.0 0.002125060018443037
445.0 0.002021989530476276
446.0 0.0019189186787116341
447.0 0.001653973049542401
448.0 0.0013890276022721082
449.0 0.0013418056369118858
450.0 0.0012945832168043125
451.0 0.001377024091198109
452.0 0.0014594650565413758
453.0 0.0014623078641307075
454.0 0.0014651507626695093
455.0 0.0013239538020570762
456.0 0.0011827570233435836
457.0 0.0008430215530097485
458.0 0.0005032861281506484
459.0 0.0007424068371619796
460.0 0.0009815275006985757
461.0 0.0015936353520373814
462.0 0.002205742748628836
463.0 0.0028095804736949503
464.0 0.003413418380660005
465.0 0.004434044603840448
466.0 0.005454670827020891
467.0 0.006091962131904438
468.0 0.006729254528181627
469.0 0.005783357482869178
470.0 0.0048374618927482516
471.0 0.0036845842259936035
472.0 0.002531706377340015
473.0 0.0021406438463600352
474.0 0.0017495809515821747
475.0 0.0014408387869480066
476.0 0.001132096895162249
477.0 0.0008938302016758826
478.0 0.000655563417240046
479.0 0.0008749515473027714
480.0 0.0010943395864160266
481.0 0.0008048580639297143
482.0 0.0005153767233423423
483.0 0.0005919007435295498
484.0 0.000668424627292552
485.0 0.0006142599886516109
486.0 0.0005600951681117294
487.0 0.0005940905339230085
488.0 0.0006280858087848173
489.0 0.000593430058870581
490.0 0.0005587742180068744
491.0 0.0007174694928835379
492.0 0.0008761647222854663
493.0 0.0009770381439011544
494.0 0.0010779115655168425
495.0 0.0009557855264574755
496.0 0.0008336593964486383
497.0 0.001049717411660822
498.0 0.0012657752449740656
499.0 0.0012572781088238116
500.0 0.0012487810636230279
501.0 0.0014167341760185082
502.0 0.001584687561262399
503.0 0.0019112363588646986
504.0 0.0022377853383659385
505.0 0.002747815779002849
506.0 0.0032578464015387
507.0 0.0038749974919483066
508.0 0.004492148582357913
509.0 0.005010652239434421
510.0 0.005529154805117287
511.0 0.0049306003347737715
512.0 0.004332045136834495
513.0 0.0036939210986020043
514.0 0.0030557966965716332
515.0 0.0028760707209585235
516.0 0.0026963447453454137
517.0 0.0024495475372532383
518.0 0.002202750329161063
519.0 0.0707979837898165
520.0 0.13157605426386
521.0 0.09034588583745062
522.0 0.10996210621669888
523.0 0.0509505276568234
524.0 0.13452705461531878
525.0 0.09911141823977232
526.0 0.12560425093397498
527.0 0.12534874258562922
528.0 0.11354871094226837
529.0 0.1834403839893639
530.0 0.11217220453545451
531.0 0.18685947870835662
532.0 0.1838812488131225
533.0 0.26429828722029924
534.0 0.3305530408397317
535.0 0.42231539264321327
536.0 0.5364895798265934
537.0 0.7022148929536343
538.0 1.0605924762785435
539.0 1.6292331740260124
540.0 2.7314402163028717
541.0 4.125761985778809
542.0 6.1257533729076385
543.0 8.798427879810333
544.0 12.131410837173462
545.0 15.876780450344086
546.0 20.385058224201202
547.0 25.93303620815277
548.0 33.12545418739319
549.0 41.01334512233734
550.0 47.934094071388245
551.0 55.78048229217529
552.0 61.9601309299469
553.0 67.79642105102539
554.0 72.1005380153656
555.0 76.44834518432617
556.0 80.44734597206116
557.0 83.50600004196167
558.0 86.86183094978333
559.0 90.10743498802185
560.0 91.16416573524475
561.0 93.22803020477295
562.0 94.10050511360168
563.0 94.28229928016663
564.0 94.90168690681458
565.0 94.68809962272644
566.0 95.34200429916382
567.0 94.53513026237488
568.0 94.92961764335632
569.0 95.69647312164307
570.0 95.21760940551758
571.0 95.96494436264038
572.0 96.17480039596558
573.0 95.90285420417786
574.0 96.71353697776794
575.0 96.3460624217987
576.0 96.92981839179993
577.0 96.28593325614929
578.0 96.19216322898865
579.0 96.61099314689636
580.0 95.78947424888611
581.0 95.86158990859985
582.0 95.94608545303345
583.0 96.1669385433197
584.0 95.55577039718628
585.0 95.83526253700256
586.0 95.98188996315002
587.0 95.58539390563965
588.0 95.99599838256836
589.0 96.75322771072388
590.0 95.97317576408386
591.0 95.50142288208008
592.0 95.39481401443481
593.0 95.1073169708252
594.0 95.3741729259491
595.0 95.61821818351746
596.0 96.40347361564636
597.0 96.76412343978882
598.0 96.02757096290588
599.0 96.10977172851562
600.0 96.20761275291443
601.0 95.3504204750061
602.0 96.06408476829529
603.0 95.78215479850769
604.0 95.7259476184845
605.0 96.17751240730286
606.0 95.57480216026306
607.0 95.44365406036377
608.0 95.79660296440125
609.0 95.16901969909668
610.0 95.64199447631836
611.0 95.14398574829102
612.0 95.40504217147827
613.0 96.19579315185547
614.0 96.28272652626038
615.0 95.70903182029724
616.0 95.84270715713501
617.0 95.59323191642761
618.0 95.64454555511475
619.0 96.41478061676025
620.0 95.71751952171326
621.0 94.79340314865112
622.0 95.815908908844
623.0 96.0410475730896
624.0 95.83791494369507
625.0 96.2499737739563
626.0 95.41102647781372
627.0 94.6004569530487
628.0 96.64934277534485
629.0 94.91666555404663
630.0 95.85341215133667
631.0 95.44312953948975
632.0 96.33476138114929
633.0 95.94969153404236
634.0 95.33745646476746
635.0 95.67657709121704
636.0 95.61882019042969
637.0 95.35328149795532
638.0 95.12563347816467
639.0 95.05777359008789
640.0 95.09754776954651
641.0 95.15081644058228
642.0 95.42073011398315
643.0 95.6950306892395
644.0 95.43864130973816
645.0 95.89375257492065
646.0 95.68163752555847
647.0 96.6853678226471
648.0 95.71188688278198
649.0 95.28576731681824
650.0 95.75426578521729
651.0 96.3801383972168
652.0 96.42613530158997
653.0 95.71126699447632
654.0 96.18772864341736
655.0 96.18096947669983
656.0 95.12023329734802
657.0 95.29820680618286
658.0 95.69537043571472
659.0 95.72846293449402
660.0 95.22286057472229
661.0 94.99461054801941
662.0 95.51689624786377
663.0 95.36081552505493
664.0 94.75540518760681
665.0 94.87378001213074
666.0 95.14051675796509
667.0 95.411217212677
668.0 94.76251006126404
669.0 95.00306248664856
670.0 94.95506286621094
671.0 95.24322152137756
672.0 94.91733312606812
673.0 95.07668614387512
674.0 94.78274583816528
675.0 95.19567489624023
676.0 94.64025497436523
677.0 93.62531900405884
678.0 93.04959177970886
679.0 91.96423888206482
680.0 90.77567458152771
681.0 89.83516097068787
682.0 87.81819343566895
683.0 84.94144678115845
684.0 81.3816487789154
685.0 77.99719572067261
686.0 74.0500807762146
687.0 69.21741366386414
688.0 64.88157510757446
689.0 60.0999116897583
690.0 54.934847354888916
691.0 50.83287954330444
692.0 46.15502953529358
693.0 41.83834195137024
694.0 36.90343499183655
695.0 31.976032257080078
696.0 26.768237352371216
697.0 21.79534137248993
698.0 16.268780827522278
699.0 11.837088316679
700.0 8.347375690937042
701.0 5.24456650018692
702.0 3.2936740666627884
703.0 1.9516177475452423
704.0 1.153701450675726
705.0 0.6409682333469391
706.0 0.4511730745434761
707.0 0.32781478948891163
708.0 0.2004792680963874
709.0 0.13213447527959943
710.0 0.112188293132931
711.0 0.08050748147070408
712.0 0.03263239050284028
713.0 0.06655945326201618
714.0 0.05723274662159383
715.0 0.06570644327439368
716.0 0.05282481433823705
717.0 0.014665062190033495
718.0 0.04167952574789524
719.0 0.08721889462321997
720.0 1.5810777166669343e-10
721.0 0.00450230909336824
722.0 0.004272364094504155
723.0 0.0040424194594379514
724.0 0.0037249854358378798
725.0 0.003407551776035689
726.0 0.0031549301638733596
727.0 0.0029023087336099707
728.0 0.0028088346880394965
729.0 0.002715360460570082
730.0 0.002478685200912878
731.0 0.0022420103050535545
732.0 0.0022330053980113007
733.0 0.0022240008547669277
734.0 0.00212099366763141
735.0 0.002017986298596952
736.0 0.0018412769350106828
737.0 0.0016645675714244135
738.0 0.0016476789824082516
739.0 0.0016307903933920898
740.0 0.001601625990588218
741.0 0.0015724615877843462
742.0 0.0014456389180850238
743.0 0.0013188164302846417
744.0 0.0013755688087258022
745.0 0.001432320823369082
746.0 0.001391032765241107
747.0 0.0013497447071131319
748.0 0.0012062048881489318
749.0 0.0010626650691847317
750.0 0.0010678512808226515
751.0 0.0010730377653089818
752.0 0.001124372283811681
753.0 0.0011757068932638504
754.0 0.0011741203707060777
755.0 0.0011725342119461857
756.0 0.0011216527127544396
757.0 0.001070770940714283
758.0 0.001095741299650399
759.0 0.0011207113857381046
760.0 0.0011289773283351678
761.0 0.0011372436347301118
762.0 0.0011306196938676294
763.0 0.0011239961168030277
764.0 0.0010729740097303875
765.0 0.0010219519936072174
766.0 0.0008095037628663704
767.0 0.0005970555321255233
768.0 0.0006174076133902417
769.0 0.0006377595582307549
770.0 0.0007488964911317453
771.0 0.0008600335604569409
772.0 0.0007775794983899686
773.0 0.0006951252998987911
774.0 0.0008154364877555054
775.0 0.0009357476301374845
776.0 0.0009121415132540278
777.0 0.0008885353963705711
778.0 0.0008605849870946258
779.0 0.0008326347597176209
780.0 0.0007412944341922412
781.0 0.0006499541541415965
782.0 0.0007291377642104635
783.0 0.0008083213288045954
784.0 0.0008519156835973263
785.0 0.0008955098564911168
786.0 0.0007952261512400582
787.0 0.0006949423095647944
788.0 0.0006862888767500408
789.0 0.0006776355348847574
790.0 0.0007237508725665975
791.0 0.0007698661647737026
792.0 0.0008002549293451011
793.0 0.0008306436939164996
794.0 0.0008624833753856365
795.0 0.0008943226930568926
796.0 0.0007098119567672256
797.0 0.0005253011750028236
798.0 0.0006863116141175851
799.0 0.0008473220077576116
800.0 0.0007852255293983035
801.0 0.0007231287781905849
802.0 0.0006347311227727914
803.0 0.0005463331490318524
804.0 0.0006701915935991565
805.0 0.0007940499926917255
806.0 0.0007166167051764205
807.0 0.0006391833721863804
808.0 0.0007876234121795278
809.0 0.0009360634066979401
810.0 0.0008018417247512843
811.0 0.000667620270178304
812.0 0.0006847652912256308
813.0 0.0007019103577476926
814.0 0.0005607803814200452
815.0 0.0004196504505671328
816.0 0.0005733049874834251
817.0 0.0007269595698744524
818.0 0.0007077860118442914
819.0 0.0006886124538141303
820.0 0.0005237349341769004
821.0 0.00035885734632756794
822.0 0.00040464101402903907
823.0 0.00045042474994261283
824.0 0.0004953882580593927
825.0 0.0005403518571256427
826.0 0.0005623500783258351
827.0 0.0005843483450007625
828.0 0.00045321839934331365
829.0 0.0003220884536858648
830.0 0.00016596114846834098
831.0 9.833851066787247e-06
832.0 1.650123664376224e-05
833.0 2.3168620089109027e-05
834.0 1.3193877634876117e-05
835.0 3.2191092458333515e-06
836.0 0.0003107716793238069
837.0 0.000618324429524364
838.0 0.0007811951945768669
839.0 0.0009440660505788401
840.0 0.0012451098882593215
841.0 0.0015461537259398028
842.0 0.001998269544856157
843.0 0.0024503853637725115
844.0 0.002244291863462422
845.0 0.002038198545051273
846.0 0.0017646709238761105
847.0 0.001491142847953597
848.0 0.00146673628478311
849.0 0.0014423294487642124
850.0 0.001328564940195065
851.0 0.0012148005225753877
852.0 0.0011650186934275553
853.0 0.0011152367733302526
854.0 0.0009644747478887439
855.0 0.0008137124495988246
856.0 0.0006419974397431361
857.0 0.0004702824753621826
858.0 0.0005392164894146845
859.0 0.0006081504579924513
860.0 0.0004737669769383501
861.0 0.00033938342767214635
862.0 0.0003535479208949255
863.0 0.0003677124141177046
864.0 0.00025433473638258874
865.0 0.00014095711549089174
866.0 9.854742302195518e-05
867.0 5.61377021313092e-05
868.0 0.00011839570106531028
869.0 0.00018065367157760193
870.0 4.136343250138452e-05
871.0 1.5810777166669343e-10
872.0 1.5810777166669343e-10
873.0 1.5810777166669343e-10
874.0 1.5810777166669343e-10
875.0 1.5810777166669343e-10
876.0 1.5810777166669343e-10
877.0 7.290170174201194e-05
878.0 0.00013307841300047585
879.0 0.00019325509583723033
880.0 0.00014797242329223081
881.0 0.00010268970527249621
882.0 9.590764875611058e-05
883.0 8.912562066143437e-05
884.0 1.5810777166669343e-10
885.0 1.5810777166669343e-10
886.0 1.2299133800297568e-05
887.0 0.00014039682127986453
888.0 0.00017444459672333323
889.0 0.00020849236079811817
890.0 0.000190467460470245
891.0 0.00017244251466763671
892.0 3.60431727131072e-05
893.0 1.5810777166669343e-10
894.0 1.5810777166669343e-10
895.0 1.4150053573303012e-05
896.0 3.4865172438003356e-05
897.0 5.5580335356353316e-05
898.0 0.00010044944929177291
899.0 0.00014531855185850873
900.0 4.401162811973336e-05
