lsstCam/transmission_filter_detector/r42_s11/r_57/19700101T000000.ecsv
# %ECSV 1.0
# ---
# datatype:
# - {name: wavelength, unit: nm, datatype: float32}
# - {name: efficiency, unit: '%', datatype: float64}
# meta: !!omap
# - {MODE: DETECTOR}
# - {TYPE: transmission_filter_detector}
# - {CALIBDATE: '1970-01-01T00:00:00'}
# - {INSTRUME: LSSTCam}
# - {OBSTYPE: transmission_filter_detector}
# - {CALIBCLS: lsst.ip.isr.IntermediateFilterDetectorTransmissionCurve}
# - {SOURCE: Materion (DM-46256)}
# - {DETECTOR: 175}
# - {FILTER: r_57}
# - {CALIB_ID: 'calibDate=1970-01-01T00:00:00 filter=r_57 detector=175'}
# - {DATE: '2025-04-02T15:59:44.994007'}
# - {CALIB_CREATION_DATE: '2025-04-02'}
# - {CALIB_CREATION_TIME: '15:59:44'}
# - __serialized_columns__:
#     efficiency:
#       __class__: astropy.units.quantity.Quantity
#       unit: !astropy.units.Unit {unit: '%'}
#       value: !astropy.table.SerializedColumn {name: efficiency}
#     wavelength:
#       __class__: astropy.units.quantity.Quantity
#       unit: !astropy.units.Unit {unit: nm}
#       value: !astropy.table.SerializedColumn {name: wavelength}
# schema: astropy-2.0
wavelength efficiency
300.0 0.0016631660400889814
301.0 0.004839475150220096
302.0 0.00801578426035121
303.0 0.010502737859496847
304.0 0.01298969000345096
305.0 0.012314935156609863
306.0 0.011640180309768766
307.0 0.010893290891544893
308.0 0.01014640147332102
309.0 0.008875284402165562
310.0 0.007604168058605865
311.0 0.007012027344899252
312.0 0.006419885903596878
313.0 0.005903548662899993
314.0 0.005387209967011586
315.0 0.004906155299977399
316.0 0.004425100269145332
317.0 0.004298185012885369
318.0 0.004171270848019049
319.0 0.0039730144635541365
320.0 0.003774759534280747
321.0 0.0036026700399816036
322.0 0.0034305801818845794
323.0 0.003179200939484872
324.0 0.0029278222427819856
325.0 0.0027891413992620073
326.0 0.00265046091953991
327.0 0.002722044155234471
328.0 0.0027936284823226742
329.0 0.002806647535180673
330.0 0.002819667315634433
331.0 0.002574094833107665
332.0 0.002328522168681957
333.0 0.0022561340301763266
334.0 0.002183745709771756
335.0 0.0019849207092192955
336.0 0.0017860958905657753
337.0 0.0015943649486871436
338.0 0.001402634006808512
339.0 0.0013026213309785817
340.0 0.0012026085641991813
341.0 0.001154425353888655
342.0 0.0011062419616791885
343.0 0.0010528990969760343
344.0 0.00099955614132341
345.0 0.0009788688657863531
346.0 0.0009581814083503559
347.0 0.0009309118468081579
348.0 0.0009036421943164896
349.0 0.0008858125511324033
350.0 0.00575966332689859
351.0 0.005608402716461569
352.0 0.005457144288811833
353.0 0.0051402563258307055
354.0 0.00482336909044534
355.0 0.0051438375521684065
356.0 0.005464306377689354
357.0 0.005184277688385919
358.0 0.004904250454274006
359.0 0.0037501889892155305
360.0 0.0025961275241570547
361.0 0.0030356477509485558
362.0 0.0034751683415379375
363.0 0.00282342080026865
364.0 0.0021716730771004222
365.0 0.0023717120711808093
366.0 0.0025717512471601367
367.0 0.0033701351640047505
368.0 0.004168519080849364
369.0 0.0038223373849177733
370.0 0.0034761567803798243
371.0 0.003349205871927552
372.0 0.0032222549634752795
373.0 0.0038011494325473905
374.0 0.004380043537821621
375.0 0.0033797183277783915
376.0 0.0023793927539372817
377.0 0.002195814704464283
378.0 0.002012236654991284
379.0 0.002248414784844499
380.0 0.002484592914697714
381.0 0.0036049252230441198
382.0 0.004725257531390525
383.0 0.004674156662076712
384.0 0.00462305688415654
385.0 0.005031882392358966
386.0 0.005440707900561392
387.0 0.004468448969419114
388.0 0.0034961900382768363
389.0 0.0027021835194318555
390.0 0.0019081768186879344
391.0 0.0014378097148437519
392.0 0.0009674425200500991
393.0 0.0009991245860874187
394.0 0.0010308066521247383
395.0 0.0013669943655258976
396.0 0.0017031823517754674
397.0 0.001482934931118507
398.0 0.0012626871466636658
399.0 0.0010283019037160557
400.0 0.0007939168426673859
401.0 0.0007411244951072149
402.0 0.0006883321475470439
403.0 0.0010139908226847183
404.0 0.001339649679721333
405.0 0.0014268875020206906
406.0 0.001514125324320048
407.0 0.0014973630641179625
408.0 0.0014806009858148172
409.0 0.0015707933926023543
410.0 0.001660985617490951
411.0 0.0016470421542180702
412.0 0.0016330988728441298
413.0 0.0015576799341943115
414.0 0.001482260904595023
415.0 0.0014859656403132249
416.0 0.001489670557930367
417.0 0.0017597343685338274
418.0 0.0020297980881878175
419.0 0.002745563324424438
420.0 0.0034613283787621185
421.0 0.005316496026352979
422.0 0.007171661854954436
423.0 0.010305691102985293
424.0 0.013439718168228865
425.0 0.018001454009208828
426.0 0.022563189850188792
427.0 0.02241274924017489
428.0 0.022262308630160987
429.0 0.01765880297170952
430.0 0.013055292947683483
431.0 0.009215001773554832
432.0 0.0053747076890431345
433.0 0.004424223516252823
434.0 0.003473738979664631
435.0 0.002840166234818753
436.0 0.002206593308073934
437.0 0.0017559210391482338
438.0 0.0013052486792730633
439.0 0.0011730348887795117
440.0 0.00104082109828596
441.0 0.0012629295270016883
442.0 0.0014850380466668867
443.0 0.0015140060895646457
444.0 0.001542973768664524
445.0 0.0011194854778295849
446.0 0.0006959966867725598
447.0 0.0009896655683405697
448.0 0.001283334040635964
449.0 0.0014323328286991455
450.0 0.0015813313439139165
451.0 0.0016226573279709555
452.0 0.0016639831301290542
453.0 0.0016498735931236297
454.0 0.0016357642380171455
455.0 0.0013931136891187634
456.0 0.0011504633221193217
457.0 0.00123443896882236
458.0 0.0013184149793232791
459.0 0.0014343605471367482
460.0 0.0015503061149502173
461.0 0.0021884048692299984
462.0 0.0028265039873076603
463.0 0.0037951460399199277
464.0 0.004763788456330076
465.0 0.005650714228977449
466.0 0.006537639274029061
467.0 0.007087028643582016
468.0 0.0076364201959222555
469.0 0.006564692739630118
470.0 0.005492966010933742
471.0 0.003997056046500802
472.0 0.002501145900168922
473.0 0.001874685040093027
474.0 0.0012482246347644832
475.0 0.0011122946489194874
476.0 0.0009763650268723723
477.0 0.001021942534862319
478.0 0.0010675200428522658
479.0 0.0009197940016747452
480.0 0.0007720677785982843
481.0 0.0007480926797143184
482.0 0.000724117398931412
483.0 0.0006399400717782555
484.0 0.0005557626536756288
485.0 0.000672755277264514
486.0 0.0007897476280049887
487.0 0.0008131841241265647
488.0 0.0008366204383492004
489.0 0.0008993113624455873
490.0 0.0009620022865419742
491.0 0.0008952706593845505
492.0 0.0008285389412776567
493.0 0.0008781043106864672
494.0 0.0009276695891458075
495.0 0.0010135896445717663
496.0 0.0010995098818966653
497.0 0.0011438502951932605
498.0 0.001188190890388796
499.0 0.0012524707017291803
500.0 0.0013167505130695645
501.0 0.0016359233995899558
502.0 0.0019550963770598173
503.0 0.0023597533072461374
504.0 0.002764409873634577
505.0 0.0032741183531470597
506.0 0.0037838268326595426
507.0 0.004596070357365534
508.0 0.005408313518273644
509.0 0.005662991679855622
510.0 0.005917669113841839
511.0 0.005359304486773908
512.0 0.004800939495908096
513.0 0.0040563481888966635
514.0 0.0033117568818852305
515.0 0.0031526564271189272
516.0 0.002993555426655803
517.0 0.0030338263968587853
518.0 0.003074097548960708
519.0 0.0620390463154763
520.0 0.13923292281106114
521.0 0.06872893427498639
522.0 0.1462633372284472
523.0 0.057224289048463106
524.0 0.11179110733792186
525.0 0.1979961758479476
526.0 0.014777948672417551
527.0 0.12819456169381738
528.0 0.1506007043644786
529.0 0.09160302579402924
530.0 0.17744959332048893
531.0 0.19029065733775496
532.0 0.22405919153243303
533.0 0.26446625124663115
534.0 0.4464218858629465
535.0 0.5555200390517712
536.0 0.7964176125824451
537.0 1.097078062593937
538.0 1.807989925146103
539.0 2.8295017778873444
540.0 4.371440410614014
541.0 6.438615173101425
542.0 9.086953848600388
543.0 12.446873635053635
544.0 16.491344571113586
545.0 21.015343070030212
546.0 26.711392402648926
547.0 33.189958333969116
548.0 41.355472803115845
549.0 49.30949807167053
550.0 56.49975538253784
551.0 63.54495882987976
552.0 68.42381954193115
553.0 73.07242155075073
554.0 77.0955502986908
555.0 80.81695437431335
556.0 84.59947109222412
557.0 87.09410429000854
558.0 90.26625156402588
559.0 93.02575588226318
560.0 93.9251184463501
561.0 95.24460434913635
562.0 95.69926857948303
563.0 95.44488787651062
564.0 96.04808688163757
565.0 95.44651508331299
566.0 95.76486349105835
567.0 95.13416886329651
568.0 96.17763757705688
569.0 96.41919136047363
570.0 96.20251059532166
571.0 97.10082411766052
572.0 96.62548899650574
573.0 96.82869911193848
574.0 97.14993834495544
575.0 96.928471326828
576.0 97.35099673271179
577.0 97.4712610244751
578.0 97.37098813056946
579.0 97.05337882041931
580.0 96.79312109947205
581.0 96.61215543746948
582.0 96.97930216789246
583.0 96.86536192893982
584.0 96.3006317615509
585.0 96.26932144165039
586.0 96.32167220115662
587.0 96.06354236602783
588.0 96.74546718597412
589.0 97.15046286582947
590.0 96.40766382217407
591.0 95.83489894866943
592.0 95.71996927261353
593.0 96.0073471069336
594.0 96.10451459884644
595.0 96.37759327888489
596.0 97.10437655448914
597.0 97.04487323760986
598.0 96.80742025375366
599.0 96.59056663513184
600.0 96.57008051872253
601.0 95.97641229629517
602.0 96.96150422096252
603.0 96.0793137550354
604.0 96.54983282089233
605.0 97.05970287322998
606.0 96.46932482719421
607.0 96.28171920776367
608.0 96.28548622131348
609.0 95.71720957756042
610.0 96.02277278900146
611.0 95.58724164962769
612.0 95.80117464065552
613.0 96.90788984298706
614.0 96.40707969665527
615.0 96.28249406814575
616.0 96.50458693504333
617.0 96.22139930725098
618.0 96.15584015846252
619.0 96.82689309120178
620.0 96.30056023597717
621.0 95.79337239265442
622.0 96.70116305351257
623.0 96.56599164009094
624.0 96.83151245117188
625.0 96.8619167804718
626.0 96.30585312843323
627.0 95.47781944274902
628.0 97.0513641834259
629.0 95.63831090927124
630.0 96.48768305778503
631.0 96.09752297401428
632.0 96.91337943077087
633.0 96.22318148612976
634.0 96.1602509021759
635.0 96.2515115737915
636.0 95.89611291885376
637.0 95.66834568977356
638.0 95.34575939178467
639.0 95.43030261993408
640.0 95.68043947219849
641.0 95.52931189537048
642.0 96.13339304924011
643.0 96.41206860542297
644.0 96.08675241470337
645.0 96.40271067619324
646.0 96.30228877067566
647.0 97.37417101860046
648.0 96.43611907958984
649.0 95.67905068397522
650.0 96.46446108818054
651.0 96.778404712677
652.0 97.15026617050171
653.0 96.0200548171997
654.0 96.69138193130493
655.0 96.59056067466736
656.0 95.86424231529236
657.0 95.79142332077026
658.0 96.48829102516174
659.0 96.18653655052185
660.0 95.39388418197632
661.0 95.66680192947388
662.0 95.81933617591858
663.0 95.80377340316772
664.0 95.56112289428711
665.0 95.43952345848083
666.0 95.58178186416626
667.0 95.6804096698761
668.0 94.74079012870789
669.0 96.04399800300598
670.0 95.53548693656921
671.0 95.53407430648804
672.0 95.27380466461182
673.0 95.62756419181824
674.0 94.82199549674988
675.0 95.7344114780426
676.0 95.07033824920654
677.0 93.95924806594849
678.0 92.86685585975647
679.0 92.66266226768494
680.0 91.83911681175232
681.0 90.22420644760132
682.0 88.16937208175659
683.0 85.49419641494751
684.0 82.36186504364014
685.0 78.72289419174194
686.0 74.75473880767822
687.0 70.30840516090393
688.0 65.7906711101532
689.0 61.294376850128174
690.0 56.2220573425293
691.0 51.90092921257019
692.0 47.42012917995453
693.0 43.07273328304291
694.0 38.059309124946594
695.0 32.895269989967346
696.0 27.501949667930603
697.0 22.210486233234406
698.0 16.42879545688629
699.0 11.834083497524261
700.0 8.304526656866074
701.0 5.192896351218224
702.0 3.25448177754879
703.0 1.890183798968792
704.0 1.085495948791504
705.0 0.6463439203798771
706.0 0.4230836872011423
707.0 0.31511527486145496
708.0 0.21821532864123583
709.0 0.16460652695968747
710.0 0.08988853660412133
711.0 0.107544322963804
712.0 0.04772630927618593
713.0 0.020210172806400806
714.0 0.04339304578024894
715.0 0.033874111250042915
716.0 0.07146589923650026
717.0 0.039203494088724256
718.0 0.03556825977284461
719.0 0.037021536263637245
720.0 1.6429533514911165e-10
721.0 0.003990741242887452
722.0 0.003970659599872306
723.0 0.003950577593059279
724.0 0.0036305802495917305
725.0 0.003310582906124182
726.0 0.003082749026361853
727.0 0.0028549149647005834
728.0 0.0027957776183029637
729.0 0.002736640271905344
730.0 0.002572556331870146
731.0 0.002408472391834948
732.0 0.002354008574911859
733.0 0.00229954493988771
734.0 0.0021759315131930634
735.0 0.0020523184502962977
736.0 0.0019300994608784094
737.0 0.0018078804714605212
738.0 0.0015714198525529355
739.0 0.0013349595064937603
740.0 0.0014930946235836018
741.0 0.0016512298316229135
742.0 0.0015337473087129183
743.0 0.0014162647858029231
744.0 0.0014026464668859262
745.0 0.00138902851176681
746.0 0.0013156988643459044
747.0 0.001242369307874469
748.0 0.001194228752865456
749.0 0.0011460880159575026
750.0 0.001090344085241668
751.0 0.0010345998816774227
752.0 0.001041302766680019
753.0 0.001048005560733145
754.0 0.0010907449905062094
755.0 0.0011334846931276843
756.0 0.0010751581612566952
757.0 0.0010168317203351762
758.0 0.0010630860742821824
759.0 0.001109340701077599
760.0 0.0012144160791649483
761.0 0.0013194913663028274
762.0 0.001290652926400071
763.0 0.0012618143955478445
764.0 0.001130607142840745
765.0 0.0009993998901336454
766.0 0.000855351572681684
767.0 0.0007113030733307824
768.0 0.0007908534826128744
769.0 0.0008704038918949664
770.0 0.0007844022547942586
771.0 0.000698400663168286
772.0 0.0007296707281057024
773.0 0.0007609406111441785
774.0 0.0007012724836386042
775.0 0.0006416044470825
776.0 0.0006763690180378035
777.0 0.0007111337708920473
778.0 0.0007111153990990715
779.0 0.0007110969818313606
780.0 0.0006390439011738636
781.0 0.0005669907295668963
782.0 0.0006073051736166235
783.0 0.0006476197540905559
784.0 0.0006440671313612256
785.0 0.0006405145541066304
786.0 0.000610700408287812
787.0 0.0005808862624689937
788.0 0.0006431420388253173
789.0 0.0007053980880300514
790.0 0.0006058027793187648
791.0 0.0005062070613348624
792.0 0.0006057991413399577
793.0 0.0007053912213450531
794.0 0.0007616445600433508
795.0 0.0008178979442163836
796.0 0.0007586424544570036
797.0 0.000699387146596564
798.0 0.0006863762791908812
799.0 0.0006733654117851984
800.0 0.0006640149877057411
801.0 0.0006546644726768136
802.0 0.0006242976724024629
803.0 0.0005939308721281122
804.0 0.0006088377631385811
805.0 0.0006237444267753744
806.0 0.0006138765002106084
807.0 0.0006040085736458423
808.0 0.0007092036867106799
809.0 0.0008143988452502526
810.0 0.0006889610176585848
811.0 0.0005635231900669169
812.0 0.0006646028850809671
813.0 0.0007656825800950173
814.0 0.0008026574505493045
815.0 0.0008396322300541215
816.0 0.0007164484941313276
817.0 0.0005932646672590636
818.0 0.0004094285031897016
819.0 0.00022559247554454487
820.0 0.0004211829491396202
821.0 0.0006167735136841657
822.0 0.0006004512215440627
823.0 0.0005841288384544896
824.0 0.0005382972631196026
825.0 0.0004924658242089208
826.0 0.000504677655044361
827.0 0.0005168894858798012
828.0 0.0004908040409645764
829.0 0.0004647185960493516
830.0 0.00026672837520891335
831.0 6.873817710584262e-05
832.0 5.9841710253749625e-05
833.0 5.09452547703404e-05
834.0 3.530550714003766e-05
835.0 1.9665738193452853e-05
836.0 0.0003597361683205236
837.0 0.000699806287229876
838.0 0.0016717007383704185
839.0 0.002643595144036226
840.0 0.0034663818951230496
841.0 0.004289167918614112
842.0 0.004767775317304768
843.0 0.005246379441814497
844.0 0.0046095377911115065
845.0 0.003972696140408516
846.0 0.0036240431654732674
847.0 0.0032753909181337804
848.0 0.003209571514162235
849.0 0.0031437524739885703
850.0 0.0030533457902492955
851.0 0.002962939106510021
852.0 0.0026479747248231433
853.0 0.002333010343136266
854.0 0.0019905348381143995
855.0 0.001648059333092533
856.0 0.0013159391528461128
857.0 0.0009838187907007523
858.0 0.0007135781288525322
859.0 0.0004433374670043122
860.0 0.0003431487357374863
861.0 0.00024296000447066035
862.0 0.00021659352569258772
863.0 0.00019022705828319886
864.0 0.0001669646167101746
865.0 0.0001437021865058341
866.0 0.0001686451810201106
867.0 0.00019358819827175466
868.0 9.168670089820807e-05
869.0 1.6429533514911165e-10
870.0 9.660459454607917e-05
871.0 0.00020342395146144554
872.0 0.00019922806586691877
873.0 0.00019503215753502445
874.0 0.0001895487571346166
875.0 0.00018406536810289253
876.0 0.0001206435854328447
877.0 5.722180276279687e-05
878.0 3.932305858711516e-06
879.0 1.6429533514911165e-10
880.0 5.250667527434416e-05
881.0 0.00015437057072631433
882.0 0.00012532528899100726
883.0 9.628005273043527e-05
884.0 9.424083486919699e-05
885.0 9.220167953571945e-05
886.0 0.0001983205038413871
887.0 0.0003044393224627129
888.0 0.00023750508262310177
889.0 0.0001705708655208582
890.0 0.00020459069673961494
891.0 0.00023861052795837168
892.0 0.00023783354663464706
893.0 0.00023705658804829
894.0 0.00013259232218842953
895.0 2.8128050644227187e-05
896.0 1.5766045180498622e-05
897.0 3.404029058629021e-06
898.0 5.931257760494191e-05
899.0 0.00011522110980877187
900.0 7.175147516136349e-05
901.0 2.828180925007473e-05
