lsstCam/transmission_filter_detector/r42_s11/r_57/19700101T000000.ecsv
# %ECSV 1.0
# ---
# datatype:
# - {name: wavelength, unit: nm, datatype: float32}
# - {name: efficiency, unit: '%', datatype: float64}
# meta: !!omap
# - {MODE: DETECTOR}
# - {TYPE: transmission_filter_detector}
# - {CALIBDATE: '1970-01-01T00:00:00'}
# - {INSTRUME: LSSTCam}
# - {OBSTYPE: transmission_filter_detector}
# - {CALIBCLS: lsst.ip.isr.IntermediateFilterDetectorTransmissionCurve}
# - {SOURCE: Materion (DM-46256)}
# - {DETECTOR: 175}
# - {FILTER: r_57}
# - {CALIB_ID: 'calibDate=1970-01-01T00:00:00 filter=r_57 detector=175'}
# - {DATE: '2025-04-02T15:59:44.994007'}
# - {CALIB_CREATION_DATE: '2025-04-02'}
# - {CALIB_CREATION_TIME: '15:59:44'}
# - __serialized_columns__:
#     efficiency:
#       __class__: astropy.units.quantity.Quantity
#       unit: !astropy.units.Unit {unit: '%'}
#       value: !astropy.table.SerializedColumn {name: efficiency}
#     wavelength:
#       __class__: astropy.units.quantity.Quantity
#       unit: !astropy.units.Unit {unit: nm}
#       value: !astropy.table.SerializedColumn {name: wavelength}
# schema: astropy-2.0
wavelength efficiency
[from data line 603]
903.0 0.00011416364031902049
904.0 0.0001894011347758351
905.0 0.00026463860649528215
906.0 0.0001770368953657453
907.0 8.943516718318278e-05
908.0 0.00012774996775988257
909.0 0.00016606476265224046
910.0 0.0001413133986716275
911.0 0.00011656202332233079
912.0 0.00013100211617711466
913.0 0.0001454422204005823
914.0 0.00013393945437201182
915.0 0.00012243667697475757
916.0 0.0001622384957045142
917.0 0.0002020402916969033
918.0 9.848872650763951e-05
919.0 1.6429533514911165e-10
920.0 6.354136417030531e-05
921.0 0.00013214553291618358
922.0 0.00016973267520370428
923.0 0.00020731981749122497
924.0 0.00023949935439304681
925.0 0.0002716789140322362
926.0 0.00027156413580087246
927.0 0.0002714494030442438
928.0 0.00023040443011268508
929.0 0.00018935945718112634
930.0 0.00010940650554402964
931.0 2.9453531169565395e-05
932.0 8.401572699767712e-05
933.0 0.00013857792282578885
934.0 0.00015629640301995096
935.0 0.00017401489458279684
936.0 0.00015059490579005796
937.0 0.00012717492836600286
938.0 7.691013479416142e-05
939.0 2.66453753283713e-05
940.0 0.00014773212342333863
941.0 0.00026881887151830597
942.0 0.0003407087206142023
943.0 0.00041259850149799604
944.0 0.0003128448270217632
945.0 0.00021309110707079526
946.0 0.0004216978595650289
947.0 0.0006303047030087328
948.0 0.0006007341653457843
949.0 0.0005711638095817761
950.0 0.0006210282663232647
951.0 0.0006708927230647532
952.0 0.0006081118044676259
953.0 0.0005453310222947039
954.0 0.0008205927770177368
955.0 0.00109585471363971
956.0 0.0009662425327405799
957.0 0.0008366307156393304
958.0 0.0011082513992732856
959.0 0.0013798719010083005
960.0 0.0015215183339023497
961.0 0.001663164766796399
962.0 0.0018244985767523758
963.0 0.0019858323867083527
964.0 0.0020716319340863265
965.0 0.0021574316633632407
966.0 0.002238448905700352
967.0 0.002319466511835344
968.0 0.002256459447380621
969.0 0.002193452382925898
970.0 0.0023033948309603147
971.0 0.0024133370970957913
972.0 0.0024947707061073743
973.0 0.0025762043151189573
974.0 0.0027711212169378996
975.0 0.002966038664453663
976.0 0.003043788456125185
977.0 0.003121538247796707
978.0 0.003196232864866033
979.0 0.0032709278457332402
980.0 0.0033216652809642255
981.0 0.0033724030799930915
982.0 0.003331961852381937
983.0 0.0032915213523665443
984.0 0.003174339872202836
985.0 0.003057159119634889
986.0 0.003000924698426388
987.0 0.0029446910048136488
988.0 0.002911548835982103
989.0 0.0028784064852516167
990.0 0.00280822096101474
991.0 0.002738035618676804
992.0 0.0026764462745632045
993.0 0.0026148572942474857
994.0 0.0026682871975935996
995.0 0.0027217171009397134
996.0 0.0027977397621725686
997.0 0.0028737622415064834
998.0 0.002878483610402327
999.0 0.002883205161197111
1000.0 0.0029609866032842547
1001.0 0.0030387682272703387
1002.0 0.003211664443369955
1003.0 0.0033845604775706306
1004.0 0.003693078542710282
1005.0 0.0040015962440520525
1006.0 0.004090941729373299
1007.0 0.004180287214694545
1008.0 0.004200882904115133
1009.0 0.004221478229737841
1010.0 0.0041971670725615695
1011.0 0.004172855915385298
1012.0 0.004181017720839009
1013.0 0.004189179526292719
1014.0 0.004167996667092666
1015.0 0.004146814171690494
1016.0 0.0036832967452937737
1017.0 0.0032197796826949343
1018.0 0.0029096745493006893
1019.0 0.0025995690521085635
1020.0 0.002374022915319074
1021.0 0.0021484762328327633
1022.0 0.001958532811840996
1023.0 0.0017685892089502886
1024.0 0.0015427533071488142
1025.0 0.0013169174053473398
1026.0 0.0011734851796063595
1027.0 0.0010300534995622002
1028.0 0.0009500463420408778
1029.0 0.0008700393664184958
1030.0 0.0008600191904406529
1031.0 0.00084999901446281
1032.0 0.0005889722160645761
1033.0 0.0003279453039795044
1034.0 0.0004732587967737345
1035.0 0.0006185723577800673
1036.0 0.0006450932687585009
1037.0 0.0006716142252116697
1038.0 0.0008984574378700927
1039.0 0.0011253006960032508
1040.0 0.000964933406066848
1041.0 0.0008045661161304452
1042.0 0.0007544749678345397
1043.0 0.0007043837285891641
1044.0 0.000758741680328967
1045.0 0.0008130995411192998
1046.0 0.0007057239599816967
1047.0 0.0005983483333693584
1048.0 0.000814372378954431
1049.0 0.0010303968338121194
1050.0 0.0011675673704303335
1051.0 0.0013047379979980178
1052.0 0.0014462468243436888
1053.0 0.0015877554687904194
1054.0 0.0013035530173510779
1055.0 0.0010193507478106767
1056.0 0.0010389165254309773
1057.0 0.0010584825758996885
1058.0 0.0010988005669787526
1059.0 0.0011391183761588763
1060.0 0.0012094882549718022
1061.0 0.0012798578609363176
1062.0 0.000919964713830268
1063.0 0.0005600716121989535
1064.0 0.0007798284059390426
1065.0 0.0009995850632549264
1066.0 0.0014062271475268062
1067.0 0.0018128688680008054
1068.0 0.0018096843632520176
1069.0 0.0018064996766042896
1070.0 0.001959344263013918
1071.0 0.002112188667524606
1072.0 0.0024778319129836746
1073.0 0.002843475522240624
1074.0 0.0027288620913168415
1075.0 0.0026142488422919996
1076.0 0.0027313511964166537
1077.0 0.0028484533686423674
1078.0 0.0032409134291810915
1079.0 0.0036333734897198156
1080.0 0.0034528588003013283
1081.0 0.003272344110882841
1082.0 0.0038337762816809118
1083.0 0.0043952084524789825
1084.0 0.0034787823096849024
1085.0 0.0025623558030929416
1086.0 0.00303574743156787
1087.0 0.0035091390600427985
1088.0 0.0035045006370637566
1089.0 0.0034998622140847147
1090.0 0.003623991142376326
1091.0 0.0037481200706679374
1092.0 0.0035621211281977594
1093.0 0.0033761218219297007
1094.0 0.0028768627089448273
1095.0 0.002377604141656775
1096.0 0.0025001772883115336
1097.0 0.002622750253067352
1098.0 0.002831201709341258
1099.0 0.0030396535294130445
1100.0 0.0021884407033212483
1101.0 0.0013372275134315714
