lsstCam/transmission_filter_detector/r24_s20/i_39/19700101T000000.ecsv
# %ECSV 1.0
# ---
# datatype:
# - {name: wavelength, unit: nm, datatype: float32}
# - {name: efficiency, unit: '%', datatype: float64}
# meta: !!omap
# - {MODE: DETECTOR}
# - {TYPE: transmission_filter_detector}
# - {CALIBDATE: '1970-01-01T00:00:00'}
# - {INSTRUME: LSSTCam}
# - {OBSTYPE: transmission_filter_detector}
# - {CALIBCLS: lsst.ip.isr.IntermediateFilterDetectorTransmissionCurve}
# - {SOURCE: Materion (DM-46256)}
# - {DETECTOR: 114}
# - {FILTER: i_39}
# - {CALIB_ID: 'calibDate=1970-01-01T00:00:00 filter=i_39 detector=114'}
# - {DATE: '2025-04-02T15:59:47.008552'}
# - {CALIB_CREATION_DATE: '2025-04-02'}
# - {CALIB_CREATION_TIME: '15:59:47'}
# - __serialized_columns__:
#     efficiency:
#       __class__: astropy.units.quantity.Quantity
#       unit: !astropy.units.Unit {unit: '%'}
#       value: !astropy.table.SerializedColumn {name: efficiency}
#     wavelength:
#       __class__: astropy.units.quantity.Quantity
#       unit: !astropy.units.Unit {unit: nm}
#       value: !astropy.table.SerializedColumn {name: wavelength}
# schema: astropy-2.0
wavelength efficiency
300.0 1.6111361376969224e-10
301.0 1.6111361376969224e-10
302.0 1.6111361376969224e-10
303.0 0.004425148290465586
304.0 0.011532314965734258
305.0 0.008513926150044426
306.0 0.005495537334354594
307.0 0.006702225073240697
308.0 0.0079089128121268
309.0 0.0052782907005166635
310.0 0.0026476694984012283
311.0 1.6111361376969224e-10
312.0 1.6111361376969224e-10
313.0 1.6111361376969224e-10
314.0 1.6111361376969224e-10
315.0 1.6111361376969224e-10
316.0 0.0011371099390089512
317.0 0.0020482148102018982
318.0 0.0029593198632937856
319.0 0.0008674677701492328
320.0 1.6111361376969224e-10
321.0 1.6111361376969224e-10
322.0 1.6111361376969224e-10
323.0 0.0006120216767158126
324.0 0.002996728835569229
325.0 0.0006647337158938171
326.0 1.6111361376969224e-10
327.0 1.6111361376969224e-10
328.0 1.6111361376969224e-10
329.0 1.6111361376969224e-10
330.0 0.00041776420403039083
331.0 0.000749029186408734
332.0 0.001080294623534428
333.0 0.0017043097614077851
334.0 0.002328324262634851
335.0 0.0012413400327204727
336.0 0.0001543555526950513
337.0 0.0004133809397899313
338.0 0.0006724056220264174
339.0 0.001156126927526202
340.0 0.0016398482330259867
341.0 0.0005525091637537116
342.0 1.6111361376969224e-10
343.0 0.0013347373169381171
344.0 0.0032043044484453276
345.0 0.001700243774394039
346.0 0.00019618323676695582
347.0 1.6111361376969224e-10
348.0 1.6111361376969224e-10
349.0 1.6111361376969224e-10
350.0 0.0013159435184206814
351.0 0.0009268138455809094
352.0 0.0005376840817916673
353.0 1.6111361376969224e-10
354.0 1.6111361376969224e-10
355.0 1.6111361376969224e-10
356.0 0.0006099834536144044
357.0 0.0007753344107186422
358.0 0.0009406855497218203
359.0 0.0005354558197723236
360.0 0.00013022618077229708
361.0 0.00018189798538514879
362.0 0.00023356988094747066
363.0 1.6111361376969224e-10
364.0 1.6111361376969224e-10
365.0 1.6111361376969224e-10
366.0 1.6111361376969224e-10
367.0 1.6111361376969224e-10
368.0 1.6111361376969224e-10
369.0 0.0003363805490153027
370.0 0.0006865732302685501
371.0 0.00044410385271476116
372.0 0.0002016345206357073
373.0 0.0006075827968743397
374.0 0.0010135308912140317
375.0 0.0007132302471291041
376.0 0.00041292969399364665
377.0 0.0003519314532240969
378.0 0.00029093330340401735
379.0 0.0005159364718565485
380.0 0.0007409394584101392
381.0 0.0002612705429783091
382.0 1.6111361376969224e-10
383.0 9.494991104475048e-05
384.0 0.0004082985014974838
385.0 0.00031120748644752894
386.0 0.0002141166987712495
387.0 1.6111361376969224e-10
388.0 1.6111361376969224e-10
389.0 1.6111361376969224e-10
390.0 1.6111361376969224e-10
391.0 1.6111361376969224e-10
392.0 0.0007853546776459552
393.0 0.00020015627342218067
394.0 1.6111361376969224e-10
395.0 0.0007821509825589601
396.0 0.0019493441868689843
397.0 0.0016558842617087066
398.0 0.0013624244274978992
399.0 0.0017092470443458296
400.0 0.00205606957024429
401.0 0.0035493878385750577
402.0 0.005042705015512183
403.0 0.0053603922424372286
404.0 0.0056780798331601545
405.0 0.0030969873478170484
406.0 0.0005158958174433792
407.0 0.0014712663869431708
408.0 0.0024266366381198168
409.0 0.002641900755406823
410.0 0.0028571648726938292
411.0 0.004527210330707021
412.0 0.006197256152518094
413.0 0.004514780448516831
414.0 0.0028323045626166277
415.0 0.004144906415604055
416.0 0.0054575084504904225
417.0 0.005317081740940921
418.0 0.005176654303795658
419.0 0.0038326044887071475
420.0 0.002488553582224995
421.0 0.0038354766729753464
422.0 0.005182399763725698
423.0 0.004985485065844841
424.0 0.004788571095559746
425.0 0.005607164348475635
426.0 0.006425756873795763
427.0 0.00564108559046872
428.0 0.004856413579545915
429.0 0.00442872078565415
430.0 0.004001029083156027
431.0 0.0035332861443748698
432.0 0.0030655432055937126
433.0 0.002813484752550721
434.0 0.00256142648140667
435.0 0.002195427987317089
436.0 0.0018294293113285676
437.0 0.001938691821123939
438.0 0.002047954512818251
439.0 0.0017940874386113137
440.0 0.0015402203644043766
441.0 0.001934760257427115
442.0 0.0023293003323487937
443.0 0.0020265841158106923
444.0 0.0017238675354747102
445.0 0.0013741978364123497
446.0 0.0010245282282994594
447.0 0.0005999639142828528
448.0 0.0001753996116349299
449.0 0.0002447259021209902
450.0 0.00031405213576363167
451.0 0.00039898950490169227
452.0 0.0004839269877265906
453.0 0.0006039929303369718
454.0 0.0007240588729473529
455.0 0.0005885347491130233
456.0 0.0004530106707534287
457.0 0.00030545363642886514
458.0 0.0001578966248416691
459.0 0.0004993524726160103
460.0 0.0008408081157540437
461.0 0.0008734597031434532
462.0 0.0009061112905328628
463.0 0.0007567803095298586
464.0 0.0006074492830521194
465.0 0.0001917324198075221
466.0 1.6111361376969224e-10
467.0 0.00015923490082059288
468.0 0.0005424541996035259
469.0 0.0005875909209862584
470.0 0.000632727687843726
471.0 0.0005628015514957951
472.0 0.0004928754606225993
473.0 0.00047761841415194795
474.0 0.00046236132220656145
475.0 0.00034018753467535134
476.0 0.00021801374714414123
477.0 0.0004718011950899381
478.0 0.000725588643035735
479.0 0.0013344076251087245
480.0 0.0019432267436059192
481.0 0.0026563489882391877
482.0 0.0033694712328724563
483.0 0.004578363950713538
484.0 0.005787256304756738
485.0 0.006537666922667995
486.0 0.007288077176781371
487.0 0.010086654947372153
488.0 0.012885229079984128
489.0 0.015876082761678845
490.0 0.01886693644337356
491.0 0.020993412181269377
492.0 0.02311988646397367
493.0 0.024907750776037574
494.0 0.026695610722526908
495.0 0.024493382079526782
496.0 0.022291151981335133
497.0 0.018820921832229942
498.0 0.015350694593507797
499.0 0.010636439401423559
500.0 0.005922186392126605
501.0 0.0038681428122799844
502.0 0.0018140990505344234
503.0 0.0019873585188179277
504.0 0.0021606176233035512
505.0 0.0019397584765101783
506.0 0.001718899147817865
507.0 0.001980801062018145
508.0 0.002242703158117365
509.0 0.002565702743595466
510.0 0.0028887025109725073
511.0 0.0023324975700234063
512.0 0.0017762928109732457
513.0 0.0019751107174670324
514.0 0.002173928623960819
515.0 0.00223776551138144
516.0 0.0023016023988020606
517.0 0.0022492107746074907
518.0 0.002196819150412921
519.0 0.0021108306100359187
520.0 0.002024841887759976
521.0 0.001881004573078826
522.0 0.001737167258397676
523.0 0.0016403004337917082
524.0 0.0015434336091857404
525.0 0.0020927378500346094
526.0 0.002642041908984538
527.0 0.0026646242986316793
528.0 0.0026872066882788204
529.0 0.0027207408493268304
530.0 0.0027542748284759
531.0 0.002426959326840006
532.0 0.0020996438252041116
533.0 0.001873919609352015
534.0 0.0016481955753988586
535.0 0.0019240329493186437
536.0 0.0021998703232384287
537.0 0.002695577495614998
538.0 0.003191284486092627
539.0 0.003753391865757294
540.0 0.004315499609219842
541.0 0.004814589919988066
542.0 0.00531368023075629
543.0 0.005220743696554564
544.0 0.005127806798554957
545.0 0.004215489389025606
546.0 0.0033031719794962555
547.0 0.002606581801956054
548.0 0.0019099914425169118
549.0 0.0017158568880404346
550.0 0.0015217222426144872
551.0 0.0015519268345087767
552.0 0.0015821316992514767
553.0 0.001558349686092697
554.0 0.0015345678548328578
555.0 0.0010295427273376845
556.0 0.0005245177817414515
557.0 0.0007592836027470184
558.0 0.0009940494237525854
559.0 0.0007582780199300032
560.0 0.0005225066615821561
561.0 0.0010221070624538697
562.0 0.0015217075997497886
563.0 0.0013713335647480562
564.0 0.0012209594387968536
565.0 0.0012396867532515898
566.0 0.0012584142496052664
567.0 0.001187836915050866
568.0 0.0011172598533448763
569.0 0.000963765342021361
570.0 0.0008102711035462562
571.0 0.0006410382411559112
572.0 0.0004718052878160961
573.0 0.0005573541784542613
574.0 0.0006429030236176914
575.0 0.0006129449957370525
576.0 0.0005829869678564137
577.0 0.00048311444516002666
578.0 0.00038324210436258
579.0 0.0003807459506788291
580.0 0.0003782498879445484
581.0 0.0004211564828437986
582.0 0.00046406312321778387
583.0 0.0005721605248254491
584.0 0.0006802578809583792
585.0 0.0006104317435529083
586.0 0.0005406056970969075
587.0 0.0005350244919100078
588.0 0.0005294431957736379
589.0 0.000621047411186737
590.0 0.0007126517175493063
591.0 0.000682094241710729
592.0 0.0006515367658721516
593.0 0.0005405574938777136
594.0 0.00042957817640854046
595.0 0.0003913567979907384
596.0 0.00035313535136083374
597.0 0.000412261442761519
598.0 0.0004713875568995718
599.0 0.000379483935830649
600.0 0.0002875803829738288
601.0 0.0003196030547769624
602.0 0.0003516257038427284
603.0 0.0003741246246136143
604.0 0.0003966235453845002
605.0 0.000267185259872349
606.0 0.00013774698572888155
607.0 0.00021516784727282356
608.0 0.00029258876566018444
609.0 0.00039914780245453585
610.0 0.0005057068847236224
611.0 0.0005217600573814707
612.0 0.0005378131845645839
613.0 0.00041804287320701405
614.0 0.0002982725845868117
615.0 0.0003739722842510673
616.0 0.0004496719611779554
617.0 0.0004893338882538956
618.0 0.0005289958153298358
619.0 0.0003949559868487995
620.0 0.0002609162265798659
621.0 0.00023052664346323581
622.0 0.00020013706034660572
623.0 0.00037546833482338116
624.0 0.000550799586562789
625.0 0.0003954037765652174
626.0 0.00024000798930501333
627.0 0.0002711909473873675
628.0 0.00030237385999498656
629.0 0.00029760110464849276
630.0 0.0002928283265646314
631.0 0.000434798130299896
632.0 0.0005767678430856904
633.0 0.0005298287760524545
634.0 0.0004828895271202782
635.0 0.00046634586396976374
636.0 0.0004498021098697791
637.0 0.0005573570433625719
638.0 0.0006649119313806295
639.0 0.0006620714430027874
640.0 0.0006592309091502102
641.0 0.0006405983185686637
642.0 0.0006219657734618522
643.0 0.00068963317971793
644.0 0.0007573006314487429
645.0 0.0007298322543647373
646.0 0.0007023639227554668
647.0 0.0006912640856171492
648.0 0.0006801642030040966
649.0 0.000789937621448189
650.0 0.0008997111763164867
651.0 0.0008903234629542567
652.0 0.0008809358405414969
653.0 0.0009828910151554737
654.0 0.001084846371668391
655.0 0.0014443990039580967
656.0 0.0018039514543488622
657.0 0.002926627166743856
658.0 0.004049302515340969
659.0 0.006662835949100554
660.0 0.063273252453655
661.0 0.09178532636724412
662.0 0.08165781619027257
663.0 0.08540214621461928
664.0 0.10315363761037588
665.0 0.13191979378461838
666.0 0.1740647479891777
667.0 0.20998946856707335
668.0 0.22274183575063944
669.0 0.27638806495815516
670.0 0.3541044192388654
671.0 0.5735422018915415
672.0 0.9628306142985821
673.0 1.4903025701642036
674.0 2.1763328462839127
675.0 3.1331636011600494
676.0 4.1992902755737305
677.0 5.546018481254578
678.0 6.882725656032562
679.0 8.336374163627625
680.0 10.227575153112411
681.0 12.36671358346939
682.0 14.88475650548935
683.0 17.671146988868713
684.0 20.591481029987335
685.0 23.561187088489532
686.0 26.525774598121643
687.0 29.766473174095154
688.0 33.080658316612244
689.0 36.49580180644989
690.0 40.447425842285156
691.0 44.61500644683838
692.0 49.641552567481995
693.0 54.96990084648132
694.0 60.96113920211792
695.0 66.62054657936096
696.0 72.87688851356506
697.0 78.35855484008789
698.0 84.13583636283875
699.0 88.47464323043823
700.0 91.77365303039551
701.0 94.42625045776367
702.0 96.1308240890503
703.0 97.02956676483154
704.0 97.43504524230957
705.0 97.78592586517334
706.0 97.74699807167053
707.0 97.97027111053467
708.0 97.97949194908142
709.0 97.9723870754242
710.0 97.7502167224884
711.0 98.06336164474487
712.0 97.94496297836304
713.0 98.0198860168457
714.0 98.08268547058105
715.0 98.19127917289734
716.0 97.90641069412231
717.0 98.18305373191833
718.0 98.26405644416809
719.0 98.14039468765259
720.0 98.43996167182922
721.0 98.39171767234802
722.0 98.04171323776245
723.0 97.84521460533142
724.0 97.51107692718506
725.0 97.20141291618347
726.0 96.9347894191742
727.0 96.70421481132507
728.0 96.52693271636963
729.0 96.30551338195801
730.0 96.35096192359924
731.0 96.3232934474945
732.0 96.37805819511414
733.0 96.67500853538513
734.0 96.99971675872803
735.0 97.1947431564331
736.0 97.52998352050781
737.0 97.91868925094604
738.0 98.16387295722961
739.0 98.5667884349823
740.0 98.69498014450073
741.0 98.46303462982178
742.0 98.87837171554565
743.0 98.71225953102112
744.0 98.5358715057373
745.0 98.57025742530823
746.0 98.511803150177
747.0 98.76661896705627
748.0 98.6673891544342
749.0 98.53659868240356
750.0 98.48893880844116
751.0 98.46361875534058
752.0 98.33918809890747
753.0 98.5649585723877
754.0 98.51089715957642
755.0 98.5846757888794
756.0 98.63583445549011
757.0 98.6329436302185
758.0 98.68795275688171
759.0 98.77958297729492
760.0 98.63216876983643
761.0 98.60963821411133
762.0 98.65756034851074
763.0 98.69062900543213
764.0 98.55473637580872
765.0 98.5242486000061
766.0 98.5297441482544
767.0 98.33788871765137
768.0 98.34216237068176
769.0 98.35063219070435
770.0 98.03583025932312
771.0 98.14274907112122
772.0 98.1552243232727
773.0 97.9442298412323
774.0 97.79097437858582
775.0 97.90782928466797
776.0 97.83400297164917
777.0 97.88997769355774
778.0 97.85219430923462
779.0 97.97914624214172
780.0 97.91500568389893
781.0 98.24223518371582
782.0 98.12299013137817
783.0 98.25092554092407
784.0 98.25472235679626
785.0 98.38844537734985
786.0 98.54541420936584
787.0 98.27607274055481
788.0 98.36314916610718
789.0 98.46481680870056
790.0 98.43544960021973
791.0 98.3336091041565
792.0 98.27396273612976
793.0 98.19454550743103
794.0 98.13276529312134
795.0 97.9679524898529
796.0 97.94924855232239
797.0 98.00673127174377
798.0 97.87881374359131
799.0 97.78438806533813
800.0 97.60110974311829
801.0 97.58759140968323
802.0 97.52576351165771
803.0 97.23939895629883
804.0 96.9645619392395
805.0 96.47263288497925
806.0 95.96222043037415
807.0 95.04690170288086
808.0 93.84338855743408
809.0 92.45335459709167
810.0 90.92909693717957
811.0 88.71042132377625
812.0 86.264967918396
813.0 83.3627700805664
814.0 79.88317608833313
815.0 76.09292268753052
816.0 72.149658203125
817.0 67.69737005233765
818.0 62.62087821960449
819.0 58.37731957435608
820.0 53.433799743652344
821.0 49.00697469711304
822.0 44.592490792274475
823.0 40.043121576309204
824.0 35.41974127292633
825.0 31.18051588535309
826.0 26.812994480133057
827.0 22.194677591323853
828.0 18.103991448879242
829.0 14.107437431812286
830.0 10.270629823207855
831.0 7.396845519542694
832.0 4.810154438018799
833.0 3.0271679162979126
834.0 1.8237348645925522
835.0 1.069856807589531
836.0 0.6273831706494093
837.0 0.33351012971252203
838.0 0.20453433971852064
839.0 0.14437665231525898
840.0 0.0778080546297133
841.0 0.051927106687799096
842.0 0.0066389118728693575
843.0 1.6111361376969224e-10
844.0 0.03503452171571553
845.0 1.6111361376969224e-10
846.0 1.6111361376969224e-10
847.0 1.6111361376969224e-10
848.0 1.6111361376969224e-10
849.0 1.6111361376969224e-10
850.0 0.0056525452237110585
851.0 0.0008009506927919574
852.0 0.0008125704880512785
853.0 0.0005111973678140203
854.0 0.00020982431578886462
855.0 0.00023119082470657304
856.0 0.0002525574018363841
857.0 0.00015539886817350634
858.0 5.824026629852597e-05
859.0 1.6111361376969224e-10
860.0 1.6111361376969224e-10
861.0 1.6111361376969224e-10
862.0 1.6111361376969224e-10
863.0 1.6111361376969224e-10
864.0 1.6111361376969224e-10
865.0 1.6111361376969224e-10
866.0 1.6111361376969224e-10
867.0 1.6111361376969224e-10
868.0 1.6111361376969224e-10
869.0 1.6111361376969224e-10
870.0 0.00011973008895438397
871.0 3.395461192212679e-05
872.0 1.6111361376969224e-10
873.0 5.11985319917585e-05
874.0 0.00015421798025272437
875.0 2.154838654178093e-05
876.0 1.6111361376969224e-10
877.0 1.6111361376969224e-10
878.0 1.6111361376969224e-10
879.0 1.6111361376969224e-10
880.0 1.6111361376969224e-10
881.0 2.9244185384413868e-05
882.0 6.943436119399848e-05
883.0 1.6111361376969224e-10
884.0 1.6111361376969224e-10
885.0 1.6111361376969224e-10
886.0 1.6111361376969224e-10
887.0 1.6111361376969224e-10
888.0 1.6111361376969224e-10
889.0 1.6111361376969224e-10
890.0 1.6111361376969224e-10
891.0 1.6111361376969224e-10
892.0 9.208203266553028e-06
893.0 1.6111361376969224e-10
894.0 1.6111361376969224e-10
895.0 1.6111361376969224e-10
