lsstCam/transmission_filter_detector/r24_s20/i_39/19700101T000000.ecsv
# %ECSV 1.0
# ---
# datatype:
# - {name: wavelength, unit: nm, datatype: float32}
# - {name: efficiency, unit: '%', datatype: float64}
# meta: !!omap
# - {MODE: DETECTOR}
# - {TYPE: transmission_filter_detector}
# - {CALIBDATE: '1970-01-01T00:00:00'}
# - {INSTRUME: LSSTCam}
# - {OBSTYPE: transmission_filter_detector}
# - {CALIBCLS: lsst.ip.isr.IntermediateFilterDetectorTransmissionCurve}
# - {SOURCE: Materion (DM-46256)}
# - {DETECTOR: 114}
# - {FILTER: i_39}
# - {CALIB_ID: 'calibDate=1970-01-01T00:00:00 filter=i_39 detector=114'}
# - {DATE: '2025-04-02T15:59:47.008552'}
# - {CALIB_CREATION_DATE: '2025-04-02'}
# - {CALIB_CREATION_TIME: '15:59:47'}
# - __serialized_columns__:
#     efficiency:
#       __class__: astropy.units.quantity.Quantity
#       unit: !astropy.units.Unit {unit: '%'}
#       value: !astropy.table.SerializedColumn {name: efficiency}
#     wavelength:
#       __class__: astropy.units.quantity.Quantity
#       unit: !astropy.units.Unit {unit: nm}
#       value: !astropy.table.SerializedColumn {name: wavelength}
# schema: astropy-2.0
wavelength efficiency
[from data line 597]
897.0 1.6111361376969224e-10
898.0 1.6111361376969224e-10
899.0 1.6111361376969224e-10
900.0 1.6111361376969224e-10
901.0 1.6111361376969224e-10
902.0 1.6111361376969224e-10
903.0 1.6111361376969224e-10
904.0 1.6111361376969224e-10
905.0 1.388715702432819e-05
906.0 7.200645768534741e-05
907.0 5.419137849571598e-06
908.0 1.6111361376969224e-10
909.0 4.1883325252456416e-05
910.0 0.00014493479056909564
911.0 0.00014841624533801223
912.0 0.00015189767736956128
913.0 6.305166380116134e-05
914.0 1.6111361376969224e-10
915.0 1.6111361376969224e-10
916.0 1.6111361376969224e-10
917.0 1.6111361376969224e-10
918.0 1.6111361376969224e-10
919.0 1.6111361376969224e-10
920.0 6.653424122760043e-06
921.0 1.6520378665063618e-05
922.0 2.638731189108512e-05
923.0 1.6111361376969224e-10
924.0 1.6111361376969224e-10
925.0 5.5931884901383455e-06
926.0 0.00010364467470935779
927.0 1.6111361376969224e-10
928.0 1.6111361376969224e-10
929.0 1.6111361376969224e-10
930.0 0.00013432186278805602
931.0 6.871727009638562e-05
932.0 3.1126898392130897e-06
933.0 1.6111361376969224e-10
934.0 1.6111361376969224e-10
935.0 1.6111361376969224e-10
936.0 1.6111361376969224e-10
937.0 1.6111361376969224e-10
938.0 1.6111361376969224e-10
939.0 1.6111361376969224e-10
940.0 1.6111361376969224e-10
941.0 1.6111361376969224e-10
942.0 1.6111361376969224e-10
943.0 1.6111361376969224e-10
944.0 1.6111361376969224e-10
945.0 1.6111361376969224e-10
946.0 1.6111361376969224e-10
947.0 1.6111361376969224e-10
948.0 1.6111361376969224e-10
949.0 1.6111361376969224e-10
950.0 1.6111361376969224e-10
951.0 1.6111361376969224e-10
952.0 0.00013270140470922343
953.0 6.606960312183219e-06
954.0 1.6111361376969224e-10
955.0 1.6111361376969224e-10
956.0 1.6111361376969224e-10
957.0 1.6111361376969224e-10
958.0 0.00015093471574800787
959.0 0.0001433545776308165
960.0 0.00013577445088230888
961.0 6.761462145732366e-05
962.0 1.6111361376969224e-10
963.0 9.572718226991128e-05
964.0 0.00019199965208827052
965.0 0.00018897937934525544
966.0 0.00018595911797092413
967.0 7.145582259227012e-06
968.0 1.6111361376969224e-10
969.0 1.6111361376969224e-10
970.0 5.5491233297289e-05
971.0 1.6111361376969224e-10
972.0 1.6111361376969224e-10
973.0 5.5432832368751406e-05
974.0 0.00025273106984968763
975.0 5.88908449117298e-05
976.0 1.6111361376969224e-10
977.0 1.6111361376969224e-10
978.0 5.022982350055827e-05
979.0 1.6111361376969224e-10
980.0 1.6111361376969224e-10
981.0 1.6111361376969224e-10
982.0 6.709842637064867e-05
983.0 1.6111361376969224e-10
984.0 1.6111361376969224e-10
985.0 1.6111361376969224e-10
986.0 6.190468297972984e-05
987.0 1.6111361376969224e-10
988.0 1.6111361376969224e-10
989.0 1.6111361376969224e-10
990.0 1.6111361376969224e-10
991.0 5.578831405728124e-05
992.0 0.00013075989500066498
993.0 8.774602520134067e-05
994.0 4.473216677070013e-05
995.0 3.444843059696723e-05
996.0 2.416470010757621e-05
997.0 2.0311385640070512e-05
998.0 1.6458031382171612e-05
999.0 8.967567168838286e-05
1000.0 0.00016289326367768808
1001.0 0.0002212666458945023
1002.0 0.0002796399940052652
1003.0 0.00020418499389052158
1004.0 0.00012872992556367535
1005.0 0.00015064301805978175
1006.0 0.00017255609918720438
1007.0 0.00011169004210387357
1008.0 5.082403049527784e-05
1009.0 0.00015132474118217942
1010.0 0.0002518254632377648
1011.0 0.00027444057195680216
1012.0 0.00029705568067583954
1013.0 0.00025171007109747734
1014.0 0.0002063644387817476
1015.0 0.00022085891941969749
1016.0 0.00023535342279501492
1017.0 0.0002403963662800379
1018.0 0.00024543933250242844
1019.0 0.00012568809779622825
1020.0 5.936860958399848e-06
1021.0 0.00017489359152023098
1022.0 0.00034385034268780146
1023.0 0.00022992901449470082
1024.0 0.0001160077204076515
1025.0 0.0002359720838285284
1026.0 0.0003559364586180891
1027.0 0.00045858400881115813
1028.0 0.0005612315817415947
1029.0 0.0009036070878210012
1030.0 0.0012459825484256726
1031.0 0.0017127229511970654
1032.0 0.002179462717322167
1033.0 0.0023921686079120263
1034.0 0.0026048743166029453
1035.0 0.00303936903947033
1036.0 0.0034738637623377144
1037.0 0.0033427415473852307
1038.0 0.0032116196962306276
1039.0 0.002878405575756915
1040.0 0.0025451916371821426
1041.0 0.002523822149669286
1042.0 0.0025024528440553695
1043.0 0.0028771564757335
1044.0 0.0032518601074116305
1045.0 0.0034949513064930215
1046.0 0.003738042141776532
1047.0 0.003402325455681421
1048.0 0.003066608405788429
1049.0 0.0028353979359962977
1050.0 0.0026041874662041664
1051.0 0.0021494708562386222
1052.0 0.001694754246273078
1053.0 0.0014656852727057412
1054.0 0.0012366162991384044
1055.0 0.001071771293936763
1056.0 0.0009069261977856513
1057.0 0.0006076109912100947
1058.0 0.0003082958983213757
1059.0 0.000647638262307737
1060.0 0.0009869805580819957
1061.0 0.0010983253559970763
1062.0 0.0012096701539121568
1063.0 0.0018963699403684586
1064.0 0.00258306954492582
1065.0 0.0031338298867922276
1066.0 0.0036845904105575755
1067.0 0.004199482282274403
1068.0 0.0047143745177891105
1069.0 0.004286185139790177
1070.0 0.0038579953979933634
1071.0 0.003455821570241824
1072.0 0.0030536470148945227
1073.0 0.0028915303118992597
1074.0 0.002729413245106116
1075.0 0.0033727661502780393
1076.0 0.004016119055449963
1077.0 0.0037619673094013706
1078.0 0.0035078155633527786
1079.0 0.003330394611111842
1080.0 0.0031529736588709056
1081.0 0.0021381281840149313
1082.0 0.0011232829820073675
1083.0 0.0008243659976869822
1084.0 0.0005254490588413319
1085.0 0.0011606389307416975
1086.0 0.0017958289390662685
1087.0 0.00045090177991369274
1088.0 1.6111361376969224e-10
1089.0 1.6111361376969224e-10
1090.0 1.6111361376969224e-10
1091.0 0.00023442698875442147
1092.0 0.001099771907320246
1093.0 6.186060090840328e-05
1094.0 1.6111361376969224e-10
1095.0 1.6111361376969224e-10
1096.0 1.6111361376969224e-10
1097.0 1.6111361376969224e-10
1098.0 1.6111361376969224e-10
1099.0 0.000489305375594995
1100.0 0.0017731423213263042
