lsstCam/transmission_filter_detector/r11_s10/z_20/19700101T000000.ecsv
# %ECSV 1.0
# ---
# datatype:
# - {name: wavelength, unit: nm, datatype: float32}
# - {name: efficiency, unit: '%', datatype: float64}
# meta: !!omap
# - {MODE: DETECTOR}
# - {TYPE: transmission_filter_detector}
# - {CALIBDATE: '1970-01-01T00:00:00'}
# - {INSTRUME: LSSTCam}
# - {OBSTYPE: transmission_filter_detector}
# - {CALIBCLS: lsst.ip.isr.IntermediateFilterDetectorTransmissionCurve}
# - {SOURCE: Materion (DM-46256)}
# - {DETECTOR: 39}
# - {FILTER: z_20}
# - {CALIB_ID: 'calibDate=1970-01-01T00:00:00 filter=z_20 detector=39'}
# - {DATE: '2025-04-02T15:59:48.815377'}
# - {CALIB_CREATION_DATE: '2025-04-02'}
# - {CALIB_CREATION_TIME: '15:59:48'}
# - __serialized_columns__:
#     efficiency:
#       __class__: astropy.units.quantity.Quantity
#       unit: !astropy.units.Unit {unit: '%'}
#       value: !astropy.table.SerializedColumn {name: efficiency}
#     wavelength:
#       __class__: astropy.units.quantity.Quantity
#       unit: !astropy.units.Unit {unit: nm}
#       value: !astropy.table.SerializedColumn {name: wavelength}
# schema: astropy-2.0
wavelength efficiency
300.0 0.8719855919480324
301.0 0.5890792701393366
302.0 0.30617311131209135
303.0 0.2971218666061759
304.0 0.2880705986171961
305.0 0.2437131479382515
306.0 0.19935565069317818
307.0 0.18422945868223906
308.0 0.16910326667129993
309.0 0.1478923368267715
310.0 0.12668143026530743
311.0 0.12697395868599415
312.0 0.12726651038974524
313.0 0.11298925383016467
314.0 0.09871203219518065
315.0 0.09701981325633824
316.0 0.09532759431749582
317.0 0.08038454689085484
318.0 0.06544151110574603
319.0 0.06497346330434084
320.0 0.06450541550293565
321.0 0.06421958678402007
322.0 0.0639337522443384
323.0 0.05573252565227449
324.0 0.04753130197059363
325.0 0.0437887036241591
326.0 0.04004610236734152
327.0 0.038970031891949475
328.0 0.03789396141655743
329.0 0.03385415766388178
330.0 0.029814353911206126
331.0 0.027133277035318315
332.0 0.024452197249047458
333.0 0.02346842084079981
334.0 0.022484642977360636
335.0 0.02135108516085893
336.0 0.020217527344357222
337.0 0.024263434170279652
338.0 0.02830933954101056
339.0 0.024528612266294658
340.0 0.02074789081234485
341.0 0.017396679322700948
342.0 0.014045466377865523
343.0 0.014084079884923995
344.0 0.014122694847173989
345.0 0.013068456610199064
346.0 0.01201421837322414
347.0 0.011368541890988126
348.0 0.010722866863943636
349.0 0.013367921928875148
350.0 0.01601298135938123
351.0 0.013342377496883273
352.0 0.010671770724002272
353.0 0.01120992164942436
354.0 0.011748072574846447
355.0 0.009966686775442213
356.0 0.00818530170363374
357.0 0.009219547064276412
358.0 0.01025379533530213
359.0 0.010081960499519482
360.0 0.009910124936141074
361.0 0.008889567106962204
362.0 0.007869010732974857
363.0 0.009111907274927944
364.0 0.01035480381688103
365.0 0.010071616270579398
366.0 0.00978843163466081
367.0 0.008532859646948054
368.0 0.007277287659235299
369.0 0.007865845691412687
370.0 0.008454405178781599
371.0 0.0083203412941657
372.0 0.008186278864741325
373.0 0.007152830949053168
374.0 0.0061193852161522955
375.0 0.006389355985447764
376.0 0.006659326754743233
377.0 0.007076619658619165
378.0 0.007493911834899336
379.0 0.006332148041110486
380.0 0.005170383155927993
381.0 0.0032772295526228845
382.0 0.001384076585964067
383.0 0.0035788201785180718
384.0 0.005773564043920487
385.0 0.005537675315281376
386.0 0.005301786950440146
387.0 0.005935204899287783
388.0 0.006568623939529061
389.0 0.005823411265737377
390.0 0.005078200047137216
391.0 0.004676721800933592
392.0 0.00427524428232573
393.0 0.004762539902003482
394.0 0.005249835885479115
395.0 0.004291671575629152
396.0 0.003333506901981309
397.0 0.003557679519872181
398.0 0.0037818517739651725
399.0 0.004006042217952199
400.0 0.004230232298141345
401.0 0.004679919584305026
402.0 0.005129606506670825
403.0 0.005193505785427988
404.0 0.005257405427983031
405.0 0.004205819277558476
406.0 0.0031542334909318015
407.0 0.001661214446357917
408.0 0.00016819603843032382
409.0 0.0019216699001844972
410.0 0.003675144034787081
411.0 0.004189407991361804
412.0 0.004703671947936527
413.0 0.004595411519403569
414.0 0.004487151090870611
415.0 0.0036426379665499553
416.0 0.0027981250241282396
417.0 0.0038253543607424945
418.0 0.00485258387925569
419.0 0.004332483513280749
420.0 0.003812383147305809
421.0 0.003735725476872176
422.0 0.003659067806438543
423.0 0.0036208697565598413
424.0 0.003582672798074782
425.0 0.0026138377506867982
426.0 0.001645002885197755
427.0 0.0018473807358532213
428.0 0.002049758768407628
429.0 0.0013746472177444957
430.0 0.0006995358489803039
431.0 0.0006976660188229289
432.0 0.0006957960067666136
433.0 0.0006434599981730571
434.0 0.0005911240350542357
435.0 0.001167595837614499
436.0 0.0017440677765989676
437.0 0.0018740407540462911
438.0 0.002004013913392555
439.0 0.002097091783070937
440.0 0.002190169834648259
441.0 0.001597129084984772
442.0 0.001004088426270755
443.0 0.002145395046682097
444.0 0.003286701758042909
445.0 0.003270500383223407
446.0 0.0032542993722017854
447.0 0.0025906185328494757
448.0 0.001926937693497166
449.0 0.002608952854643576
450.0 0.003290968743385747
451.0 0.0025961284336517565
452.0 0.0019012875782209449
453.0 0.0017425960322725587
454.0 0.0015839046682231128
455.0 0.0022948930563870817
456.0 0.003005881626449991
457.0 0.0022610924133914523
458.0 0.0015163031093834434
459.0 0.0015923646060400642
460.0 0.001668426011747215
461.0 0.0007652909516764339
462.0 1.600358517581113e-10
463.0 0.0008879115739546251
464.0 0.001913667620101478
465.0 0.002201663301093504
466.0 0.00248965916398447
467.0 0.002185096309403889
468.0 0.001880533091025427
469.0 0.0016626539945718832
470.0 0.0014447747162193991
471.0 0.0013544469766202383
472.0 0.001264119509869488
473.0 0.001219172827404691
474.0 0.0011742260539904237
475.0 0.0010399442544439808
476.0 0.0009056624548975378
477.0 0.001294481899094535
478.0 0.001683301161392592
479.0 0.0020399682398419827
480.0 0.0023966353182913736
481.0 0.001854999572969973
482.0 0.0013133636457496323
483.0 0.0009016865988087375
484.0 0.0004900094154436374
485.0 0.0012795327165804338
486.0 0.002069055881293025
487.0 0.0014660110537079163
488.0 0.0008629659532743972
489.0 0.0016974616301013157
490.0 0.002531957215978764
491.0 0.002353903437324334
492.0 0.002175849658669904
493.0 0.0020133787984377705
494.0 0.0018509081201045774
495.0 0.0016418001905549318
496.0 0.0014326922610052861
497.0 0.0013036224117968231
498.0 0.0011745528354367707
499.0 0.0012457009688660037
500.0 0.001316849284194177
501.0 0.0008499219802615698
502.0 0.0003829945399047574
503.0 0.001238253025803715
504.0 0.0020935114662279375
505.0 0.0022188825823832303
506.0 0.002344253698538523
507.0 0.002285942537127994
508.0 0.002227631011919584
509.0 0.0019080516722169705
510.0 0.0015884725144132972
511.0 0.0012402912943798583
512.0 0.0008921101652958896
513.0 0.0012895901818410493
514.0 0.0016870704712346196
515.0 0.0012523050827439874
516.0 0.0008175402399501763
517.0 0.000811829977465095
518.0 0.0008061196240305435
519.0 0.0009912166206049733
520.0 0.0011763132533815224
521.0 0.0016218493328779005
522.0 0.0020673855033237487
523.0 0.001395504568790784
524.0 0.00072362390710623
525.0 0.0007885444574640132
526.0 0.0008534651897207368
527.0 0.001199291455122875
528.0 0.0015451179933734238
529.0 0.0012965588211955037
530.0 0.0010479989214218222
531.0 0.0011089296094723977
532.0 0.001169860206573503
533.0 0.0008501118827553
534.0 0.0005303636498865671
535.0 0.0010876869055209681
536.0 0.0016450101611553691
537.0 0.0016731866708141752
538.0 0.0017013631804729812
539.0 0.001176137084257789
540.0 0.0006509106697194511
541.0 0.0007764201654936187
542.0 0.0009019299795909319
543.0 0.001316307589149801
544.0 0.0017306852896581404
545.0 0.0011655261005216744
546.0 0.0006003670932841487
547.0 0.0012333486665738747
548.0 0.0018663298760657199
549.0 0.001627183155505918
550.0 0.0013880363439966459
551.0 0.0014715546058141626
552.0 0.0015550727766822092
553.0 0.0013524828318622895
554.0 0.001149892523244489
555.0 0.0010385168934590183
556.0 0.0009271410817746073
557.0 0.0013054267583356705
558.0 0.0016837124348967336
559.0 0.001749496914271731
560.0 0.0018152810298488475
561.0 0.0016041254639276303
562.0 0.0013929696251580026
563.0 0.0011403949429222848
564.0 0.0008878201697370969
565.0 0.0016667905583744869
566.0 0.002445761128910817
567.0 0.002771481013041921
568.0 0.003097200533375144
569.0 0.002952067006845027
570.0 0.0028069334803149104
571.0 0.0026626077669789083
572.0 0.002518281326047145
573.0 0.00202211467694724
574.0 0.0015259485735441558
575.0 0.001967688695003744
576.0 0.0024094288164633326
577.0 0.0020072846382390708
578.0 0.0016051408238126896
579.0 0.0017273130652029067
580.0 0.0018494853065931238
581.0 0.0016710408090148121
582.0 0.0014925960385880899
583.0 0.0019440887626842596
584.0 0.002395581395830959
585.0 0.0025626261049183086
586.0 0.0027296709959045984
587.0 0.0020798977857339196
588.0 0.0014301243027148303
589.0 0.002015435165958479
590.0 0.002600746120151598
591.0 0.0017384860257152468
592.0 0.0008762254765315447
593.0 0.0007248741894727573
594.0 0.0005735225840908242
595.0 0.0010237653441436123
596.0 0.0014740081496711355
597.0 0.0013817185390507802
598.0 0.0012894288374809548
599.0 0.0009330450666311663
600.0 0.0005766613867308479
601.0 0.000497049995829002
602.0 0.00041743846850295085
603.0 0.000893587275641039
604.0 0.0013697356735065114
605.0 0.0008788748345978092
606.0 0.0003880136773659615
607.0 0.0008187464118236676
608.0 0.0012494791917561088
609.0 0.0011783493391703814
610.0 0.0011072191227867734
611.0 0.0009708483048598282
612.0 0.0008344773050339427
613.0 0.0008213597538997419
614.0 0.0008082422027655412
615.0 0.001271101336897118
616.0 0.0017339607438771054
617.0 0.002195464003307279
618.0 0.002656967262737453
619.0 0.00221510163100902
620.0 0.0017732358173816465
621.0 0.0014862597708997782
622.0 0.0011992833606200293
623.0 0.0015269655705196783
624.0 0.0018546477804193273
625.0 0.0016647767552058212
626.0 0.0014749059118912555
627.0 0.0018625283701112494
628.0 0.0022501513740280643
629.0 0.001990474993363023
630.0 0.0017307987945969217
631.0 0.0015421439456986263
632.0 0.0013534890058508608
633.0 0.0017352125723846257
634.0 0.0021169365936657414
635.0 0.005096607856103219
636.0 0.008076278027147055
637.0 0.015358861128333956
638.0 0.022641444229520857
639.0 0.01979073858819902
640.0 0.01694003149168566
641.0 0.014700344763696194
642.0 0.012460659490898252
643.0 0.0100089811894577
644.0 0.007557305070804432
645.0 0.006802392454119399
646.0 0.006047479473636486
647.0 0.005540955680771731
648.0 0.005034431887906976
649.0 0.004102737148059532
650.0 0.0031710431358078495
651.0 0.0036222518247086555
652.0 0.0040734605136094615
653.0 0.003260043013142422
654.0 0.0024466247850796208
655.0 0.002719171970966272
656.0 0.0029917197025497444
657.0 0.002960451820399612
658.0 0.0029291832106537186
659.0 0.002765665158221964
660.0 0.0026021469238912687
661.0 0.002761160612863023
662.0 0.0029201739380368963
663.0 0.0020168050468782894
664.0 0.001113436428568093
665.0 0.0016292815416818485
666.0 0.0021451269276440144
667.0 0.002419284101051744
668.0 0.002693441456358414
669.0 0.0019638746380223893
670.0 0.001234308092534775
671.0 0.0009002813385450281
672.0 0.0005662545390805462
673.0 0.0012928460819239262
674.0 0.0020194376702420413
675.0 0.002117547410307452
676.0 0.0022156569684739225
677.0 0.001934951069415547
678.0 0.001654244988458231
679.0 0.001369614892610116
680.0 0.0010849847058125306
681.0 0.0011931147128052544
682.0 0.0013012445378990378
683.0 0.0023816743123461492
684.0 0.003462104359641671
685.0 0.002891375515901018
686.0 0.002320647399756126
687.0 0.0017369464330840856
688.0 0.001153245466412045
689.0 0.001451447587896837
690.0 0.001749649345583748
691.0 0.0020883559045614675
692.0 0.0024270622816402465
693.0 0.002815329935401678
694.0 0.0032035975891631097
695.0 0.003332519918330945
696.0 0.003461441519903019
697.0 0.003694123006425798
698.0 0.003926804492948577
699.0 0.005792628508061171
700.0 0.007658451795578003
701.0 0.007236318924697116
702.0 0.006814187509007752
703.0 0.006298235530266538
704.0 0.005782285006716847
705.0 0.005204154149396345
706.0 0.004626026202458888
707.0 0.004355670535005629
708.0 0.00408531486755237
709.0 0.004239308327669278
710.0 0.004393301787786186
711.0 0.003973607817897573
712.0 0.0035539138480089605
713.0 0.00247155567194568
714.0 0.001389197313983459
715.0 0.0021461659343913198
716.0 0.002903134736698121
717.0 0.0025379533326486126
718.0 0.002172771746700164
719.0 0.0017282562112086453
720.0 0.001283740402868716
721.0 0.0012065816918038763
722.0 0.001129422707890626
723.0 0.0009770650649443269
724.0 0.0008247075129474979
725.0 0.0012818822142435238
726.0 0.0017390571883879602
727.0 0.0017490345271653496
728.0 0.001759011865942739
729.0 0.0018197635654360056
730.0 0.0018805152649292722
731.0 0.0014283587006502785
732.0 0.0009762022273207549
733.0 0.0009991430488298647
734.0 0.0010220837793895043
735.0 0.0010870559890463483
736.0 0.0011520277439558413
737.0 0.0013244612091511954
738.0 0.001496894401498139
739.0 0.0011544979315658566
740.0 0.0008121014616335742
741.0 0.0009702055649540853
742.0 0.001128309486375656
743.0 0.0015661873476346955
744.0 0.0020040650269947946
745.0 0.0013346504601940978
746.0 0.000665235847918666
747.0 0.0011851589988509659
748.0 0.0017050821043085307
749.0 0.0023947368390508927
750.0 0.0030843919375911355
751.0 0.003029538675036747
752.0 0.0029746854124823585
753.0 0.002956164644274395
754.0 0.0029376440579653718
755.0 0.0019551709556253627
756.0 0.0009726976713864133
757.0 0.0019372377209947444
758.0 0.0029017775887041353
759.0 0.0027206229788134806
760.0 0.002539468005124945
761.0 0.004270116187399253
762.0 0.006000764551572502
763.0 0.005611385859083384
764.0 0.005222007530392148
765.0 0.005203268301556818
766.0 0.005184530891710892
767.0 0.004540037480182946
768.0 0.003895544068654999
769.0 0.0034540440537966788
770.0 0.003012545312230941
771.0 0.00389237939089071
772.0 0.004772213287651539
773.0 0.003974532592110336
774.0 0.003176851532771252
775.0 0.1063485280610621
776.0 1.600358517581113e-10
777.0 1.600358517581113e-10
778.0 0.01183188651339151
779.0 0.046199787175282836
780.0 0.008913406054489315
781.0 0.039962580194696784
782.0 0.07562034879811108
783.0 0.0014982781067374162
784.0 0.046958401799201965
785.0 0.11579956626519561
786.0 0.0027708030756912194
787.0 0.09952535619959235
788.0 0.033485444146208465
789.0 0.07153383339755237
790.0 0.009367004531668499
791.0 1.600358517581113e-10
792.0 0.12278449721634388
793.0 1.600358517581113e-10
794.0 1.600358517581113e-10
795.0 0.057543301954865456
796.0 0.14830093132331967
797.0 0.03599425544962287
798.0 0.09791176998987794
799.0 0.15160994371399283
800.0 0.13576812343671918
801.0 0.31538852490484715
802.0 0.8371508680284023
803.0 1.0501068085432053
804.0 1.8385762348771095
805.0 2.7838831767439842
806.0 4.226206615567207
807.0 6.02199099957943
808.0 8.089928328990936
809.0 10.767482221126556
810.0 13.755841553211212
811.0 17.074115574359894
812.0 20.110440254211426
813.0 23.195642232894897
814.0 26.355895400047302
815.0 30.38855791091919
816.0 35.413193702697754
817.0 41.054072976112366
818.0 47.02153205871582
819.0 52.62001156806946
820.0 60.179609060287476
821.0 68.08236837387085
822.0 74.15627241134644
823.0 79.80988621711731
824.0 84.8484754562378
825.0 89.54377770423889
826.0 92.77058243751526
827.0 95.26380896568298
828.0 98.03465008735657
829.0 98.80550503730774
830.0 98.60261678695679
831.0 98.87300729751587
832.0 98.57498407363892
833.0 99.71624612808228
834.0 98.46903681755066
835.0 99.05713200569153
836.0 99.25610423088074
837.0 99.13281798362732
838.0 98.3737587928772
839.0 98.55949878692627
840.0 98.61728549003601
841.0 99.25817251205444
842.0 99.65423345565796
843.0 99.85406398773193
844.0 98.48254919052124
845.0 98.47660064697266
846.0 98.92405867576599
847.0 98.96747469902039
848.0 99.97274279594421
849.0 98.96982312202454
850.0 98.04915189743042
851.0 99.17256832122803
852.0 99.72139596939087
853.0 98.59333038330078
854.0 99.73507523536682
855.0 98.13079833984375
856.0 98.93938302993774
857.0 97.906094789505
858.0 98.72149229049683
859.0 99.62073564529419
860.0 98.55508208274841
861.0 99.07926321029663
862.0 98.69420528411865
863.0 98.53498339653015
864.0 99.40696954727173
865.0 99.8216986656189
866.0 98.94493222236633
867.0 99.2985188961029
868.0 99.38111305236816
869.0 99.04391765594482
870.0 98.3502984046936
871.0 99.294114112854
872.0 99.29230809211731
873.0 99.1362452507019
874.0 99.95283484458923
875.0 98.74705076217651
876.0 99.04928207397461
877.0 99.47947859764099
878.0 99.23526644706726
879.0 98.86603951454163
880.0 98.63194227218628
881.0 99.91347789764404
882.0 98.66031408309937
883.0 99.12283420562744
884.0 99.18553829193115
885.0 99.0618348121643
886.0 98.85725975036621
887.0 98.71415495872498
888.0 99.26385283470154
889.0 99.58160519599915
890.0 98.29652309417725
891.0 99.58308339118958
892.0 98.96493554115295
893.0 98.53459596633911
894.0 98.56325387954712
895.0 99.54622983932495
896.0 99.2520809173584
