lsstCam/transmission_filter_detector/r11_s10/z_20/19700101T000000.ecsv
# %ECSV 1.0
# ---
# datatype:
# - {name: wavelength, unit: nm, datatype: float32}
# - {name: efficiency, unit: '%', datatype: float64}
# meta: !!omap
# - {MODE: DETECTOR}
# - {TYPE: transmission_filter_detector}
# - {CALIBDATE: '1970-01-01T00:00:00'}
# - {INSTRUME: LSSTCam}
# - {OBSTYPE: transmission_filter_detector}
# - {CALIBCLS: lsst.ip.isr.IntermediateFilterDetectorTransmissionCurve}
# - {SOURCE: Materion (DM-46256)}
# - {DETECTOR: 39}
# - {FILTER: z_20}
# - {CALIB_ID: 'calibDate=1970-01-01T00:00:00 filter=z_20 detector=39'}
# - {DATE: '2025-04-02T15:59:48.815377'}
# - {CALIB_CREATION_DATE: '2025-04-02'}
# - {CALIB_CREATION_TIME: '15:59:48'}
# - __serialized_columns__:
#     efficiency:
#       __class__: astropy.units.quantity.Quantity
#       unit: !astropy.units.Unit {unit: '%'}
#       value: !astropy.table.SerializedColumn {name: efficiency}
#     wavelength:
#       __class__: astropy.units.quantity.Quantity
#       unit: !astropy.units.Unit {unit: nm}
#       value: !astropy.table.SerializedColumn {name: wavelength}
# schema: astropy-2.0
wavelength efficiency
[from data line 598]
898.0 98.83549809455872
899.0 98.784738779068
900.0 98.85644316673279
901.0 99.39948320388794
902.0 99.15279746055603
903.0 98.83530735969543
904.0 97.90290594100952
905.0 98.86807203292847
906.0 98.14401865005493
907.0 98.35268259048462
908.0 98.34107160568237
909.0 98.27380180358887
910.0 98.11632633209229
911.0 97.02568054199219
912.0 96.20530009269714
913.0 95.24120092391968
914.0 92.85926222801208
915.0 90.35037755966187
916.0 88.71930837631226
917.0 87.22627758979797
918.0 83.46154689788818
919.0 82.24800825119019
920.0 79.23905849456787
921.0 75.81881284713745
922.0 71.72161936759949
923.0 66.01979732513428
924.0 60.35881042480469
925.0 54.818832874298096
926.0 49.0303099155426
927.0 41.88443124294281
928.0 35.963305830955505
929.0 29.660165309906006
930.0 24.069519340991974
931.0 18.812905251979828
932.0 13.38941901922226
933.0 9.055505692958832
934.0 5.920494347810745
935.0 3.581726551055908
936.0 2.128523588180542
937.0 1.2381776235997677
938.0 0.6624339614063501
939.0 0.3401830792427063
940.0 0.40704160928726196
941.0 0.1331057632341981
942.0 0.23454863112419844
943.0 0.2490472048521042
944.0 1.600358517581113e-10
945.0 0.2482120180502534
946.0 1.600358517581113e-10
947.0 1.600358517581113e-10
948.0 1.600358517581113e-10
949.0 1.600358517581113e-10
950.0 0.009671154111856595
951.0 0.03900664742104709
952.0 1.600358517581113e-10
953.0 0.021127317450009286
954.0 1.600358517581113e-10
955.0 1.600358517581113e-10
956.0 0.025196041679009795
957.0 1.600358517581113e-10
958.0 0.04173157212790102
959.0 1.600358517581113e-10
960.0 1.600358517581113e-10
961.0 1.600358517581113e-10
962.0 0.0637055083643645
963.0 1.600358517581113e-10
964.0 1.600358517581113e-10
965.0 1.600358517581113e-10
966.0 0.005817919009132311
967.0 1.600358517581113e-10
968.0 0.07070191204547882
969.0 1.600358517581113e-10
970.0 1.600358517581113e-10
971.0 1.600358517581113e-10
972.0 0.021870987256988883
973.0 1.600358517581113e-10
974.0 1.600358517581113e-10
975.0 0.017235451377928257
976.0 0.006358503014780581
977.0 0.006319233943941072
978.0 0.006279966328293085
979.0 0.006118344754213467
980.0 0.005956722088740207
981.0 0.005854470873600803
982.0 0.005752220386057161
983.0 0.005640260496875271
984.0 0.005528301335289143
985.0 0.005255766882328317
986.0 0.004983231701771729
987.0 0.005029743260820396
988.0 0.005076254819869064
989.0 0.004986382555216551
990.0 0.004896511018159799
991.0 0.00495027779834345
992.0 0.0050040445785271
993.0 0.0049217451305594295
994.0 0.004839444954995997
995.0 0.004746855847770348
996.0 0.00465426710434258
997.0 0.004524984251474962
998.0 0.004395701762405224
999.0 0.004355710188974626
1000.0 0.004315718615544029
1001.0 0.004469002305995673
1002.0 0.004622285268851556
1003.0 0.00454641121905297
1004.0 0.004470537169254385
1005.0 0.004328553404775448
1006.0 0.004186570004094392
1007.0 0.004263890514266677
1008.0 0.004341211024438962
1009.0 0.004393300332594663
1010.0 0.004445390004548244
1011.0 0.0045837492507416755
1012.0 0.004722108496935107
1013.0 0.004482220174395479
1014.0 0.00424233112426009
1015.0 0.00446194717369508
1016.0 0.004681562495534308
1017.0 0.004920405990560539
1018.0 0.005159250213182531
1019.0 0.004934484240948223
1020.0 0.004709717904916033
1021.0 0.004726310362457298
1022.0 0.004742902456200682
1023.0 0.00468583166366443
1024.0 0.004628760507330298
1025.0 0.004750529114971869
1026.0 0.004872297722613439
1027.0 0.004799049202119932
1028.0 0.004725801045424305
1029.0 0.00477131616207771
1030.0 0.004816832006326877
1031.0 0.004922059451928362
1032.0 0.005027286533731967
1033.0 0.0051001235988223925
1034.0 0.0051729610277106985
1035.0 0.0053458981710718945
1036.0 0.00551883495063521
1037.0 0.0055550099204992875
1038.0 0.005591184526565485
1039.0 0.005483660788740963
1040.0 0.005376135959522799
1041.0 0.0058590627304511145
1042.0 0.006341990228975192
1043.0 0.0057859913795255125
1044.0 0.005229993257671595
1045.0 0.0058818841353058815
1046.0 0.006533774285344407
1047.0 0.006246797420317307
1048.0 0.005959819463896565
1049.0 0.006142055644886568
1050.0 0.006324292189674452
1051.0 0.006567368836840615
1052.0 0.0068104469391983
1053.0 0.006812244828324765
1054.0 0.00681404271745123
1055.0 0.0074570285505615175
1056.0 0.008100015838863328
1057.0 0.007918483606772497
1058.0 0.007736952102277428
1059.0 0.007889104017522186
1060.0 0.00804125374997966
1061.0 0.008564762538298965
1062.0 0.009088271326618269
1063.0 0.009039689030032605
1064.0 0.008991108188638464
1065.0 0.009136747394222766
1066.0 0.009282389510190114
1067.0 0.009456976113142446
1068.0 0.009631563443690538
1069.0 0.010480654600542039
1070.0 0.011329743574606255
1071.0 0.011086771701229736
1072.0 0.010843799827853218
1073.0 0.01076777116395533
1074.0 0.010691742500057444
1075.0 0.011454680497990921
1076.0 0.012217622133903205
1077.0 0.012095110287191346
1078.0 0.011972598440479487
1079.0 0.013251621567178518
1080.0 0.01453064614906907
1081.0 0.014358939370140433
1082.0 0.014187235501594841
1083.0 0.01417957537341863
1084.0 0.01417191670043394
1085.0 0.014763376384507865
1086.0 0.015354840434156358
1087.0 0.015376260853372514
1088.0 0.015397685638163239
1089.0 0.01666341267991811
1090.0 0.017929135356098413
1091.0 0.01807346852729097
1092.0 0.018217797332908958
1093.0 0.018069145153276622
1094.0 0.017920491518452764
1095.0 0.01912686857394874
1096.0 0.02033324708463624
1097.0 0.02048072637990117
1098.0 0.020628207130357623
1099.0 0.022545606771018356
1100.0 0.024463003501296043
1101.0 0.024746684357523918
1102.0 0.025030362303368747
1103.0 0.026045338017866015
1104.0 0.027060310821980238
1105.0 0.027475514798425138
1106.0 0.027890721685253084
1107.0 0.0289111805614084
1108.0 0.02993163652718067
1109.0 0.031102026696316898
1110.0 0.03227241395507008
1111.0 0.03225623513571918
1112.0 0.03224005922675133
1113.0 0.033911425271071494
1114.0 0.035582794225774705
1115.0 0.034343733568675816
1116.0 0.03310467582195997
1117.0 0.03392426006030291
1118.0 0.034743850119411945
1119.0 0.038622316787950695
1120.0 0.0425007805461064
1121.0 0.04395719734020531
1122.0 0.04541362286545336
1123.0 0.0445273268269375
1124.0 0.04364103369880468
1125.0 0.04479968920350075
1126.0 0.04595834470819682
1127.0 0.04912384320050478
1128.0 0.052289344603195786
1129.0 0.056711985962465405
1130.0 0.061134633142501116
1131.0 0.062109605642035604
1132.0 0.06308457814157009
1133.0 0.06460064323619008
1134.0 0.06611671415157616
1135.0 0.0640475598629564
1136.0 0.06197840557433665
1137.0 0.06860547000542283
1138.0 0.0752325460780412
1139.0 0.07983202813193202
1140.0 0.0844314752612263
1141.0 0.09390251361764967
1142.0 0.10337353451177478
1143.0 0.12628656113520265
1144.0 0.14919955283403397
1145.0 0.2941773273050785
1146.0 0.43915510177612305
1147.0 0.9345028549432755
1148.0 1.4298507012426853
1149.0 1.6266737133264542
1150.0 1.82349793612957
