lsstCam/transmission_filter_detector/r03_s12/r_57/19700101T000000.ecsv
# %ECSV 1.0
# ---
# datatype:
# - {name: wavelength, unit: nm, datatype: float32}
# - {name: efficiency, unit: '%', datatype: float64}
# meta: !!omap
# - {MODE: DETECTOR}
# - {TYPE: transmission_filter_detector}
# - {CALIBDATE: '1970-01-01T00:00:00'}
# - {INSTRUME: LSSTCam}
# - {OBSTYPE: transmission_filter_detector}
# - {CALIBCLS: lsst.ip.isr.IntermediateFilterDetectorTransmissionCurve}
# - {SOURCE: Materion (DM-46256)}
# - {DETECTOR: 23}
# - {FILTER: r_57}
# - {CALIB_ID: 'calibDate=1970-01-01T00:00:00 filter=r_57 detector=23'}
# - {DATE: '2025-04-02T15:59:44.291223'}
# - {CALIB_CREATION_DATE: '2025-04-02'}
# - {CALIB_CREATION_TIME: '15:59:44'}
# - __serialized_columns__:
#     efficiency:
#       __class__: astropy.units.quantity.Quantity
#       unit: !astropy.units.Unit {unit: '%'}
#       value: !astropy.table.SerializedColumn {name: efficiency}
#     wavelength:
#       __class__: astropy.units.quantity.Quantity
#       unit: !astropy.units.Unit {unit: nm}
#       value: !astropy.table.SerializedColumn {name: wavelength}
# schema: astropy-2.0
wavelength efficiency
[from data line 602]
902.0 1.7271157377526936e-10
903.0 1.7271157377526936e-10
904.0 1.7271157377526936e-10
905.0 1.7271157377526936e-10
906.0 1.7271157377526936e-10
907.0 1.7271157377526936e-10
908.0 1.7271157377526936e-10
909.0 1.7271157377526936e-10
910.0 1.7271157377526936e-10
911.0 1.7271157377526936e-10
912.0 1.7271157377526936e-10
913.0 1.7271157377526936e-10
914.0 1.7271157377526936e-10
915.0 5.771660198661266e-05
916.0 5.203178261581343e-05
917.0 4.6346983140210796e-05
918.0 0.000116926867121947
919.0 0.00018750670278677717
920.0 9.612267604097724e-05
921.0 4.738602754628118e-06
922.0 0.00014200445548340213
923.0 0.00027927030714636203
924.0 0.0002796196895360481
925.0 0.00027996911740046926
926.0 0.0001975033001144766
927.0 0.00011503751693453523
928.0 0.00014549932529916987
929.0 0.00017596114503248828
930.0 0.0002554781303842901
931.0 0.000334995115736092
932.0 0.00017624224710743874
933.0 1.7489438164375315e-05
934.0 0.00015252246612362796
935.0 0.0002875554855563678
936.0 0.00026591117148200283
937.0 0.00024426685740763787
938.0 0.0002664889962034067
939.0 0.0002887111577365431
940.0 0.0003012881279573776
941.0 0.000313865052703477
942.0 0.0003547027745298692
943.0 0.00039554051909362897
944.0 0.0003377653683855897
945.0 0.00027999030862702057
946.0 0.0003159897687510238
947.0 0.00035198922887502704
948.0 0.00046675550038344227
949.0 0.0005815218628413277
950.0 0.0006016015959176002
951.0 0.0006216812380444026
952.0 0.0007516840923926793
953.0 0.0008816869922156911
954.0 0.0011730276128218975
955.0 0.0014643685062765144
956.0 0.00154952267621411
957.0 0.0016346766642527655
958.0 0.0017249150914722122
959.0 0.00181515406438848
960.0 0.0019073529983870685
961.0 0.001999552478082478
962.0 0.002179546754632611
963.0 0.002359541213081684
964.0 0.0023930566385388374
965.0 0.00242657151829917
966.0 0.0023630600480828434
967.0 0.0022995483959675767
968.0 0.002238644810859114
969.0 0.0021777414076495916
970.0 0.0022425572751672007
971.0 0.0023073729607858695
972.0 0.0024280343495775014
973.0 0.0025486953745712526
974.0 0.002834217229974456
975.0 0.0031197389034787193
976.0 0.003256489071645774
977.0 0.0033932392398128286
978.0 0.0032998035749187693
979.0 0.0032063682738225907
980.0 0.00317623489536345
981.0 0.0031461015169043094
982.0 0.0032526641007279977
983.0 0.0033592263207538053
984.0 0.0033100797736551613
985.0 0.0032609328627586365
986.0 0.003131129778921604
987.0 0.003001326695084572
988.0 0.0028372378437779844
989.0 0.0026731493562692776
990.0 0.002690998553589452
991.0 0.0027088477509096265
992.0 0.002722686986089684
993.0 0.0027365265850676224
994.0 0.002734123518166598
995.0 0.0027317199055687524
996.0 0.0028047605155734345
997.0 0.0028778011255781166
998.0 0.0030224859074223787
999.0 0.003167170871165581
1000.0 0.0032239939173450693
1001.0 0.0032808169635245577
1002.0 0.0035679277061717585
1003.0 0.0038550380850210786
1004.0 0.0039788348658476025
1005.0 0.004102631282876246
1006.0 0.004317573984735645
1007.0 0.004532517050392926
1008.0 0.004502854426391423
1009.0 0.004473191074794158
1010.0 0.004471331703825854
1011.0 0.0044694719690596685
1012.0 0.004398210876388475
1013.0 0.004326949783717282
1014.0 0.004089646245120093
1015.0 0.0038523427065229043
1016.0 0.0036174445995129645
1017.0 0.0033825464925030246
1018.0 0.002952685645141173
1019.0 0.0025228251615772024
1020.0 0.0020962124835932627
1021.0 0.0016695996237103827
1022.0 0.0015000240637164097
1023.0 0.0013304482308740262
1024.0 0.0013554258657677565
1025.0 0.0013804037735098973
1026.0 0.0013119690265739337
1027.0 0.0012435339158400893
1028.0 0.0011351831744832452
1029.0 0.0010268321602779906
1030.0 0.000992091099760728
1031.0 0.000957349402597174
1032.0 0.0009020732250064611
1033.0 0.0008467967745673377
1034.0 0.0007759108484606259
1035.0 0.0007050247859297087
1036.0 0.0008244448508776259
1037.0 0.0009438645975023974
1038.0 0.0008096619239950087
1039.0 0.0006754592959623551
1040.0 0.0007240289050969295
1041.0 0.0007725984687567689
1042.0 0.0009468386451771948
1043.0 0.00112107836685027
1044.0 0.001094550134439487
1045.0 0.0010680222658265848
1046.0 0.0009878023774945177
1047.0 0.0009075825801119208
1048.0 0.0008039129170356318
1049.0 0.0007002432994340779
1050.0 0.0007033195743133547
1051.0 0.0007063958037178963
1052.0 0.0009966676771000493
1053.0 0.0012869391866843216
1054.0 0.001073620114766527
1055.0 0.0008603010428487323
1056.0 0.0009259197213395964
1057.0 0.000991538672678871
1058.0 0.0008660752428113483
1059.0 0.0007406118584185606
1060.0 0.001094117669708794
1061.0 0.0014476229807769414
1062.0 0.0015208897821139544
1063.0 0.0015941566744004376
1064.0 0.0011411888408474624
1065.0 0.0006882206434966065
1066.0 0.0010098254279000685
1067.0 0.0013314302123035304
1068.0 0.0016038509784266353
1069.0 0.0018762713807518594
1070.0 0.0013187982403906062
1071.0 0.0007613249181304127
1072.0 0.0011606080079218373
1073.0 0.0015598912796122022
1074.0 0.0023341335690929554
1075.0 0.003108376040472649
1076.0 0.003296437716926448
1077.0 0.0034844997571781278
1078.0 0.003761427433346398
1079.0 0.004038355109514669
1080.0 0.004154337148065679
1081.0 0.004270319186616689
1082.0 0.00434205612691585
1083.0 0.0044137930672150105
1084.0 0.00487788493046537
1085.0 0.005341976066119969
1086.0 0.005218849037191831
1087.0 0.0050957216444658116
1088.0 0.00506953256262932
1089.0 0.005043343844590709
1090.0 0.004779706432600506
1091.0 0.004516068656812422
1092.0 0.004118420838494785
1093.0 0.0037207730201771483
1094.0 0.004165607242612168
1095.0 0.004610441465047188
1096.0 0.003435001417528838
1097.0 0.0022595611881115474
1098.0 0.0017865255358628929
1099.0 0.001313490247412119
1100.0 0.00166316021932289
1101.0 0.00201282964553684
