lsstCam/transmission_filter_detector/r03_s12/r_57/19700101T000000.ecsv
# %ECSV 1.0
# ---
# datatype:
# - {name: wavelength, unit: nm, datatype: float32}
# - {name: efficiency, unit: '%', datatype: float64}
# meta: !!omap
# - {MODE: DETECTOR}
# - {TYPE: transmission_filter_detector}
# - {CALIBDATE: '1970-01-01T00:00:00'}
# - {INSTRUME: LSSTCam}
# - {OBSTYPE: transmission_filter_detector}
# - {CALIBCLS: lsst.ip.isr.IntermediateFilterDetectorTransmissionCurve}
# - {SOURCE: Materion (DM-46256)}
# - {DETECTOR: 23}
# - {FILTER: r_57}
# - {CALIB_ID: 'calibDate=1970-01-01T00:00:00 filter=r_57 detector=23'}
# - {DATE: '2025-04-02T15:59:44.291223'}
# - {CALIB_CREATION_DATE: '2025-04-02'}
# - {CALIB_CREATION_TIME: '15:59:44'}
# - __serialized_columns__:
#     efficiency:
#       __class__: astropy.units.quantity.Quantity
#       unit: !astropy.units.Unit {unit: '%'}
#       value: !astropy.table.SerializedColumn {name: efficiency}
#     wavelength:
#       __class__: astropy.units.quantity.Quantity
#       unit: !astropy.units.Unit {unit: nm}
#       value: !astropy.table.SerializedColumn {name: wavelength}
# schema: astropy-2.0
wavelength efficiency
300.0 0.0034244450944243
301.0 0.009248818969354033
302.0 0.015073191025294363
303.0 0.01792246475815773
304.0 0.02077173994621262
305.0 0.01775174168869853
306.0 0.01473174343118444
307.0 0.013365774066187441
308.0 0.011999805428786203
309.0 0.010875304724322632
310.0 0.009750805475050583
311.0 0.009367431630380452
312.0 0.00898405778571032
313.0 0.00809830889920704
314.0 0.007212558557512239
315.0 0.0067463166487868875
316.0 0.006280074740061536
317.0 0.005947969839326106
318.0 0.005615864938590676
319.0 0.005445823626359925
320.0 0.005275783769320697
321.0 0.004779735900228843
322.0 0.004283687667339109
323.0 0.004010207339888439
324.0 0.0037367266486398876
325.0 0.0037342950236052275
326.0 0.003731864126166329
327.0 0.0038654121453873813
328.0 0.0039989605284063146
329.0 0.004029122646898031
330.0 0.00405928585678339
331.0 0.0037035762943560258
332.0 0.0033478667319286615
333.0 0.002986071922350675
334.0 0.0026242771127726883
335.0 0.0023341217456618324
336.0 0.002043966196652036
337.0 0.0019024830180569552
338.0 0.0017609998394618742
339.0 0.0016654361388646066
340.0 0.001569872438267339
341.0 0.001517920918558957
342.0 0.001465969307901105
343.0 0.0013631998626806308
344.0 0.0012604303265106864
345.0 0.0012448379493434913
346.0 0.0012292455721762963
347.0 0.0012454782336135395
348.0 0.001261711076949723
349.0 0.0012466638509067707
350.0 0.005879873788217083
351.0 0.006377996760420501
352.0 0.00687611973262392
353.0 0.005830877853441052
354.0 0.004785636338056065
355.0 0.004993325637769885
356.0 0.005201015301281586
357.0 0.006785133882658556
358.0 0.008369252464035526
359.0 0.006507856596726924
360.0 0.00464645963802468
361.0 0.0031695704819867387
362.0 0.0016926815078477375
363.0 0.0023856182451709174
364.0 0.003078554800595157
365.0 0.0036630885006161407
366.0 0.004247622564435005
367.0 0.0037067598896101117
368.0 0.003165896487189457
369.0 0.0026623980375006795
370.0 0.0021588997697108425
371.0 0.002484264950908255
372.0 0.002809630495903548
373.0 0.0032651823858032003
374.0 0.003720734457601793
375.0 0.0034592132578836754
376.0 0.0031976924219634384
377.0 0.0016347776181646623
378.0 7.186312700468989e-05
379.0 0.0009866181244433392
380.0 0.0019013734345207922
381.0 0.0026493136829230934
382.0 0.0033972544770222157
383.0 0.0035593577194958925
384.0 0.0037214616895653307
385.0 0.004778365109814331
386.0 0.005835268530063331
387.0 0.005032010085415095
388.0 0.004228751640766859
389.0 0.0036023371649207547
390.0 0.0029759223252767697
391.0 0.0020911686078761704
392.0 0.0012064149814250413
393.0 0.0012245088328199927
394.0 0.0012426023204170633
395.0 0.0010403518899693154
396.0 0.0008381014595215674
397.0 0.0008471612090943381
398.0 0.0008562214134144597
399.0 0.0007057284619804705
400.0 0.0005552349193749251
401.0 0.00031507420317211654
402.0 7.491287874472619e-05
403.0 0.0002548366865084972
404.0 0.00043476061364344787
405.0 0.0009066229722520802
406.0 0.0013784849215880968
407.0 0.001963166687346529
408.0 0.0025478482712060213
409.0 0.0020840539946220815
410.0 0.0016202595361392014
411.0 0.0011480274224595632
412.0 0.00067579526330519
413.0 0.0006979058980505215
414.0 0.0007200167146947933
415.0 0.0007905372513050679
416.0 0.0008610580152890179
417.0 0.0013507952644431498
418.0 0.0018405331502435729
419.0 0.0022619231458520517
420.0 0.002683313505258411
421.0 0.004470278872759081
422.0 0.00625724351266399
423.0 0.009822974243434146
424.0 0.013388703519012779
425.0 0.01779657177394256
426.0 0.022204435663297772
427.0 0.02244993665954098
428.0 0.022695442021358758
429.0 0.017383294471073896
430.0 0.012071146193193272
431.0 0.008729274850338697
432.0 0.005387400960898958
433.0 0.004370014721644111
434.0 0.0033526277547935024
435.0 0.0026870722649618983
436.0 0.0020215164113324136
437.0 0.0017284030036535114
438.0 0.0014352898688230198
439.0 0.0011574321433727164
440.0 0.0008795743269729428
441.0 0.0011697660738718696
442.0 0.001459957638871856
443.0 0.0017479535017628223
444.0 0.002035949546552729
445.0 0.0019184586562914774
446.0 0.0018009679479291663
447.0 0.0016902424249565229
448.0 0.0015795172657817602
449.0 0.001777505167410709
450.0 0.0019754925233428366
451.0 0.0020189663700875826
452.0 0.002062440398731269
453.0 0.001881429307104554
454.0 0.0017004182154778391
455.0 0.0014727665984537452
456.0 0.001245115254278062
457.0 0.0009457321539230179
458.0 0.0006463489171437686
459.0 0.0009074190529645421
460.0 0.0011684891433105804
461.0 0.001857421921158675
462.0 0.0025463541533099487
463.0 0.0033634176361374557
464.0 0.004180480755167082
465.0 0.0053511819714913145
466.0 0.006521883187815547
467.0 0.007073321467032656
468.0 0.007624761201441288
469.0 0.0064530155214015394
470.0 0.005281271296553314
471.0 0.004000383705715649
472.0 0.0027194959329790436
473.0 0.0022317039110930637
474.0 0.001743911525409203
475.0 0.0014213342183211353
476.0 0.0010987570931320079
477.0 0.0008965761480794754
478.0 0.0006943951120774727
479.0 0.0009308766493631992
480.0 0.0011673580956994556
481.0 0.0009102056537813041
482.0 0.000653053348287358
483.0 0.0007150970304792281
484.0 0.0007771404852974229
485.0 0.0007033975634840317
486.0 0.0006296545052464353
487.0 0.0007108405498001957
488.0 0.0007920264579297509
489.0 0.0007600209755764809
490.0 0.0007280154477484757
491.0 0.0008782358236203436
492.0 0.0010284562449669465
493.0 0.0011486691619211342
494.0 0.001268882078875322
495.0 0.0011172563063155394
496.0 0.0009656303518568166
497.0 0.0011738182365661487
498.0 0.0013820058484270703
499.0 0.0013804522495775018
500.0 0.0013788986507279333
501.0 0.0015976485883584246
502.0 0.0018163987988373265
503.0 0.0022368885765899904
504.0 0.0026573785362415947
505.0 0.0032924093829933554
506.0 0.0039274404116440564
507.0 0.004615265061147511
508.0 0.005303089346853085
509.0 0.005740320193581283
510.0 0.006177549948915839
511.0 0.005464548667077906
512.0 0.004751547021442093
513.0 0.004046115282108076
514.0 0.003340683542774059
515.0 0.0032046846172306687
516.0 0.0030686856916872784
517.0 0.0028662750992225483
518.0 0.002663864324858878
519.0 0.08484979625791311
520.0 0.14685909263789654
521.0 0.07254746742546558
522.0 0.11255578137934208
523.0 0.08303773356601596
524.0 0.07962126401253045
525.0 0.1487094908952713
526.0 0.11254921555519104
527.0 0.08643257897347212
528.0 0.1373714068904519
529.0 0.1449574949219823
530.0 0.2522530499845743
531.0 0.320126092992723
532.0 0.3243083134293556
533.0 0.41029914282262325
534.0 0.5856761708855629
535.0 0.9340547025203705
536.0 1.421668380498886
537.0 2.2907480597496033
538.0 3.4851856529712677
539.0 5.27065210044384
540.0 7.849755138158798
541.0 10.636969655752182
542.0 14.149986207485199
543.0 18.692179024219513
544.0 24.149611592292786
545.0 30.126699805259705
546.0 37.26441562175751
547.0 44.459688663482666
548.0 52.976202964782715
549.0 60.43737530708313
550.0 65.74122309684753
551.0 71.87233567237854
552.0 75.22148489952087
553.0 79.11996245384216
554.0 82.35003352165222
555.0 85.91728806495667
556.0 89.04629945755005
557.0 91.42264723777771
558.0 93.5861587524414
559.0 95.10579109191895
560.0 94.75995898246765
561.0 95.51235437393188
562.0 95.89289426803589
563.0 95.60037851333618
564.0 95.82294225692749
565.0 95.33159136772156
566.0 96.13115191459656
567.0 95.81763744354248
568.0 96.12202048301697
569.0 97.08924293518066
570.0 96.78254723548889
571.0 97.54913449287415
572.0 97.30545282363892
573.0 97.39200472831726
574.0 97.05075025558472
575.0 97.15951681137085
576.0 97.35711216926575
577.0 97.25719094276428
578.0 97.36078977584839
579.0 97.2800076007843
580.0 96.62766456604004
581.0 96.86523675918579
582.0 96.67476415634155
583.0 96.93039655685425
584.0 96.41132950782776
585.0 96.73135876655579
586.0 96.87833189964294
587.0 96.7915952205658
588.0 96.67677879333496
589.0 97.48475551605225
590.0 96.96464538574219
591.0 96.50489091873169
592.0 95.83309888839722
593.0 96.418297290802
594.0 95.9882378578186
595.0 96.87234163284302
596.0 97.50473499298096
597.0 97.64055013656616
598.0 97.27522730827332
599.0 97.27234244346619
600.0 97.24382162094116
601.0 96.27860188484192
602.0 96.84869050979614
603.0 96.28196358680725
604.0 96.7829704284668
605.0 96.88227772712708
606.0 96.35099768638611
607.0 96.63879871368408
608.0 96.36606574058533
609.0 95.74597477912903
610.0 96.12175822257996
611.0 95.94396352767944
612.0 96.16312384605408
613.0 96.98308110237122
614.0 96.74293398857117
615.0 96.40509486198425
616.0 96.49777412414551
617.0 96.71423435211182
618.0 96.86331748962402
619.0 97.0360517501831
620.0 96.28723859786987
621.0 96.07502818107605
622.0 96.91087603569031
623.0 96.98454141616821
624.0 96.58077955245972
625.0 96.80127501487732
626.0 96.23249769210815
627.0 95.63505053520203
628.0 97.51465320587158
629.0 95.90427875518799
630.0 96.49166464805603
631.0 96.25370502471924
632.0 96.86207175254822
633.0 96.82263731956482
634.0 96.2240993976593
635.0 96.29200100898743
636.0 96.57573103904724
637.0 95.65179347991943
638.0 95.69616317749023
639.0 95.54968476295471
640.0 95.94003558158875
641.0 95.94157934188843
642.0 96.29855155944824
643.0 96.57503366470337
644.0 96.40312194824219
645.0 96.48721814155579
646.0 96.62587642669678
647.0 97.50215411186218
648.0 96.8116819858551
649.0 96.20189070701599
650.0 96.53380513191223
651.0 97.13998436927795
652.0 96.97068929672241
653.0 96.30125761032104
654.0 96.76997661590576
655.0 96.83563709259033
656.0 96.19039297103882
657.0 95.63604593276978
658.0 96.6433048248291
659.0 96.47029042243958
660.0 95.5395758152008
661.0 95.49064636230469
662.0 96.08939290046692
663.0 95.9742784500122
664.0 95.4866349697113
665.0 95.70379257202148
666.0 95.26843428611755
667.0 95.94202637672424
668.0 94.84674334526062
669.0 95.79989314079285
670.0 95.28674483299255
671.0 95.64928412437439
672.0 95.06316781044006
673.0 95.591801404953
674.0 94.79230046272278
675.0 95.41115164756775
676.0 94.56437826156616
677.0 93.25921535491943
678.0 92.17652678489685
679.0 90.91358780860901
680.0 89.36464786529541
681.0 87.50743269920349
682.0 84.79405045509338
683.0 81.92843794822693
684.0 78.09314131736755
685.0 73.86404275894165
686.0 69.43486332893372
687.0 64.88852500915527
688.0 60.23462414741516
689.0 56.22197985649109
690.0 51.12144947052002
691.0 47.031375765800476
692.0 42.11199879646301
693.0 37.57258057594299
694.0 32.06624090671539
695.0 26.60602629184723
696.0 20.980392396450043
697.0 16.015030443668365
698.0 10.922756791114807
699.0 7.246647775173187
700.0 4.759706184267998
701.0 2.809217944741249
702.0 1.6874764114618301
703.0 0.9394530206918716
704.0 0.5751016549766064
705.0 0.35209357738494873
706.0 0.2432793378829956
707.0 0.17692134715616703
708.0 0.10703313164412975
709.0 0.08085008012130857
710.0 0.08137992699630558
711.0 0.03799058322329074
712.0 0.0600117607973516
713.0 0.13651810586452484
714.0 0.050715915858745575
715.0 0.04547000571619719
716.0 0.012410573253873736
717.0 0.036124326288700104
718.0 0.03052040992770344
719.0 0.03664045943878591
720.0 1.7271157377526936e-10
721.0 0.004076810000697151
722.0 0.0038318128645187244
723.0 0.0035868164559360594
724.0 0.0033049505873350427
725.0 0.003023084718734026
726.0 0.0028084485165891238
727.0 0.002593812496343162
728.0 0.0025036146325874142
729.0 0.002413416405033786
730.0 0.0022197045836946927
731.0 0.0020259933080524206
732.0 0.0019907318346668035
733.0 0.0019554705431801267
734.0 0.0018492113667889498
735.0 0.0017429518265998922
736.0 0.0015745785276521929
737.0 0.0014062053196539637
738.0 0.0014159094462229405
739.0 0.0014256136637413874
740.0 0.0014349761841003783
741.0 0.0014443389773077797
742.0 0.0013109741303196643
743.0 0.0011776090104831383
744.0 0.0012517243703769054
745.0 0.0013258392755233217
746.0 0.0012408501788740978
747.0 0.0011558609912754036
748.0 0.0010488428415555973
749.0 0.0009418246918357909
750.0 0.0008990466994873714
751.0 0.0008562689799873624
752.0 0.0009089218110602815
753.0 0.0009615747330826707
754.0 0.000972145062405616
755.0 0.000982715755526442
756.0 0.0009354622307000682
757.0 0.0008882085239747539
758.0 0.0009113155101658776
759.0 0.000934422314458061
760.0 0.0009809822586248629
761.0 0.001027542384690605
762.0 0.0010094960998685565
763.0 0.0009914500878949184
764.0 0.0009716729437059257
765.0 0.000951895799516933
766.0 0.000759154090701486
767.0 0.0005664124728355091
768.0 0.0005231494469626341
769.0 0.0004798863301402889
770.0 0.000668355369271012
771.0 0.0008568245903006755
772.0 0.0008105340384645388
773.0 0.0007642433047294617
774.0 0.0008217682079703081
775.0 0.0008792930202616844
776.0 0.0008373079253942706
777.0 0.0007953229214763269
778.0 0.0007860224286559969
779.0 0.0007767221177346073
780.0 0.0006703865437884815
781.0 0.000564051106266561
782.0 0.0006615935490117408
783.0 0.0007591359917569207
784.0 0.0007660061783099081
785.0 0.00077287604653975
786.0 0.0006639945695496863
787.0 0.0005551131380343577
788.0 0.0006018836756993551
789.0 0.0006486543952632928
790.0 0.0007162703241192503
791.0 0.0007838861165510025
792.0 0.0007728434866294265
793.0 0.0007618007657583803
794.0 0.000782864481152501
795.0 0.0008039278327487409
796.0 0.0006610886430280516
797.0 0.0005182494078326272
798.0 0.0006455123639170779
799.0 0.0007727752745267935
800.0 0.0007307768100872636
801.0 0.0006887781182740582
802.0 0.0005792907813884085
803.0 0.0004698031261796132
804.0 0.0005829057499795454
805.0 0.0006960084192542126
806.0 0.0006066661626391578
807.0 0.0005173239514988381
808.0 0.0006350364856189117
809.0 0.0007527490197389852
810.0 0.000643309658698854
811.0 0.0005338705250323983
812.0 0.0006036252671037801
813.0 0.0006733800091751618
814.0 0.0005531970600713976
815.0 0.0004330142019171035
816.0 0.0005427751602837816
817.0 0.000652536255074665
818.0 0.0006151851266622543
819.0 0.0005778339073003735
820.0 0.0004282951067580143
821.0 0.0002787562834782875
822.0 0.00030080277610977646
823.0 0.00032284929147863295
824.0 0.0003354101409058785
825.0 0.00034797099033312406
826.0 0.0004334170625952538
827.0 0.0005188631348573836
828.0 0.0003862588528136257
829.0 0.0002536545935072354
830.0 0.00018929735006167903
831.0 0.00012494010661612265
832.0 5.301868100104912e-05
833.0 1.7271157377526936e-10
834.0 1.7271157377526936e-10
835.0 1.7271157377526936e-10
836.0 0.00019259316559328
837.0 0.0004963268111168873
838.0 0.0006766743354091886
839.0 0.00085702185970149
840.0 0.0012589135621965397
841.0 0.0016608051737421192
842.0 0.0025955841920222156
843.0 0.0035303633922012523
844.0 0.004204580545774661
845.0 0.00487879769934807
846.0 0.00502736475027632
847.0 0.00517593180120457
848.0 0.004333728429628536
849.0 0.003491524330456741
850.0 0.0025341372747789137
851.0 0.0015767502191010863
852.0 0.0013531988770409953
853.0 0.0011296475349809043
854.0 0.0009918776413542219
855.0 0.0008541076567780692
856.0 0.0006473778739746194
857.0 0.00044064813664590474
858.0 0.0005299738859321224
859.0 0.0006192995897436049
860.0 0.0005288313786877552
861.0 0.0004383631676319055
862.0 0.0004838596396439243
863.0 0.0005293561116559431
864.0 0.00039800429476599675
865.0 0.00026665254608815303
866.0 0.00021602995730063412
867.0 0.0001654073344070639
868.0 0.00020251097794243833
869.0 0.00023961458737176144
870.0 0.00014492433138002525
871.0 5.0234064019605285e-05
872.0 1.7271157377526936e-10
873.0 1.7271157377526936e-10
874.0 1.7271157377526936e-10
875.0 1.7271157377526936e-10
876.0 1.7271157377526936e-10
877.0 6.107884473749436e-05
878.0 0.00015450300452357624
879.0 0.00024792714157229057
880.0 0.00018659343368199188
881.0 0.00012525970305432566
882.0 0.00013238359315437265
883.0 0.00013950751736047096
884.0 4.477180652884272e-05
885.0 1.7271157377526936e-10
886.0 3.0941586715016456e-05
887.0 0.00011184705499545089
888.0 0.0001952508682734333
889.0 0.00027865467018273193
890.0 0.00025524223019601777
891.0 0.00023182972199720098
892.0 4.7953187731764046e-05
893.0 1.7271157377526936e-10
894.0 1.7271157377526936e-10
895.0 5.6974897688633064e-05
896.0 8.93873391305533e-05
897.0 0.00012179982604720863
898.0 9.256578437089047e-05
899.0 6.333173132588854e-05
900.0 5.348341005628754e-05
