lsstCam/transmission_filter_detector/r42_s12/z_20/19700101T000000.ecsv
# %ECSV 1.0
# ---
# datatype:
# - {name: wavelength, unit: nm, datatype: float32}
# - {name: efficiency, unit: '%', datatype: float64}
# meta: !!omap
# - {MODE: DETECTOR}
# - {TYPE: transmission_filter_detector}
# - {CALIBDATE: '1970-01-01T00:00:00'}
# - {INSTRUME: LSSTCam}
# - {OBSTYPE: transmission_filter_detector}
# - {CALIBCLS: lsst.ip.isr.IntermediateFilterDetectorTransmissionCurve}
# - {SOURCE: Materion (DM-46256)}
# - {DETECTOR: 176}
# - {FILTER: z_20}
# - {CALIB_ID: 'calibDate=1970-01-01T00:00:00 filter=z_20 detector=176'}
# - {DATE: '2025-04-02T15:59:49.457571'}
# - {CALIB_CREATION_DATE: '2025-04-02'}
# - {CALIB_CREATION_TIME: '15:59:49'}
# - __serialized_columns__:
#     efficiency:
#       __class__: astropy.units.quantity.Quantity
#       unit: !astropy.units.Unit {unit: '%'}
#       value: !astropy.table.SerializedColumn {name: efficiency}
#     wavelength:
#       __class__: astropy.units.quantity.Quantity
#       unit: !astropy.units.Unit {unit: nm}
#       value: !astropy.table.SerializedColumn {name: wavelength}
# schema: astropy-2.0
wavelength efficiency
[from data line 597]
897.0 98.95719885826111
898.0 98.74184131622314
899.0 98.57887029647827
900.0 98.9597499370575
901.0 99.0576684474945
902.0 99.21463131904602
903.0 98.79429936408997
904.0 97.78034090995789
905.0 98.49227666854858
906.0 97.97353148460388
907.0 98.77575635910034
908.0 97.88013100624084
909.0 98.15953969955444
910.0 97.89965748786926
911.0 96.91138863563538
912.0 96.05615735054016
913.0 94.70876455307007
914.0 92.27719902992249
915.0 89.9405837059021
916.0 87.631356716156
917.0 86.27395629882812
918.0 82.58938789367676
919.0 81.70456290245056
920.0 78.28270196914673
921.0 74.38482642173767
922.0 69.97966170310974
923.0 64.10958170890808
924.0 58.3665132522583
925.0 52.991801500320435
926.0 46.603888273239136
927.0 39.685022830963135
928.0 33.63504409790039
929.0 27.416804432868958
930.0 21.783658862113953
931.0 16.779255867004395
932.0 11.518047749996185
933.0 7.460155338048935
934.0 4.715443775057793
935.0 2.9163245111703873
936.0 1.662759855389595
937.0 1.0179828852415085
938.0 0.5149036180227995
939.0 0.421465327963233
940.0 0.3178355749696493
941.0 0.11128634214401245
942.0 1.636259487278191e-10
943.0 0.1920820213854313
944.0 1.636259487278191e-10
945.0 0.034306751331314445
946.0 0.09292144677601755
947.0 0.1024593017064035
948.0 1.636259487278191e-10
949.0 0.11110701598227024
950.0 1.636259487278191e-10
951.0 0.028097754693590105
952.0 1.636259487278191e-10
953.0 0.03938228765036911
954.0 0.0352111819665879
955.0 0.0418574723880738
956.0 1.636259487278191e-10
957.0 1.636259487278191e-10
958.0 1.636259487278191e-10
959.0 0.04957753117196262
960.0 0.05062931450083852
961.0 0.11477710213512182
962.0 1.636259487278191e-10
963.0 1.636259487278191e-10
964.0 1.636259487278191e-10
965.0 1.636259487278191e-10
966.0 0.041764063644222915
967.0 0.06874931277707219
968.0 1.636259487278191e-10
969.0 1.636259487278191e-10
970.0 1.636259487278191e-10
971.0 1.636259487278191e-10
972.0 1.636259487278191e-10
973.0 1.636259487278191e-10
974.0 1.636259487278191e-10
975.0 1.636259487278191e-10
976.0 0.005772943768533878
977.0 0.005689602767233737
978.0 0.005606261402135715
979.0 0.005501658597495407
980.0 0.005397055065259337
981.0 0.005362355295801535
982.0 0.005327654798747972
983.0 0.005129850615048781
984.0 0.00493204643134959
985.0 0.00490246711706277
986.0 0.0048728874389780685
987.0 0.0047929348511388525
988.0 0.0047129822632996365
989.0 0.004612441261997446
990.0 0.004511900260695256
991.0 0.004464637095225044
992.0 0.00441737356595695
993.0 0.0044531039748108014
994.0 0.004488834383664653
995.0 0.004405392974149436
996.0 0.0043219519284320995
997.0 0.004295320468372665
998.0 0.0042686886445153505
999.0 0.004209825419820845
1000.0 0.00415096219512634
1001.0 0.004096152770216577
1002.0 0.004041343709104694
1003.0 0.004002259083790705
1004.0 0.003963174458476715
1005.0 0.00389294873457402
1006.0 0.003822723010671325
1007.0 0.0038711674278602004
1008.0 0.003919611117453314
1009.0 0.00400962308049202
1010.0 0.004099635407328606
1011.0 0.00403025551349856
1012.0 0.0039608756196685135
1013.0 0.004028834155178629
1014.0 0.0040967923268908635
1015.0 0.003979212124249898
1016.0 0.0038616326492046937
1017.0 0.0038347250665538013
1018.0 0.003807817483902909
1019.0 0.003862161247525364
1020.0 0.0039165050111478195
1021.0 0.003902505341102369
1022.0 0.003888505307259038
1023.0 0.004044096567668021
1024.0 0.004199687828077003
1025.0 0.004174620335106738
1026.0 0.004149553205934353
1027.0 0.004219623951939866
1028.0 0.004289695061743259
1029.0 0.0043563304643612355
1030.0 0.004422966230777092
1031.0 0.004405569052323699
1032.0 0.004388171873870306
1033.0 0.004547684875433333
1034.0 0.004707197876996361
1035.0 0.004617315789801069
1036.0 0.004527434066403657
1037.0 0.0047592857299605384
1038.0 0.00499113739351742
1039.0 0.004978417564416304
1040.0 0.004965697735315189
1041.0 0.005111827704240568
1042.0 0.005257958400761709
1043.0 0.005308101390255615
1044.0 0.005358245107345283
1045.0 0.00547603121958673
1046.0 0.005593818059423938
1047.0 0.005555983079830185
1048.0 0.005518148100236431
1049.0 0.005667364894179627
1050.0 0.0058165820519207045
1051.0 0.005823699393658899
1052.0 0.005830817826790735
1053.0 0.006059297083993442
1054.0 0.006287775613600388
1055.0 0.006287742144195363
1056.0 0.006287708674790338
1057.0 0.006458798452513292
1058.0 0.006629888957832009
1059.0 0.0071887203375808895
1060.0 0.007747552444925532
1061.0 0.007798284059390426
1062.0 0.007849017856642604
1063.0 0.008167386113200337
1064.0 0.008485752914566547
1065.0 0.008408840221818537
1066.0 0.00833192898426205
1067.0 0.008546542085241526
1068.0 0.008761155913816765
1069.0 0.009249824506696314
1070.0 0.009738493827171624
1071.0 0.009867737389868125
1072.0 0.009996979497373104
1073.0 0.010082347580464557
1074.0 0.01016771566355601
1075.0 0.01047034893417731
1076.0 0.010772984387585893
1077.0 0.011081078264396638
1078.0 0.011389172868803144
1079.0 0.01178016173071228
1080.0 0.012171152047812939
1081.0 0.012076238635927439
1082.0 0.011981324496446177
1083.0 0.012613357102964073
1084.0 0.013245391892269254
1085.0 0.013636639050673693
1086.0 0.014027887664269656
1087.0 0.013957310875412077
1088.0 0.013886734086554497
1089.0 0.014686904614791274
1090.0 0.01548707514302805
1091.0 0.01562298130011186
1092.0 0.015758888912387192
1093.0 0.01518251810921356
1094.0 0.01460614730603993
1095.0 0.016025065269786865
1096.0 0.017443981778342277
1097.0 0.018168329552281648
1098.0 0.018892678781412542
1099.0 0.019822639296762645
1100.0 0.02075259544653818
1101.0 0.021353083138819784
1102.0 0.02195357228629291
1103.0 0.02223332121502608
1104.0 0.02251307014375925
1105.0 0.023600974236615002
1106.0 0.024688878329470754
1107.0 0.02455766370985657
1108.0 0.024426443269476295
1109.0 0.026490687741898
1110.0 0.02855493512470275
1111.0 0.027679293998517096
1112.0 0.02680365287233144
1113.0 0.027252460131421685
1114.0 0.02770126739051193
1115.0 0.028649589512497187
1116.0 0.029597911634482443
1117.0 0.03128974640276283
1118.0 0.03298158117104322
1119.0 0.03340872353874147
1120.0 0.03383586881682277
1121.0 0.0369615328963846
1122.0 0.040087196975946426
1123.0 0.03868294588755816
1124.0 0.0372786947991699
1125.0 0.03944237541873008
1126.0 0.04160605021752417
1127.0 0.04276760155335069
1128.0 0.0439291528891772
1129.0 0.04655428056139499
1130.0 0.049179408233612776
1131.0 0.05321312928572297
1132.0 0.05724685615859926
1133.0 0.05837640492245555
1134.0 0.05950595950707793
1135.0 0.06481226300820708
1136.0 0.07011857233010232
1137.0 0.07424080977216363
1138.0 0.07836304721422493
1139.0 0.09590874542482197
1140.0 0.11345443781465292
1141.0 0.17044920241460204
1142.0 0.22744396701455116
1143.0 0.4719978664070368
1144.0 0.7165517657995224
1145.0 1.1056196875870228
1146.0 1.4946875162422657
1147.0 1.6173005104064941
1148.0 1.7399132251739502
1149.0 2.2322695702314377
1150.0 2.7246253564953804
