lsstCam/transmission_filter_detector/r42_s12/z_20/19700101T000000.ecsv
# %ECSV 1.0
# ---
# datatype:
# - {name: wavelength, unit: nm, datatype: float32}
# - {name: efficiency, unit: '%', datatype: float64}
# meta: !!omap
# - {MODE: DETECTOR}
# - {TYPE: transmission_filter_detector}
# - {CALIBDATE: '1970-01-01T00:00:00'}
# - {INSTRUME: LSSTCam}
# - {OBSTYPE: transmission_filter_detector}
# - {CALIBCLS: lsst.ip.isr.IntermediateFilterDetectorTransmissionCurve}
# - {SOURCE: Materion (DM-46256)}
# - {DETECTOR: 176}
# - {FILTER: z_20}
# - {CALIB_ID: 'calibDate=1970-01-01T00:00:00 filter=z_20 detector=176'}
# - {DATE: '2025-04-02T15:59:49.457571'}
# - {CALIB_CREATION_DATE: '2025-04-02'}
# - {CALIB_CREATION_TIME: '15:59:49'}
# - __serialized_columns__:
#     efficiency:
#       __class__: astropy.units.quantity.Quantity
#       unit: !astropy.units.Unit {unit: '%'}
#       value: !astropy.table.SerializedColumn {name: efficiency}
#     wavelength:
#       __class__: astropy.units.quantity.Quantity
#       unit: !astropy.units.Unit {unit: nm}
#       value: !astropy.table.SerializedColumn {name: wavelength}
# schema: astropy-2.0
wavelength efficiency
300.0 0.3584973281249404
301.0 0.32170554623007774
302.0 0.28491371776908636
303.0 0.2365094842389226
304.0 0.1881052739918232
305.0 0.1835340168327093
306.0 0.17896275967359543
307.0 0.16066086245700717
308.0 0.14235895359888673
309.0 0.1295172842219472
310.0 0.11667562648653984
311.0 0.10955900652334094
312.0 0.10244239820167422
313.0 0.09326562867499888
314.0 0.08408885914832354
315.0 0.07569037843495607
316.0 0.06729189190082252
317.0 0.06665251567028463
318.0 0.06601313943974674
319.0 0.061171926790848374
320.0 0.0563307199627161
321.0 0.05413243779912591
322.0 0.051934149814769626
323.0 0.04765858466271311
324.0 0.043383019510656595
325.0 0.042490765918046236
326.0 0.04159851523581892
327.0 0.04089438007213175
328.0 0.04019024781882763
329.0 0.039262083009816706
330.0 0.03833391820080578
331.0 0.035428276169113815
332.0 0.032522634137421846
333.0 0.030105901532806456
334.0 0.027689174748957157
335.0 0.026069331215694547
336.0 0.024449487682431936
337.0 0.021825000294484198
338.0 0.019200514361727983
339.0 0.018286690465174615
340.0 0.017372866568621248
341.0 0.016646466974634677
342.0 0.01592006883583963
343.0 0.016992508608382195
344.0 0.01806494692573324
345.0 0.016097079787869006
346.0 0.01412921556038782
347.0 0.013473450962919742
348.0 0.01281768927583471
349.0 0.013009914255235344
350.0 0.013202142145019025
351.0 0.012244548997841775
352.0 0.011286955850664526
353.0 0.011159771383972839
354.0 0.01103258618968539
355.0 0.010759985889308155
356.0 0.010487387771718204
357.0 0.010754652612376958
358.0 0.011021919635822996
359.0 0.009473601676290855
360.0 0.007925285171950236
361.0 0.00868880088091828
362.0 0.009452317317482084
363.0 0.009058563591679558
364.0 0.008664807683089748
365.0 0.008818201604299247
366.0 0.008971594797912985
367.0 0.008507073653163388
368.0 0.008042551053222269
369.0 0.008123894804157317
370.0 0.008205238555092365
371.0 0.008920512482291088
372.0 0.009635787137085572
373.0 0.008253191481344402
374.0 0.0068705936428159475
375.0 0.00631457005511038
376.0 0.005758546467404813
377.0 0.005868493462912738
378.0 0.005978440458420664
379.0 0.005860139572178014
380.0 0.005741837958339602
381.0 0.004496662222663872
382.0 0.0032514861231902614
383.0 0.004038618135382421
384.0 0.004825750511372462
385.0 0.0051615603297250345
386.0 0.0054973697842797264
387.0 0.00473971595056355
388.0 0.0039820621168473735
389.0 0.004059656930621713
390.0 0.004137251744396053
391.0 0.004328304567025043
392.0 0.004519357753451914
393.0 0.004121695019421168
394.0 0.0037240326491883025
395.0 0.00365393643733114
396.0 0.003583840953069739
397.0 0.003503778498270549
398.0 0.00342371677106712
399.0 0.0041813731513684615
400.0 0.004939029531669803
401.0 0.004233567233313806
402.0 0.003528104571159929
403.0 0.004256773172528483
404.0 0.004985441773897037
405.0 0.004894496305496432
406.0 0.004803550473297946
407.0 0.004192030974081717
408.0 0.0035805107472697273
409.0 0.003375389860593714
410.0 0.0031702689739177004
411.0 0.0034140895877499133
412.0 0.0036579098377842456
413.0 0.003897918577422388
414.0 0.004137927680858411
415.0 0.003901891250279732
416.0 0.003665854819701053
417.0 0.0030799990781815723
418.0 0.002494143700459972
419.0 0.002845570088538807
420.0 0.0031969964766176417
421.0 0.0032031024602474645
422.0 0.003209208443877287
423.0 0.003035982444998808
424.0 0.002862756446120329
425.0 0.003236663542338647
426.0 0.003610570274759084
427.0 0.0024404891519225203
428.0 0.0012704079381364863
429.0 0.0011097929927927908
430.0 0.0009491783202975057
431.0 0.0014243241821532138
432.0 0.0018994702259078622
433.0 0.0020214076357660815
434.0 0.002143345045624301
435.0 0.002566211151133757
436.0 0.0029890772566432133
437.0 0.0023973305360414088
438.0 0.0018055836335406639
439.0 0.0020214054529787973
440.0 0.0022372272724169306
441.0 0.001888267979666125
442.0 0.0015393086869153194
443.0 0.001555595372337848
444.0 0.0015718822396593168
445.0 0.0019171127860317938
446.0 0.0022623433324042708
447.0 0.002529866833356209
448.0 0.002797390516207088
449.0 0.0021693918824894354
450.0 0.0015413930668728426
451.0 0.001682528636592906
452.0 0.0018236642063129693
453.0 0.002458452399878297
454.0 0.003093240229645744
455.0 0.0025197312425007112
456.0 0.0019462220734567381
457.0 0.0017812812075135298
458.0 0.0016163403415703215
459.0 0.0017058913726941682
460.0 0.0017954425857169554
461.0 0.0014956253835407551
462.0 0.001195808181364555
463.0 0.001157758197223302
464.0 0.001119708213082049
465.0 0.0013349640539672691
466.0 0.0015502197129535489
467.0 0.001397705727868015
468.0 0.0012451916518330108
469.0 0.0010255491361021996
470.0 0.0008059065294219181
471.0 0.0009940520612872206
472.0 0.0011821976841019932
473.0 0.0013389099876803812
474.0 0.0014956222912587691
475.0 0.0016454383512609638
476.0 0.0017952543203136884
477.0 0.0015691233784309588
478.0 0.0013429923455987591
479.0 0.0012962808796146419
480.0 0.0012495696864789352
481.0 0.0009326965482614469
482.0 0.0006158233645692235
483.0 0.0007260528036567848
484.0 0.0008362820153706707
485.0 0.001210471509693889
486.0 0.0015846610040171072
487.0 0.0013068058251519687
488.0 0.0010289508281857707
489.0 0.0012357822015474085
490.0 0.0014426134839595761
491.0 0.0011438153705967125
492.0 0.0008450171662843786
493.0 0.0011179795365023892
494.0 0.00139094199766987
495.0 0.0011240243111387827
496.0 0.0008571068974561058
497.0 0.0008833364518068265
498.0 0.0009095660971070174
499.0 0.0012649580639845226
500.0 0.001620350121811498
501.0 0.0015661185898352414
502.0 0.0015118868759600446
503.0 0.0012185472769488115
504.0 0.0009252074960386381
505.0 0.0014511219887936022
506.0 0.001977036299649626
507.0 0.002032490010606125
508.0 0.0020879435396636836
509.0 0.0017612486772122793
510.0 0.001434553814760875
511.0 0.0014285295037552714
512.0 0.001422504738002317
513.0 0.0013784746442979667
514.0 0.001334444277745206
515.0 0.0012681494808930438
516.0 0.001201854865939822
517.0 0.0011314373296045233
518.0 0.001061020066117635
519.0 0.0014756543350813445
520.0 0.0018902886949945241
521.0 0.001911280196509324
522.0 0.001932271698024124
523.0 0.0015111712855286896
524.0 0.0010900705092353746
525.0 0.0007413670118694426
526.0 0.0003926634235540405
527.0 0.0008543572221242357
528.0 0.0013160512025933713
529.0 0.0013318864148459397
530.0 0.0013477218089974485
531.0 0.0013316873264557216
532.0 0.001315652934863465
533.0 0.0011806067050201818
534.0 0.001045560566126369
535.0 0.0013911187124904245
536.0 0.0017366772226523608
537.0 0.001642059942241758
538.0 0.0015474428437300958
539.0 0.0012953979421581607
540.0 0.0010433529496367555
541.0 0.001064380649040686
542.0 0.001085408166545676
543.0 0.0008429994522884954
544.0 0.0006005908289807849
545.0 0.0010131880117114633
546.0 0.0014257851944421418
547.0 0.0017994381778407842
548.0 0.0021730909793404862
549.0 0.0018903438103734516
550.0 0.0016075964595074765
551.0 0.0015103895748325158
552.0 0.0014131825992080849
553.0 0.0016242040146607906
554.0 0.0018352255210629664
555.0 0.001651016646064818
556.0 0.001466807589167729
557.0 0.0012950842574355192
558.0 0.0011233609257033095
559.0 0.0013390132153290324
560.0 0.0015546656868536957
561.0 0.001276890452572843
562.0 0.0009991151273425203
563.0 0.0012214934940857347
564.0 0.0014438719517784193
565.0 0.0015252414414135274
566.0 0.0016066111129475757
567.0 0.0020512745322776027
568.0 0.0024959379516076297
569.0 0.0026618066840455867
570.0 0.0028276752345846035
571.0 0.002725403282965999
572.0 0.002623130967549514
573.0 0.0025306919269496575
574.0 0.0024382527044508606
575.0 0.0021464955352712423
576.0 0.0018547381841926835
577.0 0.001964624425454531
578.0 0.002074510121019557
579.0 0.0019383678591111675
580.0 0.0018022255972027779
581.0 0.0016232612324529327
582.0 0.0014442968677030876
583.0 0.0014719853425049223
584.0 0.001499673817306757
585.0 0.001657482425798662
586.0 0.0018152906704926863
587.0 0.001931270890054293
588.0 0.0020472509277169593
589.0 0.0021961957827443257
590.0 0.002345140637771692
591.0 0.0021619853214360774
592.0 0.0019788298232015222
593.0 0.0018476723198546097
594.0 0.0017165146346087568
595.0 0.0012386210073600523
596.0 0.0007607273801113479
597.0 0.0009254284123016987
598.0 0.00109012971734046
599.0 0.0010738029232015833
600.0 0.0010574762200121768
601.0 0.0009593795766704716
602.0 0.0008612830242782366
603.0 0.0010893090802710503
604.0 0.0013173348634154536
605.0 0.0010067638868349604
606.0 0.0006961927283555269
607.0 0.0008773697118158452
608.0 0.0010585465133772232
609.0 0.000983911468210863
610.0 0.0009092763320950326
611.0 0.001008516574074747
612.0 0.0011077567251049913
613.0 0.0008403480933338869
614.0 0.0005729394160880474
615.0 0.0009213318662659731
616.0 0.0012697242709691636
617.0 0.0013530507203540765
618.0 0.0014363770787895191
619.0 0.0015491181329707615
620.0 0.001661859278101474
621.0 0.0015016644283605274
622.0 0.001341469669569051
623.0 0.0013727660189033486
624.0 0.0014040623682376463
625.0 0.0016077672626124695
626.0 0.0018114722479367629
627.0 0.0019887926100636832
628.0 0.002166113154089544
629.0 0.0021924832253716886
630.0 0.0022188534785527736
631.0 0.002206713725172449
632.0 0.002194573971792124
633.0 0.002735488124017138
634.0 0.0032764026400400326
635.0 0.006107281660661101
636.0 0.00893816104508005
637.0 0.015947362408041954
638.0 0.022956567408982664
639.0 0.01995763595914468
640.0 0.016958703054115176
641.0 0.014844101679045707
642.0 0.012729500303976238
643.0 0.009207771654473618
644.0 0.00568604409636464
645.0 0.005820168735226616
646.0 0.0059542937378864735
647.0 0.005731553756049834
648.0 0.005508813410415314
649.0 0.004380138125270605
650.0 0.003251462840125896
651.0 0.003222379382350482
652.0 0.0031932955607771873
653.0 0.0028450567697291262
654.0 0.002496817978681065
655.0 0.002110199784510769
656.0 0.0017235819541383535
657.0 0.0019272501958766952
658.0 0.002130918437615037
659.0 0.0022395988708012737
660.0 0.00234827894018963
661.0 0.00225546882575145
662.0 0.0021626590751111507
663.0 0.002011159449466504
664.0 0.0018596596419229172
665.0 0.0017859487343230285
666.0 0.0017122378267231397
667.0 0.0017138178009190597
668.0 0.00171539795701392
669.0 0.0015277822967618704
670.0 0.0013401666365098208
671.0 0.001258076554222498
672.0 0.0011759864719351754
673.0 0.0012569907084980514
674.0 0.0013379949450609274
675.0 0.0012210241038701497
676.0 0.001104053262679372
677.0 0.0012620869711099658
678.0 0.0014201205885910895
679.0 0.0016893034626264125
680.0 0.0019584864276112057
681.0 0.0020907004000036977
682.0 0.0022229141904972494
683.0 0.0024911969376262277
684.0 0.0027594795028562658
685.0 0.002871018659789115
686.0 0.0029825576348230243
687.0 0.0027007954486180097
688.0 0.002419033262412995
689.0 0.0021265219402266666
690.0 0.0018340107999392785
691.0 0.002194045373471454
692.0 0.0025540801289025694
693.0 0.0029426015316857956
694.0 0.0033311232982669026
695.0 0.003436553743085824
696.0 0.003541984551702626
697.0 0.0035267232306068763
698.0 0.0035114619095111266
699.0 0.005065241566626355
700.0 0.006619020132347941
701.0 0.006538222805829719
702.0 0.006457426934503019
703.0 0.005886080180061981
704.0 0.0053147345170145854
705.0 0.004464441735763103
706.0 0.003614149318309501
707.0 0.003322825432405807
708.0 0.0030315011827042326
709.0 0.0036919285776093602
710.0 0.004352355608716607
711.0 0.0038240235880948603
712.0 0.0032956915674731135
713.0 0.0024235230739577673
714.0 0.0015513543985434808
715.0 0.0019343229723745026
716.0 0.0023172917281044647
717.0 0.002370123183936812
718.0 0.002422954457870219
719.0 0.002315251185791567
720.0 0.002207547913712915
721.0 0.002038565799011849
722.0 0.001869583866209723
723.0 0.0020321440388215706
724.0 0.0021947043933323584
725.0 0.0021193271095398813
726.0 0.002043949643848464
727.0 0.001945977783179842
728.0 0.0018480062863091007
729.0 0.00177640795300249
730.0 0.0017048096196958795
731.0 0.0017804055460146628
732.0 0.0018560016542323865
733.0 0.00184158325282624
734.0 0.0018271644876222126
735.0 0.0013322567610885017
736.0 0.0008373488526558504
737.0 0.0011356549293850549
738.0 0.0014339609151647892
739.0 0.00141019454531488
740.0 0.0013864279935660306
741.0 0.001286792667087866
742.0 0.0011871572496602312
743.0 0.0013549349205277395
744.0 0.0015227125913952477
745.0 0.0018998078303411603
746.0 0.0022769032511860132
747.0 0.0024162782210623845
748.0 0.0025556530090398155
749.0 0.0032365562219638377
750.0 0.0039174596167868
751.0 0.0037872003304073587
752.0 0.003656941407825798
753.0 0.003361541166668758
754.0 0.0030661412893095985
755.0 0.003030579500773456
756.0 0.002995017530338373
757.0 0.0028165270123281516
758.0 0.00263803649431793
759.0 0.0030713599699083716
760.0 0.0035046836273977533
761.0 0.00482712930534035
762.0 0.006149574619485065
763.0 0.005863791375304572
764.0 0.0055780077673261985
765.0 0.004901617649011314
766.0 0.00422522789449431
767.0 0.004214776708977297
768.0 0.004204325159662403
769.0 0.004579074811772443
770.0 0.0049538244638824835
771.0 0.004394470670376904
772.0 0.003835117240669206
773.0 0.00393259797419887
774.0 0.004030078343930654
775.0 1.636259487278191e-10
776.0 1.636259487278191e-10
777.0 1.636259487278191e-10
778.0 1.636259487278191e-10
779.0 1.636259487278191e-10
780.0 1.636259487278191e-10
781.0 1.636259487278191e-10
782.0 1.636259487278191e-10
783.0 1.636259487278191e-10
784.0 0.0068585199187509716
785.0 0.08975218515843153
786.0 0.013362549361772835
787.0 1.636259487278191e-10
788.0 0.07158533553592861
789.0 1.636259487278191e-10
790.0 0.060054182540625334
791.0 0.0226154166739434
792.0 1.636259487278191e-10
793.0 0.1261250115931034
794.0 0.09765143622644246
795.0 0.08509878534823656
796.0 1.636259487278191e-10
797.0 0.12304377742111683
798.0 0.013639830285683274
799.0 0.19218812230974436
800.0 0.34526598174124956
801.0 0.6203739903867245
802.0 0.9183810092508793
803.0 1.6115304082632065
804.0 2.5882691144943237
805.0 3.6971084773540497
806.0 5.479202792048454
807.0 7.6598577201366425
808.0 10.231872648000717
809.0 13.207094371318817
810.0 16.49409830570221
811.0 19.556356966495514
812.0 22.590388357639313
813.0 26.12413465976715
814.0 29.817691445350647
815.0 34.690818190574646
816.0 40.14277458190918
817.0 46.40911519527435
818.0 52.70256996154785
819.0 59.11072492599487
820.0 67.188161611557
821.0 74.14156794548035
822.0 79.96273040771484
823.0 84.72467064857483
824.0 89.318186044693
825.0 93.19481253623962
826.0 95.64310312271118
827.0 97.38141894340515
828.0 98.68877530097961
829.0 99.08328652381897
830.0 98.68190288543701
831.0 99.10004138946533
832.0 98.44992160797119
833.0 99.61937069892883
834.0 98.34910035133362
835.0 99.03656840324402
836.0 98.93832206726074
837.0 98.83084893226624
838.0 97.99885749816895
839.0 98.26295375823975
840.0 98.41147661209106
841.0 99.42723512649536
842.0 99.52308535575867
843.0 99.79331493377686
844.0 98.41333627700806
845.0 98.49792122840881
846.0 98.96326065063477
847.0 98.5977053642273
848.0 99.52638745307922
849.0 98.65981340408325
850.0 98.14509153366089
851.0 99.14498925209045
852.0 99.28500056266785
853.0 98.77292513847351
854.0 99.76333975791931
855.0 98.24723601341248
856.0 98.62675666809082
857.0 97.9455292224884
858.0 98.50509762763977
859.0 99.34743046760559
860.0 98.45051169395447
861.0 98.66969585418701
862.0 99.01809096336365
863.0 98.32830429077148
864.0 99.56263303756714
865.0 99.8424232006073
866.0 98.50132465362549
867.0 99.51791167259216
868.0 99.60384368896484
869.0 99.04637932777405
870.0 98.13862442970276
871.0 98.91550540924072
872.0 99.31045174598694
873.0 99.0523099899292
874.0 99.47172999382019
875.0 99.03327226638794
876.0 98.94906878471375
877.0 99.43394064903259
878.0 99.25224781036377
879.0 98.50760698318481
880.0 98.36639165878296
881.0 99.91406202316284
882.0 98.98386001586914
883.0 98.63800406455994
884.0 99.16219115257263
885.0 98.88830184936523
886.0 98.7068772315979
887.0 98.6454725265503
888.0 99.15598034858704
889.0 99.480539560318
890.0 98.2219398021698
891.0 99.5076835155487
892.0 98.7500548362732
893.0 98.45094680786133
894.0 98.1208324432373
895.0 99.45402145385742
