lsstCam/transmission_sensor/r10_s01/19700101T000000.ecsv
# %ECSV 1.0
# ---
# datatype:
# - {name: amp_name, datatype: string}
# - {name: wavelength, unit: nm, datatype: float32}
# - {name: efficiency, unit: '%', datatype: float64}
# meta: !!omap
# - {MODE: AMP}
# - {TYPE: transmission_sensor}
# - {CALIBDATE: '1970-01-01T00:00:00'}
# - {INSTRUME: LSSTCam}
# - {OBSTYPE: transmission_sensor}
# - {DETECTOR: 28}
# - {PARQUETFILE: qe_raft_allvalues_nircorrected_20230725_adjust.parquet}
# - {CORRFILE: qe_corr_factor_bydetnum.parquet}
# - {CALIBCLS: lsst.ip.isr.IntermediateSensorTransmissionCurve}
# - {CALIB_ID: 'raftName=R10 detectorName=S01 detector=28 calibDate=1970-01-01T00:00:00 ccd=28 ccdnum=28 filter=None'}
# - {DATE: '2025-03-03T21:56:47.529284'}
# - {CALIB_CREATION_DATE: '2025-03-03'}
# - {CALIB_CREATION_TIME: '21:56:47'}
# - __serialized_columns__:
#     efficiency:
#       __class__: astropy.units.quantity.Quantity
#       unit: !astropy.units.Unit {unit: '%'}
#       value: !astropy.table.SerializedColumn {name: efficiency}
#     wavelength:
#       __class__: astropy.units.quantity.Quantity
#       unit: !astropy.units.Unit {unit: nm}
#       value: !astropy.table.SerializedColumn {name: wavelength}
# schema: astropy-2.0
amp_name wavelength efficiency
C00 319.994 43.582670865776265
C00 324.969 44.26472814507527
C00 349.982 50.72828724010495
C00 374.975 67.43909711272441
C00 400.019 83.68545436619348
C00 424.965 87.93790941779397
C00 450.035 88.50175090117799
C00 475.003 88.22974411719557
C00 500.018 87.76193570965216
C00 525.002 87.55666884522958
C00 550.029 87.66138478383789
C00 575.023 88.39072991557758
C00 599.982 89.69350449753841
C00 619.997 90.23234056341123
C00 624.979 90.5452150972402
C00 650.012 91.7360866006516
C00 675.004 92.99032305929619
C00 700.03 93.88086875987506
C00 725.012 95.19879999981201
C00 750.022 96.95707971027085
C00 774.987 98.57375665610559
C00 799.976 98.96639540364596
C00 824.988 98.5457597929412
C00 850.022 98.05997202998482
C00 869.967 95.9020965432486
C00 875.002 95.21289814624932
C00 899.999 89.06302280944966
C00 919.999 80.91299020519772
C00 925.012 77.98105897976694
C00 949.965 64.37502836353116
C00 975.002 53.85389923083233
C00 999.976 31.888990916698408
C00 1025.028 15.736321522381603
C00 1050.014 6.427336715115715
C00 1075.002 0.9236912181003339
C00 1099.99 0.09164779408223209
C01 319.994 43.33361000402844
C01 324.969 43.95665910022506
C01 349.982 50.18626029886875
C01 374.975 66.86080464572349
C01 400.019 83.35707800758225
C01 424.965 87.83778803289401
C01 450.035 88.49660408057983
C01 475.003 88.24112695142459
C01 500.018 87.74404072834736
C01 525.002 87.49167010044737
C01 550.029 87.55923842034193
C01 575.023 88.262036389503
C01 599.982 89.54841938335908
C01 619.997 90.07999927592955
C01 624.979 90.38879317107265
C01 650.012 91.56876507378362
C01 675.004 92.81807715266065
C01 700.03 93.70491806285365
C01 725.012 95.02614756338258
C01 750.022 96.78543976313942
C01 774.987 98.4017792125415
C01 799.976 98.79912756939225
C01 824.988 98.4023621609252
C01 850.022 97.95633761403573
C01 869.967 95.77966204192529
C01 875.002 95.08298503079304
C01 899.999 88.87591171902986
C01 919.999 80.85759476799956
C01 925.012 77.99372276636541
C01 949.965 64.40722859135694
C01 975.002 53.68864870480116
C01 999.976 31.975075518148827
C01 1025.028 15.92567907343135
C01 1050.014 6.452930833790729
C01 1075.002 0.9220560104008368
C01 1099.99 0.09148555027652241
C02 319.994 43.37775683853329
C02 324.969 43.9578633488598
C02 349.982 49.99479627150489
C02 374.975 66.67368588493021
C02 400.019 83.47473386623393
C02 424.965 88.17623559187095
C02 450.035 88.91814479535401
C02 475.003 88.66216909192325
C02 500.018 88.13201588881815
C02 525.002 87.8439396724167
C02 550.029 87.88766847156745
C02 575.023 88.59189313019388
C02 599.982 89.87039098012312
C02 619.997 90.39604934437499
C02 624.979 90.70693725147531
C02 650.012 91.88565121293725
C02 675.004 93.14006409017163
C02 700.03 94.03547280753028
C02 725.012 95.36996438378831
C02 750.022 97.13958090623537
C02 774.987 98.77812608683223
C02 799.976 99.20383181440046
C02 824.988 98.81520467218475
C02 850.022 98.40829135961727
C02 869.967 96.2071166146446
C02 875.002 95.4808626434132
C02 899.999 89.1751483288297
C02 919.999 81.24620656946833
C02 925.012 78.43042013911572
C02 949.965 65.03646767894361
C02 975.002 54.09374797404305
C02 999.976 32.24277922261475
C02 1025.028 16.105544537312348
C02 1050.014 6.529275499129658
C02 1075.002 0.9254297553029381
C02 1099.99 0.09182029014631317
C03 319.994 41.99259861032117
C03 324.969 42.54106866527191
C03 349.982 48.23862591375021
C03 374.975 64.38784555759902
C03 400.019 80.93949901590899
C03 424.965 85.69559845990332
C03 450.035 86.48938239916194
C03 475.003 86.23390527000672
C03 500.018 85.68601049306619
C03 525.002 85.37191636985554
C03 550.029 85.40133225211183
C03 575.023 86.08502332095988
C03 599.982 87.30850158199097
C03 619.997 87.82062173706882
C03 624.979 88.11651406403588
C03 650.012 89.25985993342904
C03 675.004 90.48031606731308
C03 700.03 91.35272900500958
C03 725.012 92.63445608216956
C03 750.022 94.39690847579591
C03 774.987 96.00274718391798
C03 799.976 96.44652431138081
C03 824.988 96.06962517020027
C03 850.022 95.70878779106528
C03 869.967 93.58072704600578
C03 875.002 92.86368519331148
C03 899.999 86.70190543688686
C03 919.999 78.99071790995674
C03 925.012 76.2844644127514
C03 949.965 63.43104317098891
C03 975.002 52.74485143640892
C03 999.976 31.412225430535763
C03 1025.028 15.664788578199886
C03 1050.014 6.359544036797158
C03 1075.002 0.8993006257558277
C03 1099.99 0.08922778191698687
C04 319.994 43.14245279160337
C04 324.969 43.636888900646824
C04 349.982 49.26455370606924
C04 374.975 65.75511263969307
C04 400.019 82.93154102823034
C04 424.965 87.98594896683468
C04 450.035 88.86270333591503
C04 475.003 88.59063518894484
C04 500.018 88.00635983063755
C04 525.002 87.66084785769502
C04 550.029 87.67508407085478
C04 575.023 88.38874328884893
C04 599.982 89.63945137569746
C04 619.997 90.16343759853292
C04 624.979 90.46959288520245
C04 650.012 91.64436427470096
C04 675.004 92.89695927342302
C04 700.03 93.7932961059715
C04 725.012 95.14312842916894
C04 750.022 96.94435456068462
C04 774.987 98.61150256394998
C04 799.976 99.0866745300243
C04 824.988 98.7091540885927
C04 850.022 98.36927216977692
C04 869.967 96.21326058379384
C04 875.002 95.48343221852555
C04 899.999 89.17080689744586
C04 919.999 81.204019515385
C04 925.012 78.42914685711975
C04 949.965 65.26026616566898
C04 975.002 54.31023275966507
C04 999.976 32.31730840643307
C04 1025.028 16.11816038407663
C04 1050.014 6.583909172362606
C04 1075.002 0.9235695917818543
C04 1099.99 0.09163572643064832
C05 319.994 43.1305483719784
C05 324.969 43.586954769359096
C05 349.982 49.01742577843578
C05 374.975 65.45563057794219
C05 400.019 82.82314331035657
C05 424.965 88.05133123029039
C05 450.035 89.00083909173082
C05 475.003 88.73321976137306
C05 500.018 88.1253196527791
C05 525.002 87.755270155107
C05 550.029 87.75042247907415
C05 575.023 88.46457260097037
C05 599.982 89.69080452607709
C05 619.997 90.21123936599608
C05 624.979 90.51923554229833
C05 650.012 91.68964248929258
C05 675.004 92.94170823224525
C05 700.03 93.84912875445744
C05 725.012 95.2211284569823
C05 750.022 97.03823993195373
C05 774.987 98.72945756716699
C05 799.976 99.23679140919975
C05 824.988 98.85720763730481
C05 850.022 98.55324607744762
C05 869.967 96.42721798135759
C05 875.002 95.70460743752429
C05 899.999 89.39731302600603
C05 919.999 81.46001822993617
C05 925.012 78.68257599655857
C05 949.965 65.5136953051078
C05 975.002 54.54745056477568
C05 999.976 32.42590938920379
C05 1025.028 16.16807725702406
C05 1050.014 6.618040416709394
C05 1075.002 0.9244638630691824
C05 1099.99 0.09172445520622688
C06 319.994 42.98307010127652
C06 324.969 43.39117999210526
C06 349.982 48.68228415042427
C06 374.975 65.05078059583806
C06 400.019 82.58056007900392
C06 424.965 87.96457163597464
C06 450.035 88.97281921744602
C06 475.003 88.69103270728972
C06 500.018 88.06286747198882
C06 525.002 87.67303608113836
C06 550.029 87.66060240574399
C06 575.023 88.33560294145086
C06 599.982 89.58851242548519
C06 619.997 90.10116950670592
C06 624.979 90.40954153130818
C06 650.012 91.57586016924309
C06 675.004 92.82748870090798
C06 700.03 93.74043956239183
C06 725.012 95.12014799025373
C06 750.022 96.97681558120838
C06 774.987 98.6984232361086
C06 799.976 99.19266375062857
C06 824.988 98.86288371367239
C06 850.022 98.58826900271026
C06 869.967 96.48884943218661
C06 875.002 95.76465879141855
C06 899.999 89.46902334757424
C06 919.999 81.53718985741479
C06 925.012 78.76311491799039
C06 949.965 65.67098398347743
C06 975.002 54.692167501028464
C06 999.976 32.47058547947804
C06 1025.028 16.152036588505553
C06 1050.014 6.615920037843364
C06 1075.002 0.9238783855009923
C06 1099.99 0.09166636465977825
C07 319.994 42.78350999471539
C07 324.969 43.159155029833634
C07 349.982 48.135340499794
C07 374.975 64.27254450360252
C07 400.019 81.9484215902457
C07 424.965 87.53263756514902
C07 450.035 88.63421825099967
C07 475.003 88.34960137303307
C07 500.018 87.71955689623208
C07 525.002 87.35629567908066
C07 550.029 87.35463120803773
C07 575.023 88.08544905148361
C07 599.982 89.24879158451228
C07 619.997 89.75336409209594
C07 624.979 90.0567503739429
C07 650.012 91.21292110777739
C07 675.004 92.46291584989324
C07 700.03 93.3862140451877
C07 725.012 94.80712771932882
C07 750.022 96.6708520538756
C07 774.987 98.424307099422
C07 799.976 99.01697384630515
C07 824.988 98.63911590844089
C07 850.022 98.39645597335353
C07 869.967 96.32349919130033
C07 875.002 95.59227481806057
C07 899.999 89.19140185021199
C07 919.999 81.28804078637206
C07 925.012 78.54857457204295
C07 949.965 65.70737990559114
C07 975.002 54.80153935633289
C07 999.976 32.37427243500578
C07 1025.028 16.037313688909332
C07 1050.014 6.548676750024574
C07 1075.002 0.9209633162025982
C07 1099.99 0.09137713416201071
C10 319.994 43.71140657890494
C10 324.969 44.40992831485665
C10 349.982 50.861755573664425
C10 374.975 67.63084110871992
C10 400.019 83.97162832997444
C10 424.965 88.25458845686391
C10 450.035 88.81511633890902
C10 475.003 88.52671029644839
C10 500.018 88.05217497137205
C10 525.002 87.8440930798861
C10 550.029 87.96127337538267
C10 575.023 88.73307402427714
C10 599.982 90.02027007772101
C10 619.997 90.56670748370229
C10 624.979 90.88304902633956
C10 650.012 92.07964262835938
C10 675.004 93.33248307903247
C10 700.03 94.13086924237291
C10 725.012 95.17815135443158
C10 750.022 96.58643192346811
C10 774.987 97.85565629187248
C10 799.976 98.13164399968568
C10 824.988 97.71947648129147
C10 850.022 97.1423575814314
C10 869.967 95.07832911409693
C10 875.002 94.44065261569361
C10 899.999 88.59094200388364
C10 919.999 80.76169208850793
C10 925.012 77.86322670252544
C10 949.965 63.576841629900926
C10 975.002 52.958482843100214
C10 999.976 31.34661305587597
C10 1025.028 15.424352092622053
C10 1050.014 6.362532606060289
C10 1075.002 0.9201630020019784
C10 1099.99 0.09129772772225876
C11 319.994 43.71224648479987
C11 324.969 44.35753199368514
C11 349.982 50.618535701313775
C11 374.975 67.43853717546114
C11 400.019 84.11354557991079
C11 424.965 88.64703544506753
C11 450.035 89.31256306953934
C11 475.003 89.04712212524697
C11 500.018 88.53849199009784
C11 525.002 88.28677334394277
C11 550.029 88.36140607780293
C11 575.023 89.11458305991297
C11 599.982 90.38050916772538
C11 619.997 90.92377870946366
C11 624.979 91.23758135848247
C11 650.012 92.42989489210619
C11 675.004 93.68244386858744
C11 700.03 94.48000930196662
C11 725.012 95.53016013370295
C11 750.022 96.93875518805174
C11 774.987 98.21264314352568
C11 799.976 98.49966851876178
C11 824.988 98.1097680945501
C11 850.022 97.57117748062832
C11 869.967 95.4808396322928
C11 875.002 94.83813136889334
C11 899.999 89.03662138396696
C11 919.999 81.25347041314414
C11 925.012 78.37467953511143
C11 949.965 64.08316298263568
C11 975.002 53.33436949498276
C11 999.976 31.53740976074797
C11 1025.028 15.559042891953263
C11 1050.014 6.466584577965133
C11 1075.002 0.9235195457196075
C11 1099.99 0.09163076090632859
C12 319.994 43.49421228373698
C12 324.969 44.08866622763856
C12 349.982 50.099370308204016
C12 374.975 66.81725993553601
C12 400.019 83.68905944172424
C12 424.965 88.43205788783231
C12 450.035 89.19517567395908
C12 475.003 88.94616466963882
C12 500.018 88.41107174601922
C12 525.002 88.12071742869728
C12 550.029 88.16164654153158
C12 575.023 88.89385272257547
C12 599.982 90.13025556290302
C12 619.997 90.65723323139166
C12 624.979 90.97017679858186
C12 650.012 92.15112283872348
C12 675.004 93.39307135906962
C12 700.03 94.19483248673673
C12 725.012 95.23979814600754
C12 750.022 96.64643725512155
C12 774.987 97.92511919401406
C12 799.976 98.23384405579593
C12 824.988 97.85702161835009
C12 850.022 97.34107394691087
C12 869.967 95.23971377189937
C12 875.002 94.58965729071595
C12 899.999 88.8163129171703
C12 919.999 81.10181945927474
C12 925.012 78.2586267845149
C12 949.965 64.10407242071408
C12 975.002 53.33383256883988
C12 999.976 31.525091140955634
C12 1025.028 15.562361287275591
C12 1050.014 6.4801050494005015
C12 1075.002 0.9207346325110107
C12 1099.99 0.0913544443762188
C13 319.994 43.43345142029676
C13 324.969 43.977702769839176
C13 349.982 49.78944886816087
C13 374.975 66.45905349450112
C13 400.019 83.54646719892256
C13 424.965 88.49549954680019
C13 450.035 89.35672140960439
C13 475.003 89.12930250660132
C13 500.018 88.57013228066035
C13 525.002 88.23459179322842
C13 550.029 88.22883901312613
C13 575.023 88.92869922924831
C13 599.982 90.13884638118907
C13 619.997 90.64901059103215
C13 624.979 90.95797323439157
C13 650.012 92.12774354038785
C13 675.004 93.3680659415584
C13 700.03 94.16682795319886
C13 725.012 95.21834411141279
C13 750.022 96.63461720960476
C13 774.987 97.91733376494233
C13 799.976 98.24339367076571
C13 824.988 97.88145175785108
C13 850.022 97.38132039650637
C13 869.967 95.2673731386311
C13 875.002 94.60469889309003
C13 899.999 88.80705477639238
C13 919.999 81.08844232794358
C13 925.012 78.2594858663435
C13 949.965 64.19212447295948
C13 975.002 53.41993251103724
C13 999.976 31.546905683103454
C13 1025.028 15.574232149016632
C13 1050.014 6.4773676848685025
C13 1075.002 0.9206219683350837
C13 1099.99 0.09134326594018576
C14 319.994 43.43771614794591
C14 324.969 43.933563605707796
C14 349.982 49.55223873342373
C14 374.975 66.18171580095726
C14 400.019 83.48455961464862
C14 424.965 88.63301400236493
C14 450.035 89.58562069468712
C14 475.003 89.37728568087665
C14 500.018 88.79285691509996
C14 525.002 88.4227460544401
C14 550.029 88.3839416350569
C14 575.023 89.05001385604506
C14 599.982 90.23787090268287
C14 619.997 90.73972809805827
C14 624.979 91.04502430289918
C14 650.012 92.21013102182587
C14 675.004 93.44335832753696
C14 700.03 94.24703704857149
C14 725.012 95.31436184650647
C14 750.022 96.74115102672538
C14 774.987 98.05062184472526
C14 799.976 98.38432144252447
C14 824.988 98.04162449664531
C14 850.022 97.5624792771137
C14 869.967 95.4519069835651
C14 875.002 94.78749923361987
C14 899.999 88.9625946096109
C14 919.999 81.23666462487203
C14 925.012 78.41104477573127
C14 949.965 64.37458348186992
C14 975.002 53.5914995896207
C14 999.976 31.651251526191857
C14 1025.028 15.629203798080589
C14 1050.014 6.502907631530888
C14 1075.002 0.9216367482446097
C14 1099.99 0.09144395147054979
C15 319.994 43.296750024319806
C15 324.969 43.76228416612945
C15 349.982 49.171017336793014
C15 374.975 65.68475997422901
C15 400.019 83.10613406914761
C15 424.965 88.40380023196995
C15 450.035 89.4222033879152
C15 475.003 89.21422888165782
C15 500.018 88.61096934901302
C15 525.002 88.21400451083575
C15 550.029 88.14800094712899
C15 575.023 88.82294779022159
C15 599.982 89.97323534760483
C15 619.997 90.46629462461047
C15 624.979 90.77082379210442
C15 650.012 91.92388035431021
C15 675.004 93.15770594915193
C15 700.03 93.96391589343148
C15 725.012 95.04441072261393
C15 750.022 96.48684746471102
C15 774.987 97.81564762385453
C15 799.976 98.1894786156472
C15 824.988 97.84030787455961
C15 850.022 97.38808566590664
C15 869.967 95.29602965391389
C15 875.002 94.63557981667903
C15 899.999 88.80353407496979
C15 919.999 81.11899342547339
C15 925.012 78.312894676813
C15 949.965 64.34885704925254
C15 975.002 53.56525924198087
C15 999.976 31.676469796566856
C15 1025.028 15.636000707771425
C15 1050.014 6.540171264643363
C15 1075.002 0.919213862676557
C15 1099.99 0.09120355499034682
C16 319.994 43.13670384668783
C16 324.969 43.542512625475666
C16 349.982 48.80827770503753
C16 374.975 65.20588321776883
C16 400.019 82.73298574059375
C16 424.965 88.15801845488042
C16 450.035 89.21771890158652
C16 475.003 88.9867179341731
C16 500.018 88.36373020096424
C16 525.002 87.94869396289236
C16 550.029 87.87966827203856
C16 575.023 88.5115689792192
C16 599.982 89.69898114419578
C16 619.997 90.18812086035841
C16 624.979 90.48962023033182
C16 650.012 91.63792116098641
C16 675.004 92.86681470568712
C16 700.03 93.6817688757221
C16 725.012 94.77051702675796
C16 750.022 96.2483295312973
C16 774.987 97.59734879490694
C16 799.976 97.9585236704746
C16 824.988 97.65822854913593
C16 850.022 97.23370405908203
C16 869.967 95.15619107518783
C16 875.002 94.49438358184884
C16 899.999 88.62971574177296
C16 919.999 80.96168940635683
C16 925.012 78.1755489694646
C16 949.965 64.32164639936879
C16 975.002 53.533588269924486
C16 999.976 31.664097484160234
C16 1025.028 15.598976773829877
C16 1050.014 6.534409855370936
C16 1075.002 0.9169412859521275
C16 1099.99 0.09097807201552227
C17 319.994 43.25589378003346
C17 324.969 43.628459160203626
C17 349.982 48.713702000156154
C17 374.975 65.04886300247064
C17 400.019 82.78054205610587
C17 424.965 88.3686775918522
C17 450.035 89.48392688322586
C17 475.003 89.23553717915664
C17 500.018 88.58813464719373
C17 525.002 88.16441554635415
C17 550.029 88.09766028604737
C17 575.023 88.74036087907335
C17 599.982 89.90379545658365
C17 619.997 90.38879317107265
C17 624.979 90.6935984720115
C17 650.012 91.84169997295588
C17 675.004 93.07660709045682
C17 700.03 93.90340431712903
C17 725.012 95.02353963640289
C17 750.022 96.54485849926235
C17 774.987 97.94119629680655
C17 799.976 98.34241052188604
C17 824.988 98.04500713134544
C17 850.022 97.65347291758472
C17 869.967 95.57234718778629
C17 875.002 94.89839749324476
C17 899.999 88.86189794670071
C17 919.999 81.13824606288233
C17 925.012 78.37224802672154
C17 949.965 64.73340355278238
C17 975.002 53.82167982707287
C17 999.976 31.81354895843719
C17 1025.028 15.635824289181622
C17 1050.014 6.526778313166929
C17 1075.002 0.9197659202505014
C17 1099.99 0.09125832963566873
