lsstCam/transmission_sensor/r10_s01/19700101T000000.ecsv
# %ECSV 1.0
# ---
# datatype:
# - {name: amp_name, datatype: string}
# - {name: wavelength, unit: nm, datatype: float32}
# - {name: efficiency, unit: '%', datatype: float64}
# meta: !!omap
# - {MODE: AMP}
# - {TYPE: transmission_sensor}
# - {CALIBDATE: '1970-01-01T00:00:00'}
# - {INSTRUME: LSSTCAM}
# - {OBSTYPE: transmission_sensor}
# - {DETECTOR: 28}
# - {PARQUETFILE: qe_raft_allvalues_nircorrected_20230725.parquet}
# - {CALIBCLS: lsst.ip.isr.IntermediateSensorTransmissionCurve}
# - {CALIB_ID: 'raftName=R10 detectorName=S01 detector=28 calibDate=1970-01-01T00:00:00 ccd=28 ccdnum=28 filter=None'}
# - {DATE: '2024-01-18T22:42:25.070662'}
# - {CALIB_CREATION_DATE: '2024-01-18'}
# - {CALIB_CREATION_TIME: '22:42:25'}
# - __serialized_columns__:
#     efficiency:
#       __class__: astropy.units.quantity.Quantity
#       unit: !astropy.units.Unit {unit: '%'}
#       value: !astropy.table.SerializedColumn {name: efficiency}
#     wavelength:
#       __class__: astropy.units.quantity.Quantity
#       unit: !astropy.units.Unit {unit: nm}
#       value: !astropy.table.SerializedColumn {name: wavelength}
# schema: astropy-2.0
amp_name wavelength efficiency
C00 319.994 43.349830627441406
C00 324.969 44.02824401855469
C00 349.982 50.457271575927734
C00 374.975 67.07880401611328
C00 400.019 83.23836517333984
C00 424.965 87.46810150146484
C00 450.035 88.0289306640625
C00 475.003 87.75837707519531
C00 500.018 87.2930679321289
C00 525.002 87.08889770507812
C00 550.029 87.19305419921875
C00 575.023 87.91850280761719
C00 599.982 89.21431732177734
C00 619.997 89.75027465820312
C00 624.979 90.06147766113281
C00 650.012 91.24598693847656
C00 675.004 92.49352264404297
C00 700.03 93.37931060791016
C00 725.012 94.69020080566406
C00 750.022 96.4390869140625
C00 774.987 98.04712677001953
C00 799.976 98.43766784667969
C00 824.988 98.01927947998047
C00 850.022 97.53608703613281
C00 869.967 95.38973999023438
C00 875.002 94.7042236328125
C00 899.999 88.58720397949219
C00 919.999 80.480712890625
C00 925.012 77.56444549560547
C00 949.965 64.0311050415039
C00 975.002 53.566184997558594
C00 999.976 31.718624114990234
C00 1025.028 15.652250289916992
C00 1050.014 6.392998695373535
C00 1075.002 0.9187564015987784
C00 1099.99 0.09115816612247049
C01 319.994 43.10210037231445
C01 324.969 43.72182083129883
C01 349.982 49.91814041137695
C01 374.975 66.50360107421875
C01 400.019 82.9117431640625
C01 424.965 87.36851501464844
C01 450.035 88.02381134033203
C01 475.003 87.76969909667969
C01 500.018 87.2752685546875
C01 525.002 87.02424621582031
C01 550.029 87.0914535522461
C01 575.023 87.79049682617188
C01 599.982 89.07000732421875
C01 619.997 89.59874725341797
C01 624.979 89.90589141845703
C01 650.012 91.07955932617188
C01 675.004 92.32219696044922
C01 700.03 93.20429992675781
C01 725.012 94.51847076416016
C01 750.022 96.26836395263672
C01 774.987 97.87606811523438
C01 799.976 98.27129364013672
C01 824.988 97.87664794921875
C01 850.022 97.4330062866211
C01 869.967 95.26795959472656
C01 875.002 94.57500457763672
C01 899.999 88.40109252929688
C01 919.999 80.42561340332031
C01 925.012 77.57704162597656
C01 949.965 64.0631332397461
C01 975.002 53.401817321777344
C01 999.976 31.804248809814453
C01 1025.028 15.840596199035645
C01 1050.014 6.418456077575684
C01 1075.002 0.9171299299896335
C01 1099.99 0.0909967891036199
C02 319.994 43.14601135253906
C02 324.969 43.723018646240234
C02 349.982 49.727699279785156
C02 374.975 66.3174819946289
C02 400.019 83.02877044677734
C02 424.965 87.70515441894531
C02 450.035 88.44309997558594
C02 475.003 88.18849182128906
C02 500.018 87.66117095947266
C02 525.002 87.3746337890625
C02 550.029 87.41812896728516
C02 575.023 88.11859130859375
C02 599.982 89.3902587890625
C02 619.997 89.9131088256836
C02 624.979 90.22233581542969
C02 650.012 91.3947525024414
C02 675.004 92.64246368408203
C02 700.03 93.53308868408203
C02 725.012 94.8604507446289
C02 750.022 96.62061309814453
C02 774.987 98.25040435791016
C02 799.976 98.67383575439453
C02 824.988 98.28728485107422
C02 850.022 97.8825454711914
C02 869.967 95.69313049316406
C02 875.002 94.97075653076172
C02 899.999 88.69873046875
C02 919.999 80.81214904785156
C02 925.012 78.01140594482422
C02 949.965 64.68901062011719
C02 975.002 53.804752349853516
C02 999.976 32.07052230834961
C02 1025.028 16.019500732421875
C02 1050.014 6.4943928718566895
C02 1075.002 0.9204856506735885
C02 1099.99 0.09132974062704467
C03 319.994 41.768253326416016
C03 324.969 42.31379318237305
C03 349.982 47.98091125488281
C03 374.975 64.04385375976562
C03 400.019 80.507080078125
C03 424.965 85.2377700805664
C03 450.035 86.02731323242188
C03 475.003 85.77320098876953
C03 500.018 85.22823333740234
C03 525.002 84.91581726074219
C03 550.029 84.94507598876953
C03 575.023 85.62511444091797
C03 599.982 86.84205627441406
C03 619.997 87.3514404296875
C03 624.979 87.645751953125
C03 650.012 88.78298950195312
C03 675.004 89.9969253540039
C03 700.03 90.86467742919922
C03 725.012 92.13955688476562
C03 750.022 93.89259338378906
C03 774.987 95.48985290527344
C03 799.976 95.93125915527344
C03 824.988 95.5563735961914
C03 850.022 95.19746398925781
C03 869.967 93.08077239990234
C03 875.002 92.36756134033203
C03 899.999 86.23870086669922
C03 919.999 78.56871032714844
C03 925.012 75.87691497802734
C03 949.965 63.0921630859375
C03 975.002 52.46306228637695
C03 999.976 31.24440574645996
C03 1025.028 15.581099510192871
C03 1050.014 6.325568199157715
C03 1075.002 0.894496115892709
C03 1099.99 0.08875108286218074
C04 319.994 42.911964416503906
C04 324.969 43.40375900268555
C04 349.982 49.00135803222656
C04 374.975 65.40381622314453
C04 400.019 82.48847961425781
C04 424.965 87.51588439941406
C04 450.035 88.38795471191406
C04 475.003 88.11734008789062
C04 500.018 87.53618621826172
C04 525.002 87.19252014160156
C04 550.029 87.20668029785156
C04 575.023 87.9165267944336
C04 599.982 89.16055297851562
C04 619.997 89.6817398071289
C04 624.979 89.98625946044922
C04 650.012 91.15475463867188
C04 675.004 92.4006576538086
C04 700.03 93.29220581054688
C04 725.012 94.63482666015625
C04 750.022 96.42642974853516
C04 774.987 98.08467102050781
C04 799.976 98.55730438232422
C04 824.988 98.18180084228516
C04 850.022 97.84373474121094
C04 869.967 95.6992416381836
C04 875.002 94.97331237792969
C04 899.999 88.69441223144531
C04 919.999 80.77018737792969
C04 925.012 78.01013946533203
C04 949.965 64.91161346435547
C04 975.002 54.02008056640625
C04 999.976 32.1446533203125
C04 1025.028 16.03204917907715
C04 1050.014 6.548734664916992
C04 1075.002 0.9186354250684007
C04 1099.99 0.09114616294226527
C05 319.994 42.900123596191406
C05 324.969 43.35409164428711
C05 349.982 48.755550384521484
C05 374.975 65.1059341430664
C05 400.019 82.38066101074219
C05 424.965 87.58091735839844
C05 450.035 88.52535247802734
C05 475.003 88.25916290283203
C05 500.018 87.65451049804688
C05 525.002 87.28643798828125
C05 550.029 87.2816162109375
C05 575.023 87.99195098876953
C05 599.982 89.21163177490234
C05 619.997 89.72928619384766
C05 624.979 90.03563690185547
C05 650.012 91.19979095458984
C05 675.004 92.4451675415039
C05 700.03 93.34774017333984
C05 725.012 94.71240997314453
C05 750.022 96.51981353759766
C05 774.987 98.20199584960938
C05 799.976 98.70661926269531
C05 824.988 98.32906341552734
C05 850.022 98.02672576904297
C05 869.967 95.91205596923828
C05 875.002 95.19330596923828
C05 899.999 88.91970825195312
C05 919.999 81.02481842041016
C05 925.012 78.26221466064453
C05 949.965 65.16368865966797
C05 975.002 54.25603103637695
C05 999.976 32.2526741027832
C05 1025.028 16.08169937133789
C05 1050.014 6.582683563232422
C05 1075.002 0.9195249187150853
C05 1099.99 0.0912344176847283
C06 319.994 42.75343322753906
C06 324.969 43.15936279296875
C06 349.982 48.42219924926758
C06 374.975 64.7032470703125
C06 400.019 82.13937377929688
C06 424.965 87.49462127685547
C06 450.035 88.49748229980469
C06 475.003 88.21720123291016
C06 500.018 87.59239196777344
C06 525.002 87.20464324951172
C06 550.029 87.19227600097656
C06 575.023 87.8636703491211
C06 599.982 89.1098861694336
C06 619.997 89.61980438232422
C06 624.979 89.92652893066406
C06 650.012 91.08661651611328
C06 675.004 92.33155822753906
C06 700.03 93.23963165283203
C06 725.012 94.61196899414062
C06 750.022 96.4587173461914
C06 774.987 98.17112731933594
C06 799.976 98.66272735595703
C06 824.988 98.33470916748047
C06 850.022 98.06156158447266
C06 869.967 95.97335815429688
C06 875.002 95.25303649902344
C06 899.999 88.99103546142578
C06 919.999 81.10157775878906
C06 925.012 78.34232330322266
C06 949.965 65.32013702392578
C06 975.002 54.39997482299805
C06 999.976 32.29711151123047
C06 1025.028 16.065744400024414
C06 1050.014 6.5805745124816895
C06 1075.002 0.918942569058375
C06 1099.99 0.09117663748678313
C07 319.994 42.55493927001953
C07 324.969 42.9285774230957
C07 349.982 47.878177642822266
C07 374.975 63.929168701171875
C07 400.019 81.51061248779297
C07 424.965 87.06499481201172
C07 450.035 88.16069030761719
C07 475.003 87.87759399414062
C07 500.018 87.25091552734375
C07 525.002 86.88959503173828
C07 550.029 86.887939453125
C07 575.023 87.61485290527344
C07 599.982 88.77198028564453
C07 619.997 89.27385711669922
C07 624.979 89.57562255859375
C07 650.012 90.72561645507812
C07 675.004 91.96893310546875
C07 700.03 92.88729858398438
C07 725.012 94.30062103271484
C07 750.022 96.15438842773438
C07 774.987 97.89847564697266
C07 799.976 98.48797607421875
C07 824.988 98.11213684082031
C07 850.022 97.87077331542969
C07 869.967 95.80889129638672
C07 875.002 95.08157348632812
C07 899.999 88.71489715576172
C07 919.999 80.853759765625
C07 925.012 78.1289291381836
C07 949.965 65.35633850097656
C07 975.002 54.50876235961914
C07 999.976 32.20131301879883
C07 1025.028 15.951634407043457
C07 1050.014 6.51369047164917
C07 1075.002 0.9160430735056169
C07 1099.99 0.09088895220175029
C10 319.994 43.47787857055664
C10 324.969 44.17266845703125
C10 349.982 50.59002685546875
C10 374.975 67.26952362060547
C10 400.019 83.52301025390625
C10 424.965 87.78308868408203
C10 450.035 88.34062194824219
C10 475.003 88.05375671386719
C10 500.018 87.58175659179688
C10 525.002 87.37478637695312
C10 550.029 87.49134063720703
C10 575.023 88.25901794433594
C10 599.982 89.53933715820312
C10 619.997 90.08285522460938
C10 624.979 90.39750671386719
C10 650.012 91.58770751953125
C10 675.004 92.83385467529297
C10 700.03 93.62797546386719
C10 725.012 94.66966247558594
C10 750.022 96.07041931152344
C10 774.987 97.3328628540039
C10 799.976 97.60737609863281
C10 824.988 97.1974105834961
C10 850.022 96.62337493896484
C10 869.967 94.57037353515625
C10 875.002 93.93610382080078
C10 899.999 88.11764526367188
C10 919.999 80.3302230834961
C10 925.012 77.4472427368164
C10 949.965 63.2371826171875
C10 975.002 52.67555236816406
C10 999.976 31.17914390563965
C10 1025.028 15.341947555541992
C10 1050.014 6.328540802001953
C10 1075.002 0.9152470349802945
C10 1099.99 0.09080996999057338
C11 319.994 43.47871398925781
C11 324.969 44.12055206298828
C11 349.982 50.348106384277344
C11 374.975 67.0782470703125
C11 400.019 83.66416931152344
C11 424.965 88.1734390258789
C11 450.035 88.83541107177734
C11 475.003 88.5713882446289
C11 500.018 88.06547546386719
C11 525.002 87.81510162353516
C11 550.029 87.88933563232422
C11 575.023 88.63848876953125
C11 599.982 89.89765167236328
C11 619.997 90.43801879882812
C11 624.979 90.7501449584961
C11 650.012 91.93608856201172
C11 675.004 93.18194580078125
C11 700.03 93.97525024414062
C11 725.012 95.01979064941406
C11 750.022 96.42086029052734
C11 774.987 97.68794250488281
C11 799.976 97.97343444824219
C11 824.988 97.58561706542969
C11 850.022 97.0499038696289
C11 869.967 94.97073364257812
C11 875.002 94.33145904541016
C11 899.999 88.56094360351562
C11 919.999 80.81937408447266
C11 925.012 77.95596313476562
C11 949.965 63.74079895019531
C11 975.002 53.04943084716797
C11 999.976 31.368921279907227
C11 1025.028 15.475918769836426
C11 1050.014 6.432036876678467
C11 1075.002 0.9185856463770339
C11 1099.99 0.09114122394623861
C12 319.994 43.261844635009766
C12 324.969 43.85312271118164
C12 349.982 49.83171463012695
C12 374.975 66.46028900146484
C12 400.019 83.24195098876953
C12 424.965 87.95960998535156
C12 450.035 88.7186508178711
C12 475.003 88.4709701538086
C12 500.018 87.93873596191406
C12 525.002 87.64993286132812
C12 550.029 87.69064331054688
C12 575.023 88.41893768310547
C12 599.982 89.64873504638672
C12 619.997 90.17289733886719
C12 624.979 90.48416900634766
C12 650.012 91.65880584716797
C12 675.004 92.89411926269531
C12 700.03 93.69159698486328
C12 725.012 94.7309799194336
C12 750.022 96.1301040649414
C12 774.987 97.4019546508789
C12 799.976 97.70903015136719
C12 824.988 97.33422088623047
C12 850.022 96.82102966308594
C12 869.967 94.73089599609375
C12 875.002 94.08431243896484
C12 899.999 88.34181213378906
C12 919.999 80.66853332519531
C12 925.012 77.84053039550781
C12 949.965 63.7615966796875
C12 975.002 53.04889678955078
C12 999.976 31.35666847229004
C12 1025.028 15.479219436645508
C12 1050.014 6.4454851150512695
C12 1075.002 0.9158156115557032
C12 1099.99 0.09086638363604486
C13 319.994 43.20140838623047
C13 324.969 43.74275207519531
C13 349.982 49.5234489440918
C13 374.975 66.10399627685547
C13 400.019 83.1001205444336
C13 424.965 88.02271270751953
C13 450.035 88.87933349609375
C13 475.003 88.65312957763672
C13 500.018 88.0969467163086
C13 525.002 87.76319885253906
C13 550.029 87.75747680664062
C13 575.023 88.45359802246094
C13 599.982 89.65727996826172
C13 619.997 90.16471862792969
C13 624.979 90.47203063964844
C13 650.012 91.63555145263672
C13 675.004 92.86924743652344
C13 700.03 93.66374206542969
C13 725.012 94.70964050292969
C13 750.022 96.11834716796875
C13 774.987 97.39421081542969
C13 799.976 97.7185287475586
C13 824.988 97.3585205078125
C13 850.022 96.8610610961914
C13 869.967 94.75840759277344
C13 875.002 94.09927368164062
C13 899.999 88.33260345458984
C13 919.999 80.65522766113281
C13 925.012 77.84138488769531
C13 949.965 63.849178314208984
C13 975.002 53.13453674316406
C13 999.976 31.378366470336914
C13 1025.028 15.491026878356934
C13 1050.014 6.44276237487793
C13 1075.002 0.9157035492876688
C13 1099.99 0.09085526492075997
C14 319.994 43.205650329589844
C14 324.969 43.698848724365234
C14 349.982 49.287506103515625
C14 374.975 65.82814025878906
C14 400.019 83.03854370117188
C14 424.965 88.15949249267578
C14 450.035 89.10700988769531
C14 475.003 88.89978790283203
C14 500.018 88.3184814453125
C14 525.002 87.95034790039062
C14 550.029 87.91175079345703
C14 575.023 88.57426452636719
C14 599.982 89.75577545166016
C14 619.997 90.25495147705078
C14 624.979 90.5586166381836
C14 650.012 91.71749877929688
C14 675.004 92.94413757324219
C14 700.03 93.74352264404297
C14 725.012 94.80514526367188
C14 750.022 96.22431182861328
C14 774.987 97.52678680419922
C14 799.976 97.85870361328125
C14 824.988 97.51783752441406
C14 850.022 97.04125213623047
C14 869.967 94.94195556640625
C14 875.002 94.28109741210938
C14 899.999 88.48731231689453
C14 919.999 80.80265808105469
C14 925.012 77.99213409423828
C14 949.965 64.0306625366211
C14 975.002 53.3051872253418
C14 999.976 31.482154846191406
C14 1025.028 15.54570484161377
C14 1050.014 6.468165874481201
C14 1075.002 0.9167129077397371
C14 1099.99 0.09095541253909564
C15 319.994 43.06543731689453
C15 324.969 43.52848434448242
C15 349.982 48.908321380615234
C15 374.975 65.3338394165039
C15 400.019 82.66213989257812
C15 424.965 87.93150329589844
C15 450.035 88.94446563720703
C15 475.003 88.73760223388672
C15 500.018 88.13756561279297
C15 525.002 87.74272155761719
C15 550.029 87.67707061767578
C15 575.023 88.3484115600586
C15 599.982 89.4925537109375
C15 619.997 89.98297882080078
C15 624.979 90.28588104248047
C15 650.012 91.43277740478516
C15 675.004 92.6600112915039
C15 700.03 93.4619140625
C15 725.012 94.53663635253906
C15 750.022 95.97136688232422
C15 774.987 97.2930679321289
C15 799.976 97.66490173339844
C15 824.988 97.31759643554688
C15 850.022 96.86779022216797
C15 869.967 94.78691101074219
C15 875.002 94.12998962402344
C15 899.999 88.3291015625
C15 919.999 80.68561553955078
C15 925.012 77.8945083618164
C15 949.965 64.00507354736328
C15 975.002 53.27908706665039
C15 999.976 31.507238388061523
C15 1025.028 15.552465438842773
C15 1050.014 6.50523042678833
C15 1075.002 0.9143029664277824
C15 1099.99 0.09071630037609107
C16 319.994 42.906246185302734
C16 324.969 43.30988693237305
C16 349.982 48.54751968383789
C16 374.975 64.8575210571289
C16 400.019 82.29098510742188
C16 424.965 87.6870346069336
C16 450.035 88.74107360839844
C16 475.003 88.51130676269531
C16 500.018 87.89164733886719
C16 525.002 87.47882843017578
C16 550.029 87.41017150878906
C16 575.023 88.0386962890625
C16 599.982 89.21976470947266
C16 619.997 89.70629119873047
C16 624.979 90.00617980957031
C16 650.012 91.14834594726562
C16 675.004 92.37067413330078
C16 700.03 93.1812744140625
C16 725.012 94.26420593261719
C16 750.022 95.73412322998047
C16 774.987 97.07593536376953
C16 799.976 97.4351806640625
C16 824.988 97.13648986816406
C16 850.022 96.7142333984375
C16 869.967 94.64781951904297
C16 875.002 93.98954772949219
C16 899.999 88.15621185302734
C16 919.999 80.5291519165039
C16 925.012 77.75789642333984
C16 949.965 63.97800827026367
C16 975.002 53.24758529663086
C16 999.976 31.494932174682617
C16 1025.028 15.515639305114746
C16 1050.014 6.499499797821045
C16 1075.002 0.9120425309350774
C16 1099.99 0.0904920220431243
C17 319.994 43.02479934692383
C17 324.969 43.3953742980957
C17 349.982 48.45344924926758
C17 374.975 64.70133972167969
C17 400.019 82.33828735351562
C17 424.965 87.89656829833984
C17 450.035 89.005859375
C17 475.003 88.75879669189453
C17 500.018 88.11485290527344
C17 525.002 87.69339752197266
C17 550.029 87.62699890136719
C17 575.023 88.26626586914062
C17 599.982 89.4234848022461
C17 619.997 89.90589141845703
C17 624.979 90.20906829833984
C17 650.012 91.35103607177734
C17 675.004 92.579345703125
C17 700.03 93.40172576904297
C17 725.012 94.51587677001953
C17 750.022 96.02906799316406
C17 774.987 97.4179458618164
C17 799.976 97.8170166015625
C17 824.988 97.52120208740234
C17 850.022 97.13175964355469
C17 869.967 95.06175231933594
C17 875.002 94.39140319824219
C17 899.999 88.38715362548828
C17 919.999 80.70476531982422
C17 925.012 77.95354461669922
C17 949.965 64.38756561279297
C17 975.002 53.53413772583008
C17 999.976 31.643585205078125
C17 1025.028 15.552289962768555
C17 1050.014 6.491909027099609
C17 1075.002 0.9148520746364278
C17 1099.99 0.09077078238809753
