lsstcam/transmission_sensor/r10_s01/19700101T000000.ecsv
# %ECSV 0.9
# ---
# datatype:
# - {name: amp_name, datatype: string}
# - {name: wavelength, unit: nm, datatype: float32}
# - {name: efficiency, unit: '%', datatype: float32}
# meta: !!omap
# - {MODE: AMP}
# - {TYPE: QE}
# - {CALIBDATE: '1970-01-01T00:00:00'}
# - {INSTRUME: LSSTCAM}
# - {OBSTYPE: qe_curve}
# - {DETECTOR: 28}
# - {PICKLEFILE: RaftRun10517.p}
# - {CALIB_ID: 'raftName=R10 detectorName=S01 detector=28 calibDate=1970-01-01T00:00:00 ccd=28 ccdnum=28 filter=None'}
# - {DATE: '2020-07-23T19:15:25.189387'}
# - {CALIB_CREATION_DATE: '2020-07-23'}
# - {CALIB_CREATION_TIME: '19:15:25'}
# - __serialized_columns__:
#     efficiency:
#       __class__: astropy.units.quantity.Quantity
#       unit: !astropy.units.Unit {unit: '%'}
#       value: !astropy.table.SerializedColumn {name: efficiency}
#     wavelength:
#       __class__: astropy.units.quantity.Quantity
#       unit: !astropy.units.Unit {unit: nm}
#       value: !astropy.table.SerializedColumn {name: wavelength}
# schema: astropy-2.0
amp_name wavelength efficiency
C01 319.994 43.1021
C01 324.969 43.72182
C01 349.982 49.91814
C01 374.975 66.5036
C01 400.019 82.91174
C01 424.965 87.368515
C01 450.035 88.02381
C01 475.003 87.7697
C01 500.018 87.27527
C01 525.002 87.02425
C01 550.029 87.09145
C01 575.023 87.7905
C01 599.982 89.07001
C01 619.997 89.59875
C01 624.979 89.90589
C01 650.012 91.07956
C01 675.004 92.3222
C01 700.03 93.2043
C01 725.012 94.51847
C01 750.022 96.268364
C01 774.987 97.87607
C01 799.976 98.27129
C01 824.988 97.87665
C01 850.022 97.43301
C01 869.967 95.26796
C01 875.002 94.575005
C01 899.999 88.40109
C01 919.999 80.42561
C01 925.012 77.57704
C01 949.965 64.06313
C01 975.002 53.401817
C01 999.976 31.804249
C01 1025.028 15.840596
C01 1050.014 6.418456
C01 1075.002 3.512065
C01 1099.99 2.3990812
C13 319.994 43.20141
C13 324.969 43.742752
C13 349.982 49.52345
C13 374.975 66.104
C13 400.019 83.10012
C13 424.965 88.02271
C13 450.035 88.87933
C13 475.003 88.65313
C13 500.018 88.09695
C13 525.002 87.7632
C13 550.029 87.75748
C13 575.023 88.4536
C13 599.982 89.65728
C13 619.997 90.16472
C13 624.979 90.47203
C13 650.012 91.63555
C13 675.004 92.86925
C13 700.03 93.66374
C13 725.012 94.70964
C13 750.022 96.11835
C13 774.987 97.39421
C13 799.976 97.71853
C13 824.988 97.35852
C13 850.022 96.86106
C13 869.967 94.75841
C13 875.002 94.09927
C13 899.999 88.3326
C13 919.999 80.65523
C13 925.012 77.841385
C13 949.965 63.84918
C13 975.002 53.134537
C13 999.976 31.378366
C13 1025.028 15.491027
C13 1050.014 6.4427624
C13 1075.002 3.5684793
C13 1099.99 2.401957
C07 319.994 42.55494
C07 324.969 42.928577
C07 349.982 47.878178
C07 374.975 63.92917
C07 400.019 81.51061
C07 424.965 87.064995
C07 450.035 88.16069
C07 475.003 87.877594
C07 500.018 87.250916
C07 525.002 86.889595
C07 550.029 86.88794
C07 575.023 87.61485
C07 599.982 88.77198
C07 619.997 89.27386
C07 624.979 89.57562
C07 650.012 90.72562
C07 675.004 91.96893
C07 700.03 92.8873
C07 725.012 94.30062
C07 750.022 96.15439
C07 774.987 97.898476
C07 799.976 98.487976
C07 824.988 98.11214
C07 850.022 97.87077
C07 869.967 95.80889
C07 875.002 95.08157
C07 899.999 88.7149
C07 919.999 80.85376
C07 925.012 78.12893
C07 949.965 65.35634
C07 975.002 54.508762
C07 999.976 32.201313
C07 1025.028 15.951634
C07 1050.014 6.5136905
C07 1075.002 3.5549715
C07 1099.99 2.3893373
C05 319.994 42.900124
C05 324.969 43.35409
C05 349.982 48.75555
C05 374.975 65.105934
C05 400.019 82.38066
C05 424.965 87.58092
C05 450.035 88.52535
C05 475.003 88.25916
C05 500.018 87.65451
C05 525.002 87.28644
C05 550.029 87.28162
C05 575.023 87.99195
C05 599.982 89.21163
C05 619.997 89.72929
C05 624.979 90.03564
C05 650.012 91.19979
C05 675.004 92.44517
C05 700.03 93.34774
C05 725.012 94.71241
C05 750.022 96.51981
C05 774.987 98.201996
C05 799.976 98.70662
C05 824.988 98.32906
C05 850.022 98.026726
C05 869.967 95.912056
C05 875.002 95.193306
C05 899.999 88.91971
C05 919.999 81.02482
C05 925.012 78.262215
C05 949.965 65.16369
C05 975.002 54.25603
C05 999.976 32.252674
C05 1025.028 16.0817
C05 1050.014 6.5826836
C05 1075.002 3.5994186
C05 1099.99 2.4492261
C06 319.994 42.753433
C06 324.969 43.159363
C06 349.982 48.4222
C06 374.975 64.70325
C06 400.019 82.13937
C06 424.965 87.49462
C06 450.035 88.49748
C06 475.003 88.2172
C06 500.018 87.59239
C06 525.002 87.20464
C06 550.029 87.192276
C06 575.023 87.86367
C06 599.982 89.109886
C06 619.997 89.619804
C06 624.979 89.92653
C06 650.012 91.08662
C06 675.004 92.33156
C06 700.03 93.23963
C06 725.012 94.61197
C06 750.022 96.45872
C06 774.987 98.17113
C06 799.976 98.66273
C06 824.988 98.33471
C06 850.022 98.06156
C06 869.967 95.97336
C06 875.002 95.25304
C06 899.999 88.991035
C06 919.999 81.10158
C06 925.012 78.34232
C06 949.965 65.32014
C06 975.002 54.399975
C06 999.976 32.29711
C06 1025.028 16.065744
C06 1050.014 6.5805745
C06 1075.002 3.5772572
C06 1099.99 2.3957222
C16 319.994 42.906246
C16 324.969 43.309887
C16 349.982 48.54752
C16 374.975 64.85752
C16 400.019 82.290985
C16 424.965 87.687035
C16 450.035 88.74107
C16 475.003 88.51131
C16 500.018 87.89165
C16 525.002 87.47883
C16 550.029 87.41017
C16 575.023 88.0387
C16 599.982 89.219765
C16 619.997 89.70629
C16 624.979 90.00618
C16 650.012 91.148346
C16 675.004 92.370674
C16 700.03 93.181274
C16 725.012 94.264206
C16 750.022 95.73412
C16 774.987 97.075935
C16 799.976 97.43518
C16 824.988 97.13649
C16 850.022 96.71423
C16 869.967 94.64782
C16 875.002 93.98955
C16 899.999 88.15621
C16 919.999 80.52915
C16 925.012 77.7579
C16 949.965 63.97801
C16 975.002 53.247585
C16 999.976 31.494932
C16 1025.028 15.515639
C16 1050.014 6.4995
C16 1075.002 3.5779169
C16 1099.99 2.3836381
C10 319.994 43.47788
C10 324.969 44.17267
C10 349.982 50.590027
C10 374.975 67.26952
C10 400.019 83.52301
C10 424.965 87.78309
C10 450.035 88.34062
C10 475.003 88.05376
C10 500.018 87.58176
C10 525.002 87.37479
C10 550.029 87.49134
C10 575.023 88.25902
C10 599.982 89.53934
C10 619.997 90.082855
C10 624.979 90.39751
C10 650.012 91.58771
C10 675.004 92.833855
C10 700.03 93.627975
C10 725.012 94.66966
C10 750.022 96.07042
C10 774.987 97.33286
C10 799.976 97.607376
C10 824.988 97.19741
C10 850.022 96.623375
C10 869.967 94.57037
C10 875.002 93.936104
C10 899.999 88.117645
C10 919.999 80.33022
C10 925.012 77.44724
C10 949.965 63.237183
C10 975.002 52.675552
C10 999.976 31.179144
C10 1025.028 15.341948
C10 1050.014 6.328541
C10 1075.002 3.5144005
C10 1099.99 2.3795683
C15 319.994 43.065437
C15 324.969 43.528484
C15 349.982 48.90832
C15 374.975 65.33384
C15 400.019 82.66214
C15 424.965 87.9315
C15 450.035 88.944466
C15 475.003 88.7376
C15 500.018 88.137566
C15 525.002 87.74272
C15 550.029 87.67707
C15 575.023 88.34841
C15 599.982 89.49255
C15 619.997 89.98298
C15 624.979 90.28588
C15 650.012 91.43278
C15 675.004 92.66001
C15 700.03 93.461914
C15 725.012 94.53664
C15 750.022 95.97137
C15 774.987 97.29307
C15 799.976 97.6649
C15 824.988 97.3176
C15 850.022 96.86779
C15 869.967 94.78691
C15 875.002 94.12999
C15 899.999 88.3291
C15 919.999 80.685616
C15 925.012 77.89451
C15 949.965 64.00507
C15 975.002 53.279087
C15 999.976 31.507238
C15 1025.028 15.552465
C15 1050.014 6.5052304
C15 1075.002 3.5997164
C15 1099.99 2.42638
C02 319.994 43.14601
C02 324.969 43.72302
C02 349.982 49.7277
C02 374.975 66.31748
C02 400.019 83.02877
C02 424.965 87.705154
C02 450.035 88.4431
C02 475.003 88.18849
C02 500.018 87.66117
C02 525.002 87.37463
C02 550.029 87.41813
C02 575.023 88.11859
C02 599.982 89.39026
C02 619.997 89.91311
C02 624.979 90.222336
C02 650.012 91.39475
C02 675.004 92.64246
C02 700.03 93.53309
C02 725.012 94.86045
C02 750.022 96.62061
C02 774.987 98.250404
C02 799.976 98.673836
C02 824.988 98.287285
C02 850.022 97.882545
C02 869.967 95.69313
C02 875.002 94.97076
C02 899.999 88.69873
C02 919.999 80.81215
C02 925.012 78.011406
C02 949.965 64.68901
C02 975.002 53.804752
C02 999.976 32.070522
C02 1025.028 16.0195
C02 1050.014 6.494393
C02 1075.002 3.5428457
C02 1099.99 2.4083884
C04 319.994 42.911964
C04 324.969 43.40376
C04 349.982 49.001358
C04 374.975 65.40382
C04 400.019 82.48848
C04 424.965 87.515884
C04 450.035 88.387955
C04 475.003 88.11734
C04 500.018 87.53619
C04 525.002 87.19252
C04 550.029 87.20668
C04 575.023 87.91653
C04 599.982 89.16055
C04 619.997 89.68174
C04 624.979 89.98626
C04 650.012 91.154755
C04 675.004 92.40066
C04 700.03 93.292206
C04 725.012 94.63483
C04 750.022 96.42643
C04 774.987 98.08467
C04 799.976 98.557304
C04 824.988 98.1818
C04 850.022 97.843735
C04 869.967 95.69924
C04 875.002 94.97331
C04 899.999 88.69441
C04 919.999 80.77019
C04 925.012 78.01014
C04 949.965 64.91161
C04 975.002 54.02008
C04 999.976 32.144653
C04 1025.028 16.03205
C04 1050.014 6.5487347
C04 1075.002 3.5574179
C04 1099.99 2.3951387
C14 319.994 43.20565
C14 324.969 43.69885
C14 349.982 49.287506
C14 374.975 65.82814
C14 400.019 83.03854
C14 424.965 88.15949
C14 450.035 89.10701
C14 475.003 88.89979
C14 500.018 88.31848
C14 525.002 87.95035
C14 550.029 87.91175
C14 575.023 88.574265
C14 599.982 89.755775
C14 619.997 90.25495
C14 624.979 90.55862
C14 650.012 91.7175
C14 675.004 92.94414
C14 700.03 93.74352
C14 725.012 94.805145
C14 750.022 96.22431
C14 774.987 97.52679
C14 799.976 97.8587
C14 824.988 97.51784
C14 850.022 97.04125
C14 869.967 94.941956
C14 875.002 94.2811
C14 899.999 88.48731
C14 919.999 80.80266
C14 925.012 77.992134
C14 949.965 64.03066
C14 975.002 53.305187
C14 999.976 31.482155
C14 1025.028 15.545705
C14 1050.014 6.468166
C14 1075.002 3.5755157
C14 1099.99 2.4017649
C17 319.994 43.0248
C17 324.969 43.395374
C17 349.982 48.45345
C17 374.975 64.70134
C17 400.019 82.33829
C17 424.965 87.89657
C17 450.035 89.00586
C17 475.003 88.7588
C17 500.018 88.11485
C17 525.002 87.6934
C17 550.029 87.627
C17 575.023 88.266266
C17 599.982 89.423485
C17 619.997 89.90589
C17 624.979 90.20907
C17 650.012 91.351036
C17 675.004 92.579346
C17 700.03 93.401726
C17 725.012 94.51588
C17 750.022 96.02907
C17 774.987 97.417946
C17 799.976 97.81702
C17 824.988 97.5212
C17 850.022 97.13176
C17 869.967 95.06175
C17 875.002 94.3914
C17 899.999 88.38715
C17 919.999 80.704765
C17 925.012 77.953545
C17 949.965 64.387566
C17 975.002 53.534138
C17 999.976 31.643585
C17 1025.028 15.55229
C17 1050.014 6.491909
C17 1075.002 3.5586627
C17 1099.99 2.3771813
C00 319.994 43.34983
C00 324.969 44.028244
C00 349.982 50.45727
C00 374.975 67.078804
C00 400.019 83.238365
C00 424.965 87.4681
C00 450.035 88.02893
C00 475.003 87.75838
C00 500.018 87.29307
C00 525.002 87.0889
C00 550.029 87.193054
C00 575.023 87.9185
C00 599.982 89.21432
C00 619.997 89.750275
C00 624.979 90.06148
C00 650.012 91.24599
C00 675.004 92.49352
C00 700.03 93.37931
C00 725.012 94.6902
C00 750.022 96.43909
C00 774.987 98.04713
C00 799.976 98.43767
C00 824.988 98.01928
C00 850.022 97.53609
C00 869.967 95.38974
C00 875.002 94.70422
C00 899.999 88.587204
C00 919.999 80.48071
C00 925.012 77.564445
C00 949.965 64.031105
C00 975.002 53.566185
C00 999.976 31.718624
C00 1025.028 15.65225
C00 1050.014 6.3929987
C00 1075.002 3.481809
C00 1099.99 2.374524
C12 319.994 43.261845
C12 324.969 43.853123
C12 349.982 49.831715
C12 374.975 66.46029
C12 400.019 83.24195
C12 424.965 87.95961
C12 450.035 88.71865
C12 475.003 88.47097
C12 500.018 87.938736
C12 525.002 87.64993
C12 550.029 87.69064
C12 575.023 88.41894
C12 599.982 89.648735
C12 619.997 90.1729
C12 624.979 90.48417
C12 650.012 91.658806
C12 675.004 92.89412
C12 700.03 93.6916
C12 725.012 94.73098
C12 750.022 96.130104
C12 774.987 97.401955
C12 799.976 97.70903
C12 824.988 97.33422
C12 850.022 96.82103
C12 869.967 94.730896
C12 875.002 94.08431
C12 899.999 88.34181
C12 919.999 80.66853
C12 925.012 77.84053
C12 949.965 63.761597
C12 975.002 53.048897
C12 999.976 31.356668
C12 1025.028 15.479219
C12 1050.014 6.445485
C12 1075.002 3.571747
C12 1099.99 2.405264
C11 319.994 43.478714
C11 324.969 44.120552
C11 349.982 50.348106
C11 374.975 67.07825
C11 400.019 83.66417
C11 424.965 88.17344
C11 450.035 88.83541
C11 475.003 88.57139
C11 500.018 88.065475
C11 525.002 87.8151
C11 550.029 87.889336
C11 575.023 88.63849
C11 599.982 89.89765
C11 619.997 90.43802
C11 624.979 90.750145
C11 650.012 91.93609
C11 675.004 93.181946
C11 700.03 93.97525
C11 725.012 95.01979
C11 750.022 96.42086
C11 774.987 97.68794
C11 799.976 97.973434
C11 824.988 97.58562
C11 850.022 97.049904
C11 869.967 94.97073
C11 875.002 94.33146
C11 899.999 88.56094
C11 919.999 80.819374
C11 925.012 77.95596
C11 949.965 63.7408
C11 975.002 53.04943
C11 999.976 31.368921
C11 1025.028 15.475919
C11 1050.014 6.432037
C11 1075.002 3.5697215
C11 1099.99 2.404179
C03 319.994 41.768253
C03 324.969 42.313793
C03 349.982 47.98091
C03 374.975 64.04385
C03 400.019 80.50708
C03 424.965 85.23777
C03 450.035 86.02731
C03 475.003 85.7732
C03 500.018 85.22823
C03 525.002 84.91582
C03 550.029 84.945076
C03 575.023 85.625114
C03 599.982 86.84206
C03 619.997 87.35144
C03 624.979 87.64575
C03 650.012 88.78299
C03 675.004 89.996925
C03 700.03 90.86468
C03 725.012 92.13956
C03 750.022 93.89259
C03 774.987 95.48985
C03 799.976 95.93126
C03 824.988 95.55637
C03 850.022 95.197464
C03 869.967 93.08077
C03 875.002 92.36756
C03 899.999 86.2387
C03 919.999 78.56871
C03 925.012 75.876915
C03 949.965 63.092163
C03 975.002 52.463062
C03 999.976 31.244406
C03 1025.028 15.5810995
C03 1050.014 6.325568
C03 1075.002 3.3933601
C03 1099.99 2.220861
