ts8/transmission_sensor/rtm-008_s01/19700101T000000.ecsv
# %ECSV 0.9
# ---
# datatype:
# - {name: amp_name, datatype: string}
# - {name: wavelength, unit: nm, datatype: float32}
# - {name: efficiency, unit: '%', datatype: float32}
# meta: !!omap
# - {MODE: AMP}
# - {TYPE: QE}
# - {CALIBDATE: '1970-01-01T00:00:00'}
# - {INSTRUME: TS8}
# - {OBSTYPE: qe_curve}
# - {DETECTOR: 55}
# - {PICKLEFILE: RaftRun11952.p}
# - {CALIB_ID: 'raftName=RTM-008 detectorName=S01 detector=55 calibDate=1970-01-01T00:00:00 ccd=55 ccdnum=55 filter=None'}
# - {DATE: '2020-07-23T19:16:03.564647'}
# - {CALIB_CREATION_DATE: '2020-07-23'}
# - {CALIB_CREATION_TIME: '19:16:03'}
# - __serialized_columns__:
#     efficiency:
#       __class__: astropy.units.quantity.Quantity
#       unit: !astropy.units.Unit {unit: '%'}
#       value: !astropy.table.SerializedColumn {name: efficiency}
#     wavelength:
#       __class__: astropy.units.quantity.Quantity
#       unit: !astropy.units.Unit {unit: nm}
#       value: !astropy.table.SerializedColumn {name: wavelength}
# schema: astropy-2.0
amp_name wavelength efficiency
C16 319.994 45.36022
C16 324.969 51.183796
C16 349.982 76.81646
C16 374.975 82.329605
C16 400.019 87.74978
C16 424.965 87.80808
C16 450.035 89.17495
C16 475.003 91.90937
C16 500.018 92.900345
C16 525.002 95.22369
C16 550.029 97.27663
C16 575.023 97.266426
C16 599.982 99.054146
C16 619.997 98.657875
C16 624.979 99.004845
C16 650.012 99.40154
C16 675.004 99.133026
C16 700.03 98.630394
C16 725.012 98.46956
C16 750.022 98.5857
C16 774.987 98.363205
C16 799.976 97.562416
C16 824.988 95.859116
C16 850.022 93.63237
C16 869.967 90.49821
C16 875.002 89.853745
C16 899.999 82.53963
C16 919.999 73.795906
C16 925.012 70.76012
C16 949.965 57.47256
C16 975.002 42.950268
C16 999.976 26.071585
C16 1025.028 11.178594
C16 1050.014 3.8900342
C16 1075.002 2.110105
C16 1099.99 1.6841992
C12 319.994 44.54196
C12 324.969 50.257435
C12 349.982 75.7122
C12 374.975 81.707344
C12 400.019 87.54009
C12 424.965 87.74892
C12 450.035 89.17613
C12 475.003 91.941986
C12 500.018 92.95836
C12 525.002 95.30679
C12 550.029 97.38533
C12 575.023 97.39837
C12 599.982 99.2099
C12 619.997 98.83376
C12 624.979 99.186554
C12 650.012 99.60837
C12 675.004 99.35578
C12 700.03 98.86343
C12 725.012 98.69355
C12 750.022 98.78802
C12 774.987 98.5415
C12 799.976 97.73944
C12 824.988 96.03678
C12 850.022 93.87685
C12 869.967 90.76268
C12 875.002 90.11506
C12 899.999 82.6716
C12 919.999 74.154106
C12 925.012 71.27159
C12 949.965 57.999626
C12 975.002 43.04533
C12 999.976 26.222216
C12 1025.028 11.423431
C12 1050.014 3.938851
C12 1075.002 2.1027272
C12 1099.99 1.6792221
C05 319.994 45.4211
C05 324.969 51.249077
C05 349.982 76.82441
C05 374.975 82.21729
C05 400.019 87.541985
C05 424.965 87.57532
C05 450.035 88.92963
C05 475.003 91.65048
C05 500.018 92.63344
C05 525.002 94.9445
C05 550.029 96.98527
C05 575.023 96.969666
C05 599.982 98.74249
C05 619.997 98.34283
C05 624.979 98.68328
C05 650.012 99.07862
C05 675.004 98.81646
C05 700.03 98.405624
C05 725.012 98.51325
C05 750.022 98.97312
C05 774.987 99.07417
C05 799.976 98.40147
C05 824.988 96.643135
C05 850.022 94.48463
C05 869.967 91.352554
C05 875.002 90.68667
C05 899.999 82.89883
C05 919.999 73.71578
C05 925.012 70.63514
C05 949.965 57.932117
C05 975.002 43.68976
C05 999.976 26.283451
C05 1025.028 11.221622
C05 1050.014 3.8820722
C05 1075.002 2.1212814
C05 1099.99 1.7016523
C00 319.994 44.553123
C00 324.969 50.270805
C00 349.982 75.642136
C00 374.975 81.44031
C00 400.019 87.095375
C00 424.965 87.24733
C00 450.035 88.64213
C00 475.003 91.380455
C00 500.018 92.37814
C00 525.002 94.70647
C00 550.029 96.76201
C00 575.023 96.76927
C00 599.982 98.56271
C00 619.997 98.18251
C00 624.979 98.529755
C00 650.012 98.94581
C00 675.004 98.70714
C00 700.03 98.31266
C00 725.012 98.42891
C00 750.022 98.87883
C00 774.987 98.98124
C00 799.976 98.30362
C00 824.988 96.5253
C00 850.022 94.43447
C00 869.967 91.19228
C00 875.002 90.46941
C00 899.999 82.65417
C00 919.999 73.87773
C00 925.012 70.98747
C00 949.965 57.924763
C00 975.002 43.066223
C00 999.976 26.100124
C00 1025.028 11.31676
C00 1050.014 3.9646158
C00 1075.002 2.1271951
C00 1099.99 1.6857688
C06 319.994 45.61693
C06 324.969 51.472687
C06 349.982 77.17265
C06 374.975 82.522606
C06 400.019 87.73136
C06 424.965 87.70285
C06 450.035 89.03158
C06 475.003 91.73864
C06 500.018 92.70893
C06 525.002 95.01871
C06 550.029 97.05309
C06 575.023 97.03547
C06 599.982 98.80822
C06 619.997 98.407036
C06 624.979 98.74824
C06 650.012 99.1438
C06 675.004 98.88152
C06 700.03 98.47777
C06 725.012 98.599915
C06 750.022 99.07693
C06 774.987 99.19975
C06 799.976 98.53796
C06 824.988 96.788956
C06 850.022 94.655426
C06 869.967 91.519455
C06 875.002 90.857025
C06 899.999 83.1152
C06 919.999 73.95234
C06 925.012 70.93104
C06 949.965 58.11349
C06 975.002 43.82968
C06 999.976 26.411034
C06 1025.028 11.267901
C06 1050.014 3.9170365
C06 1075.002 2.1385376
C06 1099.99 1.7113091
C14 319.994 45.03702
C14 324.969 50.820137
C14 349.982 76.49072
C14 374.975 82.29576
C14 400.019 87.86139
C14 424.965 87.95158
C14 450.035 89.32755
C14 475.003 92.06914
C14 500.018 93.063934
C14 525.002 95.400154
C14 550.029 97.4688
C14 575.023 97.46593
C14 599.982 99.27251
C14 619.997 98.89035
C14 624.979 99.2384
C14 650.012 99.65482
C14 675.004 99.393745
C14 700.03 98.89538
C14 725.012 98.72073
C14 750.022 98.81409
C14 774.987 98.56475
C14 799.976 97.75193
C14 824.988 96.03679
C14 850.022 93.87107
C14 869.967 90.7075
C14 875.002 90.04398
C14 899.999 82.61818
C14 919.999 74.14335
C14 925.012 71.246086
C14 949.965 57.73549
C14 975.002 42.819176
C14 999.976 26.04547
C14 1025.028 11.311801
C14 1050.014 3.9025254
C14 1075.002 2.0949779
C14 1099.99 1.6730934
C04 319.994 45.425392
C04 324.969 51.256657
C04 349.982 76.93512
C04 374.975 82.415085
C04 400.019 87.738594
C04 424.965 87.75109
C04 450.035 89.09282
C04 475.003 91.80809
C04 500.018 92.78948
C04 525.002 95.10536
C04 550.029 97.14942
C04 575.023 97.13654
C04 599.982 98.91947
C04 619.997 98.523285
C04 624.979 98.86601
C04 650.012 99.26851
C04 675.004 99.014
C04 700.03 98.60184
C04 725.012 98.70761
C04 750.022 99.154236
C04 774.987 99.249664
C04 799.976 98.57232
C04 824.988 96.808655
C04 850.022 94.64666
C04 869.967 91.5093
C04 875.002 90.82561
C04 899.999 83.0499
C04 919.999 73.83476
C04 925.012 70.76677
C04 949.965 58.025127
C04 975.002 43.62313
C04 999.976 26.391882
C04 1025.028 11.264369
C04 1050.014 3.8900728
C04 1075.002 2.1176555
C04 1099.99 1.7011315
C13 319.994 44.763344
C13 324.969 50.50661
C13 349.982 76.0429
C13 374.975 81.903786
C13 400.019 87.56168
C13 424.965 87.69799
C13 450.035 89.08714
C13 475.003 91.83323
C13 500.018 92.8337
C13 525.002 95.16914
C13 550.029 97.23709
C13 575.023 97.242325
C13 599.982 99.04669
C13 619.997 98.6622
C13 624.979 99.01538
C13 650.012 99.43122
C13 675.004 99.17259
C13 700.03 98.67534
C13 725.012 98.500496
C13 750.022 98.590065
C13 774.987 98.340164
C13 799.976 97.53392
C13 824.988 95.82889
C13 850.022 93.67268
C13 869.967 90.54077
C13 875.002 89.88526
C13 899.999 82.48067
C13 919.999 74.00973
C13 925.012 71.12835
C13 949.965 57.754135
C13 975.002 42.868977
C13 999.976 26.096127
C13 1025.028 11.351097
C13 1050.014 3.9124641
C13 1075.002 2.094984
C13 1099.99 1.6732963
C07 319.994 45.746204
C07 324.969 51.6196
C07 349.982 77.33801
C07 374.975 82.611984
C07 400.019 87.73532
C07 424.965 87.67667
C07 450.035 88.98934
C07 475.003 91.68663
C07 500.018 92.65336
C07 525.002 94.95516
C07 550.029 96.98787
C07 575.023 96.96196
C07 599.982 98.73012
C07 619.997 98.32895
C07 624.979 98.67025
C07 650.012 99.05783
C07 675.004 98.79693
C07 700.03 98.39294
C07 725.012 98.526665
C07 750.022 99.02303
C07 774.987 99.168236
C07 799.976 98.51787
C07 824.988 96.774605
C07 850.022 94.66901
C07 869.967 91.5209
C07 875.002 90.86492
C07 899.999 83.17593
C07 919.999 74.00449
C07 925.012 71.04097
C07 949.965 58.202614
C07 975.002 43.846424
C07 999.976 26.41579
C07 1025.028 11.315867
C07 1050.014 3.955442
C07 1075.002 2.153744
C07 1099.99 1.7157623
C03 319.994 45.185284
C03 324.969 50.98288
C03 349.982 76.55979
C03 374.975 82.12617
C03 400.019 87.54509
C03 424.965 87.5985
C03 450.035 88.952965
C03 475.003 91.673355
C03 500.018 92.65942
C03 525.002 94.9734
C03 550.029 97.02051
C03 575.023 97.01145
C03 599.982 98.79447
C03 619.997 98.40298
C03 624.979 98.74644
C03 650.012 99.14919
C03 675.004 98.89906
C03 700.03 98.49048
C03 725.012 98.593285
C03 750.022 99.03675
C03 774.987 99.124596
C03 799.976 98.43985
C03 824.988 96.68049
C03 850.022 94.519554
C03 869.967 91.345924
C03 875.002 90.67123
C03 899.999 82.9275
C03 919.999 73.86263
C03 925.012 70.78694
C03 949.965 57.80668
C03 975.002 43.40764
C03 999.976 26.258509
C03 1025.028 11.228405
C03 1050.014 3.8994238
C03 1075.002 2.114749
C03 1099.99 1.6933533
C15 319.994 45.05899
C15 324.969 50.839092
C15 349.982 76.38979
C15 374.975 82.06402
C15 400.019 87.62553
C15 424.965 87.73451
C15 450.035 89.12255
C15 475.003 91.86408
C15 500.018 92.86303
C15 525.002 95.19538
C15 550.029 97.25338
C15 575.023 97.251
C15 599.982 99.0445
C15 619.997 98.65399
C15 624.979 99.00258
C15 650.012 99.408
C15 675.004 99.14392
C15 700.03 98.64096
C15 725.012 98.472176
C15 750.022 98.56946
C15 774.987 98.328064
C15 799.976 97.51838
C15 824.988 95.809326
C15 850.022 93.62615
C15 869.967 90.439995
C15 875.002 89.7698
C15 899.999 82.42547
C15 919.999 73.929985
C15 925.012 70.94557
C15 949.965 57.39571
C15 975.002 42.67998
C15 999.976 25.94961
C15 1025.028 11.208336
C15 1050.014 3.8774397
C15 1075.002 2.0925632
C15 1099.99 1.6725266
C17 319.994 45.53009
C17 324.969 51.37486
C17 349.982 77.032166
C17 374.975 82.445724
C17 400.019 87.763145
C17 424.965 87.78474
C17 450.035 89.13948
C17 475.003 91.86449
C17 500.018 92.84926
C17 525.002 95.16644
C17 550.029 97.21433
C17 575.023 97.1991
C17 599.982 98.977135
C17 619.997 98.57587
C17 624.979 98.92108
C17 650.012 99.31737
C17 675.004 99.040794
C17 700.03 98.539734
C17 725.012 98.39682
C17 750.022 98.53833
C17 774.987 98.339355
C17 799.976 97.555984
C17 824.988 95.8592
C17 850.022 93.639565
C17 869.967 90.56368
C17 875.002 89.92804
C17 899.999 82.55288
C17 919.999 73.66635
C17 925.012 70.627785
C17 949.965 57.60995
C17 975.002 43.241207
C17 999.976 26.157211
C17 1025.028 11.263241
C17 1050.014 3.9180756
C17 1075.002 2.1275415
C17 1099.99 1.6922164
C01 319.994 44.82114
C01 324.969 50.57099
C01 349.982 76.03768
C01 374.975 81.75031
C01 400.019 87.3051
C01 424.965 87.41445
C01 450.035 88.79193
C01 475.003 91.52164
C01 500.018 92.51401
C01 525.002 94.832344
C01 550.029 96.8881
C01 575.023 96.885284
C01 599.982 98.675224
C01 619.997 98.28917
C01 624.979 98.637825
C01 650.012 99.04793
C01 675.004 98.802826
C01 700.03 98.40179
C01 725.012 98.51277
C01 750.022 98.95713
C01 774.987 99.051796
C01 799.976 98.366
C01 824.988 96.59782
C01 850.022 94.50331
C01 869.967 91.25553
C01 875.002 90.53868
C01 899.999 82.7682
C01 919.999 73.97967
C01 925.012 71.04993
C01 949.965 57.880608
C01 975.002 43.095848
C01 999.976 26.109465
C01 1025.028 11.244361
C01 1050.014 3.9321544
C01 1075.002 2.124599
C01 1099.99 1.6879314
C10 319.994 44.044437
C10 324.969 49.696274
C10 349.982 75.03347
C10 374.975 81.2303
C10 400.019 87.17332
C10 424.965 87.418304
C10 450.035 88.8492
C10 475.003 91.61135
C10 500.018 92.626366
C10 525.002 94.97939
C10 550.029 97.06122
C10 575.023 97.08778
C10 599.982 98.90717
C10 619.997 98.54251
C10 624.979 98.894455
C10 650.012 99.32902
C10 675.004 99.09085
C10 700.03 98.616356
C10 725.012 98.47166
C10 750.022 98.59613
C10 774.987 98.37809
C10 799.976 97.59184
C10 824.988 95.8881
C10 850.022 93.71384
C10 869.967 90.63879
C10 875.002 90.00603
C10 899.999 82.5545
C10 919.999 73.9375
C10 925.012 71.02083
C10 949.965 57.92864
C10 975.002 43.088806
C10 999.976 26.23155
C10 1025.028 11.448451
C10 1050.014 3.962337
C10 1075.002 2.1130204
C10 1099.99 1.677496
C02 319.994 44.86541
C02 324.969 50.619263
C02 349.982 76.02986
C02 374.975 81.67811
C02 400.019 87.2247
C02 424.965 87.336525
C02 450.035 88.71495
C02 475.003 91.442314
C02 500.018 92.43298
C02 525.002 94.7513
C02 550.029 96.79684
C02 575.023 96.78957
C02 599.982 98.57684
C02 619.997 98.18464
C02 624.979 98.53395
C02 650.012 98.93567
C02 675.004 98.6865
C02 700.03 98.281876
C02 725.012 98.38758
C02 750.022 98.83015
C02 774.987 98.91549
C02 799.976 98.23056
C02 824.988 96.47391
C02 850.022 94.355774
C02 869.967 91.12424
C02 875.002 90.438126
C02 899.999 82.73146
C02 919.999 73.88457
C02 925.012 70.882835
C02 949.965 57.668903
C02 975.002 43.141605
C02 999.976 26.114561
C02 1025.028 11.219495
C02 1050.014 3.9163857
C02 1075.002 2.1173427
C02 1099.99 1.687019
C11 319.994 44.332466
C11 324.969 50.021152
C11 349.982 75.420425
C11 374.975 81.47672
C11 400.019 87.32523
C11 424.965 87.53859
C11 450.035 88.96162
C11 475.003 91.72479
C11 500.018 92.73929
C11 525.002 95.08716
C11 550.029 97.16527
C11 575.023 97.17932
C11 599.982 98.99577
C11 619.997 98.620186
C11 624.979 98.97281
C11 650.012 99.40064
C11 675.004 99.152756
C11 700.03 98.66851
C11 725.012 98.50639
C11 750.022 98.61133
C11 774.987 98.37567
C11 799.976 97.58287
C11 824.988 95.87824
C11 850.022 93.71622
C11 869.967 90.6377
C11 875.002 89.99355
C11 899.999 82.5147
C11 919.999 73.99296
C11 925.012 71.10443
C11 949.965 57.952854
C11 975.002 43.01483
C11 999.976 26.170813
C11 1025.028 11.40927
C11 1050.014 3.9477031
C11 1075.002 2.106295
C11 1099.99 1.6771349
