lsstCam/transmission_filter_detector/r10_s02/g_6/19700101T000000.ecsv
# %ECSV 1.0
# ---
# datatype:
# - {name: wavelength, unit: nm, datatype: float32}
# - {name: efficiency, unit: '%', datatype: float64}
# meta: !!omap
# - {MODE: DETECTOR}
# - {TYPE: transmission_filter_detector}
# - {CALIBDATE: '1970-01-01T00:00:00'}
# - {INSTRUME: LSSTCam}
# - {OBSTYPE: transmission_filter_detector}
# - {CALIBCLS: lsst.ip.isr.IntermediateFilterDetectorTransmissionCurve}
# - {SOURCE: Materion (DM-46256)}
# - {DETECTOR: 29}
# - {FILTER: g_6}
# - {CALIB_ID: 'calibDate=1970-01-01T00:00:00 filter=g_6 detector=29'}
# - {DATE: '2025-04-02T15:59:42.162377'}
# - {CALIB_CREATION_DATE: '2025-04-02'}
# - {CALIB_CREATION_TIME: '15:59:42'}
# - __serialized_columns__:
#     efficiency:
#       __class__: astropy.units.quantity.Quantity
#       unit: !astropy.units.Unit {unit: '%'}
#       value: !astropy.table.SerializedColumn {name: efficiency}
#     wavelength:
#       __class__: astropy.units.quantity.Quantity
#       unit: !astropy.units.Unit {unit: nm}
#       value: !astropy.table.SerializedColumn {name: wavelength}
# schema: astropy-2.0
wavelength efficiency
300.0 0.5268125329166651
301.0 0.3830933477729559
302.0 0.2393741626292467
303.0 0.21511460654437542
304.0 0.19085501553490758
305.0 0.19935204181820154
306.0 0.20784905645996332
307.0 0.21580886095762253
308.0 0.22376864217221737
309.0 0.2230056095868349
310.0 0.22224262356758118
311.0 0.21225737873464823
312.0 0.202272180467844
313.0 0.20040443632751703
314.0 0.19853671547025442
315.0 0.1888935687020421
316.0 0.17925046849995852
317.0 0.17758022295311093
318.0 0.17591000068932772
319.0 0.1623774180188775
320.0 0.14884481206536293
321.0 0.14241223689168692
322.0 0.13597965007647872
323.0 0.11479782406240702
324.0 0.09361603297293186
325.0 0.08622844470664859
326.0 0.07884085061959922
327.0 0.07237055106088519
328.0 0.06590024568140507
329.0 0.06252090097405016
330.0 0.05914155044592917
331.0 0.054933998035266995
332.0 0.05072644562460482
333.0 0.04722744051832706
334.0 0.043728435412049294
335.0 0.042451429180800915
336.0 0.041174422949552536
337.0 0.041752096149139106
338.0 0.04232976643834263
339.0 0.04098542558494955
340.0 0.039641084731556475
341.0 0.03776260418817401
342.0 0.03588412655517459
343.0 0.03251728194300085
344.0 0.02915043442044407
345.0 0.025733254733495414
346.0 0.022316073591355234
347.0 0.020952172053512186
348.0 0.019588269060477614
349.0 0.017976717208512127
350.0 0.7865414954721928
351.0 0.8735358715057373
352.0 0.8797787129878998
353.0 0.8922809734940529
354.0 0.5745133385062218
355.0 0.7606606464833021
356.0 0.8076800033450127
357.0 0.6704174913465977
358.0 0.45299422927200794
359.0 0.8205395191907883
360.0 0.5817146971821785
361.0 0.7173977792263031
362.0 0.4267343319952488
363.0 0.7378695532679558
364.0 0.5419415887445211
365.0 0.8188490755856037
366.0 0.47164754942059517
367.0 0.6607584655284882
368.0 0.41209040209650993
369.0 0.5624189041554928
370.0 0.3602163400501013
371.0 0.5471377167850733
372.0 0.4051090218126774
373.0 0.6039976142346859
374.0 0.3890165826305747
375.0 0.5316676571965218
376.0 0.28624089900404215
377.0 0.5111954640597105
378.0 0.36179216112941504
379.0 0.51995231769979
380.0 0.3930383827537298
381.0 0.5179216619580984
382.0 0.5180498119443655
383.0 0.5494756158441305
384.0 0.5777916871011257
385.0 0.5761475302278996
386.0 0.6403515115380287
387.0 0.7785226218402386
388.0 0.9701364673674107
389.0 1.1866817250847816
390.0 1.7985552549362183
391.0 2.7371305972337723
392.0 4.383623972535133
393.0 7.002450525760651
394.0 10.467363148927689
395.0 15.276665985584259
396.0 21.13872617483139
397.0 28.530389070510864
398.0 37.08047270774841
399.0 46.37848734855652
400.0 55.821508169174194
401.0 64.74577784538269
402.0 72.9981541633606
403.0 79.86001968383789
404.0 84.88569855690002
405.0 88.64958882331848
406.0 90.68254232406616
407.0 92.25966930389404
408.0 93.25882196426392
409.0 93.64463090896606
410.0 93.78906488418579
411.0 93.65419149398804
412.0 93.30176711082458
413.0 93.09360980987549
414.0 92.94344186782837
415.0 93.13042759895325
416.0 93.5251533985138
417.0 93.82453560829163
418.0 94.30806636810303
419.0 94.83903050422668
420.0 95.40090560913086
421.0 95.95722556114197
422.0 96.10658288002014
423.0 96.30230665206909
424.0 96.13028764724731
425.0 96.03896737098694
426.0 96.0233986377716
427.0 96.03453874588013
428.0 95.82509398460388
429.0 95.6774890422821
430.0 95.56621313095093
431.0 95.63205242156982
432.0 95.65339088439941
433.0 95.77414393424988
434.0 95.86475491523743
435.0 95.98492383956909
436.0 95.98705768585205
437.0 96.00838422775269
438.0 96.09231948852539
439.0 96.12165093421936
440.0 96.11457586288452
441.0 96.2579607963562
442.0 96.22281789779663
443.0 96.15967273712158
444.0 96.1743712425232
445.0 95.8885669708252
446.0 95.74135541915894
447.0 95.50551772117615
448.0 95.51059603691101
449.0 95.69060802459717
450.0 95.94982266426086
451.0 96.1868941783905
452.0 96.33209705352783
453.0 96.47578597068787
454.0 96.50452733039856
455.0 96.84470295906067
456.0 96.95643186569214
457.0 97.09221720695496
458.0 97.05396890640259
459.0 97.07666039466858
460.0 97.1289336681366
461.0 97.21766114234924
462.0 97.14506268501282
463.0 97.02304005622864
464.0 97.13326692581177
465.0 97.10737466812134
466.0 97.05376029014587
467.0 97.08186984062195
468.0 97.107595205307
469.0 97.15129733085632
470.0 96.97594046592712
471.0 96.87614440917969
472.0 96.88794612884521
473.0 96.81146144866943
474.0 96.7417061328888
475.0 96.79029583930969
476.0 96.79594039916992
477.0 96.84476256370544
478.0 96.96861505508423
479.0 96.9468891620636
480.0 97.11421132087708
481.0 97.18959331512451
482.0 97.37767577171326
483.0 97.28832840919495
484.0 97.46155738830566
485.0 97.54815101623535
486.0 97.5252628326416
487.0 97.5822389125824
488.0 97.55715727806091
489.0 97.70631790161133
490.0 97.63163328170776
491.0 97.66972064971924
492.0 97.60544300079346
493.0 97.61974811553955
494.0 97.6037323474884
495.0 97.65181541442871
496.0 97.47437834739685
497.0 97.40809798240662
498.0 97.20377922058105
499.0 97.22716808319092
500.0 97.18035459518433
501.0 97.17380404472351
502.0 97.05830216407776
503.0 97.22630977630615
504.0 97.08653092384338
505.0 97.0976710319519
506.0 97.10633754730225
507.0 97.03689217567444
508.0 97.04650640487671
509.0 97.02947735786438
510.0 96.99801802635193
511.0 96.936696767807
512.0 96.88413739204407
513.0 96.96303009986877
514.0 96.93213105201721
515.0 96.98370099067688
516.0 97.05199599266052
517.0 97.05595970153809
518.0 97.15954661369324
519.0 97.16482758522034
520.0 97.20036387443542
521.0 97.31037020683289
522.0 97.31663465499878
523.0 97.2473680973053
524.0 97.30436205863953
525.0 97.24494814872742
526.0 97.38178253173828
527.0 97.37276434898376
528.0 97.43323922157288
529.0 97.52508997917175
530.0 97.52856492996216
531.0 97.65089750289917
532.0 97.51834869384766
533.0 97.55181074142456
534.0 97.49892354011536
535.0 97.29280471801758
536.0 96.92977666854858
537.0 96.35212421417236
538.0 95.59202194213867
539.0 94.11018490791321
540.0 92.35243797302246
541.0 89.6918773651123
542.0 86.87170147895813
543.0 83.15595984458923
544.0 78.50446105003357
545.0 74.39595460891724
546.0 69.45151686668396
547.0 64.92449641227722
548.0 60.452479124069214
549.0 56.504446268081665
550.0 53.3841073513031
551.0 50.406140089035034
552.0 48.079317808151245
553.0 45.57616710662842
554.0 42.63971149921417
555.0 39.33870494365692
556.0 34.962281584739685
557.0 29.945284128189087
558.0 24.52850639820099
559.0 19.20875906944275
560.0 14.164632558822632
561.0 9.533311426639557
562.0 6.076236069202423
563.0 3.528112918138504
564.0 1.9206097349524498
565.0 0.9206063114106655
566.0 0.4889319185167551
567.0 0.25296653620898724
568.0 0.16524934908375144
569.0 0.10309064527973533
570.0 0.073175725992769
571.0 0.045982596930116415
572.0 0.050774693954735994
573.0 0.03770171315409243
574.0 0.03865864418912679
575.0 0.034390759537927806
576.0 0.029614809318445623
577.0 0.02627258945722133
578.0 0.03422477457206696
579.0 0.02856072096619755
580.0 0.02789119607768953
581.0 0.0177450681803748
582.0 0.021634530276060104
583.0 0.021676004689652473
584.0 0.01911382278194651
585.0 0.008483241981593892
586.0 0.02389794826740399
587.0 0.010921723151113838
588.0 0.022482489293906838
589.0 0.008113955846056342
590.0 0.02187948120990768
591.0 0.00946352447499521
592.0 0.01000818665488623
593.0 0.01188120077131316
594.0 0.011094124056398869
595.0 0.013613993360195309
596.0 0.000677647676639026
597.0 0.012058216816512868
598.0 0.010261956049362198
599.0 0.011112039646832272
600.0 0.007929795538075268
601.0 0.002308777766302228
602.0 0.0024014394512050785
603.0 0.002494100590411108
604.0 0.0022918411559658125
605.0 0.0020895815396215767
606.0 0.0020506940927589312
607.0 0.0020118066458962858
608.0 0.0018822744095814414
609.0 0.001752742173266597
610.0 0.001850759144872427
611.0 0.0019487759345793165
612.0 0.001816341136873234
613.0 0.0016839063391671516
614.0 0.0017357002434437163
615.0 0.001787494693417102
616.0 0.001908049853227567
617.0 0.0020286050130380318
618.0 0.0018689432181417942
619.0 0.0017092814232455567
620.0 0.0017014906916301697
621.0 0.0016936999600147828
622.0 0.0015411509593832307
623.0 0.001388601685903268
624.0 0.001431231248716358
625.0 0.0014738609024789184
626.0 0.0014147558431432117
627.0 0.0013556512385548558
628.0 0.0014509666470985394
629.0 0.0015462823284906335
630.0 0.0013870189832232427
631.0 0.0012277554560569115
632.0 0.0013732686056755483
633.0 0.0015187814824457746
634.0 0.001460291605326347
635.0 0.0014018012734595686
636.0 0.0013838931408827193
637.0 0.0013659854630532209
638.0 0.0012419074664649088
639.0 0.0011178292879776563
640.0 0.0011032990187231917
641.0 0.0010887685675697867
642.0 0.001313213215325959
643.0 0.0015376579540316015
644.0 0.0014483374798146542
645.0 0.0013590167327492964
646.0 0.0012510647138697095
647.0 0.001143112876889063
648.0 0.0010485096936463378
649.0 0.0009539063285046723
650.0 0.001210474147228524
651.0 0.001467041511205025
652.0 0.00122031633509323
653.0 0.0009735912499309052
654.0 0.0010752935850177892
655.0 0.0011769961929530837
656.0 0.001168174003396416
657.0 0.0011593517228902783
658.0 0.001094300841941731
659.0 0.0010292503247910645
660.0 0.0009652688277128618
661.0 0.0009012874215841293
662.0 0.0010099191968038213
663.0 0.0011185512448719237
664.0 0.0011915672075701877
665.0 0.0012645828974200413
666.0 0.0011374991117918398
667.0 0.0010104149623657577
668.0 0.001149903800978791
669.0 0.0012893926395918243
670.0 0.0012263888493180275
671.0 0.0011633849680947606
672.0 0.0011806299880845472
673.0 0.0011978749171248637
674.0 0.0011485589311632793
675.0 0.001099242945201695
676.0 0.0010453191862325184
677.0 0.0009913952453644015
678.0 0.0010993056093866471
679.0 0.001207216155307833
680.0 0.001059338501363527
681.0 0.000911460847419221
682.0 0.0009804248293221463
683.0 0.0010493887202756014
684.0 0.0009066698112292215
685.0 0.0007639508112333715
686.0 0.0009809657967707608
687.0 0.00119798069135868
688.0 0.0011633432222879492
689.0 0.0011287058441666886
690.0 0.0010146264685317874
691.0 0.0009005470928968862
692.0 0.000921840182854794
693.0 0.0009431332728127018
694.0 0.001012281882140087
695.0 0.001081430400518002
696.0 0.001127247560361866
697.0 0.001173064265458379
698.0 0.0012769820386893116
699.0 0.001380899720970774
700.0 0.0011636288036243059
701.0 0.0009463577043788973
702.0 0.0010757163181551732
703.0 0.0012050746590830386
704.0 0.0011898655429831706
705.0 0.001174656154034892
706.0 0.0011314246876281686
707.0 0.0010881934031203855
708.0 0.0010436554475745652
709.0 0.0009991176739276852
710.0 0.0011227690265513957
711.0 0.001246420833922457
712.0 0.0011906095096492209
713.0 0.001134798276325455
714.0 0.0012046135452692397
715.0 0.0012744289961119648
716.0 0.001475867975386791
717.0 0.001677307409408968
718.0 0.0019326122128404677
719.0 0.002187916834373027
720.0 0.0017652007954893634
721.0 0.0013424847566056997
722.0 0.0014892997569404542
723.0 0.00163611530297203
724.0 0.0016437066733487882
725.0 0.0016512984075234272
726.0 0.0017748250684235245
727.0 0.0018983515474246815
728.0 0.001962859823834151
729.0 0.0020273679183446802
730.0 0.0019722965589608066
731.0 0.001917225199576933
732.0 0.0018260110664414242
733.0 0.0017347971152048558
734.0 0.0015388823157991283
735.0 0.0013429677892418113
736.0 0.001163576507678954
737.0 0.0009841850442171562
738.0 0.0010616795407258905
739.0 0.0011391740372346248
740.0 0.000949418063100893
741.0 0.0007596618615934858
742.0 0.0007395916327368468
743.0 0.0007195213584054727
744.0 0.0008718203389435075
745.0 0.0010241195923299529
746.0 0.0010470449524291325
747.0 0.0010699704034777824
748.0 0.0011761906534957234
749.0 0.0012824109944631346
750.0 0.001082242488337215
751.0 0.0008820743460091762
752.0 0.0007911978173069656
753.0 0.0007003216069279006
754.0 0.0008353807061212137
755.0 0.000970439850789262
756.0 0.0009262062121706549
757.0 0.0008819724826025777
758.0 0.000878169885254465
759.0 0.000874367560754763
760.0 0.0007012952664808836
761.0 0.0005282229267322691
762.0 0.0005601400516752619
763.0 0.0005920570401940495
764.0 0.0007213399840111379
765.0 0.0008506232006766368
766.0 0.0007873053618823178
767.0 0.000723987614037469
768.0 0.0006307328476395924
769.0 0.0005374780812417157
770.0 0.0004287157480575843
771.0 0.00031995341487345286
772.0 0.0005562867499975255
773.0 0.0007926203579700086
774.0 0.0008693948984728195
775.0 0.0009461694389756303
776.0 0.0008586643161834218
777.0 0.000771159102441743
778.0 0.0007242277661134722
779.0 0.0006772964752599364
780.0 0.0006315945938695222
781.0 0.0005858926670043729
782.0 0.0006087278961786069
783.0 0.0006315629889286356
784.0 0.000734615241526626
785.0 0.0008376674486498814
786.0 0.0007243032541737193
787.0 0.0006109392870712327
788.0 0.0004195455858280184
789.0 0.0002281519073221716
790.0 0.00023684581265115412
791.0 0.0002455396952427691
792.0 0.0002514261041142163
793.0 0.00025731253572303103
794.0 0.0002599175786599517
795.0 0.00026252262159687234
796.0 0.0003541673549989355
797.0 0.0004458120656636311
798.0 0.00048268998398270924
799.0 0.0005195679023017874
800.0 0.0005086747933091829
801.0 0.0004977817752660485
802.0 0.0004056034413224552
803.0 0.0003134251755909645
804.0 0.0002662429551492096
805.0 0.00021906080291955732
806.0 0.000280741801361728
807.0 0.00034242279980389867
808.0 0.0004099446414329577
809.0 0.0004774664830620168
810.0 0.00031624535949958954
811.0 0.00015502419046242721
812.0 0.00020484785636654124
813.0 0.0002546714995332877
814.0 0.00033080100365623366
815.0 0.00040693053051654715
816.0 0.000516271757078357
817.0 0.0006256128472159617
818.0 0.00042650176510505844
819.0 0.0002273907284688903
820.0 0.000406180470235995
821.0 0.0005849700755788945
822.0 0.0004405590516398661
823.0 0.00029614805043820525
824.0 0.0003613962235249346
825.0 0.00042664432839956135
826.0 0.0005450511253002333
827.0 0.000663457831251435
828.0 0.0006165390459500486
829.0 0.000569620169699192
830.0 0.0004747232196677942
831.0 0.0003798262696363963
832.0 0.0005090425929665798
833.0 0.0006382588708220283
834.0 0.0004979694494977593
835.0 0.00035768005091085797
836.0 0.00042859965105890296
837.0 0.0004995193194190506
838.0 0.00041572857298888266
839.0 0.0003319378720334498
840.0 0.0004759098374051973
841.0 0.0006198817118274746
842.0 0.0003328622597109643
843.0 4.5842730855838454e-05
844.0 9.89294562714349e-05
845.0 0.00015201619589788606
846.0 0.00038420712371589616
847.0 0.000616398165220744
848.0 0.0005272773250908358
849.0 0.0004381565759103978
850.0 0.0004926466317556333
851.0 0.0005471366876008688
852.0 0.0005976014108455274
853.0 0.0006480657248175703
854.0 0.000573187480767956
855.0 0.0004983091002941364
856.0 0.0005024049187341006
857.0 0.000506500828123535
858.0 0.0005411322945292341
859.0 0.0005757637609349331
860.0 0.0005561304078582907
861.0 0.0005364969638321782
862.0 0.0005126598807692062
863.0 0.0004888228431809694
864.0 0.0004309198629925959
865.0 0.00037301690554158995
866.0 0.00040972581700771116
867.0 0.0004464347057364648
868.0 0.0006006769581290428
869.0 0.0007549192105216207
870.0 0.0006234670763660688
871.0 0.0004920148057863116
872.0 0.00036965270737709943
873.0 0.00024729051801841706
874.0 0.0004183702912996523
875.0 0.0005894501100556226
876.0 0.0006461770226451335
877.0 0.0007029038897599094
878.0 0.0006800434675824363
879.0 0.000657182954455493
880.0 0.0006019157808623277
881.0 0.0005466488801175728
882.0 0.0005092374522064347
883.0 0.00047182629714370705
884.0 0.0005177739240025403
885.0 0.000563721778235049
886.0 0.0006936451427463908
887.0 0.000823568734631408
888.0 0.000659837678540498
889.0 0.0004961067133990582
890.0 0.0005537889592233114
891.0 0.0006114713414717698
892.0 0.0005528055680770194
893.0 0.0004941399311064743
894.0 0.0004757068381877616
895.0 0.00045727383621851914
896.0 0.00027274047624814557
897.0 8.820709354040446e-05
898.0 0.00025375659333803924
899.0 0.0004193060703983065
900.0 0.00036023914162797155
901.0 0.00030117216738290153
902.0 0.0004945047294313554
903.0 0.0006878372914798092
904.0 0.00035753762404056033
905.0 2.7237874178354105e-05
906.0 0.0002786686536637717
