lsstCam/transmission_filter_detector/r10_s02/g_6/19700101T000000.ecsv
# %ECSV 1.0
# ---
# datatype:
# - {name: wavelength, unit: nm, datatype: float32}
# - {name: efficiency, unit: '%', datatype: float64}
# meta: !!omap
# - {MODE: DETECTOR}
# - {TYPE: transmission_filter_detector}
# - {CALIBDATE: '1970-01-01T00:00:00'}
# - {INSTRUME: LSSTCam}
# - {OBSTYPE: transmission_filter_detector}
# - {CALIBCLS: lsst.ip.isr.IntermediateFilterDetectorTransmissionCurve}
# - {SOURCE: Materion (DM-46256)}
# - {DETECTOR: 29}
# - {FILTER: g_6}
# - {CALIB_ID: 'calibDate=1970-01-01T00:00:00 filter=g_6 detector=29'}
# - {DATE: '2025-04-02T15:59:42.162377'}
# - {CALIB_CREATION_DATE: '2025-04-02'}
# - {CALIB_CREATION_TIME: '15:59:42'}
# - __serialized_columns__:
#     efficiency:
#       __class__: astropy.units.quantity.Quantity
#       unit: !astropy.units.Unit {unit: '%'}
#       value: !astropy.table.SerializedColumn {name: efficiency}
#     wavelength:
#       __class__: astropy.units.quantity.Quantity
#       unit: !astropy.units.Unit {unit: nm}
#       value: !astropy.table.SerializedColumn {name: wavelength}
# schema: astropy-2.0
wavelength efficiency
[from data line 608]
908.0 0.0004755349891638616
909.0 0.0004209706276014913
910.0 0.00039752239899826236
911.0 0.0003740742158697685
912.0 0.0004626302597898757
913.0 0.0005511863946594531
914.0 0.00034096697163477074
915.0 0.00013074762819087482
916.0 0.00015319787962653209
917.0 0.00017564809695613803
918.0 0.00019820167835860047
919.0 0.00022075525976106292
920.0 0.00028932538498338545
921.0 0.0003578955329430755
922.0 0.0004949527465214487
923.0 0.0006320099146250868
924.0 0.0005587893156189239
925.0 0.0004855686711380258
926.0 0.0005451096967590274
927.0 0.0006046508588042343
928.0 0.0005770806637883652
929.0 0.0005495105142472312
930.0 0.0005315632279234705
931.0 0.0005136159415997099
932.0 0.0004924818767904071
933.0 0.0004713478119811043
934.0 0.00046081977416179143
935.0 0.00045029173634247854
936.0 0.0004818631168745924
937.0 0.0005134344519319711
938.0 0.0006044271231075982
939.0 0.000695419703333755
940.0 0.000619090860709548
941.0 0.0005427618816611357
942.0 0.0006366167781379772
943.0 0.0007304717200895539
944.0 0.0006589133136003511
945.0 0.0005873548161616782
946.0 0.0005291055003908696
947.0 0.00047085618462006096
948.0 0.0008089662514976226
949.0 0.0011470764547993895
950.0 0.0010260786439175718
951.0 0.000905080833035754
952.0 0.0008911676559364423
953.0 0.0008772545697866008
954.0 0.0007921621545392554
955.0 0.0007070698757161153
956.0 0.0006333569672278827
957.0 0.0005596438313659746
958.0 0.0006784698143746937
959.0 0.0007972958883328829
960.0 0.0006201541509653907
961.0 0.0004430123226484284
962.0 0.0005284042799758026
963.0 0.0006137961463537067
964.0 0.0006972838491492439
965.0 0.0007807713700458407
966.0 0.0008205537596950307
967.0 0.0008603360583947506
968.0 0.0007725680916337296
969.0 0.0006848000793979736
970.0 0.0006930653853487456
971.0 0.0007013306912995176
972.0 0.0007821244253136683
973.0 0.0008629182048025541
974.0 0.0008063742825470399
975.0 0.0007498305876652012
976.0 0.0007855796866351739
977.0 0.0008213291039282922
978.0 0.0008933421668189112
979.0 0.0009653551387600601
980.0 0.0010050305718323216
981.0 0.0010447060958540533
982.0 0.0009992269042413682
983.0 0.0009537477126286831
984.0 0.0009251707524526864
985.0 0.00089659388322616
986.0 0.001081110349332448
987.0 0.0012656266335397959
988.0 0.0012947627510584425
989.0 0.0013238985047792085
990.0 0.0014243240912037436
991.0 0.0015247496776282787
992.0 0.0014862825992167927
993.0 0.0014478158846031874
994.0 0.0014249807463784236
995.0 0.0014021457900526002
996.0 0.0012749586858262774
997.0 0.0011477714906504843
998.0 0.0013128539649187587
999.0 0.0014779365301365033
1000.0 0.001399509983457392
1001.0 0.0013210832548793405
1002.0 0.0012214322850923054
1003.0 0.0011217814972042106
1004.0 0.0010905235285463277
1005.0 0.0010592654689389747
1006.0 0.0013636065887112636
1007.0 0.0016679477994330227
1008.0 0.0016339421563316137
1009.0 0.0015999370589270256
1010.0 0.0017226084310095757
1011.0 0.0018452801668900065
1012.0 0.0019902901840396225
1013.0 0.0021353005649871193
1014.0 0.002144363497791346
1015.0 0.0021534267943934537
1016.0 0.0024507968191755936
1017.0 0.002748167207755614
1018.0 0.0030004204745637253
1019.0 0.003252673923270777
1020.0 0.0032696218113414943
1021.0 0.0032865696994122118
1022.0 0.0036227211239747703
1023.0 0.003958872548537329
1024.0 0.004092982271686196
1025.0 0.004227091631037183
1026.0 0.004270092540537007
1027.0 0.00431309272244107
1028.0 0.0044447417167248204
1029.0 0.004576391074806452
1030.0 0.004671986243920401
1031.0 0.004767580685438588
1032.0 0.005155921826371923
1033.0 0.005544262603507377
1034.0 0.005358819544198923
1035.0 0.005173376848688349
1036.0 0.005319946649251506
1037.0 0.005466516086016782
1038.0 0.005656039138557389
1039.0 0.005845561827300116
1040.0 0.006304708949755877
1041.0 0.006763854617020115
1042.0 0.00689797307131812
1043.0 0.007032090798020363
1044.0 0.007248082692967728
1045.0 0.007464073860319331
1046.0 0.008470177272101864
1047.0 0.009476279956288636
1048.0 0.01084301111404784
1049.0 0.012209739361423999
1050.0 0.014656985877081752
1051.0 0.01710422948235646
1052.0 0.02065092121483758
1053.0 0.024197620223276317
1054.0 0.02886416914407164
1055.0 0.033530720975250006
1056.0 0.04028169787488878
1057.0 0.04703266313299537
1058.0 0.054684345377609134
1059.0 0.06233601598069072
1060.0 0.0698014278896153
1061.0 0.07726680487394333
1062.0 0.08434430346824229
1063.0 0.0914217671379447
1064.0 0.09674504399299622
1065.0 0.10206830920651555
1066.0 0.10709203779697418
1067.0 0.112115778028965
1068.0 0.11861083330586553
1069.0 0.1251059351488948
1070.0 0.13504353119060397
1071.0 0.14498112723231316
1072.0 0.15839672414585948
1073.0 0.17181227449327707
1074.0 0.18626669188961387
1075.0 0.20072113256901503
1076.0 0.21452521905303001
1077.0 0.22832928225398064
1078.0 0.24205036461353302
1079.0 0.2557714004069567
1080.0 0.272502307780087
1081.0 0.28923319187015295
1082.0 0.3157318802550435
1083.0 0.34223059192299843
1084.0 0.3791546216234565
1085.0 0.41607869789004326
1086.0 0.45095374807715416
1087.0 0.4858288448303938
1088.0 0.549623928964138
1089.0 0.6134189665317535
1090.0 0.6905719172209501
1091.0 0.767724821344018
1092.0 0.7970585487782955
1093.0 0.8263920433819294
1094.0 0.8630239404737949
1095.0 0.8996554650366306
1096.0 0.9438912384212017
1097.0 0.9881271980702877
1098.0 1.0084286332130432
1099.0 1.028730347752571
1100.0 1.185785885900259
1101.0 1.3428411446511745
