ts8/qe_curve/rtm-010_s11/19700101T000000.ecsv
# %ECSV 0.9
# ---
# datatype:
# - {name: amp_name, datatype: string}
# - {name: wavelength, unit: nm, datatype: float32}
# - {name: efficiency, unit: '%', datatype: float32}
# meta: !!omap
# - {MODE: AMP}
# - {TYPE: QE}
# - {CALIBDATE: '1970-01-01T00:00:00'}
# - {INSTRUME: TS8}
# - {OBSTYPE: qe_curve}
# - {DETECTOR: 67}
# - {PICKLEFILE: RaftRun12139.p}
# - {CALIB_ID: 'raftName=RTM-010 detectorName=S11 detector=67 calibDate=1970-01-01T00:00:00 ccd=67 ccdnum=67 filter=None'}
# - {DATE: '2020-01-23T15:34:31.881108'}
# - {CALIB_CREATION_DATE: '2020-01-23'}
# - {CALIB_CREATION_TIME: '15:34:31'}
# - __serialized_columns__:
#     efficiency:
#       __class__: astropy.units.quantity.Quantity
#       unit: !astropy.units.Unit {unit: '%'}
#       value: !astropy.table.SerializedColumn {name: efficiency}
#     wavelength:
#       __class__: astropy.units.quantity.Quantity
#       unit: !astropy.units.Unit {unit: nm}
#       value: !astropy.table.SerializedColumn {name: wavelength}
# schema: astropy-2.0
amp_name wavelength efficiency
C03 319.994 40.51345
C03 324.969 45.707817
C03 349.982 65.604256
C03 374.975 68.97454
C03 400.019 79.13402
C03 424.965 83.14726
C03 450.035 86.900894
C03 475.003 89.94576
C03 500.018 92.24754
C03 525.002 94.17789
C03 550.029 95.8496
C03 575.023 97.43345
C03 599.982 98.48978
C03 619.997 98.360214
C03 624.979 98.80717
C03 650.012 99.09186
C03 675.004 98.96737
C03 700.03 98.308876
C03 725.012 97.95858
C03 750.022 97.32567
C03 774.987 97.25875
C03 799.976 96.5952
C03 824.988 94.65977
C03 850.022 92.45966
C03 869.967 89.30401
C03 875.002 88.46291
C03 899.999 81.6145
C03 919.999 73.78503
C03 925.012 71.02359
C03 949.965 58.5109
C03 975.002 42.922783
C03 999.976 26.684107
C03 1025.028 11.809433
C03 1050.014 4.308824
C03 1075.002 2.3900416
C03 1099.99 1.8441494
C14 319.994 41.931316
C14 324.969 47.327785
C14 349.982 68.2805
C14 374.975 71.41429
C14 400.019 80.47285
C14 424.965 83.891716
C14 450.035 87.32677
C14 475.003 90.17722
C14 500.018 92.357086
C14 525.002 94.21283
C14 550.029 95.84269
C14 575.023 97.403656
C14 599.982 98.446045
C14 619.997 98.31249
C14 624.979 98.7594
C14 650.012 99.043724
C14 675.004 98.91908
C14 700.03 98.270096
C14 725.012 97.93116
C14 750.022 97.310036
C14 774.987 97.25214
C14 799.976 96.58329
C14 824.988 94.637405
C14 850.022 92.44623
C14 869.967 89.255554
C14 875.002 88.4168
C14 899.999 81.47802
C14 919.999 73.56518
C14 925.012 70.80208
C14 949.965 58.45491
C14 975.002 43.008976
C14 999.976 26.79495
C14 1025.028 11.802041
C14 1050.014 4.249825
C14 1075.002 2.3608463
C14 1099.99 1.8512099
C07 319.994 42.062046
C07 324.969 47.476383
C07 349.982 68.41081
C07 374.975 71.546715
C07 400.019 80.687996
C07 424.965 84.13196
C07 450.035 87.5838
C07 475.003 90.45184
C07 500.018 92.64212
C07 525.002 94.50341
C07 550.029 96.13806
C07 575.023 97.69987
C07 599.982 98.74322
C07 619.997 98.61073
C07 624.979 99.054756
C07 650.012 99.34058
C07 675.004 99.21276
C07 700.03 98.56852
C07 725.012 98.26624
C07 750.022 97.69341
C07 774.987 97.69177
C07 799.976 97.0446
C07 824.988 95.08074
C07 850.022 92.87998
C07 869.967 89.71885
C07 875.002 88.89831
C07 899.999 81.85577
C07 919.999 73.96512
C07 925.012 71.14139
C07 949.965 58.5874
C07 975.002 43.174812
C07 999.976 26.831213
C07 1025.028 11.905542
C07 1050.014 4.3397
C07 1075.002 2.41717
C07 1099.99 1.8671927
C10 319.994 42.97976
C10 324.969 48.53155
C10 349.982 70.289444
C10 374.975 73.24988
C10 400.019 81.477234
C10 424.965 84.44256
C10 450.035 87.63043
C10 475.003 90.33904
C10 500.018 92.4255
C10 525.002 94.225044
C10 550.029 95.82199
C10 575.023 97.36565
C10 599.982 98.40094
C10 619.997 98.26683
C10 624.979 98.71025
C10 650.012 98.996025
C10 675.004 98.87507
C10 700.03 98.239685
C10 725.012 97.95488
C10 750.022 97.39645
C10 774.987 97.39929
C10 799.976 96.74692
C10 824.988 94.7595
C10 850.022 92.513596
C10 869.967 89.29106
C10 875.002 88.46035
C10 899.999 81.39364
C10 919.999 73.50649
C10 925.012 70.66786
C10 949.965 58.090164
C10 975.002 42.997368
C10 999.976 26.786509
C10 1025.028 11.953034
C10 1050.014 4.2779527
C10 1075.002 2.357181
C10 1099.99 1.8467932
C16 319.994 41.38548
C16 324.969 46.702343
C16 349.982 67.2238
C16 374.975 70.41269
C16 400.019 79.91587
C16 424.965 83.58844
C16 450.035 87.163574
C16 475.003 90.10367
C16 500.018 92.33689
C16 525.002 94.22745
C16 550.029 95.873825
C16 575.023 97.44761
C16 599.982 98.49598
C16 619.997 98.36797
C16 624.979 98.812225
C16 650.012 99.09795
C16 675.004 98.97705
C16 700.03 98.32894
C16 725.012 98.004166
C16 750.022 97.3912
C16 774.987 97.345695
C16 799.976 96.684006
C16 824.988 94.758835
C16 850.022 92.52604
C16 869.967 89.30792
C16 875.002 88.49607
C16 899.999 81.63556
C16 919.999 73.51835
C16 925.012 70.78112
C16 949.965 58.404427
C16 975.002 43.17428
C16 999.976 26.7809
C16 1025.028 11.830505
C16 1050.014 4.3157377
C16 1075.002 2.3946707
C16 1099.99 1.8450341
C12 319.994 42.581257
C12 324.969 48.072186
C12 349.982 69.49942
C12 374.975 72.52872
C12 400.019 81.11453
C12 424.965 84.277626
C12 450.035 87.57268
C12 475.003 90.34378
C12 500.018 92.47307
C12 525.002 94.298546
C12 550.029 95.91035
C12 575.023 97.46066
C12 599.982 98.50071
C12 619.997 98.36314
C12 624.979 98.80884
C12 650.012 99.09311
C12 675.004 98.97132
C12 700.03 98.32446
C12 725.012 98.00036
C12 750.022 97.39898
C12 774.987 97.352936
C12 799.976 96.689354
C12 824.988 94.73013
C12 850.022 92.53195
C12 869.967 89.3338
C12 875.002 88.49776
C12 899.999 81.51945
C12 919.999 73.67787
C12 925.012 70.87124
C12 949.965 58.3748
C12 975.002 43.08922
C12 999.976 26.84219
C12 1025.028 11.876572
C12 1050.014 4.2558126
C12 1075.002 2.3600755
C12 1099.99 1.853412
C17 319.994 40.759113
C17 324.969 45.994102
C17 349.982 66.13714
C17 374.975 69.41753
C17 400.019 79.26493
C17 424.965 83.12518
C17 450.035 86.792946
C17 475.003 89.78703
C17 500.018 92.05937
C17 525.002 93.96782
C17 550.029 95.632355
C17 575.023 97.21083
C17 599.982 98.26469
C17 619.997 98.14021
C17 624.979 98.586044
C17 650.012 98.873955
C17 675.004 98.75151
C17 700.03 98.109
C17 725.012 97.79508
C17 750.022 97.20585
C17 774.987 97.17909
C17 799.976 96.53466
C17 824.988 94.60116
C17 850.022 92.40513
C17 869.967 89.21667
C17 875.002 88.382965
C17 899.999 81.5098
C17 919.999 73.43326
C17 925.012 70.72477
C17 949.965 58.399227
C17 975.002 43.389664
C17 999.976 26.8665
C17 1025.028 11.951389
C17 1050.014 4.3927207
C17 1075.002 2.3876047
C17 1099.99 1.8381099
C05 319.994 41.436714
C05 324.969 46.758305
C05 349.982 67.21481
C05 374.975 70.43072
C05 400.019 80.02635
C05 424.965 83.724
C05 450.035 87.313774
C05 475.003 90.2647
C05 500.018 92.50388
C05 525.002 94.39613
C05 550.029 96.04547
C05 575.023 97.613556
C05 599.982 98.65974
C05 619.997 98.52455
C05 624.979 98.97055
C05 650.012 99.25079
C05 675.004 99.12292
C05 700.03 98.464516
C05 725.012 98.12529
C05 750.022 97.504005
C05 774.987 97.45061
C05 799.976 96.78423
C05 824.988 94.83595
C05 850.022 92.63662
C05 869.967 89.47254
C05 875.002 88.596115
C05 899.999 81.675316
C05 919.999 73.662865
C05 925.012 71.126526
C05 949.965 58.436417
C05 975.002 43.00442
C05 999.976 26.912022
C05 1025.028 11.773111
C05 1050.014 4.2809143
C05 1075.002 2.396887
C05 1099.99 1.8546052
C04 319.994 41.0138
C04 324.969 46.277435
C04 349.982 66.4702
C04 374.975 69.73326
C04 400.019 79.53785
C04 424.965 83.362755
C04 450.035 87.011444
C04 475.003 89.996475
C04 500.018 92.260704
C04 525.002 94.16456
C04 550.029 95.820015
C04 575.023 97.39462
C04 599.982 98.44129
C04 619.997 98.307846
C04 624.979 98.7538
C04 650.012 99.03555
C04 675.004 98.90807
C04 700.03 98.249275
C04 725.012 97.90524
C04 750.022 97.27228
C04 774.987 97.20604
C04 799.976 96.543175
C04 824.988 94.60589
C04 850.022 92.4069
C04 869.967 89.22819
C04 875.002 88.432274
C04 899.999 81.47771
C04 919.999 73.673355
C04 925.012 70.95828
C04 949.965 58.344456
C04 975.002 42.993176
C04 999.976 26.63104
C04 1025.028 11.762808
C04 1050.014 4.3007736
C04 1075.002 2.3946064
C04 1099.99 1.8474878
C06 319.994 41.67166
C06 324.969 47.02632
C06 349.982 67.65374
C06 374.975 70.85227
C06 400.019 80.28631
C06 424.965 83.8879
C06 450.035 87.42181
C06 475.003 90.3338
C06 500.018 92.55544
C06 525.002 94.43022
C06 550.029 96.073395
C06 575.023 97.636284
C06 599.982 98.68047
C06 619.997 98.539276
C06 624.979 98.98556
C06 650.012 99.26561
C06 675.004 99.1377
C06 700.03 98.48432
C06 725.012 98.157265
C06 750.022 97.558105
C06 774.987 97.52501
C06 799.976 96.86969
C06 824.988 94.908485
C06 850.022 92.711464
C06 869.967 89.531395
C06 875.002 88.73516
C06 899.999 81.67847
C06 919.999 73.84121
C06 925.012 71.0914
C06 949.965 58.48517
C06 975.002 43.139877
C06 999.976 26.689322
C06 1025.028 11.774721
C06 1050.014 4.2978415
C06 1075.002 2.4085107
C06 1099.99 1.8612881
C11 319.994 42.78799
C11 324.969 48.311344
C11 349.982 69.93525
C11 374.975 72.970985
C11 400.019 81.419914
C11 424.965 84.495865
C11 450.035 87.745705
C11 475.003 90.49346
C11 500.018 92.60387
C11 525.002 94.42161
C11 550.029 96.03014
C11 575.023 97.58264
C11 599.982 98.624664
C11 619.997 98.48927
C11 624.979 98.93272
C11 650.012 99.21983
C11 675.004 99.10101
C11 700.03 98.45931
C11 725.012 98.149796
C11 750.022 97.570045
C11 774.987 97.54204
C11 799.976 96.88042
C11 824.988 94.90509
C11 850.022 92.687805
C11 869.967 89.473
C11 875.002 88.63277
C11 899.999 81.58327
C11 919.999 73.73605
C11 925.012 70.91528
C11 949.965 58.33688
C11 975.002 43.085102
C11 999.976 26.83388
C11 1025.028 11.901129
C11 1050.014 4.261041
C11 1075.002 2.3647144
C11 1099.99 1.8541635
C01 319.994 39.602085
C01 324.969 44.667698
C01 349.982 64.01004
C01 374.975 67.52023
C01 400.019 78.2893
C01 424.965 82.65153
C01 450.035 86.592766
C01 475.003 89.75596
C01 500.018 92.13083
C01 525.002 94.11223
C01 550.029 95.81611
C01 575.023 97.421036
C01 599.982 98.49342
C01 619.997 98.37022
C01 624.979 98.81978
C01 650.012 99.11346
C01 675.004 98.9942
C01 700.03 98.34289
C01 725.012 98.006546
C01 750.022 97.38387
C01 774.987 97.334854
C01 799.976 96.68093
C01 824.988 94.75458
C01 850.022 92.55025
C01 869.967 89.42014
C01 875.002 88.59437
C01 899.999 81.75835
C01 919.999 73.832375
C01 925.012 71.02777
C01 949.965 58.607048
C01 975.002 43.085354
C01 999.976 26.798887
C01 1025.028 11.891401
C01 1050.014 4.346623
C01 1075.002 2.3878806
C01 1099.99 1.8385035
C15 319.994 41.801502
C15 324.969 47.178604
C15 349.982 67.984505
C15 374.975 71.12496
C15 400.019 80.376785
C15 424.965 83.904854
C15 450.035 87.40288
C15 475.003 90.29203
C15 500.018 92.49972
C15 525.002 94.36699
C15 550.029 96.0076
C15 575.023 97.57451
C15 599.982 98.61942
C15 619.997 98.486176
C15 624.979 98.93325
C15 650.012 99.21759
C15 675.004 99.09353
C15 700.03 98.44112
C15 725.012 98.105316
C15 750.022 97.483925
C15 774.987 97.42903
C15 799.976 96.75986
C15 824.988 94.81766
C15 850.022 92.6201
C15 869.967 89.38502
C15 875.002 88.54145
C15 899.999 81.68647
C15 919.999 73.74817
C15 925.012 70.9338
C15 949.965 58.420395
C15 975.002 43.1275
C15 999.976 26.823908
C15 1025.028 11.813907
C15 1050.014 4.267477
C15 1075.002 2.3791625
C15 1099.99 1.8521507
C13 319.994 42.234837
C13 324.969 47.677517
C13 349.982 68.85059
C13 374.975 71.921524
C13 400.019 80.72513
C13 424.965 84.007385
C13 450.035 87.36789
C13 475.003 90.1741
C13 500.018 92.32613
C13 525.002 94.16259
C13 550.029 95.781395
C13 575.023 97.33351
C13 599.982 98.37191
C13 619.997 98.237785
C13 624.979 98.68311
C13 650.012 98.96891
C13 675.004 98.84313
C13 700.03 98.195755
C13 725.012 97.861946
C13 750.022 97.24435
C13 774.987 97.18953
C13 799.976 96.52746
C13 824.988 94.57998
C13 850.022 92.390526
C13 869.967 89.20315
C13 875.002 88.372986
C13 899.999 81.43124
C13 919.999 73.58701
C13 925.012 70.8054
C13 949.965 58.356102
C13 975.002 43.037636
C13 999.976 26.797762
C13 1025.028 11.842784
C13 1050.014 4.254279
C13 1075.002 2.361752
C13 1099.99 1.8521967
C00 319.994 38.72141
C00 324.969 43.663837
C00 349.982 62.468124
C00 374.975 66.08816
C00 400.019 77.29798
C00 424.965 81.92211
C00 450.035 85.99887
C00 475.003 89.23444
C00 500.018 91.66395
C00 525.002 93.67432
C00 550.029 95.39709
C00 575.023 97.00745
C00 599.982 98.08229
C00 619.997 97.96797
C00 624.979 98.41437
C00 650.012 98.71008
C00 675.004 98.59585
C00 700.03 97.95245
C00 725.012 97.62782
C00 750.022 97.02333
C00 774.987 96.99489
C00 799.976 96.35613
C00 824.988 94.42924
C00 850.022 92.24672
C00 869.967 89.13362
C00 875.002 88.307236
C00 899.999 81.50142
C00 919.999 73.59201
C00 925.012 70.77654
C00 949.965 58.397636
C00 975.002 43.03559
C00 999.976 26.78298
C00 1025.028 11.931612
C00 1050.014 4.375417
C00 1075.002 2.3738873
C00 1099.99 1.8319135
C02 319.994 40.06968
C02 324.969 45.199093
C02 349.982 64.818886
C02 374.975 68.22418
C02 400.019 78.6227
C02 424.965 82.780495
C02 450.035 86.60663
C02 475.003 89.695175
C02 500.018 92.02312
C02 525.002 93.97355
C02 550.029 95.65528
C02 575.023 97.243484
C02 599.982 98.303505
C02 619.997 98.17656
C02 624.979 98.625084
C02 650.012 98.912544
C02 675.004 98.7923
C02 700.03 98.13664
C02 725.012 97.793846
C02 750.022 97.16251
C02 774.987 97.09788
C02 799.976 96.44404
C02 824.988 94.51587
C02 850.022 92.325386
C02 869.967 89.162766
C02 875.002 88.33524
C02 899.999 81.53178
C02 919.999 73.67474
C02 925.012 70.919525
C02 949.965 58.379562
C02 975.002 42.887733
C02 999.976 26.691923
C02 1025.028 11.833249
C02 1050.014 4.3191137
C02 1075.002 2.3861942
C02 1099.99 1.8372726
