lsstCam/transmission_filter_detector/r03_s20/r_57/19700101T000000.ecsv
# %ECSV 1.0
# ---
# datatype:
# - {name: wavelength, unit: nm, datatype: float32}
# - {name: efficiency, unit: '%', datatype: float64}
# meta: !!omap
# - {MODE: DETECTOR}
# - {TYPE: transmission_filter_detector}
# - {CALIBDATE: '1970-01-01T00:00:00'}
# - {INSTRUME: LSSTCam}
# - {OBSTYPE: transmission_filter_detector}
# - {CALIBCLS: lsst.ip.isr.IntermediateFilterDetectorTransmissionCurve}
# - {SOURCE: Materion (DM-46256)}
# - {DETECTOR: 24}
# - {FILTER: r_57}
# - {CALIB_ID: 'calibDate=1970-01-01T00:00:00 filter=r_57 detector=24'}
# - {DATE: '2025-04-02T15:59:44.296040'}
# - {CALIB_CREATION_DATE: '2025-04-02'}
# - {CALIB_CREATION_TIME: '15:59:44'}
# - __serialized_columns__:
#     efficiency:
#       __class__: astropy.units.quantity.Quantity
#       unit: !astropy.units.Unit {unit: '%'}
#       value: !astropy.table.SerializedColumn {name: efficiency}
#     wavelength:
#       __class__: astropy.units.quantity.Quantity
#       unit: !astropy.units.Unit {unit: nm}
#       value: !astropy.table.SerializedColumn {name: wavelength}
# schema: astropy-2.0
wavelength efficiency
300.0 0.00232964721362805
301.0 0.006514599954243749
302.0 0.010699551785364747
303.0 0.013379077427089214
304.0 0.016058605979196727
305.0 0.014178501442074776
306.0 0.01229839981533587
307.0 0.010458495671628043
308.0 0.008618590072728693
309.0 0.007816463039489463
310.0 0.007014337461441755
311.0 0.006813705840613693
312.0 0.006613072764594108
313.0 0.0059285426686983556
314.0 0.00524401111761108
315.0 0.004656770033761859
316.0 0.004069528586114757
317.0 0.003913409818778746
318.0 0.0037572892324533314
319.0 0.0034239412343595177
320.0 0.003090593236265704
321.0 0.0030257571779657155
322.0 0.002960922029160429
323.0 0.00292805016215425
324.0 0.00289517793135019
325.0 0.002885445428546518
326.0 0.0028757127438439056
327.0 0.0027923691959585994
328.0 0.0027090256480732933
329.0 0.0027580357709666714
330.0 0.00280704607575899
331.0 0.0026239005819661543
332.0 0.0024407543605775572
333.0 0.002123779631801881
334.0 0.0018068049030262046
335.0 0.001667900687607471
336.0 0.0015289964721887372
337.0 0.0013769857105216943
338.0 0.0012249746760062408
339.0 0.0011180381079611834
340.0 0.0010111017218150664
341.0 0.0010262576324748807
342.0 0.001041413634084165
343.0 0.0009932301509252284
344.0 0.0009450467587157618
345.0 0.0009205336937156972
346.0 0.0008960207196651027
347.0 0.000902707233763067
348.0 0.0009093936569115613
349.0 0.0008598241038271226
350.0 0.005716659143217839
351.0 0.005852599133504555
352.0 0.005988539487589151
353.0 0.005104996307636611
354.0 0.004221453855279833
355.0 0.004686716783908196
356.0 0.005151980803930201
357.0 0.006667627167189494
358.0 0.008183274621842429
359.0 0.006128497625468299
360.0 0.004073719901498407
361.0 0.0028349586500553414
362.0 0.0015961972167133354
363.0 0.0025427852961001918
364.0 0.003489373193588108
365.0 0.003625581302912906
366.0 0.0037617897760355845
367.0 0.0031853134714765474
368.0 0.002608836439321749
369.0 0.0021848894903087057
370.0 0.0017609425412956625
371.0 0.002247913653263822
372.0 0.0027348849471309222
373.0 0.0032311942050000653
374.0 0.003727503280970268
375.0 0.0032754160201875493
376.0 0.0028233293051016517
377.0 0.0012609740224434063
378.0 1.624616131727652e-10
379.0 0.0008928822353482246
380.0 0.0020871457309112884
381.0 0.0027432657589088194
382.0 0.0033993863326031715
383.0 0.003386752723599784
384.0 0.0033741194783942774
385.0 0.004498386624618433
386.0 0.005622653043246828
387.0 0.004943695239489898
388.0 0.004264737435732968
389.0 0.003641057264758274
390.0 0.0030173763661878183
391.0 0.0022410813471651636
392.0 0.0014647863281425089
393.0 0.0015693105524405837
394.0 0.0016738345948397182
395.0 0.0012597330169228371
396.0 0.000845631439005956
397.0 0.0008403912943322212
398.0 0.0008351513315574266
399.0 0.0006747387033101404
400.0 0.0005143255748407682
401.0 0.0001943222059708205
402.0 1.624616131727652e-10
403.0 0.00011242857453908073
404.0 0.00035053910778515274
405.0 0.000760402690502815
406.0 0.001170265932159964
407.0 0.001701250766927842
408.0 0.0022322352378978394
409.0 0.0018590340914670378
410.0 0.001485832854086766
411.0 0.0010746559382823762
412.0 0.0006634791134274565
413.0 0.0007240269951580558
414.0 0.0007845749678381253
415.0 0.0008031194738578051
416.0 0.0008216642527258955
417.0 0.0012812812201445922
418.0 0.0017408985513611697
419.0 0.0022411295503843576
420.0 0.002741360731306486
421.0 0.004200145122013055
422.0 0.005658929512719624
423.0 0.008707866800250486
424.0 0.011756803723983467
425.0 0.01596379734110087
426.0 0.020170785137452185
427.0 0.020769353432115167
428.0 0.021367923181969672
429.0 0.016267341561615467
430.0 0.011166756303282455
431.0 0.007976239430718124
432.0 0.00478572073916439
433.0 0.003857999763567932
434.0 0.002930278242274653
435.0 0.002363305975450203
436.0 0.0017963333448278718
437.0 0.0015413241271744482
438.0 0.0012863151823694352
439.0 0.0010782471690617967
440.0 0.0008701791557541583
441.0 0.0010698330697778147
442.0 0.0012694870747509412
443.0 0.0016010850231396034
444.0 0.001932683153427206
445.0 0.0018680282664718106
446.0 0.0018033733795164153
447.0 0.0016596814020886086
448.0 0.0015159898794081528
449.0 0.0013856364603270777
450.0 0.0012552826774481218
451.0 0.0014626506526838057
452.0 0.0016700187188689597
453.0 0.0016289512132061645
454.0 0.001587883525644429
455.0 0.0014278168237069622
456.0 0.0012677503946179058
457.0 0.0009459811735723633
458.0 0.0006242120889510261
459.0 0.0008343378794961609
460.0 0.0010444636245665606
461.0 0.0016622750990791246
462.0 0.0022800861188443378
463.0 0.0030131690436974168
464.0 0.003746251968550496
465.0 0.004784677003044635
466.0 0.005823102401336655
467.0 0.006436601688619703
468.0 0.007050102431094274
469.0 0.006047259375918657
470.0 0.005044417412136681
471.0 0.003844995080726221
472.0 0.0026455720217199996
473.0 0.002132435838575475
474.0 0.0016192992916330695
475.0 0.001360156875307439
476.0 0.0011010147318302188
477.0 0.0009004877028928604
478.0 0.0006999605830060318
479.0 0.0009038509233505465
480.0 0.001107741172745591
481.0 0.0008527652425982524
482.0 0.000597789448875119
483.0 0.00066112884269387
484.0 0.0007244680091389455
485.0 0.0006738469892297871
486.0 0.0006232258328964235
487.0 0.0006431527253880631
488.0 0.0006630794359807624
489.0 0.0006489625320682535
490.0 0.0006348454917315394
491.0 0.0007652805834368337
492.0 0.0008957155841926578
493.0 0.0010107605703524314
494.0 0.0011258057384111453
495.0 0.000998676841845736
496.0 0.0008715477633813862
497.0 0.001107692423829576
498.0 0.0013438368114293553
499.0 0.0013649254469783045
500.0 0.001386014173476724
501.0 0.0015444073142134584
502.0 0.0017028009096975438
503.0 0.0020687679352704436
504.0 0.0024347351427422836
505.0 0.0029473398171830922
506.0 0.003459944491623901
507.0 0.004120830635656603
508.0 0.004781716415891424
509.0 0.005322918150341138
510.0 0.005864119157195091
511.0 0.005177257480681874
512.0 0.004490395440370776
513.0 0.003844403909170069
514.0 0.003198412377969362
515.0 0.002992069312313106
516.0 0.0027857264285557903
517.0 0.002592017699498683
518.0 0.0023983087885426357
519.0 0.0722298922482878
520.0 0.10191609617322683
521.0 0.06674053729511797
522.0 0.11706043733283877
523.0 0.042851263424381614
524.0 0.06933074328117073
525.0 0.11089943582192063
526.0 0.07467050454579294
527.0 0.08851863094605505
528.0 0.12099551968276501
529.0 0.14764434890821576
530.0 0.1310668420046568
531.0 0.21720866207033396
532.0 0.24786489084362984
533.0 0.25260308757424355
534.0 0.41331415995955467
535.0 0.5227917339652777
536.0 0.7139937952160835
537.0 1.0236112400889397
538.0 1.6530849039554596
539.0 2.600366435945034
540.0 4.102848097681999
541.0 6.0744281858205795
542.0 8.646270632743835
543.0 11.83072105050087
544.0 15.793991088867188
545.0 20.178087055683136
546.0 25.64178705215454
547.0 32.15324282646179
548.0 40.25447368621826
549.0 48.21562469005585
550.0 55.10089993476868
551.0 62.282705307006836
552.0 67.52443313598633
553.0 72.4183201789856
554.0 76.13205909729004
555.0 80.25256395339966
556.0 83.98089408874512
557.0 86.76106929779053
558.0 89.7808313369751
559.0 92.4988865852356
560.0 93.02452802658081
561.0 94.9752151966095
562.0 95.53005695343018
563.0 95.3791618347168
564.0 95.9778368473053
565.0 95.1140820980072
566.0 95.8774745464325
567.0 95.22039890289307
568.0 95.74657082557678
569.0 96.41039967536926
570.0 95.68156599998474
571.0 96.83265089988708
572.0 96.85617089271545
573.0 96.65784239768982
574.0 97.11648225784302
575.0 96.87931537628174
576.0 97.31518030166626
577.0 96.91661596298218
578.0 96.93074822425842
579.0 96.95317149162292
580.0 96.42477035522461
581.0 96.55136466026306
582.0 96.38161659240723
583.0 96.71329259872437
584.0 96.0948646068573
585.0 96.2634801864624
586.0 96.46108746528625
587.0 96.12507820129395
588.0 96.30959033966064
589.0 97.20352292060852
590.0 96.54653072357178
591.0 95.75064778327942
592.0 95.9107756614685
593.0 95.65189480781555
594.0 95.31437158584595
595.0 96.20585441589355
596.0 96.9197154045105
597.0 96.92600965499878
598.0 96.76828980445862
599.0 96.65823578834534
600.0 96.86696529388428
601.0 95.9866464138031
602.0 96.60438299179077
603.0 96.25386595726013
604.0 96.4000403881073
605.0 96.67097926139832
606.0 96.08624577522278
607.0 96.03736996650696
608.0 96.26057744026184
609.0 95.57528495788574
610.0 95.66517472267151
611.0 95.79731822013855
612.0 95.73404788970947
613.0 96.78786993026733
614.0 96.50734663009644
615.0 96.10528945922852
616.0 96.45063281059265
617.0 96.21437788009644
618.0 96.45854234695435
619.0 96.80027961730957
620.0 96.18096947669983
621.0 95.5769956111908
622.0 96.52324914932251
623.0 96.60109281539917
624.0 96.77718877792358
625.0 96.78521752357483
626.0 95.87398171424866
627.0 95.13866901397705
628.0 97.20413088798523
629.0 95.37350535392761
630.0 96.20974659919739
631.0 96.13275527954102
632.0 96.71177864074707
633.0 96.41212224960327
634.0 95.59988379478455
635.0 96.13136053085327
636.0 95.84504961967468
637.0 95.49446702003479
638.0 95.7427978515625
639.0 95.35090923309326
640.0 95.79851627349854
641.0 95.9558367729187
642.0 95.84692716598511
643.0 95.95111012458801
644.0 96.01396322250366
645.0 96.00552320480347
646.0 96.19315266609192
647.0 97.3700225353241
648.0 96.53106331825256
649.0 95.92286944389343
650.0 96.2198793888092
651.0 96.89103960990906
652.0 96.83674573898315
653.0 95.70668339729309
654.0 96.61757946014404
655.0 96.69943451881409
656.0 95.73385119438171
657.0 95.69186568260193
658.0 96.34475111961365
659.0 96.22007012367249
660.0 95.50096392631531
661.0 95.42090892791748
662.0 95.6923246383667
663.0 96.00937366485596
664.0 95.31606435775757
665.0 95.50518989562988
666.0 95.18039226531982
667.0 95.81825137138367
668.0 95.10646462440491
669.0 95.67561745643616
670.0 95.51796317100525
671.0 95.56400775909424
672.0 95.2617347240448
673.0 95.45387625694275
674.0 94.86711025238037
675.0 95.76533436775208
676.0 94.97047066688538
677.0 94.02145147323608
678.0 93.3795154094696
679.0 92.60549545288086
680.0 91.37624502182007
681.0 90.0388777256012
682.0 88.08307647705078
683.0 85.46894192695618
684.0 82.1666955947876
685.0 78.46364974975586
686.0 74.67952370643616
687.0 70.31775116920471
688.0 65.81336259841919
689.0 61.16127371788025
690.0 56.14666938781738
691.0 52.10777521133423
692.0 47.512537240982056
693.0 43.094149231910706
694.0 38.07898163795471
695.0 32.97508656978607
696.0 27.447420358657837
697.0 22.21415638923645
698.0 16.560588777065277
699.0 11.996056139469147
700.0 8.437782526016235
701.0 5.31565323472023
702.0 3.3198654651641846
703.0 1.8951069563627243
704.0 1.1420859955251217
705.0 0.6231091916561127
706.0 0.41895126923918724
707.0 0.26213591918349266
708.0 0.17612003721296787
709.0 0.16043265350162983
710.0 0.08203364559449255
711.0 0.08002855465747416
712.0 0.09528023656457663
713.0 0.07455045124515891
714.0 0.07769588846713305
715.0 0.09145907242782414
716.0 0.03205795946996659
717.0 0.0048566620534984395
718.0 0.0359337980626151
719.0 0.0368861568858847
720.0 1.624616131727652e-10
721.0 0.0044645108573604375
722.0 0.004176677975920029
723.0 0.0038888450944796205
724.0 0.0036290290154283866
725.0 0.003369212572579272
726.0 0.003130084223812446
727.0 0.0028909562388435006
728.0 0.002727247920120135
729.0 0.0025635396013967693
730.0 0.002407727515674196
731.0 0.002251915975648444
732.0 0.002254484388686251
733.0 0.002257052983622998
734.0 0.0021669071429641917
735.0 0.0020767609385075048
736.0 0.001832148336688988
737.0 0.001587535734870471
738.0 0.001582493496243842
739.0 0.0015774512576172128
740.0 0.0015866398825892247
741.0 0.0015958288713591173
742.0 0.001461082138121128
743.0 0.0013263354048831388
744.0 0.0014082794223213568
745.0 0.0014902232578606345
746.0 0.001400905784976203
747.0 0.0013115882211423013
748.0 0.001182321193482494
749.0 0.0010530541658226866
750.0 0.0010321639820176642
751.0 0.0010112742529599927
752.0 0.0010423853382235393
753.0 0.001073496514436556
754.0 0.0010814671441039536
755.0 0.0010894383194681723
756.0 0.0010330916666134726
757.0 0.000976745013758773
758.0 0.0010521013791731093
759.0 0.0011274575626885053
760.0 0.001116104431275744
761.0 0.001104751481761923
762.0 0.0010942681001324672
763.0 0.001083785082300892
764.0 0.0010261682291456964
765.0 0.0009685514669399709
766.0 0.0008016673746169545
767.0 0.0006347833277686732
768.0 0.0006470733296737308
769.0 0.0006593632406293182
770.0 0.0007539623311458854
771.0 0.0008485615580866579
772.0 0.0007829868081898894
773.0 0.0007174117854447104
774.0 0.000829230066301534
775.0 0.000941048074309947
776.0 0.0009035440598381683
777.0 0.0008660400453663897
778.0 0.0008792260814516339
779.0 0.0008924121175368782
780.0 0.0007551057478849543
781.0 0.0006177994237077655
782.0 0.0007116204869817011
783.0 0.0008054415047809016
784.0 0.0008816459740046412
785.0 0.0009578502613294404
786.0 0.0007880438715801574
787.0 0.0006182374363561394
788.0 0.0006514613687613746
789.0 0.00068468539211608
790.0 0.0007177048246376216
791.0 0.0007507240752602229
792.0 0.0007582849320897367
793.0 0.0007658457434445154
794.0 0.0007949403880047612
795.0 0.0008240348506660666
796.0 0.0006962311090319417
797.0 0.0005684274128725519
798.0 0.0006951386239961721
799.0 0.0008218497896450572
800.0 0.0007800260391377378
801.0 0.000738202061256743
802.0 0.0006561201189470012
803.0 0.0005740379037888488
804.0 0.0006645929261139827
805.0 0.0007551479939138517
806.0 0.0006667528850812232
807.0 0.0005783578671980649
808.0 0.0007116083452274324
809.0 0.0008448588232568
810.0 0.0007480664407921722
811.0 0.0006512743766506901
812.0 0.0006584040420420934
813.0 0.0006655337074334966
814.0 0.0005643424174195388
815.0 0.00046315117288031615
816.0 0.0006095727712818189
817.0 0.0007559944151580567
818.0 0.0006961501185287489
819.0 0.000636305776424706
820.0 0.0004985725809092401
821.0 0.0003608394308685092
822.0 0.00041156108636641875
823.0 0.00046228278733906336
824.0 0.0004747123057313729
825.0 0.00048714177864894737
826.0 0.0005297983079799451
827.0 0.0005724547918362077
828.0 0.00042574110921123065
829.0 0.0002790274493236211
830.0 0.00018920475213235477
831.0 9.938207767845597e-05
832.0 3.3295546586487035e-05
833.0 1.624616131727652e-10
834.0 1.624616131727652e-10
835.0 1.624616131727652e-10
836.0 0.00024960731934697833
837.0 0.0006009971002640668
838.0 0.0007729244316578843
839.0 0.0009448517630517017
840.0 0.001242107100551948
841.0 0.001539362347102724
842.0 0.002042417327174917
843.0 0.00254547248914605
844.0 0.0024938688511610962
845.0 0.0024422652131761424
846.0 0.0025948254915419966
847.0 0.00274738540610997
848.0 0.0026904097467195243
849.0 0.0026334335416322574
850.0 0.00219101166294422
851.0 0.0017485897842561826
852.0 0.0014573865882994141
853.0 0.0011661831194942351
854.0 0.0010075412319565658
855.0 0.000848899162519956
856.0 0.000684367296344135
857.0 0.0005198355665925192
858.0 0.0005828790108353132
859.0 0.0006459223641286371
860.0 0.0005424787559604738
861.0 0.00043903510231757537
862.0 0.0004222506049700314
863.0 0.0004054660621477524
864.0 0.0003084429636146524
865.0 0.0002114199105562875
866.0 0.00017291116591877653
867.0 0.0001344023644378467
868.0 0.0001695484456831764
869.0 0.00020469449282245478
870.0 9.560377520756447e-05
871.0 1.624616131727652e-10
872.0 1.624616131727652e-10
873.0 1.624616131727652e-10
874.0 1.624616131727652e-10
875.0 1.624616131727652e-10
876.0 1.624616131727652e-10
877.0 2.9988885330567427e-05
878.0 0.0001220420472236583
879.0 0.00021409518922155257
880.0 0.0001882616629700351
881.0 0.0001624281139811501
882.0 0.00016268818399112206
883.0 0.00016294829947582912
884.0 1.8041214389086235e-05
885.0 1.624616131727652e-10
886.0 1.624616131727652e-10
887.0 3.052774673051317e-05
888.0 0.00011378183444321621
889.0 0.00019703591078723548
890.0 0.0001806910063351097
891.0 0.00016434607914561639
892.0 5.4094999768494745e-05
893.0 1.624616131727652e-10
894.0 1.0482555978796881e-05
895.0 7.71211944083916e-05
896.0 0.00010344512020310503
897.0 0.00012976909147255355
898.0 9.20970705919899e-05
899.0 5.4425049711426254e-05
900.0 6.4016290934887365e-06
901.0 1.624616131727652e-10
