lsstCam/transmission_filter_detector/r03_s20/r_57/19700101T000000.ecsv
# %ECSV 1.0
# ---
# datatype:
# - {name: wavelength, unit: nm, datatype: float32}
# - {name: efficiency, unit: '%', datatype: float64}
# meta: !!omap
# - {MODE: DETECTOR}
# - {TYPE: transmission_filter_detector}
# - {CALIBDATE: '1970-01-01T00:00:00'}
# - {INSTRUME: LSSTCam}
# - {OBSTYPE: transmission_filter_detector}
# - {CALIBCLS: lsst.ip.isr.IntermediateFilterDetectorTransmissionCurve}
# - {SOURCE: Materion (DM-46256)}
# - {DETECTOR: 24}
# - {FILTER: r_57}
# - {CALIB_ID: 'calibDate=1970-01-01T00:00:00 filter=r_57 detector=24'}
# - {DATE: '2025-04-02T15:59:44.296040'}
# - {CALIB_CREATION_DATE: '2025-04-02'}
# - {CALIB_CREATION_TIME: '15:59:44'}
# - __serialized_columns__:
#     efficiency:
#       __class__: astropy.units.quantity.Quantity
#       unit: !astropy.units.Unit {unit: '%'}
#       value: !astropy.table.SerializedColumn {name: efficiency}
#     wavelength:
#       __class__: astropy.units.quantity.Quantity
#       unit: !astropy.units.Unit {unit: nm}
#       value: !astropy.table.SerializedColumn {name: wavelength}
# schema: astropy-2.0
wavelength efficiency
[from data line 603]
903.0 1.624616131727652e-10
904.0 1.624616131727652e-10
905.0 2.26440036499298e-05
906.0 1.624616131727652e-10
907.0 1.624616131727652e-10
908.0 1.624616131727652e-10
909.0 1.624616131727652e-10
910.0 1.624616131727652e-10
911.0 1.624616131727652e-10
912.0 1.624616131727652e-10
913.0 1.624616131727652e-10
914.0 1.624616131727652e-10
915.0 3.630854052971699e-05
916.0 1.0756981794202147e-05
917.0 1.624616131727652e-10
918.0 6.555111440320616e-05
919.0 0.00014589672900910955
920.0 5.900013206883159e-05
921.0 1.624616131727652e-10
922.0 0.0001048270178216626
923.0 0.00023755053462082287
924.0 0.0002483717025825172
925.0 0.0002591928705442115
926.0 0.000204633556677436
927.0 0.00015007426554802805
928.0 0.00016289641280309297
929.0 0.0001757185600581579
930.0 0.00024672392555658007
931.0 0.00031772933652973734
932.0 0.00014971551536291372
933.0 1.624616131727652e-10
934.0 0.00012746307902489207
935.0 0.00027322437290422386
936.0 0.00025026067760336446
937.0 0.0002272970050398726
938.0 0.00026947041078528855
939.0 0.00031164383926807204
940.0 0.0003265470922997338
941.0 0.0003414503453313955
942.0 0.0003955743522965349
943.0 0.0004496983819990419
944.0 0.0003523654413584154
945.0 0.00025503256892989157
946.0 0.0002976097448481596
947.0 0.00034018692076642765
948.0 0.0004420714503794443
949.0 0.0005439561391540337
950.0 0.0005610480457107769
951.0 0.000578139906792785
952.0 0.0007173085577960592
953.0 0.0008564773452235386
954.0 0.0011765453564294148
955.0 0.0014966136404837016
956.0 0.0015504014299949631
957.0 0.0016041893104556948
958.0 0.0017316420780844055
959.0 0.0018590953914099373
960.0 0.0019700008124345914
961.0 0.002080906597257126
962.0 0.002244915049232077
963.0 0.0024089235012070276
964.0 0.00244052498601377
965.0 0.0024721259251236916
966.0 0.0024433313228655607
967.0 0.0024145365387084894
968.0 0.002349637361476198
969.0 0.0022847383661428466
970.0 0.0023739261450828053
971.0 0.002463113924022764
972.0 0.0025437566364416853
973.0 0.0026243988031637855
974.0 0.0028946660677320324
975.0 0.0031649335141992196
976.0 0.0032297793950419873
977.0 0.003294625275884755
978.0 0.0031943713111104444
979.0 0.0030941173463361338
980.0 0.0029958217055536807
981.0 0.002897526246670168
982.0 0.003014062167494558
983.0 0.0031305979064200073
984.0 0.0030801540560787544
985.0 0.0030297098419396207
986.0 0.0029373812139965594
987.0 0.0028450527679524384
988.0 0.0026275680284015834
989.0 0.002410083652648609
990.0 0.002457409937051125
991.0 0.002504736403352581
992.0 0.0025788664061110467
993.0 0.002652997136465274
994.0 0.0027432848582975566
995.0 0.002833572398230899
996.0 0.0028592738090083003
997.0 0.0028849752197857015
998.0 0.0030343779144459404
999.0 0.003183780427207239
1000.0 0.0032739699236117303
1001.0 0.0033641597838141024
1002.0 0.0035889665014110506
1003.0 0.0038137732190079987
1004.0 0.003944380659959279
1005.0 0.004074987737112679
1006.0 0.004281026122043841
1007.0 0.004487064506975003
1008.0 0.004422141137183644
1009.0 0.004357217039796524
1010.0 0.004298577914596535
1011.0 0.004239938789396547
1012.0 0.004233690560795367
1013.0 0.004227442332194187
1014.0 0.003952124097850174
1015.0 0.00367680549970828
1016.0 0.0035650471545523033
1017.0 0.0034532891731942073
1018.0 0.003061223469558172
1019.0 0.0026691586754168384
1020.0 0.002239784771518316
1021.0 0.0018104108676197939
1022.0 0.0015821469787624665
1023.0 0.0013538824532588478
1024.0 0.0014303609532362316
1025.0 0.0015068396351125557
1026.0 0.001385327868774766
1027.0 0.0012638157386390958
1028.0 0.001209135189128574
1029.0 0.001154454548668582
1030.0 0.0010465673767612316
1031.0 0.0009386794772581197
1032.0 0.0009113066880672704
1033.0 0.0008839336260280106
1034.0 0.0008410438567807432
1035.0 0.0007981539056345355
1036.0 0.0008714749128557742
1037.0 0.0009447957381780725
1038.0 0.0007935829671623651
1039.0 0.000642370332570863
1040.0 0.000701452972862171
1041.0 0.000760535567678744
1042.0 0.0009002042133943178
1043.0 0.0010398724043625407
1044.0 0.0010096362530020997
1045.0 0.0009794004654395394
1046.0 0.0009281288839702029
1047.0 0.0008768574843998067
1048.0 0.000791387810750166
1049.0 0.0007059182280499954
1050.0 0.000736672291168361
1051.0 0.0007674262633372564
1052.0 0.001018089460558258
1053.0 0.0012687522030319087
1054.0 0.0010801440112118144
1055.0 0.0008915355465433095
1056.0 0.0008718966455489863
1057.0 0.0008522581083525438
1058.0 0.0007942820957396179
1059.0 0.0007363062195508974
1060.0 0.001074467127182288
1061.0 0.0014126277164905332
1062.0 0.001552460525999777
1063.0 0.0016922935174079612
1064.0 0.0011987302968918812
1065.0 0.0007051668490021257
1066.0 0.0010963135537167545
1067.0 0.0014874603948555887
1068.0 0.0017185089745908044
1069.0 0.0019495571905281395
1070.0 0.0013320467587618623
1071.0 0.0007145360996219097
1072.0 0.0011960656593146268
1073.0 0.0016775953554315493
1074.0 0.002324079832760617
1075.0 0.002970564310089685
1076.0 0.00325788241752889
1077.0 0.003545200524968095
1078.0 0.004101507147424854
1079.0 0.0046578137698816136
1080.0 0.004490779610932805
1081.0 0.004323745088186115
1082.0 0.00425979815190658
1083.0 0.0041958512156270444
1084.0 0.00456016932730563
1085.0 0.0049244870751863346
1086.0 0.004918468766845763
1087.0 0.004912450822303072
1088.0 0.00502658513141796
1089.0 0.005140719804330729
1090.0 0.004948387868353166
1091.0 0.004756055568577722
1092.0 0.004189924220554531
1093.0 0.003623792508733459
1094.0 0.004132567482884042
1095.0 0.004641342093236744
1096.0 0.00345313164871186
1097.0 0.002264921204186976
1098.0 0.0018225042367703281
1099.0 0.0013800875422020908
1100.0 0.0014544951227435376
1101.0 0.0015289022485376336
