lsstCam/transmission_filter_detector/r30_s11/u_24/19700101T000000.ecsv
# %ECSV 1.0
# ---
# datatype:
# - {name: wavelength, unit: nm, datatype: float32}
# - {name: efficiency, unit: '%', datatype: float64}
# meta: !!omap
# - {MODE: DETECTOR}
# - {TYPE: transmission_filter_detector}
# - {CALIBDATE: '1970-01-01T00:00:00'}
# - {INSTRUME: LSSTCam}
# - {OBSTYPE: transmission_filter_detector}
# - {CALIBCLS: lsst.ip.isr.IntermediateFilterDetectorTransmissionCurve}
# - {SOURCE: Materion (DM-46256)}
# - {DETECTOR: 121}
# - {FILTER: u_24}
# - {CALIB_ID: 'calibDate=1970-01-01T00:00:00 filter=u_24 detector=121'}
# - {DATE: '2025-04-02T15:59:40.308901'}
# - {CALIB_CREATION_DATE: '2025-04-02'}
# - {CALIB_CREATION_TIME: '15:59:40'}
# - __serialized_columns__:
#     efficiency:
#       __class__: astropy.units.quantity.Quantity
#       unit: !astropy.units.Unit {unit: '%'}
#       value: !astropy.table.SerializedColumn {name: efficiency}
#     wavelength:
#       __class__: astropy.units.quantity.Quantity
#       unit: !astropy.units.Unit {unit: nm}
#       value: !astropy.table.SerializedColumn {name: wavelength}
# schema: astropy-2.0
wavelength efficiency
295.0 1.6754628283724426e-10
296.0 1.6754628283724426e-10
297.0 1.6754628283724426e-10
298.0 1.6754628283724426e-10
299.0 1.6754628283724426e-10
300.0 1.6754628283724426e-10
301.0 1.6754628283724426e-10
302.0 1.6754628283724426e-10
303.0 1.6754628283724426e-10
304.0 0.32088940497487783
305.0 0.9446581825613976
306.0 2.453288249671459
307.0 4.505208134651184
308.0 7.07428902387619
309.0 10.578704625368118
310.0 14.391066133975983
311.0 18.076390027999878
312.0 21.782061457633972
313.0 24.804678559303284
314.0 27.680101990699768
315.0 30.09871244430542
316.0 32.36706554889679
317.0 35.39112210273743
318.0 38.92567753791809
319.0 43.412017822265625
320.0 49.55880343914032
321.0 55.00735640525818
322.0 60.76533794403076
323.0 65.86433053016663
324.0 69.71768736839294
325.0 72.45445251464844
326.0 74.67023730278015
327.0 76.23546719551086
328.0 77.94139385223389
329.0 79.27388548851013
330.0 80.3986668586731
331.0 80.8413028717041
332.0 81.05895519256592
333.0 81.23208284378052
334.0 81.25577569007874
335.0 81.51285648345947
336.0 81.92567229270935
337.0 82.60006904602051
338.0 83.52585434913635
339.0 83.99762511253357
340.0 84.27745699882507
341.0 84.74324345588684
342.0 85.06300449371338
343.0 85.03285646438599
344.0 85.28545498847961
345.0 85.661381483078
346.0 86.03242635726929
347.0 86.36807799339294
348.0 86.60439252853394
349.0 86.7904782295227
350.0 86.75432205200195
351.0 86.99902892112732
352.0 86.95358037948608
353.0 86.89685463905334
354.0 86.89700365066528
355.0 87.0983362197876
356.0 87.1621310710907
357.0 87.05589175224304
358.0 86.60903573036194
359.0 86.3664984703064
360.0 86.20655536651611
361.0 85.95942258834839
362.0 85.85189580917358
363.0 86.02355718612671
364.0 86.26120090484619
365.0 86.60921454429626
366.0 86.91946864128113
367.0 87.03088164329529
368.0 87.04403638839722
369.0 87.08300590515137
370.0 87.01909184455872
371.0 86.93512082099915
372.0 87.01761364936829
373.0 87.25500702857971
374.0 87.33182549476624
375.0 87.65752911567688
376.0 87.89681792259216
377.0 87.92969584465027
378.0 87.97226548194885
379.0 87.50526905059814
380.0 86.62205934524536
381.0 85.05927920341492
382.0 83.14701914787292
383.0 81.08563423156738
384.0 78.97077798843384
385.0 76.47853493690491
386.0 73.72424602508545
387.0 70.07177472114563
388.0 66.27084016799927
389.0 61.75732612609863
390.0 57.5173556804657
391.0 53.20788621902466
392.0 48.88370931148529
393.0 45.30908167362213
394.0 41.74609184265137
395.0 37.72885203361511
396.0 33.24993550777435
397.0 27.199605107307434
398.0 20.60312181711197
399.0 13.772659003734589
400.0 7.999781519174576
401.0 3.90661284327507
402.0 1.4706469140946865
403.0 0.49289287999272346
404.0 0.1590837142430246
405.0 0.06145177758298814
406.0 0.04239322151988745
407.0 0.003843408194370568
408.0 1.6754628283724426e-10
409.0 1.6754628283724426e-10
410.0 1.6754628283724426e-10
411.0 1.6754628283724426e-10
412.0 1.6754628283724426e-10
413.0 1.6754628283724426e-10
414.0 1.6754628283724426e-10
415.0 1.6754628283724426e-10
416.0 1.6754628283724426e-10
417.0 1.6754628283724426e-10
418.0 1.6754628283724426e-10
419.0 1.6754628283724426e-10
420.0 1.6754628283724426e-10
421.0 1.6754628283724426e-10
422.0 1.6754628283724426e-10
423.0 1.6754628283724426e-10
424.0 1.6754628283724426e-10
425.0 1.6754628283724426e-10
426.0 1.6754628283724426e-10
427.0 1.6754628283724426e-10
428.0 0.0006466819741035579
429.0 1.6754628283724426e-10
430.0 1.6754628283724426e-10
431.0 1.6754628283724426e-10
432.0 1.6754628283724426e-10
433.0 1.6754628283724426e-10
434.0 1.6754628283724426e-10
435.0 1.6754628283724426e-10
436.0 0.0011335652743582614
437.0 8.871008390087809e-05
438.0 1.6754628283724426e-10
439.0 1.6754628283724426e-10
440.0 0.0003590999085645308
441.0 1.6754628283724426e-10
442.0 1.6754628283724426e-10
443.0 1.6754628283724426e-10
444.0 1.6754628283724426e-10
445.0 1.6754628283724426e-10
446.0 1.6754628283724426e-10
447.0 1.6754628283724426e-10
448.0 1.6754628283724426e-10
449.0 1.6754628283724426e-10
450.0 1.6754628283724426e-10
451.0 1.6754628283724426e-10
452.0 7.163725967984647e-05
453.0 6.143289397186891e-05
454.0 5.122865900375473e-05
455.0 1.6754628283724426e-10
456.0 1.6754628283724426e-10
457.0 1.6754628283724426e-10
458.0 0.0006538761226693168
459.0 0.00016669657725287834
460.0 1.6754628283724426e-10
461.0 1.6754628283724426e-10
462.0 1.6754628283724426e-10
463.0 1.6754628283724426e-10
464.0 0.00011955897889492917
465.0 0.00022897024791745935
466.0 0.0003383815283086733
467.0 0.0005734548267355422
468.0 0.0008085281478997786
469.0 0.00013988666296427255
470.0 1.6754628283724426e-10
471.0 1.6754628283724426e-10
472.0 1.6754628283724426e-10
473.0 1.6754628283724426e-10
474.0 1.6754628283724426e-10
475.0 1.6754628283724426e-10
476.0 1.6754628283724426e-10
477.0 1.6754628283724426e-10
478.0 1.6754628283724426e-10
479.0 1.6754628283724426e-10
480.0 1.6754628283724426e-10
481.0 1.6754628283724426e-10
482.0 4.2978552272643356e-06
483.0 1.6754628283724426e-10
484.0 1.6754628283724426e-10
485.0 1.6754628283724426e-10
486.0 1.6754628283724426e-10
487.0 1.6754628283724426e-10
488.0 1.6754628283724426e-10
489.0 1.6754628283724426e-10
490.0 0.00011028158724002424
491.0 1.6754628283724426e-10
492.0 1.6754628283724426e-10
493.0 1.6754628283724426e-10
494.0 1.6754628283724426e-10
495.0 1.6754628283724426e-10
496.0 1.6754628283724426e-10
497.0 1.6754628283724426e-10
498.0 1.6754628283724426e-10
499.0 1.6754628283724426e-10
500.0 1.6754628283724426e-10
501.0 1.6754628283724426e-10
502.0 1.6754628283724426e-10
503.0 1.6754628283724426e-10
504.0 1.6754628283724426e-10
505.0 1.6754628283724426e-10
506.0 1.6754628283724426e-10
507.0 0.0003048882945222431
508.0 0.0008734714356251061
509.0 0.0002095958734571468
510.0 1.6754628283724426e-10
511.0 1.6754628283724426e-10
512.0 0.0003826093234238215
513.0 0.00024499317987647373
514.0 0.00010737701359175844
515.0 0.00014802067198615987
516.0 0.00018866423943109112
517.0 1.6754628283724426e-10
518.0 1.6754628283724426e-10
519.0 1.6754628283724426e-10
520.0 1.6754628283724426e-10
521.0 1.6754628283724426e-10
522.0 1.6754628283724426e-10
523.0 1.6754628283724426e-10
524.0 1.6754628283724426e-10
525.0 1.6754628283724426e-10
526.0 1.6754628283724426e-10
527.0 1.6754628283724426e-10
528.0 1.6754628283724426e-10
529.0 1.6754628283724426e-10
530.0 0.0002980809767905157
531.0 1.6754628283724426e-10
532.0 1.6754628283724426e-10
533.0 1.6754628283724426e-10
534.0 6.716389862049255e-05
535.0 1.6754628283724426e-10
536.0 1.6754628283724426e-10
537.0 1.6754628283724426e-10
538.0 4.576188814553461e-05
539.0 0.00010385672339907615
540.0 0.00016195147054531844
541.0 4.141939484725299e-05
542.0 1.6754628283724426e-10
543.0 7.114573463695706e-05
544.0 0.0002214041842307779
545.0 0.00027054347810917534
546.0 0.0003196827265128377
547.0 1.3651532526637311e-05
548.0 1.6754628283724426e-10
549.0 1.6754628283724426e-10
550.0 1.6754628283724426e-10
551.0 1.6754628283724426e-10
552.0 1.6754628283724426e-10
553.0 1.6754628283724426e-10
554.0 1.6754628283724426e-10
555.0 1.6754628283724426e-10
556.0 1.6754628283724426e-10
557.0 1.6754628283724426e-10
558.0 1.6754628283724426e-10
559.0 1.6754628283724426e-10
560.0 1.6754628283724426e-10
561.0 1.6754628283724426e-10
562.0 0.00027584621875575976
563.0 0.00032523546451557195
564.0 0.0003746244374269736
565.0 8.040590842028905e-05
566.0 1.6754628283724426e-10
567.0 1.6754628283724426e-10
568.0 1.6754628283724426e-10
569.0 1.6754628283724426e-10
570.0 1.6754628283724426e-10
571.0 0.00022625924884778215
572.0 0.0005221200353844324
573.0 0.0004844865543418564
574.0 0.00044685311877401546
575.0 0.0003674051185953431
576.0 0.0002879570502045681
577.0 0.0003576462631826871
578.0 0.0004273354534234386
579.0 0.0006374342774506658
580.0 0.0008475331924273632
581.0 0.0011199073924217373
582.0 0.001392281410517171
583.0 0.0014555966117768548
584.0 0.001518911449238658
585.0 0.0011257104233663995
586.0 0.0007325094429688761
587.0 0.0004271523266652366
588.0 0.00012179523309896467
589.0 0.0005273740953271044
590.0 0.0009329529348178767
591.0 0.0009079928531718906
592.0 0.0008830328624753747
593.0 0.000788331453804858
594.0 0.0006936301815585466
595.0 0.0009147400305664632
596.0 0.0011358501069480553
597.0 0.0010688463589758612
598.0 0.001001842520054197
599.0 0.0014989593182690442
600.0 0.0019960762074333616
601.0 0.0024134367777151056
602.0 0.00283079752989579
603.0 0.002688852146093268
604.0 0.0025469069441896863
605.0 0.001956665437319316
606.0 0.001366424112347886
607.0 0.0010099957762577105
608.0 0.0006535672127938597
609.0 0.0005973441147943959
610.0 0.0005411208348959917
611.0 0.00046825603021716233
612.0 0.00039539118006359786
613.0 0.0006301050689216936
614.0 0.0008648188668303192
615.0 0.000750257322579273
616.0 0.0006356955509545514
617.0 0.0005450125627248781
618.0 0.00045432948354573455
619.0 0.0005582828634942416
620.0 0.0006622361524932785
621.0 0.0006398480309144361
622.0 0.0006174598638608586
623.0 0.0006667431989626493
624.0 0.0007160263976402348
625.0 0.0008266076292784419
626.0 0.0009371889973408543
627.0 0.0010311046935385093
628.0 0.001125020662584575
629.0 0.001186723147839075
630.0 0.0012484253602451645
631.0 0.0015806275769136846
632.0 0.001912829975481145
633.0 0.002332209624000825
634.0 0.0027515894544194452
635.0 0.0029813003493472934
636.0 0.003211011426174082
637.0 0.0025561254005879164
638.0 0.0019012391931028105
639.0 0.0016203484847210348
640.0 0.0013394582310866099
641.0 0.0013151435268810019
642.0 0.001290828913624864
643.0 0.0009430806130694691
644.0 0.0005953322670393391
645.0 0.00025631770768086426
646.0 1.6754628283724426e-10
647.0 1.6754628283724426e-10
648.0 6.82628495951576e-06
649.0 1.6754628283724426e-10
650.0 1.6754628283724426e-10
651.0 0.00031004885840957286
652.0 0.0007444574748660671
653.0 0.0010590481906547211
654.0 0.0013736389519181103
655.0 0.0016623351257294416
656.0 0.0019510314814397134
657.0 0.0023882190362201072
658.0 0.002825406591000501
659.0 0.0033803975384216756
660.0 0.00393538830394391
661.0 0.003608109545893967
662.0 0.003280830060248263
663.0 0.002839577427948825
664.0 0.002398324795649387
665.0 0.0015935558622004464
666.0 0.0007887873834988568
667.0 0.0009580930054653436
668.0 0.0011273986274318304
669.0 0.0009919072908814996
670.0 0.0008564159543311689
671.0 0.000558740157430293
672.0 0.00026106436052941717
673.0 0.00039086517062969506
674.0 0.0005206660716794431
675.0 0.0006858260803710436
676.0 0.000850985998113174
677.0 0.0012241982403793372
678.0 0.0015974101188476197
679.0 0.0020619168935809284
680.0 0.0025264238502131775
681.0 0.003604262019507587
682.0 0.004682100188801996
683.0 0.006193992885528132
684.0 0.0077058852184563875
685.0 0.00889528455445543
686.0 0.010084685345645994
687.0 0.009113184933084995
688.0 0.008141685975715518
689.0 0.006619204941671342
690.0 0.005096725726616569
691.0 0.0042587551433825865
692.0 0.003420784923946485
693.0 0.003145928349113092
694.0 0.0028710715923807584
695.0 0.002044663233391475
696.0 0.0012182547834527213
697.0 0.0010363476576458197
698.0 0.0008544404408894479
699.0 0.0006115851192589616
700.0 0.00036872968394163763
701.0 0.000492417711939197
702.0 0.000616105762674124
703.0 0.0005535536729439627
704.0 0.0004910015377390664
705.0 0.0007178154646680923
706.0 0.0009446294825465884
707.0 0.0009616557690605987
708.0 0.0009786821465240791
709.0 0.0010061558896268252
710.0 0.0010336295417801011
711.0 0.0009346697879664134
712.0 0.0008357099432032555
713.0 0.0007412794275296619
714.0 0.0006468490028055385
715.0 0.0006592470072064316
716.0 0.0006716448751831194
717.0 0.0006859986569907051
718.0 0.0007003523478488205
719.0 0.0005681408765667584
720.0 0.00043592935980996117
721.0 0.00034602085179358255
722.0 0.0002561121618782636
723.0 0.00023127915937948273
724.0 0.0002064461114059668
725.0 0.00031265572033589706
726.0 0.0004188654202152975
727.0 0.000250711627813871
728.0 8.255779562205134e-05
729.0 0.00018600510429678252
730.0 0.0002894523731811205
731.0 0.00024918529106798815
732.0 0.0002089182544295909
733.0 0.00027560126909520477
734.0 0.00034228437471028883
735.0 0.00042703481994976755
736.0 0.0005117852651892463
737.0 0.00046331251724041067
738.0 0.00041483981476631016
739.0 0.0005173339104658226
740.0 0.00061982805164007
741.0 0.0009833452168095391
742.0 0.0013468623365042731
743.0 0.0020124714865232818
744.0 0.00267808045464335
745.0 0.0035549172025639564
746.0 0.004431753404787742
747.0 0.004411670670378953
748.0 0.004391587935970165
749.0 0.004127207648707554
750.0 0.0038628277252428234
751.0 0.0036430617910809815
752.0 0.003423295129323378
753.0 0.002958837285405025
754.0 0.002494379077688791
755.0 0.0024468468836857937
756.0 0.0023993146896827966
757.0 0.0019376682757865638
758.0 0.0014760217709408607
759.0 0.0012982127373106778
760.0 0.0011204037036804948
761.0 0.0009531041541777086
762.0 0.0007858046956243925
763.0 0.0007018697488092585
764.0 0.0006179349838930648
765.0 0.0004476063622860238
766.0 0.0002772776724668802
767.0 0.00042295064304198604
768.0 0.0005686236363544594
769.0 0.0005711687663279008
770.0 0.0005737141236750176
771.0 0.0005713383416150464
772.0 0.0005689626050298102
773.0 0.0006659749033133266
774.0 0.0007629871106473729
775.0 0.0007361402367678238
776.0 0.00070929349931248
777.0 0.0005990994395688176
778.0 0.0004889055617240956
779.0 0.000768421250540996
780.0 0.0010479368938831612
781.0 0.0012048692951793782
782.0 0.001361801605526125
783.0 0.0011328650543873664
784.0 0.0009039285941980779
785.0 0.0012783994861820247
786.0 0.0016528703781659715
787.0 0.001368638731946703
788.0 0.0010844070857274346
789.0 0.0009088949809665792
790.0 0.0007333828307309886
791.0 0.0007543444098701002
792.0 0.0007753059435344767
793.0 0.0007685807759116869
794.0 0.0007618556992383674
795.0 0.0006755047706974437
796.0 0.0005891538421565201
797.0 0.00039039568946463987
798.0 0.00019163740034855437
799.0 0.00015512096069869585
800.0 0.00011860465747304261
801.0 7.042158500780715e-06
802.0 1.6754628283724426e-10
803.0 1.6754628283724426e-10
804.0 1.6754628283724426e-10
805.0 0.0001402430370944785
806.0 0.0003583091483960743
807.0 0.0002992236204590881
808.0 0.00024013809252210194
809.0 0.0002649197540449677
810.0 0.0002897013700930984
811.0 0.00016771401760706794
812.0 4.5726778807875235e-05
813.0 1.6754628283724426e-10
814.0 1.6754628283724426e-10
815.0 0.00019826204606943065
816.0 0.00044727376007358544
817.0 0.0006193125045683701
818.0 0.0007913512490631547
819.0 0.0004361230367067037
820.0 8.089493235274858e-05
821.0 4.539685676263616e-05
822.0 9.898904806959763e-06
823.0 0.00017936132508111768
824.0 0.0003488237553028739
825.0 0.00019660560610645916
826.0 4.438759617642063e-05
827.0 1.6754628283724426e-10
828.0 1.6754628283724426e-10
829.0 1.6754628283724426e-10
830.0 1.6754628283724426e-10
831.0 1.6754628283724426e-10
832.0 0.00012294007092350512
833.0 0.00016427354694315
834.0 0.00020560710254358128
835.0 0.000203754302674497
836.0 0.00020190150280541275
837.0 1.6754628283724426e-10
838.0 1.6754628283724426e-10
839.0 1.6754628283724426e-10
840.0 1.6754628283724426e-10
841.0 1.6754628283724426e-10
842.0 1.6754628283724426e-10
843.0 1.6754628283724426e-10
844.0 0.0002062620978904306
845.0 0.00027195619622943923
846.0 0.00033765034004318295
847.0 0.00016800074718048563
848.0 1.6754628283724426e-10
849.0 0.0001470516508561559
850.0 0.00029575217013189103
851.0 0.0003466437419774593
852.0 0.00039753531382302754
853.0 0.0002228789298897027
854.0 4.8222671011899365e-05
855.0 0.00012156716593381134
856.0 0.00019491167222440708
857.0 0.0003666452357720118
858.0 0.0005383786628954113
859.0 0.0007432374786731089
860.0 0.0009480964763497468
861.0 0.0008963862455857452
862.0 0.0008446760148217436
863.0 0.0012145746040914673
864.0 0.0015844734662096016
865.0 0.0013212644262239337
866.0 0.0010580552952887956
867.0 0.0015708130376879126
868.0 0.002083570507238619
869.0 0.0019330887880641967
870.0 0.0017826072507887147
871.0 0.0017787175238481723
872.0 0.0017748276150086895
873.0 0.0022742700821254402
874.0 0.002773712549242191
