lsstCam/transmission_filter_detector/r30_s11/u_24/19700101T000000.ecsv
# %ECSV 1.0
# ---
# datatype:
# - {name: wavelength, unit: nm, datatype: float32}
# - {name: efficiency, unit: '%', datatype: float64}
# meta: !!omap
# - {MODE: DETECTOR}
# - {TYPE: transmission_filter_detector}
# - {CALIBDATE: '1970-01-01T00:00:00'}
# - {INSTRUME: LSSTCam}
# - {OBSTYPE: transmission_filter_detector}
# - {CALIBCLS: lsst.ip.isr.IntermediateFilterDetectorTransmissionCurve}
# - {SOURCE: Materion (DM-46256)}
# - {DETECTOR: 121}
# - {FILTER: u_24}
# - {CALIB_ID: 'calibDate=1970-01-01T00:00:00 filter=u_24 detector=121'}
# - {DATE: '2025-04-02T15:59:40.308901'}
# - {CALIB_CREATION_DATE: '2025-04-02'}
# - {CALIB_CREATION_TIME: '15:59:40'}
# - __serialized_columns__:
#     efficiency:
#       __class__: astropy.units.quantity.Quantity
#       unit: !astropy.units.Unit {unit: '%'}
#       value: !astropy.table.SerializedColumn {name: efficiency}
#     wavelength:
#       __class__: astropy.units.quantity.Quantity
#       unit: !astropy.units.Unit {unit: nm}
#       value: !astropy.table.SerializedColumn {name: wavelength}
# schema: astropy-2.0
wavelength efficiency
[from data line 581]
876.0 0.00279619125649333
877.0 0.0027345371563569643
878.0 0.002672883238119539
879.0 0.00268503663392039
880.0 0.002697190211620182
881.0 0.0029582794013549574
882.0 0.003219368591089733
883.0 0.003120048131677322
884.0 0.0030207278541638516
885.0 0.0028728398319799453
886.0 0.002724951809796039
887.0 0.002559874701546505
888.0 0.002394797411398031
889.0 0.0025500712581560947
890.0 0.0027053451049141586
891.0 0.0028592292437679134
892.0 0.0030131133826216683
893.0 0.0029416150937322527
894.0 0.0028701169867417775
895.0 0.003298304363852367
896.0 0.0037264919228618965
897.0 0.0038922000385355204
898.0 0.004057907790411264
899.0 0.00401789766328875
900.0 0.003977887536166236
901.0 0.0041229199268855155
902.0 0.004267952681402676
903.0 0.004267870099283755
904.0 0.004267787153366953
905.0 0.0046849309001117945
906.0 0.005102074646856636
907.0 0.005213021722738631
908.0 0.005323968798620626
909.0 0.005628112921840511
910.0 0.005932257408858277
911.0 0.005874594717170112
912.0 0.005816931661684066
913.0 0.005671333201462403
914.0 0.005525734377442859
915.0 0.005080556366010569
916.0 0.0046353776269825175
917.0 0.004412755151861347
918.0 0.004190132312942296
919.0 0.004242788781994022
920.0 0.004295445614843629
921.0 0.004658766556531191
922.0 0.0050220874982187524
923.0 0.0053485400712816045
924.0 0.0056749926443444565
925.0 0.006214709719642997
926.0 0.006754426431143656
927.0 0.006964250496821478
928.0 0.0071740745624993
929.0 0.0073531824455130845
930.0 0.007532291783718392
931.0 0.00728228988009505
932.0 0.007032287976471707
933.0 0.007232906500576064
934.0 0.007433524297084659
935.0 0.007241805724333972
936.0 0.007050088606774807
937.0 0.006821089482400566
938.0 0.0065920918132178485
939.0 0.006709493754897267
940.0 0.0068268935137894005
941.0 0.006043239773134701
942.0 0.0052595860324800014
943.0 0.004849118704441935
944.0 0.0044386510126059875
945.0 0.0035455464967526495
946.0 0.0026524417990003712
947.0 0.0023292797777685337
948.0 0.0020061173927388154
949.0 0.0016725673049222678
950.0 0.0013390170352067798
951.0 0.0013082871191727463
952.0 0.0012775570212397724
953.0 0.00152687407535268
954.0 0.0017761913113645278
955.0 0.0017993868823396042
956.0 0.0018225824533146806
957.0 0.0022585825718124397
958.0 0.0026945830541080795
959.0 0.0030478464395855553
960.0 0.0034011100069619715
961.0 0.003930214734282345
962.0 0.004459319461602718
963.0 0.004453185829333961
964.0 0.004447052197065204
965.0 0.004759949297294952
966.0 0.00507284676132258
967.0 0.004720588913187385
968.0 0.004368331065052189
969.0 0.004625608926289715
970.0 0.004882886787527241
971.0 0.004816262298845686
972.0 0.00474963708256837
973.0 0.004745614933199249
974.0 0.004741592420032248
975.0 0.0046395281970035285
976.0 0.004537463973974809
977.0 0.00407675834139809
978.0 0.003616052708821371
979.0 0.003426840339670889
980.0 0.0032376283343182877
981.0 0.003215929609723389
982.0 0.0031942312489263713
983.0 0.003094070780207403
984.0 0.0029939108571852557
985.0 0.0031847153877606615
986.0 0.0033755201002350077
987.0 0.003643878153525293
988.0 0.003912235843017697
989.0 0.004511406586971134
990.0 0.0051105773309245706
991.0 0.00584094668738544
992.0 0.006571316771442071
993.0 0.007235394150484353
994.0 0.007899470801930875
995.0 0.007926034595584497
996.0 0.007952597661642358
997.0 0.0075903808465227485
998.0 0.007228163303807378
999.0 0.007002898200880736
1000.0 0.006777635280741379
1001.0 0.006522686453536153
1002.0 0.00626773908152245
1003.0 0.005873224654351361
1004.0 0.005478710590978153
1005.0 0.005276707815937698
1006.0 0.005074705040897243
1007.0 0.005107938704895787
1008.0 0.005141173460287973
1009.0 0.004978339347871952
1010.0 0.004815505599253811
1011.0 0.0041717175918165594
1012.0 0.003527929220581427
1013.0 0.003184304659953341
1014.0 0.0028406800993252546
1015.0 0.002495532316970639
1016.0 0.0021503841708181426
1017.0 0.0018993699995917268
1018.0 0.001648355828365311
1019.0 0.0015439814887940884
1020.0 0.001439607331121806
1021.0 0.0015256084225256927
1022.0 0.0016116098777274601
1023.0 0.0014914508938090876
1024.0 0.0013712920008401852
1025.0 0.0011627262210822664
1026.0 0.000954160623223288
1027.0 0.0015643698134226725
1028.0 0.002174578548874706
1029.0 0.0019723078366951086
1030.0 0.0017700369426165707
1031.0 0.001830029214033857
1032.0 0.0018900214854511432
1033.0 0.0018796104995999485
1034.0 0.0018691995137487538
1035.0 0.0016950807548710145
1036.0 0.001520961905043805
1037.0 0.0018526698113419116
1038.0 0.0021843778085894883
1039.0 0.002265202965645585
1040.0 0.002346028122701682
1041.0 0.002267666241095867
1042.0 0.0021893045413889922
1043.0 0.002401959318376612
1044.0 0.0026146139134652913
1045.0 0.0022972089936956763
1046.0 0.0019798037101281807
1047.0 0.0021339366867323406
1048.0 0.002288069845235441
1049.0 0.0022623171389568597
1050.0 0.0022365644326782785
1051.0 0.0019482125935610384
1052.0 0.0016598605725448579
1053.0 0.0014026384633325506
1054.0 0.0011454163541202433
1055.0 0.0015643414371879771
1056.0 0.0019832667021546513
1057.0 0.0014974942132539582
1058.0 0.001011721724353265
1059.0 0.0015644047380192205
1060.0 0.0021170881154830568
1061.0 0.0020117007807129994
1062.0 0.0019063138097408228
1063.0 0.0012854623491875827
1064.0 0.0006646109795838129
1065.0 0.0009530133866064716
1066.0 0.0012414159755280707
1067.0 0.0013342444617592264
1068.0 0.0014270733117882628
1069.0 0.0011046932741010096
1070.0 0.0007823135092621669
1071.0 0.0016898302419576794
1072.0 0.002597346974653192
1073.0 0.0026286998036084697
1074.0 0.002660052450664807
1075.0 0.002546106952650007
1076.0 0.0024321612727362663
1077.0 0.002250562101835385
1078.0 0.002068962567136623
1079.0 0.0035235898394603282
1080.0 0.004978216747986153
1081.0 0.005418891669251025
1082.0 0.005859567318111658
1083.0 0.005189201692701317
1084.0 0.004518835703493096
1085.0 0.004621500920620747
1086.0 0.004724166501546279
1087.0 0.0047121178795350716
1088.0 0.0047000692575238645
1089.0 0.004887096292804927
1090.0 0.005074123328085989
1091.0 0.0031281932024285197
1092.0 0.0011822633496194612
1093.0 0.00334945616486948
1094.0 0.005516648161574267
1095.0 0.0034359123674221337
1096.0 0.001355175845674239
1097.0 0.0017854223187896423
1098.0 0.002215668610006105
1099.0 0.0036507946788333356
1100.0 0.005085920201963745
