lsstCam/transmission_filter_detector/r34_s20/u_24/19700101T000000.ecsv
# %ECSV 1.0
# ---
# datatype:
# - {name: wavelength, unit: nm, datatype: float32}
# - {name: efficiency, unit: '%', datatype: float64}
# meta: !!omap
# - {MODE: DETECTOR}
# - {TYPE: transmission_filter_detector}
# - {CALIBDATE: '1970-01-01T00:00:00'}
# - {INSTRUME: LSSTCam}
# - {OBSTYPE: transmission_filter_detector}
# - {CALIBCLS: lsst.ip.isr.IntermediateFilterDetectorTransmissionCurve}
# - {SOURCE: Materion (DM-46256)}
# - {DETECTOR: 159}
# - {FILTER: u_24}
# - {CALIB_ID: 'calibDate=1970-01-01T00:00:00 filter=u_24 detector=159'}
# - {DATE: '2025-04-02T15:59:40.487600'}
# - {CALIB_CREATION_DATE: '2025-04-02'}
# - {CALIB_CREATION_TIME: '15:59:40'}
# - __serialized_columns__:
#     efficiency:
#       __class__: astropy.units.quantity.Quantity
#       unit: !astropy.units.Unit {unit: '%'}
#       value: !astropy.table.SerializedColumn {name: efficiency}
#     wavelength:
#       __class__: astropy.units.quantity.Quantity
#       unit: !astropy.units.Unit {unit: nm}
#       value: !astropy.table.SerializedColumn {name: wavelength}
# schema: astropy-2.0
wavelength efficiency
295.0 1.6575501821797234e-10
296.0 1.6575501821797234e-10
297.0 1.6575501821797234e-10
298.0 1.6575501821797234e-10
299.0 1.6575501821797234e-10
300.0 1.6575501821797234e-10
301.0 0.038546015275642276
302.0 1.6575501821797234e-10
303.0 1.6575501821797234e-10
304.0 0.3194711869582534
305.0 1.2168202549219131
306.0 2.326909266412258
307.0 4.3570540845394135
308.0 7.00974240899086
309.0 10.416300594806671
310.0 13.988298177719116
311.0 18.057464063167572
312.0 21.66277766227722
313.0 24.60639774799347
314.0 27.371561527252197
315.0 29.870858788490295
316.0 32.219868898391724
317.0 35.12834906578064
318.0 38.41986954212189
319.0 43.03887486457825
320.0 49.09473359584808
321.0 54.57223057746887
322.0 60.4573130607605
323.0 65.54967164993286
324.0 69.38315629959106
325.0 72.03351855278015
326.0 74.25050139427185
327.0 75.96933245658875
328.0 77.64248847961426
329.0 79.08227443695068
330.0 80.06163835525513
331.0 80.51441311836243
332.0 80.73445558547974
333.0 80.86251616477966
334.0 80.81183433532715
335.0 81.15803599357605
336.0 81.57338500022888
337.0 82.21787214279175
338.0 83.08029174804688
339.0 83.60873460769653
340.0 83.9718759059906
341.0 84.39128994941711
342.0 84.63630080223083
343.0 84.685879945755
344.0 84.85186100006104
345.0 85.30390858650208
346.0 85.63960194587708
347.0 86.03529930114746
348.0 86.29122972488403
349.0 86.44019365310669
350.0 86.46697402000427
351.0 86.65832877159119
352.0 86.55356764793396
353.0 86.54608130455017
354.0 86.55169606208801
355.0 86.6611123085022
356.0 86.81544661521912
357.0 86.71348094940186
358.0 86.32766008377075
359.0 86.04346513748169
360.0 85.91580390930176
361.0 85.61590909957886
362.0 85.38424372673035
363.0 85.55585741996765
364.0 85.69763898849487
365.0 86.06625199317932
366.0 86.393141746521
367.0 86.44465208053589
368.0 86.57045364379883
369.0 86.71059012413025
370.0 86.55686974525452
371.0 86.50085926055908
372.0 86.56526207923889
373.0 86.77625060081482
374.0 86.80055737495422
375.0 87.10066676139832
376.0 87.28241920471191
377.0 87.3713731765747
378.0 87.40309476852417
379.0 86.94341778755188
380.0 86.02005243301392
381.0 84.49381589889526
382.0 82.49521255493164
383.0 80.45989274978638
384.0 78.29670310020447
385.0 75.8177101612091
386.0 73.14453125
387.0 69.47842240333557
388.0 65.73455929756165
389.0 61.244380474090576
390.0 56.98767900466919
391.0 52.670204639434814
392.0 48.3896404504776
393.0 44.84389126300812
394.0 41.381338238716125
395.0 37.407386302948
396.0 32.900893688201904
397.0 26.825636625289917
398.0 20.232081413269043
399.0 13.441585004329681
400.0 7.781824469566345
401.0 3.7218451499938965
402.0 1.3454347848892212
403.0 0.41416408494114876
404.0 0.15520667657256126
405.0 0.0994857749901712
406.0 0.045845090062357485
407.0 0.014181839651428163
408.0 1.6575501821797234e-10
409.0 1.6575501821797234e-10
410.0 1.6575501821797234e-10
411.0 1.6575501821797234e-10
412.0 1.6575501821797234e-10
413.0 1.6575501821797234e-10
414.0 1.6575501821797234e-10
415.0 1.6575501821797234e-10
416.0 1.6575501821797234e-10
417.0 1.6575501821797234e-10
418.0 1.6575501821797234e-10
419.0 1.6575501821797234e-10
420.0 1.6575501821797234e-10
421.0 1.6575501821797234e-10
422.0 1.6575501821797234e-10
423.0 1.6575501821797234e-10
424.0 1.6575501821797234e-10
425.0 1.6575501821797234e-10
426.0 0.00045923111429146957
427.0 1.6575501821797234e-10
428.0 1.6575501821797234e-10
429.0 1.6575501821797234e-10
430.0 0.0008793139386398252
431.0 1.6575501821797234e-10
432.0 1.6575501821797234e-10
433.0 1.6575501821797234e-10
434.0 1.6575501821797234e-10
435.0 1.6575501821797234e-10
436.0 0.0002331557652723859
437.0 6.653307877968473e-05
438.0 1.6575501821797234e-10
439.0 1.6575501821797234e-10
440.0 1.6575501821797234e-10
441.0 1.6575501821797234e-10
442.0 4.58414660897688e-05
443.0 1.6575501821797234e-10
444.0 1.6575501821797234e-10
445.0 1.6575501821797234e-10
446.0 1.6575501821797234e-10
447.0 1.6575501821797234e-10
448.0 1.6575501821797234e-10
449.0 1.6575501821797234e-10
450.0 0.0002249254521302646
451.0 0.00015571790754620451
452.0 8.65102947500418e-05
453.0 1.6575501821797234e-10
454.0 1.6575501821797234e-10
455.0 1.6575501821797234e-10
456.0 1.6575501821797234e-10
457.0 1.6575501821797234e-10
458.0 0.0004778508809977211
459.0 1.6575501821797234e-10
460.0 1.6575501821797234e-10
461.0 0.00017175469793073717
462.0 0.0009381233212479856
463.0 0.0002829090817613178
464.0 1.6575501821797234e-10
465.0 1.6575501821797234e-10
466.0 1.6575501821797234e-10
467.0 1.6575501821797234e-10
468.0 0.0005809337835671613
469.0 1.6575501821797234e-10
470.0 1.6575501821797234e-10
471.0 1.6575501821797234e-10
472.0 0.00017573498780620866
473.0 0.00032965488117042696
474.0 0.0004835748768527992
475.0 1.6575501821797234e-10
476.0 1.6575501821797234e-10
477.0 1.6575501821797234e-10
478.0 1.6575501821797234e-10
479.0 1.6575501821797234e-10
480.0 0.0006033043973729946
481.0 0.0005011328084947309
482.0 0.00039896121961646713
483.0 0.0005107378001412144
484.0 0.0006225142897164915
485.0 0.00010969997674692422
486.0 1.6575501821797234e-10
487.0 1.6575501821797234e-10
488.0 1.6575501821797234e-10
489.0 1.6575501821797234e-10
490.0 1.6575501821797234e-10
491.0 1.6575501821797234e-10
492.0 1.6575501821797234e-10
493.0 1.6575501821797234e-10
494.0 1.6575501821797234e-10
495.0 1.6575501821797234e-10
496.0 1.6575501821797234e-10
497.0 1.6575501821797234e-10
498.0 0.00015211033996820333
499.0 1.6575501821797234e-10
500.0 1.6575501821797234e-10
501.0 1.6575501821797234e-10
502.0 1.6575501821797234e-10
503.0 1.6575501821797234e-10
504.0 0.00025776685106393415
505.0 1.6575501821797234e-10
506.0 1.6575501821797234e-10
507.0 1.6575501821797234e-10
508.0 0.0003380613634362817
509.0 1.6575501821797234e-10
510.0 1.6575501821797234e-10
511.0 1.6575501821797234e-10
512.0 1.6575501821797234e-10
513.0 1.6575501821797234e-10
514.0 0.000405210403187084
515.0 0.00032152479434444103
516.0 0.00023783909455232788
517.0 1.6575501821797234e-10
518.0 1.6575501821797234e-10
519.0 1.6575501821797234e-10
520.0 1.6575501821797234e-10
521.0 1.6575501821797234e-10
522.0 1.6575501821797234e-10
523.0 1.6575501821797234e-10
524.0 1.6575501821797234e-10
525.0 1.6575501821797234e-10
526.0 1.6575501821797234e-10
527.0 1.6575501821797234e-10
528.0 1.6575501821797234e-10
529.0 0.00014292739933807752
530.0 0.0003569603450159775
531.0 1.6575501821797234e-10
532.0 1.6575501821797234e-10
533.0 1.6575501821797234e-10
534.0 1.6575501821797234e-10
535.0 1.6575501821797234e-10
536.0 9.514545951105902e-06
537.0 0.00021103869585203938
538.0 0.00041256280383095145
539.0 0.00023707987111265538
540.0 6.159676786410273e-05
541.0 1.6575501821797234e-10
542.0 1.6575501821797234e-10
543.0 1.6575501821797234e-10
544.0 1.6575501821797234e-10
545.0 0.00011954846286243992
546.0 0.00044196272028784733
547.0 5.24705171756068e-05
548.0 1.6575501821797234e-10
549.0 1.6575501821797234e-10
550.0 1.6575501821797234e-10
551.0 1.6575501821797234e-10
552.0 0.0001877983550002682
553.0 0.00013673028433913714
554.0 8.566223073103174e-05
555.0 0.00023324371341004735
556.0 0.00038082519040472107
557.0 0.0003407652002351824
558.0 0.00030070514185354114
559.0 4.3767434476649214e-05
560.0 1.6575501821797234e-10
561.0 1.9919639271392953e-05
562.0 0.00025300973902631085
563.0 0.0003803655545198126
564.0 0.000507721233589109
565.0 0.00029611856007250026
566.0 8.451586381852394e-05
567.0 0.00010177378726439201
568.0 0.00011903158565473859
569.0 2.048592904202451e-05
570.0 1.6575501821797234e-10
571.0 0.0001531656948827731
572.0 0.0003843911599687999
573.0 0.00027879020763066364
574.0 0.00017318931213594624
575.0 0.0001714808604447171
576.0 0.00016977254517769325
577.0 0.0002745950041571632
578.0 0.00037941747450531693
579.0 0.0005895512003917247
580.0 0.0007996849490155
581.0 0.0012065509508829564
582.0 0.0016134168618009426
583.0 0.001306649483012734
584.0 0.000999881922325585
585.0 0.0008464310667477548
586.0 0.0006929804840183351
587.0 0.0005283687187329633
588.0 0.0003637569989223266
589.0 0.0005316211627359735
590.0 0.0006994854629738256
591.0 0.0008488771527481731
592.0 0.0009982689334719907
593.0 0.0008089404218480922
594.0 0.000619612046648399
595.0 0.0008411839189648163
596.0 0.001062756018654909
597.0 0.0012997084922972135
598.0 0.0015366607840405777
599.0 0.0019148332285112701
600.0 0.002293005309184082
601.0 0.002787654557323549
602.0 0.0032823034416651353
603.0 0.002751235842879396
604.0 0.0022201686078915372
605.0 0.0017622276573092677
606.0 0.0013042867976764683
607.0 0.0010464928891451564
608.0 0.0007886988896643743
609.0 0.0009353802852274384
610.0 0.0010820616807905026
611.0 0.0008653798431623727
612.0 0.0006486977781605674
613.0 0.0008045312824833672
614.0 0.0009603646503819618
615.0 0.0007862917300371919
616.0 0.0006122186277934816
617.0 0.0005460727152239997
618.0 0.0004799267571797827
619.0 0.0004845743205805775
620.0 0.000489221747557167
621.0 0.0005587578925769776
622.0 0.0006282939921220532
623.0 0.0005340563347999705
624.0 0.00043981858652841765
625.0 0.0007956482477311511
626.0 0.0011514780453580897
627.0 0.0010772325367724989
628.0 0.0010029871191363782
629.0 0.001258783868252067
630.0 0.0015145807083172258
631.0 0.0016843505363794975
632.0 0.0018541204553912394
633.0 0.002560827306297142
634.0 0.003267534339101985
635.0 0.0032284056942444295
636.0 0.003189277049386874
637.0 0.0024516764824511483
638.0 0.0017140757336164825
639.0 0.0015463725503650494
640.0 0.0013786692761641461
641.0 0.0013492722246155608
642.0 0.001319875445915386
643.0 0.0010019271030614618
644.0 0.0006839788966317428
645.0 0.00020594156922015827
646.0 1.6575501821797234e-10
647.0 1.6575501821797234e-10
648.0 0.00011818509619843098
649.0 0.00015238910009429674
650.0 0.00018659308125279495
651.0 0.0006913779998285463
652.0 0.0011961629752477165
653.0 0.0011967821592406835
654.0 0.0011974013432336506
655.0 0.001805128704290837
656.0 0.002412856338196434
657.0 0.002599310209916439
658.0 0.002785764263535384
659.0 0.003311369800940156
660.0 0.0038369751564459875
661.0 0.0034042237530229613
662.0 0.0029714719858020544
663.0 0.0022377756977220997
664.0 0.001504079409642145
665.0 0.0012510830856626853
666.0 0.0009980866707337555
667.0 0.00114371669042157
668.0 0.0012893467101093847
669.0 0.0010374875273555517
670.0 0.0007856283446017187
671.0 0.0005919829618505901
672.0 0.00039833757909946144
673.0 0.0004053565589856589
674.0 0.0004123756298213266
675.0 0.0009061515811481513
676.0 0.0013999273505760357
677.0 0.00177325819095131
678.0 0.0021465890313265845
679.0 0.0026114215870620683
680.0 0.003076254142797552
681.0 0.004208328027743846
682.0 0.00534040154889226
683.0 0.007296873081941158
684.0 0.009253344614990056
685.0 0.010144351836061105
686.0 0.011035360512323678
687.0 0.009592137212166563
688.0 0.008148916094796732
689.0 0.006340616528177634
690.0 0.004532316233962774
691.0 0.00398154734284617
692.0 0.003430778451729566
693.0 0.0030128663638606668
694.0 0.0025949542759917676
695.0 0.0019382776372367516
696.0 0.001281601180380676
697.0 0.0011144928976136725
698.0 0.0009473847967456095
699.0 0.0007282978913281113
700.0 0.0005092108949611429
701.0 0.0006345870133372955
702.0 0.0007599631771881832
703.0 0.0006675170880043879
704.0 0.0005750708169216523
705.0 0.0007230871688079787
706.0 0.0008711035661690403
707.0 0.0009439602763450239
708.0 0.0010168170774704777
709.0 0.0010673576980479993
710.0 0.001117898318625521
711.0 0.0009266621418646537
712.0 0.000735425737730111
713.0 0.0005472391421790235
714.0 0.0003590525238905684
715.0 0.0003827157343039289
716.0 0.0004063788765051868
717.0 0.00042029946598631795
718.0 0.00043422000999271404
719.0 0.00039249175642908085
720.0 0.00035076359381491784
721.0 0.0001311324581365625
722.0 1.6575501821797234e-10
723.0 8.62852346017462e-05
724.0 0.0002610692945381743
725.0 0.00025947751964849886
726.0 0.0002578857220214559
727.0 0.00032368254778702976
728.0 0.0003894792371283984
729.0 0.0003899008333974052
730.0 0.00039032242966641206
731.0 0.0002448275608912809
732.0 9.933278306561988e-05
733.0 0.0003073651669183164
734.0 0.0005153975507710129
735.0 0.00044399421312846243
736.0 0.0003725907390617067
737.0 0.0002834856786648743
738.0 0.00019438055005593924
739.0 0.00025484259822405875
740.0 0.00031530473734164843
741.0 0.0008072531272773631
742.0 0.0012992018127988558
743.0 0.002169919571315404
744.0 0.003040637238882482
745.0 0.004051897849421948
746.0 0.005063158459961414
747.0 0.004862984860665165
748.0 0.0046628112613689154
749.0 0.004401303158374503
750.0 0.004139795419177972
751.0 0.0033821492252172902
752.0 0.0026245028493576683
753.0 0.0026419958885526285
754.0 0.0026594887458486483
755.0 0.0023605100068380125
756.0 0.002061531449726317
757.0 0.002060139740933664
758.0 0.002058747850242071
759.0 0.001635063199501019
760.0 0.0012113789125578478
761.0 0.0010225880942016374
762.0 0.0008337975486938376
763.0 0.0006946971552679315
764.0 0.0005555968982662307
765.0 0.00040714126043894794
766.0 0.0002586855771369301
767.0 0.00034666891224333085
768.0 0.0004346522928244667
769.0 0.0005557245458476245
770.0 0.0006767968898202525
771.0 0.0007447635653079487
772.0 0.00081273028627038
773.0 0.0006674984433630016
774.0 0.0005222666004556231
775.0 0.0005379508820624324
776.0 0.0005536352091439767
777.0 0.0006785085133742541
778.0 0.0008033818630792666
779.0 0.0008700232683622744
780.0 0.000936664582695812
781.0 0.0010399407074146438
782.0 0.0011432168321334757
783.0 0.0010640714208420832
784.0 0.0009849261005001608
785.0 0.001218358193000313
786.0 0.0014517901036015246
787.0 0.0012737953511532396
788.0 0.001095800780603895
789.0 0.0009553137715556659
790.0 0.000814826853456907
791.0 0.0006051166565157473
792.0 0.00039540636862511747
793.0 0.0004991544756194344
794.0 0.0006029025826137513
795.0 0.000610487995800213
796.0 0.0006180732725624694
797.0 0.0005158849944564281
798.0 0.0004136965799261816
799.0 0.00030627929845650215
800.0 0.00019886219888576306
801.0 1.6101745359264896e-05
802.0 1.6575501821797234e-10
803.0 1.6575501821797234e-10
804.0 1.4768258616015828e-06
805.0 0.0001933158728206763
806.0 0.0003851549536193488
807.0 0.00037185841392783914
808.0 0.000358561896973697
809.0 0.00030666722068417585
810.0 0.0002547724534451845
811.0 0.00016131270967889577
812.0 6.78529374908976e-05
813.0 1.6575501821797234e-10
814.0 1.6575501821797234e-10
815.0 4.623196048214595e-05
816.0 0.00029783532227156684
817.0 0.0004973617251380347
818.0 0.0006968881734792376
819.0 0.0004248412096785614
820.0 0.00015279429135262035
821.0 0.00011262707175774267
822.0 7.24596418422152e-05
823.0 2.2478481298549013e-05
824.0 1.6575501821797234e-10
825.0 1.6575501821797234e-10
826.0 1.6575501821797234e-10
827.0 1.6575501821797234e-10
828.0 9.562104423821438e-05
829.0 1.6575501821797234e-10
830.0 1.6575501821797234e-10
831.0 1.6575501821797234e-10
832.0 7.582158900731883e-05
833.0 0.00012520257541837054
834.0 0.00017458353340771282
835.0 0.0002112172296619974
836.0 0.0002478508804415469
837.0 1.6575501821797234e-10
838.0 1.6575501821797234e-10
839.0 1.6575501821797234e-10
840.0 9.823066875469522e-05
841.0 1.6575501821797234e-10
842.0 1.6575501821797234e-10
843.0 1.6575501821797234e-10
844.0 1.6575501821797234e-10
845.0 2.0757646268521057e-05
846.0 0.00014208167158358265
847.0 0.00032981415643007495
848.0 0.0005175466412765672
849.0 0.0003834027211269131
850.0 0.0002492587327651563
851.0 0.000432154683949193
852.0 0.0006150505214463919
853.0 0.0003685590399982175
854.0 0.0001220675699187268
855.0 0.00014941534800527734
856.0 0.00017676322840998182
857.0 0.00040262038965011016
858.0 0.0006284777100518113
859.0 0.0006735675469826674
860.0 0.0007186572929640533
861.0 0.001024422272166703
862.0 0.0013301868420967367
863.0 0.0016948264601523988
864.0 0.002059466169157531
865.0 0.0015957164578139782
866.0 0.0011319669283693656
867.0 0.001410546428814996
868.0 0.001689125747361686
869.0 0.001707006958895363
870.0 0.0017248879885300994
871.0 0.0016922367649385706
872.0 0.0016595853594481014
873.0 0.0019505327145452611
874.0 0.002241480251541361
875.0 0.0022174241166794673
