lsstCam/transmission_filter_detector/r34_s20/u_24/19700101T000000.ecsv
# %ECSV 1.0
# ---
# datatype:
# - {name: wavelength, unit: nm, datatype: float32}
# - {name: efficiency, unit: '%', datatype: float64}
# meta: !!omap
# - {MODE: DETECTOR}
# - {TYPE: transmission_filter_detector}
# - {CALIBDATE: '1970-01-01T00:00:00'}
# - {INSTRUME: LSSTCam}
# - {OBSTYPE: transmission_filter_detector}
# - {CALIBCLS: lsst.ip.isr.IntermediateFilterDetectorTransmissionCurve}
# - {SOURCE: Materion (DM-46256)}
# - {DETECTOR: 159}
# - {FILTER: u_24}
# - {CALIB_ID: 'calibDate=1970-01-01T00:00:00 filter=u_24 detector=159'}
# - {DATE: '2025-04-02T15:59:40.487600'}
# - {CALIB_CREATION_DATE: '2025-04-02'}
# - {CALIB_CREATION_TIME: '15:59:40'}
# - __serialized_columns__:
#     efficiency:
#       __class__: astropy.units.quantity.Quantity
#       unit: !astropy.units.Unit {unit: '%'}
#       value: !astropy.table.SerializedColumn {name: efficiency}
#     wavelength:
#       __class__: astropy.units.quantity.Quantity
#       unit: !astropy.units.Unit {unit: nm}
#       value: !astropy.table.SerializedColumn {name: wavelength}
# schema: astropy-2.0
wavelength efficiency
[from data line 582]
877.0 0.0025072104108403437
878.0 0.0028210532036609948
879.0 0.003052514512091875
880.0 0.003283976184320636
881.0 0.0033115589758381248
882.0 0.003339142131153494
883.0 0.0031659870728617534
884.0 0.002992831650772132
885.0 0.0028674223358393647
886.0 0.0027420132028055377
887.0 0.002367122760915663
888.0 0.001992232137126848
889.0 0.002289175972691737
890.0 0.0025861199901555665
891.0 0.002824419607350137
892.0 0.003062719406443648
893.0 0.0032036550692282617
894.0 0.0033445903682149947
895.0 0.003581778219086118
896.0 0.0038189660699572414
897.0 0.00373146976926364
898.0 0.0036439738323679194
899.0 0.003674133768072352
900.0 0.003704294067574665
901.0 0.0038337177102221176
902.0 0.00396314135286957
903.0 0.004046278627356514
904.0 0.004129415901843458
905.0 0.004734957838081755
906.0 0.00534049904672429
907.0 0.005549110210267827
908.0 0.005757721737609245
909.0 0.005936974775977433
910.0 0.006116228178143501
911.0 0.005991724174236879
912.0 0.005867219442734495
913.0 0.005564833918469958
914.0 0.005262448394205421
915.0 0.004843204442295246
916.0 0.00442396012658719
917.0 0.004328534851083532
918.0 0.004233109575579874
919.0 0.004353131225798279
920.0 0.004473152876016684
921.0 0.004661355342250317
922.0 0.004849557808483951
923.0 0.005096841050544754
924.0 0.0053441242926055565
925.0 0.005768241317127831
926.0 0.006192357977852225
927.0 0.0064213025325443596
928.0 0.006650245632044971
929.0 0.006942574691493064
930.0 0.007234904478536919
931.0 0.007085446850396693
932.0 0.006935989949852228
933.0 0.0072605733294039965
934.0 0.007585155253764242
935.0 0.00744833960197866
936.0 0.007311523950193077
937.0 0.006997794844210148
938.0 0.006684065738227218
939.0 0.006783111166441813
940.0 0.006882154411869124
941.0 0.006183827645145357
942.0 0.005485500514623709
943.0 0.004953040479449555
944.0 0.004420580808073282
945.0 0.003729384843609296
946.0 0.0030381888791453093
947.0 0.00249496351898415
948.0 0.0019517376131261699
949.0 0.001721417902444955
950.0 0.0014910981008142699
951.0 0.0014128339898888953
952.0 0.001334569969912991
953.0 0.0014620818546973169
954.0 0.0015895935575827025
955.0 0.001828041422413662
956.0 0.002066488923446741
957.0 0.002143096389772836
958.0 0.0022197038560989313
959.0 0.0025257359084207565
960.0 0.002831768142641522
961.0 0.0034651551686692983
962.0 0.004098542558494955
963.0 0.004081533916178159
964.0 0.004064525637659244
965.0 0.004344424087321386
966.0 0.004624322900781408
967.0 0.004579398228088394
968.0 0.00453447355539538
969.0 0.004721282311948016
970.0 0.004908091068500653
971.0 0.0049016369302989915
972.0 0.004895183155895211
973.0 0.004802986586582847
974.0 0.004710790017270483
975.0 0.004764312689076178
976.0 0.0048178353608818725
977.0 0.004190143590676598
978.0 0.0035624510928755626
979.0 0.0033959600841626525
980.0 0.003229468347853981
981.0 0.003149253097944893
982.0 0.0030690374842379242
983.0 0.0028279164325795136
984.0 0.0025867955628200434
985.0 0.0027378051527193747
986.0 0.002888814742618706
987.0 0.0032924755942076445
988.0 0.003696135900099762
989.0 0.004423343489179388
990.0 0.005150551078259014
991.0 0.005667472578352317
992.0 0.006184395169839263
993.0 0.006840105197625235
994.0 0.0074958152254112065
995.0 0.007773328979965299
996.0 0.008050843462115154
997.0 0.008092733332887292
998.0 0.008134621020872146
999.0 0.007497415208490565
1000.0 0.006860207940917462
1001.0 0.006189454870764166
1002.0 0.005518699617823586
1003.0 0.005027947190683335
1004.0 0.004537194035947323
1005.0 0.004640220868168399
1006.0 0.004743247336591594
1007.0 0.004670211274060421
1008.0 0.0045971752115292475
1009.0 0.004355375858722255
1010.0 0.0041135768697131425
1011.0 0.0037823618185939267
1012.0 0.0034511464036768302
1013.0 0.0032654836104484275
1014.0 0.003079820453422144
1015.0 0.00242261121456977
1016.0 0.001765402157616336
1017.0 0.0016932623111642897
1018.0 0.0016211228285101242
1019.0 0.0013629253771796357
1020.0 0.0011047280167986173
1021.0 0.0010428445420984644
1022.0 0.0009809611583477817
1023.0 0.0010991248927894048
1024.0 0.001217288627231028
1025.0 0.0011617355085036252
1026.0 0.0011061824807256926
1027.0 0.001231911483046133
1028.0 0.001357640667265514
1029.0 0.001828979657148011
1030.0 0.0023003192836767994
1031.0 0.0021786261640954763
1032.0 0.002056933408312034
1033.0 0.002063557258225046
1034.0 0.002070180926239118
1035.0 0.0019486184100969695
1036.0 0.001827055893954821
1037.0 0.002196830428147223
1038.0 0.0025666049623396248
1039.0 0.002255730032629799
1040.0 0.0019448552848189138
1041.0 0.0020107794625801034
1042.0 0.002076703640341293
1043.0 0.002149318970623426
1044.0 0.0022219339371076785
1045.0 0.001815887117118109
1046.0 0.0014098401152295992
1047.0 0.0018352044207858853
1048.0 0.0022605687263421714
1049.0 0.0019022347260033712
1050.0 0.0015439005437656306
1051.0 0.001277847695746459
1052.0 0.0010117948477272876
1053.0 0.0009737987056723796
1054.0 0.0009358024726680014
1055.0 0.0010367862159910146
1056.0 0.0011377699593140278
1057.0 0.0008121570317598525
1058.0 0.00048654424062988255
1059.0 0.0011777789040934294
1060.0 0.0018690136130317114
1061.0 0.001574063571752049
1062.0 0.0012791136214218568
1063.0 0.0011902621736226138
1064.0 0.001101410816772841
1065.0 0.0017462658433942124
1066.0 0.0023911210519145243
1067.0 0.0016416524886153638
1068.0 0.0008921841072151437
1069.0 0.0014572984582628123
1070.0 0.002022412809310481
1071.0 0.0024850203772075474
1072.0 0.002947627945104614
1073.0 0.0027081843654741533
1074.0 0.002468740967742633
1075.0 0.002684337414393667
1076.0 0.002899933861044701
1077.0 0.003313032357254997
1078.0 0.003726131035364233
1079.0 0.00427470586146228
1080.0 0.004823280687560327
1081.0 0.004246773823979311
1082.0 0.0036702662328025326
1083.0 0.003423330417717807
1084.0 0.00317639387503732
1085.0 0.00410579887102358
1086.0 0.005035203867009841
1087.0 0.0043601557990768924
1088.0 0.003685109186335467
1089.0 0.0039788523281458765
1090.0 0.004272596197552048
1091.0 0.0043196643673582
1092.0 0.0043667329009622335
1093.0 0.004765389167005196
1094.0 0.00516404616064392
1095.0 0.004015206286567263
1096.0 0.0028663664124906063
1097.0 0.0034771324862958863
1098.0 0.004087898560101166
1099.0 0.004152543988311663
1100.0 0.00421718941652216
