lsstCam/transmission_filter_detector/r11_s00/r_57/19700101T000000.ecsv
# %ECSV 1.0
# ---
# datatype:
# - {name: wavelength, unit: nm, datatype: float32}
# - {name: efficiency, unit: '%', datatype: float64}
# meta: !!omap
# - {MODE: DETECTOR}
# - {TYPE: transmission_filter_detector}
# - {CALIBDATE: '1970-01-01T00:00:00'}
# - {INSTRUME: LSSTCam}
# - {OBSTYPE: transmission_filter_detector}
# - {CALIBCLS: lsst.ip.isr.IntermediateFilterDetectorTransmissionCurve}
# - {SOURCE: Materion (DM-46256)}
# - {DETECTOR: 36}
# - {FILTER: r_57}
# - {CALIB_ID: 'calibDate=1970-01-01T00:00:00 filter=r_57 detector=36'}
# - {DATE: '2025-04-02T15:59:44.352752'}
# - {CALIB_CREATION_DATE: '2025-04-02'}
# - {CALIB_CREATION_TIME: '15:59:44'}
# - __serialized_columns__:
#     efficiency:
#       __class__: astropy.units.quantity.Quantity
#       unit: !astropy.units.Unit {unit: '%'}
#       value: !astropy.table.SerializedColumn {name: efficiency}
#     wavelength:
#       __class__: astropy.units.quantity.Quantity
#       unit: !astropy.units.Unit {unit: nm}
#       value: !astropy.table.SerializedColumn {name: wavelength}
# schema: astropy-2.0
wavelength efficiency
300.0 0.0023415128453052603
301.0 0.005932814747211523
302.0 0.009524117194814608
303.0 0.01204206419060938
304.0 0.014560010458808392
305.0 0.013344762555789202
306.0 0.01212951319757849
307.0 0.010458064934937283
308.0 0.008786617399891838
309.0 0.007875413575675339
310.0 0.006964208296267316
311.0 0.006558409222634509
312.0 0.006152610149001703
313.0 0.005514932490768842
314.0 0.004877254468738101
315.0 0.004874668957199901
316.0 0.0048720830818638206
317.0 0.004696640826296061
318.0 0.00452119747933466
319.0 0.004108553912374191
320.0 0.003695910345413722
321.0 0.0032929572626017034
322.0 0.0028900041797896847
323.0 0.002700767436181195
324.0 0.0025115301468758844
325.0 0.0025878196538542397
326.0 0.002664108615135774
327.0 0.0027954465622315183
328.0 0.0029267850550240837
329.0 0.0028776883482350968
330.0 0.002828591095749289
331.0 0.0026496625650906935
332.0 0.0024707340344320983
333.0 0.0021989299057167955
334.0 0.001927125958900433
335.0 0.001657319808145985
336.0 0.0013875138392904773
337.0 0.0013331564332474954
338.0 0.001278799209103454
339.0 0.0011752002137654927
340.0 0.0010716014003264718
341.0 0.0010583647053863388
342.0 0.0010451279194967356
343.0 0.0009795416190172546
344.0 0.0009139551366388332
345.0 0.0008669378985359799
346.0 0.0008199206604331266
347.0 0.0008282355338451453
348.0 0.0008365504072571639
349.0 0.0008862953109201044
350.0 0.005804599641123787
351.0 0.006226202822290361
352.0 0.006647806003456935
353.0 0.006164197839098051
354.0 0.0056805904023349285
355.0 0.0054459032980958
356.0 0.005211216921452433
357.0 0.006819522968726233
358.0 0.008427829743595794
359.0 0.006291886529652402
360.0 0.0041559436795068905
361.0 0.0027701889848685823
362.0 0.001384434199280804
363.0 0.0027818159651360475
364.0 0.004179197640041821
365.0 0.004152090332354419
366.0 0.004124983024667017
367.0 0.0031387964554596692
368.0 0.0021526098862523213
369.0 0.0015912224625935778
370.0 0.0010298352208337747
371.0 0.0016490013877046295
372.0 0.002268167918373365
373.0 0.002775274515443016
374.0 0.0032823809306137264
375.0 0.00312080628646072
376.0 0.002959231824206654
377.0 0.0016331870938302018
378.0 0.00030714265903952764
379.0 0.0009128662895818707
380.0 0.0015185899428615812
381.0 0.002447062433930114
382.0 0.0033755353797459975
383.0 0.0034766231692628935
384.0 0.0035777109587797895
385.0 0.004517398338066414
386.0 0.005457085353555158
387.0 0.0048123525630217046
388.0 0.004167620136286132
389.0 0.0035502413084032014
390.0 0.00293286211672239
391.0 0.002072840288747102
392.0 0.0012128185517212842
393.0 0.0013313823728822172
394.0 0.0014499457392957993
395.0 0.001108600918087177
396.0 0.0007672560059290845
397.0 0.0007183427442214452
398.0 0.0006694298008369515
399.0 0.0006061714429961285
400.0 0.0005429125849332195
401.0 0.00019540198081813287
402.0 1.6352427224808341e-10
403.0 3.0788166327511135e-05
404.0 0.0002136859393431223
405.0 0.0008333475307154004
406.0 0.0014530087355524302
407.0 0.001889728991955053
408.0 0.0023264490664587356
409.0 0.0018231303329230286
410.0 0.0013198114174883813
411.0 0.0010055830898636486
412.0 0.0006913547167641809
413.0 0.0007713509148743469
414.0 0.000851347158459248
415.0 0.0008078078280959744
416.0 0.0007642687705811113
417.0 0.0012959535524714738
418.0 0.0018276390619575977
419.0 0.002295798003615346
420.0 0.0027639571271720342
421.0 0.004215411900077015
422.0 0.005666866127285175
423.0 0.008709761459613219
424.0 0.01175265570054762
425.0 0.01593405322637409
426.0 0.02011544711422175
427.0 0.020731340919155627
428.0 0.021347239089664072
429.0 0.016251443594228476
430.0 0.011155650281580165
431.0 0.007961322990013286
432.0 0.004766994607052766
433.0 0.0038311307434923947
434.0 0.0028952668799320236
435.0 0.002234798012068495
436.0 0.001574328780407086
437.0 0.0014279053175414447
438.0 0.0012814821275242139
439.0 0.0010363422916270792
440.0 0.0007912025466794148
441.0 0.001081199570762692
442.0 0.0013711965948459692
443.0 0.00166059016919462
444.0 0.001949983743543271
445.0 0.001888986116682645
446.0 0.0018279884898220189
447.0 0.0016766472981544212
448.0 0.001525306379335234
449.0 0.0014699252460559364
450.0 0.0014145438399282284
451.0 0.001524448180134641
452.0 0.001634352702239994
453.0 0.0015973824702086858
454.0 0.0015604122381773777
455.0 0.001372901169816032
456.0 0.001185390465252567
457.0 0.0008557536602893379
458.0 0.0005261170826997841
459.0 0.0007721064321231097
460.0 0.00101809564512223
461.0 0.0016755178876337595
462.0 0.002332939584448468
463.0 0.0030166936994646676
464.0 0.0037004479963798076
465.0 0.004755932241096161
466.0 0.005811416849610396
467.0 0.006421631405828521
468.0 0.007031846325844526
469.0 0.006032003147993237
470.0 0.00503216142533347
471.0 0.0038505913835251704
472.0 0.0026690211598179303
473.0 0.0021860518245375715
474.0 0.001703082125459332
475.0 0.0014180885045789182
476.0 0.001133095156546915
477.0 0.0009102916010306217
478.0 0.000687487863615388
479.0 0.0008833930223772768
480.0 0.001079297908290755
481.0 0.000810374604043318
482.0 0.0005414514816948213
483.0 0.0006251468221307732
484.0 0.0007088420261425199
485.0 0.0006317670340649784
486.0 0.0005546919055632316
487.0 0.0005757978669862496
488.0 0.0005969037374597974
489.0 0.0005531474016606808
490.0 0.000509391020386829
491.0 0.0006654781827819534
492.0 0.0008215653906518128
493.0 0.000959654244070407
494.0 0.0010977430974890012
495.0 0.0009667803169577383
496.0 0.0008358174454770051
497.0 0.0010744278370111715
498.0 0.0013130380466463976
499.0 0.0013309353562362958
500.0 0.0013488328477251343
501.0 0.0014976268175814766
502.0 0.0016464211512356997
503.0 0.00199617297766963
504.0 0.002345924986002501
505.0 0.0029282235118444078
506.0 0.003510522219585255
507.0 0.004154870111960918
508.0 0.0047992176405387
509.0 0.005287154999678023
510.0 0.005775091267423704
511.0 0.005111347491038032
512.0 0.004447603350854479
513.0 0.003801951606874354
514.0 0.0031562998628942296
515.0 0.0029811066269758157
516.0 0.0028059137548552826
517.0 0.0026342169803683646
518.0 0.002462520387780387
519.0 0.06753925699740648
520.0 0.07314353715628386
521.0 0.03984699142165482
522.0 0.1269521890208125
523.0 1.6352427224808341e-10
524.0 0.13936548493802547
525.0 0.08322321809828281
526.0 0.14145892346277833
527.0 0.11816482292488217
528.0 0.06739951204508543
529.0 0.11315896408632398
530.0 0.12211214052513242
531.0 0.18273750320076942
532.0 0.18053199164569378
533.0 0.2976185642182827
534.0 0.39612832479178905
535.0 0.5132849328219891
536.0 0.7443705108016729
537.0 1.12812714651227
538.0 1.714240200817585
539.0 2.670738473534584
540.0 4.196915775537491
541.0 6.04884997010231
542.0 8.666674792766571
543.0 11.903119087219238
544.0 15.696033835411072
545.0 20.24557590484619
546.0 25.483667850494385
547.0 31.890934705734253
548.0 39.976051449775696
549.0 47.83538579940796
550.0 54.62527275085449
551.0 62.12434768676758
552.0 67.28122234344482
553.0 72.1518874168396
554.0 75.9478211402893
555.0 79.8762857913971
556.0 83.8248074054718
557.0 86.41968965530396
558.0 89.64378833770752
559.0 92.46309399604797
560.0 93.17496418952942
561.0 94.89349126815796
562.0 95.52162289619446
563.0 95.350182056427
564.0 95.70004940032959
565.0 95.00530958175659
566.0 95.71745991706848
567.0 95.22826671600342
568.0 95.60061693191528
569.0 96.57418131828308
570.0 96.00903391838074
571.0 96.73529267311096
572.0 96.91540598869324
573.0 96.99836373329163
574.0 97.00931906700134
575.0 96.97714447975159
576.0 97.1591591835022
577.0 96.9064474105835
578.0 96.95258140563965
579.0 97.0830500125885
580.0 96.42943739891052
581.0 96.35096192359924
582.0 96.64485454559326
583.0 96.97189927101135
584.0 96.34060263633728
585.0 96.32778763771057
586.0 96.24397158622742
587.0 96.0274338722229
588.0 96.5093195438385
589.0 97.25836515426636
590.0 96.62448167800903
591.0 95.91676592826843
592.0 95.53067088127136
593.0 95.7476556301117
594.0 95.87190747261047
595.0 96.03767395019531
596.0 96.87069654464722
597.0 97.12594151496887
598.0 96.8732237815857
599.0 96.73070907592773
600.0 96.87960147857666
601.0 95.94482779502869
602.0 96.78167700767517
603.0 96.32088541984558
604.0 96.29054069519043
605.0 96.75559401512146
606.0 95.68710923194885
607.0 96.3782787322998
608.0 96.16666436195374
609.0 95.49663066864014
610.0 95.72369456291199
611.0 95.63655853271484
612.0 95.73339223861694
613.0 96.7647910118103
614.0 96.65728807449341
615.0 96.13751173019409
616.0 96.42906188964844
617.0 96.49539589881897
618.0 96.20718359947205
619.0 96.824711561203
620.0 95.96024751663208
621.0 95.38686275482178
622.0 96.43943309783936
623.0 96.59786224365234
624.0 96.28044962882996
625.0 96.88990116119385
626.0 95.91134190559387
627.0 94.93433833122253
628.0 96.98398113250732
629.0 95.59831619262695
630.0 96.42554521560669
631.0 95.95601558685303
632.0 96.47387862205505
633.0 96.36114835739136
634.0 95.66413760185242
635.0 96.09254002571106
636.0 95.9665596485138
637.0 95.4815149307251
638.0 95.40032744407654
639.0 95.27561664581299
640.0 95.45402526855469
641.0 95.41735649108887
642.0 96.18544578552246
643.0 95.98928093910217
644.0 96.04390859603882
645.0 96.08604311943054
646.0 95.99765539169312
647.0 97.17154502868652
648.0 96.2893009185791
649.0 95.52531242370605
650.0 96.07362747192383
651.0 96.73987627029419
652.0 96.40882015228271
653.0 95.97042798995972
654.0 96.65637016296387
655.0 96.45317792892456
656.0 95.61260342597961
657.0 95.70242166519165
658.0 96.32989764213562
659.0 96.21893167495728
660.0 95.39727568626404
661.0 95.83756923675537
662.0 95.772784948349
663.0 95.69395184516907
664.0 95.50565481185913
665.0 95.26005983352661
666.0 95.4765260219574
667.0 95.7632839679718
668.0 94.96931433677673
669.0 95.76109051704407
670.0 95.18170356750488
671.0 95.7694947719574
672.0 95.32967209815979
673.0 95.57303190231323
674.0 94.92611885070801
675.0 95.83192467689514
676.0 94.87247467041016
677.0 94.18764114379883
678.0 93.44378113746643
679.0 92.61823296546936
680.0 91.75741672515869
681.0 90.56740403175354
682.0 88.36663961410522
683.0 85.68810224533081
684.0 82.49629139900208
685.0 79.01226282119751
686.0 75.24415850639343
687.0 70.67938446998596
688.0 66.60954356193542
689.0 62.135857343673706
690.0 56.94589018821716
691.0 52.86620259284973
692.0 48.26135039329529
693.0 43.89749467372894
694.0 38.94777595996857
695.0 33.72333347797394
696.0 28.413429856300354
697.0 23.2110396027565
698.0 17.400817573070526
699.0 12.817859649658203
700.0 9.00447964668274
701.0 5.724465847015381
702.0 3.603757917881012
703.0 2.1006351336836815
704.0 1.2034526094794273
705.0 0.7132863160222769
706.0 0.4244290292263031
707.0 0.31708565074950457
708.0 0.1575325382873416
709.0 0.1348388264887035
710.0 0.12357148807495832
711.0 0.09297915967181325
712.0 0.09450970101170242
713.0 0.08621193119324744
714.0 0.07651843479834497
715.0 0.09050426888279617
716.0 0.03878388088196516
717.0 0.019338539277669042
718.0 0.02632640243973583
719.0 0.009172426507575437
720.0 1.6352427224808341e-10
721.0 0.0045098273403709754
722.0 0.004250362690072507
723.0 0.003990898403571919
724.0 0.0036729394196299836
725.0 0.0033549804356880486
726.0 0.0031543848308501765
727.0 0.002953789589810185
728.0 0.002770913124550134
729.0 0.002588036295492202
730.0 0.002440208845655434
731.0 0.0022923817596165463
732.0 0.0022722613721271046
733.0 0.002252141166536603
734.0 0.002167335151170846
735.0 0.002082529135805089
736.0 0.0018910695871454664
737.0 0.0016996100384858437
738.0 0.0016811269233585335
739.0 0.0016626438082312234
740.0 0.0016471018170705065
741.0 0.0016315598259097897
742.0 0.0014749419278814457
743.0 0.0013183240298531018
744.0 0.0013835312529408839
745.0 0.0014487381122307852
746.0 0.0013588854926638305
747.0 0.001269032964046346
748.0 0.0011712947525666095
749.0 0.001073556541086873
750.0 0.0010511827895243187
751.0 0.0010288094927091151
752.0 0.0010566685887170024
753.0 0.0010845275937754195
754.0 0.0011319956684019417
755.0 0.0011794640158768743
756.0 0.0011522718523337971
757.0 0.0011250795068917796
758.0 0.0010915667189692613
759.0 0.001058053931046743
760.0 0.0010499073141545523
761.0 0.0010417609701107722
762.0 0.0010423217645438854
763.0 0.001042882831825409
764.0 0.0009919635886035394
765.0 0.0009410443453816697
766.0 0.0007676785571675282
767.0 0.0005943128599028569
768.0 0.000631508282822324
769.0 0.0006687036147923209
770.0 0.0007547104814875638
771.0 0.0008407175300817471
772.0 0.0007953426575113554
773.0 0.0007499676030420233
774.0 0.0008338322913914453
775.0 0.0009176970706903376
776.0 0.0009204928574035875
777.0 0.0009232885531673674
778.0 0.0008760458513279445
779.0 0.0008288033313874621
780.0 0.000754234542910126
781.0 0.0006796658453822602
782.0 0.0007279795681824908
783.0 0.0007762932000332512
784.0 0.0008385959517909214
785.0 0.000900898430700181
786.0 0.0007811894647602458
787.0 0.0006614804988203105
788.0 0.000641346423435607
789.0 0.000621212575424579
790.0 0.0006724584181938553
791.0 0.0007237042609631317
792.0 0.0007765461305098142
793.0 0.0008293879545817617
794.0 0.0008479555617668666
795.0 0.0008665228051540907
796.0 0.000752394953451585
797.0 0.0006382671017490793
798.0 0.0007883024409238715
799.0 0.0009383377800986636
800.0 0.0008567491022404283
801.0 0.0007751601515337825
802.0 0.000670722783979727
803.0 0.0005662851435772609
804.0 0.0006538590696436586
805.0 0.0007414329957100563
806.0 0.0006893008958286373
807.0 0.0006371688868966885
808.0 0.0007498734703403898
809.0 0.000862578053784091
810.0 0.0007689082849537954
811.0 0.000675238652547705
812.0 0.000662866341372137
813.0 0.0006504939847218338
814.0 0.0005665732260240475
815.0 0.0004826524673262611
816.0 0.0006086839221097762
817.0 0.0007347154223680263
818.0 0.0006643744654866168
819.0 0.0005940335086052073
820.0 0.000455436247648322
821.0 0.00031683894121670164
822.0 0.00035265920814708807
823.0 0.0003884795205522096
824.0 0.0004234053449181374
825.0 0.00045833116928406525
826.0 0.0004973661361873383
827.0 0.0005364011030906113
828.0 0.00043162813199160155
829.0 0.0003268551608925918
830.0 0.0001940041556736105
831.0 6.115318456068053e-05
832.0 1.5048357226987719e-05
833.0 1.6352427224808341e-10
834.0 1.6352427224808341e-10
835.0 1.6352427224808341e-10
836.0 0.00026398740828881273
837.0 0.0005335670721251518
838.0 0.0007165684564824915
839.0 0.0008995698408398312
840.0 0.001222011724166805
841.0 0.0015444535165443085
842.0 0.002020043757511303
843.0 0.002495633998478297
844.0 0.002401276651653461
845.0 0.002306919668626506
846.0 0.002427239996904973
847.0 0.0025475601432844996
848.0 0.0025098803234868683
849.0 0.0024722008674871176
850.0 0.0020872221284662373
851.0 0.0017022435713442974
852.0 0.0014243240002542734
853.0 0.001146404247265309
854.0 0.001043239262799034
855.0 0.0009400740054843482
856.0 0.0007126598575268872
857.0 0.00048524570956942625
858.0 0.0005520338618225651
859.0 0.0006188218776514987
860.0 0.0005128779321239563
861.0 0.0004069339411216788
862.0 0.00036974233807995915
863.0 0.0003325507350382395
864.0 0.00025158660719171166
865.0 0.00017062253618860268
866.0 0.00012750208497891435
867.0 8.43816053475166e-05
868.0 0.00015371440440503648
869.0 0.00022304716367216315
870.0 9.095467135011859e-05
871.0 1.6352427224808341e-10
872.0 1.6352427224808341e-10
873.0 1.6352427224808341e-10
874.0 1.6352427224808341e-10
875.0 1.6352427224808341e-10
876.0 1.6352427224808341e-10
877.0 1.6352427224808341e-10
878.0 0.00011724807791324565
879.0 0.00024438725176878506
880.0 0.00016965459508355707
881.0 9.49219270296453e-05
882.0 6.883921059852582e-05
883.0 4.275652543128672e-05
884.0 1.6352427224808341e-10
885.0 1.6352427224808341e-10
886.0 1.6352427224808341e-10
887.0 0.00012901427908218466
888.0 0.00017156112335214857
889.0 0.00021410796762211248
890.0 0.00015697170283601736
891.0 9.983542668123846e-05
892.0 1.6352427224808341e-10
893.0 1.6352427224808341e-10
894.0 1.6352427224808341e-10
895.0 8.652673386677634e-05
896.0 5.881524884898681e-05
897.0 3.11038178324452e-05
898.0 5.039693178332527e-05
899.0 6.969003720769251e-05
900.0 1.8043779803633697e-06
901.0 1.6352427224808341e-10
