lsstCam/transmission_filter_detector/r11_s00/r_57/19700101T000000.ecsv
# %ECSV 1.0
# ---
# datatype:
# - {name: wavelength, unit: nm, datatype: float32}
# - {name: efficiency, unit: '%', datatype: float64}
# meta: !!omap
# - {MODE: DETECTOR}
# - {TYPE: transmission_filter_detector}
# - {CALIBDATE: '1970-01-01T00:00:00'}
# - {INSTRUME: LSSTCam}
# - {OBSTYPE: transmission_filter_detector}
# - {CALIBCLS: lsst.ip.isr.IntermediateFilterDetectorTransmissionCurve}
# - {SOURCE: Materion (DM-46256)}
# - {DETECTOR: 36}
# - {FILTER: r_57}
# - {CALIB_ID: 'calibDate=1970-01-01T00:00:00 filter=r_57 detector=36'}
# - {DATE: '2025-04-02T15:59:44.352752'}
# - {CALIB_CREATION_DATE: '2025-04-02'}
# - {CALIB_CREATION_TIME: '15:59:44'}
# - __serialized_columns__:
#     efficiency:
#       __class__: astropy.units.quantity.Quantity
#       unit: !astropy.units.Unit {unit: '%'}
#       value: !astropy.table.SerializedColumn {name: efficiency}
#     wavelength:
#       __class__: astropy.units.quantity.Quantity
#       unit: !astropy.units.Unit {unit: nm}
#       value: !astropy.table.SerializedColumn {name: wavelength}
# schema: astropy-2.0
wavelength efficiency
[from data line 603]
903.0 1.6352427224808341e-10
904.0 1.6352427224808341e-10
905.0 7.902351057964552e-05
906.0 3.03728668882286e-06
907.0 1.6352427224808341e-10
908.0 1.6352427224808341e-10
909.0 1.6352427224808341e-10
910.0 1.6352427224808341e-10
911.0 1.6352427224808341e-10
912.0 1.6352427224808341e-10
913.0 1.6352427224808341e-10
914.0 1.6352427224808341e-10
915.0 8.480593578497064e-05
916.0 7.887576884968439e-05
917.0 7.29456189674238e-05
918.0 0.00012409196870066808
919.0 0.00017523829001220292
920.0 6.075048872844491e-05
921.0 1.6352427224808341e-10
922.0 6.417077997866727e-05
923.0 0.00018207891798738274
924.0 0.0001740062089083949
925.0 0.00016593349982940708
926.0 0.00013273007652969682
927.0 9.952664186130278e-05
928.0 0.00014745633052370977
929.0 0.00019538601918611676
930.0 0.00022461167645815294
931.0 0.00025383733373018913
932.0 0.00012054402986905188
933.0 1.6352427224808341e-10
934.0 0.0001268403252652206
935.0 0.0002664298335730564
936.0 0.00022908907340024598
937.0 0.00019174831322743557
938.0 0.0002512217406547279
939.0 0.0003106951908193878
940.0 0.0003182671434842632
941.0 0.00032583909614913864
942.0 0.00037682559650420444
943.0 0.0004278120741219027
944.0 0.0003537327074809582
945.0 0.00027965336357738124
946.0 0.0002857406798284501
947.0 0.0002918279278674163
948.0 0.00037739880553999683
949.0 0.00046296977416204754
950.0 0.0005055352175986627
951.0 0.0005481006155605428
952.0 0.0006670811217190931
953.0 0.0007860617188271135
954.0 0.0011327299944241531
955.0 0.0014793985428696033
956.0 0.0015252396224241238
957.0 0.0015710806110291742
958.0 0.0017148324332083575
959.0 0.0018585844372864813
960.0 0.0019887818780262023
961.0 0.002118979682563804
962.0 0.002256140396639239
963.0 0.0023933014745125547
964.0 0.0024032324290601537
965.0 0.002413163019809872
966.0 0.002416286770312581
967.0 0.00241941033891635
968.0 0.0023739810785627924
969.0 0.0023285523639060557
970.0 0.002411903733445797
971.0 0.002495255284884479
972.0 0.0025570687284925953
973.0 0.002618881808302831
974.0 0.002869357922463678
975.0 0.0031198338547255844
976.0 0.0032485415431438014
977.0 0.0033772488677641377
978.0 0.0032428884878754616
979.0 0.003108528471784666
980.0 0.0029901777452323586
981.0 0.0028718272005789913
982.0 0.0029977330996189266
983.0 0.0031236391805578023
984.0 0.0030969236831879243
985.0 0.0030702078220201656
986.0 0.0029638444175361656
987.0 0.002857480831153225
988.0 0.0026899384465650655
989.0 0.0025223962438758463
990.0 0.0025547331460984424
991.0 0.0025870700483210385
992.0 0.002607342139526736
993.0 0.002627614412631374
994.0 0.0026994590371032245
995.0 0.002771303115878254
996.0 0.0028532647775136866
997.0 0.0029352262572501786
998.0 0.0030808056180831045
999.0 0.0032263851608149707
1000.0 0.0033301192161161453
1001.0 0.0034338536352152005
1002.0 0.003644009484560229
1003.0 0.0038541649701073766
1004.0 0.003992742131231353
1005.0 0.004131318928557448
1006.0 0.004288343188818544
1007.0 0.00444536744907964
1008.0 0.004355513374321163
1009.0 0.004265659299562685
1010.0 0.004288237323635258
1011.0 0.00431081534770783
1012.0 0.004279227141523734
1013.0 0.004247639299137518
1014.0 0.0040005041228141636
1015.0 0.0037533689464908093
1016.0 0.003560000186553225
1017.0 0.003366632154211402
1018.0 0.0030021192287676968
1019.0 0.0026376066671218723
1020.0 0.002239701643702574
1021.0 0.0018417966202832758
1022.0 0.001605832039786037
1023.0 0.0013698671864403877
1024.0 0.0014015422493685037
1025.0 0.0014332176760945003
1026.0 0.0013189173841965385
1027.0 0.0012046169103996363
1028.0 0.0011469487617432605
1029.0 0.0010892804311879445
1030.0 0.0010022677088272758
1031.0 0.000915254440769786
1032.0 0.0009438716915610712
1033.0 0.0009724885785544757
1034.0 0.0008757746400078759
1035.0 0.0007790605195623357
1036.0 0.0008256198270828463
1037.0 0.0008721786798560061
1038.0 0.0008022664587770123
1039.0 0.0007323541922232835
1040.0 0.0007963812095113099
1041.0 0.0008604081813246012
1042.0 0.000936129526962759
1043.0 0.0010118504178535659
1044.0 0.0009439121640753001
1045.0 0.0008759740921959747
1046.0 0.0008958547368820291
1047.0 0.0009157354725175537
1048.0 0.0007642063792445697
1049.0 0.0006126773769210558
1050.0 0.0006687900622637244
1051.0 0.000724902793081128
1052.0 0.0009709726327855606
1053.0 0.0012170421541668475
1054.0 0.0010324422873964068
1055.0 0.0008478423296764959
1056.0 0.0009447844604437705
1057.0 0.0010417266821605153
1058.0 0.0008953787983045913
1059.0 0.0007490310053981375
1060.0 0.0010561484486970585
1061.0 0.0013632654372486286
1062.0 0.0015637369870091788
1063.0 0.0017642087186686695
1064.0 0.001229732788488036
1065.0 0.0006952564945095219
1066.0 0.0011555245691852178
1067.0 0.0016157926438609138
1068.0 0.0018421616914565675
1069.0 0.0020685301933554
1070.0 0.0016131138181663118
1071.0 0.0011576973520277534
1072.0 0.0012187319953227416
1073.0 0.0012797668205166701
1074.0 0.0020981211491744034
1075.0 0.0029164753868826665
1076.0 0.003223302337573841
1077.0 0.0035301291063660756
1078.0 0.003723361442098394
1079.0 0.003916594505426474
1080.0 0.003983792339568026
1081.0 0.004050990173709579
1082.0 0.003909749648300931
1083.0 0.0037685094866901636
1084.0 0.004416704177856445
1085.0 0.005064898141426966
1086.0 0.0052178133046254516
1087.0 0.005370728104026057
1088.0 0.005351813524612226
1089.0 0.005332899672794156
1090.0 0.004840104156755842
1091.0 0.004347308640717529
1092.0 0.0038998357922537252
1093.0 0.003452362579992041
1094.0 0.003806158565566875
1095.0 0.004159954551141709
1096.0 0.003339542672620155
1097.0 0.002519130975997541
1098.0 0.0018037540939985774
1099.0 0.0010883773938985541
1100.0 0.0011842327694466803
1101.0 0.0012800877811969258
