lsstCam/transmission_sensor/r32_s01/19700101T000000.ecsv
# %ECSV 1.0
# ---
# datatype:
# - {name: amp_name, datatype: string}
# - {name: wavelength, unit: nm, datatype: float32}
# - {name: efficiency, unit: '%', datatype: float64}
# meta: !!omap
# - {MODE: AMP}
# - {TYPE: transmission_sensor}
# - {CALIBDATE: '1970-01-01T00:00:00'}
# - {INSTRUME: LSSTCAM}
# - {OBSTYPE: transmission_sensor}
# - {DETECTOR: 136}
# - {PARQUETFILE: qe_raft_allvalues_nircorrected_20230725.parquet}
# - {CALIBCLS: lsst.ip.isr.IntermediateSensorTransmissionCurve}
# - {CALIB_ID: 'raftName=R32 detectorName=S01 detector=136 calibDate=1970-01-01T00:00:00 ccd=136 ccdnum=136 filter=None'}
# - {DATE: '2023-08-02T16:57:55.973898'}
# - {CALIB_CREATION_DATE: '2023-08-02'}
# - {CALIB_CREATION_TIME: '16:57:55'}
# - __serialized_columns__:
#     efficiency:
#       __class__: astropy.units.quantity.Quantity
#       unit: !astropy.units.Unit {unit: '%'}
#       value: !astropy.table.SerializedColumn {name: efficiency}
#     wavelength:
#       __class__: astropy.units.quantity.Quantity
#       unit: !astropy.units.Unit {unit: nm}
#       value: !astropy.table.SerializedColumn {name: wavelength}
# schema: astropy-2.0
amp_name wavelength efficiency
C00 319.992 49.133182525634766
C00 330.006 51.1218376159668
C00 349.994 70.92433166503906
C00 370.001 76.97145080566406
C00 400.009 83.5480728149414
C00 429.983 85.92243957519531
C00 449.989 87.14630889892578
C00 469.993 88.42037200927734
C00 500.016 90.72062683105469
C00 549.99 93.63288879394531
C00 569.998 94.75635528564453
C00 599.983 95.89359283447266
C00 630.013 96.23006439208984
C00 649.987 96.67096710205078
C00 670.017 96.69375610351562
C00 699.987 96.65431213378906
C00 720.012 96.07658386230469
C00 749.995 95.5012435913086
C00 770.007 94.98628234863281
C00 800.008 94.05559539794922
C00 830.013 92.35184478759766
C00 869.994 87.77252960205078
C00 900.005 80.37924194335938
C00 919.989 73.73526763916016
C00 959.989 53.02785873413086
C00 1000.013 27.296743392944336
C00 1030.002 11.402036666870117
C00 1049.996 5.644278049468994
C00 1080.005 0.6620626437383655
C00 1100.007 0.09006115043171854
C01 319.992 49.5904426574707
C01 330.006 51.59688949584961
C01 349.994 71.5599594116211
C01 370.001 77.60917663574219
C01 400.009 84.00407409667969
C01 429.983 86.30411529541016
C01 449.989 87.50572967529297
C01 469.993 88.7654037475586
C01 500.016 91.0514144897461
C01 549.99 93.95108795166016
C01 569.998 95.0721435546875
C01 599.983 96.20820617675781
C01 630.013 96.5407485961914
C01 649.987 96.97797393798828
C01 670.017 96.99608612060547
C01 699.987 96.94766235351562
C01 720.012 96.36863708496094
C01 749.995 95.78787231445312
C01 770.007 95.27078247070312
C01 800.008 94.33776092529297
C01 830.013 92.64714813232422
C01 869.994 88.07449340820312
C01 900.005 80.69571685791016
C01 919.989 74.04037475585938
C01 959.989 53.325260162353516
C01 1000.013 27.4128360748291
C01 1030.002 11.408418655395508
C01 1049.996 5.642519950866699
C01 1080.005 0.6640496951115328
C01 1100.007 0.09033145133802535
C02 319.992 49.5914306640625
C02 330.006 51.60077667236328
C02 349.994 71.57537078857422
C02 370.001 77.62310791015625
C02 400.009 83.93279266357422
C02 429.983 86.19393920898438
C02 449.989 87.37788391113281
C02 469.993 88.6295166015625
C02 500.016 90.90874481201172
C02 549.99 93.79766082763672
C02 569.998 94.91703796386719
C02 599.983 96.05386352539062
C02 630.013 96.37670135498047
C02 649.987 96.81414794921875
C02 670.017 96.83321380615234
C02 699.987 96.78680419921875
C02 720.012 96.20613861083984
C02 749.995 95.62969207763672
C02 770.007 95.11021423339844
C02 800.008 94.19071197509766
C02 830.013 92.5135498046875
C02 869.994 87.98282623291016
C02 900.005 80.65171813964844
C02 919.989 74.00135040283203
C02 959.989 53.36198425292969
C02 1000.013 27.45759391784668
C02 1030.002 11.413031578063965
C02 1049.996 5.6388773918151855
C02 1080.005 0.6629531103700291
C02 1100.007 0.09018228164192525
C03 319.992 49.77486801147461
C03 330.006 51.79153823852539
C03 349.994 71.80662536621094
C03 370.001 77.83538818359375
C03 400.009 84.10393524169922
C03 429.983 86.35269165039062
C03 449.989 87.53681945800781
C03 469.993 88.79203796386719
C03 500.016 91.06717681884766
C03 549.99 93.9608154296875
C03 569.998 95.08275604248047
C03 599.983 96.2117919921875
C03 630.013 96.53917694091797
C03 649.987 96.97528076171875
C03 670.017 96.99310302734375
C03 699.987 96.93795013427734
C03 720.012 96.36087036132812
C03 749.995 95.77764129638672
C03 770.007 95.25713348388672
C03 800.008 94.335205078125
C03 830.013 92.66490173339844
C03 869.994 88.15301513671875
C03 900.005 80.83837127685547
C03 919.989 74.15542602539062
C03 959.989 53.52619934082031
C03 1000.013 27.527437210083008
C03 1030.002 11.427495002746582
C03 1049.996 5.651869773864746
C03 1080.005 0.6639787643275339
C03 1100.007 0.09032180254108994
C04 319.992 49.904876708984375
C04 330.006 51.932472229003906
C04 349.994 72.01750183105469
C04 370.001 78.03846740722656
C04 400.009 84.1548843383789
C04 429.983 86.33064270019531
C04 449.989 87.49040222167969
C04 469.993 88.72279357910156
C04 500.016 90.985595703125
C04 549.99 93.86741638183594
C04 569.998 94.98004913330078
C04 599.983 96.11336517333984
C04 630.013 96.4374771118164
C04 649.987 96.87506866455078
C04 670.017 96.88766479492188
C04 699.987 96.83518981933594
C04 720.012 96.2572250366211
C04 749.995 95.6710205078125
C04 770.007 95.15897369384766
C04 800.008 94.23650360107422
C04 830.013 92.5721664428711
C04 869.994 88.08602905273438
C04 900.005 80.79376220703125
C04 919.989 74.09196472167969
C04 959.989 53.4599609375
C04 1000.013 27.563772201538086
C04 1030.002 11.442358016967773
C04 1049.996 5.651247501373291
C04 1080.005 0.6632396183370108
C04 1100.007 0.09022125565346066
C05 319.992 50.328826904296875
C05 330.006 52.36625289916992
C05 349.994 72.52561950683594
C05 370.001 78.47032928466797
C05 400.009 84.52057647705078
C05 429.983 86.69036865234375
C05 449.989 87.85152435302734
C05 469.993 89.09073638916016
C05 500.016 91.36095428466797
C05 549.99 94.23641204833984
C05 569.998 95.35133361816406
C05 599.983 96.47589874267578
C05 630.013 96.78864288330078
C05 649.987 97.21916961669922
C05 670.017 97.22819519042969
C05 699.987 97.16798400878906
C05 720.012 96.57657623291016
C05 749.995 95.98698425292969
C05 770.007 95.4609375
C05 800.008 94.53813934326172
C05 830.013 92.87410736083984
C05 869.994 88.3940658569336
C05 900.005 81.09600830078125
C05 919.989 74.3330307006836
C05 959.989 53.68364334106445
C05 1000.013 27.69353485107422
C05 1030.002 11.469489097595215
C05 1049.996 5.677670955657959
C05 1080.005 0.6654300282477891
C05 1100.007 0.09051921965784525
C06 319.992 51.608280181884766
C06 330.006 53.68791580200195
C06 349.994 74.28472900390625
C06 370.001 80.30418395996094
C06 400.009 86.50271606445312
C06 429.983 88.73011779785156
C06 449.989 89.92228698730469
C06 469.993 91.19584655761719
C06 500.016 93.51786804199219
C06 549.99 96.462890625
C06 569.998 97.59856414794922
C06 599.983 98.7433853149414
C06 630.013 99.05697631835938
C06 649.987 99.49232482910156
C06 670.017 99.49525451660156
C06 699.987 99.43017578125
C06 720.012 98.82416534423828
C06 749.995 98.2142333984375
C06 770.007 97.67546081542969
C06 800.008 96.72815704345703
C06 830.013 95.0232162475586
C06 869.994 90.48719787597656
C06 900.005 83.00321197509766
C06 919.989 76.02730560302734
C06 959.989 55.05998611450195
C06 1000.013 28.4567928314209
C06 1030.002 11.77309513092041
C06 1049.996 5.837369441986084
C06 1080.005 0.6808704338439185
C06 1100.007 0.09261959596554295
C07 319.992 50.33696365356445
C07 330.006 52.364776611328125
C07 349.994 72.41541290283203
C07 370.001 78.25469207763672
C07 400.009 84.33464050292969
C07 429.983 86.53706359863281
C07 449.989 87.7144546508789
C07 469.993 88.96539306640625
C07 500.016 91.24050903320312
C07 549.99 94.11593627929688
C07 569.998 95.22421264648438
C07 599.983 96.33892059326172
C07 630.013 96.6482925415039
C07 649.987 97.06756591796875
C07 670.017 97.07278442382812
C07 699.987 97.00332641601562
C07 720.012 96.41155242919922
C07 749.995 95.81441497802734
C07 770.007 95.28955078125
C07 800.008 94.37113189697266
C07 830.013 92.71258544921875
C07 869.994 88.32594299316406
C07 900.005 81.03699493408203
C07 919.989 74.26054382324219
C07 959.989 53.910362243652344
C07 1000.013 27.90446662902832
C07 1030.002 11.587347030639648
C07 1049.996 5.729043960571289
C07 1080.005 0.664233685290093
C07 1100.007 0.09035647973572455
C10 319.992 48.48504638671875
C10 330.006 50.413551330566406
C10 349.994 69.67988586425781
C10 370.001 75.50917053222656
C10 400.009 83.12157440185547
C10 429.983 86.0050048828125
C10 449.989 87.4212417602539
C10 469.993 88.82799530029297
C10 500.016 91.24948120117188
C10 549.99 94.26153564453125
C10 569.998 95.40449523925781
C10 599.983 96.55878448486328
C10 630.013 96.8922348022461
C10 649.987 97.32958221435547
C10 670.017 97.34367370605469
C10 699.987 97.29212188720703
C10 720.012 96.70408630371094
C10 749.995 96.1193618774414
C10 770.007 95.59477996826172
C10 800.008 94.67716217041016
C10 830.013 93.00566101074219
C10 869.994 88.51702117919922
C10 900.005 81.25898742675781
C10 919.989 74.47798919677734
C10 959.989 53.5286750793457
C10 1000.013 27.816221237182617
C10 1030.002 11.620588302612305
C10 1049.996 5.7562479972839355
C10 1080.005 0.6663477420995628
C10 1100.007 0.09064405733905193
C11 319.992 48.97555923461914
C11 330.006 50.9243278503418
C11 349.994 70.35667419433594
C11 370.001 76.19073486328125
C11 400.009 83.62674713134766
C11 429.983 86.42259979248047
C11 449.989 87.81291961669922
C11 469.993 89.20213317871094
C11 500.016 91.6125717163086
C11 549.99 94.61373901367188
C11 569.998 95.75411987304688
C11 599.983 96.90345001220703
C11 630.013 97.22772979736328
C11 649.987 97.66374969482422
C11 670.017 97.67633819580078
C11 699.987 97.61978912353516
C11 720.012 97.02958679199219
C11 749.995 96.43756866455078
C11 770.007 95.91260528564453
C11 800.008 94.98637390136719
C11 830.013 93.31288146972656
C11 869.994 88.82044219970703
C11 900.005 81.50273895263672
C11 919.989 74.75582122802734
C11 959.989 53.78113555908203
C11 1000.013 27.88268280029297
C11 1030.002 11.625251770019531
C11 1049.996 5.741878509521484
C11 1080.005 0.6685537086101497
C11 1100.007 0.09094413752577792
C12 319.992 49.124393463134766
C12 330.006 51.07685089111328
C12 349.994 70.53573608398438
C12 370.001 76.33863067626953
C12 400.009 83.65120697021484
C12 429.983 86.4028091430664
C12 449.989 87.77730560302734
C12 469.993 89.15816497802734
C12 500.016 91.55522918701172
C12 549.99 94.5439453125
C12 569.998 95.6771240234375
C12 599.983 96.82383728027344
C12 630.013 97.14303588867188
C12 649.987 97.5749282836914
C12 670.017 97.58795928955078
C12 699.987 97.52383422851562
C12 720.012 96.93011474609375
C12 749.995 96.3357162475586
C12 770.007 95.8136215209961
C12 800.008 94.89095306396484
C12 830.013 93.21275329589844
C12 869.994 88.74362182617188
C12 900.005 81.43389892578125
C12 919.989 74.67694854736328
C12 959.989 53.77125549316406
C12 1000.013 27.95332908630371
C12 1030.002 11.622201919555664
C12 1049.996 5.716529369354248
C12 1080.005 0.6678476159250092
C12 1100.007 0.09084808691767214
C13 319.992 49.24686050415039
C13 330.006 51.204715728759766
C13 349.994 70.71389770507812
C13 370.001 76.51619720458984
C13 400.009 83.77147674560547
C13 429.983 86.497314453125
C13 449.989 87.86033630371094
C13 469.993 89.23794555664062
C13 500.016 91.63613891601562
C13 549.99 94.61717987060547
C13 569.998 95.75090026855469
C13 599.983 96.89484405517578
C13 630.013 97.2161636352539
C13 649.987 97.64545440673828
C13 670.017 97.65669250488281
C13 699.987 97.59312438964844
C13 720.012 96.99539947509766
C13 749.995 96.39923858642578
C13 770.007 95.87487030029297
C13 800.008 94.948974609375
C13 830.013 93.28727722167969
C13 869.994 88.8559341430664
C13 900.005 81.54263305664062
C13 919.989 74.56670379638672
C13 959.989 54.041900634765625
C13 1000.013 27.841459274291992
C13 1030.002 11.690237998962402
C13 1049.996 5.727015972137451
C13 1080.005 0.6682879823842953
C13 1100.007 0.0909079904786266
C14 319.992 49.51152038574219
C14 330.006 51.48954391479492
C14 349.994 71.13167572021484
C14 370.001 76.96512603759766
C14 400.009 84.03642272949219
C14 429.983 86.6854248046875
C14 449.989 88.01918029785156
C14 469.993 89.37940216064453
C14 500.016 91.76331329345703
C14 549.99 94.73876953125
C14 569.998 95.8709487915039
C14 599.983 97.01622772216797
C14 630.013 97.33213806152344
C14 649.987 97.76461029052734
C14 670.017 97.77233123779297
C14 699.987 97.7066650390625
C14 720.012 97.11241912841797
C14 749.995 96.51410675048828
C14 770.007 95.99553680419922
C14 800.008 95.07010650634766
C14 830.013 93.3995361328125
C14 869.994 88.9635238647461
C14 900.005 81.61996459960938
C14 919.989 74.84784698486328
C14 959.989 53.974037170410156
C14 1000.013 28.047481536865234
C14 1030.002 11.69050121307373
C14 1049.996 5.721189975738525
C14 1080.005 0.6690843097678343
C14 1100.007 0.0910163158175656
C15 319.992 49.60930633544922
C15 330.006 51.58001708984375
C15 349.994 71.19710540771484
C15 370.001 76.96141815185547
C15 400.009 83.99459075927734
C15 429.983 86.63276672363281
C15 449.989 87.96347045898438
C15 469.993 89.31922912597656
C15 500.016 91.70037078857422
C15 549.99 94.66905212402344
C15 569.998 95.79664611816406
C15 599.983 96.93184661865234
C15 630.013 97.24205017089844
C15 649.987 97.67239379882812
C15 670.017 97.67244720458984
C15 699.987 97.60726165771484
C15 720.012 97.00910949707031
C15 749.995 96.40574645996094
C15 770.007 95.88385009765625
C15 800.008 94.96286010742188
C15 830.013 93.30608367919922
C15 869.994 88.90312194824219
C15 900.005 81.5904541015625
C15 919.989 74.80891418457031
C15 959.989 54.07867431640625
C15 1000.013 28.06639289855957
C15 1030.002 11.704018592834473
C15 1049.996 5.721371173858643
C15 1080.005 0.6683330949576073
C15 1100.007 0.09091412719437372
C16 319.992 51.14523696899414
C16 330.006 53.1776237487793
C16 349.994 73.38504791259766
C16 370.001 79.32085418701172
C16 400.009 86.5588150024414
C16 429.983 89.26544189453125
C16 449.989 90.63822937011719
C16 469.993 92.03272247314453
C16 500.016 94.48196411132812
C16 549.99 97.53048706054688
C16 569.998 98.6904525756836
C16 599.983 99.85801696777344
C16 630.013 100.17437744140625
C16 649.987 100.61658477783203
C16 670.017 100.61727905273438
C16 699.987 100.54544830322266
C16 720.012 99.92957305908203
C16 749.995 99.30390167236328
C16 770.007 98.76274871826172
C16 800.008 97.81690979003906
C16 830.013 96.11914825439453
C16 869.994 91.61064910888672
C16 900.005 84.08494567871094
C16 919.989 77.12251281738281
C16 959.989 55.80714797973633
C16 1000.013 28.98698616027832
C16 1030.002 12.095763206481934
C16 1049.996 5.904051780700684
C16 1080.005 0.6884245582446579
C16 1100.007 0.09364719228209899
C17 319.992 49.65393829345703
C17 330.006 51.62012481689453
C17 349.994 71.20995330810547
C17 370.001 76.96542358398438
C17 400.009 84.08573150634766
C17 429.983 86.759521484375
C17 449.989 88.10874938964844
C17 469.993 89.47805786132812
C17 500.016 91.87077331542969
C17 549.99 94.84095764160156
C17 569.998 95.9710693359375
C17 599.983 97.10672760009766
C17 630.013 97.41625213623047
C17 649.987 97.84233093261719
C17 670.017 97.84123229980469
C17 699.987 97.76995849609375
C17 720.012 97.16693115234375
C17 749.995 96.56047058105469
C17 770.007 96.03499603271484
C17 800.008 95.11436462402344
C17 830.013 93.47057342529297
C17 869.994 89.11634826660156
C17 900.005 81.82231140136719
C17 919.989 75.01860809326172
C17 959.989 54.28493118286133
C17 1000.013 28.239856719970703
C17 1030.002 11.813621520996094
C17 1049.996 5.762130260467529
C17 1080.005 0.6694057168927363
C17 1100.007 0.09106003720208923
