lsstCam/transmission_sensor/r32_s01/19700101T000000.ecsv
# %ECSV 1.0
# ---
# datatype:
# - {name: amp_name, datatype: string}
# - {name: wavelength, unit: nm, datatype: float32}
# - {name: efficiency, unit: '%', datatype: float64}
# meta: !!omap
# - {MODE: AMP}
# - {TYPE: transmission_sensor}
# - {CALIBDATE: '1970-01-01T00:00:00'}
# - {INSTRUME: LSSTCam}
# - {OBSTYPE: transmission_sensor}
# - {DETECTOR: 136}
# - {PARQUETFILE: qe_raft_allvalues_nircorrected_20230725_adjust.parquet}
# - {CORRFILE: qe_corr_factor_bydetnum.parquet}
# - {CALIBCLS: lsst.ip.isr.IntermediateSensorTransmissionCurve}
# - {CALIB_ID: 'raftName=R32 detectorName=S01 detector=136 calibDate=1970-01-01T00:00:00 ccd=136 ccdnum=136 filter=None'}
# - {DATE: '2025-03-03T21:56:48.149214'}
# - {CALIB_CREATION_DATE: '2025-03-03'}
# - {CALIB_CREATION_TIME: '21:56:48'}
# - __serialized_columns__:
#     efficiency:
#       __class__: astropy.units.quantity.Quantity
#       unit: !astropy.units.Unit {unit: '%'}
#       value: !astropy.table.SerializedColumn {name: efficiency}
#     wavelength:
#       __class__: astropy.units.quantity.Quantity
#       unit: !astropy.units.Unit {unit: nm}
#       value: !astropy.table.SerializedColumn {name: wavelength}
# schema: astropy-2.0
amp_name wavelength efficiency
C00 319.992 49.02497806463176
C00 330.006 51.009253602467716
C00 349.994 70.76813724234296
C00 370.001 76.80193900286764
C00 400.009 83.36407752454751
C00 429.983 85.73321529163813
C00 449.989 86.95438932648837
C00 469.993 88.22564660776366
C00 500.016 90.52083565076656
C00 549.99 93.42668403082384
C00 569.998 94.54767634763878
C00 599.983 95.68240939401707
C00 630.013 96.01813995091615
C00 649.987 96.45807167472
C00 670.017 96.48081048868438
C00 699.987 96.44145338517053
C00 720.012 95.86499742646967
C00 749.995 95.2909242092388
C00 770.007 94.7770970494951
C00 800.008 93.84845972138193
C00 830.013 92.1484612273599
C00 869.994 87.57923092347434
C00 900.005 80.20222526942881
C00 919.989 73.5728827806657
C00 959.989 52.911077150331025
C00 1000.013 27.23662863436077
C00 1030.002 11.376926320492057
C00 1049.996 5.631847833620973
C00 1080.005 0.6606046040219569
C00 1100.007 0.0898628115955422
C01 319.992 49.4812311868754
C01 330.006 51.48325929055165
C01 349.994 71.40236516595033
C01 370.001 77.43826038942788
C01 400.009 83.81907456901943
C01 429.983 86.11405045943076
C01 449.989 87.3130185617955
C01 469.993 88.56991849351043
C01 500.016 90.8508948262115
C01 549.99 93.7441824285516
C01 569.998 94.86276916611888
C01 599.983 95.99632987324357
C01 630.013 96.32813994497637
C01 649.987 96.76440239916829
C01 670.017 96.78247469389594
C01 699.987 96.73415756894381
C01 720.012 96.15640746950845
C01 749.995 95.57692169897035
C01 770.007 95.06097062590356
C01 800.008 94.1300038444683
C01 830.013 92.44311423482749
C01 869.994 87.8805297242432
C01 900.005 80.51800322123894
C01 919.989 73.87731796956759
C01 959.989 53.207823620751476
C01 1000.013 27.3524656489872
C01 1030.002 11.383294254165044
C01 1049.996 5.630093606823879
C01 1080.005 0.6625872793744438
C01 1100.007 0.090132517226673
C02 319.992 49.48221701761139
C02 330.006 51.48713790645887
C02 349.994 71.4177426029132
C02 370.001 77.4521609834349
C02 400.009 83.74795011676991
C02 429.983 86.0041170103314
C02 449.989 87.18545434833675
C02 469.993 88.43433060749778
C02 500.016 90.7085393454167
C02 549.99 93.591093192253
C02 569.998 94.708005159458
C02 599.983 95.84232712583828
C02 630.013 96.16445397984
C02 649.987 96.60093719921605
C02 670.017 96.61996106801317
C02 699.987 96.5736536674958
C02 720.012 95.99426686066093
C02 749.995 95.41908981750946
C02 770.007 94.90075600297268
C02 800.008 93.98327873554642
C02 830.013 92.30981012658161
C02 869.994 87.7890644246844
C02 900.005 80.47410139996923
C02 919.989 73.83837955864429
C02 959.989 53.24446683501917
C02 1000.013 27.39712492321622
C02 1030.002 11.387897017939137
C02 1049.996 5.626459069665485
C02 1080.005 0.6614931096069924
C02 1100.007 0.08998367604229827
C03 319.992 49.665250386728495
C03 330.006 51.677479364429615
C03 349.994 71.64848789587424
C03 370.001 77.66397375870949
C03 400.009 83.91871579298324
C03 429.983 86.16251983623398
C03 449.989 87.34403987646067
C03 469.993 88.59649405412299
C03 500.016 90.86662244243193
C03 549.99 93.75388848406033
C03 569.998 94.8733582823641
C03 599.983 95.99990779174483
C03 630.013 96.32657175090986
C03 649.987 96.76171515399606
C03 670.017 96.77949817020658
C03 699.987 96.72446673862018
C03 720.012 96.14865785028657
C03 749.995 95.56671321235294
C03 770.007 95.04735169782111
C03 800.008 94.12745362596208
C03 830.013 92.460828737705
C03 869.994 87.95887852682824
C03 900.005 80.66034347684864
C03 919.989 73.99211586531013
C03 959.989 53.408320277191756
C03 1000.013 27.466814401768954
C03 1030.002 11.402328590276932
C03 1049.996 5.6394228390011
C03 1080.005 0.6625165047990774
C03 1100.007 0.0901228896789793
C04 319.992 49.794972770176834
C04 330.006 51.81810298041796
C04 349.994 71.85889995411854
C04 370.001 77.86660574736169
C04 400.009 83.96955268607135
C04 429.983 86.14051944374752
C04 449.989 87.29772486335075
C04 469.993 88.52740216408588
C04 500.016 90.78522099023199
C04 549.99 93.66069512599134
C04 569.998 94.77087756137695
C04 599.983 95.90169773518153
C04 630.013 96.22509589214009
C04 649.987 96.66172375077468
C04 670.017 96.67429214108444
C04 699.987 96.62193272948514
C04 720.012 96.04524078041506
C04 749.995 95.46032723138462
C04 770.007 94.94940808199726
C04 800.008 94.02896951606677
C04 830.013 92.36829767518837
C04 869.994 87.89203996418769
C04 900.005 80.61583264817446
C04 919.989 73.92879432043038
C04 959.989 53.342227748621674
C04 1000.013 27.503069373816295
C04 1030.002 11.417158872149841
C04 1049.996 5.638801936920762
C04 1080.005 0.6617789866064986
C04 1100.007 0.09002256422259511
C05 319.992 50.21798931332154
C05 330.006 52.250928349070904
C05 349.994 72.36589861833963
C05 370.001 78.29751654898683
C05 400.009 84.33443947245942
C05 429.983 86.4994531827569
C05 449.989 87.65805170679785
C05 469.993 88.89453466527793
C05 500.016 91.15975293138834
C05 549.99 94.0288781649561
C05 569.998 95.14134437810847
C05 599.983 96.26343290825146
C05 630.013 96.57548830230176
C05 649.987 97.00506690022964
C05 670.017 97.01407259722323
C05 699.987 96.95399401677228
C05 720.012 96.36388867961875
C05 749.995 95.7755951394935
C05 770.007 95.25070688276612
C05 800.008 94.32994097535573
C05 830.013 92.66957363817957
C05 869.994 88.19939838863102
C05 900.005 80.91741311486788
C05 919.989 74.16932940741827
C05 959.989 53.565417543471014
C05 1000.013 27.632546251154704
C05 1030.002 11.44423020285259
C05 1049.996 5.665167199663956
C05 1080.005 0.6639645726464916
C05 1100.007 0.09031987203023371
C06 319.992 51.49462489123757
C06 330.006 53.5696805953023
C06 349.994 74.12113408394706
C06 370.001 80.12733258386415
C06 400.009 86.31221385625265
C06 429.983 88.53471025293952
C06 449.989 89.7242539657201
C06 469.993 90.99500881588672
C06 500.016 93.3119165854515
C06 549.99 96.25045343794369
C06 569.998 97.38362590284804
C06 599.983 98.52592586622687
C06 630.013 98.83882625805089
C06 649.987 99.27321601447406
C06 670.017 99.27613925001552
C06 699.987 99.21120383551393
C06 720.012 98.60652799620844
C06 749.995 97.99793928432925
C06 770.007 97.46035322321868
C06 800.008 96.51513566851881
C06 830.013 94.81394961005807
C06 869.994 90.2879207689271
C06 900.005 82.82041661457735
C06 919.989 75.85987306148591
C06 959.989 54.93872924055034
C06 1000.013 28.394123332481122
C06 1030.002 11.747167614169106
C06 1049.996 5.824513987043471
C06 1080.005 0.6793709743234911
C06 1100.007 0.09241562274531569
C07 319.992 50.226108143282374
C07 330.006 52.24945531241134
C07 349.994 72.25593471887005
C07 370.001 78.08235423298765
C07 400.009 84.14891297928025
C07 429.983 86.3464857479392
C07 449.989 87.52128386893905
C07 469.993 88.76946738217751
C07 500.016 91.0395729327088
C07 549.99 93.90866771590632
C07 569.998 95.01450336094253
C07 599.983 96.12675642150333
C07 630.013 96.43544704964394
C07 649.987 96.8537970735519
C07 670.017 96.85900408686011
C07 699.987 96.78969904423145
C07 720.012 96.19922830263523
C07 749.995 95.60340590847224
C07 770.007 95.07969760359101
C07 800.008 94.16330132430768
C07 830.013 92.5084074411792
C07 869.994 88.13142554969964
C07 900.005 80.85852971144821
C07 919.989 74.09700216554494
C07 959.989 53.791637150157584
C07 1000.013 27.84301350069504
C07 1030.002 11.561828581081635
C07 1049.996 5.716427067425955
C07 1080.005 0.6627708643572264
C07 1100.007 0.09015749050511992
C10 319.992 48.37826929552904
C10 330.006 50.302527153654495
C10 349.994 69.52643204536955
C10 370.001 75.34287906323897
C10 400.009 82.93851837548915
C10 429.983 85.81559876827778
C10 449.989 87.22871671183177
C10 469.993 88.63237220283881
C10 500.016 91.0485253415545
C10 549.99 94.05394643224258
C10 569.998 95.19438892303778
C10 599.983 96.34613611377846
C10 630.013 96.6788520840254
C10 649.987 97.11523633969821
C10 670.017 97.12929679814891
C10 699.987 97.07785851024887
C10 720.012 96.49111793900504
C10 749.995 95.90768123293044
C10 770.007 95.3842545939738
C10 800.008 94.46865763690883
C10 830.013 92.80083757162048
C10 869.994 88.32208293026146
C10 900.005 81.08003331704643
C10 919.989 74.31396866597984
C10 959.989 53.410790563476134
C10 1000.013 27.754962448897547
C10 1030.002 11.59499664684757
C10 1049.996 5.743571193545021
C10 1080.005 0.6648802654459421
C10 1100.007 0.09044443478534538
C11 319.992 48.86770190242744
C11 330.006 50.812178806381304
C11 349.994 70.20172990581585
C11 370.001 76.02294240662525
C11 400.009 83.44257857898367
C11 429.983 86.23227402182344
C11 449.989 87.61953198846513
C11 469.993 89.00568612918622
C11 500.016 91.41081623388101
C11 549.99 94.40537415499186
C11 569.998 95.54324358950318
C11 599.983 96.69004259508253
C11 630.013 97.01360822907732
C11 649.987 97.4486678936454
C11 670.017 97.4612286713626
C11 699.987 97.40480413533848
C11 720.012 96.81590158780877
C11 749.995 96.22518724325076
C11 770.007 95.70137997466631
C11 800.008 94.77718840060577
C11 830.013 93.10738144866033
C11 869.994 88.6248357362085
C11 900.005 81.32324803661398
C11 919.989 74.59118883649448
C11 959.989 53.66269505744622
C11 1000.013 27.821277645799885
C11 1030.002 11.599649844047345
C11 1049.996 5.729233351253071
C11 1080.005 0.6670813738259338
C11 1100.007 0.09074385411492364
C12 319.992 49.0162083580074
C12 330.006 50.96436595046202
C12 349.994 70.38039745310218
C12 370.001 76.17051251332083
C12 400.009 83.4669845507178
C12 429.983 86.21252695673351
C12 449.989 87.58399640641431
C12 469.993 88.96181475828672
C12 500.016 91.35359998823107
C12 549.99 94.33573415829075
C12 569.998 95.46641730542932
C12 599.983 96.610605191762
C12 630.013 96.92910083911458
C12 649.987 97.36004209110995
C12 670.017 97.37304439919538
C12 699.987 97.30906055876328
C12 720.012 96.7166486060653
C12 749.995 96.12355913262986
C12 770.007 95.60261419884642
C12 800.008 94.68197770550948
C12 830.013 93.00747378395707
C12 869.994 88.54818454176342
C12 900.005 81.25455961398235
C12 919.989 74.51248985465189
C12 959.989 53.652836750086365
C12 1000.013 27.891768349719122
C12 1030.002 11.596606710173136
C12 1049.996 5.7039400366991515
C12 1080.005 0.6663768361464837
C12 1100.007 0.09064801503604811
C13 319.992 49.138405693714255
C13 330.006 51.09194919540216
C13 349.994 70.55816671446689
C13 370.001 76.34768799246619
C13 400.009 83.58698945976856
C13 429.983 86.30682414072311
C13 449.989 87.66684425119988
C13 469.993 89.04141963864348
C13 500.016 91.4343315322861
C13 549.99 94.40880743423456
C13 569.998 95.5400310754446
C13 599.983 96.6814555906795
C13 630.013 97.00206753876262
C13 649.987 97.43041289669642
C13 670.017 97.44162624553122
C13 699.987 97.3781981243557
C13 720.012 96.7817895605659
C13 749.995 96.18694157825006
C13 770.007 95.66372809188496
C13 800.008 94.73987147189688
C13 830.013 93.08183358804283
C13 869.994 88.6602495167784
C13 900.005 81.36305428308863
C13 919.989 74.40248789221953
C13 959.989 53.92288585841337
C13 1000.013 27.78014490507237
C13 1030.002 11.664492955864196
C13 1049.996 5.7144035451671975
C13 1080.005 0.6668162328005807
C13 1100.007 0.09070778667327624
C14 319.992 49.40248272318118
C14 330.006 51.37615011329053
C14 349.994 70.97502467023389
C14 370.001 76.79562816363882
C14 400.009 83.85135196145633
C14 429.983 86.49452022278068
C14 449.989 87.82533842821313
C14 469.993 89.18256471722191
C14 500.016 91.56122583759993
C14 549.99 94.53012932179749
C14 569.998 95.65981521931124
C14 599.983 96.80257193824343
C14 630.013 97.11778655820443
C14 649.987 97.54930636723404
C14 670.017 97.55701031090058
C14 699.987 97.49148872677219
C14 720.012 96.89855150518787
C14 749.995 96.30155677177126
C14 770.007 95.78412885574863
C14 800.008 94.86073660390646
C14 830.013 93.19384527490993
C14 869.994 88.76760229700132
C14 900.005 81.44021552123496
C14 919.989 74.68301192790342
C14 959.989 53.855171847628895
C14 1000.013 27.985713451303003
C14 1030.002 11.664755590307372
C14 1049.996 5.708590379176719
C14 1080.005 0.6676108064573939
C14 1100.007 0.09081587345073174
C15 319.992 49.500053321969794
C15 330.006 51.46642404211434
C15 349.994 71.04031026399305
C15 370.001 76.79192844365667
C15 400.009 83.80961211647248
C15 429.983 86.44197810896006
C15 449.989 87.76975127737016
C15 469.993 89.12252419973375
C15 500.016 91.49842194901399
C15 549.99 94.46056545102194
C15 569.998 95.5856761804096
C15 599.983 96.71837666457549
C15 630.013 97.02789706530469
C15 649.987 97.45729296101122
C15 670.017 97.4573462491591
C15 699.987 97.39230425836173
C15 720.012 96.7954693893888
C15 749.995 96.19343511970021
C15 770.007 95.67268811332323
C15 800.008 94.75372639034858
C15 830.013 93.10059862869305
C15 869.994 88.70733340173648
C15 900.005 81.41077001322884
C15 919.989 74.6441648680908
C15 959.989 53.959578554532676
C15 1000.013 28.004583165100872
C15 1030.002 11.67824320116824
C15 1049.996 5.708771178249921
C15 1080.005 0.6668612460238927
C15 1100.007 0.09071390987432748
C16 319.992 51.03260142383658
C16 330.006 53.06051234220279
C16 349.994 73.22343433198094
C16 370.001 79.14616836711545
C16 400.009 86.36818924931599
C16 429.983 89.06885542221484
C16 449.989 90.43861965116314
C16 469.993 91.83004170593289
C16 500.016 94.27388945636685
C16 549.99 97.315698739472
C16 569.998 98.47310969907423
C16 599.983 99.63810280086211
C16 630.013 99.95376656378392
C16 649.987 100.39500004091482
C16 670.017 100.3956927868374
C16 699.987 100.32402022792387
C16 720.012 99.70950130644364
C16 749.995 99.08520781612168
C16 770.007 98.54524662613368
C16 800.008 97.60149068920454
C16 830.013 95.90746808033887
C16 869.994 91.40889786055693
C16 900.005 83.89976805011167
C16 919.989 76.9526683354739
C16 959.989 55.68424565473201
C16 1000.013 28.92314903326262
C16 1030.002 12.069125087986466
C16 1049.996 5.891049473342897
C16 1080.005 0.6869084625138913
C16 1100.007 0.09344095601885587
C17 319.992 49.54458698842165
C17 330.006 51.50644344118056
C17 349.994 71.05312986985714
C17 370.001 76.7959250547485
C17 400.009 83.90055214714494
C17 429.983 86.56845372168331
C17 449.989 87.91471026481908
C17 469.993 89.28100315156189
C17 500.016 91.66844920374939
C17 549.99 94.63209238649084
C17 569.998 95.75971527142195
C17 599.983 96.89287251114119
C17 630.013 97.20171539113292
C17 649.987 97.62685584760071
C17 670.017 97.62575963427267
C17 699.987 97.5546427946157
C17 720.012 96.95294347899957
C17 749.995 96.3478184967333
C17 770.007 95.82350118444761
C17 800.008 94.90489725332307
C17 830.013 93.26472612419765
C17 869.994 88.92009013848799
C17 900.005 81.6421167010018
C17 919.989 74.85339697448894
C17 959.989 54.1653811879844
C17 1000.013 28.177664972599317
C17 1030.002 11.787604754251829
C17 1049.996 5.749440502405599
C17 1080.005 0.6679315057575037
C17 1100.007 0.09085949854902671
