lsstCam/transmission_sensor/r32_s01/19700101T000000.ecsv
# %ECSV 1.0
# ---
# datatype:
# - {name: amp_name, datatype: string}
# - {name: wavelength, unit: nm, datatype: float32}
# - {name: efficiency, unit: '%', datatype: float64}
# meta: !!omap
# - {MODE: AMP}
# - {TYPE: transmission_sensor}
# - {CALIBDATE: '1970-01-01T00:00:00'}
# - {INSTRUME: LSSTCAM}
# - {OBSTYPE: transmission_sensor}
# - {DETECTOR: 136}
# - {PARQUETFILE: qe_raft_allvalues_nircorrected_20230725.parquet}
# - {CALIBCLS: lsst.ip.isr.IntermediateSensorTransmissionCurve}
# - {CALIB_ID: 'raftName=R32 detectorName=S01 detector=136 calibDate=1970-01-01T00:00:00 ccd=136 ccdnum=136 filter=None'}
# - {DATE: '2024-01-18T22:42:25.459591'}
# - {CALIB_CREATION_DATE: '2024-01-18'}
# - {CALIB_CREATION_TIME: '22:42:25'}
# - __serialized_columns__:
#     efficiency:
#       __class__: astropy.units.quantity.Quantity
#       unit: !astropy.units.Unit {unit: '%'}
#       value: !astropy.table.SerializedColumn {name: efficiency}
#     wavelength:
#       __class__: astropy.units.quantity.Quantity
#       unit: !astropy.units.Unit {unit: nm}
#       value: !astropy.table.SerializedColumn {name: wavelength}
# schema: astropy-2.0
amp_name wavelength efficiency
C00 319.992 43.8193642140072
C00 330.006 50.6376801372682
C00 349.994 71.93244237425642
C00 370.001 76.60675789625903
C00 400.009 84.31338117293855
C00 429.983 86.20958735847213
C00 449.989 87.59197357163973
C00 469.993 89.11741743217557
C00 500.016 91.5453769524551
C00 549.99 94.76618417520729
C00 569.998 95.87713158089362
C00 599.983 96.95548670694399
C00 630.013 97.48180626978997
C00 649.987 97.84966152120509
C00 670.017 97.77244529819865
C00 699.987 97.63468083402142
C00 720.012 97.43041517005815
C00 749.995 97.63283328544601
C00 770.007 97.59963246492508
C00 800.008 96.78680575747086
C00 830.013 94.90384442147158
C00 869.994 89.94533256314878
C00 900.005 81.46466390069948
C00 919.989 73.0280340251741
C00 959.989 51.21342509621404
C00 1000.013 25.53302957207175
C00 1030.002 9.230540823448514
C00 1049.996 3.929028756683267
C00 1080.005 0.5678530228565833
C00 1100.007 0.11573893097006528
C01 319.992 44.227171061182425
C01 330.006 51.108232962908424
C01 349.994 72.57710486425249
C01 370.001 77.24146216332983
C01 400.009 84.77355947014127
C01 429.983 86.59253861668999
C01 449.989 87.95323241946042
C01 469.993 89.46516916346813
C01 500.016 91.87917183421357
C01 549.99 95.08823468943163
C01 569.998 96.19665498733391
C01 599.983 97.27358397313371
C01 630.013 97.7965317933219
C01 649.987 98.16041164486391
C01 670.017 98.07814802657622
C01 699.987 97.93100651720407
C01 720.012 97.72658376381179
C01 749.995 97.9258595675052
C01 770.007 97.8919600164801
C01 800.008 97.07716487933837
C01 830.013 95.20730801496585
C01 869.994 90.25477146264897
C01 900.005 81.78541241640518
C01 919.989 73.33021469953839
C01 959.989 51.50065045532485
C01 1000.013 25.64162120283863
C01 1030.002 9.23570737459543
C01 1049.996 3.9278049296667805
C01 1080.005 0.5695573225017847
C01 1100.007 0.11608629870616709
C02 319.992 44.22805221356186
C02 330.006 51.112083325299835
C02 349.994 72.59273529683554
C02 370.001 77.25532743097197
C02 400.009 84.70162509227373
C02 429.983 86.48199432820729
C02 449.989 87.8247328543377
C02 469.993 89.32821077663698
C02 500.016 91.735205132438
C02 549.99 94.93295054429888
C02 569.998 96.03971481065466
C02 599.983 97.1175321823871
C02 630.013 97.63035065764626
C02 649.987 97.99458815069578
C02 670.017 97.91345875296469
C02 699.987 97.76851677197071
C02 720.012 97.56179549635205
C02 749.995 97.76414874459446
C02 770.007 97.72697407788993
C02 800.008 96.92584588423577
C02 830.013 95.0700179052754
C02 869.994 90.16083507270747
C02 900.005 81.74081955003082
C02 919.989 73.2915646495428
C02 959.989 51.53611797196321
C02 1000.013 25.68348712482423
C02 1030.002 9.239441775058317
C02 1049.996 3.92526931410428
C02 1080.005 0.5686167786330578
C02 1100.007 0.11589459849939653
C03 319.992 44.39165057058888
C03 330.006 51.30103825376634
C03 349.994 72.8272769017984
C03 370.001 77.46660191447413
C03 400.009 84.87433535282437
C03 429.983 86.64127731101652
C03 449.989 87.98448119477075
C03 469.993 89.49201334562677
C03 500.016 91.89507746019582
C03 549.99 95.09807990499822
C03 569.998 96.2073929994225
C03 599.983 97.27720949669529
C03 630.013 97.79493969426372
C03 649.987 98.15768563110518
C03 670.017 98.07513165473895
C03 699.987 97.92119578652289
C03 720.012 97.71870759796954
C03 749.995 97.91540019290802
C03 770.007 97.8779355061628
C03 800.008 97.0745348148287
C03 830.013 95.22555220920087
C03 869.994 90.33523699117814
C03 900.005 81.92999320632502
C03 919.989 73.44416245201803
C03 959.989 51.694714175998534
C03 1000.013 25.748817659694627
C03 1030.002 9.251150668467481
C03 1049.996 3.934313418991236
C03 1080.005 0.5694964849655058
C03 1100.007 0.1160738988929613
C04 319.992 44.50759865647151
C04 330.006 51.440637506514854
C04 349.994 73.04115074169722
C04 370.001 77.66871894300563
C04 400.009 84.9257511481149
C04 429.983 86.61915467451524
C04 449.989 87.93782658152216
C04 469.993 89.42222308573797
C04 500.016 91.81275468254415
C04 549.99 95.0035503920835
C04 569.998 96.10347127495342
C04 599.983 97.17769273186968
C04 630.013 97.69191697365372
C04 649.987 98.056251663057
C04 670.017 97.9685171821274
C04 699.987 97.8173931694413
C04 720.012 97.6136017895541
C04 749.995 97.80639962617009
C04 770.007 97.77707505353993
C04 800.008 96.97296721912245
C04 830.013 95.13025432311285
C04 869.994 90.26659267127081
C04 900.005 81.88478174634741
C04 919.989 73.38130983894604
C04 959.989 51.630742226387184
C04 1000.013 25.782804952536427
C04 1030.002 9.263183050359993
C04 1049.996 3.933880249949599
C04 1080.005 0.5688625173356742
C04 1100.007 0.11594468458434103
C05 319.992 44.88569808056857
C05 330.006 51.87030998798168
C05 349.994 73.55649074666329
C05 370.001 78.09853464666575
C05 400.009 85.29479306184143
C05 429.983 86.98008280982161
C05 449.989 88.30079548502242
C05 469.993 89.79306650394615
C05 500.016 92.1915256857878
C05 549.99 95.37701223590972
C05 569.998 96.47914730535656
C05 599.983 97.54424087782606
C05 630.013 98.04765064088832
C05 649.987 98.40454818585174
C05 670.017 98.31284644193522
C05 699.987 98.15356290417282
C05 720.012 97.9374530172798
C05 749.995 98.12941568848741
C05 770.007 98.08734676614374
C05 800.008 97.28336193689644
C05 830.013 95.44053890886518
C05 869.994 90.58225490546876
C05 900.005 82.19110929867733
C05 919.989 73.62006362774574
C05 959.989 51.846770976062416
C05 1000.013 25.904183298673235
C05 1030.002 9.285147069125477
C05 1049.996 3.9522738355996068
C05 1080.005 0.5707412381801356
C05 1100.007 0.11632760258138769
C06 319.992 46.02677680340883
C06 330.006 53.179455872479366
C06 349.994 75.34060403412613
C06 370.001 79.92370046667591
C06 400.009 87.29508923792196
C06 429.983 89.02664867804435
C06 449.989 90.38214796255684
C06 469.993 91.91477191368384
C06 500.016 94.36804815774883
C06 549.99 97.6304392269562
C06 569.998 98.7529580333791
C06 599.983 99.83683684505571
C06 630.013 100.34549011411896
C06 649.987 100.70541963450422
C06 670.017 100.60519646419122
C06 699.987 100.43870018168865
C06 720.012 100.21671328492467
C06 749.995 100.40637708010124
C06 770.007 100.36279808739502
C06 800.008 99.53697392943558
C06 830.013 97.64903507804348
C06 869.994 92.72720226434032
C06 900.005 84.12406739285603
C06 919.989 75.2980878511317
C06 959.989 53.17601996360995
C06 1000.013 26.618125189204722
C06 1030.002 9.53093192026495
C06 1049.996 4.063441276268307
C06 1080.005 0.5839845182153685
C06 1100.007 0.11902682757820907
C07 319.992 44.89295482970115
C07 330.006 51.86884768155825
C07 349.994 73.44471767801862
C07 370.001 77.8839191348161
C07 400.009 85.1071538963689
C07 429.983 86.82626541955976
C07 449.989 88.1630248108567
C07 469.993 89.66673506061063
C07 500.016 92.06998545472197
C07 549.99 95.25507827590022
C07 569.998 96.35052274933936
C07 599.983 97.40574587777344
C07 630.013 97.90547464926479
C07 649.987 98.25109600624874
C07 670.017 98.15570195516985
C07 699.987 97.9872351826007
C07 720.012 97.77010383538608
C07 749.995 97.9529946638688
C07 770.007 97.91124469807906
C07 800.008 97.11150488580193
C07 830.013 95.27455359036502
C07 869.994 90.51244566487054
C07 900.005 82.131299029663
C07 919.989 73.54827200995335
C07 959.989 52.06573232605386
C07 1000.013 26.101486224031866
C07 1030.002 9.380559186637333
C07 1049.996 3.988035010341998
C07 1080.005 0.5697151314040985
C07 1100.007 0.11611846307426268
C10 319.992 43.241324850963636
C10 330.006 49.936101789573655
C10 349.994 70.67030815668849
C10 370.001 75.15140594808632
C10 400.009 83.88297599349393
C10 429.983 86.29242859453333
C10 449.989 87.86831243472753
C10 469.993 89.52825414497185
C10 500.016 92.07903918955022
C10 549.99 95.40243991815349
C10 569.998 96.53293772105263
C10 599.983 97.62804446925816
C10 630.013 98.15259006327713
C10 649.987 98.51630702754136
C10 670.017 98.4296132044134
C10 699.987 98.27895991824471
C10 720.012 98.06675985394135
C10 749.995 98.26474798426342
C10 770.007 98.22487163170902
C10 800.008 97.4264217443448
C10 830.013 95.57572783933131
C10 869.994 90.70825397831914
C10 900.005 82.35628925558544
C10 919.989 73.7636317508965
C10 959.989 51.69710520314077
C10 1000.013 26.01894259722773
C10 1030.002 9.407469722617147
C10 1049.996 4.006971965893277
C10 1080.005 0.5715283639752182
C10 1100.007 0.11648803335201834
C11 319.992 43.67878808922594
C11 330.006 50.442040919233094
C11 349.994 71.35671628222197
C11 370.001 75.82974100807704
C11 400.009 84.39277615362678
C11 429.983 86.71141908204117
C11 449.989 88.26199332475979
C11 469.993 89.90534146919917
C11 500.016 92.44543059619197
C11 549.99 95.75890621730358
C11 569.998 96.88669770809167
C11 599.983 97.97652670844593
C11 630.013 98.49244911174708
C11 649.987 98.85454896134496
C11 670.017 98.76598880855823
C11 699.987 98.60995069695285
C11 720.012 98.39684702436729
C11 749.995 98.5900571533157
C11 770.007 98.55144125205439
C11 800.008 97.74461244438179
C11 830.013 95.89143785800611
C11 869.994 91.0191861654164
C11 900.005 82.60333234346378
C11 919.989 74.03879894945742
C11 959.989 51.94092734073745
C11 1000.013 26.08110990531553
C11 1030.002 9.411245041671005
C11 1049.996 3.996969246299619
C11 1080.005 0.5734204277598232
C11 1100.007 0.11687367088663206
C12 319.992 43.811525700176226
C12 330.006 50.593119466334024
C12 349.994 71.53832333802607
C12 370.001 75.97693608652331
C12 400.009 84.41746004696333
C12 429.983 86.69156229343068
C12 449.989 88.22619718165583
C12 469.993 89.86102665345004
C12 500.016 92.38756676033394
C12 549.99 95.68826776083046
C12 569.998 96.80879115309673
C12 599.983 97.89603237149879
C12 630.013 98.40665352123757
C12 649.987 98.7646445642367
C12 670.017 98.67662397131278
C12 699.987 98.51302252744992
C12 720.012 98.29597330113427
C12 749.995 98.48593138831023
C12 770.007 98.44973415487351
C12 800.008 97.64642075237451
C12 830.013 95.78854279778241
C12 869.994 90.94046410879376
C12 900.005 82.53356271743709
C12 919.989 73.9606827780294
C12 959.989 51.931385337196026
C12 1000.013 26.14719155043718
C12 1030.002 9.408776029332715
C12 1049.996 3.9793234996157474
C12 1080.005 0.5728148100445417
C12 1100.007 0.11675023481405362
C13 319.992 43.92074776963357
C13 330.006 50.719773339737124
C13 349.994 71.71901732895651
C13 370.001 76.15366129961379
C13 400.009 84.5388315050286
C13 429.983 86.78638343472527
C13 449.989 88.30965249986498
C13 469.993 89.94143616729504
C13 500.016 92.46921204762431
C13 549.99 95.76238872100595
C13 569.998 96.88344002218126
C13 599.983 97.96782545189812
C13 630.013 98.4807324992606
C13 649.987 98.83603060159014
C13 670.017 98.7461239556657
C13 699.987 98.58301550156342
C13 720.012 98.3621779682385
C13 749.995 98.55087154706945
C13 770.007 98.51266806701842
C13 800.008 97.70612714221343
C13 830.013 95.86512607637623
C13 869.994 91.05555670940375
C13 900.005 82.64376516785627
C13 919.989 73.85149544226475
C13 959.989 52.19276991914869
C13 1000.013 26.042549938901363
C13 1030.002 9.463854768928075
C13 1049.996 3.986623310775652
C13 1080.005 0.5731925136160018
C13 1100.007 0.11682721777588494
C14 319.992 44.15678433694236
C14 330.006 51.001904015220155
C14 349.994 72.14273359520182
C14 370.001 76.60046309512248
C14 400.009 84.80620441953208
C14 429.983 86.97512244011476
C14 449.989 88.4693088193646
C14 469.993 90.08400791791188
C14 500.016 92.5975425798113
C14 549.99 95.88545005471956
C14 569.998 97.00490847668436
C14 599.983 98.09055328139782
C14 630.013 98.59821549820978
C14 649.987 98.95663933497244
C14 670.017 98.86305272276941
C14 699.987 98.69770779849773
C14 720.012 98.4808465651819
C14 749.995 98.66830357088385
C14 770.007 98.63665445895712
C14 800.008 97.8307764980941
C14 830.013 95.98048708796809
C14 869.994 91.16580980727767
C14 900.005 82.72214097738818
C14 919.989 74.12994203900712
C14 959.989 52.127228512584196
C14 1000.013 26.235260565479166
C14 1030.002 9.464067854420685
C14 1049.996 3.9825677863689717
C14 1080.005 0.5738755258901467
C14 1100.007 0.11696642828858292
C15 319.992 44.24399460757747
C15 330.006 51.09152034970213
C15 349.994 72.20909329313858
C15 370.001 76.59677277744773
C15 400.009 84.76398926445901
C15 429.983 86.92228837882345
C15 449.989 88.41331408137295
C15 469.993 90.02336052040823
C15 500.016 92.53402785843973
C15 549.99 95.81488881562343
C15 569.998 96.92972695279458
C15 599.983 98.00523776950173
C15 630.013 98.50695576190348
C15 649.987 98.86329846159609
C15 670.017 98.76205441050962
C15 699.987 98.5972961645267
C15 720.012 98.37608118043744
C15 749.995 98.55752467647392
C15 770.007 98.52189492484037
C15 800.008 97.72041585089283
C15 830.013 95.88445222110735
C15 869.994 91.10391264546602
C15 900.005 82.692231976671
C15 919.989 74.09138266361563
C15 959.989 52.22828533001332
C15 1000.013 26.252950014745643
C15 1030.002 9.47501087533467
C15 1049.996 3.9826939198830114
C15 1080.005 0.5732312067991414
C15 1100.007 0.11683510416104474
C16 319.992 45.61381232300107
C16 330.006 52.67399662115527
C16 349.994 74.42813497398178
C16 370.001 78.94502973798333
C16 400.009 87.35170204756126
C16 429.983 89.5637617966426
C16 449.989 91.101751661973
C16 469.993 92.75824518356738
C16 500.016 95.34090891906278
C16 549.99 98.71095742669343
C16 569.998 99.85776129583007
C16 599.983 100.96381155947526
C16 630.013 101.47742617267421
C16 649.987 101.84338751403307
C16 670.017 101.73973800030488
C16 699.987 101.56528495914824
C16 720.012 101.33769748585927
C16 749.995 101.52036677200424
C16 770.007 101.48000045679055
C16 800.008 100.65734215586058
C16 830.013 98.77525146183613
C16 869.994 93.87846445560595
C16 900.005 85.22040856831788
C16 919.989 76.38279035883767
C16 959.989 53.897616481617185
C16 1000.013 27.114061343556777
C16 1030.002 9.79214848454318
C16 1049.996 4.109859405225864
C16 1080.005 0.5904637123166591
C16 1100.007 0.12034740696873267
C17 319.992 44.28379956062541
C17 330.006 51.1312482301568
C17 349.994 72.22212381218307
C17 370.001 76.600759231726
C17 400.009 84.85596486951152
C17 429.983 87.0494667465855
C17 449.989 88.5593359659028
C17 469.993 90.18344135231273
C17 500.016 92.70597953138932
C17 549.99 95.98887500946387
C17 569.998 97.1062132449363
C17 599.983 98.18205532498834
C17 630.013 98.68342371236773
C17 649.987 99.0353076130468
C17 670.017 98.93272242625386
C17 699.987 98.76164324369105
C17 720.012 98.53612672720827
C17 749.995 98.71570224308896
C17 770.007 98.67719932612371
C17 800.008 97.87631979427496
C17 830.013 96.05348738557117
C17 869.994 91.3224173667382
C17 900.005 82.92722022170598
C17 919.989 74.29906528807871
C17 959.989 52.42748478541162
C17 1000.013 26.41520588600536
C17 1030.002 9.563740137686978
C17 1049.996 4.01106665807537
C17 1080.005 0.5741511977003135
C17 1100.007 0.117022615293535
