lsstCam/transmission_filter_detector/r22_s22/g_6/19700101T000000.ecsv
# %ECSV 1.0
# ---
# datatype:
# - {name: wavelength, unit: nm, datatype: float32}
# - {name: efficiency, unit: '%', datatype: float64}
# meta: !!omap
# - {MODE: DETECTOR}
# - {TYPE: transmission_filter_detector}
# - {CALIBDATE: '1970-01-01T00:00:00'}
# - {INSTRUME: LSSTCam}
# - {OBSTYPE: transmission_filter_detector}
# - {CALIBCLS: lsst.ip.isr.IntermediateFilterDetectorTransmissionCurve}
# - {SOURCE: Materion (DM-46256)}
# - {DETECTOR: 98}
# - {FILTER: g_6}
# - {CALIB_ID: 'calibDate=1970-01-01T00:00:00 filter=g_6 detector=98'}
# - {DATE: '2025-04-02T15:59:42.482248'}
# - {CALIB_CREATION_DATE: '2025-04-02'}
# - {CALIB_CREATION_TIME: '15:59:42'}
# - __serialized_columns__:
#     efficiency:
#       __class__: astropy.units.quantity.Quantity
#       unit: !astropy.units.Unit {unit: '%'}
#       value: !astropy.table.SerializedColumn {name: efficiency}
#     wavelength:
#       __class__: astropy.units.quantity.Quantity
#       unit: !astropy.units.Unit {unit: nm}
#       value: !astropy.table.SerializedColumn {name: wavelength}
# schema: astropy-2.0
wavelength efficiency
[from data line 608]
908.0 0.0004780796643899521
909.0 0.0004467099188332213
910.0 0.0004139364136790391
911.0 0.0003811629085248569
912.0 0.0004753410848934436
913.0 0.0005695192157872953
914.0 0.0005580963716056431
915.0 0.0005466734819492558
916.0 0.0004447101673576981
917.0 0.00034274694371561054
918.0 0.0004166332928434713
919.0 0.000490519641971332
920.0 0.0005116695319884457
921.0 0.0005328193765308242
922.0 0.0005053579116065521
923.0 0.00047789644668227993
924.0 0.0004379919118946418
925.0 0.00039808724068279844
926.0 0.0004936538516631117
927.0 0.0005892204171686899
928.0 0.0006372085408656858
929.0 0.0006851966645626817
930.0 0.0005904054887651
931.0 0.0004956141765433131
932.0 0.0005434106242319103
933.0 0.0005912071628699778
934.0 0.0005422742560767801
935.0 0.0004933413492835825
936.0 0.0004899337000097148
937.0 0.0004865260962105822
938.0 0.0005659378530253889
939.0 0.0006453497462644009
940.0 0.0006425539140764158
941.0 0.0006397580818884308
942.0 0.0006880888122395845
943.0 0.0007364195425907383
944.0 0.0007667695172131062
945.0 0.0007971195373102091
946.0 0.000861568969412474
947.0 0.0009260184015147388
948.0 0.0008205022822949104
949.0 0.0007149862085498171
950.0 0.0008542321666027419
951.0 0.0009934780791809317
952.0 0.0010309364370186813
953.0 0.0010683947039069608
954.0 0.001041724499373231
955.0 0.0010150542948395014
956.0 0.0009503133696853183
957.0 0.0008855725354806054
958.0 0.0008734603397897445
959.0 0.0008613481440988835
960.0 0.0007996968633960932
961.0 0.0007380454462690977
962.0 0.0007075032499415101
963.0 0.0006769609626644524
964.0 0.0006450762612075778
965.0 0.0006131912869022926
966.0 0.0006367844434862491
967.0 0.0006603774636460003
968.0 0.0007096819899743423
969.0 0.0007589865163026843
970.0 0.0007181799901445629
971.0 0.0006773735549359117
972.0 0.0008630176125734579
973.0 0.001048661579261534
974.0 0.0010031218153017107
975.0 0.0009575821422913577
976.0 0.0008914749741961714
977.0 0.000825367806100985
978.0 0.0009467230484005995
979.0 0.001068078290700214
980.0 0.0011040803656214848
981.0 0.0011400823495932855
982.0 0.0011401778465369716
983.0 0.0011402735253795981
984.0 0.0012076186976628378
985.0 0.0012749638699460775
986.0 0.0012473969036363997
987.0 0.0012198299373267218
988.0 0.0012678359780693427
989.0 0.0013158418369130231
990.0 0.0013501434295903891
991.0 0.0013844448403688148
992.0 0.0012433517440513242
993.0 0.0011022586477338336
994.0 0.0012054708349751309
995.0 0.0013086831131658982
996.0 0.001265427636099048
997.0 0.0012221719771332573
998.0 0.0012312995750107802
999.0 0.0012404271728883032
1000.0 0.0011994206033705268
1001.0 0.0011584139429032803
1002.0 0.0012556963156384882
1003.0 0.0013529785974242259
1004.0 0.0013658286661666352
1005.0 0.0013786787349090446
1006.0 0.0014494127754005603
1007.0 0.0015201466339931358
1008.0 0.0015978816009010188
1009.0 0.001675616658758372
1010.0 0.0017430942534701899
1011.0 0.0018105722119798884
1012.0 0.0018983917470904998
1013.0 0.001986211100302171
1014.0 0.0022210238967090845
1015.0 0.0024558365112170577
1016.0 0.0026261182938469574
1017.0 0.002796400076476857
1018.0 0.0029962746339151636
1019.0 0.00319614919135347
1020.0 0.0034567685361253098
1021.0 0.0037173878808971494
1022.0 0.0038235782994888723
1023.0 0.003929768718080595
1024.0 0.00420696014771238
1025.0 0.004484151577344164
1026.0 0.004662548235501163
1027.0 0.0048409445298602805
1028.0 0.005116386091685854
1029.0 0.005391827653511427
1030.0 0.005332050932338461
1031.0 0.0052722738473676145
1032.0 0.0054925349104451016
1033.0 0.005712795609724708
1034.0 0.005644301199936308
1035.0 0.005575807153945789
1036.0 0.005736558887292631
1037.0 0.0058973102568415925
1038.0 0.0059935846365988255
1039.0 0.006089859380153939
1040.0 0.006216395559022203
1041.0 0.006342931010294706
1042.0 0.006633799057453871
1043.0 0.006924667832208797
1044.0 0.007484346861019731
1045.0 0.008044025889830664
1046.0 0.008997864642878994
1047.0 0.009951702668331563
1048.0 0.011262032057857141
1049.0 0.012572359992191195
1050.0 0.015074817929416895
1051.0 0.01757727441145107
1052.0 0.021326937712728977
1053.0 0.025076602469198406
1054.0 0.03025477926712483
1055.0 0.03543295606505126
1056.0 0.04233990621287376
1057.0 0.04924685345031321
1058.0 0.05750700947828591
1059.0 0.0657671713270247
1060.0 0.07456986350007355
1061.0 0.0833725556731224
1062.0 0.09201696957461536
1063.0 0.10066134855151176
1064.0 0.10852309642359614
1065.0 0.11638480937108397
1066.0 0.12475656112655997
1067.0 0.13312831288203597
1068.0 0.14175731921568513
1069.0 0.15038636047393084
1070.0 0.15892813680693507
1071.0 0.1674699131399393
1072.0 0.17550349002704024
1073.0 0.183537055272609
1074.0 0.19301469437777996
1075.0 0.2024923451244831
1076.0 0.2128171268850565
1077.0 0.22314190864562988
1078.0 0.23433961905539036
1079.0 0.24553732946515083
1080.0 0.26194469537585974
1081.0 0.2783520380035043
1082.0 0.3056050278246403
1083.0 0.33285801764577627
1084.0 0.37832597736269236
1085.0 0.4237939603626728
1086.0 0.4624465014785528
1087.0 0.5010989960283041
1088.0 0.5672726780176163
1089.0 0.633446266874671
1090.0 0.7168066687881947
1091.0 0.8001670241355896
1092.0 0.8430938236415386
1093.0 0.8860204368829727
1094.0 0.945016648620367
1095.0 1.004012767225504
1096.0 1.086260098963976
1097.0 1.1685073375701904
1098.0 1.2951761484146118
1099.0 1.4218450523912907
1100.0 1.6343066468834877
1101.0 1.8467683345079422
