lsstCam/transmission_filter_detector/r22_s22/g_6/19700101T000000.ecsv
# %ECSV 1.0
# ---
# datatype:
# - {name: wavelength, unit: nm, datatype: float32}
# - {name: efficiency, unit: '%', datatype: float64}
# meta: !!omap
# - {MODE: DETECTOR}
# - {TYPE: transmission_filter_detector}
# - {CALIBDATE: '1970-01-01T00:00:00'}
# - {INSTRUME: LSSTCam}
# - {OBSTYPE: transmission_filter_detector}
# - {CALIBCLS: lsst.ip.isr.IntermediateFilterDetectorTransmissionCurve}
# - {SOURCE: Materion (DM-46256)}
# - {DETECTOR: 98}
# - {FILTER: g_6}
# - {CALIB_ID: 'calibDate=1970-01-01T00:00:00 filter=g_6 detector=98'}
# - {DATE: '2025-04-02T15:59:42.482248'}
# - {CALIB_CREATION_DATE: '2025-04-02'}
# - {CALIB_CREATION_TIME: '15:59:42'}
# - __serialized_columns__:
#     efficiency:
#       __class__: astropy.units.quantity.Quantity
#       unit: !astropy.units.Unit {unit: '%'}
#       value: !astropy.table.SerializedColumn {name: efficiency}
#     wavelength:
#       __class__: astropy.units.quantity.Quantity
#       unit: !astropy.units.Unit {unit: nm}
#       value: !astropy.table.SerializedColumn {name: wavelength}
# schema: astropy-2.0
wavelength efficiency
300.0 0.40632104501128197
301.0 0.32925785053521395
302.0 0.2521946793422103
303.0 0.23888186551630497
304.0 0.22556902840733528
305.0 0.21862583234906197
306.0 0.21168265957385302
307.0 0.21522543393075466
308.0 0.21876816172152758
309.0 0.21185323130339384
310.0 0.2049383008852601
311.0 0.2002002438530326
312.0 0.19546218682080507
313.0 0.18734459299594164
314.0 0.1792269991710782
315.0 0.17876465572044253
316.0 0.17830233555287123
317.0 0.1745315850712359
318.0 0.17076085787266493
319.0 0.16195805510506034
320.0 0.15315522905439138
321.0 0.1423739129677415
322.0 0.13159262016415596
323.0 0.11772053549066186
324.0 0.10384843917563558
325.0 0.09275199845433235
326.0 0.08165555191226304
327.0 0.07289194036275148
328.0 0.06412832881323993
329.0 0.06111093680374324
330.0 0.05809353897348046
331.0 0.054035341599956155
332.0 0.04997714422643185
333.0 0.04670285270549357
334.0 0.043428558274172246
335.0 0.04193680360913277
336.0 0.04044504894409329
337.0 0.04072105512022972
338.0 0.04099705838598311
339.0 0.0403016951167956
340.0 0.039606328937225044
341.0 0.037525082007050514
342.0 0.03544383798725903
343.0 0.03235403273720294
344.0 0.029264233307912946
345.0 0.02597970305941999
346.0 0.022695174266118556
347.0 0.021148863015696406
348.0 0.019602550310082734
349.0 0.017886255227494985
350.0 0.4809587262570858
351.0 1.1825833469629288
352.0 0.37990694399923086
353.0 1.2408172711730003
354.0 0.4036657512187958
355.0 0.9680445306003094
356.0 0.37647364661097527
357.0 1.0266197845339775
358.0 0.40491120889782906
359.0 0.872377771884203
360.0 0.31073233112692833
361.0 0.9324219077825546
362.0 0.2866555470973253
363.0 0.9328232146799564
364.0 0.3133395453915
365.0 0.8377226069569588
366.0 0.29760561883449554
367.0 0.756145128980279
368.0 0.3082854440435767
369.0 0.7013258989900351
370.0 0.25940374471247196
371.0 0.6596337538212538
372.0 0.27926177717745304
373.0 0.6593139376491308
374.0 0.22526592947542667
375.0 0.6462214048951864
376.0 0.21421585697680712
377.0 0.5579829216003418
378.0 0.2871385309845209
379.0 0.5622163414955139
380.0 0.3339549293741584
381.0 0.5857184063643217
382.0 0.596779165789485
383.0 0.5859497003257275
384.0 0.5682781804352999
385.0 0.6759407464414835
386.0 0.6585647817701101
387.0 0.8115707896649837
388.0 0.973647553473711
389.0 1.3077017851173878
390.0 1.9227026030421257
391.0 2.8893066570162773
392.0 4.594925791025162
393.0 7.318115234375
394.0 10.944021493196487
395.0 15.909679234027863
396.0 21.915408968925476
397.0 29.34020459651947
398.0 38.06717097759247
399.0 47.588762640953064
400.0 57.139939069747925
401.0 66.2332832813263
402.0 74.48690533638
403.0 81.48106932640076
404.0 86.69110536575317
405.0 90.53015112876892
406.0 92.76017546653748
407.0 94.60922479629517
408.0 95.5754816532135
409.0 96.08078002929688
410.0 96.20991945266724
411.0 95.97821235656738
412.0 95.61630487442017
413.0 95.38593888282776
414.0 95.22506594657898
415.0 95.42914032936096
416.0 95.84758877754211
417.0 96.27867341041565
418.0 96.73692584037781
419.0 97.37088680267334
420.0 97.89583683013916
421.0 98.45356345176697
422.0 98.56775403022766
423.0 98.68229031562805
424.0 98.44607710838318
425.0 98.34926128387451
426.0 98.33343029022217
427.0 98.26280474662781
428.0 98.07007908821106
429.0 97.86398410797119
430.0 97.6995587348938
431.0 97.66069650650024
432.0 97.69426584243774
433.0 97.77706861495972
434.0 97.88684844970703
435.0 98.03156852722168
436.0 98.02796244621277
437.0 98.02285432815552
438.0 98.18377494812012
439.0 98.23702573776245
440.0 98.1758177280426
441.0 98.31029772758484
442.0 98.24352264404297
443.0 98.21828603744507
444.0 98.13157916069031
445.0 97.89772629737854
446.0 97.81144261360168
447.0 97.6643443107605
448.0 97.77711629867554
449.0 98.07512760162354
450.0 98.40067625045776
451.0 98.60038161277771
452.0 98.75026941299438
453.0 98.80636930465698
454.0 98.83909225463867
455.0 99.00980591773987
456.0 99.08372759819031
457.0 99.2978036403656
458.0 99.27542805671692
459.0 99.37273859977722
460.0 99.38753843307495
461.0 99.53945875167847
462.0 99.4293212890625
463.0 99.34892654418945
464.0 99.4717538356781
465.0 99.40240383148193
466.0 99.40569400787354
467.0 99.35855269432068
468.0 99.39775466918945
469.0 99.47580695152283
470.0 99.34201240539551
471.0 99.18321371078491
472.0 99.25677180290222
473.0 99.06538724899292
474.0 98.94411563873291
475.0 99.03752207756042
476.0 99.00936484336853
477.0 99.07839298248291
478.0 99.13884997367859
479.0 99.12624955177307
480.0 99.24762845039368
481.0 99.36248660087585
482.0 99.51117038726807
483.0 99.4019091129303
484.0 99.55095648765564
485.0 99.59295392036438
486.0 99.60893392562866
487.0 99.6252954006195
488.0 99.56997632980347
489.0 99.68193769454956
490.0 99.58206415176392
491.0 99.61891770362854
492.0 99.48921203613281
493.0 99.46112632751465
494.0 99.42265152931213
495.0 99.52673316001892
496.0 99.33297634124756
497.0 99.20462369918823
498.0 99.03606176376343
499.0 99.05531406402588
500.0 99.00668263435364
501.0 98.99153709411621
502.0 98.90281558036804
503.0 99.0635335445404
504.0 98.9004909992218
505.0 98.92657399177551
506.0 98.9639401435852
507.0 98.97117614746094
508.0 98.92637729644775
509.0 98.91351461410522
510.0 98.85472655296326
511.0 98.83406162261963
512.0 98.8098680973053
513.0 98.86630773544312
514.0 98.83317351341248
515.0 98.85677695274353
516.0 98.9474892616272
517.0 98.97744655609131
518.0 99.01806116104126
519.0 99.00665879249573
520.0 99.07742142677307
521.0 99.20815229415894
522.0 99.24403429031372
523.0 99.2224931716919
524.0 99.26488995552063
525.0 99.25034642219543
526.0 99.3248701095581
527.0 99.34813976287842
528.0 99.43686723709106
529.0 99.5265781879425
530.0 99.57993030548096
531.0 99.67128038406372
532.0 99.5387852191925
533.0 99.5262861251831
534.0 99.47391748428345
535.0 99.23644661903381
536.0 98.78193736076355
537.0 98.11007976531982
538.0 97.09685444831848
539.0 95.488440990448
540.0 93.44403147697449
541.0 90.43282270431519
542.0 87.29515671730042
543.0 83.3017110824585
544.0 78.35049629211426
545.0 74.05224442481995
546.0 68.96476745605469
547.0 64.32849168777466
548.0 59.845924377441406
549.0 55.911797285079956
550.0 52.82925367355347
551.0 49.91484582424164
552.0 47.58380949497223
553.0 45.04086375236511
554.0 41.924577951431274
555.0 38.399651646614075
556.0 33.76651108264923
557.0 28.531458973884583
558.0 22.988104820251465
559.0 17.69324094057083
560.0 12.799787521362305
561.0 8.419280499219894
562.0 5.232156440615654
563.0 2.981896325945854
564.0 1.5863917768001556
565.0 0.669107073917985
566.0 0.4158169962465763
567.0 0.20436078775674105
568.0 0.1464500674046576
569.0 0.07399486494250596
570.0 0.08115128730423748
571.0 0.03540069446898997
572.0 0.060866831336170435
573.0 0.031343664159066975
574.0 0.04915616009384394
575.0 0.027332152239978313
576.0 0.041513709584251046
577.0 0.014692486729472876
578.0 0.03388057230040431
579.0 0.021344461129046977
580.0 0.04144866834394634
581.0 0.020325902733020484
582.0 0.021691627625841647
583.0 0.017673108959570527
584.0 0.03345199802424759
585.0 0.018141140753868967
586.0 0.0316871766699478
587.0 0.017774439766071737
588.0 0.02446147263981402
589.0 0.007457406172761694
590.0 0.023322936613112688
591.0 0.010183569247601554
592.0 0.021758412185590714
593.0 0.006941660831216723
594.0 0.026969850296154618
595.0 0.0018678485503187403
596.0 0.017654352996032685
597.0 0.0094521717983298
598.0 0.015589856775477529
599.0 0.008962750143837184
600.0 0.023528438759967685
601.0 0.002293200850544963
602.0 0.0021639587430399843
603.0 0.002034716453636065
604.0 0.0018812243069987744
605.0 0.0017277321603614837
606.0 0.0018967995856655762
607.0 0.002065867192868609
608.0 0.0018658274711924605
609.0 0.0016657873857184313
610.0 0.001864123078121338
611.0 0.002062458952423185
612.0 0.0018158689272240736
613.0 0.0015692787201260217
614.0 0.0016244004655163735
615.0 0.0016795222109067254
616.0 0.0016605050404905342
617.0 0.001641487870074343
618.0 0.0016704414520063438
619.0 0.0016993955796351656
620.0 0.0015959534721332602
621.0 0.0014925116374797653
622.0 0.0014589746569981799
623.0 0.0014254376765165944
624.0 0.0014413779354072176
625.0 0.0014573181033483706
626.0 0.0013731500985159073
627.0 0.0012889822755823843
628.0 0.001326067740592407
629.0 0.0013631533875013702
630.0 0.001371221060253447
631.0 0.0013792886420560535
632.0 0.0013876379853172693
633.0 0.0013959873285784852
634.0 0.0013460200534609612
635.0 0.001296052687393967
636.0 0.0013597134966403246
637.0 0.0014233745787350927
638.0 0.001170994892163435
639.0 0.0009186152055917773
640.0 0.0009961809155356605
641.0 0.001073746352631133
642.0 0.0011116953828604892
643.0 0.0011496444130898453
644.0 0.0011743502909666859
645.0 0.0011990561688435264
646.0 0.0013054187547822949
647.0 0.0014117814316705335
648.0 0.0012922670975967776
649.0 0.0011727526725735515
650.0 0.0011953922694374342
651.0 0.0012180318663013168
652.0 0.001140898802987067
653.0 0.0010637658306222875
654.0 0.0010337036655982956
655.0 0.0010036417734227143
656.0 0.001017215799947735
657.0 0.0010307899174222257
658.0 0.0010269293852616102
659.0 0.001023069034999935
660.0 0.001016699206957128
661.0 0.001010329469863791
662.0 0.0010741887308540754
663.0 0.00113804808279383
664.0 0.0011636629096756224
665.0 0.0011892776456079446
666.0 0.0011886161701113451
667.0 0.0011879542398673948
668.0 0.001166479523817543
669.0 0.0011450048987171613
670.0 0.0011546840141818393
671.0 0.0011643630386970472
672.0 0.0012157785022282042
673.0 0.0012671939657593612
674.0 0.0011210123375349212
675.0 0.000974830527411541
676.0 0.0010230152838630602
677.0 0.001071199858415639
678.0 0.0010460342309670523
679.0 0.0010208686035184655
680.0 0.0010299927453161217
681.0 0.0010391170690127183
682.0 0.0010146427484869491
683.0 0.00099016842796118
684.0 0.0009448325727134943
685.0 0.0008994968084152788
686.0 0.000944206567510264
687.0 0.0009889163266052492
688.0 0.0010466927051311359
689.0 0.0011044689927075524
690.0 0.0010841496077773627
691.0 0.0010638303137966432
692.0 0.0011241623724345118
693.0 0.0011844944310723804
694.0 0.001248557509825332
695.0 0.0013126204976288136
696.0 0.0012665061149164103
697.0 0.0012203915503050666
698.0 0.001188078022096306
699.0 0.001155764221039135
700.0 0.0011879334124387242
701.0 0.0012201026038383134
702.0 0.0012388764844217803
703.0 0.0012576502740557771
704.0 0.0011794302736234386
705.0 0.0011012100003426895
706.0 0.001117982537834905
707.0 0.0011347549843776505
708.0 0.0011188831194886006
709.0 0.001103011345549021
710.0 0.0011251896467001643
711.0 0.0011473683116491884
712.0 0.0011937758245039731
713.0 0.0012401833373587579
714.0 0.0012288141988392454
715.0 0.001217445151269203
716.0 0.0013881826816941611
717.0 0.001558920121169649
718.0 0.001890949351945892
719.0 0.0022229787646210752
720.0 0.0019300203348393552
721.0 0.0016370617231586948
722.0 0.0016556641639908776
723.0 0.0016742666048230603
724.0 0.0018856133465305902
725.0 0.00209696008823812
726.0 0.002130927714460995
727.0 0.002164894794987049
728.0 0.0021856756575289182
729.0 0.002206456156272907
730.0 0.0021583138732239604
731.0 0.002110171590175014
732.0 0.0018845941667677835
733.0 0.0016590169252594933
734.0 0.00142345015774481
735.0 0.0011878832083311863
736.0 0.0011617255040619057
737.0 0.0011355679816915654
738.0 0.001065525611920748
739.0 0.0009954836059478112
740.0 0.0009530032912152819
741.0 0.0009105227945838124
742.0 0.0008770681233727373
743.0 0.000843613815959543
744.0 0.0008071632692008279
745.0 0.0007707129043410532
746.0 0.0008377628546440974
747.0 0.0009048128958966117
748.0 0.000970390101429075
749.0 0.0010359673979110084
750.0 0.0010564272088231519
751.0 0.0010768872925837059
752.0 0.0009409593985765241
753.0 0.0008050314136198722
754.0 0.0008052194061747286
755.0 0.0008054073987295851
756.0 0.000789880141383037
757.0 0.0007743530659354292
758.0 0.0008218505172408186
759.0 0.0008693480594956782
760.0 0.0008022307156352326
761.0 0.000735113326300052
762.0 0.0007288185315701412
763.0 0.0007225236913654953
764.0 0.0007764271686028223
765.0 0.0008303307367896196
766.0 0.0007567575266875792
767.0 0.0006831841346865986
768.0 0.0006796823527110973
769.0 0.000676180525260861
770.0 0.0006915939593454823
771.0 0.0007070073479553685
772.0 0.0007168333468143828
773.0 0.0007266593001986621
774.0 0.0007085237029968994
775.0 0.0006903881512698717
776.0 0.0007321423709072405
777.0 0.0007738964995951392
778.0 0.0006807234512962168
779.0 0.0005875504029972944
780.0 0.0006062675765861059
781.0 0.0006249847956496524
782.0 0.0005604891157418024
783.0 0.0004959932994097471
784.0 0.0004350129074737197
785.0 0.00037403251553769223
786.0 0.0003565437282304629
787.0 0.00033905500913533615
788.0 0.00029243569770187605
789.0 0.0002458163635310484
790.0 0.0003236875045331544
791.0 0.00040155864553526044
792.0 0.0003637837153291912
793.0 0.0003260087851231219
794.0 0.000320301546707924
795.0 0.0003145942855553585
796.0 0.00028633251076826127
797.0 0.00025807073598116403
798.0 0.0003839609689748613
799.0 0.0005098512247059261
800.0 0.0004462568995222682
801.0 0.00038266261981334537
802.0 0.00030704945856996346
803.0 0.00023143634280131664
804.0 0.0003334981101943413
805.0 0.00043555983211263083
806.0 0.0004723344318335876
807.0 0.0005091090315545443
808.0 0.0005013149348087609
809.0 0.0004935209744871827
810.0 0.0003835591996903531
811.0 0.0002735974476308911
812.0 0.00034569504805403994
813.0 0.0004177927166892914
814.0 0.00044333414734865073
815.0 0.00046887566895748023
816.0 0.0005191152013139799
817.0 0.0005693547791452147
818.0 0.0004400291800266132
819.0 0.0003107036036453792
820.0 0.0003350111228428432
821.0 0.00035931857382820453
822.0 0.0004934706794301746
823.0 0.0006276227395574097
824.0 0.00048494694055989385
825.0 0.0003422710278755403
826.0 0.0004284953320166096
827.0 0.0005147196134203114
828.0 0.00044728894863510504
829.0 0.0003798582838498987
830.0 0.00046498921619786415
831.0 0.0005501201030710945
832.0 0.0006340377240121597
833.0 0.0007179552540037548
834.0 0.0004799316229764372
835.0 0.00024190806016122224
836.0 0.00047361872930196114
837.0 0.0007053293757053325
838.0 0.0006602272151212674
839.0 0.0006151250090624671
840.0 0.0006035180831531761
841.0 0.00059191111176915
842.0 0.0004789484592038207
843.0 0.00036598576116375625
844.0 0.00035210875921620755
845.0 0.00033823175726865884
846.0 0.00038301391214190517
847.0 0.0004277960670151515
848.0 0.00041470157157164067
849.0 0.00040160703065339476
850.0 0.00042530009523034096
851.0 0.000448993068857817
852.0 0.0004337495283834869
853.0 0.00041850589695968665
854.0 0.0004421227458806243
855.0 0.0004657395493268268
856.0 0.0003938390364055522
857.0 0.00032193852348427754
858.0 0.00038179277908056974
859.0 0.00044164703467686195
860.0 0.00041899493226082996
861.0 0.00039634278437006287
862.0 0.0005397837867349153
863.0 0.0006832247436250327
864.0 0.0005646114914270584
865.0 0.0004459981482796138
866.0 0.0005222846539254533
867.0 0.0005985710686218226
868.0 0.0006363161446643062
869.0 0.0006740611752320547
870.0 0.0005503714874066645
871.0 0.0004266817541065393
872.0 0.00047221797103702556
873.0 0.0005177540515433066
874.0 0.000574306295675342
875.0 0.0006308584943326423
876.0 0.0006282252343225991
877.0 0.000625591974312556
878.0 0.0006273078724916559
879.0 0.0006290236342465505
880.0 0.0007222825388453202
881.0 0.0008155416253430303
882.0 0.0006502733867819188
883.0 0.0004850051936955424
884.0 0.0005148497621121351
885.0 0.0005446942850539926
886.0 0.0005820086698804516
887.0 0.0006193231456563808
888.0 0.000634360003459733
889.0 0.0006493968612630852
890.0 0.0005568642336584162
891.0 0.00046433156057901215
892.0 0.0005691304522770224
893.0 0.0006739294349245029
894.0 0.0005519301339518279
895.0 0.000429930878453888
896.0 0.00045269011934578884
897.0 0.0004754494057124248
898.0 0.00038319185478030704
899.0 0.00029093432658555685
900.0 0.00028599638426385354
901.0 0.00028105848741688533
902.0 0.0003610753537941491
903.0 0.00044109224290878046
904.0 0.0003560907316568773
905.0 0.0002710891749302391
906.0 0.00039026926970109344
