lsstCam/transmission_filter_detector/r30_s21/r_57/19700101T000000.ecsv
# %ECSV 1.0
# ---
# datatype:
# - {name: wavelength, unit: nm, datatype: float32}
# - {name: efficiency, unit: '%', datatype: float64}
# meta: !!omap
# - {MODE: DETECTOR}
# - {TYPE: transmission_filter_detector}
# - {CALIBDATE: '1970-01-01T00:00:00'}
# - {INSTRUME: LSSTCam}
# - {OBSTYPE: transmission_filter_detector}
# - {CALIBCLS: lsst.ip.isr.IntermediateFilterDetectorTransmissionCurve}
# - {SOURCE: Materion (DM-46256)}
# - {DETECTOR: 124}
# - {FILTER: r_57}
# - {CALIB_ID: 'calibDate=1970-01-01T00:00:00 filter=r_57 detector=124'}
# - {DATE: '2025-04-02T15:59:44.756769'}
# - {CALIB_CREATION_DATE: '2025-04-02'}
# - {CALIB_CREATION_TIME: '15:59:44'}
# - __serialized_columns__:
#     efficiency:
#       __class__: astropy.units.quantity.Quantity
#       unit: !astropy.units.Unit {unit: '%'}
#       value: !astropy.table.SerializedColumn {name: efficiency}
#     wavelength:
#       __class__: astropy.units.quantity.Quantity
#       unit: !astropy.units.Unit {unit: nm}
#       value: !astropy.table.SerializedColumn {name: wavelength}
# schema: astropy-2.0
wavelength efficiency
300.0 0.003065815690206364
301.0 0.007840881880838424
302.0 0.012615950254257768
303.0 0.01613408385310322
304.0 0.019652217451948673
305.0 0.017593624943401664
306.0 0.01553503389004618
307.0 0.013630036846734583
308.0 0.011725040531018749
309.0 0.010530541476327926
310.0 0.009336042421637103
311.0 0.008753737347433344
312.0 0.008171431545633823
313.0 0.007575944619020447
314.0 0.006980457692407072
315.0 0.006504524208139628
316.0 0.006028589632478543
317.0 0.005484841312863864
318.0 0.0049410940846428275
319.0 0.0048669757234165445
320.0 0.004792858453583904
321.0 0.004510003054747358
322.0 0.004227147292112932
323.0 0.003968035525758751
324.0 0.0037089255783939734
325.0 0.0036730831197928637
326.0 0.0036372410249896348
327.0 0.0037030084058642387
328.0 0.0037687750591430813
329.0 0.003753441706066951
330.0 0.0037381087167887017
331.0 0.0035343484341865405
332.0 0.003330588879180141
333.0 0.002984965976793319
334.0 0.0026393432563054375
335.0 0.002357232369831763
336.0 0.002075121483358089
337.0 0.0019250290279160254
338.0 0.0017749365724739619
339.0 0.0016375939594581723
340.0 0.001500251437391853
341.0 0.0014293545973487198
342.0 0.0013584578482550569
343.0 0.001329908445768524
344.0 0.0013013589523325209
345.0 0.001284309837501496
346.0 0.0012672609955188818
347.0 0.0012344867172942031
348.0 0.0012017128028674051
349.0 0.001182767482532654
350.0 0.0030354958653333597
351.0 0.00510488280269783
352.0 0.00717426955816336
353.0 0.006172364373924211
354.0 0.005170460644876584
355.0 0.004892882861895487
356.0 0.004615304351318628
357.0 0.004630591138266027
358.0 0.004645880108000711
359.0 0.0036977733543608338
360.0 0.002749667146417778
361.0 0.0027174904971616343
362.0 0.0026853138479054905
363.0 0.002989708991663065
364.0 0.0032941043173195794
365.0 0.0028503818612080067
366.0 0.0024066595869953744
367.0 0.0022847651052870788
368.0 0.0021628704416798428
369.0 0.003410462522879243
370.0 0.004658054967876524
371.0 0.004536343112704344
372.0 0.004414631621330045
373.0 0.003926457793568261
374.0 0.0034382839658064768
375.0 0.00234056369663449
376.0 0.0012428435184119735
377.0 0.001785199492587708
378.0 0.002327555375813972
379.0 0.002244831557618454
380.0 0.0021621079213218763
381.0 0.0023698919903836213
382.0 0.002577675877546426
383.0 0.0032481850212207064
384.0 0.003918693619198166
385.0 0.004588124284055084
386.0 0.005257554948912002
387.0 0.004972815804649144
388.0 0.004688077024184167
389.0 0.003365937664057128
390.0 0.002043797940132208
391.0 0.0016274412701022811
392.0 0.0012110848729207646
393.0 0.0015027441804704722
394.0 0.00179440357896965
395.0 0.0013699446753889788
396.0 0.0009454856808588374
397.0 0.0007850745532778092
398.0 0.0006246635621209862
399.0 0.001150874959421344
400.0 0.0016770869478932582
401.0 0.0015877802070463076
402.0 0.0014984737390477676
403.0 0.0013598995792563073
404.0 0.0012213255104143173
405.0 0.0013004781067138538
406.0 0.0013796307939628605
407.0 0.0013044270417594817
408.0 0.0012292234714550432
409.0 0.001334727494395338
410.0 0.0014402317901840433
411.0 0.0015112557775864843
412.0 0.0015822797649889253
413.0 0.0018631177226779982
414.0 0.002143955680367071
415.0 0.0020408293494256213
416.0 0.0019377035641809925
417.0 0.0015950146917020902
418.0 0.0012523260011221282
419.0 0.001813164635677822
420.0 0.0023740030883345753
421.0 0.00411306245950982
422.0 0.005852122194482945
423.0 0.009417727414984256
424.0 0.012983330816496164
425.0 0.016982709348667413
426.0 0.020982089336030185
427.0 0.020973516802769154
428.0 0.020964948635082692
429.0 0.016737301484681666
430.0 0.01250965433428064
431.0 0.008873865590430796
432.0 0.00523807539138943
433.0 0.004303593959775753
434.0 0.003369112528162077
435.0 0.002781944931484759
436.0 0.002194777516706381
437.0 0.001515984877187293
438.0 0.0008371924195671454
439.0 0.0009327103725809138
440.0 0.001028228234645212
441.0 0.0012463554412533995
442.0 0.001464482738811057
443.0 0.0016495350791956298
444.0 0.0018345874195802025
445.0 0.0015971838365658186
446.0 0.001359780435450375
447.0 0.0013389587365963962
448.0 0.0013181367648940068
449.0 0.0015515728591708466
450.0 0.001785008680599276
451.0 0.0016779629731900059
452.0 0.0015709172657807358
453.0 0.001536243871669285
454.0 0.001501570386608364
455.0 0.0012048632925143465
456.0 0.0009081562893697992
457.0 0.000928779445530381
458.0 0.0009494025107414927
459.0 0.0010421201295685023
460.0 0.0011348376574460417
461.0 0.0017081105397664942
462.0 0.0022813837858848274
463.0 0.0033007574529619887
464.0 0.00432013112003915
465.0 0.005298855103319511
466.0 0.0062775790865998715
467.0 0.006683669926133007
468.0 0.0070897614932619035
469.0 0.006114535062806681
470.0 0.005139308268553577
471.0 0.003786183151532896
472.0 0.0024330576707143337
473.0 0.0017956243027583696
474.0 0.0011581908438529354
475.0 0.0009631417924538255
476.0 0.0007680928320041858
477.0 0.0007549921519967029
478.0 0.0007418915629386902
479.0 0.0006913067409186624
480.0 0.0006407218734238995
481.0 0.0005706184765585931
482.0 0.0005005151251680218
483.0 0.00048799979595059995
484.0 0.0004754846031573834
485.0 0.0006249178568396019
486.0 0.0007743510650470853
487.0 0.000632031060376903
488.0 0.0004897110102319857
489.0 0.0008159775461535901
490.0 0.0011422440366004594
491.0 0.001003421039058594
492.0 0.0008645981324661989
493.0 0.0009529182534606662
494.0 0.0010412380106572527
495.0 0.0010575833584880456
496.0 0.0010739286153693683
497.0 0.0010830185601662379
498.0 0.0010921085959125776
499.0 0.0011583879313548096
500.0 0.0012246672667970415
501.0 0.0014348576769407373
502.0 0.0016450478142360225
503.0 0.001964917464647442
504.0 0.0022847869331599213
505.0 0.002865724491130095
506.0 0.0034466618672013283
507.0 0.00426104488724377
508.0 0.005075427907286212
509.0 0.0054317311878548935
510.0 0.0057880341046256945
511.0 0.005204897388466634
512.0 0.004621760672307573
513.0 0.003936062421416864
514.0 0.0032503641705261543
515.0 0.0030458726541837677
516.0 0.0028413807740435004
517.0 0.0028040891265845858
518.0 0.0027667971153277904
519.0 0.009975559078156948
520.0 0.06785310688428581
521.0 0.09889055509120226
522.0 0.08604362374171615
523.0 0.10964535176753998
524.0 0.08467432926408947
525.0 0.09587848326191306
526.0 0.06428058259189129
527.0 0.10811692336574197
528.0 0.1596691319718957
529.0 0.15756628708913922
530.0 0.13990314910188317
531.0 0.21956954151391983
532.0 0.30106697231531143
533.0 0.3621031530201435
534.0 0.4846306052058935
535.0 0.6307390984147787
536.0 1.0533769614994526
537.0 1.5699099749326706
538.0 2.4768227711319923
539.0 3.9451096206903458
540.0 6.194834038615227
541.0 8.663226664066315
542.0 11.958888173103333
543.0 16.095362603664398
544.0 21.06434851884842
545.0 26.660233736038208
546.0 33.58480632305145
547.0 40.928179025650024
548.0 49.565303325653076
549.0 57.39644765853882
550.0 63.30187916755676
551.0 69.58186626434326
552.0 73.3420193195343
553.0 77.31561064720154
554.0 80.86189031600952
555.0 84.48008894920349
556.0 88.30583691596985
557.0 89.93421196937561
558.0 92.68553256988525
559.0 94.46561932563782
560.0 94.76382732391357
561.0 95.56288719177246
562.0 96.31031155586243
563.0 95.4450786113739
564.0 95.91580629348755
565.0 95.72870135307312
566.0 96.38568758964539
567.0 95.80332040786743
568.0 96.09457850456238
569.0 96.97402119636536
570.0 96.67144417762756
571.0 97.1568763256073
572.0 97.25021719932556
573.0 97.15860486030579
574.0 97.45689630508423
575.0 96.75637483596802
576.0 97.41170406341553
577.0 97.43046760559082
578.0 97.4699318408966
579.0 97.28357195854187
580.0 97.00366854667664
581.0 96.81751132011414
582.0 96.97235822677612
583.0 96.92239761352539
584.0 96.27479314804077
585.0 96.74190878868103
586.0 97.04833626747131
587.0 96.59671187400818
588.0 96.53959274291992
589.0 97.53482341766357
590.0 96.69241905212402
591.0 96.61332964897156
592.0 96.36194109916687
593.0 96.14125490188599
594.0 96.26454710960388
595.0 96.76381945610046
596.0 97.3822832107544
597.0 97.69047498703003
598.0 97.25967049598694
599.0 97.26477265357971
600.0 97.32646942138672
601.0 96.37149572372437
602.0 96.96924686431885
603.0 96.42103910446167
604.0 96.63209319114685
605.0 97.103351354599
606.0 96.36563062667847
607.0 96.53265476226807
608.0 96.49258852005005
609.0 95.90020775794983
610.0 96.19632959365845
611.0 96.23605608940125
612.0 96.02983593940735
613.0 97.12316393852234
614.0 97.02094197273254
615.0 96.62484526634216
616.0 96.95132374763489
617.0 96.89322113990784
618.0 96.45200371742249
619.0 97.32370972633362
620.0 96.12995982170105
621.0 95.77568769454956
622.0 97.24558591842651
623.0 97.0643401145935
624.0 96.77369594573975
625.0 97.24912643432617
626.0 96.45626544952393
627.0 95.7302451133728
628.0 97.31322526931763
629.0 95.80135345458984
630.0 96.9286322593689
631.0 96.45287990570068
632.0 97.30525612831116
633.0 97.05311059951782
634.0 96.12827897071838
635.0 96.57771587371826
636.0 96.41668796539307
637.0 96.10457420349121
638.0 95.62526941299438
639.0 95.47954201698303
640.0 95.85572481155396
641.0 95.72969675064087
642.0 96.49631977081299
643.0 96.67602181434631
644.0 96.52310013771057
645.0 96.81326150894165
646.0 96.86092138290405
647.0 97.2324550151825
648.0 96.55901193618774
649.0 96.05076909065247
650.0 96.67739868164062
651.0 97.01701998710632
652.0 97.12969660758972
653.0 96.50706648826599
654.0 96.64068818092346
655.0 96.73264026641846
656.0 95.98600268363953
657.0 95.80553770065308
658.0 96.818608045578
659.0 96.67652249336243
660.0 96.17251753807068
661.0 95.54141759872437
662.0 96.09093070030212
663.0 95.82184553146362
664.0 95.9269642829895
665.0 95.65999507904053
666.0 95.40590643882751
667.0 96.16672992706299
668.0 95.3842043876648
669.0 96.13770842552185
670.0 95.54648995399475
671.0 95.8383858203888
672.0 95.73599696159363
673.0 95.62867283821106
674.0 95.13409733772278
675.0 95.90129256248474
676.0 95.06685137748718
677.0 93.89405846595764
678.0 93.27195882797241
679.0 92.26534366607666
680.0 91.05387926101685
681.0 89.53820466995239
682.0 86.90988421440125
683.0 83.81733298301697
684.0 80.2909791469574
685.0 76.44970417022705
686.0 72.46718406677246
687.0 67.85345077514648
688.0 63.266897201538086
689.0 58.9949905872345
690.0 54.04919981956482
691.0 50.27352571487427
692.0 45.376089215278625
693.0 40.790486335754395
694.0 35.303446650505066
695.0 29.6250581741333
696.0 23.99270534515381
697.0 18.694116175174713
698.0 13.121484220027924
699.0 8.97994339466095
700.0 6.060636043548584
701.0 3.614087775349617
702.0 2.1709293127059937
703.0 1.246414054185152
704.0 0.619895476847887
705.0 0.4629475995898247
706.0 0.28818026185035706
707.0 0.13155706692487001
708.0 0.1323522417806089
709.0 0.09954356355592608
710.0 0.1000532996840775
711.0 0.06914492114447057
712.0 0.06582791684195399
713.0 1.7173573760992378e-10
714.0 0.049858976854011416
715.0 1.7173573760992378e-10
716.0 0.053244002629071474
717.0 0.05218792939558625
718.0 0.03027662169188261
719.0 0.06339788669720292
720.0 1.7173573760992378e-10
721.0 0.004345888737589121
722.0 0.004184875069768168
723.0 0.004023861765745096
724.0 0.0036848905438091606
725.0 0.0033459189580753446
726.0 0.0031924457289278507
727.0 0.0030389723178814165
728.0 0.0029023975002928637
729.0 0.00276582231890643
730.0 0.0025582370653864928
731.0 0.002350651629967615
732.0 0.0022818891011411324
733.0 0.0022131269361125305
734.0 0.0021318170183803886
735.0 0.0020505074644461274
736.0 0.0019301254724268802
737.0 0.0018097434804076329
738.0 0.0016844816855154932
739.0 0.001559219708724413
740.0 0.0015329156667576171
741.0 0.0015066112609929405
742.0 0.0014824880054220557
743.0 0.0014583644770027604
744.0 0.0014848357750452124
745.0 0.0015113071640371345
746.0 0.001364004401693819
747.0 0.0012167014574515633
748.0 0.0012293422514630947
749.0 0.0012419831364240963
750.0 0.0011950309271924198
751.0 0.0011480788089102134
752.0 0.0011146283213747665
753.0 0.00108117801573826
754.0 0.0011239919331273995
755.0 0.0011668059414660092
756.0 0.001110979610530194
757.0 0.0010551532795943785
758.0 0.0011031644135073293
759.0 0.0011511758202686906
760.0 0.0011112656466139015
761.0 0.0010713556548580527
762.0 0.0009423532901564613
763.0 0.0008133511073538102
764.0 0.0009266071174351964
765.0 0.0010398630365671124
766.0 0.0008688885827723425
767.0 0.0006979140380281024
768.0 0.0007079049282765482
769.0 0.0007178956821007887
770.0 0.0007663955329917371
771.0 0.0008148952474584803
772.0 0.0008696181794221047
773.0 0.0009243409294867888
774.0 0.0009175057130050845
775.0 0.0009106703146244399
776.0 0.0009022544873005245
777.0 0.0008938390237744898
778.0 0.0007747122253931593
779.0 0.000655585517961299
780.0 0.0006784952347516082
781.0 0.0007014049515419174
782.0 0.0007441676643793471
783.0 0.000786930468166247
784.0 0.0007277666554728057
785.0 0.0006686027063551592
786.0 0.0007048632596706739
787.0 0.0007411237675114535
788.0 0.0006386533641489223
789.0 0.0005361830062611261
790.0 0.0005587906798609765
791.0 0.0005813983079860918
792.0 0.0005368214260670356
793.0 0.0004922445441479795
794.0 0.0005842558493895922
795.0 0.0006762671546312049
796.0 0.0005557512395171216
797.0 0.00043523536987777334
798.0 0.0005370631242840318
799.0 0.0006388909696397604
800.0 0.0006393636795110069
801.0 0.0006398361165338429
802.0 0.0006583673439308768
803.0 0.0006768985713279108
804.0 0.0006672823928965954
805.0 0.0006576662599400152
806.0 0.0005962962404737482
807.0 0.0005349261755327461
808.0 0.0005889651674806373
809.0 0.0006430041139537934
810.0 0.0006553764251293615
811.0 0.000667748463456519
812.0 0.0005456284270621836
813.0 0.00042350811781943776
814.0 0.0005041162239649566
815.0 0.0005847242391610052
816.0 0.000712473547537229
817.0 0.0008402230378123932
818.0 0.0006713922175549669
819.0 0.0005025615337217459
820.0 0.000591940352023812
821.0 0.0006813190339016728
822.0 0.0006553457296831766
823.0 0.0006293725164141506
824.0 0.0005761273769167019
825.0 0.0005228822828939883
826.0 0.0005196466645429609
827.0 0.0005164110007171985
828.0 0.0004596864073391771
829.0 0.00040296199586009607
830.0 0.0001519916395409382
831.0 1.7173573760992378e-10
832.0 1.7173573760992378e-10
833.0 1.7173573760992378e-10
834.0 1.7173573760992378e-10
835.0 1.7173573760992378e-10
836.0 1.7173573760992378e-10
837.0 1.7173573760992378e-10
838.0 0.0005560439603868872
839.0 0.0011190342775080353
840.0 0.0014567802281817421
841.0 0.0017945263607543893
842.0 0.0024981489332276396
843.0 0.0032017716875998303
844.0 0.0037223449908196926
845.0 0.004242917930241674
846.0 0.004254273881088011
847.0 0.0042656301957322285
848.0 0.003641538569354452
849.0 0.0030174473067745566
850.0 0.0023950071408762597
851.0 0.0017725669749779627
852.0 0.001599221650394611
853.0 0.00142587659865967
854.0 0.0011700641152856406
855.0 0.0009142516319116112
856.0 0.0008056586011662148
857.0 0.000697065388521878
858.0 0.0005526979293790646
859.0 0.0004083305611857213
860.0 0.0003772076070163166
861.0 0.000346084698321647
862.0 0.00039253068280231673
863.0 0.00043897662180825137
864.0 0.0003745058847925975
865.0 0.0003100351932516787
866.0 0.0002923728743553511
867.0 0.0002747105327216559
868.0 0.00015527384675806388
869.0 3.5837132372762426e-05
870.0 0.00011948147857765434
871.0 0.00020312581909820437
872.0 0.00022814922431280138
873.0 0.0002531726295273984
874.0 0.00023391692138829967
875.0 0.0002146611905118334
876.0 9.149949278253189e-05
877.0 1.7173573760992378e-10
878.0 6.927230060682632e-05
879.0 0.00017020682889778982
880.0 0.00017331492472294485
881.0 0.00017642304328546743
882.0 0.00019644369331217604
883.0 0.00021646435470756842
884.0 0.0001656080939937965
885.0 0.00011475182191134081
886.0 0.00020799832327611512
887.0 0.0003012447905348381
888.0 0.0002871319566111197
889.0 0.0002730190999500337
890.0 0.00021119310531503288
891.0 0.00014936711068003206
892.0 0.00013600451893580612
893.0 0.0001226419158228964
894.0 9.250068160326919e-05
895.0 6.23594303306163e-05
896.0 3.875644836170977e-05
897.0 1.5153428023495508e-05
898.0 1.6339008368504437e-05
899.0 1.752457308157318e-05
900.0 1.7173573760992378e-10
