lsstCam/transmission_filter_detector/r30_s21/r_57/19700101T000000.ecsv
# %ECSV 1.0
# ---
# datatype:
# - {name: wavelength, unit: nm, datatype: float32}
# - {name: efficiency, unit: '%', datatype: float64}
# meta: !!omap
# - {MODE: DETECTOR}
# - {TYPE: transmission_filter_detector}
# - {CALIBDATE: '1970-01-01T00:00:00'}
# - {INSTRUME: LSSTCam}
# - {OBSTYPE: transmission_filter_detector}
# - {CALIBCLS: lsst.ip.isr.IntermediateFilterDetectorTransmissionCurve}
# - {SOURCE: Materion (DM-46256)}
# - {DETECTOR: 124}
# - {FILTER: r_57}
# - {CALIB_ID: 'calibDate=1970-01-01T00:00:00 filter=r_57 detector=124'}
# - {DATE: '2025-04-02T15:59:44.756769'}
# - {CALIB_CREATION_DATE: '2025-04-02'}
# - {CALIB_CREATION_TIME: '15:59:44'}
# - __serialized_columns__:
#     efficiency:
#       __class__: astropy.units.quantity.Quantity
#       unit: !astropy.units.Unit {unit: '%'}
#       value: !astropy.table.SerializedColumn {name: efficiency}
#     wavelength:
#       __class__: astropy.units.quantity.Quantity
#       unit: !astropy.units.Unit {unit: nm}
#       value: !astropy.table.SerializedColumn {name: wavelength}
# schema: astropy-2.0
wavelength efficiency
[from data line 602]
902.0 1.7173573760992378e-10
903.0 1.7173573760992378e-10
904.0 4.8979450184560847e-05
905.0 0.00011252270724071423
906.0 0.00011542081210791366
907.0 0.00011831892834379687
908.0 0.00017896851431942196
909.0 0.00023961808892636327
910.0 0.00013929482065577758
911.0 3.8971549543020956e-05
912.0 0.00010539630466155359
913.0 0.00017182105693791527
914.0 0.0001690754174887843
915.0 0.00016632977803965332
916.0 7.073740562191233e-05
917.0 1.7173573760992378e-10
918.0 6.662207283625321e-05
919.0 0.00015809908973096753
920.0 0.00020255481558706379
921.0 0.0002470105073371087
922.0 0.00021320170162653085
923.0 0.00017939287317858543
924.0 0.00018806512116498197
925.0 0.00019673734641401097
926.0 0.0001499783934377774
927.0 0.00010321945183022763
928.0 0.00016918050960157416
929.0 0.00023514155600423692
930.0 0.00024574026156187756
931.0 0.00025633894438215066
932.0 0.00015619270925526507
933.0 5.604645707535383e-05
934.0 2.2895534357303404e-05
935.0 1.7173573760992378e-10
936.0 1.7173573760992378e-10
937.0 1.7173573760992378e-10
938.0 1.7173573760992378e-10
939.0 1.7173573760992378e-10
940.0 1.7173573760992378e-10
941.0 2.0611918216673075e-05
942.0 0.00017688259958958952
943.0 0.0003331532752781641
944.0 0.0003552506086634821
945.0 0.00037734787383669754
946.0 0.0005088035777589539
947.0 0.0006402593044185778
948.0 0.0004934840035275556
949.0 0.0003467088390607387
950.0 0.00037255756524245953
951.0 0.0003984062914241804
952.0 0.0005408776814874727
953.0 0.0006833491170255002
954.0 0.0008355525096703786
955.0 0.0009877561751636676
956.0 0.0011071098015236203
957.0 0.0012264633369341027
958.0 0.0014497509255306795
959.0 0.0016730384231777862
960.0 0.001841633093135897
961.0 0.0020102275811950676
962.0 0.0021136411305633374
963.0 0.0022170543161337264
964.0 0.0022746724425815046
965.0 0.0023322909328271635
966.0 0.0023013401005300693
967.0 0.002270389632030856
968.0 0.002208578916906845
969.0 0.002146768201782834
970.0 0.002224705349362921
971.0 0.002302642496943008
972.0 0.002467883314238861
973.0 0.0026331243134336546
974.0 0.002843461152224336
975.0 0.0030537987186107785
976.0 0.00312822921841871
977.0 0.003202660082024522
978.0 0.0032163370633497834
979.0 0.003230013680877164
980.0 0.003287793879280798
981.0 0.0033455737138865516
982.0 0.003365631346241571
983.0 0.0033856886147987098
984.0 0.003291969551355578
985.0 0.0031982504879124463
986.0 0.0030626972147729248
987.0 0.0029271435778355226
988.0 0.0028769525670213625
989.0 0.0028267621019040234
990.0 0.002833153303072322
991.0 0.0028395448680385016
992.0 0.002710452099563554
993.0 0.0025813595129875466
994.0 0.002613078868307639
995.0 0.0026447984055266716
996.0 0.002690737346711103
997.0 0.002736676651693415
998.0 0.002852438592526596
999.0 0.002968200533359777
1000.0 0.0030346433049999177
1001.0 0.0031010862585389987
1002.0 0.003300369280623272
1003.0 0.0034996519389096648
1004.0 0.003642202864284627
1005.0 0.003784753425861709
1006.0 0.003944634227082133
1007.0 0.0041045153921004385
1008.0 0.004198992246529087
1009.0 0.004293468373361975
1010.0 0.004237467510392889
1011.0 0.0041814670112216845
1012.0 0.004184025601716712
1013.0 0.00418658419221174
1014.0 0.004073323361808434
1015.0 0.003960062167607248
1016.0 0.003508608278934844
1017.0 0.0030571536626666784
1018.0 0.0028181017114548013
1019.0 0.0025790495783439837
1020.0 0.0023544142095488496
1021.0 0.0021297784769558348
1022.0 0.0018156822989112698
1023.0 0.0015015860299172346
1024.0 0.0013588735782832373
1025.0 0.0012161613994976506
1026.0 0.0010442992788739502
1027.0 0.0008724374310986605
1028.0 0.0008955610610428266
1029.0 0.0009186848728859331
1030.0 0.0009012258487928193
1031.0 0.0008837668246997055
1032.0 0.000799258668848779
1033.0 0.0007147504220483825
1034.0 0.0006705933174089296
1035.0 0.0006264362127694767
1036.0 0.0006420382760552457
1037.0 0.0006576403393410146
1038.0 0.0007937960617709905
1039.0 0.0009299516932514962
1040.0 0.0008751928362471517
1041.0 0.0008204337973438669
1042.0 0.0008783074008533731
1043.0 0.0009361810043628793
1044.0 0.000899439964996418
1045.0 0.0008626989256299566
1046.0 0.0008331638127856422
1047.0 0.000803628790890798
1048.0 0.000719076751920511
1049.0 0.0006345248038996942
1050.0 0.0009101240721065551
1051.0 0.0011857231584144756
1052.0 0.0011589696441660635
1053.0 0.0011322157661197707
1054.0 0.0011197910680493806
1055.0 0.0011073664609284606
1056.0 0.001075690579455113
1057.0 0.0010440146979817655
1058.0 0.0011597689990594517
1059.0 0.0012755230272887275
1060.0 0.0012109440831409302
1061.0 0.0011463649570941925
1062.0 0.0011948759492952377
1063.0 0.0012433869414962828
1064.0 0.0014788381122343708
1065.0 0.0017142892829724588
1066.0 0.0020044870325364172
1067.0 0.002294684418302495
1068.0 0.0023894477635622025
1069.0 0.002484210563125089
1070.0 0.002258751555928029
1071.0 0.00203329273062991
1072.0 0.0023728038286208175
1073.0 0.0027123154723085463
1074.0 0.002501225571904797
1075.0 0.002290135671501048
1076.0 0.0022731046556145884
1077.0 0.002256073275930248
1078.0 0.0029777767849736847
1079.0 0.003699480294017121
1080.0 0.003702581307152286
1081.0 0.003705682320287451
1082.0 0.003877410927088931
1083.0 0.004049139533890411
1084.0 0.003932455365429632
1085.0 0.0038157711969688535
1086.0 0.004485793033381924
1087.0 0.005155814505997114
1088.0 0.004652803181670606
1089.0 0.004149791857344098
1090.0 0.0032784082577563822
1091.0 0.002407024658168666
1092.0 0.003444495814619586
1093.0 0.004481966607272625
1094.0 0.003951659164158627
1095.0 0.00342135172104463
1096.0 0.0035092314647044986
1097.0 0.0035971112083643675
1098.0 0.0027461925128591247
1099.0 0.0018952739992528223
1100.0 0.0015530218661297113
1101.0 0.0012107694601581898
