lsstCam/transmission_filter_detector/r20_s20/z_20/19700101T000000.ecsv
# %ECSV 1.0
# ---
# datatype:
# - {name: wavelength, unit: nm, datatype: float32}
# - {name: efficiency, unit: '%', datatype: float64}
# meta: !!omap
# - {MODE: DETECTOR}
# - {TYPE: transmission_filter_detector}
# - {CALIBDATE: '1970-01-01T00:00:00'}
# - {INSTRUME: LSSTCam}
# - {OBSTYPE: transmission_filter_detector}
# - {CALIBCLS: lsst.ip.isr.IntermediateFilterDetectorTransmissionCurve}
# - {SOURCE: Materion (DM-46256)}
# - {DETECTOR: 78}
# - {FILTER: z_20}
# - {CALIB_ID: 'calibDate=1970-01-01T00:00:00 filter=z_20 detector=78'}
# - {DATE: '2025-04-02T15:59:49.000068'}
# - {CALIB_CREATION_DATE: '2025-04-02'}
# - {CALIB_CREATION_TIME: '15:59:49'}
# - __serialized_columns__:
#     efficiency:
#       __class__: astropy.units.quantity.Quantity
#       unit: !astropy.units.Unit {unit: '%'}
#       value: !astropy.table.SerializedColumn {name: efficiency}
#     wavelength:
#       __class__: astropy.units.quantity.Quantity
#       unit: !astropy.units.Unit {unit: nm}
#       value: !astropy.table.SerializedColumn {name: wavelength}
# schema: astropy-2.0
wavelength efficiency
[from data line 597]
897.0 99.22001957893372
898.0 98.72329831123352
899.0 98.62743616104126
900.0 98.58419895172119
901.0 99.35181140899658
902.0 99.19134378433228
903.0 98.39499592781067
904.0 97.8191077709198
905.0 98.22530150413513
906.0 98.12166094779968
907.0 98.31627607345581
908.0 98.06302785873413
909.0 98.11289310455322
910.0 97.85410165786743
911.0 96.89319729804993
912.0 95.71752548217773
913.0 95.01431584358215
914.0 92.56454706192017
915.0 90.28690457344055
916.0 87.91055083274841
917.0 86.44620776176453
918.0 82.6780915260315
919.0 81.54827952384949
920.0 78.37920188903809
921.0 74.17329549789429
922.0 69.74400877952576
923.0 63.63511085510254
924.0 58.05237293243408
925.0 52.546900510787964
926.0 46.17169201374054
927.0 38.80297839641571
928.0 32.68480896949768
929.0 26.460853219032288
930.0 20.99301666021347
931.0 15.723313391208649
932.0 10.644201189279556
933.0 6.920130550861359
934.0 4.350537806749344
935.0 2.560747414827347
936.0 1.458554994314909
937.0 0.9434610605239868
938.0 0.5652986001223326
939.0 0.27376841753721237
940.0 0.12671202421188354
941.0 0.10122220264747739
942.0 0.09464018512517214
943.0 1.6961226260298057e-10
944.0 0.08295126026496291
945.0 1.6961226260298057e-10
946.0 0.05772579461336136
947.0 1.6961226260298057e-10
948.0 1.6961226260298057e-10
949.0 0.06229407154023647
950.0 1.6961226260298057e-10
951.0 0.016023279749788344
952.0 1.6961226260298057e-10
953.0 0.038820598274469376
954.0 1.6961226260298057e-10
955.0 0.0893627991899848
956.0 1.6961226260298057e-10
957.0 1.6961226260298057e-10
958.0 0.05870418390259147
959.0 1.6961226260298057e-10
960.0 0.12052066158503294
961.0 1.6961226260298057e-10
962.0 1.6961226260298057e-10
963.0 1.6961226260298057e-10
964.0 1.6961226260298057e-10
965.0 0.03515200223773718
966.0 0.09483550093136728
967.0 0.039262190693989396
968.0 1.6961226260298057e-10
969.0 1.6961226260298057e-10
970.0 1.6961226260298057e-10
971.0 1.6961226260298057e-10
972.0 1.6961226260298057e-10
973.0 1.6961226260298057e-10
974.0 1.6961226260298057e-10
975.0 1.6961226260298057e-10
976.0 0.0063985775341279805
977.0 0.00637745251879096
978.0 0.006356328231049702
979.0 0.0060349768318701535
980.0 0.005713625796488486
981.0 0.005611655069515109
982.0 0.005509683978743851
983.0 0.005442136534838937
984.0 0.005374588363338262
985.0 0.00518960332556162
986.0 0.005004617560189217
987.0 0.004973281465936452
988.0 0.004941945371683687
989.0 0.004840096517000347
990.0 0.0047382480261148885
991.0 0.004686887041316368
992.0 0.004635526056517847
993.0 0.004538996654446237
994.0 0.004442466524778865
995.0 0.004483537486521527
996.0 0.004524608084466308
997.0 0.004397744851303287
998.0 0.004270881981938146
999.0 0.004219127367832698
1000.0 0.004167372389929369
1001.0 0.0041662635339889675
1002.0 0.004165155041846447
1003.0 0.004240900307195261
1004.0 0.0043166455725440755
1005.0 0.004324888504925184
1006.0 0.004333131073508412
1007.0 0.00425721264036838
1008.0 0.004181294207228348
1009.0 0.004135657218284905
1010.0 0.004090020229341462
1011.0 0.00421678414568305
1012.0 0.004343548062024638
1013.0 0.004313029421609826
1014.0 0.004282510781195015
1015.0 0.004357752914074808
1016.0 0.004432995410752483
1017.0 0.004473532681004144
1018.0 0.0045140703150536865
1019.0 0.004360629100119695
1020.0 0.004207188248983584
1021.0 0.0043048170482506976
1022.0 0.004402445847517811
1023.0 0.0044306027120910585
1024.0 0.0044587592128664255
1025.0 0.004438865653355606
1026.0 0.004418971730046906
1027.0 0.004478041228139773
1028.0 0.0045371107262326404
1029.0 0.00451557025371585
1030.0 0.00449402941740118
1031.0 0.004550504309008829
1032.0 0.004606979200616479
1033.0 0.0047399993491126224
1034.0 0.004873019497608766
1035.0 0.004951573646394536
1036.0 0.005030127431382425
1037.0 0.005096556560602039
1038.0 0.005162985326023772
1039.0 0.00529736207681708
1040.0 0.005431738827610388
1041.0 0.005452472760225646
1042.0 0.005473206692840904
1043.0 0.005396322376327589
1044.0 0.005319437696016394
1045.0 0.0056991750170709565
1046.0 0.006078911974327639
1047.0 0.006219806527951732
1048.0 0.006360700353980064
1049.0 0.006199596828082576
1050.0 0.006038491483195685
1051.0 0.006263766408665106
1052.0 0.006489040242740884
1053.0 0.006853365630377084
1054.0 0.0072176924732048064
1055.0 0.007288638880709186
1056.0 0.007359586015809327
1057.0 0.0073492199589964
1058.0 0.0073388546297792345
1059.0 0.007514636672567576
1060.0 0.007690418715355918
1061.0 0.008214127592509612
1062.0 0.00873783792485483
1063.0 0.008940840052673593
1064.0 0.00914384363568388
1065.0 0.009324165876023471
1066.0 0.009504490299150348
1067.0 0.009428031626157463
1068.0 0.009351572953164577
1069.0 0.010069782001664862
1070.0 0.01078799250535667
1071.0 0.010479745105840266
1072.0 0.010171498433919623
1073.0 0.010664600995369256
1074.0 0.011157703556818888
1075.0 0.010838145681191236
1076.0 0.0105185856227763
1077.0 0.011797195475082844
1078.0 0.01307580096181482
1079.0 0.013045580999460071
1080.0 0.013015362492296845
1081.0 0.01340087765129283
1082.0 0.01378639426548034
1083.0 0.014376229955814779
1084.0 0.014966068556532264
1085.0 0.014964814181439579
1086.0 0.014963562716729939
1087.0 0.015150387480389327
1088.0 0.01533721515443176
1089.0 0.0156260997755453
1090.0 0.015914987307041883
1091.0 0.01572747714817524
1092.0 0.015539968444500118
1093.0 0.016704501467756927
1094.0 0.01786903594620526
1095.0 0.019477715250104666
1096.0 0.02108639309881255
1097.0 0.02047291345661506
1098.0 0.019859432359226048
1099.0 0.021070256480015814
1100.0 0.022281077690422535
1101.0 0.023015022452455014
1102.0 0.02374896575929597
1103.0 0.02421893150312826
1104.0 0.024688895791769028
1105.0 0.025485156220383942
1106.0 0.02628141373861581
1107.0 0.026760235778056085
1108.0 0.02723905781749636
1109.0 0.028044299688190222
1110.0 0.02884953864850104
1111.0 0.028619906515814364
1112.0 0.028390277293510735
1113.0 0.029732129769399762
1114.0 0.03107398224528879
1115.0 0.03255560586694628
1116.0 0.03403722366783768
1117.0 0.03516256692819297
1118.0 0.03628790727816522
1119.0 0.03706863499246538
1120.0 0.03784936270676553
1121.0 0.03917588037438691
1122.0 0.040502400952391326
1123.0 0.04120329103898257
1124.0 0.041904181125573814
1125.0 0.04352334653958678
1126.0 0.04514251195359975
1127.0 0.04754578694701195
1128.0 0.0499490590300411
1129.0 0.05241622566245496
1130.0 0.05488339229486883
1131.0 0.05838341312482953
1132.0 0.061883439775556326
1133.0 0.06196662434376776
1134.0 0.06204982055351138
1135.0 0.06289390148594975
1136.0 0.06373798241838813
1137.0 0.07058619521558285
1138.0 0.07743441965430975
1139.0 0.08010565652512014
1140.0 0.08277688757516444
1141.0 0.09420758578926325
1142.0 0.10563826654106379
1143.0 0.1288851024582982
1144.0 0.15213192673400044
1145.0 0.2832881174981594
1146.0 0.41444431990385056
1147.0 0.8486060425639153
1148.0 1.2827678583562374
1149.0 1.424593199044466
1150.0 1.5664193779230118
