lsstCam/transmission_filter_detector/r20_s20/z_20/19700101T000000.ecsv
# %ECSV 1.0
# ---
# datatype:
# - {name: wavelength, unit: nm, datatype: float32}
# - {name: efficiency, unit: '%', datatype: float64}
# meta: !!omap
# - {MODE: DETECTOR}
# - {TYPE: transmission_filter_detector}
# - {CALIBDATE: '1970-01-01T00:00:00'}
# - {INSTRUME: LSSTCam}
# - {OBSTYPE: transmission_filter_detector}
# - {CALIBCLS: lsst.ip.isr.IntermediateFilterDetectorTransmissionCurve}
# - {SOURCE: Materion (DM-46256)}
# - {DETECTOR: 78}
# - {FILTER: z_20}
# - {CALIB_ID: 'calibDate=1970-01-01T00:00:00 filter=z_20 detector=78'}
# - {DATE: '2025-04-02T15:59:49.000068'}
# - {CALIB_CREATION_DATE: '2025-04-02'}
# - {CALIB_CREATION_TIME: '15:59:49'}
# - __serialized_columns__:
#     efficiency:
#       __class__: astropy.units.quantity.Quantity
#       unit: !astropy.units.Unit {unit: '%'}
#       value: !astropy.table.SerializedColumn {name: efficiency}
#     wavelength:
#       __class__: astropy.units.quantity.Quantity
#       unit: !astropy.units.Unit {unit: nm}
#       value: !astropy.table.SerializedColumn {name: wavelength}
# schema: astropy-2.0
wavelength efficiency
300.0 0.44793463312089443
301.0 0.35911479499191046
302.0 0.27029498014599085
303.0 0.25049527175724506
304.0 0.23069551680237055
305.0 0.20031360909342766
306.0 0.16993165481835604
307.0 0.15230096178129315
308.0 0.1346702454611659
309.0 0.13145389966666698
310.0 0.12823755387216806
311.0 0.12156649027019739
312.0 0.11489540338516235
313.0 0.11233066907152534
314.0 0.10976589983329177
315.0 0.0984882703050971
316.0 0.08721062913537025
317.0 0.07504997192882001
318.0 0.06288931472226977
319.0 0.06591669516637921
320.0 0.06894408143125474
321.0 0.06336644291877747
322.0 0.05778880440630019
323.0 0.055775593500584364
324.0 0.05376238259486854
325.0 0.04646116285584867
326.0 0.0391599431168288
327.0 0.038874399615451694
328.0 0.03858885320369154
329.0 0.03378506517037749
330.0 0.028981277137063444
331.0 0.02858291263692081
332.0 0.028184548136778176
333.0 0.027947002672590315
334.0 0.027709451387636364
335.0 0.026977062225341797
336.0 0.026244670152664185
337.0 0.024035185924731195
338.0 0.02182569878641516
339.0 0.019511408754624426
340.0 0.01719712163321674
341.0 0.01720883883535862
342.0 0.017220557492692024
343.0 0.015943156904540956
344.0 0.014665757771581411
345.0 0.013211801706347615
346.0 0.011757845641113818
347.0 0.012708261783700436
348.0 0.013658676471095532
349.0 0.014024518895894289
350.0 0.014390359865501523
351.0 0.012927374336868525
352.0 0.011464388080639765
353.0 0.013400216994341463
354.0 0.015336048090830445
355.0 0.012950027303304523
356.0 0.010564003605395555
357.0 0.010747725900728256
358.0 0.010931448923656717
359.0 0.010243518045172095
360.0 0.009555588621878996
361.0 0.008771492866799235
362.0 0.007987399294506758
363.0 0.007678413385292515
364.0 0.007369427476078272
365.0 0.007408539386233315
366.0 0.007447652023984119
367.0 0.00767635356169194
368.0 0.007905055826995522
369.0 0.008090691699180752
370.0 0.008276326843770221
371.0 0.008070854528341442
372.0 0.00786538003012538
373.0 0.0070368470915127546
374.0 0.0062083141529001296
375.0 0.006033905083313584
376.0 0.005859495649929158
377.0 0.006737348303431645
378.0 0.007615201320732012
379.0 0.006522455805679783
380.0 0.005429710654425435
381.0 0.004776517016580328
382.0 0.004123323378735222
383.0 0.004675658055930398
384.0 0.005227992369327694
385.0 0.005074519867775962
386.0 0.004921047366224229
387.0 0.004876951425103471
388.0 0.004832855847780593
389.0 0.004698224802268669
390.0 0.004563593756756745
391.0 0.004259976776666008
392.0 0.003956360524171032
393.0 0.0043349700717953965
394.0 0.004713579983217642
395.0 0.004308436473365873
396.0 0.003903293327311985
397.0 0.00404442471335642
398.0 0.004185555735602975
399.0 0.004251530117471702
400.0 0.004317504863138311
401.0 0.004601968248607591
402.0 0.004886431634076871
403.0 0.00482210234622471
404.0 0.00475777342217043
405.0 0.0037770634662592784
406.0 0.0027963536922470666
407.0 0.002921012492151931
408.0 0.0030456718377536163
409.0 0.003076021675951779
410.0 0.003106371877947822
411.0 0.0033144839107990265
412.0 0.00352259557985235
413.0 0.0037535552110057324
414.0 0.003984514478361234
415.0 0.0035152108466718346
416.0 0.0030459068511845544
417.0 0.0032352883863495663
418.0 0.003424669921514578
419.0 0.0032210213248617947
420.0 0.003017373092006892
421.0 0.0035412558645475656
422.0 0.004065138637088239
423.0 0.0036203029594616964
424.0 0.0031754672818351537
425.0 0.0028551139621413313
426.0 0.002534760642447509
427.0 0.0024250155547633767
428.0 0.002315270285180304
429.0 0.002240592766611371
430.0 0.002165915611840319
431.0 0.001549909393361304
432.0 0.0009339030839328188
433.0 0.0014178723176883068
434.0 0.001901841642393265
435.0 0.0016671327102812938
436.0 0.0014324235053209122
437.0 0.0016247980965999886
438.0 0.0018171727788285352
439.0 0.0022285108570940793
440.0 0.0026398489353596233
441.0 0.0024946195480879396
442.0 0.0023493903427151963
443.0 0.0027032581783714704
444.0 0.0030571260140277445
445.0 0.0032351865229429677
446.0 0.003413247031858191
447.0 0.002868796218535863
448.0 0.002324345587112475
449.0 0.0020816481992369518
450.0 0.0018389508113614284
451.0 0.0018093771359417588
452.0 0.0017798034605220892
453.0 0.0014260385796660557
454.0 0.0010722738807089627
455.0 0.0015448802514583804
456.0 0.0020174868041067384
457.0 0.0016484667867189273
458.0 0.0012794470421795268
459.0 0.0017779542758944444
460.0 0.002276461418659892
461.0 0.0016703002984286286
462.0 0.0010641392691468354
463.0 0.0014332275895867497
464.0 0.0018023158190771937
465.0 0.001764513217494823
466.0 0.001726710979710333
467.0 0.0017408876374247484
468.0 0.0017550641132402234
469.0 0.0014389109310286585
470.0 0.0011227578397665638
471.0 0.0010198873496847227
472.0 0.0009170169505523518
473.0 0.001044003147399053
474.0 0.0011709891623468138
475.0 0.0012142829291406088
476.0 0.0012575765140354633
477.0 0.0014804381862632
478.0 0.001703299676591996
479.0 0.0016685267837601714
480.0 0.0016337537090294063
481.0 0.0015316947610699572
482.0 0.0014296361769083887
483.0 0.001120515662478283
484.0 0.0008113951480481774
485.0 0.0011993240150331985
486.0 0.0015872527001192793
487.0 0.001567660910950508
488.0 0.001548069303680677
489.0 0.001816506301111076
490.0 0.0020849434804404154
491.0 0.0019052919014939107
492.0 0.001725640322547406
493.0 0.001971716665138956
494.0 0.0022177935534273274
495.0 0.001878175862657372
496.0 0.0015385578080895357
497.0 0.0013170414604246616
498.0 0.0010955251127597876
499.0 0.0010380586900282651
500.0 0.0009805925401451532
501.0 0.0010267539437336382
502.0 0.0010729156201705337
503.0 0.0013516508261091076
504.0 0.0016303860320476815
505.0 0.0018632717910804786
506.0 0.0020961575501132756
507.0 0.0016810572560643777
508.0 0.0012659566891670693
509.0 0.0015079323020472657
510.0 0.0017499081877758726
511.0 0.0017476846551289782
512.0 0.0017454611224820837
513.0 0.0014749719412066042
514.0 0.001204482941830065
515.0 0.0012074568985553924
516.0 0.0012104308552807197
517.0 0.001318560134677682
518.0 0.001426689686923055
519.0 0.0013669217878486961
520.0 0.001307153706875397
521.0 0.0013944336387794465
522.0 0.0014817132978350855
523.0 0.0014431204363063443
524.0 0.0014045273019291926
525.0 0.0010979883882100694
526.0 0.000791449383541476
527.0 0.0010766633749881294
528.0 0.001361877548333723
529.0 0.0014443688087339979
530.0 0.0015268598872353323
531.0 0.0014103235116635915
532.0 0.0012937870451423805
533.0 0.0009855566531769
534.0 0.0006773262612114195
535.0 0.0009436635991733056
536.0 0.0012100008461857215
537.0 0.0014672486940980889
538.0 0.0017244967239093967
539.0 0.0015850622730795294
540.0 0.0014456273675023112
541.0 0.001148406408901792
542.0 0.0008511854503012728
543.0 0.0010231575288344175
544.0 0.0011951296073675621
545.0 0.0011565991371753626
546.0 0.0011180685760336928
547.0 0.0015410270862048492
548.0 0.0019639855963760056
549.0 0.0018569080566521734
550.0 0.0017498303350294009
551.0 0.00175775039679138
552.0 0.0017656708223512396
553.0 0.001945213443832472
554.0 0.002124755883414764
555.0 0.0016558155039092526
556.0 0.001186875033454271
557.0 0.0013264246263133828
558.0 0.0014659743101219647
559.0 0.0012004706150037237
560.0 0.0009349667379865423
561.0 0.001149332820205018
562.0 0.0013636989933729637
563.0 0.0014144507076707669
564.0 0.0014652023310190998
565.0 0.001860517295426689
566.0 0.0022558322598342784
567.0 0.002388934626651462
568.0 0.0025220366296707653
569.0 0.0026493054974707775
570.0 0.0027765743652707897
571.0 0.0024822251361911185
572.0 0.0021878755433135666
573.0 0.0017972321074921638
574.0 0.0014065885807212908
575.0 0.001709563730400987
576.0 0.0020125389710301533
577.0 0.001981294553843327
578.0 0.0019500501366565004
579.0 0.0020432031305972487
580.0 0.002136356124537997
581.0 0.0019321021682117134
582.0 0.0017278478480875492
583.0 0.002081833008560352
584.0 0.0024358179871342145
585.0 0.002434165980957914
586.0 0.002432513610983733
587.0 0.0018451202777214348
588.0 0.0012577267625601962
589.0 0.001609237187949475
590.0 0.0019607476133387536
591.0 0.001929960671986919
592.0 0.001899174094432965
593.0 0.0013907743777963333
594.0 0.0008823749340081122
595.0 0.001099981182051124
596.0 0.001317587521043606
597.0 0.0011335816452628933
598.0 0.0009495759513811208
599.0 0.0011390882718842477
600.0 0.0013286005014379043
601.0 0.001247539148607757
602.0 0.001166477522929199
603.0 0.00156543555931421
604.0 0.001964393595699221
605.0 0.0016325020624208264
606.0 0.0013006108929403126
607.0 0.0012186143976578023
608.0 0.0011366180842742324
609.0 0.0011814127901743632
610.0 0.001226207496074494
611.0 0.0010214630492555443
612.0 0.0008167184205376543
613.0 0.0010043706424767151
614.0 0.001192022864415776
615.0 0.0012999530554225203
616.0 0.0014078830645303242
617.0 0.0015704556062701158
618.0 0.0017330283299088478
619.0 0.0016586511264904402
620.0 0.0015842739230720326
621.0 0.0017622522136662155
622.0 0.0019402299585635774
623.0 0.0016104249880299903
624.0 0.0012806195627490524
625.0 0.0013003778803977184
626.0 0.0013201362889958546
627.0 0.0014933078091416974
628.0 0.0016664795111864805
629.0 0.00189373895409517
630.0 0.0021209983970038593
631.0 0.002369384492340032
632.0 0.0026177705876762047
633.0 0.0028786966140614823
634.0 0.003139622276648879
635.0 0.0059919198974967
636.0 0.00884421679074876
637.0 0.015572813572362065
638.0 0.02230140962637961
639.0 0.020166450121905655
640.0 0.018031493527814746
641.0 0.01521680096630007
642.0 0.012402112770359963
643.0 0.009291485184803605
644.0 0.0061808568716514856
645.0 0.006375804514391348
646.0 0.006570752884726971
647.0 0.006275943451328203
648.0 0.005981133654131554
649.0 0.004726179031422362
650.0 0.00347122477251105
651.0 0.0035661189031088725
652.0 0.003661013033706695
653.0 0.003069528247579001
654.0 0.0024780432795523666
655.0 0.0023205433535622433
656.0 0.00216304342757212
657.0 0.0023854889150243253
658.0 0.00260793422057759
659.0 0.0021404915969469585
660.0 0.0016730487914173864
661.0 0.0019507622710079886
662.0 0.002228475750598591
663.0 0.0019636783690657467
664.0 0.0016988809875329025
665.0 0.0017929991372511722
666.0 0.0018871169231715612
667.0 0.00214080537261907
668.0 0.002394493822066579
669.0 0.001863597753981594
670.0 0.0013327015039976686
671.0 0.0012322690054134
672.0 0.0011318365977786016
673.0 0.0012087927643733565
674.0 0.0012857490219175816
675.0 0.0014775414456380531
676.0 0.001669333505560644
677.0 0.0015565914509352297
678.0 0.001443849214410875
679.0 0.0014014438420417719
680.0 0.0013590384696726687
681.0 0.0015251460354193114
682.0 0.0016912534192670137
683.0 0.0021581770852208138
684.0 0.0026251005692756735
685.0 0.002612904063425958
686.0 0.002600707557576243
687.0 0.0019455395886325277
688.0 0.0012903717106382828
689.0 0.0019098668417427689
690.0 0.0025293622456956655
691.0 0.002446009784762282
692.0 0.002362657687626779
693.0 0.002627588764880784
694.0 0.0028925202059326693
695.0 0.0031358187698060647
696.0 0.0033791169698815793
697.0 0.003931318497052416
698.0 0.004483519660425372
699.0 0.00589985320402775
700.0 0.007316185656236485
701.0 0.007360098243225366
702.0 0.0074040115578100085
703.0 0.006277384090935811
704.0 0.005150756624061614
705.0 0.004517538764048368
706.0 0.0038843205402372405
707.0 0.003554292197804898
708.0 0.003224263491574675
709.0 0.0037785543099744245
710.0 0.0043328447645762935
711.0 0.0038751277315896004
712.0 0.003417411062400788
713.0 0.0025105369786615483
714.0 0.001603663076821249
715.0 0.0020245563064236194
716.0 0.00244544953602599
717.0 0.0018941345842904411
718.0 0.0013428196325548925
719.0 0.0014599218047806062
720.0 0.00157702397700632
721.0 0.0012096336831746157
722.0 0.0008422432983934414
723.0 0.0013785200280835852
724.0 0.0019147970306221396
725.0 0.0015893394447630271
726.0 0.0012638823136512656
727.0 0.0011901834113814402
728.0 0.0011164843272126745
729.0 0.0014762435966986232
730.0 0.0018360027752351016
731.0 0.0014570246094081085
732.0 0.0010780464435811155
733.0 0.001436942784494022
734.0 0.0017958393073058687
735.0 0.001793890078261029
736.0 0.0017919408492161892
737.0 0.0015743204130558297
738.0 0.001356699885946
739.0 0.0015931767848087475
740.0 0.0018296535927220248
741.0 0.0016267331375274807
742.0 0.001423812864231877
743.0 0.0018339020243729465
744.0 0.0022439915483118966
745.0 0.0018127100702258758
746.0 0.001381428592139855
747.0 0.0016563706594752148
748.0 0.0019313125449116342
749.0 0.002557667357905302
750.0 0.00318402198900003
751.0 0.0027811363906948827
752.0 0.0023782507923897356
753.0 0.002858722655219026
754.0 0.0033391945180483162
755.0 0.0024309219952556305
756.0 0.0015226493815134745
757.0 0.0019550599972717464
758.0 0.002387470522080548
759.0 0.002610880255815573
760.0 0.002834289989550598
761.0 0.004740910662803799
762.0 0.006647530244663358
763.0 0.00645002510282211
764.0 0.006252519960980862
765.0 0.005571193105424754
766.0 0.004889866613666527
767.0 0.004741443262901157
768.0 0.004593019912135787
769.0 0.004973312024958432
770.0 0.005353603410185315
771.0 0.005256572694634087
772.0 0.005159541251487099
773.0 0.004668634574045427
774.0 0.004177727532805875
775.0 1.6961226260298057e-10
776.0 0.0013423452401184477
777.0 1.6961226260298057e-10
778.0 0.07038115290924907
779.0 0.04730589862447232
780.0 1.6961226260298057e-10
781.0 1.6961226260298057e-10
782.0 1.6961226260298057e-10
783.0 1.6961226260298057e-10
784.0 0.05806453409604728
785.0 1.6961226260298057e-10
786.0 1.6961226260298057e-10
787.0 0.06277455831877887
788.0 1.6961226260298057e-10
789.0 1.6961226260298057e-10
790.0 1.6961226260298057e-10
791.0 0.03310249303467572
792.0 0.09970722021535039
793.0 1.6961226260298057e-10
794.0 0.11453306069597602
795.0 1.6961226260298057e-10
796.0 0.044063496170565486
797.0 0.06740959361195564
798.0 0.08921169210225344
799.0 0.3334663575515151
800.0 0.3777722828090191
801.0 0.6287621799856424
802.0 1.0659837163984776
803.0 1.668398454785347
804.0 2.826993353664875
805.0 4.205797612667084
806.0 6.207717210054398
807.0 8.632873743772507
808.0 11.185628920793533
809.0 14.174085855484009
810.0 17.636790871620178
811.0 20.732656121253967
812.0 24.042826890945435
813.0 27.994728088378906
814.0 32.11267590522766
815.0 37.57768273353577
816.0 43.331217765808105
817.0 50.06740093231201
818.0 56.78352117538452
819.0 63.2218599319458
820.0 70.9448516368866
821.0 77.81344652175903
822.0 83.3119809627533
823.0 87.46489882469177
824.0 91.56343340873718
825.0 94.9705958366394
826.0 96.52799963951111
827.0 97.6509690284729
828.0 98.822683095932
829.0 99.40563440322876
830.0 98.39335680007935
831.0 98.95055294036865
832.0 98.1561541557312
833.0 99.20248985290527
834.0 98.26435446739197
835.0 99.21773672103882
836.0 98.87349009513855
837.0 98.95176291465759
838.0 97.71968126296997
839.0 98.34534525871277
840.0 98.55493307113647
841.0 99.07583594322205
842.0 99.07773733139038
843.0 99.61231350898743
844.0 98.02271723747253
845.0 98.36295247077942
846.0 99.03223514556885
847.0 98.67460131645203
848.0 99.48291778564453
849.0 98.87869954109192
850.0 98.04345965385437
851.0 99.40986037254333
852.0 98.94004464149475
853.0 98.43322038650513
854.0 99.64084029197693
855.0 98.39867353439331
856.0 98.6950933933258
857.0 97.92063236236572
858.0 98.55299592018127
859.0 99.12376403808594
860.0 98.30654263496399
861.0 98.86623024940491
862.0 99.16501641273499
863.0 98.53105545043945
864.0 99.3662178516388
865.0 99.55642223358154
866.0 98.52109551429749
867.0 99.22101497650146
868.0 99.3316113948822
869.0 98.53835105895996
870.0 98.04545640945435
871.0 99.0206778049469
872.0 99.1387128829956
873.0 98.89609217643738
874.0 99.51738119125366
875.0 99.05709028244019
876.0 98.94866347312927
877.0 99.36287999153137
878.0 98.58632683753967
879.0 98.51840734481812
880.0 98.7012505531311
881.0 99.75805282592773
882.0 98.67988228797913
883.0 98.26943874359131
884.0 99.36725497245789
885.0 99.10699725151062
886.0 98.83785843849182
887.0 98.50266575813293
888.0 98.85449409484863
889.0 99.24047589302063
890.0 98.6431896686554
891.0 98.99178147315979
892.0 98.87325167655945
893.0 98.31551909446716
894.0 97.88154363632202
895.0 99.31515455245972
