lsstCam/transmission_sensor/r21_s22/19700101T000000.ecsv
# %ECSV 1.0
# ---
# datatype:
# - {name: amp_name, datatype: string}
# - {name: wavelength, unit: nm, datatype: float32}
# - {name: efficiency, unit: '%', datatype: float64}
# meta: !!omap
# - {MODE: AMP}
# - {TYPE: transmission_sensor}
# - {CALIBDATE: '1970-01-01T00:00:00'}
# - {INSTRUME: LSSTCAM}
# - {OBSTYPE: transmission_sensor}
# - {DETECTOR: 89}
# - {PARQUETFILE: qe_raft_allvalues_nircorrected_20230725.parquet}
# - {CALIBCLS: lsst.ip.isr.IntermediateSensorTransmissionCurve}
# - {CALIB_ID: 'raftName=R21 detectorName=S22 detector=89 calibDate=1970-01-01T00:00:00 ccd=89 ccdnum=89 filter=None'}
# - {DATE: '2023-08-02T16:57:55.796402'}
# - {CALIB_CREATION_DATE: '2023-08-02'}
# - {CALIB_CREATION_TIME: '16:57:55'}
# - __serialized_columns__:
#     efficiency:
#       __class__: astropy.units.quantity.Quantity
#       unit: !astropy.units.Unit {unit: '%'}
#       value: !astropy.table.SerializedColumn {name: efficiency}
#     wavelength:
#       __class__: astropy.units.quantity.Quantity
#       unit: !astropy.units.Unit {unit: nm}
#       value: !astropy.table.SerializedColumn {name: wavelength}
# schema: astropy-2.0
amp_name wavelength efficiency
C00 319.992 43.20101547241211
C00 330.006 55.62998580932617
C00 349.994 77.1011734008789
C00 370.001 83.396484375
C00 400.009 87.92635345458984
C00 429.983 89.24286651611328
C00 449.989 90.21788024902344
C00 469.993 90.99376678466797
C00 500.016 93.45714569091797
C00 549.99 96.5811767578125
C00 569.998 97.43671417236328
C00 599.983 98.29539489746094
C00 630.013 98.81848907470703
C00 649.987 99.09734344482422
C00 670.017 99.16121673583984
C00 699.987 98.90225219726562
C00 720.012 98.80685424804688
C00 749.995 98.1467056274414
C00 770.007 97.72587585449219
C00 800.008 96.51786041259766
C00 830.013 94.62969207763672
C00 869.994 89.22349548339844
C00 900.005 81.9752426147461
C00 919.989 74.78653717041016
C00 959.989 53.04370880126953
C00 1000.013 26.609447479248047
C00 1030.002 10.74063491821289
C00 1049.996 5.216777801513672
C00 1080.005 0.6804023632781292
C00 1100.007 0.09255592378280177
C01 319.992 43.42549514770508
C01 330.006 55.91505432128906
C01 349.994 77.47357940673828
C01 370.001 83.75205993652344
C01 400.009 88.11515045166016
C01 429.983 89.35272216796875
C01 449.989 90.3078384399414
C01 469.993 91.06822967529297
C01 500.016 93.50909423828125
C01 549.99 96.61611938476562
C01 569.998 97.46408081054688
C01 599.983 98.3180923461914
C01 630.013 98.83377075195312
C01 649.987 99.11380004882812
C01 670.017 99.17155456542969
C01 699.987 98.91288757324219
C01 720.012 98.81700897216797
C01 749.995 98.15576934814453
C01 770.007 97.73716735839844
C01 800.008 96.5253677368164
C01 830.013 94.64208984375
C01 869.994 89.24788665771484
C01 900.005 82.00376892089844
C01 919.989 74.81096649169922
C01 959.989 53.13195037841797
C01 1000.013 26.698211669921875
C01 1030.002 10.695050239562988
C01 1049.996 5.18196439743042
C01 1080.005 0.6804651992192101
C01 1100.007 0.09256447142885267
C02 319.992 43.76879119873047
C02 330.006 56.358760833740234
C02 349.994 78.0138931274414
C02 370.001 84.21002960205078
C02 400.009 88.43016815185547
C02 429.983 89.62852478027344
C02 449.989 90.56907653808594
C02 469.993 91.3169937133789
C02 500.016 93.75360870361328
C02 549.99 96.85025787353516
C02 569.998 97.70118713378906
C02 599.983 98.54664611816406
C02 630.013 99.04837799072266
C02 649.987 99.3255386352539
C02 670.017 99.3807144165039
C02 699.987 99.10943603515625
C02 720.012 99.00617980957031
C02 749.995 98.3427505493164
C02 770.007 97.91669464111328
C02 800.008 96.69188690185547
C02 830.013 94.81851959228516
C02 869.994 89.4232406616211
C02 900.005 82.23080444335938
C02 919.989 75.03494262695312
C02 959.989 53.26240158081055
C02 1000.013 26.77495765686035
C02 1030.002 10.73607349395752
C02 1049.996 5.168299674987793
C02 1080.005 0.6817614401223516
C02 1100.007 0.09274080058452651
C03 319.992 43.93044662475586
C03 330.006 56.568233489990234
C03 349.994 78.25691223144531
C03 370.001 84.3762435913086
C03 400.009 88.45987701416016
C03 429.983 89.61088562011719
C03 449.989 90.53916931152344
C03 469.993 91.27847290039062
C03 500.016 93.70479583740234
C03 549.99 96.78585815429688
C03 569.998 97.62728881835938
C03 599.983 98.46405029296875
C03 630.013 98.96265411376953
C03 649.987 99.23273468017578
C03 670.017 99.2841796875
C03 699.987 99.00624084472656
C03 720.012 98.90055847167969
C03 749.995 98.22455596923828
C03 770.007 97.79307556152344
C03 800.008 96.5694580078125
C03 830.013 94.69465637207031
C03 869.994 89.32589721679688
C03 900.005 82.14014434814453
C03 919.989 74.95831298828125
C03 959.989 53.18040466308594
C03 1000.013 26.817380905151367
C03 1030.002 10.677996635437012
C03 1049.996 5.107815265655518
C03 1080.005 0.6809420432010507
C03 1100.007 0.09262933706956987
C04 319.992 44.18252182006836
C04 330.006 56.89503479003906
C04 349.994 78.65341186523438
C04 370.001 84.70135498046875
C04 400.009 88.64608764648438
C04 429.983 89.75613403320312
C04 449.989 90.67772674560547
C04 469.993 91.41187286376953
C04 500.016 93.8344955444336
C04 549.99 96.9078140258789
C04 569.998 97.74003601074219
C04 599.983 98.56980895996094
C04 630.013 99.0632553100586
C04 649.987 99.32769012451172
C04 670.017 99.37004852294922
C04 699.987 99.0790786743164
C04 720.012 98.97034454345703
C04 749.995 98.291015625
C04 770.007 97.8517837524414
C04 800.008 96.61859893798828
C04 830.013 94.7315902709961
C04 869.994 89.4542007446289
C04 900.005 82.12805938720703
C04 919.989 74.81932067871094
C04 959.989 53.3525390625
C04 1000.013 26.82680320739746
C04 1030.002 10.555805206298828
C04 1049.996 5.069130897521973
C04 1080.005 0.6814027663400698
C04 1100.007 0.09269200977331325
C05 319.992 44.3480110168457
C05 330.006 57.10899353027344
C05 349.994 78.9061508178711
C05 370.001 84.87751770019531
C05 400.009 88.6512680053711
C05 429.983 89.7132568359375
C05 449.989 90.61334991455078
C05 469.993 91.33926391601562
C05 500.016 93.74739074707031
C05 549.99 96.80038452148438
C05 569.998 97.62471771240234
C05 599.983 98.4467544555664
C05 630.013 98.9298095703125
C05 649.987 99.18627166748047
C05 670.017 99.22730255126953
C05 699.987 98.92674255371094
C05 720.012 98.81379699707031
C05 749.995 98.12431335449219
C05 770.007 97.68168640136719
C05 800.008 96.4483642578125
C05 830.013 94.54553985595703
C05 869.994 89.41792297363281
C05 900.005 81.8176498413086
C05 919.989 74.7176284790039
C05 959.989 53.4751091003418
C05 1000.013 26.505033493041992
C05 1030.002 10.48760986328125
C05 1049.996 5.095447063446045
C05 1080.005 0.6802470925071714
C05 1100.007 0.09253480211947711
C06 319.992 44.739280700683594
C06 330.006 57.61073684692383
C06 349.994 79.51908874511719
C06 370.001 85.40664672851562
C06 400.009 89.10743713378906
C06 429.983 90.156494140625
C06 449.989 91.05982208251953
C06 469.993 91.78820037841797
C06 500.016 94.20159912109375
C06 549.99 97.26161193847656
C06 569.998 98.08673095703125
C06 599.983 98.90251922607422
C06 630.013 99.38105010986328
C06 649.987 99.6309585571289
C06 670.017 99.66743469238281
C06 699.987 99.3585433959961
C06 720.012 99.23503875732422
C06 749.995 98.53119659423828
C06 770.007 98.08179473876953
C06 800.008 96.83963012695312
C06 830.013 94.94496154785156
C06 869.994 89.8478775024414
C06 900.005 82.18792724609375
C06 919.989 75.25272369384766
C06 959.989 53.569087982177734
C06 1000.013 26.519807815551758
C06 1030.002 10.579937934875488
C06 1049.996 5.166736602783203
C06 1080.005 0.6830678010863985
C06 1100.007 0.09291850638384005
C07 319.992 44.785789489746094
C07 330.006 57.684452056884766
C07 349.994 79.63259887695312
C07 370.001 85.46839904785156
C07 400.009 89.07235717773438
C07 429.983 90.08824920654297
C07 449.989 90.98363494873047
C07 469.993 91.701904296875
C07 500.016 94.11082458496094
C07 549.99 97.16419982910156
C07 569.998 97.98807525634766
C07 599.983 98.80424499511719
C07 630.013 99.27384185791016
C07 649.987 99.5245132446289
C07 670.017 99.55775451660156
C07 699.987 99.24837493896484
C07 720.012 99.1285400390625
C07 749.995 98.42388153076172
C07 770.007 97.96781158447266
C07 800.008 96.7217025756836
C07 830.013 94.85855102539062
C07 869.994 89.77545166015625
C07 900.005 82.25939178466797
C07 919.989 75.23021697998047
C07 959.989 53.416748046875
C07 1000.013 26.654499053955078
C07 1030.002 10.69190502166748
C07 1049.996 5.22593355178833
C07 1080.005 0.6823238314286004
C07 1100.007 0.09281730332714853
C10 319.992 42.174285888671875
C10 330.006 54.299251556396484
C10 349.994 75.10823059082031
C10 370.001 81.19743347167969
C10 400.009 86.66466522216797
C10 429.983 88.41921997070312
C10 449.989 89.5575942993164
C10 469.993 90.43622589111328
C10 500.016 92.98873138427734
C10 549.99 96.18383026123047
C10 569.998 97.05537414550781
C10 599.983 97.92485809326172
C10 630.013 98.4513168334961
C10 649.987 98.73614501953125
C10 670.017 98.80310821533203
C10 699.987 98.54258728027344
C10 720.012 98.44963836669922
C10 749.995 97.79962158203125
C10 770.007 97.38228607177734
C10 800.008 96.19143676757812
C10 830.013 94.35350036621094
C10 869.994 89.17035675048828
C10 900.005 81.94503021240234
C10 919.989 74.7010269165039
C10 959.989 53.160072326660156
C10 1000.013 26.57032585144043
C10 1030.002 10.667484283447266
C10 1049.996 5.151117324829102
C10 1080.005 0.6779962079290152
C10 1100.007 0.0922286116758461
C11 319.992 42.4914665222168
C11 330.006 54.69500732421875
C11 349.994 75.56694793701172
C11 370.001 81.58827209472656
C11 400.009 86.84303283691406
C11 429.983 88.51482391357422
C11 449.989 89.62287139892578
C11 469.993 90.4853515625
C11 500.016 93.01399993896484
C11 549.99 96.17958068847656
C11 569.998 97.04116821289062
C11 599.983 97.90200805664062
C11 630.013 98.4190673828125
C11 649.987 98.69911193847656
C11 670.017 98.76002502441406
C11 699.987 98.49750518798828
C11 720.012 98.39862823486328
C11 749.995 97.74309539794922
C11 770.007 97.32579040527344
C11 800.008 96.13330841064453
C11 830.013 94.29231262207031
C11 869.994 89.15190887451172
C11 900.005 81.81861114501953
C11 919.989 74.59133911132812
C11 959.989 53.21426773071289
C11 1000.013 26.512720108032227
C11 1030.002 10.58025074005127
C11 1049.996 5.116384029388428
C11 1080.005 0.6776043367272024
C11 1100.007 0.09217530498109433
C12 319.992 42.7109489440918
C12 330.006 54.980098724365234
C12 349.994 75.92032623291016
C12 370.001 81.88806915283203
C12 400.009 86.98040771484375
C12 429.983 88.59224700927734
C12 449.989 89.68704223632812
C12 469.993 90.53195190429688
C12 500.016 93.052001953125
C12 549.99 96.20198822021484
C12 569.998 97.05870056152344
C12 599.983 97.90577697753906
C12 630.013 98.41970825195312
C12 649.987 98.69328308105469
C12 670.017 98.75038146972656
C12 699.987 98.47998046875
C12 720.012 98.38101959228516
C12 749.995 97.72004699707031
C12 770.007 97.2914810180664
C12 800.008 96.09913635253906
C12 830.013 94.25308227539062
C12 869.994 89.13309478759766
C12 900.005 81.81419372558594
C12 919.989 74.5428237915039
C12 959.989 53.21131896972656
C12 1000.013 26.529937744140625
C12 1030.002 10.530512809753418
C12 1049.996 5.086091041564941
C12 1080.005 0.6774445398285119
C12 1100.007 0.09215356762335696
C13 319.992 42.934871673583984
C13 330.006 55.270076751708984
C13 349.994 76.27989196777344
C13 370.001 82.19776916503906
C13 400.009 87.12992858886719
C13 429.983 88.68516540527344
C13 449.989 89.75934600830078
C13 469.993 90.5924301147461
C13 500.016 93.10343933105469
C13 549.99 96.24111938476562
C13 569.998 97.09207916259766
C13 599.983 97.93338012695312
C13 630.013 98.43937683105469
C13 649.987 98.70745086669922
C13 670.017 98.75920867919922
C13 699.987 98.4845962524414
C13 720.012 98.3803939819336
C13 749.995 97.7082290649414
C13 770.007 97.27978515625
C13 800.008 96.08614349365234
C13 830.013 94.23374938964844
C13 869.994 89.18988800048828
C13 900.005 81.71794128417969
C13 919.989 74.57208251953125
C13 959.989 53.30134963989258
C13 1000.013 26.4365234375
C13 1030.002 10.496068954467773
C13 1049.996 5.0867509841918945
C13 1080.005 0.6773626061986748
C13 1100.007 0.09214242209652206
C14 319.992 43.12983703613281
C14 330.006 55.52289581298828
C14 349.994 76.60054779052734
C14 370.001 82.47209167480469
C14 400.009 87.27718353271484
C14 429.983 88.78472137451172
C14 449.989 89.84321594238281
C14 469.993 90.66734313964844
C14 500.016 93.16541290283203
C14 549.99 96.29638671875
C14 569.998 97.13731384277344
C14 599.983 97.97476196289062
C14 630.013 98.47132110595703
C14 649.987 98.73788452148438
C14 670.017 98.78868865966797
C14 699.987 98.5052490234375
C14 720.012 98.39268493652344
C14 749.995 97.7217025756836
C14 770.007 97.28605651855469
C14 800.008 96.08761596679688
C14 830.013 94.23441314697266
C14 869.994 89.24806213378906
C14 900.005 81.6871109008789
C14 919.989 74.56575775146484
C14 959.989 53.15512466430664
C14 1000.013 26.353967666625977
C14 1030.002 10.454055786132812
C14 1049.996 5.085582733154297
C14 1080.005 0.6774560051807281
C14 1100.007 0.09215512726853625
C15 319.992 43.370323181152344
C15 330.006 55.837196350097656
C15 349.994 76.99951934814453
C15 370.001 82.81487274169922
C15 400.009 87.45053100585938
C15 429.983 88.89324951171875
C15 449.989 89.93143463134766
C15 469.993 90.74534606933594
C15 500.016 93.22859954833984
C15 549.99 96.34313201904297
C15 569.998 97.17736053466797
C15 599.983 98.00782012939453
C15 630.013 98.50148010253906
C15 649.987 98.76042938232422
C15 670.017 98.8042221069336
C15 699.987 98.51363372802734
C15 720.012 98.40095520019531
C15 749.995 97.71859741210938
C15 770.007 97.28280639648438
C15 800.008 96.07795715332031
C15 830.013 94.25749206542969
C15 869.994 89.25366973876953
C15 900.005 81.84835815429688
C15 919.989 74.84046173095703
C15 959.989 53.400146484375
C15 1000.013 26.322105407714844
C15 1030.002 10.521446228027344
C15 1049.996 5.108675003051758
C15 1080.005 0.6774344725533391
C15 1100.007 0.09215219816022178
C16 319.992 43.54542922973633
C16 330.006 56.061378479003906
C16 349.994 77.26274871826172
C16 370.001 83.0118637084961
C16 400.009 87.53719329833984
C16 429.983 88.94961547851562
C16 449.989 89.98412322998047
C16 469.993 90.7864761352539
C16 500.016 93.26506042480469
C16 549.99 96.36559295654297
C16 569.998 97.20048522949219
C16 599.983 98.02267456054688
C16 630.013 98.5068359375
C16 649.987 98.76470184326172
C16 670.017 98.80159759521484
C16 699.987 98.5068588256836
C16 720.012 98.39037322998047
C16 749.995 97.69906616210938
C16 770.007 97.26304626464844
C16 800.008 96.05036926269531
C16 830.013 94.23878479003906
C16 869.994 89.25221252441406
C16 900.005 81.8484878540039
C16 919.989 74.76189422607422
C16 959.989 53.23405838012695
C16 1000.013 26.54298973083496
C16 1030.002 10.56749439239502
C16 1049.996 5.157792091369629
C16 1080.005 0.6772990671522893
C16 1100.007 0.09213377880623988
C17 319.992 43.68232727050781
C17 330.006 56.24250793457031
C17 349.994 77.5075912475586
C17 370.001 83.21493530273438
C17 400.009 87.63085174560547
C17 429.983 89.00569915771484
C17 449.989 90.02297973632812
C17 469.993 90.82295989990234
C17 500.016 93.29489135742188
C17 549.99 96.38373565673828
C17 569.998 97.21858215332031
C17 599.983 98.03710174560547
C17 630.013 98.51826477050781
C17 649.987 98.769775390625
C17 670.017 98.803955078125
C17 699.987 98.50355529785156
C17 720.012 98.37862396240234
C17 749.995 97.68748474121094
C17 770.007 97.24400329589844
C17 800.008 96.0268325805664
C17 830.013 94.231689453125
C17 869.994 89.31494903564453
C17 900.005 81.89596557617188
C17 919.989 74.66492462158203
C17 959.989 52.83974838256836
C17 1000.013 26.517030715942383
C17 1030.002 10.601607322692871
C17 1049.996 5.185239315032959
C17 1080.005 0.6772187716982863
C17 1100.007 0.09212285612236645
