lsstCam/transmission_sensor/r21_s22/19700101T000000.ecsv
# %ECSV 1.0
# ---
# datatype:
# - {name: amp_name, datatype: string}
# - {name: wavelength, unit: nm, datatype: float32}
# - {name: efficiency, unit: '%', datatype: float64}
# meta: !!omap
# - {MODE: AMP}
# - {TYPE: transmission_sensor}
# - {CALIBDATE: '1970-01-01T00:00:00'}
# - {INSTRUME: LSSTCAM}
# - {OBSTYPE: transmission_sensor}
# - {DETECTOR: 89}
# - {PARQUETFILE: qe_raft_allvalues_nircorrected_20230725.parquet}
# - {CALIBCLS: lsst.ip.isr.IntermediateSensorTransmissionCurve}
# - {CALIB_ID: 'raftName=R21 detectorName=S22 detector=89 calibDate=1970-01-01T00:00:00 ccd=89 ccdnum=89 filter=None'}
# - {DATE: '2024-01-18T22:42:25.288905'}
# - {CALIB_CREATION_DATE: '2024-01-18'}
# - {CALIB_CREATION_TIME: '22:42:25'}
# - __serialized_columns__:
#     efficiency:
#       __class__: astropy.units.quantity.Quantity
#       unit: !astropy.units.Unit {unit: '%'}
#       value: !astropy.table.SerializedColumn {name: efficiency}
#     wavelength:
#       __class__: astropy.units.quantity.Quantity
#       unit: !astropy.units.Unit {unit: nm}
#       value: !astropy.table.SerializedColumn {name: wavelength}
# schema: astropy-2.0
amp_name wavelength efficiency
C00 319.992 43.44721472053625
C00 330.006 54.2561407761221
C00 349.994 73.2520159283909
C00 370.001 79.0036452828111
C00 400.009 85.93190124963732
C00 429.983 87.72389768607759
C00 449.989 89.22457039925976
C00 469.993 90.66981486829108
C00 500.016 93.19604929003819
C00 549.99 96.4804043887648
C00 569.998 97.50525646088448
C00 599.983 98.59611426215265
C00 630.013 99.23316239687868
C00 649.987 99.51134090623594
C00 670.017 99.50337058940984
C00 699.987 99.03885975229409
C00 720.012 98.79290190420635
C00 749.995 98.80356813996544
C00 770.007 98.78263029273855
C00 800.008 97.86365684791646
C00 830.013 95.9123479843279
C00 869.994 90.63735725600563
C00 900.005 82.4806605454613
C00 919.989 73.87848972440901
C00 959.989 51.77787005271883
C00 1000.013 25.682996297484678
C00 1030.002 9.332415718321604
C00 1049.996 3.9944189963030343
C00 1080.005 0.5988149691282415
C00 1100.007 0.11511414562336085
C01 319.992 43.67297368814844
C01 330.006 54.534169200736685
C01 349.994 73.60583013730317
C01 370.001 79.3404912031681
C01 400.009 86.11641572420668
C01 429.983 87.8318835267371
C01 449.989 89.31353813953913
C01 469.993 90.74401265948158
C01 500.016 93.24785270586929
C01 549.99 96.51531055673681
C01 569.998 97.53264235025102
C01 599.983 98.61888115017241
C01 630.013 99.2485082008275
C01 649.987 99.5278662607436
C01 670.017 99.51374408948003
C01 699.987 99.04950981825674
C01 720.012 98.80305519439652
C01 749.995 98.81269252106786
C01 770.007 98.7940438968231
C01 800.008 97.87126885048312
C01 830.013 95.92491379566657
C01 869.994 90.66213494004985
C01 900.005 82.50936273040543
C01 919.989 73.90262242837036
C01 959.989 51.86400582674543
C01 1000.013 25.768670018526915
C01 1030.002 9.292807708666086
C01 1049.996 3.967762825025092
C01 1080.005 0.5988702703796029
C01 1100.007 0.11512477654715293
C02 319.992 44.0182261568349
C02 330.006 54.966917882092574
C02 349.994 74.11916952669853
C02 370.001 79.7743377049333
C02 400.009 86.4242878108053
C02 429.983 88.1029918078567
C02 449.989 89.5718999744052
C02 469.993 90.99189105902643
C02 500.016 93.49168405760535
C02 549.99 96.7492047464515
C02 569.998 97.76991546698738
C02 599.983 98.84813414661207
C02 630.013 99.46401599876866
C02 649.987 99.74048942423487
C02 670.017 99.72362564256046
C02 699.987 99.24632976038717
C02 720.012 98.99219931931431
C02 749.995 99.0009251238106
C02 770.007 98.97551248987297
C02 800.008 98.04010987489374
C02 830.013 96.10373495702477
C02 869.994 90.84026765511793
C02 900.005 82.73779803919575
C02 919.989 74.12387907740018
C02 959.989 51.99134393258961
C02 1000.013 25.842743969138812
C02 1030.002 9.32845234858202
C02 1049.996 3.9572999245564926
C02 1080.005 0.6000110783754155
C02 1100.007 0.1153440815821447
C03 319.992 44.180802844638684
C03 330.006 55.17121737562836
C03 349.994 74.35005627578651
C03 370.001 79.9317965132605
C03 400.009 86.45332278065791
C03 429.983 88.08565287712506
C03 449.989 89.54232203004976
C03 469.993 90.9535073861042
C03 500.016 93.4430075626006
C03 549.99 96.68487222159303
C03 569.998 97.69596516746012
C03 599.983 98.76528563242655
C03 630.013 99.37793239758601
C03 649.987 99.647297763488
C03 670.017 99.62675782234791
C03 699.987 99.14299203283278
C03 720.012 98.8865928960289
C03 749.995 98.88193950761628
C03 770.007 98.85055666083099
C03 800.008 97.91597389401235
C03 830.013 95.97819283574259
C03 869.994 90.74138167741373
C03 900.005 82.6465789796368
C03 919.989 74.04817986484933
C03 959.989 51.91130379500091
C03 1000.013 25.88369018305908
C03 1030.002 9.277990025688199
C03 1049.996 3.9109877980275636
C03 1080.005 0.599289935756556
C03 1100.007 0.11520545158669977
C04 319.992 44.43431459700611
C04 330.006 55.48994795021528
C04 349.994 74.72676127531881
C04 370.001 80.23978293569907
C04 400.009 86.63530955754366
C04 429.983 88.22842907231053
C04 449.989 89.67935392990672
C04 469.993 91.0864324249327
C04 500.016 93.57234492038128
C04 549.99 96.8067008449626
C04 569.998 97.80879167235523
C04 599.983 98.87136785149544
C04 630.013 99.47895574799492
C04 649.987 99.74264990173657
C04 670.017 99.7129229465471
C04 699.987 99.21593046880511
C04 720.012 98.95636911343657
C04 749.995 98.9488439552453
C04 770.007 98.90989969017605
C04 800.008 97.96580002056916
C04 830.013 96.01562735432141
C04 869.994 90.87171834071427
C04 900.005 82.63441950893568
C04 919.989 73.91087518003735
C04 959.989 52.07933036715966
C04 1000.013 25.892784432531528
C04 1030.002 9.171819280418783
C04 1049.996 3.881367679860411
C04 1080.005 0.5996954133491663
C04 1100.007 0.11528339921501427
C05 319.992 44.60074690392504
C05 330.006 55.69862273884864
C05 349.994 74.96688262454926
C05 370.001 80.40666643355435
C05 400.009 86.64037240924627
C05 429.983 88.18628167148364
C05 449.989 89.61568589560282
C05 469.993 91.01408197628925
C05 500.016 93.48548347251176
C05 549.99 96.69938343203378
C05 569.998 97.6933922528472
C05 599.983 98.74793688111872
C05 630.013 99.34495002814036
C05 649.987 99.60064064297266
C05 670.017 99.56968443266291
C05 699.987 99.06338393575184
C05 720.012 98.79984367285628
C05 749.995 98.78102600315093
C05 770.007 98.73796299891572
C05 800.008 97.79319167375003
C05 830.013 95.82705512336439
C05 869.994 90.83486570148051
C05 900.005 82.32209613460127
C05 919.989 73.81041771248555
C05 959.989 52.19897538511092
C05 1000.013 25.582217653988714
C05 1030.002 9.112565121242923
C05 1049.996 3.9015176262595994
C05 1080.005 0.5986783169545635
C05 1100.007 0.11508787607595221
C06 319.992 44.99424640344947
C06 330.006 56.18797494028491
C06 349.994 75.54922056869829
C06 370.001 80.90792403902228
C06 400.009 87.08619415615392
C06 429.983 88.62197480287851
C06 449.989 90.0572423506235
C06 469.993 91.46142015528751
C06 500.016 93.93842289945971
C06 549.99 97.1601296063963
C06 569.998 98.15573050274115
C06 599.983 99.20509599255551
C06 630.013 99.79808411428739
C06 649.987 100.04718529426272
C06 670.017 100.01133524118588
C06 699.987 99.49578119779503
C06 720.012 99.2210259502947
C06 749.995 99.19063237400422
C06 770.007 99.14239789013641
C06 800.008 98.18991315711274
C06 830.013 96.2318907670654
C06 869.994 91.27163341631089
C06 900.005 82.69465648279406
C06 919.989 74.33901587770525
C06 959.989 52.29071154838773
C06 1000.013 25.596477584436805
C06 1030.002 9.192787934246958
C06 1049.996 3.9561031004738574
C06 1080.005 0.6011607929304725
C06 1100.007 0.1155650987836833
C07 319.992 45.04102024250612
C07 330.006 56.25986967027263
C07 349.994 75.65706388182204
C07 370.001 80.96642360730468
C07 400.009 87.05190992621495
C07 429.983 88.55489143981862
C07 449.989 89.98189404645677
C07 469.993 91.3754313011732
C07 500.016 93.84790196517297
C07 549.99 97.06281913638173
C07 569.998 98.05700540226756
C07 599.983 99.10652110698155
C07 630.013 99.69042598294006
C07 649.987 99.94029528680298
C07 670.017 99.90127661608705
C07 699.987 99.38546057189782
C07 720.012 99.11454227053156
C07 749.995 99.08259908731502
C07 770.007 99.02718218403956
C07 800.008 98.07034128346136
C07 830.013 96.14430899523651
C07 869.994 91.19805989281014
C07 900.005 82.76656163560806
C07 919.989 74.31678243714123
C07 959.989 52.14200706387484
C07 1000.013 25.726479328363048
C07 1030.002 9.290074864551272
C07 1049.996 4.00142943535449
C07 1080.005 0.6005060330535075
C07 1100.007 0.11543922997994412
C10 319.992 42.414633884255316
C10 330.006 52.95827050144631
C10 349.994 71.35856772225608
C10 370.001 76.92042752097409
C10 400.009 84.69883216014868
C10 429.983 86.91427011471303
C10 449.989 88.57155427827952
C10 469.993 90.11425890675216
C10 500.016 92.72894361837331
C10 549.99 96.083472481745
C10 569.998 97.12364817869664
C10 599.983 98.22444385863814
C10 630.013 98.86444938597478
C10 649.987 99.14863350778649
C10 670.017 99.14402642240312
C10 699.987 98.67869805242943
C10 720.012 98.43573646469129
C10 749.995 98.45416117911286
C10 770.007 98.43532511709788
C10 800.008 97.53268171599085
C10 830.013 95.63241263892992
C10 869.994 90.58337647109225
C10 900.005 82.45026186870851
C10 919.989 73.79401772378476
C10 959.989 51.891456670862844
C10 1000.013 25.645236752762145
C10 1030.002 9.268855962414221
C10 1049.996 3.9441436222399373
C10 1080.005 0.5966973370933444
C10 1100.007 0.11470705926946305
C11 319.992 42.733622105715575
C11 330.006 53.34425263571332
C11 349.994 71.79438431061243
C11 370.001 77.29067905099271
C11 400.009 84.8731538242947
C11 429.983 87.00824681929699
C11 449.989 88.63611266907168
C11 469.993 90.16320968313286
C11 500.016 92.75414157890093
C11 549.99 96.07922734297637
C11 569.998 97.10943225285318
C11 599.983 98.201523915909
C11 630.013 98.83206460649818
C11 649.987 99.11144571419348
C11 670.017 99.10079457377115
C11 699.987 98.63355369104255
C11 720.012 98.38473353590724
C11 749.995 98.39725668451024
C11 770.007 98.3782185372018
C11 800.008 97.47374284652395
C11 830.013 95.57039552696915
C11 869.994 90.56463626464277
C11 900.005 82.32306336522521
C11 919.989 73.6856617322631
C11 959.989 51.94435875203161
C11 1000.013 25.589636646979393
C11 1030.002 9.193059727112228
C11 1049.996 3.9175487891090004
C11 1080.005 0.5963524553670595
C11 1100.007 0.11464076038364829
C12 319.992 42.95435534094881
C12 330.006 53.622303383262064
C12 349.994 72.13012073871204
C12 370.001 77.57468455329773
C12 400.009 85.00741259860554
C12 429.983 87.08435212598583
C12 449.989 88.69957697773843
C12 469.993 90.20964412048856
C12 500.016 92.79203742473068
C12 549.99 96.10161149479597
C12 569.998 97.12697693469435
C12 599.983 98.2053043672306
C12 630.013 98.83270816492639
C12 649.987 99.10559250564279
C12 670.017 99.09111774418538
C12 699.987 98.61600476599506
C12 720.012 98.36712737981487
C12 749.995 98.37405402852502
C12 770.007 98.34353814695298
C12 800.008 97.43909431045067
C12 830.013 95.53063343349007
C12 869.994 90.5455240441695
C12 900.005 82.31861871021515
C12 919.989 73.63773547851848
C12 959.989 51.94148036048213
C12 1000.013 25.606254823090275
C12 1030.002 9.149843004260829
C12 1049.996 3.8943538418406307
C12 1080.005 0.596211819795932
C12 1100.007 0.11461372508151119
C13 319.992 43.179554188769146
C13 330.006 53.90512007725639
C13 349.994 72.47173570740469
C13 370.001 77.86807137999497
C13 400.009 85.15354185879347
C13 429.983 87.17568899336496
C13 449.989 88.77108467637532
C13 469.993 90.26990701913273
C13 500.016 92.84333109921052
C13 549.99 96.1407018300642
C13 569.998 97.16037901609347
C13 599.983 98.23299196415681
C13 630.013 98.85245927954448
C13 649.987 99.11981947982949
C13 670.017 99.09997541177299
C13 699.987 98.62062692518258
C13 720.012 98.36650185780466
C13 749.995 98.36215700299668
C13 770.007 98.33171581245188
C13 800.008 97.42592028568336
C13 830.013 95.5110385006087
C13 869.994 90.60321721902882
C13 900.005 82.22177282488352
C13 919.989 73.66663895125171
C13 959.989 52.02936253248635
C13 1000.013 25.516092887429856
C13 1030.002 9.119915129520178
C13 1049.996 3.894859151337387
C13 1080.005 0.5961397108694063
C13 1100.007 0.11459986310761816
C14 319.992 43.37563064385005
C14 330.006 54.1516954876236
C14 349.994 72.7763832814925
C14 370.001 78.12794418419091
C14 400.009 85.29745658738247
C14 429.983 87.273550458381
C14 449.989 88.85403119226805
C14 469.993 90.34455334205278
C14 500.016 92.90513153199008
C14 549.99 96.1959114983588
C14 569.998 97.20564551680555
C14 599.983 98.27450040133974
C14 630.013 98.8845376026267
C14 649.987 99.15038027683042
C14 670.017 99.12955711234213
C14 699.987 98.64130822257204
C14 720.012 98.37879107681022
C14 749.995 98.37572068736276
C14 770.007 98.33805498985559
C14 800.008 97.42741329025183
C14 830.013 95.51171125481576
C14 869.994 90.6623131967696
C14 900.005 82.19075235701531
C14 919.989 73.66039097761524
C14 959.989 51.88662707986715
C14 1000.013 25.436411429957015
C14 1030.002 9.083410364622079
C14 1049.996 3.8939646366935627
C14 1080.005 0.5962219103319205
C14 1100.007 0.11461566485170581
C15 319.992 43.61748730082262
C15 330.006 54.45823401966396
C15 349.994 73.15543679785851
C15 370.001 78.45266954907352
C15 400.009 85.46687198286823
C15 429.983 87.38023137951312
C15 449.989 88.94127858272266
C15 469.993 90.42227856921791
C15 500.016 92.96814164946888
C15 549.99 96.24260802481395
C15 569.998 97.24572037972302
C15 599.983 98.30765970412615
C15 630.013 98.91482315580176
C15 649.987 99.17301932299179
C15 670.017 99.14514415746602
C15 699.987 98.64970450843498
C15 720.012 98.38706017265255
C15 749.995 98.37259474198507
C15 770.007 98.33476972273397
C15 800.008 97.41761979914472
C15 830.013 95.53510299592315
C15 869.994 90.6680096615092
C15 900.005 82.35299377953308
C15 919.989 73.9317595406485
C15 959.989 52.12580168221464
C15 1000.013 25.40565850739888
C15 1030.002 9.14196515435194
C15 1049.996 3.911646087783814
C15 1080.005 0.5962029596928559
C15 1100.007 0.11461202184553962
C16 319.992 43.79359126524335
C16 330.006 54.67687971889384
C16 349.994 73.40552484661478
C16 370.001 78.63928418374753
C16 400.009 85.55156849610809
C16 429.983 87.4356379626642
C16 449.989 88.99338707346725
C16 469.993 90.46326220572489
C16 500.016 93.00450066316499
C16 549.99 96.26504552667194
C16 569.998 97.26886134171633
C16 599.983 98.32255958008396
C16 630.013 98.9202014655232
C16 649.987 99.17730963292423
C16 670.017 99.14251058992053
C16 699.987 98.64292024833826
C16 720.012 98.37647969669929
C16 749.995 98.3529327759731
C16 770.007 98.31479591558598
C16 800.008 97.3896472368672
C16 830.013 95.51614215321395
C16 869.994 90.66652935570612
C16 900.005 82.35312427890298
C16 919.989 73.85414599118128
C16 959.989 51.9636771160144
C16 1000.013 25.61885238364492
C16 1030.002 9.181975881484657
C16 1049.996 3.9492544042743254
C16 1080.005 0.5960837908224558
C16 1100.007 0.11458911322867424
C17 319.992 43.93126947736819
C17 330.006 54.85353597894749
C17 349.994 73.63814398929307
C17 370.001 78.83165915396901
C17 400.009 85.64310246886383
C17 429.983 87.49076706292728
C17 449.989 89.03181576494742
C17 469.993 90.49961608251515
C17 500.016 93.03424825545456
C17 549.99 96.2831692968548
C17 569.998 97.28697099590573
C17 599.983 98.33703090285552
C17 630.013 98.9316782574929
C17 649.987 99.18240437596901
C17 670.017 99.14487620727971
C17 699.987 98.63961215754784
C17 720.012 98.3647320882148
C17 749.995 98.34127384456444
C17 770.007 98.29554702653526
C17 800.008 97.36578237109671
C17 830.013 95.50895064272474
C17 869.994 90.73026000816022
C17 900.005 82.40089472471931
C17 919.989 73.75835377776816
C17 959.989 51.57877695960626
C17 1000.013 25.593797174065976
C17 1030.002 9.211616219261137
C17 1049.996 3.9702703868919427
C17 1080.005 0.5960131236372651
C17 1100.007 0.11457552841021407
