lsstCam/transmission_sensor/r21_s22/19700101T000000.ecsv
# %ECSV 1.0
# ---
# datatype:
# - {name: amp_name, datatype: string}
# - {name: wavelength, unit: nm, datatype: float32}
# - {name: efficiency, unit: '%', datatype: float64}
# meta: !!omap
# - {MODE: AMP}
# - {TYPE: transmission_sensor}
# - {CALIBDATE: '1970-01-01T00:00:00'}
# - {INSTRUME: LSSTCam}
# - {OBSTYPE: transmission_sensor}
# - {DETECTOR: 89}
# - {PARQUETFILE: qe_raft_allvalues_nircorrected_20230725_adjust.parquet}
# - {CORRFILE: qe_corr_factor_bydetnum.parquet}
# - {CALIBCLS: lsst.ip.isr.IntermediateSensorTransmissionCurve}
# - {CALIB_ID: 'raftName=R21 detectorName=S22 detector=89 calibDate=1970-01-01T00:00:00 ccd=89 ccdnum=89 filter=None'}
# - {DATE: '2025-03-03T21:56:47.875462'}
# - {CALIB_CREATION_DATE: '2025-03-03'}
# - {CALIB_CREATION_TIME: '21:56:47'}
# - __serialized_columns__:
#     efficiency:
#       __class__: astropy.units.quantity.Quantity
#       unit: !astropy.units.Unit {unit: '%'}
#       value: !astropy.table.SerializedColumn {name: efficiency}
#     wavelength:
#       __class__: astropy.units.quantity.Quantity
#       unit: !astropy.units.Unit {unit: nm}
#       value: !astropy.table.SerializedColumn {name: wavelength}
# schema: astropy-2.0
amp_name wavelength efficiency
C00 319.992 43.124060878019534
C00 330.006 55.53089131010646
C00 349.994 76.96383196430908
C00 370.001 83.24792900983866
C00 400.009 87.76972896804652
C00 429.983 89.08389690579095
C00 449.989 90.0571738326209
C00 469.993 90.831678270345
C00 500.016 93.29066912408067
C00 549.99 96.40913530920115
C00 569.998 97.26314874256758
C00 599.983 98.12029988725631
C00 630.013 98.6424622692703
C00 649.987 98.92081991206031
C00 670.017 98.9845794246578
C00 699.987 98.72607618336583
C00 720.012 98.63084816789534
C00 749.995 97.97187547958642
C00 770.007 97.55179533680518
C00 800.008 96.34593175030882
C00 830.013 94.4611268369428
C00 869.994 89.06456037897716
C00 900.005 81.82921892811125
C00 919.989 74.65331882887257
C00 959.989 52.94922127473242
C00 1000.013 26.56204768516025
C00 1030.002 10.72150246971344
C00 1049.996 5.207485079679204
C00 1080.005 0.679190352696497
C00 1100.007 0.09239105257559868
C01 319.992 43.348140684416535
C01 330.006 55.81545202540133
C01 349.994 77.33557459795794
C01 370.001 83.60287117946578
C01 400.009 87.95818965829226
C01 429.983 89.1935568701831
C01 449.989 90.14697177971084
C01 469.993 90.90600851914473
C01 500.016 93.34252513474433
C01 549.99 96.44401569234692
C01 569.998 97.29046663216232
C01 599.983 98.14295690469271
C01 630.013 98.65771672504344
C01 649.987 98.93724720167722
C01 670.017 98.9948988393221
C01 699.987 98.73669261439316
C01 720.012 98.64098480325933
C01 749.995 97.98092305495261
C01 770.007 97.56306672699203
C01 800.008 96.35342570162224
C01 830.013 94.47350251873578
C01 869.994 89.08890810494158
C01 900.005 81.85769441994138
C01 919.989 74.6777046338579
C01 959.989 53.03730566588178
C01 1000.013 26.650653758895963
C01 1030.002 10.675998991711664
C01 1049.996 5.172733689216728
C01 1080.005 0.6792530767070062
C01 1100.007 0.09239958499560391
C02 319.992 43.69082521721546
C02 330.006 56.258368157017195
C02 349.994 77.87492585000687
C02 370.001 84.06002505699672
C02 400.009 88.2726462128969
C02 429.983 89.468868191301
C02 449.989 90.40774453064853
C02 469.993 91.15432943024764
C02 500.016 93.58660404291881
C02 549.99 96.67773710683619
C02 569.998 97.52715059447773
C02 599.983 98.371103550522
C02 630.013 98.87194168083114
C02 649.987 99.14860861509312
C02 670.017 99.20368611092506
C02 699.987 98.93289096168608
C02 720.012 98.82981866790989
C02 749.995 98.16757118380343
C02 770.007 97.7422742151587
C02 800.008 96.51964824366149
C02 830.013 94.64961799040525
C02 869.994 89.26394974822163
C02 900.005 82.08432552073879
C02 919.989 74.901281797179
C02 959.989 53.16752449365866
C02 1000.013 26.72726303709666
C02 1030.002 10.716949170789144
C02 1049.996 5.159093307942047
C02 1080.005 0.680547008597458
C02 1100.007 0.09257560005359958
C03 319.992 43.85219268408977
C03 330.006 56.467467676591546
C03 349.994 78.117512060562
C03 370.001 84.22594296686876
C03 400.009 88.302302154375
C03 429.983 89.45126045203614
C03 449.989 90.37789057826176
C03 469.993 91.1158772349413
C03 500.016 93.53787812777324
C03 549.99 96.61345210375026
C03 569.998 97.45338391518733
C03 599.983 98.28865485446605
C03 630.013 98.78637050506127
C03 649.987 99.05596997304394
C03 670.017 99.10732334063171
C03 699.987 98.82987959434334
C03 720.012 98.7243854748378
C03 749.995 98.04958714544222
C03 770.007 97.61887534002527
C03 800.008 96.3974374339802
C03 830.013 94.52597540953806
C03 869.994 89.16677970268516
C03 900.005 81.99382691966427
C03 919.989 74.82478865999205
C03 959.989 53.08567363823088
C03 1000.013 26.769610716241225
C03 1030.002 10.658975765417646
C03 1049.996 5.098716640363903
C03 1080.005 0.6797290712797575
C03 1100.007 0.09246433509021607
C04 319.992 44.10381885420693
C04 330.006 56.79368684075266
C04 349.994 78.51330540381227
C04 370.001 84.55047523040393
C04 400.009 88.48818108700361
C04 429.983 89.59625013202071
C04 449.989 90.5162011979802
C04 469.993 91.24903957103386
C04 500.016 93.66734679883835
C04 549.99 96.73519073357238
C04 569.998 97.56593026936382
C04 599.983 98.39422513201339
C04 630.013 98.88679249898273
C04 649.987 99.15075627187197
C04 670.017 99.193039216681
C04 699.987 98.90258767685268
C04 720.012 98.79404723567502
C04 749.995 98.11592841565681
C04 770.007 97.67747895319269
C04 800.008 96.44649082870552
C04 830.013 94.5628435175749
C04 869.994 89.29485468158529
C04 900.005 81.98176348584268
C04 919.989 74.68604393943532
C04 959.989 53.25750141214683
C04 1000.013 26.779016234403894
C04 1030.002 10.537001997641465
C04 1049.996 5.060101181255447
C04 1080.005 0.680188973725978
C04 1100.007 0.0925268961541648
C05 319.992 44.26901326268184
C05 330.006 57.00726445318503
C05 349.994 78.7655941488931
C05 370.001 84.72632414892709
C05 400.009 88.49335221804203
C05 429.983 89.55344931252742
C05 449.989 90.45193904230682
C05 469.993 91.17655996264995
C05 500.016 93.58039716251186
C05 549.99 96.62795259490956
C05 569.998 97.45081738917857
C05 599.983 98.27138982638931
C05 630.013 98.75358446806507
C05 649.987 99.0095897255859
C05 670.017 99.05054752046756
C05 699.987 98.7505229147846
C05 720.012 98.63777854969942
C05 749.995 97.94952309431723
C05 770.007 97.50768459899288
C05 800.008 96.27655939003046
C05 830.013 94.37712451683407
C05 869.994 89.25864153270795
C05 900.005 81.67190687696294
C05 919.989 74.58453288551608
C05 959.989 53.37985311420546
C05 1000.013 26.45781969309969
C05 1030.002 10.468928131975842
C05 1049.996 5.0863704698121115
C05 1080.005 0.6790353585116118
C05 1100.007 0.09236996853659873
C06 319.992 44.6595859721665
C06 330.006 57.50811400720045
C06 349.994 79.37744024093432
C06 370.001 85.2545106320477
C06 400.009 88.94870876578642
C06 429.983 89.9958970721862
C06 449.989 90.89761590293804
C06 469.993 91.62469672803141
C06 500.016 94.03379644858191
C06 549.99 97.08835842082549
C06 569.998 97.91200764292508
C06 599.983 98.72634273651214
C06 630.013 99.204021206309
C06 649.987 99.45348448803894
C06 670.017 99.48989564782497
C06 699.987 99.1815545839771
C06 720.012 99.05826994590639
C06 749.995 98.35568154705688
C06 770.007 97.90708021762042
C06 800.008 96.66712829161303
C06 830.013 94.77583471308539
C06 869.994 89.68783017728883
C06 900.005 82.04152470124549
C06 919.989 75.1186749275057
C06 959.989 53.473664590098416
C06 1000.013 26.472567697894846
C06 1030.002 10.561091738239279
C06 1049.996 5.157533020060608
C06 1080.005 0.6818510425218041
C06 1100.007 0.0927529893029997
C07 319.992 44.70601191444961
C07 330.006 57.58169790719052
C07 349.994 79.49074817552885
C07 370.001 85.31615295108305
C07 400.009 88.91369129816539
C07 429.983 89.9277737037934
C07 449.989 90.82156448239355
C07 469.993 91.53855436694802
C07 500.016 93.94318361044469
C07 549.99 96.9911198330514
C07 569.998 97.8135276790696
C07 599.983 98.62824356286568
C07 630.013 99.0970039259674
C07 649.987 99.34722878811537
C07 670.017 99.38041084692895
C07 699.987 99.07158237161356
C07 720.012 98.95196093535357
C07 749.995 98.24855764545676
C07 770.007 97.79330010316671
C07 800.008 96.54941080639811
C07 830.013 94.6895781149393
C07 869.994 89.61553334820523
C07 900.005 82.11286193900239
C07 919.989 75.0962083051738
C07 959.989 53.32159602012825
C07 1000.013 26.607019008844926
C07 1030.002 10.672859376438335
C07 1049.996 5.216624520683326
C07 1080.005 0.6811083981079298
C07 1100.007 0.09265196652077844
C10 319.992 42.0991602225534
C10 330.006 54.202527513369965
C10 349.994 74.97443921213497
C10 370.001 81.05279530773372
C10 400.009 86.51028819914175
C10 429.983 88.26171753389816
C10 449.989 89.39806405983673
C10 469.993 90.27513053245694
C10 500.016 92.82308921062689
C10 549.99 96.01249661168687
C10 569.998 96.88248800222358
C10 599.983 97.75042312563161
C10 630.013 98.27594407728913
C10 649.987 98.56026489475231
C10 670.017 98.62710880804282
C10 699.987 98.36705194269807
C10 720.012 98.27426860036945
C10 749.995 97.62540970001197
C10 770.007 97.20881759554531
C10 800.008 96.02008956845464
C10 830.013 94.18542710981171
C10 869.994 89.01151630286137
C10 900.005 81.79906034355724
C10 919.989 74.56796089561975
C10 959.989 53.06537752009037
C10 1000.013 26.52299574527471
C10 1030.002 10.648482139232714
C10 1049.996 5.141941564952486
C10 1080.005 0.6767884834667464
C10 1100.007 0.09206432351443847
C11 319.992 42.415775857643155
C11 330.006 54.59757831571264
C11 349.994 75.43233943847558
C11 370.001 81.44293772428219
C11 400.009 86.68833808507301
C11 429.983 88.35715117608152
C11 449.989 89.46322488040339
C11 469.993 90.3241686955739
C11 500.016 92.84831275407204
C11 549.99 96.00825460875845
C11 569.998 96.86830737483987
C11 599.983 97.72761379211161
C11 630.013 98.243752073019
C11 649.987 98.52329778126112
C11 670.017 98.58410236183666
C11 699.987 98.32205015579667
C11 720.012 98.22334933361996
C11 749.995 97.56898420684013
C11 770.007 97.15242256559019
C11 800.008 95.96206475640493
C11 830.013 94.1243483602857
C11 869.994 88.9931012883534
C11 900.005 81.67286646828966
C11 919.989 74.45846847891956
C11 959.989 53.11947638508514
C11 1000.013 26.465492615811343
C11 1030.002 10.56140398621067
C11 1049.996 5.107270140433903
C11 1080.005 0.6763973103107795
C11 1100.007 0.09201111177567392
C12 319.992 42.63486731230206
C12 330.006 54.88216187842004
C12 349.994 75.78508825649878
C12 370.001 81.74220074954712
C12 400.009 86.82546825514352
C12 429.983 88.43443635690322
C12 449.989 89.52728140936391
C12 469.993 90.37068602750719
C12 500.016 92.88624707469413
C12 549.99 96.030622225636
C12 569.998 96.8858084928462
C12 599.983 97.73137599937668
C12 630.013 98.24439180057014
C12 649.987 98.51747930686737
C12 670.017 98.57447598535275
C12 699.987 98.30455665359452
C12 720.012 98.20577205757183
C12 749.995 97.54597686241144
C12 770.007 97.11817429419138
C12 800.008 95.92795356948135
C12 830.013 94.08518789519059
C12 869.994 88.97432071524477
C12 900.005 81.66845691766926
C12 919.989 74.41003958013702
C12 959.989 53.116532876769455
C12 1000.013 26.48267958189524
C12 1030.002 10.511754654808243
C12 1049.996 5.077031113948256
C12 1080.005 0.6762377980606186
C12 1100.007 0.09198941313900663
C13 319.992 42.858391164993904
C13 330.006 55.17162336370493
C13 349.994 76.14401349171219
C13 370.001 82.05134908863809
C13 400.009 86.97472278546907
C13 429.983 88.5271892360151
C13 449.989 89.59945638558062
C13 469.993 90.43105650724443
C13 500.016 92.93759282647771
C13 549.99 96.06968368527676
C13 569.998 96.91912763613502
C13 599.983 97.75892997890101
C13 630.013 98.26402534374695
C13 649.987 98.5316218552302
C13 670.017 98.58328747078936
C13 699.987 98.3091642151236
C13 720.012 98.20514756162905
C13 749.995 97.53417998173614
C13 770.007 97.10649926638297
C13 800.008 95.9149838549623
C13 830.013 94.06588944739771
C13 869.994 89.03101276156293
C13 900.005 81.57237593213058
C13 919.989 74.43924618916849
C13 959.989 53.2064031739991
C13 1000.013 26.38943167551163
C13 1030.002 10.47737215486075
C13 1049.996 5.077689881009852
C13 1080.005 0.6761560103803426
C13 1100.007 0.09197828746586006
C14 319.992 43.053009232919415
C14 330.006 55.42399207472967
C14 349.994 76.46409812560607
C14 370.001 82.32518294374499
C14 400.009 87.12171542195306
C14 429.983 88.62656786476386
C14 449.989 89.68317692093467
C14 469.993 90.50583608849081
C14 500.016 92.9994560038343
C14 549.99 96.12485257075886
C14 569.998 96.96428173912003
C14 599.983 97.80023810077496
C14 630.013 98.29591271584988
C14 649.987 98.56200129810541
C14 670.017 98.61271493814205
C14 699.987 98.32978019703967
C14 720.012 98.21741662216351
C14 749.995 97.54762949191856
C14 770.007 97.11275945741917
C14 800.008 95.9164537051691
C14 830.013 94.06655202236139
C14 869.994 89.08908326843773
C14 900.005 81.54160046743799
C14 919.989 74.43293268750301
C14 959.989 53.060438671079446
C14 1000.013 26.307022962427638
C14 1030.002 10.435433825190877
C14 1049.996 5.076523710994744
C14 1080.005 0.6762492429894368
C14 1100.007 0.09199097000596738
C15 319.992 43.29306699648669
C15 330.006 55.737732743741354
C15 349.994 76.86235898941075
C15 370.001 82.66735340976174
C15 400.009 87.29475410873368
C15 429.983 88.73490267922864
C15 449.989 89.7712384646715
C15 469.993 90.58370007043021
C15 500.016 93.06253009405556
C15 549.99 96.17151460297157
C15 569.998 97.00425709526242
C15 599.983 97.83323738028821
C15 630.013 98.3260179897746
C15 649.987 98.58450599945822
C15 670.017 98.62822071545314
C15 699.987 98.33814996583382
C15 720.012 98.22567215389496
C15 749.995 97.54452985961717
C15 770.007 97.10951512483837
C15 800.008 95.90681209707684
C15 830.013 94.0895898300068
C15 869.994 89.09468088451025
C15 900.005 81.70256048878865
C15 919.989 74.70714733281893
C15 959.989 53.30502403023191
C15 1000.013 26.275217460219654
C15 1030.002 10.502704223515478
C15 1049.996 5.09957484629747
C15 1080.005 0.6762277487184287
C15 1100.007 0.09198804611531597
C16 319.992 43.46786112613087
C16 330.006 55.96151553377533
C16 349.994 77.1251194652395
C16 370.001 82.86399347369714
C16 400.009 87.38126202841772
C16 429.983 88.7911682405127
C16 449.989 89.82383320834066
C16 469.993 90.62475687076622
C16 500.016 93.09892602223321
C16 549.99 96.19393553047837
C16 569.998 97.02734059773292
C16 599.983 97.84806535102726
C16 630.013 98.33136428430917
C16 649.987 98.58877084979918
C16 670.017 98.62560087881512
C16 699.987 98.33138713172171
C16 720.012 98.21510903349687
C16 749.995 97.5250334009156
C16 770.007 97.08979019201139
C16 800.008 95.87927334916087
C16 830.013 94.0709158781567
C16 869.994 89.09322626591182
C16 900.005 81.70268995745971
C16 919.989 74.6287197813702
C16 959.989 53.13923178112884
C16 1000.013 26.49570831889669
C16 1030.002 10.548670361621207
C16 1049.996 5.148604441634727
C16 1080.005 0.6760925845169804
C16 1100.007 0.09196965957199602
C17 319.992 43.60451530844011
C17 330.006 56.14232234081986
C17 349.994 77.36952585299373
C17 370.001 83.0667033335642
C17 400.009 87.4747536405351
C17 429.983 88.8471520170421
C17 449.989 89.86262049903092
C17 469.993 90.66117564635641
C17 500.016 93.1287038165782
C17 549.99 96.21204591281914
C17 569.998 97.04540528524859
C17 599.983 97.86246683673221
C17 630.013 98.34277275897126
C17 649.987 98.59383535957907
C17 670.017 98.62795416230682
C17 699.987 98.32808948851165
C17 720.012 98.20338069505921
C17 749.995 97.5134726101699
C17 770.007 97.07078114477736
C17 800.008 95.85577859326465
C17 830.013 94.06383318026901
C17 869.994 89.15585102368644
C17 900.005 81.75008310687373
C17 919.989 74.53192291023856
C17 959.989 52.74562417367834
C17 1000.013 26.469795545173213
C17 1030.002 10.58272252606238
C17 1049.996 5.176002773161122
C17 1080.005 0.6760124320944322
C17 1100.007 0.09195875634485752
