lsstcam/transmission_sensor/r21_s22/19700101T000000.ecsv
# %ECSV 0.9
# ---
# datatype:
# - {name: amp_name, datatype: string}
# - {name: wavelength, unit: nm, datatype: float32}
# - {name: efficiency, unit: '%', datatype: float32}
# meta: !!omap
# - {MODE: AMP}
# - {TYPE: QE}
# - {CALIBDATE: '1970-01-01T00:00:00'}
# - {INSTRUME: LSSTCAM}
# - {OBSTYPE: qe_curve}
# - {DETECTOR: 89}
# - {PICKLEFILE: RaftRun10722.p}
# - {CALIB_ID: 'raftName=R21 detectorName=S22 detector=89 calibDate=1970-01-01T00:00:00 ccd=89 ccdnum=89 filter=None'}
# - {DATE: '2020-07-23T19:15:50.925952'}
# - {CALIB_CREATION_DATE: '2020-07-23'}
# - {CALIB_CREATION_TIME: '19:15:50'}
# - __serialized_columns__:
#     efficiency:
#       __class__: astropy.units.quantity.Quantity
#       unit: !astropy.units.Unit {unit: '%'}
#       value: !astropy.table.SerializedColumn {name: efficiency}
#     wavelength:
#       __class__: astropy.units.quantity.Quantity
#       unit: !astropy.units.Unit {unit: nm}
#       value: !astropy.table.SerializedColumn {name: wavelength}
# schema: astropy-2.0
amp_name wavelength efficiency
C07 349.982 76.82746
C07 450.035 88.42944
C07 500.018 92.19063
C07 619.997 97.80976
C07 750.022 97.981224
C07 869.967 90.30885
C07 999.976 25.959476
C12 349.982 73.913704
C12 450.035 87.939476
C12 500.018 91.95087
C12 619.997 97.7977
C12 750.022 98.45649
C12 869.967 91.01985
C12 999.976 26.3143
C13 349.982 74.261215
C13 450.035 88.01037
C13 500.018 91.99855
C13 619.997 97.81835
C13 750.022 98.53762
C13 869.967 91.21789
C13 999.976 26.24344
C15 349.982 74.80352
C15 450.035 87.98182
C15 500.018 91.9234
C15 619.997 97.67639
C15 750.022 98.48161
C15 869.967 91.29665
C15 999.976 26.05453
C03 349.982 76.04714
C03 450.035 88.632996
C03 500.018 92.45034
C03 619.997 98.196335
C03 750.022 98.38319
C03 869.967 90.336555
C03 999.976 26.308033
C01 349.982 75.30776
C01 450.035 88.468666
C01 500.018 92.31738
C01 619.997 98.11561
C01 750.022 98.13162
C01 869.967 89.935616
C01 999.976 26.186483
C00 349.982 74.92918
C00 450.035 88.337234
C00 500.018 92.22195
C00 619.997 98.05301
C00 750.022 97.9796
C00 869.967 89.71357
C00 999.976 26.100748
C06 349.982 76.71022
C06 450.035 88.509926
C06 500.018 92.280594
C06 619.997 97.916695
C06 750.022 98.20836
C06 869.967 90.56778
C06 999.976 25.922771
C04 349.982 76.30482
C04 450.035 88.612045
C04 500.018 92.41263
C04 619.997 98.12576
C04 750.022 98.39263
C04 869.967 90.50514
C04 999.976 26.26409
C05 349.982 76.45757
C05 450.035 88.46312
C05 500.018 92.2342
C05 619.997 97.90037
C05 750.022 98.21933
C05 869.967 90.5248
C05 999.976 26.070225
C02 349.982 75.75698
C02 450.035 88.61118
C02 500.018 92.44208
C02 619.997 98.215324
C02 750.022 98.30575
C02 869.967 90.18425
C02 999.976 26.29401
C10 349.982 73.024574
C10 450.035 87.71024
C10 500.018 91.78544
C10 619.997 97.707825
C10 750.022 98.257545
C10 869.967 90.69444
C10 999.976 26.307669
C14 349.982 74.66113
C14 450.035 88.17835
C14 500.018 92.15427
C14 619.997 97.95238
C14 750.022 98.733765
C14 869.967 91.50487
C14 999.976 26.229977
C11 349.982 73.83137
C11 450.035 88.20802
C11 500.018 92.26416
C11 619.997 98.165
C11 750.022 98.76753
C11 869.967 91.25115
C11 999.976 26.389734
C16 349.982 74.886505
C16 450.035 87.854935
C16 500.018 91.7817
C16 619.997 97.49689
C16 750.022 98.27131
C16 869.967 91.0916
C16 999.976 26.238665
C17 349.982 75.11721
C17 450.035 87.90335
C17 500.018 91.82037
C17 619.997 97.525665
C17 750.022 98.17319
C17 869.967 91.00448
C17 999.976 26.177807
