lsstCam/transmission_filter_detector/r13_s20/g_6/19700101T000000.ecsv
# %ECSV 1.0
# ---
# datatype:
# - {name: wavelength, unit: nm, datatype: float32}
# - {name: efficiency, unit: '%', datatype: float64}
# meta: !!omap
# - {MODE: DETECTOR}
# - {TYPE: transmission_filter_detector}
# - {CALIBDATE: '1970-01-01T00:00:00'}
# - {INSTRUME: LSSTCam}
# - {OBSTYPE: transmission_filter_detector}
# - {CALIBCLS: lsst.ip.isr.IntermediateFilterDetectorTransmissionCurve}
# - {SOURCE: Materion (DM-46256)}
# - {DETECTOR: 60}
# - {FILTER: g_6}
# - {CALIB_ID: 'calibDate=1970-01-01T00:00:00 filter=g_6 detector=60'}
# - {DATE: '2025-04-02T15:59:42.304781'}
# - {CALIB_CREATION_DATE: '2025-04-02'}
# - {CALIB_CREATION_TIME: '15:59:42'}
# - __serialized_columns__:
#     efficiency:
#       __class__: astropy.units.quantity.Quantity
#       unit: !astropy.units.Unit {unit: '%'}
#       value: !astropy.table.SerializedColumn {name: efficiency}
#     wavelength:
#       __class__: astropy.units.quantity.Quantity
#       unit: !astropy.units.Unit {unit: nm}
#       value: !astropy.table.SerializedColumn {name: wavelength}
# schema: astropy-2.0
wavelength efficiency
300.0 0.5081123672425747
301.0 0.37730454932898283
302.0 0.2464967081323266
303.0 0.22025792859494686
304.0 0.19401911413297057
305.0 0.20419028587639332
306.0 0.21436142269521952
307.0 0.21984700579196215
308.0 0.2253325656056404
309.0 0.22178555373102427
310.0 0.21823854185640812
311.0 0.210444419644773
312.0 0.20265032071620226
313.0 0.20070306491106749
314.0 0.1987558091059327
315.0 0.18919854192063212
316.0 0.1796412980183959
317.0 0.17910361057147384
318.0 0.17856595804914832
319.0 0.1624314463697374
320.0 0.1462968997657299
321.0 0.139951566234231
322.0 0.1336062327027321
323.0 0.11422148672863841
324.0 0.09483678732067347
325.0 0.0859720865264535
326.0 0.07710737991146743
327.0 0.07027349201962352
328.0 0.0634396041277796
329.0 0.06071567768231034
330.0 0.05799174541607499
331.0 0.054410670418292284
332.0 0.050829589599743485
333.0 0.047389764222316444
334.0 0.04394993593450636
335.0 0.042515897075645626
336.0 0.0410818523960188
337.0 0.041456008329987526
338.0 0.0418301613535732
339.0 0.04052520671393722
340.0 0.0392202491639182
341.0 0.037489517126232386
342.0 0.03575878799892962
343.0 0.03233026072848588
344.0 0.02890173636842519
345.0 0.02555277314968407
346.0 0.02220380847575143
347.0 0.021024984016548842
348.0 0.01984615664696321
349.0 0.018079756409861147
350.0 0.8907188661396503
351.0 1.2823392637073994
352.0 0.9221823886036873
353.0 1.2785938568413258
354.0 0.79458924010396
355.0 0.8751081302762032
356.0 0.6507054436951876
357.0 1.0223419405519962
358.0 0.5990922451019287
359.0 0.9319418109953403
360.0 0.7427588570863008
361.0 0.9121478535234928
362.0 0.503429863601923
363.0 0.7809750270098448
364.0 0.485248863697052
365.0 0.8289514109492302
366.0 0.5481654312461615
367.0 0.6698026321828365
368.0 0.5628230515867472
369.0 0.6580184679478407
370.0 0.4546677228063345
371.0 0.5888769868761301
372.0 0.4570410121232271
373.0 0.5719133652746677
374.0 0.3607975086197257
375.0 0.6018850952386856
376.0 0.5224070511758327
377.0 0.6256447173655033
378.0 0.45804367400705814
379.0 0.6564007606357336
380.0 0.4168168641626835
381.0 0.5484627094119787
382.0 0.5011952482163906
383.0 0.5413863342255354
384.0 0.5628582090139389
385.0 0.6319098174571991
386.0 0.6637675687670708
387.0 0.7344709243625402
388.0 0.9553398936986923
389.0 1.2597516179084778
390.0 1.773546263575554
391.0 2.7193211019039154
392.0 4.325471073389053
393.0 6.802830100059509
394.0 10.258379578590393
395.0 15.027368068695068
396.0 20.83575129508972
397.0 28.12287211418152
398.0 36.76059544086456
399.0 46.03399932384491
400.0 55.6354284286499
401.0 64.75340127944946
402.0 73.19391369819641
403.0 80.40030598640442
404.0 85.72406768798828
405.0 89.7425889968872
406.0 92.031729221344
407.0 93.89557838439941
408.0 94.92142796516418
409.0 95.46766877174377
410.0 95.61514854431152
411.0 95.46610116958618
412.0 95.09872198104858
413.0 94.82918381690979
414.0 94.71063017845154
415.0 94.82529759407043
416.0 95.21123766899109
417.0 95.57348489761353
418.0 96.07183337211609
419.0 96.7469334602356
420.0 97.23350405693054
421.0 97.77769446372986
422.0 97.85323739051819
423.0 98.10186624526978
424.0 97.93003797531128
425.0 97.78611063957214
426.0 97.79080152511597
427.0 97.77753353118896
428.0 97.58485555648804
429.0 97.37958908081055
430.0 97.14944958686829
431.0 97.21453189849854
432.0 97.18913435935974
433.0 97.29478359222412
434.0 97.38549590110779
435.0 97.5469172000885
436.0 97.63478636741638
437.0 97.55269289016724
438.0 97.65262007713318
439.0 97.74156212806702
440.0 97.75354266166687
441.0 97.8778064250946
442.0 97.83536195755005
443.0 97.80494570732117
444.0 97.72728681564331
445.0 97.52437472343445
446.0 97.38633632659912
447.0 97.20849394798279
448.0 97.27161526679993
449.0 97.50334620475769
450.0 97.78539538383484
451.0 97.96602129936218
452.0 98.16015362739563
453.0 98.29351902008057
454.0 98.29460978507996
455.0 98.52931499481201
456.0 98.61928820610046
457.0 98.75868558883667
458.0 98.75021576881409
459.0 98.79710078239441
460.0 98.82057905197144
461.0 99.00845885276794
462.0 98.9038348197937
463.0 98.85631203651428
464.0 98.94163608551025
465.0 98.86043667793274
466.0 98.84892702102661
467.0 98.88323545455933
468.0 98.89734387397766
469.0 98.93791079521179
470.0 98.79713654518127
471.0 98.7291932106018
472.0 98.68909120559692
473.0 98.60896468162537
474.0 98.44905138015747
475.0 98.5083281993866
476.0 98.48040342330933
477.0 98.52834343910217
478.0 98.6255943775177
479.0 98.62092137336731
480.0 98.77686500549316
481.0 98.81481528282166
482.0 99.00661110877991
483.0 98.89859557151794
484.0 99.08574223518372
485.0 99.06960725784302
486.0 99.11118149757385
487.0 99.19214248657227
488.0 99.12797212600708
489.0 99.21159148216248
490.0 99.16329979896545
491.0 99.17954802513123
492.0 99.07304644584656
493.0 99.05840158462524
494.0 99.03673529624939
495.0 99.01491403579712
496.0 98.87576103210449
497.0 98.8071858882904
498.0 98.57133030891418
499.0 98.6906349658966
500.0 98.59673976898193
501.0 98.51999878883362
502.0 98.42298030853271
503.0 98.5081672668457
504.0 98.40779304504395
505.0 98.45255613327026
506.0 98.54051470756531
507.0 98.45950603485107
508.0 98.44304919242859
509.0 98.43496680259705
510.0 98.37480187416077
511.0 98.373281955719
512.0 98.24179410934448
513.0 98.37148785591125
514.0 98.36095571517944
515.0 98.35554957389832
516.0 98.46875071525574
517.0 98.45746755599976
518.0 98.54872822761536
519.0 98.51916432380676
520.0 98.59682321548462
521.0 98.71705770492554
522.0 98.75178337097168
523.0 98.70905876159668
524.0 98.80430102348328
525.0 98.73848557472229
526.0 98.89141917228699
527.0 98.89666438102722
528.0 98.9614486694336
529.0 99.08151030540466
530.0 99.06675219535828
531.0 99.22507405281067
532.0 99.1218090057373
533.0 99.11851286888123
534.0 99.09037351608276
535.0 98.90679717063904
536.0 98.47648739814758
537.0 97.90377616882324
538.0 97.07348346710205
539.0 95.59197425842285
540.0 93.70545148849487
541.0 90.90546369552612
542.0 88.02365064620972
543.0 84.21143293380737
544.0 79.41651344299316
545.0 75.23819208145142
546.0 70.19808888435364
547.0 65.5329704284668
548.0 60.9300434589386
549.0 56.87640309333801
550.0 53.685593605041504
551.0 50.63641667366028
552.0 48.29316437244415
553.0 45.80769240856171
554.0 42.861321568489075
555.0 39.55471217632294
556.0 35.15626788139343
557.0 30.0797700881958
558.0 24.58604723215103
559.0 19.21709179878235
560.0 14.111825823783875
561.0 9.497950226068497
562.0 6.01167231798172
563.0 3.4837033599615097
564.0 1.8896972760558128
565.0 0.9248226881027222
566.0 0.4835298750549555
567.0 0.25192631874233484
568.0 0.1615548157133162
569.0 0.10206252336502075
570.0 0.08266457007266581
571.0 0.0550679222214967
572.0 0.060903048142790794
573.0 0.04350540693849325
574.0 0.04843536589760333
575.0 0.03916085697710514
576.0 0.04644347936846316
577.0 0.02603813773021102
578.0 0.026005945983342826
579.0 0.02615066769067198
580.0 0.03407241601962596
581.0 0.023972184862941504
582.0 0.020024244440719485
583.0 0.025481038028374314
584.0 0.026481164968572557
585.0 0.0166881232871674
586.0 0.03490065282676369
587.0 0.014615405234508216
588.0 0.022704391449224204
589.0 0.018011599604506046
590.0 0.013137940550222993
591.0 0.01917699264595285
592.0 0.011804372479673475
593.0 0.006275020132306963
594.0 0.018663670925889164
595.0 0.011949925101362169
596.0 0.011177841224707663
597.0 0.01742823951644823
598.0 0.017159005801659077
599.0 0.014506572915706784
600.0 0.006116185977589339
601.0 0.002538257285777945
602.0 0.0024916547772591002
603.0 0.0024450519049423747
604.0 0.00219469493458746
605.0 0.001944338328030426
606.0 0.002042661617451813
607.0 0.0021409847249742597
608.0 0.001987342875509057
609.0 0.0018337008441449143
610.0 0.00197435037989635
611.0 0.0021149995518499054
612.0 0.0019366729247849435
613.0 0.0017583466615178622
614.0 0.00182102266990114
615.0 0.0018836990420822985
616.0 0.0018967941286973655
617.0 0.0019098890334134921
618.0 0.0018421247659716755
619.0 0.0017743606804287992
620.0 0.0017353881048620678
621.0 0.0016964155292953365
622.0 0.0016023779608076438
623.0 0.001508340301370481
624.0 0.0015145788893278223
625.0 0.0015208174772851635
626.0 0.0014288516467786394
627.0 0.0013368859981710557
628.0 0.0014777247088204604
629.0 0.001618563874217216
630.0 0.0014819498574070167
631.0 0.0013453353858494665
632.0 0.0014841058145975694
633.0 0.0016228757885983214
634.0 0.0015336392607423477
635.0 0.0014444023690884933
636.0 0.0014275532521423884
637.0 0.0014107046808931045
638.0 0.0014380578249983955
639.0 0.0014654108781542163
640.0 0.0013123285498295445
641.0 0.0011592460396059323
642.0 0.0014472285329247825
643.0 0.0017352112990920432
644.0 0.0015332183465943672
645.0 0.001331225303147221
646.0 0.0013309514542925172
647.0 0.0013306778782862239
648.0 0.001213406903843861
649.0 0.0010961358384520281
650.0 0.0012308370969549287
651.0 0.001365537627862068
652.0 0.0012508627150964458
653.0 0.0011361878023308236
654.0 0.0011928192179766484
655.0 0.001249450633622473
656.0 0.001275365775654791
657.0 0.001301281008636579
658.0 0.0011983978765783831
659.0 0.001095515108318068
660.0 0.0009382147254655138
661.0 0.0007809141607140191
662.0 0.0009974923159461468
663.0 0.0012140707440266851
664.0 0.0012217042240081355
665.0 0.0012293374311411753
666.0 0.0011732560778909829
667.0 0.0011171744517923798
668.0 0.0011818486200354528
669.0 0.0012465226973290555
670.0 0.0012005915777990595
671.0 0.001154660276370123
672.0 0.001148344290413661
673.0 0.0011420281225582585
674.0 0.0010963000931951683
675.0 0.001050571972882608
676.0 0.001019291357806651
677.0 0.0009880104698822834
678.0 0.0011024199920939282
679.0 0.001216829514305573
680.0 0.0011332000212860294
681.0 0.0010495703463675454
682.0 0.0010915760867646895
683.0 0.0011335815543134231
684.0 0.00103019701782614
685.0 0.0009268123903893866
686.0 0.0010158380973734893
687.0 0.0011048637134081218
688.0 0.0011292367162241135
689.0 0.0011536097190401051
690.0 0.0010953584933304228
691.0 0.0010371072676207405
692.0 0.0010131969247595407
693.0 0.0009892866728478111
694.0 0.0011005077794834506
695.0 0.0012117287042201497
696.0 0.0012068562682543416
697.0 0.0012019834684906527
698.0 0.001312938729824964
699.0 0.0014238939911592752
700.0 0.0012167185559519567
701.0 0.0010095429388456978
702.0 0.0011340515811752994
703.0 0.0012585601325554308
704.0 0.0012390024494379759
705.0 0.0012194445844215807
706.0 0.0011405384611862246
707.0 0.001061632610799279
708.0 0.0011063092642871197
709.0 0.0011509860087244306
710.0 0.0012198030162835494
711.0 0.0012886202057416085
712.0 0.0012452791452233214
713.0 0.0012019383575534448
714.0 0.0012392137250571977
715.0 0.0012764893654093612
716.0 0.0015042942322907038
717.0 0.001732099372020457
718.0 0.0019487548343022354
719.0 0.0021654101146850735
720.0 0.0018146571164834313
721.0 0.001463904027332319
722.0 0.0016633748600725085
723.0 0.0018628459656611085
724.0 0.0018164751963922754
725.0 0.001770104245224502
726.0 0.0018932389139081351
727.0 0.0020163735825917684
728.0 0.00205539236048935
729.0 0.002094410956487991
730.0 0.00203795079869451
731.0 0.00198149100469891
732.0 0.0018535271010478027
733.0 0.0017255631973966956
734.0 0.0015411971617140807
735.0 0.0013568313988798764
736.0 0.0012339220120338723
737.0 0.0011110123523394577
738.0 0.001068370238499483
739.0 0.0010257281246595085
740.0 0.0009264035725209396
741.0 0.0008270788384834304
742.0 0.0007918662959127687
743.0 0.0007566537078673718
744.0 0.0008944401997723617
745.0 0.0010322268281015567
746.0 0.0010434643627377227
747.0 0.0010547019883233588
748.0 0.0011442038157838397
749.0 0.0012337058251432609
750.0 0.0009764266906131525
751.0 0.0007191479653556598
752.0 0.0007635047040821519
753.0 0.0008078615792328492
754.0 0.0009246576155419461
755.0 0.0010414537428005133
756.0 0.00100093093351461
757.0 0.0009604082151781768
758.0 0.0008582469490647782
759.0 0.0007560860467492603
760.0 0.0005995107130729593
761.0 0.0004429353793966584
762.0 0.0006060594387236051
763.0 0.0007691833161516115
764.0 0.000801617898105178
765.0 0.0008340525710082147
766.0 0.0008084258297458291
767.0 0.0007827991794329137
768.0 0.0006171967470436357
769.0 0.00045159426917962264
770.0 0.00037368092762335436
771.0 0.00029576760880445363
772.0 0.0005293429694575025
773.0 0.000762918443797389
774.0 0.0009228547241946217
775.0 0.0010827910045918543
776.0 0.0009849685739027336
777.0 0.000887146143213613
778.0 0.000777582226874074
779.0 0.0006680184014840052
780.0 0.0006919014140294166
781.0 0.000715784381100093
782.0 0.0006556438165716827
783.0 0.0005955031610938022
784.0 0.0006864874194434378
785.0 0.0007774716323183384
786.0 0.000693640140525531
787.0 0.0006098090125306044
788.0 0.0004277699190424755
789.0 0.0002457309847159195
790.0 0.00022767799237044528
791.0 0.00020962497728760354
792.0 0.00027684704946295824
793.0 0.00034406912163831294
794.0 0.00033768126286304323
795.0 0.00033129342682514107
796.0 0.0004110685495106736
797.0 0.0004908436494588386
798.0 0.0004895260190096451
799.0 0.00048820838856045157
800.0 0.0005311663699103519
801.0 0.0005741245331591927
802.0 0.0004583739155350486
803.0 0.0003426234343351098
804.0 0.00034400864024064504
805.0 0.000345393959833018
806.0 0.0003613676881286665
807.0 0.00037734141642431496
808.0 0.0004023166638944531
809.0 0.00042729193410195876
810.0 0.00029927093692094786
811.0 0.00017124990563388565
812.0 0.00024975518044811906
813.0 0.0003282603756815661
814.0 0.0004609926236298634
815.0 0.0005937248715781607
816.0 0.0005934173714194912
817.0 0.0005931096893618815
818.0 0.0004947769866703311
819.0 0.00039644428397878073
820.0 0.0005614355814032024
821.0 0.0007264266969286837
822.0 0.0005341759333532536
823.0 0.0003419251243030885
824.0 0.0004062555035488913
825.0 0.00047058583731995896
826.0 0.0006138235221442301
827.0 0.000757061116019031
828.0 0.0006717084488627734
829.0 0.0005863557362317806
830.0 0.0005195936864765827
831.0 0.0004528316367213847
832.0 0.0005696493190043839
833.0 0.0006864669558126479
834.0 0.0005448045158118475
835.0 0.0004031421212857822
836.0 0.0005153336587682134
837.0 0.0006275252417253796
838.0 0.0004985929990652949
839.0 0.0003696608018799452
840.0 0.0004702206751971971
841.0 0.000570780503039714
842.0 0.0003170837089783163
843.0 6.338681259876466e-05
844.0 0.00015998934941308107
845.0 0.0002565919203334488
846.0 0.00046549953367502894
847.0 0.0006744073289155494
848.0 0.0005700138899555895
849.0 0.00046562054194509983
850.0 0.00046303139242809266
851.0 0.0004604421974363504
852.0 0.00048021461225289386
853.0 0.0004999866632715566
854.0 0.0005580352535616839
855.0 0.0006160836619528709
856.0 0.0006156914878374664
857.0 0.000615299359196797
858.0 0.0005666221568390029
859.0 0.0005179449999559438
860.0 0.0005312482699082466
861.0 0.0005445515398605494
862.0 0.00046893974285922013
863.0 0.00039332799133262597
864.0 0.0004043421995447716
865.0 0.0004153563622821821
866.0 0.0004805008757102769
867.0 0.0005456454346131068
868.0 0.0006716338248224929
869.0 0.0007976223059813492
870.0 0.0006466668764915084
871.0 0.0004957113560521975
872.0 0.00035070675039605703
873.0 0.00020570200831571128
874.0 0.00037127576888451586
875.0 0.0005368495294533204
876.0 0.0006598235813726205
877.0 0.0007827975423424505
878.0 0.0007439218279614579
879.0 0.00070504597715626
880.0 0.0007045778602332575
881.0 0.0007041100616334006
882.0 0.0006327724804577883
883.0 0.0005614352176053217
884.0 0.0005951155799266417
885.0 0.000628796124146902
886.0 0.0006831296559539624
887.0 0.0007374635060841683
888.0 0.0006090914666856406
889.0 0.0004807196091860533
890.0 0.0005116614374855999
891.0 0.0005426034476840869
892.0 0.0005337525180948433
893.0 0.0005249016339803347
894.0 0.0005000762939744163
895.0 0.000475250999443233
896.0 0.0003139965883747209
897.0 0.0001527421204627899
898.0 0.0002825308683895855
899.0 0.0004123195594729623
900.0 0.00035410409964242717
901.0 0.0002958886170745245
902.0 0.0005504644832399208
903.0 0.0008050405085668899
904.0 0.000479241543871467
905.0 0.00015344256780736032
906.0 0.00038535672501893714
907.0 0.0006172708708618302
