lsstCam/transmission_filter_detector/r13_s20/g_6/19700101T000000.ecsv
# %ECSV 1.0
# ---
# datatype:
# - {name: wavelength, unit: nm, datatype: float32}
# - {name: efficiency, unit: '%', datatype: float64}
# meta: !!omap
# - {MODE: DETECTOR}
# - {TYPE: transmission_filter_detector}
# - {CALIBDATE: '1970-01-01T00:00:00'}
# - {INSTRUME: LSSTCam}
# - {OBSTYPE: transmission_filter_detector}
# - {CALIBCLS: lsst.ip.isr.IntermediateFilterDetectorTransmissionCurve}
# - {SOURCE: Materion (DM-46256)}
# - {DETECTOR: 60}
# - {FILTER: g_6}
# - {CALIB_ID: 'calibDate=1970-01-01T00:00:00 filter=g_6 detector=60'}
# - {DATE: '2025-04-02T15:59:42.304781'}
# - {CALIB_CREATION_DATE: '2025-04-02'}
# - {CALIB_CREATION_TIME: '15:59:42'}
# - __serialized_columns__:
#     efficiency:
#       __class__: astropy.units.quantity.Quantity
#       unit: !astropy.units.Unit {unit: '%'}
#       value: !astropy.table.SerializedColumn {name: efficiency}
#     wavelength:
#       __class__: astropy.units.quantity.Quantity
#       unit: !astropy.units.Unit {unit: nm}
#       value: !astropy.table.SerializedColumn {name: wavelength}
# schema: astropy-2.0
wavelength efficiency
[from data line 609]
909.0 0.00034610293369041756
910.0 0.00038602229324169457
911.0 0.00042594174374244176
912.0 0.0004993732545699459
913.0 0.000572804810872185
914.0 0.00034805507311830297
915.0 0.00012330542631389108
916.0 0.00017659211835052702
917.0 0.0002298787876497954
918.0 0.0002611257286844193
919.0 0.00029237264698167564
920.0 0.000410454185839626
921.0 0.0005285357019602088
922.0 0.000624864560450078
923.0 0.0007211934644146822
924.0 0.0005714831331715686
925.0 0.00042177271097898483
926.0 0.0005071028226666385
927.0 0.0005924330707784975
928.0 0.0005097696885059122
929.0 0.000427106351708062
930.0 0.0004737794824904995
931.0 0.000520452613272937
932.0 0.0005167651124793338
933.0 0.0005130776571604656
934.0 0.0005755734491685871
935.0 0.0006380693321261788
936.0 0.0005696480002370663
937.0 0.0005012268047721591
938.0 0.0006683520950900856
939.0 0.0008354773854080122
940.0 0.0007210834610305028
941.0 0.0006066894911782583
942.0 0.0007699430170760024
943.0 0.0009331964974990115
944.0 0.0007322170404222561
945.0 0.0005312374014465604
946.0 0.0005767817128798924
947.0 0.0006223259333637543
948.0 0.0009701025192043744
949.0 0.001317879377893405
950.0 0.0011881798855029047
951.0 0.0010584804840618744
952.0 0.0010607885087665636
953.0 0.0010630967153701931
954.0 0.0008847976459946949
955.0 0.000706498713043402
956.0 0.0007236052169901086
957.0 0.00074071158451261
958.0 0.0008181481462088414
959.0 0.0008955847079050727
960.0 0.0007050491603877163
961.0 0.0005145136128703598
962.0 0.0005599248652288225
963.0 0.00060533607211255
964.0 0.0006992087946855463
965.0 0.0007930813808343373
966.0 0.0007952688974910416
967.0 0.0007974564141477458
968.0 0.000776298202254111
969.0 0.0007551399903604761
970.0 0.0007801393621775787
971.0 0.0008051386430452112
972.0 0.0008461701327178162
973.0 0.0008872016223904211
974.0 0.0008167097803379875
975.0 0.0007462181656592293
976.0 0.0007678058864257764
977.0 0.0007893940164649393
978.0 0.0008821136361802928
979.0 0.0009748334377945866
980.0 0.001009748211799888
981.0 0.0010446631677041296
982.0 0.0009578819117450621
983.0 0.0008711005648365244
984.0 0.0009574947398505174
985.0 0.001043889278662391
986.0 0.0011570198694244027
987.0 0.0012701504601864144
988.0 0.001234546198247699
989.0 0.0011989418453595135
990.0 0.0012636216524697375
991.0 0.0013283015505294316
992.0 0.0013141099771019071
993.0 0.0012999184036743827
994.0 0.0012746649190376047
995.0 0.0012494115253502969
996.0 0.0011578020348679274
997.0 0.001066192544385558
998.0 0.0012708184840448666
999.0 0.0014754445146536455
1000.0 0.0013364712685870472
1001.0 0.0011974977496720385
1002.0 0.0011728323443094268
1003.0 0.0011481669389468152
1004.0 0.0011451736099843401
1005.0 0.0011421799172239844
1006.0 0.0013786572708340827
1007.0 0.0016151347153936513
1008.0 0.0016530739230802283
1009.0 0.0016910136764636263
1010.0 0.0018149701645597816
1011.0 0.0019389270164538175
1012.0 0.002058459176623728
1013.0 0.0021779917005915195
1014.0 0.002170812149415724
1015.0 0.002163632962037809
1016.0 0.002517770371923689
1017.0 0.002871908145607449
1018.0 0.0031294846849050373
1019.0 0.0033870608604047447
1020.0 0.003467477290541865
1021.0 0.0035478933568811044
1022.0 0.003918002403224818
1023.0 0.004288111813366413
1024.0 0.004405811705510132
1025.0 0.004523511597653851
1026.0 0.0047794688725844026
1027.0 0.0050354257837170735
1028.0 0.004983160033589229
1029.0 0.0049308942834613845
1030.0 0.005158135900273919
1031.0 0.005385376789490692
1032.0 0.00572121498407796
1033.0 0.006057053178665228
1034.0 0.005778396007372066
1035.0 0.005499738836078905
1036.0 0.005499486360349692
1037.0 0.00549923388462048
1038.0 0.005752540164394304
1039.0 0.006005846807966009
1040.0 0.006464052421506494
1041.0 0.006922256579855457
1042.0 0.007004749932093546
1043.0 0.007087243284331635
1044.0 0.007459161861333996
1045.0 0.007831078983144835
1046.0 0.008796787733444944
1047.0 0.009762495756149292
1048.0 0.011268801608821377
1049.0 0.01277510600630194
1050.0 0.015327859728131443
1051.0 0.0178806105395779
1052.0 0.021695862233173102
1053.0 0.025511119747534394
1054.0 0.030593734118156135
1055.0 0.035676348488777876
1056.0 0.04260829882696271
1057.0 0.04954023752361536
1058.0 0.0575902929995209
1059.0 0.06564032519236207
1060.0 0.0734201748855412
1061.0 0.08120000129565597
1062.0 0.08924187859520316
1063.0 0.0972837267909199
1064.0 0.10423569474369287
1065.0 0.11118765687569976
1066.0 0.11878652730956674
1067.0 0.12638539774343371
1068.0 0.13465533265843987
1069.0 0.14292530249804258
1070.0 0.15306652057915926
1071.0 0.16320773866027594
1072.0 0.17349363770335913
1073.0 0.18377951346337795
1074.0 0.19392063841223717
1075.0 0.20406183321028948
1076.0 0.2149208215996623
1077.0 0.22577985655516386
1078.0 0.23782041389495134
1079.0 0.24986097123473883
1080.0 0.2662573242560029
1081.0 0.282653677277267
1082.0 0.31133966986089945
1083.0 0.3400256857275963
1084.0 0.3807512577623129
1085.0 0.4214768763631582
1086.0 0.4581571090966463
1087.0 0.4948373418301344
1088.0 0.5602562334388494
1089.0 0.6256751250475645
1090.0 0.7057494949549437
1091.0 0.7858239114284515
1092.0 0.8235323242843151
1093.0 0.8612404577434063
1094.0 0.9114379063248634
1095.0 0.9616349823772907
1096.0 1.0307940654456615
1097.0 1.0999531485140324
1098.0 1.1668364517390728
1099.0 1.2337199412286282
1100.0 1.4654521830379963
1101.0 1.6971839591860771
