lsstCam/transmission_filter_detector/r42_s01/z_20/19700101T000000.ecsv
# %ECSV 1.0
# ---
# datatype:
# - {name: wavelength, unit: nm, datatype: float32}
# - {name: efficiency, unit: '%', datatype: float64}
# meta: !!omap
# - {MODE: DETECTOR}
# - {TYPE: transmission_filter_detector}
# - {CALIBDATE: '1970-01-01T00:00:00'}
# - {INSTRUME: LSSTCam}
# - {OBSTYPE: transmission_filter_detector}
# - {CALIBCLS: lsst.ip.isr.IntermediateFilterDetectorTransmissionCurve}
# - {SOURCE: Materion (DM-46256)}
# - {DETECTOR: 172}
# - {FILTER: z_20}
# - {CALIB_ID: 'calibDate=1970-01-01T00:00:00 filter=z_20 detector=172'}
# - {DATE: '2025-04-02T15:59:49.438927'}
# - {CALIB_CREATION_DATE: '2025-04-02'}
# - {CALIB_CREATION_TIME: '15:59:49'}
# - __serialized_columns__:
#     efficiency:
#       __class__: astropy.units.quantity.Quantity
#       unit: !astropy.units.Unit {unit: '%'}
#       value: !astropy.table.SerializedColumn {name: efficiency}
#     wavelength:
#       __class__: astropy.units.quantity.Quantity
#       unit: !astropy.units.Unit {unit: nm}
#       value: !astropy.table.SerializedColumn {name: wavelength}
# schema: astropy-2.0
wavelength efficiency
[from data line 597]
897.0 99.25856590270996
898.0 98.61372709274292
899.0 98.66874814033508
900.0 98.89340400695801
901.0 98.93882274627686
902.0 99.2961049079895
903.0 98.79902601242065
904.0 97.85892963409424
905.0 98.37375283241272
906.0 97.8886067867279
907.0 98.95773530006409
908.0 98.13438057899475
909.0 98.48669767379761
910.0 97.98467755317688
911.0 96.7779815196991
912.0 96.05807662010193
913.0 95.03490328788757
914.0 92.66824126243591
915.0 90.16430974006653
916.0 87.91530728340149
917.0 86.70797348022461
918.0 83.0812931060791
919.0 81.9819450378418
920.0 79.00633811950684
921.0 75.48521757125854
922.0 71.09141945838928
923.0 65.12627601623535
924.0 59.61652994155884
925.0 54.122018814086914
926.0 48.177993297576904
927.0 41.41186475753784
928.0 35.42754352092743
929.0 29.120618104934692
930.0 23.602640628814697
931.0 18.339796364307404
932.0 12.822666764259338
933.0 8.507420122623444
934.0 5.478015914559364
935.0 3.3924024552106857
936.0 1.9615914672613144
937.0 1.2253092601895332
938.0 0.6458870600908995
939.0 0.44539012014865875
940.0 0.2808965276926756
941.0 0.23837946355342865
942.0 0.19312244839966297
943.0 0.017684881458990276
944.0 0.05649484810419381
945.0 0.05203202017582953
946.0 0.08216046262532473
947.0 1.6066321450319831e-10
948.0 1.6066321450319831e-10
949.0 0.09715463384054601
950.0 1.6066321450319831e-10
951.0 1.6066321450319831e-10
952.0 1.6066321450319831e-10
953.0 0.0788767822086811
954.0 0.15855447854846716
955.0 0.07484661764465272
956.0 1.6066321450319831e-10
957.0 1.6066321450319831e-10
958.0 0.01066688128048554
959.0 0.04239067784510553
960.0 0.025556288892403245
961.0 1.6066321450319831e-10
962.0 1.6066321450319831e-10
963.0 1.6066321450319831e-10
964.0 1.6066321450319831e-10
965.0 1.6066321450319831e-10
966.0 1.6066321450319831e-10
967.0 0.0006173599103931338
968.0 1.6066321450319831e-10
969.0 1.6066321450319831e-10
970.0 1.6066321450319831e-10
971.0 1.6066321450319831e-10
972.0 1.6066321450319831e-10
973.0 1.6066321450319831e-10
974.0 0.03693802573252469
975.0 1.6066321450319831e-10
976.0 0.006164736987557262
977.0 0.006088492591516115
978.0 0.006012248559272848
979.0 0.005841017991770059
980.0 0.005669788151863031
981.0 0.005556150426855311
982.0 0.00544251233804971
983.0 0.0053457104513654485
984.0 0.005248908564681187
985.0 0.005203975524636917
986.0 0.005159042120794766
987.0 0.005070379484095611
988.0 0.004981717211194336
989.0 0.004886311580776237
990.0 0.004790906314156018
991.0 0.0047324563638539985
992.0 0.004674006413551979
993.0 0.004722301309811883
994.0 0.004770595842273906
995.0 0.004600764441420324
996.0 0.004430933404364623
997.0 0.004433262438396923
998.0 0.004435591108631343
999.0 0.004436386370798573
1000.0 0.004437181632965803
1001.0 0.004301301669329405
1002.0 0.0041654217056930065
1003.0 0.004240879934513941
1004.0 0.004316338527132757
1005.0 0.004148148582316935
1006.0 0.003979959001298994
1007.0 0.004042994987685233
1008.0 0.004106030974071473
1009.0 0.004209636244922876
1010.0 0.00431324151577428
1011.0 0.004154431007918902
1012.0 0.003995620136265643
1013.0 0.003975840081693605
1014.0 0.0039560596633236855
1015.0 0.004049755807500333
1016.0 0.00414345231547486
1017.0 0.0041948904254240915
1018.0 0.004246328171575442
1019.0 0.0042282699723728
1020.0 0.004210211773170158
1021.0 0.0041915955080185086
1022.0 0.004172979242866859
1023.0 0.004248578625265509
1024.0 0.004324178007664159
1025.0 0.004288872878532857
1026.0 0.004253568113199435
1027.0 0.004426789382705465
1028.0 0.004600010652211495
1029.0 0.0046352437493624166
1030.0 0.004670476846513338
1031.0 0.004752018503495492
1032.0 0.004833560160477646
1033.0 0.004804974378203042
1034.0 0.004776388232130557
1035.0 0.004880129199591465
1036.0 0.004983869439456612
1037.0 0.005101697752252221
1038.0 0.00521952606504783
1039.0 0.005216107820160687
1040.0 0.005212689211475663
1041.0 0.005202889951760881
1042.0 0.00519309141964186
1043.0 0.00526471012562979
1044.0 0.0053363299230113626
1045.0 0.005564201273955405
1046.0 0.005792072624899447
1047.0 0.0058049925428349525
1048.0 0.0058179117331746966
1049.0 0.0058184057706967
1050.0 0.005818900172016583
1051.0 0.00603429252805654
1052.0 0.0062496852478943765
1053.0 0.006523467891383916
1054.0 0.006797250534873456
1055.0 0.0067991997639182955
1056.0 0.006801148265367374
1057.0 0.007176410872489214
1058.0 0.007551674934802577
1059.0 0.007877698953961954
1060.0 0.008203723700717092
1061.0 0.008124561281874776
1062.0 0.008045399590628222
1063.0 0.008514438377460465
1064.0 0.008983476436696947
1065.0 0.0089399101852905
1066.0 0.008896343933884054
1067.0 0.009296418284066021
1068.0 0.009696492634247988
1069.0 0.009885120380204171
1070.0 0.010073748126160353
1071.0 0.010067653784062713
1072.0 0.010061560897156596
1073.0 0.010255937377223745
1074.0 0.010450315312482417
1075.0 0.01114215119741857
1076.0 0.011833986354758963
1077.0 0.012189294648123905
1078.0 0.012544600758701563
1079.0 0.012532631808426231
1080.0 0.0125206628581509
1081.0 0.013154293992556632
1082.0 0.013787925126962364
1083.0 0.013683056749869138
1084.0 0.01357818691758439
1085.0 0.014308704703580588
1086.0 0.01503922394476831
1087.0 0.01468784612370655
1088.0 0.014336471213027835
1089.0 0.015419231203850359
1090.0 0.016501992649864405
1091.0 0.01629921462154016
1092.0 0.016096439503598958
1093.0 0.015695596812292933
1094.0 0.015294755576178432
1095.0 0.016343069728463888
1096.0 0.017391382425557822
1097.0 0.01880917843664065
1098.0 0.020226977358106524
1099.0 0.020391579892020673
1100.0 0.0205561809707433
1101.0 0.02176674024667591
1102.0 0.022977302432991564
1103.0 0.022655827342532575
1104.0 0.022334350796882063
1105.0 0.02393647300777957
1106.0 0.02553859376348555
1107.0 0.025264578289352357
1108.0 0.024990562815219164
1109.0 0.02722801291383803
1110.0 0.029465468833222985
1111.0 0.029603656730614603
1112.0 0.02974184462800622
1113.0 0.029171211645007133
1114.0 0.028600581572391093
1115.0 0.02916160738095641
1116.0 0.029722636099904776
1117.0 0.0320387160172686
1118.0 0.03435480175539851
1119.0 0.035259092692285776
1120.0 0.036163380718789995
1121.0 0.03843610757030547
1122.0 0.04070883151143789
1123.0 0.040627262205816805
1124.0 0.04054569290019572
1125.0 0.04344522312749177
1126.0 0.046344747534021735
1127.0 0.04551008460111916
1128.0 0.04467542457859963
1129.0 0.047269067727029324
1130.0 0.04986271960660815
1131.0 0.054434401681646705
1132.0 0.05900608957745135
1133.0 0.06083414773456752
1134.0 0.06266221171244979
1135.0 0.0674653216265142
1136.0 0.0722684373613447
1137.0 0.07703779847361147
1138.0 0.08180715376511216
1139.0 0.09059134172275662
1140.0 0.0993755180388689
1141.0 0.12525309575721622
1142.0 0.1511306851170957
1143.0 0.2977290656417608
1144.0 0.4443274810910225
1145.0 0.8972153998911381
1146.0 1.3501034118235111
1147.0 1.5434646047651768
1148.0 1.7368249595165253
1149.0 1.8752304837107658
1150.0 2.0136352628469467
