lsstCam/transmission_filter_detector/r42_s01/z_20/19700101T000000.ecsv
# %ECSV 1.0
# ---
# datatype:
# - {name: wavelength, unit: nm, datatype: float32}
# - {name: efficiency, unit: '%', datatype: float64}
# meta: !!omap
# - {MODE: DETECTOR}
# - {TYPE: transmission_filter_detector}
# - {CALIBDATE: '1970-01-01T00:00:00'}
# - {INSTRUME: LSSTCam}
# - {OBSTYPE: transmission_filter_detector}
# - {CALIBCLS: lsst.ip.isr.IntermediateFilterDetectorTransmissionCurve}
# - {SOURCE: Materion (DM-46256)}
# - {DETECTOR: 172}
# - {FILTER: z_20}
# - {CALIB_ID: 'calibDate=1970-01-01T00:00:00 filter=z_20 detector=172'}
# - {DATE: '2025-04-02T15:59:49.438927'}
# - {CALIB_CREATION_DATE: '2025-04-02'}
# - {CALIB_CREATION_TIME: '15:59:49'}
# - __serialized_columns__:
#     efficiency:
#       __class__: astropy.units.quantity.Quantity
#       unit: !astropy.units.Unit {unit: '%'}
#       value: !astropy.table.SerializedColumn {name: efficiency}
#     wavelength:
#       __class__: astropy.units.quantity.Quantity
#       unit: !astropy.units.Unit {unit: nm}
#       value: !astropy.table.SerializedColumn {name: wavelength}
# schema: astropy-2.0
wavelength efficiency
300.0 0.41241059079766273
301.0 0.3413300961256027
302.0 0.270249554887414
303.0 0.2276894636452198
304.0 0.1851293840445578
305.0 0.18261163495481014
306.0 0.1800938742235303
307.0 0.16287901671603322
308.0 0.14566417085006833
309.0 0.1311220694333315
310.0 0.11657997965812683
311.0 0.11603424791246653
312.0 0.11548851616680622
313.0 0.0997224124148488
314.0 0.08395630866289139
315.0 0.0793623214121908
316.0 0.07476832251995802
317.0 0.07130319718271494
318.0 0.06783807766623795
319.0 0.06411063368432224
320.0 0.06038319552317262
321.0 0.05934852524660528
322.0 0.058313849149271846
323.0 0.05186921334825456
324.0 0.045424586278386414
325.0 0.04391208349261433
326.0 0.04239958361722529
327.0 0.038300585583783686
328.0 0.03420158463995904
329.0 0.03593284054659307
330.0 0.03766409063246101
331.0 0.03623707452788949
332.0 0.03481005842331797
333.0 0.031183825922198594
334.0 0.027557596331462264
335.0 0.024726949050091207
336.0 0.021896304679103196
337.0 0.020847386622335762
338.0 0.019798468565568328
339.0 0.019037745369132608
340.0 0.018277020717505366
341.0 0.018118592561222613
342.0 0.017960165860131383
343.0 0.017481956456322223
344.0 0.017003747052513063
345.0 0.016395532293245196
346.0 0.01578731753397733
347.0 0.01371937250951305
348.0 0.011651429667836055
349.0 0.012040036381222308
350.0 0.012428642367012799
351.0 0.011812867887783796
352.0 0.011197094136150554
353.0 0.010844603093573824
354.0 0.010492111323401332
355.0 0.010777782881632447
356.0 0.011063457350246608
357.0 0.010676734382286668
358.0 0.010290012141922489
359.0 0.009975324792321771
360.0 0.009660635987529531
361.0 0.009741135727381334
362.0 0.009821634739637375
363.0 0.00891601011971943
364.0 0.008010385499801487
365.0 0.008509905455866829
366.0 0.009009424684336409
367.0 0.008804949175100774
368.0 0.008600472938269377
369.0 0.007952195301186293
370.0 0.007303918391698971
371.0 0.008310048724524677
372.0 0.009316179057350382
373.0 0.008727328531676903
374.0 0.008138476550811902
375.0 0.006707064312649891
376.0 0.005275652438285761
377.0 0.005296814197208732
378.0 0.005317976319929585
379.0 0.005201020758249797
380.0 0.005084065196570009
381.0 0.004747157072415575
382.0 0.00441024822066538
383.0 0.004803826595889404
384.0 0.005197404607315548
385.0 0.005124161907588132
386.0 0.005050919207860716
387.0 0.004995807830709964
388.0 0.004940696453559212
389.0 0.004650962000596337
390.0 0.004361227183835581
391.0 0.004393592826090753
392.0 0.0044259581045480445
393.0 0.004082071245647967
394.0 0.0037381840229500085
395.0 0.0037108515243744478
396.0 0.003683519025798887
397.0 0.0037775946111651137
398.0 0.003871670560329221
399.0 0.004139751399634406
400.0 0.00440783187514171
401.0 0.0051575938414316624
402.0 0.005907355807721615
403.0 0.005641675306833349
404.0 0.005375994442147203
405.0 0.004989025910617784
406.0 0.004602056287694722
407.0 0.004954034011461772
408.0 0.00530601100763306
409.0 0.005034758578403853
410.0 0.004763505785376765
411.0 0.004388505476526916
412.0 0.004013505531474948
413.0 0.004271406214684248
414.0 0.004529306897893548
415.0 0.004262827496859245
416.0 0.003996347732027061
417.0 0.0035689870856003836
418.0 0.003141626439173706
419.0 0.003469784860499203
420.0 0.00379794291802682
421.0 0.0031356521503767
422.0 0.0024733617465244606
423.0 0.0028277137971599586
424.0 0.0031820658477954566
425.0 0.002937072713393718
426.0 0.0026920795789919794
427.0 0.0023460765078198165
428.0 0.002000073618546594
429.0 0.0019322756998008117
430.0 0.0018644779629539698
431.0 0.0021130996174179018
432.0 0.0023617210899828933
433.0 0.0026080117095261812
434.0 0.00285430269286735
435.0 0.002758680966508109
436.0 0.0026630597858456895
437.0 0.0025368364731548354
438.0 0.0024106133423629217
439.0 0.0020437420971575193
440.0 0.001676870851952117
441.0 0.0015582781998091377
442.0 0.001439685274817748
443.0 0.0014110627489571925
444.0 0.001382440223096637
445.0 0.0018029330021818168
446.0 0.0022234256903175265
447.0 0.002504706753825303
448.0 0.0027859876354341395
449.0 0.0023830940335756168
450.0 0.0019802002498181537
451.0 0.0016675874576321803
452.0 0.0013549743925977964
453.0 0.0021503738025785424
454.0 0.002945772939710878
455.0 0.0025545172320562415
456.0 0.002163261524401605
457.0 0.0015400048141600564
458.0 0.0009167479220195673
459.0 0.0012379644431348424
460.0 0.0015591809642501175
461.0 0.0014232771718525328
462.0 0.0012873731975560077
463.0 0.0011482025911391247
464.0 0.0010090319847222418
465.0 0.0015032058399810921
466.0 0.001997379331442062
467.0 0.0016790092558949254
468.0 0.0013606389984488487
469.0 0.0010662206477718428
470.0 0.0007718021151958965
471.0 0.000927141445572488
472.0 0.0010824808668985497
473.0 0.001269533640879672
474.0 0.0014565865967597347
475.0 0.0013051975656708237
476.0 0.0011538084436324425
477.0 0.0012392993994581047
478.0 0.0013247902643342968
479.0 0.0016137364582391456
480.0 0.0019026827430934645
481.0 0.0013034677976975217
482.0 0.0007042528068268439
483.0 0.0009643794328439981
484.0 0.0012245058314874768
485.0 0.0013913796465203632
486.0 0.0015582534615532495
487.0 0.001278885974898003
488.0 0.0009995183972932864
489.0 0.001101863836083794
490.0 0.0012042095477227122
491.0 0.0012056917512381915
492.0 0.0012071739547536708
493.0 0.0015141311450861394
494.0 0.0018210881535196677
495.0 0.0016160909581230953
496.0 0.0014110936717770528
497.0 0.001146159502241062
498.0 0.0008812254236545414
499.0 0.0011504184840305243
500.0 0.001419611453457037
501.0 0.0013359132935875095
502.0 0.0012522152246674523
503.0 0.0012137915291532408
504.0 0.0011753677426895592
505.0 0.001299919040320674
506.0 0.0014244700651033781
507.0 0.0013604085324914195
508.0 0.0012963468179805204
509.0 0.0012755570423905738
510.0 0.0012547669939522166
511.0 0.0012025354408251587
512.0 0.0011503037057991605
513.0 0.001393413549521938
514.0 0.0016365231203963049
515.0 0.0013713251973968
516.0 0.0011061273653467651
517.0 0.0010339507753087673
518.0 0.0009617742762202397
519.0 0.0012553146916616242
520.0 0.0015488552890019491
521.0 0.0016284777302644216
522.0 0.001708100171526894
523.0 0.0016289834093186073
524.0 0.0015498664652113803
525.0 0.0011152822480653413
526.0 0.0006806977125961566
527.0 0.0009574579962645657
528.0 0.0012342182344582397
529.0 0.0011731611266441178
530.0 0.001112104109779466
531.0 0.0013096121620037593
532.0 0.001507120396126993
533.0 0.0012488527318055276
534.0 0.0009905848855851218
535.0 0.0013738225788983982
536.0 0.001757060454110615
537.0 0.0017195945474668406
538.0 0.001682129004620947
539.0 0.0013157447028788738
540.0 0.0009493603101873305
541.0 0.0011521588021423668
542.0 0.0013549571121984627
543.0 0.0010923816262220498
544.0 0.0008298062311951071
545.0 0.0014090816875977907
546.0 0.0019883571440004744
547.0 0.002094048795697745
548.0 0.002199740265496075
549.0 0.002017446058744099
550.0 0.0018351520338910632
551.0 0.0016160649465746246
552.0 0.0013969782230560668
553.0 0.0017094700524467044
554.0 0.0020219616999384016
555.0 0.002097730612149462
556.0 0.0021734995243605226
557.0 0.0016167265130206943
558.0 0.0010599535016808659
559.0 0.001360771511826897
560.0 0.0016615895219729282
561.0 0.001285901635128539
562.0 0.0009102135663852096
563.0 0.0010919783562712837
564.0 0.001273743237106828
565.0 0.0016729780327295884
566.0 0.0020722125555039383
567.0 0.0023653637981624343
568.0 0.0026585146770230494
569.0 0.0027201596822123975
570.0 0.0027818046874017455
571.0 0.0026296134819858707
572.0 0.002477422276569996
573.0 0.002309719639015384
574.0 0.0021420168195618317
575.0 0.0020786568711628206
576.0 0.002015296558965929
577.0 0.0020408298951224424
578.0 0.0020663628674810752
579.0 0.0018741942767519504
580.0 0.0016820256860228255
581.0 0.0015290201190509833
582.0 0.0013760147339780815
583.0 0.0014249731066229288
584.0 0.0014739312973688357
585.0 0.001704549322312232
586.0 0.0019351671653566882
587.0 0.0019808680008281954
588.0 0.0020265688362997025
589.0 0.0021318508515832946
590.0 0.0022371332306647673
591.0 0.0019305703972349875
592.0 0.0016240075638052076
593.0 0.0015729363440186717
594.0 0.0015218650332826655
595.0 0.0011232665201532654
596.0 0.0007246680070238654
597.0 0.0009415998647455126
598.0 0.0011585319043661002
599.0 0.00100032566479058
600.0 0.0008421194252150599
601.0 0.0006387303528754273
602.0 0.0004353412805357948
603.0 0.0007672745596210007
604.0 0.0010992076568072662
605.0 0.00113216410682071
606.0 0.0011651202839857433
607.0 0.0009132058039540425
608.0 0.0006612913693970768
609.0 0.0006491417025245028
610.0 0.0006369920811266638
611.0 0.0007841478691261727
612.0 0.0009313035661762115
613.0 0.0008991215509013273
614.0 0.0008669395356264431
615.0 0.0010597670552670024
616.0 0.0012525944839580916
617.0 0.0013368811778491363
618.0 0.0014211680536391214
619.0 0.00157653157657478
620.0 0.0017318954633083194
621.0 0.0015070977497089189
622.0 0.0012823000361095183
623.0 0.001305869773204904
624.0 0.0013294397831487004
625.0 0.0014879070477036294
626.0 0.0016463744032080285
627.0 0.001961454654519912
628.0 0.002276534723932855
629.0 0.00213449038710678
630.0 0.001992446050280705
631.0 0.002121376746799797
632.0 0.0022503074433188885
633.0 0.002745061101450119
634.0 0.00323981475958135
635.0 0.0057836608903016895
636.0 0.008327508112415671
637.0 0.015520221495535225
638.0 0.0227129363338463
639.0 0.01992692705243826
640.0 0.01714091922622174
641.0 0.014878157526254654
642.0 0.012615392915904522
643.0 0.009146577212959528
644.0 0.005677762601408176
645.0 0.0057551878853701055
646.0 0.005832613533129916
647.0 0.005574910755967721
648.0 0.005317208342603408
649.0 0.0041974322812166065
650.0 0.003077656219829805
651.0 0.0033429005270591006
652.0 0.0036081451980862767
653.0 0.0030089289793977514
654.0 0.0024097125788102858
655.0 0.0023164595404523425
656.0 0.0022232061382965185
657.0 0.002130194116034545
658.0 0.0020371820937725715
659.0 0.0020814151866943575
660.0 0.002125647915818263
661.0 0.0021973059119773097
662.0 0.0022689637262374163
663.0 0.0017112375644501299
664.0 0.001153511129814433
665.0 0.0012655339560296852
666.0 0.0013775566003459971
667.0 0.0015254648133122828
668.0 0.0016733731172280386
669.0 0.0015831252312636934
670.0 0.0014928770724509377
671.0 0.0012325225725362543
672.0 0.0009721680726215709
673.0 0.0011839307262562215
674.0 0.0013956935617898125
675.0 0.001340045673714485
676.0 0.0012843977856391575
677.0 0.0014368569281941745
678.0 0.0015893161616986617
679.0 0.0019074297597398981
680.0 0.0022255437215790153
681.0 0.0018713024473981932
682.0 0.0015170612641668413
683.0 0.0020285524442442693
684.0 0.002540043533372227
685.0 0.002457624395901803
686.0 0.0023752050765324384
687.0 0.0023322661945712753
688.0 0.0022893271307111718
689.0 0.002259256325487513
690.0 0.0022291857021627948
691.0 0.002356472577957902
692.0 0.002483759271854069
693.0 0.0027956406484008767
694.0 0.003107521479250863
695.0 0.003432327139307745
696.0 0.0037571327993646264
697.0 0.003453093086136505
698.0 0.003149053009110503
699.0 0.004912416989100166
700.0 0.006675779877696186
701.0 0.006804664008086547
702.0 0.0069335503212641925
703.0 0.006263834802666679
704.0 0.0055941218306543306
705.0 0.004695622919825837
706.0 0.003797124736593105
707.0 0.0035731638490688056
708.0 0.0033492025977466255
709.0 0.0038652491639368236
710.0 0.004381295366329141
711.0 0.003941336763091385
712.0 0.0035013781598536298
713.0 0.002786764525808394
714.0 0.002072150891763158
715.0 0.0022923582946532406
716.0 0.0025125658794422634
717.0 0.0023024857000564225
718.0 0.002092405702569522
719.0 0.0019324783352203667
720.0 0.0017725515135680325
721.0 0.001719789725029841
722.0 0.00166702811839059
723.0 0.0019910021364921704
724.0 0.002314976154593751
725.0 0.0022171605451148935
726.0 0.0021193447537370957
727.0 0.0020494650016189553
728.0 0.0019795850676018745
729.0 0.0018406299204798415
730.0 0.0017016745914588682
731.0 0.0015711593732703477
732.0 0.0014406444279302377
733.0 0.0015039406207506545
734.0 0.001567236722621601
735.0 0.0014271186955738813
736.0 0.0012870006685261615
737.0 0.0014582014046027325
738.0 0.0016294019587803632
739.0 0.0015126092876016628
740.0 0.0013958162526250817
741.0 0.0015096609786269255
742.0 0.001623505522729829
743.0 0.001740559127938468
744.0 0.001857612733147107
745.0 0.0019355837139301002
746.0 0.002013554512814153
747.0 0.002063186730083544
748.0 0.002112819129251875
749.0 0.002725481681409292
750.0 0.0033381445973645896
751.0 0.0032231218938250095
752.0 0.0031080991902854294
753.0 0.003008068597409874
754.0 0.002908038004534319
755.0 0.002735198359005153
756.0 0.0025623587134759873
757.0 0.0027039923224947415
758.0 0.002845626113412436
759.0 0.0028655764253926463
760.0 0.002885526919271797
761.0 0.004511821316555142
762.0 0.006138116441434249
763.0 0.005898844028706662
764.0 0.005659570888383314
765.0 0.005228140071267262
766.0 0.004796708162757568
767.0 0.004380481186672114
768.0 0.003964252755395137
769.0 0.004410336259752512
770.0 0.004856420127907768
771.0 0.004208169048069976
772.0 0.0035599179682321846
773.0 0.003691503297886811
774.0 0.003823088263743557
775.0 1.6066321450319831e-10
776.0 1.6066321450319831e-10
777.0 0.028821357409469783
778.0 1.6066321450319831e-10
779.0 0.06764476420357823
780.0 0.01264794118469581
781.0 1.6066321450319831e-10
782.0 1.6066321450319831e-10
783.0 1.6066321450319831e-10
784.0 0.01571038883412257
785.0 0.003459735307842493
786.0 1.6066321450319831e-10
787.0 0.04505843389779329
788.0 0.010415039287181571
789.0 1.6066321450319831e-10
790.0 4.3805707150568196e-05
791.0 0.03902630414813757
792.0 0.04494952445384115
793.0 0.04539884102996439
794.0 0.04714202950708568
795.0 0.019111669098492712
796.0 1.6066321450319831e-10
797.0 0.12403751024976373
798.0 0.10902631329372525
799.0 0.10751871159300208
800.0 0.1588708139024675
801.0 0.41842483915388584
802.0 0.634624483063817
803.0 1.0190495289862156
804.0 1.9688518717885017
805.0 2.8625501319766045
806.0 4.261644557118416
807.0 6.20311051607132
808.0 8.493157476186752
809.0 11.174114048480988
810.0 14.343658089637756
811.0 17.593783140182495
812.0 20.467323064804077
813.0 23.479168117046356
814.0 26.44488215446472
815.0 30.790644884109497
816.0 35.95578670501709
817.0 41.666004061698914
818.0 47.52058386802673
819.0 53.64294648170471
820.0 61.169177293777466
821.0 68.95570158958435
822.0 74.94275569915771
823.0 80.54958581924438
824.0 85.55938005447388
825.0 90.33573269844055
826.0 93.43452453613281
827.0 96.07969522476196
828.0 97.82869815826416
829.0 98.64362478256226
830.0 98.73522520065308
831.0 99.37490224838257
832.0 98.78454208374023
833.0 99.69691634178162
834.0 98.58110547065735
835.0 99.17008876800537
836.0 99.26613569259644
837.0 99.39308762550354
838.0 98.26432466506958
839.0 98.37453365325928
840.0 98.283451795578
841.0 99.77548718452454
842.0 99.64550733566284
843.0 99.87584352493286
844.0 98.2403039932251
845.0 98.57967495918274
846.0 98.69658350944519
847.0 98.55765104293823
848.0 99.76312518119812
849.0 98.5356330871582
850.0 98.24731349945068
851.0 99.63219165802002
852.0 99.18261170387268
853.0 98.74473810195923
854.0 99.59282279014587
855.0 98.29676747322083
856.0 99.16156530380249
857.0 97.77286052703857
858.0 98.78673553466797
859.0 99.55382943153381
860.0 98.66548180580139
861.0 98.85900020599365
862.0 98.79464507102966
863.0 98.35150837898254
864.0 99.68282580375671
865.0 99.47206377983093
866.0 98.74435663223267
867.0 99.29357171058655
868.0 99.67616200447083
869.0 98.8512396812439
870.0 98.15521836280823
871.0 98.81740808486938
872.0 99.2273211479187
873.0 99.14050698280334
874.0 99.51516389846802
875.0 98.94506335258484
876.0 99.36555624008179
877.0 99.53265190124512
878.0 99.34720993041992
879.0 98.58024716377258
880.0 98.47540259361267
881.0 99.9801754951477
882.0 99.01177287101746
883.0 98.7870991230011
884.0 99.20501112937927
885.0 98.91350269317627
886.0 98.82813096046448
887.0 98.7527072429657
888.0 99.01566505432129
889.0 99.29437637329102
890.0 98.19435477256775
891.0 99.28087592124939
892.0 98.91001582145691
893.0 98.9452600479126
894.0 97.9413628578186
895.0 99.49215650558472
