lsstCam/transmission_filter_detector/r42_s11/g_6/19700101T000000.ecsv
# %ECSV 1.0
# ---
# datatype:
# - {name: wavelength, unit: nm, datatype: float32}
# - {name: efficiency, unit: '%', datatype: float64}
# meta: !!omap
# - {MODE: DETECTOR}
# - {TYPE: transmission_filter_detector}
# - {CALIBDATE: '1970-01-01T00:00:00'}
# - {INSTRUME: LSSTCam}
# - {OBSTYPE: transmission_filter_detector}
# - {CALIBCLS: lsst.ip.isr.IntermediateFilterDetectorTransmissionCurve}
# - {SOURCE: Materion (DM-46256)}
# - {DETECTOR: 175}
# - {FILTER: g_6}
# - {CALIB_ID: 'calibDate=1970-01-01T00:00:00 filter=g_6 detector=175'}
# - {DATE: '2025-04-02T15:59:42.837611'}
# - {CALIB_CREATION_DATE: '2025-04-02'}
# - {CALIB_CREATION_TIME: '15:59:42'}
# - __serialized_columns__:
#     efficiency:
#       __class__: astropy.units.quantity.Quantity
#       unit: !astropy.units.Unit {unit: '%'}
#       value: !astropy.table.SerializedColumn {name: efficiency}
#     wavelength:
#       __class__: astropy.units.quantity.Quantity
#       unit: !astropy.units.Unit {unit: nm}
#       value: !astropy.table.SerializedColumn {name: wavelength}
# schema: astropy-2.0
wavelength efficiency
300.0 0.34665209241211414
301.0 0.29790010303258896
302.0 0.24914813693612814
303.0 0.2413654699921608
304.0 0.23358280304819345
305.0 0.22953050211071968
306.0 0.22547817789018154
307.0 0.21598206367343664
308.0 0.20648592617362738
309.0 0.19658003002405167
310.0 0.1866740989498794
311.0 0.18748485017567873
312.0 0.18829562468454242
313.0 0.18472044030204415
314.0 0.18114529084414244
315.0 0.17676152056083083
316.0 0.17237772699445486
317.0 0.17232336103916168
318.0 0.17226901836693287
319.0 0.15808645403012633
320.0 0.1439038896933198
321.0 0.13181144604459405
322.0 0.1197190023958683
323.0 0.10957947233691812
324.0 0.09943994227796793
325.0 0.08788288687355816
326.0 0.0763258314691484
327.0 0.07158668013289571
328.0 0.06684752297587693
329.0 0.06047986098565161
330.0 0.0541121989954263
331.0 0.05102884606458247
332.0 0.04794549895450473
333.0 0.04548949655145407
334.0 0.043033494148403406
335.0 0.04066839755978435
336.0 0.03830329515039921
337.0 0.03899245348293334
338.0 0.03968161472585052
339.0 0.03910941304638982
340.0 0.03853721427731216
341.0 0.03678619978018105
342.0 0.03503518528304994
343.0 0.03183555672876537
344.0 0.028635928174480796
345.0 0.02537473337724805
346.0 0.022113534214440733
347.0 0.020351256534922868
348.0 0.018588980310596526
349.0 0.017020937229972333
350.0 0.13504500966519117
351.0 1.1963974684476852
352.0 0.1903663738630712
353.0 0.7423915434628725
354.0 0.17228879733011127
355.0 0.8444353006780148
356.0 0.16304118325933814
357.0 0.7682464085519314
358.0 0.09527750662527978
359.0 0.9610245004296303
360.0 0.12525671627372503
361.0 0.7682363968342543
362.0 0.14360707718878984
363.0 0.5530033726245165
364.0 0.16864414792507887
365.0 0.805933028459549
366.0 0.18182456260547042
367.0 0.6848576478660107
368.0 0.12354407226666808
369.0 0.6557795684784651
370.0 0.10921122739091516
371.0 0.6053045857697725
372.0 0.09996799053624272
373.0 0.6194866262376308
374.0 0.09349274914711714
375.0 0.5551702808588743
376.0 0.09784146677702665
377.0 0.4555387422442436
378.0 0.1315886853262782
379.0 0.5670634564012289
380.0 0.14307537348940969
381.0 0.5334143526852131
382.0 0.5528656300157309
383.0 0.5276720505207777
384.0 0.5258218385279179
385.0 0.5644270218908787
386.0 0.5977308377623558
387.0 0.7252012845128775
388.0 0.8652123622596264
389.0 1.1840281076729298
390.0 1.6258127987384796
391.0 2.6601560413837433
392.0 4.161221906542778
393.0 6.5810322761535645
394.0 9.972231090068817
395.0 14.477188885211945
396.0 20.118366181850433
397.0 27.289485931396484
398.0 35.66630184650421
399.0 44.8399543762207
400.0 54.222506284713745
401.0 63.284748792648315
402.0 71.59628868103027
403.0 78.72758507728577
404.0 83.99983644485474
405.0 88.0114197731018
406.0 90.27451276779175
407.0 92.19050407409668
408.0 93.18223595619202
409.0 93.77337098121643
410.0 93.96792650222778
411.0 93.76786351203918
412.0 93.51295232772827
413.0 93.2502031326294
414.0 93.05370450019836
415.0 93.24114322662354
416.0 93.55633854866028
417.0 93.85716915130615
418.0 94.36032176017761
419.0 94.92369890213013
420.0 95.4263985157013
421.0 96.00979685783386
422.0 96.15175724029541
423.0 96.34731411933899
424.0 96.23017907142639
425.0 96.14500999450684
426.0 96.10565900802612
427.0 96.16617560386658
428.0 95.93473672866821
429.0 95.77131867408752
430.0 95.70075869560242
431.0 95.71154117584229
432.0 95.78543901443481
433.0 95.87687849998474
434.0 95.9163248538971
435.0 96.0721492767334
436.0 96.1226761341095
437.0 96.06093168258667
438.0 96.14839553833008
439.0 96.2114691734314
440.0 96.21827602386475
441.0 96.34528756141663
442.0 96.32788300514221
443.0 96.32700681686401
444.0 96.30282521247864
445.0 95.93721628189087
446.0 95.84354162216187
447.0 95.64135074615479
448.0 95.6487774848938
449.0 95.78585624694824
450.0 96.01860642433167
451.0 96.18167281150818
452.0 96.46289348602295
453.0 96.52019143104553
454.0 96.66047096252441
455.0 96.92623019218445
456.0 96.99193239212036
457.0 97.15889096260071
458.0 97.15698957443237
459.0 97.19340801239014
460.0 97.16740250587463
461.0 97.29886651039124
462.0 97.23662734031677
463.0 97.1708595752716
464.0 97.24340438842773
465.0 97.18161821365356
466.0 97.17968106269836
467.0 97.1833884716034
468.0 97.19827771186829
469.0 97.26569056510925
470.0 97.06288576126099
471.0 96.96058630943298
472.0 97.02501893043518
473.0 96.91656827926636
474.0 96.77496552467346
475.0 96.92734479904175
476.0 96.85858488082886
477.0 96.93779349327087
478.0 97.04195261001587
479.0 97.04242944717407
480.0 97.20195531845093
481.0 97.27941155433655
482.0 97.45373725891113
483.0 97.37062454223633
484.0 97.54534959793091
485.0 97.61370420455933
486.0 97.61784672737122
487.0 97.68442511558533
488.0 97.66730666160583
489.0 97.77275323867798
490.0 97.75066375732422
491.0 97.79326319694519
492.0 97.73509502410889
493.0 97.75565266609192
494.0 97.69807457923889
495.0 97.72312045097351
496.0 97.58021235466003
497.0 97.44850993156433
498.0 97.28140830993652
499.0 97.36663699150085
500.0 97.30889201164246
501.0 97.24316000938416
502.0 97.1963882446289
503.0 97.32367396354675
504.0 97.18359112739563
505.0 97.158282995224
506.0 97.19498753547668
507.0 97.18818068504333
508.0 97.16086387634277
509.0 97.17759490013123
510.0 97.16342091560364
511.0 97.10533022880554
512.0 97.0105528831482
513.0 97.09591865539551
514.0 97.04801440238953
515.0 97.08252549171448
516.0 97.17379808425903
517.0 97.14892506599426
518.0 97.24586009979248
519.0 97.29308485984802
520.0 97.30933904647827
521.0 97.41934537887573
522.0 97.37801551818848
523.0 97.42633104324341
524.0 97.38600254058838
525.0 97.3636269569397
526.0 97.45177626609802
527.0 97.41621017456055
528.0 97.48433232307434
529.0 97.60245084762573
530.0 97.62059450149536
531.0 97.772616147995
532.0 97.61713147163391
533.0 97.62709140777588
534.0 97.6573646068573
535.0 97.50047326087952
536.0 97.1760630607605
537.0 96.68971300125122
538.0 95.91920971870422
539.0 94.60218548774719
540.0 92.98375844955444
541.0 90.45809507369995
542.0 87.78894543647766
543.0 84.1891348361969
544.0 79.63613867759705
545.0 75.55963397026062
546.0 70.57462930679321
547.0 66.06180667877197
548.0 61.486512422561646
549.0 57.399868965148926
550.0 54.18846607208252
551.0 51.07449293136597
552.0 48.74540567398071
553.0 46.2778776884079
554.0 43.495386838912964
555.0 40.34730792045593
556.0 36.173102259635925
557.0 31.299856305122375
558.0 25.94197988510132
559.0 20.627768337726593
560.0 15.440188348293304
561.0 10.596737265586853
562.0 6.8893782794475555
563.0 4.088969901204109
564.0 2.2718677297234535
565.0 0.7342923898249865
566.0 0.5833227187395096
567.0 0.2582052955403924
568.0 0.18182463245466352
569.0 0.08428147411905229
570.0 0.07409273530356586
571.0 0.037476461147889495
572.0 0.0498759385664016
573.0 0.020309911633376032
574.0 0.04161025572102517
575.0 0.013603556726593524
576.0 0.0329142261762172
577.0 0.01025398523779586
578.0 0.03079533635172993
579.0 0.010066224785987288
580.0 0.02656792930793017
581.0 0.012893789971712977
582.0 0.036410882603377104
583.0 0.007320699660340324
584.0 0.02972918446175754
585.0 0.004166003782302141
586.0 0.027823034906759858
587.0 0.006549978570546955
588.0 0.01674380910117179
589.0 0.006433371891034767
590.0 0.01981091481866315
591.0 0.005074434011476114
592.0 0.004307520066504367
593.0 0.0023799806513125077
594.0 0.018221340724267066
595.0 0.0046585006202803925
596.0 0.01566936116432771
597.0 0.0029337979867705144
598.0 0.018674352031666785
599.0 0.003666719567263499
600.0 0.012313963088672608
601.0 0.00233599294006126
602.0 0.002293934812769294
603.0 0.002251876503578387
604.0 0.00214755618799245
605.0 0.0020432358724065125
606.0 0.0019925215383409522
607.0 0.0019418075680732727
608.0 0.0019448740204097703
609.0 0.0019479406546452083
610.0 0.001903953125292901
611.0 0.0018599655959405936
612.0 0.0019045361113967374
613.0 0.0019491068087518215
614.0 0.0018996781363966875
615.0 0.001850249282142613
616.0 0.0018731610907707363
617.0 0.0018960727174999192
618.0 0.0016500162018928677
619.0 0.0014039596862858161
620.0 0.0014163332707539666
621.0 0.001428706764272647
622.0 0.0013859571481589228
623.0 0.0013432075320451986
624.0 0.001345515192952007
625.0 0.0013478230357577559
626.0 0.001361409704259131
627.0 0.001374996736558387
628.0 0.0013546393347496632
629.0 0.00133428220578935
630.0 0.0013789173863187898
631.0 0.0014235525668482296
632.0 0.0014723189451615326
633.0 0.0015210853234748356
634.0 0.0013941486031399108
635.0 0.001267211791855516
636.0 0.00126280219774344
637.0 0.0012583927855303045
638.0 0.0012283150681469124
639.0 0.00119823725981405
640.0 0.0012475547919166274
641.0 0.001296872414968675
642.0 0.0012164289728389122
643.0 0.00113598589450703
644.0 0.0010972815289278515
645.0 0.0010585775271465536
646.0 0.0011025550520571414
647.0 0.0011465323041193187
648.0 0.0011565698514459655
649.0 0.001166607307823142
650.0 0.0010775977898447309
651.0 0.0009885882718663197
652.0 0.001118844284064835
653.0 0.00124910020531388
654.0 0.0011342577636241913
655.0 0.0010194152309850324
656.0 0.0010978870705002919
657.0 0.0011763590009650216
658.0 0.0011705677025020123
659.0 0.0011647764949884731
660.0 0.0011725330296030734
661.0 0.0011802895642176736
662.0 0.0011529818948474713
663.0 0.0011256744983256795
664.0 0.001083839924831409
665.0 0.0010420051694381982
666.0 0.0010442705388413742
667.0 0.0010465357263456099
668.0 0.0010139336154679768
669.0 0.0009813314136408735
670.0 0.0010087383088830393
671.0 0.001036145204125205
672.0 0.0010428878340462688
673.0 0.001049630645866273
674.0 0.0010464977094670758
675.0 0.0010433645911689382
676.0 0.0009943617442331742
677.0 0.0009453588063479401
678.0 0.0009637727998779155
679.0 0.0009821866115089506
680.0 0.0009873323506326415
681.0 0.0009924781807058025
682.0 0.0010032872523879632
683.0 0.0010140965969185345
684.0 0.0009332306035503279
685.0 0.0008523646101821214
686.0 0.0008916677870729472
687.0 0.0009309708730143029
688.0 0.0010040567758551333
689.0 0.0010771424058475532
690.0 0.0010686542736948468
691.0 0.0010601661415421404
692.0 0.0010119483704329468
693.0 0.0009637304174248129
694.0 0.0009786494047148153
695.0 0.0009935683010553475
696.0 0.0010276073226123117
697.0 0.001061646435118746
698.0 0.0010402551197330467
699.0 0.0010188638043473475
700.0 0.0010277245564793702
701.0 0.0010365852176619228
702.0 0.0010899595508817583
703.0 0.0011433335203037132
704.0 0.0011021399586752523
705.0 0.0010609464879962616
706.0 0.0010259163900627755
707.0 0.0009908863830787595
708.0 0.0010569519872660749
709.0 0.001123017955251271
710.0 0.001099361998058157
711.0 0.0010757060408650432
712.0 0.0010916908649960533
713.0 0.0011076758710260037
714.0 0.0012109444469388109
715.0 0.0013142131138010882
716.0 0.0013947505976830143
717.0 0.0014752881725144107
718.0 0.0014823113815509714
719.0 0.0014893345905875321
720.0 0.0012375826372590382
721.0 0.000985830592981074
722.0 0.0010897113497776445
723.0 0.0011935921975236852
724.0 0.0012448816960386466
725.0 0.0012961713764525484
726.0 0.0013823265362589154
727.0 0.0014684817870147526
728.0 0.0015398627510876395
729.0 0.0016112438970594667
730.0 0.0017232468962902203
731.0 0.001835249895520974
732.0 0.0017185382603202015
733.0 0.0016018269889173098
734.0 0.0015729148799437098
735.0 0.0015440029528690502
736.0 0.0014207366803020705
737.0 0.0012974701348866802
738.0 0.0011700542927428614
739.0 0.0010426385415485129
740.0 0.0010585814379737712
741.0 0.00107452451629797
742.0 0.00113508303911658
743.0 0.0011956417438341305
744.0 0.0010728365850809496
745.0 0.0009500315172772389
746.0 0.0008984261512523517
747.0 0.0008468208761769347
748.0 0.00081518237493583
749.0 0.0007835438736947253
750.0 0.0008130379683279898
751.0 0.0008425321539107244
752.0 0.000845662179926876
753.0 0.000848791933094617
754.0 0.0007591204848722555
755.0 0.0006694489911751589
756.0 0.0006976809800107731
757.0 0.0007259130597958574
758.0 0.0007211780939542223
759.0 0.0007164431735873222
760.0 0.0006305861916189315
761.0 0.0005447292096505407
762.0 0.0006451470653701108
763.0 0.0007455648301402107
764.0 0.0005893663910683244
765.0 0.0004331679974711733
766.0 0.0005104031970404321
767.0 0.0005876384420844261
768.0 0.0005859136308572488
769.0 0.0005841887741553364
770.0 0.000569421081308974
771.0 0.0005546532975131413
772.0 0.0005563134436670225
773.0 0.0005579737717198441
774.0 0.0006478264822362689
775.0 0.0007376794656011043
776.0 0.0006910989668540424
777.0 0.0006445183316827752
778.0 0.0006114239567978075
779.0 0.0005783295819128398
780.0 0.0005908663297304884
781.0 0.000603403123022872
782.0 0.0005545988642552402
783.0 0.0005057946054876084
784.0 0.0004531388185569085
785.0 0.00040048312257567886
786.0 0.0005171861630515195
787.0 0.0006338892490020953
788.0 0.0005455798600451089
789.0 0.0004572702891891822
790.0 0.0003900824140146142
791.0 0.0003228945615774137
792.0 0.0003303730409243144
793.0 0.00033785154300858267
794.0 0.0003168405555697973
795.0 0.00029582959086837946
796.0 0.00043417558117653243
797.0 0.0005725216851715231
798.0 0.00044851576603832655
799.0 0.0003245098696424975
800.0 0.0002707768771870178
801.0 0.00021704388473153813
802.0 0.0003341834826642298
803.0 0.00045132305785955396
804.0 0.0005096694621897768
805.0 0.0005680158665199997
806.0 0.0004537528639048105
807.0 0.0003394898840269889
808.0 0.00038137227420520503
809.0 0.0004232547325955238
810.0 0.0003562063511708402
811.0 0.0002891579697461566
812.0 0.00028890858629893046
813.0 0.0002886591801143368
814.0 0.00033722280932124704
815.0 0.00038578646126552485
816.0 0.0003426876673984225
817.0 0.00029958887353132013
818.0 0.0003581758619475295
819.0 0.00041676285036373883
820.0 0.0004585990154737374
821.0 0.0005004352715332061
822.0 0.0005249892183201155
823.0 0.0005495431196322897
824.0 0.0003807446773862466
825.0 0.00021194621240283595
826.0 0.0003127259105895064
827.0 0.00041350558603880927
828.0 0.0004025993803224992
829.0 0.0003916932200809242
830.0 0.00038203788790269755
831.0 0.00037238264667394105
832.0 0.0003380980615474982
833.0 0.00030381349915842293
834.0 0.0003706346433318686
835.0 0.00043745585571741685
836.0 0.0003725569740709034
837.0 0.0003076580924243899
838.0 0.0003412680825931602
839.0 0.00037487802728719544
840.0 0.0003644403022917686
841.0 0.00035400266824581195
842.0 0.00047742710194143
843.0 0.0006008515811117832
844.0 0.0005114739906275645
845.0 0.0004220965365675511
846.0 0.0004074250227859011
847.0 0.0003927535090042511
848.0 0.0004539170276984805
849.0 0.00051508054639271
850.0 0.0004040865860588383
851.0 0.0002930926484623342
852.0 0.00032037592063716147
853.0 0.0003476592610240914
854.0 0.0003046467782041873
855.0 0.0002616343635963858
856.0 0.0003729096079041483
857.0 0.0004841848749492783
858.0 0.0004949037702317582
859.0 0.0005056226200395031
860.0 0.0003549802613633801
861.0 0.00020433785721252207
862.0 0.0002134044052581885
863.0 0.0002224709533038549
864.0 0.00029495238322851947
865.0 0.0003674338586279191
866.0 0.0002893328883146751
867.0 0.0002112318952640635
868.0 0.00035378834581933916
869.0 0.0004963448191119824
870.0 0.0004274959792383015
871.0 0.00035864713936462067
872.0 0.0004131617060920689
873.0 0.00046767631829425227
874.0 0.000438994402429671
875.0 0.0004103125320398249
876.0 0.0002716276640057913
877.0 0.00013294278460307396
878.0 0.00028706674584100256
879.0 0.0004411906502355123
880.0 0.000441429028796847
881.0 0.0004416672254592413
882.0 0.0005001409135729773
883.0 0.0005586145562119782
884.0 0.0005904407316847937
885.0 0.000622266770733404
886.0 0.0005286054147290997
887.0 0.0004349439223005902
888.0 0.0005165672973816982
889.0 0.0005981905815133359
890.0 0.0006262842362048104
891.0 0.0006543778454215499
892.0 0.0005758835413871566
893.0 0.000497389100928558
894.0 0.0005120093646837631
895.0 0.0005266294920147629
896.0 0.0006026809387549292
897.0 0.0006787323400203604
898.0 0.0004690028163167881
899.0 0.00025927329261321574
900.0 0.0002509287696739193
901.0 0.00024258422399725532
902.0 0.0002635881855894695
903.0 0.00028459212444431614
904.0 0.0003427139290579362
905.0 0.0004008357336715562
