lsstCam/transmission_filter_detector/r42_s11/g_6/19700101T000000.ecsv
# %ECSV 1.0
# ---
# datatype:
# - {name: wavelength, unit: nm, datatype: float32}
# - {name: efficiency, unit: '%', datatype: float64}
# meta: !!omap
# - {MODE: DETECTOR}
# - {TYPE: transmission_filter_detector}
# - {CALIBDATE: '1970-01-01T00:00:00'}
# - {INSTRUME: LSSTCam}
# - {OBSTYPE: transmission_filter_detector}
# - {CALIBCLS: lsst.ip.isr.IntermediateFilterDetectorTransmissionCurve}
# - {SOURCE: Materion (DM-46256)}
# - {DETECTOR: 175}
# - {FILTER: g_6}
# - {CALIB_ID: 'calibDate=1970-01-01T00:00:00 filter=g_6 detector=175'}
# - {DATE: '2025-04-02T15:59:42.837611'}
# - {CALIB_CREATION_DATE: '2025-04-02'}
# - {CALIB_CREATION_TIME: '15:59:42'}
# - __serialized_columns__:
#     efficiency:
#       __class__: astropy.units.quantity.Quantity
#       unit: !astropy.units.Unit {unit: '%'}
#       value: !astropy.table.SerializedColumn {name: efficiency}
#     wavelength:
#       __class__: astropy.units.quantity.Quantity
#       unit: !astropy.units.Unit {unit: nm}
#       value: !astropy.table.SerializedColumn {name: wavelength}
# schema: astropy-2.0
wavelength efficiency
[from data line 607]
907.0 0.0003400714604140376
908.0 0.0002926203478637035
909.0 0.00024516925805073697
910.0 0.0003161423819619813
911.0 0.0003871155513479607
912.0 0.0004421446192282019
913.0 0.0004971737325831782
914.0 0.00042262186070729513
915.0 0.00034807003430614714
916.0 0.0003247427002861514
917.0 0.0003014153662661556
918.0 0.0003336024064992671
919.0 0.00036578944673237856
920.0 0.00037628726659022504
921.0 0.0003867850864480715
922.0 0.0003902954631485045
923.0 0.0003938057943742024
924.0 0.0003873159585054964
925.0 0.00038082614537415793
926.0 0.00038440466596512124
927.0 0.0003879831183439819
928.0 0.0004136420557188103
929.0 0.0004393009476189036
930.0 0.00046538102651538793
931.0 0.0004914611054118723
932.0 0.00044335884012980387
933.0 0.00039525634747406
934.0 0.00040438958421873394
935.0 0.0004135227300139377
936.0 0.00044285256990406197
937.0 0.00047218240979418624
938.0 0.0005303691523295129
939.0 0.0005885558493901044
940.0 0.000622480183665175
941.0 0.0006564043360413052
942.0 0.0005972997769276844
943.0 0.0005381951723393286
944.0 0.0006047051101631951
945.0 0.0006712150025123265
946.0 0.0008682174666319042
947.0 0.0010652200217009522
948.0 0.0008977249308372848
949.0 0.0007302298854483524
950.0 0.0007416854259645334
951.0 0.0007531409664807143
952.0 0.0007750702025077771
953.0 0.0007969993930601049
954.0 0.0007612572062498657
955.0 0.0007255151558638318
956.0 0.0007088799975463189
957.0 0.0006922449301782763
958.0 0.000726016969565535
959.0 0.0007597890089527937
960.0 0.0006920372015883913
961.0 0.000624285394223989
962.0 0.000661727517581312
963.0 0.0006991694590396946
964.0 0.000626428663963452
965.0 0.0005536877324630041
966.0 0.000537856794835534
967.0 0.0005220257662585936
968.0 0.0006375156317517394
969.0 0.0007530054972448852
970.0 0.0006454524282162311
971.0 0.0005378992682381067
972.0 0.0006625673449889291
973.0 0.0007872356036386918
974.0 0.0007669395017728675
975.0 0.0007466433544323081
976.0 0.0007934188033686951
977.0 0.0008401941158808768
978.0 0.0008585213436163031
979.0 0.0008768482985033188
980.0 0.0008776507456786931
981.0 0.0008784533747530077
982.0 0.0010466723324498162
983.0 0.001214891472045565
984.0 0.0013431642400973942
985.0 0.0014714370990986936
986.0 0.001411725315847434
987.0 0.0013520138054445852
988.0 0.0013742932424065657
989.0 0.0013965724065201357
990.0 0.0014933621059753932
991.0 0.0015901516235317104
992.0 0.0015698424249421805
993.0 0.0015495330444537103
994.0 0.0015570652976748534
995.0 0.0015645975508959964
996.0 0.0015314690244849771
997.0 0.0014983407709223684
998.0 0.001512743801868055
999.0 0.0015271472875610925
1000.0 0.0014651982382929418
1001.0 0.0014032494618732017
1002.0 0.0013183450391807128
1003.0 0.0012334405255387537
1004.0 0.0012972659533261321
1005.0 0.0013610914720629808
1006.0 0.001361981139780255
1007.0 0.0013628707165480591
1008.0 0.0012484711987781338
1009.0 0.0011340715900587384
1010.0 0.0012576293556776363
1011.0 0.0013811873031954747
1012.0 0.001231595433637267
1013.0 0.0010820035640790593
1014.0 0.001291026364924619
1015.0 0.0015000495295680594
1016.0 0.0016518439224455506
1017.0 0.001803638406272512
1018.0 0.001974042061192449
1019.0 0.0021444453523145057
1020.0 0.002263376518385485
1021.0 0.002382307684456464
1022.0 0.00266178776655579
1023.0 0.002941267484857235
1024.0 0.003084801574004814
1025.0 0.003228335117455572
1026.0 0.0033467436878709123
1027.0 0.003465151894488372
1028.0 0.0037866615457460284
1029.0 0.004108171197003685
1030.0 0.004243215880705975
1031.0 0.004378260564408265
1032.0 0.004417972741066478
1033.0 0.004457685281522572
1034.0 0.004623290806193836
1035.0 0.004788896694662981
1036.0 0.00492947110615205
1037.0 0.005070045881439
1038.0 0.005092006176710129
1039.0 0.005113966835779138
1040.0 0.005272556882118806
1041.0 0.005431146564660594
1042.0 0.005547292676055804
1043.0 0.005663439151248895
1044.0 0.005906247315579094
1045.0 0.006149055843707174
1046.0 0.006454045796999708
1047.0 0.006759035750292242
1048.0 0.0072963215643540025
1049.0 0.007833607378415763
1050.0 0.00845532413222827
1051.0 0.009077040158445016
1052.0 0.010516926704440266
1053.0 0.011956814705627039
1054.0 0.013892904098611325
1055.0 0.01582899276399985
1056.0 0.018902900046668947
1057.0 0.021976808784529567
1058.0 0.026379417977295816
1059.0 0.030782032990828156
1060.0 0.03723922709468752
1061.0 0.04369641828816384
1062.0 0.05176560953259468
1063.0 0.05983480950817466
1064.0 0.06924374029040337
1065.0 0.07865270017646253
1066.0 0.08807203848846257
1067.0 0.09749138844199479
1068.0 0.10683598229661584
1069.0 0.11618059361353517
1070.0 0.1250581000931561
1071.0 0.13393561821430922
1072.0 0.14385738177224994
1073.0 0.15377915697172284
1074.0 0.16324975294992328
1075.0 0.1727203605696559
1076.0 0.1820298144593835
1077.0 0.19133924506604671
1078.0 0.2007368952035904
1079.0 0.2101345220580697
1080.0 0.21954404655843973
1081.0 0.2289535477757454
1082.0 0.2393887611106038
1083.0 0.24982397444546223
1084.0 0.2645108615979552
1085.0 0.2791977487504482
1086.0 0.30156478751450777
1087.0 0.3239318495616317
1088.0 0.36252853460609913
1089.0 0.4011251963675022
1090.0 0.4457594361156225
1091.0 0.49039367586374283
1092.0 0.5434475839138031
1093.0 0.5965014453977346
1094.0 0.6895828992128372
1095.0 0.7826643995940685
1096.0 0.8724700659513474
1097.0 0.9622755460441113
1098.0 1.020850706845522
1099.0 1.0794258676469326
1100.0 1.1654225178062916
1101.0 1.251419261097908
