lsstCam/transmission_filter_detector/r02_s21/r_57/19700101T000000.ecsv
# %ECSV 1.0
# ---
# datatype:
# - {name: wavelength, unit: nm, datatype: float32}
# - {name: efficiency, unit: '%', datatype: float64}
# meta: !!omap
# - {MODE: DETECTOR}
# - {TYPE: transmission_filter_detector}
# - {CALIBDATE: '1970-01-01T00:00:00'}
# - {INSTRUME: LSSTCam}
# - {OBSTYPE: transmission_filter_detector}
# - {CALIBCLS: lsst.ip.isr.IntermediateFilterDetectorTransmissionCurve}
# - {SOURCE: Materion (DM-46256)}
# - {DETECTOR: 16}
# - {FILTER: r_57}
# - {CALIB_ID: 'calibDate=1970-01-01T00:00:00 filter=r_57 detector=16'}
# - {DATE: '2025-04-02T15:59:44.259346'}
# - {CALIB_CREATION_DATE: '2025-04-02'}
# - {CALIB_CREATION_TIME: '15:59:44'}
# - __serialized_columns__:
#     efficiency:
#       __class__: astropy.units.quantity.Quantity
#       unit: !astropy.units.Unit {unit: '%'}
#       value: !astropy.table.SerializedColumn {name: efficiency}
#     wavelength:
#       __class__: astropy.units.quantity.Quantity
#       unit: !astropy.units.Unit {unit: nm}
#       value: !astropy.table.SerializedColumn {name: wavelength}
# schema: astropy-2.0
wavelength efficiency
[from data line 602]
902.0 1.6105393928211864e-10
903.0 1.6105393928211864e-10
904.0 1.6105393928211864e-10
905.0 6.575926931873255e-05
906.0 5.0996113998280634e-06
907.0 1.6105393928211864e-10
908.0 1.6105393928211864e-10
909.0 1.6105393928211864e-10
910.0 1.6105393928211864e-10
911.0 1.6105393928211864e-10
912.0 1.6105393928211864e-10
913.0 1.6105393928211864e-10
914.0 1.6105393928211864e-10
915.0 8.749806283958605e-05
916.0 5.775194154011842e-05
917.0 2.800584582018928e-05
918.0 9.059527315002924e-05
919.0 0.00015318465784730506
920.0 7.731992468507087e-05
921.0 1.4551843285914856e-06
922.0 0.0001100926056096796
923.0 0.0002187300196965225
924.0 0.00022554543193109566
925.0 0.00023236084416566882
926.0 0.00020319539544289
927.0 0.00017402992398274364
928.0 0.00019576059457904194
929.0 0.00021749128791270778
930.0 0.0002245371206299751
931.0 0.00023158297608460998
932.0 8.634744403934747e-05
933.0 1.6105393928211864e-10
934.0 7.88344777902239e-05
935.0 0.000216556986742944
936.0 0.00023298030100704636
937.0 0.0002494036380085163
938.0 0.00032693330922484165
939.0 0.0004044630259159021
940.0 0.0003624283408498741
941.0 0.0003203936330464785
942.0 0.0004148849711782532
943.0 0.0005093762865726603
944.0 0.000361207389687479
945.0 0.00021303858375176787
946.0 0.000256663065556495
947.0 0.00030028752462385455
948.0 0.0004095874373888364
949.0 0.000518887463840656
950.0 0.0005412279278971255
951.0 0.0005635683464788599
952.0 0.0006913259312568698
953.0 0.000819083652459085
954.0 0.0011318854376440868
955.0 0.001444687495677499
956.0 0.0014979211300669704
957.0 0.0015511548554059118
958.0 0.0016738076737965457
959.0 0.0017964608559850603
960.0 0.0019287959730718285
961.0 0.002061131272057537
962.0 0.002239759669464547
963.0 0.0024183882487704977
964.0 0.0024804628992569633
965.0 0.0025425370040466078
966.0 0.0024869686967576854
967.0 0.0024314002075698227
968.0 0.002403636244707741
969.0 0.0023758726456435397
970.0 0.0024547000066377223
971.0 0.0025335277314297855
972.0 0.002586355185485445
973.0 0.0026391822757432237
974.0 0.0028942224162165076
975.0 0.0031492625566897914
976.0 0.003211848161299713
977.0 0.003274433402111754
978.0 0.003167241084156558
979.0 0.003060048766201362
980.0 0.00296531907224562
981.0 0.0028705893782898784
982.0 0.0029670880394405685
983.0 0.003063586336793378
984.0 0.0030482769943773746
985.0 0.0030329672881634906
986.0 0.0029551978514064103
987.0 0.0028774285965482704
988.0 0.0026250190785503946
989.0 0.0023726099243503995
990.0 0.0024188873794628307
991.0 0.002465164834575262
992.0 0.002543255322962068
993.0 0.0026213459932478145
994.0 0.002701355879253242
995.0 0.0027813650376629084
996.0 0.0028101874704589136
997.0 0.0028390099032549188
998.0 0.0029766371881123632
999.0 0.0031142648367676884
1000.0 0.003259980076109059
1001.0 0.0034056956792483106
1002.0 0.0036232100683264434
1003.0 0.0038407240936066955
1004.0 0.003962825940106995
1005.0 0.0040849274228094146
1006.0 0.004277562766219489
1007.0 0.004470198473427445
1008.0 0.004414342402014881
1009.0 0.004358485966804437
1010.0 0.004299137071939185
1011.0 0.004239788177073933
1012.0 0.004228266698191874
1013.0 0.0042167448555119336
1014.0 0.003947855657315813
1015.0 0.003678965731523931
1016.0 0.003570247645257041
1017.0 0.00346152919519227
1018.0 0.00307961308863014
1019.0 0.0026976978915627114
1020.0 0.0022220108803594485
1021.0 0.001746324051055126
1022.0 0.00152393977259635
1023.0 0.0013015552212891635
1024.0 0.0013986918929731473
1025.0 0.0014958288375055417
1026.0 0.0013570496776083019
1027.0 0.0012182701539131813
1028.0 0.0011804793757619336
1029.0 0.0011426884157117456
1030.0 0.0010410270988359116
1031.0 0.0009393651453137863
1032.0 0.0009383759788761381
1033.0 0.0009373867214890197
1034.0 0.0008773419722274411
1035.0 0.0008172971320163924
1036.0 0.000929897760215681
1037.0 0.001042498024617089
1038.0 0.0008718599929125048
1039.0 0.000701222143106861
1040.0 0.0007787589311192278
1041.0 0.0008562958100810647
1042.0 0.0009584444342181087
1043.0 0.0010605926036078017
1044.0 0.0009665972356742714
1045.0 0.0008726020496396814
1046.0 0.0009306960237154271
1047.0 0.0009887900887406431
1048.0 0.0008348193659912795
1049.0 0.0006808487796661211
1050.0 0.0006997750460868701
1051.0 0.0007187012670328841
1052.0 0.0009917399438563734
1053.0 0.001264778165932512
1054.0 0.0011462811926321592
1055.0 0.0010277841283823363
1056.0 0.0010244716577290092
1057.0 0.0010211594599240925
1058.0 0.0008616580998932477
1059.0 0.0007021568762866082
1060.0 0.0010114951692230534
1061.0 0.0013208330528868828
1062.0 0.001386177336826222
1063.0 0.0014515216207655612
1064.0 0.0011839615581266116
1065.0 0.0009164012226392515
1066.0 0.0011934466783714015
1067.0 0.0014704922250530217
1068.0 0.0016853879060363397
1069.0 0.0019002831322723068
1070.0 0.0013744132047577295
1071.0 0.0008485430043947417
1072.0 0.0012595787666214164
1073.0 0.0016706146197975613
1074.0 0.0023195112589746714
1075.0 0.002968407716252841
1076.0 0.0033114363759523258
1077.0 0.0036544650356518105
1078.0 0.004024303416372277
1079.0 0.004394141797092743
1080.0 0.004273853846825659
1081.0 0.004153565896558575
1082.0 0.004000106855528429
1083.0 0.0038466481782961637
1084.0 0.004500738941715099
1085.0 0.0051548293413361534
1086.0 0.0051075665396638215
1087.0 0.005060303374193609
1088.0 0.005119166235090233
1089.0 0.005178029095986858
1090.0 0.005028862142353319
1091.0 0.00487969555251766
1092.0 0.004244155570631847
1093.0 0.0036086159525439143
1094.0 0.004087909110239707
1095.0 0.0045672022679354995
1096.0 0.003636845212895423
1097.0 0.002706488339754287
1098.0 0.002196567766077351
1099.0 0.0016866473742993549
1100.0 0.0017862406821222976
1101.0 0.0018858334442484193
