lsstCam/transmission_filter_detector/r02_s21/r_57/19700101T000000.ecsv
# %ECSV 1.0
# ---
# datatype:
# - {name: wavelength, unit: nm, datatype: float32}
# - {name: efficiency, unit: '%', datatype: float64}
# meta: !!omap
# - {MODE: DETECTOR}
# - {TYPE: transmission_filter_detector}
# - {CALIBDATE: '1970-01-01T00:00:00'}
# - {INSTRUME: LSSTCam}
# - {OBSTYPE: transmission_filter_detector}
# - {CALIBCLS: lsst.ip.isr.IntermediateFilterDetectorTransmissionCurve}
# - {SOURCE: Materion (DM-46256)}
# - {DETECTOR: 16}
# - {FILTER: r_57}
# - {CALIB_ID: 'calibDate=1970-01-01T00:00:00 filter=r_57 detector=16'}
# - {DATE: '2025-04-02T15:59:44.259346'}
# - {CALIB_CREATION_DATE: '2025-04-02'}
# - {CALIB_CREATION_TIME: '15:59:44'}
# - __serialized_columns__:
#     efficiency:
#       __class__: astropy.units.quantity.Quantity
#       unit: !astropy.units.Unit {unit: '%'}
#       value: !astropy.table.SerializedColumn {name: efficiency}
#     wavelength:
#       __class__: astropy.units.quantity.Quantity
#       unit: !astropy.units.Unit {unit: nm}
#       value: !astropy.table.SerializedColumn {name: wavelength}
# schema: astropy-2.0
wavelength efficiency
300.0 0.00198067536985036
301.0 0.005950508784735575
302.0 0.009920342563418671
303.0 0.012325304851401597
304.0 0.014730267866980284
305.0 0.013089770800434053
306.0 0.011449275189079344
307.0 0.009938062430592254
308.0 0.008426849672105163
309.0 0.007725848263362423
310.0 0.007024845399428159
311.0 0.006404557643691078
312.0 0.0057842687965603545
313.0 0.005490219700732268
314.0 0.005196170968702063
315.0 0.004884610461886041
316.0 0.004573049227474257
317.0 0.004169183011981659
318.0 0.003765315705095418
319.0 0.003518331141094677
320.0 0.003271346940891817
321.0 0.0032002477382775396
322.0 0.0031291478080675006
323.0 0.002955329546239227
324.0 0.0027815112844109535
325.0 0.002671112451935187
326.0 0.00256071343756048
327.0 0.002562622648838442
328.0 0.0025645322239142843
329.0 0.0026100493414560333
330.0 0.002655566277098842
331.0 0.0024910053980420344
332.0 0.002326444155187346
333.0 0.002082125320157502
334.0 0.0018378064851276577
335.0 0.0016879070244613104
336.0 0.001538007563794963
337.0 0.0013578963262261823
338.0 0.0011777852705563419
339.0 0.001063532727130223
340.0 0.0009492802746535745
341.0 0.0009267998393625021
342.0 0.0009043194040714297
343.0 0.0008965304004959762
344.0 0.0008887416697689332
345.0 0.0008612623787485063
346.0 0.0008337832696270198
347.0 0.0008037580300879199
348.0 0.0007737326995993499
349.0 0.0007517491667385912
350.0 0.005656250505126081
351.0 0.005513021824299358
352.0 0.005369793143472634
353.0 0.004828738747164607
354.0 0.004287685078452341
355.0 0.004525754775386304
356.0 0.0047638251999160275
357.0 0.006352640775730833
358.0 0.007941457442939281
359.0 0.005798102938570082
360.0 0.0036547487979987636
361.0 0.0026281626560376026
362.0 0.0016015763321775012
363.0 0.002803892311931122
364.0 0.004006208109785803
365.0 0.003972542617702857
366.0 0.003938877125619911
367.0 0.003278824078734033
368.0 0.002618771031848155
369.0 0.0022464852008852176
370.0 0.001874199733720161
371.0 0.002217899054812733
372.0 0.002561598375905305
373.0 0.003035516965610441
374.0 0.0035094355553155765
375.0 0.0031628034776076674
376.0 0.0028161719455965795
377.0 0.0011768834156100638
378.0 1.6105393928211864e-10
379.0 0.0009178709660773166
380.0 0.0022981468646321446
381.0 0.0028484673748607747
382.0 0.0033987882488872856
383.0 0.0032552765333093703
384.0 0.0031117655453272164
385.0 0.004143294427194633
386.0 0.005174822581466287
387.0 0.004664775406126864
388.0 0.004154728230787441
389.0 0.0035789769754046574
390.0 0.0030032255381229334
391.0 0.0022081787392380647
392.0 0.0014131321222521365
393.0 0.0015547722796327434
394.0 0.0016964118913165294
395.0 0.0012382239219732583
396.0 0.0007800359526299872
397.0 0.000761835008233902
398.0 0.0007436342457367573
399.0 0.000633900890534278
400.0 0.0005241670805844478
401.0 0.00012183057833681232
402.0 1.6105393928211864e-10
403.0 1.6105393928211864e-10
404.0 0.00024996688807732426
405.0 0.0007195329089881852
406.0 0.0011890986570506357
407.0 0.0017112568457378075
408.0 0.0022334150344249792
409.0 0.0018476335753803141
410.0 0.0014618519344367087
411.0 0.0010896504136326257
412.0 0.0007174489837780129
413.0 0.000674392731525586
414.0 0.000631336433798424
415.0 0.0006364267392200418
416.0 0.0006415173174900701
417.0 0.0012193718248454388
418.0 0.0017972268324228935
419.0 0.0021835459847352467
420.0 0.0025698651370476
421.0 0.004046112735522911
422.0 0.005522359788301401
423.0 0.008507963502779603
424.0 0.011493566125864163
425.0 0.01571809989400208
426.0 0.019942631479352713
427.0 0.020572466019075364
428.0 0.021202302013989538
429.0 0.016133538156282157
430.0 0.011064774298574775
431.0 0.007840069883968681
432.0 0.004615364014171064
433.0 0.003717966319527477
434.0 0.002820568079187069
435.0 0.002254252103739418
436.0 0.0016879357644938864
437.0 0.0014555850611941423
438.0 0.0012232346307428088
439.0 0.0010031126294052228
440.0 0.000782990719017107
441.0 0.0010620059583743569
442.0 0.0013410211067821365
443.0 0.0016994139514281414
444.0 0.0020578068870236166
445.0 0.0019132892703055404
446.0 0.0017687716535874642
447.0 0.0015902096492936835
448.0 0.0014116476449999027
449.0 0.0013167265933589078
450.0 0.001221804996021092
451.0 0.0013669742656929884
452.0 0.0015121435353648849
453.0 0.0015375388102256693
454.0 0.0015629340850864537
455.0 0.001413474092260003
456.0 0.0012640145541809034
457.0 0.0009058161595021375
458.0 0.000547617992197047
459.0 0.0007686086064495612
460.0 0.0009895991752273403
461.0 0.0016254400179605
462.0 0.002261280496895779
463.0 0.0029195492970757186
464.0 0.0035778182791545987
465.0 0.004655955854104832
466.0 0.005734093429055065
467.0 0.006379434489645064
468.0 0.007024776277830824
469.0 0.006007372940075584
470.0 0.004989971057511866
471.0 0.003774748256546445
472.0 0.0025595254555810243
473.0 0.002142845551134087
474.0 0.0017261654647882096
475.0 0.0014174444004311226
476.0 0.001108723517972976
477.0 0.0008930258445616346
478.0 0.0006773281256755581
479.0 0.0008896287909010425
480.0 0.0011019291378033813
481.0 0.0008349884410563391
482.0 0.000568047835258767
483.0 0.0006234180091269081
484.0 0.0006787880920455791
485.0 0.0006431689143937547
486.0 0.0006075496457924601
487.0 0.0006212866537680384
488.0 0.0006350236162688816
489.0 0.0006199564722919604
490.0 0.000604889237365569
491.0 0.0007640707735845353
492.0 0.0009232522643287666
493.0 0.0010281765753461514
494.0 0.0011331010682624765
495.0 0.0009850608876149636
496.0 0.0008370206160179805
497.0 0.0010833935448317789
498.0 0.0013297662917466369
499.0 0.001320032333751442
500.0 0.0013102985576551873
501.0 0.0014708136404806282
502.0 0.0016313289961544797
503.0 0.0020241701349732466
504.0 0.002417011091893073
505.0 0.002931952622020617
506.0 0.0034468943340471014
507.0 0.004085657928953879
508.0 0.004724421523860656
509.0 0.005214462362346239
510.0 0.005704502109438181
511.0 0.005067346864962019
512.0 0.004430191256687976
513.0 0.0037663754483219236
514.0 0.0031025600037537515
515.0 0.0029110799005138688
516.0 0.002719600342970807
517.0 0.002518731344025582
518.0 0.002317862345080357
519.0 0.07662127027288079
520.0 0.1124377129599452
521.0 0.11216502171009779
522.0 0.1196031691506505
523.0 0.03554015711415559
524.0 0.055082980543375015
525.0 0.11897162767127156
526.0 0.07711703074164689
527.0 0.06618254701606929
528.0 0.11015140917152166
529.0 0.11094337096437812
530.0 0.16963423695415258
531.0 0.13669669860973954
532.0 0.25462484918534756
533.0 0.2989406930282712
534.0 0.3779575228691101
535.0 0.48546004109084606
536.0 0.6617543753236532
537.0 0.922067929059267
538.0 1.4655414037406445
539.0 2.2518401965498924
540.0 3.635162115097046
541.0 5.474114418029785
542.0 7.789018005132675
543.0 10.941064357757568
544.0 14.637769758701324
545.0 18.835709989070892
546.0 23.931556940078735
547.0 30.224061012268066
548.0 38.162195682525635
549.0 46.201300621032715
550.0 53.04220914840698
551.0 60.60774326324463
552.0 66.05254411697388
553.0 71.29632234573364
554.0 75.22968649864197
555.0 79.24278378486633
556.0 83.08029174804688
557.0 85.81737875938416
558.0 88.90854120254517
559.0 91.78633689880371
560.0 92.48003363609314
561.0 94.41327452659607
562.0 95.09294629096985
563.0 95.16032338142395
564.0 95.71301341056824
565.0 95.10012865066528
566.0 95.56525945663452
567.0 94.955974817276
568.0 95.71963548660278
569.0 96.09013795852661
570.0 95.76780200004578
571.0 96.5926468372345
572.0 96.56625390052795
573.0 96.65361046791077
574.0 97.24351167678833
575.0 96.70805931091309
576.0 97.3375678062439
577.0 96.77600264549255
578.0 96.8626320362091
579.0 96.97833061218262
580.0 96.42310738563538
581.0 96.4262068271637
582.0 96.32205963134766
583.0 96.45811319351196
584.0 95.9563672542572
585.0 96.2237536907196
586.0 96.6278612613678
587.0 96.132493019104
588.0 96.25705480575562
589.0 97.18324542045593
590.0 96.59347534179688
591.0 95.7204818725586
592.0 95.9222674369812
593.0 95.52656412124634
594.0 95.54576873779297
595.0 96.0459291934967
596.0 96.61402106285095
597.0 97.02427387237549
598.0 96.34615778923035
599.0 96.57070636749268
600.0 96.6076672077179
601.0 95.79909443855286
602.0 96.35950922966003
603.0 96.10438346862793
604.0 95.97073197364807
605.0 96.33222222328186
606.0 95.86455225944519
607.0 96.11613154411316
608.0 96.26237750053406
609.0 95.39893865585327
610.0 95.78760266304016
611.0 95.69286704063416
612.0 95.66990733146667
613.0 96.9034194946289
614.0 96.3874101638794
615.0 96.07301950454712
616.0 96.23923897743225
617.0 96.26818299293518
618.0 96.19786739349365
619.0 96.66703939437866
620.0 95.75996398925781
621.0 95.12972235679626
622.0 96.46768569946289
623.0 96.47763967514038
624.0 96.51201367378235
625.0 96.59839272499084
626.0 96.00912928581238
627.0 95.05740404129028
628.0 97.25598096847534
629.0 95.15440464019775
630.0 96.28694653511047
631.0 95.89476585388184
632.0 96.75158262252808
633.0 96.43251299858093
634.0 95.61933279037476
635.0 96.14839553833008
636.0 95.68305015563965
637.0 95.61234712600708
638.0 95.57209610939026
639.0 95.23475170135498
640.0 95.67833542823792
641.0 95.58833837509155
642.0 95.77081203460693
643.0 95.81176042556763
644.0 96.10916376113892
645.0 96.1858332157135
646.0 96.00054025650024
647.0 97.00658917427063
648.0 96.44042253494263
649.0 95.61150670051575
650.0 96.3670015335083
651.0 96.79389595985413
652.0 96.88608050346375
653.0 95.67851424217224
654.0 96.45251035690308
655.0 96.51107788085938
656.0 95.66013216972351
657.0 95.9230899810791
658.0 96.12939357757568
659.0 96.07287645339966
660.0 95.55096626281738
661.0 95.58842778205872
662.0 95.78007459640503
663.0 95.91190814971924
664.0 95.06472945213318
665.0 95.33395767211914
666.0 95.37963271141052
667.0 95.63360214233398
668.0 95.0452446937561
669.0 95.44264674186707
670.0 95.35595774650574
671.0 95.58672904968262
672.0 95.15258073806763
673.0 95.34974098205566
674.0 94.98900771141052
675.0 95.44758200645447
676.0 94.94473338127136
677.0 94.01564598083496
678.0 93.49755644798279
679.0 92.62531995773315
680.0 91.63293242454529
681.0 90.15499949455261
682.0 88.38947415351868
683.0 85.79058647155762
684.0 82.41101503372192
685.0 78.8806676864624
686.0 75.43743252754211
687.0 70.70770859718323
688.0 66.25773906707764
689.0 61.54661774635315
690.0 56.572145223617554
691.0 52.5564968585968
692.0 47.92005717754364
693.0 43.5815691947937
694.0 38.56517970561981
695.0 33.46366584300995
696.0 28.16912829875946
697.0 22.98453450202942
698.0 17.275337874889374
699.0 12.596780061721802
700.0 8.98289680480957
701.0 5.662364512681961
702.0 3.606047108769417
703.0 2.080342173576355
704.0 1.250364724546671
705.0 0.6744393147528172
706.0 0.45970967039465904
707.0 0.3006578655913472
708.0 0.2019464736804366
709.0 0.13815562706440687
710.0 0.09479742730036378
711.0 0.07625720463693142
712.0 0.07574685150757432
713.0 0.0914675765670836
714.0 0.03875711117871106
715.0 0.07218146347440779
716.0 0.08442907710559666
717.0 0.019616390636656433
718.0 0.06978766759857535
719.0 0.026069284649565816
720.0 1.6105393928211864e-10
721.0 0.00452599415439181
722.0 0.004243994771968573
723.0 0.003961995389545336
724.0 0.0037013163819210604
725.0 0.0034406373742967844
726.0 0.0031997653422877192
727.0 0.0029588934921775945
728.0 0.0028118196496507153
729.0 0.0026647454433259554
730.0 0.002455264620948583
731.0 0.002245784162369091
732.0 0.002257579399156384
733.0 0.0022693746359436773
734.0 0.002151435546693392
735.0 0.002033496457443107
736.0 0.0018246677427669056
737.0 0.0016158390280907042
738.0 0.0016499223420396447
739.0 0.0016840054740896448
740.0 0.001672689541010186
741.0 0.0016613736079307273
742.0 0.0015113902009034064
743.0 0.001361406611977145
744.0 0.0014276903129939456
745.0 0.0014939736502128653
746.0 0.001423542016709689
747.0 0.0013531103832065128
748.0 0.0011833103599201422
749.0 0.0010135104275832418
750.0 0.0010148377441510092
751.0 0.0010161653335671872
752.0 0.0010638339517754503
753.0 0.0011115024790342432
754.0 0.0011454292689450085
755.0 0.0011793563317041844
756.0 0.0011050035027437843
757.0 0.0010306504009349737
758.0 0.0010895665582211222
759.0 0.0011484825336083304
760.0 0.0011188097232661676
761.0 0.001089137003873475
762.0 0.0010836704859684687
763.0 0.0010782044228108134
764.0 0.0010199729331361596
765.0 0.0009617413525120355
766.0 0.0007773806828481611
767.0 0.0005930201041337568
768.0 0.0006178100647957763
769.0 0.0006425998890335904
770.0 0.0007736693078186363
771.0 0.0009047389539773576
772.0 0.0007938698217913043
773.0 0.0006830005077063106
774.0 0.0008137669283314608
775.0 0.0009445331670576707
776.0 0.0009278215657104738
777.0 0.0009111097824643366
778.0 0.0008873194929037709
779.0 0.0008635293852421455
780.0 0.0007443970844178693
781.0 0.0006252648745430633
782.0 0.0007279343662958127
783.0 0.000830603858048562
784.0 0.0008709989742783364
785.0 0.0009113939086091705
786.0 0.0007866589839977678
787.0 0.0006619240593863651
788.0 0.0006748850410076557
789.0 0.0006878460681036813
790.0 0.00073501482802385
791.0 0.0007821834515198134
792.0 0.0007778397048241459
793.0 0.0007734959581284784
794.0 0.0007981666385603603
795.0 0.0008228370461438317
796.0 0.000659566785543575
797.0 0.000496296433993848
798.0 0.0006591526926058577
799.0 0.0008220088602683973
800.0 0.0007668701073271222
801.0 0.0007117310815374367
802.0 0.000609638482274022
803.0 0.0005075456101621967
804.0 0.0006324250989564462
805.0 0.0007573046332254307
806.0 0.0006965153261262458
807.0 0.0006357260645017959
808.0 0.0007461333552782889
809.0 0.0008565405551053118
810.0 0.0007455440481862752
811.0 0.0006345477231661789
812.0 0.0006718709755659802
813.0 0.0007091941824910464
814.0 0.0005710052846552571
815.0 0.0004328163868194679
816.0 0.000593499316892121
817.0 0.0007541823833889794
818.0 0.0007074415407259949
819.0 0.0006607007435377454
820.0 0.0005169312316866126
821.0 0.0003731616970981122
822.0 0.0004084608463017503
823.0 0.0004437600182427559
824.0 0.000494231653647148
825.0 0.0005447033345262753
826.0 0.0005916988811804913
827.0 0.0006386944733094424
828.0 0.0005079292805021396
829.0 0.0003771642013816745
830.0 0.00020713894173240988
831.0 3.7113704820512794e-05
832.0 1.7839474253378285e-05
833.0 1.6105393928211864e-10
834.0 1.6105393928211864e-10
835.0 1.6105393928211864e-10
836.0 0.0002657533059391426
837.0 0.0006248590580071323
838.0 0.0007699609341216274
839.0 0.0009150629011855926
840.0 0.0012334095117694233
841.0 0.0015517560314037837
842.0 0.0020375113308546133
843.0 0.0025232668122043833
844.0 0.002395280171185732
845.0 0.0022672935301670805
846.0 0.0022589856598642655
847.0 0.00225067760766251
848.0 0.002235770625702571
849.0 0.0022208634618436918
850.0 0.0019260078261140734
851.0 0.001631152190384455
852.0 0.001430020074622007
853.0 0.0012288877769606188
854.0 0.001050534592650365
855.0 0.0008721811354917008
856.0 0.0006507989837700734
857.0 0.00042941683204844594
858.0 0.0005269621397019364
859.0 0.0006245073564059567
860.0 0.0005073072770755971
861.0 0.00039010706132103223
862.0 0.00039774913602741435
863.0 0.00040539121073379647
864.0 0.0002918545533248107
865.0 0.00017831796412792755
866.0 0.0001230306111210666
867.0 6.774320127078681e-05
868.0 0.00011772082189054345
869.0 0.00016769841977293254
870.0 8.233799917434226e-05
871.0 1.6105393928211864e-10
872.0 1.6105393928211864e-10
873.0 1.6105393928211864e-10
874.0 1.6105393928211864e-10
875.0 1.6105393928211864e-10
876.0 1.6105393928211864e-10
877.0 2.5714291496115038e-05
878.0 0.0001223161120833538
879.0 0.0002189179213019088
880.0 0.0001696674416962196
881.0 0.00012041692798447912
882.0 0.00012375629694361123
883.0 0.00012709571137747844
884.0 1.6105393928211864e-10
885.0 1.6105393928211864e-10
886.0 1.6105393928211864e-10
887.0 8.12707980912819e-05
888.0 0.00013775230627288693
889.0 0.00019423380308580818
890.0 0.00015862177633607644
891.0 0.0001230097041116096
892.0 3.285873901859304e-05
893.0 1.6105393928211864e-10
894.0 1.6105393928211864e-10
895.0 1.8743783414265636e-05
896.0 6.28340558250784e-05
897.0 0.00010692436944736983
898.0 7.167407716224261e-05
899.0 3.642378771928634e-05
900.0 3.7282472220567797e-06
