lsstCam/transmission_filter_detector/r41_s10/r_57/19700101T000000.ecsv
# %ECSV 1.0
# ---
# datatype:
# - {name: wavelength, unit: nm, datatype: float32}
# - {name: efficiency, unit: '%', datatype: float64}
# meta: !!omap
# - {MODE: DETECTOR}
# - {TYPE: transmission_filter_detector}
# - {CALIBDATE: '1970-01-01T00:00:00'}
# - {INSTRUME: LSSTCam}
# - {OBSTYPE: transmission_filter_detector}
# - {CALIBCLS: lsst.ip.isr.IntermediateFilterDetectorTransmissionCurve}
# - {SOURCE: Materion (DM-46256)}
# - {DETECTOR: 165}
# - {FILTER: r_57}
# - {CALIB_ID: 'calibDate=1970-01-01T00:00:00 filter=r_57 detector=165'}
# - {DATE: '2025-04-02T15:59:44.947973'}
# - {CALIB_CREATION_DATE: '2025-04-02'}
# - {CALIB_CREATION_TIME: '15:59:44'}
# - __serialized_columns__:
#     efficiency:
#       __class__: astropy.units.quantity.Quantity
#       unit: !astropy.units.Unit {unit: '%'}
#       value: !astropy.table.SerializedColumn {name: efficiency}
#     wavelength:
#       __class__: astropy.units.quantity.Quantity
#       unit: !astropy.units.Unit {unit: nm}
#       value: !astropy.table.SerializedColumn {name: wavelength}
# schema: astropy-2.0
wavelength efficiency
300.0 0.0032883865060284734
301.0 0.00814890518086031
302.0 0.013009423855692148
303.0 0.016756342665757984
304.0 0.020503260020632297
305.0 0.01832131529226899
306.0 0.016139370563905686
307.0 0.013445464719552547
308.0 0.010751561057986692
309.0 0.009845168824540451
310.0 0.008938778773881495
311.0 0.008257681474788114
312.0 0.007576584903290495
313.0 0.007417277811327949
314.0 0.007257972174556926
315.0 0.006946684152353555
316.0 0.006635395402554423
317.0 0.005958996916888282
318.0 0.005282597339828499
319.0 0.004939919017488137
320.0 0.0045972414227435365
321.0 0.004463928416953422
322.0 0.004330616138759069
323.0 0.004019050174974836
324.0 0.003707485302584246
325.0 0.0035654447856359184
326.0 0.0034234046324854717
327.0 0.0033019114198395982
328.0 0.0031804185709916055
329.0 0.003373199069756083
330.0 0.0035659799323184416
331.0 0.003246115375077352
332.0 0.0029262519092299044
333.0 0.0027207497623749077
334.0 0.0025152483431156725
335.0 0.0023314574718824588
336.0 0.0021476664187503047
337.0 0.002011040851357393
338.0 0.0018744151020655409
339.0 0.0017181584553327411
340.0 0.0015619018085999414
341.0 0.0014800308235862758
342.0 0.0013981598385726102
343.0 0.0014045243005966768
344.0 0.0014108888535702135
345.0 0.0013691572348761838
346.0 0.0013274255252326839
347.0 0.0012717128811345901
348.0 0.0012160001460870262
349.0 0.0011347617146384437
350.0 0.0058503152104094625
351.0 0.00560971129743848
352.0 0.005369109203456901
353.0 0.004541141970548779
354.0 0.0037131751014385372
355.0 0.004093949974048883
356.0 0.0044747244828613475
357.0 0.004775751949637197
358.0 0.0050767805078066885
359.0 0.0038610840420005843
360.0 0.0026453873942955397
361.0 0.003015577749465592
362.0 0.0033857686503324658
363.0 0.0028728389224852435
364.0 0.002359909012739081
365.0 0.0026856432668864727
366.0 0.0030113775210338645
367.0 0.0034566251997603104
368.0 0.0039018730603856966
369.0 0.00391227840736974
370.0 0.003922684845747426
371.0 0.003471253876341507
372.0 0.0030198229069355875
373.0 0.003290540917078033
374.0 0.0035612589272204787
375.0 0.002919872167694848
376.0 0.002278485226270277
377.0 0.0019157087081111968
378.0 0.0015529325537499972
379.0 0.0021519748770515434
380.0 0.00275101738225203
381.0 0.003359374386491254
382.0 0.003967731390730478
383.0 0.004544659168459475
384.0 0.005121587309986353
385.0 0.005463204797706567
386.0 0.0058048219216289
387.0 0.004650605478673242
388.0 0.0034963886719197035
389.0 0.0025731065761647187
390.0 0.0016498241166118532
391.0 0.0013175855201552622
392.0 0.0009853466508502606
393.0 0.000975688271864783
394.0 0.0009660299838287756
395.0 0.0013770362784271128
396.0 0.0017880427549243905
397.0 0.0016892736312001944
398.0 0.001590504325577058
399.0 0.0013571497220254969
400.0 0.0011237954822718166
401.0 0.001016760779748438
402.0 0.0009097260772250593
403.0 0.001345343298453372
404.0 0.0017809605196816847
405.0 0.0015875446479185484
406.0 0.001394128685205942
407.0 0.0014134521734376904
408.0 0.001432775843568379
409.0 0.0015753548723296262
410.0 0.0017179338101414032
411.0 0.001850046101026237
412.0 0.001982158391911071
413.0 0.001746124507917557
414.0 0.001510090623924043
415.0 0.0015271292795659974
416.0 0.0015441679352079518
417.0 0.0019322898879181594
418.0 0.002320411840628367
419.0 0.003007970553881023
420.0 0.003695529085234739
421.0 0.005565820174524561
422.0 0.007436109444824979
423.0 0.01082192684407346
424.0 0.014207742060534656
425.0 0.01892984873848036
426.0 0.023651955416426063
427.0 0.023344584042206407
428.0 0.023037214123178273
429.0 0.018227721739094704
430.0 0.01341822644462809
431.0 0.009632895671529695
432.0 0.005847563079441898
433.0 0.0047967063437681645
434.0 0.0037458492442965508
435.0 0.0030856041121296585
436.0 0.002425358979962766
437.0 0.001996370338019915
438.0 0.001567381332279183
439.0 0.0013634830793307628
440.0 0.0011595848263823427
441.0 0.001278146191907581
442.0 0.0013967078302812297
443.0 0.0014744808140676469
444.0 0.0015522535250056535
445.0 0.0011187430573045276
446.0 0.0006852324531791965
447.0 0.0010557078894635197
448.0 0.0014261830074246973
449.0 0.0016375053746742196
450.0 0.0018488273781258613
451.0 0.0018901291696238331
452.0 0.001931430961121805
453.0 0.001802372389647644
454.0 0.0016733140000724234
455.0 0.0014087527233641595
456.0 0.0011441915376053657
457.0 0.0012091288226656616
458.0 0.001274066380574368
459.0 0.0014200004443409853
460.0 0.0015659341443097219
461.0 0.0022652400730294175
462.0 0.0029645461836480536
463.0 0.003959441892220639
464.0 0.004954338146490045
465.0 0.005968292316538282
466.0 0.006982246122788638
467.0 0.007449383701896295
468.0 0.007916523463791236
469.0 0.006805184966651723
470.0 0.005693847924703732
471.0 0.004131784226046875
472.0 0.0025697207092889585
473.0 0.0018851978893508203
474.0 0.001200675433210563
475.0 0.0010699438462324906
476.0 0.0009392125321028288
477.0 0.0009996421795221977
478.0 0.0010600717359920964
479.0 0.0009537342521070968
480.0 0.0008473966772726271
481.0 0.0008318821528519038
482.0 0.0008163675374817103
483.0 0.0007358864877460292
484.0 0.0006554053015861427
485.0 0.0008262281880888622
486.0 0.0009970509381673764
487.0 0.0009643832527217455
488.0 0.0009317155672761146
489.0 0.0009798934115679003
490.0 0.0010280711649102159
491.0 0.0009668106940807775
492.0 0.000905550223251339
493.0 0.0008999116289487574
494.0 0.0008942729436967056
495.0 0.0009919583135342691
496.0 0.001089643865270773
497.0 0.0012079365660611074
498.0 0.0013262295396998525
499.0 0.001380414869345259
500.0 0.0014346003808896057
501.0 0.0016808789951028302
502.0 0.0019271576093160547
503.0 0.0023089534806786105
504.0 0.002690749170142226
505.0 0.0033526837796671316
506.0 0.004014618025394157
507.0 0.004864780930802226
508.0 0.005714943108614534
509.0 0.005917390080867335
510.0 0.006119836325524375
511.0 0.005494510696735233
512.0 0.00486918434035033
513.0 0.004144350896240212
514.0 0.0034195170883322135
515.0 0.0032242340239463374
516.0 0.0030289509595604613
517.0 0.0030581082683056593
518.0 0.0030872663046466187
519.0 0.06324092391878366
520.0 0.057241751346737146
521.0 0.03696791245602071
522.0 0.03047642530873418
523.0 0.07240100530907512
524.0 0.1153520424850285
525.0 0.08440580568276346
526.0 0.10146902641281486
527.0 0.0896704732440412
528.0 0.1287230523303151
529.0 0.16509054694324732
530.0 0.2214391017332673
531.0 0.18681265646591783
532.0 0.2544184448197484
533.0 0.3311039414256811
534.0 0.5177556537091732
535.0 0.688385171815753
536.0 1.0643943212926388
537.0 1.6496283933520317
538.0 2.5917358696460724
539.0 4.095261916518211
540.0 6.315144896507263
541.0 8.985807746648788
542.0 12.227850407361984
543.0 16.429734230041504
544.0 21.434101462364197
545.0 27.120304107666016
546.0 33.957305550575256
547.0 41.292041540145874
548.0 49.983036518096924
549.0 57.74716138839722
550.0 63.35422396659851
551.0 69.8875904083252
552.0 73.3202874660492
553.0 77.43476033210754
554.0 81.05846047401428
555.0 84.7166121006012
556.0 88.01173567771912
557.0 90.39347767829895
558.0 92.8239107131958
559.0 95.09130120277405
560.0 94.70133781433105
561.0 95.58170437812805
562.0 95.85121870040894
563.0 95.46738862991333
564.0 95.76513171195984
565.0 95.46313881874084
566.0 96.1942732334137
567.0 95.64098119735718
568.0 96.37449979782104
569.0 97.17711806297302
570.0 96.75039649009705
571.0 97.31602668762207
572.0 97.53216505050659
573.0 97.17762470245361
574.0 97.36955165863037
575.0 97.04070687294006
576.0 97.61570692062378
577.0 97.58490920066833
578.0 97.4103331565857
579.0 97.29148149490356
580.0 96.70324325561523
581.0 96.80470824241638
582.0 97.15672731399536
583.0 97.0457673072815
584.0 96.63183093070984
585.0 96.7856764793396
586.0 96.81282639503479
587.0 96.41992449760437
588.0 96.91423773765564
589.0 97.73281812667847
590.0 96.82589173316956
591.0 96.01392149925232
592.0 96.32827043533325
593.0 96.18381857872009
594.0 96.26134037971497
595.0 96.84910178184509
596.0 97.13404178619385
597.0 97.31635451316833
598.0 97.19788432121277
599.0 97.69263863563538
600.0 97.56008386611938
601.0 96.30586504936218
602.0 96.76722288131714
603.0 96.48721814155579
604.0 96.29206657409668
605.0 96.77111506462097
606.0 96.33570313453674
607.0 96.49009108543396
608.0 96.47106528282166
609.0 95.81419825553894
610.0 96.05383276939392
611.0 95.9434449672699
612.0 96.16468548774719
613.0 97.372967004776
614.0 96.95608615875244
615.0 96.24744653701782
616.0 96.71266078948975
617.0 96.67937755584717
618.0 96.6104805469513
619.0 97.33562469482422
620.0 96.2821364402771
621.0 95.6994354724884
622.0 96.83412313461304
623.0 97.14410901069641
624.0 96.59220576286316
625.0 97.29578495025635
626.0 96.26324772834778
627.0 95.513916015625
628.0 97.51068353652954
629.0 95.79363465309143
630.0 96.91254496574402
631.0 96.69394493103027
632.0 97.21086025238037
633.0 96.85861468315125
634.0 96.0538923740387
635.0 96.53694033622742
636.0 96.06292247772217
637.0 95.97015976905823
638.0 95.48859596252441
639.0 95.61166167259216
640.0 95.78361511230469
641.0 95.94386219978333
642.0 96.16397619247437
643.0 96.4620292186737
644.0 96.25204801559448
645.0 96.67001366615295
646.0 96.51215076446533
647.0 97.28962779045105
648.0 96.51187062263489
649.0 95.98522186279297
650.0 96.71989679336548
651.0 97.13782668113708
652.0 97.26165533065796
653.0 96.19802832603455
654.0 96.87705039978027
655.0 96.94744944572449
656.0 95.94916105270386
657.0 96.19795083999634
658.0 96.44764065742493
659.0 96.59079909324646
660.0 95.7764208316803
661.0 95.70184350013733
662.0 95.87613940238953
663.0 96.05679512023926
664.0 95.6367015838623
665.0 95.51264643669128
666.0 95.59935927391052
667.0 95.85512280464172
668.0 95.16981244087219
669.0 96.18188142776489
670.0 95.64725160598755
671.0 95.72356343269348
672.0 95.4681932926178
673.0 95.61182856559753
674.0 95.04987001419067
675.0 95.7472562789917
676.0 95.10048627853394
677.0 93.75157952308655
678.0 92.85721182823181
679.0 91.91205501556396
680.0 90.65004587173462
681.0 89.19304609298706
682.0 86.41998767852783
683.0 83.50738286972046
684.0 79.84064817428589
685.0 75.95555782318115
686.0 71.57920598983765
687.0 67.20452904701233
688.0 62.518078088760376
689.0 58.45034122467041
690.0 53.74007225036621
691.0 49.63235259056091
692.0 44.95324790477753
693.0 40.2267724275589
694.0 34.64047908782959
695.0 29.060858488082886
696.0 23.319952189922333
697.0 18.056081235408783
698.0 12.66237199306488
699.0 8.656841516494751
700.0 5.776916444301605
701.0 3.4810762852430344
702.0 2.075648121535778
703.0 1.1975071392953396
704.0 0.6540245376527309
705.0 0.4097661003470421
706.0 0.2582038287073374
707.0 0.18522863974794745
708.0 0.14604554744437337
709.0 0.06360681145451963
710.0 0.09052446112036705
711.0 0.016871314437594265
712.0 0.08766623213887215
713.0 0.029374993755482137
714.0 0.023114652140066028
715.0 0.075809087138623
716.0 0.04894068697467446
717.0 0.06744092097505927
718.0 0.04361144965514541
719.0 0.06157567258924246
720.0 1.7070089916235154e-10
721.0 0.003880249278154224
722.0 0.003781920167966746
723.0 0.0036835906939813867
724.0 0.0034701610275078565
725.0 0.003256731724832207
726.0 0.0030027711545699276
727.0 0.0027488105843076482
728.0 0.0026626474209479056
729.0 0.002576484257588163
730.0 0.0024104356270981953
731.0 0.0022443869966082275
732.0 0.0021816083972225897
733.0 0.0021188299797358923
734.0 0.0020462064640014432
735.0 0.0019735831301659346
736.0 0.0018707716662902385
737.0 0.0017679602024145424
738.0 0.001552594949316699
739.0 0.0013372299690672662
740.0 0.001413465270161396
741.0 0.0014897004803060554
742.0 0.0014209384062269237
743.0 0.0013521760592993814
744.0 0.0012859122762165498
745.0 0.0012196486750326585
746.0 0.0011963579709117766
747.0 0.0011730672667908948
748.0 0.00109187903944985
749.0 0.0010106908121088054
750.0 0.0009786840564629529
751.0 0.0009466773008171003
752.0 0.0009839141966949683
753.0 0.0010211510925728362
754.0 0.0010908055628533475
755.0 0.0011604602150327992
756.0 0.0010668346476450097
757.0 0.0009732092621561605
758.0 0.001004238220048137
759.0 0.0010352675417379942
760.0 0.001107559000956826
761.0 0.001179850642074598
762.0 0.0011527763490448706
763.0 0.001125701965065673
764.0 0.0010689866030588746
765.0 0.0010122714229510166
766.0 0.0008090531082416419
767.0 0.000605834657108062
768.0 0.0006777603175578406
769.0 0.0007496859325328842
770.0 0.0007172159257606836
771.0 0.0006847461008874234
772.0 0.0007019560598564567
773.0 0.0007191658369265497
774.0 0.0006743463018210605
775.0 0.0006295267667155713
776.0 0.0006631866654061014
777.0 0.0006968465640966315
778.0 0.0006753419256710913
779.0 0.000653837241770816
780.0 0.0006124218543845927
781.0 0.0005710063760488993
782.0 0.0005930245151830604
783.0 0.0006150427907414269
784.0 0.0006457984909502557
785.0 0.0006765541456843494
786.0 0.0006542774372064741
787.0 0.000632000774203334
788.0 0.0006585288247151766
789.0 0.0006850571480754297
790.0 0.0005440469976747409
791.0 0.0004030366653751116
792.0 0.0004953701591148274
793.0 0.0005877036983292783
794.0 0.000705777483744896
795.0 0.0008238513146352489
796.0 0.0007242524134198902
797.0 0.0006246536941034719
798.0 0.0006443729034799617
799.0 0.0006640921128564514
800.0 0.0006770693744329037
801.0 0.0006900464541104157
802.0 0.0006748632131348131
803.0 0.0006596799721592106
804.0 0.000624554695605184
805.0 0.000589429282626952
806.0 0.0005916893769608578
807.0 0.0005939495167694986
808.0 0.0006558262157341233
809.0 0.0007177029146987479
810.0 0.000595648771195556
811.0 0.00047359462769236416
812.0 0.0005740199867432239
813.0 0.0006744453912688186
814.0 0.0007111147624527803
815.0 0.0007477840881620068
816.0 0.0007045631264190888
817.0 0.0006613421646761708
818.0 0.0003957772150897654
819.0 0.00013021235645283014
820.0 0.00031437459711014526
821.0 0.0004985368832421955
822.0 0.0004866769813816063
823.0 0.00047481712499575224
824.0 0.00043868276407010853
825.0 0.0004025485395686701
826.0 0.00044921580411028117
827.0 0.0004958831141266273
828.0 0.000491259379487019
829.0 0.0004866357357968809
830.0 0.00022460321815742645
831.0 1.7070089916235154e-10
832.0 2.8240860316941507e-06
833.0 4.307745484766201e-05
834.0 1.7070089916235154e-10
835.0 1.7070089916235154e-10
836.0 0.00018499058569432236
837.0 0.0004188662842352642
838.0 0.0013058604054094758
839.0 0.0021928546630078927
840.0 0.0030894654628355056
841.0 0.003986075898865238
842.0 0.004805315620615147
843.0 0.005624552795779891
844.0 0.005569225686485879
845.0 0.005513898577191867
846.0 0.005132644946570508
847.0 0.00475139167974703
848.0 0.004122765676584095
849.0 0.0034941385820275173
850.0 0.003233789175283164
851.0 0.0029734394047409296
852.0 0.0026109219106729142
853.0 0.002248403870908078
854.0 0.0018726401322055608
855.0 0.0014968761206546333
856.0 0.0011876272765221074
857.0 0.000878378159541171
858.0 0.0006789074632251868
859.0 0.00047943685785867274
860.0 0.0003859820935758762
861.0 0.00029252737476781476
862.0 0.00028646315968217095
863.0 0.00028039889912179206
864.0 0.00022133917809696868
865.0 0.00016227947980951285
866.0 0.00015465835758732283
867.0 0.00014703729220855166
868.0 7.266721695486922e-05
869.0 1.7070089916235154e-10
870.0 0.00012624401506400318
871.0 0.00025419085432076827
872.0 0.00024164289698092034
873.0 0.00022909493964107241
874.0 0.0002128844471371849
875.0 0.00019667397737066494
876.0 0.000131696879179799
877.0 6.671980941064248e-05
878.0 1.3143005617166637e-05
879.0 1.7070089916235154e-10
880.0 1.681782464402204e-05
881.0 7.406947020172083e-05
882.0 5.685120072485006e-05
883.0 3.963296251185966e-05
884.0 0.00010064431990031153
885.0 0.0001616557369743532
886.0 0.00023548250283056404
887.0 0.0003093092573180911
888.0 0.0002637463467181078
889.0 0.00021818343611812452
890.0 0.00024490238956786925
891.0 0.00027162132028024644
892.0 0.00027651531127048656
893.0 0.00028140927952335915
894.0 0.00016224199725911603
895.0 4.307468941533443e-05
896.0 1.9547907470496284e-05
897.0 1.7070089916235154e-10
898.0 6.96485528806079e-05
899.0 0.00014327595181384822
900.0 0.00012057073490723269
901.0 9.786547252588207e-05
