lsstCam/transmission_filter_detector/r41_s10/r_57/19700101T000000.ecsv
# %ECSV 1.0
# ---
# datatype:
# - {name: wavelength, unit: nm, datatype: float32}
# - {name: efficiency, unit: '%', datatype: float64}
# meta: !!omap
# - {MODE: DETECTOR}
# - {TYPE: transmission_filter_detector}
# - {CALIBDATE: '1970-01-01T00:00:00'}
# - {INSTRUME: LSSTCam}
# - {OBSTYPE: transmission_filter_detector}
# - {CALIBCLS: lsst.ip.isr.IntermediateFilterDetectorTransmissionCurve}
# - {SOURCE: Materion (DM-46256)}
# - {DETECTOR: 165}
# - {FILTER: r_57}
# - {CALIB_ID: 'calibDate=1970-01-01T00:00:00 filter=r_57 detector=165'}
# - {DATE: '2025-04-02T15:59:44.947973'}
# - {CALIB_CREATION_DATE: '2025-04-02'}
# - {CALIB_CREATION_TIME: '15:59:44'}
# - __serialized_columns__:
#     efficiency:
#       __class__: astropy.units.quantity.Quantity
#       unit: !astropy.units.Unit {unit: '%'}
#       value: !astropy.table.SerializedColumn {name: efficiency}
#     wavelength:
#       __class__: astropy.units.quantity.Quantity
#       unit: !astropy.units.Unit {unit: nm}
#       value: !astropy.table.SerializedColumn {name: wavelength}
# schema: astropy-2.0
wavelength efficiency
[from data line 603]
903.0 0.00011143901019750047
904.0 0.00016673034224368166
905.0 0.00022202164018381154
906.0 0.00011838219506898895
907.0 1.4742755638508243e-05
908.0 9.66572201832605e-05
909.0 0.00017857167904367088
910.0 0.00011355185733918916
911.0 4.853204131904931e-05
912.0 0.0001319595526183548
913.0 0.00021538708097068593
914.0 0.0001467635797780531
915.0 7.814008995410404e-05
916.0 9.104544460569741e-05
917.0 0.00010395082199465833
918.0 7.088891038620204e-05
919.0 3.7827007304258586e-05
920.0 8.77465879511874e-05
921.0 0.00013766619986199657
922.0 0.00017062398001144174
923.0 0.00020358181700430578
924.0 0.00024703495000721887
925.0 0.0002904881057474995
926.0 0.00028639099127758527
927.0 0.00028229387680767104
928.0 0.0002611364607219002
929.0 0.00023997902189876186
930.0 0.00017492210417913157
931.0 0.00010986515235344996
932.0 8.459957712148025e-05
933.0 5.9333990520826774e-05
934.0 0.00010315252438886091
935.0 0.00014697106962557882
936.0 8.276945209217956e-05
937.0 1.8567826032267476e-05
938.0 1.7070089916235154e-10
939.0 1.7070089916235154e-10
940.0 1.927192272432876e-05
941.0 9.63136130849307e-05
942.0 0.0001947017153725028
943.0 0.0002930897835540236
944.0 0.0002509098976588575
945.0 0.0002087299435515888
946.0 0.00038967923501331825
947.0 0.0005706285264750477
948.0 0.0005675590728060342
949.0 0.000564489710086491
950.0 0.00058362634263176
951.0 0.0006027629297022941
952.0 0.0005575682735070586
953.0 0.0005123736627865583
954.0 0.0008472797162539791
955.0 0.0011821858606708702
956.0 0.001010261712508509
957.0 0.0008383378371945582
958.0 0.001120280649047345
959.0 0.0014022232790011913
960.0 0.0015176997294474859
961.0 0.0016331761798937805
962.0 0.0017848626157501712
963.0 0.0019365492335055023
964.0 0.0019599361621658318
965.0 0.001983323090826161
966.0 0.002107097316184081
967.0 0.0022308719053398818
968.0 0.002202844370913226
969.0 0.00217481665458763
970.0 0.002266765841341112
971.0 0.0023587146642967127
972.0 0.0024356804715353064
973.0 0.0025126460968749598
974.0 0.002740108175203204
975.0 0.0029675707992282696
976.0 0.00310077921312768
977.0 0.0032339874451281503
978.0 0.0032486615964444354
979.0 0.0032633357477607206
980.0 0.003345440563862212
981.0 0.0034275450161658227
982.0 0.003455641126492992
983.0 0.003483737600618042
984.0 0.0034083139325957745
985.0 0.0033328909921692684
986.0 0.003186996400472708
987.0 0.003041101990675088
988.0 0.0030180844987626188
989.0 0.00299506718874909
990.0 0.002911189767473843
991.0 0.002827312891895417
992.0 0.002751893043750897
993.0 0.0026764735594042577
994.0 0.0027311001758789644
995.0 0.0027857269742526114
996.0 0.002856451101251878
997.0 0.0029271754101500846
998.0 0.0029340772016439587
999.0 0.002940978629339952
1000.0 0.0029435555916279554
1001.0 0.0029461323720170185
1002.0 0.003178855695296079
1003.0 0.0034115797461709008
1004.0 0.003765328074223362
1005.0 0.004119076402275823
1006.0 0.0041896641050698236
1007.0 0.004260252171661705
1008.0 0.004256710599293001
1009.0 0.004253169026924297
1010.0 0.0042683983338065445
1011.0 0.004283628368284553
1012.0 0.004206479206914082
1013.0 0.004129330045543611
1014.0 0.004080442886333913
1015.0 0.004031555727124214
1016.0 0.003572702917153947
1017.0 0.00311385010718368
1018.0 0.0028595421099453233
1019.0 0.002605233748909086
1020.0 0.002344425047340337
1021.0 0.0020836158000747673
1022.0 0.0018789171008393168
1023.0 0.001674218219704926
1024.0 0.0014539577932737302
1025.0 0.0012336973668425344
1026.0 0.001134066769736819
1027.0 0.0010344365364289843
1028.0 0.0009121122275246307
1029.0 0.0007897880095697474
1030.0 0.0008288503522635438
1031.0 0.0008679126949573401
1032.0 0.0006600878805329558
1033.0 0.0004522629296843661
1034.0 0.0005312880148267141
1035.0 0.0006103131454437971
1036.0 0.0006671009941783268
1037.0 0.0007238889793370618
1038.0 0.0009521520041744225
1039.0 0.0011804150744865183
1040.0 0.0010287650184181985
1041.0 0.0008771150532993488
1042.0 0.000836501203593798
1043.0 0.0007958873538882472
1044.0 0.0009049735126609448
1045.0 0.0010140594895347022
1046.0 0.0008953505130193662
1047.0 0.0007766412636556197
1048.0 0.0009985194992623292
1049.0 0.001220397916767979
1050.0 0.0012429086382326204
1051.0 0.0012654196325456724
1052.0 0.001482748757553054
1053.0 0.0017000778825604357
1054.0 0.001470679126214236
1055.0 0.0012412804608175065
1056.0 0.0012543468983494677
1057.0 0.0012674135177803691
1058.0 0.0011800121683336329
1059.0 0.0010926106369879562
1060.0 0.0010325987204851117
1061.0 0.0009725868039822672
1062.0 0.0007532446943514515
1063.0 0.0005339025847206358
1064.0 0.0009179897460853681
1065.0 0.0013020769074501004
1066.0 0.0014988815564720426
1067.0 0.0016956859326455742
1068.0 0.0015660780263715424
1069.0 0.0014364698472491
1070.0 0.0014504772479995154
1071.0 0.0014644846487499308
1072.0 0.0019388671717024408
1073.0 0.0024132499675033614
1074.0 0.002295861122547649
1075.0 0.0021784722775919363
1076.0 0.0024104674594127573
1077.0 0.002642462459334638
1078.0 0.0030192302801879123
1079.0 0.0033959979191422462
1080.0 0.0032573130738455802
1081.0 0.003118628228548914
1082.0 0.003526353611960076
1083.0 0.003934078631573357
1084.0 0.00348819448845461
1085.0 0.0030423103453358635
1086.0 0.0035664364986587316
1087.0 0.0040905626519816
1088.0 0.003883821045747027
1089.0 0.003677079439512454
1090.0 0.0037155361496843398
1091.0 0.0037539932236541063
1092.0 0.0036578727304004133
1093.0 0.0035617522371467203
1094.0 0.002937442513939459
1095.0 0.002313132972631138
1096.0 0.0024534730982850306
1097.0 0.0025938132239389233
1098.0 0.0026057279683300294
1099.0 0.0026176427127211355
1100.0 0.0016955171304289252
1101.0 0.000773391093389364
