lsstCam/transmission_filter_detector/r03_s10/i_39/19700101T000000.ecsv
# %ECSV 1.0
# ---
# datatype:
# - {name: wavelength, unit: nm, datatype: float32}
# - {name: efficiency, unit: '%', datatype: float64}
# meta: !!omap
# - {MODE: DETECTOR}
# - {TYPE: transmission_filter_detector}
# - {CALIBDATE: '1970-01-01T00:00:00'}
# - {INSTRUME: LSSTCam}
# - {OBSTYPE: transmission_filter_detector}
# - {CALIBCLS: lsst.ip.isr.IntermediateFilterDetectorTransmissionCurve}
# - {SOURCE: Materion (DM-46256)}
# - {DETECTOR: 21}
# - {FILTER: i_39}
# - {CALIB_ID: 'calibDate=1970-01-01T00:00:00 filter=i_39 detector=21'}
# - {DATE: '2025-04-02T15:59:46.576269'}
# - {CALIB_CREATION_DATE: '2025-04-02'}
# - {CALIB_CREATION_TIME: '15:59:46'}
# - __serialized_columns__:
#     efficiency:
#       __class__: astropy.units.quantity.Quantity
#       unit: !astropy.units.Unit {unit: '%'}
#       value: !astropy.table.SerializedColumn {name: efficiency}
#     wavelength:
#       __class__: astropy.units.quantity.Quantity
#       unit: !astropy.units.Unit {unit: nm}
#       value: !astropy.table.SerializedColumn {name: wavelength}
# schema: astropy-2.0
wavelength efficiency
300.0 0.08561944123357534
301.0 0.04038189654238522
302.0 1.6537399704849576e-10
303.0 0.0169724429724738
304.0 0.038800499169155955
305.0 0.03578251926228404
306.0 0.03276453644502908
307.0 0.009928712825058028
308.0 1.6537399704849576e-10
309.0 1.6537399704849576e-10
310.0 1.6537399704849576e-10
311.0 1.6537399704849576e-10
312.0 1.6537399704849576e-10
313.0 1.6537399704849576e-10
314.0 1.6537399704849576e-10
315.0 1.6537399704849576e-10
316.0 1.6537399704849576e-10
317.0 1.6537399704849576e-10
318.0 1.6537399704849576e-10
319.0 1.6537399704849576e-10
320.0 1.6537399704849576e-10
321.0 1.6537399704849576e-10
322.0 1.6537399704849576e-10
323.0 1.6537399704849576e-10
324.0 1.6537399704849576e-10
325.0 1.6537399704849576e-10
326.0 1.6537399704849576e-10
327.0 0.0006999056495260447
328.0 0.002102007420035079
329.0 0.001544211590953637
330.0 0.0009864163075690158
331.0 0.000703822979630786
332.0 0.0004212304702377878
333.0 0.0007920868483779486
334.0 0.001162943044619169
335.0 0.0001180634740194364
336.0 1.6537399704849576e-10
337.0 0.0004124888164369622
338.0 0.0017517930245958269
339.0 0.0024875464077922516
340.0 0.0032232997909886762
341.0 1.6537399704849576e-10
342.0 1.6537399704849576e-10
343.0 1.6537399704849576e-10
344.0 1.6537399704849576e-10
345.0 1.6537399704849576e-10
346.0 1.6537399704849576e-10
347.0 1.6537399704849576e-10
348.0 1.6537399704849576e-10
349.0 1.6537399704849576e-10
350.0 1.6537399704849576e-10
351.0 1.6537399704849576e-10
352.0 3.966365369478808e-06
353.0 1.6537399704849576e-10
354.0 1.6537399704849576e-10
355.0 1.6537399704849576e-10
356.0 1.6537399704849576e-10
357.0 0.00042441729419806506
358.0 0.0009849263733485714
359.0 0.0009394429071107879
360.0 0.0008939589861256536
361.0 0.0006928424681973411
362.0 0.0004917259502690285
363.0 0.00024838873287080787
364.0 5.051641949194163e-06
365.0 0.0009499396583123598
366.0 0.0018948279830510728
367.0 0.0013080014468869194
368.0 0.0007211748197732959
369.0 0.001191744831885444
370.0 0.0016623151168460026
371.0 0.0012294211956032086
372.0 0.0007965273653098848
373.0 0.0008241700015787501
374.0 0.0008518126378476154
375.0 0.000371238638763316
376.0 1.6537399704849576e-10
377.0 7.674888706787897e-05
378.0 0.00026283335046173306
379.0 1.6537399704849576e-10
380.0 1.6537399704849576e-10
381.0 1.6537399704849576e-10
382.0 1.6537399704849576e-10
383.0 0.00010240825076834881
384.0 0.0013822810615238268
385.0 0.0012730983144138008
386.0 0.0011639152944553643
387.0 1.6537399704849576e-10
388.0 1.6537399704849576e-10
389.0 1.6537399704849576e-10
390.0 1.6537399704849576e-10
391.0 1.6537399704849576e-10
392.0 1.6537399704849576e-10
393.0 1.6537399704849576e-10
394.0 0.0006002673671900993
395.0 1.6537399704849576e-10
396.0 1.6537399704849576e-10
397.0 1.6537399704849576e-10
398.0 1.6537399704849576e-10
399.0 1.6537399704849576e-10
400.0 6.213929282239405e-05
401.0 1.6537399704849576e-10
402.0 1.6537399704849576e-10
403.0 0.0018025852114078589
404.0 0.0037481899198610336
405.0 0.004790206003235653
406.0 0.005832221722812392
407.0 0.002761504947557114
408.0 1.6537399704849576e-10
409.0 1.6537399704849576e-10
410.0 1.6537399704849576e-10
411.0 0.0018465292669134215
412.0 0.0039509748603450134
413.0 0.004816950240638107
414.0 0.005682926712324843
415.0 0.00441957417933736
416.0 0.003156221646349877
417.0 0.0022906371668796055
418.0 0.0014250525055103935
419.0 0.003471502350294031
420.0 0.0055179520131787285
421.0 0.004679520134232007
422.0 0.003841087527689524
423.0 0.004316685226513073
424.0 0.004792282925336622
425.0 0.0037170662835706025
426.0 0.0026418485504109412
427.0 0.003722438486875035
428.0 0.004803028787137009
429.0 0.0054936896049184725
430.0 0.006184351514093578
431.0 0.004382569022709504
432.0 0.002580787804618012
433.0 0.003511390241328627
434.0 0.004441993223736063
435.0 0.0035598131944425404
436.0 0.002677632983250078
437.0 0.0024073300664895214
438.0 0.0021370273316279054
439.0 0.0022666326913167723
440.0 0.00239623841480352
441.0 0.0010059397027362138
442.0 1.6537399704849576e-10
443.0 1.6537399704849576e-10
444.0 1.6537399704849576e-10
445.0 1.6537399704849576e-10
446.0 1.6537399704849576e-10
447.0 1.6537399704849576e-10
448.0 0.00037168872495385585
449.0 1.6537399704849576e-10
450.0 1.6537399704849576e-10
451.0 0.0002976392806885997
452.0 0.0013033557479502633
453.0 0.0015909656212897971
454.0 0.0018785756765282713
455.0 0.002031224539678078
456.0 0.002183873402827885
457.0 0.0013193232007324696
458.0 0.00045477286221284885
459.0 0.0003096499767707428
460.0 0.00016452717090942315
461.0 0.0003758494585781591
462.0 0.0005871717803529464
463.0 0.00015406685633934103
464.0 1.6537399704849576e-10
465.0 0.000180225492840691
466.0 0.0006394889624061761
467.0 0.0007443458798661595
468.0 0.0008492026609019376
469.0 0.0004576676019496517
470.0 6.613252025999827e-05
471.0 0.0005437345407699468
472.0 0.0010213366294919979
473.0 0.0011984508091700263
474.0 0.0013755652616964653
475.0 0.0007243332220241427
476.0 7.310139835681184e-05
477.0 0.0005345750196283916
478.0 0.0009960486750060227
479.0 0.0011444233678048477
480.0 0.0012927981515531428
481.0 0.0026262439860147424
482.0 0.0039596885471837595
483.0 0.005206794958212413
484.0 0.006453901005443186
485.0 0.006661225779680535
486.0 0.006868550553917885
487.0 0.0098740856628865
488.0 0.012879620771855116
489.0 0.01629892358323559
490.0 0.019718224939424545
491.0 0.02251300757052377
492.0 0.025307791656814516
493.0 0.027664130902849138
494.0 0.03002047596964985
495.0 0.027125669294036925
496.0 0.02423085825284943
497.0 0.019483300275169313
498.0 0.014735742297489196
499.0 0.010544739780016243
500.0 0.006353740900522098
501.0 0.00468781181552913
502.0 0.003021882912435103
503.0 0.002430876702419482
504.0 0.0018398703105049208
505.0 0.0017973015928873792
506.0 0.001754733057168778
507.0 0.0017549626136315055
508.0 0.001755191624397412
509.0 0.0020605570171028376
510.0 0.002365922409808263
511.0 0.0019043945940211415
512.0 0.0014428665053856093
513.0 0.0015969293599482626
514.0 0.001750992305460386
515.0 0.0023704831619397737
516.0 0.002989974200318102
517.0 0.00238578377320664
518.0 0.001781593164196238
519.0 0.0019010400137631223
520.0 0.0020204866814310662
521.0 0.001804451494535897
522.0 0.001588416489539668
523.0 0.0015736606655991636
524.0 0.0015589050235575996
525.0 0.00199264868570026
526.0 0.0024263921659439802
527.0 0.002483038952050265
528.0 0.00253968592005549
529.0 0.002305441194039304
530.0 0.002071196649922058
531.0 0.00212265567824943
532.0 0.002174114888475742
533.0 0.0018991446268046275
534.0 0.0016241747289313935
535.0 0.0016427859009127133
536.0 0.0016613968909950927
537.0 0.0022989926947047934
538.0 0.002936587952717673
539.0 0.0035168057365808636
540.0 0.004097023338545114
541.0 0.004734015965368599
542.0 0.005371008955989964
543.0 0.005047562444815412
544.0 0.00472411593364086
545.0 0.003964242932852358
546.0 0.0032043706596596166
547.0 0.00250368429988157
548.0 0.0018029981220024638
549.0 0.0019215494830859825
550.0 0.002040101207967382
551.0 0.001649343357712496
552.0 0.0012585855984070804
553.0 0.0015392213754239492
554.0 0.0018198574252892286
555.0 0.0014072013982513454
556.0 0.0009945453712134622
557.0 0.0008171190529537853
558.0 0.0006396929620677838
559.0 0.0002569571734056808
560.0 1.6537399704849576e-10
561.0 0.0006680387286905898
562.0 0.0014618561181123368
563.0 0.0015551770047750324
564.0 0.0016484980733366683
565.0 0.001309035906160716
566.0 0.000969573920883704
567.0 0.0008827361853036564
568.0 0.0007958984497236088
569.0 0.0006636870239162818
570.0 0.0005314753707352793
571.0 0.0003578609948817757
572.0 0.00018424665313432342
573.0 0.00037461290958162863
574.0 0.0005649792001349851
575.0 0.00047092476052057464
576.0 0.0003768702526940615
577.0 0.0005246055025054375
578.0 0.0006723407295794459
579.0 0.0002884526566049317
580.0 1.6537399704849576e-10
581.0 0.00010954767049042857
582.0 0.00031453068913833704
583.0 0.00043464178816066124
584.0 0.0005547527962335153
585.0 0.0007087980065989541
586.0 0.0008628433533885982
587.0 0.0008597361556894612
588.0 0.0008566289579903241
589.0 0.000757959833208588
590.0 0.000659290799376322
591.0 0.0008045424692681991
592.0 0.0009497945029579569
593.0 0.0006433720500353957
594.0 0.00033694968806230463
595.0 0.000616077568338369
596.0 0.0008952053576649632
597.0 0.00072018174250843
598.0 0.0005451582637761021
599.0 0.0005654091637552483
600.0 0.0005856599273101892
601.0 0.0005210080416873097
602.0 0.00045635611058969516
603.0 0.00031036095151648624
604.0 0.00016436565601907205
605.0 0.0002086356062136474
606.0 0.0002529055791455903
607.0 0.0004704715138359461
608.0 0.0006880373348394642
609.0 0.0005941413746768376
610.0 0.0005002451416658005
611.0 0.0007088643997121835
612.0 0.0009174837941827718
613.0 0.0006371134531946154
614.0 0.0003567432031559292
615.0 1.6537399704849576e-10
616.0 1.6537399704849576e-10
617.0 1.6537399704849576e-10
618.0 0.00012821859627365484
619.0 0.0002624481794555322
620.0 0.00039667779674346093
621.0 0.0005362735919334227
622.0 0.0006758693416486494
623.0 0.0005802295163448434
624.0 0.00048458973651577253
625.0 0.00043048457882832736
626.0 0.0003763794666156173
627.0 0.0003365250222486793
628.0 0.00029667057788174134
629.0 0.00042875913095485885
630.0 0.0005608477749774465
631.0 0.0005121933554619318
632.0 0.00046353893594641704
633.0 0.0005002884336136049
634.0 0.0005370378858060576
635.0 0.0004617079412128078
636.0 0.0003863779056700878
637.0 0.00035725784073292743
638.0 0.00032813759389682673
639.0 0.00061011710386083
640.0 0.0008920964319258928
641.0 0.0006134373506938573
642.0 0.0003347782239870867
643.0 0.0005957797384326113
644.0 0.0008567812983528711
645.0 0.0007469519005098846
646.0 0.0006371225936163682
647.0 0.0007440767603839049
648.0 0.0008510314728482626
649.0 0.0007463546808139654
650.0 0.0006416779342544032
651.0 0.0008427443390246481
652.0 0.0010438108802190982
653.0 0.0012114766832382884
654.0 0.0013791423953080084
655.0 0.001978489126486238
656.0 0.0025778357667149976
657.0 0.00346107262885198
658.0 0.0043443080357974395
659.0 0.006887508789077401
660.0 0.039590001688338816
661.0 0.08959111873991787
662.0 0.10411057155579329
663.0 0.0827894895337522
664.0 0.11305314255878329
665.0 0.1543377642519772
666.0 0.12594268191605806
667.0 0.17841293010860682
668.0 0.20074222702533007
669.0 0.25453015696257353
670.0 0.34435002598911524
671.0 0.5106704775243998
672.0 0.7530787494033575
673.0 1.2402080930769444
674.0 1.876889169216156
675.0 2.7442656457424164
676.0 3.7862174212932587
677.0 5.101440474390984
678.0 6.469092518091202
679.0 7.838151603937149
680.0 9.707877784967422
681.0 11.737991869449615
682.0 14.289979636669159
683.0 16.9933021068573
684.0 20.00724822282791
685.0 22.916950285434723
686.0 25.88692307472229
687.0 29.113775491714478
688.0 32.28479325771332
689.0 35.54503321647644
690.0 39.27813768386841
691.0 43.315136432647705
692.0 48.15901517868042
693.0 53.385913372039795
694.0 59.17847752571106
695.0 64.79983329772949
696.0 71.07129693031311
697.0 76.62062644958496
698.0 82.65033960342407
699.0 87.223219871521
700.0 90.80809950828552
701.0 93.71908903121948
702.0 95.65813541412354
703.0 96.77172899246216
704.0 97.353994846344
705.0 97.72796034812927
706.0 97.77199029922485
707.0 97.91238903999329
708.0 97.9962944984436
709.0 98.02521467208862
710.0 97.76060581207275
711.0 98.0066180229187
712.0 97.93538451194763
713.0 97.94540405273438
714.0 98.00938963890076
715.0 98.05096983909607
716.0 97.90762662887573
717.0 98.17404747009277
718.0 98.22046756744385
719.0 98.2129693031311
720.0 98.41780662536621
721.0 98.36261868476868
722.0 98.07882905006409
723.0 97.84687161445618
724.0 97.54846096038818
725.0 97.2308874130249
726.0 96.89693450927734
727.0 96.56668901443481
728.0 96.3628351688385
729.0 96.23062014579773
730.0 96.12482786178589
731.0 96.26088738441467
732.0 96.26325964927673
733.0 96.5101957321167
734.0 96.90552353858948
735.0 97.12451100349426
736.0 97.48411178588867
737.0 97.91845083236694
738.0 98.17209243774414
739.0 98.53985905647278
740.0 98.62362742424011
741.0 98.52392673492432
742.0 98.85738492012024
743.0 98.68077635765076
744.0 98.5451877117157
745.0 98.50470423698425
746.0 98.486989736557
747.0 98.71224164962769
748.0 98.61053228378296
749.0 98.49033951759338
750.0 98.43177795410156
751.0 98.38395118713379
752.0 98.35733771324158
753.0 98.51647019386292
754.0 98.4545350074768
755.0 98.563551902771
756.0 98.5604465007782
757.0 98.60459566116333
758.0 98.70564341545105
759.0 98.78213405609131
760.0 98.64822030067444
761.0 98.54986667633057
762.0 98.61966967582703
763.0 98.55847358703613
764.0 98.38332533836365
765.0 98.40427041053772
766.0 98.47722053527832
767.0 98.22595119476318
768.0 98.31697940826416
769.0 98.33155274391174
770.0 98.09247255325317
771.0 98.11298847198486
772.0 98.12309145927429
773.0 98.0278491973877
774.0 97.87366390228271
775.0 97.90287017822266
776.0 97.92240262031555
777.0 97.93256521224976
778.0 97.91007041931152
779.0 97.98347353935242
780.0 97.870534658432
781.0 98.16883206367493
782.0 97.98649549484253
783.0 98.09484481811523
784.0 98.04133176803589
785.0 98.20897579193115
786.0 98.27011227607727
787.0 98.06427955627441
788.0 98.14176559448242
789.0 98.28934073448181
790.0 98.20963144302368
791.0 98.23962450027466
792.0 98.10105562210083
793.0 98.06761145591736
794.0 97.977215051651
795.0 97.93171882629395
796.0 97.93785214424133
797.0 97.9587972164154
798.0 97.94096946716309
799.0 97.84329533576965
800.0 97.66577482223511
801.0 97.69835472106934
802.0 97.60936498641968
803.0 97.39633202552795
804.0 97.20633029937744
805.0 96.82842493057251
806.0 96.55964970588684
807.0 95.82623839378357
808.0 94.9100136756897
809.0 93.9099669456482
810.0 92.59369969367981
811.0 90.90508818626404
812.0 88.76376748085022
813.0 86.33401989936829
814.0 83.305823802948
815.0 79.91551756858826
816.0 76.27959251403809
817.0 72.04049229621887
818.0 67.23254323005676
819.0 62.91740536689758
820.0 57.89044499397278
821.0 53.37170958518982
822.0 48.921096324920654
823.0 44.307154417037964
824.0 39.66724872589111
825.0 35.39668023586273
826.0 30.93142807483673
827.0 26.37082040309906
828.0 22.185087203979492
829.0 18.023589253425598
830.0 13.843603432178497
831.0 10.597699135541916
832.0 7.417374104261398
833.0 4.938989505171776
834.0 3.132525458931923
835.0 1.9078368321061134
836.0 1.1538129299879074
837.0 0.6384872365742922
838.0 0.3779979422688484
839.0 0.24081573355942965
840.0 0.11769462144002318
841.0 0.0630633789114654
842.0 0.028317136457189918
843.0 1.6537399704849576e-10
844.0 0.010279827256454155
845.0 1.6537399704849576e-10
846.0 1.6537399704849576e-10
847.0 1.6537399704849576e-10
848.0 1.6537399704849576e-10
849.0 1.6537399704849576e-10
850.0 0.010736362310126424
851.0 1.6537399704849576e-10
852.0 0.0008897721272660419
853.0 0.0008933773642638698
854.0 0.0008969828741101082
855.0 0.0007379856924671913
856.0 0.0005789886472484795
857.0 0.0007990312042238656
858.0 0.001019073351926636
859.0 0.0006019341981300386
860.0 0.00018479489654055214
861.0 0.0002850812279575621
862.0 0.00038536745705641806
863.0 0.00015761588656459935
864.0 1.6537399704849576e-10
865.0 8.796872208449713e-06
866.0 8.772931892053748e-05
867.0 8.62135209445114e-05
868.0 8.469767749375023e-05
869.0 1.6537399704849576e-10
870.0 1.6537399704849576e-10
871.0 1.6537399704849576e-10
872.0 0.00016418740642620833
873.0 0.00018877625507229823
874.0 0.0002133650696123368
875.0 0.00013157614375813864
876.0 4.97872463256499e-05
877.0 1.6537399704849576e-10
878.0 1.6537399704849576e-10
879.0 1.6537399704849576e-10
880.0 0.0003839774763036985
881.0 0.0001588329268997768
882.0 1.6537399704849576e-10
883.0 0.00014924803508620244
884.0 0.0003648077154139173
885.0 0.00014612920722356648
886.0 1.6537399704849576e-10
887.0 5.5323909009530325e-05
888.0 0.000183197118985845
889.0 4.928249950353347e-05
890.0 1.6537399704849576e-10
891.0 5.889200451747456e-05
892.0 0.00020241607217030833
893.0 0.00022543019895238103
894.0 0.00024844432573445374
895.0 1.6537399704849576e-10
