lsstCam/transmission_filter_detector/r03_s10/i_39/19700101T000000.ecsv
# %ECSV 1.0
# ---
# datatype:
# - {name: wavelength, unit: nm, datatype: float32}
# - {name: efficiency, unit: '%', datatype: float64}
# meta: !!omap
# - {MODE: DETECTOR}
# - {TYPE: transmission_filter_detector}
# - {CALIBDATE: '1970-01-01T00:00:00'}
# - {INSTRUME: LSSTCam}
# - {OBSTYPE: transmission_filter_detector}
# - {CALIBCLS: lsst.ip.isr.IntermediateFilterDetectorTransmissionCurve}
# - {SOURCE: Materion (DM-46256)}
# - {DETECTOR: 21}
# - {FILTER: i_39}
# - {CALIB_ID: 'calibDate=1970-01-01T00:00:00 filter=i_39 detector=21'}
# - {DATE: '2025-04-02T15:59:46.576269'}
# - {CALIB_CREATION_DATE: '2025-04-02'}
# - {CALIB_CREATION_TIME: '15:59:46'}
# - __serialized_columns__:
#     efficiency:
#       __class__: astropy.units.quantity.Quantity
#       unit: !astropy.units.Unit {unit: '%'}
#       value: !astropy.table.SerializedColumn {name: efficiency}
#     wavelength:
#       __class__: astropy.units.quantity.Quantity
#       unit: !astropy.units.Unit {unit: nm}
#       value: !astropy.table.SerializedColumn {name: wavelength}
# schema: astropy-2.0
wavelength efficiency
[from data line 597]
897.0 1.6537399704849576e-10
898.0 1.6537399704849576e-10
899.0 1.6537399704849576e-10
900.0 1.6537399704849576e-10
901.0 1.6537399704849576e-10
902.0 1.6537399704849576e-10
903.0 1.6537399704849576e-10
904.0 1.6537399704849576e-10
905.0 1.6537399704849576e-10
906.0 1.6537399704849576e-10
907.0 3.7759906490464346e-05
908.0 0.00015637122032785555
909.0 1.6537399704849576e-10
910.0 1.6537399704849576e-10
911.0 1.6537399704849576e-10
912.0 2.338074978069926e-05
913.0 4.7330672714451794e-05
914.0 7.128063543859753e-05
915.0 1.6537399704849576e-10
916.0 1.6537399704849576e-10
917.0 1.6537399704849576e-10
918.0 1.6537399704849576e-10
919.0 1.6537399704849576e-10
920.0 5.379038725550345e-05
921.0 1.6537399704849576e-10
922.0 1.6537399704849576e-10
923.0 1.6537399704849576e-10
924.0 1.6537399704849576e-10
925.0 5.738216941608698e-05
926.0 0.000306742958855466
927.0 2.5057391894733883e-05
928.0 1.6537399704849576e-10
929.0 1.6537399704849576e-10
930.0 0.00015252456933012581
931.0 0.00017094238273784867
932.0 0.00018936019614557154
933.0 0.0001068191409103747
934.0 2.4278114096887293e-05
935.0 1.6537399704849576e-10
936.0 1.6537399704849576e-10
937.0 1.6537399704849576e-10
938.0 1.6537399704849576e-10
939.0 1.6537399704849576e-10
940.0 1.6537399704849576e-10
941.0 1.6537399704849576e-10
942.0 1.6537399704849576e-10
943.0 1.6537399704849576e-10
944.0 1.6537399704849576e-10
945.0 1.6537399704849576e-10
946.0 1.6537399704849576e-10
947.0 1.6537399704849576e-10
948.0 1.6537399704849576e-10
949.0 1.6537399704849576e-10
950.0 1.6537399704849576e-10
951.0 1.6537399704849576e-10
952.0 1.6537399704849576e-10
953.0 1.6537399704849576e-10
954.0 1.6537399704849576e-10
955.0 7.151596719268127e-05
956.0 0.00028573947474797023
957.0 0.00018887269561673747
958.0 9.200587101076962e-05
959.0 0.0001293622062803479
960.0 0.0001667185642872937
961.0 0.00020570907963701757
962.0 0.00024469959498674143
963.0 9.807439482756308e-05
964.0 1.6537399704849576e-10
965.0 1.6537399704849576e-10
966.0 1.6537399704849576e-10
967.0 1.6537399704849576e-10
968.0 1.6537399704849576e-10
969.0 1.6537399704849576e-10
970.0 2.220499197846948e-05
971.0 1.6537399704849576e-10
972.0 1.6537399704849576e-10
973.0 1.6537399704849576e-10
974.0 1.5037059597489133e-05
975.0 6.173445399326738e-06
976.0 1.6537399704849576e-10
977.0 1.6537399704849576e-10
978.0 1.6537399704849576e-10
979.0 1.6537399704849576e-10
980.0 1.6537399704849576e-10
981.0 1.6537399704849576e-10
982.0 1.6537399704849576e-10
983.0 1.6537399704849576e-10
984.0 1.6537399704849576e-10
985.0 8.720095934222627e-05
986.0 0.00020014870187878842
987.0 1.5324557978146913e-05
988.0 1.6537399704849576e-10
989.0 1.6537399704849576e-10
990.0 1.6537399704849576e-10
991.0 1.6537399704849576e-10
992.0 1.6537399704849576e-10
993.0 1.6537399704849576e-10
994.0 5.977091177555849e-05
995.0 1.6537399704849576e-10
996.0 1.6537399704849576e-10
997.0 7.037050977487525e-05
998.0 0.00031824797588342335
999.0 0.0003946763627027394
1000.0 0.0004711046585725853
1001.0 0.0002476379904692294
1002.0 2.4171268364625575e-05
1003.0 7.189010489128123e-05
1004.0 0.00011960897836615914
1005.0 1.6537399704849576e-10
1006.0 1.6537399704849576e-10
1007.0 3.873105924867559e-05
1008.0 0.00020952018076059176
1009.0 9.617943987905164e-05
1010.0 1.6537399704849576e-10
1011.0 9.040440431817842e-05
1012.0 0.00019797009827016154
1013.0 0.00040357854231842794
1014.0 0.000609187100053532
1015.0 0.0004981754500477109
1016.0 0.00038716393646609504
1017.0 0.0004284369879314909
1018.0 0.00046971026677056216
1019.0 0.0003084365062022698
1020.0 0.00014716272289660992
1021.0 0.00014305226159194717
1022.0 0.00013894178891860065
1023.0 0.00048449592213728465
1024.0 0.0008300501576741226
1025.0 0.0006233173280634219
1026.0 0.00041658449845272116
1027.0 0.00039558658500027377
1028.0 0.00037458864881045884
1029.0 0.0007695850399613846
1030.0 0.0011645814083749428
1031.0 0.0017561111235409044
1032.0 0.0023476406568079256
1033.0 0.0024752171157160774
1034.0 0.002602793028927408
1035.0 0.0031369134376291186
1036.0 0.0036710334825329483
1037.0 0.0038184778532013297
1038.0 0.0039659218600718305
1039.0 0.0032012925657909364
1040.0 0.0024366634534089826
1041.0 0.0020360406779218465
1042.0 0.00163541772053577
1043.0 0.0023030665033729747
1044.0 0.002970715104311239
1045.0 0.003270376691943966
1046.0 0.003570038825273514
1047.0 0.0034353997762082145
1048.0 0.003300760727142915
1049.0 0.0028380909498082474
1050.0 0.0023754211724735796
1051.0 0.0024804867280181497
1052.0 0.00258555246546166
1053.0 0.0016735286408220418
1054.0 0.0007615046797582181
1055.0 0.0007038721378194168
1056.0 0.0006462394594564103
1057.0 0.0006774062057957053
1058.0 0.0007085731340339407
1059.0 0.0007659183211217169
1060.0 0.0008232637810579035
1061.0 0.0016655458239256404
1062.0 0.002507827593944967
1063.0 0.002842582580342423
1064.0 0.0031773375667398795
1065.0 0.003239716897951439
1066.0 0.00330209695675876
1067.0 0.004243830335326493
1068.0 0.005185563713894226
1069.0 0.004184211866231635
1070.0 0.0031828600185690448
1071.0 0.0028469432436395437
1072.0 0.002511026104912162
1073.0 0.0024555110940127634
1074.0 0.0023999962650123052
1075.0 0.002649172347446438
1076.0 0.0028983482479816303
1077.0 0.0022430049284594133
1078.0 0.0015876610632403754
1079.0 0.001998964580707252
1080.0 0.0024102684619720094
1081.0 0.0016033323845476843
1082.0 0.0007963962161738891
1083.0 0.0001359952989332669
1084.0 1.6537399704849576e-10
1085.0 0.0002142955281669856
1086.0 0.0009529972885502502
1087.0 0.0008644542504043784
1088.0 0.0007759114851069171
1089.0 1.6537399704849576e-10
1090.0 1.6537399704849576e-10
1091.0 1.6537399704849576e-10
1092.0 1.6537399704849576e-10
1093.0 1.6537399704849576e-10
1094.0 0.0004059421826241305
1095.0 0.00039094011299312115
1096.0 0.00037593817978631705
1097.0 1.6537399704849576e-10
1098.0 1.6537399704849576e-10
1099.0 1.6537399704849576e-10
1100.0 0.0004816187811229611
