lsstCam/transmission_filter_detector/r42_s01/u_24/19700101T000000.ecsv
# %ECSV 1.0
# ---
# datatype:
# - {name: wavelength, unit: nm, datatype: float32}
# - {name: efficiency, unit: '%', datatype: float64}
# meta: !!omap
# - {MODE: DETECTOR}
# - {TYPE: transmission_filter_detector}
# - {CALIBDATE: '1970-01-01T00:00:00'}
# - {INSTRUME: LSSTCam}
# - {OBSTYPE: transmission_filter_detector}
# - {CALIBCLS: lsst.ip.isr.IntermediateFilterDetectorTransmissionCurve}
# - {SOURCE: Materion (DM-46256)}
# - {DETECTOR: 172}
# - {FILTER: u_24}
# - {CALIB_ID: 'calibDate=1970-01-01T00:00:00 filter=u_24 detector=172'}
# - {DATE: '2025-04-02T15:59:40.547731'}
# - {CALIB_CREATION_DATE: '2025-04-02'}
# - {CALIB_CREATION_TIME: '15:59:40'}
# - __serialized_columns__:
#     efficiency:
#       __class__: astropy.units.quantity.Quantity
#       unit: !astropy.units.Unit {unit: '%'}
#       value: !astropy.table.SerializedColumn {name: efficiency}
#     wavelength:
#       __class__: astropy.units.quantity.Quantity
#       unit: !astropy.units.Unit {unit: nm}
#       value: !astropy.table.SerializedColumn {name: wavelength}
# schema: astropy-2.0
wavelength efficiency
[from data line 582]
877.0 0.002704241342144087
878.0 0.0028941505661350675
879.0 0.002923667852883227
880.0 0.0029531849577324465
881.0 0.002930542359536048
882.0 0.0029078997613396496
883.0 0.0029446766347973607
884.0 0.002981452962558251
885.0 0.0030336161216837354
886.0 0.003085778735112399
887.0 0.003020004805875942
888.0 0.0029542303309426643
889.0 0.0029338842068682425
890.0 0.0029135373551980592
891.0 0.0028626312996493652
892.0 0.00281172451650491
893.0 0.003172662400174886
894.0 0.0035336001019459218
895.0 0.003225606997148134
896.0 0.002917613892350346
897.0 0.002873875382647384
898.0 0.002830136872944422
899.0 0.0029099594030412845
900.0 0.0029897821150370874
901.0 0.0034881966712418944
902.0 0.003986611045547761
903.0 0.004364207779872231
904.0 0.004741804150398821
905.0 0.004654690928873606
906.0 0.004567577707348391
907.0 0.004946666012983769
908.0 0.005325754682417028
909.0 0.005269267421681434
910.0 0.005212780888541602
911.0 0.00534776845597662
912.0 0.005482756023411639
913.0 0.005456974031403661
914.0 0.0054311920393956825
915.0 0.005120384594192728
916.0 0.004809577148989774
917.0 0.004783837357535958
918.0 0.004758097566082142
919.0 0.004870816701441072
920.0 0.004983535473002121
921.0 0.004949073991156183
922.0 0.0049146125093102455
923.0 0.004908065602649003
924.0 0.004901518695987761
925.0 0.0052037514251424
926.0 0.005505984154297039
927.0 0.005866711580893025
928.0 0.006227438279893249
929.0 0.006497649883385748
930.0 0.006767861486878246
931.0 0.006927933281986043
932.0 0.007088004349498078
933.0 0.00736314759706147
934.0 0.007638290844624862
935.0 0.007744415052002296
936.0 0.007850538531783968
937.0 0.007436850864905864
938.0 0.007023164653219283
939.0 0.006934283010195941
940.0 0.006845400639576837
941.0 0.006146546365926042
942.0 0.005447692092275247
943.0 0.005018653973820619
944.0 0.004589615491568111
945.0 0.00393113077734597
946.0 0.0032726453355280682
947.0 0.0027698808480636217
948.0 0.002267116360599175
949.0 0.0019373186660232022
950.0 0.0016075211533461697
951.0 0.0017507951270090416
952.0 0.0018940692825708538
953.0 0.0017785734598874114
954.0 0.0016630772734060884
955.0 0.0017882550309877843
956.0 0.0019134327885694802
957.0 0.0019259017790318467
958.0 0.0019383705875952728
959.0 0.00207828725251602
960.0 0.002218203735537827
961.0 0.002909003342210781
962.0 0.0035998029488837346
963.0 0.0037995541788404807
964.0 0.0039993057725951076
965.0 0.004387306034914218
966.0 0.004775306297233328
967.0 0.004741522207041271
968.0 0.004707738844444975
969.0 0.004703651211457327
970.0 0.004699563578469679
971.0 0.004957621786161326
972.0 0.005215680357650854
973.0 0.004923200685880147
974.0 0.004630721377907321
975.0 0.004627582529792562
976.0 0.004624444045475684
977.0 0.004152077235630713
978.0 0.0036797104257857427
979.0 0.0033858963433885947
980.0 0.003092081897193566
981.0 0.0029209855711087584
982.0 0.0027498890631250106
983.0 0.0026844541935133748
984.0 0.0026190191420027986
985.0 0.002869885429390706
986.0 0.0031207520805764943
987.0 0.003553172427928075
988.0 0.003985592775279656
989.0 0.004416038791532628
990.0 0.004846485171583481
991.0 0.005299227632349357
992.0 0.005751970456913114
993.0 0.005997822518111207
994.0 0.006243676034500822
995.0 0.006476722774095833
996.0 0.006709770241286606
997.0 0.00667915228405036
998.0 0.006648534326814115
999.0 0.006506461068056524
1000.0 0.006364389264490455
1001.0 0.006041899177944288
1002.0 0.00571940909139812
1003.0 0.0055450178479077294
1004.0 0.00537062696821522
1005.0 0.005382685776567087
1006.0 0.005394744948716834
1007.0 0.005193390461499803
1008.0 0.004992035610484891
1009.0 0.004669634654419497
1010.0 0.004347233698354103
1011.0 0.004032376091345213
1012.0 0.0037175181205384433
1013.0 0.003182711952831596
1014.0 0.0026479056032258086
1015.0 0.0023552640413981862
1016.0 0.002062622479570564
1017.0 0.0018981008906848729
1018.0 0.0017335793017991818
1019.0 0.0012705284461844712
1020.0 0.0008074773177213501
1021.0 0.001093613900593482
1022.0 0.001379750574415084
1023.0 0.0013294155905896332
1024.0 0.0012790806977136526
1025.0 0.0013375565686146729
1026.0 0.0013960326214146335
1027.0 0.0013451246559270658
1028.0 0.0012942167813889682
1029.0 0.0014672457837150432
1030.0 0.0016402747860411182
1031.0 0.001684221024333965
1032.0 0.0017281670807278715
1033.0 0.0017093712813220918
1034.0 0.0016905753000173718
1035.0 0.0018873819499276578
1036.0 0.0020841887817368843
1037.0 0.0020385834432090633
1038.0 0.001992977922782302
1039.0 0.0021841582565684803
1040.0 0.0023753389541525394
1041.0 0.002074139774776995
1042.0 0.0017729407773003913
1043.0 0.001661530404817313
1044.0 0.0015501200323342346
1045.0 0.001809692184906453
1046.0 0.0020692643374786712
1047.0 0.0023785794837749563
1048.0 0.0026878946300712414
1049.0 0.002143984238500707
1050.0 0.0016000740288291126
1051.0 0.0015700225048931316
1052.0 0.0015399709809571505
1053.0 0.0016149511793628335
1054.0 0.0016899311958695762
1055.0 0.0015347852240665816
1056.0 0.0013796390703646466
1057.0 0.0011830662515421864
1058.0 0.0009864936146186665
1059.0 0.0012473151400627103
1060.0 0.0015081368474056944
1061.0 0.00105019344118773
1062.0 0.0005922499894950306
1063.0 0.0015256687220244203
1064.0 0.0024590872271801345
1065.0 0.00132231416500872
1066.0 0.00018554068219600595
1067.0 0.0007364832526945975
1068.0 0.0012874256754003
1069.0 0.0014704828572575934
1070.0 0.0016535397662664764
1071.0 0.001583333323651459
1072.0 0.0015131267900869716
1073.0 0.002164927172998432
1074.0 0.0028167276468593627
1075.0 0.0026079882445628755
1076.0 0.0023992490241653286
1077.0 0.003305775680928491
1078.0 0.004212302155792713
1079.0 0.003919938171748072
1080.0 0.0036275741877034307
1081.0 0.003402065340196714
1082.0 0.003176556492689997
1083.0 0.0032074727641884238
1084.0 0.003238389763282612
1085.0 0.0036818008084082976
1086.0 0.004125211853533983
1087.0 0.003839086275547743
1088.0 0.0035529606975615025
1089.0 0.003441332228248939
1090.0 0.003329704486532137
1091.0 0.0032503114198334515
1092.0 0.0031709179893368855
1093.0 0.0033585009077796713
1094.0 0.0035460841900203377
1095.0 0.0036028115573571995
1096.0 0.0036595385608961806
1097.0 0.002545967436162755
1098.0 0.0014323960385809187
1099.0 0.003164252484566532
1100.0 0.004896109021501616
