lsstCam/transmission_filter_detector/r42_s01/u_24/19700101T000000.ecsv
# %ECSV 1.0
# ---
# datatype:
# - {name: wavelength, unit: nm, datatype: float32}
# - {name: efficiency, unit: '%', datatype: float64}
# meta: !!omap
# - {MODE: DETECTOR}
# - {TYPE: transmission_filter_detector}
# - {CALIBDATE: '1970-01-01T00:00:00'}
# - {INSTRUME: LSSTCam}
# - {OBSTYPE: transmission_filter_detector}
# - {CALIBCLS: lsst.ip.isr.IntermediateFilterDetectorTransmissionCurve}
# - {SOURCE: Materion (DM-46256)}
# - {DETECTOR: 172}
# - {FILTER: u_24}
# - {CALIB_ID: 'calibDate=1970-01-01T00:00:00 filter=u_24 detector=172'}
# - {DATE: '2025-04-02T15:59:40.547731'}
# - {CALIB_CREATION_DATE: '2025-04-02'}
# - {CALIB_CREATION_TIME: '15:59:40'}
# - __serialized_columns__:
#     efficiency:
#       __class__: astropy.units.quantity.Quantity
#       unit: !astropy.units.Unit {unit: '%'}
#       value: !astropy.table.SerializedColumn {name: efficiency}
#     wavelength:
#       __class__: astropy.units.quantity.Quantity
#       unit: !astropy.units.Unit {unit: nm}
#       value: !astropy.table.SerializedColumn {name: wavelength}
# schema: astropy-2.0
wavelength efficiency
295.0 1.6066321450319831e-10
296.0 1.6066321450319831e-10
297.0 1.6066321450319831e-10
298.0 1.6066321450319831e-10
299.0 1.6066321450319831e-10
300.0 1.6066321450319831e-10
301.0 0.15572841512039304
302.0 0.09419476264156401
303.0 0.037493626587092876
304.0 0.06843170267529786
305.0 0.7267456967383623
306.0 2.0530758425593376
307.0 3.2942209392786026
308.0 5.267593264579773
309.0 8.48781168460846
310.0 12.09215298295021
311.0 15.757450461387634
312.0 19.55392211675644
313.0 22.806115448474884
314.0 25.8376806974411
315.0 28.294724225997925
316.0 30.37254810333252
317.0 32.78663754463196
318.0 35.77001392841339
319.0 39.36481773853302
320.0 44.71462070941925
321.0 50.246989727020264
322.0 56.279051303863525
323.0 61.73774600028992
324.0 66.28262996673584
325.0 69.43184733390808
326.0 71.91009521484375
327.0 73.83649349212646
328.0 75.62344670295715
329.0 76.99093818664551
330.0 78.35952043533325
331.0 79.16528582572937
332.0 79.57689166069031
333.0 79.60254549980164
334.0 79.47601675987244
335.0 79.622483253479
336.0 79.87183928489685
337.0 80.37196397781372
338.0 81.27706050872803
339.0 81.76183104515076
340.0 82.22607374191284
341.0 82.6856017112732
342.0 83.0197811126709
343.0 83.0073595046997
344.0 83.15128684043884
345.0 83.58492851257324
346.0 83.83782505989075
347.0 84.17608737945557
348.0 84.50375199317932
349.0 84.66072082519531
350.0 84.82152223587036
351.0 84.94954109191895
352.0 84.87801551818848
353.0 84.84953045845032
354.0 84.78975296020508
355.0 84.96866226196289
356.0 85.17130017280579
357.0 85.07225513458252
358.0 84.80163216590881
359.0 84.48026180267334
360.0 84.4645082950592
361.0 84.08064842224121
362.0 83.9343011379242
363.0 84.06744599342346
364.0 84.1292679309845
365.0 84.46240425109863
366.0 84.6684992313385
367.0 84.81828570365906
368.0 84.76881980895996
369.0 84.87058877944946
370.0 84.65473651885986
371.0 84.5238745212555
372.0 84.48044657707214
373.0 84.68239307403564
374.0 84.65020656585693
375.0 84.9656879901886
376.0 85.06872653961182
377.0 85.13515591621399
378.0 85.27038097381592
379.0 85.0078284740448
380.0 84.28654670715332
381.0 83.01289677619934
382.0 81.31656050682068
383.0 79.28604483604431
384.0 77.17018723487854
385.0 74.8450517654419
386.0 72.32493758201599
387.0 69.0478503704071
388.0 65.7339870929718
389.0 61.68002486228943
390.0 57.653266191482544
391.0 53.325486183166504
392.0 48.83309304714203
393.0 44.96488571166992
394.0 41.63018465042114
395.0 38.15916180610657
396.0 34.498438239097595
397.0 29.736730456352234
398.0 24.177291989326477
399.0 17.467321455478668
400.0 11.246085911989212
401.0 6.336481124162674
402.0 2.891886606812477
403.0 0.9384014643728733
404.0 0.3280339762568474
405.0 0.11312080314382911
406.0 0.04470503481570631
407.0 0.04449640691746026
408.0 0.005559446071856655
409.0 1.6066321450319831e-10
410.0 1.6066321450319831e-10
411.0 1.6066321450319831e-10
412.0 1.6066321450319831e-10
413.0 1.6066321450319831e-10
414.0 1.6066321450319831e-10
415.0 1.6066321450319831e-10
416.0 1.6066321450319831e-10
417.0 1.6066321450319831e-10
418.0 1.6066321450319831e-10
419.0 1.6066321450319831e-10
420.0 1.6066321450319831e-10
421.0 1.6066321450319831e-10
422.0 1.6066321450319831e-10
423.0 1.6066321450319831e-10
424.0 1.6066321450319831e-10
425.0 1.6066321450319831e-10
426.0 1.6066321450319831e-10
427.0 1.6066321450319831e-10
428.0 1.6066321450319831e-10
429.0 1.6066321450319831e-10
430.0 1.6066321450319831e-10
431.0 1.6066321450319831e-10
432.0 1.6066321450319831e-10
433.0 1.6066321450319831e-10
434.0 1.6066321450319831e-10
435.0 1.6066321450319831e-10
436.0 1.6066321450319831e-10
437.0 1.6066321450319831e-10
438.0 1.6066321450319831e-10
439.0 1.6066321450319831e-10
440.0 1.6066321450319831e-10
441.0 0.00036598862607206684
442.0 0.0018612054191180505
443.0 1.6066321450319831e-10
444.0 1.6066321450319831e-10
445.0 1.6066321450319831e-10
446.0 1.6066321450319831e-10
447.0 1.6066321450319831e-10
448.0 1.6066321450319831e-10
449.0 1.6066321450319831e-10
450.0 0.0005870773293281673
451.0 0.0004528257704805583
452.0 0.00031857414342084667
453.0 0.0003298158844700083
454.0 0.00034105778468074277
455.0 5.86336057040171e-05
456.0 1.6066321450319831e-10
457.0 0.0004302095931052463
458.0 0.0010842096344276797
459.0 0.0007153332717280136
460.0 0.00034645715913939057
461.0 1.6066321450319831e-10
462.0 1.6066321450319831e-10
463.0 1.6066321450319831e-10
464.0 1.6066321450319831e-10
465.0 1.6066321450319831e-10
466.0 1.6066321450319831e-10
467.0 0.000444929673903971
468.0 0.0013635813047585543
469.0 0.0006434631814045133
470.0 1.6066321450319831e-10
471.0 1.6066321450319831e-10
472.0 1.6066321450319831e-10
473.0 6.826073217780504e-05
474.0 0.0003344356628076639
475.0 1.6066321450319831e-10
476.0 1.6066321450319831e-10
477.0 1.6066321450319831e-10
478.0 1.6066321450319831e-10
479.0 1.6066321450319831e-10
480.0 1.6066321450319831e-10
481.0 0.0002243947619717801
482.0 0.0009415747626917437
483.0 0.00033314936445094645
484.0 1.6066321450319831e-10
485.0 1.6066321450319831e-10
486.0 0.0002419606289549847
487.0 0.00013135509107087273
488.0 2.0749604345837724e-05
489.0 1.6066321450319831e-10
490.0 1.6066321450319831e-10
491.0 1.6066321450319831e-10
492.0 1.6066321450319831e-10
493.0 6.511061911851357e-06
494.0 0.00010787819064717041
495.0 0.0002213310381193878
496.0 0.00033478411296528066
497.0 7.932071639515925e-05
498.0 1.6066321450319831e-10
499.0 1.6066321450319831e-10
500.0 1.6066321450319831e-10
501.0 1.6066321450319831e-10
502.0 1.6066321450319831e-10
503.0 1.6066321450319831e-10
504.0 0.00020824345483561046
505.0 1.6066321450319831e-10
506.0 1.6066321450319831e-10
507.0 1.6066321450319831e-10
508.0 1.6066321450319831e-10
509.0 1.6066321450319831e-10
510.0 1.6066321450319831e-10
511.0 1.6066321450319831e-10
512.0 1.914826555093896e-05
513.0 1.6066321450319831e-10
514.0 1.6066321450319831e-10
515.0 3.798491547968297e-05
516.0 0.00016887687479538727
517.0 1.6066321450319831e-10
518.0 1.6066321450319831e-10
519.0 1.6066321450319831e-10
520.0 0.0003156085767841432
521.0 1.6066321450319831e-10
522.0 1.6066321450319831e-10
523.0 1.6066321450319831e-10
524.0 0.0001467134666199854
525.0 1.6066321450319831e-10
526.0 1.6066321450319831e-10
527.0 1.6066321450319831e-10
528.0 1.6066321450319831e-10
529.0 1.6066321450319831e-10
530.0 1.6066321450319831e-10
531.0 6.024918661751144e-05
532.0 0.00028604481485672295
533.0 0.00030756291380384937
534.0 0.00032908110370044596
535.0 1.6066321450319831e-10
536.0 1.6066321450319831e-10
537.0 1.6066321450319831e-10
538.0 2.6688994125834142e-05
539.0 2.9882960461691255e-05
540.0 3.307688132281328e-05
541.0 1.6066321450319831e-10
542.0 1.6066321450319831e-10
543.0 1.6066321450319831e-10
544.0 1.6066321450319831e-10
545.0 1.6066321450319831e-10
546.0 1.6066321450319831e-10
547.0 1.6066321450319831e-10
548.0 1.6066321450319831e-10
549.0 1.6066321450319831e-10
550.0 1.6066321450319831e-10
551.0 1.6066321450319831e-10
552.0 1.6066321450319831e-10
553.0 5.250862500361109e-05
554.0 0.0003065037162741646
555.0 0.00017257876834264607
556.0 3.865384883283696e-05
557.0 0.00016990665017146966
558.0 0.0003011593889823416
559.0 0.00023662305466132239
560.0 0.00017208658391609788
561.0 1.6066321450319831e-10
562.0 1.6066321450319831e-10
563.0 1.6066321450319831e-10
564.0 0.00021831426693097455
565.0 7.525254090978706e-05
566.0 1.6066321450319831e-10
567.0 4.867209781878046e-05
568.0 0.00016515333527422627
569.0 9.039493420459621e-05
570.0 1.5636481975889183e-05
571.0 0.00016005383258743677
572.0 0.0003044712912014802
573.0 0.00033316471217403887
574.0 0.00036185820135870017
575.0 0.00020780942122655688
576.0 5.376062404138793e-05
577.0 0.00016161778830792173
578.0 0.0002694749127840623
579.0 0.00028758429380104644
580.0 0.00030569362934329547
581.0 0.0004904941306449473
582.0 0.0006752946774213342
583.0 0.000642626309854677
584.0 0.0006099578513385495
585.0 0.0006174188456498086
586.0 0.000624879930910538
587.0 0.0007353488854278112
588.0 0.0008458177035208791
589.0 0.0007993238796188962
590.0 0.0007528299192927079
591.0 0.00094633342087036
592.0 0.0011398369679227471
593.0 0.0009145795957010705
594.0 0.000689322268954129
595.0 0.0007669534170418046
596.0 0.0008445846106042154
597.0 0.0012887366210634355
598.0 0.0017328882677247748
599.0 0.0018172831914853305
600.0 0.0019016781152458861
601.0 0.002059467624349054
602.0 0.002217257315351162
603.0 0.002326051799173001
604.0 0.0024348464648937806
605.0 0.0021829737306688912
606.0 0.0019311008145450614
607.0 0.0015933208487695083
608.0 0.0012555409739434253
609.0 0.0011815779544122051
610.0 0.0011076148439315148
611.0 0.0007586341780552175
612.0 0.00040965337575471494
613.0 0.00045289839363249484
614.0 0.0004961434115102747
615.0 0.0003448483994361595
616.0 0.0001935534328367794
617.0 0.00021561613721132744
618.0 0.00023767881884850794
619.0 0.00039334404391411226
620.0 0.000549009200767614
621.0 0.0005129868441144936
622.0 0.0004769644874613732
623.0 0.00037834615795873106
624.0 0.0002797279421429266
625.0 0.0006676556949969381
626.0 0.0010555834705883171
627.0 0.0011501816516101826
628.0 0.0012447800145309884
629.0 0.0012475378753151745
630.0 0.0012502956451498903
631.0 0.001512747894594213
632.0 0.001775200325937476
633.0 0.002108569606207311
634.0 0.0024419388864771463
635.0 0.0024823317289701663
636.0 0.0025227242076653056
637.0 0.0026110190447070636
638.0 0.0026993138817488216
639.0 0.002484940705471672
640.0 0.0022705675291945226
641.0 0.0018485556211089715
642.0 0.0014265438039728906
643.0 0.0009355500878882594
644.0 0.0004445563263288932
645.0 0.0002978369366246625
646.0 0.00015111749007701292
647.0 0.00028257315989321796
648.0 0.00041402877286600415
649.0 0.00026490054096939275
650.0 0.0001157722522293625
651.0 0.0005868643711437471
652.0 0.0010579567060631234
653.0 0.001093633909476921
654.0 0.0011293111128907185
655.0 0.0015893077943474054
656.0 0.002049304384854622
657.0 0.00240053213929059
658.0 0.002751759711827617
659.0 0.002984847378684208
660.0 0.003217935227439739
661.0 0.0031454259442398325
662.0 0.003072916661039926
663.0 0.0026867173801292665
664.0 0.002300518099218607
665.0 0.0020707238945760764
666.0 0.0018409296899335459
667.0 0.001563358455314301
668.0 0.001285787220695056
669.0 0.0010718325938796625
670.0 0.0008578782399126794
671.0 0.0006071708412491716
672.0 0.0003564635107977665
673.0 0.0004250895926816156
674.0 0.0004937156063533621
675.0 0.000674985767545877
676.0 0.0008562557923141867
677.0 0.0012441408216545824
678.0 0.0016320256690960377
679.0 0.002192802458012011
680.0 0.002753579246927984
681.0 0.004291359437047504
682.0 0.005829138899571262
683.0 0.007512023876188323
684.0 0.009194909944199026
685.0 0.009486790077062324
686.0 0.009778673120308667
687.0 0.008928168244892731
688.0 0.00807766555226408
689.0 0.0071341433795169
690.0 0.006190621934365481
691.0 0.0053262214350979775
692.0 0.004461821663426235
693.0 0.0035434160963632166
694.0 0.002625011074997019
695.0 0.0020866806153208017
696.0 0.0015483503375435248
697.0 0.0013341532394406386
698.0 0.0011199560503882822
699.0 0.0009217450497089885
700.0 0.0007235340490296949
701.0 0.0007119023393897805
702.0 0.000700270538800396
703.0 0.0006748352916474687
704.0 0.0006493999080703361
705.0 0.0007439803084707819
706.0 0.0008385606633964926
707.0 0.0008460166100121569
708.0 0.0008534729204257019
709.0 0.0008263745257863775
710.0 0.0007992762220965233
711.0 0.0007869610271882266
712.0 0.0007746457413304597
713.0 0.0008525487828592304
714.0 0.0009304517334385309
715.0 0.0008006248208403122
716.0 0.0006707977718178881
717.0 0.0004851281573792221
718.0 0.00029945847472845344
719.0 0.00030447515655396273
720.0 0.0003094918156421045
721.0 0.00010450788749949425
722.0 1.6066321450319831e-10
723.0 7.715827337051451e-05
724.0 0.0002547926669649314
725.0 0.0002238730985482107
726.0 0.0001929536438183277
727.0 0.00032009165806812234
728.0 0.00044722955863107927
729.0 0.00020761881387443282
730.0 1.6066321450319831e-10
731.0 4.323726443544729e-05
732.0 0.00011846655070257839
733.0 0.0001951012336576241
734.0 0.0002717358484005672
735.0 0.00025800216008065036
736.0 0.00024426838081126334
737.0 0.00023054399207467213
738.0 0.00021681960333808092
739.0 0.0005416959538706578
740.0 0.0008665722816658672
741.0 0.0012604312360053882
742.0 0.001654290099395439
743.0 0.002200161361542996
744.0 0.0027460328055894934
745.0 0.0030517607228830457
746.0 0.0033574888220755383
747.0 0.0034539032640168443
748.0 0.0035503173421602696
749.0 0.0037260113458614796
750.0 0.003901704985764809
751.0 0.0038581951230298728
752.0 0.003814684896497056
753.0 0.0038193451473489404
754.0 0.003824005034402944
755.0 0.0033590633393032476
756.0 0.002894122008001432
757.0 0.002540499554015696
758.0 0.0021868771000299603
759.0 0.0017738600945449434
760.0 0.001360843270958867
761.0 0.0010496498362044804
762.0 0.0007384563559753587
763.0 0.0005317856903275242
764.0 0.0003251150019423221
765.0 0.0004826389613299398
766.0 0.000640162943454925
767.0 0.000699146039551124
768.0 0.0007581292720715282
769.0 0.0006522277544718236
770.0 0.0005463263732963242
771.0 0.0006419167220883537
772.0 0.0007375071163551183
773.0 0.0007823985470167827
774.0 0.0008272899322037119
775.0 0.0006490544365078676
776.0 0.00047081894081202336
777.0 0.000821575758891413
778.0 0.001172332304122392
779.0 0.0008790028914518189
780.0 0.0005856733878317755
781.0 0.0009403628610016312
782.0 0.0012950520613230765
783.0 0.0012053958926117048
784.0 0.001115739723900333
785.0 0.0012972748663742095
786.0 0.001478810008848086
787.0 0.0012244872777955607
788.0 0.0009701644557935651
789.0 0.0010347389434173238
790.0 0.0010993134310410824
791.0 0.0008296589840028901
792.0 0.0005600049007625785
793.0 0.0007200901563919615
794.0 0.0008801752301224042
795.0 0.0007691984137636609
796.0 0.0006582215519301826
797.0 0.0004952278231939999
798.0 0.000332234208144655
799.0 0.00038032906104490394
800.0 0.00042842393668252043
801.0 0.00022720992092217784
802.0 2.5995936425715627e-05
803.0 1.6066321450319831e-10
804.0 1.6066321450319831e-10
805.0 3.971133821778494e-05
806.0 0.0002928668436652515
807.0 0.00015897678622422973
808.0 2.508666909761814e-05
809.0 4.5616050670105324e-05
810.0 6.614536118831893e-05
811.0 0.00024345938527403632
812.0 0.0004207734491501469
813.0 0.0002171259438910056
814.0 1.3478461369231809e-05
815.0 7.482362889277283e-05
816.0 0.00013616875094157876
817.0 9.251966162082681e-05
818.0 4.887066893388692e-05
819.0 0.0002653501042004791
820.0 0.00048182960199483205
821.0 0.00034642857826838735
822.0 0.00021102746359247249
823.0 0.00012070534012309508
824.0 3.0383165494640707e-05
825.0 1.1053857207343754e-05
826.0 1.6066321450319831e-10
827.0 1.6066321450319831e-10
828.0 1.6066321450319831e-10
829.0 1.6066321450319831e-10
830.0 1.6066321450319831e-10
831.0 1.6066321450319831e-10
832.0 1.6066321450319831e-10
833.0 1.6066321450319831e-10
834.0 7.67112226185418e-05
835.0 1.6066321450319831e-10
836.0 1.6066321450319831e-10
837.0 1.6066321450319831e-10
838.0 1.880619606708933e-05
839.0 0.00013026826763962163
840.0 0.0002417303448964958
841.0 1.6066321450319831e-10
842.0 1.6066321450319831e-10
843.0 1.6066321450319831e-10
844.0 1.6066321450319831e-10
845.0 1.6066321450319831e-10
846.0 2.7334161245562427e-05
847.0 0.00016734742303015082
848.0 0.00030736073313164525
849.0 0.00024325568119820673
850.0 0.0001791505496839818
851.0 7.910304020697367e-05
852.0 1.6066321450319831e-10
853.0 0.00024600260530860396
854.0 0.0005129499186296016
855.0 0.0004219126367388526
856.0 0.00033087553674704395
857.0 0.0005538063760468503
858.0 0.0007767371243971866
859.0 0.0006296906576608308
860.0 0.0004826439635507995
861.0 0.000879456456459593
862.0 0.0012762690857925918
863.0 0.0015054743926157244
864.0 0.0017346801541862078
865.0 0.0014952524907130282
866.0 0.0012558248272398487
867.0 0.0014961483429942746
868.0 0.0017364718587487005
869.0 0.0016648498785798438
870.0 0.0015932278984109871
871.0 0.0017544602087582462
872.0 0.0019156923372065648
873.0 0.0021777459551231004
874.0 0.002439799027342815
875.0 0.002477065754646901
