lsstCam/transmission_filter_detector/r10_s11/i_39/19700101T000000.ecsv
# %ECSV 1.0
# ---
# datatype:
# - {name: wavelength, unit: nm, datatype: float32}
# - {name: efficiency, unit: '%', datatype: float64}
# meta: !!omap
# - {MODE: DETECTOR}
# - {TYPE: transmission_filter_detector}
# - {CALIBDATE: '1970-01-01T00:00:00'}
# - {INSTRUME: LSSTCam}
# - {OBSTYPE: transmission_filter_detector}
# - {CALIBCLS: lsst.ip.isr.IntermediateFilterDetectorTransmissionCurve}
# - {SOURCE: Materion (DM-46256)}
# - {DETECTOR: 31}
# - {FILTER: i_39}
# - {CALIB_ID: 'calibDate=1970-01-01T00:00:00 filter=i_39 detector=31'}
# - {DATE: '2025-04-02T15:59:46.623040'}
# - {CALIB_CREATION_DATE: '2025-04-02'}
# - {CALIB_CREATION_TIME: '15:59:46'}
# - __serialized_columns__:
#     efficiency:
#       __class__: astropy.units.quantity.Quantity
#       unit: !astropy.units.Unit {unit: '%'}
#       value: !astropy.table.SerializedColumn {name: efficiency}
#     wavelength:
#       __class__: astropy.units.quantity.Quantity
#       unit: !astropy.units.Unit {unit: nm}
#       value: !astropy.table.SerializedColumn {name: wavelength}
# schema: astropy-2.0
wavelength efficiency
300.0 0.0738396542146802
301.0 0.038435254828073084
302.0 0.0030308907298604026
303.0 0.017988022591453046
304.0 0.032945151906460524
305.0 0.037106568925082684
306.0 0.04126798885408789
307.0 0.020407365809660405
308.0 1.682227274146797e-10
309.0 1.682227274146797e-10
310.0 1.682227274146797e-10
311.0 1.682227274146797e-10
312.0 0.003435988401179202
313.0 0.0001661117948970059
314.0 1.682227274146797e-10
315.0 1.682227274146797e-10
316.0 1.682227274146797e-10
317.0 1.682227274146797e-10
318.0 1.682227274146797e-10
319.0 1.682227274146797e-10
320.0 1.682227274146797e-10
321.0 1.682227274146797e-10
322.0 0.0032093528716359288
323.0 1.682227274146797e-10
324.0 1.682227274146797e-10
325.0 1.682227274146797e-10
326.0 1.682227274146797e-10
327.0 1.682227274146797e-10
328.0 0.002424996273475699
329.0 0.002292893987032585
330.0 0.0021607917005894706
331.0 0.0013227319868747145
332.0 0.0004846724550588988
333.0 0.0019231414626119658
334.0 0.0033616102882660925
335.0 0.002033632335951552
336.0 0.0007056552931317128
337.0 0.001367629192827735
338.0 0.0020296030925237574
339.0 0.0025731136702233925
340.0 0.003116624793619849
341.0 1.682227274146797e-10
342.0 1.682227274146797e-10
343.0 1.682227274146797e-10
344.0 1.682227274146797e-10
345.0 1.682227274146797e-10
346.0 1.682227274146797e-10
347.0 1.682227274146797e-10
348.0 1.682227274146797e-10
349.0 1.682227274146797e-10
350.0 0.0009815421435632743
351.0 0.0002722975750657497
352.0 1.682227274146797e-10
353.0 1.682227274146797e-10
354.0 1.682227274146797e-10
355.0 1.682227274146797e-10
356.0 1.682227274146797e-10
357.0 0.0005294658876664471
358.0 0.0015909898138488643
359.0 0.001532908936496824
360.0 0.001474827695346903
361.0 0.0011395427463867236
362.0 0.000804257706477074
363.0 0.0005168814823264256
364.0 0.0002295053263878799
365.0 0.0008727593922230881
366.0 0.0015160138900682796
367.0 0.0007678941983613186
368.0 1.9774464021793392e-05
369.0 0.0005480071195052005
370.0 0.0010762398233055137
371.0 0.001112249265133869
372.0 0.001148258616012754
373.0 0.0009759592103364412
374.0 0.0008036597137106583
375.0 0.00012800492186215706
376.0 1.682227274146797e-10
377.0 1.682227274146797e-10
378.0 1.682227274146797e-10
379.0 1.682227274146797e-10
380.0 1.682227274146797e-10
381.0 1.682227274146797e-10
382.0 1.682227274146797e-10
383.0 0.00033225423976546153
384.0 0.0017361575373797677
385.0 0.0014800435565121006
386.0 0.0012239293937454931
387.0 8.532632591595757e-05
388.0 1.682227274146797e-10
389.0 1.682227274146797e-10
390.0 1.682227274146797e-10
391.0 1.682227274146797e-10
392.0 1.682227274146797e-10
393.0 1.682227274146797e-10
394.0 0.0006032273631717544
395.0 1.682227274146797e-10
396.0 1.682227274146797e-10
397.0 1.682227274146797e-10
398.0 1.682227274146797e-10
399.0 6.646696988354961e-05
400.0 0.0002600497282401193
401.0 0.0007064276360324584
402.0 0.0011528045433806255
403.0 0.0017574515368323773
404.0 0.002362098530284129
405.0 0.003924777411157265
406.0 0.005487455928232521
407.0 0.001995792808884289
408.0 1.682227274146797e-10
409.0 1.682227274146797e-10
410.0 1.682227274146797e-10
411.0 0.002888272501877509
412.0 0.006304412090685219
413.0 0.005230516399024054
414.0 0.004156621434958652
415.0 0.0047088655264815316
416.0 0.0052611096180044115
417.0 0.0029698469006689265
418.0 0.0006785841378587065
419.0 0.0035013112210435793
420.0 0.006324038258753717
421.0 0.005384100950323045
422.0 0.004444163278094493
423.0 0.004897109465673566
424.0 0.00535005601705052
425.0 0.003782350177061744
426.0 0.002214644155174028
427.0 0.0033638621971476823
428.0 0.0045130807848181576
429.0 0.005147555202711374
430.0 0.005782030348200351
431.0 0.004232062565279193
432.0 0.002682095509953797
433.0 0.0036973531678086147
434.0 0.004712611553259194
435.0 0.003469573493930511
436.0 0.0022265350708039477
437.0 0.0020627207049983554
438.0 0.0018989065210917033
439.0 0.0022787753550801426
440.0 0.0026586443709675223
441.0 0.001093720129574649
442.0 1.682227274146797e-10
443.0 1.682227274146797e-10
444.0 1.682227274146797e-10
445.0 1.682227274146797e-10
446.0 1.682227274146797e-10
447.0 0.0002092308704959578
448.0 0.0007741877197986469
449.0 1.682227274146797e-10
450.0 1.682227274146797e-10
451.0 1.682227274146797e-10
452.0 0.0007303383881662739
453.0 0.0012903193237434607
454.0 0.0018503007595427334
455.0 0.001927590164996218
456.0 0.002004879934247583
457.0 0.0014645048395323101
458.0 0.0009241297448170371
459.0 0.00030808143947069766
460.0 1.682227274146797e-10
461.0 0.00013478222626872594
462.0 0.000577531454837299
463.0 0.00022465424081019592
464.0 1.682227274146797e-10
465.0 0.00014370471035363153
466.0 0.0004156323484494351
467.0 0.0005985452844470274
468.0 0.0007814581294951495
469.0 0.0005184935616853181
470.0 0.0002555290166128543
471.0 0.0005971747214061907
472.0 0.0009388204489368945
473.0 0.0010981751984218135
474.0 0.001257530129805673
475.0 0.0005913716904615285
476.0 1.682227274146797e-10
477.0 0.000474429180030711
478.0 0.0010236447451461572
479.0 0.001187847647088347
480.0 0.0013520505490305368
481.0 0.002590155963844154
482.0 0.003828259650617838
483.0 0.0050658527470659465
484.0 0.006303445115918294
485.0 0.006259439396671951
486.0 0.006215433677425608
487.0 0.009206805407302454
488.0 0.012198177864775062
489.0 0.01590616157045588
490.0 0.019614143820945174
491.0 0.02277741295984015
492.0 0.0259406806435436
493.0 0.028903569909743965
494.0 0.03186645917594433
495.0 0.028770847711712122
496.0 0.02567522751633078
497.0 0.019945818348787725
498.0 0.014216406270861626
499.0 0.010178665252169594
500.0 0.006140924961073324
501.0 0.004464100857148878
502.0 0.0027872772989212535
503.0 0.002370951733610127
504.0 0.0019546259864000604
505.0 0.0018638274923432618
506.0 0.0017730289982864633
507.0 0.0018261929653817788
508.0 0.0018793567505781539
509.0 0.0020357701941975392
510.0 0.0021921834559179842
511.0 0.001702882036624942
512.0 0.0012135807082813699
513.0 0.0013968717212264892
514.0 0.001580162461323198
515.0 0.00224854356929427
516.0 0.0029169248591642827
517.0 0.0023521661205450073
518.0 0.0017874072000267915
519.0 0.0019393319234950468
520.0 0.0020912568288622424
521.0 0.001871460881375242
522.0 0.0016516652976861224
523.0 0.0015894476746325381
524.0 0.0015272302334778942
525.0 0.001912153311423026
526.0 0.002297076389368158
527.0 0.0025998973796959035
528.0 0.002902718370023649
529.0 0.002948919245682191
530.0 0.002995120121340733
531.0 0.002785545075312257
532.0 0.0025759696654859
533.0 0.002144203790521715
534.0 0.0017124382793554105
535.0 0.0017392452718922868
536.0 0.0017660522644291632
537.0 0.002318862607353367
538.0 0.00287167258647969
539.0 0.0034929522371385247
540.0 0.0041142320696963
541.0 0.004593193443724886
542.0 0.005072154453955591
543.0 0.005087794124847278
544.0 0.005103434159536846
545.0 0.0042537016270216554
546.0 0.003403970185900107
547.0 0.002740160016401205
548.0 0.002076350210700184
549.0 0.0019613893528003246
550.0 0.0018464286767994054
551.0 0.001431699547538301
552.0 0.0010169706911256071
553.0 0.0015102520592336077
554.0 0.0020035335182910785
555.0 0.0015880119462963194
556.0 0.0011724901924026199
557.0 0.0008980006896308623
558.0 0.0006235113687580451
559.0 0.00012485509159887442
560.0 1.682227274146797e-10
561.0 0.0005629128281725571
562.0 0.0014996269783296157
563.0 0.0015984185665729456
564.0 0.001697210427664686
565.0 0.001284189784200862
566.0 0.0008711692316865083
567.0 0.0008407866516790818
568.0 0.0008104041626211256
569.0 0.0007818009180482477
570.0 0.0007531974006269593
571.0 0.000538966924068518
572.0 0.00032473642477270914
573.0 0.0003955916326958686
574.0 0.0004664468633563956
575.0 0.00046769123400736134
576.0 0.0004689354227593867
577.0 0.0004832671947951894
578.0 0.0004975989668309921
579.0 0.00020754928300448228
580.0 1.682227274146797e-10
581.0 6.570497816937859e-05
582.0 0.00021391037989815231
583.0 0.0003104962615907425
584.0 0.0004070820523338625
585.0 0.000665649849906913
586.0 0.0009242177839041688
587.0 0.0008627083843748551
588.0 0.0008011988938960712
589.0 0.0007216337962745456
590.0 0.0006420686531782849
591.0 0.0008437631549895741
592.0 0.0010454578841745388
593.0 0.0006609969659621129
594.0 0.00027653607048705453
595.0 0.0005511687049875036
596.0 0.0008258011803263798
597.0 0.0007738485692243557
598.0 0.0007218960035970667
599.0 0.0005922819582337979
600.0 0.00046266777644632384
601.0 0.0004172553417447489
602.0 0.0003718429070431739
603.0 0.00031792299068911234
604.0 0.00026400291517347796
605.0 0.000255365466728108
606.0 0.00024672801828273805
607.0 0.00041975158637796994
608.0 0.000592774995311629
609.0 0.0005184752808418125
610.0 0.0004441753389983205
611.0 0.0006364071396092186
612.0 0.0008286390766443219
613.0 0.0005606359081866685
614.0 0.0002926328534158529
615.0 4.2081549622707826e-05
616.0 1.682227274146797e-10
617.0 1.682227274146797e-10
618.0 0.00017974089132621884
619.0 0.000281797292700503
620.0 0.0003838537850242574
621.0 0.0005406692707765615
622.0 0.0006974847565288655
623.0 0.0005532625436899252
624.0 0.00040904037632572
625.0 0.0004057676051161252
626.0 0.0004024949248560006
627.0 0.0003817013293883065
628.0 0.0003609077566579799
629.0 0.00045423298615787644
630.0 0.0005475582383951405
631.0 0.00048318383960577194
632.0 0.00041880948629113846
633.0 0.00044390517359715886
634.0 0.0004690008609031793
635.0 0.0004529322723101359
636.0 0.0004368636382423574
637.0 0.0004034758148918627
638.0 0.00037008783237979515
639.0 0.0006576377927558497
640.0 0.0009451876394450665
641.0 0.0006717416908941232
642.0 0.0003982956513937097
643.0 0.0005704876457457431
644.0 0.0007426796855725115
645.0 0.0006497930826299125
646.0 0.0005569066615862539
647.0 0.0007584047125419602
648.0 0.0009599032637197524
649.0 0.0008226341378758661
650.0 0.0006853649665572448
651.0 0.0008287178388854954
652.0 0.0009720707566884812
653.0 0.0011270466529822443
654.0 0.0012820224583265372
655.0 0.0018738464859779924
656.0 0.0024656703317305073
657.0 0.0033245454687858
658.0 0.00418341915064957
659.0 0.006639663479290903
660.0 0.05923902499489486
661.0 0.09838975965976715
662.0 0.07303982856683433
663.0 0.1356273191049695
664.0 0.08770203567110002
665.0 0.12009619968011975
666.0 0.16209640307351947
667.0 0.15444409800693393
668.0 0.1993671292439103
669.0 0.24934117682278156
670.0 0.3041058545932174
671.0 0.41949027217924595
672.0 0.6759749259799719
673.0 1.0313458740711212
674.0 1.672876998782158
675.0 2.391982078552246
676.0 3.41692715883255
677.0 4.728040844202042
678.0 6.000567227602005
679.0 7.401411235332489
680.0 9.164396673440933
681.0 11.116331070661545
682.0 13.609455525875092
683.0 16.361594200134277
684.0 19.33598220348358
685.0 22.241157293319702
686.0 25.28732717037201
687.0 28.437909483909607
688.0 31.648021936416626
689.0 34.74009931087494
690.0 38.33957314491272
691.0 42.20885932445526
692.0 46.81054353713989
693.0 51.747822761535645
694.0 57.49979615211487
695.0 63.06042671203613
696.0 69.31539177894592
697.0 74.95891451835632
698.0 81.23108744621277
699.0 85.9770119190216
700.0 89.80163335800171
701.0 93.00540089607239
702.0 95.22263407707214
703.0 96.53369784355164
704.0 97.13265299797058
705.0 97.66173362731934
706.0 97.73781895637512
707.0 97.95305728912354
708.0 98.03290367126465
709.0 98.02848100662231
710.0 97.79514670372009
711.0 97.99564480781555
712.0 97.92370796203613
713.0 97.94538617134094
714.0 97.98812866210938
715.0 98.05057048797607
716.0 97.95142412185669
717.0 98.18297028541565
718.0 98.25406670570374
719.0 98.19647073745728
720.0 98.46658110618591
721.0 98.3949363231659
722.0 98.21172952651978
723.0 97.85030484199524
724.0 97.57328033447266
725.0 97.25577235221863
726.0 97.00364470481873
727.0 96.6578483581543
728.0 96.33246660232544
729.0 96.13991379737854
730.0 96.12109065055847
731.0 96.1718201637268
732.0 96.16344571113586
733.0 96.53276205062866
734.0 96.90462350845337
735.0 97.10686802864075
736.0 97.52605557441711
737.0 97.93116450309753
738.0 98.21653366088867
739.0 98.56892228126526
740.0 98.72652888298035
741.0 98.54332208633423
742.0 98.91374707221985
743.0 98.76008033752441
744.0 98.51353168487549
745.0 98.56718182563782
746.0 98.48424792289734
747.0 98.73983263969421
748.0 98.66501688957214
749.0 98.4861433506012
750.0 98.47449660301208
751.0 98.3223021030426
752.0 98.31716418266296
753.0 98.49048852920532
754.0 98.44236969947815
755.0 98.59269857406616
756.0 98.6146330833435
757.0 98.64506125450134
758.0 98.69396686553955
759.0 98.78169894218445
760.0 98.63266348838806
761.0 98.55393171310425
762.0 98.58733415603638
763.0 98.51362705230713
764.0 98.46744537353516
765.0 98.36806058883667
766.0 98.41537475585938
767.0 98.25834631919861
768.0 98.29687476158142
769.0 98.33990335464478
770.0 98.09542894363403
771.0 98.11872839927673
772.0 98.17385673522949
773.0 98.10842871665955
774.0 97.9792058467865
775.0 98.10032844543457
776.0 97.92545437812805
777.0 98.00727963447571
778.0 98.02618622779846
779.0 97.98751473426819
780.0 97.90126085281372
781.0 98.1302797794342
782.0 97.99003601074219
783.0 98.04993271827698
784.0 98.02411198616028
785.0 98.18989038467407
786.0 98.2502818107605
787.0 98.03682565689087
788.0 98.16144704818726
789.0 98.2337236404419
790.0 98.1661319732666
791.0 98.19722175598145
792.0 98.08914065361023
793.0 98.02572727203369
794.0 98.04584383964539
795.0 97.94139266014099
796.0 97.99548983573914
797.0 98.01515936851501
798.0 98.00936579704285
799.0 97.93915748596191
800.0 97.73539900779724
801.0 97.83953428268433
802.0 97.73456454277039
803.0 97.53960967063904
804.0 97.41178750991821
805.0 97.03260660171509
806.0 96.85173630714417
807.0 96.2378740310669
808.0 95.54131031036377
809.0 94.59744691848755
810.0 93.57109069824219
811.0 92.06377267837524
812.0 90.16312956809998
813.0 87.90878653526306
814.0 85.26511788368225
815.0 82.05159306526184
816.0 78.61728072166443
817.0 74.54826831817627
818.0 69.76171135902405
819.0 65.67462682723999
820.0 60.55936813354492
821.0 55.97816705703735
822.0 51.358526945114136
823.0 46.78126871585846
824.0 42.114242911338806
825.0 37.81197667121887
826.0 33.34378004074097
827.0 28.69943380355835
828.0 24.50999915599823
829.0 20.265020430088043
830.0 15.881861746311188
831.0 12.428965419530869
832.0 8.917581290006638
833.0 6.117640435695648
834.0 3.965645283460617
835.0 2.501053363084793
836.0 1.5012143179774284
837.0 0.872627180069685
838.0 0.4831089172512293
839.0 0.328052113763988
840.0 0.17727367812767625
841.0 0.08220184245146811
842.0 0.04159806412644684
843.0 0.040000295848585665
844.0 0.012957669969182462
845.0 1.682227274146797e-10
846.0 1.682227274146797e-10
847.0 1.682227274146797e-10
848.0 1.682227274146797e-10
849.0 1.682227274146797e-10
850.0 1.682227274146797e-10
851.0 1.682227274146797e-10
852.0 0.0011602198355831206
853.0 0.0012744045307044871
854.0 0.0013885895896237344
855.0 0.0010718157682276797
856.0 0.0007550420377810951
857.0 0.000920958882488776
858.0 0.0010868753633985762
859.0 0.0008263084964710288
860.0 0.000565741402169806
861.0 0.00038773255255364347
862.0 0.000209723702937481
863.0 0.00010567111985437805
864.0 1.618569456240948e-06
865.0 8.052345492615132e-05
866.0 0.00015942829350024113
867.0 0.0001313245206802094
868.0 0.00010322071375412634
869.0 1.682227274146797e-10
870.0 1.682227274146797e-10
871.0 2.196303796608845e-05
872.0 0.0002888365315811825
873.0 0.00026424427232996095
874.0 0.00023965199034137186
875.0 0.00019440062715148088
876.0 0.00014914928669895744
877.0 1.682227274146797e-10
878.0 1.682227274146797e-10
879.0 1.682227274146797e-10
880.0 0.00034889139897131827
881.0 0.00012343166417849716
882.0 1.682227274146797e-10
883.0 0.00014253978406486567
884.0 0.0003871076387440553
885.0 0.00020449958810786484
886.0 2.1891486312597408e-05
887.0 7.49110370179551e-05
888.0 0.00012793054793291958
889.0 1.682227274146797e-10
890.0 1.682227274146797e-10
891.0 1.682227274146797e-10
892.0 0.00015501580037380336
893.0 0.00023700556539552053
894.0 0.0003189953304172377
895.0 1.557818620767648e-05
896.0 1.682227274146797e-10
897.0 1.682227274146797e-10
898.0 9.182530789075827e-05
