lsstCam/transmission_filter_detector/r10_s11/i_39/19700101T000000.ecsv
# %ECSV 1.0
# ---
# datatype:
# - {name: wavelength, unit: nm, datatype: float32}
# - {name: efficiency, unit: '%', datatype: float64}
# meta: !!omap
# - {MODE: DETECTOR}
# - {TYPE: transmission_filter_detector}
# - {CALIBDATE: '1970-01-01T00:00:00'}
# - {INSTRUME: LSSTCam}
# - {OBSTYPE: transmission_filter_detector}
# - {CALIBCLS: lsst.ip.isr.IntermediateFilterDetectorTransmissionCurve}
# - {SOURCE: Materion (DM-46256)}
# - {DETECTOR: 31}
# - {FILTER: i_39}
# - {CALIB_ID: 'calibDate=1970-01-01T00:00:00 filter=i_39 detector=31'}
# - {DATE: '2025-04-02T15:59:46.623040'}
# - {CALIB_CREATION_DATE: '2025-04-02'}
# - {CALIB_CREATION_TIME: '15:59:46'}
# - __serialized_columns__:
#     efficiency:
#       __class__: astropy.units.quantity.Quantity
#       unit: !astropy.units.Unit {unit: '%'}
#       value: !astropy.table.SerializedColumn {name: efficiency}
#     wavelength:
#       __class__: astropy.units.quantity.Quantity
#       unit: !astropy.units.Unit {unit: nm}
#       value: !astropy.table.SerializedColumn {name: wavelength}
# schema: astropy-2.0
wavelength efficiency
[from data line 600]
900.0 1.682227274146797e-10
901.0 1.682227274146797e-10
902.0 1.682227274146797e-10
903.0 1.682227274146797e-10
904.0 1.682227274146797e-10
905.0 1.682227274146797e-10
906.0 1.682227274146797e-10
907.0 7.397068770842452e-05
908.0 0.00023287020667339675
909.0 1.682227274146797e-10
910.0 1.682227274146797e-10
911.0 1.682227274146797e-10
912.0 0.00013290971310198074
913.0 9.158983971246926e-05
914.0 5.026998337598343e-05
915.0 1.682227274146797e-10
916.0 1.682227274146797e-10
917.0 1.682227274146797e-10
918.0 1.682227274146797e-10
919.0 1.682227274146797e-10
920.0 7.235964289975527e-05
921.0 4.155461397203908e-05
922.0 1.0749578649438263e-05
923.0 1.682227274146797e-10
924.0 1.682227274146797e-10
925.0 0.00010703156476665754
926.0 0.00030150981729093473
927.0 1.2021543227547227e-05
928.0 1.682227274146797e-10
929.0 1.682227274146797e-10
930.0 0.0002308819375684834
931.0 0.0001732279656607716
932.0 0.00011557395964700845
933.0 8.917863851820584e-05
934.0 6.278335717979644e-05
935.0 1.682227274146797e-10
936.0 1.682227274146797e-10
937.0 1.682227274146797e-10
938.0 1.682227274146797e-10
939.0 1.682227274146797e-10
940.0 1.682227274146797e-10
941.0 1.682227274146797e-10
942.0 1.682227274146797e-10
943.0 1.682227274146797e-10
944.0 1.682227274146797e-10
945.0 1.682227274146797e-10
946.0 1.682227274146797e-10
947.0 1.682227274146797e-10
948.0 1.682227274146797e-10
949.0 1.682227274146797e-10
950.0 1.682227274146797e-10
951.0 1.682227274146797e-10
952.0 1.682227274146797e-10
953.0 1.682227274146797e-10
954.0 1.682227274146797e-10
955.0 0.00011446791177149862
956.0 0.0004134009031986352
957.0 0.00020311460957600502
958.0 1.682227274146797e-10
959.0 0.00010511848813621327
960.0 0.00021740875126852188
961.0 0.00016841668184497394
962.0 0.00011942463515879354
963.0 1.682227274146797e-10
964.0 1.682227274146797e-10
965.0 1.682227274146797e-10
966.0 1.682227274146797e-10
967.0 1.682227274146797e-10
968.0 1.682227274146797e-10
969.0 1.682227274146797e-10
970.0 2.0728403171688115e-05
971.0 1.682227274146797e-10
972.0 1.682227274146797e-10
973.0 1.682227274146797e-10
974.0 1.5413952780818363e-05
975.0 1.682227274146797e-10
976.0 1.682227274146797e-10
977.0 1.682227274146797e-10
978.0 1.682227274146797e-10
979.0 1.682227274146797e-10
980.0 1.682227274146797e-10
981.0 1.682227274146797e-10
982.0 1.682227274146797e-10
983.0 1.682227274146797e-10
984.0 1.682227274146797e-10
985.0 4.6227123107200896e-05
986.0 0.00020712909645226318
987.0 1.701066452142186e-05
988.0 1.682227274146797e-10
989.0 1.682227274146797e-10
990.0 1.682227274146797e-10
991.0 1.682227274146797e-10
992.0 1.682227274146797e-10
993.0 1.682227274146797e-10
994.0 6.260838745220099e-05
995.0 1.682227274146797e-10
996.0 1.682227274146797e-10
997.0 9.441350812267046e-05
998.0 0.00042397923607495613
999.0 0.0003940908754884731
1000.0 0.0003642024921646225
1001.0 0.00017550262327858945
1002.0 1.682227274146797e-10
1003.0 6.672987069578085e-05
1004.0 0.0001466570779484755
1005.0 1.682227274146797e-10
1006.0 1.682227274146797e-10
1007.0 1.682227274146797e-10
1008.0 0.00019986307506769663
1009.0 9.003852028399706e-05
1010.0 1.682227274146797e-10
1011.0 8.0843267369346e-05
1012.0 0.00018147258060707827
1013.0 0.00038783241507189814
1014.0 0.0005941922609054018
1015.0 0.0005259268164081732
1016.0 0.00045766141738567967
1017.0 0.0005712517122447025
1018.0 0.0006848420980531955
1019.0 0.000497871815241524
1020.0 0.00031090139600564726
1021.0 0.00021648177153110737
1022.0 0.0001220621015818324
1023.0 0.0005280120603856631
1024.0 0.0009339621101389639
1025.0 0.0007463681868102867
1026.0 0.0005587743999058148
1027.0 0.0004516185072134249
1028.0 0.0003444626599957701
1029.0 0.0007209656814666232
1030.0 0.0010974687938869465
1031.0 0.0017057674995157868
1032.0 0.0023140659322962165
1033.0 0.0024767316062934697
1034.0 0.0026393965526949614
1035.0 0.003255499541410245
1036.0 0.0038716025301255286
1037.0 0.003814987212535925
1038.0 0.003758371894946322
1039.0 0.0030712173611391336
1040.0 0.0023840633730287664
1041.0 0.0018780612663249485
1042.0 0.001372059341520071
1043.0 0.001951907506736461
1044.0 0.0025317554900539108
1045.0 0.0030133494874462485
1046.0 0.0034949440305354074
1047.0 0.003474696131888777
1048.0 0.003454447869444266
1049.0 0.0029768913009320386
1050.0 0.002499334550520871
1051.0 0.002607084206829313
1052.0 0.0027148344088345766
1053.0 0.0018565136997494847
1054.0 0.0009981927178159822
1055.0 0.0008439680641458835
1056.0 0.0006897433650010498
1057.0 0.0008427001375821419
1058.0 0.0009956570465874393
1059.0 0.0010447087333886884
1060.0 0.0010937607839878183
1061.0 0.0018811131667462178
1062.0 0.0026684652766562067
1063.0 0.0028587332053575665
1064.0 0.0030490011340589263
1065.0 0.0033754517062334344
1066.0 0.0037019028241047636
1067.0 0.004565537892631255
1068.0 0.005429172961157747
1069.0 0.004223290306981653
1070.0 0.00301740801660344
1071.0 0.0029143178835511208
1072.0 0.0028112273867009208
1073.0 0.0027039415726903826
1074.0 0.002596655940578785
1075.0 0.002785419928841293
1076.0 0.00297418355330592
1077.0 0.0022685384465148672
1078.0 0.0015628929759259336
1079.0 0.0017783948351279832
1080.0 0.0019938970581279136
1081.0 0.0011791461474786047
1082.0 0.0003643950549303554
1083.0 7.511644639635051e-06
1084.0 1.682227274146797e-10
1085.0 1.682227274146797e-10
1086.0 0.00022833023649582174
1087.0 0.0006665748514933512
1088.0 0.0011048195119656157
1089.0 1.682227274146797e-10
1090.0 1.682227274146797e-10
1091.0 1.682227274146797e-10
1092.0 1.682227274146797e-10
1093.0 1.682227274146797e-10
1094.0 0.0005607505045190919
1095.0 0.0004493647793424316
1096.0 0.00033797912237787386
1097.0 1.682227274146797e-10
1098.0 1.682227274146797e-10
1099.0 1.682227274146797e-10
1100.0 1.682227274146797e-10
