lsstCam/transmission_sensor/r02_s10/19700101T000000.ecsv
# %ECSV 1.0
# ---
# datatype:
# - {name: amp_name, datatype: string}
# - {name: wavelength, unit: nm, datatype: float32}
# - {name: efficiency, unit: '%', datatype: float64}
# meta: !!omap
# - {MODE: AMP}
# - {TYPE: transmission_sensor}
# - {CALIBDATE: '1970-01-01T00:00:00'}
# - {INSTRUME: LSSTCAM}
# - {OBSTYPE: transmission_sensor}
# - {DETECTOR: 12}
# - {PARQUETFILE: qe_raft_allvalues_nircorrected_20230725.parquet}
# - {CALIBCLS: lsst.ip.isr.IntermediateSensorTransmissionCurve}
# - {CALIB_ID: 'raftName=R02 detectorName=S10 detector=12 calibDate=1970-01-01T00:00:00 ccd=12 ccdnum=12 filter=None'}
# - {DATE: '2023-08-02T16:57:55.511979'}
# - {CALIB_CREATION_DATE: '2023-08-02'}
# - {CALIB_CREATION_TIME: '16:57:55'}
# - __serialized_columns__:
#     efficiency:
#       __class__: astropy.units.quantity.Quantity
#       unit: !astropy.units.Unit {unit: '%'}
#       value: !astropy.table.SerializedColumn {name: efficiency}
#     wavelength:
#       __class__: astropy.units.quantity.Quantity
#       unit: !astropy.units.Unit {unit: nm}
#       value: !astropy.table.SerializedColumn {name: wavelength}
# schema: astropy-2.0
amp_name wavelength efficiency
C00 319.994 46.122314453125
C00 324.969 47.72380065917969
C00 349.982 55.18015670776367
C00 374.975 70.46446990966797
C00 400.019 83.13753509521484
C00 424.965 85.28048706054688
C00 450.035 84.80683135986328
C00 475.003 84.57405090332031
C00 500.018 84.71488189697266
C00 525.002 85.22268676757812
C00 550.029 86.44735717773438
C00 575.023 88.07121276855469
C00 599.982 89.92626190185547
C00 619.997 91.16752624511719
C00 624.979 91.43340301513672
C00 650.012 93.03126525878906
C00 675.004 94.43511962890625
C00 700.03 95.50881958007812
C00 725.012 96.02212524414062
C00 750.022 97.634765625
C00 774.987 98.43305969238281
C00 799.976 99.16256713867188
C00 824.988 97.95584106445312
C00 850.022 97.10758209228516
C00 869.967 94.84085845947266
C00 875.002 93.64279174804688
C00 899.999 86.71044921875
C00 919.999 78.74503326416016
C00 925.012 76.25556182861328
C00 949.965 63.353759765625
C00 975.002 48.78447723388672
C00 999.976 31.352298736572266
C00 1025.028 15.05908489227295
C00 1050.014 6.031001567840576
C00 1075.002 0.9301526511677826
C00 1099.99 0.09228889153518777
C01 319.994 45.96592330932617
C01 324.969 47.5302734375
C01 349.982 54.89272689819336
C01 374.975 70.38811492919922
C01 400.019 83.3218002319336
C01 424.965 85.58580780029297
C01 450.035 85.08499908447266
C01 475.003 84.7391586303711
C01 500.018 84.76053619384766
C01 525.002 85.20800018310547
C01 550.029 86.36053466796875
C01 575.023 87.96513366699219
C01 599.982 89.85945892333984
C01 619.997 91.14608001708984
C01 624.979 91.41943359375
C01 650.012 93.06828308105469
C01 675.004 94.510009765625
C01 700.03 95.63687133789062
C01 725.012 96.23307800292969
C01 750.022 97.95597076416016
C01 774.987 98.85197448730469
C01 799.976 99.64083862304688
C01 824.988 98.42732238769531
C01 850.022 97.56298065185547
C01 869.967 95.3005142211914
C01 875.002 94.11482238769531
C01 899.999 87.2697525024414
C01 919.999 79.16429901123047
C01 925.012 76.63334655761719
C01 949.965 63.764644622802734
C01 975.002 49.02942657470703
C01 999.976 31.638320922851562
C01 1025.028 15.168611526489258
C01 1050.014 6.057206630706787
C01 1075.002 0.9332118270075835
C01 1099.99 0.09259242015160572
C02 319.994 45.64516067504883
C02 324.969 47.154850006103516
C02 349.982 54.32623291015625
C02 374.975 69.87163543701172
C02 400.019 83.01485443115234
C02 424.965 85.42125701904297
C02 450.035 84.96939086914062
C02 475.003 84.62679290771484
C02 500.018 84.6169662475586
C02 525.002 85.01512908935547
C02 550.029 86.11925506591797
C02 575.023 87.66797637939453
C02 599.982 89.51268005371094
C02 619.997 90.77263641357422
C02 624.979 91.04082489013672
C02 650.012 92.66472625732422
C02 675.004 94.10557556152344
C02 700.03 95.23417663574219
C02 725.012 95.85717010498047
C02 750.022 97.60821533203125
C02 774.987 98.54302215576172
C02 799.976 99.36080169677734
C02 824.988 98.16881561279297
C02 850.022 97.33210754394531
C02 869.967 95.10209655761719
C02 875.002 93.92989349365234
C02 899.999 87.1306381225586
C02 919.999 79.02705383300781
C02 925.012 76.5072250366211
C02 949.965 63.7694091796875
C02 975.002 49.02392578125
C02 999.976 31.662105560302734
C02 1025.028 15.180188179016113
C02 1050.014 6.067386627197266
C02 1075.002 0.929898443301979
C02 1099.99 0.0922636692642787
C03 319.994 45.47282028198242
C03 324.969 46.932193756103516
C03 349.982 53.96025466918945
C03 374.975 69.58907318115234
C03 400.019 82.97584533691406
C03 424.965 85.50992584228516
C03 450.035 85.07421875
C03 475.003 84.67877197265625
C03 500.018 84.59922790527344
C03 525.002 84.94615173339844
C03 550.029 86.00594329833984
C03 575.023 87.52774810791016
C03 599.982 89.3692398071289
C03 619.997 90.63532257080078
C03 624.979 90.90706634521484
C03 650.012 92.54853820800781
C03 675.004 94.00273895263672
C03 700.03 95.1449203491211
C03 725.012 95.77420043945312
C03 750.022 97.53009796142578
C03 774.987 98.46978759765625
C03 799.976 99.30176544189453
C03 824.988 98.1390151977539
C03 850.022 97.33024597167969
C03 869.967 95.1308822631836
C03 875.002 93.96383666992188
C03 899.999 87.21027374267578
C03 919.999 79.17203521728516
C03 925.012 76.65771484375
C03 949.965 63.9423713684082
C03 975.002 49.20892333984375
C03 999.976 31.756433486938477
C03 1025.028 15.243337631225586
C03 1050.014 6.099318027496338
C03 1075.002 0.9291541783687686
C03 1099.99 0.0921898239813477
C04 319.994 45.46721267700195
C04 324.969 46.88755416870117
C04 349.982 53.76620101928711
C04 374.975 69.47772979736328
C04 400.019 83.13392639160156
C04 424.965 85.79743957519531
C04 450.035 85.38249969482422
C04 475.003 84.9369125366211
C04 500.018 84.802978515625
C04 525.002 85.10663604736328
C04 550.029 86.13111877441406
C04 575.023 87.6431884765625
C04 599.982 89.49215698242188
C04 619.997 90.76810455322266
C04 624.979 91.04856872558594
C04 650.012 92.70736694335938
C04 675.004 94.18218994140625
C04 700.03 95.33304595947266
C04 725.012 95.95892333984375
C04 750.022 97.70542907714844
C04 774.987 98.63365173339844
C04 799.976 99.47218322753906
C04 824.988 98.32418823242188
C04 850.022 97.5167236328125
C04 869.967 95.31552124023438
C04 875.002 94.15348815917969
C04 899.999 87.43172454833984
C04 919.999 79.39933013916016
C04 925.012 76.90322875976562
C04 949.965 64.21005249023438
C04 975.002 49.329750061035156
C04 999.976 31.8614444732666
C04 1025.028 15.293506622314453
C04 1050.014 6.124774932861328
C04 1075.002 0.9308246500409556
C04 1099.99 0.09235556664603133
C05 319.994 45.33774948120117
C05 324.969 46.722564697265625
C05 349.982 53.47034454345703
C05 374.975 69.22407531738281
C05 400.019 83.07942199707031
C05 424.965 85.85453033447266
C05 450.035 85.43667602539062
C05 475.003 84.93421936035156
C05 500.018 84.7364273071289
C05 525.002 85.00934600830078
C05 550.029 85.99726867675781
C05 575.023 87.50064849853516
C05 599.982 89.36823272705078
C05 619.997 90.66724395751953
C05 624.979 90.94659423828125
C05 650.012 92.63357543945312
C05 675.004 94.1238784790039
C05 700.03 95.28055572509766
C05 725.012 95.89619445800781
C05 750.022 97.62504577636719
C05 774.987 98.52086639404297
C05 799.976 99.35404205322266
C05 824.988 98.2265396118164
C05 850.022 97.39720916748047
C05 869.967 95.18362426757812
C05 875.002 94.0287857055664
C05 899.999 87.3703842163086
C05 919.999 79.38983917236328
C05 925.012 76.95016479492188
C05 949.965 64.2509536743164
C05 975.002 49.17329788208008
C05 999.976 31.832426071166992
C05 1025.028 15.278539657592773
C05 1050.014 6.145211219787598
C05 1075.002 0.9300591106216396
C05 1099.99 0.0922796105281334
C06 319.994 45.29056930541992
C06 324.969 46.64833450317383
C06 349.982 53.288055419921875
C06 374.975 69.095703125
C06 400.019 83.20536804199219
C06 424.965 86.10453796386719
C06 450.035 85.65278625488281
C06 475.003 85.05964660644531
C06 500.018 84.7816390991211
C06 525.002 85.03496551513672
C06 550.029 86.00234985351562
C06 575.023 87.5385513305664
C06 599.982 89.46280670166016
C06 619.997 90.8215103149414
C06 624.979 91.099365234375
C06 650.012 92.84915924072266
C06 675.004 94.35892486572266
C06 700.03 95.53197479248047
C06 725.012 96.13872528076172
C06 750.022 97.8665542602539
C06 774.987 98.7237777709961
C06 799.976 99.56151580810547
C06 824.988 98.4326171875
C06 850.022 97.57405853271484
C06 869.967 95.37986755371094
C06 875.002 94.26026153564453
C06 899.999 87.76500701904297
C06 919.999 79.83949279785156
C06 925.012 77.40967559814453
C06 949.965 64.31526947021484
C06 975.002 49.12028884887695
C06 999.976 31.89437484741211
C06 1025.028 15.336669921875
C06 1050.014 6.201375484466553
C06 1075.002 0.9323602361233502
C06 1099.99 0.09250792608641256
C07 319.994 44.921112060546875
C07 324.969 46.237266540527344
C07 349.982 52.736454010009766
C07 374.975 68.56623840332031
C07 400.019 82.85245513916016
C07 424.965 85.84920501708984
C07 450.035 85.39340209960938
C07 475.003 84.75532531738281
C07 500.018 84.43257141113281
C07 525.002 84.65019989013672
C07 550.029 85.58887481689453
C07 575.023 87.1241226196289
C07 599.982 89.05378723144531
C07 619.997 90.43028259277344
C07 624.979 90.70929718017578
C07 650.012 92.47422790527344
C07 675.004 93.99497985839844
C07 700.03 95.18042755126953
C07 725.012 95.78343963623047
C07 750.022 97.49886322021484
C07 774.987 98.33472442626953
C07 799.976 99.17310333251953
C07 824.988 98.06131744384766
C07 850.022 97.20559692382812
C07 869.967 95.06320190429688
C07 875.002 93.98274230957031
C07 899.999 87.63365173339844
C07 919.999 79.85382080078125
C07 925.012 77.39959716796875
C07 949.965 63.8720588684082
C07 975.002 48.93479537963867
C07 999.976 31.75388526916504
C07 1025.028 15.367280006408691
C07 1050.014 6.178855895996094
C07 1075.002 0.9288574449936413
C07 1099.99 0.09216038236847093
C10 319.994 46.16238021850586
C10 324.969 47.73934555053711
C10 349.982 55.11940383911133
C10 374.975 70.47025299072266
C10 400.019 83.21709442138672
C10 424.965 85.3952407836914
C10 450.035 84.9428939819336
C10 475.003 84.68878173828125
C10 500.018 84.7981948852539
C10 525.002 85.27043151855469
C10 550.029 86.50064086914062
C10 575.023 88.1089096069336
C10 599.982 89.96162414550781
C10 619.997 91.18641662597656
C10 624.979 91.47298431396484
C10 650.012 93.05995178222656
C10 675.004 94.4933090209961
C10 700.03 95.57477569580078
C10 725.012 96.08052825927734
C10 750.022 97.66622924804688
C10 774.987 98.49331665039062
C10 799.976 99.22476959228516
C10 824.988 98.01675415039062
C10 850.022 97.12249755859375
C10 869.967 94.91096496582031
C10 875.002 93.76730346679688
C10 899.999 87.16087341308594
C10 919.999 79.01663970947266
C10 925.012 76.45276641845703
C10 949.965 63.24143600463867
C10 975.002 48.60232925415039
C10 999.976 31.415771484375
C10 1025.028 15.255401611328125
C10 1050.014 6.1336188316345215
C10 1075.002 0.9304522435991462
C10 1099.99 0.09231861682099776
C11 319.994 45.9573860168457
C11 324.969 47.49116897583008
C11 349.982 54.73613357543945
C11 374.975 70.18907928466797
C11 400.019 83.15776062011719
C11 424.965 85.45035552978516
C11 450.035 84.99932098388672
C11 475.003 84.68987274169922
C11 500.018 84.74925994873047
C11 525.002 85.1819076538086
C11 550.029 86.38250732421875
C11 575.023 87.9852523803711
C11 599.982 89.83870697021484
C11 619.997 91.06598663330078
C11 624.979 91.35187530517578
C11 650.012 92.94108581542969
C11 675.004 94.38019561767578
C11 700.03 95.4881362915039
C11 725.012 96.07172393798828
C11 750.022 97.75823211669922
C11 774.987 98.670654296875
C11 799.976 99.4598617553711
C11 824.988 98.24210357666016
C11 850.022 97.35795593261719
C11 869.967 95.1751480102539
C11 875.002 94.04718017578125
C11 899.999 87.44014739990234
C11 919.999 79.1634750366211
C11 925.012 76.57816314697266
C11 949.965 63.34608459472656
C11 975.002 48.7224235534668
C11 999.976 31.638460159301758
C11 1025.028 15.327088356018066
C11 1050.014 6.142425537109375
C11 1075.002 0.9313279372570186
C11 1099.99 0.09240550234124861
C12 319.994 45.868438720703125
C12 324.969 47.34840393066406
C12 349.982 54.430057525634766
C12 374.975 69.97441864013672
C12 400.019 83.20909881591797
C12 424.965 85.65340423583984
C12 450.035 85.25634002685547
C12 475.003 84.94419860839844
C12 500.018 84.97449493408203
C12 525.002 85.36154174804688
C12 550.029 86.53870391845703
C12 575.023 88.09925842285156
C12 599.982 89.91804504394531
C12 619.997 91.11497497558594
C12 624.979 91.40406036376953
C12 650.012 92.97019958496094
C12 675.004 94.41703033447266
C12 700.03 95.5415267944336
C12 725.012 96.15193176269531
C12 750.022 97.86376190185547
C12 774.987 98.83259582519531
C12 799.976 99.64382934570312
C12 824.988 98.44599914550781
C12 850.022 97.57596588134766
C12 869.967 95.41851043701172
C12 875.002 94.28844451904297
C12 899.999 87.67700958251953
C12 919.999 79.37703704833984
C12 925.012 76.77854919433594
C12 949.965 63.49399948120117
C12 975.002 48.867671966552734
C12 999.976 31.792509078979492
C12 1025.028 15.416792869567871
C12 1050.014 6.168967247009277
C12 1075.002 0.9323328693400581
C12 1099.99 0.09250521077931567
C13 319.994 45.7200927734375
C13 324.969 47.156436920166016
C13 349.982 54.09404754638672
C13 374.975 69.71673583984375
C13 400.019 83.17326354980469
C13 424.965 85.74259185791016
C13 450.035 85.36090850830078
C13 475.003 85.01436614990234
C13 500.018 84.9941177368164
C13 525.002 85.33216094970703
C13 550.029 86.45497131347656
C13 575.023 87.98426055908203
C13 599.982 89.78910064697266
C13 619.997 90.990234375
C13 624.979 91.27525329589844
C13 650.012 92.85115814208984
C13 675.004 94.29367065429688
C13 700.03 95.428466796875
C13 725.012 96.0411376953125
C13 750.022 97.75634002685547
C13 774.987 98.72547149658203
C13 799.976 99.54983520507812
C13 824.988 98.37045288085938
C13 850.022 97.52661895751953
C13 869.967 95.3969497680664
C13 875.002 94.27372741699219
C13 899.999 87.70975494384766
C13 919.999 79.46952056884766
C13 925.012 76.8722915649414
C13 949.965 63.5323371887207
C13 975.002 48.923553466796875
C13 999.976 31.863231658935547
C13 1025.028 15.469525337219238
C13 1050.014 6.185425758361816
C13 1075.002 0.9313094569670916
C13 1099.99 0.09240366874385955
C14 319.994 45.6311149597168
C14 324.969 47.019317626953125
C14 349.982 53.79361343383789
C14 374.975 69.48037719726562
C14 400.019 83.17124938964844
C14 424.965 85.87884521484375
C14 450.035 85.53313446044922
C14 475.003 85.16231536865234
C14 500.018 85.09059143066406
C14 525.002 85.39018249511719
C14 550.029 86.48175811767578
C14 575.023 87.98475646972656
C14 599.982 89.77787780761719
C14 619.997 90.97384643554688
C14 624.979 91.2580337524414
C14 650.012 92.83863067626953
C14 675.004 94.28839874267578
C14 700.03 95.42886352539062
C14 725.012 96.03226470947266
C14 750.022 97.731689453125
C14 774.987 98.69066619873047
C14 799.976 99.51226806640625
C14 824.988 98.36614990234375
C14 850.022 97.53302764892578
C14 869.967 95.45346069335938
C14 875.002 94.34889221191406
C14 899.999 87.8598861694336
C14 919.999 79.65625762939453
C14 925.012 77.05563354492188
C14 949.965 63.59699630737305
C14 975.002 48.99825668334961
C14 999.976 31.966869354248047
C14 1025.028 15.538359642028809
C14 1050.014 6.219367504119873
C14 1075.002 0.9310747161780009
C14 1099.99 0.0923803779784179
C15 319.994 45.67139434814453
C15 324.969 47.01779556274414
C15 349.982 53.656097412109375
C15 374.975 69.41797637939453
C15 400.019 83.35498809814453
C15 424.965 86.20709228515625
C15 450.035 85.90433502197266
C15 475.003 85.53336334228516
C15 500.018 85.4476318359375
C15 525.002 85.7143783569336
C15 550.029 86.78620147705078
C15 575.023 88.26935577392578
C15 599.982 90.0405502319336
C15 619.997 91.2251968383789
C15 624.979 91.50530242919922
C15 650.012 93.0749740600586
C15 675.004 94.52833557128906
C15 700.03 95.66275787353516
C15 725.012 96.24895477294922
C15 750.022 97.92852783203125
C15 774.987 98.86432647705078
C15 799.976 99.69171905517578
C15 824.988 98.56389617919922
C15 850.022 97.73576354980469
C15 869.967 95.72599029541016
C15 875.002 94.65274047851562
C15 899.999 88.20194244384766
C15 919.999 79.99207305908203
C15 925.012 77.38153076171875
C15 949.965 63.72168731689453
C15 975.002 49.134098052978516
C15 999.976 32.112518310546875
C15 1025.028 15.59824275970459
C15 1050.014 6.269354343414307
C15 1075.002 0.9329501880236684
C15 1099.99 0.09256646057198446
C16 319.994 45.412540435791016
C16 324.969 46.72496795654297
C16 349.982 53.245094299316406
C16 374.975 69.03370666503906
C16 400.019 83.1369400024414
C16 424.965 86.08612823486328
C16 450.035 85.79125213623047
C16 475.003 85.36772155761719
C16 500.018 85.22048950195312
C16 525.002 85.44551849365234
C16 550.029 86.46784973144531
C16 575.023 87.9261474609375
C16 599.982 89.69902038574219
C16 619.997 90.89437103271484
C16 624.979 91.1788101196289
C16 650.012 92.76664733886719
C16 675.004 94.23207092285156
C16 700.03 95.36666870117188
C16 725.012 95.93737030029297
C16 750.022 97.5943832397461
C16 774.987 98.49781036376953
C16 799.976 99.32259368896484
C16 824.988 98.2079086303711
C16 850.022 97.37699127197266
C16 869.967 95.44537353515625
C16 875.002 94.40016174316406
C16 899.999 87.94120025634766
C16 919.999 79.75105285644531
C16 925.012 77.14374542236328
C16 949.965 63.346370697021484
C16 975.002 48.8865852355957
C16 999.976 32.00633239746094
C16 1025.028 15.519110679626465
C16 1050.014 6.287838459014893
C16 1075.002 0.9297670819101996
C16 1099.99 0.09225063570766558
C17 319.994 45.18836212158203
C17 324.969 46.45854187011719
C17 349.982 52.852909088134766
C17 374.975 68.6904525756836
C17 400.019 83.0237808227539
C17 424.965 86.07070922851562
C17 450.035 85.7542953491211
C17 475.003 85.24832153320312
C17 500.018 85.02691650390625
C17 525.002 85.20924377441406
C17 550.029 86.20166015625
C17 575.023 87.6681900024414
C17 599.982 89.49183654785156
C17 619.997 90.73200225830078
C17 624.979 91.03056335449219
C17 650.012 92.6652603149414
C17 675.004 94.17510223388672
C17 700.03 95.3448257446289
C17 725.012 95.92230987548828
C17 750.022 97.565673828125
C17 774.987 98.46614074707031
C17 799.976 99.2916030883789
C17 824.988 98.18770599365234
C17 850.022 97.3655776977539
C17 869.967 95.4351577758789
C17 875.002 94.37710571289062
C17 899.999 87.83887481689453
C17 919.999 79.66773986816406
C17 925.012 77.06774139404297
C17 949.965 63.15289306640625
C17 975.002 48.71603775024414
C17 999.976 32.00907516479492
C17 1025.028 15.437572479248047
C17 1050.014 6.242650032043457
C17 1075.002 0.9294936183332759
C17 1099.99 0.09222350290278904
