lsstCam/transmission_sensor/r02_s10/19700101T000000.ecsv
# %ECSV 1.0
# ---
# datatype:
# - {name: amp_name, datatype: string}
# - {name: wavelength, unit: nm, datatype: float32}
# - {name: efficiency, unit: '%', datatype: float64}
# meta: !!omap
# - {MODE: AMP}
# - {TYPE: transmission_sensor}
# - {CALIBDATE: '1970-01-01T00:00:00'}
# - {INSTRUME: LSSTCam}
# - {OBSTYPE: transmission_sensor}
# - {DETECTOR: 12}
# - {PARQUETFILE: qe_raft_allvalues_nircorrected_20230725_adjust.parquet}
# - {CORRFILE: qe_corr_factor_bydetnum.parquet}
# - {CALIBCLS: lsst.ip.isr.IntermediateSensorTransmissionCurve}
# - {CALIB_ID: 'raftName=R02 detectorName=S10 detector=12 calibDate=1970-01-01T00:00:00 ccd=12 ccdnum=12 filter=None'}
# - {DATE: '2025-03-03T21:56:47.440175'}
# - {CALIB_CREATION_DATE: '2025-03-03'}
# - {CALIB_CREATION_TIME: '21:56:47'}
# - __serialized_columns__:
#     efficiency:
#       __class__: astropy.units.quantity.Quantity
#       unit: !astropy.units.Unit {unit: '%'}
#       value: !astropy.table.SerializedColumn {name: efficiency}
#     wavelength:
#       __class__: astropy.units.quantity.Quantity
#       unit: !astropy.units.Unit {unit: nm}
#       value: !astropy.table.SerializedColumn {name: wavelength}
# schema: astropy-2.0
amp_name wavelength efficiency
C00 319.994 46.346135047249895
C00 324.969 47.955392883986434
C00 349.982 55.44793285049797
C00 374.975 70.80641717980998
C00 400.019 83.54098172879611
C00 424.965 85.69433292902667
C00 450.035 85.21837869017138
C00 475.003 84.98446860557956
C00 500.018 85.12598301846279
C00 525.002 85.63625214501869
C00 550.029 86.86686558865144
C00 575.023 88.49860136344387
C00 599.982 90.36265260785007
C00 619.997 91.60994051098879
C00 624.979 91.87710751757463
C00 650.012 93.48272380568342
C00 675.004 94.89339074630819
C00 700.03 95.97230110731817
C00 725.012 96.48809772137008
C00 750.022 98.1085638614619
C00 774.987 98.91073185959964
C00 799.976 99.64377943157369
C00 824.988 98.43119740346191
C00 850.022 97.57882203277029
C00 869.967 95.30109853067046
C00 875.002 94.09721788717445
C00 899.999 87.13123435260752
C00 919.999 79.12716413375216
C00 925.012 76.62561188694576
C00 949.965 63.66120045499455
C00 975.002 49.021216669191034
C00 999.976 31.504443966351065
C00 1025.028 15.132163040399954
C00 1050.014 6.060268580350413
C00 1075.002 0.9346664601879869
C00 1099.99 0.09273674751942132
C01 319.994 46.188984974521844
C01 324.969 47.76092652084671
C01 349.982 55.15910821259977
C01 374.975 70.72969166682795
C01 400.019 83.72614106028514
C01 424.965 86.00113531751869
C01 450.035 85.49789629641889
C01 475.003 85.1503775610596
C01 500.018 85.17185886475421
C01 525.002 85.62149429005362
C01 550.029 86.77962174994883
C01 575.023 88.39200748529616
C01 599.982 90.29552545040895
C01 619.997 91.58839020953071
C01 624.979 91.86307030591695
C01 650.012 93.51992126661357
C01 675.004 94.96864430700279
C01 700.03 96.10097426977725
C01 725.012 96.70007418359563
C01 750.022 98.4313277325707
C01 774.987 99.33167954813058
C01 799.976 100.12437185341801
C01 824.988 98.90496671314055
C01 850.022 98.03643053295991
C01 869.967 95.76298489219542
C01 875.002 94.57153917896088
C01 899.999 87.6932518017682
C01 919.999 79.54846447751864
C01 925.012 77.00522991515633
C01 949.965 64.07407923840823
C01 975.002 49.26735469075391
C01 999.976 31.79185415009807
C01 1025.028 15.242221181255369
C01 1050.014 6.086600810138088
C01 1075.002 0.9377404814786746
C01 1099.99 0.09304174908783802
C02 319.994 45.86666575566655
C02 324.969 47.38368124905779
C02 349.982 54.589865164319825
C02 374.975 70.21070582281996
C02 400.019 83.41770572472426
C02 424.965 85.83578601056459
C02 450.035 85.38172706198475
C02 475.003 85.03746655434503
C02 500.018 85.02759220775022
C02 525.002 85.42768723887598
C02 550.029 86.53717127552268
C02 575.023 88.09340816423926
C02 599.982 89.94706374561552
C02 619.997 91.21313437325526
C02 624.979 91.48262430454469
C02 650.012 93.1144060778461
C02 675.004 94.56224748014651
C02 700.03 95.69632538626229
C02 725.012 96.3223420942533
C02 750.022 98.08188472625233
C02 774.987 99.02122794459265
C02 799.976 99.8429759747204
C02 824.988 98.64520546650083
C02 850.022 97.80443705290901
C02 869.967 95.56360435501279
C02 875.002 94.38571286909162
C02 899.999 87.55346233297179
C02 919.999 79.41055328117233
C02 925.012 76.87849635649266
C02 949.965 64.07886691655143
C02 975.002 49.2618272032579
C02 999.976 31.815754208723323
C02 1025.028 15.253854012516472
C02 1050.014 6.0968302077241034
C02 1075.002 0.9344110187120268
C02 1099.99 0.09271140285084581
C03 319.994 45.69348903576735
C03 324.969 47.15994450136916
C03 349.982 54.222110918217524
C03 374.975 69.92677235971017
C03 400.019 83.3785073286534
C03 424.965 85.9248851224628
C03 450.035 85.48706364755361
C03 475.003 85.08969786129413
C03 500.018 85.00976778551968
C03 525.002 85.3583751522582
C03 550.029 86.42330963295582
C03 575.023 87.95249939839096
C03 599.982 89.80292741772031
C03 619.997 91.07515417914549
C03 624.979 91.34821666129918
C03 650.012 92.99765419563153
C03 675.004 94.45891182971836
C03 700.03 95.60663596016548
C03 725.012 96.23896979672337
C03 750.022 98.00338827067448
C03 774.987 98.94763799663956
C03 799.976 99.7836532309699
C03 824.988 98.61526043715352
C03 850.022 97.80256644687708
C03 869.967 95.59252975074432
C03 875.002 94.41982076350179
C03 899.999 87.63348440576421
C03 919.999 79.5562382255366
C03 925.012 77.0297164547711
C03 949.965 64.25266844953099
C03 975.002 49.447722510890635
C03 999.976 31.91053988629443
C03 1025.028 15.31730991395946
C03 1050.014 6.12891656349475
C03 1075.002 0.9336631420385663
C03 1099.99 0.09263719921436522
C04 319.994 45.68785421841705
C04 324.969 47.115088288693514
C04 349.982 54.02711557222451
C04 374.975 69.81488865302953
C04 400.019 83.5373555130047
C04 424.965 86.2137940909608
C04 450.035 85.79684060629315
C04 475.003 85.349091119862
C04 500.018 85.21450714899872
C04 525.002 85.51963825833106
C04 550.029 86.5490925557672
C04 575.023 88.0684999716255
C04 599.982 89.92644108075525
C04 619.997 91.20858052086604
C04 624.979 91.49040571898081
C04 650.012 93.15725368896287
C04 675.004 94.6392336513461
C04 700.03 95.79567449924532
C04 725.012 96.4245891133022
C04 750.022 98.17957022649384
C04 774.987 99.11229732595892
C04 799.976 99.95489801349186
C04 824.988 98.80133207240402
C04 850.022 97.98994903963356
C04 869.967 95.77806473672337
C04 875.002 94.61039258621437
C04 899.999 87.85600985938298
C04 919.999 79.78463615546873
C04 925.012 77.2764217912781
C04 949.965 64.52164856401252
C04 975.002 49.569135575348724
C04 999.976 32.01606046589922
C04 1025.028 15.367722363199231
C04 1050.014 6.154497005151249
C04 1075.002 0.9353417201114526
C04 1099.99 0.09280374618867904
C05 319.994 45.55776276859769
C05 324.969 46.94929816269501
C05 349.982 53.72982337546453
C05 374.975 69.5600032483419
C05 400.019 83.48258662164342
C05 424.965 86.27116189807957
C05 450.035 85.85127984167337
C05 475.003 85.34638487425022
C05 500.018 85.147632983357
C05 525.002 85.42187609390791
C05 550.029 86.41459291550372
C05 575.023 87.9252682810736
C05 599.982 89.80191545052271
C05 619.997 91.10723047274229
C05 624.979 91.38793637380516
C05 650.012 93.08310409248382
C05 675.004 94.58063921732116
C05 700.03 95.74292954227926
C05 725.012 96.3615558231605
C05 750.022 98.09879684472139
C05 774.987 98.99896466624534
C05 799.976 99.8361835282274
C05 824.988 98.70320958632718
C05 850.022 97.86985459909963
C05 869.967 95.64552769950978
C05 875.002 94.48508498132914
C05 899.999 87.79437185734704
C05 919.999 79.77509913127312
C05 925.012 77.32358559582102
C05 949.965 64.56274823178796
C05 975.002 49.411924171275366
C05 999.976 31.986901244413694
C05 1025.028 15.352682767366646
C05 1050.014 6.175032464504917
C05 1075.002 0.9345724657118784
C05 1099.99 0.09272742147385278
C06 319.994 45.510353638673536
C06 324.969 46.874707747171556
C06 349.982 53.546649646279896
C06 374.975 69.43100809631994
C06 400.019 83.60914385268933
C06 424.965 86.52238275488496
C06 450.035 86.06843880257757
C06 475.003 85.472420788861
C06 500.018 85.19306417739493
C06 525.002 85.44761992610152
C06 550.029 86.41969875000073
C06 575.023 87.96335504651073
C06 599.982 89.8969483700796
C06 619.997 91.26224544801175
C06 624.979 91.54144873111454
C06 650.012 93.29973407053473
C06 675.004 94.81682622810759
C06 700.03 95.99556868644493
C06 725.012 96.60526359016549
C06 750.022 98.34147731169244
C06 774.987 99.20286072372639
C06 799.976 100.0446641037703
C06 824.988 98.91028720734614
C06 850.022 98.04756217213357
C06 869.967 95.84272330751578
C06 875.002 94.71768410841497
C06 899.999 88.19090967044485
C06 919.999 80.2269348185855
C06 925.012 77.78532629540085
C06 949.965 64.62737613690773
C06 975.002 49.35865789787417
C06 999.976 32.04915064329818
C06 1025.028 15.41109512396021
C06 1050.014 6.2314692809679295
C06 1075.002 0.9368847580269428
C06 1099.99 0.09295684499309417
C07 319.994 45.139103505888606
C07 324.969 46.46164496972195
C07 349.982 52.99237144625544
C07 374.975 68.89897400859739
C07 400.019 83.25451834769233
C07 424.965 86.26581073820132
C07 450.035 85.80779591784903
C07 475.003 85.16662270114843
C07 500.018 84.84230254715241
C07 525.002 85.06098712527118
C07 550.029 86.00421721762049
C07 575.023 87.54691521186002
C07 599.982 89.48594402590695
C07 619.997 90.86911919099677
C07 624.979 91.14948776966045
C07 650.012 92.92298328271735
C07 675.004 94.45111508244591
C07 700.03 95.64231547029921
C07 725.012 96.24825382911958
C07 750.022 97.9720019547124
C07 774.987 98.81191939588805
C07 799.976 99.65436675505772
C07 824.988 98.53718563457468
C07 850.022 97.677312506919
C07 869.967 95.52452095521438
C07 875.002 94.43881814771137
C07 899.999 88.05891694892091
C07 919.999 80.24133235189689
C07 925.012 77.77519895700665
C07 949.965 64.18201473973457
C07 975.002 49.1722642730608
C07 999.976 31.907979302627766
C07 1025.028 15.441853751935135
C07 1050.014 6.208840410304443
C07 1075.002 0.9333649686871258
C07 1099.99 0.09260761472836156
C10 319.994 46.38639524223642
C10 324.969 47.97101321099492
C10 349.982 55.38688516266065
C10 374.975 70.81222832477805
C10 400.019 83.6209271374069
C10 424.965 85.80964352462647
C10 450.035 85.35510159170232
C10 475.003 85.09975620192488
C10 500.018 85.2097003048101
C10 525.002 85.68422858988696
C10 550.029 86.92040785310652
C10 575.023 88.53648113559056
C10 599.982 90.39818645603869
C10 619.997 91.62892256236205
C10 624.979 91.91688089500776
C10 650.012 93.51154953797884
C10 675.004 94.95186251764252
C10 700.03 96.03857729234312
C10 725.012 96.546784152413
C10 750.022 98.14018016996889
C10 774.987 98.97128123025632
C10 799.976 99.70628373886213
C10 824.988 98.49240608608068
C10 850.022 97.59380988028026
C10 869.967 95.37154524717646
C10 875.002 94.22233383160558
C10 899.999 87.58384434815443
C10 919.999 79.40008862037891
C10 925.012 76.82377346364036
C10 949.965 63.548331613579876
C10 975.002 48.83818476874243
C10 999.976 31.56822473226374
C10 1025.028 15.329432437680769
C10 1050.014 6.163383821256352
C10 1075.002 0.9349675064699818
C10 1099.99 0.09276661705495531
C11 319.994 46.1804062525967
C11 324.969 47.721632294548805
C11 349.982 55.001754979790384
C11 374.975 70.52969014977405
C11 400.019 83.56130540334802
C11 424.965 85.86502572944084
C11 450.035 85.41180242044084
C11 475.003 85.10085249972228
C11 500.018 85.16052789870831
C11 525.002 85.59527513993386
C11 550.029 86.80170103426022
C11 575.023 88.41222382999376
C11 599.982 90.27467279300376
C11 619.997 91.50790815164848
C11 624.979 91.79518417307762
C11 650.012 93.39210674298882
C11 675.004 94.83820020194791
C11 700.03 95.95151744767647
C11 725.012 96.53793710585211
C11 750.022 98.23262950660462
C11 774.987 99.14947945405274
C11 799.976 99.94251674815753
C11 824.988 98.71884907938107
C11 850.022 97.83041087764754
C11 869.967 95.63701030892994
C11 875.002 94.50356871552175
C11 899.999 87.86447358503567
C11 919.999 79.54763650435696
C11 925.012 76.94977871257849
C11 949.965 63.653488038321896
C11 975.002 48.9588618570568
C11 999.976 31.79199406222956
C11 1025.028 15.401467061048907
C11 1050.014 6.172233263572906
C11 1075.002 0.9358474496603657
C11 1099.99 0.092853924209918
C12 319.994 46.09102731643552
C12 324.969 47.57817444466108
C12 349.982 54.69419361590016
C12 374.975 70.31398780832096
C12 400.019 83.61289273117137
C12 424.965 86.06905978244883
C12 450.035 85.67006871553865
C12 475.003 85.3564125492083
C12 500.018 85.38685589573625
C12 525.002 85.77578095559753
C12 550.029 86.95865561332509
C12 575.023 88.52678311661352
C12 599.982 90.35439587548778
C12 619.997 91.55713422267742
C12 624.979 91.84762247331714
C12 650.012 93.42136179470138
C12 675.004 94.87521366884212
C12 700.03 96.00516704198584
C12 725.012 96.6185341600068
C12 750.022 98.33867140264454
C12 774.987 99.31220684599485
C12 799.976 100.12737708933817
C12 824.988 98.92373410480522
C12 850.022 98.04947877667448
C12 869.967 95.88155371551478
C12 875.002 94.74600385711157
C12 899.999 88.10248520334505
C12 919.999 79.76223488159448
C12 925.012 77.15113718564736
C12 949.965 63.8021207204701
C12 975.002 49.1048151260568
C12 999.976 31.946790544581358
C12 1025.028 15.49160688921283
C12 1050.014 6.198903774062053
C12 1075.002 0.9368572584391771
C12 1099.99 0.09295411650925942
C13 319.994 45.94196148166107
C13 324.969 47.385275864035826
C13 349.982 54.35655306034477
C13 374.975 70.05505453484291
C13 400.019 83.57688356505659
C13 424.965 86.15868021078217
C13 450.035 85.77514464288994
C13 475.003 85.4269205970596
C13 500.018 85.40657392325322
C13 525.002 85.74625757924923
C13 550.029 86.87451667397877
C13 575.023 88.41122719563248
C13 599.982 90.22482574210356
C13 619.997 91.43178828570137
C13 624.979 91.71819033545985
C13 650.012 93.3017426720936
C13 675.004 94.75125535355369
C13 700.03 95.89155839121837
C13 725.012 96.50720243543395
C13 750.022 98.23072823490003
C13 774.987 99.20456266855872
C13 799.976 100.03292681756172
C13 824.988 98.84782123214853
C13 850.022 97.99989238399185
C13 869.967 95.85988841778425
C13 875.002 94.73121533647385
C13 899.999 88.13538947010353
C13 919.999 79.85516720257452
C13 925.012 77.24533446562441
C13 949.965 63.84064447174256
C13 975.002 49.160967805896625
C13 999.976 32.017856324354064
C13 1025.028 15.544595254955595
C13 1050.014 6.215442154645636
C13 1075.002 0.9358288796899984
C13 1099.99 0.09285208171451803
C14 319.994 45.85255187982723
C14 324.969 47.247491163589224
C14 349.982 54.05466101268659
C14 374.975 69.81754890013232
C14 400.019 83.57485963066138
C14 424.965 86.2955947727672
C14 450.035 85.9482063665167
C14 475.003 85.57558777808954
C14 500.018 85.50351578093286
C14 525.002 85.80456068938396
C14 550.029 86.90143346815144
C14 575.023 88.41172551281312
C14 599.982 90.2135484409848
C14 619.997 91.4153208194858
C14 624.979 91.70088722966445
C14 650.012 93.28915441346885
C14 675.004 94.7459578586026
C14 700.03 95.89195704496288
C14 725.012 96.4982863911096
C14 750.022 98.2059580378132
C14 774.987 99.16958846889605
C14 799.976 99.99517737452379
C14 824.988 98.84349737230423
C14 850.022 98.00633217524933
C14 869.967 95.91667357712257
C14 875.002 94.80674488822235
C14 899.999 88.28624924672829
C14 919.999 80.04281045354858
C14 925.012 77.42956616051562
C14 949.965 63.90561736567968
C14 975.002 49.236033539346224
C14 999.976 32.12199694868939
C14 1025.028 15.613763596232792
C14 1050.014 6.24954861160241
C14 1075.002 0.9355929997598323
C14 1099.99 0.0928286779245454
C15 319.994 45.893026734522344
C15 324.969 47.24596171316557
C15 349.982 53.91647765849547
C15 374.975 69.75484526597165
C15 400.019 83.75948997929711
C15 424.965 86.62543474784106
C15 450.035 86.32120827585203
C15 475.003 85.9484363590616
C15 500.018 85.86228881815642
C15 525.002 86.13032979641291
C15 550.029 87.20735421855463
C15 575.023 88.6977059095726
C15 599.982 90.47749555194189
C15 619.997 91.667890965888
C15 624.979 91.94935584234908
C15 650.012 93.52664471534311
C15 675.004 94.98705904343194
C15 700.03 96.1269864266066
C15 725.012 96.71602799979424
C15 750.022 98.40375162643596
C15 774.987 99.34409147913756
C15 799.976 100.17549919615155
C15 824.988 99.04220326468847
C15 850.022 98.2100519051126
C15 869.967 96.19052570034712
C15 875.002 95.11206765800878
C15 899.999 88.6299654386784
C15 919.999 80.3802555154408
C15 925.012 77.75704487879507
C15 949.965 64.03091347093766
C15 975.002 49.372534114750415
C15 999.976 32.268352704642986
C15 1025.028 15.673937312399458
C15 1050.014 6.299778025108524
C15 1075.002 0.9374775728231586
C15 1099.99 0.09301566353256695
C16 319.994 45.63291666585617
C16 324.969 46.95171308441656
C16 349.982 53.50348004560025
C16 374.975 69.36871078232194
C16 400.019 83.54038374817935
C16 424.965 86.50388368785602
C16 450.035 86.20757662583007
C16 475.003 85.7819907543101
C16 500.018 85.63404421658755
C16 525.002 85.86016522032507
C16 550.029 86.88745758783905
C16 575.023 88.35283208847979
C16 599.982 90.13430834284507
C16 619.997 91.33545974147482
C16 624.979 91.62127914345287
C16 650.012 93.2168217580946
C16 675.004 94.6893566933002
C16 700.03 95.82946040409263
C16 725.012 96.40293148198984
C16 750.022 98.06798551012159
C16 774.987 98.97579675055472
C16 799.976 99.80458255255672
C16 824.988 98.68448819317149
C16 850.022 97.84953859096589
C16 869.967 95.90854717386907
C16 875.002 94.85826321828223
C16 899.999 88.36795793151671
C16 919.999 80.13806569923221
C16 925.012 77.51810562388788
C16 949.965 63.653775529003035
C16 975.002 49.123820176684546
C16 999.976 32.16165149664099
C16 1025.028 15.594421223205845
C16 1050.014 6.318351839714562
C16 1075.002 0.9342790198547364
C16 1099.99 0.0926983060454903
C17 319.994 45.4076504677439
C17 324.969 46.68399409572295
C17 349.982 53.10939165310574
C17 374.975 69.02379096272014
C17 400.019 83.42667543397576
C17 424.965 86.48838985674723
C17 450.035 86.17044049624523
C17 475.003 85.66201131004863
C17 500.018 85.43953185493885
C17 525.002 85.62274391621429
C17 550.029 86.61997625810852
C17 575.023 88.09362282394785
C17 599.982 89.92611909119238
C17 619.997 91.17230303011554
C17 624.979 91.47231297211455
C17 650.012 93.11494272711755
C17 675.004 94.63211154887206
C17 700.03 95.80751144889003
C17 725.012 96.38779797253474
C17 750.022 98.03913677857169
C17 774.987 98.94397344875732
C17 799.976 99.77344156197589
C17 824.988 98.66418751787408
C17 850.022 97.83806962939305
C17 869.967 95.89828183994791
C17 875.002 94.83509530259163
C17 899.999 88.26513593110553
C17 919.999 80.0543484128849
C17 925.012 77.44173276614137
C17 949.965 63.459358997581376
C17 975.002 48.95244506505381
C17 999.976 32.16440757397083
C17 1025.028 15.512487337383863
C17 1050.014 6.272944124082263
C17 1075.002 0.9340042292242815
C17 1099.99 0.09267104157158154
