lsstcam/qe_curves/r22_s01/19700101T000000.ecsv
# %ECSV 0.9
# ---
# datatype:
# - {name: amp_name, datatype: string}
# - {name: wavelength, unit: nm, datatype: float32}
# - {name: efficiency, unit: '%', datatype: float32}
# meta: !!omap
# - {MODE: AMP}
# - {TYPE: QE}
# - {CALIBDATE: '1970-01-01T00:00:00'}
# - {INSTRUME: LSSTCAM}
# - {OBSTYPE: qe_curves}
# - {DETECTOR: 91}
# - {PICKLEFILE: RaftRun11351.p}
# - {CALIB_ID: 'raftName=R22 detectorName=S01 detector=91 calibDate=1970-01-01T00:00:00 ccd=91 ccdnum=91 filter=None'}
# - {DATE: '2019-12-12T17:29:00.276067'}
# - {CALIB_CREATION_DATE: '2019-12-12'}
# - {CALIB_CREATION_TIME: '17:29:00'}
# - __serialized_columns__:
#     efficiency:
#       __class__: astropy.units.quantity.Quantity
#       unit: !astropy.units.Unit {unit: '%'}
#       value: !astropy.table.SerializedColumn {name: efficiency}
#     wavelength:
#       __class__: astropy.units.quantity.Quantity
#       unit: !astropy.units.Unit {unit: nm}
#       value: !astropy.table.SerializedColumn {name: wavelength}
# schema: astropy-2.0
amp_name wavelength efficiency
C05 319.994 44.03404
C05 324.969 49.847763
C05 349.982 75.93765
C05 374.975 80.85215
C05 400.019 86.3307
C05 424.965 86.592766
C05 450.035 87.50004
C05 475.003 89.58923
C05 500.018 91.589355
C05 525.002 93.57705
C05 550.029 95.19875
C05 575.023 96.03115
C05 599.982 97.66291
C05 619.997 97.9481
C05 624.979 98.09052
C05 650.012 98.56478
C05 675.004 98.907005
C05 700.03 98.32924
C05 725.012 97.79564
C05 750.022 97.97345
C05 774.987 98.05026
C05 799.976 97.22788
C05 824.988 95.47862
C05 850.022 93.521965
C05 869.967 90.50263
C05 875.002 90.00583
C05 899.999 83.13193
C05 919.999 73.58123
C05 925.012 71.30506
C05 949.965 57.813892
C05 975.002 43.22497
C05 999.976 26.192104
C05 1025.028 11.464872
C05 1050.014 4.0183253
C05 1075.002 2.1427765
C05 1099.99 1.5746843
C13 319.994 44.346413
C13 324.969 50.204056
C13 349.982 77.02676
C13 374.975 82.26325
C13 400.019 87.045105
C13 424.965 86.906876
C13 450.035 87.586945
C13 475.003 89.53306
C13 500.018 91.44616
C13 525.002 93.38837
C13 550.029 94.9871
C13 575.023 95.82221
C13 599.982 97.46322
C13 619.997 97.76179
C13 624.979 97.910286
C13 650.012 98.40613
C13 675.004 98.788864
C13 700.03 98.33285
C13 725.012 98.10009
C13 750.022 98.651505
C13 774.987 99.08404
C13 799.976 98.398125
C13 824.988 96.548065
C13 850.022 94.65636
C13 869.967 91.546455
C13 875.002 90.96657
C13 899.999 83.51789
C13 919.999 73.90405
C13 925.012 71.67464
C13 949.965 58.434223
C13 975.002 43.674103
C13 999.976 26.235886
C13 1025.028 11.308846
C13 1050.014 4.0501537
C13 1075.002 2.1728845
C13 1099.99 1.5899732
C11 319.994 44.922504
C11 324.969 50.857067
C11 349.982 77.622314
C11 374.975 82.361275
C11 400.019 87.02738
C11 424.965 86.89928
C11 450.035 87.6036
C11 475.003 89.572044
C11 500.018 91.49474
C11 525.002 93.43194
C11 550.029 95.01977
C11 575.023 95.83257
C11 599.982 97.44857
C11 619.997 97.726814
C11 624.979 97.86905
C11 650.012 98.33765
C11 675.004 98.69471
C11 700.03 98.22446
C11 725.012 97.99274
C11 750.022 98.55703
C11 774.987 98.9998
C11 799.976 98.31566
C11 824.988 96.484215
C11 850.022 94.56549
C11 869.967 91.44821
C11 875.002 90.88266
C11 899.999 83.65598
C11 919.999 73.66592
C11 925.012 71.325714
C11 949.965 58.29303
C11 975.002 43.646526
C11 999.976 26.493315
C11 1025.028 11.487601
C11 1050.014 4.051737
C11 1075.002 2.1637356
C11 1099.99 1.5826796
C07 319.994 44.581814
C07 324.969 50.463726
C07 349.982 76.55738
C07 374.975 81.12659
C07 400.019 86.50397
C07 424.965 86.758224
C07 450.035 87.677795
C07 475.003 89.780945
C07 500.018 91.788414
C07 525.002 93.77553
C07 550.029 95.38599
C07 575.023 96.2046
C07 599.982 97.8174
C07 619.997 98.087875
C07 624.979 98.22723
C07 650.012 98.68087
C07 675.004 99.00748
C07 700.03 98.41968
C07 725.012 97.90443
C07 750.022 98.12272
C07 774.987 98.232376
C07 799.976 97.43286
C07 824.988 95.68004
C07 850.022 93.76328
C07 869.967 90.776344
C07 875.002 90.30965
C07 899.999 83.318756
C07 919.999 73.79424
C07 925.012 71.535194
C07 949.965 57.948788
C07 975.002 43.558598
C07 999.976 26.37989
C07 1025.028 11.573347
C07 1050.014 4.0856886
C07 1075.002 2.1717978
C07 1099.99 1.5884799
C00 319.994 42.715534
C00 324.969 48.349354
C00 349.982 74.02656
C00 374.975 79.55861
C00 400.019 85.60876
C00 424.965 86.10295
C00 450.035 87.1054
C00 475.003 89.24156
C00 500.018 91.27546
C00 525.002 93.29657
C00 550.029 94.948044
C00 575.023 95.818954
C00 599.982 97.48569
C00 619.997 97.79694
C00 624.979 97.947174
C00 650.012 98.45605
C00 675.004 98.83189
C00 700.03 98.2863
C00 725.012 97.776405
C00 750.022 97.97886
C00 774.987 98.07194
C00 799.976 97.26168
C00 824.988 95.492294
C00 850.022 93.535576
C00 869.967 90.444084
C00 875.002 89.93301
C00 899.999 82.95843
C00 919.999 73.59809
C00 925.012 71.36083
C00 949.965 57.68522
C00 975.002 43.150482
C00 999.976 26.043255
C00 1025.028 11.412892
C00 1050.014 4.0744576
C00 1075.002 2.160055
C00 1099.99 1.57242
C01 319.994 42.956676
C01 324.969 48.625027
C01 349.982 74.43069
C01 374.975 79.91092
C01 400.019 85.83694
C01 424.965 86.270386
C01 450.035 87.24577
C01 475.003 89.366844
C01 500.018 91.39491
C01 525.002 93.40627
C01 550.029 95.05757
C01 575.023 95.924934
C01 599.982 97.58643
C01 619.997 97.893036
C01 624.979 98.04514
C01 650.012 98.55011
C01 675.004 98.92023
C01 700.03 98.36346
C01 725.012 97.84822
C01 750.022 98.03125
C01 774.987 98.11358
C01 799.976 97.293274
C01 824.988 95.53046
C01 850.022 93.573044
C01 869.967 90.47979
C01 875.002 89.95688
C01 899.999 83.063515
C01 919.999 73.64958
C01 925.012 71.40762
C01 949.965 57.736782
C01 975.002 43.13347
C01 999.976 26.042427
C01 1025.028 11.388996
C01 1050.014 4.049086
C01 1075.002 2.1530595
C01 1099.99 1.5723345
C12 319.994 44.64593
C12 324.969 50.543774
C12 349.982 77.36485
C12 374.975 82.36102
C12 400.019 87.10912
C12 424.965 86.98534
C12 450.035 87.680984
C12 475.003 89.64158
C12 500.018 91.56322
C12 525.002 93.50573
C12 550.029 95.10498
C12 575.023 95.929726
C12 599.982 97.55984
C12 619.997 97.85155
C12 624.979 97.993996
C12 650.012 98.478355
C12 675.004 98.85066
C12 700.03 98.3844
C12 725.012 98.151115
C12 750.022 98.70756
C12 774.987 99.143845
C12 799.976 98.45648
C12 824.988 96.612854
C12 850.022 94.7127
C12 869.967 91.5687
C12 875.002 90.98109
C12 899.999 83.65003
C12 919.999 73.938774
C12 925.012 71.66161
C12 949.965 58.38883
C12 975.002 43.665813
C12 999.976 26.292866
C12 1025.028 11.372074
C12 1050.014 4.061559
C12 1075.002 2.1700132
C12 1099.99 1.5850416
C10 319.994 45.230507
C10 324.969 51.206944
C10 349.982 77.948074
C10 374.975 82.45249
C10 400.019 87.086754
C10 424.965 86.96803
C10 450.035 87.69124
C10 475.003 89.66846
C10 500.018 91.59942
C10 525.002 93.53925
C10 550.029 95.120865
C10 575.023 95.92599
C10 599.982 97.53147
C10 619.997 97.79964
C10 624.979 97.94126
C10 650.012 98.39792
C10 675.004 98.74298
C10 700.03 98.2695
C10 725.012 98.040504
C10 750.022 98.62352
C10 774.987 99.08082
C10 799.976 98.40629
C10 824.988 96.56941
C10 850.022 94.67474
C10 869.967 91.60208
C10 875.002 91.05069
C10 899.999 83.70226
C10 919.999 73.64089
C10 925.012 71.34307
C10 949.965 58.40419
C10 975.002 43.80715
C10 999.976 26.674807
C10 1025.028 11.60126
C10 1050.014 4.0802484
C10 1075.002 2.178583
C10 1099.99 1.5911767
C02 319.994 43.069046
C02 324.969 48.753883
C02 349.982 74.659424
C02 374.975 80.07757
C02 400.019 85.82269
C02 424.965 86.1686
C02 450.035 87.09875
C02 475.003 89.19457
C02 500.018 91.19787
C02 525.002 93.19611
C02 550.029 94.83656
C02 575.023 95.69488
C02 599.982 97.35262
C02 619.997 97.658485
C02 624.979 97.80703
C02 650.012 98.31129
C02 675.004 98.67814
C02 700.03 98.12538
C02 725.012 97.60458
C02 750.022 97.77972
C02 774.987 97.85496
C02 799.976 97.03853
C02 824.988 95.284164
C02 850.022 93.33939
C02 869.967 90.25005
C02 875.002 89.728485
C02 899.999 82.86792
C02 919.999 73.52727
C02 925.012 71.274376
C02 949.965 57.55468
C02 975.002 43.033047
C02 999.976 25.973349
C02 1025.028 11.356036
C02 1050.014 4.0247226
C02 1075.002 2.1414764
C02 1099.99 1.5672345
C06 319.994 44.450222
C06 324.969 50.315083
C06 349.982 76.44908
C06 374.975 81.15506
C06 400.019 86.551254
C06 424.965 86.79887
C06 450.035 87.714165
C06 475.003 89.80851
C06 500.018 91.81311
C06 525.002 93.80134
C06 550.029 95.41817
C06 575.023 96.24132
C06 599.982 97.86374
C06 619.997 98.13883
C06 624.979 98.27835
C06 650.012 98.74143
C06 675.004 99.072266
C06 700.03 98.48842
C06 725.012 97.95562
C06 750.022 98.15082
C06 774.987 98.23556
C06 799.976 97.42491
C06 824.988 95.67248
C06 850.022 93.73474
C06 869.967 90.72127
C06 875.002 90.23424
C06 899.999 83.29222
C06 919.999 73.75718
C06 925.012 71.50159
C06 949.965 57.901974
C06 975.002 43.45133
C06 999.976 26.308937
C06 1025.028 11.511065
C06 1050.014 4.052144
C06 1075.002 2.1604438
C06 1099.99 1.5848349
C16 319.994 43.590008
C16 324.969 49.344074
C16 349.982 76.00611
C16 374.975 81.68344
C16 400.019 86.73911
C16 424.965 86.6906
C16 450.035 87.39207
C16 475.003 89.34862
C16 500.018 91.27178
C16 525.002 93.22372
C16 550.029 94.839
C16 575.023 95.69583
C16 599.982 97.35802
C16 619.997 97.67878
C16 624.979 97.83045
C16 650.012 98.34932
C16 675.004 98.7558
C16 700.03 98.31838
C16 725.012 98.0985
C16 750.022 98.65517
C16 774.987 99.09423
C16 799.976 98.41851
C16 824.988 96.5734
C16 850.022 94.670845
C16 869.967 91.60515
C16 875.002 91.05046
C16 899.999 83.4499
C16 919.999 73.94727
C16 925.012 71.73609
C16 949.965 58.487915
C16 975.002 43.748608
C16 999.976 26.254833
C16 1025.028 11.308758
C16 1050.014 4.052378
C16 1075.002 2.1957438
C16 1099.99 1.6017535
C15 319.994 43.780384
C15 324.969 49.562065
C15 349.982 76.29819
C15 374.975 81.87007
C15 400.019 86.80006
C15 424.965 86.69959
C15 450.035 87.38175
C15 475.003 89.32181
C15 500.018 91.23353
C15 525.002 93.17967
C15 550.029 94.78704
C15 575.023 95.63823
C15 599.982 97.290634
C15 619.997 97.60852
C15 624.979 97.758804
C15 650.012 98.27262
C15 675.004 98.67069
C15 700.03 98.232025
C15 725.012 98.00691
C15 750.022 98.56229
C15 774.987 98.99664
C15 799.976 98.31917
C15 824.988 96.47342
C15 850.022 94.5721
C15 869.967 91.49597
C15 875.002 90.93567
C15 899.999 83.41364
C15 919.999 73.87451
C15 925.012 71.665535
C15 949.965 58.45112
C15 975.002 43.69403
C15 999.976 26.2248
C15 1025.028 11.293129
C15 1050.014 4.039317
C15 1075.002 2.1818104
C15 1099.99 1.5934075
C14 319.994 44.096737
C14 324.969 49.921032
C14 349.982 76.743515
C14 374.975 82.14057
C14 400.019 86.91278
C14 424.965 86.75707
C14 450.035 87.413536
C14 475.003 89.34622
C14 500.018 91.2491
C14 525.002 93.187065
C14 550.029 94.78903
C14 575.023 95.627975
C14 599.982 97.27399
C14 619.997 97.58142
C14 624.979 97.7302
C14 650.012 98.236534
C14 675.004 98.62356
C14 700.03 98.17972
C14 725.012 97.94834
C14 750.022 98.49842
C14 774.987 98.92767
C14 799.976 98.24742
C14 824.988 96.40497
C14 850.022 94.50451
C14 869.967 91.42081
C14 875.002 90.85499
C14 899.999 83.36598
C14 919.999 73.81245
C14 925.012 71.590546
C14 949.965 58.374363
C14 975.002 43.639782
C14 999.976 26.213709
C14 1025.028 11.296616
C14 1050.014 4.036945
C14 1075.002 2.1744425
C14 1099.99 1.5911685
C04 319.994 43.729145
C04 324.969 49.50296
C04 349.982 75.59847
C04 374.975 80.73147
C04 400.019 86.24454
C04 424.965 86.499954
C04 450.035 87.39191
C04 475.003 89.46872
C04 500.018 91.46126
C04 525.002 93.449554
C04 550.029 95.07533
C04 575.023 95.92054
C04 599.982 97.560936
C04 619.997 97.85854
C04 624.979 98.001495
C04 650.012 98.4906
C04 675.004 98.84425
C04 700.03 98.27467
C04 725.012 97.74439
C04 750.022 97.91939
C04 774.987 97.98786
C04 799.976 97.16337
C04 824.988 95.41041
C04 850.022 93.43928
C04 869.967 90.41333
C04 875.002 89.84816
C04 899.999 83.03473
C04 919.999 73.41371
C04 925.012 71.357285
C04 949.965 57.48929
C04 975.002 43.282246
C04 999.976 26.022299
C04 1025.028 11.429014
C04 1050.014 4.023349
C04 1075.002 2.1397011
C04 1099.99 1.5703175
C17 319.994 43.393784
C17 324.969 49.1226
C17 349.982 75.69941
C17 374.975 81.416115
C17 400.019 86.52963
C17 424.965 86.510216
C17 450.035 87.22541
C17 475.003 89.1822
C17 500.018 91.10597
C17 525.002 93.05823
C17 550.029 94.6789
C17 575.023 95.53998
C17 599.982 97.20064
C17 619.997 97.524124
C17 624.979 97.677666
C17 650.012 98.20138
C17 675.004 98.60793
C17 700.03 98.17996
C17 725.012 97.96291
C17 750.022 98.52613
C17 774.987 98.97214
C17 799.976 98.30008
C17 824.988 96.450356
C17 850.022 94.542404
C17 869.967 91.47526
C17 875.002 90.9215
C17 899.999 83.336464
C17 919.999 73.81967
C17 925.012 71.6126
C17 949.965 58.4074
C17 975.002 43.731773
C17 999.976 26.250088
C17 1025.028 11.356446
C17 1050.014 4.0821996
C17 1075.002 2.2004611
C17 1099.99 1.6003008
C03 319.994 43.482918
C03 324.969 49.223667
C03 349.982 75.315094
C03 374.975 80.614555
C03 400.019 86.20913
C03 424.965 86.48681
C03 450.035 87.38534
C03 475.003 89.46856
C03 500.018 91.467354
C03 525.002 93.46058
C03 550.029 95.09807
C03 575.023 95.95225
C03 599.982 97.60471
C03 619.997 97.90941
C03 624.979 98.05488
C03 650.012 98.55528
C03 675.004 98.91783
C03 700.03 98.35716
C03 725.012 97.829094
C03 750.022 98.00184
C03 774.987 98.073044
C03 799.976 97.248215
C03 824.988 95.49026
C03 850.022 93.541824
C03 869.967 90.44018
C03 875.002 89.93446
C03 899.999 83.06705
C03 919.999 73.68959
C03 925.012 71.38145
C03 949.965 57.71927
C03 975.002 43.086563
C03 999.976 26.043339
C03 1025.028 11.391932
C03 1050.014 4.0247846
C03 1075.002 2.1429017
C03 1099.99 1.5699502
