lsstCam/transmission_filter_detector/r41_s22/r_57/19700101T000000.ecsv
# %ECSV 1.0
# ---
# datatype:
# - {name: wavelength, unit: nm, datatype: float32}
# - {name: efficiency, unit: '%', datatype: float64}
# meta: !!omap
# - {MODE: DETECTOR}
# - {TYPE: transmission_filter_detector}
# - {CALIBDATE: '1970-01-01T00:00:00'}
# - {INSTRUME: LSSTCam}
# - {OBSTYPE: transmission_filter_detector}
# - {CALIBCLS: lsst.ip.isr.IntermediateFilterDetectorTransmissionCurve}
# - {SOURCE: Materion (DM-46256)}
# - {DETECTOR: 170}
# - {FILTER: r_57}
# - {CALIB_ID: 'calibDate=1970-01-01T00:00:00 filter=r_57 detector=170'}
# - {DATE: '2025-04-02T15:59:44.971089'}
# - {CALIB_CREATION_DATE: '2025-04-02'}
# - {CALIB_CREATION_TIME: '15:59:44'}
# - __serialized_columns__:
#     efficiency:
#       __class__: astropy.units.quantity.Quantity
#       unit: !astropy.units.Unit {unit: '%'}
#       value: !astropy.table.SerializedColumn {name: efficiency}
#     wavelength:
#       __class__: astropy.units.quantity.Quantity
#       unit: !astropy.units.Unit {unit: nm}
#       value: !astropy.table.SerializedColumn {name: wavelength}
# schema: astropy-2.0
wavelength efficiency
[from data line 603]
903.0 0.0002588757070043357
904.0 0.00021875039237784222
905.0 0.00017862505501398118
906.0 0.00011073071846112725
907.0 4.283638759261521e-05
908.0 0.00013771236808679532
909.0 0.00023258837700268487
910.0 0.00020442603272385895
911.0 0.00017626372255108436
912.0 0.00022439103304350283
913.0 0.0002725184231167077
914.0 0.00021711284716730006
915.0 0.00016170729395525996
916.0 0.00020176337329758098
917.0 0.000241819452639902
918.0 0.00010546484645601595
919.0 1.7106299016189652e-10
920.0 3.4964000406034756e-05
921.0 0.0001008177719086234
922.0 9.791282309379312e-05
923.0 9.50079311223817e-05
924.0 0.00017210132909895037
925.0 0.0002491947498128866
926.0 0.0002547533767938148
927.0 0.0002603120719868457
928.0 0.00022906560843694024
929.0 0.00019781914488703478
930.0 0.00017300966419497854
931.0 0.0001482001380281872
932.0 0.00014030250667929067
933.0 0.0001324048525930266
934.0 0.00014726937251907657
935.0 0.00016213389244512655
936.0 0.0001852262471402355
937.0 0.0002083185790979769
938.0 0.00010223415074506192
939.0 1.7106299016189652e-10
940.0 0.00013797589417663403
941.0 0.00027980202048638603
942.0 0.000279749428955256
943.0 0.000279696837424126
944.0 0.0002406701923973742
945.0 0.00020164352463325486
946.0 0.0003613541139202425
947.0 0.0005210647941567004
948.0 0.000568243285670178
949.0 0.0006154218681331258
950.0 0.0006246287284739083
951.0 0.0006338354978652205
952.0 0.0005737496849178569
953.0 0.0005136639629199635
954.0 0.0007897757313912734
955.0 0.0010658875908120535
956.0 0.0008459296623186674
957.0 0.0006259720066736918
958.0 0.000997295865090564
959.0 0.0013686194506590255
960.0 0.001439411335013574
961.0 0.0015102032193681225
962.0 0.0016835199858178385
963.0 0.001856836570368614
964.0 0.0018730310330283828
965.0 0.0018892251318902709
966.0 0.0020927856894559227
967.0 0.0022963462470215745
968.0 0.002214525557064917
969.0 0.0021327050490071997
970.0 0.0022369455109583214
971.0 0.0023411857910105027
972.0 0.002487267556716688
973.0 0.0026333495043218136
974.0 0.0028353317247820087
975.0 0.003037314127141144
976.0 0.0032154275686480105
977.0 0.0033935408282559365
978.0 0.003481373278191313
979.0 0.00356920572812669
980.0 0.0036064928281120956
981.0 0.00364377920050174
982.0 0.0035638171539176255
983.0 0.0034838558349292725
984.0 0.0034232343750772998
985.0 0.0033626132790232077
986.0 0.00323989697790239
987.0 0.0031171806767815724
988.0 0.00310108698613476
989.0 0.003084992931690067
990.0 0.002949058762169443
991.0 0.00281312513834564
992.0 0.0028537730031530373
993.0 0.002894421231758315
994.0 0.0029624685339513235
995.0 0.003030516018043272
996.0 0.003069588274229318
997.0 0.003108660166617483
998.0 0.0030714149033883587
999.0 0.003034169458260294
1000.0 0.003061323513975367
1001.0 0.0030884773877914995
1002.0 0.003285831189714372
1003.0 0.003483184627839364
1004.0 0.003812109207501635
1005.0 0.004141033787163906
1006.0 0.004193419954390265
1007.0 0.004245806485414505
1008.0 0.0042112180381082
1009.0 0.004176629590801895
1010.0 0.00417773007939104
1011.0 0.004178830567980185
1012.0 0.004087499473826028
1013.0 0.003996168015873991
1014.0 0.004014288424514234
1015.0 0.004032409196952358
1016.0 0.003546669177012518
1017.0 0.003060929157072678
1018.0 0.0027297555789118633
1019.0 0.0023985816369531676
1020.0 0.0021527135686483234
1021.0 0.0019068447727477178
1022.0 0.0017603571905056015
1023.0 0.0016138692444656044
1024.0 0.0014195392395777162
1025.0 0.0012252090527908877
1026.0 0.0011913172784261405
1027.0 0.0011574258678592741
1028.0 0.0010026904419646598
1029.0 0.0008479551979689859
1030.0 0.0008347533366759308
1031.0 0.0008215513844334055
1032.0 0.0005330857675289735
1033.0 0.0002446201051498065
1034.0 0.00047850035116425715
1035.0 0.0007123805062292377
1036.0 0.000830176031740848
1037.0 0.0009479715117777232
1038.0 0.001126688948716037
1039.0 0.0013054063856543507
1040.0 0.0010640261280059349
1041.0 0.0008226461432059295
1042.0 0.0007877695679781027
1043.0 0.0007528927653766004
1044.0 0.000938759148993995
1045.0 0.0011246254871366546
1046.0 0.0010124887012352701
1047.0 0.0009003518243844155
1048.0 0.0011517227903823368
1049.0 0.0014030939382791985
1050.0 0.001373543454974424
1051.0 0.00134399315356859
1052.0 0.0015968600564519875
1053.0 0.001849727050284855
1054.0 0.001537361640657764
1055.0 0.0012249965948285535
1056.0 0.0012605262782017235
1057.0 0.0012960561434738338
1058.0 0.0011892119800904766
1059.0 0.0010823677257576492
1060.0 0.001104094826587243
1061.0 0.0011258219274168368
1062.0 0.0009770355973159894
1063.0 0.0008282493581646122
1064.0 0.0010370056770625524
1065.0 0.0012457619959604926
1066.0 0.0014758486940991133
1067.0 0.0017059350284398533
1068.0 0.0014481774996966124
1069.0 0.0011904200619028416
1070.0 0.0014136025129118934
1071.0 0.0016367850548704155
1072.0 0.001957356471393723
1073.0 0.002277928069815971
1074.0 0.0023981392587302253
1075.0 0.0025183508114423603
1076.0 0.0028171298254164867
1077.0 0.003115908839390613
1078.0 0.0029999187972862273
1079.0 0.002883928573282901
1080.0 0.002905120709328912
1081.0 0.002926312663475983
1082.0 0.0035215984098613262
1083.0 0.00411688415624667
1084.0 0.003529221430653706
1085.0 0.002941558705060743
1086.0 0.003118608583463356
1087.0 0.0032956580980680883
1088.0 0.0036339777579996735
1089.0 0.003972297417931259
1090.0 0.004230064223520458
1091.0 0.0044878313929075375
1092.0 0.004050529605592601
1093.0 0.0036132278182776645
1094.0 0.0029036787964287214
1095.0 0.0021941303202765994
1096.0 0.0019943756342399865
1097.0 0.0017946207663044333
1098.0 0.0024371101972064935
1099.0 0.0030795996281085536
1100.0 0.0024350321837118827
1101.0 0.001790464375517331
