lsstCam/transmission_filter_detector/r41_s22/r_57/19700101T000000.ecsv
# %ECSV 1.0
# ---
# datatype:
# - {name: wavelength, unit: nm, datatype: float32}
# - {name: efficiency, unit: '%', datatype: float64}
# meta: !!omap
# - {MODE: DETECTOR}
# - {TYPE: transmission_filter_detector}
# - {CALIBDATE: '1970-01-01T00:00:00'}
# - {INSTRUME: LSSTCam}
# - {OBSTYPE: transmission_filter_detector}
# - {CALIBCLS: lsst.ip.isr.IntermediateFilterDetectorTransmissionCurve}
# - {SOURCE: Materion (DM-46256)}
# - {DETECTOR: 170}
# - {FILTER: r_57}
# - {CALIB_ID: 'calibDate=1970-01-01T00:00:00 filter=r_57 detector=170'}
# - {DATE: '2025-04-02T15:59:44.971089'}
# - {CALIB_CREATION_DATE: '2025-04-02'}
# - {CALIB_CREATION_TIME: '15:59:44'}
# - __serialized_columns__:
#     efficiency:
#       __class__: astropy.units.quantity.Quantity
#       unit: !astropy.units.Unit {unit: '%'}
#       value: !astropy.table.SerializedColumn {name: efficiency}
#     wavelength:
#       __class__: astropy.units.quantity.Quantity
#       unit: !astropy.units.Unit {unit: nm}
#       value: !astropy.table.SerializedColumn {name: wavelength}
# schema: astropy-2.0
wavelength efficiency
300.0 0.003427194315008819
301.0 0.008321607310790569
302.0 0.013216021761763841
303.0 0.01645641023060307
304.0 0.019696798699442297
305.0 0.01749853981891647
306.0 0.015300280938390642
307.0 0.013114065222907811
308.0 0.010927848779829219
309.0 0.010179797391174361
310.0 0.009431746002519503
311.0 0.008486270235152915
312.0 0.007540794467786327
313.0 0.007739961438346654
314.0 0.007939128408906981
315.0 0.007264346641022712
316.0 0.00658956341794692
317.0 0.006029887299519032
318.0 0.005470211181091145
319.0 0.005162250090506859
320.0 0.004854288999922574
321.0 0.00467041099909693
322.0 0.004486533725867048
323.0 0.004172481931163929
324.0 0.003858430136460811
325.0 0.0037042173062218353
326.0 0.0035500062949722633
327.0 0.0035456614568829536
328.0 0.003541317710187286
329.0 0.003553558053681627
330.0 0.00356579948856961
331.0 0.0032979332900140435
332.0 0.0030300672733574174
333.0 0.002794163992803078
334.0 0.0025582605303497985
335.0 0.0023457096176571213
336.0 0.0021331588868633844
337.0 0.0019226210497436114
338.0 0.0017120833945227787
339.0 0.0016605466953478754
340.0 0.0016090098142740317
341.0 0.0016115531252580695
342.0 0.0016140964362421073
343.0 0.0015379491742351092
344.0 0.0014618019122281112
345.0 0.0014085704606259242
346.0 0.0013553390999732073
347.0 0.0012352124031167477
348.0 0.0011150858881592285
349.0 0.0010975089026032947
350.0 0.007457991887349635
351.0 0.00639293430140242
352.0 0.005327878170646727
353.0 0.005323181903804652
354.0 0.005318485273164697
355.0 0.005816621342091821
356.0 0.006314757774816826
357.0 0.005866788706043735
358.0 0.005418820001068525
359.0 0.004214117507217452
360.0 0.0030094144676695578
361.0 0.0038308407965814695
362.0 0.004652268034988083
363.0 0.0035702403692994267
364.0 0.0024882127036107704
365.0 0.002688731728994753
366.0 0.002889250754378736
367.0 0.003994321377831511
368.0 0.005099392365082167
369.0 0.004657548197428696
370.0 0.004215705848764628
371.0 0.0033666303352219984
372.0 0.0025175551854772493
373.0 0.0028629916414502077
374.0 0.003208428097423166
375.0 0.002792540908558294
376.0 0.0023766539015923627
377.0 0.002183217293350026
378.0 0.00198978104890557
379.0 0.0025319939595647156
380.0 0.0030742070521228015
381.0 0.004104891195311211
382.0 0.005135575702297501
383.0 0.005434161357698031
384.0 0.005732748468290083
385.0 0.00576030979573261
386.0 0.0057878714869730175
387.0 0.004574480408336967
388.0 0.0033610889659030363
389.0 0.00253230391535908
390.0 0.0017035190467140637
391.0 0.0014662949070043396
392.0 0.0012290704034967348
393.0 0.000900500344869215
394.0 0.0005719305590901058
395.0 0.0013537935046770144
396.0 0.002135656905011274
397.0 0.0020104938812437467
398.0 0.0018853306755772792
399.0 0.0013050034795014653
400.0 0.0007246763743751217
401.0 0.0007950462531880476
402.0 0.0008654159501020331
403.0 0.0012040117326250765
404.0 0.0015426074241986498
405.0 0.0016664065697113983
406.0 0.0017902057152241468
407.0 0.001732821692712605
408.0 0.0016754378521000035
409.0 0.0016163854525075294
410.0 0.0015573332348139957
411.0 0.0018404409274808131
412.0 0.0021235484382486902
413.0 0.0016884574506548233
414.0 0.0012533665540104266
415.0 0.0015523972251685336
416.0 0.0018514279872761108
417.0 0.0023713368136668578
418.0 0.0028912456400576048
419.0 0.003931332685169764
420.0 0.004971420275978744
421.0 0.0068884502979926765
422.0 0.008805478137219325
423.0 0.012289917503949255
424.0 0.015774356143083423
425.0 0.02071088965749368
426.0 0.025647421716712415
427.0 0.025020533939823508
428.0 0.024393641797360033
429.0 0.019108907144982368
430.0 0.013824172492604703
431.0 0.009900761506287381
432.0 0.005977349428576417
433.0 0.004970446389052086
434.0 0.003963543713325635
435.0 0.003314404602861032
436.0 0.0026652656742953695
437.0 0.0022458245439338498
438.0 0.0018263830497744493
439.0 0.0015185453776211943
440.0 0.0012107078873668797
441.0 0.001279014213650953
442.0 0.0013473207218339667
443.0 0.0014091780940361787
444.0 0.00147103510244051
445.0 0.001100914232665673
446.0 0.0007307929990929551
447.0 0.0011698382877511904
448.0 0.0016088833945104852
449.0 0.0018016504327533767
450.0 0.0019944176528952084
451.0 0.0019791150407399982
452.0 0.0019638122466858476
453.0 0.0018873332010116428
454.0 0.0018108543372363783
455.0 0.0015750063539599068
456.0 0.0013391586435318459
457.0 0.0014082654161029495
458.0 0.0014773723705729935
459.0 0.00175866352947196
460.0 0.0020399547793203965
461.0 0.002813129140122328
462.0 0.00358630386472214
463.0 0.004438545147422701
464.0 0.005290786430123262
465.0 0.006478110299212858
466.0 0.007665433804504573
467.0 0.008114610682241619
468.0 0.008563789742765948
469.0 0.007246020686579868
470.0 0.00592825235798955
471.0 0.004313652971177362
472.0 0.002699053402466234
473.0 0.0020046960344188847
474.0 0.001310338939219946
475.0 0.0011285989785392303
476.0 0.0009468591088079847
477.0 0.0011374625501048286
478.0 0.0013280656276037917
479.0 0.0011941354387090541
480.0 0.0010602050679153763
481.0 0.0010711173672461882
482.0 0.0010820296665770002
483.0 0.0009311356734542642
484.0 0.0007802414074831177
485.0 0.00093228263722267
486.0 0.0010843235941138119
487.0 0.0010632919838826638
488.0 0.0010422602827020455
489.0 0.0010466309504408855
490.0 0.0010510018000786658
491.0 0.001027731104841223
492.0 0.0010044601367553696
493.0 0.000981915491138352
494.0 0.0009593711183697451
495.0 0.0010966236914100591
496.0 0.0012338764463493135
497.0 0.0013757838132733013
498.0 0.00151769154399517
499.0 0.0015607713066856377
500.0 0.001603851342224516
501.0 0.0019127079212921672
502.0 0.0022215646822587587
503.0 0.002713216235861182
504.0 0.0032048676075646654
505.0 0.003877998096868396
506.0 0.004551128949970007
507.0 0.005407014032243751
508.0 0.006262899114517495
509.0 0.006378963735187426
510.0 0.006495027628261596
511.0 0.00589421069889795
512.0 0.005293393041938543
513.0 0.004536488631856628
514.0 0.0037795849493704736
515.0 0.0035618191759567708
516.0 0.003344053402543068
517.0 0.0034288015740457922
518.0 0.0035135501093463972
519.0 0.07837952580302954
520.0 0.039580126758664846
521.0 0.10664892615750432
522.0 0.07783464388921857
523.0 0.08346472168341279
524.0 0.09283568942919374
525.0 0.07374652777798474
526.0 0.08313070866279304
527.0 0.12036156840622425
528.0 0.15649056294932961
529.0 0.15410083578899503
530.0 0.20852808374911547
531.0 0.23267131764441729
532.0 0.22232988849282265
533.0 0.36693804431706667
534.0 0.5796602927148342
535.0 0.7371046580374241
536.0 1.1892630718648434
537.0 1.8321536481380463
538.0 2.937076985836029
539.0 4.495073854923248
540.0 6.760339438915253
541.0 9.502079337835312
542.0 12.739399075508118
543.0 17.0308455824852
544.0 22.06975519657135
545.0 27.910706400871277
546.0 34.9539577960968
547.0 42.122283577919006
548.0 50.702083110809326
549.0 58.65883231163025
550.0 64.13360834121704
551.0 70.45714855194092
552.0 74.20382499694824
553.0 77.95425653457642
554.0 81.4171314239502
555.0 84.98086929321289
556.0 88.09458017349243
557.0 90.48526287078857
558.0 92.84358620643616
559.0 95.01504898071289
560.0 94.7947084903717
561.0 95.60103416442871
562.0 96.02381587028503
563.0 95.61282396316528
564.0 96.12935185432434
565.0 95.44119834899902
566.0 96.34578227996826
567.0 95.857834815979
568.0 96.76015973091125
569.0 97.4532961845398
570.0 96.96747064590454
571.0 97.46063351631165
572.0 97.24193215370178
573.0 96.93824648857117
574.0 97.15541005134583
575.0 97.0532774925232
576.0 97.47147560119629
577.0 97.04169034957886
578.0 97.26389646530151
579.0 97.27510213851929
580.0 96.83185815811157
581.0 96.80016040802002
582.0 96.99884057044983
583.0 96.91531658172607
584.0 96.8651294708252
585.0 96.41464948654175
586.0 96.51356339454651
587.0 96.28300666809082
588.0 97.0729410648346
589.0 97.72077202796936
590.0 96.90474271774292
591.0 96.10319137573242
592.0 96.29786610603333
593.0 95.94961404800415
594.0 96.38091921806335
595.0 96.85744643211365
596.0 97.21260666847229
597.0 97.45489358901978
598.0 97.08355069160461
599.0 97.32525944709778
600.0 97.4189817905426
601.0 96.47961258888245
602.0 96.9384491443634
603.0 96.52300477027893
604.0 96.65653109550476
605.0 96.89962267875671
606.0 96.71899080276489
607.0 96.39398455619812
608.0 96.66140675544739
609.0 96.09494209289551
610.0 96.12084031105042
611.0 95.85795402526855
612.0 96.41587734222412
613.0 97.24252223968506
614.0 96.99469804763794
615.0 96.3802695274353
616.0 96.63888812065125
617.0 96.7014729976654
618.0 96.47775292396545
619.0 97.37167954444885
620.0 96.53706550598145
621.0 95.77136635780334
622.0 96.78009748458862
623.0 97.11493849754333
624.0 96.92891240119934
625.0 97.37512469291687
626.0 96.60629034042358
627.0 95.67941427230835
628.0 97.3786473274231
629.0 95.55155634880066
630.0 96.75564169883728
631.0 96.88416719436646
632.0 96.89112305641174
633.0 96.70585989952087
634.0 96.30935788154602
635.0 96.36438488960266
636.0 96.10033631324768
637.0 95.86597681045532
638.0 95.5981194972992
639.0 95.6831157207489
640.0 95.72589993476868
641.0 95.76026797294617
642.0 96.23314142227173
643.0 96.29099369049072
644.0 96.17694616317749
645.0 96.71422243118286
646.0 96.69685363769531
647.0 97.3532497882843
648.0 96.76405191421509
649.0 95.9958553314209
650.0 96.47447466850281
651.0 97.15334177017212
652.0 97.23166823387146
653.0 96.08573317527771
654.0 96.63400650024414
655.0 96.95131778717041
656.0 95.84725499153137
657.0 95.89903354644775
658.0 96.48287296295166
659.0 96.56758308410645
660.0 95.61048150062561
661.0 95.75445055961609
662.0 95.80919146537781
663.0 95.67710757255554
664.0 95.26471495628357
665.0 95.90051174163818
666.0 95.2710211277008
667.0 95.91416716575623
668.0 94.95037794113159
669.0 96.04789018630981
670.0 95.65681219100952
671.0 95.61750292778015
672.0 95.26655077934265
673.0 95.30221223831177
674.0 94.80345249176025
675.0 95.5107033252716
676.0 94.97679471969604
677.0 93.53557229042053
678.0 92.40444898605347
679.0 91.83868169784546
680.0 90.0823175907135
681.0 88.61192464828491
682.0 85.93444228172302
683.0 83.06002020835876
684.0 79.12262082099915
685.0 75.18826127052307
686.0 70.86171507835388
687.0 66.5219247341156
688.0 61.738306283950806
689.0 57.6219916343689
690.0 52.73265838623047
691.0 48.655134439468384
692.0 44.02601420879364
693.0 39.43025767803192
694.0 33.97058546543121
695.0 28.457337617874146
696.0 22.859583795070648
697.0 17.51609295606613
698.0 12.141933292150497
699.0 8.248846977949142
700.0 5.4147448390722275
701.0 3.2201897352933884
702.0 1.960236206650734
703.0 1.1146926321089268
704.0 0.6309424061328173
705.0 0.32909864094108343
706.0 0.26244265027344227
707.0 0.1754297874867916
708.0 0.1596792251802981
709.0 0.10599398519843817
710.0 0.09153601131401956
711.0 0.03611636348068714
712.0 0.06177418399602175
713.0 0.030883235740475357
714.0 0.06326328730210662
715.0 0.02834114129655063
716.0 0.025737425312399864
717.0 0.03826072788797319
718.0 0.04489458806347102
719.0 0.009663928358349949
720.0 1.7106299016189652e-10
721.0 0.0036625042412197217
722.0 0.00356298842234537
723.0 0.0034634726034710184
724.0 0.0032611369533697143
725.0 0.0030588013032684103
726.0 0.0027737954951589927
727.0 0.002488789687049575
728.0 0.0024175802536774427
729.0 0.0023463704565074295
730.0 0.002222938201157376
731.0 0.002099505945807323
732.0 0.00205759824893903
733.0 0.002015690552070737
734.0 0.001922777300933376
735.0 0.001829864049796015
736.0 0.001746867383189965
737.0 0.001663870716583915
738.0 0.0014183728126226924
739.0 0.00117287499961094
740.0 0.001279029129364062
741.0 0.0013851834410161246
742.0 0.0013424185453914106
743.0 0.0012996535588172264
744.0 0.0012617261745617725
745.0 0.0012237991541041993
746.0 0.0011751281817851122
747.0 0.0011264572094660252
748.0 0.001005171816359507
749.0 0.0008838863323035184
750.0 0.0009346847036795225
751.0 0.0009854829841060564
752.0 0.0010175562238146085
753.0 0.0010496295544726308
754.0 0.0010528620805416722
755.0 0.001056094879459124
756.0 0.000983957670541713
757.0 0.0009118208254221827
758.0 0.0009587763088347856
759.0 0.0010057321560452692
760.0 0.0010538432434259448
761.0 0.0011019542398571502
762.0 0.001134418198489584
763.0 0.001166881793324137
764.0 0.0010526666301302612
765.0 0.000938451830734266
766.0 0.0007852692760934588
767.0 0.0006320866305031814
768.0 0.0007112595994840376
769.0 0.0007904325684648938
770.0 0.000669686050969176
771.0 0.0005489398063218687
772.0 0.0005488509486895055
773.0 0.0005487619091582019
774.0 0.0005165432412468363
775.0 0.0004843246188102057
776.0 0.0005281114226818318
777.0 0.000571898317502928
778.0 0.0006163576017570449
779.0 0.0006608167950616917
780.0 0.0005958234396530315
781.0 0.0005308301297191065
782.0 0.0005457670795294689
783.0 0.0005607041657640366
784.0 0.0005328188763087383
785.0 0.000504933632328175
786.0 0.0005106669959786814
787.0 0.0005164004051039228
788.0 0.0005515655630006222
789.0 0.0005867310846952023
790.0 0.000532627427674015
791.0 0.0004785234978044173
792.0 0.0006488877261290327
793.0 0.000819251908978913
794.0 0.0008377533049497288
795.0 0.0008562547918700147
796.0 0.0008163075108313933
797.0 0.0007763605026411824
798.0 0.0007644537618034519
799.0 0.0007525470209657215
800.0 0.0007260990969371051
801.0 0.0006996511274337536
802.0 0.0006538230991282035
803.0 0.0006079950253479183
804.0 0.0005935869012319017
805.0 0.0005791785497422097
806.0 0.0006167286755953683
807.0 0.0006542788014485268
808.0 0.0007085344350343803
809.0 0.0007627900686202338
810.0 0.0005613689154415624
811.0 0.00035994787594972877
812.0 0.0005438257176137995
813.0 0.000727703718439443
814.0 0.0007056723461573711
815.0 0.0006836410193500342
816.0 0.0005771106316387886
817.0 0.00047058024392754305
818.0 0.0003070417733397335
819.0 0.00014350341643876163
820.0 0.0003266056864958955
821.0 0.0005097081157146022
822.0 0.0005149770004209131
823.0 0.0005202458396524889
824.0 0.0004387345143186394
825.0 0.0003572232571968925
826.0 0.00039297087823797483
827.0 0.0004287185220164247
828.0 0.0004496315341384616
829.0 0.00047054454626049846
830.0 0.0002819521114361123
831.0 9.33597050334356e-05
832.0 0.00014840662743154098
833.0 0.00020345355551398825
834.0 0.000296119719678245
835.0 0.0003887858383677667
836.0 0.0010284250492986757
837.0 0.0016680640328559093
838.0 0.0029131264454917982
839.0 0.004158189767622389
840.0 0.0049340265832142904
841.0 0.0057098626712104306
842.0 0.006106165528763086
843.0 0.006502465112134814
844.0 0.006137976743048057
845.0 0.005773488010163419
846.0 0.005409799996414222
847.0 0.0050461134378565475
848.0 0.004402391641633585
849.0 0.0037586698454106227
850.0 0.0035461733205011114
851.0 0.0033336764317937195
852.0 0.002983970261993818
853.0 0.0026342637283960357
854.0 0.002210401180491317
855.0 0.0017865386325865984
856.0 0.001406907722412143
857.0 0.0010272764484398067
858.0 0.0007774712685204577
859.0 0.0005276660431263736
860.0 0.0004038042334286729
861.0 0.0002799424237309722
862.0 0.00023584684640809428
863.0 0.00019175122361048125
864.0 0.0002471456809871597
865.0 0.00030254020657594083
866.0 0.00022011572582414374
867.0 0.00013769132465313305
868.0 7.566383715129632e-05
869.0 1.3636362439228833e-05
870.0 6.792508315811574e-05
871.0 0.00012221380529808812
872.0 9.104778087021259e-05
873.0 5.988177917970461e-05
874.0 0.00010148918363483972
875.0 0.00014309663356470992
876.0 0.00016498987633895013
877.0 0.00018688310774450656
878.0 8.809975042822771e-05
879.0 1.7106299016189652e-10
880.0 3.9172616084215406e-05
881.0 8.902889021555893e-05
882.0 0.00010307823004040984
883.0 0.0001171276267086796
884.0 0.00014965780792408623
885.0 0.00018218806872027926
886.0 0.00026887355488725007
887.0 0.00035555908652895596
888.0 0.0002538962007747614
889.0 0.0001522333150205668
890.0 0.00018913950725618633
891.0 0.00022604567675443832
892.0 0.00028176186788186897
893.0 0.0003374780135345645
894.0 0.00018650698621058837
895.0 3.5535956044441264e-05
896.0 5.6648175927875855e-06
897.0 1.7106299016189652e-10
898.0 6.354783863571356e-05
899.0 0.00015130194697121624
900.0 0.00019050495438932558
901.0 0.00022970789359533228
