lsstCam/transmission_filter_detector/r40_sw0/g_6/19700101T000000.ecsv
# %ECSV 1.0
# ---
# datatype:
# - {name: wavelength, unit: nm, datatype: float32}
# - {name: efficiency, unit: '%', datatype: float64}
# meta: !!omap
# - {MODE: DETECTOR}
# - {TYPE: transmission_filter_detector}
# - {CALIBDATE: '1970-01-01T00:00:00'}
# - {INSTRUME: LSSTCam}
# - {OBSTYPE: transmission_filter_detector}
# - {CALIBCLS: lsst.ip.isr.IntermediateFilterDetectorTransmissionCurve}
# - {SOURCE: Materion (DM-46256)}
# - {DETECTOR: 199}
# - {FILTER: g_6}
# - {CALIB_ID: 'calibDate=1970-01-01T00:00:00 filter=g_6 detector=199'}
# - {DATE: '2025-04-02T15:59:42.949660'}
# - {CALIB_CREATION_DATE: '2025-04-02'}
# - {CALIB_CREATION_TIME: '15:59:42'}
# - __serialized_columns__:
#     efficiency:
#       __class__: astropy.units.quantity.Quantity
#       unit: !astropy.units.Unit {unit: '%'}
#       value: !astropy.table.SerializedColumn {name: efficiency}
#     wavelength:
#       __class__: astropy.units.quantity.Quantity
#       unit: !astropy.units.Unit {unit: nm}
#       value: !astropy.table.SerializedColumn {name: wavelength}
# schema: astropy-2.0
wavelength efficiency
[from data line 608]
908.0 0.000303287220049242
909.0 0.00031484019018535037
910.0 0.0003489766186248744
911.0 0.0003831130470643984
912.0 0.00038602670429099817
913.0 0.0003889403615175979
914.0 0.00039750116229697596
915.0 0.000406061963076354
916.0 0.0003760956360565615
917.0 0.00034612935451150406
918.0 0.000336255789079587
919.0 0.00032638224638503743
920.0 0.0003587115770642413
921.0 0.0003910408850060776
922.0 0.00037629260987159796
923.0 0.00036154428926238324
924.0 0.0003402182983336388
925.0 0.0003188923074048944
926.0 0.00038881812542967964
927.0 0.0004587439434544649
928.0 0.0004905728474113857
929.0 0.0005224016604188364
930.0 0.0005158578460395802
931.0 0.000509314077135059
932.0 0.00047639359763707034
933.0 0.00044347302718961146
934.0 0.0005150095603312366
935.0 0.0005865460934728617
936.0 0.0005545013664232101
937.0 0.0005224566848482937
938.0 0.0005759790838055778
939.0 0.0006295015282375971
940.0 0.0005504709406523034
941.0 0.0004714403075922746
942.0 0.0005448819138109684
943.0 0.0006183236109791324
944.0 0.0006421491434593918
945.0 0.0006659746759396512
946.0 0.0007019720214884728
947.0 0.0007379693215625593
948.0 0.0005998436790832784
949.0 0.0004617179001797922
950.0 0.0005794408934889361
951.0 0.000697163841323345
952.0 0.0007264432042575208
953.0 0.0007557226126664318
954.0 0.0008467287443636451
955.0 0.0009377350579597987
956.0 0.0008365724170289468
957.0 0.0007354099579970352
958.0 0.000740107270758017
959.0 0.0007448045380442636
960.0 0.000656004067423055
961.0 0.0005672036422765814
962.0 0.0005965787295281189
963.0 0.0006259537713049212
964.0 0.0005578908712777775
965.0 0.0004898279257758986
966.0 0.0005570157100009965
967.0 0.0006242036306502996
968.0 0.000616866509517422
969.0 0.0006095294338592794
970.0 0.0006323004527075682
971.0 0.0006550715170305921
972.0 0.0006524117907247273
973.0 0.0006497521553683328
974.0 0.0006694563580822432
975.0 0.0006891606062708888
976.0 0.0007723048838670366
977.0 0.0008554492524126545
978.0 0.0009030758519656956
979.0 0.0009507024515187368
980.0 0.0008911708391678985
981.0 0.0008316393177665304
982.0 0.0009079681149160024
983.0 0.0009842969120654743
984.0 0.0011305834050290287
985.0 0.0012768699889420532
986.0 0.0013109690371493343
987.0 0.001345068358205026
988.0 0.0013420684808806982
989.0 0.0013390683307079598
990.0 0.001445733960281359
991.0 0.0015523994079558179
992.0 0.0015560159226879478
993.0 0.0015596322555211373
994.0 0.0015800735127413645
995.0 0.0016005147699615918
996.0 0.0015121529941097833
997.0 0.001423791309207445
998.0 0.001377377975586569
999.0 0.0013309649148141034
1000.0 0.001322246953350259
1001.0 0.0013135289918864146
1002.0 0.0012514788068074267
1003.0 0.0011894288036273792
1004.0 0.0012777402844221797
1005.0 0.0013660520380653907
1006.0 0.001278272884519538
1007.0 0.0011904939128726255
1008.0 0.0012385441550577525
1009.0 0.0012865943972428795
1010.0 0.0013805437447445001
1011.0 0.0014744933650945313
1012.0 0.0014862341231491882
1013.0 0.0014979748812038451
1014.0 0.0015975809219526127
1015.0 0.001697187326499261
1016.0 0.0018469525457476266
1017.0 0.001996717583097052
1018.0 0.002171706910303328
1019.0 0.002346696419408545
1020.0 0.0024771843527560122
1021.0 0.0026076722861034796
1022.0 0.0029309770980034955
1023.0 0.0032542819099035114
1024.0 0.0033396670914953575
1025.0 0.0034250522730872035
1026.0 0.0036617304431274533
1027.0 0.003898408976965584
1028.0 0.003963251219829544
1029.0 0.004028094190289266
1030.0 0.004198398892185651
1031.0 0.004368703957879916
1032.0 0.004497149711824022
1033.0 0.004625595829566009
1034.0 0.00479479058412835
1035.0 0.004963985702488571
1036.0 0.0051718590839300305
1037.0 0.0053797324653714895
1038.0 0.0053173138439888135
1039.0 0.005254894858808257
1040.0 0.005468727977131493
1041.0 0.00568256109545473
1042.0 0.005884695565328002
1043.0 0.006086830035201274
1044.0 0.00636518670944497
1045.0 0.006643543019890785
1046.0 0.006908526120241731
1047.0 0.007173509948188439
1048.0 0.007762973109493032
1049.0 0.008352436998393387
1050.0 0.009551135735819116
1051.0 0.010749833745649084
1052.0 0.012451484508346766
1053.0 0.014153134543448687
1054.0 0.01692811056273058
1055.0 0.01970308512682095
1056.0 0.023570236226078123
1057.0 0.02743738004937768
1058.0 0.033077094121836126
1059.0 0.03871680237352848
1060.0 0.045887945452705026
1061.0 0.05305908853188157
1062.0 0.06103498744778335
1063.0 0.06901089218445122
1064.0 0.077609479194507
1065.0 0.08620807784609497
1066.0 0.09409068152308464
1067.0 0.1019732910208404
1068.0 0.10964643443003297
1069.0 0.11731961276382208
1070.0 0.1260782591998577
1071.0 0.13483691727742553
1072.0 0.1447787624783814
1073.0 0.15472061932086945
1074.0 0.16574704786762595
1075.0 0.17677347641438246
1076.0 0.18794015049934387
1077.0 0.1991068245843053
1078.0 0.20880610682070255
1079.0 0.21850541234016418
1080.0 0.23048250004649162
1081.0 0.24245951790362597
1082.0 0.25562066584825516
1083.0 0.26878179050982
1084.0 0.28902243357151747
1085.0 0.3092630533501506
1086.0 0.34030559472739697
1087.0 0.37134806625545025
1088.0 0.41056028567254543
1089.0 0.4497725050896406
1090.0 0.4987198393791914
1091.0 0.5476672202348709
1092.0 0.6200259085744619
1093.0 0.6923847366124392
1094.0 0.7675923872739077
1095.0 0.8428001776337624
1096.0 0.9037291631102562
1097.0 0.9646580554544926
1098.0 1.024849433451891
1099.0 1.0850407183170319
1100.0 1.1746537871658802
1101.0 1.264266949146986
