lsstCam/transmission_filter_detector/r40_sw0/g_6/19700101T000000.ecsv
# %ECSV 1.0
# ---
# datatype:
# - {name: wavelength, unit: nm, datatype: float32}
# - {name: efficiency, unit: '%', datatype: float64}
# meta: !!omap
# - {MODE: DETECTOR}
# - {TYPE: transmission_filter_detector}
# - {CALIBDATE: '1970-01-01T00:00:00'}
# - {INSTRUME: LSSTCam}
# - {OBSTYPE: transmission_filter_detector}
# - {CALIBCLS: lsst.ip.isr.IntermediateFilterDetectorTransmissionCurve}
# - {SOURCE: Materion (DM-46256)}
# - {DETECTOR: 199}
# - {FILTER: g_6}
# - {CALIB_ID: 'calibDate=1970-01-01T00:00:00 filter=g_6 detector=199'}
# - {DATE: '2025-04-02T15:59:42.949660'}
# - {CALIB_CREATION_DATE: '2025-04-02'}
# - {CALIB_CREATION_TIME: '15:59:42'}
# - __serialized_columns__:
#     efficiency:
#       __class__: astropy.units.quantity.Quantity
#       unit: !astropy.units.Unit {unit: '%'}
#       value: !astropy.table.SerializedColumn {name: efficiency}
#     wavelength:
#       __class__: astropy.units.quantity.Quantity
#       unit: !astropy.units.Unit {unit: nm}
#       value: !astropy.table.SerializedColumn {name: wavelength}
# schema: astropy-2.0
wavelength efficiency
300.0 0.3402192844077945
301.0 0.2901681698858738
302.0 0.24011707864701748
303.0 0.22883308120071888
304.0 0.21754910703748465
305.0 0.21795667707920074
306.0 0.2183642704039812
307.0 0.20946261938661337
308.0 0.2005609916523099
309.0 0.1946195843629539
310.0 0.1886781887151301
311.0 0.18899566493928432
312.0 0.18931314116343856
313.0 0.1884601777419448
314.0 0.1876072259619832
315.0 0.1831372850574553
316.0 0.17866735579445958
317.0 0.1750042662024498
318.0 0.17134117661044002
319.0 0.15964829362928867
320.0 0.14795539900660515
321.0 0.13718025293201208
322.0 0.12640510685741901
323.0 0.11273549171164632
324.0 0.0990658882074058
325.0 0.08963631698861718
326.0 0.08020674576982856
327.0 0.07296407711692154
328.0 0.06572140846401453
329.0 0.06147156236693263
330.0 0.05722171626985073
331.0 0.05275160656310618
332.0 0.04828149685636163
333.0 0.04650323244277388
334.0 0.04472496802918613
335.0 0.04255254752933979
336.0 0.04038012702949345
337.0 0.04002435889560729
338.0 0.039668590761721134
339.0 0.03904691548086703
340.0 0.03842523728962988
341.0 0.03713260521180928
342.0 0.03583997313398868
343.0 0.0323887390550226
344.0 0.028937507886439562
345.0 0.025610459852032363
346.0 0.022283410362433642
347.0 0.02043361746473238
348.0 0.018583824567031115
349.0 0.01703475572867319
350.0 0.8400754071772099
351.0 0.7650941144675016
352.0 0.5720844026654959
353.0 0.6959809921681881
354.0 0.7443652953952551
355.0 0.7369535975158215
356.0 0.521266832947731
357.0 0.7742242887616158
358.0 0.5690217949450016
359.0 0.7980144582688808
360.0 0.609399750828743
361.0 0.8487091399729252
362.0 0.5444984417408705
363.0 0.811800267547369
364.0 0.4041984211653471
365.0 0.6786975543946028
366.0 0.5720611661672592
367.0 0.6897144950926304
368.0 0.35653661470860243
369.0 0.5380291491746902
370.0 0.4246299620717764
371.0 0.49364278092980385
372.0 0.31766898464411497
373.0 0.6414773873984814
374.0 0.41046920232474804
375.0 0.5755431950092316
376.0 0.34342564176768064
377.0 0.5666882731020451
378.0 0.31153582967817783
379.0 0.39448640309274197
380.0 0.42152879759669304
381.0 0.5269164219498634
382.0 0.5632732063531876
383.0 0.5353091284632683
384.0 0.5749704781919718
385.0 0.5958018358796835
386.0 0.636956887319684
387.0 0.7460611872375011
388.0 0.9593367576599121
389.0 1.2447882443666458
390.0 1.7772374674677849
391.0 2.754480205476284
392.0 4.305858910083771
393.0 6.8192943930625916
394.0 10.335324704647064
395.0 15.025785565376282
396.0 20.89807093143463
397.0 28.279271721839905
398.0 36.86894774436951
399.0 46.21154069900513
400.0 55.64824938774109
401.0 64.65061902999878
402.0 72.85957336425781
403.0 79.7303557395935
404.0 84.70811247825623
405.0 88.47188949584961
406.0 90.5531644821167
407.0 92.19557046890259
408.0 93.2004988193512
409.0 93.6325192451477
410.0 93.82607340812683
411.0 93.64920258522034
412.0 93.33418011665344
413.0 93.1321382522583
414.0 92.9620623588562
415.0 93.10216307640076
416.0 93.44801902770996
417.0 93.75093579292297
418.0 94.27109956741333
419.0 94.84528303146362
420.0 95.43437957763672
421.0 95.88015675544739
422.0 96.09293937683105
423.0 96.25885486602783
424.0 96.07919454574585
425.0 95.960533618927
426.0 95.92939615249634
427.0 95.92887163162231
428.0 95.7859754562378
429.0 95.67150473594666
430.0 95.56079506874084
431.0 95.5845594406128
432.0 95.65691947937012
433.0 95.75793743133545
434.0 95.80675959587097
435.0 95.92409133911133
436.0 95.98410129547119
437.0 95.94560265541077
438.0 96.02550268173218
439.0 96.14176750183105
440.0 96.14123702049255
441.0 96.25982642173767
442.0 96.22459411621094
443.0 96.18322849273682
444.0 96.07154726982117
445.0 95.82751989364624
446.0 95.73709964752197
447.0 95.4625129699707
448.0 95.51133513450623
449.0 95.65725326538086
450.0 95.92891335487366
451.0 96.11259698867798
452.0 96.32362127304077
453.0 96.40416502952576
454.0 96.57723307609558
455.0 96.79067134857178
456.0 96.93461060523987
457.0 97.0440685749054
458.0 97.02067375183105
459.0 97.04651832580566
460.0 97.07530736923218
461.0 97.17424511909485
462.0 97.10167050361633
463.0 96.98228240013123
464.0 97.18010425567627
465.0 97.01375365257263
466.0 97.07489013671875
467.0 97.02244997024536
468.0 97.09125757217407
469.0 97.12596535682678
470.0 96.95095419883728
471.0 96.82416915893555
472.0 96.88320755958557
473.0 96.75933122634888
474.0 96.69707417488098
475.0 96.73759341239929
476.0 96.75073623657227
477.0 96.80593013763428
478.0 96.92957997322083
479.0 96.91460132598877
480.0 97.11068272590637
481.0 97.16797471046448
482.0 97.37750887870789
483.0 97.27271795272827
484.0 97.49144911766052
485.0 97.49539494514465
486.0 97.50334620475769
487.0 97.57779836654663
488.0 97.54758477210999
489.0 97.6640522480011
490.0 97.62929081916809
491.0 97.66830205917358
492.0 97.6161777973175
493.0 97.61911630630493
494.0 97.61784076690674
495.0 97.66920208930969
496.0 97.48934507369995
497.0 97.39857912063599
498.0 97.156822681427
499.0 97.24395275115967
500.0 97.19560146331787
501.0 97.18530774116516
502.0 97.04717993736267
503.0 97.25499749183655
504.0 97.0566987991333
505.0 97.04883098602295
506.0 97.12119698524475
507.0 97.09691405296326
508.0 97.045236825943
509.0 97.04148173332214
510.0 96.99411392211914
511.0 97.0205307006836
512.0 96.88129425048828
513.0 97.00810313224792
514.0 96.93635106086731
515.0 96.96805477142334
516.0 97.08899855613708
517.0 97.07595705986023
518.0 97.14663624763489
519.0 97.14003801345825
520.0 97.20033407211304
521.0 97.34990000724792
522.0 97.3597526550293
523.0 97.29167819023132
524.0 97.32205867767334
525.0 97.24614024162292
526.0 97.34385013580322
527.0 97.33717441558838
528.0 97.42050766944885
529.0 97.51534461975098
530.0 97.54471778869629
531.0 97.6427972316742
532.0 97.49747514724731
533.0 97.56677150726318
534.0 97.5386381149292
535.0 97.32508659362793
536.0 97.00257182121277
537.0 96.42639756202698
538.0 95.65425515174866
539.0 94.25243735313416
540.0 92.5056517124176
541.0 89.84256982803345
542.0 87.03665137290955
543.0 83.30352306365967
544.0 78.6051332950592
545.0 74.38861727714539
546.0 69.34534311294556
547.0 64.81624841690063
548.0 60.321760177612305
549.0 56.406158208847046
550.0 53.351640701293945
551.0 50.42063593864441
552.0 48.16749393939972
553.0 45.705193281173706
554.0 42.833468317985535
555.0 39.53074514865875
556.0 35.127192735672
557.0 30.06841242313385
558.0 24.54404979944229
559.0 19.193828105926514
560.0 14.110110700130463
561.0 9.466052800416946
562.0 6.001695245504379
563.0 3.4851744771003723
564.0 1.8915584310889244
565.0 0.9064739570021629
566.0 0.4797354806214571
567.0 0.25423537008464336
568.0 0.1655039843171835
569.0 0.09436753462068737
570.0 0.0755033630412072
571.0 0.056212692288681865
572.0 0.05003412370570004
573.0 0.03358695539645851
574.0 0.04730839573312551
575.0 0.033689342672005296
576.0 0.024780535022728145
577.0 0.024569290690124035
578.0 0.026634769164957106
579.0 0.02097632095683366
580.0 0.03260875819250941
581.0 0.018105625349562615
582.0 0.023996818345040083
583.0 0.01582785334903747
584.0 0.0252478348556906
585.0 0.018382161215413362
586.0 0.025280253612436354
587.0 0.008220443851314485
588.0 0.01749289658619091
589.0 0.010035377636086196
590.0 0.016733234224375337
591.0 0.015218260523397475
592.0 0.016060173220466822
593.0 0.014806543185841292
594.0 0.012651781435124576
595.0 0.009559695899952203
596.0 0.010206013394054025
597.0 0.010665984154911712
598.0 0.004543373142951168
599.0 0.0011877341421495657
600.0 0.01406147493980825
601.0 0.0022120691937743686
602.0 0.002122396654158365
603.0 0.002032723932643421
604.0 0.0020837014744756743
605.0 0.002134678652510047
606.0 0.002055846925941296
607.0 0.0019770150174736045
608.0 0.001976977364392951
609.0 0.001976939347514417
610.0 0.0019645833162940107
611.0 0.0019522269212757237
612.0 0.001912187144625932
613.0 0.0018721475498750806
614.0 0.0018344597265240736
615.0 0.0017967719031730667
616.0 0.0017179067071992904
617.0 0.0016390413293265738
618.0 0.001627951678528916
619.0 0.0016168616639333777
620.0 0.001596262154635042
621.0 0.0015756622815388255
622.0 0.001543645339552313
623.0 0.0015116284885152709
624.0 0.0015650917703169398
625.0 0.0016185555068659596
626.0 0.001537507341708988
627.0 0.0014564593584509566
628.0 0.0014570875464414712
629.0 0.0014577156434825156
630.0 0.0014893512343405746
631.0 0.0015209868251986336
632.0 0.001466922003601212
633.0 0.001412857454852201
634.0 0.001356640404992504
635.0 0.0013004232641833369
636.0 0.0013469765690388158
637.0 0.0013935298738942947
638.0 0.0012450262147467583
639.0 0.0010965227374981623
640.0 0.0012553341548482422
641.0 0.0014141456631477922
642.0 0.001298361075896537
643.0 0.0011825767614936922
644.0 0.001227480788656976
645.0 0.0012723849977192003
646.0 0.0012621591849892866
647.0 0.0012519331903604325
648.0 0.0012803945537598338
649.0 0.0013088560081087053
650.0 0.001210091886605369
651.0 0.0011113277651020326
652.0 0.001176053956442047
653.0 0.0012407801477820612
654.0 0.001184338816528907
655.0 0.0011278976671746932
656.0 0.0011213182006031275
657.0 0.0011147386430820916
658.0 0.0010764650141936727
659.0 0.0010381913853052538
660.0 0.001090344085241668
661.0 0.001142496785178082
662.0 0.00118263715194189
663.0 0.0012227775187056977
664.0 0.0011917608389921952
665.0 0.0011607440683292225
666.0 0.001121248715207912
667.0 0.0010817532711371314
668.0 0.0010726997061283328
669.0 0.0010636461411195341
670.0 0.0010774570910143666
671.0 0.0010912681318586692
672.0 0.0010844466487469617
673.0 0.0010776254384836648
674.0 0.0010903976544796024
675.0 0.0011031699614250101
676.0 0.0011032258953491691
677.0 0.0011032816473743878
678.0 0.0010849030331883114
679.0 0.001066524419002235
680.0 0.0010872638085857034
681.0 0.001108003289118642
682.0 0.0010530416147958022
683.0 0.0009980803952203132
684.0 0.0009705940101412125
685.0 0.0009431073522137012
686.0 0.0009583375685906503
687.0 0.0009735676030686591
688.0 0.0010012411621573847
689.0 0.00102891463029664
690.0 0.0010304620445822366
691.0 0.0010320096407667734
692.0 0.0010269979611621238
693.0 0.0010219864634564146
694.0 0.0009893526112136897
695.0 0.0009567186680214945
696.0 0.0010044950613519177
697.0 0.001052271545631811
698.0 0.0010510052561585326
699.0 0.0010497390576347243
700.0 0.0010495683454792015
701.0 0.0010493974514247384
702.0 0.00105771896414808
703.0 0.0010660404768714216
704.0 0.0010967705748043954
705.0 0.0011275006727373693
706.0 0.0010602525435388088
707.0 0.0009930043233907782
708.0 0.0010659970030246768
709.0 0.0011389896826585755
710.0 0.0011053610251110513
711.0 0.0010717320947151165
712.0 0.0010875255611608736
713.0 0.0011033189366571605
714.0 0.0012191027053631842
715.0 0.001334886474069208
716.0 0.0013788254364044406
717.0 0.001422764762537554
718.0 0.0015243263987940736
719.0 0.001625888398848474
720.0 0.0014107738934399094
721.0 0.0011956592970818747
722.0 0.0013347776075534057
723.0 0.001473896099923877
724.0 0.0014655212908110116
725.0 0.001457146481698146
726.0 0.0014732397175976075
727.0 0.001489332953497069
728.0 0.0015507670468650758
729.0 0.0016122010492836125
730.0 0.0016723779481253587
731.0 0.0017325550288660452
732.0 0.0016963749658316374
733.0 0.0016601949027972296
734.0 0.0015525902199442498
735.0 0.0014449858099396806
736.0 0.001289492593059549
737.0 0.0011339992852299474
738.0 0.0010120057595486287
739.0 0.0008900119610188995
740.0 0.0009884154678729828
741.0 0.0010868190656765364
742.0 0.001115918257710291
743.0 0.001145017631642986
744.0 0.0010605249372019898
745.0 0.0009760325156094041
746.0 0.0009600958946975879
747.0 0.000944159364735242
748.0 0.0009412475264980458
749.0 0.0009383356882608496
750.0 0.0009264593245461583
751.0 0.0009145829608314671
752.0 0.0008809692189970519
753.0 0.0008473554771626368
754.0 0.0008093105861917138
755.0 0.0007712655133218504
756.0 0.0007672554602322634
757.0 0.0007632454071426764
758.0 0.0008043443813221529
759.0 0.0008454435374005698
760.0 0.0008714925570529886
761.0 0.0008975417586043477
762.0 0.0007876188647060189
763.0 0.00067769587985822
764.0 0.0006108144134486793
765.0 0.0005439330834633438
766.0 0.0005931256055191625
767.0 0.0006423181730497163
768.0 0.000625035409029806
769.0 0.0006077526450098958
770.0 0.0006169676908029942
771.0 0.0006261828275455628
772.0 0.0005784535460406914
773.0 0.000530724219061085
774.0 0.0005726304607378552
775.0 0.0006145367024146253
776.0 0.0006387371740856906
777.0 0.0006629376002820209
778.0 0.0006510897492262302
779.0 0.0006392419891199097
780.0 0.000653036931907991
781.0 0.0006668319201708073
782.0 0.0005711662197427358
783.0 0.0004755005193146644
784.0 0.0004540500867733499
785.0 0.0004325996997067705
786.0 0.0005040995347371791
787.0 0.0005755994607170578
788.0 0.0005479615992953768
789.0 0.0005203236014494905
790.0 0.0003845605988317402
791.0 0.0002487977099008276
792.0 0.00021841701709490735
793.0 0.00018803633565767086
794.0 0.0002380995510975481
795.0 0.00028816275516874157
796.0 0.0003183177796017844
797.0 0.0003484728267721948
798.0 0.0003501757419144269
799.0 0.00035187867979402654
800.0 0.00035772322917182464
801.0 0.00036356782402435783
802.0 0.0003631293566286331
803.0 0.0003626908892329084
804.0 0.0004103349056094885
805.0 0.0004579789219860686
806.0 0.00039988158277992625
807.0 0.00034178422083641635
808.0 0.00045859760575694963
809.0 0.0005754109224653803
810.0 0.000541764757144847
811.0 0.0005081185008748434
812.0 0.00039178403312689625
813.0 0.00027544951990421396
814.0 0.0003205629582225811
815.0 0.00036567637380358065
816.0 0.0003319193410789012
817.0 0.00029816235382895684
818.0 0.0003264840188421658
819.0 0.00035480575206747744
820.0 0.0002937264071078971
821.0 0.0002326471303604194
822.0 0.00041922285163309425
823.0 0.0006057985501684016
824.0 0.00040325958252651617
825.0 0.00020072054667252814
826.0 0.0003705861900016316
827.0 0.0005404518105933676
828.0 0.0004256090960552683
829.0 0.000310766336042434
830.0 0.0002642603931235499
831.0 0.00021775442746729823
832.0 0.0003353599595357082
833.0 0.0004529654688667506
834.0 0.0005185597728996072
835.0 0.000584154167881934
836.0 0.00047623184400436003
837.0 0.00036830949738941854
838.0 0.00038259863686107565
839.0 0.0003968877535953652
840.0 0.0003540629222698044
841.0 0.00031123806820687605
842.0 0.00037835363855265314
843.0 0.0004454691861610627
844.0 0.0005071729447081452
845.0 0.0005688767032552278
846.0 0.00044329076445137616
847.0 0.00031770478017278947
848.0 0.00037714612517447677
849.0 0.00043658747017616406
850.0 0.0003913809450750705
851.0 0.00034617460187291726
852.0 0.00021637677036778769
853.0 8.657895591568376e-05
854.0 0.0001300106305279769
855.0 0.00017344229945592815
856.0 0.00027766434413933894
857.0 0.00038188641156011727
858.0 0.00042008232412626967
859.0 0.00045827823669242207
860.0 0.00046108916649245657
861.0 0.00046390009629249107
862.0 0.0003762798087336705
863.0 0.00028865952117484994
864.0 0.0002905410838138778
865.0 0.00029242262371553807
866.0 0.0003075143467867747
867.0 0.00032260602438327624
868.0 0.0003418544110900257
869.0 0.0003611027295846725
870.0 0.00038622702049906366
871.0 0.0004113513568881899
872.0 0.0004208679456496611
873.0 0.0004303845798858674
874.0 0.0005281076482788194
875.0 0.0006258307166717714
876.0 0.0005871996108908206
877.0 0.000548568550584605
878.0 0.0005877967851120047
879.0 0.0006270249741646694
880.0 0.0005326861355570145
881.0 0.0004383471605251543
882.0 0.0004929042916046456
883.0 0.0005474613317346666
884.0 0.0004963279479852645
885.0 0.00044519460971059743
886.0 0.00047189123506541364
887.0 0.0004985878149454948
888.0 0.000564902711630566
889.0 0.0006312176537903724
890.0 0.0006147956355562201
891.0 0.0005983735718473326
892.0 0.0005784942459285958
893.0 0.0005586148745351238
894.0 0.0005035246431361884
895.0 0.00044843436626251787
896.0 0.0004716963303508237
897.0 0.0004949582944391295
898.0 0.0005105972377350554
899.0 0.0005262361810309812
900.0 0.000444019633505377
901.0 0.00036180304050503764
902.0 0.0003912125976057723
903.0 0.0004206221092317719
904.0 0.00032617658689559903
905.0 0.00023173106455942616
906.0 0.0002617326572362799
