ts8/qe_curve/rtm-012_s00/19700101T000000.ecsv
# %ECSV 0.9
# ---
# datatype:
# - {name: amp_name, datatype: string}
# - {name: wavelength, unit: nm, datatype: float32}
# - {name: efficiency, unit: '%', datatype: float32}
# meta: !!omap
# - {MODE: AMP}
# - {TYPE: QE}
# - {CALIBDATE: '1970-01-01T00:00:00'}
# - {INSTRUME: TS8}
# - {OBSTYPE: qe_curve}
# - {DETECTOR: 81}
# - {PICKLEFILE: RaftRun11063.p}
# - {CALIB_ID: 'raftName=RTM-012 detectorName=S00 detector=81 calibDate=1970-01-01T00:00:00 ccd=81 ccdnum=81 filter=None'}
# - {DATE: '2020-07-23T20:30:39.363619'}
# - {CALIB_CREATION_DATE: '2020-07-23'}
# - {CALIB_CREATION_TIME: '20:30:39'}
# - __serialized_columns__:
#     efficiency:
#       __class__: astropy.units.quantity.Quantity
#       unit: !astropy.units.Unit {unit: '%'}
#       value: !astropy.table.SerializedColumn {name: efficiency}
#     wavelength:
#       __class__: astropy.units.quantity.Quantity
#       unit: !astropy.units.Unit {unit: nm}
#       value: !astropy.table.SerializedColumn {name: wavelength}
# schema: astropy-2.0
amp_name wavelength efficiency
C15 319.994 42.117508
C15 324.969 47.45604
C15 349.982 72.84096
C15 374.975 80.89885
C15 400.019 86.15956
C15 424.965 87.23745
C15 450.035 88.23407
C15 475.003 90.08834
C15 500.018 91.94524
C15 525.002 93.695854
C15 550.029 95.07641
C15 575.023 96.530655
C15 599.982 97.722046
C15 619.997 97.865036
C15 624.979 97.90819
C15 650.012 98.311035
C15 675.004 98.58337
C15 700.03 98.24523
C15 725.012 97.87397
C15 750.022 98.15861
C15 774.987 98.36986
C15 799.976 97.5801
C15 824.988 96.03125
C15 850.022 93.781845
C15 869.967 90.72874
C15 875.002 89.6679
C15 899.999 82.331024
C15 919.999 73.82089
C15 925.012 71.243744
C15 949.965 58.121204
C15 975.002 43.460495
C15 999.976 26.34273
C15 1025.028 11.193227
C15 1050.014 3.827242
C15 1075.002 2.0860846
C15 1099.99 1.6111567
C05 319.994 42.813343
C05 324.969 48.240044
C05 349.982 74.26178
C05 374.975 82.404724
C05 400.019 86.88733
C05 424.965 87.56351
C05 450.035 88.33469
C05 475.003 90.05261
C05 500.018 91.81655
C05 525.002 93.51008
C05 550.029 94.85175
C05 575.023 96.28318
C05 599.982 97.45832
C05 619.997 97.593475
C05 624.979 97.639595
C05 650.012 98.04291
C05 675.004 98.3277
C05 700.03 98.08006
C05 725.012 97.95633
C05 750.022 98.549965
C05 774.987 99.045815
C05 799.976 98.36585
C05 824.988 96.77942
C05 850.022 94.55397
C05 869.967 91.40246
C05 875.002 90.30261
C05 899.999 82.72854
C05 919.999 73.7659
C05 925.012 71.01076
C05 949.965 58.254383
C05 975.002 43.6857
C05 999.976 26.629625
C05 1025.028 11.348457
C05 1050.014 3.85562
C05 1075.002 2.103872
C05 1099.99 1.6200668
C04 319.994 42.558327
C04 324.969 47.94982
C04 349.982 73.6889
C04 374.975 81.73396
C04 400.019 86.4402
C04 424.965 87.24861
C04 450.035 88.090294
C04 475.003 89.84789
C04 500.018 91.63609
C04 525.002 93.342155
C04 550.029 94.68837
C04 575.023 96.12231
C04 599.982 97.29346
C04 619.997 97.42709
C04 624.979 97.472206
C04 650.012 97.866776
C04 675.004 98.14703
C04 700.03 97.90458
C04 725.012 97.786934
C04 750.022 98.39205
C04 774.987 98.9017
C04 799.976 98.223885
C04 824.988 96.63409
C04 850.022 94.41147
C04 869.967 91.27914
C04 875.002 90.19469
C04 899.999 82.61487
C04 919.999 73.612724
C04 925.012 70.91191
C04 949.965 58.27876
C04 975.002 43.711845
C04 999.976 26.626892
C04 1025.028 11.29208
C04 1050.014 3.838895
C04 1075.002 2.0927064
C04 1099.99 1.6213982
C03 319.994 42.229244
C03 324.969 47.579445
C03 349.982 73.09812
C03 374.975 81.13068
C03 400.019 86.06009
C03 424.965 86.97901
C03 450.035 87.88393
C03 475.003 89.67694
C03 500.018 91.49345
C03 525.002 93.211426
C03 550.029 94.569466
C03 575.023 96.00373
C03 599.982 97.18266
C03 619.997 97.31839
C03 624.979 97.36296
C03 650.012 97.76335
C03 675.004 98.04571
C03 700.03 97.80491
C03 725.012 97.702065
C03 750.022 98.31195
C03 774.987 98.832054
C03 799.976 98.15986
C03 824.988 96.56746
C03 850.022 94.338165
C03 869.967 91.18758
C03 875.002 90.10877
C03 899.999 82.54776
C03 919.999 73.62429
C03 925.012 70.927376
C03 949.965 58.141773
C03 975.002 43.73305
C03 999.976 26.527115
C03 1025.028 11.271136
C03 1050.014 3.8287585
C03 1075.002 2.0922198
C03 1099.99 1.6173041
C17 319.994 42.635475
C17 324.969 48.04569
C17 349.982 73.83235
C17 374.975 81.901436
C17 400.019 86.765625
C17 424.965 87.63737
C17 450.035 88.524414
C17 475.003 90.32134
C17 500.018 92.14383
C17 525.002 93.86853
C17 550.029 95.24039
C17 575.023 96.68849
C17 599.982 97.877396
C17 619.997 98.018074
C17 624.979 98.06209
C17 650.012 98.46673
C17 675.004 98.73219
C17 700.03 98.37899
C17 725.012 97.95792
C17 750.022 98.18147
C17 774.987 98.32837
C17 799.976 97.50586
C17 824.988 95.98086
C17 850.022 93.69023
C17 869.967 90.60107
C17 875.002 89.54925
C17 899.999 82.39892
C17 919.999 73.78277
C17 925.012 71.13716
C17 949.965 58.019035
C17 975.002 43.337368
C17 999.976 26.389177
C17 1025.028 11.227239
C17 1050.014 3.8472123
C17 1075.002 2.0872474
C17 1099.99 1.6063354
C13 319.994 41.28484
C13 324.969 46.51409
C13 349.982 71.24854
C13 374.975 79.27633
C13 400.019 85.16813
C13 424.965 86.58499
C13 450.035 87.76572
C13 475.003 89.73208
C13 500.018 91.6537
C13 525.002 93.44488
C13 550.029 94.85149
C13 575.023 96.31893
C13 599.982 97.51316
C13 619.997 97.65693
C13 624.979 97.70149
C13 650.012 98.1113
C13 675.004 98.38093
C13 700.03 98.06023
C13 725.012 97.73564
C13 750.022 98.08324
C13 774.987 98.35579
C13 799.976 97.58583
C13 824.988 96.03607
C13 850.022 93.85528
C13 869.967 90.70261
C13 875.002 89.580574
C13 899.999 82.42935
C13 919.999 74.0152
C13 925.012 71.59493
C13 949.965 57.66834
C13 975.002 43.759113
C13 999.976 26.260132
C13 1025.028 11.247075
C13 1050.014 3.8762336
C13 1075.002 2.0822163
C13 1099.99 1.6030767
C11 319.994 40.125687
C11 324.969 45.19882
C11 349.982 69.12826
C11 374.975 77.24573
C11 400.019 83.998955
C11 424.965 85.85306
C11 450.035 87.26656
C11 475.003 89.36133
C11 500.018 91.37526
C11 525.002 93.213135
C11 550.029 94.65757
C11 575.023 96.14339
C11 599.982 97.3599
C11 619.997 97.51039
C11 624.979 97.555916
C11 650.012 97.9674
C11 675.004 98.250206
C11 700.03 97.934296
C11 725.012 97.61393
C11 750.022 97.94327
C11 774.987 98.21193
C11 799.976 97.4437
C11 824.988 95.92808
C11 850.022 93.72848
C11 869.967 90.56226
C11 875.002 89.55381
C11 899.999 82.66544
C11 919.999 74.10469
C11 925.012 71.31494
C11 949.965 57.85571
C11 975.002 43.553253
C11 999.976 26.397161
C11 1025.028 11.36077
C11 1050.014 3.8957055
C11 1075.002 2.0684407
C11 1099.99 1.5930153
C16 319.994 42.367283
C16 324.969 47.7414
C16 349.982 73.353905
C16 374.975 81.46641
C16 400.019 86.529686
C16 424.965 87.49304
C16 450.035 88.424644
C16 475.003 90.24412
C16 500.018 92.08127
C16 525.002 93.81748
C16 550.029 95.19204
C16 575.023 96.645134
C16 599.982 97.838425
C16 619.997 97.97749
C16 624.979 98.02295
C16 650.012 98.432655
C16 675.004 98.70177
C16 700.03 98.35746
C16 725.012 97.96315
C16 750.022 98.21605
C16 774.987 98.39521
C16 799.976 97.586716
C16 824.988 96.057655
C16 850.022 93.7794
C16 869.967 90.687294
C16 875.002 89.63543
C16 899.999 82.419136
C16 919.999 73.870834
C16 925.012 71.24176
C16 949.965 58.04893
C16 975.002 43.444164
C16 999.976 26.375677
C16 1025.028 11.209077
C16 1050.014 3.8369317
C16 1075.002 2.091784
C16 1099.99 1.6106203
C07 319.994 43.204823
C07 324.969 48.68156
C07 349.982 74.962685
C07 374.975 83.064606
C07 400.019 87.29309
C07 424.965 87.83621
C07 450.035 88.54222
C07 475.003 90.225784
C07 500.018 91.97193
C07 525.002 93.653275
C07 550.029 94.99295
C07 575.023 96.41854
C07 599.982 97.5909
C07 619.997 97.72294
C07 624.979 97.766075
C07 650.012 98.16342
C07 675.004 98.44292
C07 700.03 98.18258
C07 725.012 98.02901
C07 750.022 98.589386
C07 774.987 99.050896
C07 799.976 98.35298
C07 824.988 96.748024
C07 850.022 94.48269
C07 869.967 91.33477
C07 875.002 90.23038
C07 899.999 82.63029
C07 919.999 73.61892
C07 925.012 70.86688
C07 949.965 58.132816
C07 975.002 43.509933
C07 999.976 26.522358
C07 1025.028 11.375116
C07 1050.014 3.891191
C07 1075.002 2.1111271
C07 1099.99 1.6093663
C00 319.994 41.378864
C00 324.969 46.61412
C00 349.982 71.2687
C00 374.975 79.06775
C00 400.019 84.814445
C00 424.965 86.19689
C00 450.035 87.36103
C00 475.003 89.30612
C00 500.018 91.21626
C00 525.002 92.9905
C00 550.029 94.37664
C00 575.023 95.822395
C00 599.982 96.99936
C00 619.997 97.130745
C00 624.979 97.17524
C00 650.012 97.56488
C00 675.004 97.829605
C00 700.03 97.55146
C00 725.012 97.34017
C00 750.022 97.82097
C00 774.987 98.20664
C00 799.976 97.47291
C00 824.988 95.92503
C00 850.022 93.709564
C00 869.967 90.59207
C00 875.002 89.57004
C00 899.999 82.39714
C00 919.999 73.719505
C00 925.012 70.93146
C00 949.965 57.857708
C00 975.002 43.50725
C00 999.976 26.433363
C00 1025.028 11.411399
C00 1050.014 3.8954382
C00 1075.002 2.0801616
C00 1099.99 1.5968431
C02 319.994 42.13441
C02 324.969 47.46797
C02 349.982 72.73047
C02 374.975 80.58953
C02 400.019 85.74657
C02 424.965 86.81493
C02 450.035 87.80962
C02 475.003 89.65692
C02 500.018 91.50148
C02 525.002 93.23614
C02 550.029 94.60167
C02 575.023 96.03872
C02 599.982 97.20992
C02 619.997 97.342606
C02 624.979 97.38119
C02 650.012 97.77525
C02 675.004 98.04828
C02 700.03 97.79935
C02 725.012 97.67638
C02 750.022 98.27721
C02 774.987 98.782646
C02 799.976 98.09693
C02 824.988 96.501045
C02 850.022 94.288
C02 869.967 91.12921
C02 875.002 90.03411
C02 899.999 82.465576
C02 919.999 73.76232
C02 925.012 71.06584
C02 949.965 58.108547
C02 975.002 43.633682
C02 999.976 26.511513
C02 1025.028 11.264638
C02 1050.014 3.852045
C02 1075.002 2.0998185
C02 1099.99 1.6096667
C06 319.994 42.934097
C06 324.969 48.376118
C06 349.982 74.51737
C06 374.975 82.67366
C06 400.019 87.029015
C06 424.965 87.62886
C06 450.035 88.35988
C06 475.003 90.0546
C06 500.018 91.80985
C06 525.002 93.48933
C06 550.029 94.83087
C06 575.023 96.258575
C06 599.982 97.43338
C06 619.997 97.57149
C06 624.979 97.6161
C06 650.012 98.02173
C06 675.004 98.30227
C06 700.03 98.053734
C06 725.012 97.91506
C06 750.022 98.49189
C06 774.987 98.97259
C06 799.976 98.28726
C06 824.988 96.6946
C06 850.022 94.44947
C06 869.967 91.299774
C06 875.002 90.20354
C06 899.999 82.62394
C06 919.999 73.6476
C06 925.012 70.895905
C06 949.965 58.145744
C06 975.002 43.56539
C06 999.976 26.566982
C06 1025.028 11.338203
C06 1050.014 3.8684263
C06 1075.002 2.1037238
C06 1099.99 1.615184
C01 319.994 41.834854
C01 324.969 47.129326
C01 349.982 72.13324
C01 374.975 79.9651
C01 400.019 85.38141
C01 424.965 86.58496
C01 450.035 87.65501
C01 475.003 89.54738
C01 500.018 91.42044
C01 525.002 93.174095
C01 550.029 94.54793
C01 575.023 95.990326
C01 599.982 97.16495
C01 619.997 97.29594
C01 624.979 97.3402
C01 650.012 97.72696
C01 675.004 97.994934
C01 700.03 97.738
C01 725.012 97.58701
C01 750.022 98.14833
C01 774.987 98.6204
C01 799.976 97.91745
C01 824.988 96.3394
C01 850.022 94.141556
C01 869.967 90.92953
C01 875.002 89.85641
C01 899.999 82.50783
C01 919.999 73.88789
C01 925.012 71.10342
C01 949.965 57.885223
C01 975.002 43.55162
C01 999.976 26.437983
C01 1025.028 11.36244
C01 1050.014 3.9072835
C01 1075.002 2.0867178
C01 1099.99 1.5988548
C14 319.994 41.774746
C14 324.969 47.068108
C14 349.982 72.16731
C14 374.975 80.201744
C14 400.019 85.740486
C14 424.965 86.971344
C14 450.035 88.05381
C14 475.003 89.96022
C14 500.018 91.85281
C14 525.002 93.62125
C14 550.029 95.00954
C14 575.023 96.47165
C14 599.982 97.669044
C14 619.997 97.81283
C14 624.979 97.85164
C14 650.012 98.258095
C14 675.004 98.529785
C14 700.03 98.20267
C14 725.012 97.85653
C14 750.022 98.174644
C14 774.987 98.4231
C14 799.976 97.63887
C14 824.988 96.087875
C14 850.022 93.884254
C14 869.967 90.750305
C14 875.002 89.66859
C14 899.999 82.38631
C14 919.999 74.05507
C14 925.012 71.49684
C14 949.965 57.972225
C14 975.002 43.585148
C14 999.976 26.26801
C14 1025.028 11.235661
C14 1050.014 3.8544865
C14 1075.002 2.084443
C14 1099.99 1.6068265
C12 319.994 40.874
C12 324.969 46.046913
C12 349.982 70.47106
C12 374.975 78.53079
C12 400.019 84.80213
C12 424.965 86.40967
C12 450.035 87.689545
C12 475.003 89.710014
C12 500.018 91.672066
C12 525.002 93.49006
C12 550.029 94.90606
C12 575.023 96.38729
C12 599.982 97.587166
C12 619.997 97.73756
C12 624.979 97.78515
C12 650.012 98.19396
C12 675.004 98.46673
C12 700.03 98.153915
C12 725.012 97.8373
C12 750.022 98.196976
C12 774.987 98.48353
C12 799.976 97.715996
C12 824.988 96.18359
C12 850.022 93.99394
C12 869.967 90.79271
C12 875.002 89.74607
C12 899.999 82.74266
C12 919.999 74.29291
C12 925.012 71.5007
C12 949.965 57.972645
C12 975.002 43.608402
C12 999.976 26.43238
C12 1025.028 11.379688
C12 1050.014 3.8973165
C12 1075.002 2.0751195
C12 1099.99 1.597894
C10 319.994 nan
C10 324.969 nan
C10 349.982 nan
C10 374.975 nan
C10 400.019 nan
C10 424.965 nan
C10 450.035 nan
C10 475.003 nan
C10 500.018 nan
C10 525.002 nan
C10 550.029 nan
C10 575.023 nan
C10 599.982 nan
C10 619.997 nan
C10 624.979 nan
C10 650.012 nan
C10 675.004 nan
C10 700.03 nan
C10 725.012 nan
C10 750.022 nan
C10 774.987 nan
C10 799.976 nan
C10 824.988 nan
C10 850.022 nan
C10 869.967 nan
C10 875.002 nan
C10 899.999 nan
C10 919.999 nan
C10 925.012 nan
C10 949.965 nan
C10 975.002 nan
C10 999.976 nan
C10 1025.028 nan
C10 1050.014 nan
C10 1075.002 nan
C10 1099.99 nan
