lsstCam/transmission_filter_detector/r32_s21/g_6/19700101T000000.ecsv
# %ECSV 1.0
# ---
# datatype:
# - {name: wavelength, unit: nm, datatype: float32}
# - {name: efficiency, unit: '%', datatype: float64}
# meta: !!omap
# - {MODE: DETECTOR}
# - {TYPE: transmission_filter_detector}
# - {CALIBDATE: '1970-01-01T00:00:00'}
# - {INSTRUME: LSSTCam}
# - {OBSTYPE: transmission_filter_detector}
# - {CALIBCLS: lsst.ip.isr.IntermediateFilterDetectorTransmissionCurve}
# - {SOURCE: Materion (DM-46256)}
# - {DETECTOR: 142}
# - {FILTER: g_6}
# - {CALIB_ID: 'calibDate=1970-01-01T00:00:00 filter=g_6 detector=142'}
# - {DATE: '2025-04-02T15:59:42.684610'}
# - {CALIB_CREATION_DATE: '2025-04-02'}
# - {CALIB_CREATION_TIME: '15:59:42'}
# - __serialized_columns__:
#     efficiency:
#       __class__: astropy.units.quantity.Quantity
#       unit: !astropy.units.Unit {unit: '%'}
#       value: !astropy.table.SerializedColumn {name: efficiency}
#     wavelength:
#       __class__: astropy.units.quantity.Quantity
#       unit: !astropy.units.Unit {unit: nm}
#       value: !astropy.table.SerializedColumn {name: wavelength}
# schema: astropy-2.0
wavelength efficiency
300.0 0.33752007875591516
301.0 0.2929477486759424
302.0 0.2483753953129053
303.0 0.24261448998004198
304.0 0.23685360793024302
305.0 0.2275453181937337
306.0 0.21823702845722437
307.0 0.21219374611973763
308.0 0.20615046378225088
309.0 0.19759561400860548
310.0 0.18904076423496008
311.0 0.19091162830591202
312.0 0.19278248073533177
313.0 0.1909240847453475
314.0 0.18906568875536323
315.0 0.18343166448175907
316.0 0.17779766349121928
317.0 0.1734265824779868
318.0 0.16905550146475434
319.0 0.15670355642214417
320.0 0.14435163466259837
321.0 0.1353084691800177
322.0 0.12626530369743705
323.0 0.11457615764811635
324.0 0.10288701159879565
325.0 0.0920127087738365
326.0 0.08113840012811124
327.0 0.07435958832502365
328.0 0.06758077652193606
329.0 0.06261131493374705
330.0 0.05764185916632414
331.0 0.053852866403758526
332.0 0.05006386782042682
333.0 0.04680934071075171
334.0 0.0435548136010766
335.0 0.04153191403020173
336.0 0.03950901736970991
337.0 0.04027109534945339
338.0 0.041033170418813825
339.0 0.040033512050285935
340.0 0.039033853681758046
341.0 0.03729666641447693
342.0 0.03555948205757886
343.0 0.03242615202907473
344.0 0.029292822000570595
345.0 0.02585564216133207
346.0 0.022418466687668115
347.0 0.02055325167020783
348.0 0.018688038107939065
349.0 0.01732795499265194
350.0 0.138697715010494
351.0 1.2813651002943516
352.0 0.25969676207751036
353.0 0.8490650914609432
354.0 0.12755191419273615
355.0 0.805685855448246
356.0 0.15994433779269457
357.0 0.9419513866305351
358.0 0.09520286112092435
359.0 0.6812371779233217
360.0 0.1377846230752766
361.0 0.7091944571584463
362.0 0.10010658297687769
363.0 0.7425625342875719
364.0 0.0942054612096399
365.0 0.8476309478282928
366.0 0.12810685439035296
367.0 0.8600040338933468
368.0 0.09956808062270284
369.0 0.5826722830533981
370.0 0.10193859925493598
371.0 0.6079131737351418
372.0 0.10418029269203544
373.0 0.6461122538894415
374.0 0.13147257268428802
375.0 0.5878390744328499
376.0 0.13004589127376676
377.0 0.5445593502372503
378.0 0.10580637026578188
379.0 0.546333659440279
380.0 0.1654873718507588
381.0 0.4866089206188917
382.0 0.5644815973937511
383.0 0.5597001407295465
384.0 0.5921912845224142
385.0 0.5640191491693258
386.0 0.5962230730801821
387.0 0.7047059014439583
388.0 0.8792079985141754
389.0 1.151135377585888
390.0 1.6622859984636307
391.0 2.497355453670025
392.0 3.973165526986122
393.0 6.327453255653381
394.0 9.512560069561005
395.0 13.995921611785889
396.0 19.456425309181213
397.0 26.526612043380737
398.0 34.75646674633026
399.0 43.921005725860596
400.0 53.26415300369263
401.0 62.47479319572449
402.0 71.01428508758545
403.0 78.48594784736633
404.0 84.0635895729065
405.0 88.31626176834106
406.0 90.87841510772705
407.0 92.88023710250854
408.0 94.01154518127441
409.0 94.72648501396179
410.0 94.92052793502808
411.0 94.79466080665588
412.0 94.46264505386353
413.0 94.25281286239624
414.0 94.04944181442261
415.0 94.17545795440674
416.0 94.46946382522583
417.0 94.92712020874023
418.0 95.30917406082153
419.0 95.92559337615967
420.0 96.47603631019592
421.0 97.05731272697449
422.0 97.16653823852539
423.0 97.41255640983582
424.0 97.17029333114624
425.0 97.11043238639832
426.0 97.12668061256409
427.0 97.16868996620178
428.0 96.94283604621887
429.0 96.7824935913086
430.0 96.68187499046326
431.0 96.60887718200684
432.0 96.6759741306305
433.0 96.70934677124023
434.0 96.7813789844513
435.0 96.94714546203613
436.0 97.00170159339905
437.0 97.01056480407715
438.0 97.11204171180725
439.0 97.16914892196655
440.0 97.1065878868103
441.0 97.22139239311218
442.0 97.30117321014404
443.0 97.24459648132324
444.0 97.1858561038971
445.0 96.91100120544434
446.0 96.85234427452087
447.0 96.59428000450134
448.0 96.64825201034546
449.0 96.78198099136353
450.0 97.05909490585327
451.0 97.24535942077637
452.0 97.45594263076782
453.0 97.50970005989075
454.0 97.62377738952637
455.0 97.85407185554504
456.0 97.95364737510681
457.0 98.1198251247406
458.0 98.09368252754211
459.0 98.12267422676086
460.0 98.15393090248108
461.0 98.32462668418884
462.0 98.28585982322693
463.0 98.20245504379272
464.0 98.32409620285034
465.0 98.22155237197876
466.0 98.26668500900269
467.0 98.27482104301453
468.0 98.2703149318695
469.0 98.34449291229248
470.0 98.15800189971924
471.0 98.05721044540405
472.0 98.10879230499268
473.0 97.99813032150269
474.0 97.83424735069275
475.0 97.96570539474487
476.0 97.90295362472534
477.0 97.95547127723694
478.0 98.03754091262817
479.0 97.94092178344727
480.0 98.11835289001465
481.0 98.22871088981628
482.0 98.45454096794128
483.0 98.29533100128174
484.0 98.51638674736023
485.0 98.53489995002747
486.0 98.53354096412659
487.0 98.56352210044861
488.0 98.56976866722107
489.0 98.6920714378357
490.0 98.65745902061462
491.0 98.64901304244995
492.0 98.5642671585083
493.0 98.59433770179749
494.0 98.52803349494934
495.0 98.58888387680054
496.0 98.40525388717651
497.0 98.29890727996826
498.0 98.13278317451477
499.0 98.1553852558136
500.0 98.12188148498535
501.0 98.06984663009644
502.0 97.98586964607239
503.0 98.09049367904663
504.0 97.92095422744751
505.0 97.96717166900635
506.0 97.98242449760437
507.0 98.0009913444519
508.0 97.94230461120605
509.0 97.95648455619812
510.0 97.91452884674072
511.0 97.86547422409058
512.0 97.8160560131073
513.0 97.85410165786743
514.0 97.8481113910675
515.0 97.84826040267944
516.0 97.95235991477966
517.0 97.91488647460938
518.0 98.05324077606201
519.0 98.036128282547
520.0 98.08019995689392
521.0 98.24050664901733
522.0 98.2755720615387
523.0 98.25681447982788
524.0 98.26119542121887
525.0 98.24697375297546
526.0 98.3693540096283
527.0 98.33253026008606
528.0 98.43425750732422
529.0 98.5929548740387
530.0 98.51008653640747
531.0 98.69017601013184
532.0 98.55276942253113
533.0 98.5512912273407
534.0 98.60239028930664
535.0 98.40894937515259
536.0 98.0826735496521
537.0 97.68233895301819
538.0 96.88785076141357
539.0 95.62682509422302
540.0 94.01834011077881
541.0 91.51273369789124
542.0 88.81204128265381
543.0 85.26242971420288
544.0 80.75199723243713
545.0 76.75526738166809
546.0 71.81805968284607
547.0 67.19803810119629
548.0 62.54974007606506
549.0 58.296388387680054
550.0 54.9257755279541
551.0 51.66781544685364
552.0 49.22271370887756
553.0 46.69877588748932
554.0 43.90389323234558
555.0 40.88071584701538
556.0 36.81167960166931
557.0 32.103919982910156
558.0 26.838791370391846
559.0 21.52644544839859
560.0 16.274477541446686
561.0 11.33812591433525
562.0 7.441318035125732
563.0 4.481859505176544
564.0 2.501385845243931
565.0 0.7571391761302948
566.0 0.6526178680360317
567.0 0.27357873041182756
568.0 0.19564498215913773
569.0 0.08572142105549574
570.0 0.09318931843154132
571.0 0.03940314636565745
572.0 0.05408110446296632
573.0 0.019865084323100746
574.0 0.047917288611643016
575.0 0.015613836876582354
576.0 0.04384305502753705
577.0 0.011515524238348007
578.0 0.0377433723770082
579.0 0.010717443365138024
580.0 0.03492090618237853
581.0 0.011364393139956519
582.0 0.03520615282468498
583.0 0.009047272760653868
584.0 0.025858564185909927
585.0 0.004113581235287711
586.0 0.023610213247593492
587.0 0.004313472891226411
588.0 0.020325425430200994
589.0 0.006343251880025491
590.0 0.022375032131094486
591.0 0.004200738840154372
592.0 0.0157669564941898
593.0 0.005308202889864333
594.0 0.02798885980155319
595.0 0.001202758176077623
596.0 0.011281055776635185
597.0 0.003464488690951839
598.0 0.023589607735630125
599.0 0.00406560575356707
600.0 0.01970395678654313
601.0 0.002308068906131666
602.0 0.0022248359528020956
603.0 0.0021416031813714653
604.0 0.002107964610331692
605.0 0.002074325857392978
606.0 0.0020586163373081945
607.0 0.0020429066353244707
608.0 0.002040611252596136
609.0 0.0020383156879688613
610.0 0.002053108619293198
611.0 0.0020679010049207136
612.0 0.0019509752746671438
613.0 0.001834049544413574
614.0 0.0018854012523661368
615.0 0.0019367529603186995
616.0 0.0017118311006925069
617.0 0.001486909150116844
618.0 0.0016486888853251003
619.0 0.0018104687114828266
620.0 0.0016501255231560208
621.0 0.0014897822438797448
622.0 0.0015045699001348112
623.0 0.0015193574654404074
624.0 0.001590033934917301
625.0 0.0016607104043941945
626.0 0.0015252170669555198
627.0 0.0013897237295168452
628.0 0.0014187356100592297
629.0 0.0014477475815510843
630.0 0.001469748076488031
631.0 0.0014917487533239182
632.0 0.0014873829968564678
633.0 0.0014830171494395472
634.0 0.0014711328731209505
635.0 0.0014592483239539433
636.0 0.0014297062080004252
637.0 0.0014001641829963773
638.0 0.001334965054411441
639.0 0.001269766016775975
640.0 0.001305639398196945
641.0 0.001341512870567385
642.0 0.0013273082913656253
643.0 0.0013131036212143954
644.0 0.0012135062206652947
645.0 0.0011139090929646045
646.0 0.0011482957233965863
647.0 0.0011826821719296277
648.0 0.0011660908967314754
649.0 0.0011494997124827933
650.0 0.001185356541100191
651.0 0.0012212133697175886
652.0 0.0012040821275149938
653.0 0.001186950976261869
654.0 0.001180968502012547
655.0 0.0011749861187126953
656.0 0.0012189860171929467
657.0 0.0012629860066226684
658.0 0.0012106920621590689
659.0 0.001158397935796529
660.0 0.0010820575880643446
661.0 0.0010057168765342794
662.0 0.0010216293048870284
663.0 0.0010375417332397774
664.0 0.0011343841833877377
665.0 0.0012312265425862279
666.0 0.001207605964737013
667.0 0.001183985295938328
668.0 0.0011863234249176458
669.0 0.001188661281048553
670.0 0.0011335579984006472
671.0 0.0010784548067022115
672.0 0.000996453036350431
673.0 0.0009144515388470609
674.0 0.0010449559340486303
675.0 0.0011754602383007295
676.0 0.0011112785614386667
677.0 0.0010470968845766038
678.0 0.0010057480722025502
679.0 0.0009643991688790265
680.0 0.0009806234629650135
681.0 0.0009968478480004705
682.0 0.0009663042874308303
683.0 0.0009357610906590708
684.0 0.0008752429494052194
685.0 0.0008147247172018979
686.0 0.0008843026989779901
687.0 0.0009538805898046121
688.0 0.0009538593985780608
689.0 0.0009538380254525691
690.0 0.0010763048521766905
691.0 0.0011987715879513416
692.0 0.00110514492916991
693.0 0.0010115184522874188
694.0 0.0010350267984904349
695.0 0.0010585352356429212
696.0 0.0010714307791204192
697.0 0.0010843266863957979
698.0 0.001124431855714647
699.0 0.0011645370250334963
700.0 0.0011804655514424667
701.0 0.0011963939869019669
702.0 0.0011848501344502438
703.0 0.0011733061000995804
704.0 0.0011432694009272382
705.0 0.0011132326108054258
706.0 0.001027861890179338
707.0 0.0009424910786037799
708.0 0.0010040578672487754
709.0 0.0010656245649443008
710.0 0.001120264732890064
711.0 0.0011749048098863568
712.0 0.0011896803698618896
713.0 0.0012044558388879523
714.0 0.001317688474955503
715.0 0.0014309212929219939
716.0 0.0014253376320993993
717.0 0.0014197543350746855
718.0 0.0015896412151050754
719.0 0.0017595280951354653
720.0 0.0014927644770068582
721.0 0.0012260004950803705
722.0 0.0013253703400550876
723.0 0.001424740366928745
724.0 0.0014905619536875747
725.0 0.001556383358547464
726.0 0.0016533178495592438
727.0 0.0017502523405710235
728.0 0.0018766346329357475
729.0 0.002003017107199412
730.0 0.002003738518396858
731.0 0.0020044601114932448
732.0 0.0018140830434276722
733.0 0.0016237063391599804
734.0 0.0015236075341817923
735.0 0.0014235089111025445
736.0 0.0012504310689109843
737.0 0.001077353135769954
738.0 0.000987928160611773
739.0 0.0008985030945041217
740.0 0.0009291558853874449
741.0 0.0009598087672202382
742.0 0.0009282303835789207
743.0 0.0008966519999376033
744.0 0.0008403726496908348
745.0 0.0007840932084945962
746.0 0.0006671376922895433
747.0 0.0005501820851350203
748.0 0.0005792157026007771
749.0 0.0006082492745917989
750.0 0.0007812715011823457
751.0 0.0009542937732476275
752.0 0.0009661247531767003
753.0 0.0009779558240552433
754.0 0.000845123031467665
755.0 0.0007122899660316762
756.0 0.0007689462108828593
757.0 0.0008256022738351021
758.0 0.0008499384421156719
759.0 0.0008742747922951821
760.0 0.0009023321581480559
761.0 0.0009303896149503998
762.0 0.0008532017091056332
763.0 0.0007760138032608666
764.0 0.0006906280304974644
765.0 0.0006052424396330025
766.0 0.0006511826086352812
767.0 0.0006971227776375599
768.0 0.0006377196314133471
769.0 0.0005783164397143992
770.0 0.0005447694547910942
771.0 0.0005112225153425243
772.0 0.0005659112957800971
773.0 0.0006205999397934647
774.0 0.0006169821972434875
775.0 0.0006133645001682453
776.0 0.0005933255124546122
777.0 0.0005732862518925685
778.0 0.0005065456207375973
779.0 0.00043980503505736124
780.0 0.0005816977591166506
781.0 0.0007235906196001451
782.0 0.000626948849458131
783.0 0.000530307170265587
784.0 0.00037688434986193897
785.0 0.00022346157493302599
786.0 0.0003224027977921651
787.0 0.0004213439751765691
788.0 0.0004421511675900547
789.0 0.0004629583145288052
790.0 0.0004012327281088801
791.0 0.00033950720990105765
792.0 0.0003700370825754362
793.0 0.00040056693251244724
794.0 0.0003853525868180441
795.0 0.0003701381729115383
796.0 0.00042064721128554083
797.0 0.0004711563633463811
798.0 0.0003832769380096579
799.0 0.0002953975354103022
800.0 0.00033607673231017543
801.0 0.0003767559746847837
802.0 0.0004749566414830042
803.0 0.0005731573310185922
804.0 0.0005072275143902516
805.0 0.00044129774323664606
806.0 0.0004975619049218949
807.0 0.0005538261575566139
808.0 0.0005004207650927128
809.0 0.00044701541810354684
810.0 0.00038746275095036253
811.0 0.0003279100610598107
812.0 0.0003200045739504276
813.0 0.0003120990868410445
814.0 0.00039263959479285404
815.0 0.00047318008000729606
816.0 0.000551975836060592
817.0 0.0006307716830633581
818.0 0.0005329233317752369
819.0 0.00043507507143658586
820.0 0.000501521708429209
821.0 0.0005679684818460373
822.0 0.0005179945219424553
823.0 0.00046802047108940315
824.0 0.0004979473487765063
825.0 0.0005278743174130796
826.0 0.0005722227342630504
827.0 0.0006165711511130212
828.0 0.0004858007287111832
829.0 0.00035503023809724255
830.0 0.0003206975179637084
831.0 0.00028636477509280667
832.0 0.00031666402264818316
833.0 0.00034696322472882457
834.0 0.000401945226258249
835.0 0.00045692727326240856
836.0 0.0004998582880944014
837.0 0.0005427893029263942
838.0 0.00047411781451955903
839.0 0.0004054462806379888
840.0 0.00034367135413049255
841.0 0.00028189647309773136
842.0 0.0004628098395187408
843.0 0.00064372311499028
844.0 0.0006522909643535968
845.0 0.0006608588591916487
846.0 0.00045176052481110673
847.0 0.00024266216769319726
848.0 0.0003024200395884691
849.0 0.0003621779114837409
850.0 0.00027172311547474237
851.0 0.00018126836494047893
852.0 0.00015658165466447826
853.0 0.00013189493301979383
854.0 0.0002191904741266626
855.0 0.00030648602660221513
856.0 0.00033118840292445384
857.0 0.0003558908019840601
858.0 0.0004018672825623071
859.0 0.00044784374040318653
860.0 0.0005017458079237258
861.0 0.0005556478754442651
862.0 0.00042613164623617195
863.0 0.0002966154170280788
864.0 0.0003089420943069854
865.0 0.00032126877158589195
866.0 0.0004119312961847754
867.0 0.0005025937753089238
868.0 0.00048485599108971655
869.0 0.0004671181613957742
870.0 0.0004311581051297253
871.0 0.0003951980488636764
872.0 0.0004065370831085602
873.0 0.0004178761628281791
874.0 0.0005292616151564289
875.0 0.0006406470220099436
876.0 0.00042971323637175374
877.0 0.00021877942799619632
878.0 0.00035505829600879224
879.0 0.0004913371867587557
880.0 0.0005470977612276329
881.0 0.0006028581992723048
882.0 0.0004851212906942237
883.0 0.00036738438211614266
884.0 0.0004498670023167506
885.0 0.0005323495315678883
886.0 0.0005824994786962634
887.0 0.0006326492894004332
888.0 0.0005598792540695285
889.0 0.0004871091732638888
890.0 0.0005162139586900594
891.0 0.0005453187441162299
892.0 0.0005115529347676784
893.0 0.0004777871254191268
894.0 0.0005155786311661359
895.0 0.0005533700914384099
896.0 0.0005452372988656862
897.0 0.0005371045062929625
898.0 0.0005014959697291488
899.0 0.0004658873876906
900.0 0.00031014221804070985
901.0 0.00015439703702213592
902.0 0.0003965120868087979
903.0 0.0006386271252267761
904.0 0.0004873130819760263
905.0 0.00033599901598790893
