lsstCam/transmission_filter_detector/r32_s21/g_6/19700101T000000.ecsv
# %ECSV 1.0
# ---
# datatype:
# - {name: wavelength, unit: nm, datatype: float32}
# - {name: efficiency, unit: '%', datatype: float64}
# meta: !!omap
# - {MODE: DETECTOR}
# - {TYPE: transmission_filter_detector}
# - {CALIBDATE: '1970-01-01T00:00:00'}
# - {INSTRUME: LSSTCam}
# - {OBSTYPE: transmission_filter_detector}
# - {CALIBCLS: lsst.ip.isr.IntermediateFilterDetectorTransmissionCurve}
# - {SOURCE: Materion (DM-46256)}
# - {DETECTOR: 142}
# - {FILTER: g_6}
# - {CALIB_ID: 'calibDate=1970-01-01T00:00:00 filter=g_6 detector=142'}
# - {DATE: '2025-04-02T15:59:42.684610'}
# - {CALIB_CREATION_DATE: '2025-04-02'}
# - {CALIB_CREATION_TIME: '15:59:42'}
# - __serialized_columns__:
#     efficiency:
#       __class__: astropy.units.quantity.Quantity
#       unit: !astropy.units.Unit {unit: '%'}
#       value: !astropy.table.SerializedColumn {name: efficiency}
#     wavelength:
#       __class__: astropy.units.quantity.Quantity
#       unit: !astropy.units.Unit {unit: nm}
#       value: !astropy.table.SerializedColumn {name: wavelength}
# schema: astropy-2.0
wavelength efficiency
[from data line 607]
907.0 0.0002611988293210743
908.0 0.00033555697882547975
909.0 0.0004099151283298852
910.0 0.0003697326746987528
911.0 0.00032955022106762044
912.0 0.0003338288934173761
913.0 0.00033810756576713175
914.0 0.00043100762923131697
915.0 0.0005239077381702373
916.0 0.0004012580575363245
917.0 0.00027860846785188187
918.0 0.00036806748084927676
919.0 0.00045752653932140674
920.0 0.00041566049731045496
921.0 0.0003737944780368707
922.0 0.00038565749491681345
923.0 0.0003975205345341237
924.0 0.00041689295358082745
925.0 0.0004362653726275312
926.0 0.00037019988212705357
927.0 0.0003041343688892084
928.0 0.00037150111893424764
929.0 0.0004388678462419193
930.0 0.0004877484116150299
931.0 0.0005366290224628756
932.0 0.00044199191506777424
933.0 0.0003473546939858352
934.0 0.0004844997420150321
935.0 0.0006216447218321264
936.0 0.000644310466668685
937.0 0.0006669762115052436
938.0 0.0005504472937900573
939.0 0.0004339185579738114
940.0 0.0005856836651219055
941.0 0.0007374486358457943
942.0 0.0008180132681445684
943.0 0.0008985778549686074
944.0 0.0006996466254349798
945.0 0.0005007152594771469
946.0 0.0008880030691216234
947.0 0.0012752910151903052
948.0 0.0010688700967875775
949.0 0.0008624489964859094
950.0 0.0008172413799911737
951.0 0.000772033763496438
952.0 0.0008879716006049421
953.0 0.0010039096196123865
954.0 0.0010428214409330394
955.0 0.0010817331713042222
956.0 0.000861270927998703
957.0 0.0006408086846931837
958.0 0.0006356875019264407
959.0 0.0006305663646344328
960.0 0.0006863142061774852
961.0 0.0007420620022458024
962.0 0.0007577502856292995
963.0 0.0007734383871138562
964.0 0.0006767335889890091
965.0 0.000580028699914692
966.0 0.0005672741735907039
967.0 0.0005545196472667158
968.0 0.0006478996056102915
969.0 0.0007412795184791321
970.0 0.0006989279881963739
971.0 0.0006565762760146754
972.0 0.0006959302481845953
973.0 0.0007352842658292502
974.0 0.0006921709882590221
975.0 0.0006490577561635291
976.0 0.0007219945473480038
977.0 0.0007949312021082733
978.0 0.0008130839887598995
979.0 0.000831236411613645
980.0 0.0008445738785667345
981.0 0.0008579114364692941
982.0 0.0009270769623981323
983.0 0.0009962424883269705
984.0 0.001170020186691545
985.0 0.0013437979760055896
986.0 0.0013140938790456858
987.0 0.0012843900549341924
988.0 0.0012284054719202686
989.0 0.0011724208889063448
990.0 0.0012455876458261628
991.0 0.0013187546755943913
992.0 0.0012897990927740466
993.0 0.0012608434190042317
994.0 0.0013008405403525103
995.0 0.0013408378435997292
996.0 0.0013253722499939613
997.0 0.0013099066563881934
998.0 0.001309032359131379
999.0 0.001308158243773505
1000.0 0.0012747046639560722
1001.0 0.001241250993189169
1002.0 0.0012030000107188243
1003.0 0.0011647488463495392
1004.0 0.0012663652341871057
1005.0 0.001367981531075202
1006.0 0.0013701800526177976
1007.0 0.001372378937958274
1008.0 0.0013870018847228494
1009.0 0.0014016246495884843
1010.0 0.001434006480849348
1011.0 0.0014663885849586222
1012.0 0.0014791078683629166
1013.0 0.0014918269698682707
1014.0 0.0017699152522254735
1015.0 0.002048003807431087
1016.0 0.002108489570673555
1017.0 0.0021689755158149637
1018.0 0.0024365876015508547
1019.0 0.0027042000510846265
1020.0 0.002841095738403965
1021.0 0.0029779916076222435
1022.0 0.0032584386644884944
1023.0 0.003538886085152626
1024.0 0.003711640601977706
1025.0 0.0038843958463985473
1026.0 0.004166661892668344
1027.0 0.004448927938938141
1028.0 0.00453688990091905
1029.0 0.004624851862899959
1030.0 0.004763838296639733
1031.0 0.004902824730379507
1032.0 0.004951998562319204
1033.0 0.005001172758056782
1034.0 0.005132931983098388
1035.0 0.005264691571937874
1036.0 0.00548986135981977
1037.0 0.005715031147701666
1038.0 0.005682073242496699
1039.0 0.005649114973493852
1040.0 0.005828266512253322
1041.0 0.006007417687214911
1042.0 0.006108514207880944
1043.0 0.0062096114561427385
1044.0 0.0065606654970906675
1045.0 0.0069117195380385965
1046.0 0.007454317528754473
1047.0 0.007996914791874588
1048.0 0.008769887062953785
1049.0 0.009542860789224505
1050.0 0.010954368917737156
1051.0 0.012365875591058284
1052.0 0.014678384468425065
1053.0 0.016990893345791847
1054.0 0.020599942945409566
1055.0 0.02420898963464424
1056.0 0.028990767896175385
1057.0 0.033772538881748915
1058.0 0.04048913542646915
1059.0 0.047205734881572425
1060.0 0.05512707866728306
1061.0 0.06304841372184455
1062.0 0.07155758794397116
1063.0 0.08006677380762994
1064.0 0.0890818948391825
1065.0 0.09809702169150114
1066.0 0.10623919079080224
1067.0 0.11438135989010334
1068.0 0.12268308782950044
1069.0 0.13098481576889753
1070.0 0.14028839068487287
1071.0 0.14959193067625165
1072.0 0.15825536102056503
1073.0 0.16691877972334623
1074.0 0.17619543941691518
1075.0 0.18547209911048412
1076.0 0.19487382378429174
1077.0 0.20427557174116373
1078.0 0.21400903351604939
1079.0 0.22374247200787067
1080.0 0.23631039075553417
1081.0 0.2488782862201333
1082.0 0.2656729193404317
1083.0 0.2824675291776657
1084.0 0.31034075655043125
1085.0 0.3382139140740037
1086.0 0.3734577680006623
1087.0 0.40870155207812786
1088.0 0.45778127387166023
1089.0 0.5068609956651926
1090.0 0.5667784716933966
1091.0 0.626696040853858
1092.0 0.7000470533967018
1093.0 0.7733982056379318
1094.0 0.8498787879943848
1095.0 0.9263594634830952
1096.0 0.9801940992474556
1097.0 1.034028548747301
1098.0 1.1205270886421204
1099.0 1.207025907933712
1100.0 1.3408659026026726
1101.0 1.4747058041393757
