lsstCam/transmission_filter_detector/r42_s22/g_6/19700101T000000.ecsv
# %ECSV 1.0
# ---
# datatype:
# - {name: wavelength, unit: nm, datatype: float32}
# - {name: efficiency, unit: '%', datatype: float64}
# meta: !!omap
# - {MODE: DETECTOR}
# - {TYPE: transmission_filter_detector}
# - {CALIBDATE: '1970-01-01T00:00:00'}
# - {INSTRUME: LSSTCam}
# - {OBSTYPE: transmission_filter_detector}
# - {CALIBCLS: lsst.ip.isr.IntermediateFilterDetectorTransmissionCurve}
# - {SOURCE: Materion (DM-46256)}
# - {DETECTOR: 179}
# - {FILTER: g_6}
# - {CALIB_ID: 'calibDate=1970-01-01T00:00:00 filter=g_6 detector=179'}
# - {DATE: '2025-04-02T15:59:42.857551'}
# - {CALIB_CREATION_DATE: '2025-04-02'}
# - {CALIB_CREATION_TIME: '15:59:42'}
# - __serialized_columns__:
#     efficiency:
#       __class__: astropy.units.quantity.Quantity
#       unit: !astropy.units.Unit {unit: '%'}
#       value: !astropy.table.SerializedColumn {name: efficiency}
#     wavelength:
#       __class__: astropy.units.quantity.Quantity
#       unit: !astropy.units.Unit {unit: nm}
#       value: !astropy.table.SerializedColumn {name: wavelength}
# schema: astropy-2.0
wavelength efficiency
[from data line 607]
907.0 0.00028622466743399855
908.0 0.000280813105746347
909.0 0.0002754015213213279
910.0 0.0003482088686723728
911.0 0.0004210163297102554
912.0 0.00038435928217950277
913.0 0.0003477023028608528
914.0 0.0003707536052388605
915.0 0.0003938049303542357
916.0 0.00039017586459522136
917.0 0.00038654666241200175
918.0 0.0003407731810511905
919.0 0.0002949995860035415
920.0 0.0003288622792751994
921.0 0.0003627249725468573
922.0 0.00039722572182654403
923.0 0.0004317264028941281
924.0 0.00040081113183987327
925.0 0.0003698958607856184
926.0 0.0004001208253612276
927.0 0.0004303457444621017
928.0 0.0004020153482997557
929.0 0.00037368481571320444
930.0 0.00038087150642240886
931.0 0.0003880581516568782
932.0 0.00042414703784743324
933.0 0.0004602358330885181
934.0 0.00045189935917733237
935.0 0.00044356283979141153
936.0 0.0003360245500516612
937.0 0.00022848630578664597
938.0 0.00037949612305965275
939.0 0.0005305058948579244
940.0 0.0005631098247249611
941.0 0.0005957137091172626
942.0 0.0005254217740002787
943.0 0.00045512979340855964
944.0 0.0005125031748320907
945.0 0.0005698765562556218
946.0 0.0007538043064414524
947.0 0.0009377320566272829
948.0 0.00084547446022043
949.0 0.0007532170457125176
950.0 0.0007514473963965429
951.0 0.000749677610656363
952.0 0.0006305122042249423
953.0 0.0005113468432682566
954.0 0.0005933956344961189
955.0 0.0006754444711987162
956.0 0.0006814907010266325
957.0 0.000687537067278754
958.0 0.0006898335414007306
959.0 0.0006921299245732371
960.0 0.0006112417850090424
961.0 0.0005303536909195827
962.0 0.0005869281267223414
963.0 0.0006435024715756299
964.0 0.0006271640813793056
965.0 0.000610825554758776
966.0 0.0005959509962849552
967.0 0.0005810763468616642
968.0 0.0006503567419713363
969.0 0.0007196372280304786
970.0 0.0006893675617902773
971.0 0.0006590978955500759
972.0 0.0006886458777444204
973.0 0.0007181939508882351
974.0 0.0007372267646132968
975.0 0.0007562595328636235
976.0 0.0008143786544678733
977.0 0.000872497730597388
978.0 0.0009102726835408248
979.0 0.0009480475455347914
980.0 0.0009259337275580037
981.0 0.0009038200005306862
982.0 0.001133894966187654
983.0 0.001363969931844622
984.0 0.001430295014870353
985.0 0.0014966202797950245
986.0 0.0014787337931920774
987.0 0.0014608474884880707
988.0 0.0014545267731591593
989.0 0.0014482057849818375
990.0 0.0015673314919695258
991.0 0.0016864569261088036
992.0 0.001742484892020002
993.0 0.0017985128579312004
994.0 0.001816124131437391
995.0 0.001833735041145701
996.0 0.0017810378267313354
997.0 0.0017283407942159101
998.0 0.0016815003618830815
999.0 0.0016346599295502529
1000.0 0.0015583405911456794
1001.0 0.001482021343690576
1002.0 0.0014320872651296668
1003.0 0.0013821531865687575
1004.0 0.0014152506992104463
1005.0 0.0014483483028016053
1006.0 0.0014496613403025549
1007.0 0.0014509743778035045
1008.0 0.0013566841516876593
1009.0 0.0012623940165212844
1010.0 0.0013019000107306056
1011.0 0.0013414060049399268
1012.0 0.0011840107617899776
1013.0 0.001026615336741088
1014.0 0.0012050463737978134
1015.0 0.0013834777746524196
1016.0 0.0015927385902614333
1017.0 0.0018019993149209768
1018.0 0.001970979428733699
1019.0 0.0021399589968496002
1020.0 0.002175104964408092
1021.0 0.002210250931966584
1022.0 0.0024095112166833133
1023.0 0.0026087715014000423
1024.0 0.0028527323593152687
1025.0 0.0030966930353315547
1026.0 0.003147434108541347
1027.0 0.0031981748179532588
1028.0 0.003426098555792123
1029.0 0.0036540219298331067
1030.0 0.0037960493500577286
1031.0 0.0039380767702823505
1032.0 0.0041421462810831144
1033.0 0.004346215791883878
1034.0 0.0044331445678835735
1035.0 0.004520073707681149
1036.0 0.00464802906208206
1037.0 0.00477598441648297
1038.0 0.004866519884672016
1039.0 0.004957055352861062
1040.0 0.004987825377611443
1041.0 0.005018595402361825
1042.0 0.005296056406223215
1043.0 0.005573517773882486
1044.0 0.005877242801943794
1045.0 0.006180967466207221
1046.0 0.006373336509568617
1047.0 0.006565705552930012
1048.0 0.007057649781927466
1049.0 0.007549594738520682
1050.0 0.008251721010310575
1051.0 0.008953847282100469
1052.0 0.010220604599453509
1053.0 0.011487363371998072
1054.0 0.013129939907230437
1055.0 0.014772516442462802
1056.0 0.01753073593135923
1057.0 0.020288953965064138
1058.0 0.02454493660479784
1059.0 0.02880091778934002
1060.0 0.03485124034341425
1061.0 0.04090155998710543
1062.0 0.04884432419203222
1063.0 0.05678709130734205
1064.0 0.06609994452446699
1065.0 0.07541280938312411
1066.0 0.0850435986649245
1067.0 0.09467440540902317
1068.0 0.10397664736956358
1069.0 0.11327890679240227
1070.0 0.12233788147568703
1071.0 0.1313968561589718
1072.0 0.14150795759633183
1073.0 0.15161907067522407
1074.0 0.1616084249690175
1075.0 0.17159777926281095
1076.0 0.18153765704482794
1077.0 0.1914775464683771
1078.0 0.2004746114835143
1079.0 0.2094716764986515
1080.0 0.21893922239542007
1081.0 0.22840676829218864
1082.0 0.23819233756512403
1083.0 0.24797790683805943
1084.0 0.26121705304831266
1085.0 0.27445617597550154
1086.0 0.29428028501570225
1087.0 0.31410439405590296
1088.0 0.34769836347550154
1089.0 0.3812922863289714
1090.0 0.4266824573278427
1091.0 0.4720725119113922
1092.0 0.5241131410002708
1093.0 0.5761537700891495
1094.0 0.6595130544155836
1095.0 0.7428721990436316
1096.0 0.841053668409586
1097.0 0.9392349980771542
1098.0 0.9960156865417957
1099.0 1.0527963750064373
1100.0 1.1380542069673538
1101.0 1.2233121320605278
