lsstCam/transmission_filter_detector/r42_s22/g_6/19700101T000000.ecsv
# %ECSV 1.0
# ---
# datatype:
# - {name: wavelength, unit: nm, datatype: float32}
# - {name: efficiency, unit: '%', datatype: float64}
# meta: !!omap
# - {MODE: DETECTOR}
# - {TYPE: transmission_filter_detector}
# - {CALIBDATE: '1970-01-01T00:00:00'}
# - {INSTRUME: LSSTCam}
# - {OBSTYPE: transmission_filter_detector}
# - {CALIBCLS: lsst.ip.isr.IntermediateFilterDetectorTransmissionCurve}
# - {SOURCE: Materion (DM-46256)}
# - {DETECTOR: 179}
# - {FILTER: g_6}
# - {CALIB_ID: 'calibDate=1970-01-01T00:00:00 filter=g_6 detector=179'}
# - {DATE: '2025-04-02T15:59:42.857551'}
# - {CALIB_CREATION_DATE: '2025-04-02'}
# - {CALIB_CREATION_TIME: '15:59:42'}
# - __serialized_columns__:
#     efficiency:
#       __class__: astropy.units.quantity.Quantity
#       unit: !astropy.units.Unit {unit: '%'}
#       value: !astropy.table.SerializedColumn {name: efficiency}
#     wavelength:
#       __class__: astropy.units.quantity.Quantity
#       unit: !astropy.units.Unit {unit: nm}
#       value: !astropy.table.SerializedColumn {name: wavelength}
# schema: astropy-2.0
wavelength efficiency
300.0 0.35667766351252794
301.0 0.29974940698593855
302.0 0.24282117374241352
303.0 0.23356180172413588
304.0 0.2243024529889226
305.0 0.22197533398866653
306.0 0.21964823827147484
307.0 0.21016662940382957
308.0 0.20068499725311995
309.0 0.19451542757451534
310.0 0.18834585789591074
311.0 0.18797341035678983
312.0 0.1876009744592011
313.0 0.1883615623228252
314.0 0.18912216182798147
315.0 0.18259951611980796
316.0 0.17607684712857008
317.0 0.17486156430095434
318.0 0.17364626983180642
319.0 0.1572960172779858
320.0 0.14094572979956865
321.0 0.13252453645691276
322.0 0.12410333147272468
323.0 0.10934314923360944
324.0 0.09458296117372811
325.0 0.08481305558234453
326.0 0.07504315581172705
327.0 0.07062110234983265
328.0 0.06619905470870435
329.0 0.0603096152190119
330.0 0.05442016990855336
331.0 0.05121074500493705
332.0 0.0480013171909377
333.0 0.04526360717136413
334.0 0.042525894241407514
335.0 0.04078570054844022
336.0 0.03904550976585597
337.0 0.03938574809581041
338.0 0.039725989336147904
339.0 0.03937114670407027
340.0 0.039016304071992636
341.0 0.03691704769153148
342.0 0.03481779131107032
343.0 0.03143870853818953
344.0 0.028059622854925692
345.0 0.025136207113973796
346.0 0.022212784097064286
347.0 0.020646676421165466
348.0 0.019080568745266646
349.0 0.01708157215034589
350.0 0.30139593873173
351.0 0.8680296130478382
352.0 0.269236508756876
353.0 0.7982981391251087
354.0 0.31599104404449463
355.0 0.7405453827232122
356.0 0.218108668923378
357.0 0.786119606345892
358.0 0.3364220028743148
359.0 0.9592183865606785
360.0 0.34096294548362494
361.0 0.6653058342635632
362.0 0.3057768801227212
363.0 0.529152899980545
364.0 0.41071330197155476
365.0 0.6803328171372414
366.0 0.3206336172297597
367.0 0.6392957642674446
368.0 0.16500343335792422
369.0 0.6828133948147297
370.0 0.2778449561446905
371.0 0.56435726583004
372.0 0.18801584374159575
373.0 0.5842911079525948
374.0 0.19962543155997992
375.0 0.5308834370225668
376.0 0.2119177719578147
377.0 0.5650221835821867
378.0 0.24382183328270912
379.0 0.5372566170990467
380.0 0.19739812705665827
381.0 0.6080802995711565
382.0 0.5029491148889065
383.0 0.5891976412385702
384.0 0.5408445373177528
385.0 0.5762609653174877
386.0 0.6323969457298517
387.0 0.7764392998069525
388.0 0.9612490423023701
389.0 1.256178505718708
390.0 1.8971377983689308
391.0 3.072280064225197
392.0 4.709097743034363
393.0 7.514240592718124
394.0 11.352167278528214
395.0 16.379281878471375
396.0 22.63410985469818
397.0 30.256357789039612
398.0 39.15679156780243
399.0 48.656511306762695
400.0 58.07719826698303
401.0 66.86767339706421
402.0 74.77855086326599
403.0 81.23540878295898
404.0 85.79192161560059
405.0 89.10467624664307
406.0 90.94008207321167
407.0 92.43452548980713
408.0 93.25735569000244
409.0 93.58727931976318
410.0 93.64432692527771
411.0 93.41038465499878
412.0 93.14355850219727
413.0 92.90401935577393
414.0 92.72680878639221
415.0 93.04611682891846
416.0 93.4134840965271
417.0 93.74052286148071
418.0 94.28805708885193
419.0 94.82881426811218
420.0 95.32544612884521
421.0 95.85925936698914
422.0 95.92044353485107
423.0 96.13104462623596
424.0 95.88561654090881
425.0 95.83632349967957
426.0 95.72197198867798
427.0 95.71082592010498
428.0 95.5806016921997
429.0 95.42232751846313
430.0 95.35545706748962
431.0 95.43642401695251
432.0 95.54081559181213
433.0 95.58491110801697
434.0 95.63866853713989
435.0 95.79097032546997
436.0 95.7896888256073
437.0 95.75209617614746
438.0 95.86533904075623
439.0 95.96720933914185
440.0 95.98039984703064
441.0 96.1250901222229
442.0 96.02488875389099
443.0 96.0114061832428
444.0 95.88797688484192
445.0 95.56460976600647
446.0 95.47784924507141
447.0 95.29023170471191
448.0 95.38456201553345
449.0 95.58107852935791
450.0 95.853191614151
451.0 96.07377052307129
452.0 96.31326794624329
453.0 96.3811457157135
454.0 96.44274115562439
455.0 96.67413234710693
456.0 96.81521654129028
457.0 96.9463050365448
458.0 96.91780805587769
459.0 96.9839870929718
460.0 96.9522476196289
461.0 97.00183868408203
462.0 96.95254564285278
463.0 96.8364953994751
464.0 96.92753553390503
465.0 96.8432366847992
466.0 96.83989882469177
467.0 96.84396982192993
468.0 96.86882495880127
469.0 96.90560698509216
470.0 96.72886729240417
471.0 96.57378792762756
472.0 96.67800664901733
473.0 96.58433794975281
474.0 96.4270532131195
475.0 96.57058715820312
476.0 96.57990336418152
477.0 96.68190479278564
478.0 96.82996273040771
479.0 96.82828783988953
480.0 96.95461392402649
481.0 97.0333993434906
482.0 97.25741147994995
483.0 97.12631106376648
484.0 97.32412695884705
485.0 97.33092784881592
486.0 97.38106727600098
487.0 97.41706252098083
488.0 97.39139676094055
489.0 97.49942421913147
490.0 97.5091814994812
491.0 97.53378629684448
492.0 97.47031331062317
493.0 97.51586318016052
494.0 97.48176336288452
495.0 97.50257134437561
496.0 97.3808228969574
497.0 97.24979996681213
498.0 97.05979228019714
499.0 97.13340401649475
500.0 97.09829688072205
501.0 97.04751968383789
502.0 97.01313376426697
503.0 97.16354012489319
504.0 97.03152775764465
505.0 96.99050188064575
506.0 97.02829718589783
507.0 96.9652533531189
508.0 96.99959754943848
509.0 96.99636101722717
510.0 96.94156646728516
511.0 96.9277560710907
512.0 96.84165120124817
513.0 96.91485166549683
514.0 96.87872529029846
515.0 96.95789217948914
516.0 97.03078269958496
517.0 97.04756140708923
518.0 97.1575140953064
519.0 97.12768793106079
520.0 97.17942476272583
521.0 97.25209474563599
522.0 97.18555808067322
523.0 97.16857075691223
524.0 97.1770703792572
525.0 97.14064598083496
526.0 97.22495675086975
527.0 97.22983837127686
528.0 97.30033874511719
529.0 97.40161299705505
530.0 97.39267230033875
531.0 97.53313660621643
532.0 97.36710786819458
533.0 97.31007218360901
534.0 97.31823801994324
535.0 97.06460237503052
536.0 96.57734632492065
537.0 95.87461352348328
538.0 94.89907622337341
539.0 93.25500726699829
540.0 91.25862121582031
541.0 88.31928968429565
542.0 85.26819348335266
543.0 81.29118084907532
544.0 76.43290758132935
545.0 72.10593819618225
546.0 67.06587076187134
547.0 62.631624937057495
548.0 58.32256078720093
549.0 54.61154580116272
550.0 51.80705189704895
551.0 49.04879331588745
552.0 46.81689739227295
553.0 44.2876935005188
554.0 41.14280641078949
555.0 37.511199712753296
556.0 32.770031690597534
557.0 27.45031714439392
558.0 21.875113248825073
559.0 16.614806652069092
560.0 11.848047375679016
561.0 7.641756534576416
562.0 4.669465869665146
563.0 2.604203298687935
564.0 1.3697456568479538
565.0 0.5600592121481895
566.0 0.347312749363482
567.0 0.16795133706182241
568.0 0.13583472464233637
569.0 0.071185507113114
570.0 0.05750087439082563
571.0 0.03806103195529431
572.0 0.04881395143456757
573.0 0.023004517424851656
574.0 0.03244960098527372
575.0 0.017700485477689654
576.0 0.02997111587319523
577.0 0.014758638280909508
578.0 0.03127662348560989
579.0 0.016234786016866565
580.0 0.02074437798000872
581.0 0.013616798969451338
582.0 0.021009973715990782
583.0 0.011823792738141492
584.0 0.014247535727918148
585.0 0.003913576438208111
586.0 0.025016104336827993
587.0 0.011568412446649745
588.0 0.014328992983791977
589.0 0.005791128569399007
590.0 0.018004669982474297
591.0 0.007697854744037613
592.0 0.010094387107528746
593.0 0.0031528237741440535
594.0 0.007079434726620093
595.0 0.008519797847839072
596.0 0.006251103332033381
597.0 0.008833562606014311
598.0 0.01450550917070359
599.0 0.006962472252780572
600.0 0.010314825340174139
601.0 0.002037792182818521
602.0 0.0020524419596767984
603.0 0.0020670915546361357
604.0 0.002030479117820505
605.0 0.0019938666810048744
606.0 0.001893750777526293
607.0 0.0017936348740477115
608.0 0.0017356818716507405
609.0 0.0016777288692537695
610.0 0.00181637497007614
611.0 0.0019550210708985105
612.0 0.001909679122036323
613.0 0.001864337536972016
614.0 0.0017796672182157636
615.0 0.0016949970813584514
616.0 0.0017597983969608322
617.0 0.0018245995306642726
618.0 0.0016352456441381946
619.0 0.0014458915757131763
620.0 0.0013729389138461556
621.0 0.0012999861610296648
622.0 0.001397206142428331
623.0 0.0014944263966754079
624.0 0.001373353643430164
625.0 0.0012522809811343905
626.0 0.0012957113540323917
627.0 0.001339141817879863
628.0 0.0013258054423204158
629.0 0.0013124691577104386
630.0 0.0012720145605271682
631.0 0.0012315598723944277
632.0 0.0012737968972942326
633.0 0.0013160338312445674
634.0 0.001257457370229531
635.0 0.0011988809092144947
636.0 0.0011558354344742838
637.0 0.001112790050683543
638.0 0.0010796727110573556
639.0 0.001046555280481698
640.0 0.0011507869203342125
641.0 0.0012550187420856673
642.0 0.0012209553460706957
643.0 0.001186891950055724
644.0 0.0011411168998165522
645.0 0.0010953421224257909
646.0 0.0010998305697285105
647.0 0.0011043191079807002
648.0 0.0010811101674335077
649.0 0.0010579014997347258
650.0 0.0010515475878491998
651.0 0.0010451936759636737
652.0 0.00111850322355167
653.0 0.001191812589240726
654.0 0.0010247508726024535
655.0 0.0008576889740652405
656.0 0.0008819153663353063
657.0 0.0009061420314537827
658.0 0.0009522413165541366
659.0 0.0009983406016544905
660.0 0.00100163888419047
661.0 0.0010049371667264495
662.0 0.0010475041563040577
663.0 0.0010900714187300764
664.0 0.0009861104445008095
665.0 0.0008821491974231321
666.0 0.0008526272722519934
667.0 0.0008231052561313845
668.0 0.0008883032933226787
669.0 0.0009535013305139728
670.0 0.0010558482244960032
671.0 0.0011581950275285635
672.0 0.0011376898328308016
673.0 0.0011171850019309204
674.0 0.0010274347005179152
675.0 0.0009376844900543801
676.0 0.0009404840966453776
677.0 0.0009432836122869048
678.0 0.0009740625500853639
679.0 0.0010048413969343528
680.0 0.0010020926310971845
681.0 0.0009993438652600162
682.0 0.0009685072654974647
683.0 0.0009376707566843834
684.0 0.0009049776053871028
685.0 0.0008722846359887626
686.0 0.0009018815944727976
687.0 0.0009314787348557729
688.0 0.0009230548130290117
689.0 0.0009146308002527803
690.0 0.0009261899322154932
691.0 0.000937749064178206
692.0 0.0009134941137745045
693.0 0.000889239163370803
694.0 0.0009278959623770788
695.0 0.0009665528523328248
696.0 0.0009289911758969538
697.0 0.0008914294085116126
698.0 0.0009203856279782485
699.0 0.0009493417564954143
700.0 0.0010174231647397391
701.0 0.001085504572984064
702.0 0.0010407028639747296
703.0 0.0009959009730664548
704.0 0.0010073888915940188
705.0 0.0010188768101215828
706.0 0.0009497346582065802
707.0 0.0008805925062915776
708.0 0.0009865460015134886
709.0 0.0010924995876848698
710.0 0.001022730975819286
711.0 0.0009529623639537022
712.0 0.0009880183824861888
713.0 0.0010230744919681456
714.0 0.0010903781003435142
715.0 0.0011576816177694127
716.0 0.0012683088243647944
717.0 0.0013789362128591165
718.0 0.0013907948414271232
719.0 0.0014026531971467193
720.0 0.0011154418643855024
721.0 0.0008282304406748153
722.0 0.0009134828360402025
723.0 0.00099873532235506
724.0 0.001101281577575719
725.0 0.001203827832796378
726.0 0.001260804583580466
727.0 0.0013177812434150837
728.0 0.0014628148164774757
729.0 0.0016078483895398676
730.0 0.0016862613847479224
731.0 0.0017646743799559772
732.0 0.001667662763793487
733.0 0.0015706513295299374
734.0 0.0015666992112528533
735.0 0.0015627472748747095
736.0 0.001412054098182125
737.0 0.0012613611033884808
738.0 0.0011929361789952964
739.0 0.0011245112546021119
740.0 0.0012108544069633354
741.0 0.0012971973774256185
742.0 0.001284366771869827
743.0 0.0012715361663140357
744.0 0.001152852019004058
745.0 0.0010341679626435507
746.0 0.0010027496500697453
747.0 0.0009713312465464696
748.0 0.000908775382413296
749.0 0.0008462197001790628
750.0 0.0009066533493751194
751.0 0.0009670869985711761
752.0 0.0009394628250447568
753.0 0.0009118386515183374
754.0 0.0008337221515830606
755.0 0.0007556057880719891
756.0 0.0007278184966708068
757.0 0.0007000311597948894
758.0 0.0007308218300750013
759.0 0.0007616125913045835
760.0 0.0006930673407623544
761.0 0.0006245220447453903
762.0 0.0006312971436273074
763.0 0.0006380720606102841
764.0 0.0006203923476277851
765.0 0.0006027124527463457
766.0 0.0005734165824833326
767.0 0.0005441207576950546
768.0 0.0005030806732975179
769.0 0.00046204054342524614
770.0 0.0006022293291607639
771.0 0.0007424181148962816
772.0 0.0007341400305449497
773.0 0.0007258619916683529
774.0 0.0006659864993707743
775.0 0.0006061110525479307
776.0 0.0005995394531055354
777.0 0.0005929678991378751
778.0 0.0006652432603004854
779.0 0.0007375186669378309
780.0 0.0007243699656100944
781.0 0.0007112213552318281
782.0 0.000682239942761953
783.0 0.0006532585302920779
784.0 0.0006190925887494814
785.0 0.0005849266472068848
786.0 0.0005538827736017993
787.0 0.0005228389909461839
788.0 0.00044176472329127137
789.0 0.0003606905011110939
790.0 0.00029877903671149397
791.0 0.0002368675495745265
792.0 0.0002843110451067332
793.0 0.00033175454063893994
794.0 0.0002932916459030821
795.0 0.0002548287284298567
796.0 0.00032577620459051104
797.0 0.0003967236807511654
798.0 0.0003297208195363055
799.0 0.0002627179355840781
800.0 0.00031616016258340096
801.0 0.00036960234410798876
802.0 0.00031305139600590337
803.0 0.000256500447903818
804.0 0.000316746263706591
805.0 0.0003769921022467315
806.0 0.00030396900001505855
807.0 0.0002309458977833856
808.0 0.00029670839012396755
809.0 0.0003624708824645495
810.0 0.00031518486593995476
811.0 0.0002678988266779925
812.0 0.0002801737764457357
813.0 0.0002924487034761114
814.0 0.0004568093117995886
815.0 0.0006211699201230658
816.0 0.0004902930868411204
817.0 0.0003594162308218074
818.0 0.000409964786740602
819.0 0.00046051331992202904
820.0 0.00040826985241437797
821.0 0.0003560263849067269
822.0 0.00036574085697793635
823.0 0.00037545530631177826
824.0 0.000267844711743237
825.0 0.0001602341171746957
826.0 0.00027571816190175014
827.0 0.0003912022293661721
828.0 0.00040675304262549616
829.0 0.0004223038558848202
830.0 0.00044743555918103084
831.0 0.00047256721700250637
832.0 0.0004686317879531998
833.0 0.00046469635890389327
834.0 0.0004895481197308982
835.0 0.0005143999260326382
836.0 0.0004388708020997001
837.0 0.0003633416326920269
838.0 0.00035966809264209587
839.0 0.0003559945753295324
840.0 0.0004002527475677198
841.0 0.0004445109425432747
842.0 0.0004747051207232289
843.0 0.0005048992989031831
844.0 0.0004255826752341818
845.0 0.00034626605156518053
846.0 0.0003916030891559785
847.0 0.0004369400812720414
848.0 0.0004650770733860554
849.0 0.0004932140655000694
850.0 0.00045998772293387447
851.0 0.0004267614713171497
852.0 0.00034552499528217595
853.0 0.00026428858745930484
854.0 0.00029461057238222566
855.0 0.00032493264825461665
856.0 0.00031282172585633816
857.0 0.0003007108261954272
858.0 0.00028346303224680014
859.0 0.000266215192823438
860.0 0.0002466695150360465
861.0 0.00022712379177391995
862.0 0.00028482616016844986
863.0 0.00034252857403771486
864.0 0.0003242426373617491
865.0 0.00030595672342315083
866.0 0.00027116686851513805
867.0 0.0002363770363444928
868.0 0.0003181765350745991
869.0 0.00039997603380470537
870.0 0.0003325002580822911
871.0 0.0002650244596225093
872.0 0.0003301581045889179
873.0 0.000395291726817959
874.0 0.0003256273203078308
875.0 0.00025596286832296755
876.0 0.00028496845061454223
877.0 0.0003139740329061169
878.0 0.0003279246811871417
879.0 0.000341875352205534
880.0 0.00043984632611682173
881.0 0.0005378172772907419
882.0 0.0005351426352717681
883.0 0.000532467856828589
884.0 0.0004983189228369156
885.0 0.000464169897895772
886.0 0.00041937146306736395
887.0 0.0003745730964510585
888.0 0.0005123688424646389
889.0 0.0006501646112155868
890.0 0.0006076123554521473
891.0 0.0005650600542139728
892.0 0.0005042615612182999
893.0 0.00044346302274789196
894.0 0.0004362573235994205
895.0 0.00042905157897621393
896.0 0.0004531592367129633
897.0 0.0004772668944497127
898.0 0.0004022025223093806
899.0 0.0003271381274316809
900.0 0.0003197182422809419
901.0 0.00031229835713020293
902.0 0.00029300208552740514
903.0 0.0002737058366619749
904.0 0.00039215569813677575
905.0 0.0005106055596115766
