lsstCam/transmission_filter_detector/r24_s02/z_20/19700101T000000.ecsv
# %ECSV 1.0
# ---
# datatype:
# - {name: wavelength, unit: nm, datatype: float32}
# - {name: efficiency, unit: '%', datatype: float64}
# meta: !!omap
# - {MODE: DETECTOR}
# - {TYPE: transmission_filter_detector}
# - {CALIBDATE: '1970-01-01T00:00:00'}
# - {INSTRUME: LSSTCam}
# - {OBSTYPE: transmission_filter_detector}
# - {CALIBCLS: lsst.ip.isr.IntermediateFilterDetectorTransmissionCurve}
# - {SOURCE: Materion (DM-46256)}
# - {DETECTOR: 110}
# - {FILTER: z_20}
# - {CALIB_ID: 'calibDate=1970-01-01T00:00:00 filter=z_20 detector=110'}
# - {DATE: '2025-04-02T15:59:49.148859'}
# - {CALIB_CREATION_DATE: '2025-04-02'}
# - {CALIB_CREATION_TIME: '15:59:49'}
# - __serialized_columns__:
#     efficiency:
#       __class__: astropy.units.quantity.Quantity
#       unit: !astropy.units.Unit {unit: '%'}
#       value: !astropy.table.SerializedColumn {name: efficiency}
#     wavelength:
#       __class__: astropy.units.quantity.Quantity
#       unit: !astropy.units.Unit {unit: nm}
#       value: !astropy.table.SerializedColumn {name: wavelength}
# schema: astropy-2.0
wavelength efficiency
[from data line 598]
898.0 98.92973899841309
899.0 98.41726422309875
900.0 98.89786839485168
901.0 99.45778250694275
902.0 98.9666223526001
903.0 98.66122007369995
904.0 97.52545356750488
905.0 98.31847548484802
906.0 97.95895218849182
907.0 98.52859377861023
908.0 98.26062321662903
909.0 98.21864366531372
910.0 97.8750228881836
911.0 96.6725766658783
912.0 95.60810923576355
913.0 94.4381833076477
914.0 91.83759689331055
915.0 89.66223001480103
916.0 87.34325170516968
917.0 86.30817532539368
918.0 82.51667618751526
919.0 81.35665655136108
920.0 78.06309461593628
921.0 73.56734275817871
922.0 68.78244280815125
923.0 62.937355041503906
924.0 57.368314266204834
925.0 51.89962387084961
926.0 45.72875201702118
927.0 38.37669789791107
928.0 32.39072859287262
929.0 26.211726665496826
930.0 20.642931759357452
931.0 15.759912133216858
932.0 10.630574822425842
933.0 6.749735772609711
934.0 4.214487597346306
935.0 2.5903288275003433
936.0 1.5395080670714378
937.0 0.8577541448175907
938.0 0.40784948505461216
939.0 0.32296201679855585
940.0 0.12181756319478154
941.0 0.23257008288055658
942.0 0.01605784345883876
943.0 1.706775888156431e-10
944.0 1.706775888156431e-10
945.0 0.033942286972887814
946.0 1.706775888156431e-10
947.0 1.706775888156431e-10
948.0 1.706775888156431e-10
949.0 1.706775888156431e-10
950.0 1.706775888156431e-10
951.0 1.706775888156431e-10
952.0 0.15644440427422523
953.0 0.03452111268416047
954.0 0.08941615815274417
955.0 1.706775888156431e-10
956.0 1.706775888156431e-10
957.0 1.706775888156431e-10
958.0 1.706775888156431e-10
959.0 0.034202219103462994
960.0 1.706775888156431e-10
961.0 1.706775888156431e-10
962.0 0.042741571087390184
963.0 0.023852601589169353
964.0 1.706775888156431e-10
965.0 1.706775888156431e-10
966.0 0.0037467139918589965
967.0 1.706775888156431e-10
968.0 1.706775888156431e-10
969.0 1.706775888156431e-10
970.0 1.706775888156431e-10
971.0 0.08236051653511822
972.0 0.03128250245936215
973.0 1.706775888156431e-10
974.0 0.005849230728927068
975.0 1.706775888156431e-10
976.0 0.006204717647051439
977.0 0.006225322431419045
978.0 0.0062459301261696965
979.0 0.006057446444174275
980.0 0.005868961670785211
981.0 0.00573202851228416
982.0 0.00559509608137887
983.0 0.005481503831106238
984.0 0.005367912308429368
985.0 0.005076938032289036
986.0 0.004785962664755061
987.0 0.004820125832338817
988.0 0.004854288636124693
989.0 0.004749059371533804
990.0 0.004643830834538676
991.0 0.004780054587172344
992.0 0.0049162787036038935
993.0 0.004851851190323941
994.0 0.004787422949448228
995.0 0.004708119377028197
996.0 0.004628815804608166
997.0 0.004469813211471774
998.0 0.004310810982133262
999.0 0.004251270001986995
1000.0 0.004191729021840729
1001.0 0.0043896932766074315
1002.0 0.004587657531374134
1003.0 0.004487646947382018
1004.0 0.004387635999592021
1005.0 0.004243279545335099
1006.0 0.004098923091078177
1007.0 0.004145806087763049
1008.0 0.00419268908444792
1009.0 0.004286420517018996
1010.0 0.004380151585792191
1011.0 0.0044437783799367025
1012.0 0.004507405174081214
1013.0 0.004338359212852083
1014.0 0.004169312887825072
1015.0 0.004334240293246694
1016.0 0.004499167334870435
1017.0 0.004778328366228379
1018.0 0.005057489761384204
1019.0 0.004786507997778244
1020.0 0.004515525870374404
1021.0 0.004601141336024739
1022.0 0.004686756801675074
1023.0 0.004549312143353745
1024.0 0.004411867121234536
1025.0 0.0045990302169229835
1026.0 0.00478619294881355
1027.0 0.004763627657666802
1028.0 0.004741062366520055
1029.0 0.004758876821142621
1030.0 0.004776691639563069
1031.0 0.004777290087076835
1032.0 0.004777888534590602
1033.0 0.00492142207804136
1034.0 0.00506495671288576
1035.0 0.005205600973567925
1036.0 0.005346245598047972
1037.0 0.00546333467354998
1038.0 0.005580423021456227
1039.0 0.005379479989642277
1040.0 0.005178536594030447
1041.0 0.005636712739942595
1042.0 0.006094889249652624
1043.0 0.005489918839884922
1044.0 0.004884949157712981
1045.0 0.00565849659324158
1046.0 0.0064320440287701786
1047.0 0.0062299935962073505
1048.0 0.00602794207225088
1049.0 0.0060641203162958845
1050.0 0.0061002989241387695
1051.0 0.006397772813215852
1052.0 0.006695248885080218
1053.0 0.006683111860183999
1054.0 0.00667097483528778
1055.0 0.007439427281497046
1056.0 0.008207879727706313
1057.0 0.007973681931616738
1058.0 0.007739484135527164
1059.0 0.007667167665204033
1060.0 0.0075948490120936185
1061.0 0.008349423296749592
1062.0 0.009103997581405565
1063.0 0.008801138028502464
1064.0 0.008498278475599363
1065.0 0.008750009874347597
1066.0 0.009001744911074638
1067.0 0.009161377238342538
1068.0 0.009321012475993484
1069.0 0.010162961552850902
1070.0 0.011004911357304081
1071.0 0.010794655827339739
1072.0 0.010584400297375396
1073.0 0.010779971489682794
1074.0 0.010975542681990191
1075.0 0.011475901555968449
1076.0 0.011976264067925513
1077.0 0.012030281504848972
1078.0 0.01208429821417667
1079.0 0.013212960038799793
1080.0 0.014341622591018677
1081.0 0.014022948744241148
1082.0 0.013704277807846665
1083.0 0.013892051356378943
1084.0 0.01407982490491122
1085.0 0.01465327077312395
1086.0 0.015226718096528202
1087.0 0.0150645399116911
1088.0 0.014902364637237042
1089.0 0.016130412404891104
1090.0 0.017358461627736688
1091.0 0.017388086416758597
1092.0 0.017417705385014415
1093.0 0.01733930694172159
1094.0 0.017260904132854193
1095.0 0.01816233852878213
1096.0 0.019063777290284634
1097.0 0.019429302483331412
1098.0 0.019794830586761236
1099.0 0.021698854106944054
1100.0 0.023602874716743827
1101.0 0.023821111244615167
1102.0 0.024039346317294985
1103.0 0.02546791802160442
1104.0 0.02689648827072233
1105.0 0.02682833292055875
1106.0 0.026760183391161263
1107.0 0.02803273673634976
1108.0 0.02930529590230435
1109.0 0.030476783285848796
1110.0 0.03164827357977629
1111.0 0.03189255949109793
1112.0 0.03213684831280261
1113.0 0.03359251713845879
1114.0 0.0350481946952641
1115.0 0.033978879218921065
1116.0 0.03290957247372717
1117.0 0.03353407373651862
1118.0 0.03415857790969312
1119.0 0.03770074690692127
1120.0 0.04124291299376637
1121.0 0.04261903231963515
1122.0 0.04399515746627003
1123.0 0.04357323341537267
1124.0 0.04315130936447531
1125.0 0.043579647899605334
1126.0 0.04400798643473536
1127.0 0.04754741967190057
1128.0 0.05108684999868274
1129.0 0.0549976946786046
1130.0 0.05890853353776038
1131.0 0.058699684450402856
1132.0 0.05849082954227924
1133.0 0.06267654243856668
1134.0 0.06686225533485413
1135.0 0.06423884187825024
1136.0 0.061615416780114174
1137.0 0.06697354838252068
1138.0 0.07233168580569327
1139.0 0.07711597718298435
1140.0 0.08190023945644498
1141.0 0.0902652449440211
1142.0 0.09863022714853287
1143.0 0.11908331653103232
1144.0 0.13953637098893523
1145.0 0.26996799279004335
1146.0 0.4003996029496193
1147.0 0.8279494009912014
1148.0 1.255499292165041
1149.0 1.4352318830788136
1150.0 1.6149654984474182
