lsstCam/transmission_filter_detector/r24_s02/z_20/19700101T000000.ecsv
# %ECSV 1.0
# ---
# datatype:
# - {name: wavelength, unit: nm, datatype: float32}
# - {name: efficiency, unit: '%', datatype: float64}
# meta: !!omap
# - {MODE: DETECTOR}
# - {TYPE: transmission_filter_detector}
# - {CALIBDATE: '1970-01-01T00:00:00'}
# - {INSTRUME: LSSTCam}
# - {OBSTYPE: transmission_filter_detector}
# - {CALIBCLS: lsst.ip.isr.IntermediateFilterDetectorTransmissionCurve}
# - {SOURCE: Materion (DM-46256)}
# - {DETECTOR: 110}
# - {FILTER: z_20}
# - {CALIB_ID: 'calibDate=1970-01-01T00:00:00 filter=z_20 detector=110'}
# - {DATE: '2025-04-02T15:59:49.148859'}
# - {CALIB_CREATION_DATE: '2025-04-02'}
# - {CALIB_CREATION_TIME: '15:59:49'}
# - __serialized_columns__:
#     efficiency:
#       __class__: astropy.units.quantity.Quantity
#       unit: !astropy.units.Unit {unit: '%'}
#       value: !astropy.table.SerializedColumn {name: efficiency}
#     wavelength:
#       __class__: astropy.units.quantity.Quantity
#       unit: !astropy.units.Unit {unit: nm}
#       value: !astropy.table.SerializedColumn {name: wavelength}
# schema: astropy-2.0
wavelength efficiency
300.0 0.8584474213421345
301.0 0.580653129145503
302.0 0.3028589067980647
303.0 0.29651031363755465
304.0 0.2901616971939802
305.0 0.24562967009842396
306.0 0.20109759643673897
307.0 0.18343464471399784
308.0 0.1657717046327889
309.0 0.14615185791626573
310.0 0.12653199955821037
311.0 0.12606577947735786
312.0 0.12559957103803754
313.0 0.1099473680369556
314.0 0.0942951999604702
315.0 0.09457631385885179
316.0 0.09485742193646729
317.0 0.08008954464457929
318.0 0.06532168481498957
319.0 0.06451237131841481
320.0 0.06370305782184005
321.0 0.06335718790069222
322.0 0.0630113179795444
323.0 0.054857489885762334
324.0 0.04670366470236331
325.0 0.0435835390817374
326.0 0.040463413461111486
327.0 0.03891760716214776
328.0 0.037371800863184035
329.0 0.03335042274557054
330.0 0.02932904753834009
331.0 0.026960886316373944
332.0 0.024592728004790843
333.0 0.023613680968992412
334.0 0.02263462811242789
335.0 0.021328043658286333
336.0 0.020021457748953253
337.0 0.02420569071546197
338.0 0.028389919316396117
339.0 0.02411585592199117
340.0 0.019841798348352313
341.0 0.01685122260823846
342.0 0.013860648323316127
343.0 0.01354910054942593
344.0 0.013237555685918778
345.0 0.012755404168274254
346.0 0.012273251195438206
347.0 0.01148014998761937
348.0 0.010687050962587819
349.0 0.01319783623330295
350.0 0.01570862514199689
351.0 0.013091988512314856
352.0 0.01047534606186673
353.0 0.011097451351815835
354.0 0.011719556641764939
355.0 0.010073603334603831
356.0 0.00842765366542153
357.0 0.0093365742941387
358.0 0.010245496378047392
359.0 0.009939887968357652
360.0 0.009634278831072152
361.0 0.008789491403149441
362.0 0.007944707613205537
363.0 0.009238805796485394
364.0 0.010532904707361013
365.0 0.010159183148061857
366.0 0.009785465226741508
367.0 0.008570523641537875
368.0 0.007355581328738481
369.0 0.007822021143510938
370.0 0.008288461685879156
371.0 0.00817665713839233
372.0 0.008064853318501264
373.0 0.007101432856870815
374.0 0.006138013850431889
375.0 0.006431817018892616
376.0 0.006725620187353343
377.0 0.007009248656686395
378.0 0.007292876398423687
379.0 0.006217267218744382
380.0 0.005141658039065078
381.0 0.0032550808100495487
382.0 0.00136850376293296
383.0 0.0035260076401755214
384.0 0.005683511699317023
385.0 0.005476065780385397
386.0 0.005268620589049533
387.0 0.0058761790569406
388.0 0.006483738252427429
389.0 0.0056987635616678745
390.0 0.004913790326099843
391.0 0.004569387238007039
392.0 0.004224984149914235
393.0 0.004689057459472679
394.0 0.005153131496626884
395.0 0.004275944593246095
396.0 0.0033987569622695446
397.0 0.0035564571589929983
398.0 0.0037141569919185713
399.0 0.003985888179158792
400.0 0.0042576193663990125
401.0 0.004673212970374152
402.0 0.005088806574349292
403.0 0.00506987635162659
404.0 0.005050946128903888
405.0 0.0039478112739743665
406.0 0.002844676964741666
407.0 0.001578785122546833
408.0 0.0003128938715235563
409.0 0.001956358210009057
410.0 0.0035998229577671736
411.0 0.004133468610234559
412.0 0.004667113898904063
413.0 0.00439587929577101
414.0 0.004124643965042196
415.0 0.0035025670513277873
416.0 0.0028804901376133785
417.0 0.0038637859688606113
418.0 0.004847082163905725
419.0 0.00433167333540041
420.0 0.003816264870692976
421.0 0.0037047462683403865
422.0 0.0035932283935835585
423.0 0.003448650022619404
424.0 0.003304073106846772
425.0 0.0024429757104371674
426.0 0.001581878495926503
427.0 0.0017595593817532063
428.0 0.0019372402675799094
429.0 0.0012639542546821758
430.0 0.0005906686055823229
431.0 0.0007415158052026527
432.0 0.0008923630957724527
433.0 0.0007102912150003249
434.0 0.0005282196980260778
435.0 0.0011717246707121376
436.0 0.0018152297343476675
437.0 0.0019688734028022736
438.0 0.0021225168893579394
439.0 0.0021198669855948538
440.0 0.0021172172637307085
441.0 0.001613667882338632
442.0 0.0011101187737949658
443.0 0.002213446350651793
444.0 0.0033167740184580907
445.0 0.003254305192967877
446.0 0.0031918367312755436
447.0 0.0025317076506325975
448.0 0.001871578388090711
449.0 0.0025299485059804283
450.0 0.003188318805769086
451.0 0.0024399902031291276
452.0 0.0016916610547923483
453.0 0.0016954665625235066
454.0 0.0016992724340525456
455.0 0.002336737816222012
456.0 0.002974203380290419
457.0 0.002187003701692447
458.0 0.001399803932145005
459.0 0.0015428016922669485
460.0 0.0016857997252373025
461.0 0.0007556255695817526
462.0 1.706775888156431e-10
463.0 0.0008883249392965809
464.0 0.0019511986465658993
465.0 0.002172332096961327
466.0 0.0023934655473567545
467.0 0.002095113813993521
468.0 0.0017967613530345261
469.0 0.0016468457033624873
470.0 0.001496929871791508
471.0 0.001400142446073005
472.0 0.0013033552932029124
473.0 0.0012473444257921074
474.0 0.001191333467431832
475.0 0.0010806989848788362
476.0 0.0009700645932753105
477.0 0.0012503412108344492
478.0 0.0015306175555451773
479.0 0.0018489699868950993
480.0 0.0021673224182450213
481.0 0.001719272586342413
482.0 0.0012712226634903345
483.0 0.0008715093827049714
484.0 0.00047179619286907837
485.0 0.001255162260349607
486.0 0.002038528327830136
487.0 0.0014736612683918793
488.0 0.0009087943908525631
489.0 0.0016479953046655282
490.0 0.0023871964003774337
491.0 0.0022299667762126774
492.0 0.0020727369701489806
493.0 0.0019755123503273353
494.0 0.0018782880943035707
495.0 0.0016519437849638052
496.0 0.0014255992027756292
497.0 0.001278952095162822
498.0 0.0011323052603984252
499.0 0.0012580943803186528
500.0 0.0013838836821378209
501.0 0.0009622152902011294
502.0 0.0005405468073149677
503.0 0.0012911968042317312
504.0 0.002041846892097965
505.0 0.002215623862866778
506.0 0.0023894006517366506
507.0 0.0022820318918093108
508.0 0.00217466276808409
509.0 0.0018786251530400477
510.0 0.0015825880836928263
511.0 0.0012960089406988118
512.0 0.0010094299796037376
513.0 0.0013499105989467353
514.0 0.0016903915820876136
515.0 0.0013272590877022594
516.0 0.0009641271390137263
517.0 0.0009222347216564231
518.0 0.0008803423042991199
519.0 0.001091444028133992
520.0 0.0013025454791204538
521.0 0.0016740472347009927
522.0 0.0020455490812310018
523.0 0.0013637500160257332
524.0 0.0006819510872446699
525.0 0.0007768603609292768
526.0 0.000871769771038089
527.0 0.0012249043720657937
528.0 0.0015780393368913792
529.0 0.001354593496216694
530.0 0.0011311470188957173
531.0 0.0011118879228888545
532.0 0.0010926287359325215
533.0 0.0008095135854091495
534.0 0.0005263983894110424
535.0 0.0011022433682228439
536.0 0.0016780883015599102
537.0 0.0017541222405270673
538.0 0.0018301559975952841
539.0 0.0012876274922746234
540.0 0.0007450985776813468
541.0 0.0007896648639871273
542.0 0.0008342312867171131
543.0 0.0012249915926076937
544.0 0.001615751716599334
545.0 0.0010958119673887268
546.0 0.0005758725365012651
547.0 0.0012232452718308195
548.0 0.0018706175978877582
549.0 0.0017222651877091266
550.0 0.0015739124137326144
551.0 0.0015763829651405104
552.0 0.0015788531527505256
553.0 0.001352712934021838
554.0 0.0011265723514952697
555.0 0.0010455117262608837
556.0 0.000964451191975968
557.0 0.0013393160770647228
558.0 0.0017141808712040074
559.0 0.0017411111912224442
560.0 0.0017680407836451195
561.0 0.0016035750377341174
562.0 0.0014391091099241748
563.0 0.0012029207937303
564.0 0.0009667326594353653
565.0 0.0017830780052463524
566.0 0.0025994238967541605
567.0 0.002912881609518081
568.0 0.0032263389584841207
569.0 0.003034965084225405
570.0 0.0028435912099666893
571.0 0.0026555408112471923
572.0 0.0024674898668308742
573.0 0.0020109770048293285
574.0 0.0015544643247267231
575.0 0.002016940197790973
576.0 0.002479415707057342
577.0 0.00208168330573244
578.0 0.0016839512682054192
579.0 0.0017908252630149946
580.0 0.0018976990759256296
581.0 0.0016976209735730663
582.0 0.0014975427802710328
583.0 0.0019154396795784123
584.0 0.0023333364879363216
585.0 0.002523585317248944
586.0 0.002713834328460507
587.0 0.002149019928765483
588.0 0.0015842049833736382
589.0 0.0021950800146441907
590.0 0.0028059552278136835
591.0 0.0019449977116892114
592.0 0.0010840401046152692
593.0 0.0008384306966036092
594.0 0.000592821152167744
595.0 0.0010261037459713407
596.0 0.001459386203350732
597.0 0.0013205682080297265
598.0 0.0011817501217592508
599.0 0.0008855899068294093
600.0 0.000589429782849038
601.0 0.0005136932031746255
602.0 0.00043795657802547794
603.0 0.0009542075531498995
604.0 0.001470458028052235
605.0 0.0009357402632304002
606.0 0.0004010221800854197
607.0 0.0007907793587946799
608.0 0.0011805364010797348
609.0 0.0012173700270068366
610.0 0.001254203471034998
611.0 0.0010439332072564866
612.0 0.0008336627615790349
613.0 0.0008259498827101197
614.0 0.0008182370038412046
615.0 0.0012714204785879701
616.0 0.0017246042261831462
617.0 0.0021965184714645147
618.0 0.002668432534846943
619.0 0.002235614556411747
620.0 0.0018027960322797298
621.0 0.0014786721294512972
622.0 0.0011545477718755137
623.0 0.0014989632290962618
624.0 0.00184337877726648
625.0 0.0016136486010509543
626.0 0.0013839185157848988
627.0 0.0018295211702934466
628.0 0.0022751242795493454
629.0 0.002123090780514758
630.0 0.001971057463379111
631.0 0.0017061674952856265
632.0 0.0014412773452932015
633.0 0.0018292872482561506
634.0 0.00221729733311804
635.0 0.005183300527278334
636.0 0.008149303175741807
637.0 0.015403222641907632
638.0 0.022657144290860742
639.0 0.019722087017726153
640.0 0.01678702683420852
641.0 0.014537209062837064
642.0 0.012287392746657133
643.0 0.009845736349234357
644.0 0.007404079951811582
645.0 0.0066886263084597886
646.0 0.005973173028905876
647.0 0.005497285019373521
648.0 0.005021396646043286
649.0 0.004093757524969988
650.0 0.003166119131492451
651.0 0.0035894507163902745
652.0 0.004012782665085979
653.0 0.0032885025575524196
654.0 0.0025642219043220393
655.0 0.002778204179776367
656.0 0.0029921870009275153
657.0 0.002914717151725199
658.0 0.002837246938725002
659.0 0.002716032031457871
660.0 0.0025948173060896806
661.0 0.002728366780502256
662.0 0.0028619158911169507
663.0 0.002023703018494416
664.0 0.0011854900549224112
665.0 0.0016239822798524983
666.0 0.002062474777630996
667.0 0.0023364118533208966
668.0 0.0026103491109097376
669.0 0.0019265504306531511
670.0 0.0012427517503965646
671.0 0.0009659720490162726
672.0 0.0006891923931107158
673.0 0.001351693572360091
674.0 0.0020141949789831415
675.0 0.0021028785340604372
676.0 0.0021915617253398523
677.0 0.0019013041310245171
678.0 0.0016110461729113013
679.0 0.0013425687029666733
680.0 0.001074091051123105
681.0 0.0011777746294683311
682.0 0.001281458116864087
683.0 0.002376055454078596
684.0 0.0034706528822425753
685.0 0.0028886714062537067
686.0 0.0023066901121637784
687.0 0.001698382584436331
688.0 0.0010900748748099431
689.0 0.0014642568203271367
690.0 0.0018384384020464495
691.0 0.0021413585272966884
692.0 0.0024442782887490466
693.0 0.002788379424600862
694.0 0.0031324805604526773
695.0 0.003298441879451275
696.0 0.0034644028346519917
697.0 0.0037435580452438444
698.0 0.004022713255835697
699.0 0.005923652497585863
700.0 0.00782459246693179
701.0 0.007407604425679892
702.0 0.006990617112023756
703.0 0.006413722439901903
704.0 0.005836825584992766
705.0 0.0052279832743806764
706.0 0.004619141327566467
707.0 0.004345411798567511
708.0 0.004071681905770674
709.0 0.004218036701786332
710.0 0.00436439186159987
711.0 0.003940546957892366
712.0 0.0035167020541848615
713.0 0.0025235711291315965
714.0 0.0015304398402804509
715.0 0.002213539119111374
716.0 0.0028966380341444165
717.0 0.0025005912902997807
718.0 0.002104544182657264
719.0 0.0016698308172635734
720.0 0.0012351171790214721
721.0 0.0011638044270512182
722.0 0.0010924915841314942
723.0 0.0009658368981035892
724.0 0.0008391822120756842
725.0 0.0012427667570591439
726.0 0.0016463514839415438
727.0 0.0016799367585917935
728.0 0.0017135218513431028
729.0 0.0017323140127700754
730.0 0.001751106174197048
731.0 0.0012727389730571304
732.0 0.0007943719538161531
733.0 0.0008588676791987382
734.0 0.0009233630407834426
735.0 0.001026000336423749
736.0 0.0011286371773167048
737.0 0.0013210918950790074
738.0 0.0015135462490434293
739.0 0.001151916785602225
740.0 0.0007902872312115505
741.0 0.0009760905413713772
742.0 0.0011618936696322635
743.0 0.001506820262875408
744.0 0.001851746674219612
745.0 0.0012058738320774864
746.0 0.0005600009444606258
747.0 0.0010965729416057002
748.0 0.0016331448932760395
749.0 0.002339920865779277
750.0 0.0030466970201814547
751.0 0.003042745629500132
752.0 0.0030387942388188094
753.0 0.0029610086130560376
754.0 0.0028832233510911465
755.0 0.0019286135284346528
756.0 0.000974003614828689
757.0 0.0019213610357837752
758.0 0.002868718365789391
759.0 0.0027301537556922995
760.0 0.0025915889636962675
761.0 0.004484175951802172
762.0 0.006376763485604897
763.0 0.005801246879855171
764.0 0.0052257302741054446
765.0 0.005256675649434328
766.0 0.005287620660965331
767.0 0.004651478593586944
768.0 0.004015335434814915
769.0 0.0035944194678450003
770.0 0.0031735045922687277
771.0 0.003961291804444045
772.0 0.004749078652821481
773.0 0.003970276520703919
774.0 0.0031914743885863572
775.0 0.06256320630200207
776.0 1.706775888156431e-10
777.0 1.706775888156431e-10
778.0 0.0589013856370002
779.0 0.1011234475299716
780.0 0.04301329317968339
781.0 0.12428889749571681
782.0 1.706775888156431e-10
783.0 0.04895775928162038
784.0 0.12857724213972688
785.0 0.05669874371960759
786.0 1.706775888156431e-10
787.0 1.706775888156431e-10
788.0 0.12729645241051912
789.0 1.706775888156431e-10
790.0 0.047551351599395275
791.0 0.18878807313740253
792.0 0.02613307733554393
793.0 0.029192931833676994
794.0 0.0642777478788048
795.0 0.0604152271989733
796.0 0.10300636058673263
797.0 0.12150018010288477
798.0 0.11126556200906634
799.0 0.12687980197370052
800.0 0.2473350614309311
801.0 0.7982371374964714
802.0 1.3909690082073212
803.0 1.8699979409575462
804.0 3.207475319504738
805.0 4.850907623767853
806.0 6.615225225687027
807.0 9.162184596061707
808.0 11.759550869464874
809.0 14.82003778219223
810.0 18.34907978773117
811.0 21.315649151802063
812.0 24.671034514904022
813.0 28.657221794128418
814.0 33.05313587188721
815.0 38.43463659286499
816.0 44.324615597724915
817.0 50.71125030517578
818.0 57.341593503952026
819.0 63.90421390533447
820.0 72.01923131942749
821.0 78.55655550956726
822.0 83.78846645355225
823.0 87.91926503181458
824.0 91.77000522613525
825.0 95.07860541343689
826.0 96.61059975624084
827.0 97.6459801197052
828.0 99.30189251899719
829.0 99.35386180877686
830.0 98.63160252571106
831.0 98.59910011291504
832.0 98.45923185348511
833.0 99.24759864807129
834.0 97.86790609359741
835.0 99.28033351898193
836.0 98.94676208496094
837.0 98.80925416946411
838.0 98.04326295852661
839.0 98.2340157032013
840.0 98.64948391914368
841.0 99.57902431488037
842.0 99.22221302986145
843.0 99.36164021492004
844.0 97.9341208934784
845.0 97.96074032783508
846.0 98.82349371910095
847.0 98.8585352897644
848.0 99.55993890762329
849.0 98.62876534461975
850.0 98.54500889778137
851.0 98.9843487739563
852.0 99.13746118545532
853.0 98.74112606048584
854.0 99.59357380867004
855.0 98.66397380828857
856.0 98.80340099334717
857.0 98.0572760105133
858.0 98.67516160011292
859.0 98.99414777755737
860.0 98.66306185722351
861.0 98.85993599891663
862.0 98.81516098976135
863.0 98.19238781929016
864.0 99.23591613769531
865.0 99.73957538604736
866.0 98.58560562133789
867.0 99.33788180351257
868.0 99.5035171508789
869.0 98.90369176864624
870.0 98.34544062614441
871.0 98.9666759967804
872.0 98.8580048084259
873.0 99.10098314285278
874.0 99.30393695831299
875.0 98.73569011688232
876.0 98.86876344680786
877.0 99.68224167823792
878.0 98.67616891860962
879.0 98.41096997261047
880.0 98.25375080108643
881.0 99.65203404426575
882.0 98.7030565738678
883.0 98.64266514778137
884.0 99.36098456382751
885.0 99.11823868751526
886.0 98.7556517124176
887.0 98.42303991317749
888.0 99.0582525730133
889.0 99.49987530708313
890.0 98.25745820999146
891.0 99.16208386421204
892.0 98.76975417137146
893.0 98.72817993164062
894.0 98.06566834449768
895.0 99.50287342071533
896.0 98.91241788864136
