lsstCam/transmission_filter_detector/r02_s10/r_57/19700101T000000.ecsv
# %ECSV 1.0
# ---
# datatype:
# - {name: wavelength, unit: nm, datatype: float32}
# - {name: efficiency, unit: '%', datatype: float64}
# meta: !!omap
# - {MODE: DETECTOR}
# - {TYPE: transmission_filter_detector}
# - {CALIBDATE: '1970-01-01T00:00:00'}
# - {INSTRUME: LSSTCam}
# - {OBSTYPE: transmission_filter_detector}
# - {CALIBCLS: lsst.ip.isr.IntermediateFilterDetectorTransmissionCurve}
# - {SOURCE: Materion (DM-46256)}
# - {DETECTOR: 12}
# - {FILTER: r_57}
# - {CALIB_ID: 'calibDate=1970-01-01T00:00:00 filter=r_57 detector=12'}
# - {DATE: '2025-04-02T15:59:44.240796'}
# - {CALIB_CREATION_DATE: '2025-04-02'}
# - {CALIB_CREATION_TIME: '15:59:44'}
# - __serialized_columns__:
#     efficiency:
#       __class__: astropy.units.quantity.Quantity
#       unit: !astropy.units.Unit {unit: '%'}
#       value: !astropy.table.SerializedColumn {name: efficiency}
#     wavelength:
#       __class__: astropy.units.quantity.Quantity
#       unit: !astropy.units.Unit {unit: nm}
#       value: !astropy.table.SerializedColumn {name: wavelength}
# schema: astropy-2.0
wavelength efficiency
300.0 0.00244816856138641
301.0 0.006965900684008375
302.0 0.01148363298852928
303.0 0.013111669977661222
304.0 0.01473970478400588
305.0 0.013719995331484824
306.0 0.012700285878963768
307.0 0.011727958190022036
308.0 0.010755631228676066
309.0 0.009569730900693685
310.0 0.008383829845115542
311.0 0.007822635961929336
312.0 0.007261442806338891
313.0 0.0072077440563589334
314.0 0.007154046033974737
315.0 0.006343599670799449
316.0 0.0055331525800284
317.0 0.00472069441457279
318.0 0.003908236249117181
319.0 0.003914239277946763
320.0 0.0039202426705742255
321.0 0.003870513683068566
322.0 0.0038207832403713837
323.0 0.003708989970618859
324.0 0.003597196700866334
325.0 0.0034352935472270474
326.0 0.00327339002978988
327.0 0.0031995921744965017
328.0 0.003125796138192527
329.0 0.0030865598091622815
330.0 0.0030473236620309763
331.0 0.0029599514164146967
332.0 0.002872579170798417
333.0 0.0024674371161381714
334.0 0.002062294697680045
335.0 0.0018682294466998428
336.0 0.001674164377618581
337.0 0.0014747970453754533
338.0 0.0012754298040817957
339.0 0.0011856965102197137
340.0 0.0010959632163576316
341.0 0.001092886031983653
342.0 0.0010898088476096746
343.0 0.001096335290640127
344.0 0.0011028620065189898
345.0 0.0010778489922813606
346.0 0.0010528359780437313
347.0 0.0009743048394739162
348.0 0.000895773609954631
349.0 0.0008389145477849524
350.0 0.005622503886115737
351.0 0.005783816595794633
352.0 0.0059451296692714095
353.0 0.005340601273928769
354.0 0.0047360739699797705
355.0 0.005176089689484797
356.0 0.005616106864181347
357.0 0.007029676635283977
358.0 0.008443247497780249
359.0 0.006106511136749759
360.0 0.00376977477571927
361.0 0.002736098031164147
362.0 0.0017024212866090238
363.0 0.0029473132599378005
364.0 0.004192205233266577
365.0 0.004087518755113706
366.0 0.003982832276960835
367.0 0.0033460066333645955
368.0 0.0027091808078694157
369.0 0.002172199856431689
370.0 0.0016352189049939625
371.0 0.002268774187541567
372.0 0.002902329470089171
373.0 0.0034353957744315267
374.0 0.003968461896874942
375.0 0.003669445140985772
376.0 0.003370428748894483
377.0 0.001522535785625223
378.0 1.6459279685715478e-10
379.0 0.000877851289260434
380.0 0.002081059938063845
381.0 0.002773392407107167
382.0 0.003465724876150489
383.0 0.003399619527044706
384.0 0.0033335141779389232
385.0 0.0043158524931641296
386.0 0.005298189716995694
387.0 0.004846933006774634
388.0 0.0043956762965535745
389.0 0.0037417416024254635
390.0 0.003087806180701591
391.0 0.00210434718610486
392.0 0.0011208880096091889
393.0 0.0013811949429509696
394.0 0.0016415015124948695
395.0 0.0011037614967790432
396.0 0.0005660213446390117
397.0 0.000623052710579941
398.0 0.0006800844857934862
399.0 0.0005695898380508879
400.0 0.000459094871985144
401.0 0.00014080090977586224
402.0 1.6459279685715478e-10
403.0 0.00011163389217472286
404.0 0.0004007617008028319
405.0 0.0008608643838670105
406.0 0.0013209669305069838
407.0 0.0018904434909927659
408.0 0.0024599197786301374
409.0 0.001995222373807337
410.0 0.0015305249689845368
411.0 0.0011291176633676514
412.0 0.0007277105851244414
413.0 0.0006227882295206655
414.0 0.0005178658739168895
415.0 0.0005525613687495934
416.0 0.0005872571819054428
417.0 0.001165415142168058
418.0 0.0017435735571780242
419.0 0.0022058926333556883
420.0 0.0026682117095333524
421.0 0.004204337892588228
422.0 0.0057404635299462825
423.0 0.008988627814687788
424.0 0.012236791371833533
425.0 0.016592442989349365
426.0 0.020948091696482152
427.0 0.021358336380217224
428.0 0.021768581063952297
429.0 0.016554654575884342
430.0 0.011340725905029103
431.0 0.008100960258161649
432.0 0.00486119206470903
433.0 0.004006113522336818
434.0 0.0031510346161667258
435.0 0.0024741497327340767
436.0 0.001797264485503547
437.0 0.0015196052117971703
438.0 0.001241946029040264
439.0 0.0010628692507452797
440.0 0.0008837925633997656
441.0 0.0011075003385485616
442.0 0.0013312081136973575
443.0 0.0016701051208656281
444.0 0.0020090021280338988
445.0 0.0018645807358552702
446.0 0.0017201591617777012
447.0 0.0015898858691798523
448.0 0.001459612849430414
449.0 0.0013756522093899548
450.0 0.0012916910236526746
451.0 0.0014906714568496682
452.0 0.0016896517990971915
453.0 0.001622030140424613
454.0 0.001554408299853094
455.0 0.0014124909284873866
456.0 0.00127057401186903
457.0 0.0009036219125846401
458.0 0.0005366699497244554
459.0 0.0007586435913253808
460.0 0.0009806172784010414
461.0 0.0016403217159677297
462.0 0.002300025698787067
463.0 0.003023019053216558
464.0 0.003746012589544989
465.0 0.0049030466470867395
466.0 0.00606008070462849
467.0 0.006692215538350865
468.0 0.007324352191062644
469.0 0.0062009989051148295
470.0 0.005077647801954299
471.0 0.003856946568703279
472.0 0.002636244971654378
473.0 0.0021951549570076168
474.0 0.0017540647604619153
475.0 0.001432888166164048
476.0 0.0011117118447145913
477.0 0.0009153285645879805
478.0 0.0007189450570876943
479.0 0.0009923374818754382
480.0 0.0012657296792895067
481.0 0.0009406989192939363
482.0 0.0006156684321467765
483.0 0.0006618295628868509
484.0 0.000707990511727985
485.0 0.0006419896635634359
486.0 0.0005759886334999464
487.0 0.0006199115432536928
488.0 0.0006638344075327041
489.0 0.000618470676272409
490.0 0.0005731068995373789
491.0 0.0007599387572554406
492.0 0.0009467707059229724
493.0 0.0010535766705288552
494.0 0.001160382635134738
495.0 0.0010175317584071308
496.0 0.0008746806997805834
497.0 0.0011104214536317158
498.0 0.0013461619346344378
499.0 0.0013466427844832651
500.0 0.0013471236343320925
501.0 0.0014932746125850827
502.0 0.0016394258636864834
503.0 0.0020271105313440785
504.0 0.0024147951990016736
505.0 0.003018727511516772
506.0 0.003622660005930811
507.0 0.004306034679757431
508.0 0.004989409353584051
509.0 0.005421859168563969
510.0 0.005854308255948126
511.0 0.005209755545365624
512.0 0.004565202470985241
513.0 0.0038617039535893127
514.0 0.0031582054361933842
515.0 0.003000921060447581
516.0 0.0028436370484996587
517.0 0.002644172309373971
518.0 0.002444707388349343
519.0 0.07040032069198787
520.0 0.0822437577880919
521.0 0.06311402539722621
522.0 0.1156372600235045
523.0 0.12113909469917417
524.0 0.07676747045479715
525.0 0.14879737282171845
526.0 0.1435508136637509
527.0 0.03443887108005583
528.0 0.08075956720858812
529.0 0.1441527740098536
530.0 0.14200618024915457
531.0 0.19720974378287792
532.0 0.19899450708180666
533.0 0.33612565603107214
534.0 0.369602139107883
535.0 0.5736020859330893
536.0 0.8293655700981617
537.0 1.2264239601790905
538.0 2.005491591989994
539.0 3.096521459519863
540.0 4.851651191711426
541.0 7.192202657461166
542.0 9.861868619918823
543.0 13.338908553123474
544.0 17.577770352363586
545.0 22.334355115890503
546.0 28.265857696533203
547.0 35.06648242473602
548.0 43.51665675640106
549.0 51.36326551437378
550.0 57.73993134498596
551.0 64.72342014312744
552.0 69.49559450149536
553.0 74.27867650985718
554.0 77.98882126808167
555.0 81.86839818954468
556.0 85.4435920715332
557.0 87.74030208587646
558.0 90.89697003364563
559.0 93.15617084503174
560.0 93.83998513221741
561.0 95.14960646629333
562.0 95.65469026565552
563.0 95.43492794036865
564.0 95.98525166511536
565.0 95.24666666984558
566.0 95.90745568275452
567.0 95.10036110877991
568.0 96.10196352005005
569.0 96.55271172523499
570.0 96.27005457878113
571.0 97.14660048484802
572.0 96.73416018486023
573.0 96.67603969573975
574.0 97.25558757781982
575.0 96.98978662490845
576.0 97.53414988517761
577.0 97.3192572593689
578.0 97.17949032783508
579.0 97.19993472099304
580.0 96.62399888038635
581.0 96.75372838973999
582.0 96.61253690719604
583.0 96.62923812866211
584.0 96.38187885284424
585.0 96.24762535095215
586.0 96.76011204719543
587.0 96.36415243148804
588.0 96.48666977882385
589.0 97.14126586914062
590.0 96.79014086723328
591.0 95.91219425201416
592.0 95.91826796531677
593.0 95.63469886779785
594.0 96.00422978401184
595.0 96.14518284797668
596.0 96.93048000335693
597.0 97.13282585144043
598.0 96.66283130645752
599.0 97.06088900566101
600.0 96.96637392044067
601.0 96.14217281341553
602.0 96.69580459594727
603.0 96.15679979324341
604.0 96.1948037147522
605.0 96.72777652740479
606.0 95.72668075561523
607.0 95.95516920089722
608.0 96.6332733631134
609.0 96.02740406990051
610.0 95.84822058677673
611.0 95.78823447227478
612.0 95.96176743507385
613.0 96.98811173439026
614.0 96.65224552154541
615.0 96.34469747543335
616.0 96.51222229003906
617.0 96.78848385810852
618.0 96.38661742210388
619.0 97.28718996047974
620.0 96.0258424282074
621.0 95.35423517227173
622.0 96.61198258399963
623.0 96.68201804161072
624.0 96.63847088813782
625.0 96.61071300506592
626.0 96.48866057395935
627.0 95.13704776763916
628.0 97.18289375305176
629.0 95.5696165561676
630.0 96.5449333190918
631.0 95.94289064407349
632.0 96.74690961837769
633.0 96.57672643661499
634.0 95.95705270767212
635.0 96.13317251205444
636.0 95.87168097496033
637.0 95.84201574325562
638.0 95.72730660438538
639.0 95.55035829544067
640.0 95.86520195007324
641.0 95.71779370307922
642.0 96.04960083961487
643.0 96.01207971572876
644.0 96.31299376487732
645.0 96.2264895439148
646.0 96.1962103843689
647.0 97.07156419754028
648.0 96.94205522537231
649.0 95.64827680587769
650.0 96.54734134674072
651.0 97.09571599960327
652.0 97.01417088508606
653.0 95.70218324661255
654.0 96.83995246887207
655.0 96.79239392280579
656.0 95.74201107025146
657.0 96.28404378890991
658.0 96.27045392990112
659.0 96.39064073562622
660.0 95.53940296173096
661.0 95.72553038597107
662.0 96.0368812084198
663.0 96.08091711997986
664.0 95.11847496032715
665.0 95.41198015213013
666.0 95.47956585884094
667.0 95.59608697891235
668.0 95.18662691116333
669.0 95.6307590007782
670.0 95.60667276382446
671.0 95.69889903068542
672.0 95.11495232582092
673.0 95.22955417633057
674.0 94.76568698883057
675.0 95.44392824172974
676.0 94.84559893608093
677.0 94.08034682273865
678.0 93.38167309761047
679.0 92.42849946022034
680.0 91.34707450866699
681.0 89.85916376113892
682.0 88.03879618644714
683.0 85.18562316894531
684.0 81.62882328033447
685.0 78.05709838867188
686.0 74.40831065177917
687.0 69.91509795188904
688.0 65.36768674850464
689.0 60.777747631073
690.0 55.83204627037048
691.0 51.775550842285156
692.0 47.216176986694336
693.0 42.97335147857666
694.0 37.71749436855316
695.0 32.457658648490906
696.0 26.94358229637146
697.0 21.64977639913559
698.0 15.945515036582947
699.0 11.437517404556274
700.0 7.973579317331314
701.0 4.931783676147461
702.0 3.052767924964428
703.0 1.7481852322816849
704.0 1.0477475821971893
705.0 0.6080314051359892
706.0 0.41929809376597404
707.0 0.20667498465627432
708.0 0.16496485332027078
709.0 0.05666257347911596
710.0 0.14479687670245767
711.0 0.060456577921286225
712.0 0.07794672856107354
713.0 0.05475016077980399
714.0 0.08768151164986193
715.0 0.0626628811005503
716.0 0.08385978289879858
717.0 0.07138556684367359
718.0 0.08887447183951735
719.0 0.014811268192715943
720.0 1.6459279685715478e-10
721.0 0.004399451790959574
722.0 0.004132405956625007
723.0 0.0038653608498862013
724.0 0.0036106135667068884
725.0 0.0033558659197296947
726.0 0.0031210169254336506
727.0 0.0028861684768344276
728.0 0.0027338886866346
729.0 0.002581608532636892
730.0 0.0023606356990057975
731.0 0.0021396632291725837
732.0 0.0021338611986720935
733.0 0.0021280591681716032
734.0 0.0020607083570212126
735.0 0.001993357182072941
736.0 0.0018131022443412803
737.0 0.001632847124710679
738.0 0.0015952578905853443
739.0 0.0015576686564600095
740.0 0.0015783929484314285
741.0 0.0015991176042007282
742.0 0.0014745313819730654
743.0 0.0013499452506948728
744.0 0.0013804856280330569
745.0 0.00141102555062389
746.0 0.0013262751053844113
747.0 0.0012415247510944027
748.0 0.0010943045708700083
749.0 0.0009470844815950841
750.0 0.0009875149771687575
751.0 0.0010279456546413712
752.0 0.0010583806215436198
753.0 0.001088815406546928
754.0 0.001082735434465576
755.0 0.0010766558261821046
756.0 0.0010445985026308335
757.0 0.001012540997180622
758.0 0.0010638257663231343
759.0 0.0011151104445161764
760.0 0.0010781251148728188
761.0 0.0010411399671284016
762.0 0.0010547386409598403
763.0 0.0010683375876396894
764.0 0.0010230940461042337
765.0 0.0009778503226698376
766.0 0.0008136698852467816
767.0 0.0006494894023489906
768.0 0.0006632055828958983
769.0 0.0006769217179680709
770.0 0.0007850509973650333
771.0 0.0008931805496104062
772.0 0.0007778044164297171
773.0 0.0006624281013500877
774.0 0.0008078972314251587
775.0 0.0009533663615002297
776.0 0.00090332432591822
777.0 0.0008532823812856805
778.0 0.0008462078767479397
779.0 0.0008391334631596692
780.0 0.0007448174073942937
781.0 0.0006505014425783884
782.0 0.0007617325081810122
783.0 0.0008729634828341659
784.0 0.000887746864464134
785.0 0.0009025298822962213
786.0 0.0007584618742839666
787.0 0.0006143937753222417
788.0 0.0006687263066851301
789.0 0.0007230589744722238
790.0 0.0007680694579903502
791.0 0.0008130798050842714
792.0 0.0007969319995027035
793.0 0.0007807841939211357
794.0 0.0008002780305105262
795.0 0.0008197715033020359
796.0 0.0006786881840525893
797.0 0.0005376047283789376
798.0 0.000674754892315832
799.0 0.0008119050107779913
800.0 0.0007594143426103983
801.0 0.0007069234015943948
802.0 0.0005667796813213499
803.0 0.0004266357336746296
804.0 0.0005984915333101526
805.0 0.0007703473784204107
806.0 0.0006459235464717494
807.0 0.0005214998054725584
808.0 0.0006875209237477975
809.0 0.0008535420420230366
810.0 0.0007284109415195417
811.0 0.0006032800683897221
812.0 0.0006571880021510879
813.0 0.0007110959359124536
814.0 0.0005579785465670284
815.0 0.0004048612481710734
816.0 0.0005726644303649664
817.0 0.0007404677035083296
818.0 0.0006501511961687356
819.0 0.0005598346888291417
820.0 0.000432308070230647
821.0 0.0003047814516321523
822.0 0.0003570599119484541
823.0 0.000409338417739491
824.0 0.0003801771072176052
825.0 0.000351015819433087
826.0 0.000448376977146836
827.0 0.0005457381121232174
828.0 0.0004193847871647449
829.0 0.0002930314622062724
830.0 0.0001957917675099452
831.0 9.855214102572063e-05
832.0 7.22878780834435e-05
833.0 4.602362935202109e-05
834.0 1.051367348736676e-05
835.0 1.6459279685715478e-10
836.0 0.0002603570237624808
837.0 0.0005457104634842835
838.0 0.0006688792836939683
839.0 0.0007920481948531233
840.0 0.0011512741366459522
841.0 0.0015105000784387812
842.0 0.0020631743609555997
843.0 0.002615848643472418
844.0 0.0027006486561731435
845.0 0.0027854488507728092
846.0 0.003119658140349202
847.0 0.003453867611824535
848.0 0.003323442069813609
849.0 0.0031930161640048027
850.0 0.002529207995394245
851.0 0.0018654000086826272
852.0 0.001553584479552228
853.0 0.0012417687685228884
854.0 0.0010798987204907462
855.0 0.0009180284905596636
856.0 0.0006967427907511592
857.0 0.00047545713641738985
858.0 0.0006078830210753949
859.0 0.0007403087693091948
860.0 0.0006063221917429473
861.0 0.0004723355232272297
862.0 0.000428381144956802
863.0 0.0003844267666863743
864.0 0.00028637903142225696
865.0 0.00018833130752682337
866.0 0.00013195112842367962
867.0 7.557090953014267e-05
868.0 0.00010014643976319348
869.0 0.0001247219302058511
870.0 3.4562603445920104e-05
871.0 1.6459279685715478e-10
872.0 1.6459279685715478e-10
873.0 1.6459279685715478e-10
874.0 1.6459279685715478e-10
875.0 1.6459279685715478e-10
876.0 1.6459279685715478e-10
877.0 1.6459279685715478e-10
878.0 0.00010750585488494835
879.0 0.00022782355699746404
880.0 0.00019752794742089463
881.0 0.00016723232647564146
882.0 0.0001311013306803943
883.0 9.497036899119848e-05
884.0 1.6459279685715478e-10
885.0 1.6459279685715478e-10
886.0 1.6459279685715478e-10
887.0 2.739268154527963e-05
888.0 0.00011969186743954197
889.0 0.00021199105049163336
890.0 0.00019568985862861155
891.0 0.00017938860992217087
892.0 5.1329595862625865e-05
893.0 1.6459279685715478e-10
894.0 1.6459279685715478e-10
895.0 4.9328605200571474e-05
896.0 5.477473337123229e-05
897.0 6.02209013322863e-05
898.0 1.6915048206556094e-05
899.0 1.6459279685715478e-10
900.0 1.6459279685715478e-10
901.0 1.6459279685715478e-10
