lsstCam/transmission_filter_detector/r02_s10/r_57/19700101T000000.ecsv
# %ECSV 1.0
# ---
# datatype:
# - {name: wavelength, unit: nm, datatype: float32}
# - {name: efficiency, unit: '%', datatype: float64}
# meta: !!omap
# - {MODE: DETECTOR}
# - {TYPE: transmission_filter_detector}
# - {CALIBDATE: '1970-01-01T00:00:00'}
# - {INSTRUME: LSSTCam}
# - {OBSTYPE: transmission_filter_detector}
# - {CALIBCLS: lsst.ip.isr.IntermediateFilterDetectorTransmissionCurve}
# - {SOURCE: Materion (DM-46256)}
# - {DETECTOR: 12}
# - {FILTER: r_57}
# - {CALIB_ID: 'calibDate=1970-01-01T00:00:00 filter=r_57 detector=12'}
# - {DATE: '2025-04-02T15:59:44.240796'}
# - {CALIB_CREATION_DATE: '2025-04-02'}
# - {CALIB_CREATION_TIME: '15:59:44'}
# - __serialized_columns__:
#     efficiency:
#       __class__: astropy.units.quantity.Quantity
#       unit: !astropy.units.Unit {unit: '%'}
#       value: !astropy.table.SerializedColumn {name: efficiency}
#     wavelength:
#       __class__: astropy.units.quantity.Quantity
#       unit: !astropy.units.Unit {unit: nm}
#       value: !astropy.table.SerializedColumn {name: wavelength}
# schema: astropy-2.0
wavelength efficiency
[from data line 603]
903.0 1.6459279685715478e-10
904.0 1.6459279685715478e-10
905.0 6.010342872286856e-05
906.0 1.6459279685715478e-10
907.0 1.6459279685715478e-10
908.0 1.6459279685715478e-10
909.0 1.6459279685715478e-10
910.0 1.6459279685715478e-10
911.0 1.6459279685715478e-10
912.0 1.6459279685715478e-10
913.0 1.6459279685715478e-10
914.0 1.6459279685715478e-10
915.0 5.498409336723853e-05
916.0 3.1190907634481846e-05
917.0 7.397756718319215e-06
918.0 8.41678570395743e-05
919.0 0.0001609379296496627
920.0 7.085822630870098e-05
921.0 1.6459279685715478e-10
922.0 8.612199167146173e-05
923.0 0.0001914654603751842
924.0 0.0001826801167226222
925.0 0.00017389478443874395
926.0 0.000163879053616256
927.0 0.00015386334553113556
928.0 0.00013003798358113272
929.0 0.00010621259889376233
930.0 0.00019842045730911195
931.0 0.00029062832709314534
932.0 0.00010905381486736587
933.0 1.6459279685715478e-10
934.0 7.784952913425514e-05
935.0 0.0002282196646774537
936.0 0.00025262597773689777
937.0 0.00027703229079634184
938.0 0.0003337364660183084
939.0 0.00039044070945237763
940.0 0.0003379626605237718
941.0 0.00028548463433253346
942.0 0.0004013556917925598
943.0 0.0005172267265152186
944.0 0.00037069075915496796
945.0 0.00022415486000681994
946.0 0.00022503561467601685
947.0 0.0002259163466078462
948.0 0.00039176634345494676
949.0 0.0005576164767262526
950.0 0.0005440801487566205
951.0 0.0005305438662617235
952.0 0.0006806867986597354
953.0 0.0008308298674819525
954.0 0.001168175003840588
955.0 0.001505520413047634
956.0 0.0015671044820919633
957.0 0.0016286883692373522
958.0 0.0017726686564856209
959.0 0.0019166493075317703
960.0 0.0020040199160575867
961.0 0.0020913907064823434
962.0 0.0022603364413953386
963.0 0.0024292823582072742
964.0 0.002459072493365966
965.0 0.0024888622647267766
966.0 0.0024413222490693443
967.0 0.002393782233411912
968.0 0.00234647341130767
969.0 0.0022991651349002495
970.0 0.002392409624007996
971.0 0.002485654658812564
972.0 0.0025450017346884124
973.0 0.0026043484467663802
974.0 0.002842505455191713
975.0 0.003080662281718105
976.0 0.0031849645893089473
977.0 0.003289266533101909
978.0 0.003170629861415364
979.0 0.003051993189728819
980.0 0.0030088294806773774
981.0 0.0029656659535248764
982.0 0.0030547256756108254
983.0 0.0031437859433935955
984.0 0.003149530675727874
985.0 0.003155276135657914
986.0 0.0030613504350185394
987.0 0.002967424734379165
988.0 0.002725652484514285
989.0 0.0024838804165483452
990.0 0.002524216688470915
991.0 0.002564553142292425
992.0 0.0026244117179885507
993.0 0.0026842704755836166
994.0 0.002743529330473393
995.0 0.0028027876396663487
996.0 0.002872261939046439
997.0 0.002941736238426529
998.0 0.003037759961443953
999.0 0.0031337836844613776
1000.0 0.003264682527515106
1001.0 0.0033955820981645957
1002.0 0.00363088765880093
1003.0 0.0038661935832351446
1004.0 0.00397964431613218
1005.0 0.004093095049029216
1006.0 0.004250674101058394
1007.0 0.004408253153087571
1008.0 0.004382248516776599
1009.0 0.004356243152869865
1010.0 0.004345253182691522
1011.0 0.004334263212513179
1012.0 0.004316310514695942
1013.0 0.004298357816878706
1014.0 0.004060510400449857
1015.0 0.003822662984021008
1016.0 0.003696872227010317
1017.0 0.0035710814699996263
1018.0 0.0031312680221162736
1019.0 0.0026914549380308017
1020.0 0.0022224527128855698
1021.0 0.0017534504877403378
1022.0 0.001535290721221827
1023.0 0.0013171307728043757
1024.0 0.0013664945981872734
1025.0 0.0014158586964185815
1026.0 0.001342917948932154
1027.0 0.001269976837647846
1028.0 0.0011345309758326039
1029.0 0.0009990849321184214
1030.0 0.0009367306120111607
1031.0 0.0008743756552576087
1032.0 0.0008444262675766367
1033.0 0.0008144766979967244
1034.0 0.0008169356988219079
1035.0 0.0008193944267986808
1036.0 0.0009553115887683816
1037.0 0.0010912283869402017
1038.0 0.0009151444828603417
1039.0 0.0007390607152046869
1040.0 0.000795838514022762
1041.0 0.0008526161764166318
1042.0 0.000999575695459498
1043.0 0.0011465349416539539
1044.0 0.000983626250672387
1045.0 0.0008207179234887008
1046.0 0.0009138696441368666
1047.0 0.0010070215466839727
1048.0 0.0008639966836199164
1049.0 0.0007209719569800654
1050.0 0.0007651984560652636
1051.0 0.0008094250006251968
1052.0 0.0010424854735902045
1053.0 0.001275545855605742
1054.0 0.0011322855243633967
1055.0 0.0009890251931210514
1056.0 0.0009634779416956007
1057.0 0.0009379309631185606
1058.0 0.0007681592251174152
1059.0 0.0005983875325910049
1060.0 0.0010432657290948555
1061.0 0.0014881434253766201
1062.0 0.001506128228356829
1063.0 0.0015241129403875675
1064.0 0.001255539245903492
1065.0 0.000986965278571006
1066.0 0.001303081626247149
1067.0 0.001619197973923292
1068.0 0.0017990418200497515
1069.0 0.0019788849385804497
1070.0 0.001570835775055457
1071.0 0.0011627866115304641
1072.0 0.001421185334038455
1073.0 0.0016795842384453863
1074.0 0.002239881723653525
1075.0 0.0028001790269627236
1076.0 0.003011371154570952
1077.0 0.003222563464078121
1078.0 0.0037023557524662465
1079.0 0.004182147677056491
1080.0 0.004268254269845784
1081.0 0.004354360135039315
1082.0 0.00422296579927206
1083.0 0.004091571827302687
1084.0 0.0047941597586032
1085.0 0.005496747689903714
1086.0 0.005243420309852809
1087.0 0.004990092929801904
1088.0 0.005080917617306113
1089.0 0.005171742304810323
1090.0 0.005017849616706371
1091.0 0.004863956201006658
1092.0 0.004325037298258394
1093.0 0.003786118031712249
1094.0 0.004385264765005559
1095.0 0.004984411862096749
1096.0 0.0039950828067958355
1097.0 0.0030057532057981007
1098.0 0.0023608587071066722
1099.0 0.0017159642084152438
1100.0 0.0016623029296169989
1101.0 0.001608641105121933
