lsstCam/transmission_filter_detector/r34_s01/y_10/19700101T000000.ecsv
# %ECSV 1.0
# ---
# datatype:
# - {name: wavelength, unit: nm, datatype: float32}
# - {name: efficiency, unit: '%', datatype: float64}
# meta: !!omap
# - {MODE: DETECTOR}
# - {TYPE: transmission_filter_detector}
# - {CALIBDATE: '1970-01-01T00:00:00'}
# - {INSTRUME: LSSTCam}
# - {OBSTYPE: transmission_filter_detector}
# - {CALIBCLS: lsst.ip.isr.IntermediateFilterDetectorTransmissionCurve}
# - {SOURCE: Materion (DM-46256)}
# - {DETECTOR: 154}
# - {FILTER: y_10}
# - {CALIB_ID: 'calibDate=1970-01-01T00:00:00 filter=y_10 detector=154'}
# - {DATE: '2025-04-02T15:59:51.457305'}
# - {CALIB_CREATION_DATE: '2025-04-02'}
# - {CALIB_CREATION_TIME: '15:59:51'}
# - __serialized_columns__:
#     efficiency:
#       __class__: astropy.units.quantity.Quantity
#       unit: !astropy.units.Unit {unit: '%'}
#       value: !astropy.table.SerializedColumn {name: efficiency}
#     wavelength:
#       __class__: astropy.units.quantity.Quantity
#       unit: !astropy.units.Unit {unit: nm}
#       value: !astropy.table.SerializedColumn {name: wavelength}
# schema: astropy-2.0
wavelength efficiency
[from data line 577]
877.0 0.0022097474356996827
878.0 0.0025790473955566995
879.0 0.0020164214220130816
880.0 0.060352374566718936
881.0 0.09459519060328603
882.0 0.06414638482965529
883.0 0.08496139198541641
884.0 0.06329294992610812
885.0 0.09323085541836917
886.0 0.0510126119479537
887.0 0.09561357437632978
888.0 0.06980020552873611
889.0 0.08603367605246603
890.0 0.06170935230329633
891.0 0.09318962693214417
892.0 0.06610850687138736
893.0 0.11875348864123225
894.0 0.06863449816592038
895.0 0.10226033627986908
896.0 0.06900897715240717
897.0 0.11660763993859291
898.0 0.08163537713699043
899.0 0.11354089947417378
900.0 0.09032376110553741
901.0 0.11776264291256666
902.0 0.13843525666743517
903.0 0.14884427655488253
904.0 0.15048281056806445
905.0 0.19096225732937455
906.0 0.23598710540682077
907.0 0.27048911433666945
908.0 0.35078772343695164
909.0 0.4554525949060917
910.0 0.6251490209251642
911.0 0.8733478374779224
912.0 1.2574020773172379
913.0 1.8882330507040024
914.0 2.665560692548752
915.0 3.879512846469879
916.0 5.451131612062454
917.0 7.269056141376495
918.0 9.483301639556885
919.0 11.715950816869736
920.0 14.832666516304016
921.0 18.04395318031311
922.0 21.205860376358032
923.0 24.80437159538269
924.0 28.733187913894653
925.0 33.09927582740784
926.0 38.5239452123642
927.0 44.572338461875916
928.0 50.20209550857544
929.0 56.460851430892944
930.0 62.34010457992554
931.0 68.41294765472412
932.0 74.28481578826904
933.0 79.68855500221252
934.0 83.95088911056519
935.0 87.26513981819153
936.0 90.00892043113708
937.0 92.11379289627075
938.0 93.61103177070618
939.0 94.52610611915588
940.0 95.19320130348206
941.0 95.58821320533752
942.0 95.95891833305359
943.0 96.17442488670349
944.0 96.5822160243988
945.0 96.64446115493774
946.0 96.84348702430725
947.0 96.95736765861511
948.0 97.08335995674133
949.0 96.98676466941833
950.0 97.09106683731079
951.0 97.07310199737549
952.0 97.16804623603821
953.0 97.29154706001282
954.0 97.29334115982056
955.0 97.39598035812378
956.0 97.59513735771179
957.0 97.75880575180054
958.0 97.95528054237366
959.0 98.0775535106659
960.0 98.23406338691711
961.0 98.36073517799377
962.0 98.45265746116638
963.0 98.5049307346344
964.0 98.60749244689941
965.0 98.62670302391052
966.0 98.72129559516907
967.0 98.81991744041443
968.0 98.77678155899048
969.0 98.78060221672058
970.0 98.8380491733551
971.0 98.86089563369751
972.0 98.92359972000122
973.0 98.98172616958618
974.0 99.01047348976135
975.0 98.99362921714783
976.0 99.05680418014526
977.0 99.015873670578
978.0 99.10975694656372
979.0 99.03748631477356
980.0 99.04067516326904
981.0 98.99165630340576
982.0 98.91900420188904
983.0 98.9812970161438
984.0 98.89920949935913
985.0 98.91761541366577
986.0 98.8027811050415
987.0 98.83928298950195
988.0 98.7089455127716
989.0 98.70971441268921
990.0 98.64296317100525
991.0 98.66243004798889
992.0 98.696368932724
993.0 98.63501787185669
994.0 98.5944390296936
995.0 98.6365556716919
996.0 98.61482381820679
997.0 98.71748089790344
998.0 98.75035285949707
999.0 98.78942966461182
1000.0 98.8568365573883
1001.0 98.81083965301514
1002.0 98.9278256893158
1003.0 98.95690083503723
1004.0 99.04763102531433
1005.0 98.99580478668213
1006.0 99.15897846221924
1007.0 99.1239070892334
1008.0 99.10339117050171
1009.0 99.04910922050476
1010.0 99.11332130432129
1011.0 99.12201762199402
1012.0 99.02787208557129
1013.0 99.05708432197571
1014.0 99.02413487434387
1015.0 98.94470572471619
1016.0 98.96954894065857
1017.0 98.98530840873718
1018.0 98.99818897247314
1019.0 98.87543320655823
1020.0 98.9438533782959
1021.0 99.081289768219
1022.0 98.96003007888794
1023.0 98.9736258983612
1024.0 98.92975091934204
1025.0 98.92411828041077
1026.0 98.96789193153381
1027.0 99.0391194820404
1028.0 99.01935458183289
1029.0 99.1033136844635
1030.0 99.15075302124023
1031.0 99.0924060344696
1032.0 99.12916421890259
1033.0 99.08969402313232
1034.0 99.11230802536011
1035.0 99.17441010475159
1036.0 99.12905693054199
1037.0 99.12290573120117
1038.0 99.07383322715759
1039.0 99.03378486633301
1040.0 98.99763464927673
1041.0 99.02516007423401
1042.0 99.00490045547485
1043.0 98.89526963233948
1044.0 98.98091554641724
1045.0 98.70818257331848
1046.0 98.93872737884521
1047.0 98.78841042518616
1048.0 98.80866408348083
1049.0 98.73476028442383
1050.0 98.7643301486969
1051.0 98.71094822883606
1052.0 98.7147331237793
1053.0 98.6284613609314
1054.0 98.79335165023804
1055.0 98.96164536476135
1056.0 98.88578057289124
1057.0 98.93447160720825
1058.0 98.64752292633057
1059.0 98.77556562423706
1060.0 98.8375723361969
1061.0 98.8824188709259
1062.0 98.87251257896423
1063.0 98.75154495239258
1064.0 99.02843832969666
1065.0 98.90061616897583
1066.0 98.93777370452881
1067.0 99.0889847278595
1068.0 98.92728924751282
1069.0 98.71852993965149
1070.0 99.11580085754395
1071.0 98.85134100914001
1072.0 98.94763231277466
1073.0 99.11448955535889
1074.0 98.78750443458557
1075.0 98.7153172492981
1076.0 98.48004579544067
1077.0 98.81565570831299
1078.0 99.10832643508911
1079.0 98.53727221488953
1080.0 99.30552244186401
1081.0 98.72395992279053
1082.0 98.58095645904541
1083.0 98.62354397773743
1084.0 98.93251657485962
1085.0 98.921799659729
1086.0 98.67177605628967
1087.0 98.77272844314575
1088.0 98.50258827209473
1089.0 98.43093156814575
1090.0 98.72131943702698
1091.0 98.57637882232666
1092.0 98.67048263549805
1093.0 98.69270920753479
1094.0 98.4559714794159
1095.0 98.34577441215515
1096.0 98.52960705757141
1097.0 98.35864305496216
1098.0 97.8102445602417
1099.0 98.57004880905151
1100.0 98.23948740959167
