lsstCam/transmission_filter_detector/r34_s01/y_10/19700101T000000.ecsv
# %ECSV 1.0
# ---
# datatype:
# - {name: wavelength, unit: nm, datatype: float32}
# - {name: efficiency, unit: '%', datatype: float64}
# meta: !!omap
# - {MODE: DETECTOR}
# - {TYPE: transmission_filter_detector}
# - {CALIBDATE: '1970-01-01T00:00:00'}
# - {INSTRUME: LSSTCam}
# - {OBSTYPE: transmission_filter_detector}
# - {CALIBCLS: lsst.ip.isr.IntermediateFilterDetectorTransmissionCurve}
# - {SOURCE: Materion (DM-46256)}
# - {DETECTOR: 154}
# - {FILTER: y_10}
# - {CALIB_ID: 'calibDate=1970-01-01T00:00:00 filter=y_10 detector=154'}
# - {DATE: '2025-04-02T15:59:51.457305'}
# - {CALIB_CREATION_DATE: '2025-04-02'}
# - {CALIB_CREATION_TIME: '15:59:51'}
# - __serialized_columns__:
#     efficiency:
#       __class__: astropy.units.quantity.Quantity
#       unit: !astropy.units.Unit {unit: '%'}
#       value: !astropy.table.SerializedColumn {name: efficiency}
#     wavelength:
#       __class__: astropy.units.quantity.Quantity
#       unit: !astropy.units.Unit {unit: nm}
#       value: !astropy.table.SerializedColumn {name: wavelength}
# schema: astropy-2.0
wavelength efficiency
300.0 0.02155788679374382
301.0 0.017846288392320275
302.0 0.014134687080513686
303.0 0.012175129813840613
304.0 0.010215571819571778
305.0 0.00926141583477147
306.0 0.008307256211992353
307.0 0.0097900781838689
308.0 0.011272899428149685
309.0 0.009743087139213458
310.0 0.008213277760660276
311.0 0.0054860953241586685
312.0 0.0027589139790507033
313.0 0.004029587944387458
314.0 0.005300262273522094
315.0 0.0032301028113579378
316.0 0.00115994253064855
317.0 0.0023532400518888608
318.0 0.00354653675458394
319.0 0.0017406939150532708
320.0 1.6450073725068903e-10
321.0 0.00011767173191401525
322.0 0.00030049322958802804
323.0 0.0026319170501665212
324.0 0.004963340688846074
325.0 0.003432502126088366
326.0 0.0019016639271285385
327.0 0.002532906182750594
328.0 0.0031641480745747685
329.0 0.0035625209420686588
330.0 0.003960893445764668
331.0 0.0029505892598535866
332.0 0.0019402854377403855
333.0 0.002991880137415137
334.0 0.004043474837089889
335.0 0.0034110908018192276
336.0 0.002778706038952805
337.0 0.002294950718351174
338.0 0.0018111953977495432
339.0 0.0019397575670154765
340.0 0.0020683195543824695
341.0 0.001700506436463911
342.0 0.0013326931366464123
343.0 0.0010113645657838788
344.0 0.00069003585849714
345.0 0.0009943049008143134
346.0 0.001298573988606222
347.0 0.0012256668924237601
348.0 0.0011527598871907685
349.0 0.001020524632622255
350.0 0.0008882893780537415
351.0 0.001178895399789326
352.0 0.0014695014215249103
353.0 0.001209039783134358
354.0 0.0009485780537943356
355.0 0.0011693285159708466
356.0 0.0013900787962484173
357.0 0.001239937137142988
358.0 0.0010897955689870287
359.0 0.0008480115866404958
360.0 0.0006062276952434331
361.0 0.0006907847819093149
362.0 0.0007753418685751967
363.0 0.0009304264494858216
364.0 0.0010855109394469764
365.0 0.001290348154725507
366.0 0.0014951854609535076
367.0 0.0018042142983176745
368.0 0.002113242771883961
369.0 0.0017018079233821481
370.0 0.001290373347728746
371.0 0.0014373905287357047
372.0 0.001584407982591074
373.0 0.0018032307707471773
374.0 0.0020220535589032806
375.0 0.002966545616800431
376.0 0.003911037856596522
377.0 0.0040116960008163005
378.0 0.004112353781238198
379.0 0.003784839282161556
380.0 0.0034573244192870334
381.0 0.00267788545897929
382.0 0.0018984464986715466
383.0 0.001421407978341449
384.0 0.0009443693670618813
385.0 0.0008217333743232302
386.0 0.0006990976089582546
387.0 0.0005710049208573764
388.0 0.00044291223275649827
389.0 0.00048046545089164283
390.0 0.0005180186690267874
391.0 0.0005202972261031391
392.0 0.0005225756922300206
393.0 0.0005890514785278356
394.0 0.0006555271738761803
395.0 0.0006413339633581927
396.0 0.00062714070736547
397.0 0.000805078525445424
398.0 0.000983016343525378
399.0 0.001075518230209127
400.0 0.0011680202987918165
401.0 0.0014262936019804329
402.0 0.001684566814219579
403.0 0.0017652948372415267
404.0 0.0018460228602634743
405.0 0.0018041557268588804
406.0 0.0017622885934542865
407.0 0.001696718936727848
408.0 0.001631149098102469
409.0 0.0013674216461367905
410.0 0.0011036940122721717
411.0 0.001108044853026513
412.0 0.001112395511881914
413.0 0.0009556204531691037
414.0 0.0007988455763552338
415.0 0.0007505805569962831
416.0 0.0007023154466878623
417.0 0.0001794959985090827
418.0 1.6450073725068903e-10
419.0 1.6450073725068903e-10
420.0 1.6450073725068903e-10
421.0 0.00042504379962338135
422.0 0.0011818335224234033
423.0 0.001020512809191132
424.0 0.0008591920959588606
425.0 0.00024025350739975693
426.0 1.6450073725068903e-10
427.0 0.0002739791625572252
428.0 0.000926643315324327
429.0 0.0006664968623226741
430.0 0.0004063504547957564
431.0 7.309525358323299e-05
432.0 1.6450073725068903e-10
433.0 1.6450073725068903e-10
434.0 1.6450073725068903e-10
435.0 3.372572776605409e-08
436.0 0.0005012002930016024
437.0 4.6472666781482985e-05
438.0 1.6450073725068903e-10
439.0 1.6450073725068903e-10
440.0 7.045802021821146e-05
441.0 0.0003222345640097046
442.0 0.0005740111191698816
443.0 0.0004290219749236712
444.0 0.00028403260330378544
445.0 0.0004909754807158606
446.0 0.0006979183581279358
447.0 0.0008075013283814769
448.0 0.0009170844350592233
449.0 0.00019810654521279503
450.0 1.6450073725068903e-10
451.0 1.6450073725068903e-10
452.0 0.00018988728243130026
453.0 1.6450073725068903e-10
454.0 1.6450073725068903e-10
455.0 0.00033234114198421594
456.0 0.0008739023542148061
457.0 0.0002400092625975958
458.0 1.6450073725068903e-10
459.0 1.6450073725068903e-10
460.0 1.6450073725068903e-10
461.0 8.202534331758216e-05
462.0 0.0004058604190504411
463.0 0.0006639505500061205
464.0 0.0009220408173860051
465.0 0.0008214391527872067
466.0 0.0007208374881884083
467.0 0.0009123468771576881
468.0 0.0011038561751774978
469.0 0.0016019406757550314
470.0 0.002100025267282035
471.0 0.0023154125301516615
472.0 0.002530799429223407
473.0 0.0025162747988360934
474.0 0.0025017501684487797
475.0 0.0027871124984812923
476.0 0.0030724746466148645
477.0 0.0028876211217720993
478.0 0.002702767596929334
479.0 0.002887677510443609
480.0 0.0030725874239578843
481.0 0.003674294930533506
482.0 0.004276002437109128
483.0 0.004218493995722383
484.0 0.004160985190537758
485.0 0.003737675797310658
486.0 0.0033143664040835574
487.0 0.0030374965717783198
488.0 0.002760627103270963
489.0 0.0024478569685015827
490.0 0.002135087015631143
491.0 0.0017766918972483836
492.0 0.0014182968698150944
493.0 0.0014921665751899127
494.0 0.0015660360077163205
495.0 0.0017599602870177478
496.0 0.0019538842025212944
497.0 0.0020169994968455285
498.0 0.0020801151549676433
499.0 0.0020609546481864527
500.0 0.002041794141405262
501.0 0.002424312333459966
502.0 0.0028068305255146697
503.0 0.002687630330910906
504.0 0.0025684301363071427
505.0 0.0025937906684703194
506.0 0.0026191513825324364
507.0 0.0023252076061908156
508.0 0.0020312638298491947
509.0 0.001830121072998736
510.0 0.0016289784980472177
511.0 0.0014445813576458022
512.0 0.001260184399143327
513.0 0.0018458393242326565
514.0 0.0024314944312209263
515.0 0.001888812766992487
516.0 0.0013461314665619284
517.0 0.0014829398423898965
518.0 0.0016197485820157453
519.0 0.0013468291399476584
520.0 0.001073909970727982
521.0 0.0013085644241073169
522.0 0.0015432187865371816
523.0 0.001664219053054694
524.0 0.0017852193195722066
525.0 0.00214422179851681
526.0 0.0025032244593603536
527.0 0.00234420585911721
528.0 0.0021851874407730065
529.0 0.0022469370378530584
530.0 0.0023086868168320507
531.0 0.002274423241033219
532.0 0.0022401598471333273
533.0 0.002062544990621973
534.0 0.0018849301341106184
535.0 0.0017820422726799734
536.0 0.0016791544112493284
537.0 0.0019157085262122564
538.0 0.0021522628230741248
539.0 0.0026394134692964144
540.0 0.003126564115518704
541.0 0.0033090502256527543
542.0 0.003491535971988924
543.0 0.003916617788490839
544.0 0.004341699241194874
545.0 0.0046011529775569215
546.0 0.004860606350121088
547.0 0.00441935881099198
548.0 0.003978111271862872
549.0 0.0031873350962996483
550.0 0.002396559102635365
551.0 0.0024538428988307714
552.0 0.002511126695026178
553.0 0.002632601717778016
554.0 0.0027540771043277346
555.0 0.0034747303288895637
556.0 0.0041953833715524524
557.0 0.004138813164900057
558.0 0.004082242958247662
559.0 0.003914921762770973
560.0 0.0037476005672942847
561.0 0.003848243795800954
562.0 0.0039488870243076235
563.0 0.0035086824937025085
564.0 0.0030684783268952742
565.0 0.0035221761208958924
566.0 0.00397587355109863
567.0 0.004177332084509544
568.0 0.004378790617920458
569.0 0.005078296817373484
570.0 0.005777803380624391
571.0 0.0062318911659531295
572.0 0.006685978587483987
573.0 0.006785675213905051
574.0 0.006885371112730354
575.0 0.006757758819730952
576.0 0.006630147254327312
577.0 0.0060443173424573615
578.0 0.005458487430587411
579.0 0.005468977178679779
580.0 0.005479467290570028
581.0 0.006389894406311214
582.0 0.007300321158254519
583.0 0.008383463864447549
584.0 0.009466606570640579
585.0 0.009720596426632255
586.0 0.009974587010219693
587.0 0.010340503649786115
588.0 0.010706423927331343
589.0 0.010764516628114507
590.0 0.010822612966876477
591.0 0.009961699834093451
592.0 0.009100787428906187
593.0 0.007751876546535641
594.0 0.00640296857454814
595.0 0.005864510603714734
596.0 0.00532605336047709
597.0 0.005745694579673
598.0 0.0061653357988689095
599.0 0.00710503663867712
600.0 0.008044737478485331
601.0 0.008962129504652694
602.0 0.009879520075628534
603.0 0.010278390254825354
604.0 0.010677260434022173
605.0 0.010902783105848357
606.0 0.011128303594887257
607.0 0.009790994226932526
608.0 0.008453684131382033
609.0 0.006935856072232127
610.0 0.005418029104475863
611.0 0.004578199150273576
612.0 0.00373836955986917
613.0 0.003664594260044396
614.0 0.003590818596421741
615.0 0.004477468610275537
616.0 0.005364118260331452
617.0 0.006479887815658003
618.0 0.00759565518819727
619.0 0.008825944678392261
620.0 0.010056233440991491
621.0 0.0105317187262699
622.0 0.01100720401154831
623.0 0.011461519170552492
624.0 0.011915830691577867
625.0 0.010817727888934314
626.0 0.009719625813886523
627.0 0.007852588896639645
628.0 0.0059855537983821705
629.0 0.004887018440058455
630.0 0.0037884830817347392
631.0 0.003145806840620935
632.0 0.002503130781406071
633.0 0.0025830431695794687
634.0 0.0026629551939549856
635.0 0.002966918509628158
636.0 0.00327088164340239
637.0 0.0035835400922223926
638.0 0.0038961989048402756
639.0 0.004449235711945221
640.0 0.005002272882848047
641.0 0.005307990068104118
642.0 0.0056137072533601895
643.0 0.005706776573788375
644.0 0.00579984589421656
645.0 0.005162785600987263
646.0 0.004525724580162205
647.0 0.003921263123629615
648.0 0.0033168020308949053
649.0 0.0026519914172240533
650.0 0.0019871809854521416
651.0 0.0016993784811347723
652.0 0.0014115758858679328
653.0 0.0014037874279893003
654.0 0.001395999061060138
655.0 0.0013001104889553972
656.0 0.001204221825901186
657.0 0.0011498570529511198
658.0 0.0010954923709505238
659.0 0.0014533984540321399
660.0 0.0018113043552148156
661.0 0.0017728911188896745
662.0 0.0017344782463624142
663.0 0.00173792850546306
664.0 0.0017413787645637058
665.0 0.0024567270884290338
666.0 0.0031720752303954214
667.0 0.003956520595238544
668.0 0.004740965960081667
669.0 0.005189246076042764
670.0 0.0056375254644081
671.0 0.006226052937563509
672.0 0.006814580410718918
673.0 0.007401468610623851
674.0 0.007988356810528785
675.0 0.008058139064814895
676.0 0.008127922046696767
677.0 0.006557194865308702
678.0 0.004986465864931233
679.0 0.0035578654205892235
680.0 0.002129263521055691
681.0 0.0014349487173603848
682.0 0.0007406341865134891
683.0 0.0006254788786463905
684.0 0.0005103237526782323
685.0 0.00032666152947058436
686.0 0.00014299919257609872
687.0 0.00024300284167111386
688.0 0.000343006490766129
689.0 0.00020811191916436655
690.0 7.321735893128789e-05
691.0 0.0001298352685807913
692.0 0.00018645312138687586
693.0 0.00023425591280101798
694.0 0.0002820587042151601
695.0 0.0003020895746885799
696.0 0.00032212044516199967
697.0 0.0003912382908310974
698.0 0.00046035625018703286
699.0 0.0002574184918557876
700.0 5.448098363558529e-05
701.0 0.0001424302467967209
702.0 0.0002303795099578565
703.0 1.6450073725068903e-10
704.0 1.6450073725068903e-10
705.0 1.6450073725068903e-10
706.0 0.00014181406413626974
707.0 0.00022170836473378586
708.0 0.0003016026539626182
709.0 0.0005335325113264844
710.0 0.0007654623914277181
711.0 0.0005969624453427969
712.0 0.0004284624537831405
713.0 0.000324927191286406
714.0 0.0002213919742644066
715.0 0.00021251366888463963
716.0 0.00020363529529277002
717.0 0.00012841891248172033
718.0 5.320247282725177e-05
719.0 0.00025071133222809294
720.0 0.0004482203621591907
721.0 0.00048709180191508494
722.0 0.0005259634235699195
723.0 0.000492474646307528
724.0 0.0004589858235704014
725.0 0.00016236238025157945
726.0 1.6450073725068903e-10
727.0 0.00011262109183007851
728.0 0.0003595032922021346
729.0 0.0005211819370742887
730.0 0.0006828605364717077
731.0 0.0004302676643419545
732.0 0.0001776750309545605
733.0 0.00035424470752332127
734.0 0.0005308145773597062
735.0 0.0003046628989977762
736.0 7.851127179492323e-05
737.0 5.2822940688201925e-05
738.0 2.7134626634506276e-05
739.0 0.00019317976693855599
740.0 0.0003592248276618193
741.0 0.0003985821422247682
742.0 0.00043793938857561443
743.0 0.0003227458364563063
744.0 0.00020755212517542532
745.0 0.0003777688107220456
746.0 0.0005479852006828878
747.0 0.0005687271823262563
748.0 0.0005894690730201546
749.0 0.00032106654543895274
750.0 5.266409743853728e-05
751.0 0.00045386614146991633
752.0 0.0008550682650820818
753.0 0.0005314225290931063
754.0 0.00020777674762939569
755.0 0.00033738147067197133
756.0 0.00046698619371454697
757.0 0.00021181565443839645
758.0 1.6450073725068903e-10
759.0 3.729348065917293e-05
760.0 0.00011794176089097164
761.0 0.0003856461262330413
762.0 0.0006533504802064272
763.0 0.0006578816737601301
764.0 0.000662412867313833
765.0 0.0006246238626772538
766.0 0.0005868349035154097
767.0 0.000746638670534594
768.0 0.0009064425285032485
769.0 0.0006166228104120819
770.0 0.0003268028876846074
771.0 0.0005765925834566588
772.0 0.0008263821655418724
773.0 0.0005790018349216552
774.0 0.0003316214360893355
775.0 0.0001758454004630039
776.0 2.0069444417458726e-05
777.0 0.0001542660811537644
778.0 0.0002884627292587538
779.0 0.0006207010301295668
780.0 0.0009529394446872175
781.0 0.0007720443136349786
782.0 0.0005911491371080047
783.0 0.0005663879164785612
784.0 0.0005416267413238529
785.0 0.0006121899787103757
786.0 0.0006827532615716336
787.0 0.0005284981853037607
788.0 0.0003742430180864176
789.0 0.00026740485736809205
790.0 0.00016056653748819372
791.0 0.000598506630922202
792.0 0.0010364466106693726
793.0 0.001004832756734686
794.0 0.0009732189027999993
795.0 0.0009131481419899501
796.0 0.0008530772902304307
797.0 0.0008528212674718816
798.0 0.0008525651537638623
799.0 0.00035551738619687967
800.0 1.6450073725068903e-10
801.0 0.00028558583835547324
802.0 0.0007127021490305196
803.0 0.0006251103968679672
804.0 0.0005375186901801499
805.0 0.0005746595434175106
806.0 0.0006118001692811958
807.0 0.00032315508633473655
808.0 3.450979590979841e-05
809.0 0.00030968478768045316
810.0 0.0005848597538715694
811.0 0.0006038178071321454
812.0 0.0006227758149179863
813.0 0.0006661262887064368
814.0 0.000709476671545417
815.0 0.0006171208951855078
816.0 0.0005247651188255986
817.0 0.0008135145435517188
818.0 0.001102264013752574
819.0 0.0011060936230933294
820.0 0.0011099231414846145
821.0 0.0009269336260331329
822.0 0.0007439440651069162
823.0 0.0007090487542882329
824.0 0.0006741535344190197
825.0 0.0010759417818917427
826.0 0.0014777300748392008
827.0 0.001187440375360893
828.0 0.0008971505849331152
829.0 0.0006691088856314309
830.0 0.00044106714085501153
831.0 0.0004961239483236568
832.0 0.0005511809376912424
833.0 0.0007954380635055713
834.0 0.0010396951438451651
835.0 0.000799343797552865
836.0 0.0005589922238868894
837.0 0.0004226444616506342
838.0 0.0002862967676264816
839.0 0.0002644698497533682
840.0 0.00024264297735498985
841.0 0.0007655333320144564
842.0 0.0012884236639365554
843.0 0.0011844450455100741
844.0 0.001080466518033063
845.0 0.0010529634892009199
846.0 0.0010254604603687767
847.0 0.0012233612324052956
848.0 0.0014212620953912847
849.0 0.0009819649676501285
850.0 0.0005426677489595022
851.0 0.0008279242138087284
852.0 0.0011131806786579546
853.0 0.0010223563549516257
854.0 0.000931532122194767
855.0 0.0008277163942693733
856.0 0.0007239005753945094
857.0 0.0009158115972240921
858.0 0.0011077226190536749
859.0 0.0008758292096899822
860.0 0.0006439358912757598
861.0 0.0009843719453783706
862.0 0.0013248079085315112
863.0 0.0014276071851782035
864.0 0.0015304063708754256
865.0 0.001866456113930326
866.0 0.002202505675086286
867.0 0.0024228209440479986
868.0 0.0026431358492118306
869.0 0.0026866655389312655
870.0 0.0027301948648528196
871.0 0.0032065083360066637
872.0 0.003682821261463687
873.0 0.002998567470058333
874.0 0.00231431404245086
875.0 0.002077380668197293
