lsstCam/transmission_filter_detector/r31_s10/u_24/19700101T000000.ecsv
# %ECSV 1.0
# ---
# datatype:
# - {name: wavelength, unit: nm, datatype: float32}
# - {name: efficiency, unit: '%', datatype: float64}
# meta: !!omap
# - {MODE: DETECTOR}
# - {TYPE: transmission_filter_detector}
# - {CALIBDATE: '1970-01-01T00:00:00'}
# - {INSTRUME: LSSTCam}
# - {OBSTYPE: transmission_filter_detector}
# - {CALIBCLS: lsst.ip.isr.IntermediateFilterDetectorTransmissionCurve}
# - {SOURCE: Materion (DM-46256)}
# - {DETECTOR: 129}
# - {FILTER: u_24}
# - {CALIB_ID: 'calibDate=1970-01-01T00:00:00 filter=u_24 detector=129'}
# - {DATE: '2025-04-02T15:59:40.347996'}
# - {CALIB_CREATION_DATE: '2025-04-02'}
# - {CALIB_CREATION_TIME: '15:59:40'}
# - __serialized_columns__:
#     efficiency:
#       __class__: astropy.units.quantity.Quantity
#       unit: !astropy.units.Unit {unit: '%'}
#       value: !astropy.table.SerializedColumn {name: efficiency}
#     wavelength:
#       __class__: astropy.units.quantity.Quantity
#       unit: !astropy.units.Unit {unit: nm}
#       value: !astropy.table.SerializedColumn {name: wavelength}
# schema: astropy-2.0
wavelength efficiency
[from data line 581]
876.0 0.0024422457499895245
877.0 0.002535514249757398
878.0 0.0026287832952220924
879.0 0.002562685949669685
880.0 0.0024965887860162184
881.0 0.0026985346266883425
882.0 0.0029004802854615264
883.0 0.0027595582650974393
884.0 0.002618636062834412
885.0 0.0026928204533760436
886.0 0.002767004662018735
887.0 0.0025216744688805193
888.0 0.0022763440938433632
889.0 0.0026262767278240062
890.0 0.0029762093618046492
891.0 0.003017571179952938
892.0 0.003058932998101227
893.0 0.00290201096504461
894.0 0.002745088750089053
895.0 0.0032598945836070925
896.0 0.0037747002352261916
897.0 0.003763219137908891
898.0 0.00375173804059159
899.0 0.0037331315979827195
900.0 0.0037145258829696104
901.0 0.0038218615372898057
902.0 0.003929197555407882
903.0 0.004182823249720968
904.0 0.004436449307831936
905.0 0.004715006434707902
906.0 0.004993562833988108
907.0 0.005160928049008362
908.0 0.005328293627826497
909.0 0.005450044773169793
910.0 0.005571796646108851
911.0 0.00559266482014209
912.0 0.005613532630377449
913.0 0.005493117350852117
914.0 0.005372701707528904
915.0 0.005037869414081797
916.0 0.004703036756836809
917.0 0.0044379867176758125
918.0 0.0041729359509190544
919.0 0.0042551288061076775
920.0 0.004337321661296301
921.0 0.004544076364254579
922.0 0.004750831431010738
923.0 0.005015260830987245
924.0 0.005279690230963752
925.0 0.00575926824240014
926.0 0.0062388462538365275
927.0 0.0064426305470988154
928.0 0.006646415567956865
929.0 0.006878277781652287
930.0 0.007110141450539231
931.0 0.006982087506912649
932.0 0.0068540342908818275
933.0 0.007096394256222993
934.0 0.007338752766372636
935.0 0.007264648593263701
936.0 0.007190543692559004
937.0 0.00691077220835723
938.0 0.006631002179346979
939.0 0.006384910375345498
940.0 0.006138817116152495
941.0 0.005689533281838521
942.0 0.005240249811322428
943.0 0.004734711546916515
944.0 0.0042291725549148396
945.0 0.00336319935740903
946.0 0.0024972254323074594
947.0 0.0024293180103995837
948.0 0.002361410042794887
949.0 0.0016643651179037988
950.0 0.00096731982921483
951.0 0.0010428497262182645
952.0 0.0011183794413227588
953.0 0.0013657799172506202
954.0 0.0016131802112795413
955.0 0.0017601581930648535
956.0 0.0019071361748501658
957.0 0.002188605139963329
958.0 0.002470074286975432
959.0 0.0028611146262846887
960.0 0.0032521551474928856
961.0 0.003537049633450806
962.0 0.003821944847004488
963.0 0.0039713482692604885
964.0 0.004120751691516489
965.0 0.004444574733497575
966.0 0.004768398139276542
967.0 0.004325353802414611
968.0 0.0038823091017547995
969.0 0.0042639476305339485
970.0 0.004645586159313098
971.0 0.004503875243244693
972.0 0.004362164327176288
973.0 0.004516022454481572
974.0 0.004669880581786856
975.0 0.0044648098992183805
976.0 0.004259739944245666
977.0 0.0038339068851200864
978.0 0.0034080738259945065
979.0 0.003231564551242627
980.0 0.003055055276490748
981.0 0.002881416367017664
982.0 0.002707777821342461
983.0 0.002546782161516603
984.0 0.0023857870473875664
985.0 0.0026563355277176015
986.0 0.0029268840080476366
987.0 0.003177042890456505
988.0 0.0034272015909664333
989.0 0.0040872153476811945
990.0 0.0047472294681938365
991.0 0.005281834091874771
992.0 0.0058164394431514665
993.0 0.006394895899575204
994.0 0.006973351264605299
995.0 0.006972830306040123
996.0 0.006972308619879186
997.0 0.006680306978523731
998.0 0.006388306064764038
999.0 0.006421937723644078
1000.0 0.006455571565311402
1001.0 0.006538396701216698
1002.0 0.006621224747505039
1003.0 0.006275583291426301
1004.0 0.005929941835347563
1005.0 0.005559003329835832
1006.0 0.005188063369132578
1007.0 0.005161960507393815
1008.0 0.005135857645655051
1009.0 0.004799814632860944
1010.0 0.0044637716200668365
1011.0 0.004030349009553902
1012.0 0.0035969263990409672
1013.0 0.003069350714213215
1014.0 0.0025417750293854624
1015.0 0.0020988933101762086
1016.0 0.0016560112271690741
1017.0 0.001518951012258185
1018.0 0.001381890797347296
1019.0 0.0014246060345612932
1020.0 0.001467321544623701
1021.0 0.0011837700185424183
1022.0 0.0009002185834106058
1023.0 0.0009796847734833136
1024.0 0.0010591510545054916
1025.0 0.0008940203770180233
1026.0 0.0007288898359547602
1027.0 0.001367753338854527
1028.0 0.0020066167053300887
1029.0 0.0017888611182570457
1030.0 0.0015711057130829431
1031.0 0.0018262750018038787
1032.0 0.002081444654322695
1033.0 0.0021101082893437706
1034.0 0.002138771924364846
1035.0 0.001773676194716245
1036.0 0.0014085802831687033
1037.0 0.0014917006410541944
1038.0 0.0015748209989396855
1039.0 0.002096279240504373
1040.0 0.002617737845866941
1041.0 0.0022474432626040652
1042.0 0.0018771486793411896
1043.0 0.0020985433366149664
1044.0 0.0023199379938887432
1045.0 0.0019945568055845797
1046.0 0.0016691752534825355
1047.0 0.0021027251932537183
1048.0 0.002536274951125961
1049.0 0.0020960082110832445
1050.0 0.0016557414710405283
1051.0 0.0015873287338763475
1052.0 0.0015189158148132265
1053.0 0.0012252074157004245
1054.0 0.0009314991984865628
1055.0 0.001404998965881532
1056.0 0.0018784987332765013
1057.0 0.0017681188182905316
1058.0 0.001657739449001383
1059.0 0.001457778944313759
1060.0 0.0012578185305756051
1061.0 0.0015846204405534081
1062.0 0.0019114226233796217
1063.0 0.001616747431398835
1064.0 0.001322072057519108
1065.0 0.0009325764040113427
1066.0 0.0005430808414530475
1067.0 0.0009842317922448274
1068.0 0.001425383106834488
1069.0 0.0007591955636598868
1070.0 9.300831607106375e-05
1071.0 0.0017084174032788724
1072.0 0.0033238266041735187
1073.0 0.002705779297684785
1074.0 0.0020877319911960512
1075.0 0.002529396442696452
1076.0 0.0029710610760957934
1077.0 0.0035896209737984464
1078.0 0.004208180325804278
1079.0 0.0048937450628727674
1080.0 0.005579309799941257
1081.0 0.006381302227964625
1082.0 0.00718329320079647
1083.0 0.005346185207599774
1084.0 0.003509076123009436
1085.0 0.004236630047671497
1086.0 0.004964184699929319
1087.0 0.003989665492554195
1088.0 0.003015146285179071
1089.0 0.0046683151595061645
1090.0 0.0063214843976311386
1091.0 0.00409442582167685
1092.0 0.0018673676095204428
1093.0 0.0030674484150949866
1094.0 0.004267529584467411
1095.0 0.002017897531914059
1096.0 1.6023073709861557e-10
1097.0 0.001353418792859884
1098.0 0.0029385724701569416
1099.0 0.0045032149500912055
1100.0 0.006067856156732887
