lsstCam/transmission_filter_detector/r31_s10/u_24/19700101T000000.ecsv
# %ECSV 1.0
# ---
# datatype:
# - {name: wavelength, unit: nm, datatype: float32}
# - {name: efficiency, unit: '%', datatype: float64}
# meta: !!omap
# - {MODE: DETECTOR}
# - {TYPE: transmission_filter_detector}
# - {CALIBDATE: '1970-01-01T00:00:00'}
# - {INSTRUME: LSSTCam}
# - {OBSTYPE: transmission_filter_detector}
# - {CALIBCLS: lsst.ip.isr.IntermediateFilterDetectorTransmissionCurve}
# - {SOURCE: Materion (DM-46256)}
# - {DETECTOR: 129}
# - {FILTER: u_24}
# - {CALIB_ID: 'calibDate=1970-01-01T00:00:00 filter=u_24 detector=129'}
# - {DATE: '2025-04-02T15:59:40.347996'}
# - {CALIB_CREATION_DATE: '2025-04-02'}
# - {CALIB_CREATION_TIME: '15:59:40'}
# - __serialized_columns__:
#     efficiency:
#       __class__: astropy.units.quantity.Quantity
#       unit: !astropy.units.Unit {unit: '%'}
#       value: !astropy.table.SerializedColumn {name: efficiency}
#     wavelength:
#       __class__: astropy.units.quantity.Quantity
#       unit: !astropy.units.Unit {unit: nm}
#       value: !astropy.table.SerializedColumn {name: wavelength}
# schema: astropy-2.0
wavelength efficiency
295.0 1.6023073709861557e-10
296.0 1.6023073709861557e-10
297.0 1.6023073709861557e-10
298.0 1.6023073709861557e-10
299.0 1.6023073709861557e-10
300.0 1.6023073709861557e-10
301.0 1.6023073709861557e-10
302.0 1.6023073709861557e-10
303.0 1.6023073709861557e-10
304.0 0.10425669606775045
305.0 0.5912714172154665
306.0 1.7020562663674355
307.0 3.312673419713974
308.0 5.48856183886528
309.0 8.771038800477982
310.0 12.101079523563385
311.0 15.790173411369324
312.0 19.601088762283325
313.0 22.663313150405884
314.0 25.919973850250244
315.0 28.197187185287476
316.0 30.422070622444153
317.0 32.84244239330292
318.0 35.726600885391235
319.0 39.42825496196747
320.0 44.859108328819275
321.0 50.24689435958862
322.0 56.303566694259644
323.0 61.8102490901947
324.0 66.33625030517578
325.0 69.59447860717773
326.0 71.98716998100281
327.0 73.89843463897705
328.0 75.64792037010193
329.0 77.03006267547607
330.0 78.37316393852234
331.0 79.09440398216248
332.0 79.53673005104065
333.0 79.604172706604
334.0 79.46047186851501
335.0 79.59463596343994
336.0 79.80449795722961
337.0 80.27072548866272
338.0 81.2479019165039
339.0 81.85685276985168
340.0 82.26374387741089
341.0 82.7026903629303
342.0 83.06291699409485
343.0 82.98764228820801
344.0 83.17974805831909
345.0 83.52149724960327
346.0 83.89835953712463
347.0 84.14623141288757
348.0 84.45558547973633
349.0 84.68154072761536
350.0 84.72824692726135
351.0 84.9149763584137
352.0 84.8240315914154
353.0 84.739089012146
354.0 84.73013043403625
355.0 84.89791750907898
356.0 85.08914709091187
357.0 85.04337668418884
358.0 84.66182351112366
359.0 84.44242477416992
360.0 84.26074385643005
361.0 84.0945839881897
362.0 83.90998244285583
363.0 84.09148454666138
364.0 84.16215181350708
365.0 84.4494879245758
366.0 84.69189405441284
367.0 84.75337624549866
368.0 84.79986786842346
369.0 84.80122685432434
370.0 84.67198014259338
371.0 84.46736335754395
372.0 84.42854881286621
373.0 84.55269932746887
374.0 84.6056878566742
375.0 84.92305874824524
376.0 85.09273529052734
377.0 85.10043025016785
378.0 85.21426916122437
379.0 84.9443793296814
380.0 84.33447480201721
381.0 82.99623131752014
382.0 81.26640915870667
383.0 79.19661402702332
384.0 77.15755701065063
385.0 74.828040599823
386.0 72.33518958091736
387.0 69.10243630409241
388.0 65.7536506652832
389.0 61.72508001327515
390.0 57.60505795478821
391.0 53.321874141693115
392.0 48.81781339645386
393.0 44.9781209230423
394.0 41.66575372219086
395.0 38.21421563625336
396.0 34.60793197154999
397.0 29.808786511421204
398.0 24.19961243867874
399.0 17.40521490573883
400.0 11.163844168186188
401.0 6.2577009201049805
402.0 2.7458079159259796
403.0 0.9296674281358719
404.0 0.3015994792804122
405.0 0.1525381812825799
406.0 0.07473716395907104
407.0 0.026698276633396745
408.0 1.6023073709861557e-10
409.0 1.6023073709861557e-10
410.0 1.6023073709861557e-10
411.0 1.6023073709861557e-10
412.0 1.6023073709861557e-10
413.0 1.6023073709861557e-10
414.0 1.6023073709861557e-10
415.0 1.6023073709861557e-10
416.0 1.6023073709861557e-10
417.0 1.6023073709861557e-10
418.0 1.6023073709861557e-10
419.0 1.6023073709861557e-10
420.0 1.6023073709861557e-10
421.0 1.6023073709861557e-10
422.0 1.6023073709861557e-10
423.0 1.6023073709861557e-10
424.0 1.6023073709861557e-10
425.0 1.6023073709861557e-10
426.0 0.0016350069927284494
427.0 0.0010432004273752682
428.0 0.0004513945896178484
429.0 0.0004431484285305487
430.0 0.00043490244934218936
431.0 0.0001664835394876718
432.0 1.6023073709861557e-10
433.0 1.6023073709861557e-10
434.0 1.6023073709861557e-10
435.0 1.6023073709861557e-10
436.0 1.6023073709861557e-10
437.0 1.6023073709861557e-10
438.0 1.6023073709861557e-10
439.0 1.6023073709861557e-10
440.0 1.6023073709861557e-10
441.0 1.6023073709861557e-10
442.0 1.6023073709861557e-10
443.0 1.6023073709861557e-10
444.0 1.6023073709861557e-10
445.0 1.6023073709861557e-10
446.0 1.6023073709861557e-10
447.0 1.6023073709861557e-10
448.0 1.6023073709861557e-10
449.0 1.6023073709861557e-10
450.0 1.6023073709861557e-10
451.0 1.6023073709861557e-10
452.0 0.00045556275836133864
453.0 1.6023073709861557e-10
454.0 1.6023073709861557e-10
455.0 1.6023073709861557e-10
456.0 1.6023073709861557e-10
457.0 1.6023073709861557e-10
458.0 0.00149669494931004
459.0 0.0008496107511746231
460.0 0.0002025265075644711
461.0 1.6023073709861557e-10
462.0 1.6023073709861557e-10
463.0 1.6023073709861557e-10
464.0 0.0008747124411456753
465.0 0.0004357366378826555
466.0 1.6023073709861557e-10
467.0 1.6023073709861557e-10
468.0 1.6023073709861557e-10
469.0 1.6023073709861557e-10
470.0 1.6023073709861557e-10
471.0 1.6023073709861557e-10
472.0 1.6023073709861557e-10
473.0 1.6023073709861557e-10
474.0 1.6023073709861557e-10
475.0 1.6023073709861557e-10
476.0 8.426300155406352e-05
477.0 1.6023073709861557e-10
478.0 1.6023073709861557e-10
479.0 1.6023073709861557e-10
480.0 0.0005277141553960973
481.0 0.00013268085012896336
482.0 1.6023073709861557e-10
483.0 1.6023073709861557e-10
484.0 0.00023109714675229043
485.0 0.00019125459402857814
486.0 0.00015141182529987418
487.0 1.6023073709861557e-10
488.0 1.6023073709861557e-10
489.0 1.6023073709861557e-10
490.0 1.6023073709861557e-10
491.0 1.6023073709861557e-10
492.0 1.6023073709861557e-10
493.0 1.6023073709861557e-10
494.0 1.6023073709861557e-10
495.0 1.6023073709861557e-10
496.0 1.6023073709861557e-10
497.0 1.6023073709861557e-10
498.0 1.6023073709861557e-10
499.0 1.6023073709861557e-10
500.0 1.6023073709861557e-10
501.0 1.6023073709861557e-10
502.0 1.6023073709861557e-10
503.0 1.6023073709861557e-10
504.0 0.00010362709872424603
505.0 1.6023073709861557e-10
506.0 1.6023073709861557e-10
507.0 1.6023073709861557e-10
508.0 0.00017504936522527714
509.0 1.6023073709861557e-10
510.0 1.6023073709861557e-10
511.0 1.6023073709861557e-10
512.0 1.6023073709861557e-10
513.0 1.6023073709861557e-10
514.0 1.6023073709861557e-10
515.0 1.3428962120087817e-05
516.0 6.619579266953224e-05
517.0 1.6023073709861557e-10
518.0 1.6023073709861557e-10
519.0 1.6023073709861557e-10
520.0 1.6023073709861557e-10
521.0 1.6023073709861557e-10
522.0 1.6023073709861557e-10
523.0 1.6023073709861557e-10
524.0 1.6023073709861557e-10
525.0 1.6023073709861557e-10
526.0 1.6023073709861557e-10
527.0 1.6023073709861557e-10
528.0 1.6023073709861557e-10
529.0 1.6023073709861557e-10
530.0 0.00032644447856000625
531.0 1.6023073709861557e-10
532.0 1.6023073709861557e-10
533.0 8.458844149572542e-05
534.0 0.0005628150574921165
535.0 3.8423550563493336e-05
536.0 1.6023073709861557e-10
537.0 1.6023073709861557e-10
538.0 0.00026914419777313014
539.0 3.9161614040494896e-05
540.0 1.6023073709861557e-10
541.0 1.6023073709861557e-10
542.0 3.062924349706009e-05
543.0 4.0356579233957746e-05
544.0 5.008384391658183e-05
545.0 0.0001816884378058603
546.0 0.0003132929350613267
547.0 8.104755693238985e-05
548.0 1.6023073709861557e-10
549.0 6.0934559087399975e-05
550.0 0.0002730668938966119
551.0 1.6023073709861557e-10
552.0 1.6023073709861557e-10
553.0 1.6023073709861557e-10
554.0 1.6023073709861557e-10
555.0 4.5344930299506814e-05
556.0 0.00022014962723915232
557.0 1.6023073709861557e-10
558.0 1.6023073709861557e-10
559.0 1.6023073709861557e-10
560.0 1.6023073709861557e-10
561.0 1.2495991086325375e-05
562.0 0.0003349344297021162
563.0 0.00018996690869244048
564.0 4.4999075043961057e-05
565.0 6.661352358605654e-05
566.0 8.822800623420335e-05
567.0 1.6023073709861557e-10
568.0 1.6023073709861557e-10
569.0 1.6023073709861557e-10
570.0 0.0003024939132956206
571.0 0.00035705393202078994
572.0 0.000411614064432797
573.0 0.0004067340341862291
574.0 0.0004018540039396612
575.0 0.00020912470972689334
576.0 1.639539846109983e-05
577.0 0.0002982847263410804
578.0 0.0005801740371680353
579.0 0.0007364206339843804
580.0 0.0008926673217501957
581.0 0.0010481859135325067
582.0 0.0012037045053148177
583.0 0.0014277220543590374
584.0 0.0016517391486559063
585.0 0.0011931892004213296
586.0 0.0007346392521867529
587.0 0.0003364933718330576
588.0 1.6023073709861557e-10
589.0 0.00041867292566166725
590.0 0.0008989984962681774
591.0 0.000959635781327961
592.0 0.0010202731573372148
593.0 0.0009696960660221521
594.0 0.0009191190656565595
595.0 0.0010826120160345454
596.0 0.0012461051483114716
597.0 0.000891511172085302
598.0 0.0005369169230107218
599.0 0.001078553032130003
600.0 0.0016201891412492841
601.0 0.0020330699044279754
602.0 0.0024459510314045474
603.0 0.0027264006348559633
604.0 0.0030068504202063195
605.0 0.002206713361374568
606.0 0.0014065765753912274
607.0 0.0009427402801520657
608.0 0.0004789039394381689
609.0 0.0003994087364844745
610.0 0.0003199134653186775
611.0 0.0004100380465388298
612.0 0.0005001626050216146
613.0 0.0006361028226820054
614.0 0.000772042949392926
615.0 0.0007418020231853006
616.0 0.0007115607331797946
617.0 0.0005944002168689622
618.0 0.0004772396096086595
619.0 0.000615852877672296
620.0 0.0007544661002611974
621.0 0.000707540129951667
622.0 0.0006606140232179314
623.0 0.0006839857633167412
624.0 0.0007073571850924054
625.0 0.0006451409717556089
626.0 0.0005829247584188124
627.0 0.0006538594789162744
628.0 0.0007247943813126767
629.0 0.0009524710549158044
630.0 0.0011801473192463163
631.0 0.0014911312973708846
632.0 0.0018021155483438633
633.0 0.0021326279238564894
634.0 0.002463140663166996
635.0 0.002794441388687119
636.0 0.003125742296106182
637.0 0.0027073461751569994
638.0 0.0022889500542078167
639.0 0.0017646058040554635
640.0 0.0012402620086504612
641.0 0.0013189162928028964
642.0 0.0013975707588542718
643.0 0.0009182986104860902
644.0 0.00043902668949158397
645.0 0.00020153852346993517
646.0 1.6023073709861557e-10
647.0 1.6023073709861557e-10
648.0 1.6023073709861557e-10
649.0 1.6023073709861557e-10
650.0 0.00023248460365721257
651.0 0.0005557254553423263
652.0 0.0008789662388153374
653.0 0.0009775912076293025
654.0 0.0010762162673927378
655.0 0.0015239815184031613
656.0 0.001971747406059876
657.0 0.0022959649868425913
658.0 0.0026201825676253065
659.0 0.003113369530183263
660.0 0.0036065564927412197
661.0 0.0034636563214007765
662.0 0.0033207561500603333
663.0 0.0030779676308156922
664.0 0.002835179475368932
665.0 0.0019837116269627586
666.0 0.0011322439604555257
667.0 0.0012193018847028725
668.0 0.001306359627051279
669.0 0.001084320592781296
670.0 0.0008622814675618429
671.0 0.0005727742518502055
672.0 0.000283266990663833
673.0 0.0003270281240475015
674.0 0.00037078939385537524
675.0 0.00047533931137877516
676.0 0.0005798891379527049
677.0 0.000962051944952691
678.0 0.001344214706477942
679.0 0.0017933296476257965
680.0 0.0022424443159252405
681.0 0.003307699444121681
682.0 0.004372954572318122
683.0 0.005672785118804313
684.0 0.006972615665290505
685.0 0.008402887760894373
686.0 0.00983315912890248
687.0 0.009124870121013373
688.0 0.00841658329591155
689.0 0.007070467836456373
690.0 0.0057243541959906
691.0 0.004697859185398556
692.0 0.003671364174806513
693.0 0.0031868104997556657
694.0 0.0027022564609069377
695.0 0.0019685907318489626
696.0 0.0012349248208920471
697.0 0.001027184771373868
698.0 0.0008194449037546292
699.0 0.000689402850184706
700.0 0.0005593607511400478
701.0 0.0007315810762520414
702.0 0.0009038014468387701
703.0 0.0007573308721475769
704.0 0.0006108604793553241
705.0 0.0007452993486367632
706.0 0.0008797381269687321
707.0 0.0009300528290623333
708.0 0.0009803675311559346
709.0 0.0009284548468713183
710.0 0.0008765423444856424
711.0 0.0008474904461763799
712.0 0.0008184385478671174
713.0 0.0008401832019444555
714.0 0.0008619278560217936
715.0 0.0007841471415304113
716.0 0.000706366381564294
717.0 0.0007776908205414657
718.0 0.0008490151230944321
719.0 0.0006461801149271196
720.0 0.00044334528865874745
721.0 0.0003749241159312078
722.0 0.00030650276130472776
723.0 0.00025218243990821065
724.0 0.00019786205029959092
725.0 0.0002761561290753889
726.0 0.0003544501851138193
727.0 8.865326321938483e-05
728.0 1.6023073709861557e-10
729.0 4.77862613479374e-05
730.0 0.00027271630642644595
731.0 0.00019054530184803298
732.0 0.00010837438821909018
733.0 0.00030170449463184923
734.0 0.0004950346919940785
735.0 0.0006040461357770255
736.0 0.0007130576250347076
737.0 0.0006118381406849949
738.0 0.0005106186563352821
739.0 0.0004598707164404914
740.0 0.00040912273107096553
741.0 0.0008777467883192003
742.0 0.0013463709365169052
743.0 0.0017982041754294187
744.0 0.0022500375052914023
745.0 0.0030930128559703007
746.0 0.003935987842851318
747.0 0.00393376722058747
748.0 0.003931546598323621
749.0 0.003984170325566083
750.0 0.004036794416606426
751.0 0.0037954912841087207
752.0 0.0035541877878131345
753.0 0.0031024410418467596
754.0 0.0026506935682846233
755.0 0.0026443791284691542
756.0 0.002638065052451566
757.0 0.0021968829969409853
758.0 0.0017557011233293451
759.0 0.0014523840945912525
760.0 0.0011490670658531599
761.0 0.0009407411198480986
762.0 0.0007324151283683022
763.0 0.0006866505373182008
764.0 0.0006408863555407152
765.0 0.0004189419087197166
766.0 0.00019699723452504259
767.0 0.00025767276383703575
768.0 0.00031834822493692627
769.0 0.0004001184152002679
770.0 0.0004818886736757122
771.0 0.0004128146429138724
772.0 0.00034374056667729747
773.0 0.0006931663847353775
774.0 0.001042591975419782
775.0 0.0010308415767212864
776.0 0.0010190915418206714
777.0 0.0008485773832944687
778.0 0.0006780635885661468
779.0 0.0008350570169568527
780.0 0.0009920503543980885
781.0 0.0013081830729788635
782.0 0.0016243157006101683
783.0 0.0010920025488303509
784.0 0.0005596893061010633
785.0 0.0010175152056035586
786.0 0.0014753412870049942
787.0 0.0011119448572571855
788.0 0.0007485487003577873
789.0 0.0007956549779919442
790.0 0.0008427613465755712
791.0 0.0006818935162300477
792.0 0.0005210255039855838
793.0 0.0007746752999082673
794.0 0.0010283250958309509
795.0 0.0008207489372580312
796.0 0.0006131726422609063
797.0 0.00020862507881247438
798.0 1.6023073709861557e-10
799.0 1.6023073709861557e-10
800.0 0.00015227910807880107
801.0 1.6023073709861557e-10
802.0 1.6023073709861557e-10
803.0 1.6023073709861557e-10
804.0 0.00011551956049515866
805.0 4.798706640940509e-05
806.0 1.6023073709861557e-10
807.0 0.00011143496294607758
808.0 0.0002424153308311361
809.0 0.00019024151924895705
810.0 0.00013806766219204292
811.0 1.6023073709861557e-10
812.0 1.6023073709861557e-10
813.0 1.6023073709861557e-10
814.0 3.422653094276029e-05
815.0 0.00030796375085628824
816.0 0.0005817010332975769
817.0 0.0005104914635012392
818.0 0.0004392819846543716
819.0 0.00016028241134335985
820.0 1.6023073709861557e-10
821.0 1.6023073709861557e-10
822.0 6.23784217168577e-05
823.0 0.00027541623239812907
824.0 0.0004884540430794004
825.0 0.0003574647507775808
826.0 0.00022647568584943656
827.0 1.6023073709861557e-10
828.0 1.6023073709861557e-10
829.0 1.6023073709861557e-10
830.0 1.6023073709861557e-10
831.0 1.6023073709861557e-10
832.0 0.000390336253985879
833.0 0.00023321579192270292
834.0 7.609536964992003e-05
835.0 2.962077303436672e-05
836.0 1.6023073709861557e-10
837.0 1.6023073709861557e-10
838.0 1.6023073709861557e-10
839.0 1.6023073709861557e-10
840.0 8.527927661816648e-05
841.0 1.6023073709861557e-10
842.0 1.6023073709861557e-10
843.0 1.6023073709861557e-10
844.0 0.0002801584741973784
845.0 0.0002565203203630517
846.0 0.00023288225747819524
847.0 1.6023073709861557e-10
848.0 1.6023073709861557e-10
849.0 1.6023073709861557e-10
850.0 0.0002963652832477237
851.0 0.0002908422175096348
852.0 0.0002853192199836485
853.0 0.00010798913763210294
854.0 1.6023073709861557e-10
855.0 5.993134095660935e-05
856.0 0.00018920350157713983
857.0 0.0004322307631809963
858.0 0.0006752580247848528
859.0 0.0008449631422990933
860.0 0.001014668305288069
861.0 0.0009176118510367814
862.0 0.0008205553967854939
863.0 0.0011713763342413586
864.0 0.0015221975445456337
865.0 0.001293524655920919
866.0 0.0010648517672962043
867.0 0.0015594983779010363
868.0 0.0020541447156574577
869.0 0.001948523276951164
870.0 0.0018429018382448703
871.0 0.0020451272575883195
872.0 0.0022473526769317687
873.0 0.0025803161406656727
874.0 0.002913280150096398
