lsstCam/transmission_filter_detector/r14_s02/u_24/19700101T000000.ecsv
# %ECSV 1.0
# ---
# datatype:
# - {name: wavelength, unit: nm, datatype: float32}
# - {name: efficiency, unit: '%', datatype: float64}
# meta: !!omap
# - {MODE: DETECTOR}
# - {TYPE: transmission_filter_detector}
# - {CALIBDATE: '1970-01-01T00:00:00'}
# - {INSTRUME: LSSTCam}
# - {OBSTYPE: transmission_filter_detector}
# - {CALIBCLS: lsst.ip.isr.IntermediateFilterDetectorTransmissionCurve}
# - {SOURCE: Materion (DM-46256)}
# - {DETECTOR: 65}
# - {FILTER: u_24}
# - {CALIB_ID: 'calibDate=1970-01-01T00:00:00 filter=u_24 detector=65'}
# - {DATE: '2025-04-02T15:59:40.050411'}
# - {CALIB_CREATION_DATE: '2025-04-02'}
# - {CALIB_CREATION_TIME: '15:59:40'}
# - __serialized_columns__:
#     efficiency:
#       __class__: astropy.units.quantity.Quantity
#       unit: !astropy.units.Unit {unit: '%'}
#       value: !astropy.table.SerializedColumn {name: efficiency}
#     wavelength:
#       __class__: astropy.units.quantity.Quantity
#       unit: !astropy.units.Unit {unit: nm}
#       value: !astropy.table.SerializedColumn {name: wavelength}
# schema: astropy-2.0
wavelength efficiency
295.0 2.669442791813914e-10
296.0 2.669442791813914e-10
297.0 2.669442791813914e-10
298.0 2.669442791813914e-10
299.0 2.669442791813914e-10
300.0 2.669442791813914e-10
301.0 0.14985529705882072
302.0 2.669442791813914e-10
303.0 0.1264012884348631
304.0 0.7087380159646273
305.0 2.0346520468592644
306.0 3.3885717391967773
307.0 5.873090773820877
308.0 8.920829743146896
309.0 12.777960300445557
310.0 16.439341008663177
311.0 20.458991825580597
312.0 23.995472490787506
313.0 26.630941033363342
314.0 29.320642352104187
315.0 31.962749361991882
316.0 34.416407346725464
317.0 38.00660967826843
318.0 42.29666888713837
319.0 47.789040207862854
320.0 54.36660647392273
321.0 59.897053241729736
322.0 65.5283272266388
323.0 69.54816579818726
324.0 72.5282371044159
325.0 74.95588064193726
326.0 76.89094543457031
327.0 78.35965752601624
328.0 80.11365532875061
329.0 81.12269043922424
330.0 81.85235261917114
331.0 82.0719301700592
332.0 82.17414021492004
333.0 82.45452046394348
334.0 82.46887922286987
335.0 83.09561610221863
336.0 83.78957509994507
337.0 84.48750972747803
338.0 85.32843589782715
339.0 85.73355078697205
340.0 85.96653342247009
341.0 86.4242434501648
342.0 86.58613562583923
343.0 86.48651838302612
344.0 86.78810000419617
345.0 87.4221920967102
346.0 87.64370679855347
347.0 88.1072998046875
348.0 88.23438286781311
349.0 88.39914798736572
350.0 88.37233185768127
351.0 88.50827813148499
352.0 88.50903511047363
353.0 88.53882551193237
354.0 88.39311003684998
355.0 88.47936391830444
356.0 88.55502605438232
357.0 88.3265495300293
358.0 87.81217336654663
359.0 87.60367631912231
360.0 87.39103674888611
361.0 87.14115619659424
362.0 87.09247708320618
363.0 87.39873170852661
364.0 87.72503733634949
365.0 88.13698887825012
366.0 88.40601444244385
367.0 88.44661712646484
368.0 88.50038647651672
369.0 88.67068290710449
370.0 88.60790729522705
371.0 88.61386179924011
372.0 88.82709741592407
373.0 89.01188373565674
374.0 89.09699320793152
375.0 89.50483798980713
376.0 89.7433340549469
377.0 89.8650586605072
378.0 89.6531879901886
379.0 88.8601005077362
380.0 87.61432766914368
381.0 85.66253185272217
382.0 83.62982869148254
383.0 81.54504895210266
384.0 79.27173376083374
385.0 76.60906910896301
386.0 73.48738312721252
387.0 69.24139261245728
388.0 64.85215425491333
389.0 60.073232650756836
390.0 55.84457516670227
391.0 51.71818733215332
392.0 47.822606563568115
393.0 44.34517025947571
394.0 40.461716055870056
395.0 35.4493647813797
396.0 29.551655054092407
397.0 21.996712684631348
398.0 14.951522648334503
399.0 8.671621978282928
400.0 4.071827977895737
401.0 1.4633881859481335
402.0 0.48188772052526474
403.0 0.2004444831982255
404.0 0.0252237863605842
405.0 0.05174028337933123
406.0 0.007522905798396096
407.0 2.669442791813914e-10
408.0 2.669442791813914e-10
409.0 2.669442791813914e-10
410.0 2.669442791813914e-10
411.0 2.669442791813914e-10
412.0 2.669442791813914e-10
413.0 2.669442791813914e-10
414.0 2.669442791813914e-10
415.0 2.669442791813914e-10
416.0 2.669442791813914e-10
417.0 2.669442791813914e-10
418.0 2.669442791813914e-10
419.0 2.669442791813914e-10
420.0 2.669442791813914e-10
421.0 2.669442791813914e-10
422.0 2.669442791813914e-10
423.0 2.669442791813914e-10
424.0 2.669442791813914e-10
425.0 2.669442791813914e-10
426.0 2.669442791813914e-10
427.0 2.669442791813914e-10
428.0 0.0025385928893228993
429.0 0.002699934702832252
430.0 0.0028612761525437236
431.0 0.001316297857556492
432.0 2.669442791813914e-10
433.0 0.0006448749445553403
434.0 0.0015184305084403604
435.0 0.001117310966947116
436.0 0.0007161920621001627
437.0 2.669442791813914e-10
438.0 2.669442791813914e-10
439.0 0.00044711596274282783
440.0 0.002420821510895621
441.0 0.0005561318630498135
442.0 2.669442791813914e-10
443.0 2.669442791813914e-10
444.0 0.0006592199497390538
445.0 0.0007779062798363157
446.0 0.0008965934284788091
447.0 8.338831207765907e-05
448.0 2.669442791813914e-10
449.0 0.0002986717390740523
450.0 0.0013271597708808258
451.0 2.669442791813914e-10
452.0 2.669442791813914e-10
453.0 2.669442791813914e-10
454.0 2.669442791813914e-10
455.0 2.669442791813914e-10
456.0 2.669442791813914e-10
457.0 2.669442791813914e-10
458.0 2.669442791813914e-10
459.0 2.669442791813914e-10
460.0 2.669442791813914e-10
461.0 2.669442791813914e-10
462.0 2.669442791813914e-10
463.0 2.669442791813914e-10
464.0 2.669442791813914e-10
465.0 2.669442791813914e-10
466.0 0.00019298470306239324
467.0 2.669442791813914e-10
468.0 2.669442791813914e-10
469.0 2.669442791813914e-10
470.0 2.669442791813914e-10
471.0 2.669442791813914e-10
472.0 2.669442791813914e-10
473.0 2.669442791813914e-10
474.0 2.669442791813914e-10
475.0 2.669442791813914e-10
476.0 0.00050714716053335
477.0 0.0006191577995195985
478.0 0.0007311685749300523
479.0 0.0001939897401825874
480.0 2.669442791813914e-10
481.0 2.669442791813914e-10
482.0 0.00014042134353076108
483.0 0.00025432264010305516
484.0 0.00036822389120061416
485.0 1.2458292530936887e-05
486.0 2.669442791813914e-10
487.0 2.669442791813914e-10
488.0 2.669442791813914e-10
489.0 2.669442791813914e-10
490.0 2.669442791813914e-10
491.0 2.669442791813914e-10
492.0 2.669442791813914e-10
493.0 2.669442791813914e-10
494.0 2.669442791813914e-10
495.0 9.93818616734643e-05
496.0 0.0011364478268660605
497.0 0.0005202536613069242
498.0 2.669442791813914e-10
499.0 2.669442791813914e-10
500.0 2.669442791813914e-10
501.0 2.669442791813914e-10
502.0 2.669442791813914e-10
503.0 2.669442791813914e-10
504.0 2.669442791813914e-10
505.0 2.669442791813914e-10
506.0 0.00016408750980190234
507.0 2.669442791813914e-10
508.0 2.669442791813914e-10
509.0 2.669442791813914e-10
510.0 2.669442791813914e-10
511.0 0.00029119348710082704
512.0 0.0007200276286312146
513.0 0.0006090457191021414
514.0 0.0004980635367246578
515.0 0.00042557326196401846
516.0 0.00035308307815284934
517.0 0.00015012324183771852
518.0 2.669442791813914e-10
519.0 0.0001696583808552532
520.0 0.00039215337892528623
521.0 0.0004480221832636744
522.0 0.0005038909421273274
523.0 0.00015839769957892713
524.0 2.669442791813914e-10
525.0 2.669442791813914e-10
526.0 2.669442791813914e-10
527.0 2.669442791813914e-10
528.0 2.669442791813914e-10
529.0 2.669442791813914e-10
530.0 2.669442791813914e-10
531.0 0.000156428131958819
532.0 0.0006876093721075449
533.0 0.00026917703053186415
534.0 2.669442791813914e-10
535.0 2.669442791813914e-10
536.0 2.855856564565329e-05
537.0 2.669442791813914e-10
538.0 2.669442791813914e-10
539.0 2.669442791813914e-10
540.0 3.1664646371609706e-05
541.0 2.669442791813914e-10
542.0 2.669442791813914e-10
543.0 2.669442791813914e-10
544.0 2.669442791813914e-10
545.0 2.669442791813914e-10
546.0 2.669442791813914e-10
547.0 7.725757313892245e-05
548.0 0.00032492541777173756
549.0 2.669442791813914e-10
550.0 2.669442791813914e-10
551.0 2.669442791813914e-10
552.0 2.669442791813914e-10
553.0 2.669442791813914e-10
554.0 2.669442791813914e-10
555.0 2.669442791813914e-10
556.0 2.669442791813914e-10
557.0 2.669442791813914e-10
558.0 2.669442791813914e-10
559.0 2.669442791813914e-10
560.0 0.00020219661109877052
561.0 2.669442791813914e-10
562.0 2.669442791813914e-10
563.0 2.669442791813914e-10
564.0 2.669442791813914e-10
565.0 2.669442791813914e-10
566.0 2.669442791813914e-10
567.0 2.669442791813914e-10
568.0 2.669442791813914e-10
569.0 0.00018111420558852842
570.0 0.0004884844656771747
571.0 0.00042686583583417814
572.0 0.0003652474788395921
573.0 0.0004936246568831848
574.0 0.0006220022896741284
575.0 0.00028364165700622834
576.0 2.669442791813914e-10
577.0 1.910599394250312e-05
578.0 9.293081575378892e-05
579.0 0.0004769836777995806
580.0 0.0008610366421635263
581.0 0.0010915744496742263
582.0 0.0013221126209828071
583.0 0.0015062153579492588
584.0 0.001690318458713591
585.0 0.0013828800547344144
586.0 0.0010754413779068273
587.0 0.0009879729987005703
588.0 0.0009005045285448432
589.0 0.0008760173841437791
590.0 0.0008515299668943044
591.0 0.0009175506420433521
592.0 0.00098357140814187
593.0 0.0007909927262517158
594.0 0.0005984139079373563
595.0 0.000696818642609287
596.0 0.0007952230589580722
597.0 0.001053460619004909
598.0 0.0013116980881022755
599.0 0.0019105284081888385
600.0 0.0025093586373259313
601.0 0.002647429755597841
602.0 0.0027855006919708103
603.0 0.002355642027396243
604.0 0.0019257835447206162
605.0 0.0013996112102176994
606.0 0.0008734387847653124
607.0 0.0008821715709927958
608.0 0.0008909044481697492
609.0 0.0006520026090583997
610.0 0.0004131008608965203
611.0 0.0005682888968294719
612.0 0.0007234768872876884
613.0 0.0008568190423829947
614.0 0.000990161242953036
615.0 0.0009461510671826545
616.0 0.0009021409823617432
617.0 0.0007696394277445506
618.0 0.0006371381459757686
619.0 0.0003818511231656885
620.0 0.00012656423677981365
621.0 0.0003288686912128469
622.0 0.000531173100171145
623.0 0.0005693569164577639
624.0 0.0006075407782191178
625.0 0.000836092385725351
626.0 0.0010646442206052598
627.0 0.0009866138498182409
628.0 0.0009085834790312219
629.0 0.0011585119864321314
630.0 0.0014084404938330408
631.0 0.0018300288502359763
632.0 0.002251616751891561
633.0 0.002312285505468026
634.0 0.0023729542590444908
635.0 0.002517746361263562
636.0 0.002662538281583693
637.0 0.002322197178727947
638.0 0.0019818557120743208
639.0 0.001302108466916252
640.0 0.0006223610853339778
641.0 0.000782220195105765
642.0 0.0009420793503522873
643.0 0.0006181820481288014
644.0 0.0002942847459053155
645.0 0.00040881336644815747
646.0 0.0005233418960415293
647.0 0.0003163778046655352
648.0 0.00010941381560769514
649.0 7.757553248666227e-05
650.0 4.573736589463806e-05
651.0 0.000509534629600239
652.0 0.0009733320439408999
653.0 0.0013077521543891635
654.0 0.0016421719919890165
655.0 0.0017134823792730458
656.0 0.0017847925846581347
657.0 0.002738336843322031
658.0 0.0036918816476827487
659.0 0.004127658394281752
660.0 0.004563434777082875
661.0 0.004423080827109516
662.0 0.004282726513338275
663.0 0.0030659633921459317
664.0 0.0018492009985493496
665.0 0.0016090003555291332
666.0 0.0013687996215594467
667.0 0.0014084239410294686
668.0 0.0014480482604994904
669.0 0.0009115690772887319
670.0 0.0003750900305021787
671.0 0.0004706641902885167
672.0 0.0005662382591253845
673.0 0.0004432072728377534
674.0 0.00032017626381275477
675.0 0.0007174282927735476
676.0 0.001114680344471708
677.0 0.0017389138520229608
678.0 0.0023631477233720943
679.0 0.0025855828425846994
680.0 0.0028080179617973045
681.0 0.003731694960151799
682.0 0.004655371958506294
683.0 0.006589357508346438
684.0 0.008523344149580225
685.0 0.008985226304503158
686.0 0.009447112825000659
687.0 0.00841405417304486
688.0 0.007380994793493301
689.0 0.00565575719519984
690.0 0.00393051996070426
691.0 0.003538230885169469
692.0 0.003145941809634678
693.0 0.0029458167773555033
694.0 0.002745691926975269
695.0 0.0023345415684161708
696.0 0.001923391391756013
697.0 0.001383510789310094
698.0 0.0008436300959147047
699.0 0.0006017823125148425
700.0 0.00035993448364024516
701.0 0.00042595543163770344
702.0 0.0004919765615341021
703.0 0.0006822609066148289
704.0 0.0008725454790692311
705.0 0.0009331819455837831
706.0 0.0009938185939972755
707.0 0.0009279046935262159
708.0 0.0008619905202067457
709.0 0.0007258197001647204
710.0 0.0005896487436984899
711.0 0.0007925509635242634
712.0 0.000995453228824772
713.0 0.0010633031706674956
714.0 0.0011311532944091596
715.0 0.000821932280814508
716.0 0.0005127111762703862
717.0 0.0004595945938490331
718.0 0.00040647792047820985
719.0 0.0003756922751563252
720.0 0.000344906607097073
721.0 0.00030037067517696414
722.0 0.00025583472051948775
723.0 0.0003157811306664371
724.0 0.00037572749533865135
725.0 0.00019962360511271982
726.0 2.351955714630094e-05
727.0 0.00020791021597688086
728.0 0.0003923008989659138
729.0 0.0003798886837103055
730.0 0.0003674764229799621
731.0 0.00030527128274115967
732.0 0.0002430661652397248
733.0 0.00020620436771423556
734.0 0.00016934262703216518
735.0 0.00037470747429324547
736.0 0.0005800723556603771
737.0 0.0006835382464487338
738.0 0.0007870042281865608
739.0 0.0005831412636325695
740.0 0.0003792781853917404
741.0 0.0008326050192408729
742.0 0.0012859321032010484
743.0 0.002116016185027547
744.0 0.0029460999940056354
745.0 0.0035611250496003777
746.0 0.0041761493775993586
747.0 0.004548660945147276
748.0 0.004921172512695193
749.0 0.0043453524995129555
750.0 0.0037695328501285985
751.0 0.00314886165142525
752.0 0.0025281904527219012
753.0 0.0020438677893253043
754.0 0.0015595451259287074
755.0 0.0018161945263273083
756.0 0.00207284447242273
757.0 0.0017725598809192888
758.0 0.0014722751075169072
759.0 0.0012768299711751752
760.0 0.0010813848348334432
761.0 0.0012500049706432037
762.0 0.0014186251064529642
763.0 0.0011782700312323868
764.0 0.0009379146831633989
765.0 0.0008511267878930084
766.0 0.000764338892622618
767.0 0.000572338967685937
768.0 0.00038033897453715326
769.0 0.0005156167389941402
770.0 0.0006508942988148192
771.0 0.0006054943241906585
772.0 0.0005600940312433522
773.0 0.0003795904376602266
774.0 0.00019908666217816062
775.0 0.0003021543307113461
776.0 0.00040522186282032635
777.0 0.0003992013262177352
778.0 0.0003931805622414686
779.0 0.0008133151823130902
780.0 0.001233449893334182
781.0 0.0011757002539525274
782.0 0.0011179506145708729
783.0 0.0010299266250513028
784.0 0.0009419026355317328
785.0 0.001250111290573841
786.0 0.001558319854666479
787.0 0.0012047331438225228
788.0 0.000851146069180686
789.0 0.0009499678526481148
790.0 0.0010487894542166032
791.0 0.000887926944415085
792.0 0.0007270643891388318
793.0 8.643100954941474e-05
794.0 2.669442791813914e-10
795.0 2.669442791813914e-10
796.0 2.669442791813914e-10
797.0 0.0002516694166843081
798.0 0.0005565590527112363
799.0 0.00026772440833155997
800.0 2.669442791813914e-10
801.0 1.4721650565263644e-07
802.0 2.1404724748208537e-05
803.0 2.669442791813914e-10
804.0 2.669442791813914e-10
805.0 2.669442791813914e-10
806.0 4.707574987605767e-05
807.0 3.154879379962949e-05
808.0 1.60218334599449e-05
809.0 0.00026586640160530806
810.0 0.0005157111445441842
811.0 0.00014982551874709316
812.0 2.669442791813914e-10
813.0 0.0002721422561080544
814.0 0.000760344755690312
815.0 0.0006520526312669972
816.0 0.0005437605977931526
817.0 0.0004983789494872326
818.0 0.00045299739213078283
819.0 0.00020253110051271506
820.0 2.669442791813914e-10
821.0 2.669442791813914e-10
822.0 2.669442791813914e-10
823.0 2.669442791813914e-10
824.0 2.669442791813914e-10
825.0 2.669442791813914e-10
826.0 2.669442791813914e-10
827.0 2.669442791813914e-10
828.0 0.00045045189835946076
829.0 0.0004218237791064894
830.0 0.0003931960691261338
831.0 9.65193223123606e-06
832.0 2.669442791813914e-10
833.0 2.669442791813914e-10
834.0 2.669442791813914e-10
835.0 2.669442791813914e-10
836.0 0.0002742453489190666
837.0 2.669442791813914e-10
838.0 2.669442791813914e-10
839.0 2.669442791813914e-10
840.0 2.669442791813914e-10
841.0 2.669442791813914e-10
842.0 5.900282644688559e-05
843.0 7.885373634053394e-05
844.0 9.870459507510532e-05
845.0 0.00014524547395922127
846.0 0.00019178630736860214
847.0 0.0003260464382037753
848.0 0.00046030654630158097
849.0 0.0005601413704425795
850.0 0.0006599760581593728
851.0 0.0002686602329049492
852.0 2.669442791813914e-10
853.0 0.0001836620640460751
854.0 0.0004899794930679491
855.0 0.00031202530408336315
856.0 0.00013407106962404214
857.0 0.0004444933438207954
858.0 0.0007549155725428136
859.0 0.0009310725545219611
860.0 0.001107229218177963
861.0 0.001111087931349175
862.0 0.001114946644520387
863.0 0.0013802007742924616
864.0 0.001645454904064536
865.0 0.002054044307442382
866.0 0.002462633347022347
867.0 0.0022490561605081894
868.0 0.0020354793377919123
869.0 0.0019697879906743765
870.0 0.001904096825455781
871.0 0.0017277561710216105
872.0 0.0015514153346884996
873.0 0.0018456048564985394
874.0 0.002139794196409639
875.0 0.002247630800411571
876.0 0.0023554674044135027
877.0 0.0024386521545238793
878.0 0.002521837450331077
879.0 0.00276314949587686
880.0 0.003004462087119464
