lsstCam/transmission_filter_detector/r14_s02/u_24/19700101T000000.ecsv
# %ECSV 1.0
# ---
# datatype:
# - {name: wavelength, unit: nm, datatype: float32}
# - {name: efficiency, unit: '%', datatype: float64}
# meta: !!omap
# - {MODE: DETECTOR}
# - {TYPE: transmission_filter_detector}
# - {CALIBDATE: '1970-01-01T00:00:00'}
# - {INSTRUME: LSSTCam}
# - {OBSTYPE: transmission_filter_detector}
# - {CALIBCLS: lsst.ip.isr.IntermediateFilterDetectorTransmissionCurve}
# - {SOURCE: Materion (DM-46256)}
# - {DETECTOR: 65}
# - {FILTER: u_24}
# - {CALIB_ID: 'calibDate=1970-01-01T00:00:00 filter=u_24 detector=65'}
# - {DATE: '2025-04-02T15:59:40.050411'}
# - {CALIB_CREATION_DATE: '2025-04-02'}
# - {CALIB_CREATION_TIME: '15:59:40'}
# - __serialized_columns__:
#     efficiency:
#       __class__: astropy.units.quantity.Quantity
#       unit: !astropy.units.Unit {unit: '%'}
#       value: !astropy.table.SerializedColumn {name: efficiency}
#     wavelength:
#       __class__: astropy.units.quantity.Quantity
#       unit: !astropy.units.Unit {unit: nm}
#       value: !astropy.table.SerializedColumn {name: wavelength}
# schema: astropy-2.0
wavelength efficiency
[from data line 587]
882.0 0.0032466548873344436
883.0 0.0029530654501286335
884.0 0.0026594765586196445
885.0 0.0026930061721941456
886.0 0.0027265361495665275
887.0 0.0025342413209727965
888.0 0.0023419470380758867
889.0 0.002333298107259907
890.0 0.002324649176443927
891.0 0.002529976154619362
892.0 0.0027353031327947974
893.0 0.00252986719715409
894.0 0.002324430715816561
895.0 0.0028063164791092277
896.0 0.003288202060502954
897.0 0.0038628564652753994
898.0 0.004437511233845726
899.0 0.0043910404201596975
900.0 0.004344569242675789
901.0 0.004368828376755118
902.0 0.004393087874632329
903.0 0.004668994006351568
904.0 0.004944900138070807
905.0 0.005014788621338084
906.0 0.005084676740807481
907.0 0.0054824038670631126
908.0 0.005880130993318744
909.0 0.005969767880742438
910.0 0.006059405131964013
911.0 0.006136652518762276
912.0 0.006213899905560538
913.0 0.006008130731061101
914.0 0.005802361556561664
915.0 0.005227267320151441
916.0 0.004652173083741218
917.0 0.004114497642149217
918.0 0.0035768225643550977
919.0 0.004044219895149581
920.0 0.004511617953539826
921.0 0.004608940071193501
922.0 0.004706262188847177
923.0 0.005722121204598807
924.0 0.006737978401361033
925.0 0.006909696094226092
926.0 0.007081414514686912
927.0 0.007527257548645139
928.0 0.00797309767222032
929.0 0.008018758671823889
930.0 0.008064419671427459
931.0 0.007436967280227691
932.0 0.006809514161432162
933.0 0.006729906453983858
934.0 0.006650299474131316
935.0 0.0067357803345657885
936.0 0.006821262650191784
937.0 0.0069202331360429525
938.0 0.007019206532277167
939.0 0.0070623842475470155
940.0 0.007105561962816864
941.0 0.006106004002504051
942.0 0.005106444950797595
943.0 0.00441733754996676
944.0 0.0037282305129338056
945.0 0.0029108647140674293
946.0 0.0020934990970999934
947.0 0.001795662501535844
948.0 0.001497825996921165
949.0 0.0014137247489998117
950.0 0.0013296235010784585
951.0 0.0014905134776199702
952.0 0.0016514035451109521
953.0 0.0016100328139145859
954.0 0.00156866226461716
955.0 0.002066256456600968
956.0 0.0025638504666858353
957.0 0.002780831891868729
958.0 0.0029978129532537423
959.0 0.0032658015697961673
960.0 0.0035337892768438905
961.0 0.00390943132515531
962.0 0.004285072645870969
963.0 0.004438191172084771
964.0 0.0045913096982985735
965.0 0.00466041783511173
966.0 0.0047295266995206475
967.0 0.004803196134162135
968.0 0.004876866296399385
969.0 0.0046625522372778505
970.0 0.004448238541954197
971.0 0.004691051799454726
972.0 0.004933864693157375
973.0 0.0048716290621086955
974.0 0.0048093930672621354
975.0 0.004436472954694182
976.0 0.0040635521145304665
977.0 0.003758461753022857
978.0 0.003453371027717367
979.0 0.0033951520890695974
980.0 0.0033369335142197087
981.0 0.003200813807779923
982.0 0.003064694465138018
983.0 0.0031592935556545854
984.0 0.0032538926461711526
985.0 0.0035359294997761026
986.0 0.0038179667171789333
987.0 0.004214296495774761
988.0 0.004610626274370588
989.0 0.005585403778241016
990.0 0.006560180918313563
991.0 0.006903035682626069
992.0 0.007245891174534336
993.0 0.007799955346854404
994.0 0.008354018063982949
995.0 0.007731973164482042
996.0 0.00710992535459809
997.0 0.006896001286804676
998.0 0.006682081584585831
999.0 0.006583439972018823
1000.0 0.006484797631856054
1001.0 0.005972927465336397
1002.0 0.005461056207423098
1003.0 0.004967186396243051
1004.0 0.004473316221265122
1005.0 0.0045665718062082306
1006.0 0.004659826299757697
1007.0 0.004660619015339762
1008.0 0.004661409911932424
1009.0 0.004119141885894351
1010.0 0.0035768742236541584
1011.0 0.003613969965954311
1012.0 0.0036510653444565833
1013.0 0.003199655839125626
1014.0 0.002748246151895728
1015.0 0.0023270265955943614
1016.0 0.0019058070392929949
1017.0 0.0017044076230376959
1018.0 0.0015030081158329267
1019.0 0.0012306875760259572
1020.0 0.0009583667633705772
1021.0 0.0009646221769799013
1022.0 0.0009708775905892253
1023.0 0.0010763293175841682
1024.0 0.001181781044579111
1025.0 0.0013129195394867565
1026.0 0.0014440582162933424
1027.0 0.0012903236893180292
1028.0 0.0011365887985448353
1029.0 0.0012129848073527683
1030.0 0.0012893809980596416
1031.0 0.0019573495592339896
1032.0 0.0026253186661051586
1033.0 0.002459725692460779
1034.0 0.00229413290071534
1035.0 0.0026442336093168706
1036.0 0.002994334317918401
1037.0 0.003046723759325687
1038.0 0.003099113018834032
1039.0 0.002736335045483429
1040.0 0.0023735574359307066
1041.0 0.0017606414985493757
1042.0 0.0011477258340164553
1043.0 0.001441966560378205
1044.0 0.0017362071957904845
1045.0 0.001415244423697004
1046.0 0.0010942814697045833
1047.0 0.00169915674632648
1048.0 0.002304032568645198
1049.0 0.0018655124222277664
1050.0 0.0014269917301135138
1051.0 0.0013614093404612504
1052.0 0.0012958266779605765
1053.0 0.000970107976172585
1054.0 0.0006443889105867129
1055.0 0.00023021416382107418
1056.0 2.669442791813914e-10
1057.0 0.0005356821475288598
1058.0 0.0012553246051538736
1059.0 0.0008831429113342892
1060.0 0.0005109613084641751
1061.0 0.0015521714885835536
1062.0 0.0025933813958545215
1063.0 0.002534488885430619
1064.0 0.002475596556905657
1065.0 0.0013706297977478243
1066.0 0.0002656634251252399
1067.0 0.0008671279829286505
1068.0 0.001468591744924197
1069.0 0.0023283751943381503
1070.0 0.003188158370903693
1071.0 0.0017482681869296357
1072.0 0.00030837829854135634
1073.0 0.0007685482160013635
1074.0 0.001228718065249268
1075.0 0.0030616542062489316
1076.0 0.004894589801551774
1077.0 0.005491768388310447
1078.0 0.0060889469750691205
1079.0 0.006254913023440167
1080.0 0.006420876161428168
1081.0 0.004939418795402162
1082.0 0.0034579610655782744
1083.0 0.0029581413400592282
1084.0 0.0024583214326412417
1085.0 0.0028465459763538092
1086.0 0.0032347699743695557
1087.0 0.0036776029446627945
1088.0 0.0041204355511581525
1089.0 0.005507997775566764
1090.0 0.0068955603637732565
1091.0 0.005139575296198018
1092.0 0.0033835902286227793
1093.0 0.002038580169028137
1094.0 0.00069357033680717
1095.0 0.0005216114914219361
1096.0 0.00034965266877406975
1097.0 0.0011962050848524086
1098.0 0.0020427578419912606
1099.0 0.002796487751766108
1100.0 0.003550218025338836
