lsstCam/transmission_filter_detector/r01_s22/u_24/19700101T000000.ecsv
# %ECSV 1.0
# ---
# datatype:
# - {name: wavelength, unit: nm, datatype: float32}
# - {name: efficiency, unit: '%', datatype: float64}
# meta: !!omap
# - {MODE: DETECTOR}
# - {TYPE: transmission_filter_detector}
# - {CALIBDATE: '1970-01-01T00:00:00'}
# - {INSTRUME: LSSTCam}
# - {OBSTYPE: transmission_filter_detector}
# - {CALIBCLS: lsst.ip.isr.IntermediateFilterDetectorTransmissionCurve}
# - {SOURCE: Materion (DM-46256)}
# - {DETECTOR: 8}
# - {FILTER: u_24}
# - {CALIB_ID: 'calibDate=1970-01-01T00:00:00 filter=u_24 detector=8'}
# - {DATE: '2025-04-02T15:59:39.783297'}
# - {CALIB_CREATION_DATE: '2025-04-02'}
# - {CALIB_CREATION_TIME: '15:59:39'}
# - __serialized_columns__:
#     efficiency:
#       __class__: astropy.units.quantity.Quantity
#       unit: !astropy.units.Unit {unit: '%'}
#       value: !astropy.table.SerializedColumn {name: efficiency}
#     wavelength:
#       __class__: astropy.units.quantity.Quantity
#       unit: !astropy.units.Unit {unit: nm}
#       value: !astropy.table.SerializedColumn {name: wavelength}
# schema: astropy-2.0
wavelength efficiency
295.0 1.6221126004911657e-10
296.0 1.6221126004911657e-10
297.0 1.6221126004911657e-10
298.0 1.6221126004911657e-10
299.0 1.6221126004911657e-10
300.0 1.6221126004911657e-10
301.0 1.6221126004911657e-10
302.0 1.6221126004911657e-10
303.0 0.08294192957691848
304.0 0.20412083249539137
305.0 0.9063019417226315
306.0 1.7484085634350777
307.0 3.473508358001709
308.0 6.031288579106331
309.0 9.290127456188202
310.0 12.586557865142822
311.0 16.499142348766327
312.0 20.199817419052124
313.0 23.35464209318161
314.0 26.22571885585785
315.0 28.625160455703735
316.0 30.890285968780518
317.0 33.50890874862671
318.0 36.31390035152435
319.0 40.25005400180817
320.0 46.18419110774994
321.0 51.62721872329712
322.0 57.63764977455139
323.0 63.06588649749756
324.0 67.37859845161438
325.0 70.38706541061401
326.0 72.64921069145203
327.0 74.533611536026
328.0 76.24984383583069
329.0 77.4606466293335
330.0 78.92953753471375
331.0 79.48577404022217
332.0 79.80040311813354
333.0 79.82982993125916
334.0 79.73214983940125
335.0 80.01097440719604
336.0 80.23356199264526
337.0 80.75442910194397
338.0 81.62623643875122
339.0 82.22760558128357
340.0 82.63094425201416
341.0 83.09047818183899
342.0 83.37813019752502
343.0 83.41517448425293
344.0 83.59285593032837
345.0 83.97349119186401
346.0 84.25652384757996
347.0 84.70229506492615
348.0 84.93438363075256
349.0 85.10961532592773
350.0 85.1829469203949
351.0 85.3725016117096
352.0 85.3107213973999
353.0 85.19847989082336
354.0 85.12325882911682
355.0 85.34096479415894
356.0 85.55105328559875
357.0 85.44543385505676
358.0 85.17813682556152
359.0 84.99013185501099
360.0 84.70685482025146
361.0 84.52106714248657
362.0 84.3697190284729
363.0 84.45596098899841
364.0 84.56266522407532
365.0 84.87659096717834
366.0 85.10243892669678
367.0 85.23525595664978
368.0 85.21977663040161
369.0 85.31668186187744
370.0 85.0831389427185
371.0 84.94575619697571
372.0 84.95312333106995
373.0 85.07367968559265
374.0 85.15806198120117
375.0 85.45301556587219
376.0 85.59978008270264
377.0 85.66745519638062
378.0 85.72702407836914
379.0 85.36823987960815
380.0 84.67177152633667
381.0 83.3520233631134
382.0 81.50801062583923
383.0 79.55441474914551
384.0 77.44335532188416
385.0 75.10902881622314
386.0 72.55982756614685
387.0 69.2272424697876
388.0 65.78322649002075
389.0 61.5911066532135
390.0 57.50342607498169
391.0 53.18453311920166
392.0 48.79389703273773
393.0 45.10016441345215
394.0 41.84565544128418
395.0 38.18663954734802
396.0 34.27802920341492
397.0 28.996288776397705
398.0 22.881971299648285
399.0 15.932685136795044
400.0 9.799914807081223
401.0 5.230188742280006
402.0 2.1356284618377686
403.0 0.6556987296789885
404.0 0.22137882187962532
405.0 0.09126856457442045
406.0 0.05362399388104677
407.0 0.028728952747769654
408.0 1.6221126004911657e-10
409.0 1.6221126004911657e-10
410.0 1.6221126004911657e-10
411.0 1.6221126004911657e-10
412.0 0.00688472282490693
413.0 1.6221126004911657e-10
414.0 1.6221126004911657e-10
415.0 1.6221126004911657e-10
416.0 1.6221126004911657e-10
417.0 1.6221126004911657e-10
418.0 1.6221126004911657e-10
419.0 1.6221126004911657e-10
420.0 1.6221126004911657e-10
421.0 1.6221126004911657e-10
422.0 1.6221126004911657e-10
423.0 1.6221126004911657e-10
424.0 1.6221126004911657e-10
425.0 1.6221126004911657e-10
426.0 1.6221126004911657e-10
427.0 1.6221126004911657e-10
428.0 1.6221126004911657e-10
429.0 0.0009587581189407501
430.0 0.0026690473532653414
431.0 0.001318176418863004
432.0 1.6221126004911657e-10
433.0 1.6221126004911657e-10
434.0 1.6221126004911657e-10
435.0 0.0009845591193879955
436.0 0.0021132022084202617
437.0 0.00021932712570560398
438.0 1.6221126004911657e-10
439.0 8.219894880312495e-05
440.0 0.0018389460819889791
441.0 0.00018599654367790208
442.0 1.6221126004911657e-10
443.0 1.6221126004911657e-10
444.0 1.6221126004911657e-10
445.0 1.6221126004911657e-10
446.0 1.6221126004911657e-10
447.0 1.6221126004911657e-10
448.0 1.6221126004911657e-10
449.0 4.731940634883358e-05
450.0 0.0006728299922542647
451.0 1.6221126004911657e-10
452.0 1.6221126004911657e-10
453.0 1.6221126004911657e-10
454.0 0.00032106197522807634
455.0 1.6221126004911657e-10
456.0 1.6221126004911657e-10
457.0 1.6221126004911657e-10
458.0 1.6221126004911657e-10
459.0 1.6221126004911657e-10
460.0 1.6221126004911657e-10
461.0 1.6221126004911657e-10
462.0 1.6221126004911657e-10
463.0 1.6221126004911657e-10
464.0 1.6221126004911657e-10
465.0 1.6221126004911657e-10
466.0 5.508450158231426e-05
467.0 1.6221126004911657e-10
468.0 1.6221126004911657e-10
469.0 1.6221126004911657e-10
470.0 0.0010165105777559802
471.0 0.00030628089007223025
472.0 1.6221126004911657e-10
473.0 1.6221126004911657e-10
474.0 1.6221126004911657e-10
475.0 1.6221126004911657e-10
476.0 0.000285120950138662
477.0 0.00027525570658326615
478.0 0.0002653904857652378
479.0 5.5064987236619345e-06
480.0 1.6221126004911657e-10
481.0 0.00011279793170615449
482.0 0.00047997305046010297
483.0 1.4346785803809325e-05
484.0 1.6221126004911657e-10
485.0 1.6221126004911657e-10
486.0 1.6221126004911657e-10
487.0 1.6221126004911657e-10
488.0 1.6221126004911657e-10
489.0 1.6221126004911657e-10
490.0 1.6221126004911657e-10
491.0 1.6221126004911657e-10
492.0 1.6221126004911657e-10
493.0 1.6221126004911657e-10
494.0 1.6221126004911657e-10
495.0 1.6221126004911657e-10
496.0 0.00046532609303540085
497.0 0.0002168445689676446
498.0 1.6221126004911657e-10
499.0 1.6221126004911657e-10
500.0 1.6221126004911657e-10
501.0 1.6221126004911657e-10
502.0 1.6221126004911657e-10
503.0 1.6221126004911657e-10
504.0 1.6221126004911657e-10
505.0 1.6221126004911657e-10
506.0 1.6221126004911657e-10
507.0 1.6221126004911657e-10
508.0 1.6221126004911657e-10
509.0 1.6221126004911657e-10
510.0 1.6221126004911657e-10
511.0 1.6221126004911657e-10
512.0 0.00021035275494796224
513.0 0.00027219839466852136
514.0 0.00033404387522750767
515.0 0.0005463705747388303
516.0 0.0007586972515127854
517.0 1.6221126004911657e-10
518.0 1.6221126004911657e-10
519.0 1.6221126004911657e-10
520.0 0.0002320132807653863
521.0 0.000527819656781503
522.0 0.0008236259418481495
523.0 0.0003762360847758828
524.0 1.6221126004911657e-10
525.0 1.6221126004911657e-10
526.0 1.6221126004911657e-10
527.0 1.6221126004911657e-10
528.0 1.6221126004911657e-10
529.0 1.6221126004911657e-10
530.0 1.6221126004911657e-10
531.0 9.714788120618323e-05
532.0 0.0002946500444522826
533.0 1.6221126004911657e-10
534.0 1.6221126004911657e-10
535.0 1.6221126004911657e-10
536.0 1.6221126004911657e-10
537.0 1.6221126004911657e-10
538.0 1.6221126004911657e-10
539.0 1.6221126004911657e-10
540.0 1.6221126004911657e-10
541.0 1.6221126004911657e-10
542.0 1.6221126004911657e-10
543.0 1.6221126004911657e-10
544.0 1.6221126004911657e-10
545.0 1.6221126004911657e-10
546.0 1.6221126004911657e-10
547.0 1.6221126004911657e-10
548.0 2.5531505798426224e-05
549.0 1.6221126004911657e-10
550.0 1.6221126004911657e-10
551.0 1.6221126004911657e-10
552.0 1.6221126004911657e-10
553.0 1.6221126004911657e-10
554.0 1.6221126004911657e-10
555.0 1.6221126004911657e-10
556.0 1.6221126004911657e-10
557.0 1.6221126004911657e-10
558.0 1.6221126004911657e-10
559.0 1.6221126004911657e-10
560.0 0.00012784860246028984
561.0 1.6221126004911657e-10
562.0 1.6221126004911657e-10
563.0 1.6221126004911657e-10
564.0 1.6221126004911657e-10
565.0 1.6221126004911657e-10
566.0 1.6221126004911657e-10
567.0 1.6221126004911657e-10
568.0 3.9922269934322685e-05
569.0 0.00024191781449189875
570.0 0.00044391322262526955
571.0 0.0005350804713089019
572.0 0.0006262478564167395
573.0 0.0005804363809147617
574.0 0.0005346252692106646
575.0 0.00027407120342104463
576.0 1.3517329477963358e-05
577.0 0.00026699419777287403
578.0 0.0005204709850659128
579.0 0.0005236559445620514
580.0 0.000526840858583455
581.0 0.0007403229119518073
582.0 0.0009538051926938351
583.0 0.0012336917279753834
584.0 0.001513578445155872
585.0 0.0011697978152369615
586.0 0.0008260166396212298
587.0 0.000923673633224098
588.0 0.0010213307177764364
589.0 0.0010131810995517299
590.0 0.001005031299428083
591.0 0.0009741337635205127
592.0 0.0009432362276129425
593.0 0.0006880241926410235
594.0 0.0004328119302954292
595.0 0.000731340787751833
596.0 0.0010298693268850911
597.0 0.001122138201026246
598.0 0.0012144068932684604
599.0 0.0016244257494690828
600.0 0.0020344443328212947
601.0 0.0020950074031134136
602.0 0.0021555704734055325
603.0 0.0018612336134538054
604.0 0.0015668969354010187
605.0 0.0014086015653447248
606.0 0.001250306286237901
607.0 0.0012541539945232216
608.0 0.0012580017028085422
609.0 0.000852757329994347
610.0 0.00044751291170541663
611.0 0.0006601067525480175
612.0 0.0008727007298148237
613.0 0.0006845939424238168
614.0 0.00049648724598228
615.0 0.00068083795667917
616.0 0.0008651887583255302
617.0 0.0007674749213038012
618.0 0.0006697612661810126
619.0 0.0004937134690408129
620.0 0.0003176658537995536
621.0 0.0005692798822565237
622.0 0.0008208938197640236
623.0 0.0006737473086104728
624.0 0.0005266006610327167
625.0 0.0007035089311102638
626.0 0.0008804171557130758
627.0 0.000800025554781314
628.0 0.0007196341357484926
629.0 0.000789734986028634
630.0 0.0008598359272582456
631.0 0.0014516827832267154
632.0 0.002043529457296245
633.0 0.0020405468603712507
634.0 0.002037564445345197
635.0 0.002224370291514788
636.0 0.0024111759557854384
637.0 0.002275387851113919
638.0 0.002139599382644519
639.0 0.0016641197362332605
640.0 0.001188640180771472
641.0 0.001113208600145299
642.0 0.001037777019519126
643.0 0.0007431953690684168
644.0 0.0004486136731429724
645.0 0.00037573477129626554
646.0 0.00030285580123745603
647.0 6.111304742262291e-05
648.0 1.6221126004911657e-10
649.0 3.598592570597248e-05
650.0 0.0002526014213799499
651.0 0.0006527644018206047
652.0 0.00105292765510967
653.0 0.001444625831936719
654.0 0.0018363238268648274
655.0 0.0017441394447814673
656.0 0.0016519546989002265
657.0 0.0026449182769283652
658.0 0.0036378820368554443
659.0 0.003993616337538697
660.0 0.004349350274424069
661.0 0.004195347719360143
662.0 0.004041345164296217
663.0 0.0031834184483159333
664.0 0.00232549191423459
665.0 0.0020383238734211773
666.0 0.0017511552869109437
667.0 0.0016154706827364862
668.0 0.001479785714764148
669.0 0.0009835699529503472
670.0 0.0004873542820860166
671.0 0.00041921925912902225
672.0 0.0003510840997478226
673.0 0.0004256720785633661
674.0 0.0005002599664294394
675.0 0.0007534740234405035
676.0 0.0010066881259263027
677.0 0.0015604367945343256
678.0 0.0021141855540918186
679.0 0.0023855049221310765
680.0 0.002656824108271394
681.0 0.00360819831257686
682.0 0.004559572698781267
683.0 0.006157015741337091
684.0 0.007754458783892915
685.0 0.008052933844737709
686.0 0.008351411088369787
687.0 0.007665754674235359
688.0 0.006980098987696692
689.0 0.0058680703659774736
690.0 0.004756042471854016
691.0 0.004224961594445631
692.0 0.003693880353239365
693.0 0.0032233841920970008
694.0 0.0027528874852578156
695.0 0.002367937304370571
696.0 0.0019829871234833263
697.0 0.001487423651269637
698.0 0.0009918601790559478
699.0 0.0008106212590064388
700.0 0.0006293821115832543
701.0 0.0004711631845566444
702.0 0.0003129444394289749
703.0 0.0005341695214156061
704.0 0.0007553948762506479
705.0 0.0008529936167178676
706.0 0.0009505924936092924
707.0 0.000922154686122667
708.0 0.0008937166057876311
709.0 0.0007066084890539059
710.0 0.0005195002358959755
711.0 0.0006470923381129978
712.0 0.0007746843039058149
713.0 0.0008796150723355822
714.0 0.0009845459317148197
715.0 0.0008187508683477063
716.0 0.0006529558049805928
717.0 0.0006272519840422319
718.0 0.000601548117629136
719.0 0.00048681104090064764
720.0 0.0003720739414347918
721.0 0.0004601513865054585
722.0 0.0005482288088387577
723.0 0.00038086443510110257
724.0 0.00021350006136344746
725.0 8.419784762736526e-05
726.0 1.6221126004911657e-10
727.0 0.0002859222831830266
728.0 0.0006169490916363429
729.0 0.00035558416584535735
730.0 9.421941626897024e-05
731.0 9.417858564120252e-05
732.0 9.413777206646046e-05
733.0 8.478922381982557e-05
734.0 7.54406642045069e-05
735.0 0.00037897400488873245
736.0 0.000682507243254804
737.0 0.0006532641236844938
738.0 0.0006240209586394485
739.0 0.0006268709057621891
740.0 0.0006297207619354594
741.0 0.0010161413229070604
742.0 0.0014025618838786613
743.0 0.002021769978455268
744.0 0.002640977982082404
745.0 0.00309281240333803
746.0 0.003544646460795775
747.0 0.003888027640641667
748.0 0.004231408456689678
749.0 0.0037674526538467035
750.0 0.003303496851003729
751.0 0.00314655844704248
752.0 0.002989620406879112
753.0 0.002523341026972048
754.0 0.0020570614651660435
755.0 0.00222165253944695
756.0 0.002386243977525737
757.0 0.0020682477043010294
758.0 0.001750251067278441
759.0 0.0014258800547395367
760.0 0.0011015091331501026
761.0 0.0010791392014652956
762.0 0.0010567693607299589
763.0 0.0008222091310017277
764.0 0.0005876488557987614
765.0 0.0007561408892797772
766.0 0.0009246330591849983
767.0 0.0007970521437528078
768.0 0.0006694710464216769
769.0 0.0006354171091516037
770.0 0.000601362944507855
771.0 0.0004783985332323937
772.0 0.0003554339855327271
773.0 0.0003885799742420204
774.0 0.0004217259629513137
775.0 0.0004161385277257068
776.0 0.0004105510470253648
777.0 0.0005569209406530717
778.0 0.0007032905614323681
779.0 0.0008770908607402816
780.0 0.0010508909326745197
781.0 0.0011039770470233634
782.0 0.001157063161372207
783.0 0.0010056962310045492
784.0 0.0008543291187379509
785.0 0.0010037259926320985
786.0 0.0011531225027283654
787.0 0.0009786832379177213
788.0 0.000804243882157607
789.0 0.0008651380994706415
790.0 0.0009260324986826163
791.0 0.0009105557182920165
792.0 0.0008950786650530063
793.0 0.0003487553840386681
794.0 1.6221126004911657e-10
795.0 2.2986445458172966e-05
796.0 0.00024354076231247745
797.0 0.0003023124236278818
798.0 0.0003610840622059186
799.0 0.00025152633043035166
800.0 0.000141968484967947
801.0 1.5685992593716946e-05
802.0 1.6221126004911657e-10
803.0 1.6221126004911657e-10
804.0 0.00010036343383035273
805.0 6.096755100770679e-05
806.0 2.1571744923676306e-05
807.0 1.6221126004911657e-10
808.0 1.6221126004911657e-10
809.0 2.5717446305861813e-05
810.0 0.00034034553664241685
811.0 1.6221126004911657e-10
812.0 1.6221126004911657e-10
813.0 1.6760122889536433e-05
814.0 0.0004267863005225081
815.0 0.00048189840526902117
816.0 0.0005370104190660641
817.0 0.0003090918880843674
818.0 8.117334573398693e-05
819.0 3.378357291694556e-05
820.0 1.6221126004911657e-10
821.0 1.6221126004911657e-10
822.0 1.6221126004911657e-10
823.0 1.6221126004911657e-10
824.0 3.1049995641296846e-05
825.0 1.6221126004911657e-10
826.0 1.6221126004911657e-10
827.0 0.00012497782790887868
828.0 0.0005496958692674525
829.0 0.0005028696250519715
830.0 0.00045604374463437125
831.0 0.00011510455806273967
832.0 1.6221126004911657e-10
833.0 1.6221126004911657e-10
834.0 1.6221126004911657e-10
835.0 1.6221126004911657e-10
836.0 1.6221126004911657e-10
837.0 1.6221126004911657e-10
838.0 1.6221126004911657e-10
839.0 1.6221126004911657e-10
840.0 1.6221126004911657e-10
841.0 1.6221126004911657e-10
842.0 1.7750349456946424e-05
843.0 1.6221126004911657e-10
844.0 1.6221126004911657e-10
845.0 4.499761985243822e-05
846.0 0.00022012477529642638
847.0 0.00019726885511772707
848.0 0.00017441290083297645
849.0 0.00023417828742822167
850.0 0.0002939435944426805
851.0 0.0002845290964614833
852.0 0.0002751146212176536
853.0 0.00017285750573137193
854.0 7.060029929562006e-05
855.0 0.0001175147303911217
856.0 0.00016442911601188825
857.0 0.00048951060307445
858.0 0.0008145922038238496
859.0 0.0007931175787234679
860.0 0.0007716432264714967
861.0 0.0009236356163455639
862.0 0.0010756279152701609
863.0 0.001163032720796764
864.0 0.0012504372534749564
865.0 0.0017406857296009548
866.0 0.0022309339328785427
867.0 0.002019978637690656
868.0 0.0018090237063006498
869.0 0.0017613107047509402
870.0 0.0017135975213022903
871.0 0.0017602638763491996
872.0 0.0018069300494971685
873.0 0.0019441082258708775
874.0 0.0020812864022445865
875.0 0.002174629298679065
