lsstCam/transmission_filter_detector/r01_s22/u_24/19700101T000000.ecsv
# %ECSV 1.0
# ---
# datatype:
# - {name: wavelength, unit: nm, datatype: float32}
# - {name: efficiency, unit: '%', datatype: float64}
# meta: !!omap
# - {MODE: DETECTOR}
# - {TYPE: transmission_filter_detector}
# - {CALIBDATE: '1970-01-01T00:00:00'}
# - {INSTRUME: LSSTCam}
# - {OBSTYPE: transmission_filter_detector}
# - {CALIBCLS: lsst.ip.isr.IntermediateFilterDetectorTransmissionCurve}
# - {SOURCE: Materion (DM-46256)}
# - {DETECTOR: 8}
# - {FILTER: u_24}
# - {CALIB_ID: 'calibDate=1970-01-01T00:00:00 filter=u_24 detector=8'}
# - {DATE: '2025-04-02T15:59:39.783297'}
# - {CALIB_CREATION_DATE: '2025-04-02'}
# - {CALIB_CREATION_TIME: '15:59:39'}
# - __serialized_columns__:
#     efficiency:
#       __class__: astropy.units.quantity.Quantity
#       unit: !astropy.units.Unit {unit: '%'}
#       value: !astropy.table.SerializedColumn {name: efficiency}
#     wavelength:
#       __class__: astropy.units.quantity.Quantity
#       unit: !astropy.units.Unit {unit: nm}
#       value: !astropy.table.SerializedColumn {name: wavelength}
# schema: astropy-2.0
wavelength efficiency
[from data line 582]
877.0 0.0024334167392225936
878.0 0.002598861465230584
879.0 0.0026542462364886887
880.0 0.0027096315534436144
881.0 0.0029260128940222785
882.0 0.0031423947802977636
883.0 0.002807237069646362
884.0 0.002472079904691782
885.0 0.0024198056053137407
886.0 0.00236753148783464
887.0 0.0021953308532829396
888.0 0.00202313040063018
889.0 0.0020844927348662168
890.0 0.0021458548872033134
891.0 0.0023306289222091436
892.0 0.0025154031391139142
893.0 0.002606037014629692
894.0 0.0026966703444486484
895.0 0.0030745373805984855
896.0 0.0034524044167483225
897.0 0.0038401522033382207
898.0 0.004227899989928119
899.0 0.004334152981755324
900.0 0.0044404059735825285
901.0 0.0044212134525878355
902.0 0.004402021659188904
903.0 0.004708261621999554
904.0 0.005014501221012324
905.0 0.005098021574667655
906.0 0.005181541564525105
907.0 0.005564810271607712
908.0 0.005948078978690319
909.0 0.00584460431127809
910.0 0.005741130007663742
911.0 0.00575956582906656
912.0 0.005778002014267258
913.0 0.005613997200271115
914.0 0.00544999202247709
915.0 0.00499742163810879
916.0 0.0045448512537404895
917.0 0.004188537423033267
918.0 0.0038322232285281643
919.0 0.0041597839299356565
920.0 0.004487344631343149
921.0 0.004758280192618258
922.0 0.005029215390095487
923.0 0.0058061043091584
924.0 0.006582991045434028
925.0 0.006851556827314198
926.0 0.007120122609194368
927.0 0.007679493864998221
928.0 0.008238861482823268
929.0 0.008136605902109295
930.0 0.008034350321395323
931.0 0.007485742389690131
932.0 0.006937133002793416
933.0 0.006716100324410945
934.0 0.006495067646028474
935.0 0.006688878784189001
936.0 0.006882689194753766
937.0 0.006979029421927407
938.0 0.007075371831888333
939.0 0.00708829757058993
940.0 0.007101222581695765
941.0 0.006125157960923389
942.0 0.005149091157363728
943.0 0.004218736648908816
944.0 0.0032883825042517856
945.0 0.002584152935014572
946.0 0.0018799235476762988
947.0 0.001646448981773574
948.0 0.001412974415870849
949.0 0.0014163374544295948
950.0 0.0014197004020388704
951.0 0.0012042065463901963
952.0 0.000988712599792052
953.0 0.0012459605386538897
954.0 0.001503208841313608
955.0 0.0022551095753442496
956.0 0.0030070103093748912
957.0 0.0030031045753275976
958.0 0.002999198295583483
959.0 0.003266638668719679
960.0 0.0035340784961590543
961.0 0.00404295751650352
962.0 0.004551836536847986
963.0 0.004758141585625708
964.0 0.004964447361999191
965.0 0.004842611087951809
966.0 0.004720775541500188
967.0 0.004726174665847793
968.0 0.0047315745177911595
969.0 0.004754779365612194
970.0 0.004777984213433228
971.0 0.004862819696427323
972.0 0.004947655543219298
973.0 0.004609004099620506
974.0 0.004270352656021714
975.0 0.00418045929109212
976.0 0.004090565562364645
977.0 0.0037838679418200627
978.0 0.0034771699574775994
979.0 0.003186900357832201
980.0 0.0028966309400857426
981.0 0.0027871386919287033
982.0 0.0026776460799737833
983.0 0.0029338507374632172
984.0 0.00319005484925583
985.0 0.003721187385963276
986.0 0.004252319922670722
987.0 0.004636459561879747
988.0 0.005020599201088771
989.0 0.006066216519684531
990.0 0.00711183383828029
991.0 0.0073270399298053235
992.0 0.0075422474765218794
993.0 0.007819880556780845
994.0 0.008097514364635572
995.0 0.007542359526269138
996.0 0.006987201777519658
997.0 0.006479210424004123
998.0 0.005971221253275871
999.0 0.006022495290380903
1000.0 0.006073768963688053
1001.0 0.0058648831327445805
1002.0 0.005655996938003227
1003.0 0.005290531771606766
1004.0 0.004925064786220901
1005.0 0.005104225056129508
1006.0 0.005283384962240234
1007.0 0.005041783151682466
1008.0 0.004800179158337414
1009.0 0.00440035764768254
1010.0 0.004000536500825547
1011.0 0.0038732625398552045
1012.0 0.0037459885788848624
1013.0 0.003316623406135477
1014.0 0.0028872580514871515
1015.0 0.0025470419132034294
1016.0 0.0022068257749197073
1017.0 0.001980863817152567
1018.0 0.0017549016774864867
1019.0 0.001572973451402504
1020.0 0.001391045043419581
1021.0 0.0012109356248402037
1022.0 0.0010308262062608264
1023.0 0.0011268479283899069
1024.0 0.0012228696505189873
1025.0 0.0013960889191366732
1026.0 0.0015693083696532995
1027.0 0.0014656026905868202
1028.0 0.0013618971024698112
1029.0 0.0015388593965326436
1030.0 0.0017158221453428268
1031.0 0.00204647676582681
1032.0 0.002377131568209734
1033.0 0.0023840240828576498
1034.0 0.0023909169613034464
1035.0 0.0024934468456194736
1036.0 0.00259597636613762
1037.0 0.00273953155556228
1038.0 0.0028830869268858805
1039.0 0.0025744649974512868
1040.0 0.0022658434318145737
1041.0 0.001879843694041483
1042.0 0.0014938444110157434
1043.0 0.0016988393326755613
1044.0 0.0019038347090827301
1045.0 0.0016333866369677708
1046.0 0.001362938928650692
1047.0 0.0019301938664284535
1048.0 0.002497448986105155
1049.0 0.0019218039597035386
1050.0 0.0013461583876051009
1051.0 0.0014317331078927964
1052.0 0.0015173075553320814
1053.0 0.0014804820239078254
1054.0 0.0014436562196351588
1055.0 0.0009200977729051374
1056.0 0.00039653955354879145
1057.0 0.0012950100426678546
1058.0 0.002193480577261653
1059.0 0.0013916870557295624
1060.0 0.0005898937160964124
1061.0 0.001254418930329848
1062.0 0.0019189441445632838
1063.0 0.0017255373677471653
1064.0 0.001532130227133166
1065.0 0.0012227847037138417
1066.0 0.0009134393621934578
1067.0 0.0008846374839777127
1068.0 0.0008558350600651465
1069.0 0.002038380080193747
1070.0 0.0032209249184234068
1071.0 0.0017840917280409485
1072.0 0.0003472590378805762
1073.0 0.0010882725291594397
1074.0 0.0018292856111656874
1075.0 0.0032320698664989322
1076.0 0.004634853030438535
1077.0 0.004797957444679923
1078.0 0.0049610622227191925
1079.0 0.006059538645786233
1080.0 0.007158012158470228
1081.0 0.005088775287731551
1082.0 0.003019538416992873
1083.0 0.0023326401787926443
1084.0 0.0016457417586934753
1085.0 0.002600447623990476
1086.0 0.003555152943590656
1087.0 0.0033031967177521437
1088.0 0.0030512408557115123
1089.0 0.0043243224354228005
1090.0 0.005597403651336208
1091.0 0.004242080831318162
1092.0 0.0028867580113001168
1093.0 0.002056308221654035
1094.0 0.0012258587958058342
1095.0 0.0010215037946181837
1096.0 0.0008171489753294736
1097.0 0.0026793866709340364
1098.0 0.00454162473033648
1099.0 0.004129267108510248
1100.0 0.003716909122886136
