lsstcam/qe_curves/r43_s11/19700101T000000.ecsv
# %ECSV 0.9
# ---
# datatype:
# - {name: amp_name, datatype: string}
# - {name: wavelength, unit: nm, datatype: float32}
# - {name: efficiency, unit: '%', datatype: float32}
# meta: !!omap
# - {MODE: AMP}
# - {TYPE: QE}
# - {CALIBDATE: '1970-01-01T00:00:00'}
# - {INSTRUME: LSSTCAM}
# - {OBSTYPE: qe_curves}
# - {DETECTOR: 184}
# - {PICKLEFILE: RaftRun11671.p}
# - {CALIB_ID: 'raftName=R43 detectorName=S11 detector=184 calibDate=1970-01-01T00:00:00 ccd=184 ccdnum=184 filter=None'}
# - {DATE: '2020-01-23T15:40:02.775542'}
# - {CALIB_CREATION_DATE: '2020-01-23'}
# - {CALIB_CREATION_TIME: '15:40:02'}
# - __serialized_columns__:
#     efficiency:
#       __class__: astropy.units.quantity.Quantity
#       unit: !astropy.units.Unit {unit: '%'}
#       value: !astropy.table.SerializedColumn {name: efficiency}
#     wavelength:
#       __class__: astropy.units.quantity.Quantity
#       unit: !astropy.units.Unit {unit: nm}
#       value: !astropy.table.SerializedColumn {name: wavelength}
# schema: astropy-2.0
amp_name wavelength efficiency
C12 319.994 50.918358
C12 324.969 53.15374
C12 349.982 64.56906
C12 374.975 79.315605
C12 400.019 88.059784
C12 424.965 88.09035
C12 450.035 87.69667
C12 475.003 86.60302
C12 500.018 86.810844
C12 525.002 87.71595
C12 550.029 88.83299
C12 575.023 91.01478
C12 599.982 92.20822
C12 619.997 93.37167
C12 624.979 93.467026
C12 650.012 94.43295
C12 675.004 95.38259
C12 700.03 96.1421
C12 725.012 96.62055
C12 750.022 97.64523
C12 774.987 98.181114
C12 799.976 98.167145
C12 824.988 97.671646
C12 850.022 95.58561
C12 869.967 93.050575
C12 875.002 91.82163
C12 899.999 84.79288
C12 919.999 76.640854
C12 925.012 74.29049
C12 949.965 60.552956
C12 975.002 44.272324
C12 999.976 28.101858
C12 1025.028 13.794787
C12 1050.014 5.5203466
C12 1075.002 3.053222
C12 1099.99 2.104394
C04 319.994 51.558876
C04 324.969 53.84924
C04 349.982 65.43133
C04 374.975 80.02821
C04 400.019 88.563515
C04 424.965 88.451866
C04 450.035 88.002686
C04 475.003 86.8184
C04 500.018 86.98296
C04 525.002 87.95723
C04 550.029 89.1641
C04 575.023 91.42203
C04 599.982 92.657616
C04 619.997 93.83793
C04 624.979 93.93505
C04 650.012 94.890465
C04 675.004 95.83321
C04 700.03 96.59662
C04 725.012 97.03083
C04 750.022 98.04602
C04 774.987 98.55048
C04 799.976 98.4974
C04 824.988 98.005
C04 850.022 95.886154
C04 869.967 93.636795
C04 875.002 92.516
C04 899.999 85.68596
C04 919.999 77.07369
C04 925.012 74.54484
C04 949.965 60.295723
C04 975.002 44.29452
C04 999.976 28.262915
C04 1025.028 14.007204
C04 1050.014 5.7912893
C04 1075.002 3.1165276
C04 1099.99 2.1066818
C14 319.994 51.74697
C14 324.969 54.06684
C14 349.982 65.64648
C14 374.975 79.8746
C14 400.019 88.19882
C14 424.965 88.09993
C14 450.035 87.72772
C14 475.003 86.67381
C14 500.018 86.93602
C14 525.002 87.923706
C14 550.029 89.113976
C14 575.023 91.35517
C14 599.982 92.58017
C14 619.997 93.7557
C14 624.979 93.852135
C14 650.012 94.81542
C14 675.004 95.76452
C14 700.03 96.48881
C14 725.012 96.94089
C14 750.022 97.91049
C14 774.987 98.400604
C14 799.976 98.35343
C14 824.988 97.84546
C14 850.022 95.75743
C14 869.967 93.2085
C14 875.002 91.96339
C14 899.999 84.91684
C14 919.999 76.92958
C14 925.012 74.608864
C14 949.965 60.80831
C14 975.002 44.538864
C14 999.976 28.236057
C14 1025.028 13.903492
C14 1050.014 5.5746236
C14 1075.002 3.0558214
C14 1099.99 2.1212678
C01 319.994 52.626877
C01 324.969 55.03873
C01 349.982 66.76713
C01 374.975 80.38134
C01 400.019 88.243256
C01 424.965 87.975266
C01 450.035 87.61529
C01 475.003 86.587685
C01 500.018 86.88984
C01 525.002 87.992424
C01 550.029 89.28074
C01 575.023 91.597115
C01 599.982 92.861145
C01 619.997 94.05375
C01 624.979 94.153145
C01 650.012 95.08825
C01 675.004 96.00547
C01 700.03 96.74182
C01 725.012 97.12981
C01 750.022 98.11121
C01 774.987 98.58286
C01 799.976 98.48815
C01 824.988 97.99697
C01 850.022 95.92966
C01 869.967 93.806595
C01 875.002 92.70206
C01 899.999 85.904366
C01 919.999 77.20641
C01 925.012 74.62364
C01 949.965 60.144547
C01 975.002 44.526108
C01 999.976 28.733147
C01 1025.028 14.181302
C01 1050.014 5.906095
C01 1075.002 3.1519406
C01 1099.99 2.1197262
C06 319.994 50.834473
C06 324.969 53.039158
C06 349.982 64.44298
C06 374.975 79.549126
C06 400.019 88.49854
C06 424.965 88.51306
C06 450.035 88.1064
C06 475.003 86.94555
C06 500.018 87.0622
C06 525.002 87.938515
C06 550.029 89.004295
C06 575.023 91.154816
C06 599.982 92.33289
C06 619.997 93.49298
C06 624.979 93.588554
C06 650.012 94.528175
C06 675.004 95.48382
C06 700.03 96.296135
C06 725.012 96.77216
C06 750.022 97.87553
C06 774.987 98.44905
C06 799.976 98.426285
C06 824.988 97.961006
C06 850.022 95.83025
C06 869.967 93.57451
C06 875.002 92.441635
C06 899.999 85.47295
C06 919.999 76.7899
C06 925.012 74.28802
C06 949.965 60.21061
C06 975.002 44.19867
C06 999.976 28.073605
C06 1025.028 13.836076
C06 1050.014 5.723295
C06 1075.002 3.0850441
C06 1099.99 2.0790732
C03 319.994 51.93004
C03 324.969 54.25869
C03 349.982 65.89531
C03 374.975 80.20269
C03 400.019 88.549545
C03 424.965 88.4005
C03 450.035 87.97628
C03 475.003 86.837166
C03 500.018 87.04324
C03 525.002 88.06412
C03 550.029 89.30345
C03 575.023 91.58087
C03 599.982 92.827095
C03 619.997 94.01391
C03 624.979 94.10862
C03 650.012 95.061066
C03 675.004 95.9979
C03 700.03 96.74855
C03 725.012 97.166466
C03 750.022 98.15931
C03 774.987 98.64623
C03 799.976 98.572685
C03 824.988 98.08163
C03 850.022 95.973976
C03 869.967 93.74934
C03 875.002 92.63283
C03 899.999 85.83222
C03 919.999 77.221
C03 925.012 74.681046
C03 949.965 60.343925
C03 975.002 44.379047
C03 999.976 28.409513
C03 1025.028 14.103842
C03 1050.014 5.834599
C03 1075.002 3.1298432
C03 1099.99 2.1150072
C00 319.994 52.93976
C00 324.969 55.389988
C00 349.982 67.13253
C00 374.975 80.36207
C00 400.019 87.9873
C00 424.965 87.67593
C00 450.035 87.36295
C00 475.003 86.42952
C00 500.018 86.81671
C00 525.002 87.95594
C00 550.029 89.25547
C00 575.023 91.56736
C00 599.982 92.82881
C00 619.997 94.01188
C00 624.979 94.11238
C00 650.012 95.03939
C00 675.004 95.94588
C00 700.03 96.67681
C00 725.012 97.062805
C00 750.022 98.048584
C00 774.987 98.53004
C00 799.976 98.428925
C00 824.988 97.909164
C00 850.022 95.84103
C00 869.967 93.71381
C00 875.002 92.58652
C00 899.999 85.655624
C00 919.999 76.86624
C00 925.012 74.28087
C00 949.965 59.76772
C00 975.002 44.48937
C00 999.976 28.747166
C00 1025.028 14.065329
C00 1050.014 5.841462
C00 1075.002 3.1205144
C00 1099.99 2.1021037
C13 319.994 51.26543
C13 324.969 53.536263
C13 349.982 64.99867
C13 374.975 79.47507
C13 400.019 88.02767
C13 424.965 88.02147
C13 450.035 87.64153
C13 475.003 86.556145
C13 500.018 86.78708
C13 525.002 87.7349
C13 550.029 88.89378
C13 575.023 91.103325
C13 599.982 92.31171
C13 619.997 93.4823
C13 624.979 93.57477
C13 650.012 94.54069
C13 675.004 95.48329
C13 700.03 96.21846
C13 725.012 96.68138
C13 750.022 97.66754
C13 774.987 98.17393
C13 799.976 98.13905
C13 824.988 97.62923
C13 850.022 95.541695
C13 869.967 93.00738
C13 875.002 91.76532
C13 899.999 84.72182
C13 919.999 76.647484
C13 925.012 74.31303
C13 949.965 60.563942
C13 975.002 44.333256
C13 999.976 28.082434
C13 1025.028 13.793955
C13 1050.014 5.526799
C13 1075.002 3.038894
C13 1099.99 2.106977
C17 319.994 52.15732
C17 324.969 54.546616
C17 349.982 66.095566
C17 374.975 79.51614
C17 400.019 87.45418
C17 424.965 87.326294
C17 450.035 87.08717
C17 475.003 86.24665
C17 500.018 86.70076
C17 525.002 87.82043
C17 550.029 89.06615
C17 575.023 91.30779
C17 599.982 92.52818
C17 619.997 93.6954
C17 624.979 93.78989
C17 650.012 94.732605
C17 675.004 95.65414
C17 700.03 96.375755
C17 725.012 96.808
C17 750.022 97.78734
C17 774.987 98.28862
C17 799.976 98.2349
C17 824.988 97.742485
C17 850.022 95.61309
C17 869.967 93.1677
C17 875.002 92.02045
C17 899.999 85.59471
C17 919.999 77.47027
C17 925.012 75.025085
C17 949.965 60.63034
C17 975.002 44.717594
C17 999.976 28.704378
C17 1025.028 14.049938
C17 1050.014 5.6359515
C17 1075.002 3.114916
C17 1099.99 2.1356146
C11 319.994 50.543003
C11 324.969 52.743504
C11 349.982 64.08837
C11 374.975 79.0814
C11 400.019 87.998604
C11 424.965 88.07488
C11 450.035 87.67369
C11 475.003 86.56039
C11 500.018 86.737144
C11 525.002 87.59725
C11 550.029 88.6634
C11 575.023 90.79925
C11 599.982 91.96518
C11 619.997 93.11807
C11 624.979 93.209145
C11 650.012 94.17588
C11 675.004 95.128525
C11 700.03 95.90614
C11 725.012 96.41247
C11 750.022 97.48003
C11 774.987 98.05459
C11 799.976 98.064644
C11 824.988 97.574394
C11 850.022 95.48494
C11 869.967 92.95565
C11 875.002 91.72673
C11 899.999 84.650345
C11 919.999 76.41889
C11 925.012 74.06151
C11 949.965 60.391132
C11 975.002 44.147293
C11 999.976 28.005796
C11 1025.028 13.728214
C11 1050.014 5.4948525
C11 1075.002 3.0486848
C11 1099.99 2.09575
C10 319.994 50.043407
C10 324.969 52.19396
C10 349.982 63.40492
C10 374.975 78.67557
C10 400.019 87.918236
C10 424.965 88.10517
C10 450.035 87.69591
C10 475.003 86.534256
C10 500.018 86.67573
C10 525.002 87.53323
C10 550.029 88.59685
C10 575.023 90.71755
C10 599.982 91.872635
C10 619.997 93.022896
C10 624.979 93.11809
C10 650.012 94.09049
C10 675.004 95.058876
C10 700.03 95.852554
C10 725.012 96.40476
C10 750.022 97.515045
C10 774.987 98.13681
C10 799.976 98.17919
C10 824.988 97.70461
C10 850.022 95.612625
C10 869.967 93.079834
C10 875.002 91.82886
C10 899.999 84.50034
C10 919.999 76.18542
C10 925.012 73.865845
C10 949.965 60.550026
C10 975.002 44.345448
C10 999.976 27.947084
C10 1025.028 13.624739
C10 1050.014 5.453403
C10 1075.002 3.0373282
C10 1099.99 2.0869296
C07 319.994 50.19347
C07 324.969 52.32785
C07 349.982 63.537716
C07 374.975 78.956406
C07 400.019 88.22512
C07 424.965 88.38616
C07 450.035 88.039406
C07 475.003 86.93392
C07 500.018 87.04081
C07 525.002 87.83666
C07 550.029 88.788795
C07 575.023 90.82634
C07 599.982 91.936134
C07 619.997 93.062454
C07 624.979 93.1542
C07 650.012 94.091194
C07 675.004 95.05933
C07 700.03 95.87504
C07 725.012 96.40658
C07 750.022 97.54691
C07 774.987 98.18044
C07 799.976 98.19828
C07 824.988 97.75307
C07 850.022 95.628235
C07 869.967 93.31929
C07 875.002 92.18347
C07 899.999 85.18959
C07 919.999 76.49869
C07 925.012 74.02331
C07 949.965 60.25637
C07 975.002 44.291008
C07 999.976 27.91721
C07 1025.028 13.657204
C07 1050.014 5.628212
C07 1075.002 3.0515916
C07 1099.99 2.0599527
C15 319.994 52.06899
C15 324.969 54.421898
C15 349.982 66.01728
C15 374.975 79.914085
C15 400.019 88.03025
C15 424.965 87.88807
C15 450.035 87.54634
C15 475.003 86.53973
C15 500.018 86.84776
C15 525.002 87.87715
C15 550.029 89.09757
C15 575.023 91.36267
C15 599.982 92.59981
C15 619.997 93.77768
C15 624.979 93.875755
C15 650.012 94.82591
C15 675.004 95.76266
C15 700.03 96.47974
C15 725.012 96.91655
C15 750.022 97.8705
C15 774.987 98.347206
C15 799.976 98.280975
C15 824.988 97.78124
C15 850.022 95.688446
C15 869.967 93.127075
C15 875.002 91.88811
C15 899.999 84.95333
C15 919.999 77.07702
C15 925.012 74.7539
C15 949.965 60.885498
C15 975.002 44.590714
C15 999.976 28.37647
C15 1025.028 13.972907
C15 1050.014 5.591221
C15 1075.002 3.07608
C15 1099.99 2.128131
C02 319.994 52.1623
C02 324.969 54.528877
C02 349.982 66.19569
C02 374.975 80.14862
C02 400.019 88.246864
C02 424.965 88.03827
C02 450.035 87.64622
C02 475.003 86.55915
C02 500.018 86.808365
C02 525.002 87.871254
C02 550.029 89.13541
C02 575.023 91.43528
C02 599.982 92.689354
C02 619.997 93.877525
C02 624.979 93.974236
C02 650.012 94.91564
C02 675.004 95.84262
C02 700.03 96.58828
C02 725.012 96.98466
C02 750.022 97.97123
C02 774.987 98.44835
C02 799.976 98.363434
C02 824.988 97.874725
C02 850.022 95.79575
C02 869.967 93.63825
C02 875.002 92.53612
C02 899.999 85.75662
C02 919.999 77.14026
C02 925.012 74.59063
C02 949.965 60.216534
C02 975.002 44.393448
C02 999.976 28.540842
C02 1025.028 14.128257
C02 1050.014 5.8780174
C02 1075.002 3.1429303
C02 1099.99 2.1178946
C16 319.994 52.453384
C16 324.969 54.85023
C16 349.982 66.49367
C16 374.975 80.028534
C16 400.019 87.897514
C16 424.965 87.67959
C16 450.035 87.34375
C16 475.003 86.37927
C16 500.018 86.74707
C16 525.002 87.82949
C16 550.029 89.10574
C16 575.023 91.41062
C16 599.982 92.66799
C16 619.997 93.854645
C16 624.979 93.94946
C16 650.012 94.89961
C16 675.004 95.82625
C16 700.03 96.532646
C16 725.012 96.95389
C16 750.022 97.90421
C16 774.987 98.378044
C16 799.976 98.301094
C16 824.988 97.79382
C16 850.022 95.6793
C16 869.967 93.162094
C16 875.002 91.976105
C16 899.999 85.32577
C16 919.999 77.377014
C16 925.012 74.98243
C16 949.965 60.73768
C16 975.002 44.53044
C16 999.976 28.542263
C16 1025.028 14.028495
C16 1050.014 5.602166
C16 1075.002 3.096502
C16 1099.99 2.134199
C05 319.994 51.16321
C05 324.969 53.40947
C05 349.982 64.888535
C05 374.975 79.73357
C05 400.019 88.48038
C05 424.965 88.43427
C05 450.035 87.99613
C05 475.003 86.81939
C05 500.018 86.95923
C05 525.002 87.88282
C05 550.029 89.023506
C05 575.023 91.23579
C05 599.982 92.44727
C05 619.997 93.62019
C05 624.979 93.71709
C05 650.012 94.66905
C05 675.004 95.6149
C05 700.03 96.40393
C05 725.012 96.854774
C05 750.022 97.90778
C05 774.987 98.44555
C05 799.976 98.40604
C05 824.988 97.926285
C05 850.022 95.80682
C05 869.967 93.57207
C05 875.002 92.443924
C05 899.999 85.53594
C05 919.999 76.90128
C05 925.012 74.40109
C05 949.965 60.252686
C05 975.002 44.236275
C05 999.976 28.177176
C05 1025.028 13.924146
C05 1050.014 5.7674575
C05 1075.002 3.1053236
C05 1099.99 2.0940232
