lsstCam/transmission_filter_detector/r33_s12/i_39/19700101T000000.ecsv
# %ECSV 1.0
# ---
# datatype:
# - {name: wavelength, unit: nm, datatype: float32}
# - {name: efficiency, unit: '%', datatype: float64}
# meta: !!omap
# - {MODE: DETECTOR}
# - {TYPE: transmission_filter_detector}
# - {CALIBDATE: '1970-01-01T00:00:00'}
# - {INSTRUME: LSSTCam}
# - {OBSTYPE: transmission_filter_detector}
# - {CALIBCLS: lsst.ip.isr.IntermediateFilterDetectorTransmissionCurve}
# - {SOURCE: Materion (DM-46256)}
# - {DETECTOR: 149}
# - {FILTER: i_39}
# - {CALIB_ID: 'calibDate=1970-01-01T00:00:00 filter=i_39 detector=149'}
# - {DATE: '2025-04-02T15:59:47.169258'}
# - {CALIB_CREATION_DATE: '2025-04-02'}
# - {CALIB_CREATION_TIME: '15:59:47'}
# - __serialized_columns__:
#     efficiency:
#       __class__: astropy.units.quantity.Quantity
#       unit: !astropy.units.Unit {unit: '%'}
#       value: !astropy.table.SerializedColumn {name: efficiency}
#     wavelength:
#       __class__: astropy.units.quantity.Quantity
#       unit: !astropy.units.Unit {unit: nm}
#       value: !astropy.table.SerializedColumn {name: wavelength}
# schema: astropy-2.0
wavelength efficiency
300.0 1.6082341621620477e-10
301.0 1.6082341621620477e-10
302.0 0.015515963605139405
303.0 0.010390327224740759
304.0 0.0052646933909272775
305.0 0.013651419430971146
306.0 0.022038150927983224
307.0 0.016885461809579283
308.0 0.011732770508388057
309.0 0.011417501809773967
310.0 0.011102236021542922
311.0 0.0029120776162017137
312.0 1.6082341621620477e-10
313.0 1.6082341621620477e-10
314.0 1.6082341621620477e-10
315.0 1.6082341621620477e-10
316.0 0.0029333486963878386
317.0 0.0026710376914707012
318.0 0.002408727232250385
319.0 0.0033405438443878666
320.0 0.004272357909940183
321.0 0.0007294855549844215
322.0 1.6082341621620477e-10
323.0 7.655276021978352e-05
324.0 0.002966491592815146
325.0 0.0018221740901935846
326.0 0.0006778571787435794
327.0 0.0009866499567579012
328.0 0.0012954439625900704
329.0 0.003754141289391555
330.0 0.006212838343344629
331.0 0.005078461981611326
332.0 0.003944084528484382
333.0 0.003677447239169851
334.0 0.003410810313653201
335.0 0.0016095495084300637
336.0 1.6082341621620477e-10
337.0 0.00120433669508202
338.0 0.0026003852326539345
339.0 0.0009921745004248805
340.0 1.6082341621620477e-10
341.0 1.6082341621620477e-10
342.0 1.6082341621620477e-10
343.0 1.6082341621620477e-10
344.0 1.6082341621620477e-10
345.0 0.00024969372134364676
346.0 0.000867238031787565
347.0 0.00031521451546723256
348.0 1.6082341621620477e-10
349.0 4.5325234054871544e-05
350.0 0.000327459815707698
351.0 1.6082341621620477e-10
352.0 1.6082341621620477e-10
353.0 1.6082341621620477e-10
354.0 1.6082341621620477e-10
355.0 0.0005809104095533257
356.0 0.001818243799789343
357.0 0.0003431338200243772
358.0 1.6082341621620477e-10
359.0 1.6082341621620477e-10
360.0 4.770242867380148e-05
361.0 1.6082341621620477e-10
362.0 1.6082341621620477e-10
363.0 1.6082341621620477e-10
364.0 1.6082341621620477e-10
365.0 1.6082341621620477e-10
366.0 0.00026292086658941116
367.0 0.00050915296014864
368.0 0.0007553850082331337
369.0 1.6082341621620477e-10
370.0 1.6082341621620477e-10
371.0 1.6082341621620477e-10
372.0 1.6082341621620477e-10
373.0 1.6082341621620477e-10
374.0 1.6082341621620477e-10
375.0 4.130251625156234e-05
376.0 0.0005116505235491786
377.0 0.000968087260844186
378.0 0.0014245239981391933
379.0 0.001526334926893469
380.0 0.0016281454009003937
381.0 0.0007392231509584235
382.0 1.6082341621620477e-10
383.0 1.6082341621620477e-10
384.0 1.6082341621620477e-10
385.0 1.6082341621620477e-10
386.0 0.000514208977620001
387.0 0.00014614777228416642
388.0 1.6082341621620477e-10
389.0 1.6082341621620477e-10
390.0 1.6082341621620477e-10
391.0 1.6082341621620477e-10
392.0 1.6082341621620477e-10
393.0 1.6082341621620477e-10
394.0 0.00035539819691621233
395.0 0.0008311240890179761
396.0 0.0013068499356450047
397.0 0.0010808111255755648
398.0 0.000854772406455595
399.0 0.0011680494026222732
400.0 0.0014813265806878917
401.0 0.0016330905054928735
402.0 0.0017848537027020939
403.0 0.002749465966189746
404.0 0.003714077320182696
405.0 0.002973724804178346
406.0 0.0022333731976686977
407.0 0.0035711866075871512
408.0 0.004908999471808784
409.0 0.00530052202520892
410.0 0.005692044214811176
411.0 0.004447288301889785
412.0 0.003202532388968393
413.0 0.003388652839930728
414.0 0.003574773290893063
415.0 0.003669975558295846
416.0 0.003765177825698629
417.0 0.004261565482011065
418.0 0.004757952046929859
419.0 0.003811900387518108
420.0 0.0028658472729148343
421.0 0.003596108581405133
422.0 0.004326369889895432
423.0 0.004608678136719391
424.0 0.0048909867473412305
425.0 0.004971408634446561
426.0 0.005051831249147654
427.0 0.00503712180943694
428.0 0.0050224127335241064
429.0 0.004104159961570986
430.0 0.0031859075534157455
431.0 0.0035328801459399983
432.0 0.0038798523746663705
433.0 0.002890381983888801
434.0 0.001900911593111232
435.0 0.0017636215488892049
436.0 0.0016263318684650585
437.0 0.0014045302123122383
438.0 0.0011827286471088883
439.0 0.0014901212125550956
440.0 0.001797513868950773
441.0 0.001346259978163289
442.0 0.000895006178325275
443.0 0.0019031644114875235
444.0 0.002911322553700302
445.0 0.0011120669114461634
446.0 1.6082341621620477e-10
447.0 1.6082341621620477e-10
448.0 0.0002419656993879471
449.0 0.0006326363291009329
450.0 0.0010233067769149784
451.0 0.0012410973795340396
452.0 0.001458888073102571
453.0 0.0011509258911246434
454.0 0.0008429636181972455
455.0 0.0009233405762643088
456.0 0.0010037174433819018
457.0 0.0008203960533137433
458.0 0.0006370744813466445
459.0 0.0005026860890211537
460.0 0.00036829765122092795
461.0 0.0003298722049294156
462.0 0.0002914468950621085
463.0 0.0003945439402741613
464.0 0.0004976410309609491
465.0 0.0003951262442569714
466.0 0.00029261175313877175
467.0 0.0003855034265143331
468.0 0.00047839498620305676
469.0 0.0006462724286393495
470.0 0.0008141500074998476
471.0 0.0006591114470211323
472.0 0.0005040732503402978
473.0 0.0005948355919827009
474.0 0.0006855978881503688
475.0 0.0002837793772414443
476.0 1.6082341621620477e-10
477.0 0.00022484539385914104
478.0 0.0005677298759110272
479.0 0.0011216341590625234
480.0 0.00167553862411296
481.0 0.0019790284568443894
482.0 0.002282518289575819
483.0 0.003192616713931784
484.0 0.004102714956388809
485.0 0.005515583688975312
486.0 0.006928450602572411
487.0 0.009221262007486075
488.0 0.011514071229612455
489.0 0.01461882347939536
490.0 0.017723576456774026
491.0 0.020729842071887106
492.0 0.023736112052574754
493.0 0.025697587989270687
494.0 0.027659066836349666
495.0 0.02582281595095992
496.0 0.0239865665207617
497.0 0.020274629059713334
498.0 0.01656269159866497
499.0 0.011886517313541844
500.0 0.007210343756014481
501.0 0.0047776164137758315
502.0 0.0023448879801435396
503.0 0.002085269443341531
504.0 0.0018256510884384625
505.0 0.0019583196262829006
506.0 0.0020909881641273387
507.0 0.0019671297195600346
508.0 0.0018432714568916708
509.0 0.0021644180378643796
510.0 0.0024855646188370883
511.0 0.0018529990484239534
512.0 0.0012204335689602885
513.0 0.001694716775091365
514.0 0.002169000254070852
515.0 0.0023819738999009132
516.0 0.002594947727629915
517.0 0.0023988266548258252
518.0 0.002202705763920676
519.0 0.002169899016735144
520.0 0.0021370920876506716
521.0 0.0020255751223885454
522.0 0.0019140583390253596
523.0 0.001811014772101771
524.0 0.0017079712051781826
525.0 0.0019035374862141907
526.0 0.002099103767250199
527.0 0.0026394125598017126
528.0 0.003179721170454286
529.0 0.0028917800591443665
530.0 0.0026038385840365663
531.0 0.002172918902942911
532.0 0.0017419994037481956
533.0 0.0015131473446672317
534.0 0.0012842951036873274
535.0 0.0016596193745499477
536.0 0.002034943645412568
537.0 0.0025496068701613694
538.0 0.0030642699130112305
539.0 0.003804941297858022
540.0 0.004545612318906933
541.0 0.005005969433113933
542.0 0.0054663261835230514
543.0 0.005017963485443033
544.0 0.004569600787363015
545.0 0.004058267222717404
546.0 0.0035469336580717936
547.0 0.002582128581707366
548.0 0.0016173236872418784
549.0 0.0015243888810800854
550.0 0.001431453893019352
551.0 0.0014858818758511916
552.0 0.0015403096767840907
553.0 0.0015629713743692264
554.0 0.0015856332538533024
555.0 0.0012716557648673188
556.0 0.0009576784577802755
557.0 0.0008845403499435633
558.0 0.0008114020602079108
559.0 0.0007557758181064855
560.0 0.0007001495305303251
561.0 0.00111210101749748
562.0 0.00152405264088884
563.0 0.0016283387594739906
564.0 0.001732624696160201
565.0 0.0016080628483905457
566.0 0.0014835010006208904
567.0 0.0011904588973266073
568.0 0.0008974167940323241
569.0 0.0008232324034906924
570.0 0.0007490481038985308
571.0 0.0006227905942068901
572.0 0.0004965330845152494
573.0 0.0005169575160834938
574.0 0.0005373819021770032
575.0 0.00046342956920852885
576.0 0.0003894771907653194
577.0 0.00035865514291799627
578.0 0.0003278331632827758
579.0 0.00041861799218168017
580.0 0.0005094028892926872
581.0 0.0004896305654256139
582.0 0.0004698582870332757
583.0 0.00049198833949049
584.0 0.0005141183009982342
585.0 0.0005507670266524656
586.0 0.0005874156613572268
587.0 0.0004833469120057998
588.0 0.0003792782308664755
589.0 0.0006710168236168101
590.0 0.0009627554391045123
591.0 0.0005614222573058214
592.0 0.0001600890186637116
593.0 0.0004110742338525597
594.0 0.0006620595740969293
595.0 0.0005607169441645965
596.0 0.0004593742687575286
597.0 0.000380588676307525
598.0 0.00030180310659488896
599.0 0.0003159798552587745
600.0 0.00033015662666002754
601.0 0.0003670767227959004
602.0 0.00040399695535597857
603.0 0.0003432473022257909
604.0 0.000282497762782441
605.0 0.00030963565222918987
606.0 0.0003367734734638361
607.0 0.00039747715163684916
608.0 0.0004581807843351271
609.0 0.0004304547019273741
610.0 0.0004027287104690913
611.0 0.0004455504949874012
612.0 0.0004883721885562409
613.0 0.0004056757916259812
614.0 0.000322979371958354
615.0 0.00030160088044794975
616.0 0.000280222411674913
617.0 0.00032202574402617756
618.0 0.00036382909911480965
619.0 0.00016411158867413178
620.0 1.6082341621620477e-10
621.0 0.00010572196060820716
622.0 0.0002470498429829604
623.0 0.00033394799174857326
624.0 0.0004208461177768186
625.0 0.0003300665184724494
626.0 0.00023928687369334511
627.0 0.000287266266241204
628.0 0.0003352456815264304
629.0 0.00034825225156964734
630.0 0.0003612587761381292
631.0 0.00042074839257111307
632.0 0.000480237758893054
633.0 0.0004298090061638504
634.0 0.00037938018522254424
635.0 0.000428259045293089
636.0 0.0004771378826262662
637.0 0.00038454636523965746
638.0 0.00029195475690357853
639.0 0.00037582208278763574
640.0 0.0004596895905706333
641.0 0.0006162541012599831
642.0 0.0007728186574240681
643.0 0.000680569655742147
644.0 0.0005883204721612856
645.0 0.0006041069809725741
646.0 0.0006198935807333328
647.0 0.0007475288839486893
648.0 0.0008751640052651055
649.0 0.0008174160939233843
650.0 0.000759668137106928
651.0 0.0007515793640777702
652.0 0.0007434904091496719
653.0 0.0007304289283638354
654.0 0.0007173673111537937
655.0 0.001120251454267418
656.0 0.0015231352335831616
657.0 0.0024647171812830493
658.0 0.0034062984923366457
659.0 0.005593394234892912
660.0 0.07101212395355105
661.0 0.10744304163381457
662.0 0.11740605114027858
663.0 0.1156775513663888
664.0 0.10749406646937132
665.0 0.15292300377041101
666.0 0.12903069145977497
667.0 0.18215320305898786
668.0 0.24857234675437212
669.0 0.26693574618548155
670.0 0.37390782963484526
671.0 0.5780482664704323
672.0 0.9045226499438286
673.0 1.4789218083024025
674.0 2.1870356053113937
675.0 3.0975257977843285
676.0 4.188681393861771
677.0 5.526737496256828
678.0 6.851670891046524
679.0 8.366088569164276
680.0 10.224951058626175
681.0 12.34993115067482
682.0 14.848284423351288
683.0 17.65596866607666
684.0 20.634806156158447
685.0 23.564857244491577
686.0 26.55232548713684
687.0 29.82267141342163
688.0 33.128294348716736
689.0 36.494362354278564
690.0 40.41682481765747
691.0 44.62846219539642
692.0 49.620214104652405
693.0 54.90768551826477
694.0 60.858434438705444
695.0 66.50715470314026
696.0 72.71027565002441
697.0 78.23781371116638
698.0 83.99190306663513
699.0 88.40945959091187
700.0 91.7165458202362
701.0 94.32954788208008
702.0 96.07658982276917
703.0 97.04434275627136
704.0 97.39019274711609
705.0 97.82224297523499
706.0 97.74436354637146
707.0 97.93782234191895
708.0 97.98439741134644
709.0 97.99007773399353
710.0 97.77159690856934
711.0 98.01963567733765
712.0 97.88590669631958
713.0 97.98493981361389
714.0 98.05521368980408
715.0 98.16295504570007
716.0 97.95944094657898
717.0 98.15267324447632
718.0 98.21541905403137
719.0 98.15136194229126
720.0 98.40569496154785
721.0 98.33483695983887
722.0 98.03639650344849
723.0 97.79186248779297
724.0 97.47839570045471
725.0 97.20302820205688
726.0 96.95642590522766
727.0 96.70773148536682
728.0 96.46950364112854
729.0 96.29830121994019
730.0 96.30618691444397
731.0 96.39468789100647
732.0 96.40364646911621
733.0 96.67221903800964
734.0 96.98917269706726
735.0 97.14291095733643
736.0 97.53750562667847
737.0 97.95884490013123
738.0 98.18035960197449
739.0 98.5963761806488
740.0 98.7011730670929
741.0 98.5420286655426
742.0 98.88578057289124
743.0 98.79907965660095
744.0 98.55021238327026
745.0 98.54550957679749
746.0 98.5146164894104
747.0 98.75690340995789
748.0 98.6996054649353
749.0 98.50163459777832
750.0 98.53633046150208
751.0 98.44591021537781
752.0 98.32557439804077
753.0 98.48265647888184
754.0 98.48072528839111
755.0 98.53307604789734
756.0 98.61246347427368
757.0 98.58034253120422
758.0 98.7184226512909
759.0 98.74239563941956
760.0 98.71562123298645
761.0 98.57264757156372
762.0 98.6368179321289
763.0 98.64351153373718
764.0 98.55229258537292
765.0 98.53070378303528
766.0 98.55058789253235
767.0 98.2917070388794
768.0 98.36792945861816
769.0 98.39872121810913
770.0 98.08051586151123
771.0 98.18167686462402
772.0 98.10441136360168
773.0 97.98311591148376
774.0 97.80749082565308
775.0 97.91316986083984
776.0 97.787344455719
777.0 97.90846705436707
778.0 97.86744713783264
779.0 98.01458716392517
780.0 97.9493796825409
781.0 98.24723601341248
782.0 98.19284081459045
783.0 98.32015037536621
784.0 98.32858443260193
785.0 98.34336638450623
786.0 98.53861927986145
787.0 98.29322695732117
788.0 98.34432601928711
789.0 98.4438419342041
790.0 98.32732081413269
791.0 98.39444160461426
792.0 98.22965860366821
793.0 98.17854166030884
794.0 98.0854868888855
795.0 97.96385765075684
796.0 97.97123670578003
797.0 98.05667400360107
798.0 97.89426326751709
799.0 97.7799654006958
800.0 97.59840369224548
801.0 97.62054085731506
802.0 97.54571914672852
803.0 97.24670052528381
804.0 97.01319336891174
805.0 96.49603962898254
806.0 95.99829912185669
807.0 95.05476951599121
808.0 93.93831491470337
809.0 92.44394302368164
810.0 90.84654450416565
811.0 88.74068260192871
812.0 86.27986907958984
813.0 83.3958089351654
814.0 80.02278208732605
815.0 76.19489431381226
816.0 72.20210433006287
817.0 67.719566822052
818.0 62.7205491065979
819.0 58.39387774467468
820.0 53.51640582084656
821.0 49.067407846450806
822.0 44.73365247249603
823.0 40.135395526885986
824.0 35.4476273059845
825.0 31.22084140777588
826.0 26.82190239429474
827.0 22.219613194465637
828.0 18.103641271591187
829.0 14.106951653957367
830.0 10.226062685251236
831.0 7.362642139196396
832.0 4.756435751914978
833.0 2.990797348320484
834.0 1.787460595369339
835.0 1.0619056411087513
836.0 0.5919472314417362
837.0 0.32815684098750353
838.0 0.17391163855791092
839.0 0.15753277111798525
840.0 0.09229561546817422
841.0 0.02010689495364204
842.0 0.002382740603934508
843.0 1.6082341621620477e-10
844.0 0.0206016018637456
845.0 1.6082341621620477e-10
846.0 1.6082341621620477e-10
847.0 1.6082341621620477e-10
848.0 1.6082341621620477e-10
849.0 1.6082341621620477e-10
850.0 0.002545938332332298
851.0 0.0027036536266678013
852.0 0.0032715266570448875
853.0 0.0017189855498145334
854.0 0.00016644424931655522
855.0 0.00022771598651161185
856.0 0.0002889877123379847
857.0 0.0005267314463708317
858.0 0.0007644753168278839
859.0 0.00031912400118017104
860.0 1.6082341621620477e-10
861.0 1.6082341621620477e-10
862.0 1.6082341621620477e-10
863.0 1.6082341621620477e-10
864.0 1.6082341621620477e-10
865.0 1.6082341621620477e-10
866.0 6.362753310895641e-05
867.0 1.6082341621620477e-10
868.0 1.6082341621620477e-10
869.0 5.427004339253472e-05
870.0 0.0002641875198605703
871.0 0.00015170686538112932
872.0 3.92261171100472e-05
873.0 6.511920673801797e-05
874.0 9.101227078645024e-05
875.0 1.4167068229653523e-05
876.0 1.6082341621620477e-10
877.0 1.6082341621620477e-10
878.0 1.6082341621620477e-10
879.0 3.8354718867594784e-05
880.0 0.00010936905709968414
881.0 9.095704172068508e-05
882.0 7.254503202602791e-05
883.0 1.6082341621620477e-10
884.0 1.6082341621620477e-10
885.0 6.177555178510374e-05
886.0 0.00022780170638725394
887.0 0.00013123362805345096
888.0 3.4665526982280426e-05
889.0 0.00012366072041913867
890.0 0.00021265591385599691
891.0 2.26050033802494e-05
892.0 1.6082341621620477e-10
893.0 1.6082341621620477e-10
894.0 5.654189294546086e-05
895.0 6.540027470691712e-05
896.0 7.42586848900828e-05
