lsstCam/transmission_filter_detector/r33_s12/i_39/19700101T000000.ecsv
# %ECSV 1.0
# ---
# datatype:
# - {name: wavelength, unit: nm, datatype: float32}
# - {name: efficiency, unit: '%', datatype: float64}
# meta: !!omap
# - {MODE: DETECTOR}
# - {TYPE: transmission_filter_detector}
# - {CALIBDATE: '1970-01-01T00:00:00'}
# - {INSTRUME: LSSTCam}
# - {OBSTYPE: transmission_filter_detector}
# - {CALIBCLS: lsst.ip.isr.IntermediateFilterDetectorTransmissionCurve}
# - {SOURCE: Materion (DM-46256)}
# - {DETECTOR: 149}
# - {FILTER: i_39}
# - {CALIB_ID: 'calibDate=1970-01-01T00:00:00 filter=i_39 detector=149'}
# - {DATE: '2025-04-02T15:59:47.169258'}
# - {CALIB_CREATION_DATE: '2025-04-02'}
# - {CALIB_CREATION_TIME: '15:59:47'}
# - __serialized_columns__:
#     efficiency:
#       __class__: astropy.units.quantity.Quantity
#       unit: !astropy.units.Unit {unit: '%'}
#       value: !astropy.table.SerializedColumn {name: efficiency}
#     wavelength:
#       __class__: astropy.units.quantity.Quantity
#       unit: !astropy.units.Unit {unit: nm}
#       value: !astropy.table.SerializedColumn {name: wavelength}
# schema: astropy-2.0
wavelength efficiency
[from data line 598]
898.0 3.701635193920083e-05
899.0 2.8232221893631504e-05
900.0 1.9448062005267275e-05
901.0 1.6082341621620477e-10
902.0 1.6082341621620477e-10
903.0 1.6082341621620477e-10
904.0 1.6082341621620477e-10
905.0 1.6082341621620477e-10
906.0 3.4841156093534664e-05
907.0 1.6082341621620477e-10
908.0 1.6082341621620477e-10
909.0 1.6082341621620477e-10
910.0 1.6082341621620477e-10
911.0 1.6082341621620477e-10
912.0 1.6082341621620477e-10
913.0 1.6082341621620477e-10
914.0 1.6082341621620477e-10
915.0 1.6082341621620477e-10
916.0 4.7883327169984113e-05
917.0 1.6082341621620477e-10
918.0 1.6082341621620477e-10
919.0 1.6082341621620477e-10
920.0 3.323441717384412e-05
921.0 1.6082341621620477e-10
922.0 1.6082341621620477e-10
923.0 1.6082341621620477e-10
924.0 1.6082341621620477e-10
925.0 1.6082341621620477e-10
926.0 1.6082341621620477e-10
927.0 1.6082341621620477e-10
928.0 1.6082341621620477e-10
929.0 1.6082341621620477e-10
930.0 1.6082341621620477e-10
931.0 1.6082341621620477e-10
932.0 1.6082341621620477e-10
933.0 1.6082341621620477e-10
934.0 1.6082341621620477e-10
935.0 1.6082341621620477e-10
936.0 1.6082341621620477e-10
937.0 1.5046980195165816e-05
938.0 9.538704262013198e-05
939.0 1.6082341621620477e-10
940.0 1.6082341621620477e-10
941.0 1.6082341621620477e-10
942.0 1.6082341621620477e-10
943.0 4.732359286663268e-05
944.0 0.00012149957910878584
945.0 1.6082341621620477e-10
946.0 1.6082341621620477e-10
947.0 0.00017344777916150633
948.0 0.0005212890755501576
949.0 0.0003037153419427341
950.0 8.614164244136191e-05
951.0 4.372356841031433e-05
952.0 1.3054461511785576e-06
953.0 1.6082341621620477e-10
954.0 1.6082341621620477e-10
955.0 1.4754520805126958e-05
956.0 5.6600754305691225e-05
957.0 4.387458432120184e-05
958.0 3.114836601980642e-05
959.0 6.167032324810862e-05
960.0 9.219231742463307e-05
961.0 9.156893270301225e-05
962.0 9.094556503441709e-05
963.0 0.00019228673409088515
964.0 0.0002936279543064302
965.0 7.554118610642035e-05
966.0 1.6082341621620477e-10
967.0 1.6082341621620477e-10
968.0 1.6082341621620477e-10
969.0 1.6082341621620477e-10
970.0 1.6082341621620477e-10
971.0 1.6082341621620477e-10
972.0 9.76847104539047e-05
973.0 0.00014924137303751195
974.0 0.0002007980356211192
975.0 0.00015793767715877038
976.0 0.00011507733006510534
977.0 8.332276024702878e-05
978.0 5.156817337592656e-05
979.0 4.582793167173804e-05
980.0 4.0087655861498206e-05
981.0 1.6082341621620477e-10
982.0 1.6082341621620477e-10
983.0 1.6082341621620477e-10
984.0 1.6082341621620477e-10
985.0 1.6082341621620477e-10
986.0 5.42967995897925e-05
987.0 1.6082341621620477e-10
988.0 1.6082341621620477e-10
989.0 1.6082341621620477e-10
990.0 1.6082341621620477e-10
991.0 5.659159683091275e-05
992.0 0.00018690489014261402
993.0 0.00016844481933731004
994.0 0.00014998474853200605
995.0 0.0001324492814092082
996.0 0.00011491380291772657
997.0 0.00010812912023538956
998.0 0.00010134442618436879
999.0 7.576945790788159e-05
1000.0 5.01944441566593e-05
1001.0 0.0002157886910936213
1002.0 0.0003813829380305833
1003.0 0.0003343905746078235
1004.0 0.0002873982566597988
1005.0 0.00026968077690980863
1006.0 0.00025196329715981847
1007.0 0.00022881811219122028
1008.0 0.0002056729272226221
1009.0 0.000263873926087399
1010.0 0.0003220749022148084
1011.0 0.0003026004151251982
1012.0 0.0002831259735103231
1013.0 0.0002902530923165614
1014.0 0.00029738025659753475
1015.0 0.00016053768376877997
1016.0 2.3695173467785935e-05
1017.0 0.00012017613926218473
1018.0 0.00021665709937224165
1019.0 1.354444947310185e-05
1020.0 1.6082341621620477e-10
1021.0 2.071595730512854e-05
1022.0 0.0002310001718797139
1023.0 8.900120747057372e-05
1024.0 1.6082341621620477e-10
1025.0 6.262856118155469e-05
1026.0 0.00017825491340772714
1027.0 0.000477037747259601
1028.0 0.0007758205356367398
1029.0 0.0009464274626225233
1030.0 0.0011170342986588366
1031.0 0.0016692081771907397
1032.0 0.0022213820557226427
1033.0 0.002423303340037819
1034.0 0.002625224988150876
1035.0 0.0029011729566263966
1036.0 0.003177120743202977
1037.0 0.0032376137824030593
1038.0 0.003298106457805261
1039.0 0.003011042281286791
1040.0 0.002723978104768321
1041.0 0.002599453364382498
1042.0 0.002474929169693496
1043.0 0.0027146897991769947
1044.0 0.0029544506105594337
1045.0 0.003260485391365364
1046.0 0.0035665201721712947
1047.0 0.0034401829907437786
1048.0 0.0033138461731141433
1049.0 0.002944495645351708
1050.0 0.002575145299488213
1051.0 0.0021676933101844043
1052.0 0.0017602413208805956
1053.0 0.0015375915609183721
1054.0 0.0013149413462087978
1055.0 0.0008877351319824811
1056.0 0.00046052891775616445
1057.0 0.0007361099505942548
1058.0 0.0010116911653312854
1059.0 0.0009832761861616746
1060.0 0.0009548615707899444
1061.0 0.0009200321983371396
1062.0 0.0008852030077832751
1063.0 0.0016413179764640518
1064.0 0.0023974331270437688
1065.0 0.002581065200502053
1066.0 0.0027646974558592774
1067.0 0.003646583718364127
1068.0 0.004528469798970036
1069.0 0.004317528873798437
1070.0 0.004106588312424719
1071.0 0.0038102174585219473
1072.0 0.003513846604619175
1073.0 0.0031305917218560353
1074.0 0.0027473368390928954
1075.0 0.003100601679761894
1076.0 0.0034538665204308927
1077.0 0.0037086792872287333
1078.0 0.003963492417824455
1079.0 0.0039955844840733334
1080.0 0.004027676914120093
1081.0 0.003135504448437132
1082.0 0.002243331982754171
1083.0 0.001785868516890332
1084.0 0.0013284049600770231
1085.0 0.0010624459719110746
1086.0 0.000796486983745126
1087.0 0.0014381671462615486
1088.0 0.0020798475816263817
1089.0 0.0008148544111463707
1090.0 1.6082341621620477e-10
1091.0 0.00023021968900138745
1092.0 0.0009105780918616802
1093.0 1.6082341621620477e-10
1094.0 1.6082341621620477e-10
1095.0 1.6082341621620477e-10
1096.0 1.6082341621620477e-10
1097.0 1.6082341621620477e-10
1098.0 1.6082341621620477e-10
1099.0 1.6082341621620477e-10
1100.0 0.00102667281680624
