lsstCam/transmission_filter_detector/r43_s00/u_24/19700101T000000.ecsv
# %ECSV 1.0
# ---
# datatype:
# - {name: wavelength, unit: nm, datatype: float32}
# - {name: efficiency, unit: '%', datatype: float64}
# meta: !!omap
# - {MODE: DETECTOR}
# - {TYPE: transmission_filter_detector}
# - {CALIBDATE: '1970-01-01T00:00:00'}
# - {INSTRUME: LSSTCam}
# - {OBSTYPE: transmission_filter_detector}
# - {CALIBCLS: lsst.ip.isr.IntermediateFilterDetectorTransmissionCurve}
# - {SOURCE: Materion (DM-46256)}
# - {DETECTOR: 180}
# - {FILTER: u_24}
# - {CALIB_ID: 'calibDate=1970-01-01T00:00:00 filter=u_24 detector=180'}
# - {DATE: '2025-04-02T15:59:40.585022'}
# - {CALIB_CREATION_DATE: '2025-04-02'}
# - {CALIB_CREATION_TIME: '15:59:40'}
# - __serialized_columns__:
#     efficiency:
#       __class__: astropy.units.quantity.Quantity
#       unit: !astropy.units.Unit {unit: '%'}
#       value: !astropy.table.SerializedColumn {name: efficiency}
#     wavelength:
#       __class__: astropy.units.quantity.Quantity
#       unit: !astropy.units.Unit {unit: nm}
#       value: !astropy.table.SerializedColumn {name: wavelength}
# schema: astropy-2.0
wavelength efficiency
295.0 1.6200365701712904e-10
296.0 1.6200365701712904e-10
297.0 1.6200365701712904e-10
298.0 1.6200365701712904e-10
299.0 1.6200365701712904e-10
300.0 1.6200365701712904e-10
301.0 0.08803759701550007
302.0 1.6200365701712904e-10
303.0 0.1550234155729413
304.0 0.3379154484719038
305.0 0.726322690024972
306.0 2.1008197218179703
307.0 3.3788278698921204
308.0 5.830960348248482
309.0 8.930065482854843
310.0 12.508514523506165
311.0 16.24719202518463
312.0 19.97411400079727
313.0 23.25189709663391
314.0 25.958427786827087
315.0 28.761300444602966
316.0 30.83210587501526
317.0 33.351463079452515
318.0 36.39199435710907
319.0 40.24326205253601
320.0 45.89633345603943
321.0 51.231104135513306
322.0 57.21734166145325
323.0 62.68124580383301
324.0 67.12193489074707
325.0 70.13349533081055
326.0 72.52625823020935
327.0 74.37148094177246
328.0 76.16221904754639
329.0 77.46512293815613
330.0 78.71848940849304
331.0 79.50031161308289
332.0 79.74705696105957
333.0 79.89258170127869
334.0 79.84781861305237
335.0 79.99281287193298
336.0 80.23572564125061
337.0 80.73201775550842
338.0 81.62865042686462
339.0 82.20745325088501
340.0 82.66615271568298
341.0 83.03337693214417
342.0 83.4189772605896
343.0 83.3946704864502
344.0 83.62522721290588
345.0 83.94737243652344
346.0 84.273761510849
347.0 84.59148406982422
348.0 84.88654494285583
349.0 85.08004546165466
350.0 85.15083193778992
351.0 85.37370562553406
352.0 85.20697951316833
353.0 85.16530990600586
354.0 85.16353368759155
355.0 85.28367877006531
356.0 85.44597625732422
357.0 85.47588586807251
358.0 85.09570956230164
359.0 84.82857942581177
360.0 84.73852872848511
361.0 84.42655205726624
362.0 84.21530723571777
363.0 84.3010425567627
364.0 84.43198204040527
365.0 84.78869199752808
366.0 85.01412272453308
367.0 85.18670797348022
368.0 85.230952501297
369.0 85.29268503189087
370.0 85.1044237613678
371.0 84.93488430976868
372.0 84.93608832359314
373.0 85.17452478408813
374.0 85.16210317611694
375.0 85.47136187553406
376.0 85.58636903762817
377.0 85.63841581344604
378.0 85.76826453208923
379.0 85.40985584259033
380.0 84.68435406684875
381.0 83.38700532913208
382.0 81.52838349342346
383.0 79.47326898574829
384.0 77.44303941726685
385.0 74.9900758266449
386.0 72.49046564102173
387.0 69.12466883659363
388.0 65.6672477722168
389.0 61.590081453323364
390.0 57.413262128829956
391.0 53.13701033592224
392.0 48.641347885131836
393.0 44.90419626235962
394.0 41.52766764163971
395.0 37.905317544937134
396.0 34.1179758310318
397.0 29.057812690734863
398.0 23.227858543395996
399.0 16.45200252532959
400.0 10.368283838033676
401.0 5.6356992572546005
402.0 2.4084553122520447
403.0 0.7440751884132624
404.0 0.25603799149394035
405.0 0.12338783126324415
406.0 0.07223835564218462
407.0 0.012773439812008291
408.0 1.6200365701712904e-10
409.0 1.6200365701712904e-10
410.0 1.6200365701712904e-10
411.0 1.6200365701712904e-10
412.0 1.6200365701712904e-10
413.0 1.6200365701712904e-10
414.0 1.6200365701712904e-10
415.0 1.6200365701712904e-10
416.0 1.6200365701712904e-10
417.0 1.6200365701712904e-10
418.0 1.6200365701712904e-10
419.0 1.6200365701712904e-10
420.0 1.6200365701712904e-10
421.0 1.6200365701712904e-10
422.0 1.6200365701712904e-10
423.0 1.6200365701712904e-10
424.0 1.6200365701712904e-10
425.0 1.6200365701712904e-10
426.0 1.6200365701712904e-10
427.0 1.6200365701712904e-10
428.0 1.6200365701712904e-10
429.0 1.6200365701712904e-10
430.0 1.6200365701712904e-10
431.0 1.6200365701712904e-10
432.0 1.6200365701712904e-10
433.0 1.6200365701712904e-10
434.0 1.6200365701712904e-10
435.0 1.6200365701712904e-10
436.0 1.6200365701712904e-10
437.0 1.6200365701712904e-10
438.0 1.6200365701712904e-10
439.0 1.6200365701712904e-10
440.0 1.6200365701712904e-10
441.0 5.6440109119648696e-05
442.0 0.0007890135748311877
443.0 1.6200365701712904e-10
444.0 1.6200365701712904e-10
445.0 1.6200365701712904e-10
446.0 1.6200365701712904e-10
447.0 1.6200365701712904e-10
448.0 1.6200365701712904e-10
449.0 1.6200365701712904e-10
450.0 0.00039286273931793403
451.0 0.0002817788072206895
452.0 0.00017069468185582082
453.0 0.00015811668845344684
454.0 0.0001455389678994834
455.0 1.6200365701712904e-10
456.0 1.6200365701712904e-10
457.0 0.00013372728062677197
458.0 0.0006418966677301796
459.0 0.0003172952801833162
460.0 1.6200365701712904e-10
461.0 1.6200365701712904e-10
462.0 1.6200365701712904e-10
463.0 1.6200365701712904e-10
464.0 1.6200365701712904e-10
465.0 1.6200365701712904e-10
466.0 1.6200365701712904e-10
467.0 0.0002455700268910732
468.0 0.0009463356036576442
469.0 1.6200365701712904e-10
470.0 1.6200365701712904e-10
471.0 1.6200365701712904e-10
472.0 1.6200365701712904e-10
473.0 1.6200365701712904e-10
474.0 0.0003956090040446725
475.0 1.6200365701712904e-10
476.0 1.6200365701712904e-10
477.0 1.6200365701712904e-10
478.0 1.6200365701712904e-10
479.0 1.6200365701712904e-10
480.0 1.6200365701712904e-10
481.0 1.6200365701712904e-10
482.0 0.00046886480049579404
483.0 0.0004969580004399177
484.0 0.000525051063959836
485.0 0.00016880957218745607
486.0 1.6200365701712904e-10
487.0 1.6200365701712904e-10
488.0 0.00014835576394034433
489.0 1.6200365701712904e-10
490.0 1.6200365701712904e-10
491.0 1.6200365701712904e-10
492.0 1.6200365701712904e-10
493.0 1.6200365701712904e-10
494.0 1.6200365701712904e-10
495.0 0.00013983124063088326
496.0 0.00043206473492318764
497.0 1.6200365701712904e-10
498.0 1.6200365701712904e-10
499.0 1.6200365701712904e-10
500.0 1.6200365701712904e-10
501.0 1.6200365701712904e-10
502.0 0.00011674251254589763
503.0 0.0003217136736566317
504.0 0.000526684925716836
505.0 0.00014244068324842374
506.0 1.6200365701712904e-10
507.0 1.6200365701712904e-10
508.0 6.159258987281646e-05
509.0 1.6200365701712904e-10
510.0 1.6200365701712904e-10
511.0 1.6200365701712904e-10
512.0 3.606253358157119e-05
513.0 7.15391745842453e-07
514.0 1.6200365701712904e-10
515.0 2.1604449784717872e-05
516.0 7.784058198012644e-05
517.0 5.175133424017986e-05
518.0 2.5662097868917044e-05
519.0 1.6200365701712904e-10
520.0 1.6200365701712904e-10
521.0 1.6200365701712904e-10
522.0 1.6200365701712904e-10
523.0 1.6200365701712904e-10
524.0 1.6200365701712904e-10
525.0 1.6200365701712904e-10
526.0 1.6200365701712904e-10
527.0 1.6200365701712904e-10
528.0 1.6200365701712904e-10
529.0 1.6200365701712904e-10
530.0 1.6200365701712904e-10
531.0 1.6200365701712904e-10
532.0 1.6200365701712904e-10
533.0 1.6200365701712904e-10
534.0 1.0748224354983904e-05
535.0 1.6200365701712904e-10
536.0 1.6200365701712904e-10
537.0 1.6200365701712904e-10
538.0 6.020951559548848e-05
539.0 0.00011330103006912395
540.0 0.00016639249906802434
541.0 2.5561059047163326e-06
542.0 1.6200365701712904e-10
543.0 1.6200365701712904e-10
544.0 1.6200365701712904e-10
545.0 1.6200365701712904e-10
546.0 2.2998186466338666e-05
547.0 1.6200365701712904e-10
548.0 1.6200365701712904e-10
549.0 1.6200365701712904e-10
550.0 1.6200365701712904e-10
551.0 1.6200365701712904e-10
552.0 1.6200365701712904e-10
553.0 1.6200365701712904e-10
554.0 1.3630868522795936e-05
555.0 6.825821969869139e-05
556.0 0.0001228854785040312
557.0 0.0001859083226918301
558.0 0.0002489311327735777
559.0 0.00010657494158294867
560.0 1.6200365701712904e-10
561.0 1.6200365701712904e-10
562.0 1.6200365701712904e-10
563.0 1.2862807352576056e-05
564.0 0.00016048093129938934
565.0 0.0001120174260904605
566.0 6.35539095128479e-05
567.0 8.162593303495669e-05
568.0 9.96978656075953e-05
569.0 7.31723503122339e-05
570.0 4.664680375299213e-05
571.0 0.00020728393792524002
572.0 0.0003679210976770264
573.0 0.00023940626761032036
574.0 0.0001108914375436143
575.0 8.132260518323164e-05
576.0 5.1753835350609734e-05
577.0 0.00019929495920223417
578.0 0.00034683614558161935
579.0 0.0006466721060860436
580.0 0.0009465080438531004
581.0 0.000985444330581231
582.0 0.0010243807082588319
583.0 0.0009527927431918215
584.0 0.0008812045962258708
585.0 0.0007140592970245052
586.0 0.0005469140887726098
587.0 0.0006538000434375135
588.0 0.0007606860435771523
589.0 0.0007118918802007101
590.0 0.0006630978077737382
591.0 0.0007795923920639325
592.0 0.0008960869308793917
593.0 0.0008784058081801049
594.0 0.000860724594531348
595.0 0.0008538667316315696
596.0 0.0008470088687317912
597.0 0.0012500714547059033
598.0 0.001653133767831605
599.0 0.001901391260616947
600.0 0.0021496483896044083
601.0 0.002382271850365214
602.0 0.0026148951292270795
603.0 0.0024458762709400617
604.0 0.002276857412653044
605.0 0.0019600856830948032
606.0 0.0016433139535365626
607.0 0.0013803279216517694
608.0 0.0011173417078680359
609.0 0.001037156744132517
610.0 0.0009569717803969979
611.0 0.000726309917808976
612.0 0.0004956478733220138
613.0 0.0006244285941647831
614.0 0.0007532094059570227
615.0 0.000534454648004612
616.0 0.00031569984457746614
617.0 0.00032083630685519893
618.0 0.00032597267818346154
619.0 0.0005556893029279308
620.0 0.0007854057912481949
621.0 0.0006411657977878349
622.0 0.00049692584980221
623.0 0.0005838762717758073
624.0 0.0006708267846988747
625.0 0.0008919430001697037
626.0 0.0011130592611152679
627.0 0.0011631161214609165
628.0 0.0012131731637055054
629.0 0.0014297054804046638
630.0 0.0016462376152048819
631.0 0.0017325624867225997
632.0 0.0018188873582403176
633.0 0.002256312836834695
634.0 0.0026937386792269535
635.0 0.002741381285886746
636.0 0.0027890240744454786
637.0 0.0025319912310806103
638.0 0.0022749585696146823
639.0 0.0020505993234110065
640.0 0.0018262400772073306
641.0 0.0016548006897210144
642.0 0.0014833615750831086
643.0 0.0009209682502842043
644.0 0.0003585748800105648
645.0 0.0001872919597190048
646.0 1.600902521659009e-05
647.0 0.00011770332548621809
648.0 0.00021939754333288874
649.0 0.00022434437596530188
650.0 0.00022929111764824484
651.0 0.0006200063580763526
652.0 0.0010107217349286657
653.0 0.0010450733498146292
654.0 0.0010794249647005927
655.0 0.0015948147847666405
656.0 0.002110204331984278
657.0 0.002638675505295396
658.0 0.0031671464967075735
659.0 0.0033289779821643606
660.0 0.0034908098314190283
661.0 0.0031943734938977286
662.0 0.002897936792578548
663.0 0.0023299928216147237
664.0 0.0017620488506508991
665.0 0.0016620677342871204
666.0 0.0015620866179233417
667.0 0.0013188569027988706
668.0 0.0010756273695733398
669.0 0.0009209449672198389
670.0 0.0007662624739168677
671.0 0.0006223364835022949
672.0 0.000478410493087722
673.0 0.0005877583134861197
674.0 0.0006971061793592526
675.0 0.0008906858965929132
676.0 0.0010842653864528984
677.0 0.0015074527254910208
678.0 0.001930639882630203
679.0 0.002567706906120293
680.0 0.0032047737477114424
681.0 0.004772652391693555
682.0 0.0063405306718777865
683.0 0.008017729123821482
684.0 0.0096949290309567
685.0 0.00998974937829189
686.0 0.010284571180818602
687.0 0.00907821740838699
688.0 0.00787186436355114
689.0 0.006571606354555115
690.0 0.005271347617963329
691.0 0.0046332374040503055
692.0 0.003995127553935163
693.0 0.0032337433367501944
694.0 0.0024723593014641665
695.0 0.0018838609321392141
696.0 0.0012953627447132021
697.0 0.0011857595382025465
698.0 0.0010761564226413611
699.0 0.0009310490895586554
700.0 0.0007859417564759497
701.0 0.000791992624726845
702.0 0.0007980434929777402
703.0 0.0006870695870020427
704.0 0.0005760955900768749
705.0 0.0007062659733492183
706.0 0.0008364364475710317
707.0 0.0008730766239750665
708.0 0.0009097170732275117
709.0 0.0008379917744605336
710.0 0.0007662666575924959
711.0 0.0008261398761533201
712.0 0.0008860129128152039
713.0 0.0006947868314455263
714.0 0.0005035607046011137
715.0 0.00046868653953424655
716.0 0.0004338124654168496
717.0 0.0005108157438371563
718.0 0.0005878188403585227
719.0 0.0005047898866905598
720.0 0.0004217607965983916
721.0 0.0002598549372123671
722.0 9.79491801444965e-05
723.0 0.00026496229565964313
724.0 0.0004319755589676788
725.0 0.00037258912470861105
726.0 0.0003132027359242784
727.0 0.000370667953575321
728.0 0.00042813312575162854
729.0 0.0002290223392265034
730.0 2.991155270137824e-05
731.0 0.00026971567876898916
732.0 0.0005095198957860703
733.0 0.0005546545708057238
734.0 0.000599789109401172
735.0 0.0004822823484573746
736.0 0.00036477556477620965
737.0 0.0004531969352683518
738.0 0.0005416183739725966
739.0 0.0007506962447223486
740.0 0.0009597741154721007
741.0 0.001449862520530587
742.0 0.0019399509255890734
743.0 0.0024344457415281795
744.0 0.002928940375568345
745.0 0.0035749886592384428
746.0 0.00422103694290854
747.0 0.00419178104493767
748.0 0.004162525510764681
749.0 0.003979615576099604
750.0 0.003796705641434528
751.0 0.0036016110243508592
752.0 0.0034065164072671905
753.0 0.0034197611967101693
754.0 0.003433006349951029
755.0 0.0029650222131749615
756.0 0.002497038440196775
757.0 0.0022309945052256808
758.0 0.0019649503883556463
759.0 0.0015741239622002468
760.0 0.0011832977179437876
761.0 0.0010840778486453928
762.0 0.000984857979346998
763.0 0.0007701850336161442
764.0 0.0005555121788347606
765.0 0.000345882313013135
766.0 0.00013625248129756073
767.0 0.0003555310968295089
768.0 0.0005748097919422435
769.0 0.0006459499218181008
770.0 0.0007170900971686933
771.0 0.000740340692573227
772.0 0.0007635912879777607
773.0 0.0007725732757535297
774.0 0.0007815550816303585
775.0 0.0006363547981891315
776.0 0.0004911544237984344
777.0 0.0007369260401901556
778.0 0.000982697747531347
779.0 0.0008200402589864098
780.0 0.0006573827704414725
781.0 0.0009166713425656781
782.0 0.0011759598237404134
783.0 0.001133278874476673
784.0 0.0010905979252129328
785.0 0.0012292719475226477
786.0 0.0013679460607818328
787.0 0.0012280969713174272
788.0 0.0010882478818530217
789.0 0.0010141181519429665
790.0 0.000939988240133971
791.0 0.0008167620762833394
792.0 0.000693536003382178
793.0 0.000698193935022573
794.0 0.000702851866662968
795.0 0.0006378357284120284
796.0 0.0005728195901610889
797.0 0.00038145210510265315
798.0 0.00019008469962500385
799.0 0.0001594303057572688
800.0 0.0001287759687329526
801.0 1.6200365701712904e-10
802.0 1.6200365701712904e-10
803.0 1.6200365701712904e-10
804.0 1.6200365701712904e-10
805.0 0.00010997316621796926
806.0 0.000381751351596904
807.0 0.00032615444069961086
808.0 0.00027055748432758264
809.0 0.00024322205263160868
810.0 0.00021588655272353208
811.0 0.00032172881674341625
812.0 0.00042757110350066796
813.0 0.00025048311727005057
814.0 7.339509124903998e-05
815.0 0.00016497297110618092
816.0 0.0002565508339102962
817.0 0.0003945515800296562
818.0 0.0005325523488863837
819.0 0.00043206864575040527
820.0 0.00033158501082652947
821.0 0.00020141214918112382
822.0 7.123916248019668e-05
823.0 1.7625066561777203e-05
824.0 1.6200365701712904e-10
825.0 0.00010231267424387624
826.0 0.00024061430394795025
827.0 8.639258908260672e-05
828.0 1.6200365701712904e-10
829.0 1.6200365701712904e-10
830.0 1.6200365701712904e-10
831.0 1.6200365701712904e-10
832.0 1.6200365701712904e-10
833.0 1.6200365701712904e-10
834.0 1.6200365701712904e-10
835.0 1.6200365701712904e-10
836.0 1.4598978026469922e-06
837.0 1.6200365701712904e-10
838.0 1.6200365701712904e-10
839.0 1.6200365701712904e-10
840.0 1.6200365701712904e-10
841.0 1.6200365701712904e-10
842.0 1.6200365701712904e-10
843.0 1.6200365701712904e-10
844.0 0.00016017354482755763
845.0 6.718624376844673e-05
846.0 1.6200365701712904e-10
847.0 0.0001435204239896848
848.0 0.00031284198485082015
849.0 0.00032389712032454554
850.0 0.0003349522557982709
851.0 0.0002925651415353059
852.0 0.0002501778453734005
853.0 0.00037475906538020354
854.0 0.0004993404672859469
855.0 0.0005402161150414031
856.0 0.0005810920356452698
857.0 0.0006611958269786555
858.0 0.0007412997092615115
859.0 0.0007015426945145009
860.0 0.0006617854523938149
861.0 0.0010635426406224724
862.0 0.0014652999198006
863.0 0.0015641053323633969
864.0 0.0016629110177746043
865.0 0.0014261108844948467
866.0 0.0011893108421645593
867.0 0.0013891576600144617
868.0 0.001589004386914894
869.0 0.0016493282601004466
870.0 0.0017096521332859993
871.0 0.001689915188762825
872.0 0.0016701782442396507
873.0 0.0021151328837731853
874.0 0.00256008752330672
875.0 0.0024471079086652026
