lsstCam/transmission_filter_detector/r43_s00/u_24/19700101T000000.ecsv
# %ECSV 1.0
# ---
# datatype:
# - {name: wavelength, unit: nm, datatype: float32}
# - {name: efficiency, unit: '%', datatype: float64}
# meta: !!omap
# - {MODE: DETECTOR}
# - {TYPE: transmission_filter_detector}
# - {CALIBDATE: '1970-01-01T00:00:00'}
# - {INSTRUME: LSSTCam}
# - {OBSTYPE: transmission_filter_detector}
# - {CALIBCLS: lsst.ip.isr.IntermediateFilterDetectorTransmissionCurve}
# - {SOURCE: Materion (DM-46256)}
# - {DETECTOR: 180}
# - {FILTER: u_24}
# - {CALIB_ID: 'calibDate=1970-01-01T00:00:00 filter=u_24 detector=180'}
# - {DATE: '2025-04-02T15:59:40.585022'}
# - {CALIB_CREATION_DATE: '2025-04-02'}
# - {CALIB_CREATION_TIME: '15:59:40'}
# - __serialized_columns__:
#     efficiency:
#       __class__: astropy.units.quantity.Quantity
#       unit: !astropy.units.Unit {unit: '%'}
#       value: !astropy.table.SerializedColumn {name: efficiency}
#     wavelength:
#       __class__: astropy.units.quantity.Quantity
#       unit: !astropy.units.Unit {unit: nm}
#       value: !astropy.table.SerializedColumn {name: wavelength}
# schema: astropy-2.0
wavelength efficiency
[from data line 582]
877.0 0.0026396064640721306
878.0 0.002945084997918457
879.0 0.0031365885661216453
880.0 0.0033280924981227145
881.0 0.003256486525060609
882.0 0.003184880915796384
883.0 0.003068915248150006
884.0 0.0029529488529078662
885.0 0.0028055796065018512
886.0 0.002658210178196896
887.0 0.0026109219106729142
888.0 0.002563633279351052
889.0 0.0026455063562025316
890.0 0.002727379251155071
891.0 0.0028285827283980325
892.0 0.0029297860237420537
893.0 0.003108562668785453
894.0 0.003287338768132031
895.0 0.003330652180011384
896.0 0.0033739655918907374
897.0 0.00327220514009241
898.0 0.0031704450520919636
899.0 0.003264555925852619
900.0 0.0033586671634111553
901.0 0.0037947422242723405
902.0 0.004230816921335645
903.0 0.004470361091080122
904.0 0.004709905260824598
905.0 0.004836844527744688
906.0 0.004963783794664778
907.0 0.005358973066904582
908.0 0.005754162702942267
909.0 0.005663657066179439
910.0 0.005573151429416612
911.0 0.0054985794122330844
912.0 0.005424007031251676
913.0 0.00536448169441428
914.0 0.005304956357576884
915.0 0.00502484108437784
916.0 0.004744725447380915
917.0 0.004660425838665105
918.0 0.0045761262299492955
919.0 0.004754104156745598
920.0 0.0049320820835419
921.0 0.00490565798827447
922.0 0.004879233529209159
923.0 0.00504024610563647
924.0 0.005201258682063781
925.0 0.005538015466299839
926.0 0.0058747715229401365
927.0 0.006213877350091934
928.0 0.00655298208585009
929.0 0.006861860310891643
930.0 0.007170739263528958
931.0 0.00718166193109937
932.0 0.007192584598669782
933.0 0.007500912033719942
934.0 0.00780923874117434
935.0 0.007803271000739187
936.0 0.007797302532708272
937.0 0.007227445166790858
938.0 0.006657589256064966
939.0 0.00648312852717936
940.0 0.006308667070697993
941.0 0.005793111995444633
942.0 0.005277556192595512
943.0 0.004510129292611964
944.0 0.003742702756426297
945.0 0.0034149587008869275
946.0 0.003087214645347558
947.0 0.0026234154574922286
948.0 0.002159615723940078
949.0 0.0018777183868223801
950.0 0.001595821049704682
951.0 0.0016242249330389313
952.0 0.001652628998272121
953.0 0.0016571506421314552
954.0 0.0016616724678897299
955.0 0.0017907750589074567
956.0 0.0019198774680262432
957.0 0.0019053948562941514
958.0 0.0018909122445620596
959.0 0.0022784783141105436
960.0 0.002666044201760087
961.0 0.003167106115142815
962.0 0.003668167846626602
963.0 0.0038155438232934102
964.0 0.003962920163758099
965.0 0.0043530206312425435
966.0 0.004743120734929107
967.0 0.00478713664051611
968.0 0.004831152546103112
969.0 0.004918930790154263
970.0 0.005006708670407534
971.0 0.005131850411999039
972.0 0.005256991789792664
973.0 0.004958836507285014
974.0 0.0046606808609794825
975.0 0.004627218731911853
976.0 0.004593756602844223
977.0 0.004172484477749094
978.0 0.003751211625058204
979.0 0.0034643842809600756
980.0 0.0031775565730640665
981.0 0.003030970947293099
982.0 0.0028843853215221316
983.0 0.0028473119527916424
984.0 0.0028102385840611532
985.0 0.002962694452435244
986.0 0.0031151503208093345
987.0 0.0035799348552245647
988.0 0.004044718662044033
989.0 0.0045477296225726604
990.0 0.0050507405831012875
991.0 0.0055361200793413445
992.0 0.006021499575581402
993.0 0.006492918328149244
994.0 0.006964337808312848
995.0 0.007187060691649094
996.0 0.007409782847389579
997.0 0.0074310184572823346
998.0 0.00745225406717509
999.0 0.007076707697706297
1000.0 0.006701162783429027
1001.0 0.006132501584943384
1002.0 0.005563841114053503
1003.0 0.005173636964173056
1004.0 0.00478343281429261
1005.0 0.004945883119944483
1006.0 0.005108333789394237
1007.0 0.004723223901237361
1008.0 0.0043381136492826045
1009.0 0.004205586446914822
1010.0 0.00407305960834492
1011.0 0.0038655984099023044
1012.0 0.003658137211459689
1013.0 0.0031529503758065403
1014.0 0.002647763176355511
1015.0 0.002246637268399354
1016.0 0.0018455115423421375
1017.0 0.0018301640011486597
1018.0 0.001814816459955182
1019.0 0.001539853292342741
1020.0 0.0012648899428313598
1021.0 0.0012780230463249609
1022.0 0.0012911562407680321
1023.0 0.0013369832231546752
1024.0 0.0013828099326929078
1025.0 0.001504645206296118
1026.0 0.0016264804798993282
1027.0 0.0015382591300294735
1028.0 0.0014500380530080292
1029.0 0.0017065594875020906
1030.0 0.001963081012945622
1031.0 0.0018598497263155878
1032.0 0.001756618257786613
1033.0 0.0017687081708572805
1034.0 0.0017807977201300673
1035.0 0.0018819344404619187
1036.0 0.0019830709788948298
1037.0 0.002155396214220673
1038.0 0.0023277210857486352
1039.0 0.00230895839195
1040.0 0.002290195698151365
1041.0 0.002112849506374914
1042.0 0.0019355031326995231
1043.0 0.002036225123447366
1044.0 0.002136947114195209
1045.0 0.0020373616280267015
1046.0 0.0019377759599592537
1047.0 0.0022393545805243775
1048.0 0.0025409333829884417
1049.0 0.002199369737354573
1050.0 0.0018578062736196443
1051.0 0.0016243971913354471
1052.0 0.0013909879271523096
1053.0 0.0013351538655115291
1054.0 0.0012793197129212786
1055.0 0.0015451767467311583
1056.0 0.001811033689591568
1057.0 0.001292947581532644
1058.0 0.0007748615644231904
1059.0 0.0011429233381932136
1060.0 0.0015109853848116472
1061.0 0.0011800629181379918
1062.0 0.0008491403605148662
1063.0 0.001264794082089793
1064.0 0.0016804478946141899
1065.0 0.0011755181731132325
1066.0 0.0006705881787638646
1067.0 0.001151537708210526
1068.0 0.0016324871467077173
1069.0 0.002094583396683447
1070.0 0.002556679646659177
1071.0 0.0022865655409987085
1072.0 0.0020164510715403594
1073.0 0.0024071330699371174
1074.0 0.0027978150683338754
1075.0 0.0028129770726081915
1076.0 0.002828139258781448
1077.0 0.003403977825655602
1078.0 0.0039798167563276365
1079.0 0.003465039117145352
1080.0 0.002950261659862008
1081.0 0.0037339621485443786
1082.0 0.004517662455327809
1083.0 0.003987683521700092
1084.0 0.0034577045880723745
1085.0 0.004713193993666209
1086.0 0.005968683399260044
1087.0 0.004489325147005729
1088.0 0.0030099674404482357
1089.0 0.003031543928955216
1090.0 0.0030531205993611366
1091.0 0.0029268505386426114
1092.0 0.0028005801141262054
1093.0 0.0028408883736119606
1094.0 0.0028811964511987753
1095.0 0.0033965905458899215
1096.0 0.003911984458682127
1097.0 0.0030730134312761948
1098.0 0.002234042403870262
1099.0 0.003487694266368635
1100.0 0.004741345765069127
