lsstCam/transmission_filter_detector/r42_s20/z_20/19700101T000000.ecsv
# %ECSV 1.0
# ---
# datatype:
# - {name: wavelength, unit: nm, datatype: float32}
# - {name: efficiency, unit: '%', datatype: float64}
# meta: !!omap
# - {MODE: DETECTOR}
# - {TYPE: transmission_filter_detector}
# - {CALIBDATE: '1970-01-01T00:00:00'}
# - {INSTRUME: LSSTCam}
# - {OBSTYPE: transmission_filter_detector}
# - {CALIBCLS: lsst.ip.isr.IntermediateFilterDetectorTransmissionCurve}
# - {SOURCE: Materion (DM-46256)}
# - {DETECTOR: 177}
# - {FILTER: z_20}
# - {CALIB_ID: 'calibDate=1970-01-01T00:00:00 filter=z_20 detector=177'}
# - {DATE: '2025-04-02T15:59:49.462100'}
# - {CALIB_CREATION_DATE: '2025-04-02'}
# - {CALIB_CREATION_TIME: '15:59:49'}
# - __serialized_columns__:
#     efficiency:
#       __class__: astropy.units.quantity.Quantity
#       unit: !astropy.units.Unit {unit: '%'}
#       value: !astropy.table.SerializedColumn {name: efficiency}
#     wavelength:
#       __class__: astropy.units.quantity.Quantity
#       unit: !astropy.units.Unit {unit: nm}
#       value: !astropy.table.SerializedColumn {name: wavelength}
# schema: astropy-2.0
wavelength efficiency
300.0 0.3414650447666645
301.0 0.30744438990950584
302.0 0.2734237350523472
303.0 0.23875304032117128
304.0 0.20408232230693102
305.0 0.18448104383423924
306.0 0.1648797420784831
307.0 0.1561717945151031
308.0 0.14746383531019092
309.0 0.1315537723712623
310.0 0.11564370943233371
311.0 0.10986193083226681
312.0 0.10408014059066772
313.0 0.09748261072672904
314.0 0.09088509832508862
315.0 0.07478624465875328
316.0 0.05868739681318402
317.0 0.06071182433515787
318.0 0.06273625185713172
319.0 0.05984205054119229
320.0 0.05694785504601896
321.0 0.05475222133100033
322.0 0.05255658179521561
323.0 0.04575561615638435
324.0 0.03895465051755309
325.0 0.03839768178295344
326.0 0.03784071595873684
327.0 0.0382114143576473
328.0 0.03858211566694081
329.0 0.03694050246849656
330.0 0.03529889218043536
331.0 0.03329093451611698
332.0 0.031282976851798594
333.0 0.029003951931372285
334.0 0.02672492992132902
335.0 0.025754800299182534
336.0 0.024784673587419093
337.0 0.02375559415668249
338.0 0.02272651472594589
339.0 0.02021262189373374
340.0 0.017698727606330067
341.0 0.01673749793553725
342.0 0.015776269719935954
343.0 0.016992927703540772
344.0 0.018209584231954068
345.0 0.01661926507949829
346.0 0.015028945927042514
347.0 0.014155663666315377
348.0 0.01328238140558824
349.0 0.012828251055907458
350.0 0.012374120706226677
351.0 0.011930723849218339
352.0 0.011487324809422716
353.0 0.010943784582195804
354.0 0.010400242899777368
355.0 0.009882196900434792
356.0 0.009364153811475262
357.0 0.00964543069130741
358.0 0.009926709753926843
359.0 0.00929415546124801
360.0 0.008661601896164939
361.0 0.008963698928710073
362.0 0.009265794506063685
363.0 0.009007456537801772
364.0 0.008749115659156814
365.0 0.008910304313758388
366.0 0.0090714922407642
367.0 0.008451169560430571
368.0 0.00783084542490542
369.0 0.007767831993987784
370.0 0.007704818563070148
371.0 0.008284940122393891
372.0 0.008865062409313396
373.0 0.007262735744006932
374.0 0.005660408714902587
375.0 0.006121904152678326
376.0 0.006583399954251945
377.0 0.006452210800489411
378.0 0.006321022374322638
379.0 0.0060664082411676645
380.0 0.00581179374421481
381.0 0.004970942973159254
382.0 0.004130091838305816
383.0 0.004552923928713426
384.0 0.004975756019121036
385.0 0.004939294376526959
386.0 0.0049028327339328825
387.0 0.004470044586923905
388.0 0.004037256076117046
389.0 0.004109740257263184
390.0 0.00418222407461144
391.0 0.0040865812479751185
392.0 0.003990938421338797
393.0 0.0037779576814500615
394.0 0.0035649769415613264
395.0 0.003549530083546415
396.0 0.003534083953127265
397.0 0.003800623380811885
398.0 0.0040671635360922664
399.0 0.0044709780922858045
400.0 0.0048747926484793425
401.0 0.00430206855526194
402.0 0.0037293440982466564
403.0 0.00412457920901943
404.0 0.004519814319792204
405.0 0.004324272231315263
406.0 0.004128729779040441
407.0 0.0034282496926607564
408.0 0.0027277694243821315
409.0 0.002739031879173126
410.0 0.0027502943339641206
411.0 0.0028789736461476423
412.0 0.0030076531402301043
413.0 0.004178449671599083
414.0 0.00534924583917018
415.0 0.004619105675374158
416.0 0.003888965875376016
417.0 0.0030044466257095337
418.0 0.002119927557941992
419.0 0.0030761733796680346
420.0 0.004032419019495137
421.0 0.0036662295315181836
422.0 0.003300040407339111
423.0 0.00321368825098034
424.0 0.003127336094621569
425.0 0.00270416076091351
426.0 0.0022809857910033315
427.0 0.0020206385670462623
428.0 0.0017602915249881335
429.0 0.0016798607248347253
430.0 0.0015994301065802574
431.0 0.001536912350275088
432.0 0.0014743948668183293
433.0 0.0017874179320642725
434.0 0.002100441088259686
435.0 0.00259600710705854
436.0 0.0030915733077563345
437.0 0.002512828359613195
438.0 0.0019340837752679363
439.0 0.001773665462678764
440.0 0.0016132471500895917
441.0 0.0013924097402195912
442.0 0.001171572512248531
443.0 0.0014946149349270854
444.0 0.0018176575395045802
445.0 0.002130225948349107
446.0 0.002442793993395753
447.0 0.002778479756671004
448.0 0.003114165156148374
449.0 0.0024671637220308185
450.0 0.0018201621060143225
451.0 0.0017505277355667204
452.0 0.0016808933651191182
453.0 0.0019779476133408025
454.0 0.0022750016796635464
455.0 0.0022001302568241954
456.0 0.0021252588339848444
457.0 0.0019594619516283274
458.0 0.0017936652511707507
459.0 0.0017695641872705892
460.0 0.0017454636690672487
461.0 0.0016049973055487499
462.0 0.0014645308510807808
463.0 0.00124805374071002
464.0 0.0010315767212887295
465.0 0.0013767765267402865
466.0 0.0017219761502929032
467.0 0.0012711380804830696
468.0 0.0008202999197237659
469.0 0.0007535471922892611
470.0 0.0006867944648547564
471.0 0.0009299718840338755
472.0 0.0011731493941624649
473.0 0.0013900771591579542
474.0 0.0016070049241534434
475.0 0.0015465186152141541
476.0 0.0014860324881738052
477.0 0.0014594119420507923
478.0 0.0014327913959277794
479.0 0.0012358520507405046
480.0 0.0010389129784016404
481.0 0.000858281237015035
482.0 0.0006776495865778998
483.0 0.0008303933100251015
484.0 0.000983136851573363
485.0 0.0009436647815164179
486.0 0.0009041926205100026
487.0 0.00109534676084877
488.0 0.0012865009011875372
489.0 0.0015418203474837355
490.0 0.0017971397028304636
491.0 0.0012570137187140062
492.0 0.0007168877800722839
493.0 0.0010537488378759008
494.0 0.0013906098502047826
495.0 0.0010993379873980302
496.0 0.0008080663064902183
497.0 0.0009435787433176301
498.0 0.0010790912710945122
499.0 0.0012476069969125092
500.0 0.001416122631781036
501.0 0.0013393185327004176
502.0 0.001262514342670329
503.0 0.001256726318388246
504.0 0.0012509384760051034
505.0 0.001570289532537572
506.0 0.0018896404071711004
507.0 0.0017436423149774782
508.0 0.001597644222783856
509.0 0.0016099187632789835
510.0 0.0016221931218751706
511.0 0.001422213335899869
512.0 0.0012222331861266866
513.0 0.001079543108062353
514.0 0.000936852848099079
515.0 0.0008284822797577363
516.0 0.0007201118023658637
517.0 0.000954360712057678
518.0 0.0011886098036484327
519.0 0.0014551639651472215
520.0 0.00172171803569654
521.0 0.0016923871953622438
522.0 0.0016630563550279476
523.0 0.001440366031602025
524.0 0.0012176757991255727
525.0 0.0009678562491899356
526.0 0.0007180367902037688
527.0 0.0010526025107537862
528.0 0.0013871681403543334
529.0 0.001270690972887678
530.0 0.001154213987319963
531.0 0.00134335186885437
532.0 0.001532489841338247
533.0 0.0012955779311596416
534.0 0.001058665930031566
535.0 0.001277890260098502
536.0 0.0014971147720643785
537.0 0.001460752264392795
538.0 0.0014243896657717414
539.0 0.0012298490219109226
540.0 0.0010353082871006336
541.0 0.0010903202564804815
542.0 0.0011453319530119188
543.0 0.0010058888619823847
544.0 0.0008664455890539102
545.0 0.0008969518603407778
546.0 0.0009274580406781752
547.0 0.00146601296364679
548.0 0.0020045677956659347
549.0 0.0018890459614340216
550.0 0.0017735243091010489
551.0 0.0018519798686611466
552.0 0.0019304356101201847
553.0 0.0019493430954753421
554.0 0.001968250398931559
555.0 0.001491890179750044
556.0 0.0010155297786695883
557.0 0.0011794588317570742
558.0 0.00134338779389509
559.0 0.0015003702173999045
560.0 0.0016573529137531295
561.0 0.0013526297152566258
562.0 0.001047906516760122
563.0 0.001224924562848173
564.0 0.0014019426998856943
565.0 0.0014219779586710501
566.0 0.0014420133993553463
567.0 0.0018471757357474416
568.0 0.002252338163089007
569.0 0.002413172842352651
570.0 0.0025740073397173546
571.0 0.00253678244916955
572.0 0.002499557194823865
573.0 0.002290296833962202
574.0 0.0020810364731005393
575.0 0.002120520548487548
576.0 0.0021600048057734966
577.0 0.002259792927361559
578.0 0.002359580685151741
579.0 0.0019947023247368634
580.0 0.0016298239643219858
581.0 0.001593073466210626
582.0 0.0015563231499982066
583.0 0.0016320425856974907
584.0 0.0017077618394978344
585.0 0.0017888713045977056
586.0 0.001869980405899696
587.0 0.002080301783280447
588.0 0.002290622978762258
589.0 0.0023176018657977693
590.0 0.0023445803890354
591.0 0.0021457006369018927
592.0 0.0019468208847683854
593.0 0.0017191003280458972
594.0 0.001491379771323409
595.0 0.001169926326838322
596.0 0.000848472882353235
597.0 0.0010581115930108353
598.0 0.0012677503946179058
599.0 0.0011037966032745317
600.0 0.0009398427209816873
601.0 0.0008618333595222794
602.0 0.000783823816163931
603.0 0.0009841768587648403
604.0 0.0011845297194668092
605.0 0.0009981533366953954
606.0 0.0008117769539239816
607.0 0.0008162160156643949
608.0 0.0008206549864553381
609.0 0.0008832958883431274
610.0 0.0009459366992814466
611.0 0.0009840858183451928
612.0 0.001022234937408939
613.0 0.0008463280209980439
614.0 0.0006704210136376787
615.0 0.0011608037311816588
616.0 0.001651186539675109
617.0 0.0014429589100473095
618.0 0.0012347311894700397
619.0 0.0012566205441544298
620.0 0.0012785098078893498
621.0 0.001467986385250697
622.0 0.0016574627807131037
623.0 0.0014438152902584989
624.0 0.0012301677088544238
625.0 0.0014889878002577461
626.0 0.0017478078007115982
627.0 0.0019718741896213032
628.0 0.0021959407604299486
629.0 0.0022002488549333066
630.0 0.0022045569494366646
631.0 0.0023256394342752174
632.0 0.0024467221010127105
633.0 0.0030332657843246125
634.0 0.003619809649535455
635.0 0.0062268351030070335
636.0 0.008833860192680731
637.0 0.01593104243511334
638.0 0.02302822540514171
639.0 0.01988427684409544
640.0 0.016740331193432212
641.0 0.014731870032846928
642.0 0.01272340741707012
643.0 0.009202949877362698
644.0 0.005682491610059515
645.0 0.005677402805304155
646.0 0.005672313636750914
647.0 0.005503975626197644
648.0 0.005335637251846492
649.0 0.004273660306353122
650.0 0.003211682997061871
651.0 0.003140267654089257
652.0 0.0030688519473187625
653.0 0.002844593473128043
654.0 0.0026203349989373237
655.0 0.0022481384803541005
656.0 0.001875942325568758
657.0 0.0019984359823865816
658.0 0.0021209292754065245
659.0 0.002254710125271231
660.0 0.0023884909751359373
661.0 0.0022163139874464832
662.0 0.00204413736355491
663.0 0.0019257227904745378
664.0 0.0018073082173941657
665.0 0.0017056636352208443
666.0 0.0016040194168454036
667.0 0.0017844924514065497
668.0 0.0019649658497655764
669.0 0.001744036671880167
670.0 0.001523107221146347
671.0 0.0015541078028036281
672.0 0.0015851081116124988
673.0 0.0015136131878534798
674.0 0.001442118355043931
675.0 0.001232893828273518
676.0 0.0010236693924525753
677.0 0.0011940520380449016
678.0 0.001364434774586698
679.0 0.0013968463463243097
680.0 0.0014292580090113916
681.0 0.0017203548850375228
682.0 0.0020114515791647136
683.0 0.0024745451810304075
684.0 0.0029376384190982208
685.0 0.0028522685170173645
686.0 0.002766898433037568
687.0 0.0026292838811059482
688.0 0.0024916691472753882
689.0 0.002327882975805551
690.0 0.0021640964405378327
691.0 0.00254643691732781
692.0 0.0029287773941177875
693.0 0.0030896047974238172
694.0 0.003250432200729847
695.0 0.0034419645089656115
696.0 0.003633496817201376
697.0 0.003722081601154059
698.0 0.0038106660213088617
699.0 0.005289603359415196
700.0 0.0067685388785321265
701.0 0.006702131213387474
702.0 0.006635723548242822
703.0 0.006023942114552483
704.0 0.005412161772255786
705.0 0.00466536330350209
706.0 0.003918564107152633
707.0 0.0035188739275326952
708.0 0.003119183747912757
709.0 0.003668875797302462
710.0 0.004218567846692167
711.0 0.0036302899388829246
712.0 0.003042011485376861
713.0 0.002340674473089166
714.0 0.0016393372789025307
715.0 0.0019556300685508177
716.0 0.0022719228581991047
717.0 0.002236655018350575
718.0 0.0022013871785020456
719.0 0.002178151589760091
720.0 0.0021549160010181367
721.0 0.0016647085431031883
722.0 0.0011745013580366503
723.0 0.0014785184248466976
724.0 0.001782535582606215
725.0 0.0014980694686528295
726.0 0.0012136031728005037
727.0 0.0015814372090972029
728.0 0.001949271245393902
729.0 0.001863181205408182
730.0 0.0017770915292203426
731.0 0.0019061310013057664
732.0 0.00203517047339119
733.0 0.001895117929961998
734.0 0.0017550650227349252
735.0 0.0013764032701146789
736.0 0.0009977413355954923
737.0 0.0011624070793914143
738.0 0.0013270727322378661
739.0 0.001255161714652786
740.0 0.0011832503332698252
741.0 0.0011662570614134893
742.0 0.0011492636986076832
743.0 0.0013033046343480237
744.0 0.0014573455700883642
745.0 0.0018154532881453633
746.0 0.0021735610062023625
747.0 0.002314704761374742
748.0 0.002455848516547121
749.0 0.003061163442907855
750.0 0.0036664783692685887
751.0 0.0037471054383786395
752.0 0.003827732871286571
753.0 0.0032709413062548265
754.0 0.0027141495593241416
755.0 0.002977175790874753
756.0 0.003240202204324305
757.0 0.002736670467129443
758.0 0.002233138911833521
759.0 0.002786676304822322
760.0 0.0033402135159121826
761.0 0.0048300003982149065
762.0 0.006319785461528227
763.0 0.006097894583945163
764.0 0.005876001887372695
765.0 0.0053761799790663645
766.0 0.0048763587983557954
767.0 0.004800729584530927
768.0 0.004725100370706059
769.0 0.0044922959204996005
770.0 0.004259491470293142
771.0 0.004078666097484529
772.0 0.0038978414522716776
773.0 0.004017255560029298
774.0 0.004136670031584799
775.0 0.02468760358169675
776.0 1.70721293005216e-10
777.0 0.01236723765032366
778.0 1.70721293005216e-10
779.0 1.70721293005216e-10
780.0 0.01659202389419079
781.0 1.70721293005216e-10
782.0 0.0029982680644025095
783.0 1.70721293005216e-10
784.0 0.0846211623866111
785.0 0.0006767153990949737
786.0 1.70721293005216e-10
787.0 1.70721293005216e-10
788.0 1.70721293005216e-10
789.0 1.70721293005216e-10
790.0 0.04836409352719784
791.0 0.10918546468019485
792.0 0.0005529149348149076
793.0 0.11681828182190657
794.0 0.014832787564955652
795.0 0.08773364825174212
796.0 0.02349094720557332
797.0 0.19841808825731277
798.0 0.18392058555036783
799.0 0.1319203875027597
800.0 0.4147185478359461
801.0 0.7256044074892998
802.0 1.1596807278692722
803.0 1.9285500049591064
804.0 3.2145868986845016
805.0 4.566112905740738
806.0 6.535011529922485
807.0 8.917312324047089
808.0 11.652912944555283
809.0 14.703193306922913
810.0 18.18346530199051
811.0 21.05475515127182
812.0 24.443398416042328
813.0 28.416389226913452
814.0 32.806891202926636
815.0 38.307374715805054
816.0 44.14268136024475
817.0 50.58916211128235
818.0 57.53316283226013
819.0 64.23444747924805
820.0 71.81482911109924
821.0 78.6780297756195
822.0 84.1395914554596
823.0 88.47416043281555
824.0 92.07994937896729
825.0 95.25597095489502
826.0 96.6893196105957
827.0 97.90699481964111
828.0 98.94076585769653
829.0 99.10292029380798
830.0 98.78106713294983
831.0 98.68922233581543
832.0 98.39288592338562
833.0 99.63709712028503
834.0 98.35575819015503
835.0 98.63412976264954
836.0 99.0717351436615
837.0 98.65948557853699
838.0 97.77133464813232
839.0 98.09818267822266
840.0 98.30073118209839
841.0 99.39888119697571
842.0 99.43385124206543
843.0 99.54618215560913
844.0 97.84737229347229
845.0 98.73403906822205
846.0 98.72345328330994
847.0 99.13150668144226
848.0 99.65670704841614
849.0 98.58299493789673
850.0 98.10002446174622
851.0 99.01215434074402
852.0 98.99974465370178
853.0 98.49438667297363
854.0 99.62599277496338
855.0 98.29791188240051
856.0 98.78754615783691
857.0 97.69589900970459
858.0 98.61084222793579
859.0 99.30990934371948
860.0 98.22285175323486
861.0 98.52516651153564
862.0 98.94064664840698
863.0 98.1867790222168
864.0 99.51820969581604
865.0 99.49789643287659
866.0 98.45868945121765
867.0 99.25792217254639
868.0 99.6655523777008
869.0 98.7880289554596
870.0 97.92299270629883
871.0 98.89669418334961
872.0 98.88136982917786
873.0 98.97868037223816
874.0 99.52088594436646
875.0 98.92282485961914
876.0 98.50016832351685
877.0 99.33640956878662
878.0 99.061119556427
879.0 98.38054180145264
880.0 98.49058985710144
881.0 99.98748898506165
882.0 98.98045659065247
883.0 98.59044551849365
884.0 99.11022782325745
885.0 98.68464469909668
886.0 98.42877388000488
887.0 98.45215082168579
888.0 98.85751605033875
889.0 99.27252531051636
890.0 98.05940985679626
891.0 99.3389368057251
892.0 98.60129356384277
893.0 98.20728302001953
894.0 98.03430438041687
895.0 99.34436082839966
896.0 99.07151460647583
