lsstCam/transmission_filter_detector/r42_s20/z_20/19700101T000000.ecsv
# %ECSV 1.0
# ---
# datatype:
# - {name: wavelength, unit: nm, datatype: float32}
# - {name: efficiency, unit: '%', datatype: float64}
# meta: !!omap
# - {MODE: DETECTOR}
# - {TYPE: transmission_filter_detector}
# - {CALIBDATE: '1970-01-01T00:00:00'}
# - {INSTRUME: LSSTCam}
# - {OBSTYPE: transmission_filter_detector}
# - {CALIBCLS: lsst.ip.isr.IntermediateFilterDetectorTransmissionCurve}
# - {SOURCE: Materion (DM-46256)}
# - {DETECTOR: 177}
# - {FILTER: z_20}
# - {CALIB_ID: 'calibDate=1970-01-01T00:00:00 filter=z_20 detector=177'}
# - {DATE: '2025-04-02T15:59:49.462100'}
# - {CALIB_CREATION_DATE: '2025-04-02'}
# - {CALIB_CREATION_TIME: '15:59:49'}
# - __serialized_columns__:
#     efficiency:
#       __class__: astropy.units.quantity.Quantity
#       unit: !astropy.units.Unit {unit: '%'}
#       value: !astropy.table.SerializedColumn {name: efficiency}
#     wavelength:
#       __class__: astropy.units.quantity.Quantity
#       unit: !astropy.units.Unit {unit: nm}
#       value: !astropy.table.SerializedColumn {name: wavelength}
# schema: astropy-2.0
wavelength efficiency
[from data line 598]
898.0 98.93634915351868
899.0 98.20314645767212
900.0 98.6664354801178
901.0 99.11470413208008
902.0 98.82445931434631
903.0 98.38055372238159
904.0 97.47520685195923
905.0 98.2717216014862
906.0 97.86785840988159
907.0 98.43685030937195
908.0 97.68925309181213
909.0 97.99288511276245
910.0 97.6908028125763
911.0 96.78669571876526
912.0 95.64647078514099
913.0 94.57787275314331
914.0 92.01802611351013
915.0 89.68835473060608
916.0 87.40017414093018
917.0 86.2830400466919
918.0 82.29153156280518
919.0 81.48648142814636
920.0 77.96127796173096
921.0 73.59901070594788
922.0 68.85722875595093
923.0 62.74455785751343
924.0 57.4384868144989
925.0 51.888591051101685
926.0 45.22460699081421
927.0 37.778592109680176
928.0 31.868287920951843
929.0 25.67424178123474
930.0 20.00630646944046
931.0 14.97524380683899
932.0 10.08695662021637
933.0 6.376352161169052
934.0 3.9468009024858475
935.0 2.3091785609722137
936.0 1.312456652522087
937.0 0.8737648837268353
938.0 0.503821624442935
939.0 0.38515476044267416
940.0 0.2395243151113391
941.0 0.09642842342145741
942.0 0.1550180953927338
943.0 0.017985334852710366
944.0 0.0087991043983493
945.0 1.70721293005216e-10
946.0 0.02355642500333488
947.0 1.70721293005216e-10
948.0 1.70721293005216e-10
949.0 0.04989654989913106
950.0 1.70721293005216e-10
951.0 0.07640112889930606
952.0 0.02878849918488413
953.0 1.70721293005216e-10
954.0 0.008566212636651471
955.0 1.70721293005216e-10
956.0 1.70721293005216e-10
957.0 1.70721293005216e-10
958.0 0.08403657702729106
959.0 0.013330158253666013
960.0 0.017147678590845317
961.0 1.70721293005216e-10
962.0 1.70721293005216e-10
963.0 1.70721293005216e-10
964.0 0.0021554247723543085
965.0 1.70721293005216e-10
966.0 0.0712441629730165
967.0 1.70721293005216e-10
968.0 1.70721293005216e-10
969.0 1.70721293005216e-10
970.0 0.0033856653317343444
971.0 1.70721293005216e-10
972.0 1.70721293005216e-10
973.0 0.00911835377337411
974.0 1.70721293005216e-10
975.0 1.70721293005216e-10
976.0 0.005435988714452833
977.0 0.005346667603589594
978.0 0.005257346128928475
979.0 0.00515843385073822
980.0 0.005059521208750084
981.0 0.004993642141926102
982.0 0.004927763075102121
983.0 0.00482447721878998
984.0 0.00472119172627572
985.0 0.00469421356683597
986.0 0.004667235043598339
987.0 0.00458726535725873
988.0 0.00450729567091912
989.0 0.004302451998228207
990.0 0.004097608325537294
991.0 0.004174897549091838
992.0 0.0042521867726463825
993.0 0.004239020199747756
994.0 0.004225852899253368
995.0 0.004122108657611534
996.0 0.00401836477976758
997.0 0.004048033952130936
998.0 0.0040777034882921726
999.0 0.0039547951018903404
1000.0 0.0038318867154885083
1001.0 0.003779092730837874
1002.0 0.00372629874618724
1003.0 0.0037947123928461224
1004.0 0.003863126039505005
1005.0 0.003712532634381205
1006.0 0.003561938865459524
1007.0 0.003726138311321847
1008.0 0.00389033775718417
1009.0 0.0038839374610688537
1010.0 0.0038775371649535373
1011.0 0.0038664966268697754
1012.0 0.0038554557249881327
1013.0 0.003888935680151917
1014.0 0.003922415635315701
1015.0 0.0038097630749689415
1016.0 0.0036971116060158238
1017.0 0.0037431549571920186
1018.0 0.003789198672166094
1019.0 0.0037455945857800543
1020.0 0.0037019904993940145
1021.0 0.003680667214212008
1022.0 0.003659344292827882
1023.0 0.0038249665522016585
1024.0 0.003990588811575435
1025.0 0.004011103737866506
1026.0 0.004031618664157577
1027.0 0.004041707143187523
1028.0 0.004051795622217469
1029.0 0.004111601447220892
1030.0 0.0041714072722243145
1031.0 0.004234085645293817
1032.0 0.004296764018363319
1033.0 0.004377447839942761
1034.0 0.004458132025320083
1035.0 0.004247540346113965
1036.0 0.004036949030705728
1037.0 0.004279135828255676
1038.0 0.004521322625805624
1039.0 0.004641916530090384
1040.0 0.004762510798173025
1041.0 0.004834538776776753
1042.0 0.004906567119178362
1043.0 0.005014011185267009
1044.0 0.005121454887557775
1045.0 0.005117932960274629
1046.0 0.005114411032991484
1047.0 0.005372541272663511
1048.0 0.005630671512335539
1049.0 0.005566798063227907
1050.0 0.005502924614120275
1051.0 0.00556125924049411
1052.0 0.005619593866867945
1053.0 0.0058262390666641295
1054.0 0.00603288208367303
1055.0 0.006152619607746601
1056.0 0.006272357131820172
1057.0 0.006407328328350559
1058.0 0.006542298797285184
1059.0 0.006919261795701459
1060.0 0.007296226249309257
1061.0 0.007471846038242802
1062.0 0.00764746728236787
1063.0 0.007705430471105501
1064.0 0.007763392204651609
1065.0 0.007872852438595146
1066.0 0.007982313400134444
1067.0 0.008107225585263222
1068.0 0.008232140680775046
1069.0 0.008631144009996206
1070.0 0.009030148794408888
1071.0 0.009274490003008395
1072.0 0.009518831939203665
1073.0 0.00968972672126256
1074.0 0.009860622230917215
1075.0 0.010274787928210571
1076.0 0.01068895508069545
1077.0 0.010497553739696741
1078.0 0.010306153126293793
1079.0 0.011230940435780212
1080.0 0.012155729200458154
1081.0 0.011683243792504072
1082.0 0.011210761294933036
1083.0 0.01142757828347385
1084.0 0.011644398182397708
1085.0 0.012337988300714642
1086.0 0.01303158060181886
1087.0 0.013144765398465097
1088.0 0.013257951650302857
1089.0 0.014315653243102133
1090.0 0.015373356291092932
1091.0 0.01532210735604167
1092.0 0.01527085987618193
1093.0 0.015145177894737571
1094.0 0.015019495913293213
1095.0 0.015873434313107282
1096.0 0.016727374168112874
1097.0 0.017163979646284133
1098.0 0.017600586579646915
1099.0 0.018562500190455467
1100.0 0.01952440943568945
1101.0 0.020115439838264138
1102.0 0.020706470240838826
1103.0 0.0207605873583816
1104.0 0.02081470302073285
1105.0 0.021633852156810462
1106.0 0.022452999837696552
1107.0 0.023578117543365806
1108.0 0.02470323524903506
1109.0 0.02487853926140815
1110.0 0.02505384909454733
1111.0 0.025698458193801343
1112.0 0.026343067293055356
1113.0 0.027100075385533273
1114.0 0.027857080567628145
1115.0 0.028347576153464615
1116.0 0.028838071739301085
1117.0 0.028973029111512005
1118.0 0.02910798939410597
1119.0 0.031170062720775604
1120.0 0.03323213604744524
1121.0 0.03528031229507178
1122.0 0.03732848563231528
1123.0 0.03532769333105534
1124.0 0.03332690102979541
1125.0 0.037361515569500625
1126.0 0.041396127198822796
1127.0 0.0417311122873798
1128.0 0.04206610028631985
1129.0 0.042743838275782764
1130.0 0.04342157917562872
1131.0 0.049518945161253214
1132.0 0.05561631405726075
1133.0 0.05909734754823148
1134.0 0.0625783868599683
1135.0 0.06573065184056759
1136.0 0.06888291682116687
1137.0 0.07609612657688558
1138.0 0.08330934215337038
1139.0 0.11036667274311185
1140.0 0.1374240149743855
1141.0 0.2326991641893983
1142.0 0.32797432504594326
1143.0 0.6361516192555428
1144.0 0.944328960031271
1145.0 1.2928796000778675
1146.0 1.6414305195212364
1147.0 1.8518337979912758
1148.0 2.062237076461315
1149.0 2.67155934125185
1150.0 3.2808810472488403
