lsstCam/transmission_filter_detector/r23_s10/i_39/19700101T000000.ecsv
# %ECSV 1.0
# ---
# datatype:
# - {name: wavelength, unit: nm, datatype: float32}
# - {name: efficiency, unit: '%', datatype: float64}
# meta: !!omap
# - {MODE: DETECTOR}
# - {TYPE: transmission_filter_detector}
# - {CALIBDATE: '1970-01-01T00:00:00'}
# - {INSTRUME: LSSTCam}
# - {OBSTYPE: transmission_filter_detector}
# - {CALIBCLS: lsst.ip.isr.IntermediateFilterDetectorTransmissionCurve}
# - {SOURCE: Materion (DM-46256)}
# - {DETECTOR: 102}
# - {FILTER: i_39}
# - {CALIB_ID: 'calibDate=1970-01-01T00:00:00 filter=i_39 detector=102'}
# - {DATE: '2025-04-02T15:59:46.952934'}
# - {CALIB_CREATION_DATE: '2025-04-02'}
# - {CALIB_CREATION_TIME: '15:59:46'}
# - __serialized_columns__:
#     efficiency:
#       __class__: astropy.units.quantity.Quantity
#       unit: !astropy.units.Unit {unit: '%'}
#       value: !astropy.table.SerializedColumn {name: efficiency}
#     wavelength:
#       __class__: astropy.units.quantity.Quantity
#       unit: !astropy.units.Unit {unit: nm}
#       value: !astropy.table.SerializedColumn {name: wavelength}
# schema: astropy-2.0
wavelength efficiency
[from data line 599]
899.0 1.587679640535633e-10
900.0 1.587679640535633e-10
901.0 1.587679640535633e-10
902.0 1.587679640535633e-10
903.0 1.587679640535633e-10
904.0 1.587679640535633e-10
905.0 1.587679640535633e-10
906.0 3.153837724312325e-05
907.0 8.617482762929285e-05
908.0 0.00014081128938414622
909.0 4.124610484268487e-05
910.0 1.587679640535633e-10
911.0 4.020965320705727e-05
912.0 0.00013873838042854914
913.0 0.00014114276609689114
914.0 0.00014354715176523314
915.0 2.83535939615831e-05
916.0 1.587679640535633e-10
917.0 1.587679640535633e-10
918.0 1.587679640535633e-10
919.0 1.587679640535633e-10
920.0 1.587679640535633e-10
921.0 1.5468418723685318e-05
922.0 3.898957743331266e-05
923.0 1.7148019537671644e-05
924.0 1.587679640535633e-10
925.0 0.00012920311291964026
926.0 0.0002630997641972499
927.0 1.587679640535633e-10
928.0 1.587679640535633e-10
929.0 1.587679640535633e-10
930.0 0.0001473287738917861
931.0 0.0001967260232049739
932.0 0.00024612324978079414
933.0 0.00014939413404135848
934.0 5.26650694609998e-05
935.0 1.587679640535633e-10
936.0 1.587679640535633e-10
937.0 1.587679640535633e-10
938.0 1.587679640535633e-10
939.0 1.587679640535633e-10
940.0 1.587679640535633e-10
941.0 1.587679640535633e-10
942.0 1.587679640535633e-10
943.0 1.587679640535633e-10
944.0 1.587679640535633e-10
945.0 1.587679640535633e-10
946.0 1.587679640535633e-10
947.0 1.587679640535633e-10
948.0 1.587679640535633e-10
949.0 1.587679640535633e-10
950.0 1.587679640535633e-10
951.0 1.587679640535633e-10
952.0 1.587679640535633e-10
953.0 1.587679640535633e-10
954.0 1.587679640535633e-10
955.0 1.681606676129377e-05
956.0 8.813925091999408e-05
957.0 0.00011623226328083547
958.0 0.0001443252585886512
959.0 0.0001278307308894
960.0 0.00011133622592751635
961.0 7.676812288082147e-05
962.0 4.220001414978469e-05
963.0 4.3682237560460635e-05
964.0 4.516446381330752e-05
965.0 8.57935447129421e-06
966.0 1.587679640535633e-10
967.0 1.587679640535633e-10
968.0 1.587679640535633e-10
969.0 1.587679640535633e-10
970.0 7.612747481289261e-05
971.0 1.587679640535633e-10
972.0 1.587679640535633e-10
973.0 9.816427137820938e-06
974.0 0.0001769166260601196
975.0 4.9349125674780225e-05
976.0 1.587679640535633e-10
977.0 1.587679640535633e-10
978.0 1.587679640535633e-10
979.0 1.587679640535633e-10
980.0 1.587679640535633e-10
981.0 1.587679640535633e-10
982.0 1.587679640535633e-10
983.0 1.587679640535633e-10
984.0 1.587679640535633e-10
985.0 6.145493216536124e-05
986.0 0.00019362732928129844
987.0 4.100565433873271e-05
988.0 1.587679640535633e-10
989.0 1.587679640535633e-10
990.0 1.587679640535633e-10
991.0 1.587679640535633e-10
992.0 1.587679640535633e-10
993.0 1.587679640535633e-10
994.0 1.587679640535633e-10
995.0 1.587679640535633e-10
996.0 1.587679640535633e-10
997.0 5.3423616463987855e-05
998.0 0.00026873458409681916
999.0 0.0002744809080468258
1000.0 0.0002802271637847298
1001.0 0.00022023477868060581
1002.0 0.00016024233673306298
1003.0 0.00011781920647990773
1004.0 7.539607622675248e-05
1005.0 6.469991831181687e-06
1006.0 1.587679640535633e-10
1007.0 6.426354275390622e-05
1008.0 0.0001909832462843042
1009.0 0.00018696281358643319
1010.0 0.00018294234678251087
1011.0 0.00021306484541128157
1012.0 0.00024318730993400095
1013.0 0.0002742262267929618
1014.0 0.0003052651436519227
1015.0 0.0003080636133745429
1016.0 0.0003108621285718982
1017.0 0.0003943043338949792
1018.0 0.00047774660743016284
1019.0 0.00034887691526819253
1020.0 0.0002200071548941196
1021.0 0.00024221415060310392
1022.0 0.00026442114631208824
1023.0 0.0003535722044034628
1024.0 0.00044272333070694003
1025.0 0.0004149496817262843
1026.0 0.0003871760327456286
1027.0 0.00035147875223628944
1028.0 0.0003157814944643178
1029.0 0.0008031645847950131
1030.0 0.0012905476069136057
1031.0 0.0017699634554446675
1032.0 0.0022493788492283784
1033.0 0.002413646325294394
1034.0 0.0025779130737646483
1035.0 0.003236759584979154
1036.0 0.0038956059142947197
1037.0 0.0038003647205187008
1038.0 0.003705123526742682
1039.0 0.003309070598334074
1040.0 0.0029130178518244065
1041.0 0.0029345592338358983
1042.0 0.0029561007977463305
1043.0 0.003290464519523084
1044.0 0.0036248286050977185
1045.0 0.003275537528679706
1046.0 0.0029262468160595745
1047.0 0.0027679816412273794
1048.0 0.0026097164663951844
1049.0 0.002227437107649166
1050.0 0.0018451579308020882
1051.0 0.001893149601528421
1052.0 0.0019411414541536942
1053.0 0.0014838381503068376
1054.0 0.001026534846459981
1055.0 0.0007913152330729645
1056.0 0.0005560955287364777
1057.0 0.0006495239631476579
1058.0 0.0007429526704072487
1059.0 0.0009645398677093908
1060.0 0.0011861272469104733
1061.0 0.0015675053873565048
1062.0 0.001948883436853066
1063.0 0.002371025948377792
1064.0 0.002793168278003577
1065.0 0.003324792123748921
1066.0 0.003856416151393205
1067.0 0.004462176366359927
1068.0 0.00506793730892241
1069.0 0.004299899228499271
1070.0 0.003531861148076132
1071.0 0.0036463756259763613
1072.0 0.0037608901038765907
1073.0 0.0036504217860056087
1074.0 0.0035399538319325075
1075.0 0.003398844273760915
1076.0 0.003257734715589322
1077.0 0.0029482083846232854
1078.0 0.002638681689859368
1079.0 0.002490493352524936
1080.0 0.002342305378988385
1081.0 0.0014768133951292839
1082.0 0.0006113216841185931
1083.0 0.0001395337221765658
1084.0 1.587679640535633e-10
1085.0 0.0006043598659744021
1086.0 0.0015409743355121464
1087.0 0.0006770647360099247
1088.0 1.587679640535633e-10
1089.0 1.587679640535633e-10
1090.0 1.587679640535633e-10
1091.0 1.587679640535633e-10
1092.0 1.587679640535633e-10
1093.0 1.587679640535633e-10
1094.0 0.0006098302492318908
1095.0 4.2965675106643175e-05
1096.0 1.587679640535633e-10
1097.0 1.587679640535633e-10
1098.0 1.587679640535633e-10
1099.0 0.00018656448901310796
1100.0 0.0012480030818551313
