lsstCam/transmission_filter_detector/r23_s10/i_39/19700101T000000.ecsv
# %ECSV 1.0
# ---
# datatype:
# - {name: wavelength, unit: nm, datatype: float32}
# - {name: efficiency, unit: '%', datatype: float64}
# meta: !!omap
# - {MODE: DETECTOR}
# - {TYPE: transmission_filter_detector}
# - {CALIBDATE: '1970-01-01T00:00:00'}
# - {INSTRUME: LSSTCam}
# - {OBSTYPE: transmission_filter_detector}
# - {CALIBCLS: lsst.ip.isr.IntermediateFilterDetectorTransmissionCurve}
# - {SOURCE: Materion (DM-46256)}
# - {DETECTOR: 102}
# - {FILTER: i_39}
# - {CALIB_ID: 'calibDate=1970-01-01T00:00:00 filter=i_39 detector=102'}
# - {DATE: '2025-04-02T15:59:46.952934'}
# - {CALIB_CREATION_DATE: '2025-04-02'}
# - {CALIB_CREATION_TIME: '15:59:46'}
# - __serialized_columns__:
#     efficiency:
#       __class__: astropy.units.quantity.Quantity
#       unit: !astropy.units.Unit {unit: '%'}
#       value: !astropy.table.SerializedColumn {name: efficiency}
#     wavelength:
#       __class__: astropy.units.quantity.Quantity
#       unit: !astropy.units.Unit {unit: nm}
#       value: !astropy.table.SerializedColumn {name: wavelength}
# schema: astropy-2.0
wavelength efficiency
300.0 0.04256459069438279
301.0 0.015151650586631149
302.0 1.587679640535633e-10
303.0 0.010306041804142296
304.0 0.03287335275672376
305.0 0.02434494672343135
306.0 0.015816545055713505
307.0 0.0024528651920263655
308.0 1.587679640535633e-10
309.0 1.587679640535633e-10
310.0 1.587679640535633e-10
311.0 0.0015172467101365328
312.0 0.004578130028676242
313.0 1.587679640535633e-10
314.0 1.587679640535633e-10
315.0 1.587679640535633e-10
316.0 1.587679640535633e-10
317.0 1.587679640535633e-10
318.0 1.587679640535633e-10
319.0 1.587679640535633e-10
320.0 1.587679640535633e-10
321.0 1.587679640535633e-10
322.0 0.0014834739886282478
323.0 0.0006397902325261384
324.0 1.587679640535633e-10
325.0 1.587679640535633e-10
326.0 1.587679640535633e-10
327.0 1.587679640535633e-10
328.0 0.001226652784680482
329.0 0.0005322880497260485
330.0 1.587679640535633e-10
331.0 0.0010408253729110584
332.0 0.002243727976747323
333.0 0.0017362181097269058
334.0 0.0012287086065043695
335.0 0.0013960684555058833
336.0 0.0015634286683052778
337.0 0.0020278563169995323
338.0 0.002492283601895906
339.0 0.0024211141862906516
340.0 0.002349944770685397
341.0 0.00036172784803056857
342.0 1.587679640535633e-10
343.0 1.587679640535633e-10
344.0 0.000941132748266682
345.0 0.0002773961341517861
346.0 1.587679640535633e-10
347.0 1.587679640535633e-10
348.0 1.587679640535633e-10
349.0 1.587679640535633e-10
350.0 0.0005884465281269513
351.0 0.0001101946168091672
352.0 1.587679640535633e-10
353.0 1.587679640535633e-10
354.0 1.587679640535633e-10
355.0 1.587679640535633e-10
356.0 0.0003473008518994902
357.0 0.0006851951184216887
358.0 0.0010230894076812547
359.0 0.0007823093255865388
360.0 0.0005415289706434123
361.0 0.0007970046681293752
362.0 0.001052480365615338
363.0 0.000580062078370247
364.0 0.00010764385933725862
365.0 0.0004710994744527852
366.0 0.000834555430628825
367.0 0.00037476065699593164
368.0 1.587679640535633e-10
369.0 0.0007769418516545556
370.0 0.0016389180018450134
371.0 0.0012767358384735417
372.0 0.0009145537660515402
373.0 0.0010140447557205334
374.0 0.0011135358363389969
375.0 0.00048007805162342265
376.0 1.587679640535633e-10
377.0 1.587679640535633e-10
378.0 0.00011849332395286183
379.0 1.587679640535633e-10
380.0 1.587679640535633e-10
381.0 1.587679640535633e-10
382.0 1.587679640535633e-10
383.0 0.00015235131058943807
384.0 0.001071901624527527
385.0 0.0007079524038999807
386.0 0.0003440030695855967
387.0 1.587679640535633e-10
388.0 1.587679640535633e-10
389.0 1.587679640535633e-10
390.0 1.587679640535633e-10
391.0 1.587679640535633e-10
392.0 1.587679640535633e-10
393.0 1.587679640535633e-10
394.0 5.437570393951319e-05
395.0 1.587679640535633e-10
396.0 1.587679640535633e-10
397.0 1.587679640535633e-10
398.0 1.527404833723267e-05
399.0 0.00039578217183589004
400.0 0.0007762902896502055
401.0 0.00306568545056507
402.0 0.005355080065783113
403.0 0.004797618385055102
404.0 0.004240157795720734
405.0 0.004201364572509192
406.0 0.004162571713095531
407.0 0.00283201843558345
408.0 0.0015014627933851443
409.0 0.0012628428521566093
410.0 0.0010242215466860216
411.0 0.0035227662010584027
412.0 0.006021311128279194
413.0 0.00437611888628453
414.0 0.002730927553784568
415.0 0.0028928874598932452
416.0 0.0030548471841029823
417.0 0.0025892531994031742
418.0 0.0021236588509054855
419.0 0.0034114862501155585
420.0 0.004699313285527751
421.0 0.004556554995360784
422.0 0.004413796705193818
423.0 0.004863833601120859
424.0 0.0053138701332500204
425.0 0.004906125468551181
426.0 0.0044983797124587
427.0 0.004406048901728354
428.0 0.004313717727200128
429.0 0.004510041617322713
430.0 0.0047063662350410596
431.0 0.003978360109613277
432.0 0.003250354711781256
433.0 0.0030162498660502024
434.0 0.002782145020319149
435.0 0.002132572444679681
436.0 0.0014829994142928626
437.0 0.0013748312085226644
438.0 0.0012666631846514065
439.0 0.0017555557860760018
440.0 0.0022444484784500673
441.0 0.0009154503459285479
442.0 1.587679640535633e-10
443.0 5.85908878747432e-05
444.0 0.0005307294486556202
445.0 0.0004607705250236904
446.0 0.0003908117378159659
447.0 0.0001805529336706968
448.0 1.587679640535633e-10
449.0 1.587679640535633e-10
450.0 1.587679640535633e-10
451.0 1.587679640535633e-10
452.0 0.0006768703769921558
453.0 0.001084627365344204
454.0 0.001492384762968868
455.0 0.0014248702427721582
456.0 0.0013573559044743888
457.0 0.0009522612344881054
458.0 0.0005471666099765571
459.0 0.00028986660254304297
460.0 3.2566504160058685e-05
461.0 0.00029996956527611474
462.0 0.0005673726263921708
463.0 0.0003906951405951986
464.0 0.00021401760932349134
465.0 0.00021572116111201467
466.0 0.000217424712900538
467.0 0.00045214737838250585
468.0 0.0006868699983897386
469.0 0.0004721877303381916
470.0 0.0002575055532361148
471.0 0.00037530264762608567
472.0 0.0004930998329655267
473.0 0.0007785659363435116
474.0 0.0010640322216204368
475.0 0.0008606149094703142
476.0 0.0006571977792191319
477.0 0.0009477192179474514
478.0 0.0012382406566757709
479.0 0.0013683638826478273
480.0 0.0014984871086198837
481.0 0.0024257900804514065
482.0 0.003353092324687168
483.0 0.005238519224803895
484.0 0.0071239461249206215
485.0 0.00830030840006657
486.0 0.009476670675212517
487.0 0.011818802158813924
488.0 0.014160934370011091
489.0 0.01704336900729686
490.0 0.019925805099774152
491.0 0.022020847245585173
492.0 0.024115890846587718
493.0 0.025085252127610147
494.0 0.026054619229398668
495.0 0.02306262031197548
496.0 0.020070618484169245
497.0 0.015968127991072834
498.0 0.011865635315189138
499.0 0.008339088526554406
500.0 0.004812541737919673
501.0 0.0035330660466570407
502.0 0.002253590719192289
503.0 0.0023040363885229453
504.0 0.0023544818759546615
505.0 0.0021194529836066067
506.0 0.001884424091258552
507.0 0.001910048013087362
508.0 0.0019356719349161722
509.0 0.0019995084585389122
510.0 0.0020633451640605927
511.0 0.001755682569637429
512.0 0.0014480198842647951
513.0 0.0017809701603255235
514.0 0.0021139207092346624
515.0 0.0024603636120446026
516.0 0.0028068063329556026
517.0 0.0026107409212272614
518.0 0.0024146755094989203
519.0 0.00223415918298997
520.0 0.0020536430383799598
521.0 0.001726762275211513
522.0 0.0013998814210935961
523.0 0.0013823017980030272
524.0 0.0013647222658619285
525.0 0.002015178142755758
526.0 0.0026656338377506472
527.0 0.0025815626941039227
528.0 0.002497491368558258
529.0 0.002081246566376649
530.0 0.0016650014003971592
531.0 0.0014978087165218312
532.0 0.0013306163054949138
533.0 0.0015131093277886976
534.0 0.001695602259133011
535.0 0.001786604116205126
536.0 0.0018776057913783006
537.0 0.0025885274226311594
538.0 0.003299448871985078
539.0 0.00399590608139988
540.0 0.004692363290814683
541.0 0.005327754479367286
542.0 0.005963145667919889
543.0 0.005192600656300783
544.0 0.004422055644681677
545.0 0.0033600477763684466
546.0 0.002298040271853097
547.0 0.0019683737264131196
548.0 0.0016387071809731424
549.0 0.0017528342141304165
550.0 0.001866961429186631
551.0 0.0016889622202143073
552.0 0.0015109631021914538
553.0 0.0013723279153055046
554.0 0.0012336928193690255
555.0 0.0009144077012024354
556.0 0.0005951223556621699
557.0 0.000640778034721734
558.0 0.0006864338047307683
559.0 0.00040027161958278157
560.0 0.00011410938896005973
561.0 0.0007481778993678745
562.0 0.0013822464097756892
563.0 0.0016442350897705182
564.0 0.0019062239516642876
565.0 0.0014919798559276387
566.0 0.0010777360330394004
567.0 0.0007876517884142231
568.0 0.0004975678166374564
569.0 0.0006021951321599772
570.0 0.0007068223567330278
571.0 0.0005571150268224301
572.0 0.00040740765143709723
573.0 0.00042687865970947314
574.0 0.00044634971345658414
575.0 0.0005017072908231057
576.0 0.0005570648681896273
577.0 0.0004558104137686314
578.0 0.00035455602755973814
579.0 0.00023565003175463062
580.0 0.00011674405868689064
581.0 0.0001738968535391905
582.0 0.00023104964839149034
583.0 0.00039594315239810385
584.0 0.0005608366336673498
585.0 0.0006157801635708893
586.0 0.0006707238753733691
587.0 0.0006775685960747069
588.0 0.0006844132713013096
589.0 0.0006419422334147384
590.0 0.0005994711955281673
591.0 0.000732232865630067
592.0 0.0008649945812067017
593.0 0.0006115410997153958
594.0 0.0003580875727493549
595.0 0.0005469796633406077
596.0 0.0007358716629823903
597.0 0.0006381660114129772
598.0 0.0005404603598435642
599.0 0.0005164712092664558
600.0 0.0004924821041640826
601.0 0.00045673664317291696
602.0 0.00042099118218175136
603.0 0.00035431862670520786
604.0 0.0002876459802791942
605.0 0.00030800345030002063
606.0 0.0003283609430582146
607.0 0.0004292664925742429
608.0 0.0005301720648276387
609.0 0.0005218164915277157
610.0 0.0005134607363288524
611.0 0.0005567319476540433
612.0 0.0006000031589792343
613.0 0.0004024071586172795
614.0 0.00020481124920479488
615.0 1.9852052446367452e-05
616.0 1.587679640535633e-10
617.0 2.081950611909633e-05
618.0 0.00020674624465755187
619.0 0.000270323243967141
620.0 0.00033390033422620036
621.0 0.0004138150870858226
622.0 0.0004937297944707097
623.0 0.0004947623892803676
624.0 0.0004957949840900255
625.0 0.0003904140157828806
626.0 0.0002850330702131032
627.0 0.00028435044896468753
628.0 0.0002836678049789043
629.0 0.000383327778763487
630.0 0.0004829877980228048
631.0 0.00045264328036864754
632.0 0.0004222987172397552
633.0 0.0004014470050606178
634.0 0.0003805952701441129
635.0 0.00038984103412076365
636.0 0.000399086820834782
637.0 0.00043057075345132034
638.0 0.00046205454964365344
639.0 0.0006167533229017863
640.0 0.0007714519597357139
641.0 0.0006313091944321059
642.0 0.0004911664746032329
643.0 0.000709049845681875
644.0 0.0009269332622352522
645.0 0.0008518130925949663
646.0 0.0007766931048536208
647.0 0.0007861771337047685
648.0 0.0007956613444548566
649.0 0.0007692819053772837
650.0 0.0007429024208249757
651.0 0.0009057646821020171
652.0 0.0010686269888537936
653.0 0.0011697102308971807
654.0 0.0012707936548395082
655.0 0.0018164490029448643
656.0 0.00236210416915128
657.0 0.0033755201002350077
658.0 0.004388934758026153
659.0 0.007078133785398677
660.0 0.07065005484037101
661.0 0.13267227914184332
662.0 0.0960581295657903
663.0 0.1241134712472558
664.0 0.12791439658030868
665.0 0.16342587769031525
666.0 0.16594781773164868
667.0 0.22834576666355133
668.0 0.24687806144356728
669.0 0.35900757648050785
670.0 0.5819734185934067
671.0 0.8370210416615009
672.0 1.3546896167099476
673.0 2.0229103043675423
674.0 2.8689881786704063
675.0 3.991546854376793
676.0 5.034436285495758
677.0 6.4488328993320465
678.0 7.95542299747467
679.0 9.59804356098175
680.0 11.750653386116028
681.0 14.086750149726868
682.0 16.673779487609863
683.0 19.582806527614594
684.0 22.60095924139023
685.0 25.537294149398804
686.0 28.494223952293396
687.0 31.88990354537964
688.0 35.4025274515152
689.0 39.12721276283264
690.0 43.39008331298828
691.0 48.08954298496246
692.0 53.58021259307861
693.0 59.23389196395874
694.0 65.47890305519104
695.0 71.28768563270569
696.0 77.48889327049255
697.0 82.81899094581604
698.0 87.90106773376465
699.0 91.52089357376099
700.0 94.01323795318604
701.0 95.72626948356628
702.0 96.78505659103394
703.0 97.36700654029846
704.0 97.45821952819824
705.0 97.79122471809387
706.0 97.71815538406372
707.0 97.75583148002625
708.0 97.78180718421936
709.0 97.98724055290222
710.0 97.67693281173706
711.0 98.0204164981842
712.0 97.84963130950928
713.0 98.05418252944946
714.0 98.0134129524231
715.0 98.21540117263794
716.0 97.95461297035217
717.0 98.10385704040527
718.0 98.16614389419556
719.0 97.98282384872437
720.0 98.15019369125366
721.0 98.00875186920166
722.0 97.68012762069702
723.0 97.38919734954834
724.0 97.15523719787598
725.0 96.93921208381653
726.0 96.81253433227539
727.0 96.57407999038696
728.0 96.44589424133301
729.0 96.2212324142456
730.0 96.46626710891724
731.0 96.47287726402283
732.0 96.60788178443909
733.0 97.03056216239929
734.0 97.36364483833313
735.0 97.61011600494385
736.0 97.88888096809387
737.0 98.17588925361633
738.0 98.40250611305237
739.0 98.66629838943481
740.0 98.676198720932
741.0 98.59357476234436
742.0 98.92266988754272
743.0 98.6873984336853
744.0 98.54338765144348
745.0 98.55754375457764
746.0 98.53554964065552
747.0 98.70045185089111
748.0 98.58148694038391
749.0 98.44354391098022
750.0 98.36632013320923
751.0 98.44412207603455
752.0 98.37968349456787
753.0 98.57648611068726
754.0 98.4061062335968
755.0 98.59148263931274
756.0 98.53984713554382
757.0 98.6038863658905
758.0 98.67788553237915
759.0 98.74283075332642
760.0 98.63574504852295
761.0 98.59997034072876
762.0 98.73713850975037
763.0 98.64469766616821
764.0 98.54352474212646
765.0 98.46637845039368
766.0 98.40191006660461
767.0 98.22414517402649
768.0 98.21540713310242
769.0 98.15744161605835
770.0 97.95259237289429
771.0 97.92764782905579
772.0 97.92170524597168
773.0 97.83046245574951
774.0 97.67807722091675
775.0 97.79179692268372
776.0 97.75263667106628
777.0 97.92538285255432
778.0 97.90263175964355
779.0 98.04244041442871
780.0 97.97008037567139
781.0 98.42732548713684
782.0 98.30915331840515
783.0 98.457270860672
784.0 98.4193742275238
785.0 98.54007363319397
786.0 98.68739247322083
787.0 98.41364622116089
788.0 98.40860962867737
789.0 98.58534932136536
790.0 98.44075441360474
791.0 98.42271208763123
792.0 98.3130156993866
793.0 98.25469851493835
794.0 98.1117844581604
795.0 97.88408279418945
796.0 97.88009524345398
797.0 97.94614911079407
798.0 97.81346917152405
799.0 97.70245552062988
800.0 97.36234545707703
801.0 97.390878200531
802.0 97.0868706703186
803.0 96.58889174461365
804.0 95.93729972839355
805.0 94.92799043655396
806.0 93.95956993103027
807.0 92.39562153816223
808.0 90.52442908287048
809.0 88.37463855743408
810.0 85.98043322563171
811.0 82.91259407997131
812.0 79.50600385665894
813.0 75.66537857055664
814.0 71.36183381080627
815.0 66.97001457214355
816.0 62.516623735427856
817.0 57.73601531982422
818.0 53.025251626968384
819.0 48.89903962612152
820.0 44.133591651916504
821.0 39.70041871070862
822.0 35.266679525375366
823.0 30.670976638793945
824.0 26.023972034454346
825.0 21.811142563819885
826.0 17.38954782485962
827.0 12.980185449123383
828.0 9.358356148004532
829.0 6.354042887687683
830.0 3.8249924778938293
831.0 2.384140156209469
832.0 1.348908431828022
833.0 0.7643214426934719
834.0 0.439691124483943
835.0 0.2177251037210226
836.0 0.14132516225799918
837.0 0.10886058444157243
838.0 0.06623002118431032
839.0 0.06083105690777302
840.0 0.02169869840145111
841.0 0.03286153951194137
842.0 1.587679640535633e-10
843.0 1.587679640535633e-10
844.0 1.587679640535633e-10
845.0 1.587679640535633e-10
846.0 1.587679640535633e-10
847.0 1.587679640535633e-10
848.0 1.587679640535633e-10
849.0 1.587679640535633e-10
850.0 1.587679640535633e-10
851.0 1.587679640535633e-10
852.0 0.0004041498414153466
853.0 0.0005932639851380372
854.0 0.0007823782652849331
855.0 0.0007059958079480566
856.0 0.0006296133506111801
857.0 0.0004958642875863006
858.0 0.00036211508813721593
859.0 0.0001686754103502608
860.0 1.587679640535633e-10
861.0 0.00011602135145949433
862.0 0.0002568069248809479
863.0 6.219962074283103e-05
864.0 1.587679640535633e-10
865.0 1.587679640535633e-10
866.0 1.587679640535633e-10
867.0 1.587679640535633e-10
868.0 1.587679640535633e-10
869.0 1.587679640535633e-10
870.0 1.587679640535633e-10
871.0 2.004657488896555e-05
872.0 8.788068157628004e-05
873.0 0.00015468632454940234
874.0 0.000221491950469499
875.0 0.0001753449282659858
876.0 0.00012919794016852393
877.0 1.587679640535633e-10
878.0 1.587679640535633e-10
879.0 1.587679640535633e-10
880.0 0.00014932533076716936
881.0 7.521076099692436e-05
882.0 1.0962426522098667e-06
883.0 8.342378237102821e-05
884.0 0.0001657513507780095
885.0 5.85290194976551e-05
886.0 1.587679640535633e-10
887.0 1.587679640535633e-10
888.0 1.587679640535633e-10
889.0 1.587679640535633e-10
890.0 1.587679640535633e-10
891.0 5.291838078846922e-05
892.0 0.00019052857851420413
893.0 0.00014571629662896157
894.0 0.00010090402611240279
895.0 1.587679640535633e-10
896.0 1.587679640535633e-10
897.0 1.587679640535633e-10
