lsstCam/transmission_filter_detector/r30_s10/y_10/19700101T000000.ecsv
# %ECSV 1.0
# ---
# datatype:
# - {name: wavelength, unit: nm, datatype: float32}
# - {name: efficiency, unit: '%', datatype: float64}
# meta: !!omap
# - {MODE: DETECTOR}
# - {TYPE: transmission_filter_detector}
# - {CALIBDATE: '1970-01-01T00:00:00'}
# - {INSTRUME: LSSTCam}
# - {OBSTYPE: transmission_filter_detector}
# - {CALIBCLS: lsst.ip.isr.IntermediateFilterDetectorTransmissionCurve}
# - {SOURCE: Materion (DM-46256)}
# - {DETECTOR: 120}
# - {FILTER: y_10}
# - {CALIB_ID: 'calibDate=1970-01-01T00:00:00 filter=y_10 detector=120'}
# - {DATE: '2025-04-02T15:59:51.299482'}
# - {CALIB_CREATION_DATE: '2025-04-02'}
# - {CALIB_CREATION_TIME: '15:59:51'}
# - __serialized_columns__:
#     efficiency:
#       __class__: astropy.units.quantity.Quantity
#       unit: !astropy.units.Unit {unit: '%'}
#       value: !astropy.table.SerializedColumn {name: efficiency}
#     wavelength:
#       __class__: astropy.units.quantity.Quantity
#       unit: !astropy.units.Unit {unit: nm}
#       value: !astropy.table.SerializedColumn {name: wavelength}
# schema: astropy-2.0
wavelength efficiency
300.0 0.025078383623622358
301.0 0.019397622963879257
302.0 0.013716859393753111
303.0 0.010134134208783507
304.0 0.006551406841026619
305.0 0.007050615386106074
306.0 0.00754981956561096
307.0 0.010647883027559146
308.0 0.013745945761911571
309.0 0.01080212605302222
310.0 0.007858308526920155
311.0 0.006846606993349269
312.0 0.005834904732182622
313.0 0.006234289321582764
314.0 0.006633673910982907
315.0 0.004693833034252748
316.0 0.002753991066128947
317.0 0.0016437525118817575
318.0 0.0005335143214324489
319.0 0.0003442240313233924
320.0 0.0001549333319417201
321.0 0.0011549778719199821
322.0 0.002155022229999304
323.0 0.0035108343581669033
324.0 0.004866646486334503
325.0 0.003831799767795019
326.0 0.0027969534130534157
327.0 0.003606452446547337
328.0 0.004415951116243377
329.0 0.004415772491483949
330.0 0.0044155931391287595
331.0 0.003349162216181867
332.0 0.002282731657032855
333.0 0.003349997496115975
334.0 0.004417263335199095
335.0 0.0030232415156206116
336.0 0.0016292187865474261
337.0 0.0014930484212527517
338.0 0.0013568780559580773
339.0 0.001348175555904163
340.0 0.0013394732377491891
341.0 0.001294133562623756
342.0 0.0012487938874983229
343.0 0.0011098916729679331
344.0 0.0009709893674880732
345.0 0.0009595484698365908
346.0 0.0009481076631345786
347.0 0.000982366418611491
348.0 0.001016625355987344
349.0 0.0009402392606716603
350.0 0.0008638532563054468
351.0 0.0010777104762382805
352.0 0.0012915676961711142
353.0 0.001278254421777092
354.0 0.0012649410564335994
355.0 0.0014446359273279086
356.0 0.001624330980121158
357.0 0.001375023384753149
358.0 0.0011257160622335505
359.0 0.0011953305147471838
360.0 0.0012649450582102872
361.0 0.001114635779231321
362.0 0.0009643265912018251
363.0 0.00103646070783725
364.0 0.001108594824472675
365.0 0.001287059421883896
366.0 0.0014655240192951169
367.0 0.001912666812131647
368.0 0.0023598091502208263
369.0 0.002031926851486787
370.0 0.0017040449165506288
371.0 0.0016128544302773662
372.0 0.001521664125903044
373.0 0.0017063983250409365
374.0 0.0018911323422798887
375.0 0.0028154188839835115
376.0 0.0037397054256871343
377.0 0.0038773014239268377
378.0 0.004014897785964422
379.0 0.003613796070567332
380.0 0.0032126943551702425
381.0 0.00262713529082248
382.0 0.0020415762264747173
383.0 0.0014817401279287878
384.0 0.0009219039384333882
385.0 0.0009488428986514919
386.0 0.000975782131718006
387.0 0.0006012438916513929
388.0 0.00022670574253425002
389.0 0.0003216627192159649
390.0 0.0004166196049482096
391.0 0.0004793321750184987
392.0 0.0005420447450887877
393.0 0.0006066342848498607
394.0 0.0006712237336614635
395.0 0.0006309323907771613
396.0 0.0005906410478928592
397.0 0.0007069273124216124
398.0 0.0008232136678998359
399.0 0.0009424190466233995
400.0 0.001061624425346963
401.0 0.0013441153896565083
402.0 0.0016266061720671132
403.0 0.00158573457156308
404.0 0.0015448627891601063
405.0 0.0016514621165697463
406.0 0.0017580614439793862
407.0 0.0017600417777430266
408.0 0.001762022111506667
409.0 0.0014185217878548428
410.0 0.0010750214642030187
411.0 0.000997028655547183
412.0 0.0009190354830934666
413.0 0.0009149587640422396
414.0 0.0009108824087888934
415.0 0.0007156268111430109
416.0 0.0005203708496992476
417.0 0.00046433201532636303
418.0 0.00040829318095347844
419.0 0.0003287148047093069
420.0 0.00024913649667723803
421.0 0.0003214383923477726
422.0 0.00039374026528093964
423.0 0.00020236097952874843
424.0 1.0981767673001741e-05
425.0 0.0003251444240959245
426.0 0.0006393071998900268
427.0 0.0009601402780390345
428.0 0.0012809731742891017
429.0 0.0008036184226511978
430.0 0.00032626369375066133
431.0 1.9704045253060576e-10
432.0 1.9704045253060576e-10
433.0 1.9704045253060576e-10
434.0 3.2374813940805325e-05
435.0 4.5572977569463546e-05
436.0 5.8771229305421e-05
437.0 6.157436782672221e-07
438.0 1.9704045253060576e-10
439.0 4.2550294665488764e-05
440.0 0.0001426402377546765
441.0 1.8678970548080542e-05
442.0 1.9704045253060576e-10
443.0 0.00014583174561266787
444.0 0.0003969455519836629
445.0 0.0003296073600722593
446.0 0.0002622690317366505
447.0 0.0005833862815052271
448.0 0.0009045037586474791
449.0 0.0004664497282647062
450.0 2.8395933782121574e-05
451.0 0.00012876635082648136
452.0 0.00022913695829629432
453.0 8.026045179576613e-05
454.0 1.9704045253060576e-10
455.0 0.00035438772556517506
456.0 0.0007773915058351122
457.0 0.00029638736123160925
458.0 1.9704045253060576e-10
459.0 1.9704045253060576e-10
460.0 1.9704045253060576e-10
461.0 1.9704045253060576e-10
462.0 0.0002315358869964257
463.0 0.0005177410457690712
464.0 0.0008039462045417167
465.0 0.0006296837455010973
466.0 0.00045542133193521295
467.0 0.0006531965937028872
468.0 0.0008509719009452965
469.0 0.001385463747283211
470.0 0.001919955866469536
471.0 0.0020340123228379525
472.0 0.002148068779206369
473.0 0.002269850119773764
474.0 0.0023916314603411593
475.0 0.0026959562092088163
476.0 0.0030002811399754137
477.0 0.0029072045435896143
478.0 0.002814127947203815
479.0 0.003037844908249099
480.0 0.0032615618692943826
481.0 0.003573839057935402
482.0 0.003886116246576421
483.0 0.0037800280551891774
484.0 0.0036739402275998145
485.0 0.0035011180443689227
486.0 0.003328295861138031
487.0 0.003249386645620689
488.0 0.0031704777939012274
489.0 0.002656325523275882
490.0 0.0021421732526505366
491.0 0.001993225305341184
492.0 0.0018442771761328913
493.0 0.0017418269635527395
494.0 0.0016393765690736473
495.0 0.0018863574950955808
496.0 0.002133338239218574
497.0 0.0019598761355155148
498.0 0.0017864143956103362
499.0 0.0020027517166454345
500.0 0.002219089219579473
501.0 0.002259581924590748
502.0 0.0023000746296020225
503.0 0.0023323713321588
504.0 0.002364668034715578
505.0 0.0025859162633423693
506.0 0.0028071648557670414
507.0 0.0024476363250869326
508.0 0.002088107794406824
509.0 0.00208772617042996
510.0 0.0020873447283520363
511.0 0.0017190148355439305
512.0 0.001350685033685295
513.0 0.0017244166883756407
514.0 0.0020981484340154566
515.0 0.0016448086171294563
516.0 0.0011914690730918664
517.0 0.00142626131491852
518.0 0.001661053829593584
519.0 0.0013923012375016697
520.0 0.0011235488273086958
521.0 0.0012773743947036564
522.0 0.0014311995983007364
523.0 0.0013703662261832505
524.0 0.0013095325812173542
525.0 0.0018259446733281948
526.0 0.0023423568563885055
527.0 0.002404833685432095
528.0 0.0024673108782735653
529.0 0.0027222358767176047
530.0 0.0029771612389595248
531.0 0.002719703297771048
532.0 0.002462245538481511
533.0 0.002241585752926767
534.0 0.0020209259673720226
535.0 0.001706825423752889
536.0 0.0013927250620326959
537.0 0.00176899011421483
538.0 0.002145255530194845
539.0 0.0025310187993454747
540.0 0.0029167820684961043
541.0 0.0033287851692875847
542.0 0.0037407884519780055
543.0 0.0041946026613004506
544.0 0.004648416506825015
545.0 0.0046328234020620584
546.0 0.004617229933501221
547.0 0.004170426109340042
548.0 0.0037236222851788625
549.0 0.0030222407076507807
550.0 0.002320859130122699
551.0 0.002535339444875717
552.0 0.002749819577729795
553.0 0.0025951716452254914
554.0 0.0024405240765190683
555.0 0.0031142022635322064
556.0 0.003787880632444285
557.0 0.003978563836426474
558.0 0.0041692470404086635
559.0 0.0037897374568274245
560.0 0.0034102278732461855
561.0 0.003684351031552069
562.0 0.003958474189857952
563.0 0.003980037945439108
564.0 0.004001601701020263
565.0 0.004078062920598313
566.0 0.004154523776378483
567.0 0.004362758045317605
568.0 0.004570992678054608
569.0 0.005386267002904788
570.0 0.006201540963957086
571.0 0.006817434768890962
572.0 0.007433328573824838
573.0 0.007102954259607941
574.0 0.006772579217795283
575.0 0.006523966294480488
576.0 0.006275354098761454
577.0 0.005819784200866707
578.0 0.005364213939174078
579.0 0.005291772686177865
580.0 0.00521933106938377
581.0 0.006237886555027217
582.0 0.007256442040670663
583.0 0.008551634527975693
584.0 0.009846827015280724
585.0 0.010296736581949517
586.0 0.01074664614861831
587.0 0.010702375584514812
588.0 0.010658107203198597
589.0 0.010473144357092679
590.0 0.010288185876561329
591.0 0.009485133341513574
592.0 0.008682082261657342
593.0 0.007721690781181678
594.0 0.00676130221108906
595.0 0.006176587339723483
596.0 0.005591875014943071
597.0 0.005786288602394052
598.0 0.005980702553642914
599.0 0.006932367978151888
600.0 0.007884033402660862
601.0 0.008836241613607854
602.0 0.009788448369363323
603.0 0.010196349467150867
604.0 0.010604250564938411
605.0 0.010794234549393877
606.0 0.01098421707865782
607.0 0.009977779700420797
608.0 0.008971341594588012
609.0 0.00732869521016255
610.0 0.005686050280928612
611.0 0.004638590689864941
612.0 0.0035911318263970315
613.0 0.003534082497935742
614.0 0.0034770331694744527
615.0 0.0043866184569196776
616.0 0.005296203016769141
617.0 0.006270809535635635
618.0 0.0072454160545021296
619.0 0.008522256393916905
620.0 0.009799096005735919
621.0 0.009895682887872681
622.0 0.009992271225200966
623.0 0.010579198715277016
624.0 0.011166125477757305
625.0 0.010374470002716407
626.0 0.00958281452767551
627.0 0.007832912524463609
628.0 0.006083010885049589
629.0 0.004888721741735935
630.0 0.00369443187082652
631.0 0.003114010178251192
632.0 0.002533588485675864
633.0 0.002553355989221018
634.0 0.0025731233108672313
635.0 0.003179705163347535
636.0 0.0037862871977267787
637.0 0.004042892760480754
638.0 0.0042994983232347295
639.0 0.004816137152374722
640.0 0.005332775981514715
641.0 0.005478176535689272
642.0 0.005623576726065949
643.0 0.005556651740334928
644.0 0.005489726390806027
645.0 0.004878514300798997
646.0 0.004267302210791968
647.0 0.0037748584873043
648.0 0.0032824154914123937
649.0 0.002630259041325189
650.0 0.0019781029550358653
651.0 0.001684981725702528
652.0 0.0013918603144702502
653.0 0.0013630648027174175
654.0 0.0013342692909645848
655.0 0.0013580681297753472
656.0 0.0013818669685861096
657.0 0.0014325656593427993
658.0 0.0014832641682005487
659.0 0.001563384103064891
660.0 0.0016435042198281735
661.0 0.0016953976228251122
662.0 0.0017472913896199316
663.0 0.0018335609638597816
664.0 0.0019198303562006913
665.0 0.0025351386284455657
666.0 0.0031504467187914997
667.0 0.003760708204936236
668.0 0.004370970054878853
669.0 0.004913254815619439
670.0 0.005455538484966382
671.0 0.0061605911469087005
672.0 0.006865643081255257
673.0 0.007424310751957819
674.0 0.007982976967468858
675.0 0.00794686347944662
676.0 0.007910749991424382
677.0 0.006723003752995282
678.0 0.005535256786970422
679.0 0.0038852173020131886
680.0 0.0022351769075612538
681.0 0.001402107227477245
682.0 0.0005690377292921767
683.0 0.0006025307357049314
684.0 0.0006360237875924213
685.0 0.00042788433347595856
686.0 0.00021974474293529056
687.0 0.00026087125206686324
688.0 0.0003019976475115982
689.0 9.307181016993127e-05
690.0 1.9704045253060576e-10
691.0 1.9704045253060576e-10
692.0 1.9704045253060576e-10
693.0 1.9704045253060576e-10
694.0 0.0001609618607290031
695.0 0.00020263814803911373
696.0 0.00024431444671790814
697.0 0.00042498404582147487
698.0 0.0006056536676624091
699.0 0.0004857658950641053
700.0 0.0003658782588900067
701.0 0.00043756635932368226
702.0 0.0005092544142826227
703.0 0.0004008291398349684
704.0 0.00029240413823572453
705.0 0.0002198028823841014
706.0 0.00014720160379511071
707.0 0.00020984709863114404
708.0 0.00027249263894191245
709.0 0.00046997424760775175
710.0 0.0006674558335362235
711.0 0.0004711311248684069
712.0 0.00027480637072585523
713.0 3.3025969514710596e-05
714.0 1.9704045253060576e-10
715.0 1.9704045253060576e-10
716.0 0.00017162039966933662
717.0 6.0707384363922756e-05
718.0 1.9704045253060576e-10
719.0 2.761996142908174e-05
720.0 0.00010544575843596249
721.0 0.0005048988441558322
722.0 0.0009043519639817532
723.0 0.000626739029030432
724.0 0.0003491260713417432
725.0 0.00015507908983636298
726.0 1.9704045253060576e-10
727.0 7.458752975253446e-05
728.0 0.0001881432353911805
729.0 0.000588128295930801
730.0 0.0009881133337330539
731.0 0.00045505166781367734
732.0 1.9704045253060576e-10
733.0 0.0002658751554918126
734.0 0.0006097603545640595
735.0 0.00030435528515226906
736.0 1.9704045253060576e-10
737.0 1.455105405057111e-05
738.0 3.0151716146065155e-05
739.0 0.00014150059541861992
740.0 0.0002528494405851234
741.0 0.00021933203697699355
742.0 0.00018581455378807732
743.0 0.00032590901355433743
744.0 0.00046600334826507606
745.0 0.0005429869815998245
746.0 0.0006199702966114273
747.0 0.000551935318071628
748.0 0.0004839002031076234
749.0 0.0001483011715208704
750.0 1.9704045253060576e-10
751.0 0.00029975001325510675
752.0 0.0007867977728892583
753.0 0.000422426865043235
754.0 5.8055792351296986e-05
755.0 0.00047704843382234685
756.0 0.0008960411832958926
757.0 0.0006903114808665123
758.0 0.0004845818693866022
759.0 0.00021340408693504287
760.0 1.9704045253060576e-10
761.0 0.000413100178775494
762.0 0.0008839740075927693
763.0 0.0008325126145791728
764.0 0.0007810511306161061
765.0 0.0006900071639392991
766.0 0.0005989633336866973
767.0 0.0007539984380855458
768.0 0.0009090336789085995
769.0 0.0007933275810501073
770.0 0.0006776212103432044
771.0 0.0009338094059785362
772.0 0.0011899974197149277
773.0 0.0009104805940296501
774.0 0.0006309636773949023
775.0 0.0002569124490037211
776.0 1.9704045253060576e-10
777.0 0.00010993283012794564
778.0 0.00033700448511808645
779.0 0.0007537645615229849
780.0 0.001170524956251029
781.0 0.0009117280569626018
782.0 0.0006529310212499695
783.0 0.0006493934051832184
784.0 0.0006458557436417323
785.0 0.000454919154435629
786.0 0.0002639824742800556
787.0 0.00016203974837480928
788.0 6.009701678522106e-05
789.0 0.00013456386795951403
790.0 0.0002090305997626274
791.0 0.0005636450623569544
792.0 0.0009182594112644438
793.0 0.0009429429155716207
794.0 0.0009676265108282678
795.0 0.0007152889793360373
796.0 0.0004629514933185419
797.0 0.000712934206603677
798.0 0.0009629166925151367
799.0 0.0005142317149875453
800.0 6.554686819981725e-05
801.0 0.0005015790975448908
802.0 0.000937611548579298
803.0 0.0007875284609326627
804.0 0.0006374455551849678
805.0 0.0006245185886655236
806.0 0.000611591440247139
807.0 5.7542240483599016e-05
808.0 1.9704045253060576e-10
809.0 0.00018193136384070385
810.0 0.0008603698915976565
811.0 0.0006159773420222336
812.0 0.0003715848606589134
813.0 0.0004765279754792573
814.0 0.0005814711130369687
815.0 0.0006989694611547748
816.0 0.0008164678547473159
817.0 0.0009644359124649782
818.0 0.0011124039701826405
819.0 0.0011358604751876555
820.0 0.0011593168892432004
821.0 0.0011510638614709023
822.0 0.001142810651799664
823.0 0.0008598985914431978
824.0 0.0005769867129856721
825.0 0.0009653038432588801
826.0 0.001353620882582618
827.0 0.0009800139196158852
828.0 0.0006064067747502122
829.0 0.00047157004701148253
830.0 0.00033673343295959057
831.0 0.00045297015276446473
832.0 0.0005692070317309117
833.0 0.000845431350171566
834.0 0.0011216558050364256
835.0 0.0008967910616775043
836.0 0.0006719264547427883
837.0 0.0006608558123843977
838.0 0.0006497851700260071
839.0 0.0005861498721060343
840.0 0.0005225146651355317
841.0 0.0010165770618186798
842.0 0.001510639503976563
843.0 0.0013040405974606983
844.0 0.0010974415090458933
845.0 0.0008134962627082132
846.0 0.000529551016370533
847.0 0.0010376928003097419
848.0 0.0015458346751984209
849.0 0.001219365731230937
850.0 0.0008928968782129232
851.0 0.0010710384231060743
852.0 0.0012491799679992255
853.0 0.0010669686162145808
854.0 0.0008847572644299362
855.0 0.000769876623962773
856.0 0.0006549959380208747
857.0 0.0007355895832006354
858.0 0.0008161832738551311
859.0 0.0007177849056461127
860.0 0.0006193865374370944
861.0 0.0010228945029666647
862.0 0.001426402377546765
863.0 0.0014063726666790899
864.0 0.0013863428648619447
865.0 0.002048245369223878
866.0 0.0027101477826363407
867.0 0.0026225576220895164
868.0 0.002534967461542692
869.0 0.00285393853118876
870.0 0.0031729094189358875
871.0 0.0035294713597977534
872.0 0.0038860333006596193
873.0 0.0031174055038718507
874.0 0.0023487780708819628
875.0 0.0020577832401613705
