lsstCam/transmission_filter_detector/r30_s10/y_10/19700101T000000.ecsv
# %ECSV 1.0
# ---
# datatype:
# - {name: wavelength, unit: nm, datatype: float32}
# - {name: efficiency, unit: '%', datatype: float64}
# meta: !!omap
# - {MODE: DETECTOR}
# - {TYPE: transmission_filter_detector}
# - {CALIBDATE: '1970-01-01T00:00:00'}
# - {INSTRUME: LSSTCam}
# - {OBSTYPE: transmission_filter_detector}
# - {CALIBCLS: lsst.ip.isr.IntermediateFilterDetectorTransmissionCurve}
# - {SOURCE: Materion (DM-46256)}
# - {DETECTOR: 120}
# - {FILTER: y_10}
# - {CALIB_ID: 'calibDate=1970-01-01T00:00:00 filter=y_10 detector=120'}
# - {DATE: '2025-04-02T15:59:51.299482'}
# - {CALIB_CREATION_DATE: '2025-04-02'}
# - {CALIB_CREATION_TIME: '15:59:51'}
# - __serialized_columns__:
#     efficiency:
#       __class__: astropy.units.quantity.Quantity
#       unit: !astropy.units.Unit {unit: '%'}
#       value: !astropy.table.SerializedColumn {name: efficiency}
#     wavelength:
#       __class__: astropy.units.quantity.Quantity
#       unit: !astropy.units.Unit {unit: nm}
#       value: !astropy.table.SerializedColumn {name: wavelength}
# schema: astropy-2.0
wavelength efficiency
[from data line 577]
877.0 0.0021047670088591985
878.0 0.0024427454263786785
879.0 0.002063504871330224
880.0 0.056365266209468246
881.0 0.0907389388885349
882.0 0.06987173692323267
883.0 0.08990432252176106
884.0 0.06601883214898407
885.0 0.0994417816400528
886.0 0.06854832172393799
887.0 0.09327123407274485
888.0 0.06601543282158673
889.0 0.08639396401122212
890.0 0.07287662010639906
891.0 0.09616112220101058
892.0 0.06482316530309618
893.0 0.1004596590064466
894.0 0.07849454996176064
895.0 0.10862614726647735
896.0 0.07675199303776026
897.0 0.10494273155927658
898.0 0.07889522821642458
899.0 0.12187339598312974
900.0 0.08664147462695837
901.0 0.12073437683284283
902.0 0.14282555785030127
903.0 0.12605416122823954
904.0 0.14065675204619765
905.0 0.14371612342074513
906.0 0.1684722024947405
907.0 0.21760917734354734
908.0 0.24697452317923307
909.0 0.3058429341763258
910.0 0.3910875879228115
911.0 0.4927357193082571
912.0 0.6756515242159367
913.0 0.9720942005515099
914.0 1.3642264530062675
915.0 2.037484385073185
916.0 2.976488322019577
917.0 4.163914546370506
918.0 5.699025467038155
919.0 7.345999032258987
920.0 9.797923266887665
921.0 12.468783557415009
922.0 15.080119669437408
923.0 17.984972894191742
924.0 21.01009339094162
925.0 24.331915378570557
926.0 28.544461727142334
927.0 33.4484726190567
928.0 38.22106122970581
929.0 43.774691224098206
930.0 49.22073483467102
931.0 55.18069267272949
932.0 61.49200201034546
933.0 67.71815419197083
934.0 73.16024899482727
935.0 77.7913749217987
936.0 82.10315108299255
937.0 85.72577238082886
938.0 88.73040080070496
939.0 90.9413993358612
940.0 92.47662425041199
941.0 93.52656602859497
942.0 94.20721530914307
943.0 94.71269249916077
944.0 95.22876739501953
945.0 95.49129605293274
946.0 95.92233300209045
947.0 96.19675874710083
948.0 96.57049179077148
949.0 96.67220115661621
950.0 96.90585136413574
951.0 96.95940613746643
952.0 96.96803092956543
953.0 97.04350233078003
954.0 97.02156782150269
955.0 96.96784019470215
956.0 97.08229899406433
957.0 97.23181128501892
958.0 97.36799001693726
959.0 97.49557375907898
960.0 97.66600131988525
961.0 97.82857298851013
962.0 97.96680212020874
963.0 98.12453985214233
964.0 98.25547933578491
965.0 98.38189482688904
966.0 98.47580194473267
967.0 98.62784147262573
968.0 98.6780047416687
969.0 98.67305755615234
970.0 98.72344732284546
971.0 98.80871176719666
972.0 98.79162311553955
973.0 98.8784909248352
974.0 98.85925650596619
975.0 98.88214468955994
976.0 98.91211986541748
977.0 98.85852932929993
978.0 98.95715117454529
979.0 98.93438220024109
980.0 98.93417954444885
981.0 98.88753890991211
982.0 98.83899092674255
983.0 98.9183247089386
984.0 98.83007407188416
985.0 98.8802969455719
986.0 98.77764582633972
987.0 98.8358199596405
988.0 98.69939088821411
989.0 98.70084524154663
990.0 98.61804246902466
991.0 98.63925576210022
992.0 98.62046241760254
993.0 98.5396683216095
994.0 98.49270582199097
995.0 98.47291707992554
996.0 98.43294024467468
997.0 98.55159521102905
998.0 98.55348467826843
999.0 98.59610795974731
1000.0 98.5895574092865
1001.0 98.56611490249634
1002.0 98.73411655426025
1003.0 98.71911406517029
1004.0 98.80182147026062
1005.0 98.83129000663757
1006.0 98.94772171974182
1007.0 98.98413419723511
1008.0 98.97615909576416
1009.0 98.94247055053711
1010.0 98.9930272102356
1011.0 99.04120564460754
1012.0 98.96970391273499
1013.0 98.98802042007446
1014.0 98.99162650108337
1015.0 98.94251823425293
1016.0 98.89642596244812
1017.0 98.90429377555847
1018.0 98.9936888217926
1019.0 98.8183081150055
1020.0 98.86271357536316
1021.0 98.97156357765198
1022.0 98.82333278656006
1023.0 98.86555075645447
1024.0 98.79153370857239
1025.0 98.85604977607727
1026.0 98.82180690765381
1027.0 98.92855882644653
1028.0 98.84744882583618
1029.0 98.93637299537659
1030.0 98.96164536476135
1031.0 98.93880486488342
1032.0 99.01541471481323
1033.0 98.89270663261414
1034.0 98.99700284004211
1035.0 99.04224276542664
1036.0 99.02212619781494
1037.0 99.04717206954956
1038.0 98.97379875183105
1039.0 98.93435835838318
1040.0 98.86608123779297
1041.0 98.93607497215271
1042.0 98.90159964561462
1043.0 98.80337119102478
1044.0 98.88926148414612
1045.0 98.59872460365295
1046.0 98.78495335578918
1047.0 98.75745177268982
1048.0 98.73033165931702
1049.0 98.64646792411804
1050.0 98.59766364097595
1051.0 98.58337044715881
1052.0 98.55359196662903
1053.0 98.38141798973083
1054.0 98.67091774940491
1055.0 98.71305227279663
1056.0 98.66310358047485
1057.0 98.6640989780426
1058.0 98.44966530799866
1059.0 98.56648445129395
1060.0 98.63289594650269
1061.0 98.66255521774292
1062.0 98.68530035018921
1063.0 98.68277907371521
1064.0 98.80368113517761
1065.0 98.82158637046814
1066.0 98.65087866783142
1067.0 98.84429574012756
1068.0 98.80335927009583
1069.0 98.61447215080261
1070.0 99.11513328552246
1071.0 98.72815608978271
1072.0 98.95408749580383
1073.0 99.03604388237
1074.0 98.54596853256226
1075.0 98.62110614776611
1076.0 98.46705794334412
1077.0 98.81346821784973
1078.0 98.91318678855896
1079.0 98.60330820083618
1080.0 99.32377934455872
1081.0 98.40430021286011
1082.0 98.6595630645752
1083.0 98.50731492042542
1084.0 98.81389737129211
1085.0 98.88896942138672
1086.0 98.49244356155396
1087.0 98.59813451766968
1088.0 98.40522408485413
1089.0 98.27550649642944
1090.0 98.55054020881653
1091.0 98.46409559249878
1092.0 98.6355185508728
1093.0 98.49069714546204
1094.0 98.21447134017944
1095.0 98.13362956047058
1096.0 98.36881756782532
1097.0 98.26077222824097
1098.0 97.72931933403015
1099.0 98.38078618049622
1100.0 98.1444239616394
