lsstCam/transmission_filter_detector/r24_s21/u_24/19700101T000000.ecsv
# %ECSV 1.0
# ---
# datatype:
# - {name: wavelength, unit: nm, datatype: float32}
# - {name: efficiency, unit: '%', datatype: float64}
# meta: !!omap
# - {MODE: DETECTOR}
# - {TYPE: transmission_filter_detector}
# - {CALIBDATE: '1970-01-01T00:00:00'}
# - {INSTRUME: LSSTCam}
# - {OBSTYPE: transmission_filter_detector}
# - {CALIBCLS: lsst.ip.isr.IntermediateFilterDetectorTransmissionCurve}
# - {SOURCE: Materion (DM-46256)}
# - {DETECTOR: 115}
# - {FILTER: u_24}
# - {CALIB_ID: 'calibDate=1970-01-01T00:00:00 filter=u_24 detector=115'}
# - {DATE: '2025-04-02T15:59:40.281149'}
# - {CALIB_CREATION_DATE: '2025-04-02'}
# - {CALIB_CREATION_TIME: '15:59:40'}
# - __serialized_columns__:
#     efficiency:
#       __class__: astropy.units.quantity.Quantity
#       unit: !astropy.units.Unit {unit: '%'}
#       value: !astropy.table.SerializedColumn {name: efficiency}
#     wavelength:
#       __class__: astropy.units.quantity.Quantity
#       unit: !astropy.units.Unit {unit: nm}
#       value: !astropy.table.SerializedColumn {name: wavelength}
# schema: astropy-2.0
wavelength efficiency
[from data line 581]
876.0 0.0025311244826298207
877.0 0.0026614827220328152
878.0 0.0027918409614358097
879.0 0.0028592430680873804
880.0 0.002926645174738951
881.0 0.0033187134249601513
882.0 0.0037107820389792323
883.0 0.00336383527610451
884.0 0.003016888331330847
885.0 0.002923661122622434
886.0 0.002830433913914021
887.0 0.002580305408628192
888.0 0.0023301769033423625
889.0 0.002276989835081622
890.0 0.0022238027668208815
891.0 0.0024230028429883532
892.0 0.0026222032829537056
893.0 0.0027602545742411166
894.0 0.002898306047427468
895.0 0.002981241232191678
896.0 0.0030641771445516497
897.0 0.003477698192000389
898.0 0.0038912192394491285
899.0 0.0039798280340619385
900.0 0.0040684368286747485
901.0 0.004057180558447726
902.0 0.004045924652018584
903.0 0.004332000025897287
904.0 0.004618075399775989
905.0 0.004884946247329935
906.0 0.00515181636728812
907.0 0.005320867421687581
908.0 0.005489918476087041
909.0 0.005791157673229463
910.0 0.006092396870371886
911.0 0.00614092277828604
912.0 0.006189449777593836
913.0 0.005859210432390682
914.0 0.005528971450985409
915.0 0.0049979513278231025
916.0 0.004466931204660796
917.0 0.00421612749050837
918.0 0.003965324140153825
919.0 0.004157039802521467
920.0 0.004348755101091228
921.0 0.004714946408057585
922.0 0.005081137351226062
923.0 0.005571241126745008
924.0 0.006061344174668193
925.0 0.006507424404844642
926.0 0.0069535046350210905
927.0 0.007385717617580667
928.0 0.007817929872544482
929.0 0.007719704444753006
930.0 0.00762147901696153
931.0 0.007342193566728383
932.0 0.007062906661303714
933.0 0.007077435293467715
934.0 0.007091963925631717
935.0 0.0069522349804174155
936.0 0.006812505307607353
937.0 0.0069853726017754525
938.0 0.007158239895943552
939.0 0.007016879681032151
940.0 0.0068755172833334655
941.0 0.005779823550255969
942.0 0.004684128725784831
943.0 0.003968885721405968
944.0 0.003253643080824986
945.0 0.003157381433993578
946.0 0.0030611201509600505
947.0 0.0021889214622206055
948.0 0.0013167229553801008
949.0 0.0011953666216868442
950.0 0.0010740101970441174
951.0 0.0011527682545420248
952.0 0.0012315260391915217
953.0 0.00147568798638531
954.0 0.001719849751680158
955.0 0.0021602241758955643
956.0 0.0026005982363130897
957.0 0.0028456566724344157
958.0 0.0030907151085557416
959.0 0.0033170435926876962
960.0 0.00354337171302177
961.0 0.004227253157296218
962.0 0.004911134601570666
963.0 0.0047463312512263656
964.0 0.004581527900882065
965.0 0.004579772212309763
966.0 0.004578016887535341
967.0 0.004471631109481677
968.0 0.004365245331428014
969.0 0.004496969631873071
970.0 0.004628694296116009
971.0 0.00461825511592906
972.0 0.00460781593574211
973.0 0.004549092773231678
974.0 0.004490368883125484
975.0 0.004545012779999524
976.0 0.004599656313075684
977.0 0.004058438935317099
978.0 0.0035172222851542756
979.0 0.003219225982320495
980.0 0.0029212302251835354
981.0 0.0029541197363869287
982.0 0.0029870090656913817
983.0 0.003088119046879001
984.0 0.0031892286642687395
985.0 0.0034461321774870157
986.0 0.0037030364183010533
987.0 0.004011302735307254
988.0 0.004319569416111335
989.0 0.004927570262225345
990.0 0.005535570744541474
991.0 0.00622504812781699
992.0 0.006914525874890387
993.0 0.0072970520704984665
994.0 0.007679576083319262
995.0 0.007498058403143659
996.0 0.007316540722968057
997.0 0.007111574086593464
998.0 0.006906608905410394
999.0 0.006681626109639183
1000.0 0.006456643313867971
1001.0 0.006124511855887249
1002.0 0.005792378942715004
1003.0 0.005452972618513741
1004.0 0.005113566658110358
1005.0 0.004933499076287262
1006.0 0.004753430766868405
1007.0 0.004855161387240514
1008.0 0.004956893462804146
1009.0 0.004409818575368263
1010.0 0.003862744415528141
1011.0 0.003435234975768253
1012.0 0.003007725717907306
1013.0 0.0028188183932797983
1014.0 0.002629911068652291
1015.0 0.002212019171565771
1016.0 0.0017941274563781917
1017.0 0.001682603578956332
1018.0 0.0015710797015344724
1019.0 0.0012421872270351741
1020.0 0.0009132946615864057
1021.0 0.0012109469935239758
1022.0 0.0015085995983099565
1023.0 0.00144960749821621
1024.0 0.0013906154890719336
1025.0 0.0013113388376950752
1026.0 0.0012320623682171572
1027.0 0.0014410284165933263
1028.0 0.0016499941921210848
1029.0 0.0016214555216720328
1030.0 0.0015929166693240404
1031.0 0.0017870925148599781
1032.0 0.0019812681784969755
1033.0 0.0020646009943448007
1034.0 0.0021479334463947453
1035.0 0.0020492861949605867
1036.0 0.0019506385797285475
1037.0 0.0022684447685605846
1038.0 0.0025862513211905025
1039.0 0.0023410118956235237
1040.0 0.0020957722881576046
1041.0 0.0020223698811605573
1042.0 0.00194896747416351
1043.0 0.0021227389879641123
1044.0 0.0022965103198657744
1045.0 0.002140953620255459
1046.0 0.001985396920645144
1047.0 0.0017302496416959912
1048.0 0.0014751022717973683
1049.0 0.001489849546487676
1050.0 0.0015045967302285135
1051.0 0.0019798580979113467
1052.0 0.0024551196474931203
1053.0 0.0022767224436393008
1054.0 0.0020983254216844216
1055.0 0.0014623484275944065
1056.0 0.0008263714335043915
1057.0 0.0007428288881783374
1058.0 0.0006592862519028131
1059.0 0.0009382812095282134
1060.0 0.001217276349052554
1061.0 0.0014484909115708433
1062.0 0.0016797055650386028
1063.0 0.0014893169463903178
1064.0 0.0012989284186915029
1065.0 0.0012764916391461156
1066.0 0.0012540549505501986
1067.0 0.0009856759788817726
1068.0 0.0007172970526880817
1069.0 0.0014068599739402998
1070.0 0.002096422940667253
1071.0 0.002347342342545744
1072.0 0.0025982619263231754
1073.0 0.0030553976102964953
1074.0 0.003512533658067696
1075.0 0.003044765253434889
1076.0 0.0025769968488020822
1077.0 0.0031333111110143363
1078.0 0.0036896253732265905
1079.0 0.004477187758311629
1080.0 0.005264749779598787
1081.0 0.005290266926749609
1082.0 0.0053157851652940735
1083.0 0.004555696432362311
1084.0 0.003795607335632667
1085.0 0.004309937503421679
1086.0 0.004824267671210691
1087.0 0.005079010225017555
1088.0 0.005333752415026538
1089.0 0.00581733911531046
1090.0 0.006300923996604979
1091.0 0.00472197680210229
1092.0 0.0031430292438017204
1093.0 0.0040146518585970625
1094.0 0.004886272654403001
1095.0 0.005300021803122945
1096.0 0.005713770224247128
1097.0 0.005188690920476802
1098.0 0.004663611980504356
1099.0 0.0036506840842776
1100.0 0.002637756733747665
