lsstCam/transmission_filter_detector/r24_s21/u_24/19700101T000000.ecsv
# %ECSV 1.0
# ---
# datatype:
# - {name: wavelength, unit: nm, datatype: float32}
# - {name: efficiency, unit: '%', datatype: float64}
# meta: !!omap
# - {MODE: DETECTOR}
# - {TYPE: transmission_filter_detector}
# - {CALIBDATE: '1970-01-01T00:00:00'}
# - {INSTRUME: LSSTCam}
# - {OBSTYPE: transmission_filter_detector}
# - {CALIBCLS: lsst.ip.isr.IntermediateFilterDetectorTransmissionCurve}
# - {SOURCE: Materion (DM-46256)}
# - {DETECTOR: 115}
# - {FILTER: u_24}
# - {CALIB_ID: 'calibDate=1970-01-01T00:00:00 filter=u_24 detector=115'}
# - {DATE: '2025-04-02T15:59:40.281149'}
# - {CALIB_CREATION_DATE: '2025-04-02'}
# - {CALIB_CREATION_TIME: '15:59:40'}
# - __serialized_columns__:
#     efficiency:
#       __class__: astropy.units.quantity.Quantity
#       unit: !astropy.units.Unit {unit: '%'}
#       value: !astropy.table.SerializedColumn {name: efficiency}
#     wavelength:
#       __class__: astropy.units.quantity.Quantity
#       unit: !astropy.units.Unit {unit: nm}
#       value: !astropy.table.SerializedColumn {name: wavelength}
# schema: astropy-2.0
wavelength efficiency
295.0 1.6472836549680236e-10
296.0 1.6472836549680236e-10
297.0 1.6472836549680236e-10
298.0 1.6472836549680236e-10
299.0 1.6472836549680236e-10
300.0 1.6472836549680236e-10
301.0 0.094522227300331
302.0 1.6472836549680236e-10
303.0 1.6472836549680236e-10
304.0 0.5568210501223803
305.0 0.9044882841408253
306.0 2.249862626194954
307.0 4.022921994328499
308.0 6.377970427274704
309.0 9.919469803571701
310.0 13.804180920124054
311.0 17.483703792095184
312.0 21.087153255939484
313.0 24.29865151643753
314.0 26.995819807052612
315.0 29.598164558410645
316.0 31.76461160182953
317.0 34.662580490112305
318.0 37.838515639305115
319.0 42.12734401226044
320.0 48.033568263053894
321.0 53.56290936470032
322.0 59.4927191734314
323.0 64.80787992477417
324.0 68.67218613624573
325.0 71.5258240699768
326.0 73.8093376159668
327.0 75.48023462295532
328.0 77.13434100151062
329.0 78.55255007743835
330.0 79.64358329772949
331.0 80.14780282974243
332.0 80.4408848285675
333.0 80.5371642112732
334.0 80.40355443954468
335.0 80.74650764465332
336.0 81.09722137451172
337.0 81.73368573188782
338.0 82.58289098739624
339.0 83.06587934494019
340.0 83.46009254455566
341.0 83.93080830574036
342.0 84.15138721466064
343.0 84.26806926727295
344.0 84.3629539012909
345.0 84.84379649162292
346.0 85.19396781921387
347.0 85.51517724990845
348.0 85.77117323875427
349.0 85.98166108131409
350.0 86.00626587867737
351.0 86.23504042625427
352.0 86.06677651405334
353.0 86.08970046043396
354.0 86.00324988365173
355.0 86.24228239059448
356.0 86.33177280426025
357.0 86.28165125846863
358.0 85.90102195739746
359.0 85.6577217578888
360.0 85.44819355010986
361.0 85.219407081604
362.0 85.06444096565247
363.0 85.21432876586914
364.0 85.31033992767334
365.0 85.66362857818604
366.0 85.96054315567017
367.0 86.017507314682
368.0 86.05712056159973
369.0 86.23037934303284
370.0 86.07692122459412
371.0 85.95587611198425
372.0 86.02383732795715
373.0 86.22649908065796
374.0 86.22015118598938
375.0 86.55728697776794
376.0 86.71878576278687
377.0 86.7993414402008
378.0 86.82475090026855
379.0 86.39110326766968
380.0 85.55170893669128
381.0 84.04685258865356
382.0 82.14153051376343
383.0 80.11256456375122
384.0 77.98547744750977
385.0 75.53116083145142
386.0 72.86975979804993
387.0 69.34391856193542
388.0 65.73494076728821
389.0 61.37668490409851
390.0 57.11284279823303
391.0 52.82367467880249
392.0 48.47430884838104
393.0 44.88995373249054
394.0 41.50345325469971
395.0 37.625852227211
396.0 33.34303796291351
397.0 27.549448609352112
398.0 21.061602234840393
399.0 14.191405475139618
400.0 8.353733271360397
401.0 4.121778532862663
402.0 1.5211254358291626
403.0 0.4681205376982689
404.0 0.17464772099629045
405.0 0.06499378359876573
406.0 0.036458601243793964
407.0 0.025560951326042414
408.0 0.01061716684489511
409.0 1.6472836549680236e-10
410.0 1.6472836549680236e-10
411.0 1.6472836549680236e-10
412.0 1.6472836549680236e-10
413.0 1.6472836549680236e-10
414.0 1.6472836549680236e-10
415.0 1.6472836549680236e-10
416.0 1.6472836549680236e-10
417.0 1.6472836549680236e-10
418.0 1.6472836549680236e-10
419.0 1.6472836549680236e-10
420.0 1.6472836549680236e-10
421.0 1.6472836549680236e-10
422.0 1.6472836549680236e-10
423.0 1.6472836549680236e-10
424.0 1.6472836549680236e-10
425.0 1.6472836549680236e-10
426.0 1.6472836549680236e-10
427.0 1.6472836549680236e-10
428.0 0.0011247670045122504
429.0 0.0001530015197204193
430.0 1.6472836549680236e-10
431.0 1.6472836549680236e-10
432.0 1.6472836549680236e-10
433.0 1.6472836549680236e-10
434.0 0.0018206161257694475
435.0 0.0012757605873048306
436.0 0.0007309049578907434
437.0 0.0003282451416453114
438.0 1.6472836549680236e-10
439.0 3.20077404580843e-06
440.0 8.081678402049874e-05
441.0 1.6472836549680236e-10
442.0 1.6472836549680236e-10
443.0 1.6472836549680236e-10
444.0 1.6472836549680236e-10
445.0 2.6802854335983284e-05
446.0 0.0012291398888919502
447.0 0.0008673177035234403
448.0 0.0005054952907812549
449.0 0.0008228550541389268
450.0 0.001140214499173453
451.0 1.42805973268878e-05
452.0 1.6472836549680236e-10
453.0 1.6472836549680236e-10
454.0 0.0009999082067224663
455.0 1.6472836549680236e-10
456.0 1.6472836549680236e-10
457.0 1.6472836549680236e-10
458.0 0.0001787133442121558
459.0 1.6472836549680236e-10
460.0 1.6472836549680236e-10
461.0 1.6472836549680236e-10
462.0 1.6472836549680236e-10
463.0 7.720230996710598e-05
464.0 0.00046498516894644126
465.0 1.1585576231709638e-05
466.0 1.6472836549680236e-10
467.0 1.6472836549680236e-10
468.0 1.6472836549680236e-10
469.0 3.666804104796029e-05
470.0 0.00014956385712139308
471.0 1.6472836549680236e-10
472.0 1.6472836549680236e-10
473.0 1.6472836549680236e-10
474.0 1.6472836549680236e-10
475.0 1.6472836549680236e-10
476.0 1.6472836549680236e-10
477.0 1.6472836549680236e-10
478.0 1.6472836549680236e-10
479.0 1.6472836549680236e-10
480.0 1.6472836549680236e-10
481.0 1.6472836549680236e-10
482.0 1.6472836549680236e-10
483.0 1.6472836549680236e-10
484.0 1.6472836549680236e-10
485.0 1.6472836549680236e-10
486.0 1.6472836549680236e-10
487.0 1.6472836549680236e-10
488.0 1.6472836549680236e-10
489.0 1.6472836549680236e-10
490.0 1.6472836549680236e-10
491.0 1.6472836549680236e-10
492.0 1.6472836549680236e-10
493.0 1.6472836549680236e-10
494.0 1.6472836549680236e-10
495.0 1.6472836549680236e-10
496.0 1.6472836549680236e-10
497.0 1.6472836549680236e-10
498.0 1.6472836549680236e-10
499.0 1.6472836549680236e-10
500.0 1.6472836549680236e-10
501.0 0.0001192427134810714
502.0 0.0007401783022942254
503.0 0.00032215589271800127
504.0 1.6472836549680236e-10
505.0 6.34073387573153e-05
506.0 0.00022268138764047762
507.0 1.6472836549680236e-10
508.0 1.6472836549680236e-10
509.0 1.6472836549680236e-10
510.0 1.6472836549680236e-10
511.0 0.00021673456558346516
512.0 0.0004750243078888161
513.0 6.556282983183337e-05
514.0 1.6472836549680236e-10
515.0 1.6472836549680236e-10
516.0 1.6472836549680236e-10
517.0 1.6472836549680236e-10
518.0 1.6472836549680236e-10
519.0 1.6472836549680236e-10
520.0 1.6472836549680236e-10
521.0 1.6472836549680236e-10
522.0 1.6472836549680236e-10
523.0 1.6472836549680236e-10
524.0 1.6472836549680236e-10
525.0 1.6472836549680236e-10
526.0 1.6472836549680236e-10
527.0 1.6472836549680236e-10
528.0 1.6472836549680236e-10
529.0 1.6472836549680236e-10
530.0 1.6472836549680236e-10
531.0 1.6472836549680236e-10
532.0 1.6472836549680236e-10
533.0 1.6472836549680236e-10
534.0 1.6472836549680236e-10
535.0 1.6472836549680236e-10
536.0 1.6472836549680236e-10
537.0 1.6472836549680236e-10
538.0 1.6472836549680236e-10
539.0 1.6472836549680236e-10
540.0 1.6472836549680236e-10
541.0 1.6472836549680236e-10
542.0 0.00020226859760441585
543.0 1.6472836549680236e-10
544.0 1.6472836549680236e-10
545.0 1.6472836549680236e-10
546.0 0.00010693124750105198
547.0 9.711794746181113e-05
548.0 8.73045507887582e-05
549.0 1.6472836549680236e-10
550.0 1.6472836549680236e-10
551.0 1.6472836549680236e-10
552.0 1.6472836549680236e-10
553.0 1.6472836549680236e-10
554.0 1.6472836549680236e-10
555.0 1.6472836549680236e-10
556.0 1.6472836549680236e-10
557.0 1.6472836549680236e-10
558.0 1.6472836549680236e-10
559.0 1.6472836549680236e-10
560.0 1.6472836549680236e-10
561.0 1.6472836549680236e-10
562.0 1.6472836549680236e-10
563.0 1.6472836549680236e-10
564.0 1.6472836549680236e-10
565.0 1.6472836549680236e-10
566.0 4.160672233410878e-05
567.0 1.6472836549680236e-10
568.0 1.6472836549680236e-10
569.0 0.00012995669749216177
570.0 0.0004489025286602555
571.0 0.00034384352147753816
572.0 0.00023878446882008575
573.0 0.0003217599441995844
574.0 0.0004047355105285533
575.0 0.00031975469028111547
576.0 0.00023477396098314784
577.0 0.0002823950126185082
578.0 0.0003300160869912361
579.0 0.0007335356713156216
580.0 0.0011370551874279045
581.0 0.0014031391401658766
582.0 0.0016692230929038487
583.0 0.0018390004697721452
584.0 0.0020087778466404416
585.0 0.0015154265383898746
586.0 0.0010220749572908971
587.0 0.0008047514711506665
588.0 0.0005874280304851709
589.0 0.000794933112047147
590.0 0.0010024380571849179
591.0 0.0008585602699895389
592.0 0.0007146826192183653
593.0 0.0006823400781286182
594.0 0.0006499974006146658
595.0 0.000497896917295293
596.0 0.00034579641123855254
597.0 0.0007193973033281509
598.0 0.0010929980817309115
599.0 0.001592017724760808
600.0 0.0020910372768412344
601.0 0.0023962191335158423
602.0 0.0027014011720893905
603.0 0.0022956464817980304
604.0 0.0018898921553045511
605.0 0.0015851739590289071
606.0 0.0012804557627532631
607.0 0.0010541837582422886
608.0 0.0008279117537313141
609.0 0.0006221186140464852
610.0 0.00041632533793745097
611.0 0.0002961281779789715
612.0 0.0001759309952831245
613.0 0.0004932571300741984
614.0 0.0008105832421279047
615.0 0.0007947709491418209
616.0 0.0007789585652062669
617.0 0.000607559877607855
618.0 0.0004361611900094431
619.0 0.00042389469854242634
620.0 0.0004116282525501447
621.0 0.0005470156338560628
622.0 0.0006824029242125107
623.0 0.000700347982274252
624.0 0.0007182929493865231
625.0 0.0008473816706100479
626.0 0.000976470073510427
627.0 0.0010424197171232663
628.0 0.0011083692697866354
629.0 0.0011709867976605892
630.0 0.0012336044164840132
631.0 0.0015801819245098159
632.0 0.001926759614434559
633.0 0.0023641085135750473
634.0 0.0028014574127155356
635.0 0.0027692211006069556
636.0 0.002736984970397316
637.0 0.0021524801923078485
638.0 0.001567975414218381
639.0 0.0015077684111020062
640.0 0.001447561771783512
641.0 0.0014113676115812268
642.0 0.0013751734513789415
643.0 0.0010857525012397673
644.0 0.0007963312782521825
645.0 0.00043283889681333676
646.0 6.93464301093627e-05
647.0 0.00019875024008797482
648.0 0.00032815416943776654
649.0 0.00015426363688675337
650.0 1.6472836549680236e-10
651.0 0.0003061004463233985
652.0 0.000631827879260527
653.0 0.0011895357602043077
654.0 0.0017472435501986183
655.0 0.0017744860087987036
656.0 0.0018017282854998484
657.0 0.002502795177861117
658.0 0.0032038617064245045
659.0 0.003597577233449556
660.0 0.003991292396676727
661.0 0.0039056696550687775
662.0 0.0038200469134608284
663.0 0.0028758964617736638
664.0 0.0019317458281875588
665.0 0.0015242428162309807
666.0 0.0011167397133249324
667.0 0.0010255072083964478
668.0 0.0009342746125184931
669.0 0.000890760202310048
670.0 0.0008472458830510732
671.0 0.0006992596354393754
672.0 0.0005512733878276777
673.0 0.0006544701136590447
674.0 0.0007576668394904118
675.0 0.0008923142559069674
676.0 0.001026961581374053
677.0 0.0013756947737419978
678.0 0.0017244283299078234
679.0 0.002045444125542417
680.0 0.0023664601030759513
681.0 0.003454494071775116
682.0 0.004542528040474281
683.0 0.00650640795356594
684.0 0.0084702878666576
685.0 0.009343089914182201
686.0 0.010215894144494087
687.0 0.008715566946193576
688.0 0.007215242658276111
689.0 0.0056596578360768035
690.0 0.0041040737414732575
691.0 0.0037200636143097654
692.0 0.0033360534871462733
693.0 0.003013062450918369
694.0 0.002690071050892584
695.0 0.002248695454909466
696.0 0.001807319677027408
697.0 0.0013911126188759226
698.0 0.0009749053788254969
699.0 0.0006870218385301996
700.0 0.00039913811633596197
701.0 0.0004230032573104836
702.0 0.00044686830733553506
703.0 0.00045119963942852337
704.0 0.00045553110794571694
705.0 0.000613356132816989
706.0 0.0007711812031629961
707.0 0.0009217420483764727
708.0 0.0010723025297920685
709.0 0.0010543787539063487
710.0 0.0010364548870711587
711.0 0.0008145590072672348
712.0 0.0005926632184127811
713.0 0.0004959230864187703
714.0 0.00039918309084896464
715.0 0.00045302895159693435
716.0 0.0005068748123449041
717.0 0.0005458628947963007
718.0 0.0005848509772476973
719.0 0.0004838701443077298
720.0 0.0003828893113677623
721.0 0.0001316207999479957
722.0 1.6472836549680236e-10
723.0 1.6472836549680236e-10
724.0 7.385289109151927e-05
725.0 0.00013956646398582961
726.0 0.00020527984361251583
727.0 0.00015806432429599226
728.0 0.00011084870266131475
729.0 0.00019532826627255417
730.0 0.0002798078412524774
731.0 0.0002471785592206288
732.0 0.00021454927718878025
733.0 2.727090588905412e-05
734.0 1.6472836549680236e-10
735.0 1.6472836549680236e-10
736.0 0.00010238956065222737
737.0 0.00012158877780166222
738.0 0.00014078794947636197
739.0 0.0004595809514285065
740.0 0.0007783738510624971
741.0 0.0010443433893669862
742.0 0.001310312745772535
743.0 0.002117477015417535
744.0 0.002924641376012005
745.0 0.0035256423871032894
746.0 0.004126643034396693
747.0 0.0044051594159100205
748.0 0.004683675797423348
749.0 0.004180070754955523
750.0 0.0036764660762855783
751.0 0.003190691859344952
752.0 0.0027049176424043253
753.0 0.002249780845886562
754.0 0.0017946440493687987
755.0 0.001984693699341733
756.0 0.0021747433493146673
757.0 0.0018834594811778516
758.0 0.0015921756130410358
759.0 0.0013992204912938178
760.0 0.0012062652785971295
761.0 0.001081944446923444
762.0 0.0009576235243002884
763.0 0.0007677464964217506
764.0 0.0005778693321190076
765.0 0.0005726645667891717
766.0 0.0005674597105098655
767.0 0.0006716938059980748
768.0 0.0007759280379104894
769.0 0.000661487956676865
770.0 0.000547048057342181
771.0 0.00047579228521499317
772.0 0.00040453651308780536
773.0 0.00041723510548763443
774.0 0.0004299336978874635
775.0 0.0004924546828988241
776.0 0.0005549756679101847
777.0 0.0004266144969733432
778.0 0.00029825337151123676
779.0 0.0006020021828589961
780.0 0.0009057508577825502
781.0 0.0008671002433402464
782.0 0.0008284497198474128
783.0 0.0008975021955848206
784.0 0.0009665547622716986
785.0 0.0011102682947239373
786.0 0.001253981827176176
787.0 0.0009628469342715107
788.0 0.0006717121777910506
789.0 0.0008306533345603384
790.0 0.000989594354905421
791.0 0.0008202042408811394
792.0 0.000650814172331593
793.0 0.0003985278908658074
794.0 0.00014624159803133807
795.0 0.0001324713366557262
796.0 0.000118701041174063
797.0 0.00030186890853656223
798.0 0.00048503661673748866
799.0 0.0002060215138044441
800.0 1.6472836549680236e-10
801.0 2.621995633944607e-05
802.0 0.00012543363254735596
803.0 0.00017410603732059826
804.0 0.00022277831703831907
805.0 0.00022985527721175458
806.0 0.00023693230559729272
807.0 0.00010208145795331802
808.0 1.6472836549680236e-10
809.0 3.7310164202608576e-05
810.0 0.00010738963283074554
811.0 0.0001710857191028481
812.0 0.0002347818963244208
813.0 0.00033767064451240003
814.0 0.00044055950638721697
815.0 0.00045510205382015556
816.0 0.00046964464672782924
817.0 0.0004591136530507356
818.0 0.00044858265937364195
819.0 0.0004326397174736485
820.0 0.00041669677557365503
821.0 0.00010058771522380994
822.0 1.6472836549680236e-10
823.0 1.6472836549680236e-10
824.0 1.8529058820604405e-05
825.0 1.6472836549680236e-10
826.0 1.6472836549680236e-10
827.0 1.6472836549680236e-10
828.0 6.0852988781334716e-05
829.0 1.6472836549680236e-10
830.0 1.6472836549680236e-10
831.0 1.6472836549680236e-10
832.0 1.6472836549680236e-10
833.0 1.6472836549680236e-10
834.0 1.6472836549680236e-10
835.0 1.6472836549680236e-10
836.0 0.0003336899226269452
837.0 9.801165106182452e-05
838.0 1.6472836549680236e-10
839.0 1.6472836549680236e-10
840.0 1.6472836549680236e-10
841.0 1.6472836549680236e-10
842.0 1.6472836549680236e-10
843.0 1.6472836549680236e-10
844.0 1.6472836549680236e-10
845.0 1.6472836549680236e-10
846.0 1.262951343505847e-05
847.0 3.853174064261111e-05
848.0 6.443394227062527e-05
849.0 0.00020788420442841016
850.0 0.0003513346428007935
851.0 0.00030498799787892494
852.0 0.0002586416258054669
853.0 0.0001625474396860227
854.0 6.645323082921095e-05
855.0 8.318830850839731e-05
856.0 9.992343166231876e-05
857.0 0.00043885938794119284
858.0 0.0007777954124321695
859.0 0.0011559926861082204
860.0 0.001534189868834801
861.0 0.0013709016457141843
862.0 0.0012076136044925079
863.0 0.0013516529179469217
864.0 0.0014956923223508056
865.0 0.0016206447980948724
866.0 0.0017455968190915883
867.0 0.0018633472791407257
868.0 0.001981097557290923
869.0 0.00196325436263578
870.0 0.0019454111679806374
871.0 0.0017222095266333781
872.0 0.0014990078852861188
873.0 0.0016566169506404549
874.0 0.0018142261978937313
