lsstCam/transmission_filter_detector/r42_s02/r_57/19700101T000000.ecsv
# %ECSV 1.0
# ---
# datatype:
# - {name: wavelength, unit: nm, datatype: float32}
# - {name: efficiency, unit: '%', datatype: float64}
# meta: !!omap
# - {MODE: DETECTOR}
# - {TYPE: transmission_filter_detector}
# - {CALIBDATE: '1970-01-01T00:00:00'}
# - {INSTRUME: LSSTCam}
# - {OBSTYPE: transmission_filter_detector}
# - {CALIBCLS: lsst.ip.isr.IntermediateFilterDetectorTransmissionCurve}
# - {SOURCE: Materion (DM-46256)}
# - {DETECTOR: 173}
# - {FILTER: r_57}
# - {CALIB_ID: 'calibDate=1970-01-01T00:00:00 filter=r_57 detector=173'}
# - {DATE: '2025-04-02T15:59:44.984819'}
# - {CALIB_CREATION_DATE: '2025-04-02'}
# - {CALIB_CREATION_TIME: '15:59:44'}
# - __serialized_columns__:
#     efficiency:
#       __class__: astropy.units.quantity.Quantity
#       unit: !astropy.units.Unit {unit: '%'}
#       value: !astropy.table.SerializedColumn {name: efficiency}
#     wavelength:
#       __class__: astropy.units.quantity.Quantity
#       unit: !astropy.units.Unit {unit: nm}
#       value: !astropy.table.SerializedColumn {name: wavelength}
# schema: astropy-2.0
wavelength efficiency
[from data line 602]
902.0 1.391318278365361e-05
903.0 2.6813455633600825e-05
904.0 0.0001244941358891083
905.0 0.0002221747990915901
906.0 0.00015397006336570485
907.0 8.576532763981959e-05
908.0 0.00014703015267514274
909.0 0.0002082949777104659
910.0 0.0001541345000077854
911.0 9.997403367378865e-05
912.0 0.00014806862509431085
913.0 0.00019616320514614927
914.0 0.000172947318333172
915.0 0.00014973139741414343
916.0 0.0001307308934883622
917.0 0.0001117303781938972
918.0 8.014981744963734e-05
919.0 4.856927944274503e-05
920.0 0.00010485337043064646
921.0 0.0001611374614185479
922.0 0.00014442284737015143
923.0 0.0001277082560591225
924.0 0.0001941892833201564
925.0 0.00026067032194987405
926.0 0.00025326735340058804
927.0 0.00024586440758866956
928.0 0.00022873605303175282
929.0 0.00021160767573746853
930.0 0.00015724373270131764
931.0 0.00010287976692779921
932.0 0.00012906156143799308
933.0 0.00015524334457950317
934.0 0.00012980539167983807
935.0 0.00010436741604280542
936.0 7.9630495974925e-05
937.0 5.4893592960070237e-05
938.0 3.3741379468210653e-06
939.0 1.6079496675119875e-10
940.0 1.2441796570783481e-05
941.0 7.302890594473865e-05
942.0 0.0002112166612278088
943.0 0.0003494043994578533
944.0 0.00036733190427185036
945.0 0.00038525936361111235
946.0 0.0005487734142661793
947.0 0.0007122875103959814
948.0 0.0006198060873430222
949.0 0.0005273248461890034
950.0 0.0005611097549262922
951.0 0.0005948946181888459
952.0 0.0006483244305854896
953.0 0.0007017542884568684
954.0 0.0009000650607049465
955.0 0.001098376014851965
956.0 0.001040209099301137
957.0 0.0009820422746997792
958.0 0.0012477263226173818
959.0 0.001513410188636044
960.0 0.0016494075680384412
961.0 0.001785404674592428
962.0 0.0018701364751905203
963.0 0.0019548682757886127
964.0 0.0020970659534214064
965.0 0.0022392638129531406
966.0 0.0022416808860725723
967.0 0.0022440983229898848
968.0 0.002255102117487695
969.0 0.002266105730086565
970.0 0.0023455902919522487
971.0 0.0024250744900200516
972.0 0.002507647150196135
973.0 0.002590219992271159
974.0 0.0027654828954837285
975.0 0.002940746344393119
976.0 0.003052175452467054
977.0 0.0031636049243388698
978.0 0.003177184407832101
979.0 0.0031907638913253322
980.0 0.003223781823180616
981.0 0.0032567997550358996
982.0 0.003205231041647494
983.0 0.003153662692056969
984.0 0.003108780219918117
985.0 0.003063897747779265
986.0 0.002921808663813863
987.0 0.0027797199436463416
988.0 0.0027321220841258764
989.0 0.0026845244065043516
990.0 0.0026815499950316735
991.0 0.0026785757654579356
992.0 0.002598430546640884
993.0 0.0025182853278238326
994.0 0.0025637653379817493
995.0 0.0026092455300386064
996.0 0.00264285845332779
997.0 0.0026764713766169734
998.0 0.002765993667708244
999.0 0.002855515958799515
1000.0 0.0029523318517021835
1001.0 0.0030491479265037924
1002.0 0.0032277424907078966
1003.0 0.003406337054912001
1004.0 0.00368284345313441
1005.0 0.0039593494875589386
1006.0 0.004000902117695659
1007.0 0.0040424543840344995
1008.0 0.004065304165123962
1009.0 0.004088153946213424
1010.0 0.004079241989529692
1011.0 0.00407033039664384
1012.0 0.00409541571571026
1013.0 0.00412050103477668
1014.0 0.004074116804986261
1015.0 0.004027733302791603
1016.0 0.0035558437957661226
1017.0 0.0030839542887406424
1018.0 0.0028773665690096095
1019.0 0.0026707786673796363
1020.0 0.0024179849788197316
1021.0 0.0021651909264619462
1022.0 0.001957390304596629
1023.0 0.001749589318933431
1024.0 0.0015365063518402167
1025.0 0.0013234234756964725
1026.0 0.0011739924957510084
1027.0 0.0010245620615023654
1028.0 0.0009111138751904946
1029.0 0.0007976658707775641
1030.0 0.0008684583008289337
1031.0 0.0009392508218297735
1032.0 0.0007308248314075172
1033.0 0.0005223988409852609
1034.0 0.0005999975655868184
1035.0 0.0006775964266125811
1036.0 0.0006178773219289724
1037.0 0.0005581582172453636
1038.0 0.0008487267223244999
1039.0 0.001139295181928901
1040.0 0.0009560645594319794
1041.0 0.0007728336640866473
1042.0 0.0008661834726808593
1043.0 0.000959533190325601
1044.0 0.0008836625056574121
1045.0 0.0008077916390902828
1046.0 0.0005804018201160943
1047.0 0.0003530118647177005
1048.0 0.00048122874432010576
1049.0 0.0006094458058214514
1050.0 0.0008559244633943308
1051.0 0.0011024030754924752
1052.0 0.001191544197354233
1053.0 0.0012806852282665204
1054.0 0.0012163281098764855
1055.0 0.0011519712643348612
1056.0 0.0011095845366071444
1057.0 0.001067197990778368
1058.0 0.0011035870556952432
1059.0 0.0011399760296626482
1060.0 0.0011638420801318716
1061.0 0.0011877079487021547
1062.0 0.0010029722943727393
1063.0 0.0008182366400433239
1064.0 0.0010810354979184922
1065.0 0.0013438343557936605
1066.0 0.0016817471987451427
1067.0 0.002019659586949274
1068.0 0.0019978197087766603
1069.0 0.001975979466806166
1070.0 0.0018555809219833463
1071.0 0.0017351823771605268
1072.0 0.0022343681848724373
1073.0 0.002733554174483288
1074.0 0.0025843179173534736
1075.0 0.0024350814783247188
1076.0 0.002300708001712337
1077.0 0.002166334343201015
1078.0 0.0028339369237073697
1079.0 0.003501539322314784
1080.0 0.003547771484591067
1081.0 0.0035940036468673497
1082.0 0.004041066858917475
1083.0 0.0044881300709676
1084.0 0.0035651944926939905
1085.0 0.0026422585506225005
1086.0 0.0032742285839049146
1087.0 0.0039061986171873286
1088.0 0.003660955553641543
1089.0 0.0034157128538936377
1090.0 0.0034151751606259495
1091.0 0.003414637831156142
1092.0 0.0035961955290986225
1093.0 0.003777753227041103
1094.0 0.0030514580430462956
1095.0 0.0023251628590514883
1096.0 0.002634881093399599
1097.0 0.00294459932774771
1098.0 0.0025879760869429447
1099.0 0.0022313530280371197
1100.0 0.0018983304471476004
1101.0 0.0015653076843591407
