lsstCam/transmission_filter_detector/r42_s02/r_57/19700101T000000.ecsv
# %ECSV 1.0
# ---
# datatype:
# - {name: wavelength, unit: nm, datatype: float32}
# - {name: efficiency, unit: '%', datatype: float64}
# meta: !!omap
# - {MODE: DETECTOR}
# - {TYPE: transmission_filter_detector}
# - {CALIBDATE: '1970-01-01T00:00:00'}
# - {INSTRUME: LSSTCam}
# - {OBSTYPE: transmission_filter_detector}
# - {CALIBCLS: lsst.ip.isr.IntermediateFilterDetectorTransmissionCurve}
# - {SOURCE: Materion (DM-46256)}
# - {DETECTOR: 173}
# - {FILTER: r_57}
# - {CALIB_ID: 'calibDate=1970-01-01T00:00:00 filter=r_57 detector=173'}
# - {DATE: '2025-04-02T15:59:44.984819'}
# - {CALIB_CREATION_DATE: '2025-04-02'}
# - {CALIB_CREATION_TIME: '15:59:44'}
# - __serialized_columns__:
#     efficiency:
#       __class__: astropy.units.quantity.Quantity
#       unit: !astropy.units.Unit {unit: '%'}
#       value: !astropy.table.SerializedColumn {name: efficiency}
#     wavelength:
#       __class__: astropy.units.quantity.Quantity
#       unit: !astropy.units.Unit {unit: nm}
#       value: !astropy.table.SerializedColumn {name: wavelength}
# schema: astropy-2.0
wavelength efficiency
300.0 0.002006928662012797
301.0 0.0052317722293082625
302.0 0.00845661706989631
303.0 0.010801329335663468
304.0 0.013146041601430625
305.0 0.011907734005944803
306.0 0.010669427138054743
307.0 0.009125850192504004
308.0 0.007582273246953264
309.0 0.006959457095945254
310.0 0.006336640944937244
311.0 0.005804287866340019
312.0 0.005271935515338555
313.0 0.004891160278930329
314.0 0.004510384678724222
315.0 0.004230761624057777
316.0 0.003951137841795571
317.0 0.0037099485780345276
318.0 0.0034687589504756033
319.0 0.0033902982977451757
320.0 0.0033118380088126287
321.0 0.0030721759685548022
322.0 0.0028325153834884986
323.0 0.0025565286705386825
324.0 0.0022805421394878067
325.0 0.0022389867808669806
326.0 0.0021974314222461544
327.0 0.0021903553715674207
328.0 0.0021832791389897466
329.0 0.00241199231822975
330.0 0.0026407058612676337
331.0 0.0025494402507320046
332.0 0.002458175367792137
333.0 0.002242002301500179
334.0 0.0020258292352082208
335.0 0.0017414946341887116
336.0 0.0014571598512702622
337.0 0.0012969476301805116
338.0 0.001136735409090761
339.0 0.0010533910426602233
340.0 0.0009700464943307452
341.0 0.0009418062290933449
342.0 0.0009135658729064744
343.0 0.0009015635441755876
344.0 0.000889561306394171
345.0 0.000883200755197322
346.0 0.0008768402949499432
347.0 0.0008395886652579065
348.0 0.0008023368536669295
349.0 0.0008220061317842919
350.0 0.004361583341960795
351.0 0.005075538865639828
352.0 0.005789495844510384
353.0 0.005018872980144806
354.0 0.004248251570970751
355.0 0.004847690433962271
356.0 0.005447128933155909
357.0 0.0054174659453565255
358.0 0.005387805504142307
359.0 0.0037987490941304713
360.0 0.0022096930479165167
361.0 0.002289513395226095
362.0 0.002369333742535673
363.0 0.0025838278816081583
364.0 0.0027983218387817033
365.0 0.0029993032512720674
366.0 0.0032002844818634912
367.0 0.0029874507163185626
368.0 0.0027746171326725744
369.0 0.0032353782444261014
370.0 0.0036961402656743303
371.0 0.003741690670722164
372.0 0.003787241075769998
373.0 0.004159618038102053
374.0 0.004531995364231989
375.0 0.0034003194741671905
376.0 0.002268643584102392
377.0 0.0019970744688180275
378.0 0.0017255051716347225
379.0 0.0018540475139161572
380.0 0.0019825896742986515
381.0 0.0027320964363752864
382.0 0.0034816031984519213
383.0 0.0037681733374483883
384.0 0.004054744204040617
385.0 0.004517367415246554
386.0 0.004979991717846133
387.0 0.004386822911328636
388.0 0.0037936541048111394
389.0 0.002690467044885736
390.0 0.0015872794392635114
391.0 0.0010572345672699157
392.0 0.0005271894679026445
393.0 0.0008255204193119425
394.0 0.0011238513252465054
395.0 0.0011455860658315942
396.0 0.001167320806416683
397.0 0.00106974857772002
398.0 0.0009721760761749465
399.0 0.0011801090295193717
400.0 0.001388042528560618
401.0 0.0012929864169564098
402.0 0.0011979303053522017
403.0 0.0012146625522291288
404.0 0.0012313950719544664
405.0 0.0012315557796682697
406.0 0.0012317166692810133
407.0 0.0012014223102596588
408.0 0.0011711281331372447
409.0 0.0015852439901209436
410.0 0.0019993598471046425
411.0 0.001821772639232222
412.0 0.001644185249460861
413.0 0.0016648356904624961
414.0 0.0016854861314641312
415.0 0.0015885605535004288
416.0 0.001491635248385137
417.0 0.0014994275261415169
418.0 0.0015072198038978968
419.0 0.0022626827558269724
420.0 0.003018145616806578
421.0 0.0047247394832083955
422.0 0.006431332440115511
423.0 0.009310539462603629
424.0 0.012189745029900223
425.0 0.016359469736926258
426.0 0.020529195899143815
427.0 0.020732139819301665
428.0 0.02093508664984256
429.0 0.016747682821005583
430.0 0.012560277536977082
431.0 0.008763170626480132
432.0 0.004966060078004375
433.0 0.004080132930539548
434.0 0.003194205419276841
435.0 0.002595905061753001
436.0 0.00199760415853234
437.0 0.001455564870411763
438.0 0.000913525673240656
439.0 0.0009168381438939832
440.0 0.0009201507054967806
441.0 0.0011559773156477604
442.0 0.0013918039257987402
443.0 0.0015835705198696814
444.0 0.0017753369320416823
445.0 0.0013770627447229344
446.0 0.0009787884664547164
447.0 0.0011737766726582777
448.0 0.0013687645150639582
449.0 0.001415179212926887
450.0 0.001461593546991935
451.0 0.0014071712939767167
452.0 0.0013527491319109686
453.0 0.0013874846445105504
454.0 0.0014222201571101323
455.0 0.0011553978765732609
456.0 0.0008885755960363895
457.0 0.0010060406566481106
458.0 0.001123505808209302
459.0 0.001200434871861944
460.0 0.0012773637536156457
461.0 0.0019483730284264311
462.0 0.0026193827579845674
463.0 0.003448932693572715
464.0 0.004278483538655564
465.0 0.005140954090165906
466.0 0.006003424277878366
467.0 0.006551035767188296
468.0 0.007098648347891867
469.0 0.0061177226598374546
470.0 0.005136796971783042
471.0 0.003714281410793774
472.0 0.002291765486006625
473.0 0.0017299242244916968
474.0 0.0011680834177241195
475.0 0.0010458757060405333
476.0 0.0009236681762558874
477.0 0.0008742566024011467
478.0 0.000824845028546406
479.0 0.0007430156074406113
480.0 0.0006611861408600817
481.0 0.0006004823262628634
482.0 0.0005397783752414398
483.0 0.0005142369445820805
484.0 0.0004886955593974562
485.0 0.0006238155947357882
486.0 0.0007589354027004447
487.0 0.0007129903679015115
488.0 0.0006670453331025783
489.0 0.000828203610581113
490.0 0.0009893618880596478
491.0 0.0009004425010061823
492.0 0.0008115231139527168
493.0 0.0008768297448114026
494.0 0.0009421361028216779
495.0 0.0009902767487801611
496.0 0.0010384173947386444
497.0 0.0010608557204250246
498.0 0.0010832942280103453
499.0 0.0011545127563294955
500.0 0.0012257312846486457
501.0 0.0015699235518695787
502.0 0.0019141156371915713
503.0 0.0021606459995382465
504.0 0.002407175998087041
505.0 0.002884120840462856
506.0 0.003361065682838671
507.0 0.004149366577621549
508.0 0.004937667472404428
509.0 0.005280198820400983
510.0 0.005622729804599658
511.0 0.005068331302027218
512.0 0.004513932799454778
513.0 0.0038123311242088675
514.0 0.003110729085165076
515.0 0.0029959795938339084
516.0 0.002881230102502741
517.0 0.0028165890398668125
518.0 0.002751948341028765
519.0 0.040278551750816405
520.0 0.08332571014761925
521.0 0.0020053914340678602
522.0 0.10785029735416174
523.0 0.0775431573856622
524.0 0.08502909331582487
525.0 0.11425787815824151
526.0 0.06568519165739417
527.0 0.11909980094060302
528.0 0.16517970943823457
529.0 0.08720795740373433
530.0 0.16660818364471197
531.0 0.10495248716324568
532.0 0.18478482961654663
533.0 0.2912112046033144
534.0 0.36046088207513094
535.0 0.494468305259943
536.0 0.6253904197365046
537.0 0.8806257508695126
538.0 1.3698380440473557
539.0 2.161484956741333
540.0 3.4784801304340363
541.0 5.197342485189438
542.0 7.5384825468063354
543.0 10.57676374912262
544.0 14.1339972615242
545.0 18.211349844932556
546.0 23.191247880458832
547.0 29.409483075141907
548.0 37.17102408409119
549.0 45.23458778858185
550.0 52.144718170166016
551.0 59.98091697692871
552.0 65.35457968711853
553.0 70.36845684051514
554.0 74.72734451293945
555.0 78.86954545974731
556.0 82.60216116905212
557.0 85.1670503616333
558.0 88.9177918434143
559.0 92.04705953598022
560.0 92.58207082748413
561.0 94.47746872901917
562.0 95.15998363494873
563.0 95.03976702690125
564.0 95.57603001594543
565.0 95.20295858383179
566.0 95.92137336730957
567.0 94.96329426765442
568.0 95.70876359939575
569.0 96.37835025787354
570.0 96.02102637290955
571.0 96.80835604667664
572.0 96.63647413253784
573.0 96.74367308616638
574.0 97.01613783836365
575.0 96.73113822937012
576.0 97.4091112613678
577.0 97.11448550224304
578.0 97.02166318893433
579.0 96.9691276550293
580.0 96.67231440544128
581.0 96.29563689231873
582.0 96.75859808921814
583.0 96.71872854232788
584.0 95.95003724098206
585.0 96.35295867919922
586.0 96.28784656524658
587.0 96.06754779815674
588.0 96.44370675086975
589.0 97.33083248138428
590.0 96.55294418334961
591.0 95.78118920326233
592.0 95.5443263053894
593.0 95.8354651927948
594.0 95.84853053092957
595.0 96.06360197067261
596.0 96.68424725532532
597.0 97.03867435455322
598.0 96.49900197982788
599.0 96.54836654663086
600.0 96.42584323883057
601.0 95.80102562904358
602.0 96.49755954742432
603.0 95.93216180801392
604.0 96.44877910614014
605.0 96.64862155914307
606.0 96.27242088317871
607.0 96.05385661125183
608.0 96.2381362915039
609.0 95.39100527763367
610.0 95.92170715332031
611.0 95.94498872756958
612.0 95.47363519668579
613.0 97.01324701309204
614.0 96.35159969329834
615.0 96.06608152389526
616.0 96.08778357505798
617.0 96.22842669487
618.0 96.0339903831482
619.0 96.80261015892029
620.0 95.97088098526001
621.0 95.64269185066223
622.0 96.49074673652649
623.0 96.58169150352478
624.0 96.36579155921936
625.0 96.64281010627747
626.0 95.86119651794434
627.0 95.22536993026733
628.0 96.92156910896301
629.0 95.36325931549072
630.0 96.50758504867554
631.0 96.18873000144958
632.0 96.64139151573181
633.0 96.27530574798584
634.0 95.88872790336609
635.0 96.17032408714294
636.0 96.2690532207489
637.0 95.48996686935425
638.0 95.25535106658936
639.0 95.3389823436737
640.0 95.55110335350037
641.0 95.42248249053955
642.0 96.06606960296631
643.0 95.74533104896545
644.0 95.95255851745605
645.0 95.73103189468384
646.0 96.26281261444092
647.0 97.12262749671936
648.0 96.1587131023407
649.0 95.66829204559326
650.0 96.41931056976318
651.0 96.58933281898499
652.0 96.64841890335083
653.0 95.89744806289673
654.0 96.57542109489441
655.0 96.58692479133606
656.0 95.6769585609436
657.0 95.76376676559448
658.0 96.36741876602173
659.0 96.2195336818695
660.0 95.2702522277832
661.0 95.40436863899231
662.0 95.63881158828735
663.0 95.72926163673401
664.0 95.68121433258057
665.0 95.27277946472168
666.0 95.49736380577087
667.0 95.47598361968994
668.0 95.23671865463257
669.0 95.51146030426025
670.0 95.43980360031128
671.0 95.58897018432617
672.0 95.22572159767151
673.0 95.36025524139404
674.0 94.7855293750763
675.0 95.6318199634552
676.0 95.11256217956543
677.0 94.17287707328796
678.0 93.21909546852112
679.0 92.4277126789093
680.0 91.86147451400757
681.0 90.46366214752197
682.0 88.4128212928772
683.0 85.871422290802
684.0 82.75482654571533
685.0 79.17532920837402
686.0 75.33549070358276
687.0 70.92847228050232
688.0 66.26259684562683
689.0 61.91715598106384
690.0 56.50688409805298
691.0 52.35588550567627
692.0 47.904062271118164
693.0 43.58440339565277
694.0 38.54809105396271
695.0 33.624204993247986
696.0 28.229671716690063
697.0 23.138099908828735
698.0 17.452912032604218
699.0 12.845252454280853
700.0 9.12400335073471
701.0 5.828093737363815
702.0 3.652815893292427
703.0 2.194848470389843
704.0 1.2445418164134026
705.0 0.7445723284035921
706.0 0.4650810733437538
707.0 0.2886541187763214
708.0 0.2313910285010934
709.0 0.18184826476499438
710.0 0.1302291639149189
711.0 0.09875246323645115
712.0 0.03618394548539072
713.0 0.037888489896431565
714.0 0.07389813545159996
715.0 0.06636034813709557
716.0 0.10910232085734606
717.0 0.08407817804254591
718.0 0.0731194275431335
719.0 0.06695643533021212
720.0 1.6079496675119875e-10
721.0 0.004235277810948901
722.0 0.004234249718138017
723.0 0.004233221625327133
724.0 0.0038645386666757986
725.0 0.0034958557080244645
726.0 0.0033319993235636503
727.0 0.0031681425753049552
728.0 0.003055105480598286
729.0 0.002942068203992676
730.0 0.002761678297247272
731.0 0.002581288390501868
732.0 0.00248222077061655
733.0 0.0023831535145291127
734.0 0.0022444823116529733
735.0 0.002105811290675774
736.0 0.0020226412743795663
737.0 0.0019394708942854777
738.0 0.001742302811180707
739.0 0.0015451349099748768
740.0 0.0015880159480730072
741.0 0.0016308969861711375
742.0 0.0015468736819457263
743.0 0.0014628501958213747
744.0 0.0014879569789627567
745.0 0.001513063944003079
746.0 0.0014017902685736772
747.0 0.0012905165931442752
748.0 0.0012950478776474483
749.0 0.0012995792531000916
750.0 0.001264142065338092
751.0 0.001228704786626622
752.0 0.0011693831766024232
753.0 0.0011100614756287541
754.0 0.001162159696832532
755.0 0.0012142577361373696
756.0 0.0011570714377739932
757.0 0.0010998850484611467
758.0 0.0011567870387807488
759.0 0.0012136891200498212
760.0 0.0012684223293035757
761.0 0.0013231558114057407
762.0 0.0012011050785076804
763.0 0.0010790544365590904
764.0 0.0010585683412500657
765.0 0.0010380818821431603
766.0 0.0008985053682408761
767.0 0.0007589288088638568
768.0 0.0008199248441087548
769.0 0.0008809207429294474
770.0 0.0008456167051917873
771.0 0.0008103126674541272
772.0 0.0008739222721487749
773.0 0.0009375317858939525
774.0 0.0008446342690149322
775.0 0.0007517367066611769
776.0 0.0007883951184339821
777.0 0.0008250536666309927
778.0 0.0007810706847521942
779.0 0.0007370876119239256
780.0 0.0006849371857242659
781.0 0.0006327865776256658
782.0 0.0007053726676531369
783.0 0.0007779589395795483
784.0 0.0007844072570151184
785.0 0.0007908554835012183
786.0 0.0007228703907458112
787.0 0.000654885252515669
788.0 0.0006991200734773884
789.0 0.0007433551672875183
790.0 0.0006370049504766939
791.0 0.0005306545517669292
792.0 0.0005528163455892354
793.0 0.0005749780939368065
794.0 0.0006889696123835165
795.0 0.0008029610398807563
796.0 0.0007232988536998164
797.0 0.0006436367129936116
798.0 0.0006672300514765084
799.0 0.0006908233899594052
800.0 0.0006885486072860658
801.0 0.0006862736881885212
802.0 0.0006897425919305533
803.0 0.0006932114956725854
804.0 0.0006963263331272174
805.0 0.0006994409886829089
806.0 0.0006024147751304554
807.0 0.0005053885615780018
808.0 0.0006453342393797357
809.0 0.0007852799171814695
810.0 0.0007639493560418487
811.0 0.0007426185675285524
812.0 0.0007242598258017097
813.0 0.0007059009021759266
814.0 0.0007794046723574866
815.0 0.0008529083061148413
816.0 0.0008208948202081956
817.0 0.0007888812433520798
818.0 0.0005986275482428027
819.0 0.00040837408050720114
820.0 0.0005655561380990548
821.0 0.0007227381956909085
822.0 0.0006701993697788566
823.0 0.0006176605893415399
824.0 0.0006220857358130161
825.0 0.0006265111551329028
826.0 0.0006432023837987799
827.0 0.000659893612464657
828.0 0.0005703865099349059
829.0 0.00048087949835462496
830.0 0.00022376100332621718
831.0 1.6079496675119875e-10
832.0 1.6079496675119875e-10
833.0 1.6568922944770748e-05
834.0 1.6079496675119875e-10
835.0 1.6079496675119875e-10
836.0 0.00020958405002602376
837.0 0.0004856940449826652
838.0 0.0013063881851849146
839.0 0.002127082370861899
840.0 0.0027258518457529135
841.0 0.0033246211387449875
842.0 0.0037655376218026504
843.0 0.004206453013466671
844.0 0.003683871545945294
845.0 0.0031612900784239173
846.0 0.0027528443752089515
847.0 0.0023443984900950454
848.0 0.002290012707817368
849.0 0.0022356267436407506
850.0 0.002251899968541693
851.0 0.0022681733753415756
852.0 0.0020394119928823784
853.0 0.0018106504285242409
854.0 0.0015527299183304422
855.0 0.0012948092262377031
856.0 0.0010851365914277267
857.0 0.00087546386566828
858.0 0.0006454892627516529
859.0 0.00041551479625923093
860.0 0.00032588948215561686
861.0 0.00023626419078937033
862.0 0.00024392697923758533
863.0 0.00025158972221106524
864.0 0.00021193391148699448
865.0 0.00017227813486897503
866.0 0.0002168159426219063
867.0 0.0002613537390061538
868.0 0.00014150510878607747
869.0 2.1656434512351552e-05
870.0 0.0001566717742207402
871.0 0.0002916871153502143
872.0 0.00025371423362230416
873.0 0.00021574137463176157
874.0 0.00024257119548565242
875.0 0.0002694010163395433
876.0 0.00017189208847412374
877.0 7.438318903041363e-05
878.0 3.722640258274623e-05
879.0 6.963594145759089e-08
880.0 8.76377498570946e-05
881.0 0.00017520590063213604
882.0 0.00012990495861231466
883.0 8.460406206722837e-05
884.0 0.0001233911348208494
885.0 0.00016217824168052175
886.0 0.00020855482034676243
887.0 0.00025493134216958424
888.0 0.00020096745174669195
889.0 0.00014700353858643211
890.0 0.00014945630937290844
891.0 0.00015190909152806853
892.0 0.00015386000313810655
893.0 0.00015581092611682834
894.0 6.78462413361558e-05
895.0 1.6079496675119875e-10
896.0 1.6079496675119875e-10
897.0 1.6503645383636467e-05
898.0 2.951427973130194e-05
899.0 4.252491123679647e-05
900.0 2.176892763827709e-05
