lsstCam/transmission_filter_detector/r00_sw1/y_10/19700101T000000.ecsv
# %ECSV 1.0
# ---
# datatype:
# - {name: wavelength, unit: nm, datatype: float32}
# - {name: efficiency, unit: '%', datatype: float64}
# meta: !!omap
# - {MODE: DETECTOR}
# - {TYPE: transmission_filter_detector}
# - {CALIBDATE: '1970-01-01T00:00:00'}
# - {INSTRUME: LSSTCam}
# - {OBSTYPE: transmission_filter_detector}
# - {CALIBCLS: lsst.ip.isr.IntermediateFilterDetectorTransmissionCurve}
# - {SOURCE: Materion (DM-46256)}
# - {DETECTOR: 192}
# - {FILTER: y_10}
# - {CALIB_ID: 'calibDate=1970-01-01T00:00:00 filter=y_10 detector=192'}
# - {DATE: '2025-04-02T15:59:51.630777'}
# - {CALIB_CREATION_DATE: '2025-04-02'}
# - {CALIB_CREATION_TIME: '15:59:51'}
# - __serialized_columns__:
#     efficiency:
#       __class__: astropy.units.quantity.Quantity
#       unit: !astropy.units.Unit {unit: '%'}
#       value: !astropy.table.SerializedColumn {name: efficiency}
#     wavelength:
#       __class__: astropy.units.quantity.Quantity
#       unit: !astropy.units.Unit {unit: nm}
#       value: !astropy.table.SerializedColumn {name: wavelength}
# schema: astropy-2.0
wavelength efficiency
300.0 0.5356471054255962
301.0 0.28731946367770433
302.0 0.038991833571344614
303.0 0.032891775481402874
304.0 0.02679172030184418
305.0 0.01592471671756357
306.0 0.0050577080401126295
307.0 0.013521904475055635
308.0 0.021986097272019833
309.0 0.015815683582331985
310.0 0.009645266982261091
311.0 0.00872762393555604
312.0 0.00780997725087218
313.0 0.008168009662767872
314.0 0.008526042074663565
315.0 0.006592069257749245
316.0 0.00465809935121797
317.0 0.005221872197580524
318.0 0.00578564140596427
319.0 0.0028691812985925935
320.0 1.653876688378908e-10
321.0 0.0025524997909087688
322.0 0.005152280209586024
323.0 0.0038840880733914673
324.0 0.0026158961190958507
325.0 0.0011925926628464367
326.0 1.653876688378908e-10
327.0 0.0010104487955686636
328.0 0.0022516089302371256
329.0 0.003513381670927629
330.0 0.004775154229719192
331.0 0.004126108615309931
332.0 0.0034770622733049095
333.0 0.0026380916096968576
334.0 0.0017991204003919847
335.0 0.002131439578079153
336.0 0.0024637589376652613
337.0 0.0027530628358363174
338.0 0.0030423661883105524
339.0 0.0013433927051664796
340.0 1.653876688378908e-10
341.0 1.653876688378908e-10
342.0 1.653876688378908e-10
343.0 0.00037523159335250966
344.0 0.0013724879863730166
345.0 0.0015806614101165906
346.0 0.0017888354705064557
347.0 0.0015837658793316223
348.0 0.0013786961062578484
349.0 0.001135653928940883
350.0 0.0008926114787755068
351.0 0.0012481585144996643
352.0 0.0016037049135775305
353.0 0.0013201536603446584
354.0 0.0010366025890107267
355.0 0.0011302924576739315
356.0 0.0012239822353876662
357.0 0.00098262235042057
358.0 0.0007412621926050633
359.0 0.0008493670975440182
360.0 0.000957472002482973
361.0 0.0012974052879144438
362.0 0.0016373383914469741
363.0 0.0012830477317038458
364.0 0.0009287566172133666
365.0 0.0012688155038631521
366.0 0.001608875027159229
367.0 0.0020984074581065215
368.0 0.0025879400709527545
369.0 0.002230213794973679
370.0 0.001872487882792484
371.0 0.001822272315621376
372.0 0.0017720563846523874
373.0 0.002142095945600886
374.0 0.0025121355065493844
375.0 0.0033911492209881544
376.0 0.004270162753527984
377.0 0.004041738429805264
378.0 0.0038133141060825437
379.0 0.003430823198868893
380.0 0.003048332473554183
381.0 0.0021129584638401866
382.0 0.0011775840903283097
383.0 0.0012001379218418151
384.0 0.0012226913895574398
385.0 0.0009745673196448479
386.0 0.0007264432042575208
387.0 0.0007424571776937228
388.0 0.0007584711511299247
389.0 0.0007170577646320453
390.0 0.000675644423608901
391.0 0.0005646989848173689
392.0 0.00045375350055110175
393.0 0.0005705367584596388
394.0 0.000687320107317646
395.0 0.000666760479361983
396.0 0.0006462010333052604
397.0 0.0008799418537819292
398.0 0.0011136827197333332
399.0 0.0013161694369046018
400.0 0.0015186562450253405
401.0 0.0016691199562046677
402.0 0.0018195840311818756
403.0 0.0018487291526980698
404.0 0.0018778744561132044
405.0 0.0017472049876232632
406.0 0.0016165358829312027
407.0 0.0013880649021302816
408.0 0.0011595940122788306
409.0 0.0009363870958623011
410.0 0.000713179906597361
411.0 0.0005288373813527869
412.0 0.0003444948333708453
413.0 0.0009979537026083563
414.0 0.0016514122762600891
415.0 0.0020382085494929925
416.0 0.002425004822725896
417.0 0.0010156140888284426
418.0 1.653876688378908e-10
419.0 1.653876688378908e-10
420.0 1.653876688378908e-10
421.0 1.653876688378908e-10
422.0 0.0009487782335781958
423.0 0.0007690675374760758
424.0 0.0005893565685255453
425.0 0.00010611407788019278
426.0 1.653876688378908e-10
427.0 1.653876688378908e-10
428.0 0.0003623474640335189
429.0 1.653876688378908e-10
430.0 1.653876688378908e-10
431.0 0.00022180940959515283
432.0 0.0011956704838667065
433.0 0.001112510926759569
434.0 0.0010293520062987227
435.0 0.0003269510216341587
436.0 1.653876688378908e-10
437.0 1.653876688378908e-10
438.0 0.00016704121890143142
439.0 1.653876688378908e-10
440.0 1.653876688378908e-10
441.0 1.653876688378908e-10
442.0 1.653876688378908e-10
443.0 1.653876688378908e-10
444.0 8.396891644224524e-05
445.0 0.0002274652615597006
446.0 0.0003709614702529507
447.0 0.0006198107257660013
448.0 0.0008686598448548466
449.0 0.00109732181954314
450.0 0.0013259834304335527
451.0 0.0006586258677998558
452.0 1.653876688378908e-10
453.0 0.00011072265806433279
454.0 0.00023017692001303658
455.0 2.8152831532679556e-05
456.0 1.653876688378908e-10
457.0 1.653876688378908e-10
458.0 1.653876688378908e-10
459.0 1.8379881794317043e-05
460.0 0.00011834054021164775
461.0 0.00020276768282201374
462.0 0.00028719473448290955
463.0 0.0002647932433319511
464.0 0.00024239177491836017
465.0 0.0003678117764138733
466.0 0.0004932318461214891
467.0 0.0010845154065464158
468.0 0.001675798739597667
469.0 0.001602196971361991
470.0 0.0015285944755305536
471.0 0.0015353582057286985
472.0 0.0015421215721289627
473.0 0.0022073281797929667
474.0 0.0028725346055580303
475.0 0.002739997398748528
476.0 0.0026074600100400858
477.0 0.0029887796699767932
478.0 0.0033700991480145603
479.0 0.004001195702585392
480.0 0.004632291893358342
481.0 0.004639667167793959
482.0 0.004647042442229576
483.0 0.003939844464184716
484.0 0.003232645758544095
485.0 0.0036478912079473957
486.0 0.004063136657350697
487.0 0.003338245369377546
488.0 0.0026133535357075743
489.0 0.002174555447709281
490.0 0.0017357579054078087
491.0 0.0016355959814973176
492.0 0.001535433875687886
493.0 0.00115323264253675
494.0 0.0007710317731834948
495.0 0.001004853766062297
496.0 0.0012386758498905692
497.0 0.001900720235425979
498.0 0.002562764893809799
499.0 0.0024253869923995808
500.0 0.0022880090909893624
501.0 0.002357899211347103
502.0 0.002427789513603784
503.0 0.0024753751858952455
504.0 0.0025229606762877665
505.0 0.0030793911719229072
506.0 0.0036358218494569883
507.0 0.0026793979486683384
508.0 0.001722973320283927
509.0 0.002033132295764517
510.0 0.0023432910893461667
511.0 0.0022997104679234326
512.0 0.002256130028399639
513.0 0.001964746479643509
514.0 0.001673363112786319
515.0 0.0014365286006068345
516.0 0.0011996938155789394
517.0 0.0013330016372492537
518.0 0.001466309004172217
519.0 0.001422886361979181
520.0 0.0013794634469377343
521.0 0.0016934098312049173
522.0 0.002007355578825809
523.0 0.0018188176909461617
524.0 0.001630279621167574
525.0 0.001995862476178445
526.0 0.002361446058785077
527.0 0.002268777461722493
528.0 0.0021761094103567302
529.0 0.002451471118547488
530.0 0.002726832462940365
531.0 0.0026042818717542104
532.0 0.0024817310986691155
533.0 0.0027238953407504596
534.0 0.002966059219033923
535.0 0.0024655175366206095
536.0 0.001964975490409415
537.0 0.0022590435037272982
538.0 0.0025531115170451812
539.0 0.0032483185350429267
540.0 0.003943525007343851
541.0 0.003928667138097808
542.0 0.0039138092688517645
543.0 0.004290499782655388
544.0 0.004667189932661131
545.0 0.004909757626592182
546.0 0.005152325320523232
547.0 0.004341105523053557
548.0 0.003529886089381762
549.0 0.003144941365462728
550.0 0.002759996823442634
551.0 0.002783803574857302
552.0 0.0028076101443730295
553.0 0.003164052395732142
554.0 0.003520494283293374
555.0 0.0036991048546042293
556.0 0.003877716153510846
557.0 0.003691590973176062
558.0 0.0035054661566391587
559.0 0.0035144454159308225
560.0 0.0035234243114246055
561.0 0.0036155084671918303
562.0 0.0037075922591611743
563.0 0.0033296233596047387
564.0 0.002951654460048303
565.0 0.0036090146750211716
566.0 0.004266375253791921
567.0 0.004627392991096713
568.0 0.004988410364603624
569.0 0.005562385922530666
570.0 0.006136361480457708
571.0 0.006148554530227557
572.0 0.006160747579997405
573.0 0.006421930447686464
574.0 0.006683114042971283
575.0 0.00645806867396459
576.0 0.006233024032553658
577.0 0.005655385029967874
578.0 0.005077746391179971
579.0 0.005810431321151555
580.0 0.0065431166149210185
581.0 0.007087951962603256
582.0 0.007632785855093971
583.0 0.008740065823076293
584.0 0.00984734288067557
585.0 0.01006417878670618
586.0 0.010281013965141028
587.0 0.010113336611539125
588.0 0.009945654892362654
589.0 0.010349445074098185
590.0 0.010753235983429477
591.0 0.009835347009357065
592.0 0.008917455852497369
593.0 0.007342101889662445
594.0 0.005766750837210566
595.0 0.0056914344895631075
596.0 0.00561611850571353
597.0 0.00596767058596015
598.0 0.00631922303000465
599.0 0.007394931162707508
600.0 0.008470637840218842
601.0 0.009020591824082658
602.0 0.009570542897563428
603.0 0.010444117651786655
604.0 0.011317695316392928
605.0 0.011423666728660464
606.0 0.011529638868523762
607.0 0.010069508425658569
608.0 0.008609381620772183
609.0 0.006611451681237668
610.0 0.004613522833096795
611.0 0.004011686905869283
612.0 0.00340985061484389
613.0 0.0037266920116962865
614.0 0.004043533044750802
615.0 0.004744793477584608
616.0 0.005446054274216294
617.0 0.006785224104532972
618.0 0.00812439393484965
619.0 0.009088751539820805
620.0 0.010053110599983484
621.0 0.011034800263587385
622.0 0.012016489927191287
623.0 0.012088060611858964
624.0 0.012159628386143595
625.0 0.010597785149002448
626.0 0.009035938273882493
627.0 0.007172048935899511
628.0 0.005308156323735602
629.0 0.004482257645577192
630.0 0.003656359695014544
631.0 0.003023834688065108
632.0 0.0023913093173177913
633.0 0.0026084893761435524
634.0 0.002825669616868254
635.0 0.0029545699362643063
636.0 0.0030834700737614185
637.0 0.003949462916352786
638.0 0.004815455395146273
639.0 0.00486064818687737
640.0 0.004905840978608467
641.0 0.0051831146265612915
642.0 0.005460387910716236
643.0 0.005417981810751371
644.0 0.005375575346988626
645.0 0.005026627331972122
646.0 0.004677678953157738
647.0 0.0037716268707299605
648.0 0.002865575152100064
649.0 0.002160802614525892
650.0 0.0014560300769517198
651.0 0.0015737481589894742
652.0 0.0016914666048251092
653.0 0.0016650456018396653
654.0 0.001638624416955281
655.0 0.0016845286154421046
656.0 0.0017304329958278686
657.0 0.0016603473341092467
658.0 0.0015902616723906249
659.0 0.0017955966541194357
660.0 0.0020009316358482465
661.0 0.0017952283087652177
662.0 0.0015895249816821888
663.0 0.0023396565666189417
664.0 0.0030897881515556946
665.0 0.0036208082747180015
666.0 0.004151828034082428
667.0 0.004702726801042445
668.0 0.00525362447660882
669.0 0.0055113647249527276
670.0 0.0057691016991157085
671.0 0.006485117046395317
672.0 0.007201133121270686
673.0 0.008063729910645634
674.0 0.008926326700020581
675.0 0.00831583674880676
676.0 0.007705348980380222
677.0 0.006111938273534179
678.0 0.004518528294283897
679.0 0.0028664244382525794
680.0 0.0012143214007664938
681.0 0.0005611056167253992
682.0 1.653876688378908e-10
683.0 9.32363320771401e-05
684.0 0.00027858286557602696
685.0 0.000174099614014267
686.0 6.961634539948136e-05
687.0 0.0001693155809334712
688.0 0.00026901482215180295
689.0 0.0002552147407186567
690.0 0.0002414147047602455
691.0 0.00035004966321139364
692.0 0.0004586846443999093
693.0 0.00038770144783484284
694.0 0.0003167182512697764
695.0 0.0004524928044702392
696.0 0.0005882674031454371
697.0 0.0005521292678167811
698.0 0.0005159910415386548
699.0 0.0004832993454328971
700.0 0.00045060737647872884
701.0 0.00025622991870477563
702.0 6.185257461766014e-05
703.0 0.00024559415123803774
704.0 0.0004293357051210478
705.0 0.00046377685976040084
706.0 0.0004982178325008135
707.0 8.156970920936146e-05
708.0 1.653876688378908e-10
709.0 1.653876688378908e-10
710.0 0.0003020970098077669
711.0 0.00045661245167138986
712.0 0.0006111278707976453
713.0 0.00039968726923689246
714.0 0.00018824672451955848
715.0 0.00027735316052712733
716.0 0.00036645960790337995
717.0 0.0002712680043259752
718.0 0.000176076423485938
719.0 0.000335393451678101
720.0 0.0004947104116581613
721.0 0.0002993123416672461
722.0 0.00010391431715106592
723.0 0.00018112226598532288
724.0 0.00025833021481957985
725.0 0.0003080972646785085
726.0 0.0003578644964363775
727.0 4.788876140082721e-05
728.0 1.653876688378908e-10
729.0 0.00011367301340214908
730.0 0.0004894328412774485
731.0 0.0007357126833085204
732.0 0.0009819927072385326
733.0 0.0003413185140743735
734.0 1.653876688378908e-10
735.0 1.653876688378908e-10
736.0 1.653876688378908e-10
737.0 0.00033382980291207787
738.0 0.0009566033440933097
739.0 0.0005761939519288717
740.0 0.0001957842187039205
741.0 9.23101950434102e-06
742.0 1.653876688378908e-10
743.0 1.653876688378908e-10
744.0 1.653876688378908e-10
745.0 0.0002610617002574145
746.0 0.0007172392542997841
747.0 0.0004711567726189969
748.0 0.000225074427362415
749.0 1.9352883384726738e-05
750.0 1.653876688378908e-10
751.0 1.653876688378908e-10
752.0 1.653876688378908e-10
753.0 0.00023972224880708382
754.0 0.0005182404947845498
755.0 1.653876688378908e-10
756.0 1.653876688378908e-10
757.0 1.653876688378908e-10
758.0 1.653876688378908e-10
759.0 0.0002661385678948136
760.0 0.0007247728262882447
761.0 0.0003783739202845027
762.0 3.1974943226487085e-05
763.0 1.653876688378908e-10
764.0 1.653876688378908e-10
765.0 6.489856332336785e-05
766.0 0.0003726857585206744
767.0 3.606929226407374e-05
768.0 1.653876688378908e-10
769.0 1.653876688378908e-10
770.0 1.653876688378908e-10
771.0 1.653876688378908e-10
772.0 1.653876688378908e-10
773.0 0.00023116820102586644
774.0 0.0006477298938989406
775.0 0.0003506101393213612
776.0 5.349026537260215e-05
777.0 0.00021151879536773777
778.0 0.00036954741062800167
779.0 0.0005380504262575414
780.0 0.0007065534646244487
781.0 0.0005954796506557614
782.0 0.00048440579121233895
783.0 0.0004098204954061657
784.0 0.00033523524507472757
785.0 0.00023656821213080548
786.0 0.0001379008040203189
787.0 0.0005901853000978008
788.0 0.0010424695574329235
789.0 0.0008892027835827321
790.0 0.0007359360097325407
791.0 0.00045771553232043516
792.0 0.00017949487300938927
793.0 0.0004409859229781432
794.0 0.0007024766091490164
795.0 0.0007159174401749624
796.0 0.0007293581347767031
797.0 0.0003526707132550655
798.0 1.653876688378908e-10
799.0 0.0005527869234356331
800.0 0.0011295906006125733
801.0 0.0006190601652633632
802.0 0.00010852982086362317
803.0 0.0002821964017130085
804.0 0.0004558629825623939
805.0 0.000796333551988937
806.0 0.001136804075940745
807.0 0.0006710615252814023
808.0 0.00020531899735942716
809.0 1.653876688378908e-10
810.0 1.653876688378908e-10
811.0 0.000138278676331538
812.0 0.0005289663022267632
813.0 0.000847422234073747
814.0 0.0011658780749712605
815.0 0.0011489130884001497
816.0 0.0011319475561322179
817.0 0.000907267167349346
818.0 0.0006825868695159443
819.0 0.0008446602805634029
820.0 0.001006733873509802
821.0 0.0008932593118515797
822.0 0.0007797848411428276
823.0 0.0006574205144715961
824.0 0.0005350564606487751
825.0 0.00047275025281123817
826.0 0.0004104441359231714
827.0 0.0005252782102616038
828.0 0.0006401123755495064
829.0 0.0002760014695013524
830.0 1.653876688378908e-10
831.0 5.936743718848447e-05
832.0 0.00020684453829744598
833.0 0.0004627700491255382
834.0 0.0007186954917415278
835.0 8.583814405938028e-05
836.0 1.653876688378908e-10
837.0 1.653876688378908e-10
838.0 1.653876688378908e-10
839.0 0.00044532753236126155
840.0 0.0010230825864709914
841.0 0.0011575106327654794
842.0 0.0012919387700094376
843.0 0.0009078234143089503
844.0 0.0005237076948105823
845.0 0.0006136117463029223
846.0 0.000703515706845792
847.0 0.0010235387890134007
848.0 0.0013435619621304795
849.0 0.0011233759323658887
850.0 0.0009031895388034172
851.0 0.0011346758583385963
852.0 0.0013661620869243052
853.0 0.0005050584604759933
854.0 1.653876688378908e-10
855.0 1.653876688378908e-10
856.0 1.653876688378908e-10
857.0 0.0004241511305735912
858.0 0.0014152029507386032
859.0 0.001285034613829339
860.0 0.0011548658221727237
861.0 0.0013434564607450739
862.0 0.0015320474631153047
863.0 0.0017179503629449755
864.0 0.0019038534446735866
865.0 0.002006857357628178
866.0 0.00210986181627959
867.0 0.0027034235245082527
868.0 0.0032969852327369153
869.0 0.003006764382007532
870.0 0.0027165431674802676
871.0 0.003209870556020178
872.0 0.0037031979445600882
873.0 0.00262304693023907
874.0 0.001542896279715933
875.0 0.0023578295440529473
876.0 0.003172762444592081
