lsstCam/transmission_filter_detector/r00_sw1/y_10/19700101T000000.ecsv
# %ECSV 1.0
# ---
# datatype:
# - {name: wavelength, unit: nm, datatype: float32}
# - {name: efficiency, unit: '%', datatype: float64}
# meta: !!omap
# - {MODE: DETECTOR}
# - {TYPE: transmission_filter_detector}
# - {CALIBDATE: '1970-01-01T00:00:00'}
# - {INSTRUME: LSSTCam}
# - {OBSTYPE: transmission_filter_detector}
# - {CALIBCLS: lsst.ip.isr.IntermediateFilterDetectorTransmissionCurve}
# - {SOURCE: Materion (DM-46256)}
# - {DETECTOR: 192}
# - {FILTER: y_10}
# - {CALIB_ID: 'calibDate=1970-01-01T00:00:00 filter=y_10 detector=192'}
# - {DATE: '2025-04-02T15:59:51.630777'}
# - {CALIB_CREATION_DATE: '2025-04-02'}
# - {CALIB_CREATION_TIME: '15:59:51'}
# - __serialized_columns__:
#     efficiency:
#       __class__: astropy.units.quantity.Quantity
#       unit: !astropy.units.Unit {unit: '%'}
#       value: !astropy.table.SerializedColumn {name: efficiency}
#     wavelength:
#       __class__: astropy.units.quantity.Quantity
#       unit: !astropy.units.Unit {unit: nm}
#       value: !astropy.table.SerializedColumn {name: wavelength}
# schema: astropy-2.0
wavelength efficiency
[from data line 578]
878.0 0.0007533787083957577
879.0 0.0016444168068119325
880.0 0.05565910250879824
881.0 0.09777562227100134
882.0 0.07043654331937432
883.0 0.08274377323687077
884.0 0.06130071124061942
885.0 0.0757385278120637
886.0 0.0796747684944421
887.0 0.08023316040635109
888.0 0.06487875944003463
889.0 0.08896164945326746
890.0 0.05828245775774121
891.0 0.08454403141513467
892.0 0.06579153123311698
893.0 0.09453645907342434
894.0 0.07263115840032697
895.0 0.0970337656326592
896.0 0.07316744886338711
897.0 0.1057690940797329
898.0 0.06992807029746473
899.0 0.0951789494138211
900.0 0.08775374735705554
901.0 0.11858782963827252
902.0 0.12848770711570978
903.0 0.13750664656981826
904.0 0.14707186492159963
905.0 0.18433184595778584
906.0 0.20896345376968384
907.0 0.2649645321071148
908.0 0.33839012030512094
909.0 0.45150197111070156
910.0 0.6004421506077051
911.0 0.8070326410233974
912.0 1.1867417953908443
913.0 1.7505327239632607
914.0 2.4849679321050644
915.0 3.6142125725746155
916.0 5.079112946987152
917.0 6.828083097934723
918.0 8.962363004684448
919.0 11.14019900560379
920.0 14.171284437179565
921.0 17.39756613969803
922.0 20.555603504180908
923.0 24.221307039260864
924.0 28.133147954940796
925.0 32.47171640396118
926.0 37.846630811691284
927.0 43.89518201351166
928.0 49.50425326824188
929.0 55.87374567985535
930.0 61.906927824020386
931.0 68.10750961303711
932.0 74.1770327091217
933.0 79.65198755264282
934.0 83.99252891540527
935.0 87.35049366950989
936.0 90.14505743980408
937.0 92.21954941749573
938.0 93.69678497314453
939.0 94.56677436828613
940.0 95.23123502731323
941.0 95.59787511825562
942.0 95.97816467285156
943.0 96.18640542030334
944.0 96.64203524589539
945.0 96.77101969718933
946.0 96.91217541694641
947.0 96.95918560028076
948.0 97.09258675575256
949.0 97.01712727546692
950.0 97.11302518844604
951.0 97.1411645412445
952.0 97.14663624763489
953.0 97.29426503181458
954.0 97.35369682312012
955.0 97.40191698074341
956.0 97.61632084846497
957.0 97.83786535263062
958.0 98.00794720649719
959.0 98.1253981590271
960.0 98.30223321914673
961.0 98.42233061790466
962.0 98.49550724029541
963.0 98.55964779853821
964.0 98.6352801322937
965.0 98.70185256004333
966.0 98.71364235877991
967.0 98.84860515594482
968.0 98.82500767707825
969.0 98.81944060325623
970.0 98.85777235031128
971.0 98.86631369590759
972.0 98.95971417427063
973.0 99.01306629180908
974.0 99.03941750526428
975.0 98.98343682289124
976.0 99.0562379360199
977.0 99.03669953346252
978.0 99.12360310554504
979.0 99.11189079284668
980.0 99.05948042869568
981.0 98.99501204490662
982.0 98.95474910736084
983.0 98.98231625556946
984.0 98.93453121185303
985.0 98.91864657402039
986.0 98.82873296737671
987.0 98.84750247001648
988.0 98.74584674835205
989.0 98.69409799575806
990.0 98.63882660865784
991.0 98.6838161945343
992.0 98.67268204689026
993.0 98.65105152130127
994.0 98.63132238388062
995.0 98.65147471427917
996.0 98.61065745353699
997.0 98.72520565986633
998.0 98.76086711883545
999.0 98.82867932319641
1000.0 98.85722994804382
1001.0 98.85006546974182
1002.0 98.98661971092224
1003.0 99.00208711624146
1004.0 99.0814745426178
1005.0 99.04084205627441
1006.0 99.16365146636963
1007.0 99.16579127311707
1008.0 99.13367033004761
1009.0 99.0619957447052
1010.0 99.10497069358826
1011.0 99.1281509399414
1012.0 99.02065992355347
1013.0 99.04074668884277
1014.0 99.0211546421051
1015.0 98.98054003715515
1016.0 98.91493320465088
1017.0 98.98794889450073
1018.0 98.97525906562805
1019.0 98.90303611755371
1020.0 98.96038770675659
1021.0 99.04852509498596
1022.0 98.86340498924255
1023.0 98.99033904075623
1024.0 98.92075657844543
1025.0 98.91235828399658
1026.0 98.96278381347656
1027.0 99.04469847679138
1028.0 99.02359247207642
1029.0 99.10379648208618
1030.0 99.12970662117004
1031.0 99.16276931762695
1032.0 99.1278886795044
1033.0 99.13270473480225
1034.0 99.134761095047
1035.0 99.19661283493042
1036.0 99.154132604599
1037.0 99.16929602622986
1038.0 99.11437034606934
1039.0 99.0746021270752
1040.0 99.01807308197021
1041.0 99.08628463745117
1042.0 99.01324510574341
1043.0 98.96938800811768
1044.0 99.0170419216156
1045.0 98.71488213539124
1046.0 98.93025755882263
1047.0 98.84699583053589
1048.0 98.91514778137207
1049.0 98.79326820373535
1050.0 98.79652261734009
1051.0 98.75810742378235
1052.0 98.72143864631653
1053.0 98.62509369850159
1054.0 98.89046549797058
1055.0 98.9612877368927
1056.0 98.85188341140747
1057.0 98.86105060577393
1058.0 98.78836274147034
1059.0 98.83590340614319
1060.0 98.94145131111145
1061.0 98.77185821533203
1062.0 98.83472919464111
1063.0 98.81680011749268
1064.0 99.02123808860779
1065.0 98.90543818473816
1066.0 98.9908218383789
1067.0 99.04784560203552
1068.0 98.92559051513672
1069.0 98.78318309783936
1070.0 99.14069771766663
1071.0 98.86537790298462
1072.0 98.97777438163757
1073.0 99.1288423538208
1074.0 98.73703122138977
1075.0 98.81024956703186
1076.0 98.40309619903564
1077.0 98.91403913497925
1078.0 98.95372986793518
1079.0 98.73238205909729
1080.0 99.4132399559021
1081.0 98.5325813293457
1082.0 98.53463172912598
1083.0 98.64383935928345
1084.0 98.91281723976135
1085.0 98.88560175895691
1086.0 98.77660274505615
1087.0 98.76744151115417
1088.0 98.46268892288208
1089.0 98.48053455352783
1090.0 98.6494779586792
1091.0 98.73669743537903
1092.0 98.67208003997803
1093.0 98.65459203720093
1094.0 98.32684397697449
1095.0 98.56877326965332
1096.0 98.77734780311584
1097.0 98.395174741745
1098.0 97.79461026191711
1099.0 98.456209897995
1100.0 98.32373261451721
