lsstCam/transmission_filter_detector/r43_s12/i_39/19700101T000000.ecsv
# %ECSV 1.0
# ---
# datatype:
# - {name: wavelength, unit: nm, datatype: float32}
# - {name: efficiency, unit: '%', datatype: float64}
# meta: !!omap
# - {MODE: DETECTOR}
# - {TYPE: transmission_filter_detector}
# - {CALIBDATE: '1970-01-01T00:00:00'}
# - {INSTRUME: LSSTCam}
# - {OBSTYPE: transmission_filter_detector}
# - {CALIBCLS: lsst.ip.isr.IntermediateFilterDetectorTransmissionCurve}
# - {SOURCE: Materion (DM-46256)}
# - {DETECTOR: 185}
# - {FILTER: i_39}
# - {CALIB_ID: 'calibDate=1970-01-01T00:00:00 filter=i_39 detector=185'}
# - {DATE: '2025-04-02T15:59:47.336344'}
# - {CALIB_CREATION_DATE: '2025-04-02'}
# - {CALIB_CREATION_TIME: '15:59:47'}
# - __serialized_columns__:
#     efficiency:
#       __class__: astropy.units.quantity.Quantity
#       unit: !astropy.units.Unit {unit: '%'}
#       value: !astropy.table.SerializedColumn {name: efficiency}
#     wavelength:
#       __class__: astropy.units.quantity.Quantity
#       unit: !astropy.units.Unit {unit: nm}
#       value: !astropy.table.SerializedColumn {name: wavelength}
# schema: astropy-2.0
wavelength efficiency
[from data line 598]
898.0 0.00014558623888660804
899.0 5.481595053424826e-05
900.0 1.7194834965594818e-10
901.0 1.7194834965594818e-10
902.0 1.7194834965594818e-10
903.0 1.7194834965594818e-10
904.0 1.7194834965594818e-10
905.0 5.889273211323598e-05
906.0 0.0001877015733953158
907.0 8.893634344531165e-05
908.0 1.7194834965594818e-10
909.0 1.7194834965594818e-10
910.0 1.7194834965594818e-10
911.0 1.7194834965594818e-10
912.0 2.487722667865455e-05
913.0 7.41338851639739e-05
914.0 0.00012339054364929325
915.0 0.00013765837820756133
916.0 0.00015192622413451318
917.0 3.0647331783484333e-06
918.0 1.7194834965594818e-10
919.0 1.7194834965594818e-10
920.0 1.7194834965594818e-10
921.0 1.7194834965594818e-10
922.0 5.39855307124526e-05
923.0 1.7194834965594818e-10
924.0 1.7194834965594818e-10
925.0 1.7194834965594818e-10
926.0 3.2966647722787457e-05
927.0 1.7194834965594818e-10
928.0 1.7194834965594818e-10
929.0 1.7194834965594818e-10
930.0 0.00027321780180500355
931.0 7.311631833317733e-06
932.0 1.7194834965594818e-10
933.0 1.7194834965594818e-10
934.0 1.7194834965594818e-10
935.0 1.7194834965594818e-10
936.0 1.7194834965594818e-10
937.0 1.7194834965594818e-10
938.0 6.66106814151135e-06
939.0 5.023705966777925e-05
940.0 9.381307677358564e-05
941.0 0.000200359590962762
942.0 0.0003069061449423316
943.0 8.812000373836781e-05
944.0 1.7194834965594818e-10
945.0 1.7194834965594818e-10
946.0 0.00012148821042501368
947.0 5.523633035409148e-05
948.0 1.7194834965594818e-10
949.0 1.7194834965594818e-10
950.0 1.7194834965594818e-10
951.0 1.7194834965594818e-10
952.0 1.7194834965594818e-10
953.0 1.7194834965594818e-10
954.0 1.7194834965594818e-10
955.0 1.7194834965594818e-10
956.0 0.0001097163590202399
957.0 8.496807595292921e-05
958.0 6.0219866782063036e-05
959.0 6.143012569737039e-05
960.0 6.264039598136151e-05
961.0 9.027179999065993e-05
962.0 0.00011790317557824892
963.0 8.287211699098407e-05
964.0 4.784105271937733e-05
965.0 1.7194834965594818e-10
966.0 1.7194834965594818e-10
967.0 1.7194834965594818e-10
968.0 1.7194834965594818e-10
969.0 4.1040684095605684e-05
970.0 0.00016361808548026602
971.0 5.662847257781323e-06
972.0 1.7194834965594818e-10
973.0 1.7194834965594818e-10
974.0 2.3577153740461654e-05
975.0 8.745993227421422e-05
976.0 0.00015134272643990698
977.0 2.1823082008154415e-06
978.0 1.7194834965594818e-10
979.0 1.7194834965594818e-10
980.0 0.00012212341289341566
981.0 7.019887675596692e-05
982.0 1.8274353408287425e-05
983.0 7.439915066242975e-05
984.0 0.00013052394933765754
985.0 0.00011783715763158398
986.0 0.0001051503318194591
987.0 5.809457093164383e-05
988.0 1.1038807201657619e-05
989.0 1.7194834965594818e-10
990.0 1.7194834965594818e-10
991.0 1.7194834965594818e-10
992.0 3.486136961328157e-05
993.0 5.0774042392731644e-05
994.0 6.668671517218172e-05
995.0 0.00013913530665377039
996.0 0.00021158386971364962
997.0 8.510352813573263e-05
998.0 1.7194834965594818e-10
999.0 1.7194834965594818e-10
1000.0 1.7194834965594818e-10
1001.0 1.7194834965594818e-10
1002.0 0.00015796562138348236
1003.0 0.00012348177733656485
1004.0 8.899792192096356e-05
1005.0 0.0001873071596492082
1006.0 0.000285616488326923
1007.0 0.00030828882700006943
1008.0 0.0003309612338853185
1009.0 0.0002380733349127695
1010.0 0.00014518542457153671
1011.0 0.00017520266055726097
1012.0 0.00020521993064903654
1013.0 0.00017731825892042252
1014.0 0.00014941660992917605
1015.0 0.0001306666945311008
1016.0 0.00011191677913302556
1017.0 0.00026412674287712434
1018.0 0.00041633670662122313
1019.0 0.00024593221041868674
1020.0 7.552772558483412e-05
1021.0 0.0001052285369951278
1022.0 0.00013492932566805393
1023.0 0.00012211326065880712
1024.0 0.00010929715017482522
1025.0 9.572166845828178e-05
1026.0 8.214618674173835e-05
1027.0 0.0003041250693058828
1028.0 0.0005261038495518733
1029.0 0.0008487121704092715
1030.0 0.0011713202184182592
1031.0 0.001195455752167618
1032.0 0.0012195912859169766
1033.0 0.0015338699085987173
1034.0 0.0018481483493815176
1035.0 0.0022001708202878945
1036.0 0.002552193109295331
1037.0 0.002785325523291249
1038.0 0.0030184579372871667
1039.0 0.0031361407309304923
1040.0 0.003253823160775937
1041.0 0.003135604492854327
1042.0 0.0030173856430337764
1043.0 0.003114514402113855
1044.0 0.0032116433430928737
1045.0 0.003349547478137538
1046.0 0.003487451613182202
1047.0 0.0033861477277241647
1048.0 0.0032848434784682468
1049.0 0.00318011298077181
1050.0 0.003075382483075373
1051.0 0.002768096783256624
1052.0 0.0024608112653368153
1053.0 0.0024184482754208148
1054.0 0.002376085649302695
1055.0 0.001990857163036708
1056.0 0.0016056286767707206
1057.0 0.0013473591934598517
1058.0 0.001089089346351102
1059.0 0.0009741704161569942
1060.0 0.0008592512131144758
1061.0 0.0009853947631199844
1062.0 0.001111538313125493
1063.0 0.0011266081855865195
1064.0 0.001141678058047546
1065.0 0.0020175239114905708
1066.0 0.0028933698558830656
1067.0 0.003348056270624511
1068.0 0.0038027432310627773
1069.0 0.0036499470297712833
1070.0 0.003497150828479789
1071.0 0.0034564462112030014
1072.0 0.0034157419577240944
1073.0 0.003069864396820776
1074.0 0.0027239864721195772
1075.0 0.0024675957320141606
1076.0 0.0022112046281108633
1077.0 0.0027340427550370805
1078.0 0.003256880518165417
1079.0 0.0028738242690451443
1080.0 0.002490767656126991
1081.0 0.0022161075321491808
1082.0 0.00194144704437349
1083.0 0.0015663432350265794
1084.0 0.0011912391528312583
1085.0 0.00066175725805806
1086.0 0.00013227539739091299
1087.0 0.00045566089283965994
1088.0 0.000779046331444988
1089.0 0.00031585184387949994
1090.0 1.7194834965594818e-10
1091.0 0.0008845443517202511
1092.0 0.0019164312107022852
1093.0 0.000872864529810613
1094.0 1.7194834965594818e-10
1095.0 1.7194834965594818e-10
1096.0 1.7194834965594818e-10
1097.0 1.2553758921285407e-06
1098.0 0.00012820102028854308
1099.0 0.0004363962489151163
1100.0 0.0007445915798598435
