lsstCam/transmission_filter_detector/r43_s12/i_39/19700101T000000.ecsv
# %ECSV 1.0
# ---
# datatype:
# - {name: wavelength, unit: nm, datatype: float32}
# - {name: efficiency, unit: '%', datatype: float64}
# meta: !!omap
# - {MODE: DETECTOR}
# - {TYPE: transmission_filter_detector}
# - {CALIBDATE: '1970-01-01T00:00:00'}
# - {INSTRUME: LSSTCam}
# - {OBSTYPE: transmission_filter_detector}
# - {CALIBCLS: lsst.ip.isr.IntermediateFilterDetectorTransmissionCurve}
# - {SOURCE: Materion (DM-46256)}
# - {DETECTOR: 185}
# - {FILTER: i_39}
# - {CALIB_ID: 'calibDate=1970-01-01T00:00:00 filter=i_39 detector=185'}
# - {DATE: '2025-04-02T15:59:47.336344'}
# - {CALIB_CREATION_DATE: '2025-04-02'}
# - {CALIB_CREATION_TIME: '15:59:47'}
# - __serialized_columns__:
#     efficiency:
#       __class__: astropy.units.quantity.Quantity
#       unit: !astropy.units.Unit {unit: '%'}
#       value: !astropy.table.SerializedColumn {name: efficiency}
#     wavelength:
#       __class__: astropy.units.quantity.Quantity
#       unit: !astropy.units.Unit {unit: nm}
#       value: !astropy.table.SerializedColumn {name: wavelength}
# schema: astropy-2.0
wavelength efficiency
300.0 0.07748210337013006
301.0 0.03312637854833156
302.0 1.7194834965594818e-10
303.0 0.0019076160242548212
304.0 0.015044567408040166
305.0 0.008822222298476845
306.0 0.0025998757337220013
307.0 0.00939807141548954
308.0 0.016196267097257078
309.0 0.005097004395793192
310.0 1.7194834965594818e-10
311.0 1.7194834965594818e-10
312.0 0.0008659244485897943
313.0 0.004054222154081799
314.0 0.007242521678563207
315.0 0.011337196337990463
316.0 0.015431869542226195
317.0 0.012021683505736291
318.0 0.00861149892443791
319.0 0.0060534151998581365
320.0 0.003495332202874124
321.0 0.0015995487046893686
322.0 1.7194834965594818e-10
323.0 0.0006471198503277265
324.0 0.0015904752217466012
325.0 0.0017117186871473677
326.0 0.0018329623344470747
327.0 0.0018659889974514954
328.0 0.0018990160242537968
329.0 1.7194834965594818e-10
330.0 1.7194834965594818e-10
331.0 1.7194834965594818e-10
332.0 0.0019415520000620745
333.0 0.0013249959010863677
334.0 0.0007084391199896345
335.0 0.0008479136340611149
336.0 0.0009873869203147478
337.0 0.0012234893802087754
338.0 0.0014595910215575714
339.0 1.7194834965594818e-10
340.0 1.7194834965594818e-10
341.0 1.7194834965594818e-10
342.0 0.000854893460200401
343.0 0.0010878747161768842
344.0 0.001320856245001778
345.0 0.0010999803635058925
346.0 0.0008791043001110666
347.0 0.0006920403393451124
348.0 0.0005049760602560127
349.0 0.00034508177577663446
350.0 0.0001851876959335641
351.0 6.0516168787216884e-05
352.0 1.7194834965594818e-10
353.0 0.0006533113719342509
354.0 0.0013707780453842133
355.0 0.0013424896678770892
356.0 0.0013142014722689055
357.0 2.9071992457829765e-05
358.0 1.7194834965594818e-10
359.0 1.7194834965594818e-10
360.0 1.7194834965594818e-10
361.0 1.7194834965594818e-10
362.0 0.00019524136405379977
363.0 0.0004315930254961131
364.0 0.0006679445959889563
365.0 0.0007424056093441322
366.0 0.0008168664862751029
367.0 0.0005750745003751945
368.0 0.00033328262816212373
369.0 0.0001945631993294228
370.0 5.584389555224334e-05
371.0 0.000303996171169274
372.0 0.000552148230781313
373.0 0.0008357959814020433
374.0 0.0011194436410733033
375.0 0.0010153375114896335
376.0 0.000911231563804904
377.0 0.0006576030045835068
378.0 0.0004039743544126395
379.0 1.7194834965594818e-10
380.0 1.7194834965594818e-10
381.0 1.7194834965594818e-10
382.0 1.7194834965594818e-10
383.0 1.7194834965594818e-10
384.0 1.7194834965594818e-10
385.0 1.7194834965594818e-10
386.0 0.000303065326079377
387.0 1.7194834965594818e-10
388.0 1.7194834965594818e-10
389.0 1.7194834965594818e-10
390.0 3.6655316648648295e-05
391.0 0.00016853740589795052
392.0 0.00030041931040614145
393.0 0.0008610604709247127
394.0 0.001421701381332241
395.0 0.0011064944374084007
396.0 0.0007912872206361499
397.0 0.0010075770660478156
398.0 0.0012238669114594813
399.0 0.0017619249774725176
400.0 0.002299983134435024
401.0 0.00568341274629347
402.0 0.009066841448657215
403.0 0.006105496868258342
404.0 0.0031441515602637082
405.0 0.0010885772098845337
406.0 1.7194834965594818e-10
407.0 0.00019114256701868726
408.0 0.0013492822290572803
409.0 0.002268538810312748
410.0 0.0031877953006187454
411.0 0.0035842665965901688
412.0 0.003980737892561592
413.0 0.005490993498824537
414.0 0.007001249468885362
415.0 0.006832311919424683
416.0 0.006663373642368242
417.0 0.006360337283695117
418.0 0.006057301288819872
419.0 0.005089271144242957
420.0 0.004121242091059685
421.0 0.005307464380166493
422.0 0.006493688124464825
423.0 0.0054563639423577115
424.0 0.004419038668856956
425.0 0.005013028567191213
426.0 0.005607017737929709
427.0 0.004824017378268763
428.0 0.004041017018607818
429.0 0.003144702350255102
430.0 0.0022483878638013266
431.0 0.0038050235161790624
432.0 0.005361659350455739
433.0 0.0050493857997935265
434.0 0.004737112612929195
435.0 0.0038476238842122257
436.0 0.002958135155495256
437.0 0.002372008020756766
438.0 0.0017858807041193359
439.0 0.0017725593352224678
440.0 0.0017592379663255997
441.0 0.0011350941349519417
442.0 0.0005109504400024889
443.0 0.0011172026461281348
444.0 0.0017234546248801053
445.0 0.0015536719729425386
446.0 0.0013838892300555017
447.0 0.001175724173663184
448.0 0.0009675589353719261
449.0 0.0007033636393316556
450.0 0.00043916811591770966
451.0 7.004405802035762e-05
452.0 1.7194834965594818e-10
453.0 1.7194834965594818e-10
454.0 1.7194834965594818e-10
455.0 0.00023788620637787972
456.0 0.0005979245997878024
457.0 0.0003536699068718008
458.0 0.00010941498658212367
459.0 0.00023095558390195947
460.0 0.00035249622669653036
461.0 0.0002843853280865005
462.0 0.00021627447495120578
463.0 1.2821023176456947e-05
464.0 1.7194834965594818e-10
465.0 1.7194834965594818e-10
466.0 8.21413891571865e-05
467.0 0.00046238255890784785
468.0 0.0008426236490777228
469.0 0.000606896082899766
470.0 0.00037116853945917683
471.0 0.0004560035449685529
472.0 0.0005408384367910912
473.0 0.00023460477223125054
474.0 1.7194834965594818e-10
475.0 0.00010275049362462596
476.0 0.00027712976589100435
477.0 0.0004889153842668748
478.0 0.0007007011390669504
479.0 0.00031196682357403915
480.0 1.7194834965594818e-10
481.0 0.0005319721367413877
482.0 0.0011407116289774422
483.0 0.0019042336134589277
484.0 0.0026677556888898835
485.0 0.003064657357754186
486.0 0.0034615586628206074
487.0 0.005257198790786788
488.0 0.007052838918752968
489.0 0.01260943099623546
490.0 0.018166025984100997
491.0 0.02400344528723508
492.0 0.02984086750075221
493.0 0.033312084269709885
494.0 0.036783303949050605
495.0 0.034125131787732244
496.0 0.03146696253679693
497.0 0.0251269229920581
498.0 0.018786884902510792
499.0 0.01436237944290042
500.0 0.00993787543848157
501.0 0.006627400580327958
502.0 0.0033169268135679886
503.0 0.002229385790997185
504.0 0.0011418448593758512
505.0 0.0017833513993537053
506.0 0.0024248578483820893
507.0 0.0027554011467145756
508.0 0.0030859442631481215
509.0 0.003039174589503091
510.0 0.00299240491585806
511.0 0.0026559344405541196
512.0 0.002319463965250179
513.0 0.0019991532099083997
514.0 0.00167884227266768
515.0 0.0014895213098498061
516.0 0.0013002006198803429
517.0 0.0016877671441761777
518.0 0.0020753335775225423
519.0 0.0019090170098934323
520.0 0.0017427006241632625
521.0 0.0018185557564720511
522.0 0.0018944112525787205
523.0 0.001902718395285774
524.0 0.0019110255379928276
525.0 0.00229185516218422
526.0 0.0026726851501734927
527.0 0.0037669422454200685
528.0 0.004861199340666644
529.0 0.004864184302277863
530.0 0.004867169263889082
531.0 0.004582449764711782
532.0 0.004297730265534483
533.0 0.0033948006603168324
534.0 0.002491871055099182
535.0 0.001999968480959069
536.0 0.0015080659068189561
537.0 0.0018715301848715171
538.0 0.0022349946448230185
539.0 0.0028063821446266957
540.0 0.0033777698263293132
541.0 0.004182417251286097
542.0 0.0049870646762428805
543.0 0.00524513961863704
544.0 0.0055032145610312
545.0 0.00510106110596098
546.0 0.00469890765089076
547.0 0.003669812940643169
548.0 0.002640718412294518
549.0 0.0022382582756108604
550.0 0.001835798320826143
551.0 0.0021180365365580656
552.0 0.002400274752289988
553.0 0.0024610008040326647
554.0 0.0025217268557753414
555.0 0.0021658564946847036
556.0 0.001809986133594066
557.0 0.0014378084415511694
558.0 0.0010656307495082729
559.0 0.000786640612204792
560.0 0.0005076506113255164
561.0 0.0005907317699893611
562.0 0.0006738129741279408
563.0 0.0009501046406512614
564.0 0.001226396307174582
565.0 0.001438969138689572
566.0 0.001651541970204562
567.0 0.0017546301023685373
568.0 0.0018577180526335724
569.0 0.0014983576875238214
570.0 0.0011389974133635405
571.0 0.0007271469712577527
572.0 0.0003152966201014351
573.0 0.00036240883218852105
574.0 0.0004095209988008719
575.0 0.00039800156628189143
576.0 0.0003864820882881759
577.0 0.0005005988896300551
578.0 0.0006147157364466693
579.0 0.00041741363929759245
580.0 0.00022011158762325067
581.0 0.0003566846089597675
582.0 0.0004932576757710194
583.0 0.0004403478669701144
584.0 0.0003874381036439445
585.0 0.00041977150431193877
586.0 0.0004521048140304629
587.0 0.0005712347956432495
588.0 0.0006903647772560362
589.0 0.0008456891009700485
590.0 0.001001013606583001
591.0 0.0008521995368937496
592.0 0.0007033852853055578
593.0 0.0006301034318312304
594.0 0.0005568216238316381
595.0 0.00045525071072916035
596.0 0.000353679774889315
597.0 0.0003349811322550522
598.0 0.0003162825350955245
599.0 0.00027418893751018913
600.0 0.0002320953626622213
601.0 0.0003090953896389692
602.0 0.0003860954166157171
603.0 0.00031295894586946815
604.0 0.0002398224296484841
605.0 0.0004228699253872037
606.0 0.0006059173756511882
607.0 0.00043801383071695454
608.0 0.00027011010388378054
609.0 0.0003678898565340205
610.0 0.0004656696091842605
611.0 0.0003823884526354959
612.0 0.0002991073188240989
613.0 0.0003099427431152435
614.0 0.0003207782128811232
615.0 0.0002497499281162163
616.0 0.00017872168882604456
617.0 0.0002763856855381164
618.0 0.00037404975046229083
619.0 0.0004678011009673355
620.0 0.0005615526333713206
621.0 0.000430882982982439
622.0 0.00030021340080566006
623.0 0.0002410434944977169
624.0 0.00018187366777056013
625.0 0.00021989042124914704
626.0 0.0002579071860964177
627.0 0.00030560072445950937
628.0 0.00035329428555996856
629.0 0.00034467498153389897
630.0 0.0003360556775078294
631.0 0.00033933772556338226
632.0 0.00034261977361893514
633.0 0.0003098241904808674
634.0 0.00027702865281753475
635.0 0.00024039968593569938
636.0 0.00020377074179123156
637.0 0.0002552080786699662
638.0 0.00030664548376080347
639.0 0.0004902839464193676
640.0 0.000673922340865829
641.0 0.000610011966273305
642.0 0.0005461015462060459
643.0 0.00040181171243602876
644.0 0.00025752183319127653
645.0 0.0003476414576653042
646.0 0.00043776112761406694
647.0 0.0005401184353104327
648.0 0.0006424756975320634
649.0 0.0005627477548841853
650.0 0.000483019721286837
651.0 0.0006451612080127234
652.0 0.0008073026037891395
653.0 0.0008296877240354661
654.0 0.000852073026180733
655.0 0.0008768887710175477
656.0 0.0009017045158543624
657.0 0.0013559282706410158
658.0 0.0018101520254276693
659.0 0.0032798041502246633
660.0 0.0616008008364588
661.0 0.07791862590238452
662.0 0.10445239022374153
663.0 0.10261812712997198
664.0 0.10493993759155273
665.0 0.1291057327762246
666.0 0.15774911735206842
667.0 0.16624961281195283
668.0 0.16747353365644813
669.0 0.21489488426595926
670.0 0.3277343697845936
671.0 0.4469802137464285
672.0 0.6841950584203005
673.0 1.0668538510799408
674.0 1.6649061813950539
675.0 2.4385565891861916
676.0 3.407042846083641
677.0 4.772606864571571
678.0 6.154286488890648
679.0 7.552473247051239
680.0 9.402898699045181
681.0 11.436736583709717
682.0 13.998810946941376
683.0 16.85355305671692
684.0 19.999340176582336
685.0 22.906045615673065
686.0 25.9414941072464
687.0 29.145222902297974
688.0 32.29716718196869
689.0 35.37530303001404
690.0 38.923752307891846
691.0 42.782995104789734
692.0 47.43724465370178
693.0 52.42993235588074
694.0 58.147019147872925
695.0 63.749295473098755
696.0 70.03568410873413
697.0 75.67738890647888
698.0 81.75870776176453
699.0 86.47223114967346
700.0 90.23178219795227
701.0 93.17759275436401
702.0 95.37038207054138
703.0 96.58699631690979
704.0 97.12767601013184
705.0 97.66258597373962
706.0 97.73684740066528
707.0 97.93991446495056
708.0 97.98566102981567
709.0 97.9809582233429
710.0 97.83674478530884
711.0 97.9441225528717
712.0 97.84307479858398
713.0 97.93826937675476
714.0 97.99150228500366
715.0 97.99550771713257
716.0 97.91465997695923
717.0 98.1621503829956
718.0 98.22651147842407
719.0 98.19085597991943
720.0 98.44504594802856
721.0 98.37111234664917
722.0 98.09364676475525
723.0 97.85221815109253
724.0 97.53264784812927
725.0 97.18703627586365
726.0 96.93102240562439
727.0 96.57673835754395
728.0 96.28000259399414
729.0 96.101313829422
730.0 96.13761305809021
731.0 96.23059630393982
732.0 96.24413847923279
733.0 96.5708076953888
734.0 96.94651961326599
735.0 97.17702865600586
736.0 97.67420291900635
737.0 98.00841808319092
738.0 98.37128520011902
739.0 98.57707023620605
740.0 98.67697954177856
741.0 98.48132133483887
742.0 98.83430600166321
743.0 98.67402911186218
744.0 98.50042462348938
745.0 98.51019978523254
746.0 98.4406590461731
747.0 98.71349334716797
748.0 98.5370397567749
749.0 98.46047163009644
750.0 98.55411052703857
751.0 98.38765263557434
752.0 98.34781885147095
753.0 98.51164817810059
754.0 98.46209287643433
755.0 98.49957227706909
756.0 98.56796264648438
757.0 98.60076904296875
758.0 98.70851039886475
759.0 98.66584539413452
760.0 98.55816960334778
761.0 98.45251441001892
762.0 98.53482246398926
763.0 98.49483966827393
764.0 98.32465648651123
765.0 98.26191067695618
766.0 98.33928346633911
767.0 98.18072319030762
768.0 98.25320839881897
769.0 98.28140139579773
770.0 98.05806875228882
771.0 98.11463952064514
772.0 98.21971654891968
773.0 98.08026552200317
774.0 97.94893264770508
775.0 98.12964200973511
776.0 97.99864888191223
777.0 98.04970622062683
778.0 97.9533851146698
779.0 97.9680597782135
780.0 97.85428643226624
781.0 98.06482791900635
782.0 97.8878915309906
783.0 97.9628324508667
784.0 97.97961711883545
785.0 98.04880023002625
786.0 98.19861054420471
787.0 97.93341159820557
788.0 98.03740382194519
789.0 98.16727042198181
790.0 98.08310270309448
791.0 98.07744026184082
792.0 97.9690670967102
793.0 97.96647429466248
794.0 97.97620177268982
795.0 97.93044328689575
796.0 97.93884754180908
797.0 98.03733229637146
798.0 97.9977548122406
799.0 97.91767597198486
800.0 97.69703149795532
801.0 97.79003262519836
802.0 97.6915180683136
803.0 97.48075008392334
804.0 97.3268985748291
805.0 97.03368544578552
806.0 96.82657122612
807.0 96.27624750137329
808.0 95.6300437450409
809.0 94.7672188282013
810.0 93.73151063919067
811.0 92.36648082733154
812.0 90.47415256500244
813.0 88.25774192810059
814.0 85.60072183609009
815.0 82.38568902015686
816.0 79.0152907371521
817.0 74.83731508255005
818.0 70.11712193489075
819.0 65.8747136592865
820.0 60.75497269630432
821.0 56.15072846412659
822.0 51.48506164550781
823.0 46.78780436515808
824.0 42.184287309646606
825.0 37.84058094024658
826.0 33.303335309028625
827.0 28.58218252658844
828.0 24.36869740486145
829.0 20.07274180650711
830.0 15.700574219226837
831.0 12.199333310127258
832.0 8.742015063762665
833.0 5.961759015917778
834.0 3.871903568506241
835.0 2.4011287838220596
836.0 1.4650246128439903
837.0 0.8282719179987907
838.0 0.4416335839778185
839.0 0.27708709239959717
840.0 0.15196584863588214
841.0 0.07580459932796657
842.0 0.06046908674761653
843.0 0.026389374397695065
844.0 0.014890862803440541
845.0 0.0384922546800226
846.0 1.7194834965594818e-10
847.0 1.7194834965594818e-10
848.0 1.7194834965594818e-10
849.0 1.7194834965594818e-10
850.0 1.7194834965594818e-10
851.0 0.0021409496184787713
852.0 0.002638175828906242
853.0 0.001851538945629727
854.0 0.001064902335201623
855.0 0.0007920791176729836
856.0 0.0005192559001443442
857.0 0.0004878437266597757
858.0 0.0004564315986499423
859.0 0.00035030836897931295
860.0 0.0002441852529955213
861.0 0.00022983479084359715
862.0 0.00021548419226746773
863.0 0.00024820799353619805
864.0 0.0002809318175422959
865.0 0.00020972879610781092
866.0 0.00013852576330464217
867.0 1.7189421441798913e-05
868.0 1.7194834965594818e-10
869.0 1.7194834965594818e-10
870.0 1.7194834965594818e-10
871.0 1.7194834965594818e-10
872.0 6.791935334149457e-05
873.0 7.809560429450357e-05
874.0 8.827181545711937e-05
875.0 5.1287781843711855e-05
876.0 1.4303738282706036e-05
877.0 8.124646342366759e-05
878.0 0.00014818921272308216
879.0 0.00012448166444301023
880.0 0.00010077417300635716
881.0 0.00016365220290026627
882.0 0.00022653025553154293
883.0 0.00021845778519491432
884.0 0.00021038526938355062
885.0 8.215028515223821e-05
886.0 1.7194834965594818e-10
887.0 1.7194834965594818e-10
888.0 1.7194834965594818e-10
889.0 5.993484819555306e-05
890.0 0.00016152624766618828
891.0 5.546932015931816e-05
892.0 1.7194834965594818e-10
893.0 5.1749844942605705e-05
894.0 0.0001540872517580283
895.0 9.5502605290676e-05
896.0 3.691794177029806e-05
