lsstCam/transmission_filter_detector/r43_s10/z_20/19700101T000000.ecsv
# %ECSV 1.0
# ---
# datatype:
# - {name: wavelength, unit: nm, datatype: float32}
# - {name: efficiency, unit: '%', datatype: float64}
# meta: !!omap
# - {MODE: DETECTOR}
# - {TYPE: transmission_filter_detector}
# - {CALIBDATE: '1970-01-01T00:00:00'}
# - {INSTRUME: LSSTCam}
# - {OBSTYPE: transmission_filter_detector}
# - {CALIBCLS: lsst.ip.isr.IntermediateFilterDetectorTransmissionCurve}
# - {SOURCE: Materion (DM-46256)}
# - {DETECTOR: 183}
# - {FILTER: z_20}
# - {CALIB_ID: 'calibDate=1970-01-01T00:00:00 filter=z_20 detector=183'}
# - {DATE: '2025-04-02T15:59:49.489706'}
# - {CALIB_CREATION_DATE: '2025-04-02'}
# - {CALIB_CREATION_TIME: '15:59:49'}
# - __serialized_columns__:
#     efficiency:
#       __class__: astropy.units.quantity.Quantity
#       unit: !astropy.units.Unit {unit: '%'}
#       value: !astropy.table.SerializedColumn {name: efficiency}
#     wavelength:
#       __class__: astropy.units.quantity.Quantity
#       unit: !astropy.units.Unit {unit: nm}
#       value: !astropy.table.SerializedColumn {name: wavelength}
# schema: astropy-2.0
wavelength efficiency
300.0 0.3580165095627308
301.0 0.3236351301893592
302.0 0.28925370424985886
303.0 0.24100327864289284
304.0 0.19275284139439464
305.0 0.18547542858868837
306.0 0.1781980274245143
307.0 0.1605505240149796
308.0 0.1429030322469771
309.0 0.1289423555135727
310.0 0.1149816787801683
311.0 0.10745532345026731
312.0 0.09992897976189852
313.0 0.09191347053274512
314.0 0.08389796712435782
315.0 0.07523322710767388
316.0 0.06656848127022386
317.0 0.06719229859299958
318.0 0.06781611009500921
319.0 0.06208777194842696
320.0 0.05635943962261081
321.0 0.05449773743748665
322.0 0.05263604107312858
323.0 0.04766972560901195
324.0 0.042703415965661407
325.0 0.04184625868219882
326.0 0.04098910139873624
327.0 0.040424810140393674
328.0 0.039860521792434156
329.0 0.03934944688808173
330.0 0.03883837489411235
331.0 0.035619697882793844
332.0 0.03240101796109229
333.0 0.02994941605720669
334.0 0.02749781997408718
335.0 0.025773272500373423
336.0 0.02404872648185119
337.0 0.02170410443795845
338.0 0.019359480938874185
339.0 0.018203057697974145
340.0 0.017046634457074106
341.0 0.016534022870473564
342.0 0.01602141128387302
343.0 0.016934725863393396
344.0 0.017848038987722248
345.0 0.01600135728949681
346.0 0.01415467559127137
347.0 0.013523694360628724
348.0 0.012892716040369123
349.0 0.012949372467119247
350.0 0.013006030349060893
351.0 0.012029553181491792
352.0 0.011053073831135407
353.0 0.011009733862010762
354.0 0.010966391710098833
355.0 0.01063100280589424
356.0 0.010295616084476933
357.0 0.010724156891228631
358.0 0.011152699880767614
359.0 0.009646976832300425
360.0 0.008141254511428997
361.0 0.008753963629715145
362.0 0.009366673475597054
363.0 0.008982439612736925
364.0 0.008598203567089513
365.0 0.008740657358430326
366.0 0.0088831118773669
367.0 0.008474250353174284
368.0 0.008065388828981668
369.0 0.00817604741314426
370.0 0.008286705269711092
371.0 0.008935870573623106
372.0 0.009585036605130881
373.0 0.008251660619862378
374.0 0.0069182817242108285
375.0 0.006430772191379219
376.0 0.005943262294749729
377.0 0.005967273682472296
378.0 0.005991285070194863
379.0 0.005830041118315421
380.0 0.005668796438840218
381.0 0.004496234032558277
382.0 0.003323671262478456
383.0 0.004167336373939179
384.0 0.005011001849197783
385.0 0.0052653718739748
386.0 0.005519741534953937
387.0 0.004731331500806846
388.0 0.003942921830457635
389.0 0.0040150534914573655
390.0 0.004087185152457096
391.0 0.0042303108784835786
392.0 0.004373437332105823
393.0 0.00397597104893066
394.0 0.003578504765755497
395.0 0.003608595216064714
396.0 0.0036386860301718116
397.0 0.003598623152356595
398.0 0.0035585606383392587
399.0 0.00428633029514458
400.0 0.005014100315747783
401.0 0.00411277542298194
402.0 0.003211450166418217
403.0 0.004015103695564903
404.0 0.00481875758850947
405.0 0.004891019489150494
406.0 0.004963281025993638
407.0 0.0042980234866263345
408.0 0.0036327659472590312
409.0 0.0033374781196471304
410.0 0.00304219047393417
411.0 0.0033679425541777164
412.0 0.0036936948163202032
413.0 0.004006913513876498
414.0 0.004320132211432792
415.0 0.004163027188042179
416.0 0.004005922528449446
417.0 0.003316242145956494
418.0 0.0026265621272614226
419.0 0.0029959688617964275
420.0 0.0033653755963314325
421.0 0.003273906622780487
422.0 0.003182438376825303
423.0 0.003058058427996002
424.0 0.0029336781153688207
425.0 0.0032036226912168786
426.0 0.0034735669032670557
427.0 0.002414542541373521
428.0 0.0013555186342273373
429.0 0.0012669750503846444
430.0 0.001178431739390362
431.0 0.0015658113625249825
432.0 0.0019531911675585434
433.0 0.002063676220132038
434.0 0.0021741610908065923
435.0 0.0026022094971267506
436.0 0.003030257903446909
437.0 0.002481258889019955
438.0 0.0019322598745930009
439.0 0.0020345765733509324
440.0 0.0021368930902099237
441.0 0.0018758839360089041
442.0 0.001614874963706825
443.0 0.0015425088349729776
444.0 0.0014701426152896602
445.0 0.0018375907529843971
446.0 0.002205038799729664
447.0 0.0024894712623790838
448.0 0.002773903906927444
449.0 0.00222991693590302
450.0 0.001685929782979656
451.0 0.0017320931874564849
452.0 0.0017782564100343734
453.0 0.0023484253688366152
454.0 0.0029185939638409764
455.0 0.002428613879601471
456.0 0.001938633795361966
457.0 0.001748256545397453
458.0 0.0015578791135339998
459.0 0.0016447478628833778
460.0 0.0017316169760306366
461.0 0.0014952603123674635
462.0 0.0012589038306032307
463.0 0.0011953628018090967
464.0 0.0011318217730149627
465.0 0.001391047680954216
466.0 0.001650273406994529
467.0 0.0014438162907026708
468.0 0.0012373588106129318
469.0 0.0010194072274316568
470.0 0.0008014555533009116
471.0 0.000991834167507477
472.0 0.0011822128726635128
473.0 0.0013732214029005263
474.0 0.0015642301150364801
475.0 0.0016544610843993723
476.0 0.001744692235661205
477.0 0.0015104064914339688
478.0 0.0012761207472067326
479.0 0.0012273651009309106
480.0 0.001178609727503499
481.0 0.0009141313967120368
482.0 0.0006496530204458395
483.0 0.0007433645350829465
484.0 0.0008370759132958483
485.0 0.0011626008927123621
486.0 0.001488125872128876
487.0 0.0012645857168536168
488.0 0.0010410455615783576
489.0 0.001207684454129776
490.0 0.0013743233466811944
491.0 0.0010272179679304827
492.0 0.0006801127256039763
493.0 0.0010781778655655216
494.0 0.001476243051001802
495.0 0.0011734969120880123
496.0 0.0008707510460226331
497.0 0.0009079984920390416
498.0 0.0009452460290049203
499.0 0.0013277892321639229
500.0 0.0017103324353229254
501.0 0.0016222797057707794
502.0 0.0015342269762186334
503.0 0.0012296926797716878
504.0 0.0009251583833247423
505.0 0.0014468516383203678
506.0 0.001968544711417053
507.0 0.0020249288354534656
508.0 0.0020813129594898783
509.0 0.0017728438251651824
510.0 0.0014643747817899566
511.0 0.001447731574444333
512.0 0.0014310880033008289
513.0 0.0013650156688527204
514.0 0.0012989430615562014
515.0 0.001255254028365016
516.0 0.001211565177072771
517.0 0.0011432270184741355
518.0 0.0010748888598755002
519.0 0.0014559071132680401
520.0 0.0018369251847616397
521.0 0.0018650798665476032
522.0 0.0018932343664346263
523.0 0.0015094336959009524
524.0 0.001125632752518868
525.0 0.0007385505341517273
526.0 0.0003514682248351164
527.0 0.0008042825356824324
528.0 0.0012570969374792185
529.0 0.0012956938007846475
530.0 0.0013342907550395466
531.0 0.0013285256500239484
532.0 0.0013227606359578203
533.0 0.0011675085261231288
534.0 0.0010122564162884373
535.0 0.0014061584806768224
536.0 0.0018000609998125583
537.0 0.0016908636098378338
538.0 0.0015816662198631093
539.0 0.0013365559425437823
540.0 0.0010914457561739255
541.0 0.0010037484571512323
542.0 0.0009160510671790689
543.0 0.000756377266952768
544.0 0.0005967035122012021
545.0 0.0010193080925091635
546.0 0.00144191262734239
547.0 0.0018066928532789461
548.0 0.002171472988266032
549.0 0.0018449944036547095
550.0 0.0015185157280939166
551.0 0.0015281906598829664
552.0 0.0015378655007225461
553.0 0.001665604031586554
554.0 0.0017933423805516213
555.0 0.0015870409697527066
556.0 0.0013807393770548515
557.0 0.001232839440490352
558.0 0.0010849395039258525
559.0 0.0012919432265334763
560.0 0.0014989471310400404
561.0 0.0012460783182177693
562.0 0.0009932095053954981
563.0 0.0012251052794454154
564.0 0.001457001235394273
565.0 0.0015760751921334304
566.0 0.0016951491488725878
567.0 0.002112435504386667
568.0 0.002529722041799687
569.0 0.0026397099645691924
570.0 0.0027496977054397576
571.0 0.0026763247660710476
572.0 0.0026029516448033974
573.0 0.0025179051590384915
574.0 0.0024328586732735857
575.0 0.0021332431060727686
576.0 0.001833627356973011
577.0 0.002000783206312917
578.0 0.002167938873753883
579.0 0.0019971534129581414
580.0 0.0018263681340613402
581.0 0.0016176494682440534
582.0 0.0014089308024267666
583.0 0.0014517052477458492
584.0 0.0014944796930649318
585.0 0.0016034346117521636
586.0 0.0017123889847425744
587.0 0.0018814602299244143
588.0 0.0020505314751062542
589.0 0.0022053116481401958
590.0 0.002360091639275197
591.0 0.0021566240320680663
592.0 0.0019531564248609357
593.0 0.001803250597731676
594.0 0.0016533449525013566
595.0 0.0012289132428122684
596.0 0.0008044816240726504
597.0 0.000914676274987869
598.0 0.001024871198751498
599.0 0.0010352837307436857
600.0 0.0010456963536853436
601.0 0.0009545644388708752
602.0 0.0008634326150058769
603.0 0.001091965168598108
604.0 0.001320497631240869
605.0 0.0010097039194079116
606.0 0.0006989102530496893
607.0 0.0008795010216999799
608.0 0.001060091562976595
609.0 0.00098131931736134
610.0 0.000902547162695555
611.0 0.0009533595402899664
612.0 0.0010041719178843778
613.0 0.0008025996066862717
614.0 0.000601027431912371
615.0 0.0009440042958885897
616.0 0.0012869813872384839
617.0 0.001401086410623975
618.0 0.0015151916159084067
619.0 0.0016000332834664732
620.0 0.0016848747691255994
621.0 0.0014998257938714232
622.0 0.0013147767276677769
623.0 0.0013546714399126358
624.0 0.001394566243106965
625.0 0.001607406920811627
626.0 0.0018202474166173488
627.0 0.00198681082110852
628.0 0.0021533744074986316
629.0 0.002172387030441314
630.0 0.0021913998352829367
631.0 0.00221095669985516
632.0 0.0022305135644273832
633.0 0.0027596777727012523
634.0 0.003288842344773002
635.0 0.006079386730561964
636.0 0.008869931480148807
637.0 0.015954648551996797
638.0 0.023039369261823595
639.0 0.020006520207971334
640.0 0.01697366969892755
641.0 0.014862154785078019
642.0 0.01275063696084544
643.0 0.009245242108590901
644.0 0.005739847256336361
645.0 0.005855934796272777
646.0 0.005972023063804954
647.0 0.005790247087134048
648.0 0.005608471110463142
649.0 0.0044313506805337965
650.0 0.0032542302506044507
651.0 0.003240269870730117
652.0 0.003226308763260022
653.0 0.002860385393432807
654.0 0.0024944620236055925
655.0 0.0020823663362534717
656.0 0.0016702708308002912
657.0 0.0018839115000446327
658.0 0.0020975523511879146
659.0 0.002189963015553076
660.0 0.0022823734980192967
661.0 0.0022088126570452005
662.0 0.0021352518160711043
663.0 0.002024205241468735
664.0 0.0019131586668663658
665.0 0.0018046615878120065
666.0 0.0016961645087576471
667.0 0.0016847105143824592
668.0 0.001673256883805152
669.0 0.001485408574808389
670.0 0.0012975601748621557
671.0 0.0012826376405428164
672.0 0.001267715106223477
673.0 0.001320223691436695
674.0 0.0013727325494983234
675.0 0.0012892533959529828
676.0 0.0012057744243065827
677.0 0.001322296702710446
678.0 0.0014388189811143093
679.0 0.0016134481484186836
680.0 0.0017880776795209385
681.0 0.0019642573533928953
682.0 0.002140437027264852
683.0 0.00246578965743538
684.0 0.0027911421057069674
685.0 0.00287730017589638
686.0 0.002963457882287912
687.0 0.0026673274987842888
688.0 0.002371196933381725
689.0 0.00212858085433254
690.0 0.0018859647752833553
691.0 0.0022559399440069683
692.0 0.0026259151127305813
693.0 0.0029970087780384347
694.0 0.0033681026252452284
695.0 0.0035083696275250986
696.0 0.003648636629804969
697.0 0.003607481630751863
698.0 0.003566326995496638
699.0 0.005095678716315888
700.0 0.006625030800933018
701.0 0.006581958587048575
702.0 0.006538885645568371
703.0 0.005968381810816936
704.0 0.005397877612267621
705.0 0.004527458804659545
706.0 0.00365703999705147
707.0 0.0033179654565174133
708.0 0.0029788909159833565
709.0 0.0036087254557060078
710.0 0.004238559995428659
711.0 0.0037245768908178434
712.0 0.0032105937862070277
713.0 0.0024279308490804397
714.0 0.0016452679119538516
715.0 0.001979771514015738
716.0 0.0023142751160776243
717.0 0.0023179251002147794
718.0 0.002321574720554054
719.0 0.002240933827124536
720.0 0.002160293297492899
721.0 0.0020047194993821904
722.0 0.0018491460650693625
723.0 0.002054749711533077
724.0 0.002260353539895732
725.0 0.002107978070853278
726.0 0.001955602601810824
727.0 0.0018896713299909607
728.0 0.001823740421968978
729.0 0.001779702324711252
730.0 0.0017356644093524665
731.0 0.0018254944734508172
732.0 0.0019153247194481082
733.0 0.0018852306311600842
734.0 0.00185513654287206
735.0 0.0013429053069557995
736.0 0.0008306740710395388
737.0 0.0010871843187487684
738.0 0.0013436942026601173
739.0 0.0013740093891101424
740.0 0.001404324302711757
741.0 0.0012543566299427766
742.0 0.0011043889571737964
743.0 0.0013345927072805353
744.0 0.0015647965483367443
745.0 0.0019394308765185997
746.0 0.002314065204700455
747.0 0.0024514267352060415
748.0 0.002588788265711628
749.0 0.0032622603612253442
750.0 0.003935732456739061
751.0 0.0037840585719095543
752.0 0.0036323850508779287
753.0 0.003342434865771793
754.0 0.0030524850444635376
755.0 0.0030495128157781437
756.0 0.0030465405870927498
757.0 0.002806112024700269
758.0 0.0025656834623077884
759.0 0.00306410547636915
760.0 0.0035625278542283922
761.0 0.0048982470616465434
762.0 0.006233966996660456
763.0 0.006017604027874768
764.0 0.005801241786684841
765.0 0.005191783930058591
766.0 0.004582327528623864
767.0 0.004368174995761365
768.0 0.004154022462898865
769.0 0.004559697845252231
770.0 0.004965373591403477
771.0 0.004423635982675478
772.0 0.003881898373947479
773.0 0.0038847330870339647
774.0 0.0038875681639183313
775.0 1.6420361164531938e-10
776.0 1.6420361164531938e-10
777.0 1.6420361164531938e-10
778.0 1.6420361164531938e-10
779.0 1.6420361164531938e-10
780.0 1.6420361164531938e-10
781.0 0.04618404491338879
782.0 1.6420361164531938e-10
783.0 0.016492922441102564
784.0 1.6420361164531938e-10
785.0 0.04181000986136496
786.0 0.0030292003430076875
787.0 1.6420361164531938e-10
788.0 0.10154504561796784
789.0 1.6420361164531938e-10
790.0 1.6420361164531938e-10
791.0 0.06164544611237943
792.0 0.03546569496393204
793.0 0.10832474799826741
794.0 0.16623004339635372
795.0 0.04842229245696217
796.0 0.02472436462994665
797.0 1.6420361164531938e-10
798.0 0.05871677421964705
799.0 0.23775161243975163
800.0 0.44088694266974926
801.0 0.690550310537219
802.0 1.0091249831020832
803.0 1.8554897978901863
804.0 2.879268117249012
805.0 4.172707721590996
806.0 5.947145447134972
807.0 8.278252929449081
808.0 10.969595611095428
809.0 13.930653035640717
810.0 17.118509113788605
811.0 20.162229239940643
812.0 23.33388924598694
813.0 26.987603306770325
814.0 30.98890483379364
815.0 36.18289828300476
816.0 41.6413277387619
817.0 48.148155212402344
818.0 54.39609885215759
819.0 60.963404178619385
820.0 68.93048882484436
821.0 75.74726939201355
822.0 81.26803636550903
823.0 85.92743277549744
824.0 90.32837748527527
825.0 93.75373721122742
826.0 96.26456499099731
827.0 97.47966527938843
828.0 98.84632229804993
829.0 98.97297024726868
830.0 98.86779189109802
831.0 99.18575286865234
832.0 98.31383228302002
833.0 99.61423873901367
834.0 98.5504150390625
835.0 99.01337027549744
836.0 98.67420792579651
837.0 98.94769787788391
838.0 97.8624701499939
839.0 98.28921556472778
840.0 98.45609664916992
841.0 99.4182825088501
842.0 99.59019422531128
843.0 99.7429370880127
844.0 98.07232022285461
845.0 98.48558902740479
846.0 98.93331527709961
847.0 98.38207960128784
848.0 99.48480129241943
849.0 98.79142642021179
850.0 98.13446998596191
851.0 99.18233156204224
852.0 99.45003986358643
853.0 98.94641637802124
854.0 99.53362345695496
855.0 98.24345707893372
856.0 98.57953786849976
857.0 98.01172614097595
858.0 98.60499501228333
859.0 99.0926444530487
860.0 98.41328263282776
861.0 98.73164296150208
862.0 99.17939305305481
863.0 98.30002188682556
864.0 99.56052303314209
865.0 99.99039769172668
866.0 98.53353500366211
867.0 99.36715960502625
868.0 99.57454204559326
869.0 99.18273687362671
870.0 97.90006875991821
871.0 98.99013042449951
872.0 99.31336045265198
873.0 98.94862174987793
874.0 99.51369166374207
875.0 99.12241101264954
876.0 99.07927513122559
877.0 99.66033697128296
878.0 99.13005828857422
879.0 98.46406579017639
880.0 98.50461483001709
881.0 99.70665574073792
882.0 98.86053204536438
883.0 98.49351048469543
884.0 99.16678071022034
885.0 99.1360068321228
886.0 98.54950904846191
887.0 98.45796227455139
888.0 98.80229830741882
889.0 99.42567348480225
890.0 98.55485558509827
891.0 99.36193823814392
892.0 98.67638349533081
893.0 98.18081855773926
894.0 98.1776773929596
895.0 99.410879611969
