lsstCam/transmission_filter_detector/r43_s10/z_20/19700101T000000.ecsv
# %ECSV 1.0
# ---
# datatype:
# - {name: wavelength, unit: nm, datatype: float32}
# - {name: efficiency, unit: '%', datatype: float64}
# meta: !!omap
# - {MODE: DETECTOR}
# - {TYPE: transmission_filter_detector}
# - {CALIBDATE: '1970-01-01T00:00:00'}
# - {INSTRUME: LSSTCam}
# - {OBSTYPE: transmission_filter_detector}
# - {CALIBCLS: lsst.ip.isr.IntermediateFilterDetectorTransmissionCurve}
# - {SOURCE: Materion (DM-46256)}
# - {DETECTOR: 183}
# - {FILTER: z_20}
# - {CALIB_ID: 'calibDate=1970-01-01T00:00:00 filter=z_20 detector=183'}
# - {DATE: '2025-04-02T15:59:49.489706'}
# - {CALIB_CREATION_DATE: '2025-04-02'}
# - {CALIB_CREATION_TIME: '15:59:49'}
# - __serialized_columns__:
#     efficiency:
#       __class__: astropy.units.quantity.Quantity
#       unit: !astropy.units.Unit {unit: '%'}
#       value: !astropy.table.SerializedColumn {name: efficiency}
#     wavelength:
#       __class__: astropy.units.quantity.Quantity
#       unit: !astropy.units.Unit {unit: nm}
#       value: !astropy.table.SerializedColumn {name: wavelength}
# schema: astropy-2.0
wavelength efficiency
[from data line 597]
897.0 98.91303777694702
898.0 98.50488305091858
899.0 98.5538899898529
900.0 98.87835383415222
901.0 99.06115531921387
902.0 98.98548126220703
903.0 98.62021803855896
904.0 97.70095348358154
905.0 98.52341413497925
906.0 97.89742231369019
907.0 98.56005311012268
908.0 97.9771077632904
909.0 98.39939475059509
910.0 97.85758256912231
911.0 96.76677584648132
912.0 96.07568979263306
913.0 94.49867010116577
914.0 92.06223487854004
915.0 89.67317342758179
916.0 87.5487744808197
917.0 85.90964078903198
918.0 82.54764676094055
919.0 81.30971193313599
920.0 78.03484201431274
921.0 73.85886311531067
922.0 69.2676842212677
923.0 63.58522176742554
924.0 57.597750425338745
925.0 52.34489440917969
926.0 46.03563845157623
927.0 38.95232975482941
928.0 32.938215136528015
929.0 26.753070950508118
930.0 21.018002927303314
931.0 16.14365726709366
932.0 10.980064421892166
933.0 7.066234201192856
934.0 4.536901041865349
935.0 2.743927389383316
936.0 1.4922214671969414
937.0 0.9714409708976746
938.0 0.5059892311692238
939.0 0.42245076037943363
940.0 0.3072331426665187
941.0 0.07481435313820839
942.0 1.6420361164531938e-10
943.0 0.2870597643777728
944.0 1.6420361164531938e-10
945.0 0.03413176164031029
946.0 1.6420361164531938e-10
947.0 0.12770916800945997
948.0 1.6420361164531938e-10
949.0 0.05687362281605601
950.0 1.6420361164531938e-10
951.0 1.6420361164531938e-10
952.0 1.6420361164531938e-10
953.0 0.01805494393920526
954.0 0.023984523431863636
955.0 0.06919361767359078
956.0 0.05612850654870272
957.0 1.6420361164531938e-10
958.0 0.04119981895200908
959.0 1.6420361164531938e-10
960.0 1.6420361164531938e-10
961.0 0.10447347303852439
962.0 1.6420361164531938e-10
963.0 1.6420361164531938e-10
964.0 1.6420361164531938e-10
965.0 1.6420361164531938e-10
966.0 0.021732256573159248
967.0 0.09219836792908609
968.0 1.6420361164531938e-10
969.0 1.6420361164531938e-10
970.0 1.6420361164531938e-10
971.0 1.6420361164531938e-10
972.0 1.6420361164531938e-10
973.0 1.6420361164531938e-10
974.0 1.6420361164531938e-10
975.0 1.6420361164531938e-10
976.0 0.005761834108852781
977.0 0.005666157085215673
978.0 0.005570480061578564
979.0 0.005466136281029321
980.0 0.0053617921366821975
981.0 0.005321376374922693
982.0 0.005280959885567427
983.0 0.0050713366363197565
984.0 0.004861713023274206
985.0 0.004906378671876155
986.0 0.004951043956680223
987.0 0.00483178737340495
988.0 0.004712531153927557
989.0 0.004606317452271469
990.0 0.004500103750615381
991.0 0.004469362465897575
992.0 0.004438620817381889
993.0 0.004436720337253064
994.0 0.0044348194933263585
995.0 0.004373920091893524
996.0 0.00431302105425857
997.0 0.004270087447366677
998.0 0.004227153840474784
999.0 0.004170669490122236
1000.0 0.004114185139769688
1001.0 0.004042667933390476
1002.0 0.003971150363213383
1003.0 0.003926974386558868
1004.0 0.003882798773702234
1005.0 0.0038265829061856493
1006.0 0.0037703674024669454
1007.0 0.003826290412689559
1008.0 0.0038822130591142923
1009.0 0.0039517115510534495
1010.0 0.004021210042992607
1011.0 0.0040152597648557276
1012.0 0.004009309486718848
1013.0 0.004100686055608094
1014.0 0.004192062260699458
1015.0 0.0040304832509718835
1016.0 0.0038689046050421894
1017.0 0.0038706446503056213
1018.0 0.0038723846955690533
1019.0 0.0038491627492476255
1020.0 0.0038259408029261976
1021.0 0.003838139309664257
1022.0 0.003850337816402316
1023.0 0.0040203522075898945
1024.0 0.004190366962575354
1025.0 0.004146676292293705
1026.0 0.004102985622012056
1027.0 0.00419873686041683
1028.0 0.0042944884626194835
1029.0 0.004358612932264805
1030.0 0.004422737765708007
1031.0 0.004375108619569801
1032.0 0.004327479473431595
1033.0 0.004509739301283844
1034.0 0.004691999492933974
1035.0 0.004580049426294863
1036.0 0.0044680997234536335
1037.0 0.004722150697489269
1038.0 0.004976201671524905
1039.0 0.004945078399032354
1040.0 0.004913955490337685
1041.0 0.005108924597152509
1042.0 0.0053038940677652135
1043.0 0.005318174589774571
1044.0 0.00533245547558181
1045.0 0.005423834954854101
1046.0 0.005515214797924273
1047.0 0.005527301618712954
1048.0 0.005539387711905874
1049.0 0.0057089542679023
1050.0 0.005878520096302964
1051.0 0.005925529694650322
1052.0 0.005972540384391323
1053.0 0.0060678368754452094
1054.0 0.006163131911307573
1055.0 0.006259985821088776
1056.0 0.006356839003274217
1057.0 0.006505457713501528
1058.0 0.006654077878920361
1059.0 0.007280585850821808
1060.0 0.007907095277914777
1061.0 0.007759637082926929
1062.0 0.007612181070726365
1063.0 0.007968022691784427
1064.0 0.008323863585246727
1065.0 0.008230869570979849
1066.0 0.008137876284308732
1067.0 0.008390398579649627
1068.0 0.008642921602586284
1069.0 0.009177077299682423
1070.0 0.009711233724374324
1071.0 0.009682426025392488
1072.0 0.009653616871219128
1073.0 0.009843120642472059
1074.0 0.010032624413724989
1075.0 0.010305538307875395
1076.0 0.010578453657217324
1077.0 0.010972040035994723
1078.0 0.011365627869963646
1079.0 0.011736805754480883
1080.0 0.012107985821785405
1081.0 0.0120493583381176
1082.0 0.011990730126854032
1083.0 0.012493596295826137
1084.0 0.012996463919989765
1085.0 0.013473781291395426
1086.0 0.013951098662801087
1087.0 0.01396383304381743
1088.0 0.013976568880025297
1089.0 0.014764895604457706
1090.0 0.015553222328890115
1091.0 0.015329103916883469
1092.0 0.015104986960068345
1093.0 0.014734751312062144
1094.0 0.014364512753672898
1095.0 0.015906451153568923
1096.0 0.01744838955346495
1097.0 0.018251052824780345
1098.0 0.019053717551287264
1099.0 0.019434843852650374
1100.0 0.01981596724363044
1101.0 0.020897903596051037
1102.0 0.02197984285885468
1103.0 0.021611123520415276
1104.0 0.021242405637167394
1105.0 0.02285279770148918
1106.0 0.024463189765810966
1107.0 0.02453763736411929
1108.0 0.024612084962427616
1109.0 0.026532832998782396
1110.0 0.028453583945520222
1111.0 0.02792690647765994
1112.0 0.027400231920182705
1113.0 0.027698781923390925
1114.0 0.0279973290162161
1115.0 0.0284902926068753
1116.0 0.0289832561975345
1117.0 0.03098616434726864
1118.0 0.03298907249700278
1119.0 0.033557237475179136
1120.0 0.03412540245335549
1121.0 0.03608349652495235
1122.0 0.03804158768616617
1123.0 0.03764206194318831
1124.0 0.03724253620021045
1125.0 0.038667122134938836
1126.0 0.040091705159284174
1127.0 0.040688589797355235
1128.0 0.04128547734580934
1129.0 0.044494171743281186
1130.0 0.047702869051136076
1131.0 0.05205839988775551
1132.0 0.056413933634757996
1133.0 0.05792374722659588
1134.0 0.059433572459965944
1135.0 0.06477391580119729
1136.0 0.07011425914242864
1137.0 0.07428842363879085
1138.0 0.07846259395591915
1139.0 0.09662691154517233
1140.0 0.11479122331365943
1141.0 0.176555837970227
1142.0 0.2383204409852624
1143.0 0.4747910890728235
1144.0 0.7112617138773203
1145.0 1.087020244449377
1146.0 1.462778728455305
1147.0 1.6072111204266548
1148.0 1.7516432330012321
1149.0 2.247804030776024
1150.0 2.743963897228241
