lsstCam/transmission_filter_detector/r03_s01/g_6/19700101T000000.ecsv
# %ECSV 1.0
# ---
# datatype:
# - {name: wavelength, unit: nm, datatype: float32}
# - {name: efficiency, unit: '%', datatype: float64}
# meta: !!omap
# - {MODE: DETECTOR}
# - {TYPE: transmission_filter_detector}
# - {CALIBDATE: '1970-01-01T00:00:00'}
# - {INSTRUME: LSSTCam}
# - {OBSTYPE: transmission_filter_detector}
# - {CALIBCLS: lsst.ip.isr.IntermediateFilterDetectorTransmissionCurve}
# - {SOURCE: Materion (DM-46256)}
# - {DETECTOR: 19}
# - {FILTER: g_6}
# - {CALIB_ID: 'calibDate=1970-01-01T00:00:00 filter=g_6 detector=19'}
# - {DATE: '2025-04-02T15:59:42.117407'}
# - {CALIB_CREATION_DATE: '2025-04-02'}
# - {CALIB_CREATION_TIME: '15:59:42'}
# - __serialized_columns__:
#     efficiency:
#       __class__: astropy.units.quantity.Quantity
#       unit: !astropy.units.Unit {unit: '%'}
#       value: !astropy.table.SerializedColumn {name: efficiency}
#     wavelength:
#       __class__: astropy.units.quantity.Quantity
#       unit: !astropy.units.Unit {unit: nm}
#       value: !astropy.table.SerializedColumn {name: wavelength}
# schema: astropy-2.0
wavelength efficiency
[from data line 608]
908.0 0.000489039666717872
909.0 0.0003651730139608844
910.0 0.0003118393806289532
911.0 0.000258505747297022
912.0 0.0004097163582628127
913.0 0.000560926991965971
914.0 0.00036068518056708854
915.0 0.00016044342601162498
916.0 0.0001602893348717771
917.0 0.00016013522099456168
918.0 0.0002125552100551431
919.0 0.0002649751650096732
920.0 0.00033100438940891763
921.0 0.0003970335910707945
922.0 0.0005339983999874676
923.0 0.0006709632089041406
924.0 0.000545817920283298
925.0 0.0004206725407129852
926.0 0.0005210781182540813
927.0 0.0006214838322193827
928.0 0.0005598414645646699
929.0 0.0004981991423846921
930.0 0.0005102422619529534
931.0 0.00052228551794542
932.0 0.0004612236352841137
933.0 0.0004001617980975425
934.0 0.0004395869382278761
935.0 0.0004790120328834746
936.0 0.0005374650754674803
937.0 0.000595918072576751
938.0 0.0006077488251321483
939.0 0.0006195794867380755
940.0 0.0006182891866046702
941.0 0.0006169987500470597
942.0 0.0006900723747094162
943.0 0.0007631459993717726
944.0 0.0006308646788966144
945.0 0.0004985832219972508
946.0 0.0004536522737907944
947.0 0.00040872132558433805
948.0 0.0008525043085683137
949.0 0.0012962874279764947
950.0 0.0010695087439671624
951.0 0.0008427300599578302
952.0 0.0008769481610215735
953.0 0.0009111661711358465
954.0 0.0008041981345741078
955.0 0.0006972301889618393
956.0 0.000644566443952499
957.0 0.0005919025170442183
958.0 0.0007089920018188423
959.0 0.0008260813956439961
960.0 0.0006514957931358367
961.0 0.000476910008728737
962.0 0.0005117296041134978
963.0 0.0005465491540235234
964.0 0.000662153797748033
965.0 0.0007777583050483372
966.0 0.0008014060767891351
967.0 0.000825053848529933
968.0 0.0007194760655693244
969.0 0.0006138982371339807
970.0 0.0006851389571238542
971.0 0.0007563796771137277
972.0 0.000852011999086244
973.0 0.0009476444574829657
974.0 0.0008940444786276203
975.0 0.0008404448635701556
976.0 0.0008684705790074077
977.0 0.0008964967491920106
978.0 0.0009288624823966529
979.0 0.0009612283975002356
980.0 0.0010360537089582067
981.0 0.001110879111365648
982.0 0.0010263064723403659
983.0 0.0009417336514161434
984.0 0.0009875248906610068
985.0 0.0010333162208553404
986.0 0.0012174094990768936
987.0 0.0014015026863489766
988.0 0.0014835719412076287
989.0 0.0015656409232178703
990.0 0.0016341076843673363
991.0 0.001702574263617862
992.0 0.001696959043329116
993.0 0.00169134382304037
994.0 0.0016105213944683783
995.0 0.0015296989658963867
996.0 0.001462649834138574
997.0 0.0013956005204818211
998.0 0.0014538557479681913
999.0 0.0015121108845050912
1000.0 0.001403174792358186
1001.0 0.0012942384273628704
1002.0 0.0012186022104287986
1003.0 0.001142966084444197
1004.0 0.0011274104508629534
1005.0 0.0011118549991806503
1006.0 0.0013311455404618755
1007.0 0.0015504359907936305
1008.0 0.0015974428606568836
1009.0 0.0016444500943180174
1010.0 0.0017314398064627312
1011.0 0.0018184297005063854
1012.0 0.0019285693269921467
1013.0 0.0020387091353768483
1014.0 0.002063823376374785
1015.0 0.002088937799271662
1016.0 0.002361863516853191
1017.0 0.002634789598232601
1018.0 0.002867842704290524
1019.0 0.0031008959922473878
1020.0 0.0031397052225656807
1021.0 0.003178514089086093
1022.0 0.00341621671395842
1023.0 0.0036539197026286274
1024.0 0.0038581467379117385
1025.0 0.0040623737731948495
1026.0 0.004174979767412879
1027.0 0.004287585397833027
1028.0 0.004342881584307179
1029.0 0.00439817740698345
1030.0 0.004520671063801274
1031.0 0.004643165084416978
1032.0 0.00502772418258246
1033.0 0.005412283644545823
1034.0 0.005323032746673562
1035.0 0.0052337818488013
1036.0 0.005303151556290686
1037.0 0.005372520536184311
1038.0 0.005593152309302241
1039.0 0.00581378408242017
1040.0 0.00628837151452899
1041.0 0.006762958219042048
1042.0 0.006896090053487569
1043.0 0.0070292204327415675
1044.0 0.007151847239583731
1045.0 0.007274472591234371
1046.0 0.008325806265929714
1047.0 0.009377139940625057
1048.0 0.010708001354942098
1049.0 0.012038859858876094
1050.0 0.014334359730128199
1051.0 0.01662985741859302
1052.0 0.019944772066082805
1053.0 0.023259693989530206
1054.0 0.027756282361224294
1055.0 0.03225287364330143
1056.0 0.038640835555270314
1057.0 0.045028788736090064
1058.0 0.052114506252110004
1059.0 0.05920021794736385
1060.0 0.06612649885937572
1061.0 0.07305275648832321
1062.0 0.07986907148733735
1063.0 0.08668535738252103
1064.0 0.09176433668471873
1065.0 0.09684329852461815
1066.0 0.10208541061729193
1067.0 0.10732751106843352
1068.0 0.1137441024184227
1069.0 0.12016071705147624
1070.0 0.13029061956331134
1071.0 0.14042051043361425
1072.0 0.15409572515636683
1073.0 0.16777090495452285
1074.0 0.18275114707648754
1075.0 0.19773142412304878
1076.0 0.212032999843359
1077.0 0.2263345755636692
1078.0 0.2402032259851694
1079.0 0.25407185312360525
1080.0 0.2698879921808839
1081.0 0.28570410795509815
1082.0 0.31063847709447145
1083.0 0.3355728229507804
1084.0 0.3702934365719557
1085.0 0.40501412004232407
1086.0 0.43721706606447697
1087.0 0.46942010521888733
1088.0 0.5280469544231892
1089.0 0.586673803627491
1090.0 0.6582824978977442
1091.0 0.7298911921679974
1092.0 0.757963303476572
1093.0 0.7860351353883743
1094.0 0.8221032097935677
1095.0 0.8581709116697311
1096.0 0.902353972196579
1097.0 0.9465371258556843
1098.0 0.9708542376756668
1099.0 0.9951715357601643
1100.0 1.150868646800518
1101.0 1.306565385311842
