lsstCam/transmission_filter_detector/r03_s01/g_6/19700101T000000.ecsv
# %ECSV 1.0
# ---
# datatype:
# - {name: wavelength, unit: nm, datatype: float32}
# - {name: efficiency, unit: '%', datatype: float64}
# meta: !!omap
# - {MODE: DETECTOR}
# - {TYPE: transmission_filter_detector}
# - {CALIBDATE: '1970-01-01T00:00:00'}
# - {INSTRUME: LSSTCam}
# - {OBSTYPE: transmission_filter_detector}
# - {CALIBCLS: lsst.ip.isr.IntermediateFilterDetectorTransmissionCurve}
# - {SOURCE: Materion (DM-46256)}
# - {DETECTOR: 19}
# - {FILTER: g_6}
# - {CALIB_ID: 'calibDate=1970-01-01T00:00:00 filter=g_6 detector=19'}
# - {DATE: '2025-04-02T15:59:42.117407'}
# - {CALIB_CREATION_DATE: '2025-04-02'}
# - {CALIB_CREATION_TIME: '15:59:42'}
# - __serialized_columns__:
#     efficiency:
#       __class__: astropy.units.quantity.Quantity
#       unit: !astropy.units.Unit {unit: '%'}
#       value: !astropy.table.SerializedColumn {name: efficiency}
#     wavelength:
#       __class__: astropy.units.quantity.Quantity
#       unit: !astropy.units.Unit {unit: nm}
#       value: !astropy.table.SerializedColumn {name: wavelength}
# schema: astropy-2.0
wavelength efficiency
300.0 0.4943912383168936
301.0 0.3640587208792567
302.0 0.23372615687549114
303.0 0.21389438770711422
304.0 0.19406260689720511
305.0 0.20603633020073175
306.0 0.2180100418627262
307.0 0.2213581930845976
308.0 0.2247063210234046
309.0 0.22169507574290037
310.0 0.21868387702852488
311.0 0.2128254622220993
312.0 0.2069670706987381
313.0 0.20095598883926868
314.0 0.19494490697979927
315.0 0.18622599309310317
316.0 0.17750710248947144
317.0 0.17582026775926352
318.0 0.17413344467058778
319.0 0.15974597772583365
320.0 0.14535847585648298
321.0 0.13943815138190985
322.0 0.13351785019040108
323.0 0.11383430100977421
324.0 0.09415079839527607
325.0 0.08655493729747832
326.0 0.07895907037891448
327.0 0.07210508920252323
328.0 0.0652510963845998
329.0 0.062199385138228536
330.0 0.059147668071091175
331.0 0.05545340245589614
332.0 0.0517591368407011
333.0 0.04816871078219265
334.0 0.04457828472368419
335.0 0.04279942950233817
336.0 0.04102057428099215
337.0 0.04189983010292053
338.0 0.04277908010408282
339.0 0.04138351359870285
340.0 0.03998794709332287
341.0 0.037887392682023346
342.0 0.03578683827072382
343.0 0.032529732561670244
344.0 0.029272629762999713
345.0 0.025721467682160437
346.0 0.022170301235746592
347.0 0.02079163969028741
348.0 0.019412976689636707
349.0 0.018078717403113842
350.0 0.6606062408536673
351.0 0.8797897025942802
352.0 0.5909846164286137
353.0 0.9669994935393333
354.0 0.5926329176872969
355.0 0.7768698036670685
356.0 0.6318300496786833
357.0 1.0167982429265976
358.0 0.4166991915553808
359.0 1.0550602339208126
360.0 0.5235324613749981
361.0 0.7858461700379848
362.0 0.5305101163685322
363.0 0.8113752119243145
364.0 0.43741813860833645
365.0 0.7356485351920128
366.0 0.39741573855280876
367.0 0.6370663642883301
368.0 0.42062699794769287
369.0 0.623034592717886
370.0 0.34975134767591953
371.0 0.5894510075449944
372.0 0.438714399933815
373.0 0.44563310220837593
374.0 0.35099610686302185
375.0 0.5542020313441753
376.0 0.3466135123744607
377.0 0.5841606762260199
378.0 0.3356404136866331
379.0 0.5539846606552601
380.0 0.4166495054960251
381.0 0.5066649056971073
382.0 0.6523506250232458
383.0 0.5832538940012455
384.0 0.512968935072422
385.0 0.614518066868186
386.0 0.6605099886655807
387.0 0.8407437242567539
388.0 1.068924181163311
389.0 1.4420834369957447
390.0 2.2200599312782288
391.0 3.51375974714756
392.0 5.480777844786644
393.0 8.642491698265076
394.0 12.847816944122314
395.0 18.431027233600616
396.0 25.164979696273804
397.0 33.50910842418671
398.0 42.79994070529938
399.0 52.5892972946167
400.0 61.996495723724365
401.0 70.47539353370667
402.0 77.8868317604065
403.0 83.4705114364624
404.0 87.39514350891113
405.0 90.16036987304688
406.0 91.60751700401306
407.0 92.72630214691162
408.0 93.26189756393433
409.0 93.44483017921448
410.0 93.42901110649109
411.0 93.1698203086853
412.0 92.72493720054626
413.0 92.57746934890747
414.0 92.63192415237427
415.0 92.93861985206604
416.0 93.31344366073608
417.0 93.79735589027405
418.0 94.28712129592896
419.0 94.83996033668518
420.0 95.31251788139343
421.0 95.74902057647705
422.0 95.75127363204956
423.0 95.91607451438904
424.0 95.73627710342407
425.0 95.58061361312866
426.0 95.52316665649414
427.0 95.48722505569458
428.0 95.26637196540833
429.0 95.17596364021301
430.0 95.16243934631348
431.0 95.30391097068787
432.0 95.40475606918335
433.0 95.41303515434265
434.0 95.4254150390625
435.0 95.54526209831238
436.0 95.52463293075562
437.0 95.63098549842834
438.0 95.74443101882935
439.0 95.78993916511536
440.0 95.80192565917969
441.0 95.98159790039062
442.0 95.82571983337402
443.0 95.77688574790955
444.0 95.6322431564331
445.0 95.30898928642273
446.0 95.23757100105286
447.0 95.1314389705658
448.0 95.30218243598938
449.0 95.55816054344177
450.0 95.82335352897644
451.0 96.09587788581848
452.0 96.26309275627136
453.0 96.30048871040344
454.0 96.30709290504456
455.0 96.62092328071594
456.0 96.66497111320496
457.0 96.84309363365173
458.0 96.80371880531311
459.0 96.8775987625122
460.0 96.79077863693237
461.0 96.9305694103241
462.0 96.78503274917603
463.0 96.67473435401917
464.0 96.74779176712036
465.0 96.6465711593628
466.0 96.68482542037964
467.0 96.67747616767883
468.0 96.68791890144348
469.0 96.75105214118958
470.0 96.57841920852661
471.0 96.43876552581787
472.0 96.52117490768433
473.0 96.38527035713196
474.0 96.30447626113892
475.0 96.43162488937378
476.0 96.49919867515564
477.0 96.56932353973389
478.0 96.73065543174744
479.0 96.68022394180298
480.0 96.85699343681335
481.0 96.92876935005188
482.0 97.11476564407349
483.0 97.02205061912537
484.0 97.23328351974487
485.0 97.21320271492004
486.0 97.23893404006958
487.0 97.23513126373291
488.0 97.2346544265747
489.0 97.3351776599884
490.0 97.32934236526489
491.0 97.4373996257782
492.0 97.35748171806335
493.0 97.38802909851074
494.0 97.31265306472778
495.0 97.37977385520935
496.0 97.23389744758606
497.0 97.15685248374939
498.0 96.92486524581909
499.0 96.98429107666016
500.0 96.94828391075134
501.0 96.92346453666687
502.0 96.86035513877869
503.0 97.06200361251831
504.0 96.87914252281189
505.0 96.86415791511536
506.0 96.87787294387817
507.0 96.80238366127014
508.0 96.82813882827759
509.0 96.84990644454956
510.0 96.73330783843994
511.0 96.72606587409973
512.0 96.71596884727478
513.0 96.78163528442383
514.0 96.78714871406555
515.0 96.8285858631134
516.0 96.94411158561707
517.0 96.94750905036926
518.0 97.01659679412842
519.0 96.96652293205261
520.0 97.00939059257507
521.0 97.02779054641724
522.0 97.05696702003479
523.0 97.0438003540039
524.0 97.06971645355225
525.0 97.02813625335693
526.0 97.1131682395935
527.0 97.05580472946167
528.0 97.11449146270752
529.0 97.20263481140137
530.0 97.25028872489929
531.0 97.3188042640686
532.0 97.1930980682373
533.0 97.12421298027039
534.0 96.99394702911377
535.0 96.60534262657166
536.0 95.97069025039673
537.0 95.00697255134583
538.0 93.81383657455444
539.0 91.80298447608948
540.0 89.43187594413757
541.0 86.02238297462463
542.0 82.48409032821655
543.0 78.1031608581543
544.0 72.87115454673767
545.0 68.3912992477417
546.0 63.39990496635437
547.0 59.141355752944946
548.0 55.27912378311157
549.0 52.05817222595215
550.0 49.651795625686646
551.0 47.21619784832001
552.0 44.96752321720123
553.0 42.130231857299805
554.0 38.36330473423004
555.0 34.08472537994385
556.0 28.687122464179993
557.0 22.936096787452698
558.0 17.379526793956757
559.0 12.499986588954926
560.0 8.41076523065567
561.0 5.076730623841286
562.0 2.9251445084810257
563.0 1.5398520976305008
564.0 0.7875832729041576
565.0 0.3845715429633856
566.0 0.22457747254520655
567.0 0.11854803888127208
568.0 0.09532680851407349
569.0 0.06098865997046232
570.0 0.05443497793748975
571.0 0.035524804843589664
572.0 0.043562386417761445
573.0 0.03284337872173637
574.0 0.0330456648953259
575.0 0.026315433206036687
576.0 0.025586996343918145
577.0 0.01683556620264426
578.0 0.024187394592445344
579.0 0.01799620222300291
580.0 0.018890098726842552
581.0 0.007987047865753993
582.0 0.010911856952589005
583.0 0.013236158702056855
584.0 0.013167712313588709
585.0 0.012779710232280195
586.0 0.01646721357246861
587.0 0.014645597548224032
588.0 0.019695342052727938
589.0 0.011639906006166711
590.0 0.01140615131589584
591.0 0.008725438237888739
592.0 0.01208719186251983
593.0 0.004577603976940736
594.0 0.013385909551288933
595.0 0.004763791730511002
596.0 0.014124326116871089
597.0 0.007733460370218381
598.0 0.002616587335069198
599.0 0.0020098546883673407
600.0 0.00334197175106965
601.0 0.0022612530301557854
602.0 0.0023430375222233124
603.0 0.002424821832391899
604.0 0.0021578358428087085
605.0 0.0018908500351244584
606.0 0.0019025503206648864
607.0 0.001914250424306374
608.0 0.0018306769561604597
609.0 0.0017471034880145453
610.0 0.0018081182133755647
611.0 0.0018691325749387033
612.0 0.001762918873282615
613.0 0.0016567055354244076
614.0 0.001744830842653755
615.0 0.0018329565136809833
616.0 0.0019227554730605334
617.0 0.002012554250541143
618.0 0.0018861634089262225
619.0 0.0017597725673113018
620.0 0.0017459266018704511
621.0 0.0017320808183285408
622.0 0.0015871528376010247
623.0 0.0014422246749745682
624.0 0.0014487158296105918
625.0 0.0014552069842466153
626.0 0.001410977802152047
627.0 0.0013667489838553593
628.0 0.0014326375094242394
629.0 0.0014985263987910002
630.0 0.0013471981219481677
631.0 0.0011958694813074544
632.0 0.001310744664806407
633.0 0.001425619575456949
634.0 0.0014029599697096273
635.0 0.0013803000911138952
636.0 0.0013793725884170271
637.0 0.0013784456314169802
638.0 0.0012390061783662532
639.0 0.0010995667253155261
640.0 0.001084133327822201
641.0 0.0010686997484299354
642.0 0.0012959117157151923
643.0 0.0015231237739499193
644.0 0.0013839892744726967
645.0 0.0012448545021470636
646.0 0.0012044135473843198
647.0 0.0011639726835710462
648.0 0.001092450929718325
649.0 0.0010209290849161334
650.0 0.0012419381164363585
651.0 0.0014629466022597626
652.0 0.0011721449482138269
653.0 0.000881343203218421
654.0 0.0009823193067859393
655.0 0.0010832955013029277
656.0 0.001078358127415413
657.0 0.0010734206625784282
658.0 0.0009965129720512778
659.0 0.0009196056453220081
660.0 0.0008915590115066152
661.0 0.0008635123776912224
662.0 0.0009978534762922209
663.0 0.00113219484774163
664.0 0.0011407410966057796
665.0 0.001149287163570989
666.0 0.0010599656889098696
667.0 0.0009706438504508696
668.0 0.0010417113117000554
669.0 0.001112778772949241
670.0 0.0011451315913291182
671.0 0.0011774844097089954
672.0 0.0012102404070901684
673.0 0.0012429963135218713
674.0 0.0011929230822715908
675.0 0.00114284966912237
676.0 0.0011045665814890526
677.0 0.0010662831300578546
678.0 0.001091209560399875
679.0 0.0011161359907418955
680.0 0.0010073954399558716
681.0 0.0008986547982203774
682.0 0.0009894340109894983
683.0 0.001080213132809149
684.0 0.0009163691174762789
685.0 0.0007525249202444684
686.0 0.0009513739314570557
687.0 0.001150222851720173
688.0 0.0011091069609392434
689.0 0.001067991070158314
690.0 0.0009882044651021715
691.0 0.0009084177690965589
692.0 0.0009134448191616684
693.0 0.0009184717782773077
694.0 0.0010113775715581141
695.0 0.0011042833648389205
696.0 0.001129124120780034
697.0 0.001153964694822207
698.0 0.0012811588021577336
699.0 0.00140835281854379
700.0 0.0012051642443111632
701.0 0.0010019754881795961
702.0 0.0011357228686392773
703.0 0.001269469976250548
704.0 0.0012081444765499327
705.0 0.0011468185221019667
706.0 0.0011216721759410575
707.0 0.0010965261026285589
708.0 0.0010927356015599798
709.0 0.0010889454642892815
710.0 0.0011783830814238172
711.0 0.0012678209714067634
712.0 0.0012052893907821272
713.0 0.0011427579920564312
714.0 0.001179987066279864
715.0 0.001217216322402237
716.0 0.0014283151358540636
717.0 0.0016394142221543007
718.0 0.0018551992980064824
719.0 0.0020709840100607835
720.0 0.0017283133274759166
721.0 0.0013856424629921094
722.0 0.0015487963537452742
723.0 0.0017119506082963198
724.0 0.0016260606571449898
725.0 0.0015401708878926001
726.0 0.0016380115994252264
727.0 0.001735852492856793
728.0 0.0018847546016331762
729.0 0.0020336563466116786
730.0 0.0019978633645223454
731.0 0.0019620702005340718
732.0 0.0018300654119229876
733.0 0.001698060987109784
734.0 0.0015172027815424372
735.0 0.0013363448488235008
736.0 0.0011882921171491034
737.0 0.0010402392945252359
738.0 0.0010737136108218692
739.0 0.0011071878361690324
740.0 0.0009969996426661965
741.0 0.0008868114491633605
742.0 0.000906563855096465
743.0 0.0009263163519790396
744.0 0.0010067623406939674
745.0 0.0010872084203583654
746.0 0.0010342598216084298
747.0 0.0009813112228584941
748.0 0.0011618561075010803
749.0 0.0013424011740426067
750.0 0.0011082609489676543
751.0 0.0008741209967411123
752.0 0.0007953729436849244
753.0 0.0007166249815782066
754.0 0.00085273322838475
755.0 0.0009888414751912933
756.0 0.0008992812581709586
757.0 0.0008097208592516836
758.0 0.0008303929462272208
759.0 0.0008510653970006388
760.0 0.000681212941344711
761.0 0.0005113604402140481
762.0 0.0005856612915522419
763.0 0.0006599619609914953
764.0 0.0007594632279506186
765.0 0.0008589647222834174
766.0 0.0007448831183864968
767.0 0.0006308016509137815
768.0 0.0005168438747205073
769.0 0.0004028860985272331
770.0 0.0003419004769966705
771.0 0.0002809149009408429
772.0 0.0005166098617337411
773.0 0.0007523050044255797
774.0 0.0008342328328581061
775.0 0.0009161608431895729
776.0 0.0008592389349360019
777.0 0.0008023169357329607
778.0 0.0007777731298119761
779.0 0.0007532294148404617
780.0 0.0006894642865518108
781.0 0.0006256992492126301
782.0 0.0005988250450172927
783.0 0.0005719507043977501
784.0 0.0007123606337700039
785.0 0.0008527705176675227
786.0 0.0007187692972365767
787.0 0.0005847684406035114
788.0 0.0004368901954876492
789.0 0.00028901199584652204
790.0 0.0002753830585788819
791.0 0.00026175407583650667
792.0 0.0003239715397285181
793.0 0.00038618900362052955
794.0 0.00029068457934045
795.0 0.00019518015506037045
796.0 0.0003891764663421782
797.0 0.000583172823098721
798.0 0.0005717248768632999
799.0 0.0005602769761026138
800.0 0.0005393191258917795
801.0 0.0005183614121051505
802.0 0.000444688566858531
803.0 0.00037101583529874915
804.0 0.00023478273760701995
805.0 9.85497422334447e-05
806.0 0.0002436050181131577
807.0 0.00038866032809892204
808.0 0.00044833032006863505
809.0 0.0005080003120383481
810.0 0.0003898849627148593
811.0 0.0002717695679166354
812.0 0.00026179566248174524
813.0 0.0002518216888347524
814.0 0.00033614480798860313
815.0 0.0004204679498798214
816.0 0.0005122787570144283
817.0 0.000604089473199565
818.0 0.0003839646524284035
819.0 0.00016383982028855826
820.0 0.00036658391309174476
821.0 0.0005693279035767773
822.0 0.00044202110984770115
823.0 0.00031471429338125745
824.0 0.00041026983126357663
825.0 0.0005058253009337932
826.0 0.000568836321690469
827.0 0.0006318472514976747
828.0 0.0005161642548046075
829.0 0.00040048125811154023
830.0 0.00038577445593546145
831.0 0.00037106765375938267
832.0 0.0004665459982788889
833.0 0.00056202429732366
834.0 0.0004386653472465696
835.0 0.0003153064199068467
836.0 0.0004279294898879016
837.0 0.0005405526280810591
838.0 0.00048005167627707124
839.0 0.0004195507699478185
840.0 0.000528269038113649
841.0 0.0006369872153300093
842.0 0.00038130137909320183
843.0 0.00012561545190692414
844.0 0.00014800278904658626
845.0 0.00017039013755493215
846.0 0.0004811488906852901
847.0 0.0007919077688711695
848.0 0.0006775100700906478
849.0 0.0005631124622595962
850.0 0.0005217895704845432
851.0 0.0004804667241842253
852.0 0.0005650791990774451
853.0 0.0006496914465969894
854.0 0.0006554635547217913
855.0 0.0006612355264223879
856.0 0.0005968400273559382
857.0 0.0005324446192389587
858.0 0.0005366302048059879
859.0 0.0005408157903730171
860.0 0.0005864748800377129
861.0 0.0006321339697024086
862.0 0.0005642927135340869
863.0 0.0004964514573657652
864.0 0.00046570185077143833
865.0 0.0004349522896518465
866.0 0.00045560950638900977
867.0 0.000476266723126173
868.0 0.0006479603598563699
869.0 0.0008196539965865668
870.0 0.0006489532552222954
871.0 0.0004782523319590837
872.0 0.000365942810276465
873.0 0.0002536331521696411
874.0 0.0003791395783991902
875.0 0.0005046460046287393
876.0 0.0005820298156322679
877.0 0.0006594136266357964
878.0 0.0006656238383584423
879.0 0.000671833959131618
880.0 0.0006631031283177435
881.0 0.0006543726158270147
882.0 0.0005486434019985609
883.0 0.0004429144155437825
884.0 0.0005514649728866061
885.0 0.0006600157121283701
886.0 0.0006991170721448725
887.0 0.0007382186595350504
888.0 0.000666447567709838
889.0 0.000594676612308831
890.0 0.0005745024282077793
891.0 0.0005543283805309329
892.0 0.0005458853593154345
893.0 0.0005374423835746711
894.0 0.000551957373318146
895.0 0.0005664724085363559
896.0 0.0003842238584184088
897.0 0.00020197521735099144
898.0 0.00033667679417703766
899.0 0.0004713783710030839
900.0 0.0003636636392911896
901.0 0.00025594886210456025
902.0 0.0004511018687480828
903.0 0.0006462549208663404
904.0 0.0003595482667151373
905.0 7.284155572051532e-05
906.0 0.0003428740001254482
