lsstCam/transmission_sensor/r13_s01/19700101T000000.ecsv
# %ECSV 1.0
# ---
# datatype:
# - {name: amp_name, datatype: string}
# - {name: wavelength, unit: nm, datatype: float32}
# - {name: efficiency, unit: '%', datatype: float64}
# meta: !!omap
# - {MODE: AMP}
# - {TYPE: transmission_sensor}
# - {CALIBDATE: '1970-01-01T00:00:00'}
# - {INSTRUME: LSSTCAM}
# - {OBSTYPE: transmission_sensor}
# - {DETECTOR: 55}
# - {PARQUETFILE: qe_raft_allvalues_nircorrected_20230725.parquet}
# - {CALIBCLS: lsst.ip.isr.IntermediateSensorTransmissionCurve}
# - {CALIB_ID: 'raftName=R13 detectorName=S01 detector=55 calibDate=1970-01-01T00:00:00 ccd=55 ccdnum=55 filter=None'}
# - {DATE: '2024-01-18T22:42:25.166294'}
# - {CALIB_CREATION_DATE: '2024-01-18'}
# - {CALIB_CREATION_TIME: '22:42:25'}
# - __serialized_columns__:
#     efficiency:
#       __class__: astropy.units.quantity.Quantity
#       unit: !astropy.units.Unit {unit: '%'}
#       value: !astropy.table.SerializedColumn {name: efficiency}
#     wavelength:
#       __class__: astropy.units.quantity.Quantity
#       unit: !astropy.units.Unit {unit: nm}
#       value: !astropy.table.SerializedColumn {name: wavelength}
# schema: astropy-2.0
amp_name wavelength efficiency
C00 319.994 42.067466735839844
C00 324.969 47.46849822998047
C00 349.982 73.11573791503906
C00 374.975 81.21305084228516
C00 400.019 86.6603775024414
C00 424.965 87.51539611816406
C00 450.035 88.57527160644531
C00 475.003 90.46662139892578
C00 500.018 92.99310302734375
C00 525.002 93.49958801269531
C00 550.029 95.06066131591797
C00 575.023 96.4508285522461
C00 599.982 97.60395050048828
C00 619.997 98.21492767333984
C00 624.979 98.09441375732422
C00 650.012 98.56205749511719
C00 675.004 98.94329071044922
C00 700.03 99.00458526611328
C00 725.012 98.91333770751953
C00 750.022 98.77137756347656
C00 774.987 99.16088104248047
C00 799.976 98.17660522460938
C00 824.988 96.88668823242188
C00 850.022 94.6557388305664
C00 869.967 91.53877258300781
C00 875.002 91.21002960205078
C00 899.999 83.29127502441406
C00 919.999 75.00521087646484
C00 925.012 71.66352844238281
C00 949.965 57.99070358276367
C00 975.002 43.15020751953125
C00 999.976 25.991823196411133
C00 1025.028 11.245896339416504
C00 1050.014 3.9648849964141846
C00 1075.002 0.9409900621031344
C00 1099.99 0.09336416949206856
C01 319.994 42.35036849975586
C01 324.969 47.791709899902344
C01 349.982 73.54464721679688
C01 374.975 81.55517578125
C01 400.019 86.9120864868164
C01 424.965 87.72855377197266
C01 450.035 88.76910400390625
C01 475.003 90.6561279296875
C01 500.018 93.17781829833984
C01 525.002 93.67860412597656
C01 550.029 95.23518371582031
C01 575.023 96.62178039550781
C01 599.982 97.77191162109375
C01 619.997 98.37833404541016
C01 624.979 98.25579833984375
C01 650.012 98.71694946289062
C01 675.004 99.09415435791016
C01 700.03 99.15029907226562
C01 725.012 99.05501556396484
C01 750.022 98.90570831298828
C01 774.987 99.28689575195312
C01 799.976 98.30189514160156
C01 824.988 97.01609802246094
C01 850.022 94.78225708007812
C01 869.967 91.69234466552734
C01 875.002 91.3759765625
C01 899.999 83.45685577392578
C01 919.999 75.22016906738281
C01 925.012 71.86573028564453
C01 949.965 58.080039978027344
C01 975.002 43.274864196777344
C01 999.976 26.059558868408203
C01 1025.028 11.246230125427246
C01 1050.014 3.964038372039795
C01 1075.002 0.9422698246753276
C01 1099.99 0.09349114635878784
C02 319.994 42.7161979675293
C02 324.969 48.20083236694336
C02 349.982 74.11409759521484
C02 374.975 82.03587341308594
C02 400.019 87.29312133789062
C02 424.965 88.0691909790039
C02 450.035 89.09226989746094
C02 475.003 90.9710693359375
C02 500.018 93.4908218383789
C02 525.002 93.98611450195312
C02 550.029 95.54122924804688
C02 575.023 96.92584991455078
C02 599.982 98.0713119506836
C02 619.997 98.67391204833984
C02 624.979 98.55105590820312
C02 650.012 99.00577545166016
C02 675.004 99.38572692871094
C02 700.03 99.43385314941406
C02 725.012 99.33515930175781
C02 750.022 99.18219757080078
C02 774.987 99.56417083740234
C02 799.976 98.57878112792969
C02 824.988 97.29722595214844
C02 850.022 95.06468963623047
C02 869.967 91.99807739257812
C02 875.002 91.67774963378906
C02 899.999 83.7457275390625
C02 919.999 75.56243896484375
C02 925.012 72.16950225830078
C02 949.965 58.31599807739258
C02 975.002 43.47956848144531
C02 999.976 26.171323776245117
C02 1025.028 11.311717987060547
C02 1050.014 3.980088710784912
C02 1075.002 0.9449039242998162
C02 1099.99 0.09375249930363201
C03 319.994 42.85075378417969
C03 324.969 48.3568115234375
C03 349.982 74.31097412109375
C03 374.975 82.09449768066406
C03 400.019 87.18229675292969
C03 424.965 87.88904571533203
C03 450.035 88.88407897949219
C03 475.003 90.74465942382812
C03 500.018 93.24754333496094
C03 525.002 93.73680877685547
C03 550.029 95.28108215332031
C03 575.023 96.6566390991211
C03 599.982 97.79660034179688
C03 619.997 98.38931274414062
C03 624.979 98.26695251464844
C03 650.012 98.7186508178711
C03 675.004 99.08839416503906
C03 700.03 99.13729095458984
C03 725.012 99.03367614746094
C03 750.022 98.8819808959961
C03 774.987 99.26280212402344
C03 799.976 98.28036499023438
C03 824.988 97.00826263427734
C03 850.022 94.78758239746094
C03 869.967 91.71406555175781
C03 875.002 91.39320373535156
C03 899.999 83.52287292480469
C03 919.999 75.30394744873047
C03 925.012 71.92039489746094
C03 949.965 58.12102508544922
C03 975.002 43.351097106933594
C03 999.976 26.119211196899414
C03 1025.028 11.29851245880127
C03 1050.014 3.9666242599487305
C03 1075.002 0.9420437747424392
C03 1099.99 0.09346871789211447
C04 319.994 43.04749298095703
C04 324.969 48.58226013183594
C04 349.982 74.62713623046875
C04 374.975 82.32319641113281
C04 400.019 87.33447265625
C04 424.965 88.01388549804688
C04 450.035 89.00252532958984
C04 475.003 90.85987854003906
C04 500.018 93.36626434326172
C04 525.002 93.84833526611328
C04 550.029 95.39684295654297
C04 575.023 96.77009582519531
C04 599.982 97.90401458740234
C04 619.997 98.49948120117188
C04 624.979 98.37601470947266
C04 650.012 98.82108306884766
C04 675.004 99.18960571289062
C04 700.03 99.23283386230469
C04 725.012 99.13451385498047
C04 750.022 98.98661041259766
C04 774.987 99.37203216552734
C04 799.976 98.3963851928711
C04 824.988 97.12372589111328
C04 850.022 94.8954849243164
C04 869.967 91.81472778320312
C04 875.002 91.48632049560547
C04 899.999 83.71707916259766
C04 919.999 75.4827880859375
C04 925.012 71.99566650390625
C04 949.965 58.021915435791016
C04 975.002 43.377708435058594
C04 999.976 26.10442543029785
C04 1025.028 11.323323249816895
C04 1050.014 3.96748423576355
C04 1075.002 0.9430405749581549
C04 1099.99 0.09356761949377623
C05 319.994 43.232147216796875
C05 324.969 48.79558181762695
C05 349.982 74.88401794433594
C05 374.975 82.44686889648438
C05 400.019 87.36872100830078
C05 424.965 88.01890563964844
C05 450.035 88.99771881103516
C05 475.003 90.85269165039062
C05 500.018 93.35521697998047
C05 525.002 93.8363037109375
C05 550.029 95.37945556640625
C05 575.023 96.744384765625
C05 599.982 97.8716812133789
C05 619.997 98.4594497680664
C05 624.979 98.33802032470703
C05 650.012 98.77914428710938
C05 675.004 99.13849639892578
C05 700.03 99.18294525146484
C05 725.012 99.08758544921875
C05 750.022 98.95189666748047
C05 774.987 99.3466567993164
C05 799.976 98.38030242919922
C05 824.988 97.11247253417969
C05 850.022 94.87017822265625
C05 869.967 91.83820343017578
C05 875.002 91.51725006103516
C05 899.999 83.77803039550781
C05 919.999 75.44009399414062
C05 925.012 71.8447036743164
C05 949.965 58.04220199584961
C05 975.002 43.38434982299805
C05 999.976 26.121780395507812
C05 1025.028 11.34990119934082
C05 1050.014 3.9602842330932617
C05 1075.002 0.9427098585901367
C05 1099.99 0.09353480611956436
C06 319.994 43.48944854736328
C06 324.969 49.085975646972656
C06 349.982 75.26837158203125
C06 374.975 82.75614166259766
C06 400.019 87.5727310180664
C06 424.965 88.18128967285156
C06 450.035 89.14134216308594
C06 475.003 90.9899673461914
C06 500.018 93.49215698242188
C06 525.002 93.96792602539062
C06 550.029 95.50285339355469
C06 575.023 96.86705780029297
C06 599.982 97.99433135986328
C06 619.997 98.57652282714844
C06 624.979 98.45294189453125
C06 650.012 98.88927459716797
C06 675.004 99.25022888183594
C06 700.03 99.29107666015625
C06 725.012 99.20841979980469
C06 750.022 99.08662414550781
C06 774.987 99.4974136352539
C06 799.976 98.54261779785156
C06 824.988 97.2881851196289
C06 850.022 95.04840850830078
C06 869.967 92.09862518310547
C06 875.002 91.78330993652344
C06 899.999 83.947998046875
C06 919.999 75.42659759521484
C06 925.012 71.85670471191406
C06 949.965 58.30558776855469
C06 975.002 43.5606803894043
C06 999.976 26.245553970336914
C06 1025.028 11.430754661560059
C06 1050.014 3.970116376876831
C06 1075.002 0.9439934004450469
C06 1099.99 0.09366215796324287
C07 319.994 43.49349594116211
C07 324.969 49.08989334106445
C07 349.982 75.24640655517578
C07 374.975 82.6708755493164
C07 400.019 87.4377212524414
C07 424.965 88.0331039428711
C07 450.035 88.98473358154297
C07 475.003 90.82867431640625
C07 500.018 93.32024383544922
C07 525.002 93.79618072509766
C07 550.029 95.3307113647461
C07 575.023 96.68872833251953
C07 599.982 97.80815124511719
C07 619.997 98.388671875
C07 624.979 98.2625503540039
C07 650.012 98.69784545898438
C07 675.004 99.0519027709961
C07 700.03 99.09980010986328
C07 725.012 99.03154754638672
C07 750.022 98.9317855834961
C07 774.987 99.36556243896484
C07 799.976 98.42874145507812
C07 824.988 97.18046569824219
C07 850.022 95.01677703857422
C07 869.967 92.10372161865234
C07 875.002 91.79644012451172
C07 899.999 83.72242736816406
C07 919.999 75.41329193115234
C07 925.012 72.00076293945312
C07 949.965 58.46384048461914
C07 975.002 43.6714973449707
C07 999.976 26.304279327392578
C07 1025.028 11.420751571655273
C07 1050.014 3.9852676391601562
C07 1075.002 0.9425182607168511
C07 1099.99 0.0935157959545943
C10 319.994 41.307003021240234
C10 324.969 46.60857009887695
C10 349.982 71.541748046875
C10 374.975 79.61273193359375
C10 400.019 85.9509506225586
C10 424.965 87.26349639892578
C10 450.035 88.57538604736328
C10 475.003 90.62327575683594
C10 500.018 93.25164794921875
C10 525.002 93.8228530883789
C10 550.029 95.43042755126953
C10 575.023 96.84515380859375
C10 599.982 98.01109313964844
C10 619.997 98.62830352783203
C10 624.979 98.51136779785156
C10 650.012 98.97504425048828
C10 675.004 99.34056854248047
C10 700.03 99.30127716064453
C10 725.012 98.92945861816406
C10 750.022 98.43973541259766
C10 774.987 98.49451446533203
C10 799.976 97.40994262695312
C10 824.988 96.2078628540039
C10 850.022 93.94161224365234
C10 869.967 90.94512176513672
C10 875.002 90.65409851074219
C10 899.999 83.20896911621094
C10 919.999 75.20355224609375
C10 925.012 71.74122619628906
C10 949.965 57.49672317504883
C10 975.002 43.00603485107422
C10 999.976 25.930673599243164
C10 1025.028 11.31216049194336
C10 1050.014 3.9635491371154785
C10 1075.002 0.9378305290072466
C10 1099.99 0.09305068352089797
C11 319.994 41.60403823852539
C11 324.969 46.942874908447266
C11 349.982 72.0205078125
C11 374.975 80.0137710571289
C11 400.019 86.203857421875
C11 424.965 87.4462890625
C11 450.035 88.72789764404297
C11 475.003 90.76145935058594
C11 500.018 93.38327026367188
C11 525.002 93.94474792480469
C11 550.029 95.54102325439453
C11 575.023 96.95117950439453
C11 599.982 98.11631774902344
C11 619.997 98.72882080078125
C11 624.979 98.6064224243164
C11 650.012 99.07035064697266
C11 675.004 99.43189239501953
C11 700.03 99.38617706298828
C11 725.012 98.99842071533203
C11 750.022 98.49182891845703
C11 774.987 98.53317260742188
C11 799.976 97.44408416748047
C11 824.988 96.24266052246094
C11 850.022 93.98936462402344
C11 869.967 90.99372100830078
C11 875.002 90.69872283935547
C11 899.999 83.22433471679688
C11 919.999 75.27405548095703
C11 925.012 71.83006286621094
C11 949.965 57.582332611083984
C11 975.002 43.01192092895508
C11 999.976 25.95394515991211
C11 1025.028 11.297001838684082
C11 1050.014 3.9560041427612305
C11 1075.002 0.9383268215274183
C11 1099.99 0.09309992520881484
C12 319.994 41.87051773071289
C12 324.969 47.24504470825195
C12 349.982 72.46898651123047
C12 374.975 80.36351776123047
C12 400.019 86.37179565429688
C12 424.965 87.53965759277344
C12 450.035 88.78907775878906
C12 475.003 90.79936981201172
C12 500.018 93.41236877441406
C12 525.002 93.96184539794922
C12 550.029 95.55692291259766
C12 575.023 96.9605484008789
C12 599.982 98.11824035644531
C12 619.997 98.7237548828125
C12 624.979 98.60506439208984
C12 650.012 99.06475067138672
C12 675.004 99.41944122314453
C12 700.03 99.36341857910156
C12 725.012 98.9688720703125
C12 750.022 98.4589614868164
C12 774.987 98.48893737792969
C12 799.976 97.39910888671875
C12 824.988 96.2069091796875
C12 850.022 93.95911407470703
C12 869.967 90.97271728515625
C12 875.002 90.69046020507812
C12 899.999 83.20089721679688
C12 919.999 75.17472076416016
C12 925.012 71.77035522460938
C12 949.965 57.588985443115234
C12 975.002 43.096160888671875
C12 999.976 26.039697647094727
C12 1025.028 11.315938949584961
C12 1050.014 3.944206953048706
C12 1075.002 0.9380136951535609
C12 1099.99 0.09306885709766399
C13 319.994 42.28871536254883
C13 324.969 47.71995544433594
C13 349.982 73.14657592773438
C13 374.975 80.97932434082031
C13 400.019 86.83756256103516
C13 424.965 87.93744659423828
C13 450.035 89.15478515625
C13 475.003 91.15711212158203
C13 500.018 93.75927734375
C13 525.002 94.30513763427734
C13 550.029 95.89464569091797
C13 575.023 97.29595184326172
C13 599.982 98.45242309570312
C13 619.997 99.05904388427734
C13 624.979 98.9330062866211
C13 650.012 99.38816833496094
C13 675.004 99.74078369140625
C13 700.03 99.68215942382812
C13 725.012 99.28158569335938
C13 750.022 98.76439666748047
C13 774.987 98.79325103759766
C13 799.976 97.7037353515625
C13 824.988 96.51457214355469
C13 850.022 94.26683044433594
C13 869.967 91.28755187988281
C13 875.002 91.01580810546875
C13 899.999 83.5797348022461
C13 919.999 75.48800659179688
C13 925.012 71.947509765625
C13 949.965 57.82072830200195
C13 975.002 43.22050094604492
C13 999.976 26.092409133911133
C13 1025.028 11.379552841186523
C13 1050.014 3.954465627670288
C13 1075.002 0.9409235612206515
C13 1099.99 0.0933575713356017
C14 319.994 42.375572204589844
C14 324.969 47.818607330322266
C14 349.982 73.23262786865234
C14 374.975 80.94557189941406
C14 400.019 86.69879913330078
C14 424.965 87.75139617919922
C14 450.035 88.94624328613281
C14 475.003 90.92977905273438
C14 500.018 93.51825714111328
C14 525.002 94.05065155029297
C14 550.029 95.6327896118164
C14 575.023 97.02232360839844
C14 599.982 98.1671371459961
C14 619.997 98.7660140991211
C14 624.979 98.64073181152344
C14 650.012 99.09093475341797
C14 675.004 99.43560791015625
C14 700.03 99.37300872802734
C14 725.012 98.97195434570312
C14 750.022 98.45954895019531
C14 774.987 98.49063873291016
C14 799.976 97.40963745117188
C14 824.988 96.23294830322266
C14 850.022 94.0064697265625
C14 869.967 91.05533599853516
C14 875.002 90.78694915771484
C14 899.999 83.38516235351562
C14 919.999 75.27468872070312
C14 925.012 71.70790100097656
C14 949.965 57.80394744873047
C14 975.002 43.05876922607422
C14 999.976 26.07616424560547
C14 1025.028 11.359686851501465
C14 1050.014 3.940028667449951
C14 1075.002 0.9380192919060256
C14 1099.99 0.0930694124023019
C15 319.994 42.619728088378906
C15 324.969 48.09358215332031
C15 349.982 73.59821319580078
C15 374.975 81.19769287109375
C15 400.019 86.84404754638672
C15 424.965 87.8512954711914
C15 450.035 89.02589416503906
C15 475.003 90.99899291992188
C15 500.018 93.58234405517578
C15 525.002 94.10733795166016
C15 550.029 95.6827163696289
C15 575.023 97.06671142578125
C15 599.982 98.20555877685547
C15 619.997 98.80018615722656
C15 624.979 98.67674255371094
C15 650.012 99.11507415771484
C15 675.004 99.4565658569336
C15 700.03 99.39142608642578
C15 725.012 98.99604797363281
C15 750.022 98.492919921875
C15 774.987 98.53754425048828
C15 799.976 97.46725463867188
C15 824.988 96.30734252929688
C15 850.022 94.11590576171875
C15 869.967 91.1452407836914
C15 875.002 90.94445037841797
C15 899.999 83.40865325927734
C15 919.999 75.4579086303711
C15 925.012 71.83299255371094
C15 949.965 57.91264724731445
C15 975.002 43.136348724365234
C15 999.976 26.015827178955078
C15 1025.028 11.389158248901367
C15 1050.014 3.9525556564331055
C15 1075.002 0.938337215361183
C15 1099.99 0.09310095647545234
C16 319.994 42.90095138549805
C16 324.969 48.41107940673828
C16 349.982 74.02690887451172
C16 374.975 81.5848617553711
C16 400.019 87.10635375976562
C16 424.965 88.0714111328125
C16 450.035 89.22667694091797
C16 475.003 91.19263458251953
C16 500.018 93.7720947265625
C16 525.002 94.2919692993164
C16 550.029 95.86446380615234
C16 575.023 97.24652099609375
C16 599.982 98.3787841796875
C16 619.997 98.96922302246094
C16 624.979 98.84453582763672
C16 650.012 99.28401947021484
C16 675.004 99.6183853149414
C16 700.03 99.55860900878906
C16 725.012 99.17507934570312
C16 750.022 98.68860626220703
C16 774.987 98.75460052490234
C16 799.976 97.69062805175781
C16 824.988 96.54541015625
C16 850.022 94.38448333740234
C16 869.967 91.45833587646484
C16 875.002 91.1748275756836
C16 899.999 83.560546875
C16 919.999 75.51493072509766
C16 925.012 72.14424133300781
C16 949.965 58.070289611816406
C16 975.002 43.25524139404297
C16 999.976 26.158029556274414
C16 1025.028 11.36489486694336
C16 1050.014 3.976386785507202
C16 1075.002 0.9402015092430968
C16 1099.99 0.09328593000172425
C17 319.994 42.979881286621094
C17 324.969 48.4997444152832
C17 349.982 74.17315673828125
C17 374.975 81.70643615722656
C17 400.019 87.17845916748047
C17 424.965 88.11180114746094
C17 450.035 89.25151824951172
C17 475.003 91.2110824584961
C17 500.018 93.78572082519531
C17 525.002 94.2998275756836
C17 550.029 95.86681365966797
C17 575.023 97.24717712402344
C17 599.982 98.3782730102539
C17 619.997 98.96648406982422
C17 624.979 98.84219360351562
C17 650.012 99.27786254882812
C17 675.004 99.61318969726562
C17 700.03 99.55830383300781
C17 725.012 99.19357299804688
C17 750.022 98.73546600341797
C17 774.987 98.8285140991211
C17 799.976 97.78551483154297
C17 824.988 96.65065002441406
C17 850.022 94.53208923339844
C17 869.967 91.58314514160156
C17 875.002 91.29044342041016
C17 899.999 83.65718078613281
C17 919.999 75.80659484863281
C17 925.012 72.40321350097656
C17 949.965 58.177032470703125
C17 975.002 43.161800384521484
C17 999.976 26.092287063598633
C17 1025.028 11.374787330627441
C17 1050.014 4.046511650085449
C17 1075.002 0.9406479392367703
C17 1099.99 0.09333022437556972
