lsstCam/transmission_sensor/r13_s01/19700101T000000.ecsv
# %ECSV 1.0
# ---
# datatype:
# - {name: amp_name, datatype: string}
# - {name: wavelength, unit: nm, datatype: float32}
# - {name: efficiency, unit: '%', datatype: float64}
# meta: !!omap
# - {MODE: AMP}
# - {TYPE: transmission_sensor}
# - {CALIBDATE: '1970-01-01T00:00:00'}
# - {INSTRUME: LSSTCam}
# - {OBSTYPE: transmission_sensor}
# - {DETECTOR: 55}
# - {PARQUETFILE: qe_raft_allvalues_nircorrected_20230725_adjust.parquet}
# - {CORRFILE: qe_corr_factor_bydetnum.parquet}
# - {CALIBCLS: lsst.ip.isr.IntermediateSensorTransmissionCurve}
# - {CALIB_ID: 'raftName=R13 detectorName=S01 detector=55 calibDate=1970-01-01T00:00:00 ccd=55 ccdnum=55 filter=None'}
# - {DATE: '2025-03-03T21:56:47.681691'}
# - {CALIB_CREATION_DATE: '2025-03-03'}
# - {CALIB_CREATION_TIME: '21:56:47'}
# - __serialized_columns__:
#     efficiency:
#       __class__: astropy.units.quantity.Quantity
#       unit: !astropy.units.Unit {unit: '%'}
#       value: !astropy.table.SerializedColumn {name: efficiency}
#     wavelength:
#       __class__: astropy.units.quantity.Quantity
#       unit: !astropy.units.Unit {unit: nm}
#       value: !astropy.table.SerializedColumn {name: wavelength}
# schema: astropy-2.0
amp_name wavelength efficiency
C00 319.994 42.16400110835542
C00 324.969 47.57742662635058
C00 349.982 73.28352034712519
C00 374.975 81.39941459345576
C00 400.019 86.85924151335733
C00 424.965 87.71622218413017
C00 450.035 88.77852982302912
C00 475.003 90.6742197928388
C00 500.018 93.20649906817007
C00 525.002 93.71414631058256
C00 550.029 95.27880188874286
C00 575.023 96.67215921309538
C00 599.982 97.82792728938722
C00 619.997 98.44030650287918
C00 624.979 98.31951603740231
C00 650.012 98.78823290125423
C00 675.004 99.17034095198949
C00 700.03 99.2317761634127
C00 725.012 99.14031921436843
C00 750.022 98.99803330710532
C00 774.987 99.38843059971046
C00 799.976 98.40189611366101
C00 824.988 97.10901908282369
C00 850.022 94.87295020700573
C00 869.967 91.74883129720698
C00 875.002 91.41933393287847
C00 899.999 83.48240778315596
C00 919.999 75.17732917901976
C00 925.012 71.82797841494424
C00 949.965 58.123777823179715
C00 975.002 43.249226512830084
C00 999.976 26.0514679655758
C00 1025.028 11.271702874269621
C00 1050.014 3.973983421276055
C00 1075.002 0.9431494002386807
C00 1099.99 0.09357841703813428
C01 319.994 42.44755206145211
C01 324.969 47.901379986660935
C01 349.982 73.71341388904587
C01 374.975 81.74232462405715
C01 400.019 87.11152810724269
C01 424.965 87.92986898173454
C01 450.035 88.97280701762936
C01 475.003 90.86416119395174
C01 500.018 93.39163821476798
C01 525.002 93.89357322131626
C01 550.029 95.45372477414318
C01 575.023 96.8435033483157
C01 599.982 97.9962738389867
C01 619.997 98.60408785192854
C01 624.979 98.48127095739676
C01 650.012 98.94348030756669
C01 675.004 99.32155079399631
C01 700.03 99.37782434650607
C01 725.012 99.28232218625408
C01 750.022 99.13267231227442
C01 774.987 99.51473448159712
C01 799.976 98.52747353984873
C01 824.988 97.23872583614217
C01 850.022 94.99975878443058
C01 869.967 91.90275578945717
C01 875.002 91.58566170032515
C01 899.999 83.64836849930212
C01 919.999 75.3927806455183
C01 925.012 72.0306442611416
C01 949.965 58.21331922324944
C01 975.002 43.374169246144
C01 999.976 26.119359074091882
C01 1025.028 11.272037426236235
C01 1050.014 3.973134854109311
C01 1075.002 0.9444320995476555
C01 1099.99 0.09370568528517911
C02 319.994 42.81422101685956
C02 324.969 48.31144128800081
C02 349.982 74.28417101444018
C02 374.975 82.22412533739191
C02 400.019 87.49343733852349
C02 424.965 88.2712878664276
C02 450.035 89.29671449652714
C02 475.003 91.1798253123922
C02 500.018 93.70536002007655
C02 525.002 94.20178925711716
C02 550.029 95.76047260474203
C02 575.023 97.14827063127221
C02 599.982 98.29636121786167
C02 619.997 98.90034413285441
C02 624.979 98.77720606843468
C02 650.012 99.23296908013937
C02 675.004 99.61379245132282
C02 700.03 99.6620291097318
C02 725.012 99.56310878424378
C02 750.022 99.4097960441611
C02 774.987 99.79264584439947
C02 799.976 98.8049949106443
C02 824.988 97.520498884502
C02 850.022 95.2828394530485
C02 869.967 92.20919009707016
C02 875.002 91.88812726575135
C02 899.999 83.93790315328737
C02 919.999 75.73583596725948
C02 925.012 72.33511331491644
C02 949.965 58.44981878776173
C02 975.002 43.5793432762282
C02 999.976 26.23138045459246
C02 1025.028 11.337675566222872
C02 1050.014 3.9892220243895706
C02 1075.002 0.9470722437755901
C02 1099.99 0.09396763797002412
C03 319.994 42.949085605640455
C03 324.969 48.46777837786166
C03 349.982 74.48149932297594
C03 374.975 82.28288413308223
C03 400.019 87.38235843870599
C03 424.965 88.090729214184
C03 450.035 89.08804583218598
C03 475.003 90.95289584585056
C03 500.018 93.46152325300508
C03 525.002 93.95191143739142
C03 550.029 95.49972853714071
C03 575.023 96.87844204398321
C03 599.982 98.02101921416289
C03 619.997 98.61509174404182
C03 624.979 98.49245072825819
C03 650.012 98.94518556673366
C03 675.004 99.31577738291533
C03 700.03 99.3647863784358
C03 725.012 99.26093380109714
C03 750.022 99.10889044676208
C03 774.987 99.49058556478425
C03 799.976 98.50589398213945
C03 824.988 97.23087246769163
C03 850.022 95.0050963220922
C03 869.967 91.9245265197188
C03 875.002 91.6029284052534
C03 899.999 83.71453714312153
C03 919.999 75.47675127741255
C03 925.012 72.08543431464514
C03 949.965 58.25439838129843
C03 975.002 43.45057709186728
C03 999.976 26.17914828983937
C03 1025.028 11.324439734560915
C03 1050.014 3.975726675987797
C03 1075.002 0.9442055308863976
C03 1099.99 0.09368320535075347
C04 319.994 43.14627626993852
C04 324.969 48.693744334739456
C04 349.982 74.79838694575143
C04 374.975 82.51210767025208
C04 400.019 87.534883547873
C04 424.965 88.21585547314817
C04 450.035 89.20676398719539
C04 475.003 91.0683793612742
C04 500.018 93.58051669648987
C04 525.002 94.06369385220155
C04 550.029 95.61575498261301
C04 575.023 96.99215912502314
C04 599.982 98.12867994874436
C04 619.997 98.72551301027923
C04 624.979 98.60176319369197
C04 650.012 99.04785287424774
C04 675.004 99.41722118609438
C04 700.03 99.460548533359
C04 725.012 99.36200290607358
C04 750.022 99.21376006207923
C04 774.987 99.60006626206409
C04 799.976 98.62218042228295
C04 824.988 97.34660068398227
C04 850.022 95.11324645840769
C04 869.967 92.02541974594708
C04 875.002 91.69625884531071
C04 899.999 83.90918903592438
C04 919.999 75.65600230939808
C04 925.012 72.16087865070457
C04 949.965 58.15506129964628
C04 975.002 43.477249486371164
C04 999.976 26.164328593581192
C04 1025.028 11.349307460170614
C04 1050.014 3.9765886252332057
C04 1075.002 0.9452046185106694
C04 1099.99 0.09378233390699077
C05 319.994 43.33135424131967
C05 324.969 48.907555540738834
C05 349.982 75.05585813925651
C05 374.975 82.63606395319587
C05 400.019 87.56921049137297
C05 424.965 88.22088713472601
C05 450.035 89.20194643887616
C05 475.003 91.06117597950164
C05 500.018 93.56944398225775
C05 525.002 94.0516346875993
C05 550.029 95.59832769274078
C05 575.023 96.96638906496634
C05 599.982 98.09627237766998
C05 619.997 98.68538971499198
C05 624.979 98.56368162126384
C05 650.012 99.00581785343701
C05 675.004 99.36599458896666
C05 700.03 99.41054544056632
C05 725.012 99.31496681129337
C05 750.022 99.17896665755153
C05 774.987 99.57463266569944
C05 799.976 98.6060607526688
C05 824.988 97.33532150339362
C05 850.022 95.08788168416187
C05 869.967 92.04894926369033
C05 875.002 91.7272593863998
C05 899.999 83.97028013675337
C05 919.999 75.61321024528004
C05 925.012 72.00956939897054
C05 949.965 58.17539441231423
C05 975.002 43.48390611464399
C05 999.976 26.181723384119525
C05 1025.028 11.375946399477835
C05 1050.014 3.9693721003476807
C05 1075.002 0.9448731432308474
C05 1099.99 0.09374944523424691
C06 319.994 43.58924601443994
C06 324.969 49.19861575169183
C06 349.982 75.44109377294821
C06 374.975 82.94604642338048
C06 400.019 87.77368865336662
C06 424.965 88.38364379889478
C06 450.035 89.34589937079578
C06 475.003 91.19876668887905
C06 500.018 93.70669822794301
C06 525.002 94.18355904252505
C06 550.029 95.7220086872092
C06 575.023 97.08934360373581
C06 599.982 98.21920397573318
C06 619.997 98.80273142762447
C06 624.979 98.6788669075058
C06 650.012 99.11620088516395
C06 675.004 99.47798347013334
C06 700.03 99.51892498394463
C06 725.012 99.4360784466582
C06 750.022 99.31400330162953
C06 774.987 99.72573545107694
C06 799.976 98.76874859471872
C06 824.988 97.51143730552062
C06 850.022 95.26652096397989
C06 869.967 92.30996861976703
C06 875.002 91.99392980312398
C06 899.999 84.14063782160358
C06 919.999 75.59968287547575
C06 925.012 72.0215979759644
C06 949.965 58.43938458985446
C06 975.002 43.6606413158406
C06 999.976 26.305780988516062
C06 1025.028 11.456985400281797
C06 1050.014 3.979226806455637
C06 1075.002 0.946159630495053
C06 1099.99 0.09387708931872983
C07 319.994 43.593302696000805
C07 324.969 49.2025424359171
C07 349.982 75.41907834181958
C07 374.975 82.8605846455779
C07 400.019 87.63836907391114
C07 424.965 88.23511801952296
C07 450.035 89.18893141151217
C07 475.003 91.03710353170972
C07 500.018 93.53439058305884
C07 525.002 94.01141962948695
C07 550.029 95.5494716352622
C07 575.023 96.91060491419059
C07 599.982 98.03259662393322
C07 619.997 98.61444940426593
C07 624.979 98.48803846574995
C07 650.012 98.9243324647233
C07 675.004 99.27920225019972
C07 700.03 99.32720950154587
C07 725.012 99.25880031541291
C07 750.022 99.15880942363172
C07 774.987 99.59358168908838
C07 799.976 98.65461093406363
C07 824.988 97.40347069485537
C07 850.022 95.23481690789815
C07 869.967 92.31507675036583
C07 875.002 92.00709012162775
C07 899.999 83.91454951429228
C07 919.999 75.5863466782238
C07 925.012 72.16598678130337
C07 949.965 58.598000456539324
C07 975.002 43.771712568755994
C07 999.976 26.364641105659132
C07 1025.028 11.446959355773796
C07 1050.014 3.994412837117256
C07 1075.002 0.9446811056880996
C07 1099.99 0.09373039144567674
C10 319.994 41.4017923186846
C10 324.969 46.715525174080234
C10 349.982 71.70591856371976
C10 374.975 79.79542335092393
C10 400.019 86.14818667524435
C10 424.965 87.46374441769248
C10 450.035 88.77864452656053
C10 475.003 90.83123363353496
C10 500.018 93.46563728633166
C10 525.002 94.03815319920758
C10 550.029 95.64941664563082
C10 575.023 97.06738934782393
C10 599.982 98.2360042196337
C10 619.997 98.85463095213647
C10 624.979 98.73742688374168
C10 650.012 99.20216735850472
C10 675.004 99.56853043782843
C10 700.03 99.5291488920443
C10 725.012 99.15647711849306
C10 750.022 98.66563011998109
C10 774.987 98.72053487701602
C10 799.976 97.6334742160388
C10 824.988 96.42863596900975
C10 850.022 94.15718487720284
C10 869.967 91.1538181983705
C10 875.002 90.86212711799475
C10 899.999 83.39991300336585
C10 919.999 75.37612569275757
C10 925.012 71.90585446586957
C10 949.965 57.62866385329929
C10 975.002 43.1047230039597
C10 999.976 25.99017804529236
C10 1025.028 11.338119086544324
C10 1050.014 3.972644496512533
C10 1075.002 0.9399826168002237
C10 1099.99 0.09326421169463472
C11 319.994 41.69950915791043
C11 324.969 47.05059713003527
C11 349.982 72.18577696392265
C11 374.975 80.1973827594952
C11 400.019 86.40167383275846
C11 424.965 87.6469565449627
C11 450.035 88.93150609941965
C11 475.003 90.96973432426155
C11 500.018 93.5975616412574
C11 525.002 94.16032775396347
C11 550.029 95.76026613838549
C11 575.023 97.1736583462243
C11 599.982 98.34147029331419
C11 619.997 98.95537888722497
C11 624.979 98.83269963693087
C11 650.012 99.29769245946302
C11 675.004 99.66006385589364
C11 700.03 99.61424361854638
C11 725.012 99.22559746652075
C11 750.022 98.71784316747893
C11 774.987 98.75928172992634
C11 799.976 97.66769410290948
C11 824.988 96.4635134894605
C11 850.022 94.2050468374092
C11 869.967 91.2025289647093
C11 875.002 90.90685384834256
C11 899.999 83.41531386418318
C11 919.999 75.44679071500825
C11 925.012 71.99489499385214
C11 949.965 57.71446974169609
C11 975.002 43.110622588925224
C11 999.976 26.013503008404594
C11 1025.028 11.322925647946303
C11 1050.014 3.965082188272945
C11 1075.002 0.9404800481882839
C11 1099.99 0.09331356637997724
C12 319.994 41.966600154249775
C12 324.969 47.35346033437037
C12 349.982 72.63528480971445
C12 374.975 80.5479320452885
C12 400.019 86.56999744165165
C12 424.965 87.74053933278911
C12 450.035 88.99282660731146
C12 475.003 91.00773178076666
C12 500.018 93.62672692584393
C12 525.002 94.17746446155613
C12 550.029 95.77620228234939
C12 575.023 97.18304874199573
C12 599.982 98.34339731264188
C12 619.997 98.95030134423455
C12 624.979 98.83133848835813
C12 650.012 99.29207963332603
C12 675.004 99.64758411167622
C12 700.03 99.59143290959996
C12 725.012 99.19598101471068
C12 750.022 98.68490031325797
C12 774.987 98.71494499158531
C12 799.976 97.62261561506533
C12 824.988 96.427680106248
C12 850.022 94.17472687060648
C12 869.967 91.1814770432445
C12 875.002 90.89857225337477
C12 899.999 83.3918225809504
C12 919.999 75.34722804974433
C12 925.012 71.93505033806447
C12 949.965 57.721137840322065
C12 975.002 43.19505585839616
C12 999.976 26.09945227621567
C12 1025.028 11.34190621480638
C12 1050.014 3.953257926944402
C12 1075.002 0.940166203267284
C12 1099.99 0.09328242697523903
C13 319.994 42.38575744563047
C13 324.969 47.82946087246683
C13 349.982 73.31442912538915
C13 374.975 81.16515174780596
C13 400.019 87.03683316758845
C13 424.965 88.13924116106834
C13 450.035 89.3593732122854
C13 475.003 91.36629501995446
C13 500.018 93.97443156405825
C13 525.002 94.52154446817791
C13 550.029 96.11470005044254
C13 575.023 97.51922185185231
C13 599.982 98.67834691816341
C13 619.997 99.28635975055971
C13 624.979 99.16003292796677
C13 650.012 99.61623945999291
C13 675.004 99.96966398097355
C13 700.03 99.91090518528323
C13 725.012 99.50941223773968
C13 750.022 98.99103639168929
C13 774.987 99.01995697540882
C13 799.976 97.92794112187468
C13 824.988 96.73604908009078
C13 850.022 94.48314937276392
C13 869.967 91.49703410505565
C13 875.002 91.22466674627144
C13 899.999 83.77152950442813
C13 919.999 75.66123279043038
C13 925.012 72.11261140468723
C13 949.965 57.953412491427414
C13 975.002 43.31968124527318
C13 999.976 26.152284722783136
C13 1025.028 11.405666084466178
C13 1050.014 3.963540142672551
C13 1075.002 0.9430827467532135
C13 1099.99 0.09357180374053951
C14 319.994 42.47281360251965
C14 324.969 47.92833913999334
C14 349.982 73.40067853410741
C14 374.975 81.1313218529421
C14 400.019 86.89775131230273
C14 424.965 87.95276380660398
C14 450.035 89.15035279044793
C14 475.003 91.13844027825945
C14 500.018 93.7328582800066
C14 525.002 94.26647440193032
C14 550.029 95.85224307677215
C14 575.023 97.24496570825087
C14 599.982 98.39240630816235
C14 619.997 98.99265753493323
C14 624.979 98.8670877556476
C14 650.012 99.31832380131264
C14 675.004 99.66378789721342
C14 700.03 99.60104506553212
C14 725.012 99.19907036315665
C14 750.022 98.68548912471921
C14 774.987 98.71665025075228
C14 799.976 97.63316833995505
C14 824.988 96.45377898309484
C14 850.022 94.22219119190396
C14 869.967 91.26428534602047
C14 875.002 90.99528262415762
C14 899.999 83.57651056032476
C14 919.999 75.44742540788205
C14 925.012 71.87245279752297
C14 949.965 57.93659313027165
C14 975.002 43.15757839123345
C14 999.976 26.13600255649948
C14 1025.028 11.385754507276156
C14 1050.014 3.949070053219483
C14 1075.002 0.9401718128629034
C14 1099.99 0.09328298355416295
C15 319.994 42.71752976333194
C15 324.969 48.20394496181436
C15 349.982 73.76710278864786
C15 374.975 81.38402137954053
C15 400.019 87.04333303436836
C15 424.965 88.05289234262285
C15 450.035 89.23018644830933
C15 475.003 91.20781297405625
C15 500.018 93.79709225759622
C15 525.002 94.32329088448877
C15 550.029 95.90228440407532
C15 575.023 97.28945538463378
C15 599.982 98.43091610710775
C15 619.997 99.02690800941227
C15 624.979 98.90318113353129
C15 650.012 99.34251859953807
C15 675.004 99.68479393726565
C15 700.03 99.61950468718705
C15 725.012 99.22321927996951
C15 750.022 98.71893667447839
C15 774.987 98.7636634048262
C15 799.976 97.69091774456896
C15 824.988 96.52834392541345
C15 850.022 94.33187835554034
C15 869.967 91.3543964402962
C15 875.002 91.15314527098623
C15 899.999 83.6000553718722
C15 919.999 75.63106576166953
C15 925.012 71.99783140425625
C15 949.965 58.045542367855965
C15 975.002 43.23533591517632
C15 999.976 26.075527031289056
C15 1025.028 11.41529353420253
C15 1050.014 3.9616257885264554
C15 1075.002 0.9404904658733118
C15 1099.99 0.09331460001311516
C16 319.994 42.99939839796795
C16 324.969 48.52217079245631
C16 349.982 74.19678221730992
C16 374.975 81.77207872010491
C16 400.019 87.30624117526229
C16 424.965 88.27351311493695
C16 450.035 89.4314299707172
C16 475.003 91.40189899610415
C16 500.018 93.98727835957618
C16 525.002 94.50834591516366
C16 550.029 96.08444890575866
C16 575.023 97.46967757318525
C16 599.982 98.6045390191521
C16 619.997 99.196332772207
C16 624.979 99.0713594512847
C16 650.012 99.51185159950768
C16 675.004 99.84698473067945
C16 700.03 99.78707125277295
C16 725.012 99.4026614845074
C16 750.022 98.91507206628746
C16 774.987 98.9812177694006
C16 799.976 97.91480374407719
C16 824.988 96.76695785835473
C16 850.022 94.60107224995554
C16 869.967 91.66821000842991
C16 875.002 91.38405112661674
C16 899.999 83.75229754566172
C16 919.999 75.68821870792011
C16 925.012 72.3097944220832
C16 949.965 58.203546482373305
C16 975.002 43.354501413958225
C16 999.976 26.21805572769366
C16 1025.028 11.390974473818074
C16 1050.014 3.9855116041141456
C16 1075.002 0.9423590378459697
C16 1099.99 0.09349999800762052
C17 319.994 43.07850942358146
C17 324.969 48.61103926514176
C17 349.982 74.34336568354986
C17 374.975 81.89393210497286
C17 400.019 87.37851204695272
C17 424.965 88.3139958146226
C17 450.035 89.45632828393528
C17 475.003 91.42038920536744
C17 500.018 94.00093572671607
C17 525.002 94.51622222432047
C17 550.029 96.08680415160362
C17 575.023 97.47033520676534
C17 599.982 98.6040266767118
C17 619.997 99.19358753435526
C17 624.979 99.06901185234184
C17 650.012 99.5056805495178
C17 675.004 99.84177719035344
C17 700.03 99.78676537668919
C17 725.012 99.42119757518326
C17 750.022 98.96203933894884
C17 774.987 99.05530095688731
C17 799.976 98.00990826542031
C17 824.988 96.87243922583941
C17 850.022 94.74901686476822
C17 869.967 91.7933056797857
C17 875.002 91.49993228094927
C17 899.999 83.84915320758437
C17 919.999 75.98055212807176
C17 925.012 72.56936086676204
C17 949.965 58.310534289570505
C17 975.002 43.26084598056192
C17 999.976 26.152162372349633
C17 1025.028 11.400889638245712
C17 1050.014 4.055797387814105
C17 1075.002 0.942806492285436
C17 1099.99 0.0935443940260364
