lsstCam/transmission_filter_detector/r20_s00/u_24/19700101T000000.ecsv
# %ECSV 1.0
# ---
# datatype:
# - {name: wavelength, unit: nm, datatype: float32}
# - {name: efficiency, unit: '%', datatype: float64}
# meta: !!omap
# - {MODE: DETECTOR}
# - {TYPE: transmission_filter_detector}
# - {CALIBDATE: '1970-01-01T00:00:00'}
# - {INSTRUME: LSSTCam}
# - {OBSTYPE: transmission_filter_detector}
# - {CALIBCLS: lsst.ip.isr.IntermediateFilterDetectorTransmissionCurve}
# - {SOURCE: Materion (DM-46256)}
# - {DETECTOR: 72}
# - {FILTER: u_24}
# - {CALIB_ID: 'calibDate=1970-01-01T00:00:00 filter=u_24 detector=72'}
# - {DATE: '2025-04-02T15:59:40.082691'}
# - {CALIB_CREATION_DATE: '2025-04-02'}
# - {CALIB_CREATION_TIME: '15:59:40'}
# - __serialized_columns__:
#     efficiency:
#       __class__: astropy.units.quantity.Quantity
#       unit: !astropy.units.Unit {unit: '%'}
#       value: !astropy.table.SerializedColumn {name: efficiency}
#     wavelength:
#       __class__: astropy.units.quantity.Quantity
#       unit: !astropy.units.Unit {unit: nm}
#       value: !astropy.table.SerializedColumn {name: wavelength}
# schema: astropy-2.0
wavelength efficiency
295.0 1.6987158207859565e-10
296.0 1.6987158207859565e-10
297.0 0.07566051208414137
298.0 1.6987158207859565e-10
299.0 1.6987158207859565e-10
300.0 1.6987158207859565e-10
301.0 1.6987158207859565e-10
302.0 1.6987158207859565e-10
303.0 1.6987158207859565e-10
304.0 0.07474052836187184
305.0 1.2247508391737938
306.0 2.606598287820816
307.0 4.707160219550133
308.0 7.6622650027275085
309.0 11.28304973244667
310.0 14.803095161914825
311.0 18.790467083454132
312.0 22.609618306159973
313.0 25.311386585235596
314.0 28.208857774734497
315.0 30.63175082206726
316.0 32.891204953193665
317.0 36.26972138881683
318.0 39.95772898197174
319.0 44.65016722679138
320.0 50.93299150466919
321.0 56.31927251815796
322.0 62.18463182449341
323.0 66.99178218841553
324.0 70.68038582801819
325.0 73.10402393341064
326.0 75.33338665962219
327.0 76.86182260513306
328.0 78.48011255264282
329.0 79.77576851844788
330.0 80.94888925552368
331.0 81.26265406608582
332.0 81.45077228546143
333.0 81.59191012382507
334.0 81.69168829917908
335.0 81.94885849952698
336.0 82.54831433296204
337.0 83.20337533950806
338.0 84.06364917755127
339.0 84.55227613449097
340.0 84.87908840179443
341.0 85.30678153038025
342.0 85.56453585624695
343.0 85.53256392478943
344.0 85.72311997413635
345.0 86.24963760375977
346.0 86.63500547409058
347.0 86.96393370628357
348.0 87.10078001022339
349.0 87.33750581741333
350.0 87.39224076271057
351.0 87.49168515205383
352.0 87.45149970054626
353.0 87.44478225708008
354.0 87.33466863632202
355.0 87.54554390907288
356.0 87.56470084190369
357.0 87.41793632507324
358.0 86.97319626808167
359.0 86.75689101219177
360.0 86.61497831344604
361.0 86.4382803440094
362.0 86.30470633506775
363.0 86.54403686523438
364.0 86.75424456596375
365.0 87.17973232269287
366.0 87.42162585258484
367.0 87.4926507472992
368.0 87.48685717582703
369.0 87.6019835472107
370.0 87.54040598869324
371.0 87.50465512275696
372.0 87.67821192741394
373.0 87.88542151451111
374.0 87.98255324363708
375.0 88.26085925102234
376.0 88.51563334465027
377.0 88.57841491699219
378.0 88.59673142433167
379.0 88.01990151405334
380.0 87.03487515449524
381.0 85.51917672157288
382.0 83.5375428199768
383.0 81.47854804992676
384.0 79.34971451759338
385.0 76.74304246902466
386.0 73.88486862182617
387.0 70.14876008033752
388.0 66.32466912269592
389.0 61.67347431182861
390.0 57.36429691314697
391.0 53.03258299827576
392.0 48.767125606536865
393.0 45.1851487159729
394.0 41.58673882484436
395.0 37.40425705909729
396.0 32.5982004404068
397.0 26.072877645492554
398.0 19.25724744796753
399.0 12.497849762439728
400.0 6.994196772575378
401.0 3.189561888575554
402.0 1.0791650041937828
403.0 0.3305655438452959
404.0 0.12999214231967926
405.0 0.05167513736523688
406.0 0.02529759076423943
407.0 0.01231719070347026
408.0 1.6987158207859565e-10
409.0 1.6987158207859565e-10
410.0 1.6987158207859565e-10
411.0 1.6987158207859565e-10
412.0 1.6987158207859565e-10
413.0 1.6987158207859565e-10
414.0 1.6987158207859565e-10
415.0 1.6987158207859565e-10
416.0 1.6987158207859565e-10
417.0 1.6987158207859565e-10
418.0 1.6987158207859565e-10
419.0 1.6987158207859565e-10
420.0 1.6987158207859565e-10
421.0 1.6987158207859565e-10
422.0 1.6987158207859565e-10
423.0 1.6987158207859565e-10
424.0 1.6987158207859565e-10
425.0 1.6987158207859565e-10
426.0 1.6987158207859565e-10
427.0 1.6987158207859565e-10
428.0 0.0019251583580626175
429.0 1.4593906882964802e-05
430.0 1.6987158207859565e-10
431.0 1.6987158207859565e-10
432.0 1.6987158207859565e-10
433.0 1.6987158207859565e-10
434.0 0.00019710685137397377
435.0 1.6987158207859565e-10
436.0 1.6987158207859565e-10
437.0 1.6987158207859565e-10
438.0 1.6987158207859565e-10
439.0 0.0003915710749424761
440.0 0.002199007030867506
441.0 0.0005927932306803996
442.0 1.6987158207859565e-10
443.0 1.6987158207859565e-10
444.0 1.6987158207859565e-10
445.0 1.6987158207859565e-10
446.0 1.6987158207859565e-10
447.0 1.6987158207859565e-10
448.0 1.6987158207859565e-10
449.0 1.6987158207859565e-10
450.0 1.6987158207859565e-10
451.0 1.6987158207859565e-10
452.0 1.6987158207859565e-10
453.0 1.6987158207859565e-10
454.0 0.0007606039162055822
455.0 0.00022887261366122402
456.0 1.6987158207859565e-10
457.0 1.6987158207859565e-10
458.0 1.6987158207859565e-10
459.0 1.6987158207859565e-10
460.0 1.6987158207859565e-10
461.0 1.6987158207859565e-10
462.0 1.6987158207859565e-10
463.0 1.6987158207859565e-10
464.0 1.6987158207859565e-10
465.0 9.390935247211019e-05
466.0 0.000698401208865107
467.0 0.000707036861058441
468.0 0.0007156727406254504
469.0 0.0008401798368140589
470.0 0.000964686660154257
471.0 0.0007238563284772681
472.0 0.00048302590585080907
473.0 1.6987158207859565e-10
474.0 1.6987158207859565e-10
475.0 1.6987158207859565e-10
476.0 0.0005856524694536347
477.0 0.00016934602626861306
478.0 1.6987158207859565e-10
479.0 1.6987158207859565e-10
480.0 1.6987158207859565e-10
481.0 1.6987158207859565e-10
482.0 0.0004228506895742612
483.0 1.6987158207859565e-10
484.0 1.6987158207859565e-10
485.0 1.6987158207859565e-10
486.0 1.6987158207859565e-10
487.0 1.6987158207859565e-10
488.0 1.6987158207859565e-10
489.0 1.6987158207859565e-10
490.0 1.6987158207859565e-10
491.0 1.6987158207859565e-10
492.0 1.6987158207859565e-10
493.0 1.6987158207859565e-10
494.0 1.6987158207859565e-10
495.0 1.5036276579394325e-05
496.0 0.0007580181772937067
497.0 0.0005117519322084263
498.0 0.0002654855279615731
499.0 0.0003631148274507723
500.0 0.00046074442252574954
501.0 0.00031374956961371936
502.0 0.00016675480765115935
503.0 1.6987158207859565e-10
504.0 1.6987158207859565e-10
505.0 1.6987158207859565e-10
506.0 1.6987158207859565e-10
507.0 1.6987158207859565e-10
508.0 1.6987158207859565e-10
509.0 1.6987158207859565e-10
510.0 1.6987158207859565e-10
511.0 0.0005274142495181877
512.0 0.001070980761141982
513.0 0.0005886763119633542
514.0 0.00010637179457262391
515.0 0.0004670464932132745
516.0 0.0008277212145912927
517.0 0.0004573204023472499
518.0 8.691957873452338e-05
519.0 0.00012694800943791051
520.0 0.00016697642877261387
521.0 0.0003389559878996806
522.0 0.0005109354788146447
523.0 0.00022542678834724938
524.0 1.6987158207859565e-10
525.0 7.054990760479996e-05
526.0 0.0002011819560721051
527.0 1.6987158207859565e-10
528.0 1.6987158207859565e-10
529.0 1.6987158207859565e-10
530.0 0.00012637800637094188
531.0 0.00026119987523998134
532.0 0.00039602168726560194
533.0 2.9773644882880035e-05
534.0 1.6987158207859565e-10
535.0 1.6987158207859565e-10
536.0 1.6987158207859565e-10
537.0 2.8732333134939836e-05
538.0 7.46591865663504e-05
539.0 1.6987158207859565e-10
540.0 1.6987158207859565e-10
541.0 1.6987158207859565e-10
542.0 1.6987158207859565e-10
543.0 1.6987158207859565e-10
544.0 1.6987158207859565e-10
545.0 1.6987158207859565e-10
546.0 1.6987158207859565e-10
547.0 0.0001048343278853281
548.0 0.0003801777211265289
549.0 1.6987158207859565e-10
550.0 1.6987158207859565e-10
551.0 1.6987158207859565e-10
552.0 1.6987158207859565e-10
553.0 1.6987158207859565e-10
554.0 1.6987158207859565e-10
555.0 1.6987158207859565e-10
556.0 1.6987158207859565e-10
557.0 1.6987158207859565e-10
558.0 1.6987158207859565e-10
559.0 1.6987158207859565e-10
560.0 0.00016071803656814154
561.0 1.6987158207859565e-10
562.0 1.6987158207859565e-10
563.0 1.6987158207859565e-10
564.0 1.6987158207859565e-10
565.0 1.6987158207859565e-10
566.0 1.6987158207859565e-10
567.0 1.6987158207859565e-10
568.0 1.6987158207859565e-10
569.0 0.00019253259324614191
570.0 0.00039775354707671795
571.0 0.00038506232158397324
572.0 0.0003723712779901689
573.0 0.000422987568526878
574.0 0.00047360426833620295
575.0 0.0004352622909209458
576.0 0.00039692044992989395
577.0 0.00019763353975577047
578.0 1.6987158207859565e-10
579.0 0.00016086918321889243
580.0 0.00032339166864403524
581.0 0.000773640931583941
582.0 0.0012238901945238467
583.0 0.0014694196579512209
584.0 0.0017149493942270055
585.0 0.0013100649084663019
586.0 0.0009051800589077175
587.0 0.0010877885870286264
588.0 0.0012703971151495352
589.0 0.00102739095382276
590.0 0.0007843846105970442
591.0 0.0008118319783534389
592.0 0.0008392792551603634
593.0 0.0006589007625734666
594.0 0.00047852204261289444
595.0 0.0007542988896602765
596.0 0.0010300756002834532
597.0 0.0012043575225106906
598.0 0.0013786391718895175
599.0 0.0017000178559101187
600.0 0.00202139653993072
601.0 0.0021934451069682837
602.0 0.0023654938559047878
603.0 0.002229699748568237
604.0 0.0020939058231306262
605.0 0.001749718103383202
606.0 0.0014055306564841885
607.0 0.0011130507118650712
608.0 0.0008205708581954241
609.0 0.0005605392288998701
610.0 0.00030050759960431606
611.0 0.0003786477236644714
612.0 0.0004567878022498917
613.0 0.0005085396878712345
614.0 0.0005602915734925773
615.0 0.0007948158781800885
616.0 0.0010293402738170698
617.0 0.0009302774742536712
618.0 0.0008312147656397428
619.0 0.0004293684924050467
620.0 2.7522230539034354e-05
621.0 0.00044674784476228524
622.0 0.0008659733794047497
623.0 0.0008214334229705855
624.0 0.000776893284637481
625.0 0.0008298507054860238
626.0 0.000882808308233507
627.0 0.0008672705916978884
628.0 0.0008517327842127997
629.0 0.0010634284990373999
630.0 0.0012751239410135895
631.0 0.0017287869923166
632.0 0.0021824496798217297
633.0 0.0020751956981257536
634.0 0.001967941534530837
635.0 0.0023848724595154636
636.0 0.0028018032026011497
637.0 0.0024725010007387027
638.0 0.0021431982531794347
639.0 0.0017267513612750918
640.0 0.0013103042874718085
641.0 0.0011804150744865183
642.0 0.0010505259524506982
643.0 0.0008193532266886905
644.0 0.0005881805464014178
645.0 0.0005233976480667479
646.0 0.00045861474973207805
647.0 0.00028387532893248135
648.0 0.00010913602181972237
649.0 0.00015145426459639566
650.0 0.00019377259832253912
651.0 0.00040188215280068107
652.0 0.0006099919119151309
653.0 0.0010233336979581509
654.0 0.0014366753021022305
655.0 0.001781040737114381
656.0 0.0021254061721265316
657.0 0.0028701995688606985
658.0 0.003614993329392746
659.0 0.003843488229904324
660.0 0.004071982766618021
661.0 0.004043549779453315
662.0 0.004015116428490728
663.0 0.0030868221074342728
664.0 0.0021585279682767577
665.0 0.0018915441614808515
666.0 0.0016245599908870645
667.0 0.0014095746337261517
668.0 0.0011945890946662985
669.0 0.0008589487151766662
670.0 0.0005233084721112391
671.0 0.0004588605861499673
672.0 0.0003944125637644902
673.0 0.0004046304184157634
674.0 0.00041484822759230155
675.0 0.000764503056416288
676.0 0.0011141579307150096
677.0 0.0016766529370215721
678.0 0.0022391479433281347
679.0 0.00254445676546311
680.0 0.0028497652238002047
681.0 0.0040581708162790164
682.0 0.0052665760449599475
683.0 0.006689317524433136
684.0 0.008112057548714802
685.0 0.008323325891979039
686.0 0.008534597145626321
687.0 0.007830376853235066
688.0 0.007126155833248049
689.0 0.005887014413019642
690.0 0.00464787517557852
691.0 0.003951091639464721
692.0 0.0032543081033509225
693.0 0.0029573206120403484
694.0 0.0026603333026287146
695.0 0.002115951974701602
696.0 0.0015715706467744894
697.0 0.0012500417142291553
698.0 0.000928512690734351
699.0 0.0007916844879218843
700.0 0.0006548563305841526
701.0 0.0005520927516045049
702.0 0.0004493293545237975
703.0 0.0007193239071057178
704.0 0.0009893186870613135
705.0 0.000912288851395715
706.0 0.0008352590157301165
707.0 0.0008115905984595884
708.0 0.0007879216354922391
709.0 0.0006717442374792881
710.0 0.0005555664756684564
711.0 0.000698731037118705
712.0 0.0008418955076194834
713.0 0.0008442856596957427
714.0 0.0008466758117720019
715.0 0.0007450248631357681
716.0 0.0006433738690247992
717.0 0.000607982065048418
718.0 0.0005725901701225666
719.0 0.0005240848167886725
720.0 0.0004755794634547783
721.0 0.000391253479392617
722.0 0.00030692747259308817
723.0 0.00040754766814643517
724.0 0.0005081678409624146
725.0 0.0004084792635694612
726.0 0.0003087906179644051
727.0 0.0003664516952994745
728.0 0.0004241128408466466
729.0 0.00035438592931313906
730.0 0.0002846590405169991
731.0 0.000272565011982806
732.0 0.0002604709379738779
733.0 0.0001295656147703994
734.0 1.6987158207859565e-10
735.0 0.00020505653992586304
736.0 0.0004114528110221727
737.0 0.0004387845365272369
738.0 0.00046611626203230117
739.0 0.0005700273959519109
740.0 0.0006739385753462557
741.0 0.0009993648745876271
742.0 0.0013247912647784688
743.0 0.0020427547497092746
744.0 0.0027607182346400805
745.0 0.003128482057945803
746.0 0.0034962456993525848
747.0 0.003837192343780771
748.0 0.004178138624411076
749.0 0.0037607991544064134
750.0 0.0033434596844017506
751.0 0.003046058009203989
752.0 0.0027486563340062276
753.0 0.002405510895187035
754.0 0.002062365638266783
755.0 0.002329700146219693
756.0 0.0025970350179704838
757.0 0.0020974348444724455
758.0 0.0015978343071765266
759.0 0.0013533058336179238
760.0 0.001108777451008791
761.0 0.0012484468243201263
762.0 0.001388116470479872
763.0 0.0009164731636701617
764.0 0.0004448299023351865
765.0 0.0004998139502276899
766.0 0.0005547979981201934
767.0 0.00038940765989536885
768.0 0.00022401723072107416
769.0 0.0004574881586449919
770.0 0.0006909590410941746
771.0 0.000528959526491235
772.0 0.0003669599664135603
773.0 0.00028929680411238223
774.0 0.0002116335735991015
775.0 0.0003489399887257605
776.0 0.0004862463811150519
777.0 0.0005739902007917408
778.0 0.0006617338385694893
779.0 0.0009377537026011851
780.0 0.0012137734302086756
781.0 0.001093495939130662
782.0 0.0009732186299515888
783.0 0.0009518172191746999
784.0 0.0009304155355494004
785.0 0.0011654824447759893
786.0 0.0014005491721036378
787.0 0.0009478360880166292
788.0 0.0004951228675054153
789.0 0.000636892627881025
790.0 0.0007786623427818995
791.0 0.0007040787750156596
792.0 0.0006294951162999496
793.0 0.0002254435685244971
794.0 1.6987158207859565e-10
795.0 1.6987158207859565e-10
796.0 0.00011110627156085684
797.0 0.000334282322000945
798.0 0.0005574584974965546
799.0 0.00023189593321149005
800.0 1.6987158207859565e-10
801.0 1.6987158207859565e-10
802.0 1.6987158207859565e-10
803.0 1.6987158207859565e-10
804.0 1.6987158207859565e-10
805.0 1.6987158207859565e-10
806.0 1.6987158207859565e-10
807.0 1.6987158207859565e-10
808.0 1.6987158207859565e-10
809.0 0.00025083722903218586
810.0 0.0006447753548854962
811.0 0.00011881147656822577
812.0 1.6987158207859565e-10
813.0 1.6987158207859565e-10
814.0 0.00032313400879502296
815.0 0.0002708178499233327
816.0 0.0002185016910516424
817.0 0.00034151423733419506
818.0 0.0004645267836167477
819.0 0.00036952058053429937
820.0 0.0002745145138760563
821.0 1.332938950326934e-05
822.0 1.6987158207859565e-10
823.0 1.6987158207859565e-10
824.0 1.6987158207859565e-10
825.0 1.6987158207859565e-10
826.0 1.6987158207859565e-10
827.0 1.6987158207859565e-10
828.0 0.00047029675442900043
829.0 0.0004113645900361007
830.0 0.0003524329031279194
831.0 0.00014590702903660713
832.0 1.6987158207859565e-10
833.0 1.6987158207859565e-10
834.0 1.6987158207859565e-10
835.0 1.6987158207859565e-10
836.0 0.00012412835985742277
837.0 1.6987158207859565e-10
838.0 1.6987158207859565e-10
839.0 1.6987158207859565e-10
840.0 1.6987158207859565e-10
841.0 1.6987158207859565e-10
842.0 1.6987158207859565e-10
843.0 3.517015727538819e-05
844.0 0.00013779731489194091
845.0 7.866473197282176e-05
846.0 1.9532083683770907e-05
847.0 0.00011819845440186327
848.0 0.0002168647370126564
849.0 0.00014431690260607866
850.0 7.176895451266319e-05
851.0 0.0001324992240370193
852.0 0.0001932296299855807
853.0 0.0003873864898196189
854.0 0.0005815433269162895
855.0 0.0003553449460014235
856.0 0.00012914651961182244
857.0 0.00032231864679488353
858.0 0.0005154907739779446
859.0 0.0008733141839911696
860.0 0.0012311375940043945
861.0 0.0010726414984674193
862.0 0.0009141454938799143
863.0 0.0011129686754429713
864.0 0.0013117915841576178
865.0 0.0017773432773537934
866.0 0.002242894515802618
867.0 0.0021984180420986377
868.0 0.0021539415683946572
869.0 0.0018677992557059042
870.0 0.0015816565792192705
871.0 0.001855050868471153
872.0 0.002128444793925155
873.0 0.0022188811271917075
874.0 0.002309316914761439
