lsstCam/transmission_filter_detector/r20_s00/u_24/19700101T000000.ecsv
# %ECSV 1.0
# ---
# datatype:
# - {name: wavelength, unit: nm, datatype: float32}
# - {name: efficiency, unit: '%', datatype: float64}
# meta: !!omap
# - {MODE: DETECTOR}
# - {TYPE: transmission_filter_detector}
# - {CALIBDATE: '1970-01-01T00:00:00'}
# - {INSTRUME: LSSTCam}
# - {OBSTYPE: transmission_filter_detector}
# - {CALIBCLS: lsst.ip.isr.IntermediateFilterDetectorTransmissionCurve}
# - {SOURCE: Materion (DM-46256)}
# - {DETECTOR: 72}
# - {FILTER: u_24}
# - {CALIB_ID: 'calibDate=1970-01-01T00:00:00 filter=u_24 detector=72'}
# - {DATE: '2025-04-02T15:59:40.082691'}
# - {CALIB_CREATION_DATE: '2025-04-02'}
# - {CALIB_CREATION_TIME: '15:59:40'}
# - __serialized_columns__:
#     efficiency:
#       __class__: astropy.units.quantity.Quantity
#       unit: !astropy.units.Unit {unit: '%'}
#       value: !astropy.table.SerializedColumn {name: efficiency}
#     wavelength:
#       __class__: astropy.units.quantity.Quantity
#       unit: !astropy.units.Unit {unit: nm}
#       value: !astropy.table.SerializedColumn {name: wavelength}
# schema: astropy-2.0
wavelength efficiency
[from data line 581]
876.0 0.002481103001628071
877.0 0.0025425440981052816
878.0 0.0026039859221782535
879.0 0.0026390440325485542
880.0 0.002674102688615676
881.0 0.002739634692261461
882.0 0.0028051672416040674
883.0 0.0025693965653772466
884.0 0.002333626434847247
885.0 0.0024207853130064905
886.0 0.0025079443730646744
887.0 0.002333081647520885
888.0 0.0021582191038760357
889.0 0.0021766092686448246
890.0 0.0021949994334136136
891.0 0.002294152363901958
892.0 0.0023933054762892425
893.0 0.0024844885047059506
894.0 0.0025756709874258377
895.0 0.0030496963518089615
896.0 0.0035237211704952642
897.0 0.003983643546234816
898.0 0.004443565921974368
899.0 0.004593342964653857
900.0 0.004743119643535465
901.0 0.00468631369585637
902.0 0.0046295084757730365
903.0 0.005001046156394295
904.0 0.005372583837015554
905.0 0.005298480755300261
906.0 0.005224376945989206
907.0 0.005463225534185767
908.0 0.005702074486180209
909.0 0.005558716657105833
910.0 0.005415359191829339
911.0 0.005541219434235245
912.0 0.005667080040439032
913.0 0.0056071312428684905
914.0 0.005547182445297949
915.0 0.004976752461516298
916.0 0.004406322477734648
917.0 0.004185402576695196
918.0 0.003964482675655745
919.0 0.004298721250961535
920.0 0.004632959462469444
921.0 0.004708241613116115
922.0 0.004783524127560668
923.0 0.0056442560889991
924.0 0.00650498695904389
925.0 0.006854059756733477
926.0 0.007203132554423064
927.0 0.007891985296737403
928.0 0.008580835128668696
929.0 0.00844365349621512
930.0 0.008306471136165783
931.0 0.007598596130264923
932.0 0.00689071966917254
933.0 0.006577083695447072
934.0 0.0062634477217216045
935.0 0.006365623266901821
936.0 0.00646780026727356
937.0 0.006459691212512553
938.0 0.006451585068134591
939.0 0.006568220123881474
940.0 0.006684855179628357
941.0 0.005799254722660407
942.0 0.004913652810500935
943.0 0.004145082857576199
944.0 0.0033765132684493437
945.0 0.002593036333564669
946.0 0.0018095595805789344
947.0 0.0018250264474772848
948.0 0.0018404929505777545
949.0 0.001418283864040859
950.0 0.0009960746865544934
951.0 0.001215045358549105
952.0 0.0014340158486447763
953.0 0.0014949442629585974
954.0 0.0015558727682218887
955.0 0.0021023050067014992
956.0 0.0026487370632821694
957.0 0.002913931166403927
958.0 0.003179124541929923
959.0 0.003378043038537726
960.0 0.003576961171347648
961.0 0.004259487468516454
962.0 0.00494201376568526
963.0 0.005023915218771435
964.0 0.005105817035655491
965.0 0.00516535947099328
966.0 0.00522490190633107
967.0 0.004979840014129877
968.0 0.004734778121928684
969.0 0.004706661275122315
970.0 0.004678544064518064
971.0 0.0046173685404937714
972.0 0.004556192652671598
973.0 0.004346155401435681
974.0 0.0041361181501997635
975.0 0.004114176772418432
976.0 0.004092234667041339
977.0 0.0038176247471710667
978.0 0.0035430144635029137
979.0 0.00334788128384389
980.0 0.0031527477403869852
981.0 0.0031200928788166493
982.0 0.0030874376534484327
983.0 0.0031900392059469596
984.0 0.0032926403946476057
985.0 0.003536650910973549
986.0 0.0037806617910973728
987.0 0.004465985330170952
988.0 0.005151308869244531
989.0 0.006371715426212177
990.0 0.0075921205279883
991.0 0.007962467498145998
992.0 0.008332813013112172
993.0 0.008773296576691791
994.0 0.009213778685079888
995.0 0.00837935513118282
996.0 0.007544930122094229
997.0 0.006767123704776168
998.0 0.0059893201978411525
999.0 0.005867561776540242
1000.0 0.005745802991441451
1001.0 0.005219058948569
1002.0 0.004692313814302906
1003.0 0.0044658168917521834
1004.0 0.004239319241605699
1005.0 0.004599376188707538
1006.0 0.004959432408213615
1007.0 0.004865988012170419
1008.0 0.004772540705744177
1009.0 0.0043314375943737105
1010.0 0.0038903348468011245
1011.0 0.0037484711356228217
1012.0 0.0036066077882423997
1013.0 0.0030093100576777942
1014.0 0.002412012327113189
1015.0 0.0022181122403708287
1016.0 0.002024211971729528
1017.0 0.001854205402196385
1018.0 0.0016841986507643014
1019.0 0.0014738557183591183
1020.0 0.0012635126040549949
1021.0 0.0012053081263729837
1022.0 0.0011471035577415023
1023.0 0.001270750908588525
1024.0 0.0013943982594355475
1025.0 0.001281163076782832
1026.0 0.0011679279850795865
1027.0 0.0010419552381790709
1028.0 0.0009159821274806745
1029.0 0.0012819894436688628
1030.0 0.0016479969417559914
1031.0 0.0023363400032394566
1032.0 0.0030246830647229217
1033.0 0.002669387686182745
1034.0 0.002314092307642568
1035.0 0.0024108065190375783
1036.0 0.002507520366634708
1037.0 0.0027008403776562773
1038.0 0.0028941602067789063
1039.0 0.0021673420633305795
1040.0 0.0014405243746296037
1041.0 0.0012631585377675947
1042.0 0.001085792882804526
1043.0 0.001318466274824459
1044.0 0.0015511399396928027
1045.0 0.0014634903891419526
1046.0 0.0013758410204900429
1047.0 0.0018686663679545745
1048.0 0.002361492079216987
1049.0 0.0014838461538602132
1050.0 0.0006061998192308238
1051.0 0.0008224692464864347
1052.0 0.0010387384463683702
1053.0 0.0008874136256054044
1054.0 0.0007360885774687631
1055.0 0.0006159936674521305
1056.0 0.0004958990757586434
1057.0 0.0008475558388454374
1058.0 0.0011992126928817015
1059.0 0.0010931230463029351
1060.0 0.0009870336725725792
1061.0 0.0015381281627924182
1062.0 0.0020892224711133167
1063.0 0.0018924063624581322
1064.0 0.0016955902538029477
1065.0 0.001083672214008402
1066.0 0.00047175421968859155
1067.0 0.000998813357000472
1068.0 0.0015258718121913262
1069.0 0.0023829697965993546
1070.0 0.003240067235310562
1071.0 0.00298300165013643
1072.0 0.0027259358830633573
1073.0 0.0023383017833111808
1074.0 0.0019506675016600639
1075.0 0.0036595145502360538
1076.0 0.005368360871216282
1077.0 0.005760552448919043
1078.0 0.006152744026621804
1079.0 0.00652349554002285
1080.0 0.006894243415445089
1081.0 0.005659554881276563
1082.0 0.004424866347108036
1083.0 0.003212962838006206
1084.0 0.002001059692702256
1085.0 0.0029377311875578016
1086.0 0.0038744023186154664
1087.0 0.004205325967632234
1088.0 0.00453624888905324
1089.0 0.005620942829409614
1090.0 0.006705637497361749
1091.0 0.00402109872084111
1092.0 0.0013365594895731192
1093.0 0.001375122883473523
1094.0 0.001413685913576046
1095.0 0.0019092181901214644
1096.0 0.0024047507395152934
1097.0 0.0020414687242009677
1098.0 0.0016781868907855824
1099.0 0.001917955705721397
1100.0 0.0021577245206572115
