lsstCam/transmission_filter_detector/r12_s01/u_24/19700101T000000.ecsv
# %ECSV 1.0
# ---
# datatype:
# - {name: wavelength, unit: nm, datatype: float32}
# - {name: efficiency, unit: '%', datatype: float64}
# meta: !!omap
# - {MODE: DETECTOR}
# - {TYPE: transmission_filter_detector}
# - {CALIBDATE: '1970-01-01T00:00:00'}
# - {INSTRUME: LSSTCam}
# - {OBSTYPE: transmission_filter_detector}
# - {CALIBCLS: lsst.ip.isr.IntermediateFilterDetectorTransmissionCurve}
# - {SOURCE: Materion (DM-46256)}
# - {DETECTOR: 46}
# - {FILTER: u_24}
# - {CALIB_ID: 'calibDate=1970-01-01T00:00:00 filter=u_24 detector=46'}
# - {DATE: '2025-04-02T15:59:39.962264'}
# - {CALIB_CREATION_DATE: '2025-04-02'}
# - {CALIB_CREATION_TIME: '15:59:39'}
# - __serialized_columns__:
#     efficiency:
#       __class__: astropy.units.quantity.Quantity
#       unit: !astropy.units.Unit {unit: '%'}
#       value: !astropy.table.SerializedColumn {name: efficiency}
#     wavelength:
#       __class__: astropy.units.quantity.Quantity
#       unit: !astropy.units.Unit {unit: nm}
#       value: !astropy.table.SerializedColumn {name: wavelength}
# schema: astropy-2.0
wavelength efficiency
295.0 1.5866215676355044e-10
296.0 1.5866215676355044e-10
297.0 1.5866215676355044e-10
298.0 1.5866215676355044e-10
299.0 1.5866215676355044e-10
300.0 1.5866215676355044e-10
301.0 1.5866215676355044e-10
302.0 1.5866215676355044e-10
303.0 1.5866215676355044e-10
304.0 0.22260211408138275
305.0 0.5205471999943256
306.0 1.5456902794539928
307.0 2.708865702152252
308.0 5.038867145776749
309.0 8.105269819498062
310.0 11.371180415153503
311.0 14.972469210624695
312.0 18.783757090568542
313.0 21.838365495204926
314.0 25.039848685264587
315.0 27.361571788787842
316.0 29.660508036613464
317.0 31.974348425865173
318.0 34.5910906791687
319.0 38.21195363998413
320.0 43.457671999931335
321.0 48.67478907108307
322.0 54.68282103538513
323.0 60.20410656929016
324.0 64.89662528038025
325.0 68.31943988800049
326.0 70.72425484657288
327.0 72.76279926300049
328.0 74.505215883255
329.0 75.92828273773193
330.0 77.30539441108704
331.0 78.05835604667664
332.0 78.48790287971497
333.0 78.59508395195007
334.0 78.42329740524292
335.0 78.63826155662537
336.0 78.78563404083252
337.0 79.22347784042358
338.0 80.03572821617126
339.0 80.71174025535583
340.0 81.14307522773743
341.0 81.62730932235718
342.0 81.94833397865295
343.0 81.97192549705505
344.0 82.06400871276855
345.0 82.42451548576355
346.0 82.7355146408081
347.0 83.0205500125885
348.0 83.40680003166199
349.0 83.60630869865417
350.0 83.65952968597412
351.0 83.90640020370483
352.0 83.71941447257996
353.0 83.6722731590271
354.0 83.55882167816162
355.0 83.74163508415222
356.0 83.98467302322388
357.0 83.94927978515625
358.0 83.59745144844055
359.0 83.50535035133362
360.0 83.29974412918091
361.0 83.12642574310303
362.0 83.00472497940063
363.0 83.08348655700684
364.0 83.18260908126831
365.0 83.36005806922913
366.0 83.55353474617004
367.0 83.65686535835266
368.0 83.58106017112732
369.0 83.59920978546143
370.0 83.29928517341614
371.0 83.13179612159729
372.0 83.04688334465027
373.0 83.1863284111023
374.0 83.16126465797424
375.0 83.49671959877014
376.0 83.56188535690308
377.0 83.59706997871399
378.0 83.66326093673706
379.0 83.46412181854248
380.0 82.8267753124237
381.0 81.57052397727966
382.0 79.90620136260986
383.0 77.98610329627991
384.0 75.88660717010498
385.0 73.60991835594177
386.0 71.20434641838074
387.0 68.04932355880737
388.0 64.79248404502869
389.0 60.90421676635742
390.0 56.97355270385742
391.0 52.73979306221008
392.0 48.25671315193176
393.0 44.47818398475647
394.0 41.244590282440186
395.0 37.91104555130005
396.0 34.466272592544556
397.0 29.892393946647644
398.0 24.49733018875122
399.0 17.77370423078537
400.0 11.491028219461441
401.0 6.523814797401428
402.0 2.9717210680246353
403.0 1.0092887096107006
404.0 0.3036743262782693
405.0 0.12459473218768835
406.0 0.0644139014184475
407.0 0.04522943636402488
408.0 0.013410724932327867
409.0 1.5866215676355044e-10
410.0 1.5866215676355044e-10
411.0 1.5866215676355044e-10
412.0 1.5866215676355044e-10
413.0 1.5866215676355044e-10
414.0 1.5866215676355044e-10
415.0 1.5866215676355044e-10
416.0 1.5866215676355044e-10
417.0 1.5866215676355044e-10
418.0 1.5866215676355044e-10
419.0 1.5866215676355044e-10
420.0 1.5866215676355044e-10
421.0 1.5866215676355044e-10
422.0 1.5866215676355044e-10
423.0 1.5866215676355044e-10
424.0 1.5866215676355044e-10
425.0 1.5866215676355044e-10
426.0 1.5866215676355044e-10
427.0 1.5866215676355044e-10
428.0 1.5866215676355044e-10
429.0 0.0009469651558902115
430.0 0.0023829954443499446
431.0 0.0012038593013130594
432.0 2.4723445335439465e-05
433.0 0.00041607463572290726
434.0 0.0008074257493717596
435.0 0.0012232801054778975
436.0 0.001639134825381916
437.0 0.0003340381454108865
438.0 1.5866215676355044e-10
439.0 0.00016077196960395668
440.0 0.0012926026101922616
441.0 1.5866215676355044e-10
442.0 1.5866215676355044e-10
443.0 1.5866215676355044e-10
444.0 1.5866215676355044e-10
445.0 1.5866215676355044e-10
446.0 1.5866215676355044e-10
447.0 1.5866215676355044e-10
448.0 1.5866215676355044e-10
449.0 0.00014929551070963498
450.0 0.0006885414677526569
451.0 1.5866215676355044e-10
452.0 1.5866215676355044e-10
453.0 1.5866215676355044e-10
454.0 0.00047385178731929045
455.0 1.5866215676355044e-10
456.0 1.5866215676355044e-10
457.0 1.5866215676355044e-10
458.0 1.5866215676355044e-10
459.0 1.5866215676355044e-10
460.0 1.5866215676355044e-10
461.0 1.5866215676355044e-10
462.0 1.5866215676355044e-10
463.0 1.5866215676355044e-10
464.0 1.5866215676355044e-10
465.0 0.00010389886710981955
466.0 0.00046730269787076395
467.0 1.5866215676355044e-10
468.0 1.5866215676355044e-10
469.0 0.00010864704336199793
470.0 0.0007408954388665734
471.0 1.5866215676355044e-10
472.0 1.5866215676355044e-10
473.0 1.5866215676355044e-10
474.0 1.5866215676355044e-10
475.0 1.5866215676355044e-10
476.0 1.5866215676355044e-10
477.0 0.00022067042664275505
478.0 0.0006524611308122985
479.0 0.00029012462618993595
480.0 1.5866215676355044e-10
481.0 0.00014759951909582014
482.0 0.0003674107574624941
483.0 1.5866215676355044e-10
484.0 1.5866215676355044e-10
485.0 1.5866215676355044e-10
486.0 1.5866215676355044e-10
487.0 1.5866215676355044e-10
488.0 1.5866215676355044e-10
489.0 1.5866215676355044e-10
490.0 1.5866215676355044e-10
491.0 1.5866215676355044e-10
492.0 1.5866215676355044e-10
493.0 1.5866215676355044e-10
494.0 1.5866215676355044e-10
495.0 4.7647114342908026e-05
496.0 0.0008594947757956106
497.0 0.00036154183362668846
498.0 1.5866215676355044e-10
499.0 8.384551364315485e-06
500.0 0.00015318079249482253
501.0 6.917562700436974e-05
502.0 1.5866215676355044e-10
503.0 1.5866215676355044e-10
504.0 1.5866215676355044e-10
505.0 1.5866215676355044e-10
506.0 1.5866215676355044e-10
507.0 1.5866215676355044e-10
508.0 1.5866215676355044e-10
509.0 1.5866215676355044e-10
510.0 1.5866215676355044e-10
511.0 1.5866215676355044e-10
512.0 0.00034151548788941
513.0 0.0002601414962555282
514.0 0.00017876723177323584
515.0 0.0003115757863270119
516.0 0.000444384386355523
517.0 1.5866215676355044e-10
518.0 1.5866215676355044e-10
519.0 1.5866215676355044e-10
520.0 0.0002904582515839138
521.0 0.0004707337666332023
522.0 0.000651009122520918
523.0 0.00022407252799894195
524.0 1.5866215676355044e-10
525.0 1.5866215676355044e-10
526.0 1.5866215676355044e-10
527.0 1.5866215676355044e-10
528.0 1.5866215676355044e-10
529.0 1.5866215676355044e-10
530.0 1.5866215676355044e-10
531.0 1.5866215676355044e-10
532.0 0.00033131429972854676
533.0 1.5866215676355044e-10
534.0 1.5866215676355044e-10
535.0 1.5866215676355044e-10
536.0 1.5866215676355044e-10
537.0 1.5866215676355044e-10
538.0 1.5866215676355044e-10
539.0 1.5866215676355044e-10
540.0 1.5866215676355044e-10
541.0 1.5866215676355044e-10
542.0 1.5866215676355044e-10
543.0 1.5866215676355044e-10
544.0 1.5866215676355044e-10
545.0 1.5866215676355044e-10
546.0 1.5866215676355044e-10
547.0 1.5866215676355044e-10
548.0 0.00012475355788410525
549.0 1.5866215676355044e-10
550.0 1.5866215676355044e-10
551.0 1.5866215676355044e-10
552.0 1.5866215676355044e-10
553.0 1.5866215676355044e-10
554.0 1.5866215676355044e-10
555.0 1.5866215676355044e-10
556.0 1.5866215676355044e-10
557.0 1.5866215676355044e-10
558.0 1.5866215676355044e-10
559.0 1.5866215676355044e-10
560.0 0.0002486556013536756
561.0 1.5539711739620543e-05
562.0 1.5866215676355044e-10
563.0 1.5866215676355044e-10
564.0 1.5866215676355044e-10
565.0 1.5866215676355044e-10
566.0 1.5866215676355044e-10
567.0 1.5866215676355044e-10
568.0 1.5866215676355044e-10
569.0 0.00020203174244670663
570.0 0.0004044970410177484
571.0 0.0004702648311649682
572.0 0.0005360327577363933
573.0 0.0004981357960787136
574.0 0.00046023924369364977
575.0 0.00022732222078047926
576.0 1.5866215676355044e-10
577.0 0.00020235800093360012
578.0 0.00041031062210095115
579.0 0.0004488088052312378
580.0 0.00048730689741205424
581.0 0.0006858248525531963
582.0 0.0008843429895932786
583.0 0.0012983978194824886
584.0 0.0017124528312706389
585.0 0.0013541999578592367
586.0 0.0009959468115994241
587.0 0.0010893650141952094
588.0 0.0011827833077404648
589.0 0.0010190935427090153
590.0 0.0008554035048291553
591.0 0.0009199555279337801
592.0 0.0009845073691394646
593.0 0.0008185381375369616
594.0 0.0006525686330860481
595.0 0.0007884807928348891
596.0 0.0009243925887858495
597.0 0.0009694918844616041
598.0 0.0010145909982384183
599.0 0.0013356120689422823
600.0 0.001656632957747206
601.0 0.001885781966848299
602.0 0.002114931157848332
603.0 0.0018906039258581586
604.0 0.0016662768757669255
605.0 0.0015585990695399232
606.0 0.001450921263312921
607.0 0.0014235372873372398
608.0 0.0013961532204120886
609.0 0.0008918484127207194
610.0 0.0003875436959788203
611.0 0.000589266119277454
612.0 0.0007909886335255578
613.0 0.0005979431080049835
614.0 0.0004048976279591443
615.0 0.0006209712410054635
616.0 0.0008370448995265178
617.0 0.0008360607353097294
618.0 0.0008350767529918812
619.0 0.0005356434485292993
620.0 0.00023621034870302537
621.0 0.0004947672550770221
622.0 0.0007533241387136513
623.0 0.0006194416528160218
624.0 0.00048555903049418703
625.0 0.0006255208973016124
626.0 0.0007654827641090378
627.0 0.000715489431968308
628.0 0.0006654961453023134
629.0 0.0006731925623171264
630.0 0.0006808891157561447
631.0 0.0012600175978150219
632.0 0.0018391459889244288
633.0 0.0018169328541262075
634.0 0.0017947199012269266
635.0 0.00216155058296863
636.0 0.002528381082811393
637.0 0.002483303796907421
638.0 0.002438226147205569
639.0 0.00189053280337248
640.0 0.001342839368589921
641.0 0.0012883418094133958
642.0 0.001233844341186341
643.0 0.0008085764420684427
644.0 0.0003833085429505445
645.0 0.0003904539880750235
646.0 0.00039759934225003235
647.0 0.00011583911145862658
648.0 1.5866215676355044e-10
649.0 2.6404813979752362e-05
650.0 0.0002187306336054462
651.0 0.0005096102540846914
652.0 0.0008004900337255094
653.0 0.0012495065675466321
654.0 0.0016985228285193443
655.0 0.0015551879187114537
656.0 0.0014118529179540928
657.0 0.0023754426365485415
658.0 0.0033390326279914007
659.0 0.0037461697502294555
660.0 0.004153307236265391
661.0 0.0041495764889987186
662.0 0.004145845377934165
663.0 0.003319454481243156
664.0 0.002493063220754266
665.0 0.002159413452318404
666.0 0.0018257631381857209
667.0 0.0016721998690627515
668.0 0.0015186360542429611
669.0 0.0010046721399703529
670.0 0.0004907083621219499
671.0 0.00044169833017804194
672.0 0.0003926882527593989
673.0 0.0003176151722072973
674.0 0.00024254206891782815
675.0 0.000528111559106037
676.0 0.0008136810720316134
677.0 0.001403031637892127
678.0 0.0019923825675505213
679.0 0.0020953168132109568
680.0 0.002198250876972452
681.0 0.00298830600513611
682.0 0.0037783607695018873
683.0 0.005386979319155216
684.0 0.006995598232606426
685.0 0.007581486715935171
686.0 0.0081673773820512
687.0 0.0077029631938785315
688.0 0.007238549733301625
689.0 0.006112361734267324
690.0 0.0049861740990309045
691.0 0.004452546636457555
692.0 0.003918918810086325
693.0 0.0033683303627185524
694.0 0.00281774191535078
695.0 0.002424462763883639
696.0 0.0020311841581133194
697.0 0.0014940163055143785
698.0 0.0009568485438649077
699.0 0.0007844000720069744
700.0 0.0006119513727753656
701.0 0.0005337562015483854
702.0 0.00045556107579614036
703.0 0.0006355308414640604
704.0 0.0008155008799803909
705.0 0.0007861412996135186
706.0 0.000756782037569792
707.0 0.0008250426617451012
708.0 0.0008933028766477946
709.0 0.0007258190635184292
710.0 0.0005583352049143286
711.0 0.0006598670097446302
712.0 0.0007613986326759914
713.0 0.0008568109478801489
714.0 0.0009522232176095713
715.0 0.0008049398275034036
716.0 0.0006576563919225009
717.0 0.000638120718576829
718.0 0.0006185849997564219
719.0 0.0005828567282151198
720.0 0.0005471284566738177
721.0 0.0005179575509828283
722.0 0.0004887865998171037
723.0 0.0005114654868521029
724.0 0.000534144328412367
725.0 0.00027193029836780624
726.0 9.71619087408726e-06
727.0 0.00028058414045517566
728.0 0.0005514521490113111
729.0 0.0003212476713088108
730.0 9.10432845557807e-05
731.0 0.0001190413399854151
732.0 0.0001470394408897846
733.0 7.986710670593311e-05
734.0 1.2694779627508979e-05
735.0 0.0003258763626945438
736.0 0.0006390579073922709
737.0 0.000606723187956959
738.0 0.000574388377572177
739.0 0.00047387902668560855
740.0 0.00037336958484956995
741.0 0.0008335748134413734
742.0 0.001293780132982647
743.0 0.0016958614651230164
744.0 0.002097942524414975
745.0 0.002620722443680279
746.0 0.0031435021810466424
747.0 0.0037494519347092137
748.0 0.004355401324573904
749.0 0.0039298458432313055
750.0 0.0035042903618887067
751.0 0.003403162190807052
752.0 0.0033020340197253972
753.0 0.002774938548100181
754.0 0.002247842712677084
755.0 0.0024320115699083544
756.0 0.002616180972836446
757.0 0.0021657215256709605
758.0 0.0017152617147075944
759.0 0.0013687614227819722
760.0 0.0010222613127552904
761.0 0.001096703635994345
762.0 0.0011711461411323398
763.0 0.0009429058081877884
764.0 0.0007146654297685018
765.0 0.0008050437827478163
766.0 0.0008954220902523957
767.0 0.0008015233106561936
768.0 0.0007076244855852565
769.0 0.0006408594799722778
770.0 0.0005740942469856236
771.0 0.00040739082578511443
772.0 0.0002406872226856649
773.0 0.00032436205401609186
774.0 0.00040803688534651883
775.0 0.0004270430054020835
776.0 0.0004460489890334429
777.0 0.0005238766789261717
778.0 0.0006017040050210198
779.0 0.0007153457318054279
780.0 0.0008289873221656308
781.0 0.0009721728019940201
782.0 0.0011153582818224095
783.0 0.0009991767910833005
784.0 0.0008829949365463108
785.0 0.0010024574294220656
786.0 0.00112191964944941
787.0 0.0009786001101019792
788.0 0.0008352803888556082
789.0 0.0008582595000916626
790.0 0.0008812385203782469
791.0 0.0008421542588621378
792.0 0.0008030698154470883
793.0 0.00030332032565638656
794.0 1.5866215676355044e-10
795.0 1.5866215676355044e-10
796.0 4.027150737329066e-05
797.0 0.00024152213882189244
798.0 0.0004427727617439814
799.0 0.00019587844235502416
800.0 1.5866215676355044e-10
801.0 1.5866215676355044e-10
802.0 1.5866215676355044e-10
803.0 1.5866215676355044e-10
804.0 0.0001325112748418178
805.0 1.9769405668057516e-06
806.0 1.5866215676355044e-10
807.0 1.5866215676355044e-10
808.0 1.5866215676355044e-10
809.0 5.510239589057164e-05
810.0 0.00045436268010234926
811.0 2.0284799973069312e-05
812.0 1.5866215676355044e-10
813.0 2.473463212027127e-05
814.0 0.0004632623131328728
815.0 0.00043106856537633575
816.0 0.00039887463572085835
817.0 0.000209597260436567
818.0 2.0319809834745683e-05
819.0 1.5866215676355044e-10
820.0 1.5866215676355044e-10
821.0 1.5866215676355044e-10
822.0 1.5866215676355044e-10
823.0 1.5866215676355044e-10
824.0 1.5866215676355044e-10
825.0 1.5866215676355044e-10
826.0 1.5866215676355044e-10
827.0 0.0001712853304525197
828.0 0.0005759040504926816
829.0 0.000466567598778056
830.0 0.00035723157907341374
831.0 1.5866215676355044e-10
832.0 1.5866215676355044e-10
833.0 1.5866215676355044e-10
834.0 1.5866215676355044e-10
835.0 1.5866215676355044e-10
836.0 1.5866215676355044e-10
837.0 1.5866215676355044e-10
838.0 1.5866215676355044e-10
839.0 1.5866215676355044e-10
840.0 1.5866215676355044e-10
841.0 1.5866215676355044e-10
842.0 1.7506411609247152e-05
843.0 1.5866215676355044e-10
844.0 1.5866215676355044e-10
845.0 3.23863140749836e-06
846.0 7.172001232902403e-05
847.0 7.053556601022137e-05
848.0 6.93511651661538e-05
849.0 0.00011813838227681117
850.0 0.00016692548570063082
851.0 0.00015739154832772329
852.0 0.00014785769053560216
853.0 0.0001406034698447911
854.0 0.00013334920367924497
855.0 0.00010714447853388265
856.0 8.093971928246901e-05
857.0 0.00042108413254027255
858.0 0.0007612285116920248
859.0 0.0007619675670866854
860.0 0.0007627066224813461
861.0 0.0007818492122169118
862.0 0.0008009917110030074
863.0 0.0008767599865677767
864.0 0.0009525279892841354
865.0 0.0015112247638171539
866.0 0.002069921356451232
867.0 0.0019174636690877378
868.0 0.0017650063455221243
869.0 0.0016641659385641105
870.0 0.0015633249859092757
871.0 0.001625791446713265
872.0 0.0016882573618204333
873.0 0.001790512578736525
874.0 0.0018927677956526168
