lsstCam/transmission_filter_detector/r12_s01/u_24/19700101T000000.ecsv
# %ECSV 1.0
# ---
# datatype:
# - {name: wavelength, unit: nm, datatype: float32}
# - {name: efficiency, unit: '%', datatype: float64}
# meta: !!omap
# - {MODE: DETECTOR}
# - {TYPE: transmission_filter_detector}
# - {CALIBDATE: '1970-01-01T00:00:00'}
# - {INSTRUME: LSSTCam}
# - {OBSTYPE: transmission_filter_detector}
# - {CALIBCLS: lsst.ip.isr.IntermediateFilterDetectorTransmissionCurve}
# - {SOURCE: Materion (DM-46256)}
# - {DETECTOR: 46}
# - {FILTER: u_24}
# - {CALIB_ID: 'calibDate=1970-01-01T00:00:00 filter=u_24 detector=46'}
# - {DATE: '2025-04-02T15:59:39.962264'}
# - {CALIB_CREATION_DATE: '2025-04-02'}
# - {CALIB_CREATION_TIME: '15:59:39'}
# - __serialized_columns__:
#     efficiency:
#       __class__: astropy.units.quantity.Quantity
#       unit: !astropy.units.Unit {unit: '%'}
#       value: !astropy.table.SerializedColumn {name: efficiency}
#     wavelength:
#       __class__: astropy.units.quantity.Quantity
#       unit: !astropy.units.Unit {unit: nm}
#       value: !astropy.table.SerializedColumn {name: wavelength}
# schema: astropy-2.0
wavelength efficiency
[from data line 581]
876.0 0.002280558692291379
877.0 0.0023854428945924155
878.0 0.002490327642590273
879.0 0.0025850182282738388
880.0 0.0026797093596542254
881.0 0.0028511152777355164
882.0 0.0030225217415136285
883.0 0.0028075010050088167
884.0 0.0025924806323018856
885.0 0.0024719915018067695
886.0 0.002351502735109534
887.0 0.0021911242583882995
888.0 0.0020307459635660052
889.0 0.001973045800696127
890.0 0.0019153454559273086
891.0 0.00217456527025206
892.0 0.0024337849026778713
893.0 0.002445695281494409
894.0 0.002457604932715185
895.0 0.002771615982055664
896.0 0.0030856266675982624
897.0 0.003505094355205074
898.0 0.003924562406609766
899.0 0.0040979368350235745
900.0 0.0042713105358416215
901.0 0.0042130159272346646
902.0 0.004154721682425588
903.0 0.004436028393683955
904.0 0.004717335104942322
905.0 0.004895809252047911
906.0 0.00507428303535562
907.0 0.0054367661505239084
908.0 0.0057992496294900775
909.0 0.005720694025512785
910.0 0.005642138785333373
911.0 0.0057470595493214205
912.0 0.00585198104090523
913.0 0.005680402682628483
914.0 0.005508824324351735
915.0 0.004991113382857293
916.0 0.00447340207756497
917.0 0.004094857285963371
918.0 0.003716312858159654
919.0 0.004052814256283455
920.0 0.004389315654407255
921.0 0.004553434700937942
922.0 0.004717554111266509
923.0 0.005391881495597772
924.0 0.006066207424737513
925.0 0.006361783016473055
926.0 0.006657358608208597
927.0 0.0071764552558306605
928.0 0.0076955489930696785
929.0 0.00763241623644717
930.0 0.007569283479824662
931.0 0.007257442484842613
932.0 0.006945600034669042
933.0 0.006805634620832279
934.0 0.006665669206995517
935.0 0.006993793795118108
936.0 0.0073219183832407
937.0 0.007293424278032035
938.0 0.007264932355610654
939.0 0.007281015859916806
940.0 0.007297099364222959
941.0 0.006307570583885536
942.0 0.00531804071215447
943.0 0.004260750574758276
944.0 0.0032034611649578437
945.0 0.002519112422305625
946.0 0.0018347638615523465
947.0 0.0016611336832283996
948.0 0.0014875035049044527
949.0 0.0014186544831318315
950.0 0.0013498053704097401
951.0 0.0012610871635843068
952.0 0.0011723688658094034
953.0 0.0013459734873322304
954.0 0.0015195784726529382
955.0 0.002149420470232144
956.0 0.0027792622859124094
957.0 0.0027672998839989305
958.0 0.00275533675448969
959.0 0.0029611916033900343
960.0 0.003167046088492498
961.0 0.0035897348425351083
962.0 0.004012423232779838
963.0 0.0043058091250713915
964.0 0.0045991953811608255
965.0 0.004535134939942509
966.0 0.004471074862522073
967.0 0.004633000207832083
968.0 0.004794925916939974
969.0 0.004758858631248586
970.0 0.004722790981759317
971.0 0.004797192013938911
972.0 0.004871593046118505
973.0 0.004622729102266021
974.0 0.004373864430817775
975.0 0.004159136733505875
976.0 0.003944407944800332
977.0 0.0036047105822945014
978.0 0.003265012492192909
979.0 0.003052370811928995
980.0 0.002839729131665081
981.0 0.0027016187232220545
982.0 0.002563508132880088
983.0 0.0027957681595580652
984.0 0.003028028004337102
985.0 0.0034350105124758556
986.0 0.00384199338441249
987.0 0.004096820703125559
988.0 0.004351647658040747
989.0 0.005260007674223743
990.0 0.006168366962810978
991.0 0.0062277969846036285
992.0 0.006287226278800517
993.0 0.006540313188452274
994.0 0.0067933993705082685
995.0 0.006542167830048129
996.0 0.006290934106800705
997.0 0.006050766387488693
998.0 0.005810601214761846
999.0 0.006171537097543478
1000.0 0.006532471888931468
1001.0 0.006235524779185653
1002.0 0.005938576941844076
1003.0 0.005550041169044562
1004.0 0.005161504668649286
1005.0 0.005260884063318372
1006.0 0.0053602634579874575
1007.0 0.005202649481361732
1008.0 0.005045033321948722
1009.0 0.004544217154034413
1010.0 0.0040434013499179855
1011.0 0.0038607522583333775
1012.0 0.0036781035305466503
1013.0 0.003135255610686727
1014.0 0.002592407508927863
1015.0 0.0022603775505558588
1016.0 0.001928347410284914
1017.0 0.0017036019926308654
1018.0 0.0014788563021284062
1019.0 0.001368085668218555
1020.0 0.0012573148524097633
1021.0 0.0011241729225730523
1022.0 0.0009910310836858116
1023.0 0.0010659716281224973
1024.0 0.001140912081609713
1025.0 0.0013214365935709793
1026.0 0.0015019613783806562
1027.0 0.0012933565813000314
1028.0 0.0010847516023204662
1029.0 0.0010878198736463673
1030.0 0.0010908883268712088
1031.0 0.0015478601198992692
1032.0 0.0020048322767252102
1033.0 0.0020700539607787505
1034.0 0.0021352760086301714
1035.0 0.0022600270312977955
1036.0 0.002384777690167539
1037.0 0.0025355560865136795
1038.0 0.0026863346647587605
1039.0 0.002435868555039633
1040.0 0.0021854028091183864
1041.0 0.0017347236280329525
1042.0 0.0012840449016948696
1043.0 0.0013502866750059184
1044.0 0.0014165288121148478
1045.0 0.0014438855032494757
1046.0 0.0014712424672325142
1047.0 0.0019301514839753509
1048.0 0.002389060682617128
1049.0 0.0017595199096831493
1050.0 0.0011299786820018198
1051.0 0.0012170520676590968
1052.0 0.0013041252714174334
1053.0 0.0011133977750432678
1054.0 0.0009226699148712214
1055.0 0.0007157916570577072
1056.0 0.0005089136266178684
1057.0 0.0012786693332600407
1058.0 0.002048425085376948
1059.0 0.0012588386198331136
1060.0 0.0004692523361882195
1061.0 0.0010305579962732736
1062.0 0.0015918634744593874
1063.0 0.0014270871361077297
1064.0 0.0012623105249076616
1065.0 0.0011404721590224653
1066.0 0.0010186340659856796
1067.0 0.0007015116807451705
1068.0 0.0003843887498078402
1069.0 0.0013733138985116966
1070.0 0.0023622384105692618
1071.0 0.0012549573511932977
1072.0 0.00014767656466574408
1073.0 0.0007322218152694404
1074.0 0.0013167670658731367
1075.0 0.0027726890039048158
1076.0 0.004228610850987025
1077.0 0.004276666732039303
1078.0 0.004324723340687342
1079.0 0.005274308568914421
1080.0 0.0062238905229605734
1081.0 0.004291564255254343
1082.0 0.0023592372599523515
1083.0 0.0018885575627791695
1084.0 0.001417878047504928
1085.0 0.002811488047882449
1086.0 0.0042050978663610294
1087.0 0.003621348150772974
1088.0 0.003037598253285978
1089.0 0.0051640050514834
1090.0 0.007290411303984001
1091.0 0.004921988511341624
1092.0 0.0025535655368003063
1093.0 0.0018440414351061918
1094.0 0.001134517697209958
1095.0 0.0007925273166620173
1096.0 0.0004505371180130169
1097.0 0.001730304938973859
1098.0 0.003010073305631522
1099.0 0.002771329127426725
1100.0 0.002532585131120868
