lsstCam/transmission_filter_detector/r20_s02/z_20/19700101T000000.ecsv
# %ECSV 1.0
# ---
# datatype:
# - {name: wavelength, unit: nm, datatype: float32}
# - {name: efficiency, unit: '%', datatype: float64}
# meta: !!omap
# - {MODE: DETECTOR}
# - {TYPE: transmission_filter_detector}
# - {CALIBDATE: '1970-01-01T00:00:00'}
# - {INSTRUME: LSSTCam}
# - {OBSTYPE: transmission_filter_detector}
# - {CALIBCLS: lsst.ip.isr.IntermediateFilterDetectorTransmissionCurve}
# - {SOURCE: Materion (DM-46256)}
# - {DETECTOR: 74}
# - {FILTER: z_20}
# - {CALIB_ID: 'calibDate=1970-01-01T00:00:00 filter=z_20 detector=74'}
# - {DATE: '2025-04-02T15:59:48.981336'}
# - {CALIB_CREATION_DATE: '2025-04-02'}
# - {CALIB_CREATION_TIME: '15:59:48'}
# - __serialized_columns__:
#     efficiency:
#       __class__: astropy.units.quantity.Quantity
#       unit: !astropy.units.Unit {unit: '%'}
#       value: !astropy.table.SerializedColumn {name: efficiency}
#     wavelength:
#       __class__: astropy.units.quantity.Quantity
#       unit: !astropy.units.Unit {unit: nm}
#       value: !astropy.table.SerializedColumn {name: wavelength}
# schema: astropy-2.0
wavelength efficiency
300.0 0.7483019959181547
301.0 0.5255620460957289
302.0 0.30282214283943176
303.0 0.2834066981449723
304.0 0.2639912534505129
305.0 0.2265164628624916
306.0 0.18904164899140596
307.0 0.17181845614686608
308.0 0.15459524001926184
309.0 0.14152846997603774
310.0 0.12846171157434583
311.0 0.12319799279794097
312.0 0.11793429730460048
313.0 0.10729745263233781
314.0 0.09666060796007514
315.0 0.09119139867834747
316.0 0.0857221893966198
317.0 0.07558119832538068
318.0 0.06544021307490766
319.0 0.06701858947053552
320.0 0.06859696586616337
321.0 0.06518691079691052
322.0 0.061776855727657676
323.0 0.05575825343839824
324.0 0.0497396569699049
325.0 0.04500939103309065
326.0 0.04027912218589336
327.0 0.03972417034674436
328.0 0.03916921850759536
329.0 0.03580508637242019
330.0 0.03244095714762807
331.0 0.02899383252952248
332.0 0.025546710821799934
333.0 0.024486315669491887
334.0 0.023425916151609272
335.0 0.022176452330313623
336.0 0.02092698559863493
337.0 0.023515276552643627
338.0 0.026103563141077757
339.0 0.023226127086672932
340.0 0.020348695397842675
341.0 0.018158233433496207
342.0 0.01596777292434126
343.0 0.01494679891038686
344.0 0.01392582489643246
345.0 0.013534288154914975
346.0 0.013142751413397491
347.0 0.012096595310140401
348.0 0.011050441389670596
349.0 0.013069313718006015
350.0 0.015088185318745673
351.0 0.013245240552350879
352.0 0.011402290692785755
353.0 0.012040331785101444
354.0 0.012678373605012894
355.0 0.010655397636583075
356.0 0.008632422395749018
357.0 0.009460611909162253
358.0 0.010288802877767012
359.0 0.010049788397736847
360.0 0.009810773190110922
361.0 0.00895524863153696
362.0 0.008099726255750284
363.0 0.008747188985580578
364.0 0.009394651715410873
365.0 0.009480350854573771
366.0 0.009566052176523954
367.0 0.008734948642086238
368.0 0.007903845107648522
369.0 0.008249960956163704
370.0 0.008596077532274649
371.0 0.00824328963062726
372.0 0.007890502456575632
373.0 0.006949710950721055
374.0 0.006008921263855882
375.0 0.006261207454372197
376.0 0.0065134940086863935
377.0 0.006833799125161022
378.0 0.0071541027864441276
379.0 0.006125507934484631
380.0 0.005096912354929373
381.0 0.0037171364965615794
382.0 0.002337361001991667
383.0 0.003929802551283501
384.0 0.005522244464373216
385.0 0.005153050369699486
386.0 0.004783856638823636
387.0 0.005516733290278353
388.0 0.006249611033126712
389.0 0.0055288535804720595
390.0 0.004808096855413169
391.0 0.004485388126340695
392.0 0.004162679397268221
393.0 0.004666110544349067
394.0 0.005169542055227794
395.0 0.004331835953053087
396.0 0.0034941294870804995
397.0 0.003635444227256812
398.0 0.0037767582398373634
399.0 0.0038817397580714896
400.0 0.0039867205487098545
401.0 0.004509843347477727
402.0 0.005032965782447718
403.0 0.004911355426884256
404.0 0.004789745435118675
405.0 0.004255984094925225
406.0 0.003722223118529655
407.0 0.002305159250681754
408.0 0.0008880962923285551
409.0 0.0022162157620186917
410.0 0.0035443357774056494
411.0 0.004049299968755804
412.0 0.004554264160105959
413.0 0.004352831456344575
414.0 0.00415139838878531
415.0 0.003510653550620191
416.0 0.002869908894354012
417.0 0.0035822493373416364
418.0 0.004294590326026082
419.0 0.0038764188502682373
420.0 0.0034582473745103925
421.0 0.003630170613178052
422.0 0.003802094215643592
423.0 0.003682758324430324
424.0 0.0035634231608128175
425.0 0.00266133647528477
426.0 0.001759249971655663
427.0 0.00211703336390201
428.0 0.0024748165742494166
429.0 0.0018271774024469778
430.0 0.001179538230644539
431.0 0.0009038123607751913
432.0 0.0006280863999563735
433.0 0.000719382978786598
434.0 0.0008106796485662926
435.0 0.0012364218491711654
436.0 0.0016621641407255083
437.0 0.0017325988665106706
438.0 0.0018030334103968926
439.0 0.0020465773559408262
440.0 0.0022901214833837003
441.0 0.0018017486581811681
442.0 0.0013133760148775764
443.0 0.0022536079995916225
444.0 0.0031938398024067283
445.0 0.003166351598338224
446.0 0.003138863030471839
447.0 0.0024727245545363985
448.0 0.0018065862604998983
449.0 0.0024282020604005083
450.0 0.003049818224098999
451.0 0.0025157778509310447
452.0 0.0019817371139652096
453.0 0.001815453106246423
454.0 0.0016491692804265767
455.0 0.002329692870262079
456.0 0.0030102166419965215
457.0 0.0022141364752314985
458.0 0.0014180564903654158
459.0 0.0014551137610396836
460.0 0.001492171304562362
461.0 0.0009366412996314466
462.0 0.0003811112492257962
463.0 0.0012031535334244836
464.0 0.002025195863097906
465.0 0.002115009556291625
466.0 0.002204823431384284
467.0 0.0020087834855075926
468.0 0.0018127431758330204
469.0 0.001558717485750094
470.0 0.001304691977566108
471.0 0.0012965767382411286
472.0 0.0012884616808150895
473.0 0.0012781243640347384
474.0 0.0012677869563049171
475.0 0.0011361471479176544
476.0 0.0010045073395303916
477.0 0.0012525483725767117
478.0 0.0015005892237240914
479.0 0.0018735332560027018
480.0 0.0022464773792307824
481.0 0.0016529376807739027
482.0 0.0010593980732664932
483.0 0.000820538480184041
484.0 0.000581678978051059
485.0 0.0010691424904507585
486.0 0.0015566058209515177
487.0 0.001332330339209875
488.0 0.0011080546755692922
489.0 0.0017560154446982779
490.0 0.0024039762138272636
491.0 0.0022249272660701536
492.0 0.002045878136414103
493.0 0.0020490460883593187
494.0 0.002052214586001355
495.0 0.0016919482732191682
496.0 0.001331681869487511
497.0 0.00119395890578744
498.0 0.0010562360330368392
499.0 0.0012083442925359122
500.0 0.001360452461085515
501.0 0.0009199698979500681
502.0 0.0004794873802893562
503.0 0.0011766738680307753
504.0 0.0018738603102974594
505.0 0.002083910112560261
506.0 0.002293960096722003
507.0 0.002127732295775786
508.0 0.0019615041310316883
509.0 0.0017777323591872118
510.0 0.001593960951140616
511.0 0.0012550751307571772
512.0 0.0009161894922726788
513.0 0.001331592102360446
514.0 0.0017469948943471536
515.0 0.0012466930456866976
516.0 0.0007463915153493872
517.0 0.0009241131920134649
518.0 0.0011018349141522776
519.0 0.0011351296052453108
520.0 0.0011684240234899335
521.0 0.0016265241356450133
522.0 0.002084624247800093
523.0 0.0014501489204121754
524.0 0.0008156735930242576
525.0 0.0007721331712673418
526.0 0.0007285928404598963
527.0 0.001095581774279708
528.0 0.0014625708899984602
529.0 0.0012540217539935838
530.0 0.0010454721632413566
531.0 0.001195371714857174
532.0 0.0013452711755235214
533.0 0.0008955599696491845
534.0 0.0004458487637748476
535.0 0.001026552308758255
536.0 0.0016072559446911328
537.0 0.001705007889540866
538.0 0.0018027598343905993
539.0 0.0013162138202460483
540.0 0.0008296674423036166
541.0 0.000914442898647394
542.0 0.0009992182640417013
543.0 0.001284471909457352
544.0 0.0015697254639235325
545.0 0.0010827461665030569
546.0 0.0005957670964562567
547.0 0.001167725622508442
548.0 0.0017396838302374817
549.0 0.001524203980807215
550.0 0.0013087239494780079
551.0 0.001475300177844474
552.0 0.0016418764062109403
553.0 0.0015419944247696549
554.0 0.0014421124433283694
555.0 0.0011331858331686817
556.0 0.000824259223008994
557.0 0.0012566184523166157
558.0 0.0016889776816242374
559.0 0.0016323610907420516
560.0 0.001575744136061985
561.0 0.001400352812197525
562.0 0.0012249613973835949
563.0 0.0010529856808716431
564.0 0.0008810098734102212
565.0 0.001558121402922552
566.0 0.0022352332962327637
567.0 0.0025740888304426335
568.0 0.002912944182753563
569.0 0.002788676465570461
570.0 0.002664408748387359
571.0 0.0025228488084394485
572.0 0.002381288504693657
573.0 0.0019127102859783918
574.0 0.0014441321582125966
575.0 0.0019196795619791374
576.0 0.0023952266928972676
577.0 0.002063821375486441
578.0 0.0017324162399745546
579.0 0.0017832360754255205
580.0 0.001834055728977546
581.0 0.0016703992514521815
582.0 0.0015067426829773467
583.0 0.00197979825315997
584.0 0.002452853732393123
585.0 0.0025498740797047503
586.0 0.0026468944270163774
587.0 0.0020570192646118812
588.0 0.0014671438293589745
589.0 0.002038419734162744
590.0 0.0026096955480170436
591.0 0.001887571852421388
592.0 0.0011654477930278517
593.0 0.000935933076107176
594.0 0.0007064181318128249
595.0 0.0010893929356825538
596.0 0.0014723676031280775
597.0 0.0012514966329035815
598.0 0.0010306255717296153
599.0 0.0008477976734866388
600.0 0.0006649700026173377
601.0 0.0006084020242269617
602.0 0.0005518339094123803
603.0 0.0009719670742924791
604.0 0.0013920998753746971
605.0 0.000996548988041468
606.0 0.0006009977823850932
607.0 0.0008043413799896371
608.0 0.0010076849321194459
609.0 0.0010471675523149315
610.0 0.0010866498087125365
611.0 0.0008857915418047924
612.0 0.0006849330929981079
613.0 0.0006491805379482685
614.0 0.0006134278464742238
615.0 0.0010451889465912245
616.0 0.0014769500921829604
617.0 0.0019540531866368838
618.0 0.002431156281090807
619.0 0.0020805493477382697
620.0 0.0017299420505878516
621.0 0.0016403286281274632
622.0 0.001550714841869194
623.0 0.0016334928659489378
624.0 0.0017162708900286816
625.0 0.0016449404938612133
626.0 0.0015736104614916258
627.0 0.0018655755411600694
628.0 0.002157541166525334
629.0 0.0020223489627824165
630.0 0.0018871569409384392
631.0 0.0018255814211443067
632.0 0.001764005901350174
633.0 0.0020582270735758357
634.0 0.002352448609599378
635.0 0.005253130439086817
636.0 0.008153812086675316
637.0 0.015383967547677457
638.0 0.02261412446387112
639.0 0.01995571219595149
640.0 0.017297301383223385
641.0 0.014910644677001983
642.0 0.01252399233635515
643.0 0.009901983139570802
644.0 0.007279974670382217
645.0 0.006714740447932854
646.0 0.0061495069530792534
647.0 0.005783457163488492
648.0 0.005417407010099851
649.0 0.0042531599319772795
650.0 0.00308891358145047
651.0 0.0035346052754903212
652.0 0.003980297333328053
653.0 0.0031838186259847134
654.0 0.0023873393729445525
655.0 0.002590582153061405
656.0 0.002793825296976138
657.0 0.0028166510674054734
658.0 0.0028394764740369283
659.0 0.002639013655425515
660.0 0.002438550836814102
661.0 0.0025253255444113165
662.0 0.0026120998882106505
663.0 0.0020170040443190373
664.0 0.0014219085642253049
665.0 0.0017664815459284
666.0 0.002111054891429376
667.0 0.0024027782274060883
668.0 0.0026945015633828007
669.0 0.0019075274394708686
670.0 0.001120553588407347
671.0 0.0009523878361505922
672.0 0.0007842221748433076
673.0 0.001312566291744588
674.0 0.0018409105905448087
675.0 0.0018850572814699262
676.0 0.0019292037904961035
677.0 0.001888238693936728
678.0 0.001847273415478412
679.0 0.001449568026146153
680.0 0.0010518625458644237
681.0 0.0012058323591190856
682.0 0.0013598020814242773
683.0 0.0023813487132429145
684.0 0.003402895526960492
685.0 0.002840264278347604
686.0 0.002277633575431537
687.0 0.0017594640667084605
688.0 0.0012412944670359138
689.0 0.0015019421880424488
690.0 0.0017625896362005733
691.0 0.002112055335601326
692.0 0.0024615208531031385
693.0 0.002885858339141123
694.0 0.003310196188976988
695.0 0.003278774966020137
696.0 0.0032473533792654052
697.0 0.00348551147908438
698.0 0.0037236695789033547
699.0 0.0054564639867749065
700.0 0.007189258030848578
701.0 0.00708718944224529
702.0 0.006985122308833525
703.0 0.006214035965967923
704.0 0.005442950714495964
705.0 0.00486198186990805
706.0 0.004281013389118016
707.0 0.004008810356026515
708.0 0.0037366069591371343
709.0 0.004045564492116682
710.0 0.00435452202509623
711.0 0.004010235352325253
712.0 0.003665949043352157
713.0 0.002743173172348179
714.0 0.001820397301344201
715.0 0.0022445574359153397
716.0 0.002668717752385419
717.0 0.0024186221708077937
718.0 0.002168526771129109
719.0 0.0017263173504034057
720.0 0.0012841079296777025
721.0 0.0011646807251963764
722.0 0.0010452532478666399
723.0 0.0009316197974840179
724.0 0.000817986347101396
725.0 0.0012553639862744603
726.0 0.0016927418982959352
727.0 0.0016499960111104883
728.0 0.0016072497601271607
729.0 0.001642895585973747
730.0 0.0016785410480224527
731.0 0.0014479220226348843
732.0 0.0012173029062978458
733.0 0.0012733664334518835
734.0 0.001329429869656451
735.0 0.0011830956282210536
736.0 0.0010367609320383053
737.0 0.0011725686817953829
738.0 0.0013083759768051095
739.0 0.0012538401279016398
740.0 0.0011993041880486999
741.0 0.001210562822961947
742.0 0.001221821457875194
743.0 0.0016639311070321128
744.0 0.0021060406652395613
745.0 0.0015055610674608033
746.0 0.0009050814696820453
747.0 0.00122907822515117
748.0 0.0015530749806202948
749.0 0.0022555404939339496
750.0 0.002958006189146545
751.0 0.0030514267564285547
752.0 0.003144847505609505
753.0 0.0030160626920405775
754.0 0.00288727787847165
755.0 0.00202493629331002
756.0 0.0011625943443505093
757.0 0.0020064784621354192
758.0 0.0028503627618192695
759.0 0.0028125170501880348
760.0 0.0027746713385568
761.0 0.004342576721683145
762.0 0.005910481922910549
763.0 0.0055853943194961175
764.0 0.00526030853507109
765.0 0.005289435648592189
766.0 0.005318564217304811
767.0 0.00453970096714329
768.0 0.003760837353183888
769.0 0.003590038977563381
770.0 0.003419241329538636
771.0 0.0040020779124461114
772.0 0.004584914859151468
773.0 0.0038728947401978076
774.0 0.0031608742574462667
775.0 1.5951761396168496e-10
776.0 0.016368456999771297
777.0 0.07821841863915324
778.0 0.06756020593456924
779.0 0.03111089172307402
780.0 0.09081105818040669
781.0 1.5951761396168496e-10
782.0 0.0379425153369084
783.0 0.025486928643658757
784.0 0.2089932095259428
785.0 0.022815578267909586
786.0 0.05692766862921417
787.0 1.5951761396168496e-10
788.0 1.5951761396168496e-10
789.0 0.05731540150009096
790.0 0.06607646937482059
791.0 0.09174165898002684
792.0 0.11968573089689016
793.0 0.0011064111276937183
794.0 1.5951761396168496e-10
795.0 0.050187628949061036
796.0 0.11154781095683575
797.0 0.017169011698570102
798.0 0.11738670291379094
799.0 0.19145144615322351
800.0 0.18540261080488563
801.0 0.42568715289235115
802.0 0.7423690520226955
803.0 1.1186315678060055
804.0 1.837349683046341
805.0 2.8141051530838013
806.0 4.231492057442665
807.0 5.9935882687568665
808.0 8.195973187685013
809.0 10.751663893461227
810.0 13.937301933765411
811.0 16.928941011428833
812.0 20.05401998758316
813.0 23.096582293510437
814.0 26.120543479919434
815.0 30.300608277320862
816.0 35.29756963253021
817.0 41.04005992412567
818.0 46.89505100250244
819.0 52.51021385192871
820.0 60.28314232826233
821.0 67.88150072097778
822.0 74.12710785865784
823.0 79.56586480140686
824.0 84.9826991558075
825.0 89.66377973556519
826.0 92.68045425415039
827.0 95.60199975967407
828.0 97.90207147598267
829.0 98.66344332695007
830.0 98.63166213035583
831.0 99.2196261882782
832.0 98.6640453338623
833.0 99.89781975746155
834.0 98.36903214454651
835.0 99.4576632976532
836.0 99.36732649803162
837.0 99.06860589981079
838.0 98.19983243942261
839.0 98.48893880844116
840.0 98.86113405227661
841.0 99.50193166732788
842.0 99.7292160987854
843.0 99.79997277259827
844.0 98.43167066574097
845.0 98.61713647842407
846.0 99.09685254096985
847.0 98.76611828804016
848.0 99.80276226997375
849.0 98.76682162284851
850.0 98.27356934547424
851.0 99.3958592414856
852.0 99.5629072189331
853.0 98.62882494926453
854.0 99.7816801071167
855.0 98.67956042289734
856.0 99.2030918598175
857.0 97.99497127532959
858.0 98.58958125114441
859.0 99.2338478565216
860.0 98.51294159889221
861.0 99.02843832969666
862.0 99.03851747512817
863.0 98.40794801712036
864.0 99.39326643943787
865.0 99.81998801231384
866.0 98.89945387840271
867.0 99.38486218452454
868.0 99.39621090888977
869.0 99.10631775856018
870.0 98.18211197853088
871.0 99.1738498210907
872.0 99.15903806686401
873.0 99.17992353439331
874.0 99.83884692192078
875.0 98.74005913734436
876.0 99.16847944259644
877.0 99.68031048774719
878.0 99.17980432510376
879.0 98.79794120788574
880.0 98.44275116920471
881.0 100.08121728897095
882.0 98.83139133453369
883.0 99.2339015007019
884.0 99.24408197402954
885.0 99.1965651512146
886.0 98.66862893104553
887.0 98.68912100791931
888.0 99.07293915748596
889.0 99.4998037815094
890.0 98.36833477020264
891.0 99.2654025554657
892.0 98.79875183105469
893.0 98.7962543964386
894.0 98.22657108306885
895.0 99.56223964691162
896.0 99.20222759246826
