lsstCam/transmission_filter_detector/r20_s02/z_20/19700101T000000.ecsv
# %ECSV 1.0
# ---
# datatype:
# - {name: wavelength, unit: nm, datatype: float32}
# - {name: efficiency, unit: '%', datatype: float64}
# meta: !!omap
# - {MODE: DETECTOR}
# - {TYPE: transmission_filter_detector}
# - {CALIBDATE: '1970-01-01T00:00:00'}
# - {INSTRUME: LSSTCam}
# - {OBSTYPE: transmission_filter_detector}
# - {CALIBCLS: lsst.ip.isr.IntermediateFilterDetectorTransmissionCurve}
# - {SOURCE: Materion (DM-46256)}
# - {DETECTOR: 74}
# - {FILTER: z_20}
# - {CALIB_ID: 'calibDate=1970-01-01T00:00:00 filter=z_20 detector=74'}
# - {DATE: '2025-04-02T15:59:48.981336'}
# - {CALIB_CREATION_DATE: '2025-04-02'}
# - {CALIB_CREATION_TIME: '15:59:48'}
# - __serialized_columns__:
#     efficiency:
#       __class__: astropy.units.quantity.Quantity
#       unit: !astropy.units.Unit {unit: '%'}
#       value: !astropy.table.SerializedColumn {name: efficiency}
#     wavelength:
#       __class__: astropy.units.quantity.Quantity
#       unit: !astropy.units.Unit {unit: nm}
#       value: !astropy.table.SerializedColumn {name: wavelength}
# schema: astropy-2.0
wavelength efficiency
[from data line 598]
898.0 98.83414506912231
899.0 98.56995344161987
900.0 98.95884394645691
901.0 99.23991560935974
902.0 99.34540390968323
903.0 98.83508086204529
904.0 97.6797878742218
905.0 98.69069457054138
906.0 98.14586043357849
907.0 98.53630661964417
908.0 98.21820259094238
909.0 98.42560291290283
910.0 98.01362752914429
911.0 97.0210611820221
912.0 96.22564315795898
913.0 95.20120024681091
914.0 92.68541932106018
915.0 90.48420190811157
916.0 88.73642683029175
917.0 87.03891038894653
918.0 83.53003859519958
919.0 82.37142562866211
920.0 79.57878708839417
921.0 75.83757042884827
922.0 71.82926535606384
923.0 66.20197892189026
924.0 60.6243371963501
925.0 55.28653860092163
926.0 49.25008416175842
927.0 42.17326641082764
928.0 36.40441298484802
929.0 29.955655336380005
930.0 24.254806339740753
931.0 19.061583280563354
932.0 13.621346652507782
933.0 9.269245713949203
934.0 6.014856323599815
935.0 3.721470385789871
936.0 2.1336983889341354
937.0 1.3054409995675087
938.0 0.6828839424997568
939.0 0.49823797307908535
940.0 0.330330990254879
941.0 0.12980428291484714
942.0 0.19439003663137555
943.0 0.14769340632483363
944.0 0.08989237830974162
945.0 0.06235465407371521
946.0 1.5951761396168496e-10
947.0 1.5951761396168496e-10
948.0 0.009758440137375146
949.0 0.02215731074102223
950.0 0.004559962326311506
951.0 1.5951761396168496e-10
952.0 0.0018531971363699995
953.0 1.5951761396168496e-10
954.0 0.00512163715029601
955.0 0.025865365751087666
956.0 0.08014501654542983
957.0 1.5951761396168496e-10
958.0 0.06000467110425234
959.0 1.5951761396168496e-10
960.0 1.5951761396168496e-10
961.0 0.021735213522333652
962.0 0.0318231905112043
963.0 1.5951761396168496e-10
964.0 0.08188283536583185
965.0 0.021611196279991418
966.0 0.005790585419163108
967.0 1.5951761396168496e-10
968.0 0.028710250626318157
969.0 1.5951761396168496e-10
970.0 1.5951761396168496e-10
971.0 1.5951761396168496e-10
972.0 0.010185915016336367
973.0 1.5951761396168496e-10
974.0 1.5951761396168496e-10
975.0 0.023461376258637756
976.0 0.006434116221498698
977.0 0.0063530496845487505
978.0 0.006271984602790326
979.0 0.006139391916804016
980.0 0.006006797411828302
981.0 0.005844555562362075
982.0 0.005682313712895848
983.0 0.005649747618008405
984.0 0.005617181523120962
985.0 0.005327218968886882
986.0 0.005037255687057041
987.0 0.0050752532843034714
988.0 0.005113251245347783
989.0 0.004983137841918506
990.0 0.00485302516608499
991.0 0.004921789513900876
992.0 0.004990553861716762
993.0 0.004960325532010756
994.0 0.004930096474708989
995.0 0.004816821456188336
996.0 0.0047035468014655635
997.0 0.004537211498245597
998.0 0.00437087619502563
999.0 0.004363279367680661
1000.0 0.004355682176537812
1001.0 0.004435235314304009
1002.0 0.004514787724474445
1003.0 0.004498907583183609
1004.0 0.004483027805690654
1005.0 0.004359035665402189
1006.0 0.004235043525113724
1007.0 0.004282745794625953
1008.0 0.0043304480641381815
1009.0 0.0043896769057027996
1010.0 0.004448905747267418
1011.0 0.004524237374425866
1012.0 0.0045995693653821945
1013.0 0.004419945980771445
1014.0 0.004240322596160695
1015.0 0.004444691148819402
1016.0 0.004649058973882347
1017.0 0.004797050132765435
1018.0 0.004945041291648522
1019.0 0.0048032648919615895
1020.0 0.004661488856072538
1021.0 0.004740176154882647
1022.0 0.004818863089894876
1023.0 0.004719276330433786
1024.0 0.0046196888433769345
1025.0 0.004741286102216691
1026.0 0.004862883724854328
1027.0 0.0048410245653940365
1028.0 0.004819165769731626
1029.0 0.004702585283666849
1030.0 0.004586005161399953
1031.0 0.0048105088353622705
1032.0 0.005035012145526707
1033.0 0.005037849768996239
1034.0 0.005040687756263651
1035.0 0.005271239206194878
1036.0 0.005501790292328224
1037.0 0.005567593689193018
1038.0 0.0056333963584620506
1039.0 0.005468752715387382
1040.0 0.005304108708514832
1041.0 0.005673224222846329
1042.0 0.0060423397371778265
1043.0 0.005674016210832633
1044.0 0.00530569268448744
1045.0 0.0058070378145202994
1046.0 0.0063083825807552785
1047.0 0.006132225826149806
1048.0 0.005956068707746454
1049.0 0.00610962524660863
1050.0 0.006263181421672925
1051.0 0.006473305256804451
1052.0 0.006683429819531739
1053.0 0.006739458331139758
1054.0 0.006795487570343539
1055.0 0.007504758832510561
1056.0 0.008214030822273344
1057.0 0.007830367394490167
1058.0 0.007446703966706991
1059.0 0.007698017725488171
1060.0 0.00794933075667359
1061.0 0.008440224337391555
1062.0 0.008931118645705283
1063.0 0.008957392128650099
1064.0 0.008983666339190677
1065.0 0.00915414493647404
1066.0 0.009324625716544688
1067.0 0.009538258018437773
1068.0 0.00975189104792662
1069.0 0.010613897757139057
1070.0 0.011475903738755733
1071.0 0.011075813381467015
1072.0 0.010675722296582535
1073.0 0.010833439591806382
1074.0 0.010991156887030229
1075.0 0.011600683501455933
1076.0 0.012210210843477398
1077.0 0.012215621245559305
1078.0 0.012221030192449689
1079.0 0.013103305536787957
1080.0 0.013985580881126225
1081.0 0.014232636021915823
1082.0 0.014479692617896944
1083.0 0.014211650704964995
1084.0 0.013943607336841524
1085.0 0.014587506302632391
1086.0 0.01523140526842326
1087.0 0.01573897898197174
1088.0 0.016246552695520222
1089.0 0.017194345127791166
1090.0 0.018142139015253633
1091.0 0.01795589196262881
1092.0 0.01776964054442942
1093.0 0.018259328498970717
1094.0 0.018749013543128967
1095.0 0.019633113697636873
1096.0 0.0205172153073363
1097.0 0.020689648226834834
1098.0 0.020862081146333367
1099.0 0.0224160889047198
1100.0 0.023970093752723187
1101.0 0.02425648272037506
1102.0 0.024542870232835412
1103.0 0.025802204618230462
1104.0 0.027061539003625512
1105.0 0.02712711866479367
1106.0 0.027192698325961828
1107.0 0.028288993053138256
1108.0 0.029385284869931638
1109.0 0.030448826146312058
1110.0 0.03151236451230943
1111.0 0.031292185303755105
1112.0 0.031072009005583823
1113.0 0.032600603299215436
1114.0 0.034129200503230095
1115.0 0.03419791755732149
1116.0 0.03426663752179593
1117.0 0.03470483352430165
1118.0 0.03514302952680737
1119.0 0.0392983085475862
1120.0 0.04345358756836504
1121.0 0.04439587646629661
1122.0 0.045338168274611235
1123.0 0.04498936468735337
1124.0 0.04464056110009551
1125.0 0.045242736814543605
1126.0 0.0458449125289917
1127.0 0.04997362848371267
1128.0 0.05410234443843365
1129.0 0.05547557957470417
1130.0 0.0568488088902086
1131.0 0.05887649022042751
1132.0 0.06090416572988033
1133.0 0.06229528225958347
1134.0 0.06368639296852052
1135.0 0.06370039191097021
1136.0 0.06371438503265381
1137.0 0.0700390140991658
1138.0 0.07636366062797606
1139.0 0.08059561369009316
1140.0 0.0848275376483798
1141.0 0.0961498124524951
1142.0 0.10747207561507821
1143.0 0.1283083693124354
1144.0 0.14914462808519602
1145.0 0.296101369895041
1146.0 0.44305818155407906
1147.0 0.9468270465731621
1148.0 1.4505960047245026
1149.0 1.6447247937321663
1150.0 1.8388547003269196
