lsstCam/transmission_filter_detector/r14_s12/r_57/19700101T000000.ecsv
# %ECSV 1.0
# ---
# datatype:
# - {name: wavelength, unit: nm, datatype: float32}
# - {name: efficiency, unit: '%', datatype: float64}
# meta: !!omap
# - {MODE: DETECTOR}
# - {TYPE: transmission_filter_detector}
# - {CALIBDATE: '1970-01-01T00:00:00'}
# - {INSTRUME: LSSTCam}
# - {OBSTYPE: transmission_filter_detector}
# - {CALIBCLS: lsst.ip.isr.IntermediateFilterDetectorTransmissionCurve}
# - {SOURCE: Materion (DM-46256)}
# - {DETECTOR: 68}
# - {FILTER: r_57}
# - {CALIB_ID: 'calibDate=1970-01-01T00:00:00 filter=r_57 detector=68'}
# - {DATE: '2025-04-02T15:59:44.498010'}
# - {CALIB_CREATION_DATE: '2025-04-02'}
# - {CALIB_CREATION_TIME: '15:59:44'}
# - __serialized_columns__:
#     efficiency:
#       __class__: astropy.units.quantity.Quantity
#       unit: !astropy.units.Unit {unit: '%'}
#       value: !astropy.table.SerializedColumn {name: efficiency}
#     wavelength:
#       __class__: astropy.units.quantity.Quantity
#       unit: !astropy.units.Unit {unit: nm}
#       value: !astropy.table.SerializedColumn {name: wavelength}
# schema: astropy-2.0
wavelength efficiency
300.0 0.004251429345458746
301.0 0.010135243064723909
302.0 0.016019058239180595
303.0 0.018850472406484187
304.0 0.02168188657378778
305.0 0.01839660690166056
306.0 0.015111325774341822
307.0 0.013551022857427597
308.0 0.011990720668109134
309.0 0.011330035340506583
310.0 0.010669351468095556
311.0 0.009719004447106272
312.0 0.008768657426116988
313.0 0.007989856385393068
314.0 0.007211056799860671
315.0 0.006949433736735955
316.0 0.006687810673611239
317.0 0.006145089719211683
318.0 0.005602369856205769
319.0 0.005073725333204493
320.0 0.004545081537798978
321.0 0.004449896732694469
322.0 0.00435471192758996
323.0 0.004363961488706991
324.0 0.0043732114136219025
325.0 0.004188116145087406
326.0 0.00400302087655291
327.0 0.004082749364897609
328.0 0.004162477489444427
329.0 0.0041844967199722305
330.0 0.004206514859106392
331.0 0.003850349457934499
332.0 0.0034941847843583673
333.0 0.003218244091840461
334.0 0.0029423039450193755
335.0 0.0026519495804677717
336.0 0.0023615948521182872
337.0 0.002143283563782461
338.0 0.0019249720935476944
339.0 0.00182359781319974
340.0 0.0017222235328517854
341.0 0.0016655929357511923
342.0 0.0016089625205495395
343.0 0.0015639347111573443
344.0 0.0015189067198662087
345.0 0.0014337312677525915
346.0 0.0013485557246895041
347.0 0.0013387275430432055
348.0 0.0013288992704474367
349.0 0.0012596909982676152
350.0 0.005742673602071591
351.0 0.006337567901937291
352.0 0.006932461838005111
353.0 0.00577794126002118
354.0 0.00462342104583513
355.0 0.004483986776904203
356.0 0.0043445532355690375
357.0 0.006645887333434075
358.0 0.008947222522692755
359.0 0.0064519372244831175
360.0 0.003956652290071361
361.0 0.002779941860353574
362.0 0.0016032314306357875
363.0 0.0025729428671183996
364.0 0.0035426543036010116
365.0 0.003552533235051669
366.0 0.003562412894098088
367.0 0.0032179603294935077
368.0 0.0028735074010910466
369.0 0.002385780135227833
370.0 0.0018980532331625
371.0 0.0025368108254042454
372.0 0.0031755687814438716
373.0 0.003621453288360499
374.0 0.004067337795277126
375.0 0.003558266325853765
376.0 0.0030491955840261653
377.0 0.0017686934370431118
378.0 0.0004881914264842635
379.0 0.0011974621884291992
380.0 0.0019067332686972804
381.0 0.0026191406504949555
382.0 0.0033315485779894516
383.0 0.00366826934623532
384.0 0.004004990478279069
385.0 0.004846738738706335
386.0 0.005688486635335721
387.0 0.005104225056129508
388.0 0.004519963476923294
389.0 0.003838634438579902
390.0 0.003157305036438629
391.0 0.0022434938728110865
392.0 0.0013296828910824843
393.0 0.001439847346773604
394.0 0.0015500112567679025
395.0 0.0011644620826700702
396.0 0.0007789128176227678
397.0 0.0008421655365964398
398.0 0.0009054186193679925
399.0 0.0008202376193366945
400.0 0.0007350559826591052
401.0 0.00023250083813763922
402.0 1.951905000477372e-10
403.0 1.951905000477372e-10
404.0 0.00018658867020349135
405.0 0.0007863053724577185
406.0 0.0013860217222827487
407.0 0.001824349419621285
408.0 0.0022626771169598214
409.0 0.0019362198145245202
410.0 0.0016097623301902786
411.0 0.0011808908311650157
412.0 0.0007520193776144879
413.0 0.0007468784588127164
414.0 0.0007417376764351502
415.0 0.000761180899644387
416.0 0.0007806243957020342
417.0 0.0013661821867572144
418.0 0.0019517403416102752
419.0 0.0024345266865566373
420.0 0.0029173132134019397
421.0 0.004739281939691864
422.0 0.006561250484082848
423.0 0.010127085261046886
424.0 0.013692918582819402
425.0 0.017892081814352423
426.0 0.022091239225119352
427.0 0.022206777066458017
428.0 0.022322316362988204
429.0 0.01704609312582761
430.0 0.01176987134385854
431.0 0.008609562064521015
432.0 0.005449252057587728
433.0 0.004436408562469296
434.0 0.003423564339755103
435.0 0.002671763468242716
436.0 0.0019199624148313887
437.0 0.0017068552551791072
438.0 0.001493748277425766
439.0 0.0012151022019679658
440.0 0.0009364561265101656
441.0 0.0011545655070221983
442.0 0.0013726749784837011
443.0 0.0016744621461839415
444.0 0.001976249404833652
445.0 0.0019016808437299915
446.0 0.0018271121007273905
447.0 0.0018050073776976205
448.0 0.001782902836566791
449.0 0.00194428394024726
450.0 0.0021056646801298484
451.0 0.0020818266420974396
452.0 0.002057988785963971
453.0 0.0017736569134285673
454.0 0.0014893249499436934
455.0 0.0013855356883141212
456.0 0.0012817466995329596
457.0 0.0008962387255451176
458.0 0.0005107307970320107
459.0 0.0008565626558265649
460.0 0.0012023943781969137
461.0 0.001943473944265861
462.0 0.0026845531465369277
463.0 0.00346631022694055
464.0 0.004248067125445232
465.0 0.005344949749996886
466.0 0.0064418323745485395
467.0 0.007009936962276697
468.0 0.007578043005196378
469.0 0.0063953353674151
470.0 0.005212628821027465
471.0 0.003916557398042642
472.0 0.0026204857931588776
473.0 0.0021857542378711514
474.0 0.0017510226825834252
475.0 0.0014757409189769533
476.0 0.0012004594282188918
477.0 0.0009589702131052036
478.0 0.0007174809070420451
479.0 0.0009485311238677241
480.0 0.0011795811587944627
481.0 0.000921399532671785
482.0 0.0006632180429733125
483.0 0.0007323928457481088
484.0 0.0008015675120986998
485.0 0.000729319117453997
486.0 0.000657070586385089
487.0 0.0006590719749510754
488.0 0.0006610733635170618
489.0 0.0006392739123839419
490.0 0.0006174745976750273
491.0 0.0007866694431868382
492.0 0.0009558641977491789
493.0 0.001045500084728701
494.0 0.0011351359717082232
495.0 0.0010342175301047973
496.0 0.0009332991794508416
497.0 0.0011714451829902828
498.0 0.0014095910046307836
499.0 0.0014185538930178154
500.0 0.0014275170542532578
501.0 0.0016547175619052723
502.0 0.0018819182514562272
503.0 0.002297271385032218
504.0 0.0027126248824060895
505.0 0.003368150646565482
506.0 0.004023676592623815
507.0 0.004643192733055912
508.0 0.005262708873488009
509.0 0.005648038131766953
510.0 0.006033366298652254
511.0 0.005381739538279362
512.0 0.00473011277790647
513.0 0.004059483762830496
514.0 0.0033888547477545217
515.0 0.0032023155654314905
516.0 0.0030157765650073998
517.0 0.002839989429048728
518.0 0.0026642022930900566
519.0 0.0813662598375231
520.0 0.06884120521135628
521.0 0.1104551600292325
522.0 0.01720272994134575
523.0 0.06808059988543391
524.0 0.056304020108655095
525.0 0.0960543635301292
526.0 0.14400226064026356
527.0 0.1545253093354404
528.0 0.14860591618344188
529.0 0.16485414234921336
530.0 0.19615727942436934
531.0 0.26623818557709455
532.0 0.3504608990624547
533.0 0.4395708907395601
534.0 0.6927595473825932
535.0 1.0017940774559975
536.0 1.6173452138900757
537.0 2.523905783891678
538.0 3.730258345603943
539.0 5.644504725933075
540.0 8.303394168615341
541.0 11.301407217979431
542.0 15.105779469013214
543.0 19.98681128025055
544.0 25.990378856658936
545.0 32.466116547584534
546.0 39.96877074241638
547.0 47.61098027229309
548.0 55.95641732215881
549.0 63.22743892669678
550.0 67.91306734085083
551.0 73.44815731048584
552.0 76.63137912750244
553.0 80.41368126869202
554.0 83.4368109703064
555.0 86.72904968261719
556.0 90.04319310188293
557.0 91.92842245101929
558.0 94.2215085029602
559.0 95.6389844417572
560.0 95.15831470489502
561.0 95.8145260810852
562.0 95.69181799888611
563.0 95.43134570121765
564.0 96.09808921813965
565.0 95.56477665901184
566.0 96.3778018951416
567.0 96.05969190597534
568.0 96.61896228790283
569.0 97.4526047706604
570.0 96.8160092830658
571.0 97.95929193496704
572.0 97.37709164619446
573.0 97.06651568412781
574.0 97.08912968635559
575.0 96.84327840805054
576.0 97.49799370765686
577.0 97.02088832855225
578.0 97.33462929725647
579.0 97.09576368331909
580.0 96.7744767665863
581.0 96.86537384986877
582.0 96.94649577140808
583.0 97.1587598323822
584.0 96.5939462184906
585.0 96.88835740089417
586.0 97.11179733276367
587.0 96.4715301990509
588.0 97.10639119148254
589.0 97.60953783988953
590.0 97.09968566894531
591.0 96.33681178092957
592.0 96.47331237792969
593.0 96.099454164505
594.0 96.4708149433136
595.0 96.81428670883179
596.0 97.06444144248962
597.0 97.69663214683533
598.0 97.10796475410461
599.0 97.40244746208191
600.0 97.5141704082489
601.0 96.17035984992981
602.0 97.13183045387268
603.0 96.6273546218872
604.0 96.66711091995239
605.0 96.8310296535492
606.0 96.33005857467651
607.0 96.48658037185669
608.0 96.53659462928772
609.0 95.8498477935791
610.0 96.29756808280945
611.0 96.15570306777954
612.0 96.02939486503601
613.0 97.3639965057373
614.0 97.07008004188538
615.0 96.52095437049866
616.0 96.72660827636719
617.0 96.81038856506348
618.0 96.59581780433655
619.0 97.35353589057922
620.0 96.58304452896118
621.0 95.90350389480591
622.0 97.1526563167572
623.0 96.82999849319458
624.0 96.6188371181488
625.0 97.25093841552734
626.0 96.6400682926178
627.0 95.60925960540771
628.0 97.60575294494629
629.0 96.03105783462524
630.0 96.8239963054657
631.0 96.44598960876465
632.0 97.20106720924377
633.0 96.96693420410156
634.0 96.24569416046143
635.0 96.54552936553955
636.0 96.65728211402893
637.0 95.9985077381134
638.0 95.75850367546082
639.0 95.57244777679443
640.0 95.85435390472412
641.0 96.04561924934387
642.0 96.48294448852539
643.0 96.53827548027039
644.0 96.42738103866577
645.0 96.79546356201172
646.0 96.4390218257904
647.0 97.72550463676453
648.0 96.86710834503174
649.0 95.8768367767334
650.0 96.80293202400208
651.0 97.11478352546692
652.0 97.25240468978882
653.0 96.4812159538269
654.0 97.02863097190857
655.0 97.01203107833862
656.0 96.00403904914856
657.0 96.11634612083435
658.0 96.85959219932556
659.0 96.6035544872284
660.0 95.84107398986816
661.0 95.56919932365417
662.0 96.28515839576721
663.0 96.05120420455933
664.0 95.65675258636475
665.0 95.8444893360138
666.0 95.78848481178284
667.0 95.79567313194275
668.0 95.33185958862305
669.0 95.69419622421265
670.0 95.826655626297
671.0 95.71381211280823
672.0 95.07006406784058
673.0 95.17547488212585
674.0 94.79241371154785
675.0 95.4770028591156
676.0 94.63798403739929
677.0 93.05251836776733
678.0 92.15458631515503
679.0 90.41772484779358
680.0 88.72626423835754
681.0 86.89470887184143
682.0 83.94464254379272
683.0 80.30064702033997
684.0 76.22918486595154
685.0 72.1550703048706
686.0 67.95462369918823
687.0 63.06685209274292
688.0 58.84644389152527
689.0 54.49199080467224
690.0 49.752277135849
691.0 45.447954535484314
692.0 40.46904146671295
693.0 35.6041818857193
694.0 29.708746075630188
695.0 24.10200387239456
696.0 18.521709740161896
697.0 13.744698464870453
698.0 9.081198275089264
699.0 5.900375545024872
700.0 3.84615920484066
701.0 2.173871546983719
702.0 1.3123328797519207
703.0 0.755405006930232
704.0 0.4903761204332113
705.0 0.2722864504903555
706.0 0.23665111511945724
707.0 0.1628606580197811
708.0 0.08836871711537242
709.0 0.08475423092022538
710.0 0.08061249973252416
711.0 0.0739138456992805
712.0 0.04302837478462607
713.0 0.05007433355785906
714.0 0.022787039051763713
715.0 0.06337462109513581
716.0 0.038406040403060615
717.0 0.03754764620680362
718.0 0.06345960428006947
719.0 0.05644555203616619
720.0 1.951905000477372e-10
721.0 0.004129408625885844
722.0 0.003858886702801101
723.0 0.0035883647797163576
724.0 0.0033349188015563414
725.0 0.0030814720958005637
726.0 0.00285989954136312
727.0 0.002638326805026736
728.0 0.0024956192646641284
729.0 0.0023529115424025804
730.0 0.0022001784600433894
731.0 0.0020474459233810194
732.0 0.0020481149476836435
733.0 0.002048784153885208
734.0 0.001960573899850715
735.0 0.0018723634639172815
736.0 0.0016932166545302607
737.0 0.00151406984514324
738.0 0.0015396431990666315
739.0 0.0015652167348889634
740.0 0.0014816254406468943
741.0 0.0013980344192532357
742.0 0.0013074014532321598
743.0 0.0012167685781605542
744.0 0.0012662912922678515
745.0 0.0013158136425772682
746.0 0.001228808832820505
747.0 0.0011418038411648013
748.0 0.0010537259186094161
749.0 0.0009656478141550906
750.0 0.0009316989235230722
751.0 0.0008977503057394642
752.0 0.000967425512499176
753.0 0.0010371006283094175
754.0 0.0010533194654271938
755.0 0.0010695385753933806
756.0 0.0010200143151450902
757.0 0.0009704897820483893
758.0 0.0009764079550222959
759.0 0.0009823261279962026
760.0 0.0010088501767313574
761.0 0.0010353744983149227
762.0 0.0010178898264712188
763.0 0.0010004056093748659
764.0 0.0009679670256446116
765.0 0.0009355285328638274
766.0 0.0007527788056904683
767.0 0.0005700293058907846
768.0 0.0005423755283118226
769.0 0.0005147216597833904
770.0 0.0006552707873197505
771.0 0.0007958201422297861
772.0 0.0007207198905234691
773.0 0.0006456195023929467
774.0 0.0007728281161689665
775.0 0.0009000366844702512
776.0 0.0008598470230936073
777.0 0.0008196573617169634
778.0 0.0008276199878309853
779.0 0.0008355826139450073
780.0 0.0007020764314802364
781.0 0.0005685702490154654
782.0 0.0006395952368620783
783.0 0.0007106202247086912
784.0 0.0007331360848183976
785.0 0.0007556517175544286
786.0 0.0006932741598575376
787.0 0.0006308966021606466
788.0 0.0005965429863863392
789.0 0.0005621895525109721
790.0 0.0006434621354856063
791.0 0.0007247346275107702
792.0 0.0007416837433993351
793.0 0.0007586328592878999
794.0 0.0007542911134805763
795.0 0.000749949003875372
796.0 0.0006352317541313823
797.0 0.0005205144134379225
798.0 0.0006371957624651259
799.0 0.0007538770205428591
800.0 0.0007248794190672925
801.0 0.0006958815447433153
802.0 0.0006152294190542307
803.0 0.0005345769750420004
804.0 0.0006161100372992223
805.0 0.0006976431905059144
806.0 0.0006238297828531358
807.0 0.0005500164661498275
808.0 0.0006709982244501589
809.0 0.0007919799827504903
810.0 0.0006709492481604684
811.0 0.0005499188318935921
812.0 0.0006127360393293202
813.0 0.0006755532012903132
814.0 0.0005413658527686493
815.0 0.00040717854972172063
816.0 0.0005101951501274016
817.0 0.0006132119324320229
818.0 0.0006123728780949023
819.0 0.0006115337782830466
820.0 0.00043533946154639125
821.0 0.0002591450765976333
822.0 0.00031965987545845564
823.0 0.00038017469705664553
824.0 0.0004326313046476571
825.0 0.00048508795771340374
826.0 0.0004964738764101639
827.0 0.0005078597951069241
828.0 0.0003608917040764936
829.0 0.00021392359030869557
830.0 0.00015469958043468068
831.0 9.547559329803335e-05
832.0 5.8814765679926495e-05
833.0 2.2153940903990588e-05
834.0 5.9885188363750785e-06
835.0 1.951905000477372e-10
836.0 0.0002626135938044172
837.0 0.0005354042514227331
838.0 0.0007291933343367418
839.0 0.0009229825082002208
840.0 0.0015550564057775773
841.0 0.0021871301214559935
842.0 0.0032182761060539633
843.0 0.004249423000146635
844.0 0.004629244722309522
845.0 0.0050090668082702905
846.0 0.004819807509193197
847.0 0.004630547846318223
848.0 0.0037876558053540066
849.0 0.00294476340059191
850.0 0.002161387601518072
851.0 0.0013780118933937047
852.0 0.0012340585271886084
853.0 0.001090105070034042
854.0 0.001021849220705917
855.0 0.0009535930985293817
856.0 0.0007434178769472055
857.0 0.0005332428372639697
858.0 0.0006286284587986302
859.0 0.0007240139893838204
860.0 0.000655231042401283
861.0 0.0005864480044692755
862.0 0.0005625700850941939
863.0 0.0005386920747696422
864.0 0.00038304033296299167
865.0 0.00022738865936844377
866.0 0.0002083120079987566
867.0 0.00018923534526038566
868.0 0.00019975063878518995
869.0 0.00021026589820394292
870.0 0.00010021918797065155
871.0 1.951905000477372e-10
872.0 1.951905000477372e-10
873.0 1.951905000477372e-10
874.0 1.951905000477372e-10
875.0 1.951905000477372e-10
876.0 1.951905000477372e-10
877.0 1.9536987849733123e-05
878.0 0.00015941133142405306
879.0 0.00029928564799774904
880.0 0.0002040765593847027
881.0 0.00010886742529692128
882.0 0.00012809391591872554
883.0 0.00014732044064658112
884.0 6.588516043848358e-05
885.0 1.951905000477372e-10
886.0 0.00010664765568435541
887.0 0.000228845419769641
888.0 0.00027149585548613686
889.0 0.0003141462912026327
890.0 0.00023952177343744552
891.0 0.00016489721019752324
892.0 2.435602652894886e-05
893.0 1.951905000477372e-10
894.0 1.951905000477372e-10
895.0 3.4562614814603876e-05
896.0 5.881197466806043e-05
897.0 8.30613885227649e-05
898.0 9.305336448051094e-05
899.0 0.00010304535180694074
900.0 7.061478868308768e-05
901.0 3.818422840140556e-05
902.0 1.951905000477372e-10
