lsstCam/transmission_filter_detector/r14_s12/r_57/19700101T000000.ecsv
# %ECSV 1.0
# ---
# datatype:
# - {name: wavelength, unit: nm, datatype: float32}
# - {name: efficiency, unit: '%', datatype: float64}
# meta: !!omap
# - {MODE: DETECTOR}
# - {TYPE: transmission_filter_detector}
# - {CALIBDATE: '1970-01-01T00:00:00'}
# - {INSTRUME: LSSTCam}
# - {OBSTYPE: transmission_filter_detector}
# - {CALIBCLS: lsst.ip.isr.IntermediateFilterDetectorTransmissionCurve}
# - {SOURCE: Materion (DM-46256)}
# - {DETECTOR: 68}
# - {FILTER: r_57}
# - {CALIB_ID: 'calibDate=1970-01-01T00:00:00 filter=r_57 detector=68'}
# - {DATE: '2025-04-02T15:59:44.498010'}
# - {CALIB_CREATION_DATE: '2025-04-02'}
# - {CALIB_CREATION_TIME: '15:59:44'}
# - __serialized_columns__:
#     efficiency:
#       __class__: astropy.units.quantity.Quantity
#       unit: !astropy.units.Unit {unit: '%'}
#       value: !astropy.table.SerializedColumn {name: efficiency}
#     wavelength:
#       __class__: astropy.units.quantity.Quantity
#       unit: !astropy.units.Unit {unit: nm}
#       value: !astropy.table.SerializedColumn {name: wavelength}
# schema: astropy-2.0
wavelength efficiency
[from data line 604]
904.0 1.951905000477372e-10
905.0 7.833391464373562e-05
906.0 9.104500486856182e-08
907.0 1.951905000477372e-10
908.0 1.951905000477372e-10
909.0 1.951905000477372e-10
910.0 1.951905000477372e-10
911.0 1.951905000477372e-10
912.0 1.951905000477372e-10
913.0 1.951905000477372e-10
914.0 2.8698912046820624e-05
915.0 9.695805829323945e-05
916.0 6.927214144525351e-05
917.0 4.158624733463512e-05
918.0 0.00012115367553633405
919.0 0.00020072106963198166
920.0 0.00010154316214538994
921.0 2.365214157862283e-06
922.0 0.00011854338026751066
923.0 0.00023472152861359064
924.0 0.0002564913302194327
925.0 0.00027826115456264233
926.0 0.00018726342432273668
927.0 9.626567134546349e-05
928.0 0.00013175530284570414
929.0 0.00016724491160857724
930.0 0.00022553069811692694
931.0 0.00028381653010001173
932.0 0.0001588118152540119
933.0 3.380716577794374e-05
934.0 0.0001350024376733927
935.0 0.0002361976839893032
936.0 0.00030417274956562323
937.0 0.0003721478151419433
938.0 0.0003846210802294081
939.0 0.00039709434531687293
940.0 0.00032855282370292116
941.0 0.00026001127935160184
942.0 0.0003579108579288004
943.0 0.0004558104592433665
944.0 0.00037052634525025496
945.0 0.00028524229946924606
946.0 0.00030200922083167825
947.0 0.00031877609671937535
948.0 0.0005028655323258135
949.0 0.0006869551270938246
950.0 0.0006696694526908686
951.0 0.0006523838237626478
952.0 0.0007822244697308633
953.0 0.0009120652066485491
954.0 0.0012213214176881593
955.0 0.00153057790157618
956.0 0.0015582647392875515
957.0 0.001585951576998923
958.0 0.0016583742763032205
959.0 0.0017307973394053988
960.0 0.0018869081031880341
961.0 0.00204301923076855
962.0 0.0021948635549051687
963.0 0.0023467078790417872
964.0 0.0023240358132170513
965.0 0.002301363565493375
966.0 0.0022526441171066836
967.0 0.0022039243049221113
968.0 0.0021859892513020895
969.0 0.0021680545614799485
970.0 0.0022725927919964306
971.0 0.0023771308406139724
972.0 0.0025438630473217927
973.0 0.0027105948902317323
974.0 0.0029827209800714627
975.0 0.0032548468880122527
976.0 0.003343237767694518
977.0 0.0034316279197810218
978.0 0.0033424705179641023
979.0 0.003253313116147183
980.0 0.0032660951546858996
981.0 0.0032788771932246163
982.0 0.00339852886099834
983.0 0.003518180164974183
984.0 0.00340660844813101
985.0 0.0032950370950857177
986.0 0.00317115118377842
987.0 0.003047265454370063
988.0 0.0028308322725933976
989.0 0.002614399272715673
990.0 0.0026440069632371888
991.0 0.002673614835657645
992.0 0.0027266227334621362
993.0 0.0027796311769634485
994.0 0.002824911462084856
995.0 0.0028701913834083825
996.0 0.0029154776711948216
997.0 0.0029607637770823203
998.0 0.0030479322958854027
999.0 0.0031351009965874255
1000.0 0.003261570236645639
1001.0 0.0033880394767038524
1002.0 0.0036046305467607453
1003.0 0.0038212216168176383
1004.0 0.003966925942222588
1005.0 0.0041126299038296565
1006.0 0.004332410026108846
1007.0 0.004552190148388036
1008.0 0.004505139077082276
1009.0 0.004458087641978636
1010.0 0.004479038398130797
1011.0 0.004499989154282957
1012.0 0.0044525397242978215
1013.0 0.004405090294312686
1014.0 0.0041176110244123265
1015.0 0.0038301313907140866
1016.0 0.0036043813452124596
1017.0 0.0033786316635087132
1018.0 0.0029569913749583066
1019.0 0.0025353518140036613
1020.0 0.0021268187992973253
1021.0 0.0017182854207931086
1022.0 0.001559399242978543
1023.0 0.0014005127013660967
1024.0 0.001439002971892478
1025.0 0.0014774934243177995
1026.0 0.0013402776858129073
1027.0 0.0012030616744596045
1028.0 0.0010971643860102631
1029.0 0.0009912668247125112
1030.0 0.0009532891454000492
1031.0 0.0009153106475423556
1032.0 0.0009302038051828276
1033.0 0.000945096599025419
1034.0 0.0009130319995165337
1035.0 0.0008809673090581782
1036.0 0.0009157113709079567
1037.0 0.0009504551599093247
1038.0 0.000892671596375294
1039.0 0.0008348881237907335
1040.0 0.0008730172339710407
1041.0 0.0009111463441513479
1042.0 0.0010320101864635944
1043.0 0.0011528736649779603
1044.0 0.0010793836736411322
1045.0 0.0010058940461021848
1046.0 0.0009894755748973694
1047.0 0.0009730572855914943
1048.0 0.0008612263627583161
1049.0 0.0007493957127735484
1050.0 0.0008055384569161106
1051.0 0.0008616812920081429
1052.0 0.0011513136087160092
1053.0 0.0014409454706765246
1054.0 0.00122398932944634
1055.0 0.001007033006317215
1056.0 0.0010453304639668204
1057.0 0.001083628012565896
1058.0 0.0009107802725338843
1059.0 0.0007379326234513428
1060.0 0.0010303971976100001
1061.0 0.0013228611351223662
1062.0 0.0013709313861909322
1063.0 0.0014190016372594982
1064.0 0.0010363296496507246
1065.0 0.0006536573437188054
1066.0 0.0011731536687875632
1067.0 0.0016926500393310562
1068.0 0.0018508219000068493
1069.0 0.0020089933968847618
1070.0 0.0016144083929248154
1071.0 0.001219823388964869
1072.0 0.0013431172192213126
1073.0 0.0014664112313766964
1074.0 0.0021369642126956023
1075.0 0.002807517012115568
1076.0 0.0029993683710927144
1077.0 0.003191219730069861
1078.0 0.0037228244764264673
1079.0 0.0042544295865809545
1080.0 0.0043397059926064685
1081.0 0.004424982034834102
1082.0 0.00421614786318969
1083.0 0.0040073140553431585
1084.0 0.00458771173725836
1085.0 0.005168109419173561
1086.0 0.0050237311370437965
1087.0 0.004879353218711913
1088.0 0.00505630268889945
1089.0 0.005233252886682749
1090.0 0.004952228118781932
1091.0 0.004671202987083234
1092.0 0.00412395856983494
1093.0 0.0035767141525866464
1094.0 0.004166553117102012
1095.0 0.004756392081617378
1096.0 0.003399868364795111
1097.0 0.002043344466073904
1098.0 0.0016980480722850189
1099.0 0.0013527517694456037
1100.0 0.0013871254850528203
1101.0 0.001421498745912686
