lsstCam/transmission_filter_detector/r33_s21/r_57/19700101T000000.ecsv
# %ECSV 1.0
# ---
# datatype:
# - {name: wavelength, unit: nm, datatype: float32}
# - {name: efficiency, unit: '%', datatype: float64}
# meta: !!omap
# - {MODE: DETECTOR}
# - {TYPE: transmission_filter_detector}
# - {CALIBDATE: '1970-01-01T00:00:00'}
# - {INSTRUME: LSSTCam}
# - {OBSTYPE: transmission_filter_detector}
# - {CALIBCLS: lsst.ip.isr.IntermediateFilterDetectorTransmissionCurve}
# - {SOURCE: Materion (DM-46256)}
# - {DETECTOR: 151}
# - {FILTER: r_57}
# - {CALIB_ID: 'calibDate=1970-01-01T00:00:00 filter=r_57 detector=151'}
# - {DATE: '2025-04-02T15:59:44.883732'}
# - {CALIB_CREATION_DATE: '2025-04-02'}
# - {CALIB_CREATION_TIME: '15:59:44'}
# - __serialized_columns__:
#     efficiency:
#       __class__: astropy.units.quantity.Quantity
#       unit: !astropy.units.Unit {unit: '%'}
#       value: !astropy.table.SerializedColumn {name: efficiency}
#     wavelength:
#       __class__: astropy.units.quantity.Quantity
#       unit: !astropy.units.Unit {unit: nm}
#       value: !astropy.table.SerializedColumn {name: wavelength}
# schema: astropy-2.0
wavelength efficiency
300.0 0.0019255377992521971
301.0 0.005415925261331722
302.0 0.008906311995815486
303.0 0.011315964366076514
304.0 0.013725616736337543
305.0 0.012357551895547658
306.0 0.010989485599566251
307.0 0.009228695853380486
308.0 0.007467906107194722
309.0 0.0066393709857948124
310.0 0.0058108340454055
311.0 0.005228541340329684
312.0 0.004646249726647511
313.0 0.00432267552241683
314.0 0.00399910204578191
315.0 0.003934082269552164
316.0 0.0038690606743330136
317.0 0.0035744713386520743
318.0 0.0032798816391732544
319.0 0.0029085456844768487
320.0 0.0025372093659825623
321.0 0.0026718251319834962
322.0 0.0028064414436812513
323.0 0.002727821447479073
324.0 0.0026492012693779543
325.0 0.002443522316752933
326.0 0.002237843546026852
327.0 0.002195180240960326
328.0 0.0021525169358938
329.0 0.002222321018052753
330.0 0.0022921249183127657
331.0 0.002279518776049372
332.0 0.0022669124518870376
333.0 0.002037610101979226
334.0 0.0018083075701724738
335.0 0.001580345087859314
336.0 0.0013523828783945646
337.0 0.0012963605513505172
338.0 0.0012403382243064698
339.0 0.0010826704055943992
340.0 0.0009250024049833883
341.0 0.000938257926463848
342.0 0.0009515135388937779
343.0 0.0009011946531245485
344.0 0.0008508759492542595
345.0 0.0008453598638880067
346.0 0.0008398437785217538
347.0 0.0008179353244486265
348.0 0.0007960266884765588
349.0 0.0007876600648160093
350.0 0.002674657298484817
351.0 0.004408564200275578
352.0 0.006142471102066338
353.0 0.005269873508950695
354.0 0.004397277734824456
355.0 0.0046313522034324706
356.0 0.004865425944444723
357.0 0.004723870733869262
358.0 0.004582318069878966
359.0 0.003747142545762472
360.0 0.002911967567342799
361.0 0.0025169621949316934
362.0 0.0021219568225205876
363.0 0.0025183180696330965
364.0 0.0029146793167456053
365.0 0.0026183946829405613
366.0 0.0023221096853376366
367.0 0.002038027196249459
368.0 0.001753944525262341
369.0 0.0029886483389418572
370.0 0.004223351788823493
371.0 0.00420770411437843
372.0 0.004192056803731248
373.0 0.004302552042645402
374.0 0.004413047281559557
375.0 0.0032609252230031416
376.0 0.002108802982547786
377.0 0.0022584357793675736
378.0 0.002408068576187361
379.0 0.0020345720258774236
380.0 0.0016610752936685458
381.0 0.0018760467355605215
382.0 0.002091018177452497
383.0 0.0026753741622087546
384.0 0.003259730146965012
385.0 0.003985771400039084
386.0 0.004711813744506799
387.0 0.004486902616918087
388.0 0.004261991489329375
389.0 0.0028540962375700474
390.0 0.0014462008948612493
391.0 0.0011294732757960446
392.0 0.0008127457476803102
393.0 0.0012409956070769113
394.0 0.0016692456483724527
395.0 0.0011839842045446858
396.0 0.0006987226697674487
397.0 0.0005781768777524121
398.0 0.00045763108573737554
399.0 0.0009355905604024883
400.0 0.0014135506717138924
401.0 0.0013062064681435004
402.0 0.0011988623555225786
403.0 0.0009822040738072246
404.0 0.000765545973990811
405.0 0.0008294253348140046
406.0 0.0008933049684856087
407.0 0.0008748427717364393
408.0 0.0008563806659367401
409.0 0.001389652334182756
410.0 0.0019229239114793018
411.0 0.0017487729564891197
412.0 0.001574621637701057
413.0 0.0017864455003291368
414.0 0.001998269362957217
415.0 0.001802900260372553
416.0 0.00160753152158577
417.0 0.001335615525022149
418.0 0.0010636995284585282
419.0 0.0016396210412494838
420.0 0.002215542372141499
421.0 0.0038785816286690533
422.0 0.005541620703297667
423.0 0.008503546996507794
424.0 0.011465472198324278
425.0 0.015318066289182752
426.0 0.01917066256282851
427.0 0.01944012619787827
428.0 0.019709592743311077
429.0 0.015898003766778857
430.0 0.012086415517842397
431.0 0.008357903425348923
432.0 0.004629389877663925
433.0 0.0037682006222894415
434.0 0.0029070113669149578
435.0 0.0024364018827327527
436.0 0.0019657923985505477
437.0 0.0013112265150994062
438.0 0.0006566607680724701
439.0 0.0007720272151345853
440.0 0.0008873935257724952
441.0 0.0011368303603376262
442.0 0.0013862672858522274
443.0 0.0016628990124445409
444.0 0.0019395307390368544
445.0 0.0015895555407041684
446.0 0.0012395804333209526
447.0 0.0013345205843506847
448.0 0.0014294602806330658
449.0 0.0013839107850799337
450.0 0.0013383606528805103
451.0 0.0012900022738904227
452.0 0.0012416438039508648
453.0 0.0012765217434207443
454.0 0.0013113994100422133
455.0 0.0010826475772773847
456.0 0.0008538957445125561
457.0 0.0008724069630261511
458.0 0.000890918181539746
459.0 0.000995109530776972
460.0 0.001099300880014198
461.0 0.0016765907275839709
462.0 0.0022538808480021544
463.0 0.003076120628975332
464.0 0.0038983605918474495
465.0 0.004801084287464619
466.0 0.005703807619283907
467.0 0.006183379446156323
468.0 0.0066629516368266195
469.0 0.005776829493697733
470.0 0.004890707350568846
471.0 0.0035642377042677253
472.0 0.0022377678760676645
473.0 0.0016707253962522373
474.0 0.0011036828254873399
475.0 0.0009740693712956272
476.0 0.0008444560080533847
477.0 0.000775483113102382
478.0 0.0007065103091008496
479.0 0.0006320943612081464
480.0 0.0005576783223659731
481.0 0.0004561725745588774
482.0 0.0003546668040144141
483.0 0.0004008642008557217
484.0 0.0004470617113838671
485.0 0.0005606010745395906
486.0 0.000674140346745844
487.0 0.0005767176389781525
488.0 0.000479294885735726
489.0 0.0007384217497019563
490.0 0.0009975486136681866
491.0 0.0008692064511706121
492.0 0.000740864470571978
493.0 0.0008426601198152639
494.0 0.0009444555871596094
495.0 0.0009946402315108571
496.0 0.0010448248758621048
497.0 0.0010314058272342663
498.0 0.001017986869555898
499.0 0.0010818429473147262
500.0 0.0011456991160230245
501.0 0.0014496392395813018
502.0 0.0017535790902911685
503.0 0.0019654387870104983
504.0 0.002177298301830888
505.0 0.0026018877179012634
506.0 0.003026477133971639
507.0 0.0038032219890737906
508.0 0.004579966844175942
509.0 0.004993981929146685
510.0 0.005407997014117427
511.0 0.004867007737630047
512.0 0.004326019188738428
513.0 0.003659514186438173
514.0 0.002993009184137918
515.0 0.0028073387511540204
516.0 0.002621668318170123
517.0 0.0025700905098346993
518.0 0.002518512701499276
519.0 0.017293001292273402
520.0 0.13176273787394166
521.0 0.06129667744971812
522.0 0.027398380916565657
523.0 0.09698320063762367
524.0 0.14193776296451688
525.0 0.11279425816610456
526.0 0.166336412075907
527.0 0.10684279259294271
528.0 0.09576042648404837
529.0 0.1158076454885304
530.0 0.1667376607656479
531.0 0.20479173399508
532.0 0.16541230725124478
533.0 0.2945846179500222
534.0 0.4174618050456047
535.0 0.4540487192571163
536.0 0.650588097050786
537.0 0.8325604721903801
538.0 1.2783832848072052
539.0 2.0750723779201508
540.0 3.313705325126648
541.0 4.971041157841682
542.0 7.167939096689224
543.0 10.180334746837616
544.0 13.714925944805145
545.0 17.67125129699707
546.0 22.490061819553375
547.0 28.711941838264465
548.0 36.35382354259491
549.0 44.439998269081116
550.0 51.2481153011322
551.0 59.08437371253967
552.0 64.53879475593567
553.0 70.03515958786011
554.0 74.39848184585571
555.0 78.69722247123718
556.0 82.33247995376587
557.0 85.19421219825745
558.0 88.3013904094696
559.0 91.75805449485779
560.0 92.38051176071167
561.0 94.0838873386383
562.0 95.38016319274902
563.0 95.22631764411926
564.0 95.31289339065552
565.0 95.22271156311035
566.0 95.81729173660278
567.0 95.0462281703949
568.0 95.86609601974487
569.0 96.48325443267822
570.0 96.09743356704712
571.0 96.7815637588501
572.0 96.46270871162415
573.0 96.69414162635803
574.0 96.96540832519531
575.0 96.93324565887451
576.0 97.66132831573486
577.0 97.07539081573486
578.0 97.18225002288818
579.0 97.03419208526611
580.0 96.50717973709106
581.0 96.45025730133057
582.0 96.6887354850769
583.0 96.69620394706726
584.0 96.04843258857727
585.0 96.17563486099243
586.0 96.36227488517761
587.0 96.26043438911438
588.0 96.3369369506836
589.0 97.6225733757019
590.0 96.59627079963684
591.0 95.65210342407227
592.0 95.6990122795105
593.0 95.5256462097168
594.0 95.9462821483612
595.0 96.28394842147827
596.0 96.60733938217163
597.0 97.1367359161377
598.0 96.62728905677795
599.0 96.61279320716858
600.0 96.61346673965454
601.0 95.96343636512756
602.0 96.19470238685608
603.0 95.83094120025635
604.0 96.17764949798584
605.0 96.53909206390381
606.0 96.19749784469604
607.0 96.06098532676697
608.0 96.3545024394989
609.0 95.63356041908264
610.0 95.88602185249329
611.0 95.84323763847351
612.0 95.7228422164917
613.0 96.72887921333313
614.0 96.68442010879517
615.0 96.24360203742981
616.0 96.68034315109253
617.0 96.33848667144775
618.0 96.14717960357666
619.0 96.90210223197937
620.0 95.96892595291138
621.0 95.63724398612976
622.0 96.47851586341858
623.0 96.52280807495117
624.0 96.39878869056702
625.0 96.79272770881653
626.0 95.81468105316162
627.0 95.28412222862244
628.0 96.92484736442566
629.0 95.50439119338989
630.0 96.25051617622375
631.0 95.94091176986694
632.0 96.72134518623352
633.0 96.35170698165894
634.0 95.91070413589478
635.0 96.01263403892517
636.0 96.0737943649292
637.0 95.59586644172668
638.0 95.43164372444153
639.0 95.19155621528625
640.0 95.47550082206726
641.0 95.32750248908997
642.0 95.98164558410645
643.0 96.27634882926941
644.0 95.87793946266174
645.0 95.73550820350647
646.0 95.96775770187378
647.0 96.95630073547363
648.0 96.18483185768127
649.0 95.9740936756134
650.0 96.47594094276428
651.0 96.78117036819458
652.0 96.55331373214722
653.0 95.52682638168335
654.0 96.37472033500671
655.0 96.43189907073975
656.0 95.74108719825745
657.0 95.88934183120728
658.0 96.16621136665344
659.0 96.1523711681366
660.0 95.40221095085144
661.0 95.50501108169556
662.0 95.71192860603333
663.0 95.74927687644958
664.0 95.75324058532715
665.0 95.32164335250854
666.0 95.1742947101593
667.0 95.5146312713623
668.0 95.23638486862183
669.0 95.6324815750122
670.0 95.37493586540222
671.0 95.82042694091797
672.0 95.44431567192078
673.0 95.42109966278076
674.0 94.81881856918335
675.0 95.72722315788269
676.0 95.27184963226318
677.0 94.15882229804993
678.0 93.50354671478271
679.0 92.50487685203552
680.0 91.85246229171753
681.0 90.45799374580383
682.0 88.23765516281128
683.0 85.72850227355957
684.0 82.44743943214417
685.0 79.08366918563843
686.0 75.3812313079834
687.0 70.71902751922607
688.0 66.51604771614075
689.0 61.841797828674316
690.0 56.459593772888184
691.0 52.52947807312012
692.0 47.83725142478943
693.0 43.43581795692444
694.0 38.46747279167175
695.0 33.419182896614075
696.0 28.231918811798096
697.0 23.201780021190643
698.0 17.517967522144318
699.0 12.867909669876099
700.0 9.08975824713707
701.0 5.813498795032501
702.0 3.6984555423259735
703.0 2.196943014860153
704.0 1.281057670712471
705.0 0.789402425289154
706.0 0.42520747520029545
707.0 0.2835840452462435
708.0 0.19904763903468847
709.0 0.18148228991776705
710.0 0.1358582405373454
711.0 0.08538327529095113
712.0 0.018342165276408195
713.0 0.08445521234534681
714.0 0.056083459639921784
715.0 0.05581409204751253
716.0 0.07874025614000857
717.0 0.06546459044329822
718.0 0.058227835688740015
719.0 0.04725057806354016
720.0 1.6163444280931083e-10
721.0 0.004563890252029523
722.0 0.004464140874915756
723.0 0.004364391497801989
724.0 0.003975721483584493
725.0 0.0035870511055691168
726.0 0.003421817018534057
727.0 0.003256582931498997
728.0 0.0031452342227566987
729.0 0.00303388533211546
730.0 0.0028540665880427696
731.0 0.002674247843970079
732.0 0.0025479879695922136
733.0 0.0024217286409111694
734.0 0.002285030859638937
735.0 0.002148333442164585
736.0 0.002088156179524958
737.0 0.0020279785530874506
738.0 0.0018806949810823426
739.0 0.0017334114090772346
740.0 0.0017050526366801932
741.0 0.001676693864283152
742.0 0.0016160467566805892
743.0 0.0015553996490780264
744.0 0.0015760908354423009
745.0 0.0015967820218065754
746.0 0.0014078466847422533
747.0 0.0012189108929305803
748.0 0.0012656696526391897
749.0 0.0013124284123477992
750.0 0.0012870966202171985
751.0 0.0012617648280865978
752.0 0.001171565327240387
753.0 0.0010813658263941761
754.0 0.0011467789590824395
755.0 0.0012121919098717626
756.0 0.001214168605656596
757.0 0.0012161451195424888
758.0 0.0012283811884117313
759.0 0.001240617439179914
760.0 0.0012576288099808153
761.0 0.0012746403626806568
762.0 0.001092889033316169
763.0 0.000911137703951681
764.0 0.0010100672625412699
765.0 0.0011089963663835078
766.0 0.0009643646990298294
767.0 0.000819733122625621
768.0 0.0008205388439819217
769.0 0.0008213445653382223
770.0 0.0008487160812364891
771.0 0.0008760873242863454
772.0 0.000960170837061014
773.0 0.0010442542588862125
774.0 0.000997187726170523
775.0 0.0009501209206064232
776.0 0.0009438273991690949
777.0 0.0009375343324791174
778.0 0.0008359280400327407
779.0 0.0007343218840105692
780.0 0.0007125240244931774
781.0 0.0006907259376021102
782.0 0.0007609588465129491
783.0 0.0008311918463732582
784.0 0.0008495786460116506
785.0 0.0008679651728016324
786.0 0.000808586355560692
787.0 0.0007492076747439569
788.0 0.0007150567398639396
789.0 0.0006809058959333925
790.0 0.0006023456080583856
791.0 0.0005237851837591734
792.0 0.0005213292297412409
793.0 0.0005188732757233083
794.0 0.0006180980562930927
795.0 0.0007173226549639367
796.0 0.0006353692242555553
797.0 0.000553415839021909
798.0 0.0006013160600559786
799.0 0.0006492162810900481
800.0 0.0007008382453932427
801.0 0.0007524598913732916
802.0 0.000765356162446551
803.0 0.0007782523425703403
804.0 0.0006819386726419907
805.0 0.0005856250936631113
806.0 0.0005473986675497144
807.0 0.0005091723778605228
808.0 0.0006198781647981377
809.0 0.0007305839062610175
810.0 0.0007721646397840232
811.0 0.0008137450095091481
812.0 0.0006663462954747956
813.0 0.0005189472176425625
814.0 0.0006390475391526707
815.0 0.0007591477242385736
816.0 0.0008432097274635453
817.0 0.0009272718671127222
818.0 0.0007150527835619869
819.0 0.0005028338819101918
820.0 0.0006385686447174521
821.0 0.0007743033165752422
822.0 0.0007301533969439333
823.0 0.0006860036592115648
824.0 0.0006325353751890361
825.0 0.000579067364014918
826.0 0.0006079970717109973
827.0 0.0006369267794070765
828.0 0.0005723452886741143
829.0 0.0005077639798400924
830.0 0.0002005931946769124
831.0 1.6163444280931083e-10
832.0 1.6163444280931083e-10
833.0 1.6163444280931083e-10
834.0 1.6163444280931083e-10
835.0 1.6163444280931083e-10
836.0 6.238986429707438e-05
837.0 0.0001774532393028494
838.0 0.0007850908332329709
839.0 0.0013927284271630924
840.0 0.0017105490769608878
841.0 0.0020283699996070936
842.0 0.0024241013306891546
843.0 0.002819832479872275
844.0 0.002705993756535463
845.0 0.0025921548512997106
846.0 0.002286633571202401
847.0 0.001981111927307211
848.0 0.0019488006728352048
849.0 0.0019164892364642583
850.0 0.001789122870832216
851.0 0.0016617565052001737
852.0 0.0015541003449470736
853.0 0.0014464442756434437
854.0 0.0012542509466584306
855.0 0.0010620576176734176
856.0 0.0009150146070169285
857.0 0.0007679715963604394
858.0 0.0006297875643213047
859.0 0.0004916036232316401
860.0 0.00036190122045809403
861.0 0.00023219881768454798
862.0 0.0002906842610173044
863.0 0.00034916968161269324
864.0 0.00025250114958907943
865.0 0.00015583261756546563
866.0 0.00019970843823102769
867.0 0.00024358425889658974
868.0 0.00016117630821099738
869.0 7.876834615672124e-05
870.0 0.00020772936295543332
871.0 0.0003366904138601967
872.0 0.00026266616259817965
873.0 0.00018864192270484637
874.0 0.00023398060875479132
875.0 0.00027931926069868496
876.0 0.0001302967007177358
877.0 1.6163444280931083e-10
878.0 2.871737194709567e-05
879.0 7.616062021043035e-05
880.0 0.0001429873123015568
881.0 0.00020981406123610213
882.0 0.00017578774986759527
883.0 0.00014176150671119103
884.0 0.00013928912494520773
885.0 0.00013681673181054066
886.0 0.0001649214027565904
887.0 0.00019302606233395636
888.0 0.0002118979182341718
889.0 0.00023076977413438726
890.0 0.00016903049981920049
891.0 0.00010729122550401371
892.0 8.487841114401817e-05
893.0 6.246559678402264e-05
894.0 1.2647109315366833e-05
895.0 1.6163444280931083e-10
896.0 1.6163444280931083e-10
897.0 5.98832006204475e-07
898.0 1.6163444280931083e-10
899.0 1.6163444280931083e-10
900.0 1.6163444280931083e-10
