lsstCam/transmission_filter_detector/r33_s21/r_57/19700101T000000.ecsv
# %ECSV 1.0
# ---
# datatype:
# - {name: wavelength, unit: nm, datatype: float32}
# - {name: efficiency, unit: '%', datatype: float64}
# meta: !!omap
# - {MODE: DETECTOR}
# - {TYPE: transmission_filter_detector}
# - {CALIBDATE: '1970-01-01T00:00:00'}
# - {INSTRUME: LSSTCam}
# - {OBSTYPE: transmission_filter_detector}
# - {CALIBCLS: lsst.ip.isr.IntermediateFilterDetectorTransmissionCurve}
# - {SOURCE: Materion (DM-46256)}
# - {DETECTOR: 151}
# - {FILTER: r_57}
# - {CALIB_ID: 'calibDate=1970-01-01T00:00:00 filter=r_57 detector=151'}
# - {DATE: '2025-04-02T15:59:44.883732'}
# - {CALIB_CREATION_DATE: '2025-04-02'}
# - {CALIB_CREATION_TIME: '15:59:44'}
# - __serialized_columns__:
#     efficiency:
#       __class__: astropy.units.quantity.Quantity
#       unit: !astropy.units.Unit {unit: '%'}
#       value: !astropy.table.SerializedColumn {name: efficiency}
#     wavelength:
#       __class__: astropy.units.quantity.Quantity
#       unit: !astropy.units.Unit {unit: nm}
#       value: !astropy.table.SerializedColumn {name: wavelength}
# schema: astropy-2.0
wavelength efficiency
[from data line 602]
902.0 1.6163444280931083e-10
903.0 1.6163444280931083e-10
904.0 1.6163444280931083e-10
905.0 6.358508244375116e-05
906.0 6.429200425372983e-05
907.0 6.49989260637085e-05
908.0 0.00013939563814346911
909.0 0.0002137923274858622
910.0 0.00012813841294700978
911.0 4.248452114552492e-05
912.0 0.00011977596159340465
913.0 0.00019706737930391682
914.0 0.00018698711983233807
915.0 0.00017690683762339177
916.0 9.041369821716216e-05
917.0 3.920513691468841e-06
918.0 6.300592758634593e-05
919.0 0.00012209131909912685
920.0 0.00015209899402179872
921.0 0.00018210666894447058
922.0 0.00014624022242060164
923.0 0.00011037379863410024
924.0 0.00015287369024008512
925.0 0.00019537358184607
926.0 0.0001863552597569651
927.0 0.00017733696040522773
928.0 0.00020167701677564764
929.0 0.00022601705040870002
930.0 0.00018591223351904773
931.0 0.00014580740526071168
932.0 0.00010687955409593997
933.0 6.795170293116826e-05
934.0 1.6163444280931083e-10
935.0 1.6163444280931083e-10
936.0 1.6163444280931083e-10
937.0 1.6163444280931083e-10
938.0 1.6163444280931083e-10
939.0 1.6163444280931083e-10
940.0 1.6163444280931083e-10
941.0 6.117916200309992e-05
942.0 0.00020262286852812394
943.0 0.00034406657505314797
944.0 0.00036070919122721534
945.0 0.00037735178466391517
946.0 0.0005433913429442327
947.0 0.000709430969436653
948.0 0.0005450577191368211
949.0 0.00038068462799856206
950.0 0.0004391722995933378
951.0 0.0004976598575012758
952.0 0.000643614339423948
953.0 0.0007895688213466201
954.0 0.0009437097105546854
955.0 0.0010978509635606315
956.0 0.001182143205369357
957.0 0.0012664353562286124
958.0 0.0014744588952453341
959.0 0.001682482434262056
960.0 0.001855127266026102
961.0 0.0020277719158912078
962.0 0.002107015643559862
963.0 0.0021862590074306354
964.0 0.0023371590941678733
965.0 0.0024880593628040515
966.0 0.002392519854765851
967.0 0.0022969807105255313
968.0 0.0023035661797621287
969.0 0.002310151648998726
970.0 0.0023966169464983977
971.0 0.0024830818802001886
972.0 0.0025589422875782475
973.0 0.0026348028768552467
974.0 0.002810917067108676
975.0 0.002987031803058926
976.0 0.003081906834268011
977.0 0.003176781683578156
978.0 0.0030982082535047084
979.0 0.00301963427773444
980.0 0.003082544935750775
981.0 0.0031454557756660506
982.0 0.003126020237687044
983.0 0.003106585063505918
984.0 0.00300521933240816
985.0 0.002903853419411462
986.0 0.00281376123894006
987.0 0.002723668876569718
988.0 0.0026715206331573427
989.0 0.0026193725716439076
990.0 0.002652449984452687
991.0 0.002685527579160407
992.0 0.0025643483240855858
993.0 0.002443168887111824
994.0 0.0025024111891980283
995.0 0.0025616540369810537
996.0 0.0025458497475483455
997.0 0.0025300456400145777
998.0 0.002706040322664194
999.0 0.00288203500531381
1000.0 0.0030100462026894093
1001.0 0.003138057581963949
1002.0 0.0033025367883965373
1003.0 0.0034670163586270064
1004.0 0.003628734339145012
1005.0 0.003790452319663018
1006.0 0.0038556747313123196
1007.0 0.003920897506759502
1008.0 0.003987458330811933
1009.0 0.004054019154864363
1010.0 0.004012541467091069
1011.0 0.003971064143115655
1012.0 0.004059987986693159
1013.0 0.004148911830270663
1014.0 0.00402808072976768
1015.0 0.003907249265466817
1016.0 0.0035489625588525087
1017.0 0.003190675124642439
1018.0 0.002971510184579529
1019.0 0.0027523452445166185
1020.0 0.002485495679138694
1021.0 0.002218645931861829
1022.0 0.001929570316860918
1023.0 0.001640494701860007
1024.0 0.0015000357961980626
1025.0 0.001359577254333999
1026.0 0.0011783475201809779
1027.0 0.0009971180588763673
1028.0 0.0009166397830995265
1029.0 0.000836161598272156
1030.0 0.0008723267455934547
1031.0 0.0009084919838642236
1032.0 0.0008020371751626953
1033.0 0.0006955822300369618
1034.0 0.0007132071459636791
1035.0 0.0007308321528398665
1036.0 0.0006253254014154663
1037.0 0.0005198186045163311
1038.0 0.000780543723521987
1039.0 0.0010412688425276428
1040.0 0.0009503421097178943
1041.0 0.0008594151040597353
1042.0 0.0008533035725122318
1043.0 0.0008471921319141984
1044.0 0.0008050069482123945
1045.0 0.0007628217190358555
1046.0 0.0006529395250254311
1047.0 0.0005430573764897417
1048.0 0.0006130087513156468
1049.0 0.000682960171616287
1050.0 0.0009296857570006978
1051.0 0.001176411024061963
1052.0 0.0011876375538122375
1053.0 0.0011988637197646312
1054.0 0.0012093370969523676
1055.0 0.001219810565089574
1056.0 0.0010722219485614914
1057.0 0.000924633422982879
1058.0 0.0010663224202289712
1059.0 0.0012080113265255932
1060.0 0.0011587621884245891
1061.0 0.0011095128684246447
1062.0 0.0012259220966370776
1063.0 0.0013423314157989807
1064.0 0.0014543504221364856
1065.0 0.0015663694284739904
1066.0 0.0019517867258400656
1067.0 0.00233720365940826
1068.0 0.002401762867521029
1069.0 0.0024663215299369767
1070.0 0.0021852967620361596
1071.0 0.0019042719941353425
1072.0 0.002184749610023573
1073.0 0.0024652275897096843
1074.0 0.002347946610825602
1075.0 0.0022306656319415197
1076.0 0.0021765759811387397
1077.0 0.0021224861484370194
1078.0 0.0028555228709592484
1079.0 0.0035885597753804177
1080.0 0.0035436580219538882
1081.0 0.0034987562685273588
1082.0 0.003990095137851313
1083.0 0.004481433279579505
1084.0 0.004016263483208604
1085.0 0.0035510929592419416
1086.0 0.00403341073251795
1087.0 0.0045157277781981975
1088.0 0.003965095311286859
1089.0 0.0034144624805776402
1090.0 0.002765530916803982
1091.0 0.002116599353030324
1092.0 0.0029213446396170184
1093.0 0.003726089926203713
1094.0 0.0032890875445446
1095.0 0.002852085526683368
1096.0 0.003488947550067678
1097.0 0.004125809573451988
1098.0 0.0029411061404971406
1099.0 0.0017564030713401735
1100.0 0.0013803840374748688
1101.0 0.001004364912660094
