lsstcam/qe_curves/r23_s21/19700101T000000.ecsv
# %ECSV 0.9
# ---
# datatype:
# - {name: amp_name, datatype: string}
# - {name: wavelength, unit: nm, datatype: float32}
# - {name: efficiency, unit: '%', datatype: float32}
# meta: !!omap
# - {MODE: AMP}
# - {TYPE: QE}
# - {CALIBDATE: '1970-01-01T00:00:00'}
# - {INSTRUME: LSSTCAM}
# - {OBSTYPE: qe_curves}
# - {DETECTOR: 106}
# - {PICKLEFILE: RaftRun11852.p}
# - {CALIB_ID: 'raftName=R23 detectorName=S21 detector=106 calibDate=1970-01-01T00:00:00 ccd=106 ccdnum=106 filter=None'}
# - {DATE: '2020-01-23T13:45:24.529606'}
# - {CALIB_CREATION_DATE: '2020-01-23'}
# - {CALIB_CREATION_TIME: '13:45:24'}
# - __serialized_columns__:
#     efficiency:
#       __class__: astropy.units.quantity.Quantity
#       unit: !astropy.units.Unit {unit: '%'}
#       value: !astropy.table.SerializedColumn {name: efficiency}
#     wavelength:
#       __class__: astropy.units.quantity.Quantity
#       unit: !astropy.units.Unit {unit: nm}
#       value: !astropy.table.SerializedColumn {name: wavelength}
# schema: astropy-2.0
amp_name wavelength efficiency
C07 319.994 38.54331
C07 324.969 43.42328
C07 349.982 67.00713
C07 374.975 75.77431
C07 400.019 83.63134
C07 424.965 86.14174
C07 450.035 87.510994
C07 475.003 90.24243
C07 500.018 91.62204
C07 525.002 94.15713
C07 550.029 95.15893
C07 575.023 96.93046
C07 599.982 97.41009
C07 619.997 98.16402
C07 624.979 99.066246
C07 650.012 99.20825
C07 675.004 98.43077
C07 700.03 98.609406
C07 725.012 98.12182
C07 750.022 99.33922
C07 774.987 99.0028
C07 799.976 98.60175
C07 824.988 97.90581
C07 850.022 95.08408
C07 869.967 91.84444
C07 875.002 90.66474
C07 899.999 82.947876
C07 919.999 74.559685
C07 925.012 71.621124
C07 949.965 58.447628
C07 975.002 43.311382
C07 999.976 26.258884
C07 1025.028 11.20506
C07 1050.014 4.0027514
C07 1075.002 2.2019491
C07 1099.99 1.7110353
C15 319.994 38.746258
C15 324.969 43.647835
C15 349.982 67.69669
C15 374.975 76.98947
C15 400.019 84.660225
C15 424.965 86.999176
C15 450.035 88.25379
C15 475.003 90.927574
C15 500.018 92.25997
C15 525.002 94.784256
C15 550.029 95.78363
C15 575.023 97.57184
C15 599.982 98.05972
C15 619.997 98.8341
C15 624.979 99.742065
C15 650.012 99.90047
C15 675.004 99.11669
C15 700.03 99.21368
C15 725.012 98.44319
C15 750.022 99.284386
C15 774.987 98.561035
C15 799.976 97.99243
C15 824.988 97.310974
C15 850.022 94.31277
C15 869.967 91.07322
C15 875.002 89.96016
C15 899.999 82.433014
C15 919.999 74.33196
C15 925.012 71.44796
C15 949.965 58.0859
C15 975.002 43.17294
C15 999.976 25.86349
C15 1025.028 10.992807
C15 1050.014 3.872688
C15 1075.002 2.1456118
C15 1099.99 1.7001987
C10 319.994 39.58359
C10 324.969 44.599884
C10 349.982 68.96813
C10 374.975 77.76198
C10 400.019 84.94696
C10 424.965 87.10447
C10 450.035 88.28969
C10 475.003 90.925095
C10 500.018 92.238045
C10 525.002 94.73698
C10 550.029 95.71383
C10 575.023 97.4815
C10 599.982 97.94564
C10 619.997 98.70133
C10 624.979 99.60198
C10 650.012 99.7427
C10 675.004 98.94193
C10 700.03 99.03494
C10 725.012 98.301216
C10 750.022 99.19578
C10 774.987 98.52795
C10 799.976 97.99028
C10 824.988 97.32068
C10 850.022 94.4064
C10 869.967 91.13086
C10 875.002 90.019035
C10 899.999 82.49299
C10 919.999 74.563484
C10 925.012 71.63914
C10 949.965 58.13121
C10 975.002 43.31996
C10 999.976 26.052284
C10 1025.028 11.141332
C10 1050.014 3.954358
C10 1075.002 2.1868334
C10 1099.99 1.7053347
C06 319.994 38.637074
C06 324.969 43.527157
C06 349.982 67.179924
C06 374.975 76.034424
C06 400.019 83.996216
C06 424.965 86.54568
C06 450.035 87.93674
C06 475.003 90.69164
C06 500.018 92.07825
C06 525.002 94.63085
C06 550.029 95.64076
C06 575.023 97.4253
C06 599.982 97.906975
C06 619.997 98.66992
C06 624.979 99.57049
C06 650.012 99.71835
C06 675.004 98.93583
C06 700.03 99.11178
C06 725.012 98.610695
C06 750.022 99.810326
C06 774.987 99.44755
C06 799.976 99.03505
C06 824.988 98.332664
C06 850.022 95.48953
C06 869.967 92.2078
C06 875.002 91.0457
C06 899.999 83.24929
C06 919.999 74.93558
C06 925.012 71.98737
C06 949.965 58.639347
C06 975.002 43.609318
C06 999.976 26.321566
C06 1025.028 11.237025
C06 1050.014 4.0011535
C06 1075.002 2.2083976
C06 1099.99 1.7191694
C16 319.994 38.5487
C16 324.969 43.423306
C16 349.982 67.38013
C16 374.975 76.778854
C16 400.019 84.57122
C16 424.965 86.9583
C16 450.035 88.23214
C16 475.003 90.91253
C16 500.018 92.25451
C16 525.002 94.78225
C16 550.029 95.78617
C16 575.023 97.58036
C16 599.982 98.075294
C16 619.997 98.85337
C16 624.979 99.75885
C16 650.012 99.92561
C16 675.004 99.14494
C16 700.03 99.24734
C16 725.012 98.48509
C16 750.022 99.328766
C16 774.987 98.613495
C16 799.976 98.04456
C16 824.988 97.35648
C16 850.022 94.3133
C16 869.967 91.03475
C16 875.002 89.92276
C16 899.999 82.50632
C16 919.999 74.212135
C16 925.012 71.27264
C16 949.965 57.89216
C16 975.002 43.083675
C16 999.976 25.883568
C16 1025.028 10.940703
C16 1050.014 3.857229
C16 1075.002 2.1367695
C16 1099.99 1.6962328
C14 319.994 39.03399
C14 324.969 43.97383
C14 349.982 68.17445
C14 374.975 77.41668
C14 400.019 85.03383
C14 424.965 87.34613
C14 450.035 88.5937
C14 475.003 91.26993
C14 500.018 92.60347
C14 525.002 95.132675
C14 550.029 96.13145
C14 575.023 97.92368
C14 599.982 98.40997
C14 619.997 99.18368
C14 624.979 100.09382
C14 650.012 100.247505
C14 675.004 99.45848
C14 700.03 99.552246
C14 725.012 98.77962
C14 750.022 99.61515
C14 774.987 98.89328
C14 799.976 98.324425
C14 824.988 97.646416
C14 850.022 94.66011
C14 869.967 91.41165
C14 875.002 90.300804
C14 899.999 82.73509
C14 919.999 74.70202
C14 925.012 71.820595
C14 949.965 58.381813
C14 975.002 43.358715
C14 999.976 25.98015
C14 1025.028 11.067517
C14 1050.014 3.8975062
C14 1075.002 2.1605375
C14 1099.99 1.7078806
C04 319.994 38.345337
C04 324.969 43.19466
C04 349.982 66.7235
C04 374.975 75.7241
C04 400.019 83.84572
C04 424.965 86.465294
C04 450.035 87.888306
C04 475.003 90.66001
C04 500.018 92.06225
C04 525.002 94.622734
C04 550.029 95.64354
C04 575.023 97.434906
C04 599.982 97.92308
C04 619.997 98.69089
C04 624.979 99.595116
C04 650.012 99.75378
C04 675.004 98.97273
C04 700.03 99.147064
C04 725.012 98.628
C04 750.022 99.79617
C04 774.987 99.41054
C04 799.976 98.98432
C04 824.988 98.27581
C04 850.022 95.42168
C04 869.967 92.14314
C04 875.002 90.972
C04 899.999 83.12565
C04 919.999 74.95947
C04 925.012 71.9672
C04 949.965 58.551678
C04 975.002 43.60911
C04 999.976 26.223745
C04 1025.028 11.217926
C04 1050.014 3.9703317
C04 1075.002 2.1940153
C04 1099.99 1.7200632
C05 319.994 38.422756
C05 324.969 43.28371
C05 349.982 66.822296
C05 374.975 75.70261
C05 400.019 83.68956
C05 424.965 86.25204
C05 450.035 87.648766
C05 475.003 90.3991
C05 500.018 91.78914
C05 525.002 94.33212
C05 550.029 95.34538
C05 575.023 97.12355
C05 599.982 97.60619
C05 619.997 98.37027
C05 624.979 99.269485
C05 650.012 99.41603
C05 675.004 98.64097
C05 700.03 98.81428
C05 725.012 98.301956
C05 750.022 99.479904
C05 774.987 99.10441
C05 799.976 98.682724
C05 824.988 97.9761
C05 850.022 95.136024
C05 869.967 91.86266
C05 875.002 90.71532
C05 899.999 82.85819
C05 919.999 74.713196
C05 925.012 71.82862
C05 949.965 58.42387
C05 975.002 43.358646
C05 999.976 26.146173
C05 1025.028 11.198025
C05 1050.014 3.9702344
C05 1075.002 2.1925712
C05 1099.99 1.7129576
C01 319.994 37.610077
C01 324.969 42.36107
C01 349.982 65.50072
C01 374.975 74.71189
C01 400.019 83.260124
C01 424.965 86.07244
C01 450.035 87.59044
C01 475.003 90.40388
C01 500.018 91.84039
C01 525.002 94.42173
C01 550.029 95.458664
C01 575.023 97.26547
C01 599.982 97.768616
C01 619.997 98.54876
C01 624.979 99.454704
C01 650.012 99.62076
C01 675.004 98.85478
C01 700.03 99.035805
C01 725.012 98.51638
C01 750.022 99.682236
C01 774.987 99.295044
C01 799.976 98.870735
C01 824.988 98.15696
C01 850.022 95.28064
C01 869.967 91.97721
C01 875.002 90.8431
C01 899.999 82.97528
C01 919.999 74.58994
C01 925.012 71.836464
C01 949.965 58.59225
C01 975.002 43.34391
C01 999.976 26.246004
C01 1025.028 11.210777
C01 1050.014 3.961845
C01 1075.002 2.187255
C01 1099.99 1.7211196
C12 319.994 39.350597
C12 324.969 44.33724
C12 349.982 68.663025
C12 374.975 77.658875
C12 400.019 84.97758
C12 424.965 87.17347
C12 450.035 88.36715
C12 475.003 91.00434
C12 500.018 92.31997
C12 525.002 94.82541
C12 550.029 95.80858
C12 575.023 97.585304
C12 599.982 98.05811
C12 619.997 98.82115
C12 624.979 99.72922
C12 650.012 99.87605
C12 675.004 99.07884
C12 700.03 99.16879
C12 725.012 98.40431
C12 750.022 99.253136
C12 774.987 98.5454
C12 799.976 97.98388
C12 824.988 97.310616
C12 850.022 94.36005
C12 869.967 91.10602
C12 875.002 89.993004
C12 899.999 82.430534
C12 919.999 74.5414
C12 925.012 71.66569
C12 949.965 58.12768
C12 975.002 43.15299
C12 999.976 25.855434
C12 1025.028 11.050312
C12 1050.014 3.8971689
C12 1075.002 2.1620238
C12 1099.99 1.7023649
C13 319.994 39.173046
C13 324.969 44.134483
C13 349.982 68.39926
C13 374.975 77.50227
C13 400.019 84.91143
C13 424.965 87.13736
C13 450.035 88.34745
C13 475.003 90.98963
C13 500.018 92.30926
C13 525.002 94.81545
C13 550.029 95.8053
C13 575.023 97.584854
C13 599.982 98.06202
C13 619.997 98.832214
C13 624.979 99.73808
C13 650.012 99.88606
C13 675.004 99.09457
C13 700.03 99.188225
C13 725.012 98.41664
C13 750.022 99.25861
C13 774.987 98.53834
C13 799.976 97.97569
C13 824.988 97.29829
C13 850.022 94.33445
C13 869.967 91.084045
C13 875.002 89.97309
C13 899.999 82.434784
C13 919.999 74.49177
C13 925.012 71.61509
C13 949.965 58.16454
C13 975.002 43.19141
C13 999.976 25.874626
C13 1025.028 11.04074
C13 1050.014 3.8875532
C13 1075.002 2.1563697
C13 1099.99 1.7018508
C17 319.994 38.094704
C17 324.969 42.910934
C17 349.982 66.61313
C17 374.975 76.0644
C17 400.019 84.03373
C17 424.965 86.50223
C17 450.035 87.81749
C17 475.003 90.50997
C17 500.018 91.86055
C17 525.002 94.39087
C17 550.029 95.40303
C17 575.023 97.1947
C17 599.982 97.6944
C17 619.997 98.475494
C17 624.979 99.38261
C17 650.012 99.55362
C17 675.004 98.77788
C17 700.03 98.8885
C17 725.012 98.138855
C17 750.022 98.99942
C17 774.987 98.293205
C17 799.976 97.7342
C17 824.988 97.024635
C17 850.022 93.97307
C17 869.967 90.699455
C17 875.002 89.5757
C17 899.999 82.07623
C17 919.999 73.80216
C17 925.012 70.868935
C17 949.965 57.530445
C17 975.002 42.75497
C17 999.976 25.743608
C17 1025.028 10.910117
C17 1050.014 3.854582
C17 1075.002 2.1268861
C17 1099.99 1.6830664
C02 319.994 37.803185
C02 324.969 42.579853
C02 349.982 65.84006
C02 374.975 74.97498
C02 400.019 83.34453
C02 424.965 86.07942
C02 450.035 87.55637
C02 475.003 90.34961
C02 500.018 91.77167
C02 525.002 94.34045
C02 550.029 95.36961
C02 575.023 97.1703
C02 599.982 97.667534
C02 619.997 98.44545
C02 624.979 99.35254
C02 650.012 99.51488
C02 675.004 98.74436
C02 700.03 98.92488
C02 725.012 98.40173
C02 750.022 99.56544
C02 774.987 99.17453
C02 799.976 98.74636
C02 824.988 98.03462
C02 850.022 95.172035
C02 869.967 91.878914
C02 875.002 90.76436
C02 899.999 82.81522
C02 919.999 74.664375
C02 925.012 71.89046
C02 949.965 58.316402
C02 975.002 43.457886
C02 999.976 26.252407
C02 1025.028 11.180981
C02 1050.014 3.9489634
C02 1075.002 2.183386
C02 1099.99 1.7174276
C00 319.994 37.160515
C00 324.969 41.851547
C00 349.982 64.73136
C00 374.975 74.00379
C00 400.019 82.76473
C00 424.965 85.675224
C00 450.035 87.241875
C00 475.003 90.077576
C00 500.018 91.531364
C00 525.002 94.11798
C00 550.029 95.163124
C00 575.023 96.973785
C00 599.982 97.48248
C00 619.997 98.26317
C00 624.979 99.16905
C00 650.012 99.3397
C00 675.004 98.57959
C00 700.03 98.76309
C00 725.012 98.24902
C00 750.022 99.41972
C00 774.987 99.04171
C00 799.976 98.61994
C00 824.988 97.90139
C00 850.022 95.019516
C00 869.967 91.75803
C00 875.002 90.59569
C00 899.999 82.75692
C00 919.999 74.49396
C00 925.012 71.54882
C00 949.965 58.33683
C00 975.002 43.403847
C00 999.976 26.124609
C00 1025.028 11.134603
C00 1050.014 3.9579654
C00 1075.002 2.1780307
C00 1099.99 1.7110909
C11 319.994 39.532223
C11 324.969 44.543156
C11 349.982 68.911644
C11 374.975 77.79729
C11 400.019 85.06232
C11 424.965 87.24773
C11 450.035 88.43955
C11 475.003 91.082344
C11 500.018 92.397354
C11 525.002 94.90199
C11 550.029 95.88414
C11 575.023 97.65525
C11 599.982 98.122665
C11 619.997 98.879654
C11 624.979 99.78561
C11 650.012 99.92589
C11 675.004 99.12773
C11 700.03 99.22084
C11 725.012 98.46392
C11 750.022 99.331604
C11 774.987 98.63874
C11 799.976 98.081436
C11 824.988 97.409424
C11 850.022 94.47432
C11 869.967 91.22294
C11 875.002 90.09754
C11 899.999 82.48336
C11 919.999 74.68154
C11 925.012 71.849625
C11 949.965 58.167744
C11 975.002 43.11882
C11 999.976 25.86922
C11 1025.028 11.085618
C11 1050.014 3.9226487
C11 1075.002 2.1759655
C11 1099.99 1.7025527
C03 319.994 38.16585
C03 324.969 42.991497
C03 349.982 66.446815
C03 374.975 75.57273
C03 400.019 83.89589
C03 424.965 86.60048
C03 450.035 88.067314
C03 475.003 90.8683
C03 500.018 92.29029
C03 525.002 94.86869
C03 550.029 95.900665
C03 575.023 97.70643
C03 599.982 98.20382
C03 619.997 98.98281
C03 624.979 99.89219
C03 650.012 100.05231
C03 675.004 99.27738
C03 700.03 99.45427
C03 725.012 98.93015
C03 750.022 100.09949
C03 774.987 99.70906
C03 799.976 99.27878
C03 824.988 98.556076
C03 850.022 95.68519
C03 869.967 92.41383
C03 875.002 91.236145
C03 899.999 83.30612
C03 919.999 75.1858
C03 925.012 72.241104
C03 949.965 58.794384
C03 975.002 43.652775
C03 999.976 26.290123
C03 1025.028 11.261841
C03 1050.014 3.9794931
C03 1075.002 2.195846
C03 1099.99 1.7248545
