lsstCam/transmission_filter_detector/r14_s21/u_24/19700101T000000.ecsv
# %ECSV 1.0
# ---
# datatype:
# - {name: wavelength, unit: nm, datatype: float32}
# - {name: efficiency, unit: '%', datatype: float64}
# meta: !!omap
# - {MODE: DETECTOR}
# - {TYPE: transmission_filter_detector}
# - {CALIBDATE: '1970-01-01T00:00:00'}
# - {INSTRUME: LSSTCam}
# - {OBSTYPE: transmission_filter_detector}
# - {CALIBCLS: lsst.ip.isr.IntermediateFilterDetectorTransmissionCurve}
# - {SOURCE: Materion (DM-46256)}
# - {DETECTOR: 70}
# - {FILTER: u_24}
# - {CALIB_ID: 'calibDate=1970-01-01T00:00:00 filter=u_24 detector=70'}
# - {DATE: '2025-04-02T15:59:40.073307'}
# - {CALIB_CREATION_DATE: '2025-04-02'}
# - {CALIB_CREATION_TIME: '15:59:40'}
# - __serialized_columns__:
#     efficiency:
#       __class__: astropy.units.quantity.Quantity
#       unit: !astropy.units.Unit {unit: '%'}
#       value: !astropy.table.SerializedColumn {name: efficiency}
#     wavelength:
#       __class__: astropy.units.quantity.Quantity
#       unit: !astropy.units.Unit {unit: nm}
#       value: !astropy.table.SerializedColumn {name: wavelength}
# schema: astropy-2.0
wavelength efficiency
[from data line 582]
877.0 0.002314265657332726
878.0 0.0024596885850769468
879.0 0.0026949406674248166
880.0 0.0029301932954695076
881.0 0.0032265794288832694
882.0 0.003522965926094912
883.0 0.003267375723225996
884.0 0.0030117864298517816
885.0 0.0028194770493428223
886.0 0.0026271678507328033
887.0 0.0023576581952511333
888.0 0.0020881490854662843
889.0 0.0021190928237047046
890.0 0.0021500367438420653
891.0 0.0024926541300374083
892.0 0.0028352716981316917
893.0 0.0026161053028772585
894.0 0.002396938725723885
895.0 0.002841027162503451
896.0 0.0032851152354851365
897.0 0.0038414975279010832
898.0 0.00439787982031703
899.0 0.004459127740119584
900.0 0.004520375296124257
901.0 0.004393574999994598
902.0 0.004266775431460701
903.0 0.0046554283471778035
904.0 0.005044081626692787
905.0 0.005033001798437908
906.0 0.005021921606385149
907.0 0.00552011260879226
908.0 0.0060183036111993715
909.0 0.0060082689742557704
910.0 0.00599823470111005
911.0 0.006138945173006505
912.0 0.006279656372498721
913.0 0.006097358345868997
914.0 0.005915060319239274
915.0 0.005286529631121084
916.0 0.0046579989430028945
917.0 0.004124905535718426
918.0 0.0035918124922318384
919.0 0.004022796201752499
920.0 0.00445378027507104
921.0 0.004533169703790918
922.0 0.004612559132510796
923.0 0.00557487401238177
924.0 0.00653718743706122
925.0 0.006746403960278258
926.0 0.0069556212110910565
927.0 0.007542420644313097
928.0 0.008129217167152092
929.0 0.007859970355639234
930.0 0.007590722816530615
931.0 0.007123864634195343
932.0 0.006657004996668547
933.0 0.0067299348302185535
934.0 0.006802865391364321
935.0 0.0068594643380492926
936.0 0.006916063284734264
937.0 0.007113323226803914
938.0 0.007310585351660848
939.0 0.007283363811438903
940.0 0.007256141543621197
941.0 0.006400371785275638
942.0 0.005544600207940675
943.0 0.004517547495197505
944.0 0.003490494782454334
945.0 0.00266275728790788
946.0 0.0018350197933614254
947.0 0.001561298267915845
948.0 0.0012875768334197346
949.0 0.00127773528220132
950.0 0.001267893640033435
951.0 0.0014403366549231578
952.0 0.0016127796698128805
953.0 0.0015702507880632766
954.0 0.001527722088212613
955.0 0.002123856575053651
956.0 0.0027199908799957484
957.0 0.0027654850782710128
958.0 0.0028109785489505157
959.0 0.0031688130547991022
960.0 0.003526647196849808
961.0 0.003876814662362449
962.0 0.00422698212787509
963.0 0.004513503517955542
964.0 0.004800025271833874
965.0 0.004693788650911301
966.0 0.004587552393786609
967.0 0.004695117604569532
968.0 0.004802683542948216
969.0 0.004675431046052836
970.0 0.004548178185359575
971.0 0.004771497697220184
972.0 0.0049948164814850315
973.0 0.004927713962388225
974.0 0.004860610351897776
975.0 0.004523301686276682
976.0 0.004185992293059826
977.0 0.0038313439290504903
978.0 0.0034766959288390353
979.0 0.0033229349355679005
980.0 0.0031691739422967657
981.0 0.003075243512284942
982.0 0.002981312900374178
983.0 0.002965317435155157
984.0 0.002949321969936136
985.0 0.0033167194487759843
986.0 0.0036841174733126536
987.0 0.004066351903020404
988.0 0.004448585968930274
989.0 0.005487220914801583
990.0 0.006525854405481368
991.0 0.006578603642992675
992.0 0.006631352152908221
993.0 0.007232433563331142
994.0 0.007833514973754063
995.0 0.007341310993069783
996.0 0.006849104829598218
997.0 0.0068373272370081395
998.0 0.006825554009992629
999.0 0.006699211371596903
1000.0 0.006572872371179983
1001.0 0.0058835565141635016
1002.0 0.00519424065714702
1003.0 0.0048318692279281095
1004.0 0.004469497798709199
1005.0 0.004763013566844165
1006.0 0.00505652824358549
1007.0 0.004940091821481474
1008.0 0.0048236532165901735
1009.0 0.004224159783916548
1010.0 0.0036246663512429222
1011.0 0.0035504912375472486
1012.0 0.003476316123851575
1013.0 0.003090488098678179
1014.0 0.002704660073504783
1015.0 0.00240051176660927
1016.0 0.0020963636416126974
1017.0 0.0016659474567859434
1018.0 0.001235531090060249
1019.0 0.0012150886504969094
1020.0 0.0011946461199840996
1021.0 0.001072547001967905
1022.0 0.0009504480658506509
1023.0 0.0010042981557489838
1024.0 0.0010581482456473168
1025.0 0.0012475788025767542
1026.0 0.0014370096323546022
1027.0 0.0013242351087683346
1028.0 0.001211460585182067
1029.0 0.0011502155757625587
1030.0 0.0010889707482419908
1031.0 0.001985475500987377
1032.0 0.0028819804356317036
1033.0 0.002561989276728127
1034.0 0.0022419981178245507
1035.0 0.0026402542061987333
1036.0 0.003038509930775035
1037.0 0.002882509033952374
1038.0 0.0027265085009275936
1039.0 0.0026131125196116045
1040.0 0.002499716902093496
1041.0 0.002075539123325143
1042.0 0.0016513615264557302
1043.0 0.0016792237147456035
1044.0 0.0017070859030354768
1045.0 0.0013383554687607102
1046.0 0.0009696250344859436
1047.0 0.0013992438653076533
1048.0 0.0018288630599272437
1049.0 0.0015383655409095809
1050.0 0.0012478675671445671
1051.0 0.0014032802937435918
1052.0 0.0015586931112920865
1053.0 0.0011946758604608476
1054.0 0.0008306584277306683
1055.0 0.000370165230378916
1056.0 1.6468766454724726e-10
1057.0 0.000595839583183988
1058.0 0.001282006996916607
1059.0 0.0005562467777053826
1060.0 1.6468766454724726e-10
1061.0 0.0013117395610606764
1062.0 0.002792992199829314
1063.0 0.002697797208384145
1064.0 0.0026026018531410955
1065.0 0.001596297624928411
1066.0 0.0005899935786146671
1067.0 0.0005983722985547502
1068.0 0.0006067502454243368
1069.0 0.0019353808966116048
1070.0 0.0032640109566273168
1071.0 0.0018836770323105156
1072.0 0.0005033430170442443
1073.0 0.0008596988664066885
1074.0 0.0012160549886175431
1075.0 0.0025220140742021613
1076.0 0.003827972977887839
1077.0 0.004639518374460749
1078.0 0.00545106377103366
1079.0 0.006168276740936562
1080.0 0.006885486072860658
1081.0 0.005031950058764778
1082.0 0.0031784133170731366
1083.0 0.0026831034119823016
1084.0 0.0021877933249925263
1085.0 0.003190863208146766
1086.0 0.004193932909402065
1087.0 0.0042076884710695595
1088.0 0.004221444032737054
1089.0 0.005644133489113301
1090.0 0.007066823309287429
1091.0 0.004771148451254703
1092.0 0.0024754741389187984
1093.0 0.002228906851087231
1094.0 0.0019823397451546043
1095.0 0.002115542520186864
1096.0 0.0022487458409159444
1097.0 0.00268334879365284
1098.0 0.0031179526558844373
1099.0 0.003191073119523935
1100.0 0.0032641939469613135
