lsstCam/transmission_filter_detector/r14_s21/u_24/19700101T000000.ecsv
# %ECSV 1.0
# ---
# datatype:
# - {name: wavelength, unit: nm, datatype: float32}
# - {name: efficiency, unit: '%', datatype: float64}
# meta: !!omap
# - {MODE: DETECTOR}
# - {TYPE: transmission_filter_detector}
# - {CALIBDATE: '1970-01-01T00:00:00'}
# - {INSTRUME: LSSTCam}
# - {OBSTYPE: transmission_filter_detector}
# - {CALIBCLS: lsst.ip.isr.IntermediateFilterDetectorTransmissionCurve}
# - {SOURCE: Materion (DM-46256)}
# - {DETECTOR: 70}
# - {FILTER: u_24}
# - {CALIB_ID: 'calibDate=1970-01-01T00:00:00 filter=u_24 detector=70'}
# - {DATE: '2025-04-02T15:59:40.073307'}
# - {CALIB_CREATION_DATE: '2025-04-02'}
# - {CALIB_CREATION_TIME: '15:59:40'}
# - __serialized_columns__:
#     efficiency:
#       __class__: astropy.units.quantity.Quantity
#       unit: !astropy.units.Unit {unit: '%'}
#       value: !astropy.table.SerializedColumn {name: efficiency}
#     wavelength:
#       __class__: astropy.units.quantity.Quantity
#       unit: !astropy.units.Unit {unit: nm}
#       value: !astropy.table.SerializedColumn {name: wavelength}
# schema: astropy-2.0
wavelength efficiency
295.0 1.6468766454724726e-10
296.0 1.6468766454724726e-10
297.0 1.6468766454724726e-10
298.0 1.6468766454724726e-10
299.0 1.6468766454724726e-10
300.0 1.6468766454724726e-10
301.0 1.6468766454724726e-10
302.0 1.6468766454724726e-10
303.0 1.6468766454724726e-10
304.0 0.3981031011790037
305.0 1.021172571927309
306.0 2.3510094732046127
307.0 4.417508840560913
308.0 6.815099716186523
309.0 10.31903550028801
310.0 14.006389677524567
311.0 17.84956008195877
312.0 21.413283050060272
313.0 24.605803191661835
314.0 27.412915229797363
315.0 29.929283261299133
316.0 31.996041536331177
317.0 35.087400674819946
318.0 38.43838572502136
319.0 42.90187656879425
320.0 48.84640276432037
321.0 54.44810390472412
322.0 60.25385856628418
323.0 65.32858610153198
324.0 69.25575137138367
325.0 71.96503281593323
326.0 74.24848079681396
327.0 75.88803172111511
328.0 77.55303382873535
329.0 78.8373351097107
330.0 79.94316816329956
331.0 80.46602010726929
332.0 80.68156838417053
333.0 80.73642253875732
334.0 80.8165967464447
335.0 81.05598092079163
336.0 81.48037195205688
337.0 82.14990496635437
338.0 82.94495344161987
339.0 83.51303339004517
340.0 83.80809426307678
341.0 84.31308269500732
342.0 84.55089926719666
343.0 84.57952737808228
344.0 84.69722270965576
345.0 85.20137667655945
346.0 85.51238775253296
347.0 85.85468530654907
348.0 86.08037233352661
349.0 86.29164695739746
350.0 86.33236885070801
351.0 86.564040184021
352.0 86.4266037940979
353.0 86.44029498100281
354.0 86.3746702671051
355.0 86.53342723846436
356.0 86.66241765022278
357.0 86.59244775772095
358.0 86.19051575660706
359.0 85.9150230884552
360.0 85.73774695396423
361.0 85.56336164474487
362.0 85.33095717430115
363.0 85.55049896240234
364.0 85.5886697769165
365.0 86.05144023895264
366.0 86.30160093307495
367.0 86.38342618942261
368.0 86.42988801002502
369.0 86.55768632888794
370.0 86.44989132881165
371.0 86.3340675830841
372.0 86.44472360610962
373.0 86.6588294506073
374.0 86.66899800300598
375.0 86.9408130645752
376.0 87.14390993118286
377.0 87.22794651985168
378.0 87.17660307884216
379.0 86.65070533752441
380.0 85.82959771156311
381.0 84.3146800994873
382.0 82.41477012634277
383.0 80.37112355232239
384.0 78.20337414741516
385.0 75.66210627555847
386.0 72.96813130378723
387.0 69.30713653564453
388.0 65.68134427070618
389.0 61.359214782714844
390.0 57.10616111755371
391.0 52.8323769569397
392.0 48.4744518995285
393.0 44.872575998306274
394.0 41.37795269489288
395.0 37.304580211639404
396.0 32.9127311706543
397.0 26.98129713535309
398.0 20.40264755487442
399.0 13.657210767269135
400.0 7.989028096199036
401.0 3.906324878334999
402.0 1.422637701034546
403.0 0.4261638503521681
404.0 0.1723253051750362
405.0 0.07309868815355003
406.0 0.031987697002477944
407.0 0.024634358123876154
408.0 1.6468766454724726e-10
409.0 1.6468766454724726e-10
410.0 1.6468766454724726e-10
411.0 1.6468766454724726e-10
412.0 1.6468766454724726e-10
413.0 1.6468766454724726e-10
414.0 1.6468766454724726e-10
415.0 1.6468766454724726e-10
416.0 1.6468766454724726e-10
417.0 1.6468766454724726e-10
418.0 1.6468766454724726e-10
419.0 1.6468766454724726e-10
420.0 1.6468766454724726e-10
421.0 1.6468766454724726e-10
422.0 1.6468766454724726e-10
423.0 1.6468766454724726e-10
424.0 1.6468766454724726e-10
425.0 1.6468766454724726e-10
426.0 1.6468766454724726e-10
427.0 1.6468766454724726e-10
428.0 0.002886336369556375
429.0 0.0021845686205779202
430.0 0.0014828007806499954
431.0 1.6468766454724726e-10
432.0 1.6468766454724726e-10
433.0 1.6468766454724726e-10
434.0 0.0007024716069281567
435.0 0.00021691657821065746
436.0 1.6468766454724726e-10
437.0 1.6468766454724726e-10
438.0 1.6468766454724726e-10
439.0 4.251915299846587e-05
440.0 0.0023402475562761538
441.0 1.6468766454724726e-10
442.0 1.6468766454724726e-10
443.0 1.6468766454724726e-10
444.0 1.6468766454724726e-10
445.0 0.0003153261104671401
446.0 0.0007953683052619454
447.0 1.6468766454724726e-10
448.0 1.6468766454724726e-10
449.0 0.000721118431101786
450.0 0.002526521529944148
451.0 9.657103419158375e-05
452.0 1.6468766454724726e-10
453.0 1.6468766454724726e-10
454.0 1.6468766454724726e-10
455.0 1.6468766454724726e-10
456.0 1.6468766454724726e-10
457.0 1.6468766454724726e-10
458.0 1.6468766454724726e-10
459.0 1.6468766454724726e-10
460.0 1.6468766454724726e-10
461.0 1.6468766454724726e-10
462.0 0.0002903253744079848
463.0 4.147630647821643e-05
464.0 1.6468766454724726e-10
465.0 1.6468766454724726e-10
466.0 1.6468766454724726e-10
467.0 1.6468766454724726e-10
468.0 1.6468766454724726e-10
469.0 2.894918225138099e-05
470.0 0.00013592119785243995
471.0 0.00014526501672662562
472.0 0.0001546087446513411
473.0 1.6468766454724726e-10
474.0 1.6468766454724726e-10
475.0 1.6468766454724726e-10
476.0 0.0007820945938874502
477.0 0.0005763148237747373
478.0 0.00037053516734886216
479.0 0.0003990743152826326
480.0 0.0004276137588021811
481.0 0.0006533932719321456
482.0 0.00087917278506211
483.0 0.00012015840411550016
484.0 1.6468766454724726e-10
485.0 1.6468766454724726e-10
486.0 1.6468766454724726e-10
487.0 1.6468766454724726e-10
488.0 1.6468766454724726e-10
489.0 1.6468766454724726e-10
490.0 1.6468766454724726e-10
491.0 1.6468766454724726e-10
492.0 1.7349049130643834e-05
493.0 1.6468766454724726e-10
494.0 1.6468766454724726e-10
495.0 8.720487585378578e-05
496.0 0.0009685004442872014
497.0 0.0005694651008525398
498.0 0.00017042951867551892
499.0 0.00017496306554676266
500.0 0.00017949677157957922
501.0 0.00011561663768588915
502.0 5.173659474166925e-05
503.0 1.6468766454724726e-10
504.0 1.6468766454724726e-10
505.0 1.6468766454724726e-10
506.0 0.0008246443940151948
507.0 1.6468766454724726e-10
508.0 1.6468766454724726e-10
509.0 1.6468766454724726e-10
510.0 1.6468766454724726e-10
511.0 0.00033279673061770154
512.0 0.0007105495569703635
513.0 0.0006111093171057291
514.0 0.0005116688498674193
515.0 0.0003640639079094399
516.0 0.00021645898868882796
517.0 1.6468766454724726e-10
518.0 1.6468766454724726e-10
519.0 1.6468766454724726e-10
520.0 0.00045480537664843723
521.0 0.0006182235665619373
522.0 0.0007816417564754374
523.0 0.0004340432042226894
524.0 8.644454965178738e-05
525.0 1.6468766454724726e-10
526.0 1.6468766454724726e-10
527.0 1.6468766454724726e-10
528.0 1.6468766454724726e-10
529.0 1.6468766454724726e-10
530.0 1.6468766454724726e-10
531.0 1.6468766454724726e-10
532.0 0.00025178010218951385
533.0 1.6468766454724726e-10
534.0 1.6468766454724726e-10
535.0 1.6468766454724726e-10
536.0 1.6468766454724726e-10
537.0 1.6468766454724726e-10
538.0 1.6468766454724726e-10
539.0 1.6468766454724726e-10
540.0 6.804115741942951e-05
541.0 1.6468766454724726e-10
542.0 1.6468766454724726e-10
543.0 1.6468766454724726e-10
544.0 1.6468766454724726e-10
545.0 1.6468766454724726e-10
546.0 1.6468766454724726e-10
547.0 7.315378525163396e-05
548.0 0.0002585247784736566
549.0 1.6468766454724726e-10
550.0 1.6468766454724726e-10
551.0 1.6468766454724726e-10
552.0 1.6468766454724726e-10
553.0 1.6468766454724726e-10
554.0 1.6468766454724726e-10
555.0 1.6468766454724726e-10
556.0 1.6468766454724726e-10
557.0 1.6468766454724726e-10
558.0 1.6468766454724726e-10
559.0 1.6468766454724726e-10
560.0 0.0001755311132001225
561.0 1.6468766454724726e-10
562.0 1.6468766454724726e-10
563.0 1.6468766454724726e-10
564.0 1.6468766454724726e-10
565.0 1.6468766454724726e-10
566.0 6.7040055284905975e-06
567.0 1.6468766454724726e-10
568.0 1.6468766454724726e-10
569.0 0.00022826329768577125
570.0 0.0005884014626644785
571.0 0.000579803008804447
572.0 0.000571204782318091
573.0 0.0005178945229999954
574.0 0.00046458462747978047
575.0 0.00025470828859397443
576.0 4.483213444927969e-05
577.0 0.00023245986540132435
578.0 0.00042008759919553995
579.0 0.0005947008048678981
580.0 0.0007693140105402563
581.0 0.000962241756496951
582.0 0.0011551697753020562
583.0 0.0013760326510237064
584.0 0.0015968958905432373
585.0 0.0013666889572050422
586.0 0.0011364816600689664
587.0 0.001016655642160913
588.0 0.0008968295333033893
589.0 0.0010230021871393546
590.0 0.001149174295278499
591.0 0.0010571014172455762
592.0 0.0009650285392126534
593.0 0.000709708001522813
594.0 0.00045438714550982695
595.0 0.00048348733798775356
596.0 0.0005125873030920047
597.0 0.00085048122855369
598.0 0.001188374972116435
599.0 0.0018174330762121826
600.0 0.00244649108935846
601.0 0.0026042711397167295
602.0 0.002762050826277118
603.0 0.002335793942620512
604.0 0.001909537058963906
605.0 0.0015048389286675956
606.0 0.001100140707421815
607.0 0.000988018018688308
608.0 0.000875895239005331
609.0 0.000567789265915053
610.0 0.0002596833610368776
611.0 0.00040482977965439204
612.0 0.0005499761755345389
613.0 0.0006950445367692737
614.0 0.0008401128070545383
615.0 0.0009214603778673336
616.0 0.0010028081305790693
617.0 0.0007175722657848382
618.0 0.00043233667383901775
619.0 0.0002786374125207658
620.0 0.00012493825352066779
621.0 0.00035550824577512685
622.0 0.0005860781584487995
623.0 0.0005093901563668624
624.0 0.0004327021542849252
625.0 0.000654560017210315
626.0 0.0008764178346609697
627.0 0.0008085218723863363
628.0 0.0007406258646369679
629.0 0.0010516338079469278
630.0 0.0013626417967316229
631.0 0.0016957676052697934
632.0 0.0020288927771616727
633.0 0.0021348896552808583
634.0 0.0022408863515011035
635.0 0.0023799349946784787
636.0 0.0025189834559569135
637.0 0.0022730124328518286
638.0 0.0020270408640499227
639.0 0.0013910884263168555
640.0 0.0007551357157353777
641.0 0.0008876244464772753
642.0 0.001020113177219173
643.0 0.000789485147834057
644.0 0.0005588571639236761
645.0 0.0005594792582996888
646.0 0.0005601012162514962
647.0 0.00026591144433041336
648.0 1.6468766454724726e-10
649.0 1.6468766454724726e-10
650.0 1.6468766454724726e-10
651.0 0.0002909406703111017
652.0 0.0006575145107490243
653.0 0.0011932623237953521
654.0 0.001729009636619594
655.0 0.0016563752069487236
656.0 0.0015837404134799726
657.0 0.0026074885681737214
658.0 0.0036312369047664106
659.0 0.004039418126922101
660.0 0.00444759898527991
661.0 0.004547521166387014
662.0 0.004647443347494118
663.0 0.0032514835766050965
664.0 0.001855523805716075
665.0 0.0016359736036974937
666.0 0.001416422674083151
667.0 0.0013913315342506394
668.0 0.0013662403944181278
669.0 0.0008769727173785213
670.0 0.0003877052222378552
671.0 0.000516487216373207
672.0 0.0006452691650338238
673.0 0.0004967253516952042
674.0 0.0003481815383565845
675.0 0.0006869002390885726
676.0 0.001025619076244766
677.0 0.0016840331227285787
678.0 0.0023424476239597425
679.0 0.0025398867364856414
680.0 0.0027373258490115404
681.0 0.0035064498661085963
682.0 0.0042755735194077715
683.0 0.006142162601463497
684.0 0.008008752047317103
685.0 0.008706236258149147
686.0 0.009403723379364237
687.0 0.008454294584225863
688.0 0.007504865061491728
689.0 0.005733680882258341
690.0 0.003962497066822834
691.0 0.0035267068597022444
692.0 0.003090917016379535
693.0 0.00288781648123404
694.0 0.002684715946088545
695.0 0.0024384689822909422
696.0 0.0021922222003922798
697.0 0.0015284322216757573
698.0 0.0008646420610602945
699.0 0.0006350138392008375
700.0 0.0004053855718666455
701.0 0.0004396626081870636
702.0 0.0004739397354569519
703.0 0.0005351942036213586
704.0 0.0005964488536847057
705.0 0.0007288914730452234
706.0 0.0008613342288299464
707.0 0.0008916092156141531
708.0 0.0009218836567015387
709.0 0.0008077729034994263
710.0 0.0006936618319741683
711.0 0.0007676519999222364
712.0 0.0008416423042945098
713.0 0.0008186119885067455
714.0 0.0007955819455673918
715.0 0.0006602016128454125
716.0 0.0005248212801234331
717.0 0.0004517138222581707
718.0 0.0003786063643929083
719.0 0.0003855735940305749
720.0 0.0003925408236682415
721.0 0.0003262787004132406
722.0 0.0002600165316835046
723.0 0.0003345016693856451
724.0 0.0004089867616130505
725.0 0.00022152526071295142
726.0 3.406365181035653e-05
727.0 0.00033170185815833975
728.0 0.0006293401838775026
729.0 0.000531722980667837
730.0 0.00043410577745817136
731.0 0.0002459276856825454
732.0 5.774956548521004e-05
733.0 1.6468766454724726e-10
734.0 1.6468766454724726e-10
735.0 0.00020655797925428487
736.0 0.0005020084699935978
737.0 0.0005876679551874986
738.0 0.0006733275313308695
739.0 0.0004639588496502256
740.0 0.0002545900315453764
741.0 0.000685606710248976
742.0 0.0011166234799020458
743.0 0.001889083068817854
744.0 0.002661542566784192
745.0 0.0033474352676421404
746.0 0.004033327422803268
747.0 0.004520477523328736
748.0 0.005007627260056324
749.0 0.004454981899471022
750.0 0.0039023372664814815
751.0 0.003270232627983205
752.0 0.0026381279894849285
753.0 0.002081526326946914
754.0 0.0015249243915604893
755.0 0.0019840566892526112
756.0 0.0024431892597931437
757.0 0.0020252695321687497
758.0 0.0016073496226454154
759.0 0.0013733472769672517
760.0 0.0011393448403396178
761.0 0.001351932132820366
762.0 0.0015645195162505843
763.0 0.0011979408554907423
764.0 0.0008313619218824897
765.0 0.0007699446541664656
766.0 0.0007085272045515012
767.0 0.00047498724597971886
768.0 0.0002414471737210988
769.0 0.00040236841414298397
770.0 0.0005632894954032963
771.0 0.0005339391918823821
772.0 0.0005045885700383224
773.0 0.0003406766609259648
774.0 0.00017676451307124807
775.0 0.0002255252866234514
776.0 0.0002742859805948683
777.0 0.0003422402414798853
778.0 0.0004101943432033295
779.0 0.0009130837497650646
780.0 0.0014159730199025944
781.0 0.0012340078683337197
782.0 0.0010520428077143151
783.0 0.000955329232965596
784.0 0.0008586157491663471
785.0 0.0011664822523016483
786.0 0.001474348482588539
787.0 0.0011910577995877247
788.0 0.0009077671165869106
789.0 0.0009455617146159057
790.0 0.0009833561307459604
791.0 0.0007332335371756926
792.0 0.00048311089813068975
793.0 6.868869490972429e-05
794.0 1.6468766454724726e-10
795.0 1.6468766454724726e-10
796.0 1.6468766454724726e-10
797.0 0.00020467441572691314
798.0 0.0004277703737898264
799.0 0.00019228170913265785
800.0 1.6468766454724726e-10
801.0 1.6468766454724726e-10
802.0 1.6468766454724726e-10
803.0 1.6468766454724726e-10
804.0 1.6468766454724726e-10
805.0 1.6468766454724726e-10
806.0 3.0928408278896313e-06
807.0 1.6468766454724726e-10
808.0 1.6468766454724726e-10
809.0 8.434418532488053e-05
810.0 0.00041758821680559777
811.0 0.00012139230420871172
812.0 1.6468766454724726e-10
813.0 0.0002964356099255383
814.0 0.0007676749191887211
815.0 0.0006840332389401738
816.0 0.0006003917405905668
817.0 0.0003774468041228829
818.0 0.00015450185628651525
819.0 1.6468766454724726e-10
820.0 1.6468766454724726e-10
821.0 1.6468766454724726e-10
822.0 1.6468766454724726e-10
823.0 1.6468766454724726e-10
824.0 4.2986184212168155e-05
825.0 1.6468766454724726e-10
826.0 1.6468766454724726e-10
827.0 0.00021750697669631336
828.0 0.0008617805178801063
829.0 0.0006261759608605644
830.0 0.0003905718585883733
831.0 7.641816068826301e-05
832.0 1.6468766454724726e-10
833.0 1.6468766454724726e-10
834.0 1.6468766454724726e-10
835.0 1.6468766454724726e-10
836.0 0.0001966849822565564
837.0 1.3947847321560403e-05
838.0 1.6468766454724726e-10
839.0 1.6468766454724726e-10
840.0 1.6468766454724726e-10
841.0 1.6468766454724726e-10
842.0 3.20041777968072e-05
843.0 3.273308095685934e-05
844.0 3.346191874697979e-05
845.0 0.0001813646349546616
846.0 0.0003292672317911638
847.0 0.0002842920594048337
848.0 0.00023931675059429836
849.0 0.000335878758050967
850.0 0.0004324405836086953
851.0 0.0002838086629708414
852.0 0.00013517679917640635
853.0 0.0003304238816781435
854.0 0.0005256708845990943
855.0 0.00038892453630978707
856.0 0.0002521782107578474
857.0 0.0005699455869034864
858.0 0.000887713031261228
859.0 0.0010321760782971978
860.0 0.0011766390343836974
861.0 0.001111077108362224
862.0 0.0010455150004418101
863.0 0.0013699559531232808
864.0 0.0016943969967542216
865.0 0.001963817157957237
866.0 0.002233236955362372
867.0 0.002154741196136456
868.0 0.0020762458007084206
869.0 0.0019872548364219256
870.0 0.0018982638721354306
871.0 0.0018223177903564647
872.0 0.0017463711628806777
873.0 0.001805231295293197
874.0 0.001864091245806776
875.0 0.0020164674424449913
