lsstCam/transmission_sensor/r23_s22/19700101T000000.ecsv
# %ECSV 1.0
# ---
# datatype:
# - {name: amp_name, datatype: string}
# - {name: wavelength, unit: nm, datatype: float32}
# - {name: efficiency, unit: '%', datatype: float64}
# meta: !!omap
# - {MODE: AMP}
# - {TYPE: transmission_sensor}
# - {CALIBDATE: '1970-01-01T00:00:00'}
# - {INSTRUME: LSSTCAM}
# - {OBSTYPE: transmission_sensor}
# - {DETECTOR: 107}
# - {PARQUETFILE: qe_raft_allvalues_nircorrected_20230725.parquet}
# - {CALIBCLS: lsst.ip.isr.IntermediateSensorTransmissionCurve}
# - {CALIB_ID: 'raftName=R23 detectorName=S22 detector=107 calibDate=1970-01-01T00:00:00 ccd=107 ccdnum=107 filter=None'}
# - {DATE: '2023-08-02T16:57:55.864468'}
# - {CALIB_CREATION_DATE: '2023-08-02'}
# - {CALIB_CREATION_TIME: '16:57:55'}
# - __serialized_columns__:
#     efficiency:
#       __class__: astropy.units.quantity.Quantity
#       unit: !astropy.units.Unit {unit: '%'}
#       value: !astropy.table.SerializedColumn {name: efficiency}
#     wavelength:
#       __class__: astropy.units.quantity.Quantity
#       unit: !astropy.units.Unit {unit: nm}
#       value: !astropy.table.SerializedColumn {name: wavelength}
# schema: astropy-2.0
amp_name wavelength efficiency
C00 319.994 43.84177780151367
C00 324.969 49.4832878112793
C00 349.982 72.75849151611328
C00 374.975 76.10961151123047
C00 400.019 83.28999328613281
C00 424.965 86.20304107666016
C00 450.035 88.05615234375
C00 475.003 91.17578125
C00 500.018 92.787841796875
C00 525.002 95.43692779541016
C00 550.029 96.42964935302734
C00 575.023 98.13031768798828
C00 599.982 98.46988677978516
C00 619.997 99.10211181640625
C00 624.979 99.97608184814453
C00 650.012 99.9453353881836
C00 675.004 98.9828872680664
C00 700.03 98.93498992919922
C00 725.012 98.08921813964844
C00 750.022 98.90444946289062
C00 774.987 98.16950225830078
C00 799.976 97.53813934326172
C00 824.988 96.77156829833984
C00 850.022 93.69357299804688
C00 869.967 90.42605590820312
C00 875.002 89.29945373535156
C00 899.999 81.67314910888672
C00 919.999 73.58818054199219
C00 925.012 70.55805969238281
C00 949.965 57.077945709228516
C00 975.002 42.34333801269531
C00 999.976 25.615346908569336
C00 1025.028 11.218405723571777
C00 1050.014 4.000313758850098
C00 1075.002 0.9422578112618288
C00 1099.99 0.093489954398937
C01 319.994 43.91207504272461
C01 324.969 49.556495666503906
C01 349.982 72.81503295898438
C01 374.975 76.1112289428711
C01 400.019 83.12753295898438
C01 424.965 85.96060180664062
C01 450.035 87.76708984375
C01 475.003 90.84966278076172
C01 500.018 92.43941497802734
C01 525.002 95.05943298339844
C01 550.029 96.03756713867188
C01 575.023 97.7256851196289
C01 599.982 98.05511474609375
C01 619.997 98.68489074707031
C01 624.979 99.55292510986328
C01 650.012 99.51729583740234
C01 675.004 98.5618896484375
C01 700.03 98.52371978759766
C01 725.012 97.72079467773438
C01 750.022 98.57599639892578
C01 774.987 97.89076232910156
C01 799.976 97.2814712524414
C01 824.988 96.51593780517578
C01 850.022 93.47628784179688
C01 869.967 90.23027038574219
C01 875.002 89.09768676757812
C01 899.999 81.49870300292969
C01 919.999 73.43543243408203
C01 925.012 70.4056396484375
C01 949.965 57.049503326416016
C01 975.002 42.29533004760742
C01 999.976 25.623825073242188
C01 1025.028 11.18190860748291
C01 1050.014 3.971457004547119
C01 1075.002 0.9391286541824708
C01 1099.99 0.09317948230822064
C02 319.994 44.14875793457031
C02 324.969 49.82240295410156
C02 349.982 73.16390991210938
C02 374.975 76.37562561035156
C02 400.019 83.29976654052734
C02 424.965 86.09586334228516
C02 450.035 87.88726043701172
C02 475.003 90.96240997314453
C02 500.018 92.54291534423828
C02 525.002 95.16365814208984
C02 550.029 96.13416290283203
C02 575.023 97.81678771972656
C02 599.982 98.14676666259766
C02 619.997 98.76911163330078
C02 624.979 99.63719940185547
C02 650.012 99.60143280029297
C02 675.004 98.64088439941406
C02 700.03 98.61210632324219
C02 725.012 97.8436508178711
C02 750.022 98.75479125976562
C02 774.987 98.11311340332031
C02 799.976 97.52767181396484
C02 824.988 96.76374816894531
C02 850.022 93.757568359375
C02 869.967 90.51724243164062
C02 875.002 89.36528778076172
C02 899.999 81.72946166992188
C02 919.999 73.64533233642578
C02 925.012 70.60480499267578
C02 949.965 57.265625
C02 975.002 42.46179962158203
C02 999.976 25.803165435791016
C02 1025.028 11.250490188598633
C02 1050.014 3.9811620712280273
C02 1075.002 0.9408320228012576
C02 1099.99 0.09334848897772405
C03 319.994 44.286285400390625
C03 324.969 49.9744987487793
C03 349.982 73.32807159423828
C03 374.975 76.47552490234375
C03 400.019 83.35313415527344
C03 424.965 86.13063049316406
C03 450.035 87.91053771972656
C03 475.003 90.98056030273438
C03 500.018 92.55863952636719
C03 525.002 95.17288208007812
C03 550.029 96.14149475097656
C03 575.023 97.81678771972656
C03 599.982 98.14287567138672
C03 619.997 98.75920867919922
C03 624.979 99.62689208984375
C03 650.012 99.58573150634766
C03 675.004 98.62583923339844
C03 700.03 98.60896301269531
C03 725.012 97.87847900390625
C03 750.022 98.84107208251953
C03 774.987 98.25248718261719
C03 799.976 97.68990325927734
C03 824.988 96.91737365722656
C03 850.022 93.95491027832031
C03 869.967 90.70040130615234
C03 875.002 89.53646850585938
C03 899.999 81.83468627929688
C03 919.999 73.73075866699219
C03 925.012 70.68806457519531
C03 949.965 57.37699508666992
C03 975.002 42.54734802246094
C03 999.976 25.909461975097656
C03 1025.028 11.281317710876465
C03 1050.014 3.9916679859161377
C03 1075.002 0.941654014824838
C03 1099.99 0.09343004627115516
C04 319.994 44.541175842285156
C04 324.969 50.262943267822266
C04 349.982 73.68905639648438
C04 374.975 76.73046875
C04 400.019 83.4764404296875
C04 424.965 86.1980972290039
C04 450.035 87.95103454589844
C04 475.003 91.00730895996094
C04 500.018 92.57298278808594
C04 525.002 95.1789321899414
C04 550.029 96.13809204101562
C04 575.023 97.80744934082031
C04 599.982 98.12714385986328
C04 619.997 98.73786163330078
C04 624.979 99.60455322265625
C04 650.012 99.55707550048828
C04 675.004 98.59789276123047
C04 700.03 98.58871459960938
C04 725.012 97.89289855957031
C04 750.022 98.90542602539062
C04 774.987 98.36331176757812
C04 799.976 97.81922149658203
C04 824.988 97.03401184082031
C04 850.022 94.09910583496094
C04 869.967 90.8304672241211
C04 875.002 89.66057586669922
C04 899.999 81.91219329833984
C04 919.999 73.76688385009766
C04 925.012 70.72944641113281
C04 949.965 57.4339714050293
C04 975.002 42.605255126953125
C04 999.976 25.96963882446289
C04 1025.028 11.292226791381836
C04 1050.014 3.997251272201538
C04 1075.002 0.942267110574876
C04 1099.99 0.09349087706823443
C05 319.994 44.6922721862793
C05 324.969 50.43168258666992
C05 349.982 73.87803649902344
C05 374.975 76.8153305053711
C05 400.019 83.45117950439453
C05 424.965 86.1323013305664
C05 450.035 87.86155700683594
C05 475.003 90.90406036376953
C05 500.018 92.46066284179688
C05 525.002 95.05548095703125
C05 550.029 96.00943756103516
C05 575.023 97.66886138916016
C05 599.982 97.98249053955078
C05 619.997 98.59163665771484
C05 624.979 99.45415496826172
C05 650.012 99.40499877929688
C05 675.004 98.441162109375
C05 700.03 98.44344329833984
C05 725.012 97.77476501464844
C05 750.022 98.82042694091797
C05 774.987 98.31233978271484
C05 799.976 97.7815170288086
C05 824.988 96.98617553710938
C05 850.022 94.10337829589844
C05 869.967 90.80744934082031
C05 875.002 89.61344146728516
C05 899.999 81.83525848388672
C05 919.999 73.73963928222656
C05 925.012 70.6966323852539
C05 949.965 57.37502670288086
C05 975.002 42.54271697998047
C05 999.976 25.988346099853516
C05 1025.028 11.292326927185059
C05 1050.014 4.010720252990723
C05 1075.002 0.94145732774397
C05 1099.99 0.09341053115968415
C06 319.994 44.836734771728516
C06 324.969 50.59341049194336
C06 349.982 74.06671905517578
C06 374.975 76.94624328613281
C06 400.019 83.55117797851562
C06 424.965 86.21826934814453
C06 450.035 87.94448852539062
C06 475.003 90.98335266113281
C06 500.018 92.53740692138672
C06 525.002 95.13066864013672
C06 550.029 96.08007049560547
C06 575.023 97.73890686035156
C06 599.982 98.04707336425781
C06 619.997 98.64900970458984
C06 624.979 99.51644897460938
C06 650.012 99.45585632324219
C06 675.004 98.49100494384766
C06 700.03 98.4945297241211
C06 725.012 97.82592010498047
C06 750.022 98.87627410888672
C06 774.987 98.37091064453125
C06 799.976 97.8380355834961
C06 824.988 97.0511245727539
C06 850.022 94.19033813476562
C06 869.967 90.88670349121094
C06 875.002 89.68854522705078
C06 899.999 81.97392272949219
C06 919.999 73.91800689697266
C06 925.012 70.81460571289062
C06 949.965 57.389835357666016
C06 975.002 42.668949127197266
C06 999.976 26.046859741210938
C06 1025.028 11.343886375427246
C06 1050.014 4.041856288909912
C06 1075.002 0.9419893808650724
C06 1099.99 0.09346332098157277
C07 319.994 44.804134368896484
C07 324.969 50.55678939819336
C07 349.982 74.00521850585938
C07 374.975 76.8614501953125
C07 400.019 83.41873931884766
C07 424.965 86.06652069091797
C07 450.035 87.78104400634766
C07 475.003 90.8080825805664
C07 500.018 92.35779571533203
C07 525.002 94.94198608398438
C07 550.029 95.88707733154297
C07 575.023 97.53907012939453
C07 599.982 97.84628295898438
C07 619.997 98.44515228271484
C07 624.979 99.30997467041016
C07 650.012 99.24699401855469
C07 675.004 98.28057861328125
C07 700.03 98.26811218261719
C07 725.012 97.56818389892578
C07 750.022 98.56852722167969
C07 774.987 98.01598358154297
C07 799.976 97.46622467041016
C07 824.988 96.70274353027344
C07 850.022 93.86575317382812
C07 869.967 90.54777526855469
C07 875.002 89.38842010498047
C07 899.999 81.8089370727539
C07 919.999 73.82086944580078
C07 925.012 70.77565002441406
C07 949.965 57.21306610107422
C07 975.002 42.587440490722656
C07 999.976 26.0283203125
C07 1025.028 11.418790817260742
C07 1050.014 4.078904628753662
C07 1075.002 0.9390574924979144
C07 1099.99 0.09317242171125382
C10 319.994 42.66965866088867
C10 324.969 48.14967346191406
C10 349.982 70.51117706298828
C10 374.975 73.96994018554688
C10 400.019 81.92808532714844
C10 424.965 85.24327850341797
C10 450.035 87.31452178955078
C10 475.003 90.55042266845703
C10 500.018 92.24333190917969
C10 525.002 94.92879486083984
C10 550.029 95.94573974609375
C10 575.023 97.65408325195312
C10 599.982 98.00157165527344
C10 619.997 98.63233947753906
C10 624.979 99.50479888916016
C10 650.012 99.47484588623047
C10 675.004 98.52906799316406
C10 700.03 98.559326171875
C10 725.012 97.95685577392578
C10 750.022 99.08103942871094
C10 774.987 98.6602554321289
C10 799.976 98.16815185546875
C10 824.988 97.37057495117188
C10 850.022 94.46261596679688
C10 869.967 91.25718688964844
C10 875.002 90.08195495605469
C10 899.999 82.06185150146484
C10 919.999 73.81869506835938
C10 925.012 70.75313568115234
C10 949.965 57.66630172729492
C10 975.002 42.687896728515625
C10 999.976 26.010507583618164
C10 1025.028 11.356776237487793
C10 1050.014 4.072705268859863
C10 1075.002 0.9439401683757976
C10 1099.99 0.09365687632623526
C11 319.994 43.103240966796875
C11 324.969 48.630470275878906
C11 349.982 71.17639923095703
C11 374.975 74.59368896484375
C11 400.019 82.39252471923828
C11 424.965 85.6245346069336
C11 450.035 87.6494140625
C11 475.003 90.8591079711914
C11 500.018 92.53221130371094
C11 525.002 95.21018981933594
C11 550.029 96.2136459350586
C11 575.023 97.91590118408203
C11 599.982 98.25868225097656
C11 619.997 98.88728332519531
C11 624.979 99.75801849365234
C11 650.012 99.726806640625
C11 675.004 98.78005981445312
C11 700.03 98.81645965576172
C11 725.012 98.23706817626953
C11 750.022 99.39970397949219
C11 774.987 99.01250457763672
C11 799.976 98.53253173828125
C11 824.988 97.72923278808594
C11 850.022 94.81890869140625
C11 869.967 91.59825897216797
C11 875.002 90.39396667480469
C11 899.999 82.36402130126953
C11 919.999 74.10275268554688
C11 925.012 70.9748764038086
C11 949.965 57.86750411987305
C11 975.002 42.916873931884766
C11 999.976 26.12042999267578
C11 1025.028 11.362045288085938
C11 1050.014 4.067608833312988
C11 1075.002 0.9469760690421009
C11 1099.99 0.09395809560132125
C12 319.994 43.09749221801758
C12 324.969 48.62184143066406
C12 349.982 71.14472198486328
C12 374.975 74.4816665649414
C12 400.019 82.12799835205078
C12 424.965 85.2984848022461
C12 450.035 87.28749084472656
C12 475.003 90.47217559814453
C12 500.018 92.12744903564453
C12 525.002 94.78468322753906
C12 550.029 95.78579711914062
C12 575.023 97.47515106201172
C12 599.982 97.81098937988281
C12 619.997 98.433837890625
C12 624.979 99.30069732666016
C12 650.012 99.26593780517578
C12 675.004 98.31912231445312
C12 700.03 98.36661529541016
C12 725.012 97.81835174560547
C12 750.022 99.01591491699219
C12 774.987 98.66578674316406
C12 799.976 98.20011138916016
C12 824.988 97.39891052246094
C12 850.022 94.52954864501953
C12 869.967 91.28388214111328
C12 875.002 90.0831298828125
C12 899.999 82.11610412597656
C12 919.999 73.81790161132812
C12 925.012 70.75851440429688
C12 949.965 57.58762741088867
C12 975.002 42.70486068725586
C12 999.976 26.13950538635254
C12 1025.028 11.349020004272461
C12 1050.014 4.04791259765625
C12 1075.002 0.9433197287354498
C12 1099.99 0.09359531687510614
C13 319.994 43.304534912109375
C13 324.969 48.855934143066406
C13 349.982 71.4583740234375
C13 374.975 74.74327087402344
C13 400.019 82.33750915527344
C13 424.965 85.4748306274414
C13 450.035 87.45110321044922
C13 475.003 90.63232421875
C13 500.018 92.28498840332031
C13 525.002 94.94017791748047
C13 550.029 95.93389129638672
C13 575.023 97.62259674072266
C13 599.982 97.95463562011719
C13 619.997 98.5754623413086
C13 624.979 99.44519805908203
C13 650.012 99.40274047851562
C13 675.004 98.45732879638672
C13 700.03 98.51396179199219
C13 725.012 97.99175262451172
C13 750.022 99.22681427001953
C13 774.987 98.90946197509766
C13 799.976 98.45763397216797
C13 824.988 97.6500473022461
C13 850.022 94.7906494140625
C13 869.967 91.51288604736328
C13 875.002 90.34596252441406
C13 899.999 82.26176452636719
C13 919.999 74.09548950195312
C13 925.012 70.89676666259766
C13 949.965 57.61933898925781
C13 975.002 43.02664566040039
C13 999.976 26.049713134765625
C13 1025.028 11.351409912109375
C13 1050.014 4.0627827644348145
C13 1075.002 0.9453289556800488
C13 1099.99 0.0937946705267104
C14 319.994 43.51340866088867
C14 324.969 49.0892448425293
C14 349.982 71.76268768310547
C14 374.975 74.95237731933594
C14 400.019 82.4006118774414
C14 424.965 85.47938537597656
C14 450.035 87.41973114013672
C14 475.003 90.58024597167969
C14 500.018 92.21652221679688
C14 525.002 94.86089324951172
C14 550.029 95.84307861328125
C14 575.023 97.52548217773438
C14 599.982 97.85063171386719
C14 619.997 98.46600341796875
C14 624.979 99.33258056640625
C14 650.012 99.28673553466797
C14 675.004 98.34098052978516
C14 700.03 98.40280151367188
C14 725.012 97.9115982055664
C14 750.022 99.18086242675781
C14 774.987 98.8918228149414
C14 799.976 98.45437622070312
C14 824.988 97.6511001586914
C14 850.022 94.82766723632812
C14 869.967 91.48467254638672
C14 875.002 90.35138702392578
C14 899.999 82.26190185546875
C14 919.999 74.04496765136719
C14 925.012 70.96778869628906
C14 949.965 57.37672805786133
C14 975.002 43.09530258178711
C14 999.976 26.16149139404297
C14 1025.028 11.36711311340332
C14 1050.014 4.067473411560059
C14 1075.002 0.9448911739735791
C14 1099.99 0.09375123422797627
C15 319.994 43.641998291015625
C15 324.969 49.235931396484375
C15 349.982 71.95184326171875
C15 374.975 75.08197021484375
C15 400.019 82.44403839111328
C15 424.965 85.48133087158203
C15 450.035 87.40550231933594
C15 475.003 90.55380249023438
C15 500.018 92.181640625
C15 525.002 94.82332611083984
C15 550.029 95.80335235595703
C15 575.023 97.47714233398438
C15 599.982 97.80038452148438
C15 619.997 98.4128189086914
C15 624.979 99.2806625366211
C15 650.012 99.23345947265625
C15 675.004 98.28407287597656
C15 700.03 98.35647583007812
C15 725.012 97.88032531738281
C15 750.022 99.1710433959961
C15 774.987 98.90190124511719
C15 799.976 98.4711685180664
C15 824.988 97.6760025024414
C15 850.022 94.85334777832031
C15 869.967 91.55696105957031
C15 875.002 90.34624481201172
C15 899.999 82.44862365722656
C15 919.999 74.07687377929688
C15 925.012 70.85289001464844
C15 949.965 57.603843688964844
C15 975.002 42.963924407958984
C15 999.976 26.2648868560791
C15 1025.028 11.468328475952148
C15 1050.014 4.085288047790527
C15 1075.002 0.9447976280770773
C15 1099.99 0.09374195269006419
C16 319.994 44.0295524597168
C16 324.969 49.671573638916016
C16 349.982 72.57542419433594
C16 374.975 75.73754119873047
C16 400.019 83.16045379638672
C16 424.965 86.2191162109375
C16 450.035 88.1539077758789
C16 475.003 91.32654571533203
C16 500.018 92.9664306640625
C16 525.002 95.62324523925781
C16 550.029 96.60922241210938
C16 575.023 98.29634857177734
C16 599.982 98.61759185791016
C16 619.997 99.23487091064453
C16 624.979 100.10589599609375
C16 650.012 100.05753326416016
C16 675.004 99.09581756591797
C16 700.03 99.1680908203125
C16 725.012 98.68415832519531
C16 750.022 99.98117065429688
C16 774.987 99.69657897949219
C16 799.976 99.25631713867188
C16 824.988 98.47117614746094
C16 850.022 95.64059448242188
C16 869.967 92.30696868896484
C16 875.002 91.11392974853516
C16 899.999 83.23570251464844
C16 919.999 74.7352066040039
C16 925.012 71.52220916748047
C16 949.965 58.01575469970703
C16 975.002 43.43388366699219
C16 999.976 26.56709861755371
C16 1025.028 11.619998931884766
C16 1050.014 4.144380569458008
C16 1075.002 0.9525156705133007
C16 1099.99 0.0945077297701664
C17 319.994 43.61311721801758
C17 324.969 49.199981689453125
C17 349.982 71.90396881103516
C17 374.975 75.05518341064453
C17 400.019 82.41045379638672
C17 424.965 85.43863677978516
C17 450.035 87.35981750488281
C17 475.003 90.5031509399414
C17 500.018 92.12490844726562
C17 525.002 94.75739288330078
C17 550.029 95.73204040527344
C17 575.023 97.40480041503906
C17 599.982 97.72429656982422
C17 619.997 98.33177947998047
C17 624.979 99.19448852539062
C17 650.012 99.14253234863281
C17 675.004 98.1916732788086
C17 700.03 98.25129699707031
C17 725.012 97.73897552490234
C17 750.022 98.9782485961914
C17 774.987 98.64790344238281
C17 799.976 98.19461059570312
C17 824.988 97.43827819824219
C17 850.022 94.64702606201172
C17 869.967 91.33965301513672
C17 875.002 90.17437744140625
C17 899.999 82.50165557861328
C17 919.999 74.11011505126953
C17 925.012 70.96113586425781
C17 949.965 57.37506103515625
C17 975.002 43.122276306152344
C17 999.976 26.350717544555664
C17 1025.028 11.559355735778809
C17 1050.014 4.130908012390137
C17 1075.002 0.9429608826287438
C17 1099.99 0.0935597124940639
