lsstCam/transmission_sensor/r23_s22/19700101T000000.ecsv
# %ECSV 1.0
# ---
# datatype:
# - {name: amp_name, datatype: string}
# - {name: wavelength, unit: nm, datatype: float32}
# - {name: efficiency, unit: '%', datatype: float64}
# meta: !!omap
# - {MODE: AMP}
# - {TYPE: transmission_sensor}
# - {CALIBDATE: '1970-01-01T00:00:00'}
# - {INSTRUME: LSSTCam}
# - {OBSTYPE: transmission_sensor}
# - {DETECTOR: 107}
# - {PARQUETFILE: qe_raft_allvalues_nircorrected_20230725_adjust.parquet}
# - {CORRFILE: qe_corr_factor_bydetnum.parquet}
# - {CALIBCLS: lsst.ip.isr.IntermediateSensorTransmissionCurve}
# - {CALIB_ID: 'raftName=R23 detectorName=S22 detector=107 calibDate=1970-01-01T00:00:00 ccd=107 ccdnum=107 filter=None'}
# - {DATE: '2025-03-03T21:56:47.979412'}
# - {CALIB_CREATION_DATE: '2025-03-03'}
# - {CALIB_CREATION_TIME: '21:56:47'}
# - __serialized_columns__:
#     efficiency:
#       __class__: astropy.units.quantity.Quantity
#       unit: !astropy.units.Unit {unit: '%'}
#       value: !astropy.table.SerializedColumn {name: efficiency}
#     wavelength:
#       __class__: astropy.units.quantity.Quantity
#       unit: !astropy.units.Unit {unit: nm}
#       value: !astropy.table.SerializedColumn {name: wavelength}
# schema: astropy-2.0
amp_name wavelength efficiency
C00 319.994 43.57805265113732
C00 324.969 49.185626809067486
C00 349.982 72.32082121444085
C00 374.975 75.6517829343019
C00 400.019 82.78897195201455
C00 424.965 85.68449664003249
C00 450.035 87.52646073034063
C00 475.003 90.62732386924097
C00 500.018 92.22968725209891
C00 525.002 94.86283797979523
C00 550.029 95.84958793554787
C00 575.023 97.54002609657725
C00 599.982 97.8775525497247
C00 619.997 98.50597450966379
C00 624.979 99.37468727562494
C00 650.012 99.34412576744249
C00 675.004 98.38746714282333
C00 700.03 98.33985792486567
C00 725.012 97.4991737778232
C00 750.022 98.30950117120454
C00 774.987 97.57897495663309
C00 799.976 96.95140993228324
C00 824.988 96.18945010693854
C00 850.022 93.12997013184753
C00 869.967 89.88210841363988
C00 875.002 88.76228318602979
C00 899.999 81.18185371416146
C00 919.999 73.14551934181866
C00 925.012 70.13362583418295
C00 949.965 56.73459991966019
C00 975.002 42.0886265537898
C00 999.976 25.461260747967252
C00 1025.028 11.15092269973487
C00 1050.014 3.9762503334940003
C00 1075.002 0.9365897682346197
C00 1099.99 0.09292757637690142
C01 319.994 43.6479270274135
C01 324.969 49.25839429089494
C01 349.982 72.37702253879324
C01 374.975 75.65339063646933
C01 400.019 82.62748888619893
C01 424.965 85.44351573543857
C01 450.035 87.23913705242093
C01 475.003 90.30316712798574
C01 500.018 91.88335635453464
C01 525.002 94.48761394422225
C01 550.029 95.459864246465
C01 575.023 97.13782754869536
C01 599.982 97.4652755292933
C01 619.997 98.0912631854789
C01 624.979 98.95407598782566
C01 650.012 98.91866103913782
C01 675.004 97.96900198574754
C01 700.03 97.93106173129674
C01 725.012 97.13296652468917
C01 750.022 97.98302387870768
C01 774.987 97.30191175528184
C01 799.976 96.69628579871654
C01 824.988 95.93535732947925
C01 850.022 92.91399202935722
C01 869.967 89.6875006163749
C01 875.002 88.56172992414571
C01 899.999 81.00845696860524
C01 919.999 72.99369007250831
C01 925.012 69.98212265540656
C01 949.965 56.706328628716236
C01 975.002 42.04090737507069
C01 999.976 25.469687913219794
C01 1025.028 11.1146451278322
C01 1050.014 3.9475671636634027
C01 1075.002 0.9334794342382362
C01 1099.99 0.09261897189518538
C02 319.994 43.8831861806616
C02 324.969 49.52270204391794
C02 349.982 72.7238008629041
C02 374.975 75.91619685633596
C02 400.019 82.79868641652614
C02 424.965 85.57796362093895
C02 450.035 87.35858477335931
C02 475.003 90.41523610265575
C02 500.018 91.98623412624755
C02 525.002 94.59121214851017
C02 550.029 95.55587894996324
C02 575.023 97.22838213162503
C02 599.982 97.55637612427982
C02 619.997 98.17497745069626
C02 624.979 99.03784333754857
C02 650.012 99.0022918858465
C02 675.004 98.04752155292398
C02 700.03 98.01891658794527
C02 725.012 97.25508363790551
C02 750.022 98.16074321971402
C02 774.987 97.52292530229651
C02 799.976 96.94100536919979
C02 824.988 96.1816770186291
C02 850.022 93.19358053647143
C02 869.967 89.97274641507825
C02 875.002 88.82772121434401
C02 899.999 81.23782753349015
C02 919.999 73.20232734623421
C02 925.012 70.18008994352137
C02 949.965 56.92115024733613
C02 975.002 42.20637557055129
C02 999.976 25.6479494745326
C02 1025.028 11.182814164368306
C02 1050.014 3.9572138506366854
C02 1075.002 0.9351725564398459
C02 1099.99 0.09278696192458968
C03 319.994 44.019886365896525
C03 324.969 49.67388292391077
C03 349.982 72.88697504939582
C03 374.975 76.01549521567614
C03 400.019 82.85173300455001
C03 424.965 85.61252163403756
C03 450.035 87.38172203426865
C03 475.003 90.43327725103443
C03 500.018 92.0018637213751
C03 525.002 94.60038060096491
C03 550.029 95.56316669422213
C03 575.023 97.22838213162503
C03 599.982 97.55250853887708
C03 619.997 98.16513406667124
C03 624.979 99.0275980279817
C03 650.012 98.98668504122132
C03 675.004 98.0325668893667
C03 700.03 98.01579218561992
C03 725.012 97.28970231901044
C03 750.022 98.2465050301446
C03 774.987 97.66146069472254
C03 799.976 97.10226092999171
C03 824.988 96.33437839053026
C03 850.022 93.38973536789752
C03 869.967 90.15480351853628
C03 875.002 88.99787222156225
C03 899.999 81.34241917638153
C03 919.999 73.28723980457634
C03 925.012 70.26284868763923
C03 949.965 57.0318504001136
C03 975.002 42.29140936490606
C03 999.976 25.75360659928493
C03 1025.028 11.213456247246638
C03 1050.014 3.9676565682084854
C03 1075.002 0.9359896038653536
C03 1099.99 0.0928680286195425
C04 319.994 44.273243543779216
C04 324.969 49.96059233826651
C04 349.982 73.24578838925991
C04 374.975 76.26890547806435
C04 400.019 82.97429754431295
C04 424.965 85.67958253152077
C04 450.035 87.42197525646031
C04 475.003 90.45986500480306
C04 500.018 92.01612070285971
C04 525.002 94.60639431709113
C04 550.029 95.55978445286993
C04 575.023 97.21909992665844
C04 599.982 97.53687136024874
C04 619.997 98.1439154314617
C04 624.979 99.00539353766949
C04 650.012 98.95820141225526
C04 675.004 98.00478852597408
C04 700.03 97.99566557452408
C04 725.012 97.30403513550294
C04 750.022 98.31047185930562
C04 774.987 97.77161862719355
C04 799.976 97.23080126837694
C04 824.988 96.45031495060302
C04 850.022 93.53306353282261
C04 869.967 90.2840870399989
C04 875.002 89.12123302890811
C04 899.999 81.41945996090398
C04 919.999 73.32314768081552
C04 925.012 70.30398159592251
C04 949.965 57.08848398401099
C04 975.002 42.348968135899796
C04 999.976 25.813421461763593
C04 1025.028 11.224299705438295
C04 1050.014 3.9732062688801393
C04 1075.002 0.9365990116087234
C04 1099.99 0.09292849349598828
C05 319.994 44.423430985168594
C05 324.969 50.12831662523204
C05 349.982 73.4336317038205
C05 374.975 76.35325675734806
C05 400.019 82.94918857319828
C05 424.965 85.6141824207105
C05 450.035 87.33303595919885
C05 475.003 90.35723748861622
C05 500.018 91.90447640423393
C05 525.002 94.48368569081319
C05 550.029 95.43190387905342
C05 575.023 97.08134563481376
C05 599.982 97.39308818527626
C05 619.997 97.99857005532654
C05 624.979 98.85589998660237
C05 650.012 98.80703949101441
C05 675.004 97.84900066925152
C05 700.03 97.85126813598764
C05 725.012 97.18661220927542
C05 750.022 98.22598407700771
C05 774.987 97.72095325841764
C05 799.976 97.1933236074743
C05 824.988 96.40276640065167
C05 850.022 93.53731029326484
C05 869.967 90.2612076181164
C05 875.002 89.07438216102942
C05 899.999 81.34298793894075
C05 919.999 73.29606699949555
C05 925.012 70.27136495902606
C05 949.965 57.02989385690986
C05 975.002 42.28680617992672
C05 999.976 25.832016205699908
C05 1025.028 11.224399238886159
C05 1050.014 3.9865942285711347
C05 1075.002 0.9357940999329019
C05 1099.99 0.09284863089897044
C06 319.994 44.56702457262134
C06 324.969 50.28907167497185
C06 349.982 73.62117926185027
C06 374.975 76.48338204739832
C06 400.019 83.04858551804872
C06 424.965 85.6996333076087
C06 450.035 87.41546861278276
C06 475.003 90.43605281232345
C06 500.018 91.9807588386774
C06 525.002 94.55842109109557
C06 550.029 95.50211192936436
C06 575.023 97.15096975556388
C06 599.982 97.45728251946096
C06 619.997 98.055597981265
C06 624.979 98.91781927055017
C06 650.012 98.85759110727847
C06 675.004 97.89854367991055
C06 700.03 97.90204725727538
C06 725.012 97.23745958207027
C06 750.022 98.28149530278823
C06 774.987 97.77917179398007
C06 799.976 97.2495021813243
C06 824.988 96.46732474287428
C06 850.022 93.62374703526571
C06 869.967 90.33998502431967
C06 875.002 89.1490341428031
C06 899.999 81.48081806579334
C06 919.999 73.47336166445767
C06 925.012 70.388628631737
C06 949.965 57.04461343194264
C06 975.002 42.412278992242506
C06 999.976 25.89017786500642
C06 1025.028 11.275648537222871
C06 1050.014 4.017542969262651
C06 1075.002 0.9363229525499097
C06 1099.99 0.09290110316978303
C07 319.994 44.534620273747
C07 324.969 50.25267087118135
C07 349.982 73.5600486619846
C07 374.975 76.39909901962173
C07 400.019 82.91694352784053
C07 424.965 85.54879747690181
C07 450.035 87.25300727536526
C07 475.003 90.26183704868194
C07 500.018 91.80222806308656
C07 525.002 94.37087353306579
C07 550.029 95.31027969338841
C07 575.023 96.95233511937958
C07 599.982 97.25769994567796
C07 619.997 97.85296684016453
C07 624.979 98.71258698867884
C07 650.012 98.64998518965996
C07 675.004 97.68938314463016
C07 700.03 97.67699170433981
C07 725.012 96.98127375839303
C07 750.022 97.97559963143458
C07 774.987 97.42637975374299
C07 799.976 96.87992785383963
C07 824.988 96.12103934631476
C07 850.022 93.30111457766921
C07 869.967 90.00309558523857
C07 875.002 88.85071438873835
C07 899.999 81.31682486121633
C07 919.999 73.37680853240336
C07 925.012 70.34990727670485
C07 949.965 56.868907510395964
C07 975.002 42.33126066155587
C07 999.976 25.87174995808748
C07 1025.028 11.35010240003843
C07 1050.014 4.054368449097377
C07 1075.002 0.9334087006185735
C07 1099.99 0.09261195377042408
C10 319.994 42.41298425781595
C10 324.969 47.86003466278039
C10 349.982 70.08702522183032
C10 374.975 73.52498255433308
C10 400.019 81.43525639304889
C10 424.965 84.7305074076913
C10 450.035 86.78929136907742
C10 475.003 90.00572706001259
C10 500.018 91.68845280073887
C10 525.002 94.35776166020041
C10 550.029 95.36858923096031
C10 575.023 97.06665639378413
C10 599.982 97.41205452075127
C10 619.997 98.03902803203952
C10 624.979 98.90623926484432
C10 650.012 98.876466440744
C10 675.004 97.9363777653503
C10 700.03 97.96645392948221
C10 725.012 97.3676076226229
C10 750.022 98.48502888048266
C10 774.987 98.066776061429
C10 799.976 97.57763267699332
C10 824.988 96.78485350443931
C10 850.022 93.8943870114481
C10 869.967 90.70823982266694
C10 875.002 89.54007736102338
C10 899.999 81.5682179123945
C10 919.999 73.37464723467829
C10 925.012 70.32752836587449
C10 949.965 57.31941675005857
C10 975.002 42.431112616453696
C10 999.976 25.854044379618756
C10 1025.028 11.28846086180705
C10 1050.014 4.048206380736956
C10 1075.002 0.9382620053236919
C10 1099.99 0.09309349420462651
C11 319.994 42.84395839944432
C11 324.969 48.33793929904575
C11 349.982 70.74824582268481
C11 374.975 74.14497924489481
C11 400.019 81.89690200362116
C11 424.965 85.10947010915359
C11 450.035 87.12216913624079
C11 475.003 90.31255550196337
C11 500.018 91.97559447463962
C11 525.002 94.63746391982649
C11 550.029 95.63488386119022
C11 575.023 97.32689939038386
C11 599.982 97.66761849736376
C11 619.997 98.29243829442774
C11 624.979 99.15793565605406
C11 650.012 99.12691155432346
C11 675.004 98.18585977432947
C11 700.03 98.22204065659707
C11 725.012 97.64613443962656
C11 750.022 98.80177654146635
C11 774.987 98.4169062928889
C11 799.976 97.93982067470883
C11 824.988 97.14135387656256
C11 850.022 94.24853649832653
C11 869.967 91.04726022546994
C11 875.002 89.85021220931846
C11 899.999 81.86857004467089
C11 919.999 73.65699613607997
C11 925.012 70.54793523282599
C11 949.965 57.51940883288423
C11 975.002 42.65871243390421
C11 999.976 25.963305563121384
C11 1025.028 11.293698217039928
C11 1050.014 4.043140602209444
C11 1075.002 0.9412796438802017
C11 1099.99 0.09339290152995586
C12 319.994 42.83824423159929
C12 324.969 48.32936235965261
C12 349.982 70.71675912740602
C12 374.975 74.03363070279983
C12 400.019 81.63396686424109
C12 424.965 84.78538161940548
C12 450.035 86.76242302577955
C12 475.003 89.92795067591355
C12 500.018 91.5732670072443
C12 525.002 94.214516913784
C12 550.029 95.2096087204053
C12 575.023 96.88880054976357
C12 599.982 97.22261867102486
C12 619.997 97.84172050849342
C12 624.979 98.70336545171858
C12 650.012 98.66881502212075
C12 675.004 97.72769499061967
C12 700.03 97.77490228303547
C12 725.012 97.2299367492869
C12 750.022 98.42029611774188
C12 774.987 98.07227409950151
C12 799.976 97.60939996180132
C12 824.988 96.81301862637223
C12 850.022 93.96091706387604
C12 869.967 90.73477449193005
C12 875.002 89.54124522014499
C12 899.999 81.62214418650997
C12 919.999 73.37385855059617
C12 925.012 70.33287473393122
C12 949.965 57.24121568991531
C12 975.002 42.44797453045957
C12 999.976 25.982266210970803
C12 1025.028 11.280751285316732
C12 1050.014 4.023562846983266
C12 1075.002 0.937645297866336
C12 1099.99 0.09303230505726517
C13 319.994 43.044041484279454
C13 324.969 48.56204691438261
C13 349.982 71.02852442837089
C13 374.975 74.29366136137745
C13 400.019 81.84221737942671
C13 424.965 84.96066665665833
C13 450.035 86.92505120021441
C13 475.003 90.0871359409899
C13 500.018 91.72985871505057
C13 525.002 94.36907624337863
C13 550.029 95.35681205423393
C13 575.023 97.03535928602508
C13 599.982 97.36540082389311
C13 619.997 97.9824930336524
C13 624.979 98.84699695667527
C13 650.012 98.80479477478066
C13 675.004 97.86507010742487
C13 700.03 97.92136243378673
C13 725.012 97.40229455523493
C13 750.022 98.62992683007124
C13 774.987 98.31448353122337
C13 799.976 97.86537344745645
C13 824.988 97.06264472186639
C13 850.022 94.22044721140153
C13 869.967 90.96240085163333
C13 875.002 89.80249682234974
C13 899.999 81.7669283835867
C13 919.999 73.64977664332818
C13 925.012 70.47029535174116
C13 949.965 57.27273651094765
C13 975.002 42.76782384326624
C13 999.976 25.893014094301765
C13 1025.028 11.283126816939102
C13 1050.014 4.038343563991167
C13 1075.002 0.9396424385383275
C13 1099.99 0.09323045952000475
C14 319.994 43.25165877714914
C14 324.969 48.79395416028167
C14 349.982 71.33100752436918
C14 374.975 74.50150995102122
C14 400.019 81.90494051445823
C14 424.965 84.96519400662977
C14 450.035 86.89386784496722
C14 475.003 90.03537096459948
C14 500.018 91.66180437896391
C14 525.002 94.29026850317219
C14 550.029 95.26654564433427
C14 575.023 96.93882890447314
C14 599.982 97.26202254112808
C14 619.997 97.87369254782274
C14 624.979 98.73505690151869
C14 650.012 98.68948764527345
C14 675.004 97.74942172038213
C14 700.03 97.81087082728097
C14 725.012 97.32262229593847
C14 750.022 98.58425140481495
C14 774.987 98.29695047739762
C14 799.976 97.86213529261926
C14 824.988 97.06369124497536
C14 850.022 94.2572423572331
C14 869.967 90.93435706571307
C14 875.002 89.80788869141121
C14 899.999 81.7670648866009
C14 919.999 73.59955870109887
C14 925.012 70.54089016059237
C14 949.965 57.03158497758596
C14 975.002 42.83606776687265
C14 999.976 26.004119964371487
C14 1025.028 11.298735557439478
C14 1050.014 4.043005995070428
C14 1075.002 0.9392072902571467
C14 1099.99 0.0931872845073085
C15 319.994 43.379474891208936
C15 324.969 48.93975833821461
C15 349.982 71.51902525944793
C15 374.975 74.63032329543486
C15 400.019 81.94810580095313
C15 424.965 84.96712779933115
C15 450.035 86.87972461599445
C15 475.003 90.00908655086242
C15 500.018 91.62713261335345
C15 525.002 94.25292734528377
C15 550.029 95.22705835572236
C15 575.023 96.89077984346969
C15 599.982 97.21207760492719
C15 619.997 97.82082796381783
C15 624.979 98.68345117864486
C15 650.012 98.63653205925905
C15 675.004 97.69285638799184
C15 700.03 97.76482381048598
C15 725.012 97.29153752620154
C15 750.022 98.57449143929861
C15 774.987 98.30696828194078
C15 799.976 97.87882657785737
C15 824.988 97.0884437915529
C15 850.022 94.28276842089119
C15 869.967 91.00621073569536
C15 875.002 89.80277741187896
C15 899.999 81.95266348492774
C15 919.999 73.63127290140135
C15 925.012 70.42668263869966
C15 949.965 57.25733442084379
C15 975.002 42.70547988327422
C15 999.976 26.106893462948538
C15 1025.028 11.399342070665876
C15 1050.014 4.060713469414349
C15 1075.002 0.9391143070751802
C15 1099.99 0.09317805880141566
C16 319.994 43.76469777257312
C16 324.969 49.3727800250562
C16 349.982 72.13885511299229
C16 374.975 75.28195076779039
C16 400.019 82.66021169210643
C16 424.965 85.70047507619637
C16 450.035 87.62362812595892
C16 475.003 90.777181428346
C16 500.018 92.40720183858393
C16 525.002 95.0480346525802
C16 550.029 96.02808079363476
C16 575.023 97.70505824076245
C16 599.982 98.02436912501305
C16 619.997 98.63793500690515
C16 624.979 99.50372054156148
C16 650.012 99.45564873005564
C16 675.004 98.49971812151229
C16 700.03 98.57155662449301
C16 725.012 98.09053516940308
C16 750.022 99.37974547065166
C16 774.987 99.0968657241947
C16 799.976 98.65925222762496
C16 824.988 97.87883416135816
C16 850.022 95.06527953337594
C16 869.967 91.75170678082566
C16 875.002 90.56584442833896
C16 899.999 82.73500776039512
C16 919.999 74.28564560104275
C16 925.012 71.09197557947822
C16 949.965 57.66676762847906
C16 975.002 43.172612156667824
C16 999.976 26.40728730447927
C16 1025.028 11.55010017048968
C16 1050.014 4.119450526843281
C16 1075.002 0.9467859225186087
C16 1099.99 0.09393922943794437
C17 319.994 43.35076754896957
C17 324.969 48.9040248824936
C17 349.982 71.47143879199263
C17 374.975 74.60369762416227
C17 400.019 81.91472323047692
C17 424.965 84.92469052891205
C17 450.035 86.8343146132658
C17 475.003 89.95873968911968
C17 500.018 91.57074170148132
C17 525.002 94.18739073145927
C17 550.029 95.15617537384115
C17 575.023 96.81887308898186
C17 599.982 97.13644735155162
C17 619.997 97.74027601842975
C17 624.979 98.59779553722532
C17 650.012 98.54615189684755
C17 675.004 97.60101260992792
C17 700.03 97.66027766859933
C17 725.012 97.151038007071
C17 750.022 98.38285637434319
C17 774.987 98.05449837365049
C17 799.976 97.60393225773196
C17 824.988 96.852149490447
C17 850.022 94.07768780903565
C17 869.967 90.79020988270267
C17 875.002 89.63194388958965
C17 899.999 82.00537639891687
C17 919.999 73.66431421434201
C17 925.012 70.53427734790375
C17 949.965 57.029927982663416
C17 975.002 42.86287923391459
C17 999.976 26.192207846832527
C17 1025.028 11.489821766525244
C17 1050.014 4.1060590123862895
C17 1075.002 0.937288610356936
C17 1099.99 0.09299691485026458
