lsstCam/transmission_filter_detector/r42_s22/i_39/19700101T000000.ecsv
# %ECSV 1.0
# ---
# datatype:
# - {name: wavelength, unit: nm, datatype: float32}
# - {name: efficiency, unit: '%', datatype: float64}
# meta: !!omap
# - {MODE: DETECTOR}
# - {TYPE: transmission_filter_detector}
# - {CALIBDATE: '1970-01-01T00:00:00'}
# - {INSTRUME: LSSTCam}
# - {OBSTYPE: transmission_filter_detector}
# - {CALIBCLS: lsst.ip.isr.IntermediateFilterDetectorTransmissionCurve}
# - {SOURCE: Materion (DM-46256)}
# - {DETECTOR: 179}
# - {FILTER: i_39}
# - {CALIB_ID: 'calibDate=1970-01-01T00:00:00 filter=i_39 detector=179'}
# - {DATE: '2025-04-02T15:59:47.307659'}
# - {CALIB_CREATION_DATE: '2025-04-02'}
# - {CALIB_CREATION_TIME: '15:59:47'}
# - __serialized_columns__:
#     efficiency:
#       __class__: astropy.units.quantity.Quantity
#       unit: !astropy.units.Unit {unit: '%'}
#       value: !astropy.table.SerializedColumn {name: efficiency}
#     wavelength:
#       __class__: astropy.units.quantity.Quantity
#       unit: !astropy.units.Unit {unit: nm}
#       value: !astropy.table.SerializedColumn {name: wavelength}
# schema: astropy-2.0
wavelength efficiency
[from data line 597]
897.0 1.7063098980626967e-10
898.0 9.632557294025901e-05
899.0 2.5516595769659034e-05
900.0 1.7063098980626967e-10
901.0 4.3239424485364e-05
902.0 0.00013177119626561762
903.0 0.0001823928187150159
904.0 0.00023301440705836285
905.0 0.0001915485654535587
906.0 0.00015008274658612208
907.0 8.110172302622232e-05
908.0 1.2120715098262735e-05
909.0 5.8194581242787535e-05
910.0 0.00010426845165056875
911.0 8.345570563506044e-05
912.0 6.264294256652647e-05
913.0 6.275006398936966e-05
914.0 6.285717972787097e-05
915.0 1.7063098980626967e-10
916.0 1.7063098980626967e-10
917.0 1.7063098980626967e-10
918.0 1.7063098980626967e-10
919.0 1.7063098980626967e-10
920.0 1.7063098980626967e-10
921.0 1.7063098980626967e-10
922.0 2.576118163233332e-05
923.0 2.855131420176349e-06
924.0 1.7063098980626967e-10
925.0 1.7063098980626967e-10
926.0 1.5610721604275568e-06
927.0 1.7063098980626967e-10
928.0 1.7063098980626967e-10
929.0 8.80790082646854e-05
930.0 0.0002556728986746748
931.0 4.886219358013477e-05
932.0 1.7063098980626967e-10
933.0 1.7063098980626967e-10
934.0 1.7063098980626967e-10
935.0 1.7063098980626967e-10
936.0 1.7063098980626967e-10
937.0 1.7063098980626967e-10
938.0 2.3180480468454334e-05
939.0 5.762892101301986e-05
940.0 9.207738003169652e-05
941.0 5.436356218524452e-05
942.0 1.6649819656322506e-05
943.0 5.3941388244993504e-06
944.0 1.7063098980626967e-10
945.0 0.0001303289650422812
946.0 0.000266519418801181
947.0 0.0002492684870958328
948.0 0.000232017487178382
949.0 1.0757243096293223e-06
950.0 1.7063098980626967e-10
951.0 1.7063098980626967e-10
952.0 1.7063098980626967e-10
953.0 1.7063098980626967e-10
954.0 1.7063098980626967e-10
955.0 1.7063098980626967e-10
956.0 5.4341563782145386e-05
957.0 1.7063098980626967e-10
958.0 1.7063098980626967e-10
959.0 4.535446507247798e-06
960.0 0.0001664728870309773
961.0 6.250945716601564e-05
962.0 1.7063098980626967e-10
963.0 1.7063098980626967e-10
964.0 1.7063098980626967e-10
965.0 1.7063098980626967e-10
966.0 1.4161501837861579e-05
967.0 2.2380069708560768e-05
968.0 3.0598636158174486e-05
969.0 1.7063098980626967e-10
970.0 1.7063098980626967e-10
971.0 1.7063098980626967e-10
972.0 2.243318704131525e-05
973.0 3.490927156235557e-05
974.0 4.738536460990872e-05
975.0 8.683448982083064e-05
976.0 0.00012628361218958162
977.0 6.65345226025238e-05
978.0 6.785441541978798e-06
979.0 1.7063098980626967e-10
980.0 1.7063098980626967e-10
981.0 1.7063098980626967e-10
982.0 1.7063098980626967e-10
983.0 1.7063098980626967e-10
984.0 5.58266776806704e-05
985.0 1.7063098980626967e-10
986.0 1.7063098980626967e-10
987.0 1.7063098980626967e-10
988.0 1.7063098980626967e-10
989.0 2.238996188452802e-05
990.0 4.5563760409095266e-05
991.0 3.491320796911168e-05
992.0 2.426265837129904e-05
993.0 8.056864544414566e-05
994.0 0.0001368746666230436
995.0 0.00017465102928326814
996.0 0.00021242738057480892
997.0 0.00011915861932720873
998.0 2.588984102658287e-05
999.0 1.7063098980626967e-10
1000.0 1.7063098980626967e-10
1001.0 9.731800076906438e-06
1002.0 9.747118383529596e-05
1003.0 7.762321274640271e-05
1004.0 5.777526439487701e-05
1005.0 0.00011491913483041571
1006.0 0.00017206303937200573
1007.0 0.00019528420125425328
1008.0 0.0002185054881920223
1009.0 0.0002240833737232606
1010.0 0.0002296613274666015
1011.0 0.00030516719107254175
1012.0 0.0003806731001532171
1013.0 0.0001968112883332651
1014.0 1.2949396932526724e-05
1015.0 1.7063098980626967e-10
1016.0 1.7063098980626967e-10
1017.0 0.00017925792690220987
1018.0 0.0003760745130421128
1019.0 0.00036164801713312045
1020.0 0.00034722149848676054
1021.0 0.0003944657692045439
1022.0 0.0004417100171849597
1023.0 0.00027121288894704776
1024.0 0.00010071573797176825
1025.0 0.00010853655112441629
1026.0 0.0001163574211204832
1027.0 0.0004024436748295557
1028.0 0.0006885298262204742
1029.0 0.0007093271506164456
1030.0 0.0007301244295376819
1031.0 0.0009244903594662901
1032.0 0.0011188564712938387
1033.0 0.0014232344256015494
1034.0 0.00172761228895979
1035.0 0.0021658452169504017
1036.0 0.0026040781449410133
1037.0 0.002701557968975976
1038.0 0.0027990376111119986
1039.0 0.0030900409910827875
1040.0 0.0033810443710535765
1041.0 0.0033356169296894222
1042.0 0.0032901898521231487
1043.0 0.00319350219797343
1044.0 0.0030968149076215923
1045.0 0.0033095613616751507
1046.0 0.003522307815728709
1047.0 0.0034711130865616724
1048.0 0.003419917993596755
1049.0 0.0030292781957541592
1050.0 0.002638638579810504
1051.0 0.0026438647182658315
1052.0 0.0026490910386200994
1053.0 0.002565316935942974
1054.0 0.0024815428332658485
1055.0 0.0022936741515877657
1056.0 0.0021058052880107425
1057.0 0.0016709169358364306
1058.0 0.0012360281289147679
1059.0 0.0012132290066801943
1060.0 0.00119042952064774
1061.0 0.001141619031841401
1062.0 0.0010928084520855919
1063.0 0.0013492175639839843
1064.0 0.0016056264939834364
1065.0 0.0021092022507218644
1066.0 0.0026127776436624117
1067.0 0.002658632547536399
1068.0 0.0027044874514103867
1069.0 0.0026343534045736305
1070.0 0.0025642193577368744
1071.0 0.0027895492166862823
1072.0 0.0030148790756356902
1073.0 0.002703498466871679
1074.0 0.0023921178581076674
1075.0 0.0023830087229725905
1076.0 0.002373899224039633
1077.0 0.002482615855115
1078.0 0.0025913321223924868
1079.0 0.0028097432732465677
1080.0 0.0030281542422017083
1081.0 0.001945268377312459
1082.0 0.0008623825124232098
1083.0 0.0008487450031680055
1084.0 0.0008351073120138608
1085.0 0.000537117102794582
1086.0 0.0002391269617874059
1087.0 0.0005223816515353974
1088.0 0.0008056362275965512
1089.0 0.0010380885214544833
1090.0 0.001270541179110296
1091.0 0.0015278119462891482
1092.0 0.0017850828953669406
1093.0 0.0014325026313599665
1094.0 0.0010799224583024625
1095.0 0.000535343178853509
1096.0 1.7063098980626967e-10
1097.0 1.7063098980626967e-10
1098.0 1.7063098980626967e-10
1099.0 0.00025448339329159353
1100.0 0.0016151163436006755
