lsstCam/transmission_filter_detector/r42_s22/i_39/19700101T000000.ecsv
# %ECSV 1.0
# ---
# datatype:
# - {name: wavelength, unit: nm, datatype: float32}
# - {name: efficiency, unit: '%', datatype: float64}
# meta: !!omap
# - {MODE: DETECTOR}
# - {TYPE: transmission_filter_detector}
# - {CALIBDATE: '1970-01-01T00:00:00'}
# - {INSTRUME: LSSTCam}
# - {OBSTYPE: transmission_filter_detector}
# - {CALIBCLS: lsst.ip.isr.IntermediateFilterDetectorTransmissionCurve}
# - {SOURCE: Materion (DM-46256)}
# - {DETECTOR: 179}
# - {FILTER: i_39}
# - {CALIB_ID: 'calibDate=1970-01-01T00:00:00 filter=i_39 detector=179'}
# - {DATE: '2025-04-02T15:59:47.307659'}
# - {CALIB_CREATION_DATE: '2025-04-02'}
# - {CALIB_CREATION_TIME: '15:59:47'}
# - __serialized_columns__:
#     efficiency:
#       __class__: astropy.units.quantity.Quantity
#       unit: !astropy.units.Unit {unit: '%'}
#       value: !astropy.table.SerializedColumn {name: efficiency}
#     wavelength:
#       __class__: astropy.units.quantity.Quantity
#       unit: !astropy.units.Unit {unit: nm}
#       value: !astropy.table.SerializedColumn {name: wavelength}
# schema: astropy-2.0
wavelength efficiency
300.0 0.03603742807172239
301.0 0.008533927029930055
302.0 1.7063098980626967e-10
303.0 1.7063098980626967e-10
304.0 1.7063098980626967e-10
305.0 1.7063098980626967e-10
306.0 1.7063098980626967e-10
307.0 1.7063098980626967e-10
308.0 0.004959913349011913
309.0 1.7063098980626967e-10
310.0 1.7063098980626967e-10
311.0 1.7063098980626967e-10
312.0 1.7063098980626967e-10
313.0 0.0003079622956647654
314.0 0.004294369500712492
315.0 0.008829619764583185
316.0 0.01336487039225176
317.0 0.010163347178604454
318.0 0.006961824692552909
319.0 0.002243629569420591
320.0 1.7063098980626967e-10
321.0 1.7063098980626967e-10
322.0 1.7063098980626967e-10
323.0 1.7063098980626967e-10
324.0 0.004277227344573475
325.0 0.001599900861037895
326.0 1.7063098980626967e-10
327.0 1.7063098980626967e-10
328.0 0.0004455067482922459
329.0 0.00010890106523220311
330.0 1.7063098980626967e-10
331.0 0.0015147473277465906
332.0 0.003257201024098322
333.0 0.002411081368336454
334.0 0.0015649617125745863
335.0 0.0014581602954422124
336.0 0.0013513585145119578
337.0 0.0007848125278542284
338.0 0.00021826615466125077
339.0 1.7063098980626967e-10
340.0 1.7063098980626967e-10
341.0 1.7063098980626967e-10
342.0 0.0011745444680855144
343.0 0.0007906406608526595
344.0 0.00040673744479136076
345.0 0.00024064183890004642
346.0 7.454635806425358e-05
347.0 1.5282462584309542e-05
348.0 1.7063098980626967e-10
349.0 0.0001167288019132684
350.0 0.00027743894861487206
351.0 0.0006310044682322768
352.0 0.0009845700333244167
353.0 0.001263761987502221
354.0 0.0015429539416800253
355.0 0.0017582271539140493
356.0 0.0019735003661480732
357.0 0.0010729525456554256
358.0 0.00017240448642041883
359.0 1.7063098980626967e-10
360.0 1.7063098980626967e-10
361.0 1.7063098980626967e-10
362.0 1.7063098980626967e-10
363.0 0.0002314954144821968
364.0 0.0005665438493451802
365.0 0.00034414952096994966
366.0 0.00012175530628155684
367.0 1.7063098980626967e-10
368.0 1.7063098980626967e-10
369.0 1.7063098980626967e-10
370.0 1.7063098980626967e-10
371.0 1.7063098980626967e-10
372.0 0.00014962508885218995
373.0 0.00043672016545315273
374.0 0.0007238151738420129
375.0 0.0007510766408813652
376.0 0.0007783381988701876
377.0 0.0005570823759626364
378.0 0.0003358264848429826
379.0 0.0004950306902173907
380.0 0.0006542348273796961
381.0 0.00019993999558209907
382.0 1.7063098980626967e-10
383.0 1.7063098980626967e-10
384.0 1.7063098980626967e-10
385.0 1.7063098980626967e-10
386.0 0.00011848342182929628
387.0 1.7063098980626967e-10
388.0 1.7063098980626967e-10
389.0 1.7063098980626967e-10
390.0 1.7063098980626967e-10
391.0 0.00017237396150449058
392.0 0.0005331424745236291
393.0 0.0008841086128086317
394.0 0.0012350744327704888
395.0 0.0008081552550720517
396.0 0.00038123582726257155
397.0 0.0008830133083392866
398.0 0.0013847908121533692
399.0 0.001689775672275573
400.0 0.001994760714296717
401.0 0.004379951133159921
402.0 0.006765142461517826
403.0 0.00594302655372303
404.0 0.005120911009726115
405.0 0.0025515228117001243
406.0 1.7063098980626967e-10
407.0 0.001296368645853363
408.0 0.0026106030418304726
409.0 0.0038089176086941734
410.0 0.005007232175557874
411.0 0.004616487422026694
412.0 0.004225741940899752
413.0 0.003864181417156942
414.0 0.003502620165818371
415.0 0.004797883593710139
416.0 0.006093145566410385
417.0 0.005708590833819471
418.0 0.0053240361012285575
419.0 0.005072601197753102
420.0 0.004821167385671288
421.0 0.00482266150356736
422.0 0.004824157076654956
423.0 0.00485165037389379
424.0 0.004879142579738982
425.0 0.00475013475806918
426.0 0.004621126936399378
427.0 0.004072516821906902
428.0 0.003523906707414426
429.0 0.0038317011785693467
430.0 0.004139495649724267
431.0 0.00494078740302939
432.0 0.005742078792536631
433.0 0.00495623899041675
434.0 0.004170399188296869
435.0 0.003246286723879166
436.0 0.002322174987057224
437.0 0.001306088779529091
438.0 0.0002900027084251633
439.0 0.0009754064194567036
440.0 0.0016608100850135088
441.0 0.0007958095920912456
442.0 1.7063098980626967e-10
443.0 0.00037967474781908095
444.0 0.0008285404874186497
445.0 0.0006048209343134658
446.0 0.00038110142668301705
447.0 0.0003347520305396756
448.0 0.00028840261165896663
449.0 0.0004149777851125691
450.0 0.000541552890354069
451.0 0.00023874101771070855
452.0 1.7063098980626967e-10
453.0 1.7063098980626967e-10
454.0 1.7063098980626967e-10
455.0 1.7063098980626967e-10
456.0 0.00011517622624523938
457.0 0.00016580588635406457
458.0 0.00021643534182658186
459.0 0.0003002862740686396
460.0 0.0003841372290480649
461.0 0.0004819318291993113
462.0 0.0005797263838758226
463.0 0.0006718637450831011
464.0 0.0007640012881893199
465.0 0.0004046388312417548
466.0 4.527632881945465e-05
467.0 0.00036300168630987173
468.0 0.0006807269983255537
469.0 0.0005004035301681142
470.0 0.000320079948323837
471.0 0.000215100612876995
472.0 0.00011012126606146921
473.0 0.00012595747875820962
474.0 0.00014179366871758248
475.0 0.00018099393628290272
476.0 0.00022019416974217165
477.0 0.0001780711158971826
478.0 0.00013594818710771506
479.0 4.193449285594397e-05
480.0 1.7063098980626967e-10
481.0 0.00021659327558154473
482.0 0.00048526567297813017
483.0 0.00111504050437361
484.0 0.0017448151993448846
485.0 0.002780840441118926
486.0 0.0038168655009940267
487.0 0.006230361759662628
488.0 0.008643856563139707
489.0 0.014539776020683348
490.0 0.020435696933418512
491.0 0.02575618855189532
492.0 0.03107668017037213
493.0 0.03395576495677233
494.0 0.03683485556393862
495.0 0.0350507500115782
496.0 0.03326664445921779
497.0 0.027519906871020794
498.0 0.02177317364839837
499.0 0.015649592387489974
500.0 0.009526014036964625
501.0 0.006016352563165128
502.0 0.0025066910893656313
503.0 0.001946508200489916
504.0 0.0013863253116142005
505.0 0.0019813178369076923
506.0 0.0025763105441001244
507.0 0.0027294649044051766
508.0 0.0028826196285081096
509.0 0.0028710321203107014
510.0 0.002859444975911174
511.0 0.0025386967536178418
512.0 0.00221794871322345
513.0 0.0020241501260898076
514.0 0.001830351902754046
515.0 0.0015664551028748974
516.0 0.0013025583029957488
517.0 0.0015512869140366092
518.0 0.001800015161279589
519.0 0.0016403071640525013
520.0 0.0014805991668254137
521.0 0.0012954337762494106
522.0 0.0011102684766228776
523.0 0.0016249903637799434
524.0 0.0021397125237854198
525.0 0.0028541680876514874
526.0 0.003568623651517555
527.0 0.0043329073378117755
528.0 0.005097190660308115
529.0 0.005243419218459167
530.0 0.005389647412812337
531.0 0.005164526737644337
532.0 0.004939406062476337
533.0 0.0042289411794627085
534.0 0.0035184759326511994
535.0 0.0025444698621868156
536.0 0.0015704637917224318
537.0 0.0018066231859847903
538.0 0.002042782216449268
539.0 0.0028064025173080154
540.0 0.0035700231819646433
541.0 0.004337060454417951
542.0 0.00510409809066914
543.0 0.005119609704706818
544.0 0.005135120954946615
545.0 0.00499133748235181
546.0 0.004847554009757005
547.0 0.004093017923878506
548.0 0.0033384814742021263
549.0 0.002938333091151435
550.0 0.0025381845262018032
551.0 0.002518991459510289
552.0 0.0024997985747177154
553.0 0.002619768383738119
554.0 0.0027397385565564036
555.0 0.002357785342610441
556.0 0.001975832310563419
557.0 0.0016318419511662796
558.0 0.00128785150081967
559.0 0.0009075561138160992
560.0 0.0005272607268125284
561.0 0.0004719682237919187
562.0 0.000416675720771309
563.0 0.0009420387868885882
564.0 0.0014674018530058675
565.0 0.0019034328943234868
566.0 0.002339463753742166
567.0 0.002186371602874715
568.0 0.0020332792701083235
569.0 0.00161241005116608
570.0 0.0011915403774764854
571.0 0.000897241807251703
572.0 0.0006029431460774504
573.0 0.0005144684564584168
574.0 0.00042599376683938317
575.0 0.0005338162736734375
576.0 0.0006416387805074919
577.0 0.0006609692718484439
578.0 0.0006802997631893959
579.0 0.0004925274424749659
580.0 0.0003047550762858009
581.0 0.0002437500825180905
582.0 0.00018274507738169632
583.0 0.0003057366939174244
584.0 0.00042872834455920383
585.0 0.0003627493924795999
586.0 0.0002967703949252609
587.0 0.0005395581410994055
588.0 0.0007823457963240799
589.0 0.0010443412975291722
590.0 0.0013063367987342644
591.0 0.0009938595212588552
592.0 0.0006813821983087109
593.0 0.0006029962605680339
594.0 0.000524610413776827
595.0 0.0006222253432497382
596.0 0.0007198402727226494
597.0 0.00046409477363340557
598.0 0.00020834938823099947
599.0 0.00021097671378811356
600.0 0.00021360413029469782
601.0 0.00032879022455745144
602.0 0.0004439763415575726
603.0 0.0003515100843287655
604.0 0.000259043849837326
605.0 0.0002784840944514144
606.0 0.00029792427085340023
607.0 0.0003149727035633987
608.0 0.00033202104532392696
609.0 0.0004746293598145712
610.0 0.0006172376743052155
611.0 0.0005053717814007541
612.0 0.00039350588849629276
613.0 0.00023633147065993398
614.0 7.915708124528464e-05
615.0 6.6707059431792e-05
616.0 5.425705467132502e-05
617.0 0.00026449558845342835
618.0 0.00047473413360421546
619.0 0.00045847787077946123
620.0 0.0004422216989041772
621.0 0.000263919832832471
622.0 8.561805202589312e-05
623.0 1.841627863541362e-05
624.0 1.7063098980626967e-10
625.0 0.0001617916836949007
626.0 0.0003723688223544741
627.0 0.00036116102819505613
628.0 0.00034995323403563816
629.0 0.00030981739200797165
630.0 0.00026968154998030514
631.0 0.0002663168743310962
632.0 0.0002629522214192548
633.0 0.00026696234272094443
634.0 0.00027097248676000163
635.0 0.00026825600798474625
636.0 0.0002655395519468584
637.0 0.0003009228294104105
638.0 0.00033630610687396256
639.0 0.00047300668484240305
640.0 0.0006097071491240058
641.0 0.00048517722461838275
642.0 0.00036064723190065706
643.0 0.0003858447598759085
644.0 0.0004110421741643222
645.0 0.00047591938709956594
646.0 0.0005407965090853395
647.0 0.0005823491392220603
648.0 0.0006239017238840461
649.0 0.0005264634637569543
650.0 0.00042902515815512743
651.0 0.0005879152013221756
652.0 0.0007468052899639588
653.0 0.0007263181942107622
654.0 0.0007058311894070357
655.0 0.000747351759855519
656.0 0.0007888723303040024
657.0 0.0011937230738112703
658.0 0.0015985739082680084
659.0 0.0029517901566578075
660.0 0.03628060803748667
661.0 0.11321781203150749
662.0 0.11567933252081275
663.0 0.09543175692670047
664.0 0.10724732419475913
665.0 0.12382993008941412
666.0 0.16545882681384683
667.0 0.15860138228163123
668.0 0.19766520708799362
669.0 0.24207194801419973
670.0 0.30752436723560095
671.0 0.4188304767012596
672.0 0.6711806636303663
673.0 1.0400377213954926
674.0 1.5787729993462563
675.0 2.3500746116042137
676.0 3.366629034280777
677.0 4.679466784000397
678.0 6.052203476428986
679.0 7.448787987232208
680.0 9.245125949382782
681.0 11.235910654067993
682.0 13.796795904636383
683.0 16.601264476776123
684.0 19.638049602508545
685.0 22.603347897529602
686.0 25.631579756736755
687.0 28.79582643508911
688.0 31.964585185050964
689.0 35.14736890792847
690.0 38.6664479970932
691.0 42.51403510570526
692.0 47.120362520217896
693.0 52.08204984664917
694.0 57.76354670524597
695.0 63.31802010536194
696.0 69.6143388748169
697.0 75.15568137168884
698.0 81.30691647529602
699.0 86.07016801834106
700.0 89.92925882339478
701.0 93.00113916397095
702.0 95.25979161262512
703.0 96.51870727539062
704.0 97.16298580169678
705.0 97.69371747970581
706.0 97.77276515960693
707.0 97.97179102897644
708.0 98.03435802459717
709.0 98.09012413024902
710.0 97.82260060310364
711.0 98.01050424575806
712.0 97.9221522808075
713.0 97.9981780052185
714.0 98.01263213157654
715.0 98.09450507164001
716.0 97.98722863197327
717.0 98.20375442504883
718.0 98.29608798027039
719.0 98.23615550994873
720.0 98.45061898231506
721.0 98.40447306632996
722.0 98.21634292602539
723.0 97.90939092636108
724.0 97.60128259658813
725.0 97.35443592071533
726.0 97.05727100372314
727.0 96.70020341873169
728.0 96.44747972488403
729.0 96.19960188865662
730.0 96.15307450294495
731.0 96.18120193481445
732.0 96.2151288986206
733.0 96.61110043525696
734.0 96.89128994941711
735.0 97.14179635047913
736.0 97.65280485153198
737.0 98.01949262619019
738.0 98.3311414718628
739.0 98.6642837524414
740.0 98.80503416061401
741.0 98.56147766113281
742.0 98.91252517700195
743.0 98.73150587081909
744.0 98.58777523040771
745.0 98.53112697601318
746.0 98.55850338935852
747.0 98.8091230392456
748.0 98.6479103565216
749.0 98.483145236969
750.0 98.4936773777008
751.0 98.4086275100708
752.0 98.36238026618958
753.0 98.52344393730164
754.0 98.48617315292358
755.0 98.58285784721375
756.0 98.62825274467468
757.0 98.69051575660706
758.0 98.72907400131226
759.0 98.7841248512268
760.0 98.63480925559998
761.0 98.54040741920471
762.0 98.6644446849823
763.0 98.54165315628052
764.0 98.41009974479675
765.0 98.37533831596375
766.0 98.46466183662415
767.0 98.23779463768005
768.0 98.36219549179077
769.0 98.36649298667908
770.0 98.11167120933533
771.0 98.16003441810608
772.0 98.22844862937927
773.0 98.1714129447937
774.0 98.0221152305603
775.0 98.12238216400146
776.0 97.96662926673889
777.0 98.10691475868225
778.0 98.04826378822327
779.0 98.06908965110779
780.0 97.82680869102478
781.0 98.1356680393219
782.0 97.9893684387207
783.0 98.0494737625122
784.0 98.07138442993164
785.0 98.18271398544312
786.0 98.26166033744812
787.0 98.07620644569397
788.0 98.14476370811462
789.0 98.25106859207153
790.0 98.20449352264404
791.0 98.23340773582458
792.0 98.07282090187073
793.0 98.01594614982605
794.0 98.10238480567932
795.0 97.90335893630981
796.0 97.9890763759613
797.0 98.0916976928711
798.0 98.07518124580383
799.0 98.0070173740387
800.0 97.81301021575928
801.0 97.79959917068481
802.0 97.75689244270325
803.0 97.54899740219116
804.0 97.43631482124329
805.0 97.14207649230957
806.0 96.82261943817139
807.0 96.40127420425415
808.0 95.63682675361633
809.0 94.79207992553711
810.0 93.78804564476013
811.0 92.31637120246887
812.0 90.48594832420349
813.0 88.24434280395508
814.0 85.57080030441284
815.0 82.35008716583252
816.0 78.9630115032196
817.0 74.82326030731201
818.0 70.17260193824768
819.0 65.91680645942688
820.0 60.847240686416626
821.0 56.177860498428345
822.0 51.61680579185486
823.0 46.97314500808716
824.0 42.264577746391296
825.0 37.955206632614136
826.0 33.4065705537796
827.0 28.697067499160767
828.0 24.43726658821106
829.0 20.224957168102264
830.0 15.76213538646698
831.0 12.300371378660202
832.0 8.786499500274658
833.0 6.029628217220306
834.0 3.9188027381896973
835.0 2.392282895743847
836.0 1.4450173825025558
837.0 0.7998887449502945
838.0 0.45797466300427914
839.0 0.29097041115164757
840.0 0.15972356777638197
841.0 0.0899687351193279
842.0 0.05202100146561861
843.0 0.0407362065743655
844.0 0.0047002718929434195
845.0 0.0034367429179837927
846.0 1.7063098980626967e-10
847.0 0.0047211469791363925
848.0 1.7063098980626967e-10
849.0 1.7063098980626967e-10
850.0 0.00136312764880131
851.0 0.0029402212021523155
852.0 0.00319746759487316
853.0 0.0024445158487651497
854.0 0.0016915642845560797
855.0 0.0012652143595914822
856.0 0.0008388646165258251
857.0 0.0006935854798939545
858.0 0.0005483065251610242
859.0 0.0004300885848351754
860.0 0.00031187073545879684
861.0 0.00020939994556101738
862.0 0.00010692917840060545
863.0 6.821643410148681e-05
864.0 2.9503740961445146e-05
865.0 0.00013802967941956013
866.0 0.0002465556690367521
867.0 0.00012169524552518851
868.0 1.7063098980626967e-10
869.0 1.7063098980626967e-10
870.0 1.7063098980626967e-10
871.0 1.7063098980626967e-10
872.0 1.7063098980626967e-10
873.0 5.476408659887966e-05
874.0 0.00019231408714404097
875.0 0.0001273803718504496
876.0 6.244667929422576e-05
877.0 0.00010605348279568716
878.0 0.00014966028629714856
879.0 0.00013583305644715438
880.0 0.00012200583796584397
881.0 6.033662884874502e-05
882.0 1.7063098980626967e-10
883.0 3.1539531164526124e-05
884.0 6.441160280701297e-05
885.0 3.189000210568338e-05
886.0 1.7063098980626967e-10
887.0 1.7063098980626967e-10
888.0 1.7063098980626967e-10
889.0 1.7063098980626967e-10
890.0 1.7063098980626967e-10
891.0 6.028550387782161e-05
892.0 0.00023135808078222908
893.0 0.00011125565606562304
894.0 1.7063098980626967e-10
895.0 1.7063098980626967e-10
