lsstCam/transmission_sensor/r12_s01/19700101T000000.ecsv
# %ECSV 1.0
# ---
# datatype:
# - {name: amp_name, datatype: string}
# - {name: wavelength, unit: nm, datatype: float32}
# - {name: efficiency, unit: '%', datatype: float64}
# meta: !!omap
# - {MODE: AMP}
# - {TYPE: transmission_sensor}
# - {CALIBDATE: '1970-01-01T00:00:00'}
# - {INSTRUME: LSSTCam}
# - {OBSTYPE: transmission_sensor}
# - {DETECTOR: 46}
# - {PARQUETFILE: qe_raft_allvalues_nircorrected_20230725_adjust.parquet}
# - {CORRFILE: qe_corr_factor_bydetnum.parquet}
# - {CALIBCLS: lsst.ip.isr.IntermediateSensorTransmissionCurve}
# - {CALIB_ID: 'raftName=R12 detectorName=S01 detector=46 calibDate=1970-01-01T00:00:00 ccd=46 ccdnum=46 filter=None'}
# - {DATE: '2025-03-03T21:56:47.630115'}
# - {CALIB_CREATION_DATE: '2025-03-03'}
# - {CALIB_CREATION_TIME: '21:56:47'}
# - __serialized_columns__:
#     efficiency:
#       __class__: astropy.units.quantity.Quantity
#       unit: !astropy.units.Unit {unit: '%'}
#       value: !astropy.table.SerializedColumn {name: efficiency}
#     wavelength:
#       __class__: astropy.units.quantity.Quantity
#       unit: !astropy.units.Unit {unit: nm}
#       value: !astropy.table.SerializedColumn {name: wavelength}
# schema: astropy-2.0
amp_name wavelength efficiency
C00 319.994 39.036757776614536
C00 324.969 44.05443442532297
C00 349.982 67.74931917803866
C00 374.975 75.99452434650387
C00 400.019 83.60070266173119
C00 424.965 85.09319496041833
C00 450.035 87.40719795197141
C00 475.003 88.88486845885087
C00 500.018 90.91962161824826
C00 525.002 93.6016915287555
C00 550.029 94.74684165316843
C00 575.023 95.81295737648011
C00 599.982 96.68735216189502
C00 619.997 97.71781526227463
C00 624.979 97.43107875818335
C00 650.012 97.84227739440198
C00 675.004 98.21361783792716
C00 700.03 98.11717768233599
C00 725.012 97.96645915521191
C00 750.022 98.41387873460063
C00 774.987 98.28442296198183
C00 799.976 97.9693083340052
C00 824.988 95.8530050092529
C00 850.022 93.67177678050868
C00 869.967 90.67018965458091
C00 875.002 89.31067671398831
C00 899.999 82.35120894161696
C00 919.999 72.99479373335363
C00 925.012 70.5674070655131
C00 949.965 57.03473226494449
C00 975.002 42.222378362019384
C00 999.976 25.621052753035332
C00 1025.028 10.985083666383897
C00 1050.014 3.8985716936037558
C00 1075.002 0.9375841761525397
C00 1099.99 0.09302624061697366
C01 319.994 39.34253300867963
C01 324.969 44.400495984660814
C01 349.982 68.31219111938125
C01 374.975 76.56007118176676
C01 400.019 84.00008781460208
C01 424.965 85.40037583787213
C01 450.035 87.66704912000255
C01 475.003 89.12347202758306
C01 500.018 91.13868254839558
C01 525.002 93.81715309739533
C01 550.029 94.95571070704719
C01 575.023 96.02047003939077
C01 599.982 96.8922126636949
C01 619.997 97.92304706663002
C01 624.979 97.63743962541162
C01 650.012 98.04684236967809
C01 675.004 98.42233533974243
C01 700.03 98.32572847688145
C01 725.012 98.17023605975795
C01 750.022 98.61720098295626
C01 774.987 98.48263790579841
C01 799.976 98.1752297002494
C01 824.988 96.06884545805141
C01 850.022 93.8902315024021
C01 869.967 90.92865412123126
C01 875.002 89.56492045567094
C01 899.999 82.681395422306
C01 919.999 73.25223522357554
C01 925.012 70.81620251051385
C01 949.965 57.32066554309935
C01 975.002 42.395386408878785
C01 999.976 25.787258006645587
C01 1025.028 11.021312187157163
C01 1050.014 3.902274299954485
C01 1075.002 0.9395212172300922
C01 1099.99 0.09321843205316535
C02 319.994 39.590782866251885
C02 324.969 44.68289431093517
C02 349.982 68.74785025864446
C02 374.975 76.93771619113242
C02 400.019 84.21611770347994
C02 424.965 85.53883380306124
C02 450.035 87.76930887483107
C02 475.003 89.20272617917637
C02 500.018 91.20476682567306
C02 525.002 93.87700858486407
C02 550.029 95.01188347937352
C02 575.023 96.06970172721003
C02 599.982 96.9391028721335
C02 619.997 97.96969479176707
C02 624.979 97.68250363148537
C02 650.012 98.08932241306962
C02 675.004 98.46551252262594
C02 700.03 98.36426816662268
C02 725.012 98.20413825635691
C02 750.022 98.65211857838048
C02 774.987 98.51856332244473
C02 799.976 98.2164518615141
C02 824.988 96.12830691015512
C02 850.022 93.96024855572672
C02 869.967 91.03030009020273
C02 875.002 89.68553316538608
C02 899.999 82.86852433267951
C02 919.999 73.42840691975995
C02 925.012 70.98901732849232
C02 949.965 57.58250204316198
C02 975.002 42.54334668844766
C02 999.976 25.894403421120337
C02 1025.028 11.050533319395587
C02 1050.014 3.903990863873418
C02 1075.002 0.9398538754232377
C02 1099.99 0.09325143809348245
C03 319.994 39.870176672867885
C03 324.969 45.00116501063363
C03 349.982 69.2053935158732
C03 374.975 77.30469193522958
C03 400.019 84.42625979469186
C03 424.965 85.68029249910711
C03 450.035 87.87917654324596
C03 475.003 89.29374834849835
C03 500.018 91.28890853131338
C03 525.002 93.95255728850545
C03 550.029 95.08243854252346
C03 575.023 96.13640736794775
C03 599.982 96.99990555999895
C03 619.997 98.02808780182328
C03 624.979 97.73936596570051
C03 650.012 98.14296426593596
C03 675.004 98.51541861712766
C03 700.03 98.40956707839482
C03 725.012 98.24955840977982
C03 750.022 98.69695525635903
C03 774.987 98.56398347586766
C03 799.976 98.26885856506314
C03 824.988 96.18168354691038
C03 850.022 94.02474911394091
C03 869.967 91.14404749144252
C03 875.002 89.80916176116433
C03 899.999 82.98777307382339
C03 919.999 73.5742151600275
C03 925.012 71.15752049026499
C03 949.965 57.81223223857781
C03 975.002 42.61569006594659
C03 999.976 25.925536003759316
C03 1025.028 11.067097012732809
C03 1050.014 3.925479288873222
C03 1075.002 0.9402810322636423
C03 1099.99 0.09329382020276647
C04 319.994 40.060859479129846
C04 324.969 45.21813452230502
C04 349.982 69.49662353864645
C04 374.975 77.48234884163602
C04 400.019 84.44487796568954
C04 424.965 85.63097745765293
C04 450.035 87.79523185528816
C04 475.003 89.19383765065366
C04 500.018 91.17566882948621
C04 525.002 93.82654174772749
C04 550.029 94.94539758912784
C04 575.023 95.99341041845763
C04 599.982 96.85328651619182
C04 619.997 97.874088172525
C04 624.979 97.58236560554546
C04 650.012 97.98053834190857
C04 675.004 98.34702154179944
C04 700.03 98.2424051523839
C04 725.012 98.08634441502238
C04 750.022 98.53631764668062
C04 774.987 98.41053701160105
C04 799.976 98.11626836995515
C04 824.988 96.03567828896031
C04 850.022 93.8901784591799
C04 869.967 91.03955234367777
C04 875.002 89.69595994735303
C04 899.999 82.9134064762771
C04 919.999 73.48488279621324
C04 925.012 71.07525045260857
C04 949.965 57.834900638471815
C04 975.002 42.525800748299055
C04 999.976 25.890741544386668
C04 1025.028 11.023285205583504
C04 1050.014 3.9202448226809175
C04 1075.002 0.9387506455941927
C04 1099.99 0.09314197664336102
C05 319.994 40.373064307487795
C05 324.969 45.57317175260207
C05 349.982 69.98645496299814
C05 374.975 77.88343137761782
C05 400.019 84.76140202785648
C05 424.965 85.90840866504696
C05 450.035 88.06149367560421
C05 475.003 89.45424956131964
C05 500.018 91.43151144543847
C05 525.002 94.0840135483621
C05 550.029 95.20300578661956
C05 575.023 96.24753291848948
C05 599.982 97.10334742092257
C05 619.997 98.1229290831448
C05 624.979 97.82913783049885
C05 650.012 98.22665889298902
C05 675.004 98.58776199462659
C05 700.03 98.4820392751477
C05 725.012 98.33414719400739
C05 750.022 98.79905588152091
C05 774.987 98.6793297513771
C05 799.976 98.39408603511103
C05 824.988 96.30518332343468
C05 850.022 94.16944344654193
C05 869.967 91.35656137244781
C05 875.002 89.99040287387191
C05 899.999 83.1978621218131
C05 919.999 73.72077358300926
C05 925.012 71.30788287003992
C05 949.965 58.14878769473431
C05 975.002 42.550299139359495
C05 999.976 25.87895647705083
C05 1025.028 10.991984021273911
C05 1050.014 3.9519895335762696
C05 1075.002 0.9412537395155887
C05 1099.99 0.0933903313226968
C06 319.994 40.40521607775363
C06 324.969 45.60799462798663
C06 349.982 70.0085891418684
C06 374.975 77.80801149323038
C06 400.019 84.59471749084548
C06 424.965 85.71239880375391
C06 450.035 87.85016190069402
C06 475.003 89.23363522252173
C06 500.018 91.2051002402127
C06 525.002 93.84798636470896
C06 550.029 94.95849926501509
C06 575.023 95.99702493517147
C06 599.982 96.845178480796
C06 619.997 97.85761446322546
C06 624.979 97.56800604753137
C06 650.012 97.95850267187957
C06 675.004 98.31717336289839
C06 700.03 98.21367088114937
C06 725.012 98.07350037764303
C06 750.022 98.55758797878909
C06 774.987 98.45612387229379
C06 799.976 98.18123873956611
C06 824.988 96.10582416153888
C06 850.022 93.99777284664268
C06 869.967 91.17845738745412
C06 875.002 89.82193002251195
C06 899.999 83.23735658955421
C06 919.999 73.51955033073273
C06 925.012 71.05843575116621
C06 949.965 58.02417401054348
C06 975.002 42.37102820347706
C06 999.976 25.822490072601514
C06 1025.028 10.99300226170037
C06 1050.014 3.9916540237885916
C06 1075.002 0.9389532862506919
C06 1099.99 0.09316208246313673
C07 319.994 40.58912829557993
C07 324.969 45.815810395024236
C07 349.982 70.28903623532554
C07 374.975 78.02029804614045
C07 400.019 84.73713854249442
C07 424.965 85.82466857237485
C07 450.035 87.95043632349106
C07 475.003 89.32910544490666
C07 500.018 91.29636489283625
C07 525.002 93.93937225898328
C07 550.029 95.04531586457571
C07 575.023 96.08068167420866
C07 599.982 96.92816839075391
C07 619.997 97.94015729459613
C07 624.979 97.64744963920401
C07 650.012 98.03605944036197
C07 675.004 98.39404814709516
C07 700.03 98.2963728421867
C07 725.012 98.16635632693304
C07 750.022 98.67153997531457
C07 774.987 98.59600642687954
C07 799.976 98.33711761445146
C07 824.988 96.2788814628189
C07 850.022 94.1884101872856
C07 869.967 91.41905386582097
C07 875.002 90.09836098628705
C07 899.999 83.63515044575864
C07 919.999 73.6052302898173
C07 925.012 71.07700087894169
C07 949.965 58.002767281577896
C07 975.002 42.580378435157336
C07 999.976 26.01755273349786
C07 1025.028 11.150283940373242
C07 1050.014 4.07428447119596
C07 1075.002 0.940038900856144
C07 1099.99 0.09326979614695605
C10 319.994 38.266630810869174
C10 324.969 43.181108081955536
C10 349.982 66.23542015038593
C10 374.975 74.49696263129354
C10 400.019 82.97478506198374
C10 424.965 84.92221392240788
C10 450.035 87.48145846307327
C10 475.003 89.1183419902345
C10 500.018 91.25452894571448
C10 525.002 94.0119202317679
C10 550.029 95.20558217169861
C10 575.023 96.30410730378402
C10 599.982 97.1997421108947
C10 619.997 98.24314017989174
C10 624.979 97.95894217286364
C10 650.012 98.37881716471611
C10 675.004 98.74549738228949
C10 700.03 98.55347334026578
C10 725.012 98.13309064900068
C10 750.022 98.24918710722432
C10 774.987 97.80335882450207
C10 799.976 97.37817951042803
C10 824.988 95.34970060645844
C10 850.022 93.15833354466785
C10 869.967 90.22452807912848
C10 875.002 88.92086207392575
C10 899.999 82.38502020697783
C10 919.999 73.34303006480233
C10 925.012 70.90407239691561
C10 949.965 56.98525051622049
C10 975.002 42.16062089615406
C10 999.976 25.619755088491843
C10 1025.028 11.057771824827224
C10 1050.014 3.895749510021766
C10 1075.002 0.9360151744173872
C10 1099.99 0.09287056570622412
C11 319.994 38.55357948784931
C11 324.969 43.50708141528002
C11 349.982 66.72113693621432
C11 374.975 74.90453159559199
C11 400.019 83.15004744578731
C11 424.965 84.98862403662183
C11 450.035 87.49937949457897
C11 475.003 89.10909731436263
C11 500.018 91.22565070001967
C11 525.002 93.9666970960275
C11 550.029 95.14527202803946
C11 575.023 96.23547695184018
C11 599.982 97.12246571372972
C11 619.997 98.16415124440951
C11 624.979 97.87545214109626
C11 650.012 98.28891648066381
C11 675.004 98.65080765303144
C11 700.03 98.45551766403989
C11 725.012 98.02289714364933
C11 750.022 98.12467193187474
C11 774.987 97.66207441332918
C11 799.976 97.2334018241921
C11 824.988 95.2194491855064
C11 850.022 93.02027719244695
C11 869.967 90.17631936773765
C11 875.002 88.88051133702602
C11 899.999 82.29173991191007
C11 919.999 73.23266985218116
C11 925.012 70.82847822765518
C11 949.965 57.08069042819273
C11 975.002 42.088819317282045
C11 999.976 25.645176052738677
C11 1025.028 11.006377678502277
C11 1050.014 3.8633284980431646
C11 1075.002 0.9348289247770617
C11 1099.99 0.09275286710669617
C12 319.994 38.792084547740245
C12 324.969 43.7775033397384
C12 349.982 67.13192638186158
C12 374.975 75.2632629074362
C12 400.019 83.35287714993666
C12 424.965 85.1179434123835
C12 450.035 87.59012887018672
C12 475.003 89.17855362505239
C12 500.018 91.28040646055253
C12 525.002 94.01239004316467
C12 550.029 95.18517568635194
C12 575.023 96.27072796180404
C12 599.982 97.15395065491627
C12 619.997 98.19512090858025
C12 624.979 97.90404243787047
C12 650.012 98.31505921161293
C12 675.004 98.676882185552
C12 700.03 98.47413583503757
C12 725.012 98.03508192955258
C12 750.022 98.12850619908062
C12 774.987 97.65739903217103
C12 799.976 97.22812023478005
C12 824.988 95.20997718153933
C12 850.022 93.04002442631752
C12 869.967 90.25772555863227
C12 875.002 88.9408442134947
C12 899.999 82.28541261326008
C12 919.999 73.34002933394557
C12 925.012 70.97831775281112
C12 949.965 57.33519180838326
C12 975.002 42.00763666568105
C12 999.976 25.63538578943831
C12 1025.028 10.922154513627845
C12 1050.014 3.865146886004744
C12 1075.002 0.9348654538364003
C12 1099.99 0.09275649148640518
C13 319.994 39.060888653921054
C13 324.969 44.08225559537505
C13 349.982 67.56497124802988
C13 374.975 75.6325573981045
C13 400.019 83.59967968530275
C13 424.965 85.29935880996408
C13 450.035 87.73996839534266
C13 475.003 89.30885051162346
C13 500.018 91.4019284826485
C13 525.002 94.12922152889615
C13 550.029 95.29655887540156
C13 575.023 96.37626881880678
C13 599.982 97.25547538223697
C13 619.997 98.2898106378383
C13 624.979 98.0000885580966
C13 650.012 98.40630113142697
C13 675.004 98.76203929001758
C13 700.03 98.55731518507483
C13 725.012 98.11068367641617
C13 750.022 98.2027591325793
C13 774.987 97.72742366309882
C13 799.976 97.30324459264371
C13 824.988 95.28972387733891
C13 850.022 93.1338957744328
C13 869.967 90.33025079860737
C13 875.002 88.99270532961522
C13 899.999 82.37616956647099
C13 919.999 73.48424627754665
C13 925.012 71.1177911168255
C13 949.965 57.46562509181146
C13 975.002 41.93089448953981
C13 999.976 25.593720338387943
C13 1025.028 10.897143687152786
C13 1050.014 3.885861448280438
C13 1075.002 0.9355728579143161
C13 1099.99 0.09282667946913721
C14 319.994 39.431429660311416
C14 324.969 44.50133493889429
C14 349.982 68.1777720166837
C14 374.975 76.1651340819588
C14 400.019 83.93904264343509
C14 424.965 85.54293328637819
C14 450.035 87.9358645925881
C14 475.003 89.47784621760242
C14 500.018 91.55407917677242
C14 525.002 94.2660275765934
C14 550.029 95.4274695478297
C14 575.023 96.4991017662518
C14 599.982 97.37219320392084
C14 619.997 98.40299729644326
C14 624.979 98.11180516168587
C14 650.012 98.5153807291118
C14 675.004 98.86762561263936
C14 700.03 98.65742290060204
C14 725.012 98.21404218370489
C14 750.022 98.30708757307426
C14 774.987 97.83833704075167
C14 799.976 97.41522641234405
C14 824.988 95.40898019608598
C14 850.022 93.27152778087599
C14 869.967 90.45850173232155
C14 875.002 89.09776122001483
C14 899.999 82.65741988586454
C14 919.999 73.69992001907535
C14 925.012 71.28948444953427
C14 949.965 57.64543782632081
C14 975.002 41.898390360726395
C14 999.976 25.636986558108745
C14 1025.028 10.918461379281082
C14 1050.014 3.9185355995650593
C14 1075.002 0.9365667898181599
C14 1099.99 0.09292529647953013
C15 319.994 39.59492402638629
C15 324.969 44.6876037913076
C15 349.982 68.44212428099999
C15 374.975 76.34561743434902
C15 400.019 83.96341221524158
C15 424.965 85.49903623119317
C15 450.035 87.86393798326374
C15 475.003 89.38482356104258
C15 500.018 91.44593920188112
C15 525.002 94.14993111836976
C15 550.029 95.30065078111534
C15 575.023 96.36542526866528
C15 599.982 97.23393983401742
C15 619.997 98.26012916620708
C15 624.979 97.96768672692605
C15 650.012 98.36585188568598
C15 675.004 98.71489902067425
C15 700.03 98.50711356404933
C15 725.012 98.0735382656589
C15 750.022 98.17890483778862
C15 774.987 97.7228240579724
C15 799.976 97.31001139227779
C15 824.988 95.31898858079559
C15 850.022 93.20019980220232
C15 869.967 90.38740865934628
C15 875.002 89.05419000176629
C15 899.999 82.69124630643175
C15 919.999 73.64969566524033
C15 925.012 71.30344239458016
C15 949.965 57.529663416232054
C15 975.002 41.88976704831477
C15 999.976 25.627258810034558
C15 1025.028 10.912690087263945
C15 1050.014 3.93148382898805
C15 1075.002 0.9353455989271615
C15 1099.99 0.09280413104121028
C16 319.994 39.914164659290975
C16 324.969 45.04817646072301
C16 349.982 68.95044505709542
C16 374.975 76.80169063656207
C16 400.019 84.3315170222116
C16 424.965 85.83025326591384
C16 450.035 88.18099247765282
C16 475.003 89.70164314973327
C16 500.018 91.76094774341331
C16 525.002 94.46789492513969
C16 550.029 95.61718242088544
C16 575.023 96.67749370016608
C16 599.982 97.54368194134393
C16 619.997 98.56557477253412
C16 624.979 98.27601182245907
C16 650.012 98.67200220910817
C16 675.004 99.01481297668452
C16 700.03 98.81090725288452
C16 725.012 98.38245441423946
C16 750.022 98.50837902377934
C16 774.987 98.06940089432607
C16 799.976 97.67162977093116
C16 824.988 95.68688879247993
C16 850.022 93.56793330661685
C16 869.967 90.82179476127631
C16 875.002 89.5052089426625
C16 899.999 83.21694252660437
C16 919.999 74.03909353712834
C16 925.012 71.5714319084198
C16 949.965 57.750937006506085
C16 975.002 42.140381118077215
C16 999.976 25.784312213411827
C16 1025.028 11.02136428317898
C16 1050.014 3.9891794627521935
C16 1075.002 0.9384844828513718
C16 1099.99 0.09311556822053701
C17 319.994 39.819906853413826
C17 324.969 44.941506540847406
C17 349.982 68.7638617341504
C17 374.975 76.54609050391136
C17 400.019 83.9736192467165
C17 424.965 85.42790527020203
C17 450.035 87.75018300442076
C17 475.003 89.24584274123448
C17 500.018 91.28527885939319
C17 525.002 93.97730574047063
C17 550.029 95.11493130493211
C17 575.023 96.16990795157851
C17 599.982 97.02532084104341
C17 619.997 98.0421518333136
C17 624.979 97.75324055711148
C17 650.012 98.14261569618996
C17 675.004 98.48594174078214
C17 700.03 98.28395315058506
C17 725.012 97.87919547706404
C17 750.022 98.03528652483826
C17 774.987 97.62350441317525
C17 799.976 97.24830696963468
C17 824.988 95.2834268891016
C17 850.022 93.21117217159778
C17 869.967 90.52171409799622
C17 875.002 89.23498403588663
C17 899.999 83.00799011909072
C17 919.999 73.84213647543858
C17 925.012 71.36660171703261
C17 949.965 57.54212099584955
C17 975.002 42.09884069747921
C17 999.976 25.773309533603673
C17 1025.028 11.071100828809692
C17 1050.014 4.034553676955868
C17 1075.002 0.9339773531996557
C17 1099.99 0.09266837495710867
