lsstCam/transmission_sensor/r12_s01/19700101T000000.ecsv
# %ECSV 1.0
# ---
# datatype:
# - {name: amp_name, datatype: string}
# - {name: wavelength, unit: nm, datatype: float32}
# - {name: efficiency, unit: '%', datatype: float64}
# meta: !!omap
# - {MODE: AMP}
# - {TYPE: transmission_sensor}
# - {CALIBDATE: '1970-01-01T00:00:00'}
# - {INSTRUME: LSSTCAM}
# - {OBSTYPE: transmission_sensor}
# - {DETECTOR: 46}
# - {PARQUETFILE: qe_raft_allvalues_nircorrected_20230725.parquet}
# - {CALIBCLS: lsst.ip.isr.IntermediateSensorTransmissionCurve}
# - {CALIB_ID: 'raftName=R12 detectorName=S01 detector=46 calibDate=1970-01-01T00:00:00 ccd=46 ccdnum=46 filter=None'}
# - {DATE: '2023-08-02T16:57:55.635191'}
# - {CALIB_CREATION_DATE: '2023-08-02'}
# - {CALIB_CREATION_TIME: '16:57:55'}
# - __serialized_columns__:
#     efficiency:
#       __class__: astropy.units.quantity.Quantity
#       unit: !astropy.units.Unit {unit: '%'}
#       value: !astropy.table.SerializedColumn {name: efficiency}
#     wavelength:
#       __class__: astropy.units.quantity.Quantity
#       unit: !astropy.units.Unit {unit: nm}
#       value: !astropy.table.SerializedColumn {name: wavelength}
# schema: astropy-2.0
amp_name wavelength efficiency
C00 319.994 39.303565979003906
C00 324.969 44.35553741455078
C00 349.982 68.21237182617188
C00 374.975 76.51393127441406
C00 400.019 84.1720962524414
C00 424.965 85.67478942871094
C00 450.035 88.00460815429688
C00 475.003 89.49237823486328
C00 500.018 91.5410385131836
C00 525.002 94.24143981933594
C00 550.029 95.39441680908203
C00 575.023 96.46781921386719
C00 599.982 97.34819030761719
C00 619.997 98.38569641113281
C00 624.979 98.09700012207031
C00 650.012 98.5110092163086
C00 675.004 98.8848876953125
C00 700.03 98.78778839111328
C00 725.012 98.63603973388672
C00 750.022 99.08651733398438
C00 774.987 98.9561767578125
C00 799.976 98.63890838623047
C00 824.988 96.50814056396484
C00 850.022 94.31200408935547
C00 869.967 91.28990173339844
C00 875.002 89.92109680175781
C00 899.999 82.9140625
C00 919.999 73.49369812011719
C00 925.012 71.04972076416016
C00 949.965 57.42455291748047
C00 975.002 42.51095962524414
C00 999.976 25.796167373657227
C00 1025.028 11.060164451599121
C00 1050.014 3.925217628479004
C00 1075.002 0.9439923709636836
C00 1099.99 0.09366205581904777
C01 319.994 39.61143112182617
C01 324.969 44.70396423339844
C01 349.982 68.77909088134766
C01 374.975 77.08334350585938
C01 400.019 84.57421112060547
C01 424.965 85.98406982421875
C01 450.035 88.2662353515625
C01 475.003 89.73261260986328
C01 500.018 91.7615966796875
C01 525.002 94.4583740234375
C01 550.029 95.6047134399414
C01 575.023 96.67675018310547
C01 599.982 97.55445098876953
C01 619.997 98.59233093261719
C01 624.979 98.30477142333984
C01 650.012 98.71697235107422
C01 675.004 99.09503173828125
C01 700.03 98.99776458740234
C01 725.012 98.8412094116211
C01 750.022 99.29122924804688
C01 774.987 99.15574645996094
C01 799.976 98.84623718261719
C01 824.988 96.72545623779297
C01 850.022 94.53195190429688
C01 869.967 91.55013275146484
C01 875.002 90.17707824707031
C01 899.999 83.24650573730469
C01 919.999 73.75289916992188
C01 925.012 71.30021667480469
C01 949.965 57.712440490722656
C01 975.002 42.685150146484375
C01 999.976 25.96350860595703
C01 1025.028 11.096640586853027
C01 1050.014 3.928945541381836
C01 1075.002 0.9459426513181968
C01 1099.99 0.09385556084413683
C02 319.994 39.86137771606445
C02 324.969 44.9882926940918
C02 349.982 69.21772766113281
C02 374.975 77.46356964111328
C02 400.019 84.79171752929688
C02 424.965 86.12347412109375
C02 450.035 88.36919403076172
C02 475.003 89.81240844726562
C02 500.018 91.82813262939453
C02 525.002 94.51863861083984
C02 550.029 95.66127014160156
C02 575.023 96.726318359375
C02 599.982 97.6016616821289
C02 619.997 98.63929748535156
C02 624.979 98.35014343261719
C02 650.012 98.7597427368164
C02 675.004 99.13850402832031
C02 700.03 99.03656768798828
C02 725.012 98.8753433227539
C02 750.022 99.32638549804688
C02 774.987 99.1919174194336
C02 799.976 98.88774108886719
C02 824.988 96.78532409667969
C02 850.022 94.60244750976562
C02 869.967 91.65247344970703
C02 875.002 90.29851531982422
C02 899.999 83.4349136352539
C02 919.999 73.9302749633789
C02 925.012 71.47421264648438
C02 949.965 57.97606658935547
C02 975.002 42.83412170410156
C02 999.976 26.071386337280273
C02 1025.028 11.12606143951416
C02 1050.014 3.930673837661743
C02 1075.002 0.9462775831616037
C02 1099.99 0.0938887924739441
C03 319.994 40.14268112182617
C03 324.969 45.308738708496094
C03 349.982 69.67839813232422
C03 374.975 77.83305358886719
C03 400.019 85.0032958984375
C03 424.965 86.26589965820312
C03 450.035 88.47981262207031
C03 475.003 89.904052734375
C03 500.018 91.91284942626953
C03 525.002 94.5947036743164
C03 550.029 95.73230743408203
C03 575.023 96.7934799194336
C03 599.982 97.66287994384766
C03 619.997 98.69808959960938
C03 624.979 98.40739440917969
C03 650.012 98.81375122070312
C03 675.004 99.18875122070312
C03 700.03 99.0821762084961
C03 725.012 98.92107391357422
C03 750.022 99.37152862548828
C03 774.987 99.2376480102539
C03 799.976 98.94050598144531
C03 824.988 96.83906555175781
C03 850.022 94.66738891601562
C03 869.967 91.76699829101562
C03 875.002 90.42298889160156
C03 899.999 83.55497741699219
C03 919.999 74.07707977294922
C03 925.012 71.64386749267578
C03 949.965 58.207366943359375
C03 975.002 42.906959533691406
C03 999.976 26.102731704711914
C03 1025.028 11.142738342285156
C03 1050.014 3.9523091316223145
C03 1075.002 0.9467076595310681
C03 1099.99 0.09393146425621932
C04 319.994 40.33466720581055
C04 324.969 45.527191162109375
C04 349.982 69.97161865234375
C04 374.975 78.01192474365234
C04 400.019 85.02204132080078
C04 424.965 86.21624755859375
C04 450.035 88.39529418945312
C04 475.003 89.80345916748047
C04 500.018 91.79883575439453
C04 525.002 94.46782684326172
C04 550.029 95.59432983398438
C04 575.023 96.64950561523438
C04 599.982 97.5152587890625
C04 619.997 98.54303741455078
C04 624.979 98.24932098388672
C04 650.012 98.65021514892578
C04 675.004 99.01920318603516
C04 700.03 98.91387176513672
C04 725.012 98.75674438476562
C04 750.022 99.20979309082031
C04 774.987 99.0831527709961
C04 799.976 98.78687286376953
C04 824.988 96.69206237792969
C04 850.022 94.53189849853516
C04 869.967 91.66178894042969
C04 875.002 90.30901336669922
C04 899.999 83.4801025390625
C04 919.999 73.98713684082031
C04 925.012 71.56103515625
C04 949.965 58.23019027709961
C04 975.002 42.81645584106445
C04 999.976 26.067699432373047
C04 1025.028 11.098627090454102
C04 1050.014 3.9470388889312744
C04 1075.002 0.9451668129838138
C04 1099.99 0.09377858287734737
C05 319.994 40.64900588989258
C05 324.969 45.8846549987793
C05 349.982 70.46479797363281
C05 374.975 78.4157485961914
C05 400.019 85.34072875976562
C05 424.965 86.49557495117188
C05 450.035 88.66337585449219
C05 475.003 90.0656509399414
C05 500.018 92.05642700195312
C05 525.002 94.72705841064453
C05 550.029 95.85369873046875
C05 575.023 96.90536499023438
C05 599.982 97.76702880859375
C05 619.997 98.7935791015625
C05 624.979 98.4977798461914
C05 650.012 98.89801788330078
C05 675.004 99.26158905029297
C05 700.03 99.15514373779297
C05 725.012 99.00624084472656
C05 750.022 99.47432708740234
C05 774.987 99.3537826538086
C05 799.976 99.06658935546875
C05 824.988 96.96340942382812
C05 850.022 94.81307220458984
C05 869.967 91.98096466064453
C05 875.002 90.60546875
C05 899.999 83.7665023803711
C05 919.999 74.22463989257812
C05 925.012 71.79525756835938
C05 949.965 58.54622268676758
C05 975.002 42.841121673583984
C05 999.976 26.05583381652832
C05 1025.028 11.06711196899414
C05 1050.014 3.9790005683898926
C05 1075.002 0.9476870150368174
C05 1099.99 0.09402863500978435
C06 319.994 40.68137741088867
C06 324.969 45.919715881347656
C06 349.982 70.4870834350586
C06 374.975 78.33981323242188
C06 400.019 85.17290496826172
C06 424.965 86.29822540283203
C06 450.035 88.45059967041016
C06 475.003 89.8435287475586
C06 500.018 91.8284683227539
C06 525.002 94.48941802978516
C06 550.029 95.6075210571289
C06 575.023 96.65314483642578
C06 599.982 97.50709533691406
C06 619.997 98.52645111083984
C06 624.979 98.23486328125
C06 650.012 98.6280288696289
C06 675.004 98.98915100097656
C06 700.03 98.88494110107422
C06 725.012 98.74381256103516
C06 750.022 99.23120880126953
C06 774.987 99.1290512084961
C06 799.976 98.85228729248047
C06 824.988 96.76268768310547
C06 850.022 94.64022827148438
C06 869.967 91.80164337158203
C06 875.002 90.43584442138672
C06 899.999 83.80626678466797
C06 919.999 74.02204132080078
C06 925.012 71.54410552978516
C06 949.965 58.42075729370117
C06 975.002 42.66062545776367
C06 999.976 25.998981475830078
C06 1025.028 11.068137168884277
C06 1050.014 4.0189361572265625
C06 1075.002 0.9453708386474797
C06 1099.99 0.0937988261162618
C07 319.994 40.866546630859375
C07 324.969 46.12895202636719
C07 349.982 70.76944732666016
C07 374.975 78.55355072021484
C07 400.019 85.31629943847656
C07 424.965 86.41126251220703
C07 450.035 88.55155944824219
C07 475.003 89.93965148925781
C07 500.018 91.92035675048828
C07 525.002 94.58142852783203
C07 550.029 95.69493103027344
C07 575.023 96.73737335205078
C07 599.982 97.59065246582031
C07 619.997 98.60955810546875
C07 624.979 98.31484985351562
C07 650.012 98.70611572265625
C07 675.004 99.0665512084961
C07 700.03 98.96820831298828
C07 725.012 98.8373031616211
C07 750.022 99.34593963623047
C07 774.987 99.26988983154297
C07 799.976 99.00923156738281
C07 824.988 96.93692779541016
C07 850.022 94.83216857910156
C07 869.967 92.04388427734375
C07 875.002 90.71416473388672
C07 899.999 84.20677947998047
C07 919.999 74.10830688476562
C07 925.012 71.56279754638672
C07 949.965 58.39920425415039
C07 975.002 42.87140655517578
C07 999.976 26.195377349853516
C07 1025.028 11.226493835449219
C07 1050.014 4.102131366729736
C07 1075.002 0.9464638732052504
C07 1099.99 0.09390727600093358
C10 319.994 38.528175354003906
C10 324.969 43.47624206542969
C10 349.982 66.68812561035156
C10 374.975 75.00613403320312
C10 400.019 83.54190063476562
C10 424.965 85.50263977050781
C10 450.035 88.07937622070312
C10 475.003 89.72744750976562
C10 500.018 91.87823486328125
C10 525.002 94.65447235107422
C10 550.029 95.85629272460938
C10 575.023 96.96232604980469
C10 599.982 97.86408233642578
C10 619.997 98.91461181640625
C10 624.979 98.62847137451172
C10 650.012 99.05121612548828
C10 675.004 99.42040252685547
C10 700.03 99.22706604003906
C10 725.012 98.8038101196289
C10 750.022 98.92070007324219
C10 774.987 98.4718246459961
C10 799.976 98.04373931884766
C10 824.988 96.00139617919922
C10 850.022 93.79505157470703
C10 869.967 90.84119415283203
C10 875.002 89.52861785888672
C10 899.999 82.94810485839844
C10 919.999 73.84431457519531
C10 925.012 71.38868713378906
C10 949.965 57.374732971191406
C10 975.002 42.44878005981445
C10 999.976 25.79486083984375
C10 1025.028 11.133349418640137
C10 1050.014 3.9223761558532715
C10 1075.002 0.9424126454247025
C10 1099.99 0.0935053169023341
C11 319.994 38.81708526611328
C11 324.969 43.804443359375
C11 349.982 67.17716217041016
C11 374.975 75.41648864746094
C11 400.019 83.7183609008789
C11 424.965 85.56950378417969
C11 450.035 88.09741973876953
C11 475.003 89.7181396484375
C11 500.018 91.84915924072266
C11 525.002 94.60894012451172
C11 550.029 95.79557037353516
C11 575.023 96.89322662353516
C11 599.982 97.7862777709961
C11 619.997 98.8350830078125
C11 624.979 98.5444107055664
C11 650.012 98.96070098876953
C11 675.004 99.32506561279297
C11 700.03 99.1284408569336
C11 725.012 98.69286346435547
C11 750.022 98.79533386230469
C11 774.987 98.32957458496094
C11 799.976 97.8979721069336
C11 824.988 95.87025451660156
C11 850.022 93.65605163574219
C11 869.967 90.79265594482422
C11 875.002 89.48799133300781
C11 899.999 82.85418701171875
C11 919.999 73.73320007324219
C11 925.012 71.31257629394531
C11 949.965 57.4708251953125
C11 975.002 42.376487731933594
C11 999.976 25.82045555114746
C11 1025.028 11.08160400390625
C11 1050.014 3.8897335529327393
C11 1075.002 0.9412182880123142
C11 1099.99 0.09338681385711055
C12 319.994 39.057220458984375
C12 324.969 44.07671356201172
C12 349.982 67.59075927734375
C12 374.975 75.77767181396484
C12 400.019 83.92257690429688
C12 424.965 85.69970703125
C12 450.035 88.18878936767578
C12 475.003 89.78807067871094
C12 500.018 91.90428924560547
C12 525.002 94.65494537353516
C12 550.029 95.83574676513672
C12 575.023 96.92871856689453
C12 599.982 97.81797790527344
C12 619.997 98.86626434326172
C12 624.979 98.57319641113281
C12 650.012 98.98702239990234
C12 675.004 99.351318359375
C12 700.03 99.14718627929688
C12 725.012 98.70513153076172
C12 750.022 98.7991943359375
C12 774.987 98.32486724853516
C12 799.976 97.89265441894531
C12 824.988 95.8607177734375
C12 850.022 93.67593383789062
C12 869.967 90.87461853027344
C12 875.002 89.54873657226562
C12 899.999 82.84781646728516
C12 919.999 73.84129333496094
C12 925.012 71.46343994140625
C12 949.965 57.72706604003906
C12 975.002 42.29475021362305
C12 999.976 25.810598373413086
C12 1025.028 10.996805191040039
C12 1050.014 3.89156436920166
C12 1075.002 0.9412550667402526
C12 1099.99 0.09339046300870867
C13 319.994 39.32786178588867
C13 324.969 44.383548736572266
C13 349.982 68.02676391601562
C13 374.975 76.14949035644531
C13 400.019 84.17106628417969
C13 424.965 85.88236236572266
C13 450.035 88.33965301513672
C13 475.003 89.91925811767578
C13 500.018 92.02664184570312
C13 525.002 94.77257537841797
C13 550.029 95.94789123535156
C13 575.023 97.03498077392578
C13 599.982 97.92019653320312
C13 619.997 98.96160125732422
C13 624.979 98.6698989868164
C13 650.012 99.07888793945312
C13 675.004 99.43705749511719
C13 700.03 99.2309341430664
C13 725.012 98.78125
C13 750.022 98.87395477294922
C13 774.987 98.39537048339844
C13 799.976 97.96829223632812
C13 824.988 95.94100952148438
C13 850.022 93.77044677734375
C13 869.967 90.94763946533203
C13 875.002 89.6009521484375
C13 899.999 82.93919372558594
C13 919.999 73.98649597167969
C13 925.012 71.60386657714844
C13 949.965 57.85839080810547
C13 975.002 42.21748352050781
C13 999.976 25.768648147583008
C13 1025.028 10.971623420715332
C13 1050.014 3.9124205112457275
C13 1075.002 0.9419673057793984
C13 1099.99 0.09346113071185215
C14 319.994 39.70093536376953
C14 324.969 44.80549240112305
C14 349.982 68.64375305175781
C14 374.975 76.68570709228516
C14 400.019 84.51274871826172
C14 424.965 86.12760162353516
C14 450.035 88.5368881225586
C14 475.003 90.08940887451172
C14 500.018 92.1798324584961
C14 525.002 94.91031646728516
C14 550.029 96.07969665527344
C14 575.023 97.15865325927734
C14 599.982 98.03771209716797
C14 619.997 99.0755615234375
C14 624.979 98.78237915039062
C14 650.012 99.18871307373047
C14 675.004 99.54336547851562
C14 700.03 99.33172607421875
C14 725.012 98.88531494140625
C14 750.022 98.97899627685547
C14 774.987 98.50704193115234
C14 799.976 98.08103942871094
C14 824.988 96.06108093261719
C14 850.022 93.90901947021484
C14 869.967 91.07676696777344
C14 875.002 89.70672607421875
C14 899.999 83.22236633300781
C14 919.999 74.20364379882812
C14 925.012 71.7767333984375
C14 949.965 58.039432525634766
C14 975.002 42.184757232666016
C14 999.976 25.812210083007812
C14 1025.028 10.993086814880371
C14 1050.014 3.9453179836273193
C14 1075.002 0.9429680310031711
C14 1099.99 0.0935604217492075
C15 319.994 39.86554718017578
C15 324.969 44.99303436279297
C15 349.982 68.909912109375
C15 374.975 76.86742401123047
C15 400.019 84.53728485107422
C15 424.965 86.08340454101562
C15 450.035 88.46446990966797
C15 475.003 89.9957504272461
C15 500.018 92.07095336914062
C15 525.002 94.79342651367188
C15 550.029 95.95201110839844
C15 575.023 97.02406311035156
C15 599.982 97.89851379394531
C15 619.997 98.93171691894531
C15 624.979 98.63727569580078
C15 650.012 99.03816223144531
C15 675.004 99.38959503173828
C15 700.03 99.18038940429688
C15 725.012 98.74385070800781
C15 750.022 98.84993743896484
C15 774.987 98.39073944091797
C15 799.976 97.97510528564453
C15 824.988 95.97047424316406
C15 850.022 93.83720397949219
C15 869.967 91.00518798828125
C15 875.002 89.66285705566406
C15 899.999 83.25642395019531
C15 919.999 74.153076171875
C15 925.012 71.79078674316406
C15 949.965 57.92286682128906
C15 975.002 42.17607498168945
C15 999.976 25.80241584777832
C15 1025.028 10.987276077270508
C15 1050.014 3.9583547115325928
C15 1075.002 0.9417384935238554
C15 1099.99 0.09343842817006268
C16 319.994 40.18696975708008
C16 324.969 45.35607147216797
C16 349.982 69.42170715332031
C16 374.975 77.32661437988281
C16 400.019 84.90790557861328
C16 424.965 86.41688537597656
C16 450.035 88.78369140625
C16 475.003 90.31473541259766
C16 500.018 92.38811492919922
C16 525.002 95.11356353759766
C16 550.029 96.27070617675781
C16 575.023 97.33826446533203
C16 599.982 98.21037292480469
C16 619.997 99.23925018310547
C16 624.979 98.94770812988281
C16 650.012 99.34640502929688
C16 675.004 99.69155883789062
C16 700.03 99.48625946044922
C16 725.012 99.05487823486328
C16 750.022 99.1816635131836
C16 774.987 98.73968505859375
C16 799.976 98.33919525146484
C16 824.988 96.34088897705078
C16 850.022 94.20745086669922
C16 869.967 91.44254302978516
C16 875.002 90.11695861816406
C16 899.999 83.78571319580078
C16 919.999 74.54513549804688
C16 925.012 72.06060791015625
C16 949.965 58.145652770996094
C16 975.002 42.428401947021484
C16 999.976 25.960542678833008
C16 1025.028 11.09669303894043
C16 1050.014 4.016444683074951
C16 1075.002 0.9448988310734441
C16 1099.99 0.09375199395839041
C17 319.994 40.09206771850586
C17 324.969 45.24867248535156
C17 349.982 69.23384857177734
C17 374.975 77.06926727294922
C17 400.019 84.54756164550781
C17 424.965 86.01178741455078
C17 450.035 88.34993743896484
C17 475.003 89.85581970214844
C17 500.018 91.90919494628906
C17 525.002 94.61962127685547
C17 550.029 95.76502227783203
C17 575.023 96.82720947265625
C17 599.982 97.68846893310547
C17 619.997 98.71224975585938
C17 624.979 98.4213638305664
C17 650.012 98.81340026855469
C17 675.004 99.15907287597656
C17 700.03 98.95570373535156
C17 725.012 98.54817962646484
C17 750.022 98.70533752441406
C17 774.987 98.29074096679688
C17 799.976 97.91297912597656
C17 824.988 95.9346694946289
C17 850.022 93.84825134277344
C17 869.967 91.14041137695312
C17 875.002 89.84488677978516
C17 899.999 83.57533264160156
C17 919.999 74.34683227539062
C17 925.012 71.85437774658203
C17 949.965 57.93540954589844
C17 975.002 42.38657760620117
C17 999.976 25.949464797973633
C17 1025.028 11.146769523620605
C17 1050.014 4.062129020690918
C17 1075.002 0.9403608961185009
C17 1099.99 0.09330174422107614
