lsstCam/transmission_filter_detector/r13_s22/g_6/19700101T000000.ecsv
# %ECSV 1.0
# ---
# datatype:
# - {name: wavelength, unit: nm, datatype: float32}
# - {name: efficiency, unit: '%', datatype: float64}
# meta: !!omap
# - {MODE: DETECTOR}
# - {TYPE: transmission_filter_detector}
# - {CALIBDATE: '1970-01-01T00:00:00'}
# - {INSTRUME: LSSTCam}
# - {OBSTYPE: transmission_filter_detector}
# - {CALIBCLS: lsst.ip.isr.IntermediateFilterDetectorTransmissionCurve}
# - {SOURCE: Materion (DM-46256)}
# - {DETECTOR: 62}
# - {FILTER: g_6}
# - {CALIB_ID: 'calibDate=1970-01-01T00:00:00 filter=g_6 detector=62'}
# - {DATE: '2025-04-02T15:59:42.314029'}
# - {CALIB_CREATION_DATE: '2025-04-02'}
# - {CALIB_CREATION_TIME: '15:59:42'}
# - __serialized_columns__:
#     efficiency:
#       __class__: astropy.units.quantity.Quantity
#       unit: !astropy.units.Unit {unit: '%'}
#       value: !astropy.table.SerializedColumn {name: efficiency}
#     wavelength:
#       __class__: astropy.units.quantity.Quantity
#       unit: !astropy.units.Unit {unit: nm}
#       value: !astropy.table.SerializedColumn {name: wavelength}
# schema: astropy-2.0
wavelength efficiency
[from data line 608]
908.0 0.000494819005325553
909.0 0.00039512729017587844
910.0 0.0003826609372481471
911.0 0.0003701946070577833
912.0 0.0004669055670092348
913.0 0.000563616640647524
914.0 0.00038405501072702464
915.0 0.00020449340354389278
916.0 0.00020928382582496852
917.0 0.00021407420263130916
918.0 0.0002442647655698238
919.0 0.0002744553057709709
920.0 0.0003597936938604107
921.0 0.00044513203647511546
922.0 0.0005221487299422733
923.0 0.0005991654234094312
924.0 0.0005698781478713499
925.0 0.0005405907359090634
926.0 0.0005446706381917465
927.0 0.0005487506314238999
928.0 0.0005067400707048364
929.0 0.000464729555460508
930.0 0.0004983687631465727
931.0 0.0005320080163073726
932.0 0.0004908844857709482
933.0 0.00044976104618399404
934.0 0.00045520632738771383
935.0 0.0004606516540661687
936.0 0.0004768683993461309
937.0 0.0004930851446260931
938.0 0.000625674601906212
939.0 0.000758264059186331
940.0 0.0006205955742188962
941.0 0.0004829269528272562
942.0 0.0006716100415360415
943.0 0.0008602931302448269
944.0 0.0007697362889302894
945.0 0.0006791793566662818
946.0 0.000632384490018012
947.0 0.0005855895778950071
948.0 0.0009200573913403787
949.0 0.0012545253412099555
950.0 0.001062218962033512
951.0 0.0008699125828570686
952.0 0.0008684001841174904
953.0 0.0008668877853779122
954.0 0.0008150030225806404
955.0 0.0007631182597833686
956.0 0.0006691637281619478
957.0 0.0005752089691668516
958.0 0.0007553245268354658
959.0 0.0009354402209282853
960.0 0.0007126523541955976
961.0 0.0004898643510387046
962.0 0.0005396366759669036
963.0 0.0005894089554203674
964.0 0.0006475382633652771
965.0 0.0007056674803607166
966.0 0.0007650366569578182
967.0 0.0008244058335549198
968.0 0.0007697097316849977
969.0 0.0007150135388656054
970.0 0.0007368817023234442
971.0 0.0007587499112560181
972.0 0.0008031093784666155
973.0 0.0008474688911519479
974.0 0.0007829655260138679
975.0 0.0007184624791989336
976.0 0.0007733985512459185
977.0 0.0008283350325655192
978.0 0.0009180062988889404
979.0 0.0010076777471113019
980.0 0.0010247109457850456
981.0 0.0010417443263577297
982.0 0.0009476083505433053
983.0 0.0008534721928299405
984.0 0.0008803473974694498
985.0 0.0009072228749573696
986.0 0.0010722685146902222
987.0 0.0012373141544230748
988.0 0.0012584620890265796
989.0 0.0012796098417311441
990.0 0.0013207024494477082
991.0 0.0013617951481137425
992.0 0.001326929486822337
993.0 0.0012920638255309314
994.0 0.0012679082828981336
995.0 0.0012437526493158657
996.0 0.0012186803360236809
997.0 0.001193608022731496
998.0 0.0013373361980484333
999.0 0.0014810642824159004
1000.0 0.0013637138181366026
1001.0 0.0012463629900594242
1002.0 0.0011600027391978074
1003.0 0.0010736425792856608
1004.0 0.0011144063137180638
1005.0 0.0011551698662515264
1006.0 0.0013563626453105826
1007.0 0.001557555515319109
1008.0 0.0015935773262754083
1009.0 0.0016295996829285286
1010.0 0.001747781971062068
1011.0 0.0018659646229934879
1012.0 0.0020372637663967907
1013.0 0.002208563091699034
1014.0 0.0021816420485265553
1015.0 0.0021547213691519573
1016.0 0.002516935273888521
1017.0 0.0028791497243219055
1018.0 0.00308690796373412
1019.0 0.0032946660212473944
1020.0 0.0033795557101257145
1021.0 0.003464445035206154
1022.0 0.003778518657782115
1023.0 0.004092592280358076
1024.0 0.004195103610982187
1025.0 0.004297614577808417
1026.0 0.0045147295168135315
1027.0 0.004731844455818646
1028.0 0.004756973794428632
1029.0 0.004782103133038618
1030.0 0.004894896483165212
1031.0 0.005007689469493926
1032.0 0.005362185765989125
1033.0 0.005716682062484324
1034.0 0.005558028715313412
1035.0 0.005399375731940381
1036.0 0.005490948387887329
1037.0 0.0055825210438342765
1038.0 0.005796300320071168
1039.0 0.00601007959630806
1040.0 0.006428032793337479
1041.0 0.006845984898973256
1042.0 0.007021769852144644
1043.0 0.007197553350124508
1044.0 0.007432868733303621
1045.0 0.00766818193369545
1046.0 0.008700393664184958
1047.0 0.009732605394674465
1048.0 0.011253212142037228
1049.0 0.012773816706612706
1050.0 0.015372892084997147
1051.0 0.017971964552998543
1052.0 0.021683696832042187
1053.0 0.025395434931851923
1054.0 0.03045944031327963
1055.0 0.035523445694707334
1056.0 0.04256539396010339
1057.0 0.049607333494350314
1058.0 0.05741569329984486
1059.0 0.06522404146380723
1060.0 0.07273640367202461
1061.0 0.08024874259717762
1062.0 0.08756043971516192
1063.0 0.09487210190854967
1064.0 0.10059551568701863
1065.0 0.10631890036165714
1066.0 0.11244934285059571
1067.0 0.11857979698106647
1068.0 0.12570207472890615
1069.0 0.1328243757598102
1070.0 0.14327425742521882
1071.0 0.15372413909062743
1072.0 0.16585325356572866
1073.0 0.17798233311623335
1074.0 0.19055161392316222
1075.0 0.2031209645792842
1076.0 0.21564913913607597
1077.0 0.22817731369286776
1078.0 0.24172542616724968
1079.0 0.2552734920755029
1080.0 0.27242288924753666
1081.0 0.28957228641957045
1082.0 0.3182346932590008
1083.0 0.3468971233814955
1084.0 0.3870778251439333
1085.0 0.42725857347249985
1086.0 0.463106669485569
1087.0 0.49895476549863815
1088.0 0.5631658248603344
1089.0 0.6273768842220306
1090.0 0.705620413646102
1091.0 0.7838639430701733
1092.0 0.8160636760294437
1093.0 0.8482632227241993
1094.0 0.8893098682165146
1095.0 0.9303561411798
1096.0 0.9816296398639679
1097.0 1.0329032316803932
1098.0 1.0667587630450726
1099.0 1.1006144806742668
1100.0 1.2814349494874477
1101.0 1.4622549526393414
