lsstCam/transmission_filter_detector/r13_s22/g_6/19700101T000000.ecsv
# %ECSV 1.0
# ---
# datatype:
# - {name: wavelength, unit: nm, datatype: float32}
# - {name: efficiency, unit: '%', datatype: float64}
# meta: !!omap
# - {MODE: DETECTOR}
# - {TYPE: transmission_filter_detector}
# - {CALIBDATE: '1970-01-01T00:00:00'}
# - {INSTRUME: LSSTCam}
# - {OBSTYPE: transmission_filter_detector}
# - {CALIBCLS: lsst.ip.isr.IntermediateFilterDetectorTransmissionCurve}
# - {SOURCE: Materion (DM-46256)}
# - {DETECTOR: 62}
# - {FILTER: g_6}
# - {CALIB_ID: 'calibDate=1970-01-01T00:00:00 filter=g_6 detector=62'}
# - {DATE: '2025-04-02T15:59:42.314029'}
# - {CALIB_CREATION_DATE: '2025-04-02'}
# - {CALIB_CREATION_TIME: '15:59:42'}
# - __serialized_columns__:
#     efficiency:
#       __class__: astropy.units.quantity.Quantity
#       unit: !astropy.units.Unit {unit: '%'}
#       value: !astropy.table.SerializedColumn {name: efficiency}
#     wavelength:
#       __class__: astropy.units.quantity.Quantity
#       unit: !astropy.units.Unit {unit: nm}
#       value: !astropy.table.SerializedColumn {name: wavelength}
# schema: astropy-2.0
wavelength efficiency
300.0 0.5047074053436518
301.0 0.3756748978048563
302.0 0.24664232041686773
303.0 0.21893044468015432
304.0 0.19121853401884437
305.0 0.20249031949788332
306.0 0.2137620933353901
307.0 0.21884171292185783
308.0 0.2239213092252612
309.0 0.22090456914156675
310.0 0.21788787562400103
311.0 0.21141739562153816
312.0 0.20494693890213966
313.0 0.20131194032728672
314.0 0.19767694175243378
315.0 0.1887915306724608
316.0 0.17990615451708436
317.0 0.17905388958752155
318.0 0.1782016595825553
319.0 0.1623075339011848
320.0 0.14641337329521775
321.0 0.14115060912445188
322.0 0.13588783331215382
323.0 0.11604652972891927
324.0 0.09620525524951518
325.0 0.08775363094173372
326.0 0.07930200663395226
327.0 0.07149512530304492
328.0 0.06368823815137148
329.0 0.06176852039061487
330.0 0.05984879098832607
331.0 0.05522639839909971
332.0 0.05060400580987334
333.0 0.047422622446902096
334.0 0.04424123908393085
335.0 0.042691826820373535
336.0 0.041142411646433175
337.0 0.04174381901975721
338.0 0.042345229303464293
339.0 0.040898582665249705
340.0 0.03945193893741816
341.0 0.037696570507250726
342.0 0.03594120207708329
343.0 0.03240744990762323
344.0 0.02887370064854622
345.0 0.025500089395791292
346.0 0.022126478143036366
347.0 0.02096335665555671
348.0 0.019800230802502483
349.0 0.018202092905994505
350.0 0.614097947254777
351.0 1.2171830981969833
352.0 0.9716189466416836
353.0 0.9779649786651134
354.0 0.7382824551314116
355.0 1.0368548333644867
356.0 0.5192678887397051
357.0 0.8001099340617657
358.0 0.646970234811306
359.0 0.8087852969765663
360.0 0.5954029969871044
361.0 0.7224064320325851
362.0 0.6254802457988262
363.0 0.785283837467432
364.0 0.5070039071142673
365.0 0.8340464904904366
366.0 0.49212295562028885
367.0 0.5886485800147057
368.0 0.4708008375018835
369.0 0.6603082176297903
370.0 0.5328159313648939
371.0 0.5737205035984516
372.0 0.4431299865245819
373.0 0.6597646046429873
374.0 0.36904250737279654
375.0 0.5838437937200069
376.0 0.3774723503738642
377.0 0.5819832440465689
378.0 0.342525658197701
379.0 0.5628740414977074
380.0 0.3886409103870392
381.0 0.54984618909657
382.0 0.46363421715795994
383.0 0.5464575253427029
384.0 0.5411133635789156
385.0 0.6041103508323431
386.0 0.6445361766964197
387.0 0.7245360873639584
388.0 0.8565940894186497
389.0 1.2050890363752842
390.0 1.6661537811160088
391.0 2.570863999426365
392.0 4.087914153933525
393.0 6.497438997030258
394.0 9.86068919301033
395.0 14.387248456478119
396.0 20.037737488746643
397.0 27.1307110786438
398.0 35.48900783061981
399.0 44.61795389652252
400.0 54.17457818984985
401.0 63.22440505027771
402.0 71.68154716491699
403.0 79.01224493980408
404.0 84.43078398704529
405.0 88.55690360069275
406.0 90.86429476737976
407.0 92.80697107315063
408.0 93.84512305259705
409.0 94.4227933883667
410.0 94.65520977973938
411.0 94.53127384185791
412.0 94.19974088668823
413.0 93.91714930534363
414.0 93.75765919685364
415.0 93.89675259590149
416.0 94.19703483581543
417.0 94.581538438797
418.0 95.1327919960022
419.0 95.67373991012573
420.0 96.21158242225647
421.0 96.73203825950623
422.0 96.89728617668152
423.0 97.15063571929932
424.0 96.96322083473206
425.0 96.86082601547241
426.0 96.82313203811646
427.0 96.86900973320007
428.0 96.69892191886902
429.0 96.51409387588501
430.0 96.3387131690979
431.0 96.36252522468567
432.0 96.42024636268616
433.0 96.48052453994751
434.0 96.58160209655762
435.0 96.73849940299988
436.0 96.78383469581604
437.0 96.79868817329407
438.0 96.85077667236328
439.0 96.9222903251648
440.0 96.92369103431702
441.0 97.02228903770447
442.0 96.973317861557
443.0 97.0263123512268
444.0 96.95094227790833
445.0 96.7190146446228
446.0 96.58559560775757
447.0 96.37369513511658
448.0 96.37956619262695
449.0 96.53701782226562
450.0 96.77765369415283
451.0 96.95407152175903
452.0 97.14975953102112
453.0 97.29599952697754
454.0 97.33436107635498
455.0 97.63346910476685
456.0 97.73023724555969
457.0 97.86391854286194
458.0 97.82034754753113
459.0 97.89120554924011
460.0 97.92484045028687
461.0 98.08624982833862
462.0 97.98153638839722
463.0 97.90900945663452
464.0 98.06165099143982
465.0 97.9624330997467
466.0 97.96934127807617
467.0 97.94788956642151
468.0 97.9662537574768
469.0 98.03268909454346
470.0 97.89878129959106
471.0 97.78304696083069
472.0 97.81880378723145
473.0 97.70268201828003
474.0 97.58687615394592
475.0 97.66170382499695
476.0 97.6127028465271
477.0 97.69232869148254
478.0 97.74311184883118
479.0 97.72951602935791
480.0 97.88698554039001
481.0 97.95579314231873
482.0 98.14267158508301
483.0 98.05405735969543
484.0 98.24076890945435
485.0 98.25605154037476
486.0 98.28463196754456
487.0 98.34619164466858
488.0 98.34443926811218
489.0 98.43331575393677
490.0 98.37050437927246
491.0 98.3912467956543
492.0 98.2775330543518
493.0 98.28396439552307
494.0 98.29504489898682
495.0 98.33142757415771
496.0 98.14120531082153
497.0 98.08838963508606
498.0 97.87268042564392
499.0 97.93664216995239
500.0 97.84330129623413
501.0 97.81355857849121
502.0 97.73297309875488
503.0 97.87408709526062
504.0 97.68314957618713
505.0 97.71140217781067
506.0 97.73233532905579
507.0 97.68028855323792
508.0 97.72729277610779
509.0 97.70147204399109
510.0 97.64807224273682
511.0 97.63351082801819
512.0 97.54381775856018
513.0 97.62632846832275
514.0 97.60053157806396
515.0 97.60279059410095
516.0 97.699636220932
517.0 97.69520163536072
518.0 97.7855384349823
519.0 97.78699278831482
520.0 97.84266352653503
521.0 97.96416163444519
522.0 97.9745626449585
523.0 97.92322516441345
524.0 97.97953963279724
525.0 97.94578552246094
526.0 98.07803630828857
527.0 98.06525111198425
528.0 98.16835522651672
529.0 98.26566576957703
530.0 98.23187589645386
531.0 98.39965105056763
532.0 98.32491874694824
533.0 98.28404188156128
534.0 98.2997715473175
535.0 98.1454849243164
536.0 97.81189560890198
537.0 97.30857610702515
538.0 96.55933976173401
539.0 95.23022770881653
540.0 93.56328248977661
541.0 90.99340438842773
542.0 88.30206990242004
543.0 84.70475673675537
544.0 80.17195463180542
545.0 76.13181471824646
546.0 71.19948267936707
547.0 66.58546328544617
548.0 62.01423406600952
549.0 57.83168077468872
550.0 54.5737087726593
551.0 51.38285160064697
552.0 48.967838287353516
553.0 46.45988643169403
554.0 43.635958433151245
555.0 40.52586257457733
556.0 36.35794222354889
557.0 31.538724899291992
558.0 26.20607018470764
559.0 20.86087167263031
560.0 15.649594366550446
561.0 10.782015323638916
562.0 7.022517174482346
563.0 4.1803136467933655
564.0 2.322365716099739
565.0 1.1471889913082123
566.0 0.5977046675980091
567.0 0.3151058219373226
568.0 0.19454964203760028
569.0 0.10741411242634058
570.0 0.08646196220070124
571.0 0.05654269480146468
572.0 0.06257919012568891
573.0 0.044584248098544776
574.0 0.043280806858092546
575.0 0.031070451950654387
576.0 0.042643456254154444
577.0 0.01865197846200317
578.0 0.03262738173361868
579.0 0.024238103651441634
580.0 0.027954357210546732
581.0 0.027149656671099365
582.0 0.017446369747631252
583.0 0.020810271962545812
584.0 0.02588301431387663
585.0 0.012914922263007611
586.0 0.025571321020834148
587.0 0.017521489644423127
588.0 0.02450753527227789
589.0 0.01948701828951016
590.0 0.015129704843275249
591.0 0.019335607066750526
592.0 0.007695051317568868
593.0 0.010693800868466496
594.0 0.025210779858753085
595.0 0.011200197332073003
596.0 0.012831841013394296
597.0 0.011582051956793293
598.0 0.012628146214410663
599.0 0.0070112524554133415
600.0 0.0038852671423228458
601.0 0.0025305571398348548
602.0 0.0025400402591913007
603.0 0.0025495231966488063
604.0 0.0022836973585071974
605.0 0.0020178717022645287
606.0 0.0020669294826802798
607.0 0.0021159870811970904
608.0 0.0019652894479804672
609.0 0.001814591814763844
610.0 0.0019044740838580765
611.0 0.0019943561710533686
612.0 0.001866420279839076
613.0 0.0017384849343216047
614.0 0.0017940217730938457
615.0 0.0018495593394618481
616.0 0.0019268962205387652
617.0 0.0020042332835146226
618.0 0.0018855020243790932
619.0 0.0017667709471425042
620.0 0.0017499412933830172
621.0 0.001733112003421411
622.0 0.0016483705621794797
623.0 0.0015636291209375486
624.0 0.0015622890714439563
625.0 0.0015609490219503641
626.0 0.001465501554775983
627.0 0.0013700544513994828
628.0 0.001457881535316119
629.0 0.0015457091649295762
630.0 0.0014072957128519192
631.0 0.0012688818969763815
632.0 0.0013922933248977643
633.0 0.0015157043890212663
634.0 0.0014384268069989048
635.0 0.0013611487702291925
636.0 0.0013823785593558569
637.0 0.0014036088941793423
638.0 0.0013441197552310769
639.0 0.0012846305253333412
640.0 0.0011713013918779325
641.0 0.0010579719855741132
642.0 0.0013158546607883181
643.0 0.0015737374269519933
644.0 0.0014053854101803154
645.0 0.001237033120560227
646.0 0.0012380048246996012
647.0 0.0012389767107379157
648.0 0.0011828190508822445
649.0 0.001126661300077103
650.0 0.0013055539966444485
651.0 0.0014844461475149728
652.0 0.001196284756588284
653.0 0.0009081234566110652
654.0 0.0010598065273370594
655.0 0.001211489779961994
656.0 0.0012240294381626882
657.0 0.0012365691873128526
658.0 0.0011276786608505063
659.0 0.0010187885891355108
660.0 0.0008973812327894848
661.0 0.0007759738764434587
662.0 0.000953275230131112
663.0 0.0011305768566671759
664.0 0.0011671872016449925
665.0 0.0012037973647238687
666.0 0.0011630096196313389
667.0 0.0011222215107409284
668.0 0.001208045068779029
669.0 0.0012938686268171296
670.0 0.0012469214198063128
671.0 0.001199974212795496
672.0 0.0011929942957067396
673.0 0.0011860141057695728
674.0 0.001146054819400888
675.0 0.0011060953511332627
676.0 0.001055674692906905
677.0 0.0010052537618321367
678.0 0.001108343440137105
679.0 0.0012114332093915436
680.0 0.0010783749530673958
681.0 0.0009453165148443077
682.0 0.0010280496098857839
683.0 0.00111078270492726
684.0 0.0010062800356536172
685.0 0.0009017773663799744
686.0 0.0010459055374667514
687.0 0.0011900336176040582
688.0 0.00116306664494914
689.0 0.0011360995813447516
690.0 0.0010301612746843603
691.0 0.0009242228770744987
692.0 0.0009182808753394056
693.0 0.0009123389645537827
694.0 0.001026659992930945
695.0 0.0011409809303586371
696.0 0.0011574456038943026
697.0 0.0011739099136320874
698.0 0.0013073720765532926
699.0 0.0014408342394744977
700.0 0.001201883060275577
701.0 0.0009629316991777159
702.0 0.001127411815105006
703.0 0.001291891749133356
704.0 0.0012668509043578524
705.0 0.0012418097867339384
706.0 0.0012017355402349494
707.0 0.001161661566584371
708.0 0.0011081807315349579
709.0 0.001054700078384485
710.0 0.0011250403076701332
711.0 0.001195380900753662
712.0 0.0011741599337256048
713.0 0.0011529390576470178
714.0 0.0012117500773456413
715.0 0.0012705613698926754
716.0 0.0014810124412178993
717.0 0.001691463876341004
718.0 0.0019494073058012873
719.0 0.0022073505533626303
720.0 0.001821401747292839
721.0 0.0014354526683746371
722.0 0.0015761157555971295
723.0 0.0017167792975669727
724.0 0.0016994546967907809
725.0 0.0016821299141156487
726.0 0.0018520824596635066
727.0 0.0020220350052113645
728.0 0.00209629833989311
729.0 0.0021705616745748557
730.0 0.002074930307571776
731.0 0.0019792993043665774
732.0 0.0018550688764662482
733.0 0.0017308386304648593
734.0 0.0015671865185140632
735.0 0.0014035349522600882
736.0 0.00122466644825181
737.0 0.0010457977623445913
738.0 0.000995891332422616
739.0 0.0009459848115511704
740.0 0.0008686291039339267
741.0 0.0007912733053672127
742.0 0.0007808428563294001
743.0 0.0007704123163421173
744.0 0.0008686563887749799
745.0 0.0009669005521573126
746.0 0.0009770024007593747
747.0 0.0009871042493614368
748.0 0.0011431403436290566
749.0 0.0012991765288461465
750.0 0.0010455411938892212
751.0 0.0007919062227301765
752.0 0.0007380935585388215
753.0 0.000684281121721142
754.0 0.0008107926078082528
755.0 0.0009373041393700987
756.0 0.0009390792001795489
757.0 0.000940854170039529
758.0 0.0008840824193612207
759.0 0.0008273109415313229
760.0 0.0007073394954204559
761.0 0.0005873679583601188
762.0 0.0006437214324250817
763.0 0.0007000747700658394
764.0 0.0008273134881164879
765.0 0.0009545524335408118
766.0 0.0008235041605075821
767.0 0.0006924560693732928
768.0 0.0006173951987875625
769.0 0.0005423343282018322
770.0 0.000411616611017962
771.0 0.0002808989393088268
772.0 0.0004944266038364731
773.0 0.0007079543593135895
774.0 0.0008244203854701482
775.0 0.0009408864571014419
776.0 0.0008440402780252043
777.0 0.0007471940534742316
778.0 0.0006967778517719125
779.0 0.0006463616955443285
780.0 0.0006119467798271216
781.0 0.0005775318641099147
782.0 0.0005473242254083743
783.0 0.0005171164502826286
784.0 0.000694472737450269
785.0 0.0008718289791431744
786.0 0.0007700290552747902
787.0 0.0006682294042548165
788.0 0.0004256768079358153
789.0 0.0001831243480410194
790.0 0.00020516797576419776
791.0 0.00022721155801264104
792.0 0.0002573699248387129
793.0 0.0002875283144021523
794.0 0.00025604649636079557
795.0 0.00022456470105680637
796.0 0.00033562505450390745
797.0 0.00044668536247627344
798.0 0.0005204924036661396
799.0 0.0005942994448560057
800.0 0.0005477763352246257
801.0 0.0005012533165427158
802.0 0.0004163031917414628
803.0 0.00033135315788968
804.0 0.0003167191380271106
805.0 0.0003020852091140114
806.0 0.0003206669589417288
807.0 0.0003392487315068138
808.0 0.000449781555289519
809.0 0.0005603144018095918
810.0 0.0003827577984338859
811.0 0.00020520117232081247
812.0 0.00033767876175261335
813.0 0.0004701562829723116
814.0 0.0004513063686317764
815.0 0.00043245649976597633
816.0 0.0005630266514344839
817.0 0.0006935966666787863
818.0 0.00048419951781397685
819.0 0.00027480243716127006
820.0 0.00040107074710249435
821.0 0.0005273390343063511
822.0 0.00043724880924855825
823.0 0.00034715860692813294
824.0 0.00043378627196943853
825.0 0.0005204138687986415
826.0 0.0006096172910474706
827.0 0.0006988206678215647
828.0 0.0005970520305709215
829.0 0.0004952833023708081
830.0 0.0003948193807445932
831.0 0.0002943554363810108
832.0 0.0005094375410408247
833.0 0.0007245194865390658
834.0 0.0005623455308523262
835.0 0.00040017157516558655
836.0 0.0004577602339850273
837.0 0.0005153489837539382
838.0 0.0004732502929982729
839.0 0.0004311516477173427
840.0 0.0005426115421869326
841.0 0.0006540713911817875
842.0 0.0003527234639477683
843.0 5.137540597388579e-05
844.0 0.0001049616571435763
845.0 0.00015854790262892493
846.0 0.00043334043766662944
847.0 0.0007081330750224879
848.0 0.0005982551101624267
849.0 0.0004883772362518357
850.0 0.0004990081833966542
851.0 0.0005096391305414727
852.0 0.0005761393822467653
853.0 0.0006426392701541772
854.0 0.0006299695996858645
855.0 0.0006172997473186115
856.0 0.0005637800768454326
857.0 0.000510260497321724
858.0 0.0005210331437410787
859.0 0.0005318058356351685
860.0 0.0005634984518110286
861.0 0.0005951910225121537
862.0 0.0005328935912984889
863.0 0.00047059620555955917
864.0 0.0004472731234272942
865.0 0.00042394999582029413
866.0 0.00043966565499431454
867.0 0.00045538135964307003
868.0 0.000637401535641402
869.0 0.000819421711639734
870.0 0.0006437135198211763
871.0 0.00046800514610367827
872.0 0.00037111124129296513
873.0 0.00027421722279541427
874.0 0.00040355116652790457
875.0 0.0005328850875230273
876.0 0.0006369667971739545
877.0 0.0007410484158754116
878.0 0.0007242595529532991
879.0 0.0007074706445564516
880.0 0.0007095260571077233
881.0 0.0007115817879821407
882.0 0.0006083417702029692
883.0 0.0005051020252722083
884.0 0.0005591876288235653
885.0 0.0006132734597485978
886.0 0.0006799589300499065
887.0 0.0007466446731996257
888.0 0.0006113743893365609
889.0 0.0004761041964229662
890.0 0.0004915484169032425
891.0 0.0005069928192824591
892.0 0.0005093482741358457
893.0 0.0005117038199387025
894.0 0.00048798424359119963
895.0 0.00046426466724369675
896.0 0.0002846955339919077
897.0 0.00010512641210880247
898.0 0.0002773780806819559
899.0 0.0004496297606237931
900.0 0.0003901324816979468
901.0 0.00033063520277210046
902.0 0.0005662401690642582
903.0 0.0008018451808311511
904.0 0.00043302802623657044
905.0 6.42107863768615e-05
906.0 0.0003293607960586087
