lsstCam/transmission_filter_detector/r01_s00/i_39/19700101T000000.ecsv
# %ECSV 1.0
# ---
# datatype:
# - {name: wavelength, unit: nm, datatype: float32}
# - {name: efficiency, unit: '%', datatype: float64}
# meta: !!omap
# - {MODE: DETECTOR}
# - {TYPE: transmission_filter_detector}
# - {CALIBDATE: '1970-01-01T00:00:00'}
# - {INSTRUME: LSSTCam}
# - {OBSTYPE: transmission_filter_detector}
# - {CALIBCLS: lsst.ip.isr.IntermediateFilterDetectorTransmissionCurve}
# - {SOURCE: Materion (DM-46256)}
# - {DETECTOR: 0}
# - {FILTER: i_39}
# - {CALIB_ID: 'calibDate=1970-01-01T00:00:00 filter=i_39 detector=0'}
# - {DATE: '2025-04-02T15:59:46.478182'}
# - {CALIB_CREATION_DATE: '2025-04-02'}
# - {CALIB_CREATION_TIME: '15:59:46'}
# - __serialized_columns__:
#     efficiency:
#       __class__: astropy.units.quantity.Quantity
#       unit: !astropy.units.Unit {unit: '%'}
#       value: !astropy.table.SerializedColumn {name: efficiency}
#     wavelength:
#       __class__: astropy.units.quantity.Quantity
#       unit: !astropy.units.Unit {unit: nm}
#       value: !astropy.table.SerializedColumn {name: wavelength}
# schema: astropy-2.0
wavelength efficiency
[from data line 597]
897.0 2.6926598971355187e-10
898.0 2.6926598971355187e-10
899.0 2.6926598971355187e-10
900.0 2.6926598971355187e-10
901.0 2.6926598971355187e-10
902.0 2.6926598971355187e-10
903.0 2.6926598971355187e-10
904.0 2.6926598971355187e-10
905.0 2.6926598971355187e-10
906.0 2.6926598971355187e-10
907.0 4.8523656914767344e-05
908.0 0.0002241134325231542
909.0 2.6926598971355187e-10
910.0 2.6926598971355187e-10
911.0 2.6926598971355187e-10
912.0 9.439098676011781e-05
913.0 0.00011901552170456853
914.0 0.00014364005664901924
915.0 2.1414079753867554e-05
916.0 2.6926598971355187e-10
917.0 2.6926598971355187e-10
918.0 2.6926598971355187e-10
919.0 2.6926598971355187e-10
920.0 0.00010499672953301342
921.0 2.8914729455209454e-05
922.0 2.6926598971355187e-10
923.0 2.6926598971355187e-10
924.0 2.6926598971355187e-10
925.0 8.21558444386028e-05
926.0 0.0003337969246786088
927.0 3.7982960066074156e-05
928.0 2.6926598971355187e-10
929.0 2.6926598971355187e-10
930.0 0.00014242434644984314
931.0 0.0001246932242793264
932.0 0.00010696209074012586
933.0 0.00011281525758022326
934.0 0.00011866845852637198
935.0 2.6926598971355187e-10
936.0 2.6926598971355187e-10
937.0 2.6926598971355187e-10
938.0 2.6926598971355187e-10
939.0 2.6926598971355187e-10
940.0 2.6926598971355187e-10
941.0 2.6926598971355187e-10
942.0 5.930183277769174e-06
943.0 2.6926598971355187e-10
944.0 2.6926598971355187e-10
945.0 2.6926598971355187e-10
946.0 2.6926598971355187e-10
947.0 2.6926598971355187e-10
948.0 9.622453234214845e-06
949.0 2.6926598971355187e-10
950.0 2.6926598971355187e-10
951.0 2.6926598971355187e-10
952.0 2.6926598971355187e-10
953.0 2.6926598971355187e-10
954.0 2.6926598971355187e-10
955.0 0.00010590807733024121
956.0 0.000387265481549548
957.0 0.0002687973392312415
958.0 0.0001503291628068837
959.0 0.00017113775356847327
960.0 0.00019194637843611417
961.0 0.00024332982775376877
962.0 0.00029471332254615845
963.0 0.0001456988456993713
964.0 2.6926598971355187e-10
965.0 2.6926598971355187e-10
966.0 2.6926598971355187e-10
967.0 2.6926598971355187e-10
968.0 2.6926598971355187e-10
969.0 2.6926598971355187e-10
970.0 2.32401902167112e-05
971.0 2.6926598971355187e-10
972.0 2.6926598971355187e-10
973.0 2.6926598971355187e-10
974.0 2.6926598971355187e-10
975.0 2.6926598971355187e-10
976.0 2.6926598971355187e-10
977.0 2.6926598971355187e-10
978.0 2.6926598971355187e-10
979.0 2.6926598971355187e-10
980.0 2.6926598971355187e-10
981.0 2.6926598971355187e-10
982.0 2.6926598971355187e-10
983.0 2.6926598971355187e-10
984.0 2.6926598971355187e-10
985.0 5.916169243391778e-05
986.0 0.0002526414391468279
987.0 2.6926598971355187e-10
988.0 2.6926598971355187e-10
989.0 2.6926598971355187e-10
990.0 2.6926598971355187e-10
991.0 2.6926598971355187e-10
992.0 2.6926598971355187e-10
993.0 2.6926598971355187e-10
994.0 4.27733169772182e-05
995.0 2.6926598971355187e-10
996.0 2.6926598971355187e-10
997.0 6.717489213770023e-05
998.0 0.0003800643526119529
999.0 0.00034911777220258955
1000.0 0.00031817119179322617
1001.0 0.00012098429351681261
1002.0 2.6926598971355187e-10
1003.0 4.840991323362687e-05
1004.0 0.00017302251080764108
1005.0 2.6926598971355187e-10
1006.0 2.6926598971355187e-10
1007.0 2.6926598971355187e-10
1008.0 0.00011353520221746294
1009.0 3.1749178219797614e-05
1010.0 2.6926598971355187e-10
1011.0 3.277743587659643e-05
1012.0 0.00011559172889974434
1013.0 0.00030973171760706464
1014.0 0.00050387175178912
1015.0 0.0003679044311866164
1016.0 0.000231937201533583
1017.0 0.00036836629533354426
1018.0 0.0005047955710324459
1019.0 0.0003700005891005276
1020.0 0.0002352055616938742
1021.0 0.0001378207230118278
1022.0 4.043585590807197e-05
1023.0 0.0004390313733892981
1024.0 0.0008376269761356525
1025.0 0.0006922806733200559
1026.0 0.0005469343250297243
1027.0 0.0005381447863328503
1028.0 0.0005293553385854466
1029.0 0.000869174073159229
1030.0 0.0012089928532077465
1031.0 0.001954065555764828
1032.0 0.0026991379854734987
1033.0 0.0027867710741702467
1034.0 0.0028744034352712333
1035.0 0.003326955993543379
1036.0 0.003779508188017644
1037.0 0.0038125352148199454
1038.0 0.003845562241622247
1039.0 0.0030303704988909885
1040.0 0.0022151793018565513
1041.0 0.0016851812688400969
1042.0 0.0011551832358236425
1043.0 0.0017981759810936637
1044.0 0.0024411683625658043
1045.0 0.0029563301723101176
1046.0 0.003471492527751252
1047.0 0.0033860527764772996
1048.0 0.0033006126614054665
1049.0 0.0028712614948744886
1050.0 0.0024419101464445703
1051.0 0.002768187732726801
1052.0 0.0030944655009079725
1053.0 0.0020771643903572112
1054.0 0.0010598630979075097
1055.0 0.0007619327789143426
1056.0 0.00046400227802223526
1057.0 0.0007438802640535869
1058.0 0.0010237583410344087
1059.0 0.0010453478353156243
1060.0 0.0010669376024452504
1061.0 0.0017624481188249774
1062.0 0.0024579581804573536
1063.0 0.0027268850317341276
1064.0 0.0029958118830109015
1065.0 0.003341379124321975
1066.0 0.003686946729430929
1067.0 0.0046796732931397855
1068.0 0.005672400220646523
1069.0 0.004619288301910274
1070.0 0.003566176019376144
1071.0 0.0031664651032770053
1072.0 0.002766754369076807
1073.0 0.0025233628548448905
1074.0 0.0022799709768150933
1075.0 0.0021752097381977364
1076.0 0.002070448135782499
1077.0 0.001349367175862426
1078.0 0.0006282860340434127
1079.0 0.0011894057934114244
1080.0 0.0017505257346783765
1081.0 0.0008871325917425565
1082.0 2.3739177379411558e-05
1083.0 2.6926598971355187e-10
1084.0 2.6926598971355187e-10
1085.0 0.00044884332055517007
1086.0 0.0010193913112743758
1087.0 0.0013107911399856675
1088.0 0.0016021911505958997
1089.0 2.6926598971355187e-10
1090.0 2.6926598971355187e-10
1091.0 2.6926598971355187e-10
1092.0 2.6926598971355187e-10
1093.0 2.6926598971355187e-10
1094.0 0.0003560540790203959
1095.0 0.0002091629539791029
1096.0 6.227191988728009e-05
1097.0 2.6926598971355187e-10
1098.0 2.6926598971355187e-10
1099.0 2.6926598971355187e-10
1100.0 0.0001562560782986111
