lsstCam/transmission_filter_detector/r01_s00/i_39/19700101T000000.ecsv
# %ECSV 1.0
# ---
# datatype:
# - {name: wavelength, unit: nm, datatype: float32}
# - {name: efficiency, unit: '%', datatype: float64}
# meta: !!omap
# - {MODE: DETECTOR}
# - {TYPE: transmission_filter_detector}
# - {CALIBDATE: '1970-01-01T00:00:00'}
# - {INSTRUME: LSSTCam}
# - {OBSTYPE: transmission_filter_detector}
# - {CALIBCLS: lsst.ip.isr.IntermediateFilterDetectorTransmissionCurve}
# - {SOURCE: Materion (DM-46256)}
# - {DETECTOR: 0}
# - {FILTER: i_39}
# - {CALIB_ID: 'calibDate=1970-01-01T00:00:00 filter=i_39 detector=0'}
# - {DATE: '2025-04-02T15:59:46.478182'}
# - {CALIB_CREATION_DATE: '2025-04-02'}
# - {CALIB_CREATION_TIME: '15:59:46'}
# - __serialized_columns__:
#     efficiency:
#       __class__: astropy.units.quantity.Quantity
#       unit: !astropy.units.Unit {unit: '%'}
#       value: !astropy.table.SerializedColumn {name: efficiency}
#     wavelength:
#       __class__: astropy.units.quantity.Quantity
#       unit: !astropy.units.Unit {unit: nm}
#       value: !astropy.table.SerializedColumn {name: wavelength}
# schema: astropy-2.0
wavelength efficiency
300.0 0.0910079397726804
301.0 0.05456162616610527
302.0 0.018115347484126687
303.0 0.031830219086259604
304.0 0.045545087778009474
305.0 0.03536829317454249
306.0 0.025191501481458545
307.0 0.009625017264625058
308.0 2.6926598971355187e-10
309.0 2.6926598971355187e-10
310.0 2.6926598971355187e-10
311.0 2.6926598971355187e-10
312.0 0.0009378576578455977
313.0 2.6926598971355187e-10
314.0 2.6926598971355187e-10
315.0 2.6926598971355187e-10
316.0 2.6926598971355187e-10
317.0 2.6926598971355187e-10
318.0 2.6926598971355187e-10
319.0 2.6926598971355187e-10
320.0 2.6926598971355187e-10
321.0 2.6926598971355187e-10
322.0 2.6926598971355187e-10
323.0 2.6926598971355187e-10
324.0 2.6926598971355187e-10
325.0 2.6926598971355187e-10
326.0 2.6926598971355187e-10
327.0 2.6926598971355187e-10
328.0 0.003193991506122984
329.0 0.0027706835680874065
330.0 0.00234737617574865
331.0 0.0019928613255615346
332.0 0.0016383470210712403
333.0 0.0027258918635197915
334.0 0.0038134367059683427
335.0 0.0028349380954750814
336.0 0.0018564411220722832
337.0 0.0027215597583563067
338.0 0.0035866785765392706
339.0 0.003302355617051944
340.0 0.0030180330213624984
341.0 2.6926598971355187e-10
342.0 2.6926598971355187e-10
343.0 2.6926598971355187e-10
344.0 2.6926598971355187e-10
345.0 2.6926598971355187e-10
346.0 2.6926598971355187e-10
347.0 2.6926598971355187e-10
348.0 2.6926598971355187e-10
349.0 2.6926598971355187e-10
350.0 2.6926598971355187e-10
351.0 2.6926598971355187e-10
352.0 2.6926598971355187e-10
353.0 2.6926598971355187e-10
354.0 2.6926598971355187e-10
355.0 2.6926598971355187e-10
356.0 0.0004051671567140147
357.0 0.0008561698450648692
358.0 0.0013071726243651938
359.0 0.0014861958334222436
360.0 0.0016652185877319425
361.0 0.001134576177719282
362.0 0.0006039336312824162
363.0 0.0005893160505365813
364.0 0.0005746986062149517
365.0 0.0010468597793078516
366.0 0.0015190214071481023
367.0 0.0009445256182516459
368.0 0.0003700298520925571
369.0 0.0009194463018502574
370.0 0.0014688629562442657
371.0 0.0014691267097077798
372.0 0.001469390463171294
373.0 0.001272912231797818
374.0 0.0010764338185254019
375.0 0.00032264649689750513
376.0 2.6926598971355187e-10
377.0 2.6926598971355187e-10
378.0 0.00011989952781732427
379.0 2.6926598971355187e-10
380.0 2.6926598971355187e-10
381.0 2.6926598971355187e-10
382.0 2.6926598971355187e-10
383.0 0.00014382482049768441
384.0 0.001379614604957169
385.0 0.0013077727089694235
386.0 0.0012359306310827378
387.0 4.0617827323785605e-06
388.0 2.6926598971355187e-10
389.0 2.6926598971355187e-10
390.0 2.6926598971355187e-10
391.0 2.6926598971355187e-10
392.0 2.6926598971355187e-10
393.0 2.6926598971355187e-10
394.0 0.0005555874395213323
395.0 2.6926598971355187e-10
396.0 2.6926598971355187e-10
397.0 2.6926598971355187e-10
398.0 2.6926598971355187e-10
399.0 0.0003002461426149239
400.0 0.0010147977263841312
401.0 2.6926598971355187e-10
402.0 2.6926598971355187e-10
403.0 0.0005126012638356769
404.0 0.004869703116128221
405.0 0.005441072426037863
406.0 0.006012441372149624
407.0 0.0024834913347149268
408.0 2.6926598971355187e-10
409.0 2.6926598971355187e-10
410.0 2.6926598971355187e-10
411.0 0.002810774640238378
412.0 0.005786420297226869
413.0 0.004757451097248122
414.0 0.003728483716258779
415.0 0.0037813690141774714
416.0 0.0038342546758940443
417.0 0.002518801011319738
418.0 0.001203347164846491
419.0 0.0036852019547950476
420.0 0.006167056562844664
421.0 0.0050395741709508
422.0 0.003912091415259056
423.0 0.003647241464932449
424.0 0.0033823915146058425
425.0 0.003033390203199815
426.0 0.002684387618501205
427.0 0.00354403346136678
428.0 0.004403679849929176
429.0 0.0053411171393236145
430.0 0.006278555520111695
431.0 0.005520511695067398
432.0 0.004762468597618863
433.0 0.00532046178705059
434.0 0.005878454612684436
435.0 0.003979893517680466
436.0 0.0020813326045754366
437.0 0.0017581240172148682
438.0 0.0014349157027027104
439.0 0.0018243734302814119
440.0 0.002213831430708524
441.0 0.0007290844223462045
442.0 2.6926598971355187e-10
443.0 2.6926598971355187e-10
444.0 2.6926598971355187e-10
445.0 2.6926598971355187e-10
446.0 0.0002637112402226194
447.0 0.0005388633780967211
448.0 0.0008140154932334553
449.0 1.5556196331090177e-05
450.0 2.6926598971355187e-10
451.0 0.0001373584382236004
452.0 0.001057620011124527
453.0 0.0017711532564135268
454.0 0.0024846865926519968
455.0 0.0021394234863691963
456.0 0.0017941603800863959
457.0 0.0012040051842632238
458.0 0.0006138498974905815
459.0 0.00026515504032431636
460.0 2.6926598971355187e-10
461.0 0.0004037661256006686
462.0 0.0008910721589927562
463.0 0.0003428202262512059
464.0 2.6926598971355187e-10
465.0 0.00018032144453172805
466.0 0.0005660745955538005
467.0 0.0007194038971647387
468.0 0.0008727331078262068
469.0 0.0006667169600405032
470.0 0.00046070081225479953
471.0 0.000591366324442788
472.0 0.0007220318821055116
473.0 0.0010456030395289417
474.0 0.0013691744243260473
475.0 0.0009544905879010912
476.0 0.0005398069788498105
477.0 0.0008433250513917301
478.0 0.001146843351307325
479.0 0.001233876173500903
480.0 0.0013209091775934212
481.0 0.002546213181631174
482.0 0.0037715155485784635
483.0 0.005072509156889282
484.0 0.00637350240140222
485.0 0.00621397266513668
486.0 0.006054442565073259
487.0 0.008977278776001185
488.0 0.01190011462313123
489.0 0.01648060278967023
490.0 0.021061088773421943
491.0 0.025252532213926315
492.0 0.029443975654430687
493.0 0.03195414610672742
494.0 0.034464322379790246
495.0 0.030051489011384547
496.0 0.0256386527325958
497.0 0.018917913257610053
498.0 0.012197169417049736
499.0 0.008904100832296535
500.0 0.005611030428553931
501.0 0.004118347715120763
502.0 0.0026256650016875938
503.0 0.0023246473574545234
504.0 0.0020236293494235724
505.0 0.0018076380001730286
506.0 0.0015916466509224847
507.0 0.0019385077393963002
508.0 0.0022853686459711753
509.0 0.002556501203798689
510.0 0.0028276337616262026
511.0 0.0020370855054352432
512.0 0.001246537340193754
513.0 0.0014797435142099857
514.0 0.0017129497791756876
515.0 0.002129826316377148
516.0 0.002546703217376489
517.0 0.0022334685127134435
518.0 0.0019202339899493381
519.0 0.0021687077605747618
520.0 0.0024171817130991258
521.0 0.0020210751245031133
522.0 0.0016249683540081605
523.0 0.0015684016034356318
524.0 0.0015118350347620435
525.0 0.0021629262846545316
526.0 0.0028140175345470197
527.0 0.003166080205119215
528.0 0.00351814269379247
529.0 0.0036297973565524444
530.0 0.0037414516555145383
531.0 0.003338095484650694
532.0 0.0029347398594836704
533.0 0.0023978383978828788
534.0 0.0018609369362820871
535.0 0.0018930253645521589
536.0 0.0019251137928222306
537.0 0.0025147537598968484
538.0 0.0031043935450725257
539.0 0.00343633619195316
540.0 0.003768278838833794
541.0 0.004518112837104127
542.0 0.00526794683537446
543.0 0.005175953992875293
544.0 0.005083961514174007
545.0 0.004406943480717018
546.0 0.003729926174855791
547.0 0.0027683372536557727
548.0 0.0018067485143546946
549.0 0.0019821412934106775
550.0 0.0021575342543656006
551.0 0.00181826271727914
552.0 0.0014789913620916195
553.0 0.0017662010577623732
554.0 0.002053410753433127
555.0 0.0017022357496898621
556.0 0.0013510604730981868
557.0 0.0009879521712718997
558.0 0.0006248439149203477
559.0 0.0002610740239106235
560.0 2.6926598971355187e-10
561.0 0.0006875163762742886
562.0 0.0014777287105971482
563.0 0.0014720686522196047
564.0 0.0014664087757410016
565.0 0.0012860449714935385
566.0 0.0011056811672460753
567.0 0.0011085579899372533
568.0 0.0011114348126284312
569.0 0.0010139914593310095
570.0 0.0009165480150841177
571.0 0.0005759864052379271
572.0 0.000235424772654369
573.0 0.00038281618799373973
574.0 0.0005302076715452131
575.0 0.0005258370492811082
576.0 0.000521466290592798
577.0 0.0005526060704141855
578.0 0.0005837458957103081
579.0 0.0002833271082636202
580.0 2.6926598971355187e-10
581.0 0.0002500818254702608
582.0 0.0005172553301235894
583.0 0.0005507479272637283
584.0 0.0005842404334543971
585.0 0.0006269585355767049
586.0 0.0006696766831737477
587.0 0.0006682801085844403
588.0 0.0006668835339951329
589.0 0.0007112872481229715
590.0 0.0007556909622508101
591.0 0.000998141877062153
592.0 0.0012405929737724364
593.0 0.0008295372026623227
594.0 0.0004184812951280037
595.0 0.0006405079602700425
596.0 0.0008625345799373463
597.0 0.0007309582088055322
598.0 0.0005993819286231883
599.0 0.0006074666544009233
600.0 0.000615551243754453
601.0 0.0004607982646120945
602.0 0.00030604521725763334
603.0 0.00027161572688783053
604.0 0.00023718612283119
605.0 0.00019813194285234204
606.0 0.00015907774013612652
607.0 0.00042369319999124855
608.0 0.0006883084552100627
609.0 0.0005633217824652093
610.0 0.0004383348368719453
611.0 0.0005950631020823494
612.0 0.0007517914127674885
613.0 0.000515127248945646
614.0 0.0002784631988106412
615.0 2.6926598971355187e-10
616.0 2.6926598971355187e-10
617.0 2.6926598971355187e-10
618.0 0.00025175449991365895
619.0 0.00034913875879283296
620.0 0.00044652306314674206
621.0 0.0005434580543806078
622.0 0.0006403929546650033
623.0 0.0005055339897808153
624.0 0.0003706750248966273
625.0 0.0004093195457244292
626.0 0.00044796415750170127
627.0 0.000362982063961681
628.0 0.00027799994768429315
629.0 0.0003679724841276766
630.0 0.00045794508878316265
631.0 0.0004694750714406837
632.0 0.0004810050086234696
633.0 0.0004210908173263306
634.0 0.0003611765578170889
635.0 0.0003599311185098486
636.0 0.0003586855882531381
637.0 0.00037193281059444416
638.0 0.0003851798282994423
639.0 0.0006111444236012176
640.0 0.0008371089279535227
641.0 0.0006726345418428537
642.0 0.0005081602012069197
643.0 0.0005956756467639934
644.0 0.0006831910923210671
645.0 0.0006284451046667527
646.0 0.0005736992079619085
647.0 0.000765013464842923
648.0 0.0009563282219460234
649.0 0.0007950234248710331
650.0 0.0006337186277960427
651.0 0.0009017762749863323
652.0 0.001169834013126092
653.0 0.0012469799003156368
654.0 0.0013241256056062412
655.0 0.0018358286979491822
656.0 0.002347531699342653
657.0 0.0033493539376650006
658.0 0.004351174720795825
659.0 0.006964607746340334
660.0 0.04564947739709169
661.0 0.08939257240854204
662.0 0.048766896361485124
663.0 0.11836958583444357
664.0 0.12138956226408482
665.0 0.10143162216991186
666.0 0.15653680311515927
667.0 0.18654823070392013
668.0 0.1694520004093647
669.0 0.24966003838926554
670.0 0.30361844692379236
671.0 0.44859396293759346
672.0 0.6767995189875364
673.0 1.0680234991014004
674.0 1.7086131498217583
675.0 2.5095462799072266
676.0 3.596513718366623
677.0 4.909361898899078
678.0 6.281779706478119
679.0 7.721442729234695
680.0 9.560810029506683
681.0 11.612434685230255
682.0 14.187586307525635
683.0 17.058971524238586
684.0 20.188535749912262
685.0 23.124592006206512
686.0 26.167955994606018
687.0 29.383188486099243
688.0 32.5246125459671
689.0 35.64005792140961
690.0 39.0887588262558
691.0 42.90852248668671
692.0 47.556135058403015
693.0 52.468544244766235
694.0 58.1714928150177
695.0 63.69662880897522
696.0 69.9164867401123
697.0 75.49082040786743
698.0 81.5775454044342
699.0 86.29418611526489
700.0 90.07588028907776
701.0 93.05761456489563
702.0 95.24610638618469
703.0 96.46386504173279
704.0 97.05193042755127
705.0 97.57024645805359
706.0 97.56789803504944
707.0 97.81014919281006
708.0 97.85880446434021
709.0 97.88638353347778
710.0 97.64668345451355
711.0 97.85780310630798
712.0 97.75151014328003
713.0 97.78427481651306
714.0 97.9377806186676
715.0 97.97099232673645
716.0 97.77751564979553
717.0 98.07102680206299
718.0 98.10078144073486
719.0 98.03925156593323
720.0 98.27549457550049
721.0 98.27842712402344
722.0 98.02159667015076
723.0 97.78457283973694
724.0 97.38096594810486
725.0 97.0251739025116
726.0 96.75245881080627
727.0 96.48594260215759
728.0 96.17277979850769
729.0 96.05950713157654
730.0 96.05010151863098
731.0 96.08004093170166
732.0 96.23301029205322
733.0 96.61110639572144
734.0 97.05901741981506
735.0 97.23624587059021
736.0 97.66355752944946
737.0 97.9891300201416
738.0 98.24339151382446
739.0 98.53404760360718
740.0 98.64818453788757
741.0 98.40937852859497
742.0 98.71342778205872
743.0 98.57343435287476
744.0 98.40986132621765
745.0 98.35836887359619
746.0 98.35542440414429
747.0 98.57370853424072
748.0 98.43711853027344
749.0 98.34917187690735
750.0 98.3298659324646
751.0 98.30222129821777
752.0 98.24053645133972
753.0 98.45378994941711
754.0 98.39949607849121
755.0 98.47662448883057
756.0 98.54015111923218
757.0 98.52715134620667
758.0 98.65198135375977
759.0 98.58434796333313
760.0 98.43444228172302
761.0 98.27965497970581
762.0 98.41184616088867
763.0 98.32987785339355
764.0 98.22912216186523
765.0 98.15710783004761
766.0 98.23479056358337
767.0 97.94651865959167
768.0 98.0874240398407
769.0 98.18540811538696
770.0 97.94333577156067
771.0 98.03357720375061
772.0 98.09404611587524
773.0 98.09909462928772
774.0 97.94766902923584
775.0 98.03913831710815
776.0 97.92780876159668
777.0 97.99291491508484
778.0 97.86255955696106
779.0 97.8991150856018
780.0 97.76245355606079
781.0 97.9498565196991
782.0 97.77278304100037
783.0 97.84902930259705
784.0 97.73190021514893
785.0 97.98343777656555
786.0 98.06541204452515
787.0 97.79626727104187
788.0 97.90067076683044
789.0 97.86791801452637
790.0 97.90330529212952
791.0 97.94133305549622
792.0 97.80621528625488
793.0 97.82174229621887
794.0 97.82751798629761
795.0 97.76996970176697
796.0 97.90785908699036
797.0 97.99227714538574
798.0 98.00073504447937
799.0 97.79977798461914
800.0 97.72118926048279
801.0 97.68149256706238
802.0 97.60681390762329
803.0 97.40228056907654
804.0 97.24565744400024
805.0 97.01757431030273
806.0 96.81692719459534
807.0 96.29330635070801
808.0 95.7017719745636
809.0 94.79940533638
810.0 93.79761219024658
811.0 92.43072271347046
812.0 90.5829906463623
813.0 88.43489289283752
814.0 85.81244945526123
815.0 82.71936774253845
816.0 79.36753630638123
817.0 75.35400390625
818.0 70.66392302513123
819.0 66.40458106994629
820.0 61.36782169342041
821.0 56.601107120513916
822.0 52.078402042388916
823.0 47.31457829475403
824.0 42.69934594631195
825.0 38.35219442844391
826.0 33.878955245018005
827.0 29.239317774772644
828.0 25.041815638542175
829.0 20.852728188037872
830.0 16.518378257751465
831.0 13.047206401824951
832.0 9.531167149543762
833.0 6.604226678609848
834.0 4.325208067893982
835.0 2.750813215970993
836.0 1.6365477815270424
837.0 0.9747348725795746
838.0 0.5249158013612032
839.0 0.32238441053777933
840.0 0.19726217724382877
841.0 0.06233839667402208
842.0 0.08204698096960783
843.0 0.03402937145438045
844.0 0.0010968637980113272
845.0 2.6926598971355187e-10
846.0 2.6926598971355187e-10
847.0 0.010186130384681746
848.0 2.6926598971355187e-10
849.0 2.6926598971355187e-10
850.0 0.004576371065923013
851.0 2.6926598971355187e-10
852.0 0.0007446207291650353
853.0 0.0010698400728870183
854.0 0.0013950595530332066
855.0 0.0011220014130230993
856.0 0.0008489434549119323
857.0 0.0009129579666478094
858.0 0.0009769722055352759
859.0 0.0006271075562835904
860.0 0.0002772427933450672
861.0 0.0003159083689752151
862.0 0.00035457383091852535
863.0 0.00017176796518469928
864.0 2.6926598971355187e-10
865.0 1.808390095447976e-05
866.0 4.72055830869067e-05
867.0 8.495186420987011e-05
868.0 0.0001226981112267822
869.0 2.6926598971355187e-10
870.0 2.6926598971355187e-10
871.0 2.6933392405226186e-06
872.0 0.00019943529423471773
873.0 0.0002115772986144293
874.0 0.00022371928025677335
875.0 0.0002177800070057856
876.0 0.00021184073375479784
877.0 2.6926598971355187e-10
878.0 2.6926598971355187e-10
879.0 2.6926598971355187e-10
880.0 0.00043068239392596297
881.0 0.00019508570403559133
882.0 2.6926598971355187e-10
883.0 0.00012910870736959623
884.0 0.0002987283551192377
885.0 6.072753535590891e-05
886.0 2.6926598971355187e-10
887.0 2.6926598971355187e-10
888.0 0.00011823102568087052
889.0 2.6926598971355187e-10
890.0 2.6926598971355187e-10
891.0 1.7331458934677357e-05
892.0 0.00016825650845930795
893.0 0.00018184124428444193
894.0 0.00019542599147825968
895.0 2.6926598971355187e-10
