lsstcam/qe_curves/r31_s21/19700101T000000.ecsv
# %ECSV 0.9
# ---
# datatype:
# - {name: amp_name, datatype: string}
# - {name: wavelength, unit: nm, datatype: float32}
# - {name: efficiency, unit: '%', datatype: float32}
# meta: !!omap
# - {MODE: AMP}
# - {TYPE: QE}
# - {CALIBDATE: '1970-01-01T00:00:00'}
# - {INSTRUME: LSSTCAM}
# - {OBSTYPE: qe_curves}
# - {DETECTOR: 133}
# - {PICKLEFILE: RaftRun11903.p}
# - {CALIB_ID: 'raftName=R31 detectorName=S21 detector=133 calibDate=1970-01-01T00:00:00 ccd=133 ccdnum=133 filter=None'}
# - {DATE: '2020-01-23T01:58:27.692146'}
# - {CALIB_CREATION_DATE: '2020-01-23'}
# - {CALIB_CREATION_TIME: '01:58:27'}
# - __serialized_columns__:
#     efficiency:
#       __class__: astropy.units.quantity.Quantity
#       unit: !astropy.units.Unit {unit: '%'}
#       value: !astropy.table.SerializedColumn {name: efficiency}
#     wavelength:
#       __class__: astropy.units.quantity.Quantity
#       unit: !astropy.units.Unit {unit: nm}
#       value: !astropy.table.SerializedColumn {name: wavelength}
# schema: astropy-2.0
amp_name wavelength efficiency
C07 319.994 38.871586
C07 324.969 43.883266
C07 349.982 67.02291
C07 374.975 75.12659
C07 400.019 83.80264
C07 424.965 85.72532
C07 450.035 87.41084
C07 475.003 90.05457
C07 500.018 91.83908
C07 525.002 93.78131
C07 550.029 96.52226
C07 575.023 97.703445
C07 599.982 98.19557
C07 619.997 98.40096
C07 624.979 99.474205
C07 650.012 99.121086
C07 675.004 99.72477
C07 700.03 98.834816
C07 725.012 99.335396
C07 750.022 99.55886
C07 774.987 99.55208
C07 799.976 98.78748
C07 824.988 97.0147
C07 850.022 95.378365
C07 869.967 92.3433
C07 875.002 91.474365
C07 899.999 84.485146
C07 919.999 74.71263
C07 925.012 72.33869
C07 949.965 59.537
C07 975.002 44.3464
C07 999.976 27.12629
C07 1025.028 11.789669
C07 1050.014 4.227319
C07 1075.002 2.2996633
C07 1099.99 1.7545004
C11 319.994 39.65775
C11 324.969 44.774555
C11 349.982 68.495674
C11 374.975 76.56982
C11 400.019 84.77386
C11 424.965 86.45375
C11 450.035 88.01988
C11 475.003 90.60788
C11 500.018 92.346306
C11 525.002 94.26537
C11 550.029 97.00142
C11 575.023 98.178116
C11 599.982 98.660324
C11 619.997 98.86633
C11 624.979 99.94176
C11 650.012 99.58155
C11 675.004 100.16918
C11 700.03 99.18946
C11 725.012 99.422
C11 750.022 99.29602
C11 774.987 98.939224
C11 799.976 98.01959
C11 824.988 96.29779
C11 850.022 94.514114
C11 869.967 91.360695
C11 875.002 90.54017
C11 899.999 83.9541
C11 919.999 74.47851
C11 925.012 72.21628
C11 949.965 58.889248
C11 975.002 43.924866
C11 999.976 26.706114
C11 1025.028 11.634521
C11 1050.014 4.1620026
C11 1075.002 2.26782
C11 1099.99 1.737627
C01 319.994 38.79093
C01 324.969 43.792534
C01 349.982 67.04565
C01 374.975 75.31501
C01 400.019 83.96311
C01 424.965 85.85324
C01 450.035 87.50929
C01 475.003 90.14148
C01 500.018 91.91551
C01 525.002 93.85422
C01 550.029 96.602295
C01 575.023 97.79229
C01 599.982 98.29152
C01 619.997 98.510704
C01 624.979 99.58817
C01 650.012 99.24106
C01 675.004 99.85377
C01 700.03 98.95968
C01 725.012 99.41741
C01 750.022 99.58498
C01 774.987 99.533554
C01 799.976 98.74107
C01 824.988 96.96956
C01 850.022 95.32317
C01 869.967 92.13834
C01 875.002 91.224785
C01 899.999 84.46321
C01 919.999 74.89403
C01 925.012 72.53987
C01 949.965 59.197975
C01 975.002 44.11666
C01 999.976 27.054012
C01 1025.028 11.743068
C01 1050.014 4.205379
C01 1075.002 2.3188667
C01 1099.99 1.7814077
C03 319.994 38.868813
C03 324.969 43.879467
C03 349.982 67.081825
C03 374.975 75.25119
C03 400.019 83.89974
C03 424.965 85.80264
C03 450.035 87.47275
C03 475.003 90.108696
C03 500.018 91.88276
C03 525.002 93.82306
C03 550.029 96.56277
C03 575.023 97.74784
C03 599.982 98.24052
C03 619.997 98.45004
C03 624.979 99.52743
C03 650.012 99.17791
C03 675.004 99.781944
C03 700.03 98.88584
C03 725.012 99.340164
C03 750.022 99.506195
C03 774.987 99.448845
C03 799.976 98.65422
C03 824.988 96.88706
C03 850.022 95.223854
C03 869.967 92.0258
C03 875.002 91.15241
C03 899.999 84.45239
C03 919.999 74.803474
C03 925.012 72.39891
C03 949.965 59.124374
C03 975.002 44.214153
C03 999.976 27.126402
C03 1025.028 11.759315
C03 1050.014 4.1952376
C03 1075.002 2.305488
C03 1099.99 1.7733921
C04 319.994 38.881332
C04 324.969 43.89257
C04 349.982 67.086815
C04 374.975 75.22841
C04 400.019 83.849106
C04 424.965 85.74024
C04 450.035 87.40309
C04 475.003 90.0356
C04 500.018 91.810326
C04 525.002 93.7437
C04 550.029 96.48288
C04 575.023 97.66418
C04 599.982 98.15444
C04 619.997 98.36684
C04 624.979 99.44015
C04 650.012 99.089165
C04 675.004 99.69065
C04 700.03 98.794945
C04 725.012 99.258545
C04 750.022 99.42789
C04 774.987 99.374985
C04 799.976 98.58065
C04 824.988 96.82263
C04 850.022 95.14439
C04 869.967 91.96735
C04 875.002 91.09789
C04 899.999 84.36637
C04 919.999 74.56523
C04 925.012 72.272354
C04 949.965 59.107857
C04 975.002 44.176746
C04 999.976 26.945124
C04 1025.028 11.714142
C04 1050.014 4.1964946
C04 1075.002 2.3008687
C04 1099.99 1.7674494
C06 319.994 38.86856
C06 324.969 43.87722
C06 349.982 67.03894
C06 374.975 75.146515
C06 400.019 83.776436
C06 424.965 85.680305
C06 450.035 87.34842
C06 475.003 89.98273
C06 500.018 91.75709
C06 525.002 93.69531
C06 550.029 96.432526
C06 575.023 97.61368
C06 599.982 98.098915
C06 619.997 98.309326
C06 624.979 99.38637
C06 650.012 99.03259
C06 675.004 99.63381
C06 700.03 98.74385
C06 725.012 99.225914
C06 750.022 99.42425
C06 774.987 99.40273
C06 799.976 98.6267
C06 824.988 96.8529
C06 850.022 95.20764
C06 869.967 92.12989
C06 875.002 91.3167
C06 899.999 84.40742
C06 919.999 74.6469
C06 925.012 72.41339
C06 949.965 59.554794
C06 975.002 44.485355
C06 999.976 27.024864
C06 1025.028 11.710449
C06 1050.014 4.1977262
C06 1075.002 2.295196
C06 1099.99 1.754285
C02 319.994 38.72494
C02 324.969 43.71616
C02 349.982 66.8964
C02 374.975 75.104126
C02 400.019 83.72614
C02 424.965 85.61379
C02 450.035 87.272675
C02 475.003 89.8985
C02 500.018 91.67101
C02 525.002 93.60748
C02 550.029 96.34424
C02 575.023 97.52934
C02 599.982 98.02215
C02 619.997 98.239006
C02 624.979 99.31595
C02 650.012 98.96724
C02 675.004 99.57274
C02 700.03 98.681465
C02 725.012 99.13515
C02 750.022 99.29869
C02 774.987 99.2442
C02 799.976 98.4482
C02 824.988 96.68529
C02 850.022 95.03299
C02 869.967 91.85007
C02 875.002 90.950455
C02 899.999 84.24682
C02 919.999 74.682724
C02 925.012 72.27217
C02 949.965 58.95345
C02 975.002 43.995968
C02 999.976 26.979576
C02 1025.028 11.715107
C02 1050.014 4.1898656
C02 1075.002 2.3054588
C02 1099.99 1.7725685
C17 319.994 39.165955
C17 324.969 44.22166
C17 349.982 67.89983
C17 374.975 76.25777
C17 400.019 84.51171
C17 424.965 86.17997
C17 450.035 87.71671
C17 475.003 90.27631
C17 500.018 92.00583
C17 525.002 93.92057
C17 550.029 96.65202
C17 575.023 97.8358
C17 599.982 98.337135
C17 619.997 98.5525
C17 624.979 99.62855
C17 650.012 99.28555
C17 675.004 99.89104
C17 700.03 98.919525
C17 725.012 99.14951
C17 750.022 99.011856
C17 774.987 98.64571
C17 799.976 97.72545
C17 824.988 95.9652
C17 850.022 94.20787
C17 869.967 91.028564
C17 875.002 90.1253
C17 899.999 83.48781
C17 919.999 74.47658
C17 925.012 72.17927
C17 949.965 58.46289
C17 975.002 43.22674
C17 999.976 26.621655
C17 1025.028 11.633399
C17 1050.014 4.142859
C17 1075.002 2.2600615
C17 1099.99 1.7435325
C05 319.994 39.001095
C05 324.969 44.02895
C05 349.982 67.294426
C05 374.975 75.4663
C05 400.019 84.142715
C05 424.965 86.054886
C05 450.035 87.72787
C05 475.003 90.3747
C05 500.018 92.15834
C05 525.002 94.1023
C05 550.029 96.85368
C05 575.023 98.03902
C05 599.982 98.53189
C05 619.997 98.74273
C05 624.979 99.8222
C05 650.012 99.469536
C05 675.004 100.07574
C05 700.03 99.1793
C05 725.012 99.65068
C05 750.022 99.83594
C05 774.987 99.79576
C05 799.976 99.005356
C05 824.988 97.23767
C05 850.022 95.55869
C05 869.967 92.42921
C05 875.002 91.55322
C05 899.999 84.677315
C05 919.999 74.825
C05 925.012 72.49238
C05 949.965 59.358994
C05 975.002 44.357834
C05 999.976 27.122807
C05 1025.028 11.812303
C05 1050.014 4.2130327
C05 1075.002 2.2977047
C05 1099.99 1.7658951
C00 319.994 38.678703
C00 324.969 43.66678
C00 349.982 66.86493
C00 374.975 75.12517
C00 400.019 83.771774
C00 424.965 85.66108
C00 450.035 87.31775
C00 475.003 89.94378
C00 500.018 91.71645
C00 525.002 93.655464
C00 550.029 96.39236
C00 575.023 97.58359
C00 599.982 98.08061
C00 619.997 98.30017
C00 624.979 99.373
C00 650.012 99.0297
C00 675.004 99.6411
C00 700.03 98.74869
C00 725.012 99.21004
C00 750.022 99.38043
C00 774.987 99.33409
C00 799.976 98.54638
C00 824.988 96.77762
C00 850.022 95.12587
C00 869.967 91.9529
C00 875.002 91.055595
C00 899.999 84.30497
C00 919.999 74.81462
C00 925.012 72.3789
C00 949.965 59.058422
C00 975.002 43.955006
C00 999.976 27.06319
C00 1025.028 11.799051
C00 1050.014 4.2310295
C00 1075.002 2.3151484
C00 1099.99 1.7763808
C12 319.994 39.630558
C12 324.969 44.743473
C12 349.982 68.51362
C12 374.975 76.65055
C12 400.019 84.802635
C12 424.965 86.45324
C12 450.035 87.99525
C12 475.003 90.56467
C12 500.018 92.298355
C12 525.002 94.21285
C12 550.029 96.944466
C12 575.023 98.12116
C12 599.982 98.60492
C12 619.997 98.81389
C12 624.979 99.89436
C12 650.012 99.53609
C12 675.004 100.12707
C12 700.03 99.148346
C12 725.012 99.364426
C12 750.022 99.22348
C12 774.987 98.847145
C12 799.976 97.92335
C12 824.988 96.204254
C12 850.022 94.42002
C12 869.967 91.20747
C12 875.002 90.37423
C12 899.999 83.95206
C12 919.999 74.489784
C12 925.012 72.14711
C12 949.965 58.692078
C12 975.002 43.84713
C12 999.976 26.75256
C12 1025.028 11.625899
C12 1050.014 4.144736
C12 1075.002 2.263846
C12 1099.99 1.74083
C14 319.994 39.47585
C14 324.969 44.568607
C14 349.982 68.32152
C14 374.975 76.546585
C14 400.019 84.69666
C14 424.965 86.34054
C14 450.035 87.86747
C14 475.003 90.4264
C14 500.018 92.15502
C14 525.002 94.06596
C14 550.029 96.797005
C14 575.023 97.973564
C14 599.982 98.464714
C14 619.997 98.675644
C14 624.979 99.75439
C14 650.012 99.40001
C14 675.004 99.99631
C14 700.03 99.01463
C14 725.012 99.22169
C14 750.022 99.064064
C14 774.987 98.67345
C14 799.976 97.74401
C14 824.988 96.02858
C14 850.022 94.27769
C14 869.967 91.03245
C14 875.002 90.17127
C14 899.999 83.83444
C14 919.999 74.66594
C14 925.012 72.29082
C14 949.965 58.43356
C14 975.002 43.648216
C14 999.976 26.767426
C14 1025.028 11.664145
C14 1050.014 4.1402817
C14 1075.002 2.2641268
C14 1099.99 1.742975
C10 319.994 39.51993
C10 324.969 44.62048
C10 349.982 68.23913
C10 374.975 76.30028
C10 400.019 84.56451
C10 424.965 86.28419
C10 450.035 87.868065
C10 475.003 90.46573
C10 500.018 92.212944
C10 525.002 94.13547
C10 550.029 96.87007
C10 575.023 98.04902
C10 599.982 98.53247
C10 619.997 98.73152
C10 624.979 99.81172
C10 650.012 99.4475
C10 675.004 100.03712
C10 700.03 99.06486
C10 725.012 99.31883
C10 750.022 99.21774
C10 774.987 98.88977
C10 799.976 97.986404
C10 824.988 96.257706
C10 850.022 94.51754
C10 869.967 91.43485
C10 875.002 90.58395
C10 899.999 83.81187
C10 919.999 74.529106
C10 925.012 72.1682
C10 949.965 59.073853
C10 975.002 44.02054
C10 999.976 26.858526
C10 1025.028 11.723859
C10 1050.014 4.1832848
C10 1075.002 2.2674696
C10 1099.99 1.7297218
C15 319.994 39.315796
C15 324.969 44.387917
C15 349.982 68.092995
C15 374.975 76.34484
C15 400.019 84.48425
C15 424.965 86.11395
C15 450.035 87.63214
C15 475.003 90.18262
C15 500.018 91.9009
C15 525.002 93.80933
C15 550.029 96.53056
C15 575.023 97.7083
C15 599.982 98.20014
C15 619.997 98.41204
C15 624.979 99.488396
C15 650.012 99.14131
C15 675.004 99.73948
C15 700.03 98.76418
C15 725.012 98.97391
C15 750.022 98.81739
C15 774.987 98.43169
C15 799.976 97.50275
C15 824.988 95.7801
C15 850.022 94.04958
C15 869.967 90.8124
C15 875.002 89.93492
C15 899.999 83.52035
C15 919.999 74.4748
C15 925.012 72.14166
C15 949.965 58.346375
C15 975.002 43.44813
C15 999.976 26.644737
C15 1025.028 11.587754
C15 1050.014 4.1201797
C15 1075.002 2.2671967
C15 1099.99 1.7433752
C13 319.994 39.43505
C13 324.969 44.52055
C13 349.982 68.22322
C13 374.975 76.393906
C13 400.019 84.549675
C13 424.965 86.19641
C13 450.035 87.73534
C13 475.003 90.295944
C13 500.018 92.02282
C13 525.002 93.93605
C13 550.029 96.656425
C13 575.023 97.83332
C13 599.982 98.3227
C13 619.997 98.5316
C13 624.979 99.60535
C13 650.012 99.255455
C13 675.004 99.84431
C13 700.03 98.86715
C13 725.012 99.07943
C13 750.022 98.92524
C13 774.987 98.538086
C13 799.976 97.61431
C13 824.988 95.89933
C13 850.022 94.128265
C13 869.967 90.89744
C13 875.002 90.054565
C13 899.999 83.697266
C13 919.999 74.3848
C13 925.012 72.03314
C13 949.965 58.456028
C13 975.002 43.668777
C13 999.976 26.713037
C13 1025.028 11.625689
C13 1050.014 4.1318464
C13 1075.002 2.2534103
C13 1099.99 1.7375461
C16 319.994 39.220814
C16 324.969 44.283356
C16 349.982 67.95488
C16 374.975 76.273705
C16 400.019 84.4955
C16 424.965 86.159
C16 450.035 87.696465
C16 475.003 90.25484
C16 500.018 91.98045
C16 525.002 93.88986
C16 550.029 96.62064
C16 575.023 97.80237
C16 599.982 98.29742
C16 619.997 98.51276
C16 624.979 99.58871
C16 650.012 99.2445
C16 675.004 99.843796
C16 700.03 98.86893
C16 725.012 99.087814
C16 750.022 98.93754
C16 774.987 98.55806
C16 799.976 97.63368
C16 824.988 95.8887
C16 850.022 94.153625
C16 869.967 90.93006
C16 875.002 90.03257
C16 899.999 83.49476
C16 919.999 74.49252
C16 925.012 72.18581
C16 949.965 58.416187
C16 975.002 43.33362
C16 999.976 26.608995
C16 1025.028 11.574994
C16 1050.014 4.1180773
C16 1075.002 2.263465
C16 1099.99 1.746008
