lsstCam/transmission_filter_detector/r11_s10/g_6/19700101T000000.ecsv
# %ECSV 1.0
# ---
# datatype:
# - {name: wavelength, unit: nm, datatype: float32}
# - {name: efficiency, unit: '%', datatype: float64}
# meta: !!omap
# - {MODE: DETECTOR}
# - {TYPE: transmission_filter_detector}
# - {CALIBDATE: '1970-01-01T00:00:00'}
# - {INSTRUME: LSSTCam}
# - {OBSTYPE: transmission_filter_detector}
# - {CALIBCLS: lsst.ip.isr.IntermediateFilterDetectorTransmissionCurve}
# - {SOURCE: Materion (DM-46256)}
# - {DETECTOR: 39}
# - {FILTER: g_6}
# - {CALIB_ID: 'calibDate=1970-01-01T00:00:00 filter=g_6 detector=39'}
# - {DATE: '2025-04-02T15:59:42.207891'}
# - {CALIB_CREATION_DATE: '2025-04-02'}
# - {CALIB_CREATION_TIME: '15:59:42'}
# - __serialized_columns__:
#     efficiency:
#       __class__: astropy.units.quantity.Quantity
#       unit: !astropy.units.Unit {unit: '%'}
#       value: !astropy.table.SerializedColumn {name: efficiency}
#     wavelength:
#       __class__: astropy.units.quantity.Quantity
#       unit: !astropy.units.Unit {unit: nm}
#       value: !astropy.table.SerializedColumn {name: wavelength}
# schema: astropy-2.0
wavelength efficiency
[from data line 608]
908.0 0.0005200510713621043
909.0 0.000493518564326223
910.0 0.00039368819670926314
911.0 0.000293857942779141
912.0 0.0004245153832016513
913.0 0.0005551729373109993
914.0 0.00032239181564364117
915.0 8.961073376667628e-05
916.0 0.00015509265267610317
917.0 0.00022057454316382064
918.0 0.0002652897137522814
919.0 0.0003100049070781097
920.0 0.0003451408019827795
921.0 0.00038027674236218445
922.0 0.0005408550805441337
923.0 0.0007014334187260829
924.0 0.000605896730121458
925.0 0.0005103599505673628
926.0 0.0006012230642227223
927.0 0.000692086268827552
928.0 0.000648675495540374
929.0 0.0006052648132026661
930.0 0.0005395902917371131
931.0 0.00047391581574629527
932.0 0.00048460287871421315
933.0 0.0004952899871568661
934.0 0.0004439069471118273
935.0 0.0003925239525415236
936.0 0.0004843282113142777
937.0 0.0005761324700870318
938.0 0.0006403653060260694
939.0 0.0007045981419651071
940.0 0.0005419521585281473
941.0 0.0003793060386669822
942.0 0.0005908982529945206
943.0 0.000802490467322059
944.0 0.0007516291134379571
945.0 0.0007007677595538553
946.0 0.0006112309620220913
947.0 0.0005216940735408571
948.0 0.0009261408195015974
949.0 0.0013305877473612782
950.0 0.0010983228094119113
951.0 0.0008660577805130742
952.0 0.0009158544344245456
953.0 0.0009656509973865468
954.0 0.000863534751260886
955.0 0.0007614185506099602
956.0 0.0007141854894143762
957.0 0.0006669522463198518
958.0 0.0007443981303367764
959.0 0.000821844059828436
960.0 0.0007332987934205448
961.0 0.0006447534360631835
962.0 0.0006334849331324222
963.0 0.0006222163847269258
964.0 0.0006968079560465412
965.0 0.0007713992999924812
966.0 0.0007487044513254659
967.0 0.0007260095117089804
968.0 0.0007210428066173336
969.0 0.0007160761470004218
970.0 0.0007638054739800282
971.0 0.0008115348464343697
972.0 0.0008756631359574385
973.0 0.0009397915164299775
974.0 0.0008557425644539762
975.0 0.0007716937943769153
976.0 0.0008703947059984785
977.0 0.0009690958904684521
978.0 0.0009924657206283882
979.0 0.0010158356417377945
980.0 0.0010067165931104682
981.0 0.0009975976354326122
982.0 0.0009377965398016386
983.0 0.0008779953532211948
984.0 0.0009486482667853124
985.0 0.00101930118034943
986.0 0.0011306303349556401
987.0 0.0012419592167134397
988.0 0.0012838951988669578
989.0 0.0013258308172225952
990.0 0.001386311760143144
991.0 0.0014467928849626333
992.0 0.0014122191714704968
993.0 0.0013776457308267709
994.0 0.001345370037597604
995.0 0.0013130944353179075
996.0 0.0011887264918186702
997.0 0.001064358639268903
998.0 0.0012866918950749096
999.0 0.0015090252418303862
1000.0 0.0014522288438456599
1001.0 0.0013954323549114633
1002.0 0.0012962702385266311
1003.0 0.0011971083040407393
1004.0 0.0011498154890432488
1005.0 0.001102522492146818
1006.0 0.0013998889698996209
1007.0 0.001697255538601894
1008.0 0.0016854703062563203
1009.0 0.0016736858015065081
1010.0 0.0017512647900730371
1011.0 0.0018288441424374469
1012.0 0.0020068047888344154
1013.0 0.0021847657990292646
1014.0 0.002161427073588129
1015.0 0.002138088530045934
1016.0 0.002490448605385609
1017.0 0.0028428090445231646
1018.0 0.003038706745428499
1019.0 0.0032346048101317137
1020.0 0.003293665940873325
1021.0 0.0033527274354128167
1022.0 0.0036934881791239604
1023.0 0.004034249650430866
1024.0 0.004180548785370775
1025.0 0.0043268479203106835
1026.0 0.004473719673114829
1027.0 0.004620591425918974
1028.0 0.0046965316869318485
1029.0 0.004772471947944723
1030.0 0.004839209213969298
1031.0 0.004905946116195992
1032.0 0.005382444942370057
1033.0 0.005858943404746242
1034.0 0.005625442645396106
1035.0 0.00539194188604597
1036.0 0.005502810017787851
1037.0 0.005613677785731852
1038.0 0.005711097037419677
1039.0 0.005808515925309621
1040.0 0.00631994116702117
1041.0 0.006831366044934839
1042.0 0.006935378769412637
1043.0 0.0070393914938904345
1044.0 0.007365440978901461
1045.0 0.007691489008720964
1046.0 0.008737156895222142
1047.0 0.009782824054127559
1048.0 0.011345773964421824
1049.0 0.012908720236737281
1050.0 0.01524272229289636
1051.0 0.01757671998348087
1052.0 0.02132996014552191
1053.0 0.02508320612832904
1054.0 0.03005317412316799
1055.0 0.035023142118006945
1056.0 0.041814197902567685
1057.0 0.04860524495597929
1058.0 0.05658025620505214
1059.0 0.06455525290220976
1060.0 0.07199514075182378
1061.0 0.07943499367684126
1062.0 0.08676873403601348
1063.0 0.09410244529135525
1064.0 0.10004121577367187
1065.0 0.10597998043522239
1066.0 0.11208532378077507
1067.0 0.11819066712632775
1068.0 0.1254524220712483
1069.0 0.13271422358229756
1070.0 0.1429986790753901
1071.0 0.15328311128541827
1072.0 0.16551342559978366
1073.0 0.1777437049895525
1074.0 0.19084432860836387
1075.0 0.20394502207636833
1076.0 0.21642940118908882
1077.0 0.2289137803018093
1078.0 0.24200552143156528
1079.0 0.2550972392782569
1080.0 0.2719325013458729
1081.0 0.28876778669655323
1082.0 0.3164681838825345
1083.0 0.3441686276346445
1084.0 0.38367039524018764
1085.0 0.4231722094118595
1086.0 0.4589840304106474
1087.0 0.49479585140943527
1088.0 0.5594807211309671
1089.0 0.624165590852499
1090.0 0.702417828142643
1091.0 0.7806700654327869
1092.0 0.8130421862006187
1093.0 0.8454140275716782
1094.0 0.8863872848451138
1095.0 0.9273603558540344
1096.0 0.9789012372493744
1097.0 1.0304423049092293
1098.0 1.0647574439644814
1099.0 1.0990728624165058
1100.0 1.2818058021366596
1101.0 1.4645383693277836
