lsstCam/transmission_filter_detector/r11_s10/g_6/19700101T000000.ecsv
# %ECSV 1.0
# ---
# datatype:
# - {name: wavelength, unit: nm, datatype: float32}
# - {name: efficiency, unit: '%', datatype: float64}
# meta: !!omap
# - {MODE: DETECTOR}
# - {TYPE: transmission_filter_detector}
# - {CALIBDATE: '1970-01-01T00:00:00'}
# - {INSTRUME: LSSTCam}
# - {OBSTYPE: transmission_filter_detector}
# - {CALIBCLS: lsst.ip.isr.IntermediateFilterDetectorTransmissionCurve}
# - {SOURCE: Materion (DM-46256)}
# - {DETECTOR: 39}
# - {FILTER: g_6}
# - {CALIB_ID: 'calibDate=1970-01-01T00:00:00 filter=g_6 detector=39'}
# - {DATE: '2025-04-02T15:59:42.207891'}
# - {CALIB_CREATION_DATE: '2025-04-02'}
# - {CALIB_CREATION_TIME: '15:59:42'}
# - __serialized_columns__:
#     efficiency:
#       __class__: astropy.units.quantity.Quantity
#       unit: !astropy.units.Unit {unit: '%'}
#       value: !astropy.table.SerializedColumn {name: efficiency}
#     wavelength:
#       __class__: astropy.units.quantity.Quantity
#       unit: !astropy.units.Unit {unit: nm}
#       value: !astropy.table.SerializedColumn {name: wavelength}
# schema: astropy-2.0
wavelength efficiency
300.0 0.5047682207077742
301.0 0.37555869203060865
302.0 0.24634911678731441
303.0 0.2217759843915701
304.0 0.1972028287127614
305.0 0.20258515141904354
306.0 0.20796747412532568
307.0 0.21840776316821575
308.0 0.22884802892804146
309.0 0.22486827801913023
310.0 0.22088857367634773
311.0 0.21212846040725708
312.0 0.2033683704212308
313.0 0.20162139553576708
314.0 0.19987442065030336
315.0 0.1879889750853181
316.0 0.17610356444492936
317.0 0.17553882207721472
318.0 0.17497411463409662
319.0 0.16164559638127685
320.0 0.14831704320386052
321.0 0.14226214261725545
322.0 0.1362072303891182
323.0 0.11486238799989223
324.0 0.09351758635602891
325.0 0.08662924519740045
326.0 0.07974090985953808
327.0 0.07232530624605715
328.0 0.06490970263257623
329.0 0.062035053269937634
330.0 0.05916039808653295
331.0 0.05490575567819178
332.0 0.0506511190906167
333.0 0.04724155878648162
334.0 0.04383200139272958
335.0 0.04241172573529184
336.0 0.04099144716747105
337.0 0.0416337454225868
338.0 0.0422760407673195
339.0 0.040737129165790975
340.0 0.039198220474645495
341.0 0.03760105755645782
342.0 0.03600389463827014
343.0 0.0325120723573491
344.0 0.029020250076428056
345.0 0.02569585049059242
346.0 0.022371452359948307
347.0 0.021113491675350815
348.0 0.019855526625178754
349.0 0.018142494081985205
350.0 0.7044398691505194
351.0 0.8473897352814674
352.0 0.9399321861565113
353.0 0.9531702846288681
354.0 0.6804651580750942
355.0 1.0569727048277855
356.0 0.791347399353981
357.0 0.8914008736610413
358.0 0.42223758064210415
359.0 0.795208103954792
360.0 0.4800299648195505
361.0 0.574934296309948
362.0 0.4944097716361284
363.0 0.7273724768310785
364.0 0.6551978178322315
365.0 0.7624548859894276
366.0 0.47055319882929325
367.0 0.5567827727645636
368.0 0.40211593732237816
369.0 0.5375073291361332
370.0 0.36163588520139456
371.0 0.6450872868299484
372.0 0.495416484773159
373.0 0.5061376374214888
374.0 0.39576850831508636
375.0 0.5629445891827345
376.0 0.32729071099311113
377.0 0.4800311289727688
378.0 0.4215274937450886
379.0 0.6002394482493401
380.0 0.3929829690605402
381.0 0.5057390313595533
382.0 0.4966683220118284
383.0 0.6024637725204229
384.0 0.549388350918889
385.0 0.5606953520327806
386.0 0.6349358707666397
387.0 0.7659181486815214
388.0 0.9346769191324711
389.0 1.1712939478456974
390.0 1.6901709139347076
391.0 2.5186657905578613
392.0 4.0265534073114395
393.0 6.4003221690654755
394.0 9.633135795593262
395.0 14.144130051136017
396.0 19.68112140893936
397.0 26.83393657207489
398.0 35.13766527175903
399.0 44.29026544094086
400.0 53.729456663131714
401.0 62.884026765823364
402.0 71.39512896537781
403.0 78.74755859375
404.0 84.17552709579468
405.0 88.34496140480042
406.0 90.68929553031921
407.0 92.48272180557251
408.0 93.63694190979004
409.0 94.17073130607605
410.0 94.3765640258789
411.0 94.28178071975708
412.0 93.93686652183533
413.0 93.70055198669434
414.0 93.47735047340393
415.0 93.65620017051697
416.0 93.99530291557312
417.0 94.27835941314697
418.0 94.7791039943695
419.0 95.3151524066925
420.0 95.88565230369568
421.0 96.4223325252533
422.0 96.64902091026306
423.0 96.84984087944031
424.0 96.72769904136658
425.0 96.60406112670898
426.0 96.6085433959961
427.0 96.64834141731262
428.0 96.42400741577148
429.0 96.24534845352173
430.0 96.09193205833435
431.0 96.13306522369385
432.0 96.13574147224426
433.0 96.27760052680969
434.0 96.37599587440491
435.0 96.52243852615356
436.0 96.54320478439331
437.0 96.60364389419556
438.0 96.6112494468689
439.0 96.69472575187683
440.0 96.64422273635864
441.0 96.77344560623169
442.0 96.7524766921997
443.0 96.7545747756958
444.0 96.73991203308105
445.0 96.46885991096497
446.0 96.363365650177
447.0 96.07585668563843
448.0 96.11531496047974
449.0 96.26043438911438
450.0 96.47443294525146
451.0 96.67039513587952
452.0 96.87957167625427
453.0 97.03593850135803
454.0 97.07096815109253
455.0 97.3719596862793
456.0 97.44482040405273
457.0 97.59044051170349
458.0 97.60676622390747
459.0 97.61562943458557
460.0 97.65844345092773
461.0 97.79434204101562
462.0 97.75932431221008
463.0 97.6465106010437
464.0 97.79862761497498
465.0 97.72482514381409
466.0 97.7049171924591
467.0 97.70303964614868
468.0 97.73406386375427
469.0 97.78472781181335
470.0 97.64898419380188
471.0 97.52202033996582
472.0 97.57089018821716
473.0 97.46087193489075
474.0 97.35626578330994
475.0 97.38296866416931
476.0 97.37831950187683
477.0 97.41173982620239
478.0 97.52389192581177
479.0 97.48547673225403
480.0 97.65205979347229
481.0 97.75095582008362
482.0 97.96744585037231
483.0 97.81973361968994
484.0 98.03600907325745
485.0 98.05198907852173
486.0 98.08439612388611
487.0 98.127681016922
488.0 98.10881018638611
489.0 98.23272228240967
490.0 98.16208481788635
491.0 98.17797541618347
492.0 98.10042977333069
493.0 98.07023406028748
494.0 98.03741574287415
495.0 98.10454845428467
496.0 97.91237711906433
497.0 97.861647605896
498.0 97.69265055656433
499.0 97.71804213523865
500.0 97.64549732208252
501.0 97.59272933006287
502.0 97.49952554702759
503.0 97.64484763145447
504.0 97.49892354011536
505.0 97.49837517738342
506.0 97.56677746772766
507.0 97.4845290184021
508.0 97.49671220779419
509.0 97.47517704963684
510.0 97.43472337722778
511.0 97.37207889556885
512.0 97.33649492263794
513.0 97.3870038986206
514.0 97.34548330307007
515.0 97.36526012420654
516.0 97.50368595123291
517.0 97.4487841129303
518.0 97.54107594490051
519.0 97.59443402290344
520.0 97.63385057449341
521.0 97.72499799728394
522.0 97.77593612670898
523.0 97.80243635177612
524.0 97.81030416488647
525.0 97.75989055633545
526.0 97.83867001533508
527.0 97.8738009929657
528.0 97.9299783706665
529.0 98.04680347442627
530.0 98.06503057479858
531.0 98.20820689201355
532.0 98.08852672576904
533.0 98.09359908103943
534.0 98.09018969535828
535.0 97.9141354560852
536.0 97.63402342796326
537.0 97.14190363883972
538.0 96.4813768863678
539.0 95.18523216247559
540.0 93.56556534767151
541.0 91.10023379325867
542.0 88.43393325805664
543.0 84.94389057159424
544.0 80.42197823524475
545.0 76.41306519508362
546.0 71.48523330688477
547.0 66.90553426742554
548.0 62.289828062057495
549.0 58.08765888214111
550.0 54.771530628204346
551.0 51.54440402984619
552.0 49.168092012405396
553.0 46.686604619026184
554.0 43.91196668148041
555.0 40.83324074745178
556.0 36.75318360328674
557.0 31.984174251556396
558.0 26.667213439941406
559.0 21.314890682697296
560.0 16.05733335018158
561.0 11.1369788646698
562.0 7.259366661310196
563.0 4.350840300321579
564.0 2.4242250248789787
565.0 1.2004874646663666
566.0 0.6317304447293282
567.0 0.32098961528390646
568.0 0.20778500474989414
569.0 0.11678512673825026
570.0 0.08341997163370252
571.0 0.048098748084157705
572.0 0.043376354733482
573.0 0.03807792963925749
574.0 0.043322923011146486
575.0 0.035784507053904235
576.0 0.04030864220112562
577.0 0.02583742025308311
578.0 0.03642660449258983
579.0 0.025818165158852935
580.0 0.027287230477668345
581.0 0.028072766144759953
582.0 0.027912799851037562
583.0 0.013917007890995592
584.0 0.018082457245327532
585.0 0.017549796029925346
586.0 0.030130930826999247
587.0 0.01381263427902013
588.0 0.021067292254883796
589.0 0.012216216418892145
590.0 0.019657326629385352
591.0 0.010903214570134878
592.0 0.01082501039491035
593.0 0.020475932979024947
594.0 0.009645307727623731
595.0 0.013646096340380609
596.0 0.0041064929973799735
597.0 0.01822644262574613
598.0 0.009235175093635917
599.0 0.010132777242688462
600.0 0.014828929852228612
601.0 0.002305866655660793
602.0 0.0024555383788538165
603.0 0.002605209738248959
604.0 0.0023354334189207293
605.0 0.0020656570995924994
606.0 0.0020285049686208367
607.0 0.0019913526557502337
608.0 0.0018613582142279483
609.0 0.001731363772705663
610.0 0.001862725184764713
611.0 0.0019940862330258824
612.0 0.0018910275684902444
613.0 0.0017879690858535469
614.0 0.001855451955634635
615.0 0.001922935371112544
616.0 0.0020218658391968347
617.0 0.002120796125382185
618.0 0.001935682121256832
619.0 0.0017505679352325387
620.0 0.0017684220438241027
621.0 0.0017862765162135474
622.0 0.0016403881090809591
623.0 0.0014944995200494304
624.0 0.0014813536836300045
625.0 0.0014682077562611084
626.0 0.0014160402315610554
627.0 0.001363873070658883
628.0 0.001529116343590431
629.0 0.0016943598893703893
630.0 0.0014750342415936757
631.0 0.0012557082300190814
632.0 0.0013615131138067227
633.0 0.0014673176337964833
634.0 0.001444978352083126
635.0 0.0014226387065718882
636.0 0.0013853748896508478
637.0 0.0013481116184266284
638.0 0.0012709316251857672
639.0 0.0011937515409954358
640.0 0.0011147795703436714
641.0 0.0010358073268434964
642.0 0.00126032955449773
643.0 0.0014848518731014337
644.0 0.00140459269459825
645.0 0.001324333334196126
646.0 0.0012122669431846589
647.0 0.0011002006431226619
648.0 0.001019081082631601
649.0 0.0009379613402415998
650.0 0.0011825963156297803
651.0 0.00142723092722008
652.0 0.0011811858712462708
653.0 0.000935140997171402
654.0 0.001014481131278444
655.0 0.0010938214472844265
656.0 0.0011339484444761183
657.0 0.0011740755326172803
658.0 0.0011030106179532595
659.0 0.0010319460670871194
660.0 0.0010168735570914578
661.0 0.0010018011380452663
662.0 0.0010745988220151048
663.0 0.001147396778833354
664.0 0.0012416538993420545
665.0 0.0013359106560528744
666.0 0.0011780610293499194
667.0 0.001020211220748024
668.0 0.0011128334335808177
669.0 0.001205455555464141
670.0 0.001144497946370393
671.0 0.0010835402463271748
672.0 0.0011713533240254037
673.0 0.0012591662198246922
674.0 0.001195840013679117
675.0 0.0011325138984830119
676.0 0.001070582220563665
677.0 0.0010086501788464375
678.0 0.0011152239494549576
679.0 0.0012217977200634778
680.0 0.0011012173672497738
681.0 0.0009806369234865997
682.0 0.0010182906407862902
683.0 0.0010559442671365105
684.0 0.000908003312360961
685.0 0.0007600621756864712
686.0 0.0010018959983426612
687.0 0.0012437296390999109
688.0 0.001170639370684512
689.0 0.001097549102269113
690.0 0.0009846960892900825
691.0 0.000871843167260522
692.0 0.0008907200026442297
693.0 0.0009095969289774075
694.0 0.0010183632184634916
695.0 0.0011271293260506354
696.0 0.0011721585906343535
697.0 0.001217187582369661
698.0 0.0013178887456888333
699.0 0.0014185899999574758
700.0 0.0012365501788735855
701.0 0.001054510266840225
702.0 0.0011296481716271956
703.0 0.0012047858945152257
704.0 0.0011778885891544633
705.0 0.0011509909199958201
706.0 0.0011364743841113523
707.0 0.0011219579391763546
708.0 0.001096974483516533
709.0 0.0010719912097556517
710.0 0.0012080437045369763
711.0 0.0013440964721667115
712.0 0.0012140166290919296
713.0 0.0010839371498150285
714.0 0.0012127993613830768
715.0 0.0013416620276984759
716.0 0.0015248287127178628
717.0 0.0017079957615351304
718.0 0.001953827995748725
719.0 0.0021996598661644384
720.0 0.001814074676076416
721.0 0.001428489304089453
722.0 0.0015730116501799785
723.0 0.0017175343600683846
724.0 0.0017159192793769762
725.0 0.0017143045624834485
726.0 0.001864553996711038
727.0 0.002014803612837568
728.0 0.002083194885926787
729.0 0.002151585795218125
730.0 0.0020961611880920827
731.0 0.0020407362171681598
732.0 0.001966827221622225
733.0 0.00189291822607629
734.0 0.0016188823792617768
735.0 0.0013448468962451443
736.0 0.0011885224012075923
737.0 0.0010321978152205702
738.0 0.0010777765055536292
739.0 0.0011233553777856287
740.0 0.0009543783562548924
741.0 0.0007854013347241562
742.0 0.0007117519544408424
743.0 0.0006381026196322637
744.0 0.000780289792601252
745.0 0.0009224771019944455
746.0 0.0009768672498466913
747.0 0.0010312574886484072
748.0 0.0011125869605166372
749.0 0.0011939166142838076
750.0 0.0009927804967446718
751.0 0.0007916446520539466
752.0 0.0007814133823558223
753.0 0.0007711823855061084
754.0 0.0008145410902216099
755.0 0.0008578997949371114
756.0 0.000904254375200253
757.0 0.0009506089554633945
758.0 0.0009121380571741611
759.0 0.0008736674317333382
760.0 0.0006900144398969132
761.0 0.0005063613116362831
762.0 0.0005620650426862994
763.0 0.0006177686373121105
764.0 0.0007186034963524435
765.0 0.0008194385372917168
766.0 0.0007483209174097283
767.0 0.0006772033430024749
768.0 0.0005432707894215127
769.0 0.0004093382358405506
770.0 0.00036565297705237754
771.0 0.00032196776373893954
772.0 0.0005693249477189966
773.0 0.0008166824045474641
774.0 0.0009060217053047381
775.0 0.0009953611879609525
776.0 0.0008715531294001266
777.0 0.0007477449798898306
778.0 0.0007110331807780312
779.0 0.000674321427140967
780.0 0.0006040410880814306
781.0 0.0005337607490218943
782.0 0.000555743736185832
783.0 0.0005777265869255643
784.0 0.0007370701951003866
785.0 0.0008964138032752089
786.0 0.000729343219063594
787.0 0.0005622729986498598
788.0 0.0004384734438644955
789.0 0.000314674048240704
790.0 0.0002817066842908389
791.0 0.00024873929760360625
792.0 0.00021079126781842206
793.0 0.00017284320392718655
794.0 0.0002426406354061328
795.0 0.0003124380782537628
796.0 0.00040322806853509974
797.0 0.0004940179678669665
798.0 0.0005204211447562557
799.0 0.0005468243216455448
800.0 0.000517559874424478
801.0 0.0004882955181528814
802.0 0.0004078767688042717
803.0 0.00032745815587986726
804.0 0.00029748880479019135
805.0 0.00026751956738735316
806.0 0.0002887224809455802
807.0 0.00030992541724117473
808.0 0.00040896761674957816
809.0 0.0005080098162579816
810.0 0.00037744980545539875
811.0 0.0002468897491780808
812.0 0.0002604320570753771
813.0 0.00027397431949793827
814.0 0.00036256949442758923
815.0 0.0004511647148319753
816.0 0.0005864977538294625
817.0 0.0007218307018774794
818.0 0.0004779658866027603
819.0 0.0002341010940654087
820.0 0.00039846004256105516
821.0 0.000562818922844599
822.0 0.0004983690359949833
823.0 0.00043391910367063247
824.0 0.0004946538865624461
825.0 0.0005553886239795247
826.0 0.0006862065220047953
827.0 0.0008170243745553307
828.0 0.0007063352768454934
829.0 0.0005956461336609209
830.0 0.0005126928499521455
831.0 0.000429739520768635
832.0 0.0005585732196777826
833.0 0.0006874068276374601
834.0 0.000528640975971939
835.0 0.000369875124306418
836.0 0.0003904540335497586
837.0 0.0004110329882678343
838.0 0.00040537161112297326
839.0 0.0003997102794528473
840.0 0.0005569246241066139
841.0 0.0007141388323361753
842.0 0.00038468865568574984
843.0 5.523837103282858e-05
844.0 9.621880963095464e-05
845.0 0.00013719927665079013
846.0 0.00037648737816198263
847.0 0.0006157756160973804
848.0 0.0005355577741283923
849.0 0.00045534002310887445
850.0 0.00048423285079479683
851.0 0.0005131256784807192
852.0 0.000582637767365668
853.0 0.000652149492452736
854.0 0.0006097211553424131
855.0 0.0005672926363331499
856.0 0.0005407963271863991
857.0 0.0005143001089891186
858.0 0.0005381771188694984
859.0 0.0005620541287498781
860.0 0.0005563684680964798
861.0 0.0005506827619683463
862.0 0.0005324993708200054
863.0 0.0005143159796716645
864.0 0.00045507495087804273
865.0 0.000395833967559156
866.0 0.00045634806156158447
867.0 0.000516862201038748
868.0 0.0006278838100115536
869.0 0.0007389054189843591
870.0 0.0006003873295412632
871.0 0.00046186910367396194
872.0 0.0004362260369816795
873.0 0.0004105828338651918
874.0 0.0004955059466738021
875.0 0.0005804291049571475
876.0 0.0006619847681577085
877.0 0.0007435403858835343
878.0 0.0007987819117261097
879.0 0.0008540233466192149
880.0 0.0007486395134037593
881.0 0.0006432559985114494
882.0 0.0005932296517130453
883.0 0.0005432035777630517
884.0 0.000566696598980343
885.0 0.0005901898020965746
886.0 0.0006808043508499395
887.0 0.0007714191269769799
888.0 0.0006170982487674337
889.0 0.00046277741603262257
890.0 0.000498231929668691
891.0 0.0005336866706784349
892.0 0.0005182307631912408
893.0 0.000502774946653517
894.0 0.0004691758022090653
895.0 0.0004355767032393487
896.0 0.00024360158477065852
897.0 5.162645493328455e-05
898.0 0.00023807972411304945
899.0 0.00042453302739886567
900.0 0.0004110982445126865
901.0 0.0003976635525759775
902.0 0.0005363130640034797
903.0 0.0006749625299562467
904.0 0.00035423843200987903
905.0 3.351426016706682e-05
906.0 0.00029004895623074844
