lsstCam/transmission_filter_detector/r43_s22/y_10/19700101T000000.ecsv
# %ECSV 1.0
# ---
# datatype:
# - {name: wavelength, unit: nm, datatype: float32}
# - {name: efficiency, unit: '%', datatype: float64}
# meta: !!omap
# - {MODE: DETECTOR}
# - {TYPE: transmission_filter_detector}
# - {CALIBDATE: '1970-01-01T00:00:00'}
# - {INSTRUME: LSSTCam}
# - {OBSTYPE: transmission_filter_detector}
# - {CALIBCLS: lsst.ip.isr.IntermediateFilterDetectorTransmissionCurve}
# - {SOURCE: Materion (DM-46256)}
# - {DETECTOR: 188}
# - {FILTER: y_10}
# - {CALIB_ID: 'calibDate=1970-01-01T00:00:00 filter=y_10 detector=188'}
# - {DATE: '2025-04-02T15:59:51.612360'}
# - {CALIB_CREATION_DATE: '2025-04-02'}
# - {CALIB_CREATION_TIME: '15:59:51'}
# - __serialized_columns__:
#     efficiency:
#       __class__: astropy.units.quantity.Quantity
#       unit: !astropy.units.Unit {unit: '%'}
#       value: !astropy.table.SerializedColumn {name: efficiency}
#     wavelength:
#       __class__: astropy.units.quantity.Quantity
#       unit: !astropy.units.Unit {unit: nm}
#       value: !astropy.table.SerializedColumn {name: wavelength}
# schema: astropy-2.0
wavelength efficiency
[from data line 578]
878.0 0.000981306584435515
879.0 0.0015502979294979014
880.0 0.04356257268227637
881.0 0.07302887970581651
882.0 0.049062148900702596
883.0 0.09065265185199678
884.0 0.047122733667492867
885.0 0.10103046661242843
886.0 0.040555899613536894
887.0 0.10075441095978022
888.0 0.07462750654667616
889.0 0.0785582116805017
890.0 0.05394075415097177
891.0 0.08878636872395873
892.0 0.06521004834212363
893.0 0.10880284244194627
894.0 0.06133649731054902
895.0 0.0924524967558682
896.0 0.07204419816844165
897.0 0.09282092214561999
898.0 0.07226810557767749
899.0 0.11718895984813571
900.0 0.08411014568991959
901.0 0.11515765218064189
902.0 0.12148263631388545
903.0 0.12698903447017074
904.0 0.14406468253582716
905.0 0.14142728177830577
906.0 0.1695846556685865
907.0 0.22289517801254988
908.0 0.2221165457740426
909.0 0.2665292005985975
910.0 0.35609204787760973
911.0 0.46742684207856655
912.0 0.6128675304353237
913.0 0.9075833484530449
914.0 1.2732138857245445
915.0 1.9191890954971313
916.0 2.833358943462372
917.0 4.02577705681324
918.0 5.605617165565491
919.0 7.330557703971863
920.0 9.943846613168716
921.0 12.85591572523117
922.0 15.648171305656433
923.0 18.741975724697113
924.0 21.938960254192352
925.0 25.347653031349182
926.0 29.69413697719574
927.0 34.745725989341736
928.0 39.75245952606201
929.0 45.50138711929321
930.0 51.12728476524353
931.0 57.176560163497925
932.0 63.54244351387024
933.0 69.6982741355896
934.0 74.98751282691956
935.0 79.4091284275055
936.0 83.47698450088501
937.0 86.72188520431519
938.0 89.37265276908875
939.0 91.38647317886353
940.0 92.75539517402649
941.0 93.63455772399902
942.0 94.31393146514893
943.0 94.71274614334106
944.0 95.27561664581299
945.0 95.60359120368958
946.0 95.95469832420349
947.0 96.24878168106079
948.0 96.5791404247284
949.0 96.61943316459656
950.0 96.79651260375977
951.0 96.8867838382721
952.0 96.83386087417603
953.0 96.87923192977905
954.0 96.88478708267212
955.0 96.83794975280762
956.0 97.03631401062012
957.0 97.17769026756287
958.0 97.30338454246521
959.0 97.4331259727478
960.0 97.64524698257446
961.0 97.7882981300354
962.0 97.93863296508789
963.0 98.12142252922058
964.0 98.20351600646973
965.0 98.33600521087646
966.0 98.45483303070068
967.0 98.57012629508972
968.0 98.57840538024902
969.0 98.60493540763855
970.0 98.69191646575928
971.0 98.7450122833252
972.0 98.77074360847473
973.0 98.8246738910675
974.0 98.8057017326355
975.0 98.76330494880676
976.0 98.86218309402466
977.0 98.86055588722229
978.0 98.89897108078003
979.0 98.89447093009949
980.0 98.87233376502991
981.0 98.78981709480286
982.0 98.7886905670166
983.0 98.84766936302185
984.0 98.79898428916931
985.0 98.80642294883728
986.0 98.66000413894653
987.0 98.7486183643341
988.0 98.5932469367981
989.0 98.57838153839111
990.0 98.49651455879211
991.0 98.49774837493896
992.0 98.51936101913452
993.0 98.44797253608704
994.0 98.402339220047
995.0 98.38776588439941
996.0 98.36546182632446
997.0 98.41659665107727
998.0 98.44318628311157
999.0 98.48799109458923
1000.0 98.51897954940796
1001.0 98.5314130783081
1002.0 98.70195388793945
1003.0 98.72150421142578
1004.0 98.79910945892334
1005.0 98.79366755485535
1006.0 98.92406463623047
1007.0 98.91161322593689
1008.0 98.95392060279846
1009.0 98.94757866859436
1010.0 98.95692467689514
1011.0 98.98247718811035
1012.0 98.91542196273804
1013.0 98.90466332435608
1014.0 98.86958003044128
1015.0 98.86342883110046
1016.0 98.831045627594
1017.0 98.82498979568481
1018.0 98.86980652809143
1019.0 98.77657294273376
1020.0 98.8033652305603
1021.0 98.89727830886841
1022.0 98.77861142158508
1023.0 98.78466129302979
1024.0 98.73454570770264
1025.0 98.75633716583252
1026.0 98.78242015838623
1027.0 98.89879822731018
1028.0 98.74576330184937
1029.0 98.8746702671051
1030.0 98.89702200889587
1031.0 98.96507263183594
1032.0 98.93986582756042
1033.0 98.86411428451538
1034.0 98.90277981758118
1035.0 98.96175265312195
1036.0 98.91981482505798
1037.0 98.91325235366821
1038.0 98.80510568618774
1039.0 98.82329106330872
1040.0 98.72168898582458
1041.0 98.86411428451538
1042.0 98.76758456230164
1043.0 98.70431423187256
1044.0 98.75282645225525
1045.0 98.49523901939392
1046.0 98.64819645881653
1047.0 98.54630827903748
1048.0 98.61321449279785
1049.0 98.48388433456421
1050.0 98.4985888004303
1051.0 98.49615693092346
1052.0 98.45248460769653
1053.0 98.3329713344574
1054.0 98.55827689170837
1055.0 98.62515330314636
1056.0 98.45102429389954
1057.0 98.48842024803162
1058.0 98.39717745780945
1059.0 98.38792681694031
1060.0 98.56554865837097
1061.0 98.44183325767517
1062.0 98.52805733680725
1063.0 98.48986864089966
1064.0 98.5835611820221
1065.0 98.54885339736938
1066.0 98.66130948066711
1067.0 98.75437021255493
1068.0 98.7594485282898
1069.0 98.43147397041321
1070.0 98.83174300193787
1071.0 98.62743616104126
1072.0 98.7250804901123
1073.0 98.84567260742188
1074.0 98.41709733009338
1075.0 98.41075539588928
1076.0 98.16169142723083
1077.0 98.66852760314941
1078.0 98.67779016494751
1079.0 98.42248558998108
1080.0 99.25333857536316
1081.0 98.51475358009338
1082.0 98.30368757247925
1083.0 98.36980104446411
1084.0 98.76838326454163
1085.0 98.70266914367676
1086.0 98.51303100585938
1087.0 98.48918914794922
1088.0 98.10084104537964
1089.0 98.12015891075134
1090.0 98.36630821228027
1091.0 98.47859144210815
1092.0 98.50994348526001
1093.0 98.36260676383972
1094.0 97.96565771102905
1095.0 97.98638224601746
1096.0 98.42696785926819
1097.0 97.93624877929688
1098.0 97.6757824420929
1099.0 98.23567271232605
1100.0 97.82381653785706
