lsstCam/transmission_filter_detector/r43_s22/y_10/19700101T000000.ecsv
# %ECSV 1.0
# ---
# datatype:
# - {name: wavelength, unit: nm, datatype: float32}
# - {name: efficiency, unit: '%', datatype: float64}
# meta: !!omap
# - {MODE: DETECTOR}
# - {TYPE: transmission_filter_detector}
# - {CALIBDATE: '1970-01-01T00:00:00'}
# - {INSTRUME: LSSTCam}
# - {OBSTYPE: transmission_filter_detector}
# - {CALIBCLS: lsst.ip.isr.IntermediateFilterDetectorTransmissionCurve}
# - {SOURCE: Materion (DM-46256)}
# - {DETECTOR: 188}
# - {FILTER: y_10}
# - {CALIB_ID: 'calibDate=1970-01-01T00:00:00 filter=y_10 detector=188'}
# - {DATE: '2025-04-02T15:59:51.612360'}
# - {CALIB_CREATION_DATE: '2025-04-02'}
# - {CALIB_CREATION_TIME: '15:59:51'}
# - __serialized_columns__:
#     efficiency:
#       __class__: astropy.units.quantity.Quantity
#       unit: !astropy.units.Unit {unit: '%'}
#       value: !astropy.table.SerializedColumn {name: efficiency}
#     wavelength:
#       __class__: astropy.units.quantity.Quantity
#       unit: !astropy.units.Unit {unit: nm}
#       value: !astropy.table.SerializedColumn {name: wavelength}
# schema: astropy-2.0
wavelength efficiency
300.0 0.021569539967458695
301.0 0.026462212554179132
302.0 0.03135488950647414
303.0 0.02479994436725974
304.0 0.018244994862470776
305.0 0.016227675951085985
306.0 0.01421035995008424
307.0 0.012829602928832173
308.0 0.011448848090367392
309.0 0.013189516903366894
310.0 0.014930186443962157
311.0 0.008903843990992755
312.0 0.0028775004466297105
313.0 0.003161875793011859
314.0 0.003446249320404604
315.0 0.00300609153782716
316.0 0.002565933573350776
317.0 0.003370396007085219
318.0 0.00417485716752708
319.0 0.003102132905041799
320.0 0.0020294080968596973
321.0 0.003966416261391714
322.0 0.005903424971620552
323.0 0.0036621666367864236
324.0 0.0014209082110028248
325.0 0.002009636227739975
326.0 0.0025983636078308336
327.0 0.0020945753931300715
328.0 0.0015907871784293093
329.0 0.0023807664547348395
330.0 0.00317074591293931
331.0 0.0021758674847660586
332.0 0.0011809891475422774
333.0 0.0017394015230820514
334.0 0.0022978138076723553
335.0 0.0022225753127713688
336.0 0.002147336272173561
337.0 0.001991479621210601
338.0 0.0018356229702476412
339.0 0.0015915255062282085
340.0 0.0013474280422087759
341.0 0.001830941801017616
342.0 0.0023144559236243367
343.0 0.002045141445705667
344.0 0.001775827149685938
345.0 0.001033713579090545
346.0 0.0002915999630204169
347.0 0.0008132940820360091
348.0 0.0013349879736779258
349.0 0.001457919006497832
350.0 0.0015808500393177383
351.0 0.0015619971236446872
352.0 0.0015431440260726959
353.0 0.0016508318367414176
354.0 0.0017585192836122587
355.0 0.0020265615603420883
356.0 0.002294603837071918
357.0 0.0015586259905830957
358.0 0.0008226480531448033
359.0 0.0008148589586198796
360.0 0.0008070696821960155
361.0 0.001006284583127126
362.0 0.0012054992112098262
363.0 0.0010288532394042704
364.0 0.0008522076313965954
365.0 0.0010586257303657476
366.0 0.0012650440112338401
367.0 0.0017648813809501007
368.0 0.002264719114464242
369.0 0.0019166638594469987
370.0 0.0015686082406318747
371.0 0.0017345821106573567
372.0 0.0019005557987838984
373.0 0.0021365134671214037
374.0 0.0023724709535599686
375.0 0.0029775303119095042
376.0 0.0035825894883600995
377.0 0.0040051087125902995
378.0 0.004427627573022619
379.0 0.004136849383939989
380.0 0.0038460708310594782
381.0 0.0031570005376124755
382.0 0.0024679302441654727
383.0 0.0018883547454606742
384.0 0.001308779428654816
385.0 0.000931489012145903
386.0 0.0005541985046875197
387.0 0.0006063643922971096
388.0 0.0006585303708561696
389.0 0.0005774751571152592
390.0 0.0004964199433743488
391.0 0.0005167235940461978
392.0 0.000537027290192782
393.0 0.0006427086191251874
394.0 0.0007483899025828578
395.0 0.0007783950422890484
396.0 0.0008084001819952391
397.0 0.0009089682862395421
398.0 0.0010095367542817257
399.0 0.001155200425273506
400.0 0.001300864005315816
401.0 0.001571249777043704
402.0 0.0018416349121253006
403.0 0.0019261167835793458
404.0 0.0020105982912355103
405.0 0.0019352972230990417
406.0 0.0018599959730636328
407.0 0.0018099806766258553
408.0 0.001759965562087018
409.0 0.0017833446690929122
410.0 0.0018067237760988064
411.0 0.001030423300107941
412.0 0.0002541227331676055
413.0 0.00014943452697480097
414.0 4.474592287806445e-05
415.0 2.690920836850852e-10
416.0 2.690920836850852e-10
417.0 2.690920836850852e-10
418.0 2.690920836850852e-10
419.0 2.690920836850852e-10
420.0 0.0005771213636762695
421.0 0.00011235102874707081
422.0 2.690920836850852e-10
423.0 2.690920836850852e-10
424.0 0.00019088934095634613
425.0 2.7634050070446392e-05
426.0 2.690920836850852e-10
427.0 0.0005332018645276548
428.0 0.0012020248504995834
429.0 0.00014979895013311761
430.0 2.690920836850852e-10
431.0 2.690920836850852e-10
432.0 2.690920836850852e-10
433.0 2.690920836850852e-10
434.0 2.690920836850852e-10
435.0 2.690920836850852e-10
436.0 0.0003061669303860981
437.0 2.690920836850852e-10
438.0 2.690920836850852e-10
439.0 2.690920836850852e-10
440.0 2.690920836850852e-10
441.0 2.690920836850852e-10
442.0 2.690920836850852e-10
443.0 2.690920836850852e-10
444.0 0.000311206486003357
445.0 0.00016271457070615725
446.0 1.4222820254872204e-05
447.0 2.690920836850852e-10
448.0 2.690920836850852e-10
449.0 0.00011075355814682553
450.0 0.0003670737896754872
451.0 2.690920836850852e-10
452.0 2.690920836850852e-10
453.0 2.690920836850852e-10
454.0 2.690920836850852e-10
455.0 2.690920836850852e-10
456.0 0.00015868965874688
457.0 0.00022152644305606373
458.0 0.00028436318189051235
459.0 0.00036980152344767703
460.0 0.00045523979679273907
461.0 0.00023574868919240544
462.0 1.6257538959507656e-05
463.0 0.0003276403276686324
464.0 0.000639023119219928
465.0 0.0006680777005385607
466.0 0.0006971323728066636
467.0 0.0005342485110304551
468.0 0.0003713646947289817
469.0 0.0009152432539849542
470.0 0.0014591218132409267
471.0 0.0010171751455345657
472.0 0.0005752287506766152
473.0 0.001592632725078147
474.0 0.002610036972328089
475.0 0.002651944487297442
476.0 0.0026938520022667944
477.0 0.002393636168562807
478.0 0.00209342033485882
479.0 0.0024425185984000564
480.0 0.0027916170438402332
481.0 0.0029419083148241043
482.0 0.003092199403909035
483.0 0.0031393614335684106
484.0 0.0031865230994299054
485.0 0.002752611180767417
486.0 0.0023186992621049285
487.0 0.002033945929724723
488.0 0.0017491925973445177
489.0 0.0017642394595895894
490.0 0.001779286321834661
491.0 0.0016595069610048085
492.0 0.0015397272363770753
493.0 0.0015619532860000618
494.0 0.0015841793356230482
495.0 0.001778657315298915
496.0 0.0019731351130758412
497.0 0.0016538779163965955
498.0 0.0013346207197173499
499.0 0.0013353998838283587
500.0 0.0013361786841414869
501.0 0.0018977427316713147
502.0 0.0024593067792011425
503.0 0.002355577817070298
504.0 0.0022518490368383937
505.0 0.002163758108508773
506.0 0.002075666816381272
507.0 0.00203391864488367
508.0 0.0019921706552850083
509.0 0.0018017797628999688
510.0 0.0016113888705149293
511.0 0.001806160253181588
512.0 0.0020009316358482465
513.0 0.0018483902749721892
514.0 0.001695848914096132
515.0 0.001761120256560389
516.0 0.0018263917809235863
517.0 0.0014614598512707744
518.0 0.0010965279216179624
519.0 0.001075308409781428
520.0 0.0010540889888943639
521.0 0.0011112467291241046
522.0 0.0011684043784043752
523.0 0.0012745707863359712
524.0 0.0013807371942675672
525.0 0.001741157757351175
526.0 0.0021015783204347827
527.0 0.0023204753233585507
528.0 0.002539372508181259
529.0 0.002718390169320628
530.0 0.002897407830459997
531.0 0.0025930658011930063
532.0 0.0022887241357238963
533.0 0.0020805337044293992
534.0 0.0018723434550338425
535.0 0.001806675390980672
536.0 0.0017410067812306806
537.0 0.0017775259038899094
538.0 0.0018140450265491381
539.0 0.002472513369866647
540.0 0.0031309820769820362
541.0 0.0036945901229046285
542.0 0.004258198168827221
543.0 0.004570338205667213
544.0 0.004882478970102966
545.0 0.0044468419218901545
546.0 0.004011204146081582
547.0 0.003710572491399944
548.0 0.003409940836718306
549.0 0.0031234536436386406
550.0 0.002836966268660035
551.0 0.002458235394442454
552.0 0.0020795047021238133
553.0 0.0024185495931305923
554.0 0.002757594847935252
555.0 0.00310852010443341
556.0 0.0034594457247294486
557.0 0.004171801629127003
558.0 0.004884157897322439
559.0 0.0048060181143227965
560.0 0.0047278779675252736
561.0 0.004211143095744774
562.0 0.003694408223964274
563.0 0.003290914901299402
564.0 0.0028874217605334707
565.0 0.003288633524789475
566.0 0.003689844743348658
567.0 0.004577927029458806
568.0 0.005466008587973192
569.0 0.006364912405842915
570.0 0.0072638169513083994
571.0 0.0075337062298785895
572.0 0.007803594780853018
573.0 0.007676299719605595
574.0 0.007549005385953933
575.0 0.007096416811691597
576.0 0.0066438275098335
577.0 0.005910679465159774
578.0 0.005177531784283929
579.0 0.004753434041049331
580.0 0.004329336661612615
581.0 0.005278267417452298
582.0 0.006227199628483504
583.0 0.008006220014067367
584.0 0.009785241854842752
585.0 0.011108569015050307
586.0 0.012431899085640907
587.0 0.012172858987469226
588.0 0.01191382107208483
589.0 0.010830708924913779
590.0 0.00974760259850882
591.0 0.008943677676143125
592.0 0.008139753481373191
593.0 0.007395110878860578
594.0 0.006650466093560681
595.0 0.005827095446875319
596.0 0.0050037229812005535
597.0 0.005384373434935696
598.0 0.005765023524872959
599.0 0.006902090535731986
600.0 0.008039159001782537
601.0 0.008883950795279816
602.0 0.009728741861181334
603.0 0.010356213169870898
604.0 0.01098368302336894
605.0 0.010374801058787853
606.0 0.009765920549398288
607.0 0.00943252452998422
608.0 0.009099127782974392
609.0 0.00787530661909841
610.0 0.006651486182818189
611.0 0.005125697862240486
612.0 0.0035999091778649017
613.0 0.00345675325661432
614.0 0.0033135973353637382
615.0 0.003521090911817737
616.0 0.0037285844882717356
617.0 0.005101290298625827
618.0 0.006473995745182037
619.0 0.007993813778739423
620.0 0.009513631812296808
621.0 0.010114473116118461
622.0 0.010715312964748591
623.0 0.010601471876725554
624.0 0.010487629333510995
625.0 0.009943670011125505
626.0 0.009399709961144254
627.0 0.008237682050094008
628.0 0.007075654139043763
629.0 0.005837616117787547
630.0 0.00459957736893557
631.0 0.0036537341657094657
632.0 0.002707890780584421
633.0 0.0027193978894501925
634.0 0.002730904998315964
635.0 0.002674214920261875
636.0 0.0026175242965109646
637.0 0.003472025491646491
638.0 0.004326526686782017
639.0 0.005086778037366457
640.0 0.005847029387950897
641.0 0.005960229100310244
642.0 0.00607342881266959
643.0 0.0058428722695680335
644.0 0.005612315362668596
645.0 0.0050876220484497026
646.0 0.004562928734230809
647.0 0.003939781527151354
648.0 0.0033166339562740177
649.0 0.0027917858460568823
650.0 0.0022669380996376276
651.0 0.0022115367755759507
652.0 0.002156135451514274
653.0 0.001866990169219207
654.0 0.0015778450688230805
655.0 0.002013602716033347
656.0 0.0024493603632436134
657.0 0.002082659011648502
658.0 0.0017159578419523314
659.0 0.0015870256902417168
660.0 0.0014580936294805724
661.0 0.001590465399203822
662.0 0.0017228372598765418
663.0 0.0020799372578039765
664.0 0.0024370374376303516
665.0 0.0024665147066116333
666.0 0.0024959923393907957
667.0 0.0028410870072548278
668.0 0.0031861818570178
669.0 0.004468584302230738
670.0 0.005750986019847915
671.0 0.006560435576830059
672.0 0.007369884406216443
673.0 0.00763983916840516
674.0 0.007909793202998117
675.0 0.00746192890801467
676.0 0.007014063157839701
677.0 0.006526507786475122
678.0 0.0060389509599190205
679.0 0.005024875281378627
680.0 0.004010798875242472
681.0 0.002706627310544718
682.0 0.0014024548363522626
683.0 0.0008372540833079256
684.0 0.00027205310288991313
685.0 0.0003223128942408948
686.0 0.0003725726173797739
687.0 0.00038961320569796953
688.0 0.00040665368032932747
689.0 0.0004138656095165061
690.0 0.0004210775387036847
691.0 0.00022992680897004902
692.0 3.8776036603849207e-05
693.0 0.00014175699334373348
694.0 0.0002447379074510536
695.0 0.00027076841888629133
696.0 0.0002967989530588966
697.0 0.00044435946620069444
698.0 0.0005919200702919625
699.0 0.0002445080781399156
700.0 2.690920836850852e-10
701.0 2.690920836850852e-10
702.0 2.690920836850852e-10
703.0 6.887484573780966e-05
704.0 0.0005227279416430974
705.0 0.0003683049726532772
706.0 0.0002138819581887219
707.0 0.00010445809266457218
708.0 2.690920836850852e-10
709.0 0.00023759930627420545
710.0 0.000480164408145356
711.0 0.0002890251153075951
712.0 9.788581110115047e-05
713.0 5.6566409512015525e-05
714.0 1.524690134147022e-05
715.0 0.00010828612175828312
716.0 0.00020132526969973696
717.0 0.0003308952045699698
718.0 0.0004604650257533649
719.0 0.0002750456587818917
720.0 8.962637139120488e-05
721.0 0.00041842145037662704
722.0 0.0007472165179933654
723.0 0.000562854302188498
724.0 0.0003784920863836305
725.0 0.00029440659545798553
726.0 0.00021032117274444317
727.0 0.0004306662503950065
728.0 0.0006510111234092619
729.0 0.00047552557589369826
730.0 0.0003000398692165618
731.0 0.00013473777471517678
732.0 2.690920836850852e-10
733.0 0.00010788764939206885
734.0 0.0002463400278429617
735.0 0.0005459675321617397
736.0 0.0008455951501673553
737.0 0.0008685027751198504
738.0 0.0008914103091228753
739.0 0.0007304189239221159
740.0 0.0005694275841960916
741.0 0.0003079622501900303
742.0 4.649706966119993e-05
743.0 0.00028484355425462127
744.0 0.0005231901013758034
745.0 0.0003986698629887542
746.0 0.00027414969281380763
747.0 0.0002999482148879906
748.0 0.00032574687338637887
749.0 0.0003129902552245767
750.0 0.0003002335915880394
751.0 2.690920836850852e-10
752.0 2.690920836850852e-10
753.0 2.690920836850852e-10
754.0 0.0002666203272383427
755.0 0.0002444857273076195
756.0 0.00022235117285163142
757.0 0.00029163395538489567
758.0 0.00036091655601921957
759.0 0.0003530384674377274
760.0 0.00034516026516939746
761.0 0.000301080581266433
762.0 0.00025700069272716064
763.0 0.0003772407353608287
764.0 0.0004974806870450266
765.0 0.0003761922926059924
766.0 0.00025490394364169333
767.0 0.0002832468908309238
768.0 0.00031158988349488936
769.0 0.0003898231625498738
770.0 0.00046805648707959335
771.0 0.000291061110146984
772.0 0.00011406568773963954
773.0 0.00017371223748341436
774.0 0.00023335862806561636
775.0 0.0004791651463165181
776.0 0.0007249716418300522
777.0 0.0003201721256118617
778.0 2.690920836850852e-10
779.0 0.0005313865585776512
780.0 0.0011474007806100417
781.0 0.000971240660874173
782.0 0.0007950806320877746
783.0 0.0007430429832311347
784.0 0.0006910054707987001
785.0 0.00029428774723783135
786.0 2.690920836850852e-10
787.0 0.0006078217666072305
788.0 0.0013180735550122336
789.0 0.0009096193934965413
790.0 0.0005011649136577034
791.0 0.0006124123046902241
792.0 0.0007236597411974799
793.0 0.0008072553100646473
794.0 0.0008908507879823446
795.0 0.0006605841008422431
796.0 0.0004303173682274064
797.0 0.00048326946853194386
798.0 0.0005362216143112164
799.0 0.0007770177944621537
800.0 0.001017813974613091
801.0 0.0008028830961848143
802.0 0.0005879522632312728
803.0 0.0004637882739189081
804.0 0.00033962437555601355
805.0 0.0006989709163462976
806.0 0.0010583174116618466
807.0 0.0011822105989267584
808.0 0.0013061039680906106
809.0 0.0010829767234099563
810.0 0.0008598495696787722
811.0 0.0008871445970726199
812.0 0.0009144398973148782
813.0 0.000760219563744613
814.0 0.0006059993211238179
815.0 0.00038086186577857006
816.0 0.0001557244900141086
817.0 0.0003211635885236319
818.0 0.00048660308493708726
819.0 0.0004936794994137017
820.0 0.0005007558684155811
821.0 0.0006068153197702486
822.0 0.0007128748165996512
823.0 0.00032165162338060327
824.0 2.690920836850852e-10
825.0 0.00016535888107682695
826.0 0.0004002890364063205
827.0 0.0005255108135315822
828.0 0.0006507324087579036
829.0 0.0009839276572165545
830.0 0.0013171225873520598
831.0 0.0013334740287973545
832.0 0.0013498255611921195
833.0 0.0012561215953610372
834.0 0.001162417720479425
835.0 0.000798482506070286
836.0 0.0004345473371358821
837.0 0.0005799413884233218
838.0 0.0007253353032865562
839.0 0.0006165872036945075
840.0 0.0005078389676782535
841.0 0.0005195161975279916
842.0 0.0005311933819029946
843.0 0.0005803033673146274
844.0 0.0006294135800999356
845.0 0.0008520793016941752
846.0 0.00107474515971262
847.0 0.0007648618520761374
848.0 0.00045497872633859515
849.0 0.0007417368578899186
850.0 0.001028494898491772
851.0 0.0009508973562333267
852.0 0.0008733000868232921
853.0 0.000658867065794766
854.0 0.00044443431761465035
855.0 0.0006433433100028196
856.0 0.0008422523023909889
857.0 0.0009946384125214536
858.0 0.001147024431702448
859.0 0.00120267459351453
860.0 0.0012583246643771417
861.0 0.0010792760804179125
862.0 0.0009002275874081533
863.0 0.00126019613162498
864.0 0.0016201645848923363
865.0 0.001826813786465209
866.0 0.002033463169937022
867.0 0.0022093909137765877
868.0 0.002385319021414034
869.0 0.0024105256670736708
870.0 0.002435732494632248
871.0 0.00276959781331243
872.0 0.003103463677689433
873.0 0.002758301343419589
874.0 0.0024131391910486855
875.0 0.0016905998563743196
876.0 0.0009680602488515433
