lsstCam/transmission_filter_detector/r01_s02/r_57/19700101T000000.ecsv
# %ECSV 1.0
# ---
# datatype:
# - {name: wavelength, unit: nm, datatype: float32}
# - {name: efficiency, unit: '%', datatype: float64}
# meta: !!omap
# - {MODE: DETECTOR}
# - {TYPE: transmission_filter_detector}
# - {CALIBDATE: '1970-01-01T00:00:00'}
# - {INSTRUME: LSSTCam}
# - {OBSTYPE: transmission_filter_detector}
# - {CALIBCLS: lsst.ip.isr.IntermediateFilterDetectorTransmissionCurve}
# - {SOURCE: Materion (DM-46256)}
# - {DETECTOR: 2}
# - {FILTER: r_57}
# - {CALIB_ID: 'calibDate=1970-01-01T00:00:00 filter=r_57 detector=2'}
# - {DATE: '2025-04-02T15:59:44.194616'}
# - {CALIB_CREATION_DATE: '2025-04-02'}
# - {CALIB_CREATION_TIME: '15:59:44'}
# - __serialized_columns__:
#     efficiency:
#       __class__: astropy.units.quantity.Quantity
#       unit: !astropy.units.Unit {unit: '%'}
#       value: !astropy.table.SerializedColumn {name: efficiency}
#     wavelength:
#       __class__: astropy.units.quantity.Quantity
#       unit: !astropy.units.Unit {unit: nm}
#       value: !astropy.table.SerializedColumn {name: wavelength}
# schema: astropy-2.0
wavelength efficiency
300.0 0.0032034899049904197
301.0 0.00916043936740607
302.0 0.015117389557417482
303.0 0.018595499568618834
304.0 0.02207361249020323
305.0 0.019605603301897645
306.0 0.01713759411359206
307.0 0.014989470946602523
308.0 0.012841347779612988
309.0 0.011801695654867217
310.0 0.010762042074929923
311.0 0.010101917723659426
312.0 0.009441792644793168
313.0 0.008953388169175014
314.0 0.008464984421152622
315.0 0.0077123637311160564
316.0 0.006959743041079491
317.0 0.006309802120085806
318.0 0.005659860835294239
319.0 0.005467983646667562
320.0 0.0052761053666472435
321.0 0.005043734927312471
322.0 0.004811363032786176
323.0 0.004492845982895233
324.0 0.004174329296802171
325.0 0.004048541086376645
326.0 0.003922751420759596
327.0 0.004002336572739296
328.0 0.004081923543708399
329.0 0.003988931348430924
330.0 0.003895940608344972
331.0 0.0036887122405460104
332.0 0.003481484964140691
333.0 0.0031488856620853767
334.0 0.0028162854505353607
335.0 0.0024621878765174188
336.0 0.0021080901206005365
337.0 0.00193446012417553
338.0 0.0017608303096494637
339.0 0.0015787869415362366
340.0 0.0013967433005745988
341.0 0.0013344082617550157
342.0 0.0012720730410364922
343.0 0.0013501989087671973
344.0 0.0014283248674473725
345.0 0.0013947557818028145
346.0 0.0013611866961582564
347.0 0.0012915996194351465
348.0 0.0012220124517625663
349.0 0.001227053417096613
350.0 0.005844613770022988
351.0 0.005862010584678501
352.0 0.005879407763131894
353.0 0.00547581585124135
354.0 0.005072223939350806
355.0 0.005333415901986882
356.0 0.005594607864622958
357.0 0.006828000186942518
358.0 0.008061392873059958
359.0 0.005788763155578636
360.0 0.003516133438097313
361.0 0.002487965321051888
362.0 0.0014597973859054036
363.0 0.002676279291335959
364.0 0.003892761014867574
365.0 0.004022738357889466
366.0 0.004152716428507119
367.0 0.0035158303944626823
368.0 0.0028789439966203645
369.0 0.0020324639990576543
370.0 0.0011859841833938845
371.0 0.002112783840857446
372.0 0.003039584044017829
373.0 0.003492437463137321
374.0 0.003945290882256813
375.0 0.0034932898415718228
376.0 0.003041289164684713
377.0 0.0014717637895955704
378.0 1.730942320900264e-10
379.0 0.0008028611773625016
380.0 0.0017034841221175157
381.0 0.0024759696316323243
382.0 0.0032484553230460733
383.0 0.0034534761653048918
384.0 0.003658497371361591
385.0 0.004615059879142791
386.0 0.005571621295530349
387.0 0.005067758320365101
388.0 0.0045638949814019725
389.0 0.003970517718698829
390.0 0.003377139728399925
391.0 0.0022897389499121346
392.0 0.0012023381714243442
393.0 0.0015310240996768698
394.0 0.0018597096641315147
395.0 0.0012964899724465795
396.0 0.0007332702807616442
397.0 0.000844389978738036
398.0 0.0009555102224112488
399.0 0.000794715106167132
400.0 0.0006339195806503994
401.0 0.00025510787509119837
402.0 1.730942320900264e-10
403.0 0.0001348256546407356
404.0 0.0003933559582947055
405.0 0.000870843359734863
406.0 0.001348330442851875
407.0 0.00184645668923622
408.0 0.0023445827537216246
409.0 0.002061294981103856
410.0 0.0017780072084860876
411.0 0.001330920076725306
412.0 0.0008838329449645244
413.0 0.0008024835551623255
414.0 0.0007211342563095968
415.0 0.0007266332886501914
416.0 0.0007321326393139316
417.0 0.0013854972166882362
418.0 0.002038862294284627
419.0 0.002465770194248762
420.0 0.002892678458010778
421.0 0.004641784107661806
422.0 0.006390889757312834
423.0 0.009937335562426597
424.0 0.013483779912348837
425.0 0.017853894678410143
426.0 0.022224006534088403
427.0 0.022386937052942812
428.0 0.022549870482180268
429.0 0.017187932098750025
430.0 0.011825995170511305
431.0 0.008576746040489525
432.0 0.005327495455276221
433.0 0.0043652056774590164
434.0 0.003402915535843931
435.0 0.002655990101629868
436.0 0.0019090646674158052
437.0 0.0016809039152576588
438.0 0.0014527432540489826
439.0 0.001221371530846227
440.0 0.000989999716694001
441.0 0.0012167934073659126
442.0 0.001443587098037824
443.0 0.0017513768398202956
444.0 0.002059166581602767
445.0 0.001926471850310918
446.0 0.0017937769371201284
447.0 0.0017308231690549292
448.0 0.0016678697647876106
449.0 0.0017503089111414738
450.0 0.0018327476936974563
451.0 0.0019330955183249898
452.0 0.0020334435248514637
453.0 0.0018435908714309335
454.0 0.001653738581808284
455.0 0.0015120531315915287
456.0 0.001370367954223184
457.0 0.000997682218439877
458.0 0.0006249964826565702
459.0 0.0008245317985711154
460.0 0.0010240671144856606
461.0 0.0017574364392203279
462.0 0.0024908054911065847
463.0 0.0033020940463757142
464.0 0.0041133829654427245
465.0 0.005291235720505938
466.0 0.006469088839367032
467.0 0.00703765545040369
468.0 0.00760622278903611
469.0 0.006450334331020713
470.0 0.005294446236803196
471.0 0.00397206713387277
472.0 0.002649688030942343
473.0 0.002232795304735191
474.0 0.0018159022147301584
475.0 0.0015132982298382558
476.0 0.0012106946087442338
477.0 0.0009611759196559433
478.0 0.0007116572760423878
479.0 0.0009606609637557995
480.0 0.0012096645150450058
481.0 0.0008977564903034363
482.0 0.000585848601986072
483.0 0.0006719127213727916
484.0 0.0007579767498100409
485.0 0.0006603238489333307
486.0 0.0005626708116324153
487.0 0.0006406884949683445
488.0 0.0007187061783042736
489.0 0.0007130441190383863
490.0 0.000707382105247234
491.0 0.0008246753168350551
492.0 0.000941968391998671
493.0 0.0011040833669540007
494.0 0.0012661982509598602
495.0 0.0011295429430902004
496.0 0.0009928874533216003
497.0 0.0012128414709877688
498.0 0.001432795306754997
499.0 0.0014210071640263777
500.0 0.0014092189303482883
501.0 0.0015902440281934105
502.0 0.0017712694898364134
503.0 0.0021604382709483616
504.0 0.0025496068701613694
505.0 0.0032213731174124405
506.0 0.0038931393646635115
507.0 0.0045779575884807855
508.0 0.005262775448500179
509.0 0.005667444565915503
510.0 0.006072112955735065
511.0 0.005415960549726151
512.0 0.004759808143717237
513.0 0.004071919829584658
514.0 0.0033840311516541988
515.0 0.0031663759727962315
516.0 0.002948721157736145
517.0 0.002802428207360208
518.0 0.002656135256984271
519.0 0.05934723885729909
520.0 0.10132204042747617
521.0 0.05704947980120778
522.0 0.14995929086580873
523.0 0.07681389106437564
524.0 0.06063729524612427
525.0 0.10196013608947396
526.0 0.14467142755165696
527.0 0.020988027972634882
528.0 0.11462371330708265
529.0 0.0742853619158268
530.0 0.15156944282352924
531.0 0.25297782849520445
532.0 0.3309109015390277
533.0 0.39857784286141396
534.0 0.5045868456363678
535.0 0.7742465008050203
536.0 1.219660323113203
537.0 1.9380491226911545
538.0 3.058406710624695
539.0 4.620135575532913
540.0 7.0495955646038055
541.0 9.84949991106987
542.0 13.473166525363922
543.0 17.745140194892883
544.0 23.03347885608673
545.0 28.817999362945557
546.0 35.9837144613266
547.0 43.4624582529068
548.0 51.93319320678711
549.0 59.470510482788086
550.0 64.7638738155365
551.0 70.9944486618042
552.0 74.64815974235535
553.0 78.8741409778595
554.0 82.08755254745483
555.0 85.57714223861694
556.0 88.48779797554016
557.0 91.01331830024719
558.0 93.10382604598999
559.0 95.11498212814331
560.0 94.6881115436554
561.0 95.58887481689453
562.0 95.63635587692261
563.0 95.36128640174866
564.0 96.07464075088501
565.0 95.53024768829346
566.0 96.20310664176941
567.0 95.61756253242493
568.0 96.44893407821655
569.0 97.01648950576782
570.0 96.71350121498108
571.0 97.44678735733032
572.0 96.9140112400055
573.0 97.05791473388672
574.0 97.22554087638855
575.0 97.11277484893799
576.0 97.33482599258423
577.0 97.29801416397095
578.0 97.26448655128479
579.0 97.04141616821289
580.0 96.74932360649109
581.0 96.79769277572632
582.0 97.06491827964783
583.0 97.00608849525452
584.0 96.51032090187073
585.0 96.69739007949829
586.0 96.94006443023682
587.0 96.57501578330994
588.0 96.74693942070007
589.0 97.50516414642334
590.0 97.07729816436768
591.0 96.19157910346985
592.0 96.06270790100098
593.0 95.96667289733887
594.0 96.4345633983612
595.0 96.5818464756012
596.0 97.39571213722229
597.0 97.57112264633179
598.0 97.03692197799683
599.0 97.27718830108643
600.0 97.22626805305481
601.0 96.05709910392761
602.0 96.7852234840393
603.0 96.37285470962524
604.0 96.45875692367554
605.0 96.80674076080322
606.0 96.16310000419617
607.0 96.53388857841492
608.0 96.65055274963379
609.0 96.14145159721375
610.0 96.03702425956726
611.0 96.33253216743469
612.0 96.26266360282898
613.0 97.20430970191956
614.0 96.79351449012756
615.0 96.68453335762024
616.0 96.71826958656311
617.0 96.9156801700592
618.0 96.70495986938477
619.0 97.43841886520386
620.0 96.12208604812622
621.0 95.52838206291199
622.0 96.88308835029602
623.0 96.72010540962219
624.0 96.62986397743225
625.0 97.17393517494202
626.0 96.32158279418945
627.0 95.32487988471985
628.0 97.27938771247864
629.0 95.98248600959778
630.0 96.68104648590088
631.0 96.42994403839111
632.0 96.94080948829651
633.0 96.74267172813416
634.0 96.33210301399231
635.0 96.67915105819702
636.0 96.23016119003296
637.0 95.97429037094116
638.0 95.86231708526611
639.0 95.83790898323059
640.0 95.82456946372986
641.0 95.8941400051117
642.0 96.07125520706177
643.0 96.39497995376587
644.0 96.44739627838135
645.0 96.34807109832764
646.0 96.37647867202759
647.0 97.46613502502441
648.0 96.72733545303345
649.0 95.74044346809387
650.0 96.57773971557617
651.0 97.18059301376343
652.0 97.45560884475708
653.0 95.8099365234375
654.0 96.97084426879883
655.0 96.92437648773193
656.0 95.87120413780212
657.0 96.15259170532227
658.0 96.5129554271698
659.0 96.6501533985138
660.0 95.38211822509766
661.0 95.77900171279907
662.0 96.1600124835968
663.0 95.77698111534119
664.0 95.37404775619507
665.0 95.65516710281372
666.0 95.47832608222961
667.0 95.77425122261047
668.0 95.054030418396
669.0 95.77978849411011
670.0 95.71802020072937
671.0 95.79548835754395
672.0 95.03664970397949
673.0 95.54017782211304
674.0 94.67465877532959
675.0 95.60331106185913
676.0 94.59083080291748
677.0 93.77355575561523
678.0 92.57584810256958
679.0 91.4483904838562
680.0 90.01259803771973
681.0 88.32135200500488
682.0 85.84145903587341
683.0 82.60146975517273
684.0 78.85509729385376
685.0 74.94543790817261
686.0 71.03893756866455
687.0 66.29034876823425
688.0 61.81424856185913
689.0 57.52313733100891
690.0 52.67586708068848
691.0 48.557087779045105
692.0 43.80820989608765
693.0 39.271363615989685
694.0 33.61079692840576
695.0 27.91665494441986
696.0 22.372794151306152
697.0 17.257361114025116
698.0 11.98028028011322
699.0 8.119377493858337
700.0 5.3948987275362015
701.0 3.1195782124996185
702.0 1.9038142636418343
703.0 1.1124160140752792
704.0 0.657158624380827
705.0 0.36913889925926924
706.0 0.27405472937971354
707.0 0.1778887235559523
708.0 0.10977239580824971
709.0 0.03484269545879215
710.0 0.09509539231657982
711.0 0.07237776881083846
712.0 0.04337341815698892
713.0 0.0442905118688941
714.0 0.0875309924595058
715.0 0.05703783826902509
716.0 0.05171351367607713
717.0 0.043944595381617546
718.0 0.04486793768592179
719.0 0.010689193732105196
720.0 1.730942320900264e-10
721.0 0.0041510000301059335
722.0 0.0038914404285605997
723.0 0.0036318815546110272
724.0 0.003373976142029278
725.0 0.0031160707294475287
726.0 0.0028867003493360244
727.0 0.0026573301511234604
728.0 0.002511095408408437
729.0 0.002364860483794473
730.0 0.0022127194824861363
731.0 0.0020605790268746205
732.0 0.0020588891857187264
733.0 0.0020571993445628323
734.0 0.0019284501831862144
735.0 0.0017997006580117159
736.0 0.0016434169083368033
737.0 0.0014871334315103013
738.0 0.0014587333680537995
739.0 0.0014303333955467679
740.0 0.001428108589607291
741.0 0.0014258839655667543
742.0 0.0013130537809047382
743.0 0.0012002235962427221
744.0 0.0012824032637581695
745.0 0.0013645825674757361
746.0 0.0012742162653012201
747.0 0.0011838497812277637
748.0 0.0010141371603822336
749.0 0.0008444245395367034
750.0 0.0008777806215221062
751.0 0.00091113715825486
752.0 0.0009698713256511837
753.0 0.0010286054020980373
754.0 0.0010174311682931148
755.0 0.001006257298286073
756.0 0.000940178051678231
757.0 0.0008740986231714487
758.0 0.0009309725101047661
759.0 0.0009878463970380835
760.0 0.0010120026672666427
761.0 0.0010361591193941422
762.0 0.0010140897757082712
763.0 0.000992020795820281
764.0 0.0009550200047669932
765.0 0.0009180192137137055
766.0 0.0007148983968363609
767.0 0.0005117775799590163
768.0 0.0005458403393276967
769.0 0.000579903053221642
770.0 0.0007035251655906904
771.0 0.0008271475053334143
772.0 0.0007280927093233913
773.0 0.0006290378223638982
774.0 0.0007601730430906173
775.0 0.0008913081728678662
776.0 0.0008612341844127513
777.0 0.0008311601959576365
778.0 0.0008166479346982669
779.0 0.0008021356734388974
780.0 0.0007150057172111701
781.0 0.0006278758519329131
782.0 0.0006677000783383846
783.0 0.0007075243047438562
784.0 0.00076450405686046
785.0 0.0008214836270781234
786.0 0.0006956277047720505
787.0 0.0005697718734154478
788.0 0.0005830244390381267
789.0 0.0005962772320344811
790.0 0.0006583596132259117
791.0 0.0007204419489426073
792.0 0.000727228643881972
793.0 0.0007340153388213366
794.0 0.0007638810529897455
795.0 0.000793746585259214
796.0 0.0006296291758189909
797.0 0.0004655117209040327
798.0 0.000631961802355363
799.0 0.0007984118383319583
800.0 0.0007325659680645913
801.0 0.0006667197794740787
802.0 0.0005176638751436258
803.0 0.00036860769796476234
804.0 0.0005451214292406803
805.0 0.0007216352514660684
806.0 0.0006098643098084722
807.0 0.000498093413625611
808.0 0.0006572774509550072
809.0 0.0008164613973349333
810.0 0.0007124752301024273
811.0 0.0006084892447688617
812.0 0.0006485007816081634
813.0 0.00068851227297273
814.0 0.0005512844836630393
815.0 0.00041405673982808366
816.0 0.0005453201993077528
817.0 0.0006765837952116271
818.0 0.0006133682290965226
819.0 0.0005501526175066829
820.0 0.00037998772768332856
821.0 0.0002098228151226067
822.0 0.0002986550725836423
823.0 0.0003874873527820455
824.0 0.0003585923650462064
825.0 0.00032969740004773485
826.0 0.00042911597120109946
827.0 0.0005285345196170965
828.0 0.0003839995770249516
829.0 0.0002394647253822768
830.0 0.00015932168935250957
831.0 7.917867606010986e-05
832.0 4.099323689388257e-05
833.0 2.8077936420345395e-06
834.0 1.730942320900264e-10
835.0 1.730942320900264e-10
836.0 0.00027337323444953654
837.0 0.0005647843408951303
838.0 0.0007238450507429661
839.0 0.000882905806065537
840.0 0.001278237505175639
841.0 0.0016735690223868005
842.0 0.002605696499813348
843.0 0.0035378237953409553
844.0 0.004122083555557765
845.0 0.004706344043370336
846.0 0.0048073939979076385
847.0 0.004908445043838583
848.0 0.004163949779467657
849.0 0.003419455242692493
850.0 0.0025140059733530506
851.0 0.0016085574316093698
852.0 0.0013535351172322407
853.0 0.001098512439057231
854.0 0.001000799147732323
855.0 0.0009030854016600642
856.0 0.0006929330993443727
857.0 0.00048278088797815144
858.0 0.0005971653990854975
859.0 0.0007115497737686383
860.0 0.0006052014668966876
861.0 0.0004988530690752668
862.0 0.00046392269723583013
863.0 0.0004289923253963934
864.0 0.00035312370982865104
865.0 0.00027725513973564375
866.0 0.00020506577129708603
867.0 0.000132876368752477
868.0 0.0001389007252328156
869.0 0.0001449250476071029
870.0 5.605143087450415e-05
871.0 1.730942320900264e-10
872.0 1.730942320900264e-10
873.0 1.730942320900264e-10
874.0 1.730942320900264e-10
875.0 1.730942320900264e-10
876.0 1.730942320900264e-10
877.0 1.343162807643239e-05
878.0 9.790411468202365e-05
879.0 0.00018237658423458925
880.0 0.00018040499298876966
881.0 0.00017843340174295008
882.0 0.00015064723584146122
883.0 0.00012286110404602368
884.0 2.7689898729477136e-05
885.0 1.730942320900264e-10
886.0 3.087791924372141e-05
887.0 0.0001292371166528028
888.0 0.00020126972231082618
889.0 0.0002733023620749009
890.0 0.0002465464376655291
891.0 0.00021979049051878974
892.0 8.077709026110824e-05
893.0 1.730942320900264e-10
894.0 1.730942320900264e-10
895.0 4.175841468168073e-05
896.0 2.0837389058669942e-05
897.0 1.730942320900264e-10
898.0 1.730942320900264e-10
899.0 1.730942320900264e-10
900.0 1.730942320900264e-10
901.0 1.7900129378745078e-06
