lsstCam/transmission_filter_detector/r01_s02/r_57/19700101T000000.ecsv
# %ECSV 1.0
# ---
# datatype:
# - {name: wavelength, unit: nm, datatype: float32}
# - {name: efficiency, unit: '%', datatype: float64}
# meta: !!omap
# - {MODE: DETECTOR}
# - {TYPE: transmission_filter_detector}
# - {CALIBDATE: '1970-01-01T00:00:00'}
# - {INSTRUME: LSSTCam}
# - {OBSTYPE: transmission_filter_detector}
# - {CALIBCLS: lsst.ip.isr.IntermediateFilterDetectorTransmissionCurve}
# - {SOURCE: Materion (DM-46256)}
# - {DETECTOR: 2}
# - {FILTER: r_57}
# - {CALIB_ID: 'calibDate=1970-01-01T00:00:00 filter=r_57 detector=2'}
# - {DATE: '2025-04-02T15:59:44.194616'}
# - {CALIB_CREATION_DATE: '2025-04-02'}
# - {CALIB_CREATION_TIME: '15:59:44'}
# - __serialized_columns__:
#     efficiency:
#       __class__: astropy.units.quantity.Quantity
#       unit: !astropy.units.Unit {unit: '%'}
#       value: !astropy.table.SerializedColumn {name: efficiency}
#     wavelength:
#       __class__: astropy.units.quantity.Quantity
#       unit: !astropy.units.Unit {unit: nm}
#       value: !astropy.table.SerializedColumn {name: wavelength}
# schema: astropy-2.0
wavelength efficiency
[from data line 603]
903.0 1.730942320900264e-10
904.0 1.730942320900264e-10
905.0 4.2898705032712314e-05
906.0 1.730942320900264e-10
907.0 1.730942320900264e-10
908.0 1.730942320900264e-10
909.0 1.730942320900264e-10
910.0 1.730942320900264e-10
911.0 1.730942320900264e-10
912.0 1.730942320900264e-10
913.0 1.730942320900264e-10
914.0 1.791178618759659e-05
915.0 0.00011688053973557544
916.0 0.00010703746511353529
917.0 9.719440186017891e-05
918.0 0.000164108234912419
919.0 0.00023102202248992398
920.0 0.00012498845762820565
921.0 1.8954858660436003e-05
922.0 0.00014750827403986477
923.0 0.0002760617007879773
924.0 0.00024645273697387893
925.0 0.00021684381863451563
926.0 0.00018182325902671437
927.0 0.00014680267668154556
928.0 0.00011674417237372836
929.0 8.668565669722739e-05
930.0 0.00017826066596171586
931.0 0.0002698357320696232
932.0 0.00010714950349210994
933.0 1.730942320900264e-10
934.0 0.00010366570677433629
935.0 0.0002628680476846057
936.0 0.0002595016439954634
937.0 0.0002561352175689535
938.0 0.00033001756492012646
939.0 0.0004038999577460345
940.0 0.0003424816668484709
941.0 0.00028106337595090736
942.0 0.0003725198894244386
943.0 0.0004639764028979698
944.0 0.00037067607081553433
945.0 0.0002773758069452015
946.0 0.0003188660912201158
947.0 0.000360356330020295
948.0 0.0005060481271357276
949.0 0.0006517400379379978
950.0 0.0006330737051030155
951.0 0.0006144074632175034
952.0 0.0007442484275088646
953.0 0.000874089528224431
954.0 0.0011828116839751601
955.0 0.0014915340216248296
956.0 0.0015466661352547817
957.0 0.0016017984307836741
958.0 0.0017223313989234157
959.0 0.0018428649127599783
960.0 0.0019736702597583644
961.0 0.002104475970554631
962.0 0.0022342037482303567
963.0 0.0023639317078050226
964.0 0.0023430211513186805
965.0 0.002322110412933398
966.0 0.0022906693629920483
967.0 0.0022592283130506985
968.0 0.002206847057095729
969.0 0.0021544659830396995
970.0 0.002248147575301118
971.0 0.0023418295313604176
972.0 0.002476935333106667
973.0 0.0026120409529539756
974.0 0.0028922730052727275
975.0 0.0031725052394904196
976.0 0.0032544430723646656
977.0 0.003336380541441031
978.0 0.003268878936069086
979.0 0.0032013776944950223
980.0 0.0031602241506334394
981.0 0.0031190709705697373
982.0 0.003208126872777939
983.0 0.0032971827749861404
984.0 0.003294881389592774
985.0 0.003292580004199408
986.0 0.0031801209843251854
987.0 0.003067661964450963
988.0 0.0028536844183690846
989.0 0.0026397068722872064
990.0 0.0026501858883420937
991.0 0.0026606650862959214
992.0 0.0027152631446369924
993.0 0.002769861566775944
994.0 0.002789182872220408
995.0 0.002808503631968051
996.0 0.00287881339318119
997.0 0.0029491229724953882
998.0 0.0030676488677272573
999.0 0.0031861749448580667
1000.0 0.0032702009775675833
1001.0 0.0033542277378728613
1002.0 0.003602997458074242
1003.0 0.003851767542073503
1004.0 0.003974312494392507
1005.0 0.004096856719115749
1006.0 0.004299955980968662
1007.0 0.004503055606619455
1008.0 0.004449614061741158
1009.0 0.004396172153064981
1010.0 0.004430411718203686
1011.0 0.004464651647140272
1012.0 0.004424302824190818
1013.0 0.004383954001241364
1014.0 0.004103258470422588
1015.0 0.0038225625758059323
1016.0 0.003596737587940879
1017.0 0.0033709129638737068
1018.0 0.0029451713999151252
1019.0 0.002519430563552305
1020.0 0.002107487125613261
1021.0 0.0016955435057752766
1022.0 0.0014933144484530203
1023.0 0.0012910849363834132
1024.0 0.0013726634279009886
1025.0 0.0014542421013175044
1026.0 0.001292541219299892
1027.0 0.0011308401553833392
1028.0 0.0010306014701200183
1029.0 0.0009303626029577572
1030.0 0.000901346265891334
1031.0 0.0008723292921786197
1032.0 0.0008555945896659978
1033.0 0.0008388597052544355
1034.0 0.000793637809692882
1035.0 0.0007484157322323881
1036.0 0.0009502129614702426
1037.0 0.0011520097359607462
1038.0 0.0009806738489714917
1039.0 0.0008093380529317074
1040.0 0.0008180699296644889
1041.0 0.0008268017154478002
1042.0 0.000986379473033594
1043.0 0.0011459569577709772
1044.0 0.0010202048542851117
1045.0 0.0008944530236476567
1046.0 0.0009458204658585601
1047.0 0.0009971882718673442
1048.0 0.0008748085747356527
1049.0 0.0007524289685534313
1050.0 0.0007694326995988376
1051.0 0.0007864365215937141
1052.0 0.0010288695193594322
1053.0 0.0012713021533272695
1054.0 0.0010755476978374645
1055.0 0.0008797930604487192
1056.0 0.0009401412171428092
1057.0 0.0010004896466853097
1058.0 0.0008705176696821582
1059.0 0.0007405456926790066
1060.0 0.0010734345778473653
1061.0 0.001406323008268373
1062.0 0.0014500443285214715
1063.0 0.00149376573972404
1064.0 0.0011507679118949454
1065.0 0.0008077697202679701
1066.0 0.0010420003491162788
1067.0 0.0012762309779645875
1068.0 0.0016847041479195468
1069.0 0.0020931769540766254
1070.0 0.001559171505505219
1071.0 0.0010251659659843426
1072.0 0.001264857201022096
1073.0 0.0015045486179587897
1074.0 0.0021025252863182686
1075.0 0.0027005018637282774
1076.0 0.0030796396458754316
1077.0 0.0034587777918204665
1078.0 0.003721709072124213
1079.0 0.00398464071622584
1080.0 0.0041190996853401884
1081.0 0.004253558654454537
1082.0 0.004139754673815332
1083.0 0.004025950693176128
1084.0 0.0046183966333046556
1085.0 0.005210842937231064
1086.0 0.00508026460011024
1087.0 0.004949686262989417
1088.0 0.004909555718768388
1089.0 0.004869425174547359
1090.0 0.004954799806000665
1091.0 0.005040174801251851
1092.0 0.004583801273838617
1093.0 0.004127427746425383
1094.0 0.004659616024582647
1095.0 0.0051918046665377915
1096.0 0.003997343810624443
1097.0 0.002802882590913214
1098.0 0.0019776181943598203
1099.0 0.0011523539797053672
1100.0 0.0013481188943842426
1101.0 0.0015438834452652372
