lsstCam/transmission_sensor/r13_s21/19700101T000000.ecsv
# %ECSV 1.0
# ---
# datatype:
# - {name: amp_name, datatype: string}
# - {name: wavelength, unit: nm, datatype: float32}
# - {name: efficiency, unit: '%', datatype: float64}
# meta: !!omap
# - {MODE: AMP}
# - {TYPE: transmission_sensor}
# - {CALIBDATE: '1970-01-01T00:00:00'}
# - {INSTRUME: LSSTCAM}
# - {OBSTYPE: transmission_sensor}
# - {DETECTOR: 61}
# - {PARQUETFILE: qe_raft_allvalues_nircorrected_20230725.parquet}
# - {CALIBCLS: lsst.ip.isr.IntermediateSensorTransmissionCurve}
# - {CALIB_ID: 'raftName=R13 detectorName=S21 detector=61 calibDate=1970-01-01T00:00:00 ccd=61 ccdnum=61 filter=None'}
# - {DATE: '2023-08-02T16:57:55.692780'}
# - {CALIB_CREATION_DATE: '2023-08-02'}
# - {CALIB_CREATION_TIME: '16:57:55'}
# - __serialized_columns__:
#     efficiency:
#       __class__: astropy.units.quantity.Quantity
#       unit: !astropy.units.Unit {unit: '%'}
#       value: !astropy.table.SerializedColumn {name: efficiency}
#     wavelength:
#       __class__: astropy.units.quantity.Quantity
#       unit: !astropy.units.Unit {unit: nm}
#       value: !astropy.table.SerializedColumn {name: wavelength}
# schema: astropy-2.0
amp_name wavelength efficiency
C00 319.994 41.260520935058594
C00 324.969 46.62800216674805
C00 349.982 71.26062774658203
C00 374.975 77.93644714355469
C00 400.019 84.6568603515625
C00 424.965 86.39344024658203
C00 450.035 87.99665832519531
C00 475.003 90.25651550292969
C00 500.018 93.04866027832031
C00 525.002 93.74596405029297
C00 550.029 95.45325469970703
C00 575.023 96.94559478759766
C00 599.982 98.17534637451172
C00 619.997 98.83806610107422
C00 624.979 98.72647094726562
C00 650.012 99.23512268066406
C00 675.004 99.62896728515625
C00 700.03 99.59788513183594
C00 725.012 99.1996841430664
C00 750.022 98.68216705322266
C00 774.987 98.74068450927734
C00 799.976 97.66735076904297
C00 824.988 96.46009063720703
C00 850.022 94.10889434814453
C00 869.967 90.94168090820312
C00 875.002 90.58180236816406
C00 899.999 83.31719970703125
C00 919.999 75.4604263305664
C00 925.012 72.17829132080078
C00 949.965 58.491695404052734
C00 975.002 43.603763580322266
C00 999.976 26.837825775146484
C00 1025.028 11.927549362182617
C00 1050.014 4.2138590812683105
C00 1075.002 0.9401401637443305
C00 1099.99 0.09327984335769361
C01 319.994 41.48828887939453
C01 324.969 46.88482666015625
C01 349.982 71.81973266601562
C01 374.975 78.63256072998047
C01 400.019 85.11743927001953
C01 424.965 86.70015716552734
C01 450.035 88.21292877197266
C01 475.003 90.41615295410156
C01 500.018 93.17078399658203
C01 525.002 93.84844970703125
C01 550.029 95.55158233642578
C01 575.023 97.04005432128906
C01 599.982 98.27779388427734
C01 619.997 98.94222259521484
C01 624.979 98.82868957519531
C01 650.012 99.34817504882812
C01 675.004 99.7481689453125
C01 700.03 99.72212219238281
C01 725.012 99.32229614257812
C01 750.022 98.79866027832031
C01 774.987 98.84486389160156
C01 799.976 97.7655258178711
C01 824.988 96.56273651123047
C01 850.022 94.20027923583984
C01 869.967 91.04308319091797
C01 875.002 90.71807098388672
C01 899.999 83.4198226928711
C01 919.999 75.65669250488281
C01 925.012 72.39388275146484
C01 949.965 58.649288177490234
C01 975.002 43.648353576660156
C01 999.976 26.740148544311523
C01 1025.028 11.87936019897461
C01 1050.014 4.222287654876709
C01 1075.002 0.9412499890849182
C01 1099.99 0.09338995920841113
C02 319.994 41.71437454223633
C02 324.969 47.14152145385742
C02 349.982 72.39413452148438
C02 374.975 79.33763122558594
C02 400.019 85.56927490234375
C02 424.965 86.99481201171875
C02 450.035 88.4143295288086
C02 475.003 90.56253051757812
C02 500.018 93.28795623779297
C02 525.002 93.94532012939453
C02 550.029 95.63980102539062
C02 575.023 97.12921905517578
C02 599.982 98.37089538574219
C02 619.997 99.0401840209961
C02 624.979 98.92840576171875
C02 650.012 99.45669555664062
C02 675.004 99.86444854736328
C02 700.03 99.84144592285156
C02 725.012 99.44612121582031
C02 750.022 98.92095947265625
C02 774.987 98.96813201904297
C02 799.976 97.8847885131836
C02 824.988 96.68013000488281
C02 850.022 94.30188751220703
C02 869.967 91.14967346191406
C02 875.002 90.82621765136719
C02 899.999 83.4991683959961
C02 919.999 75.78311157226562
C02 925.012 72.5225601196289
C02 949.965 58.72879409790039
C02 975.002 43.697410583496094
C02 999.976 26.823707580566406
C02 1025.028 11.906392097473145
C02 1050.014 4.2339019775390625
C02 1075.002 0.9424151275496643
C02 1099.99 0.09350556317649253
C03 319.994 41.864471435546875
C03 324.969 47.31134796142578
C03 349.982 72.79449462890625
C03 374.975 79.85231018066406
C03 400.019 85.82532501220703
C03 424.965 87.09205627441406
C03 450.035 88.42485046386719
C03 475.003 90.51905059814453
C03 500.018 93.20704650878906
C03 525.002 93.84278106689453
C03 550.029 95.52761840820312
C03 575.023 97.01362609863281
C03 599.982 98.25518798828125
C03 619.997 98.92927551269531
C03 624.979 98.81739044189453
C03 650.012 99.35089111328125
C03 675.004 99.76307678222656
C03 700.03 99.7494888305664
C03 725.012 99.35903930664062
C03 750.022 98.83636474609375
C03 774.987 98.8864974975586
C03 799.976 97.81050109863281
C03 824.988 96.61073303222656
C03 850.022 94.23110961914062
C03 869.967 91.08738708496094
C03 875.002 90.76094818115234
C03 899.999 83.43876647949219
C03 919.999 75.70728302001953
C03 925.012 72.4541244506836
C03 949.965 58.72148132324219
C03 975.002 43.643104553222656
C03 999.976 26.81202507019043
C03 1025.028 11.881853103637695
C03 1050.014 4.236228942871094
C03 1075.002 0.9416091977225128
C03 1099.99 0.09342559955943508
C04 319.994 41.996334075927734
C04 324.969 47.46065139770508
C04 349.982 73.16847229003906
C04 374.975 80.3419189453125
C04 400.019 86.11626434326172
C04 424.965 87.25517272949219
C04 450.035 88.50617218017578
C04 475.003 90.54861450195312
C04 500.018 93.20417022705078
C04 525.002 93.82470703125
C04 550.029 95.50005340576172
C04 575.023 96.98536682128906
C04 599.982 98.2283706665039
C04 619.997 98.90684509277344
C04 624.979 98.79493713378906
C04 650.012 99.33686065673828
C04 675.004 99.75489807128906
C04 700.03 99.74978637695312
C04 725.012 99.36701202392578
C04 750.022 98.85759735107422
C04 774.987 98.92021942138672
C04 799.976 97.8495101928711
C04 824.988 96.65666198730469
C04 850.022 94.27843475341797
C04 869.967 91.12837982177734
C04 875.002 90.79562377929688
C04 899.999 83.4969482421875
C04 919.999 75.78375244140625
C04 925.012 72.53128814697266
C04 949.965 58.739501953125
C04 975.002 43.65644836425781
C04 999.976 26.85666847229004
C04 1025.028 11.903136253356934
C04 1050.014 4.249269008636475
C04 1075.002 0.9418114794869586
C04 1099.99 0.09344566977027095
C05 319.994 42.128868103027344
C05 324.969 47.61162567138672
C05 349.982 73.5230712890625
C05 374.975 80.75645446777344
C05 400.019 86.28973388671875
C05 424.965 87.29047393798828
C05 450.035 88.46102142333984
C05 475.003 90.45268249511719
C05 500.018 93.07503509521484
C05 525.002 93.67491912841797
C05 550.029 95.33868408203125
C05 575.023 96.81797790527344
C05 599.982 98.06198120117188
C05 619.997 98.74285125732422
C05 624.979 98.63247680664062
C05 650.012 99.17718505859375
C05 675.004 99.60189056396484
C05 700.03 99.6051254272461
C05 725.012 99.23834991455078
C05 750.022 98.74832916259766
C05 774.987 98.82893371582031
C05 799.976 97.7710189819336
C05 824.988 96.57830047607422
C05 850.022 94.21782684326172
C05 869.967 91.06917572021484
C05 875.002 90.73601531982422
C05 899.999 83.3931884765625
C05 919.999 75.71088409423828
C05 925.012 72.49542999267578
C05 949.965 58.7215690612793
C05 975.002 43.65993118286133
C05 999.976 26.866472244262695
C05 1025.028 11.869556427001953
C05 1050.014 4.250248432159424
C05 1075.002 0.9407704865270748
C05 1099.99 0.09334238340513186
C06 319.994 42.425472259521484
C06 324.969 47.94606399536133
C06 349.982 74.14273071289062
C06 374.975 81.48509216308594
C06 400.019 86.78926849365234
C06 424.965 87.65497589111328
C06 450.035 88.75199127197266
C06 475.003 90.70452117919922
C06 500.018 93.30133056640625
C06 525.002 93.88796997070312
C06 550.029 95.54865264892578
C06 575.023 97.03055572509766
C06 599.982 98.27438354492188
C06 619.997 98.95619201660156
C06 624.979 98.84767150878906
C06 650.012 99.39512634277344
C06 675.004 99.82511901855469
C06 700.03 99.83879089355469
C06 725.012 99.49166107177734
C06 750.022 99.0260009765625
C06 774.987 99.1258773803711
C06 799.976 98.0740737915039
C06 824.988 96.86293029785156
C06 850.022 94.50809478759766
C06 869.967 91.34488677978516
C06 875.002 91.00094604492188
C06 899.999 83.55905151367188
C06 919.999 75.78819274902344
C06 925.012 72.59032440185547
C06 949.965 58.95131301879883
C06 975.002 43.790443420410156
C06 999.976 26.90082550048828
C06 1025.028 11.858734130859375
C06 1050.014 4.248231887817383
C06 1075.002 0.9434158518751838
C06 1099.99 0.09360485412472404
C07 319.994 42.41521453857422
C07 324.969 47.93674087524414
C07 349.982 74.22534942626953
C07 374.975 81.61163330078125
C07 400.019 86.77701568603516
C07 424.965 87.55844116210938
C07 450.035 88.60494232177734
C07 475.003 90.52234649658203
C07 500.018 93.0958251953125
C07 525.002 93.6714859008789
C07 550.029 95.32327270507812
C07 575.023 96.79890441894531
C07 599.982 98.04547119140625
C07 619.997 98.72904205322266
C07 624.979 98.62138366699219
C07 650.012 99.17070007324219
C07 675.004 99.60446166992188
C07 700.03 99.62452697753906
C07 725.012 99.30352020263672
C07 750.022 98.87236022949219
C07 774.987 99.00279235839844
C07 799.976 97.95829772949219
C07 824.988 96.73825073242188
C07 850.022 94.38850402832031
C07 869.967 91.22334289550781
C07 875.002 90.87010955810547
C07 899.999 83.38368225097656
C07 919.999 75.53783416748047
C07 925.012 72.3630599975586
C07 949.965 58.84764099121094
C07 975.002 43.71353530883789
C07 999.976 26.834796905517578
C07 1025.028 11.824482917785645
C07 1050.014 4.241060256958008
C07 1075.002 0.9419521234866863
C07 1099.99 0.09345962433871695
C10 319.994 39.861080169677734
C10 324.969 45.0324821472168
C10 349.982 68.44996643066406
C10 374.975 75.07215881347656
C10 400.019 82.91165161132812
C10 424.965 85.27175903320312
C10 450.035 87.2161865234375
C10 475.003 89.67341613769531
C10 500.018 92.58472442626953
C10 525.002 93.35880279541016
C10 550.029 95.11099243164062
C10 575.023 96.61956787109375
C10 599.982 97.85614776611328
C10 619.997 98.51905822753906
C10 624.979 98.40717315673828
C10 650.012 98.9140396118164
C10 675.004 99.31208038330078
C10 700.03 99.34815216064453
C10 725.012 99.17630767822266
C10 750.022 98.95291900634766
C10 774.987 99.3196792602539
C10 799.976 98.36030578613281
C10 824.988 97.12023162841797
C10 850.022 94.8731689453125
C10 869.967 91.74066162109375
C10 875.002 91.34503936767578
C10 899.999 83.84934997558594
C10 919.999 75.54313659667969
C10 925.012 72.14945220947266
C10 949.965 59.22621154785156
C10 975.002 44.158050537109375
C10 999.976 27.23438835144043
C10 1025.028 11.91633129119873
C10 1050.014 4.186039924621582
C10 1075.002 0.942719599691194
C10 1099.99 0.0935357726226623
C11 319.994 40.297821044921875
C11 324.969 45.52741622924805
C11 349.982 69.30532836914062
C11 374.975 75.95632934570312
C11 400.019 83.46844482421875
C11 424.965 85.63870239257812
C11 450.035 87.47191619873047
C11 475.003 89.86500549316406
C11 500.018 92.73674774169922
C11 525.002 93.48439025878906
C11 550.029 95.22139739990234
C11 575.023 96.72216796875
C11 599.982 97.95585632324219
C11 619.997 98.61878967285156
C11 624.979 98.50894165039062
C11 650.012 99.0169448852539
C11 675.004 99.41502380371094
C11 700.03 99.45706939697266
C11 725.012 99.28392028808594
C11 750.022 99.0589599609375
C11 774.987 99.42133331298828
C11 799.976 98.45767211914062
C11 824.988 97.20903015136719
C11 850.022 94.94174194335938
C11 869.967 91.76825714111328
C11 875.002 91.3992691040039
C11 899.999 83.81352996826172
C11 919.999 75.44930267333984
C11 925.012 72.25518035888672
C11 949.965 59.12166213989258
C11 975.002 44.017948150634766
C11 999.976 27.009368896484375
C11 1025.028 11.892176628112793
C11 1050.014 4.204620361328125
C11 1075.002 0.9437298466781957
C11 1099.99 0.09363600840061777
C12 319.994 40.699134826660156
C12 324.969 45.9846076965332
C12 349.982 70.13758850097656
C12 374.975 76.82577514648438
C12 400.019 83.9909896850586
C12 424.965 85.9592514038086
C12 450.035 87.68649291992188
C12 475.003 90.01261901855469
C12 500.018 92.8476333618164
C12 525.002 93.57145690917969
C12 550.029 95.29581451416016
C12 575.023 96.79054260253906
C12 599.982 98.02674865722656
C12 619.997 98.69027709960938
C12 624.979 98.5779037475586
C12 650.012 99.09120178222656
C12 675.004 99.49520111083984
C12 700.03 99.53937530517578
C12 725.012 99.37113189697266
C12 750.022 99.14734649658203
C12 774.987 99.50994110107422
C12 799.976 98.54396057128906
C12 824.988 97.2872314453125
C12 850.022 95.03752136230469
C12 869.967 91.86746978759766
C12 875.002 91.49540710449219
C12 899.999 83.78910827636719
C12 919.999 75.62860870361328
C12 925.012 72.3185043334961
C12 949.965 59.08878707885742
C12 975.002 44.14152908325195
C12 999.976 27.105453491210938
C12 1025.028 11.921226501464844
C12 1050.014 4.202794075012207
C12 1075.002 0.9445719008599819
C12 1099.99 0.09371955624295532
C13 319.994 41.050045013427734
C13 324.969 46.38288497924805
C13 349.982 70.86836242675781
C13 374.975 77.63497924804688
C13 400.019 84.5010986328125
C13 424.965 86.2895278930664
C13 450.035 87.91419219970703
C13 475.003 90.18682098388672
C13 500.018 92.98068237304688
C13 525.002 93.6832046508789
C13 550.029 95.39713287353516
C13 575.023 96.8913803100586
C13 599.982 98.12908935546875
C13 619.997 98.79582977294922
C13 624.979 98.68329620361328
C13 650.012 99.19833374023438
C13 675.004 99.6092529296875
C13 700.03 99.65837860107422
C13 725.012 99.49555206298828
C13 750.022 99.27824401855469
C13 774.987 99.6456298828125
C13 799.976 98.6864242553711
C13 824.988 97.42100524902344
C13 850.022 95.15997314453125
C13 869.967 91.998046875
C13 875.002 91.64146423339844
C13 899.999 83.884521484375
C13 919.999 75.71439361572266
C13 925.012 72.42974853515625
C13 949.965 59.090248107910156
C13 975.002 44.1631965637207
C13 999.976 27.008541107177734
C13 1025.028 11.932073593139648
C13 1050.014 4.216794967651367
C13 1075.002 0.9458189550193603
C13 1099.99 0.09384328781100373
C14 319.994 41.165775299072266
C14 324.969 46.5147819519043
C14 349.982 71.19974517822266
C14 374.975 78.06593322753906
C14 400.019 84.74510192871094
C14 424.965 86.41114807128906
C14 450.035 87.96955871582031
C14 475.003 90.18788146972656
C14 500.018 92.95846557617188
C14 525.002 93.6417236328125
C14 550.029 95.34992218017578
C14 575.023 96.84005737304688
C14 599.982 98.0800552368164
C14 619.997 98.74885559082031
C14 624.979 98.63894653320312
C14 650.012 99.1582260131836
C14 675.004 99.57447814941406
C14 700.03 99.62931060791016
C14 725.012 99.48066711425781
C14 750.022 99.27556610107422
C14 774.987 99.6553955078125
C14 799.976 98.69459533691406
C14 824.988 97.43815612792969
C14 850.022 95.1528091430664
C14 869.967 91.9945297241211
C14 875.002 91.66356658935547
C14 899.999 83.96221160888672
C14 919.999 75.78531646728516
C14 925.012 72.45730590820312
C14 949.965 59.0306510925293
C14 975.002 44.20546340942383
C14 999.976 27.061325073242188
C14 1025.028 12.002909660339355
C14 1050.014 4.236947536468506
C14 1075.002 0.9457934424634139
C14 1099.99 0.09384075647864062
C15 319.994 41.40648651123047
C15 324.969 46.78750991821289
C15 349.982 71.71835327148438
C15 374.975 78.64505767822266
C15 400.019 85.12486267089844
C15 424.965 86.66963195800781
C15 450.035 88.14913177490234
C15 475.003 90.32982635498047
C15 500.018 93.0720443725586
C15 525.002 93.73954772949219
C15 550.029 95.43903350830078
C15 575.023 96.92729187011719
C15 599.982 98.16983032226562
C15 619.997 98.84335327148438
C15 624.979 98.733642578125
C15 650.012 99.25495147705078
C15 675.004 99.67776489257812
C15 700.03 99.73927307128906
C15 725.012 99.6029281616211
C15 750.022 99.41858673095703
C15 774.987 99.80902099609375
C15 799.976 98.85558319091797
C15 824.988 97.59443664550781
C15 850.022 95.30279541015625
C15 869.967 92.14154815673828
C15 875.002 91.81070709228516
C15 899.999 84.07955169677734
C15 919.999 75.90242004394531
C15 925.012 72.52986907958984
C15 949.965 59.00688552856445
C15 975.002 44.19540023803711
C15 999.976 27.03295135498047
C15 1025.028 12.009578704833984
C15 1050.014 4.243643283843994
C15 1075.002 0.9471559926324643
C15 1099.99 0.0939759474546647
C16 319.994 41.623016357421875
C16 324.969 47.034767150878906
C16 349.982 72.17124938964844
C16 374.975 79.13729858398438
C16 400.019 85.42111206054688
C16 424.965 86.84834289550781
C16 450.035 88.26214599609375
C16 475.003 90.40325927734375
C16 500.018 93.1224594116211
C16 525.002 93.77467346191406
C16 550.029 95.46577453613281
C16 575.023 96.95553588867188
C16 599.982 98.19481658935547
C16 619.997 98.8677749633789
C16 624.979 98.75550842285156
C16 650.012 99.28650665283203
C16 675.004 99.70840454101562
C16 700.03 99.7793960571289
C16 725.012 99.65615844726562
C16 750.022 99.49052429199219
C16 774.987 99.90311431884766
C16 799.976 98.95578002929688
C16 824.988 97.68888854980469
C16 850.022 95.39350891113281
C16 869.967 92.2215805053711
C16 875.002 91.87752532958984
C16 899.999 84.13448333740234
C16 919.999 75.96582794189453
C16 925.012 72.63648223876953
C16 949.965 59.09966278076172
C16 975.002 44.270751953125
C16 999.976 27.072715759277344
C16 1025.028 12.010249137878418
C16 1050.014 4.263289928436279
C16 1075.002 0.9478413379419361
C16 1099.99 0.0940439467866567
C17 319.994 41.626590728759766
C17 324.969 47.04176712036133
C17 349.982 72.2623062133789
C17 374.975 79.25244140625
C17 400.019 85.38360595703125
C17 424.965 86.72193145751953
C17 450.035 88.08731842041016
C17 475.003 90.19850158691406
C17 500.018 92.8948745727539
C17 525.002 93.53805541992188
C17 550.029 95.22206115722656
C17 575.023 96.7047348022461
C17 599.982 97.94317626953125
C17 619.997 98.61564636230469
C17 624.979 98.5022201538086
C17 650.012 99.03364562988281
C17 675.004 99.45777130126953
C17 700.03 99.53775787353516
C17 725.012 99.4372787475586
C17 750.022 99.2939224243164
C17 774.987 99.72772216796875
C17 799.976 98.79435729980469
C17 824.988 97.52311706542969
C17 850.022 95.24507904052734
C17 869.967 92.06106567382812
C17 875.002 91.72447204589844
C17 899.999 83.9866943359375
C17 919.999 75.8245620727539
C17 925.012 72.47042083740234
C17 949.965 59.01688003540039
C17 975.002 44.171836853027344
C17 999.976 27.014236450195312
C17 1025.028 11.97441577911377
C17 1050.014 4.274505615234375
C17 1075.002 0.9459683212900667
C17 1099.99 0.09385810779516325
