lsstCam/transmission_sensor/r13_s21/19700101T000000.ecsv
# %ECSV 1.0
# ---
# datatype:
# - {name: amp_name, datatype: string}
# - {name: wavelength, unit: nm, datatype: float32}
# - {name: efficiency, unit: '%', datatype: float64}
# meta: !!omap
# - {MODE: AMP}
# - {TYPE: transmission_sensor}
# - {CALIBDATE: '1970-01-01T00:00:00'}
# - {INSTRUME: LSSTCam}
# - {OBSTYPE: transmission_sensor}
# - {DETECTOR: 61}
# - {PARQUETFILE: qe_raft_allvalues_nircorrected_20230725_adjust.parquet}
# - {CORRFILE: qe_corr_factor_bydetnum.parquet}
# - {CALIBCLS: lsst.ip.isr.IntermediateSensorTransmissionCurve}
# - {CALIB_ID: 'raftName=R13 detectorName=S21 detector=61 calibDate=1970-01-01T00:00:00 ccd=61 ccdnum=61 filter=None'}
# - {DATE: '2025-03-03T21:56:47.716426'}
# - {CALIB_CREATION_DATE: '2025-03-03'}
# - {CALIB_CREATION_TIME: '21:56:47'}
# - __serialized_columns__:
#     efficiency:
#       __class__: astropy.units.quantity.Quantity
#       unit: !astropy.units.Unit {unit: '%'}
#       value: !astropy.table.SerializedColumn {name: efficiency}
#     wavelength:
#       __class__: astropy.units.quantity.Quantity
#       unit: !astropy.units.Unit {unit: nm}
#       value: !astropy.table.SerializedColumn {name: wavelength}
# schema: astropy-2.0
amp_name wavelength efficiency
C00 319.994 41.166122228712545
C00 324.969 46.52132336133573
C00 349.982 71.09759269709072
C00 374.975 77.75813868741236
C00 400.019 84.46317646392852
C00 424.965 86.19578328997457
C00 450.035 87.79533341410783
C00 475.003 90.0500203324933
C00 500.018 92.83577704373073
C00 525.002 93.53148547535109
C00 550.029 95.23487006577683
C00 575.023 96.72379587361154
C00 599.982 97.95073394881268
C00 619.997 98.61193745882146
C00 624.979 98.50059762021284
C00 650.012 99.00808562459078
C00 675.004 99.40102916384377
C00 700.03 99.3700181224483
C00 725.012 98.97272816575868
C00 750.022 98.45639508771814
C00 774.987 98.51477866344302
C00 799.976 97.44390057122907
C00 824.988 96.23940249358164
C00 850.022 93.89358543587694
C00 869.967 90.73361816841897
C00 875.002 90.3745629836806
C00 899.999 83.12658078874134
C00 919.999 75.28778268806033
C00 925.012 72.01315677638542
C00 949.965 58.35787401127826
C00 975.002 43.504003839521125
C00 999.976 26.776424319786724
C00 1025.028 11.900260680310645
C00 1050.014 4.204218319664201
C00 1075.002 0.937989245306313
C00 1099.99 0.09306643120628168
C01 319.994 41.39336906961098
C01 324.969 46.77756027370069
C01 349.982 71.65541845717513
C01 374.975 78.4526596564756
C01 400.019 84.9227016377142
C01 424.965 86.50179848049507
C01 450.035 88.01110906222695
C01 475.003 90.2092925539363
C01 500.018 92.95762135880614
C01 525.002 93.63373665823408
C01 550.029 95.33297274164937
C01 575.023 96.81803929617345
C01 599.982 98.05294707199833
C01 619.997 98.71585565644808
C01 624.979 98.60258238521443
C01 650.012 99.1208793436379
C01 675.004 99.51995810610266
C01 700.03 99.49397094475654
C01 725.012 99.09505964496009
C01 750.022 98.57262179146564
C01 774.987 98.61871969688806
C01 799.976 97.54185100831225
C01 824.988 96.34181352719347
C01 850.022 93.98476124683297
C01 869.967 90.83478845589741
C01 875.002 90.51051983453098
C01 899.999 83.22896898653477
C01 919.999 75.48359983089252
C01 925.012 72.2282549618918
C01 949.965 58.51510623294364
C01 975.002 43.54849181974592
C01 999.976 26.678970561753882
C01 1025.028 11.852181767641497
C01 1050.014 4.212627609792242
C01 1075.002 0.939096531510844
C01 1099.99 0.0931762951262523
C02 319.994 41.61893747785657
C02 324.969 47.03366778309469
C02 349.982 72.22850615589428
C02 374.975 79.15611704247509
C02 400.019 85.37350352886874
C02 424.965 86.79577919471556
C02 450.035 88.21204904032157
C02 475.003 90.35533522458269
C02 500.018 93.07452552516637
C02 525.002 93.7303854536681
C02 550.029 95.4209895977259
C02 575.023 96.90700003274411
C02 599.982 98.14583556933482
C02 619.997 98.81359295922613
C02 624.979 98.70207043407028
C02 650.012 99.22915157064062
C02 675.004 99.63597167554505
C02 700.03 99.61302167804693
C02 725.012 99.21860142253702
C02 750.022 98.69464118114882
C02 774.987 98.74170580288377
C02 799.976 97.66084084608688
C02 824.988 96.45893843979827
C02 850.022 94.08613705667706
C02 869.967 90.94113486221455
C02 875.002 90.61841907649973
C02 899.999 83.3081331570092
C02 919.999 75.6097296678888
C02 925.012 72.35663793297083
C02 949.965 58.594430254146914
C02 975.002 43.59743659052963
C02 999.976 26.762338425799904
C02 1025.028 11.879151820671519
C02 1050.014 4.22421536039468
C02 1075.002 0.9402590042902984
C02 1099.99 0.09329163460748797
C03 319.994 41.76869096899395
C03 324.969 47.20310574969812
C03 349.982 72.62795029145354
C03 374.975 79.66961847903329
C03 400.019 85.62896782937763
C03 424.965 86.89280097518355
C03 450.035 88.2225459048489
C03 475.003 90.3119547815506
C03 500.018 92.99380090710085
C03 525.002 93.62808098720883
C03 550.029 95.3090636397782
C03 575.023 96.7916715378539
C03 599.982 98.03039289535259
C03 619.997 98.70293819516971
C03 624.979 98.59130910286129
C03 650.012 99.12358919408875
C03 675.004 99.5348318358245
C03 700.03 99.52127497163075
C03 725.012 99.13171874544132
C03 750.022 98.61023999631993
C03 774.987 98.66025805056873
C03 799.976 97.5867233914802
C03 824.988 96.38970023839103
C03 850.022 94.01552109422597
C03 869.967 90.87899098839212
C03 875.002 90.55329893434505
C03 899.999 83.24786943223553
C03 919.999 75.53407460150945
C03 925.012 72.28835883593662
C03 949.965 58.58713421016617
C03 975.002 43.543254805391456
C03 999.976 26.750682643488464
C03 1025.028 11.854668968862892
C03 1050.014 4.226537001932633
C03 1075.002 0.9394549183257876
C03 1099.99 0.09321185393678781
C04 319.994 41.90025192480115
C04 324.969 47.352067599130756
C04 349.982 73.00107234033005
C04 374.975 80.15810708249735
C04 400.019 85.91924152907687
C04 424.965 87.05554424102426
C04 450.035 88.30368156764573
C04 475.003 90.34145104699179
C04 500.018 92.99093120592116
C04 525.002 93.6100483026075
C04 550.029 95.2815617024778
C04 575.023 96.76347691406185
C04 599.982 98.00363692812012
C04 619.997 98.68055909313175
C04 624.979 98.56890716500492
C04 650.012 99.10959083740583
C04 675.004 99.52667183671406
C04 700.03 99.52157183727003
C04 725.012 99.1396732221861
C04 750.022 98.63142402386131
C04 774.987 98.69390282302037
C04 799.976 97.62564323798364
C04 824.988 96.43552411399257
C04 850.022 94.06273795475029
C04 869.967 90.91988993915743
C04 875.002 90.58789519923027
C04 899.999 83.3059180826238
C04 919.999 75.61036907080418
C04 925.012 72.36534599172302
C04 949.965 58.60511361119123
C04 975.002 43.5565680875222
C04 999.976 26.795223907289536
C04 1025.028 11.875903425503253
C04 1050.014 4.239547233723283
C04 1075.002 0.9396567372958613
C04 1099.99 0.09323187822959124
C05 319.994 42.03248273128159
C05 324.969 47.50269646330703
C05 349.982 73.35486006295608
C05 374.975 80.57169420158945
C05 400.019 86.0923141967766
C05 424.965 87.09076468494591
C05 450.035 88.25863410986999
C05 475.003 90.24573852011241
C05 500.018 92.86209151847402
C05 525.002 93.4606030950186
C05 550.029 95.12056157077544
C05 575.023 96.59647096211867
C05 599.982 97.83762814024735
C05 619.997 98.51694045425214
C05 624.979 98.40681852595851
C05 650.012 98.9502805562655
C05 675.004 99.37401439066937
C05 700.03 99.3772418530041
C05 725.012 99.01130547498603
C05 750.022 98.52240582679066
C05 774.987 98.60282596727743
C05 799.976 97.5473316047297
C05 824.988 96.35734188370961
C05 850.022 94.00226870761097
C05 869.967 90.86082128888035
C05 875.002 90.52842311616135
C05 899.999 83.20239570584954
C05 919.999 75.53766743693866
C05 925.012 72.32956987622015
C05 949.965 58.58722174747006
C05 975.002 43.56004293788966
C05 999.976 26.80500524950681
C05 1025.028 11.842400425424223
C05 1050.014 4.240524416452578
C05 1075.002 0.938618125992498
C05 1099.99 0.09312882817022414
C06 319.994 42.32840829603633
C06 324.969 47.83636963588703
C06 349.982 73.97310178660352
C06 374.975 81.29866486860774
C06 400.019 86.59070593348943
C06 424.965 87.4544327050023
C06 450.035 88.5489382573271
C06 475.003 90.49700103003458
C06 500.018 93.08786925505498
C06 525.002 93.67316650468192
C06 550.029 95.3300497568934
C06 575.023 96.80856243153494
C06 599.982 98.04954453505583
C06 619.997 98.72979311761526
C06 624.979 98.62152089061254
C06 650.012 99.16772321912825
C06 675.004 99.59673212758393
C06 700.03 99.61037272311184
C06 725.012 99.26403708922565
C06 750.022 98.79944236375383
C06 774.987 98.89909026333852
C06 799.976 97.84969306430523
C06 824.988 96.64132050946823
C06 850.022 94.29187255663696
C06 869.967 91.13590155740006
C06 875.002 90.7927477142118
C06 899.999 83.36787926989899
C06 919.999 75.61479921957496
C06 925.012 72.42424717933177
C06 949.965 58.81644008069089
C06 975.002 43.6902565804109
C06 999.976 26.839279909949475
C06 1025.028 11.831602889287879
C06 1050.014 4.238512485701758
C06 1075.002 0.9412574390886962
C06 1099.99 0.09339069839094181
C07 319.994 42.31817404342067
C07 324.969 47.82706784585629
C07 349.982 74.05553147911003
C07 374.975 81.42491649663553
C07 400.019 86.5784811587027
C07 424.965 87.3581188349049
C07 450.035 88.40222573600745
C07 475.003 90.31524313940106
C07 500.018 92.88283405352621
C07 525.002 93.45717772225768
C07 550.029 95.10518545304866
C07 575.023 96.57744111344694
C07 599.982 97.82115590323708
C07 619.997 98.5031628438138
C07 624.979 98.39575076597103
C07 650.012 98.94381040771711
C07 675.004 99.37657961427033
C07 700.03 99.396599015073
C07 725.012 99.07632666192762
C07 750.022 98.64615312673324
C07 774.987 98.77628684389006
C07 799.976 97.73418188286777
C07 824.988 96.5169261946708
C07 850.022 94.17255540546516
C07 869.967 91.01463574972428
C07 875.002 90.66221056426315
C07 899.999 83.19291122927154
C07 919.999 75.36501342590971
C07 925.012 72.19750272643827
C07 949.965 58.71300524122052
C07 975.002 43.61352442459672
C07 999.976 26.773402379817654
C07 1025.028 11.797430038535603
C07 1050.014 4.231357262601184
C07 1075.002 0.939797059520407
C07 1099.99 0.0932458008717993
C10 319.994 39.76988320181841
C10 324.969 44.929453684126386
C10 349.982 68.29336180876277
C10 374.975 74.90040347655895
C10 400.019 82.72196053434337
C10 424.965 85.0766683373475
C10 450.035 87.01664723033923
C10 475.003 89.46825502277986
C10 500.018 92.37290261657883
C10 525.002 93.14520999507268
C10 550.029 94.89339084927168
C10 575.023 96.39851486429578
C10 599.982 97.63226562532141
C10 619.997 98.29365943381688
C10 624.979 98.18203034150847
C10 650.012 98.68773715205073
C10 675.004 99.0848672580115
C10 700.03 99.1208565078195
C10 725.012 98.9494051832266
C10 750.022 98.72652759558319
C10 774.987 99.09244874972232
C10 799.976 98.13527019735227
C10 824.988 96.89803316804998
C10 850.022 94.65611147215351
C10 869.967 91.53077091733864
C10 875.002 91.13605379618944
C10 899.999 83.65751356668285
C10 919.999 75.37030372384045
C10 925.012 71.98438364519374
C10 949.965 59.09070967765719
C10 975.002 44.057022659831055
C10 999.976 27.172079612475446
C10 1025.028 11.889068274814361
C10 1050.014 4.176462809630253
C10 1075.002 0.940562779839162
C10 1099.99 0.09332177493837338
C11 319.994 40.20562487073414
C11 324.969 45.4232554213396
C11 349.982 69.1467667903561
C11 374.975 75.78255114158607
C11 400.019 83.27747987676875
C11 424.965 85.44277217803388
C11 450.035 87.27179182939042
C11 475.003 89.65940604671773
C11 500.018 92.52457812243206
C11 525.002 93.27051013066686
C11 550.029 95.00354322532317
C11 575.023 96.5008802262708
C11 599.982 97.73174606223779
C11 619.997 98.39316270655168
C11 624.979 98.2835660020814
C11 650.012 98.79040699160448
C11 675.004 99.18757515726261
C11 700.03 99.22952455567459
C11 725.012 99.05677158943254
C11 750.022 98.83232594225859
C11 774.987 99.19387023120322
C11 799.976 98.23241376885177
C11 824.988 96.98662853152612
C11 850.022 94.72452758409814
C11 869.967 91.55830330239691
C11 875.002 91.19015946193292
C11 899.999 83.62177551087733
C11 919.999 75.27668448031497
C11 925.012 72.08986990235093
C11 949.965 58.98639946514792
C11 975.002 43.91724080939767
C11 999.976 26.947574972770607
C11 1025.028 11.864968874456471
C11 1050.014 4.195000736713827
C11 1075.002 0.9415707155124309
C11 1099.99 0.09342178138990362
C12 319.994 40.606020498727
C12 324.969 45.87940089400118
C12 349.982 69.97712281923822
C12 374.975 76.65000776343861
C12 400.019 83.79882922291918
C12 424.965 85.76258781481111
C12 450.035 87.48587762694748
C12 475.003 89.80668185155805
C12 500.018 92.63521005067008
C12 525.002 93.35737758388362
C12 550.029 95.07779008290083
C12 575.023 96.56909842778924
C12 599.982 97.80247620378091
C12 619.997 98.46448657937336
C12 624.979 98.35237032293894
C12 650.012 98.8644939984533
C12 675.004 99.26756902913914
C12 700.03 99.31164215866288
C12 725.012 99.1437836694992
C12 750.022 98.92051026100343
C12 774.987 99.28227529619265
C12 799.976 98.3185048042427
C12 824.988 97.06465091108025
C12 850.022 94.82008787218814
C12 869.967 91.65728896324784
C12 875.002 91.28607751117795
C12 899.999 83.59740969263802
C12 919.999 75.45558028170825
C12 925.012 72.15304899994109
C12 949.965 58.95359961797731
C12 975.002 44.0405390049116
C12 999.976 27.043439738439357
C12 1025.028 11.893952285475963
C12 1050.014 4.193178628703508
C12 1075.002 0.9424108431837506
C12 1099.99 0.09350513808564254
C13 319.994 40.95612784861991
C13 324.969 46.27676697008549
C13 349.982 70.70622482930774
C13 374.975 77.45736051124632
C13 400.019 84.30777110773563
C13 424.965 86.09210867441094
C13 450.035 87.7130559603907
C13 475.003 89.98048526544677
C13 500.018 92.76795466306466
C13 525.002 93.4688696612816
C13 550.029 95.1788766390451
C13 575.023 96.66970543174699
C13 599.982 97.90458275981399
C13 619.997 98.56979776192276
C13 624.979 98.4575216547595
C13 650.012 98.97138085247272
C13 675.004 99.38135991225666
C13 700.03 99.43037319049559
C13 725.012 99.26791917835469
C13 750.022 99.05110830646784
C13 774.987 99.4176536396434
C13 799.976 98.46064254994167
C13 824.988 97.19811865772436
C13 850.022 94.94225950066071
C13 869.967 91.78756730725455
C13 875.002 91.43180048036666
C13 899.999 83.69260460763354
C13 919.999 75.54116892909427
C13 925.012 72.26403868933414
C13 949.965 58.95505730438557
C13 975.002 44.062156913002696
C13 999.976 26.946749077338254
C13 1025.028 11.90477456041558
C13 1050.014 4.207147489120998
C13 1075.002 0.9436550442453804
C13 1099.99 0.09362858657195341
C14 319.994 41.07159335842055
C14 324.969 46.40836217962029
C14 349.982 71.03684942013052
C14 374.975 77.88732852407506
C14 400.019 84.55121615582345
C14 424.965 86.21345060148141
C14 450.035 87.76829580511503
C14 475.003 89.98154332503293
C14 500.018 92.74578869533181
C14 525.002 93.4274835463903
C14 550.029 95.13177395761282
C14 575.023 96.61849991494107
C14 599.982 97.85566082484868
C14 619.997 98.52293105061399
C14 624.979 98.41327345062797
C14 650.012 98.93136488668578
C14 675.004 99.34666469215834
C14 700.03 99.40137170111986
C14 725.012 99.25306828445127
C14 750.022 99.04843651571433
C14 774.987 99.42739692216333
C14 799.976 98.46879493711263
C14 824.988 97.21523029765
C14 850.022 94.9351118894996
C14 869.967 91.78405820315949
C14 875.002 91.45385226900747
C14 899.999 83.77011698724326
C14 919.999 75.61192951839526
C14 925.012 72.29153301469508
C14 949.965 58.89559663922585
C14 975.002 44.10432705765927
C14 999.976 26.999412280552423
C14 1025.028 11.975448563905118
C14 1050.014 4.227253951481341
C14 1075.002 0.9436295900588443
C14 1099.99 0.09362606103094957
C15 319.994 41.311753854627625
C15 324.969 46.68046617980775
C15 349.982 71.5542710055151
C15 374.975 78.46512801332533
C15 400.019 84.93010805481724
C15 424.965 86.47134311068082
C15 450.035 87.94745802438972
C15 475.003 90.12316345884801
C15 500.018 92.85910763820229
C15 525.002 93.52508383425793
C15 550.029 95.22068141060718
C15 575.023 96.70553483082614
C15 599.982 97.94523051657683
C15 619.997 98.61721253287325
C15 624.979 98.50775284331341
C15 650.012 99.02786905526992
C15 675.004 99.44971512868554
C15 700.03 99.51108258468217
C15 725.012 99.37504961443712
C15 750.022 99.19112993299449
C15 774.987 99.58067093530498
C15 799.976 98.62941447184159
C15 824.988 97.37115326572675
C15 850.022 95.08475500751469
C15 869.967 91.93074027672125
C15 875.002 91.60065613360074
C15 899.999 83.8871886162718
C15 919.999 75.72876517730026
C15 925.012 72.36393017098183
C15 949.965 58.87188544778086
C15 975.002 44.094286909500056
C15 999.976 26.971103477668347
C15 1025.028 11.982102350493191
C15 1050.014 4.233934379857555
C15 1075.002 0.9449890228902951
C15 1099.99 0.09376094270760085
C16 319.994 41.52778830868867
C16 324.969 46.92715772007897
C16 349.982 72.0061309562558
C16 374.975 78.95624273590609
C16 400.019 85.22567966438667
C16 424.965 86.64964518079555
C16 450.035 88.0602136837395
C16 475.003 90.1964283762342
C16 500.018 92.90940733421142
C16 525.002 93.56012920357179
C16 550.029 95.24736125844495
C16 575.023 96.73371423073925
C16 599.982 97.9701596183368
C16 619.997 98.64157835111256
C16 624.979 98.5295686618307
C16 650.012 99.05935203691243
C16 675.004 99.48028467759183
C16 700.03 99.55111377434804
C16 725.012 99.4281581161102
C16 750.022 99.26290291024482
C16 774.987 99.6745489847724
C16 799.976 98.72938207288395
C16 824.988 97.4653890763492
C16 850.022 95.17526096779747
C16 869.967 92.01058952174786
C16 875.002 91.66732149946758
C16 899.999 83.9419945804464
C16 919.999 75.7920280062246
C16 925.012 72.47029941311739
C16 949.965 58.96445043768993
C16 975.002 44.169466229662625
C16 999.976 27.010776906179185
C16 1025.028 11.982771249674004
C16 1050.014 4.253536075481879
C16 1075.002 0.9456728002188217
C16 1099.99 0.09382878646596396
C17 319.994 41.531354502329755
C17 324.969 46.93414167454149
C17 349.982 72.09697945381468
C17 374.975 79.07112212636764
C17 400.019 85.18825936995857
C17 424.965 86.52352295573873
C17 450.035 87.88578609081435
C17 475.003 89.99213914477335
C17 500.018 92.68234317986024
C17 525.002 93.32405251288968
C17 550.029 95.00420546405695
C17 575.023 96.48348694458483
C17 599.982 97.71909501884082
C17 619.997 98.39002658749057
C17 624.979 98.27685988340947
C17 650.012 98.80706952710146
C17 675.004 99.23022485410571
C17 700.03 99.31002842749551
C17 725.012 99.20977918469279
C17 750.022 99.066750842076
C17 774.987 99.49955810832657
C17 799.976 98.56832865760529
C17 824.988 97.29999685557338
C17 850.022 95.027170685434
C17 869.967 91.85044192726598
C17 875.002 91.51461838178606
C17 899.999 83.7945437009983
C17 919.999 75.65108533502223
C17 925.012 72.30461793864175
C17 949.965 58.88185708848486
C17 975.002 44.07077743445099
C17 999.976 26.952431390151634
C17 1025.028 11.947019872974408
C17 1050.014 4.264726102247078
C17 1075.002 0.9438040687854831
C17 1099.99 0.09364337264991639
