lsstCam/transmission_filter_detector/r01_s10/u_24/19700101T000000.ecsv
# %ECSV 1.0
# ---
# datatype:
# - {name: wavelength, unit: nm, datatype: float32}
# - {name: efficiency, unit: '%', datatype: float64}
# meta: !!omap
# - {MODE: DETECTOR}
# - {TYPE: transmission_filter_detector}
# - {CALIBDATE: '1970-01-01T00:00:00'}
# - {INSTRUME: LSSTCam}
# - {OBSTYPE: transmission_filter_detector}
# - {CALIBCLS: lsst.ip.isr.IntermediateFilterDetectorTransmissionCurve}
# - {SOURCE: Materion (DM-46256)}
# - {DETECTOR: 3}
# - {FILTER: u_24}
# - {CALIB_ID: 'calibDate=1970-01-01T00:00:00 filter=u_24 detector=3'}
# - {DATE: '2025-04-02T15:59:39.759693'}
# - {CALIB_CREATION_DATE: '2025-04-02'}
# - {CALIB_CREATION_TIME: '15:59:39'}
# - __serialized_columns__:
#     efficiency:
#       __class__: astropy.units.quantity.Quantity
#       unit: !astropy.units.Unit {unit: '%'}
#       value: !astropy.table.SerializedColumn {name: efficiency}
#     wavelength:
#       __class__: astropy.units.quantity.Quantity
#       unit: !astropy.units.Unit {unit: nm}
#       value: !astropy.table.SerializedColumn {name: wavelength}
# schema: astropy-2.0
wavelength efficiency
[from data line 581]
876.0 0.002910696821345482
877.0 0.002989738823089283
878.0 0.0030687810067320243
879.0 0.0032071504392661154
880.0 0.0033455202355980873
881.0 0.0033421660191379488
882.0 0.0033388125302735716
883.0 0.0029007896955590695
884.0 0.0024627674065413885
885.0 0.00242436581174843
886.0 0.0023859645807533525
887.0 0.0022766093024984
888.0 0.0021672542061423883
889.0 0.002242564005427994
890.0 0.002317873622814659
891.0 0.0025726641979417764
892.0 0.0028274547730688937
893.0 0.0029393968361546285
894.0 0.0030513383535435423
895.0 0.0034841345041058958
896.0 0.003916930654668249
897.0 0.0045037653762847185
898.0 0.005090599734103307
899.0 0.005191303353058174
900.0 0.005292006972013041
901.0 0.005271616100799292
902.0 0.005251225229585543
903.0 0.005468268864206038
904.0 0.005685312862624414
905.0 0.005761096690548584
906.0 0.0058368805184727535
907.0 0.006025067341397516
908.0 0.006213253800524399
909.0 0.006122979539213702
910.0 0.006032705641700886
911.0 0.005814931500935927
912.0 0.005597157723968849
913.0 0.005493839853443205
914.0 0.005390521619119681
915.0 0.004929263741360046
916.0 0.0044680058636004105
917.0 0.004232575520290993
918.0 0.0039971455407794565
919.0 0.004393357448861934
920.0 0.004789570084540173
921.0 0.0050494596507633105
922.0 0.005309349944582209
923.0 0.006524567288579419
924.0 0.007739782449789345
925.0 0.008038120722630993
926.0 0.00833645899547264
927.0 0.00908078727661632
928.0 0.009825112647376955
929.0 0.009585145016899332
930.0 0.009345179569208995
931.0 0.008260961476480588
932.0 0.007176741928560659
933.0 0.0067636203311849385
934.0 0.006350499461404979
935.0 0.006028735151630826
936.0 0.005706970841856673
937.0 0.006079983359086327
938.0 0.006452998059103265
939.0 0.006313350604614243
940.0 0.006173702422529459
941.0 0.005620415686280467
942.0 0.005067127494839951
943.0 0.004036886457470246
944.0 0.0030066461476963013
945.0 0.0024730319637455977
946.0 0.0019394179616938345
947.0 0.0017357486285618506
948.0 0.0015320794773288071
949.0 0.0015419409464811906
950.0 0.0015518024156335741
951.0 0.0013755742656940129
952.0 0.0011993461157544516
953.0 0.0015179476577031892
954.0 0.0018365495634498075
955.0 0.0025459850803599693
956.0 0.003255420597270131
957.0 0.0033963977330131456
958.0 0.0035373741411603987
959.0 0.0040778886614134535
960.0 0.004618402454070747
961.0 0.005101442366139963
962.0 0.005584481550613418
963.0 0.005732796489610337
964.0 0.005881111428607255
965.0 0.005855371637153439
966.0 0.005829631845699623
967.0 0.005433304613688961
968.0 0.0050369781092740595
969.0 0.004991935202269815
970.0 0.00494689193146769
971.0 0.004850692857871763
972.0 0.004754494148073718
973.0 0.0044432443246478215
974.0 0.004131994137424044
975.0 0.004216679008095525
976.0 0.004301363151171245
977.0 0.004148117295699194
978.0 0.0039948714402271435
979.0 0.003662058588815853
980.0 0.003329245373606682
981.0 0.00326763438351918
982.0 0.003206023757229559
983.0 0.0033820360840763897
984.0 0.0035580484109232202
985.0 0.004124530460103415
986.0 0.00469101287308149
987.0 0.005455586142488755
988.0 0.00622015941189602
989.0 0.007646269659744576
990.0 0.009072380635188892
991.0 0.009715155465528369
992.0 0.010357930295867845
993.0 0.010898577602347359
994.0 0.011439225636422634
995.0 0.010318917338736355
996.0 0.00919860540307127
997.0 0.007981695671333
998.0 0.006764788122382015
999.0 0.006141677295090631
1000.0 0.005518563921214081
1001.0 0.0050967311835847795
1002.0 0.004674897718359716
1003.0 0.004251666177879088
1004.0 0.0038284339098026976
1005.0 0.004326688576838933
1006.0 0.004824942152481526
1007.0 0.004616919250111096
1008.0 0.004408893437357619
1009.0 0.004174552304903045
1010.0 0.003940211172448471
1011.0 0.003855978502542712
1012.0 0.003771746196434833
1013.0 0.0034603417589096352
1014.0 0.003148937685182318
1015.0 0.0029484956030501053
1016.0 0.0027480535209178925
1017.0 0.0026645560865290463
1018.0 0.002581058106443379
1019.0 0.002048472742899321
1020.0 0.001515886924607912
1021.0 0.0014772642316529527
1022.0 0.0014386412658495829
1023.0 0.0016873114873305894
1024.0 0.001935981708811596
1025.0 0.0018537817595642991
1026.0 0.0017715818103170022
1027.0 0.0017355696400045417
1028.0 0.0016995574696920812
1029.0 0.001938917557708919
1030.0 0.002178278191422578
1031.0 0.0027190064429305494
1032.0 0.003259734876337461
1033.0 0.003066029603360221
1034.0 0.0028723243303829804
1035.0 0.0029666125556104816
1036.0 0.003060900417040102
1037.0 0.0029457101845764555
1038.0 0.002830519588314928
1039.0 0.002546261021052487
1040.0 0.002262002817587927
1041.0 0.0019663842977024615
1042.0 0.0016707659597159363
1043.0 0.00182138683157973
1044.0 0.001972007521544583
1045.0 0.001705493195913732
1046.0 0.0014389787793334108
1047.0 0.0018137208826374263
1048.0 0.002188463076890912
1049.0 0.0018683056623558514
1050.0 0.0015481478840229101
1051.0 0.0017241043678950518
1052.0 0.001900060124171432
1053.0 0.0018324857592233457
1054.0 0.0017649113942752592
1055.0 0.0013961689546704292
1056.0 0.0010274270607624203
1057.0 0.0016944482922554016
1058.0 0.002361469523748383
1059.0 0.0014799013115407433
1060.0 0.0005983335086057195
1061.0 0.0018382335838396102
1062.0 0.003078133158851415
1063.0 0.002694779323064722
1064.0 0.002311425305379089
1065.0 0.0021254698367556557
1066.0 0.0019395147319301032
1067.0 0.0018973727492266335
1068.0 0.0018552300389274023
1069.0 0.003157725586788729
1070.0 0.004460221316548996
1071.0 0.002770008723018691
1072.0 0.0010797963113873266
1073.0 0.0022864795027999207
1074.0 0.003493161784717813
1075.0 0.004072006413480267
1076.0 0.004650849950849079
1077.0 0.005523553772945888
1078.0 0.006396257958840579
1079.0 0.007504843961214647
1080.0 0.00861342778080143
1081.0 0.0060243779444135725
1082.0 0.003435327744227834
1083.0 0.003627981641329825
1084.0 0.0038206348108360544
1085.0 0.0037999681808287278
1086.0 0.003779301550821401
1087.0 0.0040622086089570075
1088.0 0.004345116030890495
1089.0 0.005042214252171107
1090.0 0.005739312473451719
1091.0 0.00429102910857182
1092.0 0.0028427457436919212
1093.0 0.0022435671780840494
1094.0 0.0016443886124761775
1095.0 0.0021413656213553622
1096.0 0.002638343175931368
1097.0 0.003133440259261988
1098.0 0.003628537160693668
1099.0 0.0035855744499713182
1100.0 0.0035426110116532072
