lsstCam/transmission_filter_detector/r01_s10/u_24/19700101T000000.ecsv
# %ECSV 1.0
# ---
# datatype:
# - {name: wavelength, unit: nm, datatype: float32}
# - {name: efficiency, unit: '%', datatype: float64}
# meta: !!omap
# - {MODE: DETECTOR}
# - {TYPE: transmission_filter_detector}
# - {CALIBDATE: '1970-01-01T00:00:00'}
# - {INSTRUME: LSSTCam}
# - {OBSTYPE: transmission_filter_detector}
# - {CALIBCLS: lsst.ip.isr.IntermediateFilterDetectorTransmissionCurve}
# - {SOURCE: Materion (DM-46256)}
# - {DETECTOR: 3}
# - {FILTER: u_24}
# - {CALIB_ID: 'calibDate=1970-01-01T00:00:00 filter=u_24 detector=3'}
# - {DATE: '2025-04-02T15:59:39.759693'}
# - {CALIB_CREATION_DATE: '2025-04-02'}
# - {CALIB_CREATION_TIME: '15:59:39'}
# - __serialized_columns__:
#     efficiency:
#       __class__: astropy.units.quantity.Quantity
#       unit: !astropy.units.Unit {unit: '%'}
#       value: !astropy.table.SerializedColumn {name: efficiency}
#     wavelength:
#       __class__: astropy.units.quantity.Quantity
#       unit: !astropy.units.Unit {unit: nm}
#       value: !astropy.table.SerializedColumn {name: wavelength}
# schema: astropy-2.0
wavelength efficiency
295.0 1.7139722800763035e-10
296.0 1.7139722800763035e-10
297.0 1.7139722800763035e-10
298.0 1.7139722800763035e-10
299.0 1.7139722800763035e-10
300.0 1.7139722800763035e-10
301.0 1.7139722800763035e-10
302.0 1.7139722800763035e-10
303.0 1.7139722800763035e-10
304.0 0.5410843063145876
305.0 1.375508401542902
306.0 2.734449692070484
307.0 5.286092311143875
308.0 8.079741150140762
309.0 11.69133186340332
310.0 15.664619207382202
311.0 19.434939324855804
312.0 23.004473745822906
313.0 25.77347457408905
314.0 28.397685289382935
315.0 30.884331464767456
316.0 33.444347977638245
317.0 36.67144179344177
318.0 40.579789876937866
319.0 45.57310938835144
320.0 51.93829536437988
321.0 57.3358952999115
322.0 63.09777498245239
323.0 67.86243915557861
324.0 71.26473784446716
325.0 73.63654375076294
326.0 75.76020359992981
327.0 77.22600102424622
328.0 78.94675731658936
329.0 80.16161322593689
330.0 81.11874461174011
331.0 81.41385912895203
332.0 81.62909746170044
333.0 81.84292912483215
334.0 81.8895161151886
335.0 82.32285976409912
336.0 82.7885091304779
337.0 83.48426222801208
338.0 84.33713912963867
339.0 84.90992188453674
340.0 85.19384860992432
341.0 85.53616404533386
342.0 85.77759861946106
343.0 85.81678867340088
344.0 86.00867986679077
345.0 86.53356432914734
346.0 86.8551254272461
347.0 87.19781041145325
348.0 87.44969964027405
349.0 87.60287761688232
350.0 87.60024905204773
351.0 87.78080940246582
352.0 87.75606155395508
353.0 87.73660063743591
354.0 87.56099343299866
355.0 87.72966861724854
356.0 87.72464394569397
357.0 87.5389039516449
358.0 87.21076846122742
359.0 86.95785403251648
360.0 86.76605820655823
361.0 86.61230802536011
362.0 86.53140664100647
363.0 86.81336641311646
364.0 86.9547426700592
365.0 87.43037581443787
366.0 87.69063353538513
367.0 87.72663474082947
368.0 87.73760795593262
369.0 87.8452718257904
370.0 87.78170347213745
371.0 87.8336489200592
372.0 87.92910575866699
373.0 88.23232054710388
374.0 88.22217583656311
375.0 88.52242827415466
376.0 88.79058957099915
377.0 88.83667588233948
378.0 88.76767754554749
379.0 88.15547227859497
380.0 87.14207410812378
381.0 85.53225994110107
382.0 83.57889652252197
383.0 81.51273131370544
384.0 79.32872772216797
385.0 76.70038938522339
386.0 73.77159595489502
387.0 69.96219754219055
388.0 65.988689661026
389.0 61.36244535446167
390.0 57.0783257484436
391.0 52.83370614051819
392.0 48.65579903125763
393.0 45.12442946434021
394.0 41.395556926727295
395.0 36.91452443599701
396.0 31.83971643447876
397.0 25.000935792922974
398.0 18.068350851535797
399.0 11.475999653339386
400.0 6.176149472594261
401.0 2.676399238407612
402.0 0.8710742928087711
403.0 0.298761622980237
404.0 0.12095402926206589
405.0 0.056245538871735334
406.0 0.021806222503073514
407.0 0.007188419840531424
408.0 1.7139722800763035e-10
409.0 1.7139722800763035e-10
410.0 1.7139722800763035e-10
411.0 1.7139722800763035e-10
412.0 1.7139722800763035e-10
413.0 1.7139722800763035e-10
414.0 1.7139722800763035e-10
415.0 1.7139722800763035e-10
416.0 1.7139722800763035e-10
417.0 1.7139722800763035e-10
418.0 1.7139722800763035e-10
419.0 1.7139722800763035e-10
420.0 1.7139722800763035e-10
421.0 1.7139722800763035e-10
422.0 1.7139722800763035e-10
423.0 1.7139722800763035e-10
424.0 1.7139722800763035e-10
425.0 1.7139722800763035e-10
426.0 1.7139722800763035e-10
427.0 1.7139722800763035e-10
428.0 1.7139722800763035e-10
429.0 0.0009357127055409364
430.0 0.0033687167160678655
431.0 0.0015553141565760598
432.0 1.7139722800763035e-10
433.0 1.7139722800763035e-10
434.0 0.00010610694971546764
435.0 0.0010088650924444664
436.0 0.0019116239855065942
437.0 1.7139722800763035e-10
438.0 1.7139722800763035e-10
439.0 1.7139722800763035e-10
440.0 0.002201130882895086
441.0 0.00020186596429994097
442.0 1.7139722800763035e-10
443.0 1.7139722800763035e-10
444.0 1.7139722800763035e-10
445.0 1.7139722800763035e-10
446.0 1.7139722800763035e-10
447.0 1.7139722800763035e-10
448.0 0.0003430840706641902
449.0 0.0005580948709393851
450.0 0.0007731056030024774
451.0 1.7139722800763035e-10
452.0 1.7139722800763035e-10
453.0 1.7139722800763035e-10
454.0 1.7139722800763035e-10
455.0 1.7139722800763035e-10
456.0 1.7139722800763035e-10
457.0 1.7139722800763035e-10
458.0 1.7139722800763035e-10
459.0 1.7139722800763035e-10
460.0 1.7139722800763035e-10
461.0 1.7139722800763035e-10
462.0 1.7139722800763035e-10
463.0 1.7139722800763035e-10
464.0 1.7139722800763035e-10
465.0 1.7139722800763035e-10
466.0 1.7139722800763035e-10
467.0 1.7139722800763035e-10
468.0 1.7139722800763035e-10
469.0 1.7139722800763035e-10
470.0 0.000642014856566675
471.0 0.00024203277462220285
472.0 1.7139722800763035e-10
473.0 1.7139722800763035e-10
474.0 1.7139722800763035e-10
475.0 0.0001326672304458043
476.0 0.0006845638381491881
477.0 0.0002904437906181556
478.0 1.7139722800763035e-10
479.0 1.7139722800763035e-10
480.0 1.8162475612371054e-05
481.0 0.000342302678291162
482.0 0.0006664427019131836
483.0 0.00028542101517814444
484.0 1.7139722800763035e-10
485.0 1.7139722800763035e-10
486.0 1.7139722800763035e-10
487.0 1.7139722800763035e-10
488.0 1.7139722800763035e-10
489.0 1.7139722800763035e-10
490.0 8.228078627325885e-05
491.0 1.7139722800763035e-10
492.0 1.7139722800763035e-10
493.0 1.7139722800763035e-10
494.0 1.7139722800763035e-10
495.0 1.7139722800763035e-10
496.0 1.7139722800763035e-10
497.0 0.00021112357444508234
498.0 0.00048356823754147626
499.0 0.00028254930839466397
500.0 8.153044177561242e-05
501.0 1.7139722800763035e-10
502.0 1.7139722800763035e-10
503.0 1.7139722800763035e-10
504.0 1.7139722800763035e-10
505.0 1.7139722800763035e-10
506.0 1.7139722800763035e-10
507.0 1.7139722800763035e-10
508.0 1.7139722800763035e-10
509.0 1.7139722800763035e-10
510.0 1.7139722800763035e-10
511.0 0.00027720163870981196
512.0 0.0006489324732683599
513.0 0.0005370072813093429
514.0 0.00042508186197665054
515.0 0.0005576209332502913
516.0 0.0006901600954734022
517.0 1.7139722800763035e-10
518.0 1.7139722800763035e-10
519.0 1.7139722800763035e-10
520.0 0.0005192636308493093
521.0 0.0006388839665305568
522.0 0.0007585042567370692
523.0 0.00028861084047093755
524.0 1.7139722800763035e-10
525.0 1.7139722800763035e-10
526.0 1.7139722800763035e-10
527.0 1.7139722800763035e-10
528.0 1.7139722800763035e-10
529.0 1.7139722800763035e-10
530.0 1.7139722800763035e-10
531.0 1.7139722800763035e-10
532.0 0.00030124415388854686
533.0 1.7139722800763035e-10
534.0 1.7139722800763035e-10
535.0 1.7139722800763035e-10
536.0 3.4867937870330934e-05
537.0 1.7139722800763035e-10
538.0 1.7139722800763035e-10
539.0 1.7139722800763035e-10
540.0 1.7139722800763035e-10
541.0 1.7139722800763035e-10
542.0 1.7139722800763035e-10
543.0 1.7139722800763035e-10
544.0 1.7139722800763035e-10
545.0 1.7139722800763035e-10
546.0 1.7139722800763035e-10
547.0 1.7139722800763035e-10
548.0 1.7139722800763035e-10
549.0 1.7139722800763035e-10
550.0 1.7139722800763035e-10
551.0 1.7139722800763035e-10
552.0 1.7139722800763035e-10
553.0 1.7139722800763035e-10
554.0 1.7139722800763035e-10
555.0 1.7139722800763035e-10
556.0 1.7139722800763035e-10
557.0 1.7139722800763035e-10
558.0 1.7139722800763035e-10
559.0 1.7139722800763035e-10
560.0 1.7139722800763035e-10
561.0 1.7139722800763035e-10
562.0 1.7139722800763035e-10
563.0 1.7139722800763035e-10
564.0 1.7139722800763035e-10
565.0 1.7139722800763035e-10
566.0 1.7139722800763035e-10
567.0 1.7139722800763035e-10
568.0 1.7139722800763035e-10
569.0 0.0002796900616885978
570.0 0.0006330293672363041
571.0 0.0005912057986279251
572.0 0.0005493824119184865
573.0 0.000521449874213431
574.0 0.0004935177003062563
575.0 0.00043420432120910846
576.0 0.00037489112401090097
577.0 0.0003200158062099945
578.0 0.0002651404429343529
579.0 0.00046347236093424726
580.0 0.0006618041425099364
581.0 0.0007757110324746463
582.0 0.0008896181498130318
583.0 0.0011867427929246332
584.0 0.001483867617935175
585.0 0.0011267598893027753
586.0 0.0007696517059230246
587.0 0.0009064389814739116
588.0 0.0010432263479742687
589.0 0.001112730478780577
590.0 0.0011822346095868852
591.0 0.001128453641285887
592.0 0.001074672763934359
593.0 0.0007393990472337464
594.0 0.00040412519410892855
595.0 0.0006933591976121534
596.0 0.0009825929737417027
597.0 0.0013361759556573816
598.0 0.0016897589375730604
599.0 0.0023100645194062963
600.0 0.002930369555542711
601.0 0.002665128340595402
602.0 0.002399887307547033
603.0 0.001840497861849144
604.0 0.001281108688999666
605.0 0.0011167890988872387
606.0 0.0009524695087748114
607.0 0.0009603912076272536
608.0 0.0009683129064796958
609.0 0.0007807464498910122
610.0 0.0005931799023528583
611.0 0.0006656717687292257
612.0 0.0007381636351055931
613.0 0.0006157381449156674
614.0 0.0004933126092510065
615.0 0.00062246735978988
616.0 0.0007516221103287535
617.0 0.0006673118150501978
618.0 0.0005830017926200526
619.0 0.000411762312069186
620.0 0.0002405230134172598
621.0 0.00037365496154961875
622.0 0.0005067869096819777
623.0 0.00066463258008298
624.0 0.0008224782504839823
625.0 0.0009648084414948244
626.0 0.0011071385415561963
627.0 0.0010394433957117144
628.0 0.0009717483408167027
629.0 0.0011437030480010435
630.0 0.0013156577551853843
631.0 0.0018692737285164185
632.0 0.0024228895199485123
633.0 0.002380013029323891
634.0 0.0023371365386992693
635.0 0.0022834727133158594
636.0 0.0022298087060335092
637.0 0.0019261611669207923
638.0 0.001622513445909135
639.0 0.0011346363862685394
640.0 0.000646759008304798
641.0 0.000797330812929431
642.0 0.0009479025720793288
643.0 0.0007323907084355596
644.0 0.0005168787993170554
645.0 0.0005196604433876928
646.0 0.0005224420419835951
647.0 0.00021357450350478757
648.0 1.7139722800763035e-10
649.0 6.361786404340819e-05
650.0 0.00022252877442952013
651.0 0.0007609869498992339
652.0 0.0012994452845305204
653.0 0.001543156940897461
654.0 0.0017868680515675806
655.0 0.002016403595916927
656.0 0.002245939140266273
657.0 0.00311520961986389
658.0 0.003984480645158328
659.0 0.004157493094680831
660.0 0.004330505180405453
661.0 0.0040301030821865425
662.0 0.0037297006201697513
663.0 0.002820682493620552
664.0 0.0019116641851724125
665.0 0.001662189060880337
666.0 0.0014127134818409104
667.0 0.0014624116374761797
668.0 0.001512109702161979
669.0 0.000940343215916073
670.0 0.0003685769115691073
671.0 0.00035492455481289653
672.0 0.00034127210710721556
673.0 0.0006469900199590484
674.0 0.0009527077963866759
675.0 0.0011804644600488245
676.0 0.0014082211237109732
677.0 0.0020179131752229296
678.0 0.0026276054995832965
679.0 0.0029965387511765584
680.0 0.0033654720027698204
681.0 0.004868854375672527
682.0 0.006372237112373114
683.0 0.007979865767993033
684.0 0.009587495878804475
685.0 0.00905540437088348
686.0 0.008523316500941291
687.0 0.0072863680543377995
688.0 0.006049419607734308
689.0 0.004926881956635043
690.0 0.003804344669333659
691.0 0.0034724489523796365
692.0 0.003140553235425614
693.0 0.002843579204636626
694.0 0.0025466053557465784
695.0 0.0021266449039103463
696.0 0.0017066846339730546
697.0 0.0012759441233356483
698.0 0.0008452034307993017
699.0 0.0006958496214792831
700.0 0.0005464956302603241
701.0 0.0004671751867135754
702.0 0.00038785483411629684
703.0 0.0006620899966947036
704.0 0.0009363253411720507
705.0 0.0010843142263183836
706.0 0.0012323032024141867
707.0 0.0010009211109718308
708.0 0.0007695386557315942
709.0 0.0005925243840465555
710.0 0.0004155100214120466
711.0 0.00040662966966920067
712.0 0.0003977494088758249
713.0 0.0006137497166491812
714.0 0.0008297500244225375
715.0 0.0007925434147182386
716.0 0.0007553368050139397
717.0 0.0007134948191378498
718.0 0.0006716527877870249
719.0 0.0004154924681643024
720.0 0.00015933215991026373
721.0 0.00021441417175083188
722.0 0.0002694961949600838
723.0 0.00023867062282079132
724.0 0.00020784509615623392
725.0 0.00018261478089698358
726.0 0.0001573843974256306
727.0 0.00040608656490803696
728.0 0.000654788800602546
729.0 0.0005505902208824409
730.0 0.0004463919140107464
731.0 0.00041234497984987684
732.0 0.0003782980684263748
733.0 0.0002442557388349087
734.0 0.00011021350019291276
735.0 0.00043489371819305234
736.0 0.0007595738679810893
737.0 0.0007371670562861254
738.0 0.0007147601536416914
739.0 0.0008934859579312615
740.0 0.0010722117622208316
741.0 0.0016796175259514712
742.0 0.002287023380631581
743.0 0.002994135138578713
744.0 0.0037012465327279642
745.0 0.004030859054182656
746.0 0.004360470848041587
747.0 0.004151433313381858
748.0 0.003942395414924249
749.0 0.0032471176382387057
750.0 0.002551840225351043
751.0 0.002219011730630882
752.0 0.0018861832359107211
753.0 0.0018399397959001362
754.0 0.0017936963558895513
755.0 0.00204984189622337
756.0 0.0023059878003550693
757.0 0.0020833009330090135
758.0 0.001860613701865077
759.0 0.0016991887605399825
760.0 0.0015377641830127686
761.0 0.001285710277443286
762.0 0.0010336564628232736
763.0 0.0008541016541130375
764.0 0.0006745468454028014
765.0 0.0007560265657957643
766.0 0.0008375062861887272
767.0 0.0007807024303474464
768.0 0.0007238983926072251
769.0 0.0006548862074851058
770.0 0.0005858737949893111
771.0 0.000583563723921543
772.0 0.0005812536073790397
773.0 0.0005126057658344507
774.0 0.00044395806071406696
775.0 0.0005106198386783944
776.0 0.0005772817075921921
777.0 0.0006406750799214933
778.0 0.0007040682703518542
779.0 0.0008307385542138945
780.0 0.0009574086107022595
781.0 0.0011393627573852427
782.0 0.0013213167221692856
783.0 0.0012185349078208674
784.0 0.001115753002522979
785.0 0.001272643839911325
786.0 0.0014295343135017902
787.0 0.0011014574738510419
788.0 0.0007733806342002936
789.0 0.000817794534668792
790.0 0.000862208707985701
791.0 0.000758383612264879
792.0 0.0006545584255945869
793.0 0.00018842272311303532
794.0 1.7139722800763035e-10
795.0 8.097048009858554e-06
796.0 0.00029390714644250693
797.0 0.00045826277528249193
798.0 0.0006226183359103743
799.0 0.0004560916295304196
800.0 0.00028956480946362717
801.0 0.0001501235374234966
802.0 1.0682304463216497e-05
803.0 1.7139722800763035e-10
804.0 1.7139722800763035e-10
805.0 5.972216285954346e-05
806.0 0.00018078330867865589
807.0 4.4395687837095466e-05
808.0 1.7139722800763035e-10
809.0 9.302830790147709e-05
810.0 0.00027804862838820554
811.0 1.7139722800763035e-10
812.0 1.7139722800763035e-10
813.0 2.40012496988129e-05
814.0 0.0003357867626618827
815.0 0.00027265109565632883
816.0 0.00020951540591340745
817.0 0.00012725211036013206
818.0 4.4988857439420826e-05
819.0 5.4515624015039066e-05
820.0 6.404228543033241e-05
821.0 5.21173490142246e-05
822.0 4.0192259120885865e-05
823.0 0.00011817584208984044
824.0 0.0001961593170562992
825.0 5.366130153561244e-05
826.0 1.7139722800763035e-10
827.0 0.00016471681192342658
828.0 0.00041827047425613273
829.0 0.0004101465492567513
830.0 0.0004020229880552506
831.0 7.62174863666587e-05
832.0 1.7139722800763035e-10
833.0 1.7139722800763035e-10
834.0 1.7139722800763035e-10
835.0 1.7139722800763035e-10
836.0 2.8906580951115757e-05
837.0 1.7139722800763035e-10
838.0 1.7139722800763035e-10
839.0 1.7139722800763035e-10
840.0 1.7139722800763035e-10
841.0 1.7139722800763035e-10
842.0 4.72685542263207e-05
843.0 1.7139722800763035e-10
844.0 1.7139722800763035e-10
845.0 0.00021722980818594806
846.0 0.0005928869541094173
847.0 0.00036197798181092367
848.0 0.0001310689526690112
849.0 0.00018260822116644704
850.0 0.0002341473191336263
851.0 0.00020213392417645082
852.0 0.00017012043826980516
853.0 0.00032115356134454487
854.0 0.00047218645704560913
855.0 0.0004484586952457903
856.0 0.0004247307970217662
857.0 0.000644520287096384
858.0 0.000864309913595207
859.0 0.0010627214578562416
860.0 0.0012611330930667464
861.0 0.0012968032933713403
862.0 0.0013324734936759342
863.0 0.0015694749890826643
864.0 0.0018064762116409838
865.0 0.0022461466869572178
866.0 0.0026858169803745113
867.0 0.002500906339264475
868.0 0.0023159958800533786
869.0 0.002291472083015833
870.0 0.002266947558382526
871.0 0.0021990141249261796
872.0 0.0021310803276719525
873.0 0.0022457044906332158
874.0 0.002360328653594479
