lsstCam/transmission_filter_detector/r14_s12/g_6/19700101T000000.ecsv
# %ECSV 1.0
# ---
# datatype:
# - {name: wavelength, unit: nm, datatype: float32}
# - {name: efficiency, unit: '%', datatype: float64}
# meta: !!omap
# - {MODE: DETECTOR}
# - {TYPE: transmission_filter_detector}
# - {CALIBDATE: '1970-01-01T00:00:00'}
# - {INSTRUME: LSSTCam}
# - {OBSTYPE: transmission_filter_detector}
# - {CALIBCLS: lsst.ip.isr.IntermediateFilterDetectorTransmissionCurve}
# - {SOURCE: Materion (DM-46256)}
# - {DETECTOR: 68}
# - {FILTER: g_6}
# - {CALIB_ID: 'calibDate=1970-01-01T00:00:00 filter=g_6 detector=68'}
# - {DATE: '2025-04-02T15:59:42.342279'}
# - {CALIB_CREATION_DATE: '2025-04-02'}
# - {CALIB_CREATION_TIME: '15:59:42'}
# - __serialized_columns__:
#     efficiency:
#       __class__: astropy.units.quantity.Quantity
#       unit: !astropy.units.Unit {unit: '%'}
#       value: !astropy.table.SerializedColumn {name: efficiency}
#     wavelength:
#       __class__: astropy.units.quantity.Quantity
#       unit: !astropy.units.Unit {unit: nm}
#       value: !astropy.table.SerializedColumn {name: wavelength}
# schema: astropy-2.0
wavelength efficiency
300.0 0.492106843739748
301.0 0.36631238181144
302.0 0.24051787331700325
303.0 0.2172708511352539
304.0 0.1940238056704402
305.0 0.20294527057558298
306.0 0.2118667121976614
307.0 0.2189994789659977
308.0 0.22613222245126963
309.0 0.22073234431445599
310.0 0.21533251274377108
311.0 0.2117133466526866
312.0 0.20809422712773085
313.0 0.2025063382461667
314.0 0.19691844936460257
315.0 0.18838258692994714
316.0 0.17984675941988826
317.0 0.1803284976631403
318.0 0.18081028247252107
319.0 0.1625753124244511
320.0 0.14434034237638116
321.0 0.13811805984005332
322.0 0.13189577730372548
323.0 0.112760195042938
324.0 0.09362465352751315
325.0 0.08603922906331718
326.0 0.0784538104198873
327.0 0.07182725821621716
328.0 0.06520070019178092
329.0 0.06189460400491953
330.0 0.05858850199729204
331.0 0.05469978787004948
332.0 0.05081107374280691
333.0 0.04752758250106126
334.0 0.0442440970800817
335.0 0.04258611879777163
336.0 0.040928140515461564
337.0 0.04209962207823992
338.0 0.043271100730635226
339.0 0.041514282929711044
340.0 0.03975746512878686
341.0 0.03792727075051516
342.0 0.03609707928262651
343.0 0.0323906191624701
344.0 0.028684164863079786
345.0 0.025542479124851525
346.0 0.022400790476240218
347.0 0.02095002419082448
348.0 0.019499254995025694
349.0 0.017979394760914147
350.0 0.5500730592757463
351.0 0.7983201183378696
352.0 0.687467772513628
353.0 0.7529080845415592
354.0 0.5915711168199778
355.0 0.6742749363183975
356.0 0.6108667701482773
357.0 0.8542976342141628
358.0 0.5854642484337091
359.0 0.733678275719285
360.0 0.47448454424738884
361.0 0.751509191468358
362.0 0.5554924253374338
363.0 0.5940844304859638
364.0 0.6678381934762001
365.0 0.6760303396731615
366.0 0.5087093915790319
367.0 0.6874407641589642
368.0 0.4386609885841608
369.0 0.6646674126386642
370.0 0.2880921121686697
371.0 0.6133685354143381
372.0 0.3353951731696725
373.0 0.6794233806431293
374.0 0.3657518420368433
375.0 0.4912715405225754
376.0 0.37194909527897835
377.0 0.4947790876030922
378.0 0.38076932542026043
379.0 0.5048625636845827
380.0 0.4288292024284601
381.0 0.539798941463232
382.0 0.56731509976089
383.0 0.5567125510424376
384.0 0.5666116718202829
385.0 0.6467794068157673
386.0 0.634617917239666
387.0 0.8223403245210648
388.0 1.041855663061142
389.0 1.517470646649599
390.0 2.2113746032118797
391.0 3.523699939250946
392.0 5.439453572034836
393.0 8.548279106616974
394.0 12.74845004081726
395.0 18.292179703712463
396.0 25.025078654289246
397.0 33.15540850162506
398.0 42.4624502658844
399.0 52.16277837753296
400.0 61.487168073654175
401.0 70.08597254753113
402.0 77.40117311477661
403.0 83.19206237792969
404.0 87.1597170829773
405.0 90.01718163490295
406.0 91.47586226463318
407.0 92.5743043422699
408.0 93.26298832893372
409.0 93.4568464756012
410.0 93.38144659996033
411.0 93.23232173919678
412.0 92.79077053070068
413.0 92.62351989746094
414.0 92.52023696899414
415.0 92.9063081741333
416.0 93.36159229278564
417.0 93.753582239151
418.0 94.30949091911316
419.0 94.82426643371582
420.0 95.25753855705261
421.0 95.73566913604736
422.0 95.7399845123291
423.0 95.93960642814636
424.0 95.71662545204163
425.0 95.65104842185974
426.0 95.49241065979004
427.0 95.49164772033691
428.0 95.31860947608948
429.0 95.15562653541565
430.0 95.18512487411499
431.0 95.29182314872742
432.0 95.36426067352295
433.0 95.43854594230652
434.0 95.44081687927246
435.0 95.57964205741882
436.0 95.5747902393341
437.0 95.57147026062012
438.0 95.66887617111206
439.0 95.8273708820343
440.0 95.81686854362488
441.0 95.92320919036865
442.0 95.81160545349121
443.0 95.72005867958069
444.0 95.59474587440491
445.0 95.33297419548035
446.0 95.27116417884827
447.0 95.17576098442078
448.0 95.33206820487976
449.0 95.59957385063171
450.0 95.87070941925049
451.0 96.05716466903687
452.0 96.22189402580261
453.0 96.2756872177124
454.0 96.32822871208191
455.0 96.59109115600586
456.0 96.68604731559753
457.0 96.87155485153198
458.0 96.88462018966675
459.0 96.88401818275452
460.0 96.84599041938782
461.0 96.90500497817993
462.0 96.83802127838135
463.0 96.71362638473511
464.0 96.76992297172546
465.0 96.6570496559143
466.0 96.49800658226013
467.0 96.69672846794128
468.0 96.7089295387268
469.0 96.73770070075989
470.0 96.5889573097229
471.0 96.49626016616821
472.0 96.53269648551941
473.0 96.40235304832458
474.0 96.30884528160095
475.0 96.44936323165894
476.0 96.51106595993042
477.0 96.62210941314697
478.0 96.71184420585632
479.0 96.68834209442139
480.0 96.90475463867188
481.0 96.89574837684631
482.0 97.13433980941772
483.0 97.00322151184082
484.0 97.22533822059631
485.0 97.18014001846313
486.0 97.21622467041016
487.0 97.2666084766388
488.0 97.28630781173706
489.0 97.38578796386719
490.0 97.35885262489319
491.0 97.45476245880127
492.0 97.39197492599487
493.0 97.38712310791016
494.0 97.36146330833435
495.0 97.40261435508728
496.0 97.21713662147522
497.0 97.13528156280518
498.0 96.90961837768555
499.0 96.99589014053345
500.0 96.96246385574341
501.0 96.99773788452148
502.0 96.89061045646667
503.0 97.04763293266296
504.0 96.88068628311157
505.0 96.90352082252502
506.0 96.9190239906311
507.0 96.88093066215515
508.0 96.8828797340393
509.0 96.88646793365479
510.0 96.83006405830383
511.0 96.83302640914917
512.0 96.75454497337341
513.0 96.8272864818573
514.0 96.84642553329468
515.0 96.90198302268982
516.0 96.96663618087769
517.0 96.97962403297424
518.0 97.07478284835815
519.0 97.00953960418701
520.0 97.02509641647339
521.0 97.14006781578064
522.0 97.11288213729858
523.0 97.08123803138733
524.0 97.052663564682
525.0 97.04112410545349
526.0 97.13578820228577
527.0 97.09140062332153
528.0 97.17193245887756
529.0 97.22731709480286
530.0 97.2656786441803
531.0 97.36782908439636
532.0 97.19353318214417
533.0 97.11216688156128
534.0 97.02415466308594
535.0 96.66084051132202
536.0 96.01209759712219
537.0 95.08360028266907
538.0 93.84096264839172
539.0 91.80867671966553
540.0 89.45610523223877
541.0 86.06733679771423
542.0 82.68933892250061
543.0 78.321772813797
544.0 73.17724823951721
545.0 68.81569623947144
546.0 63.86909484863281
547.0 59.65871214866638
548.0 55.70002794265747
549.0 52.43721604347229
550.0 49.874287843704224
551.0 47.34972417354584
552.0 45.03636956214905
553.0 42.18440055847168
554.0 38.47590088844299
555.0 34.33411717414856
556.0 29.09192442893982
557.0 23.526744544506073
558.0 18.058940768241882
559.0 13.17557841539383
560.0 8.996669948101044
561.0 5.540364235639572
562.0 3.2395850867033005
563.0 1.7255447804927826
564.0 0.9022992104291916
565.0 0.4197153262794018
566.0 0.23848565760999918
567.0 0.1307654776610434
568.0 0.09610859560780227
569.0 0.05776223260909319
570.0 0.06355854566209018
571.0 0.03633374872151762
572.0 0.04040576168335974
573.0 0.02744820376392454
574.0 0.02574812388047576
575.0 0.026105379220098257
576.0 0.03196665202267468
577.0 0.024002284044399858
578.0 0.031582044903188944
579.0 0.02065942680928856
580.0 0.03400683926884085
581.0 0.009283702820539474
582.0 0.025960284983739257
583.0 0.019620469538494945
584.0 0.015229977725539356
585.0 0.009475688420934603
586.0 0.015017829718999565
587.0 0.009373785724164918
588.0 0.019026544759981334
589.0 0.012881644943263382
590.0 0.018870177154894918
591.0 0.012681605585385114
592.0 0.018580116739030927
593.0 0.01510041911387816
594.0 0.011427952267695218
595.0 0.018376695516053587
596.0 0.0016800837329356
597.0 0.003935082713724114
598.0 0.009037614654516801
599.0 0.001943695497175213
600.0 0.00023917968974274117
601.0 0.002310063791810535
602.0 0.0023041087843012065
603.0 0.002298153776791878
604.0 0.002106057399942074
605.0 0.00191396102309227
606.0 0.0019860381144098938
607.0 0.002058114841929637
608.0 0.0018670991266844794
609.0 0.0016760832295403816
610.0 0.0018348653611610644
611.0 0.0019936473108828068
612.0 0.00184833425009856
613.0 0.0017030213712132536
614.0 0.001782803337846417
615.0 0.0018625854863785207
616.0 0.0019202147086616606
617.0 0.00197784374904586
618.0 0.0018069948055199347
619.0 0.0016361458619940095
620.0 0.0015763749615871347
621.0 0.0015166038792813197
622.0 0.001467236415919615
623.0 0.0014178687706589699
624.0 0.0014286579244071618
625.0 0.0014394470781553537
626.0 0.001345753207715461
627.0 0.001252059701073449
628.0 0.0013363642210606486
629.0 0.0014206691048457287
630.0 0.0012883396266261116
631.0 0.0011560097846086137
632.0 0.0013042618775216397
633.0 0.001452513606636785
634.0 0.0013678512004844379
635.0 0.00128318843053421
636.0 0.00130761181935668
637.0 0.0013320355719770305
638.0 0.0012093289115000516
639.0 0.0010866221600736026
640.0 0.0010946541806333698
641.0 0.0011026858373952564
642.0 0.0012796842383977491
643.0 0.0014566829122486524
644.0 0.0013242048225947656
645.0 0.0011917265510419384
646.0 0.0011545989764272235
647.0 0.0011174713108630385
648.0 0.0010429878784634639
649.0 0.0009685042641649488
650.0 0.0012288151992834173
651.0 0.001489125679654535
652.0 0.001209231595566962
653.0 0.0009293373295804486
654.0 0.0010470437700860202
655.0 0.001164750301541062
656.0 0.0011563118277990725
657.0 0.001147873354057083
658.0 0.0010315126019122545
659.0 0.0009151523954642471
660.0 0.0009014800525619648
661.0 0.0008878077096596826
662.0 0.0010266524441249203
663.0 0.0011654975423880387
664.0 0.0011575529242691118
665.0 0.0011496081242512446
666.0 0.0010934397323580924
667.0 0.0010372710676165298
668.0 0.0010915064194705337
669.0 0.0011457418622740079
670.0 0.0011559269296412822
671.0 0.0011661118151096161
672.0 0.0011811496733571403
673.0 0.0011961871678067837
674.0 0.0011210861885047052
675.0 0.0010459851182531565
676.0 0.0010161358659388497
677.0 0.0009862862498266622
678.0 0.001078201694326708
679.0 0.0011701173207256943
680.0 0.0010365451998950448
681.0 0.0009029729881149251
682.0 0.0009698092071630526
683.0 0.00103664533526171
684.0 0.0008709474059287459
685.0 0.0007052493401715765
686.0 0.0009427567420061678
687.0 0.001180264098366024
688.0 0.0011268282833043486
689.0 0.0010733924682426732
690.0 0.0009928716281137895
691.0 0.0009123507879849058
692.0 0.0009094565029954538
693.0 0.0009065623999049421
694.0 0.00100854886113666
695.0 0.001110535413317848
696.0 0.001109490949602332
697.0 0.0011084462130384054
698.0 0.001249473098141607
699.0 0.0013905000741942786
700.0 0.0011716693734342698
701.0 0.0009528383998258505
702.0 0.001087519649445312
703.0 0.0012222008081153035
704.0 0.0012164676263637375
705.0 0.0012107343536627013
706.0 0.0011447506039985456
707.0 0.0010787670362333301
708.0 0.0010655725418473594
709.0 0.0010523783203097992
710.0 0.0011655851267278194
711.0 0.0012787922969437204
712.0 0.0011740827176254243
713.0 0.0010693734111555386
714.0 0.0011300835467409343
715.0 0.0011907941370736808
716.0 0.0014045430361875333
717.0 0.0016182921172003262
718.0 0.0018607979654916562
719.0 0.0021033034499851055
720.0 0.0017535739971208386
721.0 0.0014038445442565717
722.0 0.0015468473065993749
723.0 0.0016898504327400587
724.0 0.0015889943824731745
725.0 0.0014881381503073499
726.0 0.0016368059732485563
727.0 0.001785473978088703
728.0 0.0018632199498824775
729.0 0.0019409657397773117
730.0 0.0019456847439869307
731.0 0.0019504037481965497
732.0 0.0018916187400463969
733.0 0.0018328340956941247
734.0 0.0016210789908654988
735.0 0.0014093242498347536
736.0 0.0012584564501594286
737.0 0.0011075884685851634
738.0 0.0011395261935831513
739.0 0.0011714639185811393
740.0 0.0009960053830582183
741.0 0.0008205467565858271
742.0 0.0008574073945055716
743.0 0.000894268032425316
744.0 0.001016047281154897
745.0 0.0011378267117834184
746.0 0.0011015420568583068
747.0 0.001065257310983725
748.0 0.001209435322380159
749.0 0.0013536134247260634
750.0 0.0010876762644329574
751.0 0.0008217394679377321
752.0 0.0007128479865059489
753.0 0.0006039567779225763
754.0 0.0007386186553048901
755.0 0.0008732804417377338
756.0 0.0008504984180035535
757.0 0.0008277163942693733
758.0 0.0008277291271951981
759.0 0.0008277420420199633
760.0 0.0006665726687060669
761.0 0.0005054032499174355
762.0 0.000599368968323688
763.0 0.0006933346412552055
764.0 0.0007789592018525582
765.0 0.0008645840352983214
766.0 0.0007542002094851341
767.0 0.0006438165200961521
768.0 0.000560110856895335
769.0 0.00047640514821978286
770.0 0.0004129572062083753
771.0 0.00034950928693433525
772.0 0.0005506484285433544
773.0 0.0007517877293139463
774.0 0.0008673993761476595
775.0 0.000983011159405578
776.0 0.000918368823477067
777.0 0.0008537264875485562
778.0 0.0007736824045423418
779.0 0.0006936383670108626
780.0 0.0006331205440801568
781.0 0.000572602675674716
782.0 0.0005930215138505446
783.0 0.0006134402156021679
784.0 0.0007188974450400565
785.0 0.00082435462900321
786.0 0.0007391403414658271
787.0 0.00065392646320106
788.0 0.0004317897946748417
789.0 0.0002096532170980936
790.0 0.00019064697198700742
791.0 0.00017164071550723747
792.0 0.0002832598283930565
793.0 0.00039487890717282426
794.0 0.00030122860152914654
795.0 0.0002075782731481013
796.0 0.00036442313557927264
797.0 0.0005212680207478115
798.0 0.0005156852239451837
799.0 0.0005101024726172909
800.0 0.0005052997494203737
801.0 0.0005004971626476618
802.0 0.0004512960913416464
803.0 0.0004020951564598363
804.0 0.00030400044579437235
805.0 0.00020590584881574614
806.0 0.0002895349553000415
807.0 0.0003731640617843368
808.0 0.0004515020009421278
809.0 0.0005298399628372863
810.0 0.000413573661717237
811.0 0.00029730731512245256
812.0 0.0002685769231902668
813.0 0.000239846485783346
814.0 0.00031948598007147666
815.0 0.00039912542888487224
816.0 0.0004990807610738557
817.0 0.000599036002313369
818.0 0.00043764093788922764
819.0 0.0002762458962024539
820.0 0.00044390844777808525
821.0 0.0006115708856668789
822.0 0.0004831716069020331
823.0 0.0003547722826624522
824.0 0.00043883173930225894
825.0 0.0005228911504673306
826.0 0.0006165907507238444
827.0 0.0007102903055056231
828.0 0.0006087185738579137
829.0 0.0005071467967354693
830.0 0.0004392748905956978
831.0 0.0003714029617185588
832.0 0.0005168916686670855
833.0 0.0006623802619287744
834.0 0.0005431354566098889
835.0 0.00042389065129100345
836.0 0.00048575275286566466
837.0 0.000547614899915061
838.0 0.0005165110906091286
839.0 0.0004854072813031962
840.0 0.0005973395218461519
841.0 0.0007092717169143725
842.0 0.00037857967072341125
843.0 4.788749379258661e-05
844.0 0.00010328144526283722
845.0 0.00015867537968006218
846.0 0.000416991224483354
847.0 0.0006753071829734836
848.0 0.0005835388947161846
849.0 0.0004917706974083558
850.0 0.0004944723059452372
851.0 0.0004971739144821186
852.0 0.0005528210749616846
853.0 0.0006084679171181051
854.0 0.0005738711934100138
855.0 0.0005392743332777172
856.0 0.0005746131591877202
857.0 0.0006099520305724582
858.0 0.0005678299658029573
859.0 0.0005257079010334564
860.0 0.000528280816070037
861.0 0.0005308536401571473
862.0 0.000503262845086283
863.0 0.0004756720500154188
864.0 0.0004675167019740911
865.0 0.00045936139940749854
866.0 0.0004799636826646747
867.0 0.000500566011396586
868.0 0.0006360533006954938
869.0 0.0007715406354691368
870.0 0.0006567732270923443
871.0 0.0005420056822913466
872.0 0.00045359765863395296
873.0 0.00036518949855235405
874.0 0.0004181243184575578
875.0 0.0004710591383627616
876.0 0.0005948430953139905
877.0 0.0007186270067904843
878.0 0.0007273321443790337
879.0 0.0007360371910181129
880.0 0.0006803296400903491
881.0 0.0006246223620109959
882.0 0.0005407699518400477
883.0 0.00045691776904277503
884.0 0.0005099894224258605
885.0 0.0005630612577078864
886.0 0.0006744164238625672
887.0 0.0007857718628656585
888.0 0.0006644050245085964
889.0 0.0005430383225757396
890.0 0.0005350087576516671
891.0 0.0005269793291517999
892.0 0.0005078714366391068
893.0 0.0004887635896011489
894.0 0.00045349156607699115
895.0 0.0004182196335023036
896.0 0.00025292063128290465
897.0 8.762162906350568e-05
898.0 0.00024667190245963866
899.0 0.00040572217585577164
900.0 0.00034593435884744395
901.0 0.00028614649636438116
902.0 0.0004955890290148091
903.0 0.000705031561665237
904.0 0.00036727776659972733
905.0 2.952386068955093e-05
906.0 0.0003067345460294746
907.0 0.0005839452114742016
