lsstCam/transmission_filter_detector/r14_s12/g_6/19700101T000000.ecsv
# %ECSV 1.0
# ---
# datatype:
# - {name: wavelength, unit: nm, datatype: float32}
# - {name: efficiency, unit: '%', datatype: float64}
# meta: !!omap
# - {MODE: DETECTOR}
# - {TYPE: transmission_filter_detector}
# - {CALIBDATE: '1970-01-01T00:00:00'}
# - {INSTRUME: LSSTCam}
# - {OBSTYPE: transmission_filter_detector}
# - {CALIBCLS: lsst.ip.isr.IntermediateFilterDetectorTransmissionCurve}
# - {SOURCE: Materion (DM-46256)}
# - {DETECTOR: 68}
# - {FILTER: g_6}
# - {CALIB_ID: 'calibDate=1970-01-01T00:00:00 filter=g_6 detector=68'}
# - {DATE: '2025-04-02T15:59:42.342279'}
# - {CALIB_CREATION_DATE: '2025-04-02'}
# - {CALIB_CREATION_TIME: '15:59:42'}
# - __serialized_columns__:
#     efficiency:
#       __class__: astropy.units.quantity.Quantity
#       unit: !astropy.units.Unit {unit: '%'}
#       value: !astropy.table.SerializedColumn {name: efficiency}
#     wavelength:
#       __class__: astropy.units.quantity.Quantity
#       unit: !astropy.units.Unit {unit: nm}
#       value: !astropy.table.SerializedColumn {name: wavelength}
# schema: astropy-2.0
wavelength efficiency
[from data line 609]
909.0 0.0004219170023134211
910.0 0.00036859196370642167
911.0 0.00031526694783678977
912.0 0.00041334460547659546
913.0 0.0005114223313285038
914.0 0.00035375285278860247
915.0 0.00019608344246080378
916.0 0.00016478726365676266
917.0 0.00013349105074667023
918.0 0.00016681439092280925
919.0 0.0002001377197302645
920.0 0.00032679438390914584
921.0 0.00045345104808802716
922.0 0.000601421425017179
923.0 0.0007493917564715957
924.0 0.0006157704774523154
925.0 0.0004821490620088298
926.0 0.0005217430498305475
927.0 0.0005613371740764705
928.0 0.0005077060450275894
929.0 0.0004540749614534434
930.0 0.0005097025223221863
931.0 0.0005653301286656642
932.0 0.0004981070560461376
933.0 0.00043088402890134603
934.0 0.00046423342610069085
935.0 0.0004975828233000357
936.0 0.0005075932222098345
937.0 0.0005176035756448982
938.0 0.0006086344455979997
939.0 0.0006996652700763661
940.0 0.0006647187092312379
941.0 0.0006297719664871693
942.0 0.0007126281161617953
943.0 0.0007954842658364214
944.0 0.0006766179012629436
945.0 0.0005577514002652606
946.0 0.0005233639967627823
947.0 0.000488976547785569
948.0 0.0008396384146180935
949.0 0.0011903004633495584
950.0 0.0010204654245171696
951.0 0.000850630476634251
952.0 0.000870454005053034
953.0 0.0008902775334718172
954.0 0.0008405910193687305
955.0 0.0007909046871645842
956.0 0.0007033846486592665
957.0 0.0006158644282550085
958.0 0.0007119966994650895
959.0 0.0008081289706751704
960.0 0.0006304267571977107
961.0 0.0004527244072960457
962.0 0.000534957416675752
963.0 0.0006171903805807233
964.0 0.0007225904482766055
965.0 0.0008279904250230175
966.0 0.0008302200512844138
967.0 0.0008324497684952803
968.0 0.0007761598681099713
969.0 0.0007198698767751921
970.0 0.0006832610324636335
971.0 0.0006466522336268099
972.0 0.0007420158908644225
973.0 0.0008373795935767703
974.0 0.0007610881766595412
975.0 0.0006847970325907227
976.0 0.0007250736416608561
977.0 0.0007653505235794
978.0 0.000907641151570715
979.0 0.00104993177956203
980.0 0.0010473157999513205
981.0 0.0010447000022395514
982.0 0.0009802226486499421
983.0 0.0009157452950603329
984.0 0.0009659151146479417
985.0 0.0010160850251850206
986.0 0.0012474922186811455
987.0 0.0014788991393288597
988.0 0.001519714260211913
989.0 0.001560528835398145
990.0 0.0016462519852211699
991.0 0.0017319749531452544
992.0 0.001710099786578212
993.0 0.0016882246200111695
994.0 0.0015818321116967127
995.0 0.001475439694331726
996.0 0.0013354452676139772
997.0 0.0011954507499467582
998.0 0.0013608939298137557
999.0 0.0015263371096807532
1000.0 0.0014157237274048384
1001.0 0.0013051101632299833
1002.0 0.0012048428288835566
1003.0 0.0011045754035876598
1004.0 0.0010908572221524082
1005.0 0.0010771388588182162
1006.0 0.0013318648598215077
1007.0 0.0015865909517742693
1008.0 0.0016308486010530032
1009.0 0.0016751067960285582
1010.0 0.0017166859834105708
1011.0 0.0017582653526915237
1012.0 0.0019051874915021472
1013.0 0.0020521101760095917
1014.0 0.0020755451259901747
1015.0 0.0020989804397686385
1016.0 0.0023966116714291275
1017.0 0.002694243266887497
1018.0 0.0029261729650897905
1019.0 0.0031581024813931435
1020.0 0.0031524999940302223
1021.0 0.003146897506667301
1022.0 0.0034662367397686467
1023.0 0.0037855759728699923
1024.0 0.003901250966009684
1025.0 0.0040169259591493756
1026.0 0.004133921174798161
1027.0 0.004250916390446946
1028.0 0.0042789684812305495
1029.0 0.004307020208216272
1030.0 0.004476527465158142
1031.0 0.004646033994504251
1032.0 0.005056089503341354
1033.0 0.005466145012178458
1034.0 0.005270529800327495
1035.0 0.005074914952274412
1036.0 0.0052144408982712775
1037.0 0.005353966844268143
1038.0 0.005604621037491597
1039.0 0.005855275230715051
1040.0 0.006274679617490619
1041.0 0.006694083276670426
1042.0 0.00687511419528164
1043.0 0.007056145113892853
1044.0 0.007191047188825905
1045.0 0.0073259478085674345
1046.0 0.008221471216529608
1047.0 0.009116994624491781
1048.0 0.010532286978559569
1049.0 0.011947577877435833
1050.0 0.014191622904036194
1051.0 0.01643566502025351
1052.0 0.019746045290958136
1053.0 0.023056432837620378
1054.0 0.02752846630755812
1055.0 0.03200050268787891
1056.0 0.038341202889569104
1057.0 0.044681894360110164
1058.0 0.0519070599693805
1059.0 0.05913221393711865
1060.0 0.06606238894164562
1061.0 0.07299254648387432
1062.0 0.07982677780091763
1063.0 0.08666098583489656
1064.0 0.09192689321935177
1065.0 0.0971927831415087
1066.0 0.102372863329947
1067.0 0.10755296098068357
1068.0 0.11428430443629622
1069.0 0.12101568281650543
1070.0 0.1312744221650064
1071.0 0.14153317315503955
1072.0 0.1549727749079466
1073.0 0.16841236501932144
1074.0 0.1833084737882018
1075.0 0.1982046291232109
1076.0 0.2123507671058178
1077.0 0.22649692837148905
1078.0 0.24023118894547224
1079.0 0.25396544951945543
1080.0 0.26968326419591904
1081.0 0.28540107887238264
1082.0 0.30976373236626387
1083.0 0.3341263858601451
1084.0 0.3684994764626026
1085.0 0.40287263691425323
1086.0 0.43506077490746975
1087.0 0.467248959466815
1088.0 0.5264976527541876
1089.0 0.5857463460415602
1090.0 0.6576719228178263
1091.0 0.7295974995940924
1092.0 0.7585732731968164
1093.0 0.7875487208366394
1094.0 0.8237972855567932
1095.0 0.8600454777479172
1096.0 0.9053685702383518
1097.0 0.9506917558610439
1098.0 0.9771300479769707
1099.0 1.0035685263574123
1100.0 1.1633945629000664
1101.0 1.323220133781433
