lsstCam/transmission_filter_detector/r30_s11/y_10/19700101T000000.ecsv
# %ECSV 1.0
# ---
# datatype:
# - {name: wavelength, unit: nm, datatype: float32}
# - {name: efficiency, unit: '%', datatype: float64}
# meta: !!omap
# - {MODE: DETECTOR}
# - {TYPE: transmission_filter_detector}
# - {CALIBDATE: '1970-01-01T00:00:00'}
# - {INSTRUME: LSSTCam}
# - {OBSTYPE: transmission_filter_detector}
# - {CALIBCLS: lsst.ip.isr.IntermediateFilterDetectorTransmissionCurve}
# - {SOURCE: Materion (DM-46256)}
# - {DETECTOR: 121}
# - {FILTER: y_10}
# - {CALIB_ID: 'calibDate=1970-01-01T00:00:00 filter=y_10 detector=121'}
# - {DATE: '2025-04-02T15:59:51.304036'}
# - {CALIB_CREATION_DATE: '2025-04-02'}
# - {CALIB_CREATION_TIME: '15:59:51'}
# - __serialized_columns__:
#     efficiency:
#       __class__: astropy.units.quantity.Quantity
#       unit: !astropy.units.Unit {unit: '%'}
#       value: !astropy.table.SerializedColumn {name: efficiency}
#     wavelength:
#       __class__: astropy.units.quantity.Quantity
#       unit: !astropy.units.Unit {unit: nm}
#       value: !astropy.table.SerializedColumn {name: wavelength}
# schema: astropy-2.0
wavelength efficiency
300.0 0.02425789862172678
301.0 0.019612067262642086
302.0 0.014966232993174344
303.0 0.011805062968051061
304.0 0.008643892942927778
305.0 0.008819322101771832
306.0 0.00899474835023284
307.0 0.010645273141562939
308.0 0.012295797932893038
309.0 0.00940371974138543
310.0 0.0065116451878566295
311.0 0.00509105775563512
312.0 0.0036704703234136105
313.0 0.005257259181234986
314.0 0.006844048039056361
315.0 0.004461919161258265
316.0 0.002079789737763349
317.0 0.0020321978809079155
318.0 0.0019846056602546014
319.0 0.0008252764018834569
320.0 1.6754628283724426e-10
321.0 0.0006717013548040995
322.0 0.0016774563846411183
323.0 0.0034190376027254388
324.0 0.00516061918460764
325.0 0.0038698413845850155
326.0 0.0025790637664613314
327.0 0.0035281605960335582
328.0 0.004477256879908964
329.0 0.004607064693118446
330.0 0.004736872142530046
331.0 0.003577737879822962
332.0 0.0024186039809137583
333.0 0.003169072442688048
334.0 0.003919540540664457
335.0 0.0027689759008353576
336.0 0.001618410533410497
337.0 0.0014178732271830086
338.0 0.0012173359209555201
339.0 0.0012125521607231349
340.0 0.00120776858238969
341.0 0.001267529387405375
342.0 0.00132729019242106
343.0 0.00118040052257129
344.0 0.0010335107617720496
345.0 0.0010547269084781874
346.0 0.0010759430551843252
347.0 0.0011159739187860396
348.0 0.001156004782387754
349.0 0.0011362156328686979
350.0 0.0011164263924001716
351.0 0.0012473419701564126
352.0 0.0013782575479126535
353.0 0.001311491632804973
354.0 0.0012447255357983522
355.0 0.0014994155208114535
356.0 0.0017541055058245547
357.0 0.0014533792636939324
358.0 0.0011526532034622505
359.0 0.0011326125786581542
360.0 0.0011125718629045878
361.0 0.0009650445463194046
362.0 0.0008175172297342215
363.0 0.0009521609172224998
364.0 0.0010868046047107782
365.0 0.0012641289686143864
366.0 0.0014414534234674647
367.0 0.0018937904314952902
368.0 0.002346127075725235
369.0 0.0020412859157659113
370.0 0.0017364451196044683
371.0 0.001653878643992357
372.0 0.001571312350279186
373.0 0.0017024089174810797
374.0 0.0018335053027840331
375.0 0.0028151598598924465
376.0 0.0037968147807987407
377.0 0.003998059037257917
378.0 0.0041993036575149745
379.0 0.0037735710066044703
380.0 0.003347838355693966
381.0 0.002705977749428712
382.0 0.0020641175069613382
383.0 0.0014965267837396823
384.0 0.0009289359695685562
385.0 0.0009243560270988382
386.0 0.0009197762665280607
387.0 0.0005885393420612672
388.0 0.0002573023493823712
389.0 0.00032907894365052925
390.0 0.0004008555606560549
391.0 0.0004511919541982934
392.0 0.000501528393215267
393.0 0.0005760605745308567
394.0 0.0006505926194222411
395.0 0.0006467867933679372
396.0 0.0006429809673136333
397.0 0.0007269837624335196
398.0 0.0008109865120786708
399.0 0.0009594265975465532
400.0 0.0011078667739639059
401.0 0.001398911263095215
402.0 0.0016899555703275837
403.0 0.001693329613772221
404.0 0.0016967038391157985
405.0 0.001704644637356978
406.0 0.0017125856174970977
407.0 0.0016913953004404902
408.0 0.0016702049833838828
409.0 0.0013944850252300967
410.0 0.0011187648851773702
411.0 0.0009019684512168169
412.0 0.000685171698933118
413.0 0.0008242396688729059
414.0 0.0009633078661863692
415.0 0.0006401786322385306
416.0 0.00031704905723017873
417.0 0.00028701422252197517
418.0 0.0002569793423390365
419.0 0.0001673588258199743
420.0 7.773844572511734e-05
421.0 1.6754628283724426e-10
422.0 1.6754628283724426e-10
423.0 1.6860961693510035e-05
424.0 0.00018078148968925234
425.0 0.000528171040059533
426.0 0.000875560817803489
427.0 0.0009527803740638774
428.0 0.0010299998393747956
429.0 0.0006233323802007362
430.0 0.00021666480733983917
431.0 1.6754628283724426e-10
432.0 1.6754628283724426e-10
433.0 1.6754628283724426e-10
434.0 0.00015069909977682983
435.0 8.200682941605919e-05
436.0 1.33146016878527e-05
437.0 1.6754628283724426e-10
438.0 1.6754628283724426e-10
439.0 0.00020903835320496
440.0 0.0005225824679655489
441.0 0.0002663897248567082
442.0 1.019705209159838e-05
443.0 0.00023976772354217246
444.0 0.00046933828343753703
445.0 0.00045408673940983135
446.0 0.0004388350589579204
447.0 0.0005031712589698145
448.0 0.0005675075044564437
449.0 0.00038024734294594964
450.0 0.0001929872951222933
451.0 0.0002687154164959793
452.0 0.00034444371976860566
453.0 4.9139532620756654e-05
454.0 1.6754628283724426e-10
455.0 0.00034894007967523066
456.0 0.0009440448593522888
457.0 0.0005500052793649957
458.0 0.0001559656425342837
459.0 1.6754628283724426e-10
460.0 1.6754628283724426e-10
461.0 1.0049718834892474e-07
462.0 0.00020532932012429228
463.0 0.00038014973142708186
464.0 0.000554970165467239
465.0 0.0005762175987911178
466.0 0.0005974650775897317
467.0 0.0007053005447232863
468.0 0.0008131360118568409
469.0 0.0013823917470290326
470.0 0.0019516477550496347
471.0 0.0020964895156794228
472.0 0.00224133091251133
473.0 0.0022590991648030467
474.0 0.0022768675989937037
475.0 0.002591657539596781
476.0 0.0029064478439977393
477.0 0.0029231965527287684
478.0 0.0029399452614597976
479.0 0.0032335257856175303
480.0 0.003527106309775263
481.0 0.003779936014325358
482.0 0.004032765718875453
483.0 0.003911413296009414
484.0 0.003790060509345494
485.0 0.003599324918468483
486.0 0.0034085893275914714
487.0 0.0032173775252886117
488.0 0.0030261660867836326
489.0 0.0026384526790934615
490.0 0.00225073908950435
491.0 0.001964575858437456
492.0 0.001678412445471622
493.0 0.0016543646779609844
494.0 0.001630316546652466
495.0 0.0017985847080126405
496.0 0.0019668526874738745
497.0 0.0017784384908736683
498.0 0.0015900246580713429
499.0 0.0018391086996416561
500.0 0.002088192559313029
501.0 0.002283675166836474
502.0 0.0024791575924609788
503.0 0.002360620965191629
504.0 0.0022420841560233384
505.0 0.0023956517907208763
506.0 0.002549219243519474
507.0 0.0022980109861236997
508.0 0.0020468027287279256
509.0 0.0019436229194980115
510.0 0.0018404431102680974
511.0 0.0016093454178189859
512.0 0.0013782478163193446
513.0 0.0017936918084160425
514.0 0.002209136073361151
515.0 0.0018173217540606856
516.0 0.0014255076166591607
517.0 0.0014912498045305256
518.0 0.0015569921743008308
519.0 0.0012640075510716997
520.0 0.000971023109741509
521.0 0.0011912756235687993
522.0 0.0014115278645476792
523.0 0.0014578900845663156
524.0 0.001504252213635482
525.0 0.0019399656594032422
526.0 0.002375678923272062
527.0 0.002300285814271774
528.0 0.0022248928871704265
529.0 0.0024855155061231926
530.0 0.0027461381250759587
531.0 0.002635463170008734
532.0 0.0025247883968404494
533.0 0.0022989788703853264
534.0 0.002073169525829144
535.0 0.0017524547729408368
536.0 0.0014317399291030597
537.0 0.0017686654246062972
538.0 0.002105591192957945
539.0 0.002485010372765828
540.0 0.0028644293706747703
541.0 0.0033314747270196676
542.0 0.0037985199014656246
543.0 0.004326756243244745
544.0 0.004854992585023865
545.0 0.004815278953174129
546.0 0.0047755649575265124
547.0 0.004281786459614523
548.0 0.0037880075979046524
549.0 0.0030734729079995304
550.0 0.0023589382180944085
551.0 0.0024919903808040544
552.0 0.00262504236161476
553.0 0.0025158238713629544
554.0 0.002406605563010089
555.0 0.003202199877705425
556.0 0.003997794192400761
557.0 0.00404163911298383
558.0 0.004085483669769019
559.0 0.003776429730351083
560.0 0.003467375790933147
561.0 0.0037308498576749116
562.0 0.003994324288214557
563.0 0.003852246663882397
564.0 0.0037101697671459988
565.0 0.0038989837776171044
566.0 0.00408779778808821
567.0 0.004194745633867569
568.0 0.004301693843444809
569.0 0.005114062514621764
570.0 0.005926430822000839
571.0 0.006511822721222416
572.0 0.007097214256646112
573.0 0.006915575795574114
574.0 0.006733935879310593
575.0 0.0065466629166621715
576.0 0.0063593892264179885
577.0 0.005881494507775642
578.0 0.005403599789133295
579.0 0.005314144436852075
580.0 0.005224689084570855
581.0 0.006135003786766902
582.0 0.007045317761367187
583.0 0.008347157563548535
584.0 0.009648997365729883
585.0 0.01014597510220483
586.0 0.010642953566275537
587.0 0.010885320079978555
588.0 0.011127688776468858
589.0 0.010889656550716609
590.0 0.010651627235347405
591.0 0.00982350466074422
592.0 0.008995382813736796
593.0 0.007916215690784156
594.0 0.0068370507506188005
595.0 0.006039131403667852
596.0 0.005241214239504188
597.0 0.005588077692664228
598.0 0.00593494187342003
599.0 0.006848394696135074
600.0 0.007761847518850118
601.0 0.008885693387128413
602.0 0.010009539255406708
603.0 0.010491818829905242
604.0 0.010974099859595299
605.0 0.011097658716607839
606.0 0.011221214663237333
607.0 0.010069694690173492
608.0 0.008918175444705412
609.0 0.0071988913987297565
610.0 0.005479608807945624
611.0 0.0044529275328386575
612.0 0.0034262466215295717
613.0 0.003430689321248792
614.0 0.0034351320209680125
615.0 0.004313033423386514
616.0 0.0051909340982092544
617.0 0.00637221455690451
618.0 0.007553494651801884
619.0 0.008827167766867206
620.0 0.010100840154336765
621.0 0.010367117647547275
622.0 0.010633397323545069
623.0 0.011131222709082067
624.0 0.011629046639427543
625.0 0.010697681864257902
626.0 0.009766317089088261
627.0 0.007853235001675785
628.0 0.0059401536418590695
629.0 0.004789184822584502
630.0 0.003638215275714174
631.0 0.0030105937184998766
632.0 0.0023829723431845196
633.0 0.0024735925762797706
634.0 0.002564212445577141
635.0 0.003052658212254755
636.0 0.003541103797033429
637.0 0.003812549402937293
638.0 0.004083994645043276
639.0 0.004642774365493096
640.0 0.005201554085942917
641.0 0.005444037378765643
642.0 0.005686520671588369
643.0 0.005669904567184858
644.0 0.005653288462781347
645.0 0.004935182005283423
646.0 0.004217075547785498
647.0 0.003721114990185015
648.0 0.0032251544325845316
649.0 0.002523585135350004
650.0 0.001822015838115476
651.0 0.0015877880287007429
652.0 0.0013535600373870693
653.0 0.0013277774087327998
654.0 0.0013019948710280005
655.0 0.001286724909732584
656.0 0.001271454766538227
657.0 0.0013699524060939439
658.0 0.0014684500456496608
659.0 0.0015876483303145505
660.0 0.0017068465240299702
661.0 0.0017436836060369387
662.0 0.001780520506144967
663.0 0.0017998574548983015
664.0 0.0018191940398537554
665.0 0.002436138311168179
666.0 0.003053082400583662
667.0 0.003783885040320456
668.0 0.004514688043855131
669.0 0.005050813342677429
670.0 0.0055869379139039665
671.0 0.006349173054331914
672.0 0.007111408194759861
673.0 0.0076354495831765234
674.0 0.008159490243997425
675.0 0.007948231359478086
676.0 0.007736973202554509
677.0 0.006506465433631092
678.0 0.005275956209516153
679.0 0.0037162295484449714
680.0 0.002156502341676969
681.0 0.0014116601960267872
682.0 0.000666818414174486
683.0 0.0006970285085117212
684.0 0.0007272386483236915
685.0 0.0004998326403438114
686.0 0.0002724264277276234
687.0 0.0002492072098903009
688.0 0.00022598783289140556
689.0 0.00012117900496377843
690.0 1.637013014033073e-05
691.0 3.259237359998224e-05
692.0 4.8814558795129415e-05
693.0 0.000193800497072516
694.0 0.0003387863444004324
695.0 0.0003278570829934324
696.0 0.0003169278670611675
697.0 0.0003977560481871478
698.0 0.0004785842520504957
699.0 0.0003328084176246193
700.0 0.00018703266277952935
701.0 0.0003137329258606769
702.0 0.0004404331320984056
703.0 0.0003571227125576115
704.0 0.0002738124976531253
705.0 0.00018261965806232183
706.0 9.142678436546703e-05
707.0 0.0002494694626875571
708.0 0.00040751210690359585
709.0 0.0005089216756459791
710.0 0.0006103311989136273
711.0 0.0004017483206553152
712.0 0.00019316535144753288
713.0 1.4294386119217961e-05
714.0 1.6754628283724426e-10
715.0 1.6754628283724426e-10
716.0 0.00011473891845525941
717.0 2.023457028599296e-05
718.0 1.6754628283724426e-10
719.0 0.00014672640418211813
720.0 0.0003677227141452022
721.0 0.0006424856110243127
722.0 0.0009172485988528933
723.0 0.0005529027021111688
724.0 0.0001885567598947091
725.0 9.7511599506106e-05
726.0 6.466393642767798e-06
727.0 0.00015448861176992068
728.0 0.0003025109890586464
729.0 0.0006195348760229535
730.0 0.0009365587175125256
731.0 0.00047714047468616627
732.0 1.7722307177336916e-05
733.0 0.00031838796985539375
734.0 0.0006190538442751858
735.0 0.00032095040296553634
736.0 2.284707107946815e-05
737.0 8.37431002764788e-05
738.0 0.00014463911384154926
739.0 0.00018970926021211199
740.0 0.0002347793724766234
741.0 0.00023340028292295756
742.0 0.0002320211251571891
743.0 0.00032683306017133873
744.0 0.00042164488149865065
745.0 0.0005030656211602036
746.0 0.000584486087973346
747.0 0.0005516205419553444
748.0 0.0005187549504626077
749.0 0.0002264911927341018
750.0 1.6754628283724426e-10
751.0 0.0003911073235940421
752.0 0.0008479872121824883
753.0 0.0005020535354560707
754.0 0.00015611976778018288
755.0 0.0005233505362411961
756.0 0.0008905813956516795
757.0 0.0006023901732987724
758.0 0.0003141990646327031
759.0 0.0001345463147117698
760.0 1.6754628283724426e-10
761.0 0.0004092018116352847
762.0 0.0008635101039544679
763.0 0.0007418679615511792
764.0 0.0006202256827236852
765.0 0.0005950356353423558
766.0 0.0005698456334357616
767.0 0.0007381795512628742
768.0 0.0009065135600394569
769.0 0.0008349838935828302
770.0 0.0007634540452272631
771.0 0.0009063047400559299
772.0 0.0010491553439351264
773.0 0.0007098154128470924
774.0 0.00037047539080958813
775.0 0.00015675507256673882
776.0 1.6754628283724426e-10
777.0 5.96264214891562e-05
778.0 0.00017621802044232027
779.0 0.0005251281891105464
780.0 0.0008740385055716615
781.0 0.0007383371666946914
782.0 0.000602635691393516
783.0 0.0006990831025177613
784.0 0.0007955303772178013
785.0 0.0005444503131002421
786.0 0.00029337011255847756
787.0 0.00021191542600718094
788.0 0.00013046068261246546
789.0 0.00018220172250948963
790.0 0.00023394266008835984
791.0 0.0004790023922396358
792.0 0.0007240620107040741
793.0 0.0008472808076476213
794.0 0.0009704996045911685
795.0 0.000727829910829314
796.0 0.0004851602170674596
797.0 0.0006793481588829309
798.0 0.0008735359187994618
799.0 0.000528854843651061
800.0 0.00018417379124002764
801.0 0.0005498534392245347
802.0 0.0009155333827948198
803.0 0.0007408063993352698
804.0 0.00056607950682519
805.0 0.0005226539997238433
806.0 0.0004792284016730264
807.0 0.00014160137880026014
808.0 1.6754628283724426e-10
809.0 0.0003034809651580872
810.0 0.0008029877790249884
811.0 0.0006187579856486991
812.0 0.0004345281922724098
813.0 0.00048299680202035233
814.0 0.00053146545724303
815.0 0.0006621257853112184
816.0 0.0007927861588541418
817.0 0.0009393340405949857
818.0 0.0010858820132852998
819.0 0.0010980587830999866
820.0 0.0011102355529146735
821.0 0.0011036387149943039
822.0 0.0010970418770739343
823.0 0.0008206428901758045
824.0 0.000544244085176615
825.0 0.0009332481567980722
826.0 0.0013222523193689995
827.0 0.0008920620530261658
828.0 0.000461871695733862
829.0 0.00039552778616780415
830.0 0.0003291839675512165
831.0 0.00042693468458310235
832.0 0.0005246856289886637
833.0 0.0008630501724837814
834.0 0.0012014145795546938
835.0 0.0009990670150727965
836.0 0.0007967194505908992
837.0 0.0006483929155365331
838.0 0.0005000664714316372
839.0 0.0005676636646967381
840.0 0.0006352609489113092
841.0 0.0009963322554540355
842.0 0.0013574035619967617
843.0 0.001148205865320051
844.0 0.0009390081686433405
845.0 0.0006858404958620667
846.0 0.00043267264118185267
847.0 0.0009959832823369652
848.0 0.001559294105391018
849.0 0.0012170085028628819
850.0 0.0008747229912842158
851.0 0.0009549349670123775
852.0 0.0010351470336900093
853.0 0.0009407600373378955
854.0 0.0008463730409857817
855.0 0.0007899082447693218
856.0 0.0007334434485528618
857.0 0.0008552447980036959
858.0 0.0009770462384040002
859.0 0.0009017060619953554
860.0 0.0008263657946372405
861.0 0.001047301157086622
862.0 0.0012682363376370631
863.0 0.0013564871551352553
864.0 0.0014447379726334475
865.0 0.0020007701095892116
866.0 0.002556802246544976
867.0 0.00254046044574352
868.0 0.002524118281144183
869.0 0.0028325523089733906
870.0 0.0031409861549036577
871.0 0.0034312917705392465
872.0 0.003721597749972716
873.0 0.0030660623451694846
874.0 0.0024105274860630743
875.0 0.0022347987396642566
