lsstCam/transmission_filter_detector/r30_s11/y_10/19700101T000000.ecsv
# %ECSV 1.0
# ---
# datatype:
# - {name: wavelength, unit: nm, datatype: float32}
# - {name: efficiency, unit: '%', datatype: float64}
# meta: !!omap
# - {MODE: DETECTOR}
# - {TYPE: transmission_filter_detector}
# - {CALIBDATE: '1970-01-01T00:00:00'}
# - {INSTRUME: LSSTCam}
# - {OBSTYPE: transmission_filter_detector}
# - {CALIBCLS: lsst.ip.isr.IntermediateFilterDetectorTransmissionCurve}
# - {SOURCE: Materion (DM-46256)}
# - {DETECTOR: 121}
# - {FILTER: y_10}
# - {CALIB_ID: 'calibDate=1970-01-01T00:00:00 filter=y_10 detector=121'}
# - {DATE: '2025-04-02T15:59:51.304036'}
# - {CALIB_CREATION_DATE: '2025-04-02'}
# - {CALIB_CREATION_TIME: '15:59:51'}
# - __serialized_columns__:
#     efficiency:
#       __class__: astropy.units.quantity.Quantity
#       unit: !astropy.units.Unit {unit: '%'}
#       value: !astropy.table.SerializedColumn {name: efficiency}
#     wavelength:
#       __class__: astropy.units.quantity.Quantity
#       unit: !astropy.units.Unit {unit: nm}
#       value: !astropy.table.SerializedColumn {name: wavelength}
# schema: astropy-2.0
wavelength efficiency
[from data line 577]
877.0 0.0022502750653075054
878.0 0.0024414803192485124
879.0 0.0019205765056540258
880.0 0.06292065954767168
881.0 0.07734706741757691
882.0 0.061715953052043915
883.0 0.0864420726429671
884.0 0.062854791758582
885.0 0.08632292156107724
886.0 0.06282645044848323
887.0 0.09134213905781507
888.0 0.058400369016453624
889.0 0.08185189217329025
890.0 0.06727573927491903
891.0 0.09451379301026464
892.0 0.06467964267358184
893.0 0.09952988475561142
894.0 0.06899604923091829
895.0 0.10254043154418468
896.0 0.06963974446989596
897.0 0.10501089273020625
898.0 0.07855348521843553
899.0 0.12011902872473001
900.0 0.08560571004636586
901.0 0.11030655587092042
902.0 0.13450519181787968
903.0 0.12681442312896252
904.0 0.14414493925869465
905.0 0.1584032317623496
906.0 0.19036820158362389
907.0 0.24593702983111143
908.0 0.2875804668292403
909.0 0.3832031972706318
910.0 0.5021133460104465
911.0 0.6776473019272089
912.0 0.9673039428889751
913.0 1.4297601766884327
914.0 2.014712058007717
915.0 2.9888181015849113
916.0 4.261680319905281
917.0 5.804325267672539
918.0 7.747602462768555
919.0 9.740781784057617
920.0 12.618044018745422
921.0 15.681321918964386
922.0 18.70698481798172
923.0 22.137999534606934
924.0 25.791451334953308
925.0 29.817280173301697
926.0 34.820786118507385
927.0 40.52301347255707
928.0 45.90388536453247
929.0 52.06238031387329
930.0 57.90544152259827
931.0 64.08703327178955
932.0 70.29175162315369
933.0 76.09221935272217
934.0 80.84613680839539
935.0 84.60468053817749
936.0 87.87243962287903
937.0 90.45069217681885
938.0 92.41904616355896
939.0 93.67552399635315
940.0 94.53948736190796
941.0 95.09081244468689
942.0 95.54035067558289
943.0 95.85332870483398
944.0 96.26489877700806
945.0 96.4193344116211
946.0 96.70034050941467
947.0 96.82013392448425
948.0 97.02499508857727
949.0 96.96649312973022
950.0 97.11393117904663
951.0 97.09570407867432
952.0 97.111576795578
953.0 97.21761345863342
954.0 97.24293947219849
955.0 97.26138114929199
956.0 97.45932221412659
957.0 97.60767221450806
958.0 97.80715703964233
959.0 97.9504942893982
960.0 98.11692237854004
961.0 98.23815822601318
962.0 98.34312796592712
963.0 98.43957424163818
964.0 98.52027297019958
965.0 98.59567284584045
966.0 98.68890047073364
967.0 98.75853061676025
968.0 98.80337715148926
969.0 98.78568053245544
970.0 98.81457090377808
971.0 98.88255596160889
972.0 98.8970160484314
973.0 98.97302985191345
974.0 98.98719787597656
975.0 98.98123741149902
976.0 99.04074668884277
977.0 99.0044355392456
978.0 99.09815192222595
979.0 99.0509569644928
980.0 99.03835654258728
981.0 98.98718595504761
982.0 98.93844723701477
983.0 98.96488189697266
984.0 98.90860319137573
985.0 98.91218543052673
986.0 98.81229996681213
987.0 98.84682297706604
988.0 98.68554472923279
989.0 98.71748089790344
990.0 98.63649606704712
991.0 98.6612856388092
992.0 98.68537783622742
993.0 98.6128032207489
994.0 98.58084917068481
995.0 98.59436750411987
996.0 98.56020212173462
997.0 98.66465926170349
998.0 98.7103819847107
999.0 98.76701235771179
1000.0 98.76378774642944
1001.0 98.77593517303467
1002.0 98.90300631523132
1003.0 98.8985538482666
1004.0 98.99588823318481
1005.0 98.99300336837769
1006.0 99.09082055091858
1007.0 99.11414980888367
1008.0 99.09780025482178
1009.0 99.05598759651184
1010.0 99.09827709197998
1011.0 99.12117123603821
1012.0 99.01725053787231
1013.0 99.06657338142395
1014.0 99.01461601257324
1015.0 98.98310899734497
1016.0 98.94091486930847
1017.0 98.96768927574158
1018.0 99.02822971343994
1019.0 98.85643124580383
1020.0 98.93193244934082
1021.0 99.03591871261597
1022.0 98.92367124557495
1023.0 98.93904328346252
1024.0 98.86767268180847
1025.0 98.91860485076904
1026.0 98.95503520965576
1027.0 99.0250289440155
1028.0 98.96849989891052
1029.0 99.08771514892578
1030.0 99.08886551856995
1031.0 99.08649921417236
1032.0 99.1202712059021
1033.0 99.0551233291626
1034.0 99.13433790206909
1035.0 99.20153021812439
1036.0 99.11335110664368
1037.0 99.16001558303833
1038.0 99.06890988349915
1039.0 99.02782440185547
1040.0 98.98579120635986
1041.0 99.04066920280457
1042.0 98.99274110794067
1043.0 98.9296555519104
1044.0 99.0048348903656
1045.0 98.68273138999939
1046.0 98.88719320297241
1047.0 98.8757073879242
1048.0 98.86388182640076
1049.0 98.75693917274475
1050.0 98.72286319732666
1051.0 98.79603981971741
1052.0 98.66601228713989
1053.0 98.55967164039612
1054.0 98.84425401687622
1055.0 98.88561964035034
1056.0 98.8146960735321
1057.0 98.83634448051453
1058.0 98.64329099655151
1059.0 98.77426028251648
1060.0 98.85202050209045
1061.0 98.75409007072449
1062.0 98.8252341747284
1063.0 98.80272150039673
1064.0 98.95171523094177
1065.0 98.89877438545227
1066.0 98.80761504173279
1067.0 99.0411102771759
1068.0 98.85178208351135
1069.0 98.72252345085144
1070.0 99.18345808982849
1071.0 98.8358199596405
1072.0 99.05880093574524
1073.0 99.12894368171692
1074.0 98.70744943618774
1075.0 98.71307611465454
1076.0 98.54788780212402
1077.0 98.85842800140381
1078.0 98.9195704460144
1079.0 98.70241284370422
1080.0 99.38629865646362
1081.0 98.4504759311676
1082.0 98.70299696922302
1083.0 98.60751628875732
1084.0 98.86260628700256
1085.0 98.98881912231445
1086.0 98.71906638145447
1087.0 98.79627227783203
1088.0 98.59012961387634
1089.0 98.51918816566467
1090.0 98.68987202644348
1091.0 98.70992302894592
1092.0 98.49853515625
1093.0 98.63836765289307
1094.0 98.37901592254639
1095.0 98.31774234771729
1096.0 98.60261678695679
1097.0 98.40233325958252
1098.0 97.77631759643555
1099.0 98.68786334991455
1100.0 98.25694561004639
