lsstCam/transmission_filter_detector/r30_s21/u_24/19700101T000000.ecsv
# %ECSV 1.0
# ---
# datatype:
# - {name: wavelength, unit: nm, datatype: float32}
# - {name: efficiency, unit: '%', datatype: float64}
# meta: !!omap
# - {MODE: DETECTOR}
# - {TYPE: transmission_filter_detector}
# - {CALIBDATE: '1970-01-01T00:00:00'}
# - {INSTRUME: LSSTCam}
# - {OBSTYPE: transmission_filter_detector}
# - {CALIBCLS: lsst.ip.isr.IntermediateFilterDetectorTransmissionCurve}
# - {SOURCE: Materion (DM-46256)}
# - {DETECTOR: 124}
# - {FILTER: u_24}
# - {CALIB_ID: 'calibDate=1970-01-01T00:00:00 filter=u_24 detector=124'}
# - {DATE: '2025-04-02T15:59:40.322754'}
# - {CALIB_CREATION_DATE: '2025-04-02'}
# - {CALIB_CREATION_TIME: '15:59:40'}
# - __serialized_columns__:
#     efficiency:
#       __class__: astropy.units.quantity.Quantity
#       unit: !astropy.units.Unit {unit: '%'}
#       value: !astropy.table.SerializedColumn {name: efficiency}
#     wavelength:
#       __class__: astropy.units.quantity.Quantity
#       unit: !astropy.units.Unit {unit: nm}
#       value: !astropy.table.SerializedColumn {name: wavelength}
# schema: astropy-2.0
wavelength efficiency
295.0 1.7173573760992378e-10
296.0 1.7173573760992378e-10
297.0 1.7173573760992378e-10
298.0 1.7173573760992378e-10
299.0 1.7173573760992378e-10
300.0 1.7173573760992378e-10
301.0 1.7173573760992378e-10
302.0 1.7173573760992378e-10
303.0 0.09914032416418195
304.0 0.43725683353841305
305.0 1.3358166441321373
306.0 2.9496602714061737
307.0 4.902500286698341
308.0 8.041681349277496
309.0 11.585037410259247
310.0 15.419767796993256
311.0 19.159770011901855
312.0 22.814083099365234
313.0 25.734853744506836
314.0 28.498366475105286
315.0 30.977383255958557
316.0 33.407407999038696
317.0 36.52161657810211
318.0 40.453341603279114
319.0 45.30261754989624
320.0 51.76289677619934
321.0 57.18643665313721
322.0 62.84407377243042
323.0 67.56934523582458
324.0 71.1163580417633
325.0 73.61640930175781
326.0 75.8843719959259
327.0 77.30048298835754
328.0 78.9864182472229
329.0 80.21472096443176
330.0 81.22477531433105
331.0 81.58225417137146
332.0 81.75967335700989
333.0 81.93659782409668
334.0 82.00878500938416
335.0 82.38807916641235
336.0 82.99722671508789
337.0 83.62754583358765
338.0 84.50179100036621
339.0 84.99096632003784
340.0 85.21381616592407
341.0 85.66808104515076
342.0 85.95558404922485
343.0 85.89839339256287
344.0 86.20834946632385
345.0 86.65364384651184
346.0 86.9841992855072
347.0 87.34411597251892
348.0 87.57065534591675
349.0 87.76584267616272
350.0 87.62415647506714
351.0 87.91568875312805
352.0 87.83738017082214
353.0 87.86020874977112
354.0 87.77183890342712
355.0 87.95208930969238
356.0 87.96958923339844
357.0 87.8534734249115
358.0 87.30174899101257
359.0 87.09046244621277
360.0 86.90874576568604
361.0 86.69012784957886
362.0 86.62570714950562
363.0 86.85887455940247
364.0 87.12602257728577
365.0 87.55761981010437
366.0 87.8519356250763
367.0 87.91534304618835
368.0 87.95748949050903
369.0 87.99812197685242
370.0 87.99476027488708
371.0 87.93997168540955
372.0 88.08454871177673
373.0 88.31683993339539
374.0 88.455730676651
375.0 88.81165981292725
376.0 89.07703161239624
377.0 89.14330005645752
378.0 89.09019827842712
379.0 88.53464722633362
380.0 87.49173879623413
381.0 85.81081628799438
382.0 83.8529884815216
383.0 81.73961639404297
384.0 79.6127438545227
385.0 77.02195048332214
386.0 74.11969900131226
387.0 70.23184299468994
388.0 66.20433330535889
389.0 61.4996612071991
390.0 57.22455382347107
391.0 52.93389558792114
392.0 48.73947501182556
393.0 45.218995213508606
394.0 41.57410264015198
395.0 37.19279766082764
396.0 32.244205474853516
397.0 25.548601150512695
398.0 18.62376481294632
399.0 11.875494569540024
400.0 6.452969461679459
401.0 2.859976515173912
402.0 0.9586640633642673
403.0 0.3536222968250513
404.0 0.11640844168141484
405.0 0.07518426282331347
406.0 0.024401902919635177
407.0 1.7173573760992378e-10
408.0 1.7173573760992378e-10
409.0 1.7173573760992378e-10
410.0 1.7173573760992378e-10
411.0 1.7173573760992378e-10
412.0 1.7173573760992378e-10
413.0 1.7173573760992378e-10
414.0 1.7173573760992378e-10
415.0 1.7173573760992378e-10
416.0 1.7173573760992378e-10
417.0 1.7173573760992378e-10
418.0 1.7173573760992378e-10
419.0 1.7173573760992378e-10
420.0 1.7173573760992378e-10
421.0 1.7173573760992378e-10
422.0 1.7173573760992378e-10
423.0 1.7173573760992378e-10
424.0 1.7173573760992378e-10
425.0 1.7173573760992378e-10
426.0 0.0001172061161014426
427.0 9.994635092880344e-05
428.0 8.2686699443002e-05
429.0 1.7173573760992378e-10
430.0 1.7173573760992378e-10
431.0 0.0003777471647481434
432.0 0.0013007384040975012
433.0 1.7173573760992378e-10
434.0 1.7173573760992378e-10
435.0 1.7173573760992378e-10
436.0 1.7173573760992378e-10
437.0 1.7173573760992378e-10
438.0 1.7173573760992378e-10
439.0 1.7173573760992378e-10
440.0 0.0001551243713038275
441.0 1.7173573760992378e-10
442.0 1.7173573760992378e-10
443.0 1.7173573760992378e-10
444.0 1.7173573760992378e-10
445.0 1.7173573760992378e-10
446.0 1.7173573760992378e-10
447.0 1.7173573760992378e-10
448.0 1.7173573760992378e-10
449.0 1.7173573760992378e-10
450.0 1.7173573760992378e-10
451.0 1.7173573760992378e-10
452.0 1.7173573760992378e-10
453.0 1.7173573760992378e-10
454.0 1.7173573760992378e-10
455.0 1.7173573760992378e-10
456.0 1.7173573760992378e-10
457.0 1.7173573760992378e-10
458.0 0.0011554385309864301
459.0 0.0005226600478636101
460.0 1.7173573760992378e-10
461.0 1.7173573760992378e-10
462.0 1.7173573760992378e-10
463.0 1.7173573760992378e-10
464.0 1.7173573760992378e-10
465.0 1.7173573760992378e-10
466.0 1.7173573760992378e-10
467.0 0.00048827328100742307
468.0 0.0011449219528003596
469.0 0.0005141050678503234
470.0 1.7173573760992378e-10
471.0 1.7173573760992378e-10
472.0 1.7173573760992378e-10
473.0 1.7173573760992378e-10
474.0 1.7173573760992378e-10
475.0 1.7173573760992378e-10
476.0 1.7173573760992378e-10
477.0 1.7173573760992378e-10
478.0 1.7173573760992378e-10
479.0 1.7173573760992378e-10
480.0 0.00023386494376609335
481.0 0.00048149436224775854
482.0 0.0007291238489415264
483.0 0.000222377639147453
484.0 1.7173573760992378e-10
485.0 1.7173573760992378e-10
486.0 7.470240461771027e-05
487.0 1.7173573760992378e-10
488.0 1.7173573760992378e-10
489.0 1.7173573760992378e-10
490.0 6.441647428800934e-05
491.0 1.7173573760992378e-10
492.0 1.7173573760992378e-10
493.0 0.00019308188257127767
494.0 0.00046850391299813055
495.0 0.00034456354569556424
496.0 0.00022062326934246812
497.0 0.00021380769794632215
498.0 0.00020699219476227881
499.0 1.7173573760992378e-10
500.0 1.7173573760992378e-10
501.0 1.7173573760992378e-10
502.0 1.7173573760992378e-10
503.0 1.7173573760992378e-10
504.0 1.7173573760992378e-10
505.0 1.7173573760992378e-10
506.0 1.7173573760992378e-10
507.0 0.0003116530479019275
508.0 0.0010024052244261838
509.0 9.422929991842466e-06
510.0 1.7173573760992378e-10
511.0 1.7173573760992378e-10
512.0 1.7173573760992378e-10
513.0 0.00017146238633358735
514.0 0.0006155401933938265
515.0 0.0004295807684684405
516.0 0.00024362122985621681
517.0 1.7173573760992378e-10
518.0 1.7173573760992378e-10
519.0 1.2653606518142624e-05
520.0 0.0003244682602598914
521.0 1.7173573760992378e-10
522.0 1.7173573760992378e-10
523.0 1.7173573760992378e-10
524.0 1.7173573760992378e-10
525.0 1.7173573760992378e-10
526.0 1.7173573760992378e-10
527.0 1.7173573760992378e-10
528.0 1.7173573760992378e-10
529.0 1.7173573760992378e-10
530.0 0.0003092111228397698
531.0 1.7173573760992378e-10
532.0 1.7173573760992378e-10
533.0 1.7173573760992378e-10
534.0 1.7173573760992378e-10
535.0 1.7173573760992378e-10
536.0 1.7173573760992378e-10
537.0 4.209859696402418e-05
538.0 0.0003675618472698261
539.0 0.0002062456360363285
540.0 4.4929308273822244e-05
541.0 0.00012607104054040974
542.0 0.0002072127699648263
543.0 0.00015873131360422121
544.0 0.00011024985724361613
545.0 0.00019042252006329363
546.0 0.0002705951601456036
547.0 0.00011681177056743763
548.0 1.7173573760992378e-10
549.0 1.7173573760992378e-10
550.0 1.7173573760992378e-10
551.0 1.7173573760992378e-10
552.0 1.7173573760992378e-10
553.0 1.7173573760992378e-10
554.0 0.0003483838099782588
555.0 0.00014194201867212541
556.0 1.7173573760992378e-10
557.0 1.7173573760992378e-10
558.0 6.184947096699034e-05
559.0 1.7173573760992378e-10
560.0 1.7173573760992378e-10
561.0 6.848187581454113e-05
562.0 0.0002814818572005606
563.0 0.000478600804854068
564.0 0.0006757194569217972
565.0 0.00038240355024754535
566.0 8.90875469394814e-05
567.0 1.7173573760992378e-10
568.0 1.7173573760992378e-10
569.0 1.7173573760992378e-10
570.0 1.7173573760992378e-10
571.0 0.0002604118435556302
572.0 0.0006836326065240428
573.0 0.0005149168828211259
574.0 0.00034620122733031167
575.0 0.0003436246061028214
576.0 0.00034104798487533117
577.0 0.00043244795051577967
578.0 0.0005238479388935957
579.0 0.0006869969638501061
580.0 0.0008501458978571463
581.0 0.0011967540558543988
582.0 0.0015433619410032406
583.0 0.0012374201105558313
584.0 0.0009314780072600115
585.0 0.0006680233127553947
586.0 0.0004045688001497183
587.0 0.0003785917897403124
588.0 0.000352614802068274
589.0 0.0005375219643610762
590.0 0.0007224292403407162
591.0 0.001057815916283289
592.0 0.001393202728650067
593.0 0.0010026229574577883
594.0 0.0006120432772149798
595.0 0.0009459376087761484
596.0 0.0012798322131857276
597.0 0.001299141877098009
598.0 0.0013184512681618799
599.0 0.0018075659681926481
600.0 0.0022966805772739463
601.0 0.0028355634640320204
602.0 0.003374446532689035
603.0 0.0029830260245944373
604.0 0.0025916058802977204
605.0 0.0019132497982354835
606.0 0.001234893989021657
607.0 0.0009775107173481956
608.0 0.0007201274001999991
609.0 0.0008610963050159626
610.0 0.0010020652553066611
611.0 0.0007429128800140461
612.0 0.0004837603682972258
613.0 0.0006401760856533656
614.0 0.0007965916665853001
615.0 0.0005721080015064217
616.0 0.00034762424547807314
617.0 0.0004191654170426773
618.0 0.0004907065431325464
619.0 0.0005766338745161192
620.0 0.0006625612058996921
621.0 0.0005454565780382836
622.0 0.0004283519956516102
623.0 0.0005107351171318442
624.0 0.000593118147662608
625.0 0.0008402672392548993
626.0 0.0010874164217966609
627.0 0.0011334749615343753
628.0 0.0011795336831710301
629.0 0.0013828092050971463
630.0 0.0015860845451243222
631.0 0.001675476596574299
632.0 0.0017648690118221566
633.0 0.0023715132556390017
634.0 0.002978157681354787
635.0 0.003084662967012264
636.0 0.0031911687983665615
637.0 0.0025401663151569664
638.0 0.0018891640138463117
639.0 0.0015850355339352973
640.0 0.0012809072359232232
641.0 0.001321121453656815
642.0 0.0013613358532893471
643.0 0.0009734807463246398
644.0 0.0005856255938851973
645.0 0.00034389261145406635
646.0 0.00010215982229055953
647.0 1.684565376081082e-06
648.0 1.7173573760992378e-10
649.0 1.7173573760992378e-10
650.0 9.853430356088211e-05
651.0 0.00046758500502619427
652.0 0.0008366358088096604
653.0 0.0010904156624746975
654.0 0.0013441955161397345
655.0 0.0017014279364957474
656.0 0.0020586603568517603
657.0 0.0024294799004564993
658.0 0.002800299262162298
659.0 0.00344055297318846
660.0 0.004080806684214622
661.0 0.003624874079832807
662.0 0.003168940747855231
663.0 0.0026666170015232638
664.0 0.0021642932551912963
665.0 0.0015383568097604439
666.0 0.0009124204552790616
667.0 0.0010583403309283312
668.0 0.001204260297527071
669.0 0.001015308589558117
670.0 0.0008263568815891631
671.0 0.0005032246917835437
672.0 0.00018009245650318917
673.0 0.0003301053993709502
674.0 0.00048011847866291646
675.0 0.000778367120801704
676.0 0.0010766158084152266
677.0 0.0014407577509700786
678.0 0.0018048995116259903
679.0 0.00231885896937456
680.0 0.0028328186090220697
681.0 0.003855007525999099
682.0 0.004877196624875069
683.0 0.006599756306968629
684.0 0.008322315261466429
685.0 0.009612964640837163
686.0 0.010903614747803658
687.0 0.009652729204390198
688.0 0.008401843660976738
689.0 0.006603582733077928
690.0 0.004805322168977
691.0 0.004081947190570645
692.0 0.0033585722121642902
693.0 0.003075077256653458
694.0 0.0027915823011426255
695.0 0.0019576418708311394
696.0 0.0011237014405196533
697.0 0.0010393276170361787
698.0 0.0009549538845021743
699.0 0.0005855701601831242
700.0 0.0002161864586014417
701.0 0.0005234586296865018
702.0 0.0008307308235089295
703.0 0.0007702981747570448
704.0 0.0007098654350556899
705.0 0.0008147814696712885
706.0 0.0009196975042868871
707.0 0.0009159326509688981
708.0 0.0009121680704993196
709.0 0.0009272303032048512
710.0 0.000942292626859853
711.0 0.0009760691682458855
712.0 0.0010098456186824478
713.0 0.0008395753866352607
714.0 0.0006693052000628086
715.0 0.000650547417535563
716.0 0.0006317893621599069
717.0 0.0005486770078277914
718.0 0.0004655645625462057
719.0 0.000399629061575979
720.0 0.0003336935606057523
721.0 0.00027936953301832546
722.0 0.00022504536900669336
723.0 0.00022604685909755062
724.0 0.00022704828097630525
725.0 0.0004229492787999334
726.0 0.0006188505267346045
727.0 0.0004065101620653877
728.0 0.0001941697973961709
729.0 0.00028421261504263384
730.0 0.0003742553872143617
731.0 0.00022090184756962117
732.0 6.754840455869271e-05
733.0 0.0003189876224496402
734.0 0.0005704268460249295
735.0 0.0005725384198740358
736.0 0.0005746499027736718
737.0 0.000437086055171676
738.0 0.0002995222075696802
739.0 0.00036189937873132294
740.0 0.0004242766408424359
741.0 0.0008460022399958689
742.0 0.0012677281119977124
743.0 0.0020446035705390386
744.0 0.002821478665282484
745.0 0.0038804311770945787
746.0 0.004939383143209852
747.0 0.004846994852414355
748.0 0.004754606925416738
749.0 0.004327423084760085
750.0 0.0039002396079013124
751.0 0.003540168472682126
752.0 0.003180096609867178
753.0 0.0029394444936770014
754.0 0.0026987920136889443
755.0 0.002480396688042674
756.0 0.002262001362396404
757.0 0.0019823182810796425
758.0 0.0017026350178639404
759.0 0.00150486166603514
760.0 0.0013070884051558096
761.0 0.0010425672371638939
762.0 0.0007780462510709185
763.0 0.0006750831744284369
764.0 0.0005721203706343658
765.0 0.0004656579676520778
766.0 0.000359195450982952
767.0 0.0004920732862956356
768.0 0.0006249510988709517
769.0 0.0005002850684832083
770.0 0.00037561915178230265
771.0 0.00046250638661149424
772.0 0.0005493936441780534
773.0 0.0006984620540606556
774.0 0.0008475302820443176
775.0 0.0007955582077556755
776.0 0.0007435861334670335
777.0 0.0007504208497266518
778.0 0.0007572557933599455
779.0 0.0008477971277898178
780.0 0.0009383383257954847
781.0 0.0011870220987475477
782.0 0.0014357056898006704
783.0 0.0012600424270203803
784.0 0.00108437907329062
785.0 0.0013250952179078013
786.0 0.0015658113625249825
787.0 0.0013993121683597565
788.0 0.00123281279229559
789.0 0.001077094111678889
790.0 0.000921375431062188
791.0 0.0007714290404692292
792.0 0.0006214826953510055
793.0 0.0008031895049498416
794.0 0.0009848960871750023
795.0 0.0008475747563352343
796.0 0.0007102531526470557
797.0 0.00047887724576867186
798.0 0.00024750120246608276
799.0 0.0002600978632472106
800.0 0.0002726946831899113
801.0 1.4996453501225915e-05
802.0 1.7173573760992378e-10
803.0 1.7173573760992378e-10
804.0 1.7173573760992378e-10
805.0 9.935146181305754e-05
806.0 0.00029745910978817847
807.0 0.0003249948349548504
808.0 0.00035253044643468456
809.0 0.0001907536443468416
810.0 2.8976850785511488e-05
811.0 1.750105269593405e-05
812.0 6.025246790386518e-06
813.0 1.7173573760992378e-10
814.0 1.7173573760992378e-10
815.0 3.095435943123448e-05
816.0 0.00011458315611889702
817.0 0.00033363921829732135
818.0 0.0005526952918444294
819.0 0.0002431672328384593
820.0 1.7173573760992378e-10
821.0 6.741691294109842e-06
822.0 7.984428975760238e-05
823.0 0.00030483963655569823
824.0 0.0005298349606164265
825.0 0.00027373648663342465
826.0 1.7638210181303293e-05
827.0 1.7173573760992378e-10
828.0 1.7173573760992378e-10
829.0 1.7173573760992378e-10
830.0 1.7173573760992378e-10
831.0 1.7173573760992378e-10
832.0 1.7173573760992378e-10
833.0 9.795968480830197e-05
834.0 0.0002193328327848576
835.0 0.000157269312239805
836.0 9.520574622001732e-05
837.0 1.7173573760992378e-10
838.0 1.7173573760992378e-10
839.0 1.7173573760992378e-10
840.0 8.509500162290351e-05
841.0 1.7173573760992378e-10
842.0 1.7173573760992378e-10
843.0 1.7173573760992378e-10
844.0 7.059326776470698e-05
845.0 7.599127798130212e-05
846.0 8.13893109352648e-05
847.0 0.00011867650755448267
848.0 0.000155963880388299
849.0 0.00026342065666540293
850.0 0.0003708774102051393
851.0 0.0003710477130880463
852.0 0.00037121799323358573
853.0 0.00027260036858933745
854.0 0.00017398284626324312
855.0 0.00014079032553127035
856.0 0.00010759782753666514
857.0 0.0002580019327069749
858.0 0.00040840604924596846
859.0 0.0005500397037394578
860.0 0.0006916734491824172
861.0 0.0006998715434747282
862.0 0.0007080696377670392
863.0 0.0012092877113900613
864.0 0.0017105059669120237
865.0 0.0015332743714679964
866.0 0.0013560426850744989
867.0 0.0016477320968988352
868.0 0.0019394214177737013
869.0 0.001916352630360052
870.0 0.0018932838429464027
871.0 0.0019439419702393934
872.0 0.001994600097532384
873.0 0.002280676744703669
874.0 0.0025667535737738945
875.0 0.00255875893344637
