lsstCam/transmission_filter_detector/r30_s21/u_24/19700101T000000.ecsv
# %ECSV 1.0
# ---
# datatype:
# - {name: wavelength, unit: nm, datatype: float32}
# - {name: efficiency, unit: '%', datatype: float64}
# meta: !!omap
# - {MODE: DETECTOR}
# - {TYPE: transmission_filter_detector}
# - {CALIBDATE: '1970-01-01T00:00:00'}
# - {INSTRUME: LSSTCam}
# - {OBSTYPE: transmission_filter_detector}
# - {CALIBCLS: lsst.ip.isr.IntermediateFilterDetectorTransmissionCurve}
# - {SOURCE: Materion (DM-46256)}
# - {DETECTOR: 124}
# - {FILTER: u_24}
# - {CALIB_ID: 'calibDate=1970-01-01T00:00:00 filter=u_24 detector=124'}
# - {DATE: '2025-04-02T15:59:40.322754'}
# - {CALIB_CREATION_DATE: '2025-04-02'}
# - {CALIB_CREATION_TIME: '15:59:40'}
# - __serialized_columns__:
#     efficiency:
#       __class__: astropy.units.quantity.Quantity
#       unit: !astropy.units.Unit {unit: '%'}
#       value: !astropy.table.SerializedColumn {name: efficiency}
#     wavelength:
#       __class__: astropy.units.quantity.Quantity
#       unit: !astropy.units.Unit {unit: nm}
#       value: !astropy.table.SerializedColumn {name: wavelength}
# schema: astropy-2.0
wavelength efficiency
[from data line 582]
877.0 0.0027145475542056374
878.0 0.002878330815292429
879.0 0.002898677485063672
880.0 0.0029190239729359746
881.0 0.003075264612562023
882.0 0.0032315052521880716
883.0 0.00315481229336001
884.0 0.0030781189707340673
885.0 0.0029674267352675088
886.0 0.002856734863598831
887.0 0.002673982635315042
888.0 0.0024912300432333723
889.0 0.0026511686883168295
890.0 0.0028111073334002867
891.0 0.002972641414089594
892.0 0.0031341754947789013
893.0 0.003014425965375267
894.0 0.0028946762540726922
895.0 0.00329390459228307
896.0 0.0036931331123923883
897.0 0.0037120214983588085
898.0 0.0037309098843252286
899.0 0.003644862226792611
900.0 0.0035588149330578744
901.0 0.0038917449273867533
902.0 0.004224675285513513
903.0 0.00432843116868753
904.0 0.004432187051861547
905.0 0.004690649438998662
906.0 0.0049491110985400155
907.0 0.005228788359090686
908.0 0.005508465619641356
909.0 0.005694952415069565
910.0 0.005881439574295655
911.0 0.0058009758504340425
912.0 0.00572051212657243
913.0 0.005582993617281318
914.0 0.005445475107990205
915.0 0.005029373278375715
916.0 0.004613271448761225
917.0 0.00432720516982954
918.0 0.004041138163302094
919.0 0.004141439058003016
920.0 0.004241739952703938
921.0 0.004645306762540713
922.0 0.005048873572377488
923.0 0.005182990207686089
924.0 0.005317107570590451
925.0 0.005915076326346025
926.0 0.0065130436269100755
927.0 0.006691936869174242
928.0 0.006870829383842647
929.0 0.007145440758904442
930.0 0.00742005358915776
931.0 0.007264417945407331
932.0 0.007108784484444186
933.0 0.007401350740110502
934.0 0.007693917723372579
935.0 0.007533082680311054
936.0 0.007372249092441052
937.0 0.0070770249294582754
938.0 0.006781800766475499
939.0 0.006832512008259073
940.0 0.006883221794851124
941.0 0.0061905389884486794
942.0 0.005497856545844115
943.0 0.005086279998067766
944.0 0.004674703086493537
945.0 0.003707802898134105
946.0 0.0027409023459767923
947.0 0.002441600190650206
948.0 0.002142297671525739
949.0 0.0017309370377915911
950.0 0.0013195764040574431
951.0 0.001330395298282383
952.0 0.001341214283456793
953.0 0.0015044039173517376
954.0 0.001667593460297212
955.0 0.0017046548236976378
956.0 0.0017417163689970039
957.0 0.002033558484981768
958.0 0.002325400782865472
959.0 0.002688711538212374
960.0 0.0030520226573571563
961.0 0.0035007491533178836
962.0 0.003949476376874372
963.0 0.0040111794078256935
964.0 0.004072882438777015
965.0 0.004594327765516937
966.0 0.005115772728458978
967.0 0.004826213989872485
968.0 0.004536655615083873
969.0 0.004702823571278714
970.0 0.004868991527473554
971.0 0.004772871034219861
972.0 0.004676750540966168
973.0 0.004708252527052537
974.0 0.004739754876936786
975.0 0.004702316437033005
976.0 0.004664877997129224
977.0 0.004307215931476094
978.0 0.003949553138227202
979.0 0.003587385799619369
980.0 0.0032252184610115364
981.0 0.0030983283068053424
982.0 0.0029714381525991485
983.0 0.002798279638227541
984.0 0.0026251214876538143
985.0 0.002886910442612134
986.0 0.0031486993975704536
987.0 0.0034192940802313387
988.0 0.003689888399094343
989.0 0.004295806138543412
990.0 0.004901723877992481
991.0 0.005606955164694227
992.0 0.0063121864513959736
993.0 0.007099645881680772
994.0 0.007887106039561331
995.0 0.008035524660954252
996.0 0.008183943282347172
997.0 0.008108721522148699
998.0 0.008033499034354463
999.0 0.007654591900063679
1000.0 0.00727568767615594
1001.0 0.006696997297694907
1002.0 0.006118307646829635
1003.0 0.00539076718268916
1004.0 0.004663226354750805
1005.0 0.004765324047184549
1006.0 0.0048674210120225325
1007.0 0.004833679849980399
1008.0 0.004799937960342504
1009.0 0.004601181353791617
1010.0 0.004402425474836491
1011.0 0.0041373790736543015
1012.0 0.003872332308674231
1013.0 0.0034774289815686643
1014.0 0.003082526018260978
1015.0 0.002496865636203438
1016.0 0.0019112050722469576
1017.0 0.001862716453615576
1018.0 0.0018142280168831348
1019.0 0.001776827048161067
1020.0 0.0017394266251358204
1021.0 0.0015363426427938975
1022.0 0.001333258842350915
1023.0 0.0012919434084324166
1024.0 0.0012506277926149778
1025.0 0.0011567854926397558
1026.0 0.0010629433745634742
1027.0 0.0014161314538796432
1028.0 0.0017693191693979315
1029.0 0.0018331345927435905
1030.0 0.0018969501979881898
1031.0 0.00193356245290488
1032.0 0.0019701748897205107
1033.0 0.0019487102690618485
1034.0 0.0019272458303021267
1035.0 0.0018964807168231346
1036.0 0.0018657157852430828
1037.0 0.002068717367365025
1038.0 0.002271718767588027
1039.0 0.0023403636078001
1040.0 0.0024090086299111135
1041.0 0.0022281159544945695
1042.0 0.0020472234609769657
1043.0 0.002141964068869129
1044.0 0.002236704312963411
1045.0 0.0018491444279788993
1046.0 0.0014615841791965067
1047.0 0.0018272276065545157
1048.0 0.0021928710339125246
1049.0 0.0020180183128104545
1050.0 0.0018431655917083845
1051.0 0.0016444289940409362
1052.0 0.0014456924873229582
1053.0 0.0011401955816836562
1054.0 0.0008346984941454139
1055.0 0.001264412458112929
1056.0 0.0016941265130299143
1057.0 0.0015541365428362042
1058.0 0.001414146572642494
1059.0 0.001797795994207263
1060.0 0.002181445415772032
1061.0 0.002121323450410273
1062.0 0.002061201666947454
1063.0 0.0015545268979622051
1064.0 0.0010478522199264262
1065.0 0.0011645191989373416
1066.0 0.0012811863598471973
1067.0 0.0012740952115564141
1068.0 0.0012670041542151012
1069.0 0.0009111410690820776
1070.0 0.0005552781203732593
1071.0 0.0015331437680288218
1072.0 0.002511009370209649
1073.0 0.0028953498258488253
1074.0 0.0032796902814880013
1075.0 0.0027706932087312452
1076.0 0.00226169649977237
1077.0 0.0028047954401699826
1078.0 0.0033478940167697147
1079.0 0.003883627141476609
1080.0 0.0044193595385877416
1081.0 0.004834066203329712
1082.0 0.005248771776678041
1083.0 0.004513149178819731
1084.0 0.003777526580961421
1085.0 0.004367094879853539
1086.0 0.004956663542543538
1087.0 0.004347156573203392
1088.0 0.003737650695256889
1089.0 0.0038722770113963634
1090.0 0.004006904055131599
1091.0 0.0029929396987427026
1092.0 0.001978975342353806
1093.0 0.0035133911296725273
1094.0 0.00504780764458701
1095.0 0.0022954296582611278
1096.0 1.7173573760992378e-10
1097.0 0.0011101376003352925
1098.0 0.002677223164937459
1099.0 0.0038484824472106993
1100.0 0.00501974172948394
