lsstcam/qe_curve/r14_s22/19700101T000000.ecsv
# %ECSV 0.9
# ---
# datatype:
# - {name: amp_name, datatype: string}
# - {name: wavelength, unit: nm, datatype: float32}
# - {name: efficiency, unit: '%', datatype: float32}
# meta: !!omap
# - {MODE: AMP}
# - {TYPE: QE}
# - {CALIBDATE: '1970-01-01T00:00:00'}
# - {INSTRUME: LSSTCAM}
# - {OBSTYPE: qe_curve}
# - {DETECTOR: 71}
# - {PICKLEFILE: RaftRun11746.p}
# - {CALIB_ID: 'raftName=R14 detectorName=S22 detector=71 calibDate=1970-01-01T00:00:00 ccd=71 ccdnum=71 filter=None'}
# - {DATE: '2020-01-23T14:12:33.189468'}
# - {CALIB_CREATION_DATE: '2020-01-23'}
# - {CALIB_CREATION_TIME: '14:12:33'}
# - __serialized_columns__:
#     efficiency:
#       __class__: astropy.units.quantity.Quantity
#       unit: !astropy.units.Unit {unit: '%'}
#       value: !astropy.table.SerializedColumn {name: efficiency}
#     wavelength:
#       __class__: astropy.units.quantity.Quantity
#       unit: !astropy.units.Unit {unit: nm}
#       value: !astropy.table.SerializedColumn {name: wavelength}
# schema: astropy-2.0
amp_name wavelength efficiency
C14 319.994 42.74343
C14 324.969 48.25822
C14 349.982 70.71805
C14 374.975 75.329704
C14 400.019 82.987885
C14 424.965 85.49157
C14 450.035 87.93517
C14 475.003 90.02857
C14 500.018 92.38935
C14 525.002 94.765175
C14 550.029 95.481895
C14 575.023 97.39604
C14 599.982 98.11698
C14 619.997 98.48076
C14 624.979 99.334885
C14 650.012 99.44474
C14 675.004 98.827286
C14 700.03 98.54866
C14 725.012 97.90348
C14 750.022 98.24487
C14 774.987 98.739914
C14 799.976 97.42584
C14 824.988 95.82514
C14 850.022 93.80485
C14 869.967 90.70654
C14 875.002 89.270065
C14 899.999 82.92035
C14 919.999 74.1463
C14 925.012 71.31981
C14 949.965 58.34318
C14 975.002 43.27005
C14 999.976 26.512495
C14 1025.028 11.527444
C14 1050.014 4.0846877
C14 1075.002 2.2137573
C14 1099.99 1.717699
C11 319.994 43.45845
C11 324.969 49.07507
C11 349.982 72.15032
C11 374.975 76.74362
C11 400.019 83.76306
C11 424.965 85.92293
C11 450.035 88.17659
C11 475.003 90.15478
C11 500.018 92.44303
C11 525.002 94.7755
C11 550.029 95.467285
C11 575.023 97.36842
C11 599.982 98.08525
C11 619.997 98.444374
C11 624.979 99.29966
C11 650.012 99.40806
C11 675.004 98.796745
C11 700.03 98.54734
C11 725.012 97.97397
C11 750.022 98.40386
C11 774.987 98.96845
C11 799.976 97.675606
C11 824.988 96.0112
C11 850.022 93.9456
C11 869.967 90.96321
C11 875.002 89.544815
C11 899.999 82.715996
C11 919.999 73.64949
C11 925.012 70.8521
C11 949.965 58.196865
C11 975.002 43.24023
C11 999.976 26.335655
C11 1025.028 11.456092
C11 1050.014 4.0558214
C11 1075.002 2.2213097
C11 1099.99 1.7167565
C12 319.994 43.35269
C12 324.969 48.952557
C12 349.982 71.9099
C12 374.975 76.534706
C12 400.019 83.76256
C12 424.965 86.02542
C12 450.035 88.337944
C12 475.003 90.352325
C12 500.018 92.66438
C12 525.002 95.01514
C12 550.029 95.71977
C12 575.023 97.6258
C12 599.982 98.34451
C12 619.997 98.70882
C12 624.979 99.5626
C12 650.012 99.67185
C12 675.004 99.0615
C12 700.03 98.80907
C12 725.012 98.23019
C12 750.022 98.65742
C12 774.987 99.23236
C12 799.976 97.94154
C12 824.988 96.29774
C12 850.022 94.260605
C12 869.967 91.251854
C12 875.002 89.81552
C12 899.999 83.03181
C12 919.999 74.05755
C12 925.012 71.25683
C12 949.965 58.514427
C12 975.002 43.483803
C12 999.976 26.521774
C12 1025.028 11.525475
C12 1050.014 4.0801334
C12 1075.002 2.2278225
C12 1099.99 1.7260549
C01 319.994 40.957176
C01 324.969 46.218513
C01 349.982 67.35994
C01 374.975 72.210106
C01 400.019 81.29672
C01 424.965 84.56558
C01 450.035 87.41573
C01 475.003 89.75427
C01 500.018 92.27239
C01 525.002 94.74507
C01 550.029 95.52332
C01 575.023 97.468864
C01 599.982 98.21029
C01 619.997 98.58637
C01 624.979 99.445206
C01 650.012 99.55642
C01 675.004 98.94792
C01 700.03 98.72195
C01 725.012 98.2246
C01 750.022 98.75871
C01 774.987 99.45591
C01 799.976 98.23639
C01 824.988 96.64405
C01 850.022 94.660835
C01 869.967 91.73318
C01 875.002 90.31246
C01 899.999 84.0896
C01 919.999 74.60672
C01 925.012 71.74756
C01 949.965 58.884186
C01 975.002 43.696323
C01 999.976 26.776806
C01 1025.028 11.622942
C01 1050.014 4.119521
C01 1075.002 2.2889278
C01 1099.99 1.7533462
C05 319.994 42.329746
C05 324.969 47.77563
C05 349.982 69.779655
C05 374.975 74.40886
C05 400.019 82.43494
C05 424.965 85.137764
C05 450.035 87.68727
C05 475.003 89.838036
C05 500.018 92.235466
C05 525.002 94.62682
C05 550.029 95.35405
C05 575.023 97.26439
C05 599.982 97.98197
C05 619.997 98.34211
C05 624.979 99.19313
C05 650.012 99.296455
C05 675.004 98.68859
C05 700.03 98.49387
C05 725.012 98.09784
C05 750.022 98.75885
C05 774.987 99.56903
C05 799.976 98.36969
C05 824.988 96.71402
C05 850.022 94.77815
C05 869.967 91.7202
C05 875.002 90.24072
C05 899.999 83.57857
C05 919.999 74.2801
C05 925.012 71.37515
C05 949.965 58.780575
C05 975.002 43.642246
C05 999.976 26.760574
C05 1025.028 11.631479
C05 1050.014 4.1162567
C05 1075.002 2.2461019
C05 1099.99 1.7347386
C04 319.994 42.040348
C04 324.969 47.44422
C04 349.982 69.24627
C04 374.975 73.92954
C04 400.019 82.18798
C04 424.965 85.00702
C04 450.035 87.61555
C04 475.003 89.80503
C04 500.018 92.22311
C04 525.002 94.63061
C04 550.029 95.36977
C04 575.023 97.28295
C04 599.982 98.00624
C04 619.997 98.3681
C04 624.979 99.22124
C04 650.012 99.32915
C04 675.004 98.72144
C04 700.03 98.52406
C04 725.012 98.11142
C04 750.022 98.75679
C04 774.987 99.552605
C04 799.976 98.34994
C04 824.988 96.71803
C04 850.022 94.77147
C04 869.967 91.70587
C04 875.002 90.24668
C04 899.999 83.78172
C04 919.999 74.36208
C04 925.012 71.45321
C04 949.965 58.8195
C04 975.002 43.71807
C04 999.976 26.846214
C04 1025.028 11.67363
C04 1050.014 4.110102
C04 1075.002 2.2488368
C04 1099.99 1.7411004
C03 319.994 41.762024
C03 324.969 47.130253
C03 349.982 68.75725
C03 374.975 73.50943
C03 400.019 82.026985
C03 424.965 84.9782
C03 450.035 87.65752
C03 475.003 89.89286
C03 500.018 92.34173
C03 525.002 94.76853
C03 550.029 95.51986
C03 575.023 97.44434
C03 599.982 98.17621
C03 619.997 98.544014
C03 624.979 99.399
C03 650.012 99.512665
C03 675.004 98.905815
C03 700.03 98.69364
C03 725.012 98.25433
C03 750.022 98.86625
C03 774.987 99.63376
C03 799.976 98.42558
C03 824.988 96.807884
C03 850.022 94.819824
C03 869.967 91.76648
C03 875.002 90.34802
C03 899.999 84.00143
C03 919.999 74.53572
C03 925.012 71.4959
C03 949.965 58.761623
C03 975.002 43.703243
C03 999.976 26.82633
C03 1025.028 11.646263
C03 1050.014 4.104815
C03 1075.002 2.2577798
C03 1099.99 1.744668
C07 319.994 42.844612
C07 324.969 48.364082
C07 349.982 70.71964
C07 374.975 75.26467
C07 400.019 82.87092
C07 424.965 85.358086
C07 450.035 87.78903
C07 475.003 89.87267
C07 500.018 92.223
C07 525.002 94.58872
C07 550.029 95.29953
C07 575.023 97.19585
C07 599.982 97.905914
C07 619.997 98.26289
C07 624.979 99.11635
C07 650.012 99.21362
C07 675.004 98.60374
C07 700.03 98.40223
C07 725.012 97.96537
C07 750.022 98.5687
C07 774.987 99.305115
C07 799.976 98.077934
C07 824.988 96.42612
C07 850.022 94.47552
C07 869.967 91.47432
C07 875.002 90.00998
C07 899.999 83.25481
C07 919.999 74.0501
C07 925.012 71.177895
C07 949.965 58.528492
C07 975.002 43.443687
C07 999.976 26.618708
C07 1025.028 11.652327
C07 1050.014 4.1468883
C07 1075.002 2.2569027
C07 1099.99 1.7334222
C10 319.994 43.702576
C10 324.969 49.354546
C10 349.982 72.589096
C10 374.975 77.14163
C10 400.019 83.99289
C10 424.965 86.067406
C10 450.035 88.277176
C10 475.003 90.22883
C10 500.018 92.499115
C10 525.002 94.82177
C10 550.029 95.50891
C10 575.023 97.40164
C10 599.982 98.115135
C10 619.997 98.47793
C10 624.979 99.33016
C10 650.012 99.436165
C10 675.004 98.81974
C10 700.03 98.560875
C10 725.012 97.94702
C10 750.022 98.32148
C10 774.987 98.82732
C10 799.976 97.50348
C10 824.988 95.83697
C10 850.022 93.73271
C10 869.967 90.72264
C10 875.002 89.33057
C10 899.999 82.56553
C10 919.999 73.44189
C10 925.012 70.64642
C10 949.965 57.830086
C10 975.002 43.02402
C10 999.976 26.17008
C10 1025.028 11.452246
C10 1050.014 4.0621986
C10 1075.002 2.2188637
C10 1099.99 1.712771
C06 319.994 42.575714
C06 324.969 48.058712
C06 349.982 70.23756
C06 374.975 74.841
C06 400.019 82.66963
C06 424.965 85.26696
C06 450.035 87.75933
C06 475.003 89.87849
C06 500.018 92.25332
C06 525.002 94.63075
C06 550.029 95.35151
C06 575.023 97.25691
C06 599.982 97.969055
C06 619.997 98.32958
C06 624.979 99.17971
C06 650.012 99.28217
C06 675.004 98.673515
C06 700.03 98.481094
C06 725.012 98.07948
C06 750.022 98.73345
C06 774.987 99.52639
C06 799.976 98.319916
C06 824.988 96.66002
C06 850.022 94.71065
C06 869.967 91.675095
C06 875.002 90.202324
C06 899.999 83.45938
C06 919.999 74.167114
C06 925.012 71.268906
C06 949.965 58.665882
C06 975.002 43.588806
C06 999.976 26.699429
C06 1025.028 11.632011
C06 1050.014 4.1160026
C06 1075.002 2.2491105
C06 1099.99 1.7352288
C15 319.994 42.588173
C15 324.969 48.079002
C15 349.982 70.36819
C15 374.975 74.98231
C15 400.019 82.87823
C15 424.965 85.50872
C15 450.035 88.02504
C15 475.003 90.16288
C15 500.018 92.55143
C15 525.002 94.95206
C15 550.029 95.67933
C15 575.023 97.59512
C15 599.982 98.31883
C15 619.997 98.685196
C15 624.979 99.541794
C15 650.012 99.64942
C15 675.004 99.02778
C15 700.03 98.72865
C15 725.012 98.04111
C15 750.022 98.3319
C15 774.987 98.77111
C15 799.976 97.43555
C15 824.988 95.85092
C15 850.022 93.792564
C15 869.967 90.68738
C15 875.002 89.269394
C15 899.999 83.18884
C15 919.999 74.28391
C15 925.012 71.41
C15 949.965 58.421562
C15 975.002 43.2841
C15 999.976 26.60874
C15 1025.028 11.561478
C15 1050.014 4.071137
C15 1075.002 2.2208006
C15 1099.99 1.7191099
C00 319.994 40.4532
C00 324.969 45.64787
C00 349.982 66.479034
C00 374.975 71.409355
C00 400.019 80.84252
C00 424.965 84.29521
C00 450.035 87.24948
C00 475.003 89.65236
C00 500.018 92.20961
C00 525.002 94.714035
C00 550.029 95.51019
C00 575.023 97.467705
C00 599.982 98.21822
C00 619.997 98.59705
C00 624.979 99.45368
C00 650.012 99.570366
C00 675.004 98.966415
C00 700.03 98.72681
C00 725.012 98.20325
C00 750.022 98.70657
C00 774.987 99.37485
C00 799.976 98.14726
C00 824.988 96.55956
C00 850.022 94.64065
C00 869.967 91.769356
C00 875.002 90.30497
C00 899.999 83.972855
C00 919.999 74.71106
C00 925.012 72.06073
C00 949.965 59.086735
C00 975.002 43.890884
C00 999.976 26.815718
C00 1025.028 11.660127
C00 1050.014 4.1658716
C00 1075.002 2.3058124
C00 1099.99 1.7624104
C17 319.994 42.0409
C17 324.969 47.45658
C17 349.982 69.24865
C17 374.975 73.89032
C17 400.019 82.310104
C17 424.965 85.22803
C17 450.035 87.90464
C17 475.003 90.1428
C17 500.018 92.59573
C17 525.002 95.031166
C17 550.029 95.782326
C17 575.023 97.71166
C17 599.982 98.441
C17 619.997 98.80842
C17 624.979 99.663864
C17 650.012 99.76586
C17 675.004 99.13386
C17 700.03 98.811905
C17 725.012 98.043846
C17 750.022 98.23041
C17 774.987 98.575676
C17 799.976 97.21733
C17 824.988 95.656525
C17 850.022 93.614204
C17 869.967 90.635666
C17 875.002 89.20475
C17 899.999 83.20072
C17 919.999 74.26071
C17 925.012 71.50665
C17 949.965 58.505177
C17 975.002 43.11815
C17 999.976 26.54224
C17 1025.028 11.460634
C17 1050.014 4.0996532
C17 1075.002 2.2804613
C17 1099.99 1.7390901
C02 319.994 41.450863
C02 324.969 46.78074
C02 349.982 68.243546
C02 374.975 73.02085
C02 400.019 81.782394
C02 424.965 84.87786
C02 450.035 87.636955
C02 475.003 89.923935
C02 500.018 92.409424
C02 525.002 94.862915
C02 550.029 95.6313
C02 575.023 97.571465
C02 599.982 98.30902
C02 619.997 98.68102
C02 624.979 99.53901
C02 650.012 99.65087
C02 675.004 99.04243
C02 700.03 98.825165
C02 725.012 98.35308
C02 750.022 98.92667
C02 774.987 99.65968
C02 799.976 98.44264
C02 824.988 96.844215
C02 850.022 94.82067
C02 869.967 91.83808
C02 875.002 90.45564
C02 899.999 84.22464
C02 919.999 74.705055
C02 925.012 71.63506
C02 949.965 58.74221
C02 975.002 43.668236
C02 999.976 26.786795
C02 1025.028 11.626667
C02 1050.014 4.107393
C02 1075.002 2.275945
C02 1099.99 1.749295
C16 319.994 42.40368
C16 324.969 47.86686
C16 349.982 69.93585
C16 374.975 74.55537
C16 400.019 82.68831
C16 424.965 85.452705
C16 450.035 88.043625
C16 475.003 90.2268
C16 500.018 92.64413
C16 525.002 95.05791
C16 550.029 95.79162
C16 575.023 97.718254
C16 599.982 98.440735
C16 619.997 98.80293
C16 624.979 99.66435
C16 650.012 99.76792
C16 675.004 99.140305
C16 700.03 98.82833
C16 725.012 98.09798
C16 750.022 98.333824
C16 774.987 98.72203
C16 799.976 97.37301
C16 824.988 95.807335
C16 850.022 93.7239
C16 869.967 90.72457
C16 875.002 89.309425
C16 899.999 83.276344
C16 919.999 74.19427
C16 925.012 71.36776
C16 949.965 58.597275
C16 975.002 43.265434
C16 999.976 26.651129
C16 1025.028 11.496192
C16 1050.014 4.0528774
C16 1075.002 2.2520456
C16 1099.99 1.7316461
C13 319.994 43.096226
C13 324.969 48.659966
C13 349.982 71.39572
C13 374.975 76.02169
C13 400.019 83.4783
C13 424.965 85.86488
C13 450.035 88.24952
C13 475.003 90.30358
C13 500.018 92.644646
C13 525.002 95.00872
C13 550.029 95.71896
C13 575.023 97.629524
C13 599.982 98.35162
C13 619.997 98.71721
C13 624.979 99.573006
C13 650.012 99.68218
C13 675.004 99.06512
C13 700.03 98.79901
C13 725.012 98.19361
C13 750.022 98.58697
C13 774.987 99.12637
C13 799.976 97.82829
C13 824.988 96.202774
C13 850.022 94.178215
C13 869.967 91.147415
C13 875.002 89.7096
C13 899.999 83.06724
C13 919.999 74.22825
C13 925.012 71.43184
C13 949.965 58.588814
C13 975.002 43.493744
C13 999.976 26.574356
C13 1025.028 11.541133
C13 1050.014 4.0907245
C13 1075.002 2.228661
C13 1099.99 1.7254251
