lsstCam/transmission_filter_detector/r21_s12/y_10/19700101T000000.ecsv
# %ECSV 1.0
# ---
# datatype:
# - {name: wavelength, unit: nm, datatype: float32}
# - {name: efficiency, unit: '%', datatype: float64}
# meta: !!omap
# - {MODE: DETECTOR}
# - {TYPE: transmission_filter_detector}
# - {CALIBDATE: '1970-01-01T00:00:00'}
# - {INSTRUME: LSSTCam}
# - {OBSTYPE: transmission_filter_detector}
# - {CALIBCLS: lsst.ip.isr.IntermediateFilterDetectorTransmissionCurve}
# - {SOURCE: Materion (DM-46256)}
# - {DETECTOR: 86}
# - {FILTER: y_10}
# - {CALIB_ID: 'calibDate=1970-01-01T00:00:00 filter=y_10 detector=86'}
# - {DATE: '2025-04-02T15:59:51.140712'}
# - {CALIB_CREATION_DATE: '2025-04-02'}
# - {CALIB_CREATION_TIME: '15:59:51'}
# - __serialized_columns__:
#     efficiency:
#       __class__: astropy.units.quantity.Quantity
#       unit: !astropy.units.Unit {unit: '%'}
#       value: !astropy.table.SerializedColumn {name: efficiency}
#     wavelength:
#       __class__: astropy.units.quantity.Quantity
#       unit: !astropy.units.Unit {unit: nm}
#       value: !astropy.table.SerializedColumn {name: wavelength}
# schema: astropy-2.0
wavelength efficiency
[from data line 577]
877.0 0.0019057479221373796
878.0 0.0012563017662614584
879.0 0.001704288115433883
880.0 0.08248360245488584
881.0 0.10890588164329529
882.0 0.07585223065689206
883.0 0.09607091778889298
884.0 0.05814166506752372
885.0 0.1077807042747736
886.0 0.08748493273742497
887.0 0.10040020570158958
888.0 0.061014684615656734
889.0 0.11174306273460388
890.0 0.06924126064404845
891.0 0.10029544355347753
892.0 0.0666787673253566
893.0 0.11010583257302642
894.0 0.09372862987220287
895.0 0.1076491316780448
896.0 0.09037242853082716
897.0 0.1254630507901311
898.0 0.10199786629527807
899.0 0.14978095423430204
900.0 0.11927715968340635
901.0 0.1624825643375516
902.0 0.19433911656960845
903.0 0.20772996358573437
904.0 0.25553531013429165
905.0 0.29920709785073996
906.0 0.3698517568409443
907.0 0.48613082617521286
908.0 0.6701020989567041
909.0 0.9247126057744026
910.0 1.3261566869914532
911.0 1.8853405490517616
912.0 2.7701854705810547
913.0 4.052279144525528
914.0 5.516510456800461
915.0 7.589523494243622
916.0 10.040336847305298
917.0 12.624061107635498
918.0 15.494653582572937
919.0 18.192635476589203
920.0 21.881483495235443
921.0 25.771266222000122
922.0 29.738977551460266
923.0 34.45987105369568
924.0 39.547374844551086
925.0 45.12456953525543
926.0 51.679831743240356
927.0 58.59963297843933
928.0 64.55285549163818
929.0 70.875084400177
930.0 76.27115845680237
931.0 81.48260116577148
932.0 86.11621260643005
933.0 89.96443748474121
934.0 92.59709119796753
935.0 94.39940452575684
936.0 95.72234749794006
937.0 96.64321541786194
938.0 97.18948006629944
939.0 97.38404154777527
940.0 97.62488603591919
941.0 97.76256680488586
942.0 97.86794781684875
943.0 97.92859554290771
944.0 98.16086292266846
945.0 98.07202816009521
946.0 98.08583855628967
947.0 98.07514548301697
948.0 98.24432134628296
949.0 98.14105033874512
950.0 98.27612638473511
951.0 98.34110736846924
952.0 98.43772053718567
953.0 98.57504963874817
954.0 98.65828156471252
955.0 98.70160222053528
956.0 98.91446232795715
957.0 99.03188347816467
958.0 99.15943741798401
959.0 99.15861487388611
960.0 99.2367148399353
961.0 99.2609441280365
962.0 99.31088089942932
963.0 99.33132529258728
964.0 99.35506582260132
965.0 99.34724569320679
966.0 99.4195818901062
967.0 99.5283305644989
968.0 99.47652220726013
969.0 99.48515892028809
970.0 99.53351020812988
971.0 99.60021376609802
972.0 99.60140585899353
973.0 99.72553849220276
974.0 99.67826008796692
975.0 99.63685870170593
976.0 99.6740996837616
977.0 99.64393973350525
978.0 99.71932768821716
979.0 99.61884617805481
980.0 99.5518147945404
981.0 99.50779676437378
982.0 99.43077564239502
983.0 99.4571328163147
984.0 99.41220283508301
985.0 99.46340322494507
986.0 99.33262467384338
987.0 99.3893563747406
988.0 99.34375286102295
989.0 99.35176968574524
990.0 99.32418465614319
991.0 99.36807751655579
992.0 99.42399859428406
993.0 99.3815541267395
994.0 99.3700921535492
995.0 99.42657947540283
996.0 99.42483901977539
997.0 99.55506920814514
998.0 99.57048892974854
999.0 99.60017800331116
1000.0 99.61033463478088
1001.0 99.58555102348328
1002.0 99.6738851070404
1003.0 99.71770644187927
1004.0 99.73341226577759
1005.0 99.66529607772827
1006.0 99.78077411651611
1007.0 99.73827600479126
1008.0 99.71885085105896
1009.0 99.6207058429718
1010.0 99.69362616539001
1011.0 99.68510270118713
1012.0 99.61859583854675
1013.0 99.63544011116028
1014.0 99.59549903869629
1015.0 99.56170320510864
1016.0 99.53939914703369
1017.0 99.59909319877625
1018.0 99.59936738014221
1019.0 99.5663583278656
1020.0 99.62424039840698
1021.0 99.80726838111877
1022.0 99.63705539703369
1023.0 99.67668056488037
1024.0 99.68175888061523
1025.0 99.70723986625671
1026.0 99.75942373275757
1027.0 99.87358450889587
1028.0 99.79285001754761
1029.0 99.90206956863403
1030.0 99.92399215698242
1031.0 99.82675313949585
1032.0 99.87969994544983
1033.0 99.80299472808838
1034.0 99.86464381217957
1035.0 99.9163568019867
1036.0 99.79872107505798
1037.0 99.8126745223999
1038.0 99.7931182384491
1039.0 99.71948862075806
1040.0 99.63343739509583
1041.0 99.73387718200684
1042.0 99.6897041797638
1043.0 99.6012806892395
1044.0 99.72991943359375
1045.0 99.42573308944702
1046.0 99.62549805641174
1047.0 99.5927095413208
1048.0 99.61144924163818
1049.0 99.55828189849854
1050.0 99.59827065467834
1051.0 99.55951571464539
1052.0 99.58823323249817
1053.0 99.38613176345825
1054.0 99.66102838516235
1055.0 99.72532391548157
1056.0 99.57129955291748
1057.0 99.6967077255249
1058.0 99.53965544700623
1059.0 99.51584339141846
1060.0 99.63831305503845
1061.0 99.49884414672852
1062.0 99.5623230934143
1063.0 99.4235098361969
1064.0 99.69475865364075
1065.0 99.52312111854553
1066.0 99.45943355560303
1067.0 99.66274499893188
1068.0 99.54097270965576
1069.0 99.23334121704102
1070.0 99.5798408985138
1071.0 99.57000017166138
1072.0 99.61433410644531
1073.0 99.7110664844513
1074.0 99.2305040359497
1075.0 99.36267137527466
1076.0 99.0623950958252
1077.0 99.50829148292542
1078.0 99.69795346260071
1079.0 99.3300199508667
1080.0 99.9629020690918
1081.0 99.18915629386902
1082.0 99.36636090278625
1083.0 99.14765357971191
1084.0 99.48190450668335
1085.0 99.33671355247498
1086.0 99.36962723731995
1087.0 99.29033517837524
1088.0 99.09201860427856
1089.0 99.21572208404541
1090.0 99.16595816612244
1091.0 99.17811155319214
1092.0 99.08279776573181
1093.0 98.88318181037903
1094.0 98.7469732761383
1095.0 98.89365434646606
1096.0 99.0373432636261
1097.0 98.3782172203064
1098.0 98.20032119750977
1099.0 98.95438551902771
1100.0 98.55952858924866
