lsstCam/transmission_filter_detector/r21_s12/y_10/19700101T000000.ecsv
# %ECSV 1.0
# ---
# datatype:
# - {name: wavelength, unit: nm, datatype: float32}
# - {name: efficiency, unit: '%', datatype: float64}
# meta: !!omap
# - {MODE: DETECTOR}
# - {TYPE: transmission_filter_detector}
# - {CALIBDATE: '1970-01-01T00:00:00'}
# - {INSTRUME: LSSTCam}
# - {OBSTYPE: transmission_filter_detector}
# - {CALIBCLS: lsst.ip.isr.IntermediateFilterDetectorTransmissionCurve}
# - {SOURCE: Materion (DM-46256)}
# - {DETECTOR: 86}
# - {FILTER: y_10}
# - {CALIB_ID: 'calibDate=1970-01-01T00:00:00 filter=y_10 detector=86'}
# - {DATE: '2025-04-02T15:59:51.140712'}
# - {CALIB_CREATION_DATE: '2025-04-02'}
# - {CALIB_CREATION_TIME: '15:59:51'}
# - __serialized_columns__:
#     efficiency:
#       __class__: astropy.units.quantity.Quantity
#       unit: !astropy.units.Unit {unit: '%'}
#       value: !astropy.table.SerializedColumn {name: efficiency}
#     wavelength:
#       __class__: astropy.units.quantity.Quantity
#       unit: !astropy.units.Unit {unit: nm}
#       value: !astropy.table.SerializedColumn {name: wavelength}
# schema: astropy-2.0
wavelength efficiency
300.0 0.3338272450491786
301.0 0.1805925159715116
302.0 0.027357757790014148
303.0 0.025400420418009162
304.0 0.023443085956387222
305.0 0.016760108701419085
306.0 0.010077127808472142
307.0 0.015300481754820794
308.0 0.02052383206319064
309.0 0.015202598297037184
310.0 0.009881361620500684
311.0 0.008591816731495783
312.0 0.007302269659703597
313.0 0.006688861321890727
314.0 0.006075451528886333
315.0 0.005185561167309061
316.0 0.00429567153332755
317.0 0.0037662543036276475
318.0 0.0032368341635446995
319.0 0.0023190224965219386
320.0 0.0014012101019034162
321.0 0.0026868994609685615
322.0 0.003972588820033707
323.0 0.00404341371904593
324.0 0.004114238254260272
325.0 0.0020182107618893497
326.0 1.5750263506614237e-10
327.0 0.0008397868441534229
328.0 0.0017573904187884182
329.0 0.0028912636480527
330.0 0.0040251368773169816
331.0 0.0033256230381084606
332.0 0.0026261091988999397
333.0 0.0025303170332335867
334.0 0.0024345246856682934
335.0 0.00270433010882698
336.0 0.0029741353500867262
337.0 0.0028134209060226567
338.0 0.002652706280059647
339.0 0.0015773501218063757
340.0 0.0005019939635531045
341.0 0.00022151587018015562
342.0 1.5750263506614237e-10
343.0 0.0006465825663326541
344.0 0.0013521278560801875
345.0 0.0015119636373128742
346.0 0.0016717998732929118
347.0 0.0015506617273786105
348.0 0.001429523490514839
349.0 0.0013953463167126756
350.0 0.0013611689610115718
351.0 0.0017892407413455658
352.0 0.002217312248831149
353.0 0.0017984590158448555
354.0 0.0013796056009596214
355.0 0.0014807343177380972
356.0 0.0015818628526176326
357.0 0.0013547750313591678
358.0 0.0011276870282017626
359.0 0.0010222373930446338
360.0 0.0009167879397864453
361.0 0.0011830170478788204
362.0 0.0014492460650217254
363.0 0.001206812430609716
364.0 0.000964378341450356
365.0 0.0012679437531915028
366.0 0.0015715095287305303
367.0 0.0018467251720721833
368.0 0.0021219404516159557
369.0 0.0018029217244475149
370.0 0.0014839028153801337
371.0 0.0015582707419525832
372.0 0.0016326384866260923
373.0 0.00205303276743507
374.0 0.0024734272301429883
375.0 0.0033961365261347964
376.0 0.004318845458328724
377.0 0.004200088733341545
378.0 0.004081332008354366
379.0 0.003473680408205837
380.0 0.002866028808057308
381.0 0.002018674058490433
382.0 0.0011713192179740872
383.0 0.0011552734576980583
384.0 0.0011392272426746786
385.0 0.0008249859092757106
386.0 0.0005107445758767426
387.0 0.0005967417564534117
388.0 0.0006827389825048158
389.0 0.0005882995083084097
390.0 0.0004938600341120036
391.0 0.00044389289541868493
392.0 0.0003939258022001013
393.0 0.0005964298452454386
394.0 0.0007989339792402461
395.0 0.0006806582405260997
396.0 0.0005623825018119533
397.0 0.0007452913905581227
398.0 0.0009282001883548219
399.0 0.0011767949217755813
400.0 0.0014253896551963408
401.0 0.0015737745343358256
402.0 0.0017221593225258403
403.0 0.001781538776413072
404.0 0.001840918412199244
405.0 0.001808868910302408
406.0 0.0017768197722034529
407.0 0.0015039804566185921
408.0 0.0012311411410337314
409.0 0.0009731090358400252
410.0 0.0007150767032726435
411.0 0.0003990887307736557
412.0 8.310076964335167e-05
413.0 0.0004255787189322291
414.0 0.000768056543165585
415.0 0.0011714539141394198
416.0 0.0015748513760627247
417.0 0.000671620045977761
418.0 1.5750263506614237e-10
419.0 1.5750263506614237e-10
420.0 1.5750263506614237e-10
421.0 1.5750263506614237e-10
422.0 0.00021220337202976225
423.0 0.00040598320083518047
424.0 0.0005997628704790259
425.0 1.993102216601983e-05
426.0 1.5750263506614237e-10
427.0 5.5988357416936196e-05
428.0 0.000671877523927833
429.0 5.590522960119415e-05
430.0 1.5750263506614237e-10
431.0 0.0001672227540439053
432.0 0.000894512686500093
433.0 0.000572199451198685
434.0 0.00024988639779621735
435.0 3.592117536754813e-06
436.0 1.5750263506614237e-10
437.0 2.8311353617027635e-05
438.0 0.00029932493816886563
439.0 1.5750263506614237e-10
440.0 1.5750263506614237e-10
441.0 1.5750263506614237e-10
442.0 1.5750263506614237e-10
443.0 1.5750263506614237e-10
444.0 1.5750263506614237e-10
445.0 1.5750263506614237e-10
446.0 0.00030349340249813395
447.0 0.0005100367616250878
448.0 0.0007165800525399391
449.0 0.00045874689931224566
450.0 0.00020091365513508208
451.0 0.00014608066294385935
452.0 9.124788107328641e-05
453.0 2.3918926217447734e-05
454.0 1.5750263506614237e-10
455.0 1.5750263506614237e-10
456.0 1.5750263506614237e-10
457.0 1.5750263506614237e-10
458.0 1.5750263506614237e-10
459.0 1.5750263506614237e-10
460.0 1.5750263506614237e-10
461.0 0.00028606420983123826
462.0 0.000691969307808904
463.0 0.0006191105512698414
464.0 0.0005462517947307788
465.0 0.0004384414296509931
466.0 0.00033063115552067757
467.0 0.0008998384146252647
468.0 0.0014690454918309115
469.0 0.0016863778000697494
470.0 0.0019037101083085872
471.0 0.002073868745355867
472.0 0.0022440270186052658
473.0 0.002473543645464815
474.0 0.0027030602723243646
475.0 0.002801944538077805
476.0 0.0029008286219323054
477.0 0.0031212082831189036
478.0 0.0033415883081033826
479.0 0.0038403548387577757
480.0 0.004339121369412169
481.0 0.004471656211535446
482.0 0.004604190689860843
483.0 0.004190606705378741
484.0 0.003777022720896639
485.0 0.0037127192626940086
486.0 0.0036484158044913784
487.0 0.003276098141213879
488.0 0.00290378065983532
489.0 0.002522710019547958
490.0 0.0021416397430584766
491.0 0.0020027373466291465
492.0 0.001863834768300876
493.0 0.0015993859051377513
494.0 0.0013349370419746265
495.0 0.0015699048162787221
496.0 0.0018048724086838774
497.0 0.0020169687559246086
498.0 0.0022290651031653397
499.0 0.002379074794589542
500.0 0.0025290843041148037
501.0 0.0027665082598105073
502.0 0.0030039323974051513
503.0 0.0030045661333133467
504.0 0.0030051996873226017
505.0 0.0030742783565074205
506.0 0.0031433570256922394
507.0 0.002435683381918352
508.0 0.0017280095562455244
509.0 0.001959102155524306
510.0 0.002190194391005207
511.0 0.002134200076397974
512.0 0.002078205579891801
513.0 0.0020101373593206517
514.0 0.0019420696844463237
515.0 0.0015766630895086564
516.0 0.0012112565855204593
517.0 0.0012793038877134677
518.0 0.0013473510989570059
519.0 0.0014062303307582624
520.0 0.0014651094716100488
521.0 0.0018128068404621445
522.0 0.0021605039364658296
523.0 0.0020307117665652186
524.0 0.0019009195966646075
525.0 0.002125845094269607
526.0 0.0023507709556724876
527.0 0.0023042366592562757
528.0 0.0022577027266379446
529.0 0.0023712895199423656
530.0 0.0024848763132467866
531.0 0.002369747198827099
532.0 0.002254617902508471
533.0 0.00231334433919983
534.0 0.002372070593992248
535.0 0.0020900370145682245
536.0 0.0018080032532452606
537.0 0.0022751915821572766
538.0 0.0027423797291703522
539.0 0.0032803633075673133
540.0 0.0038183468859642744
541.0 0.003934359847335145
542.0 0.004050372444908135
543.0 0.004474451998248696
544.0 0.004898530823993497
545.0 0.004918619379168376
546.0 0.004938707570545375
547.0 0.004127411739318632
548.0 0.0033161162718897685
549.0 0.002858472362277098
550.0 0.0024008284526644275
551.0 0.002501096241758205
552.0 0.002601363667054102
553.0 0.003038874638150446
554.0 0.003476384881651029
555.0 0.0037303758290363476
556.0 0.003984367140219547
557.0 0.003812503200606443
558.0 0.0036406388971954584
559.0 0.003463866960373707
560.0 0.003287095023551956
561.0 0.003384653973625973
562.0 0.003482212559902109
563.0 0.003427837145864032
564.0 0.003373461731825955
565.0 0.003785968874581158
566.0 0.004198476381134242
567.0 0.004460983109311201
568.0 0.00472349020128604
569.0 0.005381347727961838
570.0 0.0060392048908397555
571.0 0.006148982356535271
572.0 0.0062587605498265475
573.0 0.006241178198251873
574.0 0.006223595846677199
575.0 0.0061975690186955035
576.0 0.0061715414631180465
577.0 0.005551433059736155
578.0 0.004931325383950025
579.0 0.005599820360657759
580.0 0.006268315337365493
581.0 0.007178309897426516
582.0 0.008088304457487538
583.0 0.009160042827716097
584.0 0.010231781197944656
585.0 0.010748197382781655
586.0 0.011264614295214415
587.0 0.010767563071567565
588.0 0.010270509665133432
589.0 0.010128423309652135
590.0 0.00998633840936236
591.0 0.009109464008361101
592.0 0.008232588152168319
593.0 0.006957879668334499
594.0 0.005683172639692202
595.0 0.0056012264394667
596.0 0.005519280966836959
597.0 0.006112669507274404
598.0 0.006706057320116088
599.0 0.00786143500590697
600.0 0.009016811236506328
601.0 0.009841998689807951
602.0 0.01066718396032229
603.0 0.011030538007616997
604.0 0.011393892782507464
605.0 0.011028253356926143
606.0 0.010662615386536345
607.0 0.009104296623263508
608.0 0.007545979315182194
609.0 0.005979398702038452
610.0 0.004412819180288352
611.0 0.003740168540389277
612.0 0.0030675182642880827
613.0 0.0035367404052522033
614.0 0.004005962182418443
615.0 0.004968536450178362
616.0 0.005931110717938282
617.0 0.007653077773284167
618.0 0.00937504373723641
619.0 0.010435438889544457
620.0 0.011495833314256743
621.0 0.011866130080306903
622.0 0.012236427573952824
623.0 0.011742989590857178
624.0 0.01124955015257001
625.0 0.009663934906711802
626.0 0.008078318933257833
627.0 0.006549020326929167
628.0 0.005019720265408978
629.0 0.004175184221821837
630.0 0.0033306481782346964
631.0 0.0028925373044330627
632.0 0.0024544262487324886
633.0 0.0026638579583959654
634.0 0.002873290031857323
635.0 0.003048698272323236
636.0 0.0032241063308902085
637.0 0.0038935646443860605
638.0 0.004563022594084032
639.0 0.004750828884425573
640.0 0.0049386348109692335
641.0 0.005234912896412425
642.0 0.005531190981855616
643.0 0.005155979306437075
644.0 0.004780767631018534
645.0 0.004506818004301749
646.0 0.004232868377584964
647.0 0.0033266514947172254
648.0 0.002420435157546308
649.0 0.001962507303687744
650.0 0.00150457954077865
651.0 0.0015036719560157508
652.0 0.001502764553151792
653.0 0.0015765142961754464
654.0 0.0016502639482496306
655.0 0.0016288799088215455
656.0 0.0016074958693934605
657.0 0.001512660674052313
658.0 0.001417825751559576
659.0 0.0016845613572513685
660.0 0.001951297053892631
661.0 0.0017388183550792746
662.0 0.0015263398381648585
663.0 0.002129587664967403
664.0 0.002732835855567828
665.0 0.003352068961248733
666.0 0.003971301703131758
667.0 0.004847304444410838
668.0 0.005723306458094157
669.0 0.006390588532667607
670.0 0.007057868060655892
671.0 0.007513343734899536
672.0 0.00796881940914318
673.0 0.008069721661740914
674.0 0.00817062464193441
675.0 0.0075077863584738225
676.0 0.006844948802608997
677.0 0.005414591214503162
678.0 0.003984232171205804
679.0 0.0025618546715122648
680.0 0.001139477262768196
681.0 0.000649653793516336
682.0 0.0001598303583705274
683.0 0.00042856131585722324
684.0 0.0006972923529247055
685.0 0.0004562622052617371
686.0 0.00021523196664929856
687.0 0.00024365483568544732
688.0 0.0002720777047215961
689.0 0.000269595284407842
690.0 0.00026711286409408785
691.0 0.0003097786475336761
692.0 0.0003524444764479995
693.0 0.000177081369656662
694.0 1.7182665956738674e-06
695.0 0.0002957196329589351
696.0 0.0005897209575778106
697.0 0.0005639969003823353
698.0 0.0005382727977121249
699.0 0.00040760101001069415
700.0 0.0002769290176729555
701.0 0.00014922549098628224
702.0 2.1522001247831213e-05
703.0 0.00011578391649891273
704.0 0.0002100459141729516
705.0 0.0002878297891584225
706.0 0.0003656135504570557
707.0 0.00019138792595185805
708.0 1.71621877598227e-05
709.0 0.00017834120171755785
710.0 0.00033952014746319037
711.0 0.00046140480662870687
712.0 0.0005832894657942234
713.0 0.0003483476348264958
714.0 0.0001134058038587682
715.0 0.0001904573650790553
716.0 0.00026750894903670996
717.0 0.00022248771074373508
718.0 0.00017746649518812774
719.0 0.0003818381173914531
720.0 0.0005862096713826759
721.0 0.0006247068085940555
722.0 0.0006632039003307
723.0 0.0005138628694112413
724.0 0.00036452183849178255
725.0 0.0002484958713466767
726.0 0.00013247009746919503
727.0 0.000152624954807834
728.0 0.00017278003952014842
729.0 0.00023069985672918847
730.0 0.00028861979899375
731.0 0.0004691080448537832
732.0 0.0006495964953501243
733.0 0.00029421048566291574
734.0 1.5750263506614237e-10
735.0 1.5750263506614237e-10
736.0 1.5750263506614237e-10
737.0 9.23704419619753e-05
738.0 0.00037514139421546133
739.0 0.0003878641109622549
740.0 0.00040058648664853536
741.0 0.00036763763091585133
742.0 0.0003346887751831673
743.0 0.00012904143886771635
744.0 1.5750263506614237e-10
745.0 0.0003044948925889912
746.0 0.0006855957963125547
747.0 0.0003562447773219901
748.0 2.689374980491266e-05
749.0 1.5750263506614237e-10
750.0 1.5750263506614237e-10
751.0 0.0001345923010376282
752.0 0.0005424227765615797
753.0 0.0006395866876118816
754.0 0.0007367505077127134
755.0 7.447321763720538e-05
756.0 1.5750263506614237e-10
757.0 1.5750263506614237e-10
758.0 1.5750263506614237e-10
759.0 0.0002987738071169588
760.0 0.0006887268227728782
761.0 0.0004201422143523814
762.0 0.00015155753771978198
763.0 0.0001439230459254759
764.0 0.0001362885200251185
765.0 0.0003520679456414655
766.0 0.000567847246202291
767.0 0.000153043549744325
768.0 1.5750263506614237e-10
769.0 1.5750263506614237e-10
770.0 1.5750263506614237e-10
771.0 6.863365911158326e-05
772.0 0.00021114860828674864
773.0 0.0005113485258334549
774.0 0.0008115483979054261
775.0 0.0004987538886780385
776.0 0.0001859593339759158
777.0 0.0002677626980585046
778.0 0.00034956613035319606
779.0 0.000560511489311466
780.0 0.0007714568710071035
781.0 0.0006806002602388617
782.0 0.0005897436494706199
783.0 0.0005569407221628353
784.0 0.0005241377948550507
785.0 0.000451475943918922
786.0 0.0003788138656091178
787.0 0.0005432402303995332
788.0 0.0007076665042404784
789.0 0.0006430720532080159
790.0 0.0005784776476502884
791.0 0.000556978011445608
792.0 0.0005354783297661925
793.0 0.0005689887075277511
794.0 0.0006024989943398396
795.0 0.0006204778401297517
796.0 0.0006384566404449288
797.0 0.0004853147856920259
798.0 0.00033217299915122567
799.0 0.0005130707450007321
800.0 0.000693968468112871
801.0 0.0005553022219828563
802.0 0.0004166360668023117
803.0 0.0006173082510940731
804.0 0.0008179805263353046
805.0 0.0008563466508348938
806.0 0.0008947125934355427
807.0 0.0007888716936577111
808.0 0.0006830307029304095
809.0 0.0004753520897793351
810.0 0.0002676734311535256
811.0 0.0005646688350680051
812.0 0.0008616641025582794
813.0 0.0009447782758797985
814.0 0.0010278925401507877
815.0 0.0009171780220640358
816.0 0.0008064632311288733
817.0 0.00091726742539322
818.0 0.001028071710607037
819.0 0.0010847214070963673
820.0 0.0011413710126362275
821.0 0.0008823069038044196
822.0 0.0006232427040231414
823.0 0.000665006564304349
824.0 0.0007067706519592321
825.0 0.0006768434104742482
826.0 0.0006469161689892644
827.0 0.0008544559932488482
828.0 0.0010619960448821075
829.0 0.0006637033948209137
830.0 0.0002654107902344549
831.0 0.0002968633452837821
832.0 0.0003283160594946821
833.0 0.000592001379118301
834.0 0.0008556866305298172
835.0 0.000329968838741479
836.0 1.5750263506614237e-10
837.0 6.863557473479887e-05
838.0 0.0003330203753648675
839.0 0.0005075292847322999
840.0 0.0006820381258876296
841.0 0.0008698028068465646
842.0 0.0010575673513812944
843.0 0.0008895528480934445
844.0 0.0007215383448055945
845.0 0.0007153731075959513
846.0 0.0007092078703863081
847.0 0.0009630509339331184
848.0 0.0012168939065304585
849.0 0.0009361204320157412
850.0 0.0006553466846526135
851.0 0.000987592193268938
852.0 0.0013198375199863221
853.0 0.0007494930741813732
854.0 0.00017914886711878353
855.0 4.3056996901214006e-05
856.0 1.5750263506614237e-10
857.0 0.0006028498319210485
858.0 0.0012987344234716147
859.0 0.0010025968549598474
860.0 0.0007064591500238748
861.0 0.0011301820450171363
862.0 0.0015539049854851328
863.0 0.001617077214177698
864.0 0.001680249442870263
865.0 0.0019442662960500456
866.0 0.002208282967330888
867.0 0.002569247044448275
868.0 0.002930210939666722
869.0 0.002843446782208048
870.0 0.0027566824428504333
871.0 0.003303316407254897
872.0 0.0038499507354572415
873.0 0.002986955951200798
874.0 0.0021239615307422355
875.0 0.002339577804377768
