ts8/qe_curve/rtm-015_s11/19700101T000000.ecsv
# %ECSV 0.9
# ---
# datatype:
# - {name: amp_name, datatype: string}
# - {name: wavelength, unit: nm, datatype: float32}
# - {name: efficiency, unit: '%', datatype: float32}
# meta: !!omap
# - {MODE: AMP}
# - {TYPE: QE}
# - {CALIBDATE: '1970-01-01T00:00:00'}
# - {INSTRUME: TS8}
# - {OBSTYPE: qe_curve}
# - {DETECTOR: 121}
# - {PICKLEFILE: RaftRun12002.p}
# - {CALIB_ID: 'raftName=RTM-015 detectorName=S11 detector=121 calibDate=1970-01-01T00:00:00 ccd=121 ccdnum=121 filter=None'}
# - {DATE: '2020-01-23T14:33:54.257275'}
# - {CALIB_CREATION_DATE: '2020-01-23'}
# - {CALIB_CREATION_TIME: '14:33:54'}
# - __serialized_columns__:
#     efficiency:
#       __class__: astropy.units.quantity.Quantity
#       unit: !astropy.units.Unit {unit: '%'}
#       value: !astropy.table.SerializedColumn {name: efficiency}
#     wavelength:
#       __class__: astropy.units.quantity.Quantity
#       unit: !astropy.units.Unit {unit: nm}
#       value: !astropy.table.SerializedColumn {name: wavelength}
# schema: astropy-2.0
amp_name wavelength efficiency
C04 349.982 1227.1768
C04 450.035 1427.3098
C04 500.018 1496.6644
C04 619.997 1615.5558
C04 750.022 1573.7773
C04 869.967 1457.3533
C04 999.976 501.36316
C17 349.982 1317.5525
C17 450.035 1524.2948
C17 500.018 1598.3545
C17 619.997 1724.1841
C17 750.022 1679.845
C17 869.967 1555.7667
C17 999.976 537.98486
C14 349.982 76.02712
C14 450.035 87.31894
C14 500.018 91.41176
C14 619.997 98.615654
C14 750.022 96.1084
C14 869.967 88.97634
C14 999.976 30.56907
C03 349.982 1103.2831
C03 450.035 1284.5981
C03 500.018 1347.4841
C03 619.997 1454.5101
C03 750.022 1416.4542
C03 869.967 1311.2666
C03 999.976 450.59146
C12 349.982 940.0328
C12 450.035 1077.0907
C12 500.018 1126.6229
C12 619.997 1215.6277
C12 750.022 1185.7771
C12 869.967 1098.1313
C12 999.976 377.53107
C16 349.982 1216.0403
C16 450.035 1402.3844
C16 500.018 1469.6456
C16 619.997 1585.2285
C16 750.022 1544.2864
C16 869.967 1429.7775
C16 999.976 494.17188
C15 349.982 1383.5354
C15 450.035 1592.5896
C15 500.018 1668.1262
C15 619.997 1799.5516
C15 750.022 1753.3253
C15 869.967 1623.402
C15 999.976 559.4221
C02 349.982 1710.5464
C02 450.035 1996.9474
C02 500.018 2095.6807
C02 619.997 2262.1719
C02 750.022 2202.686
C02 869.967 2038.7465
C02 999.976 701.6745
C05 349.982 1139.2418
C05 450.035 1323.7733
C05 500.018 1387.7252
C05 619.997 1498.0096
C05 750.022 1459.9039
C05 869.967 1352.4532
C05 999.976 464.9058
C00 349.982 72.32614
C00 450.035 85.19501
C00 500.018 89.503784
C00 619.997 96.64105
C00 750.022 94.124985
C00 869.967 87.13924
C00 999.976 30.071087
C01 349.982 2753.893
C01 450.035 3228.0796
C01 500.018 3389.505
C01 619.997 3659.0413
C01 750.022 3562.9287
C01 869.967 3297.3586
C01 999.976 1132.7131
C11 349.982 1323.6703
C11 450.035 1514.8141
C11 500.018 1583.9598
C11 619.997 1709.2117
C11 750.022 1668.4978
C11 869.967 1545.391
C11 999.976 530.4512
C06 349.982 1369.4523
C06 450.035 1588.4823
C06 500.018 1664.7185
C06 619.997 1797.0878
C06 750.022 1752.4989
C06 869.967 1623.8578
C06 999.976 557.5922
C13 349.982 76.234535
C13 450.035 87.429245
C13 500.018 91.48144
C13 619.997 98.70101
C13 750.022 96.2264
C13 869.967 89.10099
C13 999.976 30.63282
C10 349.982 76.428986
C10 450.035 87.47071
C10 500.018 91.444786
C10 619.997 98.68294
C10 750.022 96.403465
C10 869.967 89.30816
C10 999.976 30.634829
C07 349.982 75.30859
C07 450.035 87.40364
C07 500.018 91.59026
C07 619.997 98.88131
C07 750.022 96.49312
C07 869.967 89.442474
C07 999.976 30.713684
