lsstCam/transmission_filter_detector/r23_s21/z_20/19700101T000000.ecsv
# %ECSV 1.0
# ---
# datatype:
# - {name: wavelength, unit: nm, datatype: float32}
# - {name: efficiency, unit: '%', datatype: float64}
# meta: !!omap
# - {MODE: DETECTOR}
# - {TYPE: transmission_filter_detector}
# - {CALIBDATE: '1970-01-01T00:00:00'}
# - {INSTRUME: LSSTCam}
# - {OBSTYPE: transmission_filter_detector}
# - {CALIBCLS: lsst.ip.isr.IntermediateFilterDetectorTransmissionCurve}
# - {SOURCE: Materion (DM-46256)}
# - {DETECTOR: 106}
# - {FILTER: z_20}
# - {CALIB_ID: 'calibDate=1970-01-01T00:00:00 filter=z_20 detector=106'}
# - {DATE: '2025-04-02T15:59:49.130224'}
# - {CALIB_CREATION_DATE: '2025-04-02'}
# - {CALIB_CREATION_TIME: '15:59:49'}
# - __serialized_columns__:
#     efficiency:
#       __class__: astropy.units.quantity.Quantity
#       unit: !astropy.units.Unit {unit: '%'}
#       value: !astropy.table.SerializedColumn {name: efficiency}
#     wavelength:
#       __class__: astropy.units.quantity.Quantity
#       unit: !astropy.units.Unit {unit: nm}
#       value: !astropy.table.SerializedColumn {name: wavelength}
# schema: astropy-2.0
wavelength efficiency
300.0 0.42252540588378906
301.0 0.35201674327254295
302.0 0.2815081039443612
303.0 0.24841709528118372
304.0 0.21532606333494186
305.0 0.1877760048955679
306.0 0.16022593481466174
307.0 0.14619145076721907
308.0 0.1321569667197764
309.0 0.13364708283916116
310.0 0.13513719895854592
311.0 0.12381161795929074
312.0 0.11248603696003556
313.0 0.1083250273950398
314.0 0.10416400618851185
315.0 0.09093406260944903
316.0 0.07770411903038621
317.0 0.0720617244951427
318.0 0.06641932995989919
319.0 0.06864868337288499
320.0 0.07087803678587079
321.0 0.06495449342764914
322.0 0.0590309442486614
323.0 0.05665385979227722
324.0 0.054276769515126944
325.0 0.04681890131905675
326.0 0.0393610360333696
327.0 0.03931197279598564
328.0 0.03926290664821863
329.0 0.03669568686746061
330.0 0.03412847290746868
331.0 0.03218650817871094
332.0 0.030244546360336244
333.0 0.029326791991479695
334.0 0.028409037622623146
335.0 0.02716454619076103
336.0 0.025920054758898914
337.0 0.02389348519500345
338.0 0.02186691272072494
339.0 0.020146294264122844
340.0 0.018425675807520747
341.0 0.018033479864243418
342.0 0.017641282465774566
343.0 0.01644474104978144
344.0 0.015248198178596795
345.0 0.014255299174692482
346.0 0.0132623958052136
347.0 0.013425966608338058
348.0 0.013589537411462516
349.0 0.014001716044731438
350.0 0.01441389467800036
351.0 0.01326880301348865
352.0 0.012123708438593894
353.0 0.013715277600567788
354.0 0.015306848217733204
355.0 0.012889050412923098
356.0 0.01047125260811299
357.0 0.010497644689166918
358.0 0.010524038225412369
359.0 0.01022282667690888
360.0 0.009921615856001154
361.0 0.009269575093640015
362.0 0.008617537241661921
363.0 0.008493441418977454
364.0 0.008369344141101465
365.0 0.008165814506355673
366.0 0.007962284871609882
367.0 0.008115763193927705
368.0 0.00826924224384129
369.0 0.008523402357241139
370.0 0.008777561015449464
371.0 0.008207643986679614
372.0 0.007637724775122479
373.0 0.006886367918923497
374.0 0.006135010335128754
375.0 0.006175615271786228
376.0 0.006216220936039463
377.0 0.006511180981760845
378.0 0.0068061410274822265
379.0 0.006167799438117072
380.0 0.005529456757358275
381.0 0.005042025077273138
382.0 0.004554593397188
383.0 0.004831945261685178
384.0 0.005109297126182355
385.0 0.004749757863464765
386.0 0.004390218964545056
387.0 0.004795064887730405
388.0 0.005199911174713634
389.0 0.004978486322215758
390.0 0.004757061833515763
391.0 0.004173717024968937
392.0 0.003590372216422111
393.0 0.004198996248305775
394.0 0.00480762064398732
395.0 0.0043374744564061984
396.0 0.003867327905027196
397.0 0.003939137604902498
398.0 0.00401094657718204
399.0 0.004186428850516677
400.0 0.004361911851447076
401.0 0.004516075205174275
402.0 0.004670239286497235
403.0 0.004752965469378978
404.0 0.0048356920160586014
405.0 0.0040685044950805604
406.0 0.0033013169741025195
407.0 0.003070692764595151
408.0 0.0028400691007846035
409.0 0.002713424510147888
410.0 0.002586779919511173
411.0 0.0032514795748284087
412.0 0.003916179048246704
413.0 0.003518893208820373
414.0 0.003121607005596161
415.0 0.0034336335374973714
416.0 0.0037456597056007013
417.0 0.0036963188904337585
418.0 0.0036469784390646964
419.0 0.003599588671931997
420.0 0.0035521985410014167
421.0 0.0038584083085879683
422.0 0.004164617712376639
423.0 0.00402191944885999
424.0 0.0038792208215454593
425.0 0.002960460369649809
426.0 0.0020416995539562777
427.0 0.002278569263580721
428.0 0.0025154391551041044
429.0 0.002320634484931361
430.0 0.0021258303604554385
431.0 0.0015532601537415758
432.0 0.0009806896741793025
433.0 0.0016068526747403666
434.0 0.002233015766250901
435.0 0.0022889591491548344
436.0 0.002344902532058768
437.0 0.002196549939981196
438.0 0.002048197347903624
439.0 0.002304170629940927
440.0 0.00256014391197823
441.0 0.0022980257199378684
442.0 0.002035907527897507
443.0 0.0024283996026497334
444.0 0.0028208918593009003
445.0 0.0029312541300896555
446.0 0.0030416167646762915
447.0 0.002651848080859054
448.0 0.0022620793970418163
449.0 0.002081437924061902
450.0 0.0019007962691830471
451.0 0.0020043486074428074
452.0 0.0021079007638036273
453.0 0.0017847967683337629
454.0 0.0014616926819144282
455.0 0.0017594447854207829
456.0 0.0020571969798766077
457.0 0.0018038932466879487
458.0 0.0015505895134992898
459.0 0.0017857459170045331
460.0 0.002020902138610836
461.0 0.0015492161764996126
462.0 0.0010775303962873295
463.0 0.0013240490261523519
464.0 0.0015705678379163146
465.0 0.0016451393094030209
466.0 0.0017197111446876079
467.0 0.0016885589502635412
468.0 0.0016574067558394745
469.0 0.0013332294656720478
470.0 0.0010090522664540913
471.0 0.0010476368515810464
472.0 0.0010862215276574716
473.0 0.001132004035753198
474.0 0.0011777865438489243
475.0 0.001173360760731157
476.0 0.0011689349776133895
477.0 0.0012488854736147914
478.0 0.0013288359696161933
479.0 0.0015945905033731833
480.0 0.001860344855231233
481.0 0.0014536944036080968
482.0 0.001047044133883901
483.0 0.0009433393643121235
484.0 0.0008396345037908759
485.0 0.0010708681656979024
486.0 0.001302101827604929
487.0 0.0014995309356891084
488.0 0.001696960134722758
489.0 0.001947795317391865
490.0 0.002198630681959912
491.0 0.001971302117453888
492.0 0.0017439737348468043
493.0 0.0018551714674686082
494.0 0.001966369745787233
495.0 0.00169271352206124
496.0 0.0014190572983352467
497.0 0.001448793955205474
498.0 0.001478530430176761
499.0 0.0013510911230696365
500.0 0.0012236516340635717
501.0 0.0010283588380843867
502.0 0.000833066224004142
503.0 0.0012637933650694322
504.0 0.0016945206880336627
505.0 0.0019513599909259938
506.0 0.002208199475717265
507.0 0.001727695416775532
508.0 0.0012471914487832692
509.0 0.0013936207324150018
510.0 0.0015400501069962047
511.0 0.001514567975391401
512.0 0.0014890855709381867
513.0 0.0013557464626501314
514.0 0.0012224076272104867
515.0 0.0010513900633668527
516.0 0.0008803725904726889
517.0 0.0011671898391796276
518.0 0.0014540070878865663
519.0 0.0013634320566779934
520.0 0.0012728568435704801
521.0 0.0014653813195764087
522.0 0.0016579057046328671
523.0 0.0013406057405518368
524.0 0.001023305503622396
525.0 0.0009751477591635194
526.0 0.0009269899237551726
527.0 0.0010494171874597669
528.0 0.0011718445421138313
529.0 0.0013014500837016385
530.0 0.0014310554433905054
531.0 0.0014836113223282155
532.0 0.0015361672922153957
533.0 0.0011319292752887122
534.0 0.0007276913493114989
535.0 0.0009732748367241584
536.0 0.001218858415086288
537.0 0.0014551118511008099
538.0 0.001691365469014272
539.0 0.0014912764527252875
540.0 0.0012911870726384223
541.0 0.0011581473700061906
542.0 0.0010251075764244888
543.0 0.0011038671800633892
544.0 0.0011826267837022897
545.0 0.0011433673535066191
546.0 0.0011041078323614784
547.0 0.0014783158803766128
548.0 0.0018525237464928068
549.0 0.0016177724319277331
550.0 0.0013830207535647787
551.0 0.001649443402129691
552.0 0.0019158658687956631
553.0 0.002073861105600372
554.0 0.0022318561605061404
555.0 0.0015904488464002497
556.0 0.0009490413503954187
557.0 0.001178310594696086
558.0 0.0014075799299462233
559.0 0.0012600322406797204
560.0 0.0011124845514132176
561.0 0.001121620152844116
562.0 0.0011307556633255444
563.0 0.0011657479262794368
564.0 0.0012007400073343888
565.0 0.0016841200704220682
566.0 0.002167500315408688
567.0 0.002390130794083234
568.0 0.002612760908959899
569.0 0.002609547482279595
570.0 0.0026063342374982312
571.0 0.002357808807573747
572.0 0.002109283013851382
573.0 0.0018068412828142755
574.0 0.0015043997336761095
575.0 0.0018310600353288464
576.0 0.0021577203369815834
577.0 0.002191777457483113
578.0 0.0022258347598835826
579.0 0.0021259893401293084
580.0 0.002026143738476094
581.0 0.0019062434148509055
582.0 0.0017863427274278365
583.0 0.002097828473779373
584.0 0.0024093142201309092
585.0 0.0025349558200105093
586.0 0.00266059760178905
587.0 0.002074806616292335
588.0 0.0014890157217450906
589.0 0.001702249028312508
590.0 0.001915482607728336
591.0 0.0017150001440313645
592.0 0.001514517680334393
593.0 0.0011718137102434412
594.0 0.0008291096492030192
595.0 0.0010337322237319313
596.0 0.0012383547982608434
597.0 0.0009618021977075841
598.0 0.000685249688103795
599.0 0.0008686058208695613
600.0 0.0010519618626858573
601.0 0.0010385569112258963
602.0 0.0010251518688164651
603.0 0.0013686883903574198
604.0 0.0017122247299994342
605.0 0.0013753293387708254
606.0 0.0010384340384916868
607.0 0.0010896246749325655
608.0 0.0011408154932723846
609.0 0.0011877278666361235
610.0 0.0012346402399998624
611.0 0.001106994295696495
612.0 0.0009793483513931278
613.0 0.0008693724339536857
614.0 0.0007593963800900383
615.0 0.001020419949782081
616.0 0.0012814434739993885
617.0 0.0014325078154797666
618.0 0.001583572338859085
619.0 0.001657193570281379
620.0 0.0017308146198047325
621.0 0.0018788003217196092
622.0 0.002026785659836605
623.0 0.0016755326214479282
624.0 0.0013242796740087215
625.0 0.001414138841937529
626.0 0.0015039980098663364
627.0 0.0015977429939084686
628.0 0.0016914882507990114
629.0 0.0017639438738115132
630.0 0.0018363996787229553
631.0 0.0021797322915517725
632.0 0.002523064540582709
633.0 0.0027905640308745205
634.0 0.0030580631573684514
635.0 0.005815716576762497
636.0 0.008573369996156543
637.0 0.015298223297577351
638.0 0.02202307659899816
639.0 0.020143961592111737
640.0 0.01826484949560836
641.0 0.015470008656848222
642.0 0.012675169273279607
643.0 0.009550189133733511
644.0 0.006425208266591653
645.0 0.006460920121753588
646.0 0.006496632704511285
647.0 0.0063146195316221565
648.0 0.00613260708632879
649.0 0.004726197221316397
650.0 0.003319787356304005
651.0 0.0035355307772988454
652.0 0.0037512745620915666
653.0 0.0030517381674144417
654.0 0.002352201408939436
655.0 0.002354326716158539
656.0 0.0023564518414787017
657.0 0.002560696884756908
658.0 0.002764941382338293
659.0 0.002225909884145949
660.0 0.0016868782040546648
661.0 0.0019222579794586636
662.0 0.002157637572963722
663.0 0.0019786637494689785
664.0 0.0017996902897721156
665.0 0.0018182594430982135
666.0 0.0018368285964243114
667.0 0.002116991345246788
668.0 0.0023971539121703245
669.0 0.0018726521375356242
670.0 0.001348150362900924
671.0 0.0013504428352462128
672.0 0.0013527352166420314
673.0 0.0013997345376992598
674.0 0.0014467336768575478
675.0 0.001487283043388743
676.0 0.001527832318970468
677.0 0.0017003718312480487
678.0 0.0018729115254245698
679.0 0.0015358145901700482
680.0 0.0011987178368144669
681.0 0.0014997705875430256
682.0 0.001800823156372644
683.0 0.002348676025576424
684.0 0.0028965287128812633
685.0 0.002667884837137535
686.0 0.0024392411432927474
687.0 0.0018052311133942567
688.0 0.001171221174445236
689.0 0.0017229545846930705
690.0 0.0022746879039914347
691.0 0.0022887570594321005
692.0 0.0023028262148727663
693.0 0.0025533374355291016
694.0 0.0028038488380843773
695.0 0.0030800587410340086
696.0 0.0033562686439836398
697.0 0.0037132551369722933
698.0 0.004070241629960947
699.0 0.005523500658455305
700.0 0.006976760778343305
701.0 0.007188974996097386
702.0 0.007401189213851467
703.0 0.00637810881016776
704.0 0.0053550284064840525
705.0 0.0046494202251778916
706.0 0.0039438109524780884
707.0 0.0035889839637093246
708.0 0.0032341562473447993
709.0 0.00393978989450261
710.0 0.004645423905458301
711.0 0.004228607940603979
712.0 0.0038117923395475373
713.0 0.0029549491955549456
714.0 0.002098106051562354
715.0 0.002251542537123896
716.0 0.0024049790226854384
717.0 0.002092717113555409
718.0 0.0017804550225264393
719.0 0.0016693666111677885
720.0 0.0015582781998091377
721.0 0.001320222145295702
722.0 0.0010821657269843854
723.0 0.0013440239854389802
724.0 0.0016058820619946346
725.0 0.0014988855582487304
726.0 0.0013918893273512367
727.0 0.001166711990663316
728.0 0.0009415346539753955
729.0 0.0011409416401875205
730.0 0.0013403485354501754
731.0 0.0012236431757628452
732.0 0.001106937816075515
733.0 0.0014816152543062344
734.0 0.0018562926925369538
735.0 0.0016242849596892484
736.0 0.0013922772268415429
737.0 0.0013205385585024487
738.0 0.0012487997992138844
739.0 0.0014010153790877666
740.0 0.0015532306861132383
741.0 0.0016114046957227401
742.0 0.0016695788872311823
743.0 0.0019083861843682826
744.0 0.0021471932996064425
745.0 0.001933479870785959
746.0 0.0017197664419654757
747.0 0.0018453805751050822
748.0 0.0019709945263457485
749.0 0.002557457992224954
750.0 0.0031439216400031
751.0 0.0028097307222196832
752.0 0.0024755399863352068
753.0 0.002692870839382522
754.0 0.002910201874328777
755.0 0.002224467243649997
756.0 0.0015387326129712164
757.0 0.0020613173546735197
758.0 0.0025839022782747634
759.0 0.0028947215469088405
760.0 0.0032055406336439773
761.0 0.004697286203736439
762.0 0.006189032137626782
763.0 0.005960487396805547
764.0 0.005731943019782193
765.0 0.0052654690080089495
766.0 0.004798995360033587
767.0 0.004436482777236961
768.0 0.004073969830642454
769.0 0.0044649135816143826
770.0 0.004855856604990549
771.0 0.004843219721806236
772.0 0.0048305832024198025
773.0 0.0044161748519400135
774.0 0.004001766501460224
775.0 0.022331227955874056
776.0 0.06388627807609737
777.0 1.5741586636627836e-10
778.0 1.5741586636627836e-10
779.0 0.04558336513582617
780.0 0.07278353441506624
781.0 0.06292146863415837
782.0 0.021075924450997263
783.0 0.08825041586533189
784.0 1.5741586636627836e-10
785.0 0.04899933701381087
786.0 0.08252871339209378
787.0 0.07415613508783281
788.0 0.0039078870031517
789.0 0.028617423959076405
790.0 0.05558350821956992
791.0 1.5741586636627836e-10
792.0 0.0706781109329313
793.0 0.09100199094973505
794.0 1.5741586636627836e-10
795.0 1.5741586636627836e-10
796.0 1.5741586636627836e-10
797.0 0.15685049584135413
798.0 0.03942774492315948
799.0 0.11549070477485657
800.0 0.14789829729124904
801.0 0.34826197661459446
802.0 0.4090412054210901
803.0 0.7141943089663982
804.0 1.3076351024210453
805.0 1.7877871170639992
806.0 2.9792720451951027
807.0 4.52028326690197
808.0 6.376253813505173
809.0 8.751202374696732
810.0 11.52268871665001
811.0 14.674811065196991
812.0 17.878681421279907
813.0 20.984244346618652
814.0 23.551176488399506
815.0 26.925933361053467
816.0 31.12395405769348
817.0 36.43752336502075
818.0 41.833627223968506
819.0 47.25613296031952
820.0 54.65003848075867
821.0 62.029510736465454
822.0 68.68135929107666
823.0 74.82959628105164
824.0 80.89761137962341
825.0 86.01304888725281
826.0 90.27645587921143
827.0 93.50250363349915
828.0 96.63559794425964
829.0 98.07504415512085
830.0 98.75927567481995
831.0 99.40884709358215
832.0 98.69818091392517
833.0 99.8966634273529
834.0 98.87584447860718
835.0 99.52223896980286
836.0 99.52211380004883
837.0 99.47056770324707
838.0 98.43851327896118
839.0 98.63337874412537
840.0 99.3345856666565
841.0 99.90788698196411
842.0 99.5113730430603
843.0 100.19209384918213
844.0 98.4382152557373
845.0 98.81917238235474
846.0 99.08250570297241
847.0 98.86977076530457
848.0 100.35111904144287
849.0 98.84604811668396
850.0 98.35522174835205
851.0 99.02393221855164
852.0 99.30514097213745
853.0 98.87592792510986
854.0 99.99974370002747
855.0 98.64181876182556
856.0 98.939448595047
857.0 98.20263981819153
858.0 98.9376962184906
859.0 99.4499921798706
860.0 98.74017834663391
861.0 98.95861744880676
862.0 98.92401099205017
863.0 98.51804971694946
864.0 99.57966208457947
865.0 99.73260760307312
866.0 98.71395826339722
867.0 99.31241273880005
868.0 99.54996705055237
869.0 98.91583323478699
870.0 98.3287513256073
871.0 98.72555732727051
872.0 99.22369122505188
873.0 99.26906824111938
874.0 99.91170167922974
875.0 99.19049739837646
876.0 99.19177889823914
877.0 99.38178658485413
878.0 99.32504892349243
879.0 99.00624752044678
880.0 98.76080751419067
881.0 100.2110481262207
882.0 99.10613894462585
883.0 99.17407035827637
884.0 99.06647801399231
885.0 99.35588240623474
886.0 98.69391322135925
887.0 98.93805384635925
888.0 99.19841289520264
889.0 99.63378310203552
890.0 98.56150150299072
891.0 99.70684051513672
892.0 99.15997982025146
893.0 98.72601628303528
894.0 98.6092746257782
895.0 99.74311590194702
