lsstCam/transmission_filter_detector/r23_s21/z_20/19700101T000000.ecsv
# %ECSV 1.0
# ---
# datatype:
# - {name: wavelength, unit: nm, datatype: float32}
# - {name: efficiency, unit: '%', datatype: float64}
# meta: !!omap
# - {MODE: DETECTOR}
# - {TYPE: transmission_filter_detector}
# - {CALIBDATE: '1970-01-01T00:00:00'}
# - {INSTRUME: LSSTCam}
# - {OBSTYPE: transmission_filter_detector}
# - {CALIBCLS: lsst.ip.isr.IntermediateFilterDetectorTransmissionCurve}
# - {SOURCE: Materion (DM-46256)}
# - {DETECTOR: 106}
# - {FILTER: z_20}
# - {CALIB_ID: 'calibDate=1970-01-01T00:00:00 filter=z_20 detector=106'}
# - {DATE: '2025-04-02T15:59:49.130224'}
# - {CALIB_CREATION_DATE: '2025-04-02'}
# - {CALIB_CREATION_TIME: '15:59:49'}
# - __serialized_columns__:
#     efficiency:
#       __class__: astropy.units.quantity.Quantity
#       unit: !astropy.units.Unit {unit: '%'}
#       value: !astropy.table.SerializedColumn {name: efficiency}
#     wavelength:
#       __class__: astropy.units.quantity.Quantity
#       unit: !astropy.units.Unit {unit: nm}
#       value: !astropy.table.SerializedColumn {name: wavelength}
# schema: astropy-2.0
wavelength efficiency
[from data line 597]
897.0 99.30585026741028
898.0 99.085134267807
899.0 98.87284636497498
900.0 98.95375967025757
901.0 99.68344569206238
902.0 99.04748201370239
903.0 98.80076050758362
904.0 97.92173504829407
905.0 98.7519383430481
906.0 98.24153780937195
907.0 98.93841743469238
908.0 98.41483235359192
909.0 98.29391241073608
910.0 97.92900681495667
911.0 96.9793438911438
912.0 96.11011743545532
913.0 95.05464434623718
914.0 92.75019764900208
915.0 90.56918621063232
916.0 88.38325142860413
917.0 86.94056272506714
918.0 83.38871002197266
919.0 82.29675889015198
920.0 79.40784692764282
921.0 75.93992352485657
922.0 71.5413749217987
923.0 65.87828397750854
924.0 60.52549481391907
925.0 55.04836440086365
926.0 49.025654792785645
927.0 41.79778695106506
928.0 36.18352711200714
929.0 29.908975958824158
930.0 24.163928627967834
931.0 18.950457870960236
932.0 13.626886904239655
933.0 9.16958749294281
934.0 6.006775051355362
935.0 3.697318211197853
936.0 2.159465290606022
937.0 1.4039595611393452
938.0 0.8310132659971714
939.0 0.4677581135183573
940.0 0.392083078622818
941.0 0.16507126856595278
942.0 0.05088497418910265
943.0 0.06330976029857993
944.0 1.5741586636627836e-10
945.0 0.04074726311955601
946.0 0.055250502191483974
947.0 1.5741586636627836e-10
948.0 0.040623240056447685
949.0 0.008637757855467498
950.0 1.5741586636627836e-10
951.0 0.08976203389465809
952.0 0.056735490215942264
953.0 0.10720447171479464
954.0 0.024019897682592273
955.0 0.01585941790835932
956.0 1.5741586636627836e-10
957.0 1.5741586636627836e-10
958.0 0.023515502107329667
959.0 0.012809564941562712
960.0 0.0035834091249853373
961.0 0.07019992335699499
962.0 0.019044663349632174
963.0 1.5741586636627836e-10
964.0 1.5741586636627836e-10
965.0 1.5741586636627836e-10
966.0 0.005271110421745107
967.0 0.01584277779329568
968.0 1.5741586636627836e-10
969.0 0.017830653814598918
970.0 0.01679827691987157
971.0 1.5741586636627836e-10
972.0 1.5741586636627836e-10
973.0 1.5741586636627836e-10
974.0 0.018889816419687122
975.0 1.5741586636627836e-10
976.0 0.006550444959430024
977.0 0.006567326636286452
978.0 0.006584208313142881
979.0 0.006359342660289258
980.0 0.006134477007435635
981.0 0.005952454375801608
982.0 0.0057704313803697005
983.0 0.005711220728699118
984.0 0.005652010077028535
985.0 0.005495510049513541
986.0 0.005339009658200666
987.0 0.005259477256913669
988.0 0.0051799448556266725
989.0 0.005076073648524471
990.0 0.00497220316901803
991.0 0.004989509398001246
992.0 0.005006815263186581
993.0 0.004852559504797682
994.0 0.004698303382610902
995.0 0.004703214654000476
996.0 0.004708125561592169
997.0 0.0045972439693287015
998.0 0.004486362013267353
999.0 0.004437360257725231
1000.0 0.004388357774587348
1001.0 0.004384775093058124
1002.0 0.0043811924115289
1003.0 0.004406824882607907
1004.0 0.004432457353686914
1005.0 0.00446989834017586
1006.0 0.004507338962866925
1007.0 0.004519428694038652
1008.0 0.004531518425210379
1009.0 0.004463173536350951
1010.0 0.004394828647491522
1011.0 0.004448659819900058
1012.0 0.004502491356106475
1013.0 0.004493447340792045
1014.0 0.004484403325477615
1015.0 0.004537436689133756
1016.0 0.004590469688992016
1017.0 0.004544393232208677
1018.0 0.004498317139223218
1019.0 0.0044928863644599915
1020.0 0.004487455589696765
1021.0 0.004594007623381913
1022.0 0.00470055929326918
1023.0 0.004675667150877416
1024.0 0.004650775372283533
1025.0 0.004702856676885858
1026.0 0.0047549387090839446
1027.0 0.0047946210543159395
1028.0 0.004834303763345815
1029.0 0.004727025225292891
1030.0 0.004619746323442087
1031.0 0.004776613059220836
1032.0 0.0049334797949995846
1033.0 0.005005367347621359
1034.0 0.005077254900243133
1035.0 0.00515958818141371
1036.0 0.005241921462584287
1037.0 0.0053806106734555215
1038.0 0.005519299520528875
1039.0 0.0056494329328415915
1040.0 0.005779565981356427
1041.0 0.005797722769784741
1042.0 0.005815879922010936
1043.0 0.005783991946373135
1044.0 0.005752103606937453
1045.0 0.006041643064236268
1046.0 0.006331181793939322
1047.0 0.0063310588302556425
1048.0 0.00633093441138044
1049.0 0.0063872255850583315
1050.0 0.0064435160311404616
1051.0 0.006647404370596632
1052.0 0.00685129125486128
1053.0 0.007105711119947955
1054.0 0.0073601324402261525
1055.0 0.007563638064311817
1056.0 0.007767145143589005
1057.0 0.007821500912541524
1058.0 0.007875857409089804
1059.0 0.008051258919294924
1060.0 0.00822665897430852
1061.0 0.008596557745477185
1062.0 0.008966457971837372
1063.0 0.009301488898927346
1064.0 0.009636521281208843
1065.0 0.00982583878794685
1066.0 0.010015157022280619
1067.0 0.009918122668750584
1068.0 0.00982108831522055
1069.0 0.010398414451628923
1070.0 0.010975740588037297
1071.0 0.010964688408421353
1072.0 0.010953636228805408
1073.0 0.011282940249657258
1074.0 0.011612244270509109
1075.0 0.011625719344010577
1076.0 0.011639193689916283
1077.0 0.012229244748596102
1078.0 0.012819294352084398
1079.0 0.013402383774518967
1080.0 0.013985474652145058
1081.0 0.014299375470727682
1082.0 0.014613276289310306
1083.0 0.014720279432367533
1084.0 0.014827285485807806
1085.0 0.01500839862274006
1086.0 0.015189510304480791
1087.0 0.01604532590135932
1088.0 0.01690114149823785
1089.0 0.017261547327507287
1090.0 0.017621953156776726
1091.0 0.017186936747748405
1092.0 0.016751920338720083
1093.0 0.01800846221158281
1094.0 0.01926500553963706
1095.0 0.019719716510735452
1096.0 0.020174426026642323
1097.0 0.020586943719536066
1098.0 0.02099946141242981
1099.0 0.021967651264276356
1100.0 0.022935838205739856
1101.0 0.023360685736406595
1102.0 0.02378553181188181
1103.0 0.025060249026864767
1104.0 0.026334967697039247
1105.0 0.02617917489260435
1106.0 0.02602337917778641
1107.0 0.02664190251380205
1108.0 0.027260425849817693
1109.0 0.028166233096271753
1110.0 0.029072037432342768
1111.0 0.02932645147666335
1112.0 0.02958086843136698
1113.0 0.030722597148269415
1114.0 0.03186432004440576
1115.0 0.032767452648840845
1116.0 0.03367058525327593
1117.0 0.035497904173098505
1118.0 0.037325226003304124
1119.0 0.03912670654244721
1120.0 0.04092818417120725
1121.0 0.04217366222292185
1122.0 0.043419134453870356
1123.0 0.04405662475619465
1124.0 0.0446941121481359
1125.0 0.04524659889284521
1126.0 0.045799085637554526
1127.0 0.04940438084304333
1128.0 0.05300967022776604
1129.0 0.05464003188535571
1130.0 0.056270387722179294
1131.0 0.059964292449876666
1132.0 0.06365819717757404
1133.0 0.06417061085812747
1134.0 0.064683030359447
1135.0 0.06651412113569677
1136.0 0.06834521191194654
1137.0 0.0746471167076379
1138.0 0.08094903896562755
1139.0 0.08327393443323672
1140.0 0.0855988240800798
1141.0 0.09849756024777889
1142.0 0.11139628477394581
1143.0 0.14066557632759213
1144.0 0.16993485623970628
1145.0 0.33214129507541656
1146.0 0.49434774555265903
1147.0 1.0027267970144749
1148.0 1.511105988174677
1149.0 1.6397451981902122
1150.0 1.7683852463960648
