lsstCam/transmission_filter_detector/r34_s21/z_20/19700101T000000.ecsv
# %ECSV 1.0
# ---
# datatype:
# - {name: wavelength, unit: nm, datatype: float32}
# - {name: efficiency, unit: '%', datatype: float64}
# meta: !!omap
# - {MODE: DETECTOR}
# - {TYPE: transmission_filter_detector}
# - {CALIBDATE: '1970-01-01T00:00:00'}
# - {INSTRUME: LSSTCam}
# - {OBSTYPE: transmission_filter_detector}
# - {CALIBCLS: lsst.ip.isr.IntermediateFilterDetectorTransmissionCurve}
# - {SOURCE: Materion (DM-46256)}
# - {DETECTOR: 160}
# - {FILTER: z_20}
# - {CALIB_ID: 'calibDate=1970-01-01T00:00:00 filter=z_20 detector=160'}
# - {DATE: '2025-04-02T15:59:49.383723'}
# - {CALIB_CREATION_DATE: '2025-04-02'}
# - {CALIB_CREATION_TIME: '15:59:49'}
# - __serialized_columns__:
#     efficiency:
#       __class__: astropy.units.quantity.Quantity
#       unit: !astropy.units.Unit {unit: '%'}
#       value: !astropy.table.SerializedColumn {name: efficiency}
#     wavelength:
#       __class__: astropy.units.quantity.Quantity
#       unit: !astropy.units.Unit {unit: nm}
#       value: !astropy.table.SerializedColumn {name: wavelength}
# schema: astropy-2.0
wavelength efficiency
[from data line 597]
897.0 99.0474283695221
898.0 98.65311980247498
899.0 98.8512933254242
900.0 98.7431287765503
901.0 99.38381314277649
902.0 98.96596074104309
903.0 98.51993322372437
904.0 97.61109948158264
905.0 98.49993586540222
906.0 97.68621325492859
907.0 98.31432104110718
908.0 97.96062111854553
909.0 97.92112708091736
910.0 97.76977300643921
911.0 96.81792259216309
912.0 95.9500253200531
913.0 94.50268149375916
914.0 91.79176092147827
915.0 89.2320990562439
916.0 87.16320395469666
917.0 85.81598997116089
918.0 82.0890486240387
919.0 81.163090467453
920.0 77.52192616462708
921.0 73.19551706314087
922.0 68.54551434516907
923.0 62.14892268180847
924.0 56.60204291343689
925.0 51.043277978897095
926.0 44.51773464679718
927.0 37.19132840633392
928.0 31.05907142162323
929.0 24.87286478281021
930.0 19.559581577777863
931.0 14.495325088500977
932.0 9.549900889396667
933.0 5.8855511248111725
934.0 3.753124922513962
935.0 2.1112406626343727
936.0 1.3415518216788769
937.0 0.7583197206258774
938.0 0.5086048040539026
939.0 0.22819952573627234
940.0 0.12393550714477897
941.0 0.016019944450818002
942.0 0.062122923554852605
943.0 0.029060262022539973
944.0 1.7088758793443182e-10
945.0 0.07020916673354805
946.0 0.048416745266877115
947.0 1.7088758793443182e-10
948.0 1.7088758793443182e-10
949.0 1.7088758793443182e-10
950.0 0.013106025289744139
951.0 1.7088758793443182e-10
952.0 0.04084601241629571
953.0 1.7088758793443182e-10
954.0 0.038314625271596014
955.0 1.7088758793443182e-10
956.0 1.7088758793443182e-10
957.0 0.0183046780875884
958.0 0.014107677270658314
959.0 0.05231123068369925
960.0 0.12835150118917227
961.0 1.7088758793443182e-10
962.0 1.7088758793443182e-10
963.0 1.7088758793443182e-10
964.0 0.025516661116853356
965.0 1.7088758793443182e-10
966.0 1.7088758793443182e-10
967.0 1.7088758793443182e-10
968.0 1.7088758793443182e-10
969.0 1.7088758793443182e-10
970.0 0.007999427907634526
971.0 1.7088758793443182e-10
972.0 1.7088758793443182e-10
973.0 1.7088758793443182e-10
974.0 1.7088758793443182e-10
975.0 1.7088758793443182e-10
976.0 0.006141667108749971
977.0 0.005966876051388681
978.0 0.005792086085421033
979.0 0.005668613448506221
980.0 0.005545140811591409
981.0 0.005466102447826415
982.0 0.005387063720263541
983.0 0.005208915536059067
984.0 0.0050307673518545926
985.0 0.005028081432101317
986.0 0.005025395512348041
987.0 0.004973101385985501
988.0 0.004920807259622961
989.0 0.0048449310270370916
990.0 0.004769054430653341
991.0 0.004511495353654027
992.0 0.004253935912856832
993.0 0.0044391763367457315
994.0 0.00462441639683675
995.0 0.004503481250139885
996.0 0.0043825464672409
997.0 0.004331679156166501
998.0 0.004280811481294222
999.0 0.004327824717620388
1000.0 0.004374837953946553
1001.0 0.004216438901494257
1002.0 0.004058039849041961
1003.0 0.004082209488842636
1004.0 0.004106379492441192
1005.0 0.004044945671921596
1006.0 0.003983511851402
1007.0 0.003946475771954283
1008.0 0.003909439328708686
1009.0 0.0039851882320363075
1010.0 0.004060937135363929
1011.0 0.003940882015740499
1012.0 0.003820826896117069
1013.0 0.00396282812289428
1014.0 0.00410482898587361
1015.0 0.00399269447370898
1016.0 0.00388055996154435
1017.0 0.004018598338006996
1018.0 0.004156637078267522
1019.0 0.004114816692890599
1020.0 0.004072996307513677
1021.0 0.004029122646898031
1022.0 0.003985248986282386
1023.0 0.004138664371566847
1024.0 0.004292079393053427
1025.0 0.004243067814968526
1026.0 0.004194055873085745
1027.0 0.004320873267715797
1028.0 0.004447690662345849
1029.0 0.004479796552914195
1030.0 0.004511902807280421
1031.0 0.004447221726877615
1032.0 0.00438254137407057
1033.0 0.00452618878625799
1034.0 0.0046698361984454095
1035.0 0.004789061131305061
1036.0 0.004908286064164713
1037.0 0.004977485514245927
1038.0 0.005046684964327142
1039.0 0.004970164809492417
1040.0 0.004893645018455572
1041.0 0.004838955283048563
1042.0 0.004784265911439434
1043.0 0.005031954788137227
1044.0 0.005279643664835021
1045.0 0.005564423190662637
1046.0 0.005849202716490254
1047.0 0.00568487957934849
1048.0 0.005520557169802487
1049.0 0.005799152495455928
1050.0 0.006077747821109369
1051.0 0.006449865031754598
1052.0 0.006821982969995588
1053.0 0.0069227324274834245
1054.0 0.007023480429779738
1055.0 0.006908929935889319
1056.0 0.0067943787144031376
1057.0 0.007227731839520857
1058.0 0.007661086419830099
1059.0 0.007902769721113145
1060.0 0.008144453022396192
1061.0 0.008182325109373778
1062.0 0.008220197196351364
1063.0 0.008376823825528845
1064.0 0.008533451182302088
1065.0 0.0084960505773779
1066.0 0.008458650700049475
1067.0 0.00872028831508942
1068.0 0.008981925930129364
1069.0 0.00972366615314968
1070.0 0.010465404920978472
1071.0 0.010144757106900215
1072.0 0.009824109292821959
1073.0 0.009819459228310734
1074.0 0.00981480916379951
1075.0 0.010309461504220963
1076.0 0.010804113844642416
1077.0 0.011735520092770457
1078.0 0.012666928523685783
1079.0 0.012463424354791641
1080.0 0.012259921641089022
1081.0 0.01295123074669391
1082.0 0.013642538397107273
1083.0 0.01355848362436518
1084.0 0.013474427396431565
1085.0 0.013530068099498749
1086.0 0.013585710257757455
1087.0 0.01440180785721168
1088.0 0.01521790400147438
1089.0 0.014736811863258481
1090.0 0.014255719725042582
1091.0 0.015738519141450524
1092.0 0.017221318557858467
1093.0 0.016985212278086692
1094.0 0.01674910745350644
1095.0 0.01713018718874082
1096.0 0.017511265468783677
1097.0 0.018471073417458683
1098.0 0.019430879910942167
1099.0 0.019642949337139726
1100.0 0.01985501730814576
1101.0 0.020782224601134658
1102.0 0.0217094348045066
1103.0 0.022357687703333795
1104.0 0.023005943512544036
1105.0 0.02358143246965483
1106.0 0.024156922881957144
1107.0 0.025374049437232316
1108.0 0.02659117744769901
1109.0 0.027237081667408347
1110.0 0.027882991707883775
1111.0 0.029713643016293645
1112.0 0.03154429723508656
1113.0 0.02958766126539558
1114.0 0.02763102820608765
1115.0 0.028818289865739644
1116.0 0.030005548615008593
1117.0 0.030160395544953644
1118.0 0.030315242474898696
1119.0 0.032554284553043544
1120.0 0.03479332372080535
1121.0 0.03571588604245335
1122.0 0.036638445453718305
1123.0 0.039864968857727945
1124.0 0.04309149517212063
1125.0 0.044047305709682405
1126.0 0.045003119157627225
1127.0 0.044737415737472475
1128.0 0.044471712317317724
1129.0 0.048357120249420404
1130.0 0.052242528181523085
1131.0 0.053436035523191094
1132.0 0.05462953704409301
1133.0 0.05495185614563525
1134.0 0.05527418106794357
1135.0 0.06251518498174846
1136.0 0.06975620053708553
1137.0 0.0733492081053555
1138.0 0.07694221567362547
1139.0 0.08436249918304384
1140.0 0.09178277687169611
1141.0 0.10195012437179685
1142.0 0.11211746605113149
1143.0 0.1706202863715589
1144.0 0.2291231183335185
1145.0 0.5082581657916307
1146.0 0.7873931899666786
1147.0 1.1517408303916454
1148.0 1.5160884708166122
1149.0 1.5131253749132156
1150.0 1.5101617202162743
