lsstCam/transmission_filter_detector/r34_s21/z_20/19700101T000000.ecsv
# %ECSV 1.0
# ---
# datatype:
# - {name: wavelength, unit: nm, datatype: float32}
# - {name: efficiency, unit: '%', datatype: float64}
# meta: !!omap
# - {MODE: DETECTOR}
# - {TYPE: transmission_filter_detector}
# - {CALIBDATE: '1970-01-01T00:00:00'}
# - {INSTRUME: LSSTCam}
# - {OBSTYPE: transmission_filter_detector}
# - {CALIBCLS: lsst.ip.isr.IntermediateFilterDetectorTransmissionCurve}
# - {SOURCE: Materion (DM-46256)}
# - {DETECTOR: 160}
# - {FILTER: z_20}
# - {CALIB_ID: 'calibDate=1970-01-01T00:00:00 filter=z_20 detector=160'}
# - {DATE: '2025-04-02T15:59:49.383723'}
# - {CALIB_CREATION_DATE: '2025-04-02'}
# - {CALIB_CREATION_TIME: '15:59:49'}
# - __serialized_columns__:
#     efficiency:
#       __class__: astropy.units.quantity.Quantity
#       unit: !astropy.units.Unit {unit: '%'}
#       value: !astropy.table.SerializedColumn {name: efficiency}
#     wavelength:
#       __class__: astropy.units.quantity.Quantity
#       unit: !astropy.units.Unit {unit: nm}
#       value: !astropy.table.SerializedColumn {name: wavelength}
# schema: astropy-2.0
wavelength efficiency
300.0 0.4322533030062914
301.0 0.34965286031365395
302.0 0.2670524176210165
303.0 0.23289511445909739
304.0 0.19873781129717827
305.0 0.1787217566743493
306.0 0.15870567876845598
307.0 0.15669834101572633
308.0 0.15469093341380358
309.0 0.140014395583421
310.0 0.12533784611150622
311.0 0.11967980535700917
312.0 0.11402175296097994
313.0 0.10531255975365639
314.0 0.09660335490480065
315.0 0.08641314343549311
316.0 0.07622292614541948
317.0 0.07028026157058775
318.0 0.06433759699575603
319.0 0.06395256496034563
320.0 0.06356752128340304
321.0 0.06237117922864854
322.0 0.061174831353127956
323.0 0.05618963041342795
324.0 0.05120442947372794
325.0 0.049118633614853024
326.0 0.04703283775597811
327.0 0.04149274900555611
328.0 0.03595266316551715
329.0 0.034138691262342036
330.0 0.03232471935916692
331.0 0.033395548234693706
332.0 0.03446637711022049
333.0 0.029917829670011997
334.0 0.025369285140186548
335.0 0.024926071637310088
336.0 0.024482858134433627
337.0 0.020610616775229573
338.0 0.016738378326408565
339.0 0.017936286167241633
340.0 0.019134196918457747
341.0 0.018135426216758788
342.0 0.017136654059868306
343.0 0.016530782158952206
344.0 0.015924913168419152
345.0 0.01464124652557075
346.0 0.013357578427530825
347.0 0.013697324902750552
348.0 0.014037069922778755
349.0 0.012768618762493134
350.0 0.011500165419420227
351.0 0.011670815729303285
352.0 0.011841465311590582
353.0 0.010873475548578426
354.0 0.009905487968353555
355.0 0.01049605489242822
356.0 0.011086623271694407
357.0 0.010750363435363397
358.0 0.010414103599032387
359.0 0.010554368782322854
360.0 0.010694633238017559
361.0 0.01042866861098446
362.0 0.010162703256355599
363.0 0.010049935372080654
364.0 0.009937164577422664
365.0 0.009864562161965296
366.0 0.009791958291316405
367.0 0.009035271796165034
368.0 0.008278584573417902
369.0 0.008327521936735138
370.0 0.00837646221043542
371.0 0.008365093526663259
372.0 0.008353725570486858
373.0 0.008208912913687527
374.0 0.008064100984483957
375.0 0.00641081205685623
376.0 0.004757522401632741
377.0 0.004588267620420083
378.0 0.004419012475409545
379.0 0.0050545433623483405
380.0 0.005690074249287136
381.0 0.00561151682632044
382.0 0.0055329590395558625
383.0 0.005147969568497501
384.0 0.004762979733641259
385.0 0.004402267950354144
386.0 0.004041555803269148
387.0 0.004638782411348075
388.0 0.0052360090194270015
389.0 0.004991295645595528
390.0 0.004746582271764055
391.0 0.004539318615570664
392.0 0.004332054595579393
393.0 0.004061317667947151
394.0 0.0037905803765170276
395.0 0.003519433448673226
396.0 0.003248286884627305
397.0 0.0035817265597870573
398.0 0.00391516659874469
399.0 0.0037531921407207847
400.0 0.0035912180464947596
401.0 0.0049757491069613025
402.0 0.006360279803629965
403.0 0.004965774132870138
404.0 0.00357126809831243
405.0 0.004183789133094251
406.0 0.0047963098040781915
407.0 0.005105383024783805
408.0 0.005414456609287299
409.0 0.00487008219351992
410.0 0.004325707777752541
411.0 0.0047705238102935255
412.0 0.0052153391152387485
413.0 0.0055294214689638466
414.0 0.005843503822688945
415.0 0.004713647285825573
416.0 0.003583790748962201
417.0 0.002840642446244601
418.0 0.002097494143527001
419.0 0.002822195165208541
420.0 0.0035468961868900806
421.0 0.002688792119442951
422.0 0.0018306880519958213
423.0 0.002098387631122023
424.0 0.0023660872102482244
425.0 0.0026812813302967697
426.0 0.0029964752684463747
427.0 0.0029640214052051306
428.0 0.002931567723862827
429.0 0.0024957776986411773
430.0 0.0020599876734195277
431.0 0.002174417022615671
432.0 0.0022888461899128743
433.0 0.002297178616572637
434.0 0.0023055112251313403
435.0 0.0028019663659506477
436.0 0.003298421506769955
437.0 0.0028640759410336614
438.0 0.0024297303752973676
439.0 0.0021464329620357603
440.0 0.001863135548774153
441.0 0.002173671600758098
442.0 0.002484207652742043
443.0 0.002438303090457339
444.0 0.0023923985281726345
445.0 0.0019228364180889912
446.0 0.0014532744899042882
447.0 0.001544680526421871
448.0 0.0016360865629394539
449.0 0.002203797521360684
450.0 0.0027715084797819145
451.0 0.0020544954168144614
452.0 0.0013374823538470082
453.0 0.001739983599691186
454.0 0.0021424844817374833
455.0 0.002087744724121876
456.0 0.0020330047846073285
457.0 0.0014923248272680212
458.0 0.0009516448699287139
459.0 0.0012787595551344566
460.0 0.00160587460413808
461.0 0.0014841639313090127
462.0 0.0013624534403788857
463.0 0.001281104596273508
464.0 0.00119975566121866
465.0 0.0012174370567663573
466.0 0.001235118179465644
467.0 0.0010305948308086954
468.0 0.0008260713912022766
469.0 0.001036000048770802
470.0 0.001245928888238268
471.0 0.0011842154890473466
472.0 0.0011225019989069551
473.0 0.0013352583664527629
474.0 0.0015480145520996302
475.0 0.001510466154286405
476.0 0.00147291775647318
477.0 0.0015678488125558943
478.0 0.0016627798686386086
479.0 0.001885662459244486
480.0 0.0021085450498503633
481.0 0.0018562634068075567
482.0 0.0016039817637647502
483.0 0.0013682547432836145
484.0 0.001132527813751949
485.0 0.0011320118574076332
486.0 0.0011314958101138473
487.0 0.0010829525308508892
488.0 0.0010344094334868714
489.0 0.0009560309081280138
490.0 0.0008776522008702159
491.0 0.001118903855967801
492.0 0.001360155420115916
493.0 0.0018176802768721245
494.0 0.0022752048607799225
495.0 0.0019564169633667916
496.0 0.0016376288840547204
497.0 0.0015223807167785708
498.0 0.001407132458552951
499.0 0.0014758757970412262
500.0 0.0015446190445800312
501.0 0.0015363308193627745
502.0 0.0015280424122465774
503.0 0.0012679913197644055
504.0 0.0010079401363327634
505.0 0.0014983808796387166
506.0 0.0019888213500962593
507.0 0.001517346299806377
508.0 0.001045870976668084
509.0 0.0011011091373802628
510.0 0.0011563471161935013
511.0 0.001114294627768686
512.0 0.0010722418664954603
513.0 0.0013046878848399501
514.0 0.0015371337212854996
515.0 0.0014626458323618863
516.0 0.001388157943438273
517.0 0.0010866750017157756
518.0 0.0007851923328416888
519.0 0.0013059633602097165
520.0 0.0018267346604261547
521.0 0.0017659856894169934
522.0 0.0017052370822057128
523.0 0.0018257071133120917
524.0 0.0019461769625195302
525.0 0.0014465551430475898
526.0 0.0009469332326261792
527.0 0.0010562312127149198
528.0 0.001165529465652071
529.0 0.0010682960237318184
530.0 0.0009710626727610361
531.0 0.001239323592017172
532.0 0.001507584693172248
533.0 0.0014627536984335165
534.0 0.0014179226127453148
535.0 0.0016630005120532587
536.0 0.0019080787751590833
537.0 0.001790352507669013
538.0 0.0016726266039768234
539.0 0.0013307401786732953
540.0 0.0009888540262181778
541.0 0.001269971744477516
542.0 0.0015510891898884438
543.0 0.0011577054465305991
544.0 0.0007643217031727545
545.0 0.0012639616215892602
546.0 0.0017636015400057659
547.0 0.0014684452253277414
548.0 0.0011732886378013063
549.0 0.001762124156812206
550.0 0.002350959948671516
551.0 0.002196502646256704
552.0 0.002042045525740832
553.0 0.0018400885892333463
554.0 0.0016381320165237412
555.0 0.0017542855857755058
556.0 0.0018704387912293896
557.0 0.0017705348000163212
558.0 0.0016706306269043125
559.0 0.0014699669009132776
560.0 0.001269302811124362
561.0 0.0012134380085626617
562.0 0.001157573024102021
563.0 0.001431897544534877
564.0 0.0017062222468666732
565.0 0.0018215543605037965
566.0 0.0019368868379388005
567.0 0.002081676029774826
568.0 0.002226465403509792
569.0 0.0023907596187200397
570.0 0.0025550538339302875
571.0 0.002571705772425048
572.0 0.0025883577109198086
573.0 0.0022288653781288303
574.0 0.0018693726815399714
575.0 0.0018048132915282622
576.0 0.0017402535377186723
577.0 0.0018259826902067289
578.0 0.001911711660795845
579.0 0.0017739237591740675
580.0 0.0016361356756533496
581.0 0.0018059146896121092
582.0 0.001975693885469809
583.0 0.0017925842257682234
584.0 0.0016094745660666376
585.0 0.0020047504222020507
586.0 0.0024000260964385234
587.0 0.002209075682912953
588.0 0.0020181249055895023
589.0 0.002106065039697569
590.0 0.002194005537603516
591.0 0.0018541242752689868
592.0 0.0015142428310355172
593.0 0.0011929299034818541
594.0 0.0008716167940292507
595.0 0.000969837583397748
596.0 0.0010680581908673048
597.0 0.000802996783022536
598.0 0.0005379355116019724
599.0 0.0007999726221896708
600.0 0.001062009596353164
601.0 0.0008871491445461288
602.0 0.0007122885563148884
603.0 0.00114929798655794
604.0 0.0015863071894273162
605.0 0.0015030343092803378
606.0 0.0014197611562849488
607.0 0.0010927959010587074
608.0 0.0007658308277314063
609.0 0.0006699307959934231
610.0 0.0005740309006796451
611.0 0.0007654495675524231
612.0 0.0009568680980009958
613.0 0.0011260032806603704
614.0 0.0012951389180670958
615.0 0.0011056449693569448
616.0 0.0009161510206467938
617.0 0.001369899655401241
618.0 0.0018236483811051585
619.0 0.0016514528397237882
620.0 0.0014792575711908285
621.0 0.0013822258551954292
622.0 0.0012851942301495
623.0 0.0013350114386412315
624.0 0.0013848284652340226
625.0 0.0015075614101078827
626.0 0.0016302941730828024
627.0 0.0019380308003746904
628.0 0.0022457674276665784
629.0 0.0023644784960197285
630.0 0.002483189200574998
631.0 0.0025990986614488065
632.0 0.0027150077585247345
633.0 0.0030866685847286135
634.0 0.0034583299566293135
635.0 0.00588099574088119
636.0 0.008303662616526708
637.0 0.015332076873164624
638.0 0.022360494767781347
639.0 0.019929793779738247
640.0 0.01749909424688667
641.0 0.01517462806077674
642.0 0.012850160419475287
643.0 0.009451721416553482
644.0 0.0060532813222380355
645.0 0.00605025197728537
646.0 0.006047222632332705
647.0 0.005705384683096781
648.0 0.005363546733860858
649.0 0.004291785444365814
650.0 0.0032200245186686516
651.0 0.003331877087475732
652.0 0.0034437296562828124
653.0 0.0028088194085285068
654.0 0.0021739087969763204
655.0 0.0023156526367529295
656.0 0.0024573964765295386
657.0 0.0024824754291330464
658.0 0.002507554199837614
659.0 0.002357330777158495
660.0 0.002207107172580436
661.0 0.002511704769858625
662.0 0.0028163021852378733
663.0 0.0022771720978198573
664.0 0.001738042374199722
665.0 0.0016013651475077495
666.0 0.0014646882846136577
667.0 0.0013546247828344349
668.0 0.0012445611901057418
669.0 0.0012858399713877589
670.0 0.0013271189345687162
671.0 0.0011597539014474023
672.0 0.0009923887773766182
673.0 0.0014556211681338027
674.0 0.0019188535588909872
675.0 0.0015299758160836063
676.0 0.0011410980732762255
677.0 0.0013245084119262174
678.0 0.0015079190234246198
679.0 0.001701450855762232
680.0 0.001894982960948255
681.0 0.001881078969745431
682.0 0.001867175342340488
683.0 0.002309612500539515
684.0 0.0027520498406374827
685.0 0.002620946543174796
686.0 0.0024898434276110493
687.0 0.0025604280381230637
688.0 0.0026310128305340186
689.0 0.002606829184514936
690.0 0.0025826459022937343
691.0 0.002395537194388453
692.0 0.002208428668382112
693.0 0.002805416806950234
694.0 0.003402405127417296
695.0 0.0034991240681847557
696.0 0.0035958430089522153
697.0 0.003781558552873321
698.0 0.003967273732996546
699.0 0.005787068948848173
700.0 0.007606863073306158
701.0 0.0075914227636530995
702.0 0.007575983181595802
703.0 0.006809506157878786
704.0 0.006043029861757532
705.0 0.004939701102557592
706.0 0.0038363734347512946
707.0 0.003423720772843808
708.0 0.0030110682928352617
709.0 0.0036947250919183716
710.0 0.004378381709102541
711.0 0.0040363749576499686
712.0 0.0036943685699952766
713.0 0.0031803338060854003
714.0 0.002666299042175524
715.0 0.002490637962182518
716.0 0.002314976700290572
717.0 0.0021640420527546667
718.0 0.0020131075871177018
719.0 0.00188952217285987
720.0 0.0017659369405009784
721.0 0.0022684645955450833
722.0 0.0027709924324881285
723.0 0.0026354733563493937
724.0 0.0024999544621095993
725.0 0.001896490721264854
726.0 0.0012930271623190492
727.0 0.001483030882809544
728.0 0.0016730344214010984
729.0 0.0014851247215119656
730.0 0.0012972148397238925
731.0 0.0009387168574903626
732.0 0.0005802188752568327
733.0 0.001035274635796668
734.0 0.0014903303053870331
735.0 0.001250826426257845
736.0 0.0010113223652297165
737.0 0.0009532744115858804
738.0 0.0008952263669925742
739.0 0.0013986826161271892
740.0 0.0019021390471607447
741.0 0.0015578805687255226
742.0 0.00121362181744189
743.0 0.0013880494407203514
744.0 0.0015624769730493426
745.0 0.0017021666280925274
746.0 0.0018418562831357121
747.0 0.001831164991017431
748.0 0.00182047369889915
749.0 0.002566391231084708
750.0 0.0033123087632702664
751.0 0.00307493464788422
752.0 0.0028375610781949945
753.0 0.0029093849661876447
754.0 0.002981208854180295
755.0 0.002708303145482205
756.0 0.0024353972548851743
757.0 0.002474184839229565
758.0 0.0025129722416750155
759.0 0.002593928002170287
760.0 0.002674883944564499
761.0 0.004616908699972555
762.0 0.006558932363986969
763.0 0.0060430076700868085
764.0 0.005527083703782409
765.0 0.005129431883688085
766.0 0.004731779335997999
767.0 0.004577849176712334
768.0 0.004423918653628789
769.0 0.005195177436689846
770.0 0.005966436583548784
771.0 0.004746406557387672
772.0 0.0035263765312265605
773.0 0.0036264096706872806
774.0 0.0037264431739458814
775.0 0.0033064032322727144
776.0 0.05283883074298501
777.0 0.06580023327842355
778.0 0.004672183786169626
779.0 0.06979192839935422
780.0 0.0742229400202632
781.0 0.10741972364485264
782.0 0.040240888483822346
783.0 0.10794316185638309
784.0 0.004254618033883162
785.0 0.09345206781290472
786.0 1.7088758793443182e-10
787.0 0.022975043975748122
788.0 1.7088758793443182e-10
789.0 1.7088758793443182e-10
790.0 1.7088758793443182e-10
791.0 1.7088758793443182e-10
792.0 1.7088758793443182e-10
793.0 1.7088758793443182e-10
794.0 0.06373771466314793
795.0 0.12158299796283245
796.0 0.09672502055764198
797.0 0.12646608520299196
798.0 0.1546693267300725
799.0 0.29703015461564064
800.0 0.44545079581439495
801.0 0.781372282654047
802.0 1.1398601345717907
803.0 1.9733795896172523
804.0 3.147440031170845
805.0 4.827717691659927
806.0 6.674077361822128
807.0 9.024734050035477
808.0 11.956644058227539
809.0 15.325121581554413
810.0 18.596944212913513
811.0 21.646641194820404
812.0 25.0687837600708
813.0 29.402729868888855
814.0 33.72759222984314
815.0 39.18107450008392
816.0 45.10508179664612
817.0 51.89359784126282
818.0 58.93682837486267
819.0 65.60160517692566
820.0 73.19490313529968
821.0 79.84621524810791
822.0 85.20548939704895
823.0 88.87750506401062
824.0 92.38139390945435
825.0 95.69818377494812
826.0 96.92957997322083
827.0 97.70447611808777
828.0 98.96471500396729
829.0 99.39786195755005
830.0 98.46145510673523
831.0 98.71530532836914
832.0 98.2528567314148
833.0 99.44761395454407
834.0 98.05174469947815
835.0 99.07217025756836
836.0 98.59857559204102
837.0 98.62143993377686
838.0 98.21220636367798
839.0 98.1524407863617
840.0 98.11988472938538
841.0 99.11401271820068
842.0 99.36530590057373
843.0 99.18036460876465
844.0 98.02899360656738
845.0 98.61869215965271
846.0 98.73313903808594
847.0 98.50554466247559
848.0 99.44710731506348
849.0 98.75237345695496
850.0 98.09334874153137
851.0 99.12001490592957
852.0 98.76313209533691
853.0 98.51978421211243
854.0 99.65792894363403
855.0 98.32602143287659
856.0 98.74181747436523
857.0 97.70892858505249
858.0 98.34039211273193
859.0 99.12630915641785
860.0 98.74425530433655
861.0 98.53371977806091
862.0 98.42592477798462
863.0 98.33800792694092
864.0 99.52796697616577
865.0 99.5263397693634
866.0 98.43482375144958
867.0 99.01396036148071
868.0 99.63185787200928
869.0 99.12528395652771
870.0 98.01377654075623
871.0 98.61741065979004
872.0 98.80878329277039
873.0 98.96143674850464
874.0 99.0995705127716
875.0 98.81721138954163
876.0 99.13424253463745
877.0 99.27977323532104
878.0 98.90921115875244
879.0 98.27913641929626
880.0 98.2240378856659
881.0 99.61643815040588
882.0 98.67646098136902
883.0 98.46366047859192
884.0 98.97410273551941
885.0 98.82422685623169
886.0 98.56784343719482
887.0 98.45114946365356
888.0 99.02322888374329
889.0 99.393230676651
890.0 98.09398651123047
891.0 99.02284741401672
892.0 98.6341655254364
893.0 98.63637685775757
894.0 98.17848205566406
895.0 99.28391575813293
