lsstCam/transmission_filter_detector/r10_s22/r_57/19700101T000000.ecsv
# %ECSV 1.0
# ---
# datatype:
# - {name: wavelength, unit: nm, datatype: float32}
# - {name: efficiency, unit: '%', datatype: float64}
# meta: !!omap
# - {MODE: DETECTOR}
# - {TYPE: transmission_filter_detector}
# - {CALIBDATE: '1970-01-01T00:00:00'}
# - {INSTRUME: LSSTCam}
# - {OBSTYPE: transmission_filter_detector}
# - {CALIBCLS: lsst.ip.isr.IntermediateFilterDetectorTransmissionCurve}
# - {SOURCE: Materion (DM-46256)}
# - {DETECTOR: 35}
# - {FILTER: r_57}
# - {CALIB_ID: 'calibDate=1970-01-01T00:00:00 filter=r_57 detector=35'}
# - {DATE: '2025-04-02T15:59:44.348162'}
# - {CALIB_CREATION_DATE: '2025-04-02'}
# - {CALIB_CREATION_TIME: '15:59:44'}
# - __serialized_columns__:
#     efficiency:
#       __class__: astropy.units.quantity.Quantity
#       unit: !astropy.units.Unit {unit: '%'}
#       value: !astropy.table.SerializedColumn {name: efficiency}
#     wavelength:
#       __class__: astropy.units.quantity.Quantity
#       unit: !astropy.units.Unit {unit: nm}
#       value: !astropy.table.SerializedColumn {name: wavelength}
# schema: astropy-2.0
wavelength efficiency
300.0 0.002020149622694589
301.0 0.005308533582137898
302.0 0.008596917905379087
303.0 0.011354274465702474
304.0 0.014111629570834339
305.0 0.012741952377837151
306.0 0.011372273729648441
307.0 0.00986786762950942
308.0 0.008363460801774636
309.0 0.0074876305006910115
310.0 0.006611800927203149
311.0 0.00629474307061173
312.0 0.005977685214020312
313.0 0.005585962571785785
314.0 0.005194240293349139
315.0 0.0046590059355366975
316.0 0.004123771941522136
317.0 0.004118201104574837
318.0 0.004112630995223299
319.0 0.003945864591514692
320.0 0.0037790996429976076
321.0 0.0035487861168803647
322.0 0.003318472590763122
323.0 0.0029693092074012384
324.0 0.002620145824039355
325.0 0.0025525796445435844
326.0 0.0024850132831488736
327.0 0.0024828981622704305
328.0 0.0024807835870888084
329.0 0.0025780074793146923
330.0 0.002675230825843755
331.0 0.00249291661020834
332.0 0.002310602394572925
333.0 0.0020320028852438554
334.0 0.0017534035578137264
335.0 0.0015145284123718739
336.0 0.0012756534488289617
337.0 0.0011946019185415935
338.0 0.001113550297304755
339.0 0.0010541276424191892
340.0 0.0009947049875336234
341.0 0.0009454186510993168
342.0 0.0008961323146650102
343.0 0.0008644706213090103
344.0 0.0008328090189024806
345.0 0.0008211999556806404
346.0 0.0008095909834082704
347.0 0.0008554131454729941
348.0 0.0009012352165882476
349.0 0.0008717782293388154
350.0 0.005744613736169413
351.0 0.005847232750966214
352.0 0.0059498517657630146
353.0 0.005046611840953119
354.0 0.004143372643738985
355.0 0.00464038057543803
356.0 0.005137389598530717
357.0 0.006383793515851721
358.0 0.007630197796970606
359.0 0.006107413355493918
360.0 0.0045846285502193496
361.0 0.003091893086093478
362.0 0.0015991572581697255
363.0 0.0027638187020784244
364.0 0.0039284797821892425
365.0 0.003805147935054265
366.0 0.003681816451717168
367.0 0.002867140392481815
368.0 0.002052463787549641
369.0 0.001691871693765279
370.0 0.0013312795090314467
371.0 0.0021108720829943195
372.0 0.002890464929805603
373.0 0.00314540411636699
374.0 0.0034003431210294366
375.0 0.003051025851164013
376.0 0.0027017089450964704
377.0 0.001281855111301411
378.0 1.610694975832938e-10
379.0 0.0008030102435441222
380.0 0.001744019209581893
381.0 0.0025160723453154787
382.0 0.003288125662948005
383.0 0.00311608673655428
384.0 0.002944048355857376
385.0 0.004139586962992325
386.0 0.005335125024430454
387.0 0.004762880416819826
388.0 0.004190635445411317
389.0 0.003673735773190856
390.0 0.0031568353733746335
391.0 0.002322982072655577
392.0 0.001489128771936521
393.0 0.001549604166939389
394.0 0.0016100791981443763
395.0 0.0011674964298435953
396.0 0.0007249138434417546
397.0 0.0007277258191606961
398.0 0.0007305381586775184
399.0 0.0006744533038727241
400.0 0.0006183679488458438
401.0 0.00021027365164627554
402.0 1.610694975832938e-10
403.0 0.0001867332571237057
404.0 0.0005712880465580383
405.0 0.0010053135156340431
406.0 0.0014393386663869023
407.0 0.0019210969185223803
408.0 0.0024028551706578583
409.0 0.0018923428797279485
410.0 0.001381830225000158
411.0 0.000957840802584542
412.0 0.0005338514256436611
413.0 0.0007033218935248442
414.0 0.0008727924068807624
415.0 0.0007998140063136816
416.0 0.0007268361059686868
417.0 0.0013078226402285509
418.0 0.001888809674710501
419.0 0.00227629116125172
420.0 0.0026637724658939987
421.0 0.00409692402172368
422.0 0.005530075577553362
423.0 0.008480561518808827
424.0 0.01143104673246853
425.0 0.015665244427509606
426.0 0.01989943702938035
427.0 0.020574299560394138
428.0 0.021249162091407925
429.0 0.016197003424167633
430.0 0.011144846212118864
431.0 0.007899019692558795
432.0 0.004653191354009323
433.0 0.0037289701140252873
434.0 0.0028047481464454904
435.0 0.002153374589397572
436.0 0.001502000759501243
437.0 0.0013831454452883918
438.0 0.001264290403923951
439.0 0.0010447446584294084
440.0 0.000825199003884336
441.0 0.0010926088179985527
442.0 0.0013600186321127694
443.0 0.001618958413018845
444.0 0.0018778981029754505
445.0 0.0018968352378578857
446.0 0.0019157721908413805
447.0 0.0016902162315091118
448.0 0.0014646606359747238
449.0 0.0013908933397033252
450.0 0.0013171255886845756
451.0 0.0014703817214467563
452.0 0.001623637945158407
453.0 0.0016041547496570274
454.0 0.0015846717360545881
455.0 0.0014198280950949993
456.0 0.0012549846360343508
457.0 0.0009017062438942958
458.0 0.000548428033653181
459.0 0.0007956664376251865
460.0 0.001042904841597192
461.0 0.0016972953744698316
462.0 0.0023516855435445905
463.0 0.0030268645787145942
464.0 0.003702043613884598
465.0 0.00469010992674157
466.0 0.005678176603396423
467.0 0.0062930390413384885
468.0 0.006907902570674196
469.0 0.005974887244519778
470.0 0.005041872645961121
471.0 0.003863701567752287
472.0 0.002685529943846632
473.0 0.002212653089372907
474.0 0.0017397758711013012
475.0 0.0014273761735239532
476.0 0.001114976839744486
477.0 0.0008862327376846224
478.0 0.0006574885901500238
479.0 0.0008242164767580107
480.0 0.0009909441359923221
481.0 0.0007644829565833788
482.0 0.0005380219135986408
483.0 0.0006331715212581912
484.0 0.0007283209924935363
485.0 0.0006034287252987269
486.0 0.00047853636715444736
487.0 0.0005182282166060759
488.0 0.0005579199751082342
489.0 0.0005101299848320195
490.0 0.0004623399945558049
491.0 0.0006408963145076996
492.0 0.0008194526344595943
493.0 0.0009538191079627723
494.0 0.0010881856724154204
495.0 0.0009391394996782765
496.0 0.0007900931450421922
497.0 0.0011008062756445725
498.0 0.0014115192243480124
499.0 0.0013712828149436973
500.0 0.0013310464055393822
501.0 0.0015256323422363494
502.0 0.0017202184608322568
503.0 0.0020226158085279167
504.0 0.0023250131562235765
505.0 0.0028617565476452
506.0 0.003398500120965764
507.0 0.004034528319607489
508.0 0.004670556154451333
509.0 0.005201688327360898
510.0 0.005732819408876821
511.0 0.005054097709944472
512.0 0.004375375647214241
513.0 0.003751880649360828
514.0 0.003128385287709534
515.0 0.0029216182156233117
516.0 0.0027148511435370892
517.0 0.0025543997253407724
518.0 0.0023939481252455153
519.0 0.061102519975975156
520.0 0.044896110193803906
521.0 0.08036473300307989
522.0 0.12450783979147673
523.0 1.610694975832938e-10
524.0 0.09762116242200136
525.0 0.10740850120782852
526.0 0.15679694479331374
527.0 0.11700431350618601
528.0 0.026979114045388997
529.0 0.13098898343741894
530.0 0.04715012037195265
531.0 0.14579752460122108
532.0 0.2352928975597024
533.0 0.25469232350587845
534.0 0.351344863884151
535.0 0.4650601651519537
536.0 0.7066403049975634
537.0 1.0106787085533142
538.0 1.5601119957864285
539.0 2.4447904899716377
540.0 3.747362270951271
541.0 5.639991536736488
542.0 8.048110455274582
543.0 11.184433847665787
544.0 14.908502995967865
545.0 19.092996418476105
546.0 24.192260205745697
547.0 30.470913648605347
548.0 38.124796748161316
549.0 46.18936777114868
550.0 52.97987461090088
551.0 60.50960421562195
552.0 65.99209904670715
553.0 70.8987295627594
554.0 75.14706254005432
555.0 79.11885380744934
556.0 83.11049938201904
557.0 85.56457161903381
558.0 88.77691626548767
559.0 91.97861552238464
560.0 92.52271056175232
561.0 94.2680835723877
562.0 95.19744515419006
563.0 94.78931427001953
564.0 95.7413911819458
565.0 95.01454830169678
566.0 95.63531279563904
567.0 95.19327878952026
568.0 95.5047070980072
569.0 96.2001621723175
570.0 95.79564332962036
571.0 96.33902907371521
572.0 96.58860564231873
573.0 96.7444896697998
574.0 96.86222076416016
575.0 96.860271692276
576.0 97.55505323410034
577.0 96.96340560913086
578.0 97.05748558044434
579.0 96.75329923629761
580.0 96.603262424469
581.0 96.27382159233093
582.0 96.58340215682983
583.0 96.60908579826355
584.0 96.02715373039246
585.0 96.247398853302
586.0 96.5146541595459
587.0 96.25110626220703
588.0 96.32396697998047
589.0 96.91873788833618
590.0 96.27664089202881
591.0 96.08285427093506
592.0 95.9662139415741
593.0 95.71163654327393
594.0 95.85708379745483
595.0 96.46206498146057
596.0 96.8894362449646
597.0 96.90834283828735
598.0 96.92115187644958
599.0 96.66913747787476
600.0 96.96677923202515
601.0 96.14540338516235
602.0 96.62449955940247
603.0 96.19715213775635
604.0 96.07157111167908
605.0 96.913081407547
606.0 96.09442949295044
607.0 96.28340601921082
608.0 96.03609442710876
609.0 95.30385732650757
610.0 95.96899151802063
611.0 95.67100405693054
612.0 95.67500948905945
613.0 96.49437665939331
614.0 96.63450717926025
615.0 95.92281579971313
616.0 96.22171521186829
617.0 96.2341845035553
618.0 96.3477373123169
619.0 96.53782844543457
620.0 95.61047554016113
621.0 95.35534381866455
622.0 96.40083909034729
623.0 96.41448855400085
624.0 96.44067287445068
625.0 96.75049781799316
626.0 96.02147936820984
627.0 95.1525628566742
628.0 97.20612168312073
629.0 95.60611844062805
630.0 96.18202447891235
631.0 95.99378108978271
632.0 96.45678400993347
633.0 96.3032066822052
634.0 95.61927318572998
635.0 96.00212574005127
636.0 95.87715864181519
637.0 95.17114162445068
638.0 95.30825018882751
639.0 95.16873955726624
640.0 95.52838802337646
641.0 95.33414840698242
642.0 95.6269919872284
643.0 96.06721997261047
644.0 95.94509601593018
645.0 96.0546612739563
646.0 96.32650017738342
647.0 96.8147337436676
648.0 96.60665392875671
649.0 95.59417963027954
650.0 96.40746712684631
651.0 96.48832678794861
652.0 96.54065370559692
653.0 95.62538862228394
654.0 96.79206013679504
655.0 96.30184769630432
656.0 95.62773108482361
657.0 95.67734599113464
658.0 96.11518979072571
659.0 95.87681889533997
660.0 95.75181007385254
661.0 95.43595314025879
662.0 95.98550200462341
663.0 95.9125816822052
664.0 95.34290432929993
665.0 95.23875117301941
666.0 95.29854655265808
667.0 95.66381573677063
668.0 94.84208822250366
669.0 95.83571553230286
670.0 95.05921006202698
671.0 95.7662284374237
672.0 95.43468952178955
673.0 95.50501704216003
674.0 94.9209451675415
675.0 95.7274079322815
676.0 94.83009576797485
677.0 94.06625628471375
678.0 93.39167475700378
679.0 92.73459315299988
680.0 91.81593656539917
681.0 90.62939286231995
682.0 88.31384181976318
683.0 85.85389256477356
684.0 82.97640085220337
685.0 79.24073934555054
686.0 75.75912475585938
687.0 71.1900532245636
688.0 66.85435175895691
689.0 62.632763385772705
690.0 57.39920139312744
691.0 53.24196815490723
692.0 48.67352843284607
693.0 44.28192377090454
694.0 39.369648694992065
695.0 34.10007357597351
696.0 28.97212505340576
697.0 23.822318017482758
698.0 17.978154122829437
699.0 13.218854367733002
700.0 9.444744884967804
701.0 6.046465039253235
702.0 3.8732945919036865
703.0 2.2369837388396263
704.0 1.203193236142397
705.0 0.7317685522139072
706.0 0.4560411907732487
707.0 0.33448152244091034
708.0 0.19063452491536736
709.0 0.1552073867060244
710.0 0.13190105091780424
711.0 0.09205063106492162
712.0 0.0627430621534586
713.0 0.06127450615167618
714.0 0.051808595890179276
715.0 0.07099388749338686
716.0 0.04859153414145112
717.0 0.08835403714329004
718.0 0.08920995751395822
719.0 0.045492383651435375
720.0 1.610694975832938e-10
721.0 0.004568538133753464
722.0 0.004318572609918192
723.0 0.004068607449880801
724.0 0.0037519639590755105
725.0 0.00343532046827022
726.0 0.003192533040419221
727.0 0.0029497457944671623
728.0 0.0027999742087558843
729.0 0.0026502022592467256
730.0 0.0024602923076599836
731.0 0.002270383083669003
732.0 0.002235132888017688
733.0 0.0021998825104674324
734.0 0.0021708092390326783
735.0 0.002141735785698984
736.0 0.001918615998874884
737.0 0.0016954963939497247
738.0 0.0017284570276387967
739.0 0.0017614176613278687
740.0 0.0017211637896252796
741.0 0.0016809100998216309
742.0 0.001494917341915425
743.0 0.0013089244021102786
744.0 0.0014026179997017607
745.0 0.0014963113244448323
746.0 0.001419821273884736
747.0 0.0013433312233246397
748.0 0.0011986388017248828
749.0 0.0010539462891756557
750.0 0.0010283455594617408
751.0 0.0010027451935457066
752.0 0.0010822981494129635
753.0 0.0011618510143307503
754.0 0.001141777011071099
755.0 0.0011217032806598581
756.0 0.001069691643351689
757.0 0.0010176796422456391
758.0 0.0010477207069925498
759.0 0.0010777616807899904
760.0 0.0011024323612218723
761.0 0.0011271032235526945
762.0 0.0011244109373365063
763.0 0.001121719105867669
764.0 0.0010748460226750467
765.0 0.0010279730304318946
766.0 0.0008345825335709378
767.0 0.000641191991235246
768.0 0.0006430658686440438
769.0 0.0006449396096286364
770.0 0.0007613171419507125
771.0 0.0008776949471211992
772.0 0.0008152022928697988
773.0 0.0007527095476689283
774.0 0.0008596938641858287
775.0 0.0009666781807027292
776.0 0.0009463743481319398
777.0 0.0009260706065106206
778.0 0.0008955620614869986
779.0 0.0008650536983623169
780.0 0.0007876482413848862
781.0 0.0007102427844074555
782.0 0.0007373988864856074
783.0 0.0007645548976142891
784.0 0.0008380480721825734
785.0 0.0009115409739024471
786.0 0.000798519431555178
787.0 0.000685497934682644
788.0 0.0006864481747470563
789.0 0.000687398596710409
790.0 0.0007174905476858839
791.0 0.0007475824531866238
792.0 0.0007993829967745114
793.0 0.0008511833584634587
794.0 0.0008552647159376647
795.0 0.0008593458005634602
796.0 0.000718349338058033
797.0 0.0005773527846031357
798.0 0.0007244972493936075
799.0 0.0008716417141840793
800.0 0.0008091062227322254
801.0 0.000746570458431961
802.0 0.0006516576377180172
803.0 0.000556744589630398
804.0 0.0006940244929865003
805.0 0.0008313044418173376
806.0 0.000702888291925774
807.0 0.0005744721875089454
808.0 0.0007241241746669402
809.0 0.0008737761163502
810.0 0.0007713421837252099
811.0 0.0006689085239486303
812.0 0.0007157139407354407
813.0 0.000762519312047516
814.0 0.0006369177299347939
815.0 0.0005113161478220718
816.0 0.0006326280526991468
817.0 0.0007539400030509569
818.0 0.0006980362286412856
819.0 0.0006421324997063493
820.0 0.0004835051640839083
821.0 0.0003248778739362024
822.0 0.0003635037728599855
823.0 0.00040212976273323875
824.0 0.0004126888597966172
825.0 0.0004232480023347307
826.0 0.0005098301699035801
827.0 0.0005964123374724295
828.0 0.00046847108023939654
829.0 0.0003405297320568934
830.0 0.00019669123503263108
831.0 5.285278348310385e-05
832.0 2.193203840761271e-05
833.0 1.610694975832938e-10
834.0 1.3979857271806395e-05
835.0 3.6948387105439906e-05
836.0 0.00029933285077277105
837.0 0.0005617174792860169
838.0 0.0007510840987379197
839.0 0.0009404508091392927
840.0 0.001241532027052017
841.0 0.0015426132449647412
842.0 0.002009586023632437
843.0 0.002476558802300133
844.0 0.002322134423593525
845.0 0.0021677102267858572
846.0 0.002099084304063581
847.0 0.002030458017543424
848.0 0.0020345012671896257
849.0 0.002038544334936887
850.0 0.0017942371414392255
851.0 0.001549929947941564
852.0 0.001351522769255098
853.0 0.0011531152267707512
854.0 0.0010486040991963819
855.0 0.0009440926078241318
856.0 0.0007045203801681055
857.0 0.0004649482434615493
858.0 0.0005733840225730091
859.0 0.0006818196652602637
860.0 0.0005407187018136028
861.0 0.00039961769289220683
862.0 0.0003563640348147601
863.0 0.00031311037673731335
864.0 0.00024291932732012356
865.0 0.00017272833474635263
866.0 0.00013170815691410098
867.0 9.06879506601399e-05
868.0 0.00011337460819049738
869.0 0.00013606123729914543
870.0 3.1938168376655085e-05
871.0 1.610694975832938e-10
872.0 1.610694975832938e-10
873.0 1.610694975832938e-10
874.0 1.610694975832938e-10
875.0 1.610694975832938e-10
876.0 1.610694975832938e-10
877.0 4.122574353004893e-05
878.0 0.00012658199466386577
879.0 0.00021193820884946035
880.0 0.00019691246961883735
881.0 0.0001818867076508468
882.0 0.00012327298009040533
883.0 6.465929800469894e-05
884.0 1.610694975832938e-10
885.0 1.610694975832938e-10
886.0 1.610694975832938e-10
887.0 9.792853461476625e-05
888.0 0.00015028401776362443
889.0 0.00020263948954379885
890.0 0.00017048143945430638
891.0 0.00013832337799613015
892.0 4.2170920977468995e-06
893.0 1.610694975832938e-10
894.0 1.610694975832938e-10
895.0 1.8009036750754603e-05
896.0 1.6316475637268013e-05
897.0 1.4623955735260097e-05
898.0 8.573121590416122e-05
899.0 0.00015683846186220762
900.0 3.819885705524939e-05
901.0 1.610694975832938e-10
