lsstCam/transmission_filter_detector/r10_s22/r_57/19700101T000000.ecsv
# %ECSV 1.0
# ---
# datatype:
# - {name: wavelength, unit: nm, datatype: float32}
# - {name: efficiency, unit: '%', datatype: float64}
# meta: !!omap
# - {MODE: DETECTOR}
# - {TYPE: transmission_filter_detector}
# - {CALIBDATE: '1970-01-01T00:00:00'}
# - {INSTRUME: LSSTCam}
# - {OBSTYPE: transmission_filter_detector}
# - {CALIBCLS: lsst.ip.isr.IntermediateFilterDetectorTransmissionCurve}
# - {SOURCE: Materion (DM-46256)}
# - {DETECTOR: 35}
# - {FILTER: r_57}
# - {CALIB_ID: 'calibDate=1970-01-01T00:00:00 filter=r_57 detector=35'}
# - {DATE: '2025-04-02T15:59:44.348162'}
# - {CALIB_CREATION_DATE: '2025-04-02'}
# - {CALIB_CREATION_TIME: '15:59:44'}
# - __serialized_columns__:
#     efficiency:
#       __class__: astropy.units.quantity.Quantity
#       unit: !astropy.units.Unit {unit: '%'}
#       value: !astropy.table.SerializedColumn {name: efficiency}
#     wavelength:
#       __class__: astropy.units.quantity.Quantity
#       unit: !astropy.units.Unit {unit: nm}
#       value: !astropy.table.SerializedColumn {name: wavelength}
# schema: astropy-2.0
wavelength efficiency
[from data line 603]
903.0 1.610694975832938e-10
904.0 1.610694975832938e-10
905.0 1.665514162141335e-05
906.0 1.610694975832938e-10
907.0 1.610694975832938e-10
908.0 1.610694975832938e-10
909.0 1.610694975832938e-10
910.0 1.610694975832938e-10
911.0 1.610694975832938e-10
912.0 1.610694975832938e-10
913.0 1.610694975832938e-10
914.0 1.610694975832938e-10
915.0 6.582794753740018e-05
916.0 6.277278998823022e-05
917.0 5.97176551764278e-05
918.0 8.203576840060123e-05
919.0 0.00010435385320306523
920.0 1.610694975832938e-10
921.0 1.610694975832938e-10
922.0 6.591266696887033e-05
923.0 0.00023710899768047966
924.0 0.00021718990410590777
925.0 0.00019727083326870343
926.0 0.00017885531633510254
927.0 0.00016043979940150166
928.0 0.00019763065211009234
929.0 0.00023482152755605057
930.0 0.0002608446493468364
931.0 0.00028686779387498973
932.0 0.00010892415502894437
933.0 1.610694975832938e-10
934.0 8.01067074007733e-05
935.0 0.0002292328190378612
936.0 0.0002281242586832377
937.0 0.00022701569832861423
938.0 0.0002665872898433008
939.0 0.00030615890409535496
940.0 0.00030068201795074856
941.0 0.00029520513180614216
942.0 0.00031860829494689824
943.0 0.0003420114580876543
944.0 0.0003545825848050299
945.0 0.0003671537569971406
946.0 0.00036547189665725455
947.0 0.00036379001358000096
948.0 0.0004801884188054828
949.0 0.0005965869149804348
950.0 0.0005643249551212648
951.0 0.0005320629952620948
952.0 0.000654291716273292
953.0 0.0007765205737086944
954.0 0.0011301775884930976
955.0 0.001483834785176441
956.0 0.0015475192412850447
957.0 0.0016112038792925887
958.0 0.0017136751921498217
959.0 0.0018161468688049354
960.0 0.001964955481525976
961.0 0.0021137642761459574
962.0 0.0022877105948282406
963.0 0.0024616572773084044
964.0 0.002499719812476542
965.0 0.002537782165745739
966.0 0.002509043952159118
967.0 0.0024803055566735566
968.0 0.0024965565899037756
969.0 0.0025128079869318753
970.0 0.002568278978287708
971.0 0.0026237497877446003
972.0 0.002661717553564813
973.0 0.002699684955587145
974.0 0.0029149498004699126
975.0 0.00313021446345374
976.0 0.0032135627407114953
977.0 0.00329691065417137
978.0 0.003154682053718716
979.0 0.0030124538170639426
980.0 0.0029734137569903396
981.0 0.0029343736969167367
982.0 0.0030256554964580573
983.0 0.003116937295999378
984.0 0.0030866933229845017
985.0 0.0030564493499696255
986.0 0.0029384958907030523
987.0 0.002820542431436479
988.0 0.0026358296963735484
989.0 0.0024511173251084983
990.0 0.0024848948669387028
991.0 0.002518672408768907
992.0 0.0025803114112932235
993.0 0.002641950959514361
994.0 0.002708276952034794
995.0 0.002774602580757346
996.0 0.0028294096409808844
997.0 0.002884216337406542
998.0 0.0030432132916757837
999.0 0.003202210064046085
1000.0 0.0033188418456120417
1001.0 0.0034354736271779984
1002.0 0.003642395677161403
1003.0 0.0038493180909426883
1004.0 0.003945162097807042
1005.0 0.004041006104671396
1006.0 0.004212798739899881
1007.0 0.0043845921027241275
1008.0 0.004285179966245778
1009.0 0.004185768193565309
1010.0 0.004208383688819595
1011.0 0.004230999911669642
1012.0 0.0042046023736475036
1013.0 0.004178204835625365
1014.0 0.003941675095120445
1015.0 0.0037051453546155244
1016.0 0.0034991684515262023
1017.0 0.003293191912234761
1018.0 0.002911702358687762
1019.0 0.002530213532736525
1020.0 0.0021634426957461983
1021.0 0.001796672040654812
1022.0 0.0015652840374968946
1023.0 0.0013338957614905667
1024.0 0.0014009126061864663
1025.0 0.0014679296327813063
1026.0 0.0013504546586773358
1027.0 0.0012329794117249548
1028.0 0.0011447782526374795
1029.0 0.0010565767297521234
1030.0 0.0009647079423302785
1031.0 0.0008728385182621423
1032.0 0.0008799358511168975
1033.0 0.0008870330020727124
1034.0 0.0008167745363607537
1035.0 0.0007465158887498546
1036.0 0.0008010480996745173
1037.0 0.000855579855851829
1038.0 0.0007875909432186745
1039.0 0.0007196020760602551
1040.0 0.0008079916369752027
1041.0 0.0008963811524154153
1042.0 0.0009366895938001107
1043.0 0.0009769976713869255
1044.0 0.0008709528628969565
1045.0 0.0007649084182048682
1046.0 0.000837634433992207
1047.0 0.0009103606316784862
1048.0 0.0007384408036159584
1049.0 0.0005665210210281657
1050.0 0.0005925096957071219
1051.0 0.0006184983249113429
1052.0 0.0009283859071729239
1053.0 0.0012382731256366242
1054.0 0.0010262643627356738
1055.0 0.0008142553269863129
1056.0 0.0009539469829178415
1057.0 0.0010936388207483105
1058.0 0.0009109527127293404
1059.0 0.0007282667866093107
1060.0 0.001127694395108847
1061.0 0.0015271214579115622
1062.0 0.0015807587260496803
1063.0 0.001634395812288858
1064.0 0.001153790253738407
1065.0 0.0006731843313900754
1066.0 0.0010892830687225796
1067.0 0.0015053819879540242
1068.0 0.0017992386347032152
1069.0 0.0020930949176545255
1070.0 0.0015587937014061026
1071.0 0.0010244923942082096
1072.0 0.00124040498121758
1073.0 0.0014563177501258906
1074.0 0.002123539707099553
1075.0 0.0027907615731237456
1076.0 0.0030086208425927907
1077.0 0.003226480112061836
1078.0 0.003951918915845454
1079.0 0.004677357719629072
1080.0 0.004452843859326094
1081.0 0.004228329999023117
1082.0 0.003976789230364375
1083.0 0.0037252488255035132
1084.0 0.004402752165333368
1085.0 0.005080255141365342
1086.0 0.0051752514991676435
1087.0 0.005270248220767826
1088.0 0.00515309875481762
1089.0 0.005035950016463175
1090.0 0.004954513497068547
1091.0 0.004873076977673918
1092.0 0.0043017385905841365
1093.0 0.0037303998396964744
1094.0 0.003968689634348266
1095.0 0.004206979792797938
1096.0 0.003480505256447941
1097.0 0.002754030720097944
1098.0 0.0018519074728828855
1099.0 0.0009497846804151777
1100.0 0.0010776439012261108
1101.0 0.0012055028491886333
