lsstCam/transmission_sensor/r32_s12/19700101T000000.ecsv
# %ECSV 1.0
# ---
# datatype:
# - {name: amp_name, datatype: string}
# - {name: wavelength, unit: nm, datatype: float32}
# - {name: efficiency, unit: '%', datatype: float64}
# meta: !!omap
# - {MODE: AMP}
# - {TYPE: transmission_sensor}
# - {CALIBDATE: '1970-01-01T00:00:00'}
# - {INSTRUME: LSSTCam}
# - {OBSTYPE: transmission_sensor}
# - {DETECTOR: 140}
# - {PARQUETFILE: qe_raft_allvalues_nircorrected_20230725_adjust.parquet}
# - {CORRFILE: qe_corr_factor_bydetnum.parquet}
# - {CALIBCLS: lsst.ip.isr.IntermediateSensorTransmissionCurve}
# - {CALIB_ID: 'raftName=R32 detectorName=S12 detector=140 calibDate=1970-01-01T00:00:00 ccd=140 ccdnum=140 filter=None'}
# - {DATE: '2025-03-03T21:56:48.170837'}
# - {CALIB_CREATION_DATE: '2025-03-03'}
# - {CALIB_CREATION_TIME: '21:56:48'}
# - __serialized_columns__:
#     efficiency:
#       __class__: astropy.units.quantity.Quantity
#       unit: !astropy.units.Unit {unit: '%'}
#       value: !astropy.table.SerializedColumn {name: efficiency}
#     wavelength:
#       __class__: astropy.units.quantity.Quantity
#       unit: !astropy.units.Unit {unit: nm}
#       value: !astropy.table.SerializedColumn {name: wavelength}
# schema: astropy-2.0
amp_name wavelength efficiency
C00 319.992 46.997202702596674
C00 330.006 49.13764806415605
C00 349.994 68.73389484284412
C00 370.001 74.47643072629732
C00 400.009 81.83985306462759
C00 429.983 84.6424803152998
C00 449.989 86.02281444851427
C00 469.993 87.42428959903592
C00 500.016 89.89458065866319
C00 549.99 93.10688836945546
C00 569.998 94.3544337745589
C00 599.983 95.67502612752223
C00 630.013 96.17389854125666
C00 649.987 96.71656306227024
C00 670.017 96.83134361039359
C00 699.987 96.91269971430953
C00 720.012 96.40764426672868
C00 749.995 95.91327201979135
C00 770.007 95.44616372161298
C00 800.008 94.59298017880111
C00 830.013 92.95476920867515
C00 869.994 88.570044086053
C00 900.005 81.27078856677768
C00 919.989 74.7628937646494
C00 959.989 54.097639500472845
C00 1000.013 27.70429270954992
C00 1030.002 11.586953777684583
C00 1049.996 5.739812963246987
C00 1080.005 0.6649191272631821
C00 1100.007 0.0904497212034836
C01 319.992 47.544051852835594
C01 330.006 49.70702434317805
C01 349.994 69.56986656239702
C01 370.001 75.39171506834911
C01 400.009 82.31388065098646
C01 429.983 84.89829113239628
C01 449.989 86.19754713526991
C01 469.993 87.5409483469911
C01 500.016 89.95562215319796
C01 549.99 93.1194497699308
C01 569.998 94.35641715358132
C01 599.983 95.66441054207267
C01 630.013 96.16058586084858
C01 649.987 96.6979613711357
C01 670.017 96.80999223470523
C01 699.987 96.8859992255001
C01 720.012 96.37805886297755
C01 749.995 95.88474592074537
C01 770.007 95.41690888103226
C01 800.008 94.55270406160716
C01 830.013 92.9014208206516
C01 869.994 88.51023469060793
C01 900.005 81.21150506728551
C01 919.989 74.56252740658883
C01 959.989 53.871260074741286
C01 1000.013 27.626995395470587
C01 1030.002 11.495357728285457
C01 1049.996 5.677350140989474
C01 1080.005 0.6647213701043315
C01 1100.007 0.09042282006746477
C02 319.992 49.59874236647287
C02 330.006 51.87190132814999
C02 349.994 72.72237990334285
C02 370.001 78.88160568868854
C02 400.009 85.67476899407585
C02 429.983 88.15188918829169
C02 449.989 89.41896787164626
C02 469.993 90.76736509492014
C02 500.016 93.22565821402164
C02 549.99 96.46522987357287
C02 569.998 97.74290911677834
C02 599.983 99.10392033012285
C02 630.013 99.61615801386064
C02 649.987 100.17792758356369
C02 670.017 100.29439099873636
C02 699.987 100.38205785408728
C02 720.012 99.85746912825532
C02 749.995 99.34654618439981
C02 770.007 98.86414933959027
C02 800.008 97.96361262261807
C02 830.013 96.23930497220061
C02 869.994 91.67006549809861
C02 900.005 84.14945285944206
C02 919.989 77.21974442628006
C02 959.989 55.7455720329284
C02 1000.013 28.58315312226286
C02 1030.002 11.914647058745201
C02 1049.996 5.855016575882455
C02 1080.005 0.688720315418295
C02 1100.007 0.09368742447395896
C03 319.992 48.237272872369395
C03 330.006 50.45609926931108
C03 349.994 70.78869053567199
C03 370.001 76.79728469450417
C03 400.009 83.1011468925001
C03 429.983 85.36043347021926
C03 449.989 86.54189629243928
C03 469.993 87.80343804268959
C03 500.016 90.14997075899734
C03 549.99 93.25620525608666
C03 569.998 94.48810901299055
C03 599.983 95.79202295144715
C03 630.013 96.2823082355504
C03 649.987 96.82334247910995
C03 670.017 96.93989604787456
C03 699.987 97.01741311133422
C03 720.012 96.51191440859306
C03 749.995 96.01442434993487
C03 770.007 95.54225993780919
C03 800.008 94.66522325713296
C03 830.013 92.99980844064265
C03 869.994 88.54114234704066
C03 900.005 81.35797460297165
C03 919.989 74.63199074916956
C03 959.989 53.78685377429844
C03 1000.013 27.509970398548194
C03 1030.002 11.47730447150182
C03 1049.996 5.623960432569618
C03 1080.005 0.6656203612538832
C03 1100.007 0.09054511087774127
C04 319.992 48.7124949938213
C04 330.006 50.960456026554475
C04 349.994 71.56172753525962
C04 370.001 77.64732037439788
C04 400.009 83.6632019485776
C04 429.983 85.78284061239987
C04 449.989 86.90756677409969
C04 469.993 88.14319687946994
C04 500.016 90.46109831754113
C04 549.99 93.5485883803087
C04 569.998 94.77657796876304
C04 599.983 96.08182918549991
C04 630.013 96.57644184201573
C04 649.987 97.1154250913589
C04 670.017 97.22502180794638
C04 699.987 97.30487535199684
C04 720.012 96.79355422977699
C04 749.995 96.29503491761095
C04 770.007 95.8167550868328
C04 800.008 94.92472285869917
C04 830.013 93.25890235104518
C04 869.994 88.7517110865878
C04 900.005 81.6300656562105
C04 919.989 74.87013897504742
C04 959.989 53.93911943466563
C04 1000.013 27.627836828995253
C04 1030.002 11.519257821145608
C04 1049.996 5.632205729831392
C04 1080.005 0.6675656923651117
C04 1100.007 0.09080973652835732
C05 319.992 49.059883078318585
C05 330.006 51.33197146609157
C05 349.994 72.18371219157143
C05 370.001 78.38845051524223
C05 400.009 84.12462305766515
C05 429.983 86.09886651610509
C05 449.989 87.17144633767374
C05 469.993 88.3694523440126
C05 500.016 90.65644612565104
C05 549.99 93.72114986805875
C05 569.998 94.9472236926846
C05 599.983 96.25398498208627
C05 630.013 96.74396224141711
C05 649.987 97.28902334541613
C05 670.017 97.40207594969418
C05 699.987 97.48050957467177
C05 720.012 96.96797137896088
C05 749.995 96.4639752360852
C05 770.007 95.98203667203464
C05 800.008 95.08526386752544
C05 830.013 93.39795675379521
C05 869.994 88.86347148938155
C05 900.005 81.71062540339774
C05 919.989 74.97309437702951
C05 959.989 53.97065816624187
C05 1000.013 27.59272576133885
C05 1030.002 11.505040787518503
C05 1049.996 5.623307758128054
C05 1080.005 0.6687368664215444
C05 1100.007 0.09096905269560478
C06 319.992 49.16266944231581
C06 330.006 51.446631809425675
C06 349.994 72.41645871473293
C06 370.001 78.66995510603826
C06 400.009 84.14437420709677
C06 429.983 85.98814287961852
C06 449.989 87.0112133536199
C06 469.993 88.17361620394641
C06 500.016 90.42285065616556
C06 549.99 93.4582094044006
C06 569.998 94.67550827941211
C06 599.983 95.97574845899764
C06 630.013 96.46569566713117
C06 649.987 97.00449109649117
C06 670.017 97.11941438780173
C06 699.987 97.1956993521717
C06 720.012 96.68458107553369
C06 749.995 96.17661066181383
C06 770.007 95.69485991774644
C06 800.008 94.78314415537515
C06 830.013 93.07835475761016
C06 869.994 88.53443341724133
C06 900.005 81.35283584823173
C06 919.989 74.64052528920544
C06 959.989 53.74181829873061
C06 1000.013 27.42959095854481
C06 1030.002 11.414285232544126
C06 1049.996 5.598776120574446
C06 1080.005 0.666744705457831
C06 1100.007 0.09069805672576103
C07 319.992 49.38961232799692
C07 330.006 51.70200688416116
C07 349.994 72.93215979896063
C07 370.001 79.33881211735344
C07 400.009 84.51709920732556
C07 429.983 86.2072912359975
C07 449.989 87.16914742107957
C07 469.993 88.28965890235675
C07 500.016 90.50611501111065
C07 549.99 93.51577998564613
C07 569.998 94.73920179210944
C07 599.983 96.04280770579362
C07 630.013 96.5431225769989
C07 649.987 97.09045254639477
C07 670.017 97.20582660566498
C07 699.987 97.28995493253271
C07 720.012 96.77998611419179
C07 749.995 96.27472030822977
C07 770.007 95.78350343700993
C07 800.008 94.87108898430118
C07 830.013 93.1458422339678
C07 869.994 88.56994641966175
C07 900.005 81.30588836523509
C07 919.989 74.58945327937806
C07 959.989 53.721548766145396
C07 1000.013 27.451361172795657
C07 1030.002 11.455449738258542
C07 1049.996 5.6052878393914325
C07 1080.005 0.6674248476988454
C07 1100.007 0.09079057726481014
C10 319.992 44.06854824320806
C10 330.006 46.04635652492884
C10 349.994 64.47530210812896
C10 370.001 70.30361162150258
C10 400.009 79.82851140310918
C10 429.983 83.59848669517174
C10 449.989 85.31407198557015
C10 469.993 86.94217072780148
C10 500.016 89.6319256813795
C10 549.99 93.05632722998236
C10 569.998 94.36461361764746
C10 599.983 95.75880135282158
C10 630.013 96.31428270948763
C10 649.987 96.88847844927813
C10 670.017 97.02830667035889
C10 699.987 97.13712956861563
C10 720.012 96.64879761233749
C10 749.995 96.1791575007858
C10 770.007 95.72541447261081
C10 800.008 94.8912533376958
C10 830.013 93.31681100826044
C10 869.994 88.93625548926498
C10 900.005 81.82875666002109
C10 919.989 75.26342650703518
C10 959.989 54.225725216204935
C10 1000.013 27.90997061673495
C10 1030.002 11.65350027592647
C10 1049.996 5.774531487138531
C10 1080.005 0.666762408786875
C10 1100.007 0.09070046493017378
C11 319.992 45.36669610818092
C11 330.006 47.40840450458052
C11 349.994 66.34006154197135
C11 370.001 72.18736341204452
C11 400.009 80.98973474394128
C11 429.983 84.43013855511141
C11 449.989 86.03178473091113
C11 469.993 87.57703983495972
C11 500.016 90.1923354344043
C11 549.99 93.5481451251484
C11 569.998 94.84275821803772
C11 599.983 96.2075784206412
C11 630.013 96.74609587642608
C11 649.987 97.31174205058204
C11 670.017 97.44205155491504
C11 699.987 97.54065704608658
C11 720.012 97.0421527595192
C11 749.995 96.56341464798209
C11 770.007 96.09727550091695
C11 800.008 95.2477506913775
C11 830.013 93.65134093670895
C11 869.994 89.26105634258457
C11 900.005 82.00563800738436
C11 919.989 75.38640351922467
C11 959.989 54.508634700475184
C11 1000.013 27.973207726873138
C11 1030.002 11.666544373758592
C11 1049.996 5.740811226457609
C11 1080.005 0.6694262607740994
C11 1100.007 0.09106283181013336
C12 319.992 46.00660254728813
C12 330.006 48.09154334741701
C12 349.994 67.38650433468013
C12 370.001 73.31492189909076
C12 400.009 81.46012613542571
C12 429.983 84.5788168537998
C12 449.989 86.05732073582482
C12 469.993 87.52218137427136
C12 500.016 90.05357403082803
C12 549.99 93.33715566883892
C12 569.998 94.61506780882354
C12 599.983 95.9656061799057
C12 630.013 96.49525101968499
C12 649.987 97.05395536726247
C12 670.017 97.1851814331134
C12 699.987 97.2745987707076
C12 720.012 96.777604556805
C12 749.995 96.29510253280489
C12 770.007 95.82715280110186
C12 800.008 94.97475810221937
C12 830.013 93.35356362256987
C12 869.994 88.98385658580311
C12 900.005 81.68116771723518
C12 919.989 75.07230089214724
C12 959.989 54.27723672479296
C12 1000.013 27.85857743473634
C12 1030.002 11.635369073849812
C12 1049.996 5.712879577658415
C12 1080.005 0.6675661800384988
C12 1100.007 0.0908098028671346
C13 319.992 46.39372207102814
C13 330.006 48.513830284808364
C13 349.994 68.1153134846276
C13 370.001 74.18014845922438
C13 400.009 81.83312910922962
C13 429.983 84.69139615172023
C13 449.989 86.07070854422616
C13 469.993 87.47119200523659
C13 500.016 89.93771915240087
C13 549.99 93.17117539329965
C13 569.998 94.43913307417552
C13 599.983 95.78173792916799
C13 630.013 96.30924162113898
C13 649.987 96.86976406615369
C13 670.017 96.99531045571314
C13 699.987 97.09369056290487
C13 720.012 96.59788337129599
C13 749.995 96.11127184606381
C13 770.007 95.6469808476332
C13 800.008 94.78965775239197
C13 830.013 93.15247603577386
C13 869.994 88.80500688501607
C13 900.005 81.41775394721942
C13 919.989 74.81978068115615
C13 959.989 54.03865651295377
C13 1000.013 27.721553366004525
C13 1030.002 11.587153805966674
C13 1049.996 5.702371519149233
C13 1080.005 0.666291770955593
C13 1100.007 0.0906364435193257
C14 319.992 47.137951241595026
C14 330.006 49.31182104736181
C14 349.994 69.35433937529383
C14 370.001 75.55674121837382
C14 400.009 82.73810589060427
C14 429.983 85.35686489053877
C14 449.989 86.65461833354694
C14 469.993 88.00651652130735
C14 500.016 90.42851530685839
C14 549.99 93.63195791444437
C14 569.998 94.89928452017675
C14 599.983 96.24271578309524
C14 630.013 96.77350256837227
C14 649.987 97.33694749232532
C14 670.017 97.46589717998006
C14 699.987 97.56046829791282
C14 720.012 97.06350413520755
C14 749.995 96.57801201707514
C14 770.007 96.10414219950215
C14 800.008 95.23767602747952
C14 830.013 93.5853635330161
C14 869.994 89.23325898507335
C14 900.005 81.77670798628117
C14 919.989 75.10241970465061
C14 959.989 54.27355545312255
C14 1000.013 27.832256342292947
C14 1030.002 11.635119273272178
C14 1049.996 5.722926068558922
C14 1080.005 0.6695274470800249
C14 1100.007 0.09107659630085907
C15 319.992 47.713157452895054
C15 330.006 49.91085034532888
C15 349.994 70.10620530637698
C15 370.001 76.20846153442331
C15 400.009 83.08102761590145
C15 429.983 85.58354858464308
C15 449.989 86.84328726305483
C15 469.993 88.16214415937354
C15 500.016 90.55868958080349
C15 549.99 93.7348156500352
C15 569.998 94.98466748453215
C15 599.983 96.31022579785086
C15 630.013 96.8183840315539
C15 649.987 97.36848622390157
C15 670.017 97.48822521958097
C15 699.987 97.56937847791507
C15 720.012 97.06044642588131
C15 749.995 96.56152142255159
C15 770.007 96.07884660416694
C15 800.008 95.19425956016673
C15 830.013 93.53247342575153
C15 869.994 89.1496490413592
C15 900.005 81.77510024722511
C15 919.989 74.93547779079744
C15 959.989 54.15155510484561
C15 1000.013 27.78935262353425
C15 1030.002 11.612726435777077
C15 1049.996 5.715132947906664
C15 1080.005 0.6694131098641599
C15 1100.007 0.09106104287657914
C16 319.992 47.84834652039116
C16 330.006 50.06670712377455
C16 349.994 70.45055446354634
C16 370.001 76.66229471619023
C16 400.009 83.23745912349565
C16 429.983 85.56948462430228
C16 449.989 86.76057134246064
C16 469.993 88.03777727930849
C16 500.016 90.38684180898954
C16 549.99 93.51819159423022
C16 569.998 94.76793073673726
C16 599.983 96.0925649757387
C16 630.013 96.60472753148322
C16 649.987 97.15475459583762
C16 670.017 97.27759637763921
C16 699.987 97.35934314712017
C16 720.012 96.85352139400794
C16 749.995 96.34933743114908
C16 770.007 95.86655743357385
C16 800.008 94.97860465547497
C16 830.013 93.3183661577212
C16 869.994 88.92096694263381
C16 900.005 81.64400941176208
C16 919.989 74.75819826506981
C16 959.989 53.966668869799044
C16 1000.013 27.71144865090923
C16 1030.002 11.58643633363091
C16 1049.996 5.720028475768352
C16 1080.005 0.667942137903316
C16 1100.007 0.09086094485217111
C17 319.992 48.3121379176665
C17 330.006 50.55898705609922
C17 349.994 71.22856493628868
C17 370.001 77.5363488155335
C17 400.009 83.7990108220182
C17 429.983 85.97631773347726
C17 449.989 87.11688087615916
C17 469.993 88.35299931348568
C17 500.016 90.67857883246944
C17 549.99 93.78898293318545
C17 569.998 95.03166004432477
C17 599.983 96.36072683492935
C17 630.013 96.87246116111221
C17 649.987 97.4230366598175
C17 670.017 97.55092704276709
C17 699.987 97.63359788656531
C17 720.012 97.12344876104052
C17 749.995 96.62357714499555
C17 770.007 96.13823528284969
C17 800.008 95.23994489287638
C17 830.013 93.57347828448023
C17 869.994 89.1120249423278
C17 900.005 81.88132371691461
C17 919.989 74.7717588678557
C17 959.989 54.22980842263936
C17 1000.013 27.95860284498076
C17 1030.002 11.661292927028772
C17 1049.996 5.7518475286694954
C17 1080.005 0.6698433094211198
C17 1100.007 0.09111956342200102
