lsstCam/transmission_sensor/r32_s12/19700101T000000.ecsv
# %ECSV 1.0
# ---
# datatype:
# - {name: amp_name, datatype: string}
# - {name: wavelength, unit: nm, datatype: float32}
# - {name: efficiency, unit: '%', datatype: float64}
# meta: !!omap
# - {MODE: AMP}
# - {TYPE: transmission_sensor}
# - {CALIBDATE: '1970-01-01T00:00:00'}
# - {INSTRUME: LSSTCAM}
# - {OBSTYPE: transmission_sensor}
# - {DETECTOR: 140}
# - {PARQUETFILE: qe_raft_allvalues_nircorrected_20230725.parquet}
# - {CALIBCLS: lsst.ip.isr.IntermediateSensorTransmissionCurve}
# - {CALIB_ID: 'raftName=R32 detectorName=S12 detector=140 calibDate=1970-01-01T00:00:00 ccd=140 ccdnum=140 filter=None'}
# - {DATE: '2023-08-02T16:57:55.988013'}
# - {CALIB_CREATION_DATE: '2023-08-02'}
# - {CALIB_CREATION_TIME: '16:57:55'}
# - __serialized_columns__:
#     efficiency:
#       __class__: astropy.units.quantity.Quantity
#       unit: !astropy.units.Unit {unit: '%'}
#       value: !astropy.table.SerializedColumn {name: efficiency}
#     wavelength:
#       __class__: astropy.units.quantity.Quantity
#       unit: !astropy.units.Unit {unit: nm}
#       value: !astropy.table.SerializedColumn {name: wavelength}
# schema: astropy-2.0
amp_name wavelength efficiency
C00 319.992 47.72657775878906
C00 330.006 49.90024185180664
C00 349.994 69.80061340332031
C00 370.001 75.63227081298828
C00 400.009 83.10997009277344
C00 429.983 85.95609283447266
C00 449.989 87.35784912109375
C00 469.993 88.78107452392578
C00 500.016 91.28970336914062
C00 549.99 94.55186462402344
C00 569.998 95.81877136230469
C00 599.983 97.15985870361328
C00 630.013 97.66647338867188
C00 649.987 98.21755981445312
C00 670.017 98.33412170410156
C00 699.987 98.41674041748047
C00 720.012 97.90384674072266
C00 749.995 97.40180206298828
C00 770.007 96.92744445800781
C00 800.008 96.06101989746094
C00 830.013 94.39738464355469
C00 869.994 89.94461059570312
C00 900.005 82.53207397460938
C00 919.989 75.92317962646484
C00 959.989 54.93721008300781
C00 1000.013 28.13425064086914
C00 1030.002 11.766777992248535
C00 1049.996 5.828892230987549
C00 1080.005 0.6752383675141382
C00 1100.007 0.09185345944090283
C01 319.992 48.28191375732422
C01 330.006 50.47845458984375
C01 349.994 70.6495590209961
C01 370.001 76.56175994873047
C01 400.009 83.59135437011719
C01 429.983 86.21587371826172
C01 449.989 87.53529357910156
C01 469.993 88.89954376220703
C01 500.016 91.35169219970703
C01 549.99 94.56462097167969
C01 569.998 95.82078552246094
C01 599.983 97.14907836914062
C01 630.013 97.6529541015625
C01 649.987 98.19866943359375
C01 670.017 98.31243896484375
C01 699.987 98.3896255493164
C01 720.012 97.8738021850586
C01 749.995 97.37283325195312
C01 770.007 96.89773559570312
C01 800.008 96.0201187133789
C01 830.013 94.34320831298828
C01 869.994 89.88387298583984
C01 900.005 82.47187042236328
C01 919.989 75.7197036743164
C01 959.989 54.70731735229492
C01 1000.013 28.055753707885742
C01 1030.002 11.673760414123535
C01 1049.996 5.765460014343262
C01 1080.005 0.6750375412547762
C01 1100.007 0.09182614081157658
C02 319.992 50.368492126464844
C02 330.006 52.67692947387695
C02 349.994 73.85099792480469
C02 370.001 80.1058120727539
C02 400.009 87.00440216064453
C02 429.983 89.51996612548828
C02 449.989 90.80670928955078
C02 469.993 92.17603302001953
C02 500.016 94.67247772216797
C02 549.99 97.96232604980469
C02 569.998 99.25983428955078
C02 599.983 100.6419677734375
C02 630.013 101.16215515136719
C02 649.987 101.7326431274414
C02 670.017 101.85091400146484
C02 699.987 101.93994140625
C02 720.012 101.40721130371094
C02 749.995 100.88835906982422
C02 770.007 100.39847564697266
C02 800.008 99.48396301269531
C02 830.013 97.73289489746094
C02 869.994 93.09274291992188
C02 900.005 85.45541381835938
C02 919.989 78.41815948486328
C02 959.989 56.6107177734375
C02 1000.013 29.026750564575195
C02 1030.002 12.099556922912598
C02 1049.996 5.945883750915527
C02 1080.005 0.6994089392059254
C02 1100.007 0.09514141038292112
C03 319.992 48.98589324951172
C03 330.006 51.23915481567383
C03 349.994 71.88729858398438
C03 370.001 77.98914337158203
C03 400.009 84.39083862304688
C03 429.983 86.68518829345703
C03 449.989 87.8849868774414
C03 469.993 89.16610717773438
C03 500.016 91.54905700683594
C03 549.99 94.70349884033203
C03 569.998 95.95452117919922
C03 599.983 97.27867126464844
C03 630.013 97.77656555175781
C03 649.987 98.32599639892578
C03 670.017 98.4443588256836
C03 699.987 98.52307891845703
C03 720.012 98.00973510742188
C03 749.995 97.50452423095703
C03 770.007 97.02503204345703
C03 800.008 96.13438415527344
C03 830.013 94.44312286376953
C03 869.994 89.9152603149414
C03 900.005 82.62061309814453
C03 919.989 75.79024505615234
C03 959.989 54.62160110473633
C03 1000.013 27.936912536621094
C03 1030.002 11.655426979064941
C03 1049.996 5.711241722106934
C03 1080.005 0.6759504843351348
C03 1100.007 0.09195032951920629
C04 319.992 49.46849060058594
C04 330.006 51.751338958740234
C04 349.994 72.67233276367188
C04 370.001 78.85237121582031
C04 400.009 84.96161651611328
C04 429.983 87.11415100097656
C04 449.989 88.25633239746094
C04 469.993 89.51113891601562
C04 500.016 91.8650131225586
C04 549.99 95.00041961669922
C04 569.998 96.24746704101562
C04 599.983 97.5729751586914
C04 630.013 98.07526397705078
C04 649.987 98.62261199951172
C04 670.017 98.7339096069336
C04 699.987 98.81500244140625
C04 720.012 98.29574584960938
C04 749.995 97.78948974609375
C04 770.007 97.30378723144531
C04 800.008 96.39791107177734
C04 830.013 94.70623779296875
C04 869.994 90.12909698486328
C04 900.005 82.89692687988281
C04 919.989 76.03208923339844
C04 959.989 54.77622985839844
C04 1000.013 28.056608200073242
C04 1030.002 11.698031425476074
C04 1049.996 5.7196149826049805
C04 1080.005 0.6779260060940395
C04 1100.007 0.09221906203869301
C05 319.992 49.82126998901367
C05 330.006 52.12862014770508
C05 349.994 73.30397033691406
C05 370.001 79.6050033569336
C05 400.009 85.4301986694336
C05 429.983 87.4350814819336
C05 449.989 88.52430725097656
C05 469.993 89.74090576171875
C05 500.016 92.06339263916016
C05 549.99 95.1756591796875
C05 569.998 96.42076110839844
C05 599.983 97.747802734375
C05 630.013 98.2453842163086
C05 649.987 98.79890441894531
C05 670.017 98.91371154785156
C05 699.987 98.99336242675781
C05 720.012 98.47286987304688
C05 749.995 97.96105194091797
C05 770.007 97.47163391113281
C05 800.008 96.56094360351562
C05 830.013 94.84745025634766
C05 869.994 90.24259185791016
C05 900.005 82.9787368774414
C05 919.989 76.13664245605469
C05 959.989 54.808258056640625
C05 1000.013 28.020952224731445
C05 1030.002 11.68359375
C05 1049.996 5.710578918457031
C05 1080.005 0.679115356235305
C05 1100.007 0.09238085071987227
C06 319.992 49.92565155029297
C06 330.006 52.245059967041016
C06 349.994 73.54032897949219
C06 370.001 79.89087677001953
C06 400.009 85.45025634765625
C06 429.983 87.32263946533203
C06 449.989 88.36158752441406
C06 469.993 89.54203033447266
C06 500.016 91.826171875
C06 549.99 94.90863800048828
C06 569.998 96.14482879638672
C06 599.983 97.46524810791016
C06 630.013 97.96279907226562
C06 649.987 98.50995635986328
C06 670.017 98.62666320800781
C06 699.987 98.70413208007812
C06 720.012 98.1850814819336
C06 749.995 97.66922760009766
C06 770.007 97.18000030517578
C06 800.008 96.25413513183594
C06 830.013 94.52288818359375
C06 869.994 89.908447265625
C06 900.005 82.61539459228516
C06 919.989 75.79891204833984
C06 959.989 54.57586669921875
C06 1000.013 27.85528564453125
C06 1030.002 11.591429710388184
C06 1049.996 5.685666561126709
C06 1080.005 0.6770922778460577
C06 1100.007 0.09210564901672173
C07 319.992 50.1561164855957
C07 330.006 52.504398345947266
C07 349.994 74.06403350830078
C07 370.001 80.57011413574219
C07 400.009 85.82876586914062
C07 429.983 87.5451889038086
C07 449.989 88.52197265625
C07 469.993 89.65987396240234
C07 500.016 91.91072845458984
C07 549.99 94.96710205078125
C07 569.998 96.20951080322266
C07 599.983 97.5333480834961
C07 630.013 98.04142761230469
C07 649.987 98.59725189208984
C07 670.017 98.71441650390625
C07 699.987 98.79985046386719
C07 720.012 98.28196716308594
C07 749.995 97.76885986328125
C07 770.007 97.27001953125
C07 800.008 96.34344482421875
C07 830.013 94.59142303466797
C07 869.994 89.94451141357422
C07 900.005 82.56771850585938
C07 919.989 75.7470474243164
C07 959.989 54.55528259277344
C07 1000.013 27.87739372253418
C07 1030.002 11.633233070373535
C07 1049.996 5.69227933883667
C07 1080.005 0.6777829755830747
C07 1100.007 0.09219960543215257
C10 319.992 44.752471923828125
C10 330.006 46.7609748840332
C10 349.994 65.4759292602539
C10 370.001 71.39469146728516
C10 400.009 81.06741333007812
C10 429.983 84.8958969116211
C10 449.989 86.63810729980469
C10 469.993 88.29147338867188
C10 500.016 91.0229721069336
C10 549.99 94.50051879882812
C10 569.998 95.82910919189453
C10 599.983 97.24493408203125
C10 630.013 97.80903625488281
C10 649.987 98.39214324951172
C10 670.017 98.53414154052734
C10 699.987 98.6446533203125
C10 720.012 98.14874267578125
C10 749.995 97.67181396484375
C10 770.007 97.21102905273438
C10 800.008 96.36392211914062
C10 830.013 94.76504516601562
C10 869.994 90.3165054321289
C10 900.005 83.09870147705078
C10 919.989 76.43148040771484
C10 959.989 55.067283630371094
C10 1000.013 28.343120574951172
C10 1030.002 11.834357261657715
C10 1049.996 5.864149570465088
C10 1080.005 0.6771102559226585
C10 1100.007 0.09210809459536376
C11 319.992 46.07076644897461
C11 330.006 48.144161224365234
C11 349.994 67.36962890625
C11 370.001 73.30767822265625
C11 400.009 82.24665832519531
C11 429.983 85.7404556274414
C11 449.989 87.36695861816406
C11 469.993 88.93619537353516
C11 500.016 91.59207916259766
C11 549.99 94.99996948242188
C11 569.998 96.3146743774414
C11 599.983 97.70067596435547
C11 630.013 98.24755096435547
C11 649.987 98.82197570800781
C11 670.017 98.95430755615234
C11 699.987 99.054443359375
C11 720.012 98.54820251464844
C11 749.995 98.0620346069336
C11 770.007 97.58866119384766
C11 800.008 96.7259521484375
C11 830.013 95.10476684570312
C11 869.994 90.64634704589844
C11 900.005 83.27832794189453
C11 919.989 76.55636596679688
C11 959.989 55.354583740234375
C11 1000.013 28.407339096069336
C11 1030.002 11.847603797912598
C11 1049.996 5.829905986785889
C11 1080.005 0.6798154496723952
C11 1100.007 0.09247608524329747
C12 319.992 46.720603942871094
C12 330.006 48.8379020690918
C12 349.994 68.43231201171875
C12 370.001 74.4527359008789
C12 400.009 82.72434997558594
C12 429.983 85.89144134521484
C12 449.989 87.39289093017578
C12 469.993 88.88048553466797
C12 500.016 91.45116424560547
C12 549.99 94.78570556640625
C12 569.998 96.08345031738281
C12 599.983 97.45494842529297
C12 630.013 97.99281311035156
C12 649.987 98.56018829345703
C12 670.017 98.69345092773438
C12 699.987 98.78425598144531
C12 720.012 98.27954864501953
C12 749.995 97.78955841064453
C12 770.007 97.31434631347656
C12 800.008 96.44872283935547
C12 830.013 94.8023681640625
C12 869.994 90.3648452758789
C12 900.005 82.94882202148438
C12 919.989 76.23738861083984
C12 959.989 55.11959457397461
C12 1000.013 28.290929794311523
C12 1030.002 11.81594467163086
C12 1049.996 5.801540851593018
C12 1080.005 0.6779265013358942
C12 1100.007 0.09221912940701772
C13 319.992 47.113731384277344
C13 330.006 49.26674270629883
C13 349.994 69.17243194580078
C13 370.001 75.33139038085938
C13 400.009 83.10314178466797
C13 429.983 86.00576782226562
C13 449.989 87.40648651123047
C13 469.993 88.82870483398438
C13 500.016 91.33351135253906
C13 549.99 94.61714935302734
C13 569.998 95.90478515625
C13 599.983 97.26822662353516
C13 630.013 97.80391693115234
C13 649.987 98.37313842773438
C13 670.017 98.5006332397461
C13 699.987 98.60054016113281
C13 720.012 98.09703826904297
C13 749.995 97.60287475585938
C13 770.007 97.13137817382812
C13 800.008 96.26074981689453
C13 830.013 94.59815979003906
C13 869.994 90.18321990966797
C13 900.005 82.68132019042969
C13 919.989 75.98094940185547
C13 959.989 54.87731170654297
C13 1000.013 28.151779174804688
C13 1030.002 11.76698112487793
C13 1049.996 5.79086971282959
C13 1080.005 0.6766323140078375
C13 1100.007 0.09204307960154798
C14 319.992 47.869510650634766
C14 330.006 50.077117919921875
C14 349.994 70.4306869506836
C14 370.001 76.7293472290039
C14 400.009 84.02216339111328
C14 429.983 86.68156433105469
C14 449.989 87.99945831298828
C14 469.993 89.3723373413086
C14 500.016 91.83192443847656
C14 549.99 95.0850830078125
C14 569.998 96.37207794189453
C14 599.983 97.73635864257812
C14 630.013 98.27538299560547
C14 649.987 98.84757232666016
C14 670.017 98.97852325439453
C14 699.987 99.0745620727539
C14 720.012 98.56988525390625
C14 749.995 98.07685852050781
C14 770.007 97.59563446044922
C14 800.008 96.7157211303711
C14 830.013 95.03776550292969
C14 869.994 90.61811828613281
C14 900.005 83.04584503173828
C14 919.989 76.26797485351562
C14 959.989 55.1158561706543
C14 1000.013 28.26420021057129
C14 1030.002 11.815690994262695
C14 1049.996 5.811743259429932
C14 1080.005 0.6799182063434344
C14 1100.007 0.09249006335261363
C15 319.992 48.453643798828125
C15 330.006 50.68544387817383
C15 349.994 71.19422149658203
C15 370.001 77.39118194580078
C15 400.009 84.37040710449219
C15 429.983 86.9117660522461
C15 449.989 88.19105529785156
C15 469.993 89.53038024902344
C15 500.016 91.96411895751953
C15 549.99 95.18953704833984
C15 569.998 96.45878601074219
C15 599.983 97.80491638183594
C15 630.013 98.32096099853516
C15 649.987 98.87960052490234
C15 670.017 99.0011978149414
C15 699.987 99.08361053466797
C15 720.012 98.56678009033203
C15 749.995 98.06011199951172
C15 770.007 97.5699462890625
C15 800.008 96.671630859375
C15 830.013 94.98405456542969
C15 869.994 90.53321075439453
C15 900.005 83.0442123413086
C15 919.989 76.09844207763672
C15 959.989 54.99196243286133
C15 1000.013 28.220630645751953
C15 1030.002 11.792950630187988
C15 1049.996 5.803829193115234
C15 1080.005 0.6798020946663579
C15 1100.007 0.092474268546314
C16 319.992 48.5909309387207
C16 330.006 50.843719482421875
C16 349.994 71.54391479492188
C16 370.001 77.85205841064453
C16 400.009 84.52926635742188
C16 429.983 86.8974838256836
C16 449.989 88.1070556640625
C16 469.993 89.40408325195312
C16 500.016 91.78960418701172
C16 549.99 94.96955108642578
C16 569.998 96.23868560791016
C16 599.983 97.58387756347656
C16 630.013 98.10398864746094
C16 649.987 98.66255187988281
C16 670.017 98.78730010986328
C16 699.987 98.87031555175781
C16 720.012 98.35664367675781
C16 749.995 97.84463500976562
C16 770.007 97.35436248779297
C16 800.008 96.45262908935547
C16 830.013 94.7666244506836
C16 869.994 90.30097961425781
C16 900.005 82.91108703613281
C16 919.989 75.91841125488281
C16 959.989 54.80420684814453
C16 1000.013 28.141517639160156
C16 1030.002 11.766252517700195
C16 1049.996 5.80880069732666
C16 1080.005 0.6783082938945444
C16 1100.007 0.0922710650922335
C17 319.992 49.061920166015625
C17 330.006 51.3436393737793
C17 349.994 72.33399963378906
C17 370.001 78.73967742919922
C17 400.009 85.09953308105469
C17 429.983 87.31063079833984
C17 449.989 88.4688949584961
C17 469.993 89.72419738769531
C17 500.016 92.08586883544922
C17 549.99 95.24454498291016
C17 569.998 96.50650787353516
C17 599.983 97.856201171875
C17 630.013 98.3758773803711
C17 649.987 98.93499755859375
C17 670.017 99.06487274169922
C17 699.987 99.1488265991211
C17 720.012 98.6307601928711
C17 749.995 98.12313079833984
C17 770.007 97.63025665283203
C17 800.008 96.71802520751953
C17 830.013 95.02569580078125
C17 869.994 90.49500274658203
C17 900.005 83.15208435058594
C17 919.989 75.93218231201172
C17 959.989 55.07143020629883
C17 1000.013 28.392507553100586
C17 1030.002 11.842270851135254
C17 1049.996 5.841113567352295
C17 1080.005 0.6802389707233644
C17 1100.007 0.09253369730379216
