lsstCam/transmission_sensor/r32_s12/19700101T000000.ecsv
# %ECSV 1.0
# ---
# datatype:
# - {name: amp_name, datatype: string}
# - {name: wavelength, unit: nm, datatype: float32}
# - {name: efficiency, unit: '%', datatype: float64}
# meta: !!omap
# - {MODE: AMP}
# - {TYPE: transmission_sensor}
# - {CALIBDATE: '1970-01-01T00:00:00'}
# - {INSTRUME: LSSTCAM}
# - {OBSTYPE: transmission_sensor}
# - {DETECTOR: 140}
# - {PARQUETFILE: qe_raft_allvalues_nircorrected_20230725.parquet}
# - {CALIBCLS: lsst.ip.isr.IntermediateSensorTransmissionCurve}
# - {CALIB_ID: 'raftName=R32 detectorName=S12 detector=140 calibDate=1970-01-01T00:00:00 ccd=140 ccdnum=140 filter=None'}
# - {DATE: '2024-01-18T22:42:25.473118'}
# - {CALIB_CREATION_DATE: '2024-01-18'}
# - {CALIB_CREATION_TIME: '22:42:25'}
# - __serialized_columns__:
#     efficiency:
#       __class__: astropy.units.quantity.Quantity
#       unit: !astropy.units.Unit {unit: '%'}
#       value: !astropy.table.SerializedColumn {name: efficiency}
#     wavelength:
#       __class__: astropy.units.quantity.Quantity
#       unit: !astropy.units.Unit {unit: nm}
#       value: !astropy.table.SerializedColumn {name: wavelength}
# schema: astropy-2.0
amp_name wavelength efficiency
C00 319.992 42.56488560270592
C00 330.006 49.42765368972001
C00 349.994 70.79275170381436
C00 370.001 75.27392297623854
C00 400.009 83.87126538782802
C00 429.983 86.2433530849798
C00 449.989 87.80459560673894
C00 469.993 89.48096347746237
C00 500.016 92.11962702119517
C00 549.99 95.69628292456231
C00 569.998 96.95211389388508
C00 599.983 98.23577478473916
C00 630.013 98.93689979397661
C00 649.987 99.4151116036479
C00 670.017 99.43111037043597
C00 699.987 99.41498550095524
C00 720.012 99.2834263171265
C00 749.995 99.57581226076516
C00 770.007 99.59420161475734
C00 800.008 98.85046428490118
C00 830.013 97.00590959076135
C00 869.994 92.17118327309106
C00 900.005 83.64656725808652
C00 919.989 75.19496060140742
C00 959.989 53.057444911879855
C00 1000.013 26.3164232912513
C00 1030.002 9.525817868442301
C00 1049.996 4.057540219393044
C00 1080.005 0.5791538788181116
C00 1100.007 0.11804225407549553
C01 319.992 43.06016128260443
C01 330.006 50.00039037223067
C01 349.994 71.65376414184122
C01 370.001 76.19900816618491
C01 400.009 84.3570591913098
C01 429.983 86.50400214133573
C01 449.989 87.98294751254693
C01 469.993 89.60036664576926
C01 500.016 92.18217939830353
C01 549.99 95.70919366999553
C01 569.998 96.9541518774878
C01 599.983 98.22487507241465
C01 630.013 98.9232046506217
C01 649.987 99.39599089524384
C01 670.017 99.4091857444474
C01 699.987 99.38759560555782
C01 720.012 99.25295839857368
C01 749.995 99.54619686528008
C01 770.007 99.56367537486044
C01 800.008 98.80837540180764
C01 830.013 96.9502361815379
C01 869.994 92.1089421078539
C01 900.005 83.58555073154585
C01 919.989 74.99343629380581
C01 959.989 52.835418331407155
C01 1000.013 26.242998249943987
C01 1030.002 9.450515308271108
C01 1049.996 4.013384527361002
C01 1080.005 0.5789816295611474
C01 1100.007 0.11800714649649359
C02 319.992 44.92107345679014
C02 330.006 52.178044250868254
C02 349.994 74.900707948806
C02 370.001 79.72626847107716
C02 400.009 87.80137082685869
C02 429.983 89.81913663273923
C02 449.989 91.27109318471604
C02 469.993 92.9026854922663
C02 500.016 95.53315450783484
C02 549.99 99.14802322394871
C02 569.998 100.43387764534177
C02 599.983 101.75644357659722
C02 630.013 102.47805270210989
C02 649.987 102.97305379358843
C02 670.017 102.98713504436604
C02 699.987 102.973922463607
C02 720.012 102.8361573796007
C02 749.995 103.14018929071617
C02 770.007 103.16073101185334
C02 800.008 102.37280369502717
C02 830.013 100.4335914841874
C02 869.994 95.39724739746418
C02 900.005 86.60938318021768
C02 919.989 77.66600979977608
C02 959.989 54.6736908399206
C02 1000.013 27.15125646592769
C02 1030.002 9.79521969501276
C02 1049.996 4.138978986593457
C02 1080.005 0.5998850472795316
C02 1100.007 0.12226764899091727
C03 319.992 43.68800446681627
C03 330.006 50.75388626581138
C03 349.994 72.90909679988415
C03 370.001 77.61962860603604
C03 400.009 85.16386679665493
C03 429.983 86.97488513847755
C03 449.989 88.33442913619078
C03 469.993 89.8690314639992
C03 500.016 92.38133846826247
C03 549.99 95.84975246133573
C03 569.998 97.08946935692758
C03 599.983 98.3559030367064
C03 630.013 99.04842401441189
C03 649.987 99.52487033892531
C03 670.017 99.54257726730748
C03 699.987 99.52240259776148
C03 720.012 99.39080677461622
C03 749.995 99.68082718960662
C03 770.007 99.69447411977048
C03 800.008 98.92595891273695
C03 830.013 97.052911715574
C03 869.994 92.1411064281385
C03 900.005 83.73630199265813
C03 919.989 75.06330107626117
C03 959.989 52.752635003385556
C03 1000.013 26.131835716868185
C03 1030.002 9.435673440481462
C03 1049.996 3.9756427245178854
C03 1080.005 0.5797646634519442
C03 1100.007 0.11816674326147732
C04 319.992 44.11840827964486
C04 330.006 51.261219687642
C04 349.994 73.7052893697188
C04 370.001 78.47876645235043
C04 400.009 85.73987306995089
C04 429.983 87.40528141435456
C04 449.989 88.70767371059063
C04 469.993 90.21678319529178
C04 500.016 92.70016697203955
C04 549.99 96.15026704911675
C04 569.998 97.38588017660064
C04 599.983 98.65346595455368
C04 630.013 99.35100785046609
C04 649.987 99.82510252847818
C04 670.017 99.83535819817244
C04 699.987 99.81728711312213
C04 720.012 99.6808477422922
C04 749.995 99.97215314082153
C04 770.007 99.98089867732385
C04 800.008 99.19713819103094
C04 830.013 97.32329741672723
C04 869.994 92.36023661018432
C04 900.005 84.01634704926991
C04 919.989 75.30282559919567
C04 959.989 52.90197288506582
C04 1000.013 26.243797531161476
C04 1030.002 9.47016395242667
C04 1049.996 3.9814714205877255
C04 1080.005 0.5814590741140209
C04 1100.007 0.11851209544022688
C05 319.992 44.433034113227784
C05 330.006 51.63492777521362
C05 349.994 74.34590497048667
C05 370.001 79.22783260110705
C05 400.009 86.21274748072565
C05 429.983 87.72728442626682
C05 449.989 88.97701898273783
C05 469.993 90.44836136483907
C05 500.016 92.90034997629454
C05 549.99 96.32762764233178
C05 569.998 97.56122396278326
C05 599.983 98.83022951288085
C05 630.013 99.52334098056076
C05 649.987 100.00354445460603
C05 670.017 100.01716596054845
C05 699.987 99.9974562112091
C05 720.012 99.86046765014446
C05 749.995 100.14754460731425
C05 770.007 100.1533633095097
C05 800.008 99.36490490299252
C05 830.013 97.46841206696196
C05 869.994 92.47654104104323
C05 900.005 84.09926178936567
C05 919.989 75.4063759970724
C05 959.989 52.93290518689356
C05 1000.013 26.21044538143
C05 1030.002 9.458475904337435
C05 1049.996 3.9751813414007393
C05 1080.005 0.5824791831314078
C05 1100.007 0.11872001249339556
C06 319.992 44.526126671368864
C06 330.006 51.750264832755796
C06 349.994 74.58562318901294
C06 370.001 79.51235153788198
C06 400.009 86.23298888920405
C06 429.983 87.6144666350018
C06 449.989 88.81346711038971
C06 469.993 90.24791814045372
C06 500.016 92.66097261488771
C06 549.99 96.05737454459428
C06 569.998 97.2820279288453
C06 599.983 98.5445459701077
C06 630.013 99.2370800241711
C06 649.987 99.71107329572604
C06 670.017 99.72691538764417
C06 699.987 99.70529218911668
C06 720.012 99.5686239843926
C06 749.995 99.84920674128736
C06 770.007 99.8537060110868
C06 800.008 99.0491872486885
C06 830.013 97.13488122598537
C06 869.994 92.13412472225271
C06 900.005 83.73101301735032
C06 919.989 75.07188493878219
C06 959.989 52.708465474251106
C06 1000.013 26.055482951279853
C06 1030.002 9.383864327919454
C06 1049.996 3.957839642871764
C06 1080.005 0.580743983011487
C06 1100.007 0.11836634666999557
C07 319.992 44.731666520804005
C07 330.006 52.00714710637482
C07 349.994 75.11677159683403
C07 370.001 80.18837065776817
C07 400.009 86.61496559419864
C07 429.983 87.83775982072581
C07 449.989 88.97467244893538
C07 469.993 90.36669076652716
C07 500.016 92.74629790664058
C07 549.99 96.11654622058394
C07 569.998 97.34747499317814
C07 599.983 98.61340006225818
C07 630.013 99.31673134889779
C07 649.987 99.79943320911829
C07 670.017 99.81564763539946
C07 699.987 99.80198144844591
C07 720.012 99.66687489797874
C07 749.995 99.95106279860619
C07 770.007 99.94620192904864
C07 800.008 99.14109033868907
C07 830.013 97.20530993110496
C07 869.994 92.17108163571534
C07 900.005 83.68269312451638
C07 919.989 75.02051777556225
C07 959.989 52.68858568617792
C07 1000.013 26.07616256867247
C07 1030.002 9.417706318800196
C07 1049.996 3.9624428522736173
C07 1080.005 0.5813363964357373
C07 1100.007 0.1184870914642561
C10 319.992 39.912433225431926
C10 330.006 46.318117648121344
C10 349.994 66.40659697235809
C10 370.001 71.05642140124446
C10 400.009 81.80999860933574
C10 429.983 85.17961404916971
C10 449.989 87.08117303858549
C10 469.993 88.98750266346453
C10 500.016 91.85047087890771
C10 549.99 95.64431562984609
C10 569.998 96.96257399911875
C10 599.983 98.3217922597078
C10 630.013 99.08131709009953
C10 649.987 99.59182370801382
C10 670.017 99.63336157365283
C10 699.987 99.64521013382169
C10 720.012 99.5317731220089
C10 749.995 99.85185083374705
C10 770.007 99.88558845013678
C10 800.008 99.16216225852176
C10 830.013 97.38372984008934
C10 869.994 92.55228434073139
C10 900.005 84.22084636208466
C10 919.989 75.69838600334403
C10 959.989 53.1830677832141
C10 1000.013 26.51179759385077
C10 1030.002 9.580526796621136
C10 1049.996 4.082083145782793
C10 1080.005 0.5807594028592
C10 1100.007 0.11836948951967353
C11 319.992 41.08815246382211
C11 330.006 47.68820430263738
C11 349.994 68.32721345843363
C11 370.001 72.96034437130078
C11 400.009 83.00004560168017
C11 429.983 86.02699523097556
C11 449.989 87.81375168961515
C11 469.993 89.63730719320269
C11 500.016 92.4247517426642
C11 549.99 96.1498114665925
C11 569.998 97.45388244007174
C11 599.983 98.78258087662569
C11 630.013 99.52553591324292
C11 649.987 100.02689704839192
C11 670.017 100.05821484685569
C11 699.987 100.05915669026137
C11 720.012 99.93686181667329
C11 749.995 100.2507812084837
C11 770.007 100.27361035465056
C11 800.008 99.53470500811231
C11 830.013 97.73283920016564
C11 869.994 92.89029116106774
C11 900.005 84.40289845952144
C11 919.989 75.8220737195469
C11 959.989 53.46053745685089
C11 1000.013 26.571866788742664
C11 1030.002 9.591250555651422
C11 1049.996 4.058245903211066
C11 1080.005 0.5830796552744801
C11 1100.007 0.11884239980334928
C12 319.992 41.667709178067334
C12 330.006 48.37537496456308
C12 349.994 69.40500142557647
C12 370.001 74.09997673388061
C12 400.009 83.48211295339188
C12 429.983 86.17848553421445
C12 449.989 87.83981661900897
C12 469.993 89.58115817626702
C12 500.016 92.28255575433295
C12 549.99 95.9329541850456
C12 569.998 97.21992346640631
C12 599.983 98.53413223221803
C12 630.013 99.2674844790008
C12 649.987 99.7619176996567
C12 670.017 99.79444817297279
C12 699.987 99.78622879054149
C12 720.012 99.66442230016736
C12 749.995 99.97222333796647
C12 770.007 99.99174827054864
C12 800.008 99.24942544367094
C12 830.013 97.42208420115414
C12 869.994 92.60182083400392
C12 900.005 84.06894297038633
C12 919.989 75.50615584266218
C12 959.989 53.23358882358616
C12 1000.013 26.46297899573895
C12 1030.002 9.56562084877393
C12 1049.996 4.038500697379032
C12 1080.005 0.5814594988843759
C12 1100.007 0.11851218201626822
C13 319.992 42.01831936963214
C13 330.006 48.80015419843728
C13 349.994 70.15564134362081
C13 370.001 74.97446812410102
C13 400.009 83.86437453176558
C13 429.983 86.29319408368562
C13 449.989 87.8534817276232
C13 469.993 89.52896927213908
C13 500.016 92.16383326726978
C13 549.99 95.76235783405515
C13 569.998 97.03914505728311
C13 599.983 98.34534273509828
C13 630.013 99.07613117520611
C13 649.987 99.57258716333106
C13 670.017 99.59947946339886
C13 699.987 99.60064953303724
C13 720.012 99.47934013977618
C13 749.995 99.78137290021976
C13 770.007 99.80374614286313
C13 800.008 99.0559940126583
C13 830.013 97.21223284623584
C13 869.994 92.4156993442871
C13 900.005 83.79782885892148
C13 919.989 75.2521762765915
C13 959.989 52.99959605488853
C13 1000.013 26.332819260868945
C13 1030.002 9.525982314855076
C13 1049.996 4.031072429192987
C13 1080.005 0.5803494707120719
C13 1100.007 0.11828593777904849
C14 319.992 42.692360114308755
C14 330.006 49.60285462495321
C14 349.994 71.43178104781019
C14 370.001 76.3658014131878
C14 400.009 84.79181446424637
C14 429.983 86.97124906500414
C14 449.989 88.44948597662173
C14 469.993 90.07688740439744
C14 500.016 92.66677747548337
C14 549.99 96.23595517236579
C14 569.998 97.5119649727493
C14 599.983 98.81865869300344
C14 630.013 99.55372997811804
C14 649.987 100.05280576272779
C14 670.017 100.08270068882885
C14 699.987 100.07947946858525
C14 720.012 99.95885009105803
C14 749.995 100.26593599210959
C14 770.007 100.28077547618773
C14 800.008 99.5241768991348
C14 830.013 97.66398637946428
C14 869.994 92.86136360028675
C14 900.005 84.16727615604312
C14 919.989 75.53644871664699
C14 959.989 53.229978335759675
C14 1000.013 26.437976480154436
C14 1030.002 9.565415483770183
C14 1049.996 4.0456026780800745
C14 1080.005 0.583167789965087
C14 1100.007 0.11886036328062534
C15 319.992 43.213318494255034
C15 330.006 50.205419335646205
C15 349.994 72.2061683904077
C15 370.001 77.02450033839067
C15 400.009 85.14324812343119
C15 429.983 87.20222010692567
C15 449.989 88.64206278505563
C15 469.993 90.23617621374038
C15 500.016 92.80017378787188
C15 549.99 96.34167348320679
C15 569.998 97.59969862291948
C15 599.983 98.88797561794901
C15 630.013 99.59990085080553
C15 649.987 100.0852244759266
C15 670.017 100.10562820059452
C15 699.987 100.08861970942411
C15 720.012 99.95570117210144
C15 749.995 100.24881568842518
C15 770.007 100.25438054816183
C15 800.008 99.4788063236083
C15 830.013 97.608791223721
C15 869.994 92.77435418841334
C15 900.005 84.16562141815442
C15 919.989 75.36854201851368
C15 959.989 53.11032382185289
C15 1000.013 26.397222058611902
C15 1030.002 9.547005978077083
C15 1049.996 4.040093630889235
C15 1080.005 0.5830682006476102
C15 1100.007 0.11884006513889347
C16 319.992 43.33575784940394
C16 330.006 50.36219596565808
C16 349.994 72.5608321911227
C16 370.001 77.48319315751797
C16 400.009 85.30356254234995
C16 429.983 87.18789014999473
C16 449.989 88.55763357863437
C16 469.993 90.1088835779758
C16 500.016 92.62407248645935
C16 549.99 96.11902489838542
C16 569.998 97.37699487687817
C16 599.983 98.66448908895688
C16 630.013 99.38010616577716
C16 649.987 99.86552938974444
C16 670.017 99.88934431100425
C16 699.987 99.87316126664813
C16 720.012 99.74260369096883
C16 749.995 100.02852924789714
C16 770.007 100.03286540672204
C16 800.008 99.25344512435439
C16 830.013 97.3853527658335
C16 869.994 92.53637418230186
C16 900.005 84.03069842086533
C16 919.989 75.19023796577746
C16 959.989 52.92899259702445
C16 1000.013 26.32322074981966
C16 1030.002 9.525392469505967
C16 1049.996 4.043554336198127
C16 1080.005 0.5817869634537549
C16 1100.007 0.11857892534185598
C17 319.992 43.75580897230733
C17 330.006 50.857381286322465
C17 349.994 73.36214720965536
C17 370.001 78.36660661207547
C17 400.009 85.87905296385131
C17 429.983 87.6024178357447
C17 449.989 88.92132331277982
C17 469.993 90.43152127348203
C17 500.016 92.92303050588977
C17 549.99 96.39734721201867
C17 569.998 97.64798493896123
C17 599.983 98.93982831875964
C17 630.013 99.65553157420769
C17 649.987 100.14129695723591
C17 670.017 100.17001346748425
C17 699.987 100.1544972631262
C17 720.012 100.02058282902982
C17 749.995 100.31324106812144
C17 770.007 100.31635022622679
C17 800.008 99.52654788266292
C17 830.013 97.65158314986401
C17 869.994 92.73520034398328
C17 900.005 84.274950105109
C17 919.989 75.20387693747678
C17 959.989 53.1870724773645
C17 1000.013 26.55799355046771
C17 1030.002 9.586933258279402
C17 1049.996 4.06604759298473
C17 1080.005 0.5834429104910533
C17 1100.007 0.11891643792367836
