lsstCam/transmission_filter_detector/r31_s20/r_57/19700101T000000.ecsv
# %ECSV 1.0
# ---
# datatype:
# - {name: wavelength, unit: nm, datatype: float32}
# - {name: efficiency, unit: '%', datatype: float64}
# meta: !!omap
# - {MODE: DETECTOR}
# - {TYPE: transmission_filter_detector}
# - {CALIBDATE: '1970-01-01T00:00:00'}
# - {INSTRUME: LSSTCam}
# - {OBSTYPE: transmission_filter_detector}
# - {CALIBCLS: lsst.ip.isr.IntermediateFilterDetectorTransmissionCurve}
# - {SOURCE: Materion (DM-46256)}
# - {DETECTOR: 132}
# - {FILTER: r_57}
# - {CALIB_ID: 'calibDate=1970-01-01T00:00:00 filter=r_57 detector=132'}
# - {DATE: '2025-04-02T15:59:44.794721'}
# - {CALIB_CREATION_DATE: '2025-04-02'}
# - {CALIB_CREATION_TIME: '15:59:44'}
# - __serialized_columns__:
#     efficiency:
#       __class__: astropy.units.quantity.Quantity
#       unit: !astropy.units.Unit {unit: '%'}
#       value: !astropy.table.SerializedColumn {name: efficiency}
#     wavelength:
#       __class__: astropy.units.quantity.Quantity
#       unit: !astropy.units.Unit {unit: nm}
#       value: !astropy.table.SerializedColumn {name: wavelength}
# schema: astropy-2.0
wavelength efficiency
[from data line 603]
903.0 1.6273657768572924e-10
904.0 2.7580382422343064e-06
905.0 0.00010525543530093273
906.0 7.765076475152455e-05
907.0 5.004609988645825e-05
908.0 0.00011411658533688751
909.0 0.00017818704236560734
910.0 7.701291906414554e-05
911.0 1.6273657768572924e-10
912.0 7.818599101483414e-05
913.0 0.00018053319763566833
914.0 0.00015527646155533148
915.0 0.00013001972547499463
916.0 8.198712464491109e-06
917.0 1.6273657768572924e-10
918.0 2.8467450619018564e-06
919.0 0.00011931580274904263
920.0 0.0001475037265663559
921.0 0.00017569165038366918
922.0 0.00018831723309631343
923.0 0.000200942849915009
924.0 0.00022695289771945681
925.0 0.00025296294552390464
926.0 0.0001957875610969495
927.0 0.00013861217666999437
928.0 0.00015545347196166404
929.0 0.00017229473314728239
930.0 0.00014245636066334555
931.0 0.00011261796544204117
932.0 8.301310003844264e-05
933.0 5.340823463484412e-05
934.0 1.513289333843204e-05
935.0 1.6273657768572924e-10
936.0 1.6273657768572924e-10
937.0 1.6273657768572924e-10
938.0 1.6273657768572924e-10
939.0 1.6273657768572924e-10
940.0 1.6273657768572924e-10
941.0 1.4180207585923199e-05
942.0 0.0002360643065912882
943.0 0.00045794836296408903
944.0 0.000453902384833782
945.0 0.00044985636122873984
946.0 0.000555948417968466
947.0 0.0006620405656576622
948.0 0.0004351838015281828
949.0 0.00020832715108554112
950.0 0.0002890062887672684
951.0 0.00036968540371162817
952.0 0.0005167144990991801
953.0 0.0006637436854362022
954.0 0.0008763341611484066
955.0 0.0010889249097090214
956.0 0.0011671319953165948
957.0 0.001245338989974698
958.0 0.0014850194020255003
959.0 0.0017246999050257728
960.0 0.0018999407984665595
961.0 0.0020751816919073462
962.0 0.0021662410290446132
963.0 0.0022573003661818802
964.0 0.002320546263945289
965.0 0.0023837925255065784
966.0 0.0023734861315460876
967.0 0.002363179919484537
968.0 0.0023050521122058854
969.0 0.0022469241230282933
970.0 0.002319814848306123
971.0 0.0023927053916850127
972.0 0.0025146850020973943
973.0 0.002636664612509776
974.0 0.0028026670406688936
975.0 0.0029686696507269517
976.0 0.003057585854548961
977.0 0.003146502422168851
978.0 0.003134408689220436
979.0 0.003122314956272021
980.0 0.003140071567031555
981.0 0.0031578285415889695
982.0 0.0031888859666651115
983.0 0.0032199430279433727
984.0 0.0031198185752145946
985.0 0.0030196935767889954
986.0 0.002894263161579147
987.0 0.002768832564470358
988.0 0.002722261706367135
989.0 0.0026756912120617926
990.0 0.0026699841328081675
991.0 0.0026642770535545424
992.0 0.0025766394173842855
993.0 0.002489001417416148
994.0 0.0025101680876105092
995.0 0.0025313353035016917
996.0 0.002586731716291979
997.0 0.002642128492880147
998.0 0.0027841910196002573
999.0 0.002926253728219308
1000.0 0.0029987415473442525
1001.0 0.003071229366469197
1002.0 0.003285437560407445
1003.0 0.0034996457543456927
1004.0 0.0036456513043958694
1005.0 0.003791656854446046
1006.0 0.003899021612596698
1007.0 0.004006387098343112
1008.0 0.004067352710990235
1009.0 0.004128318323637359
1010.0 0.004085461841896176
1011.0 0.004042605360154994
1012.0 0.0040463310142513365
1013.0 0.004050056668347679
1014.0 0.003938495137845166
1015.0 0.003826933607342653
1016.0 0.0034684799175010994
1017.0 0.003110025863861665
1018.0 0.002902507912949659
1019.0 0.0026949897801387124
1020.0 0.0024333150577149354
1021.0 0.0021716397895943373
1022.0 0.0018469461792847142
1023.0 0.00152225211422774
1024.0 0.0013763483366346918
1025.0 0.0012304447409405839
1026.0 0.0010584454685158562
1027.0 0.0008864465598890092
1028.0 0.000895423272595508
1029.0 0.0009044001672009472
1030.0 0.0008708369932719506
1031.0 0.0008372738193429541
1032.0 0.0007706654287176207
1033.0 0.000704056901668082
1034.0 0.0006381947059708182
1035.0 0.0005723324647988193
1036.0 0.000567092138226144
1037.0 0.0005618518571282038
1038.0 0.0007677918802073691
1039.0 0.0009737318578117993
1040.0 0.000897993868420599
1041.0 0.0008222555152315181
1042.0 0.0008334649464813992
1043.0 0.0008446742867818102
1044.0 0.0008466263352602255
1045.0 0.0008485783837386407
1046.0 0.0007498123522964306
1047.0 0.0006510463663289556
1048.0 0.0006012135600030888
1049.0 0.0005513808446266921
1050.0 0.0007605757673445623
1051.0 0.0009697705536382273
1052.0 0.0009215032150677871
1053.0 0.0008732355126994662
1054.0 0.0009593985851097386
1055.0 0.0010455617484694812
1056.0 0.0009853727533482015
1057.0 0.0009251837582269218
1058.0 0.0010868020581256133
1059.0 0.0012484200851758942
1060.0 0.0011577712029975373
1061.0 0.00106712213892024
1062.0 0.0010531977750360966
1063.0 0.0010392732292530127
1064.0 0.0012996294572076295
1065.0 0.0015599856851622462
1066.0 0.001962153328349814
1067.0 0.0023643206077395007
1068.0 0.0022994170649326406
1069.0 0.0022345129764289595
1070.0 0.002064252294076141
1071.0 0.0018939916117233224
1072.0 0.002144079735444393
1073.0 0.002394168041064404
1074.0 0.0023486629288527183
1075.0 0.0023031576347420923
1076.0 0.0022864351194584742
1077.0 0.002269712604174856
1078.0 0.0028314247174421325
1079.0 0.0033931366488104686
1080.0 0.0036376313801156357
1081.0 0.0038821261114208028
1082.0 0.003981656482210383
1083.0 0.004081186489202082
1084.0 0.0039002836274448782
1085.0 0.0037193807656876743
1086.0 0.004135809649596922
1087.0 0.00455223853350617
1088.0 0.00404288039135281
1089.0 0.0035335218854015693
1090.0 0.002932530696853064
1091.0 0.0023315393264056183
1092.0 0.0030627485102741048
1093.0 0.0037939582398394123
1094.0 0.003521577673382126
1095.0 0.00324919747072272
1096.0 0.00343596184393391
1097.0 0.003622726580942981
1098.0 0.003030235893675126
1099.0 0.002437745570205152
1100.0 0.0016357447748305276
1101.0 0.000833743888506433
