lsstCam/transmission_filter_detector/r31_s20/r_57/19700101T000000.ecsv
# %ECSV 1.0
# ---
# datatype:
# - {name: wavelength, unit: nm, datatype: float32}
# - {name: efficiency, unit: '%', datatype: float64}
# meta: !!omap
# - {MODE: DETECTOR}
# - {TYPE: transmission_filter_detector}
# - {CALIBDATE: '1970-01-01T00:00:00'}
# - {INSTRUME: LSSTCam}
# - {OBSTYPE: transmission_filter_detector}
# - {CALIBCLS: lsst.ip.isr.IntermediateFilterDetectorTransmissionCurve}
# - {SOURCE: Materion (DM-46256)}
# - {DETECTOR: 132}
# - {FILTER: r_57}
# - {CALIB_ID: 'calibDate=1970-01-01T00:00:00 filter=r_57 detector=132'}
# - {DATE: '2025-04-02T15:59:44.794721'}
# - {CALIB_CREATION_DATE: '2025-04-02'}
# - {CALIB_CREATION_TIME: '15:59:44'}
# - __serialized_columns__:
#     efficiency:
#       __class__: astropy.units.quantity.Quantity
#       unit: !astropy.units.Unit {unit: '%'}
#       value: !astropy.table.SerializedColumn {name: efficiency}
#     wavelength:
#       __class__: astropy.units.quantity.Quantity
#       unit: !astropy.units.Unit {unit: nm}
#       value: !astropy.table.SerializedColumn {name: wavelength}
# schema: astropy-2.0
wavelength efficiency
300.0 0.0025014667698997073
301.0 0.0058199708291795105
302.0 0.009138476889347658
303.0 0.012109360250178725
304.0 0.015080244338605553
305.0 0.013243232388049364
306.0 0.011406221892684698
307.0 0.009824118023971096
308.0 0.008242014882853255
309.0 0.007777584687573835
310.0 0.007313154492294416
311.0 0.006781461706850678
312.0 0.006249771104194224
313.0 0.005992249498376623
314.0 0.005734728620154783
315.0 0.005311039785738103
316.0 0.004887350951321423
317.0 0.004398891542223282
318.0 0.003910432860720903
319.0 0.0038193153159227222
320.0 0.0037281981349224225
321.0 0.003535563519108109
322.0 0.003342928539495915
323.0 0.0031999661587178707
324.0 0.0030570048693334684
325.0 0.0028245663997950032
326.0 0.0025921275664586574
327.0 0.002536354986659717
328.0 0.0024805829525575973
329.0 0.0025195693524437957
330.0 0.0025585555704310536
331.0 0.0023919834347907454
332.0 0.002225411662948318
333.0 0.002052642230410129
334.0 0.0018798727978719398
335.0 0.0016970892829704098
336.0 0.0015143056771194097
337.0 0.001456758127460489
338.0 0.0013992105778015684
339.0 0.0012249080100446008
340.0 0.0010506054422876332
341.0 0.000986518989520846
342.0 0.0009224326277035289
343.0 0.0009325332030130085
344.0 0.0009426337783224881
345.0 0.0009575061085342895
346.0 0.0009723785296955612
347.0 0.0009646675607655197
348.0 0.0009569566827849485
349.0 0.000899165024748072
350.0 0.002673452763701789
351.0 0.004399481986183673
352.0 0.0061255108448676765
353.0 0.005223906191531569
354.0 0.004322302993386984
355.0 0.004220962000545114
356.0 0.004119621007703245
357.0 0.004578668813337572
358.0 0.005037719165557064
359.0 0.004267339681973681
360.0 0.0034969601983902976
361.0 0.002829319237207528
362.0 0.0021616780941258185
363.0 0.0024482791559421457
364.0 0.0027348803996574134
365.0 0.0026749787139124237
366.0 0.0026150772100663744
367.0 0.0022816664568381384
368.0 0.001948255521710962
369.0 0.0032515934435650706
370.0 0.0045549310016212985
371.0 0.004331301533966325
372.0 0.004107672066311352
373.0 0.0035863449738826603
374.0 0.0030650178814539686
375.0 0.0022045687728677876
376.0 0.0013441193914331961
377.0 0.0018500853911973536
378.0 0.0023560514819109812
379.0 0.002175843110308051
380.0 0.0019956349206040613
381.0 0.0021172552806092426
382.0 0.0022388758225133643
383.0 0.00290759217023151
384.0 0.003576308154151775
385.0 0.004211423947708681
386.0 0.004846540105063468
387.0 0.004525605254457332
388.0 0.004204670767649077
389.0 0.0029865108444937505
390.0 0.0017683505575405434
391.0 0.0014660074157291092
392.0 0.0011636643648671452
393.0 0.0014163400010147598
394.0 0.0016690157281118445
395.0 0.00125305023175315
396.0 0.0008370846444449853
397.0 0.0007816091056156438
398.0 0.0007261337032105075
399.0 0.0010626907169353217
400.0 0.0013992482308822218
401.0 0.0011914153219549917
402.0 0.0009835825039772317
403.0 0.000948762408370385
404.0 0.0009139425856119487
405.0 0.001010104278975632
406.0 0.0011062660632887855
407.0 0.0011230243217141833
408.0 0.0011397827620385215
409.0 0.0013011130249651615
410.0 0.0014624434697907418
411.0 0.0014920421563147102
412.0 0.0015216409337881487
413.0 0.0018272749002790079
414.0 0.002132908775820397
415.0 0.001958572829607874
416.0 0.0017842370652942918
417.0 0.0015523042748100124
418.0 0.0013203713024267927
419.0 0.0019261142369941808
420.0 0.0025318569896626286
421.0 0.004047956099384464
422.0 0.00556405502720736
423.0 0.0087156513473019
424.0 0.011867245484609157
425.0 0.01577600050950423
426.0 0.019684756989590824
427.0 0.019941083155572414
428.0 0.02019741223193705
429.0 0.01611623156350106
430.0 0.012035049439873546
431.0 0.008374014578294009
432.0 0.004712979352916591
433.0 0.003805987216765061
434.0 0.002898994898714591
435.0 0.002404885890427977
436.0 0.0019107768821413629
437.0 0.0012906894880870823
438.0 0.0006706023668812122
439.0 0.0008029395758057944
440.0 0.0009352768756798469
441.0 0.0011601519872783683
442.0 0.0013850273717253003
443.0 0.0016481713828397915
444.0 0.001911315121105872
445.0 0.001673648330324795
446.0 0.001435981448594248
447.0 0.0013828771443513688
448.0 0.001329772567260079
449.0 0.0013612739167001564
450.0 0.001392774902342353
451.0 0.0013921323443355504
452.0 0.0013914896044298075
453.0 0.0014191315131029114
454.0 0.001446773239877075
455.0 0.001166275433206465
456.0 0.0008857777174853254
457.0 0.0008754640475672204
458.0 0.0008651502866996452
459.0 0.0010299921996193007
460.0 0.001194834021589486
461.0 0.0017228228898602538
462.0 0.002250812030979432
463.0 0.003145930531900376
464.0 0.00404104903282132
465.0 0.004913297016173601
466.0 0.005785544271930121
467.0 0.00629027490504086
468.0 0.00679500590194948
469.0 0.005890033935429528
470.0 0.004985061241313815
471.0 0.003691746314871125
472.0 0.0023984308427316137
473.0 0.0017588245100341737
474.0 0.0011192180863872636
475.0 0.000930489204620244
476.0 0.0007417602319037542
477.0 0.0007285825176950311
478.0 0.0007154048034863081
479.0 0.0006738237971148919
480.0 0.0006322427452687407
481.0 0.0005322880497260485
482.0 0.0004323333541833563
483.0 0.00048563988457317464
484.0 0.0005389465513871983
485.0 0.0006369213224388659
486.0 0.0007348960480157984
487.0 0.0005706893716705963
488.0 0.00040648264985065907
489.0 0.0007042847300908761
490.0 0.001002086719381623
491.0 0.0008703573257662356
492.0 0.0007386281140497886
493.0 0.00085035298980074
494.0 0.0009620776836527511
495.0 0.0009886077350529376
496.0 0.001015137695503654
497.0 0.0010196696166531183
498.0 0.0010242015378025826
499.0 0.0010639032552717254
500.0 0.001103604972740868
501.0 0.0013645777471538167
502.0 0.0016255502487183549
503.0 0.00188913745660102
504.0 0.0021527244825847447
505.0 0.002641231367306318
506.0 0.003129737888230011
507.0 0.003931626997655258
508.0 0.004733516107080504
509.0 0.005103572766529396
510.0 0.005473629425978288
511.0 0.0049436272092862055
512.0 0.004413624628796242
513.0 0.003797418321482837
514.0 0.0031812116503715515
515.0 0.002975162169605028
516.0 0.0027691126888385043
517.0 0.0027115194825455546
518.0 0.0026539260943536647
519.0 0.004115167030249722
520.0 0.13252479257062078
521.0 0.10477602481842041
522.0 0.12708071153610945
523.0 0.0961333280429244
524.0 0.07643590797670186
525.0 0.12113470584154129
526.0 0.03664496762212366
527.0 0.16751127550378442
528.0 0.1324391458183527
529.0 0.06760922842659056
530.0 0.10704894084483385
531.0 0.154260010458529
532.0 0.2911409130319953
533.0 0.25542143266648054
534.0 0.2930369693785906
535.0 0.4386206157505512
536.0 0.6666240748018026
537.0 0.9405055083334446
538.0 1.5097277238965034
539.0 2.4191852658987045
540.0 3.951810300350189
541.0 5.7705651968717575
542.0 8.375874906778336
543.0 11.531541496515274
544.0 15.325626730918884
545.0 19.53573226928711
546.0 25.06488859653473
547.0 31.378206610679626
548.0 39.4760936498642
549.0 47.69671559333801
550.0 54.52272891998291
551.0 62.10859417915344
552.0 67.14030504226685
553.0 71.84315323829651
554.0 75.90692043304443
555.0 80.07047176361084
556.0 83.65880846977234
557.0 86.23096346855164
558.0 89.40228819847107
559.0 92.43953227996826
560.0 93.34113001823425
561.0 94.4696307182312
562.0 95.57135105133057
563.0 95.2966034412384
564.0 95.76020836830139
565.0 95.39790749549866
566.0 95.73125839233398
567.0 95.20280957221985
568.0 95.67877650260925
569.0 96.29496335983276
570.0 96.0830807685852
571.0 96.88666462898254
572.0 96.5929925441742
573.0 96.72924280166626
574.0 97.2247302532196
575.0 96.89885377883911
576.0 97.2815752029419
577.0 97.25636839866638
578.0 97.01268076896667
579.0 96.95295095443726
580.0 96.30622863769531
581.0 96.7439591884613
582.0 96.62693738937378
583.0 96.65676951408386
584.0 96.0460364818573
585.0 96.46019339561462
586.0 96.64537310600281
587.0 96.10728621482849
588.0 96.29678726196289
589.0 97.41514325141907
590.0 96.489018201828
591.0 95.83737254142761
592.0 95.97827792167664
593.0 95.83299160003662
594.0 95.95736265182495
595.0 96.30683660507202
596.0 96.89943194389343
597.0 97.26881384849548
598.0 96.45992517471313
599.0 97.09237217903137
600.0 96.69755101203918
601.0 96.11809849739075
602.0 96.42279744148254
603.0 96.08486294746399
604.0 96.4228630065918
605.0 96.73619866371155
606.0 96.41546607017517
607.0 96.04209065437317
608.0 96.31356000900269
609.0 95.49210667610168
610.0 96.04698419570923
611.0 95.82855701446533
612.0 95.932537317276
613.0 97.04322814941406
614.0 96.63240909576416
615.0 96.19471430778503
616.0 96.74853682518005
617.0 96.60766124725342
618.0 96.20505571365356
619.0 97.15455174446106
620.0 95.91323137283325
621.0 95.65346837043762
622.0 96.48978114128113
623.0 96.57946825027466
624.0 96.74404263496399
625.0 97.00152277946472
626.0 96.28981947898865
627.0 95.17567157745361
628.0 97.16074466705322
629.0 95.6438958644867
630.0 96.53477668762207
631.0 96.11284732818604
632.0 97.24754095077515
633.0 96.47162556648254
634.0 95.64923048019409
635.0 96.36996984481812
636.0 96.16932272911072
637.0 95.69065570831299
638.0 95.24916410446167
639.0 95.45328617095947
640.0 95.78971862792969
641.0 95.53640484809875
642.0 96.18566036224365
643.0 95.82868218421936
644.0 96.11316919326782
645.0 96.09301090240479
646.0 96.23441696166992
647.0 97.07722663879395
648.0 96.13151550292969
649.0 95.64138054847717
650.0 96.43383026123047
651.0 96.70676589012146
652.0 96.7721700668335
653.0 95.93586325645447
654.0 96.42274379730225
655.0 96.52435779571533
656.0 95.87467908859253
657.0 95.67554593086243
658.0 96.64542078971863
659.0 96.46962285041809
660.0 95.54402232170105
661.0 95.26869654655457
662.0 95.76109647750854
663.0 95.55831551551819
664.0 95.46963572502136
665.0 95.43120861053467
666.0 95.64197063446045
667.0 95.60405611991882
668.0 95.02039551734924
669.0 95.75626850128174
670.0 95.66539525985718
671.0 95.78769207000732
672.0 95.42828798294067
673.0 95.5441951751709
674.0 95.08285522460938
675.0 95.93862295150757
676.0 95.0921893119812
677.0 94.20642256736755
678.0 93.46500635147095
679.0 92.75380969047546
680.0 92.0662522315979
681.0 90.64358472824097
682.0 88.67061138153076
683.0 86.00398302078247
684.0 82.75312781333923
685.0 79.26380634307861
686.0 75.50268769264221
687.0 71.13674879074097
688.0 66.7057454586029
689.0 62.15766668319702
690.0 57.12907910346985
691.0 53.000009059906006
692.0 48.39470386505127
693.0 44.02336776256561
694.0 39.13933336734772
695.0 33.853891491889954
696.0 28.520646691322327
697.0 23.3456090092659
698.0 17.406830191612244
699.0 12.708930671215057
700.0 9.03187096118927
701.0 5.734918266534805
702.0 3.571739047765732
703.0 2.0476818084716797
704.0 1.1380928568542004
705.0 0.7179108913987875
706.0 0.4990795627236366
707.0 0.2938255202025175
708.0 0.21953170653432608
709.0 0.1733519253320992
710.0 0.11416403576731682
711.0 0.06376620149239898
712.0 0.11941224802285433
713.0 0.048257221351377666
714.0 0.04324914771132171
715.0 0.028556404868140817
716.0 0.020652783859986812
717.0 0.07736223051324487
718.0 0.02893003693316132
719.0 0.023936800425872207
720.0 1.6273657768572924e-10
721.0 0.004612368866219185
722.0 0.004449424159247428
723.0 0.004286479452275671
724.0 0.00396073519368656
725.0 0.0036349909350974485
726.0 0.0034564411180326715
727.0 0.003277890937170014
728.0 0.0031099309126148
729.0 0.0029419703423627652
730.0 0.002771469735307619
731.0 0.0026009691282524727
732.0 0.002482707168383058
733.0 0.0023644455723115243
734.0 0.002263603346364107
735.0 0.0021627616661135107
736.0 0.0020365350792417303
737.0 0.0019103084923699498
738.0 0.0018115802959073335
739.0 0.0017128522813436575
740.0 0.0016745920220273547
741.0 0.0016363315808121115
742.0 0.0015822746718185954
743.0 0.001528217580926139
744.0 0.0015620638805557974
745.0 0.0015959101801854558
746.0 0.0014403768545889761
747.0 0.0012848431651946157
748.0 0.0012808814062736928
749.0 0.0012769195564032998
750.0 0.001235514173458796
751.0 0.0011941090633627027
752.0 0.001163272372650681
753.0 0.0011324358638375998
754.0 0.0011751985766750295
755.0 0.0012179611076135188
756.0 0.001181783591164276
757.0 0.001145605983765563
758.0 0.0011659985830192454
759.0 0.0011863914551213384
760.0 0.001173360305983806
761.0 0.0011603294296946842
762.0 0.0010149980880669318
763.0 0.0008696668373886496
764.0 0.000989625732472632
765.0 0.001109584354708204
766.0 0.0009389556907990482
767.0 0.0007683269359404221
768.0 0.0007748663847451098
769.0 0.0007814056516508572
770.0 0.0007965728400449734
771.0 0.0008117400284390897
772.0 0.0009187235264107585
773.0 0.0010257069334329572
774.0 0.0010314596693206113
775.0 0.001037212223309325
776.0 0.0010230857697024476
777.0 0.0010089596798934508
778.0 0.0008741743840801064
779.0 0.0007393891792162322
780.0 0.0007227843980217585
781.0 0.0007061796168272849
782.0 0.0007857704986236058
783.0 0.0008653615623188671
784.0 0.0008103511390800122
785.0 0.0007553406703664223
786.0 0.0007808596819813829
787.0 0.0008063787390710786
788.0 0.0006941712854313664
789.0 0.0005819638772663893
790.0 0.0005791030162072275
791.0 0.0005762421551480656
792.0 0.0005671805865858914
793.0 0.0005581189725489821
794.0 0.000688721092956257
795.0 0.0008193233043130022
796.0 0.0006376854798872955
797.0 0.00045604770093632396
798.0 0.000543552050658036
799.0 0.0006310564458544832
800.0 0.000677161369821988
801.0 0.0007232660209410824
802.0 0.000719811851013219
803.0 0.0007163576810853556
804.0 0.0006749145086359931
805.0 0.0006334713361866307
806.0 0.0006265248885028996
807.0 0.0006195784862939036
808.0 0.000657728242003941
809.0 0.0006958779977139784
810.0 0.0007203598670457723
811.0 0.0007448415544786258
812.0 0.0006226876848813845
813.0 0.0005005334969609976
814.0 0.0005736741513828747
815.0 0.0006468146693805465
816.0 0.0007810566785337869
817.0 0.0009152988241112325
818.0 0.0006874215614516288
819.0 0.00045954434426676016
820.0 0.0005679078640241642
821.0 0.0006762713383068331
822.0 0.0006462990313593764
823.0 0.0006163268153613899
824.0 0.0005925517143623438
825.0 0.0005687767043127678
826.0 0.0005561220405070344
827.0 0.000543467376701301
828.0 0.0005233474439592101
829.0 0.0005032276476413244
830.0 0.0002285318259964697
831.0 1.6273657768572924e-10
832.0 1.6273657768572924e-10
833.0 1.6273657768572924e-10
834.0 1.6273657768572924e-10
835.0 3.17314601261387e-06
836.0 9.832280767341217e-06
837.0 1.6491416943154036e-05
838.0 0.0006169711468828609
839.0 0.0012174509720352944
840.0 0.001535114279249683
841.0 0.0018527778593124822
842.0 0.002232113365607802
843.0 0.002611449053802062
844.0 0.002645699350978248
845.0 0.0026799494662554935
846.0 0.002495569788152352
847.0 0.002311190291948151
848.0 0.0022508434994961135
849.0 0.002190496525145136
850.0 0.0019747350961552
851.0 0.0017589736671652645
852.0 0.0015794847058714367
853.0 0.0013999955626786686
854.0 0.0011204805559827946
855.0 0.0008409654583374504
856.0 0.0007241697403514991
857.0 0.0006073738859413425
858.0 0.0005109028279548511
859.0 0.000414431906392565
860.0 0.00036275530419516144
861.0 0.00031107872473512543
862.0 0.0003491607913019834
863.0 0.00038724283513147384
864.0 0.0002805266149152885
865.0 0.00017381042880515452
866.0 0.0002129736458300613
867.0 0.0002521368514862843
868.0 0.00012795102293239324
869.0 3.7651552986517345e-06
870.0 0.0001300015242122754
871.0 0.0002562378995207837
872.0 0.0002556730578362476
873.0 0.0002551082388890791
874.0 0.00024319340354850283
875.0 0.00023127854547055904
876.0 0.00014165098036755808
877.0 5.202344937060843e-05
878.0 0.00011127040124847554
879.0 0.00017051737586371019
880.0 0.00014083251471674885
881.0 0.00011114768767583882
882.0 0.00013005123946641106
883.0 0.00014895481399435084
884.0 0.0001276849843634409
885.0 0.00010641513199516339
886.0 0.00016198985122173326
887.0 0.00021756454771093559
888.0 0.00021708021904487396
889.0 0.00021659591311617987
890.0 0.00016002856000341126
891.0 0.00010346119552195887
892.0 9.562911600369262e-05
893.0 8.779703648542636e-05
894.0 4.97393841669691e-05
895.0 1.1681715506028922e-05
896.0 3.2520780735012522e-06
897.0 1.6273657768572924e-10
898.0 1.283574846411284e-05
899.0 3.0849068366478605e-05
900.0 1.6273657768572924e-10
901.0 1.6273657768572924e-10
