lsstCam/transmission_filter_detector/r31_s22/y_10/19700101T000000.ecsv
# %ECSV 1.0
# ---
# datatype:
# - {name: wavelength, unit: nm, datatype: float32}
# - {name: efficiency, unit: '%', datatype: float64}
# meta: !!omap
# - {MODE: DETECTOR}
# - {TYPE: transmission_filter_detector}
# - {CALIBDATE: '1970-01-01T00:00:00'}
# - {INSTRUME: LSSTCam}
# - {OBSTYPE: transmission_filter_detector}
# - {CALIBCLS: lsst.ip.isr.IntermediateFilterDetectorTransmissionCurve}
# - {SOURCE: Materion (DM-46256)}
# - {DETECTOR: 134}
# - {FILTER: y_10}
# - {CALIB_ID: 'calibDate=1970-01-01T00:00:00 filter=y_10 detector=134'}
# - {DATE: '2025-04-02T15:59:51.365411'}
# - {CALIB_CREATION_DATE: '2025-04-02'}
# - {CALIB_CREATION_TIME: '15:59:51'}
# - __serialized_columns__:
#     efficiency:
#       __class__: astropy.units.quantity.Quantity
#       unit: !astropy.units.Unit {unit: '%'}
#       value: !astropy.table.SerializedColumn {name: efficiency}
#     wavelength:
#       __class__: astropy.units.quantity.Quantity
#       unit: !astropy.units.Unit {unit: nm}
#       value: !astropy.table.SerializedColumn {name: wavelength}
# schema: astropy-2.0
wavelength efficiency
300.0 0.020501315884757787
301.0 0.0218408735236153
302.0 0.02318042970728129
303.0 0.019749409693758935
304.0 0.016318388225045055
305.0 0.013129742001183331
306.0 0.0099410921393428
307.0 0.010096335608977824
308.0 0.010251580533804372
309.0 0.008245968638220802
310.0 0.0062403560150414705
311.0 0.004657361205318011
312.0 0.003074366759392433
313.0 0.006606371607631445
314.0 0.010138375364476815
315.0 0.007195350917754695
316.0 0.004252326107234694
317.0 0.003523628765833564
318.0 0.0027949326977250166
319.0 0.001815386895032134
320.0 0.0008358407285413705
321.0 0.0007259628546307795
322.0 0.0006160851171443937
323.0 0.0020305064026615582
324.0 0.0034449276427039877
325.0 0.0030125316698104143
326.0 0.002580136242613662
327.0 0.002254859464301262
328.0 0.001929582685988862
329.0 0.002666021464392543
330.0 0.0034024600608972833
331.0 0.0030405775760300457
332.0 0.0026786952730617486
333.0 0.0025011093384819105
334.0 0.002323523222003132
335.0 0.0021012052457081154
336.0 0.0018788872694130987
337.0 0.0016982106899376959
338.0 0.0015175343833107036
339.0 0.001262977639271412
340.0 0.0010084208952321205
341.0 0.001129899737861706
342.0 0.0012513785804912914
343.0 0.0015869318303884938
344.0 0.0019224849893362261
345.0 0.00132058539747959
346.0 0.0007186857146734837
347.0 0.0009451881851418875
348.0 0.0011716907465597615
349.0 0.0012956395039509516
350.0 0.0014195880794432014
351.0 0.0013447151104628574
352.0 0.0012698422324319836
353.0 0.0012886011063528713
354.0 0.0013073598893242888
355.0 0.0014126308087725192
356.0 0.0015179017282207496
357.0 0.0014886436474625953
358.0 0.0014593855667044409
359.0 0.0011765184353862423
360.0 0.0008936514859669842
361.0 0.0007812218427716289
362.0 0.0006687923360004788
363.0 0.0007375564564426895
364.0 0.000806320440460695
365.0 0.0011286073458904866
366.0 0.0014508943422697484
367.0 0.001642572351556737
368.0 0.0018342503608437255
369.0 0.001556429015181493
370.0 0.001278607942367671
371.0 0.0012083311048627365
372.0 0.0011380545402062126
373.0 0.0015818503015907481
374.0 0.002025645699177403
375.0 0.002905253495555371
376.0 0.0037848611100343987
377.0 0.004137816358706914
378.0 0.0044907723349751905
379.0 0.004197422822471708
380.0 0.003904074037563987
381.0 0.003093557825195603
382.0 0.0022830419766250998
383.0 0.0016656751540722325
384.0 0.0010483083315193653
385.0 0.0008142644219333306
386.0 0.0005802205123472959
387.0 0.0005174404577701353
388.0 0.00045466031224350445
389.0 0.0005607825642073294
390.0 0.0006669048161711544
391.0 0.0006211345862539019
392.0 0.0005753642653871793
393.0 0.00058451123550185
394.0 0.0005936580691923155
395.0 0.000681985511619132
396.0 0.0007703129085712135
397.0 0.0007610375632793875
398.0 0.0007517620815633563
399.0 0.0009421856702829245
400.0 0.0011326092135277577
401.0 0.0014064038623473607
402.0 0.0016801985111669637
403.0 0.0017010590454447083
404.0 0.0017219197616213933
405.0 0.0018001968783210032
406.0 0.0018784738131216727
407.0 0.001740872539812699
408.0 0.0016032710846047848
409.0 0.0013665464393852744
410.0 0.0011298218851152342
411.0 0.0005708085154765286
412.0 1.179522115535292e-05
413.0 0.00044954758777748793
414.0 0.0008873001206666231
415.0 0.00041387893361388706
416.0 1.6025384144691124e-10
417.0 1.6025384144691124e-10
418.0 5.342770226235416e-07
419.0 1.071224460247322e-05
420.0 2.0890048801902594e-05
421.0 1.6025384144691124e-10
422.0 1.6025384144691124e-10
423.0 1.6025384144691124e-10
424.0 1.6025384144691124e-10
425.0 1.6025384144691124e-10
426.0 1.6025384144691124e-10
427.0 1.6025384144691124e-10
428.0 0.00026487118702789303
429.0 0.00014338294249682804
430.0 2.1894696544677572e-05
431.0 0.0001394144646837958
432.0 0.0002569343450886663
433.0 0.0002664780140548828
434.0 0.00027602181944530457
435.0 0.0003908585313183721
436.0 0.0005056952886661747
437.0 0.0002830375933626783
438.0 6.037973321326717e-05
439.0 0.0005151204277353827
440.0 0.0009698610483610537
441.0 0.0006574000053660711
442.0 0.00034493896237108856
443.0 0.000298391478281701
444.0 0.0002518439032428432
445.0 0.0003350793576828437
446.0 0.00041831476664810907
447.0 0.0005442509973363485
448.0 0.0006701872734993231
449.0 0.0004855463430430973
450.0 0.00030090536711213645
451.0 0.0003063878693865263
452.0 0.00031187037166091613
453.0 0.00021387756987678586
454.0 0.00011588464303713408
455.0 0.00038422072066168766
456.0 0.000652556809654925
457.0 0.0002863502686523134
458.0 1.6025384144691124e-10
459.0 1.6025384144691124e-10
460.0 1.6025384144691124e-10
461.0 1.6025384144691124e-10
462.0 1.6025384144691124e-10
463.0 9.655364010541234e-05
464.0 0.0004545999672700418
465.0 0.0006648414455412421
466.0 0.0008750829692871775
467.0 0.000994623223959934
468.0 0.0011141636605316307
469.0 0.0013319308891368564
470.0 0.0015496983905904926
471.0 0.0018085645933751948
472.0 0.002067430796159897
473.0 0.002197014691773802
474.0 0.0023265984054887667
475.0 0.0025523138901917264
476.0 0.0027780297386925668
477.0 0.0029254884793772362
478.0 0.0030729472200619057
479.0 0.0035438937629805878
480.0 0.00401484030589927
481.0 0.004315143451094627
482.0 0.004615446596289985
483.0 0.004555141276796348
484.0 0.004494835593504831
485.0 0.0042003219277830794
486.0 0.003905808989657089
487.0 0.0032839292543940246
488.0 0.002662049882928841
489.0 0.002582196975708939
490.0 0.0025023440684890375
491.0 0.0021376603399403393
492.0 0.0017729767932905816
493.0 0.001772343966877088
494.0 0.001771710958564654
495.0 0.0017831907825893722
496.0 0.0017946707885130309
497.0 0.0014953564459574409
498.0 0.001196042194351321
499.0 0.001802100450731814
500.0 0.002408158434263896
501.0 0.002492122985131573
502.0 0.0025760873541003093
503.0 0.0029513792469515465
504.0 0.0033266711398027837
505.0 0.0026531006369623356
506.0 0.0019795303160208277
507.0 0.0020857274648733437
508.0 0.0021919244318269193
509.0 0.0020856607079622336
510.0 0.001979396984097548
511.0 0.001961017187568359
512.0 0.0019426373910391703
513.0 0.0020133300495217554
514.0 0.002084022889903281
515.0 0.0017059708625311032
516.0 0.0013279184713610448
517.0 0.0012770465218636673
518.0 0.0012261743904673494
519.0 0.0012704776963801123
520.0 0.0013147810932423454
521.0 0.0012713525393337477
522.0 0.0012279238035262097
523.0 0.0015928355423966423
524.0 0.0019577470084186643
525.0 0.0021444164303829893
526.0 0.002331086216145195
527.0 0.002172531094402075
528.0 0.002013976154557895
529.0 0.002120530916727148
530.0 0.0022270854969974607
531.0 0.0022311822249321267
532.0 0.002235279134765733
533.0 0.002049420254479628
534.0 0.001863561374193523
535.0 0.0017849983123596758
536.0 0.0017064352505258285
537.0 0.001898724804050289
538.0 0.0020910143575747497
539.0 0.0023640779545530677
540.0 0.002637141187733505
541.0 0.0035326786019140854
542.0 0.004428216197993606
543.0 0.004576232458930463
544.0 0.004724248356069438
545.0 0.00498287845402956
546.0 0.005241508188191801
547.0 0.004588316369336098
548.0 0.003935124186682515
549.0 0.0032955213100649416
550.0 0.002655918251548428
551.0 0.002376368320256006
552.0 0.002096818388963584
553.0 0.0024302673409692943
554.0 0.0027637162929750048
555.0 0.003316704896860756
556.0 0.0038696936826454476
557.0 0.00407616826123558
558.0 0.004282643203623593
559.0 0.0039101541915442795
560.0 0.0035376648156670853
561.0 0.00359607111022342
562.0 0.0036544777685776353
563.0 0.003510876194923185
564.0 0.0033672742574708536
565.0 0.0034613422030815855
566.0 0.0035554101486923173
567.0 0.003973814091295935
568.0 0.004392217670101672
569.0 0.004819031892111525
570.0 0.005245846477919258
571.0 0.005692493141395971
572.0 0.0061391394410748035
573.0 0.006415840471163392
574.0 0.006692541501251981
575.0 0.0064199528424069285
576.0 0.006147363455966115
577.0 0.0058230580179952085
578.0 0.005498752580024302
579.0 0.005648722071782686
580.0 0.00579869156354107
581.0 0.006331301847239956
582.0 0.006863912130938843
583.0 0.007967784040374681
584.0 0.009071657405002043
585.0 0.009813228825805709
586.0 0.01055480315699242
587.0 0.010743969323812053
588.0 0.010933139128610492
589.0 0.010692040086723864
590.0 0.01045094250002876
591.0 0.009884675819193944
592.0 0.009318410593550652
593.0 0.008120915299514309
594.0 0.006923420733073726
595.0 0.006053266770322807
596.0 0.005183114262763411
597.0 0.0054022286349209026
598.0 0.005621342643280514
599.0 0.006609969568671659
600.0 0.007598596857860684
601.0 0.008867919677868485
602.0 0.010137241042684764
603.0 0.01044218588504009
604.0 0.010747131454991177
605.0 0.010715870303101838
606.0 0.010684608423616737
607.0 0.009824994776863605
608.0 0.008965381130110472
609.0 0.007454468868672848
610.0 0.005943556607235223
611.0 0.004862671630689874
612.0 0.0037817877455381677
613.0 0.0035346463846508414
614.0 0.0032875053875613958
615.0 0.003970808029407635
616.0 0.004654111035051756
617.0 0.005982596485409886
618.0 0.0073110808443743736
619.0 0.008939225517679006
620.0 0.010567368735792115
621.0 0.010994247713824734
622.0 0.01142112523666583
623.0 0.011538177204784006
624.0 0.011655227717710659
625.0 0.01111865058192052
626.0 0.01058207344613038
627.0 0.00867098497110419
628.0 0.006759897951269522
629.0 0.005422946560429409
630.0 0.004085995169589296
631.0 0.003312206899863668
632.0 0.00253841881203698
633.0 0.002500372465874534
634.0 0.002462326483509969
635.0 0.0026705694835982285
636.0 0.002878812483686488
637.0 0.0033121912565547973
638.0 0.003745570211322047
639.0 0.004395596624817699
640.0 0.005045622674515471
641.0 0.005223787229624577
642.0 0.005401951420935802
643.0 0.005615543341264129
644.0 0.005829135625390336
645.0 0.005216303179622628
646.0 0.00460347073385492
647.0 0.00408272426284384
648.0 0.00356197779183276
649.0 0.0028409174774424173
650.0 0.0021198569811531343
651.0 0.0018272658053319901
652.0 0.0015346744476119056
653.0 0.0014726861081726383
654.0 0.0014106976777839009
655.0 0.001431808323104633
656.0 0.0014529191503243055
657.0 0.0015103667465155013
658.0 0.0015678142517572269
659.0 0.0015248387171595823
660.0 0.0014818631825619377
661.0 0.0014721865227329545
662.0 0.0014625100448029116
663.0 0.0015885969332884997
664.0 0.0017146834579762071
665.0 0.0024123142793541774
666.0 0.0031099451007321477
667.0 0.00378264558094088
668.0 0.004455346061149612
669.0 0.0053328400099417195
670.0 0.006210333958733827
671.0 0.006811611820012331
672.0 0.007412887498503551
673.0 0.007587645814055577
674.0 0.00776240267441608
675.0 0.007458600157406181
676.0 0.007154796912800521
677.0 0.006209217826835811
678.0 0.00526363801327534
679.0 0.004064985841978341
680.0 0.002866333852580283
681.0 0.0018083592294715345
682.0 0.0007503848337364616
683.0 0.0006360809038596926
684.0 0.0005217770194576588
685.0 0.0002639739022924914
686.0 6.170882471678851e-06
687.0 1.6025384144691124e-10
688.0 1.6025384144691124e-10
689.0 0.00015732437077531358
690.0 0.0003346692892591818
691.0 0.0003748786184587516
692.0 0.00041508783397148363
693.0 0.0004493910637393128
694.0 0.0004836942025576718
695.0 0.00033694404919515364
696.0 0.00019019400951947318
697.0 0.00015329491134252748
698.0 0.00011639580179689801
699.0 0.00019159522253175965
700.0 0.0002667946773726726
701.0 0.00030785429316892987
702.0 0.0003489137952783494
703.0 0.000206071217689896
704.0 6.322864578578447e-05
705.0 0.00012548590575534035
706.0 0.00018774316004055436
707.0 0.0002720127667998895
708.0 0.00035628240766527597
709.0 0.0004496514065976953
710.0 0.0005430204964795848
711.0 0.0004587792318488937
712.0 0.00037453792174346745
713.0 0.0002625067509143264
714.0 0.00015047558008518536
715.0 0.0002158484448955278
716.0 0.0002812212414937676
717.0 8.356707894563442e-05
718.0 1.6025384144691124e-10
719.0 2.369600196061583e-05
720.0 0.00016147924952747417
721.0 0.0001593634124219534
722.0 0.00015724770037195412
723.0 0.00019261201487097424
724.0 0.0002279763066326268
725.0 0.0004915899353363784
726.0 0.0007552036095148651
727.0 0.0002642382469275617
728.0 1.6025384144691124e-10
729.0 1.6025384144691124e-10
730.0 0.00013268314660308533
731.0 0.0001470121219426801
732.0 0.00016134102907017223
733.0 0.0003397589580345084
734.0 0.0005181770575291011
735.0 0.00040884301597543526
736.0 0.00029950906537123956
737.0 0.00025977931272791466
738.0 0.00022004960555932485
739.0 4.957698820362566e-05
740.0 1.6025384144691124e-10
741.0 4.881499080511276e-05
742.0 0.00021852551981282886
743.0 0.0003797338194999611
744.0 0.0005409420737123583
745.0 0.0005946868441242259
746.0 0.0006484314781118883
747.0 0.0004902610271528829
748.0 0.00033209059893124504
749.0 0.0005202866759645985
750.0 0.0007084827302605845
751.0 0.00062168246586225
752.0 0.0005348822469386505
753.0 0.00038815569496364333
754.0 0.0002414291657260037
755.0 0.0005209894425206585
756.0 0.0008005496965779457
757.0 0.000627482859272277
758.0 0.00045441602196660824
759.0 0.00021556770661845803
760.0 1.6025384144691124e-10
761.0 0.0001367212348668545
762.0 0.00029672305572603364
763.0 0.0003411618990867282
764.0 0.00038560060602321755
765.0 0.00022606159291171934
766.0 6.652265938100754e-05
767.0 0.00022793385596742155
768.0 0.00038934513213462196
769.0 0.00015741188690299168
770.0 1.6025384144691124e-10
771.0 0.0001869374045782024
772.0 0.0004483961674850434
773.0 0.00022424108010454802
774.0 8.602951129255132e-08
775.0 0.000217486785913934
776.0 0.00043488767005328555
777.0 0.00032337034099327866
778.0 0.0002118529209838016
779.0 0.00047981138777686283
780.0 0.000747769809095189
781.0 0.0007135367468436016
782.0 0.0006793035481678089
783.0 0.0007108585123205557
784.0 0.0007424134764733026
785.0 0.0006188186944200424
786.0 0.0004952238214173121
787.0 0.00036184901546221226
788.0 0.00022847414129500976
789.0 0.0002866888507924159
790.0 0.0003449033329161466
791.0 0.0004823904873774154
792.0 0.0006198775736265816
793.0 0.0008297869499074295
794.0 0.0010396963261882775
795.0 0.0006680315891571809
796.0 0.00029636669296451146
797.0 0.0006958975973248016
798.0 0.001095428342523519
799.0 0.0007861523044994101
800.0 0.00047687626647530124
801.0 0.0008282423550554086
802.0 0.0011796086255344562
803.0 0.0010210193067905493
804.0 0.0008624300789961126
805.0 0.000546245746591012
806.0 0.0002300615051353816
807.0 6.375682914949721e-05
808.0 1.6025384144691124e-10
809.0 0.000350325831277587
810.0 0.0008031996003410313
811.0 0.000696611368766753
812.0 0.0005900230462430045
813.0 0.0006112683877290692
814.0 0.0006325136382656638
815.0 0.0003860838660330046
816.0 0.0001396539005327213
817.0 0.00038894104363862425
818.0 0.0006382281299011083
819.0 0.0005125830284669064
820.0 0.00038693806345690973
821.0 0.0006201177711773198
822.0 0.0008532974788977299
823.0 0.0008610541044618003
824.0 0.0008688109119248111
825.0 0.0009268498615710996
826.0 0.0009848889021668583
827.0 0.0005327364306140225
828.0 8.05839022177679e-05
829.0 0.000244283864958561
830.0 0.0004079838163306704
831.0 0.0005156624865776394
832.0 0.0006233411568246083
833.0 0.0007631456355738919
834.0 0.0009029498869495001
835.0 0.00098947593869525
836.0 0.001076001990441
837.0 0.0006350149760692148
838.0 0.00019402793896006187
839.0 0.0006562532234966056
840.0 0.0011184784852957819
841.0 0.0010240028132102452
842.0 0.0009295271411247086
843.0 0.0007968023965077009
844.0 0.0006640776518906932
845.0 0.0006574303824891103
846.0 0.0006507830221380573
847.0 0.0008829701073409524
848.0 0.0011151571925438475
849.0 0.0009568142559146509
850.0 0.0007984713192854542
851.0 0.0003855192062474089
852.0 1.6025384144691124e-10
853.0 0.0004813098712475039
854.0 0.0009900526492856443
855.0 0.0010055723578261677
856.0 0.0010210917935182806
857.0 0.00108745189209003
858.0 0.0011538118997123092
859.0 0.001080284437193768
860.0 0.0010067571565741673
861.0 0.0010899418157350738
862.0 0.0011731262020475697
863.0 0.0012781627447111532
864.0 0.0013831991054757964
865.0 0.0018118764273822308
866.0 0.002240553658339195
867.0 0.002440071875753347
868.0 0.0026395899112685584
869.0 0.0027643251087283716
870.0 0.0028890601242892444
871.0 0.003090007885475643
872.0 0.003290955282864161
873.0 0.002859879896277562
874.0 0.002428804691589903
875.0 0.0025761100914678536
