lsstCam/transmission_filter_detector/r31_s22/y_10/19700101T000000.ecsv
# %ECSV 1.0
# ---
# datatype:
# - {name: wavelength, unit: nm, datatype: float32}
# - {name: efficiency, unit: '%', datatype: float64}
# meta: !!omap
# - {MODE: DETECTOR}
# - {TYPE: transmission_filter_detector}
# - {CALIBDATE: '1970-01-01T00:00:00'}
# - {INSTRUME: LSSTCam}
# - {OBSTYPE: transmission_filter_detector}
# - {CALIBCLS: lsst.ip.isr.IntermediateFilterDetectorTransmissionCurve}
# - {SOURCE: Materion (DM-46256)}
# - {DETECTOR: 134}
# - {FILTER: y_10}
# - {CALIB_ID: 'calibDate=1970-01-01T00:00:00 filter=y_10 detector=134'}
# - {DATE: '2025-04-02T15:59:51.365411'}
# - {CALIB_CREATION_DATE: '2025-04-02'}
# - {CALIB_CREATION_TIME: '15:59:51'}
# - __serialized_columns__:
#     efficiency:
#       __class__: astropy.units.quantity.Quantity
#       unit: !astropy.units.Unit {unit: '%'}
#       value: !astropy.table.SerializedColumn {name: efficiency}
#     wavelength:
#       __class__: astropy.units.quantity.Quantity
#       unit: !astropy.units.Unit {unit: nm}
#       value: !astropy.table.SerializedColumn {name: wavelength}
# schema: astropy-2.0
wavelength efficiency
[from data line 577]
877.0 0.002412640424154233
878.0 0.002101865720760543
879.0 0.0016698748368071392
880.0 0.05683375056833029
881.0 0.0969605753198266
882.0 0.06050674710422754
883.0 0.09785373695194721
884.0 0.05911227781325579
885.0 0.10080966167151928
886.0 0.06100689060986042
887.0 0.09757143561728299
888.0 0.06440180586650968
889.0 0.09741706890054047
890.0 0.06238418282009661
891.0 0.10061953216791153
892.0 0.06101704202592373
893.0 0.10935660684481263
894.0 0.06015395047143102
895.0 0.1014312612824142
896.0 0.07495600148104131
897.0 0.11603294406086206
898.0 0.09136301814578474
899.0 0.12883981689810753
900.0 0.11143989395350218
901.0 0.13729140628129244
902.0 0.16152482712641358
903.0 0.17787832766771317
904.0 0.1980060711503029
905.0 0.23544351570308208
906.0 0.2922489773482084
907.0 0.38128832820802927
908.0 0.5180844105780125
909.0 0.6708992645144463
910.0 0.9462823159992695
911.0 1.335750799626112
912.0 1.9965769723057747
913.0 2.9620131477713585
914.0 4.136696457862854
915.0 5.897718667984009
916.0 8.035382628440857
917.0 10.373594611883163
918.0 13.068367540836334
919.0 15.657545626163483
920.0 19.12294030189514
921.0 22.690442204475403
922.0 26.199570298194885
923.0 30.376076698303223
924.0 34.98342037200928
925.0 40.12350142002106
926.0 46.28642201423645
927.0 53.01341414451599
928.0 58.9532196521759
929.0 65.4314935207367
930.0 71.17019295692444
931.0 76.83180570602417
932.0 82.05206990242004
933.0 86.52216792106628
934.0 89.83047008514404
935.0 92.13703870773315
936.0 93.97382736206055
937.0 95.23764252662659
938.0 96.01491093635559
939.0 96.40885591506958
940.0 96.73796892166138
941.0 96.90380096435547
942.0 97.13820219039917
943.0 97.21590876579285
944.0 97.50391244888306
945.0 97.41171598434448
946.0 97.54088521003723
947.0 97.52172827720642
948.0 97.65378832817078
949.0 97.55507111549377
950.0 97.58155941963196
951.0 97.70883917808533
952.0 97.77970314025879
953.0 97.96743988990784
954.0 98.01055192947388
955.0 98.13584685325623
956.0 98.2869565486908
957.0 98.47636222839355
958.0 98.64125847816467
959.0 98.7332820892334
960.0 98.78424406051636
961.0 98.87385964393616
962.0 98.9236831665039
963.0 98.93596768379211
964.0 98.96653294563293
965.0 98.99014830589294
966.0 99.05539751052856
967.0 99.14515614509583
968.0 99.10383224487305
969.0 99.11028742790222
970.0 99.1767168045044
971.0 99.20605421066284
972.0 99.26272630691528
973.0 99.3301510810852
974.0 99.35535192489624
975.0 99.30588603019714
976.0 99.35593008995056
977.0 99.3301272392273
978.0 99.376779794693
979.0 99.33083653450012
980.0 99.29401874542236
981.0 99.22434091567993
982.0 99.16961193084717
983.0 99.1735577583313
984.0 99.14625287055969
985.0 99.17259812355042
986.0 99.0119993686676
987.0 99.12010431289673
988.0 98.982834815979
989.0 98.98591637611389
990.0 98.92454743385315
991.0 98.99747967720032
992.0 99.07653331756592
993.0 98.98449778556824
994.0 98.97990822792053
995.0 99.01655912399292
996.0 99.00017380714417
997.0 99.15351867675781
998.0 99.17886853218079
999.0 99.20622110366821
1000.0 99.25070405006409
1001.0 99.19623136520386
1002.0 99.31254982948303
1003.0 99.319988489151
1004.0 99.3956208229065
1005.0 99.31037425994873
1006.0 99.4612991809845
1007.0 99.4209885597229
1008.0 99.36470985412598
1009.0 99.30855631828308
1010.0 99.38562512397766
1011.0 99.3845283985138
1012.0 99.26732778549194
1013.0 99.2618203163147
1014.0 99.24262762069702
1015.0 99.23662543296814
1016.0 99.17489886283875
1017.0 99.27858114242554
1018.0 99.3268370628357
1019.0 99.20758605003357
1020.0 99.26427602767944
1021.0 99.44626688957214
1022.0 99.25587177276611
1023.0 99.35546517372131
1024.0 99.3260383605957
1025.0 99.31560754776001
1026.0 99.39637780189514
1027.0 99.48641657829285
1028.0 99.37642216682434
1029.0 99.52693581581116
1030.0 99.54782724380493
1031.0 99.46911334991455
1032.0 99.54971671104431
1033.0 99.46882724761963
1034.0 99.52979683876038
1035.0 99.49132800102234
1036.0 99.48935508728027
1037.0 99.4515597820282
1038.0 99.38645958900452
1039.0 99.38524961471558
1040.0 99.33001399040222
1041.0 99.35038685798645
1042.0 99.32612776756287
1043.0 99.29315447807312
1044.0 99.32869076728821
1045.0 99.06189441680908
1046.0 99.30317997932434
1047.0 99.19680953025818
1048.0 99.23957586288452
1049.0 99.17324185371399
1050.0 99.14631247520447
1051.0 99.13185238838196
1052.0 99.0869402885437
1053.0 99.04654026031494
1054.0 99.26306009292603
1055.0 99.30726885795593
1056.0 99.16645288467407
1057.0 99.25281405448914
1058.0 99.12313222885132
1059.0 99.10023212432861
1060.0 99.29271340370178
1061.0 99.20233488082886
1062.0 99.22441244125366
1063.0 99.14029836654663
1064.0 99.27293658256531
1065.0 99.29349422454834
1066.0 99.21536445617676
1067.0 99.30534362792969
1068.0 99.17753338813782
1069.0 99.05375838279724
1070.0 99.45393204689026
1071.0 99.19801950454712
1072.0 99.18535947799683
1073.0 99.30757880210876
1074.0 99.01500344276428
1075.0 99.0728497505188
1076.0 98.81711602210999
1077.0 99.13117289543152
1078.0 99.20821785926819
1079.0 98.89710545539856
1080.0 99.59613680839539
1081.0 98.79140257835388
1082.0 98.82837533950806
1083.0 99.00467991828918
1084.0 99.36984181404114
1085.0 99.0633487701416
1086.0 98.955237865448
1087.0 99.25973415374756
1088.0 98.94245862960815
1089.0 98.81795048713684
1090.0 98.75540733337402
1091.0 98.75243306159973
1092.0 98.76684546470642
1093.0 98.77572059631348
1094.0 98.7302839756012
1095.0 98.60222339630127
1096.0 98.69651198387146
1097.0 98.38355779647827
1098.0 98.04784059524536
1099.0 98.58791828155518
1100.0 98.15670847892761
