lsstCam/transmission_sensor/r21_s20/19700101T000000.ecsv
# %ECSV 1.0
# ---
# datatype:
# - {name: amp_name, datatype: string}
# - {name: wavelength, unit: nm, datatype: float32}
# - {name: efficiency, unit: '%', datatype: float64}
# meta: !!omap
# - {MODE: AMP}
# - {TYPE: transmission_sensor}
# - {CALIBDATE: '1970-01-01T00:00:00'}
# - {INSTRUME: LSSTCAM}
# - {OBSTYPE: transmission_sensor}
# - {DETECTOR: 87}
# - {PARQUETFILE: qe_raft_allvalues_nircorrected_20230725.parquet}
# - {CALIBCLS: lsst.ip.isr.IntermediateSensorTransmissionCurve}
# - {CALIB_ID: 'raftName=R21 detectorName=S20 detector=87 calibDate=1970-01-01T00:00:00 ccd=87 ccdnum=87 filter=None'}
# - {DATE: '2023-08-02T16:57:55.789477'}
# - {CALIB_CREATION_DATE: '2023-08-02'}
# - {CALIB_CREATION_TIME: '16:57:55'}
# - __serialized_columns__:
#     efficiency:
#       __class__: astropy.units.quantity.Quantity
#       unit: !astropy.units.Unit {unit: '%'}
#       value: !astropy.table.SerializedColumn {name: efficiency}
#     wavelength:
#       __class__: astropy.units.quantity.Quantity
#       unit: !astropy.units.Unit {unit: nm}
#       value: !astropy.table.SerializedColumn {name: wavelength}
# schema: astropy-2.0
amp_name wavelength efficiency
C00 319.992 37.786312103271484
C00 330.006 48.46379089355469
C00 349.994 66.47710418701172
C00 370.001 72.3067398071289
C00 400.009 81.90802764892578
C00 429.983 85.5436782836914
C00 449.989 87.34334564208984
C00 469.993 88.65121459960938
C00 500.016 91.58704376220703
C00 549.99 95.09612274169922
C00 569.998 96.03810119628906
C00 599.983 96.96659088134766
C00 630.013 97.54608917236328
C00 649.987 97.85063934326172
C00 670.017 97.93315124511719
C00 699.987 97.69903564453125
C00 720.012 97.61725616455078
C00 749.995 96.97801208496094
C00 770.007 96.57714080810547
C00 800.008 95.44644165039062
C00 830.013 93.70806884765625
C00 869.994 88.8384780883789
C00 900.005 81.61209106445312
C00 919.989 74.19878387451172
C00 959.989 53.24884033203125
C00 1000.013 27.024629592895508
C00 1030.002 10.760805130004883
C00 1049.996 5.193676948547363
C00 1080.005 0.6723004125760684
C00 1100.007 0.09145380601816164
C01 319.992 38.253082275390625
C01 330.006 49.081993103027344
C01 349.994 67.45556640625
C01 370.001 73.42188262939453
C01 400.009 82.52531433105469
C01 429.983 85.8974380493164
C01 449.989 87.60111236572266
C01 469.993 88.84751892089844
C01 500.016 91.72544860839844
C01 549.99 95.19146728515625
C01 569.998 96.12931060791016
C01 599.983 97.05827331542969
C01 630.013 97.64029693603516
C01 649.987 97.94905853271484
C01 670.017 98.02908325195312
C01 699.987 97.80036163330078
C01 720.012 97.72158813476562
C01 749.995 97.0860595703125
C01 770.007 96.69444274902344
C01 800.008 95.55355072021484
C01 830.013 93.8142318725586
C01 869.994 88.81627655029297
C01 900.005 81.75157928466797
C01 919.989 74.23464965820312
C01 959.989 53.16952896118164
C01 1000.013 26.917856216430664
C01 1030.002 10.66800594329834
C01 1049.996 5.1552228927612305
C01 1080.005 0.6730494639411779
C01 1100.007 0.09155570034540127
C02 319.992 38.748931884765625
C02 330.006 49.725704193115234
C02 349.994 68.3970947265625
C02 370.001 74.47515869140625
C02 400.009 83.28546142578125
C02 429.983 86.49872589111328
C02 449.989 88.13560485839844
C02 469.993 89.3480453491211
C02 500.016 92.19414520263672
C02 549.99 95.64697265625
C02 569.998 96.57697296142578
C02 599.983 97.51514434814453
C02 630.013 98.0857162475586
C02 649.987 98.39875030517578
C02 670.017 98.48360443115234
C02 699.987 98.2532958984375
C02 720.012 98.17000579833984
C02 749.995 97.54301452636719
C02 770.007 97.1473388671875
C02 800.008 96.00003051757812
C02 830.013 94.24765014648438
C02 869.994 89.21577453613281
C02 900.005 82.01631927490234
C02 919.989 74.61994934082031
C02 959.989 53.490482330322266
C02 1000.013 26.94778060913086
C02 1030.002 10.658193588256836
C02 1049.996 5.132513999938965
C02 1080.005 0.6762173094505335
C02 1100.007 0.09198662604957869
C03 319.992 39.33714294433594
C03 330.006 50.48688507080078
C03 349.994 69.46745300292969
C03 370.001 75.58439636230469
C03 400.009 83.87455749511719
C03 429.983 86.83822631835938
C03 449.989 88.39197540283203
C03 469.993 89.54521179199219
C03 500.016 92.33939361572266
C03 549.99 95.74916076660156
C03 569.998 96.66582489013672
C03 599.983 97.59247589111328
C03 630.013 98.15696716308594
C03 649.987 98.46930694580078
C03 670.017 98.54762268066406
C03 699.987 98.3143310546875
C03 720.012 98.23389434814453
C03 749.995 97.60665893554688
C03 770.007 97.20639038085938
C03 800.008 96.06381225585938
C03 830.013 94.31090545654297
C03 869.994 89.31338500976562
C03 900.005 82.10677337646484
C03 919.989 74.66583251953125
C03 959.989 53.57309341430664
C03 1000.013 27.07974624633789
C03 1030.002 10.622182846069336
C03 1049.996 5.131998062133789
C03 1080.005 0.6766585204368365
C03 1100.007 0.09204664449252419
C04 319.992 39.54202651977539
C04 330.006 50.763614654541016
C04 349.994 69.97567749023438
C04 370.001 76.22032165527344
C04 400.009 84.11155700683594
C04 429.983 86.87176513671875
C04 449.989 88.35131072998047
C04 469.993 89.45037841796875
C04 500.016 92.1969223022461
C04 549.99 95.57219696044922
C04 569.998 96.48760223388672
C04 599.983 97.41061401367188
C04 630.013 97.98397827148438
C04 649.987 98.29074096679688
C04 670.017 98.37901306152344
C04 699.987 98.1496810913086
C04 720.012 98.07524108886719
C04 749.995 97.45220947265625
C04 770.007 97.05972290039062
C04 800.008 95.92752838134766
C04 830.013 94.19496154785156
C04 869.994 89.22015380859375
C04 900.005 82.07349395751953
C04 919.989 74.62110137939453
C04 959.989 53.59478759765625
C04 1000.013 27.04606056213379
C04 1030.002 10.7088041305542
C04 1049.996 5.145208835601807
C04 1080.005 0.6755878075415346
C04 1100.007 0.09190099417371377
C05 319.992 39.84778594970703
C05 330.006 51.161170959472656
C05 349.994 70.52543640136719
C05 370.001 76.79852294921875
C05 400.009 84.45511627197266
C05 429.983 87.0890884399414
C05 449.989 88.52373504638672
C05 469.993 89.59294128417969
C05 500.016 92.31829071044922
C05 549.99 95.66867065429688
C05 569.998 96.57476043701172
C05 599.983 97.49829864501953
C05 630.013 98.06442260742188
C05 649.987 98.37274932861328
C05 670.017 98.45913696289062
C05 699.987 98.22957611083984
C05 720.012 98.14920806884766
C05 749.995 97.52609252929688
C05 770.007 97.13542938232422
C05 800.008 96.00296783447266
C05 830.013 94.28063201904297
C05 869.994 89.26953887939453
C05 900.005 82.22615051269531
C05 919.989 74.76502227783203
C05 959.989 53.70606994628906
C05 1000.013 27.276100158691406
C05 1030.002 10.703139305114746
C05 1049.996 5.1648430824279785
C05 1080.005 0.6761000043784209
C05 1100.007 0.09197066890436613
C06 319.992 40.39236068725586
C06 330.006 51.866798400878906
C06 349.994 71.5443115234375
C06 370.001 77.87982940673828
C06 400.009 85.0902099609375
C06 429.983 87.52704620361328
C06 449.989 88.88868713378906
C06 469.993 89.91895294189453
C06 500.016 92.60015869140625
C06 549.99 95.92501831054688
C06 569.998 96.8268814086914
C06 599.983 97.73994445800781
C06 630.013 98.3043441772461
C06 649.987 98.61222076416016
C06 670.017 98.69872283935547
C06 699.987 98.4669189453125
C06 720.012 98.38723754882812
C06 749.995 97.75890350341797
C06 770.007 97.3709945678711
C06 800.008 96.23408508300781
C06 830.013 94.51212310791016
C06 869.994 89.51335144042969
C06 900.005 82.38385009765625
C06 919.989 74.90565490722656
C06 959.989 53.78593826293945
C06 1000.013 27.2685489654541
C06 1030.002 10.765459060668945
C06 1049.996 5.1913957595825195
C06 1080.005 0.6777139691051806
C06 1100.007 0.09219021840081172
C07 319.992 40.64990997314453
C07 330.006 52.21257400512695
C07 349.994 72.0723648071289
C07 370.001 78.45449829101562
C07 400.009 85.41595458984375
C07 429.983 87.72806549072266
C07 449.989 89.04798889160156
C07 469.993 90.04559326171875
C07 500.016 92.7102279663086
C07 549.99 96.02336883544922
C07 569.998 96.92630767822266
C07 599.983 97.83971405029297
C07 630.013 98.40287780761719
C07 649.987 98.70943450927734
C07 670.017 98.79135131835938
C07 699.987 98.55654907226562
C07 720.012 98.48310089111328
C07 749.995 97.85366821289062
C07 770.007 97.46216583251953
C07 800.008 96.32364654541016
C07 830.013 94.58312225341797
C07 869.994 89.56442260742188
C07 900.005 82.36246490478516
C07 919.989 74.85892486572266
C07 959.989 53.76028060913086
C07 1000.013 27.269615173339844
C07 1030.002 10.825182914733887
C07 1049.996 5.2412004470825195
C07 1080.005 0.6783709223839394
C07 1100.007 0.0922795845183906
C10 319.992 35.52743911743164
C10 330.006 45.52036666870117
C10 349.994 62.25351333618164
C10 370.001 67.85602569580078
C10 400.009 79.4248275756836
C10 429.983 84.02422332763672
C10 449.989 86.16039276123047
C10 469.993 87.70096588134766
C10 500.016 90.8320083618164
C10 549.99 94.49971008300781
C10 569.998 95.46930694580078
C10 599.983 96.4331283569336
C10 630.013 97.02835845947266
C10 649.987 97.33831787109375
C10 670.017 97.42919158935547
C10 699.987 97.19929504394531
C10 720.012 97.11683654785156
C10 749.995 96.48981475830078
C10 770.007 96.09815979003906
C10 800.008 94.97872924804688
C10 830.013 93.31151580810547
C10 869.994 88.56855010986328
C10 900.005 81.49560546875
C10 919.989 74.07282257080078
C10 959.989 53.28155517578125
C10 1000.013 26.98511505126953
C10 1030.002 10.733610153198242
C10 1049.996 5.190099716186523
C10 1080.005 0.6689159944747206
C10 1100.007 0.0909934196927405
C11 319.992 36.1636962890625
C11 330.006 46.353763580322266
C11 349.994 63.450462341308594
C11 370.001 69.12832641601562
C11 400.009 80.15557098388672
C11 429.983 84.47185516357422
C11 449.989 86.50759887695312
C11 469.993 87.98117065429688
C11 500.016 91.05237579345703
C11 549.99 94.67034149169922
C11 569.998 95.6286392211914
C11 599.983 96.59333801269531
C11 630.013 97.17656707763672
C11 649.987 97.4900131225586
C11 670.017 97.57206726074219
C11 699.987 97.34185028076172
C11 720.012 97.25904083251953
C11 749.995 96.63639068603516
C11 770.007 96.24014282226562
C11 800.008 95.11844635009766
C11 830.013 93.43948364257812
C11 869.994 88.62506866455078
C11 900.005 81.57636260986328
C11 919.989 74.24317169189453
C11 959.989 53.071468353271484
C11 1000.013 26.976625442504883
C11 1030.002 10.666848182678223
C11 1049.996 5.15659761428833
C11 1080.005 0.669932131437057
C11 1100.007 0.09113164598399817
C12 319.992 36.757049560546875
C12 330.006 47.12110900878906
C12 349.994 64.55388641357422
C12 370.001 70.3150405883789
C12 400.009 80.87654113769531
C12 429.983 84.9403076171875
C12 449.989 86.88717651367188
C12 469.993 88.30744171142578
C12 500.016 91.32914733886719
C12 549.99 94.91168975830078
C12 569.998 95.86344909667969
C12 599.983 96.814208984375
C12 630.013 97.39720916748047
C12 649.987 97.70806884765625
C12 670.017 97.79167175292969
C12 699.987 97.55912017822266
C12 720.012 97.4797134399414
C12 749.995 96.85001373291016
C12 770.007 96.4549331665039
C12 800.008 95.33049011230469
C12 830.013 93.62770080566406
C12 869.994 88.72382354736328
C12 900.005 81.69966125488281
C12 919.989 74.20648956298828
C12 959.989 53.1696891784668
C12 1000.013 26.844863891601562
C12 1030.002 10.629990577697754
C12 1049.996 5.138025760650635
C12 1080.005 0.6714130730905127
C12 1100.007 0.09133310019727224
C13 319.992 37.36919403076172
C13 330.006 47.93274688720703
C13 349.994 65.78216552734375
C13 370.001 71.66444396972656
C13 400.009 81.56171417236328
C13 429.983 85.29977416992188
C13 449.989 87.12446594238281
C13 469.993 88.46571350097656
C13 500.016 91.41736602783203
C13 549.99 94.94470977783203
C13 569.998 95.88719940185547
C13 599.983 96.83431243896484
C13 630.013 97.41993713378906
C13 649.987 97.72655487060547
C13 670.017 97.81771087646484
C13 699.987 97.5893783569336
C13 720.012 97.51017761230469
C13 749.995 96.8853530883789
C13 770.007 96.49288177490234
C13 800.008 95.36815643310547
C13 830.013 93.65727996826172
C13 869.994 88.7240982055664
C13 900.005 81.68566131591797
C13 919.989 74.25179290771484
C13 959.989 53.019996643066406
C13 1000.013 26.89702606201172
C13 1030.002 10.639303207397461
C13 1049.996 5.134324550628662
C13 1080.005 0.6716580685744047
C13 1100.007 0.09136642721751508
C14 319.992 37.851654052734375
C14 330.006 48.55669403076172
C14 349.994 66.65122985839844
C14 370.001 72.55298614501953
C14 400.009 82.1113052368164
C14 429.983 85.67609405517578
C14 449.989 87.44649505615234
C14 469.993 88.7399673461914
C14 500.016 91.6602554321289
C14 549.99 95.15789794921875
C14 569.998 96.09709930419922
C14 599.983 97.03421020507812
C14 630.013 97.61072540283203
C14 649.987 97.91654205322266
C14 670.017 98.00328063964844
C14 699.987 97.77207946777344
C14 720.012 97.69072723388672
C14 749.995 97.06304931640625
C14 770.007 96.67220306396484
C14 800.008 95.53955841064453
C14 830.013 93.81613159179688
C14 869.994 88.85441589355469
C14 900.005 81.74440002441406
C14 919.989 74.32201385498047
C14 959.989 53.06455993652344
C14 1000.013 26.88333511352539
C14 1030.002 10.627787590026855
C14 1049.996 5.137658596038818
C14 1080.005 0.672889949775836
C14 1100.007 0.09153400144820972
C15 319.992 38.16025161743164
C15 330.006 48.9631233215332
C15 349.994 67.25730895996094
C15 370.001 73.23521423339844
C15 400.009 82.48345184326172
C15 429.983 85.88534545898438
C15 449.989 87.58817291259766
C15 469.993 88.84452819824219
C15 500.016 91.72684478759766
C15 549.99 95.20024871826172
C15 569.998 96.13288116455078
C15 599.983 97.06995391845703
C15 630.013 97.64311218261719
C15 649.987 97.95369720458984
C15 670.017 98.04175567626953
C15 699.987 97.80947875976562
C15 720.012 97.7293930053711
C15 749.995 97.10220336914062
C15 770.007 96.70982360839844
C15 800.008 95.5784912109375
C15 830.013 93.84903717041016
C15 869.994 88.87788391113281
C15 900.005 81.73395538330078
C15 919.989 74.31585693359375
C15 959.989 53.050697326660156
C15 1000.013 26.862716674804688
C15 1030.002 10.644669532775879
C15 1049.996 5.132243633270264
C15 1080.005 0.6731613844106852
C15 1100.007 0.09157092501686706
C16 319.992 38.698429107666016
C16 330.006 49.65846633911133
C16 349.994 68.22982788085938
C16 370.001 74.2242431640625
C16 400.009 83.00235748291016
C16 429.983 86.19304656982422
C16 449.989 87.82289123535156
C16 469.993 89.03243255615234
C16 500.016 91.87230682373047
C16 549.99 95.31429290771484
C16 569.998 96.23075103759766
C16 599.983 97.15979766845703
C16 630.013 97.72872924804688
C16 649.987 98.03231811523438
C16 670.017 98.11652374267578
C16 699.987 97.8873519897461
C16 720.012 97.80172729492188
C16 749.995 97.17705535888672
C16 770.007 96.78282928466797
C16 800.008 95.64276123046875
C16 830.013 93.91241455078125
C16 869.994 88.91422271728516
C16 900.005 81.76567840576172
C16 919.989 74.3522720336914
C16 959.989 53.102657318115234
C16 1000.013 26.914052963256836
C16 1030.002 10.647137641906738
C16 1049.996 5.12908935546875
C16 1080.005 0.6736802961157319
C16 1100.007 0.09164151317883477
C17 319.992 38.977901458740234
C17 330.006 50.0334587097168
C17 349.994 68.77642059326172
C17 370.001 74.80467224121094
C17 400.009 83.32939910888672
C17 429.983 86.38949584960938
C17 449.989 87.9814453125
C17 469.993 89.15975952148438
C17 500.016 91.97595977783203
C17 549.99 95.39637756347656
C17 569.998 96.31700134277344
C17 599.983 97.24121856689453
C17 630.013 97.80796813964844
C17 649.987 98.1102294921875
C17 670.017 98.19114685058594
C17 699.987 97.95406341552734
C17 720.012 97.86983489990234
C17 749.995 97.2413330078125
C17 770.007 96.8519287109375
C17 800.008 95.70675659179688
C17 830.013 93.97289276123047
C17 869.994 88.98533630371094
C17 900.005 81.80229187011719
C17 919.989 74.32447814941406
C17 959.989 53.11714553833008
C17 1000.013 26.965513229370117
C17 1030.002 10.713502883911133
C17 1049.996 5.161804676055908
C17 1080.005 0.6741259044270044
C17 1100.007 0.0917021297950035
