lsstCam/transmission_sensor/r21_s20/19700101T000000.ecsv
# %ECSV 1.0
# ---
# datatype:
# - {name: amp_name, datatype: string}
# - {name: wavelength, unit: nm, datatype: float32}
# - {name: efficiency, unit: '%', datatype: float64}
# meta: !!omap
# - {MODE: AMP}
# - {TYPE: transmission_sensor}
# - {CALIBDATE: '1970-01-01T00:00:00'}
# - {INSTRUME: LSSTCam}
# - {OBSTYPE: transmission_sensor}
# - {DETECTOR: 87}
# - {PARQUETFILE: qe_raft_allvalues_nircorrected_20230725_adjust.parquet}
# - {CORRFILE: qe_corr_factor_bydetnum.parquet}
# - {CALIBCLS: lsst.ip.isr.IntermediateSensorTransmissionCurve}
# - {CALIB_ID: 'raftName=R21 detectorName=S20 detector=87 calibDate=1970-01-01T00:00:00 ccd=87 ccdnum=87 filter=None'}
# - {DATE: '2025-03-03T21:56:47.864688'}
# - {CALIB_CREATION_DATE: '2025-03-03'}
# - {CALIB_CREATION_TIME: '21:56:47'}
# - __serialized_columns__:
#     efficiency:
#       __class__: astropy.units.quantity.Quantity
#       unit: !astropy.units.Unit {unit: '%'}
#       value: !astropy.table.SerializedColumn {name: efficiency}
#     wavelength:
#       __class__: astropy.units.quantity.Quantity
#       unit: !astropy.units.Unit {unit: nm}
#       value: !astropy.table.SerializedColumn {name: wavelength}
# schema: astropy-2.0
amp_name wavelength efficiency
C00 319.992 38.016431580891506
C00 330.006 48.75893645349795
C00 349.994 66.88195122388046
C00 370.001 72.747089454042
C00 400.009 82.4068493514498
C00 429.983 86.06464117910544
C00 449.989 87.8752685515765
C00 469.993 89.19110246001469
C00 500.016 92.14481088723686
C00 549.99 95.67526023543508
C00 569.998 96.6229753596768
C00 599.983 97.55711956748209
C00 630.013 98.14014701592502
C00 649.987 98.44655190410957
C00 670.017 98.52956630527486
C00 699.987 98.29402493549604
C00 720.012 98.21174741667119
C00 749.995 97.56861032647834
C00 770.007 97.1652977346681
C00 800.008 96.02771259403946
C00 830.013 94.27875306243403
C00 869.994 89.37950638757845
C00 900.005 82.10911050662314
C00 919.989 74.65065611170115
C00 959.989 53.57312694903663
C00 1000.013 27.189210185671943
C00 1030.002 10.826338671582581
C00 1049.996 5.225306556196304
C00 1080.005 0.6763947369791196
C00 1100.007 0.09201076172237921
C01 319.992 38.48604439369713
C01 330.006 49.38090352811856
C01 349.994 67.8663722997054
C01 370.001 73.86902352079399
C01 400.009 83.02789532314485
C01 429.983 86.42055534953835
C01 449.989 88.13460508026539
C01 469.993 89.38860227896826
C01 500.016 92.28405862200704
C01 549.99 95.7711854292735
C01 569.998 96.71474023863483
C01 599.983 97.6493603496183
C01 630.013 98.23492850696422
C01 649.987 98.54557046860631
C01 670.017 98.62608254015719
C01 699.987 98.3959680017814
C01 720.012 98.31671477089544
C01 749.995 97.67731582340878
C01 770.007 97.28331404700432
C01 800.008 96.13547396047122
C01 830.013 94.3855626225094
C01 869.994 89.35716964163383
C01 900.005 82.24944821318854
C01 919.989 74.68674031880963
C01 959.989 53.49333257018191
C01 1000.013 27.081786556979555
C01 1030.002 10.73297433577363
C01 1049.996 5.186618314358733
C01 1080.005 0.6771483500836329
C01 1100.007 0.09211327658832853
C02 319.992 38.98491373817556
C02 330.006 50.02853483300234
C02 349.994 68.81363454834207
C02 370.001 74.92871405735187
C02 400.009 83.79267173051443
C02 429.983 87.0255050476094
C02 449.989 88.67235264405979
C02 469.993 89.89217692422471
C02 500.016 92.75560958888516
C02 549.99 96.22946483816598
C02 569.998 97.16512886579842
C02 599.983 98.10901373704141
C02 630.013 98.68306043196023
C02 649.987 98.99800087392154
C02 670.017 99.0833717634047
C02 699.987 98.85166064662462
C02 720.012 98.76786330797262
C02 749.995 98.13705364526672
C02 770.007 97.738968312559
C02 800.008 96.58467282968931
C02 830.013 94.82162042332295
C02 869.994 89.75910057905573
C02 900.005 82.51580047582705
C02 919.989 75.07438648502777
C02 959.989 53.816240552449244
C02 1000.013 27.111893189894076
C02 1030.002 10.723102223272594
C02 1049.996 5.163771123876211
C02 1080.005 0.6803354878423037
C02 1100.007 0.09254682663958877
C03 319.992 39.57670701612666
C03 330.006 50.79435131909202
C03 349.994 69.89051133031919
C03 370.001 76.04470701023406
C03 400.009 84.38535540796023
C03 429.983 87.36707303997686
C03 449.989 88.93028449078722
C03 469.993 90.09054411509983
C03 500.016 92.90174256802383
C03 549.99 96.33227527637291
C03 569.998 97.25452190472315
C03 599.983 98.18681623081962
C03 630.013 98.75474526714123
C03 649.987 99.06898720605068
C03 670.017 99.14777988547385
C03 699.987 98.91306750832803
C03 720.012 98.83214094046066
C03 749.995 98.20108565030795
C03 770.007 97.79837945125703
C03 800.008 96.64884300016936
C03 830.013 94.88526095962082
C03 869.994 89.85730550263489
C03 900.005 82.60680544487148
C03 919.989 75.1205490933133
C03 959.989 53.8993547397648
C03 1000.013 27.24466250075454
C03 1030.002 10.686872174867586
C03 1049.996 5.163252043998375
C03 1080.005 0.6807793858132855
C03 1100.007 0.09260721059618111
C04 319.992 39.78283833707841
C04 330.006 51.07276619212639
C04 349.994 70.40183091600798
C04 370.001 76.6845051023218
C04 400.009 84.62379825195454
C04 429.983 87.40081611048288
C04 449.989 88.88937216917732
C04 469.993 89.99513320372817
C04 500.016 92.75840360109267
C04 549.99 96.15423375672161
C04 569.998 97.07521386854921
C04 599.983 98.00384681051662
C04 630.013 98.58070286935836
C04 649.987 98.88933375627965
C04 670.017 98.9781434300182
C04 699.987 98.7474148230254
C04 720.012 98.67252147932038
C04 749.995 98.04569558676748
C04 770.007 97.65081876258377
C04 800.008 96.51172915384338
C04 830.013 94.76861094995749
C04 869.994 89.76350652138295
C04 900.005 82.57332335352771
C04 919.989 75.07554553954242
C04 959.989 53.9211810411715
C04 1000.013 27.210771669987547
C04 1030.002 10.774020984893497
C04 1049.996 5.176543271369411
C04 1080.005 0.6797021522527363
C04 1100.007 0.0924606732637032
C05 319.992 40.09045984871045
C05 330.006 51.47274362376035
C05 349.994 70.95493787108595
C05 370.001 77.26622765495354
C05 400.009 84.96944980062527
C05 429.983 87.61946291743556
C05 449.989 89.06284655348942
C05 469.993 90.1385642809519
C05 500.016 92.88051114558988
C05 549.99 96.25129497750154
C05 569.998 97.16290286706167
C05 599.983 98.09206544321127
C05 630.013 98.66163711308344
C05 649.987 98.97184155083589
C05 670.017 99.05875528771935
C05 699.987 98.82779640499514
C05 720.012 98.74693891984718
C05 749.995 98.12002859285946
C05 770.007 97.72698629866912
C05 800.008 96.58762803490879
C05 830.013 94.85480315621594
C05 869.994 89.81319234835871
C05 900.005 82.72690959050563
C05 919.989 75.22034291943903
C05 959.989 54.03314110177223
C05 1000.013 27.44221221278324
C05 1030.002 10.76832166054165
C05 1049.996 5.196297091193625
C05 1080.005 0.6802174683797038
C05 1100.007 0.09253077231500843
C06 319.992 40.63835105847248
C06 330.006 52.18266835191337
C06 349.994 71.98001796521625
C06 370.001 78.35411929274872
C06 400.009 85.60841122422231
C06 429.983 88.06008785358831
C06 449.989 89.4300212071872
C06 469.993 90.4665613568829
C06 500.016 93.1640957087939
C06 549.99 96.50920379665583
C06 569.998 97.416559261043
C06 599.983 98.33518288455274
C06 630.013 98.90301981058181
C06 649.987 99.2127713727292
C06 670.017 99.29980024747833
C06 699.987 99.06658466258654
C06 720.012 98.98641800463274
C06 749.995 98.35425739096937
C06 770.007 97.9639860814134
C06 800.008 96.82015279260642
C06 830.013 95.08770403094151
C06 869.994 90.05848973329066
C06 900.005 82.8855695694318
C06 919.989 75.3618320046614
C06 959.989 54.11349581823998
C06 1000.013 27.434615032611873
C06 1030.002 10.831020944787465
C06 1049.996 5.223011474740139
C06 1080.005 0.6818412621873963
C06 1100.007 0.09275165887275008
C07 319.992 40.897468825216556
C07 330.006 52.53054973724971
C07 349.994 72.51128710510093
C07 370.001 78.93228792325938
C07 400.009 85.93613964513335
C07 429.983 88.26233135260846
C07 449.989 89.59029311623308
C07 469.993 90.59397291905975
C07 500.016 93.27483530801827
C07 549.99 96.60815327843315
C07 569.998 97.51659103875784
C07 599.983 98.43556007586467
C07 630.013 99.00215351294423
C07 649.987 99.31057715170728
C07 670.017 99.39299283597096
C07 699.987 99.15676063899798
C07 720.012 99.08286515679565
C07 749.995 98.4495992196216
C07 770.007 98.05571258108286
C07 800.008 96.91025968629846
C07 830.013 95.159135562818
C07 869.994 90.10987192482098
C07 900.005 82.86405414026247
C07 919.989 75.31481737616973
C07 959.989 54.08768190875142
C07 1000.013 27.435687733727253
C07 1030.002 10.891108518446456
C07 1049.996 5.273119473890114
C07 1080.005 0.6825022163261732
C07 1100.007 0.09284156923196435
C10 319.992 35.743802008537195
C10 330.006 45.79758670992257
C10 349.994 62.63263861122252
C10 370.001 68.26927039519913
C10 400.009 79.90852653476233
C10 429.983 84.53593270871468
C10 449.989 86.68511146147203
C10 469.993 88.23506670601215
C10 500.016 91.38517730453493
C10 549.99 95.07521541044258
C10 569.998 96.0507171396051
C10 599.983 97.02040824447893
C10 630.013 97.61926331152593
C10 649.987 97.93111038282893
C10 670.017 98.02253752404759
C10 699.987 97.79124090358401
C10 720.012 97.70828023342273
C10 749.995 97.07743986728596
C10 770.007 96.68339971159295
C10 800.008 95.5571518128063
C10 830.013 93.87978500608934
C10 869.994 89.10793454169514
C10 900.005 81.99191551106219
C10 919.989 74.52392770086077
C10 959.989 53.606041026909644
C10 1000.013 27.149454999612274
C10 1030.002 10.79897807676486
C10 1049.996 5.221707538411156
C10 1080.005 0.6729897076965747
C10 1100.007 0.09154757163403937
C11 319.992 36.383934000435445
C11 330.006 46.63605902719395
C11 349.994 63.836877062301355
C11 370.001 69.54931945497967
C11 400.009 80.6437201865063
C11 429.983 84.98629063244744
C11 449.989 87.03443207012954
C11 469.993 88.51697793223475
C11 500.016 91.60688677871507
C11 549.99 95.24688596819215
C11 569.998 96.21101975208182
C11 599.983 97.18159358059265
C11 630.013 97.76837452345721
C11 649.987 98.08372946173503
C11 670.017 98.16628331143754
C11 699.987 97.93466430495002
C11 720.012 97.85135054533393
C11 749.995 97.22490844566668
C11 770.007 96.82624742363049
C11 800.008 95.6977197951031
C11 830.013 94.00853216750822
C11 869.994 89.1647972956325
C11 900.005 82.0731644649535
C11 919.989 74.69531425187496
C11 959.989 53.39467477099768
C11 1000.013 27.140913688942216
C11 1030.002 10.731809524365692
C11 1049.996 5.18800140797038
C11 1080.005 0.6740120329555176
C11 1100.007 0.09168663972647231
C12 319.992 36.98090080648506
C12 330.006 47.40807760631568
C12 349.994 64.9470210116063
C12 370.001 70.74326074293661
C12 400.009 81.36908106452002
C12 429.983 85.45759597187875
C12 449.989 87.41632134306299
C12 469.993 88.845235987328
C12 500.016 91.88534386896684
C12 549.99 95.48970405108282
C12 569.998 96.44725962491252
C12 599.983 97.40380966138183
C12 630.013 97.99036032851501
C12 649.987 98.30311315102814
C12 670.017 98.38722519984637
C12 699.987 98.15325738089871
C12 720.012 98.07336705382258
C12 749.995 97.43983246162858
C12 770.007 97.04234584582247
C12 800.008 95.91105490851842
C12 830.013 94.19789557728609
C12 869.994 89.2641535978686
C12 900.005 82.19721400145208
C12 919.989 74.65840872799122
C12 959.989 53.49349376319388
C12 1000.013 27.00834970727557
C12 1030.002 10.694727455754553
C12 1049.996 5.169316451332692
C12 1080.005 0.6755019935764436
C12 1100.007 0.09188932080036714
C13 319.992 37.59677325008161
C13 330.006 48.224658377389794
C13 349.994 66.18278037238325
C13 370.001 72.10088202076398
C13 400.009 82.05842681814468
C13 429.983 85.81925168388094
C13 449.989 87.65505586965038
C13 469.993 89.00447165558263
C13 500.016 91.97409981170141
C13 549.99 95.52292516326436
C13 569.998 96.47115456997285
C13 599.983 97.42403554645539
C13 630.013 98.01322670864181
C13 649.987 98.32171175426656
C13 670.017 98.41342290222059
C13 699.987 98.18369983258816
C13 720.012 98.1040167536703
C13 749.995 97.47538703455486
C13 770.007 97.08052556208656
C13 800.008 95.94895061804714
C13 830.013 94.2276548776391
C13 869.994 89.26442992874627
C13 900.005 82.18312880254886
C13 919.989 74.70398797109057
C13 959.989 53.34288959693743
C13 1000.013 27.06082954645884
C13 1030.002 10.70409679957539
C13 1049.996 5.165592700859709
C13 1080.005 0.6757484810882587
C13 1100.007 0.0919228507829014
C14 319.992 38.082171464273856
C14 330.006 48.85240537286824
C14 349.994 67.05713732446256
C14 370.001 72.99483543758437
C14 400.009 82.61136490435297
C14 429.983 86.19786336557097
C14 449.989 87.97904614785524
C14 469.993 89.28039571278916
C14 500.016 92.21846841785009
C14 549.99 95.73741165533663
C14 569.998 96.68233276737085
C14 599.983 97.62515069439173
C14 630.013 98.20517688246893
C14 649.987 98.51285596303381
C14 670.017 98.60012278937207
C14 699.987 98.36751359723958
C14 720.012 98.28566592644667
C14 749.995 97.65416543654659
C14 770.007 97.26093892177116
C14 800.008 96.12139643742572
C14 830.013 94.38747391107991
C14 869.994 89.39554125434074
C14 900.005 82.24222523108068
C14 919.989 74.77463656548032
C14 959.989 53.38772428183863
C14 1000.013 27.047055219792995
C14 1030.002 10.692511051839945
C14 1049.996 5.1689470506802575
C14 1080.005 0.6769878644734911
C14 1100.007 0.0920914455443725
C15 319.992 38.39264839497511
C15 330.006 49.26130982702233
C15 349.994 67.66690746117733
C15 370.001 73.68121831013185
C15 400.009 82.98577789187402
C15 429.983 86.40838911506336
C15 449.989 88.12158682558427
C15 469.993 89.38559334274478
C15 500.016 92.2854633039685
C15 549.99 95.78002034150109
C15 569.998 96.71833254004447
C15 599.983 97.6611120877768
C15 630.013 98.2377608984603
C15 649.987 98.55023739009577
C15 670.017 98.63883213981835
C15 699.987 98.40514065174834
C15 720.012 98.32456717333577
C15 749.995 97.69355793832933
C15 770.007 97.29878857615358
C15 800.008 96.16056633933476
C15 830.013 94.42057988539575
C15 869.994 89.4191521926657
C15 900.005 82.23171698187168
C15 919.989 74.768442148306
C15 959.989 53.373777248374246
C15 1000.013 27.026311214323815
C15 1030.002 10.70949580599422
C15 1049.996 5.163499110668509
C15 1080.005 0.6772609521512785
C15 1100.007 0.09212859397838076
C16 319.992 38.93410339804485
C16 330.006 49.96088749897833
C16 349.994 68.6453490438439
C16 370.001 74.67627044888918
C16 400.009 83.50784367836091
C16 429.983 86.71796413248335
C16 449.989 88.35773458812241
C16 469.993 89.57464204235643
C16 500.016 92.43181120712313
C16 549.99 95.89475906259389
C16 569.998 96.81679844278588
C16 599.983 97.7515029882042
C16 630.013 98.32389937371474
C16 649.987 98.62933710382747
C16 670.017 98.71405554540502
C16 699.987 98.48348813142417
C16 720.012 98.397341980312
C16 749.995 97.76886577835084
C16 770.007 97.37223885860857
C16 800.008 96.22522776470845
C16 830.013 94.48434323541703
C16 869.994 89.45571230295236
C16 900.005 82.26363319824203
C16 919.989 74.80507901716979
C16 959.989 53.42605367732812
C16 1000.013 27.07796014190966
C16 1030.002 10.71197894596435
C16 1049.996 5.160325623245321
C16 1080.005 0.6777830240401019
C16 1100.007 0.09219961202381828
C17 319.992 39.21527774192701
C17 330.006 50.338163581426315
C17 349.994 69.195270517971
C17 370.001 75.26023435197311
C17 400.009 83.83687699508317
C17 429.983 86.91560979273346
C17 449.989 88.51725426311242
C17 469.993 89.70274443172744
C17 500.016 92.53609541001093
C17 549.99 95.97734361572725
C17 569.998 96.9035740142305
C17 599.983 97.83341974171654
C17 630.013 98.40362083192119
C17 649.987 98.70772296279185
C17 670.017 98.78913310969514
C17 699.987 98.55060583126598
C17 720.012 98.4658643621153
C17 749.995 97.83353487958223
C17 770.007 97.44175910191453
C17 800.008 96.28961285920447
C17 830.013 94.54518975950738
C17 869.994 89.52725897269454
C17 900.005 82.30046963940636
C17 919.989 74.7771158675216
C17 959.989 53.44063013112497
C17 1000.013 27.129733802183342
C17 1030.002 10.778748353762445
C17 1049.996 5.193240180859452
C17 1080.005 0.6782313461158597
C17 1100.007 0.09226059779652204
