lsstCam/transmission_sensor/r21_s20/19700101T000000.ecsv
# %ECSV 1.0
# ---
# datatype:
# - {name: amp_name, datatype: string}
# - {name: wavelength, unit: nm, datatype: float32}
# - {name: efficiency, unit: '%', datatype: float64}
# meta: !!omap
# - {MODE: AMP}
# - {TYPE: transmission_sensor}
# - {CALIBDATE: '1970-01-01T00:00:00'}
# - {INSTRUME: LSSTCAM}
# - {OBSTYPE: transmission_sensor}
# - {DETECTOR: 87}
# - {PARQUETFILE: qe_raft_allvalues_nircorrected_20230725.parquet}
# - {CALIBCLS: lsst.ip.isr.IntermediateSensorTransmissionCurve}
# - {CALIB_ID: 'raftName=R21 detectorName=S20 detector=87 calibDate=1970-01-01T00:00:00 ccd=87 ccdnum=87 filter=None'}
# - {DATE: '2024-01-18T22:42:25.282007'}
# - {CALIB_CREATION_DATE: '2024-01-18'}
# - {CALIB_CREATION_TIME: '22:42:25'}
# - __serialized_columns__:
#     efficiency:
#       __class__: astropy.units.quantity.Quantity
#       unit: !astropy.units.Unit {unit: '%'}
#       value: !astropy.table.SerializedColumn {name: efficiency}
#     wavelength:
#       __class__: astropy.units.quantity.Quantity
#       unit: !astropy.units.Unit {unit: nm}
#       value: !astropy.table.SerializedColumn {name: wavelength}
# schema: astropy-2.0
amp_name wavelength efficiency
C00 319.992 38.001653375403166
C00 330.006 47.26692309931217
C00 349.994 63.15833702635677
C00 370.001 68.49804360567724
C00 400.009 80.05009041021063
C00 429.983 84.0876719271938
C00 449.989 86.38168476845675
C00 469.993 88.33560253217355
C00 500.016 91.33117196859783
C00 549.99 94.99689987138814
C00 569.998 96.1056596243122
C00 599.983 97.26324497828251
C00 630.013 97.95542310613125
C00 649.987 98.2594284679488
C00 670.017 98.27106768254892
C00 699.987 97.83398127106175
C00 720.012 97.60347180178422
C00 749.995 97.62705292917958
C00 770.007 97.62147345071148
C00 800.008 96.77729876209877
C00 830.013 94.97823263423454
C00 869.994 90.2462387620137
C00 900.005 82.1152699861794
C00 919.989 73.297872845029
C00 959.989 51.978106310392455
C00 1000.013 26.08372317074672
C00 1030.002 9.349941386310773
C00 1049.996 3.9767309732684604
C00 1080.005 0.5916845274640495
C00 1100.007 0.11374341385744387
C01 319.992 38.47108363465604
C01 330.006 47.86985811030107
C01 349.994 64.08795102452913
C01 370.001 69.55444722544848
C01 400.009 80.65337504703812
C01 429.983 84.4354104826282
C01 449.989 86.63661344906728
C01 469.993 88.53120797964607
C01 500.016 91.46919014550956
C01 549.99 95.09214493277379
C01 569.998 96.19693319759823
C01 599.983 97.3552079004114
C01 630.013 98.05002619507779
C01 649.987 98.35825882174974
C01 670.017 98.36733070091235
C01 699.987 97.93544721514351
C01 720.012 97.70778903946322
C01 749.995 97.73582353959424
C01 770.007 97.74004383098183
C01 800.008 96.88590130684818
C01 830.013 95.08583464332857
C01 869.994 90.22368541182017
C01 900.005 82.25561822028833
C01 919.989 73.33330315150069
C01 959.989 51.900687631601734
C01 1000.013 25.98066728300027
C01 1030.002 9.269309226735265
C01 1049.996 3.947287202273948
C01 1080.005 0.5923437596982124
C01 1100.007 0.11387014241186447
C02 319.992 38.96975905263012
C02 330.006 48.49767203142388
C02 349.994 64.98247499186185
C02 370.001 70.55224286409766
C02 400.009 81.39627956329305
C02 429.983 85.0264640331565
C02 449.989 87.1652211142994
C02 469.993 89.02995245618841
C02 500.016 91.93657731612961
C02 549.99 95.54717503159503
C02 569.998 96.64491046118091
C02 599.983 97.81347665849118
C02 630.013 98.49731462550194
C02 649.987 98.80982926467493
C02 670.017 98.82342019661786
C02 699.987 98.38900709032626
C02 720.012 98.15614338275998
C02 749.995 98.19583673971964
C02 770.007 98.19783732129784
C02 800.008 97.33860659364072
C02 830.013 95.52512767492199
C02 869.994 90.62951396033695
C02 900.005 82.52199046355148
C02 919.989 73.71392458043769
C02 959.989 52.21398174726409
C02 1000.013 26.00954980931063
C02 1030.002 9.260783382861009
C02 1049.996 3.9298992980300778
C02 1080.005 0.5951317472380387
C02 1100.007 0.11440609561978596
C03 319.992 39.56132228156545
C03 330.006 49.240054691691896
C03 349.994 65.99939727788039
C03 370.001 71.60305238134228
C03 400.009 81.97201304100254
C03 429.983 85.36018595297783
C03 449.989 87.41876898781373
C03 469.993 89.22641695595648
C03 500.016 92.08141994068424
C03 549.99 95.64925651932805
C03 569.998 96.73382489317498
C03 599.983 97.8910447852032
C03 630.013 98.5688645321809
C03 649.987 98.88068066870215
C03 670.017 98.8876593398569
C03 699.987 98.45012655065712
C03 720.012 98.2200229109738
C03 749.995 98.25990709927896
C03 770.007 98.25752738590224
C03 800.008 97.40327767235752
C03 830.013 95.58924037757369
C03 869.994 90.72867119826685
C03 900.005 82.61300225940529
C03 919.989 73.75925065215024
C03 959.989 52.2946213946063
C03 1000.013 26.136920848278148
C03 1030.002 9.229494057883656
C03 1049.996 3.9295042511547233
C03 1080.005 0.5955200523901095
C03 1100.007 0.11448074207674887
C04 319.992 39.76737347266566
C04 330.006 49.50995012729006
C04 349.994 66.48224943948988
C04 370.001 72.20548084878415
C04 400.009 82.20363664231276
C04 429.983 85.39315391988796
C04 449.989 87.37855203796309
C04 469.993 89.13192120344642
C04 500.016 91.9393466572021
C04 549.99 95.47247735642172
C04 569.998 96.55547686540739
C04 599.983 97.70862652983278
C04 630.013 98.39514972502396
C04 649.987 98.7013686973292
C04 670.017 98.71846793649824
C04 699.987 98.28524916648209
C04 720.012 98.06139205484693
C04 749.995 98.10442395867491
C04 770.007 98.10927392311737
C04 800.008 97.26509352413765
C04 830.013 95.47172490993432
C04 869.994 90.63396262803835
C04 900.005 82.57951765637608
C04 919.989 73.7150626311242
C04 959.989 52.31579786645868
C04 1000.013 26.10440798594356
C04 1030.002 9.304758308370094
C04 1049.996 3.9396195687902944
C04 1080.005 0.5945777292237755
C04 1100.007 0.11429959308785241
C05 319.992 40.07487540195601
C05 330.006 49.89768833237854
C05 349.994 67.00456248271286
C05 370.001 72.75322587989977
C05 400.009 82.53940287945547
C05 429.983 85.6067782459652
C05 449.989 87.54907794164502
C05 469.993 89.27397652375235
C05 500.016 92.06037599176534
C05 549.99 95.56885039004753
C05 569.998 96.64269638035675
C05 599.983 97.796579418576
C05 630.013 98.47593163058374
C05 649.987 98.78371966422893
C05 670.017 98.79886830383184
C05 699.987 98.36525454005518
C05 720.012 98.13534859007896
C05 749.995 98.17880148947958
C05 770.007 98.18579905374649
C05 800.008 97.34158486700268
C05 830.013 95.55855659948637
C05 869.994 90.68413026920767
C05 900.005 82.73311541474646
C05 919.989 73.8572360625817
C05 959.989 52.42442456539971
C05 1000.013 26.326438379895624
C05 1030.002 9.299836205871008
C05 1049.996 3.9546532565348267
C05 1080.005 0.595028508276908
C05 1100.007 0.11438624931430212
C06 319.992 40.622553628843356
C06 330.006 50.58588951092377
C06 349.994 67.97257183171304
C06 370.001 73.77757543674386
C06 400.009 83.16009060298968
C06 429.983 86.03728169740059
C06 449.989 87.91001186211518
C06 469.993 89.59882752942465
C06 500.016 92.34145650254224
C06 549.99 95.82493057429639
C06 569.998 96.89499470765162
C06 599.983 98.03896450908017
C06 630.013 98.71685998643912
C06 649.987 99.0241915359424
C06 670.017 99.03928086671293
C06 699.987 98.60292520148425
C06 720.012 98.37334445833103
C06 749.995 98.41317058825118
C06 770.007 98.42391151301331
C06 800.008 97.57592469805148
C06 830.013 95.79318542880227
C06 869.994 90.93180635585188
C06 900.005 82.89178729567583
C06 919.989 73.99616115068903
C06 959.989 52.50238689899797
C06 1000.013 26.319150093729345
C06 1030.002 9.353985133818439
C06 1049.996 3.974984296510887
C06 1080.005 0.5964489416707197
C06 1100.007 0.11465930858131004
C07 319.992 40.881570668206045
C07 330.006 50.9231257979387
C07 349.994 68.4742628675535
C07 370.001 74.3219741248752
C07 400.009 83.4784462970903
C07 429.983 86.23487951181109
C07 449.989 88.06755968817177
C07 469.993 89.72501699007744
C07 500.016 92.45121827081883
C07 549.99 95.92317848069972
C07 569.998 96.99449091903293
C07 599.983 98.13903933080603
C07 630.013 98.81580709477606
C07 649.987 99.12181140944098
C07 670.017 99.13222895848565
C07 699.987 98.69267912898012
C07 720.012 98.46919426392054
C07 749.995 98.50856952568661
C07 770.007 98.51606865410149
C07 800.008 97.6667349603788
C07 830.013 95.86514693053631
C07 869.994 90.98368681158917
C07 900.005 82.87027025250964
C07 919.989 73.94999849867051
C07 959.989 52.47734154122074
C07 1000.013 26.32017917985386
C07 1030.002 9.405878512438848
C07 1049.996 4.013119098763192
C07 1080.005 0.5970271193470043
C07 1100.007 0.11477045548420209
C10 319.992 35.72990724700775
C10 330.006 44.3961900443933
C10 349.994 59.145602451340764
C10 370.001 64.28176708584859
C10 400.009 77.62321729318612
C10 429.983 82.59407903504395
C10 449.989 85.21175634289516
C10 469.993 87.38873684666444
C10 500.016 90.57824595239738
C10 549.99 94.40110950700462
C10 569.998 95.53646525298694
C10 599.983 96.72815040883118
C10 630.013 97.43551983305765
C10 649.987 97.7449666781746
C10 670.017 97.76536912377713
C10 699.987 97.33355040973778
C10 720.012 97.10312284846772
C10 749.995 97.13558826389051
C10 770.007 97.1373129925812
C10 800.008 96.3030648135755
C10 830.013 94.57630452595714
C10 869.994 89.97203342529649
C10 900.005 81.99806619914361
C10 919.989 73.17344094546563
C10 959.989 52.0100404448405
C10 1000.013 26.045584392139304
C10 1030.002 9.326311979768025
C10 1049.996 3.973991932918269
C10 1080.005 0.5887059366621137
C10 1100.007 0.11317081972903455
C11 319.992 36.36979039908273
C11 330.006 45.20900528246081
C11 349.994 60.28279561872817
C11 370.001 65.48705044456833
C11 400.009 78.33738509300241
C11 429.983 83.03409190004669
C11 449.989 85.55513967699522
C11 469.993 87.66794404718225
C11 500.016 90.79799773134663
C11 549.99 94.57156287964527
C11 569.998 95.69590961137301
C11 599.983 96.88885020094108
C11 630.013 97.58435038099057
C11 649.987 97.89729566457959
C11 670.017 97.90873778489468
C11 699.987 97.47630254927304
C11 720.012 97.24530705271627
C11 749.995 97.28314517444598
C11 770.007 97.2808313520499
C11 800.008 96.44473006053013
C11 830.013 94.7060068973933
C11 869.994 90.02944758963795
C11 900.005 82.07932124798916
C11 919.989 73.34172171187697
C11 959.989 51.804967148845044
C11 1000.013 26.03739036290816
C11 1030.002 9.268303261679055
C11 1049.996 3.9483398086895174
C11 1080.005 0.589600228123419
C11 1100.007 0.11334273526691144
C12 319.992 36.966525145000375
C12 330.006 45.95740025299896
C12 349.994 61.33113294165211
C12 370.001 66.6112554542651
C12 400.009 79.04200132723545
C12 429.983 83.49457100292427
C12 449.989 85.93053811770247
C12 469.993 87.99305352876647
C12 500.016 91.07399604477075
C12 549.99 94.81265932454195
C12 569.998 95.93088466490912
C12 599.983 97.11039689276362
C12 630.013 97.80591835413068
C12 649.987 98.1162623577567
C12 670.017 98.12910001811981
C12 699.987 97.69387254818581
C12 720.012 97.4659484993435
C12 749.995 97.49819792770191
C12 770.007 97.49794432218006
C12 800.008 96.65973045416362
C12 830.013 94.89677524553197
C12 869.994 90.12976737139228
C12 900.005 82.20338009016136
C12 919.989 73.30548497213736
C12 959.989 51.900844025450475
C12 1000.013 25.91021630464784
C12 1030.002 9.236278107237194
C12 1049.996 3.9341195816088383
C12 1080.005 0.5909035893084422
C12 1100.007 0.11359328897212528
C13 319.992 37.582158179237666
C13 330.006 46.74899382164761
C13 349.994 62.49809211020518
C13 370.001 67.88958015682744
C13 400.009 79.71163243600661
C13 429.983 83.8479192124189
C13 449.989 86.16521496090228
C13 469.993 88.15076184620982
C13 500.016 91.16196827230122
C13 549.99 94.8456448911321
C13 569.998 95.95465167734237
C13 599.983 97.13056185072398
C13 630.013 97.82874169410249
C13 649.987 98.13482560948225
C13 670.017 98.1552289891453
C13 699.987 97.72417252064483
C13 720.012 97.49640836991405
C13 749.995 97.53377379745481
C13 770.007 97.53630328617777
C13 800.008 96.69792197517137
C13 830.013 94.92675533818432
C13 869.994 90.13004638191013
C13 900.005 82.18929383464587
C13 919.989 73.3502382501269
C13 959.989 51.754723763104906
C13 1000.013 25.960562364277884
C13 1030.002 9.244369745436448
C13 1049.996 3.9312856131739964
C13 1080.005 0.591119207258998
C13 1100.007 0.11363473863093296
C14 319.992 38.067367703585695
C14 330.006 47.3575318891135
C14 349.994 63.3237697414679
C14 370.001 68.7313191265424
C14 400.009 80.24875700927417
C14 429.983 84.21783390028126
C14 449.989 86.48369849490719
C14 469.993 88.42403930521854
C14 500.016 91.4041791030251
C14 549.99 95.05861062293168
C14 569.998 96.16469923470291
C14 599.983 97.33107117274272
C14 630.013 98.02033057046192
C14 649.987 98.32560649865674
C14 670.017 98.34143905719475
C14 699.987 97.9071259852127
C14 720.012 97.6769324963984
C14 749.995 97.71265928588639
C14 770.007 97.71756365807204
C14 800.008 96.87171389556032
C14 830.013 95.08776011226601
C14 869.994 90.26242912234163
C14 900.005 82.24839469634277
C14 919.989 73.41960658468666
C14 959.989 51.79822359503378
C14 1000.013 25.94734808842501
C14 1030.002 9.234363956265328
C14 1049.996 3.9338384484350652
C14 1080.005 0.5922033729577336
C14 1100.007 0.1138431549440819
C15 319.992 38.377723941952326
C15 330.006 47.753923951682395
C15 349.994 63.899591276254235
C15 370.001 69.3776114289121
C15 400.009 80.61246213497306
C15 429.983 84.42352371566902
C15 449.989 86.62381646089717
C15 469.993 88.52822790442612
C15 500.016 91.47058242412568
C15 549.99 95.10091720337113
C15 569.998 96.20050626596274
C15 599.983 97.36692423841417
C15 630.013 98.052853255316
C15 649.987 98.36291687253353
C15 670.017 98.38004685118287
C15 699.987 97.94457693453043
C15 720.012 97.71559280795651
C15 749.995 97.75207538337601
C15 770.007 97.75559101059972
C15 800.008 96.91118955521245
C15 830.013 95.12111170876062
C15 869.994 90.28626902103417
C15 900.005 82.2378856588492
C15 919.989 73.41352441975948
C15 959.989 51.78469180345447
C15 1000.013 25.927447514174577
C15 1030.002 9.24903248462203
C15 1049.996 3.9296922817839355
C15 1080.005 0.5924422597271805
C15 1100.007 0.1138890777212056
C16 319.992 38.91896846410723
C16 330.006 48.43209469180665
C16 349.994 64.82355868611342
C16 370.001 70.31454409937423
C16 400.009 81.1195973274632
C16 429.983 84.72598756313332
C16 449.989 86.85595050632969
C16 469.993 88.7154632936916
C16 500.016 91.61563807491665
C16 549.99 95.21484239962564
C16 569.998 96.29844498600568
C16 599.983 97.45704285129509
C16 630.013 98.13882959676062
C16 649.987 98.44186623655824
C16 670.017 98.45507290335097
C16 699.987 98.02255772598006
C16 720.012 97.78791688330821
C16 749.995 97.8274283320258
C16 770.007 97.82938613052212
C16 800.008 96.97635572352708
C16 830.013 95.18534813632397
C16 869.994 90.32318366260523
C16 900.005 82.26980426943963
C16 919.989 73.44949737291611
C16 959.989 51.835411818066966
C16 1000.013 25.976996446269894
C16 1030.002 9.251176996619948
C16 1049.996 3.9272770922456104
C16 1080.005 0.59289894846521
C16 1100.007 0.11397687000530732
C17 319.992 39.2000335065095
C17 330.006 48.797826204291255
C17 349.994 65.34286359820679
C17 370.001 70.86439956710197
C17 400.009 81.43922059857329
C17 429.983 84.91909315457312
C17 449.989 87.0127588837774
C17 469.993 88.84233695528773
C17 500.016 91.71900144802302
C17 549.99 95.29684140862366
C17 569.998 96.38475596434098
C17 599.983 97.53871284421841
C17 630.013 98.21840099956259
C17 649.987 98.52010310268345
C17 670.017 98.52995349684649
C17 699.987 98.0893612961217
C17 720.012 97.85601487093237
C17 749.995 97.89213616938942
C17 770.007 97.89923276038284
C17 800.008 97.04124340394291
C17 830.013 95.24664609723581
C17 869.994 90.395424135854
C17 900.005 82.30664347391858
C17 919.989 73.42204095800943
C17 959.989 51.84955429038899
C17 1000.013 26.026665039542475
C17 1030.002 9.308841001806625
C17 1049.996 3.952326788244848
C17 1080.005 0.5932911236567722
C17 1100.007 0.11405226042545176
