lsstCam/transmission_filter_detector/r23_s02/y_10/19700101T000000.ecsv
# %ECSV 1.0
# ---
# datatype:
# - {name: wavelength, unit: nm, datatype: float32}
# - {name: efficiency, unit: '%', datatype: float64}
# meta: !!omap
# - {MODE: DETECTOR}
# - {TYPE: transmission_filter_detector}
# - {CALIBDATE: '1970-01-01T00:00:00'}
# - {INSTRUME: LSSTCam}
# - {OBSTYPE: transmission_filter_detector}
# - {CALIBCLS: lsst.ip.isr.IntermediateFilterDetectorTransmissionCurve}
# - {SOURCE: Materion (DM-46256)}
# - {DETECTOR: 101}
# - {FILTER: y_10}
# - {CALIB_ID: 'calibDate=1970-01-01T00:00:00 filter=y_10 detector=101'}
# - {DATE: '2025-04-02T15:59:51.211116'}
# - {CALIB_CREATION_DATE: '2025-04-02'}
# - {CALIB_CREATION_TIME: '15:59:51'}
# - __serialized_columns__:
#     efficiency:
#       __class__: astropy.units.quantity.Quantity
#       unit: !astropy.units.Unit {unit: '%'}
#       value: !astropy.table.SerializedColumn {name: efficiency}
#     wavelength:
#       __class__: astropy.units.quantity.Quantity
#       unit: !astropy.units.Unit {unit: nm}
#       value: !astropy.table.SerializedColumn {name: wavelength}
# schema: astropy-2.0
wavelength efficiency
[from data line 577]
877.0 0.0020756860976689495
878.0 0.0012209641681693029
879.0 0.0019161410818924196
880.0 0.07654948276467621
881.0 0.09306227439083159
882.0 0.06608022376894951
883.0 0.09237814228981733
884.0 0.061351602198556066
885.0 0.08952277130447328
886.0 0.07034713053144515
887.0 0.09123481577262282
888.0 0.06612393772229552
889.0 0.11287924135103822
890.0 0.07471641874872148
891.0 0.09684930555522442
892.0 0.07392478873953223
893.0 0.10336913401260972
894.0 0.08195008849725127
895.0 0.11437945067882538
896.0 0.08396502817049623
897.0 0.11226997012272477
898.0 0.08704365463927388
899.0 0.13298519188538194
900.0 0.1118407933972776
901.0 0.14355452731251717
902.0 0.17255214042961597
903.0 0.17433720640838146
904.0 0.2167354105040431
905.0 0.2710850443691015
906.0 0.3331305691972375
907.0 0.42635505087673664
908.0 0.5747953895479441
909.0 0.7904845289885998
910.0 1.1108193546533585
911.0 1.6021594405174255
912.0 2.34211515635252
913.0 3.463628515601158
914.0 4.803101345896721
915.0 6.702480465173721
916.0 8.9596226811409
917.0 11.453554779291153
918.0 14.234358072280884
919.0 16.847583651542664
920.0 20.388558506965637
921.0 24.055330455303192
922.0 27.816498279571533
923.0 32.27728009223938
924.0 37.11848556995392
925.0 42.48380362987518
926.0 48.85447919368744
927.0 55.66096901893616
928.0 61.61180138587952
929.0 68.02408695220947
930.0 73.55648875236511
931.0 79.00858521461487
932.0 83.87848734855652
933.0 88.02576065063477
934.0 90.99164009094238
935.0 93.04741024971008
936.0 94.58662867546082
937.0 95.67592740058899
938.0 96.32042050361633
939.0 96.65182828903198
940.0 96.95065021514893
941.0 97.14075922966003
942.0 97.31341600418091
943.0 97.37256169319153
944.0 97.62595295906067
945.0 97.5712239742279
946.0 97.57834076881409
947.0 97.55474328994751
948.0 97.74366021156311
949.0 97.57611155509949
950.0 97.74839878082275
951.0 97.8414237499237
952.0 97.86978363990784
953.0 98.04720282554626
954.0 98.17314743995667
955.0 98.22062253952026
956.0 98.41512441635132
957.0 98.61687421798706
958.0 98.7405776977539
959.0 98.80340099334717
960.0 98.86924028396606
961.0 98.93690943717957
962.0 98.98543357849121
963.0 99.01224374771118
964.0 99.03013110160828
965.0 99.0167498588562
966.0 99.09791946411133
967.0 99.19718503952026
968.0 99.15128946304321
969.0 99.12883043289185
970.0 99.2195188999176
971.0 99.24489259719849
972.0 99.2807149887085
973.0 99.41167831420898
974.0 99.4063138961792
975.0 99.3752121925354
976.0 99.41442608833313
977.0 99.38191175460815
978.0 99.42024946212769
979.0 99.39265251159668
980.0 99.36255812644958
981.0 99.2439329624176
982.0 99.1761863231659
983.0 99.20930862426758
984.0 99.14570450782776
985.0 99.18316602706909
986.0 99.0463376045227
987.0 99.11789298057556
988.0 99.02307987213135
989.0 99.0563452243805
990.0 98.98965954780579
991.0 99.00903701782227
992.0 99.12698864936829
993.0 99.0711510181427
994.0 99.07314777374268
995.0 99.08056259155273
996.0 99.11031723022461
997.0 99.2205262184143
998.0 99.23899173736572
999.0 99.28250312805176
1000.0 99.31383728981018
1001.0 99.26789402961731
1002.0 99.35688972473145
1003.0 99.35811161994934
1004.0 99.46052432060242
1005.0 99.36948418617249
1006.0 99.48786497116089
1007.0 99.49118494987488
1008.0 99.41863417625427
1009.0 99.37281012535095
1010.0 99.4200050830841
1011.0 99.41981434822083
1012.0 99.280446767807
1013.0 99.3165910243988
1014.0 99.26338791847229
1015.0 99.2604672908783
1016.0 99.24234747886658
1017.0 99.30869340896606
1018.0 99.29938316345215
1019.0 99.26799535751343
1020.0 99.31307435035706
1021.0 99.44438934326172
1022.0 99.35956597328186
1023.0 99.31950569152832
1024.0 99.36323165893555
1025.0 99.35457110404968
1026.0 99.44177269935608
1027.0 99.52571988105774
1028.0 99.4455099105835
1029.0 99.56120252609253
1030.0 99.58016872406006
1031.0 99.50807690620422
1032.0 99.58265423774719
1033.0 99.49848651885986
1034.0 99.556565284729
1035.0 99.5823860168457
1036.0 99.51611161231995
1037.0 99.4866132736206
1038.0 99.48781132698059
1039.0 99.4625985622406
1040.0 99.29267168045044
1041.0 99.46914315223694
1042.0 99.39992427825928
1043.0 99.32439923286438
1044.0 99.41580295562744
1045.0 99.17752742767334
1046.0 99.35082793235779
1047.0 99.2574691772461
1048.0 99.34475421905518
1049.0 99.29123520851135
1050.0 99.26737546920776
1051.0 99.18995499610901
1052.0 99.2010235786438
1053.0 99.06162619590759
1054.0 99.33418035507202
1055.0 99.41933155059814
1056.0 99.30548667907715
1057.0 99.35473799705505
1058.0 99.13551807403564
1059.0 99.16931986808777
1060.0 99.32006597518921
1061.0 99.22865629196167
1062.0 99.20283555984497
1063.0 99.19745326042175
1064.0 99.30739998817444
1065.0 99.23760294914246
1066.0 99.29420948028564
1067.0 99.4175136089325
1068.0 99.28747415542603
1069.0 98.99942278862
1070.0 99.5245099067688
1071.0 99.16406869888306
1072.0 99.28870797157288
1073.0 99.34614896774292
1074.0 99.0306556224823
1075.0 98.95898103713989
1076.0 98.84299039840698
1077.0 99.19193387031555
1078.0 99.31901097297668
1079.0 99.06470775604248
1080.0 99.52109456062317
1081.0 98.86375665664673
1082.0 98.9844799041748
1083.0 98.81677031517029
1084.0 99.3283212184906
1085.0 99.02254939079285
1086.0 98.9050567150116
1087.0 99.1007924079895
1088.0 98.74941110610962
1089.0 98.74023199081421
1090.0 98.81116151809692
1091.0 99.00609850883484
1092.0 98.95312786102295
1093.0 98.69540333747864
1094.0 98.70507717132568
1095.0 98.67233037948608
1096.0 98.74575734138489
1097.0 98.3137309551239
1098.0 98.02437424659729
1099.0 98.72114658355713
1100.0 98.21215867996216
