lsstCam/transmission_filter_detector/r23_s02/y_10/19700101T000000.ecsv
# %ECSV 1.0
# ---
# datatype:
# - {name: wavelength, unit: nm, datatype: float32}
# - {name: efficiency, unit: '%', datatype: float64}
# meta: !!omap
# - {MODE: DETECTOR}
# - {TYPE: transmission_filter_detector}
# - {CALIBDATE: '1970-01-01T00:00:00'}
# - {INSTRUME: LSSTCam}
# - {OBSTYPE: transmission_filter_detector}
# - {CALIBCLS: lsst.ip.isr.IntermediateFilterDetectorTransmissionCurve}
# - {SOURCE: Materion (DM-46256)}
# - {DETECTOR: 101}
# - {FILTER: y_10}
# - {CALIB_ID: 'calibDate=1970-01-01T00:00:00 filter=y_10 detector=101'}
# - {DATE: '2025-04-02T15:59:51.211116'}
# - {CALIB_CREATION_DATE: '2025-04-02'}
# - {CALIB_CREATION_TIME: '15:59:51'}
# - __serialized_columns__:
#     efficiency:
#       __class__: astropy.units.quantity.Quantity
#       unit: !astropy.units.Unit {unit: '%'}
#       value: !astropy.table.SerializedColumn {name: efficiency}
#     wavelength:
#       __class__: astropy.units.quantity.Quantity
#       unit: !astropy.units.Unit {unit: nm}
#       value: !astropy.table.SerializedColumn {name: wavelength}
# schema: astropy-2.0
wavelength efficiency
300.0 0.4253796301782131
301.0 0.23017758503556252
302.0 0.03497552825137973
303.0 0.034319868427701294
304.0 0.033664211514405906
305.0 0.02341746585443616
306.0 0.013170715828891844
307.0 0.016829422384034842
308.0 0.020488126028794795
309.0 0.016079400666058064
310.0 0.011670673848129809
311.0 0.009662572847446427
312.0 0.007654471119167283
313.0 0.0056357268476858735
314.0 0.003616982212406583
315.0 0.004664019434130751
316.0 0.005711058474844322
317.0 0.005318119656294584
318.0 0.00492517719976604
319.0 0.002736333590291906
320.0 0.0005474888894241303
321.0 0.0024018128897296265
322.0 0.004256136890035123
323.0 0.0032333067792933434
324.0 0.0022104768504505046
325.0 0.0010388659575255588
326.0 1.6080531003992427e-10
327.0 0.0008470311513519846
328.0 0.0018268077838001773
329.0 0.0030396306101465598
330.0 0.004252453800290823
331.0 0.003574286893126555
332.0 0.0028961199859622866
333.0 0.0025808183636399917
334.0 0.002265516195620876
335.0 0.002454185414535459
336.0 0.002642854997247923
337.0 0.002778350062726531
338.0 0.002913844946306199
339.0 0.0013618141565530095
340.0 1.6080531003992427e-10
341.0 1.6080531003992427e-10
342.0 1.6080531003992427e-10
343.0 0.0005250087269814685
344.0 0.0010670589290384669
345.0 0.0011805685971921775
346.0 0.0012940788110427093
347.0 0.0013952175322629046
348.0 0.0014963559806346893
349.0 0.0012781300938513596
350.0 0.0010599039342196193
351.0 0.0015137920854613185
352.0 0.001967679781955667
353.0 0.0016939573470153846
354.0 0.001420235275872983
355.0 0.0014377510524354875
356.0 0.001455266828997992
357.0 0.0013176996617403347
358.0 0.0011801324035332073
359.0 0.001098654047382297
360.0 0.0010171756912313867
361.0 0.001238844015460927
362.0 0.001460512157791527
363.0 0.0011780276508943643
364.0 0.0008955429620982613
365.0 0.0012578799214679748
366.0 0.0016202175174839795
367.0 0.002070189657388255
368.0 0.00252016161539359
369.0 0.0021047228074166924
370.0 0.0016892838175408542
371.0 0.0015428360711666755
372.0 0.0013963881428935565
373.0 0.0019017050362890586
374.0 0.0024070219296845607
375.0 0.0033273783628828824
376.0 0.004247734977980144
377.0 0.00432213164458517
378.0 0.004396528674988076
379.0 0.003763550193980336
380.0 0.0031305717129725963
381.0 0.0021520139853237197
382.0 0.0011734560757759027
383.0 0.0011208817340957467
384.0 0.00106830711956718
385.0 0.0008523309588781558
386.0 0.0006363548891386017
387.0 0.0006722397756675491
388.0 0.0007081247076712316
389.0 0.000628091265753028
390.0 0.0005480579147842946
391.0 0.0005412550308392383
392.0 0.0005344521923689172
393.0 0.0006263795512495562
394.0 0.0007183070465544006
395.0 0.0006307554940576665
396.0 0.0005432039870356675
397.0 0.0007873969479987863
398.0 0.001031589818012435
399.0 0.0011811990589194465
400.0 0.0013308083907759283
401.0 0.0015700557923992164
402.0 0.0018093032849719748
403.0 0.0018148442904930562
404.0 0.0018203856598120183
405.0 0.0017895223209052347
406.0 0.0017586591638973914
407.0 0.0014724256288900506
408.0 0.00118619227578165
409.0 0.0009757335647009313
410.0 0.0007652748536202125
411.0 0.0007865797670092434
412.0 0.0008078848622972146
413.0 0.0007706427822995465
414.0 0.0007334006568271434
415.0 0.001083011466107564
416.0 0.0014326225027616601
417.0 0.0007060612006171141
418.0 1.6080531003992427e-10
419.0 1.6080531003992427e-10
420.0 1.6080531003992427e-10
421.0 1.6080531003992427e-10
422.0 0.0003524073918015347
423.0 0.0005559465535043273
424.0 0.0007594855560455471
425.0 1.6080531003992427e-10
426.0 1.6080531003992427e-10
427.0 1.6080531003992427e-10
428.0 0.00019380802314117318
429.0 1.6080531003992427e-10
430.0 1.6080531003992427e-10
431.0 0.00032480475056217983
432.0 0.0014430615919991396
433.0 0.0009213312296196818
434.0 0.00039960118556336965
435.0 2.783929460292711e-05
436.0 1.6080531003992427e-10
437.0 1.6080531003992427e-10
438.0 1.6080531003992427e-10
439.0 1.6080531003992427e-10
440.0 1.6080531003992427e-10
441.0 1.6080531003992427e-10
442.0 1.6080531003992427e-10
443.0 1.6080531003992427e-10
444.0 1.6080531003992427e-10
445.0 7.987773642526008e-05
446.0 0.00021034961719124112
447.0 0.0006048586328688543
448.0 0.0009993676030717324
449.0 0.0007648081918887328
450.0 0.000530248689756263
451.0 0.000248556284532242
452.0 1.6080531003992427e-10
453.0 1.6080531003992427e-10
454.0 1.6080531003992427e-10
455.0 1.6080531003992427e-10
456.0 2.8770406856892805e-05
457.0 8.651379062030173e-05
458.0 0.0001442571829102235
459.0 0.00010960319514197181
460.0 7.49492187424039e-05
461.0 0.0003864410246023908
462.0 0.0006979327736189589
463.0 0.000675921455695061
464.0 0.0006539101832458982
465.0 0.0007237524187075906
466.0 0.0007935947905934881
467.0 0.001168590461020358
468.0 0.0015435860404977575
469.0 0.0016283749573631212
470.0 0.0017131636923295446
471.0 0.001733370118017774
472.0 0.0017535761799081229
473.0 0.002260429937450681
474.0 0.0027672835130942985
475.0 0.0028058875614078715
476.0 0.0028444916097214445
477.0 0.0030531322408933192
478.0 0.0032617732358630747
479.0 0.003969552562921308
480.0 0.004677331889979541
481.0 0.004777674621436745
482.0 0.0048780173528939486
483.0 0.004290666038286872
484.0 0.003703314359881915
485.0 0.003630887295003049
486.0 0.003558460230124183
487.0 0.003138773172395304
488.0 0.0027190859327674843
489.0 0.002442220284137875
490.0 0.0021653551812050864
491.0 0.0016898764442885295
492.0 0.0012143976164225023
493.0 0.0011196683772141114
494.0 0.0010249395018036012
495.0 0.0012531696484074928
496.0 0.0014813997950113844
497.0 0.0017779235349735245
498.0 0.002074447365885135
499.0 0.0022331991203827783
500.0 0.002391950874880422
501.0 0.002549845703470055
502.0 0.002707740532059688
503.0 0.0028386866688379087
504.0 0.0029696324418182485
505.0 0.003099688547081314
506.0 0.0032297444704454392
507.0 0.0025225599529221654
508.0 0.0018153750716010109
509.0 0.001934284773597028
510.0 0.0020531939298962243
511.0 0.0021223302610451356
512.0 0.002191466592194047
513.0 0.0019950641217292286
514.0 0.0017986620150622912
515.0 0.0016021829651435837
516.0 0.0014057039152248763
517.0 0.0014203235878085252
518.0 0.001434943169442704
519.0 0.0014409017239813693
520.0 0.0014468600966210943
521.0 0.0016636464351904579
522.0 0.0018804321371135302
523.0 0.0018251730580232106
524.0 0.001769913978932891
525.0 0.002197435242123902
526.0 0.0026249570510117337
527.0 0.002438507362967357
528.0 0.0022520578568219207
529.0 0.0023646785848541185
530.0 0.0024772993128863163
531.0 0.002438577212160453
532.0 0.0023998549295356497
533.0 0.002431564462312963
534.0 0.0024632736312923953
535.0 0.002173837856389582
536.0 0.001884401535789948
537.0 0.002337790465389844
538.0 0.00279117939498974
539.0 0.0032948461011983454
540.0 0.0037985122617101297
541.0 0.0038763162592658773
542.0 0.003954119893023744
543.0 0.004264189192326739
544.0 0.004574258491629735
545.0 0.004981664096703753
546.0 0.005389069701777771
547.0 0.0044639255065703765
548.0 0.003538780947565101
549.0 0.0028862494218628854
550.0 0.0022337173504638486
551.0 0.00237396452575922
552.0 0.0025142115191556513
553.0 0.0030196188163245097
554.0 0.0035250253858976066
555.0 0.003750441101146862
556.0 0.003975856816396117
557.0 0.003651992665254511
558.0 0.0033281285141129047
559.0 0.0033497566619189456
560.0 0.003371384445927106
561.0 0.0034137614420615137
562.0 0.0034561380743980408
563.0 0.0034332933864789084
564.0 0.003410448698559776
565.0 0.003852743611787446
566.0 0.0042950388888129964
567.0 0.004325449845055118
568.0 0.004355861165095121
569.0 0.004820265166927129
570.0 0.005284668804961257
571.0 0.005739331754739396
572.0 0.006193995068315417
573.0 0.006524173659272492
574.0 0.006854352977825329
575.0 0.0065591055317781866
576.0 0.006263858085731044
577.0 0.0058279791119275615
578.0 0.005392100501921959
579.0 0.0061311686295084655
580.0 0.0068702371208928525
581.0 0.0073617236921563745
582.0 0.007853210263419896
583.0 0.00863517343532294
584.0 0.0094171344244387
585.0 0.009718162618810311
586.0 0.010019191540777683
587.0 0.01011436470435001
588.0 0.010209536412730813
589.0 0.010574232146609575
590.0 0.010938929335679859
591.0 0.010189736349275336
592.0 0.009440545545658097
593.0 0.007685754098929465
594.0 0.005930964834988117
595.0 0.005636240530293435
596.0 0.005341516953194514
597.0 0.00590352647122927
598.0 0.006465535261668265
599.0 0.007335006375797093
600.0 0.00820447676233016
601.0 0.008937959501054138
602.0 0.009671440056990832
603.0 0.010627655137795955
604.0 0.011583872401388362
605.0 0.01140250387834385
606.0 0.011221134627703577
607.0 0.009724895789986476
608.0 0.008228657679865137
609.0 0.006589925033040345
610.0 0.004951193113811314
611.0 0.004095334588782862
612.0 0.0032394760637544096
613.0 0.0037977417377987877
614.0 0.004356006684247404
615.0 0.004946498302160762
616.0 0.005536990283872001
617.0 0.00699127049301751
618.0 0.008445550338365138
619.0 0.009476120612816885
620.0 0.010506691614864394
621.0 0.011389527207938954
622.0 0.01227236061822623
623.0 0.012254348257556558
624.0 0.01223633298650384
625.0 0.010675475641619414
626.0 0.009114616841543466
627.0 0.0074126990512013435
628.0 0.00571078053326346
629.0 0.004572145553538576
630.0 0.0034335109376115724
631.0 0.002947475695691537
632.0 0.002461440635670442
633.0 0.0026982472263625823
634.0 0.002935053998953663
635.0 0.00311708718072623
636.0 0.0032991199987009168
637.0 0.0037762089050374925
638.0 0.004253297811374068
639.0 0.004523491224972531
640.0 0.004793684274773113
641.0 0.005260634497972205
642.0 0.005727585084969178
643.0 0.005686161603080109
644.0 0.005644737757393159
645.0 0.0052080151363043115
646.0 0.004771292879013345
647.0 0.003899000512319617
648.0 0.00302670850942377
649.0 0.0022171907403389923
650.0 0.0014076726984058041
651.0 0.0015956462448230013
652.0 0.0017836202459875494
653.0 0.001557771975058131
654.0 0.001331923522229772
655.0 0.001351864466414554
656.0 0.0013718055015488062
657.0 0.001415268525306601
658.0 0.001458731549064396
659.0 0.0017590753486729227
660.0 0.0020594190573319793
661.0 0.0018402322893962264
662.0 0.0016210453395615332
663.0 0.0021809910322190262
664.0 0.0027409367248765193
665.0 0.0033827393053798005
666.0 0.004024542067782022
667.0 0.004714945680461824
668.0 0.005405347837950103
669.0 0.005682010669261217
670.0 0.005958670590189286
671.0 0.006613242294406518
672.0 0.007267814362421632
673.0 0.007769332296447828
674.0 0.008270848775282502
675.0 0.007816155994078144
676.0 0.0073614646680653095
677.0 0.005911858897889033
678.0 0.004462253127712756
679.0 0.00289986655843677
680.0 0.0013374808077060152
681.0 0.0005830836471432121
682.0 1.6080531003992427e-10
683.0 0.00018742433667284786
684.0 0.0005461623004521243
685.0 0.00039946748984220903
686.0 0.00025277258828282356
687.0 0.0003443111381784547
688.0 0.00043584968807408586
689.0 0.00037350819184212014
690.0 0.0003111667865596246
691.0 0.0003462504309936776
692.0 0.0003813341436398332
693.0 0.000339284747497004
694.0 0.00029723539682890987
695.0 0.00034678294014156563
696.0 0.00039633046071685385
697.0 0.0003750838232008391
698.0 0.00035383711747272173
699.0 0.0002422430270598852
700.0 0.00013064877748547588
701.0 0.0001577432385602151
702.0 0.00018483777921574074
703.0 0.00031730401133245323
704.0 0.00044977027755521704
705.0 0.0004596728103933856
706.0 0.0004695752068073489
707.0 0.0001690109343144286
708.0 1.6080531003992427e-10
709.0 9.742623205966083e-05
710.0 0.0003264059159846511
711.0 0.00042464685066079255
712.0 0.0005228878308116691
713.0 0.0002946737367892638
714.0 6.645964845120034e-05
715.0 0.000247128900809912
716.0 0.00042779815885296557
717.0 0.00028846654913650127
718.0 0.00014913499626345583
719.0 0.0003761376547117834
720.0 0.0006031403700035298
721.0 0.0006013229722157121
722.0 0.0005995056199026294
723.0 0.0004899154191662092
724.0 0.0003803253548539942
725.0 0.0003960455615015235
726.0 0.0004117660409974633
727.0 0.0002120345698131132
728.0 1.2303392793455714e-05
729.0 7.836729878363258e-05
730.0 0.0001444313966203481
731.0 0.0004796251687366748
732.0 0.0008148191227519419
733.0 0.0003732943696377333
734.0 1.6080531003992427e-10
735.0 6.966541263864201e-05
736.0 0.00020756128833454568
737.0 0.0005089600108476589
738.0 0.0008103589607344475
739.0 0.0005651461833622307
740.0 0.00031993320135370595
741.0 0.0003621716587076662
742.0 0.000404410138798994
743.0 0.0001693607146080467
744.0 1.6080531003992427e-10
745.0 0.00016647286429360975
746.0 0.0003986346200690605
747.0 0.00016295538216581917
748.0 1.6080531003992427e-10
749.0 1.6080531003992427e-10
750.0 1.6080531003992427e-10
751.0 5.263748903416854e-05
752.0 0.00034074448649334954
753.0 0.00044927987801202107
754.0 0.00055781520131859
755.0 1.6080531003992427e-10
756.0 1.6080531003992427e-10
757.0 1.6080531003992427e-10
758.0 1.6080531003992427e-10
759.0 0.00024702887913008453
760.0 0.0008271174920082558
761.0 0.00048009201236709487
762.0 0.00013306649861988262
763.0 0.00012625757790374337
764.0 0.00011944856623813394
765.0 0.00020876295820926316
766.0 0.00029807720238750335
767.0 1.6080531003992427e-10
768.0 1.6080531003992427e-10
769.0 1.6080531003992427e-10
770.0 1.6080531003992427e-10
771.0 1.6080531003992427e-10
772.0 1.6080531003992427e-10
773.0 0.0002133170937668183
774.0 0.000688315822117147
775.0 0.00047757312131579965
776.0 0.0002668303295649821
777.0 0.00024173466499632923
778.0 0.000216639068639779
779.0 0.00039695978557574563
780.0 0.0005772805707238149
781.0 0.0005359801434678957
782.0 0.0004946796252625063
783.0 0.0005457265615405049
784.0 0.0005967734978185035
785.0 0.0004463651748665143
786.0 0.0002959566245408496
787.0 0.0005053656877862522
788.0 0.0007147747055569198
789.0 0.0004992100912204478
790.0 0.0002836455450960784
791.0 0.0004243731837050291
792.0 0.0005651007995766122
793.0 0.0005368771780922543
794.0 0.0005086532382847508
795.0 0.0008546187928004656
796.0 0.001200584210891975
797.0 0.0007566298791061854
798.0 0.0003126755927951308
799.0 0.0005602490091405343
800.0 0.0008078224709606729
801.0 0.00046102313717710786
802.0 0.00011422383749959408
803.0 0.00045020783545624
804.0 0.000786191776569467
805.0 0.0008208407052734401
806.0 0.0008554894520784728
807.0 0.000425152893512859
808.0 1.6080531003992427e-10
809.0 1.6080531003992427e-10
810.0 1.6080531003992427e-10
811.0 0.0004241186616127379
812.0 0.0009045066690305248
813.0 0.0011180791261722334
814.0 0.0013316516742634121
815.0 0.0012015409993182402
816.0 0.0010714298696257174
817.0 0.0008317477295349818
818.0 0.0005920656803937163
819.0 0.0007170433491410222
820.0 0.0008420210178883281
821.0 0.0007611814908159431
822.0 0.000680341872794088
823.0 0.000549507876712596
824.0 0.00041867410800477955
825.0 0.0005387452347349608
826.0 0.0006588164069398772
827.0 0.0008380317922274116
828.0 0.0010172474503633566
829.0 0.0005912420874665258
830.0 0.00016523677004443016
831.0 1.9602295253662305e-05
832.0 1.6080531003992427e-10
833.0 0.00020315719666541554
834.0 0.0005323463483364321
835.0 0.00011973763776040869
836.0 1.6080531003992427e-10
837.0 1.6080531003992427e-10
838.0 1.6080531003992427e-10
839.0 0.000425007192461635
840.0 0.0008722598067834042
841.0 0.0010791418389999308
842.0 0.0012860239621659275
843.0 0.0009910165317705832
844.0 0.0006960089194762986
845.0 0.0007376052963081747
846.0 0.0007792016731400508
847.0 0.0008383318345295265
848.0 0.0008974619959190022
849.0 0.0007000165169301908
850.0 0.0005025706741434988
851.0 0.0009432640581508167
852.0 0.0013839574421581347
853.0 0.0007183291927503888
854.0 5.27011309259251e-05
855.0 1.6080531003992427e-10
856.0 1.6080531003992427e-10
857.0 0.0004791846549778711
858.0 0.0012595627595146652
859.0 0.0011522111890371889
860.0 0.001044859345711302
861.0 0.0014409443792828824
862.0 0.0018370294128544629
863.0 0.001867480023065582
864.0 0.001897930633276701
865.0 0.001999388769036159
866.0 0.0021008470866945572
867.0 0.0027639300242299214
868.0 0.0034270127798663452
869.0 0.0031688705348642543
870.0 0.002910728107963223
871.0 0.0032285272027365863
872.0 0.0035463261156110093
873.0 0.002768542071862612
874.0 0.001990758210013155
875.0 0.002460583345964551
