lsstCam/transmission_filter_detector/r03_s00/i_39/19700101T000000.ecsv
# %ECSV 1.0
# ---
# datatype:
# - {name: wavelength, unit: nm, datatype: float32}
# - {name: efficiency, unit: '%', datatype: float64}
# meta: !!omap
# - {MODE: DETECTOR}
# - {TYPE: transmission_filter_detector}
# - {CALIBDATE: '1970-01-01T00:00:00'}
# - {INSTRUME: LSSTCam}
# - {OBSTYPE: transmission_filter_detector}
# - {CALIBCLS: lsst.ip.isr.IntermediateFilterDetectorTransmissionCurve}
# - {SOURCE: Materion (DM-46256)}
# - {DETECTOR: 18}
# - {FILTER: i_39}
# - {CALIB_ID: 'calibDate=1970-01-01T00:00:00 filter=i_39 detector=18'}
# - {DATE: '2025-04-02T15:59:46.562439'}
# - {CALIB_CREATION_DATE: '2025-04-02'}
# - {CALIB_CREATION_TIME: '15:59:46'}
# - __serialized_columns__:
#     efficiency:
#       __class__: astropy.units.quantity.Quantity
#       unit: !astropy.units.Unit {unit: '%'}
#       value: !astropy.table.SerializedColumn {name: efficiency}
#     wavelength:
#       __class__: astropy.units.quantity.Quantity
#       unit: !astropy.units.Unit {unit: nm}
#       value: !astropy.table.SerializedColumn {name: wavelength}
# schema: astropy-2.0
wavelength efficiency
300.0 0.09360602125525475
301.0 0.05062651471234858
302.0 0.007647042366443202
303.0 0.02497786481399089
304.0 0.042308689444325864
305.0 0.039184122579172254
306.0 0.0360595528036356
307.0 0.009742609836393967
308.0 1.7283993247046991e-10
309.0 1.7283993247046991e-10
310.0 1.7283993247046991e-10
311.0 1.7283993247046991e-10
312.0 1.7283993247046991e-10
313.0 1.7283993247046991e-10
314.0 1.7283993247046991e-10
315.0 1.7283993247046991e-10
316.0 1.7283993247046991e-10
317.0 1.7283993247046991e-10
318.0 1.7283993247046991e-10
319.0 1.7283993247046991e-10
320.0 1.7283993247046991e-10
321.0 1.7283993247046991e-10
322.0 1.7283993247046991e-10
323.0 1.7283993247046991e-10
324.0 1.7283993247046991e-10
325.0 1.7283993247046991e-10
326.0 1.7283993247046991e-10
327.0 0.0009148044227913488
328.0 0.0026915738999377936
329.0 0.002474642860761378
330.0 0.0022577125491807237
331.0 0.0009709484402264934
332.0 1.7283993247046991e-10
333.0 0.00014508336789731402
334.0 0.0006059816314518685
335.0 0.00014265377785704914
336.0 1.7283993247046991e-10
337.0 0.0007204067969723837
338.0 0.0017614871467230842
339.0 0.002766832221823279
340.0 0.003772177660721354
341.0 1.7283993247046991e-10
342.0 1.7283993247046991e-10
343.0 1.7283993247046991e-10
344.0 1.7283993247046991e-10
345.0 1.7283993247046991e-10
346.0 1.7283993247046991e-10
347.0 1.7283993247046991e-10
348.0 1.7283993247046991e-10
349.0 1.7283993247046991e-10
350.0 1.7283993247046991e-10
351.0 1.7283993247046991e-10
352.0 1.7283993247046991e-10
353.0 1.7283993247046991e-10
354.0 1.7283993247046991e-10
355.0 1.7283993247046991e-10
356.0 1.7283993247046991e-10
357.0 0.00042157112147833686
358.0 0.001153302400780376
359.0 0.0010684480002964847
360.0 0.000983592963166302
361.0 0.0008693610652699135
362.0 0.0007551290764240548
363.0 0.00019762271676881937
364.0 1.7283993247046991e-10
365.0 0.0007508790986321401
366.0 0.0018616421584738418
367.0 0.001273140424018493
368.0 0.0006846386440884089
369.0 0.0010037699212261941
370.0 0.0013229013347881846
371.0 0.00092039153969381
372.0 0.0005178816991247004
373.0 0.0006162924364616629
374.0 0.0007147030828491552
375.0 0.0005443569534691051
376.0 0.00037401041481643915
377.0 0.00036643421026383294
378.0 0.0003588578465496539
379.0 1.7283993247046991e-10
380.0 1.7283993247046991e-10
381.0 1.7283993247046991e-10
382.0 1.7283993247046991e-10
383.0 1.7283993247046991e-10
384.0 0.0012476426491048187
385.0 0.0011215423910471145
386.0 0.00099544195109047
387.0 1.7283993247046991e-10
388.0 1.7283993247046991e-10
389.0 1.7283993247046991e-10
390.0 1.7283993247046991e-10
391.0 1.7283993247046991e-10
392.0 1.7283993247046991e-10
393.0 1.7283993247046991e-10
394.0 0.0005488664555741707
395.0 1.7283993247046991e-10
396.0 1.7283993247046991e-10
397.0 1.7283993247046991e-10
398.0 1.7283993247046991e-10
399.0 1.7283993247046991e-10
400.0 0.00032905959415074904
401.0 1.7283993247046991e-10
402.0 1.7283993247046991e-10
403.0 0.00032237267078016885
404.0 0.0025440143872401677
405.0 0.004335097764851525
406.0 0.006126180960563943
407.0 0.0024277293050545268
408.0 1.7283993247046991e-10
409.0 1.7283993247046991e-10
410.0 1.7283993247046991e-10
411.0 0.0014774052033317275
412.0 0.0038541038520634174
413.0 0.0042731942812679335
414.0 0.0046922861656639725
415.0 0.003828548506135121
416.0 0.002964810664707329
417.0 0.001489738224336179
418.0 1.4665410219549813e-05
419.0 0.0028246260626474395
420.0 0.0056345859775319695
421.0 0.00509818310092669
422.0 0.00456178022432141
423.0 0.004969308065483347
424.0 0.005376836270443164
425.0 0.004120981975574978
426.0 0.0028651271350099705
427.0 0.003613615990616381
428.0 0.004362105391919613
429.0 0.00506788601342123
430.0 0.005773666998720728
431.0 0.0044034368329448625
432.0 0.0030332077585626394
433.0 0.004324300243752077
434.0 0.005615393092739396
435.0 0.004364834967418574
436.0 0.0031142772058956325
437.0 0.0021753632609033957
438.0 0.0012364495887595695
439.0 0.0019825587514787912
440.0 0.002728668368945364
441.0 0.0010761292287497781
442.0 1.7283993247046991e-10
443.0 1.7283993247046991e-10
444.0 1.7283993247046991e-10
445.0 1.7283993247046991e-10
446.0 9.933418709806574e-06
447.0 9.792211130843498e-05
448.0 0.0001859109033830464
449.0 1.7283993247046991e-10
450.0 1.7283993247046991e-10
451.0 0.00010230140787825803
452.0 0.0009552217306918465
453.0 0.0013428986676444765
454.0 0.0017305759683949873
455.0 0.0018976306819240563
456.0 0.002064685759251006
457.0 0.0013744392163062003
458.0 0.0006841925824119244
459.0 0.00035490420486894436
460.0 2.5615884169383207e-05
461.0 0.00035683606256498024
462.0 0.0006880563432787312
463.0 0.00026411962608108297
464.0 1.7283993247046991e-10
465.0 0.00014613654002459953
466.0 0.00045209003474155907
467.0 0.000606693947702297
468.0 0.000761297860663035
469.0 0.00044492817323771305
470.0 0.0001285585881305451
471.0 0.00042877195483015385
472.0 0.0007289852874237113
473.0 0.001149974104919238
474.0 0.0015709631043137051
475.0 0.0007622434168297332
476.0 1.7283993247046991e-10
477.0 0.00034018969472526805
478.0 0.0007268555236805696
479.0 0.0009390682862431277
480.0 0.0011512811397551559
481.0 0.0024926957848947495
482.0 0.0038341091567417607
483.0 0.005067042002337985
484.0 0.0062999752117320895
485.0 0.006246200791792944
486.0 0.00619242709944956
487.0 0.009054575639311224
488.0 0.01191672490676865
489.0 0.01605739234946668
490.0 0.020198059792164713
491.0 0.024088146165013313
492.0 0.02797823108267039
493.0 0.03040680312551558
494.0 0.032835378078743815
495.0 0.0289429648546502
496.0 0.025050548720173538
497.0 0.01914536696858704
498.0 0.013240182306617498
499.0 0.009615859744371846
500.0 0.005991537909721956
501.0 0.004494958557188511
502.0 0.0029983799322508276
503.0 0.0023238240828504786
504.0 0.0016492680515511893
505.0 0.0016763444364187308
506.0 0.0017034208212862723
507.0 0.001917904955917038
508.0 0.002132388726749923
509.0 0.0023115424482966773
510.0 0.0024906961698434316
511.0 0.0020434903490240686
512.0 0.0015962843463057652
513.0 0.0015874886230449192
514.0 0.0015786928997840732
515.0 0.0021412599380710162
516.0 0.00270382734015584
517.0 0.0021937301426078193
518.0 0.001683633126958739
519.0 0.001966138370335102
520.0 0.002248643613711465
521.0 0.0018855298549169675
522.0 0.00152241618707194
523.0 0.0015613477444276214
524.0 0.0016002795746317133
525.0 0.0020282790501369163
526.0 0.002456278343743179
527.0 0.0027521786250872537
528.0 0.003048079088330269
529.0 0.003058994479943067
530.0 0.0030699102353537455
531.0 0.002921527084254194
532.0 0.0027731442969525233
533.0 0.0022261865524342284
534.0 0.0016792289898148738
535.0 0.001660427005845122
536.0 0.00164162483997643
537.0 0.0022306256141746417
538.0 0.0028196260245749727
539.0 0.003272172762081027
540.0 0.003724719863384962
541.0 0.004497478221310303
542.0 0.005270236943033524
543.0 0.005190898082219064
544.0 0.005111558857606724
545.0 0.0044281347072683275
546.0 0.0037447112845256925
547.0 0.0028365588150336407
548.0 0.0019284065274405293
549.0 0.0019438621166045777
550.0 0.0019593182514654472
551.0 0.0016198962839553133
552.0 0.0012804744073946495
553.0 0.0017334230506094173
554.0 0.0021863717847736552
555.0 0.0016689222320565023
556.0 0.001151472588389879
557.0 0.0008614990292699076
558.0 0.0005715255610994063
559.0 0.00022059239199734293
560.0 1.7283993247046991e-10
561.0 0.0006069336450309493
562.0 0.0013442081581160892
563.0 0.0014903192095516715
564.0 0.001636430351936724
565.0 0.0013033590221311897
566.0 0.0009702879651740659
567.0 0.0009559449608786963
568.0 0.000941602138482267
569.0 0.0008099005754047539
570.0 0.0006781990123272408
571.0 0.00038620141822320875
572.0 9.42038695939118e-05
573.0 0.00030072742447373457
574.0 0.0005072510703030275
575.0 0.0003822106464212993
576.0 0.0002571701543274685
577.0 0.000480990320284036
578.0 0.000704810463503236
579.0 0.0003011797389262938
580.0 1.7283993247046991e-10
581.0 9.920986485667527e-05
582.0 0.0003008706244145287
583.0 0.0004220456048642518
584.0 0.0005432205398392398
585.0 0.0006618354291276773
586.0 0.0007804504093655851
587.0 0.0008141345460899174
588.0 0.0008478186828142498
589.0 0.0006990608653723029
590.0 0.0005503030479303561
591.0 0.0008722977327124681
592.0 0.0011942927812924609
593.0 0.0007885606464697048
594.0 0.0003828287390206242
595.0 0.0006532278803206282
596.0 0.0009236269761458971
597.0 0.0007504693257942563
598.0 0.0005773117209173506
599.0 0.0005977273303869879
600.0 0.000618142848907155
601.0 0.0005224257165536983
602.0 0.0004267085842002416
603.0 0.00028489541818998987
604.0 0.00014308211575553287
605.0 0.0002046466988758766
606.0 0.000266211350208323
607.0 0.0005074668933957582
608.0 0.0007487223228963558
609.0 0.0006135056082712254
610.0 0.00047828857532294933
611.0 0.0006146077794255689
612.0 0.0007509270290029235
613.0 0.000487505803903332
614.0 0.00022408464701584307
615.0 1.7283993247046991e-10
616.0 1.7283993247046991e-10
617.0 1.7283993247046991e-10
618.0 6.819143436587183e-05
619.0 0.00023548502667836146
620.0 0.00040277868720295373
621.0 0.0005180026164453011
622.0 0.0006332265002129134
623.0 0.0005317197064869106
624.0 0.00043021295823564287
625.0 0.0004168479790678248
626.0 0.0004034829999000067
627.0 0.0003081829845541506
628.0 0.00021288294647092698
629.0 0.00034083445825672243
630.0 0.0004687860382546205
631.0 0.0004532797902356833
632.0 0.00043777354221674614
633.0 0.00048354313548770733
634.0 0.0005293127287586685
635.0 0.0004149473170400597
636.0 0.0003005818143719807
637.0 0.0002637588977449923
638.0 0.00022693577648169594
639.0 0.0005281281573843444
640.0 0.0008293204700748902
641.0 0.0005657328983943444
642.0 0.0003021453494511661
643.0 0.0005385982603911543
644.0 0.0007750511940685101
645.0 0.0006890696113259764
646.0 0.0006030880740581779
647.0 0.0007115270364010939
648.0 0.000819966498966096
649.0 0.0007112953881005524
650.0 0.0006026242772350088
651.0 0.0008053851161093917
652.0 0.0010081460459332447
653.0 0.0011251122487010434
654.0 0.001242078360519372
655.0 0.0018401990018901415
656.0 0.002438319643260911
657.0 0.003226354601792991
658.0 0.004014388468931429
659.0 0.0064686311816331
660.0 0.04294936952646822
661.0 0.0890364230144769
662.0 0.08162703597918153
663.0 0.10002754861488938
664.0 0.1100024557672441
665.0 0.15876690158620477
666.0 0.13900886988267303
667.0 0.1450299401767552
668.0 0.1960162539035082
669.0 0.2385344123467803
670.0 0.3286341670900583
671.0 0.4603089764714241
672.0 0.6668701767921448
673.0 1.0839775204658508
674.0 1.6502363607287407
675.0 2.453533187508583
676.0 3.4697797149419785
677.0 4.807163029909134
678.0 6.196001172065735
679.0 7.596087455749512
680.0 9.463004767894745
681.0 11.485397815704346
682.0 14.027422666549683
683.0 16.841676831245422
684.0 19.92710828781128
685.0 22.873596847057343
686.0 25.848302245140076
687.0 29.061049222946167
688.0 32.17931091785431
689.0 35.2956086397171
690.0 38.846078515052795
691.0 42.673128843307495
692.0 47.35094904899597
693.0 52.43154168128967
694.0 58.146899938583374
695.0 63.713860511779785
696.0 70.04470229148865
697.0 75.64976811408997
698.0 81.84228539466858
699.0 86.50662899017334
700.0 90.19466638565063
701.0 93.27004551887512
702.0 95.3795075416565
703.0 96.55828475952148
704.0 97.21472263336182
705.0 97.71403074264526
706.0 97.7404534816742
707.0 97.86851406097412
708.0 97.97157645225525
709.0 98.01202416419983
710.0 97.73713946342468
711.0 97.95619249343872
712.0 97.82823920249939
713.0 97.87282943725586
714.0 97.98725247383118
715.0 98.02334904670715
716.0 97.91513085365295
717.0 98.15332889556885
718.0 98.16022515296936
719.0 98.12685251235962
720.0 98.37470054626465
721.0 98.28549027442932
722.0 98.00651669502258
723.0 97.8084921836853
724.0 97.47633337974548
725.0 97.18345999717712
726.0 96.88175916671753
727.0 96.51792645454407
728.0 96.28956317901611
729.0 96.11021876335144
730.0 96.08705639839172
731.0 96.16543650627136
732.0 96.24170064926147
733.0 96.51036858558655
734.0 96.90671563148499
735.0 97.19645977020264
736.0 97.53860235214233
737.0 97.9729175567627
738.0 98.19768071174622
739.0 98.5617458820343
740.0 98.63852262496948
741.0 98.48315119743347
742.0 98.8055944442749
743.0 98.64524006843567
744.0 98.49547743797302
745.0 98.44038486480713
746.0 98.44803810119629
747.0 98.68446588516235
748.0 98.57783317565918
749.0 98.41567873954773
750.0 98.44699501991272
751.0 98.3653724193573
752.0 98.31522703170776
753.0 98.47598671913147
754.0 98.41582775115967
755.0 98.58980178833008
756.0 98.52025508880615
757.0 98.57601523399353
758.0 98.63975644111633
759.0 98.69300723075867
760.0 98.50584864616394
761.0 98.46234917640686
762.0 98.51993322372437
763.0 98.43417406082153
764.0 98.28681945800781
765.0 98.26741814613342
766.0 98.41678142547607
767.0 98.13050627708435
768.0 98.19194674491882
769.0 98.23349118232727
770.0 98.02440404891968
771.0 98.12805652618408
772.0 98.15793037414551
773.0 98.07157516479492
774.0 97.91351556777954
775.0 97.98668622970581
776.0 97.9931890964508
777.0 97.9541540145874
778.0 97.94303774833679
779.0 97.95020818710327
780.0 97.80440330505371
781.0 98.05319309234619
782.0 97.86876440048218
783.0 97.87958860397339
784.0 97.80625700950623
785.0 97.9913592338562
786.0 98.06837439537048
787.0 97.8551983833313
788.0 98.01005721092224
789.0 98.1270968914032
790.0 98.01777005195618
791.0 98.062664270401
792.0 98.01227450370789
793.0 97.9520320892334
794.0 97.83828258514404
795.0 97.88264632225037
796.0 97.87254929542542
797.0 97.91954755783081
798.0 98.00950884819031
799.0 97.88850545883179
800.0 97.7418601512909
801.0 97.81578779220581
802.0 97.68667817115784
803.0 97.4611222743988
804.0 97.3055899143219
805.0 96.97213172912598
806.0 96.82368040084839
807.0 96.2566614151001
808.0 95.59768438339233
809.0 94.78351473808289
810.0 93.73762607574463
811.0 92.31234192848206
812.0 90.44145941734314
813.0 88.26704621315002
814.0 85.53028702735901
815.0 82.36823678016663
816.0 78.98276448249817
817.0 74.8889148235321
818.0 70.16848921775818
819.0 65.82950949668884
820.0 60.72423458099365
821.0 56.09025955200195
822.0 51.59772038459778
823.0 46.85014188289642
824.0 42.22416877746582
825.0 37.954363226890564
826.0 33.44924747943878
827.0 28.83337140083313
828.0 24.572670459747314
829.0 20.322324335575104
830.0 15.955160558223724
831.0 12.471716105937958
832.0 9.001992642879486
833.0 6.19933046400547
834.0 4.011839255690575
835.0 2.493056282401085
836.0 1.5127912163734436
837.0 0.8442784659564495
838.0 0.4959625657647848
839.0 0.31779948621988297
840.0 0.13082632794976234
841.0 0.07967906421981752
842.0 0.05825874977745116
843.0 0.02791709266602993
844.0 0.012072337267454714
845.0 1.7283993247046991e-10
846.0 1.7283993247046991e-10
847.0 1.7283993247046991e-10
848.0 1.7283993247046991e-10
849.0 1.7283993247046991e-10
850.0 0.007508011913159862
851.0 1.7283993247046991e-10
852.0 0.0008437847100140061
853.0 0.0009817475984164048
854.0 0.0011197106687177438
855.0 0.0008608451935288031
856.0 0.0006019798092893325
857.0 0.0007141860805859324
858.0 0.0008263920790341217
859.0 0.0005320320269674994
860.0 0.00023767186121403938
861.0 0.0003579317763069412
862.0 0.00047819157771300524
863.0 0.0001951577132786042
864.0 1.7283993247046991e-10
865.0 2.3180464836514147e-05
866.0 0.0001342369273515942
867.0 0.0001263886588276364
868.0 0.00011854034482894349
869.0 1.7283993247046991e-10
870.0 1.7283993247046991e-10
871.0 1.7283993247046991e-10
872.0 0.00014137760899757268
873.0 0.00014364270555233816
874.0 0.00014590776800105232
875.0 9.02050032891566e-05
876.0 3.4502235735089926e-05
877.0 1.7283993247046991e-10
878.0 1.7283993247046991e-10
879.0 1.7283993247046991e-10
880.0 0.0003337333282615873
881.0 0.00013622610595120932
882.0 1.7283993247046991e-10
883.0 0.00016096990975711378
884.0 0.0003832209131360287
885.0 0.00017404996697223396
886.0 1.7283993247046991e-10
887.0 6.733332611474907e-05
888.0 0.0001697876314210589
889.0 1.6902774291338574e-05
890.0 1.7283993247046991e-10
891.0 2.318446803428742e-05
892.0 0.00018235097059005057
893.0 0.0002196728928538505
894.0 0.0002569947810115991
895.0 1.7283993247046991e-10
