lsstCam/transmission_filter_detector/r03_s00/i_39/19700101T000000.ecsv
# %ECSV 1.0
# ---
# datatype:
# - {name: wavelength, unit: nm, datatype: float32}
# - {name: efficiency, unit: '%', datatype: float64}
# meta: !!omap
# - {MODE: DETECTOR}
# - {TYPE: transmission_filter_detector}
# - {CALIBDATE: '1970-01-01T00:00:00'}
# - {INSTRUME: LSSTCam}
# - {OBSTYPE: transmission_filter_detector}
# - {CALIBCLS: lsst.ip.isr.IntermediateFilterDetectorTransmissionCurve}
# - {SOURCE: Materion (DM-46256)}
# - {DETECTOR: 18}
# - {FILTER: i_39}
# - {CALIB_ID: 'calibDate=1970-01-01T00:00:00 filter=i_39 detector=18'}
# - {DATE: '2025-04-02T15:59:46.562439'}
# - {CALIB_CREATION_DATE: '2025-04-02'}
# - {CALIB_CREATION_TIME: '15:59:46'}
# - __serialized_columns__:
#     efficiency:
#       __class__: astropy.units.quantity.Quantity
#       unit: !astropy.units.Unit {unit: '%'}
#       value: !astropy.table.SerializedColumn {name: efficiency}
#     wavelength:
#       __class__: astropy.units.quantity.Quantity
#       unit: !astropy.units.Unit {unit: nm}
#       value: !astropy.table.SerializedColumn {name: wavelength}
# schema: astropy-2.0
wavelength efficiency
[from data line 597]
897.0 1.7283993247046991e-10
898.0 1.7283993247046991e-10
899.0 1.7283993247046991e-10
900.0 1.7283993247046991e-10
901.0 1.7283993247046991e-10
902.0 1.7283993247046991e-10
903.0 1.7283993247046991e-10
904.0 1.7283993247046991e-10
905.0 1.7283993247046991e-10
906.0 1.7283993247046991e-10
907.0 3.602831100124604e-05
908.0 0.00019874671579600545
909.0 1.7283993247046991e-10
910.0 1.7283993247046991e-10
911.0 1.7283993247046991e-10
912.0 9.596446943760384e-05
913.0 0.00010473885367900948
914.0 0.0001135132492890989
915.0 1.586525257835092e-05
916.0 1.7283993247046991e-10
917.0 1.7283993247046991e-10
918.0 1.7283993247046991e-10
919.0 1.7283993247046991e-10
920.0 6.382387027770164e-05
921.0 3.165338284816244e-05
922.0 1.7283993247046991e-10
923.0 1.7283993247046991e-10
924.0 1.7283993247046991e-10
925.0 5.358164756330552e-06
926.0 0.00023152267658588244
927.0 1.0117418014488067e-05
928.0 1.7283993247046991e-10
929.0 1.7283993247046991e-10
930.0 0.00013214150840212824
931.0 0.00017898504438562668
932.0 0.00022582858036912512
933.0 0.00015593967646054807
934.0 8.605080097368045e-05
935.0 1.7283993247046991e-10
936.0 1.7283993247046991e-10
937.0 1.7283993247046991e-10
938.0 1.7283993247046991e-10
939.0 1.7283993247046991e-10
940.0 1.7283993247046991e-10
941.0 1.7283993247046991e-10
942.0 1.7283993247046991e-10
943.0 1.7283993247046991e-10
944.0 1.7283993247046991e-10
945.0 1.7283993247046991e-10
946.0 1.7283993247046991e-10
947.0 1.7283993247046991e-10
948.0 1.7283993247046991e-10
949.0 1.7283993247046991e-10
950.0 1.7283993247046991e-10
951.0 1.7283993247046991e-10
952.0 1.7283993247046991e-10
953.0 1.7283993247046991e-10
954.0 1.7283993247046991e-10
955.0 3.1168929126579314e-05
956.0 0.0002767943897197256
957.0 0.00013401183878158918
958.0 1.7283993247046991e-10
959.0 9.508118523626763e-05
960.0 0.0001989331167351338
961.0 0.0002300384721820592
962.0 0.0002611437821542495
963.0 7.460767506017874e-05
964.0 1.7283993247046991e-10
965.0 1.7283993247046991e-10
966.0 1.7283993247046991e-10
967.0 1.7283993247046991e-10
968.0 1.7283993247046991e-10
969.0 1.7283993247046991e-10
970.0 2.2602426952289534e-05
971.0 1.7283993247046991e-10
972.0 1.7283993247046991e-10
973.0 1.7283993247046991e-10
974.0 1.7283993247046991e-10
975.0 1.7283993247046991e-10
976.0 1.0736486188989147e-05
977.0 1.7283993247046991e-10
978.0 1.7283993247046991e-10
979.0 1.7283993247046991e-10
980.0 1.7283993247046991e-10
981.0 1.7283993247046991e-10
982.0 1.7283993247046991e-10
983.0 1.7283993247046991e-10
984.0 1.736961223741673e-05
985.0 0.0001453817844776495
986.0 0.0002733939481913694
987.0 4.2711258174676914e-05
988.0 1.7283993247046991e-10
989.0 1.7283993247046991e-10
990.0 1.7283993247046991e-10
991.0 1.7283993247046991e-10
992.0 1.7283993247046991e-10
993.0 1.7283993247046991e-10
994.0 3.679524018807001e-07
995.0 1.7283993247046991e-10
996.0 1.7283993247046991e-10
997.0 9.088285679581531e-07
998.0 0.00021335836208891124
999.0 0.00030693090593558736
1000.0 0.0004005033588327933
1001.0 0.00020805221083719516
1002.0 1.5600971892126836e-05
1003.0 4.0238944620796246e-05
1004.0 6.487695713985886e-05
1005.0 1.7283993247046991e-10
1006.0 1.7283993247046991e-10
1007.0 3.460115181042056e-05
1008.0 0.000233705736718548
1009.0 0.00011342038988004788
1010.0 1.7283993247046991e-10
1011.0 0.00011475624432932818
1012.0 0.00023637746835447615
1013.0 0.00037807858461746946
1014.0 0.0005197797236178303
1015.0 0.0004403840193845099
1016.0 0.00036098831515118945
1017.0 0.0004262937181920279
1018.0 0.0004915992576570716
1019.0 0.000359882847078552
1020.0 0.00022816634555056226
1021.0 0.00021327327885956038
1022.0 0.00019838018943119096
1023.0 0.000531285422766814
1024.0 0.0008641907697892748
1025.0 0.000605613058723975
1026.0 0.0003470353249213076
1027.0 0.0003884963462041924
1028.0 0.0004299572992749745
1029.0 0.0008325374437845312
1030.0 0.001235117633768823
1031.0 0.001784757296263706
1032.0 0.002334396594960708
1033.0 0.0024802871848805808
1034.0 0.0026261774110025726
1035.0 0.003131477933493443
1036.0 0.003636777910287492
1037.0 0.0037112320569576696
1038.0 0.0037856854760320857
1039.0 0.0030731149308849126
1040.0 0.00236054456763668
1041.0 0.0018980048480443656
1042.0 0.001435464855603641
1043.0 0.002035290890489705
1044.0 0.0026351168344262987
1045.0 0.0031024934287415817
1046.0 0.003569870750652626
1047.0 0.0036253812140785158
1048.0 0.0036808916775044054
1049.0 0.0030281809813459404
1050.0 0.002375470648985356
1051.0 0.002538929766160436
1052.0 0.002702389429032337
1053.0 0.0017958607713808306
1054.0 0.0008893321137293242
1055.0 0.0007277212716871873
1056.0 0.0005661103841703152
1057.0 0.0006528693575091893
1058.0 0.0007396285127470037
1059.0 0.0008552548933948856
1060.0 0.0009708815923659131
1061.0 0.0016772577509982511
1062.0 0.002383633909630589
1063.0 0.0025239749447791837
1064.0 0.0026643161618267186
1065.0 0.0030036913813091815
1066.0 0.0033430667826905847
1067.0 0.004278105188859627
1068.0 0.005213143231230788
1069.0 0.004117485514143482
1070.0 0.0030218276151572354
1071.0 0.0028629672669922
1072.0 0.002704106555029284
1073.0 0.0024573681002948433
1074.0 0.0022106298274593428
1075.0 0.002295540070917923
1076.0 0.002380450132477563
1077.0 0.0018973612895933911
1078.0 0.0014142718100629281
1079.0 0.001916823021019809
1080.0 0.0024193741410272196
1081.0 0.0014471878785116132
1082.0 0.0004750012067233911
1083.0 4.462518745640409e-05
1084.0 1.7283993247046991e-10
1085.0 0.0003448215466050897
1086.0 0.0010753946298791561
1087.0 0.0007396578439511359
1088.0 0.000403921239922056
1089.0 1.7283993247046991e-10
1090.0 1.7283993247046991e-10
1091.0 1.7283993247046991e-10
1092.0 1.7283993247046991e-10
1093.0 1.7283993247046991e-10
1094.0 0.0006083487278374378
1095.0 0.0006108265552029479
1096.0 0.0006133046099421335
1097.0 1.7283993247046991e-10
1098.0 1.7283993247046991e-10
1099.0 1.7283993247046991e-10
1100.0 0.0009441453585168347
