lsstCam/transmission_filter_detector/r12_s21/i_39/19700101T000000.ecsv
# %ECSV 1.0
# ---
# datatype:
# - {name: wavelength, unit: nm, datatype: float32}
# - {name: efficiency, unit: '%', datatype: float64}
# meta: !!omap
# - {MODE: DETECTOR}
# - {TYPE: transmission_filter_detector}
# - {CALIBDATE: '1970-01-01T00:00:00'}
# - {INSTRUME: LSSTCam}
# - {OBSTYPE: transmission_filter_detector}
# - {CALIBCLS: lsst.ip.isr.IntermediateFilterDetectorTransmissionCurve}
# - {SOURCE: Materion (DM-46256)}
# - {DETECTOR: 52}
# - {FILTER: i_39}
# - {CALIB_ID: 'calibDate=1970-01-01T00:00:00 filter=i_39 detector=52'}
# - {DATE: '2025-04-02T15:59:46.719996'}
# - {CALIB_CREATION_DATE: '2025-04-02'}
# - {CALIB_CREATION_TIME: '15:59:46'}
# - __serialized_columns__:
#     efficiency:
#       __class__: astropy.units.quantity.Quantity
#       unit: !astropy.units.Unit {unit: '%'}
#       value: !astropy.table.SerializedColumn {name: efficiency}
#     wavelength:
#       __class__: astropy.units.quantity.Quantity
#       unit: !astropy.units.Unit {unit: nm}
#       value: !astropy.table.SerializedColumn {name: wavelength}
# schema: astropy-2.0
wavelength efficiency
[from data line 597]
897.0 1.5796540507942436e-10
898.0 1.5796540507942436e-10
899.0 1.5796540507942436e-10
900.0 1.5796540507942436e-10
901.0 1.5796540507942436e-10
902.0 1.5796540507942436e-10
903.0 1.5796540507942436e-10
904.0 1.5796540507942436e-10
905.0 1.5796540507942436e-10
906.0 1.5796540507942436e-10
907.0 6.911341188242659e-05
908.0 0.0002331147697987035
909.0 1.5796540507942436e-10
910.0 1.5796540507942436e-10
911.0 1.5796540507942436e-10
912.0 0.00011762958820327185
913.0 0.00010127906762136263
914.0 8.492855840813718e-05
915.0 1.5796540507942436e-10
916.0 1.5796540507942436e-10
917.0 1.5796540507942436e-10
918.0 1.5796540507942436e-10
919.0 1.5796540507942436e-10
920.0 3.2787305315196136e-06
921.0 1.5796540507942436e-10
922.0 1.5796540507942436e-10
923.0 1.5796540507942436e-10
924.0 1.5796540507942436e-10
925.0 0.00011523719649630948
926.0 0.0002631654297147179
927.0 1.5796540507942436e-10
928.0 1.5796540507942436e-10
929.0 1.5796540507942436e-10
930.0 0.00019681485809996957
931.0 0.00018145236708733137
932.0 0.0001660898647060094
933.0 0.00014456239796345471
934.0 0.00012303496532695135
935.0 1.5796540507942436e-10
936.0 1.5796540507942436e-10
937.0 1.5796540507942436e-10
938.0 1.5796540507942436e-10
939.0 1.5796540507942436e-10
940.0 1.5796540507942436e-10
941.0 1.5796540507942436e-10
942.0 1.5796540507942436e-10
943.0 1.5796540507942436e-10
944.0 1.5796540507942436e-10
945.0 1.5796540507942436e-10
946.0 1.5796540507942436e-10
947.0 1.5796540507942436e-10
948.0 1.5796540507942436e-10
949.0 1.5796540507942436e-10
950.0 1.5796540507942436e-10
951.0 1.5796540507942436e-10
952.0 1.5796540507942436e-10
953.0 1.5796540507942436e-10
954.0 1.5796540507942436e-10
955.0 1.861414915538262e-05
956.0 0.00022971428279561223
957.0 0.00017121305972978007
958.0 0.00011271177982052905
959.0 0.00015166079947448452
960.0 0.00019060981912844
961.0 0.00020508098259597318
962.0 0.0002195521346948226
963.0 8.870488841239421e-05
964.0 1.5796540507942436e-10
965.0 1.5796540507942436e-10
966.0 1.5796540507942436e-10
967.0 1.5796540507942436e-10
968.0 1.5796540507942436e-10
969.0 1.5796540507942436e-10
970.0 1.5796540507942436e-10
971.0 1.5796540507942436e-10
972.0 1.5796540507942436e-10
973.0 1.5796540507942436e-10
974.0 6.252494699765521e-06
975.0 1.5796540507942436e-10
976.0 1.5796540507942436e-10
977.0 1.5796540507942436e-10
978.0 1.5796540507942436e-10
979.0 1.5796540507942436e-10
980.0 1.5796540507942436e-10
981.0 1.5796540507942436e-10
982.0 1.5796540507942436e-10
983.0 1.5796540507942436e-10
984.0 1.5796540507942436e-10
985.0 0.00011068732419516891
986.0 0.0002448857003400917
987.0 2.1406160044534772e-05
988.0 1.5796540507942436e-10
989.0 1.5796540507942436e-10
990.0 1.5796540507942436e-10
991.0 1.5796540507942436e-10
992.0 1.5796540507942436e-10
993.0 1.5796540507942436e-10
994.0 3.615139974044723e-05
995.0 1.5796540507942436e-10
996.0 1.5796540507942436e-10
997.0 3.080121189213969e-05
998.0 0.00023980608148121973
999.0 0.00032153348001884297
1000.0 0.00040326081034436356
1001.0 0.00022778892798669403
1002.0 5.2316971732579987e-05
1003.0 8.717829018678458e-05
1004.0 0.00012203964843138237
1005.0 2.6564265453998814e-05
1006.0 1.5796540507942436e-10
1007.0 5.871700068382779e-05
1008.0 0.00018634515299709165
1009.0 0.00011550391718628816
1010.0 4.466262737423676e-05
1011.0 7.926827834126016e-05
1012.0 0.00011387389804440318
1013.0 0.00027192641027795617
1014.0 0.0004299789452488767
1015.0 0.0003564234020814183
1016.0 0.0002828678816513275
1017.0 0.0003679448354887427
1018.0 0.0004530219484877307
1019.0 0.00041116372813121416
1020.0 0.00036930546229996253
1021.0 0.00021060477592982352
1022.0 5.190407250665885e-05
1023.0 0.0004629323939298047
1024.0 0.0008739608347241301
1025.0 0.0007139520221244311
1026.0 0.0005539432549994672
1027.0 0.000464025242763455
1028.0 0.0003741072532648104
1029.0 0.0008153701855917461
1030.0 0.0012566330951813143
1031.0 0.001806238287827
1032.0 0.0023558432076242752
1033.0 0.0024941593437688425
1034.0 0.0026324747523176484
1035.0 0.0031817071430850774
1036.0 0.0037309386243578047
1037.0 0.003871210719808005
1038.0 0.0040114820876624435
1039.0 0.003494701741146855
1040.0 0.0029779219403280877
1041.0 0.0027507683626026846
1042.0 0.0025236147848772816
1043.0 0.003172749711666256
1044.0 0.0038218844565562904
1045.0 0.0033389089367119595
1046.0 0.0028559339625644498
1047.0 0.002662092083483003
1048.0 0.0024682502044015564
1049.0 0.0021682304577552713
1050.0 0.001868210529210046
1051.0 0.0020100875190109946
1052.0 0.0021519646907108836
1053.0 0.0013091868822812103
1054.0 0.00046640907385153696
1055.0 0.0004503552190726623
1056.0 0.00043430131881905254
1057.0 0.00058599121075531
1058.0 0.0007376812845905079
1059.0 0.0008305498340632766
1060.0 0.0009234187928086612
1061.0 0.0016285695892293006
1062.0 0.002333719930902589
1063.0 0.0027171601686859503
1064.0 0.003100600588368252
1065.0 0.0034753345971694216
1066.0 0.003850068969768472
1067.0 0.004708805863629095
1068.0 0.0055675427574897185
1069.0 0.0045028860768070444
1070.0 0.0034382293961243704
1071.0 0.003395436579012312
1072.0 0.003352643034304492
1073.0 0.0034269662137376145
1074.0 0.0035012893931707367
1075.0 0.0035830649721901864
1076.0 0.0036648409150075167
1077.0 0.002802170092763845
1078.0 0.0019394989067222923
1079.0 0.0019105227693216875
1080.0 0.0018815466319210827
1081.0 0.0012555154171423055
1082.0 0.000629484065939323
1083.0 0.00025017818643391365
1084.0 1.5796540507942436e-10
1085.0 0.0008454375347355381
1086.0 0.001820003308239393
1087.0 0.0013731259059568401
1088.0 0.0009262485946237575
1089.0 1.5796540507942436e-10
1090.0 1.5796540507942436e-10
1091.0 1.5796540507942436e-10
1092.0 1.5796540507942436e-10
1093.0 1.5796540507942436e-10
1094.0 0.0003422966074140277
1095.0 0.0005022816822020104
1096.0 0.0006622668479394633
1097.0 1.5796540507942436e-10
1098.0 1.5796540507942436e-10
1099.0 1.5796540507942436e-10
1100.0 1.5796540507942436e-10
