lsstCam/transmission_filter_detector/r12_s21/i_39/19700101T000000.ecsv
# %ECSV 1.0
# ---
# datatype:
# - {name: wavelength, unit: nm, datatype: float32}
# - {name: efficiency, unit: '%', datatype: float64}
# meta: !!omap
# - {MODE: DETECTOR}
# - {TYPE: transmission_filter_detector}
# - {CALIBDATE: '1970-01-01T00:00:00'}
# - {INSTRUME: LSSTCam}
# - {OBSTYPE: transmission_filter_detector}
# - {CALIBCLS: lsst.ip.isr.IntermediateFilterDetectorTransmissionCurve}
# - {SOURCE: Materion (DM-46256)}
# - {DETECTOR: 52}
# - {FILTER: i_39}
# - {CALIB_ID: 'calibDate=1970-01-01T00:00:00 filter=i_39 detector=52'}
# - {DATE: '2025-04-02T15:59:46.719996'}
# - {CALIB_CREATION_DATE: '2025-04-02'}
# - {CALIB_CREATION_TIME: '15:59:46'}
# - __serialized_columns__:
#     efficiency:
#       __class__: astropy.units.quantity.Quantity
#       unit: !astropy.units.Unit {unit: '%'}
#       value: !astropy.table.SerializedColumn {name: efficiency}
#     wavelength:
#       __class__: astropy.units.quantity.Quantity
#       unit: !astropy.units.Unit {unit: nm}
#       value: !astropy.table.SerializedColumn {name: wavelength}
# schema: astropy-2.0
wavelength efficiency
300.0 0.07837015436962247
301.0 0.04627324524335563
302.0 0.014176375407259911
303.0 0.028447320801205933
304.0 0.04271826765034348
305.0 0.03281276440247893
306.0 0.022907259699422866
307.0 0.007448307587765157
308.0 1.5796540507942436e-10
309.0 1.5796540507942436e-10
310.0 1.5796540507942436e-10
311.0 1.5796540507942436e-10
312.0 0.008795072790235281
313.0 0.0009320076969743241
314.0 1.5796540507942436e-10
315.0 1.5796540507942436e-10
316.0 1.5796540507942436e-10
317.0 1.5796540507942436e-10
318.0 1.5796540507942436e-10
319.0 1.5796540507942436e-10
320.0 1.5796540507942436e-10
321.0 1.5796540507942436e-10
322.0 0.0015461168004549108
323.0 1.5796540507942436e-10
324.0 1.5796540507942436e-10
325.0 1.5796540507942436e-10
326.0 1.5796540507942436e-10
327.0 1.5796540507942436e-10
328.0 0.003414436287130229
329.0 0.002408184445812367
330.0 0.001401932786393445
331.0 0.0016751442672102712
332.0 0.0019483566575217992
333.0 0.0020408724594744854
334.0 0.002133388443326112
335.0 0.0015946736311889254
336.0 0.00105595945569803
337.0 0.0021202777134021744
338.0 0.003184596062055789
339.0 0.0033597876608837396
340.0 0.0035349792597116902
341.0 1.5796540507942436e-10
342.0 1.5796540507942436e-10
343.0 1.5796540507942436e-10
344.0 1.5796540507942436e-10
345.0 1.5796540507942436e-10
346.0 1.5796540507942436e-10
347.0 1.5796540507942436e-10
348.0 1.5796540507942436e-10
349.0 1.5796540507942436e-10
350.0 1.5796540507942436e-10
351.0 1.5796540507942436e-10
352.0 1.5796540507942436e-10
353.0 1.5796540507942436e-10
354.0 1.5796540507942436e-10
355.0 1.5796540507942436e-10
356.0 1.5796540507942436e-10
357.0 0.00035990328797197435
358.0 0.0010425878826936241
359.0 0.0012639879969356116
360.0 0.001485387565480778
361.0 0.0011601001460803673
362.0 0.0008348126357304864
363.0 0.0004790188086190028
364.0 0.00012322509519435698
365.0 0.0008986385182652157
366.0 0.001674052509770263
367.0 0.0010428023415443022
368.0 0.00041155230974254664
369.0 0.0007263570296345279
370.0 0.0010411618859507143
371.0 0.001092956790671451
372.0 0.001144751877291128
373.0 0.001071942187991226
374.0 0.0009991324986913241
375.0 0.00010185389101025066
376.0 1.5796540507942436e-10
377.0 1.5796540507942436e-10
378.0 0.0002956769549200544
379.0 6.226475761650363e-05
380.0 1.5796540507942436e-10
381.0 1.5796540507942436e-10
382.0 1.5796540507942436e-10
383.0 5.0058173428624286e-05
384.0 0.001458686438127188
385.0 0.0012157038327131886
386.0 0.0009727210454002488
387.0 1.5796540507942436e-10
388.0 1.5796540507942436e-10
389.0 1.5796540507942436e-10
390.0 1.5796540507942436e-10
391.0 1.5796540507942436e-10
392.0 1.5796540507942436e-10
393.0 1.5796540507942436e-10
394.0 0.0008781561518844683
395.0 1.5796540507942436e-10
396.0 1.5796540507942436e-10
397.0 1.5796540507942436e-10
398.0 1.5796540507942436e-10
399.0 1.5796540507942436e-10
400.0 1.5796540507942436e-10
401.0 0.000832164914754685
402.0 0.0020776924429810606
403.0 0.002208992555097211
404.0 0.002340292849112302
405.0 0.004575749335344881
406.0 0.00681120582157746
407.0 0.0031696097721578553
408.0 1.5796540507942436e-10
409.0 0.0003753999180844403
410.0 0.0012227867955516558
411.0 0.00256520197581267
412.0 0.003907617792719975
413.0 0.004005098162451759
414.0 0.004102579623577185
415.0 0.003911197563866153
416.0 0.0037198155041551217
417.0 0.002655050229805056
418.0 0.0015902845916571096
419.0 0.003828403350780718
420.0 0.006066521746106446
421.0 0.004588644151226617
422.0 0.0031107661925489083
423.0 0.0038644015148747712
424.0 0.004618036109604873
425.0 0.0037125057133380324
426.0 0.0028069745894754305
427.0 0.004004159200121649
428.0 0.005201344538363628
429.0 0.005309690459398553
430.0 0.00541803747182712
431.0 0.004154800626565702
432.0 0.0028915641451021656
433.0 0.0032796084269648418
434.0 0.003667652708827518
435.0 0.002955282252514735
436.0 0.0022429116143030114
437.0 0.0017936272342922166
438.0 0.0013443428542814218
439.0 0.0018241435100208037
440.0 0.0023039445295580663
441.0 0.0007012814876361517
442.0 1.5796540507942436e-10
443.0 1.5796540507942436e-10
444.0 1.5796540507942436e-10
445.0 1.5796540507942436e-10
446.0 1.5796540507942436e-10
447.0 0.00014790211935178377
448.0 0.0007856987394916359
449.0 1.5796540507942436e-10
450.0 1.5796540507942436e-10
451.0 0.00010971941719617462
452.0 0.0011089694453403354
453.0 0.0015915797121124342
454.0 0.0020741903426824138
455.0 0.001985181006602943
456.0 0.0018961716705234721
457.0 0.0012707891983154695
458.0 0.0006454066806327319
459.0 0.00036233188893675106
460.0 7.925701197564194e-05
461.0 0.0004819571586267557
462.0 0.0008846573109622113
463.0 0.00030222222449083347
464.0 1.5796540507942436e-10
465.0 0.0001507626166130649
466.0 0.0005817380497319391
467.0 0.0007191903478087625
468.0 0.0008566426913603209
469.0 0.0006390808721334906
470.0 0.00042151909838139545
471.0 0.00047874477786535863
472.0 0.000535970548298792
473.0 0.0009596867130312603
474.0 0.001383403105137404
475.0 0.0007400315098493593
476.0 9.666021014709258e-05
477.0 0.0007029841981420759
478.0 0.0013093082088744268
479.0 0.0013341803423827514
480.0 0.0013590523849416059
481.0 0.002636832869029604
482.0 0.003914611806976609
483.0 0.0055395063100149855
484.0 0.007164400449255481
485.0 0.008629481453681365
486.0 0.010094562458107248
487.0 0.012304792471695691
488.0 0.014515023212879896
489.0 0.017532087804283947
490.0 0.020549150940496475
491.0 0.022717443061992526
492.0 0.0248857366386801
493.0 0.02570944488979876
494.0 0.026533156051300466
495.0 0.02312341966899112
496.0 0.019713678921107203
497.0 0.0156776761286892
498.0 0.011641672608675435
499.0 0.008446800347883254
500.0 0.005251928087091073
501.0 0.0040980019548442215
502.0 0.0029440763682941906
503.0 0.002470151594025083
504.0 0.001996226637857035
505.0 0.0019031584088224918
506.0 0.0018100901797879487
507.0 0.0017808559277909808
508.0 0.0017516211300971918
509.0 0.0017895596101880074
510.0 0.0018274979083798826
511.0 0.0015110207641555462
512.0 0.00119454371088068
513.0 0.001614860593690537
514.0 0.002035177567449864
515.0 0.0026942936528939754
516.0 0.003353409920237027
517.0 0.0026543446438154206
518.0 0.001955279367393814
519.0 0.002069277070404496
520.0 0.0021832749553141184
521.0 0.0016799296645331196
522.0 0.0011765846466005314
523.0 0.0012974308447155636
524.0 0.001418277224729536
525.0 0.001997590334212873
526.0 0.0025769029889488593
527.0 0.0025898529202095233
528.0 0.0026028030333691277
529.0 0.0018408562027616426
530.0 0.001078909554053098
531.0 0.0010818334885698278
532.0 0.001084757695934968
533.0 0.0012948525181855075
534.0 0.0015049475223349873
535.0 0.0016652495105518028
536.0 0.0018255515897180885
537.0 0.0026105979486601427
538.0 0.0033956439438043162
539.0 0.004139887823839672
540.0 0.004884131703875028
541.0 0.005474527279147878
542.0 0.00606492358201649
543.0 0.005035498907091096
544.0 0.004006074595963582
545.0 0.003196526813553646
546.0 0.0023869797587394714
547.0 0.0019655246433103457
548.0 0.00154406952788122
549.0 0.0017603746528038755
550.0 0.0019766801415244117
551.0 0.0017285547073697671
552.0 0.001480429546063533
553.0 0.0013955130270915106
554.0 0.0013105965081194881
555.0 0.0010016829037340358
556.0 0.0006927692083991133
557.0 0.000702813940733904
558.0 0.0007128588549676351
559.0 0.0002954578576463973
560.0 1.5796540507942436e-10
561.0 0.0006059872703190194
562.0 0.0013339177712623496
563.0 0.0015803037967998534
564.0 0.0018266900951857679
565.0 0.001411615994584281
566.0 0.0009965419849322643
567.0 0.0006883616606501164
568.0 0.0003801814500548062
569.0 0.0005272160251479363
570.0 0.0006742504410794936
571.0 0.0004546104264591122
572.0 0.00023497045731346589
573.0 0.00038537623368029017
574.0 0.0005357820555218495
575.0 0.00043720319808926433
576.0 0.00033862420423247386
577.0 0.00043482154978846665
578.0 0.0005310188498697244
579.0 0.000285901455754356
580.0 4.078403037510725e-05
581.0 0.00017959998785954667
582.0 0.00031841593681747327
583.0 0.000433146306022536
584.0 0.000547876561540761
585.0 0.0006545957148773596
586.0 0.0007613149591634283
587.0 0.0007762528184684925
588.0 0.0007911906322988216
589.0 0.000642555050944793
590.0 0.0004939195150654996
591.0 0.0006481027867266675
592.0 0.000802286285761511
593.0 0.0005178136689210078
594.0 0.00023334107481787214
595.0 0.0005644471002597129
596.0 0.000895553057489451
597.0 0.0007478219231416006
598.0 0.0006000908797432203
599.0 0.0005581606274063233
600.0 0.0005162302841199562
601.0 0.00047394269131473266
602.0 0.00043165505303477403
603.0 0.00032402738270320697
604.0 0.0002163995532100671
605.0 0.00023990428417164367
606.0 0.0002634089923958527
607.0 0.0004824236839340301
608.0 0.0007014382845227374
609.0 0.0006366785783029627
610.0 0.0005719185992347775
611.0 0.000727358974472736
612.0 0.0008827993951854296
613.0 0.0005056057943875203
614.0 0.00012841223906434607
615.0 1.5796540507942436e-10
616.0 1.5796540507942436e-10
617.0 1.5796540507942436e-10
618.0 0.00015528536323472508
619.0 0.0002919575081250514
620.0 0.00042862975533353165
621.0 0.0005929586677666521
622.0 0.0007572875347250374
623.0 0.0006231854968063999
624.0 0.0004890834588877624
625.0 0.0004082356554135913
626.0 0.0003273878974141553
627.0 0.000311099802274839
628.0 0.00029481170713552274
629.0 0.0004535374500846956
630.0 0.0006122632839833386
631.0 0.000556812847207766
632.0 0.0005013624104321934
633.0 0.00044249973143450916
634.0 0.0003836370069620898
635.0 0.0003832941729342565
636.0 0.000382951247956953
637.0 0.0003481424528217758
638.0 0.00031333352126239333
639.0 0.0006062942702556029
640.0 0.0008992548828246072
641.0 0.0006222838692337973
642.0 0.0003453129011177225
643.0 0.0006066234618629096
644.0 0.0008679340680828318
645.0 0.0007382030162261799
646.0 0.0006084720553189982
647.0 0.0007629142601217609
648.0 0.0009173568287224043
649.0 0.0008145787433022633
650.0 0.0007118007033568574
651.0 0.0009433215382159688
652.0 0.0011748424185498152
653.0 0.0012861425602750387
654.0 0.0013974425201013219
655.0 0.002044411485258024
656.0 0.0026913803594652563
657.0 0.0036721212381962687
658.0 0.004652860661735758
659.0 0.0074007242801599205
660.0 1.5796540507942436e-10
661.0 0.08409481961280107
662.0 0.17056729411706328
663.0 0.11795501923188567
664.0 0.15151167754083872
665.0 0.1594559522345662
666.0 0.1960475230589509
667.0 0.1287997467443347
668.0 0.2720235614106059
669.0 0.3735719248652458
670.0 0.5925379227846861
671.0 0.8657849393785
672.0 1.3980795629322529
673.0 1.9968559965491295
674.0 2.8655821457505226
675.0 3.9372682571411133
676.0 5.09316585958004
677.0 6.506999582052231
678.0 7.921861857175827
679.0 9.606963396072388
680.0 11.807262152433395
681.0 14.077334105968475
682.0 16.708777844905853
683.0 19.530241191387177
684.0 22.54769802093506
685.0 25.45681893825531
686.0 28.485509753227234
687.0 31.81859254837036
688.0 35.35943925380707
689.0 39.08902704715729
690.0 43.39831471443176
691.0 48.056650161743164
692.0 53.571975231170654
693.0 59.26681160926819
694.0 65.46379923820496
695.0 71.24795913696289
696.0 77.36963629722595
697.0 82.64661431312561
698.0 87.83445954322815
699.0 91.41266942024231
700.0 93.91727447509766
701.0 95.67821621894836
702.0 96.83637022972107
703.0 97.26892113685608
704.0 97.511887550354
705.0 97.74869084358215
706.0 97.71005511283875
707.0 97.79863357543945
708.0 97.81016111373901
709.0 97.92499542236328
710.0 97.70182967185974
711.0 97.9432761669159
712.0 97.88432717323303
713.0 97.97140955924988
714.0 98.0463981628418
715.0 98.19615483283997
716.0 98.03563952445984
717.0 98.11686277389526
718.0 98.16481471061707
719.0 98.04137945175171
720.0 98.16123843193054
721.0 98.0264663696289
722.0 97.63060808181763
723.0 97.35088348388672
724.0 97.15835452079773
725.0 96.96577787399292
726.0 96.72019481658936
727.0 96.60719037055969
728.0 96.44442796707153
729.0 96.32525444030762
730.0 96.48795127868652
731.0 96.49878144264221
732.0 96.6675877571106
733.0 97.02013731002808
734.0 97.33598828315735
735.0 97.53375053405762
736.0 97.84806966781616
737.0 98.19630980491638
738.0 98.43378067016602
739.0 98.6343264579773
740.0 98.70168566703796
741.0 98.5772430896759
742.0 98.89299869537354
743.0 98.74923825263977
744.0 98.47761988639832
745.0 98.51054549217224
746.0 98.52449893951416
747.0 98.72636795043945
748.0 98.53034019470215
749.0 98.48198890686035
750.0 98.45778942108154
751.0 98.35614562034607
752.0 98.32648038864136
753.0 98.51498007774353
754.0 98.44449758529663
755.0 98.61611127853394
756.0 98.64322543144226
757.0 98.6715018749237
758.0 98.68912696838379
759.0 98.8444447517395
760.0 98.6673653125763
761.0 98.52052330970764
762.0 98.75014424324036
763.0 98.64782691001892
764.0 98.47275018692017
765.0 98.46464395523071
766.0 98.43955039978027
767.0 98.21949601173401
768.0 98.2852578163147
769.0 98.17271828651428
770.0 97.95730113983154
771.0 97.9430079460144
772.0 98.01896214485168
773.0 97.79497385025024
774.0 97.70501852035522
775.0 97.81790375709534
776.0 97.74852395057678
777.0 97.85549640655518
778.0 97.8738784790039
779.0 98.06467890739441
780.0 98.06007146835327
781.0 98.41510057449341
782.0 98.35461974143982
783.0 98.50836992263794
784.0 98.43403697013855
785.0 98.49799275398254
786.0 98.68319034576416
787.0 98.37459921836853
788.0 98.48030805587769
789.0 98.54630827903748
790.0 98.38593006134033
791.0 98.45609664916992
792.0 98.32599759101868
793.0 98.26025366783142
794.0 98.13843965530396
795.0 97.91708588600159
796.0 97.89254665374756
797.0 97.80869483947754
798.0 97.80648946762085
799.0 97.64328598976135
800.0 97.48610854148865
801.0 97.31555581092834
802.0 97.12789058685303
803.0 96.64559364318848
804.0 95.9271788597107
805.0 94.90634202957153
806.0 93.85668635368347
807.0 92.30713844299316
808.0 90.3777539730072
809.0 88.30169439315796
810.0 85.83187460899353
811.0 82.86147713661194
812.0 79.38918471336365
813.0 75.63494443893433
814.0 71.36013507843018
815.0 66.91567301750183
816.0 62.64549493789673
817.0 57.92619585990906
818.0 53.11627984046936
819.0 48.97322952747345
820.0 44.19593811035156
821.0 39.69091176986694
822.0 35.26342809200287
823.0 30.635496973991394
824.0 26.052379608154297
825.0 21.901491284370422
826.0 17.54838526248932
827.0 13.255740702152252
828.0 9.68734547495842
829.0 6.658413261175156
830.0 4.059680178761482
831.0 2.574021741747856
832.0 1.470318716019392
833.0 0.8795812726020813
834.0 0.4571276716887951
835.0 0.289788655936718
836.0 0.15945552149787545
837.0 0.12714338954538107
838.0 0.07802669424563646
839.0 0.01674224331509322
840.0 0.03860544820781797
841.0 0.006705844134557992
842.0 1.5796540507942436e-10
843.0 1.5796540507942436e-10
844.0 1.5796540507942436e-10
845.0 0.01728604984236881
846.0 1.5796540507942436e-10
847.0 1.5796540507942436e-10
848.0 1.5796540507942436e-10
849.0 0.0074508177931420505
850.0 1.5796540507942436e-10
851.0 1.5796540507942436e-10
852.0 0.0006001155270496383
853.0 0.0008666730536788236
854.0 0.0011332307622069493
855.0 0.0009374923138238955
856.0 0.000741754001865047
857.0 0.0008505656296620145
858.0 0.0009593769391358364
859.0 0.0005506330580828944
860.0 0.00014188908608048223
861.0 0.00022528406589117367
862.0 0.0003086789320150274
863.0 0.0001392671720168437
864.0 1.5796540507942436e-10
865.0 1.5796540507942436e-10
866.0 1.5796540507942436e-10
867.0 1.6569424587942194e-05
868.0 4.6260998942670994e-05
869.0 1.5796540507942436e-10
870.0 1.5796540507942436e-10
871.0 2.3541163329809933e-05
872.0 0.0002206682438554708
873.0 0.000190485673101648
874.0 0.00016030306824177387
875.0 0.00021068767637189012
876.0 0.0002610723186080577
877.0 1.5796540507942436e-10
878.0 1.5796540507942436e-10
879.0 2.680946806776774e-05
880.0 0.0003771685214815079
881.0 0.00018581406493467512
882.0 1.5796540507942436e-10
883.0 0.0001542570544188493
884.0 0.0003140545231872238
885.0 0.00013718370155402226
886.0 1.5796540507942436e-10
887.0 8.495584324919037e-05
888.0 0.00020959880657756003
889.0 6.676391990367847e-05
890.0 1.5796540507942436e-10
891.0 1.5796540507942436e-10
892.0 5.590339924310683e-05
893.0 0.00015593491298204754
894.0 0.000255966438089672
895.0 1.5796540507942436e-10
