lsstCam/transmission_filter_detector/r01_s12/y_10/19700101T000000.ecsv
# %ECSV 1.0
# ---
# datatype:
# - {name: wavelength, unit: nm, datatype: float32}
# - {name: efficiency, unit: '%', datatype: float64}
# meta: !!omap
# - {MODE: DETECTOR}
# - {TYPE: transmission_filter_detector}
# - {CALIBDATE: '1970-01-01T00:00:00'}
# - {INSTRUME: LSSTCam}
# - {OBSTYPE: transmission_filter_detector}
# - {CALIBCLS: lsst.ip.isr.IntermediateFilterDetectorTransmissionCurve}
# - {SOURCE: Materion (DM-46256)}
# - {DETECTOR: 5}
# - {FILTER: y_10}
# - {CALIB_ID: 'calibDate=1970-01-01T00:00:00 filter=y_10 detector=5'}
# - {DATE: '2025-04-02T15:59:50.764534'}
# - {CALIB_CREATION_DATE: '2025-04-02'}
# - {CALIB_CREATION_TIME: '15:59:50'}
# - __serialized_columns__:
#     efficiency:
#       __class__: astropy.units.quantity.Quantity
#       unit: !astropy.units.Unit {unit: '%'}
#       value: !astropy.table.SerializedColumn {name: efficiency}
#     wavelength:
#       __class__: astropy.units.quantity.Quantity
#       unit: !astropy.units.Unit {unit: nm}
#       value: !astropy.table.SerializedColumn {name: wavelength}
# schema: astropy-2.0
wavelength efficiency
[from data line 579]
879.0 0.0017145441233878955
880.0 0.06225014221854508
881.0 0.08831152226775885
882.0 0.0654008996207267
883.0 0.09016130934469402
884.0 0.05374966422095895
885.0 0.08189888903871179
886.0 0.0754597713239491
887.0 0.09278776706196368
888.0 0.05913529894314706
889.0 0.11251623509451747
890.0 0.06836880929768085
891.0 0.10740716243162751
892.0 0.06403562147170305
893.0 0.10488227708265185
894.0 0.07834966527298093
895.0 0.10954044992104173
896.0 0.07524027023464441
897.0 0.09605128434486687
898.0 0.07802649051882327
899.0 0.10507948463782668
900.0 0.08351533324457705
901.0 0.11434900807216763
902.0 0.1259986311197281
903.0 0.1611280837096274
904.0 0.16590841114521027
905.0 0.19307734910398722
906.0 0.21229442209005356
907.0 0.28619749937206507
908.0 0.3520837752148509
909.0 0.4829096142202616
910.0 0.6399746052920818
911.0 0.8933192119002342
912.0 1.309865340590477
913.0 1.9376680254936218
914.0 2.7339236810803413
915.0 3.9741676300764084
916.0 5.566979199647903
917.0 7.418709248304367
918.0 9.675383567810059
919.0 11.908198148012161
920.0 15.012089908123016
921.0 18.22066307067871
922.0 21.337513625621796
923.0 24.94988739490509
924.0 28.868064284324646
925.0 33.238306641578674
926.0 38.672590255737305
927.0 44.71627175807953
928.0 50.29536485671997
929.0 56.55297636985779
930.0 62.4005913734436
931.0 68.39272379875183
932.0 74.26040768623352
933.0 79.57488894462585
934.0 83.83033275604248
935.0 87.1103048324585
936.0 89.89416360855103
937.0 92.01824069023132
938.0 93.53099465370178
939.0 94.44177150726318
940.0 95.16473412513733
941.0 95.60580253601074
942.0 95.94851732254028
943.0 96.1693823337555
944.0 96.57794237136841
945.0 96.75227999687195
946.0 96.8806803226471
947.0 96.95131182670593
948.0 97.13586568832397
949.0 97.01158404350281
950.0 97.1912682056427
951.0 97.19261527061462
952.0 97.19318151473999
953.0 97.3484992980957
954.0 97.4062442779541
955.0 97.41101861000061
956.0 97.63476848602295
957.0 97.84805178642273
958.0 98.01486730575562
959.0 98.12723398208618
960.0 98.2729971408844
961.0 98.38111400604248
962.0 98.50091338157654
963.0 98.54921698570251
964.0 98.62861633300781
965.0 98.68663549423218
966.0 98.72963428497314
967.0 98.8220751285553
968.0 98.80736470222473
969.0 98.8122284412384
970.0 98.85396361351013
971.0 98.88397455215454
972.0 98.97583723068237
973.0 99.00290966033936
974.0 99.02857542037964
975.0 99.0296483039856
976.0 99.09309148788452
977.0 99.05132055282593
978.0 99.10802841186523
979.0 99.07557964324951
980.0 99.03748631477356
981.0 99.00851249694824
982.0 98.95983338356018
983.0 98.95831346511841
984.0 98.91569018363953
985.0 98.91799092292786
986.0 98.80917072296143
987.0 98.85804057121277
988.0 98.73442053794861
989.0 98.72090816497803
990.0 98.65679144859314
991.0 98.67538213729858
992.0 98.71488213539124
993.0 98.66766929626465
994.0 98.65611791610718
995.0 98.65643382072449
996.0 98.62270951271057
997.0 98.73258471488953
998.0 98.77410531044006
999.0 98.82562160491943
1000.0 98.86789321899414
1001.0 98.84610772132874
1002.0 98.98420572280884
1003.0 99.00814890861511
1004.0 99.07533526420593
1005.0 99.02491569519043
1006.0 99.17694926261902
1007.0 99.15044903755188
1008.0 99.12520051002502
1009.0 99.08666610717773
1010.0 99.14288520812988
1011.0 99.13709163665771
1012.0 99.04715418815613
1013.0 99.0446150302887
1014.0 99.04124140739441
1015.0 98.98290634155273
1016.0 98.95756244659424
1017.0 98.96575212478638
1018.0 98.9908516407013
1019.0 98.90503883361816
1020.0 98.95455241203308
1021.0 99.04560446739197
1022.0 98.92221689224243
1023.0 98.97040128707886
1024.0 98.96131157875061
1025.0 98.92005324363708
1026.0 98.98524284362793
1027.0 99.08655881881714
1028.0 99.02721643447876
1029.0 99.13734197616577
1030.0 99.16968941688538
1031.0 99.1308867931366
1032.0 99.10813570022583
1033.0 99.12343621253967
1034.0 99.1466224193573
1035.0 99.17020201683044
1036.0 99.14999604225159
1037.0 99.18001294136047
1038.0 99.13166761398315
1039.0 99.04125928878784
1040.0 99.01841878890991
1041.0 99.0362286567688
1042.0 99.0460455417633
1043.0 98.93056154251099
1044.0 99.06856417655945
1045.0 98.77963662147522
1046.0 98.88857007026672
1047.0 98.82109761238098
1048.0 98.88309240341187
1049.0 98.798668384552
1050.0 98.77880215644836
1051.0 98.78786206245422
1052.0 98.7125813961029
1053.0 98.65838289260864
1054.0 98.84729385375977
1055.0 98.9614725112915
1056.0 98.83484840393066
1057.0 98.93345832824707
1058.0 98.76197576522827
1059.0 98.8463819026947
1060.0 98.96530508995056
1061.0 98.87968301773071
1062.0 98.94758462905884
1063.0 98.77703189849854
1064.0 99.05303120613098
1065.0 98.94230961799622
1066.0 98.98276925086975
1067.0 99.03722405433655
1068.0 98.92151355743408
1069.0 98.79802465438843
1070.0 99.11897778511047
1071.0 98.99541139602661
1072.0 99.11746978759766
1073.0 99.15263056755066
1074.0 98.73776435852051
1075.0 98.81314039230347
1076.0 98.58950972557068
1077.0 98.92718195915222
1078.0 99.04407858848572
1079.0 98.6560046672821
1080.0 99.34303164482117
1081.0 98.57845306396484
1082.0 98.46146702766418
1083.0 98.73783588409424
1084.0 98.93426299095154
1085.0 98.97017478942871
1086.0 98.75695705413818
1087.0 98.79294633865356
1088.0 98.64799976348877
1089.0 98.45083355903625
1090.0 98.62505793571472
1091.0 98.85628819465637
1092.0 98.82317781448364
1093.0 98.65172505378723
1094.0 98.22177290916443
1095.0 98.562091588974
1096.0 98.83081316947937
1097.0 98.35839867591858
1098.0 97.7304995059967
1099.0 98.45635294914246
1100.0 98.31576943397522
