lsstCam/transmission_filter_detector/r01_s12/y_10/19700101T000000.ecsv
# %ECSV 1.0
# ---
# datatype:
# - {name: wavelength, unit: nm, datatype: float32}
# - {name: efficiency, unit: '%', datatype: float64}
# meta: !!omap
# - {MODE: DETECTOR}
# - {TYPE: transmission_filter_detector}
# - {CALIBDATE: '1970-01-01T00:00:00'}
# - {INSTRUME: LSSTCam}
# - {OBSTYPE: transmission_filter_detector}
# - {CALIBCLS: lsst.ip.isr.IntermediateFilterDetectorTransmissionCurve}
# - {SOURCE: Materion (DM-46256)}
# - {DETECTOR: 5}
# - {FILTER: y_10}
# - {CALIB_ID: 'calibDate=1970-01-01T00:00:00 filter=y_10 detector=5'}
# - {DATE: '2025-04-02T15:59:50.764534'}
# - {CALIB_CREATION_DATE: '2025-04-02'}
# - {CALIB_CREATION_TIME: '15:59:50'}
# - __serialized_columns__:
#     efficiency:
#       __class__: astropy.units.quantity.Quantity
#       unit: !astropy.units.Unit {unit: '%'}
#       value: !astropy.table.SerializedColumn {name: efficiency}
#     wavelength:
#       __class__: astropy.units.quantity.Quantity
#       unit: !astropy.units.Unit {unit: nm}
#       value: !astropy.table.SerializedColumn {name: wavelength}
# schema: astropy-2.0
wavelength efficiency
300.0 0.5339940544217825
301.0 0.2859443426132202
302.0 0.03789459588006139
303.0 0.03426224284339696
304.0 0.030629895627498627
305.0 0.017377024050801992
306.0 0.0041241495637223125
307.0 0.012285489356145263
308.0 0.020446824782993644
309.0 0.014513233327306807
310.0 0.008579638961236924
311.0 0.008577665721531957
312.0 0.008575690299039707
313.0 0.00845624745124951
314.0 0.008336805331055075
315.0 0.006861974543426186
316.0 0.005387146302382462
317.0 0.005547805631067604
318.0 0.005708461321773939
319.0 0.0027583755581872538
320.0 1.654725076578878e-10
321.0 0.002526735079300124
322.0 0.005245182182989083
323.0 0.003940018723369576
324.0 0.0026348550818511285
325.0 0.0011205963346583303
326.0 1.654725076578878e-10
327.0 0.0007637826456630137
328.0 0.0019212278857594356
329.0 0.0034236076317029074
330.0 0.0049259870138484985
331.0 0.004327112401369959
332.0 0.003728237425093539
333.0 0.0025754476155270822
334.0 0.0014226573512132745
335.0 0.002009590753004886
336.0 0.0025965246095438488
337.0 0.0028004535124637187
338.0 0.0030043818696867675
339.0 0.001329317547060782
340.0 1.654725076578878e-10
341.0 1.654725076578878e-10
342.0 1.654725076578878e-10
343.0 0.00016008107195375487
344.0 0.0010209369065705687
345.0 0.0013967000086267944
346.0 0.0017724638382787816
347.0 0.0016892763596842997
348.0 0.0016060888810898177
349.0 0.0013191654943511821
350.0 0.001032241834764136
351.0 0.0012366792361717671
352.0 0.001441116000933107
353.0 0.001167246955446899
354.0 0.0008933780009101611
355.0 0.00101715686469106
356.0 0.0011409358194214292
357.0 0.0008168688509613276
358.0 0.0004928017006022856
359.0 0.0006150698936835397
360.0 0.0007373380867647938
361.0 0.0011523528883117251
362.0 0.0015673673260607757
363.0 0.0013264454537420534
364.0 0.0010855231266759802
365.0 0.0013089423191559035
366.0 0.0015323619663831778
367.0 0.0020443896573851816
368.0 0.0025564173483871855
369.0 0.0022354926841217093
370.0 0.0019145683836541139
371.0 0.0018078633729601279
372.0 0.0017011581803672016
373.0 0.0019916809833375737
374.0 0.002282203786307946
375.0 0.003255750925745815
376.0 0.004229298065183684
377.0 0.004122211612411775
378.0 0.004015125159639865
379.0 0.0036137065762886778
380.0 0.0032122876291396096
381.0 0.0021943867977824993
382.0 0.0011764856935769785
383.0 0.0011716200788214337
384.0 0.0011667541002680082
385.0 0.0009059527656063437
386.0 0.000645151294520474
387.0 0.0007050297881505685
388.0 0.000764908327255398
389.0 0.0007001511676207883
390.0 0.0006353940989356488
391.0 0.0005444945600174833
392.0 0.0004535950665740529
393.0 0.0005590589807979995
394.0 0.0006645230314461514
395.0 0.0006375110842782306
396.0 0.0006104992735345149
397.0 0.0008330463060701732
398.0 0.0010555933840805665
399.0 0.0012497817806433886
400.0 0.001443970268155681
401.0 0.0016545338439755142
402.0 0.001865097692643758
403.0 0.001886925929284189
404.0 0.0019087541659246199
405.0 0.001767162757460028
406.0 0.001625571348995436
407.0 0.0014076214938540943
408.0 0.0011896716387127526
409.0 0.001007083301374223
410.0 0.000824494691187283
411.0 0.0003444058165769093
412.0 1.654725076578878e-10
413.0 0.0008146752406901214
414.0 0.0017650332665652968
415.0 0.002185281118727289
416.0 0.002605529334687162
417.0 0.0010292705155734438
418.0 1.654725076578878e-10
419.0 1.654725076578878e-10
420.0 1.654725076578878e-10
421.0 0.00019047453179155127
422.0 0.001072324357664911
423.0 0.001159983003162779
424.0 0.001247641284862766
425.0 0.00043098484638903756
426.0 1.654725076578878e-10
427.0 1.654725076578878e-10
428.0 0.00010307666116204928
429.0 1.654725076578878e-10
430.0 1.654725076578878e-10
431.0 0.00033048033856175607
432.0 0.0011604040992096998
433.0 0.0009902511919790413
434.0 0.0008200987394957338
435.0 0.0004043985882162815
436.0 1.654725076578878e-10
437.0 1.654725076578878e-10
438.0 1.654725076578878e-10
439.0 1.654725076578878e-10
440.0 1.654725076578878e-10
441.0 1.654725076578878e-10
442.0 1.654725076578878e-10
443.0 1.654725076578878e-10
444.0 0.00014523164963975432
445.0 6.527075697704277e-05
446.0 1.654725076578878e-10
447.0 0.0002832985956047196
448.0 0.0005812871677335352
449.0 0.0007678911970288027
450.0 0.0009544947715767194
451.0 0.00040376385186391417
452.0 1.654725076578878e-10
453.0 1.654725076578878e-10
454.0 1.654725076578878e-10
455.0 1.654725076578878e-10
456.0 1.654725076578878e-10
457.0 1.654725076578878e-10
458.0 0.00023315446924243588
459.0 0.00019358844838279765
460.0 0.00015402246162921074
461.0 0.00019326007532072254
462.0 0.0002324977458556532
463.0 0.00030403241453313967
464.0 0.00037556712868536124
465.0 0.0003277991027061944
466.0 0.00028003119041386526
467.0 0.0008721003723621834
468.0 0.0014641693269368261
469.0 0.0014990311683504842
470.0 0.0015338924640673213
471.0 0.0016470008631586097
472.0 0.0017601090803509578
473.0 0.0022709726181346923
474.0 0.0027818365197163075
475.0 0.0027979918741039
476.0 0.002814147410390433
477.0 0.0030786228307988495
478.0 0.0033430984331062064
479.0 0.0038877769839018583
480.0 0.00443245553469751
481.0 0.004493257074500434
482.0 0.004554058614303358
483.0 0.003992173515143804
484.0 0.003430287688388489
485.0 0.0036458299291552976
486.0 0.0038613718061242253
487.0 0.003109041426796466
488.0 0.002356710501771886
489.0 0.0020836252588196658
490.0 0.0018105405615642667
491.0 0.001634510772419162
492.0 0.0014584808923245873
493.0 0.0012121640793338884
494.0 0.0009658474482421298
495.0 0.0012461447113309987
496.0 0.0015264420653693378
497.0 0.0019511566279106773
498.0 0.0023758715542498976
499.0 0.0023385546228382736
500.0 0.00230123787332559
501.0 0.0024757982828305103
502.0 0.002650358874234371
503.0 0.002739721821853891
504.0 0.002829084769473411
505.0 0.0032203322916757315
506.0 0.003611579813878052
507.0 0.002606596171972342
508.0 0.0016016119843698107
509.0 0.0018889724742621183
510.0 0.002176332418457605
511.0 0.0021612369891954586
512.0 0.0021461415599333122
513.0 0.002058796235360205
514.0 0.0019714510926860385
515.0 0.0016251935448963195
516.0 0.00127893572425819
517.0 0.0013316001059138216
518.0 0.0013842639418726321
519.0 0.001439518018742092
520.0 0.0014947718227631412
521.0 0.0016539182979613543
522.0 0.0018130642274627462
523.0 0.0016348996723536402
524.0 0.001456735026295064
525.0 0.0019238052118453197
526.0 0.0023908760340418667
527.0 0.0022665737560600974
528.0 0.0021422716599772684
529.0 0.0024025746824918315
530.0 0.002662877341208514
531.0 0.002476864028722048
532.0 0.002290850352437701
533.0 0.0024607368686702102
534.0 0.0026306228392058983
535.0 0.002322128784726374
536.0 0.0020136343664489686
537.0 0.0023841337679186836
538.0 0.0027546331693883985
539.0 0.0032884054235182703
540.0 0.0038221773138502613
541.0 0.0038078727811807767
542.0 0.003793568248511292
543.0 0.004047642141813412
544.0 0.004301715671317652
545.0 0.004776510468218476
546.0 0.005251304901321419
547.0 0.004391572292661294
548.0 0.00353183968400117
549.0 0.0030736482585780323
550.0 0.0026154562874580733
551.0 0.002626637251523789
552.0 0.0026378180336905643
553.0 0.003149444455630146
554.0 0.003661070513771847
555.0 0.003698670116136782
556.0 0.0037362704460974783
557.0 0.0036798744986299425
558.0 0.003623478551162407
559.0 0.0036755052860826254
560.0 0.003727532021002844
561.0 0.0036819863453274593
562.0 0.003636439942056313
563.0 0.0034586151741677895
564.0 0.003280790042481385
565.0 0.003815848322119564
566.0 0.004350906965555623
567.0 0.004585857823258266
568.0 0.0048208086809609085
569.0 0.005487708767759614
570.0 0.006154608854558319
571.0 0.00608145710430108
572.0 0.006008304990245961
573.0 0.006306952855084091
574.0 0.006605601083720103
575.0 0.00665325642330572
576.0 0.006700912490487099
577.0 0.005809142385260202
578.0 0.004917372643831186
579.0 0.00565686023037415
580.0 0.006396347453119233
581.0 0.0071506103267893195
582.0 0.007904871745267883
583.0 0.00891153104021214
584.0 0.00991818742477335
585.0 0.01021477291942574
586.0 0.010511358414078131
587.0 0.010380429012002423
588.0 0.010249495971947908
589.0 0.01049183338182047
590.0 0.010734172246884555
591.0 0.009811286872718483
592.0 0.008888400043360889
593.0 0.007391887629637495
594.0 0.0058953788538929075
595.0 0.005602097735390998
596.0 0.00530881698068697
597.0 0.005784276072517969
598.0 0.006259735528146848
599.0 0.007323037425521761
600.0 0.008386338595300913
601.0 0.00896061392268166
602.0 0.00953488633967936
603.0 0.010552149615250528
604.0 0.011569414346013218
605.0 0.011613907554419711
606.0 0.011658401490421966
607.0 0.010039103653980419
608.0 0.008419808000326157
609.0 0.006519965245388448
610.0 0.004620123218046501
611.0 0.0038522070099134
612.0 0.0030842908017802984
613.0 0.003600900527089834
614.0 0.004117509524803609
615.0 0.004714598617283627
616.0 0.0053116884373594075
617.0 0.006675563781755045
618.0 0.008039439126150683
619.0 0.009041297744261101
620.0 0.01004315708996728
621.0 0.011052843910874799
622.0 0.01206253218697384
623.0 0.012034730752930045
624.0 0.012006927136098966
625.0 0.010553614265518263
626.0 0.009100299212150276
627.0 0.007155797356972471
628.0 0.00521129259141162
629.0 0.0044062689994461834
630.0 0.0036012454074807465
631.0 0.003126804585917853
632.0 0.0026523639462538995
633.0 0.0026813915610546246
634.0 0.0027104195396532305
635.0 0.0028460699468269013
636.0 0.0029817201721016318
637.0 0.0038062156818341464
638.0 0.00463071082776878
639.0 0.00467181125713978
640.0 0.0047129109589150175
641.0 0.005209120718063787
642.0 0.005705330477212556
643.0 0.005573256567004137
644.0 0.005441182656795718
645.0 0.005044331192038953
646.0 0.004647479363484308
647.0 0.003807075336226262
648.0 0.002966671308968216
649.0 0.0021077870769659057
650.0 0.0012489024811657146
651.0 0.0014051869584363885
652.0 0.0015614717995049432
653.0 0.0015380261174868792
654.0 0.0015145800716709346
655.0 0.0015668518244638108
656.0 0.001619123577256687
657.0 0.0015557721781078726
658.0 0.0014924208699085284
659.0 0.0018470669601811096
660.0 0.0022017129595042206
661.0 0.001957733911694959
662.0 0.0017137546819867566
663.0 0.002362719169468619
664.0 0.003011684020748362
665.0 0.003609758641687222
666.0 0.004207832898828201
667.0 0.00465735029138159
668.0 0.005106866228743456
669.0 0.0053443895012605935
670.0 0.005581908772001043
671.0 0.006349528848659247
672.0 0.007117148925317451
673.0 0.00801623027655296
674.0 0.00891531162778847
675.0 0.008353540761163458
676.0 0.007791772804921493
677.0 0.006125859363237396
678.0 0.004459947012946941
679.0 0.002940240483439993
680.0 0.001420534863427747
681.0 0.0006763532383047277
682.0 1.654725076578878e-10
683.0 0.000268487247012672
684.0 0.000604803062742576
685.0 0.000297687415695691
686.0 1.654725076578878e-10
687.0 0.0001229466988661443
688.0 0.00025532167455821764
689.0 0.0003241485273974831
690.0 0.0003929754257114837
691.0 0.00043734371502068825
692.0 0.000481712095279363
693.0 0.0004471717602427816
694.0 0.00041263133425673004
695.0 0.0004485705176193733
696.0 0.00048450961003254633
697.0 0.0005353943379304837
698.0 0.0005862788839294808
699.0 0.00048179763325606473
700.0 0.00037731613247160567
701.0 0.00028104593639000086
702.0 0.00018477585399523377
703.0 0.0003468445811449783
704.0 0.0005089133082947228
705.0 0.00042719457269413397
706.0 0.0003454756779319723
707.0 1.654725076578878e-10
708.0 1.654725076578878e-10
709.0 1.654725076578878e-10
710.0 0.0003308319946881966
711.0 0.00046867526179994456
712.0 0.000606518506174325
713.0 0.0004298408384784125
714.0 0.0002531631935198675
715.0 0.00039135106817411724
716.0 0.0005295391019899398
717.0 0.0003542498916431214
718.0 0.00017896082908919198
719.0 0.00034303063785046106
720.0 0.0005071003670309437
721.0 0.0003780553697652067
722.0 0.00024901041797420476
723.0 0.0003237385953980265
724.0 0.0003984667728218483
725.0 0.0004905953574052546
726.0 0.0005827240329381311
727.0 0.00026985310341842705
728.0 1.654725076578878e-10
729.0 0.0001848459191933216
730.0 0.0004127095508010825
731.0 0.0005548616172745824
732.0 0.0006970138656470226
733.0 0.00016921384258239414
734.0 1.654725076578878e-10
735.0 1.654725076578878e-10
736.0 1.654725076578878e-10
737.0 0.0002356909590162104
738.0 0.0008557862201996613
739.0 0.0005670574410032714
740.0 0.0002783283434837358
741.0 8.864330425240041e-05
742.0 1.654725076578878e-10
743.0 1.654725076578878e-10
744.0 1.654725076578878e-10
745.0 0.0001736747663017013
746.0 0.0005783965661976254
747.0 0.00033790843190217856
748.0 9.742033171278308e-05
749.0 1.654725076578878e-10
750.0 1.654725076578878e-10
751.0 1.654725076578878e-10
752.0 1.654725076578878e-10
753.0 0.0002447135329930461
754.0 0.0005262617378321011
755.0 1.654725076578878e-10
756.0 1.654725076578878e-10
757.0 1.654725076578878e-10
758.0 1.654725076578878e-10
759.0 0.00015010394918135717
760.0 0.0006687746463285293
761.0 0.00027782143661170267
762.0 1.654725076578878e-10
763.0 1.654725076578878e-10
764.0 1.654725076578878e-10
765.0 0.00025589695269445656
766.0 0.0005214845714363037
767.0 9.2369708681872e-05
768.0 1.654725076578878e-10
769.0 1.654725076578878e-10
770.0 1.654725076578878e-10
771.0 1.654725076578878e-10
772.0 1.654725076578878e-10
773.0 0.00023996665277081775
774.0 0.0007096154149621725
775.0 0.0004338487997301854
776.0 0.00015808210491741193
777.0 0.00022899271243659314
778.0 0.0002999033767991932
779.0 0.0005203907221584814
780.0 0.0007408780220430344
781.0 0.000702677971275989
782.0 0.0006644779205089435
783.0 0.0004732979959953809
784.0 0.00028211818516865605
785.0 0.00011749696113838581
786.0 1.654725076578878e-10
787.0 0.0005214270004216814
788.0 0.0010899784683715552
789.0 0.0008434353730990551
790.0 0.0005968923233012902
791.0 0.0004416016508912435
792.0 0.00028631079658225644
793.0 0.0005122585207573138
794.0 0.0007382059720839607
795.0 0.0007986007403815165
796.0 0.0008589954632043373
797.0 0.0005137821517564589
798.0 0.00016856887441463186
799.0 0.0005649716513289604
800.0 0.0009613744623493403
801.0 0.00044891939978697337
802.0 1.654725076578878e-10
803.0 0.0002558218739068252
804.0 0.0005751793196395738
805.0 0.0008625064765510615
806.0 0.001149833587987814
807.0 0.0006529135134769604
808.0 0.0001559934048600553
809.0 1.654725076578878e-10
810.0 1.654725076578878e-10
811.0 0.0001053420646712766
812.0 0.0005186042017157888
813.0 0.0007859011930122506
814.0 0.0010531981388339773
815.0 0.00105722137959674
816.0 0.0010612439837132115
817.0 0.0008517175956512801
818.0 0.0006421912530640839
819.0 0.0007584844752273057
820.0 0.0008747778338147327
821.0 0.0008098518264887389
822.0 0.0007449258646374801
823.0 0.0006973536073928699
824.0 0.0006497816229966702
825.0 0.0006474785095633706
826.0 0.0006451755780290114
827.0 0.0006038697392796166
828.0 0.000562563991479692
829.0 0.00019559879547159653
830.0 1.654725076578878e-10
831.0 6.713084133025404e-06
832.0 0.00018479273649063543
833.0 0.00041725907067302614
834.0 0.0006497253252746304
835.0 0.00011201365168744815
836.0 1.654725076578878e-10
837.0 1.654725076578878e-10
838.0 1.654725076578878e-10
839.0 0.00041511543713568244
840.0 0.0008851930033415556
841.0 0.0011540769264684059
842.0 0.0014229609405447263
843.0 0.0009992361810873263
844.0 0.0005755110578320455
845.0 0.0005930380666541168
846.0 0.000610564939051983
847.0 0.0008964939297584351
848.0 0.0011824228749901522
849.0 0.0009957377187674865
850.0 0.0008090521987469401
851.0 0.0010339030268369243
852.0 0.0012587537639774382
853.0 0.0005033325123804389
854.0 1.654725076578878e-10
855.0 1.654725076578878e-10
856.0 1.654725076578878e-10
857.0 0.0002601589585538022
858.0 0.0012044091818097513
859.0 0.0011816813639597967
860.0 0.0011589532732614316
861.0 0.001341209099336993
862.0 0.0015234650163620245
863.0 0.0017876098354463466
864.0 0.002051754381682258
865.0 0.002077426324831322
866.0 0.0021030982679803856
867.0 0.002750639214355033
868.0 0.0033981803426286206
869.0 0.003028697938134428
870.0 0.0026592153517412953
871.0 0.0033574149711057544
872.0 0.004055614408571273
873.0 0.0028652497348957695
874.0 0.0016748854250181466
875.0 0.0024429737095488235
876.0 0.0032110616302816197
877.0 0.00205988617381081
