lsstCam/transmission_filter_detector/r01_s22/y_10/19700101T000000.ecsv
# %ECSV 1.0
# ---
# datatype:
# - {name: wavelength, unit: nm, datatype: float32}
# - {name: efficiency, unit: '%', datatype: float64}
# meta: !!omap
# - {MODE: DETECTOR}
# - {TYPE: transmission_filter_detector}
# - {CALIBDATE: '1970-01-01T00:00:00'}
# - {INSTRUME: LSSTCam}
# - {OBSTYPE: transmission_filter_detector}
# - {CALIBCLS: lsst.ip.isr.IntermediateFilterDetectorTransmissionCurve}
# - {SOURCE: Materion (DM-46256)}
# - {DETECTOR: 8}
# - {FILTER: y_10}
# - {CALIB_ID: 'calibDate=1970-01-01T00:00:00 filter=y_10 detector=8'}
# - {DATE: '2025-04-02T15:59:50.778343'}
# - {CALIB_CREATION_DATE: '2025-04-02'}
# - {CALIB_CREATION_TIME: '15:59:50'}
# - __serialized_columns__:
#     efficiency:
#       __class__: astropy.units.quantity.Quantity
#       unit: !astropy.units.Unit {unit: '%'}
#       value: !astropy.table.SerializedColumn {name: efficiency}
#     wavelength:
#       __class__: astropy.units.quantity.Quantity
#       unit: !astropy.units.Unit {unit: nm}
#       value: !astropy.table.SerializedColumn {name: wavelength}
# schema: astropy-2.0
wavelength efficiency
300.0 0.5386723671108484
301.0 0.2895935904234648
302.0 0.04051479045301676
303.0 0.03577278403099626
304.0 0.03103078342974186
305.0 0.016858160961419344
306.0 0.0026855337637243792
307.0 0.011717881716322154
308.0 0.020750226394739002
309.0 0.014809446292929351
310.0 0.008868662553140894
311.0 0.008481564145768061
312.0 0.008094463555607945
313.0 0.007969496073201299
314.0 0.007844530045986176
315.0 0.006223988748388365
316.0 0.004603451088769361
317.0 0.005026564031140879
318.0 0.005449673335533589
319.0 0.0025572726372047327
320.0 1.6221126004911657e-10
321.0 0.002661593498487491
322.0 0.0056583168770885095
323.0 0.0039454720536014065
324.0 0.0022326272301143035
325.0 0.0006747708539478481
326.0 1.6221126004911657e-10
327.0 0.00044730213630828075
328.0 0.0017776899767341092
329.0 0.0032456631743116304
330.0 0.004713636371889152
331.0 0.0040765338781056926
332.0 0.003439431020524353
333.0 0.002512067476345692
334.0 0.0015847035683691502
335.0 0.002175279223592952
336.0 0.0027658554245135747
337.0 0.002998120544361882
338.0 0.0032303854823112488
339.0 0.001525233619759092
340.0 1.6221126004911657e-10
341.0 1.6221126004911657e-10
342.0 1.6221126004911657e-10
343.0 0.00022326794351101853
344.0 0.0011103767064923886
345.0 0.0014225491213437635
346.0 0.0017347219909424894
347.0 0.0016660394976497628
348.0 0.0015973566405591555
349.0 0.0013895162737753708
350.0 0.0011816757250926457
351.0 0.0013989427316118963
352.0 0.0016162091924343258
353.0 0.0012174221410532482
354.0 0.0008186350896721706
355.0 0.0010506621947570238
356.0 0.0012826893907913473
357.0 0.0008965603228716645
358.0 0.0005104312094772467
359.0 0.0006897490493429359
360.0 0.00086906684373389
361.0 0.0012381773558445275
362.0 0.0016072877770056948
363.0 0.0013410820429271553
364.0 0.0010748758541012648
365.0 0.0012574754691740964
366.0 0.0014400755389942788
367.0 0.0019448381863185205
368.0 0.002449600833642762
369.0 0.002096967182296794
370.0 0.001744333712849766
371.0 0.0017008924260153435
372.0 0.0016574509572819807
373.0 0.002027137998084072
374.0 0.002396824856987223
375.0 0.0032960168027784675
376.0 0.004195208384771831
377.0 0.004099047146155499
378.0 0.004002885543741286
379.0 0.0036261924833524972
380.0 0.0032494994229637086
381.0 0.002208359546784777
382.0 0.0011672194887069054
383.0 0.0011201407687622122
384.0 0.0010730616850196384
385.0 0.0008611639714217745
386.0 0.0006492662123491755
387.0 0.0006291158570093103
388.0 0.0006089655016694451
389.0 0.0006006273906677961
390.0 0.0005922893706156174
391.0 0.0005037507889937842
392.0 0.00041521225284668617
393.0 0.0005394080744736129
394.0 0.0006636040779994801
395.0 0.0006300725090113701
396.0 0.0005965409400232602
397.0 0.0008467078259855043
398.0 0.0010968747119477484
399.0 0.0012597876775544137
400.0 0.0014227005522116087
401.0 0.0016487843822687864
402.0 0.0018748685761238448
403.0 0.0019183427866664715
404.0 0.0019618171791080385
405.0 0.0018003154764301144
406.0 0.0016388141375500709
407.0 0.0014045060197531711
408.0 0.0011701980838552117
409.0 0.0009724319170345552
410.0 0.000774665386416018
411.0 0.0005058828719484154
412.0 0.00023710033474344527
413.0 0.0010030401426774915
414.0 0.0017689797459752299
415.0 0.0020534023860818706
416.0 0.002337825389986392
417.0 0.001015009456750704
418.0 1.6221126004911657e-10
419.0 1.6221126004911657e-10
420.0 1.6221126004911657e-10
421.0 6.378609214152675e-05
422.0 0.001187559882964706
423.0 0.0010722337719926145
424.0 0.0009569073881721124
425.0 0.0003885691967298044
426.0 1.6221126004911657e-10
427.0 0.00013731274748352007
428.0 0.0004543946033663815
429.0 4.62016600977222e-05
430.0 1.6221126004911657e-10
431.0 0.0003144409902233747
432.0 0.000990873286355054
433.0 0.0009093276275962126
434.0 0.000827782423584722
435.0 0.0002610835736049921
436.0 1.6221126004911657e-10
437.0 1.6221126004911657e-10
438.0 0.00020330617189756595
439.0 1.6221126004911657e-10
440.0 1.6221126004911657e-10
441.0 1.6221126004911657e-10
442.0 1.6221126004911657e-10
443.0 1.6221126004911657e-10
444.0 0.00011287738743703812
445.0 0.00012073401194356848
446.0 0.00012859062508141506
447.0 0.00035264406506030355
448.0 0.0005766974481957732
449.0 0.0007526490207965253
450.0 0.0009286002750741318
451.0 0.0002984593038490857
452.0 1.6221126004911657e-10
453.0 1.6221126004911657e-10
454.0 6.247114470170345e-05
455.0 1.6221126004911657e-10
456.0 1.6221126004911657e-10
457.0 3.6045918250238174e-05
458.0 0.00024007556476135505
459.0 0.00022685051135340473
460.0 0.00021362552615755703
461.0 0.00026728580451163
462.0 0.0003209460828657029
463.0 0.00033918013286893256
464.0 0.00035741425108426483
465.0 0.00037672582493541995
466.0 0.0003960375579481479
467.0 0.000878192440723069
468.0 0.0013603471415990498
469.0 0.001457396774640074
470.0 0.0015544459529337473
471.0 0.00168409023899585
472.0 0.0018137343431590125
473.0 0.0023280101231648587
474.0 0.002842286085069645
475.0 0.002806613701977767
476.0 0.0027709416826837696
477.0 0.003130281766061671
478.0 0.003489621667540632
479.0 0.004056279067299329
480.0 0.004622936467058025
481.0 0.004724306199932471
482.0 0.004825675569009036
483.0 0.0040595579775981605
484.0 0.0032934396585915238
485.0 0.0036668665416073054
486.0 0.004040293060825206
487.0 0.003359252877999097
488.0 0.0026782125132740475
489.0 0.0023220223738462664
490.0 0.001965832598216366
491.0 0.0017693031622911803
492.0 0.0015727735444670543
493.0 0.0011563583939278033
494.0 0.0007399436071864329
495.0 0.001011946369544603
496.0 0.0012839492228522431
497.0 0.0018851247659767978
498.0 0.002486300581949763
499.0 0.0024718858185224235
500.0 0.002457471055095084
501.0 0.00259628923231503
502.0 0.0027351075914339162
503.0 0.0028617656425922178
504.0 0.0029884236937505193
505.0 0.0032303647458320484
506.0 0.0034723059798125178
507.0 0.0026166097086388618
508.0 0.001760913073667325
509.0 0.0020344679796835408
510.0 0.002308022703800816
511.0 0.002251937439723406
512.0 0.0021958523575449362
513.0 0.002032134580076672
514.0 0.0018684171664062887
515.0 0.0015809551769052632
516.0 0.0012934927326568868
517.0 0.0012885781870863866
518.0 0.0012836632777180057
519.0 0.0013112900887790602
520.0 0.001338916536042234
521.0 0.0016435216821264476
522.0 0.0019481265553622507
523.0 0.0017264377675019205
524.0 0.0015047489796415903
525.0 0.0019795306798187084
526.0 0.002454313107591588
527.0 0.002354165189899504
528.0 0.0022540174541063607
529.0 0.002512761602702085
530.0 0.0027715053874999285
531.0 0.002641342507558875
532.0 0.0025111794457188807
533.0 0.0026521891413722187
534.0 0.0027931982913287356
535.0 0.002431281427561771
536.0 0.002069364199996926
537.0 0.0023895359845482744
538.0 0.002709707769099623
539.0 0.0032580068364040926
540.0 0.0038063055399106815
541.0 0.003828548506135121
542.0 0.0038507914723595604
543.0 0.004125170016777702
544.0 0.004399548561195843
545.0 0.004906814501737244
546.0 0.005414080442278646
547.0 0.004461633943719789
548.0 0.003509187445160933
549.0 0.0030343539037858136
550.0 0.0025595199986128137
551.0 0.0026523824999458157
552.0 0.0027452448193798773
553.0 0.0031662635592510924
554.0 0.003587282117223367
555.0 0.0036607521906262264
556.0 0.0037342226278269663
557.0 0.003550014298525639
558.0 0.0033658059692243114
559.0 0.0034394124668324366
560.0 0.003513018964440562
561.0 0.0035647539334604517
562.0 0.00361648817488458
563.0 0.0034310491173528135
564.0 0.003245609696023166
565.0 0.003815999298240058
566.0 0.004386389264254831
567.0 0.0046182929509086534
568.0 0.004850196273764595
569.0 0.005311812492436729
570.0 0.005773428347310983
571.0 0.005807062552776188
572.0 0.005840696758241393
573.0 0.006217575719347224
574.0 0.006594454316655174
575.0 0.006619803752982989
576.0 0.006645153189310804
577.0 0.005894250716664828
578.0 0.005143348244018853
579.0 0.005904584395466372
580.0 0.006665820546913892
581.0 0.007343188917730004
582.0 0.008020556560950354
583.0 0.008920365507947281
584.0 0.009820172999752685
585.0 0.00994259535218589
586.0 0.010065018432214856
587.0 0.010072654549730942
588.0 0.010080286301672459
589.0 0.010304665192961693
590.0 0.010529046267038211
591.0 0.009848023182712495
592.0 0.00916700082598254
593.0 0.0075756426667794585
594.0 0.005984288509353064
595.0 0.0058503188483882695
596.0 0.005716349551221356
597.0 0.0060146834584884346
598.0 0.006313017365755513
599.0 0.007319463475141674
600.0 0.008325908856932074
601.0 0.00881553569342941
602.0 0.009305159619543701
603.0 0.010232585918856785
604.0 0.01116001367336139
605.0 0.011441247625043616
606.0 0.01172248157672584
607.0 0.010104422108270228
608.0 0.008486365550197661
609.0 0.0066006417910102755
610.0 0.004714919850812294
611.0 0.0038837391912238672
612.0 0.003052558531635441
613.0 0.0035526616557035595
614.0 0.0040527644159737974
615.0 0.004900852218270302
616.0 0.005748941111960448
617.0 0.00698311923770234
618.0 0.008217297727242112
619.0 0.00919328085728921
620.0 0.01016926471493207
621.0 0.011210693628527224
622.0 0.01225212326971814
623.0 0.01216745949932374
624.0 0.012082793546142057
625.0 0.010618499072734267
626.0 0.009154202416539192
627.0 0.00726415601093322
628.0 0.005374107422539964
629.0 0.0044015079765813425
630.0 0.0034289085306227207
631.0 0.002936997771030292
632.0 0.0024450868295389228
633.0 0.002607075475680176
634.0 0.0027690641218214296
635.0 0.0028471526093198918
636.0 0.002925240551121533
637.0 0.003747466325876303
638.0 0.004569692100631073
639.0 0.004562826143228449
640.0 0.004555959458230063
641.0 0.005090438571642153
642.0 0.005624918048852123
643.0 0.005613621397060342
644.0 0.005602324745268561
645.0 0.005207492722547613
646.0 0.0048126603360287845
647.0 0.003836544419755228
648.0 0.0028604286853806116
649.0 0.0020406043404364027
650.0 0.0012207797226437833
651.0 0.0013374967238632962
652.0 0.00145421417983016
653.0 0.0014119097613729537
654.0 0.0013696052519662771
655.0 0.0015151819752645679
656.0 0.0016607587895123288
657.0 0.0015433290172950365
658.0 0.0014258993360272143
659.0 0.0017187932826345786
660.0 0.002011687320191413
661.0 0.0018501497834222391
662.0 0.001688612246653065
663.0 0.002369078174524475
664.0 0.003049544284294825
665.0 0.003606934114941396
666.0 0.004164323763689026
667.0 0.0046699362428626046
668.0 0.0051755479944404215
669.0 0.005373387830331922
670.0 0.005571224392042495
671.0 0.0062751372752245516
672.0 0.0069790505222044885
673.0 0.00789056284702383
674.0 0.008802075171843171
675.0 0.008199744479497895
676.0 0.007597417425131425
677.0 0.006044456677045673
678.0 0.004491496292757802
679.0 0.0028730308258673176
680.0 0.0012545659956231248
681.0 0.0006113998551882105
682.0 1.6221126004911657e-10
683.0 0.0002659104438862414
684.0 0.0005635873094433919
685.0 0.00034230147321068216
686.0 0.00012101562560928869
687.0 0.0001867004243649717
688.0 0.00025238523448933847
689.0 0.0002944529114756733
690.0 0.0003365205657246406
691.0 0.0004294718110031681
692.0 0.0005224231244937982
693.0 0.0004532184902927838
694.0 0.00038401376514229923
695.0 0.0004466049176699016
696.0 0.0005091959792480338
697.0 0.0005331502961780643
698.0 0.0005571045676333597
699.0 0.0004204802280582953
700.0 0.0002838556611095555
701.0 0.0001867898163254722
702.0 8.972407385954284e-05
703.0 0.00031637309803045355
704.0 0.000543022133570048
705.0 0.00046456270865746774
706.0 0.0003861031018459471
707.0 4.308795951146749e-05
708.0 1.6221126004911657e-10
709.0 1.6221126004911657e-10
710.0 0.00023659308681089897
711.0 0.0003892320364684565
712.0 0.0005418709406512789
713.0 0.00046833088163111825
714.0 0.00039479086808569264
715.0 0.00039446604205295444
716.0 0.0003941413524444215
717.0 0.00025294157239841297
718.0 0.0001117418491958233
719.0 0.0003404973540455103
720.0 0.0005692527793144109
721.0 0.00038278562897176016
722.0 0.00019631852410384454
723.0 0.000301532008961658
724.0 0.00040674544834473636
725.0 0.0005021422111894935
726.0 0.0005975391559331911
727.0 0.00030905252970114816
728.0 2.05662004759688e-05
729.0 0.0002324328534086817
730.0 0.0004442996214493178
731.0 0.0006689144356641918
732.0 0.0008935295227274764
733.0 0.00033344499570375774
734.0 1.6221126004911657e-10
735.0 1.6221126004911657e-10
736.0 1.6221126004911657e-10
737.0 0.000307654795506096
738.0 0.0009717898137751035
739.0 0.0006597364063054556
740.0 0.0003476826577752945
741.0 8.386244303437707e-05
742.0 1.6221126004911657e-10
743.0 1.6221126004911657e-10
744.0 1.6221126004911657e-10
745.0 0.00024456351184198866
746.0 0.0007813770025677513
747.0 0.0004908707524009515
748.0 0.00020036452497151913
749.0 3.453986323620484e-05
750.0 1.6221126004911657e-10
751.0 1.6221126004911657e-10
752.0 1.6221126004911657e-10
753.0 0.00017008451322908513
754.0 0.0004158570845902432
755.0 1.6221126004911657e-10
756.0 1.6221126004911657e-10
757.0 1.6221126004911657e-10
758.0 1.6221126004911657e-10
759.0 0.0001877871682154364
760.0 0.0007657580681552645
761.0 0.00038443786252173595
762.0 3.1176107029295963e-06
763.0 1.6221126004911657e-10
764.0 1.6221126004911657e-10
765.0 0.00020620323084585834
766.0 0.0005481908374349587
767.0 0.00013490191577147925
768.0 1.6221126004911657e-10
769.0 1.6221126004911657e-10
770.0 1.6221126004911657e-10
771.0 1.6221126004911657e-10
772.0 1.6221126004911657e-10
773.0 0.00023936452180350898
774.0 0.0006375920293066883
775.0 0.0003876898972521303
776.0 0.00013778759466731572
777.0 0.0001839337187448109
778.0 0.00023007989966572495
779.0 0.0005842298833158566
780.0 0.0009383798897033557
781.0 0.0008479808457195759
782.0 0.0007575818926852662
783.0 0.0005340878033166518
784.0 0.0003105937821601401
785.0 0.00021864964310225332
786.0 0.00012670517435253714
787.0 0.0005781736035714857
788.0 0.001029641953209648
789.0 0.000856150290928781
790.0 0.0006826587650721194
791.0 0.0005086516921437578
792.0 0.0003346443463669857
793.0 0.0005671713097399333
794.0 0.0007996979547897354
795.0 0.0008491073458571918
796.0 0.0008985164640762378
797.0 0.000473853606308694
798.0 4.919070875075704e-05
799.0 0.000596892778048641
800.0 0.001144594898505602
801.0 0.0005658503141603433
802.0 1.6221126004911657e-10
803.0 0.00026884358703682665
804.0 0.0005505813533090986
805.0 0.0008309384611493442
806.0 0.0011112954780401196
807.0 0.000668846269036294
808.0 0.00022639703729510074
809.0 1.6221126004911657e-10
810.0 1.6221126004911657e-10
811.0 0.00014505130820907652
812.0 0.0006492800821433775
813.0 0.0008794968380243517
814.0 0.0011097134120063856
815.0 0.0010704926353355404
816.0 0.001031271222018404
817.0 0.0008463513040624093
818.0 0.0006614313861064147
819.0 0.0007709732017247006
820.0 0.0008805151082924567
821.0 0.000838171490613604
822.0 0.000795827781985281
823.0 0.0006502140422526281
824.0 0.0005046005753683858
825.0 0.0005189877811062615
826.0 0.0005333750777936075
827.0 0.0005552083621296333
828.0 0.0005770417828898644
829.0 0.0001927875928231515
830.0 1.6221126004911657e-10
831.0 2.029442640605339e-05
832.0 0.00023205568595585646
833.0 0.00045291280912351795
834.0 0.0006737699095538119
835.0 0.00012954803878528764
836.0 1.6221126004911657e-10
837.0 1.6221126004911657e-10
838.0 1.6221126004911657e-10
839.0 0.0003845795163215371
840.0 0.0008670731403981335
841.0 0.0011439930858614389
842.0 0.0014209130313247442
843.0 0.0010334647413401399
844.0 0.0006460161330323899
845.0 0.000623899632046232
846.0 0.0006017829946358688
847.0 0.0009303387741965707
848.0 0.0012588945537572727
849.0 0.0010662565728125628
850.0 0.0008736183190194424
851.0 0.0010389249837317038
852.0 0.0012042314665450249
853.0 0.0004361471837910358
854.0 1.6221126004911657e-10
855.0 1.6221126004911657e-10
856.0 1.6221126004911657e-10
857.0 0.0002459670213283971
858.0 0.0012475857147364877
859.0 0.001237487686012173
860.0 0.001227389475388918
861.0 0.0013485318049788475
862.0 0.0014696744983666576
863.0 0.0017379958080709912
864.0 0.0020063171177753247
865.0 0.0020573779693222605
866.0 0.002108438820869196
867.0 0.0028184838811284862
868.0 0.003528528759488836
869.0 0.003131295306957327
870.0 0.0027340616725268774
871.0 0.0033327694836771116
872.0 0.003931477476726286
873.0 0.0028792646844522096
874.0 0.0018270520740770735
