lsstCam/transmission_filter_detector/r01_s22/y_10/19700101T000000.ecsv
# %ECSV 1.0
# ---
# datatype:
# - {name: wavelength, unit: nm, datatype: float32}
# - {name: efficiency, unit: '%', datatype: float64}
# meta: !!omap
# - {MODE: DETECTOR}
# - {TYPE: transmission_filter_detector}
# - {CALIBDATE: '1970-01-01T00:00:00'}
# - {INSTRUME: LSSTCam}
# - {OBSTYPE: transmission_filter_detector}
# - {CALIBCLS: lsst.ip.isr.IntermediateFilterDetectorTransmissionCurve}
# - {SOURCE: Materion (DM-46256)}
# - {DETECTOR: 8}
# - {FILTER: y_10}
# - {CALIB_ID: 'calibDate=1970-01-01T00:00:00 filter=y_10 detector=8'}
# - {DATE: '2025-04-02T15:59:50.778343'}
# - {CALIB_CREATION_DATE: '2025-04-02'}
# - {CALIB_CREATION_TIME: '15:59:50'}
# - __serialized_columns__:
#     efficiency:
#       __class__: astropy.units.quantity.Quantity
#       unit: !astropy.units.Unit {unit: '%'}
#       value: !astropy.table.SerializedColumn {name: efficiency}
#     wavelength:
#       __class__: astropy.units.quantity.Quantity
#       unit: !astropy.units.Unit {unit: nm}
#       value: !astropy.table.SerializedColumn {name: wavelength}
# schema: astropy-2.0
wavelength efficiency
[from data line 576]
876.0 0.0030591821996495128
877.0 0.0020171035430394113
878.0 0.0009750248864293098
879.0 0.0017420259609934874
880.0 0.06850903737358749
881.0 0.09584876243025064
882.0 0.0760885130148381
883.0 0.09510581730864942
884.0 0.060109037440270185
885.0 0.08104917360469699
886.0 0.08243501652032137
887.0 0.08930478361435235
888.0 0.07099159411154687
889.0 0.09786604205146432
890.0 0.06402083672583103
891.0 0.10200600372627378
892.0 0.0689593143761158
893.0 0.10418265592306852
894.0 0.08046908769756556
895.0 0.11278479360044003
896.0 0.0822825648356229
897.0 0.10781371966004372
898.0 0.07902905927039683
899.0 0.11391374282538891
900.0 0.09986088844016194
901.0 0.1247804262675345
902.0 0.1470194780267775
903.0 0.17468136502429843
904.0 0.18800179241225123
905.0 0.2270814497023821
906.0 0.2678526798263192
907.0 0.35633500665426254
908.0 0.4552604630589485
909.0 0.6268256809562445
910.0 0.8570997044444084
911.0 1.2280723080039024
912.0 1.801290176808834
913.0 2.673768624663353
914.0 3.745846077799797
915.0 5.360826104879379
916.0 7.350970804691315
917.0 9.573724865913391
918.0 12.184647470712662
919.0 14.682306349277496
920.0 18.04143637418747
921.0 21.482180058956146
922.0 24.87441599369049
923.0 28.905391693115234
924.0 33.28889012336731
925.0 38.19350302219391
926.0 44.153621792793274
927.0 50.684332847595215
928.0 56.520819664001465
929.0 62.96040415763855
930.0 68.72879266738892
931.0 74.47021007537842
932.0 79.84659671783447
933.0 84.52961444854736
934.0 88.04957866668701
935.0 90.63079357147217
936.0 92.68378615379333
937.0 94.20531988143921
938.0 95.19164562225342
939.0 95.70229053497314
940.0 96.18938565254211
941.0 96.4281976222992
942.0 96.68428301811218
943.0 96.80855870246887
944.0 97.10847735404968
945.0 97.16965556144714
946.0 97.25086092948914
947.0 97.23024368286133
948.0 97.35437035560608
949.0 97.24122285842896
950.0 97.39696383476257
951.0 97.40636348724365
952.0 97.46789336204529
953.0 97.65506386756897
954.0 97.78338670730591
955.0 97.8040337562561
956.0 98.0184257030487
957.0 98.22288155555725
958.0 98.38542342185974
959.0 98.48256707191467
960.0 98.58435392379761
961.0 98.6581563949585
962.0 98.72819781303406
963.0 98.74151945114136
964.0 98.77384305000305
965.0 98.84424209594727
966.0 98.8560676574707
967.0 98.96839261054993
968.0 98.9419937133789
969.0 98.94607663154602
970.0 98.99697303771973
971.0 99.00798797607422
972.0 99.0960419178009
973.0 99.15384650230408
974.0 99.15900230407715
975.0 99.16948080062866
976.0 99.23877120018005
977.0 99.17880892753601
978.0 99.21613335609436
979.0 99.17498230934143
980.0 99.15681481361389
981.0 99.09166097640991
982.0 99.03457164764404
983.0 99.02575016021729
984.0 98.99359345436096
985.0 98.98921847343445
986.0 98.90151619911194
987.0 98.95346164703369
988.0 98.81693124771118
989.0 98.81272315979004
990.0 98.76953959465027
991.0 98.82875680923462
992.0 98.8706886768341
993.0 98.83455634117126
994.0 98.8275945186615
995.0 98.85407090187073
996.0 98.79159331321716
997.0 98.95329475402832
998.0 98.9941418170929
999.0 99.0422010421753
1000.0 99.08474087715149
1001.0 99.02461171150208
1002.0 99.18541312217712
1003.0 99.18100833892822
1004.0 99.23033118247986
1005.0 99.1913378238678
1006.0 99.31839108467102
1007.0 99.28066730499268
1008.0 99.25364851951599
1009.0 99.20799732208252
1010.0 99.24582839012146
1011.0 99.21959638595581
1012.0 99.14782643318176
1013.0 99.14479851722717
1014.0 99.1261899471283
1015.0 99.08520579338074
1016.0 99.06198382377625
1017.0 99.09145832061768
1018.0 99.09214377403259
1019.0 99.04261827468872
1020.0 99.09688234329224
1021.0 99.19580817222595
1022.0 99.07367825508118
1023.0 99.14037585258484
1024.0 99.11118149757385
1025.0 99.10897016525269
1026.0 99.15559887886047
1027.0 99.2566466331482
1028.0 99.19260740280151
1029.0 99.31055307388306
1030.0 99.35097694396973
1031.0 99.30533766746521
1032.0 99.28959012031555
1033.0 99.28811192512512
1034.0 99.31137561798096
1035.0 99.35305118560791
1036.0 99.29029941558838
1037.0 99.35617446899414
1038.0 99.28109645843506
1039.0 99.2205560207367
1040.0 99.17587041854858
1041.0 99.21036958694458
1042.0 99.19582605361938
1043.0 99.13478493690491
1044.0 99.20069575309753
1045.0 98.91311526298523
1046.0 99.09153580665588
1047.0 99.00713562965393
1048.0 99.09406900405884
1049.0 98.94713163375854
1050.0 98.98735284805298
1051.0 98.95783066749573
1052.0 98.92816543579102
1053.0 98.85817766189575
1054.0 99.05476570129395
1055.0 99.17634725570679
1056.0 99.04927611351013
1057.0 99.12980198860168
1058.0 98.95802140235901
1059.0 99.08469915390015
1060.0 99.15497303009033
1061.0 99.04310703277588
1062.0 99.10786151885986
1063.0 98.95502924919128
1064.0 99.17815923690796
1065.0 99.05074834823608
1066.0 99.10908937454224
1067.0 99.20501708984375
1068.0 99.01658892631531
1069.0 98.96414279937744
1070.0 99.22930598258972
1071.0 99.06244277954102
1072.0 99.23147559165955
1073.0 99.25063848495483
1074.0 98.89532923698425
1075.0 98.85531067848206
1076.0 98.69444370269775
1077.0 99.11825656890869
1078.0 99.09977316856384
1079.0 98.76221418380737
1080.0 99.42183494567871
1081.0 98.7575113773346
1082.0 98.65111112594604
1083.0 98.8534927368164
1084.0 99.12384748458862
1085.0 99.0840196609497
1086.0 98.95033240318298
1087.0 99.09272789955139
1088.0 98.72120022773743
1089.0 98.6851453781128
1090.0 98.73401522636414
1091.0 99.00001883506775
1092.0 98.82381558418274
1093.0 98.65782260894775
1094.0 98.36419820785522
1095.0 98.65156412124634
1096.0 98.83624911308289
1097.0 98.46895933151245
1098.0 98.00527095794678
1099.0 98.45837354660034
1100.0 98.37844967842102
