lsstCam/transmission_filter_detector/r14_s02/y_10/19700101T000000.ecsv
# %ECSV 1.0
# ---
# datatype:
# - {name: wavelength, unit: nm, datatype: float32}
# - {name: efficiency, unit: '%', datatype: float64}
# meta: !!omap
# - {MODE: DETECTOR}
# - {TYPE: transmission_filter_detector}
# - {CALIBDATE: '1970-01-01T00:00:00'}
# - {INSTRUME: LSSTCam}
# - {OBSTYPE: transmission_filter_detector}
# - {CALIBCLS: lsst.ip.isr.IntermediateFilterDetectorTransmissionCurve}
# - {SOURCE: Materion (DM-46256)}
# - {DETECTOR: 65}
# - {FILTER: y_10}
# - {CALIB_ID: 'calibDate=1970-01-01T00:00:00 filter=y_10 detector=65'}
# - {DATE: '2025-04-02T15:59:51.042284'}
# - {CALIB_CREATION_DATE: '2025-04-02'}
# - {CALIB_CREATION_TIME: '15:59:51'}
# - __serialized_columns__:
#     efficiency:
#       __class__: astropy.units.quantity.Quantity
#       unit: !astropy.units.Unit {unit: '%'}
#       value: !astropy.table.SerializedColumn {name: efficiency}
#     wavelength:
#       __class__: astropy.units.quantity.Quantity
#       unit: !astropy.units.Unit {unit: nm}
#       value: !astropy.table.SerializedColumn {name: wavelength}
# schema: astropy-2.0
wavelength efficiency
300.0 0.5309505388140678
301.0 0.2831964520737529
302.0 0.03544235951267183
303.0 0.031717526144348085
304.0 0.027992695686407387
305.0 0.01783264015102759
306.0 0.0076725787948817015
307.0 0.014796201139688492
308.0 0.021919819118920714
309.0 0.015436598914675415
310.0 0.00895337580004707
311.0 0.007975311746122316
312.0 0.006997245509410277
313.0 0.006189553096191958
314.0 0.005381859955377877
315.0 0.004797895235242322
316.0 0.004213933061691932
317.0 0.005148006675881334
318.0 0.006082077379687689
319.0 0.003964824281865731
320.0 0.0018475702745490707
321.0 0.0032208812626777217
322.0 0.004594192432705313
323.0 0.0038708221836714074
324.0 0.0031474522984353825
325.0 0.0018980328604811803
326.0 0.0006486131951533025
327.0 0.0013060819583188277
328.0 0.0019635504941106774
329.0 0.0036126159102423117
330.0 0.005261681872070767
331.0 0.004436450035427697
332.0 0.0036112178349867463
333.0 0.0027111453164252453
334.0 0.0018110720702679828
335.0 0.0018143962734029628
336.0 0.0018177206584368832
337.0 0.002736547867243644
338.0 0.0036553745303535834
339.0 0.002166100239264779
340.0 0.0006768255843780935
341.0 0.0003086508286287426
342.0 2.669442791813914e-10
343.0 0.0004953082225256367
344.0 0.0010501407814444974
345.0 0.0013118016795488074
346.0 0.0015734631233499385
347.0 0.0016645943105686456
348.0 0.001755725133989472
349.0 0.0013232542187324725
350.0 0.0008907828487281222
351.0 0.0009796436643227935
352.0 0.0010685037523217034
353.0 0.0011197817912034225
354.0 0.0011710598300851416
355.0 0.001371975213260157
356.0 0.0015728905054857023
357.0 0.0011735738553397823
358.0 0.0007742567504465114
359.0 0.001053990581567632
360.0 0.0013337245036382228
361.0 0.0014926900803402532
362.0 0.0016516554751433432
363.0 0.0012711036106338724
364.0 0.000890551382326521
365.0 0.0013124437828082591
366.0 0.0017343369108857587
367.0 0.0022794227334088646
368.0 0.002824508919729851
369.0 0.0025122601073235273
370.0 0.0022000112949172035
371.0 0.0020197425328660756
372.0 0.0018394735889160074
373.0 0.0022141801309771836
374.0 0.0025888866730383597
375.0 0.0034502252674428746
376.0 0.00431156404374633
377.0 0.004196507507003844
378.0 0.0040814513340592384
379.0 0.003585135709727183
380.0 0.0030888200853951275
381.0 0.002120405224559363
382.0 0.0011519903637235984
383.0 0.0011631529559963383
384.0 0.001174315457319608
385.0 0.0008889723176253028
386.0 0.0006036291324562626
387.0 0.0007427282980643213
388.0 0.000881827509147115
389.0 0.0007170034677983494
390.0 0.0005521796083485242
391.0 0.0005657892415911192
392.0 0.0005793990112579195
393.0 0.0006956811830605147
394.0 0.0008119635822367854
395.0 0.0007056051799736451
396.0 0.000599246868659975
397.0 0.0008427164175373036
398.0 0.001086185875465162
399.0 0.0012574826541822404
400.0 0.0014287794328993186
401.0 0.0016045207303250208
402.0 0.0017802623915486038
403.0 0.0018374415958533064
404.0 0.0018946209820569493
405.0 0.001803199302230496
406.0 0.0017117776224040426
407.0 0.0014198724784364458
408.0 0.0011279675163677894
409.0 0.0009096817848330829
410.0 0.000691395780449966
411.0 0.0005015100214222912
412.0 0.0003116243760814541
413.0 0.0009407182915310841
414.0 0.001569811865920201
415.0 0.002142379162251018
416.0 0.0027149466404807754
417.0 0.0012870183127233759
418.0 2.669442791813914e-10
419.0 2.669442791813914e-10
420.0 2.669442791813914e-10
421.0 6.332513748930069e-05
422.0 0.001001118198473705
423.0 0.0012176422387710772
424.0 0.0014341659152705688
425.0 0.00041240582504542544
426.0 2.669442791813914e-10
427.0 2.669442791813914e-10
428.0 0.0005340608367987443
429.0 0.00018959126464324072
430.0 2.669442791813914e-10
431.0 0.0002513848585294909
432.0 0.00065764825194492
433.0 0.0006550882062583696
434.0 0.0006525287517433753
435.0 8.935672894949676e-05
436.0 2.669442791813914e-10
437.0 2.669442791813914e-10
438.0 0.00010168414519284852
439.0 2.669442791813914e-10
440.0 2.669442791813914e-10
441.0 2.669442791813914e-10
442.0 2.669442791813914e-10
443.0 2.669442791813914e-10
444.0 2.669442791813914e-10
445.0 2.669442791813914e-10
446.0 2.669442791813914e-10
447.0 0.00015514112874370767
448.0 0.0004782757969223894
449.0 0.0007802607797202654
450.0 0.0010822454896697309
451.0 0.0004250572601449676
452.0 2.669442791813914e-10
453.0 2.669442791813914e-10
454.0 2.1857299259409046e-05
455.0 2.669442791813914e-10
456.0 2.669442791813914e-10
457.0 2.669442791813914e-10
458.0 2.669442791813914e-10
459.0 2.669442791813914e-10
460.0 0.00013883843621442793
461.0 6.627714697060583e-05
462.0 2.669442791813914e-10
463.0 0.0002979687224069494
464.0 0.0006022215075063286
465.0 0.0005209192295296816
466.0 0.00043961708797723986
467.0 0.0010508460945857223
468.0 0.0016620750102447346
469.0 0.0014509090760839172
470.0 0.0012397425962262787
471.0 0.00150294308696175
472.0 0.0017661433957982808
473.0 0.0023505424906034023
474.0 0.0029349415854085237
475.0 0.0026956147848977707
476.0 0.002456287984387018
477.0 0.002946925269498024
478.0 0.0034375625546090305
479.0 0.0038279726140899584
480.0 0.0042183823097730055
481.0 0.0042712053982540965
482.0 0.0043240284867351875
483.0 0.0038377045711968094
484.0 0.0033513802918605506
485.0 0.003512673356453888
486.0 0.0036739664210472256
487.0 0.00303142278426094
488.0 0.0023888789655757137
489.0 0.0021955585907562636
490.0 0.0020022387616336346
491.0 0.0017546808521728963
492.0 0.001507122942712158
493.0 0.001098756638384657
494.0 0.0006903907433297718
495.0 0.0010725222637120169
496.0 0.0014546539205184672
497.0 0.0019679642718983814
498.0 0.002481274896126706
499.0 0.0024658935217303224
500.0 0.0024505121473339386
501.0 0.0023953329218784347
502.0 0.002340153696422931
503.0 0.002341852268727962
504.0 0.002343550295336172
505.0 0.0029362361601670273
506.0 0.0035289220249978825
507.0 0.0027331259843776934
508.0 0.0019373293980606832
509.0 0.002160544136131648
510.0 0.002383758874202613
511.0 0.002333097654627636
512.0 0.0022824364350526594
513.0 0.002118536940542981
514.0 0.0019546379917301238
515.0 0.001612153027963359
516.0 0.0012696679732471239
517.0 0.001312706899625482
518.0 0.0013557454622059595
519.0 0.0014468945664702915
520.0 0.0015380435797851533
521.0 0.0016295785826514475
522.0 0.001721113221719861
523.0 0.0014119415027380455
524.0 0.0011027696018572897
525.0 0.0018239863493363373
526.0 0.002545203642512206
527.0 0.0026671348678064533
528.0 0.0027890666387975216
529.0 0.0030051129215280525
530.0 0.0032211588404607028
531.0 0.0029324088245630264
532.0 0.0026436586267664097
533.0 0.002661830876604654
534.0 0.0026800027626450174
535.0 0.0022359796275850385
536.0 0.0017919559468282387
537.0 0.002364009924349375
538.0 0.002936063719971571
539.0 0.003438087514950894
540.0 0.003940111128031276
541.0 0.004241380520397797
542.0 0.004542649548966438
543.0 0.004580305176205002
544.0 0.004617960803443566
545.0 0.004778926813742146
546.0 0.004939892824040726
547.0 0.003998672400484793
548.0 0.00305745197692886
549.0 0.0028406984711182304
550.0 0.0026239447834086604
551.0 0.0025756859031389467
552.0 0.002527427022869233
553.0 0.0028766955438186415
554.0 0.003225963155273348
555.0 0.00372163049178198
556.0 0.004217298192088492
557.0 0.0039858961827121675
558.0 0.0037544945371337235
559.0 0.0035880580981029198
560.0 0.003421621659072116
561.0 0.0033489275665488094
562.0 0.0032762327464297414
563.0 0.002940600461442955
564.0 0.002604967994557228
565.0 0.0035537359508452937
566.0 0.0045025044528301805
567.0 0.004995900599169545
568.0 0.005489296017913148
569.0 0.006001436122460291
570.0 0.006513575499411672
571.0 0.006783629214623943
572.0 0.007053683657431975
573.0 0.007032442954368889
574.0 0.007011202251305804
575.0 0.006402981671271846
576.0 0.005794760727440007
577.0 0.005183906250749715
578.0 0.004573052137857303
579.0 0.005230867100181058
580.0 0.005888682426302694
581.0 0.006828361074440181
582.0 0.007768038631184027
583.0 0.00911121242097579
584.0 0.010454384027980268
585.0 0.010903372458415106
586.0 0.011352359433658421
587.0 0.011096970411017537
588.0 0.010841577750397846
589.0 0.010346095223212615
590.0 0.009850615606410429
591.0 0.0091500100097619
592.0 0.008449402957921848
593.0 0.007031077257124707
594.0 0.0056127541029127315
595.0 0.005430309465737082
596.0 0.005247864828561433
597.0 0.006083554762881249
598.0 0.006919244333403185
599.0 0.007774635014357045
600.0 0.008630024967715144
601.0 0.009404693264514208
602.0 0.010179359378525987
603.0 0.010854853462660685
604.0 0.011530349001986906
605.0 0.011233342229388654
606.0 0.010936337639577687
607.0 0.009335155482403934
608.0 0.007733976235613227
609.0 0.00603468251938466
610.0 0.004335390258347616
611.0 0.0037577432522084564
612.0 0.003180096609867178
613.0 0.003604146695579402
614.0 0.004028196781291626
615.0 0.005025180144002661
616.0 0.006022164598107338
617.0 0.0070272151788230985
618.0 0.008032265031943098
619.0 0.009000688442029059
620.0 0.00996911185211502
621.0 0.010833467968041077
622.0 0.011697824083967134
623.0 0.01137339131673798
624.0 0.01104895636672154
625.0 0.009829845657804981
626.0 0.008610731310909614
627.0 0.006742876576026902
628.0 0.0048750189307611436
629.0 0.0038917834899621084
630.0 0.002908547867264133
631.0 0.002624455555633176
632.0 0.002340363062103279
633.0 0.0024922253942349926
634.0 0.0026440879082656465
635.0 0.0031242707336787134
636.0 0.0036044530133949593
637.0 0.004458797047846019
638.0 0.0053131407184991986
639.0 0.005328301267581992
640.0 0.005343461089069024
641.0 0.005479049650602974
642.0 0.005614638212136924
643.0 0.0053427545935846865
644.0 0.005070870975032449
645.0 0.004671351416618563
646.0 0.004271831494406797
647.0 0.003470174124231562
648.0 0.002668517299753148
649.0 0.0020236289856256917
650.0 0.0013787403077003546
651.0 0.001423824687663
652.0 0.001468909340474056
653.0 0.001569059350003954
654.0 0.0016692090866854414
655.0 0.0017382817532052286
656.0 0.0018073546016239561
657.0 0.0018208003893960267
658.0 0.001834246540965978
659.0 0.0020246672647772357
660.0 0.002215087806689553
661.0 0.0018608776372275315
662.0 0.0015066672858665697
663.0 0.002155146466975566
664.0 0.0028036258299835026
665.0 0.003447171548032202
666.0 0.004090717266080901
667.0 0.004858671309193596
668.0 0.005626624260912649
669.0 0.005835351475980133
670.0 0.00604407541686669
671.0 0.0064643711084499955
672.0 0.006884666800033301
673.0 0.007774631376378238
674.0 0.008664595225127414
675.0 0.008083805732894689
676.0 0.007503017695853487
677.0 0.0058867513871518895
678.0 0.004270485078450292
679.0 0.0027413989300839603
680.0 0.0012123134183639195
681.0 0.0004910904408461647
682.0 2.669442791813914e-10
683.0 0.00015007791489551892
684.0 0.0005302883891999954
685.0 0.00019917347344744485
686.0 2.669442791813914e-10
687.0 0.000200524254978518
688.0 0.0005329900432116119
689.0 0.0005644104476232314
690.0 0.0005958310339337913
691.0 0.0005137424068379914
692.0 0.00043165382521692663
693.0 0.000527309248354868
694.0 0.0006229648079170147
695.0 0.0005976035481580766
696.0 0.0005722421519749332
697.0 0.0005019416676077526
698.0 0.0004316410922911018
699.0 0.00028971755909878993
700.0 0.00014779375305806752
701.0 0.00019340920971444575
702.0 0.00023902475732029416
703.0 0.0002290829797857441
704.0 0.0002191412249885616
705.0 0.00028482322704803664
706.0 0.0003505050699459389
707.0 2.669442791813914e-10
708.0 2.669442791813914e-10
709.0 2.669442791813914e-10
710.0 4.986686121810635e-05
711.0 0.00030451578822976444
712.0 0.0005591647550318157
713.0 0.00030291280381788965
714.0 4.666086397264735e-05
715.0 0.0003314401055831695
716.0 0.0006162193130876403
717.0 0.0003830707100860309
718.0 0.00014992218666520785
719.0 0.00048209831220447086
720.0 0.0008142743354255799
721.0 0.0004541966518445406
722.0 9.41190080538945e-05
723.0 0.00022240976704779314
724.0 0.0003507005203573499
725.0 0.00043601912693702616
726.0 0.0005213379154156428
727.0 0.0003696604835567996
728.0 0.0002179832563342643
729.0 0.00045506758397095837
730.0 0.0006921519798197551
731.0 0.0008321550922119059
732.0 0.0009721584319777321
733.0 0.00044537687244883273
734.0 2.669442791813914e-10
735.0 2.669442791813914e-10
736.0 2.669442791813914e-10
737.0 0.00030773137495998526
738.0 0.0007339850526477676
739.0 0.0004332376647653291
740.0 0.00013248998129711254
741.0 0.00013278475989864091
742.0 0.00013307939070728025
743.0 2.669442791813914e-10
744.0 2.669442791813914e-10
745.0 4.12961412621371e-05
746.0 0.0002659365009094472
747.0 0.00021553601072810125
748.0 0.0001651354750720202
749.0 2.669442791813914e-10
750.0 2.669442791813914e-10
751.0 2.669442791813914e-10
752.0 2.669442791813914e-10
753.0 0.00018648978539204109
754.0 0.00045687124838877935
755.0 2.669442791813914e-10
756.0 2.669442791813914e-10
757.0 2.669442791813914e-10
758.0 2.669442791813914e-10
759.0 0.00019002095541509334
760.0 0.0006758993549738079
761.0 0.0003156530510750599
762.0 2.669442791813914e-10
763.0 2.669442791813914e-10
764.0 2.669442791813914e-10
765.0 6.800765959269484e-05
766.0 0.00023909246920084115
767.0 2.669442791813914e-10
768.0 2.669442791813914e-10
769.0 2.669442791813914e-10
770.0 2.669442791813914e-10
771.0 2.669442791813914e-10
772.0 0.0002564941951277433
773.0 0.0005942812549619703
774.0 0.000932068178371992
775.0 0.0005306239472702146
776.0 0.0001291794887947617
777.0 0.00024758692234172486
778.0 0.0003659944468381582
779.0 0.0005526331733562984
780.0 0.0007392718089249684
781.0 0.0006193108220031718
782.0 0.0004993497896066401
783.0 0.00045972305997565854
784.0 0.00042009633034467697
785.0 0.00019921662897104397
786.0 2.669442791813914e-10
787.0 0.0006193535682541551
788.0 0.0012603703908098396
789.0 0.001006783168122638
790.0 0.0007531960818596417
791.0 0.0006010776814946439
792.0 0.000448959235654911
793.0 0.0004886740953224944
794.0 0.0005283886366669321
795.0 0.0007477100552932825
796.0 0.0009670314284448978
797.0 0.0004523118604993215
798.0 2.669442791813914e-10
799.0 0.0005126297310198424
800.0 0.0010876670785364695
801.0 0.00044417593016987666
802.0 2.669442791813914e-10
803.0 0.00024335618036275264
804.0 0.0006860275334474863
805.0 0.0008539851478417404
806.0 0.0010219427167612594
807.0 0.0007126581749616889
808.0 0.0004033735876873834
809.0 8.52301411669032e-05
810.0 2.669442791813914e-10
811.0 4.2393830312903447e-05
812.0 0.000317700960295042
813.0 0.0008218619768740609
814.0 0.0013260229934530798
815.0 0.0010242078133160248
816.0 0.0007223919965326786
817.0 0.0008411254384554923
818.0 0.0009598589713277761
819.0 0.0009003709237731528
820.0 0.0008408828762185294
821.0 0.0006955149729037657
822.0 0.0005501470695890021
823.0 0.0004915765657642623
824.0 0.00043300638026266824
825.0 0.000619417642155895
826.0 0.0008058289495238569
827.0 0.000889415605342947
828.0 0.0009730023521115072
829.0 0.0005826459073432488
830.0 0.0001922893261507852
831.0 0.0002693164333322784
832.0 0.0003463437451500795
833.0 0.0004772653028339846
834.0 0.0006081867013563169
835.0 0.00010969322374876356
836.0 2.669442791813914e-10
837.0 2.669442791813914e-10
838.0 5.63628418603912e-05
839.0 0.0004256319698470179
840.0 0.0007949010978336446
841.0 0.0010964883585984353
842.0 0.001398075619363226
843.0 0.0008642688044346869
844.0 0.00033046171665773727
845.0 0.0002994495844177436
846.0 0.0002684373839656473
847.0 0.0007188680683611892
848.0 0.0011692988664435688
849.0 0.0009644561032473575
850.0 0.0007596129762532655
851.0 0.001171304211311508
852.0 0.0015829953554202802
853.0 0.0006752056833647657
854.0 2.669442791813914e-10
855.0 2.669442791813914e-10
856.0 2.669442791813914e-10
857.0 0.0002722336148508475
858.0 0.001303201679547783
859.0 0.0010468916116224136
860.0 0.0007905811798991635
861.0 0.001129208249039948
862.0 0.001467835591029143
863.0 0.0015923600585665554
864.0 0.001716884617053438
865.0 0.0018036531400866807
866.0 0.001890422026917804
867.0 0.0026139434339711443
868.0 0.003337464659125544
869.0 0.002941258208011277
870.0 0.0025450515749980696
871.0 0.003082220791839063
872.0 0.0036193898267811164
873.0 0.002659787605807651
874.0 0.0017001855667331256
875.0 0.0025891262339428067
876.0 0.0034780667192535475
