lsstCam/transmission_filter_detector/r14_s02/y_10/19700101T000000.ecsv
# %ECSV 1.0
# ---
# datatype:
# - {name: wavelength, unit: nm, datatype: float32}
# - {name: efficiency, unit: '%', datatype: float64}
# meta: !!omap
# - {MODE: DETECTOR}
# - {TYPE: transmission_filter_detector}
# - {CALIBDATE: '1970-01-01T00:00:00'}
# - {INSTRUME: LSSTCam}
# - {OBSTYPE: transmission_filter_detector}
# - {CALIBCLS: lsst.ip.isr.IntermediateFilterDetectorTransmissionCurve}
# - {SOURCE: Materion (DM-46256)}
# - {DETECTOR: 65}
# - {FILTER: y_10}
# - {CALIB_ID: 'calibDate=1970-01-01T00:00:00 filter=y_10 detector=65'}
# - {DATE: '2025-04-02T15:59:51.042284'}
# - {CALIB_CREATION_DATE: '2025-04-02'}
# - {CALIB_CREATION_TIME: '15:59:51'}
# - __serialized_columns__:
#     efficiency:
#       __class__: astropy.units.quantity.Quantity
#       unit: !astropy.units.Unit {unit: '%'}
#       value: !astropy.table.SerializedColumn {name: efficiency}
#     wavelength:
#       __class__: astropy.units.quantity.Quantity
#       unit: !astropy.units.Unit {unit: nm}
#       value: !astropy.table.SerializedColumn {name: wavelength}
# schema: astropy-2.0
wavelength efficiency
[from data line 578]
878.0 0.0009346312253910583
879.0 0.001745074951031711
880.0 0.06381115526892245
881.0 0.09064522455446422
882.0 0.069013936445117
883.0 0.07396067376248538
884.0 0.05851085879839957
885.0 0.08176446426659822
886.0 0.06527469377033412
887.0 0.08043551933951676
888.0 0.07922750664874911
889.0 0.09336465736851096
890.0 0.06593666039407253
891.0 0.10754314716905355
892.0 0.07609852473251522
893.0 0.08767821709625423
894.0 0.0748586084228009
895.0 0.11163589078933
896.0 0.07168229203671217
897.0 0.12499243021011353
898.0 0.07434117724187672
899.0 0.10242296848446131
900.0 0.08037243387661874
901.0 0.11344142258167267
902.0 0.12538345763459802
903.0 0.12769547756761312
904.0 0.1437192317098379
905.0 0.15540404710918665
906.0 0.18471854273229837
907.0 0.21298734936863184
908.0 0.2627858892083168
909.0 0.28730910271406174
910.0 0.4014701582491398
911.0 0.5014624446630478
912.0 0.6914821453392506
913.0 1.0209186933934689
914.0 1.4341712929308414
915.0 2.12298147380352
916.0 3.11316829174757
917.0 4.3722886592149734
918.0 5.995824560523033
919.0 7.770927250385284
920.0 10.398552566766739
921.0 13.277089595794678
922.0 16.0428524017334
923.0 19.09366399049759
924.0 22.276505827903748
925.0 25.674068927764893
926.0 30.037453770637512
927.0 35.1022869348526
928.0 40.024447441101074
929.0 45.696672797203064
930.0 51.2141227722168
931.0 57.169413566589355
932.0 63.412463665008545
933.0 69.4800615310669
934.0 74.7654139995575
935.0 79.17691469192505
936.0 83.28067660331726
937.0 86.5915834903717
938.0 89.3915593624115
939.0 91.34429097175598
940.0 92.74500012397766
941.0 93.60467791557312
942.0 94.30317878723145
943.0 94.74493265151978
944.0 95.26194334030151
945.0 95.55836915969849
946.0 95.9400475025177
947.0 96.30265235900879
948.0 96.6314435005188
949.0 96.69368267059326
950.0 96.88979387283325
951.0 96.95640206336975
952.0 96.90175652503967
953.0 97.00998663902283
954.0 96.95072770118713
955.0 96.93372845649719
956.0 97.07491397857666
957.0 97.19186425209045
958.0 97.3503589630127
959.0 97.43961095809937
960.0 97.68389463424683
961.0 97.79759645462036
962.0 97.95126914978027
963.0 98.13202619552612
964.0 98.2201099395752
965.0 98.35973381996155
966.0 98.48380088806152
967.0 98.63587021827698
968.0 98.64780306816101
969.0 98.67386817932129
970.0 98.70337843894958
971.0 98.77032041549683
972.0 98.79179000854492
973.0 98.85678291320801
974.0 98.86672496795654
975.0 98.82836937904358
976.0 98.87731075286865
977.0 98.84232878684998
978.0 98.9082932472229
979.0 98.90825152397156
980.0 98.90057444572449
981.0 98.82810711860657
982.0 98.81897568702698
983.0 98.85990619659424
984.0 98.8278865814209
985.0 98.84271025657654
986.0 98.71501326560974
987.0 98.76432418823242
988.0 98.6617922782898
989.0 98.63774180412292
990.0 98.55737686157227
991.0 98.5533595085144
992.0 98.57529997825623
993.0 98.49610924720764
994.0 98.39513301849365
995.0 98.43448400497437
996.0 98.39832782745361
997.0 98.46192598342896
998.0 98.4544575214386
999.0 98.52870106697083
1000.0 98.56457114219666
1001.0 98.55933785438538
1002.0 98.67271780967712
1003.0 98.74063730239868
1004.0 98.84495735168457
1005.0 98.79380464553833
1006.0 98.95871877670288
1007.0 98.965322971344
1008.0 98.99044632911682
1009.0 98.94284009933472
1010.0 98.97740483283997
1011.0 99.02635216712952
1012.0 98.96765947341919
1013.0 98.94317984580994
1014.0 98.88718128204346
1015.0 98.87996912002563
1016.0 98.8673448562622
1017.0 98.88542890548706
1018.0 98.87298941612244
1019.0 98.78080487251282
1020.0 98.84601831436157
1021.0 98.95862340927124
1022.0 98.78798723220825
1023.0 98.85762929916382
1024.0 98.75898957252502
1025.0 98.75559210777283
1026.0 98.77552390098572
1027.0 98.88202548027039
1028.0 98.77462983131409
1029.0 98.9267110824585
1030.0 98.9661455154419
1031.0 98.96349906921387
1032.0 98.92951250076294
1033.0 98.91961216926575
1034.0 98.98817539215088
1035.0 99.01833534240723
1036.0 98.94798398017883
1037.0 98.93705248832703
1038.0 99.01682734489441
1039.0 98.8201379776001
1040.0 98.77015948295593
1041.0 98.88091087341309
1042.0 98.87213706970215
1043.0 98.75476360321045
1044.0 98.80767464637756
1045.0 98.532235622406
1046.0 98.75987768173218
1047.0 98.56262803077698
1048.0 98.64681363105774
1049.0 98.50438833236694
1050.0 98.52150082588196
1051.0 98.49358201026917
1052.0 98.49907159805298
1053.0 98.28993082046509
1054.0 98.62982034683228
1055.0 98.63653182983398
1056.0 98.51828217506409
1057.0 98.60286712646484
1058.0 98.52784872055054
1059.0 98.50277304649353
1060.0 98.66865873336792
1061.0 98.6027717590332
1062.0 98.52668046951294
1063.0 98.53270649909973
1064.0 98.78319501876831
1065.0 98.68397116661072
1066.0 98.78398776054382
1067.0 98.73175024986267
1068.0 98.73587489128113
1069.0 98.47463369369507
1070.0 98.93508553504944
1071.0 98.62646460533142
1072.0 98.82315397262573
1073.0 98.92900586128235
1074.0 98.45779538154602
1075.0 98.37180376052856
1076.0 98.44470024108887
1077.0 98.75320196151733
1078.0 98.8808274269104
1079.0 98.42098951339722
1080.0 99.16291236877441
1081.0 98.4632670879364
1082.0 98.40921759605408
1083.0 98.61785769462585
1084.0 98.7458348274231
1085.0 98.78578186035156
1086.0 98.62633347511292
1087.0 98.47657084465027
1088.0 98.3812928199768
1089.0 98.35029244422913
1090.0 98.34265112876892
1091.0 98.56696724891663
1092.0 98.41707944869995
1093.0 98.41886162757874
1094.0 98.18515181541443
1095.0 98.24769496917725
1096.0 98.24725389480591
1097.0 98.12682867050171
1098.0 97.62771725654602
1099.0 98.46158027648926
1100.0 97.98261523246765
