lsstCam/transmission_filter_detector/r23_s21/r_57/19700101T000000.ecsv
# %ECSV 1.0
# ---
# datatype:
# - {name: wavelength, unit: nm, datatype: float32}
# - {name: efficiency, unit: '%', datatype: float64}
# meta: !!omap
# - {MODE: DETECTOR}
# - {TYPE: transmission_filter_detector}
# - {CALIBDATE: '1970-01-01T00:00:00'}
# - {INSTRUME: LSSTCam}
# - {OBSTYPE: transmission_filter_detector}
# - {CALIBCLS: lsst.ip.isr.IntermediateFilterDetectorTransmissionCurve}
# - {SOURCE: Materion (DM-46256)}
# - {DETECTOR: 106}
# - {FILTER: r_57}
# - {CALIB_ID: 'calibDate=1970-01-01T00:00:00 filter=r_57 detector=106'}
# - {DATE: '2025-04-02T15:59:44.673509'}
# - {CALIB_CREATION_DATE: '2025-04-02'}
# - {CALIB_CREATION_TIME: '15:59:44'}
# - __serialized_columns__:
#     efficiency:
#       __class__: astropy.units.quantity.Quantity
#       unit: !astropy.units.Unit {unit: '%'}
#       value: !astropy.table.SerializedColumn {name: efficiency}
#     wavelength:
#       __class__: astropy.units.quantity.Quantity
#       unit: !astropy.units.Unit {unit: nm}
#       value: !astropy.table.SerializedColumn {name: wavelength}
# schema: astropy-2.0
wavelength efficiency
[from data line 602]
902.0 1.5741586636627836e-10
903.0 1.5741586636627836e-10
904.0 1.5741586636627836e-10
905.0 1.5741586636627836e-10
906.0 5.017155402242679e-06
907.0 3.347862502778298e-05
908.0 2.7020524839826976e-05
909.0 2.0562423230785498e-05
910.0 1.5741586636627836e-10
911.0 1.5741586636627836e-10
912.0 1.5741586636627836e-10
913.0 1.5741586636627836e-10
914.0 1.7422490827812e-05
915.0 5.2320689292173483e-05
916.0 7.180124725891801e-05
917.0 9.128179385697877e-05
918.0 0.0001501043016105541
919.0 0.00020892678094242
920.0 0.00013767065638603526
921.0 6.641448635491543e-05
922.0 0.00013495632629201282
923.0 0.0002034981662291102
924.0 0.00018169281474911259
925.0 0.00015988746326911496
926.0 0.00016136001477207174
927.0 0.00016283254353766097
928.0 0.00015662470786992344
929.0 0.00015041686083350214
930.0 0.00018534362880018307
931.0 0.00022027038539818022
932.0 9.253393500330276e-05
933.0 1.5741586636627836e-10
934.0 3.676559003906732e-05
935.0 0.00010873368410102557
936.0 0.00016689949688952765
937.0 0.0002250652869406622
938.0 0.0002369412641201052
939.0 0.00024881726403691573
940.0 0.00023365123524854425
941.0 0.00021848513824807014
942.0 0.00032062589525594376
943.0 0.00042276669773855247
944.0 0.0003128203616142855
945.0 0.00020287409370212117
946.0 0.00032714101507735904
947.0 0.00045140795918996446
948.0 0.0004282182089809794
949.0 0.0004050285497214645
950.0 0.0004937086941936286
951.0 0.0005823889296152629
952.0 0.0006831839073129231
953.0 0.0007839791578589939
954.0 0.001017703652905766
955.0 0.0012514285117504187
956.0 0.0013833883713232353
957.0 0.0015153483218455222
958.0 0.0016778141798567958
959.0 0.00184028031071648
960.0 0.001979110311367549
961.0 0.0021179404939175583
962.0 0.0022843647457193583
963.0 0.0024507891794200987
964.0 0.002523763760109432
965.0 0.002596738158899825
966.0 0.0025939332772395574
967.0 0.0025911283955792896
968.0 0.0025810100851231255
969.0 0.002570892138464842
970.0 0.0026080671887029894
971.0 0.002645242420840077
972.0 0.0027163334380020387
973.0 0.0027874244551640004
974.0 0.0029479882869054563
975.0 0.0031085521186469123
976.0 0.003121807094430551
977.0 0.003135061706416309
978.0 0.0030952935048844665
979.0 0.0030555249395547435
980.0 0.003023268982360605
981.0 0.0029910128432675265
982.0 0.0030138276997604407
983.0 0.003036642556253355
984.0 0.0029132952477084473
985.0 0.002789947757264599
986.0 0.0026900917873717844
987.0 0.002590235453681089
988.0 0.002510129525035154
989.0 0.0024300237782881595
990.0 0.0024605420549050905
991.0 0.002491060149623081
992.0 0.0025133547751465812
993.0 0.0025356495825690217
994.0 0.0025855737476376817
995.0 0.0026354979127063416
996.0 0.002720273369050119
997.0 0.002805048643494956
998.0 0.002950118141598068
999.0 0.003095188003499061
1000.0 0.003207964255125262
1001.0 0.003320740506751463
1002.0 0.003530640242388472
1003.0 0.003740539978025481
1004.0 0.003823748556897044
1005.0 0.0039069567719707265
1006.0 0.004093605457455851
1007.0 0.0042802545067388564
1008.0 0.0042542695155134425
1009.0 0.0042282845242880285
1010.0 0.004196956433588639
1011.0 0.004165629070485011
1012.0 0.004113278919248842
1013.0 0.004060928768012673
1014.0 0.003809598638326861
1015.0 0.003558267781045288
1016.0 0.003314220521133393
1017.0 0.003070173625019379
1018.0 0.0028072532586520538
1019.0 0.0025443332560826093
1020.0 0.0022419204469770193
1021.0 0.0019395076378714293
1022.0 0.0016553511159145273
1023.0 0.001371194412058685
1024.0 0.0013539127394324169
1025.0 0.0013366309758566786
1026.0 0.0011990991879429203
1027.0 0.0010615671271807514
1028.0 0.001000880729407072
1029.0 0.0009401941497344524
1030.0 0.0009427803888684139
1031.0 0.0009453663551539648
1032.0 0.0009319628588855267
1033.0 0.0009185591807181481
1034.0 0.0007877179996285122
1035.0 0.0006568765911652008
1036.0 0.0006961776307434775
1037.0 0.0007354784429480787
1038.0 0.0007321771590795834
1039.0 0.000728875875211088
1040.0 0.0006988450877543073
1041.0 0.0006688143002975266
1042.0 0.0007668020771234296
1043.0 0.0008647895811009221
1044.0 0.0008636006896267645
1045.0 0.0008624118891020771
1046.0 0.0008639562111056875
1047.0 0.0008655007150082383
1048.0 0.0007124969670257997
1049.0 0.0005594933554675663
1050.0 0.000669034034217475
1051.0 0.0007785747584421188
1052.0 0.0009053962457983289
1053.0 0.0010322172784071881
1054.0 0.0008736298696021549
1055.0 0.0007150423243729165
1056.0 0.0007415331310767215
1057.0 0.0007680240742047317
1058.0 0.0008093580618151464
1059.0 0.000850692049425561
1060.0 0.0009193315236188937
1061.0 0.0009879706340143457
1062.0 0.0012944036825501826
1063.0 0.0016008367310860194
1064.0 0.0012416852769092657
1065.0 0.0008825336408335716
1066.0 0.0012961115317011718
1067.0 0.001709689422568772
1068.0 0.001879540468507912
1069.0 0.0020493913325481117
1070.0 0.0018317925423616543
1071.0 0.001614193752175197
1072.0 0.0015950608940329403
1073.0 0.0015759278539917432
1074.0 0.0021020947315264493
1075.0 0.002628261427162215
1076.0 0.0029418037229334004
1077.0 0.0032553460187045857
1078.0 0.0035044642572756857
1079.0 0.0037535828596446663
1080.0 0.0038793779822299257
1081.0 0.004005173104815185
1082.0 0.003931191895389929
1083.0 0.0038572106859646738
1084.0 0.00431572443631012
1085.0 0.004774237459059805
1086.0 0.004501447983784601
1087.0 0.0042286585085093975
1088.0 0.004302590605220757
1089.0 0.004376523065729998
1090.0 0.003891655433108099
1091.0 0.003406787436688319
1092.0 0.0037681518733734265
1093.0 0.004129516310058534
1094.0 0.004062285370309837
1095.0 0.0039950540667632595
1096.0 0.00338820245815441
1097.0 0.002781351031444501
1098.0 0.002837125794030726
1099.0 0.0028929009204148315
1100.0 0.0025169591026497073
1101.0 0.002141016739187762
