lsstCam/transmission_filter_detector/r23_s21/r_57/19700101T000000.ecsv
# %ECSV 1.0
# ---
# datatype:
# - {name: wavelength, unit: nm, datatype: float32}
# - {name: efficiency, unit: '%', datatype: float64}
# meta: !!omap
# - {MODE: DETECTOR}
# - {TYPE: transmission_filter_detector}
# - {CALIBDATE: '1970-01-01T00:00:00'}
# - {INSTRUME: LSSTCam}
# - {OBSTYPE: transmission_filter_detector}
# - {CALIBCLS: lsst.ip.isr.IntermediateFilterDetectorTransmissionCurve}
# - {SOURCE: Materion (DM-46256)}
# - {DETECTOR: 106}
# - {FILTER: r_57}
# - {CALIB_ID: 'calibDate=1970-01-01T00:00:00 filter=r_57 detector=106'}
# - {DATE: '2025-04-02T15:59:44.673509'}
# - {CALIB_CREATION_DATE: '2025-04-02'}
# - {CALIB_CREATION_TIME: '15:59:44'}
# - __serialized_columns__:
#     efficiency:
#       __class__: astropy.units.quantity.Quantity
#       unit: !astropy.units.Unit {unit: '%'}
#       value: !astropy.table.SerializedColumn {name: efficiency}
#     wavelength:
#       __class__: astropy.units.quantity.Quantity
#       unit: !astropy.units.Unit {unit: nm}
#       value: !astropy.table.SerializedColumn {name: wavelength}
# schema: astropy-2.0
wavelength efficiency
300.0 0.0017508507880847901
301.0 0.0043070762330899015
302.0 0.00686330022290349
303.0 0.008886669093044475
304.0 0.010910039418376982
305.0 0.010221789125353098
306.0 0.009533538832329214
307.0 0.008055726357270032
308.0 0.006577912427019328
309.0 0.005863401020178571
310.0 0.005148889249539934
311.0 0.0049136680900119245
312.0 0.004678445839090273
313.0 0.004291966251912527
314.0 0.003905486664734781
315.0 0.0036922821891494095
316.0 0.0034790773497661576
317.0 0.0035038614441873506
318.0 0.0035286455386085436
319.0 0.003150980774080381
320.0 0.0027733158276532777
321.0 0.0027015539671992883
322.0 0.0026297928343410604
323.0 0.0022523558072862215
324.0 0.0018749180526356213
325.0 0.0019138926290906966
326.0 0.0019528672055457719
327.0 0.0021083389583509415
328.0 0.002263810711156111
329.0 0.002298981780768372
330.0 0.0023341526684816927
331.0 0.002216265056631528
332.0 0.0020983776266803034
333.0 0.0018568434825283475
334.0 0.0016153093383763917
335.0 0.0014620344700233545
336.0 0.0013087596016703174
337.0 0.0012451829206838738
338.0 0.0011816064215963706
339.0 0.0010302223927283194
340.0 0.000878838272910798
341.0 0.0008388107744394802
342.0 0.0007987831850186922
343.0 0.0007381161140074255
344.0 0.0006774490429961588
345.0 0.0006627834864048054
346.0 0.0006481179752881872
347.0 0.0006617091003136011
348.0 0.000675300225339015
349.0 0.0006757401479262626
350.0 0.004069351416546851
351.0 0.005011779649066739
352.0 0.005954207153990865
353.0 0.005796869663754478
354.0 0.005639532537315972
355.0 0.004759063813253306
356.0 0.003878595816786401
357.0 0.004636776793631725
358.0 0.00539495813427493
359.0 0.0046320616092998534
360.0 0.0038691643567290157
361.0 0.0029569378966698423
362.0 0.0020447116185096093
363.0 0.002602554923214484
364.0 0.003160398409818299
365.0 0.002643841798999347
366.0 0.002127285551978275
367.0 0.002275427323183976
368.0 0.0024235689124907367
369.0 0.002392801980022341
370.0 0.0023620346837560646
371.0 0.002294832120242063
372.0 0.0022276297386270016
373.0 0.0022513815565616824
374.0 0.0022751330106984824
375.0 0.0018489074136596173
376.0 0.0014226820894691627
377.0 0.0013169486919650808
378.0 0.0012112154763599392
379.0 0.0013987644706503488
380.0 0.0015863139196881093
381.0 0.0022202713807928376
382.0 0.0028542290237965062
383.0 0.0031715331715531647
384.0 0.003488837683107704
385.0 0.004232150240568444
386.0 0.004975462070433423
387.0 0.004654098302125931
388.0 0.004332734533818439
389.0 0.003717805157066323
390.0 0.0031028754165163264
391.0 0.0023772088752593845
392.0 0.0016515428796992637
393.0 0.0015429597624461167
394.0 0.001434376372344559
395.0 0.0011522732165758498
396.0 0.0008701700608071405
397.0 0.0008296956366393715
398.0 0.0007892216672189534
399.0 0.0007262576218636241
400.0 0.0006632933946093544
401.0 0.0003953598024963867
402.0 0.000127425857954222
403.0 0.0002502641336832312
404.0 0.0003731025117303943
405.0 0.0008319811968249269
406.0 0.0012908597454952542
407.0 0.0015534524209215306
408.0 0.0018160450053983368
409.0 0.001339866594207706
410.0 0.0008636882739665452
411.0 0.000885594363353448
412.0 0.0009075006346392911
413.0 0.0010519218449189793
414.0 0.0011963431461481377
415.0 0.0012569921636895742
416.0 0.0013176414540794212
417.0 0.0014336749700305518
418.0 0.0015497089407290332
419.0 0.0020920731913065538
420.0 0.0026344370780861937
421.0 0.003909972292603925
422.0 0.005185507325222716
423.0 0.008144286402966827
424.0 0.011103064753115177
425.0 0.014830546570010483
426.0 0.018558025476522744
427.0 0.019203168631065637
428.0 0.019848313240800053
429.0 0.015457320841960609
430.0 0.011066329170716926
431.0 0.007684863521717489
432.0 0.0043033986003138125
433.0 0.0034135664463974535
434.0 0.0025237341105821542
435.0 0.0020419698557816446
436.0 0.001560205600981135
437.0 0.0011939607247768436
438.0 0.0008277160304714926
439.0 0.0008238985174102709
440.0 0.000820080913399579
441.0 0.0009702845090941992
442.0 0.0011204882866877597
443.0 0.0014892343642713968
444.0 0.001857980532804504
445.0 0.0017692525943857618
446.0 0.0016805246559670195
447.0 0.0015583053027512506
448.0 0.0014360864042828325
449.0 0.001372753376926994
450.0 0.0013094199857732747
451.0 0.0013374276022659615
452.0 0.001365435036859708
453.0 0.0014729467693541665
454.0 0.0015804584108991548
455.0 0.0014110305528447498
456.0 0.0012416029676387552
457.0 0.000915823329705745
458.0 0.0005900436917727347
459.0 0.0008124135092657525
460.0 0.0010347834177082404
461.0 0.0015393603462143801
462.0 0.002043936910922639
463.0 0.0027372911063139327
464.0 0.0034306449379073456
465.0 0.004392137998365797
466.0 0.005353630695026368
467.0 0.005995118772261776
468.0 0.006636606849497184
469.0 0.005759409032179974
470.0 0.004882211578660645
471.0 0.003690053563332185
472.0 0.002497895184205845
473.0 0.001951087142515462
474.0 0.001404278737027198
475.0 0.0010556506822467782
476.0 0.0007070227638905635
477.0 0.0007075221219565719
478.0 0.0007080214345478453
479.0 0.000796048334450461
480.0 0.0008840751434036065
481.0 0.0006593968464585487
482.0 0.0004347187314124312
483.0 0.0005504442469828064
484.0 0.0006661697170784464
485.0 0.0006488186954811681
486.0 0.0006314676738838898
487.0 0.0004966573214915115
488.0 0.0003618469690991333
489.0 0.0004827878910873551
490.0 0.0006037287676008418
491.0 0.0007037338036752772
492.0 0.0008037388397497125
493.0 0.0008975218406703789
494.0 0.0009913049325405154
495.0 0.0009310728273703717
496.0 0.0008708406312507577
497.0 0.0010441227459523361
498.0 0.0012174049516033847
499.0 0.0012441876606317237
500.0 0.0012709706425084732
501.0 0.001316228554060217
502.0 0.001361486556561431
503.0 0.0017620899598114192
504.0 0.0021626932721119374
505.0 0.0026164570954279043
506.0 0.003070220918743871
507.0 0.003705103154061362
508.0 0.004339985389378853
509.0 0.004780708331963979
510.0 0.0052214309107512236
511.0 0.004770277155330405
512.0 0.004319123763707466
513.0 0.003673787068692036
514.0 0.0030284507374744862
515.0 0.0028196829589433037
516.0 0.002610915180412121
517.0 0.002560456414357759
518.0 0.0025099972845055163
519.0 0.038449669955298305
520.0 0.06205133977346122
521.0 0.09809058392420411
522.0 0.07092919549904764
523.0 0.07765506161376834
524.0 0.13684176374226809
525.0 0.05352224688977003
526.0 0.15378189273178577
527.0 0.13127417769283056
528.0 0.10125731350854039
529.0 0.12851838255301118
530.0 0.19069570116698742
531.0 0.15860296553000808
532.0 0.16870127292349935
533.0 0.2461249940097332
534.0 0.3434668527916074
535.0 0.35979871172457933
536.0 0.49966336227953434
537.0 0.7015412207692862
538.0 1.0434540919959545
539.0 1.662740297615528
540.0 2.5851910933852196
541.0 3.968428820371628
542.0 5.876268818974495
543.0 8.601964265108109
544.0 11.847599595785141
545.0 15.4789999127388
546.0 19.957301020622253
547.0 25.486382842063904
548.0 32.536181807518005
549.0 40.266504883766174
550.0 47.22524583339691
551.0 55.40362596511841
552.0 61.66119575500488
553.0 67.17807650566101
554.0 72.09305167198181
555.0 76.35233402252197
556.0 80.40895462036133
557.0 83.37312936782837
558.0 86.76361441612244
559.0 90.20418524742126
560.0 91.27297401428223
561.0 93.45143437385559
562.0 94.44231986999512
563.0 94.42470073699951
564.0 95.21686434745789
565.0 94.6558952331543
566.0 95.4449713230133
567.0 94.83407735824585
568.0 95.30807733535767
569.0 96.02726697921753
570.0 95.25173902511597
571.0 96.3986337184906
572.0 96.16442322731018
573.0 96.315997838974
574.0 96.40786051750183
575.0 96.35235667228699
576.0 96.62874341011047
577.0 96.5255856513977
578.0 96.6387152671814
579.0 96.35306596755981
580.0 96.00045084953308
581.0 95.72716951370239
582.0 96.43785357475281
583.0 96.15461230278015
584.0 95.79538702964783
585.0 95.78213095664978
586.0 95.95013856887817
587.0 95.73807120323181
588.0 96.09472155570984
589.0 96.84889316558838
590.0 96.16732597351074
591.0 95.62385678291321
592.0 95.7173764705658
593.0 95.31059861183167
594.0 95.53930759429932
595.0 96.188223361969
596.0 96.58768773078918
597.0 96.67478799819946
598.0 96.30298614501953
599.0 96.1197555065155
600.0 96.37858867645264
601.0 95.59355974197388
602.0 96.14656567573547
603.0 96.01448774337769
604.0 95.87785601615906
605.0 96.2745189666748
606.0 95.78162431716919
607.0 95.95834016799927
608.0 95.94634175300598
609.0 94.9966311454773
610.0 95.29302716255188
611.0 95.25995254516602
612.0 95.35553455352783
613.0 96.48759961128235
614.0 96.31479978561401
615.0 95.84935903549194
616.0 95.85216641426086
617.0 95.88868021965027
618.0 96.01739645004272
619.0 96.60013914108276
620.0 95.59730291366577
621.0 95.34664154052734
622.0 96.04764580726624
623.0 96.30001187324524
624.0 95.84652781486511
625.0 96.29498720169067
626.0 95.50869464874268
627.0 94.56090927124023
628.0 96.60320281982422
629.0 94.89299058914185
630.0 95.92655897140503
631.0 95.54088115692139
632.0 96.28382921218872
633.0 96.11886739730835
634.0 95.38901448249817
635.0 95.60996294021606
636.0 95.64115405082703
637.0 95.08416056632996
638.0 95.12624740600586
639.0 95.0901746749878
640.0 95.24292349815369
641.0 95.01177668571472
642.0 95.52437663078308
643.0 95.3639030456543
644.0 95.4798936843872
645.0 95.72805166244507
646.0 95.70320248603821
647.0 96.61373496055603
648.0 95.93330025672913
649.0 95.19961476325989
650.0 95.95024585723877
651.0 96.36238813400269
652.0 96.17830514907837
653.0 95.23584246635437
654.0 95.82858681678772
655.0 96.00704908370972
656.0 95.4268753528595
657.0 95.32373547554016
658.0 95.83426117897034
659.0 95.75881361961365
660.0 95.0091302394867
661.0 95.09758949279785
662.0 95.30313611030579
663.0 95.6938624382019
664.0 95.11942863464355
665.0 95.19057273864746
666.0 94.80394124984741
667.0 95.44737339019775
668.0 94.67334747314453
669.0 95.48698663711548
670.0 95.21760940551758
671.0 95.37578225135803
672.0 95.22475600242615
673.0 95.02511024475098
674.0 94.61405873298645
675.0 95.11932134628296
676.0 94.68226432800293
677.0 93.64301562309265
678.0 93.06514263153076
679.0 92.19444394111633
680.0 91.35193824768066
681.0 89.83924984931946
682.0 87.67969608306885
683.0 85.19816398620605
684.0 81.32630586624146
685.0 77.86431312561035
686.0 74.11524653434753
687.0 69.27660703659058
688.0 64.87342119216919
689.0 60.22648215293884
690.0 54.99565005302429
691.0 50.63665509223938
692.0 46.043333411216736
693.0 41.72147214412689
694.0 36.81262135505676
695.0 31.815937161445618
696.0 26.661846041679382
697.0 21.875105798244476
698.0 16.177886724472046
699.0 11.799739301204681
700.0 8.330406248569489
701.0 5.323883518576622
702.0 3.357486054301262
703.0 1.953418180346489
704.0 1.0975487530231476
705.0 0.684543838724494
706.0 0.4196523688733578
707.0 0.280977226793766
708.0 0.21536601707339287
709.0 0.16834508860483766
710.0 0.07993466570042074
711.0 0.1316857640631497
712.0 0.08548797923140228
713.0 0.07462098728865385
714.0 0.05860226810909808
715.0 0.0791194208431989
716.0 0.08730748086236417
717.0 0.02224564377684146
718.0 0.09044603211805224
719.0 0.059005297953262925
720.0 1.5741586636627836e-10
721.0 0.004572409670799971
722.0 0.004263954178895801
723.0 0.003955498323193751
724.0 0.0037257435906212777
725.0 0.003495988858048804
726.0 0.0032073330658022314
727.0 0.002918677455454599
728.0 0.0028038093660143204
729.0 0.0026889412765740417
730.0 0.002514277548471
731.0 0.0023396138203679584
732.0 0.0022903246645000763
733.0 0.0022410356905311346
734.0 0.0021532341634156182
735.0 0.0020654324544011615
736.0 0.001900668939924799
737.0 0.001735905789246317
738.0 0.0016936812244239263
739.0 0.001651456841500476
740.0 0.0016174464690266177
741.0 0.0015834362784516998
742.0 0.0014880934031680226
743.0 0.0013927504369348753
744.0 0.0014825739526713733
745.0 0.001572397377458401
746.0 0.001438350500393426
747.0 0.0013043037142779212
748.0 0.001233585862792097
749.0 0.0011628680113062728
750.0 0.0011527628885232843
751.0 0.0011426579476392362
752.0 0.0011690964129229542
753.0 0.0011955348782066721
754.0 0.0012018403140245937
755.0 0.0012081460226909257
756.0 0.0010997587196470704
757.0 0.000991371416603215
758.0 0.0010217811905022245
759.0 0.001052190964401234
760.0 0.000988816191238584
761.0 0.0009254413271264639
762.0 0.0009547004992782604
763.0 0.0009839599442784674
764.0 0.0009956763278751168
765.0 0.0010073928024212364
766.0 0.0008487580089422408
767.0 0.0006901232609379804
768.0 0.0006733077043463709
769.0 0.0006564918749063509
770.0 0.0006623004537686938
771.0 0.0006681090326310368
772.0 0.0006944967481103959
773.0 0.0007208842362160794
774.0 0.0008706102562427986
775.0 0.0010203361853200477
776.0 0.0010171494068345055
777.0 0.0010139629011973739
778.0 0.0009054320798895787
779.0 0.0007969015314301942
780.0 0.0007506354450015351
781.0 0.0007043695859465515
782.0 0.0007741999070276506
783.0 0.000844030364532955
784.0 0.0008079308827291243
785.0 0.0007718313099758234
786.0 0.0007868797183618881
787.0 0.000801928217697423
788.0 0.000684663336869562
789.0 0.0005673984560417011
790.0 0.0006604916961805429
791.0 0.0007535849817941198
792.0 0.000788606939750025
793.0 0.0008236289431806654
794.0 0.0008257800800492987
795.0 0.000827931216917932
796.0 0.0006851804755569901
797.0 0.0005424297341960482
798.0 0.0006808827947679674
799.0 0.0008193358553398866
800.0 0.000827879921416752
801.0 0.0008364237146452069
802.0 0.0008055672878981568
803.0 0.0007747106792521663
804.0 0.0007257570359797683
805.0 0.0006768034381821053
806.0 0.0007035425824142294
807.0 0.0007302816356968833
808.0 0.0007328080300794682
809.0 0.0007353342880378477
810.0 0.0006859374479972757
811.0 0.0006365405624819687
812.0 0.0006178812782309251
813.0 0.0005992219485051464
814.0 0.0005386876182456035
815.0 0.0004781533789355308
816.0 0.0005987680196994916
817.0 0.0007193827968876576
818.0 0.000644914780423278
819.0 0.0005704466730094282
820.0 0.0005152229277882725
821.0 0.0004599992280418519
822.0 0.0005238902303972282
823.0 0.0005877812327526044
824.0 0.0005337099992175354
825.0 0.000479638583783526
826.0 0.0005236558990873164
827.0 0.0005676731689163717
828.0 0.00046510463107551914
829.0 0.00036253604775993153
830.0 0.00016150612509591156
831.0 1.5741586636627836e-10
832.0 1.5741586636627836e-10
833.0 1.5741586636627836e-10
834.0 1.5741586636627836e-10
835.0 8.311041028719046e-05
836.0 0.00021674225081369514
837.0 0.00035037414818361867
838.0 0.0006841925824119244
839.0 0.0010180110621149652
840.0 0.0013407583537627943
841.0 0.0016635058273095638
842.0 0.0019825962226605043
843.0 0.002301686799910385
844.0 0.0021821186237502843
845.0 0.0020625504475901835
846.0 0.0018285598343936726
847.0 0.0015945686755003408
848.0 0.0015265439287759364
849.0 0.001458518727304181
850.0 0.001375909323542146
851.0 0.0012932997378811706
852.0 0.0012246342521393672
853.0 0.0011559687663975637
854.0 0.0009827696885622572
855.0 0.0008095703378785402
856.0 0.000628608904662542
857.0 0.00044764742597180884
858.0 0.0005013130703446222
859.0 0.0005549787147174357
860.0 0.0004578743300953647
861.0 0.00036076992273592623
862.0 0.00038736179703846574
863.0 0.0004139536031289026
864.0 0.00024211578875110717
865.0 7.027800279502117e-05
866.0 5.559439841817948e-05
867.0 4.091077414614119e-05
868.0 0.00010784018513732008
869.0 0.00017476958191764425
870.0 9.149980542133562e-05
871.0 8.230026793398793e-06
872.0 1.5741586636627836e-10
873.0 1.5741586636627836e-10
874.0 1.5741586636627836e-10
875.0 1.5741586636627836e-10
876.0 1.5741586636627836e-10
877.0 1.5430977384767175e-05
878.0 0.00013212876410761965
879.0 0.0002488265408828738
880.0 0.00016002132952053216
881.0 7.12160840521392e-05
882.0 8.364264658666798e-05
883.0 9.606920912119676e-05
884.0 3.970442037370958e-05
885.0 1.5741586636627836e-10
886.0 7.20171613011189e-05
887.0 0.0001606946966603573
888.0 0.00018327864381717518
889.0 0.00020586260234267684
890.0 0.00014757106328033842
891.0 8.927953558668378e-05
892.0 1.5149865362218407e-05
893.0 1.5741586636627836e-10
894.0 1.6333319763361942e-05
895.0 9.164645007331274e-05
896.0 3.6883997722725326e-05
897.0 1.5741586636627836e-10
898.0 3.5615349247564154e-05
899.0 8.910909627957153e-05
900.0 5.344004421203863e-05
