ts8/qe_curve/rtm-025_s12/19700101T000000.ecsv
# %ECSV 0.9
# ---
# datatype:
# - {name: amp_name, datatype: string}
# - {name: wavelength, unit: nm, datatype: float32}
# - {name: efficiency, unit: '%', datatype: float32}
# meta: !!omap
# - {MODE: AMP}
# - {TYPE: QE}
# - {CALIBDATE: '1970-01-01T00:00:00'}
# - {INSTRUME: TS8}
# - {OBSTYPE: qe_curve}
# - {DETECTOR: 185}
# - {PICKLEFILE: RaftRun10722.p}
# - {CALIB_ID: 'raftName=RTM-025 detectorName=S12 detector=185 calibDate=1970-01-01T00:00:00 ccd=185 ccdnum=185 filter=None'}
# - {DATE: '2020-01-13T16:41:36.497210'}
# - {CALIB_CREATION_DATE: '2020-01-13'}
# - {CALIB_CREATION_TIME: '16:41:36'}
# - __serialized_columns__:
#     efficiency:
#       __class__: astropy.units.quantity.Quantity
#       unit: !astropy.units.Unit {unit: '%'}
#       value: !astropy.table.SerializedColumn {name: efficiency}
#     wavelength:
#       __class__: astropy.units.quantity.Quantity
#       unit: !astropy.units.Unit {unit: nm}
#       value: !astropy.table.SerializedColumn {name: wavelength}
# schema: astropy-2.0
amp_name wavelength efficiency
C13 349.982 75.94823
C13 450.035 87.98769
C13 500.018 92.22431
C13 619.997 97.97359
C13 750.022 97.68821
C13 869.967 89.91043
C13 999.976 26.369957
C16 349.982 75.02801
C16 450.035 88.01007
C16 500.018 92.34176
C16 619.997 98.21146
C16 750.022 97.67688
C16 869.967 89.82697
C16 999.976 26.613785
C02 349.982 73.04145
C02 450.035 87.57237
C02 500.018 92.10354
C02 619.997 98.08111
C02 750.022 97.63289
C02 869.967 89.761826
C02 999.976 26.422947
C12 349.982 76.14857
C12 450.035 88.09136
C12 500.018 92.34379
C12 619.997 98.06119
C12 750.022 97.806
C12 869.967 90.01728
C12 999.976 26.324717
C00 349.982 72.23366
C00 450.035 87.39025
C00 500.018 92.008194
C00 619.997 98.03196
C00 750.022 97.37188
C00 869.967 89.41347
C00 999.976 26.349827
C06 349.982 74.79664
C06 450.035 87.86798
C06 500.018 92.256134
C06 619.997 98.029495
C06 750.022 97.75053
C06 869.967 90.15703
C06 999.976 26.644253
C04 349.982 74.027916
C04 450.035 87.67028
C04 500.018 92.09502
C04 619.997 97.98799
C04 750.022 97.73221
C04 869.967 90.02309
C04 999.976 26.542564
C15 349.982 75.30607
C15 450.035 88.03544
C15 500.018 92.32203
C15 619.997 98.17053
C15 750.022 97.73655
C15 869.967 89.96113
C15 999.976 26.55841
C03 349.982 73.77415
C03 450.035 87.757095
C03 500.018 92.22827
C03 619.997 98.15294
C03 750.022 97.79627
C03 869.967 90.00491
C03 999.976 26.487083
C05 349.982 74.237236
C05 450.035 87.69335
C05 500.018 92.11413
C05 619.997 97.93473
C05 750.022 97.681816
C05 869.967 90.03178
C05 999.976 26.570581
C14 349.982 75.72868
C14 450.035 88.01432
C14 500.018 92.263176
C14 619.997 98.05673
C14 750.022 97.70154
C14 869.967 89.95077
C14 999.976 26.48695
C17 349.982 74.69229
C17 450.035 87.89918
C17 500.018 92.247444
C17 619.997 98.14041
C17 750.022 97.50816
C17 869.967 89.62781
C17 999.976 26.59703
C10 349.982 76.83625
C10 450.035 88.095436
C10 500.018 92.27918
C10 619.997 97.92234
C10 750.022 97.53336
C10 869.967 89.8065
C10 999.976 26.48198
C11 349.982 76.46452
C11 450.035 88.00409
C11 500.018 92.21482
C11 619.997 97.874855
C11 750.022 97.59898
C11 869.967 89.84418
C11 999.976 26.352932
C01 349.982 72.470345
C01 450.035 87.183716
C01 500.018 91.73668
C01 619.997 97.702705
C01 750.022 97.13564
C01 869.967 89.23496
C01 999.976 26.336226
C07 349.982 75.094635
C07 450.035 87.89327
C07 500.018 92.25873
C07 619.997 98.00384
C07 750.022 97.61013
C07 869.967 90.008286
C07 999.976 26.626411
