lsstCam/transmission_filter_detector/r02_s22/i_39/19700101T000000.ecsv
# %ECSV 1.0
# ---
# datatype:
# - {name: wavelength, unit: nm, datatype: float32}
# - {name: efficiency, unit: '%', datatype: float64}
# meta: !!omap
# - {MODE: DETECTOR}
# - {TYPE: transmission_filter_detector}
# - {CALIBDATE: '1970-01-01T00:00:00'}
# - {INSTRUME: LSSTCam}
# - {OBSTYPE: transmission_filter_detector}
# - {CALIBCLS: lsst.ip.isr.IntermediateFilterDetectorTransmissionCurve}
# - {SOURCE: Materion (DM-46256)}
# - {DETECTOR: 17}
# - {FILTER: i_39}
# - {CALIB_ID: 'calibDate=1970-01-01T00:00:00 filter=i_39 detector=17'}
# - {DATE: '2025-04-02T15:59:46.557830'}
# - {CALIB_CREATION_DATE: '2025-04-02'}
# - {CALIB_CREATION_TIME: '15:59:46'}
# - __serialized_columns__:
#     efficiency:
#       __class__: astropy.units.quantity.Quantity
#       unit: !astropy.units.Unit {unit: '%'}
#       value: !astropy.table.SerializedColumn {name: efficiency}
#     wavelength:
#       __class__: astropy.units.quantity.Quantity
#       unit: !astropy.units.Unit {unit: nm}
#       value: !astropy.table.SerializedColumn {name: wavelength}
# schema: astropy-2.0
wavelength efficiency
[from data line 596]
896.0 1.6140747592652271e-10
897.0 1.6140747592652271e-10
898.0 1.6140747592652271e-10
899.0 1.6140747592652271e-10
900.0 1.6140747592652271e-10
901.0 1.6140747592652271e-10
902.0 1.6140747592652271e-10
903.0 1.6140747592652271e-10
904.0 1.6140747592652271e-10
905.0 1.6140747592652271e-10
906.0 1.6140747592652271e-10
907.0 3.089863014338334e-05
908.0 0.0002107308091581217
909.0 1.6140747592652271e-10
910.0 1.6140747592652271e-10
911.0 1.6140747592652271e-10
912.0 9.686091289040633e-05
913.0 0.00011415907010814408
914.0 0.00013145727280061692
915.0 1.6140747592652271e-10
916.0 1.6140747592652271e-10
917.0 1.6140747592652271e-10
918.0 1.6140747592652271e-10
919.0 1.6140747592652271e-10
920.0 1.6140747592652271e-10
921.0 1.6140747592652271e-10
922.0 4.480045223687057e-07
923.0 1.6140747592652271e-10
924.0 1.6140747592652271e-10
925.0 5.823251285619335e-05
926.0 0.00030277203677542275
927.0 5.1629871222758084e-05
928.0 1.6140747592652271e-10
929.0 1.6140747592652271e-10
930.0 5.291702223075845e-05
931.0 8.630498200545844e-05
932.0 0.00011969292472713278
933.0 0.0001609315177120152
934.0 0.00020217012206558138
935.0 1.6140747592652271e-10
936.0 1.6140747592652271e-10
937.0 1.6140747592652271e-10
938.0 1.6140747592652271e-10
939.0 1.6140747592652271e-10
940.0 1.6140747592652271e-10
941.0 1.6140747592652271e-10
942.0 2.4382970309488883e-05
943.0 1.6140747592652271e-10
944.0 1.6140747592652271e-10
945.0 1.6140747592652271e-10
946.0 1.6140747592652271e-10
947.0 1.6140747592652271e-10
948.0 1.6140747592652271e-10
949.0 1.6140747592652271e-10
950.0 1.6140747592652271e-10
951.0 1.6140747592652271e-10
952.0 1.6140747592652271e-10
953.0 1.6140747592652271e-10
954.0 1.6140747592652271e-10
955.0 0.0001427261622666265
956.0 0.00032972304779832484
957.0 0.0002638265641508042
958.0 0.00019793003502854845
959.0 0.00023781949494150467
960.0 0.00027770893211709335
961.0 0.0002072571533062728
962.0 0.0001368053176520334
963.0 2.42994701693533e-05
964.0 1.6140747592652271e-10
965.0 1.6140747592652271e-10
966.0 1.6140747592652271e-10
967.0 1.6140747592652271e-10
968.0 1.6140747592652271e-10
969.0 1.2761471168687422e-05
970.0 0.00011788715710281394
971.0 1.0507364578415945e-05
972.0 1.6140747592652271e-10
973.0 1.6140747592652271e-10
974.0 1.6140747592652271e-10
975.0 1.6140747592652271e-10
976.0 1.9183485733265115e-05
977.0 1.6140747592652271e-10
978.0 1.6140747592652271e-10
979.0 1.6140747592652271e-10
980.0 1.6140747592652271e-10
981.0 1.6140747592652271e-10
982.0 1.6140747592652271e-10
983.0 1.6140747592652271e-10
984.0 1.6140747592652271e-10
985.0 8.105663482638192e-05
986.0 0.000244532907345274
987.0 5.424229243544687e-05
988.0 1.6140747592652271e-10
989.0 1.6140747592652271e-10
990.0 1.6140747592652271e-10
991.0 1.6140747592652271e-10
992.0 1.6140747592652271e-10
993.0 1.6140747592652271e-10
994.0 5.298689416122215e-05
995.0 1.6140747592652271e-10
996.0 1.6140747592652271e-10
997.0 7.307410214707488e-05
998.0 0.00029676584745175205
999.0 0.00041339549170515966
1000.0 0.0005300250904838322
1001.0 0.0002710781473069801
1002.0 1.2131121707170678e-05
1003.0 8.651648499835574e-05
1004.0 0.00016090189092210494
1005.0 1.6140747592652271e-10
1006.0 1.6140747592652271e-10
1007.0 1.6140747592652271e-10
1008.0 9.812363259698031e-05
1009.0 6.803365977248177e-05
1010.0 3.7943632946735306e-05
1011.0 0.0001746887051012891
1012.0 0.0003114337459919625
1013.0 0.000475945080324891
1014.0 0.0006404564373951871
1015.0 0.0005356731435313122
1016.0 0.00043088998609164264
1017.0 0.00043910008571401704
1018.0 0.0004473103672353318
1019.0 0.0002861586608560174
1020.0 0.00012500686352723278
1021.0 0.00015004371789473225
1022.0 0.00017508054952486418
1023.0 0.000529321687281481
1024.0 0.000883562915987568
1025.0 0.0007097021352819866
1026.0 0.00053584130910167
1027.0 0.0004847184754908085
1028.0 0.0004335956418799469
1029.0 0.0008695792530488688
1030.0 0.001305563000641996
1031.0 0.0018766060748021118
1032.0 0.002447648876113817
1033.0 0.002503865471226163
1034.0 0.002560081338742748
1035.0 0.0030816347134532407
1036.0 0.0036031877243658528
1037.0 0.0037213518226053566
1038.0 0.0038395155570469797
1039.0 0.003192653093719855
1040.0 0.0025457911760895513
1041.0 0.002177748319809325
1042.0 0.0018097054635290988
1043.0 0.002684253195184283
1044.0 0.003558800744940527
1045.0 0.0036135883419774473
1046.0 0.0036683763028122485
1047.0 0.0032408508559456095
1048.0 0.0028133254090789706
1049.0 0.0025730274501256645
1050.0 0.0023327296730712987
1051.0 0.0024320101147168316
1052.0 0.002531290738261305
1053.0 0.001705367503745947
1054.0 0.0008794445420789998
1055.0 0.0008369703209609725
1056.0 0.0007944960088934749
1057.0 0.0008327262548846193
1058.0 0.0008709565918252338
1059.0 0.0009033306923811324
1060.0 0.0009357051567349117
1061.0 0.0018708829884417355
1062.0 0.0028060603654012084
1063.0 0.003142283094348386
1064.0 0.003478506187093444
1065.0 0.0034646232961677015
1066.0 0.003450740405241959
1067.0 0.0043754480429925025
1068.0 0.005300155680743046
1069.0 0.0041456161852693185
1070.0 0.0029910768716945313
1071.0 0.0026886267733061686
1072.0 0.0023861763111199252
1073.0 0.002357639095862396
1074.0 0.0023291016987059265
1075.0 0.0030311657610582188
1076.0 0.0037332294596126303
1077.0 0.0029137312594684772
1078.0 0.0020942326955264434
1079.0 0.0021588262825389393
1080.0 0.002223419869551435
1081.0 0.0016981352018774487
1082.0 0.001172850352304522
1083.0 0.0005461198270495515
1084.0 1.6140747592652271e-10
1085.0 0.0005227522251516348
1086.0 0.0011261156942055095
1087.0 0.0011350490240147337
1088.0 0.0011439824447734281
1089.0 1.6140747592652271e-10
1090.0 1.6140747592652271e-10
1091.0 1.6140747592652271e-10
1092.0 1.6140747592652271e-10
1093.0 1.6140747592652271e-10
1094.0 0.00041289245018560905
1095.0 0.0004519357844401384
1096.0 0.0004909792096441379
1097.0 1.6140747592652271e-10
1098.0 1.6140747592652271e-10
1099.0 1.6140747592652271e-10
1100.0 0.0011308193279546686
