lsstCam/transmission_filter_detector/r02_s22/i_39/19700101T000000.ecsv
# %ECSV 1.0
# ---
# datatype:
# - {name: wavelength, unit: nm, datatype: float32}
# - {name: efficiency, unit: '%', datatype: float64}
# meta: !!omap
# - {MODE: DETECTOR}
# - {TYPE: transmission_filter_detector}
# - {CALIBDATE: '1970-01-01T00:00:00'}
# - {INSTRUME: LSSTCam}
# - {OBSTYPE: transmission_filter_detector}
# - {CALIBCLS: lsst.ip.isr.IntermediateFilterDetectorTransmissionCurve}
# - {SOURCE: Materion (DM-46256)}
# - {DETECTOR: 17}
# - {FILTER: i_39}
# - {CALIB_ID: 'calibDate=1970-01-01T00:00:00 filter=i_39 detector=17'}
# - {DATE: '2025-04-02T15:59:46.557830'}
# - {CALIB_CREATION_DATE: '2025-04-02'}
# - {CALIB_CREATION_TIME: '15:59:46'}
# - __serialized_columns__:
#     efficiency:
#       __class__: astropy.units.quantity.Quantity
#       unit: !astropy.units.Unit {unit: '%'}
#       value: !astropy.table.SerializedColumn {name: efficiency}
#     wavelength:
#       __class__: astropy.units.quantity.Quantity
#       unit: !astropy.units.Unit {unit: nm}
#       value: !astropy.table.SerializedColumn {name: wavelength}
# schema: astropy-2.0
wavelength efficiency
300.0 0.07379861199297011
301.0 0.032530087628401816
302.0 1.6140747592652271e-10
303.0 0.011574141535675153
304.0 0.03188670089002699
305.0 0.03113203856628388
306.0 0.030377379152923822
307.0 0.010784118057927117
308.0 1.6140747592652271e-10
309.0 1.6140747592652271e-10
310.0 1.6140747592652271e-10
311.0 1.6140747592652271e-10
312.0 0.00037965955925756134
313.0 1.6140747592652271e-10
314.0 1.6140747592652271e-10
315.0 1.6140747592652271e-10
316.0 1.6140747592652271e-10
317.0 1.6140747592652271e-10
318.0 1.6140747592652271e-10
319.0 1.6140747592652271e-10
320.0 1.6140747592652271e-10
321.0 1.6140747592652271e-10
322.0 0.0001230311454492039
323.0 1.6140747592652271e-10
324.0 1.6140747592652271e-10
325.0 1.6140747592652271e-10
326.0 1.6140747592652271e-10
327.0 0.00035530911191017367
328.0 0.0031964929803507403
329.0 0.0028316380848991685
330.0 0.0024667835532454774
331.0 0.0009097039765038062
332.0 1.6140747592652271e-10
333.0 0.0006818667770858156
334.0 0.0020111083358642645
335.0 0.0007322338205995038
336.0 1.6140747592652271e-10
337.0 0.0005597566087089945
338.0 0.0016661531844874844
339.0 0.0021190004190430045
340.0 0.0025718480173964053
341.0 1.6140747592652271e-10
342.0 1.6140747592652271e-10
343.0 1.6140747592652271e-10
344.0 1.6140747592652271e-10
345.0 1.6140747592652271e-10
346.0 1.6140747592652271e-10
347.0 1.6140747592652271e-10
348.0 1.6140747592652271e-10
349.0 1.6140747592652271e-10
350.0 1.6140747592652271e-10
351.0 1.6140747592652271e-10
352.0 1.6140747592652271e-10
353.0 1.6140747592652271e-10
354.0 1.6140747592652271e-10
355.0 1.6140747592652271e-10
356.0 1.6140747592652271e-10
357.0 0.0005483150289364858
358.0 0.0011191839803359471
359.0 0.0008943665307015181
360.0 0.0006695485353702679
361.0 0.0006989459507167339
362.0 0.0007283435024874052
363.0 0.0003875509264616994
364.0 4.675861760006228e-05
365.0 0.0010176023351959884
366.0 0.001988446638279129
367.0 0.0014189314242685214
368.0 0.0008494163012073841
369.0 0.001052235620591091
370.0 0.0012550551218737382
371.0 0.000801175156084355
372.0 0.00034729516755760415
373.0 0.0005758355655416381
374.0 0.0008043758498388343
375.0 0.0003700818979268661
376.0 1.6140747592652271e-10
377.0 3.8082617948020925e-05
378.0 0.00014037769915375975
379.0 1.6140747592652271e-10
380.0 1.6140747592652271e-10
381.0 1.6140747592652271e-10
382.0 1.6140747592652271e-10
383.0 0.0004275770152162295
384.0 0.0017359503544867039
385.0 0.001411682660545921
386.0 0.0010874146937567275
387.0 1.6140747592652271e-10
388.0 1.6140747592652271e-10
389.0 1.6140747592652271e-10
390.0 1.6140747592652271e-10
391.0 1.6140747592652271e-10
392.0 1.6140747592652271e-10
393.0 1.6140747592652271e-10
394.0 0.0005889341537113069
395.0 1.6140747592652271e-10
396.0 1.6140747592652271e-10
397.0 1.6140747592652271e-10
398.0 1.6140747592652271e-10
399.0 1.6140747592652271e-10
400.0 1.6140747592652271e-10
401.0 1.6140747592652271e-10
402.0 1.6140747592652271e-10
403.0 0.0013886282431485597
404.0 0.0029945607820991427
405.0 0.004472321597859263
406.0 0.005950082413619384
407.0 0.0030504734240821563
408.0 0.00015086192206581472
409.0 0.00033650874229351757
410.0 0.0005221534138399875
411.0 0.0020684292394435033
412.0 0.003614705929066986
413.0 0.004532778984867036
414.0 0.00545085349585861
415.0 0.004682386861531995
416.0 0.003913920227205381
417.0 0.0022631404135609046
418.0 0.0006123602361185476
419.0 0.0023821063223294914
420.0 0.004151852044742554
421.0 0.0034721997508313507
422.0 0.0027925467293243855
423.0 0.0033709671697579324
424.0 0.003949387610191479
425.0 0.0031934079743223265
426.0 0.0024374277927563526
427.0 0.0038415295421145856
428.0 0.00524563183716964
429.0 0.005531817441806197
430.0 0.005818004137836397
431.0 0.004570561213768087
432.0 0.0033231190172955394
433.0 0.0035742894397117198
434.0 0.0038254605897236615
435.0 0.0030374892958207056
436.0 0.002249517638119869
437.0 0.0022078465917729773
438.0 0.0021661753635271452
439.0 0.0022481683117803186
440.0 0.0023301614419324324
441.0 0.0009092083928408101
442.0 1.6140747592652271e-10
443.0 1.6140747592652271e-10
444.0 1.6140747592652271e-10
445.0 1.6140747592652271e-10
446.0 1.6140747592652271e-10
447.0 1.6140747592652271e-10
448.0 0.00036963849652238423
449.0 1.6140747592652271e-10
450.0 1.6140747592652271e-10
451.0 0.00032613827443128685
452.0 0.0012365605471131857
453.0 0.0017705395293887705
454.0 0.002304518966411706
455.0 0.002164600846299436
456.0 0.002024682726187166
457.0 0.0014036129869055003
458.0 0.0007825431566743646
459.0 0.00034378740565443877
460.0 1.6140747592652271e-10
461.0 0.00019101107682217844
462.0 0.0004769905899593141
463.0 0.00010482121979293879
464.0 1.6140747592652271e-10
465.0 8.563898177271767e-05
466.0 0.0004386260116007179
467.0 0.0007355356501648203
468.0 0.0010324452887289226
469.0 0.0005625765425065765
470.0 9.27078872337006e-05
471.0 0.0004957399596605683
472.0 0.000898772032087436
473.0 0.0010070464668388013
474.0 0.0011153211744385771
475.0 0.0007309867214644328
476.0 0.00034665258681343403
477.0 0.0006678913905489026
478.0 0.0009891302397591062
479.0 0.0010366714377596509
480.0 0.001084212817659136
481.0 0.0025764784368220717
482.0 0.004068742418894544
483.0 0.005413373219198547
484.0 0.006758003291906789
485.0 0.007350237137870863
486.0 0.007942470983834937
487.0 0.011057002120651305
488.0 0.014171533985063434
489.0 0.017228128854185343
490.0 0.020284723723307252
491.0 0.022301997523754835
492.0 0.02431927277939394
493.0 0.02591761585790664
494.0 0.02751596039161086
495.0 0.02488352474756539
496.0 0.022251084737945348
497.0 0.018257983902003616
498.0 0.014264881610870361
499.0 0.01023108561639674
500.0 0.006197291804710403
501.0 0.004565266135614365
502.0 0.002933241194114089
503.0 0.002519615190976765
504.0 0.002105989187839441
505.0 0.0018602786440169439
506.0 0.0016145684639923275
507.0 0.0016280671843560413
508.0 0.001641565359022934
509.0 0.0020167064576526172
510.0 0.002391847738181241
511.0 0.0017920548998517916
512.0 0.001192261970572872
513.0 0.0014852625099592842
514.0 0.0017782627764972858
515.0 0.002357171797484625
516.0 0.0029360808184719644
517.0 0.0024334613044629805
518.0 0.0019308417904539965
519.0 0.002006326394621283
520.0 0.0020818108168896288
521.0 0.0016948242773651145
522.0 0.0013078377378406003
523.0 0.0014186021871864796
524.0 0.0015293668184312992
525.0 0.0018895265384344384
526.0 0.0022496860765386373
527.0 0.0024266128093586303
528.0 0.0026035397240775637
529.0 0.001970630000869278
530.0 0.0013377201867115218
531.0 0.0013479384506354108
532.0 0.00135815680550877
533.0 0.001478253398090601
534.0 0.0015983501725713722
535.0 0.0016137359125423245
536.0 0.0016291214706143364
537.0 0.002242986192868557
538.0 0.0028568505513248965
539.0 0.0035929744626628235
540.0 0.004329098737798631
541.0 0.005069093094789423
542.0 0.005809087815578096
543.0 0.005215722194407135
544.0 0.004622356573236175
545.0 0.003733061021193862
546.0 0.00284376601484837
547.0 0.002289503208885435
548.0 0.0017352405848214403
549.0 0.0019016140868188813
550.0 0.0020679877707152627
551.0 0.0017475216736784205
552.0 0.0014270555766415782
553.0 0.001524057279311819
554.0 0.0016210589819820598
555.0 0.0011985051969531924
556.0 0.0007759513209748548
557.0 0.0006816814675403293
558.0 0.000587411659580539
559.0 0.00018153319842895144
560.0 1.6140747592652271e-10
561.0 0.0006045231657481054
562.0 0.0014333917533804197
563.0 0.0015967636500135995
564.0 0.00176013581949519
565.0 0.001371470898448024
566.0 0.0009828063411987387
567.0 0.0008023020200198516
568.0 0.0006217976988409646
569.0 0.0006064918579795631
570.0 0.0005911857897444861
571.0 0.0004454222107597161
572.0 0.00029965865451231366
573.0 0.0004575516413751757
574.0 0.0006154447419248754
575.0 0.0005307227638695622
576.0 0.0004460005584405735
577.0 0.0005852020422025817
578.0 0.0007244035259645898
579.0 0.0003301282504253322
580.0 1.6140747592652271e-10
581.0 9.894588401948567e-05
582.0 0.0002620387931528967
583.0 0.00040710874600335956
584.0 0.0005521786079043522
585.0 0.0007139604349504225
586.0 0.0008757423529459629
587.0 0.0009043914360518102
588.0 0.0009330404282081872
589.0 0.0008003211405593902
590.0 0.0006676018983853282
591.0 0.0007250358521559974
592.0 0.000782470033300342
593.0 0.0005153307029104326
594.0 0.00024819132704578806
595.0 0.0005922863238083664
596.0 0.0009363812750962097
597.0 0.0007497089882235741
598.0 0.0005630368377751438
599.0 0.0005790336217614822
600.0 0.0005950302238488803
601.0 0.0005040860287408577
602.0 0.0004131417881581001
603.0 0.0002833602138707647
604.0 0.00015357845768448897
605.0 0.0001941319396792096
606.0 0.0002346853989365627
607.0 0.0004198474471195368
608.0 0.0006050093816156732
609.0 0.0005320798663888127
610.0 0.0004591501237882767
611.0 0.0006843094070063671
612.0 0.0009094687811739277
613.0 0.000632790761301294
614.0 0.00035611280964076286
615.0 1.6140747592652271e-10
616.0 1.6140747592652271e-10
617.0 1.6140747592652271e-10
618.0 0.00012756240721500944
619.0 0.00023969432731973939
620.0 0.00035182631563657196
621.0 0.000465364655610756
622.0 0.0005789029728475725
623.0 0.0005411631263996242
624.0 0.000503423370901146
625.0 0.0004458044259081362
626.0 0.0003881854809151264
627.0 0.00032438076686958084
628.0 0.0002605760528240353
629.0 0.0004022059783892473
630.0 0.0005438359494291944
631.0 0.0004975454885425279
632.0 0.00045125502765586134
633.0 0.00051436750254652
634.0 0.0005774799774371786
635.0 0.0005135539595357841
636.0 0.0004496278052101843
637.0 0.0004440765223989729
638.0 0.000438525012214086
639.0 0.0007256264325405937
640.0 0.001012727716442896
641.0 0.0006734903308824869
642.0 0.00033425296805944527
643.0 0.0005647952093568165
644.0 0.0007953374733915552
645.0 0.0006663200110779144
646.0 0.0005373026851884788
647.0 0.0007131549409677973
648.0 0.0008890076060197316
649.0 0.0007996206477400847
650.0 0.0007102337349351728
651.0 0.0008998470548249315
652.0 0.0010894604201894253
653.0 0.0012610501471499447
654.0 0.0014326396922115237
655.0 0.0020686211428255774
656.0 0.002704602411540691
657.0 0.0035803677747026086
658.0 0.004456131864571944
659.0 0.007157964137149975
660.0 0.03495241398923099
661.0 0.10395551798865199
662.0 0.11888148728758097
663.0 0.09777160594239831
664.0 0.1391077763400972
665.0 0.13555488549172878
666.0 0.1408527372404933
667.0 0.16373454127460718
668.0 0.20051444880664349
669.0 0.2629468683153391
670.0 0.3935071174055338
671.0 0.6012942176312208
672.0 0.861653033643961
673.0 1.4199414290487766
674.0 2.1855078637599945
675.0 3.0823683366179466
676.0 4.208263009786606
677.0 5.476992577314377
678.0 6.8231359124183655
679.0 8.215371519327164
680.0 10.128401964902878
681.0 12.254206091165543
682.0 14.78128582239151
683.0 17.47199296951294
684.0 20.52273601293564
685.0 23.42718541622162
686.0 26.347044110298157
687.0 29.610666632652283
688.0 32.838210463523865
689.0 36.227619647979736
690.0 40.09482264518738
691.0 44.33576464653015
692.0 49.32056963443756
693.0 54.63729500770569
694.0 60.570478439331055
695.0 66.27330780029297
696.0 72.55186438560486
697.0 78.10569405555725
698.0 83.91695618629456
699.0 88.26755881309509
700.0 91.64807796478271
701.0 94.22529935836792
702.0 96.01564407348633
703.0 96.91954851150513
704.0 97.30867147445679
705.0 97.6957380771637
706.0 97.67727255821228
707.0 97.7742612361908
708.0 97.85314798355103
709.0 97.89923429489136
710.0 97.68345952033997
711.0 97.93000817298889
712.0 97.85559177398682
713.0 97.8685200214386
714.0 97.94382452964783
715.0 97.98450469970703
716.0 97.87059426307678
717.0 98.07454943656921
718.0 98.14050197601318
719.0 98.11280965805054
720.0 98.38838577270508
721.0 98.27438592910767
722.0 97.96342849731445
723.0 97.74877429008484
724.0 97.42186665534973
725.0 97.12598919868469
726.0 96.83088660240173
727.0 96.61327600479126
728.0 96.3701605796814
729.0 96.25648856163025
730.0 96.18247151374817
731.0 96.25933766365051
732.0 96.25799059867859
733.0 96.51544690132141
734.0 96.90936207771301
735.0 97.11194038391113
736.0 97.43393063545227
737.0 97.87219762802124
738.0 98.11341166496277
739.0 98.46705198287964
740.0 98.56470227241516
741.0 98.48707318305969
742.0 98.74086380004883
743.0 98.5766053199768
744.0 98.40720891952515
745.0 98.49560856819153
746.0 98.42750430107117
747.0 98.68009090423584
748.0 98.52355122566223
749.0 98.46727848052979
750.0 98.43669533729553
751.0 98.3274519443512
752.0 98.26623201370239
753.0 98.45012426376343
754.0 98.3199954032898
755.0 98.42450022697449
756.0 98.49779605865479
757.0 98.52718710899353
758.0 98.65769147872925
759.0 98.73871207237244
760.0 98.58903288841248
761.0 98.51729273796082
762.0 98.62528443336487
763.0 98.56565594673157
764.0 98.44290614128113
765.0 98.38472604751587
766.0 98.45297932624817
767.0 98.25010895729065
768.0 98.28159213066101
769.0 98.25312495231628
770.0 98.02260398864746
771.0 98.03443551063538
772.0 98.05035591125488
773.0 97.984778881073
774.0 97.75802493095398
775.0 97.78740406036377
776.0 97.78884053230286
777.0 97.77423739433289
778.0 97.7790355682373
779.0 97.89161682128906
780.0 97.82432913780212
781.0 98.15312027931213
782.0 97.99987077713013
783.0 98.2347846031189
784.0 98.19297790527344
785.0 98.28514456748962
786.0 98.3651340007782
787.0 98.14316630363464
788.0 98.20327162742615
789.0 98.35175275802612
790.0 98.32599759101868
791.0 98.31473231315613
792.0 98.10928106307983
793.0 98.05150628089905
794.0 97.96318411827087
795.0 97.88281321525574
796.0 97.95315861701965
797.0 97.91831970214844
798.0 97.78433442115784
799.0 97.7398693561554
800.0 97.52448797225952
801.0 97.540682554245
802.0 97.47424125671387
803.0 97.21208810806274
804.0 96.95683121681213
805.0 96.43384218215942
806.0 95.98795175552368
807.0 95.05978226661682
808.0 93.85022521018982
809.0 92.51664876937866
810.0 91.00065231323242
811.0 88.92987370491028
812.0 86.42324209213257
813.0 83.61338376998901
814.0 80.20887970924377
815.0 76.38946175575256
816.0 72.49605655670166
817.0 67.99255013465881
818.0 63.01729083061218
819.0 58.67975950241089
820.0 53.76570224761963
821.0 49.318379163742065
822.0 45.00474035739899
823.0 40.41846692562103
824.0 35.85444390773773
825.0 31.617966294288635
826.0 27.170422673225403
827.0 22.625906765460968
828.0 18.47599446773529
829.0 14.491462707519531
830.0 10.552237182855606
831.0 7.638959586620331
832.0 5.035059526562691
833.0 3.130451962351799
834.0 1.8821096047759056
835.0 1.1410939507186413
836.0 0.6431331392377615
837.0 0.4045551177114248
838.0 0.19905436784029007
839.0 0.14089025789871812
840.0 0.06075360579416156
841.0 0.04504563403315842
842.0 1.6140747592652271e-10
843.0 1.6140747592652271e-10
844.0 1.6140747592652271e-10
845.0 1.6140747592652271e-10
846.0 1.6140747592652271e-10
847.0 1.6140747592652271e-10
848.0 1.6140747592652271e-10
849.0 1.6140747592652271e-10
850.0 0.004640077168005519
851.0 1.6140747592652271e-10
852.0 0.0007321873454202432
853.0 0.0007931595064292196
854.0 0.0008541319402866066
855.0 0.0008536746463505551
856.0 0.0008532174433639739
857.0 0.0009020318429975305
858.0 0.0009508458788332064
859.0 0.0005322513061400969
860.0 0.00011365659702278208
861.0 0.00023562502065033186
862.0 0.0003575933305910439
863.0 0.0001429402345820563
864.0 1.6140747592652271e-10
865.0 4.7622911836242565e-06
866.0 8.123732868625666e-05
867.0 0.00012427187812136253
868.0 0.00016730635934436577
869.0 1.0883683643214681e-05
870.0 1.6140747592652271e-10
871.0 4.081913971276663e-05
872.0 0.00022717729279975174
873.0 0.00021816538264829433
874.0 0.0002091534724968369
875.0 0.0001631455120332248
876.0 0.00011713760841303156
877.0 1.6140747592652271e-10
878.0 1.6140747592652271e-10
879.0 1.6140747592652271e-10
880.0 0.00037503541534533724
881.0 0.00020340385162853636
882.0 3.177231064910302e-05
883.0 0.00019510321180860046
884.0 0.00035843413570546545
885.0 0.0001516483962404891
886.0 1.6140747592652271e-10
887.0 7.95675646259042e-05
888.0 0.00021427247247629566
889.0 7.41431165351969e-05
890.0 1.6140747592652271e-10
891.0 7.383385991488467e-05
892.0 0.00021365390239225235
893.0 0.00026128082026843913
894.0 0.0003089077381446259
