ts8/transmission_sensor/rtm-020_s12/19700101T000000.ecsv
# %ECSV 0.9
# ---
# datatype:
# - {name: amp_name, datatype: string}
# - {name: wavelength, unit: nm, datatype: float32}
# - {name: efficiency, unit: '%', datatype: float32}
# meta: !!omap
# - {MODE: AMP}
# - {TYPE: transmission_sensor}
# - {CALIBDATE: '1970-01-01T00:00:00'}
# - {INSTRUME: TS8}
# - {OBSTYPE: transmission_sensor}
# - {DETECTOR: 149}
# - {CALIBCLS: lsst.ip.isr.IntermediateSensorTransmissionCurve}
# - {PICKLEFILE: RaftRun10669.p}
# - {CALIB_ID: 'raftName=RTM-020 detectorName=S12 detector=149 calibDate=1970-01-01T00:00:00 ccd=149 ccdnum=149 filter=None'}
# - {DATE: '2020-07-23T19:15:29.740122'}
# - {CALIB_CREATION_DATE: '2020-07-23'}
# - {CALIB_CREATION_TIME: '19:15:29'}
# - __serialized_columns__:
#     efficiency:
#       __class__: astropy.units.quantity.Quantity
#       unit: !astropy.units.Unit {unit: '%'}
#       value: !astropy.table.SerializedColumn {name: efficiency}
#     wavelength:
#       __class__: astropy.units.quantity.Quantity
#       unit: !astropy.units.Unit {unit: nm}
#       value: !astropy.table.SerializedColumn {name: wavelength}
# schema: astropy-2.0
amp_name wavelength efficiency
C17 349.982 73.766945
C17 450.035 87.93258
C17 500.018 92.53356
C17 619.997 97.87929
C17 750.022 97.04863
C17 869.967 90.21643
C17 999.976 26.848585
C13 349.982 72.09377
C13 450.035 87.41301
C13 500.018 92.12378
C13 619.997 97.60932
C13 750.022 96.77117
C13 869.967 89.70508
C13 999.976 26.403608
C10 349.982 71.43116
C10 450.035 87.96726
C10 500.018 92.844444
C10 619.997 98.493996
C10 750.022 97.374084
C10 869.967 89.96241
C10 999.976 26.453037
C02 349.982 74.094475
C02 450.035 88.100174
C02 500.018 92.641045
C02 619.997 98.04937
C02 750.022 97.11406
C02 869.967 89.849495
C02 999.976 26.336348
C00 349.982 73.50902
C00 450.035 88.11603
C00 500.018 92.721985
C00 619.997 98.20758
C00 750.022 97.091705
C00 869.967 89.6172
C00 999.976 26.319761
C11 349.982 71.915474
C11 450.035 88.128654
C11 500.018 92.9576
C11 619.997 98.57704
C11 750.022 97.54382
C11 869.967 90.23276
C11 999.976 26.544409
C05 349.982 74.7982
C05 450.035 87.98229
C05 500.018 92.421196
C05 619.997 97.75021
C05 750.022 97.07997
C05 869.967 89.94924
C05 999.976 26.431156
C06 349.982 75.0898
C06 450.035 87.98088
C06 500.018 92.39612
C06 619.997 97.690506
C06 750.022 97.009796
C06 869.967 89.966644
C06 999.976 26.575811
C14 349.982 72.692444
C14 450.035 87.77619
C14 500.018 92.46578
C14 619.997 97.93911
C14 750.022 97.19806
C14 869.967 90.13458
C14 999.976 26.532816
C04 349.982 74.51425
C04 450.035 87.976295
C04 500.018 92.44085
C04 619.997 97.80517
C04 750.022 97.08378
C04 869.967 89.926796
C04 999.976 26.335543
C03 349.982 73.98768
C03 450.035 87.62935
C03 500.018 92.1053
C03 619.997 97.46195
C03 750.022 96.6425
C03 869.967 89.51032
C03 999.976 26.208117
C01 349.982 74.119225
C01 450.035 88.48805
C01 500.018 93.10578
C01 619.997 98.53177
C01 750.022 97.50014
C01 869.967 90.104065
C01 999.976 26.42989
C16 349.982 73.38689
C16 450.035 87.87977
C16 500.018 92.50936
C16 619.997 97.90886
C16 750.022 97.214195
C16 869.967 90.36236
C16 999.976 26.749857
C07 349.982 75.73997
C07 450.035 88.39713
C07 500.018 92.81644
C07 619.997 98.07529
C07 750.022 97.251625
C07 869.967 90.242256
C07 999.976 26.714804
C15 349.982 72.95612
C15 450.035 87.67037
C15 500.018 92.31197
C15 619.997 97.73557
C15 750.022 97.05479
C15 869.967 90.12629
C15 999.976 26.59309
C12 349.982 72.05178
C12 450.035 87.77307
C12 500.018 92.54094
C12 619.997 98.08386
C12 750.022 97.145935
C12 869.967 89.98902
C12 999.976 26.50284
