lsstCam/transmission_filter_detector/r32_s01/g_6/19700101T000000.ecsv
# %ECSV 1.0
# ---
# datatype:
# - {name: wavelength, unit: nm, datatype: float32}
# - {name: efficiency, unit: '%', datatype: float64}
# meta: !!omap
# - {MODE: DETECTOR}
# - {TYPE: transmission_filter_detector}
# - {CALIBDATE: '1970-01-01T00:00:00'}
# - {INSTRUME: LSSTCam}
# - {OBSTYPE: transmission_filter_detector}
# - {CALIBCLS: lsst.ip.isr.IntermediateFilterDetectorTransmissionCurve}
# - {SOURCE: Materion (DM-46256)}
# - {DETECTOR: 136}
# - {FILTER: g_6}
# - {CALIB_ID: 'calibDate=1970-01-01T00:00:00 filter=g_6 detector=136'}
# - {DATE: '2025-04-02T15:59:42.657256'}
# - {CALIB_CREATION_DATE: '2025-04-02'}
# - {CALIB_CREATION_TIME: '15:59:42'}
# - __serialized_columns__:
#     efficiency:
#       __class__: astropy.units.quantity.Quantity
#       unit: !astropy.units.Unit {unit: '%'}
#       value: !astropy.table.SerializedColumn {name: efficiency}
#     wavelength:
#       __class__: astropy.units.quantity.Quantity
#       unit: !astropy.units.Unit {unit: nm}
#       value: !astropy.table.SerializedColumn {name: wavelength}
# schema: astropy-2.0
wavelength efficiency
[from data line 608]
908.0 0.0004544745934254024
909.0 0.0004453909241419751
910.0 0.00047273183554352727
911.0 0.0005000727469450794
912.0 0.00045651486288988963
913.0 0.00041295697883469984
914.0 0.0005124236395204207
915.0 0.0006118903002061415
916.0 0.0005022506229579449
917.0 0.00039261108213395346
918.0 0.0004892518973065307
919.0 0.000585892712479108
920.0 0.0005129731562192319
921.0 0.0004400535544846207
922.0 0.0004486413217819063
923.0 0.000457229134553927
924.0 0.00042382453102618456
925.0 0.0003904199274984421
926.0 0.0004284321676095715
927.0 0.00046644436224596575
928.0 0.0006198933533596573
929.0 0.0007733424354228191
930.0 0.000639453492112807
931.0 0.0005055645033280598
932.0 0.0005145318937138654
933.0 0.0005234993295744061
934.0 0.0005680005415342748
935.0 0.0006125017080194084
936.0 0.0005562615115195513
937.0 0.0005000214059691643
938.0 0.00043843160710821394
939.0 0.0003768420810956741
940.0 0.0005612749191641342
941.0 0.0007457077572325943
942.0 0.0008030189746932592
943.0 0.0008603301466791891
944.0 0.0008469534805044532
945.0 0.0008335767233802471
946.0 0.001057692315953318
947.0 0.001281807908526389
948.0 0.0009495841368334368
949.0 0.0006173603651404846
950.0 0.0007364506473095389
951.0 0.0008555409294785932
952.0 0.0009336884431832004
953.0 0.0010118359568878077
954.0 0.0011004317457263824
955.0 0.0011890273526660167
956.0 0.0010036218554887455
957.0 0.0008182164492609445
958.0 0.000734768082111259
959.0 0.0006513197604363086
960.0 0.0007235646990011446
961.0 0.0007958094101923052
962.0 0.0007412493687297683
963.0 0.0006866892363177612
964.0 0.000674624106977717
965.0 0.0006625587957387324
966.0 0.0006529895927087637
967.0 0.0006434202987293247
968.0 0.0006894002126500709
969.0 0.0007353801265708171
970.0 0.0007183709385572001
971.0 0.0007013617505435832
972.0 0.0007747229574306402
973.0 0.0008480840733682271
974.0 0.0008917428203858435
975.0 0.0009354015674034599
976.0 0.000895699758984847
977.0 0.0008559979505662341
978.0 0.0009435896572540514
979.0 0.0010311813639418688
980.0 0.001069767040462466
981.0 0.0011083528079325333
982.0 0.001157153383246623
983.0 0.0012059540495101828
984.0 0.001261619217984844
985.0 0.0013172842045605648
986.0 0.0013039546502113808
987.0 0.0012906249139632564
988.0 0.0012808121027774177
989.0 0.0012709991096926387
990.0 0.0013578441212303005
991.0 0.001444688950869022
992.0 0.0013261832464195322
993.0 0.0012076774510205723
994.0 0.0012767906810040586
995.0 0.001345904001937015
996.0 0.0013645967555930838
997.0 0.0013832893273502123
998.0 0.0012902542039228138
999.0 0.0011972193533438258
1000.0 0.0012439172678568866
1001.0 0.001290615000471007
1002.0 0.00136466151161585
1003.0 0.0014387081137101632
1004.0 0.0014212108908395749
1005.0 0.0014037136679689866
1006.0 0.0014705258763569873
1007.0 0.0015373379937955178
1008.0 0.0015637080650776625
1009.0 0.0015900785001576878
1010.0 0.0015844683730392717
1011.0 0.0015788586097187363
1012.0 0.0017195485270349309
1013.0 0.0018602382624521852
1014.0 0.0020885052435914986
1015.0 0.002316772224730812
1016.0 0.0024862756617949344
1017.0 0.002655778735061176
1018.0 0.002868873707484454
1019.0 0.0030819690437056124
1020.0 0.003407539043109864
1021.0 0.0037331090425141156
1022.0 0.0037859244912397116
1023.0 0.003838739576167427
1024.0 0.00409826789109502
1025.0 0.004357795842224732
1026.0 0.004570693999994546
1027.0 0.00478359215776436
1028.0 0.005045823854743503
1029.0 0.0053080559155205265
1030.0 0.005263290222501382
1031.0 0.005218524165684357
1032.0 0.00541879198863171
1033.0 0.0056190598115790635
1034.0 0.005686020085704513
1035.0 0.0057529799960320815
1036.0 0.005836346826981753
1037.0 0.005919713657931425
1038.0 0.00588633629377
1039.0 0.005852958929608576
1040.0 0.0060057533119106665
1041.0 0.006158548058010638
1042.0 0.006427439075196162
1043.0 0.006696330092381686
1044.0 0.007295527757378295
1045.0 0.007894726877566427
1046.0 0.008681808685651049
1047.0 0.00946888976613991
1048.0 0.010837545414688066
1049.0 0.012206201790831983
1050.0 0.014218493015505373
1051.0 0.016230784240178764
1052.0 0.01969720615306869
1053.0 0.023163629521150142
1054.0 0.02828165888786316
1055.0 0.033399686799384654
1056.0 0.0397057126974687
1057.0 0.0460117356851697
1058.0 0.0540419016033411
1059.0 0.06207206170074642
1060.0 0.07098574424162507
1061.0 0.07989942678250372
1062.0 0.08856108761392534
1063.0 0.09722273098304868
1064.0 0.10559662478044629
1065.0 0.11397049529477954
1066.0 0.1222521997988224
1067.0 0.13053392758592963
1068.0 0.13888207031413913
1069.0 0.147230236325413
1070.0 0.15609277179464698
1071.0 0.16495529562234879
1072.0 0.173222366720438
1073.0 0.18148943781852722
1074.0 0.19018864259123802
1075.0 0.19888784736394882
1076.0 0.2090323017910123
1077.0 0.21917675621807575
1078.0 0.22952756844460964
1079.0 0.23987838067114353
1080.0 0.2552432008087635
1081.0 0.2706080209463835
1082.0 0.2950236201286316
1083.0 0.3194392425939441
1084.0 0.36183467600494623
1085.0 0.404230086132884
1086.0 0.4453596659004688
1087.0 0.48648915253579617
1088.0 0.5454508122056723
1089.0 0.6044124718755484
1090.0 0.6848377175629139
1091.0 0.7652630563825369
1092.0 0.8225374855101109
1093.0 0.879812054336071
1094.0 0.9365174919366837
1095.0 0.9932230226695538
1096.0 1.0701077990233898
1097.0 1.1469925753772259
1098.0 1.2786393985152245
1099.0 1.4102865941822529
1100.0 1.6140464693307877
1101.0 1.81780643761158
