lsstCam/transmission_filter_detector/r32_s01/g_6/19700101T000000.ecsv
# %ECSV 1.0
# ---
# datatype:
# - {name: wavelength, unit: nm, datatype: float32}
# - {name: efficiency, unit: '%', datatype: float64}
# meta: !!omap
# - {MODE: DETECTOR}
# - {TYPE: transmission_filter_detector}
# - {CALIBDATE: '1970-01-01T00:00:00'}
# - {INSTRUME: LSSTCam}
# - {OBSTYPE: transmission_filter_detector}
# - {CALIBCLS: lsst.ip.isr.IntermediateFilterDetectorTransmissionCurve}
# - {SOURCE: Materion (DM-46256)}
# - {DETECTOR: 136}
# - {FILTER: g_6}
# - {CALIB_ID: 'calibDate=1970-01-01T00:00:00 filter=g_6 detector=136'}
# - {DATE: '2025-04-02T15:59:42.657256'}
# - {CALIB_CREATION_DATE: '2025-04-02'}
# - {CALIB_CREATION_TIME: '15:59:42'}
# - __serialized_columns__:
#     efficiency:
#       __class__: astropy.units.quantity.Quantity
#       unit: !astropy.units.Unit {unit: '%'}
#       value: !astropy.table.SerializedColumn {name: efficiency}
#     wavelength:
#       __class__: astropy.units.quantity.Quantity
#       unit: !astropy.units.Unit {unit: nm}
#       value: !astropy.table.SerializedColumn {name: wavelength}
# schema: astropy-2.0
wavelength efficiency
300.0 0.35131967160850763
301.0 0.304484530352056
302.0 0.2576493890956044
303.0 0.250036153011024
304.0 0.24242291692644358
305.0 0.2347244881093502
306.0 0.22702605929225683
307.0 0.22016118746250868
308.0 0.21329631563276052
309.0 0.2114854520186782
310.0 0.20967458840459585
311.0 0.2029083203524351
312.0 0.19614198245108128
313.0 0.18837457755580544
314.0 0.18060716101899743
315.0 0.1781045808456838
316.0 0.17560202395543456
317.0 0.1728282542899251
318.0 0.17005449626594782
319.0 0.16068913973867893
320.0 0.15132377156987786
321.0 0.13957160990685225
322.0 0.12781944824382663
323.0 0.11508187744766474
324.0 0.10234430665150285
325.0 0.09151151170954108
326.0 0.08067871094681323
327.0 0.07256937678903341
328.0 0.0644600426312536
329.0 0.06180657655932009
330.0 0.059153110487386584
331.0 0.05481262342073023
332.0 0.05047213053330779
333.0 0.04734037793241441
334.0 0.04420862242113799
335.0 0.04215819062665105
336.0 0.04010775883216411
337.0 0.0401608704123646
338.0 0.040213981992565095
339.0 0.039561226731166244
340.0 0.0389084656490013
341.0 0.0373198592569679
342.0 0.035731252864934504
343.0 0.03254857147112489
344.0 0.029365895898081362
345.0 0.02616227720864117
346.0 0.022958659974392503
347.0 0.020986856543458998
348.0 0.019015053112525493
349.0 0.017566898895893246
350.0 0.14667098876088858
351.0 1.286903116852045
352.0 0.22341827861964703
353.0 0.9773437865078449
354.0 0.159401202108711
355.0 0.8819751441478729
356.0 0.13525678077712655
357.0 0.8953415788710117
358.0 0.141487258952111
359.0 0.8520855568349361
360.0 0.12651042779907584
361.0 0.9910394437611103
362.0 0.10977041674777865
363.0 0.983830913901329
364.0 0.15368066960945725
365.0 0.6976891309022903
366.0 0.15008363407105207
367.0 0.7217445410788059
368.0 0.11603960301727057
369.0 0.6921820342540741
370.0 0.12592372950166464
371.0 0.6118227727711201
372.0 0.11431160382926464
373.0 0.5417013075202703
374.0 0.11448761215433478
375.0 0.6076864898204803
376.0 0.10725490283221006
377.0 0.4725825972855091
378.0 0.12854795204475522
379.0 0.6102164275944233
380.0 0.1574388239532709
381.0 0.5491169635206461
382.0 0.5777380894869566
383.0 0.543752871453762
384.0 0.5807293113321066
385.0 0.6676169112324715
386.0 0.6881695240736008
387.0 0.7962076924741268
388.0 0.9659233503043652
389.0 1.2752716429531574
390.0 1.808357983827591
391.0 2.744275890290737
392.0 4.414105787873268
393.0 7.005222141742706
394.0 10.564287006855011
395.0 15.439583361148834
396.0 21.31146490573883
397.0 28.640255331993103
398.0 37.34939694404602
399.0 46.77890241146088
400.0 56.364959478378296
401.0 65.40029644966125
402.0 73.7938940525055
403.0 80.87873458862305
404.0 86.17752194404602
405.0 90.15468955039978
406.0 92.45914220809937
407.0 94.25469040870667
408.0 95.25814056396484
409.0 95.82900404930115
410.0 95.9656298160553
411.0 95.78893780708313
412.0 95.37695050239563
413.0 95.11932730674744
414.0 94.98763084411621
415.0 95.20905017852783
416.0 95.57972550392151
417.0 95.9665060043335
418.0 96.4927077293396
419.0 97.12600111961365
420.0 97.63022065162659
421.0 98.15161228179932
422.0 98.27083945274353
423.0 98.43685626983643
424.0 98.2039213180542
425.0 98.1697678565979
426.0 98.0599045753479
427.0 98.03540706634521
428.0 97.81053066253662
429.0 97.63461947441101
430.0 97.48680591583252
431.0 97.47135639190674
432.0 97.48528599739075
433.0 97.5837767124176
434.0 97.62645959854126
435.0 97.84830212593079
436.0 97.80809283256531
437.0 97.82273173332214
438.0 97.98684120178223
439.0 98.02950620651245
440.0 97.9426622390747
441.0 98.09079766273499
442.0 98.08621406555176
443.0 98.0983018875122
444.0 97.97081351280212
445.0 97.69511222839355
446.0 97.56854176521301
447.0 97.44012951850891
448.0 97.49836325645447
449.0 97.81076312065125
450.0 98.14976453781128
451.0 98.32317233085632
452.0 98.47828149795532
453.0 98.5593855381012
454.0 98.61634969711304
455.0 98.81138205528259
456.0 98.83249998092651
457.0 99.02637004852295
458.0 99.05823469161987
459.0 99.09767508506775
460.0 99.16901588439941
461.0 99.33933615684509
462.0 99.18206334114075
463.0 99.10523295402527
464.0 99.26154613494873
465.0 99.17076826095581
466.0 99.17751550674438
467.0 99.14786219596863
468.0 99.19533133506775
469.0 99.2256760597229
470.0 99.11593198776245
471.0 98.95129799842834
472.0 99.0376353263855
473.0 98.8913893699646
474.0 98.68615865707397
475.0 98.79505634307861
476.0 98.77560138702393
477.0 98.84287118911743
478.0 98.91582131385803
479.0 98.91563057899475
480.0 99.02499318122864
481.0 99.10180568695068
482.0 99.25045371055603
483.0 99.1758942604065
484.0 99.36344623565674
485.0 99.37670826911926
486.0 99.42728281021118
487.0 99.37897324562073
488.0 99.39316511154175
489.0 99.46815967559814
490.0 99.39877986907959
491.0 99.41442608833313
492.0 99.32639598846436
493.0 99.29544925689697
494.0 99.25515651702881
495.0 99.34207797050476
496.0 99.11800622940063
497.0 99.02000427246094
498.0 98.84803295135498
499.0 98.89110326766968
500.0 98.84849786758423
501.0 98.80112409591675
502.0 98.69949221611023
503.0 98.86022210121155
504.0 98.6820638179779
505.0 98.76286387443542
506.0 98.78895282745361
507.0 98.73973727226257
508.0 98.7084150314331
509.0 98.72120022773743
510.0 98.67122173309326
511.0 98.60960841178894
512.0 98.5931396484375
513.0 98.65398406982422
514.0 98.61541986465454
515.0 98.64311218261719
516.0 98.72357845306396
517.0 98.764568567276
518.0 98.8404393196106
519.0 98.84122014045715
520.0 98.9073395729065
521.0 99.02124404907227
522.0 99.0420937538147
523.0 99.02912974357605
524.0 99.03953075408936
525.0 99.03276562690735
526.0 99.16276931762695
527.0 99.15743470191956
528.0 99.2317259311676
529.0 99.34630990028381
530.0 99.34781193733215
531.0 99.47133660316467
532.0 99.32113289833069
533.0 99.33244585990906
534.0 99.31333065032959
535.0 99.11165237426758
536.0 98.70420098304749
537.0 98.0464518070221
538.0 97.12641835212708
539.0 95.6233024597168
540.0 93.71169805526733
541.0 90.83476066589355
542.0 87.75101900100708
543.0 83.83436799049377
544.0 78.95310521125793
545.0 74.65207576751709
546.0 69.53604221343994
547.0 64.88450169563293
548.0 60.32061576843262
549.0 56.332600116729736
550.0 53.19303870201111
551.0 50.24840235710144
552.0 47.95580506324768
553.0 45.463499426841736
554.0 42.465633153915405
555.0 39.073026180267334
556.0 34.54603850841522
557.0 29.34805154800415
558.0 23.780691623687744
559.0 18.420594930648804
560.0 13.386169075965881
561.0 8.866570889949799
562.0 5.552687868475914
563.0 3.1793080270290375
564.0 1.700877957046032
565.0 0.5462171975523233
566.0 0.44832266867160797
567.0 0.185360515024513
568.0 0.1563271740451455
569.0 0.06260519730858505
570.0 0.09088017977774143
571.0 0.03157713799737394
572.0 0.05448355805128813
573.0 0.020996350212953985
574.0 0.04852340498473495
575.0 0.014885127893649042
576.0 0.0507357413880527
577.0 0.01163943816209212
578.0 0.026600577984936535
579.0 0.009580740152159706
580.0 0.033948972122743726
581.0 0.008971743227448314
582.0 0.026236308622173965
583.0 0.009921671153279021
584.0 0.02260611072415486
585.0 0.007148061558837071
586.0 0.022387620992958546
587.0 0.00841341825434938
588.0 0.023841825895942748
589.0 0.007252356590470299
590.0 0.016867455269675702
591.0 0.0045690736442338675
592.0 0.028777943225577474
593.0 0.0035867225960828364
594.0 0.028365247999317944
595.0 0.005463532943394966
596.0 0.019538200285751373
597.0 0.0052672126912511885
598.0 0.03050986852031201
599.0 0.003262998870923184
600.0 0.02462595875840634
601.0 0.0022404708943213336
602.0 0.002023042725340929
603.0 0.0018056145563605241
604.0 0.0017671472960500978
605.0 0.0017286800357396714
606.0 0.0019465931472950615
607.0 0.0021645062588504516
608.0 0.001966105446626898
609.0 0.0017677042706054635
610.0 0.0019702234567375854
611.0 0.002172742460970767
612.0 0.0019182605683454312
613.0 0.0016637786757200956
614.0 0.0016958947526291013
615.0 0.0017280110114370473
616.0 0.0015816342056496069
617.0 0.0014352573089126963
618.0 0.0016031041013775393
619.0 0.0017709509847918525
620.0 0.0015636609532521106
621.0 0.0013563707398134284
622.0 0.0014803798876528163
623.0 0.0016043886716943234
624.0 0.0015580506442347541
625.0 0.0015117127986741252
626.0 0.0014833184650342446
627.0 0.0014549243132933043
628.0 0.0014381669643626083
629.0 0.0014214094335329719
630.0 0.0013210184988565743
631.0 0.0012206275641801767
632.0 0.0012582694580487441
633.0 0.001295911533816252
634.0 0.0013271046555018984
635.0 0.0013582975952886045
636.0 0.0014362263755174354
637.0 0.0015141552466957364
638.0 0.0013531249351217411
639.0 0.0011920945325982757
640.0 0.0012913656064483803
641.0 0.0013906364983995445
642.0 0.0012677875020017382
643.0 0.0011449385056039318
644.0 0.0011361842553014867
645.0 0.001127430186897982
646.0 0.001198020709125558
647.0 0.001268611322302604
648.0 0.001168641847471008
649.0 0.0010686724635888822
650.0 0.0011411823834350798
651.0 0.001213692576129688
652.0 0.00115475104394136
653.0 0.0010958096936519723
654.0 0.0009957699148799293
655.0 0.0008957302270573564
656.0 0.0010015767657023389
657.0 0.0011074233952967916
658.0 0.0010710124115576036
659.0 0.001034601609717356
660.0 0.0010187826774199493
661.0 0.0010029638360720128
662.0 0.0009994362699217163
663.0 0.0009959088856703602
664.0 0.0010280103197146673
665.0 0.0010601118447084446
666.0 0.0010432781891722698
667.0 0.0010264443517371546
668.0 0.0010913828191405628
669.0 0.001156321286543971
670.0 0.0011387762242520694
671.0 0.001121230798162287
672.0 0.0012362250345177017
673.0 0.0013512193618225865
674.0 0.00123180216178298
675.0 0.001112384688894963
676.0 0.0010896683306782506
677.0 0.0010669515177141875
678.0 0.0010868529898289125
679.0 0.0011067544619436376
680.0 0.0010240651135973167
681.0 0.0009413759471499361
682.0 0.0009572130693413783
683.0 0.0009730501915328205
684.0 0.0009418020454177167
685.0 0.0009105539902520832
686.0 0.0010241552445222624
687.0 0.0011377563168935012
688.0 0.001103644899558276
689.0 0.0010695333003241103
690.0 0.0011038252523576375
691.0 0.0011381172953406349
692.0 0.0011655234629870392
693.0 0.001192929812532384
694.0 0.0011775208804465365
695.0 0.001162111948360689
696.0 0.0011570058632059954
697.0 0.0011518997780513018
698.0 0.0011054476999561302
699.0 0.0010589954399620183
700.0 0.0012036931366310455
701.0 0.0013483906514011323
702.0 0.0012927013813168742
703.0 0.0012370122021820862
704.0 0.0012189376320748124
705.0 0.001200862698169658
706.0 0.0011050794455513824
707.0 0.0010092960110341664
708.0 0.0010372677024861332
709.0 0.0010652395758370403
710.0 0.0011465936950116884
711.0 0.0012279479051358066
712.0 0.0012869999409304
713.0 0.0013460518857755233
714.0 0.0013071102330286521
715.0 0.0012681686712312512
716.0 0.0014050414392841049
717.0 0.0015419143892358989
718.0 0.0018167893358622678
719.0 0.0020916646462865174
720.0 0.0018062379240291193
721.0 0.0015208112017717212
722.0 0.0016168498405022547
723.0 0.001712888479232788
724.0 0.0018722063032328151
725.0 0.0020315243091317825
726.0 0.002039544233412016
727.0 0.0020475639757933095
728.0 0.002135828253813088
729.0 0.0022240925318328664
730.0 0.002242263508378528
731.0 0.00226043466682313
732.0 0.0019462113414192572
733.0 0.0016319881979143247
734.0 0.0014201287740434054
735.0 0.0012082691682735458
736.0 0.001094952312996611
737.0 0.0009816355486691464
738.0 0.0009346296792500652
739.0 0.0008876239917299245
740.0 0.0008932985110732261
741.0 0.0008989730304165278
742.0 0.0009525743735139258
743.0 0.0010061758985102642
744.0 0.0009224115274264477
745.0 0.0008386473382415716
746.0 0.0007743901733192615
747.0 0.0007101330993464217
748.0 0.0007992729479155969
749.0 0.0008884127055353019
750.0 0.0008969579539552797
751.0 0.0009055032933247276
752.0 0.0008935367077356204
753.0 0.000881569940247573
754.0 0.0008365936082554981
755.0 0.0007916172762634233
756.0 0.0007771937816869467
757.0 0.0007627703780599404
758.0 0.0008210321539081633
759.0 0.0008792940207058564
760.0 0.0008541392162442207
761.0 0.0008289843208331149
762.0 0.0007544672371295746
763.0 0.0006799501989007695
764.0 0.0007418436325679068
765.0 0.0008037372026592493
766.0 0.0008222878932429012
767.0 0.0008408384019276127
768.0 0.0008197957868105732
769.0 0.0007987531716935337
770.0 0.0007699934940319508
771.0 0.0007412337708956329
772.0 0.000696960705681704
773.0 0.0006526875495183049
774.0 0.0006789279268559767
775.0 0.0007051682587189134
776.0 0.0006896938884892734
777.0 0.0006742194273101632
778.0 0.0006531290637212805
779.0 0.0006320387001323979
780.0 0.000630185832051211
781.0 0.0006283328275458189
782.0 0.0005832016086060321
783.0 0.0005380703896662453
784.0 0.00046397672122111544
785.0 0.00038988300730125047
786.0 0.0003058058837268618
787.0 0.00022172873741510557
788.0 0.00028640067739615915
789.0 0.0003510725946398452
790.0 0.0004928665020997869
791.0 0.0006346603640849935
792.0 0.00045920146476419177
793.0 0.0002837425427060225
794.0 0.0003356008164701052
795.0 0.00038745906749682035
796.0 0.00035671853311214363
797.0 0.00032597802146483446
798.0 0.0003802062792601646
799.0 0.0004344345143181272
800.0 0.0004333942797529744
801.0 0.0004323540451878216
802.0 0.0004549433469946962
803.0 0.00047753269427630585
804.0 0.0005716851774195675
805.0 0.0006658375241386238
806.0 0.0004915298632113263
807.0 0.0003172221113345586
808.0 0.00035353086786926724
809.0 0.000389839669878711
810.0 0.0003990658569819061
811.0 0.00040829199861036614
812.0 0.000461500303572393
813.0 0.000514708654009155
814.0 0.0005600919394055381
815.0 0.0006054753612261266
816.0 0.0006623486115131527
817.0 0.0007192220436991192
818.0 0.000553722566110082
819.0 0.0003882230885210447
820.0 0.000451239975518547
821.0 0.0005142568625160493
822.0 0.0005685059932147851
823.0 0.0006227549874893157
824.0 0.0004907635684503475
825.0 0.0003587720584619092
826.0 0.00042802021198440343
827.0 0.0004972684109816328
828.0 0.0004178872131888056
829.0 0.000338506038133346
830.0 0.0004277996595192235
831.0 0.0005170932126929983
832.0 0.0005432520083559211
833.0 0.0005694108040188439
834.0 0.00042301103349018376
835.0 0.0002766112629615236
836.0 0.00040630930016050115
837.0 0.0005360073828342138
838.0 0.0006175223916216055
839.0 0.0006990374458837323
840.0 0.0006980124908295693
841.0 0.0006969874903006712
842.0 0.0006562124781339662
843.0 0.0006154373750177911
844.0 0.000574258092456148
845.0 0.000533078809894505
846.0 0.00037658101064153016
847.0 0.0002200832341259229
848.0 0.0003062433052036795
849.0 0.0003924033535440685
850.0 0.0004337984137237072
851.0 0.00047519351937808096
852.0 0.0003499415697660879
853.0 0.00022468959741672734
854.0 0.0004034654011775274
855.0 0.000582241227675695
856.0 0.0005533798230317188
857.0 0.0005245184638624778
858.0 0.00047237422222679015
859.0 0.0004202300260658376
860.0 0.000436214486398967
861.0 0.0004521989012573613
862.0 0.0005918943770666374
863.0 0.0007315898074011784
864.0 0.0005145893283042824
865.0 0.0002975887582579162
866.0 0.0004594544407154899
867.0 0.0006213200776983285
868.0 0.0005489202067110455
869.0 0.0004765203357237624
870.0 0.0003973556431446923
871.0 0.00031819097330298973
872.0 0.0004869586973654805
873.0 0.0006557264441653388
874.0 0.0005706564479623921
875.0 0.0004855864517594455
876.0 0.0005080511073174421
877.0 0.0005305158538249088
878.0 0.0005817800229124259
879.0 0.0006330441010504728
880.0 0.0006612900961044943
881.0 0.000689536182107986
882.0 0.000502835519000655
883.0 0.0003161349013680592
884.0 0.00036412334338820074
885.0 0.00041211173993360717
886.0 0.0005183276698517147
887.0 0.0006245436907192925
888.0 0.0006750613465555944
889.0 0.0007255789569171611
890.0 0.0006292687430686783
891.0 0.0005329584382707253
892.0 0.0005990095360175474
893.0 0.0006650608156633098
894.0 0.0005112150574859697
895.0 0.0003573693447833648
896.0 0.0004081832685187692
897.0 0.00045899723772890866
898.0 0.000443222961621359
899.0 0.0004274487309885444
900.0 0.0004012270892417291
901.0 0.00037500540202017874
902.0 0.00040158415686164517
903.0 0.0004281628662283765
904.0 0.00034795355077221757
905.0 0.0002677442125786911
906.0 0.0003656512262750766
