lsstCam/transmission_filter_detector/r20_s10/y_10/19700101T000000.ecsv
# %ECSV 1.0
# ---
# datatype:
# - {name: wavelength, unit: nm, datatype: float32}
# - {name: efficiency, unit: '%', datatype: float64}
# meta: !!omap
# - {MODE: DETECTOR}
# - {TYPE: transmission_filter_detector}
# - {CALIBDATE: '1970-01-01T00:00:00'}
# - {INSTRUME: LSSTCam}
# - {OBSTYPE: transmission_filter_detector}
# - {CALIBCLS: lsst.ip.isr.IntermediateFilterDetectorTransmissionCurve}
# - {SOURCE: Materion (DM-46256)}
# - {DETECTOR: 75}
# - {FILTER: y_10}
# - {CALIB_ID: 'calibDate=1970-01-01T00:00:00 filter=y_10 detector=75'}
# - {DATE: '2025-04-02T15:59:51.089246'}
# - {CALIB_CREATION_DATE: '2025-04-02'}
# - {CALIB_CREATION_TIME: '15:59:51'}
# - __serialized_columns__:
#     efficiency:
#       __class__: astropy.units.quantity.Quantity
#       unit: !astropy.units.Unit {unit: '%'}
#       value: !astropy.table.SerializedColumn {name: efficiency}
#     wavelength:
#       __class__: astropy.units.quantity.Quantity
#       unit: !astropy.units.Unit {unit: nm}
#       value: !astropy.table.SerializedColumn {name: wavelength}
# schema: astropy-2.0
wavelength efficiency
300.0 0.2999712713062763
301.0 0.16218472737818956
302.0 0.02439816453261301
303.0 0.024513775133527815
304.0 0.024629387189634144
305.0 0.01684617018327117
306.0 0.00906295026652515
307.0 0.014607046614401042
308.0 0.020151138596702367
309.0 0.014653816469945014
310.0 0.009156493615591899
311.0 0.008316547609865665
312.0 0.007476599421352148
313.0 0.006176825991133228
314.0 0.004877051833318546
315.0 0.005358636917662807
316.0 0.005840223820996471
317.0 0.0047541569074383005
318.0 0.0036680874472949654
319.0 0.0026170175260631368
320.0 0.0015659466953366064
321.0 0.0018126345821656287
322.0 0.0020593226508935913
323.0 0.003038407157873735
324.0 0.004017491664853878
325.0 0.002514679181331303
326.0 0.0010118661521119066
327.0 0.001492537103331415
328.0 0.0019732075088541023
329.0 0.0027762849640566856
330.0 0.0035793622373603284
331.0 0.0030629416869487613
332.0 0.0025465207727393135
333.0 0.0025405106498510577
334.0 0.002534500526962802
335.0 0.00260838551184861
336.0 0.0026822703148354776
337.0 0.0023365919332718477
338.0 0.0019909133698092774
339.0 0.0009651075743022375
340.0 1.698658032810163e-10
341.0 9.141110695054522e-05
342.0 0.00024352009404537966
343.0 0.0007192555585788796
344.0 0.0011949910913244821
345.0 0.0012105498171877116
346.0 0.0012261088158993516
347.0 0.0015618483303114772
348.0 0.0018975875718751922
349.0 0.0016432455595349893
350.0 0.0013889034562453162
351.0 0.0015281559171853587
352.0 0.001667408287175931
353.0 0.0015303849068004638
354.0 0.0013933615264249966
355.0 0.001508759396529058
356.0 0.0016241572666331194
357.0 0.001382377558911685
358.0 0.0011405979421397205
359.0 0.0010917759937001392
360.0 0.0010429538633616176
361.0 0.001157701808551792
362.0 0.0012724496627924964
363.0 0.0011335564522596542
364.0 0.0009946628779289313
365.0 0.0012907826203445438
366.0 0.001586902726558037
367.0 0.001974196857190691
368.0 0.0023614908059244044
369.0 0.001911374602059368
370.0 0.001461258580093272
371.0 0.0015045295185700525
372.0 0.0015478004570468329
373.0 0.001908806552819442
374.0 0.0022698128304909915
375.0 0.003160279811709188
376.0 0.004050747156725265
377.0 0.004076944969710894
378.0 0.0041031431464944035
379.0 0.003597724571591243
380.0 0.003092305996688083
381.0 0.002217595283582341
382.0 0.0013428842066787183
383.0 0.0011976931091339793
384.0 0.0010525018296903
385.0 0.0008814664397505112
386.0 0.0007104310952854576
387.0 0.0007294067017937778
388.0 0.0007483824447263032
389.0 0.0007000585810601478
390.0 0.0006517346719192574
391.0 0.0006325534286588663
392.0 0.0006133721853984753
393.0 0.0006784657671232708
394.0 0.0007435592578985961
395.0 0.0006560283964063274
396.0 0.0005684975349140586
397.0 0.0007841523256502114
398.0 0.0009998071618610993
399.0 0.0011754736988223158
400.0 0.0013511402357835323
401.0 0.0014610889593313914
402.0 0.0015710376828792505
403.0 0.0016462403436889872
404.0 0.001721443004498724
405.0 0.001820868237700779
406.0 0.0019202938347007148
407.0 0.001675917701504659
408.0 0.001431542023055954
409.0 0.0011880360034410842
410.0 0.0009445298019272741
411.0 0.0008337317922268994
412.0 0.00072293391895073
413.0 0.000800870475359261
414.0 0.0008788066224951763
415.0 0.0009289623449149076
416.0 0.000979118158284109
417.0 0.0005769473773398204
418.0 0.00017477667597631807
419.0 1.698658032810163e-10
420.0 1.698658032810163e-10
421.0 1.698658032810163e-10
422.0 0.00030697101465193555
423.0 0.0005922145646763965
424.0 0.0008774579328019172
425.0 0.00026615757633408066
426.0 1.698658032810163e-10
427.0 0.00027396170025895117
428.0 0.0008930663170758635
429.0 0.00011713640333255171
430.0 1.698658032810163e-10
431.0 9.034530421558884e-05
432.0 0.000839484255266143
433.0 0.0002598349965410307
434.0 1.698658032810163e-10
435.0 1.698658032810163e-10
436.0 1.9456061295386462e-05
437.0 6.619483770009538e-05
438.0 0.00011293373063381296
439.0 9.254917472389934e-05
440.0 7.216449944280612e-05
441.0 1.698658032810163e-10
442.0 1.698658032810163e-10
443.0 1.698658032810163e-10
444.0 0.00031784836664883187
445.0 0.00013888576404497144
446.0 1.698658032810163e-10
447.0 0.0003189221843058476
448.0 0.0006779211616958492
449.0 0.0005014701855543535
450.0 0.0003250190729886526
451.0 1.698658032810163e-10
452.0 1.698658032810163e-10
453.0 1.698658032810163e-10
454.0 3.8308166949718725e-05
455.0 1.698658032810163e-10
456.0 1.698658032810163e-10
457.0 1.698658032810163e-10
458.0 1.698658032810163e-10
459.0 1.698658032810163e-10
460.0 1.698658032810163e-10
461.0 1.698658032810163e-10
462.0 0.0005077038622403052
463.0 0.0005851092737430008
464.0 0.0006625147761951666
465.0 0.0004704525963461492
466.0 0.0002783904619718669
467.0 0.000850847482070094
468.0 0.0014233042747946456
469.0 0.0014908770026522689
470.0 0.0015584495486109518
471.0 0.001855286791396793
472.0 0.002152123852283694
473.0 0.00258013515122002
474.0 0.003008146450156346
475.0 0.00291488177026622
476.0 0.002821617090376094
477.0 0.0029455841286107898
478.0 0.0030695515306433663
479.0 0.0034618751669768244
480.0 0.0038541991671081632
481.0 0.004011426062788814
482.0 0.004168652594671585
483.0 0.0038181155105121434
484.0 0.003467578790150583
485.0 0.0033383286790922284
486.0 0.0032090789318317547
487.0 0.0028638129151659086
488.0 0.002518547080399003
489.0 0.0021802195988129824
490.0 0.0018418924810248427
491.0 0.0016087431504274718
492.0 0.001375593819830101
493.0 0.0013642305020766798
494.0 0.0013528672752727289
495.0 0.0014411962183658034
496.0 0.0015295250705094077
497.0 0.0018498263671062887
498.0 0.0021701276637031697
499.0 0.0022470083422376774
500.0 0.002323888838873245
501.0 0.002557503103162162
502.0 0.002791117367451079
503.0 0.0026564950530882925
504.0 0.002521872374927625
505.0 0.0028663660486927256
506.0 0.003210859722457826
507.0 0.0024045159079832956
508.0 0.001598171547811944
509.0 0.0017944008504855447
510.0 0.001990629607462324
511.0 0.0018824503058567643
512.0 0.001774270822352264
513.0 0.0018489445210434496
514.0 0.0019236182197346352
515.0 0.0016773547031334601
516.0 0.001431091186532285
517.0 0.0013636290532303974
518.0 0.0012961669199285097
519.0 0.0012901008631160948
520.0 0.00128403480630368
521.0 0.0015972780602169223
522.0 0.0019105213141301647
523.0 0.0018116808860213496
524.0 0.0017128404579125345
525.0 0.0021383750208769925
526.0 0.0025639099476393312
527.0 0.0024278697310364805
528.0 0.00229182951443363
529.0 0.0026066190912388265
530.0 0.002921408668044023
531.0 0.002614351069496479
532.0 0.002307293652847875
533.0 0.0022750597054255195
534.0 0.0022428255761042237
535.0 0.0018916749468189664
536.0 0.0015405241356347688
537.0 0.00206655513466103
538.0 0.0025925861336872913
539.0 0.0031173607567325234
540.0 0.0036421351978788152
541.0 0.003984750219387934
542.0 0.004327365240897052
543.0 0.004451379209058359
544.0 0.004575392813421786
545.0 0.004601114778779447
546.0 0.004626836744137108
547.0 0.004000350600108504
548.0 0.0033738640922820196
549.0 0.0026735749997897074
550.0 0.001973285725398455
551.0 0.0021703446691390127
552.0 0.0023674036128795706
553.0 0.0027440320991445333
554.0 0.003120660039712675
555.0 0.0034833352401619777
556.0 0.003846010804409161
557.0 0.00379106895707082
558.0 0.003736127109732479
559.0 0.003536454460117966
560.0 0.0033367821743013337
561.0 0.003435661710682325
562.0 0.0035345408832654357
563.0 0.003407229814911261
564.0 0.0032799187465570867
565.0 0.0036222358176019043
566.0 0.0039645532524446025
567.0 0.004336677739047445
568.0 0.004708802589448169
569.0 0.005649819286190905
570.0 0.006590835255337879
571.0 0.006812585343141109
572.0 0.0070343354309443384
573.0 0.007071346772136167
574.0 0.0071083573857322335
575.0 0.006799057882744819
576.0 0.0064897569245658815
577.0 0.005796432742499746
578.0 0.005103108560433611
579.0 0.0054953219660092145
580.0 0.005887535371584818
581.0 0.006899432628415525
582.0 0.007911329885246232
583.0 0.008944842556957155
584.0 0.009978355228668079
585.0 0.010342875611968338
586.0 0.010707394540077075
587.0 0.01084905889001675
588.0 0.0109907217847649
589.0 0.010658702376531437
590.0 0.010326684423489496
591.0 0.009584652434568852
592.0 0.008842619718052447
593.0 0.007305027247639373
594.0 0.005767435868619941
595.0 0.0056386801588814706
596.0 0.005509925176738761
597.0 0.005891108594369143
598.0 0.006272291648201644
599.0 0.007363442273344845
600.0 0.008454591443296522
601.0 0.00922494800761342
602.0 0.009995301661547273
603.0 0.010670314077287912
604.0 0.011345328675815836
605.0 0.011338781769154593
606.0 0.011332236317684874
607.0 0.009771477925824001
608.0 0.008210721716750413
609.0 0.006472172390203923
610.0 0.004733624882646836
611.0 0.003947295772377402
612.0 0.003160966662107967
613.0 0.0034025739296339452
614.0 0.003644180469564162
615.0 0.004589035961544141
616.0 0.00553389145352412
617.0 0.006806304736528546
618.0 0.008078716200543568
619.0 0.009052453242475167
620.0 0.010026190284406766
621.0 0.010641629341989756
622.0 0.011257068399572745
623.0 0.011433576582930982
624.0 0.011610083311097696
625.0 0.010069313429994509
626.0 0.008528541366104037
627.0 0.006905233749421313
628.0 0.005281925405142829
629.0 0.004277885454939678
630.0 0.003273845140938647
631.0 0.0027721442165784538
632.0 0.002270443474117201
633.0 0.0026299816454411484
634.0 0.0029895201805629767
635.0 0.0033301053917966783
636.0 0.0036706904211314395
637.0 0.0042411262256791815
638.0 0.004811562757822685
639.0 0.004914039891446009
640.0 0.005016516661271453
641.0 0.00538614513061475
642.0 0.005755773599958047
643.0 0.00543339156138245
644.0 0.005111009159008972
645.0 0.004695884854299948
646.0 0.004280760185793042
647.0 0.0034957145544467494
648.0 0.0027106687412015162
649.0 0.0022049816834623925
650.0 0.0016992946257232688
651.0 0.0016780977603048086
652.0 0.0016569008948863484
653.0 0.001607897320354823
654.0 0.0015588937458232976
655.0 0.0015366393199656159
656.0 0.001514384894107934
657.0 0.0015420178897329606
658.0 0.0015696508853579871
659.0 0.0016966439943644218
660.0 0.0018236369214719161
661.0 0.0018630997146829031
662.0 0.0019025626897928305
663.0 0.002425481943646446
664.0 0.002948401561297942
665.0 0.0034076445444952697
666.0 0.003866887345793657
667.0 0.004539206202025525
668.0 0.005211524694459513
669.0 0.005433048136183061
670.0 0.005654568303725682
671.0 0.006316260260064155
672.0 0.006977951852604747
673.0 0.007785674097249284
674.0 0.008593396341893822
675.0 0.008278390305349603
676.0 0.007963385723996907
677.0 0.006302075780695304
678.0 0.004640764382202178
679.0 0.003052518513868563
680.0 0.001464272372686537
681.0 0.0008277737833850551
682.0 0.00019127517134620575
683.0 0.0003606784957810305
684.0 0.0005300817974784877
685.0 0.00038163816498126835
686.0 0.00023319441879721126
687.0 0.00022563606307812734
688.0 0.00021807770735904342
689.0 0.00017074967217922676
690.0 0.00012342164836809388
691.0 0.0001601989652044722
692.0 0.00019697638435900444
693.0 0.0003078725285377004
694.0 0.00041876869545376394
695.0 0.00042921374188154005
696.0 0.00043965883378405124
697.0 0.0004248128334438661
698.0 0.0004099667876289459
699.0 0.00032891539376578294
700.0 0.00024786393169051735
701.0 0.00019460271687421482
702.0 0.00014134155890133115
703.0 0.00019770652670558775
704.0 0.00025407152861589566
705.0 0.0002960405936391908
706.0 0.0003380095222382806
707.0 9.815099701881991e-05
708.0 1.698658032810163e-10
709.0 0.0001916368546517333
710.0 0.000524981260241475
711.0 0.0003839938926830655
712.0 0.00024300652512465604
713.0 0.0001842508709160029
714.0 0.0001254952394447173
715.0 0.00016160282712007756
716.0 0.0001977103465833352
717.0 0.00010765500064735534
718.0 1.759966465897378e-05
719.0 0.0002697830041142879
720.0 0.0005219663307798328
721.0 0.0005596238679572707
722.0 0.0005972813596599735
723.0 0.00042445349208719563
724.0 0.00025162564725178527
725.0 8.904602282200358e-05
726.0 1.698658032810163e-10
727.0 6.926611604285426e-05
728.0 0.00021206578821875155
729.0 0.00021412802198028658
730.0 0.00021619034669129178
731.0 0.00046210861910367385
732.0 0.0007080271188897314
733.0 0.00035123334782838356
734.0 1.698658032810163e-10
735.0 6.73183251365117e-05
736.0 0.00014019708487467142
737.0 0.00036289272884459933
738.0 0.0005855885319761001
739.0 0.0005456543476611841
740.0 0.0005057199359725928
741.0 0.0005107841388962697
742.0 0.0005158482963452116
743.0 0.0001132826355387806
744.0 1.698658032810163e-10
745.0 0.00017082352314901073
746.0 0.000630930162515142
747.0 0.0004040553903905675
748.0 0.00017718049321047147
749.0 4.0580565041636874e-05
750.0 1.698658032810163e-10
751.0 0.0001890190446829365
752.0 0.0004740575150208315
753.0 0.0004954745236318558
754.0 0.0005168915322428802
755.0 1.698658032810163e-10
756.0 1.698658032810163e-10
757.0 1.698658032810163e-10
758.0 3.792234224420099e-05
759.0 0.00028255453798919916
760.0 0.0005271868303680094
761.0 0.00046348795876838267
762.0 0.0003997891781182261
763.0 0.00029944164907647064
764.0 0.00019909421098418534
765.0 0.0002689393795662909
766.0 0.0003387845254110289
767.0 3.34556261805119e-05
768.0 1.698658032810163e-10
769.0 1.698658032810163e-10
770.0 1.698658032810163e-10
771.0 7.142476192711911e-05
772.0 0.0002322175987501396
773.0 0.00039437704799638595
774.0 0.0005565363608184271
775.0 0.000330106854562473
776.0 0.00010367726872573257
777.0 0.00025338977138744667
778.0 0.0004031023763673147
779.0 0.0005582988706009928
780.0 0.0007134953648346709
781.0 0.0008407455425185617
782.0 0.0009679957656771876
783.0 0.0008320567758346442
784.0 0.0006961178314668359
785.0 0.0005010537279304117
786.0 0.00030598946523241466
787.0 0.00042035358092107344
788.0 0.0005347176283976296
789.0 0.00048822817007021513
790.0 0.00044173871174280066
791.0 0.0006193429726408795
792.0 0.000796947097114753
793.0 0.0006773717814212432
794.0 0.0005577964202529984
795.0 0.0006724023933202261
796.0 0.0007870083209127188
797.0 0.0006034305897628656
798.0 0.00041985290408774745
799.0 0.00043577083488344215
800.0 0.00045168872020440176
801.0 0.0003364678832440404
802.0 0.00022124706902104663
803.0 0.00046670984374941327
804.0 0.0007121726412151475
805.0 0.0009672086889622733
806.0 0.0012222445548104588
807.0 0.0008730422450753395
808.0 0.0005238399808149552
809.0 0.0004447738319868222
810.0 0.0003657076376839541
811.0 0.0005909487754252041
812.0 0.0008161897312675137
813.0 0.0009201959983329289
814.0 0.0010242024472972844
815.0 0.0008338478437508456
816.0 0.0006434930128307315
817.0 0.0007297917363757733
818.0 0.0008160905053955503
819.0 0.0008932655873650219
820.0 0.0009704404874355532
821.0 0.0007604321126564173
822.0 0.0005504237378772814
823.0 0.0004543412615021225
824.0 0.0003582589215511689
825.0 0.00033570199775567744
826.0 0.00031314505122281844
827.0 0.0006500837571365992
828.0 0.0009870224857877474
829.0 0.0005313127530826023
830.0 7.56029976400896e-05
831.0 0.00014494167999146157
832.0 0.0002142805442417739
833.0 0.00048348251766583417
834.0 0.0007526844456151593
835.0 0.0002776916744551272
836.0 1.698658032810163e-10
837.0 1.698658032810163e-10
838.0 6.29611406566255e-05
839.0 0.0003934793767257361
840.0 0.0007239977549033938
841.0 0.0009154056897386909
842.0 0.001106813670048723
843.0 0.0008578747838328127
844.0 0.0006089356702432269
845.0 0.0006043221219442785
846.0 0.0005997086191200651
847.0 0.0007892213034210727
848.0 0.0009787339877220802
849.0 0.0007968366844579577
850.0 0.0006149391083454248
851.0 0.0010876685337279923
852.0 0.0015603978681610897
853.0 0.0009791510819923133
854.0 0.0003979043412982719
855.0 0.00022466231257567415
856.0 5.14203236434696e-05
857.0 0.0006972552910156082
858.0 0.00134309029817814
859.0 0.001127734412875725
860.0 0.0009123781637754291
861.0 0.0012433458323357627
862.0 0.0015743133189971559
863.0 0.0016063269868027419
864.0 0.0016383404727093875
865.0 0.0018997026927536353
866.0 0.002161064912797883
867.0 0.0027956584744970314
868.0 0.003430251672398299
869.0 0.0030783936381340027
870.0 0.0027265352400718257
871.0 0.003246237974963151
872.0 0.003765941073652357
873.0 0.0028993616069783457
874.0 0.002032782504102215
875.0 0.002276267514389474
