lsstCam/transmission_filter_detector/r20_s10/y_10/19700101T000000.ecsv
# %ECSV 1.0
# ---
# datatype:
# - {name: wavelength, unit: nm, datatype: float32}
# - {name: efficiency, unit: '%', datatype: float64}
# meta: !!omap
# - {MODE: DETECTOR}
# - {TYPE: transmission_filter_detector}
# - {CALIBDATE: '1970-01-01T00:00:00'}
# - {INSTRUME: LSSTCam}
# - {OBSTYPE: transmission_filter_detector}
# - {CALIBCLS: lsst.ip.isr.IntermediateFilterDetectorTransmissionCurve}
# - {SOURCE: Materion (DM-46256)}
# - {DETECTOR: 75}
# - {FILTER: y_10}
# - {CALIB_ID: 'calibDate=1970-01-01T00:00:00 filter=y_10 detector=75'}
# - {DATE: '2025-04-02T15:59:51.089246'}
# - {CALIB_CREATION_DATE: '2025-04-02'}
# - {CALIB_CREATION_TIME: '15:59:51'}
# - __serialized_columns__:
#     efficiency:
#       __class__: astropy.units.quantity.Quantity
#       unit: !astropy.units.Unit {unit: '%'}
#       value: !astropy.table.SerializedColumn {name: efficiency}
#     wavelength:
#       __class__: astropy.units.quantity.Quantity
#       unit: !astropy.units.Unit {unit: nm}
#       value: !astropy.table.SerializedColumn {name: wavelength}
# schema: astropy-2.0
wavelength efficiency
[from data line 577]
877.0 0.0019220075046177953
878.0 0.0013242627574072685
879.0 0.0017355472664348781
880.0 0.05664877244271338
881.0 0.0874755613040179
882.0 0.06278424407355487
883.0 0.09437045664526522
884.0 0.07348418585024774
885.0 0.07613971829414368
886.0 0.059657118981704116
887.0 0.10163019178435206
888.0 0.06865152390673757
889.0 0.07715557003393769
890.0 0.05955149536021054
891.0 0.09828755864873528
892.0 0.0695746042765677
893.0 0.10471183340996504
894.0 0.061903963796794415
895.0 0.1082858070731163
896.0 0.07747968193143606
897.0 0.11485787108540535
898.0 0.07165572023950517
899.0 0.12376202503219247
900.0 0.08234214619733393
901.0 0.1006275531835854
902.0 0.1457863487303257
903.0 0.1365387928672135
904.0 0.14935374492779374
905.0 0.14197007985785604
906.0 0.1849648542702198
907.0 0.2277427352964878
908.0 0.2775360830128193
909.0 0.3525166539475322
910.0 0.454793032258749
911.0 0.6041023880243301
912.0 0.8556884713470936
913.0 1.272286381572485
914.0 1.7945647239685059
915.0 2.6502827182412148
916.0 3.797382488846779
917.0 5.188589170575142
918.0 6.954306364059448
919.0 8.79293903708458
920.0 11.462746560573578
921.0 14.383968710899353
922.0 17.201043665409088
923.0 20.431633293628693
924.0 23.87339472770691
925.0 27.636948227882385
926.0 32.39737153053284
927.0 37.81697750091553
928.0 42.92571544647217
929.0 48.82435500621796
930.0 54.56024408340454
931.0 60.67390441894531
932.0 66.93604588508606
933.0 72.95148968696594
934.0 77.96885967254639
935.0 82.13032484054565
936.0 85.82288026809692
937.0 88.83188366889954
938.0 91.15639925003052
939.0 92.73622632026672
940.0 93.800288438797
941.0 94.50098276138306
942.0 95.02816200256348
943.0 95.4043447971344
944.0 95.85630893707275
945.0 96.13468050956726
946.0 96.43840193748474
947.0 96.6707706451416
948.0 96.87092304229736
949.0 96.93401455879211
950.0 97.016042470932
951.0 97.0451831817627
952.0 97.01597094535828
953.0 97.1308946609497
954.0 97.12203741073608
955.0 97.08073139190674
956.0 97.29999303817749
957.0 97.45752811431885
958.0 97.61765003204346
959.0 97.75897264480591
960.0 97.90964722633362
961.0 98.07769060134888
962.0 98.21349382400513
963.0 98.28688502311707
964.0 98.42125177383423
965.0 98.51654767990112
966.0 98.62660765647888
967.0 98.72816801071167
968.0 98.72784614562988
969.0 98.7396240234375
970.0 98.76899123191833
971.0 98.7970769405365
972.0 98.85669946670532
973.0 98.920339345932
974.0 98.9291250705719
975.0 98.93848896026611
976.0 98.97969365119934
977.0 98.94697070121765
978.0 99.008709192276
979.0 99.01742339134216
980.0 98.99895787239075
981.0 98.93221855163574
982.0 98.88335466384888
983.0 98.94151091575623
984.0 98.88132810592651
985.0 98.92078638076782
986.0 98.77082705497742
987.0 98.85533452033997
988.0 98.69099855422974
989.0 98.69895577430725
990.0 98.62639307975769
991.0 98.62057566642761
992.0 98.63881468772888
993.0 98.5582172870636
994.0 98.49907159805298
995.0 98.52665066719055
996.0 98.49404692649841
997.0 98.58511686325073
998.0 98.62947463989258
999.0 98.65857362747192
1000.0 98.69280457496643
1001.0 98.66207242012024
1002.0 98.86239171028137
1003.0 98.84454607963562
1004.0 98.91706705093384
1005.0 98.91347885131836
1006.0 99.05481934547424
1007.0 99.04279112815857
1008.0 99.04265403747559
1009.0 99.00366067886353
1010.0 99.06509518623352
1011.0 99.06396865844727
1012.0 98.9972710609436
1013.0 99.03061389923096
1014.0 98.96410703659058
1015.0 98.9358127117157
1016.0 98.90367388725281
1017.0 98.92448782920837
1018.0 98.94832968711853
1019.0 98.81823658943176
1020.0 98.9042580127716
1021.0 98.95637631416321
1022.0 98.85383248329163
1023.0 98.90047311782837
1024.0 98.84998798370361
1025.0 98.87095093727112
1026.0 98.88783097267151
1027.0 98.98462891578674
1028.0 98.93459677696228
1029.0 99.02688264846802
1030.0 99.02334809303284
1031.0 99.04427528381348
1032.0 99.00688529014587
1033.0 98.96597266197205
1034.0 99.07104969024658
1035.0 99.08628463745117
1036.0 99.01261925697327
1037.0 99.06558394432068
1038.0 99.04351234436035
1039.0 98.93112778663635
1040.0 98.8632082939148
1041.0 98.95451068878174
1042.0 98.95302057266235
1043.0 98.88109564781189
1044.0 98.94441366195679
1045.0 98.63678812980652
1046.0 98.86530041694641
1047.0 98.70734214782715
1048.0 98.7890362739563
1049.0 98.68015646934509
1050.0 98.67775440216064
1051.0 98.59232306480408
1052.0 98.5907256603241
1053.0 98.48706722259521
1054.0 98.6612319946289
1055.0 98.83898496627808
1056.0 98.68711233139038
1057.0 98.78634214401245
1058.0 98.53540658950806
1059.0 98.69225025177002
1060.0 98.71179461479187
1061.0 98.69035482406616
1062.0 98.70906472206116
1063.0 98.74690771102905
1064.0 98.96097183227539
1065.0 98.78076314926147
1066.0 98.73890280723572
1067.0 98.87537360191345
1068.0 98.80423545837402
1069.0 98.61869215965271
1070.0 99.07991290092468
1071.0 98.85674118995667
1072.0 98.91940355300903
1073.0 99.04415011405945
1074.0 98.62499237060547
1075.0 98.66749048233032
1076.0 98.49469661712646
1077.0 98.88352155685425
1078.0 99.04060363769531
1079.0 98.5167145729065
1080.0 99.28521513938904
1081.0 98.49604368209839
1082.0 98.54006767272949
1083.0 98.46397638320923
1084.0 98.82121086120605
1085.0 98.88613224029541
1086.0 98.60969185829163
1087.0 98.66940379142761
1088.0 98.40165972709656
1089.0 98.50831031799316
1090.0 98.59451055526733
1091.0 98.69129061698914
1092.0 98.66364598274231
1093.0 98.56857657432556
1094.0 98.36997985839844
1095.0 98.31888675689697
1096.0 98.45961928367615
1097.0 98.41256141662598
1098.0 97.6952850818634
1099.0 98.3010470867157
1100.0 98.23945164680481
