lsstCam/transmission_filter_detector/r01_s11/y_10/19700101T000000.ecsv
# %ECSV 1.0
# ---
# datatype:
# - {name: wavelength, unit: nm, datatype: float32}
# - {name: efficiency, unit: '%', datatype: float64}
# meta: !!omap
# - {MODE: DETECTOR}
# - {TYPE: transmission_filter_detector}
# - {CALIBDATE: '1970-01-01T00:00:00'}
# - {INSTRUME: LSSTCam}
# - {OBSTYPE: transmission_filter_detector}
# - {CALIBCLS: lsst.ip.isr.IntermediateFilterDetectorTransmissionCurve}
# - {SOURCE: Materion (DM-46256)}
# - {DETECTOR: 4}
# - {FILTER: y_10}
# - {CALIB_ID: 'calibDate=1970-01-01T00:00:00 filter=y_10 detector=4'}
# - {DATE: '2025-04-02T15:59:50.759962'}
# - {CALIB_CREATION_DATE: '2025-04-02'}
# - {CALIB_CREATION_TIME: '15:59:50'}
# - __serialized_columns__:
#     efficiency:
#       __class__: astropy.units.quantity.Quantity
#       unit: !astropy.units.Unit {unit: '%'}
#       value: !astropy.table.SerializedColumn {name: efficiency}
#     wavelength:
#       __class__: astropy.units.quantity.Quantity
#       unit: !astropy.units.Unit {unit: nm}
#       value: !astropy.table.SerializedColumn {name: wavelength}
# schema: astropy-2.0
wavelength efficiency
[from data line 577]
877.0 0.0021641440980602056
878.0 0.0008771867214818485
879.0 0.0017266933355131187
880.0 0.04777343419846147
881.0 0.08390586590394378
882.0 0.07014217553660274
883.0 0.08944640285335481
884.0 0.05512189236469567
885.0 0.08290319819934666
886.0 0.06668510613963008
887.0 0.09260897058993578
888.0 0.05791130824945867
889.0 0.10249526239931583
890.0 0.06205401732586324
891.0 0.09308968437835574
892.0 0.0615403987467289
893.0 0.0850643846206367
894.0 0.07834660937078297
895.0 0.10810946114361286
896.0 0.07234573131427169
897.0 0.09977432200685143
898.0 0.06783578428439796
899.0 0.10462773498147726
900.0 0.07698317058384418
901.0 0.10938980849459767
902.0 0.1113324542529881
903.0 0.14623148599639535
904.0 0.14713832642883062
905.0 0.18736759666353464
906.0 0.18610997358337045
907.0 0.24675694294273853
908.0 0.3020493546500802
909.0 0.4170633386820555
910.0 0.528163556009531
911.0 0.7168507669121027
912.0 1.0423622094094753
913.0 1.5352568589150906
914.0 2.150473929941654
915.0 3.1578991562128067
916.0 4.475182667374611
917.0 6.044065952301025
918.0 8.010035008192062
919.0 10.007402300834656
920.0 12.891089916229248
921.0 15.943428874015808
922.0 18.93022656440735
923.0 22.328361868858337
924.0 25.94195008277893
925.0 29.92900311946869
926.0 34.99186336994171
927.0 40.7058447599411
928.0 46.095576882362366
929.0 52.219533920288086
930.0 58.08183550834656
931.0 64.2447292804718
932.0 70.43646574020386
933.0 76.16986036300659
934.0 80.90663552284241
935.0 84.64937806129456
936.0 87.93554306030273
937.0 90.48040509223938
938.0 92.38319396972656
939.0 93.55985522270203
940.0 94.48777437210083
941.0 95.01335620880127
942.0 95.45799493789673
943.0 95.75093388557434
944.0 96.26373648643494
945.0 96.4479386806488
946.0 96.65809273719788
947.0 96.76603078842163
948.0 97.00683355331421
949.0 96.90804481506348
950.0 97.03013896942139
951.0 97.08486199378967
952.0 97.04376459121704
953.0 97.1517026424408
954.0 97.18892574310303
955.0 97.19569683074951
956.0 97.3776638507843
957.0 97.60920405387878
958.0 97.77271747589111
959.0 97.91612029075623
960.0 98.0700433254242
961.0 98.19499850273132
962.0 98.34989905357361
963.0 98.42951893806458
964.0 98.52151870727539
965.0 98.59190583229065
966.0 98.65110516548157
967.0 98.76757860183716
968.0 98.74792098999023
969.0 98.73973727226257
970.0 98.7894356250763
971.0 98.83149266242981
972.0 98.90599250793457
973.0 98.91210794448853
974.0 98.95547032356262
975.0 98.93731474876404
976.0 98.9810585975647
977.0 98.96952509880066
978.0 99.03237223625183
979.0 99.03222918510437
980.0 98.98796677589417
981.0 98.96594882011414
982.0 98.9212691783905
983.0 98.93226027488708
984.0 98.88318181037903
985.0 98.8729476928711
986.0 98.7860381603241
987.0 98.79574775695801
988.0 98.7006664276123
989.0 98.65391254425049
990.0 98.5807478427887
991.0 98.62756729125977
992.0 98.60345721244812
993.0 98.56063723564148
994.0 98.55944514274597
995.0 98.55055809020996
996.0 98.5205888748169
997.0 98.60214591026306
998.0 98.64494800567627
999.0 98.68996739387512
1000.0 98.73077273368835
1001.0 98.72468113899231
1002.0 98.89023900032043
1003.0 98.91347885131836
1004.0 98.98260235786438
1005.0 98.94052743911743
1006.0 99.09923076629639
1007.0 99.07264709472656
1008.0 99.0626335144043
1009.0 99.01174306869507
1010.0 99.07204508781433
1011.0 99.07676577568054
1012.0 98.96832704544067
1013.0 99.00227785110474
1014.0 98.9665687084198
1015.0 98.93534183502197
1016.0 98.88944029808044
1017.0 98.929762840271
1018.0 98.90233278274536
1019.0 98.82671236991882
1020.0 98.89786839485168
1021.0 98.98675084114075
1022.0 98.84973168373108
1023.0 98.8920271396637
1024.0 98.85709285736084
1025.0 98.83979558944702
1026.0 98.9018440246582
1027.0 98.98899793624878
1028.0 98.92967939376831
1029.0 99.04057383537292
1030.0 99.05619621276855
1031.0 99.07568693161011
1032.0 99.04270768165588
1033.0 99.03560280799866
1034.0 99.07662272453308
1035.0 99.09179210662842
1036.0 99.093759059906
1037.0 99.07600283622742
1038.0 99.04420971870422
1039.0 98.96424412727356
1040.0 98.90691637992859
1041.0 98.97164106369019
1042.0 98.96650910377502
1043.0 98.82264733314514
1044.0 98.98550510406494
1045.0 98.64423274993896
1046.0 98.80791306495667
1047.0 98.70814085006714
1048.0 98.74922633171082
1049.0 98.7236738204956
1050.0 98.68079423904419
1051.0 98.68372678756714
1052.0 98.61895442008972
1053.0 98.53151440620422
1054.0 98.71276617050171
1055.0 98.81951212882996
1056.0 98.71066212654114
1057.0 98.79668354988098
1058.0 98.65148663520813
1059.0 98.68252873420715
1060.0 98.79932403564453
1061.0 98.71507287025452
1062.0 98.75871539115906
1063.0 98.69533181190491
1064.0 98.89899492263794
1065.0 98.8186776638031
1066.0 98.87506365776062
1067.0 98.9370048046112
1068.0 98.79642128944397
1069.0 98.70957136154175
1070.0 99.02013540267944
1071.0 98.82402420043945
1072.0 99.0372896194458
1073.0 99.06560182571411
1074.0 98.63047003746033
1075.0 98.72645139694214
1076.0 98.39149713516235
1077.0 98.82524609565735
1078.0 98.96032214164734
1079.0 98.589426279068
1080.0 99.25438165664673
1081.0 98.47202897071838
1082.0 98.38249683380127
1083.0 98.6271619796753
1084.0 98.87775182723999
1085.0 98.75665307044983
1086.0 98.74777793884277
1087.0 98.77606630325317
1088.0 98.44485521316528
1089.0 98.31798076629639
1090.0 98.54530096054077
1091.0 98.71718287467957
1092.0 98.77393245697021
1093.0 98.47345352172852
1094.0 98.27313423156738
1095.0 98.5588788986206
1096.0 98.75416159629822
1097.0 98.23989272117615
1098.0 97.76356816291809
1099.0 98.46962094306946
1100.0 98.23275208473206
