lsstCam/transmission_filter_detector/r01_s11/y_10/19700101T000000.ecsv
# %ECSV 1.0
# ---
# datatype:
# - {name: wavelength, unit: nm, datatype: float32}
# - {name: efficiency, unit: '%', datatype: float64}
# meta: !!omap
# - {MODE: DETECTOR}
# - {TYPE: transmission_filter_detector}
# - {CALIBDATE: '1970-01-01T00:00:00'}
# - {INSTRUME: LSSTCam}
# - {OBSTYPE: transmission_filter_detector}
# - {CALIBCLS: lsst.ip.isr.IntermediateFilterDetectorTransmissionCurve}
# - {SOURCE: Materion (DM-46256)}
# - {DETECTOR: 4}
# - {FILTER: y_10}
# - {CALIB_ID: 'calibDate=1970-01-01T00:00:00 filter=y_10 detector=4'}
# - {DATE: '2025-04-02T15:59:50.759962'}
# - {CALIB_CREATION_DATE: '2025-04-02'}
# - {CALIB_CREATION_TIME: '15:59:50'}
# - __serialized_columns__:
#     efficiency:
#       __class__: astropy.units.quantity.Quantity
#       unit: !astropy.units.Unit {unit: '%'}
#       value: !astropy.table.SerializedColumn {name: efficiency}
#     wavelength:
#       __class__: astropy.units.quantity.Quantity
#       unit: !astropy.units.Unit {unit: nm}
#       value: !astropy.table.SerializedColumn {name: wavelength}
# schema: astropy-2.0
wavelength efficiency
300.0 0.5320974159985781
301.0 0.28661496471613646
302.0 0.041132516344077885
303.0 0.03572875866666436
304.0 0.03032500098925084
305.0 0.017337519966531545
306.0 0.004350034214439802
307.0 0.01266981998924166
308.0 0.020989601034671068
309.0 0.014924081915523857
310.0 0.008858559158397838
311.0 0.0084103608969599
312.0 0.007962159725138918
313.0 0.008111150964396074
314.0 0.008260142931248993
315.0 0.006707696593366563
316.0 0.00515525316586718
317.0 0.005488118767971173
318.0 0.005820980368298478
319.0 0.0030337510906974785
320.0 0.00024651933472341625
321.0 0.0030063554731896147
322.0 0.0057661920436657965
323.0 0.004470287240110338
324.0 0.0031743828003527597
325.0 0.0016092299119918607
326.0 4.407694405017537e-05
327.0 0.0011261941835982725
328.0 0.002208311707363464
329.0 0.00363494036719203
330.0 0.005061568663222715
331.0 0.004338836879469454
332.0 0.0036161047319183126
333.0 0.002655689968378283
334.0 0.0016952744772424921
335.0 0.0020260686142137274
336.0 0.0023568631149828434
337.0 0.0027076883270638064
338.0 0.0030585131753468886
339.0 0.0014253756489779335
340.0 1.6751821284299862e-10
341.0 1.6751821284299862e-10
342.0 1.6751821284299862e-10
343.0 0.0002449243311275495
344.0 0.001312576023337897
345.0 0.0015314712072722614
346.0 0.001750366936903447
347.0 0.00156650767166866
348.0 0.0013826484064338729
349.0 0.0011161006113979965
350.0 0.0008495525435137097
351.0 0.0012729430636682082
352.0 0.0016963329471764155
353.0 0.0013679911717190407
354.0 0.001039649396261666
355.0 0.0011976830137427896
356.0 0.001355716540274443
357.0 0.0011171746336913202
358.0 0.0008786324542597868
359.0 0.0008724913641344756
360.0 0.0008663502740091644
361.0 0.001168190374301048
362.0 0.0014700302926939912
363.0 0.0012400229934428353
364.0 0.0010100153303937986
365.0 0.0013470804333337583
366.0 0.0016841459000715986
367.0 0.0021583457055385225
368.0 0.002632545329106506
369.0 0.0022698190150549635
370.0 0.0019070928829023615
371.0 0.0018734708646661602
372.0 0.0018398486645310186
373.0 0.0020937521185260266
374.0 0.0023476553906220943
375.0 0.00328746136801783
376.0 0.004227266981615685
377.0 0.004043308217660524
378.0 0.003859349453705363
379.0 0.003468699287623167
380.0 0.003078049121540971
381.0 0.0021570371245616116
382.0 0.0012360250366327818
383.0 0.0012517121831479017
384.0 0.001267399056814611
385.0 0.0009791378033696674
386.0 0.000690876640874194
387.0 0.0007822365660103969
388.0 0.0008735964911465999
389.0 0.0007837403245503083
390.0 0.0006938843398529571
391.0 0.0005784432232758263
392.0 0.00046300210669869557
393.0 0.0005482173946802504
394.0 0.0006334328190860106
395.0 0.0006020607543177903
396.0 0.0005706887804990401
397.0 0.0008150635949277785
398.0 0.0010594383638817817
399.0 0.0012633508049475495
400.0 0.0014672632460133173
401.0 0.0016374489860027097
402.0 0.0018076350897899829
403.0 0.0018590917534311302
404.0 0.0019105485989712179
405.0 0.0017164984456030652
406.0 0.0015224484741338529
407.0 0.0013299350030138157
408.0 0.0011374216228432488
409.0 0.0009225237590726465
410.0 0.0007076255315041635
411.0 0.0005015641363570467
412.0 0.00029550260478572454
413.0 0.0011534400073287543
414.0 0.0020113771824981086
415.0 0.002069183210551273
416.0 0.0021269896024023183
417.0 0.0008523107680957764
418.0 1.6751821284299862e-10
419.0 1.6751821284299862e-10
420.0 1.6751821284299862e-10
421.0 3.1699522651251755e-05
422.0 0.001168741346191382
423.0 0.0011594707757467404
424.0 0.001150199841504218
425.0 0.0004803125648322748
426.0 1.6751821284299862e-10
427.0 1.6751821284299862e-10
428.0 5.174384796191589e-05
429.0 1.6751821284299862e-10
430.0 1.6751821284299862e-10
431.0 9.994173524319194e-05
432.0 0.0011318279575789347
433.0 0.001099118253478082
434.0 0.00106640900412458
435.0 0.0004894328867521835
436.0 1.6751821284299862e-10
437.0 1.6751821284299862e-10
438.0 1.6751821284299862e-10
439.0 1.6751821284299862e-10
440.0 1.6751821284299862e-10
441.0 1.6751821284299862e-10
442.0 1.6751821284299862e-10
443.0 1.6751821284299862e-10
444.0 0.000539142911293311
445.0 0.00044936846279597376
446.0 0.0003595939688239014
447.0 0.0005519222668226575
448.0 0.0007442504738719435
449.0 0.0010339124855818227
450.0 0.001323574088019086
451.0 0.0007223707598313922
452.0 0.00012116748848711723
453.0 0.00013461273056236678
454.0 0.00014805789305682993
455.0 1.6751821284299862e-10
456.0 1.6751821284299862e-10
457.0 1.6751821284299862e-10
458.0 3.216468869027267e-06
459.0 9.222337666869862e-05
460.0 0.00018123026848115842
461.0 0.0002391659563727444
462.0 0.0002971016783703817
463.0 0.0002773934738797834
464.0 0.0002576853148639202
465.0 0.00031278257210942684
466.0 0.00036787987482966855
467.0 0.000992577406577766
468.0 0.001617274756426923
469.0 0.0016131869415403344
470.0 0.001609098762855865
471.0 0.0017465321434428915
472.0 0.0018839651602320373
473.0 0.0023991982743609697
474.0 0.002914431388489902
475.0 0.002775675238808617
476.0 0.0026369192710262723
477.0 0.003028447099495679
478.0 0.0034199751098640263
479.0 0.003937544533982873
480.0 0.0044551143218996
481.0 0.004456926762941293
482.0 0.004458738840185106
483.0 0.003969983663409948
484.0 0.003481228486634791
485.0 0.0036917641409672797
486.0 0.0039022997952997684
487.0 0.003076186840189621
488.0 0.0022500738850794733
489.0 0.0019010081814485602
490.0 0.0015519428416155279
491.0 0.001576177055540029
492.0 0.0016004110875655897
493.0 0.001270312895940151
494.0 0.0009402148862136528
495.0 0.0012407982467266265
496.0 0.001541381971037481
497.0 0.002017173756030388
498.0 0.0024929660867201164
499.0 0.002351234434172511
500.0 0.0022095027816249058
501.0 0.0022824935513199307
502.0 0.0023554843210149556
503.0 0.0024219512852141634
504.0 0.0024884180675144307
505.0 0.0031071711418917403
506.0 0.00372592439816799
507.0 0.002594426041468978
508.0 0.0014629268662247341
509.0 0.0018602893760544248
510.0 0.002257651613035705
511.0 0.002195152956119273
512.0 0.00213265393540496
513.0 0.0020150715499767102
514.0 0.0018974893464474007
515.0 0.0015416788301081397
516.0 0.001185868040920468
517.0 0.0013376549759414047
518.0 0.0014894415471644606
519.0 0.001451796924811788
520.0 0.0014141520296107046
521.0 0.0015957642972352915
522.0 0.0017773762010619976
523.0 0.001551208333694376
524.0 0.0013250403753772844
525.0 0.0019028106180485338
526.0 0.0024805814973660745
527.0 0.0023342601707554422
528.0 0.002187939389841631
529.0 0.0024928031052695587
530.0 0.002797666638798546
531.0 0.0025931545678758994
532.0 0.0023886423150543123
533.0 0.0026382622309029102
534.0 0.002887881601054687
535.0 0.0023770140614942648
536.0 0.001866146340034902
537.0 0.0022319245545077138
538.0 0.002597702587081585
539.0 0.003224340616725385
540.0 0.003850978464470245
541.0 0.003840046701952815
542.0 0.0038291145756375045
543.0 0.004106535197934136
544.0 0.004383955820230767
545.0 0.004707574407802895
546.0 0.005031192267779261
547.0 0.0041649076592875645
548.0 0.003298623050795868
549.0 0.0029494129194063134
550.0 0.002600202242319938
551.0 0.0025824545446084812
552.0 0.0025647068468970247
553.0 0.003155065860482864
554.0 0.0037454243283718824
555.0 0.0038471676816698164
556.0 0.003948911398765631
557.0 0.0037156292819418013
558.0 0.003482347892713733
559.0 0.0036425553844310343
560.0 0.0038027632399462163
561.0 0.0037619214708684012
562.0 0.0037210789741948247
563.0 0.003447752897045575
564.0 0.0031744268198963255
565.0 0.003712343459483236
566.0 0.004250260826665908
567.0 0.00466063320345711
568.0 0.005071005580248311
569.0 0.005792826777906157
570.0 0.006514647975564003
571.0 0.006387177563738078
572.0 0.00625970569672063
573.0 0.0064120758906938136
574.0 0.006564446812262759
575.0 0.006379968544933945
576.0 0.006195490277605131
577.0 0.0055643165978835896
578.0 0.004933142918162048
579.0 0.005648721344186924
580.0 0.006364299770211801
581.0 0.007098714559106156
582.0 0.00783312862040475
583.0 0.008925188012653962
584.0 0.010017243766924366
585.0 0.010403493070043623
586.0 0.010789741645567119
587.0 0.01060782597051002
588.0 0.010425907385069877
589.0 0.010603348346194252
590.0 0.01078079076251015
591.0 0.00978635871433653
592.0 0.008791925938567147
593.0 0.007178174564614892
594.0 0.0055644268286414444
595.0 0.005444845010060817
596.0 0.00532526355527807
597.0 0.005866375067853369
598.0 0.006407486944226548
599.0 0.007533161988249049
600.0 0.008658837032271549
601.0 0.009258665522793308
602.0 0.009858492558123544
603.0 0.010726391337811947
604.0 0.011594293755479157
605.0 0.011544419248821214
606.0 0.011494545469759032
607.0 0.01001117198029533
608.0 0.008527801401214674
609.0 0.006492190004792064
610.0 0.004456579699763097
611.0 0.0038009042327757925
612.0 0.0031452284019906074
613.0 0.0035974440834252164
614.0 0.004049659037264064
615.0 0.004666710810852237
616.0 0.005283763675834052
617.0 0.006741556717315689
618.0 0.008199350122595206
619.0 0.009124920325120911
620.0 0.010050491982838139
621.0 0.010882073547691107
622.0 0.011713655840139836
623.0 0.011760623601730913
624.0 0.011807586997747421
625.0 0.010291735816281289
626.0 0.00877588172443211
627.0 0.0070040659920778126
628.0 0.0052322488045319915
629.0 0.004389338209875859
630.0 0.003546427615219727
631.0 0.003005492362717632
632.0 0.002464556928316597
633.0 0.002550758290453814
634.0 0.0026369598344899714
635.0 0.0028478383683250286
636.0 0.0030587161745643243
637.0 0.003986448064097203
638.0 0.004914179953630082
639.0 0.004946590706822462
640.0 0.0049790014600148425
641.0 0.00533313250343781
642.0 0.0056872639106586576
643.0 0.005458245141198859
644.0 0.00522922637173906
645.0 0.00482159957755357
646.0 0.0044139724195702
647.0 0.0036671641282737255
648.0 0.0029203556550783105
649.0 0.002155872243747581
650.0 0.0013913886505179107
651.0 0.0014522960555041209
652.0 0.0015132038242882118
653.0 0.0015826244634808972
654.0 0.0016520451026735827
655.0 0.001694999446044676
656.0 0.001737953607516829
657.0 0.0016343627066817135
658.0 0.001530771805846598
659.0 0.0018704748072195798
660.0 0.0022101778085925616
661.0 0.001934238025569357
662.0 0.0016582982425461523
663.0 0.0022927701138542034
664.0 0.0029272421670611948
665.0 0.0035861645301338285
666.0 0.004245086893206462
667.0 0.004695790266850963
668.0 0.005146492185303941
669.0 0.005424418850452639
670.0 0.00570234187762253
671.0 0.0064305429987143725
672.0 0.007158744119806215
673.0 0.008069005707511678
674.0 0.00897926656762138
675.0 0.008323019574163482
676.0 0.007666774035897106
677.0 0.006042652603355236
678.0 0.004418531170813367
679.0 0.0028457812732085586
680.0 0.001273032194148982
681.0 0.0005708742719434667
682.0 1.6751821284299862e-10
683.0 0.00011514507605170365
684.0 0.0003615740070017637
685.0 0.0001509253934273147
686.0 1.6751821284299862e-10
687.0 0.00011258080121478997
688.0 0.00028488489078881685
689.0 0.00031061617846717127
690.0 0.0003363475343576283
691.0 0.00041805483306234237
692.0 0.000499762199979159
693.0 0.00045232000047690235
694.0 0.00040487780097464565
695.0 0.0004391302354633808
696.0 0.00047338271542685106
697.0 0.0005076131856185384
698.0 0.0005418435648607556
699.0 0.0004483661541598849
700.0 0.00035488840239850106
701.0 0.00029681677915505134
702.0 0.0002387452013863367
703.0 0.0003124831664536032
704.0 0.00038622106330876704
705.0 0.0004219526999804657
706.0 0.0004576841092784889
707.0 8.261896482508746e-05
708.0 1.6751821284299862e-10
709.0 8.928834915877815e-06
710.0 0.00031030385798658244
711.0 0.0004492625521379523
712.0 0.0005882212462893222
713.0 0.00036110204746364616
714.0 0.00013398289411270525
715.0 0.00034025508739432553
716.0 0.0005465273261506809
717.0 0.0004567624273477122
718.0 0.00036699764223158127
719.0 0.0004320616426412016
720.0 0.0004971255293639842
721.0 0.0003084370518990909
722.0 0.00011974856306551374
723.0 0.00023854290702729486
724.0 0.0003573371714082896
725.0 0.00038539310480700806
726.0 0.00041344915189256426
727.0 0.00010644682788552018
728.0 1.6751821284299862e-10
729.0 7.763687221995497e-05
730.0 0.00035582907003117725
731.0 0.0006048006525816163
732.0 0.0008537724170309957
733.0 0.00030825790418020915
734.0 1.6751821284299862e-10
735.0 1.6751821284299862e-10
736.0 1.6751821284299862e-10
737.0 0.00022219796846911777
738.0 0.0008300715307996143
739.0 0.0005089275873615406
740.0 0.00018778334833768895
741.0 5.548367312258051e-05
742.0 1.6751821284299862e-10
743.0 1.6751821284299862e-10
744.0 1.6751821284299862e-10
745.0 8.473022603538993e-05
746.0 0.0004824360985367093
747.0 0.000354650592271355
748.0 0.0002268652224302059
749.0 6.659489599769586e-05
750.0 1.6751821284299862e-10
751.0 1.6751821284299862e-10
752.0 3.893739730642665e-06
753.0 0.0002731932681854232
754.0 0.0005424928076536162
755.0 1.6751821284299862e-10
756.0 1.6751821284299862e-10
757.0 1.6751821284299862e-10
758.0 1.6751821284299862e-10
759.0 0.0003160972937621409
760.0 0.0008450992027064785
761.0 0.0004107477252546232
762.0 1.6751821284299862e-10
763.0 1.6751821284299862e-10
764.0 1.231739190643566e-05
765.0 0.0002681135811144486
766.0 0.0005239096026343759
767.0 3.8283133108052425e-05
768.0 1.6751821284299862e-10
769.0 1.6751821284299862e-10
770.0 1.6751821284299862e-10
771.0 1.6751821284299862e-10
772.0 1.6751821284299862e-10
773.0 0.0002255803792650113
774.0 0.0005996344953018706
775.0 0.0003112981175945606
776.0 2.296165746429324e-05
777.0 0.0001675247972343641
778.0 0.00031208799100568285
779.0 0.000539001302968245
780.0 0.0007659145921934396
781.0 0.000744520002626814
782.0 0.000723125276635983
783.0 0.0005630621217278531
784.0 0.0004029991032439284
785.0 0.0002423361820547143
786.0 8.167285727722629e-05
787.0 0.0005798979600513121
788.0 0.0010781228411360644
789.0 0.0009183101610688027
790.0 0.0007584975719510112
791.0 0.0004243771854817169
792.0 9.025670806295238e-05
793.0 0.0003863834081130335
794.0 0.0006825098353147041
795.0 0.000731309000912006
796.0 0.0007801079846103676
797.0 0.00041993021113739815
798.0 5.975253429824079e-05
799.0 0.00043846880544151645
800.0 0.0008171851732186042
801.0 0.00030982282623881474
802.0 1.6751821284299862e-10
803.0 0.00015180449963736464
804.0 0.0005011483608541312
805.0 0.0008385733053728472
806.0 0.0011759982044168282
807.0 0.0006932216365385102
808.0 0.00021044515960966237
809.0 1.6751821284299862e-10
810.0 1.6751821284299862e-10
811.0 8.428789897152456e-05
812.0 0.0004984973656974034
813.0 0.0009214065357809886
814.0 0.001344315751339309
815.0 0.001298338065680582
816.0 0.0012523599252745043
817.0 0.0009691624654806219
818.0 0.0006859650511614745
819.0 0.0008065982001426164
820.0 0.0009272313945984934
821.0 0.0009035091352416202
822.0 0.000879786784935277
823.0 0.0008583726412325632
824.0 0.0008369585884793196
825.0 0.0007262255167006515
826.0 0.0006154924903967185
827.0 0.0006007926003803732
828.0 0.0005860928013134981
829.0 0.00015436085050168913
830.0 1.6751821284299862e-10
831.0 1.6751821284299862e-10
832.0 8.258765546997893e-05
833.0 0.0003169489673382486
834.0 0.0005513101314136293
835.0 6.386339634900651e-06
836.0 1.6751821284299862e-10
837.0 1.6751821284299862e-10
838.0 1.6751821284299862e-10
839.0 0.0003937471774406731
840.0 0.000951186848396901
841.0 0.0011034314411517698
842.0 0.0012556759429571684
843.0 0.0009655045687395614
844.0 0.0006753328761988087
845.0 0.0006778596798540093
846.0 0.0006803863925597398
847.0 0.00099222552307765
848.0 0.0013040646990702953
849.0 0.001051765684678685
850.0 0.0007994663064891938
851.0 0.0010884987204917707
852.0 0.0013775310435448773
853.0 0.0005368296569940867
854.0 1.6751821284299862e-10
855.0 1.6751821284299862e-10
856.0 1.6751821284299862e-10
857.0 0.0004313102181185968
858.0 0.00141603741212748
859.0 0.0013824782399751712
860.0 0.0013489186130755115
861.0 0.0014657803149020765
862.0 0.001582642289577052
863.0 0.0018485699911252595
864.0 0.002114497692673467
865.0 0.002154744834115263
866.0 0.0021949923393549398
867.0 0.0028376420232234523
868.0 0.0034802917070919648
869.0 0.0030002431230968796
870.0 0.0025201941753039137
871.0 0.00319620048685465
872.0 0.003872207162203267
873.0 0.002767274600046221
874.0 0.0016623424016870558
875.0 0.0025567222110112198
