lsstCam/transmission_filter_detector/r10_s20/i_39/19700101T000000.ecsv
# %ECSV 1.0
# ---
# datatype:
# - {name: wavelength, unit: nm, datatype: float32}
# - {name: efficiency, unit: '%', datatype: float64}
# meta: !!omap
# - {MODE: DETECTOR}
# - {TYPE: transmission_filter_detector}
# - {CALIBDATE: '1970-01-01T00:00:00'}
# - {INSTRUME: LSSTCam}
# - {OBSTYPE: transmission_filter_detector}
# - {CALIBCLS: lsst.ip.isr.IntermediateFilterDetectorTransmissionCurve}
# - {SOURCE: Materion (DM-46256)}
# - {DETECTOR: 33}
# - {FILTER: i_39}
# - {CALIB_ID: 'calibDate=1970-01-01T00:00:00 filter=i_39 detector=33'}
# - {DATE: '2025-04-02T15:59:46.632265'}
# - {CALIB_CREATION_DATE: '2025-04-02'}
# - {CALIB_CREATION_TIME: '15:59:46'}
# - __serialized_columns__:
#     efficiency:
#       __class__: astropy.units.quantity.Quantity
#       unit: !astropy.units.Unit {unit: '%'}
#       value: !astropy.table.SerializedColumn {name: efficiency}
#     wavelength:
#       __class__: astropy.units.quantity.Quantity
#       unit: !astropy.units.Unit {unit: nm}
#       value: !astropy.table.SerializedColumn {name: wavelength}
# schema: astropy-2.0
wavelength efficiency
300.0 0.08347510593011975
301.0 0.041597356903366745
302.0 1.7177703487067375e-10
303.0 0.02095451345667243
304.0 0.04218938702251762
305.0 0.03990805416833609
306.0 0.03762672422453761
307.0 0.014872722385916859
308.0 1.7177703487067375e-10
309.0 1.7177703487067375e-10
310.0 1.7177703487067375e-10
311.0 1.7177703487067375e-10
312.0 0.0006860934263386298
313.0 0.0005470278665598016
314.0 0.000407960533266305
315.0 1.7177703487067375e-10
316.0 1.7177703487067375e-10
317.0 1.7177703487067375e-10
318.0 1.7177703487067375e-10
319.0 1.7177703487067375e-10
320.0 1.7177703487067375e-10
321.0 1.7177703487067375e-10
322.0 0.0022897784219821915
323.0 1.7177703487067375e-10
324.0 1.7177703487067375e-10
325.0 1.7177703487067375e-10
326.0 1.7177703487067375e-10
327.0 0.0006784283868910279
328.0 0.0030565544875571504
329.0 0.0027032227080781013
330.0 0.002349891292396933
331.0 0.0016439813407487236
332.0 0.0009380720257468056
333.0 0.0019175649867975153
334.0 0.0028970576749998145
335.0 0.0016890660845092498
336.0 0.00048107535803865176
337.0 0.0015788720702403225
338.0 0.002676669100765139
339.0 0.0031404710171045735
340.0 0.003604273297241889
341.0 0.0003140172566418187
342.0 1.7177703487067375e-10
343.0 1.7177703487067375e-10
344.0 1.7177703487067375e-10
345.0 1.7177703487067375e-10
346.0 1.7177703487067375e-10
347.0 1.7177703487067375e-10
348.0 1.7177703487067375e-10
349.0 1.7177703487067375e-10
350.0 4.1419673380005406e-05
351.0 1.7177703487067375e-10
352.0 1.7177703487067375e-10
353.0 1.7177703487067375e-10
354.0 1.7177703487067375e-10
355.0 1.7177703487067375e-10
356.0 1.7177703487067375e-10
357.0 0.0005622265689453343
358.0 0.0019578752471716143
359.0 0.0017930899048224092
360.0 0.0016283038348774426
361.0 0.000996679864329053
362.0 0.00036505566640698817
363.0 0.00016496377384100924
364.0 1.7177703487067375e-10
365.0 0.000934394120122306
366.0 0.00190391674550483
367.0 0.0010982162166328635
368.0 0.0002925155968114268
369.0 0.0007353106411756016
370.0 0.0011781056855397765
371.0 0.000963204638537718
372.0 0.0007483034551114542
373.0 0.0006650401701335795
374.0 0.0005817768396809697
375.0 1.7177703487067375e-10
376.0 1.7177703487067375e-10
377.0 1.7177703487067375e-10
378.0 1.7177703487067375e-10
379.0 1.7177703487067375e-10
380.0 1.7177703487067375e-10
381.0 1.7177703487067375e-10
382.0 1.7177703487067375e-10
383.0 0.0001394489004269417
384.0 0.0015083130165294278
385.0 0.0011762762369471602
386.0 0.0008442390935670119
387.0 1.7177703487067375e-10
388.0 1.7177703487067375e-10
389.0 1.7177703487067375e-10
390.0 1.7177703487067375e-10
391.0 1.7177703487067375e-10
392.0 1.7177703487067375e-10
393.0 3.172110325522226e-05
394.0 0.0007007281510595931
395.0 1.7177703487067375e-10
396.0 1.7177703487067375e-10
397.0 1.7177703487067375e-10
398.0 1.7177703487067375e-10
399.0 0.00019831816189253004
400.0 0.0005046112164563965
401.0 1.7177703487067375e-10
402.0 1.7177703487067375e-10
403.0 0.0004478974915400613
404.0 0.0026587516913423315
405.0 0.004368828012957238
406.0 0.0060789036069763824
407.0 0.002794956890284084
408.0 1.7177703487067375e-10
409.0 1.7177703487067375e-10
410.0 1.7177703487067375e-10
411.0 0.0028524244044092484
412.0 0.0057468569139018655
413.0 0.005009822780266404
414.0 0.004272790101822466
415.0 0.0043293472117511556
416.0 0.0043859043216798455
417.0 0.0028255273718968965
418.0 0.0012651502402150072
419.0 0.004344700573710725
420.0 0.007424250361509621
421.0 0.006082162508391775
422.0 0.004740073563880287
423.0 0.004524119867710397
424.0 0.004308166171540506
425.0 0.0036590005038306117
426.0 0.003009834290423896
427.0 0.0038775782741140574
428.0 0.00474532280350104
429.0 0.005329243867890909
430.0 0.005913164932280779
431.0 0.0046230550651671365
432.0 0.003332945561851375
433.0 0.004477339098230004
434.0 0.005621732634608634
435.0 0.003960383037338033
436.0 0.002299033440067433
437.0 0.0019376864656805992
438.0 0.001576339673192706
439.0 0.0022272904971032403
440.0 0.0028782416848116554
441.0 0.0011966046258748975
442.0 1.7177703487067375e-10
443.0 1.7177703487067375e-10
444.0 1.7177703487067375e-10
445.0 1.7177703487067375e-10
446.0 1.7177703487067375e-10
447.0 0.00027778844469139585
448.0 0.0006463683348556515
449.0 1.7177703487067375e-10
450.0 1.7177703487067375e-10
451.0 1.7177703487067375e-10
452.0 0.0006414435574697563
453.0 0.0011589799214561936
454.0 0.0016765166947152466
455.0 0.0017208376448252238
456.0 0.0017651589587330818
457.0 0.0012364907888695598
458.0 0.0007078225280565675
459.0 0.0001487229496888176
460.0 1.7177703487067375e-10
461.0 6.189317787175241e-05
462.0 0.0005341630640032236
463.0 0.000129843965623877
464.0 1.7177703487067375e-10
465.0 1.4861358010875847e-05
466.0 0.0003041978288820246
467.0 0.0006010489414620679
468.0 0.0008979000085673761
469.0 0.0005753463938162895
470.0 0.00025279284727730555
471.0 0.0005232438525126781
472.0 0.0007936949259601533
473.0 0.0010465723789820913
474.0 0.00129945019580191
475.0 0.0006905526333866874
476.0 8.165534950421716e-05
477.0 0.0004703525519289542
478.0 0.0008590497600380331
479.0 0.0009247555681213271
480.0 0.0009904614671540912
481.0 0.002437817965983413
482.0 0.003885172918671742
483.0 0.005014382259105332
484.0 0.006143590871943161
485.0 0.006085721906856634
486.0 0.0060278529417701066
487.0 0.00891923627932556
488.0 0.011810621072072536
489.0 0.01589861640240997
490.0 0.01998661318793893
491.0 0.023785055964253843
492.0 0.027583498740568757
493.0 0.03039593866560608
494.0 0.033208378590643406
495.0 0.02957973920274526
496.0 0.02595109399408102
497.0 0.019562362285796553
498.0 0.01317362766712904
499.0 0.009543743362883106
500.0 0.005913859786232933
501.0 0.004387658555060625
502.0 0.0028614576876861975
503.0 0.0022068206817493774
504.0 0.0015521833120146766
505.0 0.0016423224224126898
506.0 0.0017324617147096433
507.0 0.001902948679344263
508.0 0.0020734354620799422
509.0 0.0023889864678494632
510.0 0.002704537291720044
511.0 0.002092989052471239
512.0 0.0014814407222729642
513.0 0.0016168383808690123
514.0 0.00175223576661665
515.0 0.002256799052702263
516.0 0.0027613627025857568
517.0 0.0022032301785657182
518.0 0.0016450980183435604
519.0 0.0018665383322513662
520.0 0.002087978646159172
521.0 0.0017934651623363607
522.0 0.0014989517694630194
523.0 0.0014488599845208228
524.0 0.0013987685633765068
525.0 0.0018838107280316763
526.0 0.0023688528017373756
527.0 0.0028123567972215824
528.0 0.0032558604289079085
529.0 0.0035032913729082793
530.0 0.0037507219531107694
531.0 0.003365481461514719
532.0 0.0029802400604239665
533.0 0.0023554210201837122
534.0 0.0017306023437413387
535.0 0.0017938200471689925
536.0 0.0018570377505966462
537.0 0.0023173117369879037
538.0 0.0027775853595812805
539.0 0.0033382748370058835
540.0 0.0038989648601273075
541.0 0.004476573667488992
542.0 0.005054182838648558
543.0 0.005208435686654411
544.0 0.0053626888984581456
545.0 0.004425197403179482
546.0 0.003487706635496579
547.0 0.0027861031412612647
548.0 0.0020844996470259503
549.0 0.001976016392291058
550.0 0.0018675333194551058
551.0 0.0014101789929554798
552.0 0.0009528249393042643
553.0 0.0015410512787639163
554.0 0.0021292777091730386
555.0 0.001713350684440229
556.0 0.0012974237506568898
557.0 0.0009336824405181687
558.0 0.000569941266803653
559.0 0.00010087147757076309
560.0 1.7177703487067375e-10
561.0 0.0004459368938114494
562.0 0.0012600722584465984
563.0 0.0014544846635544673
564.0 0.0016488971596118063
565.0 0.0013085837963444646
566.0 0.0009682703421276528
567.0 0.000989650834526401
568.0 0.001011031235975679
569.0 0.0009542767656967044
570.0 0.0008975221135187894
571.0 0.0006069802566344151
572.0 0.00031643835427530576
573.0 0.00041658531699795276
574.0 0.0005167322797205998
575.0 0.0004644754881155677
576.0 0.0004122185600863304
577.0 0.00043407458178990055
578.0 0.0004559306944429409
579.0 0.00014698313179906108
580.0 1.7177703487067375e-10
581.0 6.908642831149336e-05
582.0 0.00030013732157385675
583.0 0.0004099363650311716
584.0 0.0005197353857511189
585.0 0.0007051763986964943
586.0 0.0008906175025913399
587.0 0.0007941816875245422
588.0 0.0006977457815082744
589.0 0.0006831777682236861
590.0 0.000668609800413833
591.0 0.0009061041964741889
592.0 0.0011435990018071607
593.0 0.0007084814114932669
594.0 0.00027336391212884337
595.0 0.0005337345555744832
596.0 0.0007941051080706529
597.0 0.0007300963261513971
598.0 0.0006660876351816114
599.0 0.0005630138275591889
600.0 0.0004599399289872963
601.0 0.0004063595497427741
602.0 0.00035277914776088437
603.0 0.0002907110456362716
604.0 0.00022864280708745355
605.0 0.00022914687178854365
606.0 0.0002296509592270013
607.0 0.00045110800783731975
608.0 0.0006725649200234329
609.0 0.0005363991931517376
610.0 0.00040023319343163166
611.0 0.0006493620730907423
612.0 0.0008984909982245881
613.0 0.0005182029326533666
614.0 0.00013791492392556393
615.0 1.7177703487067375e-10
616.0 1.7177703487067375e-10
617.0 6.926934048578914e-06
618.0 0.0002571297500253422
619.0 0.0002959792482215562
620.0 0.00033482883736724034
621.0 0.0005033597062720219
622.0 0.0006718905297020683
623.0 0.0005654433152812999
624.0 0.00045899610086053144
625.0 0.0004060270384798059
626.0 0.0003530580215738155
627.0 0.00033739215723471716
628.0 0.0003217262701582513
629.0 0.000434238972957246
630.0 0.0005467516984936083
631.0 0.00047509461182926316
632.0 0.00040343752516491804
633.0 0.0004198163424007362
634.0 0.0004361951596365543
635.0 0.00040570248529547825
636.0 0.000375209720004932
637.0 0.0003501218316159793
638.0 0.0003250337385907187
639.0 0.0006059181487216847
640.0 0.000886802445165813
641.0 0.0005993785634927917
642.0 0.00031195461360766785
643.0 0.0004965602784068324
644.0 0.0006811659204686293
645.0 0.0005964423053228529
646.0 0.0005117187811265467
647.0 0.0006949734597583301
648.0 0.0008782286386121996
649.0 0.0007384402579191374
650.0 0.0005986518772260752
651.0 0.0007759990694466978
652.0 0.0009533464435662609
653.0 0.0010728308552643284
654.0 0.0011923151760129258
655.0 0.001799178971850779
656.0 0.0024060425857896917
657.0 0.003199467755621299
658.0 0.003992891652160324
659.0 0.006389350164681673
660.0 0.07232428179122508
661.0 0.10255923261865973
662.0 0.08983524749055505
663.0 0.1231563976034522
664.0 0.09906025370582938
665.0 0.11500241234898567
666.0 0.12237585615366697
667.0 0.1315974281169474
668.0 0.20568568725138903
669.0 0.24433061480522156
670.0 0.32626320607960224
671.0 0.3977539949119091
672.0 0.6243503652513027
673.0 0.9257815778255463
674.0 1.5310483053326607
675.0 2.2735383361577988
676.0 3.233794867992401
677.0 4.503599181771278
678.0 5.805765464901924
679.0 7.201932370662689
680.0 8.951996266841888
681.0 10.912343114614487
682.0 13.428114354610443
683.0 16.18897020816803
684.0 19.24138516187668
685.0 22.17324823141098
686.0 25.271737575531006
687.0 28.480401635169983
688.0 31.61141872406006
689.0 34.682732820510864
690.0 38.17710280418396
691.0 41.88826084136963
692.0 46.3787704706192
693.0 51.270854473114014
694.0 56.88439607620239
695.0 62.426525354385376
696.0 68.65468621253967
697.0 74.31212067604065
698.0 80.62886595726013
699.0 85.46100854873657
700.0 89.411461353302
701.0 92.71241426467896
702.0 95.01187205314636
703.0 96.3891327381134
704.0 97.1158504486084
705.0 97.5900411605835
706.0 97.75636196136475
707.0 97.96478748321533
708.0 98.01856279373169
709.0 98.09117913246155
710.0 97.8065550327301
711.0 98.01093935966492
712.0 97.88146018981934
713.0 97.95272946357727
714.0 98.04415702819824
715.0 98.09090495109558
716.0 97.97514081001282
717.0 98.19992184638977
718.0 98.26862812042236
719.0 98.20712208747864
720.0 98.44114780426025
721.0 98.41706156730652
722.0 98.230642080307
723.0 97.86273241043091
724.0 97.60757684707642
725.0 97.31647968292236
726.0 97.03808426856995
727.0 96.69387340545654
728.0 96.33908271789551
729.0 96.12260460853577
730.0 96.13623023033142
731.0 96.18906378746033
732.0 96.2381362915039
733.0 96.53622508049011
734.0 96.96463942527771
735.0 97.23790287971497
736.0 97.69225716590881
737.0 98.04196357727051
738.0 98.30703139305115
739.0 98.66178035736084
740.0 98.73766303062439
741.0 98.58817458152771
742.0 98.89523386955261
743.0 98.79150986671448
744.0 98.54855537414551
745.0 98.5605537891388
746.0 98.49894642829895
747.0 98.78108501434326
748.0 98.69670271873474
749.0 98.51144552230835
750.0 98.49220514297485
751.0 98.40261340141296
752.0 98.33395481109619
753.0 98.61509799957275
754.0 98.50503206253052
755.0 98.69929552078247
756.0 98.66357445716858
757.0 98.67694973945618
758.0 98.74515533447266
759.0 98.75959157943726
760.0 98.58996272087097
761.0 98.54843616485596
762.0 98.57920408248901
763.0 98.48926663398743
764.0 98.42304587364197
765.0 98.32618236541748
766.0 98.405522108078
767.0 98.21488857269287
768.0 98.24090003967285
769.0 98.32705855369568
770.0 98.12950491905212
771.0 98.20656776428223
772.0 98.28397035598755
773.0 98.1726586818695
774.0 98.11813831329346
775.0 98.20064902305603
776.0 98.04033637046814
777.0 98.09206128120422
778.0 98.07382822036743
779.0 98.05107116699219
780.0 97.91135787963867
781.0 98.1358289718628
782.0 98.03392887115479
783.0 98.03096652030945
784.0 98.01112413406372
785.0 98.09078574180603
786.0 98.224276304245
787.0 98.02188873291016
788.0 98.08135628700256
789.0 98.1440544128418
790.0 98.13237190246582
791.0 98.10355305671692
792.0 98.02291989326477
793.0 97.98086881637573
794.0 97.99368381500244
795.0 97.99028635025024
796.0 98.02661538124084
797.0 98.11132550239563
798.0 98.06529879570007
799.0 97.9914128780365
800.0 97.87624478340149
801.0 97.88793325424194
802.0 97.8868842124939
803.0 97.59938716888428
804.0 97.55247235298157
805.0 97.19435572624207
806.0 96.98950052261353
807.0 96.45118713378906
808.0 95.81717252731323
809.0 95.03074288368225
810.0 94.11165714263916
811.0 92.71681308746338
812.0 90.91962575912476
813.0 88.8548493385315
814.0 86.36599779129028
815.0 83.30716490745544
816.0 80.0195038318634
817.0 76.08736753463745
818.0 71.43737077713013
819.0 67.33112931251526
820.0 62.23500967025757
821.0 57.60229229927063
822.0 52.942901849746704
823.0 48.2861191034317
824.0 43.55296492576599
825.0 39.18198049068451
826.0 34.69822704792023
827.0 30.009862780570984
828.0 25.812536478042603
829.0 21.560363471508026
830.0 17.101964354515076
831.0 13.618256151676178
832.0 9.959650039672852
833.0 6.9391511380672455
834.0 4.598746448755264
835.0 2.9312269762158394
836.0 1.753542199730873
837.0 1.0375866666436195
838.0 0.5943094380199909
839.0 0.3524729050695896
840.0 0.17713948618620634
841.0 0.10723451850935817
842.0 0.050397252198308706
843.0 0.043394387466832995
844.0 0.02859998494386673
845.0 1.7177703487067375e-10
846.0 1.7177703487067375e-10
847.0 1.7177703487067375e-10
848.0 0.007892042776802555
849.0 1.7177703487067375e-10
850.0 1.7177703487067375e-10
851.0 1.7177703487067375e-10
852.0 0.001645628253754694
853.0 0.0016975540347630158
854.0 0.0017494801795692183
855.0 0.0012538795999716967
856.0 0.0007582790658489102
857.0 0.0009608526852389332
858.0 0.0011634258953563403
859.0 0.0008403888386965264
860.0 0.0005173514182388317
861.0 0.0003937155724997865
862.0 0.00027007974949810887
863.0 0.00010547145166128757
864.0 1.7177703487067375e-10
865.0 1.7177703487067375e-10
866.0 6.349899450697194e-06
867.0 7.36769891318545e-05
868.0 0.000141004056786187
869.0 1.7177703487067375e-10
870.0 1.7177703487067375e-10
871.0 1.7177703487067375e-10
872.0 0.0002781112925731577
873.0 0.00017592163885638001
874.0 7.373194534920913e-05
875.0 0.00013941848919785116
876.0 0.00020510506146820262
877.0 1.7177703487067375e-10
878.0 1.7177703487067375e-10
879.0 1.7177703487067375e-10
880.0 0.0003691703795993817
881.0 0.00016168766023838543
882.0 1.7177703487067375e-10
883.0 0.00016286784330077353
884.0 0.00037153076846152544
885.0 0.0001514441237304709
886.0 1.7177703487067375e-10
887.0 2.1237102032500843e-05
888.0 0.00011111673074992723
889.0 3.547832250205829e-06
890.0 1.7177703487067375e-10
891.0 3.741857597105991e-05
892.0 0.0001788581926120969
893.0 0.0002911473075073445
894.0 0.0004034363882965408
