lsstCam/transmission_filter_detector/r10_s20/i_39/19700101T000000.ecsv
# %ECSV 1.0
# ---
# datatype:
# - {name: wavelength, unit: nm, datatype: float32}
# - {name: efficiency, unit: '%', datatype: float64}
# meta: !!omap
# - {MODE: DETECTOR}
# - {TYPE: transmission_filter_detector}
# - {CALIBDATE: '1970-01-01T00:00:00'}
# - {INSTRUME: LSSTCam}
# - {OBSTYPE: transmission_filter_detector}
# - {CALIBCLS: lsst.ip.isr.IntermediateFilterDetectorTransmissionCurve}
# - {SOURCE: Materion (DM-46256)}
# - {DETECTOR: 33}
# - {FILTER: i_39}
# - {CALIB_ID: 'calibDate=1970-01-01T00:00:00 filter=i_39 detector=33'}
# - {DATE: '2025-04-02T15:59:46.632265'}
# - {CALIB_CREATION_DATE: '2025-04-02'}
# - {CALIB_CREATION_TIME: '15:59:46'}
# - __serialized_columns__:
#     efficiency:
#       __class__: astropy.units.quantity.Quantity
#       unit: !astropy.units.Unit {unit: '%'}
#       value: !astropy.table.SerializedColumn {name: efficiency}
#     wavelength:
#       __class__: astropy.units.quantity.Quantity
#       unit: !astropy.units.Unit {unit: nm}
#       value: !astropy.table.SerializedColumn {name: wavelength}
# schema: astropy-2.0
wavelength efficiency
[from data line 596]
896.0 1.7177703487067375e-10
897.0 1.7177703487067375e-10
898.0 2.0254655908047425e-05
899.0 1.7177703487067375e-10
900.0 1.7177703487067375e-10
901.0 1.7177703487067375e-10
902.0 1.7177703487067375e-10
903.0 1.7177703487067375e-10
904.0 1.7177703487067375e-10
905.0 1.7177703487067375e-10
906.0 1.7177703487067375e-10
907.0 6.669014851468091e-05
908.0 0.00024176993065339047
909.0 1.6271989977667545e-05
910.0 1.7177703487067375e-10
911.0 1.7177703487067375e-10
912.0 0.00010658535529728397
913.0 0.00010488522548257606
914.0 0.00010318510703655193
915.0 1.7177703487067375e-10
916.0 1.7177703487067375e-10
917.0 1.7177703487067375e-10
918.0 1.7177703487067375e-10
919.0 1.7177703487067375e-10
920.0 7.269209163496271e-05
921.0 5.4638587698718766e-05
922.0 3.658508660464577e-05
923.0 1.7177703487067375e-10
924.0 1.7177703487067375e-10
925.0 9.469757173974358e-05
926.0 0.000324396228279511
927.0 5.38319795850839e-05
928.0 1.7177703487067375e-10
929.0 1.7177703487067375e-10
930.0 0.00017415152342437068
931.0 0.00016958748574325
932.0 0.00016502342532476177
933.0 0.00012251824728082283
934.0 8.001306355254201e-05
935.0 1.7177703487067375e-10
936.0 1.7177703487067375e-10
937.0 1.7177703487067375e-10
938.0 1.7177703487067375e-10
939.0 1.7177703487067375e-10
940.0 1.7177703487067375e-10
941.0 1.7177703487067375e-10
942.0 1.7177703487067375e-10
943.0 1.7177703487067375e-10
944.0 1.7177703487067375e-10
945.0 1.7177703487067375e-10
946.0 1.7177703487067375e-10
947.0 1.7177703487067375e-10
948.0 1.7177703487067375e-10
949.0 1.7177703487067375e-10
950.0 1.7177703487067375e-10
951.0 1.7177703487067375e-10
952.0 1.7177703487067375e-10
953.0 1.7177703487067375e-10
954.0 1.7177703487067375e-10
955.0 6.0645612620646716e-05
956.0 0.00030446935852523893
957.0 0.0001818780560824962
958.0 5.928672521804401e-05
959.0 0.00011388651728339028
960.0 0.00016848631503307843
961.0 0.00016845299342094222
962.0 0.00016841969454617356
963.0 1.3701381362807297e-05
964.0 1.7177703487067375e-10
965.0 1.7177703487067375e-10
966.0 1.7177703487067375e-10
967.0 1.7177703487067375e-10
968.0 1.7177703487067375e-10
969.0 1.7177703487067375e-10
970.0 1.685559993802599e-05
971.0 1.7177703487067375e-10
972.0 1.7177703487067375e-10
973.0 1.7177703487067375e-10
974.0 1.4222058553059469e-05
975.0 1.7177703487067375e-10
976.0 1.7177703487067375e-10
977.0 1.7177703487067375e-10
978.0 1.7177703487067375e-10
979.0 1.7177703487067375e-10
980.0 1.7177703487067375e-10
981.0 1.7177703487067375e-10
982.0 1.7177703487067375e-10
983.0 1.7177703487067375e-10
984.0 1.7177703487067375e-10
985.0 8.942090516939061e-05
986.0 0.0002016463213294628
987.0 1.7177703487067375e-10
988.0 1.7177703487067375e-10
989.0 1.7177703487067375e-10
990.0 1.7177703487067375e-10
991.0 1.7177703487067375e-10
992.0 1.7177703487067375e-10
993.0 1.7177703487067375e-10
994.0 6.866220587653515e-05
995.0 1.7177703487067375e-10
996.0 1.7177703487067375e-10
997.0 5.218460614742071e-05
998.0 0.0003334029543111683
999.0 0.0003540955503922305
1000.0 0.0003747880782611901
1001.0 0.00021041714717284776
1002.0 4.604613081937714e-05
1003.0 0.0001209040533467487
1004.0 0.00019576200429582968
1005.0 4.772586237322685e-06
1006.0 1.7177703487067375e-10
1007.0 1.7177703487067375e-10
1008.0 0.00014837560229352675
1009.0 6.253819719859166e-05
1010.0 1.7177703487067375e-10
1011.0 0.00012418390724633355
1012.0 0.00027166709060111316
1013.0 0.0003906966867361916
1014.0 0.0005097263510833727
1015.0 0.00045163315007812344
1016.0 0.00039354004002234433
1017.0 0.0005358987891668221
1018.0 0.0006782576747355051
1019.0 0.0005100787802803097
1020.0 0.0003418997266635415
1021.0 0.0003006632141477894
1022.0 0.0002594266106825671
1023.0 0.0005953478648734745
1024.0 0.0009312691872764844
1025.0 0.0007660841220058501
1026.0 0.0006008990567352157
1027.0 0.00047489670578215737
1028.0 0.0003488944003038341
1029.0 0.0008112623618217185
1030.0 0.0012736302778648678
1031.0 0.0017858288629213348
1032.0 0.0022980271751293913
1033.0 0.002439794479869306
1034.0 0.0025815610570134595
1035.0 0.0031464725907426327
1036.0 0.0037113837606739253
1037.0 0.0036416207876754925
1038.0 0.0035718570870812982
1039.0 0.002972592665173579
1040.0 0.0023733284251648
1041.0 0.001900138522614725
1042.0 0.0014269486200646497
1043.0 0.0019346900444361381
1044.0 0.002442431105009746
1045.0 0.002982723708555568
1046.0 0.0035230168577982113
1047.0 0.003546053994796239
1048.0 0.003569091495592147
1049.0 0.003093415216426365
1050.0 0.0026177382096648216
1051.0 0.002827433490892872
1052.0 0.0030371291359188035
1053.0 0.002072088136628736
1054.0 0.0011070469554397278
1055.0 0.0009775782018550672
1056.0 0.0008481094482704066
1057.0 0.0009964307537302375
1058.0 0.0011447522410890087
1059.0 0.0011229013580305036
1060.0 0.0011010508387698792
1061.0 0.0017244206901523285
1062.0 0.0023477903596358374
1063.0 0.0026136700398637913
1064.0 0.002879549538192805
1065.0 0.0032674150133971125
1066.0 0.003655281034298241
1067.0 0.004374114359961823
1068.0 0.005092947321827523
1069.0 0.0039913564251037315
1070.0 0.00288976571027888
1071.0 0.0027215826776227914
1072.0 0.002553399281168822
1073.0 0.0022795707991463132
1074.0 0.0020057424990227446
1075.0 0.00231509893637849
1076.0 0.0026244548280374147
1077.0 0.0018938007997348905
1078.0 0.001163146134786075
1079.0 0.001524313211120898
1080.0 0.0018854801965062506
1081.0 0.0012023403542116284
1082.0 0.0005192002845433308
1083.0 4.5019115191280434e-05
1084.0 1.7177703487067375e-10
1085.0 0.00016076120346042444
1086.0 0.0007506850124627817
1087.0 0.0010102256965183187
1088.0 0.001269766562472796
1089.0 1.7177703487067375e-10
1090.0 1.7177703487067375e-10
1091.0 1.7177703487067375e-10
1092.0 1.7177703487067375e-10
1093.0 1.7177703487067375e-10
1094.0 0.0005798487563879462
1095.0 0.0002731310814851895
1096.0 1.7177703487067375e-10
1097.0 1.7177703487067375e-10
1098.0 1.7177703487067375e-10
1099.0 1.7177703487067375e-10
1100.0 0.00019005750573342084
