lsstCam/transmission_filter_detector/r41_s10/z_20/19700101T000000.ecsv
# %ECSV 1.0
# ---
# datatype:
# - {name: wavelength, unit: nm, datatype: float32}
# - {name: efficiency, unit: '%', datatype: float64}
# meta: !!omap
# - {MODE: DETECTOR}
# - {TYPE: transmission_filter_detector}
# - {CALIBDATE: '1970-01-01T00:00:00'}
# - {INSTRUME: LSSTCam}
# - {OBSTYPE: transmission_filter_detector}
# - {CALIBCLS: lsst.ip.isr.IntermediateFilterDetectorTransmissionCurve}
# - {SOURCE: Materion (DM-46256)}
# - {DETECTOR: 165}
# - {FILTER: z_20}
# - {CALIB_ID: 'calibDate=1970-01-01T00:00:00 filter=z_20 detector=165'}
# - {DATE: '2025-04-02T15:59:49.406509'}
# - {CALIB_CREATION_DATE: '2025-04-02'}
# - {CALIB_CREATION_TIME: '15:59:49'}
# - __serialized_columns__:
#     efficiency:
#       __class__: astropy.units.quantity.Quantity
#       unit: !astropy.units.Unit {unit: '%'}
#       value: !astropy.table.SerializedColumn {name: efficiency}
#     wavelength:
#       __class__: astropy.units.quantity.Quantity
#       unit: !astropy.units.Unit {unit: nm}
#       value: !astropy.table.SerializedColumn {name: wavelength}
# schema: astropy-2.0
wavelength efficiency
[from data line 597]
897.0 98.83863925933838
898.0 98.65763783454895
899.0 98.7794578075409
900.0 98.74738454818726
901.0 99.0952730178833
902.0 98.84244799613953
903.0 98.6021101474762
904.0 97.82454371452332
905.0 98.52441549301147
906.0 97.68392443656921
907.0 98.63883256912231
908.0 98.27178716659546
909.0 98.03667664527893
910.0 97.75646328926086
911.0 96.77109718322754
912.0 95.77538967132568
913.0 94.2523181438446
914.0 91.75670146942139
915.0 89.6212637424469
916.0 87.17491626739502
917.0 86.10331416130066
918.0 82.41093754768372
919.0 81.1094880104065
920.0 77.61831283569336
921.0 73.45303297042847
922.0 68.1396484375
923.0 62.40307688713074
924.0 56.98835849761963
925.0 51.424604654312134
926.0 44.74107623100281
927.0 37.173524498939514
928.0 31.050464510917664
929.0 25.153520703315735
930.0 19.502104818820953
931.0 14.464721083641052
932.0 9.571610391139984
933.0 6.179517135024071
934.0 3.6856599152088165
935.0 2.2219225764274597
936.0 1.2470479123294353
937.0 0.81998435780406
938.0 0.48335231840610504
939.0 0.08154570823535323
940.0 0.23833373561501503
941.0 1.7070089916235154e-10
942.0 1.7070089916235154e-10
943.0 1.7070089916235154e-10
944.0 1.7070089916235154e-10
945.0 1.7070089916235154e-10
946.0 0.1193102914839983
947.0 0.004983459075447172
948.0 0.08009432931430638
949.0 1.7070089916235154e-10
950.0 0.023344061628449708
951.0 1.7070089916235154e-10
952.0 1.7070089916235154e-10
953.0 1.7070089916235154e-10
954.0 0.06736702634952962
955.0 1.7070089916235154e-10
956.0 0.010902216308750212
957.0 0.008132903167279437
958.0 0.028386959456838667
959.0 1.7070089916235154e-10
960.0 0.01708404452074319
961.0 0.03957295266445726
962.0 1.7070089916235154e-10
963.0 1.7070089916235154e-10
964.0 0.0029859731512260623
965.0 0.002768806916719768
966.0 1.7070089916235154e-10
967.0 0.025405304040759802
968.0 1.7070089916235154e-10
969.0 0.06435632822103798
970.0 1.7070089916235154e-10
971.0 1.7070089916235154e-10
972.0 1.7070089916235154e-10
973.0 1.7070089916235154e-10
974.0 1.7070089916235154e-10
975.0 1.7070089916235154e-10
976.0 0.005870126551599242
977.0 0.005766381218563765
978.0 0.005662635885528289
979.0 0.005434868580778129
980.0 0.00520710127602797
981.0 0.005213319309405051
982.0 0.005219536615186371
983.0 0.005118844273965806
984.0 0.00501815156894736
985.0 0.005003411206416786
986.0 0.004988670480088331
987.0 0.004862788046011701
988.0 0.004736905248137191
989.0 0.004645236913347617
990.0 0.004553568578558043
991.0 0.004435411392478272
992.0 0.004317254206398502
993.0 0.004345314300735481
994.0 0.0043733740312745795
995.0 0.0043172247387701645
996.0 0.004261076173861511
997.0 0.004226965393172577
998.0 0.004192854248685762
999.0 0.004194000575807877
1000.0 0.004195147266727872
1001.0 0.004086451735929586
1002.0 0.0039777562051313
1003.0 0.003993119389633648
1004.0 0.004008482574135996
1005.0 0.003913905311492272
1006.0 0.003819328048848547
1007.0 0.0038696736737620085
1008.0 0.003920019662473351
1009.0 0.0039736136386636645
1010.0 0.004027207978651859
1011.0 0.0039855509385233745
1012.0 0.00394389389839489
1013.0 0.003959831883548759
1014.0 0.003975769141106866
1015.0 0.003882503733620979
1016.0 0.003789238689932972
1017.0 0.0038810005207778886
1018.0 0.003972762715420686
1019.0 0.0039099752029869705
1020.0 0.003847188054351136
1021.0 0.0039242881030077115
1022.0 0.004001388151664287
1023.0 0.004085585896973498
1024.0 0.0041697836422827095
1025.0 0.004132488538743928
1026.0 0.004095193799003027
1027.0 0.004217175592202693
1028.0 0.00433915774920024
1029.0 0.004349025402916595
1030.0 0.00435889269283507
1031.0 0.004353451004135422
1032.0 0.004348009315435775
1033.0 0.004472389991860837
1034.0 0.004596770668285899
1035.0 0.004556884596240707
1036.0 0.004516998524195515
1037.0 0.004615671787178144
1038.0 0.004714344686362892
1039.0 0.004892912329523824
1040.0 0.005071480336482637
1041.0 0.0050873793952632695
1042.0 0.005103278817841783
1043.0 0.0051302715291967615
1044.0 0.005157264604349621
1045.0 0.005253502604318783
1046.0 0.005349740604287945
1047.0 0.0054838899814058095
1048.0 0.005618038630927913
1049.0 0.00577883911319077
1050.0 0.005939639959251508
1051.0 0.005886855069547892
1052.0 0.0058340709074400365
1053.0 0.0060303747886791825
1054.0 0.006226677942322567
1055.0 0.006270656740525737
1056.0 0.006314634811133146
1057.0 0.006646263500442728
1058.0 0.006977893644943833
1059.0 0.007566025306005031
1060.0 0.008154156967066228
1061.0 0.007880548218963668
1062.0 0.007606941653648391
1063.0 0.007857153832446784
1064.0 0.008107365283649415
1065.0 0.008187857747543603
1066.0 0.008268350939033553
1067.0 0.008432591857854277
1068.0 0.008596832776675
1069.0 0.009291255992138758
1070.0 0.0099856813903898
1071.0 0.010168647713726386
1072.0 0.010351614764658734
1073.0 0.01055665998137556
1074.0 0.010761704470496625
1075.0 0.010905920498771593
1076.0 0.011050136527046561
1077.0 0.011051980982301757
1078.0 0.011053827620344236
1079.0 0.01176892765215598
1080.0 0.012484029866755009
1081.0 0.012210397107992321
1082.0 0.011936765076825395
1083.0 0.012567279918584973
1084.0 0.013197796943131834
1085.0 0.013383376062847674
1086.0 0.01356895372737199
1087.0 0.013735628454014659
1088.0 0.013902301725465804
1089.0 0.014778034528717399
1090.0 0.015653768787160516
1091.0 0.015585959772579372
1092.0 0.015518152213189751
1093.0 0.014532248314935714
1094.0 0.0135463458718732
1095.0 0.015622387581970543
1096.0 0.017698429292067885
1097.0 0.01798231969587505
1098.0 0.018266211554873735
1099.0 0.01894518791232258
1100.0 0.01962416135938838
1101.0 0.020989944459870458
1102.0 0.022355727560352534
1103.0 0.02219591842731461
1104.0 0.02203610783908516
1105.0 0.02269254910061136
1106.0 0.023348988906946033
1107.0 0.023810127459000796
1108.0 0.024271264555864036
1109.0 0.026628293562680483
1110.0 0.028985325479879975
1111.0 0.027813573251478374
1112.0 0.02664182393345982
1113.0 0.026454328326508403
1114.0 0.026266832719556987
1115.0 0.027923978632315993
1116.0 0.029581121634691954
1117.0 0.03114508872386068
1118.0 0.03270905581302941
1119.0 0.03335222136229277
1120.0 0.033995386911556125
1121.0 0.036323931999504566
1122.0 0.03865247417706996
1123.0 0.037172308657318354
1124.0 0.0356921402271837
1125.0 0.03855471732094884
1126.0 0.04141729441471398
1127.0 0.04186546429991722
1128.0 0.04231363709550351
1129.0 0.04507616104092449
1130.0 0.047838687896728516
1131.0 0.05321575445123017
1132.0 0.05859282682649791
1133.0 0.057654373813420534
1134.0 0.05671593244187534
1135.0 0.061539054149761796
1136.0 0.06636218167841434
1137.0 0.07102685631252825
1138.0 0.07569153094664216
1139.0 0.08763275109231472
1140.0 0.09957397123798728
1141.0 0.13466246891766787
1142.0 0.16975096659734845
1143.0 0.351699348539114
1144.0 0.533647695556283
1145.0 0.8907558396458626
1146.0 1.2478639371693134
1147.0 1.3951590284705162
1148.0 1.5424538403749466
1149.0 2.0202118903398514
1150.0 2.4979693815112114
