lsstCam/transmission_filter_detector/r41_s10/z_20/19700101T000000.ecsv
# %ECSV 1.0
# ---
# datatype:
# - {name: wavelength, unit: nm, datatype: float32}
# - {name: efficiency, unit: '%', datatype: float64}
# meta: !!omap
# - {MODE: DETECTOR}
# - {TYPE: transmission_filter_detector}
# - {CALIBDATE: '1970-01-01T00:00:00'}
# - {INSTRUME: LSSTCam}
# - {OBSTYPE: transmission_filter_detector}
# - {CALIBCLS: lsst.ip.isr.IntermediateFilterDetectorTransmissionCurve}
# - {SOURCE: Materion (DM-46256)}
# - {DETECTOR: 165}
# - {FILTER: z_20}
# - {CALIB_ID: 'calibDate=1970-01-01T00:00:00 filter=z_20 detector=165'}
# - {DATE: '2025-04-02T15:59:49.406509'}
# - {CALIB_CREATION_DATE: '2025-04-02'}
# - {CALIB_CREATION_TIME: '15:59:49'}
# - __serialized_columns__:
#     efficiency:
#       __class__: astropy.units.quantity.Quantity
#       unit: !astropy.units.Unit {unit: '%'}
#       value: !astropy.table.SerializedColumn {name: efficiency}
#     wavelength:
#       __class__: astropy.units.quantity.Quantity
#       unit: !astropy.units.Unit {unit: nm}
#       value: !astropy.table.SerializedColumn {name: wavelength}
# schema: astropy-2.0
wavelength efficiency
300.0 0.3649936756119132
301.0 0.3207473549991846
302.0 0.276501034386456
303.0 0.2329334383830428
304.0 0.1893658540211618
305.0 0.1851635635830462
306.0 0.1809612731449306
307.0 0.1628638943657279
308.0 0.14476649230346084
309.0 0.12747199507430196
310.0 0.1101774862036109
311.0 0.10927937692031264
312.0 0.10838127927854657
313.0 0.09720596135593951
314.0 0.08603063761256635
315.0 0.0755128392484039
316.0 0.06499503506347537
317.0 0.06710746674798429
318.0 0.0692199042532593
319.0 0.06245612748898566
320.0 0.055692356545478106
321.0 0.05548591143451631
322.0 0.055279466323554516
323.0 0.04968021530658007
324.0 0.04408097011037171
325.0 0.042121054138988256
326.0 0.040161138167604804
327.0 0.03916774585377425
328.0 0.038174353539943695
329.0 0.037454155972227454
330.0 0.03673395549412817
331.0 0.035300597664900124
332.0 0.033867236925289035
333.0 0.030523480381816626
334.0 0.027179726748727262
335.0 0.025537441251799464
336.0 0.02389515721006319
337.0 0.021826880401931703
338.0 0.019758602138608694
339.0 0.018165152869187295
340.0 0.01657170505495742
341.0 0.01641180133447051
342.0 0.016251900524366647
343.0 0.017102996935136616
344.0 0.017954091890715063
345.0 0.01619872055016458
346.0 0.014443347754422575
347.0 0.013425786164589226
348.0 0.0124082260299474
349.0 0.01267782790819183
350.0 0.012947434152010828
351.0 0.012337714724708349
352.0 0.011727994569810107
353.0 0.010983332322211936
354.0 0.010238668619422242
355.0 0.010294170351698995
356.0 0.010349672811571509
357.0 0.010567404387984425
358.0 0.010785137419588864
359.0 0.009349657921120524
360.0 0.007914176967460662
361.0 0.008760714263189584
362.0 0.009607253014110029
363.0 0.009014191891765222
364.0 0.008421130041824654
365.0 0.008446406718576327
366.0 0.008471684122923762
367.0 0.008029751188587397
368.0 0.007587818254251033
369.0 0.007687372271902859
370.0 0.007786926289554685
371.0 0.008506019366905093
372.0 0.009225113899447024
373.0 0.0079338853538502
374.0 0.006642655353061855
375.0 0.005947046520304866
376.0 0.005251438051345758
377.0 0.005410249286796898
378.0 0.0055690601584501565
379.0 0.005715149382012896
380.0 0.005861237877979875
381.0 0.0046259734517661855
382.0 0.0033907086617546156
383.0 0.004185693251201883
384.0 0.00498067747685127
385.0 0.005191905438550748
386.0 0.005403133400250226
387.0 0.0048703168431529775
388.0 0.0043375006498536095
389.0 0.004150947279413231
390.0 0.003964394272770733
391.0 0.004333413744461723
392.0 0.004702433216152713
393.0 0.004270719364285469
394.0 0.0038390051486203447
395.0 0.003742772969417274
396.0 0.0036465407902142033
397.0 0.00355627344106324
398.0 0.003466006091912277
399.0 0.004180878750048578
400.0 0.0048957514081848785
401.0 0.004407733285916038
402.0 0.0039197147998493165
403.0 0.004516493936534971
404.0 0.005113272709422745
405.0 0.004868680116487667
406.0 0.004624087159754708
407.0 0.004400926627567969
408.0 0.00417776609538123
409.0 0.003985176590504125
410.0 0.0037925867218291387
411.0 0.00381271202058997
412.0 0.00383283659175504
413.0 0.003754890349227935
414.0 0.00367694410670083
415.0 0.0035694178222911432
416.0 0.0034618915378814563
417.0 0.0030549897928722203
418.0 0.0026480882297619246
419.0 0.0029320051908143796
420.0 0.0032159219699678943
421.0 0.0034099135518772528
422.0 0.0036039058613823727
423.0 0.003195427780156024
424.0 0.002786949698929675
425.0 0.0030792984034633264
426.0 0.003371647107996978
427.0 0.002456392212479841
428.0 0.0015411376807605848
429.0 0.0013749008758168202
430.0 0.0012086643437214661
431.0 0.0013383043551584706
432.0 0.001467944366595475
433.0 0.0019132383386022411
434.0 0.0023585324015584774
435.0 0.002432559631415643
436.0 0.0025065870431717485
437.0 0.0022874946807860397
438.0 0.002068402318400331
439.0 0.0021523792383959517
440.0 0.0022363561583915725
441.0 0.0021458939954754896
442.0 0.0020554316506604664
443.0 0.0017514887076686136
444.0 0.0014475457646767609
445.0 0.0019190090824849904
446.0 0.002390472036495339
447.0 0.002698980097193271
448.0 0.0030074881578912027
449.0 0.0022533295123139396
450.0 0.0014991707757872064
451.0 0.001588091799931135
452.0 0.0016770125512266532
453.0 0.002208949445048347
454.0 0.0027408859750721604
455.0 0.0023452455934602767
456.0 0.001949605211848393
457.0 0.0017134938389062881
458.0 0.0014773824659641832
459.0 0.0015888123016338795
460.0 0.0017002425011014566
461.0 0.001432804492651485
462.0 0.0011653665751509834
463.0 0.0010431322152726352
464.0 0.0009208975825458765
465.0 0.0013368882719078101
466.0 0.0017528787793708034
467.0 0.0015696992704761215
468.0 0.0013865197615814395
469.0 0.001034262004395714
470.0 0.0006820042017352534
471.0 0.0010360905434936285
472.0 0.0013901769307267386
473.0 0.001384657389280619
474.0 0.0013791378478344996
475.0 0.001467309266445227
476.0 0.0015554805941064842
477.0 0.0015055864423629828
478.0 0.0014556922906194814
479.0 0.0014378879313881043
480.0 0.0014200837540556677
481.0 0.0009276137461711187
482.0 0.00043514364733709954
483.0 0.0006569549441337585
484.0 0.0008787660590314772
485.0 0.0010650486728991382
486.0 0.0012513311048678588
487.0 0.001245803196070483
488.0 0.001240275287273107
489.0 0.0013449310245050583
490.0 0.0014495865798380692
491.0 0.0012031818187097088
492.0 0.0009567771485308185
493.0 0.0012999930731893983
494.0 0.001643208997847978
495.0 0.0013785621376882773
496.0 0.0011139152775285766
497.0 0.0009899444194161333
498.0 0.0008659736522531603
499.0 0.0011498984349600505
500.0 0.001433823308616411
501.0 0.001376748059556121
502.0 0.001319672810495831
503.0 0.0010529321116337087
504.0 0.000786191230872646
505.0 0.0013284400665725116
506.0 0.0018706889022723772
507.0 0.0017877473510452546
508.0 0.001704805799818132
509.0 0.001423827234248165
510.0 0.0011428485777287278
511.0 0.0012802773198927753
512.0 0.0014177057892084122
513.0 0.0012937593965034466
514.0 0.001169813003798481
515.0 0.0011882753824465908
516.0 0.0012067381248925813
517.0 0.0011191174962732475
518.0 0.001031496958603384
519.0 0.0014233338333724532
520.0 0.0018151707990909927
521.0 0.001713350138743408
522.0 0.001611529296496883
523.0 0.0014415173609449994
524.0 0.0012715049706457648
525.0 0.0009130456419370603
526.0 0.0005545860403799452
527.0 0.000954394545260584
528.0 0.001354203141090693
529.0 0.001309494018641999
530.0 0.0012647850780922454
531.0 0.0013742039300268516
532.0 0.001483622872910928
533.0 0.0012735365999105852
534.0 0.0010634503269102424
535.0 0.0015260005966410972
536.0 0.0019885512301698327
537.0 0.0018594551875139587
538.0 0.001730359326757025
539.0 0.0014852153981337324
540.0 0.0012400712876114994
541.0 0.001181722564069787
542.0 0.0011233737495786045
543.0 0.0008536809218639974
544.0 0.0005839882305735955
545.0 0.0009946332284016535
546.0 0.0014052783626539167
547.0 0.0018571996406535618
548.0 0.002309121009602677
549.0 0.002008249794016592
550.0 0.001707378396531567
551.0 0.0016872052583494224
552.0 0.001667032302066218
553.0 0.0017234522601938806
554.0 0.0017798722183215432
555.0 0.0016029476682888344
556.0 0.0014260232092055958
557.0 0.001295898255193606
558.0 0.001165773119282676
559.0 0.001371194412058685
560.0 0.0015766156138852239
561.0 0.0012864748896390665
562.0 0.000996334074443439
563.0 0.0012146921108069364
564.0 0.001433050238119904
565.0 0.0016623616829747334
566.0 0.0018916729459306225
567.0 0.0023632683223695494
568.0 0.002834864062606357
569.0 0.002782827323244419
570.0 0.0027307902200846
571.0 0.0026204750611213967
572.0 0.0025101599021581933
573.0 0.002446644430165179
574.0 0.002383128958172165
575.0 0.0020652661987696774
576.0 0.0017474032574682496
577.0 0.0018957487554871477
578.0 0.002044093889708165
579.0 0.0018988594092661515
580.0 0.001753624928824138
581.0 0.0015598054233123548
582.0 0.0013659860996995121
583.0 0.001462571344745811
584.0 0.0015591564078931697
585.0 0.0017379539713147096
586.0 0.0019167511709383689
587.0 0.0021692621885449626
588.0 0.0024217733880504966
589.0 0.0024286408006446436
590.0 0.002435508395137731
591.0 0.002124280945281498
592.0 0.001813053313526325
593.0 0.0016749560018070042
594.0 0.0015368585081887431
595.0 0.0011622388228715863
596.0 0.0007876193194533698
597.0 0.0009121763469011057
598.0 0.0010367336471972521
599.0 0.0010142752216779627
600.0 0.0009918169780576136
601.0 0.0008882145266397856
602.0 0.0007846121661714278
603.0 0.0010055788152385503
604.0 0.0012265451914572623
605.0 0.0009970872270059772
606.0 0.0007676292625546921
607.0 0.0009533755473967176
608.0 0.001139121741289273
609.0 0.0009927179235091899
610.0 0.0008463141057291068
611.0 0.0009177709216601215
612.0 0.000989227646641666
613.0 0.0007238262696773745
614.0 0.00045842489271308295
615.0 0.000915062082640361
616.0 0.0013716994544665795
617.0 0.001427006191079272
618.0 0.0014823131095909048
619.0 0.0015864492524997331
620.0 0.001690585122560151
621.0 0.0014746475244464818
622.0 0.0012587099263328128
623.0 0.0012412110663717613
624.0 0.0012237126611580607
625.0 0.0014607601769967005
626.0 0.00169780760188587
627.0 0.0019384518964216113
628.0 0.002179096372856293
629.0 0.0022378300855052657
630.0 0.0022965637981542386
631.0 0.002258589847770054
632.0 0.0022206160792848095
633.0 0.0027416206648922525
634.0 0.0032626256142975762
635.0 0.006023918103892356
636.0 0.008785211684880778
637.0 0.015818653628230095
638.0 0.022852097754366696
639.0 0.019910786068066955
640.0 0.016969474381767213
641.0 0.014757312601432204
642.0 0.012545149365905672
643.0 0.009011925430968404
644.0 0.0054787025874247774
645.0 0.005691342812497169
646.0 0.005903983401367441
647.0 0.00575691374251619
648.0 0.0056098444474628195
649.0 0.004416276715346612
650.0 0.0032227089832304046
651.0 0.0031776617106515914
652.0 0.0031326140742748976
653.0 0.0028243084670975804
654.0 0.0025160030418192036
655.0 0.002161397242161911
656.0 0.0018067914425046183
657.0 0.0019795754269580357
658.0 0.002152359411411453
659.0 0.00226831925829174
660.0 0.0023842789232730865
661.0 0.0022033374989405274
662.0 0.0020223962565069087
663.0 0.0018988852389156818
664.0 0.0017753738575265743
665.0 0.0017627718989388086
666.0 0.0017501701222499833
667.0 0.0016823067198856734
668.0 0.0016144433175213635
669.0 0.0015344772691605613
670.0 0.0014545113117492292
671.0 0.001359488032903755
672.0 0.0012644645721593406
673.0 0.0013004750144318677
674.0 0.001336485456704395
675.0 0.0012736578355543315
676.0 0.0012108303963032085
677.0 0.001388932105328422
678.0 0.0015670337234041654
679.0 0.0018992193872691132
680.0 0.0022314052330330014
681.0 0.002165802288800478
682.0 0.002100199526466895
683.0 0.0024159811800927855
684.0 0.002731762833718676
685.0 0.002790041435218882
686.0 0.002848319672921207
687.0 0.0026943429475068115
688.0 0.0025403660401934758
689.0 0.002260768633277621
690.0 0.001981171408260707
691.0 0.0023549615434603766
692.0 0.0027287516786600463
693.0 0.0029973871278343722
694.0 0.0032660227589076385
695.0 0.003493162148515694
696.0 0.003720301538123749
697.0 0.00358040451828856
698.0 0.0034405071346554905
699.0 0.005008043808629736
700.0 0.006575580482603982
701.0 0.006645517714787275
702.0 0.006715454219374806
703.0 0.006150309491204098
704.0 0.005585164035437629
705.0 0.004703936428995803
706.0 0.0038227084587560967
707.0 0.0034730146580841392
708.0 0.0031233212212100625
709.0 0.0037965510273352265
710.0 0.004469780833460391
711.0 0.0038804751966381446
712.0 0.003291169196018018
713.0 0.0025115952666965313
714.0 0.0017320209735771641
715.0 0.0019741231881198473
716.0 0.0022162254026625305
717.0 0.0022240561520447955
718.0 0.00223188671952812
719.0 0.002129992935806513
720.0 0.0020280991520849057
721.0 0.0019582872482715175
722.0 0.0018884755263570696
723.0 0.0019801154849119484
724.0 0.002071755261567887
725.0 0.0021711915906053036
726.0 0.00227062773774378
727.0 0.0021123725673533045
728.0 0.0019541175788617693
729.0 0.0018348660887568258
730.0 0.0017156145986518823
731.0 0.0016735715689719655
732.0 0.0016315285392920487
733.0 0.0017165668396046385
734.0 0.001801604958018288
735.0 0.0013582734936790075
736.0 0.0009149421202891972
737.0 0.0010897590073000174
738.0 0.001264575621462427
739.0 0.001348580281046452
740.0 0.001432584940630477
741.0 0.0015191949387372006
742.0 0.0016058045730460435
743.0 0.0016263984434772283
744.0 0.001646992313908413
745.0 0.001802070255507715
746.0 0.0019571480152080767
747.0 0.0022045682271709666
748.0 0.002451988621032797
749.0 0.003104083225480281
750.0 0.003756177466129884
751.0 0.003713363184942864
752.0 0.0036705489037558436
753.0 0.0032700096198823303
754.0 0.0028694706998066977
755.0 0.0029172611903049983
756.0 0.0029650514989043586
757.0 0.0029565973818534985
758.0 0.0029481432648026384
759.0 0.0031424209737451747
760.0 0.0033366985007887706
761.0 0.004955151962349191
762.0 0.006573605787707493
763.0 0.00625321627012454
764.0 0.005932825661147945
765.0 0.0052372761274455115
766.0 0.004541726229945198
767.0 0.004311454540584236
768.0 0.004081182487425394
769.0 0.004522698509390466
770.0 0.0049642145313555375
771.0 0.004534773688646965
772.0 0.004105332482140511
773.0 0.004051678843097761
774.0 0.003998025204055011
775.0 0.06295509519986808
776.0 1.7070089916235154e-10
777.0 1.7070089916235154e-10
778.0 0.029855172033421695
779.0 1.7070089916235154e-10
780.0 0.00799794215708971
781.0 1.7070089916235154e-10
782.0 1.7070089916235154e-10
783.0 0.03436371625866741
784.0 1.7070089916235154e-10
785.0 1.7070089916235154e-10
786.0 1.7070089916235154e-10
787.0 0.021731131710112095
788.0 0.03912307147402316
789.0 0.01625657023396343
790.0 1.7070089916235154e-10
791.0 0.047239704872481525
792.0 0.11552722426131368
793.0 0.010279953858116642
794.0 1.7070089916235154e-10
795.0 0.05597855197265744
796.0 0.0829968717880547
797.0 0.20669337827712297
798.0 0.2198509406298399
799.0 0.18041366711258888
800.0 0.4821202252060175
801.0 0.6985724903643131
802.0 1.299972552806139
803.0 1.909288577735424
804.0 3.0847016721963882
805.0 4.657410830259323
806.0 6.560511142015457
807.0 9.295257180929184
808.0 12.126948684453964
809.0 14.988116919994354
810.0 18.293730914592743
811.0 21.35365903377533
812.0 24.865145981311798
813.0 29.088124632835388
814.0 33.774641156196594
815.0 39.0794575214386
816.0 44.92022693157196
817.0 51.65058374404907
818.0 58.73026251792908
819.0 65.65211415290833
820.0 73.07185530662537
821.0 79.82091903686523
822.0 84.9967360496521
823.0 88.64373564720154
824.0 92.24839806556702
825.0 95.47521471977234
826.0 96.453195810318
827.0 98.22341799736023
828.0 99.02809262275696
829.0 99.24973845481873
830.0 98.5847532749176
831.0 98.95830750465393
832.0 98.39091300964355
833.0 99.39194321632385
834.0 98.33459854125977
835.0 99.39038157463074
836.0 99.02172088623047
837.0 98.80646467208862
838.0 97.62081503868103
839.0 98.33828210830688
840.0 98.43239188194275
841.0 99.31530952453613
842.0 99.05561804771423
843.0 99.69201683998108
844.0 97.87368774414062
845.0 98.5691785812378
846.0 99.18414950370789
847.0 98.77691268920898
848.0 99.51293468475342
849.0 98.99340867996216
850.0 98.65477681159973
851.0 98.973149061203
852.0 99.08406138420105
853.0 98.50211143493652
854.0 99.54835772514343
855.0 98.24153780937195
856.0 98.87059926986694
857.0 97.57573008537292
858.0 98.46072196960449
859.0 98.97531270980835
860.0 98.44864010810852
861.0 98.66528511047363
862.0 98.76645803451538
863.0 98.23006987571716
864.0 99.52139854431152
865.0 99.92849826812744
866.0 98.27894568443298
867.0 98.86648654937744
868.0 99.62787628173828
869.0 98.93845915794373
870.0 97.78394103050232
871.0 98.69593381881714
872.0 99.18469190597534
873.0 98.80443811416626
874.0 99.69834685325623
875.0 99.06920790672302
876.0 99.00341033935547
877.0 99.21711683273315
878.0 98.94198775291443
879.0 98.62335920333862
880.0 98.64501953125
881.0 99.96609687805176
882.0 98.8412618637085
883.0 98.69939684867859
884.0 99.27883744239807
885.0 98.92958402633667
886.0 98.53534698486328
887.0 98.63772392272949
888.0 99.02107119560242
889.0 99.4912326335907
890.0 98.35624098777771
891.0 99.19443726539612
892.0 98.50744009017944
893.0 98.91172051429749
894.0 98.34703207015991
895.0 99.88880753517151
