lsstCam/transmission_filter_detector/r31_s10/z_20/19700101T000000.ecsv
# %ECSV 1.0
# ---
# datatype:
# - {name: wavelength, unit: nm, datatype: float32}
# - {name: efficiency, unit: '%', datatype: float64}
# meta: !!omap
# - {MODE: DETECTOR}
# - {TYPE: transmission_filter_detector}
# - {CALIBDATE: '1970-01-01T00:00:00'}
# - {INSTRUME: LSSTCam}
# - {OBSTYPE: transmission_filter_detector}
# - {CALIBCLS: lsst.ip.isr.IntermediateFilterDetectorTransmissionCurve}
# - {SOURCE: Materion (DM-46256)}
# - {DETECTOR: 129}
# - {FILTER: z_20}
# - {CALIB_ID: 'calibDate=1970-01-01T00:00:00 filter=z_20 detector=129'}
# - {DATE: '2025-04-02T15:59:49.237804'}
# - {CALIB_CREATION_DATE: '2025-04-02'}
# - {CALIB_CREATION_TIME: '15:59:49'}
# - __serialized_columns__:
#     efficiency:
#       __class__: astropy.units.quantity.Quantity
#       unit: !astropy.units.Unit {unit: '%'}
#       value: !astropy.table.SerializedColumn {name: efficiency}
#     wavelength:
#       __class__: astropy.units.quantity.Quantity
#       unit: !astropy.units.Unit {unit: nm}
#       value: !astropy.table.SerializedColumn {name: wavelength}
# schema: astropy-2.0
wavelength efficiency
[from data line 596]
896.0 99.12074208259583
897.0 99.40201044082642
898.0 98.43348264694214
899.0 98.52967262268066
900.0 98.81685376167297
901.0 99.38042759895325
902.0 98.92340302467346
903.0 99.03896450996399
904.0 98.05285930633545
905.0 98.84204864501953
906.0 97.9881227016449
907.0 99.0099549293518
908.0 98.31174612045288
909.0 98.23927879333496
910.0 98.13345670700073
911.0 96.82745337486267
912.0 96.30086421966553
913.0 94.91851925849915
914.0 92.94763207435608
915.0 90.60280323028564
916.0 88.42958807945251
917.0 86.60718202590942
918.0 83.43590497970581
919.0 82.4169397354126
920.0 79.55270409584045
921.0 75.71374177932739
922.0 71.55383825302124
923.0 65.8551275730133
924.0 60.57128310203552
925.0 55.03910183906555
926.0 48.727983236312866
927.0 41.894859075546265
928.0 36.007899045944214
929.0 29.874378442764282
930.0 24.14005547761917
931.0 18.974748253822327
932.0 13.453541696071625
933.0 9.091519564390182
934.0 5.92317171394825
935.0 3.6063503473997116
936.0 2.090313285589218
937.0 1.266731321811676
938.0 0.8820477873086929
939.0 0.5896502640098333
940.0 0.21785441786050797
941.0 0.307598477229476
942.0 0.11210491647943854
943.0 0.08044595597311854
944.0 1.6023073709861557e-10
945.0 1.6023073709861557e-10
946.0 0.02220651658717543
947.0 0.12433476513251662
948.0 1.6023073709861557e-10
949.0 0.09603304788470268
950.0 0.07617230294272304
951.0 0.03108964883722365
952.0 0.03049274382647127
953.0 1.6023073709861557e-10
954.0 0.0867513648699969
955.0 0.04373767878860235
956.0 1.6023073709861557e-10
957.0 1.6023073709861557e-10
958.0 1.6023073709861557e-10
959.0 0.09832140058279037
960.0 0.12526854407042265
961.0 1.6023073709861557e-10
962.0 1.6023073709861557e-10
963.0 0.029833053122274578
964.0 0.03225115651730448
965.0 1.6023073709861557e-10
966.0 1.6023073709861557e-10
967.0 0.02499775728210807
968.0 0.02883737615775317
969.0 0.06368510657921433
970.0 1.6023073709861557e-10
971.0 0.055298692313954234
972.0 1.6023073709861557e-10
973.0 1.6023073709861557e-10
974.0 1.6023073709861557e-10
975.0 1.6023073709861557e-10
976.0 0.0063356121245305985
977.0 0.006191992724779993
978.0 0.00604837441642303
979.0 0.005925830191699788
980.0 0.005803284875582904
981.0 0.005624551704386249
982.0 0.005445818533189595
983.0 0.00530587240064051
984.0 0.005165926268091425
985.0 0.005145492468727753
986.0 0.00512505866936408
987.0 0.005065683217253536
988.0 0.005006308128940873
989.0 0.004948187415720895
990.0 0.0048900674300966784
991.0 0.0047671088395873085
992.0 0.0046441509766737
993.0 0.004661886487156153
994.0 0.0046796219976386055
995.0 0.004491904110182077
996.0 0.004304185858927667
997.0 0.004369218368083239
998.0 0.004434250513440929
999.0 0.004555340274237096
1000.0 0.0046764296712353826
1001.0 0.004520070797298104
1002.0 0.004363711559562944
1003.0 0.00430896325269714
1004.0 0.004254214945831336
1005.0 0.004208036989439279
1006.0 0.004161858669249341
1007.0 0.004247112883604132
1008.0 0.004332366370363161
1009.0 0.004245257878210396
1010.0 0.00415814938605763
1011.0 0.004094269388588145
1012.0 0.004030389391118661
1013.0 0.004178827293799259
1014.0 0.004327265196479857
1015.0 0.004212831845507026
1016.0 0.0040983984945341945
1017.0 0.004303434252506122
1018.0 0.0045084700104780495
1019.0 0.004479777999222279
1020.0 0.004451085987966508
1021.0 0.004328526847530156
1022.0 0.004205967707093805
1023.0 0.004299251668271609
1024.0 0.004392535629449412
1025.0 0.004357265061116777
1026.0 0.0043219944927841425
1027.0 0.004304714457248338
1028.0 0.004287433694116771
1029.0 0.004324447218095884
1030.0 0.004361460742074996
1031.0 0.004442491626832634
1032.0 0.004523522875388153
1033.0 0.004593492121784948
1034.0 0.004663461368181743
1035.0 0.004836915104533546
1036.0 0.005010368840885349
1037.0 0.005159927604836412
1038.0 0.005309487096383236
1039.0 0.005206060450291261
1040.0 0.005102633440401405
1041.0 0.005109583435114473
1042.0 0.005116533429827541
1043.0 0.005485497240442783
1044.0 0.0058544606872601435
1045.0 0.006033948739059269
1046.0 0.006213436427060515
1047.0 0.006077102443668991
1048.0 0.005940769187873229
1049.0 0.006272020254982635
1050.0 0.006603271322092041
1051.0 0.00675306364428252
1052.0 0.00690285669406876
1053.0 0.007201590051408857
1054.0 0.00750032122596167
1055.0 0.007240661216201261
1056.0 0.00698100047884509
1057.0 0.007497808837797493
1058.0 0.008014617924345657
1059.0 0.008076427184278145
1060.0 0.008138237171806395
1061.0 0.008339079067809507
1062.0 0.008539922419004142
1063.0 0.00863434761413373
1064.0 0.008728775719646364
1065.0 0.009057909483090043
1066.0 0.009387041791342199
1067.0 0.009446190961170942
1068.0 0.009505340130999684
1069.0 0.00980520635494031
1070.0 0.010105068940902129
1071.0 0.010205496073467657
1072.0 0.010305923933628947
1073.0 0.010682908759918064
1074.0 0.011059893586207181
1075.0 0.0110176632006187
1076.0 0.010975432087434456
1077.0 0.01192214695038274
1078.0 0.012868863996118307
1079.0 0.012599516776390374
1080.0 0.01233016955666244
1081.0 0.013433446292765439
1082.0 0.01453672448405996
1083.0 0.014447876310441643
1084.0 0.014359028136823326
1085.0 0.014272189582698047
1086.0 0.014185353938955814
1087.0 0.014985172310844064
1088.0 0.015784990682732314
1089.0 0.01529366709291935
1090.0 0.014802343503106385
1091.0 0.0162152893608436
1092.0 0.017628236673772335
1093.0 0.017863415996544063
1094.0 0.018098598229698837
1095.0 0.01800011086743325
1096.0 0.017901620594784617
1097.0 0.019023093045689166
1098.0 0.02014456840697676
1099.0 0.020508657325990498
1100.0 0.020872746245004237
1101.0 0.021946351625956595
1102.0 0.02301995555171743
1103.0 0.024308491265401244
1104.0 0.02559702843427658
1105.0 0.025499460753053427
1106.0 0.025401893071830273
1107.0 0.02654201234690845
1108.0 0.027682128711603582
1109.0 0.02915874356403947
1110.0 0.0306353613268584
1111.0 0.030312914168462157
1112.0 0.02999046992044896
1113.0 0.03192045842297375
1114.0 0.0338504440151155
1115.0 0.03278747899457812
1116.0 0.0317245110636577
1117.0 0.031315808882936835
1118.0 0.03090710670221597
1119.0 0.03328985767439008
1120.0 0.035672602825798094
1121.0 0.037087229429744184
1122.0 0.03850185312330723
1123.0 0.039947612094692886
1124.0 0.041393376886844635
1125.0 0.043665687553584576
1126.0 0.04593800113070756
1127.0 0.04599152889568359
1128.0 0.0460450624814257
1129.0 0.04793616244569421
1130.0 0.04982725949957967
1131.0 0.05494371289387345
1132.0 0.06006016628816724
1133.0 0.057928956812247634
1134.0 0.05579773569479585
1135.0 0.06222703377716243
1136.0 0.06865633185952902
1137.0 0.07547586574219167
1138.0 0.0822954170871526
1139.0 0.08608262869529426
1140.0 0.08986984030343592
1141.0 0.10430057300254703
1142.0 0.11873128823935986
1143.0 0.1621698378585279
1144.0 0.20560838747769594
1145.0 0.47426349483430386
1146.0 0.7429186254739761
1147.0 1.236828789114952
1148.0 1.730739139020443
1149.0 1.705605536699295
1150.0 1.6804715618491173
