lsstCam/transmission_filter_detector/r31_s10/z_20/19700101T000000.ecsv
# %ECSV 1.0
# ---
# datatype:
# - {name: wavelength, unit: nm, datatype: float32}
# - {name: efficiency, unit: '%', datatype: float64}
# meta: !!omap
# - {MODE: DETECTOR}
# - {TYPE: transmission_filter_detector}
# - {CALIBDATE: '1970-01-01T00:00:00'}
# - {INSTRUME: LSSTCam}
# - {OBSTYPE: transmission_filter_detector}
# - {CALIBCLS: lsst.ip.isr.IntermediateFilterDetectorTransmissionCurve}
# - {SOURCE: Materion (DM-46256)}
# - {DETECTOR: 129}
# - {FILTER: z_20}
# - {CALIB_ID: 'calibDate=1970-01-01T00:00:00 filter=z_20 detector=129'}
# - {DATE: '2025-04-02T15:59:49.237804'}
# - {CALIB_CREATION_DATE: '2025-04-02'}
# - {CALIB_CREATION_TIME: '15:59:49'}
# - __serialized_columns__:
#     efficiency:
#       __class__: astropy.units.quantity.Quantity
#       unit: !astropy.units.Unit {unit: '%'}
#       value: !astropy.table.SerializedColumn {name: efficiency}
#     wavelength:
#       __class__: astropy.units.quantity.Quantity
#       unit: !astropy.units.Unit {unit: nm}
#       value: !astropy.table.SerializedColumn {name: wavelength}
# schema: astropy-2.0
wavelength efficiency
300.0 0.3680076915770769
301.0 0.3247588174417615
302.0 0.28150989674031734
303.0 0.24463639128953218
304.0 0.20776286255568266
305.0 0.17798410262912512
306.0 0.1482053194195032
307.0 0.15061261365190148
308.0 0.15301989624276757
309.0 0.13717925176024437
310.0 0.12133857235312462
311.0 0.11491406476125121
312.0 0.1084895571693778
313.0 0.10331278899684548
314.0 0.09813600918278098
315.0 0.08868386503309011
316.0 0.07923171506263316
317.0 0.0764827651437372
318.0 0.07373380940407515
319.0 0.06756947841495275
320.0 0.061405147425830364
321.0 0.058725703274831176
322.0 0.05604626494459808
323.0 0.05404425319284201
324.0 0.052042241441085935
325.0 0.049929507076740265
326.0 0.047816772712394595
327.0 0.04210928163956851
328.0 0.036401787656359375
329.0 0.03611136635299772
330.0 0.035820945049636066
331.0 0.03552883572410792
332.0 0.03523672348819673
333.0 0.030395525391213596
334.0 0.02555432729423046
335.0 0.02570148790255189
336.0 0.02584865433163941
337.0 0.021334851044230163
338.0 0.016821052122395486
339.0 0.01908647973323241
340.0 0.021351913164835423
341.0 0.01814854913391173
342.0 0.014945185102988034
343.0 0.01524533290648833
344.0 0.015545477799605578
345.0 0.013642343401443213
346.0 0.01173920463770628
347.0 0.013379738084040582
348.0 0.015020267164800316
349.0 0.01396951120113954
350.0 0.012918752327095717
351.0 0.012760174286086112
352.0 0.01260159770026803
353.0 0.012648970005102456
354.0 0.012696345220319927
355.0 0.011754576553357765
356.0 0.010812808613991365
357.0 0.010467733955010772
358.0 0.010122660751221702
359.0 0.010302974988007918
360.0 0.010483289224794134
361.0 0.010451966954860836
362.0 0.010420646140119061
363.0 0.010064029629575089
364.0 0.009707413119031116
365.0 0.009437118569621816
366.0 0.009166823292616755
367.0 0.008796753536444157
368.0 0.008426682325080037
369.0 0.009022924496093765
370.0 0.009619168122299016
371.0 0.008402422827202827
372.0 0.0071856768045108765
373.0 0.007209733303170651
374.0 0.0072337890742346644
375.0 0.006194670277182013
376.0 0.0051555511163314804
377.0 0.004639204780687578
378.0 0.004122858445043676
379.0 0.0048221321776509285
380.0 0.005521405910258181
381.0 0.005864207923877984
382.0 0.0062070095736999065
383.0 0.005335273090167902
384.0 0.004463536242838018
385.0 0.004115016781724989
386.0 0.003766497320611961
387.0 0.004376373908598907
388.0 0.004986250132787973
389.0 0.00474884727736935
390.0 0.004511444785748608
391.0 0.0038527668948518112
392.0 0.0031940886401571333
393.0 0.0035153774661011994
394.0 0.0038366662920452654
395.0 0.003467654823907651
396.0 0.0030986437195679173
397.0 0.003512696275720373
398.0 0.003926748831872828
399.0 0.004036313112010248
400.0 0.004145877755945548
401.0 0.0042997609853046015
402.0 0.0044536442146636546
403.0 0.004163061021245085
404.0 0.003872477464028634
405.0 0.003928770456695929
406.0 0.003985062721767463
407.0 0.004199367685941979
408.0 0.0044136730139143765
409.0 0.0035257533454569057
410.0 0.002637833676999435
411.0 0.003593813380575739
412.0 0.004549793447949924
413.0 0.004532914681476541
414.0 0.004516036278801039
415.0 0.004684727173298597
416.0 0.004853418795391917
417.0 0.0034452132240403444
418.0 0.0020370081983855926
419.0 0.002989392123708967
420.0 0.003941776230931282
421.0 0.0034986976970685646
422.0 0.003055619163205847
423.0 0.003470869705779478
424.0 0.0038861202483531088
425.0 0.003182498039677739
426.0 0.0024788761948002502
427.0 0.0031099618354346603
428.0 0.0037410474760690704
429.0 0.0032042960810940713
430.0 0.002667544504220132
431.0 0.0018754024495137855
432.0 0.0010832603948074393
433.0 0.0017598915292182937
434.0 0.002436522117932327
435.0 0.003394575833226554
436.0 0.0043526291847229
437.0 0.0035705194022739306
438.0 0.0027884094379260205
439.0 0.002321565625607036
440.0 0.0018547216313891113
441.0 0.0021176363588892855
442.0 0.0023805510863894597
443.0 0.0022351281586452387
444.0 0.002089705230901018
445.0 0.0017939804820343852
446.0 0.0014982558241172228
447.0 0.0021358982849051245
448.0 0.0027735408366424963
449.0 0.0024811090042931028
450.0 0.0021886773538426496
451.0 0.002200858398282435
452.0 0.00221303944272222
453.0 0.002071181188512128
454.0 0.0019293227524030954
455.0 0.0019561901353881694
456.0 0.0019830578821711242
457.0 0.0016984669855446555
458.0 0.0014138759070192464
459.0 0.0017021662642946467
460.0 0.0019904564396711066
461.0 0.0015176018678175751
462.0 0.001044747477862984
463.0 0.0011234305929974653
464.0 0.001202113890030887
465.0 0.0011441642527643126
466.0 0.0010862147064472083
467.0 0.000970527071331162
468.0 0.0008548393452656455
469.0 0.0009373648936161771
470.0 0.001019890623865649
471.0 0.0013502716683433391
472.0 0.0016806528947199695
473.0 0.0015403407815028913
474.0 0.0014000288501847535
475.0 0.0014858387658023275
476.0 0.0015716484995209612
477.0 0.001500743928772863
478.0 0.0014298396308731753
479.0 0.0018587748854770325
480.0 0.00228771023103036
481.0 0.0017957778254640289
482.0 0.0013038453289482277
483.0 0.0012625047020264901
484.0 0.0012211641660542227
485.0 0.0013174280866223853
486.0 0.0014136921890894882
487.0 0.0013496274732460734
488.0 0.001285563030251069
489.0 0.0015181491107796319
490.0 0.0017507354641566053
491.0 0.0016559721188968979
492.0 0.0015612087736371905
493.0 0.001573742883920204
494.0 0.0015862771761021577
495.0 0.0015945244740578346
496.0 0.0016027719539124519
497.0 0.001859977055573836
498.0 0.0021171823391341604
499.0 0.0019723898731172085
500.0 0.0018275975889991969
501.0 0.0013310543181432877
502.0 0.000834511320135789
503.0 0.0007801802894391585
504.0 0.000725849258742528
505.0 0.0015912941307760775
506.0 0.002456738548062276
507.0 0.0016956539184320718
508.0 0.0009345691069029272
509.0 0.0009158712600765284
510.0 0.0008971735041995998
511.0 0.0009077513823285699
512.0 0.0009183291695080698
513.0 0.0010390293027739972
514.0 0.001159729072242044
515.0 0.001080063793779118
516.0 0.0010003981515183114
517.0 0.0009691787454357836
518.0 0.0009379595212521963
519.0 0.001159379826276563
520.0 0.00138080013130093
521.0 0.0014543807083100546
522.0 0.0015279612853191793
523.0 0.001518039425718598
524.0 0.0015081177480169572
525.0 0.0014818557247053832
526.0 0.0014555937013938092
527.0 0.0012903531569463667
528.0 0.0011251126124989241
529.0 0.0012351818440947682
530.0 0.0013452512575895526
531.0 0.0015268291463144124
532.0 0.0017084070350392722
533.0 0.0016928013792494312
534.0 0.0016771953596617095
535.0 0.0016453715943498537
536.0 0.0016135478290379979
537.0 0.0015297246136469766
538.0 0.001445901671104366
539.0 0.0011712499144778121
540.0 0.0008965982488007285
541.0 0.0010472982467035763
542.0 0.0011979982446064241
543.0 0.0009759046406543348
544.0 0.0007538110367022455
545.0 0.0010371051757829264
546.0 0.0013203994058130775
547.0 0.0014244891644921154
548.0 0.0015285790141206235
549.0 0.001857666575233452
550.0 0.002186754318245221
551.0 0.0020862746168859303
552.0 0.0019857947336276993
553.0 0.0019679320757859387
554.0 0.0019500690541462973
555.0 0.001629017060622573
556.0 0.001307964794250438
557.0 0.0013009326721657999
558.0 0.0012939009138790425
559.0 0.0013373736692301463
560.0 0.0013808465155307204
561.0 0.001212033566844184
562.0 0.0010432207091071177
563.0 0.0013694441804545932
564.0 0.0016956677427515388
565.0 0.0018253422240377404
566.0 0.0019550168872228824
567.0 0.0020201619918225333
568.0 0.002085306914523244
569.0 0.0023261582100531086
570.0 0.002567009323684033
571.0 0.0026793657525558956
572.0 0.0027917223633266985
573.0 0.0023198172129923478
574.0 0.0018479118807590567
575.0 0.0017426795238861814
576.0 0.0016374471670133062
577.0 0.0018512302631279454
578.0 0.0020650133592425846
579.0 0.0019709026673808694
580.0 0.0018767919755191542
581.0 0.0021485810066224076
582.0 0.002420370037725661
583.0 0.0019828066797344945
584.0 0.0015452433217433281
585.0 0.0019445735233603045
586.0 0.002343903724977281
587.0 0.002009393574553542
588.0 0.0016748832422308624
589.0 0.0015844407244003378
590.0 0.0014939982065698132
591.0 0.0015190829799394123
592.0 0.0015441677533090115
593.0 0.001015391080727568
594.0 0.0004866144536208594
595.0 0.0007714998901064973
596.0 0.0010563852811174002
597.0 0.0007660527444386389
598.0 0.0004757200713356724
599.0 0.0007409513273159973
600.0 0.0010061825378215872
601.0 0.0008314731530845165
602.0 0.0006567636773979757
603.0 0.0010631172699504532
604.0 0.0014694707715534605
605.0 0.001115039958676789
606.0 0.0007606092822243227
607.0 0.0007870358786021825
608.0 0.0008134627023537178
609.0 0.0007686706339882221
610.0 0.0007238784746732563
611.0 0.0011025693311239593
612.0 0.001481260096625192
613.0 0.001440643518435536
614.0 0.001400027576892171
615.0 0.0014304107025964186
616.0 0.001460793828300666
617.0 0.0016406098438892514
618.0 0.0018204258594778366
619.0 0.0017124959413195029
620.0 0.0016045658412622288
621.0 0.001572516339365393
622.0 0.0015404670193674974
623.0 0.0011829216418846045
624.0 0.0008253761734522413
625.0 0.0011839801118185278
626.0 0.001542583959235344
627.0 0.0018623459254740737
628.0 0.002182107709813863
629.0 0.002033803684753366
630.0 0.0018854992958949879
631.0 0.0022281052224570885
632.0 0.002570710967120249
633.0 0.0028200018277857453
634.0 0.0030692925065523013
635.0 0.005497219899552874
636.0 0.00792514838394709
637.0 0.014749994443263859
638.0 0.021574842685367912
639.0 0.019677063392009586
640.0 0.017779287009034306
641.0 0.01570763415656984
642.0 0.013635981304105371
643.0 0.009783741552382708
644.0 0.005931501436862163
645.0 0.006307892908807844
646.0 0.006684284016955644
647.0 0.006269078585319221
648.0 0.005853873153682798
649.0 0.0047068217099877074
650.0 0.003559770993888378
651.0 0.0037513123970711604
652.0 0.003942853800253943
653.0 0.0031780346034793183
654.0 0.002413215406704694
655.0 0.0024084190954454243
656.0 0.002403622966085095
657.0 0.002732019856921397
658.0 0.003060416565858759
659.0 0.0024852111891959794
660.0 0.0019100059944321401
661.0 0.0024273509552585892
662.0 0.0029446960979839787
663.0 0.0024973582185339183
664.0 0.002050020520982798
665.0 0.0018024340533884242
666.0 0.0015548477676929906
667.0 0.0013436033441394102
668.0 0.0011323584658384789
669.0 0.001302366490563145
670.0 0.001472374515287811
671.0 0.00154540848598117
672.0 0.0016184421838261187
673.0 0.0016003883501980454
674.0 0.0015823343346710317
675.0 0.001224378138431348
676.0 0.0008664221240906045
677.0 0.0012938818144903053
678.0 0.0017213416867889464
679.0 0.0017201024093083106
680.0 0.0017188634956255555
681.0 0.0021668874978786334
682.0 0.0026149120458285324
683.0 0.0028438635126804
684.0 0.0030728151614312083
685.0 0.002445252175675705
686.0 0.0018176893718191423
687.0 0.0019317183614475653
688.0 0.0020457473510759883
689.0 0.002318922634003684
690.0 0.0025920979169313796
691.0 0.002233202940260526
692.0 0.0018743075997917913
693.0 0.002253316779388115
694.0 0.0026323259589844383
695.0 0.0033537235140101984
696.0 0.004075120887137018
697.0 0.004167150109424256
698.0 0.004259178967913613
699.0 0.005690096440957859
700.0 0.007121011731214821
701.0 0.007071924483170733
702.0 0.007022836507530883
703.0 0.00667470958433114
704.0 0.006326583388727158
705.0 0.005079665788798593
706.0 0.00383274928026367
707.0 0.0033693970181047916
708.0 0.002906044937844854
709.0 0.0035911554732592776
710.0 0.0042762665543705225
711.0 0.004251771315466613
712.0 0.004227276076562703
713.0 0.0033177038858411834
714.0 0.0024081313313217834
715.0 0.0023822130970074795
716.0 0.0023562946807942353
717.0 0.0019469407561700791
718.0 0.001537586831545923
719.0 0.0016017027519410476
720.0 0.0016658188542351127
721.0 0.002166634840250481
722.0 0.002667450826265849
723.0 0.0025978044504881836
724.0 0.0025281582566094585
725.0 0.0014769838344363961
726.0 0.0004258094577380689
727.0 0.0009382858479511924
728.0 0.0014507623745885212
729.0 0.001133404475694988
730.0 0.0008160464858519845
731.0 0.0005712116035283543
732.0 0.00032637651656841626
733.0 0.0007566818567283917
734.0 0.0011869872651004698
735.0 0.0012357703781162854
736.0 0.0012845535820815712
737.0 0.0011862827705044765
738.0 0.0010880117770284414
739.0 0.0013517364095605444
740.0 0.0016154612239915878
741.0 0.0014088159332459327
742.0 0.0012021707334497478
743.0 0.0012761796824634075
744.0 0.001350188540527597
745.0 0.0017497080989414826
746.0 0.002149227657355368
747.0 0.002184939330618363
748.0 0.0022206510038813576
749.0 0.0028473716156440787
750.0 0.0034740922274068
751.0 0.0030317365599330515
752.0 0.002589380892459303
753.0 0.0024632563508930616
754.0 0.00233713180932682
755.0 0.002120682256645523
756.0 0.0019042325220652856
757.0 0.002184498225688003
758.0 0.00246476374741178
759.0 0.00257673400483327
760.0 0.002688703898456879
761.0 0.004547397111309692
762.0 0.006406089960364625
763.0 0.005966827302472666
764.0 0.00552756609977223
765.0 0.004797807923750952
766.0 0.004068049383931793
767.0 0.004082057057530619
768.0 0.004096064731129445
769.0 0.005020743265049532
770.0 0.005945422890363261
771.0 0.0051540962886065245
772.0 0.004362770414445549
773.0 0.0042121228034375235
774.0 0.004061474828631617
775.0 0.01039097405737266
776.0 1.6023073709861557e-10
777.0 1.6023073709861557e-10
778.0 1.6023073709861557e-10
779.0 1.6023073709861557e-10
780.0 1.6023073709861557e-10
781.0 1.6023073709861557e-10
782.0 0.013645151921082288
783.0 0.051619968144223094
784.0 0.00939147939789109
785.0 0.052609440172091126
786.0 0.017391024448443204
787.0 0.07978224894031882
788.0 0.06563426577486098
789.0 0.1606624573469162
790.0 0.006833797669969499
791.0 1.6023073709861557e-10
792.0 1.6023073709861557e-10
793.0 0.03281730751041323
794.0 0.04628435708582401
795.0 0.15392715577036142
796.0 0.13367317151278257
797.0 0.09147071978077292
798.0 1.6023073709861557e-10
799.0 0.09269199217669666
800.0 0.17965659499168396
801.0 0.32171779312193394
802.0 0.6669078022241592
803.0 1.1211319826543331
804.0 1.7649708315730095
805.0 2.834109589457512
806.0 3.9432361721992493
807.0 5.956250801682472
808.0 8.009567856788635
809.0 10.803800076246262
810.0 13.800635933876038
811.0 16.94467067718506
812.0 20.135241746902466
813.0 22.951769828796387
814.0 26.071646809577942
815.0 30.2132785320282
816.0 35.156115889549255
817.0 40.735360980033875
818.0 46.61194384098053
819.0 52.71356701850891
820.0 60.124558210372925
821.0 67.57099628448486
822.0 74.11835193634033
823.0 79.59586977958679
824.0 85.10860204696655
825.0 89.19011354446411
826.0 92.86888837814331
827.0 95.2939510345459
828.0 98.38614463806152
829.0 98.73294234275818
830.0 98.47010374069214
831.0 99.3298351764679
832.0 98.47016930580139
833.0 99.92170333862305
834.0 98.44076037406921
835.0 99.34244155883789
836.0 99.01322722434998
837.0 98.88953566551208
838.0 98.44158291816711
839.0 98.59028458595276
840.0 98.7485945224762
841.0 99.48911666870117
842.0 99.57238435745239
843.0 99.83122944831848
844.0 98.66254329681396
845.0 98.6630380153656
846.0 98.97007346153259
847.0 99.11965131759644
848.0 99.56957697868347
849.0 98.70830178260803
850.0 98.0805516242981
851.0 98.93096089363098
852.0 99.42172169685364
853.0 98.66890907287598
854.0 99.55210089683533
855.0 98.50765466690063
856.0 99.14077520370483
857.0 97.67218828201294
858.0 98.73658418655396
859.0 98.93351197242737
860.0 98.55772256851196
861.0 98.72627854347229
862.0 98.78063797950745
863.0 98.4677791595459
864.0 99.67906475067139
865.0 99.68110918998718
866.0 98.67834448814392
867.0 99.38489198684692
868.0 99.13986325263977
869.0 98.77205491065979
870.0 97.98165559768677
871.0 98.79670739173889
872.0 99.1581380367279
873.0 99.03872609138489
874.0 99.6325671672821
875.0 98.7112820148468
876.0 99.13403391838074
877.0 99.44655299186707
878.0 99.42297339439392
879.0 98.66862893104553
880.0 98.85361790657043
881.0 99.7718334197998
882.0 98.82166981697083
883.0 98.77132773399353
884.0 99.23144578933716
885.0 98.98810386657715
886.0 98.45978021621704
887.0 98.88451099395752
888.0 98.73815178871155
889.0 99.43649768829346
890.0 98.34465980529785
891.0 99.35685396194458
892.0 98.81213307380676
893.0 98.84253144264221
894.0 98.14168810844421
