lsstCam/transmission_filter_detector/r01_s11/g_6/19700101T000000.ecsv
# %ECSV 1.0
# ---
# datatype:
# - {name: wavelength, unit: nm, datatype: float32}
# - {name: efficiency, unit: '%', datatype: float64}
# meta: !!omap
# - {MODE: DETECTOR}
# - {TYPE: transmission_filter_detector}
# - {CALIBDATE: '1970-01-01T00:00:00'}
# - {INSTRUME: LSSTCam}
# - {OBSTYPE: transmission_filter_detector}
# - {CALIBCLS: lsst.ip.isr.IntermediateFilterDetectorTransmissionCurve}
# - {SOURCE: Materion (DM-46256)}
# - {DETECTOR: 4}
# - {FILTER: g_6}
# - {CALIB_ID: 'calibDate=1970-01-01T00:00:00 filter=g_6 detector=4'}
# - {DATE: '2025-04-02T15:59:42.049090'}
# - {CALIB_CREATION_DATE: '2025-04-02'}
# - {CALIB_CREATION_TIME: '15:59:42'}
# - __serialized_columns__:
#     efficiency:
#       __class__: astropy.units.quantity.Quantity
#       unit: !astropy.units.Unit {unit: '%'}
#       value: !astropy.table.SerializedColumn {name: efficiency}
#     wavelength:
#       __class__: astropy.units.quantity.Quantity
#       unit: !astropy.units.Unit {unit: nm}
#       value: !astropy.table.SerializedColumn {name: wavelength}
# schema: astropy-2.0
wavelength efficiency
[from data line 608]
908.0 0.0004237822395225521
909.0 0.0003425937393330969
910.0 0.0002794241254377994
911.0 0.0002162545342798694
912.0 0.00036932044622517424
913.0 0.0005223863809078466
914.0 0.0003220373628209927
915.0 0.00012168837884019013
916.0 0.00015262061197063304
917.0 0.00018355281099502463
918.0 0.00024900650714698713
919.0 0.00031446020329894964
920.0 0.00038089197005319875
921.0 0.00044732373680744786
922.0 0.0005507299647433683
923.0 0.0006541361926792888
924.0 0.0005796341611130629
925.0 0.0005051320385973668
926.0 0.0005211115421843715
927.0 0.0005370912276703166
928.0 0.0005014604539610445
929.0 0.0004658297257265076
930.0 0.0005180871085030958
931.0 0.0005703445822291542
932.0 0.000523530525242677
933.0 0.0004767165592056699
934.0 0.0004468844963412266
935.0 0.0004170524789515184
936.0 0.0004689874458563281
937.0 0.0005209224127611378
938.0 0.0006150974058982683
939.0 0.0007092723990353988
940.0 0.0005788017915620003
941.0 0.00044833109313913155
942.0 0.0006883538389956811
943.0 0.0009283765393774956
944.0 0.0007023591933830176
945.0 0.0004763417109643342
946.0 0.000493008155899588
947.0 0.0005096746008348418
948.0 0.0008635895028419327
949.0 0.0012175045412732288
950.0 0.0010732629561971407
951.0 0.0009290213711210527
952.0 0.0008897191037249286
953.0 0.0008504168363288045
954.0 0.0007948635357024614
955.0 0.0007393103260255884
956.0 0.0006463226782216225
957.0 0.000553334757569246
958.0 0.0006754889454896329
959.0 0.0007976431334100198
960.0 0.000636866479908349
961.0 0.00047608964450773783
962.0 0.0005819038506160723
963.0 0.0006877180112496717
964.0 0.0007680344424443319
965.0 0.0008483506462653168
966.0 0.0008563274604966864
967.0 0.000864304274728056
968.0 0.0007626862952747615
969.0 0.0006610683612962021
970.0 0.0006877757641632343
971.0 0.0007144831670302665
972.0 0.0007998582077561878
973.0 0.0008852332939568441
974.0 0.0008795175745035522
975.0 0.0008738021278986707
976.0 0.0008517019523424096
977.0 0.0008296021405840293
978.0 0.0009204859452438541
979.0 0.001011369749903679
980.0 0.0010684325388865545
981.0 0.0011254954188189004
982.0 0.001046549095917726
983.0 0.0009676025911176112
984.0 0.0009364984180137981
985.0 0.0009053944268089253
986.0 0.001124605751101626
987.0 0.0013438170753943268
988.0 0.0013459198271448258
989.0 0.0013480223969963845
990.0 0.0014726768313266803
991.0 0.0015973313566064462
992.0 0.001551667446619831
993.0 0.0015060034456837457
994.0 0.0014934715181880165
995.0 0.0014809395906922873
996.0 0.0013355716873775236
997.0 0.0011902036931132898
998.0 0.0013341675185074564
999.0 0.001478131343901623
1000.0 0.0014167842891765758
1001.0 0.0013554371435020585
1002.0 0.001245506246050354
1003.0 0.0011355753485986497
1004.0 0.0011041021934943274
1005.0 0.0010726288564910647
1006.0 0.0013236374797997996
1007.0 0.0015746461940580048
1008.0 0.001574015368532855
1009.0 0.001573384906805586
1010.0 0.001722998422337696
1011.0 0.001872612483566627
1012.0 0.001976502244360745
1013.0 0.0020803921870538034
1014.0 0.0020629478967748582
1015.0 0.002045504152192734
1016.0 0.0024160679458873346
1017.0 0.002786632103379816
1018.0 0.003015508809767198
1019.0 0.00324438551615458
1020.0 0.003302888580947183
1021.0 0.003361392009537667
1022.0 0.0036559267755365
1023.0 0.003950461541535333
1024.0 0.004044349770992994
1025.0 0.004138237636652775
1026.0 0.004242231079842895
1027.0 0.004346224159235135
1028.0 0.004373491901787929
1029.0 0.004400759644340724
1030.0 0.004613913915818557
1031.0 0.00482706782349851
1032.0 0.005191186937736347
1033.0 0.005555306051974185
1034.0 0.005389551006373949
1035.0 0.005223795960773714
1036.0 0.005293707363307476
1037.0 0.0053636184020433575
1038.0 0.00562888671993278
1039.0 0.005894155037822202
1040.0 0.0064206484239548445
1041.0 0.006947141082491726
1042.0 0.0069691785029135644
1043.0 0.006991215195739642
1044.0 0.007302453013835475
1045.0 0.007613689376739785
1046.0 0.008537732355762273
1047.0 0.009461774607189
1048.0 0.010914012091234326
1049.0 0.012366246664896607
1050.0 0.014685338828712702
1051.0 0.017004426626954228
1052.0 0.02050438488367945
1053.0 0.024004350416362286
1054.0 0.028648111037909985
1055.0 0.033291871659457684
1056.0 0.039951581857167184
1057.0 0.04661128332372755
1058.0 0.054317357717081904
1059.0 0.06202341755852103
1060.0 0.06935959681868553
1061.0 0.07669574115425348
1062.0 0.08397037745453417
1063.0 0.0912449846509844
1064.0 0.09635038441047072
1065.0 0.10145576670765877
1066.0 0.10641341796144843
1067.0 0.11137105757370591
1068.0 0.11753342114388943
1069.0 0.12369581963866949
1070.0 0.13374441768974066
1071.0 0.14379301574081182
1072.0 0.15710232546553016
1073.0 0.17041158862411976
1074.0 0.1849815365858376
1075.0 0.19955155439674854
1076.0 0.21355326753109694
1077.0 0.2275550039485097
1078.0 0.24156905710697174
1079.0 0.2555831102654338
1080.0 0.2724830526858568
1081.0 0.2893829718232155
1082.0 0.315472693182528
1083.0 0.34156241454184055
1084.0 0.3779275109991431
1085.0 0.4142926540225744
1086.0 0.4492579959332943
1087.0 0.48422333784401417
1088.0 0.5481090862303972
1089.0 0.6119948346167803
1090.0 0.6893131416290998
1091.0 0.7666314486414194
1092.0 0.795404240489006
1093.0 0.8241767063736916
1094.0 0.8601020090281963
1095.0 0.8960270322859287
1096.0 0.939403660595417
1097.0 0.9827805683016777
1098.0 1.0005728341639042
1099.0 1.018365379422903
1100.0 1.1724052019417286
1101.0 1.3264447450637817
