lsstCam/transmission_filter_detector/r01_s11/g_6/19700101T000000.ecsv
# %ECSV 1.0
# ---
# datatype:
# - {name: wavelength, unit: nm, datatype: float32}
# - {name: efficiency, unit: '%', datatype: float64}
# meta: !!omap
# - {MODE: DETECTOR}
# - {TYPE: transmission_filter_detector}
# - {CALIBDATE: '1970-01-01T00:00:00'}
# - {INSTRUME: LSSTCam}
# - {OBSTYPE: transmission_filter_detector}
# - {CALIBCLS: lsst.ip.isr.IntermediateFilterDetectorTransmissionCurve}
# - {SOURCE: Materion (DM-46256)}
# - {DETECTOR: 4}
# - {FILTER: g_6}
# - {CALIB_ID: 'calibDate=1970-01-01T00:00:00 filter=g_6 detector=4'}
# - {DATE: '2025-04-02T15:59:42.049090'}
# - {CALIB_CREATION_DATE: '2025-04-02'}
# - {CALIB_CREATION_TIME: '15:59:42'}
# - __serialized_columns__:
#     efficiency:
#       __class__: astropy.units.quantity.Quantity
#       unit: !astropy.units.Unit {unit: '%'}
#       value: !astropy.table.SerializedColumn {name: efficiency}
#     wavelength:
#       __class__: astropy.units.quantity.Quantity
#       unit: !astropy.units.Unit {unit: nm}
#       value: !astropy.table.SerializedColumn {name: wavelength}
# schema: astropy-2.0
wavelength efficiency
300.0 0.49577285535633564
301.0 0.3686000593006611
302.0 0.2414272166788578
303.0 0.216875527985394
304.0 0.19232381600886583
305.0 0.20255828276276588
306.0 0.2127927727997303
307.0 0.21705266553908587
308.0 0.22131253499537706
309.0 0.22057639434933662
310.0 0.21984025370329618
311.0 0.2122597536072135
312.0 0.2046792535111308
313.0 0.19983425736427307
314.0 0.19498926121741533
315.0 0.18414340447634459
316.0 0.1732975710183382
317.0 0.17597281839698553
318.0 0.1786481007002294
319.0 0.16078094486147165
320.0 0.14291374245658517
321.0 0.13881896156817675
322.0 0.13472416903823614
323.0 0.11444471310824156
324.0 0.09416529792360961
325.0 0.08549688500352204
326.0 0.07682847790420055
327.0 0.07123908726498485
328.0 0.06564969662576914
329.0 0.06277901702560484
330.0 0.05990833742544055
331.0 0.05555990501306951
332.0 0.05121147260069847
333.0 0.04731826775241643
334.0 0.04342506290413439
335.0 0.04212912172079086
336.0 0.04083317762706429
337.0 0.041802210034802556
338.0 0.04277123662177473
339.0 0.04100873484276235
340.0 0.03924623306374997
341.0 0.037747787428088486
342.0 0.03624934470281005
343.0 0.032507063588127494
344.0 0.02876478247344494
345.0 0.025505971279926598
346.0 0.02224715572083369
347.0 0.020874485198874027
348.0 0.01950181322172284
349.0 0.017945632862392813
350.0 0.7087406236678362
351.0 1.017208769917488
352.0 0.34565948881208897
353.0 0.7472614757716656
354.0 0.6769402883946896
355.0 0.8482522331178188
356.0 0.641982164233923
357.0 0.7194013800472021
358.0 0.5731704644858837
359.0 0.9289300069212914
360.0 0.6130373105406761
361.0 0.7526313420385122
362.0 0.5319578107446432
363.0 0.8712179027497768
364.0 0.6247315090149641
365.0 0.7541602477431297
366.0 0.4683475010097027
367.0 0.45600668527185917
368.0 0.3350235288962722
369.0 0.5260996520519257
370.0 0.4406549036502838
371.0 0.6430555135011673
372.0 0.33586379140615463
373.0 0.63708764500916
374.0 0.4623411688953638
375.0 0.5550722125917673
376.0 0.4260909277945757
377.0 0.42779315263032913
378.0 0.3733232617378235
379.0 0.4247912671416998
380.0 0.3829058026894927
381.0 0.4738830029964447
382.0 0.5298036150634289
383.0 0.555871007964015
384.0 0.5648630671203136
385.0 0.5388415884226561
386.0 0.7170779630541801
387.0 0.7777673657983541
388.0 0.9970733895897865
389.0 1.243828609585762
390.0 1.945614069700241
391.0 2.9532164335250854
392.0 4.6632226556539536
393.0 7.401473820209503
394.0 11.10456958413124
395.0 16.041171550750732
396.0 22.24200814962387
397.0 29.880839586257935
398.0 38.67219388484955
399.0 48.04281294345856
400.0 57.56751298904419
401.0 66.35441780090332
402.0 74.46818947792053
403.0 81.0353696346283
404.0 85.6555163860321
405.0 89.0684723854065
406.0 90.90076088905334
407.0 92.39341020584106
408.0 93.23755502700806
409.0 93.62555146217346
410.0 93.68206858634949
411.0 93.51918697357178
412.0 93.1290864944458
413.0 92.89741516113281
414.0 92.80251860618591
415.0 93.00444722175598
416.0 93.40881705284119
417.0 93.78169178962708
418.0 94.21545267105103
419.0 94.82312202453613
420.0 95.34715414047241
421.0 95.9082305431366
422.0 95.97287774085999
423.0 96.20997309684753
424.0 95.99890112876892
425.0 95.92871069908142
426.0 95.81854939460754
427.0 95.80809473991394
428.0 95.66826820373535
429.0 95.55816054344177
430.0 95.48222422599792
431.0 95.5287516117096
432.0 95.53196430206299
433.0 95.66484093666077
434.0 95.75437903404236
435.0 95.85294127464294
436.0 95.87396383285522
437.0 95.85914611816406
438.0 95.90741395950317
439.0 96.06775641441345
440.0 96.0411548614502
441.0 96.18611335754395
442.0 96.13059163093567
443.0 96.06716632843018
444.0 95.97631692886353
445.0 95.68844437599182
446.0 95.56573629379272
447.0 95.37913203239441
448.0 95.4027771949768
449.0 95.59767246246338
450.0 95.86304426193237
451.0 96.13293409347534
452.0 96.23720049858093
453.0 96.33564949035645
454.0 96.43484950065613
455.0 96.72913551330566
456.0 96.79439663887024
457.0 96.98760509490967
458.0 96.9860315322876
459.0 96.99627161026001
460.0 96.97945713996887
461.0 97.09989428520203
462.0 97.01969623565674
463.0 96.89752459526062
464.0 97.06208109855652
465.0 96.91136479377747
466.0 96.88427448272705
467.0 96.92000150680542
468.0 96.97785973548889
469.0 97.00779318809509
470.0 96.83187007904053
471.0 96.7086911201477
472.0 96.79260849952698
473.0 96.64673209190369
474.0 96.53928279876709
475.0 96.67899012565613
476.0 96.6888427734375
477.0 96.72214984893799
478.0 96.89950942993164
479.0 96.83598279953003
480.0 97.02527523040771
481.0 97.1023678779602
482.0 97.28317260742188
483.0 97.22298979759216
484.0 97.39727973937988
485.0 97.37988114356995
486.0 97.45672941207886
487.0 97.46366143226624
488.0 97.4888801574707
489.0 97.56007194519043
490.0 97.51635789871216
491.0 97.61245250701904
492.0 97.54093289375305
493.0 97.49319553375244
494.0 97.44065999984741
495.0 97.57793545722961
496.0 97.38759994506836
497.0 97.315913438797
498.0 97.11252450942993
499.0 97.18852639198303
500.0 97.08356857299805
501.0 97.0660388469696
502.0 97.0189094543457
503.0 97.15717434883118
504.0 96.96064591407776
505.0 97.00512886047363
506.0 97.01123237609863
507.0 96.94925546646118
508.0 96.92651033401489
509.0 96.96896076202393
510.0 96.87074422836304
511.0 96.87520861625671
512.0 96.79714441299438
513.0 96.89599871635437
514.0 96.82185053825378
515.0 96.92537188529968
516.0 96.9634473323822
517.0 97.01792597770691
518.0 97.08048701286316
519.0 97.07080721855164
520.0 97.12655544281006
521.0 97.23440408706665
522.0 97.24271297454834
523.0 97.15554714202881
524.0 97.22275733947754
525.0 97.16135859489441
526.0 97.25230932235718
527.0 97.27319478988647
528.0 97.33918309211731
529.0 97.37362265586853
530.0 97.42220044136047
531.0 97.50882983207703
532.0 97.41348028182983
533.0 97.39546775817871
534.0 97.37876653671265
535.0 97.13789820671082
536.0 96.73697352409363
537.0 96.0814118385315
538.0 95.20629048347473
539.0 93.63272786140442
540.0 91.66499972343445
541.0 88.82389664649963
542.0 85.80557107925415
543.0 81.88249468803406
544.0 77.01853513717651
545.0 72.80309200286865
546.0 67.83387660980225
547.0 63.39411735534668
548.0 59.08610224723816
549.0 55.31095862388611
550.0 52.44479179382324
551.0 49.642643332481384
552.0 47.3759800195694
553.0 44.7920948266983
554.0 41.678813099861145
555.0 38.10411989688873
556.0 33.423417806625366
557.0 28.170278668403625
558.0 22.608794271945953
559.0 17.36999750137329
560.0 12.51077950000763
561.0 8.214743435382843
562.0 5.109360069036484
563.0 2.903122268617153
564.0 1.551338005810976
565.0 0.7368688937276602
566.0 0.4101807251572609
567.0 0.20604124292731285
568.0 0.14608369674533606
569.0 0.08697789744473994
570.0 0.06483042379841208
571.0 0.03908525104634464
572.0 0.055513723054900765
573.0 0.02725916274357587
574.0 0.025792798260226846
575.0 0.02922335988841951
576.0 0.028560549253597856
577.0 0.023083214182406664
578.0 0.03357839013915509
579.0 0.02339217026019469
580.0 0.030144627089612186
581.0 0.01776122080627829
582.0 0.02759879280347377
583.0 0.020347643294371665
584.0 0.018066080519929528
585.0 0.018589512910693884
586.0 0.02547754265833646
587.0 0.00576866659685038
588.0 0.022816238924860954
589.0 0.00870087678777054
590.0 0.007925581303425133
591.0 0.012463783787097782
592.0 0.012822258577216417
593.0 0.010516804468352348
594.0 0.01382401678711176
595.0 0.015216141764540225
596.0 0.007379836461041123
597.0 0.015241951041389257
598.0 0.016834867710713297
599.0 0.015625482774339616
600.0 0.002217937981185969
601.0 0.002355426113354042
602.0 0.0024366869183722883
603.0 0.002517947359592654
604.0 0.0023042544853524305
605.0 0.0020905617930111475
606.0 0.0020368661353131756
607.0 0.001983170113817323
608.0 0.0018313312466489151
609.0 0.0016794923794805072
610.0 0.001771286224538926
611.0 0.0018630798876984045
612.0 0.00179854851012351
613.0 0.0017340173144475557
614.0 0.0017917254808708094
615.0 0.0018494340110919438
616.0 0.001937088200065773
617.0 0.002024742389039602
618.0 0.0018724440451478586
619.0 0.001720145701256115
620.0 0.001708741910988465
621.0 0.0016973379388218746
622.0 0.0015229735254251864
623.0 0.0013486089301295578
624.0 0.0013781465895590372
625.0 0.0014076845218369272
626.0 0.0013052132089796942
627.0 0.001202742259920342
628.0 0.0013475992091116495
629.0 0.001492456522100838
630.0 0.001371707912767306
631.0 0.0012509591215348337
632.0 0.0013756244698015507
633.0 0.0015002895452198572
634.0 0.0014463054867519531
635.0 0.0013923212463851087
636.0 0.0013570089322456624
637.0 0.0013216968909546267
638.0 0.0012017243534501176
639.0 0.0010817514521477278
640.0 0.0010721860235207714
641.0 0.0010626203220454045
642.0 0.001271873406949453
643.0 0.0014811267647019122
644.0 0.001357091332465643
645.0 0.0012330557183304336
646.0 0.0012222768418723717
647.0 0.00121149805636378
648.0 0.0010963285603793338
649.0 0.0009811590643948875
650.0 0.001256744326383341
651.0 0.0015323288607760333
652.0 0.0012462111953936983
653.0 0.0009600935300113633
654.0 0.0010652429409674369
655.0 0.0011703925338224508
656.0 0.0012126301044190768
657.0 0.0012548675840662327
658.0 0.001122531648434233
659.0 0.0009901962584990542
660.0 0.0009481111192144454
661.0 0.0009060258889803663
662.0 0.0010361778549849987
663.0 0.0011663301847875118
664.0 0.0011746649761334993
665.0 0.001182999403681606
666.0 0.0011319129043840803
667.0 0.001080826132238144
668.0 0.0011589412679313682
669.0 0.0012370564036245923
670.0 0.0011753581020457204
671.0 0.0011136596185679082
672.0 0.001122374669648707
673.0 0.0011310894478810951
674.0 0.0011175745385116898
675.0 0.0011040596291422844
676.0 0.0010225728146906476
677.0 0.0009410857273906004
678.0 0.0011037478543585166
679.0 0.001266410072275903
680.0 0.001102983696910087
681.0 0.0009395572305948008
682.0 0.000999087842501467
683.0 0.0010586185453576036
684.0 0.0009325087376055308
685.0 0.0008063988389039878
686.0 0.0010084292625833768
687.0 0.001210459686262766
688.0 0.0011533616088854615
689.0 0.001096263531508157
690.0 0.0009713608960737474
691.0 0.0008464582606393378
692.0 0.000856018959893845
693.0 0.0008655796591483522
694.0 0.0009754870006872807
695.0 0.001085394251276739
696.0 0.0011002311111951713
697.0 0.0011150676073157229
698.0 0.0012507995961641427
699.0 0.0013865314940630924
700.0 0.00118010812002467
701.0 0.0009736845640873071
702.0 0.0010913041478488594
703.0 0.0012089235497114714
704.0 0.0011945250662392937
705.0 0.001180126128019765
706.0 0.001140148833655985
707.0 0.0011001715392922051
708.0 0.0010138551260752138
709.0 0.0009275387128582224
710.0 0.0010893436410697177
711.0 0.0012511488421296235
712.0 0.0011865537089761347
713.0 0.0011219588486710563
714.0 0.0011793040357588325
715.0 0.001236649404745549
716.0 0.0014361588000610936
717.0 0.001635668559174519
718.0 0.0019168304788763635
719.0 0.0021979922166792676
720.0 0.0018466465917299502
721.0 0.0014953009667806327
722.0 0.00156210116983857
723.0 0.0016289019185933284
724.0 0.0016241288903984241
725.0 0.0016193556803045794
726.0 0.001744173641782254
727.0 0.0018689914213609882
728.0 0.0018980041204486042
729.0 0.0019270168195362203
730.0 0.0019530181816662662
731.0 0.001979019543796312
732.0 0.001898547270684503
733.0 0.0018180753613705747
734.0 0.0015984755009412766
735.0 0.0013788760043098591
736.0 0.0012298909496166743
737.0 0.0010809057130245492
738.0 0.0011180449291714467
739.0 0.0011551842362678144
740.0 0.0009604405931895599
741.0 0.0007656966772628948
742.0 0.0007669811566302087
743.0 0.0007682656359975226
744.0 0.000946233376453165
745.0 0.0011242012988077477
746.0 0.0011433938198024407
747.0 0.0011625862498476636
748.0 0.0012426436114765238
749.0 0.0013227010640548542
750.0 0.0010957530321320519
751.0 0.0008688052730576601
752.0 0.0007591007943119621
753.0 0.0006493965884146746
754.0 0.0008106486347969621
755.0 0.0009719007721287198
756.0 0.0008721307494852226
757.0 0.0007723607268417254
758.0 0.0008461123798042536
759.0 0.0009198643965646625
760.0 0.0007295023351616692
761.0 0.0005391402737586759
762.0 0.0005620438969344832
763.0 0.0005849474291608203
764.0 0.0007080232990119839
765.0 0.0008310993507620879
766.0 0.0006789661711081862
767.0 0.0005268329914542846
768.0 0.0005028171926824143
769.0 0.0004788013484358089
770.0 0.0004148000698478427
771.0 0.000350798813997244
772.0 0.0005703902843379183
773.0 0.0007899819138401654
774.0 0.0008271552360383794
775.0 0.0008643286491860636
776.0 0.000843444013298722
777.0 0.0008225593774113804
778.0 0.0007429859124385985
779.0 0.0006634124474658165
780.0 0.0006640873380092671
781.0 0.0006647621830779826
782.0 0.0006281178684730548
783.0 0.0005914733719691867
784.0 0.0006973221388761885
785.0 0.0008031708603084553
786.0 0.0007314752565434901
787.0 0.0006597800165764056
788.0 0.0003977945198130328
789.0 0.00013580917084254907
790.0 0.00017587490219739266
791.0 0.00021594059944618493
792.0 0.00030064384191064164
793.0 0.00038534708437509835
794.0 0.00029234340672701364
795.0 0.0001993397063415614
796.0 0.00037552918001892976
797.0 0.0005517186764336657
798.0 0.0005204448370932369
799.0 0.000489170997752808
800.0 0.0004947647994413273
801.0 0.0005003587375540519
802.0 0.0004280228495190386
803.0 0.0003556870979082305
804.0 0.000301758495879767
805.0 0.00024782998480077367
806.0 0.00031315546493715374
807.0 0.0003784809450735338
808.0 0.0004150787390244659
809.0 0.000451676532975398
810.0 0.00033559108487679623
811.0 0.0002195056140408269
812.0 0.0002465472789481282
813.0 0.0002735888756433269
814.0 0.00034530728498793906
815.0 0.0004170257398072863
816.0 0.0004576873379846802
817.0 0.0004983488452126039
818.0 0.00032889124668145087
819.0 0.0001594336481502978
820.0 0.00037122827052371576
821.0 0.0005830228019476635
822.0 0.00044292155507719144
823.0 0.0003028202854693518
824.0 0.00036653507322625956
825.0 0.0004302497927710647
826.0 0.0005929869530518772
827.0 0.0007557239769084845
828.0 0.0006408696663129376
829.0 0.0005260152192931855
830.0 0.00043797576836368535
831.0 0.00034993629469681764
832.0 0.0004825904397876002
833.0 0.0006152445621410152
834.0 0.0005031196451454889
835.0 0.0003909947281499626
836.0 0.0004361503215477569
837.0 0.0004813059149455512
838.0 0.0004893731784250122
839.0 0.0004974404419044731
840.0 0.0005622081516776234
841.0 0.0006269758159760386
842.0 0.0003062526957364753
843.0 1.6751821284299862e-10
844.0 7.000186315053725e-05
845.0 0.0001544742644910002
846.0 0.0004593879566527903
847.0 0.0007643017852387857
848.0 0.0006547658813360613
849.0 0.0005452300683828071
850.0 0.0005355800112738507
851.0 0.0005259299996396294
852.0 0.000601143392486847
853.0 0.000676356467010919
854.0 0.0006130185283836909
855.0 0.0005496804533322575
856.0 0.0005190429419599241
857.0 0.0004884055215370608
858.0 0.0005356776000553509
859.0 0.000582949678573641
860.0 0.0005372792656999081
861.0 0.0004916088528261753
862.0 0.000513902250531828
863.0 0.0005361956482374808
864.0 0.0004931535386276664
865.0 0.00045011147449258715
866.0 0.00045985639189893845
867.0 0.00046960140025475994
868.0 0.0006392612704075873
869.0 0.0008089212315098848
870.0 0.0006142136953712907
871.0 0.00041950602280849125
872.0 0.0003674911567941308
873.0 0.00031547617709293263
874.0 0.0004256203737895703
875.0 0.0005357645932235755
876.0 0.0006454466529248748
877.0 0.0007551287126261741
878.0 0.0006835246495029423
879.0 0.0006119205409049755
880.0 0.0006019742613716517
881.0 0.0005920282546867384
882.0 0.0005235895969235571
883.0 0.0004551512120087864
884.0 0.0004927233021589927
885.0 0.0005302955742081394
886.0 0.0006629916697420413
887.0 0.0007956880835990887
888.0 0.0005895615686313249
889.0 0.0003834352355625015
890.0 0.0004562513368000509
891.0 0.0005290675744618056
892.0 0.0004895130132354097
893.0 0.0004499585884332191
894.0 0.00046190384637156967
895.0 0.0004738491043099202
896.0 0.0002881226009776583
897.0 0.0001023960408019775
898.0 0.0002680618763406528
899.0 0.00043372765503590927
900.0 0.0003693083726830082
901.0 0.0003048890675927396
902.0 0.0005252895334706409
903.0 0.0007456899766111746
904.0 0.0004419421202328522
905.0 0.00013819413879900821
906.0 0.0003215825017832685
