latiss/transmission_filter/sdssr_65mm~empty/20221005T000000.ecsv
# %ECSV 0.9
# ---
# datatype:
# - {name: wavelength, unit: nm, datatype: float32}
# - {name: throughput, unit: -, datatype: float32}
# meta: !!omap
# - {MODE: CAMERA}
# - {TYPE: transmission_curve}
# - {CALIBDATE: '2022-10-05T00:00:00'}
# - {INSTRUME: LATISS}
# - {OBSTYPE: transmission_filter}
# - {CALIBCLS: lsst.ip.isr.IntermediateTransmissionCurve}
# - {DETECTOR: 0}
# - {SOURCE: LSST_SDSS_Filters.xlsx}
# - {FILTER: SDSSr_65mm~empty}
# - {CALIB_ID: 'raftName=RXX detectorName=RXX_S00 detector=0 calibDate=2022-10-05T00:00:00y ccd=0 ccdnum=0 filter=SDSSr_65mm~empty'}
# - {DATE: '2022-10-21T17:14:58.984473'}
# - {CALIB_CREATION_DATE: '2022-10-21'}
# - {CALIB_CREATION_TIME: '17:14:58'}
# - __serialized_columns__:
#     throughput:
#       __class__: astropy.units.quantity.Quantity
#       unit: !astropy.units.Unit {unit: -}
#       value: !astropy.table.SerializedColumn {name: throughput}
#     wavelength:
#       __class__: astropy.units.quantity.Quantity
#       unit: !astropy.units.Unit {unit: nm}
#       value: !astropy.table.SerializedColumn {name: wavelength}
# schema: astropy-2.0
wavelength throughput
540 5.00E-05
541 0
542 5.00E-05
543 5.00E-05
544 5.00E-05
545 1.00E-04
546 1.50E-04
547 2.00E-04
548 3.00E-04
549 4.50E-04
550 6.00E-04
551 9.50E-04
552 1.45E-03
553 2.20E-03
554 3.40E-03
555 5.25E-03
556 8.25E-03
557 0.01295
558 0.02045
559 0.03245
560 0.0512
561 0.0806
562 0.12485
563 0.18835
564 0.26785
565 0.36145
566 0.45985
567 0.5536
568 0.6412
569 0.719249999999999
570 0.7872
571 0.84215
572 0.8861
573 0.91535
574 0.933349999999999
575 0.9428
576 0.94755
577 0.9516
578 0.9559
579 0.9607
580 0.9671
581 0.97275
582 0.9763
583 0.98
584 0.98125
585 0.98135
586 0.98105
587 0.98065
588 0.98125
589 0.98205
590 0.9836
591 0.98545
592 0.98705
593 0.98905
594 0.99025
595 0.9914
596 0.9918
597 0.99155
598 0.99135
599 0.98945
600 0.9879
601 0.986
602 0.98385
603 0.98195
604 0.97975
605 0.97895
606 0.97875
607 0.979599999999999
608 0.98035
609 0.9818
610 0.9843
611 0.9863
612 0.98885
613 0.99115
614 0.9916
615 0.9926
616 0.99175
617 0.99175
618 0.99055
619 0.98985
620 0.9888
621 0.98905
622 0.988649999999999
623 0.98925
624 0.98855
625 0.9883
626 0.9888
627 0.9886
628 0.98675
629 0.9872
630 0.98735
631 0.98695
632 0.98825
633 0.98925
634 0.98935
635 0.9905
636 0.9922
637 0.99245
638 0.9929
639 0.99225
640 0.9926
641 0.99185
642 0.99085
643 0.98925
644 0.98945
645 0.98935
646 0.9893
647 0.9901
648 0.99085
649 0.9922
650 0.9921
651 0.99225
652 0.99145
653 0.99045
654 0.98945
655 0.98675
656 0.9854
657 0.9835
658 0.9823
659 0.98085
660 0.97975
661 0.9799
662 0.9794
663 0.9806
664 0.9817
665 0.98165
666 0.98295
667 0.98355
668 0.98405
669 0.9844
670 0.9837
671 0.9845
672 0.983
673 0.98175
674 0.979599999999999
675 0.9763
676 0.97225
677 0.96615
678 0.9595
679 0.9515
680 0.94285
681 0.9326
682 0.9224
683 0.911
684 0.89735
685 0.88265
686 0.8619
687 0.8355
688 0.7998
689 0.75055
690 0.68495
691 0.6063
692 0.51535
693 0.42065
694 0.33105
695 0.2514
696 0.18525
697 0.13435
698 0.0963
699 0.0681
700 0.0484
701 0.0344
702 0.0243
703 0.0174
704 0.01255
705 9.10E-03
706 6.65E-03
707 4.90E-03
708 3.70E-03
709 2.75E-03
710 2.05E-03
711 1.60E-03
712 1.20E-03
713 9.50E-04
714 7.00E-04
715 5.50E-04
716 4.50E-04
717 3.50E-04
718 2.50E-04
719 2.50E-04
720 2.00E-04
721 1.50E-04
722 1.00E-04
723 1.00E-04
724 1.00E-04
725 5.00E-05
726 5.00E-05
727 5.00E-05
728 5.00E-05
729 5.00E-05
730 0
731 0
732 0
733 -5.00E-05
734 0
735 0
736 0
737 0
738 0
739 0
740 0
