lsstCam/transmission_filter_detector/r03_s01/y_10/19700101T000000.ecsv
# %ECSV 1.0
# ---
# datatype:
# - {name: wavelength, unit: nm, datatype: float32}
# - {name: efficiency, unit: '%', datatype: float64}
# meta: !!omap
# - {MODE: DETECTOR}
# - {TYPE: transmission_filter_detector}
# - {CALIBDATE: '1970-01-01T00:00:00'}
# - {INSTRUME: LSSTCam}
# - {OBSTYPE: transmission_filter_detector}
# - {CALIBCLS: lsst.ip.isr.IntermediateFilterDetectorTransmissionCurve}
# - {SOURCE: Materion (DM-46256)}
# - {DETECTOR: 19}
# - {FILTER: y_10}
# - {CALIB_ID: 'calibDate=1970-01-01T00:00:00 filter=y_10 detector=19'}
# - {DATE: '2025-04-02T15:59:50.828651'}
# - {CALIB_CREATION_DATE: '2025-04-02'}
# - {CALIB_CREATION_TIME: '15:59:50'}
# - __serialized_columns__:
#     efficiency:
#       __class__: astropy.units.quantity.Quantity
#       unit: !astropy.units.Unit {unit: '%'}
#       value: !astropy.table.SerializedColumn {name: efficiency}
#     wavelength:
#       __class__: astropy.units.quantity.Quantity
#       unit: !astropy.units.Unit {unit: nm}
#       value: !astropy.table.SerializedColumn {name: wavelength}
# schema: astropy-2.0
wavelength efficiency
[from data line 576]
876.0 0.0031315925298258662
877.0 0.0019644303392851725
878.0 0.0007972685125423595
879.0 0.0017436290363548324
880.0 0.061621901113539934
881.0 0.09941720636561513
882.0 0.06446269107982516
883.0 0.0977727584540844
884.0 0.06753606721758842
885.0 0.09626978426240385
886.0 0.07202148553915322
887.0 0.09408146142959595
888.0 0.07533992757089436
889.0 0.09594759321771562
890.0 0.06858783890493214
891.0 0.11093314969912171
892.0 0.061226263642311096
893.0 0.08645653142593801
894.0 0.07160158711485565
895.0 0.11438662186264992
896.0 0.07255343371070921
897.0 0.1166341477073729
898.0 0.08332033175975084
899.0 0.11553268413990736
900.0 0.09407467441633344
901.0 0.11810202850028872
902.0 0.13894059229642153
903.0 0.13667859602719545
904.0 0.14629813376814127
905.0 0.15072813257575035
906.0 0.19120810320600867
907.0 0.20542307756841183
908.0 0.2502208109945059
909.0 0.30487384647130966
910.0 0.38856188766658306
911.0 0.517366686835885
912.0 0.6891305558383465
913.0 0.9851552546024323
914.0 1.3817897997796535
915.0 2.049420401453972
916.0 2.930973283946514
917.0 4.068386927247047
918.0 5.566784739494324
919.0 7.137064635753632
920.0 9.507417678833008
921.0 12.11998462677002
922.0 14.683891832828522
923.0 17.561647295951843
924.0 20.566929876804352
925.0 23.83827120065689
926.0 27.939516305923462
927.0 32.77880251407623
928.0 37.4726265668869
929.0 42.95327663421631
930.0 48.3712762594223
931.0 54.29564714431763
932.0 60.58977246284485
933.0 66.87228679656982
934.0 72.34727144241333
935.0 77.04215049743652
936.0 81.4695954322815
937.0 85.11233329772949
938.0 88.2198691368103
939.0 90.50800800323486
940.0 92.12331771850586
941.0 93.20497512817383
942.0 93.97494792938232
943.0 94.50353384017944
944.0 95.07834911346436
945.0 95.39929032325745
946.0 95.77019214630127
947.0 96.11220955848694
948.0 96.49499654769897
949.0 96.64625525474548
950.0 96.78847193717957
951.0 96.918123960495
952.0 96.91125154495239
953.0 97.04650640487671
954.0 96.96558117866516
955.0 96.8864381313324
956.0 97.08141088485718
957.0 97.18884825706482
958.0 97.29692339897156
959.0 97.43879437446594
960.0 97.59203791618347
961.0 97.73803353309631
962.0 97.9335606098175
963.0 98.0441689491272
964.0 98.25372695922852
965.0 98.33393096923828
966.0 98.50666522979736
967.0 98.60002398490906
968.0 98.66105318069458
969.0 98.66445064544678
970.0 98.71668815612793
971.0 98.76816272735596
972.0 98.77846240997314
973.0 98.83926510810852
974.0 98.8774061203003
975.0 98.86225461959839
976.0 98.8598108291626
977.0 98.87170791625977
978.0 98.94890189170837
979.0 98.86762499809265
980.0 98.91721606254578
981.0 98.85094165802002
982.0 98.81962537765503
983.0 98.88077974319458
984.0 98.86387586593628
985.0 98.90130758285522
986.0 98.78722429275513
987.0 98.84283542633057
988.0 98.69878888130188
989.0 98.6992597579956
990.0 98.59982132911682
991.0 98.57432842254639
992.0 98.62318634986877
993.0 98.52793216705322
994.0 98.45284223556519
995.0 98.48631024360657
996.0 98.44016432762146
997.0 98.50981831550598
998.0 98.54577779769897
999.0 98.55350255966187
1000.0 98.5785186290741
1001.0 98.58037233352661
1002.0 98.72819781303406
1003.0 98.76466393470764
1004.0 98.82292747497559
1005.0 98.80600571632385
1006.0 98.95454049110413
1007.0 98.96562695503235
1008.0 98.97118210792542
1009.0 98.92922043800354
1010.0 99.00809526443481
1011.0 99.00543093681335
1012.0 99.00047779083252
1013.0 98.98886680603027
1014.0 98.97937178611755
1015.0 98.9209771156311
1016.0 98.897784948349
1017.0 98.89777898788452
1018.0 98.96485805511475
1019.0 98.81205558776855
1020.0 98.89244437217712
1021.0 98.95575642585754
1022.0 98.8041341304779
1023.0 98.86971116065979
1024.0 98.81884455680847
1025.0 98.76043796539307
1026.0 98.84202480316162
1027.0 98.96232485771179
1028.0 98.84148240089417
1029.0 98.96054863929749
1030.0 98.97390007972717
1031.0 98.96487593650818
1032.0 98.96875023841858
1033.0 98.96295070648193
1034.0 98.95980954170227
1035.0 99.03138279914856
1036.0 98.98132681846619
1037.0 98.96655082702637
1038.0 98.93488883972168
1039.0 98.88207912445068
1040.0 98.83498549461365
1041.0 98.91771078109741
1042.0 98.87256026268005
1043.0 98.81532788276672
1044.0 98.86749982833862
1045.0 98.55629205703735
1046.0 98.83562922477722
1047.0 98.69585037231445
1048.0 98.68124127388
1049.0 98.59278798103333
1050.0 98.63524436950684
1051.0 98.61257076263428
1052.0 98.53386878967285
1053.0 98.39556217193604
1054.0 98.63243103027344
1055.0 98.6685037612915
1056.0 98.5754132270813
1057.0 98.6729085445404
1058.0 98.46700429916382
1059.0 98.51422309875488
1060.0 98.56091737747192
1061.0 98.53193759918213
1062.0 98.64426851272583
1063.0 98.62309098243713
1064.0 98.77769351005554
1065.0 98.75257611274719
1066.0 98.62120151519775
1067.0 98.80642294883728
1068.0 98.76497387886047
1069.0 98.58927130699158
1070.0 98.97403120994568
1071.0 98.7559974193573
1072.0 98.88524413108826
1073.0 98.84332418441772
1074.0 98.67614507675171
1075.0 98.71203303337097
1076.0 98.43671917915344
1077.0 98.72873425483704
1078.0 99.0364670753479
1079.0 98.37918281555176
1080.0 99.19792413711548
1081.0 98.5167145729065
1082.0 98.61622452735901
1083.0 98.5080897808075
1084.0 98.78614544868469
1085.0 98.87681603431702
1086.0 98.58854413032532
1087.0 98.6713171005249
1088.0 98.56674075126648
1089.0 98.32497835159302
1090.0 98.43888878822327
1091.0 98.37363362312317
1092.0 98.5942006111145
1093.0 98.5202968120575
1094.0 98.27985167503357
1095.0 98.16967248916626
1096.0 98.56117367744446
1097.0 98.0993390083313
1098.0 97.51619100570679
1099.0 98.60795736312866
1100.0 98.06103110313416
