lsstCam/transmission_filter_detector/r03_s01/y_10/19700101T000000.ecsv
# %ECSV 1.0
# ---
# datatype:
# - {name: wavelength, unit: nm, datatype: float32}
# - {name: efficiency, unit: '%', datatype: float64}
# meta: !!omap
# - {MODE: DETECTOR}
# - {TYPE: transmission_filter_detector}
# - {CALIBDATE: '1970-01-01T00:00:00'}
# - {INSTRUME: LSSTCam}
# - {OBSTYPE: transmission_filter_detector}
# - {CALIBCLS: lsst.ip.isr.IntermediateFilterDetectorTransmissionCurve}
# - {SOURCE: Materion (DM-46256)}
# - {DETECTOR: 19}
# - {FILTER: y_10}
# - {CALIB_ID: 'calibDate=1970-01-01T00:00:00 filter=y_10 detector=19'}
# - {DATE: '2025-04-02T15:59:50.828651'}
# - {CALIB_CREATION_DATE: '2025-04-02'}
# - {CALIB_CREATION_TIME: '15:59:50'}
# - __serialized_columns__:
#     efficiency:
#       __class__: astropy.units.quantity.Quantity
#       unit: !astropy.units.Unit {unit: '%'}
#       value: !astropy.table.SerializedColumn {name: efficiency}
#     wavelength:
#       __class__: astropy.units.quantity.Quantity
#       unit: !astropy.units.Unit {unit: nm}
#       value: !astropy.table.SerializedColumn {name: wavelength}
# schema: astropy-2.0
wavelength efficiency
300.0 0.5298489704728127
301.0 0.28720442205667496
302.0 0.04455985326785594
303.0 0.03955342108383775
304.0 0.034546994720585644
305.0 0.022555100440513343
306.0 0.010563204705249518
307.0 0.016489130211994052
308.0 0.02241505280835554
309.0 0.01645717420615256
310.0 0.010499294876353815
311.0 0.009634871821617708
312.0 0.008770447311690077
313.0 0.008225244528148323
314.0 0.007680041744606569
315.0 0.007072642620187253
316.0 0.006465244950959459
317.0 0.0057711080444278196
318.0 0.005076966772321612
319.0 0.002518982182664331
320.0 1.9645979721510942e-10
321.0 0.002143071651516948
322.0 0.004325147165218368
323.0 0.003305817153886892
324.0 0.0022864871425554156
325.0 0.0006259155725274468
326.0 1.9645979721510942e-10
327.0 0.00011186025403731037
328.0 0.0012583767784235533
329.0 0.003396792817511596
330.0 0.005535208765650168
331.0 0.004791354513145052
332.0 0.004047499533044174
333.0 0.0026937956135952845
334.0 0.0013400912393990438
335.0 0.0015410081687150523
336.0 0.001741925188980531
337.0 0.0028812017262680456
338.0 0.004020477717858739
339.0 0.0019882303604390472
340.0 1.9645979721510942e-10
341.0 1.9645979721510942e-10
342.0 1.9645979721510942e-10
343.0 0.0002364309466429404
344.0 0.0009125895303441212
345.0 0.0012597273780556861
346.0 0.0016068657714640722
347.0 0.0018449230992700905
348.0 0.002082980063278228
349.0 0.00153631826833589
350.0 0.0009896563824440818
351.0 0.0011713641470123548
352.0 0.0013530713658838067
353.0 0.0012969689123565331
354.0 0.0012408664588292595
355.0 0.0014437434401770588
356.0 0.0016466205124743283
357.0 0.0011633275789790787
358.0 0.0006800344181101536
359.0 0.0008057087143242825
360.0 0.0009313830560131464
361.0 0.0011735207408491988
362.0 0.001415658334735781
363.0 0.0011980973795289174
364.0 0.0009805361514736433
365.0 0.0013245782611193135
366.0 0.001668621007411275
367.0 0.0020764611690538004
368.0 0.0024843011487973854
369.0 0.0022234642528928816
370.0 0.0019626275388873182
371.0 0.0019435803551459685
372.0 0.0019245329895056784
373.0 0.002367604429309722
374.0 0.0028106756872148253
375.0 0.003512129114824347
376.0 0.004213582360534929
377.0 0.004076375626027584
378.0 0.003939168527722359
379.0 0.0035385826777201146
380.0 0.003137996100122109
381.0 0.00212136801565066
382.0 0.0011047395673813298
383.0 0.0011333671864122152
384.0 0.0011619946235441603
385.0 0.0008930122930905782
386.0 0.0006240298716875259
387.0 0.0007421638201776659
388.0 0.0008602978596172761
389.0 0.0006395193395292154
390.0 0.0004187409103906248
391.0 0.00037739896470156964
392.0 0.00033605708722461713
393.0 0.0004940035978506785
394.0 0.0006519503131130477
395.0 0.0006423593276849715
396.0 0.0006327684332063654
397.0 0.0008072429409367032
398.0 0.0009817173122428358
399.0 0.0012141164006607141
400.0 0.0014465155800280627
401.0 0.0015033469026093371
402.0 0.001560178498039022
403.0 0.001712864286673721
404.0 0.0018655500753084198
405.0 0.001828576932894066
406.0 0.001791604154277593
407.0 0.0015670833818148822
408.0 0.0013425627912511118
409.0 0.0010101055522682145
410.0 0.0006776478130632313
411.0 0.00031384333851747215
412.0 1.9645979721510942e-10
413.0 0.0005486822374223266
414.0 0.001147325565398205
415.0 0.0018605169316288084
416.0 0.0025737082978594117
417.0 0.001099704695661785
418.0 1.9645979721510942e-10
419.0 1.9645979721510942e-10
420.0 1.9645979721510942e-10
421.0 0.00029687691949220607
422.0 0.0008260238246293738
423.0 0.0008508084647473879
424.0 0.0008755928320169915
425.0 5.2690097618324216e-05
426.0 1.9645979721510942e-10
427.0 1.9645979721510942e-10
428.0 0.00022129254375613527
429.0 0.00013664883908859338
430.0 5.200519694881223e-05
431.0 0.000688615409671911
432.0 0.0013252258213469759
433.0 0.0010743681741587352
434.0 0.0008235109817178454
435.0 0.00032213270060310606
436.0 1.9645979721510942e-10
437.0 1.9645979721510942e-10
438.0 1.9645979721510942e-10
439.0 1.9645979721510942e-10
440.0 1.9645979721510942e-10
441.0 1.9645979721510942e-10
442.0 1.9645979721510942e-10
443.0 1.9645979721510942e-10
444.0 1.9645979721510942e-10
445.0 1.9645979721510942e-10
446.0 1.9645979721510942e-10
447.0 0.0001976588464458473
448.0 0.00042596980165399145
449.0 0.0003107769089183421
450.0 0.00019558376607164973
451.0 2.5652360591266188e-05
452.0 1.9645979721510942e-10
453.0 1.9645979721510942e-10
454.0 1.9645979721510942e-10
455.0 1.9645979721510942e-10
456.0 1.9645979721510942e-10
457.0 1.9645979721510942e-10
458.0 8.151214387908112e-05
459.0 0.00013412910675469902
460.0 0.00018674618331715465
461.0 0.00015861016890994506
462.0 0.00013047421134615433
463.0 0.0002903557060562889
464.0 0.00045023716666037217
465.0 0.00044238886403036304
466.0 0.0004345405614003539
467.0 0.0009578282515576575
468.0 0.0014811156688665505
469.0 0.0015624964362359606
470.0 0.00164387693075696
471.0 0.001679310116742272
472.0 0.0017147433027275838
473.0 0.002371787377342116
474.0 0.0030288314519566484
475.0 0.002859804044419434
476.0 0.00269077681878116
477.0 0.0029778469979646616
478.0 0.0032649171771481633
479.0 0.003748407107195817
480.0 0.00423189667344559
481.0 0.004314036050345749
482.0 0.004396175063448027
483.0 0.003879695577779785
484.0 0.003363215728313662
485.0 0.00355583724740427
486.0 0.0037484587664948776
487.0 0.0031914525607135147
488.0 0.0026344456273363903
489.0 0.002221207796537783
490.0 0.0018079703295370564
491.0 0.0015257910490618087
492.0 0.0012436115866876207
493.0 0.0008073183380474802
494.0 0.00037102547594258795
495.0 0.0008514679393556435
496.0 0.0013319105164555367
497.0 0.001793605406419374
498.0 0.002255300569231622
499.0 0.002230840800621081
500.0 0.0022063810320105404
501.0 0.0021202909920248203
502.0 0.0020342009520391002
503.0 0.0022428084776038304
504.0 0.00245141582126962
505.0 0.003011274202435743
506.0 0.0035711327655008063
507.0 0.002485656841599848
508.0 0.0014001801901031286
509.0 0.0016238003809121437
510.0 0.0018474202079232782
511.0 0.0018514811017666943
512.0 0.0018555421775090508
513.0 0.0017405813196091913
514.0 0.0016256210074061528
515.0 0.0015117933799047023
516.0 0.0013979657524032518
517.0 0.0015113017070689239
518.0 0.0016246374798356555
519.0 0.001726508344290778
520.0 0.0018283790268469602
521.0 0.0017017682694131508
522.0 0.0015751573300804012
523.0 0.0014537808965542354
524.0 0.0013324043720785994
525.0 0.0018996641301782802
526.0 0.0024669247068231925
527.0 0.0025629293304518797
528.0 0.0026589343178784475
529.0 0.002901380321418401
530.0 0.0031438259611604735
531.0 0.002923287138401065
532.0 0.0027027477699448355
533.0 0.0026044439437100664
534.0 0.002506139389879536
535.0 0.0020963723727618344
536.0 0.0016866049918462522
537.0 0.0021771738829556853
538.0 0.002667742592166178
539.0 0.003214886601199396
540.0 0.003762030610232614
541.0 0.004040593921672553
542.0 0.004319157233112492
543.0 0.004384024578030221
544.0 0.004448891922947951
545.0 0.004581242683343589
546.0 0.004713593443739228
547.0 0.003916034984285943
548.0 0.0031184765248326585
549.0 0.0030443237847066484
550.0 0.0029701710445806384
551.0 0.0026541711122263223
552.0 0.002338170997973066
553.0 0.0028540924176923
554.0 0.003370013291714713
555.0 0.00351569069607649
556.0 0.003661368100438267
557.0 0.0036588178772944957
558.0 0.003656268017948605
559.0 0.003674388790386729
560.0 0.003692509199026972
561.0 0.00365728119504638
562.0 0.003622052463470027
563.0 0.003163433211739175
564.0 0.0027048135962104425
565.0 0.003573631329345517
566.0 0.004442449426278472
567.0 0.004917089609079994
568.0 0.005391729428083636
569.0 0.006029264113749377
570.0 0.006666799163213
571.0 0.006787689926568419
572.0 0.006908580689923838
573.0 0.0069439214712474495
574.0 0.006979262252571061
575.0 0.006610858690692112
576.0 0.006242456584004685
577.0 0.005533002331503667
578.0 0.00482354880659841
579.0 0.005353942833608016
580.0 0.005884337588213384
581.0 0.0065992157033178955
582.0 0.007314092363230884
583.0 0.008612235978944227
584.0 0.009910377411870286
585.0 0.010407643276266754
586.0 0.010904911323450506
587.0 0.010627720621414483
588.0 0.010350528464186937
589.0 0.010376198042649776
590.0 0.01040187053149566
591.0 0.009563376806909218
592.0 0.008724880899535492
593.0 0.007101479422999546
594.0 0.005478080493048765
595.0 0.005380957736633718
596.0 0.005283835344016552
597.0 0.00591004136367701
598.0 0.006536247383337468
599.0 0.00766729936003685
600.0 0.00879835060914047
601.0 0.009058330761035904
602.0 0.009318309457739815
603.0 0.010210425534751266
604.0 0.01110254306695424
605.0 0.011115449160570279
606.0 0.011128353071399033
607.0 0.00974577123997733
608.0 0.008363192318938673
609.0 0.006581100024050102
610.0 0.004799009911948815
611.0 0.003929056765628047
612.0 0.0030591036193072796
613.0 0.003585647573345341
614.0 0.004112191163585521
615.0 0.004494200402405113
616.0 0.004876210005022585
617.0 0.006082722757128067
618.0 0.007289234781637788
619.0 0.008337389590451494
620.0 0.009385545126860961
621.0 0.010276302782585844
622.0 0.011167059710714966
623.0 0.011161837028339505
624.0 0.011156611435580999
625.0 0.009873251838143915
626.0 0.008589888602728024
627.0 0.006977256271056831
628.0 0.005364621392800473
629.0 0.004369407542981207
630.0 0.003374193693161942
631.0 0.002774138738459442
632.0 0.002174083601858001
633.0 0.00238783577515278
634.0 0.002601587948447559
635.0 0.003005929283972364
636.0 0.0034102704375982285
637.0 0.004170069587416947
638.0 0.004929868737235665
639.0 0.0049976810259977356
640.0 0.0050654936785576865
641.0 0.005523679647012614
642.0 0.005981865979265422
643.0 0.005423696347861551
644.0 0.00486552671645768
645.0 0.004515489126788452
646.0 0.004165451173321344
647.0 0.003480988380033523
648.0 0.002796525768644642
649.0 0.002062094608845655
650.0 0.0013276631761982571
651.0 0.001449903993488988
652.0 0.0015721450836281292
653.0 0.0015589319446007721
654.0 0.0015457186236744747
655.0 0.0014589900274586398
656.0 0.0013722615221922752
657.0 0.0014286668374552391
658.0 0.0014850719708192628
659.0 0.0016282521755783819
660.0 0.0017714324712869711
661.0 0.0017401611330569722
662.0 0.0017088896129280329
663.0 0.002324682463950012
664.0 0.0029404756787698716
665.0 0.0034082913771271706
666.0 0.003876106711686589
667.0 0.0044816406443715096
668.0 0.005087172758067027
669.0 0.005406377749750391
670.0 0.005725579831050709
671.0 0.006058460348867811
672.0 0.006391341594280675
673.0 0.007566708518425003
674.0 0.008742074714973569
675.0 0.008348708797711879
676.0 0.00795534360804595
677.0 0.006449367356253788
678.0 0.004943390376865864
679.0 0.0033288342820014805
680.0 0.0017142794604296796
681.0 0.0006909659532539081
682.0 1.9645979721510942e-10
683.0 9.528483246867836e-06
684.0 0.0003514047648423002
685.0 0.00024167900392058073
686.0 0.0001319532202614937
687.0 6.423977083613863e-05
688.0 1.9645979721510942e-10
689.0 7.728944524387771e-05
690.0 0.0001580525918143394
691.0 0.0003860902779706521
692.0 0.0006141278845461784
693.0 0.0005129805231263163
694.0 0.0004118332071811892
695.0 0.0005384991709433962
696.0 0.0006651651801803382
697.0 0.0005840653557243058
698.0 0.0005029654403188033
699.0 0.0005198936833039625
700.0 0.0005368217898649164
701.0 0.0003151938244627672
702.0 9.356588179798564e-05
703.0 0.00020648978988901945
704.0 0.00031941369798005326
705.0 0.0004627301223081304
706.0 0.0006060463419998996
707.0 7.252323257489479e-05
708.0 1.9645979721510942e-10
709.0 1.9645979721510942e-10
710.0 6.250288038245344e-05
711.0 0.00033361638998030685
712.0 0.0006047298938938184
713.0 0.0003682264377857791
714.0 0.00013172299304642365
715.0 0.0003310606416562223
716.0 0.0005303982561599696
717.0 0.00038615175981249195
718.0 0.00024190535441448446
719.0 0.00039130904951889534
720.0 0.0005407126081991009
721.0 0.0003674970457723248
722.0 0.0001942815288202837
723.0 0.00014892174249325763
724.0 0.00010356195616623154
725.0 0.0003067901161557529
726.0 0.0005100184353068471
727.0 0.000390888726542471
728.0 0.00027175917693966767
729.0 0.00033224707749468507
730.0 0.0003927351826860104
731.0 0.000558190185984131
732.0 0.0007236453711811919
733.0 0.00021753851342509734
734.0 1.9645979721510942e-10
735.0 1.9645979721510942e-10
736.0 1.9645979721510942e-10
737.0 0.0004595332939061336
738.0 0.0010319095054001082
739.0 0.0006147541171230841
740.0 0.00019759834231081186
741.0 0.00018315957959202933
742.0 0.00016872088508534944
743.0 5.284832695906516e-05
744.0 1.9645979721510942e-10
745.0 0.0003801000048042624
746.0 0.0008232243999373168
747.0 0.0004058215836266754
748.0 1.9645979721510942e-10
749.0 1.9645979721510942e-10
750.0 1.9645979721510942e-10
751.0 2.106068421880991e-05
752.0 8.464650136374985e-05
753.0 0.00025902470497385366
754.0 0.00043340287447790615
755.0 1.9645979721510942e-10
756.0 1.9645979721510942e-10
757.0 1.9645979721510942e-10
758.0 1.9645979721510942e-10
759.0 0.00029223538149381056
760.0 0.0008816331501293462
761.0 0.0004958068984706188
762.0 0.00010998061270584003
763.0 1.9645979721510942e-10
764.0 1.9645979721510942e-10
765.0 1.9645979721510942e-10
766.0 0.00018455779127179994
767.0 1.9645979721510942e-10
768.0 1.9645979721510942e-10
769.0 1.9645979721510942e-10
770.0 1.9645979721510942e-10
771.0 1.9645979721510942e-10
772.0 1.9645979721510942e-10
773.0 0.0001181605057354318
774.0 0.0006236912213353207
775.0 0.00040133991205948405
776.0 0.00017898852320286096
777.0 0.00021166658825677587
778.0 0.000244344641942007
779.0 0.0005089454589324305
780.0 0.0007735462531854864
781.0 0.0007238431862788275
782.0 0.0006741401648469036
783.0 0.0005336993126547895
784.0 0.0003932586423616158
785.0 0.00019975987015641294
786.0 6.260795970547406e-06
787.0 0.00046714731070096605
788.0 0.0009280337508243974
789.0 0.0008397881174460053
790.0 0.0007515425750170834
791.0 0.0005471040822158102
792.0 0.0003426654075155966
793.0 0.0005232641342445277
794.0 0.0007038625426503131
795.0 0.0008847920071275439
796.0 0.0010657213351805694
797.0 0.0005608922947430983
798.0 5.60633338864136e-05
799.0 0.0005734164005843922
800.0 0.001090769364964217
801.0 0.0006649264832958579
802.0 0.0002390835106780287
803.0 0.0004815943611902185
804.0 0.0007241051207529381
805.0 0.0010442227903695311
806.0 0.0013643402780871838
807.0 0.0008717094715393614
808.0 0.0003790786195168039
809.0 5.44775502930861e-05
810.0 1.9645979721510942e-10
811.0 1.9645979721510942e-10
812.0 0.00025288411507062847
813.0 0.0007346248366957298
814.0 0.0012163654901087284
815.0 0.0012002031326119322
816.0 0.0011840404113172553
817.0 0.0009201731700159144
818.0 0.0006563059741893085
819.0 0.0008822197742119897
820.0 0.0011081337106588762
821.0 0.0008547031939087901
822.0 0.0006012725862092339
823.0 0.0006318647137959488
824.0 0.000662457023281604
825.0 0.0006180203399708262
826.0 0.0005735836566600483
827.0 0.0007448178166669095
828.0 0.0009160519766737707
829.0 0.0005282737674860982
830.0 0.0001404955810357933
831.0 0.00017662216578173684
832.0 0.00021274888695188565
833.0 0.0004565863036987139
834.0 0.0007004238341323799
835.0 0.00012244070148881292
836.0 1.9645979721510942e-10
837.0 1.9645979721510942e-10
838.0 0.00033015508051903453
839.0 0.0006009552635077853
840.0 0.0008717554010218009
841.0 0.0011145180906169116
842.0 0.001357280598313082
843.0 0.0009465685252507683
844.0 0.0005358560429158388
845.0 0.0006413840765162604
846.0 0.000746912110116682
847.0 0.0009497576684225351
848.0 0.0011526030903041828
849.0 0.000871451720740879
850.0 0.0005902998964302242
851.0 0.0010146590284421109
852.0 0.0014390180695045274
853.0 0.0005742538178310497
854.0 1.9645979721510942e-10
855.0 1.9645979721510942e-10
856.0 1.9645979721510942e-10
857.0 0.0003170297532051336
858.0 0.0013548688912123907
859.0 0.001166718084277818
860.0 0.0009785669135453645
861.0 0.0011190006262040697
862.0 0.0012594345207617152
863.0 0.0015795185390743427
864.0 0.0018996024664375
865.0 0.001922959927469492
866.0 0.0019463172066025436
867.0 0.002592132477730047
868.0 0.0032379473850596696
869.0 0.0030065984901739284
870.0 0.002775249049591366
871.0 0.003278384974692017
872.0 0.003781521081691608
873.0 0.002625272281875368
874.0 0.0014690235730085988
