lsstCam/transmission_filter_detector/r31_s02/y_10/19700101T000000.ecsv
# %ECSV 1.0
# ---
# datatype:
# - {name: wavelength, unit: nm, datatype: float32}
# - {name: efficiency, unit: '%', datatype: float64}
# meta: !!omap
# - {MODE: DETECTOR}
# - {TYPE: transmission_filter_detector}
# - {CALIBDATE: '1970-01-01T00:00:00'}
# - {INSTRUME: LSSTCam}
# - {OBSTYPE: transmission_filter_detector}
# - {CALIBCLS: lsst.ip.isr.IntermediateFilterDetectorTransmissionCurve}
# - {SOURCE: Materion (DM-46256)}
# - {DETECTOR: 128}
# - {FILTER: y_10}
# - {CALIB_ID: 'calibDate=1970-01-01T00:00:00 filter=y_10 detector=128'}
# - {DATE: '2025-04-02T15:59:51.336894'}
# - {CALIB_CREATION_DATE: '2025-04-02'}
# - {CALIB_CREATION_TIME: '15:59:51'}
# - __serialized_columns__:
#     efficiency:
#       __class__: astropy.units.quantity.Quantity
#       unit: !astropy.units.Unit {unit: '%'}
#       value: !astropy.table.SerializedColumn {name: efficiency}
#     wavelength:
#       __class__: astropy.units.quantity.Quantity
#       unit: !astropy.units.Unit {unit: nm}
#       value: !astropy.table.SerializedColumn {name: wavelength}
# schema: astropy-2.0
wavelength efficiency
300.0 0.015307203284464777
301.0 0.01854138245107606
302.0 0.02177556016249582
303.0 0.017367620603181422
304.0 0.012959679588675499
305.0 0.011311656999168918
306.0 0.009663632226875052
307.0 0.01037433830788359
308.0 0.011085043661296368
309.0 0.010199705138802528
310.0 0.009314369526691735
311.0 0.005846542626386508
312.0 0.0023787160898791626
313.0 0.004149429878452793
314.0 0.005920141848037019
315.0 0.0033486907341284677
316.0 0.0007772394383209758
317.0 0.0013488473086908925
318.0 0.0019204542695661075
319.0 0.0013017611308896448
320.0 0.0006830672191426856
321.0 0.00020068835056008538
322.0 1.5868230123991522e-10
323.0 0.0029815291782142594
324.0 0.006244748510653153
325.0 0.0030448243705905043
326.0 1.5868230123991522e-10
327.0 0.0006639915682171704
328.0 0.0014830819964117836
329.0 0.002284360016346909
330.0 0.0030856379453325644
331.0 0.0027448826585896313
332.0 0.0024041275537456386
333.0 0.0033350461308145896
334.0 0.0042659645259846
335.0 0.003902138996636495
336.0 0.0035383123758947477
337.0 0.0026460536901140586
338.0 0.0017537946405354887
339.0 0.0016536048860871233
340.0 0.0015534147678408772
341.0 0.0015402712961076759
342.0 0.0015271276424755342
343.0 0.0013232514902483672
344.0 0.0011193754289706703
345.0 0.0010409202332084533
346.0 0.0009624651283957064
347.0 0.000900161739991745
348.0 0.0008378585334867239
349.0 0.0011320531484670937
350.0 0.001426247490599053
351.0 0.0014254063898988534
352.0 0.001424565380148124
353.0 0.0014191843547450844
354.0 0.0014138033293420449
355.0 0.001548848558741156
356.0 0.0016838936062413268
357.0 0.0017925367501447909
358.0 0.0019011800759471953
359.0 0.0014064307833905332
360.0 0.0009116814908338711
361.0 0.0009009807399706915
362.0 0.0008902800800569821
363.0 0.0009465225048188586
364.0 0.0010027648386312649
365.0 0.0013541824955609627
366.0 0.001705600334389601
367.0 0.001741799496812746
368.0 0.0017779984773369506
369.0 0.0015270657968358137
370.0 0.0012761328434862662
371.0 0.0012557348782138433
372.0 0.0012353370948403608
373.0 0.001622570925974287
374.0 0.0020098048480576836
375.0 0.0029488754080375656
376.0 0.003887946513714269
377.0 0.004100182923139073
378.0 0.004312419332563877
379.0 0.003813799048657529
380.0 0.0033151794923469424
381.0 0.0024653692889842205
382.0 0.0016155592675204389
383.0 0.0012833591426897328
384.0 0.0009511590178590268
385.0 0.000771483792050276
386.0 0.0005918085662415251
387.0 0.0006865902378194733
388.0 0.0007813719093974214
389.0 0.0006986200787650887
390.0 0.0006158683390822262
391.0 0.0006107125045673456
392.0 0.0006055564426787896
393.0 0.0007081206604198087
394.0 0.0008106846507871523
395.0 0.0007453901616827352
396.0 0.0006800954906793777
397.0 0.0007564167390228249
398.0 0.0008327378054673318
399.0 0.0010611511243041605
400.0 0.0012895642612420488
401.0 0.0014178356650518253
402.0 0.0015461067960131913
403.0 0.0016446667359559797
404.0 0.0017432264939998277
405.0 0.0018557308067101985
406.0 0.001968234937521629
407.0 0.001657876964600291
408.0 0.0013475190826284233
409.0 0.0012280610462767072
410.0 0.0011086026461271103
411.0 0.0011580344107642304
412.0 0.0012074660844518803
413.0 0.0005365954621083802
414.0 1.5868230123991522e-10
415.0 0.00021227476736385142
416.0 0.0005588245130638825
417.0 1.5868230123991522e-10
418.0 1.5868230123991522e-10
419.0 1.5868230123991522e-10
420.0 0.00018228366798211937
421.0 0.0003115466597591876
422.0 0.00044080989027861506
423.0 0.0008519039511156734
424.0 0.0012629980119527318
425.0 2.0035970749177068e-05
426.0 1.5868230123991522e-10
427.0 1.5868230123991522e-10
428.0 0.0003105519681412261
429.0 1.5868230123991522e-10
430.0 1.5868230123991522e-10
431.0 0.00013896027439841419
432.0 0.0006672647032246459
433.0 8.907560413717874e-05
434.0 1.5868230123991522e-10
435.0 0.00021816617845615838
436.0 0.0009254457836505026
437.0 0.00040044919842330273
438.0 1.5868230123991522e-10
439.0 1.5868230123991522e-10
440.0 5.0375751925457735e-05
441.0 5.815429631184088e-05
442.0 6.593285775124968e-05
443.0 0.00023280965706362622
444.0 0.0003996862687927205
445.0 0.0004668750534619903
446.0 0.0005340637017070549
447.0 0.0005817325927637285
448.0 0.0006294016202446073
449.0 0.00024295393359352602
450.0 1.5868230123991522e-10
451.0 0.00011766879879360204
452.0 0.000378831418856862
453.0 0.00012137094245190383
454.0 1.5868230123991522e-10
455.0 0.0003761183052120032
456.0 0.0008883261216396932
457.0 0.00033746432563930284
458.0 1.5868230123991522e-10
459.0 1.5868230123991522e-10
460.0 1.5868230123991522e-10
461.0 1.5868230123991522e-10
462.0 0.0002662935457919957
463.0 0.0004601318778441055
464.0 0.0006539701189467451
465.0 0.0007126082891772967
466.0 0.0007712464139331132
467.0 0.000985293991107028
468.0 0.001199341750179883
469.0 0.0015658453776268288
470.0 0.0019323490050737746
471.0 0.0022896123482496478
472.0 0.002646875691425521
473.0 0.0025090384951909073
474.0 0.0023712011170573533
475.0 0.0027101297746412456
476.0 0.003049058432225138
477.0 0.0030620471079600975
478.0 0.0030750361474929377
479.0 0.0034274289646418765
480.0 0.0037798214179929346
481.0 0.004161756442044862
482.0 0.004543691102298908
483.0 0.0043616943003144115
484.0 0.004179697498329915
485.0 0.003809218105743639
486.0 0.0034387387131573632
487.0 0.003158898471156135
488.0 0.002879058047255967
489.0 0.002626629066071473
490.0 0.0023742002667859197
491.0 0.0020704792405012995
492.0 0.0017667582142166793
493.0 0.0017790020137908868
494.0 0.0017912454495672137
495.0 0.0018487979104975238
496.0 0.001906350371427834
497.0 0.0017067050066543743
498.0 0.0015070594599819742
499.0 0.0018825396182364784
500.0 0.0022580195945920423
501.0 0.0026584059014567174
502.0 0.0030587925721192732
503.0 0.002929715446953196
504.0 0.002800638321787119
505.0 0.00239039545704145
506.0 0.001980152774194721
507.0 0.0020847239284194075
508.0 0.002189295264543034
509.0 0.0019830727978842333
510.0 0.001776850149326492
511.0 0.001674370105320122
512.0 0.0015718898794148117
513.0 0.0016510017303517088
514.0 0.0017301139450864866
515.0 0.0016674537619110197
516.0 0.0016047935787355527
517.0 0.001262077785213478
518.0 0.0009193621735903434
519.0 0.0011265213288425002
520.0 0.0013336805750441272
521.0 0.0015579507817164995
522.0 0.001782221079338342
523.0 0.0018961991372634657
524.0 0.002010177013289649
525.0 0.002053666139545385
526.0 0.00209715508390218
527.0 0.002115100505761802
528.0 0.002133046291419305
529.0 0.0021971163732814603
530.0 0.0022611862732446752
531.0 0.0022132018784759566
532.0 0.002165217483707238
533.0 0.001939978938025888
534.0 0.0017147403923445381
535.0 0.001597197842784226
536.0 0.0014796554751228541
537.0 0.0019325138055137359
538.0 0.0023853721359046176
539.0 0.0028550051865749992
540.0 0.0033246386010432616
541.0 0.0037150875868974254
542.0 0.004105536208953708
543.0 0.004516663102549501
544.0 0.004927789996145293
545.0 0.004903751687379554
546.0 0.004879713378613815
547.0 0.004242049180902541
548.0 0.0036043853469891474
549.0 0.002981601755891461
550.0 0.002358817982894834
551.0 0.0024751690943958238
552.0 0.0025915203877957538
553.0 0.0028479280445026234
554.0 0.003104335701209493
555.0 0.0037094418075866997
556.0 0.004314548277761787
557.0 0.004227487079333514
558.0 0.00414042551710736
559.0 0.003800827107625082
560.0 0.003461228698142804
561.0 0.0035640710848383605
562.0 0.0036669138353317976
563.0 0.0034814889659173787
564.0 0.003296063732705079
565.0 0.0034413224057061598
566.0 0.0035865810787072405
567.0 0.003927834040950984
568.0 0.004269087003194727
569.0 0.0049901118472917005
570.0 0.005711136691388674
571.0 0.005889617386856116
572.0 0.006068098446121439
573.0 0.006216808105818927
574.0 0.006365517037920654
575.0 0.006191970896907151
576.0 0.006018424392095767
577.0 0.005804259126307443
578.0 0.005590093496721238
579.0 0.00587998001719825
580.0 0.0061698658100795
581.0 0.007090953295119107
582.0 0.008012040780158713
583.0 0.008922463894123212
584.0 0.009832889190874994
585.0 0.01031312785926275
586.0 0.010793367255246267
587.0 0.010906434908974916
588.0 0.01101950547308661
589.0 0.010621967521728948
590.0 0.01022443175315857
591.0 0.009446853800909594
592.0 0.00866927657625638
593.0 0.007463491056114435
594.0 0.006257706991164014
595.0 0.005824830077472143
596.0 0.005391953891376033
597.0 0.00595500496274326
598.0 0.006518055306514725
599.0 0.007599732634844258
600.0 0.008681410690769553
601.0 0.009680823131930083
602.0 0.010680235573090613
603.0 0.010681300045689568
604.0 0.010682365245884284
605.0 0.010743994789663702
606.0 0.01080562433344312
607.0 0.00936263968469575
608.0 0.007919655763544142
609.0 0.006355754885589704
610.0 0.0047918529162416235
611.0 0.004092888048035093
612.0 0.003393923179828562
613.0 0.0033979427826125175
614.0 0.0034019620215985924
615.0 0.004471448846743442
616.0 0.005540935308090411
617.0 0.007018223550403491
618.0 0.008495509246131405
619.0 0.0097386357083451
620.0 0.010981762898154557
621.0 0.011270079266978428
622.0 0.011558397090993822
623.0 0.011561418796190992
624.0 0.01156443904619664
625.0 0.010291107901139185
626.0 0.009017776028485969
627.0 0.007185553113231435
628.0 0.005353332016966306
629.0 0.004427968815434724
630.0 0.0035026059777010232
631.0 0.0028959773771930486
632.0 0.0022893495042808354
633.0 0.0025407902285223827
634.0 0.0027922311346628703
635.0 0.003027318416570779
636.0 0.003262405880377628
637.0 0.0036395907955011353
638.0 0.004016776438220404
639.0 0.00443282988271676
640.0 0.004848883327213116
641.0 0.004996795178158209
642.0 0.005144706665305421
643.0 0.0053041818318888545
644.0 0.0054636566346744075
645.0 0.00479233858641237
646.0 0.004121020538150333
647.0 0.003421999281272292
648.0 0.0027229782062931918
649.0 0.002232826045656111
650.0 0.0017426740669179708
651.0 0.001704186615825165
652.0 0.0016656991647323593
653.0 0.0017658865544945002
654.0 0.001866073944256641
655.0 0.0016386817151214927
656.0 0.0014112893040874042
657.0 0.0014318609828478657
658.0 0.001452432570658857
659.0 0.0015676056136726402
660.0 0.0016827785657369532
661.0 0.0015729186998214573
662.0 0.001463059106754372
663.0 0.0016753667296143249
664.0 0.0018876742615248077
665.0 0.0025317753170384094
666.0 0.0031758765544509515
667.0 0.004141240788158029
668.0 0.005106605385662988
669.0 0.005945156954112463
670.0 0.006783709250157699
671.0 0.007108195859473199
672.0 0.007432682468788698
673.0 0.007357990398304537
674.0 0.0072832983278203756
675.0 0.007298473792616278
676.0 0.00731364925741218
677.0 0.0058208464906783774
678.0 0.004328042268753052
679.0 0.0030964856705395505
680.0 0.0018649277990334667
681.0 0.0012701525520242285
682.0 0.0006753775323886657
683.0 0.0005784247605333803
684.0 0.0004814720796275651
685.0 0.0003733171752173803
686.0 0.0002651622025950928
687.0 0.00014291770185081987
688.0 2.067321815957257e-05
689.0 0.0001510049060016172
690.0 0.0002813366108966875
691.0 0.0003293409008620074
692.0 0.0003773450316657545
693.0 0.00025996819204010535
694.0 0.00014259128420235356
695.0 0.00014663851288787555
696.0 0.00015068585526023526
697.0 0.0002568887794041075
698.0 0.00036309177176008234
699.0 0.00028762697183992714
700.0 0.0002121622628692421
701.0 8.199434091693547e-05
702.0 1.5868230123991522e-10
703.0 1.5868230123991522e-10
704.0 1.5868230123991522e-10
705.0 0.00011995426802968723
706.0 0.00028428196401364403
707.0 0.0004155474471190246
708.0 0.0005468129529617727
709.0 0.0007203524546639528
710.0 0.0008938922292145435
711.0 0.0006388940619217465
712.0 0.00038389594010368455
713.0 0.00031036679501994513
714.0 0.00023683767267357325
715.0 0.00030004894142621197
716.0 0.0003632601647041156
717.0 0.00013773468481304008
718.0 1.5868230123991522e-10
719.0 0.00029622299280163134
720.0 0.0006802368716307683
721.0 0.0005632607098959852
722.0 0.00044628473006014246
723.0 0.0005947116733295843
724.0 0.0007431386165990261
725.0 0.00029865827855246607
726.0 1.5868230123991522e-10
727.0 1.355534919866841e-05
728.0 0.0001729326640997897
729.0 0.0002477549514878774
730.0 0.00032257714792649494
731.0 0.0002975501274704584
732.0 0.0002725233343880973
733.0 0.00039647629819228314
734.0 0.000520429512107512
735.0 0.0005903207238588948
736.0 0.0006602120720344828
737.0 0.00039815163290768396
738.0 0.00013609136431114166
739.0 0.00011541876574483467
740.0 9.474617854721146e-05
741.0 0.0003576804829208413
742.0 0.0006206148100318387
743.0 0.00044895359678776003
744.0 0.00027729226985684363
745.0 0.00036987339626648463
746.0 0.00046245431803981774
747.0 0.0003331603238621028
748.0 0.00020386623873491772
749.0 0.0002857648496501497
750.0 0.0003676634605653817
751.0 0.0006213456799741834
752.0 0.0008750277629587799
753.0 0.0005798770871479064
754.0 0.00028472638859966537
755.0 0.00045266524466569535
756.0 0.0006206039870448876
757.0 0.00039111832847993355
758.0 0.0001616328290765523
759.0 0.00039522988117823843
760.0 0.0006288269560172921
761.0 0.0005881240667804377
762.0 0.0005474212230183184
763.0 0.0005220776529313298
764.0 0.0004967340828443412
765.0 0.0004698126303992467
766.0 0.0004428911779541522
767.0 0.0004934955995850032
768.0 0.0005441000666905893
769.0 0.0004343115961091826
770.0 0.0003245230118409381
771.0 0.0004172409262537258
772.0 0.000509958863403881
773.0 0.0002687475443963194
774.0 2.753612875494582e-05
775.0 0.00039058727452356834
776.0 0.0007536386419815244
777.0 0.0005477254035213264
778.0 0.0003418121650611283
779.0 0.0005014524049329339
780.0 0.0006610925538552692
781.0 0.0006046395810699323
782.0 0.0005481866537593305
783.0 0.0009467553354625124
784.0 0.0013453240171656944
785.0 0.0010445358384458814
786.0 0.0007437475233018631
787.0 0.0004204305696475785
788.0 9.711347956908867e-05
789.0 0.00040697186705074273
790.0 0.0007168301181081915
791.0 0.0008522036296199076
792.0 0.0009875770956568886
793.0 0.0008061923836066853
794.0 0.000624807626081747
795.0 0.0005243305622570915
796.0 0.00042385340748296585
797.0 0.0007059555628075032
798.0 0.0009880576726573054
799.0 0.0005162386969459476
800.0 4.441978944669245e-05
801.0 0.0005354300810722634
802.0 0.0010264403499604668
803.0 0.0009005554602481425
804.0 0.0007746707524347585
805.0 0.0007463814199581975
806.0 0.0007180920874816366
807.0 0.0007470836862921715
808.0 0.0007760753760521766
809.0 0.0007397269200737355
810.0 0.0007033784640952945
811.0 0.0007924701094452757
812.0 0.0008815616638457868
813.0 0.0008287132914119866
814.0 0.0007758649189781863
815.0 0.0006386910172295757
816.0 0.0005015170700062299
817.0 0.0006181455319165252
818.0 0.000734774221200496
819.0 0.0008487023478664923
820.0 0.0009626304745324887
821.0 0.0009019246135721914
822.0 0.0008412188435613643
823.0 0.0005787016107206
824.0 0.0003161842869303655
825.0 0.0006001749170536641
826.0 0.0008841655471769627
827.0 0.0009091483661904931
828.0 0.0009341310942545533
829.0 0.0006939691957086325
830.0 0.0004538072971627116
831.0 0.000525975474374718
832.0 0.0005981438334856648
833.0 0.001040936967910966
834.0 0.0014837301932857372
835.0 0.0012107501788705122
836.0 0.0009377699825563468
837.0 0.0005425566541816806
838.0 0.00014734334854438202
839.0 0.00024053736069618026
840.0 0.00033373139558534604
841.0 0.0006681766535621136
842.0 0.0010026220479630865
843.0 0.0008045642061915714
844.0 0.0006065065008442616
845.0 0.0007094416105246637
846.0 0.0008123766747303307
847.0 0.0008017221261980012
848.0 0.0007910675776656717
849.0 0.0005222407708060928
850.0 0.0002534138502596761
851.0 0.0004765174253407167
852.0 0.0006996209322096547
853.0 0.0010577157809166238
854.0 0.001415810675098328
855.0 0.0011798797459050547
856.0 0.0009439489076612517
857.0 0.0010709829439292662
858.0 0.0011980169801972806
859.0 0.0009876435797195882
860.0 0.000777270361140836
861.0 0.0010519988791202195
862.0 0.001326727397099603
863.0 0.001372944188915426
864.0 0.0014191609807312489
865.0 0.0017461448805988766
866.0 0.0020731287804665044
867.0 0.0026791671189130284
868.0 0.0032852050935616717
869.0 0.0028897649826831184
870.0 0.0024943245080066845
871.0 0.0029860435461159796
872.0 0.003477762220427394
873.0 0.0027955820769420825
874.0 0.0021134017515578307
