lsstCam/transmission_filter_detector/r31_s02/y_10/19700101T000000.ecsv
# %ECSV 1.0
# ---
# datatype:
# - {name: wavelength, unit: nm, datatype: float32}
# - {name: efficiency, unit: '%', datatype: float64}
# meta: !!omap
# - {MODE: DETECTOR}
# - {TYPE: transmission_filter_detector}
# - {CALIBDATE: '1970-01-01T00:00:00'}
# - {INSTRUME: LSSTCam}
# - {OBSTYPE: transmission_filter_detector}
# - {CALIBCLS: lsst.ip.isr.IntermediateFilterDetectorTransmissionCurve}
# - {SOURCE: Materion (DM-46256)}
# - {DETECTOR: 128}
# - {FILTER: y_10}
# - {CALIB_ID: 'calibDate=1970-01-01T00:00:00 filter=y_10 detector=128'}
# - {DATE: '2025-04-02T15:59:51.336894'}
# - {CALIB_CREATION_DATE: '2025-04-02'}
# - {CALIB_CREATION_TIME: '15:59:51'}
# - __serialized_columns__:
#     efficiency:
#       __class__: astropy.units.quantity.Quantity
#       unit: !astropy.units.Unit {unit: '%'}
#       value: !astropy.table.SerializedColumn {name: efficiency}
#     wavelength:
#       __class__: astropy.units.quantity.Quantity
#       unit: !astropy.units.Unit {unit: nm}
#       value: !astropy.table.SerializedColumn {name: wavelength}
# schema: astropy-2.0
wavelength efficiency
[from data line 576]
876.0 0.0018643326257006265
877.0 0.0019089688066742383
878.0 0.0019536053514457308
879.0 0.0017532031051814556
880.0 0.07017940515652299
881.0 0.11112184729427099
882.0 0.07099183276295662
883.0 0.0991317443549633
884.0 0.06295294733718038
885.0 0.10840513277798891
886.0 0.06744771962985396
887.0 0.09913014946505427
888.0 0.049554905854165554
889.0 0.10143840918317437
890.0 0.05800903891213238
891.0 0.09588379180058837
892.0 0.05941820563748479
893.0 0.11026330757886171
894.0 0.0750368635635823
895.0 0.11734550353139639
896.0 0.08869639132171869
897.0 0.1259272452443838
898.0 0.09187835967168212
899.0 0.13254765653982759
900.0 0.11131291976198554
901.0 0.14605626929551363
902.0 0.17806094838306308
903.0 0.19951197318732738
904.0 0.2310703508555889
905.0 0.28358097188174725
906.0 0.34540891647338867
907.0 0.45489026233553886
908.0 0.6142050493508577
909.0 0.8413280360400677
910.0 1.2190189212560654
911.0 1.7275439575314522
912.0 2.5349777191877365
913.0 3.7340454757213593
914.0 5.103941634297371
915.0 7.100293785333633
916.0 9.45848524570465
917.0 11.956530809402466
918.0 14.761416614055634
919.0 17.430034279823303
920.0 21.02467119693756
921.0 24.814186990261078
922.0 28.61623764038086
923.0 33.17035436630249
924.0 38.13217282295227
925.0 43.54625344276428
926.0 49.99267756938934
927.0 56.82070255279541
928.0 62.77758479118347
929.0 69.13636922836304
930.0 74.65687990188599
931.0 79.9760639667511
932.0 84.8551332950592
933.0 88.90981674194336
934.0 91.76732301712036
935.0 93.71843934059143
936.0 95.20789980888367
937.0 96.2192177772522
938.0 96.86835408210754
939.0 97.12416529655457
940.0 97.38125801086426
941.0 97.50423431396484
942.0 97.65185117721558
943.0 97.76570200920105
944.0 97.96905517578125
945.0 97.90963530540466
946.0 97.90875911712646
947.0 97.8945791721344
948.0 98.05277585983276
949.0 97.95907735824585
950.0 98.05613160133362
951.0 98.13394546508789
952.0 98.22529554367065
953.0 98.40203523635864
954.0 98.49145412445068
955.0 98.54511618614197
956.0 98.72207045555115
957.0 98.8682210445404
958.0 99.0186095237732
959.0 99.03932213783264
960.0 99.1101861000061
961.0 99.14485216140747
962.0 99.19369220733643
963.0 99.18867945671082
964.0 99.22268986701965
965.0 99.22146201133728
966.0 99.33673739433289
967.0 99.38434958457947
968.0 99.37025308609009
969.0 99.3764877319336
970.0 99.43093657493591
971.0 99.44701790809631
972.0 99.48962926864624
973.0 99.57855939865112
974.0 99.57045316696167
975.0 99.53758120536804
976.0 99.58000779151917
977.0 99.53399896621704
978.0 99.60128664970398
979.0 99.5310127735138
980.0 99.49895739555359
981.0 99.4059681892395
982.0 99.33745861053467
983.0 99.39414858818054
984.0 99.34122562408447
985.0 99.37931299209595
986.0 99.2436408996582
987.0 99.32772517204285
988.0 99.22474026679993
989.0 99.24120903015137
990.0 99.22824501991272
991.0 99.25744533538818
992.0 99.32054281234741
993.0 99.27506446838379
994.0 99.25000071525574
995.0 99.30670261383057
996.0 99.2982268333435
997.0 99.43196773529053
998.0 99.4598925113678
999.0 99.48097467422485
1000.0 99.50960278511047
1001.0 99.47071671485901
1002.0 99.56030249595642
1003.0 99.58214163780212
1004.0 99.63620901107788
1005.0 99.53752160072327
1006.0 99.67177510261536
1007.0 99.62134957313538
1008.0 99.5880126953125
1009.0 99.5218813419342
1010.0 99.57523345947266
1011.0 99.6006965637207
1012.0 99.51605200767517
1013.0 99.5188057422638
1014.0 99.49286580085754
1015.0 99.45052862167358
1016.0 99.41505789756775
1017.0 99.51117634773254
1018.0 99.57044124603271
1019.0 99.42317605018616
1020.0 99.55015182495117
1021.0 99.67435002326965
1022.0 99.57476258277893
1023.0 99.59514141082764
1024.0 99.56459403038025
1025.0 99.60760474205017
1026.0 99.64492321014404
1027.0 99.75187182426453
1028.0 99.66898560523987
1029.0 99.81154799461365
1030.0 99.83725547790527
1031.0 99.71436262130737
1032.0 99.77867603302002
1033.0 99.69713687896729
1034.0 99.76484179496765
1035.0 99.76779818534851
1036.0 99.6889054775238
1037.0 99.68993067741394
1038.0 99.66709017753601
1039.0 99.5984673500061
1040.0 99.56693649291992
1041.0 99.65311288833618
1042.0 99.50524568557739
1043.0 99.49371814727783
1044.0 99.53098893165588
1045.0 99.30875897407532
1046.0 99.47370290756226
1047.0 99.48648810386658
1048.0 99.47129487991333
1049.0 99.43658113479614
1050.0 99.4257390499115
1051.0 99.42300319671631
1052.0 99.423748254776
1053.0 99.29782152175903
1054.0 99.48301315307617
1055.0 99.5652437210083
1056.0 99.40940141677856
1057.0 99.58401918411255
1058.0 99.29735064506531
1059.0 99.38168525695801
1060.0 99.54140782356262
1061.0 99.39160346984863
1062.0 99.37746524810791
1063.0 99.40564632415771
1064.0 99.52628016471863
1065.0 99.47972893714905
1066.0 99.41933155059814
1067.0 99.5862364768982
1068.0 99.46936368942261
1069.0 99.19654726982117
1070.0 99.63467717170715
1071.0 99.45269823074341
1072.0 99.35687780380249
1073.0 99.73142147064209
1074.0 99.20827150344849
1075.0 99.2228627204895
1076.0 99.0814745426178
1077.0 99.44255948066711
1078.0 99.53354597091675
1079.0 99.17108416557312
1080.0 99.88418221473694
1081.0 99.2396354675293
1082.0 99.17495250701904
1083.0 99.13603663444519
1084.0 99.48775172233582
1085.0 99.23880696296692
1086.0 99.3406355381012
1087.0 99.39067363739014
1088.0 99.00950193405151
1089.0 98.95739555358887
1090.0 98.87535572052002
1091.0 99.11479353904724
1092.0 98.78835082054138
1093.0 98.86671304702759
1094.0 98.87309670448303
1095.0 98.78513813018799
1096.0 98.7550675868988
1097.0 98.63343238830566
1098.0 98.02168607711792
1099.0 98.9453375339508
1100.0 98.39262962341309
