lsstCam/transmission_filter_detector/r43_s20/u_24/19700101T000000.ecsv
# %ECSV 1.0
# ---
# datatype:
# - {name: wavelength, unit: nm, datatype: float32}
# - {name: efficiency, unit: '%', datatype: float64}
# meta: !!omap
# - {MODE: DETECTOR}
# - {TYPE: transmission_filter_detector}
# - {CALIBDATE: '1970-01-01T00:00:00'}
# - {INSTRUME: LSSTCam}
# - {OBSTYPE: transmission_filter_detector}
# - {CALIBCLS: lsst.ip.isr.IntermediateFilterDetectorTransmissionCurve}
# - {SOURCE: Materion (DM-46256)}
# - {DETECTOR: 186}
# - {FILTER: u_24}
# - {CALIB_ID: 'calibDate=1970-01-01T00:00:00 filter=u_24 detector=186'}
# - {DATE: '2025-04-02T15:59:40.612965'}
# - {CALIB_CREATION_DATE: '2025-04-02'}
# - {CALIB_CREATION_TIME: '15:59:40'}
# - __serialized_columns__:
#     efficiency:
#       __class__: astropy.units.quantity.Quantity
#       unit: !astropy.units.Unit {unit: '%'}
#       value: !astropy.table.SerializedColumn {name: efficiency}
#     wavelength:
#       __class__: astropy.units.quantity.Quantity
#       unit: !astropy.units.Unit {unit: nm}
#       value: !astropy.table.SerializedColumn {name: wavelength}
# schema: astropy-2.0
wavelength efficiency
[from data line 582]
877.0 0.0030465449526673183
878.0 0.0031743453291710466
879.0 0.00331855881086085
880.0 0.0034627719287527725
881.0 0.0035783126804744825
882.0 0.0036938534321961924
883.0 0.0035649052733788267
884.0 0.003435957114561461
885.0 0.0033476477256044745
886.0 0.0032593390642432496
887.0 0.003323965211166069
888.0 0.0033885913580888882
889.0 0.0032360647310269997
890.0 0.003083538103965111
891.0 0.003220666985725984
892.0 0.003357795503688976
893.0 0.00343885512847919
894.0 0.003519914753269404
895.0 0.003379294867045246
896.0 0.003238674980821088
897.0 0.0033948541386052966
898.0 0.0035510332963895053
899.0 0.004005102891824208
900.0 0.0044591732148546726
901.0 0.004536501000984572
902.0 0.004613828787114471
903.0 0.004811030157725327
904.0 0.0050082311645383015
905.0 0.0052977935411036015
906.0 0.005587355553871021
907.0 0.005845882697030902
908.0 0.006104409112595022
909.0 0.006022349771228619
910.0 0.005940290066064335
911.0 0.005804196553071961
912.0 0.0056681026762817055
913.0 0.005610134394373745
914.0 0.005552165748667903
915.0 0.005414939369075
916.0 0.005277712625684217
917.0 0.005263955608825199
918.0 0.005250198591966182
919.0 0.005273253918858245
920.0 0.005296309245750308
921.0 0.005219044032855891
922.0 0.005141778456163593
923.0 0.005395306652644649
924.0 0.005648835212923586
925.0 0.0060705311625497416
926.0 0.006492227112175897
927.0 0.006816379755036905
928.0 0.007140532397897914
929.0 0.0073985276685561985
930.0 0.007656525122001767
931.0 0.0076804331911262125
932.0 0.007704341260250658
933.0 0.0076044059824198484
934.0 0.007504470704589039
935.0 0.0076434640504885465
936.0 0.007782455941196531
937.0 0.0073415765655227005
938.0 0.006900699372636154
939.0 0.006389583722921088
940.0 0.005878468073206022
941.0 0.0056245513405883685
942.0 0.005370634244172834
943.0 0.004590855314745568
944.0 0.0038110763853183016
945.0 0.003387837205082178
946.0 0.002964597297250293
947.0 0.0028876067517558113
948.0 0.002810616024362389
949.0 0.0023578666514367796
950.0 0.0019051172785111703
951.0 0.0019279555999673903
952.0 0.00195079373952467
953.0 0.002058755126199685
954.0 0.0021667165128747
955.0 0.002126079380104784
956.0 0.0020854417016380467
957.0 0.002227123150078114
958.0 0.002368804780417122
959.0 0.0028279826437938027
960.0 0.0032871601433726028
961.0 0.0034080087061738595
962.0 0.0035288572689751163
963.0 0.004007091774838045
964.0 0.004485326644498855
965.0 0.004725109101855196
966.0 0.004964892286807299
967.0 0.005258886449155398
968.0 0.005552881339099258
969.0 0.005504675209522247
970.0 0.005456469443743117
971.0 0.005394403706304729
972.0 0.0053323383326642215
973.0 0.0052927949582226574
974.0 0.005253251947578974
975.0 0.004950900984113105
976.0 0.004648550020647235
977.0 0.004711292785941623
978.0 0.00477403518743813
979.0 0.004329226067056879
980.0 0.003884417310473509
981.0 0.004056013494846411
982.0 0.004227609679219313
983.0 0.004116537093068473
984.0 0.0040054652345133945
985.0 0.004200400871923193
986.0 0.00439533541793935
987.0 0.004924621680402197
988.0 0.005453906851471402
989.0 0.005940028131590225
990.0 0.00642615050310269
991.0 0.006721513636875898
992.0 0.0070168789534363896
993.0 0.007489346899092197
994.0 0.007961814844748005
995.0 0.008039551175897941
996.0 0.008117286051856354
997.0 0.007976969936862588
998.0 0.007836653821868822
999.0 0.007577645737910643
1000.0 0.007318638381548226
1001.0 0.006659788778051734
1002.0 0.006000940993544646
1003.0 0.005681380571331829
1004.0 0.0053618208767147735
1005.0 0.005168248389963992
1006.0 0.004974676267011091
1007.0 0.004473640365176834
1008.0 0.003972604463342577
1009.0 0.003929202648578212
1010.0 0.0038858004700159654
1011.0 0.0036737499613082036
1012.0 0.0034616983612067997
1013.0 0.0030175671781762503
1014.0 0.00257343563134782
1015.0 0.002302408938703593
1016.0 0.0020313822460593656
1017.0 0.0020823463273700327
1018.0 0.0021333102267817594
1019.0 0.0018677219486562535
1020.0 0.001602133852429688
1021.0 0.0015412922948598862
1022.0 0.0014804507372900844
1023.0 0.0015148749298532493
1024.0 0.0015492991224164143
1025.0 0.0017045376807800494
1026.0 0.0018597764210426249
1027.0 0.002043691711151041
1028.0 0.0022276071831583977
1029.0 0.002200787639594637
1030.0 0.002173968096030876
1031.0 0.0020187235350022092
1032.0 0.0018634789739735425
1033.0 0.002154210233129561
1034.0 0.0024449414922855794
1035.0 0.0026272602553945035
1036.0 0.002809579382301308
1037.0 0.0029451259251800366
1038.0 0.0030806721042608842
1039.0 0.003163004294037819
1040.0 0.0032453364838147536
1041.0 0.0031644107366446406
1042.0 0.003083484625676647
1043.0 0.0028186537747387774
1044.0 0.0025538225600030273
1045.0 0.0023337637685472146
1046.0 0.0021137047951924615
1047.0 0.002498992034816183
1048.0 0.002884279274439905
1049.0 0.0023621245418326
1050.0 0.001839969991124235
1051.0 0.0017765831216820516
1052.0 0.0017131960703409277
1053.0 0.0014540842130372766
1054.0 0.0011949723557336256
1055.0 0.0014006992387294304
1056.0 0.0016064261217252351
1057.0 0.00208099063456757
1058.0 0.002555555329308845
1059.0 0.0014997741345723625
1060.0 0.00044399330363376066
1061.0 0.0010692405339796096
1062.0 0.001694487946224399
1063.0 0.0017890390154207125
1064.0 0.0018835900846170262
1065.0 0.0013456981832860038
1066.0 0.0008078062819549814
1067.0 0.001041737232299056
1068.0 0.0012756681826431304
1069.0 0.0012345002687652595
1070.0 0.001193331991089508
1071.0 0.001607286321814172
1072.0 0.0020212408344377764
1073.0 0.0027921962100663222
1074.0 0.0035631514037959278
1075.0 0.002935128031822387
1076.0 0.0023071046598488465
1077.0 0.004003730646218173
1078.0 0.005700355541193858
1079.0 0.005034897549194284
1080.0 0.004369439193396829
1081.0 0.004366434586700052
1082.0 0.0043634292524075136
1083.0 0.00415762078773696
1084.0 0.003951812323066406
1085.0 0.004844861905439757
1086.0 0.00573791257920675
1087.0 0.004594835627358407
1088.0 0.0034517586755100638
1089.0 0.003441403168835677
1090.0 0.003431048389757052
1091.0 0.0038916205085115507
1092.0 0.00435219299106393
1093.0 0.003196657416992821
1094.0 0.002041121661022771
1095.0 0.0026409612473798916
1096.0 0.0032408010156359524
1097.0 0.0016996054910123348
1098.0 0.00015841008007555502
1099.0 0.002435301757941488
1100.0 0.004712193549494259
