lsstCam/transmission_filter_detector/r43_s20/u_24/19700101T000000.ecsv
# %ECSV 1.0
# ---
# datatype:
# - {name: wavelength, unit: nm, datatype: float32}
# - {name: efficiency, unit: '%', datatype: float64}
# meta: !!omap
# - {MODE: DETECTOR}
# - {TYPE: transmission_filter_detector}
# - {CALIBDATE: '1970-01-01T00:00:00'}
# - {INSTRUME: LSSTCam}
# - {OBSTYPE: transmission_filter_detector}
# - {CALIBCLS: lsst.ip.isr.IntermediateFilterDetectorTransmissionCurve}
# - {SOURCE: Materion (DM-46256)}
# - {DETECTOR: 186}
# - {FILTER: u_24}
# - {CALIB_ID: 'calibDate=1970-01-01T00:00:00 filter=u_24 detector=186'}
# - {DATE: '2025-04-02T15:59:40.612965'}
# - {CALIB_CREATION_DATE: '2025-04-02'}
# - {CALIB_CREATION_TIME: '15:59:40'}
# - __serialized_columns__:
#     efficiency:
#       __class__: astropy.units.quantity.Quantity
#       unit: !astropy.units.Unit {unit: '%'}
#       value: !astropy.table.SerializedColumn {name: efficiency}
#     wavelength:
#       __class__: astropy.units.quantity.Quantity
#       unit: !astropy.units.Unit {unit: nm}
#       value: !astropy.table.SerializedColumn {name: wavelength}
# schema: astropy-2.0
wavelength efficiency
295.0 1.7204597121955878e-10
296.0 1.7204597121955878e-10
297.0 1.7204597121955878e-10
298.0 1.7204597121955878e-10
299.0 1.7204597121955878e-10
300.0 1.7204597121955878e-10
301.0 1.7204597121955878e-10
302.0 1.7204597121955878e-10
303.0 0.050406280206516385
304.0 0.5316723603755236
305.0 1.4475527219474316
306.0 3.0943743884563446
307.0 5.387796089053154
308.0 8.297012746334076
309.0 11.822082102298737
310.0 15.782022476196289
311.0 19.653436541557312
312.0 23.230431973934174
313.0 26.011329889297485
314.0 28.626179695129395
315.0 31.19838833808899
316.0 33.69994759559631
317.0 37.02986538410187
318.0 41.0718709230423
319.0 46.032556891441345
320.0 52.46590971946716
321.0 57.871174812316895
322.0 63.43384385108948
323.0 68.11005473136902
324.0 71.63411974906921
325.0 74.00566339492798
326.0 75.99948644638062
327.0 77.6042103767395
328.0 79.29757833480835
329.0 80.49952983856201
330.0 81.3812792301178
331.0 81.70360326766968
332.0 81.87312483787537
333.0 82.26103782653809
334.0 82.17706084251404
335.0 82.65132904052734
336.0 83.28694105148315
337.0 83.94206166267395
338.0 84.80497598648071
339.0 85.25673151016235
340.0 85.46515107154846
341.0 85.91334819793701
342.0 86.10592484474182
343.0 86.03000044822693
344.0 86.35421395301819
345.0 86.81930899620056
346.0 87.16964721679688
347.0 87.54045963287354
348.0 87.73108124732971
349.0 87.86363005638123
350.0 87.96499371528625
351.0 88.14066648483276
352.0 87.96923756599426
353.0 88.03191184997559
354.0 87.94787526130676
355.0 88.03925514221191
356.0 88.09484839439392
357.0 87.88069486618042
358.0 87.41157650947571
359.0 87.10900545120239
360.0 87.06821203231812
361.0 86.84189915657043
362.0 86.77499294281006
363.0 87.0042622089386
364.0 87.24383115768433
365.0 87.70747184753418
366.0 87.95902132987976
367.0 87.9605233669281
368.0 88.02881240844727
369.0 88.17866444587708
370.0 88.13327550888062
371.0 88.07122111320496
372.0 88.31541538238525
373.0 88.65947127342224
374.0 88.68875503540039
375.0 88.95650506019592
376.0 89.2321527004242
377.0 89.22423124313354
378.0 89.15865421295166
379.0 88.5921061038971
380.0 87.41514682769775
381.0 85.72661280632019
382.0 83.69157910346985
383.0 81.57620429992676
384.0 79.36462759971619
385.0 76.6788125038147
386.0 73.70551824569702
387.0 69.80915069580078
388.0 65.74366688728333
389.0 61.01512312889099
390.0 56.673288345336914
391.0 52.399128675460815
392.0 48.25931191444397
393.0 44.632863998413086
394.0 40.848347544670105
395.0 36.41315698623657
396.0 31.34028911590576
397.0 24.474626779556274
398.0 17.615588009357452
399.0 11.093127727508545
400.0 5.921032279729843
401.0 2.490159496665001
402.0 0.8126972243189812
403.0 0.2949228510260582
404.0 0.1350704813376069
405.0 0.04319391446188092
406.0 0.029625193565152586
407.0 1.7204597121955878e-10
408.0 1.7204597121955878e-10
409.0 1.7204597121955878e-10
410.0 1.7204597121955878e-10
411.0 1.7204597121955878e-10
412.0 1.7204597121955878e-10
413.0 1.7204597121955878e-10
414.0 1.7204597121955878e-10
415.0 1.7204597121955878e-10
416.0 1.7204597121955878e-10
417.0 1.7204597121955878e-10
418.0 1.7204597121955878e-10
419.0 1.7204597121955878e-10
420.0 1.7204597121955878e-10
421.0 1.7204597121955878e-10
422.0 1.7204597121955878e-10
423.0 1.7204597121955878e-10
424.0 1.7204597121955878e-10
425.0 1.7204597121955878e-10
426.0 1.7204597121955878e-10
427.0 1.7204597121955878e-10
428.0 1.7204597121955878e-10
429.0 1.7204597121955878e-10
430.0 1.7204597121955878e-10
431.0 1.7204597121955878e-10
432.0 1.7204597121955878e-10
433.0 1.7204597121955878e-10
434.0 1.7204597121955878e-10
435.0 1.7204597121955878e-10
436.0 0.00020762277017638553
437.0 1.7204597121955878e-10
438.0 1.7204597121955878e-10
439.0 0.00017955160274141235
440.0 0.00221887221414363
441.0 0.001961563066288363
442.0 0.001704253736534156
443.0 0.0006955116987228394
444.0 1.7204597121955878e-10
445.0 1.7204597121955878e-10
446.0 1.7204597121955878e-10
447.0 1.7204597121955878e-10
448.0 1.7204597121955878e-10
449.0 9.867228527582483e-05
450.0 0.0004869541044172365
451.0 0.0005701667305402225
452.0 0.000653379629511619
453.0 0.0002980387080242508
454.0 1.7204597121955878e-10
455.0 0.00044768376028514467
456.0 0.0009526694157102611
457.0 0.0004232484116073465
458.0 1.7204597121955878e-10
459.0 1.7204597121955878e-10
460.0 1.7204597121955878e-10
461.0 1.7204597121955878e-10
462.0 1.7204597121955878e-10
463.0 1.7204597121955878e-10
464.0 1.7204597121955878e-10
465.0 1.7204597121955878e-10
466.0 1.0515019965851025e-05
467.0 0.0006437871434172848
468.0 0.0012770593457389623
469.0 0.0003558626303856727
470.0 1.7204597121955878e-10
471.0 1.7204597121955878e-10
472.0 1.7204597121955878e-10
473.0 1.7204597121955878e-10
474.0 1.7204597121955878e-10
475.0 1.7204597121955878e-10
476.0 1.7204597121955878e-10
477.0 1.7204597121955878e-10
478.0 1.7204597121955878e-10
479.0 1.7204597121955878e-10
480.0 1.7204597121955878e-10
481.0 1.7204597121955878e-10
482.0 1.7204597121955878e-10
483.0 1.2339624788637593e-05
484.0 0.0002752378804871114
485.0 1.7204597121955878e-10
486.0 1.7204597121955878e-10
487.0 1.7204597121955878e-10
488.0 0.0002192975898651639
489.0 2.5949560722438036e-05
490.0 1.7204597121955878e-10
491.0 0.00017507411484984914
492.0 0.0005175466867513023
493.0 0.0005466688890010118
494.0 0.0005757911822001915
495.0 0.00030962794426159235
496.0 4.346471200733504e-05
497.0 1.7204597121955878e-10
498.0 1.7204597121955878e-10
499.0 1.7204597121955878e-10
500.0 0.00020777517875103513
501.0 5.298614382809319e-05
502.0 1.7204597121955878e-10
503.0 1.7204597121955878e-10
504.0 1.7204597121955878e-10
505.0 1.7204597121955878e-10
506.0 1.7204597121955878e-10
507.0 0.00018630483964443556
508.0 0.0008015602361410856
509.0 0.00012894321343992488
510.0 1.7204597121955878e-10
511.0 1.7204597121955878e-10
512.0 0.00020806742213608231
513.0 1.7204597121955878e-10
514.0 1.7204597121955878e-10
515.0 1.7204597121955878e-10
516.0 6.199943527462892e-05
517.0 0.00015088834288690123
518.0 0.0002397771822870709
519.0 0.0001297798121413507
520.0 1.978237094135693e-05
521.0 1.7204597121955878e-10
522.0 1.7204597121955878e-10
523.0 1.7204597121955878e-10
524.0 0.0002699727701838128
525.0 0.00017846701894086436
526.0 8.696137001606985e-05
527.0 1.7204597121955878e-10
528.0 1.7204597121955878e-10
529.0 1.7204597121955878e-10
530.0 1.7204597121955878e-10
531.0 1.7204597121955878e-10
532.0 1.7204597121955878e-10
533.0 2.9512528954001027e-05
534.0 0.00017578839788257028
535.0 1.7204597121955878e-10
536.0 1.7204597121955878e-10
537.0 1.7204597121955878e-10
538.0 1.7204597121955878e-10
539.0 1.7204597121955878e-10
540.0 4.0933744571702846e-05
541.0 1.7204597121955878e-10
542.0 1.7204597121955878e-10
543.0 1.7204597121955878e-10
544.0 1.7204597121955878e-10
545.0 1.7204597121955878e-10
546.0 1.7204597121955878e-10
547.0 1.7204597121955878e-10
548.0 1.7204597121955878e-10
549.0 1.7204597121955878e-10
550.0 1.7204597121955878e-10
551.0 1.7204597121955878e-10
552.0 1.7204597121955878e-10
553.0 1.7204597121955878e-10
554.0 1.7204597121955878e-10
555.0 1.7204597121955878e-10
556.0 1.7204597121955878e-10
557.0 1.7204597121955878e-10
558.0 7.233974770315399e-05
559.0 1.7204597121955878e-10
560.0 1.7204597121955878e-10
561.0 1.7204597121955878e-10
562.0 1.7204597121955878e-10
563.0 1.7204597121955878e-10
564.0 1.7204597121955878e-10
565.0 1.7204597121955878e-10
566.0 0.00017299639694101643
567.0 0.00035373677746974863
568.0 0.0005344772034732159
569.0 0.0003456449121586047
570.0 0.00015681263221267727
571.0 0.00022679682842863258
572.0 0.000296780967801169
573.0 0.000321577090289793
574.0 0.0003463731900410494
575.0 0.00046773880058026407
576.0 0.0005891043201700086
577.0 0.0004873479610978393
578.0 0.00038559173844987527
579.0 0.0008768799489189405
580.0 0.001368168250337476
581.0 0.0010713894880609587
582.0 0.0007746108167339116
583.0 0.000892199113877723
584.0 0.0010097875019710045
585.0 0.0008392908966925461
586.0 0.0006687942914140876
587.0 0.0005093301297165453
588.0 0.00034986592254426796
589.0 0.00041556800169928465
590.0 0.00048127003537956625
591.0 0.0007298752279893961
592.0 0.000978480420599226
593.0 0.0009404720913153142
594.0 0.0009024636710819323
595.0 0.0010027399184764363
596.0 0.0011030163477698807
597.0 0.0016936633983277716
598.0 0.0022843105398351327
599.0 0.0023285594579647295
600.0 0.0023728083760943264
601.0 0.002540073728596326
602.0 0.0027073390810983256
603.0 0.0024000637495191768
604.0 0.002092788417940028
605.0 0.0017097298041335307
606.0 0.0013266711903270334
607.0 0.0010197728443017695
608.0 0.0007128743163775653
609.0 0.000548436219105497
610.0 0.000383998258257634
611.0 0.0004245529453328345
612.0 0.0004651074959838297
613.0 0.0006727413165208418
614.0 0.0008803750461083837
615.0 0.0006616689915972529
616.0 0.00044296270971244667
617.0 0.00041662706280476414
618.0 0.00039029127947287634
619.0 0.0005086314104119083
620.0 0.0006269714504014701
621.0 0.0006520234819618054
622.0 0.0006770755135221407
623.0 0.0008294922736240551
624.0 0.0009819089427764993
625.0 0.001246461397386156
626.0 0.0015110138519958127
627.0 0.0013476377716870047
628.0 0.0011842616913781967
629.0 0.0017536287487018853
630.0 0.0023229955331771635
631.0 0.002514054904168006
632.0 0.002705114457057789
633.0 0.002724730256886687
634.0 0.002744345874816645
635.0 0.0028046415536664426
636.0 0.0028649372325162403
637.0 0.0022536079995916225
638.0 0.0016422785847680643
639.0 0.0014646859199274331
640.0 0.001287092800339451
641.0 0.001038077607518062
642.0 0.0007890625056461431
643.0 0.0003897647275152849
644.0 1.7204597121955878e-10
645.0 0.0001736890226311516
646.0 0.0003569109821910388
647.0 0.00030082169359957334
648.0 0.00024473233679600526
649.0 0.0005873390819033375
650.0 0.0009299456905864645
651.0 0.0013774417311651632
652.0 0.0018249374988954514
653.0 0.0019790109945461154
654.0 0.002133084308297839
655.0 0.002681643672985956
656.0 0.0032302028557751328
657.0 0.0035058677894994617
658.0 0.0037815330870216712
659.0 0.003705422568600625
660.0 0.003629312413977459
661.0 0.0030811981559963897
662.0 0.00253308371611638
663.0 0.0020655454136431217
664.0 0.0015980069292709231
665.0 0.0013098754607199226
666.0 0.001021743992168922
667.0 0.0009040023542183917
668.0 0.0007862606253183912
669.0 0.0006318909072433598
670.0 0.000477520961794653
671.0 0.0006544171810674015
672.0 0.0008313134458148852
673.0 0.0009357157978229225
674.0 0.0010401180588814896
675.0 0.0015742289178888313
676.0 0.0021083398678456433
677.0 0.0029119271857780404
678.0 0.003715514321811497
679.0 0.005073485954198986
680.0 0.006431457586586475
681.0 0.008115270611597225
682.0 0.009799083636607975
683.0 0.010799723531818017
684.0 0.01180036342702806
685.0 0.010868463141378015
686.0 0.009936564310919493
687.0 0.008350150164915249
688.0 0.006763736018911004
689.0 0.005638193397317082
690.0 0.004512650775723159
691.0 0.0038211350329220295
692.0 0.003129620017716661
693.0 0.0023962767954799347
694.0 0.001662933937041089
695.0 0.0012183317267044913
696.0 0.000773729698266834
697.0 0.0006704911356791854
698.0 0.0005672525276168017
699.0 0.0005619941020995611
700.0 0.0005567355856328504
701.0 0.0006341106200125068
702.0 0.000711485517967958
703.0 0.0005253130893834168
704.0 0.0003391406153241405
705.0 0.000527000429428881
706.0 0.0007148602890083566
707.0 0.0007680499038542621
708.0 0.0008212395187001675
709.0 0.0008513724424119573
710.0 0.0008815054570732173
711.0 0.0008692233677720651
712.0 0.000856941278470913
713.0 0.0007771847776893992
714.0 0.0006974281859584153
715.0 0.0004775616162078222
716.0 0.0002576949100330239
717.0 0.00039749606912664603
718.0 0.000537297137270798
719.0 0.0003054027274629334
720.0 7.350827786467562e-05
721.0 0.00011395020464988193
722.0 0.00015439213711943012
723.0 0.00034502827475080267
724.0 0.0005356645488063805
725.0 0.0005348464583221357
726.0 0.0005340284587873612
727.0 0.0004830333637073636
728.0 0.00043203826862736605
729.0 0.00037547608826571377
730.0 0.00031891383969195886
731.0 0.0003507849214656744
732.0 0.00038265598050202243
733.0 0.000419660818806733
734.0 0.0004566656116367085
735.0 0.0005362684078136226
736.0 0.0006158712039905367
737.0 0.0009045324986800551
738.0 0.0011931938388443086
739.0 0.001779128251655493
740.0 0.002365062573517207
741.0 0.0027363839762983844
742.0 0.003107705560978502
743.0 0.0034093161957571283
744.0 0.0037109268305357546
745.0 0.0041834722651401535
746.0 0.004656016972148791
747.0 0.004655375596485101
748.0 0.004654734584619291
749.0 0.004426883606356569
750.0 0.004199032991891727
751.0 0.003927928628399968
752.0 0.00365682462870609
753.0 0.003230059883208014
754.0 0.002803295683406759
755.0 0.002448221857775934
756.0 0.0020931483959429897
757.0 0.0013811843018629588
758.0 0.000669220253257663
759.0 0.0007114638719940558
760.0 0.0007537073543062434
761.0 0.0006592204044864047
762.0 0.0005647333182423608
763.0 0.0007204013854789082
764.0 0.0008760694981901906
765.0 0.0007036894658085657
766.0 0.0005313094334269408
767.0 0.0003634440645328141
768.0 0.00019557862742658472
769.0 0.0003210576551282429
770.0 0.00044653679651673883
771.0 0.0006451070021284977
772.0 0.0008436772986897267
773.0 0.001040508686855901
774.0 0.0012373397112241946
775.0 0.0009413140105607454
776.0 0.000645288264422561
777.0 0.000727678070688853
778.0 0.0008100679224298801
779.0 0.0010160143574466929
780.0 0.0012219606105645653
781.0 0.001468072605348425
782.0 0.0017141845091828145
783.0 0.0015255845937645063
784.0 0.0013369847692956682
785.0 0.0012839855116908439
786.0 0.0012309863450354896
787.0 0.0011187210475327447
788.0 0.00100645584097947
789.0 0.0010649041541910265
790.0 0.0011233523764531128
791.0 0.0009948070328391623
792.0 0.0008662615982757416
793.0 0.0007143794846342644
794.0 0.0005624972345685819
795.0 0.0006034219950379338
796.0 0.0006443468009820208
797.0 0.0002593646740933764
798.0 1.7204597121955878e-10
799.0 1.7204597121955878e-10
800.0 5.012539077142719e-05
801.0 1.7204597121955878e-10
802.0 1.7204597121955878e-10
803.0 1.7204597121955878e-10
804.0 5.269991447676148e-05
805.0 1.7204597121955878e-10
806.0 1.7204597121955878e-10
807.0 1.7204597121955878e-10
808.0 0.00010915404118350125
809.0 0.00019841793346131453
810.0 0.0002876818371078116
811.0 0.00043150080273335334
812.0 0.0005753197456215275
813.0 0.00039419714994437527
814.0 0.00021307444058038527
815.0 0.0001751334707478236
816.0 0.00013719244407184306
817.0 0.00023784805307514034
818.0 0.0003385037643965916
819.0 0.0003607665803428972
820.0 0.0003830293735518353
821.0 0.00039285860111704096
822.0 0.00040268778320751153
823.0 0.00029330260531423846
824.0 0.00018391751837043557
825.0 0.0002558739424785017
826.0 0.000327830207424995
827.0 0.00025938072667486267
828.0 0.00019093126866209786
829.0 0.00019507835986587452
830.0 0.00019922549654438626
831.0 6.675716122117592e-05
832.0 1.7204597121955878e-10
833.0 1.7204597121955878e-10
834.0 1.7204597121955878e-10
835.0 1.7204597121955878e-10
836.0 1.7204597121955878e-10
837.0 1.7204597121955878e-10
838.0 1.7204597121955878e-10
839.0 1.7204597121955878e-10
840.0 1.7204597121955878e-10
841.0 1.7204597121955878e-10
842.0 1.7204597121955878e-10
843.0 7.804151209711563e-05
844.0 0.0003544069841154851
845.0 6.229108748811996e-05
846.0 1.7204597121955878e-10
847.0 0.00010315956160411588
848.0 0.0004361439550848445
849.0 0.0004975056071998551
850.0 0.0005588671683653956
851.0 0.0005817325927637285
852.0 0.000604597880737856
853.0 0.0008642045941087417
854.0 0.0011238113984290976
855.0 0.0012145229447924066
856.0 0.0013052347640041262
857.0 0.0012914490071125329
858.0 0.0012776632502209395
859.0 0.0014513997484755237
860.0 0.0016251357010332868
861.0 0.001787544351827819
862.0 0.0019499528207234107
863.0 0.0020848070562351495
864.0 0.0022196612917468883
865.0 0.001994323611143045
866.0 0.001768985930539202
867.0 0.00183115425897995
868.0 0.001893322405521758
869.0 0.0021978967197355814
870.0 0.0025024713977472857
871.0 0.0024157481675501913
872.0 0.002329024937353097
873.0 0.0026267201974405907
874.0 0.002924415639427025
875.0 0.0029215800168458372
