lsstCam/transmission_filter_detector/r10_s22/i_39/19700101T000000.ecsv
# %ECSV 1.0
# ---
# datatype:
# - {name: wavelength, unit: nm, datatype: float32}
# - {name: efficiency, unit: '%', datatype: float64}
# meta: !!omap
# - {MODE: DETECTOR}
# - {TYPE: transmission_filter_detector}
# - {CALIBDATE: '1970-01-01T00:00:00'}
# - {INSTRUME: LSSTCam}
# - {OBSTYPE: transmission_filter_detector}
# - {CALIBCLS: lsst.ip.isr.IntermediateFilterDetectorTransmissionCurve}
# - {SOURCE: Materion (DM-46256)}
# - {DETECTOR: 35}
# - {FILTER: i_39}
# - {CALIB_ID: 'calibDate=1970-01-01T00:00:00 filter=i_39 detector=35'}
# - {DATE: '2025-04-02T15:59:46.641462'}
# - {CALIB_CREATION_DATE: '2025-04-02'}
# - {CALIB_CREATION_TIME: '15:59:46'}
# - __serialized_columns__:
#     efficiency:
#       __class__: astropy.units.quantity.Quantity
#       unit: !astropy.units.Unit {unit: '%'}
#       value: !astropy.table.SerializedColumn {name: efficiency}
#     wavelength:
#       __class__: astropy.units.quantity.Quantity
#       unit: !astropy.units.Unit {unit: nm}
#       value: !astropy.table.SerializedColumn {name: wavelength}
# schema: astropy-2.0
wavelength efficiency
[from data line 599]
899.0 1.610694975832938e-10
900.0 1.610694975832938e-10
901.0 1.610694975832938e-10
902.0 1.610694975832938e-10
903.0 1.610694975832938e-10
904.0 1.610694975832938e-10
905.0 1.610694975832938e-10
906.0 1.610694975832938e-10
907.0 0.00014295311530077015
908.0 0.0003493017629807582
909.0 5.797625135528506e-05
910.0 1.610694975832938e-10
911.0 1.610694975832938e-10
912.0 0.00012139111049691564
913.0 9.050847324942879e-05
914.0 5.9625864423651365e-05
915.0 1.610694975832938e-10
916.0 1.610694975832938e-10
917.0 1.610694975832938e-10
918.0 1.610694975832938e-10
919.0 1.610694975832938e-10
920.0 1.610694975832938e-10
921.0 1.610694975832938e-10
922.0 1.610694975832938e-10
923.0 1.610694975832938e-10
924.0 1.610694975832938e-10
925.0 0.00015939933746267343
926.0 0.00039083479350665584
927.0 4.4973273816140136e-05
928.0 1.610694975832938e-10
929.0 1.610694975832938e-10
930.0 0.00023587926989421248
931.0 0.0001894185288620065
932.0 0.00014295777646111674
933.0 0.00017501811271358747
934.0 0.00020707846033474198
935.0 1.610694975832938e-10
936.0 1.610694975832938e-10
937.0 1.610694975832938e-10
938.0 1.610694975832938e-10
939.0 1.610694975832938e-10
940.0 1.610694975832938e-10
941.0 1.610694975832938e-10
942.0 1.610694975832938e-10
943.0 1.610694975832938e-10
944.0 1.610694975832938e-10
945.0 1.610694975832938e-10
946.0 1.655812837952908e-05
947.0 1.610694975832938e-10
948.0 1.610694975832938e-10
949.0 1.610694975832938e-10
950.0 1.610694975832938e-10
951.0 1.610694975832938e-10
952.0 1.610694975832938e-10
953.0 1.610694975832938e-10
954.0 1.610694975832938e-10
955.0 0.00010200074029853567
956.0 0.00029852842544642044
957.0 0.0001543464918540849
958.0 1.0164524866240754e-05
959.0 4.51574891258133e-05
960.0 8.015047114895424e-05
961.0 9.743656619320973e-05
962.0 0.00011472267260614899
963.0 4.341723354173155e-05
964.0 1.610694975832938e-10
965.0 1.610694975832938e-10
966.0 1.610694975832938e-10
967.0 1.610694975832938e-10
968.0 1.610694975832938e-10
969.0 1.610694975832938e-10
970.0 1.610694975832938e-10
971.0 1.610694975832938e-10
972.0 1.610694975832938e-10
973.0 1.610694975832938e-10
974.0 1.610694975832938e-10
975.0 1.610694975832938e-10
976.0 1.610694975832938e-10
977.0 1.610694975832938e-10
978.0 1.610694975832938e-10
979.0 1.610694975832938e-10
980.0 1.610694975832938e-10
981.0 1.610694975832938e-10
982.0 1.610694975832938e-10
983.0 1.610694975832938e-10
984.0 1.610694975832938e-10
985.0 8.996468068289687e-05
986.0 0.00023380114271276398
987.0 6.342595781916316e-06
988.0 1.610694975832938e-10
989.0 1.610694975832938e-10
990.0 1.610694975832938e-10
991.0 1.610694975832938e-10
992.0 1.610694975832938e-10
993.0 1.610694975832938e-10
994.0 4.008643657016364e-05
995.0 1.610694975832938e-10
996.0 1.610694975832938e-10
997.0 0.00012374836160233826
998.0 0.00043503423512447625
999.0 0.00039676624510320835
1000.0 0.00035849816413247027
1001.0 0.00017050386986738886
1002.0 1.610694975832938e-10
1003.0 5.782396215181507e-05
1004.0 0.00013313845101947663
1005.0 1.610694975832938e-10
1006.0 1.610694975832938e-10
1007.0 1.610694975832938e-10
1008.0 0.00019932313080062158
1009.0 0.00011005080295944936
1010.0 2.0778408327259967e-05
1011.0 0.00014792940419283696
1012.0 0.0002750803560047643
1013.0 0.0004275412265997147
1014.0 0.0005800020971946651
1015.0 0.0004977554908691673
1016.0 0.0004155089300184045
1017.0 0.0004759480361826718
1018.0 0.0005363872787711443
1019.0 0.00045349925130722113
1020.0 0.0003706111101564602
1021.0 0.00025094316242757486
1022.0 0.0001312751805926382
1023.0 0.0005750909622292966
1024.0 0.0010189068234467413
1025.0 0.0007595913757540984
1026.0 0.0005002759280614555
1027.0 0.00045464194045052864
1028.0 0.0004090079983143369
1029.0 0.0008075830919551663
1030.0 0.0012061581401212607
1031.0 0.0018575838112155907
1032.0 0.00250900920946151
1033.0 0.0025856630600173958
1034.0 0.00266231618297752
1035.0 0.0031740164558868855
1036.0 0.0036857163649983704
1037.0 0.0036934026866219938
1038.0 0.003701089008245617
1039.0 0.0031594609026797116
1040.0 0.0026178331609116867
1041.0 0.002085565029119607
1042.0 0.0015532968973275274
1043.0 0.002380954902037047
1044.0 0.0032086129067465663
1045.0 0.003524189378367737
1046.0 0.0038397662137867883
1047.0 0.0034162509109592065
1048.0 0.0029927356081316248
1049.0 0.0025767738407012075
1050.0 0.00216081189137185
1051.0 0.002225977550551761
1052.0 0.0022911433916306123
1053.0 0.0015017090845503844
1054.0 0.0007122745500964811
1055.0 0.000721781225365703
1056.0 0.0007312879006349249
1057.0 0.0007290881967492169
1058.0 0.0007268887202371843
1059.0 0.0006837524779257365
1060.0 0.0006406165994121693
1061.0 0.0015229470591293648
1062.0 0.0024052771550486796
1063.0 0.00280185468000127
1064.0 0.003198432386852801
1065.0 0.003309722160338424
1066.0 0.003421012297621928
1067.0 0.004178695598966442
1068.0 0.004936379264108837
1069.0 0.004067530244356021
1070.0 0.003198680860805325
1071.0 0.0030432362109422684
1072.0 0.002887791379180271
1073.0 0.00292536224151263
1074.0 0.0029629327400471084
1075.0 0.00316789883072488
1076.0 0.0033728647395037115
1077.0 0.002632707401062362
1078.0 0.0018925500626210123
1079.0 0.0020324585420894437
1080.0 0.0021723672034568153
1081.0 0.0012607432836375665
1082.0 0.00034911920465674484
1083.0 1.610694975832938e-10
1084.0 1.610694975832938e-10
1085.0 1.610694975832938e-10
1086.0 0.00024786536414467264
1087.0 0.0006964704425627133
1088.0 0.001145075566455489
1089.0 1.610694975832938e-10
1090.0 1.610694975832938e-10
1091.0 1.610694975832938e-10
1092.0 1.610694975832938e-10
1093.0 1.610694975832938e-10
1094.0 0.0007333237135753734
1095.0 0.0003735203790711239
1096.0 1.3717115621147968e-05
1097.0 1.610694975832938e-10
1098.0 1.610694975832938e-10
1099.0 1.610694975832938e-10
1100.0 9.943879604179529e-05
