lsstCam/transmission_filter_detector/r10_s22/i_39/19700101T000000.ecsv
# %ECSV 1.0
# ---
# datatype:
# - {name: wavelength, unit: nm, datatype: float32}
# - {name: efficiency, unit: '%', datatype: float64}
# meta: !!omap
# - {MODE: DETECTOR}
# - {TYPE: transmission_filter_detector}
# - {CALIBDATE: '1970-01-01T00:00:00'}
# - {INSTRUME: LSSTCam}
# - {OBSTYPE: transmission_filter_detector}
# - {CALIBCLS: lsst.ip.isr.IntermediateFilterDetectorTransmissionCurve}
# - {SOURCE: Materion (DM-46256)}
# - {DETECTOR: 35}
# - {FILTER: i_39}
# - {CALIB_ID: 'calibDate=1970-01-01T00:00:00 filter=i_39 detector=35'}
# - {DATE: '2025-04-02T15:59:46.641462'}
# - {CALIB_CREATION_DATE: '2025-04-02'}
# - {CALIB_CREATION_TIME: '15:59:46'}
# - __serialized_columns__:
#     efficiency:
#       __class__: astropy.units.quantity.Quantity
#       unit: !astropy.units.Unit {unit: '%'}
#       value: !astropy.table.SerializedColumn {name: efficiency}
#     wavelength:
#       __class__: astropy.units.quantity.Quantity
#       unit: !astropy.units.Unit {unit: nm}
#       value: !astropy.table.SerializedColumn {name: wavelength}
# schema: astropy-2.0
wavelength efficiency
300.0 0.08636678685434163
301.0 0.046584985102526844
302.0 0.006803211726946756
303.0 0.022593876929022372
304.0 0.03838453849311918
305.0 0.03439739812165499
306.0 0.03041026066057384
307.0 0.013378595758695155
308.0 1.610694975832938e-10
309.0 1.610694975832938e-10
310.0 1.610694975832938e-10
311.0 1.610694975832938e-10
312.0 0.003653697422123514
313.0 1.610694975832938e-10
314.0 1.610694975832938e-10
315.0 1.610694975832938e-10
316.0 1.610694975832938e-10
317.0 1.610694975832938e-10
318.0 1.610694975832938e-10
319.0 1.610694975832938e-10
320.0 1.610694975832938e-10
321.0 1.610694975832938e-10
322.0 1.610694975832938e-10
323.0 1.610694975832938e-10
324.0 1.610694975832938e-10
325.0 1.610694975832938e-10
326.0 1.610694975832938e-10
327.0 4.320745858876762e-05
328.0 0.0029038284992566332
329.0 0.0012484793842304498
330.0 1.610694975832938e-10
331.0 1.610694975832938e-10
332.0 0.00029299958441697527
333.0 0.0016658645108691417
334.0 0.003038729846593924
335.0 0.0021846104573342018
336.0 0.0013304913409228902
337.0 0.0018002754586632363
338.0 0.0022700596673530526
339.0 0.00234776616707677
340.0 0.002425473212497309
341.0 1.610694975832938e-10
342.0 1.610694975832938e-10
343.0 1.610694975832938e-10
344.0 1.610694975832938e-10
345.0 1.610694975832938e-10
346.0 1.610694975832938e-10
347.0 1.610694975832938e-10
348.0 1.610694975832938e-10
349.0 1.610694975832938e-10
350.0 0.0008093768883554731
351.0 0.000418474792240886
352.0 2.7572690441957093e-05
353.0 1.610694975832938e-10
354.0 1.610694975832938e-10
355.0 1.610694975832938e-10
356.0 1.610694975832938e-10
357.0 0.0004783956683240831
358.0 0.0012575882465171162
359.0 0.0012113668162783142
360.0 0.0011651450222416315
361.0 0.001061347302311333
362.0 0.0009575494004820939
363.0 0.0007851030204619747
364.0 0.0006126566859165905
365.0 0.0014879434274917003
366.0 0.002363230669288896
367.0 0.001394565788359614
368.0 0.00042590099837980233
369.0 0.0006430127086787252
370.0 0.0008601246008765884
371.0 0.0009661595868237782
372.0 0.001072194481821498
373.0 0.0010278322406520601
374.0 0.0009834699085331522
375.0 0.0005043714281782741
376.0 2.5272447601309977e-05
377.0 9.79571339598806e-06
378.0 1.610694975832938e-10
379.0 1.610694975832938e-10
380.0 1.610694975832938e-10
381.0 1.610694975832938e-10
382.0 1.610694975832938e-10
383.0 0.0002076020336971851
384.0 0.001306763351749396
385.0 0.0013659282558364794
386.0 0.0014250928870751522
387.0 1.610694975832938e-10
388.0 1.610694975832938e-10
389.0 1.610694975832938e-10
390.0 1.610694975832938e-10
391.0 1.610694975832938e-10
392.0 1.610694975832938e-10
393.0 1.610694975832938e-10
394.0 0.0005505352419277187
395.0 1.610694975832938e-10
396.0 1.610694975832938e-10
397.0 1.610694975832938e-10
398.0 0.0002429956339256023
399.0 5.135293008606823e-05
400.0 1.610694975832938e-10
401.0 1.610694975832938e-10
402.0 1.610694975832938e-10
403.0 0.0008821515621093567
404.0 0.0029638455089298077
405.0 0.004623224958777428
406.0 0.006282605318119749
407.0 0.0034410451917210594
408.0 0.0005994830644340254
409.0 0.00014431642512136023
410.0 1.610694975832938e-10
411.0 0.0034790147765306756
412.0 0.007268883200595155
413.0 0.00537007836101111
414.0 0.0034712746128207073
415.0 0.004289533899282105
416.0 0.005107793549541384
417.0 0.0033992346288869157
418.0 0.0016906755263335072
419.0 0.003641544026322663
420.0 0.005592412708210759
421.0 0.0052081526519032195
422.0 0.0048238922317977995
423.0 0.004632743002730422
424.0 0.004441593409865163
425.0 0.003542444756021723
426.0 0.0026432953745825216
427.0 0.0036891262425342575
428.0 0.004734957474283874
429.0 0.005246392538538203
430.0 0.005757828330388293
431.0 0.004255118619767018
432.0 0.0027524092729436234
433.0 0.0029187680411268957
434.0 0.0030851271731080487
435.0 0.002521832902857568
436.0 0.001958538450708147
437.0 0.001718653948046267
438.0 0.001478769536333857
439.0 0.0017436135749449022
440.0 0.002008457886404358
441.0 0.0005503902684722561
442.0 1.610694975832938e-10
443.0 1.610694975832938e-10
444.0 1.610694975832938e-10
445.0 1.610694975832938e-10
446.0 1.610694975832938e-10
447.0 1.610694975832938e-10
448.0 0.00014358679436554667
449.0 1.610694975832938e-10
450.0 1.610694975832938e-10
451.0 0.00011767759815484169
452.0 0.0012891317055618856
453.0 0.001512174367235275
454.0 0.0017352174836560152
455.0 0.0019088151020696387
456.0 0.0020824129023822024
457.0 0.0014966761227697134
458.0 0.0009109392522077542
459.0 0.00027027247142541455
460.0 1.610694975832938e-10
461.0 0.00015831597011128906
462.0 0.0006870263860037085
463.0 0.00020267264062567847
464.0 1.610694975832938e-10
465.0 0.00012033850680381875
466.0 0.0005223580501478864
467.0 0.0007918901246739551
468.0 0.001061422244674759
469.0 0.000658006820231094
470.0 0.0002545915094742668
471.0 0.0003774737479034229
472.0 0.0005003560090699466
473.0 0.000790809190220898
474.0 0.0010812625077960547
475.0 0.0003869561169267399
476.0 1.610694975832938e-10
477.0 0.00023834104467823636
478.0 0.000784032090450637
479.0 0.0010083074812428094
480.0 0.0012325826901360415
481.0 0.0026123529096366838
482.0 0.003992121492046863
483.0 0.005313242218107916
484.0 0.006634362216573209
485.0 0.006902766472194344
486.0 0.0071711714554112405
487.0 0.010428720997879282
488.0 0.013686271267943084
489.0 0.016825960483402014
490.0 0.019965649698860943
491.0 0.022147479467093945
492.0 0.02432931214570999
493.0 0.026358591276220977
494.0 0.02838787331711501
495.0 0.025419719167985022
496.0 0.02245156210847199
497.0 0.01846784434746951
498.0 0.014484123676083982
499.0 0.010344252950744703
500.0 0.006204381497809663
501.0 0.004495993925957009
502.0 0.002787606899801176
503.0 0.002478730493749026
504.0 0.0021698537238989957
505.0 0.0020727060473291203
506.0 0.0019755581888603047
507.0 0.001974044607777614
508.0 0.0019725304809981026
509.0 0.001905403405544348
510.0 0.0018382761481916532
511.0 0.001583438461238984
512.0 0.0013286006833368447
513.0 0.0015027098015707452
514.0 0.0016768188288551755
515.0 0.002282525019836612
516.0 0.0028882312108180486
517.0 0.0024856009986251593
518.0 0.0020829706045333296
519.0 0.002148874045815319
520.0 0.0022147776689962484
521.0 0.0018859671399695799
522.0 0.001557156974740792
523.0 0.0015008764421509113
524.0 0.0014445962733589113
525.0 0.0019531813450157642
526.0 0.002461766234773677
527.0 0.0024416167434537783
528.0 0.00242146743403282
529.0 0.002033279997704085
530.0 0.0016450923794764094
531.0 0.0016305497410940006
532.0 0.0016160071027115919
533.0 0.001665444506215863
534.0 0.0017148820916190743
535.0 0.0017752072380972095
536.0 0.0018355323845753446
537.0 0.0024300508812302724
538.0 0.0030245691959862597
539.0 0.0036764209653483704
540.0 0.004328272916609421
541.0 0.0049454272811999545
542.0 0.0055625816457904875
543.0 0.0050923317758133635
544.0 0.00462208226963412
545.0 0.003747199662029743
546.0 0.0028723177820211276
547.0 0.0023397529730573297
548.0 0.001807188345992472
549.0 0.0016789299479569308
550.0 0.00155067173182033
551.0 0.001478083140682429
552.0 0.0014054948223929387
553.0 0.0016173551557585597
554.0 0.001829215580073651
555.0 0.0013708418919122778
556.0 0.0009124680218519643
557.0 0.000790455214882968
558.0 0.0006684426807623822
559.0 0.00023546292595710838
560.0 1.610694975832938e-10
561.0 0.0006448119620472426
562.0 0.0014871407984173857
563.0 0.001672406870056875
564.0 0.0018576729416963644
565.0 0.0014381605978996959
566.0 0.0010186483450524975
567.0 0.000831142006063601
568.0 0.0006436357580241747
569.0 0.0007730948709649965
570.0 0.0009025538929563481
571.0 0.0005811406481370796
572.0 0.0002597273578430759
573.0 0.0003355160288265324
574.0 0.00041130469980998896
575.0 0.0004100840214960044
576.0 0.00040886316128307953
577.0 0.000476205150334863
578.0 0.0005435471848613815
579.0 0.0003034910605492769
580.0 6.343491918414657e-05
581.0 9.532525950817217e-05
582.0 0.00012721559414785588
583.0 0.0003047670816158643
584.0 0.000482318455397035
585.0 0.0006988063432800118
586.0 0.0009152943675871938
587.0 0.0008587821866967715
588.0 0.000802269914856879
589.0 0.0006988031600485556
590.0 0.0005953364961897023
591.0 0.000809532321000006
592.0 0.0010237283277092502
593.0 0.0006611502612940967
594.0 0.0002985721494042082
595.0 0.00062420381254924
596.0 0.0009498352483205963
597.0 0.0007803343578416388
598.0 0.0006108336037868867
599.0 0.0005194534878683044
600.0 0.0004280732355255168
601.0 0.00037148085993976565
602.0 0.0003148884388792794
603.0 0.00021444823232741328
604.0 0.00011400786661397433
605.0 0.00017375102743244497
606.0 0.0002334941882509156
607.0 0.00045254146243678406
608.0 0.0006715886229358148
609.0 0.000538540643901797
610.0 0.0004054923920193687
611.0 0.000602704903940321
612.0 0.0007999175068107434
613.0 0.0005581108780461363
614.0 0.00031630436296836706
615.0 1.610694975832938e-10
616.0 1.610694975832938e-10
617.0 1.610694975832938e-10
618.0 0.00023884274469310185
619.0 0.0003220281314497697
620.0 0.0004052135864185402
621.0 0.0004942596660839627
622.0 0.00058330570027465
623.0 0.0005584781774814473
624.0 0.0005336507001629798
625.0 0.0004970366262568859
626.0 0.0004604226433002623
627.0 0.0003479200586298248
628.0 0.00023541745122201974
629.0 0.00040629606701259036
630.0 0.0005771747510152636
631.0 0.0004925017037749058
632.0 0.00040782861105981283
633.0 0.00041190842239302583
634.0 0.00041598823372623883
635.0 0.0004269544206181308
636.0 0.00043792047108581755
637.0 0.0003965334144595545
638.0 0.0003551461986717186
639.0 0.0005939773473073728
640.0 0.0008328083822561894
641.0 0.0006532898169098189
642.0 0.00047377125156344846
643.0 0.0006617289272980997
644.0 0.000849686603032751
645.0 0.0007200413165264763
646.0 0.0005903961209696718
647.0 0.0007657097739866003
648.0 0.0009410238817508798
649.0 0.0007717538210272323
650.0 0.0006024837148288498
651.0 0.0007909250598459039
652.0 0.000979366450337693
653.0 0.0011508690477057826
654.0 0.0013223714631749317
655.0 0.0019417084331507795
656.0 0.002561045403126627
657.0 0.0035154596844222397
658.0 0.004469872510526329
659.0 0.007127011485863477
660.0 0.06553030107170343
661.0 0.13660392723977566
662.0 0.06937225698493421
663.0 0.1089050667360425
664.0 0.07684322190470994
665.0 0.14531027991324663
666.0 0.13619501842185855
667.0 0.19813226535916328
668.0 0.15809733886271715
669.0 0.3124378388747573
670.0 0.3334646113216877
671.0 0.525993574410677
672.0 0.8331363089382648
673.0 1.3084173202514648
674.0 2.0322542637586594
675.0 2.8546249493956566
676.0 3.937588259577751
677.0 5.246410518884659
678.0 6.579485535621643
679.0 7.970251888036728
680.0 9.871567785739899
681.0 11.909934133291245
682.0 14.412420988082886
683.0 17.16650426387787
684.0 20.057184994220734
685.0 22.938251495361328
686.0 25.975096225738525
687.0 29.168686270713806
688.0 32.402241230010986
689.0 35.72489023208618
690.0 39.54188823699951
691.0 43.62116456031799
692.0 48.578500747680664
693.0 53.772932291030884
694.0 59.74546670913696
695.0 65.39756059646606
696.0 71.6723620891571
697.0 77.30725407600403
698.0 83.29453468322754
699.0 87.73080706596375
700.0 91.22059345245361
701.0 94.01487112045288
702.0 95.87178230285645
703.0 96.88286781311035
704.0 97.38014340400696
705.0 97.70475625991821
706.0 97.72329330444336
707.0 97.92245626449585
708.0 98.00955057144165
709.0 97.97030091285706
710.0 97.750985622406
711.0 98.0161726474762
712.0 97.91988134384155
713.0 97.98561334609985
714.0 98.02228808403015
715.0 98.08163046836853
716.0 97.94463515281677
717.0 98.1649100780487
718.0 98.26873540878296
719.0 98.15413355827332
720.0 98.42884540557861
721.0 98.29912185668945
722.0 98.11121821403503
723.0 97.7399230003357
724.0 97.41281867027283
725.0 97.18868732452393
726.0 96.91330194473267
727.0 96.66098356246948
728.0 96.35762572288513
729.0 96.25664949417114
730.0 96.17465734481812
731.0 96.28270864486694
732.0 96.29225730895996
733.0 96.63997292518616
734.0 96.92128300666809
735.0 97.16818928718567
736.0 97.54433035850525
737.0 97.91229963302612
738.0 98.23240637779236
739.0 98.57174158096313
740.0 98.71777892112732
741.0 98.51243495941162
742.0 98.86656999588013
743.0 98.72031211853027
744.0 98.56427907943726
745.0 98.51248264312744
746.0 98.51649403572083
747.0 98.69915246963501
748.0 98.65904450416565
749.0 98.4672486782074
750.0 98.52659106254578
751.0 98.33797216415405
752.0 98.32680821418762
753.0 98.4595537185669
754.0 98.39608073234558
755.0 98.53290915489197
756.0 98.62099289894104
757.0 98.59196543693542
758.0 98.73048663139343
759.0 98.79360795021057
760.0 98.66242408752441
761.0 98.6025869846344
762.0 98.67198467254639
763.0 98.5624372959137
764.0 98.51461052894592
765.0 98.43274354934692
766.0 98.41303825378418
767.0 98.27401041984558
768.0 98.3213722705841
769.0 98.36527109146118
770.0 98.09502959251404
771.0 98.08027148246765
772.0 98.14960956573486
773.0 98.00095558166504
774.0 97.8139579296112
775.0 97.9046881198883
776.0 97.81970381736755
777.0 97.84605503082275
778.0 97.87784218788147
779.0 97.94174432754517
780.0 97.87465333938599
781.0 98.212069272995
782.0 98.07345867156982
783.0 98.1598436832428
784.0 98.1904685497284
785.0 98.32838773727417
786.0 98.40475916862488
787.0 98.20313453674316
788.0 98.28144311904907
789.0 98.39175343513489
790.0 98.30321073532104
791.0 98.33370447158813
792.0 98.17878007888794
793.0 98.18720817565918
794.0 98.08396697044373
795.0 97.97157645225525
796.0 97.99683094024658
797.0 97.96947836875916
798.0 97.92330265045166
799.0 97.77603149414062
800.0 97.56312370300293
801.0 97.69851565361023
802.0 97.48877286911011
803.0 97.37346768379211
804.0 97.15657830238342
805.0 96.63479924201965
806.0 96.26062512397766
807.0 95.39695978164673
808.0 94.40468549728394
809.0 93.13634634017944
810.0 91.64586067199707
811.0 89.65807557106018
812.0 87.24514245986938
813.0 84.50999855995178
814.0 81.21129870414734
815.0 77.51544713973999
816.0 73.61270189285278
817.0 69.14154887199402
818.0 64.11218643188477
819.0 59.863871335983276
820.0 54.90540266036987
821.0 50.4507839679718
822.0 46.06393575668335
823.0 41.56372547149658
824.0 36.8905633687973
825.0 32.683590054512024
826.0 28.244858980178833
827.0 23.602572083473206
828.0 19.392555952072144
829.0 15.259163081645966
830.0 11.203210800886154
831.0 8.240272849798203
832.0 5.445899814367294
833.0 3.430105373263359
834.0 2.086149901151657
835.0 1.2761442922055721
836.0 0.7379506714642048
837.0 0.42091701179742813
838.0 0.2245502546429634
839.0 0.13954207533970475
840.0 0.10138984071090817
841.0 0.005371091174311005
842.0 0.011009470472345129
843.0 0.026788769173435867
844.0 1.610694975832938e-10
845.0 1.610694975832938e-10
846.0 1.610694975832938e-10
847.0 1.610694975832938e-10
848.0 1.610694975832938e-10
849.0 1.610694975832938e-10
850.0 1.610694975832938e-10
851.0 1.610694975832938e-10
852.0 0.0012750955647788942
853.0 0.0014027317774889525
854.0 0.0015303683539968915
855.0 0.001222258015332045
856.0 0.0009141477676166687
857.0 0.0009100812349061016
858.0 0.0009060143383976538
859.0 0.0007032282155705616
860.0 0.000500441865369794
861.0 0.00032165012271434534
862.0 0.00014285828910942655
863.0 8.43218174395588e-05
864.0 2.5785428192648396e-05
865.0 6.311962010840944e-05
866.0 0.00010045376939160633
867.0 7.772119374749309e-05
868.0 5.498857262864476e-05
869.0 1.610694975832938e-10
870.0 1.610694975832938e-10
871.0 1.4523530467158707e-05
872.0 0.00029625659863086184
873.0 0.000307809727928543
874.0 0.0003193627890141215
875.0 0.0003071580294999876
876.0 0.0002949532699858537
877.0 1.610694975832938e-10
878.0 1.610694975832938e-10
879.0 1.610694975832938e-10
880.0 0.0004091020400665002
881.0 0.00019086462543782545
882.0 1.610694975832938e-10
883.0 0.00016758448282416794
884.0 0.00036254170936445007
885.0 0.00015527026562267565
886.0 1.610694975832938e-10
887.0 5.1982937065986334e-05
888.0 0.00015596705225107144
889.0 2.8570136123562406e-05
890.0 1.610694975832938e-10
891.0 2.1150812301584665e-05
892.0 0.00014112833923718426
893.0 0.00026733102913567564
894.0 0.0003935336735594319
895.0 6.000092298563686e-05
896.0 1.610694975832938e-10
897.0 1.610694975832938e-10
