lsstCam/transmission_filter_detector/r34_s12/z_20/19700101T000000.ecsv
# %ECSV 1.0
# ---
# datatype:
# - {name: wavelength, unit: nm, datatype: float32}
# - {name: efficiency, unit: '%', datatype: float64}
# meta: !!omap
# - {MODE: DETECTOR}
# - {TYPE: transmission_filter_detector}
# - {CALIBDATE: '1970-01-01T00:00:00'}
# - {INSTRUME: LSSTCam}
# - {OBSTYPE: transmission_filter_detector}
# - {CALIBCLS: lsst.ip.isr.IntermediateFilterDetectorTransmissionCurve}
# - {SOURCE: Materion (DM-46256)}
# - {DETECTOR: 158}
# - {FILTER: z_20}
# - {CALIB_ID: 'calibDate=1970-01-01T00:00:00 filter=z_20 detector=158'}
# - {DATE: '2025-04-02T15:59:49.374230'}
# - {CALIB_CREATION_DATE: '2025-04-02'}
# - {CALIB_CREATION_TIME: '15:59:49'}
# - __serialized_columns__:
#     efficiency:
#       __class__: astropy.units.quantity.Quantity
#       unit: !astropy.units.Unit {unit: '%'}
#       value: !astropy.table.SerializedColumn {name: efficiency}
#     wavelength:
#       __class__: astropy.units.quantity.Quantity
#       unit: !astropy.units.Unit {unit: nm}
#       value: !astropy.table.SerializedColumn {name: wavelength}
# schema: astropy-2.0
wavelength efficiency
[from data line 596]
896.0 98.87370467185974
897.0 99.33863282203674
898.0 98.5743761062622
899.0 98.74926209449768
900.0 98.88033866882324
901.0 99.40332770347595
902.0 98.99619221687317
903.0 98.5346794128418
904.0 97.38470315933228
905.0 98.44419956207275
906.0 97.56219983100891
907.0 98.45162034034729
908.0 97.771817445755
909.0 97.56406545639038
910.0 97.76906967163086
911.0 96.18937373161316
912.0 95.66401243209839
913.0 94.0904974937439
914.0 91.79416298866272
915.0 89.38488960266113
916.0 87.29914426803589
917.0 86.18267774581909
918.0 82.55055546760559
919.0 81.2415599822998
920.0 77.75776982307434
921.0 73.63866567611694
922.0 69.05065178871155
923.0 62.77098059654236
924.0 57.711899280548096
925.0 51.886290311813354
926.0 45.38857638835907
927.0 37.84780204296112
928.0 31.555142998695374
929.0 25.342509150505066
930.0 19.785362482070923
931.0 14.429686963558197
932.0 9.396358579397202
933.0 5.588115751743317
934.0 3.5505030304193497
935.0 2.0404867827892303
936.0 1.2737481854856014
937.0 0.7846483960747719
938.0 0.4693106282502413
939.0 0.2859181025996804
940.0 0.18311566673219204
941.0 0.0034193610190413892
942.0 0.16740927239879966
943.0 1.9626700438479805e-10
944.0 0.03490847593639046
945.0 1.9626700438479805e-10
946.0 1.9626700438479805e-10
947.0 1.9626700438479805e-10
948.0 1.9626700438479805e-10
949.0 1.9626700438479805e-10
950.0 1.9626700438479805e-10
951.0 1.9626700438479805e-10
952.0 1.9626700438479805e-10
953.0 1.9626700438479805e-10
954.0 0.09962760377675295
955.0 1.9626700438479805e-10
956.0 1.9626700438479805e-10
957.0 1.9626700438479805e-10
958.0 0.05482768756337464
959.0 0.03578621835913509
960.0 0.01977751380763948
961.0 0.046915464918129146
962.0 0.004904982779407874
963.0 1.9626700438479805e-10
964.0 1.9626700438479805e-10
965.0 0.00972740090219304
966.0 1.9626700438479805e-10
967.0 1.9626700438479805e-10
968.0 0.017635100812185556
969.0 0.01365335047012195
970.0 0.04688692861236632
971.0 1.9626700438479805e-10
972.0 1.9626700438479805e-10
973.0 1.9626700438479805e-10
974.0 0.020353231229819357
975.0 0.008330181299243122
976.0 0.006323811976471916
977.0 0.006312879122560844
978.0 0.006301946268649772
979.0 0.0060347629187162966
980.0 0.005767579568782821
981.0 0.005702624548575841
982.0 0.00563766916457098
983.0 0.005429883822216652
984.0 0.005222098116064444
985.0 0.0051737966714426875
986.0 0.005125495226820931
987.0 0.005060286639491096
988.0 0.004995078415959142
989.0 0.004911976066068746
990.0 0.00482887371617835
991.0 0.004640504630515352
992.0 0.004452135544852354
993.0 0.004529210855253041
994.0 0.004606286165653728
995.0 0.00454138389613945
996.0 0.0044764819904230535
997.0 0.004451296990737319
998.0 0.004426112354849465
999.0 0.004431792694958858
1000.0 0.004437473035068251
1001.0 0.004316508784540929
1002.0 0.004195545261609368
1003.0 0.004219459879095666
1004.0 0.004243375224177726
1005.0 0.00420070682594087
1006.0 0.004158038427704014
1007.0 0.004198333772365004
1008.0 0.004238628389430232
1009.0 0.004124547922401689
1010.0 0.004010467091575265
1011.0 0.004079563223058358
1012.0 0.004148659354541451
1013.0 0.0042148760257987306
1014.0 0.00428109269705601
1015.0 0.004213977081235498
1016.0 0.004146861829212867
1017.0 0.00427313607360702
1018.0 0.004399409590405412
1019.0 0.00429468163929414
1020.0 0.004189953688182868
1021.0 0.004192462802166119
1022.0 0.004194972279947251
1023.0 0.00433987588621676
1024.0 0.004484779856284149
1025.0 0.0045124241296434775
1026.0 0.004540068403002806
1027.0 0.00449266008217819
1028.0 0.004445251397555694
1029.0 0.004568726581055671
1030.0 0.004692202128353529
1031.0 0.004558447835734114
1032.0 0.00442469390691258
1033.0 0.004677129254559986
1034.0 0.004929564238409512
1035.0 0.005009700180380605
1036.0 0.005089836122351699
1037.0 0.005128260818310082
1038.0 0.005166685514268465
1039.0 0.00515604842803441
1040.0 0.005145411341800354
1041.0 0.00509636738570407
1042.0 0.005047323793405667
1043.0 0.005275612784316763
1044.0 0.005503901411429979
1045.0 0.005769996641902253
1046.0 0.006036092236172408
1047.0 0.00619428901700303
1048.0 0.006352486525429413
1049.0 0.006406371539924294
1050.0 0.006460255826823413
1051.0 0.006768033199477941
1052.0 0.007075810572132468
1053.0 0.007339383591897786
1054.0 0.00760295515647158
1055.0 0.007280214776983485
1056.0 0.006957473669899628
1057.0 0.007396187720587477
1058.0 0.007834904681658372
1059.0 0.007991462189238518
1060.0 0.008148020424414426
1061.0 0.00826100294943899
1062.0 0.008373986202059314
1063.0 0.00876013218658045
1064.0 0.00914628108148463
1065.0 0.009135683649219573
1066.0 0.00912508403416723
1067.0 0.009229048737324774
1068.0 0.009333012712886557
1069.0 0.009882196900434792
1070.0 0.010431380360387266
1071.0 0.01038133050315082
1072.0 0.010331279190722853
1073.0 0.010794140689540654
1074.0 0.011257001460762694
1075.0 0.010929227573797107
1076.0 0.010601452231639996
1077.0 0.012010753562208265
1078.0 0.013420055620372295
1079.0 0.013062225480098277
1080.0 0.012704393884632736
1081.0 0.013443874195218086
1082.0 0.014183354505803436
1083.0 0.014749581168871373
1084.0 0.015315806376747787
1085.0 0.015092002286110073
1086.0 0.014868199650663882
1087.0 0.015124495257623494
1088.0 0.015380790864583105
1089.0 0.015538593288511038
1090.0 0.01569640007801354
1091.0 0.01629827165743336
1092.0 0.016900146147236228
1093.0 0.017147867765743285
1094.0 0.017395589384250343
1095.0 0.0182886840775609
1096.0 0.01918177877087146
1097.0 0.019215309293940663
1098.0 0.019248839817009866
1099.0 0.020284928905311972
1100.0 0.021321016538422555
1101.0 0.022242229897528887
1102.0 0.023163440346252173
1103.0 0.023720251920167357
1104.0 0.024277064949274063
1105.0 0.024619942996650934
1106.0 0.02496282395441085
1107.0 0.0266300980001688
1108.0 0.02829737204592675
1109.0 0.029040337540209293
1110.0 0.02978330012410879
1111.0 0.03077368310187012
1112.0 0.03176406899001449
1113.0 0.030519941356033087
1114.0 0.029275816632434726
1115.0 0.031523226061835885
1116.0 0.033770632580854
1117.0 0.032425185781903565
1118.0 0.031079741893336177
1119.0 0.03384272276889533
1120.0 0.036605700734071434
1121.0 0.036675980663858354
1122.0 0.03674625768326223
1123.0 0.0407161918701604
1124.0 0.04468612605705857
1125.0 0.04474202578421682
1126.0 0.04479792551137507
1127.0 0.0452979002147913
1128.0 0.04579787200782448
1129.0 0.04962235689163208
1130.0 0.053446844685822725
1131.0 0.056099152425304055
1132.0 0.058751460164785385
1133.0 0.0591508112847805
1134.0 0.05955016240477562
1135.0 0.06576890591531992
1136.0 0.07198765524663031
1137.0 0.0762835901696235
1138.0 0.08057954255491495
1139.0 0.08518929244019091
1140.0 0.08979904232546687
1141.0 0.10135355405509472
1142.0 0.11290803086012602
1143.0 0.14983366709202528
1144.0 0.18675931496545672
1145.0 0.3946044482290745
1146.0 0.60244956985116
1147.0 1.0326781310141087
1148.0 1.4629067853093147
1149.0 1.482380647212267
1150.0 1.501854695379734
