lsstCam/transmission_filter_detector/r34_s12/z_20/19700101T000000.ecsv
# %ECSV 1.0
# ---
# datatype:
# - {name: wavelength, unit: nm, datatype: float32}
# - {name: efficiency, unit: '%', datatype: float64}
# meta: !!omap
# - {MODE: DETECTOR}
# - {TYPE: transmission_filter_detector}
# - {CALIBDATE: '1970-01-01T00:00:00'}
# - {INSTRUME: LSSTCam}
# - {OBSTYPE: transmission_filter_detector}
# - {CALIBCLS: lsst.ip.isr.IntermediateFilterDetectorTransmissionCurve}
# - {SOURCE: Materion (DM-46256)}
# - {DETECTOR: 158}
# - {FILTER: z_20}
# - {CALIB_ID: 'calibDate=1970-01-01T00:00:00 filter=z_20 detector=158'}
# - {DATE: '2025-04-02T15:59:49.374230'}
# - {CALIB_CREATION_DATE: '2025-04-02'}
# - {CALIB_CREATION_TIME: '15:59:49'}
# - __serialized_columns__:
#     efficiency:
#       __class__: astropy.units.quantity.Quantity
#       unit: !astropy.units.Unit {unit: '%'}
#       value: !astropy.table.SerializedColumn {name: efficiency}
#     wavelength:
#       __class__: astropy.units.quantity.Quantity
#       unit: !astropy.units.Unit {unit: nm}
#       value: !astropy.table.SerializedColumn {name: wavelength}
# schema: astropy-2.0
wavelength efficiency
300.0 0.3790040733292699
301.0 0.3189521376043558
302.0 0.25890020187944174
303.0 0.24221658241003752
304.0 0.2255329629406333
305.0 0.1880711643025279
306.0 0.1506093656644225
307.0 0.15277190832421184
308.0 0.1549344160594046
309.0 0.13889031251892447
310.0 0.12284619733691216
311.0 0.12189015978947282
312.0 0.12093407567590475
313.0 0.11352106230333447
314.0 0.10610802564769983
315.0 0.09345895959995687
316.0 0.08080988773144782
317.0 0.07301252917386591
318.0 0.06521517061628401
319.0 0.06379270344041288
320.0 0.062370236264541745
321.0 0.05992743535898626
322.0 0.05748463445343077
323.0 0.05486676236614585
324.0 0.05224889027886093
325.0 0.04937806515954435
326.0 0.046507242950610816
327.0 0.04108001885470003
328.0 0.035652791848406196
329.0 0.03222761151846498
330.0 0.028802428278140724
331.0 0.030694299493916333
332.0 0.032586167799308896
333.0 0.02936039527412504
334.0 0.026134619838558137
335.0 0.026797631289809942
336.0 0.027460642741061747
337.0 0.022909163089934736
338.0 0.01835768634919077
339.0 0.018270386499352753
340.0 0.01818308955989778
341.0 0.016990996664389968
342.0 0.015798903768882155
343.0 0.015343763516284525
344.0 0.014888624718878418
345.0 0.01300752628594637
346.0 0.01112642275984399
347.0 0.013075202878098935
348.0 0.015023982268758118
349.0 0.013345330080483109
350.0 0.011666676437016577
351.0 0.01175070574390702
352.0 0.011834737233584747
353.0 0.012465026520658284
354.0 0.013095320900902152
355.0 0.012093089026166126
356.0 0.0110908571514301
357.0 0.010835171997314319
358.0 0.010579486115602776
359.0 0.010160807141801342
360.0 0.009742128167999908
361.0 0.009386549209011719
362.0 0.00903097097761929
363.0 0.008920716209104285
364.0 0.008810459985397756
365.0 0.008769040869083256
366.0 0.008727621025172994
367.0 0.008243054617196321
368.0 0.007758487481623888
369.0 0.008327388059115037
370.0 0.008896290819393471
371.0 0.008157423144439235
372.0 0.007418555469485
373.0 0.007310642831726
374.0 0.007202729466371238
375.0 0.006161342753330246
376.0 0.005119956040289253
377.0 0.005278085154714063
378.0 0.005436213905340992
379.0 0.0056110515288310125
380.0 0.005785889516118914
381.0 0.0056643857533345
382.0 0.0055428812629543245
383.0 0.005152356607140973
384.0 0.0047618312237318605
385.0 0.004701917350757867
386.0 0.004642003477783874
387.0 0.004604185960488394
388.0 0.004566368806990795
389.0 0.004607604932971299
390.0 0.004648841422749683
391.0 0.004191827974864282
392.0 0.00373481452697888
393.0 0.0037511770642595366
394.0 0.003767539601540193
395.0 0.003558837852324359
396.0 0.0033501368307042867
397.0 0.003760872277780436
398.0 0.004171607724856585
399.0 0.004170692409388721
400.0 0.004169777457718737
401.0 0.004701979560195468
402.0 0.005234181662672199
403.0 0.004492859443416819
404.0 0.0037515372241614386
405.0 0.003707690120791085
406.0 0.0036638426536228508
407.0 0.004599010571837425
408.0 0.005534179217647761
409.0 0.0044258293200982735
410.0 0.0033174797863466665
411.0 0.0038185109588084742
412.0 0.004319542131270282
413.0 0.004763105243910104
414.0 0.005206668356549926
415.0 0.00444980978500098
416.0 0.0036929515772499144
417.0 0.0029895554689574055
418.0 0.0022861597244627774
419.0 0.0029439766876748763
420.0 0.0036017936508869752
421.0 0.003274071423220448
422.0 0.002946349195553921
423.0 0.0028028014639858156
424.0 0.00265925373241771
425.0 0.002625994966365397
426.0 0.002592736382212024
427.0 0.002852653051377274
428.0 0.0031125695386435837
429.0 0.0028131205908721313
430.0 0.0025136714612017386
431.0 0.001985758717637509
432.0 0.0014578457921743393
433.0 0.0017901162209454924
434.0 0.0021223866497166455
435.0 0.0024368953745579347
436.0 0.002751404099399224
437.0 0.002630693961691577
438.0 0.0025099840058828704
439.0 0.002269673132104799
440.0 0.0020293620764277875
441.0 0.0024647346435813233
442.0 0.002900107210734859
443.0 0.002886503716581501
444.0 0.0028729005862260237
445.0 0.002456084439472761
446.0 0.0020392682927194983
447.0 0.0022374857508111745
448.0 0.0024357030270039104
449.0 0.0022160918888403103
450.0 0.0019964809325756505
451.0 0.0017991438653552905
452.0 0.0016018067981349304
453.0 0.0014573930457117967
454.0 0.0013129793842381332
455.0 0.0014000566807226278
456.0 0.0014871339772071224
457.0 0.0012063145732099656
458.0 0.0009254950782633387
459.0 0.0015973335393937305
460.0 0.002269171818625182
461.0 0.0017195683540194295
462.0 0.0011699649803631473
463.0 0.001202124167321017
464.0 0.0012342833542788867
465.0 0.0012608164979610592
466.0 0.001287349823542172
467.0 0.001205630996992113
468.0 0.0011239119885431137
469.0 0.001123299080063589
470.0 0.0011226862625335343
471.0 0.0011638527212198824
472.0 0.0012050192708557006
473.0 0.0013058060176263098
474.0 0.0014065926734474488
475.0 0.001386722124152584
476.0 0.0013668515748577192
477.0 0.0016236941519309767
478.0 0.001880536729004234
479.0 0.001811310721677728
480.0 0.0017420848962501623
481.0 0.0016741067156544887
482.0 0.001606128535058815
483.0 0.0013475692867359612
484.0 0.0010890100384131074
485.0 0.0011679079761961475
486.0 0.0012468057320802473
487.0 0.0012385535228531808
488.0 0.0012303014955250546
489.0 0.0012290031918382738
490.0 0.0012277047062525526
491.0 0.0014179099707689602
492.0 0.0016081150533864275
493.0 0.0019301953216199763
494.0 0.0022522757717524655
495.0 0.0019572202290873975
496.0 0.0016621646864223294
497.0 0.001641753624426201
498.0 0.0016213423805311322
499.0 0.0014698576705995947
500.0 0.0013183730516175274
501.0 0.0013434409083856735
502.0 0.0013685086742043495
503.0 0.0012059956134180538
504.0 0.0010434823707328178
505.0 0.0014935879335098434
506.0 0.001943692950590048
507.0 0.0013703909644391388
508.0 0.000797088705439819
509.0 0.0012036752195854206
510.0 0.0016102614608826116
511.0 0.0015102456927706953
512.0 0.0014102296518103685
513.0 0.0012382677596178837
514.0 0.0010663055945769884
515.0 0.0012486275409173686
516.0 0.0014309493053588085
517.0 0.001181387506221654
518.0 0.0009318257980339695
519.0 0.0012120014616812114
520.0 0.0014921771253284533
521.0 0.0013503717127605341
522.0 0.001208566300192615
523.0 0.0016905265511013567
524.0 0.0021724863472627476
525.0 0.0016366759155062027
526.0 0.0011008654837496579
527.0 0.0011554662705748342
528.0 0.001210067330248421
529.0 0.0012788653293682728
530.0 0.0013476632375386544
531.0 0.0013583186046162155
532.0 0.0013689740626432467
533.0 0.0013744197531195823
534.0 0.0013798653526464477
535.0 0.0014768280379939824
536.0 0.0015737909052404575
537.0 0.001577335387992207
538.0 0.0015808800526428968
539.0 0.0013984776160214096
540.0 0.0012160751793999225
541.0 0.0010308502169209532
542.0 0.0008456253453914542
543.0 0.0008584051101934165
544.0 0.0008711850568943191
545.0 0.001124795471696416
546.0 0.0013784057955490425
547.0 0.001473568772780709
548.0 0.0015687317500123754
549.0 0.0019555771359591745
550.0 0.0023424225219059736
551.0 0.0021918818674748763
552.0 0.00204134157684166
553.0 0.0019642277038656175
554.0 0.0018871140127885155
555.0 0.0017594697055756114
556.0 0.0016318248526658863
557.0 0.0016763675375841558
558.0 0.0017209104044013657
559.0 0.0014009446203999687
560.0 0.0010809786544996314
561.0 0.0012762674487021286
562.0 0.0014715562429046258
563.0 0.0017202160961460322
564.0 0.001968876131286379
565.0 0.0019915612938348204
566.0 0.002014246638282202
567.0 0.0021401074263849296
568.0 0.002265968214487657
569.0 0.0025030883989529684
570.0 0.0027402089472161606
571.0 0.002701691300899256
572.0 0.002663173836481292
573.0 0.002162905548175331
574.0 0.0016626370779704303
575.0 0.0016548998246435076
576.0 0.0016471623894176446
577.0 0.0017535625374875963
578.0 0.001859962685557548
579.0 0.0019283876099507324
580.0 0.001996812534343917
581.0 0.0021295361875672825
582.0 0.0022622600226895884
583.0 0.0020927065634168684
584.0 0.0019231532860430889
585.0 0.0021016787286498584
586.0 0.002280204171256628
587.0 0.0018782013285090216
588.0 0.0014761983038624749
589.0 0.0014929686585674062
590.0 0.0015097390132723376
591.0 0.0015598370737279765
592.0 0.0016099351341836154
593.0 0.0011151976650580764
594.0 0.0006204603778314777
595.0 0.0008885565875971224
596.0 0.001156652706413297
597.0 0.0008435389645455871
598.0 0.0005304250862536719
599.0 0.0010132102943316568
600.0 0.0014959954569349065
601.0 0.0012835571396863088
602.0 0.001071118822437711
603.0 0.0014234085028874688
604.0 0.0017756980014382862
605.0 0.0016127734852489084
606.0 0.0014498489690595306
607.0 0.0012310363672440872
608.0 0.001012223947327584
609.0 0.0009588245120539796
610.0 0.0009054252586793154
611.0 0.0010269237463944592
612.0 0.0011484220522106625
613.0 0.0014125385860097595
614.0 0.001676655483606737
615.0 0.0014805778846493922
616.0 0.001284500103793107
617.0 0.0015520054148510098
618.0 0.0018195107259089127
619.0 0.0016778654753579758
620.0 0.0015362204067059793
621.0 0.0015491868907702155
622.0 0.0015621531929355115
623.0 0.0012434009477146901
624.0 0.0009246485205949284
625.0 0.0011287117558822501
626.0 0.0013327749002201017
627.0 0.0016241318007814698
628.0 0.0019154884284944274
629.0 0.002083679828501772
630.0 0.002251871228509117
631.0 0.002515315827622544
632.0 0.0027787602448370308
633.0 0.003032769382116385
634.0 0.003286778155597858
635.0 0.005883060293854214
636.0 0.00847934206831269
637.0 0.015104385965969414
638.0 0.02172943204641342
639.0 0.019791930390056223
640.0 0.017854434554465115
641.0 0.015418717521242797
642.0 0.012982999032828957
643.0 0.009398221300216392
644.0 0.005813442476210184
645.0 0.006288168515311554
646.0 0.0067628949182108045
647.0 0.006317965016933158
648.0 0.005873034751857631
649.0 0.00476705317851156
650.0 0.003661072696559131
651.0 0.0036267563700675964
652.0 0.0035924400435760617
653.0 0.0029980259569128975
654.0 0.002403611688350793
655.0 0.0023086862711352296
656.0 0.0022137608539196663
657.0 0.0024966831915662624
658.0 0.002779605347313918
659.0 0.0022875516151543707
660.0 0.0017954977010958828
661.0 0.0022784715838497505
662.0 0.0027614451028057374
663.0 0.0023756652808515355
664.0 0.001989885640796274
665.0 0.0018198050383944064
666.0 0.0016497246178914793
667.0 0.00147443624882726
668.0 0.0012991478797630407
669.0 0.0013371854947763495
670.0 0.0013752231097896583
671.0 0.001388077453157166
672.0 0.0014009315236762632
673.0 0.0013637515621667262
674.0 0.0013265713278087787
675.0 0.0012583277566591278
676.0 0.0011900841855094768
677.0 0.0012965626410732511
678.0 0.0014030411875864957
679.0 0.001620557850401383
680.0 0.0018380746041657403
681.0 0.0019028570022783242
682.0 0.001967639764188789
683.0 0.002287062852701638
684.0 0.0026064857593155466
685.0 0.002426268474664539
686.0 0.0022460515538114123
687.0 0.0021961053789709695
688.0 0.0021461595679284073
689.0 0.0025395755073986948
690.0 0.002932991810666863
691.0 0.002577783743618056
692.0 0.00222257585846819
693.0 0.002527930337237194
694.0 0.0028332848160061985
695.0 0.003264482074882835
696.0 0.003695678969961591
697.0 0.00412096778745763
698.0 0.004546256241155788
699.0 0.005912518463446759
700.0 0.007278779230546206
701.0 0.007326374907279387
702.0 0.007373969128821045
703.0 0.00653324750601314
704.0 0.005692524428013712
705.0 0.004705931860371493
706.0 0.0037193392927292734
707.0 0.003367853059899062
708.0 0.0030163670089677908
709.0 0.0035941917303716764
710.0 0.004172016269876622
711.0 0.0038294081605272368
712.0 0.003486799687379971
713.0 0.0026840825739782304
714.0 0.0018813658243743703
715.0 0.0021034316887380555
716.0 0.00232549718930386
717.0 0.001862485623860266
718.0 0.0013994741493661422
719.0 0.001512921244284371
720.0 0.0016263686120510101
721.0 0.001894449451356195
722.0 0.0021625306544592604
723.0 0.0023463961042580195
724.0 0.0025302619178546593
725.0 0.0015883466403465718
726.0 0.0006464317721111001
727.0 0.0009934724403137807
728.0 0.0013405128811427858
729.0 0.0013288376976561267
730.0 0.0013171624232199974
731.0 0.0009001717444334645
732.0 0.0004831811111216666
733.0 0.0010091556760016829
734.0 0.0015351304682553746
735.0 0.0015638996046618558
736.0 0.0015926687410683371
737.0 0.0012514842637756374
738.0 0.0009102997864829376
739.0 0.001561448152642697
740.0 0.0022125968826003373
741.0 0.0016922558643273078
742.0 0.0011719144822563976
743.0 0.001417716430296423
744.0 0.0016635181964375079
745.0 0.0017282995031564496
746.0 0.0017930808098753914
747.0 0.0019105105820926838
748.0 0.002027940354309976
749.0 0.0026159248591284268
750.0 0.0032039093639468774
751.0 0.0027784722988144495
752.0 0.0023530352336820215
753.0 0.0027403853891883045
754.0 0.0031277355446945876
755.0 0.002642120307427831
756.0 0.002156504888262134
757.0 0.0021896858015679754
758.0 0.002222866351075936
759.0 0.0023092828996595927
760.0 0.002395699266344309
761.0 0.004560883098747581
762.0 0.006726065475959331
763.0 0.006406772445188835
764.0 0.006087481961003505
765.0 0.005278426760924049
766.0 0.004469372652238235
767.0 0.004524357063928619
768.0 0.004579341475619003
769.0 0.005390027581597678
770.0 0.0062007136875763535
771.0 0.005293598587741144
772.0 0.0043864834879059345
773.0 0.004188179082120769
774.0 0.003989874676335603
775.0 1.9626700438479805e-10
776.0 0.005019866512157023
777.0 1.9626700438479805e-10
778.0 0.015114294365048409
779.0 1.9626700438479805e-10
780.0 1.9626700438479805e-10
781.0 0.04479365306906402
782.0 0.05577843403443694
783.0 1.9626700438479805e-10
784.0 1.9626700438479805e-10
785.0 0.03102106275036931
786.0 1.9626700438479805e-10
787.0 0.056088005658239126
788.0 1.9626700438479805e-10
789.0 1.9626700438479805e-10
790.0 1.9626700438479805e-10
791.0 1.9626700438479805e-10
792.0 1.9626700438479805e-10
793.0 1.9626700438479805e-10
794.0 0.049369141925126314
795.0 0.07228496251627803
796.0 0.06514649139717221
797.0 0.16209024470299482
798.0 0.13382183387875557
799.0 0.2907737856730819
800.0 0.510779581964016
801.0 0.9528993628919125
802.0 1.4587637037038803
803.0 2.3399297147989273
804.0 3.6050450056791306
805.0 5.1761142909526825
806.0 7.02565610408783
807.0 9.41326916217804
808.0 12.116219103336334
809.0 15.172266960144043
810.0 18.352532386779785
811.0 21.23217135667801
812.0 24.92457926273346
813.0 29.36457097530365
814.0 33.97482931613922
815.0 39.27220404148102
816.0 45.472484827041626
817.0 52.736955881118774
818.0 59.921419620513916
819.0 66.50028228759766
820.0 74.28720593452454
821.0 81.22861385345459
822.0 86.28541827201843
823.0 89.7778332233429
824.0 93.27033162117004
825.0 96.19343280792236
826.0 97.18497395515442
827.0 97.85878658294678
828.0 99.37555193901062
829.0 99.22524094581604
830.0 98.50795865058899
831.0 99.01903867721558
832.0 98.22507500648499
833.0 99.70324635505676
834.0 97.75431156158447
835.0 99.00541305541992
836.0 98.72381091117859
837.0 98.76999258995056
838.0 97.97229766845703
839.0 98.06418418884277
840.0 98.5131025314331
841.0 98.74853491783142
842.0 99.17283654212952
843.0 99.22913312911987
844.0 97.83017635345459
845.0 98.60043525695801
846.0 98.72608780860901
847.0 98.35090041160583
848.0 99.6231734752655
849.0 98.8203763961792
850.0 98.24062585830688
851.0 99.21833276748657
852.0 98.96780252456665
853.0 98.62104058265686
854.0 99.51946139335632
855.0 98.12841415405273
856.0 98.4119176864624
857.0 97.57067561149597
858.0 98.23547005653381
859.0 98.92482161521912
860.0 98.24298620223999
861.0 98.8024353981018
862.0 98.81927967071533
863.0 98.40173125267029
864.0 99.1635799407959
865.0 99.69292283058167
866.0 98.7185537815094
867.0 99.24642443656921
868.0 99.49687719345093
869.0 98.90189170837402
870.0 97.84786105155945
871.0 98.94298911094666
872.0 98.99725914001465
873.0 99.2760181427002
874.0 99.15198683738708
875.0 98.82459044456482
876.0 98.91311526298523
877.0 99.28650259971619
878.0 98.85742664337158
879.0 98.72997999191284
880.0 98.45208525657654
881.0 99.48102831840515
882.0 98.45318794250488
883.0 98.85326623916626
884.0 98.93664717674255
885.0 98.90686273574829
886.0 98.56395721435547
887.0 98.49187731742859
888.0 98.99468421936035
889.0 99.53690767288208
890.0 97.96918034553528
891.0 98.97977709770203
892.0 98.61077666282654
893.0 98.92058372497559
894.0 98.10408353805542
