lsstCam/transmission_filter_detector/r12_s22/z_20/19700101T000000.ecsv
# %ECSV 1.0
# ---
# datatype:
# - {name: wavelength, unit: nm, datatype: float32}
# - {name: efficiency, unit: '%', datatype: float64}
# meta: !!omap
# - {MODE: DETECTOR}
# - {TYPE: transmission_filter_detector}
# - {CALIBDATE: '1970-01-01T00:00:00'}
# - {INSTRUME: LSSTCam}
# - {OBSTYPE: transmission_filter_detector}
# - {CALIBCLS: lsst.ip.isr.IntermediateFilterDetectorTransmissionCurve}
# - {SOURCE: Materion (DM-46256)}
# - {DETECTOR: 53}
# - {FILTER: z_20}
# - {CALIB_ID: 'calibDate=1970-01-01T00:00:00 filter=z_20 detector=53'}
# - {DATE: '2025-04-02T15:59:48.882657'}
# - {CALIB_CREATION_DATE: '2025-04-02'}
# - {CALIB_CREATION_TIME: '15:59:48'}
# - __serialized_columns__:
#     efficiency:
#       __class__: astropy.units.quantity.Quantity
#       unit: !astropy.units.Unit {unit: '%'}
#       value: !astropy.table.SerializedColumn {name: efficiency}
#     wavelength:
#       __class__: astropy.units.quantity.Quantity
#       unit: !astropy.units.Unit {unit: nm}
#       value: !astropy.table.SerializedColumn {name: wavelength}
# schema: astropy-2.0
wavelength efficiency
300.0 0.8688332512974739
301.0 0.5883001256734133
302.0 0.3077670466154814
303.0 0.2991879591718316
304.0 0.29060887172818184
305.0 0.24561621248722076
306.0 0.20062352996319532
307.0 0.1859275042079389
308.0 0.17123149009421468
309.0 0.1491081202402711
310.0 0.1269847503863275
311.0 0.12815577210858464
312.0 0.12932682875543833
313.0 0.11396842310205102
314.0 0.09861005237326026
315.0 0.09723000111989677
316.0 0.09584995568729937
317.0 0.08027638541534543
318.0 0.06470282678492367
319.0 0.06445313338190317
320.0 0.06420343997888267
321.0 0.06359167164191604
322.0 0.0629799033049494
323.0 0.05565988249145448
324.0 0.04833986167795956
325.0 0.044694915413856506
326.0 0.04104996914975345
327.0 0.040361020364798605
328.0 0.03967207157984376
329.0 0.03498653823044151
330.0 0.030301004881039262
331.0 0.027707353001460433
332.0 0.025113701121881604
333.0 0.02428534353384748
334.0 0.02345698158023879
335.0 0.022392217942979187
336.0 0.021327454305719584
337.0 0.025241370894946158
338.0 0.029155283118598163
339.0 0.02485828590579331
340.0 0.02056129596894607
341.0 0.017374070012010634
342.0 0.014186844055075198
343.0 0.014055245264898986
344.0 0.013923649385105819
345.0 0.013138919894117862
346.0 0.012354191858321428
347.0 0.011819670180557296
348.0 0.011285149957984686
349.0 0.013743563613388687
350.0 0.01620197872398421
351.0 0.01358245499432087
352.0 0.010962924716295674
353.0 0.011346912651788443
354.0 0.011730902042472735
355.0 0.010118102363776416
356.0 0.008505302685080096
357.0 0.009458369459025562
358.0 0.010411438415758312
359.0 0.010246314923278987
360.0 0.010081190703203902
361.0 0.009161991329165176
362.0 0.008242794137913734
363.0 0.009354871872346848
364.0 0.010466949606779963
365.0 0.010186438885284588
366.0 0.00990593180176802
367.0 0.008665334462421015
368.0 0.007424735667882487
369.0 0.007947087578941137
370.0 0.008469440945191309
371.0 0.008406106644542888
372.0 0.008342773071490228
373.0 0.00733713386580348
374.0 0.006331496115308255
375.0 0.006570911500602961
376.0 0.006810326158301905
377.0 0.007162278052419424
378.0 0.0075142284913454205
379.0 0.00630829599685967
380.0 0.005102363502373919
381.0 0.003274976188549772
382.0 0.0014475893294729758
383.0 0.0036536570405587554
384.0 0.0058597244787961245
385.0 0.005608331775874831
386.0 0.005356938709155656
387.0 0.006009253047523089
388.0 0.006661567749688402
389.0 0.005881322795175947
390.0 0.005101078568259254
391.0 0.004712121517513879
392.0 0.004323164466768503
393.0 0.004805979187949561
394.0 0.005288793909130618
395.0 0.004383080886327662
396.0 0.0034773671359289438
397.0 0.003680434383568354
398.0 0.0038835012674098834
399.0 0.0041094252082984895
400.0 0.0043353491491870955
401.0 0.00473269319627434
402.0 0.005130037243361585
403.0 0.005168480856809765
404.0 0.005206924834055826
405.0 0.0042946972826030105
406.0 0.0033824704587459564
407.0 0.001996888568100985
408.0 0.0006113074960012455
409.0 0.0021040243154857308
410.0 0.003596741589717567
411.0 0.004225210795993917
412.0 0.004853680002270266
413.0 0.004747533239424229
414.0 0.00464138611278031
415.0 0.003780984479817562
416.0 0.002920583210652694
417.0 0.003997264502686448
418.0 0.005073946158518083
419.0 0.004521638038568199
420.0 0.003969329918618314
421.0 0.003943250339943916
422.0 0.003917171488865279
423.0 0.0037129993870621547
424.0 0.0035088287404505536
425.0 0.0025274093786720186
426.0 0.001545990198792424
427.0 0.0017574931916897185
428.0 0.0019689960026880726
429.0 0.0013861427760275546
430.0 0.0008032898222154472
431.0 0.0007923846169433091
432.0 0.0007814793207217008
433.0 0.0007444289167324314
434.0 0.0007073786491673673
435.0 0.0013007492270844523
436.0 0.0018941198504762724
437.0 0.0018688371710595675
438.0 0.0018435544916428626
439.0 0.001985839662665967
440.0 0.0021281248336890712
441.0 0.0016517442418262362
442.0 0.0011753638318623416
443.0 0.002346999644942116
444.0 0.0035186356399208307
445.0 0.0034619013604242355
446.0 0.003405167444725521
447.0 0.002701490120671224
448.0 0.001997812796616927
449.0 0.0025833118343143724
450.0 0.0031688112358096987
451.0 0.002548138945712708
452.0 0.0019274662918178365
453.0 0.0017875607227324508
454.0 0.0016476555174449459
455.0 0.0023693612092756666
456.0 0.003091067264904268
457.0 0.0022741618522559293
458.0 0.0014572566215065308
459.0 0.0015143174096010625
460.0 0.001571378015796654
461.0 0.0007161182111303788
462.0 1.583430977482314e-10
463.0 0.0009118596608459484
464.0 0.001962861279025674
465.0 0.002224895251856651
466.0 0.002486929406586569
467.0 0.0021581467080977745
468.0 0.0018293636458110996
469.0 0.0016485399100929499
470.0 0.00146771608342533
471.0 0.001370310565107502
472.0 0.0012729054105875548
473.0 0.001243373208126286
474.0 0.0012138409147155471
475.0 0.0010323773494747002
476.0 0.0008509137842338532
477.0 0.001290622094529681
478.0 0.0017303302229265682
479.0 0.002088940527755767
480.0 0.0024475506506860256
481.0 0.0019136565242661163
482.0 0.0013797622159472667
483.0 0.0009808008144318592
484.0 0.0005818394129164517
485.0 0.0013484194823831785
486.0 0.002114999369950965
487.0 0.0014672801626147702
488.0 0.0008195610462280456
489.0 0.0016026029697968625
490.0 0.0023856449843151495
491.0 0.0022645608623861335
492.0 0.002143476558558177
493.0 0.0019321938452776521
494.0 0.0017209116776939481
495.0 0.0015942958270898089
496.0 0.0014676799764856696
497.0 0.0012817488823202439
498.0 0.0010958178791042883
499.0 0.0011739719411707483
500.0 0.0012521260941866785
501.0 0.0008641688509669621
502.0 0.00047621138037357014
503.0 0.001305065416090656
504.0 0.002133919406333007
505.0 0.0022818292563897558
506.0 0.0024297389245475642
507.0 0.0023257327484316193
508.0 0.002221726390416734
509.0 0.0018264074242324568
510.0 0.0014310889127955306
511.0 0.0011490868018881883
512.0 0.0008670847819303162
513.0 0.0013014515388931613
514.0 0.0017358184777549468
515.0 0.0013601250429928768
516.0 0.0009844318810792174
517.0 0.0009081539246835746
518.0 0.0008318757863889914
519.0 0.0010645952897903044
520.0 0.001297314611292677
521.0 0.0016415786376455799
522.0 0.0019858425730490126
523.0 0.0013171103091735858
524.0 0.0006483780452981591
525.0 0.0007178384748840472
526.0 0.0007872990863688756
527.0 0.0011282591003691778
528.0 0.0014692194781673606
529.0 0.0012766176041623112
530.0 0.0010840151844604407
531.0 0.0011439840818638913
532.0 0.001203952979267342
533.0 0.0008581220754422247
534.0 0.0005122909897181671
535.0 0.001095243169402238
536.0 0.0016781952581368387
537.0 0.0016378819054807536
538.0 0.0015975683709257282
539.0 0.0011274947610218078
540.0 0.0006574208327947417
541.0 0.0007499555067624897
542.0 0.0008424903171544429
543.0 0.001287601116928272
544.0 0.0017327120076515712
545.0 0.0011470424396975432
546.0 0.0005613730536424555
547.0 0.0011988099686277565
548.0 0.0018362465198151767
549.0 0.0016432813936262392
550.0 0.0014503161764878314
551.0 0.0015674082533223554
552.0 0.0016844998754095286
553.0 0.0014102852219366468
554.0 0.0011360699318174738
555.0 0.001019052888295846
556.0 0.0009020358447742183
557.0 0.0013185916031943634
558.0 0.001735147088766098
559.0 0.0017310921975877136
560.0 0.0017270369426114485
561.0 0.0015509272998315282
562.0 0.0013748177480010781
563.0 0.0011786515642597806
564.0 0.000982485380518483
565.0 0.0017247486539417878
566.0 0.0024670120183145627
567.0 0.0028657217626459897
568.0 0.003264430779381655
569.0 0.002997218325617723
570.0 0.0027300055080559105
571.0 0.0025650526367826387
572.0 0.0024000990379136056
573.0 0.00191517174243927
574.0 0.0014302446288638748
575.0 0.0018773791452986188
576.0 0.002324513661733363
577.0 0.0019553248421289027
578.0 0.0015861362044233829
579.0 0.001717882878438104
580.0 0.0018496291886549443
581.0 0.0016700827472959645
582.0 0.0014905363059369847
583.0 0.0019717203031177633
584.0 0.0024529041183996014
585.0 0.00255471150012454
586.0 0.0026565186999505386
587.0 0.002094778210448567
588.0 0.0015330373571487144
589.0 0.0019974157112301327
590.0 0.002461794429109432
591.0 0.0015260844520526007
592.0 0.0005903741111978889
593.0 0.000557820885660476
594.0 0.000525267523698858
595.0 0.0010054795893665869
596.0 0.0014856916095595807
597.0 0.0013882029634260107
598.0 0.0012907143172924407
599.0 0.0009387425961904228
600.0 0.00058677092056314
601.0 0.0005183954272069968
602.0 0.00045001979742664844
603.0 0.000961746718530776
604.0 0.0014734731848875526
605.0 0.0009105509889195673
606.0 0.0003476286337900092
607.0 0.0007416871540044667
608.0 0.0011357456969562918
609.0 0.0011546154382813256
610.0 0.0011734848158084787
611.0 0.0010132105671800673
612.0 0.0008529359547537751
613.0 0.0008154014722094871
614.0 0.0007778671715641394
615.0 0.0012359570064290892
616.0 0.0016940472050919197
617.0 0.0021529880541493185
618.0 0.0026119289032067172
619.0 0.0021769155864603817
620.0 0.001741902087815106
621.0 0.0014614263818657491
622.0 0.0011809504030679818
623.0 0.0015329491361626424
624.0 0.0018849479602067731
625.0 0.0016771744412835687
626.0 0.0014694010133098345
627.0 0.0019249193428549916
628.0 0.0023804381271474995
629.0 0.0021165487851249054
630.0 0.0018526594431023113
631.0 0.0016327679986716248
632.0 0.001412876372341998
633.0 0.0017899814338306896
634.0 0.002167086859117262
635.0 0.005077437526779249
636.0 0.007987787830643356
637.0 0.01534328330308199
638.0 0.022698780230712146
639.0 0.019851283286698163
640.0 0.017003784887492657
641.0 0.01480136124882847
642.0 0.01259894052054733
643.0 0.010055839084088802
644.0 0.007512738375226036
645.0 0.006799506809329614
646.0 0.006086275243433192
647.0 0.005588629574049264
648.0 0.005090983540867455
649.0 0.004196831650915556
650.0 0.003302680852357298
651.0 0.0036795216146856546
652.0 0.004056362377014011
653.0 0.003323462442494929
654.0 0.002590562144177966
655.0 0.002791673796309624
656.0 0.0029927858122391626
657.0 0.0029299255402293056
658.0 0.002867064904421568
659.0 0.002774771928670816
660.0 0.0026824791348190047
661.0 0.0027770191081799567
662.0 0.0028715590815409087
663.0 0.001932414306793362
664.0 0.0009932698958436958
665.0 0.0015639823686797172
666.0 0.0021346952053136192
667.0 0.002431043867545668
668.0 0.002727392711676657
669.0 0.002009333184105344
670.0 0.0012912737474835012
671.0 0.0009479827895120252
672.0 0.0006046919224900194
673.0 0.0013014319847570732
674.0 0.001998172410822008
675.0 0.002086569838866126
676.0 0.0021749670850113034
677.0 0.0019076725948252715
678.0 0.0016403775589424185
679.0 0.0013584998669102788
680.0 0.0010766220839286689
681.0 0.0012375587175483815
682.0 0.0013984951692691538
683.0 0.002465528996253852
684.0 0.0035325632779859006
685.0 0.0029420654755085707
686.0 0.002351568400627002
687.0 0.001773424810380675
688.0 0.0011952810382354073
689.0 0.0015081515812198631
690.0 0.0018210217604064383
691.0 0.0021056246623629704
692.0 0.002390227200521622
693.0 0.00271904773399001
694.0 0.0030478684493573382
695.0 0.003273079710197635
696.0 0.0034982909710379317
697.0 0.003652227678685449
698.0 0.0038061643863329664
699.0 0.005646282079396769
700.0 0.007486397953471169
701.0 0.007198152889031917
702.0 0.006909907096996903
703.0 0.0063738734752405435
704.0 0.005837840217282064
705.0 0.005223326661507599
706.0 0.0046088123781373724
707.0 0.004367943256511353
708.0 0.0041270741348853335
709.0 0.004312105011194944
710.0 0.004497135523706675
711.0 0.004043020453536883
712.0 0.0035889053833670914
713.0 0.0025574099709047005
714.0 0.0015259145584423095
715.0 0.002182924436056055
716.0 0.00283993394987192
717.0 0.0025006553187267855
718.0 0.00216137614188483
719.0 0.0017533053323859349
720.0 0.0013452343409880996
721.0 0.0012093769328203052
722.0 0.0010735192518041003
723.0 0.0009961477189790457
724.0 0.0009187762771034613
725.0 0.0012961910215381067
726.0 0.0016736057659727521
727.0 0.0016999065337586217
728.0 0.0017262069377466105
729.0 0.0018132033801521175
730.0 0.0019001998225576244
731.0 0.001433338547940366
732.0 0.0009664772733231075
733.0 0.0009472519195696805
734.0 0.0009280263839173131
735.0 0.0010415252290840726
736.0 0.0011550238923518918
737.0 0.0013162507457309403
738.0 0.0014774774172110483
739.0 0.001203699048346607
740.0 0.0009299204975832254
741.0 0.0010368381481384858
742.0 0.0011437557077442762
743.0 0.001573362351336982
744.0 0.002002968903980218
745.0 0.0013367490282689687
746.0 0.0006705289251840441
747.0 0.0012039397915941663
748.0 0.0017373506125295535
749.0 0.002403614780632779
750.0 0.0030698789487360045
751.0 0.003010667751368601
752.0 0.0029514567359001376
753.0 0.002923893043771386
754.0 0.002896329533541575
755.0 0.0019013590645045042
756.0 0.0009063885045179632
757.0 0.0018848431864171289
758.0 0.002863298141164705
759.0 0.0026890289518632926
760.0 0.00251475976256188
761.0 0.004275200262782164
762.0 0.006035639671608806
763.0 0.005619565126835369
764.0 0.005203490218264051
765.0 0.005357842746889219
766.0 0.0055121941841207445
767.0 0.004595274003804661
768.0 0.003678354187286459
769.0 0.003418841151869856
770.0 0.0031593295716447756
771.0 0.003967458542319946
772.0 0.004775588240590878
773.0 0.0039870832551969215
774.0 0.003198577542207204
775.0 1.583430977482314e-10
776.0 0.04338769358582795
777.0 1.583430977482314e-10
778.0 1.583430977482314e-10
779.0 0.032804865622892976
780.0 0.11123785516247153
781.0 1.583430977482314e-10
782.0 1.583430977482314e-10
783.0 0.06530762184411287
784.0 0.07797923171892762
785.0 0.17363656079396605
786.0 1.583430977482314e-10
787.0 0.009482903988100588
788.0 0.16255172668024898
789.0 1.583430977482314e-10
790.0 1.583430977482314e-10
791.0 0.17055888893082738
792.0 0.1139165018685162
793.0 1.583430977482314e-10
794.0 1.583430977482314e-10
795.0 0.05504107102751732
796.0 0.12824876466766
797.0 0.09379297262057662
798.0 0.03505781351123005
799.0 0.035254438989795744
800.0 0.1951480284333229
801.0 0.14683258486911654
802.0 0.3935732878744602
803.0 0.5452765617519617
804.0 1.0145208798348904
805.0 1.6248537227511406
806.0 2.652011439204216
807.0 3.9460983127355576
808.0 5.705101788043976
809.0 7.817891240119934
810.0 10.472871363162994
811.0 13.685464859008789
812.0 16.703738272190094
813.0 19.99388188123703
814.0 22.653211653232574
815.0 25.504261255264282
816.0 29.663467407226562
817.0 34.68756675720215
818.0 39.87314999103546
819.0 45.33534348011017
820.0 52.39222049713135
821.0 59.70708131790161
822.0 66.36494994163513
823.0 72.96331524848938
824.0 79.11229133605957
825.0 84.20296907424927
826.0 88.64712119102478
827.0 92.64520406723022
828.0 96.06972336769104
829.0 97.86474704742432
830.0 98.5146164894104
831.0 99.23416376113892
832.0 98.99896383285522
833.0 100.04855394363403
834.0 99.08074736595154
835.0 99.84256625175476
836.0 99.29367303848267
837.0 99.20124411582947
838.0 98.43803644180298
839.0 99.18578267097473
840.0 99.00460243225098
841.0 99.79881048202515
842.0 100.03613233566284
843.0 99.92855191230774
844.0 98.61129522323608
845.0 98.88827204704285
846.0 99.12980794906616
847.0 99.03892278671265
848.0 100.04359483718872
849.0 99.40652251243591
850.0 98.34728837013245
851.0 99.43866729736328
852.0 99.69655275344849
853.0 98.85203242301941
854.0 100.03700256347656
855.0 98.73378872871399
856.0 99.04067516326904
857.0 98.29471111297607
858.0 98.73525500297546
859.0 99.44104552268982
860.0 98.86661767959595
861.0 98.89348149299622
862.0 98.67494106292725
863.0 98.7660825252533
864.0 99.19028878211975
865.0 99.78986382484436
866.0 98.83273839950562
867.0 99.24993515014648
868.0 99.38371181488037
869.0 98.92674684524536
870.0 98.25580716133118
871.0 99.24044013023376
872.0 99.19029474258423
873.0 99.5836853981018
874.0 99.8113751411438
875.0 99.14804697036743
876.0 99.32832717895508
877.0 99.67499375343323
878.0 99.04740452766418
879.0 99.10379648208618
880.0 98.63320589065552
881.0 100.23071765899658
882.0 98.81877899169922
883.0 99.29593801498413
884.0 99.26417469978333
885.0 98.98183941841125
886.0 99.29196834564209
887.0 99.04516935348511
888.0 99.0703284740448
889.0 99.93836283683777
890.0 98.8156795501709
891.0 99.64511394500732
892.0 99.22206401824951
893.0 98.7394392490387
894.0 98.68897795677185
