lsstCam/transmission_filter_detector/r12_s22/z_20/19700101T000000.ecsv
# %ECSV 1.0
# ---
# datatype:
# - {name: wavelength, unit: nm, datatype: float32}
# - {name: efficiency, unit: '%', datatype: float64}
# meta: !!omap
# - {MODE: DETECTOR}
# - {TYPE: transmission_filter_detector}
# - {CALIBDATE: '1970-01-01T00:00:00'}
# - {INSTRUME: LSSTCam}
# - {OBSTYPE: transmission_filter_detector}
# - {CALIBCLS: lsst.ip.isr.IntermediateFilterDetectorTransmissionCurve}
# - {SOURCE: Materion (DM-46256)}
# - {DETECTOR: 53}
# - {FILTER: z_20}
# - {CALIB_ID: 'calibDate=1970-01-01T00:00:00 filter=z_20 detector=53'}
# - {DATE: '2025-04-02T15:59:48.882657'}
# - {CALIB_CREATION_DATE: '2025-04-02'}
# - {CALIB_CREATION_TIME: '15:59:48'}
# - __serialized_columns__:
#     efficiency:
#       __class__: astropy.units.quantity.Quantity
#       unit: !astropy.units.Unit {unit: '%'}
#       value: !astropy.table.SerializedColumn {name: efficiency}
#     wavelength:
#       __class__: astropy.units.quantity.Quantity
#       unit: !astropy.units.Unit {unit: nm}
#       value: !astropy.table.SerializedColumn {name: wavelength}
# schema: astropy-2.0
wavelength efficiency
[from data line 596]
896.0 99.34038519859314
897.0 99.6857762336731
898.0 99.40575957298279
899.0 98.81184697151184
900.0 99.02229905128479
901.0 99.16499853134155
902.0 99.48015809059143
903.0 99.03291463851929
904.0 97.94978499412537
905.0 98.92204403877258
906.0 98.1524109840393
907.0 98.60478043556213
908.0 98.42881560325623
909.0 98.36620092391968
910.0 97.94279932975769
911.0 96.99603915214539
912.0 95.98147869110107
913.0 95.10409832000732
914.0 93.05756688117981
915.0 90.66435694694519
916.0 88.68794441223145
917.0 87.0740532875061
918.0 83.77518057823181
919.0 82.82091021537781
920.0 79.57547903060913
921.0 76.00704431533813
922.0 71.68577909469604
923.0 66.4573073387146
924.0 60.78222393989563
925.0 55.34093976020813
926.0 49.39612150192261
927.0 42.46524274349213
928.0 36.60580515861511
929.0 30.137279629707336
930.0 24.63533580303192
931.0 19.489873945713043
932.0 13.854223489761353
933.0 9.444433450698853
934.0 6.284830719232559
935.0 3.7860915064811707
936.0 2.3321405053138733
937.0 1.2717272154986858
938.0 0.7316441275179386
939.0 0.48689949326217175
940.0 0.41131176985800266
941.0 0.2172699896618724
942.0 0.3205746179446578
943.0 0.20039419177919626
944.0 0.22037189919501543
945.0 0.07003712235018611
946.0 0.06290572928264737
947.0 0.13994743349030614
948.0 1.583430977482314e-10
949.0 1.583430977482314e-10
950.0 0.06148309330455959
951.0 0.08868136792443693
952.0 1.583430977482314e-10
953.0 0.1762791653163731
954.0 1.583430977482314e-10
955.0 0.08061646367423236
956.0 1.583430977482314e-10
957.0 0.10440417099744081
958.0 1.583430977482314e-10
959.0 0.004616799560608342
960.0 1.583430977482314e-10
961.0 1.583430977482314e-10
962.0 0.02290152187924832
963.0 0.07279901183210313
964.0 0.024098437279462814
965.0 0.010374026896897703
966.0 1.583430977482314e-10
967.0 1.583430977482314e-10
968.0 0.04009040421806276
969.0 0.0746592995710671
970.0 1.583430977482314e-10
971.0 0.040999826160259545
972.0 1.583430977482314e-10
973.0 1.583430977482314e-10
974.0 0.0964732258580625
975.0 0.03318071539979428
976.0 0.0066446184064261615
977.0 0.006601627683266997
978.0 0.006558638415299356
979.0 0.006359440158121288
980.0 0.006160239718155935
981.0 0.006023521564202383
982.0 0.005886803774046712
983.0 0.005784949826193042
984.0 0.005683096242137253
985.0 0.005422677349997684
986.0 0.005162257730262354
987.0 0.0051475890359142795
988.0 0.005132920341566205
989.0 0.005073263673693873
990.0 0.005013607733417302
991.0 0.005116867760079913
992.0 0.005220128150540404
993.0 0.005143425732967444
994.0 0.005066722951596603
995.0 0.004996301868231967
996.0 0.004925881148665212
997.0 0.004766291749547236
998.0 0.00460670271422714
999.0 0.004538633584161289
1000.0 0.004470564090297557
1001.0 0.004632958007277921
1002.0 0.004795351924258284
1003.0 0.004690784044214524
1004.0 0.004586216527968645
1005.0 0.004459032061276957
1006.0 0.00433184795838315
1007.0 0.004444928708835505
1008.0 0.004558009095489979
1009.0 0.004618069579009898
1010.0 0.004678130062529817
1011.0 0.0047449615522054955
1012.0 0.0048117934056790546
1013.0 0.004640631232177839
1014.0 0.004469468694878742
1015.0 0.004635241566575132
1016.0 0.004801014074473642
1017.0 0.005068036989541724
1018.0 0.0053350602684076875
1019.0 0.005107639663037844
1020.0 0.00488021869387012
1021.0 0.004872516728937626
1022.0 0.004864814764005132
1023.0 0.004743801036966033
1024.0 0.0046227873099269345
1025.0 0.004899406121694483
1026.0 0.0051760245696641505
1027.0 0.004997238647774793
1028.0 0.004818453089683317
1029.0 0.004826424628845416
1030.0 0.004834396168007515
1031.0 0.004979367804480717
1032.0 0.005124339440953918
1033.0 0.005217329817241989
1034.0 0.005310320557327941
1035.0 0.005491868432727642
1036.0 0.005673416671925224
1037.0 0.0057043725973926485
1038.0 0.0057353285228600726
1039.0 0.005628564758808352
1040.0 0.00552180026716087
1041.0 0.0059291531215421855
1042.0 0.006336506339721382
1043.0 0.00578924227738753
1044.0 0.0052419782150536776
1045.0 0.00601960600761231
1046.0 0.006797233072575182
1047.0 0.006450470391428098
1048.0 0.006103706255089492
1049.0 0.0062892700952943414
1050.0 0.006474833935499191
1051.0 0.0067423075961414725
1052.0 0.0070097827119752765
1053.0 0.007154889317462221
1054.0 0.007299995195353404
1055.0 0.008009315934032202
1056.0 0.008718636672711
1057.0 0.008315982267959043
1058.0 0.00791332931839861
1059.0 0.008098376565612853
1060.0 0.008283421630039811
1061.0 0.008874747436493635
1062.0 0.00946607397054322
1063.0 0.009352608321933076
1064.0 0.009239142673322931
1065.0 0.009377388778375462
1066.0 0.009515637066215277
1067.0 0.009780757682165131
1068.0 0.010045881936093792
1069.0 0.010655137157300487
1070.0 0.011264392378507182
1071.0 0.011196840205229819
1072.0 0.011129288031952456
1073.0 0.011193507089046761
1074.0 0.01125772760133259
1075.0 0.011978377733612433
1076.0 0.012699031503871083
1077.0 0.012848204642068595
1078.0 0.012997377780266106
1079.0 0.013914750888943672
1080.0 0.014832125452812761
1081.0 0.014894902415107936
1082.0 0.014957683742977679
1083.0 0.014934322098270059
1084.0 0.014910961908753961
1085.0 0.015402992721647024
1086.0 0.01589502498973161
1087.0 0.016150783631019294
1088.0 0.016406546637881547
1089.0 0.017640255100559443
1090.0 0.018873962108045816
1091.0 0.018808683671522886
1092.0 0.018743400869425386
1093.0 0.018206474487669766
1094.0 0.017669546650722623
1095.0 0.01888789120130241
1096.0 0.020106240117456764
1097.0 0.020502941333688796
1098.0 0.020899646915495396
1099.0 0.023374920419882983
1100.0 0.02585018810350448
1101.0 0.025659363018348813
1102.0 0.025468537933193147
1103.0 0.027209825930185616
1104.0 0.02895111101679504
1105.0 0.028578995261341333
1106.0 0.028206882416270673
1107.0 0.029315182473510504
1108.0 0.030423482530750334
1109.0 0.03193811280652881
1110.0 0.03345274308230728
1111.0 0.03343356656841934
1112.0 0.033414390054531395
1113.0 0.03505459753796458
1114.0 0.036694813752546906
1115.0 0.03630512219388038
1116.0 0.03591543645597994
1117.0 0.03641717485152185
1118.0 0.036918913247063756
1119.0 0.04011635028291494
1120.0 0.04331378440838307
1121.0 0.04499743226915598
1122.0 0.04668108595069498
1123.0 0.04618760431185365
1124.0 0.045694122673012316
1125.0 0.04602146509569138
1126.0 0.046348810428753495
1127.0 0.05119673442095518
1128.0 0.05604465841315687
1129.0 0.06073390832170844
1130.0 0.0654231640510261
1131.0 0.06392467184923589
1132.0 0.062426168005913496
1133.0 0.06483207107521594
1134.0 0.06723796832375228
1135.0 0.06755838403478265
1136.0 0.06787879974581301
1137.0 0.07312429370358586
1138.0 0.0783697993028909
1139.0 0.08332583238370717
1140.0 0.08828183053992689
1141.0 0.09783089626580477
1142.0 0.10737993288785219
1143.0 0.12847272446379066
1144.0 0.14956548111513257
1145.0 0.30015131924301386
1146.0 0.45073716901242733
1147.0 0.9586318396031857
1148.0 1.4665265567600727
1149.0 1.6625989228487015
1150.0 1.8586724996566772
