lsstCam/transmission_filter_detector/r21_s11/u_24/19700101T000000.ecsv
# %ECSV 1.0
# ---
# datatype:
# - {name: wavelength, unit: nm, datatype: float32}
# - {name: efficiency, unit: '%', datatype: float64}
# meta: !!omap
# - {MODE: DETECTOR}
# - {TYPE: transmission_filter_detector}
# - {CALIBDATE: '1970-01-01T00:00:00'}
# - {INSTRUME: LSSTCam}
# - {OBSTYPE: transmission_filter_detector}
# - {CALIBCLS: lsst.ip.isr.IntermediateFilterDetectorTransmissionCurve}
# - {SOURCE: Materion (DM-46256)}
# - {DETECTOR: 85}
# - {FILTER: u_24}
# - {CALIB_ID: 'calibDate=1970-01-01T00:00:00 filter=u_24 detector=85'}
# - {DATE: '2025-04-02T15:59:40.142428'}
# - {CALIB_CREATION_DATE: '2025-04-02'}
# - {CALIB_CREATION_TIME: '15:59:40'}
# - __serialized_columns__:
#     efficiency:
#       __class__: astropy.units.quantity.Quantity
#       unit: !astropy.units.Unit {unit: '%'}
#       value: !astropy.table.SerializedColumn {name: efficiency}
#     wavelength:
#       __class__: astropy.units.quantity.Quantity
#       unit: !astropy.units.Unit {unit: nm}
#       value: !astropy.table.SerializedColumn {name: wavelength}
# schema: astropy-2.0
wavelength efficiency
295.0 1.583631554884224e-10
296.0 1.583631554884224e-10
297.0 1.583631554884224e-10
298.0 1.583631554884224e-10
299.0 1.583631554884224e-10
300.0 1.583631554884224e-10
301.0 1.583631554884224e-10
302.0 1.583631554884224e-10
303.0 1.583631554884224e-10
304.0 0.0716053880751133
305.0 0.6834761239588261
306.0 1.3653971254825592
307.0 2.510937675833702
308.0 4.51100617647171
309.0 7.383078336715698
310.0 10.633573681116104
311.0 14.230972528457642
312.0 17.931926250457764
313.0 21.144796907901764
314.0 24.434423446655273
315.0 26.54600441455841
316.0 28.694862127304077
317.0 31.14941120147705
318.0 33.7065190076828
319.0 36.885157227516174
320.0 41.8557345867157
321.0 46.919652819633484
322.0 52.875787019729614
323.0 58.50617289543152
324.0 63.43662142753601
325.0 66.8144166469574
326.0 69.3617045879364
327.0 71.36025428771973
328.0 73.28319549560547
329.0 74.70373511314392
330.0 76.14719867706299
331.0 76.99372172355652
332.0 77.5553822517395
333.0 77.69685387611389
334.0 77.57284045219421
335.0 77.63972878456116
336.0 77.69640684127808
337.0 78.17801833152771
338.0 79.05429005622864
339.0 79.60275411605835
340.0 80.08679747581482
341.0 80.67523241043091
342.0 80.97027540206909
343.0 80.79370260238647
344.0 81.05461597442627
345.0 81.37475848197937
346.0 81.62566423416138
347.0 81.97625279426575
348.0 82.27676749229431
349.0 82.48477578163147
350.0 82.52097964286804
351.0 82.6844573020935
352.0 82.59273171424866
353.0 82.49499201774597
354.0 82.47148394584656
355.0 82.68946409225464
356.0 82.79486298561096
357.0 82.74475336074829
358.0 82.53751993179321
359.0 82.26016759872437
360.0 82.18439221382141
361.0 82.0372223854065
362.0 81.87798261642456
363.0 82.03702569007874
364.0 82.13459253311157
365.0 82.30369687080383
366.0 82.45523571968079
367.0 82.50691294670105
368.0 82.35856294631958
369.0 82.35058784484863
370.0 82.00305104255676
371.0 81.7731261253357
372.0 81.74065351486206
373.0 81.79859519004822
374.0 81.814044713974
375.0 82.14419484138489
376.0 82.21083283424377
377.0 82.20290541648865
378.0 82.27764964103699
379.0 82.06133842468262
380.0 81.44800662994385
381.0 80.24159073829651
382.0 78.5933792591095
383.0 76.628577709198
384.0 74.52365756034851
385.0 72.21670150756836
386.0 69.87026333808899
387.0 66.75878763198853
388.0 63.55213522911072
389.0 59.795963764190674
390.0 55.94184398651123
391.0 51.781219244003296
392.0 47.38830029964447
393.0 43.5151606798172
394.0 40.23594558238983
395.0 37.04020380973816
396.0 33.788514137268066
397.0 29.622697830200195
398.0 24.681730568408966
399.0 18.370166420936584
400.0 12.206710129976273
401.0 7.119236886501312
402.0 3.429732099175453
403.0 1.2738298624753952
404.0 0.39090029895305634
405.0 0.16495500458404422
406.0 0.042922020656988025
407.0 0.0268040836090222
408.0 0.016269265324808657
409.0 1.583631554884224e-10
410.0 1.583631554884224e-10
411.0 1.583631554884224e-10
412.0 1.583631554884224e-10
413.0 1.583631554884224e-10
414.0 1.583631554884224e-10
415.0 1.583631554884224e-10
416.0 1.583631554884224e-10
417.0 1.583631554884224e-10
418.0 1.583631554884224e-10
419.0 1.583631554884224e-10
420.0 1.583631554884224e-10
421.0 1.583631554884224e-10
422.0 1.583631554884224e-10
423.0 1.583631554884224e-10
424.0 1.583631554884224e-10
425.0 1.583631554884224e-10
426.0 1.583631554884224e-10
427.0 1.583631554884224e-10
428.0 1.583631554884224e-10
429.0 1.583631554884224e-10
430.0 0.00027926894290430937
431.0 1.583631554884224e-10
432.0 1.583631554884224e-10
433.0 1.583631554884224e-10
434.0 0.00018412315512250643
435.0 0.0010705402019084431
436.0 0.0019569575670175254
437.0 0.0011357943549228366
438.0 0.0003146312565149856
439.0 0.0009373038665216882
440.0 0.0015599769540131092
441.0 1.583631554884224e-10
442.0 1.583631554884224e-10
443.0 1.583631554884224e-10
444.0 1.583631554884224e-10
445.0 1.583631554884224e-10
446.0 1.583631554884224e-10
447.0 1.583631554884224e-10
448.0 1.583631554884224e-10
449.0 1.583631554884224e-10
450.0 1.583631554884224e-10
451.0 1.583631554884224e-10
452.0 1.583631554884224e-10
453.0 2.729393031586369e-05
454.0 0.00045510646486945916
455.0 1.583631554884224e-10
456.0 1.583631554884224e-10
457.0 1.583631554884224e-10
458.0 1.583631554884224e-10
459.0 1.583631554884224e-10
460.0 1.583631554884224e-10
461.0 1.583631554884224e-10
462.0 1.583631554884224e-10
463.0 1.583631554884224e-10
464.0 0.00043819400161737576
465.0 0.00041323842197016347
466.0 0.00038828293327242136
467.0 0.00040814297790348064
468.0 0.0004280031134840101
469.0 0.0005182047971175052
470.0 0.00060840629885206
471.0 1.3762769413006026e-05
472.0 1.583631554884224e-10
473.0 1.583631554884224e-10
474.0 1.583631554884224e-10
475.0 1.583631554884224e-10
476.0 1.583631554884224e-10
477.0 1.583631554884224e-10
478.0 1.583631554884224e-10
479.0 1.583631554884224e-10
480.0 1.583631554884224e-10
481.0 1.583631554884224e-10
482.0 1.583631554884224e-10
483.0 1.583631554884224e-10
484.0 1.583631554884224e-10
485.0 1.583631554884224e-10
486.0 1.583631554884224e-10
487.0 1.583631554884224e-10
488.0 0.0004649938546208432
489.0 1.583631554884224e-10
490.0 1.583631554884224e-10
491.0 1.583631554884224e-10
492.0 1.583631554884224e-10
493.0 1.583631554884224e-10
494.0 1.583631554884224e-10
495.0 1.583631554884224e-10
496.0 0.0003224760575903929
497.0 1.583631554884224e-10
498.0 1.583631554884224e-10
499.0 1.583631554884224e-10
500.0 1.583631554884224e-10
501.0 1.583631554884224e-10
502.0 1.583631554884224e-10
503.0 1.583631554884224e-10
504.0 1.583631554884224e-10
505.0 1.583631554884224e-10
506.0 1.583631554884224e-10
507.0 1.583631554884224e-10
508.0 1.583631554884224e-10
509.0 1.583631554884224e-10
510.0 1.583631554884224e-10
511.0 0.0003423444695727085
512.0 0.0009618288459023461
513.0 0.0005737114861403825
514.0 0.00018559412637841888
515.0 0.0002913520802394487
516.0 0.0003971101250499487
517.0 1.937873150836822e-05
518.0 1.583631554884224e-10
519.0 1.583631554884224e-10
520.0 1.583631554884224e-10
521.0 1.583631554884224e-10
522.0 1.583631554884224e-10
523.0 1.583631554884224e-10
524.0 1.583631554884224e-10
525.0 1.583631554884224e-10
526.0 1.583631554884224e-10
527.0 1.583631554884224e-10
528.0 1.583631554884224e-10
529.0 1.583631554884224e-10
530.0 1.583631554884224e-10
531.0 1.583631554884224e-10
532.0 1.583631554884224e-10
533.0 1.583631554884224e-10
534.0 1.583631554884224e-10
535.0 1.583631554884224e-10
536.0 1.583631554884224e-10
537.0 1.583631554884224e-10
538.0 1.583631554884224e-10
539.0 1.583631554884224e-10
540.0 1.583631554884224e-10
541.0 1.583631554884224e-10
542.0 1.583631554884224e-10
543.0 1.583631554884224e-10
544.0 1.583631554884224e-10
545.0 1.583631554884224e-10
546.0 1.583631554884224e-10
547.0 1.583631554884224e-10
548.0 0.00011062995781685458
549.0 1.583631554884224e-10
550.0 1.583631554884224e-10
551.0 2.8859568601546925e-05
552.0 0.00020588256575138075
553.0 1.583631554884224e-10
554.0 1.583631554884224e-10
555.0 1.583631554884224e-10
556.0 1.583631554884224e-10
557.0 1.583631554884224e-10
558.0 1.583631554884224e-10
559.0 1.583631554884224e-10
560.0 0.00031463102914131014
561.0 0.00012839194596381276
562.0 1.583631554884224e-10
563.0 1.583631554884224e-10
564.0 1.583631554884224e-10
565.0 1.583631554884224e-10
566.0 1.583631554884224e-10
567.0 1.583631554884224e-10
568.0 2.7922645529088186e-06
569.0 0.00013697974736714968
570.0 0.00027116723231301876
571.0 0.00041927260099328123
572.0 0.0005673780378856463
573.0 0.0004774663921125466
574.0 0.00038755483728891704
575.0 0.00035475563890940975
576.0 0.0003219565996914753
577.0 0.000471923749501002
578.0 0.0006218910129973665
579.0 0.00042997344280593097
580.0 0.0002380558498771279
581.0 0.0006788539394619875
582.0 0.0011196521882084198
583.0 0.0014218555406841915
584.0 0.0017240587112610228
585.0 0.001414808866684325
586.0 0.0011055588402086869
587.0 0.0012014266758342274
588.0 0.0012972945114597678
589.0 0.0011399970389902592
590.0 0.0009826995665207505
591.0 0.0007670510058233049
592.0 0.0005514024906005943
593.0 0.0006042620043444913
594.0 0.000657121381664183
595.0 0.0007769031981297303
596.0 0.0008966847417468671
597.0 0.0008289765901281498
598.0 0.0007612682111357572
599.0 0.0009817885256779846
600.0 0.0012023087037960067
601.0 0.001409693322784733
602.0 0.0016170781236723997
603.0 0.0016372579921153374
604.0 0.0016574380424572155
605.0 0.001674310078669805
606.0 0.001691182296781335
607.0 0.0014293694221123587
608.0 0.0011675564564939123
609.0 0.0009233663149643689
610.0 0.0006791761734348256
611.0 0.0005572213012783322
612.0 0.0004352663836471038
613.0 0.00044421371967473533
614.0 0.00045316110117710195
615.0 0.000581067024540971
616.0 0.0007089729933795752
617.0 0.0006368414233293151
618.0 0.0005647099442285253
619.0 0.0005045641501055798
620.0 0.0004444184924068395
621.0 0.0005460721240524435
622.0 0.0006477256647485774
623.0 0.0005725323262595339
624.0 0.0004973388968210202
625.0 0.00051990268730151
626.0 0.00054246656873147
627.0 0.0006379912974807667
628.0 0.0007335160717047984
629.0 0.0006589265012735268
630.0 0.0005843370672664605
631.0 0.0010691533134377096
632.0 0.0015539695596089587
633.0 0.00163424811034929
634.0 0.0017145266610896215
635.0 0.0021788513549836352
636.0 0.002643176048877649
637.0 0.0025068888135137968
638.0 0.0023706015781499445
639.0 0.0023077720470610075
640.0 0.0022449425159720704
641.0 0.001866285856522154
642.0 0.001487629378971178
643.0 0.0009892951311485376
644.0 0.0004909606559522217
645.0 0.0002543947402955382
646.0 1.7828759268923022e-05
647.0 0.0002257529104099376
648.0 0.00043367722355469596
649.0 0.00018575212834548438
650.0 1.583631554884224e-10
651.0 0.00014743849305887125
652.0 0.00035705008940567495
653.0 0.0008036496183194686
654.0 0.0012502491699706297
655.0 0.0012706821507890709
656.0 0.0012911150406580418
657.0 0.002063566353172064
658.0 0.002836017847585026
659.0 0.0031771211070008576
660.0 0.003518223820719868
661.0 0.0035663524613482878
662.0 0.003614480738178827
663.0 0.003259175718994811
664.0 0.002903871063608676
665.0 0.002590525400592014
666.0 0.002277179737575352
667.0 0.001800659993023146
668.0 0.0013241403394204099
669.0 0.0010561157978372648
670.0 0.0007880912562541198
671.0 0.0005717273779737297
672.0 0.0003553632950570318
673.0 0.0003313587512820959
674.0 0.00030735411655768985
675.0 0.0005694943865819369
676.0 0.0008316345883940812
677.0 0.0009791193406272214
678.0 0.0011266040928603616
679.0 0.0015367792002507485
680.0 0.001946954580489546
681.0 0.0027340525775798596
682.0 0.0035211513022659346
683.0 0.004869928670814261
684.0 0.006218705675564706
685.0 0.006945986388018355
686.0 0.0076732692832592875
687.0 0.007433816062984988
688.0 0.00719436357030645
689.0 0.006477667193394154
690.0 0.0057609708164818585
691.0 0.004895951133221388
692.0 0.004030931449960917
693.0 0.00336812918249052
694.0 0.002705326915020123
695.0 0.0021999154341756366
696.0 0.0016945043171290308
697.0 0.0012792426787200384
698.0 0.0008639808584121056
699.0 0.000737814752937993
700.0 0.0006116485110396752
701.0 0.00045748925003863405
702.0 0.00030332996630022535
703.0 0.0004851025096286321
704.0 0.0006668751211691415
705.0 0.0006348094302666141
706.0 0.0006027438303135568
707.0 0.0007424637715303106
708.0 0.000882183485373389
709.0 0.0008057194463617634
710.0 0.0007292553164006677
711.0 0.0006756036327715265
712.0 0.0006219519946171204
713.0 0.0005762214641436003
714.0 0.0005304911155690206
715.0 0.0005966284334135707
716.0 0.0006627657057833858
717.0 0.0006301330358837731
718.0 0.0005975003659841605
719.0 0.0005356400833989028
720.0 0.00047377975533891004
721.0 0.00045945962483529
722.0 0.0004451394488569349
723.0 0.0004046882622787962
724.0 0.0003642370074885548
725.0 0.0001558840381221671
726.0 1.583631554884224e-10
727.0 5.975537931135477e-06
728.0 6.442007247642323e-05
729.0 0.00016117865015985444
730.0 0.0002579373358457815
731.0 0.00023032607714412734
732.0 0.00020271484117984073
733.0 6.643546726081695e-05
734.0 1.583631554884224e-10
735.0 0.0003670020078061498
736.0 0.0008038477062655147
737.0 0.0005152122412255267
738.0 0.00022657659428659827
739.0 0.0004006239578302484
740.0 0.0005746713213738985
741.0 0.0008634098776383325
742.0 0.0011521485248522367
743.0 0.0013653926544066053
744.0 0.0015786365111125633
745.0 0.002004714588110801
746.0 0.0024307926651090384
747.0 0.0029067972718621604
748.0 0.0033828015148174018
749.0 0.0032462732633575797
750.0 0.0031097453756956384
751.0 0.0033251068089157343
752.0 0.0035404682421358302
753.0 0.003091855251113884
754.0 0.002643242623889819
755.0 0.0026144893126911484
756.0 0.0025857361833914183
757.0 0.0022841011741547845
758.0 0.0019824659830192104
759.0 0.001628505197004415
760.0 0.0012745443200401496
761.0 0.001098420125345001
762.0 0.0009222959306498524
763.0 0.0006434844181057997
764.0 0.0003646729510364821
765.0 0.0005030013198847882
766.0 0.0006413295977836242
767.0 0.0006355740424623946
768.0 0.0006298183961916948
769.0 0.0005932321073487401
770.0 0.0005566459094552556
771.0 0.00043232175812590867
772.0 0.00030799751584709156
773.0 0.0004574931153911166
774.0 0.0006069887604098767
775.0 0.0005748544936068356
776.0 0.0005427203177532647
777.0 0.0005637329650198808
778.0 0.0005847455213370267
779.0 0.0006735076112818206
780.0 0.0007622696102771442
781.0 0.0007761685992591083
782.0 0.0007900676791905425
783.0 0.0008556210559618194
784.0 0.0009211745236825664
785.0 0.0011026619176845998
786.0 0.0012841494026361033
787.0 0.0010832305633812211
788.0 0.0008823116331768688
789.0 0.0007990174708538689
790.0 0.0007157232175813988
791.0 0.0008369445822609123
792.0 0.0009581657650414854
793.0 0.0005613153916783631
794.0 0.0001644650296839245
795.0 0.00014731103874510154
796.0 0.00013015700233154348
797.0 0.0003656080707514775
798.0 0.0006010590368532576
799.0 0.0004002553851023549
800.0 0.00019945173335145228
801.0 3.595511799403539e-06
802.0 1.583631554884224e-10
803.0 1.583631554884224e-10
804.0 1.583631554884224e-10
805.0 1.583631554884224e-10
806.0 4.235709809563559e-05
807.0 1.583631554884224e-10
808.0 1.583631554884224e-10
809.0 0.0002093683633574983
810.0 0.0005140919711266179
811.0 0.00014104523415880976
812.0 1.583631554884224e-10
813.0 0.00013095140047880705
814.0 0.0004939042355545098
815.0 0.0005192978278500959
816.0 0.0005446913291962119
817.0 0.000526994244864909
818.0 0.000509297115058871
819.0 0.00037768531910842285
820.0 0.00024607350042060716
821.0 1.937084164183034e-05
822.0 1.583631554884224e-10
823.0 1.583631554884224e-10
824.0 0.00018120445020031184
825.0 1.583631554884224e-10
826.0 1.583631554884224e-10
827.0 1.583631554884224e-10
828.0 1.3437930590498581e-05
829.0 1.583631554884224e-10
830.0 1.583631554884224e-10
831.0 1.583631554884224e-10
832.0 1.583631554884224e-10
833.0 1.583631554884224e-10
834.0 1.583631554884224e-10
835.0 1.583631554884224e-10
836.0 4.6665823560942954e-05
837.0 1.583631554884224e-10
838.0 1.583631554884224e-10
839.0 1.583631554884224e-10
840.0 0.00014895121012159507
841.0 0.0001487947429268388
842.0 0.00014863835531286895
843.0 8.406718166042992e-05
844.0 1.949599379713618e-05
845.0 3.315806793580123e-05
846.0 4.6820301236039086e-05
847.0 2.8153269227004785e-05
848.0 9.48626279750897e-06
849.0 0.00012967868769919733
850.0 0.00024987105007312493
851.0 0.00027713576855603606
852.0 0.0003044005097763147
853.0 0.00020152092474745587
854.0 9.86411805570242e-05
855.0 1.583631554884224e-10
856.0 1.583631554884224e-10
857.0 0.00010701260180212557
858.0 0.0003666222028186894
859.0 0.0005765856258221902
860.0 0.0007865490260883234
861.0 0.0008354093552043196
862.0 0.0008842697752697859
863.0 0.0008749678272579331
864.0 0.0008656657882966101
865.0 0.0012819878065783996
866.0 0.0016983096429612488
867.0 0.0016511554349563085
868.0 0.0016040014088503085
869.0 0.0017215907064382918
870.0 0.0018391798221273348
871.0 0.0016820944438222796
872.0 0.001525008883618284
873.0 0.0018371039914200082
874.0 0.0021491990992217325
875.0 0.002308346847712528
876.0 0.002467494960001204
877.0 0.0023850909201428294
878.0 0.0023026874259812757
879.0 0.002290142401761841
