lsstCam/transmission_filter_detector/r21_s11/u_24/19700101T000000.ecsv
# %ECSV 1.0
# ---
# datatype:
# - {name: wavelength, unit: nm, datatype: float32}
# - {name: efficiency, unit: '%', datatype: float64}
# meta: !!omap
# - {MODE: DETECTOR}
# - {TYPE: transmission_filter_detector}
# - {CALIBDATE: '1970-01-01T00:00:00'}
# - {INSTRUME: LSSTCam}
# - {OBSTYPE: transmission_filter_detector}
# - {CALIBCLS: lsst.ip.isr.IntermediateFilterDetectorTransmissionCurve}
# - {SOURCE: Materion (DM-46256)}
# - {DETECTOR: 85}
# - {FILTER: u_24}
# - {CALIB_ID: 'calibDate=1970-01-01T00:00:00 filter=u_24 detector=85'}
# - {DATE: '2025-04-02T15:59:40.142428'}
# - {CALIB_CREATION_DATE: '2025-04-02'}
# - {CALIB_CREATION_TIME: '15:59:40'}
# - __serialized_columns__:
#     efficiency:
#       __class__: astropy.units.quantity.Quantity
#       unit: !astropy.units.Unit {unit: '%'}
#       value: !astropy.table.SerializedColumn {name: efficiency}
#     wavelength:
#       __class__: astropy.units.quantity.Quantity
#       unit: !astropy.units.Unit {unit: nm}
#       value: !astropy.table.SerializedColumn {name: wavelength}
# schema: astropy-2.0
wavelength efficiency
[from data line 586]
881.0 0.0023678170691709965
882.0 0.0024580371245974675
883.0 0.002444037818349898
884.0 0.0024300386940012686
885.0 0.002416336974420119
886.0 0.0024026356186368503
887.0 0.0022889929823577404
888.0 0.0021753503460786305
889.0 0.002250268698844593
890.0 0.002325186869711615
891.0 0.0024576318537583575
892.0 0.0025900768378051
893.0 0.002578492058091797
894.0 0.0025669069145806134
895.0 0.0028274218493606895
896.0 0.0030879367841407657
897.0 0.0034095784940291196
898.0 0.0037312205677153543
899.0 0.0039415917854057625
900.0 0.00415196263929829
901.0 0.004296744737075642
902.0 0.0044415268348529935
903.0 0.004725404141936451
904.0 0.005009281449019909
905.0 0.005009539017919451
906.0 0.005009796586818993
907.0 0.00528385498910211
908.0 0.005557913755183108
909.0 0.0055196007451741025
910.0 0.005481287735165097
911.0 0.005435312777990475
912.0 0.005389337820815854
913.0 0.005255483847577125
914.0 0.005121629874338396
915.0 0.004777752837981097
916.0 0.004433875437825918
917.0 0.004212713611195795
918.0 0.003991552512161434
919.0 0.004145019920542836
920.0 0.004298487328924239
921.0 0.0045420863898471
922.0 0.004785685450769961
923.0 0.005209759183344431
924.0 0.00563383218832314
925.0 0.005946182136540301
926.0 0.0062585328123532236
927.0 0.006802739517297596
928.0 0.007346944767050445
929.0 0.007366691716015339
930.0 0.00738643720978871
931.0 0.007465224916813895
932.0 0.007544009713456035
933.0 0.007497557817259803
934.0 0.007451104465872049
935.0 0.0076299606007523835
936.0 0.007808814552845433
937.0 0.007447267125826329
938.0 0.007085720426402986
939.0 0.007025341619737446
940.0 0.006964963540667668
941.0 0.005685841097147204
942.0 0.004406717198435217
943.0 0.003726161230588332
944.0 0.0030456052627414465
945.0 0.002823021168296691
946.0 0.0026004374376498163
947.0 0.002124660386471078
948.0 0.0016488833352923393
949.0 0.0013971264706924558
950.0 0.0011453696060925722
951.0 0.0013206588846514933
952.0 0.0014959478903620038
953.0 0.001607658305147197
954.0 0.0017193688108818606
955.0 0.002008809315157123
956.0 0.0022982500013313256
957.0 0.0025229333914467134
958.0 0.002747616781562101
959.0 0.003039962211914826
960.0 0.00333230709657073
961.0 0.0039426962757715955
962.0 0.00455308509117458
963.0 0.0045095057430444285
964.0 0.004465926758712158
965.0 0.004415354123921134
966.0 0.00436478185292799
967.0 0.004488300692173652
968.0 0.0046118195314193144
969.0 0.004705273386207409
970.0 0.004798727240995504
971.0 0.004626004374586046
972.0 0.0044532815081765875
973.0 0.004235351661918685
974.0 0.0040174214518629014
975.0 0.003975020081270486
976.0 0.0039326190744759515
977.0 0.003358927642693743
978.0 0.0027852360290125944
979.0 0.0027353949917596765
980.0 0.002685554136405699
981.0 0.0025800611183512956
982.0 0.002474567918397952
983.0 0.002710744593059644
984.0 0.0029469212677213363
985.0 0.003245338666602038
986.0 0.0035437566111795604
987.0 0.0038736056012567133
988.0 0.004203454955131747
989.0 0.004747863931697793
990.0 0.005292272180668078
991.0 0.005770674761151895
992.0 0.006249076250242069
993.0 0.006313945050351322
994.0 0.00637881166767329
995.0 0.006115062569733709
996.0 0.005851311652804725
997.0 0.005715357474400662
998.0 0.005579404751188122
999.0 0.006134101568022743
1000.0 0.0066887965658679605
1001.0 0.006607191608054563
1002.0 0.006525586650241166
1003.0 0.006197282345965505
1004.0 0.005868978769285604
1005.0 0.005487379894475453
1006.0 0.005105780292069539
1007.0 0.005147133924765512
1008.0 0.005188486466067843
1009.0 0.004637678284780122
1010.0 0.004086870467290282
1011.0 0.0038585694710491225
1012.0 0.0036302684748079628
1013.0 0.0029787212042720057
1014.0 0.0023271739337360486
1015.0 0.0019194148990209214
1016.0 0.001511655773356324
1017.0 0.0013267696886032354
1018.0 0.001141883694799617
1019.0 0.0008564597919757944
1020.0 0.0005710358891519718
1021.0 0.0008030034223338589
1022.0 0.0010349710464652162
1023.0 0.0012287458957871422
1024.0 0.0014225210179574788
1025.0 0.001242874532181304
1026.0 0.0010632283192535397
1027.0 0.0012848257028963417
1028.0 0.0015064230865391437
1029.0 0.0015251315744535532
1030.0 0.0015438403352163732
1031.0 0.0018231256035505794
1032.0 0.0021024108718847856
1033.0 0.001694697857601568
1034.0 0.0012869846614194103
1035.0 0.001629130019864533
1036.0 0.001971274832612835
1037.0 0.0020924213458783925
1038.0 0.0022135680410428904
1039.0 0.002008871342695784
1040.0 0.001804175008146558
1041.0 0.0017494303392595612
1042.0 0.0016946858522715047
1043.0 0.0019257466192357242
1044.0 0.0021568073861999437
1045.0 0.0017811567886383273
1046.0 0.0014055065548745915
1047.0 0.0017513695638626814
1048.0 0.0020972331185475923
1049.0 0.002015871177718509
1050.0 0.0019345090549904853
1051.0 0.0019439614334260114
1052.0 0.0019534139937604778
1053.0 0.0018903034288086928
1054.0 0.0018271926819579676
1055.0 0.0015307474313885905
1056.0 0.001234302544617094
1057.0 0.0012574510947160888
1058.0 0.0012805994629161432
1059.0 0.0009869342648016755
1060.0 0.0006932692031114129
1061.0 0.0009394263543072157
1062.0 0.0011855836419272237
1063.0 0.0012234781934239436
1064.0 0.0012613726539711934
1065.0 0.0012863459232903551
1066.0 0.0013113191016600467
1067.0 0.0014958293832023628
1068.0 0.0016803394828457385
1069.0 0.002025875619438011
1070.0 0.002371411756030284
1071.0 0.0024363036573049612
1072.0 0.002501195740478579
1073.0 0.002006684553634841
1074.0 0.0015121731848921627
1075.0 0.0026210494979750365
1076.0 0.0037299258110579103
1077.0 0.002927749665104784
1078.0 0.002125573519151658
1079.0 0.0037868456274736673
1080.0 0.005448116644402035
1081.0 0.0044724652980221435
1082.0 0.003496814679238014
1083.0 0.002961797326861415
1084.0 0.002426780338282697
1085.0 0.0029198827178333886
1086.0 0.0034129850973840803
1087.0 0.0038903774111531675
1088.0 0.004367769724922255
1089.0 0.0051517432439140975
1090.0 0.00593571639910806
1091.0 0.003692225072882138
1092.0 0.0014487331100099254
1093.0 0.0024013041183934547
1094.0 0.0033538744901306927
1095.0 0.0030222641726140864
1096.0 0.0026906540369964205
1097.0 0.00281040101981489
1098.0 0.00293014836643124
1099.0 0.002828174183377996
1100.0 0.0027262001822236925
