lsstCam/transmission_filter_detector/r21_s22/y_10/19700101T000000.ecsv
# %ECSV 1.0
# ---
# datatype:
# - {name: wavelength, unit: nm, datatype: float32}
# - {name: efficiency, unit: '%', datatype: float64}
# meta: !!omap
# - {MODE: DETECTOR}
# - {TYPE: transmission_filter_detector}
# - {CALIBDATE: '1970-01-01T00:00:00'}
# - {INSTRUME: LSSTCam}
# - {OBSTYPE: transmission_filter_detector}
# - {CALIBCLS: lsst.ip.isr.IntermediateFilterDetectorTransmissionCurve}
# - {SOURCE: Materion (DM-46256)}
# - {DETECTOR: 89}
# - {FILTER: y_10}
# - {CALIB_ID: 'calibDate=1970-01-01T00:00:00 filter=y_10 detector=89'}
# - {DATE: '2025-04-02T15:59:51.155387'}
# - {CALIB_CREATION_DATE: '2025-04-02'}
# - {CALIB_CREATION_TIME: '15:59:51'}
# - __serialized_columns__:
#     efficiency:
#       __class__: astropy.units.quantity.Quantity
#       unit: !astropy.units.Unit {unit: '%'}
#       value: !astropy.table.SerializedColumn {name: efficiency}
#     wavelength:
#       __class__: astropy.units.quantity.Quantity
#       unit: !astropy.units.Unit {unit: nm}
#       value: !astropy.table.SerializedColumn {name: wavelength}
# schema: astropy-2.0
wavelength efficiency
[from data line 577]
877.0 0.0017732441847329028
878.0 0.0017086545994970948
879.0 0.0017076547010219656
880.0 0.07857431191951036
881.0 0.11651559034362435
882.0 0.07089976570568979
883.0 0.08697090088389814
884.0 0.06761816912330687
885.0 0.10329637443646789
886.0 0.07410150719806552
887.0 0.10143880499526858
888.0 0.050510093569755554
889.0 0.10073804296553135
890.0 0.06307382136583328
891.0 0.09311768808402121
892.0 0.060853263130411506
893.0 0.10874377330765128
894.0 0.08354150922968984
895.0 0.10905613889917731
896.0 0.09090295061469078
897.0 0.1279367716051638
898.0 0.09632903966121376
899.0 0.14970399206504226
900.0 0.11647111969068646
901.0 0.16872499836608768
902.0 0.18171921838074923
903.0 0.19754476379603148
904.0 0.24022064171731472
905.0 0.28480864129960537
906.0 0.3603080753237009
907.0 0.4716816358268261
908.0 0.640795286744833
909.0 0.8915964514017105
910.0 1.2863272801041603
911.0 1.8169648945331573
912.0 2.6679228991270065
913.0 3.9098668843507767
914.0 5.308859795331955
915.0 7.349427789449692
916.0 9.763137251138687
917.0 12.312612682580948
918.0 15.179623663425446
919.0 17.866364121437073
920.0 21.5344101190567
921.0 25.388064980506897
922.0 29.309475421905518
923.0 33.97694528102875
924.0 39.01482820510864
925.0 44.524627923965454
926.0 51.04625225067139
927.0 57.930684089660645
928.0 63.896334171295166
929.0 70.23366093635559
930.0 75.68262219429016
931.0 80.93001246452332
932.0 85.66044569015503
933.0 89.57560658454895
934.0 92.29565262794495
935.0 94.16279196739197
936.0 95.53850889205933
937.0 96.50220274925232
938.0 97.09097743034363
939.0 97.31999039649963
940.0 97.55745530128479
941.0 97.67136573791504
942.0 97.80721068382263
943.0 97.8567361831665
944.0 98.08789491653442
945.0 98.04470539093018
946.0 98.0409026145935
947.0 98.00971150398254
948.0 98.17441701889038
949.0 98.10452461242676
950.0 98.2296884059906
951.0 98.27110767364502
952.0 98.37954640388489
953.0 98.53218197822571
954.0 98.62721562385559
955.0 98.66269826889038
956.0 98.85360598564148
957.0 98.98545742034912
958.0 99.13194179534912
959.0 99.12395477294922
960.0 99.20598268508911
961.0 99.23145174980164
962.0 99.26934838294983
963.0 99.270761013031
964.0 99.32307600975037
965.0 99.33130145072937
966.0 99.41473007202148
967.0 99.47900772094727
968.0 99.40817952156067
969.0 99.45537447929382
970.0 99.50627088546753
971.0 99.56443905830383
972.0 99.56687092781067
973.0 99.67926144599915
974.0 99.62634444236755
975.0 99.62941408157349
976.0 99.64632391929626
977.0 99.59443807601929
978.0 99.68306422233582
979.0 99.59923028945923
980.0 99.52962398529053
981.0 99.47988390922546
982.0 99.39544200897217
983.0 99.44654703140259
984.0 99.39027428627014
985.0 99.44537878036499
986.0 99.31866526603699
987.0 99.36630129814148
988.0 99.30441379547119
989.0 99.31892156600952
990.0 99.3165671825409
991.0 99.32443499565125
992.0 99.40564632415771
993.0 99.3507981300354
994.0 99.34239387512207
995.0 99.4105875492096
996.0 99.38006401062012
997.0 99.51922297477722
998.0 99.5425820350647
999.0 99.56450462341309
1000.0 99.5876133441925
1001.0 99.5585560798645
1002.0 99.62266087532043
1003.0 99.67365264892578
1004.0 99.7173011302948
1005.0 99.65020418167114
1006.0 99.7368335723877
1007.0 99.70225691795349
1008.0 99.69414472579956
1009.0 99.57188963890076
1010.0 99.64165687561035
1011.0 99.65327382087708
1012.0 99.5958685874939
1013.0 99.58819150924683
1014.0 99.54198598861694
1015.0 99.54067468643188
1016.0 99.50858354568481
1017.0 99.57209825515747
1018.0 99.58621859550476
1019.0 99.50166940689087
1020.0 99.60156083106995
1021.0 99.76347088813782
1022.0 99.6362030506134
1023.0 99.66035485267639
1024.0 99.63720440864563
1025.0 99.69147443771362
1026.0 99.71460103988647
1027.0 99.85855221748352
1028.0 99.7775673866272
1029.0 99.87860918045044
1030.0 99.88875389099121
1031.0 99.80244636535645
1032.0 99.83431100845337
1033.0 99.77608323097229
1034.0 99.82355833053589
1035.0 99.87650513648987
1036.0 99.77497458457947
1037.0 99.78858232498169
1038.0 99.73263740539551
1039.0 99.6841311454773
1040.0 99.61304664611816
1041.0 99.72918629646301
1042.0 99.61336255073547
1043.0 99.57290887832642
1044.0 99.70307946205139
1045.0 99.39055442810059
1046.0 99.5872437953949
1047.0 99.57517385482788
1048.0 99.58745837211609
1049.0 99.52972531318665
1050.0 99.5691180229187
1051.0 99.53957200050354
1052.0 99.57025051116943
1053.0 99.3531584739685
1054.0 99.56444501876831
1055.0 99.69257712364197
1056.0 99.50311183929443
1057.0 99.67491030693054
1058.0 99.43490624427795
1059.0 99.4301438331604
1060.0 99.61508512496948
1061.0 99.43711161613464
1062.0 99.48886036872864
1063.0 99.45504069328308
1064.0 99.67076778411865
1065.0 99.53762292861938
1066.0 99.45607781410217
1067.0 99.63069558143616
1068.0 99.50365424156189
1069.0 99.24100041389465
1070.0 99.62318539619446
1071.0 99.56502914428711
1072.0 99.55213665962219
1073.0 99.81388449668884
1074.0 99.17325377464294
1075.0 99.31486248970032
1076.0 99.08637404441833
1077.0 99.46447610855103
1078.0 99.63226318359375
1079.0 99.29860234260559
1080.0 100.03762245178223
1081.0 99.38926100730896
1082.0 99.34330582618713
1083.0 99.18387532234192
1084.0 99.55799579620361
1085.0 99.37862753868103
1086.0 99.33661222457886
1087.0 99.2486298084259
1088.0 98.9885926246643
1089.0 99.23024773597717
1090.0 99.09358024597168
1091.0 99.25562739372253
1092.0 98.97100329399109
1093.0 98.93412590026855
1094.0 98.7774133682251
1095.0 98.98170828819275
1096.0 98.81147742271423
1097.0 98.65451455116272
1098.0 98.11204075813293
1099.0 99.00140166282654
1100.0 98.40947985649109
