lsstCam/transmission_filter_detector/r21_s22/y_10/19700101T000000.ecsv
# %ECSV 1.0
# ---
# datatype:
# - {name: wavelength, unit: nm, datatype: float32}
# - {name: efficiency, unit: '%', datatype: float64}
# meta: !!omap
# - {MODE: DETECTOR}
# - {TYPE: transmission_filter_detector}
# - {CALIBDATE: '1970-01-01T00:00:00'}
# - {INSTRUME: LSSTCam}
# - {OBSTYPE: transmission_filter_detector}
# - {CALIBCLS: lsst.ip.isr.IntermediateFilterDetectorTransmissionCurve}
# - {SOURCE: Materion (DM-46256)}
# - {DETECTOR: 89}
# - {FILTER: y_10}
# - {CALIB_ID: 'calibDate=1970-01-01T00:00:00 filter=y_10 detector=89'}
# - {DATE: '2025-04-02T15:59:51.155387'}
# - {CALIB_CREATION_DATE: '2025-04-02'}
# - {CALIB_CREATION_TIME: '15:59:51'}
# - __serialized_columns__:
#     efficiency:
#       __class__: astropy.units.quantity.Quantity
#       unit: !astropy.units.Unit {unit: '%'}
#       value: !astropy.table.SerializedColumn {name: efficiency}
#     wavelength:
#       __class__: astropy.units.quantity.Quantity
#       unit: !astropy.units.Unit {unit: nm}
#       value: !astropy.table.SerializedColumn {name: wavelength}
# schema: astropy-2.0
wavelength efficiency
300.0 0.11533931829035282
301.0 0.06332937045954168
302.0 0.011319408804411069
303.0 0.012205409439047799
304.0 0.013091409346088767
305.0 0.0116943490866106
306.0 0.010297285916749388
307.0 0.012951063399668783
308.0 0.015604840882588178
309.0 0.013198259694036096
310.0 0.010791682143462822
311.0 0.008133221854222938
312.0 0.005474760109791532
313.0 0.0034048436646116897
314.0 0.001334927583229728
315.0 0.0018499846191843972
316.0 0.0023650422008358873
317.0 0.0013770499208476394
318.0 0.0003890558673447231
319.0 0.0013081585166219156
320.0 0.002227260483778082
321.0 0.0020186036636005156
322.0 0.0018099470253218897
323.0 0.004202365016681142
324.0 0.006594782462343574
325.0 0.003510388341965154
326.0 0.0004259940396877937
327.0 0.0013370558008318767
328.0 0.002248117198178079
329.0 0.0025497387468931265
330.0 0.0028513601137092337
331.0 0.0026042414901894517
332.0 0.002357123412366491
333.0 0.0034152526495745406
334.0 0.00447338170488365
335.0 0.00407415245717857
336.0 0.003674921754281968
337.0 0.0028573707822943106
338.0 0.0020398194465087727
339.0 0.0017085871149902232
340.0 0.0013773547834716737
341.0 0.0010823619049915578
342.0 0.0007873688446125016
343.0 0.0011033077498723287
344.0 0.0014192465641826857
345.0 0.0015857338439673185
346.0 0.0017522208509035408
347.0 0.0014529247891914565
348.0 0.0011536284546309616
349.0 0.00130385678858147
350.0 0.0014540851225319784
351.0 0.0017948190361494198
352.0 0.002135552858817391
353.0 0.0017755523003870621
354.0 0.0014155519238556735
355.0 0.0015604446161887608
356.0 0.0017053373085218482
357.0 0.0016424428395112045
358.0 0.0015795483705005608
359.0 0.00129947075038217
360.0 0.0010193930393143091
361.0 0.0011903159247594886
362.0 0.0013612387192551978
363.0 0.0012016177606710698
364.0 0.0010419964382890612
365.0 0.0012978402992303018
366.0 0.0015536843420704827
367.0 0.0017457317881053314
368.0 0.0019377790522412397
369.0 0.0015437912225024775
370.0 0.0011498032108647749
371.0 0.0013505223250831477
372.0 0.0015512414393015206
373.0 0.0018641023416421376
374.0 0.0021769630620838143
375.0 0.0032056730560725555
376.0 0.004234383231960237
377.0 0.004186622390989214
378.0 0.004138861913816072
379.0 0.003602670767577365
380.0 0.003066479621338658
381.0 0.0023191772925201803
382.0 0.0015718749637017027
383.0 0.0012659931599046104
384.0 0.0009601111742085777
385.0 0.0007142124104575487
386.0 0.0004683137831307249
387.0 0.0005315064299793448
388.0 0.0005946991223026998
389.0 0.0006003671387588838
390.0 0.0006060350187908625
391.0 0.00054261786317511
392.0 0.0004792006620846223
393.0 0.0006904064321133774
394.0 0.0009016121111926623
395.0 0.0007511156127293361
396.0 0.0006006191597407451
397.0 0.0007724609531578608
398.0 0.0009443027011002414
399.0 0.001184009943244746
400.0 0.0014237172763387207
401.0 0.0015207057913357858
402.0 0.001617694397282321
403.0 0.0016773763491073623
404.0 0.0017370583009324037
405.0 0.0017834327081800438
406.0 0.0018298072973266244
407.0 0.0015986652215360664
408.0 0.001367523509543389
409.0 0.001144905218097847
410.0 0.0009222867447533645
411.0 0.0008665149834996555
412.0 0.0008107431312964763
413.0 0.0005598906227533007
414.0 0.00030903815968486015
415.0 0.0006841299182269722
416.0 0.0010592216312943492
417.0 0.00013840882502336171
418.0 1.5787811596251755e-10
419.0 1.5787811596251755e-10
420.0 0.0001708555146251456
421.0 0.00034229224183945917
422.0 0.0005137291282153456
423.0 0.0009110200153372716
424.0 0.0013083109479339328
425.0 0.00023362497358903056
426.0 1.5787811596251755e-10
427.0 7.546861979790265e-05
428.0 0.000991998240351677
429.0 0.00017472932540840702
430.0 1.5787811596251755e-10
431.0 1.5787811596251755e-10
432.0 0.0006349890099954791
433.0 0.0002627105686769937
434.0 1.5787811596251755e-10
435.0 3.419156655581901e-05
436.0 0.00017795102849049727
437.0 0.000216220473703288
438.0 0.0002544898961787112
439.0 1.5787811596251755e-10
440.0 1.5787811596251755e-10
441.0 1.5787811596251755e-10
442.0 1.5787811596251755e-10
443.0 1.5787811596251755e-10
444.0 1.5787811596251755e-10
445.0 1.5787811596251755e-10
446.0 0.00028797248887713067
447.0 0.0002872115828722599
448.0 0.0002864507223421242
449.0 1.5787811596251755e-10
450.0 1.5787811596251755e-10
451.0 1.5787811596251755e-10
452.0 0.0002827675643857219
453.0 0.0001883755203380133
454.0 9.398345355293714e-05
455.0 0.000346711317433801
456.0 0.0005994391358399298
457.0 0.00023942966436152346
458.0 1.5787811596251755e-10
459.0 1.5787811596251755e-10
460.0 1.5787811596251755e-10
461.0 6.07290928655857e-05
462.0 0.000694082336849533
463.0 0.0008249328857345972
464.0 0.0009557833436701912
465.0 0.0006235977252799785
466.0 0.00029141212962713325
467.0 0.000754444363337825
468.0 0.0012174765288364142
469.0 0.0016681786291883327
470.0 0.0021188809114391916
471.0 0.0024285074687213637
472.0 0.002738133662205655
473.0 0.002741400749073364
474.0 0.002744667472143192
475.0 0.0028873615519842133
476.0 0.003030055268027354
477.0 0.0029868939236621372
478.0 0.002943732761195861
479.0 0.003232326707802713
480.0 0.0035209202906116843
481.0 0.003931460378225893
482.0 0.004342000465840101
483.0 0.004220921982778236
484.0 0.004099843863514252
485.0 0.003697666761581786
486.0 0.0032954900234472007
487.0 0.003092124461545609
488.0 0.0028887590815429576
489.0 0.002570396100054495
490.0 0.002252033300464973
491.0 0.0020774165022885427
492.0 0.0019027997041121125
493.0 0.0017581420252099633
494.0 0.0016134839825099334
495.0 0.0019013283235835843
496.0 0.002189172118960414
497.0 0.002135187060048338
498.0 0.0020812021830352023
499.0 0.0021641480998368934
500.0 0.0022470940166385844
501.0 0.002704491635086015
502.0 0.003161889617331326
503.0 0.003012558227055706
504.0 0.0028632270186790265
505.0 0.0028000744350720197
506.0 0.002736921851465013
507.0 0.002273714926559478
508.0 0.0018105081835528836
509.0 0.0018642127542989329
510.0 0.0019179171431460418
511.0 0.00179732760443585
512.0 0.0016767378838267177
513.0 0.0017323016436421312
514.0 0.0017878654034575447
515.0 0.0015487134078284726
516.0 0.0013095615031488705
517.0 0.0011235528290853836
518.0 0.0009375444278703071
519.0 0.0010900600500463042
520.0 0.0012425757631717715
521.0 0.0017621825463720597
522.0 0.0022817892386228777
523.0 0.002138622949132696
524.0 0.0019954564777435735
525.0 0.002044095344899688
526.0 0.0020927343939547427
527.0 0.0021919708160567097
528.0 0.002291207420057617
529.0 0.0022820160666015
530.0 0.002272824895044323
531.0 0.00227214623009786
532.0 0.002271467383252457
533.0 0.0021415400624391623
534.0 0.002011612741625868
535.0 0.0018196984456153587
536.0 0.0016277839677059092
537.0 0.002108938861056231
538.0 0.002590093936305493
539.0 0.0031247349397744983
540.0 0.0036593763070413843
541.0 0.003631715298979543
542.0 0.0036040535633219406
543.0 0.004240711496095173
544.0 0.0048773694288684055
545.0 0.004847193486057222
546.0 0.0048170171794481575
547.0 0.004118702781852335
548.0 0.0034203880204586312
549.0 0.0028001350074191578
550.0 0.002179881812480744
551.0 0.0024129129087668844
552.0 0.002645944186951965
553.0 0.0030950621294323355
554.0 0.003544179708114825
555.0 0.003903731339960359
556.0 0.004263282608008012
557.0 0.004164969868725166
558.0 0.0040666567656444386
559.0 0.0037915498978691176
560.0 0.003516442666295916
561.0 0.0034784268791554496
562.0 0.0034404110920149833
563.0 0.0034446278732502833
564.0 0.0034488446544855833
565.0 0.0037983583752065897
566.0 0.004147872095927596
567.0 0.004334782352088951
568.0 0.004521692972048186
569.0 0.00521825350006111
570.0 0.005914813664276153
571.0 0.006105966895120218
572.0 0.006297120853560045
573.0 0.0062265724409371614
574.0 0.0061560254835058
575.0 0.006201987707754597
576.0 0.006247950659599155
577.0 0.00579062761971727
578.0 0.005333304579835385
579.0 0.005653644984704442
580.0 0.005973985025775619
581.0 0.007023396028671414
582.0 0.008072806667769328
583.0 0.009124189091380686
584.0 0.010175572242587805
585.0 0.01057613335433416
586.0 0.010976694466080517
587.0 0.010725929314503446
588.0 0.010475164162926376
589.0 0.010285141615895554
590.0 0.010095119796460494
591.0 0.009135228901868686
592.0 0.008175338007276878
593.0 0.006968569505261257
594.0 0.00576180282223504
595.0 0.005659242742694914
596.0 0.0055566837545484304
597.0 0.006034534817445092
598.0 0.006512385880341753
599.0 0.007711043872404844
600.0 0.008909701136872172
601.0 0.009899417636916041
602.0 0.01088913413695991
603.0 0.010936986654996872
604.0 0.010984841355821118
605.0 0.010833039414137602
606.0 0.010681236017262563
607.0 0.00909848531591706
608.0 0.007515733886975795
609.0 0.005965550008113496
610.0 0.004415367220644839
611.0 0.003823058432317339
612.0 0.0032307500077877194
613.0 0.003437875784584321
614.0 0.003645001197583042
615.0 0.004731882290798239
616.0 0.005818763020215556
617.0 0.007453178841387853
618.0 0.009087592479772866
619.0 0.01030323255690746
620.0 0.011518871906446293
621.0 0.011724205978680402
622.0 0.01192954441648908
623.0 0.011591982911340892
624.0 0.011254420678596944
625.0 0.00970262917689979
626.0 0.008150835492415354
627.0 0.006705399573547766
628.0 0.005259965473669581
629.0 0.004360251477919519
630.0 0.0034605374821694568
631.0 0.002949350164271891
632.0 0.0024381628463743255
633.0 0.002691699774004519
634.0 0.002945236519735772
635.0 0.003125082002952695
636.0 0.0033049273042706773
637.0 0.003740640386240557
638.0 0.004176353468210436
639.0 0.004537143831839785
640.0 0.004897933831671253
641.0 0.0052504594350466505
642.0 0.005602985038422048
643.0 0.005333364242687821
644.0 0.005063743083155714
645.0 0.004597534643835388
646.0 0.004131326204515062
647.0 0.0032128271413967013
648.0 0.002294328442076221
649.0 0.0020031677195220254
650.0 0.0017120071788667701
651.0 0.0016346741176676005
652.0 0.0015573408745694906
653.0 0.0015511704987147823
654.0 0.0015449999409611337
655.0 0.0014626594747824129
656.0 0.0013803186448058113
657.0 0.001357257497147657
658.0 0.0013341962585400324
659.0 0.0016319578207912855
660.0 0.0019297192920930684
661.0 0.001811630318115931
662.0 0.0016935417079366744
663.0 0.001957363565452397
664.0 0.002221185786766
665.0 0.002816256346704904
666.0 0.003411326906643808
667.0 0.004360343518783338
668.0 0.005309360130922869
669.0 0.006142563506728038
670.0 0.006975765427341685
671.0 0.007400671893265098
672.0 0.007825579086784273
673.0 0.0077785000030416995
674.0 0.007731421646894887
675.0 0.007384651689790189
676.0 0.007037880277493969
677.0 0.00553717436559964
678.0 0.004036465543322265
679.0 0.0026350619009463117
680.0 0.0012336570762272459
681.0 0.000869078667165013
682.0 0.0005045003945269855
683.0 0.0006022776688041631
684.0 0.0007000550340308109
685.0 0.0004904016805085121
686.0 0.00028074814508727286
687.0 0.00023949999103933806
688.0 0.00019825183699140325
689.0 0.00012434358040991356
690.0 5.043532382842386e-05
691.0 9.75112698142766e-05
692.0 0.0001445872385374969
693.0 6.655552624579286e-05
694.0 1.5787811596251755e-10
695.0 0.00021156454295123694
696.0 0.00043460531742312014
697.0 0.0005283193786453921
698.0 0.0006220334398676641
699.0 0.0004157365310675232
700.0 0.00020943959953001468
701.0 3.776684422973631e-05
702.0 1.5787811596251755e-10
703.0 1.5787811596251755e-10
704.0 1.5787811596251755e-10
705.0 6.493891646641714e-05
706.0 0.00020618019789253594
707.0 0.0002715591790547478
708.0 0.00033693816021695966
709.0 0.0004769954102812335
710.0 0.0006170526830828749
711.0 0.0005311359927873127
712.0 0.0004452192570170155
713.0 0.00023376987883239053
714.0 2.2320500647765584e-05
715.0 4.818842285203573e-05
716.0 7.405633937196399e-05
717.0 3.509256600864319e-05
718.0 1.5787811596251755e-10
719.0 0.00037326965411921265
720.0 0.0007504105724365218
721.0 0.0007628611001564423
722.0 0.0007753116733510979
723.0 0.0006063113232812611
724.0 0.00043731092773668934
725.0 1.5787811596251755e-10
726.0 1.5787811596251755e-10
727.0 1.5787811596251755e-10
728.0 0.0003682373971969355
729.0 0.00036026740417582914
730.0 0.00035229743389209034
731.0 0.00035310688417666825
732.0 0.00035391663004702423
733.0 0.0003189356675648014
734.0 0.0002839549097188865
735.0 0.0001864323621703079
736.0 8.890998515198589e-05
737.0 0.00018150865344068734
738.0 0.00027410742404754274
739.0 0.00025811993964452995
740.0 0.00024213225060520926
741.0 0.0004348365564510459
742.0 0.0006275408850342501
743.0 0.0002872946424758993
744.0 1.5787811596251755e-10
745.0 0.0003367725867065019
746.0 0.0007264968189701904
747.0 0.0004801763225259492
748.0 0.00023385578060697298
749.0 1.5787811596251755e-10
750.0 1.5787811596251755e-10
751.0 0.00021871398985240376
752.0 0.0008933822755352594
753.0 0.0008356846592505462
754.0 0.0007779870429658331
755.0 0.00036206026834406657
756.0 1.5787811596251755e-10
757.0 4.988077648704348e-05
758.0 0.00015362807062047068
759.0 0.00034464526379451854
760.0 0.0005356626388675068
761.0 0.00040475047171639744
762.0 0.0002738383955147583
763.0 0.00037731238080596086
764.0 0.0004807864570466336
765.0 0.000595169103689841
766.0 0.0007095517048583133
767.0 0.0005435294042399619
768.0 0.000377507126358978
769.0 0.0002929183892774745
770.0 0.00020832947029703064
771.0 0.0003652842224255437
772.0 0.000522238815392484
773.0 0.0005732493718824117
774.0 0.0006242598828976043
775.0 0.00043111263039463665
776.0 0.00023796526420483133
777.0 0.0003134529833914712
778.0 0.0003889408162649488
779.0 0.000619563843429205
780.0 0.0008501870070176665
781.0 0.000763388834457146
782.0 0.0006765908437955659
783.0 0.0007476111477444647
784.0 0.0008186315426428337
785.0 0.0008548894584237132
786.0 0.0008911473742045928
787.0 0.0006206537818798097
788.0 0.00035016016681765905
789.0 0.0003653752855825587
790.0 0.0003805903133979882
791.0 0.0007225667559396243
792.0 0.0010645431757438928
793.0 0.0008188468200387433
794.0 0.0005731506007577991
795.0 0.0006093720458011376
796.0 0.0006455935363192111
797.0 0.0007139749413909158
798.0 0.0007823563464626204
799.0 0.0004226864803058561
800.0 6.30165573056729e-05
801.0 0.0003667734745249618
802.0 0.000670530425850302
803.0 0.0006904509064042941
804.0 0.0007103714779077563
805.0 0.0007154205832193838
806.0 0.000720469506632071
807.0 0.000757528414396802
808.0 0.0007945872312120628
809.0 0.0007398331035801675
810.0 0.0006850789759482723
811.0 0.0007974466825544368
812.0 0.0009098144801100716
813.0 0.0008006148163985927
814.0 0.0006914153345860541
815.0 0.0006520915576402331
816.0 0.0006127678716438822
817.0 0.0009258979844162241
818.0 0.0012390282790875062
819.0 0.0012241583135619294
820.0 0.0012092881661374122
821.0 0.0010084352652484085
822.0 0.0008075824553088751
823.0 0.0006078074875404127
824.0 0.0004080327016708907
825.0 0.000655458279652521
826.0 0.0009028837666846812
827.0 0.001196545872517163
828.0 0.0014902078874001745
829.0 0.0008765219718043227
830.0 0.0002628361016832059
831.0 0.0004389269179227995
832.0 0.0006150178705865983
833.0 0.0010004531759477686
834.0 0.0013858887541573495
835.0 0.0007883392754592933
836.0 0.00019078961486229673
837.0 0.0003948191533709178
838.0 0.0005988486464048037
839.0 0.0004872822501056362
840.0 0.00037571589928120375
841.0 0.0006079776085243793
842.0 0.0008402392268180847
843.0 0.0007873081813158933
844.0 0.0007343772267631721
845.0 0.0009197361578117125
846.0 0.0011050950888602529
847.0 0.0010380220373917837
848.0 0.0009709489859233145
849.0 0.0007193196779553546
850.0 0.0004676901880884543
851.0 0.0009638708434067667
852.0 0.0014600514077756088
853.0 0.0010576745808066335
854.0 0.0006552979812113335
855.0 0.0005802570740343072
856.0 0.0005052164851804264
857.0 0.0008262869414465968
858.0 0.0011473576705611777
859.0 0.0008665453606226947
860.0 0.0005857330506842118
861.0 0.000995991922536632
862.0 0.0014062507943890523
863.0 0.001372357928630663
864.0 0.0013384649719228037
865.0 0.0018190161426900886
866.0 0.0022995673134573735
867.0 0.0025289922632509843
868.0 0.0027584170311456546
869.0 0.002804908399411943
870.0 0.002851399767678231
871.0 0.0032808358810143545
872.0 0.0037102716305525973
873.0 0.003021474913111888
874.0 0.002332678559469059
875.0 0.002085256164718885
