lsstCam/transmission_filter_detector/r02_s00/g_6/19700101T000000.ecsv
# %ECSV 1.0
# ---
# datatype:
# - {name: wavelength, unit: nm, datatype: float32}
# - {name: efficiency, unit: '%', datatype: float64}
# meta: !!omap
# - {MODE: DETECTOR}
# - {TYPE: transmission_filter_detector}
# - {CALIBDATE: '1970-01-01T00:00:00'}
# - {INSTRUME: LSSTCam}
# - {OBSTYPE: transmission_filter_detector}
# - {CALIBCLS: lsst.ip.isr.IntermediateFilterDetectorTransmissionCurve}
# - {SOURCE: Materion (DM-46256)}
# - {DETECTOR: 9}
# - {FILTER: g_6}
# - {CALIB_ID: 'calibDate=1970-01-01T00:00:00 filter=g_6 detector=9'}
# - {DATE: '2025-04-02T15:59:42.072134'}
# - {CALIB_CREATION_DATE: '2025-04-02'}
# - {CALIB_CREATION_TIME: '15:59:42'}
# - __serialized_columns__:
#     efficiency:
#       __class__: astropy.units.quantity.Quantity
#       unit: !astropy.units.Unit {unit: '%'}
#       value: !astropy.table.SerializedColumn {name: efficiency}
#     wavelength:
#       __class__: astropy.units.quantity.Quantity
#       unit: !astropy.units.Unit {unit: nm}
#       value: !astropy.table.SerializedColumn {name: wavelength}
# schema: astropy-2.0
wavelength efficiency
[from data line 608]
908.0 0.0005183789653528947
909.0 0.00047304265535785817
910.0 0.0003745717094716383
911.0 0.000276100786322786
912.0 0.00039328683669737075
913.0 0.0005104730007587932
914.0 0.00029522195745812496
915.0 7.997098236955935e-05
916.0 0.00013456335636874428
917.0 0.00018915568489319412
918.0 0.0002531348172851722
919.0 0.0003171139269397827
920.0 0.0003227460410926142
921.0 0.00032837815524544567
922.0 0.00048481283556611743
923.0 0.0006412474704120541
924.0 0.0005849137323821196
925.0 0.0005285798579279799
926.0 0.000529366297996603
927.0 0.0005301529199641664
928.0 0.0005183677330933278
929.0 0.0005065826371719595
930.0 0.000500776377521106
931.0 0.0004949701633449877
932.0 0.00046710638343938626
933.0 0.00043924264900851995
934.0 0.0004526009888650151
935.0 0.00046595932872151025
936.0 0.0005269259418128058
937.0 0.0005878925549041014
938.0 0.0006832461167505244
939.0 0.0007785996785969473
940.0 0.0007007170552242314
941.0 0.0006228343409020454
942.0 0.000736466063244734
943.0 0.0008500977855874225
944.0 0.0006642127118539065
945.0 0.0004783275471709203
946.0 0.000496728853249806
947.0 0.0005151301593286917
948.0 0.0008381211955565959
949.0 0.0011611124136834405
950.0 0.0009805778063309845
951.0 0.0008000431989785284
952.0 0.0009135083928413223
953.0 0.0010269735867041163
954.0 0.0008404549589613453
955.0 0.0006539364221680444
956.0 0.0006019221927999752
957.0 0.0005499077815329656
958.0 0.0006764266800018959
959.0 0.0008029455784708261
960.0 0.0006912115168233868
961.0 0.0005794773642264772
962.0 0.0006367774858517805
963.0 0.0006940775620023487
964.0 0.0007473748610209441
965.0 0.0008006720236153342
966.0 0.0008377930498681962
967.0 0.0008749140761210583
968.0 0.0007586719220853411
969.0 0.0006424297680496238
970.0 0.0006573512564500561
971.0 0.0006722727448504884
972.0 0.0007689534868404735
973.0 0.0008656342288304586
974.0 0.0008413024261244573
975.0 0.0008169709872163367
976.0 0.0008525512384949252
977.0 0.0008881317626219243
978.0 0.000939499386731768
979.0 0.0009908670108416118
980.0 0.001069108384399442
981.0 0.0011473498489067424
982.0 0.0010402220141259022
983.0 0.000933094179345062
984.0 0.0009742645488586277
985.0 0.0010154351912206039
986.0 0.0011158247616549488
987.0 0.0012162140592408832
988.0 0.0013106350706948433
989.0 0.0014050558093003929
990.0 0.0015098181393113919
991.0 0.0016145804693223909
992.0 0.0016402915207436308
993.0 0.0016660025721648708
994.0 0.001626884659344796
995.0 0.0015877669284236617
996.0 0.0014203808859747369
997.0 0.001252994843525812
998.0 0.0013585297892859671
999.0 0.0014640648259955924
1000.0 0.0014005297089170199
1001.0 0.0013369943189900368
1002.0 0.0012281241652090102
1003.0 0.0011192540114279836
1004.0 0.0011141247341583949
1005.0 0.001108995456888806
1006.0 0.0013233533536549658
1007.0 0.0015377114323200658
1008.0 0.001590642386872787
1009.0 0.0016435740690212697
1010.0 0.0016965157556114718
1011.0 0.0017494578059995547
1012.0 0.0018336389985051937
1013.0 0.0019178205548087135
1014.0 0.0019902310668840073
1015.0 0.002062642124656122
1016.0 0.0024197397578973323
1017.0 0.0027768379368353635
1018.0 0.0029845850804122165
1019.0 0.0031923322239890695
1020.0 0.003211798320990056
1021.0 0.003231264417991042
1022.0 0.003575184746296145
1023.0 0.003919105438399129
1024.0 0.004031136995763518
1025.0 0.004143168916925788
1026.0 0.0042102539737243205
1027.0 0.004277338666724972
1028.0 0.004402439662953839
1029.0 0.004527540295384824
1030.0 0.004636125595425256
1031.0 0.0047447101678699255
1032.0 0.005051975313108414
1033.0 0.005359240094549023
1034.0 0.005285663064569235
1035.0 0.005212086034589447
1036.0 0.005279183096718043
1037.0 0.005346280158846639
1038.0 0.0055462223826907575
1039.0 0.005746164606534876
1040.0 0.0062451945268549025
1041.0 0.006744223355781287
1042.0 0.006829474295955151
1043.0 0.006914725236129016
1044.0 0.007205746078398079
1045.0 0.007496764737879857
1046.0 0.008396490738959983
1047.0 0.009296216012444347
1048.0 0.010755605762824416
1049.0 0.01221499260282144
1050.0 0.01444681838620454
1051.0 0.016678639804013073
1052.0 0.020067417062819004
1053.0 0.023456198687199503
1054.0 0.028101043426431715
1055.0 0.03274588962085545
1056.0 0.03930589009542018
1057.0 0.04586588765960187
1058.0 0.05355445318855345
1059.0 0.0612430099863559
1060.0 0.06842186558060348
1061.0 0.07560068625025451
1062.0 0.08285252843052149
1063.0 0.09010434150695801
1064.0 0.09538822341710329
1065.0 0.10067208204418421
1066.0 0.10555938351899385
1067.0 0.11044669663533568
1068.0 0.11639455333352089
1069.0 0.12234244495630264
1070.0 0.13223752612248063
1071.0 0.14213259564712644
1072.0 0.1554767950437963
1073.0 0.16882093623280525
1074.0 0.18387953750789165
1075.0 0.19893820863217115
1076.0 0.2127446699887514
1077.0 0.22655113134533167
1078.0 0.24040541611611843
1079.0 0.2542597008869052
1080.0 0.270721479319036
1081.0 0.2871832810342312
1082.0 0.3125384682789445
1083.0 0.3378936555236578
1084.0 0.3734487108886242
1085.0 0.4090038128197193
1086.0 0.44363620691001415
1087.0 0.478268601000309
1088.0 0.5418006330728531
1089.0 0.6053327117115259
1090.0 0.6821970455348492
1091.0 0.7590613327920437
1092.0 0.7879975251853466
1093.0 0.8169334381818771
1094.0 0.8522729389369488
1095.0 0.887612160295248
1096.0 0.9303427301347256
1097.0 0.973073486238718
1098.0 0.9903657250106335
1099.0 1.0076581500470638
1100.0 1.1611049063503742
1101.0 1.3145512901246548
