lsstCam/transmission_filter_detector/r02_s00/g_6/19700101T000000.ecsv
# %ECSV 1.0
# ---
# datatype:
# - {name: wavelength, unit: nm, datatype: float32}
# - {name: efficiency, unit: '%', datatype: float64}
# meta: !!omap
# - {MODE: DETECTOR}
# - {TYPE: transmission_filter_detector}
# - {CALIBDATE: '1970-01-01T00:00:00'}
# - {INSTRUME: LSSTCam}
# - {OBSTYPE: transmission_filter_detector}
# - {CALIBCLS: lsst.ip.isr.IntermediateFilterDetectorTransmissionCurve}
# - {SOURCE: Materion (DM-46256)}
# - {DETECTOR: 9}
# - {FILTER: g_6}
# - {CALIB_ID: 'calibDate=1970-01-01T00:00:00 filter=g_6 detector=9'}
# - {DATE: '2025-04-02T15:59:42.072134'}
# - {CALIB_CREATION_DATE: '2025-04-02'}
# - {CALIB_CREATION_TIME: '15:59:42'}
# - __serialized_columns__:
#     efficiency:
#       __class__: astropy.units.quantity.Quantity
#       unit: !astropy.units.Unit {unit: '%'}
#       value: !astropy.table.SerializedColumn {name: efficiency}
#     wavelength:
#       __class__: astropy.units.quantity.Quantity
#       unit: !astropy.units.Unit {unit: nm}
#       value: !astropy.table.SerializedColumn {name: wavelength}
# schema: astropy-2.0
wavelength efficiency
300.0 0.5080319475382566
301.0 0.3793611191213131
302.0 0.2506902674213052
303.0 0.22409253288060427
304.0 0.19749479833990335
305.0 0.20396385807543993
306.0 0.21043289452791214
307.0 0.22121572401374578
308.0 0.2319985767826438
309.0 0.22600991651415825
310.0 0.22002130281180143
311.0 0.21101448219269514
312.0 0.2020076848566532
313.0 0.19819685257971287
314.0 0.19438602030277252
315.0 0.18459197599440813
316.0 0.17479797825217247
317.0 0.17348139081150293
318.0 0.17216483829542994
319.0 0.15809594187885523
320.0 0.1440269872546196
321.0 0.13842700282111764
322.0 0.13282703002914786
323.0 0.11337712639942765
324.0 0.09392726351507008
325.0 0.08575503597967327
326.0 0.07758281426504254
327.0 0.07133296458050609
328.0 0.06508310907520354
329.0 0.06232579471543431
330.0 0.059568474534898996
331.0 0.055098923621699214
332.0 0.05062937852926552
333.0 0.047293712850660086
334.0 0.04395804717205465
335.0 0.0420234224293381
336.0 0.0400887947762385
337.0 0.041289726505056024
338.0 0.0424906553234905
339.0 0.04099986399523914
340.0 0.03950907266698778
341.0 0.037872145185247064
342.0 0.036235220613889396
343.0 0.03267902648076415
344.0 0.02912283525802195
345.0 0.0257859006524086
346.0 0.022448960226029158
347.0 0.021096608543302864
348.0 0.019744253950193524
349.0 0.018133179401047528
350.0 0.4153642803430557
351.0 1.2248196639120579
352.0 0.5130969919264317
353.0 0.8076568134129047
354.0 0.4836504813283682
355.0 0.9034479036927223
356.0 0.7432459387928247
357.0 0.8351602591574192
358.0 0.5530067253857851
359.0 0.8692172355949879
360.0 0.6171196699142456
361.0 0.572182796895504
362.0 0.5560717545449734
363.0 0.6568645127117634
364.0 0.5926176439970732
365.0 0.7663123309612274
366.0 0.4623204004019499
367.0 0.49374159425497055
368.0 0.4783105105161667
369.0 0.629594549536705
370.0 0.4290372133255005
371.0 0.6905794609338045
372.0 0.3838439704850316
373.0 0.6068835034966469
374.0 0.3873594105243683
375.0 0.562134338542819
376.0 0.3246638923883438
377.0 0.5108163226395845
378.0 0.2823741175234318
379.0 0.5449745804071426
380.0 0.3705676179379225
381.0 0.4744375590234995
382.0 0.471553485840559
383.0 0.5605270154774189
384.0 0.536465784534812
385.0 0.6453209090977907
386.0 0.6799249909818172
387.0 0.7664078380912542
388.0 1.004169974476099
389.0 1.327294297516346
390.0 1.9949007779359818
391.0 3.167712688446045
392.0 4.9373287707567215
393.0 7.788757234811783
394.0 11.657416820526123
395.0 16.788722574710846
396.0 23.0831116437912
397.0 30.857035517692566
398.0 39.90210294723511
399.0 49.39344525337219
400.0 58.80789756774902
401.0 67.56945252418518
402.0 75.432950258255
403.0 81.68104290962219
404.0 86.20747923851013
405.0 89.42129611968994
406.0 91.10926985740662
407.0 92.4703598022461
408.0 93.29357147216797
409.0 93.51894855499268
410.0 93.62990856170654
411.0 93.3556079864502
412.0 93.038809299469
413.0 92.85109639167786
414.0 92.68394112586975
415.0 92.9464042186737
416.0 93.35905313491821
417.0 93.7859058380127
418.0 94.24636363983154
419.0 94.81536746025085
420.0 95.39233446121216
421.0 95.93592286109924
422.0 95.91982960700989
423.0 96.1449682712555
424.0 95.91526389122009
425.0 95.7512378692627
426.0 95.7361102104187
427.0 95.6957995891571
428.0 95.63413858413696
429.0 95.48298716545105
430.0 95.38780450820923
431.0 95.4659640789032
432.0 95.54561376571655
433.0 95.6230878829956
434.0 95.58170437812805
435.0 95.77831625938416
436.0 95.79645991325378
437.0 95.79882025718689
438.0 95.82856893539429
439.0 96.03666067123413
440.0 95.9313154220581
441.0 96.17414474487305
442.0 96.02127075195312
443.0 95.97328901290894
444.0 95.82961797714233
445.0 95.62695026397705
446.0 95.48027515411377
447.0 95.3312337398529
448.0 95.40032744407654
449.0 95.56615352630615
450.0 95.8134114742279
451.0 96.08982801437378
452.0 96.25495076179504
453.0 96.34062051773071
454.0 96.42817974090576
455.0 96.68766856193542
456.0 96.8197762966156
457.0 97.00130820274353
458.0 96.94681167602539
459.0 96.90707921981812
460.0 96.94535732269287
461.0 97.04479575157166
462.0 96.93608283996582
463.0 96.81681990623474
464.0 96.9614326953888
465.0 96.84092402458191
466.0 96.78280353546143
467.0 96.87931537628174
468.0 96.84621691703796
469.0 96.90869450569153
470.0 96.73782587051392
471.0 96.65232300758362
472.0 96.69281244277954
473.0 96.6073989868164
474.0 96.50714993476868
475.0 96.57466411590576
476.0 96.60698771476746
477.0 96.6975748538971
478.0 96.8318521976471
479.0 96.74752354621887
480.0 96.98919653892517
481.0 97.08334803581238
482.0 97.27660417556763
483.0 97.16944694519043
484.0 97.36800789833069
485.0 97.32955694198608
486.0 97.36167192459106
487.0 97.43934869766235
488.0 97.40375280380249
489.0 97.4359393119812
490.0 97.48494029045105
491.0 97.52760529518127
492.0 97.48186469078064
493.0 97.4449872970581
494.0 97.41021990776062
495.0 97.51162528991699
496.0 97.32008576393127
497.0 97.20938801765442
498.0 97.05414772033691
499.0 97.08836674690247
500.0 97.02086448669434
501.0 97.00380563735962
502.0 96.94275856018066
503.0 97.11766839027405
504.0 96.96139097213745
505.0 96.94456458091736
506.0 96.94858193397522
507.0 96.90801501274109
508.0 96.88603281974792
509.0 96.96917533874512
510.0 96.80247902870178
511.0 96.84098362922668
512.0 96.77096009254456
513.0 96.86042666435242
514.0 96.84593081474304
515.0 96.82721495628357
516.0 96.9458818435669
517.0 96.99929356575012
518.0 97.04904556274414
519.0 97.02671766281128
520.0 97.08305597305298
521.0 97.15670943260193
522.0 97.19979166984558
523.0 97.15728163719177
524.0 97.17950224876404
525.0 97.09464311599731
526.0 97.24950790405273
527.0 97.1835196018219
528.0 97.24851250648499
529.0 97.3420798778534
530.0 97.35315442085266
531.0 97.47353792190552
532.0 97.34638929367065
533.0 97.29638695716858
534.0 97.26114273071289
535.0 97.0082938671112
536.0 96.5259850025177
537.0 95.73665261268616
538.0 94.76560354232788
539.0 93.0543839931488
540.0 91.04750752449036
541.0 88.00758719444275
542.0 84.92792248725891
543.0 80.87984919548035
544.0 75.9769856929779
545.0 71.65830731391907
546.0 66.64431691169739
547.0 62.20404505729675
548.0 57.970428466796875
549.0 54.27449941635132
550.0 51.57850384712219
551.0 48.875775933265686
552.0 46.631795167922974
553.0 44.03035640716553
554.0 40.8111035823822
555.0 37.088119983673096
556.0 32.22167193889618
557.0 26.80991291999817
558.0 21.210244297981262
559.0 15.96899926662445
560.0 11.261475831270218
561.0 7.212089002132416
562.0 4.371833428740501
563.0 2.4054910987615585
564.0 1.2490137480199337
565.0 0.5969310645014048
566.0 0.32293805852532387
567.0 0.16636006766930223
568.0 0.13036506716161966
569.0 0.07637236267328262
570.0 0.05453447229228914
571.0 0.037163819069974124
572.0 0.05134553066454828
573.0 0.03068045189138502
574.0 0.034987961407750845
575.0 0.02666661166585982
576.0 0.029234515386633575
577.0 0.0256693601841107
578.0 0.03498788573779166
579.0 0.01698333362583071
580.0 0.026701766182668507
581.0 0.010018988541560248
582.0 0.01894594606710598
583.0 0.017175031825900078
584.0 0.02044579159701243
585.0 0.02437385992379859
586.0 0.02416968927718699
587.0 0.007461450150003657
588.0 0.004896193786407821
589.0 0.0136422851937823
590.0 0.021690729772672057
591.0 0.01293547684326768
592.0 0.019307105685584247
593.0 0.010856475273612887
594.0 0.014385106624104083
595.0 0.0074884599598590285
596.0 0.0038714475522283465
597.0 0.008541797433281317
598.0 0.0034664095437619835
599.0 0.007998050568858162
600.0 0.016241926641669124
601.0 0.002303924338775687
602.0 0.0023733338821330108
603.0 0.0024427434254903346
604.0 0.00228153912757989
605.0 0.0021203348296694458
606.0 0.002089811459882185
607.0 0.0020592879081959836
608.0 0.0019078068362432532
609.0 0.0017563259461894631
610.0 0.0018168861060985364
611.0 0.001877445902209729
612.0 0.0017864473193185404
613.0 0.0016954489183262922
614.0 0.0017252532416023314
615.0 0.0017550579286762513
616.0 0.0018992181139765307
617.0 0.00204337811737787
618.0 0.0018602762793307193
619.0 0.0016771742593846284
620.0 0.0017012658645398915
621.0 0.0017253572877962142
622.0 0.0015676763723604381
623.0 0.001409995002177311
624.0 0.0014460854799835943
625.0 0.0014821760487393476
626.0 0.0013804142326989677
627.0 0.001278652598557528
628.0 0.001362451530440012
629.0 0.0014462508261203766
630.0 0.001337244702881435
631.0 0.0012282382158446126
632.0 0.0013632085028802976
633.0 0.001498178426118102
634.0 0.0014477793229161762
635.0 0.00139738003781531
636.0 0.0013808721632813103
637.0 0.0013643648344441317
638.0 0.0012491994311858434
639.0 0.0011340341188770253
640.0 0.0011045553037547506
641.0 0.001075076488632476
642.0 0.0012392717508191708
643.0 0.0014034672858542763
644.0 0.0013064573067822494
645.0 0.001209447054861812
646.0 0.0012058871107001323
647.0 0.0012023271665384527
648.0 0.0010997905519616324
649.0 0.000997253846435342
650.0 0.0012003734809695743
651.0 0.0014034924788575154
652.0 0.0011649604857666418
653.0 0.0009264284926757682
654.0 0.001102710302802734
655.0 0.0012789923857781105
656.0 0.001197131769004045
657.0 0.0011152709703310393
658.0 0.001042579606291838
659.0 0.0009698886060505174
660.0 0.0009624283848097548
661.0 0.0009549678907205816
662.0 0.0010524323442950845
663.0 0.0011498969797685277
664.0 0.0011888052540598437
665.0 0.001227713164553279
666.0 0.0011315349183860235
667.0 0.0010353563993703574
668.0 0.0010850793842109852
669.0 0.001134802369051613
670.0 0.001162302760349121
671.0 0.0011898030606971588
672.0 0.0011639763215498533
673.0 0.0011381494005036075
674.0 0.0011090348380093928
675.0 0.001079920184565708
676.0 0.0010463517355674412
677.0 0.0010127829227712937
678.0 0.001063605577655835
679.0 0.0011144283234898467
680.0 0.00100072575150989
681.0 0.0008870230885804631
682.0 0.000950588673731545
683.0 0.0010141541679331567
684.0 0.0008893077392713167
685.0 0.0007644611287105363
686.0 0.0009219713319907896
687.0 0.0010794813533721026
688.0 0.0010955553079838865
689.0 0.0011116292625956703
690.0 0.0010155864401895087
691.0 0.000919543526833877
692.0 0.0009072993634617887
693.0 0.0008950552000897005
694.0 0.0009862128536042292
695.0 0.0010773705071187578
696.0 0.001090581645257771
697.0 0.0011037924195989035
698.0 0.001230213456437923
699.0 0.0013566344932769425
700.0 0.001122780031437287
701.0 0.0008889254786481615
702.0 0.0010454941730131395
703.0 0.0012020627764286473
704.0 0.0011976081623288337
705.0 0.0011931531844311394
706.0 0.0011492628800624516
707.0 0.0011053724847442936
708.0 0.001067231369233923
709.0 0.0010290904356224928
710.0 0.0011699282367771957
711.0 0.0013107663107803091
712.0 0.0012060922927048523
713.0 0.001101418547477806
714.0 0.001150368552771397
715.0 0.0011993188309133984
716.0 0.0014242782526707742
717.0 0.0016492380382260308
718.0 0.0019267674360889941
719.0 0.002204297015850898
720.0 0.0018348448065808043
721.0 0.0014653926882601809
722.0 0.0015811689081601799
723.0 0.0016969455828075297
724.0 0.0016146501366165467
725.0 0.0015323545085266232
726.0 0.0016485388186993077
727.0 0.0017647233107709326
728.0 0.0018708538846112788
729.0 0.001976984458451625
730.0 0.0019703446014318615
731.0 0.001963704744412098
732.0 0.0018353626728639938
733.0 0.0017070206013158895
734.0 0.0015089543921931181
735.0 0.0013108884559187572
736.0 0.0012051792509737425
737.0 0.0010994700460287277
738.0 0.0011220254236832261
739.0 0.0011445807103882544
740.0 0.0009591632078809198
741.0 0.0007737455234746449
742.0 0.0008108130714390427
743.0 0.0008478805284539703
744.0 0.0009934096851793583
745.0 0.001138939114753157
746.0 0.001072086342901457
747.0 0.0010052337529486977
748.0 0.0011923858437512536
749.0 0.0013795380255032796
750.0 0.0011191443263669498
751.0 0.0008587509910285007
752.0 0.0007968616046127863
753.0 0.0007349723546212772
754.0 0.0008161828191077802
755.0 0.0008973932381195482
756.0 0.0008661761057737749
757.0 0.0008349589734280016
758.0 0.0008420026460953522
759.0 0.0008490466825605836
760.0 0.0006855541414552135
761.0 0.0005220616003498435
762.0 0.0005405760930443648
763.0 0.000559090494789416
764.0 0.0007605556220369181
765.0 0.0009620209311833605
766.0 0.000742968722988735
767.0 0.0005239165602688445
768.0 0.0004910226380161475
769.0 0.0004581286702887155
770.0 0.00039284509512071963
771.0 0.00032756156542745885
772.0 0.0005425487870525103
773.0 0.000757536145101767
774.0 0.0008602863999840338
775.0 0.0009630366548663005
776.0 0.0009209350537275895
777.0 0.0008788334525888786
778.0 0.0008139016244967934
779.0 0.0007489697964047082
780.0 0.0007008056854829192
781.0 0.0006526415290863952
782.0 0.0006319140084087849
783.0 0.0006111864877311746
784.0 0.0007215862297016429
785.0 0.0008319859261973761
786.0 0.0007423729584843386
787.0 0.0006527603090944467
788.0 0.0004689944034907967
789.0 0.0002852285660992493
790.0 0.00026760963010019623
791.0 0.00024999069410114316
792.0 0.0002684905666683335
793.0 0.0002869904392355238
794.0 0.00022454908048530342
795.0 0.00016210771036639926
796.0 0.00033220505883946316
797.0 0.0005023023732064757
798.0 0.0004571641511574853
799.0 0.0004120259291084949
800.0 0.0004883207566308556
801.0 0.0005646157660521567
802.0 0.0004769953193317633
803.0 0.0003893749635608401
804.0 0.00031502383990300586
805.0 0.0002406727617199067
806.0 0.00031382692213810515
807.0 0.0003869810825563036
808.0 0.00045946994760015514
809.0 0.0005319588126440067
810.0 0.00040257114051200915
811.0 0.0002731834683800116
812.0 0.0002899427499869489
813.0 0.00030670200885651866
814.0 0.00042635947465896606
815.0 0.0005460169177240459
816.0 0.0004886967872153036
817.0 0.000431376474807621
818.0 0.0003161053882649867
819.0 0.00020083427898498485
820.0 0.0004064052973262733
821.0 0.0006119762474554591
822.0 0.0004605626600096002
823.0 0.00030914907256374136
824.0 0.000394054404750932
825.0 0.0004789596459886525
826.0 0.0006132318503659917
827.0 0.0007475039637938607
828.0 0.000635795868220157
829.0 0.0005240877271717181
830.0 0.0004048079517815495
831.0 0.0002855281991287484
832.0 0.00044193220674060285
833.0 0.0005983361006656196
834.0 0.0005136143045092467
835.0 0.00042889246287813876
836.0 0.000501536078445497
837.0 0.0005741796940128552
838.0 0.0005119399702380178
839.0 0.0004497002919379156
840.0 0.0005522259471035795
841.0 0.0006547515567945084
842.0 0.00034368638353043934
843.0 3.2621088053019776e-05
844.0 7.409148565784562e-05
845.0 0.00011556188610484242
846.0 0.00035239784210716607
847.0 0.0005892338776902761
848.0 0.0005384787527873414
849.0 0.0004877237188338768
850.0 0.0005184019755688496
851.0 0.0005490802323038224
852.0 0.0006399245194188552
853.0 0.0007307683972612722
854.0 0.0006460491476900643
855.0 0.0005613298071693862
856.0 0.000561245087737916
857.0 0.0005611604592559161
858.0 0.0005565151695918757
859.0 0.0005518699254025705
860.0 0.0005001299541618209
861.0 0.00044839002839580644
862.0 0.0004671896022045985
863.0 0.0004859892669628607
864.0 0.00046673226279381197
865.0 0.00044747525862476323
866.0 0.0005191582204133738
867.0 0.0005908412276767194
868.0 0.0007742269190202933
869.0 0.0009576126103638671
870.0 0.0007443885806424078
871.0 0.000531164369022008
872.0 0.0003597205477490206
873.0 0.00018827659005182795
874.0 0.00030567052817787044
875.0 0.00042306442082917783
876.0 0.0005734130354539957
877.0 0.0007237616046040785
878.0 0.0006872880931041436
879.0 0.0006508145361294737
880.0 0.0006365215540427016
881.0 0.0006222288902790751
882.0 0.0005215431883698329
883.0 0.0004208577138342662
884.0 0.0005593577498075319
885.0 0.0006978580131544732
886.0 0.0007610519787704106
887.0 0.0008242462172347587
888.0 0.0006557352207892109
889.0 0.00048722440624260344
890.0 0.0005111750397190917
891.0 0.0005351257641450502
892.0 0.0005301676083036
893.0 0.00052520954341162
894.0 0.0005070578481536359
895.0 0.0004889061528956518
896.0 0.00028545471195684513
897.0 8.200322554330342e-05
898.0 0.00026682841962610837
899.0 0.0004516536137089133
900.0 0.00033395938316971296
901.0 0.00021626510715577751
902.0 0.0004505441665969556
903.0 0.0006848232260381337
904.0 0.00037101440284459386
905.0 5.7205522807635134e-05
906.0 0.0003104604502368602
