lsstCam/transmission_filter_detector/r12_s11/y_10/19700101T000000.ecsv
# %ECSV 1.0
# ---
# datatype:
# - {name: wavelength, unit: nm, datatype: float32}
# - {name: efficiency, unit: '%', datatype: float64}
# meta: !!omap
# - {MODE: DETECTOR}
# - {TYPE: transmission_filter_detector}
# - {CALIBDATE: '1970-01-01T00:00:00'}
# - {INSTRUME: LSSTCam}
# - {OBSTYPE: transmission_filter_detector}
# - {CALIBCLS: lsst.ip.isr.IntermediateFilterDetectorTransmissionCurve}
# - {SOURCE: Materion (DM-46256)}
# - {DETECTOR: 49}
# - {FILTER: y_10}
# - {CALIB_ID: 'calibDate=1970-01-01T00:00:00 filter=y_10 detector=49'}
# - {DATE: '2025-04-02T15:59:50.968940'}
# - {CALIB_CREATION_DATE: '2025-04-02'}
# - {CALIB_CREATION_TIME: '15:59:50'}
# - __serialized_columns__:
#     efficiency:
#       __class__: astropy.units.quantity.Quantity
#       unit: !astropy.units.Unit {unit: '%'}
#       value: !astropy.table.SerializedColumn {name: efficiency}
#     wavelength:
#       __class__: astropy.units.quantity.Quantity
#       unit: !astropy.units.Unit {unit: nm}
#       value: !astropy.table.SerializedColumn {name: wavelength}
# schema: astropy-2.0
wavelength efficiency
[from data line 576]
876.0 0.0034088145184796304
877.0 0.0022813144823885523
878.0 0.0011538147191458847
879.0 0.0018620783521328121
880.0 0.06765404832549393
881.0 0.09862283477559686
882.0 0.07596405339427292
883.0 0.11799045605584979
884.0 0.06696482305414975
885.0 0.10997789213433862
886.0 0.07306476472876966
887.0 0.11706691002473235
888.0 0.07362058968283236
889.0 0.10510571300983429
890.0 0.06654582102783024
891.0 0.09910352528095245
892.0 0.07428394164890051
893.0 0.10512411827221513
894.0 0.08170211804099381
895.0 0.12853293446823955
896.0 0.08817273192107677
897.0 0.12313761981204152
898.0 0.09756209328770638
899.0 0.1346904900856316
900.0 0.11066532460972667
901.0 0.15845763264223933
902.0 0.18039352726191282
903.0 0.20384725648909807
904.0 0.23834146559238434
905.0 0.29286909848451614
906.0 0.36921349819749594
907.0 0.4730486311018467
908.0 0.6528898607939482
909.0 0.8924315683543682
910.0 1.303071528673172
911.0 1.8598614260554314
912.0 2.702990733087063
913.0 3.9442528039216995
914.0 5.392651259899139
915.0 7.452353090047836
916.0 9.835105389356613
917.0 12.395597994327545
918.0 15.239006280899048
919.0 17.913810908794403
920.0 21.528752148151398
921.0 25.398734211921692
922.0 29.299670457839966
923.0 33.962175250053406
924.0 38.98466229438782
925.0 44.50733661651611
926.0 51.00499391555786
927.0 57.88915157318115
928.0 63.82073760032654
929.0 70.09607553482056
930.0 75.55014491081238
931.0 80.78404664993286
932.0 85.47329306602478
933.0 89.32678699493408
934.0 92.0630156993866
935.0 93.9260482788086
936.0 95.3064501285553
937.0 96.24642133712769
938.0 96.84591293334961
939.0 97.11041450500488
940.0 97.38794565200806
941.0 97.49596118927002
942.0 97.62356877326965
943.0 97.65906929969788
944.0 97.89464473724365
945.0 97.81902432441711
946.0 97.910475730896
947.0 97.85459041595459
948.0 97.99026846885681
949.0 97.87211418151855
950.0 98.03876280784607
951.0 98.11322093009949
952.0 98.17005395889282
953.0 98.3644187450409
954.0 98.45938086509705
955.0 98.53482842445374
956.0 98.69946837425232
957.0 98.8421082496643
958.0 98.99778366088867
959.0 99.02552366256714
960.0 99.09453392028809
961.0 99.13097023963928
962.0 99.1408109664917
963.0 99.18384552001953
964.0 99.20151233673096
965.0 99.17700290679932
966.0 99.26897287368774
967.0 99.3310272693634
968.0 99.33693408966064
969.0 99.32900667190552
970.0 99.40136671066284
971.0 99.4096040725708
972.0 99.45359230041504
973.0 99.5506227016449
974.0 99.53768849372864
975.0 99.49607849121094
976.0 99.58372712135315
977.0 99.5262622833252
978.0 99.57217574119568
979.0 99.49260354042053
980.0 99.4627594947815
981.0 99.37226176261902
982.0 99.31083917617798
983.0 99.35757517814636
984.0 99.30377006530762
985.0 99.31628704071045
986.0 99.19106364250183
987.0 99.27393198013306
988.0 99.19047951698303
989.0 99.17287230491638
990.0 99.17889833450317
991.0 99.23732280731201
992.0 99.30247664451599
993.0 99.26340579986572
994.0 99.22383427619934
995.0 99.26822185516357
996.0 99.26663041114807
997.0 99.39629435539246
998.0 99.43486452102661
999.0 99.45296049118042
1000.0 99.50478672981262
1001.0 99.43808913230896
1002.0 99.55849647521973
1003.0 99.57031011581421
1004.0 99.59512948989868
1005.0 99.53334927558899
1006.0 99.63831305503845
1007.0 99.62165951728821
1008.0 99.55944418907166
1009.0 99.50770735740662
1010.0 99.53718185424805
1011.0 99.52473044395447
1012.0 99.45518374443054
1013.0 99.43721294403076
1014.0 99.45551753044128
1015.0 99.3990421295166
1016.0 99.44900870323181
1017.0 99.46924448013306
1018.0 99.51374530792236
1019.0 99.4319498538971
1020.0 99.52011704444885
1021.0 99.61574077606201
1022.0 99.55344796180725
1023.0 99.5737373828888
1024.0 99.55052733421326
1025.0 99.55666661262512
1026.0 99.64092373847961
1027.0 99.72084164619446
1028.0 99.62097406387329
1029.0 99.74279999732971
1030.0 99.78300333023071
1031.0 99.73058104515076
1032.0 99.73960518836975
1033.0 99.6928870677948
1034.0 99.70905184745789
1035.0 99.7550368309021
1036.0 99.70574975013733
1037.0 99.70542788505554
1038.0 99.68492984771729
1039.0 99.54686760902405
1040.0 99.52198266983032
1041.0 99.57598447799683
1042.0 99.54811334609985
1043.0 99.48798418045044
1044.0 99.60850477218628
1045.0 99.32436943054199
1046.0 99.4901716709137
1047.0 99.40001368522644
1048.0 99.46630597114563
1049.0 99.3732213973999
1050.0 99.37848448753357
1051.0 99.39913749694824
1052.0 99.37361478805542
1053.0 99.26559329032898
1054.0 99.51943755149841
1055.0 99.62562918663025
1056.0 99.42982792854309
1057.0 99.5646595954895
1058.0 99.30739998817444
1059.0 99.40173029899597
1060.0 99.44905638694763
1061.0 99.3825376033783
1062.0 99.388587474823
1063.0 99.36150312423706
1064.0 99.40541386604309
1065.0 99.40054416656494
1066.0 99.3708610534668
1067.0 99.44102764129639
1068.0 99.33117628097534
1069.0 99.19772148132324
1070.0 99.5104968547821
1071.0 99.46621060371399
1072.0 99.51147437095642
1073.0 99.50864315032959
1074.0 99.21296238899231
1075.0 99.10628199577332
1076.0 99.044269323349
1077.0 99.28351640701294
1078.0 99.51155185699463
1079.0 98.97837042808533
1080.0 99.79178309440613
1081.0 98.94582629203796
1082.0 99.22167658805847
1083.0 99.07623529434204
1084.0 99.46984648704529
1085.0 99.46240782737732
1086.0 99.32289719581604
1087.0 99.32818412780762
1088.0 99.07895922660828
1089.0 99.12200570106506
1090.0 99.06872510910034
1091.0 99.03854131698608
1092.0 98.89543056488037
1093.0 98.99270534515381
1094.0 98.70354533195496
1095.0 98.79132509231567
1096.0 98.8801896572113
1097.0 98.70463013648987
1098.0 98.14915657043457
1099.0 98.84888529777527
1100.0 98.38948845863342
