lsstCam/transmission_filter_detector/r12_s11/y_10/19700101T000000.ecsv
# %ECSV 1.0
# ---
# datatype:
# - {name: wavelength, unit: nm, datatype: float32}
# - {name: efficiency, unit: '%', datatype: float64}
# meta: !!omap
# - {MODE: DETECTOR}
# - {TYPE: transmission_filter_detector}
# - {CALIBDATE: '1970-01-01T00:00:00'}
# - {INSTRUME: LSSTCam}
# - {OBSTYPE: transmission_filter_detector}
# - {CALIBCLS: lsst.ip.isr.IntermediateFilterDetectorTransmissionCurve}
# - {SOURCE: Materion (DM-46256)}
# - {DETECTOR: 49}
# - {FILTER: y_10}
# - {CALIB_ID: 'calibDate=1970-01-01T00:00:00 filter=y_10 detector=49'}
# - {DATE: '2025-04-02T15:59:50.968940'}
# - {CALIB_CREATION_DATE: '2025-04-02'}
# - {CALIB_CREATION_TIME: '15:59:50'}
# - __serialized_columns__:
#     efficiency:
#       __class__: astropy.units.quantity.Quantity
#       unit: !astropy.units.Unit {unit: '%'}
#       value: !astropy.table.SerializedColumn {name: efficiency}
#     wavelength:
#       __class__: astropy.units.quantity.Quantity
#       unit: !astropy.units.Unit {unit: nm}
#       value: !astropy.table.SerializedColumn {name: wavelength}
# schema: astropy-2.0
wavelength efficiency
300.0 0.5343466531485319
301.0 0.28533132281154394
302.0 0.03631594299804419
303.0 0.03731472243089229
304.0 0.03831350477412343
305.0 0.024324539117515087
306.0 0.010335570550523698
307.0 0.017689286323729903
308.0 0.02504299918655306
309.0 0.017659971490502357
310.0 0.01027694161166437
311.0 0.009087617218028754
312.0 0.007898291369201615
313.0 0.007904262747615576
314.0 0.007910234126029536
315.0 0.00615991375525482
316.0 0.0044095962948631495
317.0 0.004869639087701216
318.0 0.005329677878762595
319.0 0.0024145821953425184
320.0 1.5810777166669343e-10
321.0 0.0018636163076735102
322.0 0.0042277479224139825
323.0 0.0033546592021593824
324.0 0.0024815706638037227
325.0 0.0010200184988207184
326.0 1.5810777166669343e-10
327.0 0.0003225693717467948
328.0 0.0010866724551306106
329.0 0.0029081957109156065
330.0 0.004729718784801662
331.0 0.004130451270611957
332.0 0.0035311837564222515
333.0 0.0025711175112519413
334.0 0.0016110507203848101
335.0 0.0018882072254200466
336.0 0.002165364094253164
337.0 0.0028467617084970698
338.0 0.0035281587770441547
339.0 0.001750361843733117
340.0 1.5810777166669343e-10
341.0 1.5810777166669343e-10
342.0 1.5810777166669343e-10
343.0 1.5810777166669343e-10
344.0 0.0006509298145829234
345.0 0.0011360095413692761
346.0 0.00162108990480192
347.0 0.0016529351341887377
348.0 0.0016847799997776747
349.0 0.0014511240806314163
350.0 0.0012174678886367474
351.0 0.0014552674656442832
352.0 0.0016930665879044682
353.0 0.0013751620826951694
354.0 0.001057257759384811
355.0 0.0011584272215259261
356.0 0.0012595966836670414
357.0 0.0008017967957130168
358.0 0.0003439967258600518
359.0 0.0006238166861294303
360.0 0.0009036366463988088
361.0 0.0012566292753035668
362.0 0.0016096215404104441
363.0 0.0012854949090979062
364.0 0.0009613678230380174
365.0 0.0012709707334579434
366.0 0.0015805742805241607
367.0 0.0019927303583244793
368.0 0.002404886436124798
369.0 0.0020622905140044168
370.0 0.001719694773782976
371.0 0.0017286631191382185
372.0 0.0017376312825945206
373.0 0.002198527909058612
374.0 0.0026594243536237627
375.0 0.0034770058846333995
376.0 0.004294587051845156
377.0 0.0041851446439977735
378.0 0.004075702236150391
379.0 0.003552637281245552
380.0 0.003029572508239653
381.0 0.0019287092072772793
382.0 0.0008278457244159654
383.0 0.0009808069989958312
384.0 0.0011337680916767567
385.0 0.0009073301953321788
386.0 0.0006808922080381308
387.0 0.0006745640803274
388.0 0.0006682359980914043
389.0 0.0006036135800968623
390.0 0.0005389912985265255
391.0 0.0005258048986434005
392.0 0.0005126185442350106
393.0 0.000633384797765757
394.0 0.0007541512331954436
395.0 0.0006267305252549704
396.0 0.0004993099082639674
397.0 0.0007637149792572018
398.0 0.001028120004775701
399.0 0.0012453552699298598
400.0 0.0014625905350840185
401.0 0.0016217207303270698
402.0 0.0017808510165195912
403.0 0.001808868910302408
404.0 0.0018368866221862845
405.0 0.0017088868844439276
406.0 0.001580887328600511
407.0 0.0013696868336410262
408.0 0.0011584865205804817
409.0 0.000905495835468173
410.0 0.0006525048320327187
411.0 0.00037378044908109587
412.0 9.505598086434475e-05
413.0 0.0007059860763547476
414.0 0.0013169160411052871
415.0 0.002093835428240709
416.0 0.002870754906325601
417.0 0.0014793085028941277
418.0 8.786193461673975e-05
419.0 1.5810777166669343e-10
420.0 1.5810777166669343e-10
421.0 1.5810777166669343e-10
422.0 0.0009215637874149252
423.0 0.0010165997991862241
424.0 0.0011116355381091125
425.0 0.00023996967684070114
426.0 1.5810777166669343e-10
427.0 1.5810777166669343e-10
428.0 0.0003738919986062683
429.0 1.5810777166669343e-10
430.0 1.5810777166669343e-10
431.0 0.0003348082600496127
432.0 0.0012478021744755097
433.0 0.0008820857146929484
434.0 0.0005163698460819433
435.0 2.353630890183922e-05
436.0 1.5810777166669343e-10
437.0 1.5810777166669343e-10
438.0 0.00014595153743357514
439.0 1.5810777166669343e-10
440.0 1.5810777166669343e-10
441.0 1.5810777166669343e-10
442.0 1.5810777166669343e-10
443.0 1.5810777166669343e-10
444.0 1.5810777166669343e-10
445.0 0.00025305016606580466
446.0 0.0005555487405217718
447.0 0.0007405865289911162
448.0 0.0009256241355615202
449.0 0.0008174160029739141
450.0 0.0007092077339621028
451.0 0.000450393554274342
452.0 0.00019157953374815406
453.0 1.5810777166669343e-10
454.0 1.5810777166669343e-10
455.0 1.5810777166669343e-10
456.0 1.5810777166669343e-10
457.0 1.5810777166669343e-10
458.0 1.5810777166669343e-10
459.0 0.00011265202601862256
460.0 0.00024449630018352764
461.0 0.00031356216823041905
462.0 0.0003826280135399429
463.0 0.00039383562580042053
464.0 0.00040504314711142797
465.0 0.0004965177140547894
466.0 0.0005879924174223561
467.0 0.0010072420081996825
468.0 0.0014264914170780685
469.0 0.00155481156980386
470.0 0.0016831312677823007
471.0 0.0017841790395323187
472.0 0.0018852266293833964
473.0 0.002314987432328053
474.0 0.002744748053373769
475.0 0.0027395619326853193
476.0 0.0027343756300979294
477.0 0.0032413678127340972
478.0 0.0037483598134713247
479.0 0.0042819043301278725
480.0 0.00481544848298654
481.0 0.004797941801371053
482.0 0.004780435119755566
483.0 0.00416032416978851
484.0 0.003540213219821453
485.0 0.0038193738873815164
486.0 0.00409853455494158
487.0 0.0034379740100121126
488.0 0.002777413283183705
489.0 0.0023852546291891485
490.0 0.0019930963389924727
491.0 0.0016930238416534849
492.0 0.001392951344314497
493.0 0.001169978622783674
494.0 0.0009470063560002018
495.0 0.0010907698197115678
496.0 0.0012345334653218742
497.0 0.0017796435713535175
498.0 0.002324753768334631
499.0 0.002473206950526219
500.0 0.0026216599508188665
501.0 0.0026890402295975946
502.0 0.002756420690275263
503.0 0.0027558875444810838
504.0 0.002755354216787964
505.0 0.0032117386581376195
506.0 0.0036681234632851556
507.0 0.0026889585569733754
508.0 0.0017097929230658337
509.0 0.0019889703253284097
510.0 0.0022681475456920452
511.0 0.0022011434339219704
512.0 0.0021341393221518956
513.0 0.0019863620764226653
514.0 0.0018385851944913156
515.0 0.0015724423064966686
516.0 0.0013062994185020216
517.0 0.001330794930254342
518.0 0.0013552899872593116
519.0 0.0015453522792086005
520.0 0.0017354144802084193
521.0 0.0018204975276603363
522.0 0.0019055805751122534
523.0 0.001832793714129366
524.0 0.0017600068531464785
525.0 0.002191256862715818
526.0 0.0026225074179819785
527.0 0.0024078415663097985
528.0 0.0021931762603344396
529.0 0.0023740971300867386
530.0 0.0025550179998390377
531.0 0.002486403718648944
532.0 0.00241778925555991
533.0 0.002587006747489795
534.0 0.0027562238756217994
535.0 0.002467341437295545
536.0 0.0021784586351714097
537.0 0.0023843906092224643
538.0 0.0025903224013745785
539.0 0.0033738091588020325
540.0 0.0041572959162294865
541.0 0.004153523332206532
542.0 0.0041497503843856975
543.0 0.00438143870269414
544.0 0.0046131266572047025
545.0 0.004893207005807199
546.0 0.005173286990611814
547.0 0.004243329749442637
548.0 0.0033133721444755793
549.0 0.0029156284654163755
550.0 0.0025178846044582315
551.0 0.0025403258405276574
552.0 0.002562766894698143
553.0 0.003062883115489967
554.0 0.00356299860868603
555.0 0.0038117894291644916
556.0 0.004060580249642953
557.0 0.003812972136074677
558.0 0.0035653636587085202
559.0 0.0033420288673369214
560.0 0.0031186940759653226
561.0 0.0033142325264634565
562.0 0.0035097706131637096
563.0 0.003392704456928186
564.0 0.0032756383006926626
565.0 0.0037953137507429346
566.0 0.004314989200793207
567.0 0.0045490054617403075
568.0 0.004783021722687408
569.0 0.005250262256595306
570.0 0.005717502790503204
571.0 0.005768275150330737
572.0 0.005819047510158271
573.0 0.006144278449937701
574.0 0.006469510117312893
575.0 0.0063705760112497956
576.0 0.006271642632782459
577.0 0.005716685700463131
578.0 0.005161729495739564
579.0 0.005974296800559387
580.0 0.00678686483297497
581.0 0.007289207132998854
582.0 0.007791547977831215
583.0 0.008952483767643571
584.0 0.010113417374668643
585.0 0.010317354463040829
586.0 0.010521292279008776
587.0 0.01040101851685904
588.0 0.010280742571922019
589.0 0.010319609282305464
590.0 0.01035847672028467
591.0 0.00963368293014355
592.0 0.00890888914000243
593.0 0.007364749035332352
594.0 0.00582061184104532
595.0 0.0056401862821076065
596.0 0.005459760723169893
597.0 0.005934923319728114
598.0 0.006410085916286334
599.0 0.007507760892622173
600.0 0.00860543514136225
601.0 0.009345653234049678
602.0 0.01008586841635406
603.0 0.01080973888747394
604.0 0.011533610813785344
605.0 0.011402000382076949
606.0 0.011270390677964315
607.0 0.0096707051852718
608.0 0.008071021875366569
609.0 0.006355053483275697
610.0 0.004639086182578467
611.0 0.003829578054137528
612.0 0.003020069925696589
613.0 0.0035737390135182068
614.0 0.004127407373744063
615.0 0.004949629874317907
616.0 0.005771853466285393
617.0 0.007196147635113448
618.0 0.008620441076345742
619.0 0.009663253877079114
620.0 0.010706067405408248
621.0 0.011491508485050872
622.0 0.012276950292289257
623.0 0.011967217869823799
624.0 0.011657481809379533
625.0 0.010259343980578706
626.0 0.008861204696586356
627.0 0.007018827454885468
628.0 0.005176448030397296
629.0 0.0042476483940845355
630.0 0.003318849121569656
631.0 0.0028008254957967438
632.0 0.0022828018700238317
633.0 0.002453982779115904
634.0 0.0026251640520058572
635.0 0.002903289714595303
636.0 0.003181415013386868
637.0 0.003975500294473022
638.0 0.004769584847963415
639.0 0.0048124064051080495
640.0 0.004855227598454803
641.0 0.0052857798436889425
642.0 0.005716332088923082
643.0 0.005499547114595771
644.0 0.0052827614126726985
645.0 0.004914647070108913
646.0 0.004546532727545127
647.0 0.00367344546248205
648.0 0.002800358197418973
649.0 0.0020810277419514023
650.0 0.0013616971045848913
651.0 0.0014534552065015305
652.0 0.0015452136722160503
653.0 0.001507303022663109
654.0 0.0014693923731101677
655.0 0.0015444447853951715
656.0 0.0016194971976801753
657.0 0.0014670496057078708
658.0 0.0013146021046850365
659.0 0.0017571001080796123
660.0 0.002199598020524718
661.0 0.0018695127437240444
662.0 0.0015394272850244306
663.0 0.0022190770323504694
664.0 0.002898727143474389
665.0 0.003462572203716263
666.0 0.004026417082059197
667.0 0.00483094081573654
668.0 0.005635463094222359
669.0 0.0059506812249310315
670.0 0.006265896081458777
671.0 0.006775530346203595
672.0 0.007285164610948414
673.0 0.007782564352964982
674.0 0.008279964822577313
675.0 0.00764390715630725
676.0 0.007007852400420234
677.0 0.005578342461376451
678.0 0.004148832886130549
679.0 0.0027826537916553207
680.0 0.0014164756976242643
681.0 0.0006775191650376655
682.0 1.5810777166669343e-10
683.0 0.00010382749451309792
684.0 0.00026909244752459927
685.0 0.00028609194941964233
686.0 0.0003030914513146854
687.0 0.000282387736660894
688.0 0.00026168399926973507
689.0 0.0002964361783597269
690.0 0.0003311883801870863
691.0 0.00029092591375956545
692.0 0.0002506634928067797
693.0 0.00027823987238662085
694.0 0.000305816251966462
695.0 0.00040395775613433216
696.0 0.0005020992830395699
697.0 0.0004931445346301189
698.0 0.0004841896952711977
699.0 0.00044644934860116336
700.0 0.0004087086836079834
701.0 0.00028912418201798573
702.0 0.000169539782746142
703.0 0.00023798529582563788
704.0 0.0003064308202738175
705.0 0.0002967809450638015
706.0 0.0002871308879548451
707.0 3.4502684798098926e-05
708.0 1.5810777166669343e-10
709.0 1.5810777166669343e-10
710.0 9.007835046759283e-05
711.0 0.0003250426971135312
712.0 0.0005600070380751276
713.0 0.0004082291980012087
714.0 0.0002564514261393924
715.0 0.0003521076678225654
716.0 0.0004477638412936358
717.0 0.00035106763789372053
718.0 0.0002543714344938053
719.0 0.0004345373781688977
720.0 0.0006147031399450498
721.0 0.000448088167104288
722.0 0.0002814732170008938
723.0 0.00032364807793783257
724.0 0.00036582282518793363
725.0 0.00046933623707445804
726.0 0.0005728497853851877
727.0 0.0003459171466602129
728.0 0.00011898484899575124
729.0 0.0002846945335477358
730.0 0.00045040433178655803
731.0 0.0006479901912825881
732.0 0.0008455762326775584
733.0 0.0003235466238038498
734.0 1.5810777166669343e-10
735.0 1.5810777166669343e-10
736.0 1.5810777166669343e-10
737.0 0.000320299500344845
738.0 0.0009797204256756231
739.0 0.0006422926617233315
740.0 0.00030486457944789436
741.0 0.00013271829857330886
742.0 1.5810777166669343e-10
743.0 1.5810777166669343e-10
744.0 1.5810777166669343e-10
745.0 0.0003373578010723577
746.0 0.0007084759545250563
747.0 0.0004197642283543246
748.0 0.00013105258176437928
749.0 1.5810777166669343e-10
750.0 1.5810777166669343e-10
751.0 1.5810777166669343e-10
752.0 4.214313094053068e-05
753.0 0.00017684448039290146
754.0 0.0003115457957392209
755.0 1.5810777166669343e-10
756.0 1.5810777166669343e-10
757.0 1.5810777166669343e-10
758.0 1.5810777166669343e-10
759.0 5.2017890084243845e-05
760.0 0.0007347877271968173
761.0 0.00039910528357722796
762.0 6.342283427329676e-05
763.0 1.5810777166669343e-10
764.0 1.5810777166669343e-10
765.0 0.00014788338376092725
766.0 0.0004808828634850215
767.0 7.331862406090295e-06
768.0 1.5810777166669343e-10
769.0 1.5810777166669343e-10
770.0 1.5810777166669343e-10
771.0 1.5810777166669343e-10
772.0 1.5810777166669343e-10
773.0 0.00031824961297388654
774.0 0.0008023100235732272
775.0 0.0005000182682124432
776.0 0.0001977263536900864
777.0 0.0002789253585433471
778.0 0.00036012443160871044
779.0 0.0006188027782627614
780.0 0.0008774811249168124
781.0 0.0007923919838503934
782.0 0.0007073028882587096
783.0 0.000517850230608019
784.0 0.0003283975729573285
785.0 0.00017008674149110448
786.0 1.1775569674910003e-05
787.0 0.00047215348786266986
788.0 0.0009325312930741347
789.0 0.000917406941880472
790.0 0.0009022826816362794
791.0 0.0007135560281312792
792.0 0.0005248291927273385
793.0 0.0006300583663687576
794.0 0.000735287221687031
795.0 0.0007713389095442835
796.0 0.0008073904609773308
797.0 0.00038772668631281704
798.0 1.5810777166669343e-10
799.0 0.00042287247197236866
800.0 0.000877682032296434
801.0 0.0005474055342347128
802.0 0.00021712896796088899
803.0 0.00030127796435408527
804.0 0.0003854268925351789
805.0 0.0006848025350336684
806.0 0.000984178223006893
807.0 0.0006092684543546056
808.0 0.00023435879938915605
809.0 1.5810777166669343e-10
810.0 1.5810777166669343e-10
811.0 0.00017299190631092642
812.0 0.0005886190592718776
813.0 0.0008378799066122156
814.0 0.0010871408449020237
815.0 0.0010931376891676337
816.0 0.0010991339877364226
817.0 0.0009223508641298395
818.0 0.0007455679678969318
819.0 0.0009342914381704759
820.0 0.0011230148629692849
821.0 0.0009947075341187883
822.0 0.0008664002962177619
823.0 0.000755807377572637
824.0 0.0006452147317759227
825.0 0.0006147647127363598
826.0 0.0005843147846462671
827.0 0.0006714987193845445
828.0 0.0007586826995975571
829.0 0.00046873979044903535
830.0 0.00017879691540656495
831.0 0.0001340453991360846
832.0 8.929407613322837e-05
833.0 0.00040258719309349544
834.0 0.0007158801508921897
835.0 0.00013053871725787758
836.0 1.5810777166669343e-10
837.0 1.5810777166669343e-10
838.0 0.00012985730108994176
839.0 0.0005542593953578034
840.0 0.000978661591943819
841.0 0.0011984830962319393
842.0 0.0014183046005200595
843.0 0.0010102610758622177
844.0 0.0006022172328812303
845.0 0.0005727842108171899
846.0 0.0005433510978036793
847.0 0.0008834599611873273
848.0 0.0012235688700457104
849.0 0.0010556273991824128
850.0 0.0008876855645212345
851.0 0.0011208991963940207
852.0 0.0013541127373173367
853.0 0.0005688259989256039
854.0 1.5810777166669343e-10
855.0 1.5810777166669343e-10
856.0 1.5810777166669343e-10
857.0 0.00036155936413706513
858.0 0.00131139258883195
859.0 0.0010873280189116485
860.0 0.0008632631761429366
861.0 0.001248529224540107
862.0 0.0016337955457856879
863.0 0.0018080618247040547
864.0 0.0019823281036224216
865.0 0.0020685385607066564
866.0 0.0021547491996898316
867.0 0.0028331458452157676
868.0 0.0035115423088427633
869.0 0.003040361116291024
870.0 0.002569179741840344
871.0 0.003217970152036287
872.0 0.0038667603803332895
873.0 0.0028961087082279846
874.0 0.00192545721802162
