lsstCam/transmission_filter_detector/r32_s00/r_57/19700101T000000.ecsv
# %ECSV 1.0
# ---
# datatype:
# - {name: wavelength, unit: nm, datatype: float32}
# - {name: efficiency, unit: '%', datatype: float64}
# meta: !!omap
# - {MODE: DETECTOR}
# - {TYPE: transmission_filter_detector}
# - {CALIBDATE: '1970-01-01T00:00:00'}
# - {INSTRUME: LSSTCam}
# - {OBSTYPE: transmission_filter_detector}
# - {CALIBCLS: lsst.ip.isr.IntermediateFilterDetectorTransmissionCurve}
# - {SOURCE: Materion (DM-46256)}
# - {DETECTOR: 135}
# - {FILTER: r_57}
# - {CALIB_ID: 'calibDate=1970-01-01T00:00:00 filter=r_57 detector=135'}
# - {DATE: '2025-04-02T15:59:44.808420'}
# - {CALIB_CREATION_DATE: '2025-04-02'}
# - {CALIB_CREATION_TIME: '15:59:44'}
# - __serialized_columns__:
#     efficiency:
#       __class__: astropy.units.quantity.Quantity
#       unit: !astropy.units.Unit {unit: '%'}
#       value: !astropy.table.SerializedColumn {name: efficiency}
#     wavelength:
#       __class__: astropy.units.quantity.Quantity
#       unit: !astropy.units.Unit {unit: nm}
#       value: !astropy.table.SerializedColumn {name: wavelength}
# schema: astropy-2.0
wavelength efficiency
300.0 0.0016405825590481982
301.0 0.005264467836241238
302.0 0.008888353477232158
303.0 0.010726704931585118
304.0 0.012565057841129601
305.0 0.01125373673858121
306.0 0.009942416363628581
307.0 0.008450612949673086
308.0 0.006958809535717592
309.0 0.006031577140674926
310.0 0.005104344745632261
311.0 0.004964971958543174
312.0 0.004825598807656206
313.0 0.0043818701669806615
314.0 0.003938140798709355
315.0 0.0037430076190503314
316.0 0.0035478748031891882
317.0 0.0034125121601391584
318.0 0.0032771480618976057
319.0 0.0031130653951549903
320.0 0.0029489816370187327
321.0 0.00294456349365646
322.0 0.00294014644168783
323.0 0.0027205438527744263
324.0 0.002500941809557844
325.0 0.0023147727915784344
326.0 0.002128603773599025
327.0 0.0021747044229414314
328.0 0.0022208048903848976
329.0 0.002212678919022437
330.0 0.0022045529476599768
331.0 0.002142585799447261
332.0 0.002080618833133485
333.0 0.0018630147678777575
334.0 0.0016454105207230896
335.0 0.0014429026123252697
336.0 0.0012403947039274499
337.0 0.0011405130862840451
338.0 0.0010406314686406404
339.0 0.0009973963642551098
340.0 0.000954161168920109
341.0 0.0008919037099985871
342.0 0.0008296461601275951
343.0 0.0008527831596438773
344.0 0.0008759200682106894
345.0 0.0008363413144252263
346.0 0.0007967627425387036
347.0 0.0007694628038734663
348.0 0.0007421629561576992
349.0 0.0007366164936684072
350.0 0.0031203064281726256
351.0 0.005180578955332749
352.0 0.007240851118694991
353.0 0.00684717160766013
354.0 0.00645349282422103
355.0 0.004665967935579829
356.0 0.0028784434107365087
357.0 0.003807152825174853
358.0 0.004735862967208959
359.0 0.004320708831073716
360.0 0.0039055543311405927
361.0 0.0028632239263970405
362.0 0.001820893339754548
363.0 0.0024422533897450194
364.0 0.003063613621634431
365.0 0.0023184975361800753
366.0 0.0015733818145236
367.0 0.0024085520635708235
368.0 0.003243722312618047
369.0 0.003517863297020085
370.0 0.003792003553826362
371.0 0.003601471325964667
372.0 0.0034109383705072105
373.0 0.002921419400081504
374.0 0.0024319002477568574
375.0 0.0017727224985719658
376.0 0.0011135448403365444
377.0 0.0016875439541763626
378.0 0.002261543158965651
379.0 0.0019846605937345885
380.0 0.0017077783923014067
381.0 0.002115567258442752
382.0 0.0025233563064830378
383.0 0.0032472478778799996
384.0 0.003971139449276961
385.0 0.004552467362373136
386.0 0.005133795639267191
387.0 0.0046332323108799756
388.0 0.0041326693462906405
389.0 0.003553220449248329
390.0 0.002973770460812375
391.0 0.002428767766105011
392.0 0.0018837652532965876
393.0 0.00181467694346793
394.0 0.0017455888155382127
395.0 0.001430246720701689
396.0 0.0011149046258651651
397.0 0.0009484312613494694
398.0 0.0007819579877832439
399.0 0.0007314513823075686
400.0 0.0006809447313571582
401.0 0.0006313706307992106
402.0 0.0005817964392917929
403.0 0.0005468210929393535
404.0 0.0005118458830111194
405.0 0.0009050691005541012
406.0 0.001298292318097083
407.0 0.0014279930837801658
408.0 0.001557693576614838
409.0 0.0010702196959755383
410.0 0.0005827457698615035
411.0 0.0007244035259645898
412.0 0.0008660613275424112
413.0 0.0013205893992562778
414.0 0.0017751175619196147
415.0 0.0017062740880646743
416.0 0.0016374307961086743
417.0 0.0014674874364573043
418.0 0.0012975441677554045
419.0 0.001996351966226939
420.0 0.002695159491850063
421.0 0.003933584594051354
422.0 0.005172009332454763
423.0 0.008174145477823913
424.0 0.011176281259395182
425.0 0.014825760445091873
426.0 0.018475239630788565
427.0 0.01895894092740491
428.0 0.019442646589595824
429.0 0.015240322682075202
430.0 0.011037997319363058
431.0 0.00763124626246281
432.0 0.0042244955693604425
433.0 0.003327673766762018
434.0 0.002430851964163594
435.0 0.0019462690033833496
436.0 0.0014616859516536351
437.0 0.001068795972969383
438.0 0.0006759061761840712
439.0 0.0007799344530212693
440.0 0.0008839626389089972
441.0 0.0009887184205581434
442.0 0.00109347438410623
443.0 0.001505175168858841
444.0 0.0019168757717125118
445.0 0.0017389140339219011
446.0 0.0015609524780302308
447.0 0.001487863301008474
448.0 0.0014147743968351278
449.0 0.0013118516108079348
450.0 0.0012089288247807417
451.0 0.0013152744941180572
452.0 0.0014216198906069621
453.0 0.0015635381714673713
454.0 0.00170545627042884
455.0 0.001520561272627674
456.0 0.0013356664567254484
457.0 0.0010289610145264305
458.0 0.0007222554813779425
459.0 0.0009038215466716792
460.0 0.0010853877029148862
461.0 0.0015813868230907246
462.0 0.0020773861251655035
463.0 0.0028047763407812454
464.0 0.003532166374498047
465.0 0.004462497963686474
466.0 0.0053928280976833776
467.0 0.005956431778031401
468.0 0.006520035094581544
469.0 0.005685965152224526
470.0 0.004851895209867507
471.0 0.0036774468753719702
472.0 0.002502998358977493
473.0 0.0018522445316193625
474.0 0.0012014904314128216
475.0 0.0008884674571163487
476.0 0.0005754445282946108
477.0 0.0006931398729648208
478.0 0.0008108351721602958
479.0 0.0008006753887457307
480.0 0.0007905155143816955
481.0 0.0006541433322126977
482.0 0.000517771195518435
483.0 0.0006275571649894118
484.0 0.0007373431344603887
485.0 0.000716103431841475
486.0 0.0006948637292225612
487.0 0.0005022085588279879
488.0 0.00030955336569604697
489.0 0.00052729228627868
490.0 0.0007450311841239454
491.0 0.0007913844456197694
492.0 0.0008377378435397986
493.0 0.0008996258657134604
494.0 0.0009615138878871221
495.0 0.0009838544428930618
496.0 0.0010061948160000611
497.0 0.0010416314580652397
498.0 0.0010770681001304183
499.0 0.0011089265171904117
500.0 0.0011407852980482858
501.0 0.0012137746125517879
502.0 0.0012867637451563496
503.0 0.0016942916772677563
504.0 0.002101819154631812
505.0 0.002479140857758466
506.0 0.00285646256088512
507.0 0.003577437382773496
508.0 0.004298412022762932
509.0 0.004690634159487672
510.0 0.005082857023808174
511.0 0.0046932731493143365
512.0 0.00430368963861838
513.0 0.0036507575714495033
514.0 0.0029978255042806268
515.0 0.00277579983958276
516.0 0.002553774174884893
517.0 0.00260134729614947
518.0 0.0026489202355151065
519.0 0.0030332288588397205
520.0 0.05694048013538122
521.0 0.08946632733568549
522.0 0.13231143821030855
523.0 0.11256576981395483
524.0 0.11032476322725415
525.0 0.1599482260644436
526.0 0.07674751104786992
527.0 0.09154166327789426
528.0 0.17595671815797687
529.0 0.10357352439314127
530.0 0.15558141749352217
531.0 0.16466447850689292
532.0 0.2183110686019063
533.0 0.19168041180819273
534.0 0.3364594420418143
535.0 0.38136651273816824
536.0 0.47666365280747414
537.0 0.6338829174637794
538.0 1.0363759472966194
539.0 1.5594575554132462
540.0 2.5137923657894135
541.0 3.822578117251396
542.0 5.708704516291618
543.0 8.388325572013855
544.0 11.481045186519623
545.0 15.159057080745697
546.0 19.53573226928711
547.0 24.98047798871994
548.0 31.953391432762146
549.0 39.74650204181671
550.0 46.857380867004395
551.0 54.7463595867157
552.0 60.812848806381226
553.0 66.65765047073364
554.0 71.57967686653137
555.0 75.75976252555847
556.0 79.75654006004333
557.0 83.01764130592346
558.0 86.43559217453003
559.0 89.94917273521423
560.0 90.81878662109375
561.0 93.08648705482483
562.0 94.13749575614929
563.0 94.4150447845459
564.0 95.0024425983429
565.0 94.45098042488098
566.0 95.10703682899475
567.0 94.26490068435669
568.0 95.07002830505371
569.0 95.45384049415588
570.0 95.15228271484375
571.0 96.04664444923401
572.0 95.81854343414307
573.0 96.10337018966675
574.0 96.31263017654419
575.0 96.12265825271606
576.0 96.87198996543884
577.0 96.43134474754333
578.0 96.36953473091125
579.0 96.35346531867981
580.0 95.86582779884338
581.0 95.63794732093811
582.0 96.08007073402405
583.0 95.7693099975586
584.0 95.49830555915833
585.0 95.6508219242096
586.0 95.94822525978088
587.0 95.33037543296814
588.0 95.78478336334229
589.0 96.56108617782593
590.0 96.00743651390076
591.0 95.39494514465332
592.0 95.59928178787231
593.0 95.16026973724365
594.0 95.17273902893066
595.0 95.83583474159241
596.0 96.27051949501038
597.0 96.20339274406433
598.0 95.91436386108398
599.0 96.08210325241089
600.0 95.96510529518127
601.0 95.3226625919342
602.0 95.79187631607056
603.0 95.6835150718689
604.0 95.93884944915771
605.0 96.18993997573853
606.0 95.74671983718872
607.0 95.75283527374268
608.0 95.75005769729614
609.0 95.07212042808533
610.0 95.38544416427612
611.0 95.29280066490173
612.0 95.50263285636902
613.0 96.17465138435364
614.0 96.18440270423889
615.0 95.79625725746155
616.0 95.69421410560608
617.0 95.77644467353821
618.0 95.74065804481506
619.0 96.11839652061462
620.0 95.39750218391418
621.0 95.02024054527283
622.0 95.83740830421448
623.0 95.96185088157654
624.0 95.7138180732727
625.0 96.24751210212708
626.0 95.52834630012512
627.0 94.48710083961487
628.0 96.4681327342987
629.0 94.90150809288025
630.0 95.83982229232788
631.0 95.34132480621338
632.0 96.11195921897888
633.0 95.8188533782959
634.0 95.45034170150757
635.0 95.5109179019928
636.0 95.24089097976685
637.0 95.13180255889893
638.0 94.9568510055542
639.0 94.75844502449036
640.0 95.08375525474548
641.0 94.89335417747498
642.0 95.3563928604126
643.0 95.54238319396973
644.0 95.52007913589478
645.0 95.25634050369263
646.0 95.37915587425232
647.0 96.2750494480133
648.0 95.77990770339966
649.0 95.12024521827698
650.0 95.68694233894348
651.0 96.26480340957642
652.0 96.08694314956665
653.0 95.57110667228699
654.0 95.9284245967865
655.0 95.84658741950989
656.0 95.34499049186707
657.0 95.4568862915039
658.0 95.80188393592834
659.0 95.69408893585205
660.0 94.90308165550232
661.0 94.69684362411499
662.0 95.32683491706848
663.0 95.34283876419067
664.0 94.98535394668579
665.0 94.78955268859863
666.0 94.93571519851685
667.0 95.18380761146545
668.0 94.83810663223267
669.0 95.50469517707825
670.0 95.06155848503113
671.0 95.04311084747314
672.0 94.82682347297668
673.0 95.12323141098022
674.0 94.58063244819641
675.0 95.01784443855286
676.0 94.60838437080383
677.0 93.36024522781372
678.0 92.76679754257202
679.0 92.03379154205322
680.0 90.96574783325195
681.0 89.7581398487091
682.0 87.55491971969604
683.0 84.61148738861084
684.0 80.8955430984497
685.0 77.24020481109619
686.0 73.34657311439514
687.0 68.2011604309082
688.0 63.751548528671265
689.0 59.32489633560181
690.0 53.88445258140564
691.0 49.83816146850586
692.0 45.119062066078186
693.0 40.69865345954895
694.0 35.85507869720459
695.0 30.777883529663086
696.0 25.75797736644745
697.0 20.785516500473022
698.0 15.333044528961182
699.0 11.091706901788712
700.0 7.7174849808216095
701.0 4.859532415866852
702.0 3.0785979703068733
703.0 1.7857041209936142
704.0 1.022473443299532
705.0 0.6393759977072477
706.0 0.4413115791976452
707.0 0.2689644228667021
708.0 0.18202498322352767
709.0 0.17587827751412988
710.0 0.07944543613120914
711.0 0.07557981880381703
712.0 0.08948129834607244
713.0 0.045490777119994164
714.0 0.0989686232060194
715.0 0.0527368625625968
716.0 0.03130337572656572
717.0 0.07061527576297522
718.0 0.058931607054546475
719.0 0.07063135271891952
720.0 1.582028128291335e-10
721.0 0.0046131728595355526
722.0 0.00428851526521612
723.0 0.003963858034694567
724.0 0.003709442898980342
725.0 0.0034550277632661164
726.0 0.003198300692019984
727.0 0.002941573620773852
728.0 0.002777871304715518
729.0 0.0026141691705561243
730.0 0.0024656541427248158
731.0 0.002317139114893507
732.0 0.0022435042410506867
733.0 0.0021698695491068065
734.0 0.0020795967429876328
735.0 0.001989323936868459
736.0 0.0018789427485899068
737.0 0.001768561742210295
738.0 0.0017560674677952193
739.0 0.0017435733752790838
740.0 0.0016745432731113397
741.0 0.0016055131709435955
742.0 0.001457732287235558
743.0 0.0013099510397296399
744.0 0.0014325642951007467
745.0 0.0015551775504718535
746.0 0.0014170415852277074
747.0 0.0012789056199835613
748.0 0.0012692125892499462
749.0 0.0012595194675668608
750.0 0.0012506036910053808
751.0 0.001241688005393371
752.0 0.0012704520486295223
753.0 0.0012992163647140842
754.0 0.0012140181752329227
755.0 0.0011288202586001717
756.0 0.0010595492312859278
757.0 0.0009902783858706243
758.0 0.0009760522516444325
759.0 0.0009618262083677109
760.0 0.0009144571777142119
761.0 0.0008670881470607128
762.0 0.000943049781199079
763.0 0.0010190115972363856
764.0 0.0010342207133362535
765.0 0.0010494297384866513
766.0 0.0008715343938092701
767.0 0.0006936387762834784
768.0 0.0006558064796990948
769.0 0.0006179740012157708
770.0 0.0006044394922355423
771.0 0.0005909049832553137
772.0 0.0006825214313721517
773.0 0.0007741376066405792
774.0 0.0008622131645097397
775.0 0.0009502888133283705
776.0 0.001011214317259146
777.0 0.001072140184987802
778.0 0.0009090767889574636
779.0 0.0007460139386239462
780.0 0.000764983178669354
781.0 0.0007839526915631723
782.0 0.0008263837116828654
783.0 0.0008688149137014989
784.0 0.0008433304174104705
785.0 0.0008178460120689124
786.0 0.0008216049536713399
787.0 0.0008253638043242972
788.0 0.0006921693511685589
789.0 0.0005589748525380855
790.0 0.0006740702247043373
791.0 0.0007891657332947943
792.0 0.0007975655535119586
793.0 0.0008059651918301824
794.0 0.0007860341611376498
795.0 0.0007661033123440575
796.0 0.0006557512733706972
797.0 0.0005453992798720719
798.0 0.000653031338515575
799.0 0.0007606635790580185
800.0 0.0007864936378609855
801.0 0.0008123233783408068
802.0 0.000798250130173983
803.0 0.0007841769729566295
804.0 0.0007289457244041841
805.0 0.0006737145213264739
806.0 0.0006922588909219485
807.0 0.0007108030786184827
808.0 0.000660690284348675
809.0 0.000610577262705192
810.0 0.000640961661702022
811.0 0.0006713459697493818
812.0 0.0005619765488518169
813.0 0.0004526070370047819
814.0 0.000444345914729638
815.0 0.00043608488340396434
816.0 0.0005950527793174842
817.0 0.0007540209026046796
818.0 0.0006337944796541706
819.0 0.0005135678748047212
820.0 0.0005031616183259757
821.0 0.0004927553163724951
822.0 0.0005787519512523431
823.0 0.0006647485861321911
824.0 0.0005105997843202204
825.0 0.0003564507323972066
826.0 0.00039731094148010015
827.0 0.00043817112782562617
828.0 0.0004083823114342522
829.0 0.00037859351778024575
830.0 0.00019638757748907665
831.0 1.4181651408762264e-05
832.0 1.582028128291335e-10
833.0 1.582028128291335e-10
834.0 1.582028128291335e-10
835.0 9.621491017242079e-05
836.0 0.00015252946923283162
837.0 0.00020884403966192622
838.0 0.0006596507319045486
839.0 0.001110457469621906
840.0 0.0014404526154976338
841.0 0.0017704478523228317
842.0 0.0020367035176604986
843.0 0.002302959546796046
844.0 0.00222150902118301
845.0 0.0021400586774689145
846.0 0.0018258235286339186
847.0 0.0015115882888494525
848.0 0.0013968319763080217
849.0 0.0012820755728171207
850.0 0.0012942876310262363
851.0 0.0013064995982858818
852.0 0.0012224683814565651
853.0 0.0011384373465261888
854.0 0.0009575031981512439
855.0 0.0007765689588268287
856.0 0.0006312888672255212
857.0 0.0004860085482505383
858.0 0.00047421144699910656
859.0 0.0004624143457476748
860.0 0.000346539468409901
861.0 0.0002306645228600246
862.0 0.0002898316779464949
863.0 0.0003489987875582301
864.0 0.0002544456719988375
865.0 0.00015989256780812866
866.0 0.00011813992841780419
867.0 7.638724923708651e-05
868.0 6.971379775677633e-05
869.0 6.304033490778238e-05
870.0 1.582028128291335e-10
871.0 1.582028128291335e-10
872.0 1.582028128291335e-10
873.0 1.582028128291335e-10
874.0 1.582028128291335e-10
875.0 1.582028128291335e-10
876.0 1.7438262389646297e-06
877.0 0.00010226979156868765
878.0 0.00011108174930996029
879.0 0.0001198937184199167
880.0 0.00010072220675283461
881.0 8.155068371706875e-05
882.0 0.00014577434512830223
883.0 0.0002099980065395357
884.0 8.21437993181462e-05
885.0 1.582028128291335e-10
886.0 3.45842295246257e-05
887.0 0.00011487890105854603
888.0 0.000137876747885457
889.0 0.00016087464018710307
890.0 9.574434898240725e-05
891.0 3.0614089041591797e-05
892.0 1.6929774915297457e-05
893.0 3.2454490650479784e-06
894.0 6.6797660736028774e-06
895.0 1.011407917417273e-05
896.0 1.582028128291335e-10
897.0 1.582028128291335e-10
898.0 7.111964919204183e-05
899.0 0.00015458192592632258
900.0 7.821235499250179e-05
901.0 1.8427694925549076e-06
