lsstCam/transmission_filter_detector/r32_s00/r_57/19700101T000000.ecsv
# %ECSV 1.0
# ---
# datatype:
# - {name: wavelength, unit: nm, datatype: float32}
# - {name: efficiency, unit: '%', datatype: float64}
# meta: !!omap
# - {MODE: DETECTOR}
# - {TYPE: transmission_filter_detector}
# - {CALIBDATE: '1970-01-01T00:00:00'}
# - {INSTRUME: LSSTCam}
# - {OBSTYPE: transmission_filter_detector}
# - {CALIBCLS: lsst.ip.isr.IntermediateFilterDetectorTransmissionCurve}
# - {SOURCE: Materion (DM-46256)}
# - {DETECTOR: 135}
# - {FILTER: r_57}
# - {CALIB_ID: 'calibDate=1970-01-01T00:00:00 filter=r_57 detector=135'}
# - {DATE: '2025-04-02T15:59:44.808420'}
# - {CALIB_CREATION_DATE: '2025-04-02'}
# - {CALIB_CREATION_TIME: '15:59:44'}
# - __serialized_columns__:
#     efficiency:
#       __class__: astropy.units.quantity.Quantity
#       unit: !astropy.units.Unit {unit: '%'}
#       value: !astropy.table.SerializedColumn {name: efficiency}
#     wavelength:
#       __class__: astropy.units.quantity.Quantity
#       unit: !astropy.units.Unit {unit: nm}
#       value: !astropy.table.SerializedColumn {name: wavelength}
# schema: astropy-2.0
wavelength efficiency
[from data line 603]
903.0 1.582028128291335e-10
904.0 5.74864280622478e-06
905.0 2.417379505459394e-05
906.0 0.00010045723684015684
907.0 0.00017674070704742917
908.0 0.00018095174709742423
909.0 0.00018516277577873552
910.0 4.2994307136723364e-05
911.0 1.582028128291335e-10
912.0 4.640421735757627e-06
913.0 0.00010845503766176989
914.0 8.769530381869117e-05
915.0 6.693555860692868e-05
916.0 7.046548944344977e-05
917.0 7.399542596431274e-05
918.0 0.0001211673748002795
919.0 0.00016833931795190438
920.0 0.00010616749932523817
921.0 4.39956835407429e-05
922.0 0.00011358795291016577
923.0 0.00018318023649044335
924.0 0.00015944017377478303
925.0 0.00013570009969043895
926.0 0.00013607765367851243
927.0 0.00013645520766658592
928.0 0.000114955446406384
929.0 9.345566240881453e-05
930.0 0.00013844359045833698
931.0 0.00018343148440180812
932.0 9.41120674724516e-05
933.0 4.7926558721655965e-06
934.0 1.8427699899348227e-05
935.0 3.206277199296892e-05
936.0 7.794340604050376e-05
937.0 0.00012382400882415823
938.0 0.00010327673862775555
939.0 8.272945137832721e-05
940.0 0.00015146798659770866
941.0 0.0002202064479206456
942.0 0.0003366262262716191
943.0 0.0004530460046225926
944.0 0.00037832778616575524
945.0 0.00030360954497155035
946.0 0.000413454154113424
947.0 0.0005232987859926652
948.0 0.0004056734269397566
949.0 0.00028804820431105327
950.0 0.0003631584377217223
951.0 0.0004382687620818615
952.0 0.000654360474072746
953.0 0.000870452458912041
954.0 0.0009827620488067623
955.0 0.0010950719115498941
956.0 0.0012538332157419063
957.0 0.0014125945199339185
958.0 0.001632336170587223
959.0 0.0018520779121899977
960.0 0.0020055244021932594
961.0 0.002158970892196521
962.0 0.002277185740240384
963.0 0.0023954005882842466
964.0 0.0024657063477206975
965.0 0.0025360121071571484
966.0 0.002596579543023836
967.0 0.0026571469788905233
968.0 0.002607937130960636
969.0 0.0025587272830307484
970.0 0.0025743509468156844
971.0 0.002589974792499561
972.0 0.002679624958545901
973.0 0.0027692753064911813
974.0 0.002930443770310376
975.0 0.0030916122341295704
976.0 0.003037393071281258
977.0 0.0029831739084329456
978.0 0.00304545319522731
979.0 0.0031077328458195552
980.0 0.003044743789359927
981.0 0.0029817545510013588
982.0 0.0029868053388781846
983.0 0.0029918555810581893
984.0 0.0028470269171521068
985.0 0.0027021982532460243
986.0 0.002614031109260395
987.0 0.002525863965274766
988.0 0.0024859642508090474
989.0 0.0024460650820401497
990.0 0.0024793806005618535
991.0 0.002512695937184617
992.0 0.002533833321649581
993.0 0.002554971069912426
994.0 0.0026142892238567583
995.0 0.002673607559700031
996.0 0.002713841422519181
997.0 0.0027540751034393907
998.0 0.0029369923140620813
999.0 0.003119909524684772
1000.0 0.003221653969376348
1001.0 0.0033233987778658047
1002.0 0.0035191227652831003
1003.0 0.003714846388902515
1004.0 0.003741566979442723
1005.0 0.003768287569982931
1006.0 0.003984269642387517
1007.0 0.004200252442387864
1008.0 0.004195887231617235
1009.0 0.004191521657048725
1010.0 0.004162787081440911
1011.0 0.004134052505833097
1012.0 0.00404593265557196
1013.0 0.003957812441512942
1014.0 0.0037044210330350325
1015.0 0.0034510296245571226
1016.0 0.003149175608996302
1017.0 0.0028473217753344215
1018.0 0.0026017887648777105
1019.0 0.00235625593631994
1020.0 0.002145079633919522
1021.0 0.0019339033315191045
1022.0 0.0016754338503233157
1023.0 0.0014169646419759374
1024.0 0.001353580410068389
1025.0 0.001290196360059781
1026.0 0.0011774687664001249
1027.0 0.0010647411727404688
1028.0 0.0010224619472865015
1029.0 0.0009801827218325343
1030.0 0.0009428100383956917
1031.0 0.000905437354958849
1032.0 0.0008969849659479223
1033.0 0.0008885325769369956
1034.0 0.0007678727342863567
1035.0 0.0006472126187873073
1036.0 0.0006627998118347023
1037.0 0.0006783869139326271
1038.0 0.0006698328888887772
1039.0 0.0006612788638449274
1040.0 0.0006076206773286685
1041.0 0.0005539624453376746
1042.0 0.0005768346454715356
1043.0 0.0005997067091811914
1044.0 0.0006878911790408893
1045.0 0.0007760756489005871
1046.0 0.0008114370757539291
1047.0 0.0008467986845062114
1048.0 0.0007281521902768873
1049.0 0.0006095057869970333
1050.0 0.0007386683137156069
1051.0 0.0008678309313836507
1052.0 0.0008879641427483875
1053.0 0.0009080969903152436
1054.0 0.0008509185136063024
1055.0 0.0007937398549984209
1056.0 0.0008896266990632284
1057.0 0.0009855134521785658
1058.0 0.0010224677680525929
1059.0 0.00105942208392662
1060.0 0.001120254546549404
1061.0 0.0011810868272732478
1062.0 0.001249427987204399
1063.0 0.0013177688742871396
1064.0 0.001258812699234113
1065.0 0.0011998563422821462
1066.0 0.0015141064977797214
1067.0 0.001828356835176237
1068.0 0.0018251759684062563
1069.0 0.001821994737838395
1070.0 0.002099623998219613
1071.0 0.002377253258600831
1072.0 0.001959071960300207
1073.0 0.0015408904801006429
1074.0 0.0019215731299482286
1075.0 0.0023022552340989932
1076.0 0.00258753771049669
1077.0 0.0028728200049954467
1078.0 0.0031255363865057006
1079.0 0.0033782525861170143
1080.0 0.003909426959580742
1081.0 0.004440601333044469
1082.0 0.004313905083108693
1083.0 0.004187209196970798
1084.0 0.004464748781174421
1085.0 0.004742288001580164
1086.0 0.004557294960250147
1087.0 0.004372301191324368
1088.0 0.004342161992099136
1089.0 0.004312022792873904
1090.0 0.0034306987799936906
1091.0 0.002549374767113477
1092.0 0.0032827851100591943
1093.0 0.0040161954530049115
1094.0 0.0038179114199010655
1095.0 0.0036196273867972195
1096.0 0.0031162147934082896
1097.0 0.0026128020181204192
1098.0 0.003116402876912616
1099.0 0.003620004281401634
1100.0 0.0030919072742108256
1101.0 0.002563809721323196
