lsstCam/transmission_filter_detector/r33_s02/g_6/19700101T000000.ecsv
# %ECSV 1.0
# ---
# datatype:
# - {name: wavelength, unit: nm, datatype: float32}
# - {name: efficiency, unit: '%', datatype: float64}
# meta: !!omap
# - {MODE: DETECTOR}
# - {TYPE: transmission_filter_detector}
# - {CALIBDATE: '1970-01-01T00:00:00'}
# - {INSTRUME: LSSTCam}
# - {OBSTYPE: transmission_filter_detector}
# - {CALIBCLS: lsst.ip.isr.IntermediateFilterDetectorTransmissionCurve}
# - {SOURCE: Materion (DM-46256)}
# - {DETECTOR: 146}
# - {FILTER: g_6}
# - {CALIB_ID: 'calibDate=1970-01-01T00:00:00 filter=g_6 detector=146'}
# - {DATE: '2025-04-02T15:59:42.703127'}
# - {CALIB_CREATION_DATE: '2025-04-02'}
# - {CALIB_CREATION_TIME: '15:59:42'}
# - __serialized_columns__:
#     efficiency:
#       __class__: astropy.units.quantity.Quantity
#       unit: !astropy.units.Unit {unit: '%'}
#       value: !astropy.table.SerializedColumn {name: efficiency}
#     wavelength:
#       __class__: astropy.units.quantity.Quantity
#       unit: !astropy.units.Unit {unit: nm}
#       value: !astropy.table.SerializedColumn {name: wavelength}
# schema: astropy-2.0
wavelength efficiency
[from data line 608]
908.0 0.00039123406168073416
909.0 0.0003829718025372131
910.0 0.0003759348146559205
911.0 0.00036889784951199545
912.0 0.000452783569926396
913.0 0.000536669267603429
914.0 0.0004914818873658078
915.0 0.00044629441617871635
916.0 0.00038136870443850057
917.0 0.0003164430381730199
918.0 0.0003795261136474437
919.0 0.00044260918912186753
920.0 0.00044999237616139
921.0 0.00045737556320091244
922.0 0.0004183213604846969
923.0 0.0003792671577684814
924.0 0.00040248173718282487
925.0 0.00042569627112243325
926.0 0.0003740025931620039
927.0 0.00032230891520157456
928.0 0.0004308821189624723
929.0 0.0005394554136728402
930.0 0.0004882592293142807
931.0 0.0004370630904304562
932.0 0.00048023503040894866
933.0 0.0005234070613369113
934.0 0.0005722406058339402
935.0 0.0006210741503309691
936.0 0.000618883586867014
937.0 0.0006166930688777938
938.0 0.0005082033112557838
939.0 0.00039971373553271405
940.0 0.0004374016498331912
941.0 0.00047508951865893323
942.0 0.0005206853074923856
943.0 0.000566281096325838
944.0 0.0007246711447805865
945.0 0.00088306123871007
946.0 0.0009574369869369548
947.0 0.0010318128261133097
948.0 0.0008533173968316987
949.0 0.0006748219675500877
950.0 0.0006533804025821155
951.0 0.000631938701189938
952.0 0.0008048931704252027
953.0 0.0009778475032362621
954.0 0.0009182540452457033
955.0 0.000858660314406734
956.0 0.0007201816060842248
957.0 0.0005817028522869805
958.0 0.000617976638750406
959.0 0.0006542504252138315
960.0 0.0007469826414308045
961.0 0.0008397147212235723
962.0 0.0007045849542919314
963.0 0.0005694552328350255
964.0 0.0005255528321868042
965.0 0.0004816502951143775
966.0 0.0005701524059986696
967.0 0.0006586545168829616
968.0 0.0006500582912849495
969.0 0.0006414619747374672
970.0 0.0005922984655626351
971.0 0.0005431349109130679
972.0 0.000655503390589729
973.0 0.0007678718247916549
974.0 0.0007879461008997168
975.0 0.0008080202860583086
976.0 0.0007846746484574396
977.0 0.0007613288744323654
978.0 0.0008014527338673361
979.0 0.0008415765478275716
980.0 0.0009187646355712786
981.0 0.0009959527233149856
982.0 0.0009906656487146392
983.0 0.0009853787560132332
984.0 0.0011680866009555757
985.0 0.001350794354948448
986.0 0.0012833496839448344
987.0 0.001215905103890691
988.0 0.0012543056072900072
989.0 0.001292705928790383
990.0 0.0013130965271557216
991.0 0.00133348712552106
992.0 0.001283693745790515
993.0 0.0012339004570094403
994.0 0.001290551881538704
995.0 0.001347203397017438
996.0 0.0012975155186722986
997.0 0.0012478275493776891
998.0 0.001161401451099664
999.0 0.0010749755347205792
1000.0 0.0011762611393351108
1001.0 0.0012775463801517617
1002.0 0.0013438954738376196
1003.0 0.0014102443856245372
1004.0 0.0013491093341144733
1005.0 0.001287974100705469
1006.0 0.0013971577573101968
1007.0 0.0015063413229654543
1008.0 0.0014455972632276826
1009.0 0.0013848535672877915
1010.0 0.001490931936132256
1011.0 0.0015970104868756607
1012.0 0.00169784343597712
1013.0 0.0017986762031796388
1014.0 0.0019683942809933797
1015.0 0.0021381119950092398
1016.0 0.0024395638320129365
1017.0 0.0027410153052187525
1018.0 0.0028110604034736753
1019.0 0.0028811056836275384
1020.0 0.0031515053706243634
1021.0 0.0034219050576211885
1022.0 0.0035220073186792433
1023.0 0.003622109943535179
1024.0 0.003722189285326749
1025.0 0.0038222682633204386
1026.0 0.004213245119899511
1027.0 0.004604221612680703
1028.0 0.004772368993144482
1029.0 0.004940516737406142
1030.0 0.004913005614071153
1031.0 0.004885494490736164
1032.0 0.005049160972703248
1033.0 0.005212827454670332
1034.0 0.005422465255833231
1035.0 0.0056321030569961295
1036.0 0.005664109630743042
1037.0 0.005696116204489954
1038.0 0.005828815119457431
1039.0 0.0059615140344249085
1040.0 0.006123007187852636
1041.0 0.006284500705078244
1042.0 0.00646049011265859
1043.0 0.006636479520238936
1044.0 0.007060875941533595
1045.0 0.007485271635232493
1046.0 0.008360970969079062
1047.0 0.00923666957532987
1048.0 0.010332203237339854
1049.0 0.011427736899349838
1050.0 0.013596132339444011
1051.0 0.015764529234729707
1052.0 0.01900169299915433
1053.0 0.022238859673961997
1054.0 0.027169586974196136
1055.0 0.03210031136404723
1056.0 0.03808762412518263
1057.0 0.04407493397593498
1058.0 0.05167679628357291
1059.0 0.059278664411976933
1060.0 0.06754036876372993
1061.0 0.07580208475701511
1062.0 0.08319269982166588
1063.0 0.09058330324478447
1064.0 0.09741412941366434
1065.0 0.10424492647871375
1066.0 0.11041380930691957
1067.0 0.11658270377665758
1068.0 0.12416611425578594
1069.0 0.1317495247349143
1070.0 0.14173948438838124
1071.0 0.15172942075878382
1072.0 0.16274815425276756
1073.0 0.17376691102981567
1074.0 0.18561173928901553
1075.0 0.1974565675482154
1076.0 0.20955887157469988
1077.0 0.22166119888424873
1078.0 0.23314848076552153
1079.0 0.24463576264679432
1080.0 0.2605956280604005
1081.0 0.2765554701909423
1082.0 0.2990914275869727
1083.0 0.3216274082660675
1084.0 0.3614242887124419
1085.0 0.40122116915881634
1086.0 0.43975450098514557
1087.0 0.47828778624534607
1088.0 0.5319191608577967
1089.0 0.5855504889041185
1090.0 0.6633512210100889
1091.0 0.7411520462483168
1092.0 0.792478583753109
1093.0 0.8438051678240299
1094.0 0.8847679011523724
1095.0 0.9257308207452297
1096.0 0.9757814928889275
1097.0 1.0258321650326252
1098.0 1.1077815666794777
1099.0 1.1897309683263302
1100.0 1.3194262981414795
1101.0 1.4491217210888863
