lsstCam/transmission_filter_detector/r33_s02/g_6/19700101T000000.ecsv
# %ECSV 1.0
# ---
# datatype:
# - {name: wavelength, unit: nm, datatype: float32}
# - {name: efficiency, unit: '%', datatype: float64}
# meta: !!omap
# - {MODE: DETECTOR}
# - {TYPE: transmission_filter_detector}
# - {CALIBDATE: '1970-01-01T00:00:00'}
# - {INSTRUME: LSSTCam}
# - {OBSTYPE: transmission_filter_detector}
# - {CALIBCLS: lsst.ip.isr.IntermediateFilterDetectorTransmissionCurve}
# - {SOURCE: Materion (DM-46256)}
# - {DETECTOR: 146}
# - {FILTER: g_6}
# - {CALIB_ID: 'calibDate=1970-01-01T00:00:00 filter=g_6 detector=146'}
# - {DATE: '2025-04-02T15:59:42.703127'}
# - {CALIB_CREATION_DATE: '2025-04-02'}
# - {CALIB_CREATION_TIME: '15:59:42'}
# - __serialized_columns__:
#     efficiency:
#       __class__: astropy.units.quantity.Quantity
#       unit: !astropy.units.Unit {unit: '%'}
#       value: !astropy.table.SerializedColumn {name: efficiency}
#     wavelength:
#       __class__: astropy.units.quantity.Quantity
#       unit: !astropy.units.Unit {unit: nm}
#       value: !astropy.table.SerializedColumn {name: wavelength}
# schema: astropy-2.0
wavelength efficiency
300.0 0.3721864428371191
301.0 0.3181625157594681
302.0 0.26413858868181705
303.0 0.25054733268916607
304.0 0.23695609997957945
305.0 0.22959704510867596
306.0 0.22223799023777246
307.0 0.21946490742266178
308.0 0.21669180132448673
309.0 0.20910203456878662
310.0 0.20151224453002214
311.0 0.19820290617644787
312.0 0.1948935561813414
313.0 0.18734624609351158
314.0 0.17979895928874612
315.0 0.1781244995072484
316.0 0.17645006300881505
317.0 0.17395946197211742
318.0 0.1714688609354198
319.0 0.1617411384359002
320.0 0.1520134275779128
321.0 0.13927401741966605
322.0 0.1265346072614193
323.0 0.1136510050855577
324.0 0.10076741455122828
325.0 0.09072978282347322
326.0 0.08069214527495205
327.0 0.07297667325474322
328.0 0.06526120123453438
329.0 0.06212584557943046
330.0 0.05899049574509263
331.0 0.05436925566755235
332.0 0.049748015590012074
333.0 0.04734917310997844
334.0 0.044950327719561756
335.0 0.042419679812155664
336.0 0.03988902899436653
337.0 0.040467033977620304
338.0 0.04104503896087408
339.0 0.04018112376797944
340.0 0.03931720566470176
341.0 0.037450078525580466
342.0 0.03558295429684222
343.0 0.0328669382724911
344.0 0.03015092806890607
345.0 0.02654170384630561
346.0 0.02293247962370515
347.0 0.021022070723120123
348.0 0.019111661822535098
349.0 0.017584935994818807
350.0 0.7103527430444956
351.0 1.0962842963635921
352.0 0.6876597180962563
353.0 0.7538775913417339
354.0 0.7615387439727783
355.0 0.8973455987870693
356.0 0.7237364538013935
357.0 0.8842190727591515
358.0 0.6489414721727371
359.0 0.9838953614234924
360.0 0.6452560890465975
361.0 0.7060177624225616
362.0 0.5132027436047792
363.0 0.7668718229979277
364.0 0.5532190669327974
365.0 0.7288310676813126
366.0 0.5736783146858215
367.0 0.7006441708654165
368.0 0.49312268383800983
369.0 0.6795814726501703
370.0 0.49586351960897446
371.0 0.5311713553965092
372.0 0.3608090104535222
373.0 0.6821076851338148
374.0 0.38254011888056993
375.0 0.6568903103470802
376.0 0.38361931219697
377.0 0.55009750649333
378.0 0.3924515098333359
379.0 0.5574815440922976
380.0 0.4526928998529911
381.0 0.5442151799798012
382.0 0.561740854755044
383.0 0.5223709158599377
384.0 0.6251310463994741
385.0 0.5547863896936178
386.0 0.6238088943064213
387.0 0.6832304876297712
388.0 0.9118963964283466
389.0 1.1302069760859013
390.0 1.6490930691361427
391.0 2.5856083258986473
392.0 4.034539312124252
393.0 6.382348388433456
394.0 9.687374532222748
395.0 14.21886533498764
396.0 19.713205099105835
397.0 26.84457302093506
398.0 35.15022695064545
399.0 44.296351075172424
400.0 53.62594127655029
401.0 62.73828744888306
402.0 71.25546336174011
403.0 78.63794565200806
404.0 84.13231372833252
405.0 88.26429843902588
406.0 90.66793322563171
407.0 92.554771900177
408.0 93.77788305282593
409.0 94.39994692802429
410.0 94.61345672607422
411.0 94.51194405555725
412.0 94.14663910865784
413.0 93.96024346351624
414.0 93.80487203598022
415.0 93.88458728790283
416.0 94.19928193092346
417.0 94.51219439506531
418.0 94.99884843826294
419.0 95.57541608810425
420.0 96.0771381855011
421.0 96.77484035491943
422.0 96.9373345375061
423.0 97.06749320030212
424.0 96.97358012199402
425.0 96.8085527420044
426.0 96.79626226425171
427.0 96.87689542770386
428.0 96.64537906646729
429.0 96.47588729858398
430.0 96.31322622299194
431.0 96.34674787521362
432.0 96.3387131690979
433.0 96.4228630065918
434.0 96.51438593864441
435.0 96.67264223098755
436.0 96.76562547683716
437.0 96.68692350387573
438.0 96.81106209754944
439.0 96.91188335418701
440.0 96.80056571960449
441.0 96.97083830833435
442.0 96.9478189945221
443.0 96.96590304374695
444.0 96.91521525382996
445.0 96.72070145606995
446.0 96.57642841339111
447.0 96.32531404495239
448.0 96.3456392288208
449.0 96.51307463645935
450.0 96.76201343536377
451.0 96.95603251457214
452.0 97.1428394317627
453.0 97.27770686149597
454.0 97.28443622589111
455.0 97.5530743598938
456.0 97.66205549240112
457.0 97.79736399650574
458.0 97.77368307113647
459.0 97.87424802780151
460.0 97.81835675239563
461.0 98.03012013435364
462.0 97.98163175582886
463.0 97.92948365211487
464.0 98.02670478820801
465.0 97.91538715362549
466.0 97.93052077293396
467.0 97.93194532394409
468.0 97.99430966377258
469.0 98.00277352333069
470.0 97.88362383842468
471.0 97.77591824531555
472.0 97.83017635345459
473.0 97.70363569259644
474.0 97.54295349121094
475.0 97.6040780544281
476.0 97.60834574699402
477.0 97.6194679737091
478.0 97.78806567192078
479.0 97.71376848220825
480.0 97.88405895233154
481.0 97.94957637786865
482.0 98.16520810127258
483.0 98.0770468711853
484.0 98.22238683700562
485.0 98.27112555503845
486.0 98.28368425369263
487.0 98.3407974243164
488.0 98.31613898277283
489.0 98.45093488693237
490.0 98.34429025650024
491.0 98.39287996292114
492.0 98.28366041183472
493.0 98.2796311378479
494.0 98.28012585639954
495.0 98.31856489181519
496.0 98.15582036972046
497.0 98.08048605918884
498.0 97.8905975818634
499.0 97.90566563606262
500.0 97.88515567779541
501.0 97.80579805374146
502.0 97.72127270698547
503.0 97.86010980606079
504.0 97.71788120269775
505.0 97.65884280204773
506.0 97.7615237236023
507.0 97.68955111503601
508.0 97.70351052284241
509.0 97.74584770202637
510.0 97.62998819351196
511.0 97.5980818271637
512.0 97.55493402481079
513.0 97.62804508209229
514.0 97.62820601463318
515.0 97.6078748703003
516.0 97.70900011062622
517.0 97.71862626075745
518.0 97.7547824382782
519.0 97.78712391853333
520.0 97.86610007286072
521.0 97.97527194023132
522.0 97.97024726867676
523.0 98.00220131874084
524.0 97.97687530517578
525.0 98.02781343460083
526.0 98.08624386787415
527.0 98.01803231239319
528.0 98.18621277809143
529.0 98.25056195259094
530.0 98.26030135154724
531.0 98.40589165687561
532.0 98.27181696891785
533.0 98.23960661888123
534.0 98.30940365791321
535.0 98.1816828250885
536.0 97.78966903686523
537.0 97.34497666358948
538.0 96.59361839294434
539.0 95.3027069568634
540.0 93.63381862640381
541.0 91.1119818687439
542.0 88.43656182289124
543.0 84.91550087928772
544.0 80.38219213485718
545.0 76.39897465705872
546.0 71.45277857780457
547.0 66.81845188140869
548.0 62.206971645355225
549.0 58.02754759788513
550.0 54.71760630607605
551.0 51.47075653076172
552.0 49.07931983470917
553.0 46.55899107456207
554.0 43.771037459373474
555.0 40.687453746795654
556.0 36.59327030181885
557.0 31.82086944580078
558.0 26.51514708995819
559.0 21.18000090122223
560.0 15.921410918235779
561.0 11.003636568784714
562.0 7.198578119277954
563.0 4.304984956979752
564.0 2.4012694135308266
565.0 1.179312914609909
566.0 0.6277117412537336
567.0 0.31847802456468344
568.0 0.18966931384056807
569.0 0.11487394804134965
570.0 0.08215858251787722
571.0 0.0589312519878149
572.0 0.055183592485263944
573.0 0.0427389721153304
574.0 0.04553444450721145
575.0 0.03051550011150539
576.0 0.042506089084781706
577.0 0.020545600273180753
578.0 0.03230154397897422
579.0 0.017078399832826108
580.0 0.027874024817720056
581.0 0.018094222468789667
582.0 0.04236128588672727
583.0 0.021694364841096103
584.0 0.015521653403993696
585.0 0.009395160304848105
586.0 0.027173772105015814
587.0 0.012203928781673312
588.0 0.028215014026500285
589.0 0.018572917906567454
590.0 0.014304305659607053
591.0 0.013037452299613506
592.0 0.022328339400701225
593.0 0.01294936373597011
594.0 0.020838589989580214
595.0 0.008513175998814404
596.0 0.018290398293174803
597.0 0.010569589358055964
598.0 0.013191465404815972
599.0 0.012148219684604555
600.0 0.011197754793101922
601.0 0.0023124839572119527
602.0 0.002267856507387478
603.0 0.0022232286937651224
604.0 0.001964827060874086
605.0 0.0017064250641851686
606.0 0.0018405095033813268
607.0 0.0019745941244764253
608.0 0.0018500109945307486
609.0 0.001725427500787191
610.0 0.0018230368368676864
611.0 0.0019206459910492413
612.0 0.0018695793187362142
613.0 0.001818512646423187
614.0 0.0017680116798146628
615.0 0.0017175108951050788
616.0 0.0015502220776397735
617.0 0.0013829332601744682
618.0 0.001490880185883725
619.0 0.0015988269296940416
620.0 0.0014942354937375057
621.0 0.0013896438758820295
622.0 0.001426883136446122
623.0 0.001464122124161804
624.0 0.0014337552784127183
625.0 0.0014033888874109834
626.0 0.0014213942449714523
627.0 0.0014393996025319211
628.0 0.0013933727132098284
629.0 0.0013473456419887953
630.0 0.001333309046458453
631.0 0.0013192724509281106
632.0 0.0013092687368043698
633.0 0.0012992652045795694
634.0 0.001381449146720115
635.0 0.0014636329069617204
636.0 0.0014283939890447073
637.0 0.0013931548892287537
638.0 0.0012420694474712946
639.0 0.0010909840057138354
640.0 0.0012845106539316475
641.0 0.0014780371202505194
642.0 0.0013362539903027937
643.0 0.001194470860355068
644.0 0.001053929463523673
645.0 0.0009133882485912181
646.0 0.001085879102902254
647.0 0.00125836995721329
648.0 0.0012295054148125928
649.0 0.0012006407814624254
650.0 0.00118635634862585
651.0 0.0011720720067387447
652.0 0.001108128981286427
653.0 0.0010441860467835795
654.0 0.0010511287655390333
655.0 0.0010580715752439573
656.0 0.0010363161891291384
657.0 0.0010145608030143194
658.0 0.0010490301065146923
659.0 0.0010834995009645354
660.0 0.0011066487786592916
661.0 0.0011297980563540477
662.0 0.0010724796084105037
663.0 0.0010151610695174895
664.0 0.0010196869880019221
665.0 0.001024212997435825
666.0 0.0009936985406966414
667.0 0.0009631837201595772
668.0 0.0010230076441075653
669.0 0.0010828315680555534
670.0 0.0010961463885905687
671.0 0.0011094610272266436
672.0 0.0011294931937300134
673.0 0.0011495255421323236
674.0 0.001074064402928343
675.0 0.0009986033546738327
676.0 0.0010304790521331597
677.0 0.0010623542948451359
678.0 0.0010076818398374598
679.0 0.000953009475779254
680.0 0.0009116160072153434
681.0 0.0008702225386514328
682.0 0.0009781412700249348
683.0 0.001086060092347907
684.0 0.0010536821719142608
685.0 0.001021304342430085
686.0 0.001017454906104831
687.0 0.0010136055607290473
688.0 0.0010570929589448497
689.0 0.0011005802662111819
690.0 0.0010791492059070151
691.0 0.0010577182365523186
692.0 0.0010638826097419951
693.0 0.0010700469829316717
694.0 0.0010926036338787526
695.0 0.0011151603757753037
696.0 0.0010961541192955337
697.0 0.0010771478628157638
698.0 0.0011378477211110294
699.0 0.0011985473065578844
700.0 0.0011961112249991857
701.0 0.0011936749615415465
702.0 0.0012170213267381769
703.0 0.0012403676919348072
704.0 0.0011855250704684295
705.0 0.0011306823580525815
706.0 0.001142189466918353
707.0 0.0011536965757841244
708.0 0.0011379569514247123
709.0 0.0011222175089642406
710.0 0.0011981678653683048
711.0 0.0012741184036713094
712.0 0.0013129025319358334
713.0 0.0013516865692508873
714.0 0.0013154169209883548
715.0 0.0012791472727258224
716.0 0.0014849518265691586
717.0 0.0016907562894630246
718.0 0.001814272764022462
719.0 0.0019377896023797803
720.0 0.0016892305211513303
721.0 0.0014406714399228804
722.0 0.0015884295862633735
723.0 0.0017361875507049263
724.0 0.0017534186554257758
725.0 0.0017706499420455657
726.0 0.0018849670595955104
727.0 0.0019992839952465147
728.0 0.0020842606318183243
729.0 0.0021692374502890743
730.0 0.002204335578426253
731.0 0.0022394337065634318
732.0 0.001971066558326129
733.0 0.0017026995919877663
734.0 0.0014040291716810316
735.0 0.001105358296626946
736.0 0.0010307843695045449
737.0 0.0009562102604832035
738.0 0.0009950610547093675
739.0 0.0010339119398850016
740.0 0.00089921013568528
741.0 0.0007645083314855583
742.0 0.0009105032404477242
743.0 0.0010564983313088305
744.0 0.0010095221114170272
745.0 0.000962545982474694
746.0 0.000742032534617465
747.0 0.000521519086760236
748.0 0.0006733521786372876
749.0 0.0008251852705143392
750.0 0.0008612188139522914
751.0 0.0008972525392891839
752.0 0.0008325384442287032
753.0 0.000767824167269282
754.0 0.0008436786629317794
755.0 0.0009195330676448066
756.0 0.0009034847607836127
757.0 0.0008874365448718891
758.0 0.0008990326023194939
759.0 0.0009106287507165689
760.0 0.0008751214409130625
761.0 0.0008396139492106158
762.0 0.0007477361577912234
763.0 0.000655858411846566
764.0 0.0007016471045062644
765.0 0.0007474359790649032
766.0 0.000775608259573346
767.0 0.0008037804036575835
768.0 0.0007170123808464268
769.0 0.000630244312560535
770.0 0.0006462231340265134
771.0 0.0006622020009672269
772.0 0.0006431699148379266
773.0 0.0006241377377591562
774.0 0.0005995409082970582
775.0 0.0005749440333602251
776.0 0.0006219558144948678
777.0 0.0006689675046800403
778.0 0.0006449603915825719
779.0 0.0006209532784851035
780.0 0.0005201275143917883
781.0 0.00041930175029847305
782.0 0.00044178409552841913
783.0 0.0004642664862331003
784.0 0.00043440140871098265
785.0 0.0004045363766636001
786.0 0.0004170878582954174
787.0 0.0004296393854019698
788.0 0.00036889200600853655
789.0 0.0003081446493524709
790.0 0.00045368669816525653
791.0 0.0005992286787659395
792.0 0.0004467520284379134
793.0 0.0002942753098977846
794.0 0.00022435128812503535
795.0 0.00015442724361491855
796.0 0.0003165952875860967
797.0 0.0004787633770320099
798.0 0.0003927081706933677
799.0 0.0003066530325668282
800.0 0.0004457021532289218
801.0 0.0005847513875778532
802.0 0.0004570804776449222
803.0 0.0003294097041361965
804.0 0.0005059554041508818
805.0 0.000682501058690832
806.0 0.00048394922487204894
807.0 0.0002853972546290606
808.0 0.0003589059133446426
809.0 0.0004324145265854895
810.0 0.00036556166378431953
811.0 0.0002987087327710469
812.0 0.00036375640775077045
813.0 0.0004288041054678615
814.0 0.0004092361450602766
815.0 0.0003896681391779566
816.0 0.0004929109309159685
817.0 0.0005961537681287155
818.0 0.0004366562734503532
819.0 0.0002771587332972558
820.0 0.0004027499926451128
821.0 0.0005283412519929698
822.0 0.0005185918780625798
823.0 0.0005088424586574547
824.0 0.0004412042926560389
825.0 0.0003735660357051529
826.0 0.00045618317017215304
827.0 0.0005388003046391532
828.0 0.00040906697904574685
829.0 0.0002793336989270756
830.0 0.00040868330870580394
831.0 0.0005380329184845323
832.0 0.0005531278020498576
833.0 0.0005682226856151829
834.0 0.00045065057747706305
835.0 0.00033307842386420816
836.0 0.00041284765757154673
837.0 0.0004926169367536204
838.0 0.0006020090040692594
839.0 0.0007114011623343686
840.0 0.0006191111879161326
841.0 0.0005268212589726318
842.0 0.0004718678610515781
843.0 0.0004169144176557893
844.0 0.0005518267244042363
845.0 0.0006867390311526833
846.0 0.0004770513896801276
847.0 0.0002673636799954693
848.0 0.00037301535940059694
849.0 0.00047866701606835704
850.0 0.00036374676710693166
851.0 0.0002488264954081387
852.0 0.00017823964526542113
853.0 0.00010765278375401977
854.0 0.00035688269690581365
855.0 0.0006061125986889238
856.0 0.000523407425134792
857.0 0.00044070225158066023
858.0 0.0004563029960991116
859.0 0.00047190369514282793
860.0 0.00043117188397445716
861.0 0.0003904400273313513
862.0 0.0005090984814160038
863.0 0.0006277569355006563
864.0 0.000521209767612163
865.0 0.0004146625542489346
866.0 0.0005671260169037851
867.0 0.0007195894340839004
868.0 0.0005688190867658705
869.0 0.0004180486939731054
870.0 0.00045627325562236365
871.0 0.000494497862746357
872.0 0.0005699015673599206
873.0 0.0006453052719734842
874.0 0.0005600089480140014
875.0 0.00047471257857978344
876.0 0.00040454415284330025
877.0 0.0003343757043694495
878.0 0.0005020169737690594
879.0 0.0006696582659060368
880.0 0.000742396241548704
881.0 0.0008151343536155764
882.0 0.0006511918400065042
883.0 0.0004872493718721671
884.0 0.0005383323241403559
885.0 0.0005894150945096044
886.0 0.0006138175194791984
887.0 0.0006382199899235275
888.0 0.0006365256012941245
889.0 0.0006348311671899864
890.0 0.0006226579444046365
891.0 0.0006104846761445515
892.0 0.0006021280114509864
893.0 0.0005937715741310967
894.0 0.0004759956027555745
895.0 0.00035821974506689003
896.0 0.0004504337994148955
897.0 0.0005426478310255334
898.0 0.0004808267931366572
899.0 0.00041900580072251614
900.0 0.0004070121121912962
901.0 0.0003950185600842815
902.0 0.0004094692030776059
903.0 0.00042391989154566545
904.0 0.00039607375583727844
905.0 0.00036822762012889143
906.0 0.00038386197047657333
