lsstCam/transmission_filter_detector/r42_s21/u_24/19700101T000000.ecsv
# %ECSV 1.0
# ---
# datatype:
# - {name: wavelength, unit: nm, datatype: float32}
# - {name: efficiency, unit: '%', datatype: float64}
# meta: !!omap
# - {MODE: DETECTOR}
# - {TYPE: transmission_filter_detector}
# - {CALIBDATE: '1970-01-01T00:00:00'}
# - {INSTRUME: LSSTCam}
# - {OBSTYPE: transmission_filter_detector}
# - {CALIBCLS: lsst.ip.isr.IntermediateFilterDetectorTransmissionCurve}
# - {SOURCE: Materion (DM-46256)}
# - {DETECTOR: 178}
# - {FILTER: u_24}
# - {CALIB_ID: 'calibDate=1970-01-01T00:00:00 filter=u_24 detector=178'}
# - {DATE: '2025-04-02T15:59:40.575725'}
# - {CALIB_CREATION_DATE: '2025-04-02'}
# - {CALIB_CREATION_TIME: '15:59:40'}
# - __serialized_columns__:
#     efficiency:
#       __class__: astropy.units.quantity.Quantity
#       unit: !astropy.units.Unit {unit: '%'}
#       value: !astropy.table.SerializedColumn {name: efficiency}
#     wavelength:
#       __class__: astropy.units.quantity.Quantity
#       unit: !astropy.units.Unit {unit: nm}
#       value: !astropy.table.SerializedColumn {name: wavelength}
# schema: astropy-2.0
wavelength efficiency
[from data line 582]
877.0 0.0028863823899882846
878.0 0.0030403518394450657
879.0 0.003071932223974727
880.0 0.003103512426605448
881.0 0.0032413390727015212
882.0 0.0033791657187975943
883.0 0.003321426993352361
884.0 0.0032636882679071277
885.0 0.0033517833799123764
886.0 0.003439878491917625
887.0 0.003391479913261719
888.0 0.003343081334605813
889.0 0.0030827595765003935
890.0 0.002822437454597093
891.0 0.0029731550966971554
892.0 0.003123872011201456
893.0 0.0032246793125523254
894.0 0.003325486250105314
895.0 0.0031090898119146004
896.0 0.002892693373723887
897.0 0.003096180807915516
898.0 0.003299668605905026
899.0 0.0036448880564421415
900.0 0.003990107870777138
901.0 0.004203298885840923
902.0 0.004416489537106827
903.0 0.004640287806978449
904.0 0.0048640860768500715
905.0 0.0051132305088685825
906.0 0.0053623749408870935
907.0 0.005511625568033196
908.0 0.005660875831381418
909.0 0.00570888769289013
910.0 0.005756899554398842
911.0 0.005721525667468086
912.0 0.005686151416739449
913.0 0.005599680298473686
914.0 0.005513209180207923
915.0 0.005374345710151829
916.0 0.005235482240095735
917.0 0.005300328484736383
918.0 0.005365174365579151
919.0 0.005321814387571067
920.0 0.005278454773360863
921.0 0.005098776091472246
922.0 0.004919097409583628
923.0 0.004963599712937139
924.0 0.005008101652492769
925.0 0.005407689241110347
926.0 0.005807277193525806
927.0 0.006322569242911413
928.0 0.0068378612922970206
929.0 0.0071250644396059215
930.0 0.007412268314510584
931.0 0.007500686479033902
932.0 0.007589104643557221
933.0 0.007597406511195004
934.0 0.007605709106428549
935.0 0.007721671863691881
936.0 0.007837634620955214
937.0 0.007383547927020118
938.0 0.00692946050548926
939.0 0.0064396808738820255
940.0 0.005949901606072672
941.0 0.005646961290040053
942.0 0.005344020974007435
943.0 0.004707416155724786
944.0 0.004070811337442137
945.0 0.0033242988138226792
946.0 0.0025777864721021615
947.0 0.0024715984181966633
948.0 0.0023654105461901054
949.0 0.0020863040845142677
950.0 0.00180719762283843
951.0 0.0017882670363178477
952.0 0.0017693359041004442
953.0 0.001773254007275682
954.0 0.0017771715647540987
955.0 0.0017548189134686254
956.0 0.0017324660802842118
957.0 0.002021304862864781
958.0 0.002310143827344291
959.0 0.0027104673790745437
960.0 0.003110790567006916
961.0 0.0033109128708019853
962.0 0.0035110355383949354
963.0 0.00392448746424634
964.0 0.0043379397538956255
965.0 0.004629515024134889
966.0 0.004921090294374153
967.0 0.0050819355237763375
968.0 0.005242780753178522
969.0 0.005123077426105738
970.0 0.005003374099032953
971.0 0.0052654839237220585
972.0 0.005527594112209044
973.0 0.005333452281774953
974.0 0.005139310451340862
975.0 0.004683443694375455
976.0 0.00422757730120793
977.0 0.00435395231761504
978.0 0.00448032769782003
979.0 0.004088466084795073
980.0 0.003696604471770115
981.0 0.0038299687730614096
982.0 0.003963333074352704
983.0 0.0038733152905479074
984.0 0.0037832978705409914
985.0 0.0039281232602661476
986.0 0.004072948649991304
987.0 0.004638601603801362
988.0 0.00520425419381354
989.0 0.005594419417320751
990.0 0.005984585732221603
991.0 0.006306993600446731
992.0 0.0066294036514591426
993.0 0.006985300569795072
994.0 0.007341196032939479
995.0 0.0072700888267718256
996.0 0.007198978710221127
997.0 0.007173926860559732
998.0 0.007148874283302575
999.0 0.0071147114795167
1000.0 0.007080549403326586
1001.0 0.006566102820215747
1002.0 0.00605165732849855
1003.0 0.005945232987869531
1004.0 0.005838810466229916
1005.0 0.00541705267096404
1006.0 0.004995295967091806
1007.0 0.004670633279602043
1008.0 0.0043459702283144
1009.0 0.004180151881882921
1010.0 0.004014332807855681
1011.0 0.003563580321497284
1012.0 0.0031128271075431257
1013.0 0.002579644205980003
1014.0 0.0020464609406189993
1015.0 0.0018512522728997283
1016.0 0.0016560434232815169
1017.0 0.0014955054211895913
1018.0 0.0013349672371987253
1019.0 0.0012245934158272576
1020.0 0.0011142195944557898
1021.0 0.0010934724741673563
1022.0 0.0010727252629294526
1023.0 0.0010372017641202547
1024.0 0.001001678447209997
1025.0 0.0012760464414895978
1026.0 0.0015504145267186686
1027.0 0.0018618964531924576
1028.0 0.002173378197767306
1029.0 0.002141517325071618
1030.0 0.0021096562704769894
1031.0 0.002148271414625924
1032.0 0.002186886194976978
1033.0 0.0023602047804160975
1034.0 0.0025335230020573363
1035.0 0.0025851262762444094
1036.0 0.002636729732330423
1037.0 0.0025390019800397567
1038.0 0.0024412742277490906
1039.0 0.0026401789000374265
1040.0 0.0028390832085278817
1041.0 0.002772240804915782
1042.0 0.002705398219404742
1043.0 0.0024223525542765856
1044.0 0.002139306889148429
1045.0 0.002318283441127278
1046.0 0.0024972598112071864
1047.0 0.0027106862034997903
1048.0 0.0029241127776913345
1049.0 0.002313132063136436
1050.0 0.0017021511666825972
1051.0 0.0016464617146993987
1052.0 0.0015907722627162002
1053.0 0.0012948946277901996
1054.0 0.0009990169019147288
1055.0 0.0012376652193779591
1056.0 0.0014763135368411895
1057.0 0.0015206358511932194
1058.0 0.0015649584383936599
1059.0 0.0009587999556970317
1060.0 0.0003526418822730193
1061.0 0.0008123689440253656
1062.0 0.0012720963241008576
1063.0 0.0019412125766393729
1064.0 0.002610328738228418
1065.0 0.0017643822502577677
1066.0 0.0009184355803881772
1067.0 0.0011843474567285739
1068.0 0.0014502593330689706
1069.0 0.0013037511962465942
1070.0 0.0011572427865758073
1071.0 0.0009639298696129117
1072.0 0.0007706171345489565
1073.0 0.0016015817891457118
1074.0 0.002432546352792997
1075.0 0.0027228605176787823
1076.0 0.0030131750463624485
1077.0 0.004123714825254865
1078.0 0.00523425369465258
1079.0 0.005104305819259025
1080.0 0.0049743568524718285
1081.0 0.003737524093594402
1082.0 0.0025006913347169757
1083.0 0.003563377686077729
1084.0 0.0046260647650342435
1085.0 0.004709743370767683
1086.0 0.0047934227040968835
1087.0 0.0038024878449505195
1088.0 0.0028115529858041555
1089.0 0.00305303001368884
1090.0 0.0032945070415735245
1091.0 0.004151228131377138
1092.0 0.005007948857382871
1093.0 0.003823956285486929
1094.0 0.002639963713590987
1095.0 0.0036029705370310694
1096.0 0.004565977360471152
1097.0 0.0016878488168003969
1098.0 1.7044486481931909e-10
1099.0 0.0015386440281872638
1100.0 0.004267567055649124
