lsstCam/transmission_filter_detector/r42_s21/u_24/19700101T000000.ecsv
# %ECSV 1.0
# ---
# datatype:
# - {name: wavelength, unit: nm, datatype: float32}
# - {name: efficiency, unit: '%', datatype: float64}
# meta: !!omap
# - {MODE: DETECTOR}
# - {TYPE: transmission_filter_detector}
# - {CALIBDATE: '1970-01-01T00:00:00'}
# - {INSTRUME: LSSTCam}
# - {OBSTYPE: transmission_filter_detector}
# - {CALIBCLS: lsst.ip.isr.IntermediateFilterDetectorTransmissionCurve}
# - {SOURCE: Materion (DM-46256)}
# - {DETECTOR: 178}
# - {FILTER: u_24}
# - {CALIB_ID: 'calibDate=1970-01-01T00:00:00 filter=u_24 detector=178'}
# - {DATE: '2025-04-02T15:59:40.575725'}
# - {CALIB_CREATION_DATE: '2025-04-02'}
# - {CALIB_CREATION_TIME: '15:59:40'}
# - __serialized_columns__:
#     efficiency:
#       __class__: astropy.units.quantity.Quantity
#       unit: !astropy.units.Unit {unit: '%'}
#       value: !astropy.table.SerializedColumn {name: efficiency}
#     wavelength:
#       __class__: astropy.units.quantity.Quantity
#       unit: !astropy.units.Unit {unit: nm}
#       value: !astropy.table.SerializedColumn {name: wavelength}
# schema: astropy-2.0
wavelength efficiency
295.0 1.7044486481931909e-10
296.0 1.7044486481931909e-10
297.0 1.7044486481931909e-10
298.0 1.7044486481931909e-10
299.0 1.7044486481931909e-10
300.0 1.7044486481931909e-10
301.0 1.7044486481931909e-10
302.0 0.007703521259827539
303.0 1.7044486481931909e-10
304.0 0.3992178477346897
305.0 1.0337510146200657
306.0 2.9746374115347862
307.0 4.929927363991737
308.0 7.563589513301849
309.0 11.136671155691147
310.0 15.173058211803436
311.0 18.97551268339157
312.0 22.532077133655548
313.0 25.590714812278748
314.0 28.266096115112305
315.0 30.714231729507446
316.0 33.082953095436096
317.0 36.00792586803436
318.0 39.76362347602844
319.0 44.662174582481384
320.0 50.95747113227844
321.0 56.540101766586304
322.0 62.28269338607788
323.0 66.98135137557983
324.0 70.73369026184082
325.0 73.19005727767944
326.0 75.36088824272156
327.0 76.98542475700378
328.0 78.64124774932861
329.0 79.99290823936462
330.0 80.97863793373108
331.0 81.2253475189209
332.0 81.5994143486023
333.0 81.71684741973877
334.0 81.8011462688446
335.0 82.08674192428589
336.0 82.65333771705627
337.0 83.34711194038391
338.0 84.2288076877594
339.0 84.78613495826721
340.0 85.06089448928833
341.0 85.33944487571716
342.0 85.6011152267456
343.0 85.61837077140808
344.0 85.81271171569824
345.0 86.28837466239929
346.0 86.59523725509644
347.0 87.01938986778259
348.0 87.30278015136719
349.0 87.33389377593994
350.0 87.41298913955688
351.0 87.58887052536011
352.0 87.5281035900116
353.0 87.55476474761963
354.0 87.52567172050476
355.0 87.66539096832275
356.0 87.81912922859192
357.0 87.62157559394836
358.0 87.18846440315247
359.0 86.90041899681091
360.0 86.66889667510986
361.0 86.47926449775696
362.0 86.29884123802185
363.0 86.5703821182251
364.0 86.75777912139893
365.0 87.13487386703491
366.0 87.48592138290405
367.0 87.58016228675842
368.0 87.5897228717804
369.0 87.73712515830994
370.0 87.68015503883362
371.0 87.60141134262085
372.0 87.74305582046509
373.0 88.06614875793457
374.0 88.05533051490784
375.0 88.38017582893372
376.0 88.61476182937622
377.0 88.68446946144104
378.0 88.6685311794281
379.0 88.1299078464508
380.0 87.09309697151184
381.0 85.44656038284302
382.0 83.48828554153442
383.0 81.4294695854187
384.0 79.29927110671997
385.0 76.67636275291443
386.0 73.83114099502563
387.0 70.01263499259949
388.0 66.03131890296936
389.0 61.379027366638184
390.0 57.09918737411499
391.0 52.75391936302185
392.0 48.5079824924469
393.0 44.96554732322693
394.0 41.40236675739288
395.0 37.209126353263855
396.0 32.39772021770477
397.0 25.94137191772461
398.0 19.143487513065338
399.0 12.400656193494797
400.0 6.910485029220581
401.0 3.130827844142914
402.0 1.0982044041156769
403.0 0.3388671902939677
404.0 0.1713448786176741
405.0 0.056528730783611536
406.0 0.005019848686060868
407.0 1.7044486481931909e-10
408.0 1.7044486481931909e-10
409.0 1.7044486481931909e-10
410.0 1.7044486481931909e-10
411.0 1.7044486481931909e-10
412.0 1.7044486481931909e-10
413.0 1.7044486481931909e-10
414.0 1.7044486481931909e-10
415.0 1.7044486481931909e-10
416.0 1.7044486481931909e-10
417.0 1.7044486481931909e-10
418.0 1.7044486481931909e-10
419.0 1.7044486481931909e-10
420.0 1.7044486481931909e-10
421.0 1.7044486481931909e-10
422.0 1.7044486481931909e-10
423.0 1.7044486481931909e-10
424.0 1.7044486481931909e-10
425.0 1.7044486481931909e-10
426.0 1.7044486481931909e-10
427.0 1.7044486481931909e-10
428.0 1.7044486481931909e-10
429.0 1.7044486481931909e-10
430.0 1.7044486481931909e-10
431.0 1.7044486481931909e-10
432.0 1.7044486481931909e-10
433.0 0.00034610436614457285
434.0 0.0007418580480589299
435.0 0.00033347953376505757
436.0 1.7044486481931909e-10
437.0 1.7044486481931909e-10
438.0 1.7044486481931909e-10
439.0 1.7044486481931909e-10
440.0 0.001145762416854268
441.0 0.001188061014545383
442.0 0.001230359703185968
443.0 9.465042580814043e-05
444.0 1.7044486481931909e-10
445.0 1.7044486481931909e-10
446.0 1.7044486481931909e-10
447.0 1.7044486481931909e-10
448.0 0.0005988672000967199
449.0 0.0006225527158676414
450.0 0.000646238277113298
451.0 0.0007842133527447004
452.0 0.0009221886102750432
453.0 0.0006359685357892886
454.0 0.000349748711414577
455.0 0.0003635633902376867
456.0 0.0003773779553739587
457.0 0.00020814434265048476
458.0 3.891079813911347e-05
459.0 1.7044486481931909e-10
460.0 1.7044486481931909e-10
461.0 4.497240979617345e-06
462.0 0.00021313239813025575
463.0 0.0003251535190429422
464.0 0.0004371748673293041
465.0 0.00010791115983010968
466.0 1.7044486481931909e-10
467.0 0.0006789261533413082
468.0 0.001579204763402231
469.0 0.0009351108019473031
470.0 0.000291016749542905
471.0 1.7044486481931909e-10
472.0 1.7044486481931909e-10
473.0 1.7044486481931909e-10
474.0 1.7044486481931909e-10
475.0 1.7044486481931909e-10
476.0 1.7044486481931909e-10
477.0 1.7044486481931909e-10
478.0 1.7044486481931909e-10
479.0 1.7044486481931909e-10
480.0 1.7044486481931909e-10
481.0 1.7044486481931909e-10
482.0 1.7044486481931909e-10
483.0 1.7044486481931909e-10
484.0 1.7044486481931909e-10
485.0 1.7044486481931909e-10
486.0 1.7044486481931909e-10
487.0 1.7044486481931909e-10
488.0 1.7044486481931909e-10
489.0 1.7044486481931909e-10
490.0 0.00016679908867445192
491.0 0.00010569314099484473
492.0 4.458715068267338e-05
493.0 0.0002622843112476403
494.0 0.00047998159971029963
495.0 0.00018189233514931402
496.0 1.7044486481931909e-10
497.0 1.7044486481931909e-10
498.0 1.7044486481931909e-10
499.0 1.7044486481931909e-10
500.0 1.9237384663028934e-05
501.0 1.7044486481931909e-10
502.0 1.7044486481931909e-10
503.0 1.7044486481931909e-10
504.0 1.7044486481931909e-10
505.0 1.7044486481931909e-10
506.0 1.7044486481931909e-10
507.0 8.585776072322915e-05
508.0 0.0003688456672534812
509.0 1.7044486481931909e-10
510.0 1.7044486481931909e-10
511.0 1.7044486481931909e-10
512.0 1.7044486481931909e-10
513.0 1.7044486481931909e-10
514.0 1.7044486481931909e-10
515.0 1.7044486481931909e-10
516.0 1.7044486481931909e-10
517.0 1.7044486481931909e-10
518.0 1.7044486481931909e-10
519.0 1.7044486481931909e-10
520.0 9.146324373432435e-05
521.0 4.1551058416189335e-05
522.0 1.7044486481931909e-10
523.0 0.00014062756008570432
524.0 0.000289616014015337
525.0 0.00016480465774293407
526.0 3.999330715487304e-05
527.0 1.7044486481931909e-10
528.0 1.7044486481931909e-10
529.0 1.7044486481931909e-10
530.0 0.0001380848630105902
531.0 1.841166152871665e-05
532.0 1.7044486481931909e-10
533.0 0.00010910598575719632
534.0 0.0003194735427314299
535.0 1.7044486481931909e-10
536.0 1.7044486481931909e-10
537.0 1.7044486481931909e-10
538.0 1.7044486481931909e-10
539.0 1.7044486481931909e-10
540.0 3.425711838644929e-05
541.0 1.7044486481931909e-10
542.0 1.7044486481931909e-10
543.0 1.7044486481931909e-10
544.0 1.7044486481931909e-10
545.0 1.7044486481931909e-10
546.0 3.946749131955585e-05
547.0 1.7044486481931909e-10
548.0 1.7044486481931909e-10
549.0 1.7044486481931909e-10
550.0 1.7044486481931909e-10
551.0 1.7044486481931909e-10
552.0 1.7044486481931909e-10
553.0 1.7044486481931909e-10
554.0 1.7044486481931909e-10
555.0 1.7044486481931909e-10
556.0 1.7044486481931909e-10
557.0 1.7044486481931909e-10
558.0 1.7044486481931909e-10
559.0 1.7044486481931909e-10
560.0 1.7044486481931909e-10
561.0 1.7044486481931909e-10
562.0 1.7044486481931909e-10
563.0 1.7044486481931909e-10
564.0 1.7044486481931909e-10
565.0 0.00016918460232773214
566.0 0.00036449373510549776
567.0 0.0003388108552826452
568.0 0.00031312792998505756
569.0 0.00014474394447461236
570.0 1.7044486481931909e-10
571.0 4.9869231588672847e-05
572.0 0.00012337861790001625
573.0 0.00041992175283667166
574.0 0.0007164650014601648
575.0 0.000576554248254979
576.0 0.0004366434495750582
577.0 0.00040079075915855356
578.0 0.0003649381596915191
579.0 0.0006368748017848702
580.0 0.0009088113984034862
581.0 0.0008179930773621891
582.0 0.0007271747563208919
583.0 0.0009115325156017207
584.0 0.0010958902748825494
585.0 0.0009406784556631465
586.0 0.0007854667273932137
587.0 0.0005276320734992623
588.0 0.00026979732865584083
589.0 0.0002765350927802501
590.0 0.00028327287964202696
591.0 0.0004870520115218824
592.0 0.0006908311206643702
593.0 0.0007651131454622373
594.0 0.0008393951247853693
595.0 0.000983037352852989
596.0 0.001126679762819549
597.0 0.0017531610865262337
598.0 0.002379642683081329
599.0 0.0023358807084150612
600.0 0.0022921185518498532
601.0 0.002414626214886084
602.0 0.002537133877922315
603.0 0.0023399694327963516
604.0 0.002142804987670388
605.0 0.0018100325178238563
606.0 0.0014772601389267948
607.0 0.0011204640031792223
608.0 0.0007636677764821798
609.0 0.000532705871592043
610.0 0.00030174389848980354
611.0 0.0003151126975353691
612.0 0.00032848140563146444
613.0 0.0005627156497212127
614.0 0.0007969499165483285
615.0 0.0006395172476914013
616.0 0.0004820846243092092
617.0 0.00041984694689745083
618.0 0.00035760924674832495
619.0 0.0005456931830849499
620.0 0.000733777005734737
621.0 0.0006246835255296901
622.0 0.0005155900907993782
623.0 0.0007748004463792313
624.0 0.001034010620060144
625.0 0.0011820368854387198
626.0 0.0013300631508172955
627.0 0.0013511632459994871
628.0 0.0013722633411816787
629.0 0.0016658437743899412
630.0 0.0019594239347497933
631.0 0.0022336751499096863
632.0 0.0025079263650695793
633.0 0.0026051759050460532
634.0 0.0027024256269214675
635.0 0.002808455246849917
636.0 0.002914484684879426
637.0 0.0025251982151530683
638.0 0.002135911927325651
639.0 0.0018034474123851396
640.0 0.0014709828974446282
641.0 0.0010566065611783415
642.0 0.0006422302703867899
643.0 0.00030248959319578717
644.0 1.7044486481931909e-10
645.0 3.58766328645288e-05
646.0 0.00010900427014348679
647.0 0.00045095707719156053
648.0 0.000792909850133583
649.0 0.0007774735422572121
650.0 0.0007620371434313711
651.0 0.0011644227015494835
652.0 0.0015668081687181257
653.0 0.0018019994968199171
654.0 0.0020371908249217086
655.0 0.0025452874979237095
656.0 0.00305338398902677
657.0 0.003327847662148997
658.0 0.0036023113352712244
659.0 0.0035122491681249812
660.0 0.0034221866371808574
661.0 0.0030210203476599418
662.0 0.002619853876240086
663.0 0.002293937541253399
664.0 0.0019680213881656528
665.0 0.0016293683074763976
666.0 0.0012907151358376723
667.0 0.0010758312782854773
668.0 0.0008609474207332823
669.0 0.000643223484075861
670.0 0.0004254994564689696
671.0 0.000601716419623699
672.0 0.0007779334737278987
673.0 0.0008072292985161766
674.0 0.0008365250323549844
675.0 0.0012539635463326704
676.0 0.0016714020603103563
677.0 0.0025352555894642137
678.0 0.0033991087548201904
679.0 0.004784586781170219
680.0 0.00617006589891389
681.0 0.007930333231342956
682.0 0.009690600563772023
683.0 0.010382862819824368
684.0 0.011075125803472474
685.0 0.010348692740080878
686.0 0.009622261859476566
687.0 0.008324028749484569
688.0 0.007025795639492571
689.0 0.0059718026022892445
690.0 0.004917809201288037
691.0 0.004116036870982498
692.0 0.003314264540676959
693.0 0.0025420002202736214
694.0 0.0017697360817692243
695.0 0.0013768746612186078
696.0 0.0009840133316174615
697.0 0.0008208630788431037
698.0 0.0006577129170182161
699.0 0.0006260059308260679
700.0 0.0005942990355833899
701.0 0.0005654826509271516
702.0 0.0005366662207961781
703.0 0.0004938760866934899
704.0 0.00045108590711606666
705.0 0.0005619201147055719
706.0 0.0006727542768203421
707.0 0.000712633573130006
708.0 0.0007525130058638752
709.0 0.0007955388355185278
710.0 0.0008385648470721208
711.0 0.0008199327567126602
712.0 0.0008013006663531996
713.0 0.0007827705303498078
714.0 0.0007642403033969458
715.0 0.0006513127573271049
716.0 0.0005383851203077938
717.0 0.0004780908511747839
718.0 0.0004177964456175687
719.0 0.000201859825210704
720.0 1.7044486481931909e-10
721.0 6.157421950092612e-06
722.0 2.6391722940388718e-05
723.0 0.000218495074477687
724.0 0.00041059856812353246
725.0 0.00041409007280890364
726.0 0.0004175817139184801
727.0 0.00039586175262229517
728.0 0.00037414174585137516
729.0 0.00033739097489160486
730.0 0.000300640181194467
731.0 0.0003020295025635278
732.0 0.0003034188466699561
733.0 0.0003468019940555678
734.0 0.00039018509596644435
735.0 0.00048575889195490163
736.0 0.0005813326879433589
737.0 0.0006617261988139944
738.0 0.0007421197096846299
739.0 0.0014702658518217504
740.0 0.002198412039433606
741.0 0.0025800625735428184
742.0 0.0029617132895509712
743.0 0.003195713725290261
744.0 0.0034297143429284915
745.0 0.003787002060562372
746.0 0.004144289778196253
747.0 0.004312669625505805
748.0 0.0044810491090174764
749.0 0.004466044993023388
750.0 0.004451040513231419
751.0 0.00432018750871066
752.0 0.004189334504189901
753.0 0.003615553578129038
754.0 0.003041773015866056
755.0 0.0025301857021986507
756.0 0.0020185985704301856
757.0 0.001449229966965504
758.0 0.0008798613635008223
759.0 0.0007565222858829657
760.0 0.0006331830718409037
761.0 0.0005995552328386111
762.0 0.0005659273028868483
763.0 0.0005637764388666255
764.0 0.0005616256203211378
765.0 0.0005929180133534828
766.0 0.0006242104518605629
767.0 0.0005076410616311477
768.0 0.00039107180782593787
769.0 0.0003955908596253721
770.0 0.0004001100023742765
771.0 0.000626887276666821
772.0 0.0008536646419088356
773.0 0.0009727273209136911
774.0 0.0010917898180196062
775.0 0.0009024432984006125
776.0 0.000713096824256354
777.0 0.0008403318133787252
778.0 0.0009675666660768911
779.0 0.0010750456567620859
780.0 0.0011825245564978104
781.0 0.0013341702469915617
782.0 0.0014858157555863727
783.0 0.0014283886230259668
784.0 0.001370961581415031
785.0 0.00146051888805232
786.0 0.0015500761946896091
787.0 0.0013491853678715415
788.0 0.0011482946320029441
789.0 0.0011487433766887989
790.0 0.0011491918485262431
791.0 0.0009590295121597592
792.0 0.0007688671757932752
793.0 0.0007561930488009239
794.0 0.0007435188308591023
795.0 0.0006473899247794179
796.0 0.0005512611551239388
797.0 0.0002715408527365071
798.0 1.7044486481931909e-10
799.0 1.7044486481931909e-10
800.0 1.7044486481931909e-10
801.0 4.867446001810549e-07
802.0 0.00014015079159435118
803.0 9.362076411889575e-05
804.0 4.709077359166258e-05
805.0 6.380590775734163e-05
806.0 8.052106181821728e-05
807.0 0.00015113106428543688
808.0 0.00022174108380568214
809.0 0.00020093359580641845
810.0 0.0001801261760192574
811.0 0.00032620405363559257
812.0 0.0004722819539892953
813.0 0.00032717596241127467
814.0 0.00018207000493930536
815.0 0.00013504501339411945
816.0 8.802006163932674e-05
817.0 0.0001473514089411765
818.0 0.0002066828528768383
819.0 0.00042950014176312834
820.0 0.0006523173851746833
821.0 0.0004666030690714251
822.0 0.0002808887302307994
823.0 0.00015321654700528597
824.0 2.5544395043652912e-05
825.0 6.066015316719131e-05
826.0 9.577591981724254e-05
827.0 0.00013482513168128207
828.0 0.00017387436628268915
829.0 0.0002325654577362002
830.0 0.00029125665150786517
831.0 0.00020209340618748683
832.0 0.0001129302404478949
833.0 1.7044486481931909e-10
834.0 1.7044486481931909e-10
835.0 1.7044486481931909e-10
836.0 1.7044486481931909e-10
837.0 8.812061480512057e-06
838.0 0.00027460441742732655
839.0 0.0002418800249870401
840.0 0.00020915579170832643
841.0 2.0976098369374085e-05
842.0 1.7044486481931909e-10
843.0 2.2033491120510007e-05
844.0 0.0002112705715262564
845.0 1.7044486481931909e-10
846.0 1.7044486481931909e-10
847.0 1.7044486481931909e-10
848.0 0.00034283748391317204
849.0 0.0002847791847671033
850.0 0.00022672074919682927
851.0 0.0002908980377469561
852.0 0.00035507532629708294
853.0 0.0006922506599948974
854.0 0.0010294258572685067
855.0 0.0010030555131379515
856.0 0.0009766853509063367
857.0 0.0010756844858406112
858.0 0.001174683802673826
859.0 0.0012398096259857994
860.0 0.0013049354492977727
861.0 0.001564863123348914
862.0 0.001824791070248466
863.0 0.0019303623048472218
864.0 0.0020359339032438584
865.0 0.0017762677089194767
866.0 0.0015166012417466845
867.0 0.001740459083521273
868.0 0.0019643168343463913
869.0 0.002106779720634222
870.0 0.002249242606922053
871.0 0.0021931669834884815
872.0 0.00213709117815597
873.0 0.0024194432626245543
874.0 0.002701795528992079
875.0 0.0027171043257112615
