lsstCam/transmission_filter_detector/r23_s20/g_6/19700101T000000.ecsv
# %ECSV 1.0
# ---
# datatype:
# - {name: wavelength, unit: nm, datatype: float32}
# - {name: efficiency, unit: '%', datatype: float64}
# meta: !!omap
# - {MODE: DETECTOR}
# - {TYPE: transmission_filter_detector}
# - {CALIBDATE: '1970-01-01T00:00:00'}
# - {INSTRUME: LSSTCam}
# - {OBSTYPE: transmission_filter_detector}
# - {CALIBCLS: lsst.ip.isr.IntermediateFilterDetectorTransmissionCurve}
# - {SOURCE: Materion (DM-46256)}
# - {DETECTOR: 105}
# - {FILTER: g_6}
# - {CALIB_ID: 'calibDate=1970-01-01T00:00:00 filter=g_6 detector=105'}
# - {DATE: '2025-04-02T15:59:42.514410'}
# - {CALIB_CREATION_DATE: '2025-04-02'}
# - {CALIB_CREATION_TIME: '15:59:42'}
# - __serialized_columns__:
#     efficiency:
#       __class__: astropy.units.quantity.Quantity
#       unit: !astropy.units.Unit {unit: '%'}
#       value: !astropy.table.SerializedColumn {name: efficiency}
#     wavelength:
#       __class__: astropy.units.quantity.Quantity
#       unit: !astropy.units.Unit {unit: nm}
#       value: !astropy.table.SerializedColumn {name: wavelength}
# schema: astropy-2.0
wavelength efficiency
[from data line 608]
908.0 0.000471646217192756
909.0 0.0005135872925166041
910.0 0.00043187969822611194
911.0 0.00035017212667298736
912.0 0.00046401437430176884
913.0 0.0005778565991931828
914.0 0.0005665254320774693
915.0 0.0005551942194870207
916.0 0.0004715262093668571
917.0 0.00038785833567089867
918.0 0.00039847045627539046
919.0 0.00040908266782935243
920.0 0.0005097738267068053
921.0 0.0006104649855842581
922.0 0.0005102249360788846
923.0 0.0004099848410987761
924.0 0.000405139098802465
925.0 0.00040029326555668376
926.0 0.00047876160351734143
927.0 0.0005572299414779991
928.0 0.000562635295864311
929.0 0.0005680406957253581
930.0 0.0004879590505879605
931.0 0.00040787731450109277
932.0 0.0004542451279121451
933.0 0.0005006129867979325
934.0 0.000526211942997179
935.0 0.0005518110356206307
936.0 0.000527130214322824
937.0 0.0005024494839744875
938.0 0.0006533512078021886
939.0 0.0008042530680540949
940.0 0.0006939174909348367
941.0 0.0005835820047650486
942.0 0.000683128973832936
943.0 0.0007826759429008234
944.0 0.0008142233127728105
945.0 0.0008457705916953273
946.0 0.0009285040505346842
947.0 0.001011237418424571
948.0 0.0008563193659938406
949.0 0.0007014014499873156
950.0 0.0007779847692290787
951.0 0.0008545681339455768
952.0 0.0009159609362541232
953.0 0.0009773536476131994
954.0 0.0008724934559722897
955.0 0.0007676331733819097
956.0 0.0007279964847839437
957.0 0.0006883597961859778
958.0 0.0007912284672784153
959.0 0.0008940969564719126
960.0 0.0008659430932311807
961.0 0.0008377891390409786
962.0 0.0007555094725830713
963.0 0.0006732297606504289
964.0 0.0006318894065771019
965.0 0.0005905487796553643
966.0 0.0006426664640457602
967.0 0.0006947840120119508
968.0 0.0006936498266441049
969.0 0.0006925157322257292
970.0 0.0006892354576848447
971.0 0.0006859553650429007
972.0 0.0008614562830189243
973.0 0.001036957200994948
974.0 0.0009868926099443343
975.0 0.0009368281098431908
976.0 0.0008555193744541612
977.0 0.0007742106390651315
978.0 0.000904276930668857
979.0 0.0010343432222725824
980.0 0.0011100943993369583
981.0 0.001185845485451864
982.0 0.0010931913493550383
983.0 0.0010005373042076826
984.0 0.001149265608546557
985.0 0.0012979939128854312
986.0 0.0012387944479996804
987.0 0.00117959516501287
988.0 0.0011944666766794398
989.0 0.0012093380973965395
990.0 0.0012524400517577305
991.0 0.0012955420970683917
992.0 0.0012402277207002044
993.0 0.0011849134352814872
994.0 0.001264247293875087
995.0 0.001343581243418157
996.0 0.001277512728847796
997.0 0.001211444214277435
998.0 0.0012021935617667623
999.0 0.0011929428183066193
1000.0 0.0011483729394967668
1001.0 0.001103802969737444
1002.0 0.0012142890227551106
1003.0 0.0013247750757727772
1004.0 0.0013097307601128705
1005.0 0.001294686535402434
1006.0 0.0014377496881934348
1007.0 0.0015808127500349656
1008.0 0.0015782339687575586
1009.0 0.001575655369379092
1010.0 0.001662826252868399
1011.0 0.0017499973182566464
1012.0 0.0018303459000890143
1013.0 0.0019106941181235015
1014.0 0.002179918192268815
1015.0 0.002449142084515188
1016.0 0.0027190697437617928
1017.0 0.0029889974030083977
1018.0 0.0030751343729207292
1019.0 0.003161271524732001
1020.0 0.0033886608434841037
1021.0 0.0036160501622362062
1022.0 0.003774899960262701
1023.0 0.003933749394491315
1024.0 0.004121253004996106
1025.0 0.004308756615500897
1026.0 0.004578972584567964
1027.0 0.004849188553635031
1028.0 0.005126247560838237
1029.0 0.005403306568041444
1030.0 0.005287124440656044
1031.0 0.005170942313270643
1032.0 0.005381931987358257
1033.0 0.00559292093385011
1034.0 0.005571641304413788
1035.0 0.0055503616749774665
1036.0 0.005666052311426029
1037.0 0.005781742947874591
1038.0 0.005918919123359956
1039.0 0.006056095298845321
1040.0 0.006217616464709863
1041.0 0.006379138358170167
1042.0 0.006723821570631117
1043.0 0.007068505510687828
1044.0 0.0076175478170625865
1045.0 0.008166589395841584
1046.0 0.008997381519293413
1047.0 0.009828173642745242
1048.0 0.011068057210650295
1049.0 0.012307937140576541
1050.0 0.014778345939703286
1051.0 0.017248753283638507
1052.0 0.021163205383345485
1053.0 0.025077658938243985
1054.0 0.03006986516993493
1055.0 0.03506206558085978
1056.0 0.04189021128695458
1057.0 0.04871835699304938
1058.0 0.056779122678563
1059.0 0.06483988254331052
1060.0 0.07332567474804819
1061.0 0.08181147859431803
1062.0 0.08989855996333063
1063.0 0.09798560058698058
1064.0 0.10550676379352808
1065.0 0.11302788043394685
1066.0 0.12108336668461561
1067.0 0.1291388412937522
1068.0 0.13778386637568474
1069.0 0.14642891474068165
1070.0 0.15556927537545562
1071.0 0.16470961272716522
1072.0 0.17361075151711702
1073.0 0.18251187866553664
1074.0 0.19247618038207293
1075.0 0.2024404937401414
1076.0 0.2132805297151208
1077.0 0.22412058897316456
1078.0 0.2352582523599267
1079.0 0.2463958691805601
1080.0 0.26267487555742264
1081.0 0.27895388193428516
1082.0 0.3054509172216058
1083.0 0.33194797579199076
1084.0 0.376615347340703
1085.0 0.42128274217247963
1086.0 0.45868917368352413
1087.0 0.49609560519456863
1088.0 0.5613190587610006
1089.0 0.6265424191951752
1090.0 0.7092698942869902
1091.0 0.7919973693788052
1092.0 0.8305560797452927
1093.0 0.8691146969795227
1094.0 0.9226794354617596
1095.0 0.9762441739439964
1096.0 1.0493945330381393
1097.0 1.1225448921322823
1098.0 1.236598938703537
1099.0 1.3506529852747917
1100.0 1.5564043074846268
1101.0 1.7621556296944618
