lsstCam/transmission_filter_detector/r23_s20/g_6/19700101T000000.ecsv
# %ECSV 1.0
# ---
# datatype:
# - {name: wavelength, unit: nm, datatype: float32}
# - {name: efficiency, unit: '%', datatype: float64}
# meta: !!omap
# - {MODE: DETECTOR}
# - {TYPE: transmission_filter_detector}
# - {CALIBDATE: '1970-01-01T00:00:00'}
# - {INSTRUME: LSSTCam}
# - {OBSTYPE: transmission_filter_detector}
# - {CALIBCLS: lsst.ip.isr.IntermediateFilterDetectorTransmissionCurve}
# - {SOURCE: Materion (DM-46256)}
# - {DETECTOR: 105}
# - {FILTER: g_6}
# - {CALIB_ID: 'calibDate=1970-01-01T00:00:00 filter=g_6 detector=105'}
# - {DATE: '2025-04-02T15:59:42.514410'}
# - {CALIB_CREATION_DATE: '2025-04-02'}
# - {CALIB_CREATION_TIME: '15:59:42'}
# - __serialized_columns__:
#     efficiency:
#       __class__: astropy.units.quantity.Quantity
#       unit: !astropy.units.Unit {unit: '%'}
#       value: !astropy.table.SerializedColumn {name: efficiency}
#     wavelength:
#       __class__: astropy.units.quantity.Quantity
#       unit: !astropy.units.Unit {unit: nm}
#       value: !astropy.table.SerializedColumn {name: wavelength}
# schema: astropy-2.0
wavelength efficiency
300.0 0.38078955840319395
301.0 0.3156055696308613
302.0 0.25042155757546425
303.0 0.2380782039836049
304.0 0.22573485039174557
305.0 0.21786375436931849
306.0 0.20999268162995577
307.0 0.21161437034606934
308.0 0.21323603577911854
309.0 0.20522854756563902
310.0 0.19722108263522387
311.0 0.19425255013629794
312.0 0.19128399435430765
313.0 0.1838359166868031
314.0 0.17638782737776637
315.0 0.17633404349908233
316.0 0.17628028290346265
317.0 0.17359631601721048
318.0 0.17091238405555487
319.0 0.16137296333909035
320.0 0.15183353098109365
321.0 0.14139197301119566
322.0 0.13095043832436204
323.0 0.11773334117606282
324.0 0.10451625566929579
325.0 0.0925410189665854
326.0 0.08056578226387501
327.0 0.07203381974250078
328.0 0.06350185140036047
329.0 0.06102189072407782
330.0 0.058541924227029085
331.0 0.05390601581893861
332.0 0.04927011323161423
333.0 0.046362553257495165
334.0 0.0434549932833761
335.0 0.04215528606437147
336.0 0.04085558175574988
337.0 0.04091512237209827
338.0 0.04097466007806361
339.0 0.04027387185487896
340.0 0.03957308363169432
341.0 0.03739243256859481
342.0 0.0352117873262614
343.0 0.03219108621124178
344.0 0.029170388006605208
345.0 0.025912202545441687
346.0 0.022654017084278166
347.0 0.021045119501650333
348.0 0.019436219008639455
349.0 0.017739710165187716
350.0 0.6535052321851254
351.0 1.0404175147414207
352.0 0.6474047433584929
353.0 1.2428180314600468
354.0 0.7448382209986448
355.0 0.9386921301484108
356.0 0.6414641160517931
357.0 1.134947594255209
358.0 0.643480708822608
359.0 1.0133776813745499
360.0 0.5865247454494238
361.0 0.9471104480326176
362.0 0.4445897415280342
363.0 0.8030852302908897
364.0 0.4373903386294842
365.0 0.8405920118093491
366.0 0.5353834014385939
367.0 0.7777830120176077
368.0 0.4883741494268179
369.0 0.7170767523348331
370.0 0.4308498930186033
371.0 0.6193180102854967
372.0 0.37968053948134184
373.0 0.7319152355194092
374.0 0.3595902817323804
375.0 0.6270346697419882
376.0 0.3665854688733816
377.0 0.5748510360717773
378.0 0.45837671495974064
379.0 0.5689652170985937
380.0 0.5105516873300076
381.0 0.617201579734683
382.0 0.6058282218873501
383.0 0.5937485024333
384.0 0.5435193423181772
385.0 0.614664051681757
386.0 0.6667778361588717
387.0 0.769941508769989
388.0 0.9795785881578922
389.0 1.2074504047632217
390.0 1.8498949706554413
391.0 2.73895226418972
392.0 4.4126782566308975
393.0 7.043153792619705
394.0 10.507968813180923
395.0 15.376023948192596
396.0 21.20097726583481
397.0 28.56917381286621
398.0 37.21984326839447
399.0 46.58788442611694
400.0 56.147927045822144
401.0 65.28387665748596
402.0 73.59644770622253
403.0 80.73872327804565
404.0 86.07658743858337
405.0 90.03973007202148
406.0 92.26486086845398
407.0 94.12547945976257
408.0 95.20686268806458
409.0 95.77749371528625
410.0 95.88890671730042
411.0 95.71486115455627
412.0 95.32337188720703
413.0 95.1018750667572
414.0 94.93240714073181
415.0 95.10415196418762
416.0 95.49250602722168
417.0 95.88723182678223
418.0 96.3288962841034
419.0 96.97716236114502
420.0 97.51483201980591
421.0 98.10464382171631
422.0 98.22940826416016
423.0 98.37583303451538
424.0 98.18040728569031
425.0 98.02875518798828
426.0 98.05338978767395
427.0 98.01652431488037
428.0 97.82849550247192
429.0 97.60715961456299
430.0 97.4086046218872
431.0 97.4262535572052
432.0 97.4327802658081
433.0 97.51361012458801
434.0 97.64506220817566
435.0 97.78510928153992
436.0 97.83555269241333
437.0 97.76496291160583
438.0 97.88856506347656
439.0 97.97762036323547
440.0 97.93382287025452
441.0 98.10740947723389
442.0 97.98017740249634
443.0 98.00767302513123
444.0 97.93471693992615
445.0 97.69009947776794
446.0 97.60330319404602
447.0 97.43908643722534
448.0 97.47462868690491
449.0 97.74964451789856
450.0 98.08650612831116
451.0 98.26570749282837
452.0 98.44515919685364
453.0 98.52285981178284
454.0 98.52118492126465
455.0 98.73145818710327
456.0 98.81133437156677
457.0 98.99771809577942
458.0 98.93440008163452
459.0 99.06724095344543
460.0 99.05409216880798
461.0 99.22577738761902
462.0 99.14124608039856
463.0 99.05986785888672
464.0 99.15965795516968
465.0 99.09443259239197
466.0 99.10774827003479
467.0 99.09319877624512
468.0 99.15387630462646
469.0 99.1735577583313
470.0 99.04366135597229
471.0 98.93937706947327
472.0 98.97433519363403
473.0 98.77613186836243
474.0 98.67981672286987
475.0 98.76255393028259
476.0 98.72196316719055
477.0 98.80673885345459
478.0 98.86593222618103
479.0 98.81752729415894
480.0 98.95612597465515
481.0 99.06525611877441
482.0 99.24677014350891
483.0 99.101722240448
484.0 99.29068088531494
485.0 99.32754635810852
486.0 99.31832551956177
487.0 99.35897588729858
488.0 99.30440783500671
489.0 99.43219423294067
490.0 99.3367075920105
491.0 99.34743642807007
492.0 99.2416262626648
493.0 99.20766949653625
494.0 99.17916655540466
495.0 99.24182295799255
496.0 99.08141493797302
497.0 98.98939728736877
498.0 98.7982988357544
499.0 98.8340973854065
500.0 98.80266189575195
501.0 98.71999025344849
502.0 98.62909317016602
503.0 98.8024890422821
504.0 98.64030480384827
505.0 98.65396618843079
506.0 98.72075319290161
507.0 98.7009346485138
508.0 98.65971803665161
509.0 98.63495826721191
510.0 98.6092209815979
511.0 98.56265187263489
512.0 98.54753017425537
513.0 98.59095811843872
514.0 98.61423373222351
515.0 98.57640862464905
516.0 98.68890643119812
517.0 98.7108051776886
518.0 98.69315028190613
519.0 98.7783432006836
520.0 98.79013299942017
521.0 98.94837141036987
522.0 98.98239374160767
523.0 98.96069169044495
524.0 99.00256991386414
525.0 98.99088144302368
526.0 99.04057383537292
527.0 99.094158411026
528.0 99.16983842849731
529.0 99.2654800415039
530.0 99.32352304458618
531.0 99.42374229431152
532.0 99.27366971969604
533.0 99.27268028259277
534.0 99.24617409706116
535.0 99.03638958930969
536.0 98.5917329788208
537.0 97.99209833145142
538.0 97.09393978118896
539.0 95.56452631950378
540.0 93.64206790924072
541.0 90.76481461524963
542.0 87.76044845581055
543.0 83.90977382659912
544.0 79.0280282497406
545.0 74.82582330703735
546.0 69.76489424705505
547.0 65.09987711906433
548.0 60.56672930717468
549.0 56.536293029785156
550.0 53.40162515640259
551.0 50.380390882492065
552.0 48.03195595741272
553.0 45.52202522754669
554.0 42.51432716846466
555.0 39.12416100502014
556.0 34.661129117012024
557.0 29.520633816719055
558.0 24.033258855342865
559.0 18.68900954723358
560.0 13.662277162075043
561.0 9.133591502904892
562.0 5.749828740954399
563.0 3.3368639647960663
564.0 1.790918968617916
565.0 0.8738214150071144
566.0 0.4599540960043669
567.0 0.25405550841242075
568.0 0.15691904118284583
569.0 0.09752230835147202
570.0 0.0841089931782335
571.0 0.04584531707223505
572.0 0.061707780696451664
573.0 0.0420976139139384
574.0 0.05183243774808943
575.0 0.03546050866134465
576.0 0.04028789699077606
577.0 0.021248635312076658
578.0 0.03709802404046059
579.0 0.028996053151786327
580.0 0.03850634675472975
581.0 0.031163328094407916
582.0 0.031155982287600636
583.0 0.021357183868531138
584.0 0.03692883183248341
585.0 0.019477975729387254
586.0 0.036830129101872444
587.0 0.020866062550339848
588.0 0.021582657063845545
589.0 0.013208430027589202
590.0 0.020908808801323175
591.0 0.012090268864994869
592.0 0.018555083079263568
593.0 0.011080504191340879
594.0 0.021672640286851674
595.0 0.004039891427964903
596.0 0.014552689390257001
597.0 0.02000754320761189
598.0 0.006087607107474469
599.0 0.014029811427462846
600.0 0.025242569972760975
601.0 0.002211933497164864
602.0 0.0021900450519751757
603.0 0.002168156424886547
604.0 0.0019163679098710418
605.0 0.0016645795767544769
606.0 0.0018358879970037378
607.0 0.002007196417252999
608.0 0.001812282789614983
609.0 0.0016173687981790863
610.0 0.0018110744349542074
611.0 0.0020047800717293285
612.0 0.0018894110326073132
613.0 0.0017740416296874173
614.0 0.001689632517809514
615.0 0.0016052234059316106
616.0 0.0016164753105840646
617.0 0.0016277272152365185
618.0 0.0016887113815755583
619.0 0.0017496960936114192
620.0 0.0016634327039355412
621.0 0.0015771698599564843
622.0 0.0015276058547897264
623.0 0.0014780418496229686
624.0 0.0014456178178079426
625.0 0.0014131937859929167
626.0 0.0014003904652781785
627.0 0.0013875872355129104
628.0 0.0014190540241543204
629.0 0.0014505207218462601
630.0 0.001402748421241995
631.0 0.0013549759387387894
632.0 0.0013419654351309873
633.0 0.0013289551134221256
634.0 0.0013388516890699975
635.0 0.0013487481737683993
636.0 0.0013407276128418744
637.0 0.0013327069609658793
638.0 0.0011049911336158402
639.0 0.0008772751243668608
640.0 0.0009750358913152013
641.0 0.0010727965673140716
642.0 0.0011596554031712003
643.0 0.0012465143299777992
644.0 0.0011966240890615154
645.0 0.0011467339390947018
646.0 0.0012797425370081328
647.0 0.0014127511349215638
648.0 0.0013629975001094863
649.0 0.0013132435924489982
650.0 0.0012311748832871672
651.0 0.001149106083175866
652.0 0.001194846936414251
653.0 0.0012405879715515766
654.0 0.0011341181561874691
655.0 0.0010276487046212424
656.0 0.0009914275324263144
657.0 0.0009552067240292672
658.0 0.001063691706804093
659.0 0.001172176871477859
660.0 0.0011006328350049444
661.0 0.0010290887985320296
662.0 0.0011684525816235691
663.0 0.0013078164556645788
664.0 0.0012995760698686354
665.0 0.001291335684072692
666.0 0.0011905549399671145
667.0 0.0010897738320636563
668.0 0.0011450663805590011
669.0 0.0012003590200038161
670.0 0.0011704689313773997
671.0 0.0011405787518015131
672.0 0.0011849719157908112
673.0 0.0012293650797801092
674.0 0.0010642037523211911
675.0 0.000899042424862273
676.0 0.0009741423127707094
677.0 0.0010492419278307352
678.0 0.0010551782906986773
679.0 0.0010611147445160896
680.0 0.0010227478014712688
681.0 0.0009843811312748585
682.0 0.001063203308149241
683.0 0.0011420254850236233
684.0 0.0010887293683481403
685.0 0.001035433160723187
686.0 0.0009604495971871074
687.0 0.0008854660336510278
688.0 0.0009558017154631671
689.0 0.001026137306325836
690.0 0.0011093873581558
691.0 0.0011926373190362938
692.0 0.0011739850378944539
693.0 0.0011553325748536736
694.0 0.0012634547601919621
695.0 0.0013715768545807805
696.0 0.0013106710866850335
697.0 0.0012497652278398164
698.0 0.0012472474736568984
699.0 0.00124472953757504
700.0 0.0011955457921430934
701.0 0.0011463620467111468
702.0 0.0012125001376261935
703.0 0.00127863813759177
704.0 0.001150613752542995
705.0 0.0010225891855952796
706.0 0.0010784081496240105
707.0 0.0011342271136527415
708.0 0.0011481290130177513
709.0 0.0011620310033322312
710.0 0.0011481388355605304
711.0 0.0011342469406372402
712.0 0.0011981334864685778
713.0 0.0012620199413504452
714.0 0.0012255090041435324
715.0 0.00118899824883556
716.0 0.0013978503375255968
717.0 0.0016067024262156337
718.0 0.0019049908587476239
719.0 0.0022032794731785543
720.0 0.001943296956596896
721.0 0.001683314076217357
722.0 0.0016407168004661798
723.0 0.0015981195247150026
724.0 0.0018109913071384653
725.0 0.0020238629076629877
726.0 0.002042602136498317
727.0 0.0020613408196368255
728.0 0.002116668656526599
729.0 0.002171996129618492
730.0 0.0021686235413653776
731.0 0.0021652511350112036
732.0 0.0019534416423994116
733.0 0.00174163233168656
734.0 0.0014463901607086882
735.0 0.0011511478987813462
736.0 0.0012061120287398808
737.0 0.001261076431546826
738.0 0.0011394802641007118
739.0 0.0010178844604524784
740.0 0.0009588497960066888
741.0 0.000899814949661959
742.0 0.0008867936230672058
743.0 0.0008737725693208631
744.0 0.0008679958227730822
745.0 0.0008622190762253013
746.0 0.0007878876203903928
747.0 0.0007135559826565441
748.0 0.0008478151357849129
749.0 0.0009820743798627518
750.0 0.0009925609447236639
751.0 0.0010030478733824566
752.0 0.00090669982455438
753.0 0.0008103516847768333
754.0 0.0008232435902755242
755.0 0.0008361354957742151
756.0 0.0008172640264092479
757.0 0.0007983926479937509
758.0 0.0008378959137189668
759.0 0.0008773991794441827
760.0 0.0008129215530061629
761.0 0.0007484437901439378
762.0 0.0007432521670125425
763.0 0.0007380605438811472
764.0 0.0007700868081883527
765.0 0.0008021131179702934
766.0 0.0007042742254270706
767.0 0.0006064352874091128
768.0 0.0005520260856428649
769.0 0.0004976167929271469
770.0 0.0005987690656183986
771.0 0.0006999213837843854
772.0 0.0007205964266177034
773.0 0.0007412714694510214
774.0 0.0007181622549978783
775.0 0.0006950530860194704
776.0 0.0007173097856139066
777.0 0.0007395664397336077
778.0 0.0007101201845216565
779.0 0.0006806739747844404
780.0 0.0006553379989782115
781.0 0.000630002159596188
782.0 0.0005822039838676574
783.0 0.0005344057171896566
784.0 0.0004148861080466304
785.0 0.00029536640795413405
786.0 0.0003084664513153257
787.0 0.0003215665401512524
788.0 0.00027706046239472926
789.0 0.0002325544301129412
790.0 0.00034546765164122917
791.0 0.00045838091864425223
792.0 0.0003685178626255947
793.0 0.0002786548520816723
794.0 0.000261979698734649
795.0 0.00024530452265025815
796.0 0.00033403559882572154
797.0 0.00042276669773855247
798.0 0.0003952964561904082
799.0 0.0003678262828543666
800.0 0.00039249252949957736
801.0 0.0004171587988821557
802.0 0.00029657239792868495
803.0 0.00017598603108126554
804.0 0.0003104345523752272
805.0 0.0004448830623005051
806.0 0.00043000923142244574
807.0 0.0004151353095949162
808.0 0.0004396561052999459
809.0 0.00046417703742918093
810.0 0.000287206239590887
811.0 0.00011023544175259303
812.0 0.00020318982478784164
813.0 0.00029614425329782534
814.0 0.0003594398322093184
815.0 0.0004227354111208115
816.0 0.0004580725999403512
817.0 0.0004934097887598909
818.0 0.00042237220441165846
819.0 0.0003513345291139558
820.0 0.00034696506645559566
821.0 0.0003425954901103978
822.0 0.0004855347015109146
823.0 0.0006284737992245937
824.0 0.0004773657565237954
825.0 0.00032625755466142436
826.0 0.00045545821194536984
827.0 0.000584658937441418
828.0 0.0004280382654542336
829.0 0.00027141757072968176
830.0 0.00045682149902859237
831.0 0.0006422253591154004
832.0 0.000681610526953591
833.0 0.0007209956038423115
834.0 0.0004889444426225964
835.0 0.0002568931904534111
836.0 0.0005233238425716991
837.0 0.000789754449215252
838.0 0.0007669249498576391
839.0 0.0007440953140758211
840.0 0.0006409863999579102
841.0 0.0005378773948905291
842.0 0.000374470482711331
843.0 0.00021106350232003024
844.0 0.00032240939162875293
845.0 0.000433755212725373
846.0 0.00046877548811607994
847.0 0.0005037956725573167
848.0 0.00048167212298722006
849.0 0.00045954848246765323
850.0 0.00047760354391357396
851.0 0.0004956586053594947
852.0 0.0004622125288733514
853.0 0.00042876636143773794
854.0 0.0005202477950660978
855.0 0.0006117291832197225
856.0 0.000395510778616881
857.0 0.00017929231717062066
858.0 0.0003075180984524195
859.0 0.0004357438228907995
860.0 0.0004222197276249062
861.0 0.00040869558688427787
862.0 0.0005628532107948558
863.0 0.0007170108347054338
864.0 0.0006292960733844666
865.0 0.0005415812211140292
866.0 0.000650588981443434
867.0 0.0007595966508233687
868.0 0.0006980607395234983
869.0 0.000636524828223628
870.0 0.000550748791283695
871.0 0.0004649726633942919
872.0 0.0004757067927130265
873.0 0.00048644083108229097
874.0 0.0006281490186665906
875.0 0.0007698571607761551
876.0 0.0006366491561493604
877.0 0.0005034412424720358
878.0 0.0005608690116787329
879.0 0.00061829678088543
880.0 0.0007494583314837655
881.0 0.0008806202458799817
882.0 0.0006816369022999424
883.0 0.0004826536496693734
884.0 0.000544744716535206
885.0 0.0006068357379263034
886.0 0.000644774218017119
887.0 0.0006827128345321398
888.0 0.0006367122750816634
889.0 0.0005907116701564519
890.0 0.0005012740530219162
891.0 0.0004118363904126454
892.0 0.0005197070095164236
893.0 0.0006275777195696719
894.0 0.0005470678388519445
895.0 0.0004665580036089523
896.0 0.0005294639777275734
897.0 0.0005923699063714594
898.0 0.0004467837243282702
899.0 0.00030119756502244854
900.0 0.0003150164729959215
901.0 0.0003288354491814971
902.0 0.0003960131380154053
903.0 0.00046319091779878363
904.0 0.0004144658760196762
905.0 0.0003657407887658337
906.0 0.0003977229425800033
