lsstCam/transmission_filter_detector/r20_s00/y_10/19700101T000000.ecsv
# %ECSV 1.0
# ---
# datatype:
# - {name: wavelength, unit: nm, datatype: float32}
# - {name: efficiency, unit: '%', datatype: float64}
# meta: !!omap
# - {MODE: DETECTOR}
# - {TYPE: transmission_filter_detector}
# - {CALIBDATE: '1970-01-01T00:00:00'}
# - {INSTRUME: LSSTCam}
# - {OBSTYPE: transmission_filter_detector}
# - {CALIBCLS: lsst.ip.isr.IntermediateFilterDetectorTransmissionCurve}
# - {SOURCE: Materion (DM-46256)}
# - {DETECTOR: 72}
# - {FILTER: y_10}
# - {CALIB_ID: 'calibDate=1970-01-01T00:00:00 filter=y_10 detector=72'}
# - {DATE: '2025-04-02T15:59:51.075338'}
# - {CALIB_CREATION_DATE: '2025-04-02'}
# - {CALIB_CREATION_TIME: '15:59:51'}
# - __serialized_columns__:
#     efficiency:
#       __class__: astropy.units.quantity.Quantity
#       unit: !astropy.units.Unit {unit: '%'}
#       value: !astropy.table.SerializedColumn {name: efficiency}
#     wavelength:
#       __class__: astropy.units.quantity.Quantity
#       unit: !astropy.units.Unit {unit: nm}
#       value: !astropy.table.SerializedColumn {name: wavelength}
# schema: astropy-2.0
wavelength efficiency
[from data line 576]
876.0 0.003408102929824963
877.0 0.002239159948658198
878.0 0.0010702168765419628
879.0 0.001800916470529046
880.0 0.058959051966667175
881.0 0.08355396566912532
882.0 0.06109095411375165
883.0 0.09848907357081771
884.0 0.07265416788868606
885.0 0.0814073602668941
886.0 0.06895277183502913
887.0 0.10067899711430073
888.0 0.07146861171349883
889.0 0.08832761668600142
890.0 0.06704377592541277
891.0 0.09508795919828117
892.0 0.06234277389012277
893.0 0.10714554227888584
894.0 0.06266389973461628
895.0 0.10207095183432102
896.0 0.07138677756302059
897.0 0.11363554513081908
898.0 0.07334271213039756
899.0 0.12079706648364663
900.0 0.08374660974368453
901.0 0.11233368422836065
902.0 0.1335055334493518
903.0 0.1360835274681449
904.0 0.16138867940753698
905.0 0.14959609834477305
906.0 0.1844368875026703
907.0 0.21364951971918344
908.0 0.26819531340152025
909.0 0.34516516607254744
910.0 0.44405069202184677
911.0 0.5685893818736076
912.0 0.8310271427035332
913.0 1.2207643128931522
914.0 1.7159387469291687
915.0 2.5263281539082527
916.0 3.6432500928640366
917.0 4.979381337761879
918.0 6.7046694457530975
919.0 8.514034003019333
920.0 11.190616339445114
921.0 14.127442240715027
922.0 16.977393627166748
923.0 20.25350332260132
924.0 23.80010336637497
925.0 27.65621542930603
926.0 32.52978026866913
927.0 38.03975582122803
928.0 43.209439516067505
929.0 49.171605706214905
930.0 55.036407709121704
931.0 61.28084063529968
932.0 67.65440106391907
933.0 73.80927205085754
934.0 78.84204387664795
935.0 82.95487761497498
936.0 86.59616708755493
937.0 89.4599974155426
938.0 91.60228967666626
939.0 93.04834604263306
940.0 94.00811791419983
941.0 94.64512467384338
942.0 95.14828324317932
943.0 95.49523591995239
944.0 96.00136280059814
945.0 96.22292518615723
946.0 96.5219795703888
947.0 96.70730829238892
948.0 96.90452218055725
949.0 96.93148136138916
950.0 96.97396159172058
951.0 97.0050036907196
952.0 96.95959091186523
953.0 97.07276821136475
954.0 97.10772633552551
955.0 97.06856608390808
956.0 97.3012626171112
957.0 97.46432304382324
958.0 97.66469597816467
959.0 97.79119491577148
960.0 97.9509174823761
961.0 98.1219232082367
962.0 98.24857711791992
963.0 98.31458926200867
964.0 98.44769239425659
965.0 98.54481816291809
966.0 98.61770272254944
967.0 98.72962236404419
968.0 98.70758652687073
969.0 98.73043894767761
970.0 98.76188039779663
971.0 98.78281950950623
972.0 98.8499641418457
973.0 98.90397191047668
974.0 98.93757104873657
975.0 98.90996813774109
976.0 98.97921681404114
977.0 98.9646315574646
978.0 99.00993704795837
979.0 99.02545213699341
980.0 98.99300932884216
981.0 98.92334342002869
982.0 98.91461730003357
983.0 98.93913865089417
984.0 98.8818347454071
985.0 98.92222881317139
986.0 98.77650141716003
987.0 98.85332584381104
988.0 98.67739677429199
989.0 98.66604208946228
990.0 98.59660267829895
991.0 98.56240153312683
992.0 98.6121654510498
993.0 98.54518175125122
994.0 98.4870433807373
995.0 98.51720333099365
996.0 98.47514629364014
997.0 98.55740070343018
998.0 98.60959053039551
999.0 98.62278699874878
1000.0 98.68496656417847
1001.0 98.67850542068481
1002.0 98.84076714515686
1003.0 98.8398015499115
1004.0 98.93021583557129
1005.0 98.91713261604309
1006.0 99.05630350112915
1007.0 99.04994368553162
1008.0 99.04323220252991
1009.0 99.01726245880127
1010.0 99.07928109169006
1011.0 99.06519651412964
1012.0 98.98747205734253
1013.0 99.01416897773743
1014.0 98.95994067192078
1015.0 98.91741275787354
1016.0 98.89369010925293
1017.0 98.90608191490173
1018.0 98.91555905342102
1019.0 98.82221221923828
1020.0 98.86762499809265
1021.0 98.94300103187561
1022.0 98.86390566825867
1023.0 98.87415170669556
1024.0 98.8391101360321
1025.0 98.84379506111145
1026.0 98.83456826210022
1027.0 98.96953105926514
1028.0 98.93450140953064
1029.0 99.00686740875244
1030.0 98.99039268493652
1031.0 98.98503422737122
1032.0 98.99015426635742
1033.0 99.01140332221985
1034.0 99.0582287311554
1035.0 99.08521771430969
1036.0 99.02923703193665
1037.0 99.06598329544067
1038.0 99.00814294815063
1039.0 98.90304803848267
1040.0 98.84066581726074
1041.0 98.9989697933197
1042.0 98.93100261688232
1043.0 98.88826608657837
1044.0 98.97669553756714
1045.0 98.6279845237732
1046.0 98.84102940559387
1047.0 98.72997403144836
1048.0 98.74851107597351
1049.0 98.6550509929657
1050.0 98.59623312950134
1051.0 98.57732057571411
1052.0 98.63320589065552
1053.0 98.48975539207458
1054.0 98.64844679832458
1055.0 98.8314688205719
1056.0 98.62513542175293
1057.0 98.72192740440369
1058.0 98.53171706199646
1059.0 98.6703634262085
1060.0 98.77266883850098
1061.0 98.68253469467163
1062.0 98.72723817825317
1063.0 98.75131249427795
1064.0 98.981773853302
1065.0 98.75981211662292
1066.0 98.73670935630798
1067.0 98.94092082977295
1068.0 98.78354668617249
1069.0 98.62341284751892
1070.0 99.0450918674469
1071.0 98.90910387039185
1072.0 98.95101189613342
1073.0 99.08626675605774
1074.0 98.6748993396759
1075.0 98.69902729988098
1076.0 98.3384907245636
1077.0 98.85188341140747
1078.0 98.95069599151611
1079.0 98.51962924003601
1080.0 99.28183555603027
1081.0 98.38305115699768
1082.0 98.62530827522278
1083.0 98.35511445999146
1084.0 98.77219200134277
1085.0 98.8923192024231
1086.0 98.51808547973633
1087.0 98.69570732116699
1088.0 98.32791686058044
1089.0 98.367840051651
1090.0 98.47320914268494
1091.0 98.64079356193542
1092.0 98.65198135375977
1093.0 98.51921796798706
1094.0 98.19777011871338
1095.0 98.38401079177856
1096.0 98.35541248321533
1097.0 98.49160313606262
1098.0 97.6054847240448
1099.0 98.28897714614868
1100.0 98.34213852882385
