lsstCam/transmission_filter_detector/r20_s00/y_10/19700101T000000.ecsv
# %ECSV 1.0
# ---
# datatype:
# - {name: wavelength, unit: nm, datatype: float32}
# - {name: efficiency, unit: '%', datatype: float64}
# meta: !!omap
# - {MODE: DETECTOR}
# - {TYPE: transmission_filter_detector}
# - {CALIBDATE: '1970-01-01T00:00:00'}
# - {INSTRUME: LSSTCam}
# - {OBSTYPE: transmission_filter_detector}
# - {CALIBCLS: lsst.ip.isr.IntermediateFilterDetectorTransmissionCurve}
# - {SOURCE: Materion (DM-46256)}
# - {DETECTOR: 72}
# - {FILTER: y_10}
# - {CALIB_ID: 'calibDate=1970-01-01T00:00:00 filter=y_10 detector=72'}
# - {DATE: '2025-04-02T15:59:51.075338'}
# - {CALIB_CREATION_DATE: '2025-04-02'}
# - {CALIB_CREATION_TIME: '15:59:51'}
# - __serialized_columns__:
#     efficiency:
#       __class__: astropy.units.quantity.Quantity
#       unit: !astropy.units.Unit {unit: '%'}
#       value: !astropy.table.SerializedColumn {name: efficiency}
#     wavelength:
#       __class__: astropy.units.quantity.Quantity
#       unit: !astropy.units.Unit {unit: nm}
#       value: !astropy.table.SerializedColumn {name: wavelength}
# schema: astropy-2.0
wavelength efficiency
300.0 0.4897159989923239
301.0 0.2624900545924902
302.0 0.03526408108882606
303.0 0.03315399517305195
304.0 0.031043909257277846
305.0 0.020399209461174905
306.0 0.009754504571901634
307.0 0.016457945457659662
308.0 0.02316138125024736
309.0 0.01517693599453196
310.0 0.007192487828433514
311.0 0.006896489503560588
312.0 0.006600489723496139
313.0 0.007214776996988803
314.0 0.007829062815289944
315.0 0.007106999692041427
316.0 0.006384939479175955
317.0 0.005967537799733691
318.0 0.0055501328461105
319.0 0.0031401046726386994
320.0 0.0007300754987227265
321.0 0.0021172772903810255
322.0 0.0035044791729887947
323.0 0.002864094312826637
324.0 0.00222370963456342
325.0 0.0010182502592215315
326.0 1.6987158207859565e-10
327.0 0.000583903329243185
328.0 0.0013550161384046078
329.0 0.0030425364457187243
330.0 0.004730056753032841
331.0 0.003973641651100479
332.0 0.0032172261853702366
333.0 0.002260074506921228
334.0 0.001302922646573279
335.0 0.0020010640582768247
336.0 0.0026992056518793106
337.0 0.002771109029708896
338.0 0.0028430120437406003
339.0 0.0012305347809160594
340.0 1.6987158207859565e-10
341.0 1.6987158207859565e-10
342.0 1.6987158207859565e-10
343.0 0.0002994112492160639
344.0 0.000863423429109389
345.0 0.0009399183909408748
346.0 0.0010164138984691817
347.0 0.0015541560060228221
348.0 0.002091897840728052
349.0 0.0017849344658316113
350.0 0.0014779709090362303
351.0 0.0015458821508218534
352.0 0.0016137930288095959
353.0 0.0014810832908551674
354.0 0.001348373552900739
355.0 0.0013810963537252974
356.0 0.0014138188817014452
357.0 0.001048473404807737
358.0 0.0006831277460150886
359.0 0.0009259796570404433
360.0 0.001168831659015268
361.0 0.0013883301107853185
362.0 0.0016078283806564286
363.0 0.0013114636203681584
364.0 0.0010150984053325374
365.0 0.0012879998394055292
366.0 0.0015609019101248123
367.0 0.0019887156668119133
368.0 0.0024165296053979546
369.0 0.0021025774913141504
370.0 0.0017886255591292866
371.0 0.0017501057300250977
372.0 0.0017115857190219685
373.0 0.0020822064470849
374.0 0.0024528271751478314
375.0 0.0032680589356459677
376.0 0.004083290696144104
377.0 0.004054467717651278
378.0 0.004025645102956332
379.0 0.003618778646341525
380.0 0.0032119121897267178
381.0 0.002185268203902524
382.0 0.00115862412712886
383.0 0.0011015984455298167
384.0 0.0010445724910823628
385.0 0.0008975484888651408
386.0 0.0007505244866479188
387.0 0.0007961646588228177
388.0 0.0008418049219471868
389.0 0.0007030397227936191
390.0 0.0005642745691147866
391.0 0.0005371100087359082
392.0 0.0005099454028822947
393.0 0.0006026310984452721
394.0 0.0006953168394829845
395.0 0.0006886296887387289
396.0 0.0006819424925197382
397.0 0.0008700378202775028
398.0 0.0010581330570857972
399.0 0.001252026777365245
400.0 0.0014459204976446927
401.0 0.0015730567611171864
402.0 0.0017001930245896801
403.0 0.0017534663129481487
404.0 0.0018067397832055576
405.0 0.0017711603504722007
406.0 0.0017355812815367244
407.0 0.0015137827176658902
408.0 0.0012919846994918771
409.0 0.00108399435703177
410.0 0.0008760038326727226
411.0 0.0004620498202712042
412.0 4.809592724086542e-05
413.0 0.0006793739885324612
414.0 0.001310651805397356
415.0 0.0016300653442158364
416.0 0.0019494791558827274
417.0 0.001119153148465557
418.0 0.0002888269818868139
419.0 1.6987158207859565e-10
420.0 1.6987158207859565e-10
421.0 1.6987158207859565e-10
422.0 0.00082055848906748
423.0 0.0008701884326001164
424.0 0.0009198181942338124
425.0 0.00025660206119937357
426.0 1.6987158207859565e-10
427.0 0.00024971557195385685
428.0 0.000906045261217514
429.0 5.427499445431749e-05
430.0 1.6987158207859565e-10
431.0 0.00016008472130124574
432.0 0.0011176650332345162
433.0 0.0005734723345085513
434.0 2.9280323587954626e-05
435.0 1.6987158207859565e-10
436.0 1.6987158207859565e-10
437.0 2.3437019081029575e-05
438.0 0.00012384188039504807
439.0 1.6987158207859565e-10
440.0 1.6987158207859565e-10
441.0 1.6987158207859565e-10
442.0 1.6987158207859565e-10
443.0 1.6987158207859565e-10
444.0 0.00048715151024225634
445.0 0.0004151409029873321
446.0 0.00034313036394451046
447.0 0.0005078936737845652
448.0 0.0006726569608872524
449.0 0.0007253327112266561
450.0 0.0007780082341923844
451.0 0.00021814855699631153
452.0 1.6987158207859565e-10
453.0 1.6987158207859565e-10
454.0 1.6987158207859565e-10
455.0 1.6987158207859565e-10
456.0 1.6987158207859565e-10
457.0 1.6987158207859565e-10
458.0 1.6987158207859565e-10
459.0 1.6987158207859565e-10
460.0 0.00016735283452362637
461.0 0.0003218433903384721
462.0 0.00047633393478463404
463.0 0.00034417676033626776
464.0 0.00021201967683737166
465.0 0.0002115775487254723
466.0 0.00021113546608830802
467.0 0.0009862147635431029
468.0 0.0017612939700484276
469.0 0.0016291178326355293
470.0 0.0014969414223742206
471.0 0.0016008400052669458
472.0 0.0017047383153112605
473.0 0.0023826716642361134
474.0 0.0030606050131609663
475.0 0.0029170883863116615
476.0 0.0027735717594623566
477.0 0.0030419352697208524
478.0 0.003310298779979348
479.0 0.0037949310353724286
480.0 0.004279562926967628
481.0 0.004226933015161194
482.0 0.004174302739556879
483.0 0.003774459764827043
484.0 0.0033746160625014454
485.0 0.0033735050237737596
486.0 0.003372393985046074
487.0 0.002926489651144948
488.0 0.0024805851353448816
489.0 0.0021845578885404393
490.0 0.0018885310055338778
491.0 0.001634955515328329
492.0 0.0013813799341733102
493.0 0.0011198571883141994
494.0 0.0008583347153034993
495.0 0.0010283808478561696
496.0 0.00119842707135831
497.0 0.0017500913600088097
498.0 0.00230175592150772
499.0 0.002327258152945433
500.0 0.0023527603843831457
501.0 0.0023557462554890662
502.0 0.0023587324903928675
503.0 0.002413938273093663
504.0 0.002469143691996578
505.0 0.002990870416397229
506.0 0.00351259732269682
507.0 0.0025449115128139965
508.0 0.001577225157234352
509.0 0.0017668249711277895
510.0 0.001956424421223346
511.0 0.001858379619079642
512.0 0.0017603348169359379
513.0 0.0017960444893105887
514.0 0.0018317545254831202
515.0 0.001593891647644341
516.0 0.001356028951704502
517.0 0.0013250531083031092
518.0 0.0012940769011038356
519.0 0.0014608023775508627
520.0 0.0016275274902000092
521.0 0.001671724021434784
522.0 0.0017159200069727376
523.0 0.0016271824279101565
524.0 0.0015384450307465158
525.0 0.002019161911448464
526.0 0.002499879337847233
527.0 0.0024535311240470037
528.0 0.002407183092145715
529.0 0.002660728569026105
530.0 0.0029142735002096742
531.0 0.002595133446448017
532.0 0.0022759932107874192
533.0 0.0023818165573175065
534.0 0.0024876391762518324
535.0 0.002090651832986623
536.0 0.001693664125923533
537.0 0.002140636570402421
538.0 0.0025876088329823688
539.0 0.0032618994737276807
540.0 0.003936189750675112
541.0 0.004141634053667076
542.0 0.004347077992861159
543.0 0.004394836651044898
544.0 0.004442594581632875
545.0 0.004565537165035494
546.0 0.004688480112235993
547.0 0.004107591666979715
548.0 0.0035267028579255566
549.0 0.0029139595426386222
550.0 0.002301215681654867
551.0 0.0024176772058126517
552.0 0.0025341387299704365
553.0 0.0029922726753284223
554.0 0.0034504057111917064
555.0 0.0037157955375732854
556.0 0.003981186091550626
557.0 0.0037884554330958053
558.0 0.0035957251384388655
559.0 0.0034213222534162924
560.0 0.0032469197321916
561.0 0.003476766141830012
562.0 0.0037066125514684245
563.0 0.003393517908989452
564.0 0.003080423266510479
565.0 0.0036984463804401457
566.0 0.004316469858167693
567.0 0.004686152897193097
568.0 0.0050558359362185
569.0 0.005861658064532094
570.0 0.006667479465249926
571.0 0.006728459266014397
572.0 0.00678943979437463
573.0 0.006915135600138456
574.0 0.007040832133498043
575.0 0.006645888788625598
576.0 0.006250945443753153
577.0 0.005471493932418525
578.0 0.004692042784881778
579.0 0.0053874529839958996
580.0 0.0060828639107057825
581.0 0.00705171114532277
582.0 0.008020558743737638
583.0 0.008800565410638228
584.0 0.009580570622347295
585.0 0.010203750571236014
586.0 0.010826930520124733
587.0 0.010637033119564876
588.0 0.010447133536217734
589.0 0.010384451888967305
590.0 0.010321770969312638
591.0 0.009605912782717496
592.0 0.008890054596122354
593.0 0.007151379395509139
594.0 0.0054127074690768495
595.0 0.005408666038420051
596.0 0.005404625335359015
597.0 0.005938075264566578
598.0 0.006471524829976261
599.0 0.007535098120570183
600.0 0.008598670683568344
601.0 0.00917599827516824
602.0 0.009753323683980852
603.0 0.010688212933018804
604.0 0.011623103637248278
605.0 0.011421673116274178
606.0 0.011220245505683124
607.0 0.009712181781651452
608.0 0.008204120240407065
609.0 0.006549711542902514
610.0 0.004895304664387368
611.0 0.003967224256484769
612.0 0.0030391436666832305
613.0 0.0034309599868720397
614.0 0.003822775761364028
615.0 0.004563218681141734
616.0 0.005303661964717321
617.0 0.006658142228843644
618.0 0.008012622129172087
619.0 0.009030725050251931
620.0 0.010048828698927537
621.0 0.010843562631634995
622.0 0.011638295109150931
623.0 0.011745309893740341
624.0 0.011852323223138228
625.0 0.010293217201251537
626.0 0.0087341082689818
627.0 0.006966299406485632
628.0 0.00519848836120218
629.0 0.0042209067032672465
630.0 0.0032433254091301933
631.0 0.002753514672804158
632.0 0.002263703936478123
633.0 0.0025607105271774344
634.0 0.0028577174816746265
635.0 0.003180765634169802
636.0 0.0035038130590692163
637.0 0.0042810999730136245
638.0 0.005058386523160152
639.0 0.005023101039114408
640.0 0.004987814827472903
641.0 0.0054199677833821625
642.0 0.005852120739291422
643.0 0.005380754009820521
644.0 0.00490938728034962
645.0 0.00459661241620779
646.0 0.00428383718826808
647.0 0.003519344318192452
648.0 0.0027548512662178837
649.0 0.002063198189716786
650.0 0.0013715451132156886
651.0 0.0015241559594869614
652.0 0.0016767673514550552
653.0 0.0016605974451522343
654.0 0.0016444277207483537
655.0 0.001699410131550394
656.0 0.0017543925423524342
657.0 0.0016491379938088357
658.0 0.0015438834452652372
659.0 0.0016841055185068399
660.0 0.0018243272279505618
661.0 0.001758121834427584
662.0 0.0016919164409046061
663.0 0.0025241168259526603
664.0 0.003356317392899655
665.0 0.0037475219869520515
666.0 0.0041387262172065675
667.0 0.004721234290627763
668.0 0.005303741272655316
669.0 0.005387082637753338
670.0 0.0054704203648725525
671.0 0.00625034881522879
672.0 0.007030277629382908
673.0 0.00799485351308249
674.0 0.008959428669186309
675.0 0.008410523150814697
676.0 0.007861619087634608
677.0 0.006292963371379301
678.0 0.004724308382719755
679.0 0.0031280105758924037
680.0 0.0015317133147618733
681.0 0.0006843723440397298
682.0 1.6987158207859565e-10
683.0 0.00013661887123816996
684.0 0.00043620657379506156
685.0 0.0003394120767552522
686.0 0.00024261746602860512
687.0 0.0002474832172083552
688.0 0.0002523489911254728
689.0 0.00023618956674908986
690.0 0.00022003016511007445
691.0 0.0003027589855264523
692.0 0.0003854878741549328
693.0 0.00046135473894537427
694.0 0.000537221740160021
695.0 0.0005495769528351957
696.0 0.0005619322564598406
697.0 0.0004733292371383868
698.0 0.0003847260813927278
699.0 0.0003663550842247787
700.0 0.0003479838824205217
701.0 0.00028209205993334763
702.0 0.0002162003056582762
703.0 0.0003030775587831158
704.0 0.00038995481190795545
705.0 0.00040797544897941407
706.0 0.0004259959496266674
707.0 6.350519470288418e-05
708.0 1.6987158207859565e-10
709.0 3.5777514284518475e-06
710.0 0.00030614110073656775
711.0 0.0003479055067145964
712.0 0.0003896699126926251
713.0 0.0003195862518623471
714.0 0.00024950263650680427
715.0 0.0003638151156337699
716.0 0.00047812754928600043
717.0 0.00026420514132041717
718.0 5.0282812935620314e-05
719.0 0.00017187918501804234
720.0 0.0002934755002570455
721.0 0.0003028043693120708
722.0 0.0003121332156297285
723.0 0.0004061785148223862
724.0 0.0005002237685403088
725.0 0.00044387716116034426
726.0 0.00038753069020458497
727.0 0.0002818623670464149
728.0 0.0001761942371558689
729.0 0.0002462085376464529
730.0 0.00031622300866729347
731.0 0.000619142656432814
732.0 0.0009220625543093774
733.0 0.000252737936534686
734.0 1.6987158207859565e-10
735.0 1.6987158207859565e-10
736.0 4.476196693303791e-05
737.0 0.0004764325694850413
738.0 0.000908103356778156
739.0 0.0007227589321701089
740.0 0.0005374142801883863
741.0 0.0003839555120066507
742.0 0.00023049676656228257
743.0 1.6987158207859565e-10
744.0 1.6987158207859565e-10
745.0 4.842236762669927e-05
746.0 0.00048570868784736376
747.0 0.0003283641262896708
748.0 0.00017101954199461034
749.0 0.00013495354096448864
750.0 9.888749445963185e-05
751.0 0.00015738607999082888
752.0 0.00021588473373412853
753.0 0.00035415835100138793
754.0 0.0004924319455312798
755.0 1.6987158207859565e-10
756.0 1.6987158207859565e-10
757.0 1.6987158207859565e-10
758.0 1.6987158207859565e-10
759.0 0.0001637682089494774
760.0 0.0006896908416820224
761.0 0.0004180888026894536
762.0 0.00014648686601503869
763.0 3.204663983069622e-05
764.0 1.6987158207859565e-10
765.0 0.00010653202480170876
766.0 0.00029545742563641397
767.0 1.6987158207859565e-10
768.0 1.6987158207859565e-10
769.0 1.6987158207859565e-10
770.0 1.6987158207859565e-10
771.0 1.6987158207859565e-10
772.0 1.6987158207859565e-10
773.0 0.00016673405980327516
774.0 0.0006317530278465711
775.0 0.00039534916140837595
776.0 0.00015894515854597557
777.0 0.00020342179141152883
778.0 0.0002478984924891847
779.0 0.00037789395719300956
780.0 0.0005078894446342019
781.0 0.0006378072157531278
782.0 0.0007677250323467888
783.0 0.0006541864422615618
784.0 0.0005406480795500102
785.0 0.00025060674033738906
786.0 1.6987158207859565e-10
787.0 0.00037999716369085945
788.0 0.0007994291081558913
789.0 0.0007680541784793604
790.0 0.0007366792488028295
791.0 0.0006201463293109555
792.0 0.0005036132733948762
793.0 0.0005189648618397769
794.0 0.0005343162229110021
795.0 0.000660114164929837
796.0 0.0007859120159992017
797.0 0.00046021013986319304
798.0 0.00013450835467665456
799.0 0.0005432458237919491
800.0 0.0009519832019577734
801.0 0.0005483808763528941
802.0 0.00014477858485406614
803.0 0.0003458992068772204
804.0 0.0005470198175316909
805.0 0.0009152229722531047
806.0 0.0012834260814997833
807.0 0.0008398589670832735
808.0 0.00039629198909096885
809.0 0.00017631334685574984
810.0 1.6987158207859565e-10
811.0 0.00029406976409518393
812.0 0.0006318047326203668
813.0 0.0008701545084477402
814.0 0.0011085042388003785
815.0 0.0010368872608523816
816.0 0.0009652698281570338
817.0 0.0008121878636302426
818.0 0.0006591059445781866
819.0 0.0007608306077599991
820.0 0.0008625553164165467
821.0 0.0007373956577794161
822.0 0.0006122360446170205
823.0 0.0005703469469153788
824.0 0.0005284579401632072
825.0 0.0005514631084224675
826.0 0.0005744683221564628
827.0 0.0006446990937547525
828.0 0.0007149299108277773
829.0 0.0003659220737972646
830.0 1.6914201239615068e-05
831.0 5.9134401908522705e-05
832.0 0.000101354794423969
833.0 0.0005045033958595013
834.0 0.0009076519745576661
835.0 0.0002943740128102945
836.0 1.6987158207859565e-10
837.0 1.6987158207859565e-10
838.0 8.763149139667803e-05
839.0 0.0004925103894493077
840.0 0.0008973894182418007
841.0 0.0011698474736476783
842.0 0.0014423055290535558
843.0 0.0009909472282743081
844.0 0.0005395885182224447
845.0 0.00047285366235882975
846.0 0.00040611871554574464
847.0 0.0007934894711070228
848.0 0.0011808603630925063
849.0 0.0008852156497596297
850.0 0.0005895706635783426
851.0 0.0009155563020613045
852.0 0.0012415419405442663
853.0 0.0005849400167790009
854.0 1.6987158207859565e-10
855.0 1.6987158207859565e-10
856.0 1.6987158207859565e-10
857.0 0.00046486538849421777
858.0 0.0013920070159656461
859.0 0.0011389496648916975
860.0 0.0008858921319188084
861.0 0.001175711349787889
862.0 0.00146553074955591
863.0 0.0016463809515698813
864.0 0.0018272310626343824
865.0 0.001970111406990327
866.0 0.0021129917513462715
867.0 0.0028888847737107426
868.0 0.003664777977974154
869.0 0.0032142143027158454
870.0 0.0027636500817607157
871.0 0.0033451149647589773
872.0 0.003926580029656179
873.0 0.002833114194800146
874.0 0.001739648541843053
