lsstCam/transmission_filter_detector/r14_s01/r_57/19700101T000000.ecsv
# %ECSV 1.0
# ---
# datatype:
# - {name: wavelength, unit: nm, datatype: float32}
# - {name: efficiency, unit: '%', datatype: float64}
# meta: !!omap
# - {MODE: DETECTOR}
# - {TYPE: transmission_filter_detector}
# - {CALIBDATE: '1970-01-01T00:00:00'}
# - {INSTRUME: LSSTCam}
# - {OBSTYPE: transmission_filter_detector}
# - {CALIBCLS: lsst.ip.isr.IntermediateFilterDetectorTransmissionCurve}
# - {SOURCE: Materion (DM-46256)}
# - {DETECTOR: 64}
# - {FILTER: r_57}
# - {CALIB_ID: 'calibDate=1970-01-01T00:00:00 filter=r_57 detector=64'}
# - {DATE: '2025-04-02T15:59:44.479914'}
# - {CALIB_CREATION_DATE: '2025-04-02'}
# - {CALIB_CREATION_TIME: '15:59:44'}
# - __serialized_columns__:
#     efficiency:
#       __class__: astropy.units.quantity.Quantity
#       unit: !astropy.units.Unit {unit: '%'}
#       value: !astropy.table.SerializedColumn {name: efficiency}
#     wavelength:
#       __class__: astropy.units.quantity.Quantity
#       unit: !astropy.units.Unit {unit: nm}
#       value: !astropy.table.SerializedColumn {name: wavelength}
# schema: astropy-2.0
wavelength efficiency
300.0 0.004004844231531024
301.0 0.009773438796401024
302.0 0.015542034816462547
303.0 0.018372884369455278
304.0 0.021203735377639532
305.0 0.018582640041131526
306.0 0.01596154470462352
307.0 0.014518709213007241
308.0 0.013075875176582485
309.0 0.011824462853837758
310.0 0.01057304980349727
311.0 0.009541348117636517
312.0 0.008509646431775764
313.0 0.007817506411811337
314.0 0.007125365664251149
315.0 0.006941900210222229
316.0 0.006758433301001787
317.0 0.006155682058306411
318.0 0.005552931543206796
319.0 0.005049147875979543
320.0 0.0045453653001459315
321.0 0.004343769251136109
322.0 0.004142172838328406
323.0 0.0041085480916081
324.0 0.004074922617292032
325.0 0.004013808938907459
326.0 0.003952694169129245
327.0 0.003983304486609995
328.0 0.004013914076494984
329.0 0.004080271537532099
330.0 0.004146628998569213
331.0 0.0037774723750771955
332.0 0.003408315751585178
333.0 0.003150293559883721
334.0 0.0028922713681822643
335.0 0.0025670464310678653
336.0 0.0022418214939534664
337.0 0.0020255782146705315
338.0 0.0018093347534886561
339.0 0.0016902078641578555
340.0 0.0015710807929281145
341.0 0.0015321607861551456
342.0 0.0014932406884327065
343.0 0.0014766745152883232
344.0 0.0014601082511944696
345.0 0.0013646005754708312
346.0 0.0012690928087977227
347.0 0.0012445132597349584
348.0 0.001219933619722724
349.0 0.001207895275001647
350.0 0.005843201870447956
351.0 0.006063850742066279
352.0 0.006284499249886721
353.0 0.0053427746024681255
354.0 0.00440105031884741
355.0 0.004264017115929164
356.0 0.00412698500440456
357.0 0.006513689731946215
358.0 0.00890039445948787
359.0 0.0064646250393707305
360.0 0.00402885525545571
361.0 0.00290020507236477
362.0 0.0017715552530717105
363.0 0.002541253707022406
364.0 0.003310952160973102
365.0 0.003710828968905844
366.0 0.0041107061406364664
367.0 0.0034377666452201083
368.0 0.00276482696790481
369.0 0.0022943861040403135
370.0 0.0018239454220747575
371.0 0.0024310415028594434
372.0 0.0030381377655430697
373.0 0.0034484954085201025
374.0 0.003858852869598195
375.0 0.003307220686110668
376.0 0.002755589048319962
377.0 0.0014658016880275682
378.0 0.0001760144300533284
379.0 0.0009960326678992715
380.0 0.0018160510080633685
381.0 0.002542389847803861
382.0 0.003268729051342234
383.0 0.003419895438128151
384.0 0.0035710621887119487
385.0 0.0046198514610296115
386.0 0.005668640369549394
387.0 0.005112160215503536
388.0 0.004555680061457679
389.0 0.003863756137434393
390.0 0.0031718314858153462
391.0 0.0021567779185716063
392.0 0.0011417245332268067
393.0 0.0012993112250114791
394.0 0.001456897643947741
395.0 0.0011874431947944686
396.0 0.0009179888365906663
397.0 0.000874805664352607
398.0 0.0008316227649629582
399.0 0.0007482238743250491
400.0 0.0006648243015661137
401.0 0.00030509074804285774
402.0 1.71853785542464e-10
403.0 0.00011813018545581144
404.0 0.0002909041995735606
405.0 0.0008160894140019082
406.0 0.00134127431010711
407.0 0.0018365932191954926
408.0 0.002331912037334405
409.0 0.002014925303228665
410.0 0.001697938387223985
411.0 0.0012078344298060983
412.0 0.0007177304269134765
413.0 0.0007926299076643772
414.0 0.000867529433890013
415.0 0.0008683754458616022
416.0 0.0008692216397321317
417.0 0.0014021350580151193
418.0 0.0019350489310454577
419.0 0.0024254839445347898
420.0 0.002915919139923062
421.0 0.004653122596209869
422.0 0.006390325870597735
423.0 0.00994969013845548
424.0 0.013509052223525941
425.0 0.017849919095169753
426.0 0.022190780146047473
427.0 0.022396842541638762
428.0 0.022602907847613096
429.0 0.017264032794628292
430.0 0.01192515846923925
431.0 0.008696757140569389
432.0 0.005468355448101647
433.0 0.004419284232426435
434.0 0.0033702126529533416
435.0 0.0026513185730436817
436.0 0.0019324243112350814
437.0 0.001691617762844544
438.0 0.0014508113963529468
439.0 0.001213989162351936
440.0 0.0009771669283509254
441.0 0.001200361566588981
442.0 0.0014235562957765069
443.0 0.0017076306903618388
444.0 0.0019917053577955812
445.0 0.0018666985852178186
446.0 0.0017416916307411157
447.0 0.0017127527826232836
448.0 0.0016838142983033322
449.0 0.0018954868210130371
450.0 0.0021071589799248613
451.0 0.0021077301425975747
452.0 0.002108301669068169
453.0 0.0018269531210535206
454.0 0.0015456047549378127
455.0 0.0014014980479259975
456.0 0.001257391613762593
457.0 0.000915279542823555
458.0 0.0005731676083087223
459.0 0.0008811581210466102
460.0 0.0011891484064108226
461.0 0.0018892140360549092
462.0 0.0025892793928505853
463.0 0.003399648267077282
464.0 0.004210017141303979
465.0 0.005344835517462343
466.0 0.006479654257418588
467.0 0.007043804362183437
468.0 0.007607954466948286
469.0 0.006449048669310287
470.0 0.00529014432686381
471.0 0.003982058842666447
472.0 0.002673972812772263
473.0 0.002224151830887422
474.0 0.001774330849002581
475.0 0.0014621026821259875
476.0 0.0011498746971483342
477.0 0.0009355278962175362
478.0 0.0007211809133877978
479.0 0.0009541447980154771
480.0 0.0011871085007442161
481.0 0.0009275328920921311
482.0 0.0006679574653389864
483.0 0.000738868402549997
484.0 0.0008097791578620672
485.0 0.0006990674592088908
486.0 0.0005883556696062442
487.0 0.0006247182227525627
488.0 0.0006610807304241462
489.0 0.0006640663286816562
490.0 0.0006670519724139012
491.0 0.0008472326953778975
492.0 0.0010274134183418937
493.0 0.0010845831639016978
494.0 0.0011417530004109722
495.0 0.0010483757250767667
496.0 0.000954998358793091
497.0 0.0011964093573624268
498.0 0.0014378201740328223
499.0 0.0013995715562487021
500.0 0.0013613231203635223
501.0 0.0016177258657990023
502.0 0.001874128975032363
503.0 0.0022862972400616854
504.0 0.002698465686989948
505.0 0.0033374155464116484
506.0 0.003976365405833349
507.0 0.004629837712855078
508.0 0.005283310019876808
509.0 0.005708550088456832
510.0 0.006133789429441094
511.0 0.005440585300675593
512.0 0.0047473808081122115
513.0 0.00405306309403386
514.0 0.0033587457437533885
515.0 0.0031821109587326646
516.0 0.003005476355610881
517.0 0.00285168644040823
518.0 0.002697896161407698
519.0 0.06241074879653752
520.0 0.027491935179568827
521.0 0.1399298314936459
522.0 0.0636054901406169
523.0 0.04379297897685319
524.0 0.042995676631107926
525.0 0.05805346299894154
526.0 0.1578975934535265
527.0 0.10610006283968687
528.0 0.19095027819275856
529.0 0.16617164947092533
530.0 0.23742399644106627
531.0 0.2530045108869672
532.0 0.3498759586364031
533.0 0.47251335345208645
534.0 0.6828018929809332
535.0 0.9108299389481544
536.0 1.4970865100622177
537.0 2.3796122521162033
538.0 3.6092594265937805
539.0 5.4010361433029175
540.0 7.918449491262436
541.0 10.734175145626068
542.0 14.265424013137817
543.0 18.849585950374603
544.0 24.486571550369263
545.0 30.486714839935303
546.0 37.423551082611084
547.0 44.666680693626404
548.0 53.10708284378052
549.0 60.683488845825195
550.0 65.8070981502533
551.0 72.01138138771057
552.0 75.40940046310425
553.0 79.22691702842712
554.0 82.48085975646973
555.0 85.73716282844543
556.0 89.28512930870056
557.0 91.24580025672913
558.0 93.45453381538391
559.0 95.1908528804779
560.0 94.8485255241394
561.0 95.50316333770752
562.0 96.03589177131653
563.0 95.45130133628845
564.0 95.81841230392456
565.0 95.62384486198425
566.0 96.32149934768677
567.0 95.97034454345703
568.0 96.47927284240723
569.0 97.29299545288086
570.0 96.87842130661011
571.0 97.52771854400635
572.0 97.20133543014526
573.0 96.93642854690552
574.0 97.13683724403381
575.0 97.07867503166199
576.0 97.28618860244751
577.0 97.1594512462616
578.0 97.18994498252869
579.0 97.26656675338745
580.0 96.82496786117554
581.0 96.8083381652832
582.0 96.83088064193726
583.0 97.0790684223175
584.0 96.57886624336243
585.0 96.77873253822327
586.0 97.09929823875427
587.0 96.47058844566345
588.0 97.10204005241394
589.0 97.64781594276428
590.0 97.0100462436676
591.0 96.1665391921997
592.0 96.27627730369568
593.0 95.89006900787354
594.0 96.18041515350342
595.0 96.87293767929077
596.0 97.28342890739441
597.0 97.56835103034973
598.0 97.09667563438416
599.0 97.50407338142395
600.0 97.28639125823975
601.0 96.41981720924377
602.0 96.97843790054321
603.0 96.41262292861938
604.0 96.70412540435791
605.0 96.74484133720398
606.0 96.38894200325012
607.0 96.47703170776367
608.0 96.65669798851013
609.0 95.63217163085938
610.0 96.30388617515564
611.0 96.08446955680847
612.0 96.13346457481384
613.0 97.27053046226501
614.0 96.84346318244934
615.0 96.52295112609863
616.0 96.96463346481323
617.0 96.83153629302979
618.0 96.62373661994934
619.0 97.06346988677979
620.0 96.22754454612732
621.0 95.93789577484131
622.0 97.0082700252533
623.0 96.83704376220703
624.0 96.52740955352783
625.0 97.2005844116211
626.0 96.58596515655518
627.0 95.47953605651855
628.0 97.43835926055908
629.0 95.85025906562805
630.0 96.61980867385864
631.0 96.4281439781189
632.0 97.15535044670105
633.0 96.72650098800659
634.0 96.02031707763672
635.0 96.24081254005432
636.0 96.8483567237854
637.0 95.97869515419006
638.0 95.73342800140381
639.0 95.64335942268372
640.0 95.87916731834412
641.0 95.96072435379028
642.0 96.1474597454071
643.0 96.3005542755127
644.0 96.33557796478271
645.0 96.56469225883484
646.0 96.20631337165833
647.0 97.37954139709473
648.0 96.68837189674377
649.0 95.9965169429779
650.0 96.64410948753357
651.0 97.16753959655762
652.0 97.39237427711487
653.0 96.52066230773926
654.0 96.91893458366394
655.0 96.95219993591309
656.0 95.99529504776001
657.0 96.0531234741211
658.0 96.55336737632751
659.0 96.45000100135803
660.0 95.84319591522217
661.0 95.49750089645386
662.0 96.23026251792908
663.0 95.96648216247559
664.0 95.56493163108826
665.0 95.52712440490723
666.0 95.68808674812317
667.0 95.90878486633301
668.0 95.21957635879517
669.0 95.76944708824158
670.0 95.64614295959473
671.0 95.54581642150879
672.0 95.15745043754578
673.0 95.09187340736389
674.0 94.64704990386963
675.0 95.37057280540466
676.0 94.3627655506134
677.0 92.75926351547241
678.0 92.04827547073364
679.0 90.55042266845703
680.0 88.97262215614319
681.0 87.34046816825867
682.0 84.47766304016113
683.0 81.16568326950073
684.0 77.58028507232666
685.0 73.2085108757019
686.0 69.08330917358398
687.0 64.18558955192566
688.0 59.803932905197144
689.0 55.510014295578
690.0 50.63371658325195
691.0 46.4310884475708
692.0 41.549691557884216
693.0 36.995929479599
694.0 31.518256664276123
695.0 26.176360249519348
696.0 20.580200850963593
697.0 15.574684739112854
698.0 10.62772199511528
699.0 7.020892947912216
700.0 4.626445099711418
701.0 2.67473217099905
702.0 1.6196489334106445
703.0 0.9554734453558922
704.0 0.5709783639758825
705.0 0.32917396165430546
706.0 0.25671112816780806
707.0 0.12871039798483253
708.0 0.115143449511379
709.0 0.09302333928644657
710.0 0.059395190328359604
711.0 0.0687894644215703
712.0 0.03015881811734289
713.0 0.06798693211749196
714.0 0.047272356459870934
715.0 0.0762895098887384
716.0 0.029509200248867273
717.0 0.03473034012131393
718.0 0.032729748636484146
719.0 0.06827207398600876
720.0 1.71853785542464e-10
721.0 0.004043459193781018
722.0 0.003789703259826638
723.0 0.0035359473258722574
724.0 0.003296837894595228
725.0 0.003057728463318199
726.0 0.0028400527298799716
727.0 0.0026223766326438636
728.0 0.002484858487150632
729.0 0.0023473399778595194
730.0 0.002183042852266226
731.0 0.002018746090470813
732.0 0.00198180914594559
733.0 0.0019448722014203668
734.0 0.0018716649719863199
735.0 0.0017984575606533326
736.0 0.0016451709598186426
737.0 0.0014918841770850122
738.0 0.0014986525457061362
739.0 0.0015054210962262005
740.0 0.0014608714081987273
741.0 0.0014163220839691348
742.0 0.0013059910088486504
743.0 0.0011956601156271063
744.0 0.0012468566637835465
745.0 0.0012980531209905166
746.0 0.0012150097973062657
747.0 0.0011319664736220147
748.0 0.0010132128409168217
749.0 0.0008944592082116287
750.0 0.0008968738256953657
751.0 0.0008992888069769833
752.0 0.0009636241884436458
753.0 0.0010279594789608382
754.0 0.0010304243915015832
755.0 0.0010328894859412685
756.0 0.0009841958672041073
757.0 0.0009355020665680058
758.0 0.0009777477316674776
759.0 0.001019993214868009
760.0 0.0010157463293580804
761.0 0.0010114997166965622
762.0 0.0009936637070495635
763.0 0.0009758280612004455
764.0 0.0009514765224594157
765.0 0.0009271251656173263
766.0 0.0007375891527772183
767.0 0.0005480532763613155
768.0 0.0005369716291170334
769.0 0.0005258898909232812
770.0 0.0006475878308265237
771.0 0.0007692860890529118
772.0 0.0007038398507575039
773.0 0.0006383934760378907
774.0 0.0007725024261162616
775.0 0.0009066114216693677
776.0 0.0008500051990267821
777.0 0.0007933990673336666
778.0 0.0007855608600948472
779.0 0.0007777226528560277
780.0 0.0006693463092233287
781.0 0.0005609700110653648
782.0 0.0006525051048811292
783.0 0.0007440401986968936
784.0 0.0007420001566060819
785.0 0.0007399598416668596
786.0 0.0006350773219310213
787.0 0.000530194802195183
788.0 0.0005530906491912901
789.0 0.0005759865871368675
790.0 0.0006497155936813215
791.0 0.0007234445092763053
792.0 0.000719814943295205
793.0 0.0007161853773141047
794.0 0.0007261982318595983
795.0 0.0007362107680819463
796.0 0.0006133429906185484
797.0 0.0004904751222056802
798.0 0.0006403495717677288
799.0 0.0007902239303803071
800.0 0.0007274881227203878
801.0 0.000664752087686793
802.0 0.0005771614269178826
803.0 0.0004895705387752969
804.0 0.0006160111752251396
805.0 0.0007424519026244525
806.0 0.0006290749752224656
807.0 0.0005156980932952138
808.0 0.0006400204256351572
809.0 0.0007643427125003655
810.0 0.0006386477252817713
811.0 0.0005129530109115876
812.0 0.0005901354597881436
813.0 0.0006673179086646996
814.0 0.0005195735411689384
815.0 0.00037182924188527977
816.0 0.0004736913069791626
817.0 0.0005755535312346183
818.0 0.0005795181550638517
819.0 0.0005834827334183501
820.0 0.0003972751073888503
821.0 0.00021106739040988032
822.0 0.00029051152523607016
823.0 0.0003699557055369951
824.0 0.00041555595089448616
825.0 0.0004611562417267123
826.0 0.0004888944204139989
827.0 0.0005166325536265504
828.0 0.00033944149890885456
829.0 0.00016225043282247498
830.0 0.00015074475641085883
831.0 0.00013923910273661022
832.0 7.110276101229829e-05
833.0 2.9664056100386915e-06
834.0 1.4925925029274367e-05
835.0 2.6885405191023892e-05
836.0 0.00027693370157066965
837.0 0.0005269821031106403
838.0 0.0006952896001166664
839.0 0.0008635971425974276
840.0 0.0013583779946202412
841.0 0.0018531587556935847
842.0 0.002768975537037477
843.0 0.0036847930459771305
844.0 0.004290387005312368
845.0 0.004895980964647606
846.0 0.004954164251103066
847.0 0.005012347173760645
848.0 0.00414518617617432
849.0 0.0032780240871943533
850.0 0.00241626039496623
851.0 0.0015544967027381063
852.0 0.0013391244465310592
853.0 0.0011237519174756017
854.0 0.0009951912943506613
855.0 0.0008666303983773105
856.0 0.0006711599780828692
857.0 0.0004756896942126332
858.0 0.0005861998943146318
859.0 0.0006967100034671603
860.0 0.0006444150130846538
861.0 0.0005921199317526771
862.0 0.0005666573997586966
863.0 0.0005411947768152459
864.0 0.00037077211345604155
865.0 0.0002003494728342048
866.0 0.00017971943861994077
867.0 0.000159089393036993
868.0 0.00018365943788012373
869.0 0.00020822942587983562
870.0 0.00010323437891202047
871.0 1.71853785542464e-10
872.0 1.71853785542464e-10
873.0 1.71853785542464e-10
874.0 1.71853785542464e-10
875.0 1.71853785542464e-10
876.0 1.71853785542464e-10
877.0 5.323852292349329e-05
878.0 0.00017004571191137074
879.0 0.00028685287816188065
880.0 0.00021921296138316393
881.0 0.00015157299912971212
882.0 0.00014232936109692673
883.0 0.0001330857458015089
884.0 2.462287511661998e-05
885.0 1.71853785542464e-10
886.0 4.895644565294788e-05
887.0 0.00018175286413679714
888.0 0.00024635091904201545
889.0 0.00031094896257855
890.0 0.0002572248376964126
891.0 0.00020350069007690763
892.0 3.8425633874794585e-05
893.0 1.71853785542464e-10
894.0 1.71853785542464e-10
895.0 3.843972535833018e-05
896.0 5.280621167003119e-05
897.0 6.717274914080917e-05
898.0 7.733219149486104e-05
899.0 8.749163953325478e-05
900.0 5.453571816360636e-05
901.0 2.1579801057214354e-05
