lsstCam/transmission_filter_detector/r14_s01/r_57/19700101T000000.ecsv
# %ECSV 1.0
# ---
# datatype:
# - {name: wavelength, unit: nm, datatype: float32}
# - {name: efficiency, unit: '%', datatype: float64}
# meta: !!omap
# - {MODE: DETECTOR}
# - {TYPE: transmission_filter_detector}
# - {CALIBDATE: '1970-01-01T00:00:00'}
# - {INSTRUME: LSSTCam}
# - {OBSTYPE: transmission_filter_detector}
# - {CALIBCLS: lsst.ip.isr.IntermediateFilterDetectorTransmissionCurve}
# - {SOURCE: Materion (DM-46256)}
# - {DETECTOR: 64}
# - {FILTER: r_57}
# - {CALIB_ID: 'calibDate=1970-01-01T00:00:00 filter=r_57 detector=64'}
# - {DATE: '2025-04-02T15:59:44.479914'}
# - {CALIB_CREATION_DATE: '2025-04-02'}
# - {CALIB_CREATION_TIME: '15:59:44'}
# - __serialized_columns__:
#     efficiency:
#       __class__: astropy.units.quantity.Quantity
#       unit: !astropy.units.Unit {unit: '%'}
#       value: !astropy.table.SerializedColumn {name: efficiency}
#     wavelength:
#       __class__: astropy.units.quantity.Quantity
#       unit: !astropy.units.Unit {unit: nm}
#       value: !astropy.table.SerializedColumn {name: wavelength}
# schema: astropy-2.0
wavelength efficiency
[from data line 603]
903.0 1.71853785542464e-10
904.0 1.71853785542464e-10
905.0 6.397605716301769e-05
906.0 1.71853785542464e-10
907.0 1.71853785542464e-10
908.0 1.71853785542464e-10
909.0 1.71853785542464e-10
910.0 1.71853785542464e-10
911.0 1.71853785542464e-10
912.0 1.71853785542464e-10
913.0 1.71853785542464e-10
914.0 1.71853785542464e-10
915.0 6.527129698952194e-05
916.0 4.4526109377329703e-05
917.0 2.3780940239248594e-05
918.0 9.806697107705986e-05
919.0 0.00017235298628293094
920.0 0.00010472983831277816
921.0 3.710666192091594e-05
922.0 0.00012091436474293005
923.0 0.0002047220505119185
924.0 0.00023801842417014996
925.0 0.00027131482056574896
926.0 0.00018558130250312388
927.0 9.98477844404988e-05
928.0 0.00010632766134222038
929.0 0.00011280752687525819
930.0 0.00018789030491461745
931.0 0.000262973117060028
932.0 0.00014334359548229259
933.0 2.3714147801001673e-05
934.0 0.00012725832903015544
935.0 0.00023080249320628354
936.0 0.00028580766411323566
937.0 0.0003408128350201878
938.0 0.0003495645614748355
939.0 0.0003583163334042183
940.0 0.0002937093768196064
941.0 0.00022910244297236204
942.0 0.00030709993552591186
943.0 0.0003850974280794617
944.0 0.00032393575111200335
945.0 0.0002627741196192801
946.0 0.00029805323720211163
947.0 0.0003333323320475756
948.0 0.0005014151611248963
949.0 0.0006694980584143195
950.0 0.0006438041964429431
951.0 0.0006181103344715666
952.0 0.0007230766186694382
953.0 0.0008280429938167799
954.0 0.0011691859981510788
955.0 0.001510329184384318
956.0 0.0015644185623386875
957.0 0.0016185076674446464
958.0 0.0016919026165851392
959.0 0.001765298111422453
960.0 0.0019403527403483167
961.0 0.002115407733072061
962.0 0.002260482870042324
963.0 0.0024055583708104677
964.0 0.002401000165264122
965.0 0.0023964417778188363
966.0 0.002330610186618287
967.0 0.0022647784135187976
968.0 0.002231069629488047
969.0 0.0021973612092551775
970.0 0.0022981581423664466
971.0 0.0023989550754777156
972.0 0.0025267412638640963
973.0 0.0026545270884525962
974.0 0.002920603219536133
975.0 0.0031866791687207296
976.0 0.0032943356927717105
977.0 0.0034019922168226913
978.0 0.003304050915176049
979.0 0.003206109977327287
980.0 0.0031871022656559944
981.0 0.0031680945539847016
982.0 0.003291881876066327
983.0 0.003415668834350072
984.0 0.003346134690218605
985.0 0.0032766001822892576
986.0 0.0031427753128809854
987.0 0.003008950261573773
988.0 0.00281006250588689
989.0 0.002611175113997888
990.0 0.0026423427698318847
991.0 0.002673510607564822
992.0 0.0027149399102199823
993.0 0.002756369394774083
994.0 0.0027958431019214913
995.0 0.002835316081473138
996.0 0.0028641232347581536
997.0 0.0028929302061442286
998.0 0.0029972221454954706
999.0 0.0031015140848467126
1000.0 0.0032410760468337685
1001.0 0.003380638372618705
1002.0 0.003600457785069011
1003.0 0.0038202771975193173
1004.0 0.00397712028643582
1005.0 0.004133963375352323
1006.0 0.004348454240243882
1007.0 0.0045629454689333215
1008.0 0.0045223037886898965
1009.0 0.00448166138085071
1010.0 0.004507107951212674
1011.0 0.004532554157776758
1012.0 0.004476913090911694
1013.0 0.004421271660248749
1014.0 0.004135853669140488
1015.0 0.003850435678032227
1016.0 0.003649913560366258
1017.0 0.003449391442700289
1018.0 0.002989777385664638
1019.0 0.0025301635105279274
1020.0 0.0021164842110010795
1021.0 0.0017028047295752913
1022.0 0.0015425568562932312
1023.0 0.00138230834636488
1024.0 0.0014128996554063633
1025.0 0.0014434910553973168
1026.0 0.0013218962521932553
1027.0 0.0012003011761407834
1028.0 0.0010980043043673504
1029.0 0.0009957072506949771
1030.0 0.0009589714863977861
1031.0 0.0009222350854543038
1032.0 0.0008986982720671222
1033.0 0.00087516118583153
1034.0 0.0008450452696706634
1035.0 0.0008149292625603266
1036.0 0.0008809483915683813
1037.0 0.0009469671567785554
1038.0 0.000891596846486209
1039.0 0.0008362266271433327
1040.0 0.0008501579031872097
1041.0 0.0008640889973321464
1042.0 0.0009717778084450401
1043.0 0.001079466164810583
1044.0 0.0010174937415285967
1045.0 0.0009555216820444912
1046.0 0.0009074772606254555
1047.0 0.0008594330211053602
1048.0 0.0007969015314301942
1049.0 0.0007343701327044982
1050.0 0.0007383809133898467
1051.0 0.00074239164860046
1052.0 0.0010300126632500906
1053.0 0.0013176332686271053
1054.0 0.0011808029739768244
1055.0 0.0010439724974276032
1056.0 0.0010601622307149228
1057.0 0.0010763522368506528
1058.0 0.0008779333256825339
1059.0 0.0006795145054638851
1060.0 0.0010243080396321602
1061.0 0.0013691010281036142
1062.0 0.0014191757145454176
1063.0 0.001469250400987221
1064.0 0.0010811860192916356
1065.0 0.0006931212283234345
1066.0 0.001126150800700998
1067.0 0.0015591804185532965
1068.0 0.001834251088439487
1069.0 0.0021093212126288563
1070.0 0.0016589954611845315
1071.0 0.0012086695278412662
1072.0 0.0013120023140800186
1073.0 0.0014153352822177112
1074.0 0.0021726371414843015
1075.0 0.0029299388188519515
1076.0 0.003138131069135852
1077.0 0.003346323501318693
1078.0 0.003733158519025892
1079.0 0.004119993536733091
1080.0 0.004275586979929358
1081.0 0.004431180423125625
1082.0 0.004209874896332622
1083.0 0.003988569733337499
1084.0 0.00451773485110607
1085.0 0.00504689960507676
1086.0 0.004871194687439129
1087.0 0.0046954897698014975
1088.0 0.004853409336647019
1089.0 0.0050113296310883015
1090.0 0.0048964782763505355
1091.0 0.004781626557814889
1092.0 0.004220923074171878
1093.0 0.003660219590528868
1094.0 0.004359106605988927
1095.0 0.0050579932576511055
1096.0 0.003687655771500431
1097.0 0.0023173182853497565
1098.0 0.0016953330487012863
1099.0 0.0010733479939517565
1100.0 0.0014223002835933585
1101.0 0.0017712520275381394
