lsstcam/qe_curve/r12_s10/19700101T000000.ecsv
# %ECSV 0.9
# ---
# datatype:
# - {name: amp_name, datatype: string}
# - {name: wavelength, unit: nm, datatype: float32}
# - {name: efficiency, unit: '%', datatype: float32}
# meta: !!omap
# - {MODE: AMP}
# - {TYPE: QE}
# - {CALIBDATE: '1970-01-01T00:00:00'}
# - {INSTRUME: LSSTCAM}
# - {OBSTYPE: qe_curve}
# - {DETECTOR: 48}
# - {PICKLEFILE: RaftRun11415.p}
# - {CALIB_ID: 'raftName=R12 detectorName=S10 detector=48 calibDate=1970-01-01T00:00:00 ccd=48 ccdnum=48 filter=None'}
# - {DATE: '2020-01-22T23:03:46.253115'}
# - {CALIB_CREATION_DATE: '2020-01-22'}
# - {CALIB_CREATION_TIME: '23:03:46'}
# - __serialized_columns__:
#     efficiency:
#       __class__: astropy.units.quantity.Quantity
#       unit: !astropy.units.Unit {unit: '%'}
#       value: !astropy.table.SerializedColumn {name: efficiency}
#     wavelength:
#       __class__: astropy.units.quantity.Quantity
#       unit: !astropy.units.Unit {unit: nm}
#       value: !astropy.table.SerializedColumn {name: wavelength}
# schema: astropy-2.0
amp_name wavelength efficiency
C02 319.994 41.04856
C02 324.969 46.39205
C02 349.982 71.89389
C02 374.975 79.39861
C02 400.019 85.665344
C02 424.965 86.54634
C02 450.035 88.59908
C02 475.003 89.95939
C02 500.018 91.941
C02 525.002 94.63802
C02 550.029 95.801094
C02 575.023 96.90651
C02 599.982 97.8184
C02 619.997 98.88847
C02 624.979 98.60607
C02 650.012 99.06031
C02 675.004 99.454765
C02 700.03 99.289
C02 725.012 98.89134
C02 750.022 99.05046
C02 774.987 98.661995
C02 799.976 98.297356
C02 824.988 96.301285
C02 850.022 94.12243
C02 869.967 91.335
C02 875.002 90.023895
C02 899.999 83.544464
C02 919.999 74.067474
C02 925.012 71.6833
C02 949.965 58.40198
C02 975.002 42.824627
C02 999.976 26.010283
C02 1025.028 11.057212
C02 1050.014 3.9376144
C02 1075.002 2.1498427
C02 1099.99 1.5768173
C05 319.994 41.936935
C05 324.969 47.400433
C05 349.982 73.29039
C05 374.975 80.515
C05 400.019 86.39905
C05 424.965 87.11213
C05 450.035 89.09392
C05 475.003 90.4119
C05 500.018 92.3726
C05 525.002 95.05325
C05 550.029 96.19626
C05 575.023 97.28394
C05 599.982 98.18153
C05 619.997 99.23819
C05 624.979 98.95313
C05 650.012 99.38912
C05 675.004 99.764084
C05 700.03 99.55952
C05 725.012 99.07912
C05 750.022 99.13394
C05 774.987 98.64556
C05 799.976 98.244026
C05 824.988 96.25923
C05 850.022 94.08801
C05 869.967 91.35134
C05 875.002 90.06651
C05 899.999 83.58935
C05 919.999 74.26321
C05 925.012 71.77922
C05 949.965 58.444115
C05 975.002 42.80398
C05 999.976 25.991257
C05 1025.028 11.085889
C05 1050.014 3.9462736
C05 1075.002 2.1407666
C05 1099.99 1.571261
C10 319.994 43.044884
C10 324.969 48.663216
C10 349.982 75.39568
C10 374.975 82.436424
C10 400.019 87.44418
C10 424.965 87.72278
C10 450.035 89.490776
C10 475.003 90.68223
C10 500.018 92.56508
C10 525.002 95.204346
C10 550.029 96.31458
C10 575.023 97.38401
C10 599.982 98.268715
C10 619.997 99.31735
C10 624.979 99.03292
C10 650.012 99.45693
C10 675.004 99.82476
C10 700.03 99.60207
C10 725.012 99.068924
C10 750.022 99.0576
C10 774.987 98.49628
C10 799.976 98.05907
C10 824.988 96.06886
C10 850.022 93.87166
C10 869.967 91.07366
C10 875.002 89.79401
C10 899.999 83.43234
C10 919.999 74.12582
C10 925.012 71.79371
C10 949.965 58.56257
C10 975.002 43.031612
C10 999.976 26.202087
C10 1025.028 11.137091
C10 1050.014 3.9526312
C10 1075.002 2.114658
C10 1099.99 1.5601525
C01 319.994 40.763737
C01 324.969 46.070347
C01 349.982 71.43662
C01 374.975 79.0541
C01 400.019 85.51697
C01 424.965 86.48279
C01 450.035 88.57395
C01 475.003 89.95604
C01 500.018 91.95534
C01 525.002 94.66424
C01 550.029 95.83759
C01 575.023 96.949875
C01 599.982 97.8729
C01 619.997 98.94862
C01 624.979 98.667244
C01 650.012 99.12657
C01 675.004 99.52157
C01 700.03 99.362785
C01 725.012 98.95754
C01 750.022 99.10065
C01 774.987 98.70061
C01 799.976 98.32546
C01 824.988 96.33979
C01 850.022 94.15468
C01 869.967 91.346306
C01 875.002 90.06227
C01 899.999 83.597725
C01 919.999 74.13016
C01 925.012 71.70625
C01 949.965 58.4599
C01 975.002 42.946777
C01 999.976 26.066347
C01 1025.028 11.065112
C01 1050.014 3.9474573
C01 1075.002 2.16367
C01 1099.99 1.5848086
C14 319.994 42.12202
C14 324.969 47.61019
C14 349.982 73.955894
C14 374.975 81.39426
C14 400.019 86.730576
C14 424.965 87.1356
C14 450.035 88.940895
C14 475.003 90.14704
C14 500.018 92.036766
C14 525.002 94.67208
C14 550.029 95.79608
C14 575.023 96.87686
C14 599.982 97.77619
C14 619.997 98.83999
C14 624.979 98.55174
C14 650.012 99.00299
C14 675.004 99.39207
C14 700.03 99.226616
C14 725.012 98.8217
C14 750.022 98.97106
C14 774.987 98.565994
C14 799.976 98.18078
C14 824.988 96.18981
C14 850.022 93.99568
C14 869.967 91.106514
C14 875.002 89.79588
C14 899.999 83.39103
C14 919.999 73.9828
C14 925.012 71.57961
C14 949.965 58.150784
C14 975.002 42.76352
C14 999.976 25.964226
C14 1025.028 10.9845085
C14 1050.014 3.8821406
C14 1075.002 2.1411028
C14 1099.99 1.5780752
C16 319.994 41.485943
C16 324.969 46.88979
C16 349.982 72.95418
C16 374.975 80.60379
C16 400.019 86.20847
C16 424.965 86.7304
C16 450.035 88.58293
C16 475.003 89.81614
C16 500.018 91.72132
C16 525.002 94.369225
C16 550.029 95.503296
C16 575.023 96.59419
C16 599.982 97.50521
C16 619.997 98.574585
C16 624.979 98.292114
C16 650.012 98.75242
C16 675.004 99.15182
C16 700.03 98.99641
C16 725.012 98.60689
C16 750.022 98.75925
C16 774.987 98.3613
C16 799.976 97.97977
C16 824.988 95.97301
C16 850.022 93.782036
C16 869.967 90.861946
C16 875.002 89.54591
C16 899.999 83.16924
C16 919.999 73.69914
C16 925.012 71.28092
C16 949.965 57.87208
C16 975.002 42.498833
C16 999.976 25.889013
C16 1025.028 10.930564
C16 1050.014 3.8633463
C16 1075.002 2.1280518
C16 1099.99 1.5789413
C12 319.994 42.63689
C12 324.969 48.19745
C12 349.982 74.72175
C12 374.975 81.91078
C12 400.019 87.0385
C12 424.965 87.37082
C12 450.035 89.14873
C12 475.003 90.344246
C12 500.018 92.22855
C12 525.002 94.856346
C12 550.029 95.9673
C12 575.023 97.03855
C12 599.982 97.927574
C12 619.997 98.9804
C12 624.979 98.69267
C12 650.012 99.13176
C12 675.004 99.503784
C12 700.03 99.30666
C12 725.012 98.83558
C12 750.022 98.9014
C12 774.987 98.41334
C12 799.976 97.99855
C12 824.988 96.01469
C12 850.022 93.79364
C12 869.967 90.95446
C12 875.002 89.659424
C12 899.999 83.27969
C12 919.999 73.95565
C12 925.012 71.534744
C12 949.965 58.148785
C12 975.002 42.724125
C12 999.976 25.909784
C12 1025.028 10.994144
C12 1050.014 3.9007165
C12 1075.002 2.1370835
C12 1099.99 1.5666195
C13 319.994 42.502075
C13 324.969 48.040016
C13 349.982 74.5507
C13 374.975 81.8607
C13 400.019 87.08563
C13 424.965 87.44735
C13 450.035 89.23961
C13 475.003 90.43848
C13 500.018 92.32563
C13 525.002 94.96595
C13 550.029 96.08533
C13 575.023 97.159164
C13 599.982 98.05434
C13 619.997 99.11497
C13 624.979 98.82791
C13 650.012 99.26813
C13 675.004 99.65438
C13 700.03 99.47083
C13 725.012 99.03689
C13 750.022 99.14618
C13 774.987 98.70124
C13 799.976 98.29986
C13 824.988 96.30939
C13 850.022 94.09728
C13 869.967 91.21822
C13 875.002 89.91371
C13 899.999 83.52779
C13 919.999 74.14803
C13 925.012 71.724106
C13 949.965 58.242947
C13 975.002 42.834904
C13 999.976 26.00374
C13 1025.028 11.022447
C13 1050.014 3.897741
C13 1075.002 2.1422768
C13 1099.99 1.5748996
C15 319.994 41.860603
C15 324.969 47.31252
C15 349.982 73.55855
C15 374.975 81.110756
C15 400.019 86.56109
C15 424.965 87.01558
C15 450.035 88.8395
C15 475.003 90.0578
C15 500.018 91.95395
C15 525.002 94.590004
C15 550.029 95.722084
C15 575.023 96.808685
C15 599.982 97.71206
C15 619.997 98.77972
C15 624.979 98.494644
C15 650.012 98.95225
C15 675.004 99.34568
C15 700.03 99.19177
C15 725.012 98.80769
C15 750.022 98.97436
C15 774.987 98.58891
C15 799.976 98.21283
C15 824.988 96.21705
C15 850.022 94.01783
C15 869.967 91.10642
C15 875.002 89.79612
C15 899.999 83.39572
C15 919.999 73.92316
C15 925.012 71.53139
C15 949.965 58.107624
C15 975.002 42.76189
C15 999.976 25.962881
C15 1025.028 10.973971
C15 1050.014 3.8823435
C15 1075.002 2.1399057
C15 1099.99 1.577977
C11 319.994 42.89028
C11 324.969 48.48255
C11 349.982 75.10547
C11 374.975 82.192184
C11 400.019 87.250275
C11 424.965 87.55384
C11 450.035 89.32972
C11 475.003 90.52153
C11 500.018 92.40078
C11 525.002 95.032974
C11 550.029 96.14418
C11 575.023 97.20902
C11 599.982 98.092766
C11 619.997 99.14409
C11 624.979 98.85522
C11 650.012 99.28693
C11 675.004 99.65806
C11 700.03 99.4416
C11 725.012 98.93392
C11 750.022 98.95677
C11 774.987 98.429855
C11 799.976 98.00058
C11 824.988 96.018845
C11 850.022 93.79377
C11 869.967 91.00643
C11 875.002 89.721436
C11 899.999 83.30257
C11 919.999 73.91818
C11 925.012 71.51409
C11 949.965 58.31114
C11 975.002 42.80399
C11 999.976 25.976862
C11 1025.028 11.024805
C11 1050.014 3.922745
C11 1075.002 2.1315794
C11 1099.99 1.5639237
C17 319.994 41.34123
C17 324.969 46.726852
C17 349.982 72.725555
C17 374.975 80.45086
C17 400.019 86.21003
C17 424.965 86.80426
C17 450.035 88.694275
C17 475.003 89.95122
C17 500.018 91.87553
C17 525.002 94.54255
C17 550.029 95.6876
C17 575.023 96.7858
C17 599.982 97.707115
C17 619.997 98.7851
C17 624.979 98.50165
C17 650.012 98.96597
C17 675.004 99.37156
C17 700.03 99.19585
C17 725.012 98.74761
C17 750.022 98.8351
C17 774.987 98.36355
C17 799.976 97.952675
C17 824.988 95.95239
C17 850.022 93.73515
C17 869.967 90.815926
C17 875.002 89.50556
C17 899.999 83.215195
C17 919.999 73.734116
C17 925.012 71.35125
C17 949.965 57.820377
C17 975.002 42.387775
C17 999.976 25.89263
C17 1025.028 10.967596
C17 1050.014 3.8832483
C17 1075.002 2.1317225
C17 1099.99 1.5834574
C04 319.994 41.664856
C04 324.969 47.092476
C04 349.982 72.86145
C04 374.975 80.16183
C04 400.019 86.15448
C04 424.965 86.912605
C04 450.035 88.91143
C04 475.003 90.236755
C04 500.018 92.20153
C04 525.002 94.884094
C04 550.029 96.03184
C04 575.023 97.12397
C04 599.982 98.026375
C04 619.997 99.087746
C04 624.979 98.80215
C04 650.012 99.24409
C04 675.004 99.62402
C04 700.03 99.43699
C04 725.012 98.99177
C04 750.022 99.085556
C04 774.987 98.64058
C04 799.976 98.25363
C04 824.988 96.26936
C04 850.022 94.07826
C04 869.967 91.32363
C04 875.002 90.03425
C04 899.999 83.537315
C04 919.999 74.06306
C04 925.012 71.66638
C04 949.965 58.50781
C04 975.002 42.935055
C04 999.976 26.066309
C04 1025.028 11.092292
C04 1050.014 3.9413755
C04 1075.002 2.1429505
C04 1099.99 1.5728761
C07 319.994 42.21354
C07 324.969 47.71883
C07 349.982 73.756546
C07 374.975 80.86157
C07 400.019 86.587
C07 424.965 87.22669
C07 450.035 89.1808
C07 475.003 90.48267
C07 500.018 92.437294
C07 525.002 95.111305
C07 550.029 96.24812
C07 575.023 97.33374
C07 599.982 98.22539
C07 619.997 99.27823
C07 624.979 98.98943
C07 650.012 99.42356
C07 675.004 99.78706
C07 700.03 99.55993
C07 725.012 99.01834
C07 750.022 98.998085
C07 774.987 98.43723
C07 799.976 98.006836
C07 824.988 96.046165
C07 850.022 93.893295
C07 869.967 91.215515
C07 875.002 89.95111
C07 899.999 83.44334
C07 919.999 74.22632
C07 925.012 71.97996
C07 949.965 58.618896
C07 975.002 43.11429
C07 999.976 26.126884
C07 1025.028 11.193506
C07 1050.014 3.967787
C07 1075.002 2.1350145
C07 1099.99 1.573161
C00 319.994 40.417995
C00 324.969 45.679977
C00 349.982 70.85209
C00 374.975 78.51509
C00 400.019 85.13776
C00 424.965 86.18871
C00 450.035 88.31968
C00 475.003 89.72238
C00 500.018 91.73816
C00 525.002 94.45462
C00 550.029 95.63383
C00 575.023 96.75356
C00 599.982 97.67874
C00 619.997 98.76236
C00 624.979 98.47831
C00 650.012 98.93935
C00 675.004 99.337524
C00 700.03 99.15875
C00 725.012 98.69856
C00 750.022 98.77338
C00 774.987 98.30255
C00 799.976 97.89987
C00 824.988 95.938866
C00 850.022 93.77001
C00 869.967 90.98298
C00 875.002 89.687355
C00 899.999 83.313576
C00 919.999 74.09986
C00 925.012 71.719284
C00 949.965 58.19696
C00 975.002 42.641792
C00 999.976 25.954243
C00 1025.028 11.07464
C00 1050.014 3.9717712
C00 1075.002 2.1784952
C00 1099.99 1.5876473
C06 319.994 42.149334
C06 324.969 47.64327
C06 349.982 73.62705
C06 374.975 80.759865
C06 400.019 86.53677
C06 424.965 87.20112
C06 450.035 89.1623
C06 475.003 90.472275
C06 500.018 92.42452
C06 525.002 95.09972
C06 550.029 96.235756
C06 575.023 97.32102
C06 599.982 98.21083
C06 619.997 99.26562
C06 624.979 98.97786
C06 650.012 99.41048
C06 675.004 99.777596
C06 700.03 99.55431
C06 725.012 99.041595
C06 750.022 99.055725
C06 774.987 98.52979
C06 799.976 98.112305
C06 824.988 96.1376
C06 850.022 93.98842
C06 869.967 91.285255
C06 875.002 89.98304
C06 899.999 83.48479
C06 919.999 74.22173
C06 925.012 71.81086
C06 949.965 58.471096
C06 975.002 42.854523
C06 999.976 26.027279
C06 1025.028 11.128658
C06 1050.014 3.9573429
C06 1075.002 2.1386065
C06 1099.99 1.572556
C03 319.994 41.248302
C03 324.969 46.621117
C03 349.982 72.19253
C03 374.975 79.59753
C03 400.019 85.750084
C03 424.965 86.584206
C03 450.035 88.61401
C03 475.003 89.95838
C03 500.018 91.92929
C03 525.002 94.61779
C03 550.029 95.77407
C03 575.023 96.869095
C03 599.982 97.77658
C03 619.997 98.84086
C03 624.979 98.55844
C03 650.012 99.00596
C03 675.004 99.39206
C03 700.03 99.21861
C03 725.012 98.80505
C03 750.022 98.939606
C03 774.987 98.53168
C03 799.976 98.158005
C03 824.988 96.172646
C03 850.022 93.98435
C03 869.967 91.205215
C03 875.002 89.910576
C03 899.999 83.44019
C03 919.999 73.95658
C03 925.012 71.549545
C03 949.965 58.38764
C03 975.002 42.834248
C03 999.976 26.010054
C03 1025.028 11.057704
C03 1050.014 3.9369304
C03 1075.002 2.1450624
C03 1099.99 1.5721912
