lsstCam/transmission_filter_detector/r32_s21/u_24/19700101T000000.ecsv
# %ECSV 1.0
# ---
# datatype:
# - {name: wavelength, unit: nm, datatype: float32}
# - {name: efficiency, unit: '%', datatype: float64}
# meta: !!omap
# - {MODE: DETECTOR}
# - {TYPE: transmission_filter_detector}
# - {CALIBDATE: '1970-01-01T00:00:00'}
# - {INSTRUME: LSSTCam}
# - {OBSTYPE: transmission_filter_detector}
# - {CALIBCLS: lsst.ip.isr.IntermediateFilterDetectorTransmissionCurve}
# - {SOURCE: Materion (DM-46256)}
# - {DETECTOR: 142}
# - {FILTER: u_24}
# - {CALIB_ID: 'calibDate=1970-01-01T00:00:00 filter=u_24 detector=142'}
# - {DATE: '2025-04-02T15:59:40.407817'}
# - {CALIB_CREATION_DATE: '2025-04-02'}
# - {CALIB_CREATION_TIME: '15:59:40'}
# - __serialized_columns__:
#     efficiency:
#       __class__: astropy.units.quantity.Quantity
#       unit: !astropy.units.Unit {unit: '%'}
#       value: !astropy.table.SerializedColumn {name: efficiency}
#     wavelength:
#       __class__: astropy.units.quantity.Quantity
#       unit: !astropy.units.Unit {unit: nm}
#       value: !astropy.table.SerializedColumn {name: wavelength}
# schema: astropy-2.0
wavelength efficiency
295.0 1.587578809733592e-10
296.0 1.587578809733592e-10
297.0 1.587578809733592e-10
298.0 1.587578809733592e-10
299.0 0.3053792752325535
300.0 1.587578809733592e-10
301.0 1.587578809733592e-10
302.0 1.587578809733592e-10
303.0 0.06960069295018911
304.0 0.05312045104801655
305.0 0.6938537582755089
306.0 1.6303595155477524
307.0 2.8454329818487167
308.0 4.783755913376808
309.0 7.886772602796555
310.0 11.156250536441803
311.0 14.720965921878815
312.0 18.54633092880249
313.0 21.84673100709915
314.0 24.718882143497467
315.0 27.449867129325867
316.0 29.42463457584381
317.0 31.903362274169922
318.0 34.57678258419037
319.0 38.054466247558594
320.0 43.01922023296356
321.0 48.2654333114624
322.0 54.33928966522217
323.0 59.82844829559326
324.0 64.61889147758484
325.0 68.00360679626465
326.0 70.60249447822571
327.0 72.5670874118805
328.0 74.3948757648468
329.0 75.78272223472595
330.0 77.17591524124146
331.0 78.1616747379303
332.0 78.50555777549744
333.0 78.67798805236816
334.0 78.50462198257446
335.0 78.69530916213989
336.0 78.78720164299011
337.0 79.2482316493988
338.0 80.08405566215515
339.0 80.69062829017639
340.0 81.1258852481842
341.0 81.66184425354004
342.0 81.98526501655579
343.0 81.97061419487
344.0 82.13621377944946
345.0 82.42744207382202
346.0 82.68098831176758
347.0 83.01342129707336
348.0 83.36324691772461
349.0 83.58839154243469
350.0 83.60235095024109
351.0 83.81268382072449
352.0 83.67717862129211
353.0 83.63915085792542
354.0 83.595210313797
355.0 83.75422954559326
356.0 83.96039009094238
357.0 83.85154604911804
358.0 83.60000252723694
359.0 83.35581421852112
360.0 83.30002427101135
361.0 83.08172225952148
362.0 82.91183114051819
363.0 83.04445147514343
364.0 83.10697078704834
365.0 83.35925340652466
366.0 83.46315622329712
367.0 83.63804221153259
368.0 83.52172374725342
369.0 83.55117440223694
370.0 83.31937193870544
371.0 83.1076443195343
372.0 83.0323874950409
373.0 83.23681354522705
374.0 83.16300511360168
375.0 83.51712822914124
376.0 83.59377980232239
377.0 83.66275429725647
378.0 83.72535109519958
379.0 83.54211449623108
380.0 82.92856216430664
381.0 81.67251944541931
382.0 79.99436259269714
383.0 77.967369556427
384.0 75.89505314826965
385.0 73.59765768051147
386.0 71.19012475013733
387.0 67.95297861099243
388.0 64.79955315589905
389.0 60.89587211608887
390.0 56.97605609893799
391.0 52.726978063583374
392.0 48.29701781272888
393.0 44.38031315803528
394.0 41.06009006500244
395.0 37.69470751285553
396.0 34.259191155433655
397.0 29.90717887878418
398.0 24.765287339687347
399.0 18.34801733493805
400.0 12.099141627550125
401.0 7.1076467633247375
402.0 3.4017596393823624
403.0 1.2013684958219528
404.0 0.37642272654920816
405.0 0.1535052084363997
406.0 0.040077808080241084
407.0 0.043049571104347706
408.0 1.587578809733592e-10
409.0 1.587578809733592e-10
410.0 1.587578809733592e-10
411.0 1.587578809733592e-10
412.0 1.587578809733592e-10
413.0 1.587578809733592e-10
414.0 1.587578809733592e-10
415.0 1.587578809733592e-10
416.0 1.587578809733592e-10
417.0 1.587578809733592e-10
418.0 1.587578809733592e-10
419.0 1.587578809733592e-10
420.0 1.587578809733592e-10
421.0 1.587578809733592e-10
422.0 1.587578809733592e-10
423.0 1.587578809733592e-10
424.0 1.587578809733592e-10
425.0 1.587578809733592e-10
426.0 1.587578809733592e-10
427.0 1.587578809733592e-10
428.0 1.587578809733592e-10
429.0 1.587578809733592e-10
430.0 1.587578809733592e-10
431.0 1.587578809733592e-10
432.0 1.587578809733592e-10
433.0 1.587578809733592e-10
434.0 1.587578809733592e-10
435.0 1.587578809733592e-10
436.0 1.587578809733592e-10
437.0 1.587578809733592e-10
438.0 1.587578809733592e-10
439.0 1.587578809733592e-10
440.0 1.587578809733592e-10
441.0 1.587578809733592e-10
442.0 0.00026370316845714115
443.0 1.587578809733592e-10
444.0 1.587578809733592e-10
445.0 1.587578809733592e-10
446.0 1.587578809733592e-10
447.0 1.587578809733592e-10
448.0 1.587578809733592e-10
449.0 1.587578809733592e-10
450.0 1.587578809733592e-10
451.0 1.587578809733592e-10
452.0 5.457885094983794e-05
453.0 1.587578809733592e-10
454.0 1.587578809733592e-10
455.0 1.587578809733592e-10
456.0 0.00031465083338844124
457.0 0.0003804953621511231
458.0 0.0004463397999643348
459.0 0.00020238599063304719
460.0 1.587578809733592e-10
461.0 1.587578809733592e-10
462.0 1.587578809733592e-10
463.0 1.587578809733592e-10
464.0 1.587578809733592e-10
465.0 1.587578809733592e-10
466.0 1.587578809733592e-10
467.0 1.587578809733592e-10
468.0 1.9613641200066922e-05
469.0 1.587578809733592e-10
470.0 1.587578809733592e-10
471.0 1.587578809733592e-10
472.0 1.587578809733592e-10
473.0 5.223493531048007e-05
474.0 0.00035771645343629643
475.0 9.038081998369307e-05
476.0 1.587578809733592e-10
477.0 1.587578809733592e-10
478.0 1.587578809733592e-10
479.0 1.587578809733592e-10
480.0 0.00030662686185678467
481.0 0.0004458659986994462
482.0 0.0005851051810168428
483.0 0.00024143471364368452
484.0 1.587578809733592e-10
485.0 0.0002588487177490606
486.0 0.000619933189227595
487.0 0.00011792233181040501
488.0 1.587578809733592e-10
489.0 1.587578809733592e-10
490.0 1.587578809733592e-10
491.0 1.587578809733592e-10
492.0 9.599518762115622e-05
493.0 1.587578809733592e-10
494.0 1.587578809733592e-10
495.0 1.587578809733592e-10
496.0 0.00010105632100021467
497.0 1.587578809733592e-10
498.0 1.587578809733592e-10
499.0 1.587578809733592e-10
500.0 1.587578809733592e-10
501.0 1.587578809733592e-10
502.0 1.587578809733592e-10
503.0 1.587578809733592e-10
504.0 3.807517146015016e-05
505.0 1.587578809733592e-10
506.0 1.587578809733592e-10
507.0 1.587578809733592e-10
508.0 1.587578809733592e-10
509.0 1.587578809733592e-10
510.0 1.587578809733592e-10
511.0 1.587578809733592e-10
512.0 8.525353223376442e-05
513.0 0.00024054966161202174
514.0 0.00039584588193974923
515.0 0.0002283680714754155
516.0 6.089025532673986e-05
517.0 1.587578809733592e-10
518.0 1.587578809733592e-10
519.0 1.587578809733592e-10
520.0 1.587578809733592e-10
521.0 1.587578809733592e-10
522.0 1.587578809733592e-10
523.0 1.587578809733592e-10
524.0 1.587578809733592e-10
525.0 1.587578809733592e-10
526.0 1.587578809733592e-10
527.0 1.587578809733592e-10
528.0 1.587578809733592e-10
529.0 1.587578809733592e-10
530.0 1.587578809733592e-10
531.0 1.587578809733592e-10
532.0 1.587578809733592e-10
533.0 1.587578809733592e-10
534.0 0.00013595713426184375
535.0 6.758179438293155e-05
536.0 1.587578809733592e-10
537.0 3.164015538459353e-05
538.0 6.407379373740696e-05
539.0 1.587578809733592e-10
540.0 1.587578809733592e-10
541.0 1.587578809733592e-10
542.0 1.587578809733592e-10
543.0 1.587578809733592e-10
544.0 0.00018417530327496934
545.0 9.493623451817257e-05
546.0 5.697022587014544e-06
547.0 1.587578809733592e-10
548.0 1.587578809733592e-10
549.0 1.587578809733592e-10
550.0 1.587578809733592e-10
551.0 1.587578809733592e-10
552.0 1.587578809733592e-10
553.0 1.587578809733592e-10
554.0 1.587578809733592e-10
555.0 1.587578809733592e-10
556.0 0.00015964164958859328
557.0 0.00019812875962088583
558.0 0.00023661580144107575
559.0 0.00019217520730308024
560.0 0.00014773452221561456
561.0 9.91902084024332e-05
562.0 5.064588890490995e-05
563.0 7.066311695780314e-05
564.0 9.068011763702089e-05
565.0 1.587578809733592e-10
566.0 1.587578809733592e-10
567.0 1.587578809733592e-10
568.0 1.0885359102985603e-05
569.0 0.00011318466022203211
570.0 0.00021548385120695457
571.0 0.00023835966658225516
572.0 0.00026123548195755575
573.0 0.00031353795293398434
574.0 0.0003658404011730454
575.0 0.0002264342583657708
576.0 8.70280814524449e-05
577.0 0.00017180134364025434
578.0 0.0002565745717220125
579.0 0.0005062456239102175
580.0 0.0007559166988357902
581.0 0.0008491026164847426
582.0 0.0009422883522347547
583.0 0.0009523473636363633
584.0 0.0009624061931390315
585.0 0.0009252738891518675
586.0 0.0008881417670636438
587.0 0.000839926451590145
588.0 0.0007917109542177059
589.0 0.0006934103566891281
590.0 0.0005951097591605503
591.0 0.0007868042303016409
592.0 0.000978498883341672
593.0 0.0007221710347948829
594.0 0.0004658433681470342
595.0 0.0007620929864060599
596.0 0.0010583426956145559
597.0 0.0012363659152470063
598.0 0.0014143887710815761
599.0 0.0015927174899843521
600.0 0.0017710459360387176
601.0 0.0019210036043659784
602.0 0.0020709609088953584
603.0 0.0020638097339542583
604.0 0.002056658559013158
605.0 0.0020155302991042845
606.0 0.001974402039195411
607.0 0.001563225669087842
608.0 0.0011520492989802733
609.0 0.0011187547897861805
610.0 0.0010854601896426175
611.0 0.0008090546543826349
612.0 0.0005326490281731822
613.0 0.0006188053703226615
614.0 0.0007049616215226706
615.0 0.0005459288331621792
616.0 0.00038689590837748256
617.0 0.0004437737061380176
618.0 0.0005006514584238175
619.0 0.0005594702088274062
620.0 0.0006182889137562597
621.0 0.00041231855902879033
622.0 0.00020634824977605604
623.0 0.00028953741093573626
624.0 0.0003727266175701516
625.0 0.0005248105935606873
626.0 0.0006768946605006931
627.0 0.000780184109316906
628.0 0.0008834737855067942
629.0 0.0009301437785325106
630.0 0.0009768139534571674
631.0 0.0011792060831794515
632.0 0.0013815982129017357
633.0 0.001972033169295173
634.0 0.0025624680347391404
635.0 0.002630238486744929
636.0 0.002698008938750718
637.0 0.0025724801162141375
638.0 0.0024469514755764976
639.0 0.0023747137674945407
640.0 0.002302476241311524
641.0 0.002036177465924993
642.0 0.0017698788724374026
643.0 0.0012636292012757622
644.0 0.0007573795301141217
645.0 0.00033466699278505985
646.0 1.587578809733592e-10
647.0 1.587578809733592e-10
648.0 2.3104792035155697e-05
649.0 0.00016104274891404202
650.0 0.0002989806944242446
651.0 0.0005533379862754373
652.0 0.0008076954145508353
653.0 0.0007581521913380129
654.0 0.0007086091045493959
655.0 0.0011860361155413557
656.0 0.0016634632629575208
657.0 0.0020544011931633577
658.0 0.002445338941470254
659.0 0.0027301233785692602
660.0 0.003014907633769326
661.0 0.0029593578801723197
662.0 0.002903807762777433
663.0 0.0026399466150905937
664.0 0.0023760854674037546
665.0 0.0020524934370769188
666.0 0.0017289012248511426
667.0 0.0016879368558875285
668.0 0.0016469728507217951
669.0 0.0013335740732145496
670.0 0.0010201754776062444
671.0 0.0007827085937606171
672.0 0.0005452416189655196
673.0 0.0005429212706076214
674.0 0.0005406011041486636
675.0 0.0007027214451227337
676.0 0.0008648416041978635
677.0 0.0010572948667686433
678.0 0.0012497480383899529
679.0 0.0018046248442260548
680.0 0.002359501741011627
681.0 0.0035559776733862236
682.0 0.0047524532419629395
683.0 0.006186460086610168
684.0 0.007620466931257397
685.0 0.008194411202566698
686.0 0.008768354746280238
687.0 0.008349176641786471
688.0 0.007929999992484227
689.0 0.007138952787499875
690.0 0.006347905582515523
691.0 0.005442642577691004
692.0 0.0045373795728664845
693.0 0.00363915714842733
694.0 0.002740934542089235
695.0 0.0021422025383799337
696.0 0.0015434705346706323
697.0 0.0013214937098382507
698.0 0.001099516885005869
699.0 0.0009375290574098472
700.0 0.0007755412298138253
701.0 0.0007927533260954078
702.0 0.0008099656042759307
703.0 0.0006307156581897289
704.0 0.0004514655756793218
705.0 0.0006866890544188209
706.0 0.0009219126695825253
707.0 0.0008907069968699943
708.0 0.0008595015060564037
709.0 0.0008241597242886201
710.0 0.0007888180334703065
711.0 0.0008051808435993735
712.0 0.0008215434718295
713.0 0.0007256022399815265
714.0 0.0006296611445577582
715.0 0.0005514136773854261
716.0 0.0004731662556878291
717.0 0.0005738766503782244
718.0 0.0006745870450686198
719.0 0.0007131870461307699
720.0 0.0007517869562434498
721.0 0.00044663170228886884
722.0 0.00014147644833428785
723.0 5.3483893225347856e-05
724.0 1.587578809733592e-10
725.0 7.854156933717604e-05
726.0 0.0001915916527650552
727.0 0.0001368665834888816
728.0 8.214137210416084e-05
729.0 0.00010305416253686417
730.0 0.00012396687907312298
731.0 0.00016948195025179302
732.0 0.00021499711237993324
733.0 0.0003755004172489862
734.0 0.0005360036993806716
735.0 0.0005661545401380863
736.0 0.0005963052444712957
737.0 0.0003577806637622416
738.0 0.00011925604894713615
739.0 0.0001600806967871904
740.0 0.00020090549242013367
741.0 0.0006763054898328846
742.0 0.0011517056009324733
743.0 0.0017190050130011514
744.0 0.0022863045160192996
745.0 0.0026493393306736834
746.0 0.0030123741453280672
747.0 0.0030280141800176352
748.0 0.003043654032808263
749.0 0.0033736392651917413
750.0 0.00370362467947416
751.0 0.0036019806429976597
752.0 0.0035003366065211594
753.0 0.0034740427508950233
754.0 0.0034477488952688873
755.0 0.003199102502549067
756.0 0.002950456655526068
757.0 0.0025676308723632246
758.0 0.002184805089200381
759.0 0.0018688329873839393
760.0 0.0015528610674664378
761.0 0.0011971498679486103
762.0 0.0008414391231781337
763.0 0.0005002046691515716
764.0 0.00015897040839263354
765.0 0.00019159942894475535
766.0 0.00022422841539082583
767.0 0.0005076469733467093
768.0 0.0007910654858278576
769.0 0.000763663774705492
770.0 0.0007362622000073316
771.0 0.0007488822120649274
772.0 0.0007615023150719935
773.0 0.0006423282229661709
774.0 0.0005231539489614079
775.0 0.00040495187931810506
776.0 0.0002867497414626996
777.0 0.0005081152721686522
778.0 0.0007294807801372372
779.0 0.0008369671377295163
780.0 0.0009444534043723252
781.0 0.0010455781193741132
782.0 0.001146702743426431
783.0 0.0010015725820267107
784.0 0.0008564425115764607
785.0 0.0010425158507132437
786.0 0.001228589280799497
787.0 0.001089827583200531
788.0 0.0009510658856015652
789.0 0.0010226000085822307
790.0 0.001094134131562896
791.0 0.0009021760888572317
792.0 0.0007102182280505076
793.0 0.0007662935786356684
794.0 0.0008223691111197695
795.0 0.0008320443157572299
796.0 0.00084171933849575
797.0 0.0005940013124927646
798.0 0.0003462832182776765
799.0 0.0003212943511243793
800.0 0.00029630559765791986
801.0 0.00014360175555339083
802.0 1.587578809733592e-10
803.0 2.1951177586743142e-05
804.0 5.300432803778676e-05
805.0 8.17744592040981e-05
806.0 0.0001105446017390932
807.0 0.0001406682031301898
808.0 0.00017079178178391885
809.0 0.00019150231764797354
810.0 0.00021221276256255805
811.0 0.0002231394773843931
812.0 0.0002340662149435957
813.0 1.587578809733592e-10
814.0 1.587578809733592e-10
815.0 1.587578809733592e-10
816.0 0.00014671667258880916
817.0 0.00033250371416215785
818.0 0.0005182907898415579
819.0 0.00031361771561932983
820.0 0.00010894460729105049
821.0 1.5077138471042417e-05
822.0 1.587578809733592e-10
823.0 1.587578809733592e-10
824.0 1.587578809733592e-10
825.0 6.641016057074012e-05
826.0 0.00015064837270983844
827.0 4.4452607994571736e-05
828.0 1.587578809733592e-10
829.0 1.587578809733592e-10
830.0 1.587578809733592e-10
831.0 1.587578809733592e-10
832.0 1.587578809733592e-10
833.0 1.587578809733592e-10
834.0 0.00027255646273260936
835.0 0.0001185092628475104
836.0 1.587578809733592e-10
837.0 8.599063789915817e-05
838.0 0.0002075191787298536
839.0 1.9173069176758872e-05
840.0 1.587578809733592e-10
841.0 1.587578809733592e-10
842.0 1.587578809733592e-10
843.0 1.587578809733592e-10
844.0 1.587578809733592e-10
845.0 1.587578809733592e-10
846.0 0.0001371636358271644
847.0 0.0001529729388494161
848.0 0.00016878231008377043
849.0 0.00017274016954615945
850.0 0.00017669808585196733
851.0 5.948677994638274e-05
852.0 1.587578809733592e-10
853.0 1.587578809733592e-10
854.0 4.7424722993127943e-05
855.0 0.00019251485809945734
856.0 0.00033760520636860747
857.0 0.00040697218537388835
858.0 0.00047633916437916923
859.0 0.0004106412688997807
860.0 0.00034494337342039216
861.0 0.0005745859652961371
862.0 0.000804228511697147
863.0 0.0010936788385151885
864.0 0.0013831294381816406
865.0 0.0010760983059299178
866.0 0.0007690672646276653
867.0 0.0011898408956767526
868.0 0.0016106143448268995
869.0 0.0016504394807270728
870.0 0.0016902644347283058
871.0 0.0017026934074237943
872.0 0.0017151223801192828
873.0 0.002265397233713884
874.0 0.002815672087308485
875.0 0.0026660247385734692
876.0 0.0025163775717373937
877.0 0.0026298805096303113
878.0 0.002743383629422169
879.0 0.002817781387420837
