lsstCam/transmission_filter_detector/r32_s21/u_24/19700101T000000.ecsv
# %ECSV 1.0
# ---
# datatype:
# - {name: wavelength, unit: nm, datatype: float32}
# - {name: efficiency, unit: '%', datatype: float64}
# meta: !!omap
# - {MODE: DETECTOR}
# - {TYPE: transmission_filter_detector}
# - {CALIBDATE: '1970-01-01T00:00:00'}
# - {INSTRUME: LSSTCam}
# - {OBSTYPE: transmission_filter_detector}
# - {CALIBCLS: lsst.ip.isr.IntermediateFilterDetectorTransmissionCurve}
# - {SOURCE: Materion (DM-46256)}
# - {DETECTOR: 142}
# - {FILTER: u_24}
# - {CALIB_ID: 'calibDate=1970-01-01T00:00:00 filter=u_24 detector=142'}
# - {DATE: '2025-04-02T15:59:40.407817'}
# - {CALIB_CREATION_DATE: '2025-04-02'}
# - {CALIB_CREATION_TIME: '15:59:40'}
# - __serialized_columns__:
#     efficiency:
#       __class__: astropy.units.quantity.Quantity
#       unit: !astropy.units.Unit {unit: '%'}
#       value: !astropy.table.SerializedColumn {name: efficiency}
#     wavelength:
#       __class__: astropy.units.quantity.Quantity
#       unit: !astropy.units.Unit {unit: nm}
#       value: !astropy.table.SerializedColumn {name: wavelength}
# schema: astropy-2.0
wavelength efficiency
[from data line 586]
881.0 0.002863825829990674
882.0 0.002835472514561843
883.0 0.0027314592443872243
884.0 0.002627445610414725
885.0 0.0026803767468663864
886.0 0.0027333075195201673
887.0 0.002602277891128324
888.0 0.0024712480808375403
889.0 0.0026942301701637916
890.0 0.002917211895692162
891.0 0.002988709820783697
892.0 0.003060207382077351
893.0 0.003153480065520853
894.0 0.0032467527489643544
895.0 0.0032062573154689744
896.0 0.0031657615181757137
897.0 0.003253286558901891
898.0 0.0033408115996280685
899.0 0.003293100235168822
900.0 0.0032453892345074564
901.0 0.0037188641726970673
902.0 0.004192338747088797
903.0 0.004447646642802283
904.0 0.004702954174717888
905.0 0.00468603175249882
906.0 0.004669108966481872
907.0 0.004903163426206447
908.0 0.0051372178859310225
909.0 0.005196583879296668
910.0 0.005255950236460194
911.0 0.005291610432323068
912.0 0.005327270264388062
913.0 0.00533557431481313
914.0 0.005343878365238197
915.0 0.004922517109662294
916.0 0.004501155854086392
917.0 0.004449829430086538
918.0 0.004398502642288804
919.0 0.004530461228569038
920.0 0.004662419814849272
921.0 0.0047899589844746515
922.0 0.004917498154100031
923.0 0.005055546353105456
924.0 0.005193594915908761
925.0 0.005467586015583947
926.0 0.005741577115259133
927.0 0.006089898306527175
928.0 0.006438218406401575
929.0 0.006693156319670379
930.0 0.006948094232939184
931.0 0.00693494439474307
932.0 0.006921794556546956
933.0 0.007299653225345537
934.0 0.007677511166548356
935.0 0.007625694706803188
936.0 0.007573877519462258
937.0 0.007106848352123052
938.0 0.0066398199123796076
939.0 0.006613972800550982
940.0 0.006588124233530834
941.0 0.006050868250895292
942.0 0.00551361299585551
943.0 0.004803035699296743
944.0 0.004092457675142214
945.0 0.003520687823765911
946.0 0.002948917062894907
947.0 0.00253215512202587
948.0 0.0021153926354600117
949.0 0.0018407929019303992
950.0 0.0015661933502997272
951.0 0.001664443152549211
952.0 0.001762693136697635
953.0 0.0017825917893787846
954.0 0.0018024906239588745
955.0 0.0019455228539300151
956.0 0.0020885550839011557
957.0 0.002083845538436435
958.0 0.0020791359929717146
959.0 0.002411270543234423
960.0 0.0027434052753960714
961.0 0.003308451414341107
962.0 0.0038734979170840234
963.0 0.003925442797481082
964.0 0.003977388041676022
965.0 0.004312401870265603
966.0 0.004647416062653065
967.0 0.004510123108047992
968.0 0.0043728305172408
969.0 0.004557302963803522
970.0 0.004741775774164125
971.0 0.0046991335693746805
972.0 0.004656491364585236
973.0 0.004524779797066003
974.0 0.00439306786574889
975.0 0.004493623782764189
976.0 0.0045941793359816074
977.0 0.00394784401578363
978.0 0.0033015083317877725
979.0 0.0032338932214770466
980.0 0.00316627774736844
981.0 0.002891111944336444
982.0 0.002615945959405508
983.0 0.0025463074052822776
984.0 0.0024766690330579877
985.0 0.0027192536435904913
986.0 0.002961838436021935
987.0 0.003197008845745586
988.0 0.003432179437368177
989.0 0.004005890878033824
990.0 0.004579602318699472
991.0 0.004930088834953494
992.0 0.005280575351207517
993.0 0.00584390654694289
994.0 0.006407237378880382
995.0 0.006513037078548223
996.0 0.0066188360506203026
997.0 0.006465744081651792
998.0 0.0063126506574917585
999.0 0.006206549005582929
1000.0 0.0061004477174719796
1001.0 0.006038648643880151
1002.0 0.005976847751298919
1003.0 0.005737546234740876
1004.0 0.005498243990587071
1005.0 0.0055126707593444735
1006.0 0.005527097528101876
1007.0 0.005221360697760247
1008.0 0.004915624231216498
1009.0 0.004610920950653963
1010.0 0.00430621876148507
1011.0 0.004120736412005499
1012.0 0.003935253698728047
1013.0 0.0033414984500268474
1014.0 0.0027477432013256475
1015.0 0.002323448279639706
1016.0 0.0018991535398527049
1017.0 0.001738485116220545
1018.0 0.0015778168744873255
1019.0 0.0015377794625237584
1020.0 0.001497741959610721
1021.0 0.001430782867828384
1022.0 0.001363823776046047
1023.0 0.0012685419278568588
1024.0 0.0011732600796676707
1025.0 0.0012777833944710437
1026.0 0.0013823071640217677
1027.0 0.0013031389244133607
1028.0 0.0012239705029060133
1029.0 0.0014547009413945489
1030.0 0.0016854315617820248
1031.0 0.0016882542695384473
1032.0 0.0016910773410927504
1033.0 0.0015110035747056827
1034.0 0.0013309299902175553
1035.0 0.0014199127690517344
1036.0 0.0015088951840880327
1037.0 0.0017456883142585866
1038.0 0.0019824814444291405
1039.0 0.0017505852156318724
1040.0 0.0015186890777840745
1041.0 0.0015550667740171775
1042.0 0.0015914445611997508
1043.0 0.0014470031601376832
1044.0 0.0013025615771766752
1045.0 0.0014827248378423974
1046.0 0.0016628877347102389
1047.0 0.0022495323719340377
1048.0 0.002836176827258896
1049.0 0.002327546462765895
1050.0 0.001818916280171834
1051.0 0.0014645605006080586
1052.0 0.0011102047210442834
1053.0 0.0010610132449073717
1054.0 0.0010118219506694004
1055.0 0.0011401697520341258
1056.0 0.0012685176443483215
1057.0 0.0008357097613043152
1058.0 0.00040290196920977905
1059.0 0.0011378398994565941
1060.0 0.0018727780116023496
1061.0 0.001727748713165056
1062.0 0.0015827194147277623
1063.0 0.0011333796464896295
1064.0 0.0006840398782514967
1065.0 0.0006914227014931384
1066.0 0.0006988055702095153
1067.0 0.0006299984306679107
1068.0 0.0005611911092273658
1069.0 0.001162305397883756
1070.0 0.0017634198229643516
1071.0 0.0016232306734309532
1072.0 0.0014830415238975547
1073.0 0.002083609433611855
1074.0 0.0026841769795282744
1075.0 0.0025842471586656757
1076.0 0.0024843175197020173
1077.0 0.002920955012086779
1078.0 0.003357592868269421
1079.0 0.003380791167728603
1080.0 0.0034039894671877846
1081.0 0.004442432327778079
1082.0 0.005480874824570492
1083.0 0.003974095670855604
1084.0 0.0024673159714438953
1085.0 0.0031232051696861163
1086.0 0.0037790949136251584
1087.0 0.00364224033546634
1088.0 0.003505386848701164
1089.0 0.003543948696460575
1090.0 0.0035825116356136277
1091.0 0.003571535853552632
1092.0 0.003560560435289517
1093.0 0.0037856741982977837
1094.0 0.004010788688901812
1095.0 0.0036903937143506482
1096.0 0.0033699987397994846
1097.0 0.004471010106499307
1098.0 0.005572021109401248
1099.0 0.0051111928769387305
1100.0 0.004650364280678332
