lsstCam/transmission_filter_detector/r02_s12/z_20/19700101T000000.ecsv
# %ECSV 1.0
# ---
# datatype:
# - {name: wavelength, unit: nm, datatype: float32}
# - {name: efficiency, unit: '%', datatype: float64}
# meta: !!omap
# - {MODE: DETECTOR}
# - {TYPE: transmission_filter_detector}
# - {CALIBDATE: '1970-01-01T00:00:00'}
# - {INSTRUME: LSSTCam}
# - {OBSTYPE: transmission_filter_detector}
# - {CALIBCLS: lsst.ip.isr.IntermediateFilterDetectorTransmissionCurve}
# - {SOURCE: Materion (DM-46256)}
# - {DETECTOR: 14}
# - {FILTER: z_20}
# - {CALIB_ID: 'calibDate=1970-01-01T00:00:00 filter=z_20 detector=14'}
# - {DATE: '2025-04-02T15:59:48.699175'}
# - {CALIB_CREATION_DATE: '2025-04-02'}
# - {CALIB_CREATION_TIME: '15:59:48'}
# - __serialized_columns__:
#     efficiency:
#       __class__: astropy.units.quantity.Quantity
#       unit: !astropy.units.Unit {unit: '%'}
#       value: !astropy.table.SerializedColumn {name: efficiency}
#     wavelength:
#       __class__: astropy.units.quantity.Quantity
#       unit: !astropy.units.Unit {unit: nm}
#       value: !astropy.table.SerializedColumn {name: wavelength}
# schema: astropy-2.0
wavelength efficiency
[from data line 598]
898.0 98.99616241455078
899.0 98.79885911941528
900.0 99.01187419891357
901.0 99.06098246574402
902.0 99.27125573158264
903.0 98.43713641166687
904.0 97.87716865539551
905.0 98.74770641326904
906.0 97.76692390441895
907.0 98.6388623714447
908.0 98.21452498435974
909.0 97.86094427108765
910.0 97.88501858711243
911.0 96.67596817016602
912.0 95.8114504814148
913.0 94.58902478218079
914.0 92.50845909118652
915.0 90.1710569858551
916.0 87.833571434021
917.0 86.43543124198914
918.0 82.8681230545044
919.0 81.60908818244934
920.0 78.35347652435303
921.0 74.68282580375671
922.0 69.98085379600525
923.0 64.3625259399414
924.0 59.02096629142761
925.0 53.377288579940796
926.0 47.18219339847565
927.0 40.21176993846893
928.0 34.08317267894745
929.0 27.78499722480774
930.0 22.4190816283226
931.0 17.163236439228058
932.0 11.988747119903564
933.0 7.802967727184296
934.0 4.863034933805466
935.0 3.040746971964836
936.0 1.6731537878513336
937.0 0.9940195828676224
938.0 0.6036017090082169
939.0 0.4533459898084402
940.0 0.16707220347598195
941.0 0.07297787233255804
942.0 0.16327789053320885
943.0 0.1072221202775836
944.0 1.6359115668010404e-10
945.0 1.6359115668010404e-10
946.0 0.025924845249392092
947.0 1.6359115668010404e-10
948.0 1.6359115668010404e-10
949.0 1.6359115668010404e-10
950.0 0.09820666164159775
951.0 1.6359115668010404e-10
952.0 1.6359115668010404e-10
953.0 1.6359115668010404e-10
954.0 0.052802497521042824
955.0 0.07840030011720955
956.0 0.010536963964113966
957.0 1.6359115668010404e-10
958.0 1.6359115668010404e-10
959.0 0.014962410205043852
960.0 1.6359115668010404e-10
961.0 1.6359115668010404e-10
962.0 1.6359115668010404e-10
963.0 0.01396474108332768
964.0 1.6359115668010404e-10
965.0 0.004735531911137514
966.0 0.07537028868682683
967.0 0.060001586098223925
968.0 0.025558171910233796
969.0 0.07529278518632054
970.0 1.6359115668010404e-10
971.0 0.05483960849232972
972.0 1.6359115668010404e-10
973.0 0.011917777737835422
974.0 1.6359115668010404e-10
975.0 1.6359115668010404e-10
976.0 0.006359048711601645
977.0 0.0063345163653139025
978.0 0.0063099862018134445
979.0 0.0061105638451408595
980.0 0.005911140033276752
981.0 0.005771843279944733
982.0 0.005632547618006356
983.0 0.005477890226757154
984.0 0.005323233563103713
985.0 0.0051586583140306175
986.0 0.00499408197356388
987.0 0.00492640319862403
988.0 0.0048587247874820605
989.0 0.0047470719437114894
990.0 0.004635419463738799
991.0 0.004744528996525332
992.0 0.004853638529311866
993.0 0.004852067650062963
994.0 0.0048504964070161805
995.0 0.004778630318469368
996.0 0.004706764957518317
997.0 0.004530015212367289
998.0 0.0043532658310141414
999.0 0.0043447096686577424
1000.0 0.004336153142503463
1001.0 0.0044535754568642005
1002.0 0.004570997407427058
1003.0 0.004453455039765686
1004.0 0.004335912308306433
1005.0 0.004202840136713348
1006.0 0.004069767965120263
1007.0 0.004174434070591815
1008.0 0.004279100539861247
1009.0 0.004337641803431325
1010.0 0.004396183067001402
1011.0 0.004398092642077245
1012.0 0.004400002580950968
1013.0 0.0042905605369014665
1014.0 0.004181118492851965
1015.0 0.004369112866697833
1016.0 0.004557106512947939
1017.0 0.004808350058738142
1018.0 0.005059593968326226
1019.0 0.0048750953283160925
1020.0 0.00469059705210384
1021.0 0.004654019721783698
1022.0 0.004617442391463555
1023.0 0.004521403388935141
1024.0 0.004425364022608846
1025.0 0.004617128797690384
1026.0 0.004808893208974041
1027.0 0.004710555367637426
1028.0 0.004612217890098691
1029.0 0.004628487295121886
1030.0 0.004644757791538723
1031.0 0.004756713678943925
1032.0 0.004868669202551246
1033.0 0.004952782182954252
1034.0 0.0050368955271551386
1035.0 0.00519353270647116
1036.0 0.0053501698857871816
1037.0 0.005405120100476779
1038.0 0.0054600703151663765
1039.0 0.005427562427939847
1040.0 0.005395053813117556
1041.0 0.0057169003412127495
1042.0 0.006038747233105823
1043.0 0.005497978781932034
1044.0 0.0049572106945561245
1045.0 0.005768398477812298
1046.0 0.00657958589727059
1047.0 0.006236157059902325
1048.0 0.00589272785873618
1049.0 0.0059819267335115
1050.0 0.00607112524448894
1051.0 0.006341253902064636
1052.0 0.0066113832872360945
1053.0 0.006695640331599861
1054.0 0.006779897375963628
1055.0 0.0075207019108347595
1056.0 0.008261507173301652
1057.0 0.0079335157352034
1058.0 0.0076055242971051484
1059.0 0.007681807619519532
1060.0 0.007758090214338154
1061.0 0.008316931780427694
1062.0 0.008875774074112996
1063.0 0.00899734441190958
1064.0 0.009118914749706164
1065.0 0.009138195309787989
1066.0 0.009157478052657098
1067.0 0.009274225885747
1068.0 0.009390975901624188
1069.0 0.010159793600905687
1070.0 0.010928612755378708
1071.0 0.010715472308220342
1072.0 0.010502330405870453
1073.0 0.010597544314805418
1074.0 0.010692758223740384
1075.0 0.011251756950514391
1076.0 0.011810760042862967
1077.0 0.01190408002003096
1078.0 0.011997400724794716
1079.0 0.012987507216166705
1080.0 0.013977615162730217
1081.0 0.014033439219929278
1082.0 0.014089267642702907
1083.0 0.013849508832208812
1084.0 0.013609750021714717
1085.0 0.014052627375349402
1086.0 0.014495510549750179
1087.0 0.014645670307800174
1088.0 0.014795834431424737
1089.0 0.016619221423752606
1090.0 0.018442606960888952
1091.0 0.017904762353282422
1092.0 0.017366910469718277
1093.0 0.017125809972640127
1094.0 0.016884705109987408
1095.0 0.017908589506987482
1096.0 0.018932476814370602
1097.0 0.019687604799401015
1098.0 0.020442732784431428
1099.0 0.022012264525983483
1100.0 0.023581790446769446
1101.0 0.02372691233176738
1102.0 0.02387203276157379
1103.0 0.025783234741538763
1104.0 0.027694430900737643
1105.0 0.027421940467320383
1106.0 0.027149450033903122
1107.0 0.028131002909503877
1108.0 0.029112552874721587
1109.0 0.03063088224735111
1110.0 0.03214921161998063
1111.0 0.03177567559760064
1112.0 0.03140214248560369
1113.0 0.033213128335773945
1114.0 0.03502412000671029
1115.0 0.03371916536707431
1116.0 0.03241421654820442
1117.0 0.032824394293129444
1118.0 0.033234572038054466
1119.0 0.037229456938803196
1120.0 0.04122433892916888
1121.0 0.041972368489950895
1122.0 0.04272039805073291
1123.0 0.04294252721592784
1124.0 0.04316465638112277
1125.0 0.04387896042317152
1126.0 0.04459326737560332
1127.0 0.04852258425671607
1128.0 0.05245190113782883
1129.0 0.056247616885229945
1130.0 0.060043338453397155
1131.0 0.06002035806886852
1132.0 0.05999737186357379
1133.0 0.06426475010812283
1134.0 0.06853212253190577
1135.0 0.06534275598824024
1136.0 0.062153389444574714
1137.0 0.06866042385809124
1138.0 0.07516746991313994
1139.0 0.07882554782554507
1140.0 0.08248358499258757
1141.0 0.09316945797763765
1142.0 0.10385530767962337
1143.0 0.12381869601085782
1144.0 0.1437820610590279
1145.0 0.28848955407738686
1146.0 0.4331971053034067
1147.0 0.9189057163894176
1148.0 1.4046143740415573
1149.0 1.598556712269783
1150.0 1.7924999818205833
