lsstCam/transmission_filter_detector/r02_s12/z_20/19700101T000000.ecsv
# %ECSV 1.0
# ---
# datatype:
# - {name: wavelength, unit: nm, datatype: float32}
# - {name: efficiency, unit: '%', datatype: float64}
# meta: !!omap
# - {MODE: DETECTOR}
# - {TYPE: transmission_filter_detector}
# - {CALIBDATE: '1970-01-01T00:00:00'}
# - {INSTRUME: LSSTCam}
# - {OBSTYPE: transmission_filter_detector}
# - {CALIBCLS: lsst.ip.isr.IntermediateFilterDetectorTransmissionCurve}
# - {SOURCE: Materion (DM-46256)}
# - {DETECTOR: 14}
# - {FILTER: z_20}
# - {CALIB_ID: 'calibDate=1970-01-01T00:00:00 filter=z_20 detector=14'}
# - {DATE: '2025-04-02T15:59:48.699175'}
# - {CALIB_CREATION_DATE: '2025-04-02'}
# - {CALIB_CREATION_TIME: '15:59:48'}
# - __serialized_columns__:
#     efficiency:
#       __class__: astropy.units.quantity.Quantity
#       unit: !astropy.units.Unit {unit: '%'}
#       value: !astropy.table.SerializedColumn {name: efficiency}
#     wavelength:
#       __class__: astropy.units.quantity.Quantity
#       unit: !astropy.units.Unit {unit: nm}
#       value: !astropy.table.SerializedColumn {name: wavelength}
# schema: astropy-2.0
wavelength efficiency
300.0 0.8749300613999367
301.0 0.5888099782168865
302.0 0.30268996488302946
303.0 0.29511493630707264
304.0 0.2875399310141802
305.0 0.2442332450300455
306.0 0.2009265124797821
307.0 0.1845167949795723
308.0 0.16810705419629812
309.0 0.1469621784053743
310.0 0.12581729097291827
311.0 0.1261032302863896
312.0 0.12638920452445745
313.0 0.11127121979370713
314.0 0.09615326998755336
315.0 0.09500269661657512
316.0 0.09385212324559689
317.0 0.07934311870485544
318.0 0.06483412580564618
319.0 0.06456557894125581
320.0 0.06429702625609934
321.0 0.06344934226945043
322.0 0.0626016641035676
323.0 0.05483249551616609
324.0 0.04706333274953067
325.0 0.04381610779091716
326.0 0.04056888283230364
327.0 0.039744883542880416
328.0 0.03892088134307414
329.0 0.034357106778770685
330.0 0.029793332214467227
331.0 0.026971453917212784
332.0 0.02414957416476682
333.0 0.023428522399626672
334.0 0.022707466268911958
335.0 0.021380333055276424
336.0 0.020053201296832412
337.0 0.024365383433178067
338.0 0.028677558293566108
339.0 0.024569150991737843
340.0 0.020460746600292623
341.0 0.017070339526981115
342.0 0.013679935364052653
343.0 0.013529806165024638
344.0 0.013379679876379669
345.0 0.01268498454010114
346.0 0.011990290659014136
347.0 0.011381427611922845
348.0 0.010772566020023078
349.0 0.013400193711277097
350.0 0.016027821402531117
351.0 0.013329558714758605
352.0 0.010631291661411524
353.0 0.0111710061901249
354.0 0.011710722901625559
355.0 0.009909151413012296
356.0 0.008107579196803272
357.0 0.009143796341959387
358.0 0.01018001712509431
359.0 0.00994002548395656
360.0 0.009700032387627289
361.0 0.008817994967103004
362.0 0.007935960456961766
363.0 0.009228193812305108
364.0 0.01052042716764845
365.0 0.010200018004979938
366.0 0.009879612480290234
367.0 0.008718099707039073
368.0 0.007556586206192151
369.0 0.007985836418811232
370.0 0.008415087359026074
371.0 0.008312767022289336
372.0 0.00821044814074412
373.0 0.007155405182857066
374.0 0.0061003640439594164
375.0 0.006434239912778139
376.0 0.0067681161453947425
377.0 0.007102208473952487
378.0 0.007436299347318709
379.0 0.00626439941697754
380.0 0.005092498395242728
381.0 0.0032524207199458033
382.0 0.0014123430446488783
383.0 0.003610860221670009
384.0 0.00580937739869114
385.0 0.005541615973925218
386.0 0.0052738549129571766
387.0 0.005889289241167717
388.0 0.00650472502456978
389.0 0.005761688953498378
390.0 0.0050186543376185
391.0 0.004633820935850963
392.0 0.004248987534083426
393.0 0.004743376848637126
394.0 0.005237766890786588
395.0 0.004293129677535035
396.0 0.00334849173668772
397.0 0.0035249489883426577
398.0 0.003701405876199715
399.0 0.003978448512498289
400.0 0.004255490784998983
401.0 0.004611746408045292
402.0 0.00496800166729372
403.0 0.0050442846259102225
404.0 0.005120567584526725
405.0 0.0042315630707889795
406.0 0.0033425589208491147
407.0 0.001688474185357336
408.0 3.439019167217339e-05
409.0 0.0018671704310690984
410.0 0.003699951048474759
411.0 0.004204936340101995
412.0 0.00470992163172923
413.0 0.00455668123322539
414.0 0.00440344047092367
415.0 0.003569558248273097
416.0 0.0027356765713193454
417.0 0.00388933731301222
418.0 0.005042998236604035
419.0 0.004498985799727961
420.0 0.003954973362851888
421.0 0.0038210102502489462
422.0 0.003687047865241766
423.0 0.003561053381417878
424.0 0.0034350592613918707
425.0 0.00255048944381997
426.0 0.0016659198081470095
427.0 0.0018599390386953019
428.0 0.002053958633041475
429.0 0.0012915754268760793
430.0 0.0005291924935590941
431.0 0.0006262484475882957
432.0 0.0007233041287690867
433.0 0.0006994122486503329
434.0 0.0006755205504305195
435.0 0.0012630474884645082
436.0 0.001850574517447967
437.0 0.0019441340555204079
438.0 0.0020376935935928486
439.0 0.002029612733167596
440.0 0.0020215318727423437
441.0 0.0015441975847352296
442.0 0.0010668634786270559
443.0 0.00216976368392352
444.0 0.0032726638892199844
445.0 0.0033175823773490265
446.0 0.003362500501680188
447.0 0.002493137799319811
448.0 0.0016237747331615537
449.0 0.002476678855600767
450.0 0.0033295837056357414
451.0 0.002543761729612015
452.0 0.001757939753588289
453.0 0.0016684933143551461
454.0 0.001579047238919884
455.0 0.0023528629753855057
456.0 0.0031266787118511274
457.0 0.002323458465980366
458.0 0.0015202381291601341
459.0 0.0016162823158083484
460.0 0.0017123265934060328
461.0 0.0008051416443777271
462.0 1.6359115668010404e-10
463.0 0.0009717005923448596
464.0 0.0020454448531381786
465.0 0.002263539317937102
466.0 0.0024816337827360258
467.0 0.0021476564143085852
468.0 0.0018136785001843236
469.0 0.0016580017472733743
470.0 0.0015023247215140145
471.0 0.001388653072353918
472.0 0.0012749816960422322
473.0 0.0012009602869511582
474.0 0.0011269388778600842
475.0 0.0010260642739012837
476.0 0.0009251897608919535
477.0 0.0013098078852635808
478.0 0.0016944257367867976
479.0 0.002034967837971635
480.0 0.0023755097572575323
481.0 0.0018699227439356036
482.0 0.0013643358215631451
483.0 0.0008770561180426739
484.0 0.0003897764145222027
485.0 0.0012333628546912223
486.0 0.0020769492039107718
487.0 0.001446854821551824
488.0 0.000816760348243406
489.0 0.0016204607163672335
490.0 0.0024241613573394716
491.0 0.00227050968533149
492.0 0.002116857831424568
493.0 0.0020050661987625062
494.0 0.001893274747999385
495.0 0.001656085078138858
496.0 0.0014188951354299206
497.0 0.0012168593457317911
498.0 0.001014823737932602
499.0 0.0012139584214310162
500.0 0.001413093377777841
501.0 0.0008920513209886849
502.0 0.00037100896861375077
503.0 0.001194560172734782
504.0 0.0020181112631689757
505.0 0.002140611468348652
506.0 0.002263111855427269
507.0 0.0021990659661241807
508.0 0.002135019894922152
509.0 0.00185234584932914
510.0 0.0015696721675340086
511.0 0.0012073975995008368
512.0 0.0008451231224171352
513.0 0.0012834877452405635
514.0 0.0017218528228113428
515.0 0.0013369462976697832
516.0 0.0009520404091745149
517.0 0.0008739639270061161
518.0 0.0007958874448377173
519.0 0.0010426738299429417
520.0 0.0012894598512502853
521.0 0.001664116462052334
522.0 0.0020387729819049127
523.0 0.0013815104466630146
524.0 0.0007242480023705866
525.0 0.0007296700914594112
526.0 0.000735092316972441
527.0 0.0011122325304313563
528.0 0.001489372971263947
529.0 0.0012753766895912122
530.0 0.0010613797712721862
531.0 0.0011162861483171582
532.0 0.00117119243441266
533.0 0.0008320430424646474
534.0 0.0004928936959913699
535.0 0.001049012007570127
536.0 0.001605130273674149
537.0 0.0015964793419698253
538.0 0.0015878284102655016
539.0 0.0011571688446565531
540.0 0.0007265090516739292
541.0 0.0007969745638547465
542.0 0.0008674403943587095
543.0 0.001242681719304528
544.0 0.0016179234080482274
545.0 0.0010965602086798754
546.0 0.0005751975095336093
547.0 0.0012614287697942927
548.0 0.0019476596207823604
549.0 0.0017088827007682994
550.0 0.001470105598855298
551.0 0.0014996406207501423
552.0 0.0015291754607460462
553.0 0.001324488675891189
554.0 0.0011198016181879211
555.0 0.0010526117875997443
556.0 0.0009854220479610376
557.0 0.0013324724932317622
558.0 0.0016795229385024868
559.0 0.0017401274817530066
560.0 0.0018007314793067053
561.0 0.0016088803022284992
562.0 0.0014170289432513528
563.0 0.0011409339094825555
564.0 0.000864838784764288
565.0 0.0016404108464485034
566.0 0.0024159833628800698
567.0 0.0027810248866444454
568.0 0.0031460662285098806
569.0 0.0029882128728786483
570.0 0.0028303591534495354
571.0 0.002683915226953104
572.0 0.002537470936658792
573.0 0.002018988016061485
574.0 0.0015005050045147073
575.0 0.0019495084416121244
576.0 0.0023985117877600715
577.0 0.00202282790269237
578.0 0.0016471449271193705
579.0 0.0017458425645600073
580.0 0.0018445400201017037
581.0 0.0016653635611874051
582.0 0.001486186829424696
583.0 0.0019265209630248137
584.0 0.002366855005675461
585.0 0.002540832429076545
586.0 0.002714809488679748
587.0 0.0020676558051491156
588.0 0.0014205017578206025
589.0 0.002044140455836896
590.0 0.002667779153853189
591.0 0.0018885897588916123
592.0 0.0011094000910816249
593.0 0.0008556187822250649
594.0 0.0006018372005200945
595.0 0.0010754953109426424
596.0 0.0015491534213651903
597.0 0.001360891565127531
598.0 0.001172629799839342
599.0 0.0008677567166159861
600.0 0.0005628836788673652
601.0 0.0005211276402405929
602.0 0.0004793713742401451
603.0 0.0009798047358344775
604.0 0.0014802377336309291
605.0 0.0009483572284807451
606.0 0.00041647640500741545
607.0 0.0008092575626506004
608.0 0.0012020388567179907
609.0 0.0012047821655869484
610.0 0.0012075252016074955
611.0 0.0010454834409756586
612.0 0.0008834415893943515
613.0 0.0008227731996157672
614.0 0.0007621049462613882
615.0 0.0012128638445574325
616.0 0.0016636231521260925
617.0 0.00216234584513586
618.0 0.002661068720044568
619.0 0.0022265432562562637
620.0 0.0017920172467711382
621.0 0.0015250854630721733
622.0 0.0012581532246258575
623.0 0.0015758023437228985
624.0 0.0018934513718704693
625.0 0.0016996467820717953
626.0 0.0015058424651215319
627.0 0.0018733644537860528
628.0 0.0022408872609958053
629.0 0.002047030284302309
630.0 0.001853173307608813
631.0 0.001648908255447168
632.0 0.0014446432032855228
633.0 0.0018019134586211294
634.0 0.0021591840777546167
635.0 0.005143909220350906
636.0 0.008128633635351434
637.0 0.015507654461544007
638.0 0.022886677470523864
639.0 0.019887249800376594
640.0 0.01688781921984628
641.0 0.014615437248721719
642.0 0.012343056732788682
643.0 0.009859458077698946
644.0 0.007375860150204971
645.0 0.006669448339380324
646.0 0.005963036528555676
647.0 0.005432968828245066
648.0 0.004902900764136575
649.0 0.004040200656163506
650.0 0.0031775016395840794
651.0 0.003613053559092805
652.0 0.004048605842399411
653.0 0.0032464558898936957
654.0 0.0024443059373879805
655.0 0.0027636695449473336
656.0 0.003083033880102448
657.0 0.002942833998531569
658.0 0.002802633935061749
659.0 0.0026628909836290404
660.0 0.0025231483959942125
661.0 0.002719392432481982
662.0 0.002915636287070811
663.0 0.0019799175788648427
664.0 0.0010441988706588745
665.0 0.0015456225810339674
666.0 0.002047046655206941
667.0 0.0023559618057333864
668.0 0.002664876956259832
669.0 0.0019459959730738774
670.0 0.0012271151717868634
671.0 0.0009314916496805381
672.0 0.000635868218523683
673.0 0.0013202426089264918
674.0 0.002004617272177711
675.0 0.00209258414543001
676.0 0.002180550654884428
677.0 0.0019328899725223891
678.0 0.0016852287444635294
679.0 0.0013905077139497735
680.0 0.001095786410587607
681.0 0.0012094755220459774
682.0 0.0013231644516054075
683.0 0.002419554402877111
684.0 0.003515944626997225
685.0 0.0028780130378436297
686.0 0.002240082176285796
687.0 0.0016651940313749947
688.0 0.0010903059774136636
689.0 0.001448677994630998
690.0 0.0018070499208988622
691.0 0.0021642214051098563
692.0 0.0025213923436240293
693.0 0.0028031081455992535
694.0 0.003084824129473418
695.0 0.003234278119634837
696.0 0.0033837313822004944
697.0 0.0037028959923190996
698.0 0.004022060238639824
699.0 0.005830477311974391
700.0 0.007638895476702601
701.0 0.007210357580333948
702.0 0.006781821139156818
703.0 0.00625601242063567
704.0 0.005730206248699687
705.0 0.005047567901783623
706.0 0.00436493028246332
707.0 0.004195265501039103
708.0 0.004025600355817005
709.0 0.004208154132356867
710.0 0.00439070827269461
711.0 0.003914523040293716
712.0 0.003438338535488583
713.0 0.0024515544282621704
714.0 0.001464770502934698
715.0 0.0021658001060131937
716.0 0.00286682989099063
717.0 0.0024571774702053517
718.0 0.002047524685622193
719.0 0.0015941674064379185
720.0 0.0011408097634557635
721.0 0.0011315391020616516
722.0 0.0011222680768696591
723.0 0.0009914620022755116
724.0 0.0008606558367318939
725.0 0.001249944034498185
726.0 0.0016392325051128864
727.0 0.0017489375750301406
728.0 0.001858642281149514
729.0 0.0018368862583884038
730.0 0.0018151300537283532
731.0 0.001371306279907003
732.0 0.0009274826879845932
733.0 0.000936413744057063
734.0 0.0009453448001295328
735.0 0.0010265108357998542
736.0 0.001107676507672295
737.0 0.0013074367416265886
738.0 0.001507196793681942
739.0 0.0012197881915199105
740.0 0.0009323794984084088
741.0 0.0010341052075091284
742.0 0.0011358306437614374
743.0 0.001583380435477011
744.0 0.002030930045293644
745.0 0.001357544806523947
746.0 0.0006841594313300448
747.0 0.0011447527867858298
748.0 0.0016053463696152903
749.0 0.0023032027456793003
750.0 0.003001059485541191
751.0 0.0029599030312965624
752.0 0.002918746577051934
753.0 0.002919368307630066
754.0 0.002919990220107138
755.0 0.0019159038856741972
756.0 0.0009118173693423159
757.0 0.0018428750991006382
758.0 0.00277393264696002
759.0 0.0026598787371767685
760.0 0.0025458246454945765
761.0 0.004437814641278237
762.0 0.00632980591035448
763.0 0.005736248931498267
764.0 0.005142692680237815
765.0 0.005166974733583629
766.0 0.005191257514525205
767.0 0.004476043250178918
768.0 0.0037608278944389895
769.0 0.0033083571906900033
770.0 0.002855886850738898
771.0 0.0038051031879149377
772.0 0.0047543195250909775
773.0 0.004033540244563483
774.0 0.0033127602364402264
775.0 0.010110589937539771
776.0 0.04396430740598589
777.0 1.6359115668010404e-10
778.0 1.6359115668010404e-10
779.0 1.6359115668010404e-10
780.0 1.6359115668010404e-10
781.0 0.10860509937629104
782.0 0.01655547966947779
783.0 0.12222619261592627
784.0 1.6359115668010404e-10
785.0 0.03557991876732558
786.0 1.6359115668010404e-10
787.0 1.6359115668010404e-10
788.0 0.04797583387698978
789.0 1.6359115668010404e-10
790.0 0.047248092596419156
791.0 0.08683123742230237
792.0 0.05607472267001867
793.0 0.01718062994768843
794.0 0.09072537650354207
795.0 0.036685148370452225
796.0 0.01751611998770386
797.0 1.6359115668010404e-10
798.0 0.2933173207566142
799.0 0.23163806181401014
800.0 0.2753864275291562
801.0 0.484955869615078
802.0 0.9397134184837341
803.0 1.501656323671341
804.0 2.612190507352352
805.0 3.9358966052532196
806.0 5.578124895691872
807.0 7.755374908447266
808.0 10.344438254833221
809.0 13.40368241071701
810.0 16.7248398065567
811.0 19.90790367126465
812.0 22.745734453201294
813.0 26.214995980262756
814.0 29.7689288854599
815.0 35.041168332099915
816.0 40.53302705287933
817.0 46.555110812187195
818.0 52.96710729598999
819.0 59.435540437698364
820.0 67.07912683486938
821.0 74.54468011856079
822.0 80.32701015472412
823.0 84.91780161857605
824.0 89.5522952079773
825.0 93.36681962013245
826.0 95.5780565738678
827.0 96.92845344543457
828.0 99.01412725448608
829.0 98.99564385414124
830.0 98.52238297462463
831.0 98.81147146224976
832.0 98.30014705657959
833.0 99.70524311065674
834.0 98.00841808319092
835.0 99.11120533943176
836.0 99.178946018219
837.0 98.63076210021973
838.0 97.82784581184387
839.0 98.3664870262146
840.0 98.66610169410706
841.0 99.0695595741272
842.0 99.14417862892151
843.0 99.7473418712616
844.0 97.8560745716095
845.0 98.61997961997986
846.0 98.44408631324768
847.0 98.71726036071777
848.0 99.55890774726868
849.0 98.85281324386597
850.0 97.93962240219116
851.0 98.95703196525574
852.0 99.51002597808838
853.0 98.84012937545776
854.0 100.09790658950806
855.0 98.28676581382751
856.0 98.84008765220642
857.0 97.59638905525208
858.0 98.54509830474854
859.0 99.42271709442139
860.0 98.47091436386108
861.0 99.04665946960449
862.0 99.00084733963013
863.0 98.02863001823425
864.0 99.49014782905579
865.0 99.33745861053467
866.0 98.5560953617096
867.0 99.28370714187622
868.0 99.63514804840088
869.0 98.7039566040039
870.0 98.2637345790863
871.0 98.80099892616272
872.0 99.13238883018494
873.0 99.20207858085632
874.0 99.83198046684265
875.0 98.89941215515137
876.0 98.99779558181763
877.0 99.40387010574341
878.0 98.8354742527008
879.0 98.86839389801025
880.0 98.55126142501831
881.0 100.02081394195557
882.0 98.78398180007935
883.0 98.92865419387817
884.0 99.27183389663696
885.0 99.0302324295044
886.0 98.56180548667908
887.0 98.67357015609741
888.0 98.96138310432434
889.0 99.68755841255188
890.0 97.98812866210938
891.0 99.4520902633667
892.0 98.62707853317261
893.0 99.01480078697205
894.0 98.35463762283325
895.0 99.27250146865845
896.0 98.77196550369263
