ts8/transmission_sensor/rtm-006_s00/19700101T000000.ecsv
# %ECSV 0.9
# ---
# datatype:
# - {name: amp_name, datatype: string}
# - {name: wavelength, unit: nm, datatype: float32}
# - {name: efficiency, unit: '%', datatype: float32}
# meta: !!omap
# - {MODE: AMP}
# - {TYPE: transmission_sensor}
# - {CALIBDATE: '1970-01-01T00:00:00'}
# - {INSTRUME: TS8}
# - {OBSTYPE: transmission_sensor}
# - {DETECTOR: 36}
# - {CALIBCLS: lsst.ip.isr.IntermediateSensorTransmissionCurve}
# - {PICKLEFILE: RaftRun11746.p}
# - {CALIB_ID: 'raftName=RTM-006 detectorName=S00 detector=36 calibDate=1970-01-01T00:00:00 ccd=36 ccdnum=36 filter=None'}
# - {DATE: '2020-07-23T19:15:42.043774'}
# - {CALIB_CREATION_DATE: '2020-07-23'}
# - {CALIB_CREATION_TIME: '19:15:42'}
# - __serialized_columns__:
#     efficiency:
#       __class__: astropy.units.quantity.Quantity
#       unit: !astropy.units.Unit {unit: '%'}
#       value: !astropy.table.SerializedColumn {name: efficiency}
#     wavelength:
#       __class__: astropy.units.quantity.Quantity
#       unit: !astropy.units.Unit {unit: nm}
#       value: !astropy.table.SerializedColumn {name: wavelength}
# schema: astropy-2.0
amp_name wavelength efficiency
C10 319.994 41.690697
C10 324.969 47.061752
C10 349.982 68.415695
C10 374.975 72.99341
C10 400.019 81.82882
C10 424.965 85.013954
C10 450.035 87.82565
C10 475.003 90.12109
C10 500.018 92.59429
C10 525.002 95.02858
C10 550.029 95.77009
C10 575.023 97.67702
C10 599.982 98.371735
C10 619.997 98.72469
C10 624.979 99.56666
C10 650.012 99.6435
C10 675.004 98.995636
C10 700.03 98.66615
C10 725.012 97.89563
C10 750.022 98.058174
C10 774.987 98.37077
C10 799.976 96.984535
C10 824.988 95.4168
C10 850.022 93.37573
C10 869.967 90.566284
C10 875.002 89.208084
C10 899.999 82.95855
C10 919.999 73.93383
C10 925.012 71.02886
C10 949.965 57.87233
C10 975.002 43.109234
C10 999.976 26.751183
C10 1025.028 12.496389
C10 1050.014 4.7279625
C10 1075.002 2.5598755
C10 1099.99 1.8521291
C13 319.994 42.624035
C13 324.969 48.125164
C13 349.982 70.12931
C13 374.975 74.51476
C13 400.019 82.41039
C13 424.965 85.094536
C13 450.035 87.63317
C13 475.003 89.75869
C13 500.018 92.12281
C13 525.002 94.47548
C13 550.029 95.165184
C13 575.023 97.04181
C13 599.982 97.71992
C13 619.997 98.059326
C13 624.979 98.89932
C13 650.012 98.97583
C13 675.004 98.32743
C13 700.03 98.02322
C13 725.012 97.32525
C13 750.022 97.57003
C13 774.987 97.95923
C13 799.976 96.59551
C13 824.988 95.01212
C13 850.022 92.90158
C13 869.967 89.88285
C13 875.002 88.48525
C13 899.999 82.43313
C13 919.999 73.48733
C13 925.012 70.63075
C13 949.965 57.187103
C13 975.002 42.684113
C13 999.976 26.170582
C13 1025.028 11.379651
C13 1050.014 4.051802
C13 1075.002 2.2294378
C13 1099.99 1.7163604
C12 319.994 42.338085
C12 324.969 47.79985
C12 349.982 69.60155
C12 374.975 74.021255
C12 400.019 82.15223
C12 424.965 84.96011
C12 450.035 87.56665
C12 475.003 89.730644
C12 500.018 92.12068
C12 525.002 94.49294
C12 550.029 95.19183
C12 575.023 97.07463
C12 599.982 97.757034
C12 619.997 98.09631
C12 624.979 98.93657
C12 650.012 99.01486
C12 675.004 98.3675
C12 700.03 98.06753
C12 725.012 97.377556
C12 750.022 97.6353
C12 774.987 98.037964
C12 799.976 96.68521
C12 824.988 95.09849
C12 850.022 93.01603
C12 869.967 89.98317
C12 875.002 88.66862
C12 899.999 82.46755
C12 919.999 73.28072
C12 925.012 70.70149
C12 949.965 57.3932
C12 975.002 42.387264
C12 999.976 26.194908
C12 1025.028 11.404437
C12 1050.014 4.0616374
C12 1075.002 2.2380102
C12 1099.99 1.7203112
C02 319.994 43.12706
C02 324.969 48.70442
C02 349.982 71.20127
C02 374.975 75.50814
C02 400.019 82.76787
C02 424.965 85.12308
C02 450.035 87.475464
C02 475.003 89.4854
C02 500.018 91.771866
C02 525.002 94.07413
C02 550.029 94.73737
C02 575.023 96.588905
C02 599.982 97.25797
C02 619.997 97.593056
C02 624.979 98.42777
C02 650.012 98.50128
C02 675.004 97.873184
C02 700.03 97.65193
C02 725.012 97.15881
C02 750.022 97.6525
C02 774.987 98.28207
C02 799.976 97.0044
C02 824.988 95.36826
C02 850.022 93.32178
C02 869.967 90.22657
C02 875.002 88.77184
C02 899.999 82.390335
C02 919.999 73.29581
C02 925.012 70.45961
C02 949.965 57.582672
C02 975.002 42.909214
C02 999.976 26.18422
C02 1025.028 11.30846
C02 1050.014 4.058009
C02 1075.002 2.2334876
C02 1099.99 1.7133416
C17 319.994 43.803272
C17 324.969 49.475277
C17 349.982 72.29209
C17 374.975 76.520836
C17 400.019 83.660355
C17 424.965 85.93883
C17 450.035 88.267914
C17 475.003 90.27237
C17 500.018 92.56731
C17 525.002 94.88005
C17 550.029 95.544846
C17 575.023 97.41002
C17 599.982 98.08327
C17 619.997 98.41793
C17 624.979 99.26217
C17 650.012 99.334564
C17 675.004 98.6754
C17 700.03 98.335594
C17 725.012 97.53461
C17 750.022 97.655136
C17 774.987 97.91842
C17 799.976 96.49807
C17 824.988 94.91338
C17 850.022 92.79156
C17 869.967 89.68956
C17 875.002 88.27831
C17 899.999 82.261955
C17 919.999 73.514854
C17 925.012 70.707825
C17 949.965 57.3182
C17 975.002 42.531162
C17 999.976 26.130856
C17 1025.028 11.394024
C17 1050.014 4.134975
C17 1075.002 2.266893
C17 1099.99 1.7265819
C05 319.994 44.018955
C05 324.969 49.721172
C05 349.982 72.89104
C05 374.975 77.165726
C05 400.019 83.87664
C05 424.965 85.922295
C05 450.035 88.11205
C05 475.003 90.024025
C05 500.018 92.25514
C05 525.002 94.527336
C05 550.029 95.17257
C05 575.023 97.021324
C05 599.982 97.688095
C05 619.997 98.022995
C05 624.979 98.86186
C05 650.012 98.93778
C05 675.004 98.30559
C05 700.03 98.072075
C05 725.012 97.56063
C05 750.022 98.031944
C05 774.987 98.643135
C05 799.976 97.34592
C05 824.988 95.69206
C05 850.022 93.618126
C05 869.967 90.497
C05 875.002 89.045425
C05 899.999 82.48044
C05 919.999 73.43176
C05 925.012 70.62689
C05 949.965 57.69467
C05 975.002 43.054764
C05 999.976 26.241215
C05 1025.028 11.335666
C05 1050.014 4.050834
C05 1075.002 2.2422557
C05 1099.99 1.7217176
C14 319.994 42.96691
C14 324.969 48.516087
C14 349.982 70.75825
C14 374.975 75.11857
C14 400.019 82.825615
C14 424.965 85.40157
C14 450.035 87.88656
C14 475.003 89.97978
C14 500.018 92.32358
C14 525.002 94.66789
C14 550.029 95.353455
C14 575.023 97.22569
C14 599.982 97.90729
C14 619.997 98.24445
C14 624.979 99.08609
C14 650.012 99.16139
C14 675.004 98.50928
C14 700.03 98.197784
C14 725.012 97.47356
C14 750.022 97.687584
C14 774.987 98.05381
C14 799.976 96.67399
C14 824.988 95.087326
C14 850.022 92.989746
C14 869.967 89.89142
C14 875.002 88.47107
C14 899.999 82.484146
C14 919.999 73.46513
C14 925.012 70.59042
C14 949.965 57.514137
C14 975.002 42.56759
C14 999.976 26.063858
C14 1025.028 11.344462
C14 1050.014 4.0591908
C14 1075.002 2.229997
C14 1099.99 1.7154355
C04 319.994 43.723557
C04 324.969 49.3849
C04 349.982 72.32247
C04 374.975 76.62217
C04 400.019 83.53316
C04 424.965 85.68641
C04 450.035 87.935234
C04 475.003 89.88288
C04 500.018 92.13264
C04 525.002 94.416595
C04 550.029 95.06539
C04 575.023 96.91473
C04 599.982 97.58238
C04 619.997 97.917404
C04 624.979 98.75625
C04 650.012 98.82804
C04 675.004 98.195694
C04 700.03 97.97163
C04 725.012 97.47364
C04 750.022 97.96331
C04 774.987 98.589035
C04 799.976 97.30392
C04 824.988 95.655106
C04 850.022 93.59253
C04 869.967 90.47236
C04 875.002 89.0194
C04 899.999 82.5243
C04 919.999 73.48589
C04 925.012 70.663574
C04 949.965 57.67012
C04 975.002 43.014065
C04 999.976 26.262577
C04 1025.028 11.36509
C04 1050.014 4.0704007
C04 1075.002 2.2452817
C04 1099.99 1.7220322
C01 319.994 42.931637
C01 324.969 48.47829
C01 349.982 70.77454
C01 374.975 75.08656
C01 400.019 82.568924
C01 424.965 85.04876
C01 450.035 87.47266
C01 475.003 89.527336
C01 500.018 91.83828
C01 525.002 94.16046
C01 550.029 94.83112
C01 575.023 96.68937
C01 599.982 97.359
C01 619.997 97.69339
C01 624.979 98.527016
C01 650.012 98.60164
C01 675.004 97.966835
C01 700.03 97.73141
C01 725.012 97.21434
C01 750.022 97.676
C01 774.987 98.27001
C01 799.976 96.98126
C01 824.988 95.36375
C01 850.022 93.29952
C01 869.967 90.25858
C01 875.002 88.83551
C01 899.999 82.55181
C01 919.999 73.32711
C01 925.012 70.52034
C01 949.965 57.63084
C01 975.002 42.879738
C01 999.976 26.235268
C01 1025.028 11.376052
C01 1050.014 4.0733213
C01 1075.002 2.2437432
C01 1099.99 1.7215563
C00 319.994 42.643944
C00 324.969 48.149914
C00 349.982 70.21067
C00 374.975 74.53883
C00 400.019 82.2762
C00 424.965 84.89208
C00 450.035 87.39067
C00 475.003 89.49048
C00 500.018 91.82952
C00 525.002 94.16984
C00 550.029 94.85451
C00 575.023 96.71641
C00 599.982 97.39247
C00 619.997 97.72895
C00 624.979 98.56088
C00 650.012 98.63734
C00 675.004 97.998085
C00 700.03 97.743645
C00 725.012 97.16074
C00 750.022 97.54426
C00 774.987 98.05666
C00 799.976 96.74776
C00 824.988 95.14795
C00 850.022 93.10039
C00 869.967 90.20255
C00 875.002 88.77947
C00 899.999 82.54131
C00 919.999 73.28314
C00 925.012 70.44962
C00 949.965 57.78499
C00 975.002 42.829243
C00 999.976 26.386744
C00 1025.028 11.441685
C00 1050.014 4.1401
C00 1075.002 2.2846644
C00 1099.99 1.7585269
C06 319.994 44.229847
C06 324.969 49.9633
C06 349.982 73.335075
C06 374.975 77.60906
C06 400.019 84.13793
C06 424.965 86.08809
C06 450.035 88.22665
C06 475.003 90.11041
C06 500.018 92.32431
C06 525.002 94.58917
C06 550.029 95.225525
C06 575.023 97.07255
C06 599.982 97.7402
C06 619.997 98.07923
C06 624.979 98.91849
C06 650.012 98.99345
C06 675.004 98.36144
C06 700.03 98.12472
C06 725.012 97.60176
C06 750.022 98.05691
C06 774.987 98.645966
C06 799.976 97.34383
C06 824.988 95.67395
C06 850.022 93.566216
C06 869.967 90.43625
C06 875.002 88.98414
C06 899.999 82.39603
C06 919.999 73.320404
C06 925.012 70.505905
C06 949.965 57.562084
C06 975.002 42.949863
C06 999.976 26.162806
C06 1025.028 11.31505
C06 1050.014 4.0512834
C06 1075.002 2.2428727
C06 1099.99 1.7198535
C16 319.994 43.549755
C16 324.969 49.18055
C16 349.982 71.782425
C16 374.975 76.05074
C16 400.019 83.3982
C16 424.965 85.77744
C16 450.035 88.15913
C16 475.003 90.19172
C16 500.018 92.49887
C16 525.002 94.82116
C16 550.029 95.489334
C16 575.023 97.35805
C16 599.982 98.0324
C16 619.997 98.36507
C16 624.979 99.20701
C16 650.012 99.27813
C16 675.004 98.621735
C16 700.03 98.28752
C16 725.012 97.511215
C16 750.022 97.65911
C16 774.987 97.95363
C16 799.976 96.54413
C16 824.988 94.95857
C16 850.022 92.849335
C16 869.967 89.73503
C16 875.002 88.310455
C16 899.999 82.31871
C16 919.999 73.520645
C16 925.012 70.6663
C16 949.965 57.36326
C16 975.002 42.571335
C16 999.976 26.079304
C16 1025.028 11.336563
C16 1050.014 4.098285
C16 1075.002 2.2512991
C16 1099.99 1.7212303
C07 319.994 44.34288
C07 324.969 50.095715
C07 349.982 73.53363
C07 374.975 77.73129
C07 400.019 84.12044
C07 424.965 86.00619
C07 450.035 88.112206
C07 475.003 89.97778
C07 500.018 92.17854
C07 525.002 94.4348
C07 550.029 95.06554
C07 575.023 96.90675
C07 599.982 97.57246
C07 619.997 97.908
C07 624.979 98.74281
C07 650.012 98.81955
C07 675.004 98.183044
C07 700.03 97.93898
C07 725.012 97.39967
C07 750.022 97.83975
C07 774.987 98.40688
C07 799.976 97.09115
C07 824.988 95.41081
C07 850.022 93.29299
C07 869.967 90.15068
C07 875.002 88.721214
C07 899.999 82.09564
C07 919.999 72.98839
C07 925.012 70.17376
C07 949.965 57.23025
C07 975.002 42.734383
C07 999.976 26.007566
C07 1025.028 11.30632
C07 1050.014 4.0446105
C07 1075.002 2.2276318
C07 1099.99 1.7119392
C03 319.994 43.469677
C03 324.969 49.090443
C03 349.982 71.83555
C03 374.975 76.16373
C03 400.019 83.265335
C03 424.965 85.52345
C03 450.035 87.82748
C03 475.003 89.80859
C03 500.018 92.077385
C03 525.002 94.375725
C03 550.029 95.031
C03 575.023 96.88226
C03 599.982 97.55226
C03 619.997 97.88811
C03 624.979 98.725685
C03 650.012 98.80179
C03 675.004 98.17116
C03 700.03 97.947624
C03 725.012 97.45784
C03 750.022 97.95833
C03 774.987 98.5985
C03 799.976 97.31451
C03 824.988 95.66548
C03 850.022 93.61703
C03 869.967 90.48691
C03 875.002 89.03373
C03 899.999 82.59576
C03 919.999 73.51846
C03 925.012 70.700096
C03 949.965 57.662354
C03 975.002 43.07071
C03 999.976 26.283216
C03 1025.028 11.3705845
C03 1050.014 4.068706
C03 1075.002 2.227777
C03 1099.99 1.7166545
C15 319.994 43.100372
C15 324.969 48.670116
C15 349.982 71.01349
C15 374.975 75.29772
C15 400.019 82.77271
C15 424.965 85.22998
C15 450.035 87.64316
C15 475.003 89.69076
C15 500.018 92.0041
C15 525.002 94.3253
C15 550.029 94.99596
C15 575.023 96.85785
C15 599.982 97.53366
C15 619.997 97.86722
C15 624.979 98.701584
C15 650.012 98.778824
C15 675.004 98.126076
C15 700.03 97.802345
C15 725.012 97.054085
C15 750.022 97.233215
C15 774.987 97.55891
C15 799.976 96.17381
C15 824.988 94.59388
C15 850.022 92.493
C15 869.967 89.39291
C15 875.002 88.00332
C15 899.999 82.01169
C15 919.999 73.14709
C15 925.012 70.38217
C15 949.965 57.131702
C15 975.002 42.328403
C15 999.976 25.993923
C15 1025.028 11.310357
C15 1050.014 4.052559
C15 1075.002 2.2241547
C15 1099.99 1.711433
C11 319.994 41.80943
C11 324.969 47.199593
C11 349.982 68.67206
C11 374.975 73.14523
C11 400.019 81.55748
C11 424.965 84.52263
C11 450.035 87.21345
C11 475.003 89.42216
C11 500.018 91.8387
C11 525.002 94.2246
C11 550.029 94.94252
C11 575.023 96.82375
C11 599.982 97.508385
C11 619.997 97.85255
C11 624.979 98.688934
C11 650.012 98.76507
C11 675.004 98.121704
C11 700.03 97.81828
C11 725.012 97.11366
C11 750.022 97.35111
C11 774.987 97.73483
C11 799.976 96.38027
C11 824.988 94.808426
C11 850.022 92.73851
C11 869.967 89.84188
C11 875.002 88.56562
C11 899.999 82.24213
C11 919.999 73.12452
C11 925.012 70.58849
C11 949.965 57.139908
C11 975.002 42.45267
C11 999.976 26.308296
C11 1025.028 11.413821
C11 1050.014 4.075633
C11 1075.002 2.2589326
C11 1099.99 1.7357727
