lsstCam/transmission_filter_detector/r23_s01/z_20/19700101T000000.ecsv
# %ECSV 1.0
# ---
# datatype:
# - {name: wavelength, unit: nm, datatype: float32}
# - {name: efficiency, unit: '%', datatype: float64}
# meta: !!omap
# - {MODE: DETECTOR}
# - {TYPE: transmission_filter_detector}
# - {CALIBDATE: '1970-01-01T00:00:00'}
# - {INSTRUME: LSSTCam}
# - {OBSTYPE: transmission_filter_detector}
# - {CALIBCLS: lsst.ip.isr.IntermediateFilterDetectorTransmissionCurve}
# - {SOURCE: Materion (DM-46256)}
# - {DETECTOR: 100}
# - {FILTER: z_20}
# - {CALIB_ID: 'calibDate=1970-01-01T00:00:00 filter=z_20 detector=100'}
# - {DATE: '2025-04-02T15:59:49.102359'}
# - {CALIB_CREATION_DATE: '2025-04-02'}
# - {CALIB_CREATION_TIME: '15:59:49'}
# - __serialized_columns__:
#     efficiency:
#       __class__: astropy.units.quantity.Quantity
#       unit: !astropy.units.Unit {unit: '%'}
#       value: !astropy.table.SerializedColumn {name: efficiency}
#     wavelength:
#       __class__: astropy.units.quantity.Quantity
#       unit: !astropy.units.Unit {unit: nm}
#       value: !astropy.table.SerializedColumn {name: wavelength}
# schema: astropy-2.0
wavelength efficiency
[from data line 597]
897.0 99.35052394866943
898.0 99.22417402267456
899.0 98.82415533065796
900.0 99.00491237640381
901.0 99.57711696624756
902.0 99.49403405189514
903.0 98.94790649414062
904.0 98.208487033844
905.0 98.91940951347351
906.0 98.4460175037384
907.0 99.07437562942505
908.0 98.56681227684021
909.0 98.32414984703064
910.0 98.14475178718567
911.0 97.12072014808655
912.0 96.0231602191925
913.0 94.82260346412659
914.0 92.73900389671326
915.0 90.55337309837341
916.0 88.41844201087952
917.0 86.81038618087769
918.0 83.47597122192383
919.0 82.47184157371521
920.0 79.52468991279602
921.0 75.48770904541016
922.0 71.37367129325867
923.0 65.81915616989136
924.0 60.35783290863037
925.0 54.78237867355347
926.0 48.626747727394104
927.0 41.951748728752136
928.0 35.94033420085907
929.0 29.50093448162079
930.0 24.14294183254242
931.0 18.837985396385193
932.0 13.458020985126495
933.0 9.170015901327133
934.0 5.924399197101593
935.0 3.607626259326935
936.0 2.1797195076942444
937.0 1.2570503167808056
938.0 0.6744697690010071
939.0 0.5426659248769283
940.0 0.247848778963089
941.0 0.27326708659529686
942.0 0.0667033193167299
943.0 0.06748252199031413
944.0 0.22272877395153046
945.0 0.16522037331014872
946.0 0.010171364556299523
947.0 1.5870244571628e-10
948.0 1.5870244571628e-10
949.0 0.14243664918467402
950.0 1.5870244571628e-10
951.0 0.046244432451203465
952.0 1.5870244571628e-10
953.0 0.05826533888466656
954.0 0.03941208415199071
955.0 0.08162928861565888
956.0 1.5870244571628e-10
957.0 0.0675395771395415
958.0 0.053169578313827515
959.0 1.5870244571628e-10
960.0 1.5870244571628e-10
961.0 0.060310895787552
962.0 0.005221061292104423
963.0 1.5870244571628e-10
964.0 0.03771343035623431
965.0 1.5870244571628e-10
966.0 0.05251334514468908
967.0 0.1801197067834437
968.0 0.009888643398880959
969.0 0.07336534326896071
970.0 0.016388310177717358
971.0 1.5870244571628e-10
972.0 1.5870244571628e-10
973.0 1.5870244571628e-10
974.0 0.010758826829260215
975.0 1.5870244571628e-10
976.0 0.006572416168637574
977.0 0.0065332707890775055
978.0 0.0064941275923047215
979.0 0.006312432378763333
980.0 0.00613073498243466
981.0 0.006009779463056475
982.0 0.005888825035071932
983.0 0.005756694372394122
984.0 0.005624564437312074
985.0 0.005359610804589465
986.0 0.005094656808068976
987.0 0.0050757134886225685
988.0 0.005056770532974042
989.0 0.0049996400775853544
990.0 0.004942509985994548
991.0 0.004993416951037943
992.0 0.005044323552283458
993.0 0.004990652087144554
994.0 0.004936980258207768
995.0 0.004892753713647835
996.0 0.004848526805290021
997.0 0.0046198088966775686
998.0 0.004391090988065116
999.0 0.00440291223640088
1000.0 0.004414733484736644
1001.0 0.0045657776354346424
1002.0 0.004716821786132641
1003.0 0.00462543212051969
1004.0 0.00453404281870462
1005.0 0.004347610229160637
1006.0 0.004161177639616653
1007.0 0.004308387724449858
1008.0 0.0044555981730809435
1009.0 0.004520806760410778
1010.0 0.004586015347740613
1011.0 0.004659130718209781
1012.0 0.004732246088678949
1013.0 0.004516410263022408
1014.0 0.004300574437365867
1015.0 0.004497497866395861
1016.0 0.004694420567830093
1017.0 0.004927216286887415
1018.0 0.005160012005944736
1019.0 0.005002010948373936
1020.0 0.004844010254601017
1021.0 0.004809421443496831
1022.0 0.0047748319047968835
1023.0 0.004714998067356646
1024.0 0.004655163502320647
1025.0 0.004890714990324341
1026.0 0.005126266114530154
1027.0 0.004951578011969104
1028.0 0.004776889909408055
1029.0 0.004871182682109065
1030.0 0.004965475818607956
1031.0 0.0050300081056775525
1032.0 0.005094540028949268
1033.0 0.005139126369613223
1034.0 0.005183713074075058
1035.0 0.005345912722987123
1036.0 0.005508112735697068
1037.0 0.005576666444540024
1038.0 0.00564522051718086
1039.0 0.005547553155338392
1040.0 0.005449885429698043
1041.0 0.005820654405397363
1042.0 0.006191423744894564
1043.0 0.0056659286201465875
1044.0 0.0051404338591964915
1045.0 0.005906169826630503
1046.0 0.006671905430266634
1047.0 0.006396917888196185
1048.0 0.006121928890934214
1049.0 0.006258804205572233
1050.0 0.006395679520210251
1051.0 0.006733405462000519
1052.0 0.007071133586578071
1053.0 0.007009472756180912
1054.0 0.006947811925783753
1055.0 0.007715867104707286
1056.0 0.008483922283630818
1057.0 0.008132532093441114
1058.0 0.007781142630847171
1059.0 0.007856883894419298
1060.0 0.007932624430395663
1061.0 0.00847361225169152
1062.0 0.0090146015281789
1063.0 0.00911895403987728
1064.0 0.00922330655157566
1065.0 0.009283510007662699
1066.0 0.009343716374132782
1067.0 0.00968239110079594
1068.0 0.010021069465437904
1069.0 0.01081054360838607
1070.0 0.011600017751334235
1071.0 0.011374399764463305
1072.0 0.011148782505188137
1073.0 0.011179423017892987
1074.0 0.011210063530597836
1075.0 0.011773773439927027
1076.0 0.012337486259639263
1077.0 0.012446880282368511
1078.0 0.012556274305097759
1079.0 0.013649792526848614
1080.0 0.014743315114174038
1081.0 0.014650620869360864
1082.0 0.014557929534930736
1083.0 0.014317566819954664
1084.0 0.014077204104978591
1085.0 0.014694203855469823
1086.0 0.015311205061152577
1087.0 0.015661289216950536
1088.0 0.016011374827940017
1089.0 0.017391721485182643
1090.0 0.018772066687233746
1091.0 0.01851998968049884
1092.0 0.01826790685299784
1093.0 0.018040125723928213
1094.0 0.017812343139667064
1095.0 0.018803836428560317
1096.0 0.019795331172645092
1097.0 0.02015605423366651
1098.0 0.020516780205070972
1099.0 0.022965420794207603
1100.0 0.02541405556257814
1101.0 0.02484614960849285
1102.0 0.024278239288832992
1103.0 0.025903995265252888
1104.0 0.027529746876098216
1105.0 0.027706054970622063
1106.0 0.02788236306514591
1107.0 0.029079915839247406
1108.0 0.030277471523731947
1109.0 0.03164962399750948
1110.0 0.033021773560903966
1111.0 0.0325270026223734
1112.0 0.03203223750460893
1113.0 0.03360224945936352
1114.0 0.0351722672348842
1115.0 0.03489885712042451
1116.0 0.03462545282673091
1117.0 0.03547617525327951
1118.0 0.03632689476944506
1119.0 0.039453100180253386
1120.0 0.042579302680678666
1121.0 0.04435985174495727
1122.0 0.04614040663000196
1123.0 0.045261604827828705
1124.0 0.044382805936038494
1125.0 0.04543782852124423
1126.0 0.04649285110644996
1127.0 0.05009563756175339
1128.0 0.05369841819629073
1129.0 0.05814124597236514
1130.0 0.06258407374843955
1131.0 0.0625552493147552
1132.0 0.06252641323953867
1133.0 0.06516921566799283
1134.0 0.06781201809644699
1135.0 0.06591171841137111
1136.0 0.06401141290552914
1137.0 0.07066279649734497
1138.0 0.07731419173069298
1139.0 0.0819935230538249
1140.0 0.08667281945236027
1141.0 0.09613867150619626
1142.0 0.10560450609773397
1143.0 0.12657508486881852
1144.0 0.14754562871530652
1145.0 0.30017299577593803
1146.0 0.45280042104423046
1147.0 0.972336158156395
1148.0 1.4918719418346882
1149.0 1.689399965107441
1150.0 1.8869290128350258
