lsstCam/transmission_filter_detector/r23_s01/z_20/19700101T000000.ecsv
# %ECSV 1.0
# ---
# datatype:
# - {name: wavelength, unit: nm, datatype: float32}
# - {name: efficiency, unit: '%', datatype: float64}
# meta: !!omap
# - {MODE: DETECTOR}
# - {TYPE: transmission_filter_detector}
# - {CALIBDATE: '1970-01-01T00:00:00'}
# - {INSTRUME: LSSTCam}
# - {OBSTYPE: transmission_filter_detector}
# - {CALIBCLS: lsst.ip.isr.IntermediateFilterDetectorTransmissionCurve}
# - {SOURCE: Materion (DM-46256)}
# - {DETECTOR: 100}
# - {FILTER: z_20}
# - {CALIB_ID: 'calibDate=1970-01-01T00:00:00 filter=z_20 detector=100'}
# - {DATE: '2025-04-02T15:59:49.102359'}
# - {CALIB_CREATION_DATE: '2025-04-02'}
# - {CALIB_CREATION_TIME: '15:59:49'}
# - __serialized_columns__:
#     efficiency:
#       __class__: astropy.units.quantity.Quantity
#       unit: !astropy.units.Unit {unit: '%'}
#       value: !astropy.table.SerializedColumn {name: efficiency}
#     wavelength:
#       __class__: astropy.units.quantity.Quantity
#       unit: !astropy.units.Unit {unit: nm}
#       value: !astropy.table.SerializedColumn {name: wavelength}
# schema: astropy-2.0
wavelength efficiency
300.0 0.8660169318318367
301.0 0.5868462845683098
302.0 0.3076757537201047
303.0 0.29792534187436104
304.0 0.2881749765947461
305.0 0.24401159025728703
306.0 0.19984818063676357
307.0 0.18407276365906
308.0 0.16829734668135643
309.0 0.14663963811472058
310.0 0.12498192954808474
311.0 0.12662371154874563
312.0 0.12826554011553526
313.0 0.1138638355769217
314.0 0.09946217760443687
315.0 0.09656945476308465
316.0 0.09367672610096633
317.0 0.0793547194916755
318.0 0.06503272452391684
319.0 0.06469351355917752
320.0 0.06435430841520429
321.0 0.06398034165613353
322.0 0.06360637489706278
323.0 0.055966025684028864
324.0 0.04832568229176104
325.0 0.044611800694838166
326.0 0.040897916187532246
327.0 0.039804051630198956
328.0 0.038710181252099574
329.0 0.0343634863384068
330.0 0.030016788514330983
331.0 0.02730884589254856
332.0 0.024600900360383093
333.0 0.023990764748305082
334.0 0.023380624770652503
335.0 0.022038827592041343
336.0 0.020697026047855616
337.0 0.02471701882313937
338.0 0.028737008688040078
339.0 0.024584794300608337
340.0 0.020432584278751165
341.0 0.017321031191386282
342.0 0.014209481014404446
343.0 0.01415395672665909
344.0 0.014098433894105256
345.0 0.013252916687633842
346.0 0.012407398025970906
347.0 0.011821592488558963
348.0 0.011235788406338543
349.0 0.013570665032602847
350.0 0.01590554165886715
351.0 0.013362012396100909
352.0 0.01081847949535586
353.0 0.011408781574573368
354.0 0.011999084381386638
355.0 0.01026405516313389
356.0 0.008529025944881141
357.0 0.009486400085734203
358.0 0.01044377640937455
359.0 0.010077020851895213
360.0 0.009710263111628592
361.0 0.008898816304281354
362.0 0.0080873716797214
363.0 0.00929940870264545
364.0 0.01051144499797374
365.0 0.01027313555823639
366.0 0.010034827573690563
367.0 0.00871861630002968
368.0 0.007402404298773035
369.0 0.007979467045515776
370.0 0.008556530519854277
371.0 0.008428229193668813
372.0 0.00829992932267487
373.0 0.007316550909308717
374.0 0.006333173951134086
375.0 0.00657950367894955
376.0 0.006825833406765014
377.0 0.007121601811377332
378.0 0.007417369488393888
379.0 0.006264136027311906
380.0 0.005110902202432044
381.0 0.0033067699405364692
382.0 0.0015026382243377157
383.0 0.0036427951272344217
384.0 0.005782952212030068
385.0 0.005556238102144562
386.0 0.005329524356056936
387.0 0.005984463496133685
388.0 0.006639403727604076
389.0 0.0059063255321234465
390.0 0.0051732487918343395
391.0 0.004794852793565951
392.0 0.004416456795297563
393.0 0.004865985465585254
394.0 0.005315514863468707
395.0 0.00440252733824309
396.0 0.0034895398130174726
397.0 0.003684940020320937
398.0 0.00388033950002864
399.0 0.004111010275664739
400.0 0.004341681051300839
401.0 0.004670483758673072
402.0 0.004999286829843186
403.0 0.0049215137551072985
404.0 0.0048437414079671726
405.0 0.004034028825117275
406.0 0.003224316969863139
407.0 0.0018274633475812152
408.0 0.0004306104983697878
409.0 0.0019202412659069523
410.0 0.0034098724427167326
411.0 0.004155550413997844
412.0 0.004901228749076836
413.0 0.004630529656424187
414.0 0.0043598305637715384
415.0 0.0036787299904972315
416.0 0.0029976299629197456
417.0 0.003942938201362267
418.0 0.004888246621703729
419.0 0.004471333886613138
420.0 0.004054421151522547
421.0 0.003924662814824842
422.0 0.0037949052057228982
423.0 0.0037108820833964273
424.0 0.0036268604162614793
425.0 0.00262777157331584
426.0 0.0016286829122691415
427.0 0.0018105560229741968
428.0 0.0019924293155781925
429.0 0.001406171668349998
430.0 0.0008199143849196844
431.0 0.000770988754084101
432.0 0.0007220629413495772
433.0 0.0007482997716579121
434.0 0.0007745367838651873
435.0 0.0013232576748123392
436.0 0.0018719787476584315
437.0 0.0019385664927540347
438.0 0.0020051546016475186
439.0 0.0020770881747012027
440.0 0.002149021929653827
441.0 0.0016281524949590676
442.0 0.0011072833331127185
443.0 0.0022424426788347773
444.0 0.0033776017517084256
445.0 0.003347731035319157
446.0 0.0033178603189298883
447.0 0.002593377575976774
448.0 0.0018688946511247195
449.0 0.0025528832338750362
450.0 0.003236872362322174
451.0 0.0025817129426286556
452.0 0.001926552977238316
453.0 0.0018636988897924311
454.0 0.0018008449842454866
455.0 0.002477749512763694
456.0 0.0031546540412819013
457.0 0.0022730107957613654
458.0 0.00139136773213977
459.0 0.0015071599591465201
460.0 0.0016229521861532703
461.0 0.0007856373485992663
462.0 1.5870244571628e-10
463.0 0.0009517017133475747
464.0 0.001955081279447768
465.0 0.002198961010435596
466.0 0.0024428409233223647
467.0 0.002124576349160634
468.0 0.0018063112293020822
469.0 0.0016331416190951131
470.0 0.001459972008888144
471.0 0.0013613956980407238
472.0 0.0012628197509911843
473.0 0.0012518506082415115
474.0 0.0012408814654918388
475.0 0.0010609352102619596
476.0 0.0008809888640826102
477.0 0.0012897528904431965
478.0 0.0016985166439553723
479.0 0.002054684955510311
480.0 0.0024108529032673687
481.0 0.0018868118786485866
482.0 0.001362770581181394
483.0 0.0009156392479781061
484.0 0.00046850791477481835
485.0 0.0012978303857380524
486.0 0.0021271527657518163
487.0 0.0015514175174757838
488.0 0.0009756823601492215
489.0 0.0017064092389773577
490.0 0.002437136026856024
491.0 0.0023384407541016117
492.0 0.00223974566324614
493.0 0.0020180721548967995
494.0 0.0017963988284463994
495.0 0.0015701491065556183
496.0 0.0013438993846648373
497.0 0.0011964555596932769
498.0 0.0010490119166206568
499.0 0.001189511840493651
500.0 0.0013300118553161155
501.0 0.0008649038136354648
502.0 0.00039979545363166835
503.0 0.0011881858881679364
504.0 0.0019765764591284096
505.0 0.0022259931938606314
506.0 0.0024754101104917936
507.0 0.0023327864255406894
508.0 0.002190162740589585
509.0 0.001814803181332536
510.0 0.0014394442587217782
511.0 0.0011563788575585932
512.0 0.0008733136382943485
513.0 0.001310437437496148
514.0 0.0017475616914452985
515.0 0.0013358379874262027
516.0 0.0009241147381544579
517.0 0.0009520979801891372
518.0 0.0009800811312743463
519.0 0.0011232095857849345
520.0 0.001266337676497642
521.0 0.0016328680430888198
522.0 0.0019993982277810574
523.0 0.0013052212125330698
524.0 0.0006110441518103471
525.0 0.0006831387963757152
526.0 0.0007552335318905534
527.0 0.0011304297913738992
528.0 0.0015056263691803906
529.0 0.0013115196452417877
530.0 0.0011174122846568935
531.0 0.001191842329717474
532.0 0.0012662722838285845
533.0 0.0008557211913284846
534.0 0.00044517014430311974
535.0 0.001048607191478368
536.0 0.0016520443750778213
537.0 0.0016160116501851007
538.0 0.0015799787433934398
539.0 0.001125041762861656
540.0 0.0006701043730572565
541.0 0.0007614725745952455
542.0 0.0008528410035069101
543.0 0.0012903949937026482
544.0 0.0017279491657973267
545.0 0.001113418420572998
546.0 0.0004988880846212851
547.0 0.0012004888048977591
548.0 0.0019020890249521472
549.0 0.0016561136362724937
550.0 0.0014101379747444298
551.0 0.0014965429727453738
552.0 0.001582947515998967
553.0 0.0013900815247325227
554.0 0.0011972151696681976
555.0 0.00104017472040141
556.0 0.0008831343620840926
557.0 0.0012791784683940932
558.0 0.0016752223018556833
559.0 0.0017542775822221301
560.0 0.0018333324987906963
561.0 0.001633899773878511
562.0 0.0014344668670673855
563.0 0.0012112237527617253
564.0 0.000987980547506595
565.0 0.0016569374565733597
566.0 0.0023258944565895945
567.0 0.0027132435207022354
568.0 0.0031005922210169956
569.0 0.002944684456451796
570.0 0.0027887766918865964
571.0 0.0026246860215906054
572.0 0.0024605948055977933
573.0 0.001981286368391011
574.0 0.0015019780221336987
575.0 0.0019782430172199383
576.0 0.002454508103255648
577.0 0.0020313469576649368
578.0 0.0016081863577710465
579.0 0.0017105878214351833
580.0 0.0018129889213014394
581.0 0.0017107955500250682
582.0 0.0016086019968497567
583.0 0.0020197005142108537
584.0 0.002430799213470891
585.0 0.002546105497458484
586.0 0.0026614119633450173
587.0 0.0021061527149868198
588.0 0.0015508929209318012
589.0 0.0020207149646012112
590.0 0.002490536826371681
591.0 0.0016414680430898443
592.0 0.0007923987141111866
593.0 0.0006912952812854201
594.0 0.0005901916665607132
595.0 0.001099772907764418
596.0 0.0016093543308670633
597.0 0.0014546652892022394
598.0 0.0012999762475374155
599.0 0.0009745190254761837
600.0 0.0006490619398391573
601.0 0.0005698482254956616
602.0 0.0004906344202026958
603.0 0.000964731316344114
604.0 0.0014388277122634463
605.0 0.0009512491487839725
606.0 0.00046367035793082323
607.0 0.0007884816113801207
608.0 0.0011132928193546832
609.0 0.0011453313163656276
610.0 0.0011773696314776316
611.0 0.000994609945337288
612.0 0.0008118500772980042
613.0 0.0007740726687188726
614.0 0.0007362952146650059
615.0 0.0011779924534494057
616.0 0.0016196900105569512
617.0 0.002140529795724433
618.0 0.0026613699446897954
619.0 0.0021998903321218677
620.0 0.0017384103557560593
621.0 0.0014855048902973067
622.0 0.0012325989700912032
623.0 0.0015438321497640572
624.0 0.001855065238487441
625.0 0.0017073756680474617
626.0 0.0015596859157085419
627.0 0.0018698920030146837
628.0 0.0021800984541187063
629.0 0.0019825029085041024
630.0 0.0017849075447884388
631.0 0.001582040567882359
632.0 0.0013791734090773389
633.0 0.001762567990226671
634.0 0.0021459627532749437
635.0 0.005085354860057123
636.0 0.0080247460573446
637.0 0.015352142509073019
638.0 0.0226795396883972
639.0 0.019865705689880997
640.0 0.017051871691364795
641.0 0.014828218263573945
642.0 0.01260456774616614
643.0 0.01011991043924354
644.0 0.007635253859916702
645.0 0.0068644054408650845
646.0 0.006093557021813467
647.0 0.005607491402770393
648.0 0.005121425419929437
649.0 0.004199052636977285
650.0 0.0032766805816208944
651.0 0.0036760044167749584
652.0 0.004075328251929022
653.0 0.0033194672141689807
654.0 0.0025636054488131776
655.0 0.0027343208785168827
656.0 0.0029050368539174087
657.0 0.0029010994694544934
658.0 0.0028971617211936973
659.0 0.002710717853915412
660.0 0.0025242739866371267
661.0 0.0026806726964423433
662.0 0.0028370712243486196
663.0 0.0019396569769014604
664.0 0.0010422430023027118
665.0 0.0015816223822184838
666.0 0.0021210022168816067
667.0 0.0024269889763672836
668.0 0.002732975917751901
669.0 0.0019597860955400392
670.0 0.0011865961823787075
671.0 0.0009221611435350496
672.0 0.0006577261501661269
673.0 0.0013880218830308877
674.0 0.0021183177523198538
675.0 0.0021496483896044083
676.0 0.002180979026888963
677.0 0.0019150626030750573
678.0 0.0016491459973622113
679.0 0.0013839302482665516
680.0 0.0011187142263224814
681.0 0.001206713932333514
682.0 0.0012947134564456064
683.0 0.0023908371076686308
684.0 0.0034869608498411253
685.0 0.002888669041567482
686.0 0.0022903779608896002
687.0 0.0017422533346689306
688.0 0.0011941286174987908
689.0 0.0014595140783058014
690.0 0.0017248992662644014
691.0 0.0020508850866463035
692.0 0.0023768707251292653
693.0 0.002709621003305074
694.0 0.0030423714633798227
695.0 0.003261312303948216
696.0 0.003480252416920848
697.0 0.003672220918815583
698.0 0.003864189056912437
699.0 0.005693643106496893
700.0 0.007523097156081349
701.0 0.007191469921963289
702.0 0.006859841960249469
703.0 0.006313448830042034
704.0 0.005767055336036719
705.0 0.005190944648347795
706.0 0.004614833233063109
707.0 0.004364442065707408
708.0 0.004114050534553826
709.0 0.004291165168979205
710.0 0.004468280167202465
711.0 0.004050638744956814
712.0 0.0036329984141048044
713.0 0.0025625507987570018
714.0 0.0014921033653081395
715.0 0.0021761372408946045
716.0 0.0028601711164810695
717.0 0.0025202170945703983
718.0 0.002180262526962906
719.0 0.0017325088265351951
720.0 0.0012847549442085437
721.0 0.001247326235898072
722.0 0.0012098973456886597
723.0 0.0010513915185583755
724.0 0.000892885509529151
725.0 0.0012331694961176254
726.0 0.00157345366460504
727.0 0.00164080411195755
728.0 0.0017081541955121793
729.0 0.0018150492905988358
730.0 0.0019219443856854923
731.0 0.0014911011930962559
732.0 0.00106025827335543
733.0 0.0009924313417286612
734.0 0.0009246043191524222
735.0 0.0010266617209708784
736.0 0.001128718849940924
737.0 0.0012732413779303897
738.0 0.001417763724020915
739.0 0.001187675752589712
740.0 0.0009575875992595684
741.0 0.0010838085472641978
742.0 0.0012100294043193571
743.0 0.0016042193237808533
744.0 0.001998409061343409
745.0 0.001358297322440194
746.0 0.0007181856290117139
747.0 0.0012026047443214338
748.0 0.0016870237232069485
749.0 0.0023703682018094696
750.0 0.0030537124985130504
751.0 0.0029700044251512736
752.0 0.002886296351789497
753.0 0.002878337363654282
754.0 0.0028703787393169478
755.0 0.0018956598069053143
756.0 0.0009209407835442107
757.0 0.0018153070413973182
758.0 0.0027096730264020152
759.0 0.002649274392751977
760.0 0.0025888753953040577
761.0 0.0043806980102090165
762.0 0.006172521534608677
763.0 0.005767750189988874
764.0 0.005362979936762713
765.0 0.005384756877901964
766.0 0.005406532363849692
767.0 0.004525324766291305
768.0 0.003644116804935038
769.0 0.0033236730814678594
770.0 0.0030032300855964422
771.0 0.0038256155676208436
772.0 0.004648001413443126
773.0 0.003947611548937857
774.0 0.003247220956836827
775.0 1.5870244571628e-10
776.0 1.5870244571628e-10
777.0 1.5870244571628e-10
778.0 1.5870244571628e-10
779.0 0.1082630013115704
780.0 1.5870244571628e-10
781.0 0.05213176482357085
782.0 1.5870244571628e-10
783.0 1.5870244571628e-10
784.0 1.5870244571628e-10
785.0 0.12452416121959686
786.0 0.12974482960999012
787.0 0.019479858747217804
788.0 1.5870244571628e-10
789.0 1.5870244571628e-10
790.0 0.05517614190466702
791.0 0.048542761942371726
792.0 0.01991704775718972
793.0 0.10753544047474861
794.0 0.06142584607005119
795.0 0.17741775372996926
796.0 1.5870244571628e-10
797.0 0.09008962078951299
798.0 0.009206076356349513
799.0 0.08097330573946238
800.0 0.20417273044586182
801.0 0.2882610308006406
802.0 0.4029640927910805
803.0 0.7572478149086237
804.0 1.2135528959333897
805.0 1.7716482281684875
806.0 3.1218716874718666
807.0 4.51381616294384
808.0 6.491555273532867
809.0 8.730239421129227
810.0 11.496631801128387
811.0 14.82042670249939
812.0 18.001697957515717
813.0 21.16936296224594
814.0 23.72697740793228
815.0 26.982542872428894
816.0 31.328490376472473
817.0 36.658865213394165
818.0 42.36729145050049
819.0 47.86885380744934
820.0 55.081307888031006
821.0 62.7642035484314
822.0 69.16284561157227
823.0 75.48060417175293
824.0 81.26845359802246
825.0 86.31511330604553
826.0 90.7074511051178
827.0 94.12307739257812
828.0 96.99190258979797
829.0 98.31865429878235
830.0 98.82841110229492
831.0 99.52132105827332
832.0 98.65871667861938
833.0 100.06499290466309
834.0 98.73098134994507
835.0 99.59171414375305
836.0 99.34584498405457
837.0 99.24203753471375
838.0 98.16744923591614
839.0 98.90766739845276
840.0 99.10866022109985
841.0 99.50022101402283
842.0 99.73645210266113
843.0 99.82951879501343
844.0 98.64901304244995
845.0 98.67949485778809
846.0 98.84477853775024
847.0 99.27732944488525
848.0 100.44329166412354
849.0 98.92844557762146
850.0 98.38329553604126
851.0 99.20079708099365
852.0 99.537193775177
853.0 99.23830032348633
854.0 99.80666041374207
855.0 98.75088334083557
856.0 98.86116981506348
857.0 98.10972809791565
858.0 98.81506562232971
859.0 99.46501851081848
860.0 98.95492792129517
861.0 99.0233838558197
862.0 99.00001287460327
863.0 98.39820265769958
864.0 99.46231245994568
865.0 100.05124807357788
866.0 98.17891120910645
867.0 99.76556897163391
868.0 99.70567226409912
869.0 98.99954795837402
870.0 98.41094613075256
871.0 98.8309919834137
872.0 99.34545755386353
873.0 99.19212460517883
874.0 99.98816847801208
875.0 99.01508092880249
876.0 99.24200773239136
877.0 99.75638389587402
878.0 99.22311305999756
879.0 98.6926019191742
880.0 99.05480146408081
881.0 100.03323554992676
882.0 99.02292490005493
883.0 99.1278350353241
884.0 99.28594827651978
885.0 99.08505082130432
886.0 98.98216724395752
887.0 98.79812002182007
888.0 99.19952154159546
889.0 99.57296252250671
890.0 98.74137043952942
891.0 99.72460269927979
892.0 99.09645915031433
893.0 98.84018301963806
894.0 98.66334199905396
895.0 100.25560855865479
