lsstCam/transmission_filter_detector/r21_s00/u_24/19700101T000000.ecsv
# %ECSV 1.0
# ---
# datatype:
# - {name: wavelength, unit: nm, datatype: float32}
# - {name: efficiency, unit: '%', datatype: float64}
# meta: !!omap
# - {MODE: DETECTOR}
# - {TYPE: transmission_filter_detector}
# - {CALIBDATE: '1970-01-01T00:00:00'}
# - {INSTRUME: LSSTCam}
# - {OBSTYPE: transmission_filter_detector}
# - {CALIBCLS: lsst.ip.isr.IntermediateFilterDetectorTransmissionCurve}
# - {SOURCE: Materion (DM-46256)}
# - {DETECTOR: 81}
# - {FILTER: u_24}
# - {CALIB_ID: 'calibDate=1970-01-01T00:00:00 filter=u_24 detector=81'}
# - {DATE: '2025-04-02T15:59:40.124205'}
# - {CALIB_CREATION_DATE: '2025-04-02'}
# - {CALIB_CREATION_TIME: '15:59:40'}
# - __serialized_columns__:
#     efficiency:
#       __class__: astropy.units.quantity.Quantity
#       unit: !astropy.units.Unit {unit: '%'}
#       value: !astropy.table.SerializedColumn {name: efficiency}
#     wavelength:
#       __class__: astropy.units.quantity.Quantity
#       unit: !astropy.units.Unit {unit: nm}
#       value: !astropy.table.SerializedColumn {name: wavelength}
# schema: astropy-2.0
wavelength efficiency
[from data line 581]
876.0 0.0021828693206771277
877.0 0.0020907345970044844
878.0 0.0019986000552307814
879.0 0.002150491491192952
880.0 0.002302383290953003
881.0 0.002430094355077017
882.0 0.002557805782998912
883.0 0.002549818964325823
884.0 0.002541832691349555
885.0 0.0024354092602152377
886.0 0.0023289861928788014
887.0 0.00226910415221937
888.0 0.002209222293458879
889.0 0.00221974933083402
890.0 0.0022302761863102205
891.0 0.0023040496671455912
892.0 0.0023778229660820216
893.0 0.0025128219931502827
894.0 0.002647820656420663
895.0 0.0029039461878710426
896.0 0.0031600717193214223
897.0 0.0035347475204616785
898.0 0.0039094236853998154
899.0 0.00405805476475507
900.0 0.004206685480312444
901.0 0.004161943797953427
902.0 0.004117202843190171
903.0 0.004446682578418404
904.0 0.004776161949848756
905.0 0.004766574056702666
906.0 0.004756985799758695
907.0 0.005192419121158309
908.0 0.005627852078760043
909.0 0.005592689194600098
910.0 0.005557526674238034
911.0 0.005683438575943001
912.0 0.005809350841445848
913.0 0.005654615233652294
914.0 0.005499879625858739
915.0 0.005138086999068037
916.0 0.004776294372277334
917.0 0.004400765465106815
918.0 0.004025237285532057
919.0 0.004246449316269718
920.0 0.004467660983209498
921.0 0.004589533637044951
922.0 0.004711406654678285
923.0 0.005170818621991202
924.0 0.0056302291341125965
925.0 0.005914754729019478
926.0 0.006199281051522121
927.0 0.006722681428072974
928.0 0.007246078894240782
929.0 0.007275170355569571
930.0 0.007304261816898361
931.0 0.007115873449947685
932.0 0.006927484355401248
933.0 0.0068284170993138105
934.0 0.006729350570822135
935.0 0.00718443188816309
936.0 0.007639513205504045
937.0 0.007408091914840043
938.0 0.007176673534559086
939.0 0.0072477552748750895
940.0 0.0073188377427868545
941.0 0.006157925963634625
942.0 0.0049970130930887535
943.0 0.0042259427573299035
944.0 0.003454873149166815
945.0 0.002841186142177321
946.0 0.0022274994989857078
947.0 0.0019831282770610414
948.0 0.0017387568732374348
949.0 0.0014795945389778353
950.0 0.0012204321137687657
951.0 0.001275997874472523
952.0 0.00133156336232787
953.0 0.0014301244846137706
954.0 0.0015286857887986116
955.0 0.0018866365280700848
956.0 0.002244587267341558
957.0 0.0024505327019141987
958.0 0.002656477772688959
959.0 0.002893957935157232
960.0 0.003131437915726565
961.0 0.0037110330595169216
962.0 0.0042906282033072785
963.0 0.004517096749623306
964.0 0.0047435656597372144
965.0 0.004500441355048679
966.0 0.004257317414158024
967.0 0.004380923928692937
968.0 0.004504530807025731
969.0 0.004690451532951556
970.0 0.004876371895079501
971.0 0.004801651448360644
972.0 0.004726931001641788
973.0 0.00447243764938321
974.0 0.004217943933326751
975.0 0.00425503239966929
976.0 0.0042921205022139475
977.0 0.003749989264179021
978.0 0.0032078580261440948
979.0 0.003052423198823817
980.0 0.002896988189604599
981.0 0.0026260495360475034
982.0 0.0023551107005914673
983.0 0.002707537350943312
984.0 0.003059963637497276
985.0 0.003427531191846356
986.0 0.003795099473791197
987.0 0.0040388844354311
988.0 0.004282669760868885
989.0 0.005094796870253049
990.0 0.005906922888243571
991.0 0.006034002944943495
992.0 0.006161082274047658
993.0 0.006274782936088741
994.0 0.006388482870534062
995.0 0.006021661829436198
996.0 0.005654838605551049
997.0 0.005385352415032685
998.0 0.005115868407301605
999.0 0.005845572741236538
1000.0 0.006575275619979948
1001.0 0.0063554027292411774
1002.0 0.006135527655715123
1003.0 0.005941312338109128
1004.0 0.005747095565311611
1005.0 0.005748327748733573
1006.0 0.005749560295953415
1007.0 0.005592979505308904
1008.0 0.005436396168079227
1009.0 0.004879588232142851
1010.0 0.004322780660004355
1011.0 0.004050657662446611
1012.0 0.003778535028686747
1013.0 0.0030771367164561525
1014.0 0.002375738404225558
1015.0 0.0021167103113839403
1016.0 0.0018576820366433822
1017.0 0.0016082016372820362
1018.0 0.0013587213288701605
1019.0 0.0013352139831113163
1020.0 0.0013117066373524722
1021.0 0.001131003682530718
1022.0 0.0009503008186584339
1023.0 0.0010533146451052744
1024.0 0.0011563286534510553
1025.0 0.00113203068394796
1026.0 0.001107732987293275
1027.0 0.0011566358807613142
1028.0 0.0012055386832798831
1029.0 0.0013207588381192181
1030.0 0.0014359790839080233
1031.0 0.0017991955246543512
1032.0 0.002162411874451209
1033.0 0.0019401501049287617
1034.0 0.001717888517305255
1035.0 0.0019944320229114965
1036.0 0.002270974982820917
1037.0 0.0022868704036227427
1038.0 0.002302766006323509
1039.0 0.0020941830371157266
1040.0 0.001885600431705825
1041.0 0.0016089685232145712
1042.0 0.0013323370694706682
1043.0 0.0016620828318991698
1044.0 0.0019918290490750223
1045.0 0.0016357684216927737
1046.0 0.0012797079762094654
1047.0 0.002013553421420511
1048.0 0.002747399230429437
1049.0 0.0021060166545794345
1050.0 0.0014646337149315514
1051.0 0.0014768133951292839
1052.0 0.001488992893428076
1053.0 0.0014887279576214496
1054.0 0.0014884625670674723
1055.0 0.0010646824193827342
1056.0 0.0006409024535969365
1057.0 0.0011158263077959418
1058.0 0.0015907502529444173
1059.0 0.0012632918696908746
1060.0 0.0009358336683362722
1061.0 0.0008854512088873889
1062.0 0.0008350686584890354
1063.0 0.0008930775038606953
1064.0 0.0009510859854344744
1065.0 0.0008141279067785945
1066.0 0.0006771699190721847
1067.0 0.0009410358870809432
1068.0 0.001204901491291821
1069.0 0.0019231170881539583
1070.0 0.0026413321393192746
1071.0 0.002219005000370089
1072.0 0.001796677679521963
1073.0 0.0013027729437453672
1074.0 0.0008088680260698311
1075.0 0.002534607847337611
1076.0 0.004260347486706451
1077.0 0.003823564838967286
1078.0 0.0033867825550260022
1079.0 0.004685996464104392
1080.0 0.0059852085541933775
1081.0 0.004344834451330826
1082.0 0.0027044601665693335
1083.0 0.0016325735487043858
1084.0 0.0005606872036878485
1085.0 0.0018102939066011459
1086.0 0.0030599003366660327
1087.0 0.0036792043829336762
1088.0 0.004298508065403439
1089.0 0.005353989763534628
1090.0 0.006409472553059459
1091.0 0.003622010990511626
1092.0 0.0008345489732164424
1093.0 0.001169918596133357
1094.0 0.001505287946201861
1095.0 0.0013613042938231956
1096.0 0.001217321005242411
1097.0 0.0016369267541449517
1098.0 0.0020565325030474924
1099.0 0.0022876860384712927
1100.0 0.0025188393919961527
