lsstCam/transmission_filter_detector/r21_s00/u_24/19700101T000000.ecsv
# %ECSV 1.0
# ---
# datatype:
# - {name: wavelength, unit: nm, datatype: float32}
# - {name: efficiency, unit: '%', datatype: float64}
# meta: !!omap
# - {MODE: DETECTOR}
# - {TYPE: transmission_filter_detector}
# - {CALIBDATE: '1970-01-01T00:00:00'}
# - {INSTRUME: LSSTCam}
# - {OBSTYPE: transmission_filter_detector}
# - {CALIBCLS: lsst.ip.isr.IntermediateFilterDetectorTransmissionCurve}
# - {SOURCE: Materion (DM-46256)}
# - {DETECTOR: 81}
# - {FILTER: u_24}
# - {CALIB_ID: 'calibDate=1970-01-01T00:00:00 filter=u_24 detector=81'}
# - {DATE: '2025-04-02T15:59:40.124205'}
# - {CALIB_CREATION_DATE: '2025-04-02'}
# - {CALIB_CREATION_TIME: '15:59:40'}
# - __serialized_columns__:
#     efficiency:
#       __class__: astropy.units.quantity.Quantity
#       unit: !astropy.units.Unit {unit: '%'}
#       value: !astropy.table.SerializedColumn {name: efficiency}
#     wavelength:
#       __class__: astropy.units.quantity.Quantity
#       unit: !astropy.units.Unit {unit: nm}
#       value: !astropy.table.SerializedColumn {name: wavelength}
# schema: astropy-2.0
wavelength efficiency
295.0 1.5973675290478773e-10
296.0 1.5973675290478773e-10
297.0 1.5973675290478773e-10
298.0 1.5973675290478773e-10
299.0 1.5973675290478773e-10
300.0 1.5973675290478773e-10
301.0 1.5973675290478773e-10
302.0 1.5973675290478773e-10
303.0 1.5973675290478773e-10
304.0 0.1592256361618638
305.0 0.5440449342131615
306.0 1.4221961610019207
307.0 2.8549382463097572
308.0 4.808907210826874
309.0 7.897280901670456
310.0 11.26520037651062
311.0 15.019212663173676
312.0 18.725919723510742
313.0 21.852459013462067
314.0 25.10773241519928
315.0 27.343299984931946
316.0 29.551473259925842
317.0 31.888404488563538
318.0 34.64248180389404
319.0 38.11299502849579
320.0 43.289512395858765
321.0 48.51050078868866
322.0 54.55854535102844
323.0 60.1260244846344
324.0 64.98083472251892
325.0 68.2147204875946
326.0 70.68760991096497
327.0 72.69924879074097
328.0 74.50677156448364
329.0 75.86040496826172
330.0 77.24782228469849
331.0 78.1495988368988
332.0 78.50653529167175
333.0 78.7223756313324
334.0 78.50394248962402
335.0 78.62425446510315
336.0 78.7396252155304
337.0 79.28041815757751
338.0 80.09018898010254
339.0 80.66099882125854
340.0 81.12824559211731
341.0 81.6777765750885
342.0 81.93955421447754
343.0 81.89587593078613
344.0 82.12665319442749
345.0 82.48113989830017
346.0 82.6964259147644
347.0 83.07979106903076
348.0 83.4070086479187
349.0 83.56051445007324
350.0 83.67215394973755
351.0 83.82639288902283
352.0 83.74157547950745
353.0 83.67696404457092
354.0 83.5534930229187
355.0 83.83482098579407
356.0 83.97341966629028
357.0 83.891361951828
358.0 83.63571166992188
359.0 83.38240385055542
360.0 83.24226140975952
361.0 83.0633282661438
362.0 82.89963603019714
363.0 83.03188681602478
364.0 83.15122723579407
365.0 83.36244821548462
366.0 83.55257511138916
367.0 83.7101936340332
368.0 83.57391953468323
369.0 83.61347913742065
370.0 83.26413631439209
371.0 83.10040235519409
372.0 83.13056230545044
373.0 83.16696882247925
374.0 83.21340084075928
375.0 83.51355195045471
376.0 83.58709812164307
377.0 83.63324403762817
378.0 83.72262120246887
379.0 83.48886370658875
380.0 82.83597826957703
381.0 81.66215419769287
382.0 80.00466823577881
383.0 78.02923321723938
384.0 75.91384053230286
385.0 73.61820936203003
386.0 71.20512127876282
387.0 68.00267100334167
388.0 64.8084044456482
389.0 60.94047427177429
390.0 56.96190595626831
391.0 52.73119807243347
392.0 48.29587638378143
393.0 44.424331188201904
394.0 41.167810559272766
395.0 37.8540962934494
396.0 34.43147838115692
397.0 29.95603382587433
398.0 24.662671983242035
399.0 18.02176982164383
400.0 11.751335114240646
401.0 6.687574088573456
402.0 3.081328421831131
403.0 1.0581796057522297
404.0 0.3175421850755811
405.0 0.1675736391916871
406.0 0.03823484876193106
407.0 0.03185558598488569
408.0 0.0012727015018754173
409.0 1.5973675290478773e-10
410.0 1.5973675290478773e-10
411.0 1.5973675290478773e-10
412.0 0.0009408514415554237
413.0 1.5973675290478773e-10
414.0 1.5973675290478773e-10
415.0 1.5973675290478773e-10
416.0 1.5973675290478773e-10
417.0 1.5973675290478773e-10
418.0 1.5973675290478773e-10
419.0 1.5973675290478773e-10
420.0 1.5973675290478773e-10
421.0 1.5973675290478773e-10
422.0 1.5973675290478773e-10
423.0 1.5973675290478773e-10
424.0 1.5973675290478773e-10
425.0 1.5973675290478773e-10
426.0 1.5973675290478773e-10
427.0 1.5973675290478773e-10
428.0 1.5973675290478773e-10
429.0 1.5973675290478773e-10
430.0 1.5973675290478773e-10
431.0 1.5973675290478773e-10
432.0 1.5973675290478773e-10
433.0 0.00032747580007708166
434.0 0.0013260177183838096
435.0 0.0014841315532976296
436.0 0.0016422460248577408
437.0 0.0004964226718584541
438.0 1.5973675290478773e-10
439.0 0.0002451167347317096
440.0 0.0011396343325031921
441.0 1.5973675290478773e-10
442.0 1.5973675290478773e-10
443.0 1.5973675290478773e-10
444.0 1.5973675290478773e-10
445.0 1.5973675290478773e-10
446.0 1.5973675290478773e-10
447.0 1.5973675290478773e-10
448.0 1.5973675290478773e-10
449.0 1.5973675290478773e-10
450.0 1.5973675290478773e-10
451.0 1.5973675290478773e-10
452.0 1.5973675290478773e-10
453.0 0.0002020019792325911
454.0 0.0010374006706115324
455.0 0.0005387783403421054
456.0 4.0155794067686656e-05
457.0 1.5973675290478773e-10
458.0 1.5973675290478773e-10
459.0 1.5973675290478773e-10
460.0 1.5973675290478773e-10
461.0 1.5973675290478773e-10
462.0 1.5973675290478773e-10
463.0 1.5973675290478773e-10
464.0 0.00011544307199073955
465.0 0.00040795462155074347
466.0 0.0007004663075349526
467.0 0.0004141783847444458
468.0 0.0001278905642720929
469.0 0.00032602576993667753
470.0 0.0005241605776973302
471.0 1.5973675290478773e-10
472.0 1.5973675290478773e-10
473.0 1.5973675290478773e-10
474.0 1.5973675290478773e-10
475.0 1.5973675290478773e-10
476.0 8.498687975588837e-05
477.0 1.5973675290478773e-10
478.0 1.5973675290478773e-10
479.0 1.5973675290478773e-10
480.0 1.5973675290478773e-10
481.0 1.5973675290478773e-10
482.0 1.5973675290478773e-10
483.0 1.5973675290478773e-10
484.0 1.5973675290478773e-10
485.0 1.5973675290478773e-10
486.0 1.5973675290478773e-10
487.0 1.5973675290478773e-10
488.0 1.5973675290478773e-10
489.0 1.5973675290478773e-10
490.0 1.5973675290478773e-10
491.0 1.5973675290478773e-10
492.0 1.5973675290478773e-10
493.0 1.5973675290478773e-10
494.0 1.5973675290478773e-10
495.0 0.00025009851469803834
496.0 0.0006970240065129474
497.0 0.00033220874229300534
498.0 1.5973675290478773e-10
499.0 1.5973675290478773e-10
500.0 1.5973675290478773e-10
501.0 1.5973675290478773e-10
502.0 1.5973675290478773e-10
503.0 1.5973675290478773e-10
504.0 1.5973675290478773e-10
505.0 1.5973675290478773e-10
506.0 1.5973675290478773e-10
507.0 1.5973675290478773e-10
508.0 1.5973675290478773e-10
509.0 1.5973675290478773e-10
510.0 1.5973675290478773e-10
511.0 0.00019151598280586768
512.0 0.0009010344001580961
513.0 0.00045878177843405865
514.0 1.6529087076833093e-05
515.0 0.00029953507691971026
516.0 0.0005825412245030748
517.0 9.540261771689984e-05
518.0 1.5973675290478773e-10
519.0 1.5973675290478773e-10
520.0 1.5973675290478773e-10
521.0 0.0003030005473192432
522.0 0.0006928621132828994
523.0 0.00021775192635686835
524.0 1.5973675290478773e-10
525.0 1.5973675290478773e-10
526.0 1.5973675290478773e-10
527.0 1.5973675290478773e-10
528.0 1.5973675290478773e-10
529.0 1.5973675290478773e-10
530.0 0.00011334761893522227
531.0 8.383814247281407e-05
532.0 5.432863758869644e-05
533.0 1.5973675290478773e-10
534.0 1.5973675290478773e-10
535.0 1.5973675290478773e-10
536.0 0.00018687143210627255
537.0 1.5973675290478773e-10
538.0 1.5973675290478773e-10
539.0 1.5973675290478773e-10
540.0 1.5973675290478773e-10
541.0 1.5973675290478773e-10
542.0 1.5973675290478773e-10
543.0 1.5973675290478773e-10
544.0 1.5973675290478773e-10
545.0 1.5973675290478773e-10
546.0 1.5973675290478773e-10
547.0 8.877044592736638e-05
548.0 0.00036542428460961673
549.0 1.5973675290478773e-10
550.0 1.5973675290478773e-10
551.0 1.5973675290478773e-10
552.0 6.77283229499892e-08
553.0 1.5973675290478773e-10
554.0 1.5973675290478773e-10
555.0 1.5973675290478773e-10
556.0 1.5973675290478773e-10
557.0 1.5973675290478773e-10
558.0 1.5973675290478773e-10
559.0 1.5973675290478773e-10
560.0 0.00020137579213042045
561.0 0.00010377982562204124
562.0 6.183979905927117e-06
563.0 1.5973675290478773e-10
564.0 1.5973675290478773e-10
565.0 1.5973675290478773e-10
566.0 1.5973675290478773e-10
567.0 1.5973675290478773e-10
568.0 0.00013868617543266737
569.0 0.000202409751182131
570.0 0.0002661332700881758
571.0 0.00028291947273828555
572.0 0.0002997058572873357
573.0 0.0003906250185536919
574.0 0.00048154447540582623
575.0 0.00037777929264848353
576.0 0.0002740142917900812
577.0 0.00034329968912061304
578.0 0.0004125850864511449
579.0 0.0002654793206602335
580.0 0.00011837341844511684
581.0 0.0005345943463908043
582.0 0.0009508155017101672
583.0 0.0012789012544089928
584.0 0.0016069870980572887
585.0 0.001186063491331879
586.0 0.0007651394298591185
587.0 0.0010616965482768137
588.0 0.0013582536666945089
589.0 0.0010394879609521013
590.0 0.0007207220278360182
591.0 0.000729554585632286
592.0 0.0007383870979538187
593.0 0.0006544926691276487
594.0 0.0005705979674530681
595.0 0.0008287746823043562
596.0 0.0010869510333577637
597.0 0.0010784580808831379
598.0 0.0010699648555601016
599.0 0.00115559241748997
600.0 0.0012412197975208983
601.0 0.0015049229659780394
602.0 0.001768626316334121
603.0 0.001894733213703148
604.0 0.0020208402929711156
605.0 0.0019208580852136947
606.0 0.0018208762412541546
607.0 0.0015267871276591904
608.0 0.0012326979231147561
609.0 0.0008970630005933344
610.0 0.0005614280780719128
611.0 0.0005672695351677248
612.0 0.0005731109922635369
613.0 0.0004837572305405047
614.0 0.00039440351429220755
615.0 0.0007035285761958221
616.0 0.0010126536835741717
617.0 0.0008976498065749183
618.0 0.0007826461114746053
619.0 0.0005863497335667489
620.0 0.0003900535375578329
621.0 0.0005899174993828638
622.0 0.0007897814612078946
623.0 0.0006423246304620989
624.0 0.000494867754241568
625.0 0.000568582345294999
626.0 0.0006422970272979001
627.0 0.0006847485110483831
628.0 0.0007272000402736012
629.0 0.0007051207376207458
630.0 0.0006830415259173606
631.0 0.0012226187209307682
632.0 0.0017621956430957653
633.0 0.00164646753546549
634.0 0.0015307392459362745
635.0 0.002120899262081366
636.0 0.002711059460125398
637.0 0.0026106748919119127
638.0 0.002510289959900547
639.0 0.0022654581698589027
640.0 0.002020626197918318
641.0 0.0015764386262162589
642.0 0.0011322511454636697
643.0 0.0007823742635082453
644.0 0.00043249729060335085
645.0 0.00033062372040149057
646.0 0.0002287501047248952
647.0 0.00020863992631348083
648.0 0.00018852990706363926
649.0 0.00016952335499809124
650.0 0.00015051682566991076
651.0 0.0003515270691423211
652.0 0.0005525374945136718
653.0 0.0009909816981235053
654.0 0.0014294259017333388
655.0 0.0013689787010662258
656.0 0.0013085315003991127
657.0 0.0021726529666921124
658.0 0.0030367747967829928
659.0 0.0034388249332550913
660.0 0.003840874705929309
661.0 0.003929408921976574
662.0 0.004017943138023838
663.0 0.003417872721911408
664.0 0.0028178021239000373
665.0 0.002535122985136695
666.0 0.002252443664474413
667.0 0.0017916756405611522
668.0 0.0013309073437994812
669.0 0.0010647252565831877
670.0 0.0007985432603163645
671.0 0.0005903062174184015
672.0 0.00038206908357096836
673.0 0.0001701663222775096
674.0 1.5973675290478773e-10
675.0 0.0003811732767644571
676.0 0.0008040829925448634
677.0 0.0012291898201510776
678.0 0.0016542966477572918
679.0 0.0018451857613399625
680.0 0.002036074693023693
681.0 0.002838721775333397
682.0 0.0036413690395420417
683.0 0.004993767288397066
684.0 0.006346165901049972
685.0 0.006960942118894309
686.0 0.007575721247121692
687.0 0.007583626575069502
688.0 0.007591531903017312
689.0 0.006676459452137351
690.0 0.005761388820246793
691.0 0.004920045103062876
692.0 0.004078701385878958
693.0 0.00342042330885306
694.0 0.002762145049928222
695.0 0.0022434634956880473
696.0 0.001724782123346813
697.0 0.0013553699318435974
698.0 0.0009859575584414415
699.0 0.0008212891771108843
700.0 0.0006566206593561219
701.0 0.0004494564109336352
702.0 0.00024229229893535376
703.0 0.0004321922460803762
704.0 0.0006220923296496039
705.0 0.000610299775871681
706.0 0.0005985073130432284
707.0 0.0007204569101304514
708.0 0.0008424061888945289
709.0 0.000712686960469
710.0 0.000582967641094001
711.0 0.0007536272278230172
712.0 0.0009242868145520333
713.0 0.0007903565347078256
714.0 0.0006564263458130881
715.0 0.0006907040187797975
716.0 0.0007249816917465068
717.0 0.0006716853022226132
718.0 0.0006183888672239846
719.0 0.0005827901986776851
720.0 0.0005471914391819155
721.0 0.0006017786290613003
722.0 0.0006563658189406851
723.0 0.000471890916742268
724.0 0.000287416060018586
725.0 0.00020958923414582387
726.0 0.00013176235142964288
727.0 0.0002432862856949214
728.0 0.00035481027680361876
729.0 0.00023168888674263144
730.0 0.0001085675421563792
731.0 9.490140087109467e-05
732.0 8.123527663883578e-05
733.0 1.5973675290478773e-10
734.0 1.5973675290478773e-10
735.0 0.00022083597741584526
736.0 0.0006528867743327282
737.0 0.0004493121195991989
738.0 0.0002457373511788319
739.0 0.00039687042772129644
740.0 0.0005480035270011285
741.0 0.0007973544597916771
742.0 0.0010467055290064309
743.0 0.001275767954211915
744.0 0.0015048301975184586
745.0 0.002039391802099999
746.0 0.0025739533157320693
747.0 0.0033524171158205718
748.0 0.0041308805521111935
749.0 0.003904745608451776
750.0 0.003678610664792359
751.0 0.0037702684494433925
752.0 0.003861926234094426
753.0 0.003195792669430375
754.0 0.0025296587409684435
755.0 0.0025663857741164975
756.0 0.002603112989163492
757.0 0.0021687235857825726
758.0 0.0017343338186037727
759.0 0.0014088364878261928
760.0 0.0010833393389475532
761.0 0.0010882563401537482
762.0 0.0010931735232588835
763.0 0.0007778425242577214
764.0 0.00046251152525655925
765.0 0.0005806173703604145
766.0 0.0006987232154642697
767.0 0.0006396369826688897
768.0 0.0005805506134493044
769.0 0.0005938883077760693
770.0 0.0006072258656786289
771.0 0.00043180953070987016
772.0 0.00025639310479164124
773.0 0.000311030794364342
774.0 0.0003656684384623077
775.0 0.00037696036088163964
776.0 0.0003882522378262365
777.0 0.0005189719104237156
778.0 0.0006496913556475192
779.0 0.0007654816727153957
780.0 0.0008812718078843318
781.0 0.0008887371222954243
782.0 0.0008962025276559871
783.0 0.0008294551662402228
784.0 0.0007627078502991935
785.0 0.0010123472748091444
786.0 0.00126198656289489
787.0 0.001083044753613649
788.0 0.0009041026714839973
789.0 0.0008789394087216351
790.0 0.000853776145959273
791.0 0.0008155987416103017
792.0 0.00077742115536239
793.0 0.0004193660515738884
794.0 6.131087957328418e-05
795.0 0.00013431234719973872
796.0 0.00020731374661409063
797.0 0.0003593105930121965
798.0 0.000511307507622405
799.0 0.00022187152808328392
800.0 1.5973675290478773e-10
801.0 1.5973675290478773e-10
802.0 1.5973675290478773e-10
803.0 1.5973675290478773e-10
804.0 7.526847980443563e-05
805.0 1.5973675290478773e-10
806.0 1.5973675290478773e-10
807.0 1.5973675290478773e-10
808.0 1.5973675290478773e-10
809.0 0.00019575606984290062
810.0 0.0006655555353063392
811.0 0.00013128773161952267
812.0 1.5973675290478773e-10
813.0 6.366072966557113e-05
814.0 0.0005303014404489659
815.0 0.0005224706001172308
816.0 0.0005146395778865553
817.0 0.00043959948925476056
818.0 0.0003645594233603333
819.0 0.0002832556219800608
820.0 0.00020195193428662606
821.0 1.5973675290478773e-10
822.0 1.5973675290478773e-10
823.0 1.5973675290478773e-10
824.0 0.00012204139920868329
825.0 1.5973675290478773e-10
826.0 1.5973675290478773e-10
827.0 1.5973675290478773e-10
828.0 0.0003038931026821956
829.0 0.000179759445018135
830.0 5.562614546761324e-05
831.0 1.5973675290478773e-10
832.0 1.5973675290478773e-10
833.0 1.5973675290478773e-10
834.0 1.5973675290478773e-10
835.0 1.5973675290478773e-10
836.0 1.5973675290478773e-10
837.0 1.5973675290478773e-10
838.0 1.5973675290478773e-10
839.0 1.5973675290478773e-10
840.0 1.5973675290478773e-10
841.0 1.5973675290478773e-10
842.0 4.7734357622175594e-05
843.0 2.7882833819603547e-05
844.0 8.031254594698112e-06
845.0 1.5973675290478773e-10
846.0 1.5973675290478773e-10
847.0 1.5973675290478773e-10
848.0 1.5973675290478773e-10
849.0 9.364576953885262e-05
850.0 0.0002071223889288376
851.0 0.00028647079943766585
852.0 0.0003658192781585967
853.0 0.00016564769111937494
854.0 1.5973675290478773e-10
855.0 1.5973675290478773e-10
856.0 1.5973675290478773e-10
857.0 0.0001843281779656536
858.0 0.0005229851012700237
859.0 0.0006114199550211197
860.0 0.0006998548087722156
861.0 0.0007793136319378391
862.0 0.0008587724551034626
863.0 0.0008365974281332456
864.0 0.000814422128314618
865.0 0.0013574876902566757
866.0 0.001900553070299793
867.0 0.0017687450963421725
868.0 0.0016369374861824326
869.0 0.0014361675312102307
870.0 0.0012353975762380287
871.0 0.0014360268323798664
872.0 0.0016366559066227637
873.0 0.001881762727862224
874.0 0.0021268695491016842
