lsstCam/transmission_filter_detector/r02_s12/u_24/19700101T000000.ecsv
# %ECSV 1.0
# ---
# datatype:
# - {name: wavelength, unit: nm, datatype: float32}
# - {name: efficiency, unit: '%', datatype: float64}
# meta: !!omap
# - {MODE: DETECTOR}
# - {TYPE: transmission_filter_detector}
# - {CALIBDATE: '1970-01-01T00:00:00'}
# - {INSTRUME: LSSTCam}
# - {OBSTYPE: transmission_filter_detector}
# - {CALIBCLS: lsst.ip.isr.IntermediateFilterDetectorTransmissionCurve}
# - {SOURCE: Materion (DM-46256)}
# - {DETECTOR: 14}
# - {FILTER: u_24}
# - {CALIB_ID: 'calibDate=1970-01-01T00:00:00 filter=u_24 detector=14'}
# - {DATE: '2025-04-02T15:59:39.811254'}
# - {CALIB_CREATION_DATE: '2025-04-02'}
# - {CALIB_CREATION_TIME: '15:59:39'}
# - __serialized_columns__:
#     efficiency:
#       __class__: astropy.units.quantity.Quantity
#       unit: !astropy.units.Unit {unit: '%'}
#       value: !astropy.table.SerializedColumn {name: efficiency}
#     wavelength:
#       __class__: astropy.units.quantity.Quantity
#       unit: !astropy.units.Unit {unit: nm}
#       value: !astropy.table.SerializedColumn {name: wavelength}
# schema: astropy-2.0
wavelength efficiency
[from data line 582]
877.0 0.0024463799491059035
878.0 0.0026875093681155704
879.0 0.002754578599706292
880.0 0.0028216480131959543
881.0 0.0030500341381412
882.0 0.0032784206268843263
883.0 0.003124601789750159
884.0 0.002970782770717051
885.0 0.0028898046366521157
886.0 0.0028088268663850613
887.0 0.00251477522397181
888.0 0.00222072394535644
889.0 0.0020777904865099117
890.0 0.001934857209562324
891.0 0.0021953332179691643
892.0 0.0024558092263760045
893.0 0.002329461494809948
894.0 0.00220311303564813
895.0 0.0027774247428169474
896.0 0.003351736086187884
897.0 0.003693320832098834
898.0 0.004034905578009784
899.0 0.00440565672761295
900.0 0.004776407877216116
901.0 0.004449411426321603
902.0 0.0041224157030228525
903.0 0.004446474849828519
904.0 0.004770534360432066
905.0 0.00491319915454369
906.0 0.005055863948655315
907.0 0.005585721737588756
908.0 0.0061155798903200775
909.0 0.006094033597037196
910.0 0.006072487303754315
911.0 0.006097025107010268
912.0 0.006121563637861982
913.0 0.006026632036082447
914.0 0.0059317000705050305
915.0 0.005255847645457834
916.0 0.004579995948006399
917.0 0.004209507824270986
918.0 0.0038390200643334538
919.0 0.004056143734487705
920.0 0.004273267040844075
921.0 0.00449387553089764
922.0 0.004714484020951204
923.0 0.005641773532261141
924.0 0.006569061224581674
925.0 0.0068259039835538715
926.0 0.007082747470121831
927.0 0.007590025052195415
928.0 0.008097298996290192
929.0 0.007864201324991882
930.0 0.007631103653693572
931.0 0.0071693400968797505
932.0 0.006707574357278645
933.0 0.006570891855517402
934.0 0.006434208626160398
935.0 0.0066046559368260205
936.0 0.006775103247491643
937.0 0.007161806570366025
938.0 0.007548512803623453
939.0 0.007368416845565662
940.0 0.007188320887507871
941.0 0.006363769352901727
942.0 0.00553921599930618
943.0 0.004443928264663555
944.0 0.003348640166223049
945.0 0.0026119352696696296
946.0 0.00187523037311621
947.0 0.001766267087077722
948.0 0.0016573039829381742
949.0 0.0015070710105646867
950.0 0.0013568379472417291
951.0 0.0013791782293992583
952.0 0.0014015184206073172
953.0 0.0016505335224792361
954.0 0.0018995488062500954
955.0 0.002348539601371158
956.0 0.00279753021459328
957.0 0.002889104507630691
958.0 0.0029806777092744596
959.0 0.00314220815198496
960.0 0.003303738048998639
961.0 0.003807594839599915
962.0 0.004311451993999071
963.0 0.004366251960163936
964.0 0.004421051926328801
965.0 0.0045323948143050075
966.0 0.004643737702281214
967.0 0.004741376687888987
968.0 0.004839016401092522
969.0 0.0047144709242274985
970.0 0.004589925447362475
971.0 0.0048228801460936666
972.0 0.005055834481026977
973.0 0.004893617006018758
974.0 0.004731398803414777
975.0 0.004509801510721445
976.0 0.004288203490432352
977.0 0.003907551945303567
978.0 0.003526900036376901
979.0 0.0033145915949717164
980.0 0.003102282789768651
981.0 0.0029783934223814867
982.0 0.0028545036911964417
983.0 0.003073928746744059
984.0 0.003293353074695915
985.0 0.0034730102925095707
986.0 0.003652668237918988
987.0 0.004053922384628095
988.0 0.004455176531337202
989.0 0.005529279951588251
990.0 0.006603382644243538
991.0 0.006632840813836083
992.0 0.006662298983428627
993.0 0.007115527841961011
994.0 0.007568756700493395
995.0 0.0074695075454656035
996.0 0.0073702547524590045
997.0 0.00694216214469634
998.0 0.0065140731749124825
999.0 0.006477061106124893
1000.0 0.006440050492528826
1001.0 0.006062985630705953
1002.0 0.005685920768883079
1003.0 0.004886942042503506
1004.0 0.004087963316123933
1005.0 0.004515893670031801
1006.0 0.004943823296343908
1007.0 0.004923332744510844
1008.0 0.004902839646092616
1009.0 0.00424247955379542
1010.0 0.0035821201890939847
1011.0 0.003415025639696978
1012.0 0.003247931454097852
1013.0 0.002993454836541787
1014.0 0.0027389782189857215
1015.0 0.002263773239974398
1016.0 0.0017885684428620152
1017.0 0.0016539101125090383
1018.0 0.001519251600257121
1019.0 0.0015489749785047024
1020.0 0.0015786978110554628
1021.0 0.0012343955859250855
1022.0 0.0008900935426936485
1023.0 0.0010838005437108222
1024.0 0.0012775077266269363
1025.0 0.001230061116075376
1026.0 0.001182614687422756
1027.0 0.0009869469977275003
1028.0 0.0007912791261333041
1029.0 0.0007613437901454745
1030.0 0.0007314087724807905
1031.0 0.0016079409761005081
1032.0 0.002484473225194961
1033.0 0.00221229038288584
1034.0 0.0019401075405767187
1035.0 0.002256480001960881
1036.0 0.002572852281446103
1037.0 0.002935599513875786
1038.0 0.003298346564406529
1039.0 0.002913879325205926
1040.0 0.0025294124498032033
1041.0 0.001901166615425609
1042.0 0.0012729212357953656
1043.0 0.0012669521311181597
1044.0 0.0012609834811883047
1045.0 0.0015900710423011333
1046.0 0.0019191589672118425
1047.0 0.0024318520445376635
1048.0 0.0029445451218634844
1049.0 0.0019315475583425723
1050.0 0.000918549358175369
1051.0 0.0011138358786411118
1052.0 0.0013091219443595037
1053.0 0.0008331392564286944
1054.0 0.0003571563411242096
1055.0 0.00030343303478730377
1056.0 0.0002497101149856462
1057.0 0.0012307457836868707
1058.0 0.002211781065852847
1059.0 0.001328238158748718
1060.0 0.0004446953425940592
1061.0 0.0015947282008710317
1062.0 0.0027447607862995937
1063.0 0.0020792334908037446
1064.0 0.0014137057405605447
1065.0 0.0014513767382595688
1066.0 0.0014890480088070035
1067.0 0.0008921169865061529
1068.0 0.0002951851911348058
1069.0 0.0012890496691397857
1070.0 0.00228291391977109
1071.0 0.0008329906449944247
1072.0 1.6359115668010404e-10
1073.0 0.0005494731794897234
1074.0 0.0017158785340143368
1075.0 0.00321694060403388
1076.0 0.004718002310255542
1077.0 0.004985371924703941
1078.0 0.00525274190295022
1079.0 0.006384882726706564
1080.0 0.007517021003877744
1081.0 0.006079463128116913
1082.0 0.0046419048885582015
1083.0 0.003809631016338244
1084.0 0.002977359326905571
1085.0 0.0032994208595482633
1086.0 0.003621481664595194
1087.0 0.003749746610992588
1088.0 0.0038780111935921013
1089.0 0.00547175295650959
1090.0 0.00706549544702284
1091.0 0.0041596587834646925
1092.0 0.0012538221199065447
1093.0 0.0003979949269705685
1094.0 1.6359115668010404e-10
1095.0 1.6359115668010404e-10
1096.0 1.6359115668010404e-10
1097.0 0.0003822955932264449
1098.0 0.0008271009392046835
1099.0 0.0018766091670840979
1100.0 0.002926117304014042
