lsstCam/transmission_filter_detector/r02_s12/u_24/19700101T000000.ecsv
# %ECSV 1.0
# ---
# datatype:
# - {name: wavelength, unit: nm, datatype: float32}
# - {name: efficiency, unit: '%', datatype: float64}
# meta: !!omap
# - {MODE: DETECTOR}
# - {TYPE: transmission_filter_detector}
# - {CALIBDATE: '1970-01-01T00:00:00'}
# - {INSTRUME: LSSTCam}
# - {OBSTYPE: transmission_filter_detector}
# - {CALIBCLS: lsst.ip.isr.IntermediateFilterDetectorTransmissionCurve}
# - {SOURCE: Materion (DM-46256)}
# - {DETECTOR: 14}
# - {FILTER: u_24}
# - {CALIB_ID: 'calibDate=1970-01-01T00:00:00 filter=u_24 detector=14'}
# - {DATE: '2025-04-02T15:59:39.811254'}
# - {CALIB_CREATION_DATE: '2025-04-02'}
# - {CALIB_CREATION_TIME: '15:59:39'}
# - __serialized_columns__:
#     efficiency:
#       __class__: astropy.units.quantity.Quantity
#       unit: !astropy.units.Unit {unit: '%'}
#       value: !astropy.table.SerializedColumn {name: efficiency}
#     wavelength:
#       __class__: astropy.units.quantity.Quantity
#       unit: !astropy.units.Unit {unit: nm}
#       value: !astropy.table.SerializedColumn {name: wavelength}
# schema: astropy-2.0
wavelength efficiency
295.0 1.6359115668010404e-10
296.0 1.6359115668010404e-10
297.0 1.6359115668010404e-10
298.0 1.6359115668010404e-10
299.0 1.6359115668010404e-10
300.0 1.6359115668010404e-10
301.0 1.6359115668010404e-10
302.0 1.6359115668010404e-10
303.0 1.6359115668010404e-10
304.0 0.04123375692870468
305.0 1.0559283196926117
306.0 2.3585524410009384
307.0 4.164504259824753
308.0 6.695587188005447
309.0 9.90075096487999
310.0 13.61745148897171
311.0 17.459705471992493
312.0 21.29790484905243
313.0 24.179871380329132
314.0 27.150657773017883
315.0 29.54193353652954
316.0 31.884008646011353
317.0 34.54710245132446
318.0 37.90786564350128
319.0 42.23834276199341
320.0 48.08136224746704
321.0 53.79936695098877
322.0 59.638434648513794
323.0 64.83966708183289
324.0 68.73710751533508
325.0 71.52466773986816
326.0 73.66612553596497
327.0 75.65823793411255
328.0 77.29284763336182
329.0 78.67750525474548
330.0 79.78007793426514
331.0 80.21995425224304
332.0 80.41815161705017
333.0 80.58383464813232
334.0 80.50568103790283
335.0 80.77623248100281
336.0 81.16793036460876
337.0 81.68032169342041
338.0 82.64262676239014
339.0 83.12745094299316
340.0 83.51296782493591
341.0 84.00747776031494
342.0 84.28754806518555
343.0 84.2737078666687
344.0 84.42444205284119
345.0 84.96487140655518
346.0 85.25535464286804
347.0 85.60078144073486
348.0 85.85902452468872
349.0 86.07288002967834
350.0 86.04994416236877
351.0 86.32898330688477
352.0 86.12505197525024
353.0 86.11664772033691
354.0 86.13330721855164
355.0 86.32119297981262
356.0 86.42647862434387
357.0 86.32689714431763
358.0 85.96530556678772
359.0 85.77848076820374
360.0 85.54146885871887
361.0 85.27381420135498
362.0 85.14318466186523
363.0 85.28819680213928
364.0 85.36052703857422
365.0 85.7168197631836
366.0 86.01233959197998
367.0 86.13471984863281
368.0 86.21791005134583
369.0 86.32423281669617
370.0 86.16642951965332
371.0 86.03169918060303
372.0 86.08204126358032
373.0 86.23706102371216
374.0 86.27521991729736
375.0 86.54520511627197
376.0 86.73487901687622
377.0 86.83016896247864
378.0 86.84759140014648
379.0 86.48887276649475
380.0 85.5985939502716
381.0 84.1816246509552
382.0 82.22400546073914
383.0 80.26033639907837
384.0 78.150874376297
385.0 75.75129270553589
386.0 72.9941189289093
387.0 69.54570412635803
388.0 65.89680314064026
389.0 61.584168672561646
390.0 57.365745306015015
391.0 53.08051109313965
392.0 48.777130246162415
393.0 45.13588845729828
394.0 41.778674721717834
395.0 37.87843883037567
396.0 33.54548215866089
397.0 27.691078186035156
398.0 21.153193712234497
399.0 14.252850413322449
400.0 8.368482440710068
401.0 4.169723391532898
402.0 1.544438861310482
403.0 0.5021488759666681
404.0 0.19108870765194297
405.0 0.06923212786205113
406.0 0.035179671249352396
407.0 0.019472994608804584
408.0 1.6359115668010404e-10
409.0 1.6359115668010404e-10
410.0 1.6359115668010404e-10
411.0 1.6359115668010404e-10
412.0 1.6359115668010404e-10
413.0 1.6359115668010404e-10
414.0 1.6359115668010404e-10
415.0 1.6359115668010404e-10
416.0 1.6359115668010404e-10
417.0 1.6359115668010404e-10
418.0 1.6359115668010404e-10
419.0 1.6359115668010404e-10
420.0 1.6359115668010404e-10
421.0 1.6359115668010404e-10
422.0 1.6359115668010404e-10
423.0 1.6359115668010404e-10
424.0 1.6359115668010404e-10
425.0 1.6359115668010404e-10
426.0 1.6359115668010404e-10
427.0 1.6359115668010404e-10
428.0 0.0003412536671021371
429.0 0.0017136828319053166
430.0 0.0030861116101732478
431.0 0.0004678864115703618
432.0 1.6359115668010404e-10
433.0 1.6359115668010404e-10
434.0 0.0006550792932102922
435.0 0.00041256848817283753
436.0 0.0001700583538877254
437.0 1.6359115668010404e-10
438.0 1.6359115668010404e-10
439.0 0.000996672133624088
440.0 0.0023479962692363188
441.0 1.6359115668010404e-10
442.0 1.6359115668010404e-10
443.0 1.6359115668010404e-10
444.0 1.6359115668010404e-10
445.0 1.6359115668010404e-10
446.0 0.00010644095027600997
447.0 1.6359115668010404e-10
448.0 1.6359115668010404e-10
449.0 0.0007846689186408184
450.0 0.0019551369405235164
451.0 0.0005779983894171892
452.0 1.6359115668010404e-10
453.0 1.6359115668010404e-10
454.0 1.6359115668010404e-10
455.0 1.6359115668010404e-10
456.0 1.6359115668010404e-10
457.0 1.6359115668010404e-10
458.0 1.6359115668010404e-10
459.0 1.6359115668010404e-10
460.0 1.6359115668010404e-10
461.0 1.6359115668010404e-10
462.0 1.6359115668010404e-10
463.0 1.6359115668010404e-10
464.0 1.6359115668010404e-10
465.0 1.6359115668010404e-10
466.0 0.0005752371180278715
467.0 0.0007230011760839261
468.0 0.0008707653250894509
469.0 0.0005482579581439495
470.0 0.00022575052298634546
471.0 1.6359115668010404e-10
472.0 1.6359115668010404e-10
473.0 1.6359115668010404e-10
474.0 1.6359115668010404e-10
475.0 1.6359115668010404e-10
476.0 0.0005998427241138415
477.0 0.0006574567123607267
478.0 0.0007150710189307574
479.0 1.6359115668010404e-10
480.0 1.6359115668010404e-10
481.0 1.6359115668010404e-10
482.0 1.6359115668010404e-10
483.0 1.6359115668010404e-10
484.0 1.6359115668010404e-10
485.0 1.6359115668010404e-10
486.0 1.6359115668010404e-10
487.0 1.6359115668010404e-10
488.0 1.6359115668010404e-10
489.0 1.6359115668010404e-10
490.0 1.6359115668010404e-10
491.0 1.6359115668010404e-10
492.0 1.6359115668010404e-10
493.0 1.6359115668010404e-10
494.0 1.6359115668010404e-10
495.0 0.0003540115812938893
496.0 0.0009956911526387557
497.0 0.0005255947144178208
498.0 5.549800903281721e-05
499.0 0.00011464015869933064
500.0 0.00017378253005517763
501.0 0.0001350592469862022
502.0 9.63360321293294e-05
503.0 1.6359115668010404e-10
504.0 1.6359115668010404e-10
505.0 1.6359115668010404e-10
506.0 1.6359115668010404e-10
507.0 1.6359115668010404e-10
508.0 4.772537565145285e-06
509.0 0.00010875163525270182
510.0 0.00021273087895679055
511.0 0.0004640037332137581
512.0 0.000715276519258623
513.0 0.00045537290134234354
514.0 0.00019546903331502108
515.0 0.0003485285787974135
516.0 0.0005015881924919086
517.0 2.9505649479233398e-06
518.0 1.6359115668010404e-10
519.0 1.6359115668010404e-10
520.0 0.0003953329269279493
521.0 0.000259342937170004
522.0 0.00012335264045759686
523.0 1.6359115668010404e-10
524.0 1.6359115668010404e-10
525.0 1.6359115668010404e-10
526.0 1.6359115668010404e-10
527.0 1.6359115668010404e-10
528.0 1.6359115668010404e-10
529.0 1.6359115668010404e-10
530.0 1.6359115668010404e-10
531.0 0.00033671162782411557
532.0 0.0008561996764910873
533.0 0.0002724193564063171
534.0 1.6359115668010404e-10
535.0 1.6359115668010404e-10
536.0 1.6359115668010404e-10
537.0 1.6359115668010404e-10
538.0 3.214346406821278e-05
539.0 1.6359115668010404e-10
540.0 1.6359115668010404e-10
541.0 1.6359115668010404e-10
542.0 1.6359115668010404e-10
543.0 1.6359115668010404e-10
544.0 1.6359115668010404e-10
545.0 1.6359115668010404e-10
546.0 1.6359115668010404e-10
547.0 1.6359115668010404e-10
548.0 0.00023882403183961287
549.0 1.6359115668010404e-10
550.0 1.6359115668010404e-10
551.0 1.6359115668010404e-10
552.0 1.6359115668010404e-10
553.0 1.6359115668010404e-10
554.0 1.6359115668010404e-10
555.0 1.6359115668010404e-10
556.0 1.6359115668010404e-10
557.0 1.6359115668010404e-10
558.0 1.6359115668010404e-10
559.0 1.6359115668010404e-10
560.0 0.0002761442829068983
561.0 7.93528784015507e-05
562.0 1.6359115668010404e-10
563.0 1.6359115668010404e-10
564.0 1.6359115668010404e-10
565.0 1.6359115668010404e-10
566.0 1.6359115668010404e-10
567.0 1.6359115668010404e-10
568.0 1.6359115668010404e-10
569.0 7.139801283528868e-06
570.0 0.0002818953589667217
571.0 0.0004284343958715908
572.0 0.0005749735919380328
573.0 0.0004713899670605315
574.0 0.000367806751455646
575.0 1.762757904089085e-05
576.0 1.6359115668010404e-10
577.0 1.6359115668010404e-10
578.0 2.0757951801897434e-05
579.0 0.0003565128963600728
580.0 0.0006922677584952908
581.0 0.0009810321898839902
582.0 0.0012697966667474248
583.0 0.0016148582290043123
584.0 0.00195991997316014
585.0 0.0014890024431224447
586.0 0.001018084367387928
587.0 0.0009312911970482673
588.0 0.0008444979357591365
589.0 0.000730536930859671
590.0 0.00061657569858653
591.0 0.0009062392564374022
592.0 0.0011959026778640691
593.0 0.0008645964044262655
594.0 0.0005332898126653163
595.0 0.0006870764991617762
596.0 0.0008408628673350904
597.0 0.0008615465048933402
598.0 0.0008822299605526496
599.0 0.0015429282939294353
600.0 0.0022036263544578105
601.0 0.0025910123440553434
602.0 0.0029783985155518167
603.0 0.0024669277991051786
604.0 0.001955457264557481
605.0 0.0015449753846041858
606.0 0.0011344938684487715
607.0 0.0010702735380618833
608.0 0.001006053207674995
609.0 0.0007041258868412115
610.0 0.0004021985205326928
611.0 0.000567022379982518
612.0 0.0007318462849070784
613.0 0.0006895284514030209
614.0 0.0006472106633736985
615.0 0.0007939975148474332
616.0 0.0009407843208464328
617.0 0.000824647577246651
618.0 0.0007085109245963395
619.0 0.0004219928086968139
620.0 0.0001354748178528098
621.0 0.0004140036253375001
622.0 0.0006925323305040365
623.0 0.0006740051503584255
624.0 0.0006554779247380793
625.0 0.0007465537237294484
626.0 0.0008376294317713473
627.0 0.0009862003935268149
628.0 0.0011347713552822825
629.0 0.001122386038332479
630.0 0.0011100011761300266
631.0 0.0016100279026431963
632.0 0.0021100544472574256
633.0 0.002200985727540683
634.0 0.0022919171897228807
635.0 0.0025460476535954513
636.0 0.002800177753670141
637.0 0.002496239721949678
638.0 0.002192301326431334
639.0 0.0014979289517214056
640.0 0.0008035561222641263
641.0 0.0008677047844685148
642.0 0.000931853264773963
643.0 0.000615978569840081
644.0 0.00030010376121936133
645.0 0.0003081229579038336
646.0 0.00031614210911357077
647.0 0.0002057237225017161
648.0 9.530551210445992e-05
649.0 0.00019869271454808768
650.0 0.0003020799795194762
651.0 0.0006352009677357273
652.0 0.0009683219104772434
653.0 0.0012753948794852477
654.0 0.0015824676665943116
655.0 0.0017339536498184316
656.0 0.0018854392692446709
657.0 0.0028812488380935974
658.0 0.0038770587707404047
659.0 0.004141833778703585
660.0 0.004406608422868885
661.0 0.004318709397921339
662.0 0.004230810372973792
663.0 0.003097255466855131
664.0 0.00196370056073647
665.0 0.0016147194401128218
666.0 0.0012657381375902332
667.0 0.001330095710727619
668.0 0.0013944531019660644
669.0 0.0007321708835661411
670.0 6.988875043134612e-05
671.0 0.0003073688731092261
672.0 0.000544848853678559
673.0 0.0005440897439257242
674.0 0.0005433306341728894
675.0 0.0008546782737539615
676.0 0.0011660256859613582
677.0 0.0019319451894261874
678.0 0.0026978652385878377
679.0 0.002572320408944506
680.0 0.0024467755793011747
681.0 0.003383456714800559
682.0 0.004320138032198884
683.0 0.006157953612273559
684.0 0.007995770283741876
685.0 0.008852251630742103
686.0 0.009708735888125375
687.0 0.008536025416105986
688.0 0.007363316399278119
689.0 0.005833044633618556
690.0 0.004302772867958993
691.0 0.0038116922951303422
692.0 0.0033206117223016918
693.0 0.003036452835658565
694.0 0.0027522943128133193
695.0 0.002431912434985861
696.0 0.002111531102855224
697.0 0.0015310073649743572
698.0 0.0009504838089924306
699.0 0.000593194090470206
700.0 0.00023590432647324633
701.0 0.00032955247206700733
702.0 0.0004232006631355034
703.0 0.0007353439741564216
704.0 0.0010474875125510152
705.0 0.001108375727199018
706.0 0.0011692643965943716
707.0 0.0010324066352040973
708.0 0.0008955485100159422
709.0 0.0007542071216448676
710.0 0.0006128656423243228
711.0 0.0006635177669522818
712.0 0.0007141698915802408
713.0 0.0007654757609998342
714.0 0.0008167816304194275
715.0 0.0007938267117424402
716.0 0.000770871793065453
717.0 0.0006519564067275496
718.0 0.0005330410203896463
719.0 0.0004813548457605066
720.0 0.00042966867113136686
721.0 0.0004171718501311261
722.0 0.0004046750291308854
723.0 0.000454897599411197
724.0 0.0005051201242167735
725.0 0.00040461109165335074
726.0 0.0003041019454030902
727.0 0.00042486035454203375
728.0 0.0005456187864183448
729.0 0.00031711267638456775
730.0 8.860664024723519e-05
731.0 6.833186034782557e-05
732.0 4.805711455446726e-05
733.0 5.020638695896196e-05
734.0 5.235568778516608e-05
735.0 0.00031808945095690433
736.0 0.0005838232482346939
737.0 0.0007063431439746637
738.0 0.0008288629942398984
739.0 0.0006666852641501464
740.0 0.0005045074431109242
741.0 0.0010694068805605639
742.0 0.0016343061361112632
743.0 0.0021862226276425645
744.0 0.0027381389372749254
745.0 0.003506912980810739
746.0 0.004275686296750791
747.0 0.004782096220878884
748.0 0.005288505781209096
749.0 0.004467409962671809
750.0 0.0036463152355281636
751.0 0.0032124818972079083
752.0 0.002778649104584474
753.0 0.0023165555830928497
754.0 0.0018544620616012253
755.0 0.0022210360839380883
756.0 0.002587610470072832
757.0 0.00213814801099943
758.0 0.0016886853700270876
759.0 0.0013652807865582872
760.0 0.0010418762030894868
761.0 0.0011877300494234078
762.0 0.001333583986706799
763.0 0.0011062641533499118
764.0 0.0008789441380940843
765.0 0.0008049420102906879
766.0 0.0007309400189114967
767.0 0.0005563930244534276
768.0 0.00038184593904588837
769.0 0.0005823932951898314
770.0 0.000782940423960099
771.0 0.0005021433025831357
772.0 0.00022134597656986443
773.0 0.00024327744085894665
774.0 0.00026520883693592623
775.0 0.00036203439321980113
776.0 0.00045885994950367603
777.0 0.0005089582373329904
778.0 0.0005590563432633644
779.0 0.0008189967047655955
780.0 0.0010789371117425617
781.0 0.0010518070666876156
782.0 0.0010246772035316098
783.0 0.0010103399290528614
784.0 0.0009960022907762323
785.0 0.0011243935659877025
786.0 0.001252784477401292
787.0 0.0010522779120947234
788.0 0.0008517713467881549
789.0 0.0008943097782321274
790.0 0.0009368479368276894
791.0 0.0008780228199611884
792.0 0.0008191976121452171
793.0 0.00025329707113996847
794.0 1.6359115668010404e-10
795.0 1.6359115668010404e-10
796.0 9.741906978888437e-05
797.0 0.00030920089102437487
798.0 0.0005209827122598654
799.0 0.00021038570139353396
800.0 1.6359115668010404e-10
801.0 1.6359115668010404e-10
802.0 1.6359115668010404e-10
803.0 1.6359115668010404e-10
804.0 1.6359115668010404e-10
805.0 1.6359115668010404e-10
806.0 1.6359115668010404e-10
807.0 1.6359115668010404e-10
808.0 1.6359115668010404e-10
809.0 2.535271050874144e-05
810.0 0.00021398566332209157
811.0 0.000170254122622282
812.0 0.00012652259329115623
813.0 0.0003696574594869162
814.0 0.0006127923370513599
815.0 0.0005031636646890547
816.0 0.0003935349923267495
817.0 0.0004013489160570316
818.0 0.0004091627943125786
819.0 0.0002904923576352303
820.0 0.0001718219436952495
821.0 1.6359115668010404e-10
822.0 1.6359115668010404e-10
823.0 1.6359115668010404e-10
824.0 0.0002513289928174345
825.0 6.386096060850832e-05
826.0 1.6359115668010404e-10
827.0 0.0001174223143607378
828.0 0.00035845187085215
829.0 0.00042470492189750075
830.0 0.0004909584276902024
831.0 9.039911930130984e-06
832.0 1.6359115668010404e-10
833.0 1.6359115668010404e-10
834.0 1.6359115668010404e-10
835.0 1.6359115668010404e-10
836.0 0.00010257202802677057
837.0 1.6359115668010404e-10
838.0 1.6359115668010404e-10
839.0 1.6359115668010404e-10
840.0 1.6359115668010404e-10
841.0 1.6359115668010404e-10
842.0 5.300836392052588e-05
843.0 1.6359115668010404e-10
844.0 1.6359115668010404e-10
845.0 1.6359115668010404e-10
846.0 7.186663992797548e-05
847.0 0.0002769565071503166
848.0 0.00048204633458226454
849.0 0.0004760636329592671
850.0 0.0004700808858615346
851.0 0.0003328216280351626
852.0 0.0001955624611582607
853.0 0.0003246269898227183
854.0 0.000453691563961911
855.0 0.0005253446033748332
856.0 0.0005969976427877555
857.0 0.000634321531833848
858.0 0.0006716456027788809
859.0 0.000955552877712762
860.0 0.001239460107171908
861.0 0.0009844467058428563
862.0 0.0007294332135643344
863.0 0.0008765629900153726
864.0 0.0010236925845674705
865.0 0.0016245227016042918
866.0 0.0022253523638937622
867.0 0.002061179475276731
868.0 0.00189700676855864
869.0 0.0019065686501562595
870.0 0.001916129986057058
871.0 0.0017845688489614986
872.0 0.0016530075299669988
873.0 0.0017438855138607323
874.0 0.0018347634977544658
875.0 0.002020007013925351
