lsstCam/transmission_filter_detector/r34_s20/g_6/19700101T000000.ecsv
# %ECSV 1.0
# ---
# datatype:
# - {name: wavelength, unit: nm, datatype: float32}
# - {name: efficiency, unit: '%', datatype: float64}
# meta: !!omap
# - {MODE: DETECTOR}
# - {TYPE: transmission_filter_detector}
# - {CALIBDATE: '1970-01-01T00:00:00'}
# - {INSTRUME: LSSTCam}
# - {OBSTYPE: transmission_filter_detector}
# - {CALIBCLS: lsst.ip.isr.IntermediateFilterDetectorTransmissionCurve}
# - {SOURCE: Materion (DM-46256)}
# - {DETECTOR: 159}
# - {FILTER: g_6}
# - {CALIB_ID: 'calibDate=1970-01-01T00:00:00 filter=g_6 detector=159'}
# - {DATE: '2025-04-02T15:59:42.763343'}
# - {CALIB_CREATION_DATE: '2025-04-02'}
# - {CALIB_CREATION_TIME: '15:59:42'}
# - __serialized_columns__:
#     efficiency:
#       __class__: astropy.units.quantity.Quantity
#       unit: !astropy.units.Unit {unit: '%'}
#       value: !astropy.table.SerializedColumn {name: efficiency}
#     wavelength:
#       __class__: astropy.units.quantity.Quantity
#       unit: !astropy.units.Unit {unit: nm}
#       value: !astropy.table.SerializedColumn {name: wavelength}
# schema: astropy-2.0
wavelength efficiency
300.0 0.3478095633909106
301.0 0.30183366034179926
302.0 0.2558577340096235
303.0 0.23987444583326578
304.0 0.2238911809399724
305.0 0.22051648702472448
306.0 0.21714179310947657
307.0 0.20889216102659702
308.0 0.20064250566065311
309.0 0.19489361438900232
310.0 0.18914471147581935
311.0 0.19059478072449565
312.0 0.19204482669010758
313.0 0.18824959406629205
314.0 0.1844543730840087
315.0 0.18069345969706774
316.0 0.17693255795165896
317.0 0.17267459770664573
318.0 0.1684166374616325
319.0 0.15805572038516402
320.0 0.14769480330869555
321.0 0.13788907090201974
322.0 0.1280833501368761
323.0 0.11519574327394366
324.0 0.10230812476947904
325.0 0.09165048249997199
326.0 0.08099283440969884
327.0 0.07403224590234458
328.0 0.06707166321575642
329.0 0.06351187475956976
330.0 0.05995208630338311
331.0 0.05448180600069463
332.0 0.04901152569800615
333.0 0.04693617520388216
334.0 0.044860830530524254
335.0 0.04315696423873305
336.0 0.0414531008573249
337.0 0.041028528357855976
338.0 0.04060395585838705
339.0 0.03967421071138233
340.0 0.03874446265399456
341.0 0.037308369064703584
342.0 0.03587227547541261
343.0 0.03262991376686841
344.0 0.029387552058324218
345.0 0.02607381611596793
346.0 0.022760083083994687
347.0 0.02083313011098653
348.0 0.01890618004836142
349.0 0.017547533207107335
350.0 0.6686159409582615
351.0 0.9415820240974426
352.0 0.7576557341963053
353.0 1.023823767900467
354.0 0.586809404194355
355.0 0.8873553015291691
356.0 0.8001431822776794
357.0 0.8999730460345745
358.0 0.5885621067136526
359.0 0.8116113021969795
360.0 0.5306780803948641
361.0 0.7509937509894371
362.0 0.6415818352252245
363.0 0.7247008383274078
364.0 0.4838845692574978
365.0 0.8096519857645035
366.0 0.5056807771325111
367.0 0.6956586614251137
368.0 0.4306310322135687
369.0 0.6076458375900984
370.0 0.3383382223546505
371.0 0.5839962046593428
372.0 0.42894231155514717
373.0 0.5559715442359447
374.0 0.37266260478645563
375.0 0.6488838698714972
376.0 0.32751699909567833
377.0 0.5668843165040016
378.0 0.4378468729555607
379.0 0.5974287632852793
380.0 0.42693489231169224
381.0 0.47311861999332905
382.0 0.5178367719054222
383.0 0.605666683986783
384.0 0.5118187051266432
385.0 0.6179505493491888
386.0 0.6334221921861172
387.0 0.7382066454738379
388.0 0.8957843296229839
389.0 1.3069111853837967
390.0 1.8294766545295715
391.0 2.861757203936577
392.0 4.538733884692192
393.0 7.106424868106842
394.0 10.763885825872421
395.0 15.592058002948761
396.0 21.612082421779633
397.0 29.09546196460724
398.0 37.83411979675293
399.0 47.20712602138519
400.0 56.61643743515015
401.0 65.44119119644165
402.0 73.62733483314514
403.0 80.33279776573181
404.0 85.20193099975586
405.0 88.82071375846863
406.0 90.78561067581177
407.0 92.3398494720459
408.0 93.28814744949341
409.0 93.69837641716003
410.0 93.82729530334473
411.0 93.76895427703857
412.0 93.43241453170776
413.0 93.1497871875763
414.0 92.94877648353577
415.0 93.15115809440613
416.0 93.556809425354
417.0 93.87837648391724
418.0 94.45217847824097
419.0 94.98382210731506
420.0 95.46051621437073
421.0 96.04189991950989
422.0 96.20926976203918
423.0 96.3885486125946
424.0 96.11987471580505
425.0 96.02354168891907
426.0 95.98825573921204
427.0 96.0572600364685
428.0 95.85484862327576
429.0 95.72640061378479
430.0 95.6141471862793
431.0 95.66823244094849
432.0 95.72504162788391
433.0 95.7944929599762
434.0 95.85258364677429
435.0 95.988929271698
436.0 96.03638052940369
437.0 96.05724811553955
438.0 96.13403081893921
439.0 96.18680477142334
440.0 96.21343612670898
441.0 96.32601737976074
442.0 96.26554250717163
443.0 96.28127813339233
444.0 96.19771242141724
445.0 95.88815569877625
446.0 95.73602676391602
447.0 95.55550217628479
448.0 95.59630751609802
449.0 95.77170014381409
450.0 96.0730254650116
451.0 96.2352454662323
452.0 96.41966223716736
453.0 96.53435349464417
454.0 96.62545323371887
455.0 96.83053493499756
456.0 96.99413776397705
457.0 97.10589647293091
458.0 97.14393019676208
459.0 97.16100692749023
460.0 97.13762998580933
461.0 97.23675847053528
462.0 97.17485904693604
463.0 97.11349606513977
464.0 97.17045426368713
465.0 97.08458185195923
466.0 97.10695743560791
467.0 97.07838892936707
468.0 97.1276342868805
469.0 97.15888500213623
470.0 96.99329733848572
471.0 96.86177372932434
472.0 96.92930579185486
473.0 96.82263731956482
474.0 96.76600694656372
475.0 96.83537483215332
476.0 96.83350324630737
477.0 96.89448475837708
478.0 97.02745079994202
479.0 97.00578451156616
480.0 97.2048819065094
481.0 97.27480411529541
482.0 97.43589162826538
483.0 97.3668098449707
484.0 97.5382924079895
485.0 97.51559495925903
486.0 97.59452939033508
487.0 97.59932160377502
488.0 97.57527112960815
489.0 97.74488806724548
490.0 97.65398502349854
491.0 97.75298833847046
492.0 97.69505262374878
493.0 97.67133593559265
494.0 97.68519401550293
495.0 97.71004319190979
496.0 97.55169749259949
497.0 97.47028350830078
498.0 97.26771116256714
499.0 97.31628894805908
500.0 97.25105166435242
501.0 97.23325967788696
502.0 97.1721887588501
503.0 97.34741449356079
504.0 97.14731574058533
505.0 97.17021584510803
506.0 97.16267585754395
507.0 97.16079235076904
508.0 97.13839292526245
509.0 97.11914658546448
510.0 97.08443880081177
511.0 97.0560073852539
512.0 97.00765013694763
513.0 97.08023071289062
514.0 97.0320999622345
515.0 97.08647131919861
516.0 97.18188047409058
517.0 97.18970060348511
518.0 97.24132418632507
519.0 97.25881814956665
520.0 97.30694890022278
521.0 97.38475680351257
522.0 97.39581942558289
523.0 97.32158184051514
524.0 97.37293124198914
525.0 97.33000993728638
526.0 97.38906025886536
527.0 97.32909798622131
528.0 97.50310778617859
529.0 97.54960536956787
530.0 97.5371778011322
531.0 97.66868948936462
532.0 97.56214618682861
533.0 97.54682779312134
534.0 97.54430055618286
535.0 97.33341336250305
536.0 96.92911505699158
537.0 96.34398221969604
538.0 95.49520611763
539.0 94.02402639389038
540.0 92.18558073043823
541.0 89.40314054489136
542.0 86.49382591247559
543.0 82.64844417572021
544.0 77.90436744689941
545.0 73.68846535682678
546.0 68.69778037071228
547.0 64.1865611076355
548.0 59.75219011306763
549.0 55.927473306655884
550.0 52.95400619506836
551.0 50.07631778717041
552.0 47.82669544219971
553.0 45.34878432750702
554.0 42.33065843582153
555.0 38.91759216785431
556.0 34.39079523086548
557.0 29.187631607055664
558.0 23.68374615907669
559.0 18.332083523273468
560.0 13.372884690761566
561.0 8.84445384144783
562.0 5.566964671015739
563.0 3.1845148652791977
564.0 1.7328176647424698
565.0 0.8232538588345051
566.0 0.439582159742713
567.0 0.22598770447075367
568.0 0.1423589652404189
569.0 0.08944133878685534
570.0 0.07532158633694053
571.0 0.04866879025939852
572.0 0.054710981203243136
573.0 0.038633731310255826
574.0 0.0340528175001964
575.0 0.03085446951445192
576.0 0.04009401600342244
577.0 0.026674233959056437
578.0 0.032735508284531534
579.0 0.025370129151269794
580.0 0.023860082728788257
581.0 0.026482375687919557
582.0 0.025506503880023956
583.0 0.024320748343598098
584.0 0.025341715081594884
585.0 0.018013377848546952
586.0 0.022890100080985576
587.0 0.015857447579037398
588.0 0.01736507547320798
589.0 0.006653372111031786
590.0 0.01650821213843301
591.0 0.004035198071505874
592.0 0.008275290747405961
593.0 0.011463747796369717
594.0 0.01744291657814756
595.0 0.007279991405084729
596.0 0.01715269172564149
597.0 0.00748521852074191
598.0 0.017880985978990793
599.0 0.00574601290281862
600.0 0.010481921344762668
601.0 0.002056397352134809
602.0 0.0020677725842688233
603.0 0.0020791476345038973
604.0 0.0020759363906108774
605.0 0.002072724964818917
606.0 0.0019854465790558606
607.0 0.0018981680113938637
608.0 0.0018692753656068817
609.0 0.0018403825379209593
610.0 0.0019086017346126027
611.0 0.0019768205675063655
612.0 0.001905954377434682
613.0 0.0018350881873629987
614.0 0.0018562128389021382
615.0 0.0018773374904412776
616.0 0.0017404612663085572
617.0 0.0016035852240747772
618.0 0.0015653307855245657
619.0 0.0015270763469743542
620.0 0.0014380779248313047
621.0 0.0013490793207893148
622.0 0.001432898898201529
623.0 0.0015167182937148027
624.0 0.0016109170246636495
625.0 0.0017051159375114366
626.0 0.0015286903362721205
627.0 0.0013522650078812148
628.0 0.0013822577784594614
629.0 0.001412250549037708
630.0 0.001457769758417271
631.0 0.0015032890587463044
632.0 0.0014461473256233148
633.0 0.0013890055925003253
634.0 0.001363188675895799
635.0 0.0013373718502407428
636.0 0.001303646968153771
637.0 0.0012699219041678589
638.0 0.0012294142834434751
639.0 0.0011889066627190914
640.0 0.0012408992915879935
641.0 0.0012928921933053061
642.0 0.001224137031385908
643.0 0.00115538205136545
644.0 0.0011662434189929627
645.0 0.0011771053323172964
646.0 0.0011515901860548183
647.0 0.0011260750397923402
648.0 0.0011747466487577185
649.0 0.0012234182577230968
650.0 0.0011779311535065062
651.0 0.0011324437764415052
652.0 0.001148402316175634
653.0 0.001164360946859233
654.0 0.0011849975635414012
655.0 0.001205634089274099
656.0 0.0011661562894005328
657.0 0.0011266783985774964
658.0 0.001089777742890874
659.0 0.0010528769962547813
660.0 0.0010659594408934936
661.0 0.0010790416126837954
662.0 0.001128767053160118
663.0 0.0011784924936364405
664.0 0.0012059025721100625
665.0 0.0012333126505836844
666.0 0.0012373874596960377
667.0 0.001241462268808391
668.0 0.001222654555022018
669.0 0.0012038466593367048
670.0 0.0012175924894108903
671.0 0.0012313385013840161
672.0 0.0010810036656039301
673.0 0.0009306691026722547
674.0 0.0009984666576201562
675.0 0.0010662641216185875
676.0 0.0010191363799094688
677.0 0.0009720084563014098
678.0 0.0010076728358399123
679.0 0.0010433371244289447
680.0 0.0010431702321511693
681.0 0.0010430035217723344
682.0 0.0010676953934307676
683.0 0.0010923876288870815
684.0 0.0009648217201174702
685.0 0.0008372557203983888
686.0 0.0008797282134764828
687.0 0.0009222007065545768
688.0 0.000983399513643235
689.0 0.0010445985026308335
690.0 0.0010688088877941482
691.0 0.0010930192729574628
692.0 0.0010816180292749777
693.0 0.001070216967491433
694.0 0.0010389364433649462
695.0 0.0010076560101879295
696.0 0.001090084515453782
697.0 0.0011725132026185747
698.0 0.0011773453479690943
699.0 0.0011821776752185542
700.0 0.001149261061073048
701.0 0.0011163443559780717
702.0 0.0011002667633874808
703.0 0.0010841889888979495
704.0 0.001098029770219
705.0 0.0011118704605905805
706.0 0.0011328128493914846
707.0 0.001153754874394508
708.0 0.0011296532647975255
709.0 0.0011055516552005429
710.0 0.001168581820820691
711.0 0.0012316118045418989
712.0 0.0012375754522508942
713.0 0.0012435390090104192
714.0 0.0013353484064282384
715.0 0.0014271578947955277
716.0 0.0014481739526672754
717.0 0.001469190374336904
718.0 0.0015314893971662968
719.0 0.0015937886928441003
720.0 0.0013792789104627445
721.0 0.0011647688552329782
722.0 0.0013594009942607954
723.0 0.0015540332242380828
724.0 0.001559891643410083
725.0 0.001565750062582083
726.0 0.0016174120901268907
727.0 0.0016690742995706387
728.0 0.0016706999304005876
729.0 0.0016723255612305366
730.0 0.0017755841327016242
731.0 0.0018788428860716522
732.0 0.0017204753021360375
733.0 0.0015621080819983035
734.0 0.0014830723557679448
735.0 0.001404036538588116
736.0 0.0012113235243305098
737.0 0.0010186104191234335
738.0 0.0009963516276911832
739.0 0.0009740925634105224
740.0 0.0009567587767378427
741.0 0.0009394248991156928
742.0 0.0008817884008749388
743.0 0.000824151993583655
744.0 0.0008468336091027595
745.0 0.0008695154065208044
746.0 0.0008164808605215512
747.0 0.0007634464054717682
748.0 0.0007948924576339778
749.0 0.0008263384188467171
750.0 0.0009336185939901043
751.0 0.0010408988600829616
752.0 0.0010016082342190202
753.0 0.0009623175174056087
754.0 0.0008620305379736237
755.0 0.0007617432856932282
756.0 0.0007914575689937919
757.0 0.0008211718522943556
758.0 0.0008898916348698549
759.0 0.0009586117812432349
760.0 0.0008807169251667801
761.0 0.0008028220690903254
762.0 0.0007584224022139097
763.0 0.0007140225534385536
764.0 0.0006003606358717661
765.0 0.00048669890020391904
766.0 0.0005384549240261549
767.0 0.0005902109023736557
768.0 0.0006045029294909909
769.0 0.0006187950020830613
770.0 0.0005932330168434419
771.0 0.0005676712135027628
772.0 0.0006032632427377393
773.0 0.0006388551355485106
774.0 0.0005706023785023717
775.0 0.0005023496214562329
776.0 0.0005682432401954429
777.0 0.0006341366315609775
778.0 0.0005979802608635509
779.0 0.0005618239811155945
780.0 0.0006959156053198967
781.0 0.0008300073204736691
782.0 0.0006353774097078713
783.0 0.0004407475444168085
784.0 0.00037316890484362375
785.0 0.00030559031074517407
786.0 0.0004161305241723312
787.0 0.0005266707375994883
788.0 0.000490138972963905
789.0 0.0004536072083283216
790.0 0.00034565612168080406
791.0 0.00023770514872012427
792.0 0.0003349359758431092
793.0 0.00043216682570346165
794.0 0.00032744337659096345
795.0 0.0002227199047410977
796.0 0.0002825716819643276
797.0 0.00034242350466229254
798.0 0.0003428203854127787
799.0 0.0003432172434258973
800.0 0.00037902345866314135
801.0 0.0004148296739003854
802.0 0.000452006906925817
803.0 0.0004891841399512487
804.0 0.0004200149305688683
805.0 0.0003508456984491204
806.0 0.00043109253056172747
807.0 0.0005113393854117021
808.0 0.0004978259767085547
809.0 0.0004843126134801423
810.0 0.00039790406844986137
811.0 0.00031149543247011025
812.0 0.0002669629793672357
813.0 0.00022243050352699356
814.0 0.00029034608814981766
815.0 0.0003582616955100093
816.0 0.0004697449185186997
817.0 0.0005812282324768603
818.0 0.0004981766323908232
819.0 0.00041512507777952123
820.0 0.00039585338527103886
821.0 0.00037658178371202666
822.0 0.0004217935838823905
823.0 0.0004670053840527544
824.0 0.0004926149358652765
825.0 0.0005182245331525337
826.0 0.0005366616733226692
827.0 0.0005550987680180697
828.0 0.0004869782515015686
829.0 0.00041885764403559733
830.0 0.00030897379019734217
831.0 0.00019908989088435192
832.0 0.0002724732212300296
833.0 0.00034585652883833973
834.0 0.0003647738594736438
835.0 0.0003836911673715804
836.0 0.00038164544093888253
837.0 0.0003795996690314496
838.0 0.000426656970375916
839.0 0.0004737142717203824
840.0 0.00035949981338490034
841.0 0.00024528537778678583
842.0 0.0003700566594488919
843.0 0.0004948279638483655
844.0 0.0006167098945297766
845.0 0.0007385918252111878
846.0 0.0005598854841082357
847.0 0.00038117914300528355
848.0 0.0003548135282471776
849.0 0.0003284479362264392
850.0 0.00020147604118392337
851.0 7.45041631944332e-05
852.0 1.78972953790435e-05
853.0 1.6575501821797234e-10
854.0 7.973127367222332e-05
855.0 0.00019817211978079285
856.0 0.000318337311000505
857.0 0.00043850254769495223
858.0 0.00045268679969012737
859.0 0.0004668710516853025
860.0 0.0004783667918673018
861.0 0.0004898625320493011
862.0 0.0003720487029568176
863.0 0.00025423485112696653
864.0 0.00027925420909014065
865.0 0.0003042735215785797
866.0 0.0003484728722469299
867.0 0.0003926721547031775
868.0 0.0004215714398014825
869.0 0.0004504706339503173
870.0 0.000491310129291378
871.0 0.0005321497155819088
872.0 0.0004421606718096882
873.0 0.0003521716735122027
874.0 0.0005351135314413114
875.0 0.00071805538937042
876.0 0.0005476648311741883
877.0 0.00037727431845269166
878.0 0.0004958963472745381
879.0 0.0006145183760963846
880.0 0.0005801317456644028
881.0 0.000545745069757686
882.0 0.0005397067980084103
883.0 0.0005336685717338696
884.0 0.0005332563887350261
885.0 0.0005328442057361826
886.0 0.00046518180170096457
887.0 0.0003975194431404816
888.0 0.0004405830168252578
889.0 0.000483646590510034
890.0 0.0005871086159459082
891.0 0.0006905706868565176
892.0 0.0006212112566572614
893.0 0.0005518517809832701
894.0 0.0004973926024831599
895.0 0.0004429333785083145
896.0 0.0004523418283497449
897.0 0.0004617503236659104
898.0 0.0004722238827525871
899.0 0.0004826973963645287
900.0 0.0003550952214936842
901.0 0.0002274930238854722
902.0 0.00044079629333282355
903.0 0.0006540994945680723
904.0 0.00048364995564043056
905.0 0.00031320041671278886
906.0 0.0003170371883243206
