lsstCam/transmission_filter_detector/r34_s20/g_6/19700101T000000.ecsv
# %ECSV 1.0
# ---
# datatype:
# - {name: wavelength, unit: nm, datatype: float32}
# - {name: efficiency, unit: '%', datatype: float64}
# meta: !!omap
# - {MODE: DETECTOR}
# - {TYPE: transmission_filter_detector}
# - {CALIBDATE: '1970-01-01T00:00:00'}
# - {INSTRUME: LSSTCam}
# - {OBSTYPE: transmission_filter_detector}
# - {CALIBCLS: lsst.ip.isr.IntermediateFilterDetectorTransmissionCurve}
# - {SOURCE: Materion (DM-46256)}
# - {DETECTOR: 159}
# - {FILTER: g_6}
# - {CALIB_ID: 'calibDate=1970-01-01T00:00:00 filter=g_6 detector=159'}
# - {DATE: '2025-04-02T15:59:42.763343'}
# - {CALIB_CREATION_DATE: '2025-04-02'}
# - {CALIB_CREATION_TIME: '15:59:42'}
# - __serialized_columns__:
#     efficiency:
#       __class__: astropy.units.quantity.Quantity
#       unit: !astropy.units.Unit {unit: '%'}
#       value: !astropy.table.SerializedColumn {name: efficiency}
#     wavelength:
#       __class__: astropy.units.quantity.Quantity
#       unit: !astropy.units.Unit {unit: nm}
#       value: !astropy.table.SerializedColumn {name: wavelength}
# schema: astropy-2.0
wavelength efficiency
[from data line 608]
908.0 0.00039344422475551255
909.0 0.0004660143986257026
910.0 0.0004288639047445031
911.0 0.0003917133653885685
912.0 0.0004148395873926347
913.0 0.00043796580939670093
914.0 0.0004388542492961278
915.0 0.0004397427346702898
916.0 0.0003847670086543076
917.0 0.000329791350850428
918.0 0.00027390224204282276
919.0 0.00021801317870995263
920.0 0.0003041434410988586
921.0 0.0003902737262251321
922.0 0.00036281471693655476
923.0 0.00033535573038534494
924.0 0.0003833358277915977
925.0 0.0004313159024604829
926.0 0.00037577201510430314
927.0 0.00032022812774812337
928.0 0.0004372390776552493
929.0 0.0005542501185118454
930.0 0.000492827075504465
931.0 0.00043140425987076014
932.0 0.0004368268037069356
933.0 0.00044224934754311107
934.0 0.0005113960924063576
935.0 0.0005805428372696042
936.0 0.0006178578587423544
937.0 0.0006551729256898398
938.0 0.00060840889091196
939.0 0.0005616449470835505
940.0 0.000569566282138112
941.0 0.0005774875717179384
942.0 0.0006864933766337344
943.0 0.0007954991815495305
944.0 0.0006057898190192645
945.0 0.00041608036553952843
946.0 0.0006427785137930186
947.0 0.000869476752995979
948.0 0.0007827959962014575
949.0 0.0006961150575079955
950.0 0.0006901371307321824
951.0 0.0006841591584816342
952.0 0.0008526305464329198
953.0 0.0010211021617578808
954.0 0.0009564606443746015
955.0 0.0008918190360418521
956.0 0.00073892383625207
957.0 0.0005860287274117582
958.0 0.0005843847247888334
959.0 0.0005827407221659087
960.0 0.0006845435564173386
961.0 0.0007863463906687684
962.0 0.000760758712203824
963.0 0.0007351709427894093
964.0 0.0006084495907998644
965.0 0.0004817281023861142
966.0 0.000540990686204168
967.0 0.0006002532700222218
968.0 0.0005907059858145658
969.0 0.0005811587470816448
970.0 0.0006250600563362241
971.0 0.0006689613655908033
972.0 0.0006874464361317223
973.0 0.0007059315066726413
974.0 0.0007355718935286859
975.0 0.0007652123713342007
976.0 0.0008161995538102929
977.0 0.0008671869181853253
978.0 0.0009164398761640768
979.0 0.0009656927431933582
980.0 0.0008755759154155385
981.0 0.0007854592695366591
982.0 0.0008777911716606468
983.0 0.0009701230737846345
984.0 0.0011331519999657758
985.0 0.0012961810170963872
986.0 0.0012831690582970623
987.0 0.0012701572813966777
988.0 0.001277202864002902
989.0 0.0012842484466091264
990.0 0.0013549755749409087
991.0 0.0014257027942221612
992.0 0.0014672602446808014
993.0 0.001508817422291031
994.0 0.0015513669495703653
995.0 0.0015939165677991696
996.0 0.0015129800885915756
997.0 0.0014320435184345115
998.0 0.0014026075405126903
999.0 0.0013731717444898095
1000.0 0.0013433228559733834
1001.0 0.0013134739674569573
1002.0 0.0013520294487534557
1003.0 0.0013905847481510136
1004.0 0.0013835648132953793
1005.0 0.001376544878439745
1006.0 0.001282759512832854
1007.0 0.001188974147225963
1008.0 0.0012297995453991462
1009.0 0.0012706249435723294
1010.0 0.00139307603603811
1011.0 0.0015155274923017714
1012.0 0.0015649253327865154
1013.0 0.0016143229004228488
1014.0 0.0018177592210122384
1015.0 0.0020211957235005684
1016.0 0.0019951377908000723
1017.0 0.0019690800399985164
1018.0 0.0021902973458054475
1019.0 0.0024115151973091997
1020.0 0.002625556408020202
1021.0 0.002839597982529085
1022.0 0.0031244420824805275
1023.0 0.00340928636433091
1024.0 0.0034995136957149953
1025.0 0.003589741390896961
1026.0 0.0038103124097688124
1027.0 0.004030883064842783
1028.0 0.004124098995816894
1029.0 0.0042173152905888855
1030.0 0.004364842970971949
1031.0 0.004512370651355013
1032.0 0.0046356279199244455
1033.0 0.004758885916089639
1034.0 0.004886977330897935
1035.0 0.0050150698370998725
1036.0 0.005237016375758685
1037.0 0.005458962914417498
1038.0 0.005540251004276797
1039.0 0.005621538730338216
1040.0 0.005771626092609949
1041.0 0.005921713091083802
1042.0 0.006010350625729188
1043.0 0.006098988524172455
1044.0 0.006376449164235964
1045.0 0.006653910531895235
1046.0 0.007121088856365532
1047.0 0.007588266453240067
1048.0 0.008471867477055639
1049.0 0.009355469956062734
1050.0 0.01057884655892849
1051.0 0.011802220979006961
1052.0 0.013999684597365558
1053.0 0.016197148943319917
1054.0 0.019319191051181406
1055.0 0.022441233159042895
1056.0 0.02706697559915483
1057.0 0.03169270930811763
1058.0 0.03782368148677051
1059.0 0.04395465075504035
1060.0 0.05163934547454119
1061.0 0.05932403728365898
1062.0 0.06723003461956978
1063.0 0.07513604359701276
1064.0 0.08319713524542749
1065.0 0.0912582385353744
1066.0 0.09786935988813639
1067.0 0.10448048124089837
1068.0 0.11101100826635957
1069.0 0.11754155857488513
1070.0 0.126078596804291
1071.0 0.13461565831676126
1072.0 0.14478786615654826
1073.0 0.15496008563786745
1074.0 0.1677967607975006
1075.0 0.18063344759866595
1076.0 0.19289603224024177
1077.0 0.20515865180641413
1078.0 0.21598581224679947
1079.0 0.22681299597024918
1080.0 0.23995779920369387
1081.0 0.2531025791540742
1082.0 0.2683980390429497
1083.0 0.28369349893182516
1084.0 0.30833976343274117
1085.0 0.33298598136752844
1086.0 0.36754701286554337
1087.0 0.4021080210804939
1088.0 0.44214134104549885
1089.0 0.4821747075766325
1090.0 0.5363184493035078
1091.0 0.5904622841626406
1092.0 0.6718520540744066
1093.0 0.7532420568168163
1094.0 0.817942526191473
1095.0 0.8826431818306446
1096.0 0.9217415936291218
1097.0 0.960839819163084
1098.0 1.020848285406828
1099.0 1.0808568447828293
1100.0 1.1694037355482578
1101.0 1.2579507194459438
