lsstCam/transmission_filter_detector/r12_s22/y_10/19700101T000000.ecsv
# %ECSV 1.0
# ---
# datatype:
# - {name: wavelength, unit: nm, datatype: float32}
# - {name: efficiency, unit: '%', datatype: float64}
# meta: !!omap
# - {MODE: DETECTOR}
# - {TYPE: transmission_filter_detector}
# - {CALIBDATE: '1970-01-01T00:00:00'}
# - {INSTRUME: LSSTCam}
# - {OBSTYPE: transmission_filter_detector}
# - {CALIBCLS: lsst.ip.isr.IntermediateFilterDetectorTransmissionCurve}
# - {SOURCE: Materion (DM-46256)}
# - {DETECTOR: 53}
# - {FILTER: y_10}
# - {CALIB_ID: 'calibDate=1970-01-01T00:00:00 filter=y_10 detector=53'}
# - {DATE: '2025-04-02T15:59:50.987348'}
# - {CALIB_CREATION_DATE: '2025-04-02'}
# - {CALIB_CREATION_TIME: '15:59:50'}
# - __serialized_columns__:
#     efficiency:
#       __class__: astropy.units.quantity.Quantity
#       unit: !astropy.units.Unit {unit: '%'}
#       value: !astropy.table.SerializedColumn {name: efficiency}
#     wavelength:
#       __class__: astropy.units.quantity.Quantity
#       unit: !astropy.units.Unit {unit: nm}
#       value: !astropy.table.SerializedColumn {name: wavelength}
# schema: astropy-2.0
wavelength efficiency
300.0 0.5334281362593174
301.0 0.2862575463950634
302.0 0.039086921606212854
303.0 0.03785025037359446
304.0 0.03661357914097607
305.0 0.02283479698235169
306.0 0.009056008275365457
307.0 0.0169993843883276
308.0 0.024942756863310933
309.0 0.018171151168644428
310.0 0.01139954329119064
311.0 0.009172210411634296
312.0 0.00694487607688643
313.0 0.0067594060965348035
314.0 0.006573936116183177
315.0 0.00623081432422623
316.0 0.005887695078854449
317.0 0.006745028076693416
318.0 0.007602358527947217
319.0 0.0032542553526582196
320.0 1.583430977482314e-10
321.0 0.0015993055058061145
322.0 0.004292459561838768
323.0 0.0035444132663542405
324.0 0.002796366607071832
325.0 0.0008137536497088149
326.0 1.583430977482314e-10
327.0 0.00013228057014202932
328.0 0.001433420675311936
329.0 0.003309657404315658
330.0 0.00518589440616779
331.0 0.004387175067677163
332.0 0.003588455365388654
333.0 0.00249118784267921
334.0 0.0013939195923740044
335.0 0.001675758176133968
336.0 0.0019575973055907525
337.0 0.002824891453201417
338.0 0.003692185418913141
339.0 0.0018903027012129314
340.0 8.84198414041748e-05
341.0 1.583430977482314e-10
342.0 1.583430977482314e-10
343.0 8.944781484387931e-05
344.0 0.0007859384822950233
345.0 0.001358247573080007
346.0 0.0019305571186123416
347.0 0.0019829718439723365
348.0 0.0020353862055344507
349.0 0.0015517487554461695
350.0 0.0010681109415600076
351.0 0.0013626477993966546
352.0 0.0016571842934354208
353.0 0.0014622994967794511
354.0 0.0012674147910729516
355.0 0.0012109410818084143
356.0 0.0011544672815944068
357.0 0.0008892925507097971
358.0 0.0006241178198251873
359.0 0.0007523133263021009
360.0 0.0008805088327790145
361.0 0.0012672088814724702
362.0 0.0016539086573175155
363.0 0.0013362940990191419
364.0 0.0010186790859734174
365.0 0.0013543788554670755
366.0 0.0016900794435059652
367.0 0.0020350582417449914
368.0 0.0023800374037818983
369.0 0.0020751376723637804
370.0 0.0017702377590467222
371.0 0.001680728564679157
372.0 0.0015912188246147707
373.0 0.0021907542759436183
374.0 0.002790289727272466
375.0 0.003565333827282302
376.0 0.004340377563494258
377.0 0.004171439286437817
378.0 0.004002501009381376
379.0 0.0034328542824368924
380.0 0.0028632075554924086
381.0 0.0019235696527175605
382.0 0.0009839316589932423
383.0 0.001032691761793103
384.0 0.0010814515917445533
385.0 0.000894608092494309
386.0 0.0007077646387187997
387.0 0.0007190935320977587
388.0 0.0007304223800019827
389.0 0.0005764385605289135
390.0 0.0004224549229547847
391.0 0.00045712808969256
392.0 0.0004918013928545406
393.0 0.0005811549272038974
394.0 0.0006705086434521945
395.0 0.000613848624197999
396.0 0.0005571886504185386
397.0 0.0008016453648451716
398.0 0.0010461018973728642
399.0 0.0012548911399790086
400.0 0.001463680382585153
401.0 0.0016616097127553076
402.0 0.0018595394067233428
403.0 0.0019080716811004095
404.0 0.001956603955477476
405.0 0.0018027687474386767
406.0 0.001648933903197758
407.0 0.0013794111509923823
408.0 0.001109888580685947
409.0 0.0008702223567524925
410.0 0.0006305557690211572
411.0 0.00028463450689741876
412.0 1.583430977482314e-10
413.0 0.0003806345148404944
414.0 0.000822555557533633
415.0 0.0017636024495004676
416.0 0.0027046495233662426
417.0 0.0014780705896555446
418.0 0.00025149179236905184
419.0 1.583430977482314e-10
420.0 1.583430977482314e-10
421.0 1.583430977482314e-10
422.0 0.0008454975613858551
423.0 0.0010120499609911349
424.0 0.0011786021786974743
425.0 0.00046091709009488113
426.0 1.583430977482314e-10
427.0 9.914112979458878e-05
428.0 0.00045505048547056504
429.0 1.583430977482314e-10
430.0 1.583430977482314e-10
431.0 5.1400314760030597e-05
432.0 0.0009583636710885912
433.0 0.0007649678991583642
434.0 0.0005715727183996933
435.0 0.0001641884750824829
436.0 1.583430977482314e-10
437.0 1.583430977482314e-10
438.0 1.583430977482314e-10
439.0 1.583430977482314e-10
440.0 1.583430977482314e-10
441.0 1.583430977482314e-10
442.0 1.583430977482314e-10
443.0 1.583430977482314e-10
444.0 1.583430977482314e-10
445.0 0.00012409716418915195
446.0 0.00037162894841458183
447.0 0.0006653423497482436
448.0 0.0009590555237082299
449.0 0.0006831857263023267
450.0 0.00040731579247221816
451.0 0.0002978639258799376
452.0 0.00018841218434317852
453.0 1.583430977482314e-10
454.0 1.583430977482314e-10
455.0 1.583430977482314e-10
456.0 1.583430977482314e-10
457.0 1.583430977482314e-10
458.0 1.583430977482314e-10
459.0 1.9206184731501708e-05
460.0 0.00014159284091874724
461.0 0.00023022544155537616
462.0 0.0003188580421920051
463.0 0.0004348332822701195
464.0 0.0005508085450856015
465.0 0.0005185617737879511
466.0 0.00048631509343977086
467.0 0.0009517348189547192
468.0 0.001417154271621257
469.0 0.0016494230294483714
470.0 0.0018816910596797243
471.0 0.0018173130229115486
472.0 0.0017529346223454922
473.0 0.0022069350961828604
474.0 0.0026609353881212883
475.0 0.002752062209765427
476.0 0.0028431892133085057
477.0 0.0033925789466593415
478.0 0.003941969043808058
479.0 0.00447642887593247
480.0 0.005010888708056882
481.0 0.004840864130528644
482.0 0.004670839553000405
483.0 0.00417851479141973
484.0 0.003686189666041173
485.0 0.0038159574614837766
486.0 0.003945724893128499
487.0 0.0033979365980485454
488.0 0.002850148121069651
489.0 0.0025302711947006173
490.0 0.002210394450230524
491.0 0.0019345845430507325
492.0 0.0016587744539720006
493.0 0.0012654839338210877
494.0 0.0008721936865185853
495.0 0.0010796658898470923
496.0 0.0012871383660240099
497.0 0.0017882095562526956
498.0 0.0022892809283803217
499.0 0.002501008930266835
500.0 0.0027127371140522882
501.0 0.0028196740458952263
502.0 0.002926611341536045
503.0 0.0028442698749131523
504.0 0.002761928226391319
505.0 0.003272114190622233
506.0 0.003782300336752087
507.0 0.002758364826149773
508.0 0.0017344285879516974
509.0 0.0019551856894395314
510.0 0.002175942609028425
511.0 0.0021273581296554767
512.0 0.0020787736502825283
513.0 0.001964576767932158
514.0 0.0018503802493796684
515.0 0.001536803029011935
516.0 0.0012232258086442016
517.0 0.0013095469512336422
518.0 0.001395867730025202
519.0 0.001566795981489122
520.0 0.0017377242329530418
521.0 0.0017864249457488768
522.0 0.0018351258404436521
523.0 0.001751785930537153
524.0 0.001668446020630654
525.0 0.0021104626284795813
526.0 0.00255247996392427
527.0 0.00244462880800711
528.0 0.0023367781977867708
529.0 0.0024209346520365216
530.0 0.002505090924387332
531.0 0.0024365526769543067
532.0 0.0023680140657234006
533.0 0.002518767723813653
534.0 0.0026695208362070844
535.0 0.0024562035832786933
536.0 0.0022428859665524215
537.0 0.0025007993826875463
538.0 0.002758712798822671
539.0 0.003396956526557915
540.0 0.004035199890495278
541.0 0.0041347120713908225
542.0 0.004234224252286367
543.0 0.004470169369596988
544.0 0.004706114123109728
545.0 0.004900671046925709
546.0 0.0050952276069438085
547.0 0.004212691419525072
548.0 0.0033301548683084548
549.0 0.0029396573154372163
550.0 0.0025491595806670375
551.0 0.002515407686587423
552.0 0.002481655428709928
553.0 0.0030756495107198134
554.0 0.003669643047032878
555.0 0.0038500595110235736
556.0 0.00403047633881215
557.0 0.0037508030800381675
558.0 0.003471129821264185
559.0 0.003239940997445956
560.0 0.003008752355526667
561.0 0.0032270971132675186
562.0 0.003445441325311549
563.0 0.0033769923902582377
564.0 0.0033085430914070457
565.0 0.0038755930290790275
566.0 0.00444264333054889
567.0 0.004683580118580721
568.0 0.004924517270410433
569.0 0.005470248288474977
570.0 0.00601597894274164
571.0 0.005863597107236274
572.0 0.0057112149079330266
573.0 0.005929346298216842
574.0 0.006147478416096419
575.0 0.0061977742007002234
576.0 0.006248069985304028
577.0 0.005592615343630314
578.0 0.004937161065754481
579.0 0.00579606530664023
580.0 0.00665496991132386
581.0 0.007324667240027338
582.0 0.007994363841135055
583.0 0.009171809506369755
584.0 0.010349252261221409
585.0 0.010659923282219097
586.0 0.010970595758408308
587.0 0.01063882518792525
588.0 0.010307052434654906
589.0 0.01028489787131548
590.0 0.010262745490763336
591.0 0.009466292249271646
592.0 0.008669839735375717
593.0 0.007144000119296834
594.0 0.005618162686005235
595.0 0.005448638694360852
596.0 0.0052791150665143505
597.0 0.006016445331624709
598.0 0.006753775960532948
599.0 0.007804756751284003
600.0 0.008855736086843535
601.0 0.009574681462254375
602.0 0.010293624654877931
603.0 0.010943486995529383
604.0 0.01159335151896812
605.0 0.011361091310391203
606.0 0.011128832557005808
607.0 0.009541358303977177
608.0 0.00795388623373583
609.0 0.006304997077677399
610.0 0.00465610864921473
611.0 0.003911684689228423
612.0 0.003167260729242116
613.0 0.003674164690892212
614.0 0.004181067561148666
615.0 0.00507247714267578
616.0 0.005963887815596536
617.0 0.00738481612643227
618.0 0.008805743709672242
619.0 0.009859160491032526
620.0 0.01091257799998857
621.0 0.011614805407589301
622.0 0.012317033542785794
623.0 0.01200455371872522
624.0 0.0116920709842816
625.0 0.01011787899187766
626.0 0.008543684816686437
627.0 0.006845931056886911
628.0 0.005148175114300102
629.0 0.004240511407260783
630.0 0.003332847700221464
631.0 0.0028094600565964356
632.0 0.002286072231072467
633.0 0.0024421076886937954
634.0 0.0025981433282140642
635.0 0.0029585509764729068
636.0 0.003318957897135988
637.0 0.0040889641240937635
638.0 0.004858970351051539
639.0 0.004979019649908878
640.0 0.005099068948766217
641.0 0.005479740502778441
642.0 0.0058604124205885455
643.0 0.0054889998864382505
644.0 0.005117586988490075
645.0 0.004728535350295715
646.0 0.0043394833483034745
647.0 0.0035138786188326776
648.0 0.0026882738893618807
649.0 0.0021459745767060667
650.0 0.0016036752640502527
651.0 0.0016372219761251472
652.0 0.0016707692338968627
653.0 0.0015211462596198544
654.0 0.001371523285342846
655.0 0.001459429222450126
656.0 0.0015473353414563462
657.0 0.001440025334886741
658.0 0.001332715510216076
659.0 0.0018007776816375554
660.0 0.002268839853059035
661.0 0.0019655295545817353
662.0 0.0016622192561044358
663.0 0.0024000333723961376
664.0 0.0031378476705867797
665.0 0.003655697582871653
666.0 0.0041735474951565266
667.0 0.004971882299287245
668.0 0.0057702149206306785
669.0 0.006132252747192979
670.0 0.0064942876633722335
671.0 0.006979680620133877
672.0 0.0074650743044912815
673.0 0.007828207890270278
674.0 0.008191342931240797
675.0 0.007516107143601403
676.0 0.00684087208355777
677.0 0.005404433613875881
678.0 0.003967995144193992
679.0 0.0026473895559320226
680.0 0.0013267846043163445
681.0 0.000579170500714099
682.0 1.583430977482314e-10
683.0 0.0001174261115011177
684.0 0.0004032959623145871
685.0 0.000265104313257325
686.0 0.00012691258461927646
687.0 0.00017042884792317636
688.0 0.00021394512259576004
689.0 0.0002788140818665852
690.0 0.00034368306387477787
691.0 0.0003359102493050159
692.0 0.000328137480209989
693.0 0.0002690044311748352
694.0 0.00020987133666494628
695.0 0.00035469981867208844
696.0 0.000499528277941863
697.0 0.0004598273790179519
698.0 0.0004201263436698355
699.0 0.0004051876658195397
700.0 0.00039024871512083337
701.0 0.00026459547370905057
702.0 0.00013894233461542171
703.0 0.00029858542802685406
704.0 0.0004582285328069702
705.0 0.0003748408062165254
706.0 0.0002914528977271402
707.0 1.4097895473241806e-05
708.0 1.583430977482314e-10
709.0 1.583430977482314e-10
710.0 8.173671517397452e-05
711.0 0.00031489737466472434
712.0 0.0005480580512084998
713.0 0.00039191936593852006
714.0 0.00023578070340590784
715.0 0.000393000209442107
716.0 0.0005502196472662035
717.0 0.0003249642759328708
718.0 9.970890459953807e-05
719.0 0.0004041282409161795
720.0 0.0007085474862833507
721.0 0.000527152769791428
722.0 0.0003457581215116079
723.0 0.00031700740237283753
724.0 0.0002882566377593321
725.0 0.0004390445610624738
726.0 0.0005898327344766585
727.0 0.0003376255790499272
728.0 8.541877605239279e-05
729.0 0.00022975721094553592
730.0 0.0003740957936315681
731.0 0.0005767972652392928
732.0 0.0007794989869580604
733.0 0.00019823094135063002
734.0 1.583430977482314e-10
735.0 1.583430977482314e-10
736.0 1.583430977482314e-10
737.0 0.0002845869175871485
738.0 0.0009975525244954042
739.0 0.0005948863417870598
740.0 0.0001922198634929373
741.0 1.583430977482314e-10
742.0 1.583430977482314e-10
743.0 1.583430977482314e-10
744.0 1.583430977482314e-10
745.0 0.0003609543682614458
746.0 0.0008307663847517688
747.0 0.0003652743089332944
748.0 1.583430977482314e-10
749.0 1.583430977482314e-10
750.0 1.583430977482314e-10
751.0 1.583430977482314e-10
752.0 0.00021608116185234394
753.0 0.0002988949290738674
754.0 0.00038170855987118557
755.0 1.583430977482314e-10
756.0 1.583430977482314e-10
757.0 1.583430977482314e-10
758.0 1.583430977482314e-10
759.0 0.00016055856804086943
760.0 0.0007252261639223434
761.0 0.00047373641791637056
762.0 0.00022224664917303016
763.0 1.0989568721697651e-05
764.0 1.583430977482314e-10
765.0 0.00020001959910587175
766.0 0.0006003064754622756
767.0 4.585841111293121e-05
768.0 1.583430977482314e-10
769.0 1.583430977482314e-10
770.0 1.583430977482314e-10
771.0 1.583430977482314e-10
772.0 1.583430977482314e-10
773.0 0.00024522778403479606
774.0 0.000743178543416434
775.0 0.0003824261966656195
776.0 2.1673690753232222e-05
777.0 0.0002355245896978886
778.0 0.0004493754659051774
779.0 0.0006096546712797135
780.0 0.0007699339221289847
781.0 0.0007500062110921135
782.0 0.0007300783636310371
783.0 0.0005386106295190984
784.0 0.00034714287266979227
785.0 0.0002930999016825808
786.0 0.0002390565896348562
787.0 0.0005347635578800691
788.0 0.0008304703442263417
789.0 0.0007874996299506165
790.0 0.0007445289156748913
791.0 0.0005844417955813697
792.0 0.00042435453906364273
793.0 0.000615892895439174
794.0 0.0008074309334915597
795.0 0.0009083294571610168
796.0 0.0010092279808304738
797.0 0.00045628244151885156
798.0 1.583430977482314e-10
799.0 0.00042166411731159315
800.0 0.000939991332415957
801.0 0.00046517338887497317
802.0 1.583430977482314e-10
803.0 0.00014319628007797292
804.0 0.00029603713755932404
805.0 0.0006929536993993679
806.0 0.0010898702385020442
807.0 0.0006374157237587497
808.0 0.00018496127722755773
809.0 1.583430977482314e-10
810.0 1.583430977482314e-10
811.0 1.4144174542707333e-05
812.0 0.0003293491090516909
813.0 0.0007122630904632388
814.0 0.001095177049137419
815.0 0.0011472907317511272
816.0 0.0011994038686680142
817.0 0.0010113414646184538
818.0 0.0008232792424678337
819.0 0.0008777557923167478
820.0 0.0009322324331151322
821.0 0.0008281058399006724
822.0 0.0007239791102620075
823.0 0.0006628177288803272
824.0 0.0006016565748723224
825.0 0.0006399703124770895
826.0 0.0006782841865060618
827.0 0.0007032866051304154
828.0 0.0007282891601789743
829.0 0.0003772962372750044
830.0 2.6303354161427706e-05
831.0 8.181465886991646e-05
832.0 0.00013732606021221727
833.0 0.0002808704721246613
834.0 0.0004244147476129001
835.0 1.583430977482314e-10
836.0 1.583430977482314e-10
837.0 1.583430977482314e-10
838.0 0.0003678012717500678
839.0 0.0007123772775230464
840.0 0.0010569532605586573
841.0 0.0012112814147258177
842.0 0.0013656096598424483
843.0 0.0010463684702699538
844.0 0.0007271270533237839
845.0 0.000619898810327868
846.0 0.0005126706128066871
847.0 0.0008839099791657645
848.0 0.001255149436474312
849.0 0.0010157216820516624
850.0 0.0007762935638311319
851.0 0.0011025457752111834
852.0 0.0014287978956417646
853.0 0.0005826314009027556
854.0 1.583430977482314e-10
855.0 1.583430977482314e-10
856.0 1.583430977482314e-10
857.0 0.00035992288758279756
858.0 0.0012173864888609387
859.0 0.0011260387509537395
860.0 0.0010346908311476
861.0 0.0012918899301439524
862.0 0.0015490893929381855
863.0 0.001695352875685785
864.0 0.0018416163584333844
865.0 0.0018775021089822985
866.0 0.0019133884052280337
867.0 0.0026585803425405174
868.0 0.0034037722798530012
869.0 0.0029444143365253694
870.0 0.0024850562112987973
871.0 0.002988168489537202
872.0 0.0034912809496745467
873.0 0.0026903420803137124
874.0 0.001889403756649699
875.0 0.002564470014476683
876.0 0.003239535726606846
