lsstCam/transmission_filter_detector/r12_s22/y_10/19700101T000000.ecsv
# %ECSV 1.0
# ---
# datatype:
# - {name: wavelength, unit: nm, datatype: float32}
# - {name: efficiency, unit: '%', datatype: float64}
# meta: !!omap
# - {MODE: DETECTOR}
# - {TYPE: transmission_filter_detector}
# - {CALIBDATE: '1970-01-01T00:00:00'}
# - {INSTRUME: LSSTCam}
# - {OBSTYPE: transmission_filter_detector}
# - {CALIBCLS: lsst.ip.isr.IntermediateFilterDetectorTransmissionCurve}
# - {SOURCE: Materion (DM-46256)}
# - {DETECTOR: 53}
# - {FILTER: y_10}
# - {CALIB_ID: 'calibDate=1970-01-01T00:00:00 filter=y_10 detector=53'}
# - {DATE: '2025-04-02T15:59:50.987348'}
# - {CALIB_CREATION_DATE: '2025-04-02'}
# - {CALIB_CREATION_TIME: '15:59:50'}
# - __serialized_columns__:
#     efficiency:
#       __class__: astropy.units.quantity.Quantity
#       unit: !astropy.units.Unit {unit: '%'}
#       value: !astropy.table.SerializedColumn {name: efficiency}
#     wavelength:
#       __class__: astropy.units.quantity.Quantity
#       unit: !astropy.units.Unit {unit: nm}
#       value: !astropy.table.SerializedColumn {name: wavelength}
# schema: astropy-2.0
wavelength efficiency
[from data line 578]
878.0 0.000830477165436605
879.0 0.001665738454903476
880.0 0.0692674657329917
881.0 0.10004868963733315
882.0 0.06879103602841496
883.0 0.12423332082107663
884.0 0.0778569548856467
885.0 0.11651067761704326
886.0 0.07513178279623389
887.0 0.12306739808991551
888.0 0.07592110778205097
889.0 0.10666180169209838
890.0 0.0827002979349345
891.0 0.10343525791540742
892.0 0.07232269272208214
893.0 0.10867568198591471
894.0 0.08919197716750205
895.0 0.11450026649981737
896.0 0.08364215609617531
897.0 0.12142709456384182
898.0 0.10370872914791107
899.0 0.1483163796365261
900.0 0.11745523661375046
901.0 0.15225642127916217
902.0 0.16831073444336653
903.0 0.20727207884192467
904.0 0.24924124591052532
905.0 0.3073287894949317
906.0 0.3892347915098071
907.0 0.4994212184101343
908.0 0.6792527157813311
909.0 0.9200463071465492
910.0 1.3507552444934845
911.0 1.929980143904686
912.0 2.819001115858555
913.0 4.0817830711603165
914.0 5.565797910094261
915.0 7.661403715610504
916.0 10.106873512268066
917.0 12.696661055088043
918.0 15.560895204544067
919.0 18.26658397912979
920.0 21.945077180862427
921.0 25.88878870010376
922.0 29.87077236175537
923.0 34.604066610336304
924.0 39.72848355770111
925.0 45.3165739774704
926.0 51.883405447006226
927.0 58.81125330924988
928.0 64.75178599357605
929.0 71.02182507514954
930.0 76.43312811851501
931.0 81.58838152885437
932.0 86.18783354759216
933.0 89.96361494064331
934.0 92.56988763809204
935.0 94.35890316963196
936.0 95.64863443374634
937.0 96.550053358078
938.0 97.09253907203674
939.0 97.32802510261536
940.0 97.56993055343628
941.0 97.68752455711365
942.0 97.85049557685852
943.0 97.85029888153076
944.0 98.07068109512329
945.0 97.98323512077332
946.0 98.03646206855774
947.0 97.96032309532166
948.0 98.14181327819824
949.0 98.07178378105164
950.0 98.19708466529846
951.0 98.28714728355408
952.0 98.3426034450531
953.0 98.51956367492676
954.0 98.6162006855011
955.0 98.64615201950073
956.0 98.76834154129028
957.0 98.96830320358276
958.0 99.1233229637146
959.0 99.13783669471741
960.0 99.19314384460449
961.0 99.1982102394104
962.0 99.27492141723633
963.0 99.27138686180115
964.0 99.29776191711426
965.0 99.28235411643982
966.0 99.40937161445618
967.0 99.45363402366638
968.0 99.43005442619324
969.0 99.44698214530945
970.0 99.51434135437012
971.0 99.49705004692078
972.0 99.5415449142456
973.0 99.67023730278015
974.0 99.64870810508728
975.0 99.58245158195496
976.0 99.65933561325073
977.0 99.5887041091919
978.0 99.6623158454895
979.0 99.57534074783325
980.0 99.55326318740845
981.0 99.46332573890686
982.0 99.38063025474548
983.0 99.44243431091309
984.0 99.37731623649597
985.0 99.40519332885742
986.0 99.25769567489624
987.0 99.3564784526825
988.0 99.28120374679565
989.0 99.29031729698181
990.0 99.28523898124695
991.0 99.34162497520447
992.0 99.41805005073547
993.0 99.35774803161621
994.0 99.33791160583496
995.0 99.37491416931152
996.0 99.3830144405365
997.0 99.48077201843262
998.0 99.5356023311615
999.0 99.56405758857727
1000.0 99.58668947219849
1001.0 99.54034090042114
1002.0 99.67362880706787
1003.0 99.67877268791199
1004.0 99.7029960155487
1005.0 99.62393641471863
1006.0 99.7365653514862
1007.0 99.69531893730164
1008.0 99.64422583580017
1009.0 99.60644245147705
1010.0 99.63005185127258
1011.0 99.63797926902771
1012.0 99.54174160957336
1013.0 99.56936240196228
1014.0 99.5486855506897
1015.0 99.51949119567871
1016.0 99.52125549316406
1017.0 99.56492185592651
1018.0 99.60440397262573
1019.0 99.53035712242126
1020.0 99.59770441055298
1021.0 99.73145127296448
1022.0 99.65446591377258
1023.0 99.66384768486023
1024.0 99.63389039039612
1025.0 99.6702790260315
1026.0 99.70479011535645
1027.0 99.84017014503479
1028.0 99.72591996192932
1029.0 99.8184859752655
1030.0 99.84261393547058
1031.0 99.79376196861267
1032.0 99.80331659317017
1033.0 99.82975721359253
1034.0 99.79800581932068
1035.0 99.85317587852478
1036.0 99.79535341262817
1037.0 99.79351758956909
1038.0 99.74115490913391
1039.0 99.63462948799133
1040.0 99.60016012191772
1041.0 99.73395466804504
1042.0 99.58432912826538
1043.0 99.6232807636261
1044.0 99.72363710403442
1045.0 99.42574501037598
1046.0 99.57752227783203
1047.0 99.55406188964844
1048.0 99.61872696876526
1049.0 99.51596856117249
1050.0 99.48253035545349
1051.0 99.58807826042175
1052.0 99.52396154403687
1053.0 99.34296011924744
1054.0 99.61838722229004
1055.0 99.79689121246338
1056.0 99.51295852661133
1057.0 99.63124990463257
1058.0 99.40937161445618
1059.0 99.440598487854
1060.0 99.63487386703491
1061.0 99.49091672897339
1062.0 99.42566752433777
1063.0 99.4337260723114
1064.0 99.47986602783203
1065.0 99.48784708976746
1066.0 99.46390390396118
1067.0 99.54317212104797
1068.0 99.55928325653076
1069.0 99.20653700828552
1070.0 99.63867664337158
1071.0 99.47101473808289
1072.0 99.52748417854309
1073.0 99.53670501708984
1074.0 99.21640753746033
1075.0 99.30493831634521
1076.0 99.10978078842163
1077.0 99.26751852035522
1078.0 99.64596033096313
1079.0 99.21046495437622
1080.0 99.81914758682251
1081.0 99.09561276435852
1082.0 99.33449625968933
1083.0 99.2937982082367
1084.0 99.53078627586365
1085.0 99.6833860874176
1086.0 99.29174780845642
1087.0 99.4402289390564
1088.0 99.20445680618286
1089.0 99.22509789466858
1090.0 99.08993244171143
1091.0 99.21349287033081
1092.0 99.14248585700989
1093.0 99.02375936508179
1094.0 98.81784319877625
1095.0 98.86046648025513
1096.0 98.99788498878479
1097.0 98.81166219711304
1098.0 98.07540774345398
1099.0 98.88195395469666
1100.0 98.36422801017761
