lsstCam/transmission_filter_detector/r02_s01/r_57/19700101T000000.ecsv
# %ECSV 1.0
# ---
# datatype:
# - {name: wavelength, unit: nm, datatype: float32}
# - {name: efficiency, unit: '%', datatype: float64}
# meta: !!omap
# - {MODE: DETECTOR}
# - {TYPE: transmission_filter_detector}
# - {CALIBDATE: '1970-01-01T00:00:00'}
# - {INSTRUME: LSSTCam}
# - {OBSTYPE: transmission_filter_detector}
# - {CALIBCLS: lsst.ip.isr.IntermediateFilterDetectorTransmissionCurve}
# - {SOURCE: Materion (DM-46256)}
# - {DETECTOR: 10}
# - {FILTER: r_57}
# - {CALIB_ID: 'calibDate=1970-01-01T00:00:00 filter=r_57 detector=10'}
# - {DATE: '2025-04-02T15:59:44.231650'}
# - {CALIB_CREATION_DATE: '2025-04-02'}
# - {CALIB_CREATION_TIME: '15:59:44'}
# - __serialized_columns__:
#     efficiency:
#       __class__: astropy.units.quantity.Quantity
#       unit: !astropy.units.Unit {unit: '%'}
#       value: !astropy.table.SerializedColumn {name: efficiency}
#     wavelength:
#       __class__: astropy.units.quantity.Quantity
#       unit: !astropy.units.Unit {unit: nm}
#       value: !astropy.table.SerializedColumn {name: wavelength}
# schema: astropy-2.0
wavelength efficiency
300.0 0.0031246545404428616
301.0 0.008634728146716952
302.0 0.014144802116788924
303.0 0.016823189798742533
304.0 0.01950157748069614
305.0 0.017558422405272722
306.0 0.015615267329849303
307.0 0.01355777494609356
308.0 0.011500281834742054
309.0 0.010567165008978918
310.0 0.009634048183215782
311.0 0.008896739018382505
312.0 0.008159430581144989
313.0 0.007788646325934678
314.0 0.007417863525915891
315.0 0.0067768574808724225
316.0 0.006135852163424715
317.0 0.005467593655339442
318.0 0.004799335147254169
319.0 0.004630407420336269
320.0 0.0044614811486098915
321.0 0.004241149144945666
322.0 0.004020817868877202
323.0 0.003818119512288831
324.0 0.0036154204281046987
325.0 0.003739674502867274
326.0 0.003863927486236207
327.0 0.003791928611462936
328.0 0.0037199308280833066
329.0 0.003714176273206249
330.0 0.0037084224459249526
331.0 0.0034361029975116253
332.0 0.003163782093906775
333.0 0.002951050555566326
334.0 0.002738318289630115
335.0 0.002406397834420204
336.0 0.002074477197311353
337.0 0.001858618634287268
338.0 0.0016427602531621233
339.0 0.0015795636500115506
340.0 0.0015163669559115078
341.0 0.0014587928490072954
342.0 0.0014012186511536129
343.0 0.0014159822967485525
344.0 0.0014307461242424324
345.0 0.0013306484106578864
346.0 0.0012305506970733404
347.0 0.0011510410331538878
348.0 0.0010715313692344353
349.0 0.0010430010661366396
350.0 0.005700891779270023
351.0 0.005786171095678583
352.0 0.0058714504120871425
353.0 0.005645764758810401
354.0 0.00542007946933154
355.0 0.005286654049996287
356.0 0.005153228630661033
357.0 0.006513775588246062
358.0 0.007874322909628972
359.0 0.005686391887138598
360.0 0.003498460864648223
361.0 0.0025535451641189866
362.0 0.0016086296454886906
363.0 0.0026586567400954664
364.0 0.0037086840166011825
365.0 0.0035860735806636512
366.0 0.0034634635085240006
367.0 0.0031359239073935896
368.0 0.0028083843062631786
369.0 0.0021243997252895497
370.0 0.0014404154171643313
371.0 0.0022723546862835065
372.0 0.003104294228251092
373.0 0.0033810491004260257
374.0 0.0036578036088030785
375.0 0.0032073268812382594
376.0 0.0027568503355723806
377.0 0.00135690506795072
378.0 1.7072420950905998e-10
379.0 0.0008674305718159303
380.0 0.0017779013433028013
381.0 0.002369622416154016
382.0 0.0029613440347020514
383.0 0.0032108902814798057
384.0 0.0034604367101565003
385.0 0.004428331885719672
386.0 0.005396226333687082
387.0 0.004829532917938195
388.0 0.004262839502189308
389.0 0.003668042700155638
390.0 0.003073245534324087
391.0 0.002180896444770042
392.0 0.0012885477190138772
393.0 0.0014899163943482563
394.0 0.0016912847058847547
395.0 0.0012318453627813142
396.0 0.0007724061106273439
397.0 0.000725561949366238
398.0 0.0006787180609535426
399.0 0.0006526724064315204
400.0 0.0006266262516874122
401.0 0.00031394979487231467
402.0 1.2727026543757347e-06
403.0 0.00020429285996215185
404.0 0.0004073132458870532
405.0 0.0008156447620422114
406.0 0.0012239757779752836
407.0 0.0018578113667899743
408.0 0.0024916467737057246
409.0 0.0020989158656448126
410.0 0.0017061847756849602
411.0 0.0012619045264727902
412.0 0.00081762418631115
413.0 0.0007537173587479629
414.0 0.0006898105311847758
415.0 0.0007046918199193897
416.0 0.0007195734724518843
417.0 0.0012956500540894922
418.0 0.0018717271814239211
419.0 0.0023318301828112453
420.0 0.00279193354799645
421.0 0.0044238066038815305
422.0 0.00605567947786767
423.0 0.009598092583473772
424.0 0.013140504597686231
425.0 0.01743666216498241
426.0 0.021732813911512494
427.0 0.02205212222179398
428.0 0.022371431987266988
429.0 0.017005903646349907
430.0 0.011640375305432826
431.0 0.008415472984779626
432.0 0.005190569572732784
433.0 0.00430595719080884
434.0 0.0034213448088848963
435.0 0.0026484771296964027
436.0 0.001875609450507909
437.0 0.0016173022231669165
438.0 0.0013589953596238047
439.0 0.001133935984398704
440.0 0.0009088765182241332
441.0 0.0011364119018253405
442.0 0.001363947376376018
443.0 0.0017097096133511513
444.0 0.0020554718503262848
445.0 0.0019489820260787383
446.0 0.0018424920199322514
447.0 0.0016829608284751885
448.0 0.0015234295460686553
449.0 0.0015712832464487292
450.0 0.0016191363101825118
451.0 0.0017667793144937605
452.0 0.0019144219550071284
453.0 0.0017700243915896863
454.0 0.0016256268281722441
455.0 0.0014629116776632145
456.0 0.0013001968909520656
457.0 0.0009555821634421591
458.0 0.0006109676178311929
459.0 0.0008234371307480615
460.0 0.0010359065527154598
461.0 0.0016984182366286404
462.0 0.0023609296476934105
463.0 0.003155804006382823
464.0 0.003950678001274355
465.0 0.005120499190525152
466.0 0.0062903207435738295
467.0 0.006899621075717732
468.0 0.007508922863053158
469.0 0.0063729065004736185
470.0 0.0052368908654898405
471.0 0.003950349855585955
472.0 0.0026638088456820697
473.0 0.0022218688172870316
474.0 0.0017799286069930531
475.0 0.0014819567695667502
476.0 0.001183985295938328
477.0 0.0009478563697484788
478.0 0.0007117274435586296
479.0 0.0009589578439772595
480.0 0.0012061879715474788
481.0 0.000890525734575931
482.0 0.0005748637249780586
483.0 0.000645781756247743
484.0 0.0007166996510932222
485.0 0.0006413271876226645
486.0 0.0005659545877279015
487.0 0.0006246265911613591
488.0 0.0006832985491200816
489.0 0.0006927836693648715
490.0 0.0007022686986601911
491.0 0.0008235399036493618
492.0 0.0009448109267395921
493.0 0.0010994202966685407
494.0 0.001254029484698549
495.0 0.0011034889212169219
496.0 0.0009529481758363545
497.0 0.0011793128578574397
498.0 0.0014056772670301143
499.0 0.0013981580195832066
500.0 0.0013906388630857691
501.0 0.0015661664292565547
502.0 0.001741694359225221
503.0 0.0021315150661394
504.0 0.0025213355911546387
505.0 0.003142992136417888
506.0 0.003764648863580078
507.0 0.004453922883840278
508.0 0.005143196904100478
509.0 0.005602906094281934
510.0 0.006062614556867629
511.0 0.005362281444831751
512.0 0.004661947968997993
513.0 0.004010859993286431
514.0 0.0033597716537769884
515.0 0.0031423998734680936
516.0 0.0029250284569570795
517.0 0.0027271620638202876
518.0 0.002529295852582436
519.0 0.05677524022758007
520.0 0.06258214707486331
521.0 0.08833842002786696
522.0 0.14087819727137685
523.0 0.04193014756310731
524.0 0.12793642235919833
525.0 0.1341704512014985
526.0 0.1935015432536602
527.0 0.06851304206065834
528.0 0.11461001122370362
529.0 0.10949854040518403
530.0 0.219599436968565
531.0 0.2490326063707471
532.0 0.30015311203897
533.0 0.33748215064406395
534.0 0.5179316271096468
535.0 0.7194751407951117
536.0 1.120858546346426
537.0 1.8142487853765488
538.0 2.8171950951218605
539.0 4.274876415729523
540.0 6.53710812330246
541.0 9.171705693006516
542.0 12.43850588798523
543.0 16.50412678718567
544.0 21.513153612613678
545.0 27.201274037361145
546.0 34.0328723192215
547.0 41.422414779663086
548.0 50.18269419670105
549.0 57.66746997833252
550.0 63.461852073669434
551.0 69.78368163108826
552.0 73.76706004142761
553.0 77.77947783470154
554.0 81.35322332382202
555.0 84.58670377731323
556.0 88.02173137664795
557.0 90.49515128135681
558.0 92.83642768859863
559.0 94.84006762504578
560.0 94.80122923851013
561.0 95.60807943344116
562.0 95.96899151802063
563.0 95.4735815525055
564.0 96.0420310497284
565.0 95.23922801017761
566.0 96.11262679100037
567.0 95.68600058555603
568.0 96.49068713188171
569.0 96.98519110679626
570.0 96.63048386573792
571.0 97.54784107208252
572.0 96.9034731388092
573.0 97.25654721260071
574.0 97.41364121437073
575.0 97.07745313644409
576.0 97.51763939857483
577.0 97.23816514015198
578.0 97.45769500732422
579.0 97.13590741157532
580.0 96.90431356430054
581.0 96.69069051742554
582.0 96.73671126365662
583.0 96.9081699848175
584.0 96.32682204246521
585.0 96.48043513298035
586.0 96.72552943229675
587.0 96.30813002586365
588.0 96.64091467857361
589.0 97.3570168018341
590.0 97.01719880104065
591.0 96.12594842910767
592.0 96.1118996143341
593.0 95.89865803718567
594.0 96.28247022628784
595.0 96.7907726764679
596.0 97.15228080749512
597.0 97.33500480651855
598.0 97.17894196510315
599.0 97.16663956642151
600.0 96.99616432189941
601.0 96.3213562965393
602.0 96.65777087211609
603.0 96.36291861534119
604.0 96.43166065216064
605.0 96.88348174095154
606.0 96.09761238098145
607.0 96.25017642974854
608.0 96.48303389549255
609.0 95.74958086013794
610.0 96.03984355926514
611.0 96.03821039199829
612.0 96.06826305389404
613.0 97.24771976470947
614.0 96.89784646034241
615.0 96.29988074302673
616.0 96.85277342796326
617.0 96.84630036354065
618.0 96.62731289863586
619.0 97.4066436290741
620.0 96.0328221321106
621.0 95.56915760040283
622.0 96.91256880760193
623.0 96.89752459526062
624.0 96.6758131980896
625.0 96.92999720573425
626.0 96.4137077331543
627.0 95.46391367912292
628.0 97.54678010940552
629.0 95.79935073852539
630.0 96.82697653770447
631.0 96.1760401725769
632.0 97.23511338233948
633.0 96.55967354774475
634.0 96.12017869949341
635.0 96.49189114570618
636.0 96.36461138725281
637.0 95.8882212638855
638.0 96.08708024024963
639.0 95.68421244621277
640.0 95.88196873664856
641.0 95.97413539886475
642.0 96.16014361381531
643.0 96.14567160606384
644.0 96.39740586280823
645.0 96.59010171890259
646.0 96.40478491783142
647.0 97.50897288322449
648.0 96.88794612884521
649.0 95.84305882453918
650.0 96.78254127502441
651.0 97.2486674785614
652.0 97.35810160636902
653.0 96.06406688690186
654.0 96.99995517730713
655.0 96.829092502594
656.0 95.87680697441101
657.0 96.40057682991028
658.0 96.70671224594116
659.0 96.75478339195251
660.0 95.63084840774536
661.0 95.36757469177246
662.0 95.8700180053711
663.0 95.83587050437927
664.0 95.4548716545105
665.0 95.65867781639099
666.0 95.48537731170654
667.0 95.87786793708801
668.0 95.32699584960938
669.0 95.78320384025574
670.0 95.61830759048462
671.0 95.84250450134277
672.0 95.29286623001099
673.0 95.48024535179138
674.0 94.80700492858887
675.0 95.45581340789795
676.0 94.58016753196716
677.0 93.60575079917908
678.0 92.67383217811584
679.0 91.7248547077179
680.0 90.48019647598267
681.0 88.79225850105286
682.0 86.50749325752258
683.0 83.34163427352905
684.0 79.82256412506104
685.0 75.77254176139832
686.0 71.67858481407166
687.0 67.03681349754333
688.0 62.47161626815796
689.0 58.14899206161499
690.0 53.435319662094116
691.0 49.39718246459961
692.0 44.624897837638855
693.0 40.08942246437073
694.0 34.71173942089081
695.0 29.04970943927765
696.0 23.377566039562225
697.0 18.123726546764374
698.0 12.673938274383545
699.0 8.643391728401184
700.0 5.77487088739872
701.0 3.4024544060230255
702.0 2.0720286294817924
703.0 1.1929851956665516
704.0 0.6960096303373575
705.0 0.4267345182597637
706.0 0.3088274970650673
707.0 0.19182522082701325
708.0 0.114159204531461
709.0 0.06841802387498319
710.0 0.0758241512812674
711.0 0.0711222121026367
712.0 0.06362419808283448
713.0 0.052594958106055856
714.0 0.05436997162178159
715.0 0.06433868547901511
716.0 0.05098219262436032
717.0 0.028772096266038716
718.0 0.0686429615598172
719.0 0.007533641473855823
720.0 1.7072420950905998e-10
721.0 0.00420936121372506
722.0 0.003963581548305228
723.0 0.003717802246683277
724.0 0.003435131657170132
725.0 0.0031524607038591057
726.0 0.0029288139558047988
727.0 0.0027051675715483725
728.0 0.0025712146452860907
729.0 0.002437261355225928
730.0 0.0022657577574136667
731.0 0.0020942547052982263
732.0 0.002076472264889162
733.0 0.0020586898244800977
734.0 0.0019486560631776229
735.0 0.001838621756178327
736.0 0.0016424199202447198
737.0 0.0014462182662100531
738.0 0.0014421489140659105
739.0 0.0014380795619217679
740.0 0.0014595596439903602
741.0 0.0014810398170084227
742.0 0.0013929577107774094
743.0 0.0013048755135969259
744.0 0.0013564548680733424
745.0 0.0014080338587518781
746.0 0.0012915551451442298
747.0 0.0011750763405871112
748.0 0.0010289445526723284
749.0 0.0008828127647575457
750.0 0.0009100034731091
751.0 0.0009371945452585351
752.0 0.000986040413408773
753.0 0.0010348861906095408
754.0 0.0010299398127244785
755.0 0.0010249935257888865
756.0 0.000978231673798291
757.0 0.000931469548959285
758.0 0.0009797860911930911
759.0 0.001028102542477427
760.0 0.001023427648760844
761.0 0.0010187531188421417
762.0 0.0010043646398116834
763.0 0.0009899764336296357
764.0 0.0009609224434825592
765.0 0.0009318684533354826
766.0 0.0007363973054452799
767.0 0.0005409261575550772
768.0 0.0005570879238803172
769.0 0.0005732496902055573
770.0 0.0007439593900926411
771.0 0.0009146693628281355
772.0 0.0008024092494451907
773.0 0.0006901489996380406
774.0 0.0007849042049201671
775.0 0.0008796593647275586
776.0 0.0008727372005523648
777.0 0.0008658150363771711
778.0 0.0008440887540928088
779.0 0.0008223624718084466
780.0 0.0007117357199604157
781.0 0.0006011091500113253
782.0 0.0006820094768045237
783.0 0.0007629098035977222
784.0 0.0008005956260603853
785.0 0.0008382811756746378
786.0 0.0006703951385134133
787.0 0.0005025090104027186
788.0 0.0005432230864244048
789.0 0.0005839373898197664
790.0 0.0006818713245593244
791.0 0.0007798052138241474
792.0 0.0007788361472194083
793.0 0.0007778669896651991
794.0 0.0007927354999992531
795.0 0.0008076036465354264
796.0 0.0006127122105681337
797.0 0.00041782068365137093
798.0 0.0005852859885635553
799.0 0.0007527512934757397
800.0 0.0006982144896028331
801.0 0.0006436773674067808
802.0 0.0005493146545632044
803.0 0.0004549516233964823
804.0 0.0005644642442348413
805.0 0.0006739769105479354
806.0 0.0006147582553239772
807.0 0.0005555396455747541
808.0 0.0006897438652231358
809.0 0.0008239480848715175
810.0 0.0007120297141227638
811.0 0.0006001116162224207
812.0 0.0006409225534298457
813.0 0.0006817333996878006
814.0 0.0005541036898648599
815.0 0.00042647402551665436
816.0 0.000566064636586816
817.0 0.0007056553386064479
818.0 0.0006511049377877498
819.0 0.0005965544914943166
820.0 0.0004840194833377609
821.0 0.0003714844751812052
822.0 0.00041098105612036306
823.0 0.0004504777280089911
824.0 0.00040730792534304783
825.0 0.00036413816815183964
826.0 0.0004756780526804505
827.0 0.0005872179372090613
828.0 0.00045020478864898905
829.0 0.00031319173103838693
830.0 0.00019386284293432254
831.0 7.453398325196758e-05
832.0 4.178213828254229e-05
833.0 9.030279102262284e-06
834.0 1.7072420950905998e-10
835.0 1.7072420950905998e-10
836.0 0.0001954295385075966
837.0 0.000499615998705849
838.0 0.0006554345418408047
839.0 0.0008112530849757604
840.0 0.0011710107173712458
841.0 0.0015307683497667313
842.0 0.002302390566910617
843.0 0.0030740131478523836
844.0 0.003668817225843668
845.0 0.004263621667632833
846.0 0.0046278884838102385
847.0 0.004992155663785525
848.0 0.004261563299223781
849.0 0.003530970570864156
850.0 0.00261493642028654
851.0 0.0016989029973046854
852.0 0.0013845613466401119
853.0 0.001070219514076598
854.0 0.0009665150173532311
855.0 0.0008628101568319835
856.0 0.0006941903848201036
857.0 0.0005255706582829589
858.0 0.000627978442935273
859.0 0.000730386136638117
860.0 0.0005733813395636389
861.0 0.0004163764515396906
862.0 0.0004217836249154061
863.0 0.0004271907982911216
864.0 0.00035658870274346555
865.0 0.00028598665267054457
866.0 0.00021304010715539334
867.0 0.00014009355027155834
868.0 0.00015486282336496515
869.0 0.00016963206235232065
870.0 7.894809641584288e-05
871.0 1.7072420950905998e-10
872.0 1.7072420950905998e-10
873.0 1.7072420950905998e-10
874.0 1.7072420950905998e-10
875.0 1.7072420950905998e-10
876.0 1.7072420950905998e-10
877.0 6.908787213433243e-05
878.0 0.00012680580994128832
879.0 0.00018452371932653477
880.0 0.00017319224525635946
881.0 0.0001618607484488166
882.0 0.00010381656920799287
883.0 4.5772424073220463e-05
884.0 1.7072420950905998e-10
885.0 1.7072420950905998e-10
886.0 1.7072420950905998e-10
887.0 7.822345082786342e-05
888.0 0.00015555242498521693
889.0 0.00023288137072086101
890.0 0.0002114107701345347
891.0 0.00018994013544215704
892.0 5.516610031008895e-05
893.0 1.7072420950905998e-10
894.0 1.7072420950905998e-10
895.0 2.3091909895356366e-05
896.0 3.114315063612594e-05
897.0 3.919445532574173e-05
898.0 1.99141680923276e-05
899.0 6.338869429356464e-07
900.0 1.7072420950905998e-10
