lsstCam/transmission_filter_detector/r02_s01/r_57/19700101T000000.ecsv
# %ECSV 1.0
# ---
# datatype:
# - {name: wavelength, unit: nm, datatype: float32}
# - {name: efficiency, unit: '%', datatype: float64}
# meta: !!omap
# - {MODE: DETECTOR}
# - {TYPE: transmission_filter_detector}
# - {CALIBDATE: '1970-01-01T00:00:00'}
# - {INSTRUME: LSSTCam}
# - {OBSTYPE: transmission_filter_detector}
# - {CALIBCLS: lsst.ip.isr.IntermediateFilterDetectorTransmissionCurve}
# - {SOURCE: Materion (DM-46256)}
# - {DETECTOR: 10}
# - {FILTER: r_57}
# - {CALIB_ID: 'calibDate=1970-01-01T00:00:00 filter=r_57 detector=10'}
# - {DATE: '2025-04-02T15:59:44.231650'}
# - {CALIB_CREATION_DATE: '2025-04-02'}
# - {CALIB_CREATION_TIME: '15:59:44'}
# - __serialized_columns__:
#     efficiency:
#       __class__: astropy.units.quantity.Quantity
#       unit: !astropy.units.Unit {unit: '%'}
#       value: !astropy.table.SerializedColumn {name: efficiency}
#     wavelength:
#       __class__: astropy.units.quantity.Quantity
#       unit: !astropy.units.Unit {unit: nm}
#       value: !astropy.table.SerializedColumn {name: wavelength}
# schema: astropy-2.0
wavelength efficiency
[from data line 602]
902.0 1.7072420950905998e-10
903.0 1.7072420950905998e-10
904.0 1.7072420950905998e-10
905.0 1.7072420950905998e-10
906.0 1.7072420950905998e-10
907.0 1.7072420950905998e-10
908.0 1.7072420950905998e-10
909.0 1.7072420950905998e-10
910.0 1.7072420950905998e-10
911.0 1.7072420950905998e-10
912.0 1.7072420950905998e-10
913.0 1.7072420950905998e-10
914.0 1.7072420950905998e-10
915.0 7.919413178569812e-05
916.0 4.9728663498171954e-05
917.0 2.0263206579329562e-05
918.0 9.025671943163616e-05
919.0 0.00016025019249354955
920.0 6.89409887399961e-05
921.0 1.7072420950905998e-10
922.0 0.00010777587249322096
923.0 0.00023791999410605058
924.0 0.00021174407720536692
925.0 0.00018556817167336703
926.0 0.00015784007700858638
927.0 0.0001301119937124895
928.0 0.00018684255564949126
929.0 0.00024357311758649303
930.0 0.0002796178023345419
931.0 0.0003156625325573259
932.0 0.00012837647318519885
933.0 1.7072420950905998e-10
934.0 0.00010077541219288833
935.0 0.0002604603196232347
936.0 0.00026512539079703856
937.0 0.00026979046197084244
938.0 0.00030425128443312133
939.0 0.00033871212963276776
940.0 0.00029261550480441656
941.0 0.0002465189027134329
942.0 0.0003694766292028362
943.0 0.0004924344011669746
944.0 0.00037103081922396086
945.0 0.00024962728275568224
946.0 0.0002882281705751666
947.0 0.0003268290356572834
948.0 0.00044861317292088643
949.0 0.000570397332921857
950.0 0.0005584845894190948
951.0 0.0005465718459163327
952.0 0.0006929248229425866
953.0 0.0008392778909183107
954.0 0.0011122824616904836
955.0 0.0013852872143615969
956.0 0.0014751024536963087
957.0 0.0015649176930310205
958.0 0.001701211294857785
959.0 0.0018375052604824305
960.0 0.001958984648808837
961.0 0.0020804642190341838
962.0 0.0022484380679088645
963.0 0.002416412280581426
964.0 0.0023833592422306538
965.0 0.0023503060219809413
966.0 0.0023196289475890808
967.0 0.00228895169129828
968.0 0.0022412501493818127
969.0 0.0021935487893642858
970.0 0.002277181738463696
971.0 0.0023608152332599275
972.0 0.0024602542907814495
973.0 0.002559692984505091
974.0 0.0028375179681461304
975.0 0.0031153427698882297
976.0 0.003231433220207691
977.0 0.0033475229429313913
978.0 0.0032511059544049203
979.0 0.0031546889658784494
980.0 0.003080878741457127
981.0 0.0030070683351368643
982.0 0.003150810516672209
983.0 0.003294552880106494
984.0 0.0032906016713241115
985.0 0.0032866500987438485
986.0 0.0031511903216596693
987.0 0.00301573054457549
988.0 0.002782440060400404
989.0 0.0025491497581242584
990.0 0.0025843697585514747
991.0 0.0026195899408776313
992.0 0.0026582525606499985
993.0 0.002696915362321306
994.0 0.0027460328055894934
995.0 0.0027951500669587404
996.0 0.00285887872450985
997.0 0.0029226072001620196
998.0 0.003024667785211932
999.0 0.003126728188362904
1000.0 0.0032423329685116187
1001.0 0.0033579377486603335
1002.0 0.0035810371628031135
1003.0 0.0038041365769458935
1004.0 0.0039579572330694646
1005.0 0.004111777525395155
1006.0 0.004288791024009697
1007.0 0.00446580488642212
1008.0 0.004464326775632799
1009.0 0.004462847937247716
1010.0 0.004483024895307608
1011.0 0.004503202217165381
1012.0 0.004458787589101121
1013.0 0.004414373324834742
1014.0 0.004141370300203562
1015.0 0.0038683665479766205
1016.0 0.003688636570586823
1017.0 0.0035089065931970254
1018.0 0.0030479828637908213
1019.0 0.0025870596800814383
1020.0 0.0021711857698392123
1021.0 0.001755311677698046
1022.0 0.0015335061107180081
1023.0 0.0013117001799400896
1024.0 0.0013921647223469336
1025.0 0.001472629537602188
1026.0 0.0013552570635511074
1027.0 0.0012378843166516162
1028.0 0.0011140963579236995
1029.0 0.0009903081263473723
1030.0 0.000957069823925849
1031.0 0.0009238308848580346
1032.0 0.0008923438144847751
1033.0 0.0008608565622125752
1034.0 0.0008305448318424169
1035.0 0.0008002330105227884
1036.0 0.0009216306352755055
1037.0 0.0010430278052808717
1038.0 0.0008985693057184108
1039.0 0.0007541109425801551
1040.0 0.0008357777915080078
1041.0 0.0009174446859105956
1042.0 0.0010123596439370885
1043.0 0.0011072744200646412
1044.0 0.0009876041076495312
1045.0 0.000867934159032302
1046.0 0.0009067548489838373
1047.0 0.0009455758117837831
1048.0 0.000834955062600784
1049.0 0.0007243344953167252
1050.0 0.0007377074325631838
1051.0 0.0007510804152843775
1052.0 0.0010147231478185859
1053.0 0.0012783653801307082
1054.0 0.0010592624676064588
1055.0 0.0008401594641327392
1056.0 0.0009532516742183361
1057.0 0.001066344430000754
1058.0 0.0009021380719786976
1059.0 0.0007379318958555814
1060.0 0.001131598310166737
1061.0 0.001525264360680012
1062.0 0.0014944503163860645
1063.0 0.001463636272092117
1064.0 0.0012018813322356436
1065.0 0.0009401262104802299
1066.0 0.0012156571756349877
1067.0 0.0014911883226886857
1068.0 0.0017295029465458356
1069.0 0.001967816933756694
1070.0 0.001362315106234746
1071.0 0.0007568132332380628
1072.0 0.001232751674251631
1073.0 0.0017086902516894042
1074.0 0.0022979780624154955
1075.0 0.0028872658731415868
1076.0 0.0031879138987278566
1077.0 0.003488562288112007
1078.0 0.003917956564691849
1079.0 0.004347350841271691
1080.0 0.004161204560659826
1081.0 0.00397505791625008
1082.0 0.0037793575756950304
1083.0 0.0035836575989378616
1084.0 0.004588742376654409
1085.0 0.005593826790573075
1086.0 0.0053947671403875574
1087.0 0.0051957074902020395
1088.0 0.005034271089243703
1089.0 0.004872835052083246
1090.0 0.00489984086016193
1091.0 0.004926845940644853
1092.0 0.004378458470455371
1093.0 0.003830070636468008
1094.0 0.004372269177110866
1095.0 0.0049144673539558426
1096.0 0.0036813453334616497
1097.0 0.002448223312967457
1098.0 0.00197457084141206
1099.0 0.0015009187336545438
1100.0 0.0016535552276764065
1101.0 0.0018061913579003885
