lsstCam/transmission_filter_detector/r23_s21/i_39/19700101T000000.ecsv
# %ECSV 1.0
# ---
# datatype:
# - {name: wavelength, unit: nm, datatype: float32}
# - {name: efficiency, unit: '%', datatype: float64}
# meta: !!omap
# - {MODE: DETECTOR}
# - {TYPE: transmission_filter_detector}
# - {CALIBDATE: '1970-01-01T00:00:00'}
# - {INSTRUME: LSSTCam}
# - {OBSTYPE: transmission_filter_detector}
# - {CALIBCLS: lsst.ip.isr.IntermediateFilterDetectorTransmissionCurve}
# - {SOURCE: Materion (DM-46256)}
# - {DETECTOR: 106}
# - {FILTER: i_39}
# - {CALIB_ID: 'calibDate=1970-01-01T00:00:00 filter=i_39 detector=106'}
# - {DATE: '2025-04-02T15:59:46.971492'}
# - {CALIB_CREATION_DATE: '2025-04-02'}
# - {CALIB_CREATION_TIME: '15:59:46'}
# - __serialized_columns__:
#     efficiency:
#       __class__: astropy.units.quantity.Quantity
#       unit: !astropy.units.Unit {unit: '%'}
#       value: !astropy.table.SerializedColumn {name: efficiency}
#     wavelength:
#       __class__: astropy.units.quantity.Quantity
#       unit: !astropy.units.Unit {unit: nm}
#       value: !astropy.table.SerializedColumn {name: wavelength}
# schema: astropy-2.0
wavelength efficiency
300.0 0.026940120733343065
301.0 9.71507120084425e-05
302.0 1.5741586636627836e-10
303.0 1.5741586636627836e-10
304.0 0.018896009714808315
305.0 0.009851757931755856
306.0 0.000807510605227435
307.0 0.0004944186002830975
308.0 0.0001813286985452578
309.0 0.002551053330535069
310.0 0.0049207781557925045
311.0 0.0025144994651782326
312.0 0.0001082234007299121
313.0 1.5741586636627836e-10
314.0 1.5741586636627836e-10
315.0 1.5741586636627836e-10
316.0 0.0004543809609458549
317.0 0.000696698089086567
318.0 0.0009390154446009547
319.0 0.000915285727387527
320.0 0.0008915565558709204
321.0 0.0015812605852261186
322.0 0.002270963705086615
323.0 0.0019907052774215117
324.0 0.0017104470316553488
325.0 1.5741586636627836e-10
326.0 1.5741586636627836e-10
327.0 1.5741586636627836e-10
328.0 1.5741586636627836e-10
329.0 1.5741586636627836e-10
330.0 0.0002695775037864223
331.0 0.0009285025043936912
332.0 0.0015874284144956619
333.0 0.0018999915482709184
334.0 0.002212554682046175
335.0 0.0018197461031377316
336.0 0.0014269377970776986
337.0 0.001241373593074968
338.0 0.0010558088433754165
339.0 0.001177728881884832
340.0 0.0012996491022931878
341.0 0.0003762912001548102
342.0 1.5741586636627836e-10
343.0 0.0007376940175163327
344.0 0.0020224551917635836
345.0 0.001281527329410892
346.0 0.0005405998308560811
347.0 1.5741586636627836e-10
348.0 1.5741586636627836e-10
349.0 1.5741586636627836e-10
350.0 0.0009967057849280536
351.0 0.0003689444611154613
352.0 1.5741586636627836e-10
353.0 1.5741586636627836e-10
354.0 1.5741586636627836e-10
355.0 1.5741586636627836e-10
356.0 0.0005013880581827834
357.0 0.0008402776984439697
358.0 0.0011791674296546262
359.0 0.0004680246547650313
360.0 1.5741586636627836e-10
361.0 6.958287599445612e-05
362.0 0.0003822839516942622
363.0 1.5741586636627836e-10
364.0 1.5741586636627836e-10
365.0 1.5741586636627836e-10
366.0 6.639646130679466e-05
367.0 1.5741586636627836e-10
368.0 1.5741586636627836e-10
369.0 0.0001306427179770253
370.0 0.0006200480584084289
371.0 0.0005217662419454427
372.0 0.0004234843345329864
373.0 0.0006945738277863711
374.0 0.0009656631846155506
375.0 0.0005248121397016803
376.0 8.396100383833982e-05
377.0 1.5741586636627836e-10
378.0 1.5741586636627836e-10
379.0 1.5741586636627836e-10
380.0 1.5741586636627836e-10
381.0 1.5741586636627836e-10
382.0 1.5741586636627836e-10
383.0 0.0003504129381326493
384.0 0.0009464758477406576
385.0 0.00044752841859008186
386.0 1.5741586636627836e-10
387.0 4.341395367646328e-05
388.0 0.0001382465370625141
389.0 7.988048196239106e-05
390.0 2.1514348702567077e-05
391.0 0.00030848689220874803
392.0 0.000595459459873382
393.0 0.00014284510143625084
394.0 1.5741586636627836e-10
395.0 0.00014822014691162622
396.0 0.0006062094143999275
397.0 0.0006879042757645948
398.0 0.0007695991371292621
399.0 0.0010732478585850913
400.0 0.0013768966709903907
401.0 0.002987106745422352
402.0 0.004597316001309082
403.0 0.005680500180460513
404.0 0.006763685087207705
405.0 0.004515032560448162
406.0 0.002266380579385441
407.0 0.002556750041549094
408.0 0.002847118776116986
409.0 0.002719589974731207
410.0 0.0025920608095475473
411.0 0.00453610009572003
412.0 0.006480138836195692
413.0 0.004769215229316615
414.0 0.0030582916224375367
415.0 0.0035660636058310047
416.0 0.004073835953022353
417.0 0.004200774128548801
418.0 0.004327711576479487
419.0 0.0035345936339581385
420.0 0.002741475145739969
421.0 0.004237726170686074
422.0 0.005733977741328999
423.0 0.005439826782094315
424.0 0.00514567582285963
425.0 0.005679210153175518
426.0 0.006212743755895644
427.0 0.005281508492771536
428.0 0.004350272865849547
429.0 0.003889697472914122
430.0 0.0034291228075744584
431.0 0.0032181822462007403
432.0 0.0030072416848270223
433.0 0.00265112794295419
434.0 0.0022950143829802983
435.0 0.002269403739774134
436.0 0.002243792732770089
437.0 0.0020982683054171503
438.0 0.0019527438780642115
439.0 0.0017411683074897155
440.0 0.0015295927369152196
441.0 0.0015514204278588295
442.0 0.0015732484826003201
443.0 0.0016056785170803778
444.0 0.0016381089153583162
445.0 0.0013350118024391122
446.0 0.0010319149623683188
447.0 0.0004482244548853487
448.0 1.5741586636627836e-10
449.0 1.5741586636627836e-10
450.0 1.5741586636627836e-10
451.0 0.0002045928340521641
452.0 0.0006428065717045683
453.0 0.0009375957233714871
454.0 0.0012323848750384059
455.0 0.0011808206181740388
456.0 0.0011292562703602016
457.0 0.0007746195478830487
458.0 0.0004199829163553659
459.0 0.0004825460109714186
460.0 0.0005451091055874713
461.0 0.0006716611551382812
462.0 0.0007982132956385612
463.0 0.000707901244823006
464.0 0.0006175891485327156
465.0 0.00037908932881691726
466.0 0.00014058947499506758
467.0 0.00040222271309175994
468.0 0.0006638560080318712
469.0 0.000594084121985361
470.0 0.0005243121904641157
471.0 0.0004368128429632634
472.0 0.0003493137228360865
473.0 0.0005579939170274884
474.0 0.0007666741112188902
475.0 0.0006513791504403343
476.0 0.0005360840987123083
477.0 0.0006097124241932761
478.0 0.0006833406132500386
479.0 0.0011773613550758455
480.0 0.0016713822333258577
481.0 0.002444552410452161
482.0 0.0032177227694774047
483.0 0.004710473513114266
484.0 0.006203223892953247
485.0 0.007508220005547628
486.0 0.008813215390546247
487.0 0.011297922173980623
488.0 0.013782628229819238
489.0 0.016528181731700897
490.0 0.019273735233582556
491.0 0.021421798737719655
492.0 0.02356986078666523
493.0 0.02485219738446176
494.0 0.02613452961668372
495.0 0.023400170903187245
496.0 0.020665809279307723
497.0 0.01678145199548453
498.0 0.012897096166852862
499.0 0.009021338337333873
500.0 0.005145581235410646
501.0 0.003636707697296515
502.0 0.0021278341591823846
503.0 0.0022198424630914815
504.0 0.0023118507670005783
505.0 0.0020883215256617405
506.0 0.0018647922843229026
507.0 0.0019649483874673024
508.0 0.002065104490611702
509.0 0.002158797360607423
510.0 0.002252490412502084
511.0 0.001986081770155579
512.0 0.0017196731278090738
513.0 0.0018633510990184732
514.0 0.002007029252126813
515.0 0.0022079635527916253
516.0 0.0024088976715574972
517.0 0.002424872582196258
518.0 0.002440847492835019
519.0 0.002299635343661066
520.0 0.002158423012588173
521.0 0.0018315118722966872
522.0 0.001504600550106261
523.0 0.001436388811271172
524.0 0.001368177072436083
525.0 0.001970235643966589
526.0 0.0025722943973960355
527.0 0.0025998731871368363
528.0 0.0026274521587765776
529.0 0.002415618837403599
530.0 0.00220378515223274
531.0 0.001968720243894495
532.0 0.0017336558812530711
533.0 0.001666086791374255
534.0 0.0015985177014954388
535.0 0.0018308390281163156
536.0 0.0020631603547371924
537.0 0.00271372300630901
538.0 0.003364285657880828
539.0 0.00398260926885996
540.0 0.004600932516041212
541.0 0.005228966256254353
542.0 0.0058569999964674935
543.0 0.0054362157243303955
544.0 0.005015431815991178
545.0 0.003926714998669922
546.0 0.002837997817550786
547.0 0.002212023173342459
548.0 0.001586048529134132
549.0 0.0015064108083606698
550.0 0.0014267734513850883
551.0 0.001506420176156098
552.0 0.0015860670828260481
553.0 0.0015167401215876453
554.0 0.0014474132512987126
555.0 0.0010009671314037405
556.0 0.0005545209660340333
557.0 0.0007544133040937595
558.0 0.0009543056876282208
559.0 0.0006592233603441855
560.0 0.0003641410103227827
561.0 0.0009583690371073317
562.0 0.0015525971321039833
563.0 0.0015716932466602884
564.0 0.0015907893612165935
565.0 0.0014403128261619713
566.0 0.0012898365639557596
567.0 0.0010572569408395793
568.0 0.0008246774996223394
569.0 0.000714462385076331
570.0 0.0006042474069545278
571.0 0.0005733468242397066
572.0 0.0005424461960501503
573.0 0.000502341981700738
574.0 0.0004622376764018554
575.0 0.0005286975920171244
576.0 0.0005951574621576583
577.0 0.0005089606474939501
578.0 0.00042276392377971206
579.0 0.0003593557039494044
580.0 0.00029594762054330204
581.0 0.00027312146357871825
582.0 0.000250295329351502
583.0 0.0004372906914795749
584.0 0.0006242860308702802
585.0 0.000592357901041396
586.0 0.0005604298621619819
587.0 0.0005797335688839667
588.0 0.0005990371846564813
589.0 0.000622853667664458
590.0 0.0006466701051976997
591.0 0.0006939054401300382
592.0 0.0007411408205371117
593.0 0.0006131411282694899
594.0 0.000485141436001868
595.0 0.0004963876108377008
596.0 0.0005076337856735336
597.0 0.0005169154519535368
598.0 0.0005261971637082752
599.0 0.0004439014901436167
600.0 0.0003616058847910608
601.0 0.0003579760686989175
602.0 0.0003543462526067742
603.0 0.0002868651108656195
604.0 0.00021938390091236215
605.0 0.0002532213102313108
606.0 0.00028705869681289187
607.0 0.00035637935980048496
608.0 0.0004257000455254456
609.0 0.0004403627372084884
610.0 0.0004550252924673259
611.0 0.0005317653631209396
612.0 0.0006085053428250831
613.0 0.000443688759332872
614.0 0.0002788721531032934
615.0 0.0002276210580021143
616.0 0.00017636994016356766
617.0 0.00035025759643758647
618.0 0.0005241452981863404
619.0 0.00044136468204669654
620.0 0.00035858413411915535
621.0 0.0002724430487432983
622.0 0.00018630198610480875
623.0 0.0003595583848436945
624.0 0.0005328147835825803
625.0 0.00035511966416379437
626.0 0.00017742460158842732
627.0 0.0002611869149404811
628.0 0.0003449491941864835
629.0 0.00038855378079460934
630.0 0.0004321583219280001
631.0 0.0005061566298536491
632.0 0.0005801548013550928
633.0 0.0005232588137005223
634.0 0.00046636259867227636
635.0 0.00042575074985506944
636.0 0.0003851389465125976
637.0 0.00044601406443689484
638.0 0.000506889136886457
639.0 0.0005907390914217103
640.0 0.0006745890004822286
641.0 0.0006329338248178829
642.0 0.000591278603678802
643.0 0.0006751198270649184
644.0 0.0007589611414005049
645.0 0.0007368182195932604
646.0 0.0007146753432607511
647.0 0.0007126629498088732
648.0 0.0007106505108822603
649.0 0.0007657232345081866
650.0 0.0008207960490835831
651.0 0.0009457483429287095
652.0 0.0010707005458243657
653.0 0.0010949920579150785
654.0 0.0011192836609552614
655.0 0.0015410352716571651
656.0 0.001962786882359069
657.0 0.003029480649274774
658.0 0.004096173870493658
659.0 0.006747928273398429
660.0 0.07885760860517621
661.0 0.10155647760257125
662.0 0.07217214442789555
663.0 0.10239748517051339
664.0 0.12122554471716285
665.0 0.12143077328801155
666.0 0.13823191402480006
667.0 0.2107612555846572
668.0 0.26740790344774723
669.0 0.31997389160096645
670.0 0.47158761881291866
671.0 0.7647274062037468
672.0 1.1564670130610466
673.0 1.7991838976740837
674.0 2.6590747758746147
675.0 3.7082895636558533
676.0 4.782835021615028
677.0 6.144412234425545
678.0 7.597445696592331
679.0 9.114022552967072
680.0 11.27585619688034
681.0 13.51042240858078
682.0 16.079813241958618
683.0 18.935956060886383
684.0 21.92263901233673
685.0 24.86485242843628
686.0 27.8338760137558
687.0 31.15295171737671
688.0 34.59048569202423
689.0 38.17148804664612
690.0 42.32107698917389
691.0 46.90816104412079
692.0 52.2444486618042
693.0 57.80961513519287
694.0 63.98581862449646
695.0 69.72782015800476
696.0 75.97598433494568
697.0 81.35921359062195
698.0 86.67693734169006
699.0 90.52703380584717
700.0 93.25946569442749
701.0 95.24915218353271
702.0 96.4704692363739
703.0 97.20364809036255
704.0 97.38858938217163
705.0 97.71150946617126
706.0 97.6218581199646
707.0 97.71696329116821
708.0 97.7175235748291
709.0 97.87193536758423
710.0 97.59973883628845
711.0 97.89604544639587
712.0 97.7384090423584
713.0 97.89047837257385
714.0 97.95491099357605
715.0 98.06098341941833
716.0 97.82094955444336
717.0 98.0449914932251
718.0 98.09296727180481
719.0 97.92742133140564
720.0 98.15609455108643
721.0 98.04055094718933
722.0 97.696852684021
723.0 97.44849801063538
724.0 97.15513586997986
725.0 96.94206118583679
726.0 96.73380851745605
727.0 96.48653864860535
728.0 96.35273814201355
729.0 96.13131880760193
730.0 96.31102085113525
731.0 96.36769890785217
732.0 96.39825820922852
733.0 96.79835438728333
734.0 97.14265465736389
735.0 97.36582040786743
736.0 97.69669771194458
737.0 98.00452589988708
738.0 98.24874997138977
739.0 98.52116703987122
740.0 98.58778119087219
741.0 98.47255945205688
742.0 98.77796173095703
743.0 98.59560132026672
744.0 98.45495820045471
745.0 98.41830730438232
746.0 98.45023155212402
747.0 98.66050481796265
748.0 98.52205514907837
749.0 98.40553998947144
750.0 98.32666516304016
751.0 98.3763337135315
752.0 98.29896092414856
753.0 98.47282767295837
754.0 98.35790991783142
755.0 98.51385951042175
756.0 98.56177568435669
757.0 98.45267534255981
758.0 98.56112599372864
759.0 98.6622154712677
760.0 98.52398037910461
761.0 98.50954413414001
762.0 98.62233996391296
763.0 98.57797622680664
764.0 98.51081371307373
765.0 98.39574098587036
766.0 98.45866560935974
767.0 98.2155978679657
768.0 98.21504354476929
769.0 98.14459085464478
770.0 97.85885810852051
771.0 97.86761403083801
772.0 97.89974093437195
773.0 97.80546426773071
774.0 97.61911034584045
775.0 97.75046110153198
776.0 97.6337730884552
777.0 97.739577293396
778.0 97.82148003578186
779.0 97.92341589927673
780.0 97.8794813156128
781.0 98.2762336730957
782.0 98.15402626991272
783.0 98.34380149841309
784.0 98.29323887825012
785.0 98.4708309173584
786.0 98.53114485740662
787.0 98.30701947212219
788.0 98.2956051826477
789.0 98.45011234283447
790.0 98.37836027145386
791.0 98.3437716960907
792.0 98.17940592765808
793.0 98.14303517341614
794.0 98.03844690322876
795.0 97.89489507675171
796.0 97.82424569129944
797.0 97.9048490524292
798.0 97.74539470672607
799.0 97.66223430633545
800.0 97.35099077224731
801.0 97.43044972419739
802.0 97.16697931289673
803.0 96.78267240524292
804.0 96.28832340240479
805.0 95.46523690223694
806.0 94.61758732795715
807.0 93.34314465522766
808.0 91.60425066947937
809.0 89.68139290809631
810.0 87.61069178581238
811.0 84.78218913078308
812.0 81.6056489944458
813.0 78.01528573036194
814.0 73.97709488868713
815.0 69.70619559288025
816.0 65.35688042640686
817.0 60.59667468070984
818.0 55.72409629821777
819.0 51.58253312110901
820.0 46.80290222167969
821.0 42.4075573682785
822.0 37.995368242263794
823.0 33.42255651950836
824.0 28.794896602630615
825.0 24.544815719127655
826.0 20.13218402862549
827.0 15.614894032478333
828.0 11.773423105478287
829.0 8.401043713092804
830.0 5.3958360105752945
831.0 3.5202667117118835
832.0 2.067318931221962
833.0 1.1993013322353363
834.0 0.7021160330623388
835.0 0.38979160599410534
836.0 0.1901782932691276
837.0 0.1472875475883484
838.0 0.0796792155597359
839.0 0.0857595237903297
840.0 0.013286790635902435
841.0 0.0115287046355661
842.0 1.5741586636627836e-10
843.0 1.5741586636627836e-10
844.0 0.03180113562848419
845.0 1.5741586636627836e-10
846.0 1.5741586636627836e-10
847.0 1.5741586636627836e-10
848.0 1.5741586636627836e-10
849.0 1.5741586636627836e-10
850.0 0.015292750322259963
851.0 0.0006272377504501492
852.0 0.0007365698365902063
853.0 0.0006746490726072807
854.0 0.0006127283540990902
855.0 0.0003190017423548852
856.0 2.5275210191466613e-05
857.0 1.5741586636627836e-10
858.0 1.5741586636627836e-10
859.0 1.5741586636627836e-10
860.0 1.5741586636627836e-10
861.0 1.5741586636627836e-10
862.0 6.543695008076611e-05
863.0 1.5741586636627836e-10
864.0 1.5741586636627836e-10
865.0 1.5741586636627836e-10
866.0 1.5741586636627836e-10
867.0 1.5741586636627836e-10
868.0 1.5741586636627836e-10
869.0 1.5741586636627836e-10
870.0 1.1477537498194579e-05
871.0 1.5741586636627836e-10
872.0 1.5741586636627836e-10
873.0 5.875717761227861e-05
874.0 0.00016498822787980316
875.0 4.799495627594297e-05
876.0 1.5741586636627836e-10
877.0 1.5741586636627836e-10
878.0 2.856952221463871e-05
879.0 0.00012917544154333882
880.0 0.0002297814717167057
881.0 0.0001270200073122396
882.0 2.4258599751192378e-05
883.0 3.499203558021691e-05
884.0 4.5725496988779923e-05
885.0 8.961767150594824e-06
886.0 1.5741586636627836e-10
887.0 1.5741586636627836e-10
888.0 1.5741586636627836e-10
889.0 1.5741586636627836e-10
890.0 1.5741586636627836e-10
891.0 2.549991506839433e-05
892.0 0.00012821058135159547
893.0 9.374587506272292e-06
894.0 1.5741586636627836e-10
895.0 1.5741586636627836e-10
896.0 1.5741586636627836e-10
