lsstCam/transmission_filter_detector/r23_s21/i_39/19700101T000000.ecsv
# %ECSV 1.0
# ---
# datatype:
# - {name: wavelength, unit: nm, datatype: float32}
# - {name: efficiency, unit: '%', datatype: float64}
# meta: !!omap
# - {MODE: DETECTOR}
# - {TYPE: transmission_filter_detector}
# - {CALIBDATE: '1970-01-01T00:00:00'}
# - {INSTRUME: LSSTCam}
# - {OBSTYPE: transmission_filter_detector}
# - {CALIBCLS: lsst.ip.isr.IntermediateFilterDetectorTransmissionCurve}
# - {SOURCE: Materion (DM-46256)}
# - {DETECTOR: 106}
# - {FILTER: i_39}
# - {CALIB_ID: 'calibDate=1970-01-01T00:00:00 filter=i_39 detector=106'}
# - {DATE: '2025-04-02T15:59:46.971492'}
# - {CALIB_CREATION_DATE: '2025-04-02'}
# - {CALIB_CREATION_TIME: '15:59:46'}
# - __serialized_columns__:
#     efficiency:
#       __class__: astropy.units.quantity.Quantity
#       unit: !astropy.units.Unit {unit: '%'}
#       value: !astropy.table.SerializedColumn {name: efficiency}
#     wavelength:
#       __class__: astropy.units.quantity.Quantity
#       unit: !astropy.units.Unit {unit: nm}
#       value: !astropy.table.SerializedColumn {name: wavelength}
# schema: astropy-2.0
wavelength efficiency
[from data line 598]
898.0 1.5741586636627836e-10
899.0 1.5741586636627836e-10
900.0 1.5741586636627836e-10
901.0 1.5741586636627836e-10
902.0 1.5741586636627836e-10
903.0 1.5741586636627836e-10
904.0 1.5741586636627836e-10
905.0 1.895325851819507e-05
906.0 0.00010181005336562521
907.0 9.678757351139211e-05
908.0 9.17650993415009e-05
909.0 8.544589036318939e-05
910.0 7.912664727882657e-05
911.0 0.00010378905699326424
912.0 0.00012845146102336003
913.0 0.0001039076664710592
914.0 7.93638605500746e-05
915.0 6.360156135087891e-05
916.0 4.783929625773453e-05
917.0 1.5741586636627836e-10
918.0 1.5741586636627836e-10
919.0 1.5741586636627836e-10
920.0 3.572113271843591e-07
921.0 1.7344095226690115e-05
922.0 3.433095798754948e-05
923.0 2.2616761441440758e-05
924.0 1.0902571290216656e-05
925.0 0.00010262532441629446
926.0 0.0001943481038324535
927.0 2.016494704548677e-05
928.0 1.5741586636627836e-10
929.0 1.5741586636627836e-10
930.0 0.00013668143310496816
931.0 8.376885034522275e-05
932.0 3.08562789541611e-05
933.0 1.5741586636627836e-10
934.0 1.5741586636627836e-10
935.0 1.5741586636627836e-10
936.0 1.5741586636627836e-10
937.0 1.5741586636627836e-10
938.0 1.5741586636627836e-10
939.0 1.5741586636627836e-10
940.0 1.5741586636627836e-10
941.0 1.5741586636627836e-10
942.0 7.083999093993043e-05
943.0 3.3048402769964014e-05
944.0 1.5741586636627836e-10
945.0 1.5741586636627836e-10
946.0 1.5741586636627836e-10
947.0 1.5741586636627836e-10
948.0 1.5741586636627836e-10
949.0 1.5741586636627836e-10
950.0 1.5741586636627836e-10
951.0 1.5741586636627836e-10
952.0 9.460670185035269e-05
953.0 1.5741586636627836e-10
954.0 1.5741586636627836e-10
955.0 1.5741586636627836e-10
956.0 1.5741586636627836e-10
957.0 1.5741586636627836e-10
958.0 1.5741586636627836e-10
959.0 6.674511041637743e-05
960.0 0.00014045446050658938
961.0 0.00010620422017382225
962.0 7.195395141934569e-05
963.0 0.00011675296036628424
964.0 0.00016155197499756468
965.0 0.00018134863921659417
966.0 0.0002011453261729912
967.0 1.4890558475144644e-05
968.0 1.5741586636627836e-10
969.0 1.5741586636627836e-10
970.0 1.5741586636627836e-10
971.0 1.5741586636627836e-10
972.0 1.5741586636627836e-10
973.0 1.9126188988138892e-05
974.0 6.720886744915333e-05
975.0 1.5741586636627836e-10
976.0 1.5741586636627836e-10
977.0 1.5741586636627836e-10
978.0 4.193286429199361e-05
979.0 1.5741586636627836e-10
980.0 1.5741586636627836e-10
981.0 1.5741586636627836e-10
982.0 1.5741586636627836e-10
983.0 1.5741586636627836e-10
984.0 1.5741586636627836e-10
985.0 5.056970309169628e-06
986.0 0.00010689656164686312
987.0 1.5741586636627836e-10
988.0 1.5741586636627836e-10
989.0 1.5741586636627836e-10
990.0 1.5741586636627836e-10
991.0 7.250325495533616e-06
992.0 0.0001097870949706703
993.0 3.579053498015128e-05
994.0 1.5741586636627836e-10
995.0 1.277023784496123e-05
996.0 6.374647796292265e-05
997.0 0.00010507930028325063
998.0 0.00014641206007581786
999.0 0.00016876609834071132
1000.0 0.00019112007976218592
1001.0 0.00024460393888148246
1002.0 0.000298087798000779
1003.0 0.00020543411665130407
1004.0 0.00011278038982709404
1005.0 0.0001128793996940658
1006.0 0.00011297835271761869
1007.0 0.00013353952681427472
1008.0 0.00015410073501698207
1009.0 0.0002425755383228534
1010.0 0.00033105031889135716
1011.0 0.00024531236704206094
1012.0 0.0001595743810867134
1013.0 0.00019857361621689051
1014.0 0.00023757283997838385
1015.0 0.0002548710881455918
1016.0 0.00027216935905016726
1017.0 0.00024440828383376356
1018.0 0.0002166472313547274
1019.0 0.00017135660073108738
1020.0 0.00012606595873876358
1021.0 0.00011902094456672785
1022.0 0.00011197594176337589
1023.0 0.000157335875883291
1024.0 0.00020269583274057368
1025.0 0.0002863623194571119
1026.0 0.0003700288289110176
1027.0 0.00034182280614913907
1028.0 0.0003136167379125254
1029.0 0.0007747474228381179
1030.0 0.0012358781532384455
1031.0 0.0016783351384219714
1032.0 0.0021207917598076165
1033.0 0.00236145770031726
1034.0 0.0026021238227258436
1035.0 0.0030962852179072797
1036.0 0.003590446794987656
1037.0 0.0035096873034490272
1038.0 0.0034289278119103983
1039.0 0.0032396012102253735
1040.0 0.003050274244742468
1041.0 0.0029247519705677405
1042.0 0.0027992298782919534
1043.0 0.0031099902116693556
1044.0 0.0034207507269456983
1045.0 0.0031659055821364745
1046.0 0.002911060437327251
1047.0 0.002924041837104596
1048.0 0.002937023418780882
1049.0 0.0025728884793352336
1050.0 0.0022087535398895852
1051.0 0.001942375638464
1052.0 0.0016759981008362956
1053.0 0.0015170197002589703
1054.0 0.0013580411177827045
1055.0 0.0010059698979603127
1056.0 0.0006538986781379208
1057.0 0.000679904815115151
1058.0 0.0007059111339913215
1059.0 0.0010516668226046022
1060.0 0.0013974224202684127
1061.0 0.0014996624486229848
1062.0 0.001601902476977557
1063.0 0.0021886378817725927
1064.0 0.0027753734684665687
1065.0 0.003318543895147741
1066.0 0.0038617141399299726
1067.0 0.004326027192291804
1068.0 0.0047903406084515154
1069.0 0.004234380685375072
1070.0 0.0036784207622986287
1071.0 0.003460933658061549
1072.0 0.0032434461900265887
1073.0 0.003416232721065171
1074.0 0.003589019615901634
1075.0 0.0034843713365262374
1076.0 0.0033797234209487215
1077.0 0.0030712137231603265
1078.0 0.002762703843472991
1079.0 0.0026099469323526137
1080.0 0.002457190021232236
1081.0 0.001896053618111182
1082.0 0.001334917305939598
1083.0 0.0005870006134500727
1084.0 1.5741586636627836e-10
1085.0 0.00037541103665716946
1086.0 0.000911738425202202
1087.0 0.0005383039933803957
1088.0 0.00016486967524542706
1089.0 1.5741586636627836e-10
1090.0 1.5741586636627836e-10
1091.0 1.5741586636627836e-10
1092.0 0.0001364508875667525
1093.0 0.00021126782030478353
1094.0 0.00028608478714886587
1095.0 1.5741586636627836e-10
1096.0 1.5741586636627836e-10
1097.0 1.5741586636627836e-10
1098.0 1.5741586636627836e-10
1099.0 0.00039228584682859946
1100.0 0.0015570356481475756
