lsstCam/transmission_filter_detector/r32_s21/y_10/19700101T000000.ecsv
# %ECSV 1.0
# ---
# datatype:
# - {name: wavelength, unit: nm, datatype: float32}
# - {name: efficiency, unit: '%', datatype: float64}
# meta: !!omap
# - {MODE: DETECTOR}
# - {TYPE: transmission_filter_detector}
# - {CALIBDATE: '1970-01-01T00:00:00'}
# - {INSTRUME: LSSTCam}
# - {OBSTYPE: transmission_filter_detector}
# - {CALIBCLS: lsst.ip.isr.IntermediateFilterDetectorTransmissionCurve}
# - {SOURCE: Materion (DM-46256)}
# - {DETECTOR: 142}
# - {FILTER: y_10}
# - {CALIB_ID: 'calibDate=1970-01-01T00:00:00 filter=y_10 detector=142'}
# - {DATE: '2025-04-02T15:59:51.402148'}
# - {CALIB_CREATION_DATE: '2025-04-02'}
# - {CALIB_CREATION_TIME: '15:59:51'}
# - __serialized_columns__:
#     efficiency:
#       __class__: astropy.units.quantity.Quantity
#       unit: !astropy.units.Unit {unit: '%'}
#       value: !astropy.table.SerializedColumn {name: efficiency}
#     wavelength:
#       __class__: astropy.units.quantity.Quantity
#       unit: !astropy.units.Unit {unit: nm}
#       value: !astropy.table.SerializedColumn {name: wavelength}
# schema: astropy-2.0
wavelength efficiency
300.0 0.01888728584162891
301.0 0.018593329878058285
302.0 0.018299372459296137
303.0 0.014933061902411282
304.0 0.01156675280071795
305.0 0.011887270375154912
306.0 0.012207786494400352
307.0 0.009307463915320113
308.0 0.006407140608644113
309.0 0.006347767339320853
310.0 0.006288394797593355
311.0 0.005878927186131477
312.0 0.005469458483275957
313.0 0.005928389145992696
314.0 0.006387318717315793
315.0 0.0057194509281544015
316.0 0.00505158313899301
317.0 0.004072600859217346
318.0 0.0030936185794416815
319.0 0.001299492760153953
320.0 1.587578809733592e-10
321.0 0.0004052820713695837
322.0 0.001305198202317115
323.0 0.0026209238058072515
324.0 0.003936649591196328
325.0 0.0030153496481943876
326.0 0.002094049887091387
327.0 0.0026532195988693275
328.0 0.003212389492546208
329.0 0.0029156521122786216
330.0 0.0026189145501120947
331.0 0.0027082942324341275
332.0 0.0027976739147561602
333.0 0.00234426752285799
334.0 0.0018908609490608796
335.0 0.0018341768736718222
336.0 0.0017774927982827649
337.0 0.001685984716459643
338.0 0.001594476998434402
339.0 0.001852999412221834
340.0 0.002111521826009266
341.0 0.0014689446288684849
342.0 0.0008263674317277037
343.0 0.0013044131264905445
344.0 0.0017824590031523257
345.0 0.0012704736036539543
346.0 0.0007584884315292584
347.0 0.0008613326826889534
348.0 0.0009641769793233834
349.0 0.001300966050621355
350.0 0.0016377551219193265
351.0 0.001401739882567199
352.0 0.001165724461316131
353.0 0.0012993113159609493
354.0 0.001432897897757357
355.0 0.0016590098312008195
356.0 0.0018851218555937521
357.0 0.0015362533304141834
358.0 0.0011873849871335551
359.0 0.0009517480066278949
360.0 0.0007161110715969699
361.0 0.000682573408994358
362.0 0.0006490358373412164
363.0 0.0008909536518331151
364.0 0.001132871511799749
365.0 0.0012759900528180879
366.0 0.001419108775735367
367.0 0.0016747328118071891
368.0 0.0019303563021821901
369.0 0.0016248339306912385
370.0 0.0013193118320486974
371.0 0.0011857160643558018
372.0 0.0010521205695113167
373.0 0.0014444056432694197
374.0 0.0018366907170275226
375.0 0.002650284659466706
376.0 0.003463878238108009
377.0 0.0038679074350511655
378.0 0.004271936631994322
379.0 0.004061638537677936
380.0 0.0038513408071594313
381.0 0.002990035318362061
382.0 0.0021287303752615117
383.0 0.0015560213796561584
384.0 0.0009833124750002753
385.0 0.0008021232133614831
386.0 0.0006209338152984856
387.0 0.0005023926405556267
388.0 0.0003838513293885626
389.0 0.000398523070543888
390.0 0.00041319485717394855
391.0 0.0004767138307215646
392.0 0.0005402327133197105
393.0 0.000643545081402408
394.0 0.0007468574040103704
395.0 0.0007380087936326163
396.0 0.0007291601377801271
397.0 0.0006936450972716557
398.0 0.0006581298748642439
399.0 0.0008875736966729164
400.0 0.0011170174730068538
401.0 0.0014257665498007555
402.0 0.001734515535645187
403.0 0.0018253886082675308
404.0 0.0019162614989909343
405.0 0.0018201601051259786
406.0 0.0017240587112610228
407.0 0.0016721602150937542
408.0 0.0016202615370275453
409.0 0.0013885138287150767
410.0 0.0011567662113520782
411.0 0.0006310902790573891
412.0 0.00010541428991928115
413.0 0.0004804591753782006
414.0 0.0008555042768421117
415.0 0.0005829014298797119
416.0 0.0003102984464931069
417.0 0.0003826356078207027
418.0 0.0004549725417746231
419.0 0.00044419880396162625
420.0 0.00043342497519915923
421.0 0.00021372659375629155
422.0 1.587578809733592e-10
423.0 1.425297284640692e-05
424.0 3.4477500321372645e-05
425.0 1.587578809733592e-10
426.0 1.587578809733592e-10
427.0 1.587578809733592e-10
428.0 0.0003132539404759882
429.0 1.587578809733592e-10
430.0 1.587578809733592e-10
431.0 1.587578809733592e-10
432.0 1.587578809733592e-10
433.0 6.373949190674466e-05
434.0 0.00015859047834965168
435.0 0.00038629545997537207
436.0 0.0006140004188637249
437.0 0.00044660359890258405
438.0 0.0002792068471535458
439.0 0.0006984696483414154
440.0 0.0011177322448929772
441.0 0.00042528095036686864
442.0 1.587578809733592e-10
443.0 1.8126347356428596e-05
444.0 0.0003034230076082167
445.0 0.0003954321982746478
446.0 0.0004874412752542412
447.0 0.000584293729843921
448.0 0.000681146229908336
449.0 0.00041885077735059895
450.0 0.0001565551769999729
451.0 0.0003270659817644628
452.0 0.0004975768661097391
453.0 0.00028378990464261733
454.0 7.000281811997411e-05
455.0 0.00020585471247613896
456.0 0.00034170666367572267
457.0 0.0002464080353092868
458.0 0.00015110939557416714
459.0 2.353610284444585e-05
460.0 1.587578809733592e-10
461.0 3.3648670516583934e-07
462.0 0.00010471011364643346
463.0 0.0002108023636537837
464.0 0.00031689464776718523
465.0 0.0005354180757422
466.0 0.000753941594666685
467.0 0.0008323235306306742
468.0 0.0009107056939683389
469.0 0.0014470779206021689
470.0 0.0019834504200844094
471.0 0.001934274951054249
472.0 0.0018850994820240885
473.0 0.0022546000764123164
474.0 0.0026241006708005443
475.0 0.002617690734041389
476.0 0.002611280979181174
477.0 0.002797049455693923
478.0 0.0029828177503077313
479.0 0.003516710421536118
480.0 0.004050603456562385
481.0 0.004271529905963689
482.0 0.004492456355364993
483.0 0.004533664832706563
484.0 0.004574872946250252
485.0 0.004159745367360301
486.0 0.00374461778847035
487.0 0.003305424252175726
488.0 0.0028662305339821614
489.0 0.002504870826669503
490.0 0.0021435111193568446
491.0 0.0019882541892002337
492.0 0.0018329972590436228
493.0 0.0016897711248020642
494.0 0.0015465448086615652
495.0 0.001745870576996822
496.0 0.0019451963453320786
497.0 0.0014887277757225093
498.0 0.0010322592061129399
499.0 0.0017640293663134798
500.0 0.00249579952651402
501.0 0.002507606586732436
502.0 0.0025194134650519118
503.0 0.002667139779077843
504.0 0.002814865729305893
505.0 0.0024939388822531328
506.0 0.0021730122170993127
507.0 0.0020216970369801857
508.0 0.0018703818568610586
509.0 0.0020031826352351345
510.0 0.0021359834136092104
511.0 0.0020704716007458046
512.0 0.002004959424084518
513.0 0.001975819577637594
514.0 0.0019466797311906703
515.0 0.0016841073374962434
516.0 0.0014215348528523464
517.0 0.001395483013766352
518.0 0.0013694309927814174
519.0 0.001323722335655475
520.0 0.0012780137694790028
521.0 0.0012637617146538105
522.0 0.0012495094779296778
523.0 0.0015485562471440062
524.0 0.0018476028344593942
525.0 0.002068626054096967
526.0 0.0022896496375324205
527.0 0.002263225724163931
528.0 0.0022368019926943816
529.0 0.0023945494831423275
530.0 0.002552296791691333
531.0 0.002437644980091136
532.0 0.002322993168490939
533.0 0.0021862109861103818
534.0 0.0020494286218308844
535.0 0.001936522858159151
536.0 0.0018236169125884771
537.0 0.0019308215996716172
538.0 0.002038026286754757
539.0 0.002449751991662197
540.0 0.0028614773327717558
541.0 0.003499376543913968
542.0 0.004137275391258299
543.0 0.004467455801204778
544.0 0.004797636211151257
545.0 0.004917219121125527
546.0 0.005036802394897677
547.0 0.004581260873237625
548.0 0.004125718987779692
549.0 0.0036007328162668273
550.0 0.0030757459171582013
551.0 0.002739015326369554
552.0 0.0024022843717830256
553.0 0.0025881534384097904
554.0 0.0027740225050365552
555.0 0.003314524656161666
556.0 0.0038550268072867766
557.0 0.0041282037273049355
558.0 0.004401381011120975
559.0 0.004105456901015714
560.0 0.003809532427112572
561.0 0.00377429423679132
562.0 0.0037390560464700684
563.0 0.0033694323064992204
564.0 0.002999808748427313
565.0 0.003116434527328238
566.0 0.0032330604881281033
567.0 0.003819107951130718
568.0 0.004405155414133333
569.0 0.00483475268993061
570.0 0.005264349965727888
571.0 0.0056487275287508965
572.0 0.006033104727976024
573.0 0.006320296961348504
574.0 0.006607488467125222
575.0 0.006411328649846837
576.0 0.00621516810497269
577.0 0.005996082472847775
578.0 0.005776996840722859
579.0 0.005664274431183003
580.0 0.005551551657845266
581.0 0.006028686402714811
582.0 0.006505820783786476
583.0 0.007889014523243532
584.0 0.009272208262700588
585.0 0.00995179361780174
586.0 0.010631380428094417
587.0 0.01059022979461588
588.0 0.010549082071520388
589.0 0.010426178778288886
590.0 0.010303276940248907
591.0 0.009731383761391044
592.0 0.009159491310128942
593.0 0.008094478107523173
594.0 0.007029466360108927
595.0 0.00606567227805499
596.0 0.0051018785597989336
597.0 0.005362026422517374
598.0 0.005622174285235815
599.0 0.006698728975607082
600.0 0.0077752840297762305
601.0 0.00909673108253628
602.0 0.010418176680104807
603.0 0.010621518595144153
604.0 0.01082486123777926
605.0 0.010615678183967248
606.0 0.010406495857750997
607.0 0.009559276077197865
608.0 0.008712055569048971
609.0 0.007484346861019731
610.0 0.006256638880586252
611.0 0.0049420810682931915
612.0 0.003627523983595893
613.0 0.00341391860274598
614.0 0.0032003132218960673
615.0 0.00400085627916269
616.0 0.004801398972631432
617.0 0.006109624519012868
618.0 0.00741784751880914
619.0 0.008953785436460748
620.0 0.010489721171325073
621.0 0.010855870641535148
622.0 0.011222019384149462
623.0 0.01133633777499199
624.0 0.011450656165834516
625.0 0.010914939048234373
626.0 0.010379219747846946
627.0 0.00868740607984364
628.0 0.006995591684244573
629.0 0.0055466276535298675
630.0 0.004097663622815162
631.0 0.0034067350497934967
632.0 0.0027158068405697122
633.0 0.0026330631953896955
634.0 0.002550319732108619
635.0 0.0027023026632377878
636.0 0.002854285776265897
637.0 0.003283120895503089
638.0 0.0037119563785381615
639.0 0.004449650441529229
640.0 0.0051873452321160585
641.0 0.005327188046067022
642.0 0.005467030860017985
643.0 0.0058163368521491066
644.0 0.0061656435718759894
645.0 0.005209648224990815
646.0 0.004253653605701402
647.0 0.003999943510279991
648.0 0.0037462334148585796
649.0 0.0030558810976799577
650.0 0.002365528780501336
651.0 0.0020721417968161404
652.0 0.0017787544493330643
653.0 0.001602926386112813
654.0 0.001427098504791502
655.0 0.0013665937331097666
656.0 0.0013060890523775015
657.0 0.0015525756680290215
658.0 0.0017990618289331906
659.0 0.0016606638382654637
660.0 0.0015222658475977369
661.0 0.001455610527045792
662.0 0.001388955206493847
663.0 0.0015914420146145858
664.0 0.0017939284589374438
665.0 0.002314285666216165
666.0 0.002834642873494886
667.0 0.003462942549958825
668.0 0.004091242590220645
669.0 0.005137553307577036
670.0 0.006183864024933428
671.0 0.00683447506162338
672.0 0.00748508537071757
673.0 0.007509747229050845
674.0 0.007534408359788358
675.0 0.007154722698032856
676.0 0.006775036308681592
677.0 0.0059558449720498174
678.0 0.005136652907822281
679.0 0.004050724601256661
680.0 0.00296479574899422
681.0 0.0017703596313367598
682.0 0.000575923741052975
683.0 0.0004703065769717796
684.0 0.00036468948110268684
685.0 0.00017532644278617227
686.0 1.587578809733592e-10
687.0 3.0853573207423324e-05
688.0 7.574373057650519e-05
689.0 0.0002752116188275977
690.0 0.0004746794729726389
691.0 0.0004449887910595862
692.0 0.00041529806367179845
693.0 0.0004146620995015837
694.0 0.0004140260898566339
695.0 0.00041273583519796375
696.0 0.00041144567148876376
697.0 0.00030530527510563843
698.0 0.00019916478777304292
699.0 0.0002790241524053272
700.0 0.000358883539774979
701.0 0.0003075270797125995
702.0 0.0002561704377512797
703.0 0.0001537751245450636
704.0 5.137980565450562e-05
705.0 0.00018666606820261222
706.0 0.00032195227959164185
707.0 0.0004050886218465166
708.0 0.0004882249868387589
709.0 0.0005246519776846981
710.0 0.0005610790594801074
711.0 0.000465509810965159
712.0 0.0003699405169754755
713.0 0.0002212432036685641
714.0 7.254587330862705e-05
715.0 2.862897252597918e-07
716.0 1.587578809733592e-10
717.0 1.587578809733592e-10
718.0 1.587578809733592e-10
719.0 2.569258583662304e-05
720.0 0.00023970358142832993
721.0 0.00029131722385500325
722.0 0.0003429310254432494
723.0 0.0003554418299245299
724.0 0.0003679526798805455
725.0 0.0006175268026709091
726.0 0.000867101061885478
727.0 0.00029686475500056986
728.0 1.587578809733592e-10
729.0 1.587578809733592e-10
730.0 0.00017066088275896618
731.0 0.0002980568524435512
732.0 0.00042545275391603354
733.0 0.0005168018105905503
734.0 0.0006081510036892723
735.0 0.0002492676458132337
736.0 1.587578809733592e-10
737.0 1.587578809733592e-10
738.0 5.5595177173017873e-05
739.0 1.587578809733592e-10
740.0 1.587578809733592e-10
741.0 0.00017846513173935818
742.0 0.0004400031230034074
743.0 0.0005616132511931937
744.0 0.0006832231520093046
745.0 0.0006988452696532477
746.0 0.0007144673418224556
747.0 0.0005373460226110183
748.0 0.0003602248625611537
749.0 0.000497243399877334
750.0 0.0006342619144561468
751.0 0.0005672553470503772
752.0 0.0005002488251193427
753.0 0.00041749381125555374
754.0 0.000334738888341235
755.0 0.0005009299911762355
756.0 0.0006671211849607062
757.0 0.0005581913228525082
758.0 0.00044926150621904526
759.0 0.00025306662791990675
760.0 5.6871658671298064e-05
761.0 0.0002627961748657981
762.0 0.00046872055463609286
763.0 0.0003794663598455372
764.0 0.00029021189220657106
765.0 0.00010994295962518663
766.0 1.587578809733592e-10
767.0 0.00014799817336097476
768.0 0.00036632238789024996
769.0 8.394789006160863e-05
770.0 1.587578809733592e-10
771.0 0.00012412155001584324
772.0 0.0004466698101168731
773.0 0.0002909943759732414
774.0 0.000135318975935661
775.0 0.0002637931174831465
776.0 0.00039226738408615347
777.0 0.00036114979593548924
778.0 0.0003300320940979873
779.0 0.0005740456799685489
780.0 0.0008180592885764781
781.0 0.0008497072485624813
782.0 0.0008813551175990142
783.0 0.0007727135198365431
784.0 0.0006640719220740721
785.0 0.0004975604497303721
786.0 0.0003310490455987747
787.0 0.00010289098781868233
788.0 1.587578809733592e-10
789.0 6.978836495363794e-05
790.0 0.0002648437202878995
791.0 0.0005089961177873192
792.0 0.0007531485607614741
793.0 0.0009404336196894292
794.0 0.0011277186786173843
795.0 0.0007670478225918487
796.0 0.0004063767391926376
797.0 0.0007910685781098437
798.0 0.0011757602806028444
799.0 0.0008690334652783349
800.0 0.0005623067863780307
801.0 0.0008231398169300519
802.0 0.0010839730748557486
803.0 0.000934567469812464
804.0 0.0007851617738197092
805.0 0.0006785448476875899
806.0 0.0005719279215554707
807.0 0.0003995924998889677
808.0 0.00022725696453562705
809.0 0.00053213238970784
810.0 0.0008370077921426855
811.0 0.000520611092724721
812.0 0.0002042143478320213
813.0 0.00043063769226137083
814.0 0.0006570610366907204
815.0 0.0003756065552806831
816.0 9.41519260777568e-05
817.0 0.0005076503839518409
818.0 0.000921148694033036
819.0 0.0007362368251051521
820.0 0.0005513250471267384
821.0 0.0008044052265177015
822.0 0.0010574854059086647
823.0 0.0008257851732196286
824.0 0.0005940852133790031
825.0 0.0008773055014899
826.0 0.0011605256986513268
827.0 0.0007407886641885852
828.0 0.0003210514933016384
829.0 0.0003307844053779263
830.0 0.00034051729471684666
831.0 0.0002716745939324028
832.0 0.0002028318931479589
833.0 0.0005409882305684732
834.0 0.0008791444997768849
835.0 0.0008836336746753659
836.0 0.0008881228495738469
837.0 0.0007380186616501305
838.0 0.0005879145646758843
839.0 0.0007647389793419279
840.0 0.0009415633030585013
841.0 0.0008610029908595607
842.0 0.00078044267866062
843.0 0.0006903928351675859
844.0 0.000600343128098757
845.0 0.0005900618816667702
846.0 0.0005797806807095185
847.0 0.0007397700755973347
848.0 0.000899759561434621
849.0 0.000984627604339039
850.0 0.0010694958291423973
851.0 0.0005426168172562029
852.0 1.5737974479179684e-05
853.0 0.0003624542159741395
854.0 0.0007091705356288003
855.0 0.0008338012776221149
856.0 0.0009584318831912242
857.0 0.0009913823305396363
858.0 0.0010243324140901677
859.0 0.0011407000783947296
860.0 0.0012570677426992916
861.0 0.0011217435712751467
862.0 0.0009864193089015316
863.0 0.0011870425623783376
864.0 0.0013876658158551436
865.0 0.0018363023627898656
866.0 0.0022849388187751174
867.0 0.002596795093268156
868.0 0.002908651549660135
869.0 0.0027971660529146902
870.0 0.002685680374270305
871.0 0.0029192526199040003
872.0 0.0031528248655376956
873.0 0.002703915197344031
874.0 0.0022550055291503668
875.0 0.002531108293624129
876.0 0.002807210694300011
