lsstCam/transmission_filter_detector/r32_s21/y_10/19700101T000000.ecsv
# %ECSV 1.0
# ---
# datatype:
# - {name: wavelength, unit: nm, datatype: float32}
# - {name: efficiency, unit: '%', datatype: float64}
# meta: !!omap
# - {MODE: DETECTOR}
# - {TYPE: transmission_filter_detector}
# - {CALIBDATE: '1970-01-01T00:00:00'}
# - {INSTRUME: LSSTCam}
# - {OBSTYPE: transmission_filter_detector}
# - {CALIBCLS: lsst.ip.isr.IntermediateFilterDetectorTransmissionCurve}
# - {SOURCE: Materion (DM-46256)}
# - {DETECTOR: 142}
# - {FILTER: y_10}
# - {CALIB_ID: 'calibDate=1970-01-01T00:00:00 filter=y_10 detector=142'}
# - {DATE: '2025-04-02T15:59:51.402148'}
# - {CALIB_CREATION_DATE: '2025-04-02'}
# - {CALIB_CREATION_TIME: '15:59:51'}
# - __serialized_columns__:
#     efficiency:
#       __class__: astropy.units.quantity.Quantity
#       unit: !astropy.units.Unit {unit: '%'}
#       value: !astropy.table.SerializedColumn {name: efficiency}
#     wavelength:
#       __class__: astropy.units.quantity.Quantity
#       unit: !astropy.units.Unit {unit: nm}
#       value: !astropy.table.SerializedColumn {name: wavelength}
# schema: astropy-2.0
wavelength efficiency
[from data line 578]
878.0 0.00216183289012406
879.0 0.0018334951164433733
880.0 0.016824605700094253
881.0 0.09925825288519263
882.0 0.02082594292005524
883.0 0.10148888686671853
884.0 0.018911842198576778
885.0 0.10583535768091679
886.0 0.01652636710787192
887.0 0.10367345530539751
888.0 0.023233915271703154
889.0 0.09775012731552124
890.0 0.024524435866624117
891.0 0.10634162463247776
892.0 0.02334845339646563
893.0 0.11260047322139144
894.0 0.02747892285697162
895.0 0.1012723078019917
896.0 0.03279124794062227
897.0 0.12590750120580196
898.0 0.04067818517796695
899.0 0.13969553401693702
900.0 0.06774742505513132
901.0 0.14871129533275962
902.0 0.1622394658625126
903.0 0.1754316734150052
904.0 0.21883649751544
905.0 0.26108904276043177
906.0 0.3173826728016138
907.0 0.39962250739336014
908.0 0.5371457897126675
909.0 0.7264715153723955
910.0 1.032696571201086
911.0 1.4890712685883045
912.0 2.187398448586464
913.0 3.2368581742048264
914.0 4.496472701430321
915.0 6.343746930360794
916.0 8.55579748749733
917.0 10.956359654664993
918.0 13.731607794761658
919.0 16.382503509521484
920.0 19.89368200302124
921.0 23.534108698368073
922.0 27.186253666877747
923.0 31.530368328094482
924.0 36.25839054584503
925.0 41.53604209423065
926.0 47.84795939922333
927.0 54.642343521118164
928.0 60.62406897544861
929.0 67.09356307983398
930.0 72.76067733764648
931.0 78.34346294403076
932.0 83.4095299243927
933.0 87.65293955802917
934.0 90.74530005455017
935.0 92.91619658470154
936.0 94.51010823249817
937.0 95.67573070526123
938.0 96.3667094707489
939.0 96.67155146598816
940.0 96.96536660194397
941.0 97.12308049201965
942.0 97.28713631629944
943.0 97.36233353614807
944.0 97.59454131126404
945.0 97.57208824157715
946.0 97.62580394744873
947.0 97.55585193634033
948.0 97.71931767463684
949.0 97.61456847190857
950.0 97.73709177970886
951.0 97.79643416404724
952.0 97.86526560783386
953.0 98.11720252037048
954.0 98.1956958770752
955.0 98.24850559234619
956.0 98.39653372764587
957.0 98.62101674079895
958.0 98.73896837234497
959.0 98.78473281860352
960.0 98.88649582862854
961.0 98.95004034042358
962.0 98.99554252624512
963.0 99.02607202529907
964.0 99.0887999534607
965.0 99.06824827194214
966.0 99.11532998085022
967.0 99.19057488441467
968.0 99.15323257446289
969.0 99.16642308235168
970.0 99.23034310340881
971.0 99.29172992706299
972.0 99.3379533290863
973.0 99.40093159675598
974.0 99.42569732666016
975.0 99.36085939407349
976.0 99.4497537612915
977.0 99.40059185028076
978.0 99.46455359458923
979.0 99.38793778419495
980.0 99.36100244522095
981.0 99.25753474235535
982.0 99.20536875724792
983.0 99.23591017723083
984.0 99.1769552230835
985.0 99.20326471328735
986.0 99.0654706954956
987.0 99.15265440940857
988.0 99.0208625793457
989.0 99.02456402778625
990.0 98.9875853061676
991.0 99.05200004577637
992.0 99.11617040634155
993.0 99.05714988708496
994.0 99.0526795387268
995.0 99.11680817604065
996.0 99.07706379890442
997.0 99.20687079429626
998.0 99.23636317253113
999.0 99.24037456512451
1000.0 99.3340015411377
1001.0 99.2695152759552
1002.0 99.35548305511475
1003.0 99.36211109161377
1004.0 99.45545196533203
1005.0 99.36828017234802
1006.0 99.51540231704712
1007.0 99.48762059211731
1008.0 99.44013953208923
1009.0 99.35964941978455
1010.0 99.44462776184082
1011.0 99.40810799598694
1012.0 99.32284355163574
1013.0 99.29968118667603
1014.0 99.30912852287292
1015.0 99.30712580680847
1016.0 99.27698373794556
1017.0 99.29720759391785
1018.0 99.37275052070618
1019.0 99.27888512611389
1020.0 99.32191967964172
1021.0 99.43745136260986
1022.0 99.32368397712708
1023.0 99.39471483230591
1024.0 99.36854243278503
1025.0 99.39977526664734
1026.0 99.46700930595398
1027.0 99.5453953742981
1028.0 99.41700100898743
1029.0 99.55710768699646
1030.0 99.5952844619751
1031.0 99.49772357940674
1032.0 99.5752215385437
1033.0 99.50653314590454
1034.0 99.53864812850952
1035.0 99.57648515701294
1036.0 99.5051622390747
1037.0 99.53505992889404
1038.0 99.49588179588318
1039.0 99.40061569213867
1040.0 99.3251085281372
1041.0 99.47599768638611
1042.0 99.3573248386383
1043.0 99.37548041343689
1044.0 99.4270920753479
1045.0 99.137282371521
1046.0 99.35994744300842
1047.0 99.26576614379883
1048.0 99.35588836669922
1049.0 99.27166104316711
1050.0 99.16938543319702
1051.0 99.18689131736755
1052.0 99.1661012172699
1053.0 99.02429580688477
1054.0 99.31474328041077
1055.0 99.39053058624268
1056.0 99.27717447280884
1057.0 99.32898879051208
1058.0 99.14363026618958
1059.0 99.16749596595764
1060.0 99.33608174324036
1061.0 99.19648766517639
1062.0 99.30392503738403
1063.0 99.16833639144897
1064.0 99.30886626243591
1065.0 99.25994873046875
1066.0 99.28339123725891
1067.0 99.40667152404785
1068.0 99.31391477584839
1069.0 99.06458854675293
1070.0 99.39678907394409
1071.0 99.30588006973267
1072.0 99.23257827758789
1073.0 99.41461682319641
1074.0 98.95145893096924
1075.0 98.9750325679779
1076.0 98.92280101776123
1077.0 99.22162890434265
1078.0 99.27740097045898
1079.0 98.91253113746643
1080.0 99.66245889663696
1081.0 98.95126819610596
1082.0 98.91943335533142
1083.0 98.87948036193848
1084.0 99.3374764919281
1085.0 99.17548894882202
1086.0 98.96200895309448
1087.0 99.06359910964966
1088.0 98.95908832550049
1089.0 98.85988235473633
1090.0 98.8944411277771
1091.0 99.01400208473206
1092.0 98.784738779068
1093.0 98.91402125358582
1094.0 98.79814982414246
1095.0 98.58630299568176
1096.0 98.62983822822571
1097.0 98.76891374588013
1098.0 98.07227849960327
1099.0 98.56242537498474
1100.0 98.15605282783508
