lsstCam/transmission_filter_detector/r21_s21/u_24/19700101T000000.ecsv
# %ECSV 1.0
# ---
# datatype:
# - {name: wavelength, unit: nm, datatype: float32}
# - {name: efficiency, unit: '%', datatype: float64}
# meta: !!omap
# - {MODE: DETECTOR}
# - {TYPE: transmission_filter_detector}
# - {CALIBDATE: '1970-01-01T00:00:00'}
# - {INSTRUME: LSSTCam}
# - {OBSTYPE: transmission_filter_detector}
# - {CALIBCLS: lsst.ip.isr.IntermediateFilterDetectorTransmissionCurve}
# - {SOURCE: Materion (DM-46256)}
# - {DETECTOR: 88}
# - {FILTER: u_24}
# - {CALIB_ID: 'calibDate=1970-01-01T00:00:00 filter=u_24 detector=88'}
# - {DATE: '2025-04-02T15:59:40.156571'}
# - {CALIB_CREATION_DATE: '2025-04-02'}
# - {CALIB_CREATION_TIME: '15:59:40'}
# - __serialized_columns__:
#     efficiency:
#       __class__: astropy.units.quantity.Quantity
#       unit: !astropy.units.Unit {unit: '%'}
#       value: !astropy.table.SerializedColumn {name: efficiency}
#     wavelength:
#       __class__: astropy.units.quantity.Quantity
#       unit: !astropy.units.Unit {unit: nm}
#       value: !astropy.table.SerializedColumn {name: wavelength}
# schema: astropy-2.0
wavelength efficiency
[from data line 581]
876.0 0.002474572647770401
877.0 0.0024330523956450634
878.0 0.0023915321435197257
879.0 0.002306703208887484
880.0 0.002221874274255242
881.0 0.002352903175051324
882.0 0.002483932075847406
883.0 0.0024800132450764067
884.0 0.0024760944143054076
885.0 0.0024598397430963814
886.0 0.002443585435685236
887.0 0.0023329306714003906
888.0 0.0022222760890144855
889.0 0.0023671082090004347
890.0 0.0025119399651885033
891.0 0.0026030522349174134
892.0 0.002694164686545264
893.0 0.002657893310242798
894.0 0.002621621752041392
895.0 0.0028400358132785186
896.0 0.003058449874515645
897.0 0.0033579843147890642
898.0 0.0036575187550624833
899.0 0.0038651665818179026
900.0 0.004072814044775441
901.0 0.004257416003383696
902.0 0.004442017961991951
903.0 0.004707649350166321
904.0 0.0049732811021385714
905.0 0.00504013332829345
906.0 0.005106985554448329
907.0 0.00525757423019968
908.0 0.005408163269748911
909.0 0.005507372407009825
910.0 0.005606581180472858
911.0 0.005483844870468602
912.0 0.005361108924262226
913.0 0.005202391548664309
914.0 0.005043674536864273
915.0 0.0047101115342229605
916.0 0.004376548531581648
917.0 0.004180207179160789
918.0 0.00398386582673993
919.0 0.0041371877159690484
920.0 0.0042905092414002866
921.0 0.00459254406450782
922.0 0.004894578887615353
923.0 0.005214639531914145
924.0 0.005534699448617175
925.0 0.005893996785744093
926.0 0.006253295578062534
927.0 0.006702652899548411
928.0 0.007152010221034288
929.0 0.007207220187410712
930.0 0.007262430153787136
931.0 0.007425807416439056
932.0 0.0075891824963036925
933.0 0.007494706369470805
934.0 0.007400228059850633
935.0 0.00748583406675607
936.0 0.0075714371632784605
937.0 0.0072439062932971865
938.0 0.0069163754233159125
939.0 0.006849136116215959
940.0 0.0067818960815202445
941.0 0.0055076408898457885
942.0 0.00423338460677769
943.0 0.0036502395232673734
944.0 0.0030670948035549372
945.0 0.0029616518077091314
946.0 0.0028562091756612062
947.0 0.002283976755279582
948.0 0.0017117441529990174
949.0 0.001441911172150867
950.0 0.0011720781003532466
951.0 0.0012331161087786313
952.0 0.0012941536624566652
953.0 0.0015372779671452008
954.0 0.001780402089934796
955.0 0.0020268935259082355
956.0 0.0022733847799827345
957.0 0.002594624129415024
958.0 0.0029158634788473137
959.0 0.0031160958315012977
960.0 0.0033163276384584606
961.0 0.004025067028123885
962.0 0.00473380641778931
963.0 0.00448809951194562
964.0 0.00424239260610193
965.0 0.0043530355469556525
966.0 0.004463678124011494
967.0 0.004521339724306017
968.0 0.00457900132460054
969.0 0.00465597040602006
970.0 0.00473293948743958
971.0 0.004589258969645016
972.0 0.0044455784518504515
973.0 0.004265478128218092
974.0 0.004085378168383613
975.0 0.0040095645090332255
976.0 0.003933750849682838
977.0 0.0032600270060356706
978.0 0.0025863031623885036
979.0 0.0026679466827772558
980.0 0.002749590203166008
981.0 0.002594225588836707
982.0 0.0024388609745074064
983.0 0.0026828136469703168
984.0 0.002926766319433227
985.0 0.003139874752378091
986.0 0.003352983549120836
987.0 0.0036950819776393473
988.0 0.004037180769955739
989.0 0.004546839409158565
990.0 0.00505649768456351
991.0 0.005638524453388527
992.0 0.006220550858415663
993.0 0.006362568092299625
994.0 0.0065045838709920645
995.0 0.006260826194193214
996.0 0.006017068153596483
997.0 0.0058022855228045955
998.0 0.00558750398340635
999.0 0.006090221359045245
1000.0 0.006592937279492617
1001.0 0.006630389543715864
1002.0 0.006667842535534874
1003.0 0.006367784226313233
1004.0 0.006067725917091593
1005.0 0.005601728116744198
1006.0 0.005135729588801041
1007.0 0.005137662446941249
1008.0 0.005139595305081457
1009.0 0.004585557690006681
1010.0 0.004031520802527666
1011.0 0.0038360307371476665
1012.0 0.003640540671767667
1013.0 0.003016107984876726
1014.0 0.002391674934187904
1015.0 0.001973097459995188
1016.0 0.0015545199858024716
1017.0 0.0013260873856779654
1018.0 0.001097654785553459
1019.0 0.0008632442586531397
1020.0 0.0006288338227022905
1021.0 0.0008794043424131814
1022.0 0.0011299748621240724
1023.0 0.0013126968951837625
1024.0 0.001495419110142393
1025.0 0.0011605312465690076
1026.0 0.0008256437467935029
1027.0 0.0011936433111259248
1028.0 0.0015616427845088765
1029.0 0.0016131447409861721
1030.0 0.001664646879362408
1031.0 0.0018645341697265394
1032.0 0.0020644218238885514
1033.0 0.0016615580534562469
1034.0 0.001258694192074472
1035.0 0.0015167221135925502
1036.0 0.0017747495803632773
1037.0 0.0019897721358574927
1038.0 0.0022047950551495887
1039.0 0.0019673225324368104
1040.0 0.0017298501916229725
1041.0 0.0016869933460839093
1042.0 0.001644136500544846
1043.0 0.0019518718545441516
1044.0 0.002259607572341338
1045.0 0.0018646049284143373
1046.0 0.0014696026482852176
1047.0 0.0017918970115715638
1048.0 0.0021141915567568503
1049.0 0.0019610635717981495
1050.0 0.0018079354049405083
1051.0 0.0019500310372677632
1052.0 0.002092126669595018
1053.0 0.0022086145690991543
1054.0 0.002325102650502231
1055.0 0.0019418088413658552
1056.0 0.0015585152141284198
1057.0 0.0012251775842742063
1058.0 0.0008918399544199929
1059.0 0.0007973197170940693
1060.0 0.0007027997526165564
1061.0 0.0009574669093126431
1062.0 0.0012121340660087299
1063.0 0.0012112850527046248
1064.0 0.0012104359484510496
1065.0 0.001412558322044788
1066.0 0.0016146806956385262
1067.0 0.0016469613910885528
1068.0 0.0016792420865385793
1069.0 0.0019745875761145726
1070.0 0.002269933065690566
1071.0 0.0024868440959835425
1072.0 0.002703755126276519
1073.0 0.002413615948171355
1074.0 0.0021234767700661905
1075.0 0.002751682768575847
1076.0 0.0033798885851865634
1077.0 0.002704104917938821
1078.0 0.002028320886893198
1079.0 0.003460204607108608
1080.0 0.004892087235930376
1081.0 0.004794978667632677
1082.0 0.00469787119072862
1083.0 0.004029399860883132
1084.0 0.003360928167239763
1085.0 0.003878751158481464
1086.0 0.004396573785925284
1087.0 0.004439116673893295
1088.0 0.004481659925659187
1089.0 0.005731882265536115
1090.0 0.006982104241615161
1091.0 0.004472091677598655
1092.0 0.0019620783859863877
1093.0 0.003288648440502584
1094.0 0.004615217039827257
1095.0 0.003920279050362296
1096.0 0.003225340333301574
1097.0 0.002742852120718453
1098.0 0.002260364271933213
1099.0 0.0029025522962911054
1100.0 0.0035447406844468787
