lsstCam/transmission_filter_detector/r21_s21/u_24/19700101T000000.ecsv
# %ECSV 1.0
# ---
# datatype:
# - {name: wavelength, unit: nm, datatype: float32}
# - {name: efficiency, unit: '%', datatype: float64}
# meta: !!omap
# - {MODE: DETECTOR}
# - {TYPE: transmission_filter_detector}
# - {CALIBDATE: '1970-01-01T00:00:00'}
# - {INSTRUME: LSSTCam}
# - {OBSTYPE: transmission_filter_detector}
# - {CALIBCLS: lsst.ip.isr.IntermediateFilterDetectorTransmissionCurve}
# - {SOURCE: Materion (DM-46256)}
# - {DETECTOR: 88}
# - {FILTER: u_24}
# - {CALIB_ID: 'calibDate=1970-01-01T00:00:00 filter=u_24 detector=88'}
# - {DATE: '2025-04-02T15:59:40.156571'}
# - {CALIB_CREATION_DATE: '2025-04-02'}
# - {CALIB_CREATION_TIME: '15:59:40'}
# - __serialized_columns__:
#     efficiency:
#       __class__: astropy.units.quantity.Quantity
#       unit: !astropy.units.Unit {unit: '%'}
#       value: !astropy.table.SerializedColumn {name: efficiency}
#     wavelength:
#       __class__: astropy.units.quantity.Quantity
#       unit: !astropy.units.Unit {unit: nm}
#       value: !astropy.table.SerializedColumn {name: wavelength}
# schema: astropy-2.0
wavelength efficiency
295.0 1.5789806528249128e-10
296.0 1.5789806528249128e-10
297.0 1.5789806528249128e-10
298.0 1.5789806528249128e-10
299.0 1.5789806528249128e-10
300.0 1.5789806528249128e-10
301.0 1.5789806528249128e-10
302.0 1.5789806528249128e-10
303.0 1.5789806528249128e-10
304.0 0.12805367587134242
305.0 0.7154590915888548
306.0 1.4252377673983574
307.0 2.512415684759617
308.0 4.508174583315849
309.0 7.453307509422302
310.0 10.550529509782791
311.0 14.22097235918045
312.0 18.00210177898407
313.0 21.137653291225433
314.0 24.365374445915222
315.0 26.705238223075867
316.0 28.78667712211609
317.0 31.143328547477722
318.0 33.72400999069214
319.0 37.00688183307648
320.0 41.98020398616791
321.0 47.040995955467224
322.0 53.03465127944946
323.0 58.56824517250061
324.0 63.456714153289795
325.0 66.91653728485107
326.0 69.448983669281
327.0 71.45620584487915
328.0 73.4049916267395
329.0 74.79538917541504
330.0 76.21883749961853
331.0 77.12879180908203
332.0 77.62841582298279
333.0 77.76889204978943
334.0 77.66830921173096
335.0 77.75525450706482
336.0 77.79473662376404
337.0 78.2660722732544
338.0 79.13625836372375
339.0 79.76230382919312
340.0 80.21609783172607
341.0 80.76661825180054
342.0 81.12377524375916
343.0 80.92975616455078
344.0 81.14848732948303
345.0 81.48524165153503
346.0 81.76705837249756
347.0 82.09605813026428
348.0 82.35447406768799
349.0 82.58235454559326
350.0 82.65770077705383
351.0 82.79120326042175
352.0 82.69236087799072
353.0 82.58991837501526
354.0 82.58059024810791
355.0 82.78284668922424
356.0 82.90886878967285
357.0 82.86018371582031
358.0 82.64030814170837
359.0 82.38356709480286
360.0 82.28999376296997
361.0 82.14268684387207
362.0 81.96658492088318
363.0 82.13086128234863
364.0 82.21527934074402
365.0 82.39482045173645
366.0 82.54106044769287
367.0 82.58662819862366
368.0 82.46715068817139
369.0 82.4744701385498
370.0 82.1379542350769
371.0 81.89691305160522
372.0 81.86389207839966
373.0 81.92179203033447
374.0 81.94049000740051
375.0 82.26369023323059
376.0 82.33668804168701
377.0 82.36544728279114
378.0 82.41738080978394
379.0 82.21864700317383
380.0 81.5910816192627
381.0 80.37952780723572
382.0 78.73980402946472
383.0 76.74798369407654
384.0 74.69979524612427
385.0 72.40603566169739
386.0 70.01850008964539
387.0 66.87143445014954
388.0 63.68357539176941
389.0 59.94279384613037
390.0 56.06333017349243
391.0 51.92194581031799
392.0 47.50213325023651
393.0 43.617066740989685
394.0 40.29831290245056
395.0 37.105169892311096
396.0 33.84852111339569
397.0 29.658448696136475
398.0 24.73747730255127
399.0 18.460367619991302
400.0 12.28305771946907
401.0 7.198474556207657
402.0 3.4883197396993637
403.0 1.3013487681746483
404.0 0.39918278343975544
405.0 0.1697479048743844
406.0 0.060457823565229774
407.0 0.032929101143963635
408.0 0.01446698879590258
409.0 1.5789806528249128e-10
410.0 1.5789806528249128e-10
411.0 1.5789806528249128e-10
412.0 1.5789806528249128e-10
413.0 1.5789806528249128e-10
414.0 1.5789806528249128e-10
415.0 1.5789806528249128e-10
416.0 1.5789806528249128e-10
417.0 1.5789806528249128e-10
418.0 1.5789806528249128e-10
419.0 1.5789806528249128e-10
420.0 1.5789806528249128e-10
421.0 1.5789806528249128e-10
422.0 1.5789806528249128e-10
423.0 1.5789806528249128e-10
424.0 1.5789806528249128e-10
425.0 1.5789806528249128e-10
426.0 1.5789806528249128e-10
427.0 1.5789806528249128e-10
428.0 1.5789806528249128e-10
429.0 1.5789806528249128e-10
430.0 1.5789806528249128e-10
431.0 1.5789806528249128e-10
432.0 1.5789806528249128e-10
433.0 1.5789806528249128e-10
434.0 1.5789806528249128e-10
435.0 0.0006305417628027499
436.0 0.0015470130165340379
437.0 0.001093476930691395
438.0 0.0006399407538992818
439.0 0.0013531887816498056
440.0 0.0020664374460466206
441.0 0.00011558836376934778
442.0 1.5789806528249128e-10
443.0 1.5789806528249128e-10
444.0 1.5789806528249128e-10
445.0 1.5789806528249128e-10
446.0 1.5789806528249128e-10
447.0 1.5789806528249128e-10
448.0 1.5789806528249128e-10
449.0 1.5789806528249128e-10
450.0 1.5789806528249128e-10
451.0 1.5789806528249128e-10
452.0 1.5789806528249128e-10
453.0 7.411438787130464e-05
454.0 0.0006902503173478181
455.0 8.010396754798421e-05
456.0 1.5789806528249128e-10
457.0 1.5789806528249128e-10
458.0 1.5789806528249128e-10
459.0 1.5789806528249128e-10
460.0 1.5789806528249128e-10
461.0 1.5789806528249128e-10
462.0 1.5789806528249128e-10
463.0 0.00015714244909759145
464.0 0.0009934358786267694
465.0 0.0007480727163056144
466.0 0.0005027095994591946
467.0 0.0003500031198200304
468.0 0.00019729675386770396
469.0 0.00025688095774967223
470.0 0.0003164651161569054
471.0 5.646109002555022e-05
472.0 1.5789806528249128e-10
473.0 1.5789806528249128e-10
474.0 1.5789806528249128e-10
475.0 1.5789806528249128e-10
476.0 1.5789806528249128e-10
477.0 1.5789806528249128e-10
478.0 1.5789806528249128e-10
479.0 1.5789806528249128e-10
480.0 1.5789806528249128e-10
481.0 1.5789806528249128e-10
482.0 1.5789806528249128e-10
483.0 1.5789806528249128e-10
484.0 1.5789806528249128e-10
485.0 1.5789806528249128e-10
486.0 1.5789806528249128e-10
487.0 1.5789806528249128e-10
488.0 0.0004414288923726417
489.0 1.5789806528249128e-10
490.0 1.5789806528249128e-10
491.0 1.5789806528249128e-10
492.0 1.5789806528249128e-10
493.0 1.5789806528249128e-10
494.0 1.5789806528249128e-10
495.0 1.5789806528249128e-10
496.0 6.877622240608616e-05
497.0 1.5789806528249128e-10
498.0 1.5789806528249128e-10
499.0 1.5789806528249128e-10
500.0 1.5789806528249128e-10
501.0 1.5789806528249128e-10
502.0 1.5789806528249128e-10
503.0 1.5789806528249128e-10
504.0 1.5789806528249128e-10
505.0 1.5789806528249128e-10
506.0 1.5789806528249128e-10
507.0 1.5789806528249128e-10
508.0 1.5789806528249128e-10
509.0 1.5789806528249128e-10
510.0 1.5789806528249128e-10
511.0 0.00033442845506215235
512.0 0.0008862079994287342
513.0 0.0004304760295781307
514.0 1.5789806528249128e-10
515.0 1.5789806528249128e-10
516.0 1.5789806528249128e-10
517.0 1.5789806528249128e-10
518.0 1.5789806528249128e-10
519.0 1.5789806528249128e-10
520.0 1.5789806528249128e-10
521.0 1.5789806528249128e-10
522.0 1.5789806528249128e-10
523.0 1.5789806528249128e-10
524.0 1.5789806528249128e-10
525.0 1.5789806528249128e-10
526.0 6.489272550425085e-05
527.0 3.592528798890271e-05
528.0 6.957866105494759e-06
529.0 1.5789806528249128e-10
530.0 1.5789806528249128e-10
531.0 1.5789806528249128e-10
532.0 1.5789806528249128e-10
533.0 1.5789806528249128e-10
534.0 0.000193870005205099
535.0 1.5789806528249128e-10
536.0 1.5789806528249128e-10
537.0 1.5789806528249128e-10
538.0 1.5789806528249128e-10
539.0 1.5789806528249128e-10
540.0 1.5789806528249128e-10
541.0 1.5789806528249128e-10
542.0 1.5789806528249128e-10
543.0 1.5789806528249128e-10
544.0 1.5789806528249128e-10
545.0 1.5789806528249128e-10
546.0 1.5789806528249128e-10
547.0 1.5789806528249128e-10
548.0 1.5789806528249128e-10
549.0 4.62739819795388e-05
550.0 0.0001989752263398259
551.0 0.0002441628794258577
552.0 0.0002893507144108298
553.0 1.5789806528249128e-10
554.0 1.5789806528249128e-10
555.0 1.5789806528249128e-10
556.0 1.5789806528249128e-10
557.0 1.5789806528249128e-10
558.0 1.5789806528249128e-10
559.0 1.5789806528249128e-10
560.0 0.00021237030978227267
561.0 7.308162253139017e-05
562.0 1.5789806528249128e-10
563.0 1.5789806528249128e-10
564.0 1.5789806528249128e-10
565.0 1.5789806528249128e-10
566.0 1.5789806528249128e-10
567.0 1.5789806528249128e-10
568.0 1.5789806528249128e-10
569.0 0.00013830456282448722
570.0 0.00028457811822590884
571.0 0.00032759962778072804
572.0 0.00037062118281028233
573.0 0.0004024444479000522
574.0 0.0004342677584645571
575.0 0.0003697803322211257
576.0 0.00030529301966453204
577.0 0.0003793262976614642
578.0 0.000453359643870499
579.0 0.0005368366601032903
580.0 0.0006203136763360817
581.0 0.0009371151463710703
582.0 0.0012539168892544694
583.0 0.0015267718481482007
584.0 0.0017996266251429915
585.0 0.001461246301914798
586.0 0.0011228658877371345
587.0 0.0011578865269257221
588.0 0.0011929069842153694
589.0 0.0011196850209671538
590.0 0.001046462966769468
591.0 0.0007457754691131413
592.0 0.00044508797145681456
593.0 0.0005868871539860265
594.0 0.0007286862455657683
595.0 0.0007637987437192351
596.0 0.0007989111509232316
597.0 0.0008268893907370511
598.0 0.0008548675396014005
599.0 0.0009696515917312354
600.0 0.00108443546196213
601.0 0.0013280378880153876
602.0 0.001571640677866526
603.0 0.0016646748917992227
604.0 0.0017577094695298001
605.0 0.0018031294530373998
606.0 0.0018485496184439398
607.0 0.0014364259186550044
608.0 0.0010243022188660689
609.0 0.0007657802598259877
610.0 0.0005072582553111715
611.0 0.0003796178361881175
612.0 0.0002519774625397986
613.0 0.00042427000153111294
614.0 0.0005965625405224273
615.0 0.0006980173566262238
616.0 0.000799472036305815
617.0 0.0007236409146571532
618.0 0.0006478098839579616
619.0 0.0004620206254912773
620.0 0.0002762313897619606
621.0 0.00048043089009297546
622.0 0.0006846302312624175
623.0 0.0006086882422096096
624.0 0.0005327462076820666
625.0 0.0005058446276962059
626.0 0.0004789430931850802
627.0 0.0006939680588402553
628.0 0.0009089931154449005
629.0 0.0007389699476334499
630.0 0.0005689468707714695
631.0 0.0010544709766691085
632.0 0.0015399951735162176
633.0 0.001757454992912244
634.0 0.0019749148123082705
635.0 0.0023408572815242223
636.0 0.002706799750740174
637.0 0.002506109194655437
638.0 0.0023054184566717595
639.0 0.0023608166884514503
640.0 0.0024162151021300815
641.0 0.002031901567534078
642.0 0.001647588396735955
643.0 0.0011630982953647617
644.0 0.0006786082394683035
645.0 0.00029395614546956494
646.0 1.5789806528249128e-10
647.0 0.00022050110146665247
648.0 0.000531698378836154
649.0 0.0002384129402344115
650.0 1.5789806528249128e-10
651.0 0.00015840863625271595
652.0 0.000371689816347498
653.0 0.000730525152903283
654.0 0.0010893606486206409
655.0 0.0012410220733727328
656.0 0.0013926834981248248
657.0 0.0019746639736695215
658.0 0.002556644903961569
659.0 0.0029620370696648024
660.0 0.0033674292353680357
661.0 0.0033782635000534356
662.0 0.003389097037143074
663.0 0.003178601400577463
664.0 0.0029681052183150314
665.0 0.0026274152332916856
666.0 0.0022867250663693994
667.0 0.0017852245946414769
668.0 0.001283723941014614
669.0 0.0010846569239220116
670.0 0.0008855899068294093
671.0 0.0006504283646791009
672.0 0.0004152666861045873
673.0 0.0004590788194036577
674.0 0.000502890907227993
675.0 0.000641238193566096
676.0 0.000779585479904199
677.0 0.0008488173079967964
678.0 0.0009180491360893939
679.0 0.0013994098480907269
680.0 0.00188077065104153
681.0 0.0027695528842741624
682.0 0.0036583354813046753
683.0 0.00497875407745596
684.0 0.006299171946011484
685.0 0.0070504320319741964
686.0 0.007801692845532671
687.0 0.007531496521551162
688.0 0.007261300925165415
689.0 0.0066110493207816035
690.0 0.005960798080195673
691.0 0.005026883081882261
692.0 0.004092968083568849
693.0 0.0033306365367025137
694.0 0.0025683048079372384
695.0 0.0020849460270255804
696.0 0.0016015874280128628
697.0 0.0011957394235651009
698.0 0.000789891419117339
699.0 0.000720168372936314
700.0 0.0006504451448563486
701.0 0.0005496177436725702
702.0 0.0004487902970140567
703.0 0.00047668872866779566
704.0 0.0005045872512710048
705.0 0.000583668906983803
706.0 0.0006627505626966013
707.0 0.0008079288818407804
708.0 0.000953106973611284
709.0 0.0009081888492801227
710.0 0.0008632708158984315
711.0 0.000688251657265937
712.0 0.0005132325441081775
713.0 0.0005368809070205316
714.0 0.0005605294063570909
715.0 0.0005925601726630703
716.0 0.0006245909844437847
717.0 0.0006641590061917668
718.0 0.0007037269824650139
719.0 0.0006524078344227746
720.0 0.0006010885954310652
721.0 0.00046720224418095313
722.0 0.00033331582471873844
723.0 0.00045908345782663673
724.0 0.0005848509772476973
725.0 0.0002697202035051305
726.0 1.5789806528249128e-10
727.0 1.5789806528249128e-10
728.0 1.5789806528249128e-10
729.0 1.5789806528249128e-10
730.0 0.0002114517656082171
731.0 0.00022107360564405099
732.0 0.0002306955138919875
733.0 8.022906285987119e-05
734.0 1.5789806528249128e-10
735.0 0.00031196123018162325
736.0 0.0006941596893739188
737.0 0.00040399299905402586
738.0 0.00011382620641597896
739.0 0.00037299673749657813
740.0 0.0006321673026832286
741.0 0.000866885602590628
742.0 0.0011016038115485571
743.0 0.0014656216080766171
744.0 0.0018296394046046771
745.0 0.0022429756427300163
746.0 0.0026563120627542958
747.0 0.0028900789402541704
748.0 0.0031238454539561644
749.0 0.003040188857994508
750.0 0.002956532443931792
751.0 0.0031977786420611665
752.0 0.0034390250220894814
753.0 0.003061216921196319
754.0 0.0026834090022020973
755.0 0.0026614065063768066
756.0 0.0026394038286525756
757.0 0.0023135769879445434
758.0 0.0019877499653375708
759.0 0.001698236883385107
760.0 0.001408723710483173
761.0 0.0010929396012215875
762.0 0.0007771554919600021
763.0 0.0005303917077981168
764.0 0.0002836279463735991
765.0 0.00029258908398333006
766.0 0.0003015501761183259
767.0 0.00047661619646532927
768.0 0.0006516821940749651
769.0 0.0006025341917847982
770.0 0.0005533864168683067
771.0 0.00053624139582098
772.0 0.0005190963747736532
773.0 0.0005943097676208708
774.0 0.0006695231604680885
775.0 0.0006389696409314638
776.0 0.0006084162578190444
777.0 0.0005278492608340457
778.0 0.0004472823093237821
779.0 0.0005639892606268404
780.0 0.0006806960755056934
781.0 0.00077159875218058
782.0 0.0008625013833807316
783.0 0.0008881345820554998
784.0 0.0009137678716797382
785.0 0.0010819436283782125
786.0 0.001250119566975627
787.0 0.001049697857524734
788.0 0.0008492760571243707
789.0 0.0008211223757825792
790.0 0.0007929685125418473
791.0 0.000836323215480661
792.0 0.0008796778274700046
793.0 0.0005657353995047743
794.0 0.0002517929033274413
795.0 0.00019974054339400027
796.0 0.00014768817209187546
797.0 0.00030026644708414096
798.0 0.00045284464249562006
799.0 0.00028797605864383513
800.0 0.00012310746342336643
801.0 1.5789806528249128e-10
802.0 1.5789806528249128e-10
803.0 1.5789806528249128e-10
804.0 1.5789806528249128e-10
805.0 1.5789806528249128e-10
806.0 1.5789806528249128e-10
807.0 1.5789806528249128e-10
808.0 2.733399995236141e-06
809.0 0.00021871846911381
810.0 0.00043470349737617653
811.0 0.00014021421748111607
812.0 1.5789806528249128e-10
813.0 0.00010865761623790604
814.0 0.00037159027215238893
815.0 0.0005000662440579617
816.0 0.0006285421477514319
817.0 0.0005571205292653758
818.0 0.0004856988653045846
819.0 0.00043668405851349235
820.0 0.0003876692517224001
821.0 7.804185884197068e-05
822.0 1.5789806528249128e-10
823.0 1.5789806528249128e-10
824.0 0.0001754802610776096
825.0 1.5789806528249128e-10
826.0 1.5789806528249128e-10
827.0 1.5789806528249128e-10
828.0 1.3361086814711598e-05
829.0 1.5789806528249128e-10
830.0 1.5789806528249128e-10
831.0 1.5789806528249128e-10
832.0 1.5789806528249128e-10
833.0 1.5789806528249128e-10
834.0 1.5789806528249128e-10
835.0 1.5789806528249128e-10
836.0 6.204474516380287e-05
837.0 1.5789806528249128e-10
838.0 1.5789806528249128e-10
839.0 1.5789806528249128e-10
840.0 0.0001500347934779711
841.0 0.00013057971273156
842.0 0.00011112464335383265
843.0 1.5388657459425303e-05
844.0 1.5789806528249128e-10
845.0 2.6837724931283446e-05
846.0 0.0001340229005108995
847.0 1.5634084604698728e-05
848.0 1.5789806528249128e-10
849.0 9.263056455210972e-06
850.0 0.00012128083426432568
851.0 0.00020974637209292268
852.0 0.00029821196676493855
853.0 0.00017819188542489428
854.0 5.817179271616624e-05
855.0 9.191996497293076e-06
856.0 1.5789806528249128e-10
857.0 0.000161588434366422
858.0 0.00036296460166340694
859.0 0.000729212388250744
860.0 0.0010954599929391406
861.0 0.0010633848432917148
862.0 0.0010313098755432293
863.0 0.0009360285730508622
864.0 0.0008407472705584951
865.0 0.0011165803698531818
866.0 0.001392413287248928
867.0 0.0015961692042765208
868.0 0.0017999253032030538
869.0 0.0018242484657093883
870.0 0.0018485716282157227
871.0 0.0016795600458863191
872.0 0.0015105484635569155
873.0 0.001868955951067619
874.0 0.002227363256679382
