lsstCam/transmission_filter_detector/r33_s11/g_6/19700101T000000.ecsv
# %ECSV 1.0
# ---
# datatype:
# - {name: wavelength, unit: nm, datatype: float32}
# - {name: efficiency, unit: '%', datatype: float64}
# meta: !!omap
# - {MODE: DETECTOR}
# - {TYPE: transmission_filter_detector}
# - {CALIBDATE: '1970-01-01T00:00:00'}
# - {INSTRUME: LSSTCam}
# - {OBSTYPE: transmission_filter_detector}
# - {CALIBCLS: lsst.ip.isr.IntermediateFilterDetectorTransmissionCurve}
# - {SOURCE: Materion (DM-46256)}
# - {DETECTOR: 148}
# - {FILTER: g_6}
# - {CALIB_ID: 'calibDate=1970-01-01T00:00:00 filter=g_6 detector=148'}
# - {DATE: '2025-04-02T15:59:42.712244'}
# - {CALIB_CREATION_DATE: '2025-04-02'}
# - {CALIB_CREATION_TIME: '15:59:42'}
# - __serialized_columns__:
#     efficiency:
#       __class__: astropy.units.quantity.Quantity
#       unit: !astropy.units.Unit {unit: '%'}
#       value: !astropy.table.SerializedColumn {name: efficiency}
#     wavelength:
#       __class__: astropy.units.quantity.Quantity
#       unit: !astropy.units.Unit {unit: nm}
#       value: !astropy.table.SerializedColumn {name: wavelength}
# schema: astropy-2.0
wavelength efficiency
[from data line 607]
907.0 0.00035613866202766076
908.0 0.00040017316678131465
909.0 0.00044420762606023345
910.0 0.00044104017433710396
911.0 0.0004378727226139745
912.0 0.0004874628302786732
913.0 0.000537052983418107
914.0 0.0004866029030381469
915.0 0.00043615286813292187
916.0 0.0003332752385176718
917.0 0.00023039763163978932
918.0 0.00026489556148590054
919.0 0.0002993935140693793
920.0 0.000380833876079123
921.0 0.0004622742835636018
922.0 0.0003959389232477406
923.0 0.0003296035629318794
924.0 0.0004040169187646825
925.0 0.00047843022912275046
926.0 0.0004115639967494644
927.0 0.00034469774163881084
928.0 0.00045606293497257866
929.0 0.0005674281055689789
930.0 0.0005407473508967087
931.0 0.0005140667326486437
932.0 0.0005461428372655064
933.0 0.0005782190328318393
934.0 0.0006313950052572181
935.0 0.000684570977682597
936.0 0.0005909814717597328
937.0 0.0004973920567863388
938.0 0.0004816626642423216
939.0 0.0004659334081225097
940.0 0.0005231785962678259
941.0 0.000580423738938407
942.0 0.0006326131369860377
943.0 0.0006848024895589333
944.0 0.0006412904440367129
945.0 0.0005977783530397573
946.0 0.000766025095799705
947.0 0.0009342719749838579
948.0 0.0008695255928614642
949.0 0.0008047791197896004
950.0 0.0006618998213525629
951.0 0.0005190204319660552
952.0 0.000787415228842292
953.0 0.001055810116667999
954.0 0.0009830054295889568
955.0 0.000910200469661504
956.0 0.0007420765996357659
957.0 0.0005739527296100277
958.0 0.0006327434675768018
959.0 0.0006915341145941056
960.0 0.0007691903192608152
961.0 0.0008468465239275247
962.0 0.0007508452654292341
963.0 0.0006548439159814734
964.0 0.0006149436103441985
965.0 0.0005750431682827184
966.0 0.0006581489742529811
967.0 0.000741254825697979
968.0 0.0006712797130603576
969.0 0.0006013046458974713
970.0 0.0005680466529156547
971.0 0.0005347887054085732
972.0 0.0005966513526800554
973.0 0.0006585139544768026
974.0 0.0006851435955468332
975.0 0.0007117732366168639
976.0 0.0007762254426779691
977.0 0.0008406776942138094
978.0 0.0008172154593921732
979.0 0.0007937531336210668
980.0 0.0008105694178084377
981.0 0.0008273857929452788
982.0 0.0008942574822867755
983.0 0.0009611291716282722
984.0 0.0011269949027337134
985.0 0.0012928604519402143
986.0 0.0012509142834460363
987.0 0.0012089681149518583
988.0 0.0011954876754316501
989.0 0.001182007235911442
990.0 0.0012554357454064302
991.0 0.0013288644368003588
992.0 0.0013478547771228477
993.0 0.0013668452083948068
994.0 0.0013566273082687985
995.0 0.0013464094990922604
996.0 0.0012755309398926329
997.0 0.001204652198794065
998.0 0.0011072094821429346
999.0 0.0010097670383402146
1000.0 0.0011383105629647616
1001.0 0.0012668539056903683
1002.0 0.001280401284020627
1003.0 0.0012939487533003557
1004.0 0.0013062754078418948
1005.0 0.0013186019714339636
1006.0 0.0014074629689275753
1007.0 0.0014963237845222466
1008.0 0.0014785703569941688
1009.0 0.001460816838516621
1010.0 0.0015134851309994701
1011.0 0.0015661536963307299
1012.0 0.0016167030480573885
1013.0 0.0016672522178851068
1014.0 0.001946962220245041
1015.0 0.0022266720407060347
1016.0 0.0023999888071557507
1017.0 0.0025733055736054666
1018.0 0.0027709527785191312
1019.0 0.002968600165331736
1020.0 0.0031060848414199427
1021.0 0.00324356988130603
1022.0 0.0034720513212960213
1023.0 0.0037005334888817742
1024.0 0.003798051693593152
1025.0 0.0038955698983045295
1026.0 0.0042629606468835846
1027.0 0.00463035175926052
1028.0 0.0047368619561893865
1029.0 0.004843372880714014
1030.0 0.004925926623400301
1031.0 0.005008480729884468
1032.0 0.005132683145347983
1033.0 0.005256885560811497
1034.0 0.005321115168044344
1035.0 0.005385344411479309
1036.0 0.0055642616644036025
1037.0 0.005743178553530015
1038.0 0.0058456593251321465
1039.0 0.005948140096734278
1040.0 0.006064150147722103
1041.0 0.006180159834912047
1042.0 0.006295950151979923
1043.0 0.0064117404690478
1044.0 0.0067702501837629825
1045.0 0.007128760626073927
1046.0 0.00797869433881715
1047.0 0.00882862659636885
1048.0 0.00976388982962817
1049.0 0.010699153790483251
1050.0 0.012694062024820596
1051.0 0.01468896953156218
1052.0 0.01769586669979617
1053.0 0.020702765323221684
1054.0 0.02508638717699796
1055.0 0.029470009030774236
1056.0 0.03539783938322216
1057.0 0.04132565809413791
1058.0 0.04872602003160864
1059.0 0.05612637032754719
1060.0 0.06456388509832323
1061.0 0.07300139986909926
1062.0 0.08098878897726536
1063.0 0.08897618390619755
1064.0 0.0964935461524874
1065.0 0.10401089675724506
1066.0 0.11058504460379481
1067.0 0.11715919245034456
1068.0 0.12480892473831773
1069.0 0.1324586570262909
1070.0 0.1421454595401883
1071.0 0.15183225041255355
1072.0 0.161999324336648
1073.0 0.17216639826074243
1074.0 0.18310255836695433
1075.0 0.1940387417562306
1076.0 0.20523383282124996
1077.0 0.21642898209393024
1078.0 0.22700452245771885
1079.0 0.23758001625537872
1080.0 0.252506067045033
1081.0 0.26743209455162287
1082.0 0.2879085950553417
1083.0 0.3083850955590606
1084.0 0.34590743016451597
1085.0 0.38342971820384264
1086.0 0.4239695146679878
1087.0 0.46450928784906864
1088.0 0.5116944666951895
1089.0 0.5588796455413103
1090.0 0.636066822335124
1091.0 0.7132540922611952
1092.0 0.7812238298356533
1093.0 0.8491938933730125
1094.0 0.8920502848923206
1095.0 0.9349069558084011
1096.0 0.9866323322057724
1097.0 1.0383576154708862
1098.0 1.1242467910051346
1099.0 1.210135966539383
1100.0 1.3470867648720741
1101.0 1.4840374700725079
